state_0,state_1,state_2,state_3,state_4,state_5,state_6,state_7,state_8,state_9,state_10,state_11,state_12,state_13,state_14,state_15,state_16,state_17,state_18,state_19,state_20,state_21,state_22,state_23,state_24,state_25,state_26,state_27,state_28,state_29,state_30,state_31,state_32,state_33,state_34,state_35,state_36,state_37,state_38,state_39,state_40,state_41,state_42,state_43,state_44,state_45,state_46,state_47,state_48,state_49,state_50,state_51,state_52,state_53,state_54,state_55,state_56,state_57,state_58,state_59,state_60,state_61,state_62,state_63,state_64,state_65,state_66,state_67,state_68,state_69,state_70,state_71,state_72,state_73,state_74,state_75,state_76,state_77,state_78,state_79,state_80,state_81,state_82,state_83,state_84,state_85,state_86,state_87,state_88,state_89,state_90,state_91,state_92,state_93,state_94,state_95,state_96,state_97,state_98,state_99,state_100,state_101,state_102,state_103,state_104,state_105,state_106,state_107,state_108,state_109,state_110,state_111,state_112,state_113,state_114,state_115,state_116,state_117,state_118,state_119,state_120,state_121,state_122,state_123,state_124,state_125,state_126,state_127,state_128,state_129,state_130,state_131,state_132,state_133,state_134,state_135,state_136,state_137,state_138,state_139,state_140,state_141,state_142,state_143,state_144,state_145,state_146,state_147,state_148,state_149,state_150,state_151,state_152,state_153,state_154,state_155,state_156,state_157,state_158,state_159,state_160,state_161,state_162,state_163,state_164,state_165,state_166,state_167,state_168,state_169,state_170,state_171,state_172,state_173,state_174,state_175,state_176,state_177,state_178,state_179,state_180,state_181,state_182,state_183,state_184,state_185,state_186,state_187,state_188,state_189,state_190,state_191,state_192,state_193,state_194,state_195,state_196,state_197,state_198,state_199,state_200,state_201,state_202,state_203,state_204,state_205,state_206,state_207,state_208,state_209,state_210,state_211,state_212,state_213,state_214,state_215,state_216,state_217,state_218,state_219,state_220,state_221,state_222,state_223,state_224,state_225,state_226,state_227,state_228,state_229,state_230,state_231,state_232,state_233,state_234,state_235,state_236,state_237,state_238,state_239,state_240,state_241,state_242,state_243,state_244,state_245,state_246,state_247,state_248,state_249,state_250,state_251,state_252,state_253,state_254,state_255,state_256,state_257,state_258,state_259,state_260,state_261,state_262,state_263,state_264,state_265,state_266,state_267,state_268,state_269,state_270,state_271,state_272,state_273,state_274,state_275,state_276,state_277,state_278,state_279,state_280,state_281,state_282,state_283,state_284,state_285,state_286,state_287
{'img': array([[[ 0.        , -0.05528353, -0.01854726, ..., -0.94891773,
         -0.92005636, -0.97371552],
        [ 0.05528353,  0.        ,  0.03675513, ..., -0.93002329,
         -0.89699   , -0.95963462],
        [ 0.01854726, -0.03675513,  0.        , ..., -0.94290241,
         -0.91263154, -0.96932356],
        ...,
        [ 0.94891773,  0.93002329,  0.94290241, ...,  0.        ,
          0.08147323, -0.0910975 ],
        [ 0.92005636,  0.89699   ,  0.91263154, ..., -0.08147323,
          0.        , -0.17192912],
        [ 0.97371552,  0.95963462,  0.96932356, ...,  0.0910975 ,
          0.17192912,  0.        ]],

       [[ 0.        , -0.0406589 , -0.03375154, ..., -0.39488772,
         -0.09396072, -0.61276155],
        [ 0.0406589 ,  0.        ,  0.00691211, ..., -0.35720666,
         -0.053404  , -0.58012343],
        [ 0.03375154, -0.00691211,  0.        , ..., -0.36365421,
         -0.06030497, -0.58573968],
        ...,
        [ 0.39488772,  0.35720666,  0.36365421, ...,  0.        ,
          0.30681623, -0.25089497],
        [ 0.09396072,  0.053404  ,  0.06030497, ..., -0.30681623,
          0.        , -0.5357965 ],
        [ 0.61276155,  0.58012343,  0.58573968, ...,  0.25089497,
          0.5357965 ,  0.        ]],

       [[ 0.        , -0.06612308, -0.08636034, ..., -0.99126634,
         -0.99991153, -0.99976837],
        [ 0.06612308,  0.        , -0.02029529, ..., -0.99781692,
         -0.99684364, -0.99615723],
        [ 0.08636034,  0.02029529,  0.        , ..., -0.99895171,
         -0.99502708, -0.99417453],
        ...,
        [ 0.99126634,  0.99781692,  0.99895171, ...,  0.        ,
          0.14504902,  0.15317891],
        [ 0.99991153,  0.99684364,  0.99502708, ..., -0.14504902,
          0.        ,  0.00822174],
        [ 0.99976837,  0.99615723,  0.99417453, ..., -0.15317891,
         -0.00822174,  0.        ]],

       ...,

       [[ 0.        ,  0.04567186,  0.21339396, ...,  0.42035828,
          0.53029344,  0.5415461 ],
        [-0.04567186,  0.        ,  0.16855142, ...,  0.37847889,
          0.49101883,  0.50258599],
        [-0.21339396, -0.16855142,  0.        , ...,  0.21705107,
          0.33716036,  0.34967813],
        ...,
        [-0.42035828, -0.37847889, -0.21705107, ...,  0.        ,
          0.1247804 ,  0.13799327],
        [-0.53029344, -0.49101883, -0.33716036, ..., -0.1247804 ,
          0.        ,  0.01332812],
        [-0.5415461 , -0.50258599, -0.34967813, ..., -0.13799327,
         -0.01332812,  0.        ]],

       [[ 0.        ,  0.07008658,  0.15832899, ..., -0.59107758,
         -0.57437387, -0.52306829],
        [-0.07008658,  0.        ,  0.08873711, ..., -0.5330912 ,
         -0.51558904, -0.46204786],
        [-0.15832899, -0.08873711,  0.        , ..., -0.45591148,
         -0.43752193, -0.38152818],
        ...,
        [ 0.59107758,  0.5330912 ,  0.45591148, ...,  0.        ,
         -0.02055362, -0.0818554 ],
        [ 0.57437387,  0.51558904,  0.43752193, ...,  0.02055362,
          0.        , -0.06135346],
        [ 0.52306829,  0.46204786,  0.38152818, ...,  0.0818554 ,
          0.06135346,  0.        ]],

       [[ 0.        , -0.42290569, -0.5359279 , ..., -0.34997619,
         -0.28594811, -0.        ],
        [ 0.42290569,  0.        , -0.12859982, ..., -0.71329976,
         -0.66436596, -0.42290569],
        [ 0.5359279 ,  0.12859982,  0.        , ..., -0.79750728,
         -0.7549659 , -0.5359279 ],
        ...,
        [ 0.34997619,  0.71329976,  0.79750728, ...,  0.        ,
         -0.06749863, -0.34997619],
        [ 0.28594811,  0.66436596,  0.7549659 , ...,  0.06749863,
          0.        , -0.28594811],
        [ 0.        ,  0.42290569,  0.5359279 , ...,  0.34997619,
          0.28594811,  0.        ]]]), 'num': array([7.07106604e-01, 7.07106604e-01, 0.00000000e+00, 0.00000000e+00,
       1.97834685e-04, 1.99497161e-04, 1.93955573e-04, 4.13790362e-04,
       1.66247634e-06, 1.97502189e-04, 2.03237733e-04, 2.21608096e-04,
       4.63177488e-07, 2.20701649e-04, 1.85773816e-04])}
{'img': array([[[ 0.        ,  0.03675513,  0.05528353, ..., -0.89699   ,
         -0.95963462, -0.93002329],
        [-0.03675513,  0.        ,  0.01854726, ..., -0.91263154,
         -0.96932356, -0.94290241],
        [-0.05528353, -0.01854726,  0.        , ..., -0.92005636,
         -0.97371552, -0.94891773],
        ...,
        [ 0.89699   ,  0.91263154,  0.92005636, ...,  0.        ,
         -0.17192912, -0.08147323],
        [ 0.95963462,  0.96932356,  0.97371552, ...,  0.17192912,
          0.        ,  0.0910975 ],
        [ 0.93002329,  0.94290241,  0.94891773, ...,  0.08147323,
         -0.0910975 ,  0.        ]],

       [[ 0.        ,  0.00691211,  0.33048461, ..., -0.053404  ,
         -0.58012343, -0.07434518],
        [-0.00691211,  0.        ,  0.32395299, ..., -0.06030497,
         -0.58573968, -0.08123638],
        [-0.33048461, -0.32395299,  0.        , ..., -0.38041631,
         -0.81671626, -0.39973785],
        ...,
        [ 0.053404  ,  0.06030497,  0.38041631, ...,  0.        ,
         -0.5357965 , -0.02098288],
        [ 0.58012343,  0.58573968,  0.81671626, ...,  0.5357965 ,
          0.        ,  0.5179617 ],
        [ 0.07434518,  0.08123638,  0.39973785, ...,  0.02098288,
         -0.5179617 ,  0.        ]],

       [[ 0.        , -0.02029529, -0.04042287, ..., -0.99684364,
         -0.99615723, -0.99377713],
        [ 0.02029529,  0.        , -0.02013583, ..., -0.99502708,
         -0.99417453, -0.99131182],
        [ 0.04042287,  0.02013583,  0.        , ..., -0.99281972,
         -0.99180268, -0.98846231],
        ...,
        [ 0.99684364,  0.99502708,  0.99281972, ...,  0.        ,
          0.00822174,  0.03213936],
        [ 0.99615723,  0.99417453,  0.99180268, ..., -0.00822174,
          0.        ,  0.02392078],
        [ 0.99377713,  0.99131182,  0.98846231, ..., -0.03213936,
         -0.02392078,  0.        ]],

       ...,

       [[ 0.        ,  0.16855142, -0.38477357, ...,  0.49101883,
          0.50258599,  0.71308785],
        [-0.16855142,  0.        , -0.53484338, ...,  0.33716036,
          0.34967813,  0.58471847],
        [ 0.38477357,  0.53484338,  0.        , ...,  0.78841087,
          0.79653962,  0.92794294],
        ...,
        [-0.49101883, -0.33716036, -0.78841087, ...,  0.        ,
          0.01332812,  0.27696487],
        [-0.50258599, -0.34967813, -0.79653962, ..., -0.01332812,
          0.        ,  0.26413354],
        [-0.71308785, -0.58471847, -0.92794294, ..., -0.27696487,
         -0.26413354,  0.        ]],

       [[ 0.        ,  0.08731997,  0.23281797, ..., -0.64566189,
         -0.61707718, -0.23281797],
        [-0.08731997,  0.        ,  0.14700823, ..., -0.5765161 ,
         -0.54600782, -0.14700823],
        [-0.23281797, -0.14700823,  0.        , ..., -0.45013407,
         -0.41691503, -0.        ],
        ...,
        [ 0.64566189,  0.5765161 ,  0.45013407, ...,  0.        ,
         -0.03685846, -0.45013407],
        [ 0.61707718,  0.54600782,  0.41691503, ...,  0.03685846,
          0.        , -0.41691503],
        [ 0.23281797,  0.14700823,  0.        , ...,  0.45013407,
          0.41691503,  0.        ]],

       [[ 0.        , -0.35439238, -0.4770455 , ..., -0.29801718,
         -0.05769626, -0.        ],
        [ 0.35439238,  0.        , -0.13461585, ..., -0.61696389,
         -0.40775362, -0.35439238],
        [ 0.4770455 ,  0.13461585,  0.        , ..., -0.71728972,
         -0.52695884, -0.4770455 ],
        ...,
        [ 0.29801718,  0.61696389,  0.71728972, ...,  0.        ,
         -0.24244617, -0.29801718],
        [ 0.05769626,  0.40775362,  0.52695884, ...,  0.24244617,
          0.        , -0.05769626],
        [ 0.        ,  0.35439238,  0.4770455 , ...,  0.29801718,
          0.05769626,  0.        ]]]), 'num': array([ 9.03433889e-01,  4.28726391e-01,  2.62995844e-05, -1.04467112e-10,
        2.54126069e-04,  2.57645821e-04,  2.51310268e-04,  5.94288948e-04,
        2.81580132e-06,  2.51873428e-04,  2.57082661e-04,  2.80840985e-04,
        5.88376396e-07,  2.77758199e-04,  2.36407123e-04])}
{'img': array([[[ 0.        ,  0.01854726, -0.21415831, ..., -0.96932356,
         -0.94290241, -0.90187063],
        [-0.01854726,  0.        , -0.23223841, ..., -0.97371552,
         -0.94891773, -0.90972802],
        [ 0.21415831,  0.23223841,  0.        , ..., -0.89419667,
         -0.84969657, -0.78842858],
        ...,
        [ 0.96932356,  0.97371552,  0.89419667, ...,  0.        ,
          0.0910975 ,  0.19708467],
        [ 0.94290241,  0.94891773,  0.84969657, ..., -0.0910975 ,
          0.        ,  0.10695442],
        [ 0.90187063,  0.90972802,  0.78842858, ..., -0.19708467,
         -0.10695442,  0.        ]],

       [[ 0.        ,  0.32395299,  0.62450702, ..., -0.58573968,
         -0.08123638,  0.01262639],
        [-0.32395299,  0.        ,  0.33781584, ..., -0.81671626,
         -0.39973785, -0.31198168],
        [-0.62450702, -0.33781584,  0.        , ..., -0.9636364 ,
         -0.68589011, -0.61459578],
        ...,
        [ 0.58573968,  0.81671626,  0.9636364 , ...,  0.        ,
          0.5179617 ,  0.59592667],
        [ 0.08123638,  0.39973785,  0.68589011, ..., -0.5179617 ,
          0.        ,  0.09381457],
        [-0.01262639,  0.31198168,  0.61459578, ..., -0.59592667,
         -0.09381457,  0.        ]],

       [[ 0.        , -0.02013583, -0.09135718, ..., -0.99417453,
         -0.99131182, -0.98310575],
        [ 0.02013583,  0.        , -0.07128703, ..., -0.99180268,
         -0.98846231, -0.9792208 ],
        [ 0.09135718,  0.07128703,  0.        , ..., -0.9801704 ,
         -0.97514987, -0.96227271],
        ...,
        [ 0.99417453,  0.99180268,  0.9801704 , ...,  0.        ,
          0.02392078,  0.07601086],
        [ 0.99131182,  0.98846231,  0.97514987, ..., -0.02392078,
          0.        ,  0.05213754],
        [ 0.98310575,  0.9792208 ,  0.96227271, ..., -0.07601086,
         -0.05213754,  0.        ]],

       ...,

       [[ 0.        , -0.53484338, -0.76355692, ...,  0.34967813,
          0.58471847,  0.58471847],
        [ 0.53484338,  0.        , -0.29979831, ...,  0.79653962,
          0.92794294,  0.92794294],
        [ 0.76355692,  0.29979831,  0.        , ...,  0.94115483,
          0.99700149,  0.99700149],
        ...,
        [-0.34967813, -0.79653962, -0.94115483, ...,  0.        ,
          0.26413354,  0.26413354],
        [-0.58471847, -0.92794294, -0.99700149, ..., -0.26413354,
          0.        ,  0.        ],
        [-0.58471847, -0.92794294, -0.99700149, ..., -0.26413354,
          0.        ,  0.        ]],

       [[ 0.        ,  0.14374039, -0.08616618, ..., -0.6783953 ,
         -0.53782111, -0.14374039],
        [-0.14374039,  0.        , -0.22847717, ..., -0.56574482,
         -0.41105445, -0.        ],
        [ 0.08616618,  0.22847717,  0.        , ..., -0.73917824,
         -0.60846401, -0.22847717],
        ...,
        [ 0.6783953 ,  0.56574482,  0.73917824, ...,  0.        ,
         -0.17679165, -0.56574482],
        [ 0.53782111,  0.41105445,  0.60846401, ...,  0.17679165,
          0.        , -0.41105445],
        [ 0.14374039,  0.        ,  0.22847717, ...,  0.56574482,
          0.41105445,  0.        ]],

       [[ 0.        , -0.19404876, -0.42180666, ..., -0.25725448,
         -0.20042315, -0.37175613],
        [ 0.19404876,  0.        , -0.23784766, ..., -0.43988235,
         -0.38672488, -0.54483111],
        [ 0.42180666,  0.23784766,  0.        , ..., -0.64085919,
         -0.59496878, -0.72864196],
        ...,
        [ 0.25725448,  0.43988235,  0.64085919, ...,  0.        ,
         -0.05835699,  0.12042703],
        [ 0.20042315,  0.38672488,  0.59496878, ...,  0.05835699,
          0.        ,  0.17815407],
        [ 0.37175613,  0.54483111,  0.72864196, ..., -0.12042703,
         -0.17815407,  0.        ]]]), 'num': array([8.16193390e-01, 5.77778335e-01, 1.31358157e-05, 6.85270983e-09,
       2.30575489e-04, 2.30575489e-04, 2.26764324e-04, 3.34112141e-04,
       1.27038837e-06, 2.28034712e-04, 2.30861326e-04, 2.52807286e-04,
       4.96245457e-07, 2.46882707e-04, 2.14839946e-04])}
{'img': array([[[ 0.        , -0.23223841, -0.21502662, ..., -0.94891773,
         -0.90972802, -0.88817472],
        [ 0.23223841,  0.        ,  0.01765838, ..., -0.84969657,
         -0.78842858, -0.75717612],
        [ 0.21502662, -0.01765838,  0.        , ..., -0.85887485,
         -0.79916777, -0.7685927 ],
        ...,
        [ 0.94891773,  0.84969657,  0.85887485, ...,  0.        ,
          0.10695442,  0.15579321],
        [ 0.90972802,  0.78842858,  0.79916777, ..., -0.10695442,
          0.        ,  0.04925109],
        [ 0.88817472,  0.75717612,  0.7685927 , ..., -0.15579321,
         -0.04925109,  0.        ]],

       [[ 0.        ,  0.33781584, -0.14576802, ..., -0.39973785,
         -0.31198168, -0.63833519],
        [-0.33781584,  0.        , -0.47140621, ..., -0.68589011,
         -0.61459578, -0.86084551],
        [ 0.14576802,  0.47140621,  0.        , ..., -0.26185289,
         -0.17015687, -0.51931083],
        ...,
        [ 0.39973785,  0.68589011,  0.26185289, ...,  0.        ,
          0.09381457, -0.27741526],
        [ 0.31198168,  0.61459578,  0.17015687, ..., -0.09381457,
          0.        , -0.36632413],
        [ 0.63833519,  0.86084551,  0.51931083, ...,  0.27741526,
          0.36632413,  0.        ]],

       [[ 0.        , -0.07128703, -0.11781174, ..., -0.98846231,
         -0.9792208 , -0.96997772],
        [ 0.07128703,  0.        , -0.04672143, ..., -0.97514987,
         -0.96227271, -0.95017339],
        [ 0.11781174,  0.04672143,  0.        , ..., -0.96373401,
         -0.94850958, -0.93457166],
        ...,
        [ 0.98846231,  0.97514987,  0.96373401, ...,  0.        ,
          0.05213754,  0.09346824],
        [ 0.9792208 ,  0.96227271,  0.94850958, ..., -0.05213754,
          0.        ,  0.04143182],
        [ 0.96997772,  0.95017339,  0.93457166, ..., -0.09346824,
         -0.04143182,  0.        ]],

       ...,

       [[ 0.        , -0.29979831, -0.00989731, ...,  0.92794294,
          0.92794294,  0.89496435],
        [ 0.29979831,  0.        ,  0.29034157, ...,  0.99700149,
          0.99700149,  0.98754964],
        [ 0.00989731, -0.29034157,  0.        , ...,  0.93158643,
          0.93158643,  0.89933608],
        ...,
        [-0.92794294, -0.99700149, -0.93158643, ...,  0.        ,
          0.        , -0.08041712],
        [-0.92794294, -0.99700149, -0.93158643, ...,  0.        ,
          0.        , -0.08041712],
        [-0.89496435, -0.98754964, -0.89933608, ...,  0.08041712,
          0.08041712,  0.        ]],

       [[ 0.        , -0.22091585, -0.29538158, ..., -0.61873512,
         -0.49628026, -0.        ],
        [ 0.22091585,  0.        , -0.0770251 , ..., -0.77699937,
         -0.67580943, -0.22091585],
        [ 0.29538158,  0.0770251 ,  0.        , ..., -0.82317844,
         -0.73057509, -0.29538158],
        ...,
        [ 0.61873512,  0.77699937,  0.82317844, ...,  0.        ,
         -0.14728493, -0.61873512],
        [ 0.49628026,  0.67580943,  0.73057509, ...,  0.14728493,
          0.        , -0.49628026],
        [ 0.        ,  0.22091585,  0.29538158, ...,  0.61873512,
          0.49628026,  0.        ]],

       [[ 0.        , -0.23784766, -0.38647065, ..., -0.38672488,
         -0.54483111, -0.71832322],
        [ 0.23784766,  0.        , -0.1560126 , ..., -0.59496878,
         -0.72864196, -0.863182  ],
        [ 0.38647065,  0.1560126 ,  0.        , ..., -0.71307837,
         -0.826572  , -0.93138205],
        ...,
        [ 0.38672488,  0.59496878,  0.71307837, ...,  0.        ,
          0.17815407,  0.39338599],
        [ 0.54483111,  0.72864196,  0.826572  , ..., -0.17815407,
          0.        ,  0.22330273],
        [ 0.71832322,  0.863182  ,  0.93138205, ..., -0.39338599,
         -0.22330273,  0.        ]]]), 'num': array([ 7.81258146e-01,  6.24207642e-01,  8.79834760e-06,  8.38183966e-09,
        2.17823169e-04,  2.24534807e-04,  2.17823169e-04,  3.61012920e-04,
       -3.66089359e-06,  2.18677377e-04,  2.20751884e-04,  2.42188449e-04,
        4.62234039e-07,  2.34294441e-04,  2.07209326e-04])}
{'img': array([[[ 0.        ,  0.01765838,  0.35993171, ..., -0.78842858,
         -0.75717612, -0.84969657],
        [-0.01765838,  0.        ,  0.3434007 , ..., -0.79916777,
         -0.7685927 , -0.85887485],
        [-0.35993171, -0.3434007 ,  0.        , ..., -0.95699049,
         -0.94154043, -0.98253066],
        ...,
        [ 0.78842858,  0.79916777,  0.95699049, ...,  0.        ,
          0.04925109, -0.10695442],
        [ 0.75717612,  0.7685927 ,  0.94154043, ..., -0.04925109,
          0.        , -0.15579321],
        [ 0.84969657,  0.85887485,  0.98253066, ...,  0.10695442,
          0.15579321,  0.        ]],

       [[ 0.        , -0.47140621,  0.50990493, ..., -0.61459578,
         -0.86084551, -0.80567342],
        [ 0.47140621,  0.        ,  0.85521154, ..., -0.17015687,
         -0.51931083, -0.43129428],
        [-0.50990493, -0.85521154,  0.        , ..., -0.93092873,
         -0.99999927, -0.99511233],
        ...,
        [ 0.61459578,  0.17015687,  0.93092873, ...,  0.        ,
         -0.36632413, -0.27148725],
        [ 0.86084551,  0.51931083,  0.99999927, ...,  0.36632413,
          0.        ,  0.0999503 ],
        [ 0.80567342,  0.43129428,  0.99511233, ...,  0.27148725,
         -0.0999503 ,  0.        ]],

       [[ 0.        , -0.04672143, -0.00783051, ..., -0.96227271,
         -0.95017339, -0.95633201],
        [ 0.04672143,  0.        ,  0.03889804, ..., -0.94850958,
         -0.93457166, -0.94163179],
        [ 0.00783051, -0.03889804,  0.        , ..., -0.96011263,
         -0.94770331, -0.95401397],
        ...,
        [ 0.96227271,  0.94850958,  0.96011263, ...,  0.        ,
          0.04143182,  0.0210502 ],
        [ 0.95017339,  0.93457166,  0.94770331, ..., -0.04143182,
          0.        , -0.02039051],
        [ 0.95633201,  0.94163179,  0.95401397, ..., -0.0210502 ,
          0.02039051,  0.        ]],

       ...,

       [[ 0.        ,  0.29034157,  0.97592099, ...,  0.99700149,
          0.98754964,  0.98139857],
        [-0.29034157,  0.        ,  0.87055075, ...,  0.93158643,
          0.89933608,  0.88338278],
        [-0.97592099, -0.87055075,  0.        , ...,  0.14195126,
          0.06188874,  0.02670829],
        ...,
        [-0.99700149, -0.93158643, -0.14195126, ...,  0.        ,
         -0.08041712, -0.1154628 ],
        [-0.98754964, -0.89933608, -0.06188874, ...,  0.08041712,
          0.        , -0.03520957],
        [-0.98139857, -0.88338278, -0.02670829, ...,  0.1154628 ,
          0.03520957,  0.        ]],

       [[ 0.        , -0.19475977, -0.48588659, ..., -0.63479025,
         -0.43700135, -0.        ],
        [ 0.19475977,  0.        , -0.30635803, ..., -0.77312249,
         -0.60381199, -0.19475977],
        [ 0.48588659,  0.30635803,  0.        , ..., -0.93025759,
         -0.8189847 , -0.48588659],
        ...,
        [ 0.63479025,  0.77312249,  0.93025759, ...,  0.        ,
         -0.2333048 , -0.63479025],
        [ 0.43700135,  0.60381199,  0.8189847 , ...,  0.2333048 ,
          0.        , -0.43700135],
        [ 0.        ,  0.19475977,  0.48588659, ...,  0.63479025,
          0.43700135,  0.        ]],

       [[ 0.        , -0.1560126 , -0.12677626, ..., -0.72864196,
         -0.863182  , -0.90329928],
        [ 0.1560126 ,  0.        ,  0.02952989, ..., -0.826572  ,
         -0.93138205, -0.95916956],
        [ 0.12677626, -0.02952989,  0.        , ..., -0.8095912 ,
         -0.92022571, -0.95039927],
        ...,
        [ 0.72864196,  0.826572  ,  0.8095912 , ...,  0.        ,
          0.22330273,  0.30606959],
        [ 0.863182  ,  0.93138205,  0.92022571, ..., -0.22330273,
          0.        ,  0.08575484],
        [ 0.90329928,  0.95916956,  0.95039927, ..., -0.30606959,
         -0.08575484,  0.        ]]]), 'num': array([ 7.07106635e-01,  7.07106635e-01,  0.00000000e+00,  3.47714767e-09,
        1.95004341e-04,  1.97214022e-04,  1.94451921e-04,  3.05841937e-04,
       -2.20968092e-06,  1.97876927e-04,  1.98926525e-04,  2.18767618e-04,
        4.31578305e-07,  2.09546220e-04,  1.88306830e-04])}
{'img': array([[[ 0.        ,  0.3434007 ,  0.23322212, ..., -0.7685927 ,
         -0.85887485, -0.91588232],
        [-0.3434007 ,  0.        , -0.11489126, ..., -0.94154043,
         -0.98253066, -0.99804372],
        [-0.23322212,  0.11489126,  0.        , ..., -0.89659875,
         -0.95464307, -0.98425177],
        ...,
        [ 0.7685927 ,  0.94154043,  0.89659875, ...,  0.        ,
         -0.15579321, -0.27737599],
        [ 0.85887485,  0.98253066,  0.95464307, ...,  0.15579321,
          0.        , -0.12430904],
        [ 0.91588232,  0.99804372,  0.98425177, ...,  0.27737599,
          0.12430904,  0.        ]],

       [[ 0.        ,  0.85521154,  0.09683357, ..., -0.51931083,
         -0.43129428, -0.48039602],
        [-0.85521154,  0.        , -0.80100573, ..., -0.99999927,
         -0.99511233, -0.99904394],
        [-0.09683357,  0.80100573,  0.        , ..., -0.59962293,
         -0.51663179, -0.56306649],
        ...,
        [ 0.51931083,  0.99999927,  0.59962293, ...,  0.        ,
          0.0999503 ,  0.044923  ],
        [ 0.43129428,  0.99511233,  0.51663179, ..., -0.0999503 ,
          0.        , -0.05515134],
        [ 0.48039602,  0.99904394,  0.56306649, ..., -0.044923  ,
          0.05515134,  0.        ]],

       [[ 0.        ,  0.03889804,  0.04672143, ..., -0.93457166,
         -0.94163179, -0.94394552],
        [-0.03889804,  0.        ,  0.00783051, ..., -0.94770331,
         -0.95401397, -0.95607142],
        [-0.04672143, -0.00783051,  0.        , ..., -0.95017339,
         -0.95633201, -0.9583375 ],
        ...,
        [ 0.93457166,  0.94770331,  0.95017339, ...,  0.        ,
         -0.02039051, -0.02732886],
        [ 0.94163179,  0.95401397,  0.95633201, ...,  0.02039051,
          0.        , -0.00694028],
        [ 0.94394552,  0.95607142,  0.9583375 , ...,  0.02732886,
          0.00694028,  0.        ]],

       ...,

       [[ 0.        ,  0.96953864,  0.95743585, ...,  0.98315328,
          0.97589962,  0.98315328],
        [-0.96953864,  0.        , -0.04534079, ...,  0.06359679,
          0.02746263,  0.06359679],
        [-0.95743585,  0.04534079,  0.        , ...,  0.10878039,
          0.07275807,  0.10878039],
        ...,
        [-0.98315328, -0.06359679, -0.10878039, ...,  0.        ,
         -0.03616577,  0.        ],
        [-0.97589962, -0.02746263, -0.07275807, ...,  0.03616577,
          0.        ,  0.03616577],
        [-0.98315328, -0.06359679, -0.10878039, ...,  0.        ,
         -0.03616577,  0.        ]],

       [[ 0.        , -0.44133544, -0.58012746, ..., -0.59069886,
         -0.4285764 , -0.        ],
        [ 0.44133544,  0.        , -0.1610938 , ..., -0.88616909,
         -0.78332871, -0.44133544],
        [ 0.58012746,  0.1610938 ,  0.        , ..., -0.94923967,
         -0.87323488, -0.58012746],
        ...,
        [ 0.59069886,  0.88616909,  0.94923967, ...,  0.        ,
         -0.18788478, -0.59069886],
        [ 0.4285764 ,  0.78332871,  0.87323488, ...,  0.18788478,
          0.        , -0.4285764 ],
        [ 0.        ,  0.44133544,  0.58012746, ...,  0.59069886,
          0.4285764 ,  0.        ]],

       [[ 0.        ,  0.02952989,  0.026008  , ..., -0.93138205,
         -0.95916956, -0.9762703 ],
        [-0.02952989,  0.        , -0.00352324, ..., -0.92022571,
         -0.95039927, -0.96944969],
        [-0.026008  ,  0.00352324,  0.        , ..., -0.92159895,
         -0.95148921, -0.97030789],
        ...,
        [ 0.93138205,  0.92022571,  0.92159895, ...,  0.        ,
          0.08575484,  0.15370868],
        [ 0.95916956,  0.95039927,  0.95148921, ..., -0.08575484,
          0.        ,  0.06840672],
        [ 0.9762703 ,  0.96944969,  0.97030789, ..., -0.15370868,
         -0.06840672,  0.        ]]]), 'num': array([ 7.07106631e-01,  7.07106631e-01,  0.00000000e+00,  3.47714765e-09,
        1.93347080e-04,  1.96661601e-04,  1.92242239e-04,  3.27607292e-04,
       -1.65726068e-06,  1.97103537e-04,  1.98097894e-04,  2.18224404e-04,
        5.75437737e-07,  2.07694118e-04,  1.88501669e-04])}
{'img': array([[[ 0.        , -0.11489126, -0.03903777, ..., -0.98253066,
         -0.99804372, -0.99866512],
        [ 0.11489126,  0.        ,  0.07602441, ..., -0.95464307,
         -0.98425177, -0.99798645],
        [ 0.03903777, -0.07602441,  0.        , ..., -0.97451676,
         -0.99484231, -0.99992027],
        ...,
        [ 0.98253066,  0.95464307,  0.97451676, ...,  0.        ,
         -0.12430904, -0.23660247],
        [ 0.99804372,  0.98425177,  0.99484231, ...,  0.12430904,
          0.        , -0.11398779],
        [ 0.99866512,  0.99798645,  0.99992027, ...,  0.23660247,
          0.11398779,  0.        ]],

       [[ 0.        , -0.80100573, -0.93909955, ..., -0.99511233,
         -0.99904394, -0.99492691],
        [ 0.80100573,  0.        , -0.28693642, ..., -0.51663179,
         -0.56306649, -0.51503813],
        [ 0.93909955,  0.28693642,  0.        , ..., -0.24923006,
         -0.30226174, -0.24742807],
        ...,
        [ 0.99511233,  0.51663179,  0.24923006, ...,  0.        ,
         -0.05515134,  0.00186027],
        [ 0.99904394,  0.56306649,  0.30226174, ...,  0.05515134,
          0.        ,  0.05700868],
        [ 0.99492691,  0.51503813,  0.24742807, ..., -0.00186027,
         -0.05700868,  0.        ]],

       [[ 0.        ,  0.00783051,  0.02748239, ..., -0.95401397,
         -0.95607142, -0.96974372],
        [-0.00783051,  0.        ,  0.019654  , ..., -0.95633201,
         -0.9583375 , -0.97162561],
        [-0.02748239, -0.019654  ,  0.        , ..., -0.9618918 ,
         -0.96376632, -0.97608658],
        ...,
        [ 0.95401397,  0.95633201,  0.9618918 , ...,  0.        ,
         -0.00694028, -0.0577936 ],
        [ 0.95607142,  0.9583375 ,  0.96376632, ...,  0.00694028,
          0.        , -0.05086353],
        [ 0.96974372,  0.97162561,  0.97608658, ...,  0.0577936 ,
          0.05086353,  0.        ]],

       ...,

       [[ 0.        , -0.0524055 ,  0.28851457, ...,  0.03150089,
          0.07268457,  0.48583787],
        [ 0.0524055 ,  0.        ,  0.33829511, ...,  0.0838371 ,
          0.12485159,  0.53097525],
        [-0.28851457, -0.33829511,  0.        , ..., -0.25821006,
         -0.21815775,  0.213002  ],
        ...,
        [-0.03150089, -0.0838371 ,  0.25821006, ...,  0.        ,
          0.04123093,  0.45806344],
        [-0.07268457, -0.12485159,  0.21815775, ..., -0.04123093,
          0.        ,  0.42102294],
        [-0.48583787, -0.53097525, -0.213002  , ..., -0.45806344,
         -0.42102294,  0.        ]],

       [[ 0.        , -0.16686301, -0.27385618, ..., -0.83832229,
         -0.70861043, -0.40620909],
        [ 0.16686301,  0.        , -0.1095328 , ..., -0.91753862,
         -0.8164143 , -0.55299018],
        [ 0.27385618,  0.1095328 ,  0.        , ..., -0.95557331,
         -0.87475362, -0.64092433],
        ...,
        [ 0.83832229,  0.91753862,  0.95557331, ...,  0.        ,
         -0.20520348, -0.54458724],
        [ 0.70861043,  0.8164143 ,  0.87475362, ...,  0.20520348,
          0.        , -0.36089304],
        [ 0.40620909,  0.55299018,  0.64092433, ...,  0.54458724,
          0.36089304,  0.        ]],

       [[ 0.        , -0.00352324,  0.0028108 , ..., -0.95039927,
         -0.96944969, -0.97363601],
        [ 0.00352324,  0.        ,  0.00633401, ..., -0.95148921,
         -0.97030789, -0.97443364],
        [-0.0028108 , -0.00633401,  0.        , ..., -0.94952126,
         -0.9687564 , -0.972991  ],
        ...,
        [ 0.95039927,  0.95148921,  0.94952126, ...,  0.        ,
          0.06840672,  0.08603949],
        [ 0.96944969,  0.97030789,  0.9687564 , ..., -0.06840672,
          0.        ,  0.0176849 ],
        [ 0.97363601,  0.97443364,  0.972991  , ..., -0.08603949,
         -0.0176849 ,  0.        ]]]), 'num': array([ 9.84574592e-01,  1.74961814e-01,  4.65294700e-05,  4.68381513e-09,
        2.68974345e-04,  2.75930578e-04,  2.68201430e-04,  7.86038877e-04,
       -1.54582957e-06,  2.73766417e-04,  2.76394327e-04,  3.04296550e-04,
        7.57141013e-07,  2.89838601e-04,  2.62950052e-04])}
{'img': array([[[ 0.        ,  0.07602441, -0.05562488, ..., -0.98425177,
         -0.99798645, -0.99946786],
        [-0.07602441,  0.        , -0.1313706 , ..., -0.99484231,
         -0.99992027, -0.99409552],
        [ 0.05562488,  0.1313706 ,  0.        , ..., -0.97289495,
         -0.99291316, -0.99973485],
        ...,
        [ 0.98425177,  0.99484231,  0.97289495, ...,  0.        ,
         -0.11398779, -0.20878352],
        [ 0.99798645,  0.99992027,  0.99291316, ...,  0.11398779,
          0.        , -0.09594698],
        [ 0.99946786,  0.99409552,  0.99973485, ...,  0.20878352,
          0.09594698,  0.        ]],

       [[ 0.        , -0.28693642,  0.04300092, ..., -0.56306649,
         -0.51503813, -0.12118546],
        [ 0.28693642,  0.        ,  0.32786374, ..., -0.30226174,
         -0.24742807,  0.1687321 ],
        [-0.04300092, -0.32786374,  0.        , ..., -0.59808213,
         -0.55142072, -0.16375737],
        ...,
        [ 0.56306649,  0.30226174,  0.59808213, ...,  0.        ,
          0.05700868,  0.45876755],
        [ 0.51503813,  0.24742807,  0.55142072, ..., -0.05700868,
          0.        ,  0.40736602],
        [ 0.12118546, -0.1687321 ,  0.16375737, ..., -0.45876755,
         -0.40736602,  0.        ]],

       [[ 0.        ,  0.019654  ,  0.06329235, ..., -0.9583375 ,
         -0.97162561, -0.99163198],
        [-0.019654  ,  0.        ,  0.04366553, ..., -0.96376632,
         -0.97608658, -0.99397771],
        [-0.06329235, -0.04366553,  0.        , ..., -0.97449478,
         -0.9846477 , -0.99781464],
        ...,
        [ 0.9583375 ,  0.96376632,  0.97449478, ...,  0.        ,
         -0.05086353, -0.15952969],
        [ 0.97162561,  0.97608658,  0.9846477 , ...,  0.05086353,
          0.        , -0.10911107],
        [ 0.99163198,  0.99397771,  0.99781464, ...,  0.15952969,
          0.10911107,  0.        ]],

       ...,

       [[ 0.        ,  0.33829511,  0.11888307, ...,  0.12485159,
          0.53097525,  0.44131108],
        [-0.33829511,  0.        , -0.22402227, ..., -0.21815775,
          0.213002  ,  0.11172088],
        [-0.11888307,  0.22402227,  0.        , ...,  0.00601331,
          0.4264697 ,  0.33150119],
        ...,
        [-0.12485159,  0.21815775, -0.00601331, ...,  0.        ,
          0.42102294,  0.32582192],
        [-0.53097525, -0.213002  , -0.4264697 , ..., -0.42102294,
          0.        , -0.10251144],
        [-0.44131108, -0.11172088, -0.33150119, ..., -0.32582192,
          0.10251144,  0.        ]],

       [[ 0.        , -0.10894282, -0.27822858, ..., -0.84213218,
         -0.70366916, -0.55053844],
        [ 0.10894282,  0.        , -0.17193137, ..., -0.89586954,
         -0.77688783, -0.63820818],
        [ 0.27822858,  0.17193137,  0.        , ..., -0.95892115,
         -0.87357384, -0.76106833],
        ...,
        [ 0.84213218,  0.89586954,  0.95892115, ...,  0.        ,
         -0.21888981, -0.40613069],
        [ 0.70366916,  0.77688783,  0.87357384, ...,  0.21888981,
          0.        , -0.19625707],
        [ 0.55053844,  0.63820818,  0.76106833, ...,  0.40613069,
          0.19625707,  0.        ]],

       [[ 0.        ,  0.00633401,  0.06218891, ..., -0.97030789,
         -0.97443364, -0.96122862],
        [-0.00633401,  0.        ,  0.05586591, ..., -0.9687564 ,
         -0.972991  , -0.95946272],
        [-0.06218891, -0.05586591,  0.        , ..., -0.95338793,
         -0.9585752 , -0.9422193 ],
        ...,
        [ 0.97030789,  0.9687564 ,  0.95338793, ...,  0.        ,
          0.0176849 , -0.03506965],
        [ 0.97443364,  0.972991  ,  0.9585752 , ..., -0.0176849 ,
          0.        , -0.05273819],
        [ 0.96122862,  0.95946272,  0.9422193 , ...,  0.03506965,
          0.05273819,  0.        ]]]), 'num': array([ 9.29048768e-01,  3.69955892e-01,  3.17666407e-05, -2.97696411e-09,
        2.55060619e-04,  2.58683639e-04,  2.50712994e-04,  6.95141630e-04,
        2.89841612e-06,  2.55060619e-04,  2.58393797e-04,  2.84431235e-04,
        8.28118892e-07,  2.70152940e-04,  2.46634655e-04])}
{'img': array([[[ 0.        , -0.1313706 , -0.05726415, ..., -0.99992027,
         -0.99409552, -0.99780915],
        [ 0.1313706 ,  0.        ,  0.07438717, ..., -0.99291316,
         -0.99973485, -0.98047024],
        [ 0.05726415, -0.07438717,  0.        , ..., -0.99900256,
         -0.99867792, -0.99238332],
        ...,
        [ 0.99992027,  0.99291316,  0.99900256, ...,  0.        ,
         -0.09594698,  0.0787526 ],
        [ 0.99409552,  0.99973485,  0.99867792, ...,  0.09594698,
          0.        ,  0.17403826],
        [ 0.99780915,  0.98047024,  0.99238332, ..., -0.0787526 ,
         -0.17403826,  0.        ]],

       [[ 0.        ,  0.32786374, -0.03351144, ..., -0.24742807,
          0.1687321 ,  0.1225368 ],
        [-0.32786374,  0.        , -0.35933868, ..., -0.55142072,
         -0.16375737, -0.20962936],
        [ 0.03351144,  0.35933868,  0.        , ..., -0.21481966,
          0.20166828,  0.15572687],
        ...,
        [ 0.24742807,  0.55142072,  0.21481966, ...,  0.        ,
          0.40736602,  0.36429011],
        [-0.1687321 ,  0.16375737, -0.20166828, ..., -0.40736602,
          0.        , -0.04668067],
        [-0.1225368 ,  0.20962936, -0.15572687, ..., -0.36429011,
          0.04668067,  0.        ]],

       [[ 0.        ,  0.04366553,  0.1001242 , ..., -0.97608658,
         -0.99397771, -0.99993623],
        [-0.04366553,  0.        ,  0.0565826 , ..., -0.9846477 ,
         -0.99781464, -0.99848937],
        [-0.1001242 , -0.0565826 ,  0.        , ..., -0.9929469 ,
         -0.99995477, -0.99378076],
        ...,
        [ 0.97608658,  0.9846477 ,  0.9929469 , ...,  0.        ,
         -0.10911107, -0.2283915 ],
        [ 0.99397771,  0.99781464,  0.99995477, ...,  0.10911107,
          0.        , -0.12080071],
        [ 0.99993623,  0.99848937,  0.99378076, ...,  0.2283915 ,
          0.12080071,  0.        ]],

       ...,

       [[ 0.        , -0.22402227, -0.097136  , ...,  0.213002  ,
          0.11172088,  0.37605675],
        [ 0.22402227,  0.        ,  0.1282957 , ...,  0.4264697 ,
          0.33150119,  0.57407718],
        [ 0.097136  , -0.1282957 ,  0.        , ...,  0.30690164,
          0.20772046,  0.46428431],
        ...,
        [-0.213002  , -0.4264697 , -0.30690164, ...,  0.        ,
         -0.10251144,  0.17005997],
        [-0.11172088, -0.33150119, -0.20772046, ...,  0.10251144,
          0.        ,  0.2701823 ],
        [-0.37605675, -0.57407718, -0.46428431, ..., -0.17005997,
         -0.2701823 ,  0.        ]],

       [[ 0.        , -0.16982534, -0.31480644, ..., -0.8605294 ,
         -0.8283097 , -0.63230434],
        [ 0.16982534,  0.        , -0.14904289, ..., -0.93453866,
         -0.91142595, -0.75468671],
        [ 0.31480644,  0.14904289,  0.        , ..., -0.97713919,
         -0.96257179, -0.84404227],
        ...,
        [ 0.8605294 ,  0.93453866,  0.97713919, ...,  0.        ,
         -0.06018764, -0.34457309],
        [ 0.8283097 ,  0.91142595,  0.96257179, ...,  0.06018764,
          0.        , -0.28744669],
        [ 0.63230434,  0.75468671,  0.84404227, ...,  0.34457309,
          0.28744669,  0.        ]],

       [[ 0.        ,  0.05586591,  0.15468013, ..., -0.972991  ,
         -0.95946272, -0.961926  ],
        [-0.05586591,  0.        ,  0.09924503, ..., -0.9585752 ,
         -0.9422193 , -0.94515503],
        [-0.15468013, -0.09924503,  0.        , ..., -0.92557383,
         -0.90432083, -0.9080732 ],
        ...,
        [ 0.972991  ,  0.9585752 ,  0.92557383, ...,  0.        ,
         -0.05273819, -0.04387427],
        [ 0.95946272,  0.9422193 ,  0.90432083, ...,  0.05273819,
          0.        ,  0.00887419],
        [ 0.961926  ,  0.94515503,  0.9080732 , ...,  0.04387427,
         -0.00887419,  0.        ]]]), 'num': array([9.49758771e-01, 3.12981311e-01, 3.57740146e-05, 7.06928199e-09,
       2.61725220e-04, 2.64665953e-04, 2.57314121e-04, 6.44211633e-04,
       2.94073281e-06, 2.58637451e-04, 2.61394388e-04, 2.87726199e-04,
       7.84195416e-07, 2.71141874e-04, 2.51646901e-04])}
{'img': array([[[ 0.        ,  0.07438717,  0.150607  , ..., -0.99973485,
         -0.98047024, -0.94641172],
        [-0.07438717,  0.        ,  0.07665105, ..., -0.99867792,
         -0.99238332, -0.9678139 ],
        [-0.150607  , -0.07665105,  0.        , ..., -0.99179959,
         -0.99890622, -0.98425711],
        ...,
        [ 0.99973485,  0.99867792,  0.99179959, ...,  0.        ,
          0.17403826,  0.30108412],
        [ 0.98047024,  0.99238332,  0.99890622, ..., -0.17403826,
          0.        ,  0.13052678],
