state_0,state_1,state_2,state_3,state_4,state_5,state_6,state_7,state_8,state_9,state_10,state_11,state_12,state_13,state_14,state_15,state_16,state_17,state_18,state_19,state_20,state_21,state_22,state_23,state_24,state_25,state_26,state_27,state_28,state_29,state_30,state_31,state_32,state_33,state_34,state_35,state_36,state_37,state_38,state_39,state_40,state_41,state_42,state_43,state_44,state_45,state_46,state_47,state_48,state_49,state_50,state_51,state_52,state_53,state_54,state_55,state_56,state_57,state_58,state_59,state_60,state_61,state_62,state_63,state_64,state_65,state_66,state_67,state_68,state_69,state_70,state_71,state_72,state_73,state_74,state_75,state_76,state_77,state_78,state_79,state_80,state_81,state_82,state_83,state_84,state_85,state_86,state_87,state_88,state_89,state_90,state_91,state_92,state_93,state_94,state_95,state_96,state_97,state_98,state_99,state_100,state_101,state_102,state_103,state_104,state_105,state_106,state_107,state_108,state_109,state_110,state_111,state_112,state_113,state_114,state_115,state_116,state_117,state_118,state_119,state_120,state_121,state_122,state_123,state_124,state_125,state_126,state_127,state_128,state_129,state_130,state_131,state_132,state_133,state_134,state_135,state_136,state_137,state_138,state_139,state_140,state_141,state_142,state_143,state_144,state_145,state_146,state_147,state_148,state_149,state_150,state_151,state_152,state_153,state_154,state_155,state_156,state_157,state_158,state_159,state_160,state_161,state_162,state_163,state_164,state_165,state_166,state_167,state_168,state_169,state_170,state_171,state_172,state_173,state_174,state_175,state_176,state_177,state_178,state_179,state_180,state_181,state_182,state_183,state_184,state_185,state_186,state_187,state_188,state_189,state_190,state_191,state_192,state_193,state_194,state_195,state_196,state_197,state_198,state_199,state_200,state_201,state_202,state_203,state_204,state_205,state_206,state_207,state_208,state_209,state_210,state_211,state_212,state_213,state_214,state_215,state_216,state_217,state_218,state_219,state_220,state_221,state_222,state_223,state_224,state_225,state_226,state_227,state_228,state_229,state_230,state_231,state_232,state_233,state_234,state_235,state_236,state_237,state_238,state_239,state_240,state_241,state_242,state_243,state_244,state_245,state_246,state_247,state_248,state_249,state_250,state_251,state_252,state_253,state_254,state_255,state_256,state_257,state_258,state_259,state_260,state_261,state_262,state_263,state_264,state_265,state_266,state_267,state_268,state_269,state_270,state_271,state_272,state_273,state_274,state_275,state_276,state_277,state_278,state_279,state_280,state_281,state_282,state_283,state_284,state_285,state_286,state_287
{'img': array([[[ 0.        ,  0.        ,  0.29784157, ...,  0.84018187,
          0.75421496,  0.33181984],
        [ 0.        ,  0.        ,  0.29784157, ...,  0.84018187,
          0.75421496,  0.33181984],
        [-0.29784157, -0.29784157,  0.        , ...,  0.96357137,
          0.91555614,  0.597727  ],
        ...,
        [-0.84018187, -0.84018187, -0.96357137, ...,  0.        ,
          0.14267225,  0.61263202],
        [-0.75421496, -0.75421496, -0.91555614, ..., -0.14267225,
          0.        ,  0.49360117],
        [-0.33181984, -0.33181984, -0.597727  , ..., -0.61263202,
         -0.49360117,  0.        ]],

       [[ 0.        , -0.1823018 , -0.1324575 , ...,  0.37408818,
          0.18966295,  0.2832531 ],
        [ 0.1823018 ,  0.        ,  0.05045762, ...,  0.53688488,
          0.36547758,  0.45334218],
        [ 0.1324575 , -0.05045762,  0.        , ...,  0.49363215,
          0.31804507,  0.40778999],
        ...,
        [-0.37408818, -0.53688488, -0.49363215, ...,  0.        ,
         -0.19140609, -0.09608049],
        [-0.18966295, -0.36547758, -0.31804507, ...,  0.19140609,
          0.        ,  0.0962165 ],
        [-0.2832531 , -0.45334218, -0.40778999, ...,  0.09608049,
         -0.0962165 ,  0.        ]],

       [[ 0.        ,  0.28648799,  0.50643958, ...,  0.72738694,
          0.51250769,  0.        ],
        [-0.28648799,  0.        ,  0.23818001, ...,  0.89349362,
          0.7370276 ,  0.28648799],
        [-0.50643958, -0.23818001,  0.        , ...,  0.97474069,
          0.87679367,  0.50643958],
        ...,
        [-0.72738694, -0.89349362, -0.97474069, ...,  0.        ,
          0.27289764,  0.72738694],
        [-0.51250769, -0.7370276 , -0.87679367, ..., -0.27289764,
          0.        ,  0.51250769],
        [-0.        , -0.28648799, -0.50643958, ..., -0.72738694,
         -0.51250769,  0.        ]],

       ...,

       [[ 0.        ,  0.1393565 ,  0.51146942, ...,  0.77108093,
          0.89262329,  0.89724898],
        [-0.1393565 ,  0.        ,  0.3867294 , ...,  0.67482347,
          0.82109094,  0.8269645 ],
        [-0.51146942, -0.3867294 ,  0.        , ...,  0.33691939,
          0.53646039,  0.54518087],
        ...,
        [-0.77108093, -0.67482347, -0.33691939, ...,  0.        ,
          0.22076056,  0.2308603 ],
        [-0.89262329, -0.82109094, -0.53646039, ..., -0.22076056,
          0.        ,  0.01036739],
        [-0.89724898, -0.8269645 , -0.54518087, ..., -0.2308603 ,
         -0.01036739,  0.        ]],

       [[ 0.        , -0.07345878, -0.11845427, ...,  0.95370158,
          0.99536114,  0.90169107],
        [ 0.07345878,  0.        , -0.04519263, ...,  0.97321799,
          0.99973933,  0.86749276],
        [ 0.11845427,  0.04519263,  0.        , ...,  0.98261271,
          0.99974969,  0.84412537],
        ...,
        [-0.95370158, -0.97321799, -0.98261271, ...,  0.        ,
          0.20760455,  0.68354999],
        [-0.99536114, -0.99973933, -0.99974969, ..., -0.20760455,
          0.        ,  0.51712605],
        [-0.90169107, -0.86749276, -0.84412537, ..., -0.68354999,
         -0.51712605,  0.        ]],

       [[ 0.        ,  0.00720418,  0.107015  , ...,  0.84395648,
          0.87953674,  0.9149891 ],
        [-0.00720418,  0.        ,  0.09984941, ...,  0.84779898,
          0.88294189,  0.91787209],
        [-0.107015  , -0.09984941,  0.        , ...,  0.89651407,
          0.92540697,  0.95291295],
        ...,
        [-0.84395648, -0.84779898, -0.89651407, ...,  0.        ,
         -0.07021313, -0.15029248],
        [-0.87953674, -0.88294189, -0.92540697, ...,  0.07021313,
          0.        , -0.08050594],
        [-0.9149891 , -0.91787209, -0.95291295, ...,  0.15029248,
          0.08050594,  0.        ]]]), 'num': array([ 7.06932728e-01,  7.06932728e-01,  0.00000000e+00,  0.00000000e+00,
        1.38644504e-04,  1.39758458e-04,  1.33588863e-04,  2.21831891e-02,
       -2.14222039e-06,  1.39055810e-04,  1.29377258e-04,  1.24408735e-04,
        6.23734867e-07,  1.42062592e-04,  1.16691924e-04])}
{'img': array([[[ 0.        ,  0.29784157,  0.4558293 , ...,  0.75421496,
          0.33181984,  0.76880469],
        [-0.29784157,  0.        ,  0.17004262, ...,  0.91555614,
          0.597727  ,  0.92437755],
        [-0.4558293 , -0.17004262,  0.        , ...,  0.97061211,
          0.72534524,  0.97578324],
        ...,
        [-0.75421496, -0.91555614, -0.97061211, ...,  0.        ,
          0.49360117, -0.02251023],
        [-0.33181984, -0.597727  , -0.72534524, ..., -0.49360117,
          0.        , -0.51305298],
        [-0.76880469, -0.92437755, -0.97578324, ...,  0.02251023,
          0.51305298,  0.        ]],

       [[ 0.        ,  0.05045762, -0.11845255, ...,  0.36547758,
          0.45334218,  0.46953748],
        [-0.05045762,  0.        , -0.16840404, ...,  0.31804507,
          0.40778999,  0.42438972],
        [ 0.11845255,  0.16840404,  0.        , ...,  0.47316253,
          0.55573161,  0.57081504],
        ...,
        [-0.36547758, -0.31804507, -0.47316253, ...,  0.        ,
          0.0962165 ,  0.1143702 ],
        [-0.45334218, -0.40778999, -0.55573161, ..., -0.0962165 ,
          0.        ,  0.01825443],
        [-0.46953748, -0.42438972, -0.57081504, ..., -0.1143702 ,
         -0.01825443,  0.        ]],

       [[ 0.        ,  0.41671055,  0.59863316, ...,  0.6889134 ,
          0.51195746,  0.        ],
        [-0.41671055,  0.        ,  0.21038616, ...,  0.9282993 ,
          0.82334828,  0.41671055],
        [-0.59863316, -0.21038616,  0.        , ...,  0.98575114,
          0.92432221,  0.59863316],
        ...,
        [-0.6889134 , -0.9282993 , -0.98575114, ...,  0.        ,
          0.22069493,  0.6889134 ],
        [-0.51195746, -0.82334828, -0.92432221, ..., -0.22069493,
          0.        ,  0.51195746],
        [-0.        , -0.41671055, -0.59863316, ..., -0.6889134 ,
         -0.51195746,  0.        ]],

       ...,

       [[ 0.        ,  0.3867294 ,  0.50679351, ...,  0.82109094,
          0.8269645 ,  0.95726717],
        [-0.3867294 ,  0.        ,  0.13397472, ...,  0.53646039,
          0.54518087,  0.77094121],
        [-0.50679351, -0.13397472,  0.        , ...,  0.41855938,
          0.42795245,  0.67866164],
        ...,
        [-0.82109094, -0.53646039, -0.41855938, ...,  0.        ,
          0.01036739,  0.30894194],
        [-0.8269645 , -0.54518087, -0.42795245, ..., -0.01036739,
          0.        ,  0.29906511],
        [-0.95726717, -0.77094121, -0.67866164, ..., -0.30894194,
         -0.29906511,  0.        ]],

       [[ 0.        , -0.04407426, -0.10794723, ...,  0.99237696,
          0.98838291,  0.85639866],
        [ 0.04407426,  0.        , -0.06402561, ...,  0.99684431,
          0.98072387,  0.83281025],
        [ 0.10794723,  0.06402561,  0.        , ...,  0.99988149,
          0.96620114,  0.79565961],
        ...,
        [-0.99237696, -0.99684431, -0.99988149, ...,  0.        ,
          0.27263348,  0.61792139],
        [-0.98838291, -0.98072387, -0.96620114, ..., -0.27263348,
          0.        ,  0.38015796],
        [-0.85639866, -0.83281025, -0.79565961, ..., -0.61792139,
         -0.38015796,  0.        ]],

       [[ 0.        ,  0.10677432,  0.2483643 , ...,  0.87954042,
          0.91499251,  0.92895804],
        [-0.10677432,  0.        ,  0.14351574, ...,  0.92531814,
          0.95284208,  0.9631737 ],
        [-0.2483643 , -0.14351574,  0.        , ...,  0.97015926,
          0.98653052,  0.99179147],
        ...,
        [-0.87954042, -0.92531814, -0.97015926, ...,  0.        ,
         -0.08050666, -0.11642799],
        [-0.91499251, -0.95284208, -0.98653052, ...,  0.08050666,
          0.        , -0.03609093],
        [-0.92895804, -0.9631737 , -0.99179147, ...,  0.11642799,
          0.03609093,  0.        ]]]), 'num': array([ 7.06981516e-01,  7.06981516e-01,  0.00000000e+00,  0.00000000e+00,
        1.32484051e-04,  1.39253935e-04,  1.31969883e-04,  1.88184340e-02,
       -6.17002050e-06,  1.37677152e-04,  1.29489021e-04,  1.24768669e-04,
        5.48516365e-07,  1.42240497e-04,  1.16737544e-04])}
{'img': array([[[ 0.        ,  0.17004262,  0.17004262, ...,  0.597727  ,
          0.92437755,  0.98500012],
        [-0.17004262,  0.        ,  0.        , ...,  0.72534524,
          0.97578324,  0.9413138 ],
        [-0.17004262,  0.        ,  0.        , ...,  0.72534524,
          0.97578324,  0.9413138 ],
        ...,
        [-0.597727  , -0.72534524, -0.72534524, ...,  0.        ,
         -0.51305298, -0.8928143 ],
        [-0.92437755, -0.97578324, -0.97578324, ...,  0.51305298,
          0.        , -0.5352615 ],
        [-0.98500012, -0.9413138 , -0.9413138 , ...,  0.8928143 ,
          0.5352615 ,  0.        ]],

       [[ 0.        , -0.16840404, -0.08680513, ...,  0.40778999,
          0.42438972,  0.33347141],
        [ 0.16840404,  0.        ,  0.08220299, ...,  0.55573161,
          0.57081504,  0.48747342],
        [ 0.08680513, -0.08220299,  0.        , ...,  0.48551037,
          0.50138806,  0.41404908],
        ...,
        [-0.40778999, -0.55573161, -0.48551037, ...,  0.        ,
          0.01825443, -0.07996353],
        [-0.42438972, -0.57081504, -0.50138806, ..., -0.01825443,
          0.        , -0.09814617],
        [-0.33347141, -0.48747342, -0.41404908, ...,  0.07996353,
          0.09814617,  0.        ]],

       [[ 0.        ,  0.46208162,  0.61875165, ...,  0.52306461,
          0.        ,  0.42855858],
        [-0.46208162,  0.        ,  0.18572695, ...,  0.8577022 ,
          0.46208162,  0.79755899],
        [-0.61875165, -0.18572695,  0.        , ...,  0.9382703 ,
          0.61875165,  0.89572068],
        ...,
        [-0.52306461, -0.8577022 , -0.9382703 , ...,  0.        ,
          0.52306461,  0.1073387 ],
        [-0.        , -0.46208162, -0.61875165, ..., -0.52306461,
          0.        , -0.42855858],
        [-0.42855858, -0.79755899, -0.89572068, ..., -0.1073387 ,
          0.42855858,  0.        ]],

       ...,

       [[ 0.        ,  0.13397472,  0.34034888, ...,  0.54518087,
          0.77094121,  0.51749363],
        [-0.13397472,  0.        ,  0.21130422, ...,  0.42795245,
          0.67866164,  0.39818786],
        [-0.34034888, -0.21130422,  0.        , ...,  0.2273124 ,
          0.50814508,  0.19536673],
        ...,
        [-0.54518087, -0.42795245, -0.2273124 , ...,  0.        ,
          0.29906511, -0.03267976],
        [-0.77094121, -0.67866164, -0.50814508, ..., -0.29906511,
          0.        , -0.33008946],
        [-0.51749363, -0.39818786, -0.19536673, ...,  0.03267976,
          0.33008946,  0.        ]],

       [[ 0.        , -0.06376559, -0.14558846, ...,  0.98579029,
          0.90912063,  0.83089737],
        [ 0.06376559,  0.        , -0.08220599, ...,  0.97307273,
          0.88071001,  0.7937256 ],
        [ 0.14558846,  0.08220599,  0.        , ...,  0.95083088,
          0.83879178,  0.74103519],
        ...,
        [-0.98579029, -0.97307273, -0.95083088, ...,  0.        ,
          0.25789943,  0.40894437],
        [-0.90912063, -0.88071001, -0.83879178, ..., -0.25789943,
          0.        ,  0.15976197],
        [-0.83089737, -0.7937256 , -0.74103519, ..., -0.40894437,
         -0.15976197,  0.        ]],

       [[ 0.        ,  0.22521112,  0.34723755, ...,  0.91574463,
          0.92967545,  0.92813721],
        [-0.22521112,  0.        ,  0.12711915, ...,  0.98270015,
          0.98875527,  0.98812555],
        [-0.34723755, -0.12711915,  0.        , ...,  0.99827089,
          0.99974369,  0.99964102],
        ...,
        [-0.91574463, -0.98270015, -0.99827089, ...,  0.        ,
         -0.03616551, -0.03201399],
        [-0.92967545, -0.98875527, -0.99974369, ...,  0.03616551,
          0.        ,  0.00415393],
        [-0.92813721, -0.98812555, -0.99964102, ...,  0.03201399,
         -0.00415393,  0.        ]]]), 'num': array([7.07051119e-01, 7.07051119e-01, 0.00000000e+00, 0.00000000e+00,
       1.37039362e-04, 1.37125065e-04, 1.31897172e-04, 1.25415528e-02,
       4.54226779e-06, 1.37570722e-04, 1.29840296e-04, 1.25172331e-04,
       5.74564296e-07, 1.43009167e-04, 1.16671426e-04])}
{'img': array([[[ 0.        ,  0.        , -0.38599161, ...,  0.97578324,
          0.9413138 ,  0.99929329],
        [ 0.        ,  0.        , -0.38599161, ...,  0.97578324,
          0.9413138 ,  0.99929329],
        [ 0.38599161,  0.38599161,  0.        , ...,  0.81573057,
          0.99864893,  0.90734139],
        ...,
        [-0.97578324, -0.97578324, -0.81573057, ...,  0.        ,
         -0.5352615 , -0.18190662],
        [-0.9413138 , -0.9413138 , -0.99864893, ...,  0.5352615 ,
          0.        ,  0.37267705],
        [-0.99929329, -0.99929329, -0.90734139, ...,  0.18190662,
         -0.37267705,  0.        ]],

       [[ 0.        ,  0.08220299,  0.51622753, ...,  0.57081504,
          0.48747342,  0.2910562 ],
        [-0.08220299,  0.        ,  0.44407754, ...,  0.50138806,
          0.41404908,  0.21142706],
        [-0.51622753, -0.44407754,  0.        , ...,  0.06501198,
         -0.03324044, -0.24460244],
        ...,
        [-0.57081504, -0.50138806, -0.06501198, ...,  0.        ,
         -0.09814617, -0.30712211],
        [-0.48747342, -0.41404908,  0.03324044, ...,  0.09814617,
          0.        , -0.21223655],
        [-0.2910562 , -0.21142706,  0.24460244, ...,  0.30712211,
          0.21223655,  0.        ]],

       [[ 0.        ,  0.45069745,  0.46298975, ...,  0.        ,
          0.44055164,  0.45812285],
        [-0.45069745,  0.        ,  0.01381836, ...,  0.45069745,
          0.7978736 ,  0.80957558],
        [-0.46298975, -0.01381836,  0.        , ...,  0.46298975,
          0.80612747,  0.81760987],
        ...,
        [-0.        , -0.45069745, -0.46298975, ...,  0.        ,
         -0.44055164, -0.45812285],
        [-0.44055164, -0.7978736 , -0.80612747, ...,  0.44055164,
          0.        , -0.01966792],
        [-0.45812285, -0.80957558, -0.81760987, ...,  0.45812285,
          0.01966792,  0.        ]],

       ...,

       [[ 0.        ,  0.21130422,  0.14570098, ...,  0.67866164,
          0.39818786,  0.49524341],
        [-0.21130422,  0.        , -0.06663823, ...,  0.50814508,
          0.19536673,  0.30048953],
        [-0.14570098,  0.06663823,  0.        , ...,  0.56440918,
          0.26028659,  0.36338016],
        ...,
        [-0.67866164, -0.50814508, -0.56440918, ...,  0.        ,
         -0.33008946, -0.22585814],
        [-0.39818786, -0.19536673, -0.26028659, ...,  0.33008946,
          0.        ,  0.1083613 ],
        [-0.49524341, -0.30048953, -0.36338016, ...,  0.22585814,
         -0.1083613 ,  0.        ]],

       [[ 0.        , -0.08080108, -0.13866714, ...,  0.95667535,
          0.94558229,  0.7851919 ],
        [ 0.08080108,  0.        , -0.05819328, ...,  0.93002148,
          0.91619917,  0.73258825],
        [ 0.13866714,  0.05819328,  0.        , ...,  0.90705907,
          0.89132713,  0.69173622],
        ...,
        [-0.95667535, -0.93002148, -0.90705907, ...,  0.        ,
          0.03597324,  0.36380967],
        [-0.94558229, -0.91619917, -0.89132713, ..., -0.03597324,
          0.        ,  0.33006608],
        [-0.7851919 , -0.73258825, -0.69173622, ..., -0.36380967,
         -0.33006608,  0.        ]],

       [[ 0.        ,  0.26953052,  0.28549589, ...,  0.9328902 ,
          0.93137169,  0.93448784],
        [-0.26953052,  0.        ,  0.01661758, ...,  0.99544001,
          0.99503125,  0.9958557 ],
        [-0.28549589, -0.01661758,  0.        , ...,  0.99688771,
          0.99654835,  0.99722952],
        ...,
        [-0.9328902 , -0.99544001, -0.99688771, ...,  0.        ,
          0.00419342, -0.00446169],
        [-0.93137169, -0.99503125, -0.99654835, ..., -0.00419342,
          0.        , -0.00865503],
        [-0.93448784, -0.9958557 , -0.99722952, ...,  0.00446169,
          0.00865503,  0.        ]]]), 'num': array([ 9.96230510e-01,  8.55274105e-02,  5.78224159e-05, -1.59114987e-10,
        1.92863839e-04,  1.94945544e-04,  1.91149494e-04,  1.44756373e-02,
       -2.93887755e-06,  1.95459848e-04,  1.85828901e-04,  1.79316430e-04,
        7.54462328e-07,  2.04912832e-04,  1.66744971e-04])}
{'img': array([[[ 0.        , -0.38599161, -0.72534524, ...,  0.9413138 ,
          0.99929329,  0.988847  ],
        [ 0.38599161,  0.        , -0.40342171, ...,  0.99864893,
          0.90734139,  0.96970125],
        [ 0.72534524,  0.40342171,  0.        , ...,  0.8928143 ,
          0.66063392,  0.78873693],
        ...,
        [-0.9413138 , -0.99864893, -0.8928143 , ...,  0.        ,
          0.37267705,  0.19357375],
        [-0.99929329, -0.90734139, -0.66063392, ..., -0.37267705,
          0.        , -0.18599922],
        [-0.988847  , -0.96970125, -0.78873693, ..., -0.19357375,
          0.18599922,  0.        ]],

       [[ 0.        ,  0.44407754,  0.53120495, ...,  0.41404908,
          0.21142706,  0.11147288],
        [-0.44407754,  0.        ,  0.09971172, ..., -0.03324044,
         -0.24460244, -0.34143141],
        [-0.53120495, -0.09971172,  0.        , ..., -0.1327314 ,
         -0.34006625, -0.43344955],
        ...,
        [-0.41404908,  0.03324044,  0.1327314 , ...,  0.        ,
         -0.21223655, -0.30999981],
        [-0.21142706,  0.24460244,  0.34006625, ...,  0.21223655,
          0.        , -0.10115643],
        [-0.11147288,  0.34143141,  0.43344955, ...,  0.30999981,
          0.10115643,  0.        ]],

       [[ 0.        ,  0.01784224, -0.01872762, ...,  0.73299811,
          0.74639056,  0.81692567],
        [-0.01784224,  0.        , -0.03656375, ...,  0.74501827,
          0.7581459 ,  0.82708602],
        [ 0.01872762,  0.03656375,  0.        , ...,  0.72013045,
          0.73379627,  0.80598138],
        ...,
        [-0.73299811, -0.74501827, -0.72013045, ...,  0.        ,
         -0.01990152, -0.1329464 ],
        [-0.74639056, -0.7581459 , -0.73379627, ...,  0.01990152,
          0.        , -0.11319521],
        [-0.81692567, -0.82708602, -0.80598138, ...,  0.1329464 ,
          0.11319521,  0.        ]],

       ...,

       [[ 0.        , -0.06663823, -0.31915409, ...,  0.19536673,
          0.30048953,  0.11405373],
        [ 0.06663823,  0.        , -0.25529144, ...,  0.26028659,
          0.36338016,  0.1800036 ],
        [ 0.31915409,  0.25529144,  0.        , ...,  0.49815367,
          0.5891792 ,  0.42516052],
        ...,
        [-0.19536673, -0.26028659, -0.49815367, ...,  0.        ,
          0.1083613 , -0.08223593],
        [-0.30048953, -0.36338016, -0.5891792 , ..., -0.1083613 ,
          0.        , -0.18974596],
        [-0.11405373, -0.1800036 , -0.42516052, ...,  0.08223593,
          0.18974596,  0.        ]],

       [[ 0.        , -0.05768474, -0.31584017, ...,  0.94273246,
          0.87236766,  0.72815073],
        [ 0.05768474,  0.        , -0.26058225, ...,  0.92192193,
          0.84271582,  0.68740014],
        [ 0.31584017,  0.26058225,  0.        , ...,  0.78912782,
          0.67331467,  0.47439621],
        ...,
        [-0.94273246, -0.92192193, -0.78912782, ...,  0.        ,
          0.169877  ,  0.40329032],
        [-0.87236766, -0.84271582, -0.67331467, ..., -0.169877  ,
          0.        ,  0.24197891],
        [-0.72815073, -0.68740014, -0.47439621, ..., -0.40329032,
         -0.24197891,  0.        ]],

       [[ 0.        ,  0.09682793,  0.44655028, ...,  0.93596969,
          0.93902325,  0.93781895],
        [-0.09682793,  0.        ,  0.35781438, ...,  0.96566293,
          0.96790555,  0.96702364],
        [-0.44655028, -0.35781438,  0.        , ...,  0.99468856,
          0.99374702,  0.99413019],
        ...,
        [-0.93596969, -0.96566293, -0.99468856, ...,  0.        ,
         -0.00877525, -0.00528955],
        [-0.93902325, -0.96790555, -0.99374702, ...,  0.00877525,
          0.        ,  0.00348578],
        [-0.93781895, -0.96702364, -0.99413019, ...,  0.00528955,
         -0.00348578,  0.        ]]]), 'num': array([ 9.49028937e-01,  3.14902122e-01,  4.03645316e-05, -1.66747538e-08,
        1.83645176e-04,  1.87385879e-04,  1.82008618e-04,  1.34338258e-02,
       -4.67587971e-07,  1.84907663e-04,  1.77928913e-04,  1.71620372e-04,
        7.13004602e-07,  1.96224229e-04,  1.59633596e-04])}
{'img': array([[[ 0.        , -0.40342171,  0.06536958, ...,  0.90734139,
          0.96970125,  0.97625203],
        [ 0.40342171,  0.        ,  0.46237294, ...,  0.66063392,
          0.78873693,  0.80588802],
        [-0.06536958, -0.46237294,  0.        , ...,  0.93288171,
          0.98359656,  0.98832548],
        ...,
        [-0.90734139, -0.66063392, -0.93288171, ...,  0.        ,
         -0.18599922, -0.21384656],
        [-0.96970125, -0.78873693, -0.98359656, ...,  0.18599922,
          0.        , -0.02841836],
        [-0.97625203, -0.80588802, -0.98832548, ...,  0.21384656,
          0.02841836,  0.        ]],

       [[ 0.        ,  0.09971172, -0.05725286, ..., -0.24460244,
         -0.34143141, -0.35368187],
        [-0.09971172,  0.        , -0.1565157 , ..., -0.34006625,
         -0.43344955, -0.44518617],
        [ 0.05725286,  0.1565157 ,  0.        , ..., -0.1886875 ,
         -0.28705901, -0.29954936],
        ...,
        [ 0.24460244,  0.34006625,  0.1886875 , ...,  0.        ,
         -0.10115643, -0.11414548],
        [ 0.34143141,  0.43344955,  0.28705901, ...,  0.10115643,
          0.        , -0.0130647 ],
        [ 0.35368187,  0.44518617,  0.29954936, ...,  0.11414548,
          0.0130647 ,  0.        ]],

       [[ 0.        , -0.03656375, -0.09972593, ...,  0.7581459 ,
          0.82708602,  0.9017492 ],
        [ 0.03656375,  0.        , -0.06327777, ...,  0.73379627,
          0.80598138,  0.88534119],
        [ 0.09972593,  0.06327777,  0.        , ...,  0.68933672,
          0.76690945,  0.85414644],
        ...,
        [-0.7581459 , -0.73379627, -0.68933672, ...,  0.        ,
         -0.11319521, -0.26030123],
        [-0.82708602, -0.80598138, -0.76690945, ...,  0.11319521,
          0.        , -0.14933513],
        [-0.9017492 , -0.88534119, -0.85414644, ...,  0.26030123,
          0.14933513,  0.        ]],

       ...,

       [[ 0.        , -0.25529144,  0.05060486, ...,  0.36338016,
          0.1800036 ,  0.15944666],
        [ 0.25529144,  0.        ,  0.30389237, ...,  0.5891792 ,
          0.42516052,  0.40618863],
        [-0.05060486, -0.30389237,  0.        , ...,  0.31576902,
          0.1299947 ,  0.10928492],
        ...,
        [-0.36338016, -0.5891792 , -0.31576902, ...,  0.        ,
         -0.18974596, -0.21018424],
        [-0.1800036 , -0.42516052, -0.1299947 , ...,  0.18974596,
          0.        , -0.02085849],
        [-0.15944666, -0.40618863, -0.10928492, ...,  0.21018424,
          0.02085849,  0.        ]],

       [[ 0.        , -0.25831106, -0.53893644, ...,  0.89287833,
          0.84455576,  0.68272137],
        [ 0.25831106,  0.        , -0.30305851, ...,  0.74625869,
          0.67757585,  0.47080862],
        [ 0.53893644,  0.30305851,  0.        , ...,  0.50943087,
          0.42282553,  0.18129847],
        ...,
        [-0.89287833, -0.74625869, -0.50943087, ...,  0.        ,
          0.09780565,  0.34497921],
        [-0.84455576, -0.67757585, -0.42282553, ..., -0.09780565,
          0.        ,  0.25152382],
        [-0.68272137, -0.47080862, -0.18129847, ..., -0.34497921,
         -0.25152382,  0.        ]],

       [[ 0.        ,  0.43749543,  0.56847654, ...,  0.93958763,
          0.9383866 ,  0.92457598],
        [-0.43749543,  0.        ,  0.15125857, ...,  0.99465497,
          0.99500946,  0.99808256],
        [-0.56847654, -0.15125857,  0.        , ...,  0.96759258,
          0.96846844,  0.97723643],
        ...,
        [-0.93958763, -0.99465497, -0.96759258, ...,  0.        ,
          0.00349188,  0.04149055],
        [-0.9383866 , -0.99500946, -0.96846844, ..., -0.00349188,
          0.        ,  0.03800143],
        [-0.92457598, -0.99808256, -0.97723643, ..., -0.04149055,
         -0.03800143,  0.        ]]]), 'num': array([ 9.70383623e-01,  2.41235658e-01,  4.68002545e-05, -1.91850464e-08,
        1.87393463e-04,  1.88836802e-04,  1.85348733e-04,  1.26769392e-02,
       -1.56361683e-06,  1.88812746e-04,  1.83430296e-04,  1.77091634e-04,
        7.53806511e-07,  2.02299411e-04,  1.64561181e-04])}
{'img': array([[[ 0.        ,  0.46237294,  0.63395357, ...,  0.78873693,
          0.80588802,  0.85513001],
        [-0.46237294,  0.        ,  0.20453161, ...,  0.98359656,
          0.98832548,  0.99793185],
        [-0.63395357, -0.20453161,  0.        , ...,  0.99969719,
          0.99859412,  0.989983  ],
        ...,
        [-0.78873693, -0.98359656, -0.99969719, ...,  0.        ,
         -0.02841836, -0.11678287],
        [-0.80588802, -0.98832548, -0.99859412, ...,  0.02841836,
          0.        , -0.0885118 ],
        [-0.85513001, -0.99793185, -0.989983  , ...,  0.11678287,
          0.0885118 ,  0.        ]],

       [[ 0.        , -0.1565157 , -0.45511482, ..., -0.43344955,
         -0.44518617, -0.48036067],
        [ 0.1565157 ,  0.        , -0.31013904, ..., -0.28705901,
         -0.29954936, -0.33716507],
        [ 0.45511482,  0.31013904,  0.        , ...,  0.02418171,
          0.01111877, -0.02856085],
        ...,
        [ 0.43344955,  0.28705901, -0.02418171, ...,  0.        ,
         -0.0130647 , -0.05272434],
        [ 0.44518617,  0.29954936, -0.01111877, ...,  0.0130647 ,
          0.        , -0.03967331],
        [ 0.48036067,  0.33716507,  0.02856085, ...,  0.05272434,
          0.03967331,  0.        ]],

       [[ 0.        , -0.06327777, -0.14491719, ...,  0.80598138,
          0.88534119,  0.93036372],
        [ 0.06327777,  0.        , -0.08201697, ...,  0.76690945,
          0.85414644,  0.9052992 ],
        [ 0.14491719,  0.08201697,  0.        , ...,  0.71169086,
          0.80861726,  0.86741047],
        ...,
        [-0.80598138, -0.76690945, -0.71169086, ...,  0.        ,
         -0.14933513, -0.25521702],
        [-0.88534119, -0.85414644, -0.80861726, ...,  0.14933513,
          0.        , -0.10796546],
        [-0.93036372, -0.9052992 , -0.86741047, ...,  0.25521702,
          0.10796546,  0.        ]],

       ...,

       [[ 0.        ,  0.30389237,  0.46642144, ...,  0.42516052,
          0.40618863,  0.45755403],
        [-0.30389237,  0.        ,  0.17555085, ...,  0.1299947 ,
          0.10928492,  0.16569907],
        [-0.46642144, -0.17555085,  0.        , ..., -0.04608532,
         -0.06691161, -0.00999827],
        ...,
        [-0.42516052, -0.1299947 ,  0.04608532, ...,  0.        ,
         -0.02085849,  0.03609537],
        [-0.40618863, -0.10928492,  0.06691161, ...,  0.02085849,
          0.        ,  0.05693241],
        [-0.45755403, -0.16569907,  0.00999827, ..., -0.03609537,
         -0.05693241,  0.        ]],

       [[ 0.        , -0.30152086, -0.37464384, ...,  0.72558839,
          0.63607165,  0.46856422],
        [ 0.30152086,  0.        , -0.07764703, ...,  0.48433395,
          0.37380606,  0.18038464],
        [ 0.37464384,  0.07764703,  0.        , ...,  0.41493963,
          0.30065936,  0.10346673],
        ...,
        [-0.72558839, -0.48433395, -0.41493963, ...,  0.        ,
          0.12218643,  0.31857352],
        [-0.63607165, -0.37380606, -0.30065936, ..., -0.12218643,
          0.        ,  0.20036621],
        [-0.46856422, -0.18038464, -0.10346673, ..., -0.31857352,
         -0.20036621,  0.        ]],

       [[ 0.        ,  0.39328092,  0.41090948, ...,  0.95045511,
          0.93743837,  0.92787835],
        [-0.39328092,  0.        ,  0.01925289, ...,  0.99612191,
          0.9988193 ,  0.99975618],
        [-0.41090948, -0.01925289,  0.        , ...,  0.99424333,
          0.99769886,  0.99914574],
        ...,
        [-0.95045511, -0.99612191, -0.99424333, ...,  0.        ,
          0.03948832,  0.06596662],
        [-0.93743837, -0.9988193 , -0.99769886, ..., -0.03948832,
          0.        ,  0.02651286],
        [-0.92787835, -0.99975618, -0.99914574, ..., -0.06596662,
         -0.02651286,  0.        ]]]), 'num': array([ 7.07082119e-01,  7.07082119e-01,  0.00000000e+00, -2.04356421e-08,
        1.36364258e-04,  1.37241763e-04,  1.35223502e-04,  8.34305313e-03,
       -3.51001951e-07,  1.37891116e-04,  1.34403035e-04,  1.29585533e-04,
        5.27225153e-07,  1.47559906e-04,  1.21246164e-04])}
{'img': array([[[ 0.        ,  0.47519617,  0.47519617, ...,  0.82332682,
          0.8720092 ,  0.88506604],
        [-0.47519617,  0.        ,  0.        , ...,  0.99413464,
          0.99986688,  0.99993921],
        [-0.47519617,  0.        ,  0.        , ...,  0.99413464,
          0.99986688,  0.99993921],
        ...,
        [-0.82332682, -0.99413464, -0.99413464, ...,  0.        ,
         -0.09191431, -0.11910458],
        [-0.8720092 , -0.99986688, -0.99986688, ...,  0.09191431,
          0.        , -0.02734036],
        [-0.88506604, -0.99993921, -0.99993921, ...,  0.11910458,
          0.02734036,  0.        ]],

       [[ 0.        , -0.31013904, -0.4459476 , ..., -0.29954936,
         -0.33716507, -0.3809833 ],
        [ 0.31013904,  0.        , -0.1463657 , ...,  0.01111877,
         -0.02856085, -0.07544852],
        [ 0.4459476 ,  0.1463657 ,  0.        , ...,  0.15735568,
          0.11805273,  0.07131253],
        ...,
        [ 0.29954936, -0.01111877, -0.15735568, ...,  0.        ,
         -0.03967331, -0.08653093],
        [ 0.33716507,  0.02856085, -0.11805273, ...,  0.03967331,
          0.        , -0.0469383 ],
        [ 0.3809833 ,  0.07544852, -0.07131253, ...,  0.08653093,
          0.0469383 ,  0.        ]],

       [[ 0.        , -0.08201697, -0.27562467, ...,  0.85414644,
          0.9052992 ,  0.89935208],
        [ 0.08201697,  0.        , -0.195856  , ...,  0.80861726,
          0.86741047,  0.86046221],
        [ 0.27562467,  0.195856  ,  0.        , ...,  0.67772755,
          0.75315442,  0.74400593],
        ...,
        [-0.85414644, -0.80861726, -0.67772755, ...,  0.        ,
         -0.10796546, -0.09423805],
        [-0.9052992 , -0.86741047, -0.75315442, ...,  0.10796546,
          0.        ,  0.01379779],
        [-0.89935208, -0.86046221, -0.74400593, ...,  0.09423805,
         -0.01379779,  0.        ]],

       ...,

       [[ 0.        ,  0.17555085,  0.02104132, ...,  0.10928492,
          0.16569907,  0.07887539],
        [-0.17555085,  0.        , -0.15479743, ..., -0.06691161,
         -0.00999827, -0.09735343],
        [-0.02104132,  0.15479743,  0.        , ...,  0.08834543,
          0.14491194,  0.05788216],
        ...,
        [-0.10928492,  0.06691161, -0.08834543, ...,  0.        ,
          0.05693241, -0.03054148],
        [-0.16569907,  0.00999827, -0.14491194, ..., -0.05693241,
          0.        , -0.08739779],
        [-0.07887539,  0.09735343, -0.05788216, ...,  0.03054148,
          0.08739779,  0.        ]],

       [[ 0.        , -0.07764703, -0.18038464, ...,  0.37380606,
          0.18038464,  0.24371543],
        [ 0.07764703,  0.        , -0.10346673, ...,  0.30065936,
          0.10346673,  0.16767391],
        [ 0.18038464,  0.10346673,  0.        , ...,  0.20036621,
          0.        ,  0.0647721 ],
        ...,
        [-0.37380606, -0.30065936, -0.20036621, ...,  0.        ,
          0.20036621,  0.13648687],
        [-0.18038464, -0.10346673, -0.        , ..., -0.20036621,
          0.        , -0.0647721 ],
        [-0.24371543, -0.16767391, -0.0647721 , ..., -0.13648687,
          0.0647721 ,  0.        ]],

       [[ 0.        ,  0.12676519,  0.15351257, ...,  0.94715199,
          0.93802957,  0.87623537],
        [-0.12676519,  0.        ,  0.02701154, ...,  0.98017547,
          0.9743934 ,  0.9302526 ],
        [-0.15351257, -0.02701154,  0.        , ...,  0.98516966,
          0.9801114 ,  0.93982424],
        ...,
        [-0.94715199, -0.98017547, -0.98516966, ...,  0.        ,
          0.02733453,  0.17533351],
        [-0.93802957, -0.9743934 , -0.9801114 , ..., -0.02733453,
          0.        ,  0.1483569 ],
        [-0.87623537, -0.9302526 , -0.93982424, ..., -0.17533351,
         -0.1483569 ,  0.        ]]]), 'num': array([ 8.48168857e-01,  5.29329652e-01,  1.99150034e-05, -2.42972569e-08,
        1.66669736e-04,  1.66982047e-04,  1.60839939e-04,  2.04816597e-02,
        4.89286546e-06,  1.63629913e-04,  1.60449551e-04,  1.54239776e-04,
        6.47349376e-07,  1.75195971e-04,  1.45703130e-04])}
{'img': array([[[ 0.00000000e+00,  0.00000000e+00, -3.46417356e-01, ...,
          9.90255013e-01,  9.93756547e-01,  8.87350677e-01],
        [ 0.00000000e+00,  0.00000000e+00, -3.46417356e-01, ...,
          9.90255013e-01,  9.93756547e-01,  8.87350677e-01],
        [ 3.46417356e-01,  3.46417356e-01,  0.00000000e+00, ...,
          8.80694765e-01,  8.93573756e-01,  6.72674986e-01],
        ...,
        [-9.90255013e-01, -9.90255013e-01, -8.80694765e-01, ...,
          0.00000000e+00, -2.79134484e-02,  3.33024074e-01],
        [-9.93756547e-01, -9.93756547e-01, -8.93573756e-01, ...,
          2.79134484e-02,  0.00000000e+00,  3.59214411e-01],
        [-8.87350677e-01, -8.87350677e-01, -6.72674986e-01, ...,
         -3.33024074e-01, -3.59214411e-01,  0.00000000e+00]],

       [[ 0.00000000e+00, -1.46365699e-01, -1.04424027e-01, ...,
         -2.85608450e-02, -7.54485200e-02,  2.74356767e-01],
        [ 1.46365699e-01,  0.00000000e+00,  4.22660605e-02, ...,
          1.18052730e-01,  7.13125317e-02,  4.12151446e-01],
        [ 1.04424027e-01, -4.22660605e-02,  0.00000000e+00, ...,
          7.59767289e-02,  2.90903542e-02,  3.73273887e-01],
        ...,
        [ 2.85608450e-02, -1.18052730e-01, -7.59767289e-02, ...,
          0.00000000e+00, -4.69383033e-02,  3.01709752e-01],
        [ 7.54485200e-02, -7.13125317e-02, -2.90903542e-02, ...,
          4.69383033e-02,  0.00000000e+00,  3.46128175e-01],
        [-2.74356767e-01, -4.12151446e-01, -3.73273887e-01, ...,
         -3.01709752e-01, -3.46128175e-01,  0.00000000e+00]],

       [[ 0.00000000e+00, -1.95856003e-01,  0.00000000e+00, ...,
          8.67410474e-01,  8.60462214e-01,  8.58685817e-01],
        [ 1.95856003e-01,  0.00000000e+00,  1.95856003e-01, ...,
          7.53154416e-01,  7.44005929e-01,  7.41678699e-01],
        [ 0.00000000e+00, -1.95856003e-01,  0.00000000e+00, ...,
          8.67410474e-01,  8.60462214e-01,  8.58685817e-01],
        ...,
        [-8.67410474e-01, -7.53154416e-01, -8.67410474e-01, ...,
          0.00000000e+00,  1.37977914e-02,  1.72736241e-02],
        [-8.60462214e-01, -7.44005929e-01, -8.60462214e-01, ...,
         -1.37977914e-02,  0.00000000e+00,  3.47624700e-03],
        [-8.58685817e-01, -7.41678699e-01, -8.58685817e-01, ...,
         -1.72736241e-02, -3.47624700e-03,  0.00000000e+00]],

       ...,

       [[ 0.00000000e+00, -1.54797426e-01, -2.53723030e-02, ...,
         -9.99826758e-03, -9.73534327e-02, -2.67010391e-02],
        [ 1.54797426e-01,  0.00000000e+00,  1.29681121e-01, ...,
          1.44911938e-01,  5.78821614e-02,  1.28363044e-01],
        [ 2.53723030e-02, -1.29681121e-01,  0.00000000e+00, ...,
          1.53759860e-02, -7.20703104e-02, -1.32918637e-03],
        ...,
        [ 9.99826758e-03, -1.44911938e-01, -1.53759860e-02, ...,
          0.00000000e+00, -8.73977920e-02, -1.67050016e-02],
        [ 9.73534327e-02, -5.78821614e-02,  7.20703104e-02, ...,
          8.73977920e-02,  0.00000000e+00,  7.07445169e-02],
        [ 2.67010391e-02, -1.28363044e-01,  1.32918637e-03, ...,
          1.67050016e-02, -7.07445169e-02,  0.00000000e+00]],

       [[ 0.00000000e+00, -1.03313850e-01,  5.24301364e-02, ...,
          2.10786030e-01,  2.28167812e-01,  1.03313850e-01],
        [ 1.03313850e-01,  0.00000000e+00,  1.55321325e-01, ...,
          1.08665456e-01,  1.26358223e-01,  0.00000000e+00],
        [-5.24301364e-02, -1.55321325e-01,  0.00000000e+00, ...,
          2.61748262e-01,  2.78901114e-01,  1.55321325e-01],
        ...,
        [-2.10786030e-01, -1.08665456e-01, -2.61748262e-01, ...,
          0.00000000e+00, -1.78155106e-02,  1.08665456e-01],
        [-2.28167812e-01, -1.26358223e-01, -2.78901114e-01, ...,
          1.78155106e-02,  0.00000000e+00,  1.26358223e-01],
        [-1.03313850e-01, -0.00000000e+00, -1.55321325e-01, ...,
         -1.08665456e-01, -1.26358223e-01,  0.00000000e+00]],

       [[ 0.00000000e+00,  8.71110316e-02,  8.78767020e-02, ...,
          9.39003057e-01,  8.77386087e-01,  7.51969729e-01],
        [-8.71110316e-02,  0.00000000e+00,  7.68617895e-04, ...,
          9.65391789e-01,  9.15845366e-01,  8.06534584e-01],
        [-8.78767020e-02, -7.68617895e-04,  0.00000000e+00, ...,
          9.65591963e-01,  9.16153720e-01,  8.06988743e-01],
        ...,
        [-9.39003057e-01, -9.65391789e-01, -9.65591963e-01, ...,
          0.00000000e+00,  1.48778799e-01,  3.60379596e-01],
        [-8.77386087e-01, -9.15845366e-01, -9.16153720e-01, ...,
         -1.48778799e-01,  0.00000000e+00,  2.17587034e-01],
        [-7.51969729e-01, -8.06534584e-01, -8.06988743e-01, ...,
