state_0,state_1,state_2,state_3,state_4,state_5,state_6,state_7,state_8,state_9,state_10,state_11,state_12,state_13,state_14,state_15,state_16,state_17,state_18,state_19,state_20,state_21,state_22,state_23,state_24,state_25,state_26,state_27,state_28,state_29,state_30,state_31,state_32,state_33,state_34,state_35,state_36,state_37,state_38,state_39,state_40,state_41,state_42,state_43,state_44,state_45,state_46,state_47,state_48,state_49,state_50,state_51,state_52,state_53,state_54,state_55,state_56,state_57,state_58,state_59,state_60,state_61,state_62,state_63,state_64,state_65,state_66,state_67,state_68,state_69,state_70,state_71,state_72,state_73,state_74,state_75,state_76,state_77,state_78,state_79,state_80,state_81,state_82,state_83,state_84,state_85,state_86,state_87,state_88,state_89,state_90,state_91,state_92,state_93,state_94,state_95,state_96,state_97,state_98,state_99,state_100,state_101,state_102,state_103,state_104,state_105,state_106,state_107,state_108,state_109,state_110,state_111,state_112,state_113,state_114,state_115,state_116,state_117,state_118,state_119,state_120,state_121,state_122,state_123,state_124,state_125,state_126,state_127,state_128,state_129,state_130,state_131,state_132,state_133,state_134,state_135,state_136,state_137,state_138,state_139,state_140,state_141,state_142,state_143,state_144,state_145,state_146,state_147,state_148,state_149,state_150,state_151,state_152,state_153,state_154,state_155,state_156,state_157,state_158,state_159,state_160,state_161,state_162,state_163,state_164,state_165,state_166,state_167,state_168,state_169,state_170,state_171,state_172,state_173,state_174,state_175,state_176,state_177,state_178,state_179,state_180,state_181,state_182,state_183,state_184,state_185,state_186,state_187,state_188,state_189,state_190,state_191,state_192,state_193,state_194,state_195,state_196,state_197,state_198,state_199,state_200,state_201,state_202,state_203,state_204,state_205,state_206,state_207,state_208,state_209,state_210,state_211,state_212,state_213,state_214,state_215,state_216,state_217,state_218,state_219,state_220,state_221,state_222,state_223,state_224,state_225,state_226,state_227,state_228,state_229,state_230,state_231,state_232,state_233,state_234,state_235,state_236,state_237,state_238,state_239,state_240,state_241,state_242,state_243,state_244,state_245,state_246,state_247,state_248,state_249,state_250,state_251,state_252,state_253,state_254,state_255,state_256,state_257,state_258,state_259,state_260,state_261,state_262,state_263,state_264,state_265,state_266,state_267,state_268,state_269,state_270,state_271,state_272,state_273,state_274,state_275,state_276,state_277,state_278,state_279,state_280,state_281,state_282,state_283,state_284,state_285,state_286,state_287
{'img': array([[[ 0.        , -0.37240118, -0.2279467 , ..., -0.58950219,
         -0.57676417, -0.50962453],
        [ 0.37240118,  0.        ,  0.15104628, ..., -0.24628709,
         -0.23106008, -0.15255535],
        [ 0.2279467 , -0.15104628,  0.        , ..., -0.38985496,
         -0.37536795, -0.30008332],
        ...,
        [ 0.58950219,  0.24628709,  0.38985496, ...,  0.        ,
          0.01567972,  0.0955481 ],
        [ 0.57676417,  0.23106008,  0.37536795, ..., -0.01567972,
          0.        ,  0.07992838],
        [ 0.50962453,  0.15255535,  0.30008332, ..., -0.0955481 ,
         -0.07992838,  0.        ]],

       [[ 0.        ,  0.13235208, -0.08086222, ...,  0.39197577,
         -0.14733368,  0.05460542],
        [-0.13235208,  0.        , -0.21206953, ...,  0.26676679,
         -0.27694525, -0.07802958],
        [ 0.08086222,  0.21206953,  0.        , ...,  0.46508343,
         -0.06687144,  0.13516818],
        ...,
        [-0.39197577, -0.26676679, -0.46508343, ...,  0.        ,
         -0.52324145, -0.3411553 ],
        [ 0.14733368,  0.27694525,  0.06687144, ...,  0.52324145,
          0.        ,  0.20112335],
        [-0.05460542,  0.07802958, -0.13516818, ...,  0.3411553 ,
         -0.20112335,  0.        ]],

       [[ 0.        , -0.14322107, -0.24677751, ..., -0.99274062,
         -0.99962204, -0.97063679],
        [ 0.14322107,  0.        , -0.10544186, ..., -0.99973209,
         -0.98537931, -0.92617842],
        [ 0.24677751,  0.10544186,  0.        , ..., -0.99171845,
         -0.96192163, -0.88125481],
        ...,
        [ 0.99274062,  0.99973209,  0.99171845, ...,  0.        ,
          0.14752129,  0.35554684],
        [ 0.99962204,  0.98537931,  0.96192163, ..., -0.14752129,
          0.        ,  0.21377474],
        [ 0.97063679,  0.92617842,  0.88125481, ..., -0.35554684,
         -0.21377474,  0.        ]],

       ...,

       [[ 0.        , -0.42304008, -0.43899421, ...,  0.17454099,
          0.1694403 ,  0.19451896],
        [ 0.42304008,  0.        , -0.01768024, ...,  0.57469988,
          0.57045483,  0.59121525],
        [ 0.43899421,  0.01768024,  0.        , ...,  0.58907892,
          0.58488695,  0.6053822 ],
        ...,
        [-0.17454099, -0.57469988, -0.58907892, ...,  0.        ,
         -0.00517783,  0.02032604],
        [-0.1694403 , -0.57045483, -0.58488695, ...,  0.00517783,
          0.        ,  0.02550252],
        [-0.19451896, -0.59121525, -0.6053822 , ..., -0.02032604,
         -0.02550252,  0.        ]],

       [[ 0.        , -0.43328844, -0.56433817, ..., -0.99589384,
         -0.98812114, -0.97276399],
        [ 0.43328844,  0.        , -0.15091422, ..., -0.85832953,
         -0.82396298, -0.77627339],
        [ 0.56433817,  0.15091422,  0.        , ..., -0.77106506,
         -0.72901144, -0.67224685],
        ...,
        [ 0.99589384,  0.85832953,  0.77106506, ...,  0.        ,
          0.06359253,  0.14278287],
        [ 0.98812114,  0.82396298,  0.72901144, ..., -0.06359253,
          0.        ,  0.07955291],
        [ 0.97276399,  0.77627339,  0.67224685, ..., -0.14278287,
         -0.07955291,  0.        ]],

       [[ 0.        , -0.02722658,  0.38741964, ..., -0.99923896,
         -0.99901149, -0.99734119],
        [ 0.02722658,  0.        ,  0.4123763 , ..., -0.99780653,
         -0.99743085, -0.99498736],
        [-0.38741964, -0.4123763 ,  0.        , ..., -0.93631368,
         -0.93821403, -0.94768497],
        ...,
        [ 0.99923896,  0.99780653,  0.93631368, ...,  0.        ,
          0.00545116,  0.03391554],
        [ 0.99901149,  0.99743085,  0.93821403, ..., -0.00545116,
          0.        ,  0.02846701],
        [ 0.99734119,  0.99498736,  0.94768497, ..., -0.03391554,
         -0.02846701,  0.        ]]]), 'num': array([7.05857590e-01, 7.05857590e-01, 0.00000000e+00, 0.00000000e+00,
       1.68792032e-05, 1.81944658e-05, 1.66819139e-05, 5.94148392e-02,
       1.75368345e-07, 1.65153139e-05, 1.62117075e-05, 1.60969873e-05,
       1.18779221e-06, 1.73940201e-05, 1.50293948e-05])}
{'img': array([[[ 0.        ,  0.15104628,  0.15104628, ..., -0.23106008,
         -0.15255535, -0.01775726],
        [-0.15104628,  0.        ,  0.        , ..., -0.37536795,
         -0.30008332, -0.16857599],
        [-0.15104628,  0.        ,  0.        , ..., -0.37536795,
         -0.30008332, -0.16857599],
        ...,
        [ 0.23106008,  0.37536795,  0.37536795, ...,  0.        ,
          0.07992838,  0.21374691],
        [ 0.15255535,  0.30008332,  0.30008332, ..., -0.07992838,
          0.        ,  0.13498189],
        [ 0.01775726,  0.16857599,  0.16857599, ..., -0.21374691,
         -0.13498189,  0.        ]],

       [[ 0.        , -0.21206953, -0.08553133, ..., -0.27694525,
         -0.07802958,  0.724992  ],
        [ 0.21206953,  0.        ,  0.12770651, ..., -0.06687144,
          0.13516818,  0.85456619],
        [ 0.08553133, -0.12770651,  0.        , ..., -0.19374455,
          0.00752691,  0.78124558],
        ...,
        [ 0.27694525,  0.06687144,  0.19374455, ...,  0.        ,
          0.20112335,  0.88738251],
        [ 0.07802958, -0.13516818, -0.00752691, ..., -0.20112335,
          0.        ,  0.77652498],
        [-0.724992  , -0.85456619, -0.78124558, ..., -0.88738251,
         -0.77652498,  0.        ]],

       [[ 0.        , -0.202537  , -0.33763235, ..., -0.99946144,
         -0.9690212 , -0.87813602],
        [ 0.202537  ,  0.        , -0.13999115, ..., -0.97210092,
         -0.89891577, -0.76304037],
        [ 0.33763235,  0.13999115,  0.        , ..., -0.92969165,
         -0.82873079, -0.66504312],
        ...,
        [ 0.99946144,  0.97210092,  0.92969165, ...,  0.        ,
          0.21504591,  0.44933719],
        [ 0.9690212 ,  0.89891577,  0.82873079, ..., -0.21504591,
          0.        ,  0.24671057],
        [ 0.87813602,  0.76304037,  0.66504312, ..., -0.44933719,
         -0.24671057,  0.        ]],

       ...,

       [[ 0.        , -0.01768024,  0.03046376, ...,  0.57045483,
          0.59121525,  0.52524322],
        [ 0.01768024,  0.        ,  0.04813103, ...,  0.58488695,
          0.6053822 ,  0.54020615],
        [-0.03046376, -0.04813103,  0.        , ...,  0.5451693 ,
          0.56637141,  0.49907624],
        ...,
        [-0.57045483, -0.58488695, -0.5451693 , ...,  0.        ,
          0.02550252, -0.05403229],
        [-0.59121525, -0.6053822 , -0.56637141, ..., -0.02550252,
          0.        , -0.07947998],
        [-0.52524322, -0.54020615, -0.49907624, ...,  0.05403229,
          0.07947998,  0.        ]],

       [[ 0.        , -0.39108112, -0.46379478, ..., -0.9769223 ,
         -0.9552582 , -0.9228426 ],
        [ 0.39108112,  0.        , -0.08038096, ..., -0.81558354,
         -0.76350652, -0.69870837],
        [ 0.46379478,  0.08038096,  0.        , ..., -0.76643291,
         -0.70912594, -0.63894243],
        ...,
        [ 0.9769223 ,  0.81558354,  0.76643291, ...,  0.        ,
          0.08490905,  0.17917371],
        [ 0.9552582 ,  0.76350652,  0.70912594, ..., -0.08490905,
          0.        ,  0.09499166],
        [ 0.9228426 ,  0.69870837,  0.63894243, ..., -0.17917371,
         -0.09499166,  0.        ]],

       [[ 0.        ,  0.4123763 ,  0.26397393, ..., -0.99743085,
         -0.99498736, -0.98808652],
        [-0.4123763 ,  0.        , -0.15726539, ..., -0.93821403,
         -0.94768497, -0.96362473],
        [-0.26397393,  0.15726539,  0.        , ..., -0.98096181,
         -0.98609257, -0.99366434],
        ...,
        [ 0.99743085,  0.93821403,  0.98096181, ...,  0.        ,
          0.02846701,  0.08272151],
        [ 0.99498736,  0.94768497,  0.98609257, ..., -0.02846701,
          0.        ,  0.05431854],
        [ 0.98808652,  0.96362473,  0.99366434, ..., -0.08272151,
         -0.05431854,  0.        ]]]), 'num': array([ 9.71865137e-01,  2.33943979e-01,  9.50929328e-04, -3.22820956e-10,
        2.32863504e-05,  2.38264977e-05,  2.29262522e-05,  2.73397358e-02,
        1.80049101e-07,  2.29322539e-05,  2.22735742e-05,  2.20380100e-05,
        1.48584210e-06,  2.39400284e-05,  2.06071201e-05])}
{'img': array([[[ 0.        ,  0.        ,  0.25458084, ..., -0.30008332,
         -0.16857599, -0.05910081],
        [ 0.        ,  0.        ,  0.25458084, ..., -0.30008332,
         -0.16857599, -0.05910081],
        [-0.25458084, -0.25458084,  0.        , ..., -0.53304399,
         -0.41395911, -0.31128937],
        ...,
        [ 0.30008332,  0.30008332,  0.53304399, ...,  0.        ,
          0.13498189,  0.24318174],
        [ 0.16857599,  0.16857599,  0.41395911, ..., -0.13498189,
          0.        ,  0.11002632],
        [ 0.05910081,  0.05910081,  0.31128937, ..., -0.24318174,
         -0.11002632,  0.        ]],

       [[ 0.        ,  0.12770651,  0.27432916, ...,  0.13516818,
          0.85456619,  0.300203  ],
        [-0.12770651,  0.        ,  0.14927579, ...,  0.00752691,
          0.78124558,  0.17592885],
        [-0.27432916, -0.14927579,  0.        , ..., -0.14182899,
          0.6793107 ,  0.02701015],
        ...,
        [-0.13516818, -0.00752691,  0.14182899, ...,  0.        ,
          0.77652498,  0.16851435],
        [-0.85456619, -0.78124558, -0.6793107 , ..., -0.77652498,
          0.        , -0.65924144],
        [-0.300203  , -0.17592885, -0.02701015, ..., -0.16851435,
          0.65924144,  0.        ]],

       [[ 0.        , -0.27443524, -0.16651812, ..., -0.96559922,
         -0.86952337, -0.73100372],
        [ 0.27443524,  0.        ,  0.11047893, ..., -0.85716286,
         -0.70059722, -0.51566994],
        [ 0.16651812, -0.11047893,  0.        , ..., -0.90881738,
         -0.77514149, -0.60717019],
        ...,
        [ 0.96559922,  0.85716286,  0.90881738, ...,  0.        ,
          0.25079511,  0.46881281],
        [ 0.86952337,  0.70059722,  0.77514149, ..., -0.25079511,
          0.        ,  0.23230294],
        [ 0.73100372,  0.51566994,  0.60717019, ..., -0.46881281,
         -0.23230294,  0.        ]],

       ...,

       [[ 0.        ,  0.04813103,  0.37870335, ...,  0.6053822 ,
          0.54020615,  0.42686142],
        [-0.04813103,  0.        ,  0.33371831, ...,  0.56637141,
          0.49907624,  0.382841  ],
        [-0.37870335, -0.33371831,  0.        , ...,  0.25886897,
          0.18127932,  0.05260008],
        ...,
        [-0.6053822 , -0.56637141, -0.25886897, ...,  0.        ,
         -0.07947998, -0.20770353],
        [-0.54020615, -0.49907624, -0.18127932, ...,  0.07947998,
          0.        , -0.12929978],
        [-0.42686142, -0.382841  , -0.05260008, ...,  0.20770353,
          0.12929978,  0.        ]],

       [[ 0.        , -0.2653244 , -0.23260502, ..., -0.93693138,
         -0.89670665, -0.82355796],
        [ 0.2653244 ,  0.        ,  0.03377862, ..., -0.8106166 ,
         -0.74712866, -0.64354047],
        [ 0.23260502, -0.03377862,  0.        , ..., -0.829934  ,
         -0.76915426, -0.66902779],
        ...,
        [ 0.93693138,  0.8106166 ,  0.829934  , ...,  0.        ,
          0.10129863,  0.24361308],
        [ 0.89670665,  0.74712866,  0.76915426, ..., -0.10129863,
          0.        ,  0.14411319],
        [ 0.82355796,  0.64354047,  0.66902779, ..., -0.24361308,
         -0.14411319,  0.        ]],

       [[ 0.        , -0.15726539, -0.12139091, ..., -0.94768497,
         -0.96362473, -0.96842445],
        [ 0.15726539,  0.        ,  0.03622202, ..., -0.98609257,
         -0.99366434, -0.99558114],
        [ 0.12139091, -0.03622202,  0.        , ..., -0.97942547,
         -0.98894132, -0.99152637],
        ...,
        [ 0.94768497,  0.98609257,  0.97942547, ...,  0.        ,
          0.05431854,  0.07286333],
        [ 0.96362473,  0.99366434,  0.98894132, ..., -0.05431854,
          0.        ,  0.0185816 ],
        [ 0.96842445,  0.99558114,  0.99152637, ..., -0.07286333,
         -0.0185816 ,  0.        ]]]), 'num': array([ 7.34977955e-01,  6.78009657e-01,  7.36024523e-05,  1.06154113e-08,
        1.75882365e-05,  1.77245794e-05,  1.74291698e-05,  1.05024950e-02,
       -4.54476396e-08,  1.74473488e-05,  1.69224286e-05,  1.66864796e-05,
        9.77368594e-07,  1.82082916e-05,  1.56365656e-05])}
{'img': array([[[ 0.        ,  0.25458084,  0.25458084, ..., -0.16857599,
         -0.05910081, -0.09678678],
        [-0.25458084,  0.        ,  0.        , ..., -0.41395911,
         -0.31128937, -0.34698342],
        [-0.25458084,  0.        ,  0.        , ..., -0.41395911,
         -0.31128937, -0.34698342],
        ...,
        [ 0.16857599,  0.41395911,  0.41395911, ...,  0.        ,
          0.11002632,  0.07238291],
        [ 0.05910081,  0.31128937,  0.31128937, ..., -0.11002632,
          0.        , -0.03779426],
        [ 0.09678678,  0.34698342,  0.34698342, ..., -0.07238291,
          0.03779426,  0.        ]],

       [[ 0.        ,  0.14927579,  0.24461674, ...,  0.78124558,
          0.17592885, -0.15267168],
        [-0.14927579,  0.        ,  0.09713519, ...,  0.6793107 ,
          0.02701015, -0.29848691],
        [-0.24461674, -0.09713519,  0.        , ...,  0.60481563,
         -0.07021733, -0.38978258],
        ...,
        [-0.78124558, -0.6793107 , -0.60481563, ...,  0.        ,
         -0.65924144, -0.86738831],
        [-0.17592885, -0.02701015,  0.07021733, ...,  0.65924144,
          0.        , -0.32415687],
        [ 0.15267168,  0.29848691,  0.38978258, ...,  0.86738831,
          0.32415687,  0.        ]],

       [[ 0.        ,  0.11996171,  0.14636044, ..., -0.70753977,
         -0.52314838, -0.44408593],
        [-0.11996171,  0.        ,  0.02663362, ..., -0.78720405,
         -0.62160684, -0.54836277],
        [-0.14636044, -0.02663362,  0.        , ..., -0.80334956,
         -0.64224923, -0.57044036],
        ...,
        [ 0.70753977,  0.78720405,  0.80334956, ...,  0.        ,
          0.23329973,  0.32012068],
        [ 0.52314838,  0.62160684,  0.64224923, ..., -0.23329973,
          0.        ,  0.09026417],
        [ 0.44408593,  0.54836277,  0.57044036, ..., -0.32012068,
         -0.09026417,  0.        ]],

       ...,

       [[ 0.        ,  0.33371831,  0.35782142, ...,  0.49907624,
          0.382841  ,  0.20952462],
        [-0.33371831,  0.        ,  0.02568571, ...,  0.18127932,
          0.05260008, -0.12879772],
        [-0.35782142, -0.02568571,  0.        , ...,  0.15595938,
          0.02693258, -0.15422699],
        ...,
        [-0.49907624, -0.18127932, -0.15595938, ...,  0.        ,
         -0.12929978, -0.30643318],
        [-0.382841  , -0.05260008, -0.02693258, ...,  0.12929978,
          0.        , -0.18078139],
        [-0.20952462,  0.12879772,  0.15422699, ...,  0.30643318,
          0.18078139,  0.        ]],

       [[ 0.        ,  0.13032792, -0.05526249, ..., -0.8186607 ,
         -0.72445632, -0.62555796],
        [-0.13032792,  0.        , -0.18491991, ..., -0.88652269,
         -0.80811512, -0.72190147],
        [ 0.05526249,  0.18491991,  0.        , ..., -0.78567366,
         -0.68525567, -0.58148746],
        ...,
        [ 0.8186607 ,  0.88652269,  0.78567366, ...,  0.        ,
          0.1482808 ,  0.27945695],
        [ 0.72445632,  0.80811512,  0.68525567, ..., -0.1482808 ,
          0.        ,  0.13399461],
        [ 0.62555796,  0.72190147,  0.58148746, ..., -0.27945695,
         -0.13399461,  0.        ]],

       [[ 0.        ,  0.10054155,  0.07980836, ..., -0.98608543,
         -0.98901228, -0.99221332],
        [-0.10054155,  0.        , -0.02081688, ..., -0.96437483,
         -0.96913742, -0.97466317],
        [-0.07980836,  0.02081688,  0.        , ..., -0.96967274,
         -0.97405921, -0.97910824],
        ...,
        [ 0.98608543,  0.96437483,  0.96967274, ...,  0.        ,
          0.01863644,  0.04212787],
        [ 0.98901228,  0.96913742,  0.97405921, ..., -0.01863644,
          0.        ,  0.02350066],
        [ 0.99221332,  0.97466317,  0.97910824, ..., -0.04212787,
         -0.02350066,  0.        ]]]), 'num': array([9.99743643e-01, 1.34801652e-05, 1.28006423e-03, 1.32925389e-08,
       2.39272932e-05, 2.41111136e-05, 2.36515625e-05, 2.26054098e-02,
       2.14457173e-07, 2.36699446e-05, 2.28994306e-05, 2.24980893e-05,
       1.57715757e-06, 2.46767285e-05, 2.11221326e-05])}
{'img': array([[[ 0.        ,  0.        , -0.3642555 , ..., -0.31128937,
         -0.34698342, -0.21438045],
        [ 0.        ,  0.        , -0.3642555 , ..., -0.31128937,
         -0.34698342, -0.21438045],
        [ 0.3642555 ,  0.3642555 ,  0.        , ...,  0.05625403,
          0.01847943,  0.15613433],
        ...,
        [ 0.31128937,  0.31128937, -0.05625403, ...,  0.        ,
         -0.03779426,  0.10032297],
        [ 0.34698342,  0.34698342, -0.01847943, ...,  0.03779426,
          0.        ,  0.13785488],
        [ 0.21438045,  0.21438045, -0.15613433, ..., -0.10032297,
         -0.13785488,  0.        ]],

       [[ 0.        ,  0.09713519,  0.04919466, ...,  0.02701015,
         -0.29848691, -0.07691978],
        [-0.09713519,  0.        , -0.04805555, ..., -0.07021733,
         -0.38978258, -0.17340345],
        [-0.04919466,  0.04805555,  0.        , ..., -0.02219927,
         -0.34507757, -0.12587556],
        ...,
        [-0.02701015,  0.07021733,  0.02219927, ...,  0.        ,
         -0.32415687, -0.10382185],
        [ 0.29848691,  0.38978258,  0.34507757, ...,  0.32415687,
          0.        ,  0.22418928],
        [ 0.07691978,  0.17340345,  0.12587556, ...,  0.10382185,
         -0.22418928,  0.        ]],

       [[ 0.        ,  0.02663362,  0.14446104, ..., -0.62160684,
         -0.54836277, -0.42849134],
        [-0.02663362,  0.        ,  0.11805555, ..., -0.64224923,
         -0.57044036, -0.45240403],
        [-0.14446104, -0.11805555,  0.        , ..., -0.72824706,
         -0.66341489, -0.55452385],
        ...,
        [ 0.62160684,  0.64224923,  0.72824706, ...,  0.        ,
          0.09026417,  0.22600044],
        [ 0.54836277,  0.57044036,  0.66341489, ..., -0.09026417,
          0.        ,  0.13714909],
        [ 0.42849134,  0.45240403,  0.55452385, ..., -0.22600044,
         -0.13714909,  0.        ]],

       ...,

       [[ 0.        ,  0.02568571,  0.06603597, ...,  0.05260008,
         -0.12879772,  0.10689216],
        [-0.02568571,  0.        ,  0.04038454, ...,  0.02693258,
         -0.15422699,  0.08131835],
        [-0.06603597, -0.04038454,  0.        , ..., -0.01345928,
         -0.19400253,  0.04100122],
        ...,
        [-0.05260008, -0.02693258,  0.01345928, ...,  0.        ,
         -0.18078139,  0.05444546],
        [ 0.12879772,  0.15422699,  0.19400253, ...,  0.18078139,
          0.        ,  0.23406163],
        [-0.10689216, -0.08131835, -0.04100122, ..., -0.05444546,
         -0.23406163,  0.        ]],

       [[ 0.        , -0.18491991, -0.19435064, ..., -0.80811512,
         -0.72190147, -0.57984882],
        [ 0.18491991,  0.        , -0.00960491, ..., -0.68525567,
         -0.58148746, -0.41918981],
        [ 0.19435064,  0.00960491,  0.        , ..., -0.67822878,
         -0.5736465 , -0.41045018],
        ...,
        [ 0.80811512,  0.68525567,  0.67822878, ...,  0.        ,
          0.13399461,  0.31684565],
        [ 0.72190147,  0.58148746,  0.5736465 , ..., -0.13399461,
          0.        ,  0.18689754],
        [ 0.57984882,  0.41918981,  0.41045018, ..., -0.31684565,
         -0.18689754,  0.        ]],

       [[ 0.        , -0.02081688, -0.22382526, ..., -0.96913742,
         -0.97466317, -0.97938255],
        [ 0.02081688,  0.        , -0.20348801, ..., -0.97405921,
         -0.97910824, -0.98337563],
        [ 0.22382526,  0.20348801,  0.        , ..., -0.99972737,
         -0.99999999, -0.99975085],
        ...,
        [ 0.96913742,  0.97405921,  0.99972737, ...,  0.        ,
          0.02350066,  0.04565875],
        [ 0.97466317,  0.97910824,  0.99999999, ..., -0.02350066,
          0.        ,  0.02216999],
        [ 0.97938255,  0.98337563,  0.99975085, ..., -0.04565875,
         -0.02216999,  0.        ]]]), 'num': array([ 7.14706268e-01,  6.99288868e-01,  1.97658981e-05,  2.58726955e-08,
        1.71114323e-05,  1.71333700e-05,  1.68701172e-05,  1.37850137e-02,
       -2.19377337e-08,  1.70280689e-05,  1.64543972e-05,  1.61063185e-05,
        1.43502469e-06,  1.77475312e-05,  1.51612632e-05])}
{'img': array([[[ 0.        , -0.3642555 , -0.47576681, ..., -0.34698342,
         -0.21438045, -0.23473922],
        [ 0.3642555 ,  0.        , -0.12269244, ...,  0.01847943,
          0.15613433,  0.1354652 ],
        [ 0.47576681,  0.12269244,  0.        , ...,  0.1410113 ,
          0.27614242,  0.2560032 ],
        ...,
        [ 0.34698342, -0.01847943, -0.1410113 , ...,  0.        ,
          0.13785488,  0.11713298],
        [ 0.21438045, -0.15613433, -0.27614242, ..., -0.13785488,
          0.        , -0.02089127],
        [ 0.23473922, -0.1354652 , -0.2560032 , ..., -0.11713298,
          0.02089127,  0.        ]],

       [[ 0.        , -0.04805555, -0.25620186, ..., -0.38978258,
         -0.17340345, -0.24835603],
        [ 0.04805555,  0.        , -0.20945425, ..., -0.34507757,
         -0.12587556, -0.20151918],
        [ 0.25620186,  0.20945425,  0.        , ..., -0.14083487,
          0.08470481,  0.00810803],
        ...,
        [ 0.38978258,  0.34507757,  0.14083487, ...,  0.        ,
          0.22418928,  0.14885745],
        [ 0.17340345,  0.12587556, -0.08470481, ..., -0.22418928,
          0.        , -0.07662314],
        [ 0.24835603,  0.20151918, -0.00810803, ..., -0.14885745,
          0.07662314,  0.        ]],

       [[ 0.        ,  0.11805555, -0.18329163, ..., -0.57044036,
         -0.45240403, -0.33706564],
        [-0.11805555,  0.        , -0.29806539, ..., -0.66341489,
         -0.55452385, -0.44585561],
        [ 0.18329163,  0.29806539,  0.        , ..., -0.41023172,
         -0.28127779, -0.15878966],
        ...,
        [ 0.57044036,  0.66341489,  0.41023172, ...,  0.        ,
          0.13714909,  0.26021368],
        [ 0.45240403,  0.55452385,  0.28127779, ..., -0.13714909,
          0.        ,  0.12533031],
        [ 0.33706564,  0.44585561,  0.15878966, ..., -0.26021368,
         -0.12533031,  0.        ]],

       ...,

       [[ 0.        ,  0.04038454, -0.1387378 , ..., -0.15422699,
          0.08131835,  0.4623346 ],
        [-0.04038454,  0.        , -0.17861861, ..., -0.19400253,
          0.04100122,  0.42614824],
        [ 0.1387378 ,  0.17861861,  0.        , ..., -0.01565762,
          0.21881025,  0.58088301],
        ...,
        [ 0.15422699,  0.19400253,  0.01565762, ...,  0.        ,
          0.23406163,  0.5935569 ],
        [-0.08131835, -0.04100122, -0.21881025, ..., -0.23406163,
          0.        ,  0.388698  ],
        [-0.4623346 , -0.42614824, -0.58088301, ..., -0.5935569 ,
         -0.388698  ,  0.        ]],

       [[ 0.        , -0.06059089, -0.36328964, ..., -0.70750016,
         -0.5570053 , -0.35391414],
        [ 0.06059089,  0.        , -0.30617107, ..., -0.66337987,
         -0.50566063, -0.29659456],
        [ 0.36328964,  0.30617107,  0.        , ..., -0.40241951,
         -0.21723331,  0.01004338],
        ...,
        [ 0.70750016,  0.66337987,  0.40241951, ...,  0.        ,
          0.19394222,  0.41159348],
        [ 0.5570053 ,  0.50566063,  0.21723331, ..., -0.19394222,
          0.        ,  0.2270259 ],
        [ 0.35391414,  0.29659456, -0.01004338, ..., -0.41159348,
         -0.2270259 ,  0.        ]],

       [[ 0.        , -0.22289149, -0.32388554, ..., -0.97468248,
         -0.97940038, -0.98462655],
        [ 0.22289149,  0.        , -0.10486082, ..., -0.99999974,
         -0.99976988, -0.99878962],
        [ 0.32388554,  0.10486082,  0.        , ..., -0.99456217,
         -0.99200859, -0.98812547],
        ...,
        [ 0.97468248,  0.99999974,  0.99456217, ...,  0.        ,
          0.02217197,  0.04990571],
        [ 0.97940038,  0.99976988,  0.99200859, ..., -0.02217197,
          0.        ,  0.0277491 ],
        [ 0.98462655,  0.99878962,  0.98812547, ..., -0.04990571,
         -0.0277491 ,  0.        ]]]), 'num': array([ 9.85252739e-01,  1.69763805e-01,  1.07019545e-03,  3.59232928e-08,
        2.34977362e-05,  2.40836377e-05,  2.29735085e-05,  2.13574686e-02,
       -5.55064634e-07,  2.38862814e-05,  2.31816577e-05,  2.26255652e-05,
        1.97265618e-06,  2.49782493e-05,  2.13850661e-05])}
{'img': array([[[ 0.        , -0.12269244, -0.12269244, ...,  0.15613433,
          0.1354652 , -0.18823133],
        [ 0.12269244,  0.        ,  0.        , ...,  0.27614242,
          0.2560032 , -0.06630991],
        [ 0.12269244,  0.        ,  0.        , ...,  0.27614242,
          0.2560032 , -0.06630991],
        ...,
        [-0.15613433, -0.27614242, -0.27614242, ...,  0.        ,
         -0.02089127, -0.33926622],
        [-0.1354652 , -0.2560032 , -0.2560032 , ...,  0.02089127,
          0.        , -0.31953996],
        [ 0.18823133,  0.06630991,  0.06630991, ...,  0.33926622,
          0.31953996,  0.        ]],

       [[ 0.        , -0.20945425, -0.34950864, ..., -0.12587556,
         -0.20151918, -0.15594547],
        [ 0.20945425,  0.        , -0.14551137, ...,  0.08470481,
          0.00810803,  0.05440536],
        [ 0.34950864,  0.14551137,  0.        , ...,  0.22879167,
          0.15352831,  0.19912216],
        ...,
        [ 0.12587556, -0.08470481, -0.22879167, ...,  0.        ,
         -0.07662314, -0.03036952],
        [ 0.20151918, -0.00810803, -0.15352831, ...,  0.07662314,
          0.        ,  0.04630755],
        [ 0.15594547, -0.05440536, -0.19912216, ...,  0.03036952,
         -0.04630755,  0.        ]],

       [[ 0.        , -0.29806539, -0.41659779, ..., -0.55452385,
         -0.44585561, -0.49807689],
        [ 0.29806539,  0.        , -0.12669299, ..., -0.28127779,
         -0.15878966, -0.21697474],
        [ 0.41659779,  0.12669299,  0.        , ..., -0.15743331,
         -0.03242456, -0.09155154],
        ...,
        [ 0.55452385,  0.28127779,  0.15743331, ...,  0.        ,
          0.12533031,  0.06636229],
        [ 0.44585561,  0.15878966,  0.03242456, ..., -0.12533031,
          0.        , -0.05921501],
        [ 0.49807689,  0.21697474,  0.09155154, ..., -0.06636229,
          0.05921501,  0.        ]],

       ...,

       [[ 0.        , -0.17861861, -0.11559845, ...,  0.04100122,
          0.42614824,  0.3863621 ],
        [ 0.17861861,  0.        ,  0.06368171, ...,  0.21881025,
          0.58088301,  0.54489714],
        [ 0.11559845, -0.06368171,  0.        , ...,  0.15622759,
          0.52786788,  0.49039384],
        ...,
        [-0.04100122, -0.21881025, -0.15622759, ...,  0.        ,
          0.388698  ,  0.34821985],
        [-0.42614824, -0.58088301, -0.52786788, ..., -0.388698  ,
          0.        , -0.04353286],
        [-0.3863621 , -0.54489714, -0.49039384, ..., -0.34821985,
          0.04353286,  0.        ]],

       [[ 0.        , -0.35870121, -0.6424022 , ..., -0.55448743,
         -0.34917533, -0.25405272],
        [ 0.35870121,  0.        , -0.32475489, ..., -0.21907933,
          0.01018507,  0.10978622],
        [ 0.6424022 ,  0.32475489,  0.        , ...,  0.10966079,
          0.33437106,  0.42662743],
        ...,
        [ 0.55448743,  0.21907933, -0.10966079, ...,  0.        ,
          0.22900561,  0.32487424],
        [ 0.34917533, -0.01018507, -0.33437106, ..., -0.22900561,
          0.        ,  0.09965703],
        [ 0.25405272, -0.10978622, -0.42662743, ..., -0.32487424,
         -0.09965703,  0.        ]],

       [[ 0.        , -0.2395387 , -0.18369108, ..., -0.98144153,
         -0.98643386, -0.99219968],
        [ 0.2395387 ,  0.        ,  0.05711946, ..., -0.99880297,
         -0.99703811, -0.99317417],
        [ 0.18369108, -0.05711946,  0.        , ..., -0.99996624,
         -0.9998033 , -0.99821512],
        ...,
        [ 0.98144153,  0.99880297,  0.99996624, ...,  0.        ,
          0.02804751,  0.06792062],
        [ 0.98643386,  0.99703811,  0.9998033 , ..., -0.02804751,
          0.        ,  0.03991116],
        [ 0.99219968,  0.99317417,  0.99821512, ..., -0.06792062,
         -0.03991116,  0.        ]]]), 'num': array([ 7.07044365e-01,  7.07044365e-01,  0.00000000e+00, -2.01638028e-08,
        1.65974936e-05,  1.69520462e-05,  1.61986220e-05,  1.32864377e-02,
       -2.88073988e-07,  1.70451163e-05,  1.66562164e-05,  1.62499582e-05,
        1.42805909e-06,  1.79475130e-05,  1.53649199e-05])}
{'img': array([[[ 0.00000000e+00,  0.00000000e+00, -9.85515222e-02, ...,
          2.56003202e-01, -6.63099142e-02, -2.66230003e-01],
        [ 0.00000000e+00,  0.00000000e+00, -9.85515222e-02, ...,
          2.56003202e-01, -6.63099142e-02, -2.66230003e-01],
        [ 9.85515222e-02,  9.85515222e-02,  0.00000000e+00, ...,
          3.50024350e-01,  3.23475036e-02, -1.69939230e-01],
        ...,
        [-2.56003202e-01, -2.56003202e-01, -3.50024350e-01, ...,
          0.00000000e+00, -3.19539956e-01, -5.04122063e-01],
        [ 6.63099142e-02,  6.63099142e-02, -3.23475036e-02, ...,
          3.19539956e-01,  0.00000000e+00, -2.01727293e-01],
        [ 2.66230003e-01,  2.66230003e-01,  1.69939230e-01, ...,
          5.04122063e-01,  2.01727293e-01,  0.00000000e+00]],

       [[ 0.00000000e+00, -1.45511369e-01, -5.76711694e-05, ...,
          8.10802532e-03,  5.44053596e-02, -1.41717733e-02],
        [ 1.45511369e-01,  0.00000000e+00,  1.45454312e-01, ...,
          1.53528314e-01,  1.99122157e-01,  1.31475819e-01],
        [ 5.76711694e-05, -1.45454312e-01,  0.00000000e+00, ...,
          8.16569458e-03,  5.44629453e-02, -1.41141079e-02],
        ...,
        [-8.10802532e-03, -1.53528314e-01, -8.16569458e-03, ...,
          0.00000000e+00,  4.63075545e-02, -2.22785185e-02],
        [-5.44053596e-02, -1.99122157e-01, -5.44629453e-02, ...,
         -4.63075545e-02,  0.00000000e+00, -6.85506799e-02],
        [ 1.41717733e-02, -1.31475819e-01,  1.41141079e-02, ...,
          2.22785185e-02,  6.85506799e-02,  0.00000000e+00]],

       [[ 0.00000000e+00, -3.01429800e-01, -5.32938710e-01, ...,
         -3.43433212e-01, -4.13388909e-01, -5.80930046e-01],
        [ 3.01429800e-01,  0.00000000e+00, -2.53094878e-01, ...,
         -4.43636083e-02, -1.19693239e-01, -3.08560207e-01],
        [ 5.32938710e-01,  2.53094878e-01,  0.00000000e+00, ...,
          2.09926500e-01,  1.35479158e-01, -5.77688710e-02],
        ...,
        [ 3.43433212e-01,  4.43636083e-02, -2.09926500e-01, ...,
          0.00000000e+00, -7.55307197e-02, -2.66057536e-01],
        [ 4.13388909e-01,  1.19693239e-01, -1.35479158e-01, ...,
          7.55307197e-02,  0.00000000e+00, -1.92489159e-01],
        [ 5.80930046e-01,  3.08560207e-01,  5.77688710e-02, ...,
          2.66057536e-01,  1.92489159e-01,  0.00000000e+00]],

       ...,

       [[ 0.00000000e+00,  6.36817104e-02, -6.10850226e-02, ...,
          5.80883006e-01,  5.44897142e-01,  5.56757995e-01],
        [-6.36817104e-02,  0.00000000e+00, -1.24523825e-01, ...,
          5.27867876e-01,  4.90393844e-01,  5.02729133e-01],
        [ 6.10850226e-02,  1.24523825e-01,  0.00000000e+00, ...,
          6.29520663e-01,  5.95099551e-01,  6.06460072e-01],
        ...,
        [-5.80883006e-01, -5.27867876e-01, -6.29520663e-01, ...,
          0.00000000e+00, -4.35328592e-02, -2.93310404e-02],
        [-5.44897142e-01, -4.90393844e-01, -5.95099551e-01, ...,
          4.35328592e-02,  0.00000000e+00,  1.42108948e-02],
        [-5.56757995e-01, -5.02729133e-01, -6.06460072e-01, ...,
          2.93310404e-02, -1.42108948e-02,  0.00000000e+00]],

       [[ 0.00000000e+00, -3.78106215e-01, -5.60259978e-01, ...,
          1.45061828e-02,  2.59662733e-01,  1.88515203e-01],
        [ 3.78106215e-01,  0.00000000e+00, -2.05475783e-01, ...,
          3.91495707e-01,  6.05522880e-01,  5.45847126e-01],
        [ 5.60259978e-01,  2.05475783e-01,  0.00000000e+00, ...,
          5.72216742e-01,  7.56125715e-01,  7.06364982e-01],
        ...,
        [-1.45061828e-02, -3.91495707e-01, -5.72216742e-01, ...,
          0.00000000e+00,  2.45626799e-01,  1.74249276e-01],
        [-2.59662733e-01, -6.05522880e-01, -7.56125715e-01, ...,
         -2.45626799e-01,  0.00000000e+00, -7.29580386e-02],
        [-1.88515203e-01, -5.45847126e-01, -7.06364982e-01, ...,
         -1.74249276e-01,  7.29580386e-02,  0.00000000e+00]],

       [[ 0.00000000e+00,  1.55734244e-01,  5.39794143e-02, ...,
         -9.99999196e-01, -9.99241399e-01, -9.99312804e-01],
        [-1.55734244e-01,  0.00000000e+00, -1.02186380e-01, ...,
         -9.87600694e-01, -9.93114541e-01, -9.92892690e-01],
        [-5.39794143e-02,  1.02186380e-01,  0.00000000e+00, ...,
         -9.98472789e-01, -9.99886722e-01, -9.99856678e-01],
        ...,
        [ 9.99999196e-01,  9.87600694e-01,  9.98472789e-01, ...,
          0.00000000e+00,  4.02110866e-02,  3.83337180e-02],
        [ 9.99241399e-01,  9.93114541e-01,  9.99886722e-01, ...,
         -4.02110866e-02,  0.00000000e+00, -1.87881720e-03],
        [ 9.99312804e-01,  9.92892690e-01,  9.99856678e-01, ...,
         -3.83337180e-02,  1.87881720e-03,  0.00000000e+00]]]), 'num': array([ 9.92755915e-01,  1.19332693e-01,  1.20306229e-03, -2.95020490e-08,
        2.32213124e-05,  2.40209443e-05,  2.30933713e-05,  1.39265823e-02,
       -7.35661411e-07,  2.42960177e-05,  2.39585730e-05,  2.34340145e-05,
        1.72388191e-06,  2.58129994e-05,  2.21041467e-05])}
{'img': array([[[ 0.        , -0.09855152, -0.40603323, ..., -0.06630991,
         -0.26623   , -0.57138842],
        [ 0.09855152,  0.        , -0.31399451, ...,  0.0323475 ,
         -0.16993923, -0.48772763],
        [ 0.40603323,  0.31399451,  0.        , ...,  0.34454171,
          0.1480828 , -0.18894481],
        ...,
        [ 0.06630991, -0.0323475 , -0.34454171, ...,  0.        ,
         -0.20172729, -0.51571163],
        [ 0.26623   ,  0.16993923, -0.1480828 , ...,  0.20172729,
          0.        , -0.33227717],
        [ 0.57138842,  0.48772763,  0.18894481, ...,  0.51571163,
          0.33227717,  0.        ]],

       [[ 0.        ,  0.14545431,  0.41415588, ...,  0.19912216,
          0.13147582, -0.02672195],
        [-0.14545431,  0.        ,  0.27735793, ...,  0.05446295,
         -0.01411411, -0.17184014],
        [-0.41415588, -0.27735793,  0.        , ..., -0.22462009,
         -0.29089067, -0.43833046],
        ...,
        [-0.19912216, -0.05446295,  0.22462009, ...,  0.        ,
         -0.06855068, -0.22523789],
        [-0.13147582,  0.01411411,  0.29089067, ...,  0.06855068,
          0.        , -0.15791886],
        [ 0.02672195,  0.17184014,  0.43833046, ...,  0.22523789,
          0.15791886,  0.        ]],

       [[ 0.        , -0.45574596, -0.71089644, ..., -0.29322339,
         -0.51507875, -0.73198692],
        [ 0.45574596,  0.        , -0.31225132, ...,  0.17471214,
         -0.0678373 , -0.34104056],
        [ 0.71089644,  0.31225132,  0.        , ...,  0.4734252 ,
          0.24708662, -0.03045696],
        ...,
        [ 0.29322339, -0.17471214, -0.4734252 , ...,  0.        ,
         -0.2411036 , -0.5000331 ],
        [ 0.51507875,  0.0678373 , -0.24708662, ...,  0.2411036 ,
          0.        , -0.27648458],
        [ 0.73198692,  0.34104056,  0.03045696, ...,  0.5000331 ,
          0.27648458,  0.        ]],

       ...,

       [[ 0.        , -0.12452382, -0.30786731, ...,  0.49039384,
          0.50272913,  0.22214232],
        [ 0.12452382,  0.        , -0.18699545, ...,  0.59509955,
          0.60646007,  0.34182581],
        [ 0.30786731,  0.18699545,  0.        , ...,  0.73488172,
          0.74444528,  0.51152774],
        ...,
        [-0.49039384, -0.59509955, -0.73488172, ...,  0.        ,
          0.01421089, -0.28454374],
        [-0.50272913, -0.60646007, -0.74444528, ..., -0.01421089,
          0.        , -0.29813847],
        [-0.22214232, -0.34182581, -0.51152774, ...,  0.28454374,
          0.29813847,  0.        ]],

       [[ 0.        , -0.20547578, -0.09139583, ...,  0.60552288,
          0.54584713,  0.22102961],
        [ 0.20547578,  0.        ,  0.11517015, ...,  0.75612571,
          0.70636498,  0.4167071 ],
        [ 0.09139583, -0.11517015,  0.        , ...,  0.6757239 ,
          0.62014173,  0.30923987],
        ...,
        [-0.60552288, -0.75612571, -0.6757239 , ...,  0.        ,
         -0.07295804, -0.41464501],
        [-0.54584713, -0.70636498, -0.62014173, ...,  0.07295804,
          0.        , -0.34714939],
        [-0.22102961, -0.4167071 , -0.30923987, ...,  0.41464501,
          0.34714939,  0.        ]],

       [[ 0.        , -0.10218638, -0.5179746 , ..., -0.99311454,
         -0.99289269, -0.98751598],
        [ 0.10218638,  0.        , -0.42785333, ..., -0.99988672,
         -0.99985668, -0.99844288],
        [ 0.5179746 ,  0.42785333,  0.        , ..., -0.91018557,
         -0.91096217, -0.92630798],
        ...,
        [ 0.99311454,  0.99988672,  0.91018557, ...,  0.        ,
         -0.00187882, -0.04074934],
        [ 0.99289269,  0.99985668,  0.91096217, ...,  0.00187882,
          0.        , -0.03887201],
        [ 0.98751598,  0.99844288,  0.92630798, ...,  0.04074934,
