state_0,state_1,state_2,state_3,state_4,state_5,state_6,state_7,state_8,state_9,state_10,state_11,state_12,state_13,state_14,state_15,state_16,state_17,state_18,state_19,state_20,state_21,state_22,state_23,state_24,state_25,state_26,state_27,state_28,state_29,state_30,state_31,state_32,state_33,state_34,state_35,state_36,state_37,state_38,state_39,state_40,state_41,state_42,state_43,state_44,state_45,state_46,state_47,state_48,state_49,state_50,state_51,state_52,state_53,state_54,state_55,state_56,state_57,state_58,state_59,state_60,state_61,state_62,state_63,state_64,state_65,state_66,state_67,state_68,state_69,state_70,state_71,state_72,state_73,state_74,state_75,state_76,state_77,state_78,state_79,state_80,state_81,state_82,state_83,state_84,state_85,state_86,state_87,state_88,state_89,state_90,state_91,state_92,state_93,state_94,state_95,state_96,state_97,state_98,state_99,state_100,state_101,state_102,state_103,state_104,state_105,state_106,state_107,state_108,state_109,state_110,state_111,state_112,state_113,state_114,state_115,state_116,state_117,state_118,state_119,state_120,state_121,state_122,state_123,state_124,state_125,state_126,state_127,state_128,state_129,state_130,state_131,state_132,state_133,state_134,state_135,state_136,state_137,state_138,state_139,state_140,state_141,state_142,state_143,state_144,state_145,state_146,state_147,state_148,state_149,state_150,state_151,state_152,state_153,state_154,state_155,state_156,state_157,state_158,state_159,state_160,state_161,state_162,state_163,state_164,state_165,state_166,state_167,state_168,state_169,state_170,state_171,state_172,state_173,state_174,state_175,state_176,state_177,state_178,state_179,state_180,state_181,state_182,state_183,state_184,state_185,state_186,state_187,state_188,state_189,state_190,state_191,state_192,state_193,state_194,state_195,state_196,state_197,state_198,state_199,state_200,state_201,state_202,state_203,state_204,state_205,state_206,state_207,state_208,state_209,state_210,state_211,state_212,state_213,state_214,state_215,state_216,state_217,state_218,state_219,state_220,state_221,state_222,state_223,state_224,state_225,state_226,state_227,state_228,state_229,state_230,state_231,state_232,state_233,state_234,state_235,state_236,state_237,state_238,state_239,state_240,state_241,state_242,state_243,state_244,state_245,state_246,state_247,state_248,state_249,state_250,state_251,state_252,state_253,state_254,state_255,state_256,state_257,state_258,state_259,state_260,state_261,state_262,state_263,state_264,state_265,state_266,state_267,state_268,state_269,state_270,state_271,state_272,state_273,state_274,state_275,state_276,state_277,state_278,state_279,state_280,state_281,state_282,state_283,state_284,state_285,state_286,state_287
{'img': array([[[ 0.        ,  0.19231873,  0.37579808, ..., -0.99540547,
         -0.98040155, -0.98040155],
        [-0.19231873,  0.        ,  0.19056081, ..., -0.99523816,
         -0.99998856, -0.99998856],
        [-0.37579808, -0.19056081,  0.        , ..., -0.95842626,
         -0.9825755 , -0.9825755 ],
        ...,
        [ 0.99540547,  0.99523816,  0.95842626, ...,  0.        ,
          0.10223158,  0.10223158],
        [ 0.98040155,  0.99998856,  0.9825755 , ..., -0.10223158,
          0.        ,  0.        ],
        [ 0.98040155,  0.99998856,  0.9825755 , ..., -0.10223158,
          0.        ,  0.        ]],

       [[ 0.        ,  0.20856801,  0.14525601, ...,  0.40902936,
          0.42471589,  0.3477695 ],
        [-0.20856801,  0.        , -0.06429444, ...,  0.2097112 ,
          0.22655329,  0.14457209],
        [-0.14525601,  0.06429444,  0.        , ...,  0.27214205,
          0.28870726,  0.20789195],
        ...,
        [-0.40902936, -0.2097112 , -0.27214205, ...,  0.        ,
          0.01725706, -0.06615073],
        [-0.42471589, -0.22655329, -0.28870726, ..., -0.01725706,
          0.        , -0.08336014],
        [-0.3477695 , -0.14457209, -0.20789195, ...,  0.06615073,
          0.08336014,  0.        ]],

       [[ 0.        ,  0.13824219,  0.3556919 , ..., -0.99823343,
         -0.99898982, -0.99949902],
        [-0.13824219,  0.        ,  0.22307511, ..., -0.99686237,
         -0.99561016, -0.99427762],
        [-0.3556919 , -0.22307511,  0.        , ..., -0.95408531,
         -0.94964288, -0.94539263],
        ...,
        [ 0.99823343,  0.99686237,  0.95408531, ...,  0.        ,
         -0.01449638, -0.02779035],
        [ 0.99898982,  0.99561016,  0.94964288, ...,  0.01449638,
          0.        , -0.01329665],
        [ 0.99949902,  0.99427762,  0.94539263, ...,  0.02779035,
          0.01329665,  0.        ]],

       ...,

       [[ 0.        ,  0.726012  ,  0.7679723 , ..., -0.09723424,
         -0.18706534, -0.07763114],
        [-0.726012  ,  0.        ,  0.06312236, ..., -0.78943805,
         -0.84183753, -0.77720654],
        [-0.7679723 , -0.06312236,  0.        , ..., -0.82661016,
         -0.87422783, -0.8153761 ],
        ...,
        [ 0.09723424,  0.78943805,  0.82661016, ...,  0.        ,
         -0.09066112,  0.01967752],
        [ 0.18706534,  0.84183753,  0.87422783, ...,  0.09066112,
          0.        ,  0.11024005],
        [ 0.07763114,  0.77720654,  0.8153761 , ..., -0.01967752,
         -0.11024005,  0.        ]],

       [[ 0.        ,  0.12380526,  0.19833114, ..., -0.75217831,
         -0.82350912, -0.87092166],
        [-0.12380526,  0.        ,  0.0754594 , ..., -0.66480879,
         -0.74693838, -0.80338064],
        [-0.19833114, -0.0754594 ,  0.        , ..., -0.60654414,
         -0.69463632, -0.75615661],
        ...,
        [ 0.75217831,  0.66480879,  0.60654414, ...,  0.        ,
          0.11594622,  0.20426534],
        [ 0.82350912,  0.74693838,  0.69463632, ..., -0.11594622,
          0.        ,  0.08938611],
        [ 0.87092166,  0.80338064,  0.75615661, ..., -0.20426534,
         -0.08938611,  0.        ]],

       [[ 0.        ,  0.04866855,  0.12968637, ..., -0.99443969,
         -0.99456443, -0.99110637],
        [-0.04866855,  0.        ,  0.08127515, ..., -0.99838644,
         -0.99845337, -0.99640832],
        [-0.12968637, -0.08127515,  0.        , ..., -0.99969868,
         -0.99966873, -0.99999417],
        ...,
        [ 0.99443969,  0.99838644,  0.99969868, ...,  0.        ,
         -0.00119119,  0.02796102],
        [ 0.99456443,  0.99845337,  0.99966873, ...,  0.00119119,
          0.        ,  0.02915172],
        [ 0.99110637,  0.99640832,  0.99999417, ..., -0.02796102,
         -0.02915172,  0.        ]]]), 'num': array([7.07103143e-01, 7.07103143e-01, 0.00000000e+00, 0.00000000e+00,
       8.15458600e-04, 8.37799932e-04, 8.08756201e-04, 2.26452853e-03,
       1.78730652e-05, 7.91553376e-04, 7.12995669e-04, 9.60109413e-04,
       7.89393714e-07, 8.98326903e-04, 5.27664434e-04])}
{'img': array([[[ 0.        ,  0.19056081, -0.17838421, ..., -0.99998856,
         -0.99998856, -0.99888382],
        [-0.19056081,  0.        , -0.36261978, ..., -0.9825755 ,
         -0.9825755 , -0.98958073],
        [ 0.17838421,  0.36261978,  0.        , ..., -0.98309655,
         -0.98309655, -0.97443673],
        ...,
        [ 0.99998856,  0.9825755 ,  0.98309655, ...,  0.        ,
          0.        ,  0.04245701],
        [ 0.99998856,  0.9825755 ,  0.98309655, ...,  0.        ,
          0.        ,  0.04245701],
        [ 0.99888382,  0.98958073,  0.97443673, ..., -0.04245701,
         -0.04245701,  0.        ]],

       [[ 0.        , -0.06429444,  0.06265361, ...,  0.22655329,
          0.14457209,  0.32610591],
        [ 0.06429444,  0.        ,  0.1266921 , ...,  0.28870726,
          0.20789195,  0.38621087],
        [-0.06265361, -0.1266921 ,  0.        , ...,  0.16508365,
          0.08229267,  0.26623668],
        ...,
        [-0.22655329, -0.28870726, -0.16508365, ...,  0.        ,
         -0.08336014,  0.1034584 ],
        [-0.14457209, -0.20789195, -0.08229267, ...,  0.08336014,
          0.        ,  0.18601113],
        [-0.32610591, -0.38621087, -0.26623668, ..., -0.1034584 ,
         -0.18601113,  0.        ]],

       [[ 0.        ,  0.22307511,  0.13289231, ..., -0.99561016,
         -0.99427762, -0.99379287],
        [-0.22307511,  0.        , -0.09155295, ..., -0.94964288,
         -0.94539263, -0.94393425],
        [-0.13289231,  0.09155295,  0.        , ..., -0.97434126,
         -0.97126237, -0.97019462],
        ...,
        [ 0.99561016,  0.94964288,  0.97434126, ...,  0.        ,
         -0.01329665, -0.01774191],
        [ 0.99427762,  0.94539263,  0.97126237, ...,  0.01329665,
          0.        , -0.00444578],
        [ 0.99379287,  0.94393425,  0.97019462, ...,  0.01774191,
          0.00444578,  0.        ]],

       ...,

       [[ 0.        ,  0.06312236, -0.67177926, ..., -0.84183753,
         -0.77720654, -0.77039276],
        [-0.06312236,  0.        , -0.71719757, ..., -0.87422783,
         -0.8153761 , -0.80910134],
        [ 0.67177926,  0.71719757,  0.        , ..., -0.26101221,
         -0.15300271, -0.14236348],
        ...,
        [ 0.84183753,  0.87422783,  0.26101221, ...,  0.        ,
          0.11024005,  0.12092514],
        [ 0.77720654,  0.8153761 ,  0.15300271, ..., -0.11024005,
          0.        ,  0.01075703],
        [ 0.77039276,  0.80910134,  0.14236348, ..., -0.12092514,
         -0.01075703,  0.        ]],

       [[ 0.        ,  0.0754594 ,  0.00101003, ..., -0.74693838,
         -0.80338064, -0.76676182],
        [-0.0754594 ,  0.        , -0.07445221, ..., -0.69463632,
         -0.75615661, -0.7161359 ],
        [-0.00101003,  0.07445221,  0.        , ..., -0.74626643,
         -0.80277879, -0.76611305],
        ...,
        [ 0.74693838,  0.69463632,  0.74626643, ...,  0.        ,
          0.08938611,  0.03033134],
        [ 0.80338064,  0.75615661,  0.80277879, ..., -0.08938611,
          0.        , -0.05913506],
        [ 0.76676182,  0.7161359 ,  0.76611305, ..., -0.03033134,
          0.05913506,  0.        ]],

       [[ 0.        ,  0.08127515,  0.19467739, ..., -0.99845337,
         -0.99640832, -0.97199278],
        [-0.08127515,  0.        ,  0.1143132 , ..., -0.99966873,
         -0.99999417, -0.98787767],
        [-0.19467739, -0.1143132 ,  0.        , ..., -0.99017349,
         -0.99382937, -0.99914723],
        ...,
        [ 0.99845337,  0.99966873,  0.99017349, ...,  0.        ,
          0.02915172,  0.18060873],
        [ 0.99640832,  0.99999417,  0.99382937, ..., -0.02915172,
          0.        ,  0.15185965],
        [ 0.97199278,  0.98787767,  0.99914723, ..., -0.18060873,
         -0.15185965,  0.        ]]]), 'num': array([ 9.99992403e-01,  1.93306182e-07,  1.39663716e-05, -2.28730380e-10,
        1.15339355e-03,  1.19527656e-03,  1.13728470e-03,  2.13070128e-03,
       -2.25523879e-05,  1.14372824e-03,  1.04639053e-03,  1.37262156e-03,
        1.08085177e-06,  1.29504211e-03,  7.97738944e-04])}
{'img': array([[[ 0.        , -0.36261978, -0.40065186, ..., -0.9825755 ,
         -0.98958073, -0.98355144],
        [ 0.36261978,  0.        , -0.04113911, ..., -0.98309655,
         -0.97443673, -0.98210753],
        [ 0.40065186,  0.04113911,  0.        , ..., -0.97473222,
         -0.9643694 , -0.97352875],
        ...,
        [ 0.9825755 ,  0.98309655,  0.97473222, ...,  0.        ,
          0.04245701,  0.00532576],
        [ 0.98958073,  0.97443673,  0.9643694 , ..., -0.04245701,
          0.        , -0.03713545],
        [ 0.98355144,  0.98210753,  0.97352875, ..., -0.00532576,
          0.03713545,  0.        ]],

       [[ 0.        ,  0.1266921 , -0.07198735, ...,  0.20789195,
          0.38621087,  0.19117119],
        [-0.1266921 ,  0.        , -0.19777069, ...,  0.08229267,
          0.26623668,  0.06527526],
        [ 0.07198735,  0.19777069,  0.        , ...,  0.27776714,
          0.45161075,  0.26133487],
        ...,
        [-0.20789195, -0.08229267, -0.27776714, ...,  0.        ,
          0.18601113, -0.0170633 ],
        [-0.38621087, -0.26623668, -0.45161075, ..., -0.18601113,
          0.        , -0.20274955],
        [-0.19117119, -0.06527526, -0.26133487, ...,  0.0170633 ,
          0.20274955,  0.        ]],

       [[ 0.        , -0.09155295, -0.14656839, ..., -0.94539263,
         -0.94393425, -0.94539263],
        [ 0.09155295,  0.        , -0.05538861, ..., -0.97126237,
         -0.97019462, -0.97126237],
        [ 0.14656839,  0.05538861,  0.        , ..., -0.98295447,
         -0.98212741, -0.98295447],
        ...,
        [ 0.94539263,  0.97126237,  0.98295447, ...,  0.        ,
         -0.00444578,  0.        ],
        [ 0.94393425,  0.97019462,  0.98212741, ...,  0.00444578,
          0.        ,  0.00444578],
        [ 0.94539263,  0.97126237,  0.98295447, ...,  0.        ,
         -0.00444578,  0.        ]],

       ...,

       [[ 0.        , -0.71719757, -0.81297427, ..., -0.8153761 ,
         -0.80910134, -0.87595324],
        [ 0.71719757,  0.        , -0.14891343, ..., -0.15300271,
         -0.14236348, -0.26445218],
        [ 0.81297427,  0.14891343,  0.        , ..., -0.00413667,
          0.0066205 , -0.11789167],
        ...,
        [ 0.8153761 ,  0.15300271,  0.00413667, ...,  0.        ,
          0.01075703, -0.11378284],
        [ 0.80910134,  0.14236348, -0.0066205 , ..., -0.01075703,
          0.        , -0.12446342],
        [ 0.87595324,  0.26445218,  0.11789167, ...,  0.11378284,
          0.12446342,  0.        ]],

       [[ 0.        , -0.07445221, -0.12697469, ..., -0.75615661,
         -0.7161359 , -0.71459044],
        [ 0.07445221,  0.        , -0.0527727 , ..., -0.80277879,
         -0.76611305, -0.76468968],
        [ 0.12697469,  0.0527727 ,  0.        , ..., -0.83312731,
         -0.79896283, -0.79763078],
        ...,
        [ 0.75615661,  0.80277879,  0.83312731, ...,  0.        ,
         -0.05913506, -0.06134278],
        [ 0.7161359 ,  0.76611305,  0.79896283, ...,  0.05913506,
          0.        , -0.00221175],
        [ 0.71459044,  0.76468968,  0.79763078, ...,  0.06134278,
          0.00221175,  0.        ]],

       [[ 0.        ,  0.1143132 ,  0.22055961, ..., -0.99999417,
         -0.98787767, -0.97236971],
        [-0.1143132 ,  0.        ,  0.10761572, ..., -0.99382937,
         -0.99914723, -0.99268158],
        [-0.22055961, -0.10761572,  0.        , ..., -0.97612107,
         -0.99778813, -0.99991246],
        ...,
        [ 0.99999417,  0.99382937,  0.97612107, ...,  0.        ,
          0.15185965,  0.23012403],
        [ 0.98787767,  0.99914723,  0.99778813, ..., -0.15185965,
          0.        ,  0.07967114],
        [ 0.97236971,  0.99268158,  0.99991246, ..., -0.23012403,
         -0.07967114,  0.        ]]]), 'num': array([ 8.24421779e-01,  5.65964610e-01,  3.69752744e-06, -2.73496142e-08,
        9.36439016e-04,  9.59213641e-04,  9.13664390e-04,  2.35500346e-03,
       -2.27746256e-05,  9.57338084e-04,  8.86803729e-04,  1.13108392e-03,
        8.62706632e-07,  1.05549429e-03,  7.18113166e-04])}
{'img': array([[[ 0.        , -0.17959937, -0.45282599, ..., -0.99350126,
         -0.98841714, -0.98023595],
        [ 0.17959937,  0.        , -0.28533236, ..., -0.99778897,
         -0.99960159, -0.99982765],
        [ 0.45282599,  0.28533236,  0.        , ..., -0.93734581,
         -0.94999321, -0.96356077],
        ...,
        [ 0.99350126,  0.99778897,  0.93734581, ...,  0.        ,
         -0.03827249, -0.08497475],
        [ 0.98841714,  0.99960159,  0.94999321, ...,  0.03827249,
          0.        , -0.04677842],
        [ 0.98023595,  0.99982765,  0.96356077, ...,  0.08497475,
          0.04677842,  0.        ]],

       [[ 0.        , -0.19777069,  0.09984106, ...,  0.26623668,
          0.06527526,  0.19586367],
        [ 0.19777069,  0.        ,  0.29465154, ...,  0.45161075,
          0.26133487,  0.38593513],
        [-0.09984106, -0.29465154,  0.        , ...,  0.16866884,
         -0.03467902,  0.09697777],
        ...,
        [-0.26623668, -0.45161075, -0.16866884, ...,  0.        ,
         -0.20274955, -0.07228548],
        [-0.06527526, -0.26133487,  0.03467902, ...,  0.20274955,
          0.        ,  0.13143499],
        [-0.19586367, -0.38593513, -0.09697777, ...,  0.07228548,
         -0.13143499,  0.        ]],

       [[ 0.        , -0.11481889, -0.24094164, ..., -0.94442607,
         -0.94588046, -0.95051231],
        [ 0.11481889,  0.        , -0.12791188, ..., -0.97592377,
         -0.97688531, -0.97989876],
        [ 0.24094164,  0.12791188,  0.        , ..., -0.99580618,
         -0.99620369, -0.99736725],
        ...,
        [ 0.94442607,  0.97592377,  0.99580618, ...,  0.        ,
          0.00445283,  0.01903528],
        [ 0.94588046,  0.97688531,  0.99620369, ..., -0.00445283,
          0.        ,  0.01458307],
        [ 0.95051231,  0.97989876,  0.99736725, ..., -0.01903528,
         -0.01458307,  0.        ]],

       ...,

       [[ 0.        , -0.15434221, -0.40140778, ..., -0.14759288,
         -0.27290195, -0.35910984],
        [ 0.15434221,  0.        , -0.25523595, ...,  0.00682754,
         -0.12114822, -0.21075993],
        [ 0.40140778,  0.25523595,  0.        , ...,  0.2618314 ,
          0.13622035,  0.0457235 ],
        ...,
        [ 0.14759288, -0.00682754, -0.2618314 , ...,  0.        ,
         -0.12792265, -0.21742919],
        [ 0.27290195,  0.12114822, -0.13622035, ...,  0.12792265,
          0.        , -0.09078059],
        [ 0.35910984,  0.21075993, -0.0457235 , ...,  0.21742919,
          0.09078059,  0.        ]],

       [[ 0.        , -0.0527727 , -0.04947393, ..., -0.76611305,
         -0.76468968, -0.64904915],
        [ 0.0527727 ,  0.        ,  0.00330309, ..., -0.79896283,
         -0.79763078, -0.68829138],
        [ 0.04947393, -0.00330309,  0.        , ..., -0.79697206,
         -0.79563419, -0.68589145],
        ...,
        [ 0.76611305,  0.79896283,  0.79697206, ...,  0.        ,
         -0.00221175, -0.16567012],
        [ 0.76468968,  0.79763078,  0.79563419, ...,  0.00221175,
          0.        , -0.16348854],
        [ 0.64904915,  0.68829138,  0.68589145, ...,  0.16567012,
          0.16348854,  0.        ]],

       [[ 0.        ,  0.10761572,  0.14538709, ..., -0.99914723,
         -0.99268158, -0.96784493],
        [-0.10761572,  0.        ,  0.03807047, ..., -0.99778813,
         -0.99991246, -0.98929471],
        [-0.14538709, -0.03807047,  0.        , ..., -0.99453408,
         -0.99969132, -0.99413321],
        ...,
        [ 0.99914723,  0.99778813,  0.99453408, ...,  0.        ,
          0.07967114,  0.2113714 ],
        [ 0.99268158,  0.99991246,  0.99969132, ..., -0.07967114,
          0.        ,  0.13282846],
        [ 0.96784493,  0.98929471,  0.99413321, ..., -0.2113714 ,
         -0.13282846,  0.        ]]]), 'num': array([ 7.75938725e-01,  6.30801374e-01,  2.03558697e-06, -3.52256830e-08,
        8.95909574e-04,  9.03448785e-04,  8.49417772e-04,  1.51594685e-03,
        1.75914923e-05,  8.97668723e-04,  8.42506829e-04,  1.05191889e-03,
        8.82755718e-07,  9.86907815e-04,  6.98105843e-04])}
{'img': array([[[ 0.00000000e+00, -3.35545698e-01, -5.63401057e-01, ...,
         -9.99065794e-01, -9.95931004e-01, -9.98674270e-01],
        [ 3.35545698e-01,  0.00000000e+00, -2.53514943e-01, ...,
         -9.55644508e-01, -9.68429882e-01, -9.58047365e-01],
        [ 5.63401057e-01,  2.53514943e-01,  0.00000000e+00, ...,
         -8.49759121e-01, -8.73594949e-01, -8.54089468e-01],
        ...,
        [ 9.99065794e-01,  9.55644508e-01,  8.49759121e-01, ...,
          0.00000000e+00, -4.69956085e-02, -8.26942375e-03],
        [ 9.95931004e-01,  9.68429882e-01,  8.73594949e-01, ...,
          4.69956085e-02,  0.00000000e+00,  3.87337148e-02],
        [ 9.98674270e-01,  9.58047365e-01,  8.54089468e-01, ...,
          8.26942375e-03, -3.87337148e-02,  0.00000000e+00]],

       [[ 0.00000000e+00,  2.94651538e-01,  1.34507966e-01, ...,
          2.61334871e-01,  3.85935128e-01,  2.22770066e-01],
        [-2.94651538e-01,  0.00000000e+00, -1.63437442e-01, ...,
         -3.46790183e-02,  9.69777661e-02, -7.43671081e-02],
        [-1.34507966e-01,  1.63437442e-01,  0.00000000e+00, ...,
          1.29126421e-01,  2.58340862e-01,  8.96177275e-02],
        ...,
        [-2.61334871e-01,  3.46790183e-02, -1.29126421e-01, ...,
          0.00000000e+00,  1.31434995e-01, -3.97393866e-02],
        [-3.85935128e-01, -9.69777661e-02, -2.58340862e-01, ...,
         -1.31434995e-01,  0.00000000e+00, -1.70725810e-01],
        [-2.22770066e-01,  7.43671081e-02, -8.96177275e-02, ...,
          3.97393866e-02,  1.70725810e-01,  0.00000000e+00]],

       [[ 0.00000000e+00, -2.12884534e-01, -4.13019097e-01, ...,
         -9.46646376e-01, -9.51256788e-01, -9.51061009e-01],
        [ 2.12884534e-01,  0.00000000e+00, -2.09672904e-01, ...,
         -9.93553932e-01, -9.95105053e-01, -9.95042179e-01],
        [ 4.13019097e-01,  2.09672904e-01,  0.00000000e+00, ...,
         -9.95237412e-01, -9.93705896e-01, -9.93776740e-01],
        ...,
        [ 9.46646376e-01,  9.93553932e-01,  9.95237412e-01, ...,
          0.00000000e+00,  1.46198036e-02,  1.39856660e-02],
        [ 9.51256788e-01,  9.95105053e-01,  9.93705896e-01, ...,
         -1.46198036e-02,  0.00000000e+00, -6.34202346e-04],
        [ 9.51061009e-01,  9.95042179e-01,  9.93776740e-01, ...,
         -1.39856660e-02,  6.34202346e-04,  0.00000000e+00]],

       ...,

       [[ 0.00000000e+00, -2.55235950e-01, -7.10989623e-01, ...,
         -1.21148219e-01, -2.10759929e-01, -8.62689443e-03],
        [ 2.55235950e-01,  0.00000000e+00, -5.07958234e-01, ...,
          1.36220347e-01,  4.57234953e-02,  2.46885291e-01],
        [ 7.10989623e-01,  5.07958234e-01,  0.00000000e+00, ...,
          6.20561048e-01,  5.46812360e-01,  7.04896712e-01],
        ...,
        [ 1.21148219e-01, -1.36220347e-01, -6.20561048e-01, ...,
          0.00000000e+00, -9.07805921e-02,  1.12580358e-01],
        [ 2.10759929e-01, -4.57234953e-02, -5.46812360e-01, ...,
          9.07805921e-02,  0.00000000e+00,  2.02318970e-01],
        [ 8.62689443e-03, -2.46885291e-01, -7.04896712e-01, ...,
         -1.12580358e-01, -2.02318970e-01,  0.00000000e+00]],

       [[ 0.00000000e+00,  3.30308523e-03, -6.16741573e-03, ...,
         -7.97630780e-01, -6.88291380e-01, -6.65311782e-01],
        [-3.30308523e-03,  0.00000000e+00, -9.47040450e-03, ...,
         -7.95634186e-01, -6.85891454e-01, -6.62842182e-01],
        [ 6.16741573e-03,  9.47040450e-03,  0.00000000e+00, ...,
         -8.01335462e-01, -6.92752345e-01, -6.69903509e-01],
        ...,
        [ 7.97630780e-01,  7.95634186e-01,  8.01335462e-01, ...,
          0.00000000e+00, -1.63488538e-01, -1.94203559e-01],
        [ 6.88291380e-01,  6.85891454e-01,  6.92752345e-01, ...,
          1.63488538e-01,  0.00000000e+00, -3.12146741e-02],
        [ 6.65311782e-01,  6.62842182e-01,  6.69903509e-01, ...,
          1.94203559e-01,  3.12146741e-02,  0.00000000e+00]],

       [[ 0.00000000e+00,  3.80704721e-02,  5.15587613e-02, ...,
         -9.99912456e-01, -9.89294712e-01, -9.78607729e-01],
        [-3.80704721e-02,  0.00000000e+00,  1.35015472e-02, ...,
         -9.99691317e-01, -9.94133207e-01, -9.85730724e-01],
        [-5.15587613e-02, -1.35015472e-02,  0.00000000e+00, ...,
         -9.99264751e-01, -9.95502955e-01, -9.87913588e-01],
        ...,
        [ 9.99912456e-01,  9.99691317e-01,  9.99264751e-01, ...,
          0.00000000e+00,  1.32828461e-01,  1.92768294e-01],
        [ 9.89294712e-01,  9.94133207e-01,  9.95502955e-01, ...,
         -1.32828461e-01,  0.00000000e+00,  6.07230107e-02],
        [ 9.78607729e-01,  9.85730724e-01,  9.87913588e-01, ...,
         -1.92768294e-01, -6.07230107e-02,  0.00000000e+00]]]), 'num': array([ 9.90791880e-01,  1.35344485e-01,  1.21512414e-05, -3.98199408e-08,
        1.14211935e-03,  1.17294360e-03,  1.13563004e-03,  1.59218576e-03,
       -1.46009576e-05,  1.15574691e-03,  1.09563964e-03,  1.34649220e-03,
        1.07446027e-06,  1.27724271e-03,  9.14036559e-04])}
{'img': array([[[ 0.00000000e+00, -2.53514943e-01, -1.80275552e-01, ...,
         -9.68429882e-01, -9.58047365e-01, -9.64879822e-01],
        [ 2.53514943e-01,  0.00000000e+00,  7.49751770e-02, ...,
         -8.73594949e-01, -8.54089468e-01, -8.66762346e-01],
        [ 1.80275552e-01, -7.49751770e-02,  0.00000000e+00, ...,
         -9.07623079e-01, -8.90682096e-01, -9.01714482e-01],
        ...,
        [ 9.68429882e-01,  8.73594949e-01,  9.07623079e-01, ...,
          0.00000000e+00,  3.87337148e-02,  1.38673569e-02],
        [ 9.58047365e-01,  8.54089468e-01,  8.90682096e-01, ...,
         -3.87337148e-02,  0.00000000e+00, -2.48730399e-02],
        [ 9.64879822e-01,  8.66762346e-01,  9.01714482e-01, ...,
         -1.38673569e-02,  2.48730399e-02,  0.00000000e+00]],

       [[ 0.00000000e+00, -1.63437442e-01, -2.15347788e-01, ...,
          9.69777661e-02, -7.43671081e-02, -1.59219177e-01],
        [ 1.63437442e-01,  0.00000000e+00, -5.28493794e-02, ...,
          2.58340862e-01,  8.96177275e-02,  4.27424526e-03],
        [ 2.15347788e-01,  5.28493794e-02,  0.00000000e+00, ...,
          3.09035174e-01,  1.42129212e-01,  5.71171686e-02],
        ...,
        [-9.69777661e-02, -2.58340862e-01, -3.09035174e-01, ...,
          0.00000000e+00, -1.70725810e-01, -2.54209351e-01],
        [ 7.43671081e-02, -8.96177275e-02, -1.42129212e-01, ...,
          1.70725810e-01,  0.00000000e+00, -8.53598621e-02],
        [ 1.59219177e-01, -4.27424526e-03, -5.71171686e-02, ...,
          2.54209351e-01,  8.53598621e-02,  0.00000000e+00]],

       [[ 0.00000000e+00, -3.60198541e-01, -4.89766672e-01, ...,
         -9.53819177e-01, -9.53626788e-01, -9.51679245e-01],
        [ 3.60198541e-01,  0.00000000e+00, -1.42851035e-01, ...,
         -9.97991639e-01, -9.98031965e-01, -9.98413157e-01],
        [ 4.89766672e-01,  1.42851035e-01,  0.00000000e+00, ...,
         -9.78707425e-01, -9.78838556e-01, -9.80129244e-01],
        ...,
        [ 9.53819177e-01,  9.97991639e-01,  9.78707425e-01, ...,
          0.00000000e+00, -6.39830594e-04, -7.04524327e-03],
        [ 9.53626788e-01,  9.98031965e-01,  9.78838556e-01, ...,
          6.39830594e-04,  0.00000000e+00, -6.40542711e-03],
        [ 9.51679245e-01,  9.98413157e-01,  9.80129244e-01, ...,
          7.04524327e-03,  6.40542711e-03,  0.00000000e+00]],

       ...,

       [[ 0.00000000e+00, -5.07958234e-01, -4.71290566e-01, ...,
          4.57234953e-02,  2.46885291e-01,  1.06769776e-01],
        [ 5.07958234e-01,  0.00000000e+00,  4.20469210e-02, ...,
          5.46812360e-01,  7.04896712e-01,  5.97024159e-01],
        [ 4.71290566e-01, -4.20469210e-02,  0.00000000e+00, ...,
          5.11124777e-01,  6.74449027e-01,  5.62765155e-01],
        ...,
        [-4.57234953e-02, -5.46812360e-01, -5.11124777e-01, ...,
          0.00000000e+00,  2.02318970e-01,  6.11959802e-02],
        [-2.46885291e-01, -7.04896712e-01, -6.74449027e-01, ...,
         -2.02318970e-01,  0.00000000e+00, -1.42009350e-01],
        [-1.06769776e-01, -5.97024159e-01, -5.62765155e-01, ...,
         -6.11959802e-02,  1.42009350e-01,  0.00000000e+00]],

       [[ 0.00000000e+00, -9.47040450e-03, -5.87161917e-02, ...,
         -6.85891454e-01, -6.62842182e-01, -6.80668870e-01],
        [ 9.47040450e-03,  0.00000000e+00, -4.92594932e-02, ...,
         -6.92752345e-01, -6.69903509e-01, -6.87576280e-01],
        [ 5.87161917e-02,  4.92594932e-02,  0.00000000e+00, ...,
         -7.27436096e-01, -7.05662876e-01, -7.22509489e-01],
        ...,
        [ 6.85891454e-01,  6.92752345e-01,  7.27436096e-01, ...,
          0.00000000e+00, -3.12146741e-02, -7.15268766e-03],
        [ 6.62842182e-01,  6.69903509e-01,  7.05662876e-01, ...,
          3.12146741e-02,  0.00000000e+00,  2.40646734e-02],
        [ 6.80668870e-01,  6.87576280e-01,  7.22509489e-01, ...,
          7.15268766e-03, -2.40646734e-02,  0.00000000e+00]],

       [[ 0.00000000e+00,  1.35015472e-02,  7.58257932e-02, ...,
         -9.94133207e-01, -9.85730724e-01, -9.81424172e-01],
        [-1.35015472e-02,  0.00000000e+00,  6.23562043e-02, ...,
         -9.95502955e-01, -9.87913588e-01, -9.83924993e-01],
        [-7.58257932e-02, -6.23562043e-02,  0.00000000e+00, ...,
         -9.99472699e-01, -9.95656630e-01, -9.93145943e-01],
        ...,
        [ 9.94133207e-01,  9.95502955e-01,  9.99472699e-01, ...,
          0.00000000e+00,  6.07230107e-02,  8.45714260e-02],
        [ 9.85730724e-01,  9.87913588e-01,  9.95656630e-01, ...,
         -6.07230107e-02,  0.00000000e+00,  2.39098970e-02],
        [ 9.81424172e-01,  9.83924993e-01,  9.93145943e-01, ...,
         -8.45714260e-02, -2.39098970e-02,  0.00000000e+00]]]), 'num': array([ 7.07103942e-01,  7.07103942e-01,  0.00000000e+00, -4.23922037e-08,
        8.11622030e-04,  8.42927451e-04,  8.02346349e-04,  1.59281983e-03,
       -4.63784017e-06,  8.19042574e-04,  7.89244451e-04,  9.54573791e-04,
        7.56660612e-07,  9.11847359e-04,  6.66641543e-04])}
{'img': array([[[ 0.        ,  0.07497518,  0.19561022, ..., -0.85408947,
         -0.86676235, -0.87224039],
        [-0.07497518,  0.        ,  0.12153287, ..., -0.8906821 ,
         -0.90171448, -0.90645404],
        [-0.19561022, -0.12153287,  0.        , ..., -0.93933192,
         -0.94757299, -0.95105874],
        ...,
        [ 0.85408947,  0.8906821 ,  0.93933192, ...,  0.        ,
         -0.02487304, -0.03595915],
        [ 0.86676235,  0.90171448,  0.94757299, ...,  0.02487304,
          0.        , -0.01109107],
        [ 0.87224039,  0.90645404,  0.95105874, ...,  0.03595915,
          0.01109107,  0.        ]],

       [[ 0.        , -0.05284938, -0.09195665, ...,  0.08961773,
          0.00427425,  0.1457015 ],
        [ 0.05284938,  0.        , -0.03920268, ...,  0.14212921,
          0.05711717,  0.19778328],
        [ 0.09195665,  0.03920268,  0.        , ...,  0.18082466,
          0.09621195,  0.23605951],
        ...,
        [-0.08961773, -0.14212921, -0.18082466, ...,  0.        ,
         -0.08535986,  0.05645385],
        [-0.00427425, -0.05711717, -0.09621195, ...,  0.08535986,
          0.        ,  0.14147153],
        [-0.1457015 , -0.19778328, -0.23605951, ..., -0.05645385,
         -0.14147153,  0.        ]],

       [[ 0.        , -0.34970807, -0.42479817, ..., -0.96095156,
         -0.95911083, -0.95331643],
        [ 0.34970807,  0.        , -0.08138932, ..., -0.99704589,
         -0.99752949, -0.99872526],
        [ 0.42479817,  0.08138932,  0.        , ..., -0.98748672,
         -0.98850256, -0.99130365],
        ...,
        [ 0.96095156,  0.99704589,  0.98748672, ...,  0.        ,
         -0.00657693, -0.02638305],
        [ 0.95911083,  0.99752949,  0.98850256, ...,  0.00657693,
          0.        , -0.01980784],
        [ 0.95331643,  0.99872526,  0.99130365, ...,  0.02638305,
          0.01980784,  0.        ]],

       ...,

       [[ 0.        ,  0.04204692,  0.2717465 , ...,  0.70489671,
          0.59702416,  0.57053758],
        [-0.04204692,  0.        ,  0.23104153, ...,  0.67444903,
          0.56276516,  0.53550108],
        [-0.2717465 , -0.23104153,  0.        , ...,  0.48561815,
          0.3565561 ,  0.32588995],
        ...,
        [-0.70489671, -0.67444903, -0.48561815, ...,  0.        ,
         -0.14200935, -0.17422359],
        [-0.59702416, -0.56276516, -0.3565561 , ...,  0.14200935,
          0.        , -0.03262041],
        [-0.57053758, -0.53550108, -0.32588995, ...,  0.17422359,
          0.03262041,  0.        ]],

       [[ 0.        , -0.04925949, -0.09337873, ..., -0.66990351,
         -0.68757628, -0.67974418],
        [ 0.04925949,  0.        , -0.0442211 , ..., -0.70566288,
         -0.72250949, -0.71504832],
        [ 0.09337873,  0.0442211 ,  0.        , ..., -0.73630534,
         -0.75237545, -0.7452627 ],
        ...,
        [ 0.66990351,  0.70566288,  0.73630534, ...,  0.        ,
          0.02406467,  0.01333457],
        [ 0.68757628,  0.72250949,  0.75237545, ..., -0.02406467,
          0.        , -0.01073182],
        [ 0.67974418,  0.71504832,  0.7452627 , ..., -0.01333457,
          0.01073182,  0.        ]],

       [[ 0.        ,  0.0623562 ,  0.14595578, ..., -0.98791359,
         -0.98392499, -0.97709806],
        [-0.0623562 ,  0.        ,  0.0839833 , ..., -0.99565663,
         -0.99314594, -0.98846533],
        [-0.14595578, -0.0839833 ,  0.        , ..., -0.9999581 ,
         -0.99945336, -0.99769229],
        ...,
        [ 0.98791359,  0.99565663,  0.9999581 , ...,  0.        ,
          0.0239099 ,  0.05876198],
        [ 0.98392499,  0.99314594,  0.99945336, ..., -0.0239099 ,
          0.        ,  0.0348766 ],
        [ 0.97709806,  0.98846533,  0.99769229, ..., -0.05876198,
         -0.0348766 ,  0.        ]]]), 'num': array([ 9.99992724e-01,  1.10774344e-04,  1.38487805e-05, -5.83505623e-08,
        1.14797009e-03,  1.15274005e-03,  1.10663045e-03,  2.02069766e-03,
        3.49796981e-05,  1.12507429e-03,  1.09152558e-03,  1.30033053e-03,
        8.30483904e-07,  1.25267051e-03,  9.30380646e-04])}
{'img': array([[[ 0.        ,  0.12153287,  0.01405116, ..., -0.90171448,
         -0.90645404, -0.87914479],
        [-0.12153287,  0.        , -0.10757387, ..., -0.94757299,
         -0.95105874, -0.93054511],
        [-0.01405116,  0.10757387,  0.        , ..., -0.90770023,
         -0.91229842, -0.88575414],
        ...,
        [ 0.90171448,  0.94757299,  0.90770023, ...,  0.        ,
         -0.01109107,  0.04963387],
        [ 0.90645404,  0.95105874,  0.91229842, ...,  0.01109107,
          0.        ,  0.06070822],
        [ 0.87914479,  0.93054511,  0.88575414, ..., -0.04963387,
         -0.06070822,  0.        ]],

       [[ 0.        , -0.03920268, -0.00744318, ...,  0.05711717,
          0.19778328,  0.16420393],
        [ 0.03920268,  0.        ,  0.03176414, ...,  0.09621195,
          0.23605951,  0.20274826],
        [ 0.00744318, -0.03176414,  0.        , ...,  0.06454662,
          0.20507395,  0.17154153],
        ...,
        [-0.05711717, -0.09621195, -0.06454662, ...,  0.        ,
          0.14147153,  0.10759398],
        [-0.19778328, -0.23605951, -0.20507395, ..., -0.14147153,
          0.        , -0.03413844],
        [-0.16420393, -0.20274826, -0.17154153, ..., -0.10759398,
          0.03413844,  0.        ]],

       [[ 0.        , -0.09524622, -0.19206068, ..., -0.99989684,
         -0.99998428, -0.99999872],
        [ 0.09524622,  0.        , -0.09771451, ..., -0.99398296,
         -0.9959721 , -0.99560513],
        [ 0.19206068,  0.09771451,  0.        , ..., -0.97852311,
         -0.98244443, -0.98168964],
        ...,
        [ 0.99989684,  0.99398296,  0.97852311, ...,  0.        ,
         -0.01996944, -0.01596636],
        [ 0.99998428,  0.9959721 ,  0.98244443, ...,  0.01996944,
          0.        ,  0.00400371],
        [ 0.99999872,  0.99560513,  0.98168964, ...,  0.01596636,
         -0.00400371,  0.        ]],

       ...,

       [[ 0.        ,  0.23104153,  0.0776762 , ...,  0.56276516,
          0.53550108,  0.15915005],
        [-0.23104153,  0.        , -0.15476889, ...,  0.3565561 ,
          0.32588995, -0.0732527 ],
        [-0.0776762 ,  0.15476889,  0.        , ...,  0.49685639,
          0.46828291,  0.08198303],
        ...,
        [-0.56276516, -0.3565561 , -0.49685639, ...,  0.        ,
         -0.03262041, -0.42403627],
        [-0.53550108, -0.32588995, -0.46828291, ...,  0.03262041,
          0.        , -0.39426809],
        [-0.15915005,  0.0732527 , -0.08198303, ...,  0.42403627,
          0.39426809,  0.        ]],

       [[ 0.        , -0.0442211 , -0.07630099, ..., -0.72250949,
         -0.71504832, -0.72728215],
        [ 0.0442211 ,  0.        , -0.03213416, ..., -0.75237545,
         -0.7452627 , -0.75692135],
        [ 0.07630099,  0.03213416,  0.        , ..., -0.77315478,
         -0.76630395, -0.77753031],
        ...,
        [ 0.72250949,  0.75237545,  0.77315478, ...,  0.        ,
         -0.01073182,  0.00692836],
        [ 0.71504832,  0.7452627 ,  0.76630395, ...,  0.01073182,
          0.        ,  0.01765953],
        [ 0.72728215,  0.75692135,  0.77753031, ..., -0.00692836,
         -0.01765953,  0.        ]],

       [[ 0.        ,  0.0839833 ,  0.14653392, ..., -0.99314594,
         -0.98846533, -0.98339679],
        [-0.0839833 ,  0.        ,  0.06293949, ..., -0.99945336,
         -0.99769229, -0.99516292],
        [-0.14653392, -0.06293949,  0.        , ..., -0.99955258,
         -0.99998766, -0.99937292],
        ...,
        [ 0.99314594,  0.99945336,  0.99955258, ...,  0.        ,
          0.0348766 ,  0.06528425],
        [ 0.98846533,  0.99769229,  0.99998766, ..., -0.0348766 ,
          0.        ,  0.03044233],
        [ 0.98339679,  0.99516292,  0.99937292, ..., -0.06528425,
         -0.03044233,  0.        ]]]), 'num': array([ 8.26327278e-01,  5.63182491e-01,  3.70105185e-06, -9.95836451e-09,
        9.39802810e-04,  9.54342656e-04,  9.34515593e-04,  1.21393179e-03,
       -1.45398466e-05,  9.38481005e-04,  9.14093717e-04,  1.07316184e-03,
        5.79076140e-07,  1.04032007e-03,  7.87867365e-04])}
{'img': array([[[ 0.        , -0.10757387, -0.10757387, ..., -0.95105874,
         -0.93054511, -0.94121066],
        [ 0.10757387,  0.        ,  0.        , ..., -0.91229842,
         -0.88575414, -0.89940827],
        [ 0.10757387,  0.        ,  0.        , ..., -0.91229842,
         -0.88575414, -0.89940827],
        ...,
        [ 0.95105874,  0.91229842,  0.91229842, ...,  0.        ,
          0.06070822,  0.03044324],
        [ 0.93054511,  0.88575414,  0.88575414, ..., -0.06070822,
          0.        , -0.03029299],
        [ 0.94121066,  0.89940827,  0.89940827, ..., -0.03044324,
          0.03029299,  0.        ]],

       [[ 0.        ,  0.03176414, -0.04313391, ...,  0.23605951,
          0.20274826,  0.06965051],
        [-0.03176414,  0.        , -0.07484672, ...,  0.20507395,
          0.17154153,  0.03792836],
        [ 0.04313391,  0.07484672,  0.        , ...,  0.27775469,
          0.24479763,  0.11261484],
        ...,
        [-0.23605951, -0.20507395, -0.27775469, ...,  0.        ,
         -0.03413844, -0.16780414],
        [-0.20274826, -0.17154153, -0.24479763, ...,  0.03413844,
          0.        , -0.13405195],
        [-0.06965051, -0.03792836, -0.11261484, ...,  0.16780414,
          0.13405195,  0.        ]],

       [[ 0.        , -0.09771451, -0.13816045, ..., -0.9959721 ,
         -0.99560513, -0.9948248 ],
        [ 0.09771451,  0.        , -0.04072187, ..., -0.98244443,
         -0.98168964, -0.98013574],
        [ 0.13816045,  0.04072187,  0.        , ..., -0.97403262,
         -0.97311834, -0.97124646],
        ...,
        [ 0.9959721 ,  0.98244443,  0.97403262, ...,  0.        ,
          0.00400371,  0.01199637],
        [ 0.99560513,  0.98168964,  0.97311834, ..., -0.00400371,
          0.        ,  0.00799284],
        [ 0.9948248 ,  0.98013574,  0.97124646, ..., -0.01199637,
         -0.00799284,  0.        ]],

       ...,

       [[ 0.        , -0.15476889, -0.26396741, ...,  0.32588995,
         -0.0732527 , -0.32033871],
        [ 0.15476889,  0.        , -0.1115073 , ...,  0.46828291,
          0.08198303, -0.16986581],
        [ 0.26396741,  0.1115073 ,  0.        , ...,  0.56388798,
          0.19260369, -0.05891967],
        ...,
        [-0.32588995, -0.46828291, -0.56388798, ...,  0.        ,
         -0.39426809, -0.61156724],
        [ 0.0732527 , -0.08198303, -0.19260369, ...,  0.39426809,
          0.        , -0.25008558],
        [ 0.32033871,  0.16986581,  0.05891967, ...,  0.61156724,
          0.25008558,  0.        ]],

       [[ 0.        , -0.03213416, -0.04864861, ..., -0.7452627 ,
         -0.75692135, -0.75035638],
        [ 0.03213416,  0.        , -0.01652737, ..., -0.76630395,
         -0.77753031, -0.77121063],
        [ 0.04864861,  0.01652737,  0.        , ..., -0.77681776,
         -0.78781727, -0.78162629],
        ...,
