state_0,state_1,state_2,state_3,state_4,state_5,state_6,state_7,state_8,state_9,state_10,state_11,state_12,state_13,state_14,state_15,state_16,state_17,state_18,state_19,state_20,state_21,state_22,state_23,state_24,state_25,state_26,state_27,state_28,state_29,state_30,state_31,state_32,state_33,state_34,state_35,state_36,state_37,state_38,state_39,state_40,state_41,state_42,state_43,state_44,state_45,state_46,state_47,state_48,state_49,state_50,state_51,state_52,state_53,state_54,state_55,state_56,state_57,state_58,state_59,state_60,state_61,state_62,state_63,state_64,state_65,state_66,state_67,state_68,state_69,state_70,state_71,state_72,state_73,state_74,state_75,state_76,state_77,state_78,state_79,state_80,state_81,state_82,state_83,state_84,state_85,state_86,state_87,state_88,state_89,state_90,state_91,state_92,state_93,state_94,state_95,state_96,state_97,state_98,state_99,state_100,state_101,state_102,state_103,state_104,state_105,state_106,state_107,state_108,state_109,state_110,state_111,state_112,state_113,state_114,state_115,state_116,state_117,state_118,state_119,state_120,state_121,state_122,state_123,state_124,state_125,state_126,state_127,state_128,state_129,state_130,state_131,state_132,state_133,state_134,state_135,state_136,state_137,state_138,state_139,state_140,state_141,state_142,state_143,state_144,state_145,state_146,state_147,state_148,state_149,state_150,state_151,state_152,state_153,state_154,state_155,state_156,state_157,state_158,state_159,state_160,state_161,state_162,state_163,state_164,state_165,state_166,state_167,state_168,state_169,state_170,state_171,state_172,state_173,state_174,state_175,state_176,state_177,state_178,state_179,state_180,state_181,state_182,state_183,state_184,state_185,state_186,state_187,state_188,state_189,state_190,state_191,state_192,state_193,state_194,state_195,state_196,state_197,state_198,state_199,state_200,state_201,state_202,state_203,state_204,state_205,state_206,state_207,state_208,state_209,state_210,state_211,state_212,state_213,state_214,state_215,state_216,state_217,state_218,state_219,state_220,state_221,state_222,state_223,state_224,state_225,state_226,state_227,state_228,state_229,state_230,state_231,state_232,state_233,state_234,state_235,state_236,state_237,state_238,state_239,state_240,state_241,state_242,state_243,state_244,state_245,state_246,state_247,state_248,state_249,state_250,state_251,state_252,state_253,state_254,state_255,state_256,state_257,state_258,state_259,state_260,state_261,state_262,state_263,state_264,state_265,state_266,state_267,state_268,state_269,state_270,state_271,state_272,state_273,state_274,state_275,state_276,state_277,state_278,state_279,state_280,state_281,state_282,state_283,state_284,state_285,state_286,state_287
{'img': array([[[ 0.        , -0.160112  , -0.89199017, ...,  0.46423142,
          0.74991209,  0.78805999],
        [ 0.160112  ,  0.        , -0.80810308, ...,  0.60005573,
          0.84615745,  0.87645781],
        [ 0.89199017,  0.80810308,  0.        , ...,  0.99990617,
          0.9290863 ,  0.90535406],
        ...,
        [-0.46423142, -0.60005573, -0.99990617, ...,  0.        ,
          0.3571011 ,  0.41221558],
        [-0.74991209, -0.84615745, -0.9290863 , ..., -0.3571011 ,
          0.        ,  0.05968651],
        [-0.78805999, -0.87645781, -0.90535406, ..., -0.41221558,
         -0.05968651,  0.        ]],

       [[ 0.        ,  0.39055639,  0.65507729, ...,  0.71973578,
          0.95994756,  0.3888701 ],
        [-0.39055639,  0.        ,  0.30796088, ...,  0.39143063,
          0.77428159, -0.00183106],
        [-0.65507729, -0.30796088,  0.        , ...,  0.08901877,
          0.5417604 , -0.30970243],
        ...,
        [-0.71973578, -0.39143063, -0.08901877, ...,  0.        ,
          0.46478637, -0.39311493],
        [-0.95994756, -0.77428159, -0.5417604 , ..., -0.46478637,
          0.        , -0.77543906],
        [-0.3888701 ,  0.00183106,  0.30970243, ...,  0.39311493,
          0.77543906,  0.        ]],

       [[ 0.        , -0.00878944, -0.16083736, ...,  0.55964141,
          0.59146989,  0.69017984],
        [ 0.00878944,  0.        , -0.15215614, ...,  0.5669039 ,
          0.5985342 ,  0.69651355],
        [ 0.16083736,  0.15215614,  0.        , ...,  0.68564692,
          0.71345702,  0.79758235],
        ...,
        [-0.55964141, -0.5669039 , -0.68564692, ...,  0.        ,
          0.0389177 ,  0.16699839],
        [-0.59146989, -0.5985342 , -0.71345702, ..., -0.0389177 ,
          0.        ,  0.12850068],
        [-0.69017984, -0.69651355, -0.79758235, ..., -0.16699839,
         -0.12850068,  0.        ]],

       ...,

       [[ 0.        , -0.33559497, -0.50884984, ..., -0.666899  ,
         -0.42613254, -0.45620898],
        [ 0.33559497,  0.        , -0.19044109, ..., -0.37815515,
         -0.09781997, -0.13111497],
        [ 0.50884984,  0.19044109,  0.        , ..., -0.19493503,
          0.09349802,  0.06008165],
        ...,
        [ 0.666899  ,  0.37815515,  0.19493503, ...,  0.        ,
          0.28578548,  0.25351193],
        [ 0.42613254,  0.09781997, -0.09349802, ..., -0.28578548,
          0.        , -0.03351065],
        [ 0.45620898,  0.13111497, -0.06008165, ..., -0.25351193,
          0.03351065,  0.        ]],

       [[ 0.        , -0.07617733, -0.23097989, ...,  0.95316855,
          0.99499581,  0.99975365],
        [ 0.07617733,  0.        , -0.15619134, ...,  0.92735987,
          0.98449326,  0.99853944],
        [ 0.23097989,  0.15619134,  0.        , ...,  0.85753599,
          0.94501093,  0.97784555],
        ...,
        [-0.95316855, -0.92735987, -0.85753599, ...,  0.        ,
         -0.20568877, -0.32352115],
        [-0.99499581, -0.98449326, -0.94501093, ...,  0.20568877,
          0.        , -0.12197643],
        [-0.99975365, -0.99853944, -0.97784555, ...,  0.32352115,
          0.12197643,  0.        ]],

       [[ 0.        ,  0.19536458,  0.22029044, ...,  0.89797825,
          0.89499605,  0.890474  ],
        [-0.19536458,  0.        ,  0.02548027, ...,  0.96664302,
          0.96489716,  0.96221273],
        [-0.22029044, -0.02548027,  0.        , ...,  0.97285538,
          0.97127572,  0.96883857],
        ...,
        [-0.89797825, -0.96664302, -0.97285538, ...,  0.        ,
          0.00673087,  0.01676671],
        [-0.89499605, -0.96489716, -0.97127572, ..., -0.00673087,
          0.        ,  0.0100364 ],
        [-0.890474  , -0.96221273, -0.96883857, ..., -0.01676671,
         -0.0100364 ,  0.        ]]]), 'num': array([7.07104730e-01, 7.07104730e-01, 0.00000000e+00, 0.00000000e+00,
       6.50394576e-04, 6.52166769e-04, 6.39761423e-04, 1.56896615e-03,
       8.86096153e-07, 6.41001957e-04, 6.47780593e-04, 6.40809970e-04,
       3.83176715e-07, 6.75088892e-04, 6.20472294e-04])}
{'img': array([[[ 0.        , -0.80810308, -0.80810308, ...,  0.84615745,
          0.87645781,  0.89072574],
        [ 0.80810308,  0.        ,  0.        , ...,  0.9290863 ,
          0.90535406,  0.89199017],
        [ 0.80810308,  0.        ,  0.        , ...,  0.9290863 ,
          0.90535406,  0.89199017],
        ...,
        [-0.84615745, -0.9290863 , -0.9290863 , ...,  0.        ,
          0.05968651,  0.09008374],
        [-0.87645781, -0.90535406, -0.90535406, ..., -0.05968651,
          0.        ,  0.0304793 ],
        [-0.89072574, -0.89199017, -0.89199017, ..., -0.09008374,
         -0.0304793 ,  0.        ]],

       [[ 0.        ,  0.30796088,  0.1987608 , ...,  0.77428159,
         -0.00183106, -0.16161628],
        [-0.30796088,  0.        , -0.11271562, ...,  0.5417604 ,
         -0.30970243, -0.4576739 ],
        [-0.1987608 ,  0.11271562,  0.        , ...,  0.63304911,
         -0.200555  , -0.35453955],
        ...,
        [-0.77428159, -0.5417604 , -0.63304911, ...,  0.        ,
         -0.77543906, -0.86638008],
        [ 0.00183106,  0.30970243,  0.200555  , ...,  0.77543906,
          0.        , -0.15980902],
        [ 0.16161628,  0.4576739 ,  0.35453955, ...,  0.86638008,
          0.15980902,  0.        ]],

       [[ 0.        , -0.15215614, -0.3376122 , ...,  0.5985342 ,
          0.69651355,  0.79113642],
        [ 0.15215614,  0.        , -0.19045887, ...,  0.71345702,
          0.79758235,  0.87498954],
        [ 0.3376122 ,  0.19045887,  0.        , ...,  0.83385165,
          0.89786945,  0.95118211],
        ...,
        [-0.5985342 , -0.71345702, -0.83385165, ...,  0.        ,
          0.12850068,  0.26768991],
        [-0.69651355, -0.79758235, -0.89786945, ..., -0.12850068,
          0.        ,  0.14165954],
        [-0.79113642, -0.87498954, -0.95118211, ..., -0.26768991,
         -0.14165954,  0.        ]],

       ...,

       [[ 0.        , -0.19044109,  0.09035301, ..., -0.09781997,
         -0.13111497, -0.13111497],
        [ 0.19044109,  0.        ,  0.27836157, ...,  0.09349802,
          0.06008165,  0.06008165],
        [-0.09035301, -0.27836157,  0.        , ..., -0.18733956,
         -0.22015169, -0.22015169],
        ...,
        [ 0.09781997, -0.09349802,  0.18733956, ...,  0.        ,
         -0.03351065, -0.03351065],
        [ 0.13111497, -0.06008165,  0.22015169, ...,  0.03351065,
          0.        ,  0.        ],
        [ 0.13111497, -0.06008165,  0.22015169, ...,  0.03351065,
          0.        ,  0.        ]],

       [[ 0.        , -0.15619134, -0.36519834, ...,  0.98449326,
          0.99853944,  0.99979165],
        [ 0.15619134,  0.        , -0.21531303, ...,  0.94501093,
          0.97784555,  0.99070925],
        [ 0.36519834,  0.21531303,  0.        , ...,  0.85243007,
          0.90983928,  0.93819034],
        ...,
        [-0.98449326, -0.94501093, -0.85243007, ...,  0.        ,
         -0.12197643, -0.19548171],
        [-0.99853944, -0.97784555, -0.90983928, ...,  0.12197643,
          0.        , -0.07439887],
        [-0.99979165, -0.99070925, -0.93819034, ...,  0.19548171,
          0.07439887,  0.        ]],

       [[ 0.        ,  0.10328201,  0.26151088, ...,  0.89766169,
          0.8931633 ,  0.89067531],
        [-0.10328201,  0.        ,  0.1604245 , ...,  0.93837595,
          0.93483604,  0.9328682 ],
        [-0.26151088, -0.1604245 ,  0.        , ...,  0.98166752,
          0.97969163,  0.97857357],
        ...,
        [-0.89766169, -0.93837595, -0.98166752, ...,  0.        ,
          0.01010373,  0.0156054 ],
        [-0.8931633 , -0.93483604, -0.97969163, ..., -0.01010373,
          0.        ,  0.00550211],
        [-0.89067531, -0.9328682 , -0.97857357, ..., -0.0156054 ,
         -0.00550211,  0.        ]]]), 'num': array([ 9.99992662e-01,  3.62914703e-05,  1.37356644e-05, -1.79378537e-10,
        9.19923064e-04,  9.31295739e-04,  9.14868542e-04,  2.80776188e-03,
       -7.58178349e-06,  9.20933968e-04,  9.22513507e-04,  9.14510513e-04,
        5.18412547e-07,  9.60215254e-04,  8.84811759e-04])}
{'img': array([[[ 0.00000000e+00,  0.00000000e+00,  5.88881788e-01, ...,
          9.05354063e-01,  8.91990170e-01,  9.57729222e-01],
        [ 0.00000000e+00,  0.00000000e+00,  5.88881788e-01, ...,
          9.05354063e-01,  8.91990170e-01,  9.57729222e-01],
        [-5.88881788e-01, -5.88881788e-01,  0.00000000e+00, ...,
          9.81797604e-01,  9.87130397e-01,  9.43459474e-01],
        ...,
        [-9.05354063e-01, -9.05354063e-01, -9.81797604e-01, ...,
          0.00000000e+00,  3.04792987e-02, -1.46262610e-01],
        [-8.91990170e-01, -8.91990170e-01, -9.87130397e-01, ...,
         -3.04792987e-02,  0.00000000e+00, -1.76346175e-01],
        [-9.57729222e-01, -9.57729222e-01, -9.43459474e-01, ...,
          1.46262610e-01,  1.76346175e-01,  0.00000000e+00]],

       [[ 0.00000000e+00, -1.12715622e-01, -3.41856494e-01, ...,
         -3.09702432e-01, -4.57673898e-01, -2.00324790e-01],
        [ 1.12715622e-01,  0.00000000e+00, -2.33753191e-01, ...,
         -2.00554995e-01, -3.54539546e-01, -8.86173530e-02],
        [ 3.41856494e-01,  2.33753191e-01,  0.00000000e+00, ...,
          3.40050850e-02, -1.26148548e-01,  1.46671251e-01],
        ...,
        [ 3.09702432e-01,  2.00554995e-01, -3.40050850e-02, ...,
          0.00000000e+00, -1.59809022e-01,  1.12949095e-01],
        [ 4.57673898e-01,  3.54539546e-01,  1.26148548e-01, ...,
          1.59809022e-01,  0.00000000e+00,  2.70283836e-01],
        [ 2.00324790e-01,  8.86173530e-02, -1.46671251e-01, ...,
         -1.12949095e-01, -2.70283836e-01,  0.00000000e+00]],

       [[ 0.00000000e+00, -1.90458868e-01, -2.98398934e-01, ...,
          7.97582346e-01,  8.74989540e-01,  9.47320223e-01],
        [ 1.90458868e-01,  0.00000000e+00, -1.11154997e-01, ...,
          8.97869451e-01,  9.51182115e-01,  9.90981381e-01],
        [ 2.98398934e-01,  1.11154997e-01,  0.00000000e+00, ...,
          9.41242727e-01,  9.79593504e-01,  9.99735080e-01],
        ...,
        [-7.97582346e-01, -8.97869451e-01, -9.41242727e-01, ...,
          0.00000000e+00,  1.41659540e-01,  3.15977063e-01],
        [-8.74989540e-01, -9.51182115e-01, -9.79593504e-01, ...,
         -1.41659540e-01,  0.00000000e+00,  1.78388701e-01],
        [-9.47320223e-01, -9.90981381e-01, -9.99735080e-01, ...,
         -3.15977063e-01, -1.78388701e-01,  0.00000000e+00]],

       ...,

       [[ 0.00000000e+00,  2.78361567e-01,  6.58063819e-01, ...,
          6.00816545e-02,  6.00816545e-02, -1.49546853e-02],
        [-2.78361567e-01,  0.00000000e+00,  4.22459016e-01, ...,
         -2.20151688e-01, -2.20151688e-01, -2.92694060e-01],
        [-6.58063819e-01, -4.22459016e-01,  0.00000000e+00, ...,
         -6.11635792e-01, -6.11635792e-01, -6.69250541e-01],
        ...,
        [-6.00816545e-02,  2.20151688e-01,  6.11635792e-01, ...,
          0.00000000e+00,  0.00000000e+00, -7.50026049e-02],
        [-6.00816545e-02,  2.20151688e-01,  6.11635792e-01, ...,
          0.00000000e+00,  0.00000000e+00, -7.50026049e-02],
        [ 1.49546853e-02,  2.92694060e-01,  6.69250541e-01, ...,
          7.50026049e-02,  7.50026049e-02,  0.00000000e+00]],

       [[ 0.00000000e+00, -2.15313026e-01, -3.98759260e-01, ...,
          9.77845548e-01,  9.90709255e-01,  9.99121349e-01],
        [ 2.15313026e-01,  0.00000000e+00, -1.91952369e-01, ...,
          9.09839283e-01,  9.38190336e-01,  9.66663059e-01],
        [ 3.98759260e-01,  1.91952369e-01,  0.00000000e+00, ...,
          8.13267420e-01,  8.54305466e-01,  8.99537476e-01],
        ...,
        [-9.77845548e-01, -9.09839283e-01, -8.13267420e-01, ...,
          0.00000000e+00, -7.43988666e-02, -1.68161298e-01],
        [-9.90709255e-01, -9.38190336e-01, -8.54305466e-01, ...,
          7.43988666e-02,  0.00000000e+00, -9.43558603e-02],
        [-9.99121349e-01, -9.66663059e-01, -8.99537476e-01, ...,
          1.68161298e-01,  9.43558603e-02,  0.00000000e+00]],

       [[ 0.00000000e+00,  2.41224054e-01,  3.37425164e-01, ...,
          8.93904646e-01,  8.91420151e-01,  8.91813582e-01],
        [-2.41224054e-01,  0.00000000e+00,  1.00383982e-01, ...,
          9.75637561e-01,  9.74413410e-01,  9.74608340e-01],
        [-3.37425164e-01, -1.00383982e-01,  0.00000000e+00, ...,
          9.92732491e-01,  9.92054052e-01,  9.92162996e-01],
        ...,
        [-8.93904646e-01, -9.75637561e-01, -9.92732491e-01, ...,
          0.00000000e+00,  5.51226821e-03,  4.64337561e-03],
        [-8.91420151e-01, -9.74413410e-01, -9.92054052e-01, ...,
         -5.51226821e-03,  0.00000000e+00, -8.68903725e-04],
        [-8.91813582e-01, -9.74608340e-01, -9.92162996e-01, ...,
         -4.64337561e-03,  8.68903725e-04,  0.00000000e+00]]]), 'num': array([ 8.49364194e-01,  5.27792352e-01,  4.36325430e-06, -9.97988015e-09,
        7.88166280e-04,  7.90305130e-04,  7.76402604e-04,  3.28764795e-03,
        9.62482567e-06,  7.83460809e-04,  7.80306005e-04,  7.74958880e-04,
        5.03778754e-07,  8.11567442e-04,  7.49044568e-04])}
{'img': array([[[ 0.00000000e+00,  5.88881788e-01,  7.15483006e-01, ...,
          8.91990170e-01,  9.57729222e-01,  8.45328692e-01],
        [-5.88881788e-01,  0.00000000e+00,  1.66856523e-01, ...,
          9.87130397e-01,  9.43459474e-01,  9.97818939e-01],
        [-7.15483006e-01, -1.66856523e-01,  0.00000000e+00, ...,
          9.46608738e-01,  8.74922376e-01,  9.72816445e-01],
        ...,
        [-8.91990170e-01, -9.87130397e-01, -9.46608738e-01, ...,
          0.00000000e+00, -1.76346175e-01,  9.44078054e-02],
        [-9.57729222e-01, -9.43459474e-01, -8.74922376e-01, ...,
          1.76346175e-01,  0.00000000e+00,  2.68486810e-01],
        [-8.45328692e-01, -9.97818939e-01, -9.72816445e-01, ...,
         -9.44078054e-02, -2.68486810e-01,  0.00000000e+00]],

       [[ 0.00000000e+00, -2.33753191e-01, -2.40418953e-01, ...,
         -3.54539546e-01, -8.86173530e-02,  3.43953660e-01],
        [ 2.33753191e-01,  0.00000000e+00, -6.86135188e-03, ...,
         -1.26148548e-01,  1.46671251e-01,  5.53915876e-01],
        [ 2.40418953e-01,  6.86135188e-03,  0.00000000e+00, ...,
         -1.19339040e-01,  1.53454947e-01,  5.59615411e-01],
        ...,
        [ 3.54539546e-01,  1.26148548e-01,  1.19339040e-01, ...,
          0.00000000e+00,  2.70283836e-01,  6.54518673e-01],
        [ 8.86173530e-02, -1.46671251e-01, -1.53454947e-01, ...,
         -2.70283836e-01,  0.00000000e+00,  4.25810967e-01],
        [-3.43953660e-01, -5.53915876e-01, -5.59615411e-01, ...,
         -6.54518673e-01, -4.25810967e-01,  0.00000000e+00]],

       [[ 0.00000000e+00, -1.11154997e-01, -3.50867772e-01, ...,
          9.51182115e-01,  9.90981381e-01,  9.99998994e-01],
        [ 1.11154997e-01,  0.00000000e+00, -2.44605154e-01, ...,
          9.79593504e-01,  9.99735080e-01,  9.93959757e-01],
        [ 3.50867772e-01,  2.44605154e-01,  0.00000000e+00, ...,
          9.98999107e-01,  9.74995907e-01,  9.36921781e-01],
        ...,
        [-9.51182115e-01, -9.79593504e-01, -9.98999107e-01, ...,
          0.00000000e+00,  1.78388701e-01,  3.07280605e-01],
        [-9.90981381e-01, -9.99735080e-01, -9.74995907e-01, ...,
         -1.78388701e-01,  0.00000000e+00,  1.32593785e-01],
        [-9.99998994e-01, -9.93959757e-01, -9.36921781e-01, ...,
         -3.07280605e-01, -1.32593785e-01,  0.00000000e+00]],

       ...,

       [[ 0.00000000e+00,  4.22459016e-01,  4.40414591e-01, ...,
         -2.20151688e-01, -2.92694060e-01, -9.40911475e-02],
        [-4.22459016e-01,  0.00000000e+00,  1.99024835e-02, ...,
         -6.11635792e-01, -6.69250541e-01, -5.05867338e-01],
        [-4.40414591e-01, -1.99024835e-02,  0.00000000e+00, ...,
         -6.27260283e-01, -6.83906258e-01, -5.22935246e-01],
        ...,
        [ 2.20151688e-01,  6.11635792e-01,  6.27260283e-01, ...,
          0.00000000e+00, -7.50026049e-02,  1.27392322e-01],
        [ 2.92694060e-01,  6.69250541e-01,  6.83906258e-01, ...,
          7.50026049e-02,  0.00000000e+00,  2.01425015e-01],
        [ 9.40911475e-02,  5.05867338e-01,  5.22935246e-01, ...,
         -1.27392322e-01, -2.01425015e-01,  0.00000000e+00]],

       [[ 0.00000000e+00, -1.91952369e-01, -3.09399038e-01, ...,
          9.38190336e-01,  9.66663059e-01,  9.77099273e-01],
        [ 1.91952369e-01,  0.00000000e+00, -1.21111821e-01, ...,
          8.54305466e-01,  8.99537476e-01,  9.18084987e-01],
        [ 3.09399038e-01,  1.21111821e-01,  0.00000000e+00, ...,
          7.85066368e-01,  8.40008940e-01,  8.63320105e-01],
        ...,
        [-9.38190336e-01, -8.54305466e-01, -7.85066368e-01, ...,
          0.00000000e+00, -9.43558603e-02, -1.38561524e-01],
        [-9.66663059e-01, -8.99537476e-01, -8.40008940e-01, ...,
          9.43558603e-02,  0.00000000e+00, -4.44976486e-02],
        [-9.77099273e-01, -9.18084987e-01, -8.63320105e-01, ...,
          1.38561524e-01,  4.44976486e-02,  0.00000000e+00]],

       [[ 0.00000000e+00,  2.41316209e-01,  2.82308721e-01, ...,
          8.95539108e-01,  8.95929401e-01,  8.91295063e-01],
        [-2.41316209e-01,  0.00000000e+00,  4.24651846e-02, ...,
          9.76454395e-01,  9.76643397e-01,  9.74372714e-01],
        [-2.82308721e-01, -4.24651846e-02,  0.00000000e+00, ...,
          9.84734338e-01,  9.84886765e-01,  9.83045879e-01],
        ...,
        [-8.95539108e-01, -9.76454395e-01, -9.84734338e-01, ...,
          0.00000000e+00, -8.77871680e-04,  9.44772784e-03],
        [-8.95929401e-01, -9.76643397e-01, -9.84886765e-01, ...,
          8.77871680e-04,  0.00000000e+00,  1.03255567e-02],
        [-8.91295063e-01, -9.74372714e-01, -9.83045879e-01, ...,
         -9.44772784e-03, -1.03255567e-02,  0.00000000e+00]]]), 'num': array([ 9.15389067e-01,  4.02555948e-01,  6.93955506e-06, -5.47346204e-09,
        8.50469518e-04,  8.58525386e-04,  8.45866164e-04,  2.42139835e-03,
        2.30167664e-06,  8.44945494e-04,  8.39248844e-04,  8.35067465e-04,
        5.80337272e-07,  8.72025519e-04,  8.06472169e-04])}
{'img': array([[[ 0.        ,  0.4772126 ,  0.61583035, ...,  0.97724336,
          0.87459816,  0.83814041],
        [-0.4772126 ,  0.        ,  0.16519856, ...,  0.96001654,
          0.99996207,  0.99684541],
        [-0.61583035, -0.16519856,  0.        , ...,  0.90058   ,
          0.98766175,  0.99626051],
        ...,
        [-0.97724336, -0.96001654, -0.90058   , ...,  0.        ,
          0.28829414,  0.35525448],
        [-0.87459816, -0.99996207, -0.98766175, ..., -0.28829414,
          0.        ,  0.07068244],
        [-0.83814041, -0.99684541, -0.99626051, ..., -0.35525448,
         -0.07068244,  0.        ]],

       [[ 0.        , -0.00686135,  0.25029057, ...,  0.14667125,
          0.55391588,  0.08025961],
        [ 0.00686135,  0.        ,  0.25692763, ...,  0.15345495,
          0.55961541,  0.08709694],
        [-0.25029057, -0.25692763,  0.        , ..., -0.10558093,
          0.32790008, -0.17177811],
        ...,
        [-0.14667125, -0.15345495,  0.10558093, ...,  0.        ,
          0.42581097, -0.06680646],
        [-0.55391588, -0.55961541, -0.32790008, ..., -0.42581097,
          0.        , -0.48530698],
        [-0.08025961, -0.08709694,  0.17177811, ...,  0.06680646,
          0.48530698,  0.        ]],

       [[ 0.        , -0.24460515, -0.35281972, ...,  0.99973508,
          0.99395976,  0.98582164],
        [ 0.24460515,  0.        , -0.11322712, ...,  0.97499591,
          0.93692178,  0.91483119],
        [ 0.35281972,  0.11322712,  0.        , ...,  0.94356419,
          0.89131926,  0.86322279],
        ...,
        [-0.99973508, -0.97499591, -0.94356419, ...,  0.        ,
          0.13259378,  0.19044254],
        [-0.99395976, -0.93692178, -0.89131926, ..., -0.13259378,
          0.        ,  0.05859392],
        [-0.98582164, -0.91483119, -0.86322279, ..., -0.19044254,
         -0.05859392,  0.        ]],

       ...,

       [[ 0.        ,  0.01990248,  0.0584443 , ..., -0.66925054,
         -0.50586734, -0.40983605],
        [-0.01990248,  0.        ,  0.03856426, ..., -0.68390626,
         -0.52293525, -0.4279091 ],
        [-0.0584443 , -0.03856426,  0.        , ..., -0.71153284,
         -0.55541735, -0.46244601],
        ...,
        [ 0.66925054,  0.68390626,  0.71153284, ...,  0.        ,
          0.20142501,  0.30593977],
        [ 0.50586734,  0.52293525,  0.55541735, ..., -0.20142501,
          0.        ,  0.10790235],
        [ 0.40983605,  0.4279091 ,  0.46244601, ..., -0.30593977,
         -0.10790235,  0.        ]],

       [[ 0.        , -0.12111182, -0.0523694 , ...,  0.89953748,
          0.91808499,  0.93635853],
        [ 0.12111182,  0.        ,  0.06896173, ...,  0.84000894,
          0.86332011,  0.88695015],
        [ 0.0523694 , -0.06896173,  0.        , ...,  0.87542588,
          0.8960668 ,  0.91668962],
        ...,
        [-0.89953748, -0.84000894, -0.87542588, ...,  0.        ,
         -0.04449765, -0.09326395],
        [-0.91808499, -0.86332011, -0.8960668 , ...,  0.04449765,
          0.        , -0.04886787],
        [-0.93635853, -0.88695015, -0.91668962, ...,  0.09326395,
          0.04886787,  0.        ]],

       [[ 0.        ,  0.1498401 ,  0.16697973, ...,  0.90001432,
          0.89541822,  0.88721783],
        [-0.1498401 ,  0.        ,  0.01735818, ...,  0.95516273,
          0.95202188,  0.9463302 ],
        [-0.16697973, -0.01735818,  0.        , ...,  0.96015825,
          0.95719057,  0.95179781],
        ...,
        [-0.90001432, -0.95516273, -0.96015825, ...,  0.        ,
          0.0104325 ,  0.02851923],
        [-0.89541822, -0.95202188, -0.95719057, ..., -0.0104325 ,
          0.        ,  0.01808942],
        [-0.88721783, -0.9463302 , -0.95179781, ..., -0.02851923,
         -0.01808942,  0.        ]]]), 'num': array([ 9.02637099e-01,  4.30389768e-01,  6.36451929e-06, -3.74523399e-09,
        8.40297743e-04,  8.42562696e-04,  8.22178115e-04,  2.32441984e-03,
        3.39743023e-06,  8.33502882e-04,  8.25745417e-04,  8.22763228e-04,
        7.54984495e-07,  8.57778898e-04,  7.93711935e-04])}
{'img': array([[[ 0.        ,  0.25398304, -0.2499685 , ...,  0.97463657,
          0.95572891,  0.915164  ],
        [-0.25398304,  0.        , -0.48769179, ...,  0.99951671,
          0.99912345,  0.98753047],
        [ 0.2499685 ,  0.48769179,  0.        , ...,  0.88775438,
          0.85183542,  0.78535345],
        ...,
        [-0.97463657, -0.99951671, -0.88775438, ...,  0.        ,
          0.07289948,  0.18805033],
        [-0.95572891, -0.99912345, -0.85183542, ..., -0.07289948,
          0.        ,  0.11595107],
        [-0.915164  , -0.98753047, -0.78535345, ..., -0.18805033,
         -0.11595107,  0.        ]],

       [[ 0.        ,  0.25692763, -0.10125996, ...,  0.55961541,
          0.08709694,  0.05713703],
        [-0.25692763,  0.        , -0.35346776, ...,  0.32790008,
         -0.17177811, -0.20128893],
        [ 0.10125996,  0.35346776,  0.        , ...,  0.64065843,
          0.18752442,  0.15793788],
        ...,
        [-0.55961541, -0.32790008, -0.64065843, ...,  0.        ,
         -0.48530698, -0.51134874],
        [-0.08709694,  0.17177811, -0.18752442, ...,  0.48530698,
          0.        , -0.03003476],
        [-0.05713703,  0.20128893, -0.15793788, ...,  0.51134874,
          0.03003476,  0.        ]],

       [[ 0.        , -0.11322712,  0.24460515, ...,  0.93692178,
          0.91483119,  0.88505739],
        [ 0.11322712,  0.        ,  0.35281972, ...,  0.89131926,
          0.86322279,  0.82666053],
        [-0.24460515, -0.35281972,  0.        , ...,  0.99395976,
          0.98582164,  0.97203108],
        ...,
        [-0.93692178, -0.89131926, -0.99395976, ...,  0.        ,
          0.05859392,  0.12675799],
        [-0.91483119, -0.86322279, -0.98582164, ..., -0.05859392,
          0.        ,  0.06841893],
        [-0.88505739, -0.82666053, -0.97203108, ..., -0.12675799,
         -0.06841893,  0.        ]],

       ...,

       [[ 0.        ,  0.03856426, -0.02767216, ..., -0.52293525,
         -0.4279091 ,  0.11114222],
        [-0.03856426,  0.        , -0.06620107, ..., -0.55541735,
         -0.46244601,  0.07273421],
        [ 0.02767216,  0.06620107,  0.        , ..., -0.499148  ,
         -0.40273453,  0.13860038],
        ...,
        [ 0.52293525,  0.55541735,  0.499148  , ...,  0.        ,
          0.10790235,  0.61442997],
        [ 0.4279091 ,  0.46244601,  0.40273453, ..., -0.10790235,
          0.        ,  0.52571076],
        [-0.11114222, -0.07273421, -0.13860038, ..., -0.61442997,
         -0.52571076,  0.        ]],

       [[ 0.        ,  0.06896173, -0.12892965, ...,  0.86332011,
          0.88695015,  0.89251032],
        [-0.06896173,  0.        , -0.19700886, ...,  0.8960668 ,
          0.91668962,  0.92148913],
        [ 0.12892965,  0.19700886,  0.        , ...,  0.7910494 ,
          0.81999933,  0.82691045],
        ...,
        [-0.86332011, -0.8960668 , -0.7910494 , ...,  0.        ,
         -0.04886787, -0.06103068],
        [-0.88695015, -0.91668962, -0.81999933, ...,  0.04886787,
          0.        , -0.01218099],
        [-0.89251032, -0.92148913, -0.82691045, ...,  0.06103068,
          0.01218099,  0.        ]],

       [[ 0.        ,  0.07431961,  0.17059411, ...,  0.8969773 ,
          0.88880123,  0.88653891],
        [-0.07431961,  0.        ,  0.09689214, ...,  0.92735164,
          0.92040337,  0.91847143],
        [-0.17059411, -0.09689214,  0.        , ...,  0.95924452,
          0.9539547 ,  0.95246953],
        ...,
        [-0.8969773 , -0.92735164, -0.95924452, ...,  0.        ,
          0.01816008,  0.02307206],
        [-0.88880123, -0.92040337, -0.9539547 , ..., -0.01816008,
          0.        ,  0.004913  ],
        [-0.88653891, -0.91847143, -0.95246953, ..., -0.02307206,
         -0.004913  ,  0.        ]]]), 'num': array([ 9.94876490e-01,  1.01008618e-01,  1.21614677e-05, -1.57075448e-09,
        9.25329060e-04,  9.35400669e-04,  9.20293256e-04,  3.35059764e-03,
       -8.81265772e-06,  9.26839802e-04,  9.17145878e-04,  9.15551207e-04,
        7.55370662e-07,  9.51258575e-04,  8.83033182e-04])}
{'img': array([[[ 0.        , -0.48769179, -0.06941203, ...,  0.99912345,
          0.98753047,  0.99486462],
        [ 0.48769179,  0.        ,  0.42591771, ...,  0.85183542,
          0.78535345,  0.91789411],
        [ 0.06941203, -0.42591771,  0.        , ...,  0.99380799,
          0.97422123,  0.99949059],
        ...,
        [-0.99912345, -0.85183542, -0.99380799, ...,  0.        ,
          0.11595107, -0.14277175],
        [-0.98753047, -0.78535345, -0.97422123, ..., -0.11595107,
          0.        , -0.25657197],
        [-0.99486462, -0.91789411, -0.99949059, ...,  0.14277175,
          0.25657197,  0.        ]],

       [[ 0.        , -0.35346776,  0.08203516, ..., -0.17177811,
         -0.20128893,  0.12682147],
        [ 0.35346776,  0.        ,  0.42901589, ...,  0.18752442,
          0.15793788,  0.46924843],
        [-0.08203516, -0.42901589,  0.        , ..., -0.25201489,
         -0.28096653,  0.04502124],
        ...,
        [ 0.17177811, -0.18752442,  0.25201489, ...,  0.        ,
         -0.03003476,  0.29532746],
        [ 0.20128893, -0.15793788,  0.28096653, ...,  0.03003476,
          0.        ,  0.32388931],
        [-0.12682147, -0.46924843, -0.04502124, ..., -0.29532746,
         -0.32388931,  0.        ]],

       [[ 0.        ,  0.35281972,  0.52339524, ...,  0.86322279,
          0.82666053,  0.82224629],
        [-0.35281972,  0.        ,  0.18910221, ...,  0.98582164,
          0.97203108,  0.97016965],
        [-0.52339524, -0.18910221,  0.        , ...,  0.99976557,
          0.9989042 ,  0.99850876],
        ...,
        [-0.86322279, -0.98582164, -0.99976557, ...,  0.        ,
          0.06841893,  0.07619861],
        [-0.82666053, -0.97203108, -0.9989042 , ..., -0.06841893,
          0.        ,  0.00780004],
        [-0.82224629, -0.97016965, -0.99850876, ..., -0.07619861,
         -0.00780004,  0.        ]],

       ...,

       [[ 0.        , -0.06620107, -0.27340256, ..., -0.46244601,
          0.07273421, -0.16444328],
        [ 0.06620107,  0.        , -0.20912401, ..., -0.40273453,
          0.13860038, -0.0987827 ],
        [ 0.27340256,  0.20912401,  0.        , ..., -0.202415  ,
          0.34264143,  0.11150266],
        ...,
        [ 0.46244601,  0.40273453,  0.202415  , ...,  0.        ,
          0.52571076,  0.3103473 ],
        [-0.07273421, -0.13860038, -0.34264143, ..., -0.52571076,
          0.        , -0.23575178],
        [ 0.16444328,  0.0987827 , -0.11150266, ..., -0.3103473 ,
          0.23575178,  0.        ]],

       [[ 0.        , -0.19700886, -0.28264865, ...,  0.91668962,
          0.92148913,  0.94755151],
        [ 0.19700886,  0.        , -0.08813369, ...,  0.81999933,
          0.82691045,  0.86601648],
        [ 0.28264865,  0.08813369,  0.        , ...,  0.76636383,
          0.77413212,  0.8185783 ],
        ...,
        [-0.91668962, -0.81999933, -0.76636383, ...,  0.        ,
         -0.01218099, -0.08566473],
        [-0.92148913, -0.82691045, -0.77413212, ...,  0.01218099,
          0.        , -0.07352217],
        [-0.94755151, -0.86601648, -0.8185783 , ...,  0.08566473,
          0.07352217,  0.        ]],

       [[ 0.        ,  0.1538742 ,  0.16030535, ...,  0.8891876 ,
          0.88692681,  0.87347168],
        [-0.1538742 ,  0.        ,  0.00651196, ...,  0.9490018 ,
          0.94743994,  0.93798652],
        [-0.16030535, -0.00651196,  0.        , ...,  0.95103471,
          0.94950324,  0.94022414],
        ...,
        [-0.8891876 , -0.9490018 , -0.95103471, ...,  0.        ,
          0.00491766,  0.0332725 ],
        [-0.88692681, -0.94743994, -0.94950324, ..., -0.00491766,
          0.        ,  0.02835716],
        [-0.87347168, -0.93798652, -0.94022414, ..., -0.0332725 ,
         -0.02835716,  0.        ]]]), 'num': array([ 7.07102086e-01,  7.07102086e-01,  0.00000000e+00, -1.00205806e-08,
        6.44305549e-04,  6.67604498e-04,  6.38032755e-04,  3.14318951e-03,
       -1.43378147e-05,  6.58105696e-04,  6.51474456e-04,  6.52041995e-04,
        4.64349681e-07,  6.74482070e-04,  6.28466842e-04])}
{'img': array([[[ 0.        ,  0.42591771,  0.73084854, ...,  0.78535345,
          0.91789411,  0.99380799],
        [-0.42591771,  0.        ,  0.37053817, ...,  0.97422123,
          0.99949059,  0.85183542],
        [-0.73084854, -0.37053817,  0.        , ...,  0.98846494,
          0.91651842,  0.597108  ],
        ...,
        [-0.78535345, -0.97422123, -0.98846494, ...,  0.        ,
         -0.25657197, -0.70247596],
        [-0.91789411, -0.99949059, -0.91651842, ...,  0.25657197,
          0.        , -0.49635648],
        [-0.99380799, -0.85183542, -0.597108  , ...,  0.70247596,
          0.49635648,  0.        ]],

       [[ 0.        ,  0.42901589,  0.39567834, ...,  0.15793788,
          0.46924843,  0.79024969],
        [-0.42901589,  0.        , -0.0365885 , ..., -0.28096653,
          0.04502124,  0.45093564],
        [-0.39567834,  0.0365885 ,  0.        , ..., -0.24566377,
          0.0815425 ,  0.48329101],
        ...,
        [-0.15793788,  0.28096653,  0.24566377, ...,  0.        ,
          0.32388931,  0.68354935],
        [-0.46924843, -0.04502124, -0.0815425 , ..., -0.32388931,
          0.        ,  0.41029441],
        [-0.79024969, -0.45093564, -0.48329101, ..., -0.68354935,
         -0.41029441,  0.        ]],

       [[ 0.        ,  0.40656634,  0.561845  , ...,  0.83636513,
          0.83197223,  0.86888351],
        [-0.40656634,  0.        ,  0.17698457, ...,  0.98698956,
          0.98567755,  0.99508754],
        [-0.561845  , -0.17698457,  0.        , ...,  0.99986492,
          0.99996412,  0.9969    ],
        ...,
        [-0.83636513, -0.98698956, -0.99986492, ...,  0.        ,
          0.00796531, -0.06228364],
        [-0.83197223, -0.98567755, -0.99996412, ..., -0.00796531,
          0.        , -0.07023151],
        [-0.86888351, -0.99508754, -0.9969    , ...,  0.06228364,
          0.07023151,  0.        ]],

       ...,

       [[ 0.        , -0.20912401, -0.18602846, ...,  0.13860038,
         -0.0987827 , -0.36098475],
        [ 0.20912401,  0.        ,  0.0235584 , ...,  0.34264143,
          0.11150266, -0.15797992],
        [ 0.18602846, -0.0235584 ,  0.        , ...,  0.32041401,
          0.08806021, -0.18119864],
        ...,
        [-0.13860038, -0.34264143, -0.32041401, ...,  0.        ,
         -0.23575178, -0.48675546],
        [ 0.0987827 , -0.11150266, -0.08806021, ...,  0.23575178,
          0.        , -0.26709722],
        [ 0.36098475,  0.15797992,  0.18119864, ...,  0.48675546,
          0.26709722,  0.        ]],

       [[ 0.        , -0.08813369,  0.22731561, ...,  0.82691045,
          0.86601648,  0.91555528],
        [ 0.08813369,  0.        ,  0.3122575 , ...,  0.77413212,
          0.8185783 ,  0.87654585],
        [-0.22731561, -0.3122575 ,  0.        , ...,  0.93309009,
          0.95700647,  0.98301164],
        ...,
        [-0.82691045, -0.77413212, -0.93309009, ...,  0.        ,
         -0.07352217, -0.18227061],
        [-0.86601648, -0.8185783 , -0.95700647, ...,  0.07352217,
          0.        , -0.10948675],
        [-0.91555528, -0.87654585, -0.98301164, ...,  0.18227061,
          0.10948675,  0.        ]],

       [[ 0.        ,  0.04535576,  0.20412387, ...,  0.88859812,
          0.87517797,  0.8771927 ],
        [-0.04535576,  0.        ,  0.15951301, ...,  0.90848774,
          0.89622049,  0.89806703],
        [-0.20412387, -0.15951301,  0.        , ...,  0.96351762,
          0.95550652,  0.9567312 ],
        ...,
        [-0.88859812, -0.90848774, -0.96351762, ...,  0.        ,
          0.02847235,  0.02429362],
        [-0.87517797, -0.89622049, -0.95550652, ..., -0.02847235,
          0.        , -0.00418018],
        [-0.8771927 , -0.89806703, -0.9567312 , ..., -0.02429362,
          0.00418018,  0.        ]]]), 'num': array([ 9.99991979e-01,  2.80808829e-04,  1.39041880e-05, -1.43510599e-08,
        9.11313692e-04,  9.16383587e-04,  8.99906427e-04,  3.03879388e-03,
        0.00000000e+00,  9.26269883e-04,  9.19552272e-04,  9.22847704e-04,
        5.95712705e-07,  9.49711758e-04,  8.89392785e-04])}
{'img': array([[[ 0.        ,  0.64204534,  0.8660254 , ...,  0.93035238,
          0.9860133 ,  0.9860133 ],
        [-0.64204534,  0.        ,  0.34293014, ...,  0.94868679,
          0.64893597,  0.64893597],
        [-0.8660254 , -0.34293014,  0.        , ...,  0.78271884,
          0.34866908,  0.34866908],
        ...,
        [-0.93035238, -0.94868679, -0.78271884, ...,  0.        ,
         -0.51659694, -0.51659694],
        [-0.9860133 , -0.64893597, -0.34866908, ...,  0.51659694,
          0.        ,  0.        ],
        [-0.9860133 , -0.64893597, -0.34866908, ...,  0.51659694,
          0.        ,  0.        ]],

       [[ 0.        , -0.0365885 , -0.12970018, ...,  0.04502124,
          0.45093564, -0.09223354],
        [ 0.0365885 ,  0.        , -0.09333389, ...,  0.0815425 ,
          0.48329101, -0.05573924],
        [ 0.12970018,  0.09333389,  0.        , ...,  0.17420963,
          0.56289144,  0.03769286],
        ...,
        [-0.04502124, -0.0815425 , -0.17420963, ...,  0.        ,
          0.41029441, -0.13696935],
        [-0.45093564, -0.48329101, -0.56289144, ..., -0.41029441,
          0.        , -0.53133713],
        [ 0.09223354,  0.05573924, -0.03769286, ...,  0.13696935,
          0.53133713,  0.        ]],

       [[ 0.        ,  0.41521739,  0.61095326, ...,  0.8450279 ,
          0.88147954,  0.93778288],
        [-0.41521739,  0.        ,  0.22708399, ...,  0.99076662,
          0.9979764 ,  0.99729463],
        [-0.61095326, -0.22708399,  0.        , ...,  0.9956707 ,
          0.98634367,  0.954548  ],
        ...,
        [-0.8450279 , -0.99076662, -0.9956707 , ...,  0.        ,
         -0.07230575, -0.20804088],
        [-0.88147954, -0.9979764 , -0.98634367, ...,  0.07230575,
          0.        , -0.13677263],
        [-0.93778288, -0.99729463, -0.954548  , ...,  0.20804088,
          0.13677263,  0.        ]],

       ...,

       [[ 0.        ,  0.0235584 ,  0.09040698, ...,  0.11150266,
         -0.15797992, -0.31024581],
        [-0.0235584 ,  0.        ,  0.06691996, ...,  0.08806021,
         -0.18119864, -0.33255565],
        [-0.09040698, -0.06691996,  0.        , ...,  0.02120282,
         -0.24660466, -0.3949213 ],
        ...,
        [-0.11150266, -0.08806021, -0.02120282, ...,  0.        ,
         -0.26709722, -0.41431187],
        [ 0.15797992,  0.18119864,  0.24660466, ...,  0.26709722,
          0.        , -0.15616522],
        [ 0.31024581,  0.33255565,  0.3949213 , ...,  0.41431187,
          0.15616522,  0.        ]],

       [[ 0.        ,  0.3122575 ,  0.4619559 , ...,  0.8185783 ,
          0.87654585,  0.92757916],
        [-0.3122575 ,  0.        ,  0.16191487, ...,  0.95700647,
          0.98301164,  0.99786562],
        [-0.4619559 , -0.16191487,  0.        , ...,  0.9913446 ,
          0.99975891,  0.9952717 ],
        ...,
