state_0,state_1,state_2,state_3,state_4,state_5,state_6,state_7,state_8,state_9,state_10,state_11,state_12,state_13,state_14,state_15,state_16,state_17,state_18,state_19,state_20,state_21,state_22,state_23,state_24,state_25,state_26,state_27,state_28,state_29,state_30,state_31,state_32,state_33,state_34,state_35,state_36,state_37,state_38,state_39,state_40,state_41,state_42,state_43,state_44,state_45,state_46,state_47,state_48,state_49,state_50,state_51,state_52,state_53,state_54,state_55,state_56,state_57,state_58,state_59,state_60,state_61,state_62,state_63,state_64,state_65,state_66,state_67,state_68,state_69,state_70,state_71,state_72,state_73,state_74,state_75,state_76,state_77,state_78,state_79,state_80,state_81,state_82,state_83,state_84,state_85,state_86,state_87,state_88,state_89,state_90,state_91,state_92,state_93,state_94,state_95,state_96,state_97,state_98,state_99,state_100,state_101,state_102,state_103,state_104,state_105,state_106,state_107,state_108,state_109,state_110,state_111,state_112,state_113,state_114,state_115,state_116,state_117,state_118,state_119,state_120,state_121,state_122,state_123,state_124,state_125,state_126,state_127,state_128,state_129,state_130,state_131,state_132,state_133,state_134,state_135,state_136,state_137,state_138,state_139,state_140,state_141,state_142,state_143,state_144,state_145,state_146,state_147,state_148,state_149,state_150,state_151,state_152,state_153,state_154,state_155,state_156,state_157,state_158,state_159,state_160,state_161,state_162,state_163,state_164,state_165,state_166,state_167,state_168,state_169,state_170,state_171,state_172,state_173,state_174,state_175,state_176,state_177,state_178,state_179,state_180,state_181,state_182,state_183,state_184,state_185,state_186,state_187,state_188,state_189,state_190,state_191,state_192,state_193,state_194,state_195,state_196,state_197,state_198,state_199,state_200,state_201,state_202,state_203,state_204,state_205,state_206,state_207,state_208,state_209,state_210,state_211,state_212,state_213,state_214,state_215,state_216,state_217,state_218,state_219,state_220,state_221,state_222,state_223,state_224,state_225,state_226,state_227,state_228,state_229,state_230,state_231,state_232,state_233,state_234,state_235,state_236,state_237,state_238,state_239,state_240,state_241,state_242,state_243,state_244,state_245,state_246,state_247,state_248,state_249,state_250,state_251,state_252,state_253,state_254,state_255,state_256,state_257,state_258,state_259,state_260,state_261,state_262,state_263,state_264,state_265,state_266,state_267,state_268,state_269,state_270,state_271,state_272,state_273,state_274,state_275,state_276,state_277,state_278,state_279,state_280,state_281,state_282,state_283,state_284,state_285,state_286,state_287
{'img': array([[[ 0.        ,  0.        ,  0.07451139, ..., -0.97470237,
         -0.72734263, -0.93671854],
        [ 0.        ,  0.        ,  0.07451139, ..., -0.97470237,
         -0.72734263, -0.93671854],
        [-0.07451139, -0.07451139,  0.        , ..., -0.98864666,
         -0.67418546, -0.90802941],
        ...,
        [ 0.97470237,  0.97470237,  0.98864666, ...,  0.        ,
         -0.83147942, -0.55059008],
        [ 0.72734263,  0.72734263,  0.67418546, ...,  0.83147942,
          0.        ,  0.38821549],
        [ 0.93671854,  0.93671854,  0.90802941, ...,  0.55059008,
         -0.38821549,  0.        ]],

       [[ 0.        , -0.45938231, -0.27586351, ...,  0.26042754,
          0.01692596, -0.28358707],
        [ 0.45938231,  0.        ,  0.19652419, ...,  0.67485239,
          0.4743508 ,  0.18863006],
        [ 0.27586351, -0.19652419,  0.        , ...,  0.51666652,
          0.29209317, -0.00804465],
        ...,
        [-0.26042754, -0.67485239, -0.51666652, ...,  0.        ,
         -0.24404833, -0.52353752],
        [-0.01692596, -0.4743508 , -0.29209317, ...,  0.24404833,
          0.        , -0.29977754],
        [ 0.28358707, -0.18863006,  0.00804465, ...,  0.52353752,
          0.29977754,  0.        ]],

       [[ 0.        , -0.05270694, -0.06537491, ..., -0.78218822,
         -0.98917943, -0.61973629],
        [ 0.05270694,  0.        , -0.01268985, ..., -0.74826234,
         -0.98007182, -0.66023981],
        [ 0.06537491,  0.01268985,  0.        , ..., -0.73978361,
         -0.97747215, -0.66971742],
        ...,
        [ 0.78218822,  0.74826234,  0.73978361, ...,  0.        ,
         -0.5015451 , -0.9999911 ],
        [ 0.98917943,  0.98007182,  0.97747215, ...,  0.5015451 ,
          0.        , -0.86724002],
        [ 0.61973629,  0.66023981,  0.66971742, ...,  0.9999911 ,
          0.86724002,  0.        ]],

       ...,

       [[ 0.        ,  0.24397132,  0.50535898, ..., -0.06876082,
         -0.52780059, -0.07077785],
        [-0.24397132,  0.        ,  0.27956317, ..., -0.31007691,
         -0.71907325, -0.31199858],
        [-0.50535898, -0.27956317,  0.        , ..., -0.56349722,
         -0.88467989, -0.56516645],
        ...,
        [ 0.06876082,  0.31007691,  0.56349722, ...,  0.        ,
         -0.46814811, -0.00202196],
        [ 0.52780059,  0.71907325,  0.88467989, ...,  0.46814811,
          0.        ,  0.46636045],
        [ 0.07077785,  0.31199858,  0.56516645, ...,  0.00202196,
         -0.46636045,  0.        ]],

       [[ 0.        , -0.24704451, -0.29762979, ..., -0.33058808,
          0.22799756,  0.76782176],
        [ 0.24704451,  0.        , -0.0525557 , ..., -0.08718674,
          0.46146835,  0.90229486],
        [ 0.29762979,  0.0525557 ,  0.        , ..., -0.03471068,
          0.50745574,  0.92370567],
        ...,
        [ 0.33058808,  0.08718674,  0.03471068, ...,  0.        ,
          0.53705938,  0.93644681],
        [-0.22799756, -0.46146835, -0.50745574, ..., -0.53705938,
          0.        ,  0.60152892],
        [-0.76782176, -0.90229486, -0.92370567, ..., -0.93644681,
         -0.60152892,  0.        ]],

       [[ 0.        ,  0.19436245, -0.00756781, ..., -0.9767208 ,
         -0.9109568 , -0.19436245],
        [-0.19436245,  0.        , -0.20178038, ..., -0.99978809,
         -0.8134098 , -0.        ],
        [ 0.00756781,  0.20178038,  0.        , ..., -0.97506943,
         -0.91405245, -0.20178038],
        ...,
        [ 0.9767208 ,  0.99978809,  0.97506943, ...,  0.        ,
         -0.59831251, -0.99978809],
        [ 0.9109568 ,  0.8134098 ,  0.91405245, ...,  0.59831251,
          0.        , -0.8134098 ],
        [ 0.19436245,  0.        ,  0.20178038, ...,  0.99978809,
          0.8134098 ,  0.        ]]]), 'num': array([7.07106154e-01, 7.07106154e-01, 0.00000000e+00, 0.00000000e+00,
       2.57129511e-05, 2.66080222e-05, 2.54281557e-05, 1.32914801e-03,
       1.62740197e-07, 2.62988158e-05, 2.94071535e-05, 2.96797434e-05,
       2.45770909e-07, 3.32997242e-05, 2.55145829e-05])}
{'img': array([[[ 0.        ,  0.07451139, -0.28450597, ..., -0.72734263,
         -0.93671854, -0.97150313],
        [-0.07451139,  0.        , -0.35514725, ..., -0.67418546,
         -0.90802941, -0.95114131],
        [ 0.28450597,  0.35514725,  0.        , ..., -0.89253386,
         -0.99760877, -0.99879057],
        ...,
        [ 0.72734263,  0.67418546,  0.89253386, ...,  0.        ,
          0.38821549,  0.49431818],
        [ 0.93671854,  0.90802941,  0.99760877, ..., -0.38821549,
          0.        ,  0.11807976],
        [ 0.97150313,  0.95114131,  0.99879057, ..., -0.49431818,
         -0.11807976,  0.        ]],

       [[ 0.        ,  0.19652419,  0.89189516, ...,  0.4743508 ,
          0.18863006,  0.23378717],
        [-0.19652419,  0.        ,  0.78562576, ...,  0.29209317,
         -0.00804465,  0.03815001],
        [-0.89189516, -0.78562576,  0.        , ..., -0.57064589,
         -0.79057758, -0.76145035],
        ...,
        [-0.4743508 , -0.29209317,  0.57064589, ...,  0.        ,
         -0.29977754, -0.25539424],
        [-0.18863006,  0.00804465,  0.79057758, ...,  0.29977754,
          0.        ,  0.04618757],
        [-0.23378717, -0.03815001,  0.76145035, ...,  0.25539424,
         -0.04618757,  0.        ]],

       [[ 0.        , -0.01141101, -0.05009369, ..., -0.91701884,
         -0.99799288, -0.60830117],
        [ 0.01141101,  0.        , -0.03869375, ..., -0.91240793,
         -0.99865052, -0.61731856],
        [ 0.05009369,  0.03869375,  0.        , ..., -0.89588798,
         -0.99991217, -0.64729714],
        ...,
        [ 0.91701884,  0.91240793,  0.89588798, ...,  0.        ,
         -0.45611469, -0.97046083],
        [ 0.99799288,  0.99865052,  0.99991217, ...,  0.45611469,
          0.        , -0.75359182],
        [ 0.60830117,  0.61731856,  0.64729714, ...,  0.97046083,
          0.75359182,  0.        ]],

       ...,

       [[ 0.        ,  0.27956317,  0.18816226, ..., -0.71907325,
         -0.31199858, -0.1461398 ],
        [-0.27956317,  0.        , -0.09390988, ..., -0.88467989,
         -0.56516645, -0.41687458],
        [-0.18816226,  0.09390988,  0.        , ..., -0.83698954,
         -0.48519533, -0.32967159],
        ...,
        [ 0.71907325,  0.88467989,  0.83698954, ...,  0.        ,
          0.46636045,  0.60979568],
        [ 0.31199858,  0.56516645,  0.48519533, ..., -0.46636045,
          0.        ,  0.16980407],
        [ 0.1461398 ,  0.41687458,  0.32967159, ..., -0.60979568,
         -0.16980407,  0.        ]],

       [[ 0.        , -0.04878902, -0.06627167, ...,  0.41222335,
          0.69362719,  0.93055399],
        [ 0.04878902,  0.        , -0.01751098, ...,  0.45618327,
          0.72794555,  0.94731013],
        [ 0.06627167,  0.01751098,  0.        , ...,  0.4716961 ,
          0.73984008,  0.95277396],
        ...,
        [-0.41222335, -0.45618327, -0.4716961 , ...,  0.        ,
          0.33501325,  0.69687424],
        [-0.69362719, -0.72794555, -0.73984008, ..., -0.33501325,
          0.        ,  0.41633498],
        [-0.93055399, -0.94731013, -0.95277396, ..., -0.69687424,
         -0.41633498,  0.        ]],

       [[ 0.        , -0.18724801, -0.43180928, ..., -0.9329191 ,
         -0.69419477, -0.        ],
        [ 0.18724801,  0.        , -0.25528059, ..., -0.98384365,
         -0.81669504, -0.18724801],
        [ 0.43180928,  0.25528059,  0.        , ..., -0.99694881,
         -0.93695013, -0.43180928],
        ...,
        [ 0.9329191 ,  0.98384365,  0.99694881, ...,  0.        ,
         -0.4215334 , -0.9329191 ],
        [ 0.69419477,  0.81669504,  0.93695013, ...,  0.4215334 ,
          0.        , -0.69419477],
        [ 0.        ,  0.18724801,  0.43180928, ...,  0.9329191 ,
          0.69419477,  0.        ]]]), 'num': array([ 9.92871564e-01,  1.13919362e-01,  2.70031391e-04, -1.39472183e-10,
        3.62334974e-05,  4.12983949e-05,  3.49533584e-05,  3.50478438e-02,
        1.05750607e-06,  3.54988089e-05,  3.99152882e-05,  4.05099035e-05,
        2.96206805e-07,  4.54019885e-05,  3.44285880e-05])}
{'img': array([[[ 0.        , -0.35514725, -0.35514725, ..., -0.90802941,
         -0.95114131, -0.99755437],
        [ 0.35514725,  0.        ,  0.        , ..., -0.99760877,
         -0.99879057, -0.90770124],
        [ 0.35514725,  0.        ,  0.        , ..., -0.99760877,
         -0.99879057, -0.90770124],
        ...,
        [ 0.90802941,  0.99760877,  0.99760877, ...,  0.        ,
          0.11807976,  0.48134842],
        [ 0.95114131,  0.99879057,  0.99879057, ..., -0.11807976,
          0.        ,  0.37448059],
        [ 0.99755437,  0.90770124,  0.90770124, ..., -0.48134842,
         -0.37448059,  0.        ]],

       [[ 0.        ,  0.55251301,  0.35654082, ..., -0.00549505,
          0.02602225,  0.32451614],
        [-0.55251301,  0.        , -0.21902341, ..., -0.55708482,
         -0.53063625,  0.79309668],
        [-0.35654082,  0.21902341,  0.        , ..., -0.36166936,
         -0.33210803,  0.64043375],
        ...,
        [ 0.00549505,  0.55708482,  0.36166936, ...,  0.        ,
          0.03151505,  0.31931358],
        [-0.02602225,  0.53063625,  0.33210803, ..., -0.03151505,
          0.        ,  0.34902017],
        [-0.32451614, -0.79309668, -0.64043375, ..., -0.31931358,
         -0.34902017,  0.        ]],

       [[ 0.        , -0.03715261, -0.10182565, ..., -0.9976473 ,
         -0.92307265, -0.59782584],
        [ 0.03715261,  0.        , -0.06479586, ..., -0.99441151,
         -0.93672521, -0.62719559],
        [ 0.10182565,  0.06479586,  0.        , ..., -0.98548107,
         -0.95743951, -0.67634459],
        ...,
        [ 0.9976473 ,  0.99441151,  0.98548107, ...,  0.        ,
         -0.4470025 , -0.84072431],
        [ 0.92307265,  0.93672521,  0.95743951, ...,  0.4470025 ,
          0.        , -0.5100199 ],
        [ 0.59782584,  0.62719559,  0.67634459, ...,  0.84072431,
          0.5100199 ,  0.        ]],

       ...,

       [[ 0.        , -0.09390988, -0.01611875, ..., -0.56516645,
         -0.41687458, -0.62653926],
        [ 0.09390988,  0.        ,  0.07785016, ..., -0.48519533,
         -0.32967159, -0.55057799],
        [ 0.01611875, -0.07785016,  0.        , ..., -0.55179543,
         -0.40216906, -0.61389507],
        ...,
        [ 0.56516645,  0.48519533,  0.55179543, ...,  0.        ,
          0.16980407, -0.07639541],
        [ 0.41687458,  0.32967159,  0.40216906, ..., -0.16980407,
          0.        , -0.24459382],
        [ 0.62653926,  0.55057799,  0.61389507, ...,  0.07639541,
          0.24459382,  0.        ]],

       [[ 0.        , -0.01751098, -0.09605786, ...,  0.72794555,
          0.94731013,  0.73546731],
        [ 0.01751098,  0.        , -0.07861313, ...,  0.73984008,
          0.95277396,  0.74721929],
        [ 0.09605786,  0.07861313,  0.        , ...,  0.79043998,
          0.97369858,  0.79715131],
        ...,
        [-0.72794555, -0.73984008, -0.79043998, ...,  0.        ,
          0.41633498,  0.01103515],
        [-0.94731013, -0.95277396, -0.97369858, ..., -0.41633498,
          0.        , -0.40627634],
        [-0.73546731, -0.74721929, -0.79715131, ..., -0.01103515,
          0.40627634,  0.        ]],

       [[ 0.        , -0.37991262, -0.48839768, ..., -0.80861473,
         -0.52706811, -0.        ],
        [ 0.37991262,  0.        , -0.12025898, ..., -0.97150395,
         -0.8104083 , -0.37991262],
        [ 0.48839768,  0.12025898,  0.        , ..., -0.9929575 ,
         -0.87498239, -0.48839768],
        ...,
        [ 0.80861473,  0.97150395,  0.9929575 , ...,  0.        ,
         -0.37708496, -0.80861473],
        [ 0.52706811,  0.8104083 ,  0.87498239, ...,  0.37708496,
          0.        , -0.52706811],
        [ 0.        ,  0.37991262,  0.48839768, ...,  0.80861473,
          0.52706811,  0.        ]]]), 'num': array([7.07105254e-01, 7.07105254e-01, 0.00000000e+00, 1.97703008e-08,
       2.58821065e-05, 2.61202854e-05, 2.56042311e-05, 2.07706286e-03,
       3.96964823e-08, 2.52866592e-05, 2.82936678e-05, 2.88242774e-05,
       1.74011977e-07, 3.23389614e-05, 2.42483742e-05])}
{'img': array([[[ 0.        ,  0.        ,  0.07463853, ..., -0.99879057,
         -0.90770124, -0.90062477],
        [ 0.        ,  0.        ,  0.07463853, ..., -0.99879057,
         -0.90770124, -0.90062477],
        [-0.07463853, -0.07463853,  0.        , ..., -0.99967435,
         -0.93648895, -0.93055034],
        ...,
        [ 0.99879057,  0.99879057,  0.99967435, ...,  0.        ,
          0.37448059,  0.3897909 ],
        [ 0.90770124,  0.90770124,  0.93648895, ..., -0.37448059,
          0.        ,  0.01656722],
        [ 0.90062477,  0.90062477,  0.93055034, ..., -0.3897909 ,
         -0.01656722,  0.        ]],

       [[ 0.        , -0.21902341, -0.57591259, ..., -0.53063625,
          0.79309668, -0.3959545 ],
        [ 0.21902341,  0.        , -0.38287509, ..., -0.33210803,
          0.64043375, -0.18521791],
        [ 0.57591259,  0.38287509,  0.        , ...,  0.05434218,
          0.29757956,  0.20514606],
        ...,
        [ 0.53063625,  0.33210803, -0.05434218, ...,  0.        ,
          0.34902017,  0.15165653],
        [-0.79309668, -0.64043375, -0.29757956, ..., -0.34902017,
          0.        , -0.48710279],
        [ 0.3959545 ,  0.18521791, -0.20514606, ..., -0.15165653,
          0.48710279,  0.        ]],

       [[ 0.        , -0.06455777, -0.12459828, ..., -0.94381606,
         -0.7423781 , -0.62541689],
        [ 0.06455777,  0.        , -0.06028367, ..., -0.96318172,
         -0.78408197, -0.67448608],
        [ 0.12459828,  0.06028367,  0.        , ..., -0.97763731,
         -0.82007145, -0.71776607],
        ...,
        [ 0.94381606,  0.96318172,  0.97763731, ...,  0.        ,
         -0.38700437, -0.52976869],
        [ 0.7423781 ,  0.78408197,  0.82007145, ...,  0.38700437,
          0.        , -0.16025327],
        [ 0.62541689,  0.67448608,  0.71776607, ...,  0.52976869,
          0.16025327,  0.        ]],

       ...,

       [[ 0.        ,  0.07208487,  0.07208487, ..., -0.29477627,
         -0.47439435, -0.87335947],
        [-0.07208487,  0.        ,  0.        , ..., -0.36289128,
         -0.53661742, -0.90619825],
        [-0.07208487,  0.        ,  0.        , ..., -0.36289128,
         -0.53661742, -0.90619825],
        ...,
        [ 0.29477627,  0.36289128,  0.36289128, ...,  0.        ,
         -0.19382003, -0.69097437],
        [ 0.47439435,  0.53661742,  0.53661742, ...,  0.19382003,
          0.        , -0.53776301],
        [ 0.87335947,  0.90619825,  0.90619825, ...,  0.69097437,
          0.53776301,  0.        ]],

       [[ 0.        , -0.07861313, -0.20895407, ...,  0.95277396,
          0.74721929,  0.69430425],
        [ 0.07861313,  0.        , -0.13142962, ...,  0.97369858,
          0.79715131,  0.74873193],
        [ 0.20895407,  0.13142962,  0.        , ...,  0.99519716,
          0.86959095,  0.8293582 ],
        ...,
        [-0.95277396, -0.97369858, -0.99519716, ...,  0.        ,
         -0.40627634, -0.4748473 ],
        [-0.74721929, -0.79715131, -0.86959095, ...,  0.40627634,
          0.        , -0.07634095],
        [-0.69430425, -0.74873193, -0.8293582 , ...,  0.4748473 ,
          0.07634095,  0.        ]],

       [[ 0.        , -0.24002589, -0.28525036, ..., -0.75309489,
         -0.57183049, -0.09015522],
        [ 0.24002589,  0.        , -0.04685794, ..., -0.88899517,
         -0.75202435, -0.32656811],
        [ 0.28525036,  0.04685794,  0.        , ..., -0.90947569,
         -0.78208402, -0.37049828],
        ...,
        [ 0.75309489,  0.88899517,  0.90947569, ...,  0.        ,
         -0.24160372, -0.69071389],
        [ 0.57183049,  0.75202435,  0.78208402, ...,  0.24160372,
          0.        , -0.49554104],
        [ 0.09015522,  0.32656811,  0.37049828, ...,  0.69071389,
          0.49554104,  0.        ]]]), 'num': array([ 9.99997644e-01,  1.33579056e-05,  3.13474698e-04,  2.84100131e-08,
        3.66080058e-05,  3.75834542e-05,  3.63784885e-05,  2.14512586e-03,
       -8.03310472e-07,  3.67342403e-05,  4.05470961e-05,  4.15732296e-05,
        2.40542125e-07,  4.65395714e-05,  3.45546207e-05])}
{'img': array([[[ 0.        ,  0.07463853,  0.07463853, ..., -0.90770124,
         -0.90062477, -0.98186482],
        [-0.07463853,  0.        ,  0.        , ..., -0.93648895,
         -0.93055034, -0.99327621],
        [-0.07463853,  0.        ,  0.        , ..., -0.93648895,
         -0.93055034, -0.99327621],
        ...,
        [ 0.90770124,  0.93648895,  0.93648895, ...,  0.        ,
          0.01656722, -0.23992307],
        [ 0.90062477,  0.93055034,  0.93055034, ..., -0.01656722,
          0.        , -0.25597347],
        [ 0.98186482,  0.99327621,  0.99327621, ...,  0.23992307,
          0.25597347,  0.        ]],

       [[ 0.        , -0.38287509, -0.42623307, ...,  0.64043375,
         -0.18521791, -0.2926547 ],
        [ 0.38287509,  0.        , -0.04740023, ...,  0.29757956,
          0.20514606,  0.09575767],
        [ 0.42623307,  0.04740023,  0.        , ...,  0.25199222,
          0.25130756,  0.14283245],
        ...,
        [-0.64043375, -0.29757956, -0.25199222, ...,  0.        ,
         -0.48710279, -0.38763166],
        [ 0.18521791, -0.20514606, -0.25130756, ...,  0.48710279,
          0.        , -0.11048231],
        [ 0.2926547 , -0.09575767, -0.14283245, ...,  0.38763166,
          0.11048231,  0.        ]],

       [[ 0.        , -0.06028367, -0.11702754, ..., -0.78408197,
         -0.67448608, -0.87392373],
        [ 0.06028367,  0.        , -0.05694526, ..., -0.82007145,
         -0.71776607, -0.90163598],
        [ 0.11702754,  0.05694526,  0.        , ..., -0.85132828,
         -0.75625144, -0.92480148],
        ...,
        [ 0.78408197,  0.82007145,  0.85132828, ...,  0.        ,
         -0.16025327,  0.16129383],
        [ 0.67448608,  0.71776607,  0.75625144, ...,  0.16025327,
          0.        ,  0.31736424],
        [ 0.87392373,  0.90163598,  0.92480148, ..., -0.16129383,
         -0.31736424,  0.        ]],

       ...,

       [[ 0.        ,  0.        , -0.17682876, ..., -0.51337856,
         -0.78773226, -0.91632308],
        [ 0.        ,  0.        , -0.17682876, ..., -0.51337856,
         -0.78773226, -0.91632308],
        [ 0.17682876,  0.17682876,  0.        , ..., -0.35354079,
         -0.66638923, -0.83107405],
        ...,
        [ 0.51337856,  0.51337856,  0.35354079, ...,  0.        ,
         -0.35975178, -0.58077668],
        [ 0.78773226,  0.78773226,  0.66638923, ...,  0.35975178,
          0.        , -0.24903196],
        [ 0.91632308,  0.91632308,  0.83107405, ...,  0.58077668,
          0.24903196,  0.        ]],

       [[ 0.        , -0.13142962, -0.41881062, ...,  0.79715131,
          0.74873193,  0.60188799],
        [ 0.13142962,  0.        , -0.29582987, ...,  0.86959095,
          0.8293582 ,  0.70162405],
        [ 0.41881062,  0.29582987,  0.        , ...,  0.97674136,
          0.95752191,  0.88101259],
        ...,
        [-0.79715131, -0.86959095, -0.97674136, ...,  0.        ,
         -0.07634095, -0.27318183],
        [-0.74873193, -0.8293582 , -0.95752191, ...,  0.07634095,
          0.        , -0.1989475 ],
        [-0.60188799, -0.70162405, -0.88101259, ...,  0.27318183,
          0.1989475 ,  0.        ]],

       [[ 0.        , -0.04517879,  0.13639507, ..., -0.87112655,
         -0.75135009, -0.31550997],
        [ 0.04517879,  0.        ,  0.18101237, ..., -0.89242249,
         -0.78039656, -0.35805897],
        [-0.13639507, -0.18101237,  0.        , ..., -0.79600749,
         -0.65432074, -0.18313306],
        ...,
        [ 0.87112655,  0.89242249,  0.79600749, ...,  0.        ,
         -0.20590281, -0.6716975 ],
        [ 0.75135009,  0.78039656,  0.65432074, ...,  0.20590281,
          0.        , -0.5047666 ],
        [ 0.31550997,  0.35805897,  0.18313306, ...,  0.6716975 ,
          0.5047666 ,  0.        ]]]), 'num': array([ 7.61505914e-01,  6.48156779e-01,  3.62717233e-05,  1.18960926e-09,
        2.74320270e-05,  2.82220693e-05,  2.72564620e-05,  1.23448510e-03,
       -5.70586161e-07,  2.80728391e-05,  3.07238702e-05,  3.17216645e-05,
        1.94173242e-07,  3.54380431e-05,  2.60096973e-05])}
{'img': array([[[ 0.        ,  0.        , -0.21487714, ..., -0.93055034,
         -0.99327621, -0.96597946],
        [ 0.        ,  0.        , -0.21487714, ..., -0.93055034,
         -0.99327621, -0.96597946],
        [ 0.21487714,  0.21487714,  0.        , ..., -0.83013343,
         -0.94519834, -0.9989865 ],
        ...,
        [ 0.93055034,  0.93055034,  0.83013343, ...,  0.        ,
         -0.25597347, -0.59436469],
        [ 0.99327621,  0.99327621,  0.94519834, ...,  0.25597347,
          0.        , -0.36870998],
        [ 0.96597946,  0.96597946,  0.9989865 , ...,  0.59436469,
          0.36870998,  0.        ]],

       [[ 0.        , -0.04740023,  0.01744755, ...,  0.20514606,
          0.09575767,  0.00940502],
        [ 0.04740023,  0.        ,  0.06482096, ...,  0.25130756,
          0.14283245,  0.05679259],
        [-0.01744755, -0.06482096,  0.        , ...,  0.18803837,
          0.07837573, -0.00804319],
        ...,
        [-0.20514606, -0.25130756, -0.18803837, ...,  0.        ,
         -0.11048231, -0.195932  ],
        [-0.09575767, -0.14283245, -0.07837573, ...,  0.11048231,
          0.        , -0.08639164],
        [-0.00940502, -0.05679259,  0.00804319, ...,  0.195932  ,
          0.08639164,  0.        ]],

       [[ 0.        , -0.05694526, -0.18569507, ..., -0.71776607,
         -0.90163598, -0.8872973 ],
        [ 0.05694526,  0.        , -0.12943891, ..., -0.75625144,
         -0.92480148, -0.91212051],
        [ 0.18569507,  0.12943891,  0.        , ..., -0.83457883,
         -0.96626653, -0.95750708],
        ...,
        [ 0.71776607,  0.75625144,  0.83457883, ...,  0.        ,
          0.31736424,  0.28677899],
        [ 0.90163598,  0.92480148,  0.96626653, ..., -0.31736424,
          0.        , -0.03208034],
        [ 0.8872973 ,  0.91212051,  0.95750708, ..., -0.28677899,
          0.03208034,  0.        ]],

       ...,

       [[ 0.        , -0.17682876, -0.28968679, ..., -0.78773226,
         -0.91632308, -0.77180452],
        [ 0.17682876,  0.        , -0.11587519, ..., -0.66638923,
         -0.83107405, -0.64720383],
        [ 0.28968679,  0.11587519,  0.        , ..., -0.57550328,
         -0.76103041, -0.5545105 ],
        ...,
        [ 0.78773226,  0.66638923,  0.57550328, ...,  0.        ,
         -0.24903196,  0.02544205],
        [ 0.91632308,  0.83107405,  0.76103041, ...,  0.24903196,
          0.        ,  0.27359185],
        [ 0.77180452,  0.64720383,  0.5545105 , ..., -0.02544205,
         -0.27359185,  0.        ]],

       [[ 0.        , -0.29582987, -0.42522224, ...,  0.8293582 ,
          0.70162405,  0.57514356],
        [ 0.29582987,  0.        , -0.13843722, ...,  0.95752191,
          0.88101259,  0.79140487],
        [ 0.42522224,  0.13843722,  0.        , ...,  0.98822197,
          0.93802316,  0.86841021],
        ...,
        [-0.8293582 , -0.95752191, -0.98822197, ...,  0.        ,
         -0.1989475 , -0.35711591],
        [-0.70162405, -0.88101259, -0.93802316, ...,  0.1989475 ,
          0.        , -0.1641483 ],
        [-0.57514356, -0.79140487, -0.86841021, ...,  0.35711591,
          0.1641483 ,  0.        ]],

       [[ 0.        ,  0.17443257,  0.04907983, ..., -0.8927398 ,
         -0.77804077, -0.34556768],
        [-0.17443257,  0.        , -0.12589496, ..., -0.80045878,
         -0.65653178, -0.17658338],
        [-0.04907983,  0.12589496,  0.        , ..., -0.8695499 ,
         -0.7462705 , -0.29909501],
        ...,
        [ 0.8927398 ,  0.80045878,  0.8695499 , ...,  0.        ,
         -0.21026761, -0.68203819],
        [ 0.77804077,  0.65653178,  0.7462705 , ...,  0.21026761,
          0.        , -0.51301828],
        [ 0.34556768,  0.17658338,  0.29909501, ...,  0.68203819,
          0.51301828,  0.        ]]]), 'num': array([ 9.99999418e-01,  1.37259380e-05,  3.16952690e-04, -2.11951258e-09,
        3.60277323e-05,  3.63132135e-05,  3.58564436e-05,  1.02528874e-03,
        3.42577486e-07,  3.65073408e-05,  3.96504892e-05,  4.11635398e-05,
        2.99339551e-07,  4.59082458e-05,  3.33927327e-05])}
{'img': array([[[ 0.        , -0.21487714,  0.11054364, ..., -0.99327621,
         -0.96597946, -0.99861619],
        [ 0.21487714,  0.        ,  0.32152168, ..., -0.94519834,
         -0.9989865 , -0.98658997],
        [-0.11054364, -0.32152168,  0.        , ..., -0.99998617,
         -0.93147057, -0.98668247],
        ...,
        [ 0.99327621,  0.94519834,  0.99998617, ...,  0.        ,
         -0.36870998, -0.16784467],
        [ 0.96597946,  0.9989865 ,  0.93147057, ...,  0.36870998,
          0.        ,  0.20746017],
        [ 0.99861619,  0.98658997,  0.98668247, ...,  0.16784467,
         -0.20746017,  0.        ]],

       [[ 0.        ,  0.06482096,  0.45586523, ...,  0.14283245,
          0.05679259, -0.08036036],
        [-0.06482096,  0.        ,  0.39721269, ...,  0.07837573,
         -0.00804319, -0.14480267],
        [-0.45586523, -0.39721269,  0.        , ..., -0.32406333,
         -0.40458129, -0.52591554],
        ...,
        [-0.14283245, -0.07837573,  0.32406333, ...,  0.        ,
         -0.08639164, -0.22190693],
        [-0.05679259,  0.00804319,  0.40458129, ...,  0.08639164,
          0.        , -0.13683957],
        [ 0.08036036,  0.14480267,  0.52591554, ...,  0.22190693,
          0.13683957,  0.        ]],

       [[ 0.        , -0.12943891, -0.08249902, ..., -0.92480148,
         -0.91212051, -0.90735157],
        [ 0.12943891,  0.        ,  0.04719268, ..., -0.96626653,
         -0.95750708, -0.95413095],
        [ 0.08249902, -0.04719268,  0.        , ..., -0.95303572,
         -0.9428294 , -0.93893887],
        ...,
        [ 0.92480148,  0.96626653,  0.95303572, ...,  0.        ,
         -0.03208034, -0.04355928],
        [ 0.91212051,  0.95750708,  0.9428294 , ...,  0.03208034,
          0.        , -0.01148698],
        [ 0.90735157,  0.95413095,  0.93893887, ...,  0.04355928,
          0.01148698,  0.        ]],

       ...,

       [[ 0.        , -0.11587519,  0.41637182, ..., -0.83107405,
         -0.64720383, -0.3747763 ],
        [ 0.11587519,  0.        ,  0.51892013, ..., -0.76103041,
         -0.5545105 , -0.26482207],
        [-0.41637182, -0.51892013,  0.        , ..., -0.98717799,
         -0.90584143, -0.7267692 ],
        ...,
        [ 0.83107405,  0.76103041,  0.98717799, ...,  0.        ,
          0.27359185,  0.5620652 ],
        [ 0.64720383,  0.5545105 ,  0.90584143, ..., -0.27359185,
          0.        ,  0.31433421],
        [ 0.3747763 ,  0.26482207,  0.7267692 , ..., -0.5620652 ,
         -0.31433421,  0.        ]],

       [[ 0.        , -0.13843722, -0.27305987, ...,  0.88101259,
          0.79140487,  0.70412184],
        [ 0.13843722,  0.        , -0.13725444, ...,  0.93802316,
          0.86841021,  0.79564339],
        [ 0.27305987,  0.13725444,  0.        , ...,  0.97671417,
          0.92824855,  0.87125726],
        ...,
        [-0.88101259, -0.93802316, -0.97671417, ...,  0.        ,
         -0.1641483 , -0.29247371],
        [-0.79140487, -0.86841021, -0.92824855, ...,  0.1641483 ,
          0.        , -0.13153582],
        [-0.70412184, -0.79564339, -0.87125726, ...,  0.29247371,
          0.13153582,  0.        ]],

       [[ 0.        , -0.12242139, -0.06919105, ..., -0.77262967,
         -0.5983149 , -0.17179226],
        [ 0.12242139,  0.        ,  0.05345739, ..., -0.84453819,
         -0.69190599, -0.29110145],
        [ 0.06919105, -0.05345739,  0.        , ..., -0.81470443,
         -0.65232109, -0.23954294],
        ...,
        [ 0.77262967,  0.84453819,  0.81470443, ...,  0.        ,
         -0.23923368, -0.65207963],
        [ 0.5983149 ,  0.69190599,  0.65232109, ...,  0.23923368,
          0.        , -0.45176943],
        [ 0.17179226,  0.29110145,  0.23954294, ...,  0.65207963,
          0.45176943,  0.        ]]]), 'num': array([ 7.90567684e-01,  6.12374107e-01,  5.73892357e-05,  5.84993349e-09,
        2.81684440e-05,  2.88488412e-05,  2.81684440e-05,  8.24342029e-04,
       -4.53598132e-07,  2.87309057e-05,  3.12551793e-05,  3.26137057e-05,
        2.17216007e-07,  3.63741684e-05,  2.61361902e-05])}
{'img': array([[[ 0.        ,  0.32014632,  0.38320734, ..., -0.99997601,
         -0.98299835, -0.94582553],
        [-0.32014632,  0.        ,  0.06733132, ..., -0.94512764,
         -0.99004476, -0.79210133],
        [-0.38320734, -0.06733132,  0.        , ..., -0.92098561,
         -0.97832095, -0.74920546],
        ...,
        [ 0.99997601,  0.94512764,  0.92098561, ...,  0.        ,
          0.19041948, -0.31811555],
        [ 0.98299835,  0.99004476,  0.97832095, ..., -0.19041948,
          0.        , -0.49282249],
        [ 0.94582553,  0.79210133,  0.74920546, ...,  0.31811555,
          0.49282249,  0.        ]],

       [[ 0.        ,  0.39721269,  0.21716435, ..., -0.00804319,
         -0.14480267, -0.14084388],
        [-0.39721269,  0.        , -0.18843573, ..., -0.40458129,
         -0.52591554, -0.52250937],
        [-0.21716435,  0.18843573,  0.        , ..., -0.22500857,
         -0.35622252, -0.35248227],
        ...,
        [ 0.00804319,  0.40458129,  0.22500857, ...,  0.        ,
         -0.13683957, -0.13287631],
        [ 0.14480267,  0.52591554,  0.35622252, ...,  0.13683957,
          0.        ,  0.00399978],
        [ 0.14084388,  0.52250937,  0.35248227, ...,  0.13287631,
         -0.00399978,  0.        ]],

       [[ 0.        ,  0.04634292,  0.11060942, ..., -0.98818882,
         -0.98703538, -0.82606198],
        [-0.04634292,  0.        ,  0.06443202, ..., -0.98002546,
         -0.97853673, -0.79905654],
        [-0.11060942, -0.06443202,  0.        , ..., -0.96517533,
         -0.96322576, -0.75865605],
        ...,
        [ 0.98818882,  0.98002546,  0.96517533, ...,  0.        ,
         -0.00735267, -0.43033604],
        [ 0.98703538,  0.97853673,  0.96322576, ...,  0.00735267,
          0.        , -0.42368739],
        [ 0.82606198,  0.79905654,  0.75865605, ...,  0.43033604,
          0.42368739,  0.        ]],

       ...,

       [[ 0.        ,  0.51892013,  0.41456294, ..., -0.5545105 ,
         -0.26482207, -0.40597579],
        [-0.51892013,  0.        , -0.1178502 , ..., -0.90584143,
         -0.7267692 , -0.82127005],
        [-0.41456294,  0.1178502 ,  0.        , ..., -0.84960563,
         -0.64075547, -0.74830872],
        ...,
        [ 0.5545105 ,  0.90584143,  0.84960563, ...,  0.        ,
          0.31433421,  0.16891457],
        [ 0.26482207,  0.7267692 ,  0.64075547, ..., -0.31433421,
          0.        , -0.14946475],
        [ 0.40597579,  0.82127005,  0.74830872, ..., -0.16891457,
          0.14946475,  0.        ]],

       [[ 0.        , -0.13725444, -0.17082548, ...,  0.86841021,
          0.79564339,  0.74562576],
        [ 0.13725444,  0.        , -0.03397177, ...,  0.92824855,
          0.87125726,  0.83003058],
        [ 0.17082548,  0.03397177,  0.        , ...,  0.94034892,
          0.88742861,  0.84849814],
        ...,
        [-0.86841021, -0.92824855, -0.94034892, ...,  0.        ,
         -0.13153582, -0.20896223],
        [-0.79564339, -0.87125726, -0.88742861, ...,  0.13153582,
          0.        , -0.07851464],
        [-0.74562576, -0.83003058, -0.84849814, ...,  0.20896223,
          0.07851464,  0.        ]],

       [[ 0.        ,  0.05189048,  0.04919434, ..., -0.8166331 ,
         -0.69486851, -0.28288591],
        [-0.05189048,  0.        , -0.00269958, ..., -0.78558395,
         -0.65661602, -0.23273387],
        [-0.04919434,  0.00269958,  0.        , ..., -0.78725147,
         -0.65864972, -0.23535847],
        ...,
        [ 0.8166331 ,  0.78558395,  0.78725147, ...,  0.        ,
         -0.18622258, -0.62000692],
        [ 0.69486851,  0.65661602,  0.65864972, ...,  0.18622258,
          0.        , -0.46305194],
        [ 0.28288591,  0.23273387,  0.23535847, ...,  0.62000692,
          0.46305194,  0.        ]]]), 'num': array([ 9.99998267e-01,  2.32835628e-05,  3.31666669e-04,  3.18913528e-09,
        3.56344882e-05,  3.66391089e-05,  3.55753928e-05,  1.82851610e-03,
       -1.06371606e-06,  3.68518521e-05,  4.02557435e-05,  4.23713566e-05,
        2.23603978e-07,  4.69841674e-05,  3.35273196e-05])}
{'img': array([[[ 0.        ,  0.06298892, -0.40242076, ..., -0.99262749,
         -0.99873688, -0.75893809],
        [-0.06298892,  0.        , -0.45928515, ..., -0.99829093,
         -0.99358868, -0.71641497],
        [ 0.40242076,  0.45928515,  0.        , ..., -0.8599302 ,
         -0.93451846, -0.95681496],
        ...,
        [ 0.99262749,  0.99829093,  0.8599302 , ...,  0.        ,
         -0.17092733, -0.7383492 ],
        [ 0.99873688,  0.99358868,  0.93451846, ...,  0.17092733,
          0.        , -0.61220682],
        [ 0.75893809,  0.71641497,  0.95681496, ...,  0.7383492 ,
          0.61220682,  0.        ]],

       [[ 0.        , -0.18843573, -0.1225326 , ..., -0.52591554,
         -0.52250937, -0.37831773],
        [ 0.18843573,  0.        ,  0.06667828, ..., -0.35622252,
         -0.35248227, -0.19710998],
        [ 0.1225326 , -0.06667828,  0.        , ..., -0.41773402,
         -0.41409659, -0.26204146],
        ...,
        [ 0.52591554,  0.35622252,  0.41773402, ...,  0.        ,
          0.00399978,  0.16505414],
        [ 0.52250937,  0.35248227,  0.41409659, ..., -0.00399978,
          0.        ,  0.16110789],
        [ 0.37831773,  0.19710998,  0.26204146, ..., -0.16505414,
         -0.16110789,  0.        ]],

       [[ 0.        ,  0.06158887, -0.02966809, ..., -0.99993681,
         -0.99019982, -0.77680792],
        [-0.06158887,  0.        , -0.09117353, ..., -0.99873091,
         -0.97971866, -0.7365484 ],
        [ 0.02966809,  0.09117353,  0.        , ..., -0.99916311,
         -0.99390732, -0.79514909],
        ...,
        [ 0.99993681,  0.99873091,  0.99916311, ...,  0.        ,
         -0.15078087, -0.63843071],
        [ 0.99019982,  0.97971866,  0.99390732, ...,  0.15078087,
          0.        , -0.51507875],
        [ 0.77680792,  0.7365484 ,  0.79514909, ...,  0.63843071,
          0.51507875,  0.        ]],

       ...,

       [[ 0.        , -0.11310677, -0.42608244, ..., -0.6838338 ,
         -0.76755664, -0.99253967],
        [ 0.11310677,  0.        , -0.32102228, ..., -0.59691855,
         -0.6901318 , -0.97238017],
        [ 0.42608244,  0.32102228,  0.        , ..., -0.30776786,
         -0.42128566, -0.84598622],
        ...,
        [ 0.6838338 ,  0.59691855,  0.30776786, ...,  0.        ,
         -0.12171379, -0.64082002],
        [ 0.76755664,  0.6901318 ,  0.42128566, ...,  0.12171379,
          0.        , -0.54261707],
        [ 0.99253967,  0.97238017,  0.84598622, ...,  0.64082002,
          0.54261707,  0.        ]],

       [[ 0.        , -0.03397177,  0.05210597, ...,  0.87125726,
          0.83003058,  0.67930897],
        [ 0.03397177,  0.        ,  0.08600152, ...,  0.88742861,
          0.84849814,  0.70384713],
        [-0.05210597, -0.08600152,  0.        , ...,  0.84449871,
          0.7998426 ,  0.64014808],
        ...,
        [-0.87125726, -0.88742861, -0.84449871, ...,  0.        ,
         -0.07851464, -0.30595128],
        [-0.83003058, -0.84849814, -0.7998426 , ...,  0.07851464,
          0.        , -0.23025716],
        [-0.67930897, -0.70384713, -0.64014808, ...,  0.30595128,
          0.23025716,  0.        ]],

       [[ 0.        , -0.00262333, -0.23530566, ..., -0.78344209,
         -0.64543339, -0.22633444],
        [ 0.00262333,  0.        , -0.23275518, ..., -0.7850697 ,
         -0.64743491, -0.22888892],
        [ 0.23530566,  0.23275518,  0.        , ..., -0.90767833,
         -0.8070409 , -0.44917869],
        ...,
        [ 0.78344209,  0.7850697 ,  0.90767833, ...,  0.        ,
         -0.1972919 , -0.6224526 ],
        [ 0.64543339,  0.64743491,  0.8070409 , ...,  0.1972919 ,
          0.        , -0.45580617],
        [ 0.22633444,  0.22888892,  0.44917869, ...,  0.6224526 ,
          0.45580617,  0.        ]]]), 'num': array([ 7.07105380e-01,  7.07105380e-01,  0.00000000e+00, -2.34084842e-08,
        2.44435704e-05,  2.52806790e-05,  2.41505824e-05,  1.98939690e-03,
       -7.95253147e-07,  2.56490068e-05,  2.81121988e-05,  2.98980304e-05,
        1.28237910e-07,  3.28343575e-05,  2.33900400e-05])}
{'img': array([[[ 0.        , -0.43083566, -0.50885687, ..., -0.9953513 ,
         -0.98502458, -0.68584389],
        [ 0.43083566,  0.        , -0.08832255, ..., -0.85674109,
         -0.96319821, -0.93246647],
        [ 0.50885687,  0.08832255,  0.        , ..., -0.80784081,
         -0.93569356, -0.96072942],
        ...,
        [ 0.9953513 ,  0.85674109,  0.80784081, ...,  0.        ,
         -0.26648109, -0.79041987],
        [ 0.98502458,  0.96319821,  0.93569356, ...,  0.26648109,
          0.        , -0.5986013 ],
