state_0,state_1,state_2,state_3,state_4,state_5,state_6,state_7,state_8,state_9,state_10,state_11,state_12,state_13,state_14,state_15,state_16,state_17,state_18,state_19,state_20,state_21,state_22,state_23,state_24,state_25,state_26,state_27,state_28,state_29,state_30,state_31,state_32,state_33,state_34,state_35,state_36,state_37,state_38,state_39,state_40,state_41,state_42,state_43,state_44,state_45,state_46,state_47,state_48,state_49,state_50,state_51,state_52,state_53,state_54,state_55,state_56,state_57,state_58,state_59,state_60,state_61,state_62,state_63,state_64,state_65,state_66,state_67,state_68,state_69,state_70,state_71,state_72,state_73,state_74,state_75,state_76,state_77,state_78,state_79,state_80,state_81,state_82,state_83,state_84,state_85,state_86,state_87,state_88,state_89,state_90,state_91,state_92,state_93,state_94,state_95,state_96,state_97,state_98,state_99,state_100,state_101,state_102,state_103,state_104,state_105,state_106,state_107,state_108,state_109,state_110,state_111,state_112,state_113,state_114,state_115,state_116,state_117,state_118,state_119,state_120,state_121,state_122,state_123,state_124,state_125,state_126,state_127,state_128,state_129,state_130,state_131,state_132,state_133,state_134,state_135,state_136,state_137,state_138,state_139,state_140,state_141,state_142,state_143,state_144,state_145,state_146,state_147,state_148,state_149,state_150,state_151,state_152,state_153,state_154,state_155,state_156,state_157,state_158,state_159,state_160,state_161,state_162,state_163,state_164,state_165,state_166,state_167,state_168,state_169,state_170,state_171,state_172,state_173,state_174,state_175,state_176,state_177,state_178,state_179,state_180,state_181,state_182,state_183,state_184,state_185,state_186,state_187,state_188,state_189,state_190,state_191,state_192,state_193,state_194,state_195,state_196,state_197,state_198,state_199,state_200,state_201,state_202,state_203,state_204,state_205,state_206,state_207,state_208,state_209,state_210,state_211,state_212,state_213,state_214,state_215,state_216,state_217,state_218,state_219,state_220,state_221,state_222,state_223,state_224,state_225,state_226,state_227,state_228,state_229,state_230,state_231,state_232,state_233,state_234,state_235,state_236,state_237,state_238,state_239,state_240,state_241,state_242,state_243,state_244,state_245,state_246,state_247,state_248,state_249,state_250,state_251,state_252,state_253,state_254,state_255,state_256,state_257,state_258,state_259,state_260,state_261,state_262,state_263,state_264,state_265,state_266,state_267,state_268,state_269,state_270,state_271,state_272,state_273,state_274,state_275,state_276,state_277,state_278,state_279,state_280,state_281,state_282,state_283,state_284,state_285,state_286,state_287
{'img': array([[[ 0.        , -0.65911155, -0.83783784, ..., -0.28355857,
         -0.34904253,  0.54591919],
        [ 0.65911155,  0.        , -0.27027027, ...,  0.4188094 ,
          0.35516222,  0.96278449],
        [ 0.83783784,  0.27027027,  0.        , ...,  0.64864865,
          0.59459459,  1.        ],
        ...,
        [ 0.28355857, -0.4188094 , -0.64864865, ...,  0.        ,
         -0.06899135,  0.76108799],
        [ 0.34904253, -0.35516222, -0.59459459, ...,  0.06899135,
          0.        ,  0.80402566],
        [-0.54591919, -0.96278449, -1.        , ..., -0.76108799,
         -0.80402566,  0.        ]],

       [[ 0.        , -0.18873529, -0.56070163, ..., -0.6333332 ,
         -0.71538816,  0.94961441],
        [ 0.18873529,  0.        , -0.3943485 , ..., -0.47589262,
         -0.57065671,  0.99170147],
        [ 0.56070163,  0.3943485 ,  0.        , ..., -0.09049589,
         -0.2005767 ,  0.96203319],
        ...,
        [ 0.6333332 ,  0.47589262,  0.09049589, ...,  0.        ,
         -0.11109686,  0.93338654],
        [ 0.71538816,  0.57065671,  0.2005767 , ...,  0.11109686,
          0.        ,  0.88773886],
        [-0.94961441, -0.99170147, -0.96203319, ..., -0.93338654,
         -0.88773886,  0.        ]],

       [[ 0.        , -0.27061887, -0.59195618, ..., -0.47386591,
         -0.42967192,  0.        ],
        [ 0.27061887,  0.        , -0.35175753, ..., -0.21787817,
         -0.16927458,  0.27061887],
        [ 0.59195618,  0.35175753,  0.        , ...,  0.13935307,
          0.18822486,  0.59195618],
        ...,
        [ 0.47386591,  0.21787817, -0.13935307, ...,  0.        ,
          0.04952603,  0.47386591],
        [ 0.42967192,  0.16927458, -0.18822486, ..., -0.04952603,
          0.        ,  0.42967192],
        [ 0.        , -0.27061887, -0.59195618, ..., -0.47386591,
         -0.42967192,  0.        ]],

       ...,

       [[ 0.        , -0.07884276, -0.31326857, ...,  0.50694386,
          0.68680387,  0.86822946],
        [ 0.07884276,  0.        , -0.23741921, ...,  0.57332659,
          0.74197219,  0.90464556],
        [ 0.31326857,  0.23741921,  0.        , ...,  0.75145758,
          0.87993031,  0.979959  ],
        ...,
        [-0.50694386, -0.57332659, -0.75145758, ...,  0.        ,
          0.22354207,  0.49686889],
        [-0.68680387, -0.74197219, -0.87993031, ..., -0.22354207,
          0.        ,  0.29029973],
        [-0.86822946, -0.90464556, -0.979959  , ..., -0.49686889,
         -0.29029973,  0.        ]],

       [[ 0.        , -0.53304964, -0.67021152, ..., -0.9314631 ,
         -0.92181422, -0.86863017],
        [ 0.53304964,  0.        , -0.17144169, ..., -0.59415345,
         -0.57330515, -0.47082873],
        [ 0.67021152,  0.17144169,  0.        , ..., -0.44745716,
         -0.42434758, -0.31260769],
        ...,
        [ 0.9314631 ,  0.59415345,  0.44745716, ...,  0.        ,
          0.02567586,  0.14546491],
        [ 0.92181422,  0.57330515,  0.42434758, ..., -0.02567586,
          0.        ,  0.1200142 ],
        [ 0.86863017,  0.47082873,  0.31260769, ..., -0.14546491,
         -0.1200142 ,  0.        ]],

       [[ 0.        ,  0.60661696,  0.83890288, ...,  0.90920128,
          0.75595748,  0.65161929],
        [-0.60661696,  0.        ,  0.33675279, ...,  0.97537893,
          0.99808588,  0.97818057],
        [-0.83890288, -0.33675279,  0.        , ...,  0.84414408,
          0.96061661,  0.99101066],
        ...,
        [-0.90920128, -0.97537893, -0.84414408, ...,  0.        ,
          0.28043391,  0.41836499],
        [-0.75595748, -0.99808588, -0.96061661, ..., -0.28043391,
          0.        ,  0.14686517],
        [-0.65161929, -0.97818057, -0.99101066, ..., -0.41836499,
         -0.14686517,  0.        ]]]), 'num': array([ 7.03760450e-01,  7.03760450e-01,  0.00000000e+00,  0.00000000e+00,
        1.76246095e-04,  1.83283700e-04,  1.73798233e-04,  9.71710816e-02,
       -6.11965609e-07,  1.74165412e-04,  1.70141738e-04,  1.62844048e-04,
        4.56381132e-06,  1.76756843e-04,  1.63526634e-04])}
{'img': array([[[ 0.        , -0.27027027, -0.63738209, ...,  0.35516222,
          0.96278449,  0.82308687],
        [ 0.27027027,  0.        , -0.40540541, ...,  0.59459459,
          1.        ,  0.94594595],
        [ 0.63738209,  0.40540541,  0.        , ...,  0.86949727,
          0.914137  ,  0.99620702],
        ...,
        [-0.35516222, -0.59459459, -0.86949727, ...,  0.        ,
          0.80402566,  0.56772333],
        [-0.96278449, -1.        , -0.914137  , ..., -0.80402566,
          0.        , -0.32432432],
        [-0.82308687, -0.94594595, -0.99620702, ..., -0.56772333,
          0.32432432,  0.        ]],

       [[ 0.        , -0.3703234 , -0.43423062, ..., -0.54048968,
          0.8336611 ,  0.99877067],
        [ 0.3703234 ,  0.        , -0.06977011, ..., -0.19049059,
          0.97891106,  0.94611779],
        [ 0.43423062,  0.06977011,  0.        , ..., -0.12153383,
          0.99077867,  0.92121905],
        ...,
        [ 0.54048968,  0.19049059,  0.12153383, ...,  0.        ,
          0.99990097,  0.86710827],
        [-0.8336611 , -0.97891106, -0.99077867, ..., -0.99990097,
          0.        ,  0.51027307],
        [-0.99877067, -0.94611779, -0.92121905, ..., -0.86710827,
         -0.51027307,  0.        ]],

       [[ 0.        , -0.24041622, -0.50321146, ..., -0.10163121,
          0.07346824,  0.51255023],
        [ 0.24041622,  0.        , -0.28069334, ...,  0.14052102,
          0.31107991,  0.7039522 ],
        [ 0.50321146,  0.28069334,  0.        , ...,  0.41277994,
          0.56534011,  0.87501327],
        ...,
        [ 0.10163121, -0.14052102, -0.41277994, ...,  0.        ,
          0.17444438,  0.59716269],
        [-0.07346824, -0.31107991, -0.56534011, ..., -0.17444438,
          0.        ,  0.44808106],
        [-0.51255023, -0.7039522 , -0.87501327, ..., -0.59716269,
         -0.44808106,  0.        ]],

       ...,

       [[ 0.        , -0.23741921, -0.25049452, ...,  0.74197219,
          0.90464556,  0.8499499 ],
        [ 0.23741921,  0.        , -0.01348239, ...,  0.87993031,
          0.979959  ,  0.95073505],
        [ 0.25049452,  0.01348239,  0.        , ...,  0.88625585,
          0.98255561,  0.95482824],
        ...,
        [-0.74197219, -0.87993031, -0.88625585, ...,  0.        ,
          0.29029973,  0.1789144 ],
        [-0.90464556, -0.979959  , -0.98255561, ..., -0.29029973,
          0.        , -0.11440605],
        [-0.8499499 , -0.95073505, -0.95482824, ..., -0.1789144 ,
          0.11440605,  0.        ]],

       [[ 0.        , -0.46095708, -0.6588602 , ..., -0.86409726,
         -0.78448791, -0.72233089],
        [ 0.46095708,  0.        , -0.23792527, ..., -0.53480813,
         -0.41031236, -0.32223887],
        [ 0.6588602 ,  0.23792527,  0.        , ..., -0.31840974,
         -0.18155484, -0.08775134],
        ...,
        [ 0.86409726,  0.53480813,  0.31840974, ...,  0.        ,
          0.14101255,  0.23399729],
        [ 0.78448791,  0.41031236,  0.18155484, ..., -0.14101255,
          0.        ,  0.09456149],
        [ 0.72233089,  0.32223887,  0.08775134, ..., -0.23399729,
         -0.09456149,  0.        ]],

       [[ 0.        ,  0.32597937,  0.59761938, ...,  0.98641861,
          0.9905785 ,  0.97193127],
        [-0.32597937,  0.        ,  0.30361182, ...,  0.87899497,
          0.89182841,  0.99553288],
        [-0.59761938, -0.30361182,  0.        , ...,  0.69273119,
          0.71238433,  0.91987391],
        ...,
        [-0.98641861, -0.87899497, -0.69273119, ...,  0.        ,
          0.02761714,  0.39171025],
        [-0.9905785 , -0.89182841, -0.71238433, ..., -0.02761714,
          0.        ,  0.36615063],
        [-0.97193127, -0.99553288, -0.91987391, ..., -0.39171025,
         -0.36615063,  0.        ]]]), 'num': array([ 9.15292642e-01,  3.84810862e-01,  1.82296144e-04, -6.48109028e-10,
        2.30243828e-04,  2.33408692e-04,  2.25892141e-04,  1.18993887e-01,
        2.37364771e-06,  2.26604235e-04,  2.20788798e-04,  2.10746950e-04,
        6.05774677e-06,  2.29981556e-04,  2.11596041e-04])}
{'img': array([[[ 0.        , -0.38917023, -0.73545088, ...,  0.91887787,
          0.87237068,  0.99868421],
        [ 0.38917023,  0.        , -0.41377903, ...,  0.99998295,
          0.99384199,  0.89999635],
        [ 0.73545088,  0.41377903,  0.        , ...,  0.91277779,
          0.95062068,  0.63897107],
        ...,
        [-0.91887787, -0.99998295, -0.91277779, ...,  0.        ,
         -0.10500189,  0.44114489],
        [-0.87237068, -0.99384199, -0.95062068, ...,  0.10500189,
          0.        ,  0.53293871],
        [-0.99868421, -0.89999635, -0.63897107, ..., -0.44114489,
         -0.53293871,  0.        ]],

       [[ 0.        , -0.06977011, -0.06209012, ...,  0.97891106,
          0.94611779,  0.98770935],
        [ 0.06977011,  0.        ,  0.00769668, ...,  0.99077867,
          0.92121905,  0.99620759],
        [ 0.06209012, -0.00769668,  0.        , ...,  0.9897065 ,
          0.92418611,  0.99550841],
        ...,
        [-0.97891106, -0.99077867, -0.9897065 , ...,  0.        ,
          0.51027307,  0.04877054],
        [-0.94611779, -0.92121905, -0.92418611, ..., -0.51027307,
          0.        , -0.46772258],
        [-0.98770935, -0.99620759, -0.99550841, ..., -0.04877054,
          0.46772258,  0.        ]],

       [[ 0.        , -0.24455234, -0.66188434, ...,  0.23996429,
          0.41067716,  0.79395738],
        [ 0.24455234,  0.        , -0.45846905, ...,  0.47008497,
          0.62118554,  0.91853105],
        [ 0.66188434,  0.45846905,  0.        , ...,  0.82242388,
          0.9113395 ,  0.99756328],
        ...,
        [-0.23996429, -0.47008497, -0.82242388, ...,  0.        ,
          0.17988305,  0.6248674 ],
        [-0.41067716, -0.62118554, -0.9113395 , ..., -0.17988305,
          0.        ,  0.47423431],
        [-0.79395738, -0.91853105, -0.99756328, ..., -0.6248674 ,
         -0.47423431,  0.        ]],

       ...,

       [[ 0.        , -0.01348239, -0.3773335 , ...,  0.979959  ,
          0.95073505,  0.99242958],
        [ 0.01348239,  0.        , -0.36481346, ...,  0.98255561,
          0.95482824,  0.99399522],
        [ 0.3773335 ,  0.36481346,  0.        , ...,  0.9826825 ,
          0.99742941,  0.96540886],
        ...,
        [-0.979959  , -0.98255561, -0.9826825 , ...,  0.        ,
         -0.11440605,  0.07733765],
        [-0.95073505, -0.95482824, -0.99742941, ...,  0.11440605,
          0.        ,  0.19089325],
        [-0.99242958, -0.99399522, -0.96540886, ..., -0.07733765,
         -0.19089325,  0.        ]],

       [[ 0.        , -0.28984544, -0.27075571, ..., -0.47542684,
         -0.3821768 , -0.19998396],
        [ 0.28984544,  0.        ,  0.01988605, ..., -0.20002536,
         -0.09792823,  0.09259098],
        [ 0.27075571, -0.01988605,  0.        , ..., -0.21946998,
         -0.11769933,  0.07277204],
        ...,
        [ 0.47542684,  0.20002536,  0.21946998, ...,  0.        ,
          0.10311477,  0.28988588],
        [ 0.3821768 ,  0.09792823,  0.11769933, ..., -0.10311477,
          0.        ,  0.18965349],
        [ 0.19998396, -0.09259098, -0.07277204, ..., -0.28988588,
         -0.18965349,  0.        ]],

       [[ 0.        ,  0.30007693,  0.27525333, ...,  0.87538005,
          0.96241552,  0.9964213 ],
        [-0.30007693,  0.        , -0.0259172 , ...,  0.68997035,
          0.83656734,  0.925137  ],
        [-0.27525333,  0.0259172 ,  0.        , ...,  0.70849843,
          0.85048543,  0.93466527],
        ...,
        [-0.87538005, -0.68997035, -0.70849843, ...,  0.        ,
          0.22752892,  0.40771316],
        [-0.96241552, -0.83656734, -0.85048543, ..., -0.22752892,
          0.        ,  0.18926044],
        [-0.9964213 , -0.925137  , -0.93466527, ..., -0.40771316,
         -0.18926044,  0.        ]]]), 'num': array([7.03967113e-01, 7.03967113e-01, 0.00000000e+00, 3.02810703e-08,
       1.80298694e-04, 1.84562514e-04, 1.79080459e-04, 9.41295015e-02,
       3.04558604e-06, 1.76095785e-04, 1.70583274e-04, 1.62502319e-04,
       4.99137713e-06, 1.78903691e-04, 1.62262858e-04])}
{'img': array([[[ 0.        , -0.38587722,  0.        , ...,  0.93680168,
          0.98657054,  0.8660254 ],
        [ 0.38587722,  0.        ,  0.38587722, ...,  0.99924986,
          0.97318834,  0.60601326],
        [ 0.        , -0.38587722,  0.        , ...,  0.93680168,
          0.98657054,  0.8660254 ],
        ...,
        [-0.93680168, -0.99924986, -0.93680168, ...,  0.        ,
          0.19214919,  0.77138922],
        [-0.98657054, -0.97318834, -0.98657054, ..., -0.19214919,
          0.        ,  0.63473818],
        [-0.8660254 , -0.60601326, -0.8660254 , ..., -0.77138922,
         -0.63473818,  0.        ]],

       [[ 0.        ,  0.00769668, -0.24533606, ...,  0.92121905,
          0.99620759,  0.99849409],
        [-0.00769668,  0.        , -0.25279025, ...,  0.92418611,
          0.99550841,  0.99888675],
        [ 0.24533606,  0.25279025,  0.        , ...,  0.79761824,
          0.98710785,  0.95451925],
        ...,
        [-0.92121905, -0.92418611, -0.79761824, ...,  0.        ,
         -0.46772258, -0.337921  ],
        [-0.99620759, -0.99550841, -0.98710785, ...,  0.46772258,
          0.        ,  0.14152852],
        [-0.99849409, -0.99888675, -0.95451925, ...,  0.337921  ,
         -0.14152852,  0.        ]],

       [[ 0.        , -0.41793508, -0.66334947, ...,  0.50347656,
          0.64764969,  0.95985759],
        [ 0.41793508,  0.        , -0.28989278, ...,  0.81849644,
          0.9068155 ,  0.98923414],
        [ 0.66334947,  0.28989278,  0.        , ...,  0.94989626,
          0.9900739 ,  0.90433223],
        ...,
        [-0.50347656, -0.81849644, -0.94989626, ...,  0.        ,
          0.17595704,  0.68810645],
        [-0.64764969, -0.9068155 , -0.9900739 , ..., -0.17595704,
          0.        ,  0.54969436],
        [-0.95985759, -0.98923414, -0.90433223, ..., -0.68810645,
         -0.54969436,  0.        ]],

       ...,

       [[ 0.        , -0.34616706, -0.16851502, ...,  0.88954665,
          0.93603596,  0.95952902],
        [ 0.34616706,  0.        ,  0.18312033, ...,  0.99269301,
          0.99998126,  0.80272008],
        [ 0.16851502, -0.18312033,  0.        , ...,  0.95381045,
          0.98195096,  0.8983514 ],
        ...,
        [-0.88954665, -0.99269301, -0.95381045, ...,  0.        ,
          0.11458739,  0.68886043],
        [-0.93603596, -0.99998126, -0.98195096, ..., -0.11458739,
          0.        ,  0.60125932],
        [-0.95952902, -0.80272008, -0.8983514 , ..., -0.68886043,
         -0.60125932,  0.        ]],

       [[ 0.        ,  0.01798002,  0.05258003, ..., -0.08984212,
          0.0827844 ,  0.64579715],
        [-0.01798002,  0.        ,  0.03461638, ..., -0.1077349 ,
          0.06485271,  0.63196485],
        [-0.05258003, -0.03461638,  0.        , ..., -0.14208524,
          0.03027034,  0.6047585 ],
        ...,
        [ 0.08984212,  0.1077349 ,  0.14208524, ...,  0.        ,
          0.17198335,  0.71178083],
        [-0.0827844 , -0.06485271, -0.03027034, ..., -0.17198335,
          0.        ,  0.5803738 ],
        [-0.64579715, -0.63196485, -0.6047585 , ..., -0.71178083,
         -0.5803738 ,  0.        ]],

       [[ 0.        , -0.0259172 , -0.14390374, ...,  0.83656734,
          0.925137  ,  0.68961183],
        [ 0.0259172 ,  0.        , -0.11820796, ...,  0.85048543,
          0.93466527,  0.70814888],
        [ 0.14390374,  0.11820796,  0.        , ...,  0.90669978,
          0.97013855,  0.78664623],
        ...,
        [-0.83656734, -0.85048543, -0.90669978, ...,  0.        ,
          0.18926044, -0.2280111 ],
        [-0.925137  , -0.93466527, -0.97013855, ..., -0.18926044,
          0.        , -0.40816528],
        [-0.68961183, -0.70814888, -0.78664623, ...,  0.2280111 ,
          0.40816528,  0.        ]]]), 'num': array([ 9.96381622e-01,  7.22967891e-02,  3.13780928e-04,  4.19208246e-08,
        2.55131097e-04,  2.57296896e-04,  2.53398458e-04,  4.46793894e-02,
       -1.29947927e-06,  2.52705402e-04,  2.43544073e-04,  2.31574425e-04,
        6.76441264e-06,  2.56210942e-04,  2.30877205e-04])}
{'img': array([[[ 0.        ,  0.38587722, -0.60601326, ...,  0.97318834,
          0.60601326,  0.85338486],
        [-0.38587722,  0.        , -0.8660254 , ...,  0.98657054,
          0.8660254 ,  0.98844094],
        [ 0.60601326,  0.8660254 ,  0.        , ...,  0.63473818,
          0.        ,  0.36292544],
        ...,
        [-0.97318834, -0.98657054, -0.63473818, ...,  0.        ,
          0.63473818,  0.31101819],
        [-0.60601326, -0.8660254 , -0.        , ..., -0.63473818,
          0.        , -0.36292544],
        [-0.85338486, -0.98844094, -0.36292544, ..., -0.31101819,
          0.36292544,  0.        ]],

       [[ 0.        , -0.25279025, -0.18005228, ...,  0.99550841,
          0.99888675, -0.11266145],
        [ 0.25279025,  0.        ,  0.07445453, ...,  0.98710785,
          0.95451925,  0.14217851],
        [ 0.18005228, -0.07445453,  0.        , ...,  0.99628498,
          0.97406846,  0.06808574],
        ...,
        [-0.99550841, -0.98710785, -0.99628498, ...,  0.        ,
          0.14152852, -0.99983645],
        [-0.99888675, -0.95451925, -0.97406846, ..., -0.14152852,
          0.        , -0.98721274],
        [ 0.11266145, -0.14217851, -0.06808574, ...,  0.99983645,
          0.98721274,  0.        ]],

       [[ 0.        , -0.27393515, -0.57637256, ...,  0.83425576,
          0.94332314,  0.97790719],
        [ 0.27393515,  0.        , -0.33046899, ...,  0.95338567,
          0.99815171,  0.88323716],
        [ 0.57637256,  0.33046899,  0.        , ...,  0.99954196,
          0.96215548,  0.67864843],
        ...,
        [-0.83425576, -0.95338567, -0.99954196, ...,  0.        ,
          0.24325813,  0.71358862],
        [-0.94332314, -0.99815171, -0.96215548, ..., -0.24325813,
          0.        ,  0.52173543],
        [-0.97790719, -0.88323716, -0.67864843, ..., -0.71358862,
         -0.52173543,  0.        ]],

       ...,

       [[ 0.        ,  0.18312033, -0.08447307, ...,  0.99998126,
          0.80272008,  0.99546783],
        [-0.18312033,  0.        , -0.26551049, ...,  0.98195096,
          0.8983514 ,  0.99604951],
        [ 0.08447307,  0.26551049,  0.        , ...,  0.99692426,
          0.74947495,  0.9838765 ],
        ...,
        [-0.99998126, -0.98195096, -0.99692426, ...,  0.        ,
          0.60125932,  0.10119165],
        [-0.80272008, -0.8983514 , -0.74947495, ..., -0.60125932,
          0.        , -0.51731544],
        [-0.99546783, -0.99604951, -0.9838765 , ..., -0.10119165,
          0.51731544,  0.        ]],

       [[ 0.        ,  0.02753507,  0.1382976 , ...,  0.05116178,
          0.33951134,  0.74135268],
        [-0.02753507,  0.        ,  0.11097468, ...,  0.02364337,
          0.31348307,  0.72259237],
        [-0.1382976 , -0.11097468,  0.        , ..., -0.08744633,
          0.20616589,  0.64141513],
        ...,
        [-0.05116178, -0.02364337,  0.08744633, ...,  0.        ,
          0.29094384,  0.70604632],
        [-0.33951134, -0.31348307, -0.20616589, ..., -0.29094384,
          0.        ,  0.46946641],
        [-0.74135268, -0.72259237, -0.64141513, ..., -0.70604632,
         -0.46946641,  0.        ]],

       [[ 0.        , -0.11820796, -0.4340512 , ...,  0.93466527,
          0.70814888,  0.72479254],
        [ 0.11820796,  0.        , -0.32451586, ...,  0.97013855,
          0.78664623,  0.80115232],
        [ 0.4340512 ,  0.32451586,  0.        , ...,  0.99634668,
          0.94443053,  0.95200408],
        ...,
        [-0.93466527, -0.97013855, -0.99634668, ...,  0.        ,
         -0.40816528, -0.38626897],
        [-0.70814888, -0.78664623, -0.94443053, ...,  0.40816528,
          0.        ,  0.02385797],
        [-0.72479254, -0.80115232, -0.95200408, ...,  0.38626897,
         -0.02385797,  0.        ]]]), 'num': array([ 8.17225231e-01,  5.72270057e-01,  8.30356523e-05, -6.52069730e-09,
        2.09721896e-04,  2.16120191e-04,  2.08300052e-04,  6.81876976e-02,
        3.55460840e-07,  2.08228960e-04,  2.00728737e-04,  1.90491464e-04,
        5.72686910e-06,  2.11361948e-04,  1.90095525e-04])}
{'img': array([[[ 0.        , -0.8660254 , -0.74035006, ...,  0.8660254 ,
          0.98844094,  0.97569331],
        [ 0.8660254 ,  0.        ,  0.21198589, ...,  0.        ,
          0.36292544,  0.29806539],
        [ 0.74035006, -0.21198589,  0.        , ...,  0.21198589,
          0.55220944,  0.49364134],
        ...,
        [-0.8660254 , -0.        , -0.21198589, ...,  0.        ,
         -0.36292544, -0.29806539],
        [-0.98844094, -0.36292544, -0.55220944, ...,  0.36292544,
          0.        ,  0.06868608],
        [-0.97569331, -0.29806539, -0.49364134, ...,  0.29806539,
         -0.06868608,  0.        ]],

       [[ 0.        ,  0.07445453, -0.1214173 , ...,  0.95451925,
          0.14217851,  0.70171446],
        [-0.07445453,  0.        , -0.19498397, ...,  0.97406846,
          0.06808574,  0.64672104],
        [ 0.1214173 ,  0.19498397,  0.        , ...,  0.9112568 ,
          0.26131044,  0.78302762],
        ...,
        [-0.95451925, -0.97406846, -0.9112568 , ...,  0.        ,
         -0.98721274, -0.88927083],
        [-0.14217851, -0.06808574, -0.26131044, ...,  0.98721274,
          0.        ,  0.59328951],
        [-0.70171446, -0.64672104, -0.78302762, ...,  0.88927083,
         -0.59328951,  0.        ]],

       [[ 0.        , -0.32394846, -0.65517587, ...,  0.98903099,
          0.98968675,  0.87377032],
        [ 0.32394846,  0.        , -0.37510992, ...,  0.98354705,
          0.88991248,  0.66910331],
        [ 0.65517587,  0.37510992,  0.        , ...,  0.84396438,
          0.65383198,  0.34147541],
        ...,
        [-0.98903099, -0.98354705, -0.84396438, ...,  0.        ,
          0.28786204,  0.61006714],
        [-0.98968675, -0.88991248, -0.65383198, ..., -0.28786204,
          0.        ,  0.35615674],
        [-0.87377032, -0.66910331, -0.34147541, ..., -0.61006714,
         -0.35615674,  0.        ]],

       ...,

       [[ 0.        , -0.26551049, -0.57459088, ...,  0.8983514 ,
          0.99604951,  0.99138737],
        [ 0.26551049,  0.        , -0.33666303, ...,  0.74947495,
          0.9838765 ,  0.92103265],
        [ 0.57459088,  0.33666303,  0.        , ...,  0.48284256,
          0.86623099,  0.73614221],
        ...,
        [-0.8983514 , -0.74947495, -0.48284256, ...,  0.        ,
         -0.51731544, -0.3178442 ],
        [-0.99604951, -0.9838765 , -0.86623099, ...,  0.51731544,
          0.        ,  0.21847958],
        [-0.99138737, -0.92103265, -0.73614221, ...,  0.3178442 ,
         -0.21847958,  0.        ]],

       [[ 0.        ,  0.09613511,  0.1872709 , ...,  0.26074776,
          0.46742317,  0.7856342 ],
        [-0.09613511,  0.        ,  0.0919692 , ...,  0.16673054,
          0.38027152,  0.72251741],
        [-0.1872709 , -0.0919692 ,  0.        , ...,  0.07534206,
          0.29359987,  0.65587212],
        ...,
        [-0.26074776, -0.16673054, -0.07534206, ...,  0.        ,
          0.22074377,  0.59713436],
        [-0.46742317, -0.38027152, -0.29359987, ..., -0.22074377,
          0.        ,  0.40533647],
        [-0.7856342 , -0.72251741, -0.65587212, ..., -0.59713436,
         -0.40533647,  0.        ]],

       [[ 0.        , -0.32451586, -0.54765518, ...,  0.78664623,
          0.80115232,  0.9475924 ],
        [ 0.32451586,  0.        , -0.24649246, ...,  0.94443053,
          0.95200408,  0.99998586],
        [ 0.54765518,  0.24649246,  0.        , ...,  0.99631465,
          0.99807744,  0.96782036],
        ...,
        [-0.78664623, -0.94443053, -0.99631465, ...,  0.        ,
          0.02385797,  0.33372815],
        [-0.80115232, -0.95200408, -0.99807744, ..., -0.02385797,
          0.        ,  0.31114299],
        [-0.9475924 , -0.99998586, -0.96782036, ..., -0.33372815,
         -0.31114299,  0.        ]]]), 'num': array([ 9.93027310e-01,  7.03608916e-02,  3.23742603e-04, -4.45118443e-09,
        2.54248117e-04,  2.68967745e-04,  2.54248117e-04,  9.45805673e-02,
       -8.92098658e-06,  2.60760438e-04,  2.52374710e-04,  2.39364938e-04,
        4.87680600e-06,  2.65301217e-04,  2.39448204e-04])}
{'img': array([[[ 0.        ,  0.21198589,  0.66143783, ...,  0.36292544,
          0.29806539,  0.8660254 ],
        [-0.21198589,  0.        ,  0.48741573, ...,  0.55220944,
          0.49364134,  0.95233595],
        [-0.66143783, -0.48741573,  0.        , ...,  0.88853388,
          0.85492151,  0.98023797],
        ...,
        [-0.36292544, -0.55220944, -0.88853388, ...,  0.        ,
          0.06868608, -0.6255155 ],
        [-0.29806539, -0.49364134, -0.85492151, ..., -0.06868608,
          0.        , -0.67762792],
        [-0.8660254 , -0.95233595, -0.98023797, ...,  0.6255155 ,
          0.67762792,  0.        ]],

       [[ 0.        , -0.19498397, -0.56573371, ...,  0.06808574,
          0.64672104,  0.74872907],
        [ 0.19498397,  0.        , -0.39409381, ...,  0.26131044,
          0.78302762,  0.86360851],
        [ 0.56573371,  0.39409381,  0.        , ...,  0.62056359,
          0.96477857,  0.99240439],
        ...,
        [-0.06808574, -0.26131044, -0.62056359, ...,  0.        ,
          0.59328951,  0.70185922],
        [-0.64672104, -0.78302762, -0.96477857, ..., -0.59328951,
          0.        ,  0.14237964],
        [-0.74872907, -0.86360851, -0.99240439, ..., -0.70185922,
         -0.14237964,  0.        ]],

       [[ 0.        , -0.37510992, -0.66910331, ...,  0.88991248,
          0.66910331,  0.83590535],
        [ 0.37510992,  0.        , -0.34147541, ...,  0.65383198,
          0.34147541,  0.56897989],
        [ 0.66910331,  0.34147541,  0.        , ...,  0.35615674,
          0.        ,  0.25396612],
        ...,
        [-0.88991248, -0.65383198, -0.35615674, ...,  0.        ,
          0.35615674,  0.10716686],
        [-0.66910331, -0.34147541, -0.        , ..., -0.35615674,
          0.        , -0.25396612],
        [-0.83590535, -0.56897989, -0.25396612, ..., -0.10716686,
          0.25396612,  0.        ]],

       ...,

       [[ 0.        , -0.33666303,  0.08684912, ...,  0.9838765 ,
          0.92103265,  0.6480752 ],
        [ 0.33666303,  0.        ,  0.41717026, ...,  0.86623099,
          0.73614221,  0.86663854],
        [-0.08684912, -0.41717026,  0.        , ...,  0.99569179,
          0.95137897,  0.5794842 ],
        ...,
        [-0.9838765 , -0.86623099, -0.99569179, ...,  0.        ,
          0.21847958, -0.86520479],
        [-0.92103265, -0.73614221, -0.95137897, ..., -0.21847958,
          0.        , -0.9538525 ],
        [-0.6480752 , -0.86663854, -0.5794842 , ...,  0.86520479,
          0.9538525 ,  0.        ]],

       [[ 0.        ,  0.09121722,  0.10406404, ...,  0.37535157,
          0.6573091 ,  0.72618628],
        [-0.09121722,  0.        ,  0.01290823, ...,  0.28923909,
          0.58582558,  0.66044717],
        [-0.10406404, -0.01290823,  0.        , ...,  0.2768585 ,
          0.57531546,  0.65069971],
        ...,
        [-0.37535157, -0.28923909, -0.2768585 , ...,  0.        ,
          0.32637546,  0.41503592],
        [-0.6573091 , -0.58582558, -0.57531546, ..., -0.32637546,
          0.        ,  0.09537061],
        [-0.72618628, -0.66044717, -0.65069971, ..., -0.41503592,
         -0.09537061,  0.        ]],

       [[ 0.        , -0.23867691, -0.38665502, ...,  0.90510136,
          0.95954689,  0.99260901],
        [ 0.23867691,  0.        , -0.15536665, ...,  0.98042749,
          0.99901427,  0.93495669],
        [ 0.38665502,  0.15536665,  0.        , ...,  0.9991107 ,
          0.99377987,  0.86848523],
        ...,
        [-0.90510136, -0.98042749, -0.9991107 , ...,  0.        ,
          0.15316511,  0.53189305],
        [-0.95954689, -0.99901427, -0.99377987, ..., -0.15316511,
          0.        ,  0.39591506],
        [-0.99260901, -0.93495669, -0.86848523, ..., -0.53189305,
         -0.39591506,  0.        ]]]), 'num': array([ 7.06675365e-01,  7.06675365e-01,  0.00000000e+00, -2.13203954e-07,
        1.82480545e-04,  1.84070096e-04,  1.80255172e-04,  3.49227070e-02,
        1.27164143e-06,  1.85341738e-04,  1.80302859e-04,  1.70972190e-04,
        3.62176356e-06,  1.89154878e-04,  1.71450839e-04])}
{'img': array([[[ 0.        ,  0.63790515,  0.881992  , ...,  0.29973344,
          0.86931818,  0.81016139],
        [-0.63790515,  0.        ,  0.37861326, ...,  0.83940538,
          0.98476137,  0.99786179],
        [-0.881992  , -0.37861326,  0.        , ...,  0.98269434,
          0.84560576,  0.89882999],
        ...,
        [-0.29973344, -0.83940538, -0.98269434, ...,  0.        ,
         -0.68120541, -0.59720678],
        [-0.86931818, -0.98476137, -0.84560576, ...,  0.68120541,
          0.        ,  0.10917572],
        [-0.81016139, -0.99786179, -0.89882999, ...,  0.59720678,
         -0.10917572,  0.        ]],

       [[ 0.        , -0.39409381, -0.16989082, ...,  0.78302762,
          0.86360851,  0.31137442],
        [ 0.39409381,  0.        ,  0.23222324, ...,  0.96477857,
          0.99240439,  0.66067731],
        [ 0.16989082, -0.23222324,  0.        , ...,  0.87731453,
          0.93670681,  0.46829303],
        ...,
        [-0.78302762, -0.96477857, -0.87731453, ...,  0.        ,
          0.14237964, -0.55043039],
        [-0.86360851, -0.99240439, -0.93670681, ..., -0.14237964,
          0.        , -0.66369274],
        [-0.31137442, -0.66067731, -0.46829303, ...,  0.55043039,
          0.66369274,  0.        ]],

       [[ 0.        , -0.34147541,  0.05918526, ...,  0.34147541,
          0.56897989,  0.67589838],
        [ 0.34147541,  0.        ,  0.39650448, ...,  0.        ,
          0.25396612,  0.383605  ],
        [-0.05918526, -0.39650448,  0.        , ...,  0.39650448,
          0.61665356,  0.71833277],
        ...,
        [-0.34147541, -0.        , -0.39650448, ...,  0.        ,
         -0.25396612, -0.383605  ],
        [-0.56897989, -0.25396612, -0.61665356, ...,  0.25396612,
          0.        , -0.13649077],
        [-0.67589838, -0.383605  , -0.71833277, ...,  0.383605  ,
          0.13649077,  0.        ]],

       ...,

       [[ 0.        ,  0.41717026,  0.50556372, ...,  0.73614221,
          0.86663854,  0.90618725],
        [-0.41717026,  0.        ,  0.09954063, ...,  0.95137897,
          0.5794842 ,  0.64715711],
        [-0.50556372, -0.09954063,  0.        , ...,  0.97731473,
          0.49548223,  0.56805754],
        ...,
        [-0.73614221, -0.95137897, -0.97731473, ...,  0.        ,
         -0.9538525 , -0.92462926],
        [-0.86663854, -0.5794842 , -0.49548223, ...,  0.9538525 ,
          0.        ,  0.0856487 ],
        [-0.90618725, -0.64715711, -0.56805754, ...,  0.92462926,
         -0.0856487 ,  0.        ]],

       [[ 0.        ,  0.01275592,  0.01404229, ...,  0.55197855,
          0.58167867,  0.66623989],
        [-0.01275592,  0.        ,  0.00128649, ...,  0.54129701,
          0.57125545,  0.65667312],
        [-0.01404229, -0.00128649,  0.        , ...,  0.54021484,
          0.57019906,  0.65570233],
        ...,
        [-0.55197855, -0.54129701, -0.54021484, ...,  0.        ,
          0.03604794,  0.14391857],
        [-0.58167867, -0.57125545, -0.57019906, ..., -0.03604794,
          0.        ,  0.10815236],
        [-0.66623989, -0.65667312, -0.65570233, ..., -0.14391857,
         -0.10815236,  0.        ]],

       [[ 0.        , -0.15023308, -0.17386894, ...,  0.97981839,
          0.99903268,  0.92273004],
        [ 0.15023308,  0.        , -0.02395078, ...,  0.9987281 ,
          0.99430059,  0.85435074],
        [ 0.17386894,  0.02395078,  0.        , ...,  0.9996492 ,
          0.9914619 ,  0.84165852],
        ...,
        [-0.97981839, -0.9987281 , -0.9996492 , ...,  0.        ,
          0.15661006,  0.56211221],
        [-0.99903268, -0.99430059, -0.9914619 , ..., -0.15661006,
          0.        ,  0.42564996],
        [-0.92273004, -0.85435074, -0.84165852, ..., -0.56211221,
         -0.42564996,  0.        ]]]), 'num': array([ 9.98882473e-01,  1.44640773e-05,  3.41493337e-04, -2.96947660e-07,
        2.57972110e-04,  2.58413088e-04,  2.52680374e-04,  4.72565217e-02,
        4.85075762e-06,  2.56472785e-04,  2.50916462e-04,  2.37745920e-04,
        5.67695772e-06,  2.63009233e-04,  2.38823692e-04])}
{'img': array([[[ 0.        ,  0.40480273,  0.3266575 , ...,  0.99277389,
          0.99995744,  0.9341099 ],
        [-0.40480273,  0.        , -0.08389944, ...,  0.85922013,
          0.91063049,  0.9986626 ],
        [-0.3266575 ,  0.08389944,  0.        , ...,  0.89911418,
          0.94208887,  0.99947924],
        ...,
        [-0.99277389, -0.85922013, -0.89911418, ...,  0.        ,
          0.11083573,  0.46649914],
        [-0.99995744, -0.91063049, -0.94208887, ..., -0.11083573,
          0.        ,  0.36558831],
        [-0.9341099 , -0.9986626 , -0.99947924, ..., -0.46649914,
         -0.36558831,  0.        ]],

       [[ 0.        ,  0.23222324,  0.32321566, ...,  0.99240439,
          0.66067731,  0.6449327 ],
        [-0.23222324,  0.        ,  0.09462103, ...,  0.93670681,
          0.46829303,  0.44982773],
        [-0.32321566, -0.09462103,  0.        , ...,  0.89937593,
          0.38258736,  0.36330203],
        ...,
        [-0.99240439, -0.93670681, -0.89937593, ...,  0.        ,
         -0.66369274, -0.67909588],
        [-0.66067731, -0.46829303, -0.38258736, ...,  0.66369274,
          0.        , -0.02078395],
        [-0.6449327 , -0.44982773, -0.36330203, ...,  0.67909588,
          0.02078395,  0.        ]],

       [[ 0.        ,  0.39650448,  0.383605  , ...,  0.25396612,
          0.383605  ,  0.46512331],
        [-0.39650448,  0.        , -0.01400884, ...,  0.61665356,
          0.71833277,  0.77800241],
        [-0.383605  ,  0.01400884,  0.        , ...,  0.60556481,
          0.70851634,  0.76912486],
        ...,
        [-0.25396612, -0.61665356, -0.60556481, ...,  0.        ,
         -0.13649077, -0.2250509 ],
        [-0.383605  , -0.71833277, -0.70851634, ...,  0.13649077,
          0.        , -0.08995535],
        [-0.46512331, -0.77800241, -0.76912486, ...,  0.2250509 ,
          0.08995535,  0.        ]],

       ...,

       [[ 0.        ,  0.09954063,  0.06696825, ...,  0.5794842 ,
          0.64715711,  0.83463287],
        [-0.09954063,  0.        , -0.03268152, ...,  0.49548223,
          0.56805754,  0.77566002],
        [-0.06696825,  0.03268152,  0.        , ...,  0.5236053 ,
          0.59465062,  0.79587265],
        ...,
        [-0.5794842 , -0.49548223, -0.5236053 , ...,  0.        ,
          0.0856487 ,  0.36102824],
        [-0.64715711, -0.56805754, -0.59465062, ..., -0.0856487 ,
          0.        ,  0.27982948],
        [-0.83463287, -0.77566002, -0.79587265, ..., -0.36102824,
         -0.27982948,  0.        ]],

       [[ 0.        ,  0.00119487, -0.01251508, ...,  0.45125356,
          0.46924288,  0.69339272],
        [-0.00119487,  0.        , -0.01370985, ...,  0.45018694,
          0.46818739,  0.69253124],
        [ 0.01251508,  0.01370985,  0.        , ...,  0.46238663,
          0.48025781,  0.70235628],
        ...,
        [-0.45125356, -0.45018694, -0.46238663, ...,  0.        ,
          0.02026226,  0.29362551],
        [-0.46924288, -0.46818739, -0.48025781, ..., -0.02026226,
          0.        ,  0.27419612],
        [-0.69339272, -0.69253124, -0.70235628, ..., -0.29362551,
         -0.27419612,  0.        ]],

       [[ 0.        , -0.02329812, -0.09779508, ...,  0.9995634 ,
          0.98738474,  0.84185513],
        [ 0.02329812,  0.        , -0.07458209, ...,  0.99998046,
          0.98342771,  0.82905254],
        [ 0.09779508,  0.07458209,  0.        , ...,  0.9976616 ,
          0.96716696,  0.78503941],
        ...,
        [-0.9995634 , -0.99998046, -0.9976616 , ...,  0.        ,
          0.18744448,  0.56434213],
        [-0.98738474, -0.98342771, -0.96716696, ..., -0.18744448,
          0.        ,  0.39959617],
        [-0.84185513, -0.82905254, -0.78503941, ..., -0.56434213,
         -0.39959617,  0.        ]]]), 'num': array([ 7.68923210e-01,  6.35364728e-01,  4.51974558e-05, -1.11906635e-07,
        2.00538261e-04,  2.02234862e-04,  1.97823699e-04,  7.11930508e-02,
        2.03592143e-06,  1.97484379e-04,  1.93836687e-04,  1.83368657e-04,
        4.39573946e-06,  2.02958975e-04,  1.84714398e-04])}
{'img': array([[[ 0.        , -0.08389944,  0.05370802, ...,  0.91063049,
          0.9986626 ,  0.9513998 ],
        [ 0.08389944,  0.        ,  0.137297  , ...,  0.94208887,
          0.99947924,  0.92220784],
        [-0.05370802, -0.137297  ,  0.        , ...,  0.88712284,
          0.99444444,  0.96656647],
        ...,
        [-0.91063049, -0.94208887, -0.88712284, ...,  0.        ,
          0.36558831,  0.67357536],
        [-0.9986626 , -0.99947924, -0.99444444, ..., -0.36558831,
          0.        ,  0.35673512],
