state_0,state_1,state_2,state_3,state_4,state_5,state_6,state_7,state_8,state_9,state_10,state_11,state_12,state_13,state_14,state_15,state_16,state_17,state_18,state_19,state_20,state_21,state_22,state_23,state_24,state_25,state_26,state_27,state_28,state_29,state_30,state_31,state_32,state_33,state_34,state_35,state_36,state_37,state_38,state_39,state_40,state_41,state_42,state_43,state_44,state_45,state_46,state_47,state_48,state_49,state_50,state_51,state_52,state_53,state_54,state_55,state_56,state_57,state_58,state_59,state_60,state_61,state_62,state_63,state_64,state_65,state_66,state_67,state_68,state_69,state_70,state_71,state_72,state_73,state_74,state_75,state_76,state_77,state_78,state_79,state_80,state_81,state_82,state_83,state_84,state_85,state_86,state_87,state_88,state_89,state_90,state_91,state_92,state_93,state_94,state_95,state_96,state_97,state_98,state_99,state_100,state_101,state_102,state_103,state_104,state_105,state_106,state_107,state_108,state_109,state_110,state_111,state_112,state_113,state_114,state_115,state_116,state_117,state_118,state_119,state_120,state_121,state_122,state_123,state_124,state_125,state_126,state_127,state_128,state_129,state_130,state_131,state_132,state_133,state_134,state_135,state_136,state_137,state_138,state_139,state_140,state_141,state_142,state_143,state_144,state_145,state_146,state_147,state_148,state_149,state_150,state_151,state_152,state_153,state_154,state_155,state_156,state_157,state_158,state_159,state_160,state_161,state_162,state_163,state_164,state_165,state_166,state_167,state_168,state_169,state_170,state_171,state_172,state_173,state_174,state_175,state_176,state_177,state_178,state_179,state_180,state_181,state_182,state_183,state_184,state_185,state_186,state_187,state_188,state_189,state_190,state_191,state_192,state_193,state_194,state_195,state_196,state_197,state_198,state_199,state_200,state_201,state_202,state_203,state_204,state_205,state_206,state_207,state_208,state_209,state_210,state_211,state_212,state_213,state_214,state_215,state_216,state_217,state_218,state_219,state_220,state_221,state_222,state_223,state_224,state_225,state_226,state_227,state_228,state_229,state_230,state_231,state_232,state_233,state_234,state_235,state_236,state_237,state_238,state_239,state_240,state_241,state_242,state_243,state_244,state_245,state_246,state_247,state_248,state_249,state_250,state_251,state_252,state_253,state_254,state_255,state_256,state_257,state_258,state_259,state_260,state_261,state_262,state_263,state_264,state_265,state_266,state_267,state_268,state_269,state_270,state_271,state_272,state_273,state_274,state_275,state_276,state_277,state_278,state_279,state_280,state_281,state_282,state_283,state_284,state_285,state_286,state_287
{'img': array([[[ 0.        ,  0.22730007,  0.22730007, ..., -0.99979139,
         -0.99445447, -0.94666402],
        [-0.22730007,  0.        ,  0.        , ..., -0.96897901,
         -0.94451969, -0.84864371],
        [-0.22730007,  0.        ,  0.        , ..., -0.96897901,
         -0.94451969, -0.84864371],
        ...,
        [ 0.99979139,  0.96897901,  0.96897901, ...,  0.        ,
         -0.08483435, -0.30281948],
        [ 0.99445447,  0.94451969,  0.94451969, ...,  0.08483435,
          0.        , -0.22087664],
        [ 0.94666402,  0.84864371,  0.84864371, ...,  0.30281948,
          0.22087664,  0.        ]],

       [[ 0.        , -0.10552594, -0.26116718, ...,  0.13691141,
         -0.05643547, -0.03930267],
        [ 0.10552594,  0.        , -0.15784545, ...,  0.2406792 ,
          0.04923739,  0.06636118],
        [ 0.26116718,  0.15784545,  0.        , ...,  0.39086755,
          0.20627415,  0.22302678],
        ...,
        [-0.13691141, -0.2406792 , -0.39086755, ...,  0.        ,
         -0.19259723, -0.17573818],
        [ 0.05643547, -0.04923739, -0.20627415, ...,  0.19259723,
          0.        ,  0.01715184],
        [ 0.03930267, -0.06636118, -0.22302678, ...,  0.17573818,
         -0.01715184,  0.        ]],

       [[ 0.        , -0.00626881,  0.05884737, ..., -0.9956582 ,
         -0.96879039, -0.87890371],
        [ 0.00626881,  0.        ,  0.06510416, ..., -0.99622216,
         -0.97032527, -0.88187666],
        [-0.05884737, -0.06510416,  0.        , ..., -0.98845492,
         -0.9525243 , -0.84931042],
        ...,
        [ 0.9956582 ,  0.99622216,  0.98845492, ...,  0.        ,
         -0.15662561, -0.39311573],
        [ 0.96879039,  0.97032527,  0.9525243 , ...,  0.15662561,
          0.        , -0.24424838],
        [ 0.87890371,  0.88187666,  0.84931042, ...,  0.39311573,
          0.24424838,  0.        ]],

       ...,

       [[ 0.        ,  0.42125447,  0.51730784, ...,  0.44566196,
          0.44566196,  0.14008736],
        [-0.42125447,  0.        ,  0.10865914, ...,  0.02708221,
          0.02708221, -0.29004936],
        [-0.51730784, -0.10865914,  0.        , ..., -0.08169743,
         -0.08169743, -0.39232007],
        ...,
        [-0.44566196, -0.02708221,  0.08169743, ...,  0.        ,
          0.        , -0.31586097],
        [-0.44566196, -0.02708221,  0.08169743, ...,  0.        ,
          0.        , -0.31586097],
        [-0.14008736,  0.29004936,  0.39232007, ...,  0.31586097,
          0.31586097,  0.        ]],

       [[ 0.        , -0.37331388, -0.54866156, ..., -0.46722522,
         -0.4257292 , -0.44971239],
        [ 0.37331388,  0.        , -0.19688909, ..., -0.76350832,
         -0.73274444, -0.75063451],
        [ 0.54866156,  0.19688909,  0.        , ..., -0.87571381,
         -0.85238533, -0.86602951],
        ...,
        [ 0.46722522,  0.76350832,  0.87571381, ...,  0.        ,
         -0.04636552, -0.01970519],
        [ 0.4257292 ,  0.73274444,  0.85238533, ...,  0.04636552,
          0.        ,  0.02667253],
        [ 0.44971239,  0.75063451,  0.86602951, ...,  0.01970519,
         -0.02667253,  0.        ]],

       [[ 0.        ,  0.01126431,  0.05094708, ..., -0.9718004 ,
         -0.97640038, -0.9883695 ],
        [-0.01126431,  0.        ,  0.03969417, ..., -0.97439493,
         -0.97877117, -0.99001977],
        [-0.05094708, -0.03969417,  0.        , ..., -0.98255195,
         -0.98613534, -0.99483355],
        ...,
        [ 0.9718004 ,  0.97439493,  0.98255195, ...,  0.        ,
         -0.02036199, -0.08527928],
        [ 0.97640038,  0.97877117,  0.98613534, ...,  0.02036199,
          0.        , -0.06497379],
        [ 0.9883695 ,  0.99001977,  0.99483355, ...,  0.08527928,
          0.06497379,  0.        ]]]), 'num': array([7.07106654e-01, 7.07106654e-01, 0.00000000e+00, 0.00000000e+00,
       1.38428287e-04, 1.41234266e-04, 1.37025297e-04, 4.40837974e-04,
       4.67663131e-07, 1.41701929e-04, 1.46285027e-04, 1.52949227e-04,
       3.56900810e-07, 1.55077094e-04, 1.37492960e-04])}
{'img': array([[[ 0.        ,  0.        ,  0.2235381 , ..., -0.94451969,
         -0.84864371, -0.86308608],
        [ 0.        ,  0.        ,  0.2235381 , ..., -0.94451969,
         -0.84864371, -0.86308608],
        [-0.2235381 , -0.2235381 ,  0.        , ..., -0.84719663,
         -0.70892514, -0.7283464 ],
        ...,
        [ 0.94451969,  0.94451969,  0.84719663, ...,  0.        ,
         -0.22087664, -0.19355137],
        [ 0.84864371,  0.84864371,  0.70892514, ...,  0.22087664,
          0.        ,  0.0279289 ],
        [ 0.86308608,  0.86308608,  0.7283464 , ...,  0.19355137,
         -0.0279289 ,  0.        ]],

       [[ 0.        , -0.15784545,  0.01209375, ...,  0.04923739,
          0.06636118,  0.07833553],
        [ 0.15784545,  0.        ,  0.16977605, ...,  0.20627415,
          0.22302678,  0.2347139 ],
        [-0.01209375, -0.16977605,  0.        , ...,  0.03715472,
          0.05428924,  0.06627322],
        ...,
        [-0.04923739, -0.20627415, -0.03715472, ...,  0.        ,
          0.01715184,  0.02915443],
        [-0.06636118, -0.22302678, -0.05428924, ..., -0.01715184,
          0.        ,  0.01200559],
        [-0.07833553, -0.2347139 , -0.06627322, ..., -0.02915443,
         -0.01200559,  0.        ]],

       [[ 0.        ,  0.06510416,  0.20026063, ..., -0.97032527,
         -0.88187666, -0.77661403],
        [-0.06510416,  0.        ,  0.13605044, ..., -0.9525243 ,
         -0.84931042, -0.73395232],
        [-0.20026063, -0.13605044,  0.        , ..., -0.90224537,
         -0.76959327, -0.63472237],
        ...,
        [ 0.97032527,  0.9525243 ,  0.90224537, ...,  0.        ,
         -0.24424838, -0.42349443],
        [ 0.88187666,  0.84931042,  0.76959327, ...,  0.24424838,
          0.        , -0.18940364],
        [ 0.77661403,  0.73395232,  0.63472237, ...,  0.42349443,
          0.18940364,  0.        ]],

       ...,

       [[ 0.        ,  0.10865914,  0.44625425, ...,  0.02708221,
         -0.29004936, -0.15029325],
        [-0.10865914,  0.        ,  0.34637227, ..., -0.08169743,
         -0.39232007, -0.2568283 ],
        [-0.44625425, -0.34637227,  0.        , ..., -0.42185453,
         -0.68663752, -0.57568382],
        ...,
        [-0.02708221,  0.08169743,  0.42185453, ...,  0.        ,
         -0.31586097, -0.17701272],
        [ 0.29004936,  0.39232007,  0.68663752, ...,  0.31586097,
          0.        ,  0.14292243],
        [ 0.15029325,  0.2568283 ,  0.57568382, ...,  0.17701272,
         -0.14292243,  0.        ]],

       [[ 0.        , -0.42562019, -0.60810331, ..., -0.43323244,
         -0.45758264, -0.48052796],
        [ 0.42562019,  0.        , -0.21239189, ..., -0.77563677,
         -0.79251487, -0.80809081],
        [ 0.60810331,  0.21239189,  0.        , ..., -0.8919977 ,
         -0.90396105, -0.914765  ],
        ...,
        [ 0.43323244,  0.77563677,  0.8919977 , ...,  0.        ,
          0.02719507,  0.05315538],
        [ 0.45758264,  0.79251487,  0.90396105, ..., -0.02719507,
          0.        ,  0.0259791 ],
        [ 0.48052796,  0.80809081,  0.914765  , ..., -0.05315538,
         -0.0259791 ,  0.        ]],

       [[ 0.        ,  0.03969417,  0.12310474, ..., -0.97877117,
         -0.99001977, -0.9959496 ],
        [-0.03969417,  0.        ,  0.08361547, ..., -0.98613534,
         -0.99483355, -0.9987337 ],
        [-0.12310474, -0.08361547,  0.        , ..., -0.99655739,
         -0.99983834, -0.99944284],
        ...,
        [ 0.97877117,  0.98613534,  0.99655739, ...,  0.        ,
         -0.06497379, -0.11612144],
        [ 0.99001977,  0.99483355,  0.99983834, ...,  0.06497379,
          0.        , -0.05134183],
        [ 0.9959496 ,  0.9987337 ,  0.99944284, ...,  0.11612144,
          0.05134183,  0.        ]]]), 'num': array([ 9.37096758e-01,  3.49068279e-01,  3.93330070e-05, -1.09367525e-10,
        1.84161746e-04,  1.87241374e-04,  1.81698044e-04,  8.45431758e-04,
        1.84777671e-06,  1.85024042e-04,  1.92045593e-04,  2.00381119e-04,
        5.32692386e-07,  2.04049665e-04,  1.80041521e-04])}
{'img': array([[[ 0.        ,  0.2235381 ,  0.2235381 , ..., -0.84864371,
         -0.86308608, -0.89987764],
        [-0.2235381 ,  0.        ,  0.        , ..., -0.70892514,
         -0.7283464 , -0.77961195],
        [-0.2235381 ,  0.        ,  0.        , ..., -0.70892514,
         -0.7283464 , -0.77961195],
        ...,
        [ 0.84864371,  0.70892514,  0.70892514, ...,  0.        ,
          0.0279289 ,  0.10587413],
        [ 0.86308608,  0.7283464 ,  0.7283464 , ..., -0.0279289 ,
          0.        ,  0.0780609 ],
        [ 0.89987764,  0.77961195,  0.77961195, ..., -0.10587413,
         -0.0780609 ,  0.        ]],

       [[ 0.        ,  0.16977605,  0.37521856, ...,  0.22302678,
          0.2347139 ,  0.43178314],
        [-0.16977605,  0.        ,  0.21239979, ...,  0.05428924,
          0.06627322,  0.27238063],
        [-0.37521856, -0.21239979,  0.        , ..., -0.15903604,
         -0.14717178,  0.06179682],
        ...,
        [-0.22302678, -0.05428924,  0.15903604, ...,  0.        ,
          0.01200559,  0.2197424 ],
        [-0.2347139 , -0.06627322,  0.14717178, ..., -0.01200559,
          0.        ,  0.20801441],
        [-0.43178314, -0.27238063, -0.06179682, ..., -0.2197424 ,
         -0.20801441,  0.        ]],

       [[ 0.        ,  0.13506968,  0.29426166, ..., -0.8778225 ,
         -0.79599121, -0.56743745],
        [-0.13506968,  0.        ,  0.16247563, ..., -0.80508173,
         -0.70693804, -0.45101891],
        [-0.29426166, -0.16247563,  0.        , ..., -0.69800958,
         -0.58262962, -0.30001418],
        ...,
        [ 0.8778225 ,  0.80508173,  0.69800958, ...,  0.        ,
         -0.15008445, -0.45101891],
        [ 0.79599121,  0.70693804,  0.58262962, ...,  0.15008445,
          0.        , -0.31195777],
        [ 0.56743745,  0.45101891,  0.30001418, ...,  0.45101891,
          0.31195777,  0.        ]],

       ...,

       [[ 0.        ,  0.34637227,  0.38197778, ..., -0.39232007,
         -0.2568283 , -0.07406899],
        [-0.34637227,  0.        ,  0.03822488, ..., -0.68663752,
         -0.57568382, -0.41490474],
        [-0.38197778, -0.03822488,  0.        , ..., -0.71392518,
         -0.60651852, -0.44938099],
        ...,
        [ 0.39232007,  0.68663752,  0.71392518, ...,  0.        ,
          0.14292243,  0.32311162],
        [ 0.2568283 ,  0.57568382,  0.60651852, ..., -0.14292243,
          0.        ,  0.18453833],
        [ 0.07406899,  0.41490474,  0.44938099, ..., -0.32311162,
         -0.18453833,  0.        ]],

       [[ 0.        , -0.2852913 , -0.41146445, ..., -0.67937998,
         -0.69852518, -0.69079477],
        [ 0.2852913 ,  0.        , -0.13434249, ..., -0.86048847,
         -0.87364538, -0.86836606],
        [ 0.41146445,  0.13434249,  0.        , ..., -0.92113157,
         -0.93109186, -0.92711792],
        ...,
        [ 0.67937998,  0.86048847,  0.92113157, ...,  0.        ,
          0.02641401,  0.01566968],
        [ 0.69852518,  0.87364538,  0.93109186, ..., -0.02641401,
          0.        , -0.01074655],
        [ 0.69079477,  0.86836606,  0.92711792, ..., -0.01566968,
          0.01074655,  0.        ]],

       [[ 0.        ,  0.08361547,  0.1416355 , ..., -0.99483355,
         -0.9987337 , -0.99988275],
        [-0.08361547,  0.        ,  0.05836697, ..., -0.99983834,
         -0.99944284, -0.99766166],
        [-0.1416355 , -0.05836697,  0.        , ..., -0.99918327,
         -0.99579088, -0.99197168],
        ...,
        [ 0.99483355,  0.99983834,  0.99918327, ...,  0.        ,
         -0.05134183, -0.08627363],
        [ 0.9987337 ,  0.99944284,  0.99579088, ...,  0.05134183,
          0.        , -0.03500945],
        [ 0.99988275,  0.99766166,  0.99197168, ...,  0.08627363,
          0.03500945,  0.        ]]]), 'num': array([9.68999397e-01, 2.47062013e-01, 4.82901277e-05, 7.93548093e-09,
       1.90434558e-04, 1.92982178e-04, 1.89797653e-04, 4.71436990e-04,
       0.00000000e+00, 1.90179796e-04, 1.98077417e-04, 2.06113033e-04,
       5.90752349e-07, 2.10942264e-04, 1.85212569e-04])}
{'img': array([[[ 0.        ,  0.        ,  0.17959937, ..., -0.7283464 ,
         -0.77961195, -0.77961195],
        [ 0.        ,  0.        ,  0.17959937, ..., -0.7283464 ,
         -0.77961195, -0.77961195],
        [-0.17959937, -0.17959937,  0.        , ..., -0.59344025,
         -0.65445892, -0.65445892],
        ...,
        [ 0.7283464 ,  0.7283464 ,  0.59344025, ...,  0.        ,
          0.0780609 ,  0.0780609 ],
        [ 0.77961195,  0.77961195,  0.65445892, ..., -0.0780609 ,
          0.        ,  0.        ],
        [ 0.77961195,  0.77961195,  0.65445892, ..., -0.0780609 ,
          0.        ,  0.        ]],

       [[ 0.        ,  0.21239979,  0.14881504, ...,  0.06627322,
          0.27238063, -0.05725316],
        [-0.21239979,  0.        , -0.06461522, ..., -0.14717178,
          0.06179682, -0.2679982 ],
        [-0.14881504,  0.06461522,  0.        , ..., -0.08295261,
          0.12615941, -0.20518659],
        ...,
        [-0.06627322,  0.14717178,  0.08295261, ...,  0.        ,
          0.20801441, -0.1232918 ],
        [-0.27238063, -0.06179682, -0.12615941, ..., -0.20801441,
          0.        , -0.32702224],
        [ 0.05725316,  0.2679982 ,  0.20518659, ...,  0.1232918 ,
          0.32702224,  0.        ]],

       [[ 0.        ,  0.16104966,  0.44738869, ..., -0.76702641,
         -0.66329264, -0.44738869],
        [-0.16104966,  0.        ,  0.29751552, ..., -0.65368191,
         -0.53411107, -0.29751552],
        [-0.44738869, -0.29751552,  0.        , ..., -0.39893057,
         -0.25840103, -0.        ],
        ...,
        [ 0.76702641,  0.65368191,  0.39893057, ...,  0.        ,
         -0.14843312, -0.39893057],
        [ 0.66329264,  0.53411107,  0.25840103, ...,  0.14843312,
          0.        , -0.25840103],
        [ 0.44738869,  0.29751552,  0.        , ...,  0.39893057,
          0.25840103,  0.        ]],

       ...,

       [[ 0.        ,  0.03822488, -0.16110223, ..., -0.57568382,
         -0.41490474, -0.30356905],
        [-0.03822488,  0.        , -0.19871006, ..., -0.60651852,
         -0.44938099, -0.33976822],
        [ 0.16110223,  0.19871006,  0.        , ..., -0.43643524,
         -0.26290388, -0.14610403],
        ...,
        [ 0.57568382,  0.60651852,  0.43643524, ...,  0.        ,
          0.18453833,  0.30029694],
        [ 0.41490474,  0.44938099,  0.26290388, ..., -0.18453833,
          0.        ,  0.11911834],
        [ 0.30356905,  0.33976822,  0.14610403, ..., -0.30029694,
         -0.11911834,  0.        ]],

       [[ 0.        , -0.13434249, -0.33475467, ..., -0.87364538,
         -0.86836606, -0.86678894],
        [ 0.13434249,  0.        , -0.20512846, ..., -0.93109186,
         -0.92711792, -0.92592473],
        [ 0.33475467,  0.20512846,  0.        , ..., -0.98611999,
         -0.98427875, -0.98371367],
        ...,
        [ 0.87364538,  0.93109186,  0.98611999, ...,  0.        ,
         -0.01074655, -0.01391766],
        [ 0.86836606,  0.92711792,  0.98427875, ...,  0.01074655,
          0.        , -0.00317135],
        [ 0.86678894,  0.92592473,  0.98371367, ...,  0.01391766,
          0.00317135,  0.        ]],

       [[ 0.        ,  0.05836697,  0.27917587, ..., -0.99944284,
         -0.99766166, -0.99495668],
        [-0.05836697,  0.        ,  0.22265363, ..., -0.99579088,
         -0.99197168, -0.98740594],
        [-0.27917587, -0.22265363,  0.        , ..., -0.95038699,
         -0.938914  , -0.92739429],
        ...,
        [ 0.99944284,  0.99579088,  0.95038699, ...,  0.        ,
         -0.03500945, -0.06704124],
        [ 0.99766166,  0.99197168,  0.938914  , ...,  0.03500945,
          0.        , -0.03206946],
        [ 0.99495668,  0.98740594,  0.92739429, ...,  0.06704124,
          0.03206946,  0.        ]]]), 'num': array([9.99118513e-01, 4.19687035e-02, 6.23550348e-05, 7.93942695e-09,
       1.96580362e-04, 1.97220689e-04, 1.93378728e-04, 7.12133173e-04,
       5.12261531e-06, 1.91585812e-04, 1.98757474e-04, 2.06163922e-04,
       6.48864605e-07, 2.11515254e-04, 1.85999693e-04])}
{'img': array([[[ 0.        ,  0.17959937, -0.43923522, ..., -0.77961195,
         -0.77961195, -0.87956229],
        [-0.17959937,  0.        , -0.59344025, ..., -0.65445892,
         -0.65445892, -0.77981   ],
        [ 0.43923522,  0.59344025,  0.        , ..., -0.97545834,
         -0.97545834, -0.9991552 ],
        ...,
        [ 0.77961195,  0.65445892,  0.97545834, ...,  0.        ,
          0.        ,  0.17991052],
        [ 0.77961195,  0.65445892,  0.97545834, ...,  0.        ,
          0.        ,  0.17991052],
        [ 0.87956229,  0.77981   ,  0.9991552 , ..., -0.17991052,
         -0.17991052,  0.        ]],

       [[ 0.        , -0.06461522,  0.02118207, ...,  0.06179682,
         -0.2679982 , -0.05892787],
        [ 0.06461522,  0.        ,  0.08573852, ...,  0.12615941,
         -0.20518659,  0.00569821],
        [-0.02118207, -0.08573852,  0.        , ...,  0.04064137,
         -0.28834528, -0.0800599 ],
        ...,
        [-0.06179682, -0.12615941, -0.04064137, ...,  0.        ,
         -0.32702224, -0.12050467],
        [ 0.2679982 ,  0.20518659,  0.28834528, ...,  0.32702224,
          0.        ,  0.21076023],
        [ 0.05892787, -0.00569821,  0.0800599 , ...,  0.12050467,
         -0.21076023,  0.        ]],

       [[ 0.        ,  0.29751552,  0.0716706 , ..., -0.53411107,
         -0.29751552, -0.43739745],
        [-0.29751552,  0.        , -0.22832528, ..., -0.25840103,
         -0.        , -0.15004449],
        [-0.0716706 ,  0.22832528,  0.        , ..., -0.47214618,
         -0.22832528, -0.37182151],
        ...,
        [ 0.53411107,  0.25840103,  0.47214618, ...,  0.        ,
         -0.25840103, -0.11052709],
        [ 0.29751552,  0.        ,  0.22832528, ...,  0.25840103,
          0.        ,  0.15004449],
        [ 0.43739745,  0.15004449,  0.37182151, ...,  0.11052709,
         -0.15004449,  0.        ]],

       ...,

       [[ 0.        , -0.19871006, -0.51870448, ..., -0.44938099,
         -0.33976822, -0.17081429],
        [ 0.19871006,  0.        , -0.33847276, ..., -0.26290388,
         -0.14610403,  0.0283817 ],
        [ 0.51870448,  0.33847276,  0.        , ...,  0.07917968,
          0.19736027,  0.36504291],
        ...,
        [ 0.44938099,  0.26290388, -0.07917968, ...,  0.        ,
          0.11911834,  0.29018126],
        [ 0.33976822,  0.14610403, -0.19736027, ..., -0.11911834,
          0.        ,  0.17412232],
        [ 0.17081429, -0.0283817 , -0.36504291, ..., -0.29018126,
         -0.17412232,  0.        ]],

       [[ 0.        , -0.20512846, -0.32048702, ..., -0.92711792,
         -0.92592473, -0.91348761],
        [ 0.20512846,  0.        , -0.11936335, ..., -0.98427875,
         -0.98371367, -0.97752226],
        [ 0.32048702,  0.11936335,  0.        , ..., -0.99832398,
         -0.99813543, -0.99569924],
        ...,
        [ 0.92711792,  0.98427875,  0.99832398, ...,  0.        ,
         -0.00317135, -0.03486573],
        [ 0.92592473,  0.98371367,  0.99813543, ...,  0.00317135,
          0.        , -0.03169614],
        [ 0.91348761,  0.97752226,  0.99569924, ...,  0.03486573,
          0.03169614,  0.        ]],

       [[ 0.        ,  0.22265363,  0.49009581, ..., -0.99197168,
         -0.98740594, -0.98627287],
        [-0.22265363,  0.        ,  0.28371306, ..., -0.938914  ,
         -0.92739429, -0.92474969],
        [-0.49009581, -0.28371306,  0.        , ..., -0.80269291,
         -0.78315405, -0.77877665],
        ...,
        [ 0.99197168,  0.938914  ,  0.80269291, ...,  0.        ,
         -0.03206946, -0.0390737 ],
        [ 0.98740594,  0.92739429,  0.78315405, ...,  0.03206946,
          0.        , -0.00700864],
        [ 0.98627287,  0.92474969,  0.77877665, ...,  0.0390737 ,
          0.00700864,  0.        ]]]), 'num': array([ 9.65600749e-01,  2.60026518e-01,  4.83270021e-05,  4.05838156e-08,
        1.87552959e-04,  1.91406787e-04,  1.86910654e-04,  1.04762458e-03,
       -9.63456980e-06,  1.91792169e-04,  1.98632714e-04,  2.05580309e-04,
        4.98730672e-07,  2.12335799e-04,  1.84929629e-04])}
{'img': array([[[ 0.        , -0.59344025, -0.65445892, ..., -0.65445892,
         -0.77981   , -0.49319515],
        [ 0.59344025,  0.        , -0.0780609 , ..., -0.97545834,
         -0.9991552 , -0.91320672],
        [ 0.65445892,  0.0780609 ,  0.        , ..., -0.98966959,
         -0.99931437, -0.9422297 ],
        ...,
        [ 0.65445892,  0.97545834,  0.98966959, ...,  0.        ,
          0.17991052, -0.1964224 ],
        [ 0.77981   ,  0.9991552 ,  0.99931437, ..., -0.17991052,
          0.        , -0.36962312],
        [ 0.49319515,  0.91320672,  0.9422297 , ...,  0.1964224 ,
          0.36962312,  0.        ]],

       [[ 0.        ,  0.08573852, -0.40067602, ..., -0.20518659,
          0.00569821,  0.23208697],
        [-0.08573852,  0.        , -0.47775594, ..., -0.28834528,
         -0.0800599 ,  0.14783492],
        [ 0.40067602,  0.47775594,  0.        , ...,  0.20415477,
          0.40589033,  0.60237826],
        ...,
        [ 0.20518659,  0.28834528, -0.20415477, ...,  0.        ,
          0.21076023,  0.42673281],
        [-0.00569821,  0.0800599 , -0.40589033, ..., -0.21076023,
          0.        ,  0.22654058],
        [-0.23208697, -0.14783492, -0.60237826, ..., -0.42673281,
         -0.22654058,  0.        ]],

       [[ 0.        , -0.22832528, -0.35240111, ..., -0.        ,
         -0.15004449, -0.        ],
        [ 0.22832528,  0.        , -0.12941441, ..., -0.22832528,
         -0.37182151, -0.22832528],
        [ 0.35240111,  0.12941441,  0.        , ..., -0.35240111,
         -0.48883066, -0.35240111],
        ...,
        [ 0.        ,  0.22832528,  0.35240111, ...,  0.        ,
          0.15004449,  0.        ],
        [ 0.15004449,  0.37182151,  0.48883066, ..., -0.15004449,
          0.        , -0.15004449],
        [ 0.        ,  0.22832528,  0.35240111, ...,  0.        ,
          0.15004449,  0.        ]],

       ...,

       [[ 0.        , -0.33847276, -0.44674143, ..., -0.14610403,
          0.0283817 , -0.41477371],
        [ 0.33847276,  0.        , -0.11755395, ...,  0.19736027,
          0.36504291, -0.0823075 ],
        [ 0.44674143,  0.11755395,  0.        , ...,  0.31123366,
          0.47195352,  0.03541827],
        ...,
        [ 0.14610403, -0.19736027, -0.31123366, ...,  0.        ,
          0.17412232, -0.27737922],
        [-0.0283817 , -0.36504291, -0.47195352, ..., -0.17412232,
          0.        , -0.44043183],
        [ 0.41477371,  0.0823075 , -0.03541827, ...,  0.27737922,
          0.44043183,  0.        ]],

       [[ 0.        , -0.11936335, -0.15468821, ..., -0.98371367,
         -0.97752226, -0.97950862],
        [ 0.11936335,  0.        , -0.03565568, ..., -0.99813543,
         -0.99569924, -0.99654581],
        [ 0.15468821,  0.03565568,  0.        , ..., -0.99967711,
         -0.99836942, -0.99887316],
        ...,
        [ 0.98371367,  0.99813543,  0.99967711, ...,  0.        ,
         -0.03169614, -0.02206268],
        [ 0.97752226,  0.99569924,  0.99836942, ...,  0.03169614,
          0.        ,  0.00963682],
        [ 0.97950862,  0.99654581,  0.99887316, ...,  0.02206268,
         -0.00963682,  0.        ]],

       [[ 0.        ,  0.28371306,  0.17528754, ..., -0.92739429,
         -0.92474969, -0.90168655],
        [-0.28371306,  0.        , -0.11123558, ..., -0.78315405,
         -0.77877665, -0.74196077],
        [-0.17528754,  0.11123558,  0.        , ..., -0.84746322,
         -0.84372184, -0.81193336],
        ...,
        [ 0.92739429,  0.78315405,  0.84746322, ...,  0.        ,
         -0.00700864, -0.0636886 ],
        [ 0.92474969,  0.77877665,  0.84372184, ...,  0.00700864,
          0.        , -0.05669263],
        [ 0.90168655,  0.74196077,  0.81193336, ...,  0.0636886 ,
          0.05669263,  0.        ]]]), 'num': array([ 9.10806851e-01,  4.12831287e-01,  3.41079153e-05, -7.30847025e-09,
        1.76963598e-04,  1.79993796e-04,  1.75751518e-04,  9.69263563e-04,
        0.00000000e+00,  1.80478628e-04,  1.86539025e-04,  1.92811536e-04,
        4.70572017e-07,  1.99797867e-04,  1.73280184e-04])}
{'img': array([[[ 0.        , -0.32432432, -0.51721442, ..., -0.81061059,
         -0.51721442, -0.51721442],
        [ 0.32432432,  0.        , -0.21168201, ..., -0.95671345,
         -0.76683175, -0.76683175],
        [ 0.51721442,  0.21168201,  0.        , ..., -0.99663912,
         -0.88532198, -0.88532198],
        ...,
        [ 0.81061059,  0.95671345,  0.99663912, ...,  0.        ,
         -0.39089251, -0.39089251],
        [ 0.51721442,  0.76683175,  0.88532198, ...,  0.39089251,
          0.        ,  0.        ],
        [ 0.51721442,  0.76683175,  0.88532198, ...,  0.39089251,
          0.        ,  0.        ]],

       [[ 0.        , -0.47775594, -0.103764  , ..., -0.0800599 ,
          0.14783492,  0.13524098],
        [ 0.47775594,  0.        ,  0.38402107, ...,  0.40589033,
          0.60237826,  0.59217486],
        [ 0.103764  , -0.38402107,  0.        , ...,  0.02380319,
          0.24966075,  0.23732164],
        ...,
        [ 0.0800599 , -0.40589033, -0.02380319, ...,  0.        ,
          0.22654058,  0.21413123],
        [-0.14783492, -0.60237826, -0.24966075, ..., -0.22654058,
          0.        , -0.01272176],
        [-0.13524098, -0.59217486, -0.23732164, ..., -0.21413123,
          0.01272176,  0.        ]],

       [[ 0.        , -0.27287557, -0.45607162, ..., -0.22896551,
         -0.17358021, -0.        ],
        [ 0.27287557,  0.        , -0.19591968, ..., -0.48590262,
         -0.43572597, -0.27287557],
        [ 0.45607162,  0.19591968,  0.        , ..., -0.64772214,
         -0.60362484, -0.45607162],
        ...,
        [ 0.22896551,  0.48590262,  0.64772214, ...,  0.        ,
         -0.05652078, -0.22896551],
        [ 0.17358021,  0.43572597,  0.60362484, ...,  0.05652078,
          0.        , -0.17358021],
        [ 0.        ,  0.27287557,  0.45607162, ...,  0.22896551,
          0.17358021,  0.        ]],

       ...,

       [[ 0.        , -0.11755395,  0.07299648, ...,  0.36504291,
         -0.0823075 , -0.0823075 ],
        [ 0.11755395,  0.        ,  0.1897307 , ...,  0.47195352,
          0.03541827,  0.03541827],
        [-0.07299648, -0.1897307 ,  0.        , ...,  0.29611001,
         -0.15483672, -0.15483672],
        ...,
        [-0.36504291, -0.47195352, -0.29611001, ...,  0.        ,
         -0.44043183, -0.44043183],
        [ 0.0823075 , -0.03541827,  0.15483672, ...,  0.44043183,
          0.        ,  0.        ],
        [ 0.0823075 , -0.03541827,  0.15483672, ...,  0.44043183,
          0.        ,  0.        ]],

       [[ 0.        , -0.03565568, -0.04691835, ..., -0.99569924,
         -0.99654581, -0.99310111],
        [ 0.03565568,  0.        , -0.0112721 , ..., -0.99836942,
         -0.99887316, -0.99665066],
        [ 0.04691835,  0.0112721 ,  0.        , ..., -0.99894944,
         -0.99934467, -0.99750914],
        ...,
        [ 0.99569924,  0.99836942,  0.99894944, ...,  0.        ,
          0.00963682, -0.02475144],
        [ 0.99654581,  0.99887316,  0.99934467, ..., -0.00963682,
          0.        , -0.03438417],
        [ 0.99310111,  0.99665066,  0.99750914, ...,  0.02475144,
          0.03438417,  0.        ]],

       [[ 0.        , -0.11123558, -0.25623539, ..., -0.77877665,
         -0.74196077, -0.7101653 ],
        [ 0.11123558,  0.        , -0.1471233 , ..., -0.84372184,
         -0.81193336, -0.7840718 ],
        [ 0.25623539,  0.1471233 ,  0.        , ..., -0.91351353,
         -0.88898127, -0.86685469],
        ...,
        [ 0.77877665,  0.84372184,  0.91351353, ...,  0.        ,
         -0.05669263, -0.10279839],
        [ 0.74196077,  0.81193336,  0.88898127, ...,  0.05669263,
          0.        , -0.04624077],
        [ 0.7101653 ,  0.7840718 ,  0.86685469, ...,  0.10279839,
          0.04624077,  0.        ]]]), 'num': array([ 9.44348365e-01,  3.28945649e-01,  4.21508710e-05, -7.59632762e-09,
        1.83483219e-04,  1.85996688e-04,  1.80341383e-04,  7.97988627e-04,
        0.00000000e+00,  1.86248035e-04,  1.92720217e-04,  1.98836324e-04,
        2.95702206e-07,  2.06994529e-04,  1.78445905e-04])}
{'img': array([[[ 0.00000000e+00, -4.20252064e-01, -3.28671099e-01, ...,
         -5.23782801e-01, -5.23782801e-01, -5.23782801e-01],
        [ 4.20252064e-01,  0.00000000e+00,  9.86661369e-02, ...,
         -8.33276892e-01, -8.33276892e-01, -8.33276892e-01],
        [ 3.28671099e-01, -9.86661369e-02,  0.00000000e+00, ...,
         -7.74662841e-01, -7.74662841e-01, -7.74662841e-01],
        ...,
        [ 5.23782801e-01,  8.33276892e-01,  7.74662841e-01, ...,
          0.00000000e+00,  0.00000000e+00,  0.00000000e+00],
        [ 5.23782801e-01,  8.33276892e-01,  7.74662841e-01, ...,
          0.00000000e+00,  0.00000000e+00,  0.00000000e+00],
        [ 5.23782801e-01,  8.33276892e-01,  7.74662841e-01, ...,
          0.00000000e+00,  0.00000000e+00,  0.00000000e+00]],

       [[ 0.00000000e+00,  3.84021072e-01,  1.11755201e-01, ...,
          6.02378260e-01,  5.92174863e-01,  4.73196854e-01],
        [-3.84021072e-01,  0.00000000e+00, -2.78429178e-01, ...,
          2.49660748e-01,  2.37321635e-01,  9.86082254e-02],
        [-1.11755201e-01,  2.78429178e-01,  0.00000000e+00, ...,
          5.09400617e-01,  4.98411941e-01,  3.71781144e-01],
        ...,
        [-6.02378260e-01, -2.49660748e-01, -5.09400617e-01, ...,
          0.00000000e+00, -1.27217641e-02, -1.52958349e-01],
        [-5.92174863e-01, -2.37321635e-01, -4.98411941e-01, ...,
          1.27217641e-02,  0.00000000e+00, -1.40373909e-01],
        [-4.73196854e-01, -9.86082254e-02, -3.71781144e-01, ...,
          1.52958349e-01,  1.40373909e-01,  0.00000000e+00]],

       [[ 0.00000000e+00, -3.73870500e-01, -5.05894398e-01, ...,
         -2.86717191e-01, -2.29611164e-01, -0.00000000e+00],
        [ 3.73870500e-01,  0.00000000e+00, -1.46708419e-01, ...,
         -6.24098370e-01, -5.76841566e-01, -3.73870500e-01],
        [ 5.05894398e-01,  1.46708419e-01,  0.00000000e+00, ...,
         -7.31975493e-01, -6.90439674e-01, -5.05894398e-01],
        ...,
        [ 2.86717191e-01,  6.24098370e-01,  7.31975493e-01, ...,
          0.00000000e+00, -5.90858078e-02, -2.86717191e-01],
        [ 2.29611164e-01,  5.76841566e-01,  6.90439674e-01, ...,
          5.90858078e-02,  0.00000000e+00, -2.29611164e-01],
        [ 0.00000000e+00,  3.73870500e-01,  5.05894398e-01, ...,
          2.86717191e-01,  2.29611164e-01,  0.00000000e+00]],

       ...,

       [[ 0.00000000e+00,  1.89730699e-01,  3.02970389e-01, ...,
          3.54182714e-02,  3.54182714e-02, -4.99884274e-01],
        [-1.89730699e-01,  0.00000000e+00,  1.16653936e-01, ...,
         -1.54836717e-01, -1.54836717e-01, -6.55128740e-01],
        [-3.02970389e-01, -1.16653936e-01,  0.00000000e+00, ...,
         -2.69026687e-01, -2.69026687e-01, -7.38789991e-01],
        ...,
        [-3.54182714e-02,  1.54836717e-01,  2.69026687e-01, ...,
          0.00000000e+00,  0.00000000e+00, -5.30246123e-01],
        [-3.54182714e-02,  1.54836717e-01,  2.69026687e-01, ...,
          0.00000000e+00,  0.00000000e+00, -5.30246123e-01],
        [ 4.99884274e-01,  6.55128740e-01,  7.38789991e-01, ...,
          5.30246123e-01,  5.30246123e-01,  0.00000000e+00]],

       [[ 0.00000000e+00, -1.12720991e-02, -1.07038930e-02, ...,
         -9.98873159e-01, -9.96650657e-01, -9.95747053e-01],
        [ 1.12720991e-02,  0.00000000e+00,  5.68240436e-04, ...,
         -9.99344668e-01, -9.97509136e-01, -9.96722281e-01],
        [ 1.07038930e-02, -5.68240436e-04,  0.00000000e+00, ...,
         -9.99323938e-01, -9.97468892e-01, -9.96676150e-01],
        ...,
        [ 9.98873159e-01,  9.99344668e-01,  9.99323938e-01, ...,
          0.00000000e+00, -3.43841664e-02, -4.47677424e-02],
        [ 9.96650657e-01,  9.97509136e-01,  9.97468892e-01, ...,
          3.43841664e-02,  0.00000000e+00, -1.03915772e-02],
        [ 9.95747053e-01,  9.96722281e-01,  9.96676150e-01, ...,
          4.47677424e-02,  1.03915772e-02,  0.00000000e+00]],

       [[ 0.00000000e+00, -2.31916291e-01, -3.06248927e-01, ...,
         -7.42886394e-01, -7.11077390e-01, -6.77110231e-01],
        [ 2.31916291e-01,  0.00000000e+00, -7.71262254e-02, ...,
         -8.77880978e-01, -8.54753929e-01, -8.29312259e-01],
        [ 3.06248927e-01,  7.71262254e-02,  0.00000000e+00, ...,
         -9.12200187e-01, -8.92238995e-01, -8.69939029e-01],
        ...,
        [ 7.42886394e-01,  8.77880978e-01,  9.12200187e-01, ...,
          0.00000000e+00, -4.63259811e-02, -9.34069845e-02],
        [ 7.11077390e-01,  8.54753929e-01,  8.92238995e-01, ...,
          4.63259811e-02,  0.00000000e+00, -4.71832561e-02],
        [ 6.77110231e-01,  8.29312259e-01,  8.69939029e-01, ...,
          9.34069845e-02,  4.71832561e-02,  0.00000000e+00]]]), 'num': array([ 9.67836860e-01,  2.51568773e-01,  5.15300782e-05, -8.09395033e-09,
        1.85706012e-04,  1.94390106e-04,  1.85038005e-04,  2.15573951e-03,
       -9.35210131e-06,  1.95191715e-04,  2.03842408e-04,  2.10110543e-04,
        2.19850483e-07,  2.21134766e-04,  1.86550050e-04])}
{'img': array([[[ 0.00000000e+00,  2.66032848e-01, -6.42665771e-01, ...,
         -8.38981061e-01, -8.38981061e-01, -2.66032848e-01],
        [-2.66032848e-01,  0.00000000e+00, -8.23326822e-01, ...,
         -6.63982911e-01, -6.63982911e-01, -0.00000000e+00],
        [ 6.42665771e-01,  8.23326822e-01,  0.00000000e+00, ...,
         -9.92495943e-01, -9.92495943e-01, -8.23326822e-01],
        ...,
        [ 8.38981061e-01,  6.63982911e-01,  9.92495943e-01, ...,
          0.00000000e+00,  0.00000000e+00, -6.63982911e-01],
        [ 8.38981061e-01,  6.63982911e-01,  9.92495943e-01, ...,
          0.00000000e+00,  0.00000000e+00, -6.63982911e-01],
        [ 2.66032848e-01,  0.00000000e+00,  8.23326822e-01, ...,
          6.63982911e-01,  6.63982911e-01,  0.00000000e+00]],

       [[ 0.00000000e+00, -2.78429178e-01,  4.25153495e-01, ...,
          2.37321635e-01,  9.86082254e-02,  7.22032274e-01],
        [ 2.78429178e-01,  0.00000000e+00,  6.60353720e-01, ...,
          4.98411941e-01,  3.71781144e-01,  8.86114618e-01],
        [-4.25153495e-01, -6.60353720e-01,  0.00000000e+00, ...,
         -1.98202481e-01, -3.33829036e-01,  3.59380335e-01],
        ...,
        [-2.37321635e-01, -4.98411941e-01,  1.98202481e-01, ...,
          0.00000000e+00, -1.40373909e-01,  5.37211430e-01],
        [-9.86082254e-02, -3.71781144e-01,  3.33829036e-01, ...,
          1.40373909e-01,  0.00000000e+00,  6.50290304e-01],
        [-7.22032274e-01, -8.86114618e-01, -3.59380335e-01, ...,
         -5.37211430e-01, -6.50290304e-01,  0.00000000e+00]],

       [[ 0.00000000e+00, -3.53693927e-01, -6.31144348e-01, ...,
         -4.48991313e-01, -3.91561143e-01, -0.00000000e+00],
        [ 3.53693927e-01,  0.00000000e+00, -3.15999804e-01, ...,
         -7.36007361e-01, -6.91703314e-01, -3.53693927e-01],
        [ 6.31144348e-01,  3.15999804e-01,  0.00000000e+00, ...,
         -9.12217299e-01, -8.84469223e-01, -6.31144348e-01],
        ...,
        [ 4.48991313e-01,  7.36007361e-01,  9.12217299e-01, ...,
          0.00000000e+00, -6.32662703e-02, -4.48991313e-01],
        [ 3.91561143e-01,  6.91703314e-01,  8.84469223e-01, ...,
          6.32662703e-02,  0.00000000e+00, -3.91561143e-01],
        [ 0.00000000e+00,  3.53693927e-01,  6.31144348e-01, ...,
          4.48991313e-01,  3.91561143e-01,  0.00000000e+00]],

       ...,

       [[ 0.00000000e+00,  1.16653936e-01, -5.72927056e-01, ...,
         -1.54836717e-01, -6.55128740e-01, -8.50211421e-01],
        [-1.16653936e-01,  0.00000000e+00, -6.64625775e-01, ...,
         -2.69026687e-01, -7.38789991e-01, -9.05818168e-01],
        [ 5.72927056e-01,  6.64625775e-01,  0.00000000e+00, ...,
          4.39112440e-01, -1.04091402e-01, -3.95226173e-01],
        ...,
        [ 1.54836717e-01,  2.69026687e-01, -4.39112440e-01, ...,
          0.00000000e+00, -5.30246123e-01, -7.58445478e-01],
        [ 6.55128740e-01,  7.38789991e-01,  1.04091402e-01, ...,
          5.30246123e-01,  0.00000000e+00, -2.97462520e-01],
        [ 8.50211421e-01,  9.05818168e-01,  3.95226173e-01, ...,
          7.58445478e-01,  2.97462520e-01,  0.00000000e+00]],

       [[ 0.00000000e+00,  5.68240436e-04,  8.37823235e-02, ...,
         -9.97509136e-01, -9.96722281e-01, -9.99802303e-01],
        [-5.68240436e-04,  0.00000000e+00,  8.32160674e-02, ...,
         -9.97468892e-01, -9.96676150e-01, -9.99790843e-01],
        [-8.37823235e-02, -8.32160674e-02,  0.00000000e+00, ...,
         -9.88092186e-01, -9.86439956e-01, -9.94621190e-01],
        ...,
        [ 9.97509136e-01,  9.97468892e-01,  9.88092186e-01, ...,
          0.00000000e+00, -1.03915772e-02,  5.06894514e-02],
        [ 9.96722281e-01,  9.96676150e-01,  9.86439956e-01, ...,
          1.03915772e-02,  0.00000000e+00,  6.10649329e-02],
