state_0,state_1,state_2,state_3,state_4,state_5,state_6,state_7,state_8,state_9,state_10,state_11,state_12,state_13,state_14,state_15,state_16,state_17,state_18,state_19,state_20,state_21,state_22,state_23,state_24,state_25,state_26,state_27,state_28,state_29,state_30,state_31,state_32,state_33,state_34,state_35,state_36,state_37,state_38,state_39,state_40,state_41,state_42,state_43,state_44,state_45,state_46,state_47,state_48,state_49,state_50,state_51,state_52,state_53,state_54,state_55,state_56,state_57,state_58,state_59,state_60,state_61,state_62,state_63,state_64,state_65,state_66,state_67,state_68,state_69,state_70,state_71,state_72,state_73,state_74,state_75,state_76,state_77,state_78,state_79,state_80,state_81,state_82,state_83,state_84,state_85,state_86,state_87,state_88,state_89,state_90,state_91,state_92,state_93,state_94,state_95,state_96,state_97,state_98,state_99,state_100,state_101,state_102,state_103,state_104,state_105,state_106,state_107,state_108,state_109,state_110,state_111,state_112,state_113,state_114,state_115,state_116,state_117,state_118,state_119,state_120,state_121,state_122,state_123,state_124,state_125,state_126,state_127,state_128,state_129,state_130,state_131,state_132,state_133,state_134,state_135,state_136,state_137,state_138,state_139,state_140,state_141,state_142,state_143,state_144,state_145,state_146,state_147,state_148,state_149,state_150,state_151,state_152,state_153,state_154,state_155,state_156,state_157,state_158,state_159,state_160,state_161,state_162,state_163,state_164,state_165,state_166,state_167,state_168,state_169,state_170,state_171,state_172,state_173,state_174,state_175,state_176,state_177,state_178,state_179,state_180,state_181,state_182,state_183,state_184,state_185,state_186,state_187,state_188,state_189,state_190,state_191,state_192,state_193,state_194,state_195,state_196,state_197,state_198,state_199,state_200,state_201,state_202,state_203,state_204,state_205,state_206,state_207,state_208,state_209,state_210,state_211,state_212,state_213,state_214,state_215,state_216,state_217,state_218,state_219,state_220,state_221,state_222,state_223,state_224,state_225,state_226,state_227,state_228,state_229,state_230,state_231,state_232,state_233,state_234,state_235,state_236,state_237,state_238,state_239,state_240,state_241,state_242,state_243,state_244,state_245,state_246,state_247,state_248,state_249,state_250,state_251,state_252,state_253,state_254,state_255,state_256,state_257,state_258,state_259,state_260,state_261,state_262,state_263,state_264,state_265,state_266,state_267,state_268,state_269,state_270,state_271,state_272,state_273,state_274,state_275,state_276,state_277,state_278,state_279,state_280,state_281,state_282,state_283,state_284,state_285,state_286,state_287
{'img': array([[[ 0.        ,  0.        ,  0.61858957, ...,  0.66143783,
          0.69985421,  0.        ],
        [ 0.        ,  0.        ,  0.61858957, ...,  0.66143783,
          0.69985421,  0.        ],
        [-0.61858957, -0.61858957,  0.        , ...,  0.98364333,
          0.99173515,  0.61858957],
        ...,
        [-0.66143783, -0.66143783, -0.98364333, ...,  0.        ,
         -0.05243507,  0.66143783],
        [-0.69985421, -0.69985421, -0.99173515, ...,  0.05243507,
          0.        ,  0.69985421],
        [-0.        , -0.        , -0.61858957, ..., -0.66143783,
         -0.69985421,  0.        ]],

       [[ 0.        , -0.03059646, -0.4583314 , ..., -0.38031104,
         -0.57903391, -0.22887973],
        [ 0.03059646,  0.        , -0.43092326, ..., -0.35183559,
         -0.55381742, -0.19898831],
        [ 0.4583314 ,  0.43092326,  0.        , ...,  0.08587839,
         -0.14095538,  0.24274082],
        ...,
        [ 0.38031104,  0.35183559, -0.08587839, ...,  0.        ,
         -0.22545561,  0.15853418],
        [ 0.57903391,  0.55381742,  0.14095538, ...,  0.22545561,
          0.        ,  0.37705685],
        [ 0.22887973,  0.19898831, -0.24274082, ..., -0.15853418,
         -0.37705685,  0.        ]],

       [[ 0.        , -0.20333625, -0.37621938, ...,  0.82217183,
          0.82217183,  0.64420896],
        [ 0.20333625,  0.        , -0.17996251, ...,  0.68924881,
          0.68924881,  0.47522913],
        [ 0.37621938,  0.17996251,  0.        , ...,  0.54760848,
          0.54760848,  0.3091281 ],
        ...,
        [-0.82217183, -0.68924881, -0.54760848, ...,  0.        ,
          0.        ,  0.26212864],
        [-0.82217183, -0.68924881, -0.54760848, ...,  0.        ,
          0.        ,  0.26212864],
        [-0.64420896, -0.47522913, -0.3091281 , ..., -0.26212864,
         -0.26212864,  0.        ]],

       ...,

       [[ 0.        ,  0.2299249 ,  0.35714303, ...,  0.46560094,
          0.26442501,  0.60183856],
        [-0.2299249 ,  0.        ,  0.1328133 , ...,  0.24964439,
          0.03559962,  0.40209222],
        [-0.35714303, -0.1328133 ,  0.        , ...,  0.1188247 ,
         -0.09744487,  0.27692636],
        ...,
        [-0.46560094, -0.24964439, -0.1188247 , ...,  0.        ,
         -0.2150137 ,  0.16078681],
        [-0.26442501, -0.03559962,  0.09744487, ...,  0.2150137 ,
          0.        ,  0.36924236],
        [-0.60183856, -0.40209222, -0.27692636, ..., -0.16078681,
         -0.36924236,  0.        ]],

       [[ 0.        ,  0.02441475, -0.02032967, ...,  0.70041622,
          0.66267624,  0.50010161],
        [-0.02441475,  0.        , -0.04473332, ...,  0.71763309,
          0.68076306,  0.52109491],
        [ 0.02032967,  0.04473332,  0.        , ...,  0.68576148,
          0.64731427,  0.48239344],
        ...,
        [-0.70041622, -0.71763309, -0.68576148, ...,  0.        ,
          0.05157094,  0.24959731],
        [-0.66267624, -0.68076306, -0.64731427, ..., -0.05157094,
          0.        ,  0.19932647],
        [-0.50010161, -0.52109491, -0.48239344, ..., -0.24959731,
         -0.19932647,  0.        ]],

       [[ 0.        ,  0.03766129,  0.04308672, ...,  0.81003097,
          0.80402294,  0.83475338],
        [-0.03766129,  0.        ,  0.00542984, ...,  0.83154039,
          0.82584587,  0.85489839],
        [-0.04308672, -0.00542984,  0.        , ...,  0.83454421,
          0.82889556,  0.85770276],
        ...,
        [-0.81003097, -0.83154039, -0.83454421, ...,  0.        ,
          0.01017433, -0.04346613],
        [-0.80402294, -0.82584587, -0.82889556, ..., -0.01017433,
          0.        , -0.0536286 ],
        [-0.83475338, -0.85489839, -0.85770276, ...,  0.04346613,
          0.0536286 ,  0.        ]]]), 'num': array([7.07103916e-01, 7.07103916e-01, 0.00000000e+00, 0.00000000e+00,
       9.94364882e-04, 9.98174709e-04, 9.82935400e-04, 8.66240395e-04,
       1.14294814e-05, 9.67696092e-04, 9.37598457e-04, 9.06929349e-04,
       5.20676375e-07, 9.93274099e-04, 8.81922816e-04])}
{'img': array([[[ 0.        ,  0.60449337,  0.71909164, ...,  0.77892375,
          0.43937225,  0.        ],
        [-0.60449337,  0.        ,  0.15276405, ...,  0.99958764,
          0.89302787,  0.60449337],
        [-0.71909164, -0.15276405,  0.        , ...,  0.99224177,
          0.95129016,  0.71909164],
        ...,
        [-0.77892375, -0.99958764, -0.99224177, ...,  0.        ,
          0.42417263,  0.77892375],
        [-0.43937225, -0.89302787, -0.95129016, ..., -0.42417263,
          0.        ,  0.43937225],
        [-0.        , -0.60449337, -0.71909164, ..., -0.77892375,
         -0.43937225,  0.        ]],

       [[ 0.        , -0.43092326, -0.32718018, ..., -0.55381742,
         -0.19898831, -0.58051419],
        [ 0.43092326,  0.        ,  0.11196243, ..., -0.14095538,
          0.24274082, -0.17297006],
        [ 0.32718018, -0.11196243,  0.        , ..., -0.2509137 ,
          0.1326008 , -0.28215733],
        ...,
        [ 0.55381742,  0.14095538,  0.2509137 , ...,  0.        ,
          0.37705685, -0.03241235],
        [ 0.19898831, -0.24274082, -0.1326008 , ..., -0.37705685,
          0.        , -0.40687873],
        [ 0.58051419,  0.17297006,  0.28215733, ...,  0.03241235,
          0.40687873,  0.        ]],

       [[ 0.        , -0.17677122,  0.10364415, ...,  0.7624328 ,
          0.61992389,  0.17677122],
        [ 0.17677122,  0.        ,  0.27783116, ...,  0.63604309,
          0.47145567,  0.        ],
        [-0.10364415, -0.27783116,  0.        , ...,  0.82539142,
          0.69791088,  0.27783116],
        ...,
        [-0.7624328 , -0.63604309, -0.82539142, ...,  0.        ,
          0.19711945,  0.63604309],
        [-0.61992389, -0.47145567, -0.69791088, ..., -0.19711945,
          0.        ,  0.47145567],
        [-0.17677122, -0.        , -0.27783116, ..., -0.63604309,
         -0.47145567,  0.        ]],

       ...,

       [[ 0.        ,  0.1328133 ,  0.60125857, ...,  0.03559962,
          0.40209222,  0.55868863],
        [-0.1328133 ,  0.        ,  0.489807  , ..., -0.09744487,
          0.27692636,  0.44358688],
        [-0.60125857, -0.489807  ,  0.        , ..., -0.57243141,
         -0.22921825, -0.05224765],
        ...,
        [-0.03559962,  0.09744487,  0.57243141, ...,  0.        ,
          0.36924236,  0.52880897],
        [-0.40209222, -0.27692636,  0.22921825, ..., -0.36924236,
          0.        ,  0.17804861],
        [-0.55868863, -0.44358688,  0.05224765, ..., -0.52880897,
         -0.17804861,  0.        ]],

       [[ 0.        , -0.04429734, -0.04429734, ...,  0.72380171,
          0.59524992,  0.16979687],
        [ 0.04429734,  0.        ,  0.        , ...,  0.6925257 ,
          0.5590709 ,  0.12597609],
        [ 0.04429734,  0.        ,  0.        , ...,  0.6925257 ,
          0.5590709 ,  0.12597609],
        ...,
        [-0.72380171, -0.6925257 , -0.6925257 , ...,  0.        ,
          0.17087686,  0.59613025],
        [-0.59524992, -0.5590709 , -0.5590709 , ..., -0.17087686,
          0.        ,  0.45016766],
        [-0.16979687, -0.12597609, -0.12597609, ..., -0.59613025,
         -0.45016766,  0.        ]],

       [[ 0.        ,  0.00542984,  0.00542984, ...,  0.82584587,
          0.85489839,  0.86038709],
        [-0.00542984,  0.        ,  0.        , ...,  0.82889556,
          0.85770276,  0.86314168],
        [-0.00542984,  0.        ,  0.        , ...,  0.82889556,
          0.85770276,  0.86314168],
        ...,
        [-0.82584587, -0.82889556, -0.82889556, ...,  0.        ,
         -0.0536286 , -0.06428376],
        [-0.85489839, -0.85770276, -0.85770276, ...,  0.0536286 ,
          0.        , -0.01067358],
        [-0.86038709, -0.86314168, -0.86314168, ...,  0.06428376,
          0.01067358,  0.        ]]]), 'num': array([ 9.99991848e-01,  1.41717453e-05,  7.63341738e-06, -1.52435114e-10,
        1.40643836e-03,  1.41180645e-03,  1.37959794e-03,  1.26176846e-03,
        5.36808536e-06,  1.37637709e-03,  1.32672230e-03,  1.28324080e-03,
        8.19853036e-07,  1.41236135e-03,  1.24108325e-03])}
{'img': array([[[ 0.        ,  0.45812285,  0.37770515, ...,  0.5237828 ,
          0.2696337 ,  0.        ],
        [-0.45812285,  0.        , -0.08844991, ...,  0.85583751,
          0.68082973,  0.45812285],
        [-0.37770515,  0.08844991,  0.        , ...,  0.80673291,
          0.6133769 ,  0.37770515],
        ...,
        [-0.5237828 , -0.85583751, -0.80673291, ...,  0.        ,
          0.27469547,  0.5237828 ],
        [-0.2696337 , -0.68082973, -0.6133769 , ..., -0.27469547,
          0.        ,  0.2696337 ],
        [-0.        , -0.45812285, -0.37770515, ..., -0.5237828 ,
         -0.2696337 ,  0.        ]],

       [[ 0.        ,  0.11196243,  0.07782423, ...,  0.24274082,
         -0.17297006, -0.14564742],
        [-0.11196243,  0.        , -0.03428795, ...,  0.1326008 ,
         -0.28215733, -0.25550018],
        [-0.07782423,  0.03428795,  0.        , ...,  0.166508  ,
         -0.24909665, -0.22220005],
        ...,
        [-0.24274082, -0.1326008 , -0.166508  , ...,  0.        ,
         -0.40687873, -0.38144364],
        [ 0.17297006,  0.28215733,  0.24909665, ...,  0.40687873,
          0.        ,  0.02767351],
        [ 0.14564742,  0.25550018,  0.22220005, ...,  0.38144364,
         -0.02767351,  0.        ]],

       [[ 0.        ,  0.27161492,  0.48918428, ...,  0.60398923,
          0.41510297,  0.        ],
        [-0.27161492,  0.        ,  0.23389668, ...,  0.79775791,
          0.6466059 ,  0.27161492],
        [-0.48918428, -0.23389668,  0.        , ...,  0.91666379,
          0.80709205,  0.48918428],
        ...,
        [-0.60398923, -0.79775791, -0.91666379, ...,  0.        ,
          0.21866001,  0.60398923],
        [-0.41510297, -0.6466059 , -0.80709205, ..., -0.21866001,
          0.        ,  0.41510297],
        [-0.        , -0.27161492, -0.48918428, ..., -0.60398923,
         -0.41510297,  0.        ]],

       ...,

       [[ 0.        ,  0.489807  ,  0.30908846, ...,  0.27692636,
          0.44358688,  0.69826251],
        [-0.489807  ,  0.        , -0.19634989, ..., -0.22921825,
         -0.05224765,  0.25814251],
        [-0.30908846,  0.19634989,  0.        , ..., -0.03363418,
          0.14485112,  0.44281245],
        ...,
        [-0.27692636,  0.22921825,  0.03363418, ...,  0.        ,
          0.17804861,  0.47271879],
        [-0.44358688,  0.05224765, -0.14485112, ..., -0.17804861,
          0.        ,  0.30826674],
        [-0.69826251, -0.25814251, -0.44281245, ..., -0.47271879,
         -0.30826674,  0.        ]],

       [[ 0.        ,  0.        , -0.12283534, ...,  0.69447048,
          0.54093286,  0.12283534],
        [ 0.        ,  0.        , -0.12283534, ...,  0.69447048,
          0.54093286,  0.12283534],
        [ 0.12283534,  0.12283534,  0.        , ...,  0.60082867,
          0.43352381,  0.        ],
        ...,
        [-0.69447048, -0.69447048, -0.60082867, ...,  0.        ,
          0.1948827 ,  0.60082867],
        [-0.54093286, -0.54093286, -0.43352381, ..., -0.1948827 ,
          0.        ,  0.43352381],
        [-0.12283534, -0.12283534, -0.        , ..., -0.60082867,
         -0.43352381,  0.        ]],

       [[ 0.        ,  0.        ,  0.00875943, ...,  0.85770276,
          0.86314168,  0.87256205],
        [ 0.        ,  0.        ,  0.00875943, ...,  0.85770276,
          0.86314168,  0.87256205],
        [-0.00875943, -0.00875943,  0.        , ...,  0.86217348,
          0.86753174,  0.87680759],
        ...,
        [-0.85770276, -0.85770276, -0.86217348, ...,  0.        ,
         -0.01067358, -0.02963356],
        [-0.86314168, -0.86314168, -0.86753174, ...,  0.01067358,
          0.        , -0.01896298],
        [-0.87256205, -0.87256205, -0.87680759, ...,  0.02963356,
          0.01896298,  0.        ]]]), 'num': array([8.61270345e-01, 5.08133398e-01, 2.64522057e-06, 2.48754498e-09,
       1.22616995e-03, 1.23076235e-03, 1.19402318e-03, 1.68467485e-03,
       2.29619842e-05, 1.19218622e-03, 1.14166985e-03, 1.10232832e-03,
       7.09001616e-07, 1.22228702e-03, 1.06105268e-03])}
{'img': array([[[ 0.        , -0.26257245, -0.26257245, ...,  0.79954215,
          0.76242791,  0.26257245],
        [ 0.26257245,  0.        ,  0.        , ...,  0.61378441,
          0.56577247,  0.        ],
        [ 0.26257245,  0.        ,  0.        , ...,  0.61378441,
          0.56577247,  0.        ],
        ...,
        [-0.79954215, -0.61378441, -0.61378441, ...,  0.        ,
          0.05944046,  0.61378441],
        [-0.76242791, -0.56577247, -0.56577247, ..., -0.05944046,
          0.        ,  0.56577247],
        [-0.26257245, -0.        , -0.        , ..., -0.61378441,
         -0.56577247,  0.        ]],

       [[ 0.        , -0.03428795,  0.06422884, ..., -0.28215733,
         -0.25550018,  0.13922228],
        [ 0.03428795,  0.        ,  0.09840823, ..., -0.24909665,
         -0.22220005,  0.17309444],
        [-0.06422884, -0.09840823,  0.        , ..., -0.34319383,
         -0.31706965,  0.07533149],
        ...,
        [ 0.28215733,  0.24909665,  0.34319383, ...,  0.        ,
          0.02767351,  0.41297486],
        [ 0.25550018,  0.22220005,  0.31706965, ..., -0.02767351,
          0.        ,  0.38761326],
        [-0.13922228, -0.17309444, -0.07533149, ..., -0.41297486,
         -0.38761326,  0.        ]],

       [[ 0.        ,  0.40715876,  0.51764472, ...,  0.60287728,
          0.46658468,  0.        ],
        [-0.40715876,  0.        ,  0.12443136, ...,  0.8754875 ,
          0.78628094,  0.40715876],
        [-0.51764472, -0.12443136,  0.        , ...,  0.92881371,
          0.85705243,  0.51764472],
        ...,
        [-0.60287728, -0.8754875 , -0.92881371, ...,  0.        ,
          0.16097372,  0.60287728],
        [-0.46658468, -0.78628094, -0.85705243, ..., -0.16097372,
          0.        ,  0.46658468],
        [-0.        , -0.40715876, -0.51764472, ..., -0.60287728,
         -0.46658468,  0.        ]],

       ...,

       [[ 0.        , -0.19634989, -0.15081113, ..., -0.05224765,
          0.25814251,  0.29252128],
        [ 0.19634989,  0.        ,  0.04622873, ...,  0.14485112,
          0.44281245,  0.47458838],
        [ 0.15081113, -0.04622873,  0.        , ...,  0.09895508,
          0.4008897 ,  0.4333901 ],
        ...,
        [ 0.05224765, -0.14485112, -0.09895508, ...,  0.        ,
          0.30826674,  0.34208403],
        [-0.25814251, -0.44281245, -0.4008897 , ..., -0.30826674,
          0.        ,  0.03575571],
        [-0.29252128, -0.47458838, -0.4333901 , ..., -0.34208403,
         -0.03575571,  0.        ]],

       [[ 0.        , -0.11914701,  0.0684618 , ...,  0.70485147,
          0.57424349,  0.11914701],
        [ 0.11914701,  0.        ,  0.18684158, ...,  0.61531303,
          0.47260912,  0.        ],
        [-0.0684618 , -0.18684158,  0.        , ...,  0.75176142,
          0.62894478,  0.18684158],
        ...,
        [-0.70485147, -0.61531303, -0.75176142, ...,  0.        ,
          0.16970857,  0.61531303],
        [-0.57424349, -0.47260912, -0.62894478, ..., -0.16970857,
          0.        ,  0.47260912],
        [-0.11914701, -0.        , -0.18684158, ..., -0.61531303,
         -0.47260912,  0.        ]],

       [[ 0.        ,  0.00875943, -0.0074752 , ...,  0.86314168,
          0.87256205,  0.87726692],
        [-0.00875943,  0.        , -0.0162341 , ...,  0.86753174,
          0.87680759,  0.88143782],
        [ 0.0074752 ,  0.0162341 ,  0.        , ...,  0.85934287,
          0.86888602,  0.8736543 ],
        ...,
        [-0.86314168, -0.86753174, -0.85934287, ...,  0.        ,
         -0.01896298, -0.02867583],
        [-0.87256205, -0.87680759, -0.86888602, ...,  0.01896298,
          0.        , -0.00971549],
        [-0.87726692, -0.88143782, -0.8736543 , ...,  0.02867583,
          0.00971549,  0.        ]]]), 'num': array([9.99989182e-01, 4.92079166e-04, 7.43120522e-06, 1.09905424e-08,
       1.42378505e-03, 1.43437081e-03, 1.40790640e-03, 2.54587586e-03,
       1.05857624e-05, 1.39414491e-03, 1.32348495e-03, 1.27558437e-03,
       8.03733814e-07, 1.42504622e-03, 1.22192367e-03])}
{'img': array([[[ 0.        ,  0.        ,  0.2581618 , ...,  0.64673844,
          0.36193486,  0.        ],
        [ 0.        ,  0.        ,  0.2581618 , ...,  0.64673844,
          0.36193486,  0.        ],
        [-0.2581618 , -0.2581618 ,  0.        , ...,  0.82171817,
          0.59032518,  0.2581618 ],
        ...,
        [-0.64673844, -0.64673844, -0.82171817, ...,  0.        ,
          0.32683976,  0.64673844],
        [-0.36193486, -0.36193486, -0.59032518, ..., -0.32683976,
          0.        ,  0.36193486],
        [-0.        , -0.        , -0.2581618 , ..., -0.64673844,
         -0.36193486,  0.        ]],

       [[ 0.        ,  0.09840823, -0.48264697, ..., -0.22220005,
          0.17309444,  0.45020412],
        [-0.09840823,  0.        , -0.56649166, ..., -0.31706965,
          0.07533149,  0.36014766],
        [ 0.48264697,  0.56649166,  0.        , ...,  0.27597519,
          0.62696023,  0.82526338],
        ...,
        [ 0.22220005,  0.31706965, -0.27597519, ...,  0.        ,
          0.38761326,  0.63735764],
        [-0.17309444, -0.07533149, -0.62696023, ..., -0.38761326,
          0.        ,  0.28884792],
        [-0.45020412, -0.36014766, -0.82526338, ..., -0.63735764,
         -0.28884792,  0.        ]],

       [[ 0.        ,  0.33091099,  0.47445142, ...,  0.65742369,
          0.49970235,  0.        ],
        [-0.33091099,  0.        ,  0.15642687, ...,  0.86973416,
          0.75818427,  0.33091099],
        [-0.47445142, -0.15642687,  0.        , ...,  0.9362272 ,
          0.85084731,  0.47445142],
        ...,
        [-0.65742369, -0.86973416, -0.9362272 , ...,  0.        ,
          0.19292227,  0.65742369],
        [-0.49970235, -0.75818427, -0.85084731, ..., -0.19292227,
          0.        ,  0.49970235],
        [-0.        , -0.33091099, -0.47445142, ..., -0.65742369,
         -0.49970235,  0.        ]],

       ...,

       [[ 0.        ,  0.04622873,  0.27831508, ...,  0.44281245,
          0.47458838,  0.4261319 ],
        [-0.04622873,  0.        ,  0.2336153 , ...,  0.4008897 ,
          0.4333901 ,  0.38385499],
        [-0.27831508, -0.2336153 ,  0.        , ...,  0.17577559,
          0.2108622 ,  0.15751455],
        ...,
        [-0.44281245, -0.4008897 , -0.17577559, ...,  0.        ,
          0.03575571, -0.01851923],
        [-0.47458838, -0.4333901 , -0.2108622 , ..., -0.03575571,
          0.        , -0.05425697],
        [-0.4261319 , -0.38385499, -0.15751455, ...,  0.01851923,
          0.05425697,  0.        ]],

       [[ 0.        ,  0.18152224,  0.25988414, ...,  0.63222399,
          0.46216665,  0.        ],
        [-0.18152224,  0.        ,  0.08028155, ...,  0.76236158,
          0.61546126,  0.18152224],
        [-0.25988414, -0.08028155,  0.        , ...,  0.81185516,
          0.67674997,  0.25988414],
        ...,
        [-0.63222399, -0.76236158, -0.81185516, ...,  0.        ,
          0.20257178,  0.63222399],
        [-0.46216665, -0.61546126, -0.67674997, ..., -0.20257178,
          0.        ,  0.46216665],
        [-0.        , -0.18152224, -0.25988414, ..., -0.63222399,
         -0.46216665,  0.        ]],

       [[ 0.        , -0.0162341 , -0.0366682 , ...,  0.87680759,
          0.88143782,  0.88688576],
        [ 0.0162341 ,  0.        , -0.02044019, ...,  0.86888602,
          0.8736543 ,  0.87926891],
        [ 0.0366682 ,  0.02044019,  0.        , ...,  0.85858635,
          0.86352665,  0.86934903],
        ...,
        [-0.87680759, -0.86888602, -0.85858635, ...,  0.        ,
         -0.00971549, -0.0213761 ],
        [-0.88143782, -0.8736543 , -0.86352665, ...,  0.00971549,
          0.        , -0.01166182],
        [-0.88688576, -0.87926891, -0.86934903, ...,  0.0213761 ,
          0.01166182,  0.        ]]]), 'num': array([ 7.07103673e-01,  7.07103673e-01,  0.00000000e+00,  1.22034147e-08,
        9.97183128e-04,  1.02342479e-03,  9.93434319e-04,  1.13321990e-03,
       -1.12464263e-05,  9.93434319e-04,  9.40950997e-04,  9.06961798e-04,
        5.14542378e-07,  1.01719111e-03,  8.64710881e-04])}
{'img': array([[[ 0.        ,  0.2581618 ,  0.36193486, ...,  0.36193486,
          0.        ,  0.43937225],
        [-0.2581618 ,  0.        ,  0.10900657, ...,  0.59032518,
          0.2581618 ,  0.65638633],
        [-0.36193486, -0.10900657,  0.        , ...,  0.6747938 ,
          0.36193486,  0.73471222],
        ...,
        [-0.36193486, -0.59032518, -0.6747938 , ...,  0.        ,
          0.36193486, -0.08445638],
        [-0.        , -0.2581618 , -0.36193486, ..., -0.36193486,
          0.        , -0.43937225],
        [-0.43937225, -0.65638633, -0.73471222, ...,  0.08445638,
          0.43937225,  0.        ]],

       [[ 0.        , -0.56649166, -0.46109266, ...,  0.07533149,
          0.36014766, -0.10595855],
        [ 0.56649166,  0.        ,  0.12270604, ...,  0.62696023,
          0.82526338,  0.47598563],
        [ 0.46109266, -0.12270604,  0.        , ...,  0.52662803,
          0.74972892,  0.36447442],
        ...,
        [-0.07533149, -0.62696023, -0.52662803, ...,  0.        ,
          0.28884792, -0.18056489],
        [-0.36014766, -0.82526338, -0.74972892, ..., -0.28884792,
          0.        , -0.45696846],
        [ 0.10595855, -0.47598563, -0.36447442, ...,  0.18056489,
          0.45696846,  0.        ]],

       [[ 0.        ,  0.35034769,  0.41799201, ...,  0.58662437,
          0.33091099,  0.        ],
        [-0.35034769,  0.        ,  0.07322595, ...,  0.83317623,
          0.64054755,  0.35034769],
        [-0.41799201, -0.07322595,  0.        , ...,  0.87143397,
          0.69505948,  0.41799201],
        ...,
        [-0.58662437, -0.83317623, -0.87143397, ...,  0.        ,
          0.28558381,  0.58662437],
        [-0.33091099, -0.64054755, -0.69505948, ..., -0.28558381,
          0.        ,  0.33091099],
        [-0.        , -0.35034769, -0.41799201, ..., -0.58662437,
         -0.33091099,  0.        ]],

       ...,

       [[ 0.        ,  0.2336153 ,  0.09747607, ...,  0.4333901 ,
          0.38385499,  0.10966931],
        [-0.2336153 ,  0.        , -0.13772398, ...,  0.2108622 ,
          0.15751455, -0.12557151],
        [-0.09747607,  0.13772398,  0.        , ...,  0.34348018,
          0.29201826,  0.01225894],
        ...,
        [-0.4333901 , -0.2108622 , -0.34348018, ...,  0.        ,
         -0.05425697, -0.33194127],
        [-0.38385499, -0.15751455, -0.29201826, ...,  0.05425697,
          0.        , -0.28027172],
        [-0.10966931,  0.12557151, -0.01225894, ...,  0.33194127,
          0.28027172,  0.        ]],

       [[ 0.        ,  0.18481395,  0.34286355, ...,  0.57900605,
          0.37945661,  0.        ],
        [-0.18481395,  0.        ,  0.16334573, ...,  0.71971493,
          0.54391154,  0.18481395],
        [-0.34286355, -0.16334573,  0.        , ...,  0.82345435,
          0.67367656,  0.34286355],
        ...,
        [-0.57900605, -0.71971493, -0.82345435, ...,  0.        ,
          0.22632212,  0.57900605],
        [-0.37945661, -0.54391154, -0.67367656, ..., -0.22632212,
          0.        ,  0.37945661],
        [-0.        , -0.18481395, -0.34286355, ..., -0.57900605,
         -0.37945661,  0.        ]],

       [[ 0.        , -0.02044019, -0.02246268, ...,  0.8736543 ,
          0.87926891,  0.88512538],
        [ 0.02044019,  0.        , -0.00202296, ...,  0.86352665,
          0.86934903,  0.87542857],
        [ 0.02246268,  0.00202296,  0.        , ...,  0.8625047 ,
          0.86834751,  0.87444898],
        ...,
        [-0.8736543 , -0.86352665, -0.8625047 , ...,  0.        ,
         -0.01166182, -0.02409796],
        [-0.87926891, -0.86934903, -0.86834751, ...,  0.01166182,
          0.        , -0.01243789],
        [-0.88512538, -0.87542857, -0.87444898, ...,  0.02409796,
          0.01243789,  0.        ]]]), 'num': array([9.40124499e-01, 3.40809781e-01, 4.50612570e-06, 1.61347287e-08,
       1.32591752e-03, 1.34087147e-03, 1.31096356e-03, 1.16533196e-03,
       0.00000000e+00, 1.32591752e-03, 1.25712932e-03, 1.21060589e-03,
       6.17147430e-07, 1.36128827e-03, 1.15297036e-03])}
{'img': array([[[ 0.        ,  0.26033912,  0.83402666, ...,  0.        ,
          0.44293905,  0.44293905],
        [-0.26033912,  0.        ,  0.66163175, ...,  0.26033912,
          0.66107278,  0.66107278],
        [-0.83402666, -0.66163175,  0.        , ...,  0.83402666,
          0.99212821,  0.99212821],
        ...,
        [-0.        , -0.26033912, -0.83402666, ...,  0.        ,
         -0.44293905, -0.44293905],
        [-0.44293905, -0.66107278, -0.99212821, ...,  0.44293905,
          0.        ,  0.        ],
        [-0.44293905, -0.66107278, -0.99212821, ...,  0.44293905,
          0.        ,  0.        ]],

       [[ 0.        ,  0.12270604,  0.8752786 , ...,  0.82526338,
          0.47598563,  0.27164017],
        [-0.12270604,  0.        ,  0.80932119, ...,  0.74972892,
          0.36447442,  0.15149524],
        [-0.8752786 , -0.80932119,  0.        , ..., -0.09519878,
         -0.53957073, -0.71099679],
        ...,
        [-0.82526338, -0.74972892,  0.09519878, ...,  0.        ,
         -0.45696846, -0.64082431],
        [-0.47598563, -0.36447442,  0.53957073, ...,  0.45696846,
          0.        , -0.21919326],
        [-0.27164017, -0.15149524,  0.71099679, ...,  0.64082431,
          0.21919326,  0.        ]],

       [[ 0.        ,  0.23733211,  0.47761098, ...,  0.42082281,
          0.26486423,  0.        ],
        [-0.23733211,  0.        ,  0.25545174, ...,  0.62409343,
          0.48615265,  0.23733211],
        [-0.47761098, -0.25545174,  0.        , ...,  0.80298428,
          0.69325559,  0.47761098],
        ...,
        [-0.42082281, -0.62409343, -0.80298428, ...,  0.        ,
          0.16552373,  0.42082281],
        [-0.26486423, -0.48615265, -0.69325559, ..., -0.16552373,
          0.        ,  0.26486423],
        [-0.        , -0.23733211, -0.47761098, ..., -0.42082281,
         -0.26486423,  0.        ]],

       ...,

       [[ 0.        , -0.13772398,  0.11550629, ...,  0.15751455,
         -0.12557151, -0.35780294],
        [ 0.13772398,  0.        ,  0.25120774, ...,  0.29201826,
          0.01225894, -0.22578706],
        [-0.11550629, -0.25120774,  0.        , ...,  0.04239589,
         -0.23932303, -0.46326752],
        ...,
        [-0.15751455, -0.29201826, -0.04239589, ...,  0.        ,
         -0.28027172, -0.50042301],
        [ 0.12557151, -0.01225894,  0.23932303, ...,  0.28027172,
          0.        , -0.23771247],
        [ 0.35780294,  0.22578706,  0.46326752, ...,  0.50042301,
          0.23771247,  0.        ]],

       [[ 0.        ,  0.28818194,  0.56849483, ...,  0.50074941,
          0.34467766,  0.        ],
        [-0.28818194,  0.        ,  0.30729334, ...,  0.72895352,
          0.60057741,  0.28818194],
        [-0.56849483, -0.30729334,  0.        , ...,  0.9040447 ,
          0.81721987,  0.56849483],
        ...,
        [-0.50074941, -0.72895352, -0.9040447 , ...,  0.        ,
          0.17171371,  0.50074941],
        [-0.34467766, -0.60057741, -0.81721987, ..., -0.17171371,
          0.        ,  0.34467766],
        [-0.        , -0.28818194, -0.56849483, ..., -0.50074941,
         -0.34467766,  0.        ]],

       [[ 0.        , -0.00202296, -0.3521187 , ...,  0.86934903,
          0.87542857,  0.85498703],
        [ 0.00202296,  0.        , -0.35022458, ...,  0.86834751,
          0.87444898,  0.85393607],
        [ 0.3521187 ,  0.35022458,  0.        , ...,  0.6396553 ,
          0.64916635,  0.61760354],
        ...,
        [-0.86934903, -0.86834751, -0.6396553 , ...,  0.        ,
         -0.01243789,  0.02835393],
        [-0.87542857, -0.87444898, -0.64916635, ...,  0.01243789,
          0.        ,  0.04078462],
        [-0.85498703, -0.85393607, -0.61760354, ..., -0.02835393,
         -0.04078462,  0.        ]]]), 'num': array([ 9.74131880e-01,  2.25941429e-01,  5.68966123e-06,  1.68452322e-08,
        1.37031218e-03,  1.39115343e-03,  1.34947093e-03,  1.76842174e-03,
       -1.56309374e-05,  1.38698518e-03,  1.32029318e-03,  1.26992683e-03,
        6.60820120e-07,  1.42699143e-03,  1.21359494e-03])}
{'img': array([[[ 0.00000000e+00,  8.15364915e-01,  6.94701399e-01, ...,
          4.46593757e-01,  4.46593757e-01,  6.13784410e-01],
        [-8.15364915e-01,  0.00000000e+00, -1.84295006e-01, ...,
          9.88091309e-01,  9.88091309e-01,  9.99058012e-01],
        [-6.94701399e-01,  1.84295006e-01,  0.00000000e+00, ...,
          9.42809042e-01,  9.42809042e-01,  9.89942522e-01],
        ...,
        [-4.46593757e-01, -9.88091309e-01, -9.42809042e-01, ...,
          0.00000000e+00,  0.00000000e+00, -1.96601506e-01],
        [-4.46593757e-01, -9.88091309e-01, -9.42809042e-01, ...,
          0.00000000e+00,  0.00000000e+00, -1.96601506e-01],
        [-6.13784410e-01, -9.99058012e-01, -9.89942522e-01, ...,
          1.96601506e-01,  1.96601506e-01,  0.00000000e+00]],

       [[ 0.00000000e+00,  8.09321189e-01,  7.73238729e-01, ...,
          3.64474424e-01,  1.51495241e-01,  4.61423875e-01],
        [-8.09321189e-01,  0.00000000e+00, -5.90283293e-02, ...,
         -5.39570728e-01, -7.10996789e-01, -4.46988565e-01],
        [-7.73238729e-01,  5.90283293e-02,  0.00000000e+00, ...,
         -4.88931555e-01, -6.68248589e-01, -3.93405972e-01],
        ...,
        [-3.64474424e-01,  5.39570728e-01,  4.88931555e-01, ...,
          0.00000000e+00, -2.19193258e-01,  1.06329746e-01],
        [-1.51495241e-01,  7.10996789e-01,  6.68248589e-01, ...,
          2.19193258e-01,  0.00000000e+00,  3.21694597e-01],
        [-4.61423875e-01,  4.46988565e-01,  3.93405972e-01, ...,
         -1.06329746e-01, -3.21694597e-01,  0.00000000e+00]],

       [[ 0.00000000e+00,  4.22983928e-01,  5.51862651e-01, ...,
          2.91145778e-01,  1.19951247e-01,  0.00000000e+00],
        [-4.22983928e-01,  0.00000000e+00,  1.47322159e-01, ...,
          6.68477731e-01,  5.28622178e-01,  4.22983928e-01],
        [-5.51862651e-01, -1.47322159e-01,  0.00000000e+00, ...,
          7.70751904e-01,  6.47909629e-01,  5.51862651e-01],
        ...,
        [-2.91145778e-01, -6.68477731e-01, -7.70751904e-01, ...,
          0.00000000e+00,  1.74288840e-01,  2.91145778e-01],
        [-1.19951247e-01, -5.28622178e-01, -6.47909629e-01, ...,
         -1.74288840e-01,  0.00000000e+00,  1.19951247e-01],
        [-0.00000000e+00, -4.22983928e-01, -5.51862651e-01, ...,
         -2.91145778e-01, -1.19951247e-01,  0.00000000e+00]],

       ...,

       [[ 0.00000000e+00,  2.51207741e-01,  1.25243872e-02, ...,
          1.22589369e-02, -2.25787063e-01, -1.73764070e-01],
        [-2.51207741e-01,  0.00000000e+00, -2.39065268e-01, ...,
         -2.39323032e-01, -4.63267516e-01, -4.15578207e-01],
        [-1.25243872e-02,  2.39065268e-01,  0.00000000e+00, ...,
         -2.65470673e-04, -2.37970320e-01, -1.86084298e-01],
        ...,
        [-1.22589369e-02,  2.39323032e-01,  2.65470673e-04, ...,
          0.00000000e+00, -2.37712467e-01, -1.85823458e-01],
        [ 2.25787063e-01,  4.63267516e-01,  2.37970320e-01, ...,
          2.37712467e-01,  0.00000000e+00,  5.30753307e-02],
        [ 1.73764070e-01,  4.15578207e-01,  1.86084298e-01, ...,
          1.85823458e-01, -5.30753307e-02,  0.00000000e+00]],

       [[ 0.00000000e+00,  5.03353660e-01,  5.82694335e-01, ...,
          4.12878407e-01,  2.32763882e-01,  0.00000000e+00],
        [-5.03353660e-01,  0.00000000e+00,  9.44236155e-02, ...,
          8.15207721e-01,  6.90654913e-01,  5.03353660e-01],
        [-5.82694335e-01, -9.44236155e-02,  0.00000000e+00, ...,
          8.66252664e-01,  7.55854836e-01,  5.82694335e-01],
        ...,
        [-4.12878407e-01, -8.15207721e-01, -8.66252664e-01, ...,
          0.00000000e+00,  1.89539869e-01,  4.12878407e-01],
        [-2.32763882e-01, -6.90654913e-01, -7.55854836e-01, ...,
         -1.89539869e-01,  0.00000000e+00,  2.32763882e-01],
        [-0.00000000e+00, -5.03353660e-01, -5.82694335e-01, ...,
         -4.12878407e-01, -2.32763882e-01,  0.00000000e+00]],

       [[ 0.00000000e+00, -3.50224584e-01,  9.63375007e-03, ...,
          8.74448983e-01,  8.53936075e-01,  7.89144169e-01],
        [ 3.50224584e-01,  0.00000000e+00,  3.59231936e-01, ...,
          6.49166349e-01,  6.17603539e-01,  5.24053575e-01],
        [-9.63375007e-03, -3.59231936e-01,  0.00000000e+00, ...,
          8.79081904e-01,  8.58909638e-01,  7.95024675e-01],
        ...,
        [-8.74448983e-01, -6.49166349e-01, -8.79081904e-01, ...,
          0.00000000e+00,  4.07846210e-02,  1.54265935e-01],
        [-8.53936075e-01, -6.17603539e-01, -8.58909638e-01, ...,
         -4.07846210e-02,  0.00000000e+00,  1.13841176e-01],
        [-7.89144169e-01, -5.24053575e-01, -7.95024675e-01, ...,
         -1.54265935e-01, -1.13841176e-01,  0.00000000e+00]]]), 'num': array([ 9.98037514e-01,  6.24783379e-02,  7.22439552e-06,  7.92350835e-09,
        1.40263751e-03,  1.44054663e-03,  1.40263751e-03,  1.42594620e-03,
       -2.16623554e-05,  1.43296481e-03,  1.37935048e-03,  1.32420173e-03,
        6.54908418e-07,  1.47856667e-03,  1.28013429e-03])}
{'img': array([[[ 0.        , -0.54760848,  0.24972938, ...,  0.88175467,
          0.96206964,  0.9985514 ],
        [ 0.54760848,  0.        ,  0.73921511, ...,  0.47948327,
          0.65560728,  0.80605786],
        [-0.24972938, -0.73921511,  0.        , ...,  0.97161628,
          0.99971428,  0.98034995],
        ...,
        [-0.88175467, -0.47948327, -0.97161628, ...,  0.        ,
         -0.21327004, -0.42358109],
        [-0.96206964, -0.65560728, -0.99971428, ...,  0.21327004,
          0.        , -0.22064346],
        [-0.9985514 , -0.80605786, -0.98034995, ...,  0.42358109,
          0.22064346,  0.        ]],

       [[ 0.        , -0.05902833, -0.13026176, ..., -0.71099679,
         -0.44698856, -0.63701802],
        [ 0.05902833,  0.        , -0.07150924, ..., -0.66824859,
         -0.39340597, -0.59040533],
        [ 0.13026176,  0.07150924,  0.        , ..., -0.61333939,
         -0.32665575, -0.53117826],
        ...,
        [ 0.71099679,  0.66824859,  0.61333939, ...,  0.        ,
          0.3216946 ,  0.10012305],
        [ 0.44698856,  0.39340597,  0.32665575, ..., -0.3216946 ,
          0.        , -0.22527724],
        [ 0.63701802,  0.59040533,  0.53117826, ..., -0.10012305,
          0.22527724,  0.        ]],

       [[ 0.        ,  0.38180616,  0.61583035, ...,  0.12285814,
          0.        ,  0.34283965],
        [-0.38180616,  0.        ,  0.26835956, ...,  0.49246439,
          0.38180616,  0.67553334],
        [-0.61583035, -0.26835956,  0.        , ...,  0.70796229,
          0.61583035,  0.84862338],
        ...,
        [-0.12285814, -0.49246439, -0.70796229, ...,  0.        ,
          0.12285814, -0.22483019],
        [-0.        , -0.38180616, -0.61583035, ..., -0.12285814,
          0.        , -0.34283965],
        [-0.34283965, -0.67553334, -0.84862338, ...,  0.22483019,
          0.34283965,  0.        ]],

       ...,

       [[ 0.        , -0.23906527, -0.26418439, ..., -0.46326752,
         -0.41557821, -0.50738181],
        [ 0.23906527,  0.        , -0.02595216, ..., -0.23797032,
         -0.1860843 , -0.28666187],
        [ 0.26418439,  0.02595216,  0.        , ..., -0.21268355,
         -0.16052275, -0.26170232],
        ...,
        [ 0.46326752,  0.23797032,  0.21268355, ...,  0.        ,
          0.05307533, -0.05044363],
        [ 0.41557821,  0.1860843 ,  0.16052275, ..., -0.05307533,
          0.        , -0.10338029],
        [ 0.50738181,  0.28666187,  0.26170232, ...,  0.05044363,
          0.10338029,  0.        ]],

       [[ 0.        ,  0.32746337,  0.58945235, ...,  0.24097815,
          0.        ,  0.25214905],
        [-0.32746337,  0.        ,  0.29242629, ...,  0.54550476,
          0.32746337,  0.55512904],
        [-0.58945235, -0.29242629,  0.        , ...,  0.76674442,
          0.58945235,  0.77409301],
        ...,
        [-0.24097815, -0.54550476, -0.76674442, ...,  0.        ,
          0.24097815, -0.01152659],
        [-0.        , -0.32746337, -0.58945235, ..., -0.24097815,
          0.        , -0.25214905],
        [-0.25214905, -0.55512904, -0.77409301, ...,  0.01152659,
          0.25214905,  0.        ]],

       [[ 0.        ,  0.35923194,  0.31432548, ...,  0.61760354,
          0.52405357,  0.13353575],
        [-0.35923194,  0.        , -0.04768064, ...,  0.85890964,
          0.79502467,  0.48063667],
        [-0.31432548,  0.04768064,  0.        , ...,  0.83351419,
          0.76519846,  0.43827791],
        ...,
        [-0.61760354, -0.85890964, -0.83351419, ...,  0.        ,
          0.11384118,  0.5070478 ],
        [-0.52405357, -0.79502467, -0.76519846, ..., -0.11384118,
          0.        ,  0.40562971],
        [-0.13353575, -0.48063667, -0.43827791, ..., -0.5070478 ,
