state_0,state_1,state_2,state_3,state_4,state_5,state_6,state_7,state_8,state_9,state_10,state_11,state_12,state_13,state_14,state_15,state_16,state_17,state_18,state_19,state_20,state_21,state_22,state_23,state_24,state_25,state_26,state_27,state_28,state_29,state_30,state_31,state_32,state_33,state_34,state_35,state_36,state_37,state_38,state_39,state_40,state_41,state_42,state_43,state_44,state_45,state_46,state_47,state_48,state_49,state_50,state_51,state_52,state_53,state_54,state_55,state_56,state_57,state_58,state_59,state_60,state_61,state_62,state_63,state_64,state_65,state_66,state_67,state_68,state_69,state_70,state_71,state_72,state_73,state_74,state_75,state_76,state_77,state_78,state_79,state_80,state_81,state_82,state_83,state_84,state_85,state_86,state_87,state_88,state_89,state_90,state_91,state_92,state_93,state_94,state_95,state_96,state_97,state_98,state_99,state_100,state_101,state_102,state_103,state_104,state_105,state_106,state_107,state_108,state_109,state_110,state_111,state_112,state_113,state_114,state_115,state_116,state_117,state_118,state_119,state_120,state_121,state_122,state_123,state_124,state_125,state_126,state_127,state_128,state_129,state_130,state_131,state_132,state_133,state_134,state_135,state_136,state_137,state_138,state_139,state_140,state_141,state_142,state_143,state_144,state_145,state_146,state_147,state_148,state_149,state_150,state_151,state_152,state_153,state_154,state_155,state_156,state_157,state_158,state_159,state_160,state_161,state_162,state_163,state_164,state_165,state_166,state_167,state_168,state_169,state_170,state_171,state_172,state_173,state_174,state_175,state_176,state_177,state_178,state_179,state_180,state_181,state_182,state_183,state_184,state_185,state_186,state_187,state_188,state_189,state_190,state_191,state_192,state_193,state_194,state_195,state_196,state_197,state_198,state_199,state_200,state_201,state_202,state_203,state_204,state_205,state_206,state_207,state_208,state_209,state_210,state_211,state_212,state_213,state_214,state_215,state_216,state_217,state_218,state_219,state_220,state_221,state_222,state_223,state_224,state_225,state_226,state_227,state_228,state_229,state_230,state_231,state_232,state_233,state_234,state_235,state_236,state_237,state_238,state_239,state_240,state_241,state_242,state_243,state_244,state_245,state_246,state_247,state_248,state_249,state_250,state_251,state_252,state_253,state_254,state_255,state_256,state_257,state_258,state_259,state_260,state_261,state_262,state_263,state_264,state_265,state_266,state_267,state_268,state_269,state_270,state_271,state_272,state_273,state_274,state_275,state_276,state_277,state_278,state_279,state_280,state_281,state_282,state_283,state_284,state_285,state_286,state_287
{'img': array([[[ 0.        ,  0.04990671, -0.0165851 , ..., -0.6886074 ,
         -0.9958592 , -0.85267793],
        [-0.04990671,  0.        , -0.06646428, ..., -0.72393839,
         -0.99008126, -0.87768851],
        [ 0.0165851 ,  0.06646428,  0.        , ..., -0.67648627,
         -0.99722996, -0.84389598],
        ...,
        [ 0.6886074 ,  0.72393839,  0.67648627, ...,  0.        ,
         -0.78473239, -0.25855213],
        [ 0.9958592 ,  0.99008126,  0.99722996, ...,  0.78473239,
          0.        ,  0.5977898 ],
        [ 0.85267793,  0.87768851,  0.84389598, ...,  0.25855213,
         -0.5977898 ,  0.        ]],

       [[ 0.        , -0.23988005, -0.39720857, ..., -0.3139717 ,
         -0.18790373, -0.35803998],
        [ 0.23988005,  0.        , -0.16546637, ..., -0.07705465,
          0.05318976, -0.12360862],
        [ 0.39720857,  0.16546637,  0.        , ...,  0.08898193,
          0.21768869,  0.04229269],
        ...,
        [ 0.3139717 ,  0.07705465, -0.08898193, ...,  0.        ,
          0.12997719, -0.04677739],
        [ 0.18790373, -0.05318976, -0.21768869, ..., -0.12997719,
          0.        , -0.17621548],
        [ 0.35803998,  0.12360862, -0.04229269, ...,  0.04677739,
          0.17621548,  0.        ]],

       [[ 0.        , -0.10379468, -0.31426908, ..., -0.9998334 ,
         -0.96845878, -0.62376844],
        [ 0.10379468,  0.        , -0.21403582, ..., -0.99632759,
         -0.9890908 , -0.70152618],
        [ 0.31426908,  0.21403582,  0.        , ..., -0.95491207,
         -0.99769842, -0.83780016],
        ...,
        [ 0.9998334 ,  0.99632759,  0.95491207, ...,  0.        ,
         -0.23145529, -0.7700935 ],
        [ 0.96845878,  0.9890908 ,  0.99769842, ...,  0.23145529,
          0.        , -0.60152952],
        [ 0.62376844,  0.70152618,  0.83780016, ...,  0.7700935 ,
          0.60152952,  0.        ]],

       ...,

       [[ 0.        ,  0.11297229, -0.12295665, ..., -0.85255536,
         -0.92482545, -0.76925566],
        [-0.11297229,  0.        , -0.23428456, ..., -0.90614091,
         -0.96187857, -0.83651363],
        [ 0.12295665,  0.23428456,  0.        , ..., -0.78182451,
         -0.87103622, -0.68485652],
        ...,
        [ 0.85255536,  0.90614091,  0.78182451, ...,  0.        ,
         -0.15904291,  0.14269124],
        [ 0.92482545,  0.96187857,  0.87103622, ...,  0.15904291,
          0.        ,  0.29829048],
        [ 0.76925566,  0.83651363,  0.68485652, ..., -0.14269124,
         -0.29829048,  0.        ]],

       [[ 0.        ,  0.05932217,  0.09116103, ..., -0.99422312,
         -0.89729978, -0.95703206],
        [-0.05932217,  0.        ,  0.03192533, ..., -0.99883942,
         -0.92190563, -0.97254899],
        [-0.09116103, -0.03192533,  0.        , ..., -0.99986793,
         -0.93380403, -0.97948221],
        ...,
        [ 0.99422312,  0.99883942,  0.99986793, ...,  0.        ,
          0.34256174,  0.18558579],
        [ 0.89729978,  0.92190563,  0.93380403, ..., -0.34256174,
          0.        , -0.16225379],
        [ 0.95703206,  0.97254899,  0.97948221, ..., -0.18558579,
          0.16225379,  0.        ]],

       [[ 0.        ,  0.22281485,  0.44218486, ...,  0.91213118,
          0.60120812,  0.24551938],
        [-0.22281485,  0.        ,  0.2312207 , ...,  0.79786946,
          0.40804455,  0.02335235],
        [-0.44218486, -0.2312207 ,  0.        , ...,  0.63686142,
          0.18589136, -0.20843811],
        ...,
        [-0.91213118, -0.79786946, -0.63686142, ...,  0.        ,
         -0.48244292, -0.78357438],
        [-0.60120812, -0.40804455, -0.18589136, ...,  0.48244292,
          0.        , -0.38661346],
        [-0.24551938, -0.02335235,  0.20843811, ...,  0.78357438,
          0.38661346,  0.        ]]]), 'num': array([7.07106301e-01, 7.07106301e-01, 0.00000000e+00, 0.00000000e+00,
       2.66177494e-04, 2.66756141e-04, 2.53447266e-04, 8.77448324e-04,
       7.52240745e-06, 2.62705614e-04, 2.77200715e-04, 2.87799594e-04,
       4.71489926e-07, 2.98110529e-04, 2.56290901e-04])}
{'img': array([[[ 0.        , -0.06646428,  0.44917828, ..., -0.99008126,
         -0.87768851, -0.69472312],
        [ 0.06646428,  0.        ,  0.50756705, ..., -0.99722996,
         -0.84389598, -0.6453807 ],
        [-0.44917828, -0.50756705,  0.        , ..., -0.82147264,
         -0.99942431, -0.94377864],
        ...,
        [ 0.99008126,  0.99722996,  0.82147264, ...,  0.        ,
          0.5977898 ,  0.80974868],
        [ 0.87768851,  0.84389598,  0.99942431, ..., -0.5977898 ,
          0.        ,  0.29836815],
        [ 0.69472312,  0.6453807 ,  0.94377864, ..., -0.80974868,
         -0.29836815,  0.        ]],

       [[ 0.        , -0.16546637,  0.84286148, ...,  0.05318976,
         -0.12360862, -0.36145844],
        [ 0.16546637,  0.        ,  0.92028551, ...,  0.21768869,
          0.04229269, -0.202197  ],
        [-0.84286148, -0.92028551,  0.        , ..., -0.81304531,
         -0.90291519, -0.98038596],
        ...,
        [-0.05318976, -0.21768869,  0.81304531, ...,  0.        ,
         -0.17621548, -0.41054027],
        [ 0.12360862, -0.04229269,  0.90291519, ...,  0.17621548,
          0.        , -0.24343521],
        [ 0.36145844,  0.202197  ,  0.98038596, ...,  0.41054027,
          0.24343521,  0.        ]],

       [[ 0.        , -0.20630562, -0.21273985, ..., -0.99993687,
         -0.9475634 , -0.68373571],
        [ 0.20630562,  0.        , -0.00658025, ..., -0.98074391,
         -0.99310768, -0.81957426],
        [ 0.21273985,  0.00658025,  0.        , ..., -0.97943757,
         -0.99385742, -0.82332682],
        ...,
        [ 0.99993687,  0.98074391,  0.97943757, ...,  0.        ,
         -0.3089007 , -0.72200111],
        [ 0.9475634 ,  0.99310768,  0.99385742, ...,  0.3089007 ,
          0.        , -0.47296525],
        [ 0.68373571,  0.81957426,  0.82332682, ...,  0.72200111,
          0.47296525,  0.        ]],

       ...,

       [[ 0.        , -0.23428456, -0.19167988, ..., -0.96187857,
         -0.83651363, -0.79127635],
        [ 0.23428456,  0.        ,  0.04359528, ..., -0.87103622,
         -0.68485652, -0.62599826],
        [ 0.19167988, -0.04359528,  0.        , ..., -0.89162292,
         -0.71597233, -0.65939977],
        ...,
        [ 0.96187857,  0.87103622,  0.89162292, ...,  0.        ,
          0.29829048,  0.37175323],
        [ 0.83651363,  0.68485652,  0.71597233, ..., -0.29829048,
          0.        ,  0.07791674],
        [ 0.79127635,  0.62599826,  0.65939977, ..., -0.37175323,
         -0.07791674,  0.        ]],

       [[ 0.        ,  0.03166599,  0.26899495, ..., -0.91346841,
         -0.96501518, -0.95712894],
        [-0.03166599,  0.        ,  0.23836122, ..., -0.92589551,
         -0.97283386, -0.94747651],
        [-0.26899495, -0.23836122,  0.        , ..., -0.98925606,
         -0.99997512, -0.84393302],
        ...,
        [ 0.91346841,  0.92589551,  0.98925606, ...,  0.        ,
         -0.15316802, -0.65406226],
        [ 0.96501518,  0.97283386,  0.99997512, ...,  0.15316802,
          0.        , -0.53048191],
        [ 0.95712894,  0.94747651,  0.84393302, ...,  0.65406226,
          0.53048191,  0.        ]],

       [[ 0.        ,  0.18734268,  0.28804177, ...,  0.35172043,
          0.01641831, -0.32066649],
        [-0.18734268,  0.        ,  0.10353919, ...,  0.17012065,
         -0.1711898 , -0.49243848],
        [-0.28804177, -0.10353919,  0.        , ...,  0.06717639,
         -0.27228048, -0.57990686],
        ...,
        [-0.35172043, -0.17012065, -0.06717639, ...,  0.        ,
         -0.33630375, -0.63332436],
        [-0.01641831,  0.1711898 ,  0.27228048, ...,  0.33630375,
          0.        , -0.33617456],
        [ 0.32066649,  0.49243848,  0.57990686, ...,  0.63332436,
          0.33617456,  0.        ]]]), 'num': array([ 9.99998865e-01,  5.42399421e-05,  4.32876461e-05, -2.31320413e-10,
        3.76485175e-04,  3.78114981e-04,  3.69151048e-04,  1.04336918e-03,
        1.62980595e-06,  3.68662107e-04,  3.88871700e-04,  4.04735145e-04,
        6.07182610e-07,  4.17919763e-04,  3.59823638e-04])}
{'img': array([[[ 0.        ,  0.50756705,  0.35286959, ..., -0.84389598,
         -0.6453807 , -0.61412181],
        [-0.50756705,  0.        , -0.17087978, ..., -0.99942431,
         -0.94377864, -0.92971251],
        [-0.35286959,  0.17087978,  0.        , ..., -0.97892722,
         -0.87340833, -0.85310555],
        ...,
        [ 0.84389598,  0.99942431,  0.97892722, ...,  0.        ,
          0.29836815,  0.33653166],
        [ 0.6453807 ,  0.94377864,  0.87340833, ..., -0.29836815,
          0.        ,  0.04023796],
        [ 0.61412181,  0.92971251,  0.85310555, ..., -0.33653166,
         -0.04023796,  0.        ]],

       [[ 0.        ,  0.91323663,  0.22542186, ...,  0.03978003,
         -0.17070606, -0.31914789],
        [-0.91323663,  0.        , -0.79788753, ..., -0.89630621,
         -0.96938284, -0.99550914],
        [-0.22542186,  0.79788753,  0.        , ..., -0.18648729,
         -0.38842542, -0.52456683],
        ...,
        [-0.03978003,  0.89630621,  0.18648729, ...,  0.        ,
         -0.20976708, -0.356595  ],
        [ 0.17070606,  0.96938284,  0.38842542, ...,  0.20976708,
          0.        , -0.15268446],
        [ 0.31914789,  0.99550914,  0.52456683, ...,  0.356595  ,
          0.15268446,  0.        ]],

       [[ 0.        , -0.00649147, -0.03216248, ..., -0.99874874,
         -0.94629946, -0.81318121],
        [ 0.00649147,  0.        , -0.02567369, ..., -0.99905233,
         -0.94837816, -0.81694218],
        [ 0.03216248,  0.02567369,  0.        , ..., -0.99984047,
         -0.95620775, -0.83147942],
        ...,
        [ 0.99874874,  0.99905233,  0.99984047, ...,  0.        ,
         -0.27556279, -0.54061544],
        [ 0.94629946,  0.94837816,  0.95620775, ...,  0.27556279,
          0.        , -0.28786181],
        [ 0.81318121,  0.81694218,  0.83147942, ...,  0.54061544,
          0.28786181,  0.        ]],

       ...,

       [[ 0.        ,  0.04359528,  0.372157  , ..., -0.68485652,
         -0.62599826, -0.73241787],
        [-0.04359528,  0.        ,  0.33133935, ..., -0.71597233,
         -0.65939977, -0.76140363],
        [-0.372157  , -0.33133935,  0.        , ..., -0.90684573,
         -0.8712498 , -0.93319324],
        ...,
        [ 0.68485652,  0.71597233,  0.90684573, ...,  0.        ,
          0.07791674, -0.0674085 ],
        [ 0.62599826,  0.65939977,  0.8712498 , ..., -0.07791674,
          0.        , -0.14494308],
        [ 0.73241787,  0.76140363,  0.93319324, ...,  0.0674085 ,
          0.14494308,  0.        ]],

       [[ 0.        ,  0.22921169,  0.34171502, ..., -0.93401747,
         -0.99377648, -0.93376567],
        [-0.22921169,  0.        ,  0.11720343, ..., -0.99103143,
         -0.99285125, -0.82687422],
        [-0.34171502, -0.11720343,  0.        , ..., -0.99986294,
         -0.97201925, -0.75526167],
        ...,
        [ 0.93401747,  0.99103143,  0.99986294, ...,  0.        ,
         -0.2509615 , -0.66783747],
        [ 0.99377648,  0.99285125,  0.97201925, ...,  0.2509615 ,
          0.        , -0.45967228],
        [ 0.93376567,  0.82687422,  0.75526167, ...,  0.66783747,
          0.45967228,  0.        ]],

       [[ 0.        ,  0.09017013,  0.25359876, ..., -0.13718183,
         -0.2839837 , -0.56509595],
        [-0.09017013,  0.        ,  0.16534327, ..., -0.22594066,
         -0.3692846 , -0.63718659],
        [-0.25359876, -0.16534327,  0.        , ..., -0.3838985 ,
         -0.517858  , -0.75584805],
        ...,
        [ 0.13718183,  0.22594066,  0.3838985 , ...,  0.        ,
         -0.14976495, -0.446575  ],
        [ 0.2839837 ,  0.3692846 ,  0.517858  , ...,  0.14976495,
          0.        , -0.30753674],
        [ 0.56509595,  0.63718659,  0.75584805, ...,  0.446575  ,
          0.30753674,  0.        ]]]), 'num': array([ 7.49992885e-01,  6.61445195e-01,  3.90077929e-06,  3.37781250e-09,
        2.78451855e-04,  2.83358495e-04,  2.74771874e-04,  5.17846850e-04,
       -4.90664061e-06,  2.76979862e-04,  2.91270453e-04,  3.04150385e-04,
        4.54023563e-07,  3.12982338e-04,  2.69558569e-04])}
{'img': array([[[ 0.        , -0.17087978,  0.04082079, ..., -0.94377864,
         -0.92971251, -0.97842943],
        [ 0.17087978,  0.        ,  0.21095774, ..., -0.87340833,
         -0.85310555, -0.928738  ],
        [-0.04082079, -0.21095774,  0.        , ..., -0.95648645,
         -0.94397131, -0.98604671],
        ...,
        [ 0.94377864,  0.87340833,  0.95648645, ...,  0.        ,
          0.04023796, -0.12848026],
        [ 0.92971251,  0.85310555,  0.94397131, ..., -0.04023796,
          0.        , -0.16828068],
        [ 0.97842943,  0.928738  ,  0.98604671, ...,  0.12848026,
          0.16828068,  0.        ]],

       [[ 0.        , -0.78259833, -0.80607511, ..., -0.94250041,
         -0.95812155, -0.99655484],
        [ 0.78259833,  0.        , -0.03865145, ..., -0.32518368,
         -0.37235023, -0.55547639],
        [ 0.80607511,  0.03865145,  0.        , ..., -0.28838991,
         -0.33619988, -0.52292139],
        ...,
        [ 0.94250041,  0.32518368,  0.28838991, ...,  0.        ,
         -0.05031285, -0.25488601],
        [ 0.95812155,  0.37235023,  0.33619988, ...,  0.05031285,
          0.        , -0.20591212],
        [ 0.99655484,  0.55547639,  0.52292139, ...,  0.25488601,
          0.20591212,  0.        ]],

       [[ 0.        , -0.025502  ,  0.18619412, ..., -0.96541053,
         -0.91506523, -0.81379515],
        [ 0.025502  ,  0.        ,  0.21118961, ..., -0.9717458 ,
         -0.92505273, -0.82835101],
        [-0.18619412, -0.21118961,  0.        , ..., -0.89998113,
         -0.82397028, -0.69135724],
        ...,
        [ 0.96541053,  0.9717458 ,  0.89998113, ...,  0.        ,
         -0.1507666 , -0.34886558],
        [ 0.91506523,  0.92505273,  0.82397028, ...,  0.1507666 ,
          0.        , -0.20358348],
        [ 0.81379515,  0.82835101,  0.69135724, ...,  0.34886558,
          0.20358348,  0.        ]],

       ...,

       [[ 0.        ,  0.33133935,  0.44484928, ..., -0.65939977,
         -0.76140363, -0.76807002],
        [-0.33133935,  0.        ,  0.12297115, ..., -0.8712498 ,
         -0.93319324, -0.93686143],
        [-0.44484928, -0.12297115,  0.        , ..., -0.92499637,
         -0.97030329, -0.97275399],
        ...,
        [ 0.65939977,  0.8712498 ,  0.92499637, ...,  0.        ,
         -0.14494308, -0.15517217],
        [ 0.76140363,  0.93319324,  0.97030329, ...,  0.14494308,
          0.        , -0.0103461 ],
        [ 0.76807002,  0.93686143,  0.97275399, ...,  0.15517217,
          0.0103461 ,  0.        ]],

       [[ 0.        ,  0.11302362,  0.26973992, ..., -0.99881891,
         -0.98963332, -0.80922114],
        [-0.11302362,  0.        ,  0.1591773 , ..., -0.99791036,
         -0.96705992, -0.73763404],
        [-0.26973992, -0.1591773 ,  0.        , ..., -0.97490201,
         -0.91421153, -0.62075259],
        ...,
        [ 0.99881891,  0.99791036,  0.97490201, ...,  0.        ,
         -0.19153175, -0.62612865],
        [ 0.98963332,  0.96705992,  0.91421153, ...,  0.19153175,
          0.        , -0.46519568],
        [ 0.80922114,  0.73763404,  0.62075259, ...,  0.62612865,
          0.46519568,  0.        ]],

       [[ 0.        ,  0.1474849 ,  0.32307977, ..., -0.29028004,
         -0.39479385, -0.7060022 ],
        [-0.1474849 ,  0.        ,  0.17997113, ..., -0.42824008,
         -0.52598116, -0.8027318 ],
        [-0.32307977, -0.17997113,  0.        , ..., -0.58388135,
         -0.67045765, -0.89694874],
        ...,
        [ 0.29028004,  0.42824008,  0.58388135, ...,  0.        ,
         -0.11109419, -0.47002385],
        [ 0.39479385,  0.52598116,  0.67045765, ...,  0.11109419,
          0.        , -0.36905665],
        [ 0.7060022 ,  0.8027318 ,  0.89694874, ...,  0.47002385,
          0.36905665,  0.        ]]]), 'num': array([9.92940923e-01, 1.18564971e-01, 3.61312377e-05, 8.66788010e-10,
       3.71600489e-04, 3.73136029e-04, 3.53174019e-04, 3.09818069e-03,
       2.30330882e-05, 3.54248896e-04, 3.64076347e-04, 3.80148324e-04,
       7.76697160e-07, 3.90237357e-04, 3.37915337e-04])}
{'img': array([[[ 0.        ,  0.21095774,  0.05539487, ..., -0.85310555,
         -0.928738  , -0.58617652],
        [-0.21095774,  0.        , -0.1564856 , ..., -0.94397131,
         -0.98604671, -0.74389917],
        [-0.05539487,  0.1564856 ,  0.        , ..., -0.88069726,
         -0.94784886, -0.63015646],
        ...,
        [ 0.85310555,  0.94397131,  0.88069726, ...,  0.        ,
         -0.16828068,  0.38534116],
        [ 0.928738  ,  0.98604671,  0.94784886, ...,  0.16828068,
          0.        ,  0.53513092],
        [ 0.58617652,  0.74389917,  0.63015646, ..., -0.38534116,
         -0.53513092,  0.        ]],

       [[ 0.        , -0.03865145, -0.10878251, ..., -0.37235023,
         -0.55547639, -0.02130297],
        [ 0.03865145,  0.        , -0.07027914, ..., -0.33619988,
         -0.52292139,  0.01735563],
        [ 0.10878251,  0.07027914,  0.        , ..., -0.26918034,
         -0.46172379,  0.08758127],
        ...,
        [ 0.37235023,  0.33619988,  0.26918034, ...,  0.        ,
         -0.20591212,  0.35249461],
        [ 0.55547639,  0.52292139,  0.46172379, ...,  0.20591212,
          0.        ,  0.53763623],
        [ 0.02130297, -0.01735563, -0.08758127, ..., -0.35249461,
         -0.53763623,  0.        ]],

       [[ 0.        ,  0.21118961,  0.37046756, ..., -0.92505273,
         -0.82835101, -0.990502  ],
        [-0.21118961,  0.        ,  0.16594921, ..., -0.82397028,
         -0.69135724, -0.99719955],
        [-0.37046756, -0.16594921,  0.        , ..., -0.71851306,
         -0.56187061, -0.97096189],
        ...,
        [ 0.92505273,  0.82397028,  0.71851306, ...,  0.        ,
         -0.20358348,  0.50342418],
        [ 0.82835101,  0.69135724,  0.56187061, ...,  0.20358348,
          0.        ,  0.66878541],
        [ 0.990502  ,  0.99719955,  0.97096189, ..., -0.50342418,
         -0.66878541,  0.        ]],

       ...,

       [[ 0.        ,  0.12297115, -0.13504151, ..., -0.93319324,
         -0.93686143, -0.61354858],
        [-0.12297115,  0.        , -0.25586131, ..., -0.97030329,
         -0.97275399, -0.70599693],
        [ 0.13504151,  0.25586131,  0.        , ..., -0.8761146 ,
         -0.88105559, -0.50129197],
        ...,
        [ 0.93319324,  0.97030329,  0.8761146 , ...,  0.        ,
         -0.0103461 ,  0.51640855],
        [ 0.93686143,  0.97275399,  0.88105559, ...,  0.0103461 ,
          0.        ,  0.52524071],
        [ 0.61354858,  0.70599693,  0.50129197, ..., -0.51640855,
         -0.52524071,  0.        ]],

       [[ 0.        ,  0.155169  ,  0.1761681 , ..., -0.99257502,
         -0.94290222, -0.72439324],
        [-0.155169  ,  0.        ,  0.02129216, ..., -0.96167906,
         -0.87979965, -0.60864785],
        [-0.1761681 , -0.02129216,  0.        , ..., -0.95562321,
         -0.86947908, -0.5916158 ],
        ...,
        [ 0.99257502,  0.96167906,  0.95562321, ...,  0.        ,
         -0.21590763, -0.59615745],
        [ 0.94290222,  0.87979965,  0.86947908, ...,  0.21590763,
          0.        , -0.40875113],
        [ 0.72439324,  0.60864785,  0.5916158 , ...,  0.59615745,
          0.40875113,  0.        ]],

       [[ 0.        ,  0.17997113,  0.38044152, ..., -0.52598116,
         -0.8027318 , -0.66242946],
        [-0.17997113,  0.        ,  0.20779142, ..., -0.67045765,
         -0.89694874, -0.78643399],
        [-0.38044152, -0.20779142,  0.        , ..., -0.80999407,
         -0.96924295, -0.89761604],
        ...,
        [ 0.52598116,  0.67045765,  0.80999407, ...,  0.        ,
         -0.36905665, -0.16936848],
        [ 0.8027318 ,  0.89694874,  0.96924295, ...,  0.36905665,
          0.        ,  0.20631258],
        [ 0.66242946,  0.78643399,  0.89761604, ...,  0.16936848,
         -0.20631258,  0.        ]]]), 'num': array([ 7.07105537e-01,  7.07105537e-01,  0.00000000e+00,  6.22013912e-08,
        2.62821795e-04,  2.70487431e-04,  2.59536523e-04,  1.72288447e-03,
       -2.19018163e-06,  2.56251250e-04,  2.59372259e-04,  2.70733826e-04,
        5.41323300e-07,  2.77670765e-04,  2.41073754e-04])}
{'img': array([[[ 0.00000000e+00, -1.56485599e-01, -4.08207899e-02, ...,
         -9.86046705e-01, -7.43899172e-01, -7.87490724e-01],
        [ 1.56485599e-01,  0.00000000e+00,  1.16037278e-01, ...,
         -9.47848861e-01, -6.30156460e-01, -6.81342806e-01],
        [ 4.08207899e-02, -1.16037278e-01,  0.00000000e+00, ...,
         -9.78429428e-01, -7.15998918e-01, -7.61675403e-01],
        ...,
        [ 9.86046705e-01,  9.47848861e-01,  9.78429428e-01, ...,
          0.00000000e+00,  5.35130918e-01,  4.76634003e-01],
        [ 7.43899172e-01,  6.30156460e-01,  7.15998918e-01, ...,
         -5.35130918e-01,  0.00000000e+00, -6.77888722e-02],
        [ 7.87490724e-01,  6.81342806e-01,  7.61675403e-01, ...,
         -4.76634003e-01,  6.77888722e-02,  0.00000000e+00]],

       [[ 0.00000000e+00, -7.02791409e-02, -3.19817013e-02, ...,
         -5.22921386e-01,  1.73556297e-02, -6.99140173e-02],
        [ 7.02791409e-02,  0.00000000e+00,  3.83405677e-02, ...,
         -4.61723793e-01,  8.75812710e-02,  3.66023928e-04],
        [ 3.19817013e-02, -3.83405677e-02,  0.00000000e+00, ...,
         -4.95393296e-01,  4.93236357e-02, -3.79748103e-02],
        ...,
        [ 5.22921386e-01,  4.61723793e-01,  4.95393296e-01, ...,
          0.00000000e+00,  5.37636231e-01,  4.62048434e-01],
        [-1.73556297e-02, -8.75812710e-02, -4.93236357e-02, ...,
         -5.37636231e-01,  0.00000000e+00, -8.72166476e-02],
        [ 6.99140173e-02, -3.66023928e-04,  3.79748103e-02, ...,
         -4.62048434e-01,  8.72166476e-02,  0.00000000e+00]],

       [[ 0.00000000e+00,  1.65949215e-01,  5.52944668e-01, ...,
         -6.91357242e-01, -9.97199554e-01, -9.87851777e-01],
        [-1.65949215e-01,  0.00000000e+00,  4.07005834e-01, ...,
         -5.61870610e-01, -9.70961892e-01, -9.99942872e-01],
        [-5.52944668e-01, -4.07005834e-01,  0.00000000e+00, ...,
         -1.76541521e-01, -7.89531691e-01, -9.09022937e-01],
        ...,
        [ 6.91357242e-01,  5.61870610e-01,  1.76541521e-01, ...,
          0.00000000e+00,  6.68785409e-01,  8.21172102e-01],
        [ 9.97199554e-01,  9.70961892e-01,  7.89531691e-01, ...,
         -6.68785409e-01,  0.00000000e+00,  2.28842036e-01],
        [ 9.87851777e-01,  9.99942872e-01,  9.09022937e-01, ...,
         -8.21172102e-01, -2.28842036e-01,  0.00000000e+00]],

       ...,

       [[ 0.00000000e+00, -2.55861310e-01, -3.57012507e-01, ...,
         -9.72753991e-01, -7.05996928e-01, -7.38333792e-01],
        [ 2.55861310e-01,  0.00000000e+00, -1.06128861e-01, ...,
         -8.81055591e-01, -5.01291970e-01, -5.41195299e-01],
        [ 3.57012507e-01,  1.06128861e-01,  0.00000000e+00, ...,
         -8.25879425e-01, -4.06629876e-01, -4.48895402e-01],
        ...,
        [ 9.72753991e-01,  8.81055591e-01,  8.25879425e-01, ...,
          0.00000000e+00,  5.25240710e-01,  4.84884675e-01],
        [ 7.05996928e-01,  5.01291970e-01,  4.06629876e-01, ...,
         -5.25240710e-01,  0.00000000e+00, -4.67496137e-02],
        [ 7.38333792e-01,  5.41195299e-01,  4.48895402e-01, ...,
         -4.84884675e-01,  4.67496137e-02,  0.00000000e+00]],

       [[ 0.00000000e+00,  2.10036408e-02, -3.79726855e-02, ...,
         -9.20497209e-01, -8.18655235e-01, -6.02049984e-01],
        [-2.10036408e-02,  0.00000000e+00, -5.89528012e-02, ...,
         -9.12086992e-01, -8.06412557e-01, -5.85146638e-01],
        [ 3.79726855e-02,  5.89528012e-02,  0.00000000e+00, ...,
         -9.34671120e-01, -8.39871957e-01, -6.31935382e-01],
        ...,
        [ 9.20497209e-01,  9.12086992e-01,  9.34671120e-01, ...,
          0.00000000e+00, -2.08739189e-01, -4.99728217e-01],
        [ 8.18655235e-01,  8.06412557e-01,  8.39871957e-01, ...,
          2.08739189e-01,  0.00000000e+00, -3.07913693e-01],
        [ 6.02049984e-01,  5.85146638e-01,  6.31935382e-01, ...,
          4.99728217e-01,  3.07913693e-01,  0.00000000e+00]],

       [[ 0.00000000e+00,  2.07791424e-01,  4.66411831e-01, ...,
         -8.96948737e-01, -7.86433986e-01, -7.71134708e-01],
        [-2.07791424e-01,  0.00000000e+00,  2.72425952e-01, ...,
         -9.69242946e-01, -8.97616044e-01, -8.86598258e-01],
        [-4.66411831e-01, -2.72425952e-01,  0.00000000e+00, ...,
         -9.99628662e-01, -9.83744715e-01, -9.79072213e-01],
        ...,
        [ 8.96948737e-01,  9.69242946e-01,  9.99628662e-01, ...,
          0.00000000e+00,  2.06312577e-01,  2.30116865e-01],
        [ 7.86433986e-01,  8.97616044e-01,  9.83744715e-01, ...,
         -2.06312577e-01,  0.00000000e+00,  2.43903955e-02],
        [ 7.71134708e-01,  8.86598258e-01,  9.79072213e-01, ...,
         -2.30116865e-01, -2.43903955e-02,  0.00000000e+00]]]), 'num': array([9.07342775e-01, 4.20387318e-01, 1.98757329e-05, 7.88364112e-08,
       3.40528291e-04, 3.42613158e-04, 3.30103956e-04, 1.64169384e-03,
       6.94955697e-06, 3.29409000e-04, 3.29478496e-04, 3.43134375e-04,
       6.83042171e-07, 3.53102492e-04, 3.05854499e-04])}
{'img': array([[[ 0.00000000e+00,  1.16037278e-01, -7.35083734e-02, ...,
         -6.30156460e-01, -6.81342806e-01, -5.49314071e-01],
        [-1.16037278e-01,  0.00000000e+00, -1.88735165e-01, ...,
         -7.15998918e-01, -7.61675403e-01, -6.42565979e-01],
        [ 7.35083734e-02,  1.88735165e-01,  0.00000000e+00, ...,
         -5.71374721e-01, -6.25693984e-01, -4.86403185e-01],
        ...,
        [ 6.30156460e-01,  7.15998918e-01,  5.71374721e-01, ...,
          0.00000000e+00, -6.77888722e-02,  1.00043905e-01],
        [ 6.81342806e-01,  7.61675403e-01,  6.25693984e-01, ...,
          6.77888722e-02,  0.00000000e+00,  1.67262550e-01],
        [ 5.49314071e-01,  6.42565979e-01,  4.86403185e-01, ...,
         -1.00043905e-01, -1.67262550e-01,  0.00000000e+00]],

       [[ 0.00000000e+00,  3.83405677e-02, -1.48340697e-02, ...,
          8.75812710e-02,  3.66023928e-04, -9.10984572e-02],
        [-3.83405677e-02,  0.00000000e+00, -5.31595117e-02, ...,
          4.93236357e-02, -3.79748103e-02, -1.29212619e-01],
        [ 1.48340697e-02,  5.31595117e-02,  0.00000000e+00, ...,
          1.02348702e-01,  1.52000524e-02, -7.63160455e-02],
        ...,
        [-8.75812710e-02, -4.93236357e-02, -1.02348702e-01, ...,
          0.00000000e+00, -8.72166476e-02, -1.77965499e-01],
        [-3.66023928e-04,  3.79748103e-02, -1.52000524e-02, ...,
          8.72166476e-02,  0.00000000e+00, -9.14629530e-02],
        [ 9.10984572e-02,  1.29212619e-01,  7.63160455e-02, ...,
          1.77965499e-01,  9.14629530e-02,  0.00000000e+00]],

       [[ 0.00000000e+00,  4.07005834e-01,  2.23659912e-01, ...,
         -9.70961892e-01, -9.99942872e-01, -9.85546338e-01],
        [-4.07005834e-01,  0.00000000e+00, -1.92398577e-01, ...,
         -7.89531691e-01, -9.09022937e-01, -9.69172472e-01],
        [-2.23659912e-01,  1.92398577e-01,  0.00000000e+00, ...,
         -8.92857653e-01, -9.72220892e-01, -9.98469083e-01],
        ...,
        [ 9.70961892e-01,  7.89531691e-01,  8.92857653e-01, ...,
          0.00000000e+00,  2.28842036e-01,  4.00263231e-01],
        [ 9.99942872e-01,  9.09022937e-01,  9.72220892e-01, ...,
         -2.28842036e-01,  0.00000000e+00,  1.79930784e-01],
        [ 9.85546338e-01,  9.69172472e-01,  9.98469083e-01, ...,
         -4.00263231e-01, -1.79930784e-01,  0.00000000e+00]],

       ...,

       [[ 0.00000000e+00, -1.06128861e-01, -3.96474290e-01, ...,
         -5.01291970e-01, -5.41195299e-01, -5.50997346e-01],
        [ 1.06128861e-01,  0.00000000e+00, -2.96803998e-01, ...,
         -4.06629876e-01, -4.48895402e-01, -4.59320248e-01],
        [ 3.96474290e-01,  2.96803998e-01,  0.00000000e+00, ...,
         -1.17148441e-01, -1.63448071e-01, -1.74980245e-01],
        ...,
        [ 5.01291970e-01,  4.06629876e-01,  1.17148441e-01, ...,
          0.00000000e+00, -4.67496137e-02, -5.84343353e-02],
        [ 5.41195299e-01,  4.48895402e-01,  1.63448071e-01, ...,
          4.67496137e-02,  0.00000000e+00, -1.17007150e-02],
        [ 5.50997346e-01,  4.59320248e-01,  1.74980245e-01, ...,
          5.84343353e-02,  1.17007150e-02,  0.00000000e+00]],

       [[ 0.00000000e+00, -5.89528012e-02, -1.09637857e-01, ...,
         -8.06412557e-01, -5.85146638e-01, -7.90959579e-01],
        [ 5.89528012e-02,  0.00000000e+00, -5.08497613e-02, ...,
         -8.39871957e-01, -6.31935382e-01, -8.25655276e-01],
        [ 1.09637857e-01,  5.08497613e-02,  0.00000000e+00, ...,
         -8.66385893e-01, -6.70527493e-01, -8.53275298e-01],
        ...,
        [ 8.06412557e-01,  8.39871957e-01,  8.66385893e-01, ...,
          0.00000000e+00, -3.07913693e-01, -2.56817650e-02],
        [ 5.85146638e-01,  6.31935382e-01,  6.70527493e-01, ...,
          3.07913693e-01,  0.00000000e+00,  2.83378135e-01],
        [ 7.90959579e-01,  8.25655276e-01,  8.53275298e-01, ...,
          2.56817650e-02, -2.83378135e-01,  0.00000000e+00]],

       [[ 0.00000000e+00,  2.72425952e-01,  4.43226120e-01, ...,
         -8.97616044e-01, -8.86598258e-01, -8.99053681e-01],
        [-2.72425952e-01,  0.00000000e+00,  1.82256563e-01, ...,
         -9.83744715e-01, -9.79072213e-01, -9.84327097e-01],
        [-4.43226120e-01, -1.82256563e-01,  0.00000000e+00, ...,
         -9.99996276e-01, -9.99765348e-01, -9.99981991e-01],
        ...,
        [ 8.97616044e-01,  9.83744715e-01,  9.99996276e-01, ...,
          0.00000000e+00,  2.43903955e-02, -3.27249119e-03],
        [ 8.86598258e-01,  9.79072213e-01,  9.99765348e-01, ...,
         -2.43903955e-02,  0.00000000e+00, -2.76617825e-02],
        [ 8.99053681e-01,  9.84327097e-01,  9.99981991e-01, ...,
          3.27249119e-03,  2.76617825e-02,  0.00000000e+00]]]), 'num': array([ 7.07106146e-01,  7.07106146e-01,  0.00000000e+00,  7.31585424e-08,
        2.61276453e-04,  2.67239193e-04,  2.58566116e-04,  1.11914137e-03,
       -4.33653864e-06,  2.59108184e-04,  2.56777294e-04,  2.67266297e-04,
        5.71997428e-07,  2.74892727e-04,  2.38661861e-04])}
{'img': array([[[ 0.        , -0.18873516, -0.11603728, ..., -0.7616754 ,
         -0.64256598, -0.73917368],
        [ 0.18873516,  0.        ,  0.07350837, ..., -0.62569398,
         -0.48640319, -0.59877333],
        [ 0.11603728, -0.07350837,  0.        , ..., -0.68134281,
         -0.54931407, -0.65602763],
        ...,
        [ 0.7616754 ,  0.62569398,  0.68134281, ...,  0.        ,
          0.16726255,  0.03404563],
        [ 0.64256598,  0.48640319,  0.54931407, ..., -0.16726255,
          0.        , -0.13359958],
        [ 0.73917368,  0.59877333,  0.65602763, ..., -0.03404563,
          0.13359958,  0.        ]],

       [[ 0.        , -0.05315951, -0.19510558, ..., -0.03797481,
         -0.12921262, -0.16938707],
        [ 0.05315951,  0.        , -0.1426918 , ...,  0.01520005,
         -0.07631605, -0.11675623],
        [ 0.19510558,  0.1426918 ,  0.        , ...,  0.15771983,
          0.06674055,  0.0261544 ],
        ...,
        [ 0.03797481, -0.01520005, -0.15771983, ...,  0.        ,
         -0.09146295, -0.13183883],
        [ 0.12921262,  0.07631605, -0.06674055, ...,  0.09146295,
          0.        , -0.04062164],
        [ 0.16938707,  0.11675623, -0.0261544 , ...,  0.13183883,
          0.04062164,  0.        ]],

       [[ 0.        , -0.19239858, -0.14701466, ..., -0.90902294,
         -0.96917247, -0.99068947],
        [ 0.19239858,  0.        ,  0.04604006, ..., -0.97222089,
         -0.99846908, -0.99837362],
        [ 0.14701466, -0.04604006,  0.        , ..., -0.96041356,
         -0.9948637 , -0.99993967],
        ...,
        [ 0.90902294,  0.97222089,  0.96041356, ...,  0.        ,
          0.17993078,  0.28911063],
        [ 0.96917247,  0.99846908,  0.9948637 , ..., -0.17993078,
          0.        ,  0.11214517],
        [ 0.99068947,  0.99837362,  0.99993967, ..., -0.28911063,
         -0.11214517,  0.        ]],

       ...,

       [[ 0.        , -0.296804  , -0.50268084, ..., -0.4488954 ,
         -0.45932025, -0.32292836],
        [ 0.296804  ,  0.        , -0.22345048, ..., -0.16344807,
         -0.17498024, -0.02747445],
        [ 0.50268084,  0.22345048,  0.        , ...,  0.06113017,
          0.04944716,  0.19658636],
        ...,
        [ 0.4488954 ,  0.16344807, -0.06113017, ...,  0.        ,
         -0.01170071,  0.1362814 ],
        [ 0.45932025,  0.17498024, -0.04944716, ...,  0.01170071,
          0.        ,  0.14786362],
        [ 0.32292836,  0.02747445, -0.19658636, ..., -0.1362814 ,
         -0.14786362,  0.        ]],

       [[ 0.        , -0.05084976,  0.02727287, ..., -0.63193538,
         -0.82565528, -0.63193538],
        [ 0.05084976,  0.        ,  0.07806843, ..., -0.67052749,
         -0.8532753 , -0.67052749],
        [-0.02727287, -0.07806843,  0.        , ..., -0.61056327,
         -0.80996148, -0.61056327],
        ...,
        [ 0.63193538,  0.67052749,  0.61056327, ...,  0.        ,
          0.28337814,  0.        ],
        [ 0.82565528,  0.8532753 ,  0.80996148, ..., -0.28337814,
          0.        , -0.28337814],
        [ 0.63193538,  0.67052749,  0.61056327, ...,  0.        ,
          0.28337814,  0.        ]],

       [[ 0.        ,  0.18225656,  0.22061964, ..., -0.97907221,
         -0.9843271 , -0.97907221],
        [-0.18225656,  0.        ,  0.03915873, ..., -0.99976535,
         -0.99998199, -0.99976535],
        [-0.22061964, -0.03915873,  0.        , ..., -0.99984679,
         -0.99898   , -0.99984679],
        ...,
        [ 0.97907221,  0.99976535,  0.99984679, ...,  0.        ,
         -0.02766178,  0.        ],
        [ 0.9843271 ,  0.99998199,  0.99898   , ...,  0.02766178,
          0.        ,  0.02766178],
        [ 0.97907221,  0.99976535,  0.99984679, ...,  0.        ,
         -0.02766178,  0.        ]]]), 'num': array([9.17726349e-01, 3.97146015e-01, 2.06170429e-05, 9.23885127e-08,
       3.46130541e-04, 3.55040832e-04, 3.33793215e-04, 7.24491661e-03,
       1.57643613e-05, 3.34615703e-04, 3.24814383e-04, 3.37654341e-04,
       8.48970049e-07, 3.48194298e-04, 3.01434468e-04])}
{'img': array([[[ 0.        ,  0.07350837,  0.20859586, ..., -0.48640319,
         -0.59877333, -0.25636177],
        [-0.07350837,  0.        ,  0.13614019, ..., -0.54931407,
         -0.65602763, -0.32671999],
        [-0.20859586, -0.13614019,  0.        , ..., -0.65796065,
         -0.75266976, -0.45234708],
        ...,
        [ 0.48640319,  0.54931407,  0.65796065, ...,  0.        ,
         -0.13359958,  0.24615592],
        [ 0.59877333,  0.65602763,  0.75266976, ...,  0.13359958,
          0.        ,  0.37343798],
        [ 0.25636177,  0.32671999,  0.45234708, ..., -0.24615592,
         -0.37343798,  0.        ]],

       [[ 0.        , -0.1426918 , -0.17086619, ..., -0.07631605,
         -0.11675623,  0.52820463],
        [ 0.1426918 ,  0.        , -0.02852434, ...,  0.06674055,
          0.0261544 ,  0.64396165],
        [ 0.17086619,  0.02852434,  0.        , ...,  0.09517413,
          0.05465834,  0.66552239],
        ...,
        [ 0.07631605, -0.06674055, -0.09517413, ...,  0.        ,
         -0.04062164,  0.59146547],
        [ 0.11675623, -0.0261544 , -0.05465834, ...,  0.04062164,
          0.        ,  0.62373174],
        [-0.52820463, -0.64396165, -0.66552239, ..., -0.59146547,
         -0.62373174,  0.        ]],

       [[ 0.        ,  0.04604006,  0.03003609, ..., -0.99846908,
         -0.99837362, -0.94630761],
        [-0.04604006,  0.        , -0.01601505, ..., -0.9948637 ,
         -0.99993967, -0.9601874 ],
        [-0.03003609,  0.01601505,  0.        , ..., -0.99635721,
         -0.99963552, -0.95559034],
        ...,
        [ 0.99846908,  0.9948637 ,  0.99635721, ...,  0.        ,
          0.11214517,  0.37511544],
        [ 0.99837362,  0.99993967,  0.99963552, ..., -0.11214517,
          0.        ,  0.26879303],
        [ 0.94630761,  0.9601874 ,  0.95559034, ..., -0.37511544,
         -0.26879303,  0.        ]],

       ...,

       [[ 0.        , -0.22345048,  0.08790217, ..., -0.17498024,
         -0.02747445,  0.38295928],
        [ 0.22345048,  0.        ,  0.30826512, ...,  0.04944716,
          0.19658636,  0.57969205],
        [-0.08790217, -0.30826512,  0.        , ..., -0.26084893,
         -0.11523709,  0.30027592],
        ...,
        [ 0.17498024, -0.04944716,  0.26084893, ...,  0.        ,
          0.14786362,  0.53869163],
        [ 0.02747445, -0.19658636,  0.11523709, ..., -0.14786362,
          0.        ,  0.40819465],
        [-0.38295928, -0.57969205, -0.30027592, ..., -0.53869163,
         -0.40819465,  0.        ]],

       [[ 0.        ,  0.07806843,  0.01550177, ..., -0.8532753 ,
         -0.67052749, -0.84668082],
        [-0.07806843,  0.        , -0.06260459, ..., -0.80996148,
         -0.61056327, -0.80255645],
        [-0.01550177,  0.06260459,  0.        , ..., -0.8450892 ,
         -0.65894639, -0.83833057],
        ...,
        [ 0.8532753 ,  0.80996148,  0.8450892 , ...,  0.        ,
         -0.28337814, -0.01251796],
