state_0,state_1,state_2,state_3,state_4,state_5,state_6,state_7,state_8,state_9,state_10,state_11,state_12,state_13,state_14,state_15,state_16,state_17,state_18,state_19,state_20,state_21,state_22,state_23,state_24,state_25,state_26,state_27,state_28,state_29,state_30,state_31,state_32,state_33,state_34,state_35,state_36,state_37,state_38,state_39,state_40,state_41,state_42,state_43,state_44,state_45,state_46,state_47,state_48,state_49,state_50,state_51,state_52,state_53,state_54,state_55,state_56,state_57,state_58,state_59,state_60,state_61,state_62,state_63,state_64,state_65,state_66,state_67,state_68,state_69,state_70,state_71,state_72,state_73,state_74,state_75,state_76,state_77,state_78,state_79,state_80,state_81,state_82,state_83,state_84,state_85,state_86,state_87,state_88,state_89,state_90,state_91,state_92,state_93,state_94,state_95,state_96,state_97,state_98,state_99,state_100,state_101,state_102,state_103,state_104,state_105,state_106,state_107,state_108,state_109,state_110,state_111,state_112,state_113,state_114,state_115,state_116,state_117,state_118,state_119,state_120,state_121,state_122,state_123,state_124,state_125,state_126,state_127,state_128,state_129,state_130,state_131,state_132,state_133,state_134,state_135,state_136,state_137,state_138,state_139,state_140,state_141,state_142,state_143,state_144,state_145,state_146,state_147,state_148,state_149,state_150,state_151,state_152,state_153,state_154,state_155,state_156,state_157,state_158,state_159,state_160,state_161,state_162,state_163,state_164,state_165,state_166,state_167,state_168,state_169,state_170,state_171,state_172,state_173,state_174,state_175,state_176,state_177,state_178,state_179,state_180,state_181,state_182,state_183,state_184,state_185,state_186,state_187,state_188,state_189,state_190,state_191,state_192,state_193,state_194,state_195,state_196,state_197,state_198,state_199,state_200,state_201,state_202,state_203,state_204,state_205,state_206,state_207,state_208,state_209,state_210,state_211,state_212,state_213,state_214,state_215,state_216,state_217,state_218,state_219,state_220,state_221,state_222,state_223,state_224,state_225,state_226,state_227,state_228,state_229,state_230,state_231,state_232,state_233,state_234,state_235,state_236,state_237,state_238,state_239,state_240,state_241,state_242,state_243,state_244,state_245,state_246,state_247,state_248,state_249,state_250,state_251,state_252,state_253,state_254,state_255,state_256,state_257,state_258,state_259,state_260,state_261,state_262,state_263,state_264,state_265,state_266,state_267,state_268,state_269,state_270,state_271,state_272,state_273,state_274,state_275,state_276,state_277,state_278,state_279,state_280,state_281,state_282,state_283,state_284,state_285,state_286,state_287
{'img': array([[[ 0.        , -0.06790501, -0.12819379, ...,  0.99215434,
          0.97352466,  0.93341027],
        [ 0.06790501,  0.        , -0.06055316, ...,  0.98137482,
          0.9557557 ,  0.95562082],
        [ 0.12819379,  0.06055316,  0.        , ...,  0.96794155,
          0.93618945,  0.97170616],
        ...,
        [-0.99215434, -0.98137482, -0.96794155, ...,  0.        ,
          0.1050795 , -0.47268986],
        [-0.97352466, -0.9557557 , -0.93618945, ..., -0.1050795 ,
          0.        , -0.56267206],
        [-0.93341027, -0.95562082, -0.97170616, ...,  0.47268986,
          0.56267206,  0.        ]],

       [[ 0.        , -0.08758133, -0.07256594, ...,  0.26555769,
          0.64982466,  0.13388683],
        [ 0.08758133,  0.        ,  0.01506333, ...,  0.34897397,
          0.7138968 ,  0.22016516],
        [ 0.07256594, -0.01506333,  0.        , ...,  0.33481804,
          0.70326769,  0.20544646],
        ...,
        [-0.26555769, -0.34897397, -0.33481804, ...,  0.        ,
          0.42464649, -0.13408716],
        [-0.64982466, -0.7138968 , -0.70326769, ..., -0.42464649,
          0.        , -0.54220879],
        [-0.13388683, -0.22016516, -0.20544646, ...,  0.13408716,
          0.54220879,  0.        ]],

       [[ 0.        , -0.04429136, -0.10356105, ...,  0.94671722,
          0.85337938,  0.82760207],
        [ 0.04429136,  0.        , -0.05940621, ...,  0.93152342,
          0.82945326,  0.80192848],
        [ 0.10356105,  0.05940621,  0.        , ...,  0.90827333,
          0.79480547,  0.76502173],
        ...,
        [-0.94671722, -0.93152342, -0.90827333, ...,  0.        ,
          0.21867008,  0.26486435],
        [-0.85337938, -0.82945326, -0.79480547, ..., -0.21867008,
          0.        ,  0.0475939 ],
        [-0.82760207, -0.80192848, -0.76502173, ..., -0.26486435,
         -0.0475939 ,  0.        ]],

       ...,

       [[ 0.        , -0.35516437, -0.124151  , ..., -0.7792742 ,
         -0.81291004, -0.88501351],
        [ 0.35516437,  0.        ,  0.23635974, ..., -0.50589303,
         -0.55306753, -0.66196183],
        [ 0.124151  , -0.23635974,  0.        , ..., -0.69544189,
         -0.73431661, -0.82036605],
        ...,
        [ 0.7792742 ,  0.50589303,  0.69544189, ...,  0.        ,
         -0.05559604, -0.19181995],
        [ 0.81291004,  0.55306753,  0.73431661, ...,  0.05559604,
          0.        , -0.13695963],
        [ 0.88501351,  0.66196183,  0.82036605, ...,  0.19181995,
          0.13695963,  0.        ]],

       [[ 0.        ,  0.01924697,  0.04623809, ...,  0.99002726,
          0.88921321,  0.85543599],
        [-0.01924697,  0.        ,  0.02700315, ...,  0.9925553 ,
          0.89785385,  0.86524569],
        [-0.04623809, -0.02700315,  0.        , ...,  0.99548221,
          0.90941576,  0.87846816],
        ...,
        [-0.99002726, -0.9925553 , -0.99548221, ...,  0.        ,
          0.32766184,  0.39223327],
        [-0.88921321, -0.89785385, -0.90941576, ..., -0.32766184,
          0.        ,  0.06917514],
        [-0.85543599, -0.86524569, -0.87846816, ..., -0.39223327,
         -0.06917514,  0.        ]],

       [[ 0.        ,  0.43398455,  0.49547252, ...,  0.53992028,
          0.41961041,  0.        ],
        [-0.43398455,  0.        ,  0.06941203, ...,  0.85171696,
          0.77196519,  0.43398455],
        [-0.49547252, -0.06941203,  0.        , ...,  0.88603473,
          0.81422605,  0.49547252],
        ...,
        [-0.53992028, -0.85171696, -0.88603473, ...,  0.        ,
          0.13689509,  0.53992028],
        [-0.41961041, -0.77196519, -0.81422605, ..., -0.13689509,
          0.        ,  0.41961041],
        [-0.        , -0.43398455, -0.49547252, ..., -0.53992028,
         -0.41961041,  0.        ]]]), 'num': array([ 7.07053422e-01,  7.07053422e-01,  0.00000000e+00,  0.00000000e+00,
        9.34008841e-05,  9.84200905e-05,  9.29644314e-05,  1.22819544e-02,
       -1.63669774e-06,  9.79618152e-05,  9.37718690e-05,  8.51046452e-05,
        1.33386741e-06,  1.04629459e-04,  8.29142794e-05])}
{'img': array([[[ 0.        , -0.06055316, -0.2114262 , ...,  0.9557557 ,
          0.95562082,  0.90890917],
        [ 0.06055316,  0.        , -0.15185394, ...,  0.93618945,
          0.97170616,  0.93249161],
        [ 0.2114262 ,  0.15185394,  0.        , ...,  0.87195639,
          0.99630407,  0.97652583],
        ...,
        [-0.9557557 , -0.93618945, -0.87195639, ...,  0.        ,
         -0.56267206, -0.6659107 ],
        [-0.95562082, -0.97170616, -0.99630407, ...,  0.56267206,
          0.        , -0.13072413],
        [-0.90890917, -0.93249161, -0.97652583, ...,  0.6659107 ,
          0.13072413,  0.        ]],

       [[ 0.        ,  0.01506333,  0.02634938, ...,  0.7138968 ,
          0.22016516,  0.12272502],
        [-0.01506333,  0.        ,  0.01128828, ...,  0.70326769,
          0.20544646,  0.10776163],
        [-0.02634938, -0.01128828,  0.        , ...,  0.69519776,
          0.19438588,  0.09653222],
        ...,
        [-0.7138968 , -0.70326769, -0.69519776, ...,  0.        ,
         -0.54220879, -0.62256194],
        [-0.22016516, -0.20544646, -0.19438588, ...,  0.54220879,
          0.        , -0.09878719],
        [-0.12272502, -0.10776163, -0.09653222, ...,  0.62256194,
          0.09878719,  0.        ]],

       [[ 0.        , -0.05940621, -0.15551314, ...,  0.82945326,
          0.80192848,  0.86544844],
        [ 0.05940621,  0.        , -0.09655502, ...,  0.79480547,
          0.76502173,  0.83415757],
        [ 0.15551314,  0.09655502,  0.        , ...,  0.73249606,
          0.69926542,  0.77700747],
        ...,
        [-0.82945326, -0.79480547, -0.73249606, ...,  0.        ,
          0.0475939 , -0.0678644 ],
        [-0.80192848, -0.76502173, -0.69926542, ..., -0.0475939 ,
          0.        , -0.11527167],
        [-0.86544844, -0.83415757, -0.77700747, ...,  0.0678644 ,
          0.11527167,  0.        ]],

       ...,

       [[ 0.        ,  0.23635974, -0.7903397 , ..., -0.55306753,
         -0.66196183, -0.47374145],
        [-0.23635974,  0.        , -0.91275617, ..., -0.73431661,
         -0.82036605, -0.66847179],
        [ 0.7903397 ,  0.91275617,  0.        , ...,  0.31961353,
          0.18682587,  0.40577705],
        ...,
        [ 0.55306753,  0.73431661, -0.31961353, ...,  0.        ,
         -0.13695963,  0.09237538],
        [ 0.66196183,  0.82036605, -0.18682587, ...,  0.13695963,
          0.        ,  0.22787892],
        [ 0.47374145,  0.66847179, -0.40577705, ..., -0.09237538,
         -0.22787892,  0.        ]],

       [[ 0.        ,  0.02700315,  0.03102899, ...,  0.89785385,
          0.86524569,  0.91044854],
        [-0.02700315,  0.        ,  0.00402753, ...,  0.90941576,
          0.87846816,  0.92128565],
        [-0.03102899, -0.00402753,  0.        , ...,  0.91108338,
          0.88038539,  0.92284443],
        ...,
        [-0.89785385, -0.90941576, -0.91108338, ...,  0.        ,
          0.06917514, -0.02949226],
        [-0.86524569, -0.87846816, -0.88038539, ..., -0.06917514,
          0.        , -0.09856666],
        [-0.91044854, -0.92128565, -0.92284443, ...,  0.02949226,
          0.09856666,  0.        ]],

       [[ 0.        ,  0.25384305,  0.45285496, ...,  0.55136208,
          0.37290318,  0.        ],
        [-0.25384305,  0.        ,  0.21169943, ...,  0.74507509,
          0.59622231,  0.25384305],
        [-0.45285496, -0.21169943,  0.        , ...,  0.86938724,
          0.75266523,  0.45285496],
        ...,
        [-0.55136208, -0.74507509, -0.86938724, ...,  0.        ,
          0.20049201,  0.55136208],
        [-0.37290318, -0.59622231, -0.75266523, ..., -0.20049201,
          0.        ,  0.37290318],
        [-0.        , -0.25384305, -0.45285496, ..., -0.55136208,
         -0.37290318,  0.        ]]]), 'num': array([ 9.95784549e-01,  9.00475053e-02,  2.23915207e-04, -4.19911681e-10,
        1.30905768e-04,  1.40452666e-04,  1.30905768e-04,  1.74464865e-02,
       -7.60515589e-06,  1.41650074e-04,  1.39044903e-04,  1.26431671e-04,
        1.57041864e-06,  1.55178476e-04,  1.22911331e-04])}
