state_0,state_1,state_2,state_3,state_4,state_5,state_6,state_7,state_8,state_9,state_10,state_11,state_12,state_13,state_14,state_15,state_16,state_17,state_18,state_19,state_20,state_21,state_22,state_23,state_24,state_25,state_26,state_27,state_28,state_29,state_30,state_31,state_32,state_33,state_34,state_35,state_36,state_37,state_38,state_39,state_40,state_41,state_42,state_43,state_44,state_45,state_46,state_47,state_48,state_49,state_50,state_51,state_52,state_53,state_54,state_55,state_56,state_57,state_58,state_59,state_60,state_61,state_62,state_63,state_64,state_65,state_66,state_67,state_68,state_69,state_70,state_71,state_72,state_73,state_74,state_75,state_76,state_77,state_78,state_79,state_80,state_81,state_82,state_83,state_84,state_85,state_86,state_87,state_88,state_89,state_90,state_91,state_92,state_93,state_94,state_95,state_96,state_97,state_98,state_99,state_100,state_101,state_102,state_103,state_104,state_105,state_106,state_107,state_108,state_109,state_110,state_111,state_112,state_113,state_114,state_115,state_116,state_117,state_118,state_119,state_120,state_121,state_122,state_123,state_124,state_125,state_126,state_127,state_128,state_129,state_130,state_131,state_132,state_133,state_134,state_135,state_136,state_137,state_138,state_139,state_140,state_141,state_142,state_143,state_144,state_145,state_146,state_147,state_148,state_149,state_150,state_151,state_152,state_153,state_154,state_155,state_156,state_157,state_158,state_159,state_160,state_161,state_162,state_163,state_164,state_165,state_166,state_167,state_168,state_169,state_170,state_171,state_172,state_173,state_174,state_175,state_176,state_177,state_178,state_179,state_180,state_181,state_182,state_183,state_184,state_185,state_186,state_187,state_188,state_189,state_190,state_191,state_192,state_193,state_194,state_195,state_196,state_197,state_198,state_199,state_200,state_201,state_202,state_203,state_204,state_205,state_206,state_207,state_208,state_209,state_210,state_211,state_212,state_213,state_214,state_215,state_216,state_217,state_218,state_219,state_220,state_221,state_222,state_223,state_224,state_225,state_226,state_227,state_228,state_229,state_230,state_231,state_232,state_233,state_234,state_235,state_236,state_237,state_238,state_239,state_240,state_241,state_242,state_243,state_244,state_245,state_246,state_247,state_248,state_249,state_250,state_251,state_252,state_253,state_254,state_255,state_256,state_257,state_258,state_259,state_260,state_261,state_262,state_263,state_264,state_265,state_266,state_267,state_268,state_269,state_270,state_271,state_272,state_273,state_274,state_275,state_276,state_277,state_278,state_279,state_280,state_281,state_282,state_283,state_284,state_285,state_286,state_287
{'img': array([[[ 0.        ,  0.14072041,  0.39052825, ...,  0.92926691,
          0.91801455,  0.63074252],
        [-0.14072041,  0.        ,  0.25709632, ...,  0.86803674,
          0.85307752,  0.51526831],
        [-0.39052825, -0.25709632,  0.        , ...,  0.71121005,
          0.69025319,  0.27760898],
        ...,
        [-0.92926691, -0.86803674, -0.71121005, ...,  0.        ,
         -0.02937489, -0.48810189],
        [-0.91801455, -0.85307752, -0.69025319, ...,  0.02937489,
          0.        , -0.46225324],
        [-0.63074252, -0.51526831, -0.27760898, ...,  0.48810189,
          0.46225324,  0.        ]],

       [[ 0.        ,  0.541879  ,  0.29254321, ...,  0.4921904 ,
          0.02846866, -0.52897985],
        [-0.541879  ,  0.        , -0.2723032 , ..., -0.05803431,
         -0.5177327 , -0.90444171],
        [-0.29254321,  0.2723032 ,  0.        , ...,  0.21600298,
         -0.26520141, -0.75410043],
        ...,
        [-0.4921904 ,  0.05803431, -0.21600298, ...,  0.        ,
         -0.46720929, -0.87816008],
        [-0.02846866,  0.5177327 ,  0.26520141, ...,  0.46720929,
          0.        , -0.55292493],
        [ 0.52897985,  0.90444171,  0.75410043, ...,  0.87816008,
          0.55292493,  0.        ]],

       [[ 0.        , -0.09590502, -0.1585486 , ...,  0.52237256,
          0.57055825,  0.56676217],
        [ 0.09590502,  0.        , -0.06312583, ...,  0.60174455,
          0.64669094,  0.64316405],
        [ 0.1585486 ,  0.06312583,  0.        , ...,  0.6509623 ,
          0.69355053,  0.69021855],
        ...,
        [-0.52237256, -0.60174455, -0.6509623 , ...,  0.        ,
          0.05752274,  0.05291489],
        [-0.57055825, -0.64669094, -0.69355053, ..., -0.05752274,
          0.        , -0.00461487],
        [-0.56676217, -0.64316405, -0.69021855, ..., -0.05291489,
          0.00461487,  0.        ]],

       ...,

       [[ 0.        ,  0.10379805,  0.17756435, ..., -0.29161059,
         -0.22123863, -0.5779973 ],
        [-0.10379805,  0.        ,  0.07445661, ..., -0.38932211,
         -0.32126948, -0.6595784 ],
        [-0.17756435, -0.07445661,  0.        , ..., -0.45682356,
         -0.39088722, -0.71371183],
        ...,
        [ 0.29161059,  0.38932211,  0.45682356, ...,  0.        ,
          0.07276143, -0.31491035],
        [ 0.22123863,  0.32126948,  0.39088722, ..., -0.07276143,
          0.        , -0.38313507],
        [ 0.5779973 ,  0.6595784 ,  0.71371183, ...,  0.31491035,
          0.38313507,  0.        ]],

       [[ 0.        ,  0.06827723,  0.17332903, ...,  0.41468545,
          0.41182247,  0.39134923],
        [-0.06827723,  0.        ,  0.10568076, ...,  0.35158785,
          0.34864285,  0.32760438],
        [-0.17332903, -0.10568076,  0.        , ...,  0.25068544,
          0.24764059,  0.22592107],
        ...,
        [-0.41468545, -0.35158785, -0.25068544, ...,  0.        ,
         -0.003144  , -0.02549703],
        [-0.41182247, -0.34864285, -0.24764059, ...,  0.003144  ,
          0.        , -0.02235393],
        [-0.39134923, -0.32760438, -0.22592107, ...,  0.02549703,
          0.02235393,  0.        ]],

       [[ 0.        ,  0.18425692,  0.36098177, ...,  0.12405547,
          0.11560831,  0.15855149],
        [-0.18425692,  0.        ,  0.18296807, ...,  0.304765  ,
          0.29665033,  0.33776299],
        [-0.36098177, -0.18296807,  0.        , ...,  0.47388406,
          0.46637452,  0.50427642],
        ...,
        [-0.12405547, -0.304765  , -0.47388406, ...,  0.        ,
          0.0085084 , -0.03484046],
        [-0.11560831, -0.29665033, -0.46637452, ..., -0.0085084 ,
          0.        , -0.04334243],
        [-0.15855149, -0.33776299, -0.50427642, ...,  0.03484046,
          0.04334243,  0.        ]]]), 'num': array([ 7.05014164e-01,  7.05014164e-01,  0.00000000e+00,  0.00000000e+00,
        5.62557694e-03,  5.76367250e-03,  5.61830875e-03,  7.51885977e-02,
       -6.54136853e-05,  5.76657977e-03,  5.71243178e-03,  5.39105676e-03,
        3.71252730e-06,  5.91570596e-03,  5.50915759e-03])}
{'img': array([[[ 0.        ,  0.25709632,  0.12158502, ...,  0.85307752,
          0.51526831,  0.40786254],
        [-0.25709632,  0.        , -0.1376909 , ...,  0.69025319,
          0.27760898,  0.15941247],
        [-0.12158502,  0.1376909 ,  0.        , ...,  0.78330741,
          0.40724366,  0.29382422],
        ...,
        [-0.85307752, -0.69025319, -0.78330741, ...,  0.        ,
         -0.46225324, -0.56608052],
        [-0.51526831, -0.27760898, -0.40724366, ...,  0.46225324,
          0.        , -0.12091231],
        [-0.40786254, -0.15941247, -0.29382422, ...,  0.56608052,
          0.12091231,  0.        ]],

       [[ 0.        , -0.2723032 , -0.73599257, ..., -0.5177327 ,
         -0.90444171, -0.86134294],
        [ 0.2723032 ,  0.        , -0.52383407, ..., -0.26520141,
         -0.75410043, -0.69045753],
        [ 0.73599257,  0.52383407,  0.        , ...,  0.27917321,
         -0.29832526, -0.20921837],
        ...,
        [ 0.5177327 ,  0.26520141, -0.27917321, ...,  0.        ,
         -0.55292493, -0.47389482],
        [ 0.90444171,  0.75410043,  0.29832526, ...,  0.55292493,
          0.        ,  0.09203156],
        [ 0.86134294,  0.69045753,  0.20921837, ...,  0.47389482,
         -0.09203156,  0.        ]],

       [[ 0.        , -0.06312583, -0.09544835, ...,  0.64669094,
          0.64316405,  0.60854039],
        [ 0.06312583,  0.        , -0.03242036, ...,  0.69355053,
          0.69021855,  0.65741849],
        [ 0.09544835,  0.03242036,  0.        , ...,  0.71654183,
          0.71331512,  0.68150248],
        ...,
        [-0.64669094, -0.69355053, -0.71654183, ...,  0.        ,
         -0.00461487, -0.04899859],
        [-0.64316405, -0.69021855, -0.71331512, ...,  0.00461487,
          0.        , -0.04438873],
        [-0.60854039, -0.65741849, -0.68150248, ...,  0.04899859,
          0.04438873,  0.        ]],

       ...,

       [[ 0.        ,  0.07445661, -0.44924833, ..., -0.32126948,
         -0.6595784 , -0.81319086],
        [-0.07445661,  0.        , -0.51452138, ..., -0.39088722,
         -0.71371183, -0.85426718],
        [ 0.44924833,  0.51452138,  0.        , ...,  0.13840831,
         -0.2516008 , -0.46504913],
        ...,
        [ 0.32126948,  0.39088722, -0.13840831, ...,  0.        ,
         -0.38313507, -0.58310393],
        [ 0.6595784 ,  0.71371183,  0.2516008 , ...,  0.38313507,
          0.        , -0.22735063],
        [ 0.81319086,  0.85426718,  0.46504913, ...,  0.58310393,
          0.22735063,  0.        ]],

       [[ 0.        ,  0.10568076,  0.16523673, ...,  0.34864285,
          0.32760438,  0.25752407],
        [-0.10568076,  0.        ,  0.06008335, ...,  0.24764059,
          0.22592107,  0.15396561],
        [-0.16523673, -0.06008335,  0.        , ...,  0.18898132,
          0.16698298,  0.09432052],
        ...,
        [-0.34864285, -0.24764059, -0.18898132, ...,  0.        ,
         -0.02235393, -0.09551789],
        [-0.32760438, -0.22592107, -0.16698298, ...,  0.02235393,
          0.        , -0.0732423 ],
        [-0.25752407, -0.15396561, -0.09432052, ...,  0.09551789,
          0.0732423 ,  0.        ]],

       [[ 0.        ,  0.31449123,  0.48718753, ...,  0.11610468,
          0.15923017,  0.14247168],
        [-0.31449123,  0.        ,  0.18782345, ...,  0.42257789,
          0.46162968,  0.44652578],
        [-0.48718753, -0.18782345,  0.        , ...,  0.58528658,
          0.62002703,  0.60663781],
        ...,
        [-0.11610468, -0.42257789, -0.58528658, ...,  0.        ,
         -0.04352994, -0.02658786],
        [-0.15923017, -0.46162968, -0.62002703, ...,  0.04352994,
          0.        ,  0.0169519 ],
        [-0.14247168, -0.44652578, -0.60663781, ...,  0.02658786,
         -0.0169519 ,  0.        ]]]), 'num': array([ 9.78399951e-01,  1.94599239e-01,  9.93410281e-06, -1.12552361e-09,
        7.83800712e-03,  7.83800712e-03,  7.69892968e-03,  6.62092058e-02,
        1.49011542e-04,  7.87774353e-03,  7.79429707e-03,  7.37689918e-03,
        5.24299871e-06,  8.03685197e-03,  7.55174216e-03])}
{'img': array([[[ 0.        , -0.1376909 , -0.43970406, ...,  0.27760898,
          0.15941247,  0.36104943],
        [ 0.1376909 ,  0.        , -0.31184991, ...,  0.40724366,
          0.29382422,  0.48601371],
        [ 0.43970406,  0.31184991,  0.        , ...,  0.6717536 ,
          0.5772563 ,  0.73431848],
        ...,
        [-0.27760898, -0.40724366, -0.6717536 , ...,  0.        ,
         -0.12091231,  0.08797474],
        [-0.15941247, -0.29382422, -0.5772563 , ...,  0.12091231,
          0.        ,  0.20777278],
        [-0.36104943, -0.48601371, -0.73431848, ..., -0.08797474,
         -0.20777278,  0.        ]],

       [[ 0.        , -0.52036557,  0.09520845, ..., -0.74829513,
         -0.68538918, -0.99854351],
        [ 0.52036557,  0.        ,  0.59930437, ..., -0.29380904,
         -0.2063655 , -0.82462492],
        [-0.09520845, -0.59930437,  0.        , ..., -0.80805394,
         -0.7516043 , -0.9991442 ],
        ...,
        [ 0.74829513,  0.29380904,  0.80805394, ...,  0.        ,
          0.09022741, -0.62202753],
        [ 0.68538918,  0.2063655 ,  0.7516043 , ..., -0.09022741,
          0.        , -0.69013804],
        [ 0.99854351,  0.82462492,  0.9991442 , ...,  0.62202753,
          0.69013804,  0.        ]],

       [[ 0.        , -0.03242036, -0.09157209, ...,  0.69021855,
          0.65741849,  0.6509623 ],
        [ 0.03242036,  0.        , -0.05923981, ...,  0.71331512,
          0.68150248,  0.67523073],
        [ 0.09157209,  0.05923981,  0.        , ...,  0.75358022,
          0.72365824,  0.71774055],
        ...,
        [-0.69021855, -0.71331512, -0.75358022, ...,  0.        ,
         -0.04438873, -0.05291489],
        [-0.65741849, -0.68150248, -0.72365824, ...,  0.04438873,
          0.        , -0.00853619],
        [-0.6509623 , -0.67523073, -0.71774055, ...,  0.05291489,
          0.00853619,  0.        ]],

       ...,

       [[ 0.        , -0.51452138, -0.76459839, ..., -0.71371183,
         -0.85426718, -0.81999078],
        [ 0.51452138,  0.        , -0.32401331, ..., -0.2516008 ,
         -0.46504913, -0.40862362],
        [ 0.76459839,  0.32401331,  0.        , ...,  0.07556259,
         -0.15311682, -0.09085149],
        ...,
        [ 0.71371183,  0.2516008 , -0.07556259, ...,  0.        ,
         -0.22735063, -0.16584185],
        [ 0.85426718,  0.46504913,  0.15311682, ...,  0.22735063,
          0.        ,  0.06270341],
        [ 0.81999078,  0.40862362,  0.09085149, ...,  0.16584185,
         -0.06270341,  0.        ]],

       [[ 0.        ,  0.06008335,  0.06974349, ...,  0.22592107,
          0.15396561,  0.07551527],
        [-0.06008335,  0.        ,  0.00968045, ...,  0.16698298,
          0.09432052,  0.01546705],
        [-0.06974349, -0.00968045,  0.        , ...,  0.15743062,
          0.08467881,  0.00578703],
        ...,
        [-0.22592107, -0.16698298, -0.15743062, ...,  0.        ,
         -0.0732423 , -0.15171312],
        [-0.15396561, -0.09432052, -0.08467881, ...,  0.0732423 ,
          0.        , -0.07891115],
        [-0.07551527, -0.01546705, -0.00578703, ...,  0.15171312,
          0.07891115,  0.        ]],

       [[ 0.        ,  0.38544612,  0.52241624, ...,  0.24385365,
          0.23326407,  0.        ],
        [-0.38544612,  0.        ,  0.15338303, ...,  0.59882145,
          0.59005282,  0.38544612],
        [-0.52241624, -0.15338303,  0.        , ...,  0.71457728,
          0.70690665,  0.52241624],
        ...,
        [-0.24385365, -0.59882145, -0.71457728, ...,  0.        ,
          0.01090425,  0.24385365],
        [-0.23326407, -0.59005282, -0.70690665, ..., -0.01090425,
          0.        ,  0.23326407],
        [-0.        , -0.38544612, -0.52241624, ..., -0.24385365,
         -0.23326407,  0.        ]]]), 'num': array([9.85932695e-01, 1.45721776e-01, 1.03986500e-05, 1.50522532e-07,
       7.92651810e-03, 7.95594825e-03, 7.71069707e-03, 7.88947537e-02,
       1.86390896e-04, 7.77544338e-03, 7.70530154e-03, 7.29246206e-03,
       5.56110954e-06, 7.96384607e-03, 7.44675701e-03])}
{'img': array([[[ 0.        , -0.31184991, -0.33234338, ...,  0.29382422,
          0.48601371,  0.76596833],
        [ 0.31184991,  0.        , -0.02164599, ...,  0.5772563 ,
          0.73431848,  0.92825209],
        [ 0.33234338,  0.02164599,  0.        , ...,  0.59479636,
          0.74883983,  0.93608586],
        ...,
        [-0.29382422, -0.5772563 , -0.59479636, ...,  0.        ,
          0.20777278,  0.54326487],
        [-0.48601371, -0.73431848, -0.74883983, ..., -0.20777278,
          0.        ,  0.35697126],
        [-0.76596833, -0.92825209, -0.93608586, ..., -0.54326487,
         -0.35697126,  0.        ]],

       [[ 0.        ,  0.59930437,  0.37510436, ..., -0.2063655 ,
         -0.82462492, -0.48880458],
        [-0.59930437,  0.        , -0.25526571, ..., -0.7516043 ,
         -0.9991442 , -0.91412758],
        [-0.37510436,  0.25526571,  0.        , ..., -0.55832746,
         -0.97660194, -0.78035187],
        ...,
        [ 0.2063655 ,  0.7516043 ,  0.55832746, ...,  0.        ,
         -0.69013804, -0.29825117],
        [ 0.82462492,  0.9991442 ,  0.97660194, ...,  0.69013804,
          0.        ,  0.44289034],
        [ 0.48880458,  0.91412758,  0.78035187, ...,  0.29825117,
         -0.44289034,  0.        ]],

       [[ 0.        , -0.05923981, -0.07637145, ...,  0.68150248,
          0.67523073,  0.66898662],
        [ 0.05923981,  0.        , -0.01717052, ...,  0.72365824,
          0.71774055,  0.71184317],
        [ 0.07637145,  0.01717052,  0.        , ...,  0.73540194,
          0.72959076,  0.72379775],
        ...,
        [-0.68150248, -0.72365824, -0.73540194, ...,  0.        ,
         -0.00853619, -0.01696839],
        [-0.67523073, -0.71774055, -0.72959076, ...,  0.00853619,
          0.        , -0.00843282],
        [-0.66898662, -0.71184317, -0.72379775, ...,  0.01696839,
          0.00843282,  0.        ]],

       ...,

       [[ 0.        , -0.32401331, -0.35995287, ..., -0.46504913,
         -0.40862362, -0.27192125],
        [ 0.32401331,  0.        , -0.03823946, ..., -0.15311682,
         -0.09085149,  0.05455255],
        [ 0.35995287,  0.03823946,  0.        , ..., -0.11521628,
         -0.05270372,  0.09269517],
        ...,
        [ 0.46504913,  0.15311682,  0.11521628, ...,  0.        ,
          0.06270341,  0.20679808],
        [ 0.40862362,  0.09085149,  0.05270372, ..., -0.06270341,
          0.        ,  0.14504315],
        [ 0.27192125, -0.05455255, -0.09269517, ..., -0.20679808,
         -0.14504315,  0.        ]],

       [[ 0.        ,  0.00968045, -0.04570281, ...,  0.09432052,
          0.01546705,  0.06009166],
        [-0.00968045,  0.        , -0.055371  , ...,  0.08467881,
          0.00578703,  0.05042589],
        [ 0.04570281,  0.055371  ,  0.        , ...,  0.13972103,
          0.06114823,  0.10564908],
        ...,
        [-0.09432052, -0.08467881, -0.13972103, ...,  0.        ,
         -0.07891115, -0.03432631],
        [-0.01546705, -0.00578703, -0.06114823, ...,  0.07891115,
          0.        ,  0.04464537],
        [-0.06009166, -0.05042589, -0.10564908, ...,  0.03432631,
         -0.04464537,  0.        ]],

       [[ 0.        ,  0.19495746,  0.46325937, ...,  0.49102217,
          0.27193881,  0.42818307],
        [-0.19495746,  0.        ,  0.28159447, ...,  0.65143691,
          0.45433117,  0.59614846],
        [-0.46325937, -0.28159447,  0.        , ...,  0.83872206,
          0.68679959,  0.79810936],
        ...,
        [-0.49102217, -0.65143691, -0.83872206, ...,  0.        ,
          0.23561907,  0.07072239],
        [-0.27193881, -0.45433117, -0.68679959, ..., -0.23561907,
          0.        , -0.16629786],
        [-0.42818307, -0.59614846, -0.79810936, ..., -0.07072239,
          0.16629786,  0.        ]]]), 'num': array([ 9.64334434e-01,  8.25587616e-02,  1.12185200e-05,  3.55225741e-07,
        7.73487432e-03,  7.96121288e-03,  7.73487432e-03,  2.50532776e-01,
       -2.16497754e-04,  7.75455593e-03,  7.73585840e-03,  7.32139641e-03,
        4.69154753e-06,  7.98904842e-03,  7.48266837e-03])}
{'img': array([[[ 0.00000000e+00, -2.16459879e-02, -3.26633595e-01, ...,
          7.34318477e-01,  9.28252089e-01,  7.03085836e-01],
        [ 2.16459879e-02,  0.00000000e+00, -3.06098336e-01, ...,
          7.48839832e-01,  9.36085860e-01,  7.18313672e-01],
        [ 3.26633595e-01,  3.06098336e-01,  0.00000000e+00, ...,
          9.15762427e-01,  9.98830348e-01,  8.96793091e-01],
        ...,
        [-7.34318477e-01, -7.48839832e-01, -9.15762427e-01, ...,
          0.00000000e+00,  3.56971263e-01, -4.49192763e-02],
        [-9.28252089e-01, -9.36085860e-01, -9.98830348e-01, ...,
         -3.56971263e-01,  0.00000000e+00, -3.98570729e-01],
        [-7.03085836e-01, -7.18313672e-01, -8.96793091e-01, ...,
          4.49192763e-02,  3.98570729e-01,  0.00000000e+00]],

       [[ 0.00000000e+00, -2.55265706e-01,  4.03265604e-02, ...,
         -9.99144204e-01, -9.14127578e-01,  3.73099006e-01],
        [ 2.55265706e-01,  0.00000000e+00,  2.94048641e-01, ...,
         -9.76601938e-01, -7.80351872e-01,  5.97571949e-01],
        [-4.03265604e-02, -2.94048641e-01,  0.00000000e+00, ...,
         -9.96663444e-01, -9.29733447e-01,  3.35380868e-01],
        ...,
        [ 9.99144204e-01,  9.76601938e-01,  9.96663444e-01, ...,
          0.00000000e+00,  4.42890338e-01,  9.11565208e-01],
        [ 9.14127578e-01,  7.80351872e-01,  9.29733447e-01, ...,
         -4.42890338e-01,  0.00000000e+00,  9.99384110e-01],
        [-3.73099006e-01, -5.97571949e-01, -3.35380868e-01, ...,
         -9.11565208e-01, -9.99384110e-01,  0.00000000e+00]],

       [[ 0.00000000e+00, -1.71705246e-02, -1.33635333e-01, ...,
          7.17740550e-01,  7.11843169e-01,  6.45283556e-01],
        [ 1.71705246e-02,  0.00000000e+00, -1.16599117e-01, ...,
          7.29590757e-01,  7.23797746e-01,  6.58305730e-01],
        [ 1.33635333e-01,  1.16599117e-01,  0.00000000e+00, ...,
          8.04354533e-01,  7.99315577e-01,  7.41585529e-01],
        ...,
        [-7.17740550e-01, -7.29590757e-01, -8.04354533e-01, ...,
          0.00000000e+00, -8.43281727e-03, -9.89951718e-02],
        [-7.11843169e-01, -7.23797746e-01, -7.99315577e-01, ...,
          8.43281727e-03,  0.00000000e+00, -9.06002573e-02],
        [-6.45283556e-01, -6.58305730e-01, -7.41585529e-01, ...,
          9.89951718e-02,  9.06002573e-02,  0.00000000e+00]],

       ...,

       [[ 0.00000000e+00, -3.82394640e-02, -3.49002285e-01, ...,
         -9.08514936e-02,  5.45525480e-02, -2.76287250e-01],
        [ 3.82394640e-02,  0.00000000e+00, -3.12911988e-01, ...,
         -5.27037223e-02,  9.26951701e-02, -2.39334178e-01],
        [ 3.49002285e-01,  3.12911988e-01,  0.00000000e+00, ...,
          2.62420047e-01,  3.99604972e-01,  7.65025822e-02],
        ...,
        [ 9.08514936e-02,  5.27037223e-02, -2.62420047e-01, ...,
          0.00000000e+00,  1.45043150e-01, -1.87829542e-01],
        [-5.45525480e-02, -9.26951701e-02, -3.99604972e-01, ...,
         -1.45043150e-01,  0.00000000e+00, -3.28304927e-01],
        [ 2.76287250e-01,  2.39334178e-01, -7.65025822e-02, ...,
          1.87829542e-01,  3.28304927e-01,  0.00000000e+00]],

       [[ 0.00000000e+00, -5.53709994e-02, -1.46758973e-01, ...,
          5.78703330e-03,  5.04258888e-02,  5.08049349e-02],
        [ 5.53709994e-02,  0.00000000e+00, -9.17623648e-02, ...,
          6.11482274e-02,  1.05649085e-01,  1.06026486e-01],
        [ 1.46758973e-01,  9.17623648e-02,  0.00000000e+00, ...,
          1.52480889e-01,  1.96452159e-01,  1.96824281e-01],
        ...,
        [-5.78703330e-03, -6.11482274e-02, -1.52480889e-01, ...,
          0.00000000e+00,  4.46453734e-02,  4.50245242e-02],
        [-5.04258888e-02, -1.05649085e-01, -1.96452159e-01, ...,
         -4.46453734e-02,  0.00000000e+00,  3.79532521e-04],
        [-5.08049349e-02, -1.06026486e-01, -1.96824281e-01, ...,
         -4.50245242e-02, -3.79532521e-04,  0.00000000e+00]],

       [[ 0.00000000e+00,  2.81413214e-01,  4.76571167e-01, ...,
          5.14664864e-01,  6.06914172e-01,  4.54074304e-01],
        [-2.81413214e-01,  0.00000000e+00,  2.09910888e-01, ...,
          7.35146830e-01,  8.06044800e-01,  6.86452647e-01],
        [-4.76571167e-01, -2.09910888e-01,  0.00000000e+00, ...,
          8.61068394e-01,  9.12323252e-01,  8.23800686e-01],
        ...,
        [-5.14664864e-01, -7.35146830e-01, -8.61068394e-01, ...,
          0.00000000e+00, -1.11324170e-01,  6.92283520e-02],
        [-6.06914172e-01, -8.06044800e-01, -9.12323252e-01, ...,
          1.11324170e-01,  0.00000000e+00,  1.79855124e-01],
        [-4.54074304e-01, -6.86452647e-01, -8.23800686e-01, ...,
         -6.92283520e-02, -1.79855124e-01,  0.00000000e+00]]]), 'num': array([8.82473153e-01, 4.60666749e-01, 5.27258005e-06, 8.49859199e-08,
       7.14926109e-03, 7.19394397e-03, 7.04202217e-03, 9.29068820e-02,
       1.25112069e-04, 7.07240653e-03, 7.03889437e-03, 6.66057930e-03,
       4.63735854e-06, 7.26364704e-03, 6.81414169e-03])}
{'img': array([[[ 0.00000000e+00, -3.06098336e-01, -1.63248646e-01, ...,
          9.36085860e-01,  7.18313672e-01,  8.58989644e-01],
        [ 3.06098336e-01,  0.00000000e+00,  1.46579320e-01, ...,
          9.98830348e-01,  8.96793091e-01,  9.74478248e-01],
        [ 1.63248646e-01, -1.46579320e-01,  0.00000000e+00, ...,
          9.80954467e-01,  8.22252712e-01,  9.31048419e-01],
        ...,
        [-9.36085860e-01, -9.98830348e-01, -9.80954467e-01, ...,
          0.00000000e+00, -3.98570729e-01, -1.77101204e-01],
        [-7.18313672e-01, -8.96793091e-01, -8.22252712e-01, ...,
          3.98570729e-01,  0.00000000e+00,  2.29844207e-01],
        [-8.58989644e-01, -9.74478248e-01, -9.31048419e-01, ...,
          1.77101204e-01, -2.29844207e-01,  0.00000000e+00]],

       [[ 0.00000000e+00,  2.94048641e-01, -7.21731455e-02, ...,
         -7.80351872e-01,  5.97571949e-01, -5.53696432e-01],
        [-2.94048641e-01,  0.00000000e+00, -3.62264200e-01, ...,
         -9.29733447e-01,  3.35380868e-01, -7.74077537e-01],
        [ 7.21731455e-02,  3.62264200e-01,  0.00000000e+00, ...,
         -7.33184003e-01,  6.53883084e-01, -4.92152537e-01],
        ...,
        [ 7.80351872e-01,  9.29733447e-01,  7.33184003e-01, ...,
          0.00000000e+00,  9.99384110e-01,  3.03564617e-01],
        [-5.97571949e-01, -3.35380868e-01, -6.53883084e-01, ...,
         -9.99384110e-01,  0.00000000e+00, -9.41571542e-01],
        [ 5.53696432e-01,  7.74077537e-01,  4.92152537e-01, ...,
         -3.03564617e-01,  9.41571542e-01,  0.00000000e+00]],

       [[ 0.00000000e+00, -1.16599117e-01, -2.54871432e-01, ...,
          7.23797746e-01,  6.58305730e-01,  7.06521506e-01],
        [ 1.16599117e-01,  0.00000000e+00, -1.40384544e-01, ...,
          7.99315577e-01,  7.41585529e-01,  7.84218578e-01],
        [ 2.54871432e-01,  1.40384544e-01,  0.00000000e+00, ...,
          8.75758684e-01,  8.28419790e-01,  8.63558962e-01],
        ...,
        [-7.23797746e-01, -7.99315577e-01, -8.75758684e-01, ...,
          0.00000000e+00, -9.06002573e-02, -2.47171127e-02],
        [-6.58305730e-01, -7.41585529e-01, -8.28419790e-01, ...,
          9.06002573e-02,  0.00000000e+00,  6.59571180e-02],
        [-7.06521506e-01, -7.84218578e-01, -8.63558962e-01, ...,
          2.47171127e-02, -6.59571180e-02,  0.00000000e+00]],

       ...,

       [[ 0.00000000e+00, -3.12911988e-01, -1.96477672e-01, ...,
          9.26951701e-02, -2.39334178e-01, -8.53544066e-02],
        [ 3.12911988e-01,  0.00000000e+00,  1.20201820e-01, ...,
          3.99604972e-01,  7.65025822e-02,  2.30701974e-01],
        [ 1.96477672e-01, -1.20201820e-01,  0.00000000e+00, ...,
          2.86520128e-01, -4.39016564e-02,  1.12069953e-01],
        ...,
        [-9.26951701e-02, -3.99604972e-01, -2.86520128e-01, ...,
          0.00000000e+00, -3.28304927e-01, -1.77343809e-01],
        [ 2.39334178e-01, -7.65025822e-02,  4.39016564e-02, ...,
          3.28304927e-01,  0.00000000e+00,  1.55586991e-01],
        [ 8.53544066e-02, -2.30701974e-01, -1.12069953e-01, ...,
          1.77343809e-01, -1.55586991e-01,  0.00000000e+00]],

       [[ 0.00000000e+00, -9.17623648e-02, -2.16696690e-01, ...,
          1.05649085e-01,  1.06026486e-01,  1.21651738e-01],
        [ 9.17623648e-02,  0.00000000e+00, -1.26200435e-01, ...,
          1.96452159e-01,  1.96824281e-01,  2.12219313e-01],
        [ 2.16696690e-01,  1.26200435e-01,  0.00000000e+00, ...,
          3.18622696e-01,  3.18982425e-01,  3.33848419e-01],
        ...,
        [-1.05649085e-01, -1.96452159e-01, -3.18622696e-01, ...,
          0.00000000e+00,  3.79532521e-04,  1.61064985e-02],
        [-1.06026486e-01, -1.96824281e-01, -3.18982425e-01, ...,
         -3.79532521e-04,  0.00000000e+00,  1.57270141e-02],
        [-1.21651738e-01, -2.12219313e-01, -3.33848419e-01, ...,
         -1.61064985e-02, -1.57270141e-02,  0.00000000e+00]],

       [[ 0.00000000e+00,  2.08225490e-01,  4.29420230e-01, ...,
          8.65070350e-01,  8.32398664e-01,  6.82554680e-01],
        [-2.08225490e-01,  0.00000000e+00,  2.31958264e-01, ...,
          9.50565176e-01,  9.29547028e-01,  8.19772038e-01],
        [-4.29420230e-01, -2.31958264e-01,  0.00000000e+00, ...,
          9.96668080e-01,  9.89718160e-01,  9.30253534e-01],
        ...,
        [-8.65070350e-01, -9.50565176e-01, -9.96668080e-01, ...,
          0.00000000e+00,  6.18290791e-02,  2.89819342e-01],
        [-8.32398664e-01, -9.29547028e-01, -9.89718160e-01, ...,
         -6.18290791e-02,  0.00000000e+00,  2.30089386e-01],
        [-6.82554680e-01, -8.19772038e-01, -9.30253534e-01, ...,
         -2.89819342e-01, -2.30089386e-01,  0.00000000e+00]]]), 'num': array([ 8.71560951e-01,  4.78852849e-01,  4.97098863e-06,  1.59646338e-07,
        7.01264467e-03,  7.15467292e-03,  6.99489114e-03,  1.03398516e-01,
       -8.87676541e-05,  7.05347779e-03,  7.00376791e-03,  6.62665332e-03,
        4.78746898e-06,  7.20320889e-03,  6.80432692e-03])}
{'img': array([[[ 0.        ,  0.14657932,  0.05735124, ...,  0.89679309,
          0.97447825,  0.92185191],
        [-0.14657932,  0.        , -0.08960627, ...,  0.82225271,
          0.93104842,  0.85508922],
        [-0.05735124,  0.08960627,  0.        , ...,  0.86994196,
          0.96      ,  0.89810856],
        ...,
        [-0.89679309, -0.82225271, -0.86994196, ...,  0.        ,
          0.22984421,  0.06032825],
        [-0.97447825, -0.93104842, -0.96      , ..., -0.22984421,
          0.        , -0.17071246],
        [-0.92185191, -0.85508922, -0.89810856, ..., -0.06032825,
          0.17071246,  0.        ]],

       [[ 0.        , -0.3622642 , -0.79827204, ...,  0.33538087,
         -0.77407754, -0.68738914],
        [ 0.3622642 ,  0.        , -0.52585911, ...,  0.65388308,
         -0.49215254, -0.37758993],
        [ 0.79827204,  0.52585911,  0.        , ...,  0.95403713,
          0.03915406,  0.16576399],
        ...,
        [-0.33538087, -0.65388308, -0.95403713, ...,  0.        ,
         -0.94157154, -0.89116091],
        [ 0.77407754,  0.49215254, -0.03915406, ...,  0.94157154,
          0.        ,  0.1270245 ],
        [ 0.68738914,  0.37758993, -0.16576399, ...,  0.89116091,
         -0.1270245 ,  0.        ]],

       [[ 0.        , -0.14038454, -0.27058037, ...,  0.74158553,
          0.78421858,  0.82454685],
        [ 0.14038454,  0.        , -0.13275299, ...,  0.82841979,
          0.86355896,  0.8958101 ],
        [ 0.27058037,  0.13275299,  0.        , ...,  0.89544355,
          0.92285615,  0.94688176],
        ...,
        [-0.74158553, -0.82841979, -0.89544355, ...,  0.        ,
          0.06595712,  0.13356972],
        [-0.78421858, -0.86355896, -0.92285615, ..., -0.06595712,
          0.        ,  0.06791276],
        [-0.82454685, -0.8958101 , -0.94688176, ..., -0.13356972,
         -0.06791276,  0.        ]],

       ...,

       [[ 0.        ,  0.12020182,  0.07972907, ...,  0.07650258,
          0.23070197,  0.3034162 ],
        [-0.12020182,  0.        , -0.04066817, ..., -0.04390166,
          0.11206995,  0.186681  ],
        [-0.07972907,  0.04066817,  0.        , ..., -0.00323638,
          0.15238921,  0.2264798 ],
        ...,
        [-0.07650258,  0.04390166,  0.00323638, ...,  0.        ,
          0.15558699,  0.2296309 ],
        [-0.23070197, -0.11206995, -0.15238921, ..., -0.15558699,
          0.        ,  0.07540514],
        [-0.3034162 , -0.186681  , -0.2264798 , ..., -0.2296309 ,
         -0.07540514,  0.        ]],

       [[ 0.        , -0.12620043, -0.24899745, ...,  0.19682428,
          0.21221931,  0.1911152 ],
        [ 0.12620043,  0.        , -0.12478102, ...,  0.31898242,
          0.33384842,  0.31346145],
        [ 0.24899745,  0.12478102,  0.        , ...,  0.43475189,
          0.44886109,  0.4295037 ],
        ...,
        [-0.19682428, -0.31898242, -0.43475189, ...,  0.        ,
          0.01572701, -0.00581959],
        [-0.21221931, -0.33384842, -0.44886109, ..., -0.01572701,
          0.        , -0.02154561],
        [-0.1911152 , -0.31346145, -0.4295037 , ...,  0.00581959,
          0.02154561,  0.        ]],

       [[ 0.        ,  0.22811886,  0.40230155, ...,  0.97341532,
          0.95335983,  0.81227244],
        [-0.22811886,  0.        ,  0.18284972, ...,  0.99999955,
          0.99707738,  0.92391226],
        [-0.40230155, -0.18284972,  0.        , ...,  0.98331479,
          0.99423694,  0.97829501],
        ...,
        [-0.97341532, -0.99999955, -0.98331479, ...,  0.        ,
          0.07544752,  0.38172323],
        [-0.95335983, -0.99707738, -0.99423694, ..., -0.07544752,
          0.        ,  0.31090086],
        [-0.81227244, -0.92391226, -0.97829501, ..., -0.38172323,
         -0.31090086,  0.        ]]]), 'num': array([ 8.51583387e-01,  5.16066660e-01,  4.25243000e-06,  1.05165555e-07,
        6.84728014e-03,  6.89935071e-03,  6.69974685e-03,  9.00600453e-02,
       -8.67842856e-06,  6.89587934e-03,  6.85509072e-03,  6.49291097e-03,
        4.70694431e-06,  7.03645950e-03,  6.67372195e-03])}
{'img': array([[[ 0.        , -0.08960627, -0.21600915, ...,  0.93104842,
          0.85508922,  0.84698732],
        [ 0.08960627,  0.        , -0.12764941, ...,  0.96      ,
          0.89810856,  0.89121598],
        [ 0.21600915,  0.12764941,  0.        , ...,  0.98788841,
          0.94689832,  0.94182438],
        ...,
        [-0.93104842, -0.96      , -0.98788841, ...,  0.        ,
         -0.17071246, -0.18589554],
        [-0.85508922, -0.89810856, -0.94689832, ...,  0.17071246,
          0.        , -0.01542989],
        [-0.84698732, -0.89121598, -0.94182438, ...,  0.18589554,
          0.01542989,  0.        ]],

       [[ 0.        , -0.52585911, -0.81287792, ..., -0.49215254,
         -0.37758993, -0.49392269],
        [ 0.52585911,  0.        , -0.38513266, ...,  0.03915406,
          0.16576399,  0.0371209 ],
        [ 0.81287792,  0.38513266,  0.        , ...,  0.4209711 ,
          0.53278169,  0.41912466],
        ...,
        [ 0.49215254, -0.03915406, -0.4209711 , ...,  0.        ,
          0.1270245 , -0.00203464],
        [ 0.37758993, -0.16576399, -0.53278169, ..., -0.1270245 ,
          0.        , -0.12904239],
        [ 0.49392269, -0.0371209 , -0.41912466, ...,  0.00203464,
          0.12904239,  0.        ]],

       [[ 0.        , -0.13275299, -0.22242335, ...,  0.86355896,
          0.8958101 ,  0.8958101 ],
        [ 0.13275299,  0.        , -0.09102716, ...,  0.92285615,
          0.94688176,  0.94688176],
        [ 0.22242335,  0.09102716,  0.        , ...,  0.95408347,
          0.97222339,  0.97222339],
        ...,
        [-0.86355896, -0.92285615, -0.95408347, ...,  0.        ,
          0.06791276,  0.06791276],
        [-0.8958101 , -0.94688176, -0.97222339, ..., -0.06791276,
          0.        ,  0.        ],
        [-0.8958101 , -0.94688176, -0.97222339, ..., -0.06791276,
          0.        ,  0.        ]],

       ...,

       [[ 0.        , -0.04066817, -0.31309042, ...,  0.11206995,
          0.186681  ,  0.19777325],
        [ 0.04066817,  0.        , -0.2742079 , ...,  0.15238921,
          0.2264798 ,  0.23747452],
        [ 0.31309042,  0.2742079 ,  0.        , ...,  0.4175535 ,
          0.48488177,  0.49473607],
        ...,
        [-0.11206995, -0.15238921, -0.4175535 , ...,  0.        ,
          0.07540514,  0.08667102],
        [-0.186681  , -0.2264798 , -0.48488177, ..., -0.07540514,
          0.        ,  0.01130288],
        [-0.19777325, -0.23747452, -0.49473607, ..., -0.08667102,
         -0.01130288,  0.        ]],

       [[ 0.        , -0.12478102, -0.11726993, ...,  0.33384842,
          0.31346145,  0.30322928],
        [ 0.12478102,  0.        ,  0.00756666, ...,  0.44886109,
          0.4295037 ,  0.41976536],
        [ 0.11726993, -0.00756666,  0.        , ...,  0.44208666,
          0.42265822,  0.4128856 ],
        ...,
        [-0.33384842, -0.44886109, -0.44208666, ...,  0.        ,
         -0.02154561, -0.03229801],
        [-0.31346145, -0.4295037 , -0.42265822, ...,  0.02154561,
          0.        , -0.01075614],
        [-0.30322928, -0.41976536, -0.4128856 , ...,  0.03229801,
          0.01075614,  0.        ]],

       [[ 0.        ,  0.18076574,  0.16731807, ...,  0.99999484,
          0.98762264,  0.9200367 ],
        [-0.18076574,  0.        , -0.01365578, ...,  0.98410172,
          0.9997056 ,  0.97571002],
        [-0.16731807,  0.01365578,  0.        , ...,  0.9864353 ,
          0.99994372,  0.97262752],
        ...,
        [-0.99999484, -0.98410172, -0.9864353 , ...,  0.        ,
          0.15367571,  0.38887505],
        [-0.98762264, -0.9997056 , -0.99994372, ..., -0.15367571,
          0.        ,  0.24267577],
        [-0.9200367 , -0.97571002, -0.97262752, ..., -0.38887505,
         -0.24267577,  0.        ]]]), 'num': array([ 9.92382309e-01,  9.10643577e-02,  1.14817573e-05,  1.17245702e-07,
        7.97626506e-03,  8.02706929e-03,  7.85433489e-03,  7.98687298e-02,
       -4.06433888e-05,  8.02706929e-03,  8.02808538e-03,  7.61589368e-03,
        4.72894776e-06,  8.23769457e-03,  7.81847619e-03])}
{'img': array([[[ 0.        , -0.12764941, -0.06895263, ...,  0.89810856,
          0.89121598,  0.86266565],
        [ 0.12764941,  0.        ,  0.05895704, ...,  0.94689832,
          0.94182438,  0.92017032],
        [ 0.06895263, -0.05895704,  0.        , ...,  0.92629457,
          0.92037031,  0.89548694],
        ...,
        [-0.89810856, -0.94689832, -0.92629457, ...,  0.        ,
         -0.01542989, -0.07486277],
        [-0.89121598, -0.94182438, -0.92037031, ...,  0.01542989,
          0.        , -0.05946726],
        [-0.86266565, -0.92017032, -0.89548694, ...,  0.07486277,
          0.05946726,  0.        ]],

       [[ 0.        , -0.38513266,  0.31460043, ...,  0.16576399,
          0.0371209 , -0.29659173],
        [ 0.38513266,  0.        ,  0.65590978, ...,  0.53278169,
          0.41912466,  0.09409037],
        [-0.31460043, -0.65590978,  0.        , ..., -0.15290088,
         -0.27914755, -0.58197683],
        ...,
        [-0.16576399, -0.53278169,  0.15290088, ...,  0.        ,
         -0.12904239, -0.45079385],
        [-0.0371209 , -0.41912466,  0.27914755, ...,  0.12904239,
          0.        , -0.33183793],
        [ 0.29659173, -0.09409037,  0.58197683, ...,  0.45079385,
          0.33183793,  0.        ]],

       [[ 0.        , -0.09102716, -0.16595496, ...,  0.94688176,
          0.94688176,  0.91177586],
        [ 0.09102716,  0.        , -0.07550107, ...,  0.97222339,
          0.97222339,  0.94537432],
        [ 0.16595496,  0.07550107,  0.        , ...,  0.98711978,
          0.98711978,  0.96728831],
        ...,
        [-0.94688176, -0.97222339, -0.98711978, ...,  0.        ,
          0.        , -0.09566253],
        [-0.94688176, -0.97222339, -0.98711978, ...,  0.        ,
          0.        , -0.09566253],
        [-0.91177586, -0.94537432, -0.96728831, ...,  0.09566253,
          0.09566253,  0.        ]],

       ...,

       [[ 0.        , -0.2742079 , -0.69863685, ...,  0.2264798 ,
          0.23747452, -0.04564841],
        [ 0.2742079 ,  0.        , -0.47566912, ...,  0.48488177,
          0.49473607,  0.23002333],
        [ 0.69863685,  0.47566912,  0.        , ...,  0.84252434,
          0.84855891,  0.66524821],
        ...,
        [-0.2264798 , -0.48488177, -0.84252434, ...,  0.        ,
          0.01130288, -0.27070599],
        [-0.23747452, -0.49473607, -0.84855891, ..., -0.01130288,
          0.        , -0.28156955],
        [ 0.04564841, -0.23002333, -0.66524821, ...,  0.27070599,
          0.28156955,  0.        ]],

       [[ 0.        ,  0.00756666,  0.01332058, ...,  0.4295037 ,
          0.41976536,  0.41875008],
        [-0.00756666,  0.        ,  0.00575421, ...,  0.42265822,
          0.4128856 ,  0.41186681],
        [-0.01332058, -0.00575421,  0.        , ...,  0.41743624,
          0.40763792,  0.40661649],
        ...,
        [-0.4295037 , -0.42265822, -0.41743624, ...,  0.        ,
