state_0,state_1,state_2,state_3,state_4,state_5,state_6,state_7,state_8,state_9,state_10,state_11,state_12,state_13,state_14,state_15,state_16,state_17,state_18,state_19,state_20,state_21,state_22,state_23,state_24,state_25,state_26,state_27,state_28,state_29,state_30,state_31,state_32,state_33,state_34,state_35,state_36,state_37,state_38,state_39,state_40,state_41,state_42,state_43,state_44,state_45,state_46,state_47,state_48,state_49,state_50,state_51,state_52,state_53,state_54,state_55,state_56,state_57,state_58,state_59,state_60,state_61,state_62,state_63,state_64,state_65,state_66,state_67,state_68,state_69,state_70,state_71,state_72,state_73,state_74,state_75,state_76,state_77,state_78,state_79,state_80,state_81,state_82,state_83,state_84,state_85,state_86,state_87,state_88,state_89,state_90,state_91,state_92,state_93,state_94,state_95,state_96,state_97,state_98,state_99,state_100,state_101,state_102,state_103,state_104,state_105,state_106,state_107,state_108,state_109,state_110,state_111,state_112,state_113,state_114,state_115,state_116,state_117,state_118,state_119,state_120,state_121,state_122,state_123,state_124,state_125,state_126,state_127,state_128,state_129,state_130,state_131,state_132,state_133,state_134,state_135,state_136,state_137,state_138,state_139,state_140,state_141,state_142,state_143,state_144,state_145,state_146,state_147,state_148,state_149,state_150,state_151,state_152,state_153,state_154,state_155,state_156,state_157,state_158,state_159,state_160,state_161,state_162,state_163,state_164,state_165,state_166,state_167,state_168,state_169,state_170,state_171,state_172,state_173,state_174,state_175,state_176,state_177,state_178,state_179,state_180,state_181,state_182,state_183,state_184,state_185,state_186,state_187,state_188,state_189,state_190,state_191,state_192,state_193,state_194,state_195,state_196,state_197,state_198,state_199,state_200,state_201,state_202,state_203,state_204,state_205,state_206,state_207,state_208,state_209,state_210,state_211,state_212,state_213,state_214,state_215,state_216,state_217,state_218,state_219,state_220,state_221,state_222,state_223,state_224,state_225,state_226,state_227,state_228,state_229,state_230,state_231,state_232,state_233,state_234,state_235,state_236,state_237,state_238,state_239,state_240,state_241,state_242,state_243,state_244,state_245,state_246,state_247,state_248,state_249,state_250,state_251,state_252,state_253,state_254,state_255,state_256,state_257,state_258,state_259,state_260,state_261,state_262,state_263,state_264,state_265,state_266,state_267,state_268,state_269,state_270,state_271,state_272,state_273,state_274,state_275,state_276,state_277,state_278,state_279,state_280,state_281,state_282,state_283,state_284,state_285,state_286,state_287
{'img': array([[[ 0.        , -0.12675655, -0.18243114, ..., -0.62251477,
         -0.68050265, -0.86384741],
        [ 0.12675655,  0.        , -0.05633022, ..., -0.51829278,
         -0.58213332, -0.79302543],
        [ 0.18243114,  0.05633022,  0.        , ..., -0.46929604,
         -0.53540727, -0.75745053],
        ...,
        [ 0.62251477,  0.51829278,  0.46929604, ...,  0.        ,
         -0.07642189, -0.3624599 ],
        [ 0.68050265,  0.58213332,  0.53540727, ...,  0.07642189,
          0.        , -0.29017476],
        [ 0.86384741,  0.79302543,  0.75745053, ...,  0.3624599 ,
          0.29017476,  0.        ]],

       [[ 0.        , -0.03443838, -0.22018585, ...,  0.07169083,
         -0.3435057 , -0.23731803],
        [ 0.03443838,  0.        , -0.18646205, ...,  0.10599807,
         -0.31095911, -0.20372272],
        [ 0.22018585,  0.18646205,  0.        , ...,  0.28955068,
         -0.12828769, -0.01759818],
        ...,
        [-0.07169083, -0.10599807, -0.28955068, ...,  0.        ,
         -0.40995031, -0.30635016],
        [ 0.3435057 ,  0.31095911,  0.12828769, ...,  0.40995031,
          0.        ,  0.11081506],
        [ 0.23731803,  0.20372272,  0.01759818, ...,  0.30635016,
         -0.11081506,  0.        ]],

       [[ 0.        ,  0.18449944,  0.        , ..., -0.99159562,
         -0.95736275, -0.93808505],
        [-0.18449944,  0.        , -0.18449944, ..., -0.9984423 ,
         -0.99422711, -0.98589212],
        [ 0.        ,  0.18449944,  0.        , ..., -0.99159562,
         -0.95736275, -0.93808505],
        ...,
        [ 0.99159562,  0.9984423 ,  0.99159562, ...,  0.        ,
          0.1626009 ,  0.2221281 ],
        [ 0.95736275,  0.99422711,  0.95736275, ..., -0.1626009 ,
          0.        ,  0.06063328],
        [ 0.93808505,  0.98589212,  0.93808505, ..., -0.2221281 ,
         -0.06063328,  0.        ]],

       ...,

       [[ 0.        , -0.20766983, -0.15752912, ...,  0.72104332,
          0.38819874, -0.17467283],
        [ 0.20766983,  0.        ,  0.05098212, ...,  0.84921619,
          0.57111908,  0.03361244],
        [ 0.15752912, -0.05098212,  0.        , ...,  0.82119097,
          0.52852682, -0.01738458],
        ...,
        [-0.72104332, -0.84921619, -0.82119097, ...,  0.        ,
         -0.39551698, -0.83098744],
        [-0.38819874, -0.57111908, -0.52852682, ...,  0.39551698,
          0.        , -0.54320501],
        [ 0.17467283, -0.03361244,  0.01738458, ...,  0.83098744,
          0.54320501,  0.        ]],

       [[ 0.        ,  0.06880415,  0.18155813, ..., -0.97216783,
         -0.99849126, -0.99984367],
        [-0.06880415,  0.        ,  0.11346723, ..., -0.95374416,
         -0.99234692, -0.99869078],
        [-0.18155813, -0.11346723,  0.        , ..., -0.91347417,
         -0.97192703, -0.98643669],
        ...,
        [ 0.97216783,  0.95374416,  0.91347417, ...,  0.        ,
          0.18054944,  0.25143823],
        [ 0.99849126,  0.99234692,  0.97192703, ..., -0.18054944,
          0.        ,  0.07255709],
        [ 0.99984367,  0.99869078,  0.98643669, ..., -0.25143823,
         -0.07255709,  0.        ]],

       [[ 0.        ,  0.02707864,  0.04211129, ..., -0.89701563,
         -0.76114214, -0.83275843],
        [-0.02707864,  0.        ,  0.01504123, ..., -0.88471797,
         -0.74330023, -0.81746134],
        [-0.04211129, -0.01504123,  0.        , ..., -0.87760676,
         -0.73315419, -0.80870536],
        ...,
        [ 0.89701563,  0.88471797,  0.87760676, ...,  0.        ,
         -0.24536704, -0.12854235],
        [ 0.76114214,  0.74330023,  0.73315419, ...,  0.24536704,
          0.        ,  0.11871863],
        [ 0.83275843,  0.81746134,  0.80870536, ...,  0.12854235,
         -0.11871863,  0.        ]]]), 'num': array([7.06585573e-01, 7.06585573e-01, 0.00000000e+00, 0.00000000e+00,
       2.62690282e-04, 2.66109244e-04, 2.59271319e-04, 3.83811585e-02,
       5.69827075e-07, 2.64399763e-04, 2.55880848e-04, 2.62025483e-04,
       6.53216403e-06, 2.68599485e-04, 2.43162211e-04])}
{'img': array([[[ 0.        , -0.05633022, -0.10915057, ..., -0.58213332,
         -0.79302543, -0.77035246],
        [ 0.05633022,  0.        , -0.0529836 , ..., -0.53540727,
         -0.75745053, -0.73321211],
        [ 0.10915057,  0.0529836 ,  0.        , ..., -0.4899056 ,
         -0.721794  , -0.69615338],
        ...,
        [ 0.58213332,  0.53540727,  0.4899056 , ...,  0.        ,
         -0.29017476, -0.25518962],
        [ 0.79302543,  0.75745053,  0.721794  , ...,  0.29017476,
          0.        ,  0.03635763],
        [ 0.77035246,  0.73321211,  0.69615338, ...,  0.25518962,
         -0.03635763,  0.        ]],

       [[ 0.        , -0.18646205, -0.01654218, ..., -0.31095911,
         -0.20372272, -0.34259432],
        [ 0.18646205,  0.        ,  0.17018447, ..., -0.12828769,
         -0.01759818, -0.16140795],
        [ 0.01654218, -0.17018447,  0.        , ..., -0.2951945 ,
         -0.18749958, -0.32700634],
        ...,
        [ 0.31095911,  0.12828769,  0.2951945 , ...,  0.        ,
          0.11081506, -0.03346868],
        [ 0.20372272,  0.01759818,  0.18749958, ..., -0.11081506,
          0.        , -0.14401553],
        [ 0.34259432,  0.16140795,  0.32700634, ...,  0.03346868,
          0.14401553,  0.        ]],

       [[ 0.        , -0.18449944, -0.36417517, ..., -0.99422711,
         -0.98589212, -0.98865342],
        [ 0.18449944,  0.        , -0.18609328, ..., -0.95736275,
         -0.93808505, -0.94396632],
        [ 0.36417517,  0.18609328,  0.        , ..., -0.88687941,
         -0.85723502, -0.86605863],
        ...,
        [ 0.99422711,  0.95736275,  0.88687941, ...,  0.        ,
          0.06063328,  0.04326873],
        [ 0.98589212,  0.93808505,  0.85723502, ..., -0.06063328,
          0.        , -0.01738738],
        [ 0.98865342,  0.94396632,  0.86605863, ..., -0.04326873,
          0.01738738,  0.        ]],

       ...,

       [[ 0.        ,  0.05098212, -0.63748861, ...,  0.57111908,
          0.03361244, -0.12730878],
        [-0.05098212,  0.        , -0.67593927, ...,  0.52852682,
         -0.01738458, -0.17771051],
        [ 0.63748861,  0.67593927,  0.        , ...,  0.96331778,
          0.66302543,  0.53421516],
        ...,
        [-0.57111908, -0.52852682, -0.96331778, ...,  0.        ,
         -0.54320501, -0.67097556],
        [-0.03361244,  0.01738458, -0.66302543, ...,  0.54320501,
          0.        , -0.16057579],
        [ 0.12730878,  0.17771051, -0.53421516, ...,  0.67097556,
          0.16057579,  0.        ]],

       [[ 0.        ,  0.11346723, -0.12480179, ..., -0.99234692,
         -0.99869078, -0.99976671],
        [-0.11346723,  0.        , -0.23657589, ..., -0.97192703,
         -0.98643669, -0.99576076],
        [ 0.12480179,  0.23657589,  0.        , ..., -0.99999911,
         -0.99726681, -0.9892546 ],
        ...,
        [ 0.99234692,  0.97192703,  0.99999911, ...,  0.        ,
          0.07255709,  0.14488627],
        [ 0.99869078,  0.98643669,  0.99726681, ..., -0.07255709,
          0.        ,  0.0727129 ],
        [ 0.99976671,  0.99576076,  0.9892546 , ..., -0.14488627,
         -0.0727129 ,  0.        ]],

       [[ 0.        ,  0.01504123,  0.01334727, ..., -0.74330023,
         -0.81746134, -0.85464222],
        [-0.01504123,  0.        , -0.00169413, ..., -0.73315419,
         -0.80870536, -0.84673587],
        [-0.01334727,  0.00169413,  0.        , ..., -0.73430525,
         -0.80970071, -0.84763595],
        ...,
        [ 0.74330023,  0.73315419,  0.73430525, ...,  0.        ,
          0.11871863,  0.18578533],
        [ 0.81746134,  0.80870536,  0.80970071, ..., -0.11871863,
          0.        ,  0.06781966],
        [ 0.85464222,  0.84673587,  0.84763595, ..., -0.18578533,
         -0.06781966,  0.        ]]]), 'num': array([ 9.96575532e-01,  1.55060269e-04,  4.27648271e-04, -2.25728763e-09,
        3.70554285e-04,  3.72939827e-04,  3.64988019e-04,  8.26797260e-02,
        3.97590434e-06,  3.69759104e-04,  3.58109704e-04,  3.65438621e-04,
        1.00852208e-05,  3.76459440e-04,  3.39759969e-04])}
{'img': array([[[ 0.        , -0.0529836 , -0.32222943, ..., -0.75745053,
         -0.73321211, -0.59708201],
        [ 0.0529836 ,  0.        , -0.27161928, ..., -0.721794  ,
         -0.69615338, -0.55374095],
        [ 0.32222943,  0.27161928,  0.        , ..., -0.50666814,
         -0.47498775, -0.30674855],
        ...,
        [ 0.75745053,  0.721794  ,  0.50666814, ...,  0.        ,
          0.03635763,  0.21778141],
        [ 0.73321211,  0.69615338,  0.47498775, ..., -0.03635763,
          0.        ,  0.18215247],
        [ 0.59708201,  0.55374095,  0.30674855, ..., -0.21778141,
         -0.18215247,  0.        ]],

       [[ 0.        ,  0.17018447,  0.23691046, ..., -0.01759818,
         -0.16140795,  0.03327705],
        [-0.17018447,  0.        ,  0.06811489, ..., -0.18749958,
         -0.32700634, -0.1372986 ],
        [-0.23691046, -0.06811489,  0.        , ..., -0.25397096,
         -0.39061694, -0.20444955],
        ...,
        [ 0.01759818,  0.18749958,  0.25397096, ...,  0.        ,
         -0.14401553,  0.05086033],
        [ 0.16140795,  0.32700634,  0.39061694, ...,  0.14401553,
          0.        ,  0.19415927],
        [-0.03327705,  0.1372986 ,  0.20444955, ..., -0.05086033,
         -0.19415927,  0.        ]],

       [[ 0.        , -0.21605711, -0.40486317, ..., -0.95394282,
         -0.95903996, -0.94571799],
        [ 0.21605711,  0.        , -0.19774289, ..., -0.86659674,
         -0.87518545, -0.85316476],
        [ 0.40486317,  0.19774289,  0.        , ..., -0.75080936,
         -0.76223842, -0.7331672 ],
        ...,
        [ 0.95394282,  0.86659674,  0.75080936, ...,  0.        ,
         -0.01747677,  0.02631587],
        [ 0.95903996,  0.87518545,  0.76223842, ...,  0.01747677,
          0.        ,  0.04378257],
        [ 0.94571799,  0.85316476,  0.7331672 , ..., -0.02631587,
         -0.04378257,  0.        ]],

       ...,

       [[ 0.        , -0.67593927, -0.96833341, ..., -0.01738458,
         -0.17771051,  0.12805338],
        [ 0.67593927,  0.        , -0.54486501, ...,  0.66302543,
          0.53421516,  0.76474433],
        [ 0.96833341,  0.54486501,  0.        , ...,  0.96384683,
          0.90855295,  0.99233127],
        ...,
        [ 0.01738458, -0.66302543, -0.96384683, ...,  0.        ,
         -0.16057579,  0.14527548],
        [ 0.17771051, -0.53421516, -0.90855295, ...,  0.16057579,
          0.        ,  0.3022626 ],
        [-0.12805338, -0.76474433, -0.99233127, ..., -0.14527548,
         -0.3022626 ,  0.        ]],

       [[ 0.        , -0.23657589, -0.22844467, ..., -0.98643669,
         -0.99576076, -0.9999453 ],
        [ 0.23657589,  0.        ,  0.00836028, ..., -0.99726681,
         -0.9892546 , -0.96908536],
        [ 0.22844467, -0.00836028,  0.        , ..., -0.99784965,
         -0.99044233, -0.97111419],
        ...,
        [ 0.98643669,  0.99726681,  0.99784965, ...,  0.        ,
          0.0727129 ,  0.17445097],
        [ 0.99576076,  0.9892546 ,  0.99044233, ..., -0.0727129 ,
          0.        ,  0.10239127],
        [ 0.9999453 ,  0.96908536,  0.97111419, ..., -0.17445097,
         -0.10239127,  0.        ]],

       [[ 0.        , -0.00169413, -0.02597511, ..., -0.80870536,
         -0.84673587, -0.8938469 ],
        [ 0.00169413,  0.        , -0.02428151, ..., -0.80970071,
         -0.84763595, -0.89460522],
        [ 0.02597511,  0.02428151,  0.        , ..., -0.82371142,
         -0.86026928, -0.90519182],
        ...,
        [ 0.80870536,  0.80970071,  0.82371142, ...,  0.        ,
          0.06781966,  0.16317211],
        [ 0.84673587,  0.84763595,  0.86026928, ..., -0.06781966,
          0.        ,  0.09588571],
        [ 0.8938469 ,  0.89460522,  0.90519182, ..., -0.16317211,
         -0.09588571,  0.        ]]]), 'num': array([7.05912807e-01, 7.05912807e-01, 0.00000000e+00, 1.02022557e-07,
       2.65166195e-04, 2.65166195e-04, 2.61781095e-04, 5.80833574e-02,
       2.25673358e-06, 2.62345278e-04, 2.54982685e-04, 2.59176448e-04,
       7.25378650e-06, 2.68440440e-04, 2.41524930e-04])}
{'img': array([[[ 0.        , -0.27161928, -0.09827422, ..., -0.69615338,
         -0.55374095, -0.42185017],
        [ 0.27161928,  0.        ,  0.1757249 , ..., -0.47498775,
         -0.30674855, -0.15972278],
        [ 0.09827422, -0.1757249 ,  0.        , ..., -0.62223319,
         -0.46922864, -0.33070631],
        ...,
        [ 0.69615338,  0.47498775,  0.62223319, ...,  0.        ,
          0.18215247,  0.32833498],
        [ 0.55374095,  0.30674855,  0.46922864, ..., -0.18215247,
          0.        ,  0.15078785],
        [ 0.42185017,  0.15972278,  0.33070631, ..., -0.32833498,
         -0.15078785,  0.        ]],

       [[ 0.        ,  0.06811489,  0.2528143 , ..., -0.32700634,
         -0.1372986 , -0.14166821],
        [-0.06811489,  0.        ,  0.18632496, ..., -0.39061694,
         -0.20444955, -0.20876708],
        [-0.2528143 , -0.18632496,  0.        , ..., -0.55529859,
         -0.38325851, -0.38733055],
        ...,
        [ 0.32700634,  0.39061694,  0.55529859, ...,  0.        ,
          0.19415927,  0.18982863],
        [ 0.1372986 ,  0.20444955,  0.38325851, ..., -0.19415927,
          0.        , -0.00441273],
        [ 0.14166821,  0.20876708,  0.38733055, ..., -0.18982863,
          0.00441273,  0.        ]],

       [[ 0.        , -0.19774289, -0.28733821, ..., -0.87518545,
         -0.85316476, -0.85316476],
        [ 0.19774289,  0.        , -0.0922605 , ..., -0.76223842,
         -0.7331672 , -0.7331672 ],
        [ 0.28733821,  0.0922605 ,  0.        , ..., -0.69926752,
         -0.66729857, -0.66729857],
        ...,
        [ 0.87518545,  0.76223842,  0.69926752, ...,  0.        ,
          0.04378257,  0.04378257],
        [ 0.85316476,  0.7331672 ,  0.66729857, ..., -0.04378257,
          0.        ,  0.        ],
        [ 0.85316476,  0.7331672 ,  0.66729857, ..., -0.04378257,
          0.        ,  0.        ]],

       ...,

       [[ 0.        , -0.54486501,  0.03433583, ...,  0.53421516,
          0.76474433,  0.79623408],
        [ 0.54486501,  0.        ,  0.57333514, ...,  0.90855295,
          0.99233127,  0.99729836],
        [-0.03433583, -0.57333514,  0.        , ...,  0.50487441,
          0.74216966,  0.77499179],
        ...,
        [-0.53421516, -0.90855295, -0.50487441, ...,  0.        ,
          0.3022626 ,  0.34990121],
        [-0.76474433, -0.99233127, -0.74216966, ..., -0.3022626 ,
          0.        ,  0.05037892],
        [-0.79623408, -0.99729836, -0.77499179, ..., -0.34990121,
         -0.05037892,  0.        ]],

       [[ 0.        ,  0.00909829, -0.08459565, ..., -0.99154046,
         -0.97299026, -0.93867432],
        [-0.00909829,  0.        , -0.09365782, ..., -0.99268036,
         -0.9750503 , -0.9417726 ],
        [ 0.08459565,  0.09365782,  0.        , ..., -0.9770058 ,
         -0.94997387, -0.90614051],
        ...,
        [ 0.99154046,  0.99268036,  0.9770058 , ...,  0.        ,
          0.1026011 ,  0.22005009],
        [ 0.97299026,  0.9750503 ,  0.94997387, ..., -0.1026011 ,
          0.        ,  0.11880259],
        [ 0.93867432,  0.9417726 ,  0.90614051, ..., -0.22005009,
         -0.11880259,  0.        ]],

       [[ 0.        , -0.02428151,  0.05393843, ..., -0.84763595,
         -0.89460522, -0.93580553],
        [ 0.02428151,  0.        ,  0.07816869, ..., -0.86026928,
         -0.90519182, -0.94408926],
        [-0.05393843, -0.07816869,  0.        , ..., -0.81778346,
         -0.86920012, -0.91542905],
        ...,
        [ 0.84763595,  0.86026928,  0.81778346, ...,  0.        ,
          0.09588571,  0.19771227],
        [ 0.89460522,  0.90519182,  0.86920012, ..., -0.09588571,
          0.        ,  0.10280834],
        [ 0.93580553,  0.94408926,  0.91542905, ..., -0.19771227,
         -0.10280834,  0.        ]]]), 'num': array([9.93557511e-01, 2.85598728e-04, 4.17341139e-04, 1.39561455e-07,
       3.73270166e-04, 3.73270166e-04, 3.66212537e-04, 1.13323254e-01,
       4.70508613e-06, 3.65898864e-04, 3.56096602e-04, 3.60187413e-04,
       1.06933776e-05, 3.75214543e-04, 3.36978661e-04])}
{'img': array([[[ 0.        ,  0.1757249 ,  0.1757249 , ..., -0.30674855,
         -0.15972278,  0.08554387],
        [-0.1757249 ,  0.        ,  0.        , ..., -0.46922864,
         -0.33070631, -0.09086801],
        [-0.1757249 ,  0.        ,  0.        , ..., -0.46922864,
         -0.33070631, -0.09086801],
        ...,
        [ 0.30674855,  0.46922864,  0.46922864, ...,  0.        ,
          0.15078785,  0.38704399],
        [ 0.15972278,  0.33070631,  0.33070631, ..., -0.15078785,
          0.        ,  0.24358295],
        [-0.08554387,  0.09086801,  0.09086801, ..., -0.38704399,
         -0.24358295,  0.        ]],

       [[ 0.        ,  0.18632496, -0.21059295, ..., -0.20444955,
         -0.20876708, -0.05397952],
        [-0.18632496,  0.        , -0.38905149, ..., -0.38325851,
         -0.38733055, -0.23908755],
        [ 0.21059295,  0.38905149,  0.        , ...,  0.00628009,
          0.00186738,  0.15751695],
        ...,
        [ 0.20444955,  0.38325851, -0.00628009, ...,  0.        ,
         -0.00441273,  0.15131216],
        [ 0.20876708,  0.38733055, -0.00186738, ...,  0.00441273,
          0.        ,  0.1556726 ],
        [ 0.05397952,  0.23908755, -0.15751695, ..., -0.15131216,
         -0.1556726 ,  0.        ]],

       [[ 0.        , -0.0922605 , -0.14749728, ..., -0.7331672 ,
         -0.7331672 , -0.68312783],
        [ 0.0922605 ,  0.        , -0.0556168 , ..., -0.66729857,
         -0.66729857, -0.61283649],
        [ 0.14749728,  0.0556168 ,  0.        , ..., -0.62484286,
         -0.62484286, -0.567939  ],
        ...,
        [ 0.7331672 ,  0.66729857,  0.62484286, ...,  0.        ,
          0.        ,  0.07087114],
        [ 0.7331672 ,  0.66729857,  0.62484286, ...,  0.        ,
          0.        ,  0.07087114],
        [ 0.68312783,  0.61283649,  0.567939  , ..., -0.07087114,
         -0.07087114,  0.        ]],

       ...,

       [[ 0.        ,  0.57333514,  0.26392502, ...,  0.99233127,
          0.99729836,  0.98060093],
        [-0.57333514,  0.        , -0.33676721, ...,  0.74216966,
          0.77499179,  0.91580908],
        [-0.26392502,  0.33676721,  0.        , ...,  0.92452344,
          0.94255014,  0.99756518],
        ...,
        [-0.99233127, -0.74216966, -0.92452344, ...,  0.        ,
          0.05037892,  0.31572062],
        [-0.99729836, -0.77499179, -0.94255014, ..., -0.05037892,
          0.        ,  0.26751757],
        [-0.98060093, -0.91580908, -0.99756518, ..., -0.31572062,
         -0.26751757,  0.        ]],

       [[ 0.        , -0.09365782, -0.2290047 , ..., -0.9750503 ,
         -0.9417726 , -0.88728568],
        [ 0.09365782,  0.        , -0.13682921, ..., -0.94997387,
         -0.90614051, -0.84018869],
        [ 0.2290047 ,  0.13682921,  0.        , ..., -0.89830325,
         -0.83974236, -0.75808474],
        ...,
        [ 0.9750503 ,  0.94997387,  0.89830325, ...,  0.        ,
          0.11880259,  0.25274967],
        [ 0.9417726 ,  0.90614051,  0.83974236, ..., -0.11880259,
          0.        ,  0.13601439],
        [ 0.88728568,  0.84018869,  0.75808474, ..., -0.25274967,
         -0.13601439,  0.        ]],

       [[ 0.        ,  0.07816869,  0.21019516, ..., -0.90519182,
         -0.94408926, -0.9827737 ],
        [-0.07816869,  0.        ,  0.13312963, ..., -0.86920012,
         -0.91542905, -0.96531996],
        [-0.21019516, -0.13312963,  0.        , ..., -0.79563571,
         -0.85369855, -0.92197119],
        ...,
        [ 0.90519182,  0.86920012,  0.79563571, ...,  0.        ,
          0.10280834,  0.25039077],
        [ 0.94408926,  0.91542905,  0.85369855, ..., -0.10280834,
          0.        ,  0.14953063],
        [ 0.9827737 ,  0.96531996,  0.92197119, ..., -0.25039077,
         -0.14953063,  0.        ]]]), 'num': array([7.05969385e-01, 7.05969385e-01, 0.00000000e+00, 2.24331059e-07,
       2.66220185e-04, 2.66778299e-04, 2.63987731e-04, 5.66913931e-02,
       5.58113596e-07, 2.62313390e-04, 2.54639328e-04, 2.56378782e-04,
       7.39668621e-06, 2.68309694e-04, 2.40968963e-04])}
{'img': array([[[ 0.        ,  0.        ,  0.09827422, ..., -0.33070631,
         -0.09086801, -0.04625738],
        [ 0.        ,  0.        ,  0.09827422, ..., -0.33070631,
         -0.09086801, -0.04625738],
        [-0.09827422, -0.09827422,  0.        , ..., -0.42185017,
         -0.1882958 , -0.14420249],
        ...,
        [ 0.33070631,  0.33070631,  0.42185017, ...,  0.        ,
          0.24358295,  0.28669765],
        [ 0.09086801,  0.09086801,  0.1882958 , ..., -0.24358295,
          0.        ,  0.04470473],
        [ 0.04625738,  0.04625738,  0.14420249, ..., -0.28669765,
         -0.04470473,  0.        ]],

       [[ 0.        , -0.38905149, -0.26630149, ..., -0.38733055,
         -0.23908755, -0.39283604],
        [ 0.38905149,  0.        ,  0.12968157, ...,  0.00186738,
          0.15751695, -0.00411178],
        [ 0.26630149, -0.12968157,  0.        , ..., -0.12782973,
          0.02812417, -0.13375753],
        ...,
        [ 0.38733055, -0.00186738,  0.12782973, ...,  0.        ,
          0.1556726 , -0.00597914],
        [ 0.23908755, -0.15751695, -0.02812417, ..., -0.1556726 ,
          0.        , -0.16157607],
        [ 0.39283604,  0.00411178,  0.13375753, ...,  0.00597914,
          0.16157607,  0.        ]],

       [[ 0.        , -0.0556168 , -0.06892615, ..., -0.66729857,
         -0.61283649, -0.48254461],
        [ 0.0556168 ,  0.        , -0.01333493, ..., -0.62484286,
         -0.567939  , -0.43308456],
        [ 0.06892615,  0.01333493,  0.        , ..., -0.61437605,
         -0.55691291, -0.42102657],
        ...,
        [ 0.66729857,  0.62484286,  0.61437605, ...,  0.        ,
          0.07087114,  0.22507318],
        [ 0.61283649,  0.567939  ,  0.55691291, ..., -0.07087114,
          0.        ,  0.1554545 ],
        [ 0.48254461,  0.43308456,  0.42102657, ..., -0.22507318,
         -0.1554545 ,  0.        ]],

       ...,

       [[ 0.        , -0.33676721,  0.07864531, ...,  0.77499179,
          0.91580908,  0.84804388],
        [ 0.33676721,  0.        ,  0.40977561, ...,  0.94255014,
          0.99756518,  0.97696959],
        [-0.07864531, -0.40977561,  0.        , ...,  0.7228898 ,
          0.88138745,  0.803741  ],
        ...,
        [-0.77499179, -0.94255014, -0.7228898 , ...,  0.        ,
          0.26751757,  0.12525108],
        [-0.91580908, -0.99756518, -0.88138745, ..., -0.26751757,
          0.        , -0.14472484],
        [-0.84804388, -0.97696959, -0.803741  , ..., -0.12525108,
          0.14472484,  0.        ]],

       [[ 0.        , -0.13682921, -0.21230967, ..., -0.90614051,
         -0.84018869, -0.76954846],
        [ 0.13682921,  0.        , -0.07660299, ..., -0.83974236,
         -0.75808474, -0.67493304],
        [ 0.21230967,  0.07660299,  0.        , ..., -0.79568065,
         -0.70590014, -0.61642613],
        ...,
        [ 0.90614051,  0.83974236,  0.79568065, ...,  0.        ,
          0.13601439,  0.25314968],
        [ 0.84018869,  0.75808474,  0.70590014, ..., -0.13601439,
          0.        ,  0.11921312],
        [ 0.76954846,  0.67493304,  0.61642613, ..., -0.25314968,
         -0.11921312,  0.        ]],

       [[ 0.        ,  0.13312963,  0.26025515, ..., -0.91542905,
         -0.96531996, -0.99306045],
        [-0.13312963,  0.        ,  0.12939655, ..., -0.85369855,
         -0.92197119, -0.96856414],
        [-0.26025515, -0.12939655,  0.        , ..., -0.77913592,
         -0.8641102 , -0.92823215],
        ...,
        [ 0.91542905,  0.85369855,  0.77913592, ...,  0.        ,
          0.14953063,  0.29202729],
        [ 0.96531996,  0.92197119,  0.8641102 , ..., -0.14953063,
          0.        ,  0.14573147],
        [ 0.99306045,  0.96856414,  0.92823215, ..., -0.29202729,
         -0.14573147,  0.        ]]]), 'num': array([8.96328200e-01, 4.32501179e-01, 1.93261259e-04, 2.82864703e-07,
       3.39054840e-04, 3.39761204e-04, 3.36229383e-04, 9.76605084e-02,
       2.11909275e-06, 3.34675381e-04, 3.23656099e-04, 3.24503736e-04,
       1.03719308e-05, 3.41679326e-04, 3.05632872e-04])}
{'img': array([[[ 0.        ,  0.09827422,  0.77138922, ..., -0.09086801,
         -0.04625738,  0.09827422],
        [-0.09827422,  0.        ,  0.70511707, ..., -0.1882958 ,
         -0.14420249,  0.        ],
        [-0.77138922, -0.70511707,  0.        , ..., -0.82602303,
         -0.8       , -0.70511707],
        ...,
        [ 0.09086801,  0.1882958 ,  0.82602303, ...,  0.        ,
          0.04470473,  0.1882958 ],
        [ 0.04625738,  0.14420249,  0.8       , ..., -0.04470473,
          0.        ,  0.14420249],
        [-0.09827422,  0.        ,  0.70511707, ..., -0.1882958 ,
         -0.14420249,  0.        ]],

       [[ 0.        ,  0.12968157,  0.67575363, ...,  0.15751695,
         -0.00411178,  0.13655215],
        [-0.12968157,  0.        ,  0.5744555 , ...,  0.02812417,
         -0.13375753,  0.00693223],
        [-0.67575363, -0.5744555 ,  0.        , ..., -0.55120763,
         -0.67877883, -0.56876742],
        ...,
        [-0.15751695, -0.02812417,  0.55120763, ...,  0.        ,
         -0.16157607, -0.021194  ],
        [ 0.00411178,  0.13375753,  0.67877883, ...,  0.16157607,
          0.        ,  0.14062426],
        [-0.13655215, -0.00693223,  0.56876742, ...,  0.021194  ,
         -0.14062426,  0.        ]],

       [[ 0.        , -0.01333493,  0.10009718, ..., -0.567939  ,
         -0.43308456, -0.25588213],
        [ 0.01333493,  0.        ,  0.11335624, ..., -0.55691291,
         -0.42102657, -0.24296839],
        [-0.10009718, -0.11335624,  0.        , ..., -0.64747367,
         -0.52113238, -0.35136174],
        ...,
        [ 0.567939  ,  0.55691291,  0.64747367, ...,  0.        ,
          0.1554545 ,  0.3384221 ],
        [ 0.43308456,  0.42102657,  0.52113238, ..., -0.1554545 ,
          0.        ,  0.18802611],
        [ 0.25588213,  0.24296839,  0.35136174, ..., -0.3384221 ,
         -0.18802611,  0.        ]],

       ...,

       [[ 0.        ,  0.39621669,  0.71409447, ...,  0.982322  ,
          0.95380326,  0.89087779],
        [-0.39621669,  0.        ,  0.37827963, ...,  0.82775446,
          0.75670502,  0.99794439],
        [-0.71409447, -0.37827963,  0.        , ...,  0.55399607,
          0.45317256,  0.94803088],
        ...,
        [-0.982322  , -0.82775446, -0.55399607, ...,  0.        ,
         -0.11656983,  0.61298444],
        [-0.95380326, -0.75670502, -0.45317256, ...,  0.11656983,
          0.        ,  0.70090666],
        [-0.89087779, -0.99794439, -0.94803088, ..., -0.61298444,
         -0.70090666,  0.        ]],

       [[ 0.        , -0.07660299, -0.14999622, ..., -0.75808474,
         -0.67493304, -0.54314242],
        [ 0.07660299,  0.        , -0.07381913, ..., -0.70590014,
         -0.61642613, -0.47722751],
        [ 0.14999622,  0.07381913,  0.        , ..., -0.65168726,
         -0.55661818, -0.4110547 ],
        ...,
        [ 0.75808474,  0.70590014,  0.65168726, ...,  0.        ,
          0.11921312,  0.2823051 ],
        [ 0.67493304,  0.61642613,  0.55661818, ..., -0.11921312,
          0.        ,  0.16592781],
        [ 0.54314242,  0.47722751,  0.4110547 , ..., -0.2823051 ,
         -0.16592781,  0.        ]],

       [[ 0.        ,  0.12939655,  0.46487521, ..., -0.92197119,
         -0.96856414, -0.98143344],
        [-0.12939655,  0.        ,  0.34640234, ..., -0.8641102 ,
         -0.92823215, -0.94836381],
        [-0.46487521, -0.34640234,  0.        , ..., -0.63626449,
         -0.74189945, -0.77977334],
        ...,
        [ 0.92197119,  0.8641102 ,  0.63626449, ...,  0.        ,
          0.14573147,  0.20323155],
        [ 0.96856414,  0.92823215,  0.74189945, ..., -0.14573147,
          0.        ,  0.05837173],
        [ 0.98143344,  0.94836381,  0.77977334, ..., -0.20323155,
         -0.05837173,  0.        ]]]), 'num': array([7.79921499e-01, 6.21445556e-01, 6.58943628e-05, 2.80340539e-07,
       2.95664072e-04, 2.95664072e-04, 2.89517210e-04, 7.43451919e-02,
       6.14686221e-07, 2.93082390e-04, 2.82632724e-04, 2.82417584e-04,
       1.02159118e-05, 2.99216043e-04, 2.66049406e-04])}
{'img': array([[[ 0.        ,  0.70511707,  0.48999526, ..., -0.14420249,
          0.        ,  0.0529836 ],
        [-0.70511707,  0.        , -0.26721706, ..., -0.8       ,
         -0.70511707, -0.66655646],
        [-0.48999526,  0.26721706,  0.        , ..., -0.61057885,
         -0.48999526, -0.44311987],
        ...,
        [ 0.14420249,  0.8       ,  0.61057885, ...,  0.        ,
          0.14420249,  0.19642976],
        [ 0.        ,  0.70511707,  0.48999526, ..., -0.14420249,
          0.        ,  0.0529836 ],
        [-0.0529836 ,  0.66655646,  0.44311987, ..., -0.19642976,
         -0.0529836 ,  0.        ]],

       [[ 0.        ,  0.5744555 ,  0.19801028, ..., -0.13375753,
          0.00693223, -0.05546798],
        [-0.5744555 ,  0.        , -0.40100274, ..., -0.67877883,
         -0.56876742, -0.61897364],
        [-0.19801028,  0.40100274,  0.        , ..., -0.3273401 ,
         -0.19121055, -0.25207515],
        ...,
        [ 0.13375753,  0.67877883,  0.3273401 , ...,  0.        ,
          0.14062426,  0.07858206],
        [-0.00693223,  0.56876742,  0.19121055, ..., -0.14062426,
          0.        , -0.06238821],
        [ 0.05546798,  0.61897364,  0.25207515, ..., -0.07858206,
          0.06238821,  0.        ]],

       [[ 0.        ,  0.11335624,  0.35267432, ..., -0.42102657,
         -0.24296839, -0.07601917],
        [-0.11335624,  0.        ,  0.24432847, ..., -0.52113238,
         -0.35136174, -0.1885574 ],
        [-0.35267432, -0.24432847,  0.        , ..., -0.71386663,
         -0.56946289, -0.42278845],
        ...,
        [ 0.42102657,  0.52113238,  0.71386663, ...,  0.        ,
          0.18802611,  0.35085521],
        [ 0.24296839,  0.35136174,  0.56946289, ..., -0.18802611,
          0.        ,  0.16852413],
        [ 0.07601917,  0.1885574 ,  0.42278845, ..., -0.35085521,
         -0.16852413,  0.        ]],

       ...,

       [[ 0.        ,  0.31651101,  0.51761695, ...,  0.61922006,
          0.81852045,  0.97635227],
        [-0.31651101,  0.        ,  0.2201949 , ...,  0.33885526,
          0.59461094,  0.99458201],
        [-0.51761695, -0.2201949 ,  0.        , ...,  0.12337052,
          0.40297706,  0.94728054],
        ...,
        [-0.61922006, -0.33885526, -0.12337052, ...,  0.        ,
          0.28698865,  0.90051539],
        [-0.81852045, -0.59461094, -0.40297706, ..., -0.28698865,
          0.        ,  0.73784471],
        [-0.97635227, -0.99458201, -0.94728054, ..., -0.90051539,
         -0.73784471,  0.        ]],

       [[ 0.        , -0.07381913, -0.04706177, ..., -0.61642613,
         -0.47722751, -0.30029044],
        [ 0.07381913,  0.        ,  0.02680398, ..., -0.55661818,
         -0.4110547 , -0.22905892],
        [ 0.04706177, -0.02680398,  0.        , ..., -0.57868609,
         -0.4353418 , -0.25506795],
        ...,
        [ 0.61642613,  0.55661818,  0.57868609, ...,  0.        ,
          0.16592781,  0.35152421],
        [ 0.47722751,  0.4110547 ,  0.4353418 , ..., -0.16592781,
          0.        ,  0.19131325],
        [ 0.30029044,  0.22905892,  0.25506795, ..., -0.35152421,
         -0.19131325,  0.        ]],

       [[ 0.        ,  0.34640234,  0.32431841, ..., -0.92823215,
         -0.94836381, -0.95096358],
        [-0.34640234,  0.        , -0.02344002, ..., -0.74189945,
         -0.77977334, -0.78494241],
        [-0.32431841,  0.02344002,  0.        , ..., -0.7574124 ,
         -0.794234  , -0.79924945],
        ...,
        [ 0.92823215,  0.74189945,  0.7574124 , ...,  0.        ,
          0.05837173,  0.06665495],
        [ 0.94836381,  0.77977334,  0.794234  , ..., -0.05837173,
          0.        ,  0.00829938],
        [ 0.95096358,  0.78494241,  0.79924945, ..., -0.06665495,
         -0.00829938,  0.        ]]]), 'num': array([ 9.98878323e-01,  2.15501233e-04,  4.17850553e-04,  3.66354652e-07,
        3.78711726e-04,  3.81088578e-04,  3.73958023e-04,  4.73367474e-02,
       -2.37685184e-06,  3.79028640e-04,  3.65639041e-04,  3.63988450e-04,
        1.18171165e-05,  3.87083461e-04,  3.44194621e-04])}
{'img': array([[[ 0.        , -0.26721706, -0.66655646, ..., -0.70511707,
         -0.66655646, -0.77138922],
        [ 0.26721706,  0.        , -0.44311987, ..., -0.48999526,
         -0.44311987, -0.57329148],
        [ 0.66655646,  0.44311987,  0.        , ..., -0.0529836 ,
          0.        , -0.1508633 ],
        ...,
        [ 0.70511707,  0.48999526,  0.0529836 , ...,  0.        ,
          0.0529836 , -0.09827422],
        [ 0.66655646,  0.44311987,  0.        , ..., -0.0529836 ,
          0.        , -0.1508633 ],
        [ 0.77138922,  0.57329148,  0.1508633 , ...,  0.09827422,
          0.1508633 ,  0.        ]],

       [[ 0.        , -0.40100274, -0.50732917, ..., -0.56876742,
         -0.61897364, -0.83700834],
        [ 0.40100274,  0.        , -0.11918745, ..., -0.19121055,
         -0.25207515, -0.54733922],
        [ 0.50732917,  0.11918745,  0.        , ..., -0.07285923,
         -0.13493969, -0.44368839],
        ...,
        [ 0.56876742,  0.19121055,  0.07285923, ...,  0.        ,
         -0.06238821, -0.3772141 ],
        [ 0.61897364,  0.25207515,  0.13493969, ...,  0.06238821,
          0.        , -0.31869993],
        [ 0.83700834,  0.54733922,  0.44368839, ...,  0.3772141 ,
          0.31869993,  0.        ]],

       [[ 0.        ,  0.24432847,  0.32652907, ..., -0.35136174,
         -0.1885574 , -0.0866049 ],
        [-0.24432847,  0.        ,  0.08569667, ..., -0.56946289,
         -0.42278845, -0.32739059],
        [-0.32652907, -0.08569667,  0.        , ..., -0.63781211,
         -0.49889388, -0.40716006],
        ...,
        [ 0.35136174,  0.56946289,  0.63781211, ...,  0.        ,
          0.16852413,  0.26895863],
        [ 0.1885574 ,  0.42278845,  0.49889388, ..., -0.16852413,
          0.        ,  0.10279754],
        [ 0.0866049 ,  0.32739059,  0.40716006, ..., -0.26895863,
         -0.10279754,  0.        ]],

       ...,

       [[ 0.        ,  0.2201949 , -0.17156464, ...,  0.59461094,
          0.99458201,  0.63720283],
        [-0.2201949 ,  0.        , -0.38428377, ...,  0.40297706,
          0.94728054,  0.4518599 ],
        [ 0.17156464,  0.38428377,  0.        , ...,  0.72373486,
          0.9976702 ,  0.75997914],
        ...,
        [-0.59461094, -0.40297706, -0.72373486, ...,  0.        ,
          0.73784471,  0.05405537],
        [-0.99458201, -0.94728054, -0.9976702 , ..., -0.73784471,
          0.        , -0.70028015],
        [-0.63720283, -0.4518599 , -0.75997914, ..., -0.05405537,
          0.70028015,  0.        ]],

       [[ 0.        ,  0.02680398, -0.08306473, ..., -0.4110547 ,
         -0.22905892, -0.10112142],
        [-0.02680398,  0.        , -0.10974623, ..., -0.4353418 ,
         -0.25506795, -0.12775167],
        [ 0.08306473,  0.10974623,  0.        , ..., -0.33391146,
         -0.14741108, -0.01813302],
        ...,
        [ 0.4110547 ,  0.4353418 ,  0.33391146, ...,  0.        ,
          0.19131325,  0.3167643 ],
        [ 0.22905892,  0.25506795,  0.14741108, ..., -0.19131325,
          0.        ,  0.12945192],
        [ 0.10112142,  0.12775167,  0.01813302, ..., -0.3167643 ,
         -0.12945192,  0.        ]],

       [[ 0.        , -0.02344002,  0.15305436, ..., -0.77977334,
         -0.78494241, -0.83894641],
        [ 0.02344002,  0.        ,  0.17617615, ..., -0.794234  ,
         -0.79924945, -0.8514723 ],
        [-0.15305436, -0.17617615,  0.        , ..., -0.67476437,
         -0.68086635, -0.74576742],
        ...,
        [ 0.77977334,  0.794234  ,  0.67476437, ...,  0.        ,
          0.00829938,  0.10086881],
        [ 0.78494241,  0.79924945,  0.68086635, ..., -0.00829938,
          0.        ,  0.09260828],
        [ 0.83894641,  0.8514723 ,  0.74576742, ..., -0.10086881,
         -0.09260828,  0.        ]]]), 'num': array([7.41885254e-01, 6.60288100e-01, 3.37876416e-05, 1.79569714e-07,
       2.84310643e-04, 2.87253817e-04, 2.79601564e-04, 1.16727355e-01,
       2.94317436e-06, 2.82427012e-04, 2.72743968e-04, 2.70379618e-04,
       8.82952308e-06, 2.89006811e-04, 2.56481125e-04])}
{'img': array([[[ 0.        , -0.62853936, -0.57972133, ..., -0.62853936,
         -0.74535599, -0.5237828 ],
        [ 0.62853936,  0.        ,  0.06124882, ...,  0.        ,
         -0.16069509,  0.1280358 ],
        [ 0.57972133, -0.06124882,  0.        , ..., -0.06124882,
         -0.22084622,  0.0670507 ],
        ...,
        [ 0.62853936,  0.        ,  0.06124882, ...,  0.        ,
         -0.16069509,  0.1280358 ],
        [ 0.74535599,  0.16069509,  0.22084622, ...,  0.16069509,
          0.        ,  0.28574435],
        [ 0.5237828 , -0.1280358 , -0.0670507 , ..., -0.1280358 ,
         -0.28574435,  0.        ]],

