state_0,state_1,state_2,state_3,state_4,state_5,state_6,state_7,state_8,state_9,state_10,state_11,state_12,state_13,state_14,state_15,state_16,state_17,state_18,state_19,state_20,state_21,state_22,state_23,state_24,state_25,state_26,state_27,state_28,state_29,state_30,state_31,state_32,state_33,state_34,state_35,state_36,state_37,state_38,state_39,state_40,state_41,state_42,state_43,state_44,state_45,state_46,state_47,state_48,state_49,state_50,state_51,state_52,state_53,state_54,state_55,state_56,state_57,state_58,state_59,state_60,state_61,state_62,state_63,state_64,state_65,state_66,state_67,state_68,state_69,state_70,state_71,state_72,state_73,state_74,state_75,state_76,state_77,state_78,state_79,state_80,state_81,state_82,state_83,state_84,state_85,state_86,state_87,state_88,state_89,state_90,state_91,state_92,state_93,state_94,state_95,state_96,state_97,state_98,state_99,state_100,state_101,state_102,state_103,state_104,state_105,state_106,state_107,state_108,state_109,state_110,state_111,state_112,state_113,state_114,state_115,state_116,state_117,state_118,state_119,state_120,state_121,state_122,state_123,state_124,state_125,state_126,state_127,state_128,state_129,state_130,state_131,state_132,state_133,state_134,state_135,state_136,state_137,state_138,state_139,state_140,state_141,state_142,state_143,state_144,state_145,state_146,state_147,state_148,state_149,state_150,state_151,state_152,state_153,state_154,state_155,state_156,state_157,state_158,state_159,state_160,state_161,state_162,state_163,state_164,state_165,state_166,state_167,state_168,state_169,state_170,state_171,state_172,state_173,state_174,state_175,state_176,state_177,state_178,state_179,state_180,state_181,state_182,state_183,state_184,state_185,state_186,state_187,state_188,state_189,state_190,state_191,state_192,state_193,state_194,state_195,state_196,state_197,state_198,state_199,state_200,state_201,state_202,state_203,state_204,state_205,state_206,state_207,state_208,state_209,state_210,state_211,state_212,state_213,state_214,state_215,state_216,state_217,state_218,state_219,state_220,state_221,state_222,state_223,state_224,state_225,state_226,state_227,state_228,state_229,state_230,state_231,state_232,state_233,state_234,state_235,state_236,state_237,state_238,state_239,state_240,state_241,state_242,state_243,state_244,state_245,state_246,state_247,state_248,state_249,state_250,state_251,state_252,state_253,state_254,state_255,state_256,state_257,state_258,state_259,state_260,state_261,state_262,state_263,state_264,state_265,state_266,state_267,state_268,state_269,state_270,state_271,state_272,state_273,state_274,state_275,state_276,state_277,state_278,state_279,state_280,state_281,state_282,state_283,state_284,state_285,state_286,state_287
{'img': array([[[ 0.        , -0.01352466, -0.01352466, ...,  0.89555779,
          0.82261885,  0.76351105],
        [ 0.01352466,  0.        ,  0.        , ...,  0.90149361,
          0.83023364,  0.77217537],
        [ 0.01352466,  0.        ,  0.        , ...,  0.90149361,
          0.83023364,  0.77217537],
        ...,
        [-0.89555779, -0.90149361, -0.90149361, ...,  0.        ,
         -0.14318775, -0.23862594],
        [-0.82261885, -0.83023364, -0.83023364, ...,  0.14318775,
          0.        , -0.09711576],
        [-0.76351105, -0.77217537, -0.77217537, ...,  0.23862594,
          0.09711576,  0.        ]],

       [[ 0.        ,  0.00959511,  0.04922828, ...,  0.1074018 ,
          0.25517011, -0.03211678],
        [-0.00959511,  0.        ,  0.03964254, ...,  0.09785725,
          0.2458809 , -0.04170546],
        [-0.04922828, -0.03964254,  0.        , ...,  0.05832805,
          0.2072621 , -0.08128073],
        ...,
        [-0.1074018 , -0.09785725, -0.05832805, ...,  0.        ,
          0.14984774, -0.1392774 ],
        [-0.25517011, -0.2458809 , -0.2072621 , ..., -0.14984774,
          0.        , -0.28609207],
        [ 0.03211678,  0.04170546,  0.08128073, ...,  0.1392774 ,
          0.28609207,  0.        ]],

       [[ 0.        ,  0.08090481,  0.13336606, ...,  0.95826428,
          0.96319461,  0.95572722],
        [-0.08090481,  0.        ,  0.05274679, ...,  0.93199356,
          0.93828948,  0.92878761],
        [-0.13336606, -0.05274679,  0.        , ...,  0.91157676,
          0.91874078,  0.90794604],
        ...,
        [-0.95826428, -0.93199356, -0.91157676, ...,  0.        ,
          0.0177755 , -0.00874626],
        [-0.96319461, -0.93828948, -0.91874078, ..., -0.0177755 ,
          0.        , -0.0265197 ],
        [-0.95572722, -0.92878761, -0.90794604, ...,  0.00874626,
          0.0265197 ,  0.        ]],

       ...,

       [[ 0.        ,  0.0710143 , -0.10504827, ..., -0.18549473,
         -0.36719709, -0.92848697],
        [-0.0710143 ,  0.        , -0.17540445, ..., -0.25480828,
         -0.4323235 , -0.95251504],
        [ 0.10504827,  0.17540445,  0.        , ..., -0.08124322,
         -0.2674555 , -0.88433852],
        ...,
        [ 0.18549473,  0.25480828,  0.08124322, ...,  0.        ,
         -0.18828783, -0.84348707],
        [ 0.36719709,  0.4323235 ,  0.2674555 , ...,  0.18828783,
          0.        , -0.72726167],
        [ 0.92848697,  0.95251504,  0.88433852, ...,  0.84348707,
          0.72726167,  0.        ]],

       [[ 0.        ,  0.05500414,  0.10340142, ...,  0.68880337,
          0.78001415,  0.76437225],
        [-0.05500414,  0.        ,  0.04853558, ...,  0.72763576,
          0.8132528 ,  0.79868039],
        [-0.10340142, -0.04853558,  0.        , ...,  0.76007186,
          0.84053771,  0.82694566],
        ...,
        [-0.68880337, -0.72763576, -0.76007186, ...,  0.        ,
         -0.13444298, -0.11000696],
        [-0.78001415, -0.8132528 , -0.84053771, ...,  0.13444298,
          0.        ,  0.02461877],
        [-0.76437225, -0.79868039, -0.82694566, ...,  0.11000696,
         -0.02461877,  0.        ]],

       [[ 0.        ,  0.04026652,  0.07402149, ...,  0.98207623,
          0.99733902,  0.95003127],
        [-0.04026652,  0.        ,  0.03380541, ...,  0.97369014,
          0.99946571,  0.96183016],
        [-0.07402149, -0.03380541,  0.        , ...,  0.96543017,
          0.99999937,  0.97053116],
        ...,
        [-0.98207623, -0.97369014, -0.96543017, ...,  0.        ,
          0.25957911,  0.48562558],
        [-0.99733902, -0.99946571, -0.99999937, ..., -0.25957911,
          0.        ,  0.24206376],
        [-0.95003127, -0.96183016, -0.97053116, ..., -0.48562558,
         -0.24206376,  0.        ]]]), 'num': array([ 7.07105505e-01,  7.07105505e-01,  0.00000000e+00,  0.00000000e+00,
        2.19902042e-04,  2.26895393e-04,  2.17570925e-04,  1.79374018e-03,
       -4.66223410e-06,  2.26662281e-04,  2.25263611e-04,  2.04082822e-04,
        2.59013005e-07,  2.43945865e-04,  2.06581356e-04])}
{'img': array([[[ 0.        ,  0.        , -0.01357942, ...,  0.83023364,
          0.77217537,  0.6473514 ],
        [ 0.        ,  0.        , -0.01357942, ...,  0.83023364,
          0.77217537,  0.6473514 ],
        [ 0.01357942,  0.01357942,  0.        , ...,  0.83772647,
          0.78073266,  0.65764183],
        ...,
        [-0.83023364, -0.83023364, -0.83772647, ...,  0.        ,
         -0.09711576, -0.27195344],
        [-0.77217537, -0.77217537, -0.78073266, ...,  0.09711576,
          0.        , -0.17721244],
        [-0.6473514 , -0.6473514 , -0.65764183, ...,  0.27195344,
          0.17721244,  0.        ]],

       [[ 0.        ,  0.03964254,  0.08446533, ...,  0.2458809 ,
         -0.04170546,  0.12491216],
        [-0.03964254,  0.        ,  0.04489806, ...,  0.2072621 ,
         -0.08128073,  0.08548191],
        [-0.08446533, -0.04489806,  0.        , ...,  0.16312997,
         -0.12594826,  0.04066199],
        ...,
        [-0.2458809 , -0.2072621 , -0.16312997, ...,  0.        ,
         -0.28609207, -0.12287775],
        [ 0.04170546,  0.08128073,  0.12594826, ...,  0.28609207,
          0.        ,  0.16618229],
        [-0.12491216, -0.08548191, -0.04066199, ...,  0.12287775,
         -0.16618229,  0.        ]],

       [[ 0.        ,  0.05274679,  0.03526629, ...,  0.93828948,
          0.92878761,  0.8948552 ],
        [-0.05274679,  0.        , -0.01749678, ...,  0.91874078,
          0.90794604,  0.87006561],
        [-0.03526629,  0.01749678,  0.        , ...,  0.92550894,
          0.91513973,  0.87855722],
        ...,
        [-0.93828948, -0.91874078, -0.92550894, ...,  0.        ,
         -0.0265197 , -0.10932516],
        [-0.92878761, -0.90794604, -0.91513973, ...,  0.0265197 ,
          0.        , -0.08292597],
        [-0.8948552 , -0.87006561, -0.87855722, ...,  0.10932516,
          0.08292597,  0.        ]],

       ...,

       [[ 0.        , -0.17540445, -0.28601713, ..., -0.4323235 ,
         -0.95251504, -0.95834546],
        [ 0.17540445,  0.        , -0.11350601, ..., -0.2674555 ,
         -0.88433852, -0.89339016],
        [ 0.28601713,  0.11350601,  0.        , ..., -0.15635601,
         -0.82563346, -0.83662029],
        ...,
        [ 0.4323235 ,  0.2674555 ,  0.15635601, ...,  0.        ,
         -0.72726167, -0.74068129],
        [ 0.95251504,  0.88433852,  0.82563346, ...,  0.72726167,
          0.        , -0.01975873],
        [ 0.95834546,  0.89339016,  0.83662029, ...,  0.74068129,
          0.01975873,  0.        ]],

       [[ 0.        ,  0.04853558,  0.08237535, ...,  0.8132528 ,
          0.79868039,  0.82678638],
        [-0.04853558,  0.        ,  0.03390764, ...,  0.84053771,
          0.82694566,  0.85311401],
        [-0.08237535, -0.03390764,  0.        , ...,  0.85842395,
          0.8455358 ,  0.8703139 ],
        ...,
        [-0.8132528 , -0.84053771, -0.85842395, ...,  0.        ,
          0.02461877, -0.02364797],
        [-0.79868039, -0.82694566, -0.8455358 , ..., -0.02461877,
          0.        , -0.04825269],
        [-0.82678638, -0.85311401, -0.8703139 , ...,  0.02364797,
          0.04825269,  0.        ]],

       [[ 0.        ,  0.0333856 ,  0.07474391, ...,  0.99814609,
          0.99927615,  0.95851983],
        [-0.0333856 ,  0.        ,  0.04141003, ...,  0.9955577 ,
          0.99998915,  0.96750126],
        [-0.07474391, -0.04141003,  0.        , ...,  0.99080485,
          0.99932432,  0.97714257],
        ...,
        [-0.99814609, -0.9955577 , -0.99080485, ...,  0.        ,
          0.09879076,  0.34283647],
        [-0.99927615, -0.99998915, -0.99932432, ..., -0.09879076,
          0.        ,  0.24835584],
        [-0.95851983, -0.96750126, -0.97714257, ..., -0.34283647,
         -0.24835584,  0.        ]]]), 'num': array([ 9.99997158e-01,  2.83494692e-05,  3.52722691e-05, -1.55766314e-10,
        3.11032296e-04,  3.12677969e-04,  3.07192391e-04,  2.21449509e-03,
        5.48557841e-07,  3.16737297e-04,  3.18629822e-04,  2.88641993e-04,
        3.79376450e-07,  3.43840277e-04,  2.93419366e-04])}
{'img': array([[[ 0.00000000e+00, -1.35794172e-02, -1.24278739e-01, ...,
          7.72175370e-01,  6.47351398e-01,  6.58133462e-01],
        [ 1.35794172e-02,  0.00000000e+00, -1.10793139e-01, ...,
          7.80732662e-01,  6.57641828e-01,  6.68296740e-01],
        [ 1.24278739e-01,  1.10793139e-01,  0.00000000e+00, ...,
          8.45156849e-01,  7.37056928e-01,  7.46600804e-01],
        ...,
        [-7.72175370e-01, -7.80732662e-01, -8.45156849e-01, ...,
          0.00000000e+00, -1.77212438e-01, -1.63187593e-01],
        [-6.47351398e-01, -6.57641828e-01, -7.37056928e-01, ...,
          1.77212438e-01,  0.00000000e+00,  1.42321544e-02],
        [-6.58133462e-01, -6.68296740e-01, -7.46600804e-01, ...,
          1.63187593e-01, -1.42321544e-02,  0.00000000e+00]],

       [[ 0.00000000e+00,  4.48980603e-02,  3.39023327e-01, ...,
         -8.12807266e-02,  8.54819095e-02,  4.48848240e-02],
        [-4.48980603e-02,  0.00000000e+00,  2.96442341e-01, ...,
         -1.25948265e-01,  4.06619863e-02, -1.32496624e-05],
        [-3.39023327e-01, -2.96442341e-01,  0.00000000e+00, ...,
         -4.14368700e-01, -2.57362911e-01, -2.96454995e-01],
        ...,
        [ 8.12807266e-02,  1.25948265e-01,  4.14368700e-01, ...,
          0.00000000e+00,  1.66182288e-01,  1.25935121e-01],
        [-8.54819095e-02, -4.06619863e-02,  2.57362911e-01, ...,
         -1.66182288e-01,  0.00000000e+00, -4.06752250e-02],
        [-4.48848240e-02,  1.32496624e-05,  2.96454995e-01, ...,
         -1.25935121e-01,  4.06752250e-02,  0.00000000e+00]],

       [[ 0.00000000e+00, -1.74967813e-02, -4.09583185e-02, ...,
          9.07946045e-01,  8.70065615e-01,  8.08908384e-01],
        [ 1.74967813e-02,  0.00000000e+00, -2.34699496e-02, ...,
          9.15139731e-01,  8.78557217e-01,  8.19071521e-01],
        [ 4.09583185e-02,  2.34699496e-02,  0.00000000e+00, ...,
          9.24349249e-01,  8.89525331e-01,  8.32310411e-01],
        ...,
        [-9.07946045e-01, -9.15139731e-01, -9.24349249e-01, ...,
          0.00000000e+00, -8.29259658e-02, -1.94809944e-01],
        [-8.70065615e-01, -8.78557217e-01, -8.89525331e-01, ...,
          8.29259658e-02,  0.00000000e+00, -1.12801775e-01],
        [-8.08908384e-01, -8.19071521e-01, -8.32310411e-01, ...,
          1.94809944e-01,  1.12801775e-01,  0.00000000e+00]],

       ...,

       [[ 0.00000000e+00, -1.13506007e-01, -3.66878038e-01, ...,
         -8.84338518e-01, -8.93390163e-01, -8.75209392e-01],
        [ 1.13506007e-01,  0.00000000e+00, -2.58915893e-01, ...,
         -8.25633463e-01, -8.36620291e-01, -8.14645304e-01],
        [ 3.66878038e-01,  2.58915893e-01,  0.00000000e+00, ...,
         -6.51397132e-01, -6.66261642e-01, -6.36705061e-01],
        ...,
        [ 8.84338518e-01,  8.25633463e-01,  6.51397132e-01, ...,
          0.00000000e+00, -1.97587285e-02,  1.92055032e-02],
        [ 8.93390163e-01,  8.36620291e-01,  6.66261642e-01, ...,
          1.97587285e-02,  0.00000000e+00,  3.89568380e-02],
        [ 8.75209392e-01,  8.14645304e-01,  6.36705061e-01, ...,
         -1.92055032e-02, -3.89568380e-02,  0.00000000e+00]],

       [[ 0.00000000e+00,  3.39076418e-02,  3.32584879e-02, ...,
          8.26945663e-01,  8.53114013e-01,  8.93775009e-01],
        [-3.39076418e-02,  0.00000000e+00, -6.49520196e-04, ...,
          8.45535796e-01,  8.70313896e-01,  9.08469168e-01],
        [-3.32584879e-02,  6.49520196e-04,  0.00000000e+00, ...,
          8.45188826e-01,  8.69993826e-01,  9.08197508e-01],
        ...,
        [-8.26945663e-01, -8.45535796e-01, -8.45188826e-01, ...,
          0.00000000e+00, -4.82526869e-02, -1.31655439e-01],
        [-8.53114013e-01, -8.70313896e-01, -8.69993826e-01, ...,
          4.82526869e-02,  0.00000000e+00, -8.36694078e-02],
        [-8.93775009e-01, -9.08469168e-01, -9.08197508e-01, ...,
          1.31655439e-01,  8.36694078e-02,  0.00000000e+00]],

       [[ 0.00000000e+00,  4.04701600e-02,  9.88766149e-02, ...,
          9.89906653e-01,  9.98214730e-01,  9.61756611e-01],
        [-4.04701600e-02,  0.00000000e+00,  5.85237659e-02, ...,
          9.83360201e-01,  9.94979766e-01,  9.72053689e-01],
        [-9.88766149e-02, -5.85237659e-02,  0.00000000e+00, ...,
          9.71042929e-01,  9.87417545e-01,  9.84126564e-01],
        ...,
        [-9.89906653e-01, -9.83360201e-01, -9.71042929e-01, ...,
          0.00000000e+00,  8.23434429e-02,  4.07441905e-01],
        [-9.98214730e-01, -9.94979766e-01, -9.87417545e-01, ...,
         -8.23434429e-02,  0.00000000e+00,  3.30859642e-01],
        [-9.61756611e-01, -9.72053689e-01, -9.84126564e-01, ...,
         -4.07441905e-01, -3.30859642e-01,  0.00000000e+00]]]), 'num': array([ 7.07101792e-01,  7.07101792e-01,  0.00000000e+00, -1.56178622e-11,
        2.26510236e-04,  2.30395489e-04,  2.17962680e-04,  3.70321314e-03,
        6.21640443e-06,  2.23635149e-04,  2.26587941e-04,  2.04888805e-04,
        3.23771064e-07,  2.42553636e-04,  2.10622247e-04])}
{'img': array([[[ 0.00000000e+00, -1.10793139e-01, -9.67255167e-02, ...,
          6.57641828e-01,  6.68296740e-01,  8.28478429e-01],
        [ 1.10793139e-01,  0.00000000e+00,  1.41436159e-02, ...,
          7.37056928e-01,  7.46600804e-01,  8.85424374e-01],
        [ 9.67255167e-02, -1.41436159e-02,  0.00000000e+00, ...,
          7.27424514e-01,  7.37116768e-01,  8.78762090e-01],
        ...,
        [-6.57641828e-01, -7.37056928e-01, -7.27424514e-01, ...,
          0.00000000e+00,  1.42321544e-02,  2.55825063e-01],
        [-6.68296740e-01, -7.46600804e-01, -7.37116768e-01, ...,
         -1.42321544e-02,  0.00000000e+00,  2.42040600e-01],
        [-8.28478429e-01, -8.85424374e-01, -8.78762090e-01, ...,
         -2.55825063e-01, -2.42040600e-01,  0.00000000e+00]],

       [[ 0.00000000e+00,  2.96442341e-01, -8.52061359e-02, ...,
          4.06619863e-02, -1.32496624e-05,  2.95677672e-01],
        [-2.96442341e-01,  0.00000000e+00, -3.76740467e-01, ...,
         -2.57362911e-01, -2.96454995e-01, -8.00559109e-04],
        [ 8.52061359e-02,  3.76740467e-01,  0.00000000e+00, ...,
          1.25649780e-01,  8.51929344e-02,  3.75998773e-01],
        ...,
        [-4.06619863e-02,  2.57362911e-01, -1.25649780e-01, ...,
          0.00000000e+00, -4.06752250e-02,  2.56589236e-01],
        [ 1.32496624e-05,  2.96454995e-01, -8.51929344e-02, ...,
          4.06752250e-02,  0.00000000e+00,  2.95690329e-01],
        [-2.95677672e-01,  8.00559109e-04, -3.75998773e-01, ...,
         -2.56589236e-01, -2.95690329e-01,  0.00000000e+00]],

       [[ 0.00000000e+00, -2.34699496e-02, -5.00701974e-02, ...,
          8.78557217e-01,  8.19071521e-01,  8.00351282e-01],
        [ 2.34699496e-02,  0.00000000e+00, -2.66158940e-02, ...,
          8.89525331e-01,  8.32310411e-01,  8.14201790e-01],
        [ 5.00701974e-02,  2.66158940e-02,  0.00000000e+00, ...,
          9.01370628e-01,  8.46769003e-01,  8.29366055e-01],
        ...,
        [-8.78557217e-01, -8.89525331e-01, -9.01370628e-01, ...,
          0.00000000e+00, -1.12801775e-01, -1.44445104e-01],
        [-8.19071521e-01, -8.32310411e-01, -8.46769003e-01, ...,
          1.12801775e-01,  0.00000000e+00, -3.19043830e-02],
        [-8.00351282e-01, -8.14201790e-01, -8.29366055e-01, ...,
          1.44445104e-01,  3.19043830e-02,  0.00000000e+00]],

       ...,

       [[ 0.00000000e+00, -2.58915893e-01, -2.18428182e-01, ...,
         -8.36620291e-01, -8.14645304e-01, -6.75252876e-01],
        [ 2.58915893e-01,  0.00000000e+00,  4.16841047e-02, ...,
         -6.66261642e-01, -6.36705061e-01, -4.61253850e-01],
        [ 2.18428182e-01, -4.16841047e-02,  0.00000000e+00, ...,
         -6.96767143e-01, -6.68294585e-01, -4.97837928e-01],
        ...,
        [ 8.36620291e-01,  6.66261642e-01,  6.96767143e-01, ...,
          0.00000000e+00,  3.89568380e-02,  2.47187452e-01],
        [ 8.14645304e-01,  6.36705061e-01,  6.68294585e-01, ...,
         -3.89568380e-02,  0.00000000e+00,  2.09251893e-01],
        [ 6.75252876e-01,  4.61253850e-01,  4.97837928e-01, ...,
         -2.47187452e-01, -2.09251893e-01,  0.00000000e+00]],

       [[ 0.00000000e+00, -6.49520196e-04, -3.57500070e-03, ...,
          8.70313896e-01,  9.08469168e-01,  9.54648035e-01],
        [ 6.49520196e-04,  0.00000000e+00, -2.92548390e-03, ...,
          8.69993826e-01,  9.08197508e-01,  9.54454448e-01],
        [ 3.57500070e-03,  2.92548390e-03,  0.00000000e+00, ...,
          8.68547656e-01,  9.06969184e-01,  9.53577526e-01],
        ...,
        [-8.70313896e-01, -8.69993826e-01, -8.68547656e-01, ...,
          0.00000000e+00, -8.36694078e-02, -2.11037339e-01],
        [-9.08469168e-01, -9.08197508e-01, -9.06969184e-01, ...,
          8.36694078e-02,  0.00000000e+00, -1.28512345e-01],
        [-9.54648035e-01, -9.54454448e-01, -9.53577526e-01, ...,
          2.11037339e-01,  1.28512345e-01,  0.00000000e+00]],

       [[ 0.00000000e+00,  5.56512428e-02,  1.10669517e-01, ...,
          9.51514429e-01,  9.77878022e-01,  9.59784166e-01],
        [-5.56512428e-02,  0.00000000e+00,  5.51886171e-02, ...,
          9.32921287e-01,  9.64721672e-01,  9.73920230e-01],
        [-1.10669517e-01, -5.51886171e-02,  0.00000000e+00, ...,
          9.11627127e-01,  9.48721773e-01,  9.84957707e-01],
        ...,
        [-9.51514429e-01, -9.32921287e-01, -9.11627127e-01, ...,
          0.00000000e+00,  1.01765375e-01,  5.62360713e-01],
        [-9.77878022e-01, -9.64721672e-01, -9.48721773e-01, ...,
         -1.01765375e-01,  0.00000000e+00,  4.75292200e-01],
        [-9.59784166e-01, -9.73920230e-01, -9.84957707e-01, ...,
         -5.62360713e-01, -4.75292200e-01,  0.00000000e+00]]]), 'num': array([ 9.99994422e-01,  8.99838889e-05,  3.46587335e-05, -1.79937758e-10,
        3.20379513e-04,  3.27597769e-04,  3.20379513e-04,  3.21375632e-03,
       -3.33150274e-06,  3.18824812e-04,  3.25182430e-04,  2.93412849e-04,
        4.35316358e-07,  3.43284872e-04,  3.07079987e-04])}
{'img': array([[[ 0.00000000e+00,  1.41436159e-02, -5.74775391e-02, ...,
          7.46600804e-01,  8.85424374e-01,  8.36729779e-01],
        [-1.41436159e-02,  0.00000000e+00, -7.15920235e-02, ...,
          7.37116768e-01,  8.78762090e-01,  8.28900814e-01],
        [ 5.74775391e-02,  7.15920235e-02,  0.00000000e+00, ...,
          7.83604738e-01,  9.10675201e-01,  8.66822117e-01],
        ...,
        [-7.46600804e-01, -7.37116768e-01, -7.83604738e-01, ...,
          0.00000000e+00,  2.42040600e-01,  1.47802607e-01],
        [-8.85424374e-01, -8.78762090e-01, -9.10675201e-01, ...,
         -2.42040600e-01,  0.00000000e+00, -9.59743761e-02],
        [-8.36729779e-01, -8.28900814e-01, -8.66822117e-01, ...,
         -1.47802607e-01,  9.59743761e-02,  0.00000000e+00]],

       [[ 0.00000000e+00, -3.76740467e-01, -1.21752168e-01, ...,
         -2.96454995e-01, -8.00559109e-04, -1.86393637e-01],
        [ 3.76740467e-01,  0.00000000e+00,  2.61156390e-01, ...,
          8.51929344e-02,  3.75998773e-01,  1.97478205e-01],
        [ 1.21752168e-01, -2.61156390e-01,  0.00000000e+00, ...,
         -1.77970507e-01,  1.20957525e-01, -6.53884885e-02],
        ...,
        [ 2.96454995e-01, -8.51929344e-02,  1.77970507e-01, ...,
          0.00000000e+00,  2.95690329e-01,  1.13245014e-01],
        [ 8.00559109e-04, -3.75998773e-01, -1.20957525e-01, ...,
         -2.95690329e-01,  0.00000000e+00, -1.85607048e-01],
        [ 1.86393637e-01, -1.97478205e-01,  6.53884885e-02, ...,
         -1.13245014e-01,  1.85607048e-01,  0.00000000e+00]],

       [[ 0.00000000e+00, -2.66158940e-02, -6.54698713e-02, ...,
          8.32310411e-01,  8.14201790e-01,  7.99854635e-01],
        [ 2.66158940e-02,  0.00000000e+00, -3.88878867e-02, ...,
          8.46769003e-01,  8.29366055e-01,  8.15545967e-01],
        [ 6.54698713e-02,  3.88878867e-02,  0.00000000e+00, ...,
          8.66815320e-01,  8.50465586e-01,  8.37433193e-01],
        ...,
        [-8.32310411e-01, -8.46769003e-01, -8.66815320e-01, ...,
          0.00000000e+00, -3.19043830e-02, -5.61802433e-02],
        [-8.14201790e-01, -8.29366055e-01, -8.50465586e-01, ...,
          3.19043830e-02,  0.00000000e+00, -2.42976488e-02],
        [-7.99854635e-01, -8.15545967e-01, -8.37433193e-01, ...,
          5.61802433e-02,  2.42976488e-02,  0.00000000e+00]],

       ...,

       [[ 0.00000000e+00,  4.16841047e-02, -5.23066239e-02, ...,
         -6.36705061e-01, -4.61253850e-01, -5.23644907e-01],
        [-4.16841047e-02,  0.00000000e+00, -9.38882033e-02, ...,
         -6.68294585e-01, -4.97837928e-01, -5.58701991e-01],
        [ 5.23066239e-02,  9.38882033e-02,  0.00000000e+00, ...,
         -5.95499431e-01, -4.14212422e-01, -4.78366145e-01],
        ...,
        [ 6.36705061e-01,  6.68294585e-01,  5.95499431e-01, ...,
          0.00000000e+00,  2.09251893e-01,  1.38645883e-01],
        [ 4.61253850e-01,  4.97837928e-01,  4.14212422e-01, ...,
         -2.09251893e-01,  0.00000000e+00, -7.16544339e-02],
        [ 5.23644907e-01,  5.58701991e-01,  4.78366145e-01, ...,
         -1.38645883e-01,  7.16544339e-02,  0.00000000e+00]],

       [[ 0.00000000e+00, -2.92548390e-03, -2.11160976e-02, ...,
          9.08197508e-01,  9.54454448e-01,  9.95215304e-01],
        [ 2.92548390e-03,  0.00000000e+00, -1.81911756e-02, ...,
          9.06969184e-01,  9.53577526e-01,  9.94925208e-01],
        [ 2.11160976e-02,  1.81911756e-02,  0.00000000e+00, ...,
          8.99157037e-01,  9.47941504e-01,  9.92930228e-01],
        ...,
        [-9.08197508e-01, -9.06969184e-01, -8.99157037e-01, ...,
          0.00000000e+00, -1.28512345e-01, -3.27802749e-01],
        [-9.54454448e-01, -9.53577526e-01, -9.47941504e-01, ...,
          1.28512345e-01,  0.00000000e+00, -2.03673031e-01],
        [-9.95215304e-01, -9.94925208e-01, -9.92930228e-01, ...,
          3.27802749e-01,  2.03673031e-01,  0.00000000e+00]],

       [[ 0.00000000e+00,  5.14246179e-02,  1.04580725e-01, ...,
          8.92859498e-01,  9.58078735e-01,  9.56585303e-01],
        [-5.14246179e-02,  0.00000000e+00,  5.32997265e-02, ...,
          8.68519814e-01,  9.42077669e-01,  9.70307458e-01],
        [-1.04580725e-01, -5.32997265e-02,  0.00000000e+00, ...,
          8.40867018e-01,  9.22862111e-01,  9.81820086e-01],
        ...,
        [-8.92859498e-01, -8.68519814e-01, -8.40867018e-01, ...,
          0.00000000e+00,  1.75647967e-01,  6.91010297e-01],
        [-9.58078735e-01, -9.42077669e-01, -9.22862111e-01, ...,
         -1.75647967e-01,  0.00000000e+00,  5.53300950e-01],
        [-9.56585303e-01, -9.70307458e-01, -9.81820086e-01, ...,
         -6.91010297e-01, -5.53300950e-01,  0.00000000e+00]]]), 'num': array([ 7.07105935e-01,  7.07105935e-01,  0.00000000e+00, -9.49803701e-09,
        2.23376657e-04,  2.28882420e-04,  2.22983389e-04,  1.40971907e-03,
       -3.53941887e-06,  2.25028386e-04,  2.30809437e-04,  2.08235810e-04,
        3.03467234e-07,  2.41616531e-04,  2.20002343e-04])}
{'img': array([[[ 0.        , -0.07159202, -0.05709529, ...,  0.87876209,
          0.82890081,  0.74672168],
        [ 0.07159202,  0.        ,  0.01452645, ...,  0.9106752 ,
          0.86682212,  0.79242407],
        [ 0.05709529, -0.01452645,  0.        , ...,  0.9045779 ,
          0.85948751,  0.78347975],
        ...,
        [-0.87876209, -0.9106752 , -0.9045779 , ...,  0.        ,
         -0.09597438, -0.22811639],
        [-0.82890081, -0.86682212, -0.85948751, ...,  0.09597438,
          0.        , -0.13361946],
        [-0.74672168, -0.79242407, -0.78347975, ...,  0.22811639,
          0.13361946,  0.        ]],

       [[ 0.        ,  0.26115639,  0.05405744, ...,  0.37599877,
          0.1974782 ,  0.05050199],
        [-0.26115639,  0.        , -0.20859308, ...,  0.12095753,
         -0.06538849, -0.21207375],
        [-0.05405744,  0.20859308,  0.        , ...,  0.32535828,
          0.14419656, -0.00356031],
        ...,
        [-0.37599877, -0.12095753, -0.32535828, ...,  0.        ,
         -0.18560705, -0.32872282],
        [-0.1974782 ,  0.06538849, -0.14419656, ...,  0.18560705,
          0.        , -0.14771874],
        [-0.05050199,  0.21207375,  0.00356031, ...,  0.32872282,
          0.14771874,  0.        ]],

       [[ 0.        , -0.03888789, -0.07526682, ...,  0.82936605,
          0.81554597,  0.79539868],
        [ 0.03888789,  0.        , -0.03643231, ...,  0.85046559,
          0.83743319,  0.81836645],
        [ 0.07526682,  0.03643231,  0.        , ...,  0.8690655 ,
          0.85678895,  0.83876069],
        ...,
        [-0.82936605, -0.85046559, -0.8690655 , ...,  0.        ,
         -0.02429765, -0.05827394],
        [-0.81554597, -0.83743319, -0.85678895, ...,  0.02429765,
          0.        , -0.03400038],
        [-0.79539868, -0.81836645, -0.83876069, ...,  0.05827394,
          0.03400038,  0.        ]],

       ...,

       [[ 0.        , -0.0938882 , -0.20104713, ..., -0.49783793,
         -0.55870199, -0.57368738],
        [ 0.0938882 ,  0.        , -0.1081879 , ..., -0.41421242,
         -0.47836615, -0.49425183],
        [ 0.20104713,  0.1081879 ,  0.        , ..., -0.3133107 ,
         -0.38055202, -0.39730104],
        ...,
        [ 0.49783793,  0.41421242,  0.3133107 , ...,  0.        ,
         -0.07165443, -0.08977562],
        [ 0.55870199,  0.47836615,  0.38055202, ...,  0.07165443,
          0.        , -0.01817976],
        [ 0.57368738,  0.49425183,  0.39730104, ...,  0.08977562,
          0.01817976,  0.        ]],

       [[ 0.        , -0.01819118, -0.05901048, ...,  0.95357753,
          0.99492521,  0.99999921],
        [ 0.01819118,  0.        , -0.04084124, ...,  0.9479415 ,
          0.99293023,  0.99985667],
        [ 0.05901048,  0.04084124,  0.        , ...,  0.93414492,
          0.98725394,  0.99833097],
        ...,
        [-0.95357753, -0.9479415 , -0.93414492, ...,  0.        ,
         -0.20367303, -0.3023497 ],
        [-0.99492521, -0.99293023, -0.98725394, ...,  0.20367303,
          0.        , -0.1018716 ],
        [-0.99999921, -0.99985667, -0.99833097, ...,  0.3023497 ,
          0.1018716 ,  0.        ]],

       [[ 0.        ,  0.05128915,  0.12360224, ...,  0.90256937,
          0.98825436,  0.96085899],
        [-0.05128915,  0.        ,  0.07254371, ...,  0.8792992 ,
          0.97911577,  0.97380339],
        [-0.12360224, -0.07254371,  0.        , ...,  0.84243207,
          0.96178764,  0.98773348],
        ...,
        [-0.90256937, -0.8792992 , -0.84243207, ...,  0.        ,
          0.28755867,  0.66373845],
        [-0.98825436, -0.97911577, -0.96178764, ..., -0.28755867,
          0.        ,  0.42062039],
        [-0.96085899, -0.97380339, -0.98773348, ..., -0.66373845,
         -0.42062039,  0.        ]]]), 'num': array([ 9.92411039e-01,  1.22874827e-01,  3.17929128e-05, -1.39213471e-08,
        3.12109177e-04,  3.25803181e-04,  3.10397426e-04,  4.61264269e-03,
       -1.19822536e-05,  3.24319664e-04,  3.33021062e-04,  3.02523374e-04,
        3.88313774e-07,  3.50188990e-04,  3.15853135e-04])}
{'img': array([[[ 0.        ,  0.01452645,  0.01452645, ...,  0.86682212,
          0.79242407,  0.58780572],
        [-0.01452645,  0.        ,  0.        , ...,  0.85948751,
          0.78347975,  0.57599177],
        [-0.01452645,  0.        ,  0.        , ...,  0.85948751,
          0.78347975,  0.57599177],
        ...,
        [-0.86682212, -0.85948751, -0.85948751, ...,  0.        ,
         -0.13361946, -0.40817071],
        [-0.79242407, -0.78347975, -0.78347975, ...,  0.13361946,
          0.        , -0.28252857],
        [-0.58780572, -0.57599177, -0.57599177, ...,  0.40817071,
          0.28252857,  0.        ]],

       [[ 0.        , -0.20859308, -0.34056429, ..., -0.06538849,
         -0.21207375,  0.05488788],
        [ 0.20859308,  0.        , -0.13694909, ...,  0.14419656,
         -0.00356031,  0.26195912],
        [ 0.34056429,  0.13694909,  0.        , ...,  0.2783558 ,
          0.13342146,  0.39165765],
        ...,
        [ 0.06538849, -0.14419656, -0.2783558 , ...,  0.        ,
         -0.14771874,  0.12006033],
        [ 0.21207375,  0.00356031, -0.13342146, ...,  0.14771874,
          0.        ,  0.26539344],
        [-0.05488788, -0.26195912, -0.39165765, ..., -0.12006033,
         -0.26539344,  0.        ]],

       [[ 0.        , -0.03643231, -0.07030133, ...,  0.83743319,
          0.81836645,  0.78079776],
        [ 0.03643231,  0.        , -0.03391249, ...,  0.85678895,
          0.83876069,  0.80304173],
        [ 0.07030133,  0.03391249,  0.        , ...,  0.87378368,
          0.85674359,  0.82278905],
        ...,
        [-0.83743319, -0.85678895, -0.87378368, ...,  0.        ,
         -0.03400038, -0.09647775],
        [-0.81836645, -0.83876069, -0.85674359, ...,  0.03400038,
          0.        , -0.0625802 ],
        [-0.78079776, -0.80304173, -0.82278905, ...,  0.09647775,
          0.0625802 ,  0.        ]],

       ...,

       [[ 0.        , -0.1081879 , -0.06299007, ..., -0.47836615,
         -0.49425183, -0.60919623],
        [ 0.1081879 ,  0.        ,  0.0453527 , ..., -0.38055202,
         -0.39730104, -0.51982542],
        [ 0.06299007, -0.0453527 ,  0.        , ..., -0.42210079,
         -0.43851187, -0.5580341 ],
        ...,
        [ 0.47836615,  0.38055202,  0.42210079, ...,  0.        ,
         -0.01817976, -0.15561836],
        [ 0.49425183,  0.39730104,  0.43851187, ...,  0.01817976,
          0.        , -0.13763437],
        [ 0.60919623,  0.51982542,  0.5580341 , ...,  0.15561836,
          0.13763437,  0.        ]],

       [[ 0.        , -0.04084124, -0.05031297, ...,  0.99293023,
          0.99985667,  0.9999992 ],
        [ 0.04084124,  0.        , -0.00948147, ...,  0.98725394,
          0.99833097,  0.99911307],
        [ 0.05031297,  0.00948147,  0.        , ...,  0.98570056,
          0.99773852,  0.99866891],
        ...,
        [-0.99293023, -0.98725394, -0.98570056, ...,  0.        ,
         -0.1018716 , -0.11744054],
        [-0.99985667, -0.99833097, -0.99773852, ...,  0.1018716 ,
          0.        , -0.01566293],
        [-0.9999992 , -0.99911307, -0.99866891, ...,  0.11744054,
          0.01566293,  0.        ]],

       [[ 0.        ,  0.07254371,  0.10260995, ...,  0.97911577,
          0.97380339,  0.98264298],
        [-0.07254371,  0.        ,  0.0301788 , ...,  0.96178764,
          0.98773348,  0.96659659],
        [-0.10260995, -0.0301788 ,  0.        , ...,  0.95308671,
          0.99199598,  0.95842142],
        ...,
        [-0.97911577, -0.96178764, -0.95308671, ...,  0.        ,
          0.42062039,  0.01814212],
        [-0.97380339, -0.98773348, -0.99199598, ..., -0.42062039,
          0.        , -0.40409197],
        [-0.98264298, -0.96659659, -0.95842142, ..., -0.01814212,
          0.40409197,  0.        ]]]), 'num': array([ 7.07105857e-01,  7.07105857e-01,  0.00000000e+00, -3.72284704e-08,
        2.22702264e-04,  2.25145067e-04,  2.17816656e-04,  1.48248052e-03,
        0.00000000e+00,  2.29786394e-04,  2.36504104e-04,  2.16181335e-04,
        3.43957981e-07,  2.49861324e-04,  2.23146884e-04])}
{'img': array([[[ 0.00000000e+00,  0.00000000e+00, -8.87909306e-02, ...,
          7.83479752e-01,  5.75991769e-01,  5.75991769e-01],
        [ 0.00000000e+00,  0.00000000e+00, -8.87909306e-02, ...,
          7.83479752e-01,  5.75991769e-01,  5.75991769e-01],
        [ 8.87909306e-02,  8.87909306e-02,  0.00000000e+00, ...,
          8.35561452e-01,  6.46299399e-01,  6.46299399e-01],
        ...,
        [-7.83479752e-01, -7.83479752e-01, -8.35561452e-01, ...,
          0.00000000e+00, -2.82528569e-01, -2.82528569e-01],
        [-5.75991769e-01, -5.75991769e-01, -6.46299399e-01, ...,
          2.82528569e-01,  0.00000000e+00,  0.00000000e+00],
        [-5.75991769e-01, -5.75991769e-01, -6.46299399e-01, ...,
          2.82528569e-01,  0.00000000e+00,  0.00000000e+00]],

       [[ 0.00000000e+00, -1.36949095e-01, -1.12487718e-01, ...,
         -3.56030929e-03,  2.61959116e-01,  9.69479537e-04],
        [ 1.36949095e-01,  0.00000000e+00,  2.46520259e-02, ...,
          1.33421463e-01,  3.91657652e-01,  1.37909376e-01],
        [ 1.12487718e-01, -2.46520259e-02,  0.00000000e+00, ...,
          1.08949293e-01,  3.68856024e-01,  1.13450992e-01],
        ...,
        [ 3.56030929e-03, -1.33421463e-01, -1.08949293e-01, ...,
          0.00000000e+00,  2.65393436e-01,  4.52978101e-03],
        [-2.61959116e-01, -3.91657652e-01, -3.68856024e-01, ...,
         -2.65393436e-01,  0.00000000e+00, -2.61023369e-01],
        [-9.69479537e-04, -1.37909376e-01, -1.13450992e-01, ...,
         -4.52978101e-03,  2.61023369e-01,  0.00000000e+00]],

       [[ 0.00000000e+00, -3.39124853e-02, -6.20431227e-02, ...,
          8.38760686e-01,  8.03041730e-01,  7.63560803e-01],
        [ 3.39124853e-02,  0.00000000e+00, -2.81602839e-02, ...,
          8.56743593e-01,  8.22789049e-01,  7.85020119e-01],
        [ 6.20431227e-02,  2.81602839e-02,  0.00000000e+00, ...,
          8.70927283e-01,  8.38467557e-01,  8.02153254e-01],
        ...,
        [-8.38760686e-01, -8.56743593e-01, -8.70927283e-01, ...,
          0.00000000e+00, -6.25801983e-02, -1.25858876e-01],
        [-8.03041730e-01, -8.22789049e-01, -8.38467557e-01, ...,
          6.25801983e-02,  0.00000000e+00, -6.35296145e-02],
        [-7.63560803e-01, -7.85020119e-01, -8.02153254e-01, ...,
          1.25858876e-01,  6.35296145e-02,  0.00000000e+00]],

       ...,

       [[ 0.00000000e+00,  4.53526997e-02, -4.25844746e-02, ...,
         -3.97301036e-01, -5.19825418e-01, -2.97573359e-01],
        [-4.53526997e-02,  0.00000000e+00, -8.78522156e-02, ...,
         -4.38511872e-01, -5.58034102e-01, -3.40565342e-01],
        [ 4.25844746e-02,  8.78522156e-02,  0.00000000e+00, ...,
         -3.57861357e-01, -4.82975122e-01, -2.56648068e-01],
        ...,
        [ 3.97301036e-01,  4.38511872e-01,  3.57861357e-01, ...,
          0.00000000e+00, -1.37634367e-01,  1.06223283e-01],
        [ 5.19825418e-01,  5.58034102e-01,  4.82975122e-01, ...,
          1.37634367e-01,  0.00000000e+00,  2.42068041e-01],
        [ 2.97573359e-01,  3.40565342e-01,  2.56648068e-01, ...,
         -1.06223283e-01, -2.42068041e-01,  0.00000000e+00]],

       [[ 0.00000000e+00, -9.48147382e-03, -1.39886958e-02, ...,
          9.98330972e-01,  9.99113067e-01,  9.99143774e-01],
        [ 9.48147382e-03,  0.00000000e+00, -4.50752091e-03, ...,
          9.97738524e-01,  9.98668912e-01,  9.98706586e-01],
        [ 1.39886958e-02,  4.50752091e-03,  0.00000000e+00, ...,
          9.97425416e-01,  9.98426273e-01,  9.98467258e-01],
        ...,
        [-9.98330972e-01, -9.97738524e-01, -9.97425416e-01, ...,
          0.00000000e+00, -1.56629254e-02, -1.63984819e-02],
        [-9.99113067e-01, -9.98668912e-01, -9.98426273e-01, ...,
          1.56629254e-02,  0.00000000e+00, -7.35650962e-04],
        [-9.99143774e-01, -9.98706586e-01, -9.98467258e-01, ...,
          1.63984819e-02,  7.35650962e-04,  0.00000000e+00]],

       [[ 0.00000000e+00,  3.01788020e-02,  4.06396429e-02, ...,
          9.87733476e-01,  9.66596595e-01,  9.10749425e-01],
        [-3.01788020e-02,  0.00000000e+00,  1.04672618e-02, ...,
          9.91995976e-01,  9.58421420e-01,  8.97871973e-01],
        [-4.06396429e-02, -1.04672618e-02,  0.00000000e+00, ...,
          9.93263327e-01,  9.55382013e-01,  8.93214503e-01],
        ...,
        [-9.87733476e-01, -9.91995976e-01, -9.93263327e-01, ...,
          0.00000000e+00, -4.04091969e-01, -5.50106664e-01],
        [-9.66596595e-01, -9.58421420e-01, -9.55382013e-01, ...,
          4.04091969e-01,  0.00000000e+00, -1.65737725e-01],
        [-9.10749425e-01, -8.97871973e-01, -8.93214503e-01, ...,
          5.50106664e-01,  1.65737725e-01,  0.00000000e+00]]]), 'num': array([ 9.99997002e-01,  2.06278599e-04,  3.58991267e-05, -5.18644776e-08,
        3.14993912e-04,  3.18952543e-04,  3.09904244e-04,  2.26778651e-03,
        5.65518694e-06,  3.16238054e-04,  3.27293944e-04,  3.00808819e-04,
        4.48339145e-07,  3.46042829e-04,  3.08545059e-04])}
{'img': array([[[ 0.00000000e+00, -8.87909306e-02, -1.50338548e-01, ...,
          5.75991769e-01,  5.75991769e-01,  6.79504151e-01],
        [ 8.87909306e-02,  0.00000000e+00, -6.19629694e-02, ...,
          6.46299399e-01,  6.46299399e-01,  7.41963693e-01],
        [ 1.50338548e-01,  6.19629694e-02,  0.00000000e+00, ...,
          6.92340448e-01,  6.92340448e-01,  7.82080429e-01],
        ...,
        [-5.75991769e-01, -6.46299399e-01, -6.92340448e-01, ...,
          0.00000000e+00,  0.00000000e+00,  1.32875562e-01],
        [-5.75991769e-01, -6.46299399e-01, -6.92340448e-01, ...,
          0.00000000e+00,  0.00000000e+00,  1.32875562e-01],
        [-6.79504151e-01, -7.41963693e-01, -7.82080429e-01, ...,
         -1.32875562e-01, -1.32875562e-01,  0.00000000e+00]],

       [[ 0.00000000e+00,  2.46520259e-02,  4.35396275e-03, ...,
          3.91657652e-01,  1.37909376e-01,  1.65843089e-01],
        [-2.46520259e-02,  0.00000000e+00, -2.02991527e-02, ...,
          3.68856024e-01,  1.13450992e-01,  1.41482040e-01],
        [-4.35396275e-03,  2.02991527e-02,  0.00000000e+00, ...,
          3.87647810e-01,  1.33595709e-01,  1.61547848e-01],
