state_0,state_1,state_2,state_3,state_4,state_5,state_6,state_7,state_8,state_9,state_10,state_11,state_12,state_13,state_14,state_15,state_16,state_17,state_18,state_19,state_20,state_21,state_22,state_23,state_24,state_25,state_26,state_27,state_28,state_29,state_30,state_31,state_32,state_33,state_34,state_35,state_36,state_37,state_38,state_39,state_40,state_41,state_42,state_43,state_44,state_45,state_46,state_47,state_48,state_49,state_50,state_51,state_52,state_53,state_54,state_55,state_56,state_57,state_58,state_59,state_60,state_61,state_62,state_63,state_64,state_65,state_66,state_67,state_68,state_69,state_70,state_71,state_72,state_73,state_74,state_75,state_76,state_77,state_78,state_79,state_80,state_81,state_82,state_83,state_84,state_85,state_86,state_87,state_88,state_89,state_90,state_91,state_92,state_93,state_94,state_95,state_96,state_97,state_98,state_99,state_100,state_101,state_102,state_103,state_104,state_105,state_106,state_107,state_108,state_109,state_110,state_111,state_112,state_113,state_114,state_115,state_116,state_117,state_118,state_119,state_120,state_121,state_122,state_123,state_124,state_125,state_126,state_127,state_128,state_129,state_130,state_131,state_132,state_133,state_134,state_135,state_136,state_137,state_138,state_139,state_140,state_141,state_142,state_143,state_144,state_145,state_146,state_147,state_148,state_149,state_150,state_151,state_152,state_153,state_154,state_155,state_156,state_157,state_158,state_159,state_160,state_161,state_162,state_163,state_164,state_165,state_166,state_167,state_168,state_169,state_170,state_171,state_172,state_173,state_174,state_175,state_176,state_177,state_178,state_179,state_180,state_181,state_182,state_183,state_184,state_185,state_186,state_187,state_188,state_189,state_190,state_191,state_192,state_193,state_194,state_195,state_196,state_197,state_198,state_199,state_200,state_201,state_202,state_203,state_204,state_205,state_206,state_207,state_208,state_209,state_210,state_211,state_212,state_213,state_214,state_215,state_216,state_217,state_218,state_219,state_220,state_221,state_222,state_223,state_224,state_225,state_226,state_227,state_228,state_229,state_230,state_231,state_232,state_233,state_234,state_235,state_236,state_237,state_238,state_239,state_240,state_241,state_242,state_243,state_244,state_245,state_246,state_247,state_248,state_249,state_250,state_251,state_252,state_253,state_254,state_255,state_256,state_257,state_258,state_259,state_260,state_261,state_262,state_263,state_264,state_265,state_266,state_267,state_268,state_269,state_270,state_271,state_272,state_273,state_274,state_275,state_276,state_277,state_278,state_279,state_280,state_281,state_282,state_283,state_284,state_285,state_286,state_287
{'img': array([[[ 0.        , -0.02278964, -0.04528304, ..., -0.93488998,
         -0.91602486, -0.94878038],
        [ 0.02278964,  0.        , -0.02250502, ..., -0.92655828,
         -0.90664554, -0.94133389],
        [ 0.04528304,  0.02250502,  0.        , ..., -0.91785831,
         -0.8969212 , -0.93350055],
        ...,
        [ 0.93488998,  0.92655828,  0.91785831, ...,  0.        ,
          0.04987277, -0.0413921 ],
        [ 0.91602486,  0.90664554,  0.8969212 , ..., -0.04987277,
          0.        , -0.09117062],
        [ 0.94878038,  0.94133389,  0.93350055, ...,  0.0413921 ,
          0.09117062,  0.        ]],

       [[ 0.        , -0.18274677, -0.05194651, ...,  0.31904232,
          0.32444143,  0.24142399],
        [ 0.18274677,  0.        ,  0.13142831, ...,  0.48686617,
          0.49183907,  0.41469949],
        [ 0.05194651, -0.13142831,  0.        , ...,  0.36784339,
          0.3731399 ,  0.29150796],
        ...,
        [-0.31904232, -0.48686617, -0.36784339, ...,  0.        ,
          0.00570229, -0.08079768],
        [-0.32444143, -0.49183907, -0.3731399 , ..., -0.00570229,
          0.        , -0.08648002],
        [-0.24142399, -0.41469949, -0.29150796, ...,  0.08079768,
          0.08648002,  0.        ]],

       [[ 0.        , -0.00967084, -0.02885032, ..., -0.99952787,
         -0.99374768, -0.98101306],
        [ 0.00967084,  0.        , -0.01918216, ..., -0.999184  ,
         -0.99262147, -0.97909161],
        [ 0.02885032,  0.01918216,  0.        , ..., -0.99822538,
         -0.99011292, -0.97500943],
        ...,
        [ 0.99952787,  0.999184  ,  0.99822538, ...,  0.        ,
          0.0810635 ,  0.16370842],
        [ 0.99374768,  0.99262147,  0.99011292, ..., -0.0810635 ,
          0.        ,  0.08319979],
        [ 0.98101306,  0.97909161,  0.97500943, ..., -0.16370842,
         -0.08319979,  0.        ]],

       ...,

       [[ 0.        ,  0.32777903,  0.12136943, ...,  0.13715257,
          0.36497539,  0.35776016],
        [-0.32777903,  0.        , -0.21069159, ..., -0.195106  ,
          0.03964421,  0.03191101],
        [-0.12136943,  0.21069159,  0.        , ...,  0.01591618,
          0.24928025,  0.24177897],
        ...,
        [-0.13715257,  0.195106  , -0.01591618, ...,  0.        ,
          0.23383495,  0.22630438],
        [-0.36497539, -0.03964421, -0.24928025, ..., -0.23383495,
          0.        , -0.0077381 ],
        [-0.35776016, -0.03191101, -0.24177897, ..., -0.22630438,
          0.0077381 ,  0.        ]],

       [[ 0.        , -0.00860002, -0.09176663, ..., -0.99996888,
         -0.98108599, -0.89117874],
        [ 0.00860002,  0.        , -0.0831995 , ..., -0.99986405,
         -0.98271443, -0.89504721],
        [ 0.09176663,  0.0831995 ,  0.        , ..., -0.99502555,
         -0.99470982, -0.9290486 ],
        ...,
        [ 0.99996888,  0.99986405,  0.99502555, ...,  0.        ,
         -0.20130673, -0.46066921],
        [ 0.98108599,  0.98271443,  0.99470982, ...,  0.20130673,
          0.        , -0.27256431],
        [ 0.89117874,  0.89504721,  0.9290486 , ...,  0.46066921,
          0.27256431,  0.        ]],

       [[ 0.        , -0.00350029,  0.06273394, ..., -0.92663842,
         -0.95062941, -0.95836159],
        [ 0.00350029,  0.        ,  0.06622695, ..., -0.92794869,
         -0.95170983, -0.95935525],
        [-0.06273394, -0.06622695,  0.        , ..., -0.90122815,
         -0.92928882, -0.93855974],
        ...,
        [ 0.92663842,  0.92794869,  0.90122815, ...,  0.        ,
          0.06983049,  0.09569113],
        [ 0.95062941,  0.95170983,  0.92928882, ..., -0.06983049,
          0.        ,  0.02594749],
        [ 0.95836159,  0.95935525,  0.93855974, ..., -0.09569113,
         -0.02594749,  0.        ]]]), 'num': array([7.07104941e-01, 7.07104941e-01, 0.00000000e+00, 0.00000000e+00,
       7.71467360e-04, 7.74112391e-04, 7.38845312e-04, 6.56240995e-04,
       1.23434778e-05, 7.64237609e-04, 7.32585405e-04, 9.13578995e-04,
       5.82132880e-07, 7.88505972e-04, 6.76664839e-04])}
{'img': array([[[ 0.        , -0.02250502,  0.        , ..., -0.90664554,
         -0.94133389, -0.91479248],
        [ 0.02250502,  0.        ,  0.02250502, ..., -0.8969212 ,
         -0.93350055, -0.90547046],
        [ 0.        , -0.02250502,  0.        , ..., -0.90664554,
         -0.94133389, -0.91479248],
        ...,
        [ 0.90664554,  0.8969212 ,  0.90664554, ...,  0.        ,
         -0.09117062, -0.01972867],
        [ 0.94133389,  0.93350055,  0.94133389, ...,  0.09117062,
          0.        ,  0.07150636],
        [ 0.91479248,  0.90547046,  0.91479248, ...,  0.01972867,
         -0.07150636,  0.        ]],

       [[ 0.        ,  0.13142831,  0.12882151, ...,  0.49183907,
          0.41469949,  0.61231491],
        [-0.13142831,  0.        , -0.00262915, ...,  0.3731399 ,
          0.29150796,  0.50309444],
        [-0.12882151,  0.00262915,  0.        , ...,  0.37557787,
          0.29402192,  0.5053649 ],
        ...,
        [-0.49183907, -0.3731399 , -0.37557787, ...,  0.        ,
         -0.08648002,  0.14427926],
        [-0.41469949, -0.29150796, -0.29402192, ...,  0.08648002,
          0.        ,  0.2293139 ],
        [-0.61231491, -0.50309444, -0.5053649 , ..., -0.14427926,
         -0.2293139 ,  0.        ]],

       [[ 0.        , -0.01918216, -0.01440629, ..., -0.99262147,
         -0.97909161, -0.95718679],
        [ 0.01918216,  0.        ,  0.00477653, ..., -0.99011292,
         -0.97500943, -0.95145799],
        [ 0.01440629, -0.00477653,  0.        , ..., -0.99077164,
         -0.97605948, -0.95291725],
        ...,
        [ 0.99262147,  0.99011292,  0.99077164, ...,  0.        ,
          0.08319979,  0.17127207],
        [ 0.97909161,  0.97500943,  0.97605948, ..., -0.08319979,
          0.        ,  0.08870784],
        [ 0.95718679,  0.95145799,  0.95291725, ..., -0.17127207,
         -0.08870784,  0.        ]],

       ...,

       [[ 0.        , -0.21069159, -0.16211762, ...,  0.03964421,
          0.03191101,  0.19066706],
        [ 0.21069159,  0.        ,  0.04942594, ...,  0.24928025,
          0.24177897,  0.39321347],
        [ 0.16211762, -0.04942594,  0.        , ...,  0.20110995,
          0.19352393,  0.34728834],
        ...,
        [-0.03964421, -0.24928025, -0.20110995, ...,  0.        ,
         -0.0077381 ,  0.15160024],
        [-0.03191101, -0.24177897, -0.19352393, ...,  0.0077381 ,
          0.        ,  0.15924436],
        [-0.19066706, -0.39321347, -0.34728834, ..., -0.15160024,
         -0.15924436,  0.        ]],

       [[ 0.        , -0.08165568, -0.08605639, ..., -0.99861222,
         -0.98828146, -0.88765916],
        [ 0.08165568,  0.        , -0.00441625, ..., -0.99957787,
         -0.99744533, -0.92229744],
        [ 0.08605639,  0.00441625,  0.        , ..., -0.99943982,
         -0.99775107, -0.92399524],
        ...,
        [ 0.99861222,  0.99957787,  0.99943982, ...,  0.        ,
         -0.10038268, -0.41311319],
        [ 0.98828146,  0.99744533,  0.99775107, ...,  0.10038268,
          0.        , -0.31961005],
        [ 0.88765916,  0.92229744,  0.92399524, ...,  0.41311319,
          0.31961005,  0.        ]],

       [[ 0.        ,  0.06622695,  0.06492039, ..., -0.95170983,
         -0.95935525, -0.97156866],
        [-0.06622695,  0.        , -0.00130938, ..., -0.92928882,
         -0.93855974, -0.95375591],
        [-0.06492039,  0.00130938,  0.        , ..., -0.92977165,
         -0.93901083, -0.95414866],
        ...,
        [ 0.95170983,  0.92928882,  0.92977165, ...,  0.        ,
          0.02594749,  0.07294574],
        [ 0.95935525,  0.93855974,  0.93901083, ..., -0.02594749,
          0.        ,  0.04704282],
        [ 0.97156866,  0.95375591,  0.95414866, ..., -0.07294574,
         -0.04704282,  0.        ]]]), 'num': array([ 9.99994552e-01,  4.95718558e-04,  1.17588098e-05, -1.82216798e-10,
        1.09115593e-03,  1.10912791e-03,  1.08730479e-03,  7.97943077e-04,
       -3.20928215e-05,  1.11272231e-03,  1.06561005e-03,  1.32374331e-03,
        7.26870527e-07,  1.14522881e-03,  9.85991280e-04])}
{'img': array([[[ 0.        ,  0.02250502,  0.40239192, ..., -0.93350055,
         -0.90547046, -0.95318249],
        [-0.02250502,  0.        ,  0.38168739, ..., -0.94133389,
         -0.91479248, -0.9597465 ],
        [-0.40239192, -0.38168739,  0.        , ..., -0.99887749,
         -0.99970765, -0.99428916],
        ...,
        [ 0.93350055,  0.94133389,  0.99887749, ...,  0.        ,
          0.07150636, -0.05950181],
        [ 0.90547046,  0.91479248,  0.99970765, ..., -0.07150636,
          0.        , -0.13072916],
        [ 0.95318249,  0.9597465 ,  0.99428916, ...,  0.05950181,
          0.13072916,  0.        ]],

       [[ 0.        , -0.00262915,  0.97562004, ...,  0.29150796,
          0.50309444,  0.37405924],
        [ 0.00262915,  0.        ,  0.97619368, ...,  0.29402192,
          0.5053649 ,  0.37649623],
        [-0.97562004, -0.97619368,  0.        , ..., -0.86927108,
         -0.73274915, -0.82270126],
        ...,
        [-0.29150796, -0.29402192,  0.86927108, ...,  0.        ,
          0.2293139 ,  0.08746736],
        [-0.50309444, -0.5053649 ,  0.73274915, ..., -0.2293139 ,
          0.        , -0.14329845],
        [-0.37405924, -0.37649623,  0.82270126, ..., -0.08746736,
          0.14329845,  0.        ]],

       [[ 0.        ,  0.00477653,  0.09301751, ..., -0.97500943,
         -0.95145799, -0.95145799],
        [-0.00477653,  0.        ,  0.08826063, ..., -0.97605948,
         -0.95291725, -0.95291725],
        [-0.09301751, -0.08826063,  0.        , ..., -0.99144734,
         -0.97596173, -0.97596173],
        ...,
        [ 0.97500943,  0.97605948,  0.99144734, ...,  0.        ,
          0.08870784,  0.08870784],
        [ 0.95145799,  0.95291725,  0.97596173, ..., -0.08870784,
          0.        ,  0.        ],
        [ 0.95145799,  0.95291725,  0.97596173, ..., -0.08870784,
          0.        ,  0.        ]],

       ...,

       [[ 0.        ,  0.04942594,  0.62615765, ...,  0.24177897,
          0.39321347,  0.04794842],
        [-0.04942594,  0.        ,  0.58685513, ...,  0.19352393,
          0.34728834, -0.00147927],
        [-0.62615765, -0.58685513,  0.        , ..., -0.41906619,
         -0.26913175, -0.58805224],
        ...,
        [-0.24177897, -0.19352393,  0.41906619, ...,  0.        ,
          0.15924436, -0.19497502],
        [-0.39321347, -0.34728834,  0.26913175, ..., -0.15924436,
          0.        , -0.34867516],
        [-0.04794842,  0.00147927,  0.58805224, ...,  0.19497502,
          0.34867516,  0.        ]],

       [[ 0.        , -0.0043995 ,  0.08448988, ..., -0.99901545,
         -0.96759899, -0.92094086],
        [ 0.0043995 ,  0.        ,  0.08887284, ..., -0.99920096,
         -0.96870046, -0.92264644],
        [-0.08448988, -0.08887284,  0.        , ..., -0.99169504,
         -0.94280616, -0.88472198],
        ...,
        [ 0.99901545,  0.99920096,  0.99169504, ...,  0.        ,
         -0.20931724, -0.34846245],
        [ 0.96759899,  0.96870046,  0.94280616, ...,  0.20931724,
          0.        , -0.14454543],
        [ 0.92094086,  0.92264644,  0.88472198, ...,  0.34846245,
          0.14454543,  0.        ]],

       [[ 0.        , -0.00130938, -0.05892447, ..., -0.93855974,
         -0.95375591, -0.95503076],
        [ 0.00130938,  0.        , -0.05761732, ..., -0.93901083,
         -0.95414866, -0.95541818],
        [ 0.05892447,  0.05761732,  0.        , ..., -0.95726477,
         -0.96981035, -0.97084285],
        ...,
        [ 0.93855974,  0.93901083,  0.95726477, ...,  0.        ,
          0.04704282,  0.05130788],
        [ 0.95375591,  0.95414866,  0.96981035, ..., -0.04704282,
          0.        ,  0.00427023],
        [ 0.95503076,  0.95541818,  0.97084285, ..., -0.05130788,
         -0.00427023,  0.        ]]]), 'num': array([ 9.99994721e-01,  4.88254916e-04,  1.15817667e-05, -3.62822373e-08,
        1.09116426e-03,  1.09116426e-03,  1.06081902e-03,  7.82275006e-04,
        1.64370051e-05,  1.09445167e-03,  1.04981887e-03,  1.29787014e-03,
        8.05006373e-07,  1.12873959e-03,  9.70898154e-04])}
{'img': array([[[ 0.        ,  0.38168739,  0.5773777 , ..., -0.91479248,
         -0.9597465 , -0.93774276],
        [-0.38168739,  0.        ,  0.22202625, ..., -0.99970765,
         -0.99428916, -0.99931934],
        [-0.5773777 , -0.22202625,  0.        , ..., -0.98012399,
         -0.94577785, -0.96618649],
        ...,
        [ 0.91479248,  0.99970765,  0.98012399, ...,  0.        ,
         -0.13072916, -0.06104157],
        [ 0.9597465 ,  0.99428916,  0.94577785, ...,  0.13072916,
          0.        ,  0.06996767],
        [ 0.93774276,  0.99931934,  0.96618649, ...,  0.06104157,
         -0.06996767,  0.        ]],

       [[ 0.        ,  0.97619368,  0.79648392, ...,  0.5053649 ,
          0.37649623,  0.37321515],
        [-0.97619368,  0.        , -0.4175071 , ..., -0.73274915,
         -0.82270126, -0.82470802],
        [-0.79648392,  0.4175071 ,  0.        , ..., -0.38171675,
         -0.51022505, -0.51326567],
        ...,
        [-0.5053649 ,  0.73274915,  0.38171675, ...,  0.        ,
         -0.14329845, -0.14680017],
        [-0.37649623,  0.82270126,  0.51022505, ...,  0.14329845,
          0.        , -0.00353914],
        [-0.37321515,  0.82470802,  0.51326567, ...,  0.14680017,
          0.00353914,  0.        ]],

       [[ 0.        ,  0.08826063,  0.19210015, ..., -0.95291725,
         -0.95291725, -0.95499101],
        [-0.08826063,  0.        ,  0.10473366, ..., -0.97596173,
         -0.97596173, -0.97744525],
        [-0.19210015, -0.10473366,  0.        , ..., -0.9934201 ,
         -0.9934201 , -0.99418819],
        ...,
        [ 0.95291725,  0.97596173,  0.9934201 , ...,  0.        ,
          0.        , -0.00691398],
        [ 0.95291725,  0.97596173,  0.9934201 , ...,  0.        ,
          0.        , -0.00691398],
        [ 0.95499101,  0.97744525,  0.99418819, ...,  0.00691398,
          0.00691398,  0.        ]],

       ...,

       [[ 0.        ,  0.58685513,  0.62252529, ...,  0.34728834,
         -0.00147927,  0.25209905],
        [-0.58685513,  0.        ,  0.04478108, ..., -0.26913175,
         -0.58805224, -0.36377798],
        [-0.62252529, -0.04478108,  0.        , ..., -0.31199057,
         -0.62368229, -0.40512598],
        ...,
        [-0.34728834,  0.26913175,  0.31199057, ...,  0.        ,
         -0.34867516, -0.09966343],
        [ 0.00147927,  0.58805224,  0.62368229, ...,  0.34867516,
          0.        ,  0.25353027],
        [-0.25209905,  0.36377798,  0.40512598, ...,  0.09966343,
         -0.25353027,  0.        ]],

       [[ 0.        ,  0.08887284,  0.21555554, ..., -0.96870046,
         -0.92264644, -0.94907532],
        [-0.08887284,  0.        ,  0.12791901, ..., -0.94280616,
         -0.88472198, -0.91732049],
        [-0.21555554, -0.12791901,  0.        , ..., -0.89241993,
         -0.81782815, -0.85885344],
        ...,
        [ 0.96870046,  0.94280616,  0.89241993, ...,  0.        ,
         -0.14454543, -0.06959695],
        [ 0.92264644,  0.88472198,  0.81782815, ...,  0.14454543,
          0.        ,  0.07532888],
        [ 0.94907532,  0.91732049,  0.85885344, ...,  0.06959695,
         -0.07532888,  0.        ]],

       [[ 0.        , -0.05761732, -0.15086324, ..., -0.95414866,
         -0.95541818, -0.95500809],
        [ 0.05761732,  0.        , -0.09365475, ..., -0.96981035,
         -0.97084285, -0.97050971],
        [ 0.15086324,  0.09365475,  0.        , ..., -0.98838646,
         -0.98902636, -0.98882066],
        ...,
        [ 0.95414866,  0.96981035,  0.98838646, ...,  0.        ,
          0.00427023,  0.0028844 ],
        [ 0.95541818,  0.97084285,  0.98902636, ..., -0.00427023,
          0.        , -0.00138583],
        [ 0.95500809,  0.97050971,  0.98882066, ..., -0.0028844 ,
          0.00138583,  0.        ]]]), 'num': array([ 9.68923852e-01,  2.47339905e-01,  8.20914615e-06, -1.72481946e-08,
        1.06271568e-03,  1.06271568e-03,  1.03611756e-03,  7.30154586e-04,
        1.93440852e-05,  1.04651501e-03,  1.00667828e-03,  1.23556314e-03,
        6.97128070e-07,  1.08639667e-03,  9.26959897e-04])}
{'img': array([[[ 0.        ,  0.22202625,  0.22202625, ..., -0.99428916,
         -0.99931934, -0.99903606],
        [-0.22202625,  0.        ,  0.        , ..., -0.94577785,
         -0.96618649, -0.98384712],
        [-0.22202625,  0.        ,  0.        , ..., -0.94577785,
         -0.96618649, -0.98384712],
        ...,
        [ 0.99428916,  0.94577785,  0.94577785, ...,  0.        ,
          0.06996767,  0.15026309],
        [ 0.99931934,  0.96618649,  0.96618649, ..., -0.06996767,
          0.        ,  0.08072157],
        [ 0.99903606,  0.98384712,  0.98384712, ..., -0.15026309,
         -0.08072157,  0.        ]],

       [[ 0.        , -0.4175071 , -0.7843614 , ..., -0.82270126,
         -0.82470802, -0.83487519],
        [ 0.4175071 ,  0.        , -0.45374718, ..., -0.51022505,
         -0.51326567, -0.52881678],
        [ 0.7843614 ,  0.45374718,  0.        , ..., -0.06443595,
         -0.06796733, -0.08613317],
        ...,
        [ 0.82270126,  0.51022505,  0.06443595, ...,  0.        ,
         -0.00353914, -0.02175769],
        [ 0.82470802,  0.51326567,  0.06796733, ...,  0.00353914,
          0.        , -0.01821925],
        [ 0.83487519,  0.52881678,  0.08613317, ...,  0.02175769,
          0.01821925,  0.        ]],

       [[ 0.        ,  0.10473366,  0.22433768, ..., -0.97596173,
         -0.97744525, -0.97744525],
        [-0.10473366,  0.        ,  0.12103974, ..., -0.9934201 ,
         -0.99418819, -0.99418819],
        [-0.22433768, -0.12103974,  0.        , ..., -0.9999785 ,
         -0.99990925, -0.99990925],
        ...,
        [ 0.97596173,  0.9934201 ,  0.9999785 , ...,  0.        ,
         -0.00691398, -0.00691398],
        [ 0.97744525,  0.99418819,  0.99990925, ...,  0.00691398,
          0.        ,  0.        ],
        [ 0.97744525,  0.99418819,  0.99990925, ...,  0.00691398,
          0.        ,  0.        ]],

       ...,

       [[ 0.        ,  0.04478108, -0.04274105, ..., -0.58805224,
         -0.36377798, -0.5592816 ],
        [-0.04478108,  0.        , -0.08743833, ..., -0.62368229,
         -0.40512598, -0.59584307],
        [ 0.04274105,  0.08743833,  0.        , ..., -0.55294493,
         -0.32363288, -0.52333914],
        ...,
        [ 0.58805224,  0.62368229,  0.55294493, ...,  0.        ,
          0.25353027,  0.03512242],
        [ 0.36377798,  0.40512598,  0.32363288, ..., -0.25353027,
          0.        , -0.21939896],
        [ 0.5592816 ,  0.59584307,  0.52333914, ..., -0.03512242,
          0.21939896,  0.        ]],

       [[ 0.        ,  0.12791901,  0.23263399, ..., -0.88472198,
         -0.91732049, -0.972284  ],
        [-0.12791901,  0.        ,  0.10631334, ..., -0.81782815,
         -0.85885344, -0.93438847],
        [-0.23263399, -0.10631334,  0.        , ..., -0.75201391,
         -0.79953007, -0.89121824],
        ...,
        [ 0.88472198,  0.81782815,  0.75201391, ...,  0.        ,
          0.07532888,  0.24634952],
        [ 0.91732049,  0.85885344,  0.79953007, ..., -0.07532888,
          0.        ,  0.17264225],
        [ 0.972284  ,  0.93438847,  0.89121824, ..., -0.24634952,
         -0.17264225,  0.        ]],

       [[ 0.        , -0.09365475, -0.14214699, ..., -0.97084285,
         -0.97050971, -0.96847277],
        [ 0.09365475,  0.        , -0.04881848, ..., -0.98902636,
         -0.98882066, -0.98754729],
        [ 0.14214699,  0.04881848,  0.        , ..., -0.99505951,
         -0.99492097, -0.99405005],
        ...,
        [ 0.97084285,  0.98902636,  0.99505951, ...,  0.        ,
         -0.00138583, -0.00969659],
        [ 0.97050971,  0.98882066,  0.99492097, ...,  0.00138583,
          0.        , -0.00831081],
        [ 0.96847277,  0.98754729,  0.99405005, ...,  0.00969659,
          0.00831081,  0.        ]]]), 'num': array([ 9.89986548e-01,  1.41124633e-01,  9.59166062e-06, -9.04050482e-10,
        1.08689112e-03,  1.09794425e-03,  1.06724111e-03,  1.03156406e-03,
        7.36875335e-06,  1.06896049e-03,  1.02763406e-03,  1.24814401e-03,
        7.46900850e-07,  1.11140582e-03,  9.43862304e-04])}
{'img': array([[[ 0.        ,  0.        ,  0.24683488, ..., -0.96618649,
         -0.98384712, -0.98863566],
        [ 0.        ,  0.        ,  0.24683488, ..., -0.96618649,
         -0.98384712, -0.98863566],
        [-0.24683488, -0.24683488,  0.        , ..., -0.87264535,
         -0.90921838, -0.92093783],
        ...,
        [ 0.96618649,  0.96618649,  0.87264535, ...,  0.        ,
          0.08072157,  0.1096659 ],
        [ 0.98384712,  0.98384712,  0.90921838, ..., -0.08072157,
          0.        ,  0.02907333],
        [ 0.98863566,  0.98863566,  0.92093783, ..., -0.1096659 ,
         -0.02907333,  0.        ]],

       [[ 0.        , -0.45374718, -0.55841528, ..., -0.51326567,
         -0.52881678, -0.28228519],
        [ 0.45374718,  0.        , -0.12120966, ..., -0.06796733,
         -0.08613317,  0.18374059],
        [ 0.55841528,  0.12120966,  0.        , ...,  0.05346316,
          0.03526109,  0.30153189],
        ...,
        [ 0.51326567,  0.06796733, -0.05346316, ...,  0.        ,
         -0.01821925,  0.25012587],
        [ 0.52881678,  0.08613317, -0.03526109, ...,  0.01821925,
          0.        ,  0.26772448],
        [ 0.28228519, -0.18374059, -0.30153189, ..., -0.25012587,
         -0.26772448,  0.        ]],

       [[ 0.        ,  0.12103974,  0.29439132, ..., -0.99418819,
         -0.99418819, -0.99086663],
        [-0.12103974,  0.        ,  0.17655099, ..., -0.99990925,
         -0.99990925, -0.99990311],
        [-0.29439132, -0.17655099,  0.        , ..., -0.98182373,
         -0.98182373, -0.98665369],
        ...,
        [ 0.99418819,  0.99990925,  0.98182373, ...,  0.        ,
          0.        ,  0.02738899],
        [ 0.99418819,  0.99990925,  0.98182373, ...,  0.        ,
          0.        ,  0.02738899],
        [ 0.99086663,  0.99990311,  0.98665369, ..., -0.02738899,
         -0.02738899,  0.        ]],

       ...,

       [[ 0.        , -0.08743833,  0.39308639, ..., -0.40512598,
         -0.59584307, -0.50266439],
        [ 0.08743833,  0.        ,  0.47198052, ..., -0.32363288,
         -0.52333914, -0.42515032],
        [-0.39308639, -0.47198052,  0.        , ..., -0.73189747,
         -0.86356665, -0.80201665],
        ...,
        [ 0.40512598,  0.32363288,  0.73189747, ...,  0.        ,
         -0.21939896, -0.1093424 ],
        [ 0.59584307,  0.52333914,  0.86356665, ...,  0.21939896,
          0.        ,  0.11140518],
        [ 0.50266439,  0.42515032,  0.80201665, ...,  0.1093424 ,
         -0.11140518,  0.        ]],

       [[ 0.        ,  0.10631334,  0.22913886, ..., -0.85885344,
         -0.93438847, -0.96600548],
        [-0.10631334,  0.        ,  0.12435552, ..., -0.79953007,
         -0.89121824, -0.93304652],
        [-0.22913886, -0.12435552,  0.        , ..., -0.71863274,
         -0.82789584, -0.88106635],
        ...,
        [ 0.85885344,  0.79953007,  0.71863274, ...,  0.        ,
          0.17264225,  0.27277652],
        [ 0.93438847,  0.89121824,  0.82789584, ..., -0.17264225,
          0.        ,  0.10258546],
        [ 0.96600548,  0.93304652,  0.88106635, ..., -0.27277652,
         -0.10258546,  0.        ]],

       [[ 0.        , -0.04881848, -0.06578676, ..., -0.98882066,
         -0.98754729, -0.98950156],
        [ 0.04881848,  0.        , -0.01699559, ..., -0.99492097,
         -0.99405005, -0.9953771 ],
        [ 0.06578676,  0.01699559,  0.        , ..., -0.99648803,
         -0.99575771, -0.99686566],
        ...,
        [ 0.98882066,  0.99492097,  0.99648803, ...,  0.        ,
         -0.00831081,  0.00463775],
        [ 0.98754729,  0.99405005,  0.99575771, ...,  0.00831081,
          0.        ,  0.01294831],
        [ 0.98950156,  0.9953771 ,  0.99686566, ..., -0.00463775,
         -0.01294831,  0.        ]]]), 'num': array([ 9.99722840e-01,  2.32969810e-02,  1.12491458e-05,  6.43305898e-09,
        1.09710771e-03,  1.11985879e-03,  1.09331586e-03,  1.26563002e-03,
       -2.14871325e-05,  1.09837166e-03,  1.06279149e-03,  1.27639887e-03,
        6.78595554e-07,  1.14534304e-03,  9.80239948e-04])}
{'img': array([[[ 0.        ,  0.24683488,  0.43383965, ..., -0.98384712,
         -0.98863566, -0.97252075],
        [-0.24683488,  0.        ,  0.1980198 , ..., -0.90921838,
         -0.92093783, -0.88496141],
        [-0.43383965, -0.1980198 ,  0.        , ..., -0.80877454,
         -0.82553123, -0.77522666],
        ...,
        [ 0.98384712,  0.90921838,  0.80877454, ...,  0.        ,
          0.02907333, -0.05496388],
        [ 0.98863566,  0.92093783,  0.82553123, ..., -0.02907333,
          0.        , -0.08397003],
        [ 0.97252075,  0.88496141,  0.77522666, ...,  0.05496388,
          0.08397003,  0.        ]],

       [[ 0.        , -0.12120966, -0.30109263, ..., -0.08613317,
          0.18374059,  0.34758217],
        [ 0.12120966,  0.        , -0.18328774, ...,  0.03526109,
          0.30153189,  0.4586716 ],
        [ 0.30109263,  0.18328774,  0.        , ...,  0.2178375 ,
          0.47118054,  0.61377194],
        ...,
        [ 0.08613317, -0.03526109, -0.2178375 , ...,  0.        ,
          0.26772448,  0.42705315],
        [-0.18374059, -0.30153189, -0.47118054, ..., -0.26772448,
          0.        ,  0.16938022],
        [-0.34758217, -0.4586716 , -0.61377194, ..., -0.42705315,
         -0.16938022,  0.        ]],

       [[ 0.        ,  0.17655099,  0.41759757, ..., -0.99990925,
         -0.99990311, -0.99998199],
        [-0.17655099,  0.        ,  0.25061784, ..., -0.98182373,
         -0.98665369, -0.98533348],
        [-0.41759757, -0.25061784,  0.        , ..., -0.90292388,
         -0.91435695, -0.91112227],
        ...,
        [ 0.99990925,  0.98182373,  0.90292388, ...,  0.        ,
          0.02738899,  0.01947321],
        [ 0.99990311,  0.98665369,  0.91435695, ..., -0.02738899,
          0.        , -0.00791788],
        [ 0.99998199,  0.98533348,  0.91112227, ..., -0.01947321,
          0.00791788,  0.        ]],

       ...,

       [[ 0.        ,  0.47198052,  0.16886602, ..., -0.52333914,
         -0.42515032, -0.63021819],
        [-0.47198052,  0.        , -0.31632861, ..., -0.86356665,
         -0.80201665, -0.92206022],
        [-0.16886602,  0.31632861,  0.        , ..., -0.65971835,
         -0.57188922, -0.75227827],
        ...,
        [ 0.52333914,  0.86356665,  0.65971835, ...,  0.        ,
          0.11140518, -0.13069438],
        [ 0.42515032,  0.80201665,  0.57188922, ..., -0.11140518,
          0.        , -0.24033044],
        [ 0.63021819,  0.92206022,  0.75227827, ...,  0.13069438,
          0.24033044,  0.        ]],

       [[ 0.        ,  0.12435552,  0.25438504, ..., -0.89121824,
         -0.93304652, -0.93877436],
        [-0.12435552,  0.        ,  0.13214584, ..., -0.82789584,
         -0.88106635, -0.88864282],
        [-0.25438504, -0.13214584,  0.        , ..., -0.74651722,
         -0.81083563, -0.82024759],
        ...,
        [ 0.89121824,  0.82789584,  0.74651722, ...,  0.        ,
          0.10258546,  0.11875063],
        [ 0.93304652,  0.88106635,  0.81083563, ..., -0.10258546,
          0.        ,  0.01626454],
        [ 0.93877436,  0.88864282,  0.82024759, ..., -0.11875063,
         -0.01626454,  0.        ]],

       [[ 0.        , -0.01699559, -0.03039021, ..., -0.99405005,
         -0.9953771 , -0.998837  ],
        [ 0.01699559,  0.        , -0.01339808, ..., -0.99575771,
         -0.99686566, -0.99951217],
        [ 0.03039021,  0.01339808,  0.        , ..., -0.99690114,
         -0.99783614, -0.9998409 ],
        ...,
        [ 0.99405005,  0.99575771,  0.99690114, ...,  0.        ,
          0.01294831,  0.06086985],
        [ 0.9953771 ,  0.99686566,  0.99783614, ..., -0.01294831,
          0.        ,  0.04794045],
        [ 0.998837  ,  0.99951217,  0.9998409 , ..., -0.06086985,
         -0.04794045,  0.        ]]]), 'num': array([ 9.49209557e-01,  3.14626243e-01,  7.53661893e-06, -1.74805002e-08,
        1.03184279e-03,  1.05512665e-03,  1.02939185e-03,  1.56358495e-03,
       -3.18621288e-05,  1.06296964e-03,  1.03453881e-03,  1.22910204e-03,
        6.60642430e-07,  1.10550845e-03,  9.63569172e-04])}
{'img': array([[[ 0.        ,  0.1980198 ,  0.        , ..., -0.92093783,
         -0.88496141, -0.81048397],
        [-0.1980198 ,  0.        , -0.1980198 , ..., -0.82553123,
         -0.77522666, -0.67844254],
        [ 0.        ,  0.1980198 ,  0.        , ..., -0.92093783,
         -0.88496141, -0.81048397],
        ...,
        [ 0.92093783,  0.82553123,  0.92093783, ...,  0.        ,
         -0.08397003, -0.22359596],
        [ 0.88496141,  0.77522666,  0.88496141, ...,  0.08397003,
          0.        , -0.14096222],
        [ 0.81048397,  0.67844254,  0.81048397, ...,  0.22359596,
          0.14096222,  0.        ]],

       [[ 0.        , -0.18328774, -0.46192226, ...,  0.30153189,
          0.4586716 ,  0.68734178],
        [ 0.18328774,  0.        , -0.29153534, ...,  0.47118054,
          0.61377194,  0.80882588],
        [ 0.46192226,  0.29153534,  0.        , ...,  0.70785738,
          0.81727203,  0.94512736],
        ...,
        [-0.30153189, -0.47118054, -0.70785738, ...,  0.        ,
          0.16938022,  0.4363373 ],
        [-0.4586716 , -0.61377194, -0.81727203, ..., -0.16938022,
          0.        ,  0.27762709],
        [-0.68734178, -0.80882588, -0.94512736, ..., -0.4363373 ,
         -0.27762709,  0.        ]],

       [[ 0.        ,  0.25061784,  0.42775582, ..., -0.98665369,
         -0.98533348, -0.98373624],
        [-0.25061784,  0.        ,  0.18757242, ..., -0.91435695,
         -0.91112227, -0.90732565],
        [-0.42775582, -0.18757242,  0.        , ..., -0.82217805,
         -0.81764517, -0.81236052],
        ...,
        [ 0.98665369,  0.91435695,  0.82217805, ...,  0.        ,
         -0.00791788, -0.01703738],
        [ 0.98533348,  0.91112227,  0.81764517, ...,  0.00791788,
          0.        , -0.00912011],
        [ 0.98373624,  0.90732565,  0.81236052, ...,  0.01703738,
          0.00912011,  0.        ]],

       ...,

       [[ 0.        , -0.31632861, -0.43386833, ..., -0.80201665,
         -0.92206022, -0.91929734],
        [ 0.31632861,  0.        , -0.12658447, ..., -0.57188922,
         -0.75227827, -0.74759566],
        [ 0.43386833,  0.12658447,  0.        , ..., -0.4634477 ,
         -0.66282721, -0.65751028],
        ...,
        [ 0.80201665,  0.57188922,  0.4634477 , ...,  0.        ,
         -0.24033044, -0.2334532 ],
        [ 0.92206022,  0.75227827,  0.66282721, ...,  0.24033044,
          0.        ,  0.00707869],
        [ 0.91929734,  0.74759566,  0.65751028, ...,  0.2334532 ,
         -0.00707869,  0.        ]],

       [[ 0.        ,  0.13214584,  0.25047659, ..., -0.88106635,
         -0.88864282, -0.8605224 ],
        [-0.13214584,  0.        ,  0.1203466 , ..., -0.81083563,
         -0.82024759, -0.78565911],
        [-0.25047659, -0.1203466 ,  0.        , ..., -0.7345067 ,
         -0.74544668, -0.7054953 ],
        ...,
        [ 0.88106635,  0.81083563,  0.7345067 , ...,  0.        ,
          0.01626454, -0.0418055 ],
        [ 0.88864282,  0.82024759,  0.74544668, ..., -0.01626454,
          0.        , -0.05805029],
        [ 0.8605224 ,  0.78565911,  0.7054953 , ...,  0.0418055 ,
          0.05805029,  0.        ]],

       [[ 0.        , -0.01339808, -0.00264856, ..., -0.99686566,
         -0.99951217, -0.9992736 ],
        [ 0.01339808,  0.        ,  0.01074971, ..., -0.99783614,
         -0.9998409 , -0.99867332],
        [ 0.00264856, -0.01074971,  0.        , ..., -0.99707169,
         -0.99959138, -0.99916916],
        ...,
        [ 0.99686566,  0.99783614,  0.99707169, ...,  0.        ,
          0.04794045,  0.11704486],
        [ 0.99951217,  0.9998409 ,  0.99959138, ..., -0.04794045,
          0.        ,  0.06929934],
        [ 0.9992736 ,  0.99867332,  0.99916916, ..., -0.11704486,
         -0.06929934,  0.        ]]]), 'num': array([ 9.76624976e-01,  2.14912774e-01,  8.79575291e-06, -4.22105110e-08,
        1.06832006e-03,  1.09422620e-03,  1.03377853e-03,  2.60860073e-03,
        2.96070224e-05,  1.07078731e-03,  1.04488117e-03,  1.22887647e-03,
        7.14204488e-07,  1.11448654e-03,  9.75275797e-04])}
{'img': array([[[ 0.        , -0.1980198 , -0.33953323, ..., -0.77522666,
         -0.67844254, -0.76870461],
        [ 0.1980198 ,  0.        , -0.14655355, ..., -0.88496141,
         -0.81048397, -0.88013698],
        [ 0.33953323,  0.14655355,  0.        , ..., -0.94365102,
         -0.88757829, -0.94020579],
        ...,
        [ 0.77522666,  0.88496141,  0.94365102, ...,  0.        ,
         -0.14096222, -0.01026028],
        [ 0.67844254,  0.81048397,  0.88757829, ...,  0.14096222,
          0.        ,  0.13079697],
        [ 0.76870461,  0.88013698,  0.94020579, ...,  0.01026028,
         -0.13079697,  0.        ]],

       [[ 0.        , -0.29153534, -0.2199783 , ...,  0.61377194,
          0.80882588,  0.82898503],
        [ 0.29153534,  0.        ,  0.07397166, ...,  0.81727203,
          0.94512736,  0.62992677],
        [ 0.2199783 , -0.07397166,  0.        , ...,  0.77240666,
          0.91837134,  0.68565141],
        ...,
        [-0.61377194, -0.81727203, -0.77240666, ...,  0.        ,
          0.27762709,  0.99773462],
        [-0.80882588, -0.94512736, -0.91837134, ..., -0.27762709,
          0.        ,  0.93983586],
        [-0.82898503, -0.62992677, -0.68565141, ..., -0.99773462,
         -0.93983586,  0.        ]],

       [[ 0.        ,  0.18757242,  0.31275821, ..., -0.91112227,
         -0.90732565, -0.90876202],
        [-0.18757242,  0.        ,  0.12904456, ..., -0.81764517,
         -0.81236052, -0.81435546],
        [-0.31275821, -0.12904456,  0.        , ..., -0.73651482,
         -0.73031515, -0.73265333],
        ...,
        [ 0.91112227,  0.81764517,  0.73651482, ...,  0.        ,
         -0.00912011, -0.00569107],
        [ 0.90732565,  0.81236052,  0.73031515, ...,  0.00912011,
          0.        ,  0.00342913],
        [ 0.90876202,  0.81435546,  0.73265333, ...,  0.00569107,
         -0.00342913,  0.        ]],

       ...,

       [[ 0.        , -0.12789287,  0.31202829, ..., -0.75453422,
         -0.74986424, -0.65614302],
        [ 0.12789287,  0.        ,  0.43097345, ..., -0.66440692,
         -0.65909348, -0.55424212],
        [-0.31202829, -0.43097345,  0.        , ..., -0.92163436,
         -0.91886096, -0.8588516 ],
        ...,
        [ 0.75453422,  0.66440692,  0.92163436, ...,  0.        ,
          0.00708718,  0.13879824],
        [ 0.74986424,  0.65909348,  0.91886096, ..., -0.00708718,
          0.        ,  0.13177618],
        [ 0.65614302,  0.55424212,  0.8588516 , ..., -0.13879824,
         -0.13177618,  0.        ]],

       [[ 0.        ,  0.1203466 ,  0.21902609, ..., -0.82024759,
         -0.78565911, -0.7978024 ],
        [-0.1203466 ,  0.        ,  0.10000973, ..., -0.74544668,
         -0.7054953 , -0.71944467],
        [-0.21902609, -0.10000973,  0.        , ..., -0.67504635,
         -0.63107992, -0.64637597],
        ...,
        [ 0.82024759,  0.74544668,  0.67504635, ...,  0.        ,
         -0.05805029, -0.03819299],
        [ 0.78565911,  0.7054953 ,  0.63107992, ...,  0.05805029,
          0.        ,  0.01987935],
        [ 0.7978024 ,  0.71944467,  0.64637597, ...,  0.03819299,
         -0.01987935,  0.        ]],

       [[ 0.        ,  0.01074971,  0.0434807 , ..., -0.9998409 ,
         -0.99867332, -0.9969609 ],
        [-0.01074971,  0.        ,  0.03273865, ..., -0.99959138,
         -0.99916916, -0.99774074],
        [-0.0434807 , -0.03273865,  0.        , ..., -0.99811973,
         -0.99996782, -0.99940534],
        ...,
        [ 0.9998409 ,  0.99959138,  0.99811973, ...,  0.        ,
          0.06929934,  0.0956744 ],
        [ 0.99867332,  0.99916916,  0.99996782, ..., -0.06929934,
          0.        ,  0.02646295],
        [ 0.9969609 ,  0.99774074,  0.99940534, ..., -0.0956744 ,
         -0.02646295,  0.        ]]]), 'num': array([ 8.39808203e-01,  5.42874583e-01,  3.29926244e-06, -1.42294030e-08,
        9.42646413e-04,  9.53120262e-04,  9.07035326e-04,  1.56166136e-03,
        3.56110867e-05,  9.13529112e-04,  8.93209845e-04,  1.03671903e-03,
        7.18643656e-07,  9.48800631e-04,  8.37619059e-04])}
{'img': array([[[ 0.        , -0.28      , -0.47497368, ..., -0.68130463,
         -0.77168906, -0.8660254 ],
        [ 0.28      ,  0.        , -0.20957474, ..., -0.85901245,
         -0.91890149, -0.97138439],
        [ 0.47497368,  0.20957474,  0.        , ..., -0.94722881,
         -0.98116963, -0.9995892 ],
        ...,
        [ 0.68130463,  0.85901245,  0.94722881, ...,  0.        ,
          0.13156664,  0.29327828],
        [ 0.77168906,  0.91890149,  0.98116963, ..., -0.13156664,
          0.        ,  0.16494763],
