state_0,state_1,state_2,state_3,state_4,state_5,state_6,state_7,state_8,state_9,state_10,state_11,state_12,state_13,state_14,state_15,state_16,state_17,state_18,state_19,state_20,state_21,state_22,state_23,state_24,state_25,state_26,state_27,state_28,state_29,state_30,state_31,state_32,state_33,state_34,state_35,state_36,state_37,state_38,state_39,state_40,state_41,state_42,state_43,state_44,state_45,state_46,state_47,state_48,state_49,state_50,state_51,state_52,state_53,state_54,state_55,state_56,state_57,state_58,state_59,state_60,state_61,state_62,state_63,state_64,state_65,state_66,state_67,state_68,state_69,state_70,state_71,state_72,state_73,state_74,state_75,state_76,state_77,state_78,state_79,state_80,state_81,state_82,state_83,state_84,state_85,state_86,state_87,state_88,state_89,state_90,state_91,state_92,state_93,state_94,state_95,state_96,state_97,state_98,state_99,state_100,state_101,state_102,state_103,state_104,state_105,state_106,state_107,state_108,state_109,state_110,state_111,state_112,state_113,state_114,state_115,state_116,state_117,state_118,state_119,state_120,state_121,state_122,state_123,state_124,state_125,state_126,state_127,state_128,state_129,state_130,state_131,state_132,state_133,state_134,state_135,state_136,state_137,state_138,state_139,state_140,state_141,state_142,state_143,state_144,state_145,state_146,state_147,state_148,state_149,state_150,state_151,state_152,state_153,state_154,state_155,state_156,state_157,state_158,state_159,state_160,state_161,state_162,state_163,state_164,state_165,state_166,state_167,state_168,state_169,state_170,state_171,state_172,state_173,state_174,state_175,state_176,state_177,state_178,state_179,state_180,state_181,state_182,state_183,state_184,state_185,state_186,state_187,state_188,state_189,state_190,state_191,state_192,state_193,state_194,state_195,state_196,state_197,state_198,state_199,state_200,state_201,state_202,state_203,state_204,state_205,state_206,state_207,state_208,state_209,state_210,state_211,state_212,state_213,state_214,state_215,state_216,state_217,state_218,state_219,state_220,state_221,state_222,state_223,state_224,state_225,state_226,state_227,state_228,state_229,state_230,state_231,state_232,state_233,state_234,state_235,state_236,state_237,state_238,state_239,state_240,state_241,state_242,state_243,state_244,state_245,state_246,state_247,state_248,state_249,state_250,state_251,state_252,state_253,state_254,state_255,state_256,state_257,state_258,state_259,state_260,state_261,state_262,state_263,state_264,state_265,state_266,state_267,state_268,state_269,state_270,state_271,state_272,state_273,state_274,state_275,state_276,state_277,state_278,state_279,state_280,state_281,state_282,state_283,state_284,state_285,state_286,state_287
{'img': array([[[ 0.00000000e+00, -1.06020289e-01,  1.77283897e-01, ...,
         -8.01743970e-01, -6.54715210e-01, -4.51049068e-01],
        [ 1.06020289e-01,  0.00000000e+00,  2.80625621e-01, ...,
         -7.33860419e-01, -5.70887058e-01, -3.53883922e-01],
        [-1.77283897e-01, -2.80625621e-01,  0.00000000e+00, ...,
         -8.95000996e-01, -7.78348940e-01, -6.02130068e-01],
        ...,
        [ 8.01743970e-01,  7.33860419e-01,  8.95000996e-01, ...,
          0.00000000e+00,  2.14716649e-01,  4.45978383e-01],
        [ 6.54715210e-01,  5.70887058e-01,  7.78348940e-01, ...,
         -2.14716649e-01,  0.00000000e+00,  2.43395764e-01],
        [ 4.51049068e-01,  3.53883922e-01,  6.02130068e-01, ...,
         -4.45978383e-01, -2.43395764e-01,  0.00000000e+00]],

       [[ 0.00000000e+00,  8.28206678e-03,  7.98420116e-03, ...,
         -4.98005174e-02, -5.64956417e-02, -1.17133481e-01],
        [-8.28206678e-03,  0.00000000e+00, -2.97875470e-04, ...,
         -5.80705996e-02, -6.47625432e-02, -1.25354518e-01],
        [-7.98420116e-03,  2.97875470e-04,  0.00000000e+00, ...,
         -5.77732242e-02, -6.44652901e-02, -1.25058987e-01],
        ...,
        [ 4.98005174e-02,  5.80705996e-02,  5.77732242e-02, ...,
          0.00000000e+00, -6.70456282e-03, -6.75304406e-02],
        [ 5.64956417e-02,  6.47625432e-02,  6.44652901e-02, ...,
          6.70456282e-03,  0.00000000e+00, -6.08396651e-02],
        [ 1.17133481e-01,  1.25354518e-01,  1.25058987e-01, ...,
          6.75304406e-02,  6.08396651e-02,  0.00000000e+00]],

       [[ 0.00000000e+00, -1.79849262e-01, -2.93933748e-01, ...,
         -7.01185375e-01, -8.13717685e-01, -9.70916817e-01],
        [ 1.79849262e-01,  0.00000000e+00, -1.17236354e-01, ...,
         -5.61523225e-01, -6.95910118e-01, -9.12026240e-01],
        [ 2.93933748e-01,  1.17236354e-01,  0.00000000e+00, ...,
         -4.60642476e-01, -6.06920338e-01, -8.57654582e-01],
        ...,
        [ 7.01185375e-01,  5.61523225e-01,  4.60642476e-01, ...,
          0.00000000e+00, -1.72592414e-01, -5.24367563e-01],
        [ 8.13717685e-01,  6.95910118e-01,  6.06920338e-01, ...,
          1.72592414e-01,  0.00000000e+00, -3.69537489e-01],
        [ 9.70916817e-01,  9.12026240e-01,  8.57654582e-01, ...,
          5.24367563e-01,  3.69537489e-01,  0.00000000e+00]],

       ...,

       [[ 0.00000000e+00, -3.83437532e-02,  2.85807944e-02, ...,
          2.73101144e-01,  3.44395534e-01,  3.30611339e-01],
        [ 3.83437532e-02,  0.00000000e+00,  6.68878654e-02, ...,
          3.09786436e-01,  3.80140329e-01,  3.66555779e-01],
        [-2.85807944e-02, -6.68878654e-02,  0.00000000e+00, ...,
          2.45495274e-01,  3.17422489e-01,  3.03502669e-01],
        ...,
        [-2.73101144e-01, -3.09786436e-01, -2.45495274e-01, ...,
          0.00000000e+00,  7.49093644e-02,  6.02994098e-02],
        [-3.44395534e-01, -3.80140329e-01, -3.17422489e-01, ...,
         -7.49093644e-02,  0.00000000e+00, -1.46430651e-02],
        [-3.30611339e-01, -3.66555779e-01, -3.03502669e-01, ...,
         -6.02994098e-02,  1.46430651e-02,  0.00000000e+00]],

       [[ 0.00000000e+00,  2.02046632e-02, -3.48773330e-01, ...,
         -5.12562747e-01, -3.79019025e-01, -2.02046632e-02],
        [-2.02046632e-02,  0.00000000e+00, -3.67638087e-01, ...,
         -4.95109386e-01, -3.60244483e-01, -0.00000000e+00],
        [ 3.48773330e-01,  3.67638087e-01,  0.00000000e+00, ...,
         -7.79851591e-01, -6.77970286e-01, -3.67638087e-01],
        ...,
        [ 5.12562747e-01,  4.95109386e-01,  7.79851591e-01, ...,
          0.00000000e+00, -1.48875267e-01, -4.95109386e-01],
        [ 3.79019025e-01,  3.60244483e-01,  6.77970286e-01, ...,
          1.48875267e-01,  0.00000000e+00, -3.60244483e-01],
        [ 2.02046632e-02,  0.00000000e+00,  3.67638087e-01, ...,
          4.95109386e-01,  3.60244483e-01,  0.00000000e+00]],

       [[ 0.00000000e+00, -4.18104062e-01, -6.07680977e-01, ...,
         -9.74360561e-01, -9.99790188e-01, -9.35025773e-01],
        [ 4.18104062e-01,  0.00000000e+00, -2.19966476e-01, ...,
         -7.91038134e-01, -9.16772834e-01, -9.97627842e-01],
        [ 6.07680977e-01,  2.19966476e-01,  0.00000000e+00, ...,
         -6.37095382e-01, -8.06462116e-01, -9.58051294e-01],
        ...,
        [ 9.74360561e-01,  7.91038134e-01,  6.37095382e-01, ...,
          0.00000000e+00, -2.44903451e-01, -5.55862052e-01],
        [ 9.99790188e-01,  9.16772834e-01,  8.06462116e-01, ...,
          2.44903451e-01,  0.00000000e+00, -3.35352641e-01],
        [ 9.35025773e-01,  9.97627842e-01,  9.58051294e-01, ...,
          5.55862052e-01,  3.35352641e-01,  0.00000000e+00]]]), 'num': array([7.07105773e-01, 7.07105773e-01, 0.00000000e+00, 0.00000000e+00,
       5.50867671e-04, 5.59669818e-04, 5.47200110e-04, 4.56405969e-04,
       7.33512212e-07, 5.42945740e-04, 5.82628750e-04, 6.39341470e-04,
       1.86417468e-07, 6.37417939e-04, 5.27839561e-04])}
{'img': array([[[ 0.00000000e+00,  2.80625621e-01,  2.93067963e-01, ...,
         -5.70887058e-01, -3.53883922e-01, -3.41782449e-01],
        [-2.80625621e-01,  0.00000000e+00,  1.29879003e-02, ...,
         -7.78348940e-01, -6.02130068e-01, -5.91774803e-01],
        [-2.93067963e-01, -1.29879003e-02,  0.00000000e+00, ...,
         -7.86437508e-01, -6.12448794e-01, -6.02194479e-01],
        ...,
        [ 5.70887058e-01,  7.78348940e-01,  7.86437508e-01, ...,
          0.00000000e+00,  2.43395764e-01,  2.55894560e-01],
        [ 3.53883922e-01,  6.02130068e-01,  6.12448794e-01, ...,
         -2.43395764e-01,  0.00000000e+00,  1.29072289e-02],
        [ 3.41782449e-01,  5.91774803e-01,  6.02194479e-01, ...,
         -2.55894560e-01, -1.29072289e-02,  0.00000000e+00]],

       [[ 0.00000000e+00, -2.97875470e-04, -4.00826037e-01, ...,
         -6.47625432e-02, -1.25354518e-01, -1.20654413e-01],
        [ 2.97875470e-04,  0.00000000e+00, -4.00553119e-01, ...,
         -6.44652901e-02, -1.25058987e-01, -1.20358709e-01],
        [ 4.00826037e-01,  4.00553119e-01,  0.00000000e+00, ...,
          3.40652109e-01,  2.82820260e-01,  2.87359785e-01],
        ...,
        [ 6.47625432e-02,  6.44652901e-02, -3.40652109e-01, ...,
          0.00000000e+00, -6.08396651e-02, -5.61116989e-02],
        [ 1.25354518e-01,  1.25058987e-01, -2.82820260e-01, ...,
          6.08396651e-02,  0.00000000e+00,  4.73605716e-03],
        [ 1.20654413e-01,  1.20358709e-01, -2.87359785e-01, ...,
          5.61116989e-02, -4.73605716e-03,  0.00000000e+00]],

       [[ 0.00000000e+00, -1.13219728e-01, -1.56967984e-01, ...,
         -6.51391266e-01, -7.83621927e-01, -9.23643025e-01],
        [ 1.13219728e-01,  0.00000000e+00, -4.41424549e-02, ...,
         -5.61298240e-01, -7.08246818e-01, -8.74312072e-01],
        [ 1.56967984e-01,  4.41424549e-02,  0.00000000e+00, ...,
         -5.24218217e-01, -6.76393429e-01, -8.52034667e-01],
        ...,
        [ 6.51391266e-01,  5.61298240e-01,  5.24218217e-01, ...,
          0.00000000e+00, -1.89897847e-01, -4.51158502e-01],
        [ 7.83621927e-01,  7.08246818e-01,  6.76393429e-01, ...,
          1.89897847e-01,  0.00000000e+00, -2.73475992e-01],
        [ 9.23643025e-01,  8.74312072e-01,  8.52034667e-01, ...,
          4.51158502e-01,  2.73475992e-01,  0.00000000e+00]],

       ...,

       [[ 0.00000000e+00,  6.68878654e-02,  1.97216578e-01, ...,
          3.80140329e-01,  3.66555779e-01,  3.98050232e-01],
        [-6.68878654e-02,  0.00000000e+00,  1.31200728e-01, ...,
          3.17422489e-01,  3.03502669e-01,  3.35798304e-01],
        [-1.97216578e-01, -1.31200728e-01,  0.00000000e+00, ...,
          1.90263054e-01,  1.75867072e-01,  2.09313189e-01],
        ...,
        [-3.80140329e-01, -3.17422489e-01, -1.90263054e-01, ...,
          0.00000000e+00, -1.46430651e-02,  1.94412247e-02],
        [-3.66555779e-01, -3.03502669e-01, -1.75867072e-01, ...,
          1.46430651e-02,  0.00000000e+00,  3.40794379e-02],
        [-3.98050232e-01, -3.35798304e-01, -2.09313189e-01, ...,
         -1.94412247e-02, -3.40794379e-02,  0.00000000e+00]],

       [[ 0.00000000e+00, -3.63382615e-01, -5.31617788e-01, ...,
         -4.62274316e-01, -3.05235394e-01, -0.00000000e+00],
        [ 3.63382615e-01,  0.00000000e+00, -1.87496996e-01, ...,
         -7.52898040e-01, -6.30410381e-01, -3.63382615e-01],
        [ 5.31617788e-01,  1.87496996e-01,  0.00000000e+00, ...,
         -8.62944269e-01, -7.64776965e-01, -5.31617788e-01],
        ...,
        [ 4.62274316e-01,  7.52898040e-01,  8.62944269e-01, ...,
          0.00000000e+00, -1.69549658e-01, -4.62274316e-01],
        [ 3.05235394e-01,  6.30410381e-01,  7.64776965e-01, ...,
          1.69549658e-01,  0.00000000e+00, -3.05235394e-01],
        [ 0.00000000e+00,  3.63382615e-01,  5.31617788e-01, ...,
          4.62274316e-01,  3.05235394e-01,  0.00000000e+00]],

       [[ 0.00000000e+00, -2.12134432e-01, -3.81852960e-01, ...,
         -8.65587382e-01, -9.26302193e-01, -9.99334888e-01],
        [ 2.12134432e-01,  0.00000000e+00, -1.77102635e-01, ...,
         -7.39659046e-01, -8.25291698e-01, -9.68854792e-01],
        [ 3.81852960e-01,  1.77102635e-01,  0.00000000e+00, ...,
         -6.08779953e-01, -7.12234769e-01, -9.09683666e-01],
        ...,
        [ 8.65587382e-01,  7.39659046e-01,  6.08779953e-01, ...,
          0.00000000e+00, -1.37715897e-01, -4.68860203e-01],
        [ 9.26302193e-01,  8.25291698e-01,  7.12234769e-01, ...,
          1.37715897e-01,  0.00000000e+00, -3.42752147e-01],
        [ 9.99334888e-01,  9.68854792e-01,  9.09683666e-01, ...,
          4.68860203e-01,  3.42752147e-01,  0.00000000e+00]]]), 'num': array([7.07105811e-01, 7.07105811e-01, 0.00000000e+00, 0.00000000e+00,
       5.54535263e-04, 5.60403361e-04, 5.44266091e-04, 3.25019279e-04,
       3.66756126e-06, 5.46466628e-04, 5.79658057e-04, 6.38962523e-04,
       2.18766812e-07, 6.33770932e-04, 5.25545182e-04])}
{'img': array([[[ 0.        ,  0.0129879 ,  0.42770591, ..., -0.60213007,
         -0.5917748 , -0.54217301],
        [-0.0129879 ,  0.        ,  0.41592984, ..., -0.61244879,
         -0.60219448, -0.55304059],
        [-0.42770591, -0.41592984,  0.        , ..., -0.88575572,
         -0.87969103, -0.84946703],
        ...,
        [ 0.60213007,  0.61244879,  0.88575572, ...,  0.        ,
          0.01290723,  0.0730801 ],
        [ 0.5917748 ,  0.60219448,  0.87969103, ..., -0.01290723,
          0.        ,  0.06020129],
        [ 0.54217301,  0.55304059,  0.84946703, ..., -0.0730801 ,
         -0.06020129,  0.        ]],

       [[ 0.        , -0.40055312,  0.17661375, ..., -0.12505899,
         -0.12035871, -0.23390191],
        [ 0.40055312,  0.        ,  0.55608303, ...,  0.28282026,
          0.28735979,  0.17512373],
        [-0.17661375, -0.55608303,  0.        , ..., -0.2983203 ,
         -0.29379655, -0.40193955],
        ...,
        [ 0.12505899, -0.28282026,  0.2983203 , ...,  0.        ,
          0.00473606, -0.11047574],
        [ 0.12035871, -0.28735979,  0.29379655, ..., -0.00473606,
          0.        , -0.11518157],
        [ 0.23390191, -0.17512373,  0.40193955, ...,  0.11047574,
          0.11518157,  0.        ]],

       [[ 0.        , -0.04414245,  0.09851684, ..., -0.70824682,
         -0.87431207, -0.72268408],
        [ 0.04414245,  0.        ,  0.14234853, ..., -0.67639343,
         -0.85203467, -0.69146932],
        [-0.09851684, -0.14234853,  0.        , ..., -0.7743509 ,
         -0.91787543, -0.78726122],
        ...,
        [ 0.70824682,  0.67639343,  0.7743509 , ...,  0.        ,
         -0.27347599, -0.02066462],
        [ 0.87431207,  0.85203467,  0.91787543, ...,  0.27347599,
          0.        ,  0.25354073],
        [ 0.72268408,  0.69146932,  0.78726122, ...,  0.02066462,
         -0.25354073,  0.        ]],

       ...,

       [[ 0.        ,  0.13120073,  0.63157527, ...,  0.30350267,
          0.3357983 ,  0.47031219],
        [-0.13120073,  0.        ,  0.52439399, ...,  0.17586707,
          0.20931319,  0.35046207],
        [-0.63157527, -0.52439399,  0.        , ..., -0.3664742 ,
         -0.33455285, -0.19272536],
        ...,
        [-0.30350267, -0.17586707,  0.3664742 , ...,  0.        ,
          0.03407944,  0.1802867 ],
        [-0.3357983 , -0.20931319,  0.33455285, ..., -0.03407944,
          0.        ,  0.14666096],
        [-0.47031219, -0.35046207,  0.19272536, ..., -0.1802867 ,
         -0.14666096,  0.        ]],

       [[ 0.        , -0.40554702, -0.60475728, ..., -0.40978157,
         -0.27785579, -0.        ],
        [ 0.40554702,  0.        , -0.22981138, ..., -0.74450412,
         -0.64355851, -0.40554702],
        [ 0.60475728,  0.22981138,  0.        , ..., -0.87800379,
         -0.80223071, -0.60475728],
        ...,
        [ 0.40978157,  0.74450412,  0.87800379, ...,  0.        ,
         -0.14019   , -0.40978157],
        [ 0.27785579,  0.64355851,  0.80223071, ...,  0.14019   ,
          0.        , -0.27785579],
        [ 0.        ,  0.40554702,  0.60475728, ...,  0.40978157,
          0.27785579,  0.        ]],

       [[ 0.        , -0.17099905, -0.16520802, ..., -0.77380468,
         -0.86303634, -0.9759665 ],
        [ 0.17099905,  0.        ,  0.00587461, ..., -0.65409251,
         -0.76394606, -0.92432746],
        [ 0.16520802, -0.00587461,  0.        , ..., -0.65852487,
         -0.76772365, -0.92655327],
        ...,
        [ 0.77380468,  0.65409251,  0.65852487, ...,  0.        ,
         -0.15578704, -0.44957289],
        [ 0.86303634,  0.76394606,  0.76772365, ...,  0.15578704,
          0.        , -0.30492813],
        [ 0.9759665 ,  0.92432746,  0.92655327, ...,  0.44957289,
          0.30492813,  0.        ]]]), 'num': array([ 7.35896021e-01,  6.77092289e-01,  7.53893999e-07, -8.38923914e-12,
        5.93977090e-04,  5.97023126e-04,  5.81031436e-04,  4.22287251e-04,
        1.82762182e-05,  5.74634759e-04,  5.99383805e-04,  6.62754053e-04,
        3.28236677e-07,  6.52510512e-04,  5.46257097e-04])}
{'img': array([[[ 0.        ,  0.41592984,  0.42650771, ..., -0.60219448,
         -0.55304059, -0.3472113 ],
        [-0.41592984,  0.        ,  0.01166285, ..., -0.87969103,
         -0.84946703, -0.70580637],
        [-0.42650771, -0.01166285,  0.        , ..., -0.88517741,
         -0.85556306, -0.71402039],
        ...,
        [ 0.60219448,  0.87969103,  0.88517741, ...,  0.        ,
          0.06020129,  0.28753417],
        [ 0.55304059,  0.84946703,  0.85556306, ..., -0.06020129,
          0.        ,  0.22935364],
        [ 0.3472113 ,  0.70580637,  0.71402039, ..., -0.28753417,
         -0.22935364,  0.        ]],

       [[ 0.        ,  0.55608303,  0.20978454, ...,  0.28735979,
          0.17512373,  0.25125781],
        [-0.55608303,  0.        , -0.36935133, ..., -0.29379655,
         -0.40193955, -0.3294169 ],
        [-0.20978454,  0.36935133,  0.        , ...,  0.08002896,
         -0.03531581,  0.04261204],
        ...,
        [-0.28735979,  0.29379655, -0.08002896, ...,  0.        ,
         -0.11518157, -0.0374809 ],
        [-0.17512373,  0.40193955,  0.03531581, ...,  0.11518157,
          0.        ,  0.07786919],
        [-0.25125781,  0.3294169 , -0.04261204, ...,  0.0374809 ,
         -0.07786919,  0.        ]],

       [[ 0.        ,  0.14234853,  0.28458825, ..., -0.85203467,
         -0.69146932, -0.54247745],
        [-0.14234853,  0.        ,  0.14522778, ..., -0.91787543,
         -0.78726122, -0.65653596],
        [-0.28458825, -0.14522778,  0.        , ..., -0.96578069,
         -0.86846517, -0.75912008],
        ...,
        [ 0.85203467,  0.91787543,  0.96578069, ...,  0.        ,
          0.25354073,  0.43179007],
        [ 0.69146932,  0.78726122,  0.86846517, ..., -0.25354073,
          0.        ,  0.18899402],
        [ 0.54247745,  0.65653596,  0.75912008, ..., -0.43179007,
         -0.18899402,  0.        ]],

       ...,

       [[ 0.        ,  0.52439399,  0.56599167, ...,  0.20931319,
          0.35046207,  0.68165114],
        [-0.52439399,  0.        ,  0.04961202, ..., -0.33455285,
         -0.19272536,  0.19672222],
        [-0.56599167, -0.04961202,  0.        , ..., -0.3808941 ,
         -0.24116997,  0.1478374 ],
        ...,
        [-0.20931319,  0.33455285,  0.3808941 , ...,  0.        ,
          0.14666096,  0.51340194],
        [-0.35046207,  0.19272536,  0.24116997, ..., -0.14666096,
          0.        ,  0.38199358],
        [-0.68165114, -0.19672222, -0.1478374 , ..., -0.51340194,
         -0.38199358,  0.        ]],

       [[ 0.        , -0.47387941, -0.67333144, ..., -0.43066092,
         -0.33427583, -0.        ],
        [ 0.47387941,  0.        , -0.24257039, ..., -0.8069183 ,
         -0.7409795 , -0.47387941],
        [ 0.67333144,  0.24257039,  0.        , ..., -0.9260961 ,
         -0.88174199, -0.67333144],
        ...,
        [ 0.43066092,  0.8069183 ,  0.9260961 , ...,  0.        ,
         -0.10419872, -0.43066092],
        [ 0.33427583,  0.7409795 ,  0.88174199, ...,  0.10419872,
          0.        , -0.33427583],
        [ 0.        ,  0.47387941,  0.67333144, ...,  0.43066092,
          0.33427583,  0.        ]],

       [[ 0.        ,  0.00587461,  0.05104087, ..., -0.76394606,
         -0.92432746, -0.8508106 ],
        [-0.00587461,  0.        ,  0.04517303, ..., -0.76772365,
         -0.92655327, -0.85388287],
        [-0.05104087, -0.04517303,  0.        , ..., -0.79588596,
         -0.94259987, -0.8765222 ],
        ...,
        [ 0.76394606,  0.76772365,  0.79588596, ...,  0.        ,
         -0.30492813, -0.14757853],
        [ 0.92432746,  0.92655327,  0.94259987, ...,  0.30492813,
          0.        ,  0.16103911],
        [ 0.8508106 ,  0.85388287,  0.8765222 , ...,  0.14757853,
         -0.16103911,  0.        ]]]), 'num': array([ 7.34679809e-01,  6.78411637e-01,  7.22312855e-07,  1.86159220e-09,
        5.92296541e-04,  6.02180822e-04,  5.90775882e-04,  5.65685015e-04,
       -7.60329321e-07,  5.80283338e-04,  5.96440336e-04,  6.61093672e-04,
        3.63214644e-07,  6.47154871e-04,  5.45725800e-04])}
{'img': array([[[ 0.        ,  0.01166285,  0.03498022, ..., -0.84946703,
         -0.70580637, -0.71176061],
        [-0.01166285,  0.        ,  0.02332213, ..., -0.85556306,
         -0.71402039, -0.71990445],
        [-0.03498022, -0.02332213,  0.        , ..., -0.86740418,
         -0.73015458, -0.7358959 ],
        ...,
        [ 0.84946703,  0.85556306,  0.86740418, ...,  0.        ,
          0.22935364,  0.22112984],
        [ 0.70580637,  0.71402039,  0.73015458, ..., -0.22935364,
          0.        , -0.00844063],
        [ 0.71176061,  0.71990445,  0.7358959 , ..., -0.22112984,
          0.00844063,  0.        ]],

       [[ 0.        , -0.39368707, -0.12495784, ..., -0.43531915,
         -0.34704232, -0.24731934],
        [ 0.39368707,  0.        ,  0.27573455, ..., -0.04573765,
          0.05020245,  0.15410985],
        [ 0.12495784, -0.27573455,  0.        , ..., -0.31941057,
         -0.22713058, -0.12430496],
        ...,
        [ 0.43531915,  0.04573765,  0.31941057, ...,  0.        ,
          0.09582989,  0.19913982],
        [ 0.34704232, -0.05020245,  0.22713058, ..., -0.09582989,
          0.        ,  0.1043128 ],
        [ 0.24731934, -0.15410985,  0.12430496, ..., -0.19913982,
         -0.1043128 ,  0.        ]],

       [[ 0.        ,  0.14522778,  0.30563306, ..., -0.78726122,
         -0.65653596, -0.56095173],
        [-0.14522778,  0.        ,  0.16411428, ..., -0.86846517,
         -0.75912008, -0.67523126],
        [-0.30563306, -0.16411428,  0.        , ..., -0.93804962,
         -0.85565771, -0.78712771],
        ...,
        [ 0.78726122,  0.86846517,  0.93804962, ...,  0.        ,
          0.18899402,  0.30583918],
        [ 0.65653596,  0.75912008,  0.85565771, ..., -0.18899402,
          0.        ,  0.12038939],
        [ 0.56095173,  0.67523126,  0.78712771, ..., -0.30583918,
         -0.12038939,  0.        ]],

       ...,

       [[ 0.        ,  0.04961202,  0.19987101, ..., -0.19272536,
          0.19672222,  0.32284677],
        [-0.04961202,  0.        ,  0.15101392, ..., -0.24116997,
          0.1478374 ,  0.27549384],
        [-0.19987101, -0.15101392,  0.        , ..., -0.38496057,
         -0.00321258,  0.12716427],
        ...,
        [ 0.19272536,  0.24116997,  0.38496057, ...,  0.        ,
          0.38199358,  0.49919943],
        [-0.19672222, -0.1478374 ,  0.00321258, ..., -0.38199358,
          0.        ,  0.13035011],
        [-0.32284677, -0.27549384, -0.12716427, ..., -0.49919943,
         -0.13035011,  0.        ]],

       [[ 0.        , -0.52131656, -0.65834536, ..., -0.45084528,
         -0.30509791, -0.        ],
        [ 0.52131656,  0.        , -0.16940449, ..., -0.85006311,
         -0.75682009, -0.52131656],
        [ 0.65834536,  0.16940449,  0.        , ..., -0.92699892,
         -0.85660818, -0.65834536],
        ...,
        [ 0.45084528,  0.85006311,  0.92699892, ...,  0.        ,
         -0.15701838, -0.45084528],
        [ 0.30509791,  0.75682009,  0.85660818, ...,  0.15701838,
          0.        , -0.30509791],
        [ 0.        ,  0.52131656,  0.65834536, ...,  0.45084528,
          0.30509791,  0.        ]],

       [[ 0.        ,  0.04517303,  0.06386116, ..., -0.92655327,
         -0.85388287, -0.83495618],
        [-0.04517303,  0.        ,  0.01871515, ..., -0.94259987,
         -0.8765222 , -0.8589633 ],
        [-0.06386116, -0.01871515,  0.        , ..., -0.94868422,
         -0.88537743, -0.86839571],
        ...,
        [ 0.92655327,  0.94259987,  0.94868422, ...,  0.        ,
          0.16103911,  0.19581738],
        [ 0.85388287,  0.8765222 ,  0.88537743, ..., -0.16103911,
          0.        ,  0.03534012],
        [ 0.83495618,  0.8589633 ,  0.86839571, ..., -0.19581738,
         -0.03534012,  0.        ]]]), 'num': array([9.35924010e-01, 3.52194177e-01, 7.35176113e-06, 2.17550372e-09,
       7.60064887e-04, 7.61022148e-04, 7.42834197e-04, 9.33759817e-04,
       1.43589085e-05, 7.39005155e-04, 7.49247843e-04, 8.30630945e-04,
       4.98223334e-07, 8.10227971e-04, 6.88267715e-04])}
{'img': array([[[ 0.        ,  0.02332213, -0.15754966, ..., -0.71402039,
         -0.71990445, -0.63172804],
        [-0.02332213,  0.        , -0.18053767, ..., -0.73015458,
         -0.7358959 , -0.64963529],
        [ 0.15754966,  0.18053767,  0.        , ..., -0.59479859,
         -0.60156261, -0.50170749],
        ...,
        [ 0.71402039,  0.73015458,  0.59479859, ...,  0.        ,
         -0.00844063,  0.111213  ],
        [ 0.71990445,  0.7358959 ,  0.60156261, ...,  0.00844063,
          0.        ,  0.1195973 ],
        [ 0.63172804,  0.64963529,  0.50170749, ..., -0.111213  ,
         -0.1195973 ,  0.        ]],

       [[ 0.        ,  0.27573455,  0.20047635, ...,  0.05020245,
          0.15410985,  0.24688518],
        [-0.27573455,  0.        , -0.0774321 , ..., -0.22713058,
         -0.12430496, -0.02988473],
        [-0.20047635,  0.0774321 ,  0.        , ..., -0.15104029,
         -0.04710021,  0.0476025 ],
        ...,
        [-0.05020245,  0.22713058,  0.15104029, ...,  0.        ,
          0.1043128 ,  0.19792545],
        [-0.15410985,  0.12430496,  0.04710021, ..., -0.1043128 ,
          0.        ,  0.09459649],
        [-0.24688518,  0.02988473, -0.0476025 , ..., -0.19792545,
         -0.09459649,  0.        ]],

       [[ 0.        ,  0.16411428,  0.22832761, ..., -0.75912008,
         -0.67523126, -0.59555881],
        [-0.16411428,  0.        ,  0.06545269, ..., -0.85565771,
         -0.78712771, -0.71931875],
        [-0.22832761, -0.06545269,  0.        , ..., -0.88769743,
         -0.82581043, -0.76324498],
        ...,
        [ 0.75912008,  0.85565771,  0.88769743, ...,  0.        ,
          0.12038939,  0.22213067],
        [ 0.67523126,  0.78712771,  0.82581043, ..., -0.12038939,
          0.        ,  0.10313337],
        [ 0.59555881,  0.71931875,  0.76324498, ..., -0.22213067,
         -0.10313337,  0.        ]],

       ...,

       [[ 0.        ,  0.15101392,  0.01709162, ...,  0.1478374 ,
          0.27549384,  0.38860439],
        [-0.15101392,  0.        , -0.13409625, ..., -0.00321258,
          0.12716427,  0.2450028 ],
        [-0.01709162,  0.13409625,  0.        , ...,  0.130912  ,
          0.25902338,  0.37279933],
        ...,
        [-0.1478374 ,  0.00321258, -0.130912  , ...,  0.        ,
          0.13035011,  0.24811621],
        [-0.27549384, -0.12716427, -0.25902338, ..., -0.13035011,
          0.        ,  0.11972519],
        [-0.38860439, -0.2450028 , -0.37279933, ..., -0.24811621,
         -0.11972519,  0.        ]],

       [[ 0.        , -0.33658408, -0.53458404, ..., -0.54380395,
         -0.41944096, -0.14273973],
        [ 0.33658408,  0.        , -0.21894052, ..., -0.79454034,
         -0.70051319, -0.4675489 ],
        [ 0.53458404,  0.21894052,  0.        , ..., -0.90820654,
         -0.83976208, -0.64974157],
        ...,
        [ 0.54380395,  0.79454034,  0.90820654, ...,  0.        ,
         -0.14165576, -0.4184466 ],
        [ 0.41944096,  0.70051319,  0.83976208, ...,  0.14165576,
          0.        , -0.28556934],
        [ 0.14273973,  0.4675489 ,  0.64974157, ...,  0.4184466 ,
          0.28556934,  0.        ]],

       [[ 0.        ,  0.01871515,  0.02059208, ..., -0.8765222 ,
         -0.8589633 , -0.81483941],
        [-0.01871515,  0.        ,  0.00187729, ..., -0.88537743,
         -0.86839571, -0.82554562],
        [-0.02059208, -0.00187729,  0.        , ..., -0.88624857,
         -0.86932508, -0.82660359],
        ...,
        [ 0.8765222 ,  0.88537743,  0.88624857, ...,  0.        ,
          0.03534012,  0.11587604],
        [ 0.8589633 ,  0.86839571,  0.86932508, ..., -0.03534012,
          0.        ,  0.0807016 ],
        [ 0.81483941,  0.82554562,  0.82660359, ..., -0.11587604,
         -0.0807016 ,  0.        ]]]), 'num': array([9.10683726e-01, 4.13098107e-01, 6.15062570e-06, 1.29893978e-08,
       7.46005425e-04, 7.50616089e-04, 7.32173434e-04, 8.53304797e-04,
       1.38319918e-05, 7.22583253e-04, 7.20139601e-04, 7.98720683e-04,
       4.87564463e-07, 7.74165802e-04, 6.66113400e-04])}
{'img': array([[[ 0.        , -0.18053767, -0.22704866, ..., -0.7358959 ,
         -0.64963529, -0.56312646],
        [ 0.18053767,  0.        , -0.04749518, ..., -0.60156261,
         -0.50170749, -0.40468216],
        [ 0.22704866,  0.04749518,  0.        , ..., -0.56294336,
         -0.4600562 , -0.36079315],
        ...,
        [ 0.7358959 ,  0.60156261,  0.56294336, ...,  0.        ,
          0.1195973 ,  0.22683289],
        [ 0.64963529,  0.50170749,  0.4600562 , ..., -0.1195973 ,
          0.        ,  0.10872495],
        [ 0.56312646,  0.40468216,  0.36079315, ..., -0.22683289,
         -0.10872495,  0.        ]],

       [[ 0.        , -0.0774321 , -0.1570905 , ..., -0.12430496,
         -0.02988473, -0.0485718 ],
        [ 0.0774321 ,  0.        , -0.08014814, ..., -0.04710021,
          0.0476025 ,  0.02891474],
        [ 0.1570905 ,  0.08014814,  0.        , ...,  0.0331105 ,
          0.12750664,  0.10893634],
        ...,
        [ 0.12430496,  0.04710021, -0.0331105 , ...,  0.        ,
          0.09459649,  0.07596316],
        [ 0.02988473, -0.0476025 , -0.12750664, ..., -0.09459649,
          0.        , -0.01870064],
        [ 0.0485718 , -0.02891474, -0.10893634, ..., -0.07596316,
          0.01870064,  0.        ]],

       [[ 0.        ,  0.06545269,  0.11697373, ..., -0.78712771,
         -0.71931875, -0.6321344 ],
        [-0.06545269,  0.        ,  0.05171953, ..., -0.82581043,
         -0.76324498, -0.68149549],
        [-0.11697373, -0.05171953,  0.        , ..., -0.85387232,
         -0.79563996, -0.71843292],
        ...,
        [ 0.78712771,  0.82581043,  0.85387232, ...,  0.        ,
          0.10313337,  0.2200186 ],
        [ 0.71931875,  0.76324498,  0.79563996, ..., -0.10313337,
          0.        ,  0.1182392 ],
        [ 0.6321344 ,  0.68149549,  0.71843292, ..., -0.2200186 ,
         -0.1182392 ,  0.        ]],

       ...,

       [[ 0.        , -0.13409625, -0.00621489, ...,  0.12716427,
          0.2450028 ,  0.26760648],
        [ 0.13409625,  0.        ,  0.12793491, ...,  0.25902338,
          0.37279933,  0.39439508],
        [ 0.00621489, -0.12793491,  0.        , ...,  0.13332624,
          0.25102354,  0.27358953],
        ...,
        [-0.12716427, -0.25902338, -0.13332624, ...,  0.        ,
          0.11972519,  0.1429076 ],
        [-0.2450028 , -0.37279933, -0.25102354, ..., -0.11972519,
          0.        ,  0.02338334],
        [-0.26760648, -0.39439508, -0.27358953, ..., -0.1429076 ,
         -0.02338334,  0.        ]],

       [[ 0.        , -0.21547177, -0.48392477, ..., -0.80020687,
         -0.73304739, -0.46108118],
        [ 0.21547177,  0.        , -0.283996  , ..., -0.91063368,
         -0.86238722, -0.64145101],
        [ 0.48392477,  0.283996  ,  0.        , ..., -0.99049005,
         -0.97065158, -0.83291107],
        ...,
        [ 0.80020687,  0.91063368,  0.99049005, ...,  0.        ,
         -0.1046566 , -0.43354845],
        [ 0.73304739,  0.86238722,  0.97065158, ...,  0.1046566 ,
          0.        , -0.33685836],
        [ 0.46108118,  0.64145101,  0.83291107, ...,  0.43354845,
          0.33685836,  0.        ]],

       [[ 0.        ,  0.00187729,  0.1091196 , ..., -0.86839571,
         -0.82554562, -0.73287392],
        [-0.00187729,  0.        ,  0.10725332, ..., -0.86932508,
         -0.82660359, -0.73414987],
        [-0.1091196 , -0.10725332,  0.        , ..., -0.91731953,
         -0.88219603, -0.80273875],
        ...,
        [ 0.86839571,  0.86932508,  0.91731953, ...,  0.        ,
          0.0807016 ,  0.22741404],
        [ 0.82554562,  0.82660359,  0.88219603, ..., -0.0807016 ,
          0.        ,  0.14808522],
        [ 0.73287392,  0.73414987,  0.80273875, ..., -0.22741404,
         -0.14808522,  0.        ]]]), 'num': array([ 8.25312027e-01,  5.64673286e-01,  3.25391687e-06,  2.01947860e-08,
        6.71749332e-04,  6.83490270e-04,  6.68394779e-04,  7.22839182e-04,
       -6.70910694e-06,  6.64704770e-04,  6.53299288e-04,  7.24932982e-04,
        4.53851352e-07,  6.97679029e-04,  6.08919548e-04])}
{'img': array([[[ 0.        , -0.04749518,  0.05298142, ..., -0.50170749,
         -0.40468216, -0.45612283],
        [ 0.04749518,  0.        ,  0.1003501 , ..., -0.4600562 ,
         -0.36079315, -0.41334133],
        [-0.05298142, -0.1003501 ,  0.        , ..., -0.54683375,
         -0.45256304, -0.50263127],
        ...,
        [ 0.50170749,  0.4600562 ,  0.54683375, ...,  0.        ,
          0.10872495,  0.05191466],
        [ 0.40468216,  0.36079315,  0.45256304, ..., -0.10872495,
          0.        , -0.05697143],
        [ 0.45612283,  0.41334133,  0.50263127, ..., -0.05191466,
          0.05697143,  0.        ]],

       [[ 0.        , -0.08014814, -0.15447545, ...,  0.0476025 ,
          0.02891474,  0.00398406],
        [ 0.08014814,  0.        , -0.07479241, ...,  0.12750664,
          0.10893634,  0.08411874],
        [ 0.15447545,  0.07479241,  0.        , ...,  0.20133145,
          0.18297853,  0.15841047],
        ...,
        [-0.0476025 , -0.12750664, -0.20133145, ...,  0.        ,
         -0.01870064, -0.04362258],
        [-0.02891474, -0.10893634, -0.18297853, ...,  0.01870064,
          0.        , -0.02493211],
        [-0.00398406, -0.08411874, -0.15841047, ...,  0.04362258,
          0.02493211,  0.        ]],

       [[ 0.        ,  0.05171953,  0.02995333, ..., -0.76324498,
         -0.68149549, -0.61846979],
        [-0.05171953,  0.        , -0.02178309, ..., -0.79563996,
         -0.71843292, -0.65828372],
        [-0.02995333,  0.02178309,  0.        , ..., -0.78225563,
         -0.70311022, -0.64172987],
        ...,
        [ 0.76324498,  0.79563996,  0.78225563, ...,  0.        ,
          0.1182392 ,  0.20016543],
        [ 0.68149549,  0.71843292,  0.70311022, ..., -0.1182392 ,
          0.        ,  0.08291501],
        [ 0.61846979,  0.65828372,  0.64172987, ..., -0.20016543,
         -0.08291501,  0.        ]],

       ...,

       [[ 0.        ,  0.12793491,  0.14834635, ...,  0.37279933,
          0.39439508,  0.42663913],
        [-0.12793491,  0.        ,  0.02060796, ...,  0.25102354,
          0.27358953,  0.30742611],
        [-0.14834635, -0.02060796,  0.        , ...,  0.23102212,
          0.25370974,  0.28775087],
        ...,
        [-0.37279933, -0.25102354, -0.23102212, ...,  0.        ,
          0.02338334,  0.05871566],
        [-0.39439508, -0.27358953, -0.25370974, ..., -0.02338334,
          0.        ,  0.03535661],
        [-0.42663913, -0.30742611, -0.28775087, ..., -0.05871566,
         -0.03535661,  0.        ]],

       [[ 0.        , -0.27875795, -0.4360621 , ..., -0.92409727,
         -0.86305566, -0.63259943],
        [ 0.27875795,  0.        , -0.1679183 , ..., -0.99399674,
         -0.96964844, -0.8234163 ],
        [ 0.4360621 ,  0.1679183 ,  0.        , ..., -0.99825479,
         -0.99693691, -0.90700772],
        ...,
        [ 0.92409727,  0.99399674,  0.99825479, ...,  0.        ,
         -0.13694663, -0.47394156],
        [ 0.86305566,  0.96964844,  0.99693691, ...,  0.13694663,
          0.        , -0.34888706],
        [ 0.63259943,  0.8234163 ,  0.90700772, ...,  0.47394156,
          0.34888706,  0.        ]],

       [[ 0.        ,  0.10725332,  0.18588656, ..., -0.82660359,
         -0.73414987, -0.64676789],
        [-0.10725332,  0.        ,  0.07943029, ..., -0.88219603,
         -0.80273875, -0.72483785],
        [-0.18588656, -0.07943029,  0.        , ..., -0.91681098,
         -0.84756917, -0.77726875],
        ...,
        [ 0.82660359,  0.88219603,  0.91681098, ...,  0.        ,
          0.14808522,  0.26644871],
        [ 0.73414987,  0.80273875,  0.84756917, ..., -0.14808522,
          0.        ,  0.12077921],
        [ 0.64676789,  0.72483785,  0.77726875, ..., -0.26644871,
         -0.12077921,  0.        ]]]), 'num': array([8.42430637e-01, 5.38801201e-01, 3.75314508e-06, 1.77885415e-08,
       6.90066902e-04, 6.92625865e-04, 6.79831052e-04, 3.71015451e-04,
       6.82390014e-06, 6.81025234e-04, 6.63794887e-04, 7.36398341e-04,
       4.68403550e-07, 7.06907816e-04, 6.20681957e-04])}
{'img': array([[[ 0.        ,  0.1003501 , -0.03594652, ..., -0.36079315,
         -0.41334133, -0.36079315],
        [-0.1003501 ,  0.        , -0.13605031, ..., -0.45256304,
         -0.50263127, -0.45256304],
        [ 0.03594652,  0.13605031,  0.        , ..., -0.32703461,
         -0.38034215, -0.32703461],
        ...,
        [ 0.36079315,  0.45256304,  0.32703461, ...,  0.        ,
         -0.05697143,  0.        ],
        [ 0.41334133,  0.50263127,  0.38034215, ...,  0.05697143,
          0.        ,  0.05697143],
        [ 0.36079315,  0.45256304,  0.32703461, ...,  0.        ,
         -0.05697143,  0.        ]],

       [[ 0.        , -0.07479241, -0.09035881, ...,  0.10893634,
          0.08411874, -0.17646496],
        [ 0.07479241,  0.        , -0.01561927, ...,  0.18297853,
          0.15841047, -0.10235201],
        [ 0.09035881,  0.01561927,  0.        , ...,  0.19831177,
          0.17381319, -0.08680229],
        ...,
        [-0.10893634, -0.18297853, -0.19831177, ...,  0.        ,
         -0.02493211, -0.28264156],
        [-0.08411874, -0.15841047, -0.17381319, ...,  0.02493211,
          0.        , -0.25863818],
        [ 0.17646496,  0.10235201,  0.08680229, ...,  0.28264156,
          0.25863818,  0.        ]],

       [[ 0.        , -0.02178309, -0.07755946, ..., -0.71843292,
         -0.65828372, -0.61943078],
        [ 0.02178309,  0.        , -0.05582359, ..., -0.70311022,
         -0.64172987, -0.60218296],
        [ 0.07755946,  0.05582359,  0.        , ..., -0.66231874,
         -0.59791636, -0.55667673],
        ...,
        [ 0.71843292,  0.70311022,  0.66231874, ...,  0.        ,
          0.08291501,  0.13313296],
        [ 0.65828372,  0.64172987,  0.59791636, ..., -0.08291501,
          0.        ,  0.05049762],
        [ 0.61943078,  0.60218296,  0.55667673, ..., -0.13313296,
         -0.05049762,  0.        ]],

       ...,

       [[ 0.        ,  0.02060796, -0.0177229 , ...,  0.27358953,
          0.30742611,  0.32898988],
        [-0.02060796,  0.        , -0.03832386, ...,  0.25370974,
          0.28775087,  0.30945923],
        [ 0.0177229 ,  0.03832386,  0.        , ...,  0.29059328,
          0.32424244,  0.34567454],
        ...,
        [-0.27358953, -0.25370974, -0.29059328, ...,  0.        ,
          0.03535661,  0.05807803],
        [-0.30742611, -0.28775087, -0.32424244, ..., -0.03535661,
          0.        ,  0.02274478],
        [-0.32898988, -0.30945923, -0.34567454, ..., -0.05807803,
         -0.02274478,  0.        ]],

       [[ 0.        , -0.16647967, -0.3217057 , ..., -0.98240827,
         -0.92779501, -0.81953572],
        [ 0.16647967,  0.        , -0.15958669, ..., -0.99978803,
         -0.97695949, -0.90349654],
        [ 0.3217057 ,  0.15958669,  0.        , ..., -0.99026035,
         -0.99849846, -0.96031537],
        ...,
        [ 0.98240827,  0.99978803,  0.99026035, ...,  0.        ,
         -0.19326523, -0.40990269],
