state_0,state_1,state_2,state_3,state_4,state_5,state_6,state_7,state_8,state_9,state_10,state_11,state_12,state_13,state_14,state_15,state_16,state_17,state_18,state_19,state_20,state_21,state_22,state_23,state_24,state_25,state_26,state_27,state_28,state_29,state_30,state_31,state_32,state_33,state_34,state_35,state_36,state_37,state_38,state_39,state_40,state_41,state_42,state_43,state_44,state_45,state_46,state_47,state_48,state_49,state_50,state_51,state_52,state_53,state_54,state_55,state_56,state_57,state_58,state_59,state_60,state_61,state_62,state_63,state_64,state_65,state_66,state_67,state_68,state_69,state_70,state_71,state_72,state_73,state_74,state_75,state_76,state_77,state_78,state_79,state_80,state_81,state_82,state_83,state_84,state_85,state_86,state_87,state_88,state_89,state_90,state_91,state_92,state_93,state_94,state_95,state_96,state_97,state_98,state_99,state_100,state_101,state_102,state_103,state_104,state_105,state_106,state_107,state_108,state_109,state_110,state_111,state_112,state_113,state_114,state_115,state_116,state_117,state_118,state_119,state_120,state_121,state_122,state_123,state_124,state_125,state_126,state_127,state_128,state_129,state_130,state_131,state_132,state_133,state_134,state_135,state_136,state_137,state_138,state_139,state_140,state_141,state_142,state_143,state_144,state_145,state_146,state_147,state_148,state_149,state_150,state_151,state_152,state_153,state_154,state_155,state_156,state_157,state_158,state_159,state_160,state_161,state_162,state_163,state_164,state_165,state_166,state_167,state_168,state_169,state_170,state_171,state_172,state_173,state_174,state_175,state_176,state_177,state_178,state_179,state_180,state_181,state_182,state_183,state_184,state_185,state_186,state_187,state_188,state_189,state_190,state_191,state_192,state_193,state_194,state_195,state_196,state_197,state_198,state_199,state_200,state_201,state_202,state_203,state_204,state_205,state_206,state_207,state_208,state_209,state_210,state_211,state_212,state_213,state_214,state_215,state_216,state_217,state_218,state_219,state_220,state_221,state_222,state_223,state_224,state_225,state_226,state_227,state_228,state_229,state_230,state_231,state_232,state_233,state_234,state_235,state_236,state_237,state_238,state_239,state_240,state_241,state_242,state_243,state_244,state_245,state_246,state_247,state_248,state_249,state_250,state_251,state_252,state_253,state_254,state_255,state_256,state_257,state_258,state_259,state_260,state_261,state_262,state_263,state_264,state_265,state_266,state_267,state_268,state_269,state_270,state_271,state_272,state_273,state_274,state_275,state_276,state_277,state_278,state_279,state_280,state_281,state_282,state_283,state_284,state_285,state_286,state_287
{'img': array([[[ 0.        ,  0.09428593,  0.11567953, ...,  0.30509481,
          0.39997609,  0.05199071],
        [-0.09428593,  0.        ,  0.02151125, ...,  0.2139451 ,
          0.31177879, -0.04239931],
        [-0.11567953, -0.02151125,  0.        , ...,  0.19288243,
          0.29126763, -0.0638814 ],
        ...,
        [-0.30509481, -0.2139451 , -0.19288243, ...,  0.        ,
          0.10127882, -0.25517029],
        [-0.39997609, -0.31177879, -0.29126763, ..., -0.10127882,
          0.        , -0.35178433],
        [-0.05199071,  0.04239931,  0.0638814 , ...,  0.25517029,
          0.35178433,  0.        ]],

       [[ 0.        ,  0.27578158,  0.08846458, ...,  0.38377538,
          0.99774889,  0.94067406],
        [-0.27578158,  0.        , -0.18966638, ...,  0.62355671,
          0.9405624 ,  0.81061916],
        [-0.08846458,  0.18966638,  0.        , ...,  0.46396125,
          0.98790454,  0.90696893],
        ...,
        [-0.38377538, -0.62355671, -0.46396125, ...,  0.        ,
         -0.94708402, -0.99886274],
        [-0.99774889, -0.9405624 , -0.98790454, ...,  0.94708402,
          0.        , -0.27546539],
        [-0.94067406, -0.81061916, -0.90696893, ...,  0.99886274,
          0.27546539,  0.        ]],

       [[ 0.        ,  0.04419216,  0.11141109, ...,  0.88683944,
          0.77740589,  0.57451562],
        [-0.04419216,  0.        ,  0.06738521, ...,  0.86555284,
          0.74884957,  0.53778335],
        [-0.11141109, -0.06738521,  0.        , ...,  0.82983776,
          0.70248858,  0.47974965],
        ...,
        [-0.88683944, -0.86555284, -0.82983776, ...,  0.        ,
         -0.19859943, -0.46040157],
        [-0.77740589, -0.74884957, -0.70248858, ...,  0.19859943,
          0.        , -0.27493186],
        [-0.57451562, -0.53778335, -0.47974965, ...,  0.46040157,
          0.27493186,  0.        ]],

       ...,

       [[ 0.        ,  0.05441323,  0.03174221, ...,  0.1954136 ,
          0.27257614,  0.03345395],
        [-0.05441323,  0.        , -0.02269063, ...,  0.14175989,
          0.21981949, -0.02097839],
        [-0.03174221,  0.02269063,  0.        , ...,  0.16418487,
          0.24189852,  0.00171264],
        ...,
        [-0.1954136 , -0.14175989, -0.16418487, ...,  0.        ,
          0.07930702, -0.16249523],
        [-0.27257614, -0.21981949, -0.24189852, ..., -0.07930702,
          0.        , -0.24023638],
        [-0.03345395,  0.02097839, -0.00171264, ...,  0.16249523,
          0.24023638,  0.        ]],

       [[ 0.        , -0.01571047, -0.01326742, ...,  0.92345043,
          0.98313595,  0.98390664],
        [ 0.01571047,  0.        ,  0.0024433 , ...,  0.92936484,
          0.98588768,  0.9865924 ],
        [ 0.01326742, -0.0024433 ,  0.        , ...,  0.92846009,
          0.98547571,  0.9861907 ],
        ...,
        [-0.92345043, -0.92936484, -0.92846009, ...,  0.        ,
          0.2083696 ,  0.21253724],
        [-0.98313595, -0.98588768, -0.98547571, ..., -0.2083696 ,
          0.        ,  0.00426311],
        [-0.98390664, -0.9865924 , -0.9861907 , ..., -0.21253724,
         -0.00426311,  0.        ]],

       [[ 0.        ,  0.00826891,  0.00719349, ..., -0.25470448,
         -0.1707988 , -0.17320294],
        [-0.00826891,  0.        , -0.00107545, ..., -0.26269196,
         -0.17894037, -0.18134095],
        [-0.00719349,  0.00107545,  0.        , ..., -0.26165413,
         -0.17788217, -0.18028323],
        ...,
        [ 0.25470448,  0.26269196,  0.26165413, ...,  0.        ,
          0.08579615,  0.08336439],
        [ 0.1707988 ,  0.17894037,  0.17788217, ..., -0.08579615,
          0.        , -0.00244051],
        [ 0.17320294,  0.18134095,  0.18028323, ..., -0.08336439,
          0.00244051,  0.        ]]]), 'num': array([7.06376303e-01, 7.06376303e-01, 0.00000000e+00, 0.00000000e+00,
       5.40935537e-03, 5.43723865e-03, 5.13052262e-03, 4.28890314e-02,
       2.04477351e-04, 5.44467419e-03, 5.35312410e-03, 4.93053758e-03,
       5.13085907e-06, 5.83102298e-03, 4.87522523e-03])}
{'img': array([[[ 0.00000000e+00,  2.15112485e-02, -7.36753520e-02, ...,
          3.11778792e-01, -4.23993082e-02,  2.02088710e-01],
        [-2.15112485e-02,  0.00000000e+00, -9.51110909e-02, ...,
          2.91267634e-01, -6.38814017e-02,  1.80974536e-01],
        [ 7.36753520e-02,  9.51110909e-02,  0.00000000e+00, ...,
          3.80934447e-01,  3.13250204e-02,  2.73694714e-01],
        ...,
        [-3.11778792e-01, -2.91267634e-01, -3.80934447e-01, ...,
          0.00000000e+00, -3.51784326e-01, -1.13330388e-01],
        [ 4.23993082e-02,  6.38814017e-02, -3.13250204e-02, ...,
          3.51784326e-01,  0.00000000e+00,  2.43431473e-01],
        [-2.02088710e-01, -1.80974536e-01, -2.73694714e-01, ...,
          1.13330388e-01, -2.43431473e-01,  0.00000000e+00]],

       [[ 0.00000000e+00, -1.89666379e-01, -5.15796111e-01, ...,
          9.40562396e-01,  8.10619157e-01,  7.13748690e-01],
        [ 1.89666379e-01,  0.00000000e+00, -3.43944344e-01, ...,
          9.87904540e-01,  9.06968928e-01,  8.33635839e-01],
        [ 5.15796111e-01,  3.43944344e-01,  0.00000000e+00, ...,
          9.80965656e-01,  9.96503296e-01,  9.72741189e-01],
        ...,
        [-9.40562396e-01, -9.87904540e-01, -9.80965656e-01, ...,
          0.00000000e+00, -2.75465386e-01, -4.16367682e-01],
        [-8.10619157e-01, -9.06968928e-01, -9.96503296e-01, ...,
          2.75465386e-01,  0.00000000e+00, -1.49806713e-01],
        [-7.13748690e-01, -8.33635839e-01, -9.72741189e-01, ...,
          4.16367682e-01,  1.49806713e-01,  0.00000000e+00]],

       [[ 0.00000000e+00,  6.73852149e-02,  8.25459423e-02, ...,
          7.48849573e-01,  5.37783349e-01,  4.69210926e-01],
        [-6.73852149e-02,  0.00000000e+00,  1.52030715e-02, ...,
          7.02488585e-01,  4.79749651e-01,  4.08637476e-01],
        [-8.25459423e-02, -1.52030715e-02,  0.00000000e+00, ...,
          6.91587445e-01,  4.66354948e-01,  3.94714454e-01],
        ...,
        [-7.48849573e-01, -7.02488585e-01, -6.91587445e-01, ...,
          0.00000000e+00, -2.74931859e-01, -3.50333816e-01],
        [-5.37783349e-01, -4.79749651e-01, -4.66354948e-01, ...,
          2.74931859e-01,  0.00000000e+00, -7.93252251e-02],
        [-4.69210926e-01, -4.08637476e-01, -3.94714454e-01, ...,
          3.50333816e-01,  7.93252251e-02,  0.00000000e+00]],

       ...,

       [[ 0.00000000e+00, -2.26906275e-02,  2.77906860e-01, ...,
          2.19819488e-01, -2.09783917e-02,  4.40987541e-02],
        [ 2.26906275e-02,  0.00000000e+00,  2.99632108e-01, ...,
          2.41898520e-01,  1.71264346e-03,  6.67559537e-02],
        [-2.77906860e-01, -2.99632108e-01,  0.00000000e+00, ...,
         -5.99490514e-02, -2.97997713e-01, -2.35274889e-01],
        ...,
        [-2.19819488e-01, -2.41898520e-01,  5.99490514e-02, ...,
          0.00000000e+00, -2.40236384e-01, -1.76585519e-01],
        [ 2.09783917e-02, -1.71264346e-03,  2.97997713e-01, ...,
          2.40236384e-01,  0.00000000e+00,  6.50470327e-02],
        [-4.40987541e-02, -6.67559537e-02,  2.35274889e-01, ...,
          1.76585519e-01, -6.50470327e-02,  0.00000000e+00]],

       [[ 0.00000000e+00,  2.44268180e-03, -4.44811020e-02, ...,
          9.81417816e-01,  9.81477402e-01,  9.86633054e-01],
        [-2.44268180e-03,  0.00000000e+00, -4.69212334e-02, ...,
          9.80946179e-01,  9.81006510e-01,  9.86232057e-01],
        [ 4.44811020e-02,  4.69212334e-02,  0.00000000e+00, ...,
          9.88981599e-01,  9.89027560e-01,  9.92905049e-01],
        ...,
        [-9.81417816e-01, -9.80946179e-01, -9.88981599e-01, ...,
          0.00000000e+00,  3.10783744e-04,  2.93884687e-02],
        [-9.81477402e-01, -9.81006510e-01, -9.89027560e-01, ...,
         -3.10783744e-04,  0.00000000e+00,  2.90778178e-02],
        [-9.86633054e-01, -9.86232057e-01, -9.92905049e-01, ...,
         -2.93884687e-02, -2.90778178e-02,  0.00000000e+00]],

       [[ 0.00000000e+00, -1.07544922e-03,  2.47082732e-02, ...,
         -1.78940368e-01, -1.81340951e-01, -7.76343896e-02],
        [ 1.07544922e-03,  0.00000000e+00,  2.57833798e-02, ...,
         -1.77882173e-01, -1.80283227e-01, -7.65621413e-02],
        [-2.47082732e-02, -2.57833798e-02,  0.00000000e+00, ...,
         -2.03195218e-01, -2.05584205e-01, -1.02244389e-01],
        ...,
        [ 1.78940368e-01,  1.77882173e-01,  2.03195218e-01, ...,
          0.00000000e+00, -2.44050592e-03,  1.02018943e-01],
        [ 1.81340951e-01,  1.80283227e-01,  2.05584205e-01, ...,
          2.44050592e-03,  0.00000000e+00,  1.04446412e-01],
        [ 7.76343896e-02,  7.65621413e-02,  1.02244389e-01, ...,
         -1.02018943e-01, -1.04446412e-01,  0.00000000e+00]]]), 'num': array([ 9.30982187e-01,  3.56952965e-01,  9.39491363e-06, -1.02023379e-09,
        7.26619269e-03,  7.37322335e-03,  6.94510071e-03,  7.39569979e-02,
        3.44876576e-04,  6.96174992e-03,  6.89158538e-03,  6.31798031e-03,
        7.18294662e-06,  7.49570932e-03,  6.28746144e-03])}
{'img': array([[[ 0.        , -0.09511109, -0.0638814 , ..., -0.0638814 ,
          0.18097454,  0.57424714],
        [ 0.09511109,  0.        ,  0.03132502, ...,  0.03132502,
          0.27369471,  0.64950963],
        [ 0.0638814 , -0.03132502,  0.        , ...,  0.        ,
          0.24343147,  0.62537279],
        ...,
        [ 0.0638814 , -0.03132502,  0.        , ...,  0.        ,
          0.24343147,  0.62537279],
        [-0.18097454, -0.27369471, -0.24343147, ..., -0.24343147,
          0.        ,  0.41660445],
        [-0.57424714, -0.64950963, -0.62537279, ..., -0.62537279,
         -0.41660445,  0.        ]],

       [[ 0.        , -0.34394434, -0.07171043, ...,  0.90696893,
          0.83363584,  0.98196591],
        [ 0.34394434,  0.        ,  0.27572348, ...,  0.9965033 ,
          0.97274119,  0.98708165],
        [ 0.07171043, -0.27572348,  0.        , ...,  0.93483819,
          0.87109635,  0.99299527],
        ...,
        [-0.90696893, -0.9965033 , -0.93483819, ...,  0.        ,
         -0.14980671,  0.24213186],
        [-0.83363584, -0.97274119, -0.87109635, ...,  0.14980671,
          0.        ,  0.38474844],
        [-0.98196591, -0.98708165, -0.99299527, ..., -0.24213186,
         -0.38474844,  0.        ]],

       [[ 0.        ,  0.01520307,  0.05616996, ...,  0.47974965,
          0.40863748,  0.40259676],
        [-0.01520307,  0.        ,  0.04098439, ...,  0.46635495,
          0.39471445,  0.38863368],
        [-0.05616996, -0.04098439,  0.        , ...,  0.42970841,
          0.35672619,  0.35054444],
        ...,
        [-0.47974965, -0.46635495, -0.42970841, ...,  0.        ,
         -0.07932523, -0.08591143],
        [-0.40863748, -0.39471445, -0.35672619, ...,  0.07932523,
          0.        , -0.00660876],
        [-0.40259676, -0.38863368, -0.35054444, ...,  0.08591143,
          0.00660876,  0.        ]],

       ...,

       [[ 0.        ,  0.29963211,  0.17336742, ...,  0.00171264,
          0.06675595,  0.19675819],
        [-0.29963211,  0.        , -0.12969282, ..., -0.29799771,
         -0.23527489, -0.10605681],
        [-0.17336742,  0.12969282,  0.        , ..., -0.17168046,
         -0.10723561,  0.02380028],
        ...,
        [-0.00171264,  0.29799771,  0.17168046, ...,  0.        ,
          0.06504703,  0.19507874],
        [-0.06675595,  0.23527489,  0.10723561, ..., -0.06504703,
          0.        ,  0.13086828],
        [-0.19675819,  0.10605681, -0.02380028, ..., -0.19507874,
         -0.13086828,  0.        ]],

       [[ 0.        , -0.04552172, -0.11839927, ...,  0.89554147,
          0.8961144 ,  0.99085113],
        [ 0.04552172,  0.        , -0.07307501, ...,  0.91486927,
          0.91538903,  0.99596755],
        [ 0.11839927,  0.07307501,  0.        , ...,  0.94192737,
          0.94235953,  0.99986065],
        ...,
        [-0.89554147, -0.91486927, -0.94192737, ...,  0.        ,
          0.0012892 ,  0.3200453 ],
        [-0.8961144 , -0.91538903, -0.94235953, ..., -0.0012892 ,
          0.        ,  0.31882365],
        [-0.99085113, -0.99596755, -0.99986065, ..., -0.3200453 ,
         -0.31882365,  0.        ]],

       [[ 0.        ,  0.02578338,  0.1051368 , ..., -0.18028323,
         -0.07656214,  0.0617454 ],
        [-0.02578338,  0.        ,  0.07946137, ..., -0.20558421,
         -0.10224439,  0.03599069],
        [-0.1051368 , -0.07946137,  0.        , ..., -0.28269816,
         -0.18096602, -0.043533  ],
        ...,
        [ 0.18028323,  0.20558421,  0.28269816, ...,  0.        ,
          0.10444641,  0.24067292],
        [ 0.07656214,  0.10224439,  0.18096602, ..., -0.10444641,
          0.        ,  0.13798022],
        [-0.0617454 , -0.03599069,  0.043533  , ..., -0.24067292,
         -0.13798022,  0.        ]]]), 'num': array([ 7.06663873e-01,  7.06663873e-01,  0.00000000e+00,  2.62190765e-07,
        5.45775492e-03,  5.59329520e-03,  5.40353882e-03,  3.20482261e-02,
       -6.32521266e-05,  5.32763626e-03,  5.26302873e-03,  4.80625802e-03,
        5.39303846e-06,  5.70825692e-03,  4.81780055e-03])}
{'img': array([[[ 0.        ,  0.03132502, -0.10187865, ...,  0.27369471,
          0.64950963,  0.54878165],
        [-0.03132502,  0.        , -0.13299068, ...,  0.24343147,
          0.62537279,  0.5223257 ],
        [ 0.10187865,  0.13299068,  0.        , ...,  0.37025921,
          0.72359389,  0.63109331],
        ...,
        [-0.27369471, -0.24343147, -0.37025921, ...,  0.        ,
          0.41660445,  0.29902791],
        [-0.64950963, -0.62537279, -0.72359389, ..., -0.41660445,
          0.        , -0.12569981],
        [-0.54878165, -0.5223257 , -0.63109331, ..., -0.29902791,
          0.12569981,  0.        ]],

       [[ 0.        ,  0.27572348,  0.1697146 , ...,  0.97274119,
          0.98708165,  0.87650155],
        [-0.27572348,  0.        , -0.10858768, ...,  0.87109635,
          0.99299527,  0.7097927 ],
        [-0.1697146 ,  0.10858768,  0.        , ...,  0.91927417,
          0.99995365,  0.78208592],
        ...,
        [-0.97274119, -0.87109635, -0.91927417, ...,  0.        ,
          0.38474844, -0.26502169],
        [-0.98708165, -0.99299527, -0.99995365, ..., -0.38474844,
          0.        , -0.61561149],
        [-0.87650155, -0.7097927 , -0.78208592, ...,  0.26502169,
          0.61561149,  0.        ]],

       [[ 0.        ,  0.04098439,  0.02041052, ...,  0.39471445,
          0.38863368,  0.45365185],
        [-0.04098439,  0.        , -0.02058248, ...,  0.35672619,
          0.35054444,  0.41674625],
        [-0.02041052,  0.02058248,  0.        , ...,  0.37587896,
          0.36974662,  0.43536792],
        ...,
        [-0.39471445, -0.35672619, -0.37587896, ...,  0.        ,
         -0.00660876,  0.06505583],
        [-0.38863368, -0.35054444, -0.36974662, ...,  0.00660876,
          0.        ,  0.07164917],
        [-0.45365185, -0.41674625, -0.43536792, ..., -0.06505583,
         -0.07164917,  0.        ]],

       ...,

       [[ 0.        , -0.12969282, -0.41479019, ..., -0.23527489,
         -0.10605681, -0.12406522],
        [ 0.12969282,  0.        , -0.29327726, ..., -0.10723561,
          0.02380028,  0.00567343],
        [ 0.41479019,  0.29327726,  0.        , ...,  0.18906592,
          0.3159479 ,  0.29869649],
        ...,
        [ 0.23527489,  0.10723561, -0.18906592, ...,  0.        ,
          0.13086828,  0.1128746 ],
        [ 0.10605681, -0.02380028, -0.3159479 , ..., -0.13086828,
          0.        , -0.01812808],
        [ 0.12406522, -0.00567343, -0.29869649, ..., -0.1128746 ,
          0.01812808,  0.        ]],

       [[ 0.        , -0.07211792, -0.13906999, ...,  0.89158245,
          0.95525035,  0.99710126],
        [ 0.07211792,  0.        , -0.06729075, ...,  0.92192008,
          0.97409536,  0.99999208],
        [ 0.13906999,  0.06729075,  0.        , ...,  0.94589756,
          0.98710446,  0.99799326],
        ...,
        [-0.89158245, -0.92192008, -0.94589756, ...,  0.        ,
          0.16886437,  0.38370879],
        [-0.95525035, -0.97409536, -0.98710446, ..., -0.16886437,
          0.        ,  0.22225996],
        [-0.99710126, -0.99999208, -0.99799326, ..., -0.38370879,
         -0.22225996,  0.        ]],

       [[ 0.        ,  0.07946137,  0.12895357, ..., -0.10224439,
          0.03599069,  0.3383176 ],
        [-0.07946137,  0.        ,  0.04974789, ..., -0.18096602,
         -0.043533  ,  0.26247213],
        [-0.12895357, -0.04974789,  0.        , ..., -0.22966847,
         -0.09317983,  0.21414343],
        ...,
        [ 0.10224439,  0.18096602,  0.22966847, ...,  0.        ,
          0.13798022,  0.43275982],
        [-0.03599069,  0.043533  ,  0.09317983, ..., -0.13798022,
          0.        ,  0.30423002],
        [-0.3383176 , -0.26247213, -0.21414343, ..., -0.43275982,
         -0.30423002,  0.        ]]]), 'num': array([ 9.41692461e-01,  3.32841233e-01,  1.05337583e-05,  3.58398896e-07,
        7.16295563e-03,  7.29927485e-03,  7.08859969e-03,  4.49771650e-02,
       -3.22209077e-04,  7.27448954e-03,  7.23483304e-03,  6.59599158e-03,
        6.45160785e-06,  7.81960888e-03,  6.65005719e-03])}
{'img': array([[[ 0.        , -0.13299068,  0.10743986, ...,  0.62537279,
          0.5223257 ,  0.19714021],
        [ 0.13299068,  0.        ,  0.23870638, ...,  0.72359389,
          0.63109331,  0.32576985],
        [-0.10743986, -0.23870638,  0.        , ...,  0.53791475,
          0.42768334,  0.09066769],
        ...,
        [-0.62537279, -0.72359389, -0.53791475, ...,  0.        ,
         -0.12569981, -0.45926639],
        [-0.5223257 , -0.63109331, -0.42768334, ...,  0.12569981,
          0.        , -0.34396468],
        [-0.19714021, -0.32576985, -0.09066769, ...,  0.45926639,
          0.34396468,  0.        ]],

       [[ 0.        , -0.10858768,  0.61299279, ...,  0.99299527,
          0.7097927 ,  0.72476832],
        [ 0.10858768,  0.        ,  0.69516197, ...,  0.99995365,
          0.78208592,  0.79529879],
        [-0.61299279, -0.69516197,  0.        , ...,  0.71212652,
          0.12900041,  0.15028358],
        ...,
        [-0.99299527, -0.99995365, -0.71212652, ...,  0.        ,
         -0.61561149, -0.59853209],
        [-0.7097927 , -0.78208592, -0.12900041, ...,  0.61561149,
          0.        ,  0.02149255],
        [-0.72476832, -0.79529879, -0.15028358, ...,  0.59853209,
         -0.02149255,  0.        ]],

       [[ 0.        , -0.02058248, -0.0051628 , ...,  0.35054444,
          0.41674625,  0.37542009],
        [ 0.02058248,  0.        ,  0.0154205 , ...,  0.36974662,
          0.43536792,  0.39441754],
        [ 0.0051628 , -0.0154205 ,  0.        , ...,  0.35537497,
          0.4214338 ,  0.38020026],
        ...,
        [-0.35054444, -0.36974662, -0.35537497, ...,  0.        ,
          0.07164917,  0.02669444],
        [-0.41674625, -0.43536792, -0.4214338 , ..., -0.07164917,
          0.        , -0.0449978 ],
        [-0.37542009, -0.39441754, -0.38020026, ..., -0.02669444,
          0.0449978 ,  0.        ]],

       ...,

       [[ 0.        , -0.29327726, -0.12018953, ...,  0.02380028,
          0.00567343, -0.1859662 ],
        [ 0.29327726,  0.        ,  0.17624679, ...,  0.3159479 ,
          0.29869649,  0.11037258],
        [ 0.12018953, -0.17624679,  0.        , ...,  0.14378324,
          0.1258199 , -0.06652516],
        ...,
        [-0.02380028, -0.3159479 , -0.14378324, ...,  0.        ,
         -0.01812808, -0.20929863],
        [-0.00567343, -0.29869649, -0.1258199 , ...,  0.01812808,
          0.        , -0.19153767],
        [ 0.1859662 , -0.11037258,  0.06652516, ...,  0.20929863,
          0.19153767,  0.        ]],

       [[ 0.        , -0.06729075, -0.021954  , ...,  0.97409536,
          0.99999208,  0.98642953],
        [ 0.06729075,  0.        ,  0.0453703 , ...,  0.98710446,
          0.99799326,  0.99524184],
        [ 0.021954  , -0.0453703 ,  0.        , ...,  0.97882521,
          0.99983842,  0.9897963 ],
        ...,
        [-0.97409536, -0.98710446, -0.97882521, ...,  0.        ,
          0.22225996,  0.06313679],
        [-0.99999208, -0.99799326, -0.99983842, ..., -0.22225996,
          0.        , -0.16025895],
        [-0.98642953, -0.99524184, -0.9897963 , ..., -0.06313679,
          0.16025895,  0.        ]],

       [[ 0.        ,  0.03405639,  0.01126494, ..., -0.03210254,
          0.12713575,  0.41797702],
        [-0.03405639,  0.        , -0.02279582, ..., -0.06612276,
          0.09328197,  0.38679577],
        [-0.01126494,  0.02279582,  0.        , ..., -0.04335965,
          0.11595415,  0.40771678],
        ...,
        [ 0.03210254,  0.06612276,  0.04335965, ...,  0.        ,
          0.15891227,  0.44692539],
        [-0.12713575, -0.09328197, -0.11595415, ..., -0.15891227,
          0.        ,  0.29908784],
        [-0.41797702, -0.38679577, -0.40771678, ..., -0.44692539,
         -0.29908784,  0.        ]]]), 'num': array([ 7.06730165e-01,  7.06730165e-01,  0.00000000e+00, -1.13587366e-08,
        5.59557435e-03,  5.60488479e-03,  5.37212380e-03,  2.87782903e-02,
        2.14140117e-04,  5.54157380e-03,  5.46057298e-03,  4.96184375e-03,
        4.76182802e-06,  5.87546774e-03,  5.04567821e-03])}
{'img': array([[[ 0.        ,  0.23870638,  0.292837  , ...,  0.63109331,
          0.32576985,  0.59336862],
        [-0.23870638,  0.        ,  0.05612955, ...,  0.42768334,
          0.09066769,  0.38407327],
        [-0.292837  , -0.05612955,  0.        , ...,  0.37627199,
          0.0346264 ,  0.33164322],
        ...,
        [-0.63109331, -0.42768334, -0.37627199, ...,  0.        ,
         -0.34396468, -0.04770633],
        [-0.32576985, -0.09066769, -0.0346264 , ...,  0.34396468,
          0.        ,  0.29877763],
        [-0.59336862, -0.38407327, -0.33164322, ...,  0.04770633,
         -0.29877763,  0.        ]],

       [[ 0.        ,  0.69516197,  0.5913665 , ...,  0.78208592,
          0.79529879,  0.70024857],
        [-0.69516197,  0.        , -0.13547497, ...,  0.12900041,
          0.15028358,  0.00710037],
        [-0.5913665 ,  0.13547497,  0.        , ...,  0.26215414,
          0.28283445,  0.14250646],
        ...,
        [-0.78208592, -0.12900041, -0.26215414, ...,  0.        ,
          0.02149255, -0.12195611],
        [-0.79529879, -0.15028358, -0.28283445, ..., -0.02149255,
          0.        , -0.14326006],
        [-0.70024857, -0.00710037, -0.14250646, ...,  0.12195611,
          0.14326006,  0.        ]],

       [[ 0.        ,  0.0154205 ,  0.03873677, ...,  0.43536792,
          0.39441754,  0.52797258],
        [-0.0154205 ,  0.        ,  0.02332324, ...,  0.4214338 ,
          0.38020026,  0.51481377],
        [-0.03873677, -0.02332324,  0.        , ...,  0.40016827,
          0.35852507,  0.49467867],
        ...,
        [-0.43536792, -0.4214338 , -0.40016827, ...,  0.        ,
         -0.0449978 ,  0.10556753],
        [-0.39441754, -0.38020026, -0.35852507, ...,  0.0449978 ,
          0.        ,  0.15020696],
        [-0.52797258, -0.51481377, -0.49467867, ..., -0.10556753,
         -0.15020696,  0.        ]],

       ...,

       [[ 0.        ,  0.17624679,  0.23955401, ...,  0.29869649,
          0.11037258,  0.08719375],
        [-0.17624679,  0.        ,  0.06468901, ...,  0.1258199 ,
         -0.06652516, -0.08974671],
        [-0.23955401, -0.06468901,  0.        , ...,  0.06138143,
         -0.13093153, -0.1539867 ],
        ...,
        [-0.29869649, -0.1258199 , -0.06138143, ...,  0.        ,
         -0.19153767, -0.21434567],
        [-0.11037258,  0.06652516,  0.13093153, ...,  0.19153767,
          0.        , -0.02329119],
        [-0.08719375,  0.08974671,  0.1539867 , ...,  0.21434567,
          0.02329119,  0.        ]],

       [[ 0.        ,  0.0453703 ,  0.10328504, ...,  0.99799326,
          0.99524184,  0.99602956],
        [-0.0453703 ,  0.        ,  0.05805103, ...,  0.99983842,
          0.9897963 ,  0.99096489],
        [-0.10328504, -0.05805103,  0.        , ...,  0.99919583,
          0.97985546,  0.98150785],
        ...,
        [-0.99799326, -0.99983842, -0.99919583, ...,  0.        ,
         -0.16025895, -0.15191329],
        [-0.99524184, -0.9897963 , -0.97985546, ...,  0.16025895,
          0.        ,  0.00844914],
        [-0.99602956, -0.99096489, -0.98150785, ...,  0.15191329,
         -0.00844914,  0.        ]],

       [[ 0.        , -0.01670437, -0.04291073, ...,  0.06327181,
          0.16954911,  0.51646257],
        [ 0.01670437,  0.        , -0.02621576, ...,  0.07993388,
          0.18598797,  0.53069462],
        [ 0.04291073,  0.02621576,  0.        , ...,  0.10603829,
          0.2116824 ,  0.55273174],
        ...,
        [-0.06327181, -0.07993388, -0.10603829, ...,  0.        ,
          0.10685364,  0.46124747],
        [-0.16954911, -0.18598797, -0.2116824 , ..., -0.10685364,
          0.        ,  0.36379853],
        [-0.51646257, -0.53069462, -0.55273174, ..., -0.46124747,
         -0.36379853,  0.        ]]]), 'num': array([ 7.38533161e-01,  6.73723069e-01,  1.06947346e-06, -1.19804054e-08,
        5.89182651e-03,  5.89182651e-03,  5.74598922e-03,  2.00934618e-02,
        4.86124299e-05,  5.83349159e-03,  5.72994711e-03,  5.19099731e-03,
        5.36279981e-06,  6.13644820e-03,  5.32344603e-03])}
{'img': array([[[ 0.        ,  0.05612955,  0.01108911, ...,  0.09066769,
          0.38407327,  0.45781624],
        [-0.05612955,  0.        , -0.04505447, ...,  0.0346264 ,
          0.33164322,  0.40719269],
        [-0.01108911,  0.04505447,  0.        , ...,  0.07961868,
          0.37381105,  0.44792935],
        ...,
        [-0.09066769, -0.0346264 , -0.07961868, ...,  0.        ,
          0.29877763,  0.37532276],
        [-0.38407327, -0.33164322, -0.37381105, ..., -0.29877763,
          0.        ,  0.0812438 ],
        [-0.45781624, -0.40719269, -0.44792935, ..., -0.37532276,
         -0.0812438 ,  0.        ]],

       [[ 0.        , -0.13547497, -0.59555498, ...,  0.15028358,
          0.00710037, -0.30273408],
        [ 0.13547497,  0.        , -0.48123541, ...,  0.28283445,
          0.14250646, -0.17082529],
        [ 0.59555498,  0.48123541,  0.        , ...,  0.70951621,
          0.60124379,  0.3244179 ],
        ...,
        [-0.15028358, -0.28283445, -0.70951621, ...,  0.        ,
         -0.14326006, -0.44252745],
        [-0.00710037, -0.14250646, -0.60124379, ...,  0.14326006,
          0.        , -0.30949364],
        [ 0.30273408,  0.17082529, -0.3244179 , ...,  0.44252745,
          0.30949364,  0.        ]],

       [[ 0.        ,  0.02332324,  0.06007875, ...,  0.38020026,
          0.51481377,  0.6017528 ],
        [-0.02332324,  0.        ,  0.0367813 , ...,  0.35852507,
          0.49467867,  0.58296124],
        [-0.06007875, -0.0367813 ,  0.        , ...,  0.32394639,
          0.4623782 ,  0.55268197],
        ...,
        [-0.38020026, -0.35852507, -0.32394639, ...,  0.        ,
          0.15020696,  0.25290443],
        [-0.51481377, -0.49467867, -0.4623782 , ..., -0.15020696,
          0.        ,  0.1047112 ],
        [-0.6017528 , -0.58296124, -0.55268197, ..., -0.25290443,
         -0.1047112 ,  0.        ]],

       ...,

       [[ 0.        ,  0.06468901,  0.12180478, ..., -0.06652516,
         -0.08974671,  0.01190459],
        [-0.06468901,  0.        ,  0.05734231, ..., -0.13093153,
         -0.1539867 , -0.05280477],
        [-0.12180478, -0.05734231,  0.        , ..., -0.18756476,
         -0.21039171, -0.1099802 ],
        ...,
        [ 0.06652516,  0.13093153,  0.18756476, ...,  0.        ,
         -0.02329119,  0.07839866],
        [ 0.08974671,  0.1539867 ,  0.21039171, ...,  0.02329119,
          0.        ,  0.1015969 ],
        [-0.01190459,  0.05280477,  0.1099802 , ..., -0.07839866,
         -0.1015969 ,  0.        ]],

       [[ 0.        ,  0.05805103,  0.0900653 , ...,  0.9897963 ,
          0.99096489,  0.99247887],
        [-0.05805103,  0.        ,  0.03209831, ...,  0.97985546,
          0.98150785,  0.98369879],
        [-0.0900653 , -0.03209831,  0.        , ...,  0.97294027,
          0.97485777,  0.97741985],
        ...,
        [-0.9897963 , -0.97985546, -0.97294027, ...,  0.        ,
          0.00844914,  0.02025089],
        [-0.99096489, -0.98150785, -0.97485777, ..., -0.00844914,
          0.        ,  0.01180276],
        [-0.99247887, -0.98369879, -0.97741985, ..., -0.02025089,
         -0.01180276,  0.        ]],

       [[ 0.        , -0.02175524, -0.03187215, ...,  0.14329133,
          0.29133737,  0.62165896],
        [ 0.02175524,  0.        , -0.01012042, ...,  0.16478816,
          0.31207993,  0.63855246],
        [ 0.03187215,  0.01012042,  0.        , ...,  0.17476178,
          0.32167891,  0.64630821],
        ...,
        [-0.14329133, -0.16478816, -0.17476178, ...,  0.        ,
          0.15125553,  0.50300541],
        [-0.29133737, -0.31207993, -0.32167891, ..., -0.15125553,
          0.        ,  0.36649055],
        [-0.62165896, -0.63855246, -0.64630821, ..., -0.50300541,
         -0.36649055,  0.        ]]]), 'num': array([ 9.99178757e-01,  1.10019470e-02,  1.68919113e-05, -8.67001007e-09,
        7.96916782e-03,  8.20075048e-03,  7.96916782e-03,  3.18279027e-02,
       -2.86072691e-04,  8.10266841e-03,  8.04613500e-03,  7.27669028e-03,
        6.54725243e-06,  8.58433790e-03,  7.50793209e-03])}
{'img': array([[[ 0.        , -0.04505447, -0.37718348, ...,  0.33164322,
          0.40719269,  0.11852068],
        [ 0.04505447,  0.        , -0.33507379, ...,  0.37381105,
          0.44792935,  0.16313723],
        [ 0.37718348,  0.33507379,  0.        , ...,  0.66298431,
          0.72161447,  0.48429151],
        ...,
        [-0.33164322, -0.37381105, -0.66298431, ...,  0.        ,
          0.0812438 , -0.21749268],
        [-0.40719269, -0.44792935, -0.72161447, ..., -0.0812438 ,
          0.        , -0.29607269],
        [-0.11852068, -0.16313723, -0.48429151, ...,  0.21749268,
          0.29607269,  0.        ]],

       [[ 0.        , -0.48123541, -0.0231246 , ...,  0.14250646,
         -0.17082529, -0.08074512],
        [ 0.48123541,  0.        ,  0.4608359 , ...,  0.60124379,
          0.3244179 ,  0.40888359],
        [ 0.0231246 , -0.4608359 ,  0.        , ...,  0.16535694,
         -0.14799492, -0.05767444],
        ...,
        [-0.14250646, -0.60124379, -0.16535694, ...,  0.        ,
         -0.30949364, -0.22196217],
        [ 0.17082529, -0.3244179 ,  0.14799492, ...,  0.30949364,
          0.        ,  0.09070924],
        [ 0.08074512, -0.40888359,  0.05767444, ...,  0.22196217,
         -0.09070924,  0.        ]],

       [[ 0.        ,  0.0367813 , -0.02074389, ...,  0.49467867,
          0.58296124,  0.4876686 ],
        [-0.0367813 ,  0.        , -0.05750324, ...,  0.4623782 ,
          0.55268197,  0.45522748],
        [ 0.02074389,  0.05750324,  0.        , ...,  0.51260024,
          0.59969021,  0.50567368],
        ...,
        [-0.49467867, -0.4623782 , -0.51260024, ...,  0.        ,
          0.1047112 , -0.00804768],
        [-0.58296124, -0.55268197, -0.59969021, ..., -0.1047112 ,
          0.        , -0.11271125],
        [-0.4876686 , -0.45522748, -0.50567368, ...,  0.00804768,
          0.11271125,  0.        ]],

       ...,

       [[ 0.        ,  0.05734231, -0.3433158 , ..., -0.1539867 ,
         -0.05280477, -0.23164156],
        [-0.05734231,  0.        , -0.39660794, ..., -0.21039171,
         -0.1099802 , -0.28704308],
        [ 0.3433158 ,  0.39660794,  0.        , ...,  0.19459365,
          0.29324152,  0.11641562],
        ...,
        [ 0.1539867 ,  0.21039171, -0.19459365, ...,  0.        ,
          0.1015969 , -0.07908031],
        [ 0.05280477,  0.1099802 , -0.29324152, ..., -0.1015969 ,
          0.        , -0.17994984],
        [ 0.23164156,  0.28704308, -0.11641562, ...,  0.07908031,
          0.17994984,  0.        ]],

       [[ 0.        ,  0.03209831, -0.02046233, ...,  0.98150785,
          0.98369879,  0.9623848 ],
        [-0.03209831,  0.        , -0.05254338, ...,  0.97485777,
          0.97741985,  0.9531681 ],
        [ 0.02046233,  0.05254338,  0.        , ...,  0.98521928,
          0.98717244,  0.96774271],
        ...,
        [-0.98150785, -0.97485777, -0.98521928, ...,  0.        ,
          0.01180276, -0.08244441],
        [-0.98369879, -0.97741985, -0.98717244, ..., -0.01180276,
          0.        , -0.09420125],
        [-0.9623848 , -0.9531681 , -0.96774271, ...,  0.08244441,
          0.09420125,  0.        ]],

       [[ 0.        , -0.00927165,  0.07926032, ...,  0.27038881,
          0.43882221,  0.68252767],
        [ 0.00927165,  0.        ,  0.08849939, ...,  0.27930348,
          0.4471346 ,  0.6892746 ],
        [-0.07926032, -0.08849939,  0.        , ...,  0.19323018,
          0.36622039,  0.62245222],
        ...,
        [-0.27038881, -0.27930348, -0.19323018, ...,  0.        ,
          0.17951228,  0.45948804],
        [-0.43882221, -0.4471346 , -0.36622039, ..., -0.17951228,
          0.        ,  0.29258406],
        [-0.68252767, -0.6892746 , -0.62245222, ..., -0.45948804,
         -0.29258406,  0.        ]]]), 'num': array([ 8.23195248e-01,  5.67154477e-01,  4.38425978e-06, -4.04406548e-07,
        6.56514797e-03,  6.72253166e-03,  6.55390628e-03,  1.84600944e-02,
       -1.12416917e-05,  6.64159147e-03,  6.65395734e-03,  6.00662325e-03,
        4.78369861e-06,  7.06901180e-03,  6.23890287e-03])}
{'img': array([[[ 0.        , -0.33507379, -0.43446216, ...,  0.44792935,
          0.16313723,  0.15094088],
        [ 0.33507379,  0.        , -0.10754908, ...,  0.72161447,
          0.48429151,  0.47345005],
        [ 0.43446216,  0.10754908,  0.        , ...,  0.79188465,
          0.57557792,  0.56543538],
        ...,
        [-0.44792935, -0.72161447, -0.79188465, ...,  0.        ,
         -0.29607269, -0.30784578],
        [-0.16313723, -0.48429151, -0.57557792, ...,  0.29607269,
          0.        , -0.01234935],
        [-0.15094088, -0.47345005, -0.56543538, ...,  0.30784578,
          0.01234935,  0.        ]],

       [[ 0.        ,  0.4608359 ,  0.67319362, ...,  0.3244179 ,
          0.40888359,  0.16520784],
        [-0.4608359 ,  0.        ,  0.25667689, ..., -0.14799492,
         -0.05767444, -0.30788391],
        [-0.67319362, -0.25667689,  0.        , ..., -0.39688708,
         -0.31199182, -0.54177749],
        ...,
        [-0.3244179 ,  0.14799492,  0.39688708, ...,  0.        ,
          0.09070924, -0.16368762],
        [-0.40888359,  0.05767444,  0.31199182, ..., -0.09070924,
          0.        , -0.25249858],
        [-0.16520784,  0.30788391,  0.54177749, ...,  0.16368762,
          0.25249858,  0.        ]],

       [[ 0.        , -0.05750324, -0.10841024, ...,  0.55268197,
          0.45522748,  0.386155  ],
        [ 0.05750324,  0.        , -0.05106653, ...,  0.59969021,
          0.50567368,  0.43855897],
        [ 0.10841024,  0.05106653,  0.        , ...,  0.63977286,
          0.54907027,  0.48388038],
        ...,
        [-0.55268197, -0.59969021, -0.63977286, ...,  0.        ,
         -0.11271125, -0.18799401],
        [-0.45522748, -0.50567368, -0.54907027, ...,  0.11271125,
          0.        , -0.07609444],
        [-0.386155  , -0.43855897, -0.48388038, ...,  0.18799401,
          0.07609444,  0.        ]],

       ...,

       [[ 0.        , -0.39660794, -0.39660794, ..., -0.1099802 ,
         -0.28704308, -0.42290375],
        [ 0.39660794,  0.        ,  0.        , ...,  0.29324152,
          0.11641562, -0.02882456],
        [ 0.39660794,  0.        ,  0.        , ...,  0.29324152,
          0.11641562, -0.02882456],
        ...,
        [ 0.1099802 , -0.29324152, -0.29324152, ...,  0.        ,
         -0.17994984, -0.32067706],
        [ 0.28704308, -0.11641562, -0.11641562, ...,  0.17994984,
          0.        , -0.14499582],
        [ 0.42290375,  0.02882456,  0.02882456, ...,  0.32067706,
          0.14499582,  0.        ]],

       [[ 0.        , -0.05254338, -0.02313168, ...,  0.97741985,
          0.9531681 ,  0.92377724],
        [ 0.05254338,  0.        ,  0.02942959, ...,  0.98717244,
          0.96774271,  0.94262162],
        [ 0.02313168, -0.02942959,  0.        , ...,  0.9820462 ,
          0.95990903,  0.93238788],
        ...,
        [-0.97741985, -0.98717244, -0.9820462 , ...,  0.        ,
         -0.09420125, -0.17908356],
        [-0.9531681 , -0.96774271, -0.95990903, ...,  0.09420125,
          0.        , -0.08560883],
        [-0.92377724, -0.94262162, -0.93238788, ...,  0.17908356,
          0.08560883,  0.        ]],

       [[ 0.        ,  0.08113248,  0.03166466, ...,  0.38245283,
          0.49069202,  0.72833736],
        [-0.08113248,  0.        , -0.04953152, ...,  0.30622763,
          0.41838095,  0.67034278],
        [-0.03166466,  0.04953152,  0.        , ...,  0.35300369,
          0.46285549,  0.70627492],
        ...,
        [-0.38245283, -0.30622763, -0.35300369, ...,  0.        ,
          0.12014336,  0.41090169],
        [-0.49069202, -0.41838095, -0.46285549, ..., -0.12014336,
          0.        ,  0.29839309],
        [-0.72833736, -0.67034278, -0.70627492, ..., -0.41090169,
