state_0,state_1,state_2,state_3,state_4,state_5,state_6,state_7,state_8,state_9,state_10,state_11,state_12,state_13,state_14,state_15,state_16,state_17,state_18,state_19,state_20,state_21,state_22,state_23,state_24,state_25,state_26,state_27,state_28,state_29,state_30,state_31,state_32,state_33,state_34,state_35,state_36,state_37,state_38,state_39,state_40,state_41,state_42,state_43,state_44,state_45,state_46,state_47,state_48,state_49,state_50,state_51,state_52,state_53,state_54,state_55,state_56,state_57,state_58,state_59,state_60,state_61,state_62,state_63,state_64,state_65,state_66,state_67,state_68,state_69,state_70,state_71,state_72,state_73,state_74,state_75,state_76,state_77,state_78,state_79,state_80,state_81,state_82,state_83,state_84,state_85,state_86,state_87,state_88,state_89,state_90,state_91,state_92,state_93,state_94,state_95,state_96,state_97,state_98,state_99,state_100,state_101,state_102,state_103,state_104,state_105,state_106,state_107,state_108,state_109,state_110,state_111,state_112,state_113,state_114,state_115,state_116,state_117,state_118,state_119,state_120,state_121,state_122,state_123,state_124,state_125,state_126,state_127,state_128,state_129,state_130,state_131,state_132,state_133,state_134,state_135,state_136,state_137,state_138,state_139,state_140,state_141,state_142,state_143,state_144,state_145,state_146,state_147,state_148,state_149,state_150,state_151,state_152,state_153,state_154,state_155,state_156,state_157,state_158,state_159,state_160,state_161,state_162,state_163,state_164,state_165,state_166,state_167,state_168,state_169,state_170,state_171,state_172,state_173,state_174,state_175,state_176,state_177,state_178,state_179,state_180,state_181,state_182,state_183,state_184,state_185,state_186,state_187,state_188,state_189,state_190,state_191,state_192,state_193,state_194,state_195,state_196,state_197,state_198,state_199,state_200,state_201,state_202,state_203,state_204,state_205,state_206,state_207,state_208,state_209,state_210,state_211,state_212,state_213,state_214,state_215,state_216,state_217,state_218,state_219,state_220,state_221,state_222,state_223,state_224,state_225,state_226,state_227,state_228,state_229,state_230,state_231,state_232,state_233,state_234,state_235,state_236,state_237,state_238,state_239,state_240,state_241,state_242,state_243,state_244,state_245,state_246,state_247,state_248,state_249,state_250,state_251,state_252,state_253,state_254,state_255,state_256,state_257,state_258,state_259,state_260,state_261,state_262,state_263,state_264,state_265,state_266,state_267,state_268,state_269,state_270,state_271,state_272,state_273,state_274,state_275,state_276,state_277,state_278,state_279,state_280,state_281,state_282,state_283,state_284,state_285,state_286,state_287
{'img': array([[[ 0.        , -0.33985958,  0.        , ...,  0.86807678,
          0.85870147,  0.81553467],
        [ 0.33985958,  0.        ,  0.33985958, ...,  0.64768907,
          0.63341836,  0.57031141],
        [ 0.        , -0.33985958,  0.        , ...,  0.86807678,
          0.85870147,  0.81553467],
        ...,
        [-0.86807678, -0.64768907, -0.86807678, ...,  0.        ,
          0.01858351,  0.09750733],
        [-0.85870147, -0.63341836, -0.85870147, ..., -0.01858351,
          0.        ,  0.07899554],
        [-0.81553467, -0.57031141, -0.81553467, ..., -0.09750733,
         -0.07899554,  0.        ]],

       [[ 0.        , -0.00192452, -0.05474443, ...,  0.77038463,
          0.65623852,  0.4799854 ],
        [ 0.00192452,  0.        , -0.05282268, ...,  0.77161024,
          0.65768946,  0.48167285],
        [ 0.05474443,  0.05282268,  0.        , ...,  0.80413328,
          0.69656202,  0.52729161],
        ...,
        [-0.77038463, -0.77161024, -0.80413328, ...,  0.        ,
         -0.16289226, -0.3698115 ],
        [-0.65623852, -0.65768946, -0.69656202, ...,  0.16289226,
          0.        , -0.21352794],
        [-0.4799854 , -0.48167285, -0.52729161, ...,  0.3698115 ,
          0.21352794,  0.        ]],

       [[ 0.        , -0.17899898, -0.07608377, ...,  0.62667418,
          0.6353396 ,  0.54022341],
        [ 0.17899898,  0.        ,  0.10362518, ...,  0.47706236,
          0.4868495 ,  0.38086689],
        [ 0.07608377, -0.10362518,  0.        , ...,  0.56556706,
          0.57474364,  0.4746314 ],
        ...,
        [-0.62667418, -0.47706236, -0.56556706, ...,  0.        ,
         -0.01116993,  0.10637384],
        [-0.6353396 , -0.4868495 , -0.57474364, ...,  0.01116993,
          0.        ,  0.11747375],
        [-0.54022341, -0.38086689, -0.4746314 , ..., -0.10637384,
         -0.11747375,  0.        ]],

       ...,

       [[ 0.        , -0.12915816,  0.09124458, ...,  0.52823142,
          0.48906807,  0.5922106 ],
        [ 0.12915816,  0.        ,  0.21909969, ...,  0.6334752 ,
          0.59762928,  0.69132372],
        [-0.09124458, -0.21909969,  0.        , ...,  0.4485521 ,
          0.40744025,  0.51621685],
        ...,
        [-0.52823142, -0.6334752 , -0.4485521 , ...,  0.        ,
         -0.04547962,  0.07720627],
        [-0.48906807, -0.59762928, -0.40744025, ...,  0.04547962,
          0.        ,  0.12247025],
        [-0.5922106 , -0.69132372, -0.51621685, ..., -0.07720627,
         -0.12247025,  0.        ]],

       [[ 0.        , -0.01717864, -0.06249745, ...,  0.68244236,
          0.73015455,  0.77001404],
        [ 0.01717864,  0.        , -0.04534317, ...,  0.66978512,
          0.71830895,  0.75893998],
        [ 0.06249745,  0.04534317,  0.        , ...,  0.63542642,
          0.6860238 ,  0.7286337 ],
        ...,
        [-0.68244236, -0.66978512, -0.63542642, ...,  0.        ,
         -0.06739813, -0.127417  ],
        [-0.73015455, -0.71830895, -0.6860238 , ...,  0.06739813,
          0.        , -0.06027849],
        [-0.77001404, -0.75893998, -0.7286337 , ...,  0.127417  ,
          0.06027849,  0.        ]],

       [[ 0.        , -0.0163417 , -0.0190622 , ...,  0.71598321,
          0.89913246,  0.97372311],
        [ 0.0163417 ,  0.        , -0.00272093, ...,  0.72729603,
          0.90616478,  0.96987151],
        [ 0.0190622 ,  0.00272093,  0.        , ...,  0.72916077,
          0.90731217,  0.96920505],
        ...,
        [-0.71598321, -0.72729603, -0.72916077, ...,  0.        ,
          0.314331  ,  0.84282769],
        [-0.89913246, -0.90616478, -0.90731217, ..., -0.314331  ,
          0.        ,  0.6309399 ],
        [-0.97372311, -0.96987151, -0.96920505, ..., -0.84282769,
         -0.6309399 ,  0.        ]]]), 'num': array([ 7.06281704e-01,  7.06281704e-01,  0.00000000e+00,  0.00000000e+00,
        2.66277509e-04,  2.74033165e-04,  2.63692291e-04,  4.82884181e-02,
       -5.17043707e-07,  2.64209335e-04,  2.58573558e-04,  2.22776899e-04,
        5.74493008e-07,  2.83915874e-04,  2.33231242e-04])}
{'img': array([[[ 0.        ,  0.33985958,  0.37115374, ...,  0.63341836,
          0.57031141,  0.58708705],
        [-0.33985958,  0.        ,  0.03347736, ...,  0.85870147,
          0.81553467,  0.82726581],
        [-0.37115374, -0.03347736,  0.        , ...,  0.8753765 ,
          0.83445117,  0.84561005],
        ...,
        [-0.63341836, -0.85870147, -0.8753765 , ...,  0.        ,
          0.07899554,  0.0584737 ],
        [-0.57031141, -0.81553467, -0.83445117, ..., -0.07899554,
          0.        , -0.02056941],
        [-0.58708705, -0.82726581, -0.84561005, ..., -0.0584737 ,
          0.02056941,  0.        ]],

       [[ 0.        , -0.05282268,  0.00282753, ...,  0.65768946,
          0.48167285,  0.66164787],
        [ 0.05282268,  0.        ,  0.05564606, ...,  0.69656202,
          0.52729161,  0.70033138],
        [-0.00282753, -0.05564606,  0.        , ...,  0.65555688,
          0.47919301,  0.6595251 ],
        ...,
        [-0.65768946, -0.69656202, -0.65555688, ...,  0.        ,
         -0.21352794,  0.00526695],
        [-0.48167285, -0.52729161, -0.47919301, ...,  0.21352794,
          0.        ,  0.21867046],
        [-0.66164787, -0.70033138, -0.6595251 , ..., -0.00526695,
         -0.21867046,  0.        ]],

       [[ 0.        ,  0.10362518,  0.28128884, ...,  0.4868495 ,
          0.38086689,  0.19320978],
        [-0.10362518,  0.        ,  0.18033338, ...,  0.57474364,
          0.4746314 ,  0.29384224],
        [-0.28128884, -0.18033338,  0.        , ...,  0.71289388,
          0.62557675,  0.46139722],
        ...,
        [-0.4868495 , -0.57474364, -0.71289388, ...,  0.        ,
          0.11747375,  0.30891001],
        [-0.38086689, -0.4746314 , -0.62557675, ..., -0.11747375,
          0.        ,  0.19504286],
        [-0.19320978, -0.29384224, -0.46139722, ..., -0.30891001,
         -0.19504286,  0.        ]],

       ...,

       [[ 0.        ,  0.21909969,  0.18258467, ...,  0.59762928,
          0.69132372,  0.69132372],
        [-0.21909969,  0.        , -0.03726833, ...,  0.40744025,
          0.51621685,  0.51621685],
        [-0.18258467,  0.03726833,  0.        , ...,  0.44119183,
          0.54777699,  0.54777699],
        ...,
        [-0.59762928, -0.40744025, -0.44119183, ...,  0.        ,
          0.12247025,  0.12247025],
        [-0.69132372, -0.51621685, -0.54777699, ..., -0.12247025,
          0.        ,  0.        ],
        [-0.69132372, -0.51621685, -0.54777699, ..., -0.12247025,
          0.        ,  0.        ]],

       [[ 0.        , -0.04534317, -0.07211584, ...,  0.71830895,
          0.75893998,  0.86038097],
        [ 0.04534317,  0.        , -0.02681655, ...,  0.6860238 ,
          0.7286337 ,  0.83638682],
        [ 0.07211584,  0.02681655,  0.        , ...,  0.66626592,
          0.71000491,  0.82138682],
        ...,
        [-0.71830895, -0.6860238 , -0.66626592, ...,  0.        ,
         -0.06027849, -0.23250072],
        [-0.75893998, -0.7286337 , -0.71000491, ...,  0.06027849,
          0.        , -0.17345131],
        [-0.86038097, -0.83638682, -0.82138682, ...,  0.23250072,
          0.17345131,  0.        ]],

       [[ 0.        , -0.00239092, -0.00502122, ...,  0.77909735,
          0.90454747,  0.93256771],
        [ 0.00239092,  0.        , -0.00263031, ...,  0.780594  ,
          0.90556431,  0.93170194],
        [ 0.00502122,  0.00263031,  0.        , ...,  0.78223535,
          0.90667698,  0.93074332],
        ...,
        [-0.77909735, -0.780594  , -0.78223535, ...,  0.        ,
          0.23487747,  0.86587978],
        [-0.90454747, -0.90556431, -0.90667698, ..., -0.23487747,
          0.        ,  0.72415882],
        [-0.93256771, -0.93170194, -0.93074332, ..., -0.86587978,
         -0.72415882,  0.        ]]]), 'num': array([ 9.32670205e-01,  3.51297862e-01,  2.23175564e-05, -1.19506794e-10,
        3.53203125e-04,  3.64727987e-04,  3.48457593e-04,  8.19460807e-02,
        4.06759836e-06,  3.49135526e-04,  3.43000232e-04,  2.93883982e-04,
        6.20481106e-07,  3.58246794e-04,  3.27753670e-04])}
{'img': array([[[ 0.00000000e+00,  3.34773626e-02,  9.30734630e-02, ...,
          8.15534671e-01,  8.27265813e-01,  7.44438074e-01],
        [-3.34773626e-02,  0.00000000e+00,  5.96892476e-02, ...,
          8.34451169e-01,  8.45610052e-01,  7.66373350e-01],
        [-9.30734630e-02, -5.96892476e-02,  0.00000000e+00, ...,
          8.65857012e-01,  8.75964523e-01,  8.03351011e-01],
        ...,
        [-8.15534671e-01, -8.34451169e-01, -8.65857012e-01, ...,
          0.00000000e+00, -2.05694115e-02,  1.13713146e-01],
        [-8.27265813e-01, -8.45610052e-01, -8.75964523e-01, ...,
          2.05694115e-02,  0.00000000e+00,  1.34125078e-01],
        [-7.44438074e-01, -7.66373350e-01, -8.03351011e-01, ...,
         -1.13713146e-01, -1.34125078e-01,  0.00000000e+00]],

       [[ 0.00000000e+00,  5.56460597e-02,  6.84779071e-02, ...,
          5.27291611e-01,  7.00331377e-01,  7.80821972e-01],
        [-5.56460597e-02,  0.00000000e+00,  1.28563665e-02, ...,
          4.79193015e-01,  6.59525101e-01,  7.44847058e-01],
        [-6.84779071e-02, -1.28563665e-02,  0.00000000e+00, ...,
          4.67869255e-01,  6.49806688e-01,  7.36207278e-01],
        ...,
        [-5.27291611e-01, -4.79193015e-01, -4.67869255e-01, ...,
          0.00000000e+00,  2.18670458e-01,  3.34024912e-01],
        [-7.00331377e-01, -6.59525101e-01, -6.49806688e-01, ...,
         -2.18670458e-01,  0.00000000e+00,  1.19830142e-01],
        [-7.80821972e-01, -7.44847058e-01, -7.36207278e-01, ...,
         -3.34024912e-01, -1.19830142e-01,  0.00000000e+00]],

       [[ 0.00000000e+00,  2.60339118e-01,  3.05304925e-01, ...,
          4.53518850e-01,  3.21382095e-01,  0.00000000e+00],
        [-2.60339118e-01,  0.00000000e+00,  4.68680345e-02, ...,
          6.69906645e-01,  5.56827979e-01,  2.60339118e-01],
        [-3.05304925e-01, -4.68680345e-02,  0.00000000e+00, ...,
          7.03967432e-01,  5.95145969e-01,  3.05304925e-01],
        ...,
        [-4.53518850e-01, -6.69906645e-01, -7.03967432e-01, ...,
          0.00000000e+00,  1.43028768e-01,  4.53518850e-01],
        [-3.21382095e-01, -5.56827979e-01, -5.95145969e-01, ...,
         -1.43028768e-01,  0.00000000e+00,  3.21382095e-01],
        [-0.00000000e+00, -2.60339118e-01, -3.05304925e-01, ...,
         -4.53518850e-01, -3.21382095e-01,  0.00000000e+00]],

       ...,

       [[ 0.00000000e+00, -3.72683339e-02,  3.63597034e-01, ...,
          5.16216851e-01,  5.16216851e-01,  1.77653295e-01],
        [ 3.72683339e-02,  0.00000000e+00,  3.98061993e-01, ...,
          5.47776992e-01,  5.47776992e-01,  2.14205390e-01],
        [-3.63597034e-01, -3.98061993e-01,  0.00000000e+00, ...,
          1.69479518e-01,  1.69479518e-01, -1.92319295e-01],
        ...,
        [-5.16216851e-01, -5.47776992e-01, -1.69479518e-01, ...,
          0.00000000e+00,  0.00000000e+00, -3.55852891e-01],
        [-5.16216851e-01, -5.47776992e-01, -1.69479518e-01, ...,
          0.00000000e+00,  0.00000000e+00, -3.55852891e-01],
        [-1.77653295e-01, -2.14205390e-01,  1.92319295e-01, ...,
          3.55852891e-01,  3.55852891e-01,  0.00000000e+00]],

       [[ 0.00000000e+00, -2.68165530e-02, -1.14278331e-01, ...,
          7.28633704e-01,  8.36386824e-01,  9.53845323e-01],
        [ 2.68165530e-02,  0.00000000e+00, -8.75963618e-02, ...,
          7.10004913e-01,  8.21386820e-01,  9.45449326e-01],
        [ 1.14278331e-01,  8.75963618e-02,  0.00000000e+00, ...,
          6.45590619e-01,  7.68266979e-01,  9.13278870e-01],
        ...,
        [-7.28633704e-01, -7.10004913e-01, -6.45590619e-01, ...,
          0.00000000e+00, -1.73451311e-01, -4.34484584e-01],
        [-8.36386824e-01, -8.21386820e-01, -7.68266979e-01, ...,
          1.73451311e-01,  0.00000000e+00, -2.71674860e-01],
        [-9.53845323e-01, -9.45449326e-01, -9.13278870e-01, ...,
          4.34484584e-01,  2.71674860e-01,  0.00000000e+00]],

       [[ 0.00000000e+00, -2.27818815e-03,  9.27470126e-04, ...,
          7.75996494e-01,  9.25796995e-01,  8.76660048e-01],
        [ 2.27818815e-03,  0.00000000e+00,  3.20565489e-03, ...,
          7.77431419e-01,  9.26655796e-01,  8.75561714e-01],
        [-9.27470126e-04, -3.20565489e-03,  0.00000000e+00, ...,
          7.75411171e-01,  9.25445994e-01,  8.77105887e-01],
        ...,
        [-7.75996494e-01, -7.77431419e-01, -7.75411171e-01, ...,
          0.00000000e+00,  2.90591604e-01,  9.26282059e-01],
        [-9.25796995e-01, -9.26655796e-01, -9.25445994e-01, ...,
         -2.90591604e-01,  0.00000000e+00,  7.76806470e-01],
        [-8.76660048e-01, -8.75561714e-01, -8.77105887e-01, ...,
         -9.26282059e-01, -7.76806470e-01,  0.00000000e+00]]]), 'num': array([7.27175903e-01, 6.85808338e-01, 1.57590722e-06, 6.56189512e-09,
       2.77634661e-04, 2.79221145e-04, 2.70231070e-04, 2.96910122e-02,
       2.11531170e-06, 2.73827100e-04, 2.68538821e-04, 2.30630672e-04,
       5.62789353e-07, 2.80366610e-04, 2.56711031e-04])}
{'img': array([[[ 0.        ,  0.05968925,  0.22469859, ...,  0.84561005,
          0.76637335,  0.68928553],
        [-0.05968925,  0.        ,  0.16613506, ...,  0.87596452,
          0.80335101,  0.73130079],
        [-0.22469859, -0.16613506,  0.        , ...,  0.94393074,
          0.89112124,  0.83445117],
        ...,
        [-0.84561005, -0.87596452, -0.94393074, ...,  0.        ,
          0.13412508,  0.24469447],
        [-0.76637335, -0.80335101, -0.89112124, ..., -0.13412508,
          0.        ,  0.1124358 ],
        [-0.68928553, -0.73130079, -0.83445117, ..., -0.24469447,
         -0.1124358 ,  0.        ]],

       [[ 0.        ,  0.03995559,  0.11584233, ...,  0.69897445,
          0.77981238,  0.54880424],
        [-0.03995559,  0.        ,  0.07606324, ...,  0.66984219,
          0.75417694,  0.51496509],
        [-0.11584233, -0.07606324,  0.        , ...,  0.61142443,
          0.70204354,  0.44827097],
        ...,
        [-0.69897445, -0.66984219, -0.61142443, ...,  0.        ,
          0.1201129 , -0.19183282],
        [-0.77981238, -0.75417694, -0.70204354, ..., -0.1201129 ,
          0.        , -0.30832611],
        [-0.54880424, -0.51496509, -0.44827097, ...,  0.19183282,
          0.30832611,  0.        ]],

       [[ 0.        ,  0.16221786,  0.27909017, ...,  0.41475357,
          0.26980883,  0.        ],
        [-0.16221786,  0.        ,  0.11962149, ...,  0.55686766,
          0.42243704,  0.16221786],
        [-0.27909017, -0.11962149,  0.        , ...,  0.65222687,
          0.52782776,  0.27909017],
        ...,
        [-0.41475357, -0.55686766, -0.65222687, ...,  0.        ,
          0.15386381,  0.41475357],
        [-0.26980883, -0.42243704, -0.52782776, ..., -0.15386381,
          0.        ,  0.26980883],
        [-0.        , -0.16221786, -0.27909017, ..., -0.41475357,
         -0.26980883,  0.        ]],

       ...,

       [[ 0.        ,  0.39806199,  0.5434524 , ...,  0.54777699,
          0.21420539,  0.47776156],
        [-0.39806199,  0.        ,  0.16439153, ...,  0.16947952,
         -0.19231929,  0.08858533],
        [-0.5434524 , -0.16439153,  0.        , ...,  0.00516038,
         -0.35102556, -0.0763651 ],
        ...,
        [-0.54777699, -0.16947952, -0.00516038, ...,  0.        ,
         -0.35585289, -0.0815094 ],
        [-0.21420539,  0.19231929,  0.35102556, ...,  0.35585289,
          0.        ,  0.27849486],
        [-0.47776156, -0.08858533,  0.0763651 , ...,  0.0815094 ,
         -0.27849486,  0.        ]],

       [[ 0.        , -0.08759636, -0.19181782, ...,  0.82138682,
          0.94544933,  0.93840179],
        [ 0.08759636,  0.        , -0.10511073, ...,  0.76826698,
          0.91327887,  0.90452605],
        [ 0.19181782,  0.10511073,  0.        , ...,  0.69672669,
          0.86540452,  0.8546943 ],
        ...,
        [-0.82138682, -0.76826698, -0.69672669, ...,  0.        ,
         -0.27167486, -0.2514107 ],
        [-0.94544933, -0.91327887, -0.86540452, ...,  0.27167486,
          0.        ,  0.02099388],
        [-0.93840179, -0.90452605, -0.8546943 , ...,  0.2514107 ,
         -0.02099388,  0.        ]],

       [[ 0.        ,  0.00318151,  0.00614977, ...,  0.92028896,
          0.95559734,  0.87235373],
        [-0.00318151,  0.        ,  0.00296828, ...,  0.91903957,
          0.95653002,  0.87390468],
        [-0.00614977, -0.00296828,  0.        , ...,  0.91786553,
          0.95739146,  0.8753437 ],
        ...,
        [-0.92028896, -0.91903957, -0.91786553, ...,  0.        ,
          0.645054  ,  0.79120556],
        [-0.95559734, -0.95653002, -0.95739146, ..., -0.645054  ,
          0.        ,  0.21010648],
        [-0.87235373, -0.87390468, -0.8753437 , ..., -0.79120556,
         -0.21010648,  0.        ]]]), 'num': array([8.41290092e-01, 5.33705111e-01, 1.14770516e-05, 8.01214439e-09,
       3.25486753e-04, 3.30952016e-04, 3.16985233e-04, 8.59596427e-02,
       6.67976546e-06, 3.17349584e-04, 3.09424953e-04, 2.66522642e-04,
       7.35093806e-07, 3.24760787e-04, 2.94089120e-04])}
{'img': array([[[ 0.        ,  0.16356894,  0.32390471, ...,  0.85793868,
          0.80949313,  0.42002086],
        [-0.16356894,  0.        ,  0.16479144, ...,  0.93041777,
          0.89462692,  0.56280515],
        [-0.32390471, -0.16479144,  0.        , ...,  0.97809368,
          0.95602708,  0.69132561],
        ...,
        [-0.85793868, -0.93041777, -0.97809368, ...,  0.        ,
          0.08784219,  0.56280515],
        [-0.80949313, -0.89462692, -0.95602708, ..., -0.08784219,
          0.        ,  0.48802014],
        [-0.42002086, -0.56280515, -0.69132561, ..., -0.56280515,
         -0.48802014,  0.        ]],

       [[ 0.        ,  0.10879883,  0.22799763, ...,  0.77929055,
          0.54768557,  0.82878316],
        [-0.10879883,  0.        ,  0.12071093, ...,  0.70648434,
          0.45340413,  0.76298277],
        [-0.22799763, -0.12071093,  0.        , ...,  0.61588772,
          0.34249844,  0.6793738 ],
        ...,
        [-0.77929055, -0.70648434, -0.61588772, ...,  0.        ,
         -0.30880596,  0.08330002],
        [-0.54768557, -0.45340413, -0.34249844, ...,  0.30880596,
          0.        ,  0.38696144],
        [-0.82878316, -0.76298277, -0.6793738 , ..., -0.08330002,
         -0.38696144,  0.        ]],

       [[ 0.        ,  0.22585812,  0.40986832, ...,  0.4321353 ,
          0.34667721,  0.        ],
        [-0.22585812,  0.        ,  0.19326212, ...,  0.62464985,
          0.54957056,  0.22585812],
        [-0.40986832, -0.19326212,  0.        , ...,  0.76379277,
          0.70066991,  0.40986832],
        ...,
        [-0.4321353 , -0.62464985, -0.76379277, ...,  0.        ,
          0.09269966,  0.4321353 ],
        [-0.34667721, -0.54957056, -0.70066991, ..., -0.09269966,
          0.        ,  0.34667721],
        [-0.        , -0.22585812, -0.40986832, ..., -0.4321353 ,
         -0.34667721,  0.        ]],

       ...,

       [[ 0.        ,  0.16439153,  0.41586698, ..., -0.19231929,
          0.08858533,  0.33123714],
        [-0.16439153,  0.        ,  0.26070734, ..., -0.35102556,
         -0.0763651 ,  0.17161948],
        [-0.41586698, -0.26070734,  0.        , ..., -0.58300381,
         -0.33367029, -0.09115479],
        ...,
        [ 0.19231929,  0.35102556,  0.58300381, ...,  0.        ,
          0.27849486,  0.50651613],
        [-0.08858533,  0.0763651 ,  0.33367029, ..., -0.27849486,
          0.        ,  0.24635044],
        [-0.33123714, -0.17161948,  0.09115479, ..., -0.50651613,
         -0.24635044,  0.        ]],

       [[ 0.        , -0.10511073,  0.05226127, ...,  0.91327887,
          0.90452605,  0.87837414],
        [ 0.10511073,  0.        ,  0.15693887, ...,  0.86540452,
          0.8546943 ,  0.82326823],
        [-0.05226127, -0.15693887,  0.        , ...,  0.93331866,
          0.92557513,  0.9021533 ],
        ...,
        [-0.91327887, -0.86540452, -0.93331866, ...,  0.        ,
          0.02099388,  0.07873088],
        [-0.90452605, -0.8546943 , -0.92557513, ..., -0.02099388,
          0.        ,  0.05778481],
        [-0.87837414, -0.82326823, -0.9021533 , ..., -0.07873088,
         -0.05778481,  0.        ]],

       [[ 0.        ,  0.00296828, -0.00589854, ...,  0.95653002,
          0.87390468,  0.94040513],
        [-0.00296828,  0.        , -0.00886675, ...,  0.95739146,
          0.8753437 ,  0.94141037],
        [ 0.00589854,  0.00886675,  0.        , ...,  0.95479317,
          0.87102221,  0.93838293],
        ...,
        [-0.95653002, -0.95739146, -0.95479317, ...,  0.        ,
          0.21010648,  0.05101993],
        [-0.87390468, -0.8753437 , -0.87102221, ..., -0.21010648,
          0.        , -0.15995175],
        [-0.94040513, -0.94141037, -0.93838293, ..., -0.05101993,
          0.15995175,  0.        ]]]), 'num': array([6.66153432e-01, 6.66153432e-01, 0.00000000e+00, 1.30846948e-08,
       3.02146424e-04, 3.07438798e-04, 2.62213059e-04, 3.35378374e-01,
       4.42634889e-05, 2.62213059e-04, 2.48092044e-04, 2.13226528e-04,
       7.90419445e-07, 2.75699181e-04, 2.20484907e-04])}
{'img': array([[[ 0.        ,  0.13054845,  0.16851806, ...,  0.96743206,
          0.98561751,  0.46216788],
        [-0.13054845,  0.        ,  0.03839446, ...,  0.92610687,
          0.95512095,  0.57398199],
        [-0.16851806, -0.03839446,  0.        , ...,  0.91093927,
          0.94304365,  0.60499876],
        ...,
        [-0.96743206, -0.92610687, -0.91093927, ...,  0.        ,
          0.0860024 ,  0.97490038],
        [-0.98561751, -0.95512095, -0.94304365, ..., -0.0860024 ,
          0.        ,  0.95214061],
        [-0.46216788, -0.57398199, -0.60499876, ..., -0.97490038,
         -0.95214061,  0.        ]],

       [[ 0.        ,  0.19013301,  0.12837706, ...,  0.51149567,
          0.79123205,  0.        ],
        [-0.19013301,  0.        , -0.06252449, ...,  0.33878653,
          0.66052929,  0.19013301],
        [-0.12837706,  0.06252449,  0.        , ...,  0.39695067,
          0.70618032,  0.12837706],
        ...,
        [-0.51149567, -0.33878653, -0.39695067, ...,  0.        ,
          0.36710672,  0.51149567],
        [-0.79123205, -0.66052929, -0.70618032, ..., -0.36710672,
          0.        ,  0.79123205],
        [-0.        , -0.19013301, -0.12837706, ..., -0.51149567,
         -0.79123205,  0.        ]],

       [[ 0.        ,  0.32647604,  0.44611194, ...,  0.72428786,
          0.66785407,  0.        ],
        [-0.32647604,  0.        ,  0.12947886, ...,  0.90970533,
          0.87425291,  0.32647604],
        [-0.44611194, -0.12947886,  0.        , ...,  0.95581426,
          0.92975181,  0.44611194],
        ...,
        [-0.72428786, -0.90970533, -0.95581426, ...,  0.        ,
          0.07859797,  0.72428786],
        [-0.66785407, -0.87425291, -0.92975181, ..., -0.07859797,
          0.        ,  0.66785407],
        [-0.        , -0.32647604, -0.44611194, ..., -0.72428786,
         -0.66785407,  0.        ]],

       ...,

       [[ 0.        ,  0.26070734,  0.57157943, ..., -0.0763651 ,
          0.17161948,  0.79851715],
        [-0.26070734,  0.        ,  0.33789044, ..., -0.33367029,
         -0.09115479,  0.6139642 ],
        [-0.57157943, -0.33789044,  0.        , ..., -0.63257151,
         -0.42227728,  0.3111458 ],
        ...,
        [ 0.0763651 ,  0.33367029,  0.63257151, ...,  0.        ,
          0.24635044,  0.84215508],
        [-0.17161948,  0.09115479,  0.42227728, ..., -0.24635044,
          0.        ,  0.68335967],
        [-0.79851715, -0.6139642 , -0.3111458 , ..., -0.84215508,
         -0.68335967,  0.        ]],

       [[ 0.        ,  0.15693887,  0.25889704, ...,  0.8546943 ,
          0.82326823,  0.25280574],
        [-0.15693887,  0.        ,  0.10410085, ...,  0.92557513,
          0.9021533 ,  0.40151408],
        [-0.25889704, -0.10410085,  0.        , ...,  0.95995508,
          0.94216241,  0.49467361],
        ...,
        [-0.8546943 , -0.92557513, -0.95995508, ...,  0.        ,
          0.05778481,  0.69569185],
        [-0.82326823, -0.9021533 , -0.94216241, ..., -0.05778481,
          0.        ,  0.65302024],
        [-0.25280574, -0.40151408, -0.49467361, ..., -0.69569185,
         -0.65302024,  0.        ]],

       [[ 0.        , -0.00886675, -0.02418458, ...,  0.8753437 ,
          0.94141037,  0.95510126],
        [ 0.00886675,  0.        , -0.01531947, ...,  0.87102221,
          0.93838293,  0.95769075],
        [ 0.02418458,  0.01531947,  0.        , ...,  0.8633944 ,
          0.93297845,  0.9619873 ],
        ...,
        [-0.8753437 , -0.87102221, -0.8633944 , ...,  0.        ,
         -0.15995175, -0.72113904],
        [-0.94141037, -0.93838293, -0.93297845, ...,  0.15995175,
          0.        , -0.60104123],
        [-0.95510126, -0.95769075, -0.9619873 , ...,  0.72113904,
          0.60104123,  0.        ]]]), 'num': array([ 9.83484849e-01,  1.90744843e-04,  3.15664239e-05,  1.92694735e-08,
        4.46140701e-04,  4.56882451e-04,  4.35398950e-04,  1.80986808e-01,
       -3.58058347e-06,  4.05751719e-04,  3.73669691e-04,  3.20295127e-04,
        1.23309934e-06,  4.26278882e-04,  3.21060501e-04])}
{'img': array([[[ 0.        ,  0.03839446,  0.0629174 , ...,  0.95512095,
          0.57398199,  0.77515024],
        [-0.03839446,  0.        ,  0.02455263, ...,  0.94304365,
          0.60499876,  0.79883542],
        [-0.0629174 , -0.02455263,  0.        , ...,  0.93459146,
          0.62436582,  0.81336423],
        ...,
        [-0.95512095, -0.94304365, -0.93459146, ...,  0.        ,
          0.95214061,  0.83303536],
        [-0.57398199, -0.60499876, -0.62436582, ..., -0.95214061,
          0.        , -0.27211708],
        [-0.77515024, -0.79883542, -0.81336423, ..., -0.83303536,
          0.27211708,  0.        ]],

       [[ 0.        , -0.07574246, -0.16922417, ...,  0.67343642,
          0.16922417,  0.89345585],
        [ 0.07574246,  0.        , -0.09408798, ...,  0.72749416,
          0.09408798,  0.92490913],
        [ 0.16922417,  0.09408798,  0.        , ...,  0.78882199,
          0.        ,  0.95657727],
        ...,
        [-0.67343642, -0.72749416, -0.78882199, ...,  0.        ,
          0.78882199,  0.35800824],
        [-0.16922417, -0.09408798, -0.        , ..., -0.78882199,
          0.        , -0.95657727],
        [-0.89345585, -0.92490913, -0.95657727, ..., -0.35800824,
          0.95657727,  0.        ]],

       [[ 0.        ,  0.1460306 ,  0.25417119, ...,  0.94278242,
          0.79518132,  0.23805136],
        [-0.1460306 ,  0.        ,  0.11021165, ...,  0.98136372,
          0.87520586,  0.37733206],
        [-0.25417119, -0.11021165,  0.        , ...,  0.9965636 ,
          0.92318919,  0.477098  ],
        ...,
        [-0.94278242, -0.98136372, -0.9965636 , ...,  0.        ,
          0.30655629,  0.83631147],
        [-0.79518132, -0.87520586, -0.92318919, ..., -0.30655629,
          0.        ,  0.62797429],
        [-0.23805136, -0.37733206, -0.477098  , ..., -0.83631147,
         -0.62797429,  0.        ]],

       ...,

       [[ 0.        ,  0.33789044,  0.24522579, ..., -0.09115479,
          0.6139642 ,  0.74040813],
        [-0.33789044,  0.        , -0.09677034, ..., -0.42227728,
          0.3111458 ,  0.46974573],
        [-0.24522579,  0.09677034,  0.        , ..., -0.33257632,
          0.40165239,  0.55297012],
        ...,
        [ 0.09115479,  0.42227728,  0.33257632, ...,  0.        ,
          0.68335967,  0.79859599],
        [-0.6139642 , -0.3111458 , -0.40165239, ..., -0.68335967,
          0.        ,  0.17174852],
        [-0.74040813, -0.46974573, -0.55297012, ..., -0.79859599,
         -0.17174852,  0.        ]],

       [[ 0.        ,  0.19821396,  0.28973409, ...,  0.90668047,
          0.61647575,  0.        ],
        [-0.19821396,  0.        ,  0.09427341, ...,  0.97230106,
          0.76031262,  0.19821396],
        [-0.28973409, -0.09427341,  0.        , ...,  0.99000548,
          0.81816243,  0.28973409],
        ...,
        [-0.90668047, -0.97230106, -0.99000548, ...,  0.        ,
          0.4538559 ,  0.90668047],
        [-0.61647575, -0.76031262, -0.81816243, ..., -0.4538559 ,
          0.        ,  0.61647575],
        [-0.        , -0.19821396, -0.28973409, ..., -0.90668047,
         -0.61647575,  0.        ]],

       [[ 0.        , -0.01531947, -0.03256775, ...,  0.93838293,
          0.95769075,  0.90559841],
        [ 0.01531947,  0.        , -0.01725259, ...,  0.93297845,
          0.9619873 ,  0.91198968],
        [ 0.03256775,  0.01725259,  0.        , ...,  0.92662982,
          0.9665557 ,  0.91893118],
        ...,
        [-0.93838293, -0.93297845, -0.92662982, ...,  0.        ,
         -0.60104123, -0.71097451],
        [-0.95769075, -0.9619873 , -0.9665557 , ...,  0.60104123,
          0.        , -0.14556077],
        [-0.90559841, -0.91198968, -0.91893118, ...,  0.71097451,
          0.14556077,  0.        ]]]), 'num': array([ 8.04373102e-01,  5.75232243e-01,  7.50051913e-06,  4.96798798e-09,
        3.60284370e-04,  3.87408889e-04,  3.55567063e-04,  1.48630039e-01,
       -7.07596145e-06,  3.44717255e-04,  3.10988506e-04,  2.65938218e-04,
        9.48324730e-07,  3.59466445e-04,  2.62510566e-04])}
{'img': array([[[ 0.        ,  0.02455263,  0.16833879, ...,  0.60499876,
          0.79883542,  0.91756167],
        [-0.02455263,  0.        ,  0.1440858 , ...,  0.62436582,
          0.81336423,  0.92704702],
        [-0.16833879, -0.1440858 ,  0.        , ...,  0.73040073,
          0.88869954,  0.97139773],
        ...,
        [-0.60499876, -0.62436582, -0.73040073, ...,  0.        ,
         -0.27211708, -0.49004326],
        [-0.79883542, -0.81336423, -0.88869954, ...,  0.27211708,
          0.        , -0.23434712],
        [-0.91756167, -0.92704702, -0.97139773, ...,  0.49004326,
          0.23434712,  0.        ]],

       [[ 0.        , -0.09408798,  0.33515721, ...,  0.09408798,
          0.92490913,  0.92412767],
        [ 0.09408798,  0.        ,  0.42231655, ...,  0.        ,
          0.95657727,  0.95597763],
        [-0.33515721, -0.42231655,  0.        , ...,  0.42231655,
          0.7439916 ,  0.74262003],
        ...,
        [-0.09408798, -0.        , -0.42231655, ...,  0.        ,
         -0.95657727, -0.95597763],
        [-0.92490913, -0.95657727, -0.7439916 , ...,  0.95657727,
          0.        , -0.00205033],
        [-0.92412767, -0.95597763, -0.74262003, ...,  0.95597763,
          0.00205033,  0.        ]],

       [[ 0.        ,  0.10524054,  0.22824144, ...,  0.95271162,
          0.81930313,  0.36160646],
        [-0.10524054,  0.        ,  0.1245113 , ...,  0.97940108,
          0.87509415,  0.45771738],
        [-0.22824144, -0.1245113 ,  0.        , ...,  0.99692146,
          0.92854191,  0.56485822],
        ...,
        [-0.95271162, -0.97940108, -0.99692146, ...,  0.        ,
          0.29728083,  0.77835892],
        [-0.81930313, -0.87509415, -0.92854191, ..., -0.29728083,
          0.        ,  0.55653067],
        [-0.36160646, -0.45771738, -0.56485822, ..., -0.77835892,
         -0.55653067,  0.        ]],

       ...,

       [[ 0.        , -0.09677034,  0.10600611, ...,  0.3111458 ,
          0.46974573,  0.24510158],
        [ 0.09677034,  0.        ,  0.20173369, ...,  0.40165239,
          0.55297012,  0.33776985],
        [-0.10600611, -0.20173369,  0.        , ...,  0.20864845,
          0.37351656,  0.1409479 ],
        ...,
        [-0.3111458 , -0.40165239, -0.20864845, ...,  0.        ,
          0.17174852, -0.06871977],
        [-0.46974573, -0.55297012, -0.37351656, ..., -0.17174852,
          0.        , -0.23904116],
        [-0.24510158, -0.33776985, -0.1409479 , ...,  0.06871977,
          0.23904116,  0.        ]],

       [[ 0.        ,  0.20754144,  0.37383056, ...,  0.74276446,
          0.49235872,  0.        ],
        [-0.20754144,  0.        ,  0.1731968 , ...,  0.86555163,
          0.6622807 ,  0.20754144],
        [-0.37383056, -0.1731968 ,  0.        , ...,  0.93921112,
          0.78204052,  0.37383056],
        ...,
        [-0.74276446, -0.86555163, -0.93921112, ...,  0.        ,
          0.31683637,  0.74276446],
        [-0.49235872, -0.6622807 , -0.78204052, ..., -0.31683637,
          0.        ,  0.49235872],
        [-0.        , -0.20754144, -0.37383056, ..., -0.74276446,
         -0.49235872,  0.        ]],

       [[ 0.        , -0.01725259, -0.06307452, ...,  0.9619873 ,
          0.91198968,  0.89347821],
        [ 0.01725259,  0.        , -0.0458469 , ...,  0.9665557 ,
          0.91893118,  0.90109348],
        [ 0.06307452,  0.0458469 ,  0.        , ...,  0.9772971 ,
          0.93604774,  0.92002632],
        ...,
        [-0.9619873 , -0.9665557 , -0.9772971 , ...,  0.        ,
         -0.14556077, -0.18803109],
        [-0.91198968, -0.91893118, -0.93604774, ...,  0.14556077,
          0.        , -0.04306402],
        [-0.89347821, -0.90109348, -0.92002632, ...,  0.18803109,
          0.04306402,  0.        ]]]), 'num': array([ 7.50197784e-01,  6.47996099e-01,  3.39540482e-06, -1.78085887e-09,
        3.31823653e-04,  3.49462119e-04,  3.29618844e-04,  1.31543021e-01,
       -4.96081873e-06,  3.30721249e-04,  2.92660745e-04,  2.50539719e-04,
        8.17717373e-07,  3.41400818e-04,  2.43920672e-04])}
{'img': array([[[ 0.        ,  0.1440858 ,  0.29490466, ...,  0.81336423,
          0.92704702,  0.96657181],
        [-0.1440858 ,  0.        ,  0.15414956, ...,  0.88869954,
          0.97139773,  0.99342886],
        [-0.29490466, -0.15414956,  0.        , ...,  0.94875342,
          0.99639122,  0.99919755],
        ...,
        [-0.81336423, -0.88869954, -0.94875342, ...,  0.        ,
         -0.23434712, -0.3537644 ],
        [-0.92704702, -0.97139773, -0.99639122, ...,  0.23434712,
          0.        , -0.12472016],
        [-0.96657181, -0.99342886, -0.99919755, ...,  0.3537644 ,
          0.12472016,  0.        ]],

       [[ 0.        ,  0.42231655,  0.80570861, ...,  0.95657727,
          0.95597763,  0.94313125],
        [-0.42231655,  0.        ,  0.48019008, ...,  0.7439916 ,
          0.74262003,  0.71451311],
        [-0.80570861, -0.48019008,  0.        , ...,  0.33174528,
          0.32981036,  0.29079393],
        ...,
        [-0.95657727, -0.7439916 , -0.33174528, ...,  0.        ,
         -0.00205033, -0.04308316],
        [-0.95597763, -0.74262003, -0.32981036, ...,  0.00205033,
          0.        , -0.04103464],
        [-0.94313125, -0.71451311, -0.29079393, ...,  0.04308316,
          0.04103464,  0.        ]],

       [[ 0.        ,  0.11995048,  0.24371292, ...,  0.94706508,
          0.83293513,  0.44287788],
        [-0.11995048,  0.        ,  0.12561963, ...,  0.97873625,
          0.8932983 ,  0.54722568],
        [-0.24371292, -0.12561963,  0.        , ...,  0.99675062,
          0.94268356,  0.64803257],
        ...,
        [-0.94706508, -0.97873625, -0.99675062, ...,  0.        ,
          0.25667115,  0.7069392 ],
        [-0.83293513, -0.8932983 , -0.94268356, ..., -0.25667115,
          0.        ,  0.50171898],
        [-0.44287788, -0.54722568, -0.64803257, ..., -0.7069392 ,
         -0.50171898,  0.        ]],

       ...,

       [[ 0.        ,  0.20173369,  0.30620736, ...,  0.55297012,
          0.33776985,  0.11625314],
        [-0.20173369,  0.        ,  0.10786849, ...,  0.37351656,
          0.1409479 , -0.08650283],
        [-0.30620736, -0.10786849,  0.        , ...,  0.27127581,
          0.03333386, -0.19346226],
        ...,
        [-0.55297012, -0.37351656, -0.27127581, ...,  0.        ,
         -0.23904116, -0.45235853],
        [-0.33776985, -0.1409479 , -0.03333386, ...,  0.23904116,
          0.        , -0.22605885],
        [-0.11625314,  0.08650283,  0.19346226, ...,  0.45235853,
          0.22605885,  0.        ]],

       [[ 0.        ,  0.30949507,  0.51298234, ...,  0.61412287,
          0.40424008,  0.        ],
        [-0.30949507,  0.        ,  0.22212513, ...,  0.82822682,
          0.66747289,  0.30949507],
        [-0.51298234, -0.22212513,  0.        , ...,  0.93201357,
          0.81620014,  0.51298234],
        ...,
        [-0.61412287, -0.82822682, -0.93201357, ...,  0.        ,
          0.24267878,  0.61412287],
        [-0.40424008, -0.66747289, -0.81620014, ..., -0.24267878,
          0.        ,  0.40424008],
        [-0.        , -0.30949507, -0.51298234, ..., -0.61412287,
         -0.40424008,  0.        ]],

       [[ 0.        , -0.0458469 , -0.12229963, ...,  0.91893118,
          0.90109348,  0.88513428],
        [ 0.0458469 ,  0.        , -0.07666829, ...,  0.93604774,
          0.92002632,  0.90553774],
        [ 0.12229963,  0.07666829,  0.        , ...,  0.96027013,
          0.94736134,  0.93540016],
        ...,
        [-0.91893118, -0.93604774, -0.96027013, ...,  0.        ,
         -0.04306402, -0.07849866],
        [-0.90109348, -0.92002632, -0.94736134, ...,  0.04306402,
          0.        , -0.03549471],
        [-0.88513428, -0.90553774, -0.93540016, ...,  0.07849866,
