state_0,state_1,state_2,state_3,state_4,state_5,state_6,state_7,state_8,state_9,state_10,state_11,state_12,state_13,state_14,state_15,state_16,state_17,state_18,state_19,state_20,state_21,state_22,state_23,state_24,state_25,state_26,state_27,state_28,state_29,state_30,state_31,state_32,state_33,state_34,state_35,state_36,state_37,state_38,state_39,state_40,state_41,state_42,state_43,state_44,state_45,state_46,state_47,state_48,state_49,state_50,state_51,state_52,state_53,state_54,state_55,state_56,state_57,state_58,state_59,state_60,state_61,state_62,state_63,state_64,state_65,state_66,state_67,state_68,state_69,state_70,state_71,state_72,state_73,state_74,state_75,state_76,state_77,state_78,state_79,state_80,state_81,state_82,state_83,state_84,state_85,state_86,state_87,state_88,state_89,state_90,state_91,state_92,state_93,state_94,state_95,state_96,state_97,state_98,state_99,state_100,state_101,state_102,state_103,state_104,state_105,state_106,state_107,state_108,state_109,state_110,state_111,state_112,state_113,state_114,state_115,state_116,state_117,state_118,state_119,state_120,state_121,state_122,state_123,state_124,state_125,state_126,state_127,state_128,state_129,state_130,state_131,state_132,state_133,state_134,state_135,state_136,state_137,state_138,state_139,state_140,state_141,state_142,state_143,state_144,state_145,state_146,state_147,state_148,state_149,state_150,state_151,state_152,state_153,state_154,state_155,state_156,state_157,state_158,state_159,state_160,state_161,state_162,state_163,state_164,state_165,state_166,state_167,state_168,state_169,state_170,state_171,state_172,state_173,state_174,state_175,state_176,state_177,state_178,state_179,state_180,state_181,state_182,state_183,state_184,state_185,state_186,state_187,state_188,state_189,state_190,state_191,state_192,state_193,state_194,state_195,state_196,state_197,state_198,state_199,state_200,state_201,state_202,state_203,state_204,state_205,state_206,state_207,state_208,state_209,state_210,state_211,state_212,state_213,state_214,state_215,state_216,state_217,state_218,state_219,state_220,state_221,state_222,state_223,state_224,state_225,state_226,state_227,state_228,state_229,state_230,state_231,state_232,state_233,state_234,state_235,state_236,state_237,state_238,state_239,state_240,state_241,state_242,state_243,state_244,state_245,state_246,state_247,state_248,state_249,state_250,state_251,state_252,state_253,state_254,state_255,state_256,state_257,state_258,state_259,state_260,state_261,state_262,state_263,state_264,state_265,state_266,state_267,state_268,state_269,state_270,state_271,state_272,state_273,state_274,state_275,state_276,state_277,state_278,state_279,state_280,state_281,state_282,state_283,state_284,state_285,state_286,state_287
{'img': array([[[ 0.        ,  0.12550863,  0.01564794, ...,  0.53924193,
          0.68536921,  0.817663  ],
        [-0.12550863,  0.        , -0.10996906, ...,  0.42928069,
          0.58855482,  0.73894239],
        [-0.01564794,  0.10996906,  0.        , ...,  0.52599798,
          0.67389053,  0.80855441],
        ...,
        [-0.53924193, -0.42928069, -0.52599798, ...,  0.        ,
          0.18451061,  0.37815559],
        [-0.68536921, -0.58855482, -0.67389053, ..., -0.18451061,
          0.        ,  0.20085362],
        [-0.817663  , -0.73894239, -0.80855441, ..., -0.37815559,
         -0.20085362,  0.        ]],

       [[ 0.        ,  0.03717774,  0.11319602, ...,  0.85820644,
          0.59846139,  0.93420418],
        [-0.03717774,  0.        ,  0.07617898, ...,  0.83852962,
          0.56826265,  0.9202956 ],
        [-0.11319602, -0.07617898,  0.        , ...,  0.79458642,
          0.50392771,  0.88781834],
        ...,
        [-0.85820644, -0.83852962, -0.79458642, ...,  0.        ,
         -0.38036046,  0.17337589],
        [-0.59846139, -0.56826265, -0.50392771, ...,  0.38036046,
          0.        ,  0.53494484],
        [-0.93420418, -0.9202956 , -0.88781834, ..., -0.17337589,
         -0.53494484,  0.        ]],

       [[ 0.        ,  0.03070635,  0.02387144, ...,  0.5020923 ,
          0.6453876 ,  0.66472216],
        [-0.03070635,  0.        , -0.00683742, ...,  0.47530026,
          0.62162806,  0.64146828],
        [-0.02387144,  0.00683742,  0.        , ...,  0.48130487,
          0.62696936,  0.64669861],
        ...,
        [-0.5020923 , -0.47530026, -0.48130487, ...,  0.        ,
          0.17461441,  0.19975259],
        [-0.6453876 , -0.62162806, -0.62696936, ..., -0.17461441,
          0.        ,  0.02558847],
        [-0.66472216, -0.64146828, -0.64669861, ..., -0.19975259,
         -0.02558847,  0.        ]],

       ...,

       [[ 0.        ,  0.10343098, -0.04411574, ..., -0.36495277,
         -0.36495277, -0.2237759 ],
        [-0.10343098,  0.        , -0.14720942, ..., -0.45929234,
         -0.45929234, -0.32338374],
        [ 0.04411574,  0.14720942,  0.        , ..., -0.32352456,
         -0.32352456, -0.18056104],
        ...,
        [ 0.36495277,  0.45929234,  0.32352456, ...,  0.        ,
          0.        ,  0.14735662],
        [ 0.36495277,  0.45929234,  0.32352456, ...,  0.        ,
          0.        ,  0.14735662],
        [ 0.2237759 ,  0.32338374,  0.18056104, ..., -0.14735662,
         -0.14735662,  0.        ]],

       [[ 0.        ,  0.08168965,  0.11158675, ...,  0.90406668,
          0.87332397,  0.79272994],
        [-0.08168965,  0.        ,  0.03003434, ...,  0.93595857,
          0.91019945,  0.83987629],
        [-0.11158675, -0.03003434,  0.        , ...,  0.94611173,
          0.92222815,  0.85579937],
        ...,
        [-0.90406668, -0.93595857, -0.94611173, ...,  0.        ,
          0.06715571,  0.21228865],
        [-0.87332397, -0.91019945, -0.92222815, ..., -0.06715571,
          0.        ,  0.14618437],
        [-0.79272994, -0.83987629, -0.85579937, ..., -0.21228865,
         -0.14618437,  0.        ]],

       [[ 0.        , -0.00395979,  0.01176349, ...,  0.78243755,
          0.78546673,  0.76954611],
        [ 0.00395979,  0.        ,  0.01572291, ...,  0.78489729,
          0.78791131,  0.77206876],
        [-0.01176349, -0.01572291,  0.        , ...,  0.77505794,
          0.77813192,  0.7619808 ],
        ...,
        [-0.78243755, -0.78489729, -0.77505794, ...,  0.        ,
          0.00487933, -0.02043905],
        [-0.78546673, -0.78791131, -0.77813192, ..., -0.00487933,
          0.        , -0.02531711],
        [-0.76954611, -0.77206876, -0.7619808 , ...,  0.02043905,
          0.02531711,  0.        ]]]), 'num': array([7.07104963e-01, 7.07104963e-01, 0.00000000e+00, 0.00000000e+00,
       6.11017529e-04, 6.17176980e-04, 6.01162407e-04, 1.53040181e-03,
       3.69567054e-06, 5.96234847e-04, 5.85086241e-04, 5.46281700e-04,
       1.37057980e-06, 6.32939902e-04, 5.37232579e-04])}
{'img': array([[[ 0.        , -0.10996906, -0.10996906, ...,  0.58855482,
          0.73894239,  0.79921322],
        [ 0.10996906,  0.        ,  0.        , ...,  0.67389053,
          0.80855441,  0.86046264],
        [ 0.10996906,  0.        ,  0.        , ...,  0.67389053,
          0.80855441,  0.86046264],
        ...,
        [-0.58855482, -0.67389053, -0.67389053, ...,  0.        ,
          0.20085362,  0.2923803 ],
        [-0.73894239, -0.80855441, -0.80855441, ..., -0.20085362,
          0.        ,  0.09434522],
        [-0.79921322, -0.86046264, -0.86046264, ..., -0.2923803 ,
         -0.09434522,  0.        ]],

       [[ 0.        ,  0.1069721 ,  0.15235732, ...,  0.59762674,
          0.9340249 ,  0.44204675],
        [-0.1069721 ,  0.        ,  0.04575985, ...,  0.50843007,
          0.89045421,  0.34355718],
        [-0.15235732, -0.04575985,  0.        , ...,  0.46849352,
          0.86869736,  0.30022276],
        ...,
        [-0.59762674, -0.50843007, -0.46849352, ...,  0.        ,
          0.53540031, -0.18164462],
        [-0.9340249 , -0.89045421, -0.86869736, ..., -0.53540031,
          0.        , -0.67991028],
        [-0.44204675, -0.34355718, -0.30022276, ...,  0.18164462,
          0.67991028,  0.        ]],

       [[ 0.        , -0.00683742, -0.01707874, ...,  0.62162806,
          0.64146828,  0.71446667],
        [ 0.00683742,  0.        , -0.01024192, ...,  0.62696936,
          0.64669861,  0.7192339 ],
        [ 0.01707874,  0.01024192,  0.        , ...,  0.63491539,
          0.65447668,  0.72631194],
        ...,
        [-0.62162806, -0.62696936, -0.63491539, ...,  0.        ,
          0.02558847,  0.12471653],
        [-0.64146828, -0.64669861, -0.65447668, ..., -0.02558847,
          0.        ,  0.09928701],
        [-0.71446667, -0.7192339 , -0.72631194, ..., -0.12471653,
         -0.09928701,  0.        ]],

       ...,

       [[ 0.        , -0.14720942, -0.31187738, ..., -0.45929234,
         -0.32338374, -0.21914801],
        [ 0.14720942,  0.        , -0.16861263, ..., -0.32352456,
         -0.18056104, -0.07312947],
        [ 0.31187738,  0.16861263,  0.        , ..., -0.15934786,
         -0.01213457,  0.09607873],
        ...,
        [ 0.45929234,  0.32352456,  0.15934786, ...,  0.        ,
          0.14735662,  0.25346176],
        [ 0.32338374,  0.18056104,  0.01213457, ..., -0.14735662,
          0.        ,  0.10815008],
        [ 0.21914801,  0.07312947, -0.09607873, ..., -0.25346176,
         -0.10815008,  0.        ]],

       [[ 0.        ,  0.02961001,  0.05612145, ...,  0.96735051,
          0.95811304,  0.83340702],
        [-0.02961001,  0.        ,  0.0265335 , ...,  0.97443078,
          0.96617295,  0.84940585],
        [-0.05612145, -0.0265335 ,  0.        , ...,  0.98004946,
          0.97267565,  0.86310959],
        ...,
        [-0.96735051, -0.97443078, -0.98004946, ...,  0.        ,
          0.03421342,  0.32339504],
        [-0.95811304, -0.96617295, -0.97267565, ..., -0.03421342,
          0.        ,  0.29083078],
        [-0.83340702, -0.84940585, -0.86310959, ..., -0.32339504,
         -0.29083078,  0.        ]],

       [[ 0.        ,  0.01572291,  0.02860476, ...,  0.78791131,
          0.77206876,  0.73761101],
        [-0.01572291,  0.        ,  0.01288474, ...,  0.77813192,
          0.7619808 ,  0.72690331],
        [-0.02860476, -0.01288474,  0.        , ...,  0.7699744 ,
          0.75357339,  0.7179945 ],
        ...,
        [-0.78791131, -0.77813192, -0.7699744 , ...,  0.        ,
         -0.02531711, -0.07780556],
        [-0.77206876, -0.7619808 , -0.75357339, ...,  0.02531711,
          0.        , -0.05254026],
        [-0.73761101, -0.72690331, -0.7179945 , ...,  0.07780556,
          0.05254026,  0.        ]]]), 'num': array([ 9.99994362e-01,  8.53583318e-05,  4.24589810e-05, -5.20925163e-10,
        8.64225586e-04,  9.08262559e-04,  8.62390712e-04,  2.28394088e-03,
       -4.58718464e-05,  8.88445921e-04,  8.70097183e-04,  8.14317017e-04,
        2.00168057e-06,  9.40815801e-04,  7.99378564e-04])}
