state_0,state_1,state_2,state_3,state_4,state_5,state_6,state_7,state_8,state_9,state_10,state_11,state_12,state_13,state_14,state_15,state_16,state_17,state_18,state_19,state_20,state_21,state_22,state_23,state_24,state_25,state_26,state_27,state_28,state_29,state_30,state_31,state_32,state_33,state_34,state_35,state_36,state_37,state_38,state_39,state_40,state_41,state_42,state_43,state_44,state_45,state_46,state_47,state_48,state_49,state_50,state_51,state_52,state_53,state_54,state_55,state_56,state_57,state_58,state_59,state_60,state_61,state_62,state_63,state_64,state_65,state_66,state_67,state_68,state_69,state_70,state_71,state_72,state_73,state_74,state_75,state_76,state_77,state_78,state_79,state_80,state_81,state_82,state_83,state_84,state_85,state_86,state_87,state_88,state_89,state_90,state_91,state_92,state_93,state_94,state_95,state_96,state_97,state_98,state_99,state_100,state_101,state_102,state_103,state_104,state_105,state_106,state_107,state_108,state_109,state_110,state_111,state_112,state_113,state_114,state_115,state_116,state_117,state_118,state_119,state_120,state_121,state_122,state_123,state_124,state_125,state_126,state_127,state_128,state_129,state_130,state_131,state_132,state_133,state_134,state_135,state_136,state_137,state_138,state_139,state_140,state_141,state_142,state_143,state_144,state_145,state_146,state_147,state_148,state_149,state_150,state_151,state_152,state_153,state_154,state_155,state_156,state_157,state_158,state_159,state_160,state_161,state_162,state_163,state_164,state_165,state_166,state_167,state_168,state_169,state_170,state_171,state_172,state_173,state_174,state_175,state_176,state_177,state_178,state_179,state_180,state_181,state_182,state_183,state_184,state_185,state_186,state_187,state_188,state_189,state_190,state_191,state_192,state_193,state_194,state_195,state_196,state_197,state_198,state_199,state_200,state_201,state_202,state_203,state_204,state_205,state_206,state_207,state_208,state_209,state_210,state_211,state_212,state_213,state_214,state_215,state_216,state_217,state_218,state_219,state_220,state_221,state_222,state_223,state_224,state_225,state_226,state_227,state_228,state_229,state_230,state_231,state_232,state_233,state_234,state_235,state_236,state_237,state_238,state_239,state_240,state_241,state_242,state_243,state_244,state_245,state_246,state_247,state_248,state_249,state_250,state_251,state_252,state_253,state_254,state_255,state_256,state_257,state_258,state_259,state_260,state_261,state_262,state_263,state_264,state_265,state_266,state_267,state_268,state_269,state_270,state_271,state_272,state_273,state_274,state_275,state_276,state_277,state_278,state_279,state_280,state_281,state_282,state_283,state_284,state_285,state_286,state_287
{'img': array([[[ 0.        ,  0.13455999,  0.00601054, ...,  0.62357277,
          0.71071969,  0.6894702 ],
        [-0.13455999,  0.        , -0.12860169, ...,  0.51270732,
          0.60959638,  0.58573608],
        [-0.00601054,  0.12860169,  0.        , ...,  0.61886267,
          0.70647858,  0.68510423],
        ...,
        [-0.62357277, -0.51270732, -0.61886267, ...,  0.        ,
          0.11694794,  0.08734136],
        [-0.71071969, -0.60959638, -0.70647858, ..., -0.11694794,
          0.        , -0.02975899],
        [-0.6894702 , -0.58573608, -0.68510423, ..., -0.08734136,
          0.02975899,  0.        ]],

       [[ 0.        ,  0.09108873,  0.01620115, ..., -0.36384312,
         -0.01508463, -0.45827229],
        [-0.09108873,  0.        , -0.07494298, ..., -0.44717607,
         -0.10610028, -0.53732789],
        [-0.01620115,  0.07494298,  0.        , ..., -0.37888609,
         -0.03128195, -0.47261191],
        ...,
        [ 0.36384312,  0.44717607,  0.37888609, ...,  0.        ,
          0.34975099, -0.10347434],
        [ 0.01508463,  0.10610028,  0.03128195, ..., -0.34975099,
          0.        , -0.44481275],
        [ 0.45827229,  0.53732789,  0.47261191, ...,  0.10347434,
          0.44481275,  0.        ]],

       [[ 0.        , -0.05722239, -0.15092434, ...,  0.61004183,
          0.68243787,  0.63949753],
        [ 0.05722239,  0.        , -0.09411013, ...,  0.65438351,
          0.72314601,  0.68244186],
        [ 0.15092434,  0.09411013,  0.        , ...,  0.7226418 ,
          0.78493795,  0.74820189],
        ...,
        [-0.61004183, -0.65438351, -0.7226418 , ...,  0.        ,
          0.09483658,  0.03772217],
        [-0.68243787, -0.72314601, -0.78493795, ..., -0.09483658,
          0.        , -0.05721694],
        [-0.63949753, -0.68244186, -0.74820189, ..., -0.03772217,
          0.05721694,  0.        ]],

       ...,

       [[ 0.        ,  0.20620595, -0.50212047, ...,  0.35167216,
          0.42375305,  0.47413878],
        [-0.20620595,  0.        , -0.66965563, ...,  0.15108006,
          0.22786924,  0.28239483],
        [ 0.50212047,  0.66965563,  0.        , ...,  0.7741719 ,
          0.82127021,  0.85212615],
        ...,
        [-0.35167216, -0.15108006, -0.7741719 , ...,  0.        ,
          0.07814825,  0.13422254],
        [-0.42375305, -0.22786924, -0.82127021, ..., -0.07814825,
          0.        ,  0.05637095],
        [-0.47413878, -0.28239483, -0.85212615, ..., -0.13422254,
         -0.05637095,  0.        ]],

       [[ 0.        ,  0.01367507,  0.04614932, ...,  0.52275167,
          0.34460605,  0.23616301],
        [-0.01367507,  0.        ,  0.03248451, ...,  0.51104499,
          0.33173639,  0.22285267],
        [-0.04614932, -0.03248451,  0.        , ...,  0.4828531 ,
          0.30091633,  0.19106747],
        ...,
        [-0.52275167, -0.51104499, -0.4828531 , ...,  0.        ,
         -0.19696028, -0.3066394 ],
        [-0.34460605, -0.33173639, -0.30091633, ...,  0.19696028,
          0.        , -0.11316092],
        [-0.23616301, -0.22285267, -0.19106747, ...,  0.3066394 ,
          0.11316092,  0.        ]],

       [[ 0.        , -0.12719926, -0.27860413, ...,  0.20847145,
          0.44441264,  0.72414741],
        [ 0.12719926,  0.        , -0.15417814, ...,  0.33118256,
          0.55475067,  0.80598765],
        [ 0.27860413,  0.15417814,  0.        , ...,  0.4727    ,
          0.67639634,  0.88761354],
        ...,
        [-0.20847145, -0.33118256, -0.4727    , ...,  0.        ,
          0.24789485,  0.56446544],
        [-0.44441264, -0.55475067, -0.67639634, ..., -0.24789485,
          0.        ,  0.34222027],
        [-0.72414741, -0.80598765, -0.88761354, ..., -0.56446544,
         -0.34222027,  0.        ]]]), 'num': array([7.07087982e-01, 7.07087982e-01, 0.00000000e+00, 0.00000000e+00,
       2.17701999e-03, 2.17828717e-03, 2.12253113e-03, 4.14229374e-03,
       4.68857622e-05, 2.13824419e-03, 2.10852876e-03, 2.02316288e-03,
       7.60309658e-07, 2.20395856e-03, 2.01309896e-03])}
{'img': array([[[ 0.        , -0.12860169, -0.49519946, ...,  0.60959638,
          0.58573608,  0.75575507],
        [ 0.12860169,  0.        , -0.379361  , ...,  0.70647858,
          0.68510423,  0.83369491],
        [ 0.49519946,  0.379361  ,  0.        , ...,  0.92215526,
          0.91023547,  0.98086791],
        ...,
        [-0.60959638, -0.70647858, -0.92215526, ...,  0.        ,
         -0.02975899,  0.19989923],
        [-0.58573608, -0.68510423, -0.91023547, ...,  0.02975899,
          0.        ,  0.22896904],
        [-0.75575507, -0.83369491, -0.98086791, ..., -0.19989923,
         -0.22896904,  0.        ]],

       [[ 0.        , -0.07494298,  0.78022948, ..., -0.10610028,
         -0.53732789, -0.34229948],
        [ 0.07494298,  0.        ,  0.82491167, ..., -0.03128195,
         -0.47261191, -0.27092114],
        [-0.78022948, -0.82491167,  0.        , ..., -0.84219044,
         -0.99411984, -0.94720258],
        ...,
        [ 0.10610028,  0.03128195,  0.84219044, ...,  0.        ,
         -0.44481275, -0.24067649],
        [ 0.53732789,  0.47261191,  0.99411984, ...,  0.44481275,
          0.        ,  0.21618211],
        [ 0.34229948,  0.27092114,  0.94720258, ...,  0.24067649,
         -0.21618211,  0.        ]],

       [[ 0.        , -0.09411013, -0.20582566, ...,  0.72314601,
          0.68244186,  0.71333932],
        [ 0.09411013,  0.        , -0.11281706, ...,  0.78493795,
          0.74820189,  0.77612752],
        [ 0.20582566,  0.11281706,  0.        , ...,  0.84982529,
          0.81827606,  0.84231228],
        ...,
        [-0.72314601, -0.78493795, -0.84982529, ...,  0.        ,
         -0.05721694, -0.01409428],
        [-0.68244186, -0.74820189, -0.81827606, ...,  0.05721694,
          0.        ,  0.04314006],
        [-0.71333932, -0.77612752, -0.84231228, ...,  0.01409428,
         -0.04314006,  0.        ]],

       ...,

       [[ 0.        , -0.66965563, -0.76205256, ...,  0.22786924,
          0.28239483,  0.47314681],
        [ 0.66965563,  0.        , -0.13234273, ...,  0.82127021,
          0.85212615,  0.9413484 ],
        [ 0.76205256,  0.13234273,  0.        , ...,  0.88955308,
          0.91389064,  0.97772554],
        ...,
        [-0.22786924, -0.82127021, -0.88955308, ...,  0.        ,
          0.05637095,  0.25995007],
        [-0.28239483, -0.85212615, -0.91389064, ..., -0.05637095,
          0.        ,  0.20510369],
        [-0.47314681, -0.9413484 , -0.97772554, ..., -0.25995007,
         -0.20510369,  0.        ]],

       [[ 0.        ,  0.03248451,  0.1147717 , ...,  0.33173639,
          0.22285267,  0.15154036],
        [-0.03248451,  0.        ,  0.08244128, ...,  0.30091633,
          0.19106747,  0.11935103],
        [-0.1147717 , -0.08244128,  0.        , ...,  0.22127181,
          0.1094946 ,  0.03709275],
        ...,
        [-0.33173639, -0.30091633, -0.22127181, ...,  0.        ,
         -0.11316092, -0.18494624],
        [-0.22285267, -0.19106747, -0.1094946 , ...,  0.11316092,
          0.        , -0.07254952],
        [-0.15154036, -0.11935103, -0.03709275, ...,  0.18494624,
          0.07254952,  0.        ]],

       [[ 0.        , -0.14592004, -0.42510747, ...,  0.48873901,
          0.61335776,  0.8356723 ],
        [ 0.14592004,  0.        , -0.2884788 , ...,  0.61081276,
          0.72204102,  0.90687101],
        [ 0.42510747,  0.2884788 ,  0.        , ...,  0.81325516,
          0.8909285 ,  0.98988392],
        ...,
        [-0.48873901, -0.61081276, -0.81325516, ...,  0.        ,
          0.14910312,  0.46063629],
        [-0.61335776, -0.72204102, -0.8909285 , ..., -0.14910312,
          0.        ,  0.32314485],
        [-0.8356723 , -0.90687101, -0.98988392, ..., -0.46063629,
         -0.32314485,  0.        ]]]), 'num': array([ 9.88896174e-01,  1.48246959e-01,  4.88465552e-06, -2.13518135e-10,
        3.04583049e-03,  3.08830576e-03,  3.01928345e-03,  6.01596652e-03,
        5.30940818e-06,  2.99875374e-03,  2.94583664e-03,  2.83009154e-03,
        1.06627866e-06,  3.08174320e-03,  2.80993008e-03])}
{'img': array([[[ 0.        , -0.379361  , -0.379361  , ...,  0.68510423,
          0.83369491,  0.84465026],
        [ 0.379361  ,  0.        ,  0.        , ...,  0.91023547,
          0.98086791,  0.98459057],
        [ 0.379361  ,  0.        ,  0.        , ...,  0.91023547,
          0.98086791,  0.98459057],
        ...,
        [-0.68510423, -0.91023547, -0.91023547, ...,  0.        ,
          0.22896904,  0.24853231],
        [-0.83369491, -0.98086791, -0.98086791, ..., -0.22896904,
          0.        ,  0.02014492],
        [-0.84465026, -0.98459057, -0.98459057, ..., -0.24853231,
         -0.02014492,  0.        ]],

       [[ 0.        ,  0.82491167,  0.16889187, ..., -0.47261191,
         -0.27092114, -0.22305538],
        [-0.82491167,  0.        , -0.71759337, ..., -0.99411984,
         -0.94720258, -0.93021331],
        [-0.16889187,  0.71759337,  0.        , ..., -0.6146621 ,
         -0.42960482, -0.38448787],
        ...,
        [ 0.47261191,  0.99411984,  0.6146621 , ...,  0.        ,
          0.21618211,  0.26413266],
        [ 0.27092114,  0.94720258,  0.42960482, ..., -0.21618211,
          0.        ,  0.04938203],
        [ 0.22305538,  0.93021331,  0.38448787, ..., -0.26413266,
         -0.04938203,  0.        ]],

       [[ 0.        , -0.11281706, -0.24239663, ...,  0.74820189,
          0.77612752,  0.80991086],
        [ 0.11281706,  0.        , -0.13139657, ...,  0.81827606,
          0.84231228,  0.87091339],
        [ 0.24239663,  0.13139657,  0.        , ...,  0.88671161,
          0.90583075,  0.92793555],
        ...,
        [-0.74820189, -0.81827606, -0.88671161, ...,  0.        ,
          0.04314006,  0.09849243],
        [-0.77612752, -0.84231228, -0.90583075, ..., -0.04314006,
          0.        ,  0.05547043],
        [-0.80991086, -0.87091339, -0.92793555, ..., -0.09849243,
         -0.05547043,  0.        ]],

       ...,

       [[ 0.        , -0.13234273, -0.12589156, ...,  0.85212615,
          0.9413484 ,  0.94380755],
        [ 0.13234273,  0.        ,  0.0065056 , ...,  0.91389064,
          0.97772554,  0.97924452],
        [ 0.12589156, -0.0065056 ,  0.        , ...,  0.91123028,
          0.97633941,  0.97790522],
        ...,
        [-0.85212615, -0.91389064, -0.91123028, ...,  0.        ,
          0.20510369,  0.21230497],
        [-0.9413484 , -0.97772554, -0.97633941, ..., -0.20510369,
          0.        ,  0.00736338],
        [-0.94380755, -0.97924452, -0.97790522, ..., -0.21230497,
         -0.00736338,  0.        ]],

       [[ 0.        ,  0.08244128,  0.12224048, ...,  0.19106747,
          0.11935103,  0.13629544],
        [-0.08244128,  0.        ,  0.04000135, ...,  0.1094946 ,
          0.03709275,  0.05415952],
        [-0.12224048, -0.04000135,  0.        , ...,  0.06964613,
         -0.00291076,  0.01417353],
        ...,
        [-0.19106747, -0.1094946 , -0.06964613, ...,  0.        ,
         -0.07254952, -0.05550002],
        [-0.11935103, -0.03709275,  0.00291076, ...,  0.07254952,
          0.        ,  0.01708394],
        [-0.13629544, -0.05415952, -0.01417353, ...,  0.05550002,
         -0.01708394,  0.        ]],

       [[ 0.        , -0.2884788 , -0.50098206, ...,  0.72204102,
          0.90687101,  0.83740735],
        [ 0.2884788 ,  0.        , -0.23001725, ...,  0.8909285 ,
          0.98988392,  0.95948259],
        [ 0.50098206,  0.23001725,  0.        , ...,  0.9715005 ,
          0.99597648,  0.99856704],
        ...,
        [-0.72204102, -0.8909285 , -0.9715005 , ...,  0.        ,
          0.32314485,  0.18470782],
        [-0.90687101, -0.98988392, -0.99597648, ..., -0.32314485,
          0.        , -0.14278649],
        [-0.83740735, -0.95948259, -0.99856704, ..., -0.18470782,
          0.14278649,  0.        ]]]), 'num': array([7.67509223e-01, 6.40982696e-01, 7.27582098e-07, 3.21106430e-10,
       2.38729296e-03, 2.39415694e-03, 2.34473627e-03, 5.27071454e-03,
       2.47103354e-05, 2.34610907e-03, 2.28749066e-03, 2.19960881e-03,
       9.18084667e-07, 2.39983910e-03, 2.17514222e-03])}
{'img': array([[[ 0.        ,  0.        ,  0.02321167, ...,  0.98086791,
          0.98459057,  0.998848  ],
        [ 0.        ,  0.        ,  0.02321167, ...,  0.98086791,
          0.98459057,  0.998848  ],
        [-0.02321167, -0.02321167,  0.        , ...,  0.97608492,
          0.98026614,  0.99746505],
        ...,
        [-0.98086791, -0.98086791, -0.97608492, ...,  0.        ,
          0.02014492,  0.14738217],
        [-0.98459057, -0.98459057, -0.98026614, ..., -0.02014492,
          0.        ,  0.12742734],
        [-0.998848  , -0.998848  , -0.99746505, ..., -0.14738217,
         -0.12742734,  0.        ]],

       [[ 0.        , -0.71759337, -0.72196946, ..., -0.94720258,
         -0.93021331, -0.8696408 ],
        [ 0.71759337,  0.        , -0.00630378, ..., -0.42960482,
         -0.38448787, -0.25140696],
        [ 0.72196946,  0.00630378,  0.        , ..., -0.42390386,
         -0.37866102, -0.24530065],
        ...,
        [ 0.94720258,  0.42960482,  0.42390386, ...,  0.        ,
          0.04938203,  0.18878178],
        [ 0.93021331,  0.38448787,  0.37866102, ..., -0.04938203,
          0.        ,  0.14005736],
        [ 0.8696408 ,  0.25140696,  0.24530065, ..., -0.18878178,
         -0.14005736,  0.        ]],

       [[ 0.        , -0.13139657, -0.22251619, ...,  0.84231228,
          0.87091339,  0.92461947],
        [ 0.13139657,  0.        , -0.09248462, ...,  0.90583075,
          0.92793555,  0.96665084],
        [ 0.22251619,  0.09248462,  0.        , ...,  0.94112863,
          0.9584313 ,  0.986193  ],
        ...,
        [-0.84231228, -0.90583075, -0.94112863, ...,  0.        ,
          0.05547043,  0.17753034],
        [-0.87091339, -0.92793555, -0.9584313 , ..., -0.05547043,
          0.        ,  0.1226677 ],
        [-0.92461947, -0.96665084, -0.986193  , ..., -0.17753034,
         -0.1226677 ,  0.        ]],

       ...,

       [[ 0.        ,  0.0065056 ,  0.11002501, ...,  0.97772554,
          0.97924452,  0.99998792],
        [-0.0065056 ,  0.        ,  0.10355658, ...,  0.97633941,
          0.97790522,  0.99999873],
        [-0.11002501, -0.10355658,  0.        , ...,  0.94869672,
          0.95099921,  0.99445757],
        ...,
        [-0.97772554, -0.97633941, -0.94869672, ...,  0.        ,
          0.00736338,  0.21469033],
        [-0.97924452, -0.97790522, -0.95099921, ..., -0.00736338,
          0.        ,  0.20749283],
        [-0.99998792, -0.99999873, -0.99445757, ..., -0.21469033,
         -0.20749283,  0.        ]],

       [[ 0.        ,  0.04000135,  0.03396875, ...,  0.03709275,
          0.05415952,  0.11198693],
        [-0.04000135,  0.        , -0.00603671, ..., -0.00291076,
          0.01417353,  0.07214757],
        [-0.03396875,  0.00603671,  0.        , ...,  0.00312597,
          0.02020937,  0.07816723],
        ...,
        [-0.03709275,  0.00291076, -0.00312597, ...,  0.        ,
          0.01708394,  0.07505044],
        [-0.05415952, -0.01417353, -0.02020937, ..., -0.01708394,
          0.        ,  0.05800373],
        [-0.11198693, -0.07214757, -0.07816723, ..., -0.07505044,
         -0.05800373,  0.        ]],

       [[ 0.        , -0.23001725, -0.40752882, ...,  0.98988392,
          0.95948259,  0.90196164],
        [ 0.23001725,  0.        , -0.18655157, ...,  0.99597648,
          0.99856704,  0.97710211],
        [ 0.40752882,  0.18655157,  0.        , ...,  0.96177445,
          0.9910207 ,  0.999642  ],
        ...,
        [-0.98988392, -0.99597648, -0.96177445, ...,  0.        ,
         -0.14278649, -0.2994779 ],
        [-0.95948259, -0.99856704, -0.9910207 , ...,  0.14278649,
          0.        , -0.16017625],
        [-0.90196164, -0.97710211, -0.999642  , ...,  0.2994779 ,
          0.16017625,  0.        ]]]), 'num': array([9.99923283e-01, 1.39770395e-03, 5.61284755e-06, 3.19110491e-09,
       3.11067158e-03, 3.13689984e-03, 3.04247811e-03, 8.94423868e-03,
       6.99420255e-05, 3.02079608e-03, 2.92235268e-03, 2.81009573e-03,
       1.33122284e-06, 3.08920546e-03, 2.75549990e-03])}
{'img': array([[[ 0.        ,  0.02321167, -0.27259889, ...,  0.98459057,
          0.998848  ,  0.94879293],
        [-0.02321167,  0.        , -0.29485804, ...,  0.98026614,
          0.99746505,  0.95586983],
        [ 0.27259889,  0.29485804,  0.        , ...,  0.99497277,
          0.97410035,  0.82674639],
        ...,
        [-0.98459057, -0.98026614, -0.99497277, ...,  0.        ,
          0.12742734,  0.47695144],
        [-0.998848  , -0.99746505, -0.97410035, ..., -0.12742734,
          0.        ,  0.36106362],
        [-0.94879293, -0.95586983, -0.82674639, ..., -0.47695144,
         -0.36106362,  0.        ]],

       [[ 0.        , -0.00630378, -0.01240121, ..., -0.38448787,
         -0.25140696,  0.05195789],
        [ 0.00630378,  0.        , -0.00609766, ..., -0.37866102,
         -0.24530065,  0.05825213],
        [ 0.01240121,  0.00609766,  0.        , ..., -0.37301038,
         -0.23938473,  0.06433835],
        ...,
        [ 0.38448787,  0.37866102,  0.37301038, ...,  0.        ,
          0.14005736,  0.43193243],
        [ 0.25140696,  0.24530065,  0.23938473, ..., -0.14005736,
          0.        ,  0.30135647],
        [-0.05195789, -0.05825213, -0.06433835, ..., -0.43193243,
         -0.30135647,  0.        ]],

       [[ 0.        , -0.09248462, -0.30537736, ...,  0.92793555,
          0.96665084,  0.99677373],
        [ 0.09248462,  0.        , -0.21600179, ...,  0.9584313 ,
          0.986193  ,  0.99992475],
        [ 0.30537736,  0.21600179,  0.        , ...,  0.99743595,
          0.99868181,  0.97366971],
        ...,
        [-0.92793555, -0.9584313 , -0.99743595, ...,  0.        ,
          0.1226677 ,  0.29705939],
        [-0.96665084, -0.986193  , -0.99868181, ..., -0.1226677 ,
          0.        ,  0.17768558],
        [-0.99677373, -0.99992475, -0.97366971, ..., -0.29705939,
         -0.17768558,  0.        ]],

       ...,

       [[ 0.        ,  0.10355658,  0.01487304, ...,  0.97790522,
          0.99999873,  0.93003391],
        [-0.10355658,  0.        , -0.08875205, ...,  0.95099921,
          0.99445757,  0.96308796],
        [-0.01487304,  0.08875205,  0.        , ...,  0.97468787,
          0.99986447,  0.93539649],
        ...,
        [-0.97790522, -0.95099921, -0.97468787, ...,  0.        ,
          0.20749283,  0.55377687],
        [-0.99999873, -0.99445757, -0.99986447, ..., -0.20749283,
          0.        ,  0.36895274],
        [-0.93003391, -0.96308796, -0.93539649, ..., -0.55377687,
         -0.36895274,  0.        ]],

       [[ 0.        , -0.00603671,  0.03203291, ...,  0.01417353,
          0.07214757,  0.23317922],
        [ 0.00603671,  0.        ,  0.03806594, ...,  0.02020937,
          0.07816723,  0.23904527],
        [-0.03203291, -0.03806594,  0.        , ..., -0.01786344,
          0.04016111,  0.20190967],
        ...,
        [-0.01417353, -0.02020937,  0.01786344, ...,  0.        ,
          0.05800373,  0.21937298],
        [-0.07214757, -0.07816723, -0.04016111, ..., -0.05800373,
          0.        ,  0.16241281],
        [-0.23317922, -0.23904527, -0.20190967, ..., -0.21937298,
         -0.16241281,  0.        ]],

       [[ 0.        , -0.18655157, -0.43909011, ...,  0.99856704,
          0.97710211,  0.90214891],
        [ 0.18655157,  0.        , -0.263776  , ...,  0.9910207 ,
          0.999642  ,  0.96679481],
        [ 0.43909011,  0.263776  ,  0.        , ...,  0.92065358,
          0.97129619,  0.99996375],
        ...,
        [-0.99856704, -0.9910207 , -0.92065358, ...,  0.        ,
         -0.16017625, -0.38252791],
        [-0.97710211, -0.999642  , -0.97129619, ...,  0.16017625,
          0.        , -0.229595  ],
        [-0.90214891, -0.96679481, -0.99996375, ...,  0.38252791,
          0.229595  ,  0.        ]]]), 'num': array([7.07087324e-01, 7.07087324e-01, 0.00000000e+00, 2.86779945e-08,
       2.22311394e-03, 2.22930646e-03, 2.19834387e-03, 4.31552860e-03,
       1.98160574e-05, 2.16787668e-03, 2.07690859e-03, 1.99669485e-03,
       9.62083948e-07, 2.21266684e-03, 1.94115035e-03])}
{'img': array([[[ 0.        , -0.29485804, -0.38858165, ...,  0.99746505,
          0.95586983,  0.83724543],
        [ 0.29485804,  0.        , -0.09961932, ...,  0.97410035,
          0.82674639,  0.63878598],
        [ 0.38858165,  0.09961932,  0.        , ...,  0.94672928,
          0.76659052,  0.55896286],
        ...,
        [-0.99746505, -0.97410035, -0.94672928, ...,  0.        ,
          0.36106362,  0.60501788],
        [-0.95586983, -0.82674639, -0.76659052, ..., -0.36106362,
          0.        ,  0.27672094],
        [-0.83724543, -0.63878598, -0.55896286, ..., -0.60501788,
         -0.27672094,  0.        ]],

       [[ 0.        , -0.00609766,  0.46035679, ..., -0.24530065,
          0.05825213, -0.35080314],
        [ 0.00609766,  0.        ,  0.46576133, ..., -0.23938473,
          0.06433835, -0.34508647],
        [-0.46035679, -0.46576133,  0.        , ..., -0.66405326,
         -0.40786266, -0.74252063],
        ...,
        [ 0.24530065,  0.23938473,  0.66405326, ...,  0.        ,
          0.30135647, -0.11037346],
        [-0.05825213, -0.06433835,  0.40786266, ..., -0.30135647,
          0.        , -0.4047576 ],
        [ 0.35080314,  0.34508647,  0.74252063, ...,  0.11037346,
          0.4047576 ,  0.        ]],

       [[ 0.        , -0.21600179, -0.46442456, ...,  0.986193  ,
          0.99992475,  0.95197241],
        [ 0.21600179,  0.        , -0.26216696, ...,  0.99868181,
          0.97366971,  0.86336292],
        [ 0.46442456,  0.26216696,  0.        , ...,  0.95029374,
          0.87984876,  0.70087956],
        ...,
        [-0.986193  , -0.99868181, -0.95029374, ...,  0.        ,
          0.17768558,  0.45960297],
        [-0.99992475, -0.97366971, -0.87984876, ..., -0.17768558,
          0.        ,  0.29448253],
        [-0.95197241, -0.86336292, -0.70087956, ..., -0.45960297,
         -0.29448253,  0.        ]],

       ...,

       [[ 0.        , -0.08875205, -0.18558221, ...,  0.99445757,
          0.96308796,  0.93540058],
        [ 0.08875205,  0.        , -0.09763954, ...,  0.99986447,
          0.93539649,  0.90032744],
        [ 0.18558221,  0.09763954,  0.        , ...,  0.99669446,
          0.89640162,  0.85353152],
        ...,
        [-0.99445757, -0.99986447, -0.99669446, ...,  0.        ,
          0.36895274,  0.44997684],
        [-0.96308796, -0.93539649, -0.89640162, ..., -0.36895274,
          0.        ,  0.08874051],
        [-0.93540058, -0.90032744, -0.85353152, ..., -0.44997684,
         -0.08874051,  0.        ]],

       [[ 0.        ,  0.03806594,  0.07553848, ...,  0.07816723,
          0.23904527,  0.41761925],
        [-0.03806594,  0.        ,  0.03752656, ...,  0.04016111,
          0.20190967,  0.38272902],
        [-0.07553848, -0.03752656,  0.        , ...,  0.00263655,
          0.16501379,  0.34779013],
        ...,
        [-0.07816723, -0.04016111, -0.00263655, ...,  0.        ,
          0.16241281,  0.34531697],
        [-0.23904527, -0.20190967, -0.16501379, ..., -0.16241281,
          0.        ,  0.18830999],
        [-0.41761925, -0.38272902, -0.34779013, ..., -0.34531697,
         -0.18830999,  0.        ]],

       [[ 0.        , -0.263776  , -0.53565243, ...,  0.999642  ,
          0.96679481,  0.91280985],
        [ 0.263776  ,  0.        , -0.29393912, ...,  0.97129619,
          0.99996375,  0.98820386],
        [ 0.53565243,  0.29393912,  0.        , ...,  0.85846808,
          0.95328688,  0.98956416],
        ...,
        [-0.999642  , -0.97129619, -0.85846808, ...,  0.        ,
         -0.229595  , -0.38381562],
        [-0.96679481, -0.99996375, -0.95328688, ...,  0.229595  ,
          0.        , -0.16155221],
        [-0.91280985, -0.98820386, -0.98956416, ...,  0.38381562,
          0.16155221,  0.        ]]]), 'num': array([ 8.99698098e-01,  4.36385661e-01,  2.58833764e-06,  3.64268246e-08,
        2.82507584e-03,  2.85506268e-03,  2.80140202e-03,  7.16879565e-03,
       -7.89127329e-06,  2.78530382e-03,  2.65651824e-03,  2.55224822e-03,
        1.25884598e-06,  2.84582092e-03,  2.46721556e-03])}
{'img': array([[[ 0.        , -0.09961932, -0.48847806, ...,  0.82674639,
          0.63878598,  0.72372474],
        [ 0.09961932,  0.        , -0.39912274, ...,  0.76659052,
          0.55896286,  0.65137849],
        [ 0.48847806,  0.39912274,  0.        , ...,  0.44659376,
          0.18156199,  0.29441175],
        ...,
        [-0.82674639, -0.76659052, -0.44659376, ...,  0.        ,
          0.27672094,  0.16337909],
        [-0.63878598, -0.55896286, -0.18156199, ..., -0.27672094,
          0.        , -0.11600356],
        [-0.72372474, -0.65137849, -0.29441175, ..., -0.16337909,
          0.11600356,  0.        ]],

       [[ 0.        ,  0.46576133,  0.19196514, ...,  0.06433835,
         -0.34508647, -0.06156688],
        [-0.46576133,  0.        , -0.28722704, ..., -0.40786266,
         -0.74252063, -0.51935893],
        [-0.19196514,  0.28722704,  0.        , ..., -0.12842564,
         -0.51884135, -0.25202281],
        ...,
        [-0.06433835,  0.40786266,  0.12842564, ...,  0.        ,
         -0.4047576 , -0.12565562],
        [ 0.34508647,  0.74252063,  0.51884135, ...,  0.4047576 ,
          0.        ,  0.28664695],
        [ 0.06156688,  0.51935893,  0.25202281, ...,  0.12565562,
         -0.28664695,  0.        ]],

       [[ 0.        , -0.2607859 , -0.59964237, ...,  0.97885246,
          0.88477829,  0.59964237],
        [ 0.2607859 ,  0.        , -0.37019411, ...,  0.89163259,
          0.7326326 ,  0.37019411],
        [ 0.59964237,  0.37019411,  0.        , ...,  0.66067707,
          0.42861917,  0.        ],
        ...,
        [-0.97885246, -0.89163259, -0.66067707, ...,  0.        ,
          0.27516033,  0.66067707],
        [-0.88477829, -0.7326326 , -0.42861917, ..., -0.27516033,
          0.        ,  0.42861917],
        [-0.59964237, -0.37019411, -0.        , ..., -0.66067707,
         -0.42861917,  0.        ]],

       ...,

       [[ 0.        , -0.09763954, -0.0996947 , ...,  0.93539649,
          0.90032744,  0.82083721],
        [ 0.09763954,  0.        , -0.00206523, ...,  0.89640162,
          0.85353152,  0.7611471 ],
        [ 0.0996947 ,  0.00206523,  0.        , ...,  0.89548431,
          0.85245363,  0.75980601],
        ...,
        [-0.93539649, -0.89640162, -0.89548431, ...,  0.        ,
          0.08874051,  0.24401458],
        [-0.90032744, -0.85353152, -0.85245363, ..., -0.08874051,
          0.        ,  0.15699387],
        [-0.82083721, -0.7611471 , -0.75980601, ..., -0.24401458,
         -0.15699387,  0.        ]],

       [[ 0.        ,  0.03752656, -0.03272153, ...,  0.20190967,
          0.38272902,  0.54268691],
        [-0.03752656,  0.        , -0.07020494, ...,  0.16501379,
          0.34779013,  0.51078479],
        [ 0.03272153,  0.07020494,  0.        , ...,  0.23384915,
          0.4127542 ,  0.56988026],
        ...,
        [-0.20190967, -0.16501379, -0.23384915, ...,  0.        ,
          0.18830999,  0.3619188 ],
        [-0.38272902, -0.34779013, -0.4127542 , ..., -0.18830999,
          0.        ,  0.17989956],
        [-0.54268691, -0.51078479, -0.56988026, ..., -0.3619188 ,
         -0.17989956,  0.        ]],

       [[ 0.        , -0.29393912, -0.63153476, ...,  0.99996375,
          0.98820386,  0.97572141],
        [ 0.29393912,  0.        , -0.37573119, ...,  0.95328688,
          0.98956416,  0.99699527],
        [ 0.63153476,  0.37573119,  0.        , ...,  0.76994253,
          0.8629173 ,  0.89483904],
        ...,
        [-0.99996375, -0.95328688, -0.76994253, ...,  0.        ,
         -0.16155221, -0.2273148 ],
        [-0.98820386, -0.98956416, -0.8629173 , ...,  0.16155221,
          0.        , -0.06700584],
        [-0.97572141, -0.99699527, -0.89483904, ...,  0.2273148 ,
          0.06700584,  0.        ]]]), 'num': array([ 7.69869776e-01,  6.38119847e-01,  7.61120331e-07,  2.85991793e-08,
        2.35267731e-03,  2.43286677e-03,  2.35267731e-03,  7.75510942e-03,
       -8.01894635e-05,  2.40133464e-03,  2.29294295e-03,  2.20405497e-03,
        8.72914666e-07,  2.45724642e-03,  2.12863949e-03])}
{'img': array([[[ 0.        , -0.39912274,  0.47449083, ...,  0.55896286,
          0.65137849,  0.96391466],
        [ 0.39912274,  0.        ,  0.78639142, ...,  0.18156199,
          0.29441175,  0.77755991],
        [-0.47449083, -0.78639142,  0.        , ...,  0.88547722,
          0.93340404,  0.97481083],
        ...,
        [-0.55896286, -0.18156199, -0.88547722, ...,  0.        ,
         -0.11600356, -0.65046869],
        [-0.65137849, -0.29441175, -0.93340404, ...,  0.11600356,
          0.        , -0.5579687 ],
        [-0.96391466, -0.77755991, -0.97481083, ...,  0.65046869,
          0.5579687 ,  0.        ]],

       [[ 0.        , -0.28722704,  0.9754273 , ..., -0.74252063,
         -0.51935893, -0.29710792],
        [ 0.28722704,  0.        ,  0.87104296, ..., -0.51884135,
         -0.25202281, -0.01033156],
        [-0.9754273 , -0.87104296,  0.        , ..., -0.48977054,
         -0.71913149, -0.86592154],
        ...,
        [ 0.74252063,  0.51884135,  0.48977054, ...,  0.        ,
          0.28664695,  0.50998152],
        [ 0.51935893,  0.25202281,  0.71913149, ..., -0.28664695,
          0.        ,  0.24201129],
        [ 0.29710792,  0.01033156,  0.86592154, ..., -0.50998152,
         -0.24201129,  0.        ]],

       [[ 0.        , -0.36900495, -0.17031407, ...,  0.75101954,
          0.51525947,  0.36900495],
        [ 0.36900495,  0.        ,  0.20531915, ...,  0.45437158,
          0.16264641,  0.        ],
        [ 0.17031407, -0.20531915,  0.        , ...,  0.62759204,
          0.36176644,  0.20531915],
        ...,
        [-0.75101954, -0.45437158, -0.62759204, ...,  0.        ,
          0.30343395,  0.45437158],
        [-0.51525947, -0.16264641, -0.36176644, ..., -0.30343395,
          0.        ,  0.16264641],
        [-0.36900495, -0.        , -0.20531915, ..., -0.45437158,
         -0.16264641,  0.        ]],

       ...,

       [[ 0.        , -0.00206523,  0.620653  , ...,  0.85353152,
          0.7611471 ,  0.99998405],
        [ 0.00206523,  0.        ,  0.62227099, ...,  0.85245363,
          0.75980601,  0.99999358],
        [-0.620653  , -0.62227099,  0.        , ...,  0.99262736,
          0.99934698,  0.78056753],
        ...,
        [-0.85353152, -0.85245363, -0.99262736, ...,  0.        ,
          0.15699387, -0.52585347],
        [-0.7611471 , -0.75980601, -0.99934698, ..., -0.15699387,
          0.        , -0.65286775],
        [-0.99998405, -0.99999358, -0.78056753, ...,  0.52585347,
          0.65286775,  0.        ]],

       [[ 0.        , -0.07020494, -0.20341194, ...,  0.34779013,
          0.51078479,  0.56038361],
        [ 0.07020494,  0.        , -0.13417285, ...,  0.4127542 ,
          0.56988026,  0.61714697],
        [ 0.20341194,  0.13417285,  0.        , ...,  0.53123238,
          0.67498093,  0.71714032],
        ...,
        [-0.34779013, -0.4127542 , -0.53123238, ...,  0.        ,
          0.17989956,  0.23734889],
        [-0.51078479, -0.56988026, -0.67498093, ..., -0.17989956,
          0.        ,  0.0587177 ],
        [-0.56038361, -0.61714697, -0.71714032, ..., -0.23734889,
         -0.0587177 ,  0.        ]],

       [[ 0.        , -0.37573119, -0.46492661, ...,  0.98956416,
          0.99699527,  0.99222307],
        [ 0.37573119,  0.        , -0.09820751, ...,  0.8629173 ,
          0.89483904,  0.87275341],
        [ 0.46492661,  0.09820751,  0.        , ...,  0.80911723,
          0.8466746 ,  0.82059338],
        ...,
        [-0.98956416, -0.8629173 , -0.80911723, ...,  0.        ,
         -0.06700584, -0.01979887],
        [-0.99699527, -0.89483904, -0.8466746 , ...,  0.06700584,
          0.        ,  0.04723833],
        [-0.99222307, -0.87275341, -0.82059338, ...,  0.01979887,
         -0.04723833,  0.        ]]]), 'num': array([9.90545147e-01, 1.36833769e-01, 4.93189704e-06, 2.62708549e-08,
       3.02734531e-03, 3.06407220e-03, 2.99761402e-03, 5.03471485e-03,
       0.00000000e+00, 3.08715768e-03, 2.95712699e-03, 2.84423552e-03,
       1.14254763e-06, 3.16943584e-03, 2.74481813e-03])}
{'img': array([[[ 0.        ,  0.78639142,  0.83434241, ...,  0.29441175,
          0.77755991,  0.77755991],
        [-0.78639142,  0.        ,  0.08190157, ...,  0.93340404,
          0.97481083,  0.97481083],
        [-0.83434241, -0.08190157,  0.        , ...,  0.9596567 ,
          0.95326911,  0.95326911],
        ...,
        [-0.29441175, -0.93340404, -0.9596567 , ...,  0.        ,
         -0.5579687 , -0.5579687 ],
        [-0.77755991, -0.97481083, -0.95326911, ...,  0.5579687 ,
          0.        ,  0.        ],
        [-0.77755991, -0.97481083, -0.95326911, ...,  0.5579687 ,
          0.        ,  0.        ]],

       [[ 0.        ,  0.87104296,  0.37303976, ..., -0.25202281,
         -0.01033156, -0.73471056],
        [-0.87104296,  0.        , -0.99140672, ..., -0.71913149,
         -0.86592154, -0.23000388],
        [-0.37303976,  0.99140672,  0.        , ..., -0.59482915,
         -0.38260563, -0.93473872],
        ...,
        [ 0.25202281,  0.71913149,  0.59482915, ...,  0.        ,
          0.24201129, -0.54002764],
        [ 0.01033156,  0.86592154,  0.38260563, ..., -0.24201129,
          0.        , -0.72766262],
        [ 0.73471056,  0.23000388,  0.93473872, ...,  0.54002764,
          0.72766262,  0.        ]],

       [[ 0.        ,  0.20531915,  0.32589455, ...,  0.16264641,
          0.        ,  0.14557284],
        [-0.20531915,  0.        ,  0.12484141, ...,  0.36176644,
          0.20531915,  0.34560342],
        [-0.32589455, -0.12484141,  0.        , ...,  0.47532199,
          0.32589455,  0.46004843],
        ...,
        [-0.16264641, -0.36176644, -0.47532199, ...,  0.        ,
          0.16264641,  0.01727937],
        [-0.        , -0.20531915, -0.32589455, ..., -0.16264641,
          0.        , -0.14557284],
        [-0.14557284, -0.34560342, -0.46004843, ..., -0.01727937,
          0.14557284,  0.        ]],

       ...,

       [[ 0.        ,  0.62227099,  0.70024509, ...,  0.75980601,
          0.99999358,  0.99948858],
        [-0.62227099,  0.        ,  0.10391236, ...,  0.99934698,
          0.78056753,  0.80230042],
        [-0.70024509, -0.10391236,  0.        , ...,  0.99769167,
          0.71138925,  0.73592972],
        ...,
        [-0.75980601, -0.99934698, -0.99769167, ...,  0.        ,
         -0.65286775, -0.62552042],
        [-0.99999358, -0.78056753, -0.71138925, ...,  0.65286775,
          0.        ,  0.03555835],
        [-0.99948858, -0.80230042, -0.73592972, ...,  0.62552042,
         -0.03555835,  0.        ]],

       [[ 0.        , -0.13417285, -0.28161504, ...,  0.56988026,
          0.61714697,  0.66059029],
        [ 0.13417285,  0.        , -0.15032613, ...,  0.67498093,
          0.71714032,  0.75534701],
        [ 0.28161504,  0.15032613,  0.        , ...,  0.77822666,
          0.81375768,  0.84527607],
        ...,
        [-0.56988026, -0.67498093, -0.77822666, ...,  0.        ,
          0.0587177 ,  0.1149897 ],
        [-0.61714697, -0.71714032, -0.81375768, ..., -0.0587177 ,
          0.        ,  0.05646309],
        [-0.66059029, -0.75534701, -0.84527607, ..., -0.1149897 ,
         -0.05646309,  0.        ]],

       [[ 0.        , -0.09820751, -0.05545043, ...,  0.89483904,
          0.87275341,  0.8436217 ],
        [ 0.09820751,  0.        ,  0.04287403, ...,  0.8466746 ,
          0.82059338,  0.78681226],
        [ 0.05545043, -0.04287403,  0.        , ...,  0.86870982,
          0.84434188,  0.8125503 ],
        ...,
        [-0.89483904, -0.8466746 , -0.86870982, ...,  0.        ,
          0.04723833,  0.10388968],
        [-0.87275341, -0.82059338, -0.84434188, ..., -0.04723833,
          0.        ,  0.05679099],
        [-0.8436217 , -0.78681226, -0.8125503 , ..., -0.10388968,
         -0.05679099,  0.        ]]]), 'num': array([ 7.07088986e-01,  7.07088986e-01,  0.00000000e+00,  1.69838866e-08,
        2.15409576e-03,  2.19410219e-03,  2.15409576e-03,  3.70792018e-03,
       -1.00016054e-05,  2.19285199e-03,  2.11959023e-03,  2.03916065e-03,
        6.36984375e-07,  2.26840171e-03,  1.97077874e-03])}
{'img': array([[[ 0.        ,  0.13960071,  0.4435076 , ...,  0.99547302,
          0.99547302,  0.99942176],
        [-0.13960071,  0.        ,  0.3140447 , ...,  0.99899351,
          0.99899351,  0.99438203],
        [-0.4435076 , -0.3140447 ,  0.        , ...,  0.93436619,
          0.93436619,  0.91083258],
        ...,
        [-0.99547302, -0.99899351, -0.93436619, ...,  0.        ,
          0.        , -0.06114134],
        [-0.99547302, -0.99899351, -0.93436619, ...,  0.        ,
          0.        , -0.06114134],
        [-0.99942176, -0.99438203, -0.91083258, ...,  0.06114134,
