state_0,state_1,state_2,state_3,state_4,state_5,state_6,state_7,state_8,state_9,state_10,state_11,state_12,state_13,state_14,state_15,state_16,state_17,state_18,state_19,state_20,state_21,state_22,state_23,state_24,state_25,state_26,state_27,state_28,state_29,state_30,state_31,state_32,state_33,state_34,state_35,state_36,state_37,state_38,state_39,state_40,state_41,state_42,state_43,state_44,state_45,state_46,state_47,state_48,state_49,state_50,state_51,state_52,state_53,state_54,state_55,state_56,state_57,state_58,state_59,state_60,state_61,state_62,state_63,state_64,state_65,state_66,state_67,state_68,state_69,state_70,state_71,state_72,state_73,state_74,state_75,state_76,state_77,state_78,state_79,state_80,state_81,state_82,state_83,state_84,state_85,state_86,state_87,state_88,state_89,state_90,state_91,state_92,state_93,state_94,state_95,state_96,state_97,state_98,state_99,state_100,state_101,state_102,state_103,state_104,state_105,state_106,state_107,state_108,state_109,state_110,state_111,state_112,state_113,state_114,state_115,state_116,state_117,state_118,state_119,state_120,state_121,state_122,state_123,state_124,state_125,state_126,state_127,state_128,state_129,state_130,state_131,state_132,state_133,state_134,state_135,state_136,state_137,state_138,state_139,state_140,state_141,state_142,state_143,state_144,state_145,state_146,state_147,state_148,state_149,state_150,state_151,state_152,state_153,state_154,state_155,state_156,state_157,state_158,state_159,state_160,state_161,state_162,state_163,state_164,state_165,state_166,state_167,state_168,state_169,state_170,state_171,state_172,state_173,state_174,state_175,state_176,state_177,state_178,state_179,state_180,state_181,state_182,state_183,state_184,state_185,state_186,state_187,state_188,state_189,state_190,state_191,state_192,state_193,state_194,state_195,state_196,state_197,state_198,state_199,state_200,state_201,state_202,state_203,state_204,state_205,state_206,state_207,state_208,state_209,state_210,state_211,state_212,state_213,state_214,state_215,state_216,state_217,state_218,state_219,state_220,state_221,state_222,state_223,state_224,state_225,state_226,state_227,state_228,state_229,state_230,state_231,state_232,state_233,state_234,state_235,state_236,state_237,state_238,state_239,state_240,state_241,state_242,state_243,state_244,state_245,state_246,state_247,state_248,state_249,state_250,state_251,state_252,state_253,state_254,state_255,state_256,state_257,state_258,state_259,state_260,state_261,state_262,state_263,state_264,state_265,state_266,state_267,state_268,state_269,state_270,state_271,state_272,state_273,state_274,state_275,state_276,state_277,state_278,state_279,state_280,state_281,state_282,state_283,state_284,state_285,state_286,state_287
{'img': array([[[ 0.00000000e+00,  0.00000000e+00,  7.23355121e-01, ...,
          9.99716513e-01,  9.97445717e-01,  9.71241812e-01],
        [ 0.00000000e+00,  0.00000000e+00,  7.23355121e-01, ...,
          9.99716513e-01,  9.97445717e-01,  9.71241812e-01],
        [-7.23355121e-01, -7.23355121e-01,  0.00000000e+00, ...,
          6.73057709e-01,  7.40380742e-01,  8.42846756e-01],
        ...,
        [-9.99716513e-01, -9.99716513e-01, -6.73057709e-01, ...,
          0.00000000e+00,  9.51570299e-02,  2.61152546e-01],
        [-9.97445717e-01, -9.97445717e-01, -7.40380742e-01, ...,
         -9.51570299e-02,  0.00000000e+00,  1.68112660e-01],
        [-9.71241812e-01, -9.71241812e-01, -8.42846756e-01, ...,
         -2.61152546e-01, -1.68112660e-01,  0.00000000e+00]],

       [[ 0.00000000e+00, -2.73259266e-01,  9.97922958e-01, ...,
          8.68695327e-01,  6.85566926e-01,  4.99922570e-01],
        [ 2.73259266e-01,  0.00000000e+00,  9.77545438e-01, ...,
          9.70991245e-01,  8.58409908e-01,  7.17557408e-01],
        [-9.97922958e-01, -9.77545438e-01,  0.00000000e+00, ...,
         -4.38357695e-01, -6.82334172e-01, -8.32066877e-01],
        ...,
        [-8.68695327e-01, -9.70991245e-01,  4.38357695e-01, ...,
          0.00000000e+00, -2.92825179e-01, -5.04716019e-01],
        [-6.85566926e-01, -8.58409908e-01,  6.82334172e-01, ...,
          2.92825179e-01,  0.00000000e+00, -2.29800584e-01],
        [-4.99922570e-01, -7.17557408e-01,  8.32066877e-01, ...,
          5.04716019e-01,  2.29800584e-01,  0.00000000e+00]],

       [[ 0.00000000e+00,  7.37209098e-02,  4.01984986e-01, ...,
          8.63258605e-01,  9.03507903e-01,  9.27368337e-01],
        [-7.37209098e-02,  0.00000000e+00,  3.33388874e-01, ...,
          8.98121109e-01,  9.32644054e-01,  9.52427539e-01],
        [-4.01984986e-01, -3.33388874e-01,  0.00000000e+00, ...,
          9.93346219e-01,  9.99572911e-01,  9.99543894e-01],
        ...,
        [-8.63258605e-01, -8.98121109e-01, -9.93346219e-01, ...,
          0.00000000e+00, -8.60883964e-02, -1.45112295e-01],
        [-9.03507903e-01, -9.32644054e-01, -9.99572911e-01, ...,
          8.60883964e-02,  0.00000000e+00, -5.93963983e-02],
        [-9.27368337e-01, -9.52427539e-01, -9.99543894e-01, ...,
          1.45112295e-01,  5.93963983e-02,  0.00000000e+00]],

       ...,

       [[ 0.00000000e+00,  2.69990893e-01,  5.58758238e-01, ...,
         -9.80641747e-01, -7.63544849e-01, -6.77993503e-01],
        [-2.69990893e-01,  0.00000000e+00,  3.14095857e-01, ...,
         -9.97090593e-01, -9.09536905e-01, -8.51276411e-01],
        [-5.58758238e-01, -3.14095857e-01,  0.00000000e+00, ...,
         -9.22686948e-01, -9.94051917e-01, -9.73005995e-01],
        ...,
        [ 9.80641747e-01,  9.97090593e-01,  9.22686948e-01, ...,
          0.00000000e+00,  4.83743995e-01,  5.88079997e-01],
        [ 7.63544849e-01,  9.09536905e-01,  9.94051917e-01, ...,
         -4.83743995e-01,  0.00000000e+00,  1.23439745e-01],
        [ 6.77993503e-01,  8.51276411e-01,  9.73005995e-01, ...,
         -5.88079997e-01, -1.23439745e-01,  0.00000000e+00]],

       [[ 0.00000000e+00,  2.39435610e-02,  3.94905422e-01, ...,
          6.46460033e-01,  6.18209971e-01,  6.17536309e-01],
        [-2.39435610e-02,  0.00000000e+00,  3.72794736e-01, ...,
          6.64542389e-01,  6.36852688e-01,  6.36191894e-01],
        [-3.94905422e-01, -3.72794736e-01,  0.00000000e+00, ...,
          8.95209155e-01,  8.78363759e-01,  8.77953905e-01],
        ...,
        [-6.46460033e-01, -6.64542389e-01, -8.95209155e-01, ...,
          0.00000000e+00,  3.64640181e-02,  3.73202088e-02],
        [-6.18209971e-01, -6.36852688e-01, -8.78363759e-01, ...,
         -3.64640181e-02,  0.00000000e+00,  8.56773843e-04],
        [-6.17536309e-01, -6.36191894e-01, -8.77953905e-01, ...,
         -3.73202088e-02, -8.56773843e-04,  0.00000000e+00]],

       [[ 0.00000000e+00,  6.67811565e-02, -2.02101119e-02, ...,
          7.19726333e-01,  8.69827880e-01,  9.08180864e-01],
        [-6.67811565e-02,  0.00000000e+00, -8.69325125e-02, ...,
          7.64482994e-01,  9.00832955e-01,  9.34106604e-01],
        [ 2.02101119e-02,  8.69325125e-02,  0.00000000e+00, ...,
          7.05548303e-01,  8.59679456e-01,  8.99535864e-01],
        ...,
        [-7.19726333e-01, -7.64482994e-01, -7.05548303e-01, ...,
          0.00000000e+00, -2.48804055e-01, -3.29250133e-01],
        [-8.69827880e-01, -9.00832955e-01, -8.59679456e-01, ...,
          2.48804055e-01,  0.00000000e+00, -8.39650586e-02],
        [-9.08180864e-01, -9.34106604e-01, -8.99535864e-01, ...,
          3.29250133e-01,  8.39650586e-02,  0.00000000e+00]]]), 'num': array([7.07104264e-01, 7.07104264e-01, 0.00000000e+00, 0.00000000e+00,
       6.60545958e-04, 6.66365746e-04, 6.45996488e-04, 1.88546587e-03,
       0.00000000e+00, 6.52980234e-04, 6.91027099e-04, 6.33968925e-04,
       1.24098424e-06, 7.51560415e-04, 6.30493783e-04])}
{'img': array([[[ 0.00000000e+00,  7.23355121e-01,  8.66025404e-01, ...,
          9.97445717e-01,  9.71241812e-01,  9.71241812e-01],
        [-7.23355121e-01,  0.00000000e+00,  2.36292361e-01, ...,
          7.40380742e-01,  8.42846756e-01,  8.42846756e-01],
        [-8.66025404e-01, -2.36292361e-01,  0.00000000e+00, ...,
          5.60581816e-01,  6.91817431e-01,  6.91817431e-01],
        ...,
        [-9.97445717e-01, -7.40380742e-01, -5.60581816e-01, ...,
          0.00000000e+00,  1.68112660e-01,  1.68112660e-01],
        [-9.71241812e-01, -8.42846756e-01, -6.91817431e-01, ...,
         -1.68112660e-01,  0.00000000e+00,  0.00000000e+00],
        [-9.71241812e-01, -8.42846756e-01, -6.91817431e-01, ...,
         -1.68112660e-01,  0.00000000e+00,  0.00000000e+00]],

       [[ 0.00000000e+00,  9.77545438e-01,  8.89695108e-01, ...,
          8.58409908e-01,  7.17557408e-01,  5.93416531e-01],
        [-9.77545438e-01,  0.00000000e+00,  2.58822642e-01, ...,
         -6.82334172e-01, -8.32066877e-01, -9.11869503e-01],
        [-8.89695108e-01, -2.58822642e-01,  0.00000000e+00, ...,
         -8.48293351e-01, -9.47276616e-01, -9.87038999e-01],
        ...,
        [-8.58409908e-01,  6.82334172e-01,  8.48293351e-01, ...,
          0.00000000e+00, -2.29800584e-01, -3.86528773e-01],
        [-7.17557408e-01,  8.32066877e-01,  9.47276616e-01, ...,
          2.29800584e-01,  0.00000000e+00, -1.64244516e-01],
        [-5.93416531e-01,  9.11869503e-01,  9.87038999e-01, ...,
          3.86528773e-01,  1.64244516e-01,  0.00000000e+00]],

       [[ 0.00000000e+00,  3.95986967e-01,  5.87444707e-01, ...,
          9.03876773e-01,  9.27711888e-01,  9.38216424e-01],
        [-3.95986967e-01,  0.00000000e+00,  2.18966586e-01, ...,
          9.99390808e-01,  9.99697877e-01,  9.98553895e-01],
        [-5.87444707e-01, -2.18966586e-01,  0.00000000e+00, ...,
          9.82779893e-01,  9.70055465e-01,  9.62549743e-01],
        ...,
        [-9.03876773e-01, -9.99390808e-01, -9.82779893e-01, ...,
          0.00000000e+00, -5.94540832e-02, -8.85766438e-02],
        [-9.27711888e-01, -9.99697877e-01, -9.70055465e-01, ...,
          5.94540832e-02,  0.00000000e+00, -2.91995646e-02],
        [-9.38216424e-01, -9.98553895e-01, -9.62549743e-01, ...,
          8.85766438e-02,  2.91995646e-02,  0.00000000e+00]],

       ...,

       [[ 0.00000000e+00,  3.14095857e-01,  5.75121616e-01, ...,
         -9.09536905e-01, -8.51276411e-01, -8.80686500e-01],
        [-3.14095857e-01,  0.00000000e+00,  2.89063699e-01, ...,
         -9.94051917e-01, -9.73005995e-01, -9.84903154e-01],
        [-5.75121616e-01, -2.89063699e-01,  0.00000000e+00, ...,
         -9.83096836e-01, -9.98178312e-01, -9.92896242e-01],
        ...,
        [ 9.09536905e-01,  9.94051917e-01,  9.83096836e-01, ...,
          0.00000000e+00,  1.23439745e-01,  6.48135309e-02],
        [ 8.51276411e-01,  9.73005995e-01,  9.98178312e-01, ...,
         -1.23439745e-01,  0.00000000e+00, -5.88623583e-02],
        [ 8.80686500e-01,  9.84903154e-01,  9.92896242e-01, ...,
         -6.48135309e-02,  5.88623583e-02,  0.00000000e+00]],

       [[ 0.00000000e+00,  3.94264858e-01,  5.99901268e-01, ...,
          6.18248975e-01,  6.17575284e-01,  6.92570995e-01],
        [-3.94264858e-01,  0.00000000e+00,  2.35866301e-01, ...,
          8.78054071e-01,  8.77643697e-01,  9.20873412e-01],
        [-5.99901268e-01, -2.35866301e-01,  0.00000000e+00, ...,
          9.66156744e-01,  9.65935362e-01,  9.86846685e-01],
        ...,
        [-6.18248975e-01, -8.78054071e-01, -9.66156744e-01, ...,
          0.00000000e+00,  8.56842605e-04, -9.83748333e-02],
        [-6.17575284e-01, -8.77643697e-01, -9.65935362e-01, ...,
         -8.56842605e-04,  0.00000000e+00, -9.92274836e-02],
        [-6.92570995e-01, -9.20873412e-01, -9.86846685e-01, ...,
          9.83748333e-02,  9.92274836e-02,  0.00000000e+00]],

       [[ 0.00000000e+00, -8.69325125e-02, -2.66589863e-01, ...,
          9.00832955e-01,  9.34106604e-01,  9.37966015e-01],
        [ 8.69325125e-02,  0.00000000e+00, -1.81794177e-01, ...,
          8.59679456e-01,  8.99535864e-01,  9.04273199e-01],
        [ 2.66589863e-01,  1.81794177e-01,  0.00000000e+00, ...,
          7.52487656e-01,  8.05130317e-01,  8.11587130e-01],
        ...,
        [-9.00832955e-01, -8.59679456e-01, -7.52487656e-01, ...,
          0.00000000e+00, -8.39650586e-02, -9.48895212e-02],
        [-9.34106604e-01, -8.99535864e-01, -8.05130317e-01, ...,
          8.39650586e-02,  0.00000000e+00, -1.09682456e-02],
        [-9.37966015e-01, -9.04273199e-01, -8.11587130e-01, ...,
          9.48895212e-02,  1.09682456e-02,  0.00000000e+00]]]), 'num': array([ 9.99988774e-01,  3.13584508e-04,  4.44300084e-05, -5.89187605e-10,
        9.34275878e-04,  9.52961396e-04,  9.11438024e-04,  3.89414491e-03,
       -8.30467448e-06,  9.25971204e-04,  9.79640163e-04,  9.08116154e-04,
        1.42840401e-06,  1.06118127e-03,  8.98099053e-04])}
{'img': array([[[ 0.        ,  0.41295491,  0.44819246, ...,  0.97824495,
          0.97824495,  0.96534712],
        [-0.41295491,  0.        ,  0.03903623, ...,  0.80526923,
          0.80526923,  0.77142278],
        [-0.44819246, -0.03903623,  0.        , ...,  0.7815105 ,
          0.7815105 ,  0.74599515],
        ...,
        [-0.97824495, -0.80526923, -0.7815105 , ...,  0.        ,
          0.        , -0.05502753],
        [-0.97824495, -0.80526923, -0.7815105 , ...,  0.        ,
          0.        , -0.05502753],
        [-0.96534712, -0.77142278, -0.74599515, ...,  0.05502753,
          0.05502753,  0.        ]],

       [[ 0.        ,  0.27781278, -0.85808059, ..., -0.92333121,
         -0.99875968, -0.90908606],
        [-0.27781278,  0.        , -0.96696349, ..., -0.99366586,
         -0.9732762 , -0.98903923],
        [ 0.85808059,  0.96696349,  0.        , ..., -0.14463764,
         -0.47015382, -0.10934582],
        ...,
        [ 0.92333121,  0.99366586,  0.14463764, ...,  0.        ,
         -0.33755507,  0.03557434],
        [ 0.99875968,  0.9732762 ,  0.47015382, ...,  0.33755507,
          0.        ,  0.37082774],
        [ 0.90908606,  0.98903923,  0.10934582, ..., -0.03557434,
         -0.37082774,  0.        ]],

       [[ 0.        ,  0.46298975,  0.64159276, ...,  0.93801639,
          0.94802971,  0.96046259],
        [-0.46298975,  0.        ,  0.21355031, ...,  0.99189165,
          0.98761398,  0.98021966],
        [-0.64159276, -0.21355031,  0.        , ...,  0.94187142,
          0.93132503,  0.91534372],
        ...,
        [-0.93801639, -0.99189165, -0.94187142, ...,  0.        ,
         -0.03011872, -0.07173531],
        [-0.94802971, -0.98761398, -0.93132503, ...,  0.03011872,
          0.        , -0.04166164],
        [-0.96046259, -0.98021966, -0.91534372, ...,  0.07173531,
          0.04166164,  0.        ]],

       ...,

       [[ 0.        ,  0.2890637 ,  0.76673797, ..., -0.973006  ,
         -0.98490315, -0.92706918],
        [-0.2890637 ,  0.        ,  0.54843844, ..., -0.99817831,
         -0.99289624, -0.77912529],
        [-0.76673797, -0.54843844,  0.        , ..., -0.80157878,
         -0.76499576, -0.30769888],
        ...,
        [ 0.973006  ,  0.99817831,  0.80157878, ...,  0.        ,
         -0.05886236, -0.57871939],
        [ 0.98490315,  0.99289624,  0.76499576, ...,  0.05886236,
          0.        , -0.52971212],
        [ 0.92706918,  0.77912529,  0.30769888, ...,  0.57871939,
          0.52971212,  0.        ]],

       [[ 0.        ,  0.482207  ,  0.63152455, ...,  0.62888272,
          0.70461727,  0.76142922],
        [-0.482207  ,  0.        ,  0.17936967, ...,  0.92585333,
          0.9594532 ,  0.97964538],
        [-0.63152455, -0.17936967,  0.        , ...,  0.97861836,
          0.99445111,  0.99976319],
        ...,
        [-0.62888272, -0.92585333, -0.97861836, ...,  0.        ,
         -0.1015927 , -0.18433935],
        [-0.70461727, -0.9594532 , -0.99445111, ...,  0.1015927 ,
          0.        , -0.08353392],
        [-0.76142922, -0.97964538, -0.99976319, ...,  0.18433935,
          0.08353392,  0.        ]],

       [[ 0.        , -0.18179418, -0.37114439, ...,  0.89953586,
          0.9042732 ,  0.91313955],
        [ 0.18179418,  0.        , -0.19615031, ...,  0.80513032,
          0.81158713,  0.82381567],
        [ 0.37114439,  0.19615031,  0.        , ...,  0.67315338,
          0.68122394,  0.69662277],
        ...,
        [-0.89953586, -0.80513032, -0.67315338, ...,  0.        ,
         -0.01096825, -0.03220901],
        [-0.9042732 , -0.81158713, -0.68122394, ...,  0.01096825,
          0.        , -0.02124451],
        [-0.91313955, -0.82381567, -0.69662277, ...,  0.03220901,
          0.02124451,  0.        ]]]), 'num': array([ 7.07098449e-01,  7.07098449e-01,  0.00000000e+00, -3.11014403e-08,
        6.41131809e-04,  6.57307153e-04,  6.19074522e-04,  4.47859979e-03,
       -2.05868012e-05,  6.57013056e-04,  6.89584317e-04,  6.44660975e-04,
        7.69177188e-07,  7.49636875e-04,  6.29531758e-04])}
{'img': array([[[ 0.        ,  0.03903623, -0.1054937 , ...,  0.80526923,
          0.77142278,  0.6357078 ],
        [-0.03903623,  0.        , -0.14423169, ...,  0.7815105 ,
          0.74599515,  0.60509004],
        [ 0.1054937 ,  0.14423169,  0.        , ...,  0.863324  ,
          0.83424628,  0.71359426],
        ...,
        [-0.80526923, -0.7815105 , -0.863324  , ...,  0.        ,
         -0.05502753, -0.24469421],
        [-0.77142278, -0.74599515, -0.83424628, ...,  0.05502753,
          0.        , -0.19096876],
        [-0.6357078 , -0.60509004, -0.71359426, ...,  0.24469421,
          0.19096876,  0.        ]],

       [[ 0.        , -0.96696349, -0.99264643, ..., -0.9732762 ,
         -0.98903923, -0.85151145],
        [ 0.96696349,  0.        , -0.13598958, ..., -0.47015382,
         -0.10934582,  0.28995083],
        [ 0.99264643,  0.13598958,  0.        , ..., -0.34576392,
          0.02684413,  0.41740494],
        ...,
        [ 0.9732762 ,  0.47015382,  0.34576392, ...,  0.        ,
          0.37082774,  0.70586284],
        [ 0.98903923,  0.10934582, -0.02684413, ..., -0.37082774,
          0.        ,  0.39286071],
        [ 0.85151145, -0.28995083, -0.41740494, ..., -0.70586284,
         -0.39286071,  0.        ]],

       [[ 0.        ,  0.48683496,  0.64752031, ...,  0.96083865,
          0.97200993,  0.96901855],
        [-0.48683496,  0.        ,  0.19461339, ...,  0.97419285,
          0.96342171,  0.96667424],
        [-0.64752031, -0.19461339,  0.        , ...,  0.9116387 ,
          0.89284668,  0.89836855],
        ...,
        [-0.96083865, -0.97419285, -0.9116387 , ...,  0.        ,
         -0.04361295, -0.03120764],
        [-0.97200993, -0.96342171, -0.89284668, ...,  0.04361295,
          0.        ,  0.01241376],
        [-0.96901855, -0.96667424, -0.89836855, ...,  0.03120764,
         -0.01241376,  0.        ]],

       ...,

       [[ 0.        ,  0.5186848 , -0.1579626 , ..., -0.99739061,
         -0.96381779, -0.5186848 ],
        [-0.5186848 ,  0.        , -0.64722535, ..., -0.89018055,
         -0.68576938, -0.        ],
        [ 0.1579626 ,  0.64722535,  0.        , ..., -0.97346451,
         -0.99382397, -0.64722535],
        ...,
        [ 0.99739061,  0.89018055,  0.97346451, ...,  0.        ,
         -0.33544826, -0.89018055],
        [ 0.96381779,  0.68576938,  0.99382397, ...,  0.33544826,
          0.        , -0.68576938],
        [ 0.5186848 ,  0.        ,  0.64722535, ...,  0.89018055,
          0.68576938,  0.        ]],

       [[ 0.        ,  0.45075902,  0.56384171, ...,  0.72342659,
          0.78061723,  0.79323256],
        [-0.45075902,  0.        ,  0.13103671, ...,  0.95696823,
          0.97854322,  0.98255126],
        [-0.56384171, -0.13103671,  0.        , ...,  0.98674269,
          0.99710477,  0.99845101],
        ...,
        [-0.72342659, -0.95696823, -0.98674269, ...,  0.        ,
         -0.08679075, -0.10714074],
        [-0.78061723, -0.97854322, -0.99710477, ...,  0.08679075,
          0.        , -0.02044528],
        [-0.79323256, -0.98255126, -0.99845101, ...,  0.10714074,
          0.02044528,  0.        ]],

       [[ 0.        , -0.19615031, -0.35964574, ...,  0.81158713,
          0.82381567,  0.88216563],
        [ 0.19615031,  0.        , -0.16963353, ...,  0.68122394,
          0.69662277,  0.77265366],
        [ 0.35964574,  0.16963353,  0.        , ...,  0.54716662,
          0.56482529,  0.65376768],
        ...,
        [-0.81158713, -0.68122394, -0.54716662, ...,  0.        ,
         -0.02124451, -0.13318061],
        [-0.82381567, -0.69662277, -0.56482529, ...,  0.02124451,
          0.        , -0.1120953 ],
        [-0.88216563, -0.77265366, -0.65376768, ...,  0.13318061,
          0.1120953 ,  0.        ]]]), 'num': array([ 9.94982117e-01,  9.98330464e-02,  4.27278792e-05, -4.59114441e-08,
        8.98744046e-04,  9.22338759e-04,  8.70859386e-04,  6.06006594e-03,
       -3.64645556e-05,  9.49365429e-04,  9.99879564e-04,  9.41321777e-04,
        9.46747082e-07,  1.09883030e-03,  9.00928825e-04])}
{'img': array([[[ 0.        , -0.14423169, -0.31908718, ...,  0.74599515,
          0.60509004,  0.39798672],
        [ 0.14423169,  0.        , -0.17905875, ...,  0.83424628,
          0.71359426,  0.52614224],
        [ 0.31908718,  0.17905875,  0.        , ...,  0.91949508,
          0.82750269,  0.66990988],
        ...,
        [-0.74599515, -0.83424628, -0.91949508, ...,  0.        ,
         -0.19096876, -0.41932956],
        [-0.60509004, -0.71359426, -0.82750269, ...,  0.19096876,
          0.        , -0.23824432],
        [-0.39798672, -0.52614224, -0.66990988, ...,  0.41932956,
          0.23824432,  0.        ]],

       [[ 0.        , -0.13598958, -0.26353653, ..., -0.10934582,
          0.28995083,  0.22711604],
        [ 0.13598958,  0.        , -0.12990608, ...,  0.02684413,
          0.41740494,  0.35744205],
        [ 0.26353653,  0.12990608,  0.        , ...,  0.15647593,
          0.53191631,  0.47573707],
        ...,
        [ 0.10934582, -0.02684413, -0.15647593, ...,  0.        ,
          0.39286071,  0.33224256],
        [-0.28995083, -0.41740494, -0.53191631, ..., -0.39286071,
          0.        , -0.06501426],
        [-0.22711604, -0.35744205, -0.47573707, ..., -0.33224256,
          0.06501426,  0.        ]],

       [[ 0.        ,  0.47306237,  0.62004542, ...,  0.9830608 ,
          0.98057561,  0.99169429],
        [-0.47306237,  0.        ,  0.17512934, ...,  0.95280776,
          0.95670264,  0.93455541],
        [-0.62004542, -0.17512934,  0.        , ...,  0.88491776,
          0.89094283,  0.85779815],
        ...,
        [-0.9830608 , -0.95280776, -0.88491776, ...,  0.        ,
          0.01309935, -0.05531879],
        [-0.98057561, -0.95670264, -0.89094283, ..., -0.01309935,
          0.        , -0.06839334],
        [-0.99169429, -0.93455541, -0.85779815, ...,  0.05531879,
          0.06839334,  0.        ]],

       ...,

       [[ 0.        , -0.6291162 , -0.82829084, ..., -0.78563146,
         -0.48649086, -0.        ],
        [ 0.6291162 ,  0.        , -0.29134701, ..., -0.99991108,
         -0.92780463, -0.6291162 ],
        [ 0.82829084,  0.29134701,  0.        , ..., -0.95264724,
         -0.99624588, -0.82829084],
        ...,
        [ 0.78563146,  0.99991108,  0.95264724, ...,  0.        ,
         -0.3854056 , -0.78563146],
        [ 0.48649086,  0.92780463,  0.99624588, ...,  0.3854056 ,
          0.        , -0.48649086],
        [ 0.        ,  0.6291162 ,  0.82829084, ...,  0.78563146,
          0.48649086,  0.        ]],

       [[ 0.        ,  0.36894736,  0.45906128, ...,  0.79718187,
          0.80977831,  0.78581831],
        [-0.36894736,  0.        ,  0.09890011, ...,  0.96368892,
          0.96912337,  0.95855729],
        [-0.45906128, -0.09890011,  0.        , ...,  0.98537335,
          0.98875854,  0.98203446],
        ...,
        [-0.79718187, -0.96368892, -0.98537335, ...,  0.        ,
         -0.02115966,  0.0185937 ],
        [-0.80977831, -0.96912337, -0.98875854, ...,  0.02115966,
          0.        ,  0.03974554],
        [-0.78581831, -0.95855729, -0.98203446, ..., -0.0185937 ,
         -0.03974554,  0.        ]],

       [[ 0.        , -0.16963353,  0.02765415, ...,  0.69662277,
          0.77265366,  0.87064262],
        [ 0.16963353,  0.        ,  0.19682202, ...,  0.56482529,
          0.65376768,  0.77457911],
        [-0.02765415, -0.19682202,  0.        , ...,  0.71619648,
          0.78991378,  0.88391316],
        ...,
        [-0.69662277, -0.56482529, -0.71619648, ...,  0.        ,
         -0.1120953 , -0.2819518 ],
        [-0.77265366, -0.65376768, -0.78991378, ...,  0.1120953 ,
          0.        , -0.17262736],
        [-0.87064262, -0.77457911, -0.88391316, ...,  0.2819518 ,
          0.17262736,  0.        ]]]), 'num': array([ 7.15049092e-01,  6.99067278e-01,  7.72068280e-07, -1.44889955e-07,
        6.39272536e-04,  6.40816672e-04,  6.23831170e-04,  2.46329929e-03,
       -7.72068280e-06,  6.71081749e-04,  7.16016123e-04,  6.78159041e-04,
        5.92271557e-07,  7.95446003e-04,  6.36586242e-04])}
{'img': array([[[ 0.        , -0.17905875, -0.60723727, ...,  0.71359426,
          0.52614224,  0.46145453],
        [ 0.17905875,  0.        , -0.45515747, ...,  0.82750269,
          0.66990988,  0.61285113],
        [ 0.60723727,  0.45515747,  0.        , ...,  0.99237097,
          0.93442332,  0.90535406],
        ...,
        [-0.71359426, -0.82750269, -0.99237097, ...,  0.        ,
         -0.23824432, -0.30979882],
        [-0.52614224, -0.66990988, -0.93442332, ...,  0.23824432,
          0.        , -0.07435503],
        [-0.46145453, -0.61285113, -0.90535406, ...,  0.30979882,
          0.07435503,  0.        ]],

       [[ 0.        , -0.12990608,  0.16221748, ...,  0.41740494,
          0.35744205, -0.11375308],
        [ 0.12990608,  0.        ,  0.28902838, ...,  0.53191631,
          0.47573707,  0.01627369],
        [-0.16221748, -0.28902838,  0.        , ...,  0.26446606,
          0.20120711, -0.27341096],
        ...,
        [-0.41740494, -0.53191631, -0.26446606, ...,  0.        ,
         -0.06501426, -0.51806536],
        [-0.35744205, -0.47573707, -0.20120711, ...,  0.06501426,
          0.        , -0.46135993],
        [ 0.11375308, -0.01627369,  0.27341096, ...,  0.51806536,
          0.46135993,  0.        ]],

       [[ 0.        ,  0.44114489,  0.41216082, ...,  0.98938777,
          0.9972949 ,  0.99799785],
        [-0.44114489,  0.        , -0.03204409, ...,  0.95201008,
          0.92743428,  0.86773762],
        [-0.41216082,  0.03204409,  0.        , ...,  0.96132881,
          0.93894205,  0.88321864],
        ...,
        [-0.98938777, -0.95201008, -0.96132881, ...,  0.        ,
         -0.07218187, -0.2075849 ],
        [-0.9972949 , -0.92743428, -0.93894205, ...,  0.07218187,
          0.        , -0.13643388],
        [-0.99799785, -0.86773762, -0.88321864, ...,  0.2075849 ,
          0.13643388,  0.        ]],

       ...,

       [[ 0.        , -0.64105985, -0.83480253, ..., -0.63938157,
         -0.42705924, -0.        ],
        [ 0.64105985,  0.        , -0.28776816, ..., -0.98362378,
         -0.90742555, -0.64105985],
        [ 0.83480253,  0.28776816,  0.        , ..., -0.99388217,
         -0.98996543, -0.83480253],
        ...,
        [ 0.63938157,  0.98362378,  0.99388217, ...,  0.        ,
         -0.24978253, -0.63938157],
        [ 0.42705924,  0.90742555,  0.98996543, ...,  0.24978253,
          0.        , -0.42705924],
        [ 0.        ,  0.64105985,  0.83480253, ...,  0.63938157,
          0.42705924,  0.        ]],

       [[ 0.        ,  0.28858762,  0.33109629, ...,  0.82051492,
          0.79660025,  0.76653114],
        [-0.28858762,  0.        ,  0.04469889, ...,  0.95056881,
          0.93716076,  0.91925095],
        [-0.33109629, -0.04469889,  0.        , ...,  0.96349835,
          0.95181942,  0.93592887],
        ...,
        [-0.82051492, -0.95056881, -0.96349835, ...,  0.        ,
          0.04064986,  0.0887721 ],
        [-0.79660025, -0.93716076, -0.95181942, ..., -0.04064986,
          0.        ,  0.04820935],
        [-0.76653114, -0.91925095, -0.93592887, ..., -0.0887721 ,
         -0.04820935,  0.        ]],

       [[ 0.        ,  0.19682202,  0.36613315, ...,  0.65376768,
          0.77457911,  0.85815244],
        [-0.19682202,  0.        ,  0.17581612, ...,  0.78991378,
          0.88391316,  0.94241376],
        [-0.36613315, -0.17581612,  0.        , ...,  0.88542291,
          0.95236507,  0.98653537],
        ...,
        [-0.65376768, -0.78991378, -0.88542291, ...,  0.        ,
         -0.17262736, -0.31371891],
        [-0.77457911, -0.88391316, -0.95236507, ...,  0.17262736,
          0.        , -0.14509669],
        [-0.85815244, -0.94241376, -0.98653537, ...,  0.31371891,
          0.14509669,  0.        ]]]), 'num': array([ 9.99988105e-01,  3.59245613e-04,  5.10014724e-05, -2.15800804e-07,
        8.94122415e-04,  9.44302754e-04,  8.91841490e-04,  3.98755788e-03,
       -5.01803396e-05,  9.63006336e-04,  1.04865505e-03,  1.00193411e-03,
        8.13578175e-07,  1.18553238e-03,  9.11777723e-04])}
