state_0,state_1,state_2,state_3,state_4,state_5,state_6,state_7,state_8,state_9,state_10,state_11,state_12,state_13,state_14,state_15,state_16,state_17,state_18,state_19,state_20,state_21,state_22,state_23,state_24,state_25,state_26,state_27,state_28,state_29,state_30,state_31,state_32,state_33,state_34,state_35,state_36,state_37,state_38,state_39,state_40,state_41,state_42,state_43,state_44,state_45,state_46,state_47,state_48,state_49,state_50,state_51,state_52,state_53,state_54,state_55,state_56,state_57,state_58,state_59,state_60,state_61,state_62,state_63,state_64,state_65,state_66,state_67,state_68,state_69,state_70,state_71,state_72,state_73,state_74,state_75,state_76,state_77,state_78,state_79,state_80,state_81,state_82,state_83,state_84,state_85,state_86,state_87,state_88,state_89,state_90,state_91,state_92,state_93,state_94,state_95,state_96,state_97,state_98,state_99,state_100,state_101,state_102,state_103,state_104,state_105,state_106,state_107,state_108,state_109,state_110,state_111,state_112,state_113,state_114,state_115,state_116,state_117,state_118,state_119,state_120,state_121,state_122,state_123,state_124,state_125,state_126,state_127,state_128,state_129,state_130,state_131,state_132,state_133,state_134,state_135,state_136,state_137,state_138,state_139,state_140,state_141,state_142,state_143,state_144,state_145,state_146,state_147,state_148,state_149,state_150,state_151,state_152,state_153,state_154,state_155,state_156,state_157,state_158,state_159,state_160,state_161,state_162,state_163,state_164,state_165,state_166,state_167,state_168,state_169,state_170,state_171,state_172,state_173,state_174,state_175,state_176,state_177,state_178,state_179,state_180,state_181,state_182,state_183,state_184,state_185,state_186,state_187,state_188,state_189,state_190,state_191,state_192,state_193,state_194,state_195,state_196,state_197,state_198,state_199,state_200,state_201,state_202,state_203,state_204,state_205,state_206,state_207,state_208,state_209,state_210,state_211,state_212,state_213,state_214,state_215,state_216,state_217,state_218,state_219,state_220,state_221,state_222,state_223,state_224,state_225,state_226,state_227,state_228,state_229,state_230,state_231,state_232,state_233,state_234,state_235,state_236,state_237,state_238,state_239,state_240,state_241,state_242,state_243,state_244,state_245,state_246,state_247,state_248,state_249,state_250,state_251,state_252,state_253,state_254,state_255,state_256,state_257,state_258,state_259,state_260,state_261,state_262,state_263,state_264,state_265,state_266,state_267,state_268,state_269,state_270,state_271,state_272,state_273,state_274,state_275,state_276,state_277,state_278,state_279,state_280,state_281,state_282,state_283,state_284,state_285,state_286,state_287
{'img': array([[[ 0.        , -0.82679728, -0.08909765, ...,  0.99576677,
          0.97421663,  0.98423748],
        [ 0.82679728,  0.        ,  0.7733916 , ...,  0.48412292,
          0.73453442,  0.69985421],
        [ 0.08909765, -0.7733916 ,  0.        , ...,  0.983617  ,
          0.9904438 ,  0.99608015],
        ...,
        [-0.99576677, -0.48412292, -0.983617  , ...,  0.        ,
         -0.31420564, -0.26657035],
        [-0.97421663, -0.73453442, -0.9904438 , ...,  0.31420564,
          0.        ,  0.04976637],
        [-0.98423748, -0.69985421, -0.99608015, ...,  0.26657035,
         -0.04976637,  0.        ]],

       [[ 0.        ,  0.48285812,  0.34665772, ..., -0.54374887,
         -0.39939969, -0.67184384],
        [-0.48285812,  0.        , -0.14934923, ..., -0.88139782,
         -0.79242692, -0.94598226],
        [-0.34665772,  0.14934923,  0.        , ..., -0.80096371,
         -0.69244138, -0.88695083],
        ...,
        [ 0.54374887,  0.88139782,  0.80096371, ...,  0.        ,
          0.16330102, -0.16109271],
        [ 0.39939969,  0.79242692,  0.69244138, ..., -0.16330102,
          0.        , -0.32009844],
        [ 0.67184384,  0.94598226,  0.88695083, ...,  0.16109271,
          0.32009844,  0.        ]],

       [[ 0.        , -0.31895173, -0.55796053, ...,  0.7925009 ,
          0.87640817,  0.96953691],
        [ 0.31895173,  0.        , -0.26413112, ...,  0.55659002,
          0.67703695,  0.84077321],
        [ 0.55796053,  0.26413112,  0.        , ...,  0.31738693,
          0.45860615,  0.66791736],
        ...,
        [-0.7925009 , -0.55659002, -0.31738693, ...,  0.        ,
         -0.15285182, -0.39717284],
        [-0.87640817, -0.67703695, -0.45860615, ...,  0.15285182,
          0.        , -0.25222689],
        [-0.96953691, -0.84077321, -0.66791736, ...,  0.39717284,
          0.25222689,  0.        ]],

       ...,

       [[ 0.        , -0.33010817,  0.1317058 , ...,  0.9981859 ,
          0.96460474,  0.96460474],
        [ 0.33010817,  0.        ,  0.45155533, ...,  0.92235583,
          0.99758153,  0.99758153],
        [-0.1317058 , -0.45155533,  0.        , ...,  0.99742019,
          0.92147111,  0.92147111],
        ...,
        [-0.9981859 , -0.92235583, -0.99742019, ...,  0.        ,
         -0.32129774, -0.32129774],
        [-0.96460474, -0.99758153, -0.92147111, ...,  0.32129774,
          0.        ,  0.        ],
        [-0.96460474, -0.99758153, -0.92147111, ...,  0.32129774,
          0.        ,  0.        ]],

       [[ 0.        , -0.33010836, -0.62945152, ..., -0.9853543 ,
         -0.98402207, -0.98292679],
        [ 0.33010836,  0.        , -0.33765906, ..., -0.87382843,
         -0.87008613, -0.86708794],
        [ 0.62945152,  0.33765906,  0.        , ..., -0.65832571,
         -0.6525526 , -0.64795596],
        ...,
        [ 0.9853543 ,  0.87382843,  0.65832571, ...,  0.        ,
          0.00764397,  0.01369412],
        [ 0.98402207,  0.87008613,  0.6525526 , ..., -0.00764397,
          0.        ,  0.00605046],
        [ 0.98292679,  0.86708794,  0.64795596, ..., -0.01369412,
         -0.00605046,  0.        ]],

       [[ 0.        , -0.33195497, -0.49803901, ...,  0.98821717,
          0.99222757,  0.99677427],
        [ 0.33195497,  0.        , -0.18194153, ...,  0.98298899,
          0.97727085,  0.96689385],
        [ 0.49803901,  0.18194153,  0.        , ...,  0.93316606,
          0.92238896,  0.90432813],
        ...,
        [-0.98821717, -0.98298899, -0.93316606, ...,  0.        ,
          0.02889831,  0.07325396],
        [-0.99222757, -0.97727085, -0.92238896, ..., -0.02889831,
          0.        ,  0.0444027 ],
        [-0.99677427, -0.96689385, -0.90432813, ..., -0.07325396,
         -0.0444027 ,  0.        ]]]), 'num': array([ 6.91128753e-01,  6.91128753e-01,  0.00000000e+00,  0.00000000e+00,
        9.23348014e-03,  1.00075443e-02,  9.06760924e-03,  2.09612716e-01,
       -6.91128753e-04,  9.87484762e-03,  9.79536781e-03,  9.50255960e-03,
        5.31637502e-06,  1.04422451e-02,  9.14849050e-03])}
{'img': array([[[ 0.        ,  0.7733916 ,  0.80792472, ...,  0.73453442,
          0.69985421,  0.96345864],
        [-0.7733916 ,  0.        ,  0.05641794, ...,  0.9904438 ,
          0.99608015,  0.81792242],
        [-0.80792472, -0.05641794,  0.        , ...,  0.98108527,
          0.98950317,  0.78416082],
        ...,
        [-0.73453442, -0.9904438 , -0.98108527, ...,  0.        ,
          0.04976637, -0.45702521],
        [-0.69985421, -0.99608015, -0.98950317, ..., -0.04976637,
          0.        , -0.50072379],
        [-0.96345864, -0.81792242, -0.78416082, ...,  0.45702521,
          0.50072379,  0.        ]],

       [[ 0.        , -0.14934923, -0.18284546, ..., -0.79242692,
         -0.94598226, -0.34073552],
        [ 0.14934923,  0.        , -0.03396331, ..., -0.69244138,
         -0.88695083, -0.19650195],
        [ 0.18284546,  0.03396331,  0.        , ..., -0.66753825,
         -0.87075271, -0.16308745],
        ...,
        [ 0.79242692,  0.69244138,  0.66753825, ...,  0.        ,
         -0.32009844,  0.53717008],
        [ 0.94598226,  0.88695083,  0.87075271, ...,  0.32009844,
          0.        ,  0.77890118],
        [ 0.34073552,  0.19650195,  0.16308745, ..., -0.53717008,
         -0.77890118,  0.        ]],

       [[ 0.        , -0.26413112, -0.55659002, ...,  0.67703695,
          0.84077321,  0.95666717],
        [ 0.26413112,  0.        , -0.31738693, ...,  0.45860615,
          0.66791736,  0.84578218],
        [ 0.55659002,  0.31738693,  0.        , ...,  0.15285182,
          0.39717284,  0.63271704],
        ...,
        [-0.67703695, -0.45860615, -0.15285182, ...,  0.        ,
         -0.25222689, -0.50691619],
        [-0.84077321, -0.66791736, -0.39717284, ...,  0.25222689,
          0.        , -0.27310823],
        [-0.95666717, -0.84578218, -0.63271704, ...,  0.50691619,
          0.27310823,  0.        ]],

       ...,

       [[ 0.        ,  0.45155533,  0.5723202 , ...,  0.99758153,
          0.99758153,  0.93030402],
        [-0.45155533,  0.        ,  0.14035973, ...,  0.92147111,
          0.92147111,  0.66443168],
        [-0.5723202 , -0.14035973,  0.        , ...,  0.85782676,
          0.85782676,  0.55295647],
        ...,
        [-0.99758153, -0.92147111, -0.85782676, ...,  0.        ,
          0.        , -0.43056409],
        [-0.99758153, -0.92147111, -0.85782676, ...,  0.        ,
          0.        , -0.43056409],
        [-0.93030402, -0.66443168, -0.55295647, ...,  0.43056409,
          0.43056409,  0.        ]],

       [[ 0.        , -0.56030884, -0.79338624, ..., -0.97726586,
         -0.97591756, -0.97499036],
        [ 0.56030884,  0.        , -0.31607856, ..., -0.69065814,
         -0.68611109, -0.68304164],
        [ 0.79338624,  0.31607856,  0.        , ..., -0.42666805,
         -0.4209901 , -0.41716688],
        ...,
        [ 0.97726586,  0.69065814,  0.42666805, ...,  0.        ,
          0.00626881,  0.01047949],
        [ 0.97591756,  0.68611109,  0.4209901 , ..., -0.00626881,
          0.        ,  0.00421082],
        [ 0.97499036,  0.68304164,  0.41716688, ..., -0.01047949,
         -0.00421082,  0.        ]],

       [[ 0.        , -0.18194153, -0.27820728, ...,  0.97727085,
          0.96689385,  0.96923378],
        [ 0.18194153,  0.        , -0.09880515, ...,  0.92238896,
          0.90432813,  0.90827319],
        [ 0.27820728,  0.09880515,  0.        , ...,  0.87971082,
          0.85772928,  0.86249096],
        ...,
        [-0.97727085, -0.92238896, -0.87971082, ...,  0.        ,
          0.0444027 ,  0.03507514],
        [-0.96689385, -0.90432813, -0.85772928, ..., -0.0444027 ,
          0.        , -0.00933483],
        [-0.96923378, -0.90827319, -0.86249096, ..., -0.03507514,
          0.00933483,  0.        ]]]), 'num': array([ 9.91706837e-01,  6.39604945e-02,  1.38469603e-05, -2.62300992e-09,
        1.32535192e-02,  1.34908956e-02,  1.30161427e-02,  1.04543364e-01,
        3.95627438e-05,  1.38706980e-02,  1.40230145e-02,  1.36465091e-02,
        8.05907745e-06,  1.49311411e-02,  1.31148880e-02])}
{'img': array([[[ 0.        ,  0.32604227,  0.70928878, ...,  0.75970042,
          0.99459557,  0.99207045],
        [-0.32604227,  0.        ,  0.44069675, ...,  0.9302033 ,
          0.97409747,  0.97883694],
        [-0.70928878, -0.44069675,  0.        , ...,  0.99675803,
          0.77475035,  0.78847393],
        ...,
        [-0.75970042, -0.9302033 , -0.99675803, ...,  0.        ,
         -0.56788287, -0.54963537],
        [-0.99459557, -0.97409747, -0.77475035, ...,  0.56788287,
          0.        ,  0.02200196],
        [-0.99207045, -0.97883694, -0.78847393, ...,  0.54963537,
         -0.02200196,  0.        ]],

       [[ 0.        , -0.03396331, -0.17443827, ..., -0.88695083,
         -0.19650195, -0.90304648],
        [ 0.03396331,  0.        , -0.14089505, ..., -0.87075271,
         -0.16308745, -0.8879368 ],
        [ 0.17443827,  0.14089505,  0.        , ..., -0.79278547,
         -0.02245188, -0.81427236],
        ...,
        [ 0.88695083,  0.87075271,  0.79278547, ...,  0.        ,
          0.77890118, -0.03610115],
        [ 0.19650195,  0.16308745,  0.02245188, ..., -0.77890118,
          0.        , -0.80103417],
        [ 0.90304648,  0.8879368 ,  0.81427236, ...,  0.03610115,
          0.80103417,  0.        ]],

       [[ 0.        , -0.31738693, -0.03933633, ...,  0.66791736,
          0.84578218,  0.94112894],
        [ 0.31738693,  0.        ,  0.27983879, ...,  0.39717284,
          0.63271704,  0.78517697],
        [ 0.03933633, -0.27983879,  0.        , ...,  0.63812492,
          0.82414052,  0.92710297],
        ...,
        [-0.66791736, -0.39717284, -0.63812492, ...,  0.        ,
         -0.27310823, -0.47463353],
        [-0.84578218, -0.63271704, -0.82414052, ...,  0.27310823,
          0.        , -0.21620417],
        [-0.94112894, -0.78517697, -0.92710297, ...,  0.47463353,
          0.21620417,  0.        ]],

       ...,

       [[ 0.        ,  0.38317724,  0.84967241, ...,  0.99986357,
          0.8957176 ,  0.92348285],
        [-0.38317724,  0.        ,  0.58276748, ...,  0.929878  ,
          0.65698225,  0.70599587],
        [-0.84967241, -0.58276748,  0.        , ...,  0.54127354,
          0.09453743,  0.16099452],
        ...,
        [-0.99986357, -0.929878  , -0.54127354, ...,  0.        ,
         -0.45935786, -0.39884109],
        [-0.8957176 , -0.65698225, -0.09453743, ...,  0.45935786,
          0.        ,  0.06696926],
        [-0.92348285, -0.70599587, -0.16099452, ...,  0.39884109,
         -0.06696926,  0.        ]],

       [[ 0.        , -0.65014197, -0.80570444, ..., -0.94308566,
         -0.9414892 , -0.94434684],
        [ 0.65014197,  0.        , -0.22709387, ..., -0.50036387,
         -0.4962296 , -0.50366166],
        [ 0.80570444,  0.22709387,  0.        , ..., -0.29066948,
         -0.28610362, -0.2943158 ],
        ...,
        [ 0.94308566,  0.50036387,  0.29066948, ...,  0.        ,
          0.00476844, -0.00381308],
        [ 0.9414892 ,  0.4962296 ,  0.28610362, ..., -0.00476844,
          0.        , -0.00858144],
        [ 0.94434684,  0.50366166,  0.2943158 , ...,  0.00381308,
          0.00858144,  0.        ]],

       [[ 0.        , -0.09880515, -0.21283134, ...,  0.90432813,
          0.90827319,  0.90133723],
        [ 0.09880515,  0.        , -0.1152485 , ...,  0.85772928,
          0.86249096,  0.85413253],
        [ 0.21283134,  0.1152485 ,  0.        , ...,  0.79276453,
          0.79841983,  0.78850557],
        ...,
        [-0.90432813, -0.85772928, -0.79276453, ...,  0.        ,
         -0.00933483,  0.00695584],
        [-0.90827319, -0.86249096, -0.79841983, ...,  0.00933483,
          0.        ,  0.01629014],
        [-0.90133723, -0.85413253, -0.78850557, ..., -0.00695584,
         -0.01629014,  0.        ]]]), 'num': array([7.33959653e-01, 6.74215480e-01, 8.78590777e-07, 1.84416204e-08,
       9.95736214e-03, 1.00598644e-02, 9.82557352e-03, 7.68783037e-02,
       1.46431796e-04, 1.01037939e-02, 1.03929967e-02, 1.01294195e-02,
       5.87293300e-06, 1.10228833e-02, 9.76311019e-03])}
{'img': array([[[ 0.        ,  0.65823903,  0.65823903, ...,  0.99690216,
          0.99487387,  0.97694675],
        [-0.65823903,  0.        ,  0.        , ...,  0.80224851,
          0.81551349,  0.87597723],
        [-0.65823903,  0.        ,  0.        , ...,  0.80224851,
          0.81551349,  0.87597723],
        ...,
        [-0.99690216, -0.80224851, -0.80224851, ...,  0.        ,
          0.02256182,  0.1359833 ],
        [-0.99487387, -0.81551349, -0.81551349, ..., -0.02256182,
          0.        ,  0.11359644],
        [-0.97694675, -0.87597723, -0.87597723, ..., -0.1359833 ,
         -0.11359644,  0.        ]],

       [[ 0.        , -0.14089505, -0.05464731, ..., -0.16308745,
         -0.8879368 , -0.89013989],
        [ 0.14089505,  0.        ,  0.08658233, ..., -0.02245188,
         -0.81427236, -0.81705624],
        [ 0.05464731, -0.08658233,  0.        , ..., -0.10892808,
         -0.8614741 , -0.86390768],
        ...,
        [ 0.16308745,  0.02245188,  0.10892808, ...,  0.        ,
         -0.80103417, -0.80390547],
        [ 0.8879368 ,  0.81427236,  0.8614741 , ...,  0.80103417,
          0.        , -0.00481203],
        [ 0.89013989,  0.81705624,  0.86390768, ...,  0.80390547,
          0.00481203,  0.        ]],

       [[ 0.        ,  0.27983879,  0.40255988, ...,  0.63271704,
          0.78517697,  0.87303275],
        [-0.27983879,  0.        ,  0.13031375, ...,  0.82414052,
          0.92710297,  0.97461911],
        [-0.40255988, -0.13031375,  0.        , ...,  0.89092072,
          0.96803986,  0.99548163],
        ...,
        [-0.63271704, -0.82414052, -0.89092072, ...,  0.        ,
         -0.21620417, -0.36751001],
        [-0.78517697, -0.92710297, -0.96803986, ...,  0.21620417,
          0.        , -0.15774362],
        [-0.87303275, -0.97461911, -0.99548163, ...,  0.36751001,
          0.15774362,  0.        ]],

       ...,

       [[ 0.        ,  0.8089266 ,  0.84277875, ...,  0.86490165,
          0.89871263,  0.88989321],
        [-0.8089266 ,  0.        ,  0.06006482, ...,  0.1024503 ,
          0.17361675,  0.15416965],
        [-0.84277875, -0.06006482,  0.        , ...,  0.04251656,
          0.11415065,  0.09454459],
        ...,
        [-0.86490165, -0.1024503 , -0.04251656, ...,  0.        ,
          0.07180878,  0.05213298],
        [-0.89871263, -0.17361675, -0.11415065, ..., -0.07180878,
          0.        , -0.01971274],
        [-0.88989321, -0.15416965, -0.09454459, ..., -0.05213298,
          0.01971274,  0.        ]],

       [[ 0.        , -0.58692053, -0.79257287, ..., -0.85445289,
         -0.85997703, -0.87671798],
        [ 0.58692053,  0.        , -0.28381155, ..., -0.38688095,
         -0.39675094, -0.42751837],
        [ 0.79257287,  0.28381155,  0.        , ..., -0.10926139,
         -0.11991849, -0.15337132],
        ...,
        [ 0.85445289,  0.38688095,  0.10926139, ...,  0.        ,
         -0.01072762, -0.04448442],
        [ 0.85997703,  0.39675094,  0.11991849, ...,  0.01072762,
          0.        , -0.03376486],
        [ 0.87671798,  0.42751837,  0.15337132, ...,  0.04448442,
          0.03376486,  0.        ]],

       [[ 0.        , -0.1152485 , -0.21392256, ...,  0.86249096,
          0.85413253,  0.82404526],
        [ 0.1152485 ,  0.        , -0.09991656, ...,  0.79841983,
          0.78850557,  0.75326335],
        [ 0.21392256,  0.09991656,  0.        , ...,  0.73426452,
          0.7231083 ,  0.68377686],
        ...,
        [-0.86249096, -0.79841983, -0.73426452, ...,  0.        ,
          0.01629014,  0.07159519],
        [-0.85413253, -0.78850557, -0.7231083 , ..., -0.01629014,
          0.        ,  0.05533736],
        [-0.82404526, -0.75326335, -0.68377686, ..., -0.07159519,
         -0.05533736,  0.        ]]]), 'num': array([9.94081836e-01, 9.45177419e-03, 1.44798538e-05, 4.62204869e-08,
       1.34880830e-02, 1.37856143e-02, 1.33293997e-02, 1.00962665e-01,
       0.00000000e+00, 1.35515564e-02, 1.40771949e-02, 1.37568529e-02,
       7.56156751e-06, 1.49331201e-02, 1.32212697e-02])}
{'img': array([[[ 0.        ,  0.        ,  0.21143867, ...,  0.95      ,
          0.98158014,  0.98158014],
        [ 0.        ,  0.        ,  0.21143867, ...,  0.95      ,
          0.98158014,  0.98158014],
        [-0.21143867, -0.21143867,  0.        , ...,  0.8625    ,
          0.91899232,  0.91899232],
        ...,
        [-0.95      , -0.95      , -0.8625    , ...,  0.        ,
          0.125     ,  0.125     ],
        [-0.98158014, -0.98158014, -0.91899232, ..., -0.125     ,
          0.        ,  0.        ],
        [-0.98158014, -0.98158014, -0.91899232, ..., -0.125     ,
          0.        ,  0.        ]],

       [[ 0.        ,  0.08658233,  0.11697397, ..., -0.81427236,
         -0.81705624, -0.82985018],
        [-0.08658233,  0.        ,  0.03054675, ..., -0.8614741 ,
         -0.86390768, -0.87504559],
        [-0.11697397, -0.03054675,  0.        , ..., -0.87658377,
         -0.87888941, -0.88942311],
        ...,
        [ 0.81427236,  0.8614741 ,  0.87658377, ...,  0.        ,
         -0.00481203, -0.02736112],
        [ 0.81705624,  0.86390768,  0.87888941, ...,  0.00481203,
          0.        , -0.02255057],
        [ 0.82985018,  0.87504559,  0.88942311, ...,  0.02736112,
          0.02255057,  0.        ]],

       [[ 0.        ,  0.29841424,  0.63247554, ...,  0.79123609,
          0.87878482,  0.91838696],
        [-0.29841424,  0.        ,  0.3725119 , ...,  0.9376681 ,
          0.98115298,  0.99461957],
        [-0.63247554, -0.3725119 ,  0.        , ...,  0.99964153,
          0.9825183 ,  0.96162458],
        ...,
        [-0.79123609, -0.9376681 , -0.99964153, ...,  0.        ,
         -0.15979412, -0.24852451],
        [-0.87878482, -0.98115298, -0.9825183 , ...,  0.15979412,
          0.        , -0.09055038],
        [-0.91838696, -0.99461957, -0.96162458, ...,  0.24852451,
          0.09055038,  0.        ]],

       ...,

       [[ 0.        ,  0.08299748,  0.33892694, ...,  0.22979711,
          0.20543538,  0.12485286],
        [-0.08299748,  0.        ,  0.25967249, ...,  0.14822792,
          0.12349938,  0.04207405],
        [-0.33892694, -0.25967249,  0.        , ..., -0.11366073,
         -0.13842165, -0.21881177],
        ...,
        [-0.22979711, -0.14822792,  0.11366073, ...,  0.        ,
         -0.02495807, -0.10648739],
        [-0.20543538, -0.12349938,  0.13842165, ...,  0.02495807,
          0.        , -0.08163806],
        [-0.12485286, -0.04207405,  0.21881177, ...,  0.10648739,
          0.08163806,  0.        ]],

       [[ 0.        , -0.34602031, -0.62827028, ..., -0.46915208,
         -0.50174571, -0.50040865],
        [ 0.34602031,  0.        , -0.32025804, ..., -0.13459461,
         -0.17143856, -0.16991622],
        [ 0.62827028,  0.32025804,  0.        , ...,  0.18983836,
          0.1531076 ,  0.15463421],
        ...,
        [ 0.46915208,  0.13459461, -0.18983836, ...,  0.        ,
         -0.03727669, -0.03573271],
        [ 0.50174571,  0.17143856, -0.1531076 , ...,  0.03727669,
          0.        ,  0.00154501],
        [ 0.50040865,  0.16991622, -0.15463421, ...,  0.03573271,
         -0.00154501,  0.        ]],

       [[ 0.        , -0.09991656,  0.16574948, ...,  0.78850557,
          0.75326335,  0.75511657],
        [ 0.09991656,  0.        ,  0.26345454, ...,  0.7231083 ,
          0.68377686,  0.68583347],
        [-0.16574948, -0.26345454,  0.        , ...,  0.87953938,
          0.85186072,  0.8533355 ],
        ...,
        [-0.78850557, -0.7231083 , -0.87953938, ...,  0.        ,
          0.05533736,  0.05251926],
        [-0.75326335, -0.68377686, -0.85186072, ..., -0.05533736,
          0.        , -0.0028222 ],
        [-0.75511657, -0.68583347, -0.8533355 , ..., -0.05251926,
          0.0028222 ,  0.        ]]]), 'num': array([6.88475494e-01, 6.88475494e-01, 0.00000000e+00, 9.63466462e-09,
       1.01272682e-02, 1.01547879e-02, 9.45303427e-03, 2.26357928e-01,
       7.70553012e-04, 9.45028229e-03, 9.79290319e-03, 9.57572649e-03,
       7.25731815e-06, 1.04000303e-02, 9.18577608e-03])}
{'img': array([[[ 0.        ,  0.21143867, -0.3122499 , ...,  0.98158014,
          0.98158014,  0.79448226],
        [-0.21143867,  0.        , -0.50605706, ...,  0.91899232,
          0.91899232,  0.90492405],
        [ 0.3122499 ,  0.50605706,  0.        , ...,  0.99215674,
          0.99215674,  0.56513273],
        ...,
        [-0.98158014, -0.91899232, -0.99215674, ...,  0.        ,
          0.        ,  0.74788772],
        [-0.98158014, -0.91899232, -0.99215674, ...,  0.        ,
          0.        ,  0.74788772],
        [-0.79448226, -0.90492405, -0.56513273, ..., -0.74788772,
         -0.74788772,  0.        ]],

       [[ 0.        ,  0.03054675, -0.73002085, ..., -0.86390768,
         -0.87504559, -0.00580039],
        [-0.03054675,  0.        , -0.75055658, ..., -0.87888941,
         -0.88942311, -0.03634392],
        [ 0.73002085,  0.75055658,  0.        , ..., -0.22274086,
         -0.24466827,  0.72604444],
        ...,
        [ 0.86390768,  0.87888941,  0.22274086, ...,  0.        ,
         -0.02255057,  0.86097178],
        [ 0.87504559,  0.88942311,  0.24466827, ...,  0.02255057,
          0.        ,  0.87222325],
        [ 0.00580039,  0.03634392, -0.72604444, ..., -0.86097178,
         -0.87222325,  0.        ]],

       [[ 0.        ,  0.57812118,  0.65049656, ...,  0.88529457,
          0.92432959,  0.9048329 ],
        [-0.57812118,  0.        ,  0.09168491, ...,  0.991201  ,
          0.97481578,  0.98444408],
        [-0.65049656, -0.09168491,  0.        , ...,  0.97489022,
          0.95026312,  0.9641888 ],
        ...,
        [-0.88529457, -0.991201  , -0.97489022, ...,  0.        ,
         -0.09201755, -0.04384595],
        [-0.92432959, -0.97481578, -0.95026312, ...,  0.09201755,
          0.        ,  0.04826912],
        [-0.9048329 , -0.98444408, -0.9641888 , ...,  0.04384595,
         -0.04826912,  0.        ]],

       ...,

       [[ 0.        ,  0.25967249,  0.23698804, ...,  0.12349938,
          0.04207405,  0.53464555],
        [-0.25967249,  0.        , -0.0234165 , ..., -0.13842165,
         -0.21881177,  0.29686237],
        [-0.23698804,  0.0234165 ,  0.        , ..., -0.11519262,
         -0.19590272,  0.31914186],
        ...,
        [-0.12349938,  0.13842165,  0.11519262, ...,  0.        ,
         -0.08163806,  0.42618624],
        [-0.04207405,  0.21881177,  0.19590272, ...,  0.08163806,
          0.        ,  0.49861633],
        [-0.53464555, -0.29686237, -0.31914186, ..., -0.42618624,
         -0.49861633,  0.        ]],

       [[ 0.        , -0.32025804, -0.58157964, ..., -0.17143856,
         -0.16991622, -0.11584602],
        [ 0.32025804,  0.        , -0.2904215 , ...,  0.1531076 ,
          0.15463421,  0.20835734],
        [ 0.58157964,  0.2904215 ,  0.        , ...,  0.43350578,
          0.43489755,  0.48342445],
        ...,
        [ 0.17143856, -0.1531076 , -0.43350578, ...,  0.        ,
          0.00154501,  0.0561534 ],
        [ 0.16991622, -0.15463421, -0.43489755, ..., -0.00154501,
          0.        ,  0.05461076],
        [ 0.11584602, -0.20835734, -0.48342445, ..., -0.0561534 ,
         -0.05461076,  0.        ]],

       [[ 0.        ,  0.26345454,  0.38336741, ...,  0.68377686,
          0.68583347,  0.67429409],
        [-0.26345454,  0.        ,  0.12649819, ...,  0.85186072,
          0.8533355 ,  0.84502391],
        [-0.38336741, -0.12649819,  0.        , ...,  0.91127334,
          0.91243189,  0.90587789],
        ...,
        [-0.68377686, -0.85186072, -0.91127334, ...,  0.        ,
         -0.0028222 ,  0.01291742],
        [-0.68583347, -0.8533355 , -0.91243189, ...,  0.0028222 ,
          0.        ,  0.01573933],
        [-0.67429409, -0.84502391, -0.90587789, ..., -0.01291742,
         -0.01573933,  0.        ]]]), 'num': array([9.20614884e-01, 2.31639221e-01, 8.75445570e-06, 1.04318094e-08,
       1.37795133e-02, 1.37795133e-02, 1.28865588e-02, 3.12228888e-01,
       8.92954481e-04, 1.24418324e-02, 1.25372560e-02, 1.22410636e-02,
       1.09275475e-05, 1.34927021e-02, 1.15818099e-02])}
{'img': array([[[ 0.        , -0.45921555,  0.24872096, ...,  0.8453834 ,
          0.99965966,  0.45921555],
        [ 0.45921555,  0.        ,  0.6657298 , ...,  0.99626968,
          0.87604272,  0.        ],
        [-0.24872096, -0.6657298 ,  0.        , ...,  0.68596059,
          0.97473407,  0.6657298 ],
        ...,
        [-0.8453834 , -0.99626968, -0.68596059, ...,  0.        ,
          0.55603221,  0.99626968],
        [-0.99965966, -0.87604272, -0.97473407, ..., -0.55603221,
          0.        ,  0.87604272],
        [-0.45921555, -0.        , -0.6657298 , ..., -0.99626968,
         -0.87604272,  0.        ]],

       [[ 0.        , -0.75055658, -0.18023143, ..., -0.88942311,
         -0.03634392,  0.07567705],
        [ 0.75055658,  0.        ,  0.6191676 , ..., -0.24466827,
          0.72604444,  0.79841214],
        [ 0.18023143, -0.6191676 ,  0.        , ..., -0.79247707,
          0.1443636 ,  0.25415238],
        ...,
        [ 0.88942311,  0.24466827,  0.79247707, ...,  0.        ,
          0.87222325,  0.92146341],
        [ 0.03634392, -0.72604444, -0.1443636 , ..., -0.87222325,
          0.        ,  0.11186675],
        [-0.07567705, -0.79841214, -0.25415238, ..., -0.92146341,
         -0.11186675,  0.        ]],

       [[ 0.        ,  0.34707375,  0.57003325, ...,  0.947782  ,
          0.92999682,  0.72458144],
        [-0.34707375,  0.        ,  0.24943545, ...,  0.99955421,
          0.99975926,  0.91873937],
        [-0.57003325, -0.24943545,  0.        , ...,  0.96051257,
          0.97363123,  0.98819253],
        ...,
        [-0.947782  , -0.99955421, -0.96051257, ...,  0.        ,
          0.05178034,  0.42211838],
        [-0.92999682, -0.99975926, -0.97363123, ..., -0.05178034,
          0.        ,  0.37461112],
        [-0.72458144, -0.91873937, -0.98819253, ..., -0.42211838,
         -0.37461112,  0.        ]],

       ...,

       [[ 0.        , -0.0234165 ,  0.21119761, ..., -0.21881177,
          0.29686237,  0.56775687],
        [ 0.0234165 ,  0.        ,  0.23402801, ..., -0.19590272,
          0.31914186,  0.58687756],
        [-0.21119761, -0.23402801,  0.        , ..., -0.4199558 ,
          0.08848928,  0.3810931 ],
        ...,
        [ 0.21881177,  0.19590272,  0.4199558 , ...,  0.        ,
          0.49861633,  0.7341235 ],
        [-0.29686237, -0.31914186, -0.08848928, ..., -0.49861633,
          0.        ,  0.29778654],
        [-0.56775687, -0.58687756, -0.3810931 , ..., -0.7341235 ,
         -0.29778654,  0.        ]],

       [[ 0.        , -0.2904215 , -0.69533093, ...,  0.15463421,
          0.20835734,  0.50625952],
        [ 0.2904215 ,  0.        , -0.4566384 , ...,  0.43489755,
          0.48342445,  0.73489318],
        [ 0.69533093,  0.4566384 ,  0.        , ...,  0.79810136,
          0.82981462,  0.96348381],
        ...,
        [-0.15463421, -0.43489755, -0.79810136, ...,  0.        ,
          0.05461076,  0.36681649],
        [-0.20835734, -0.48342445, -0.82981462, ..., -0.05461076,
          0.        ,  0.31546508],
        [-0.50625952, -0.73489318, -0.96348381, ..., -0.36681649,
         -0.31546508,  0.        ]],

       [[ 0.        ,  0.28614779,  0.61721555, ...,  0.69099123,
          0.67940873,  0.74311593],
        [-0.28614779,  0.        ,  0.3662676 , ...,  0.86894346,
          0.8609634 ,  0.90352233],
        [-0.61721555, -0.3662676 ,  0.        , ...,  0.9898302 ,
          0.98744288,  0.99769686],
        ...,
        [-0.69099123, -0.86894346, -0.9898302 , ...,  0.        ,
          0.01590223, -0.07478556],
        [-0.67940873, -0.8609634 , -0.98744288, ..., -0.01590223,
          0.        , -0.0906338 ],
        [-0.74311593, -0.90352233, -0.99769686, ...,  0.07478556,
          0.0906338 ,  0.        ]]]), 'num': array([6.96847584e-01, 6.96847584e-01, 0.00000000e+00, 6.67503659e-07,
       1.06420973e-02, 1.06686362e-02, 1.03103611e-02, 1.67377367e-01,
       1.99041720e-04, 9.77958319e-03, 9.56063730e-03, 9.32156607e-03,
       8.98746302e-06, 1.04382485e-02, 8.68302606e-03])}
{'img': array([[[ 0.        ,  0.64503747,  0.58460126, ...,  0.92606726,
          0.51282936,  0.        ],
        [-0.64503747,  0.        , -0.07660868, ...,  0.95106554,
          0.94563762,  0.64503747],
        [-0.58460126,  0.07660868,  0.        , ...,  0.97194184,
          0.91794377,  0.58460126],
        ...,
        [-0.92606726, -0.95106554, -0.97194184, ...,  0.        ,
          0.60149949,  0.92606726],
        [-0.51282936, -0.94563762, -0.91794377, ..., -0.60149949,
          0.        ,  0.51282936],
        [-0.        , -0.64503747, -0.58460126, ..., -0.92606726,
         -0.51282936,  0.        ]],

       [[ 0.        ,  0.6191676 ,  0.18096789, ...,  0.72604444,
          0.79841214,  0.48163049],
        [-0.6191676 ,  0.        , -0.46683788, ...,  0.1443636 ,
          0.25415238, -0.16441801],
        [-0.18096789,  0.46683788,  0.        , ...,  0.58961455,
          0.67626674,  0.31508267],
        ...,
        [-0.72604444, -0.1443636 , -0.58961455, ...,  0.        ,
          0.11186675, -0.30509461],
        [-0.79841214, -0.25415238, -0.67626674, ..., -0.11186675,
          0.        , -0.40971277],
        [-0.48163049,  0.16441801, -0.31508267, ...,  0.30509461,
          0.40971277,  0.        ]],

       [[ 0.        ,  0.46968554,  0.54376572, ...,  0.94873378,
          0.76810244,  0.        ],
        [-0.46968554,  0.        ,  0.08587725, ...,  0.9860307 ,
          0.97885911,  0.46968554],
        [-0.54376572, -0.08587725,  0.        , ...,  0.968084  ,
          0.9928079 ,  0.54376572],
        ...,
        [-0.94873378, -0.9860307 , -0.968084  , ...,  0.        ,
          0.36472085,  0.94873378],
        [-0.76810244, -0.97885911, -0.9928079 , ..., -0.36472085,
          0.        ,  0.76810244],
        [-0.        , -0.46968554, -0.54376572, ..., -0.94873378,
         -0.76810244,  0.        ]],

       ...,

       [[ 0.        ,  0.23402801,  0.09720882, ...,  0.31914186,
          0.58687756,  0.71346177],
        [-0.23402801,  0.        , -0.13841033, ...,  0.08848928,
          0.3810931 ,  0.52966677],
        [-0.09720882,  0.13841033,  0.        , ...,  0.22550493,
          0.50539049,  0.64196916],
        ...,
        [-0.31914186, -0.08848928, -0.22550493, ...,  0.        ,
          0.29778654,  0.45253183],
        [-0.58687756, -0.3810931 , -0.50539049, ..., -0.29778654,
          0.        ,  0.16645096],
        [-0.71346177, -0.52966677, -0.64196916, ..., -0.45253183,
         -0.16645096,  0.        ]],

       [[ 0.        , -0.44527246, -0.870677  , ...,  0.46247686,
          0.69689442,  0.99482206],
        [ 0.44527246,  0.        , -0.56059036, ...,  0.80889205,
          0.94333358,  0.93601277],
        [ 0.870677  ,  0.56059036,  0.        , ...,  0.99944119,
          0.96719784,  0.57779709],
        ...,
        [-0.46247686, -0.80889205, -0.99944119, ...,  0.        ,
          0.28621218,  0.83503797],
        [-0.69689442, -0.94333358, -0.96719784, ..., -0.28621218,
          0.        ,  0.64263347],
        [-0.99482206, -0.93601277, -0.57779709, ..., -0.83503797,
         -0.64263347,  0.        ]],

       [[ 0.        ,  0.56520751,  0.78258372, ...,  0.68549767,
          0.74941718,  0.81099341],
        [-0.56520751,  0.        ,  0.29372416, ...,  0.97701381,
          0.9924536 ,  0.99970566],
        [-0.78258372, -0.29372416,  0.        , ...,  0.99653289,
          0.98469338,  0.96273493],
        ...,
        [-0.68549767, -0.97701381, -0.99653289, ...,  0.        ,
         -0.09176508, -0.18940985],
        [-0.74941718, -0.9924536 , -0.98469338, ...,  0.09176508,
          0.        , -0.09850671],
        [-0.81099341, -0.99970566, -0.96273493, ...,  0.18940985,
          0.09850671,  0.        ]]]), 'num': array([9.72792143e-01, 6.94757085e-03, 1.19535219e-05, 9.22366854e-07,
       1.48591473e-02, 1.51349978e-02, 1.44361765e-02, 2.28178573e-01,
       1.10340202e-04, 1.40242397e-02, 1.33447280e-02, 1.29855093e-02,
       1.22147826e-05, 1.47393802e-02, 1.19500758e-02])}
{'img': array([[[ 0.        , -0.31378231,  0.05909414, ...,  0.83195023,
          0.62028972,  0.31378231],
        [ 0.31378231,  0.        ,  0.36934354, ...,  0.61583035,
          0.34283965,  0.        ],
        [-0.05909414, -0.36934354,  0.        , ...,  0.86328473,
          0.66555755,  0.36934354],
        ...,
        [-0.83195023, -0.61583035, -0.86328473, ...,  0.        ,
          0.30839121,  0.61583035],
        [-0.62028972, -0.34283965, -0.66555755, ..., -0.30839121,
          0.        ,  0.34283965],
        [-0.31378231, -0.        , -0.36934354, ..., -0.61583035,
         -0.34283965,  0.        ]],

       [[ 0.        , -0.46683788, -0.48028031, ...,  0.25415238,
         -0.16441801, -0.18116608],
        [ 0.46683788,  0.        , -0.01526195, ...,  0.67626674,
          0.31508267,  0.29889996],
        [ 0.48028031,  0.01526195,  0.        , ...,  0.68743079,
          0.32953054,  0.31342938],
        ...,
        [-0.25415238, -0.67626674, -0.68743079, ...,  0.        ,
         -0.40971277, -0.42516414],
        [ 0.16441801, -0.31508267, -0.32953054, ...,  0.40971277,
          0.        , -0.01700323],
        [ 0.18116608, -0.29889996, -0.31342938, ...,  0.42516414,
          0.01700323,  0.        ]],

       [[ 0.        ,  0.27679858,  0.42591771, ...,  0.9309764 ,
          0.72625662,  0.        ],
        [-0.27679858,  0.        ,  0.15883943, ...,  0.9956547 ,
          0.88815819,  0.27679858],
        [-0.42591771, -0.15883943,  0.        , ...,  0.99780575,
          0.94987524,  0.42591771],
        ...,
        [-0.9309764 , -0.9956547 , -0.99780575, ...,  0.        ,
          0.37483393,  0.9309764 ],
        [-0.72625662, -0.88815819, -0.94987524, ..., -0.37483393,
          0.        ,  0.72625662],
        [-0.        , -0.27679858, -0.42591771, ..., -0.9309764 ,
         -0.72625662,  0.        ]],

       ...,

       [[ 0.        , -0.13841033, -0.02272082, ...,  0.3810931 ,
          0.52966677,  0.49392071],
        [ 0.13841033,  0.        ,  0.11587246, ...,  0.50539049,
          0.64196916,  0.60951546],
        [ 0.02272082, -0.11587246,  0.        , ...,  0.40200096,
          0.54880197,  0.51354912],
        ...,
        [-0.3810931 , -0.50539049, -0.40200096, ...,  0.        ,
          0.16645096,  0.12528471],
        [-0.52966677, -0.64196916, -0.54880197, ..., -0.16645096,
          0.        , -0.04160251],
        [-0.49392071, -0.60951546, -0.51354912, ..., -0.12528471,
          0.04160251,  0.        ]],

       [[ 0.        , -0.52973654, -0.71306007, ...,  0.87414551,
          0.97849394,  0.9096694 ],
        [ 0.52973654,  0.        , -0.23339078, ...,  0.99869125,
          0.93919332,  0.55153012],
        [ 0.71306007,  0.23339078,  0.        , ...,  0.95917367,
          0.83311185,  0.34161444],
        ...,
        [-0.87414551, -0.99869125, -0.95917367, ...,  0.        ,
          0.29490453,  0.80485534],
        [-0.97849394, -0.93919332, -0.83311185, ..., -0.29490453,
          0.        ,  0.59404349],
        [-0.9096694 , -0.55153012, -0.34161444, ..., -0.80485534,
         -0.59404349,  0.        ]],

       [[ 0.        ,  0.30742503,  0.35523964, ...,  0.98777917,
          0.99836898,  0.99999609],
        [-0.30742503,  0.        ,  0.05066289, ...,  0.98785854,
          0.96757149,  0.95070849],
        [-0.35523964, -0.05066289,  0.        , ...,  0.97871915,
          0.95353163,  0.93377774],
        ...,
        [-0.98777917, -0.98785854, -0.97871915, ...,  0.        ,
         -0.09921233, -0.15862284],
        [-0.99836898, -0.96757149, -0.95353163, ...,  0.09921233,
          0.        , -0.05988401],
        [-0.99999609, -0.95070849, -0.93377774, ...,  0.15862284,
          0.05988401,  0.        ]]]), 'num': array([7.25829056e-01, 6.70247814e-01, 6.87036372e-07, 7.74479613e-07,
       1.11162485e-02, 1.14322852e-02, 1.09925819e-02, 1.51815252e-01,
       1.37407274e-05, 1.08331895e-02, 1.00341662e-02, 9.74698501e-03,
       8.59502292e-06, 1.11871721e-02, 8.88116033e-03])}
{'img': array([[[ 0.        ,  0.3684483 ,  0.55903252, ...,  0.3684483 ,
          0.14141957,  0.        ],
        [-0.3684483 ,  0.        ,  0.21420627, ...,  0.68505462,
          0.49621575,  0.3684483 ],
        [-0.55903252, -0.21420627,  0.        , ...,  0.82520093,
          0.67067154,  0.55903252],
        ...,
        [-0.3684483 , -0.68505462, -0.82520093, ...,  0.        ,
          0.23327484,  0.3684483 ],
        [-0.14141957, -0.49621575, -0.67067154, ..., -0.23327484,
          0.        ,  0.14141957],
        [-0.        , -0.3684483 , -0.55903252, ..., -0.3684483 ,
         -0.14141957,  0.        ]],

