state_0,state_1,state_2,state_3,state_4,state_5,state_6,state_7,state_8,state_9,state_10,state_11,state_12,state_13,state_14,state_15,state_16,state_17,state_18,state_19,state_20,state_21,state_22,state_23,state_24,state_25,state_26,state_27,state_28,state_29,state_30,state_31,state_32,state_33,state_34,state_35,state_36,state_37,state_38,state_39,state_40,state_41,state_42,state_43,state_44,state_45,state_46,state_47,state_48,state_49,state_50,state_51,state_52,state_53,state_54,state_55,state_56,state_57,state_58,state_59,state_60,state_61,state_62,state_63,state_64,state_65,state_66,state_67,state_68,state_69,state_70,state_71,state_72,state_73,state_74,state_75,state_76,state_77,state_78,state_79,state_80,state_81,state_82,state_83,state_84,state_85,state_86,state_87,state_88,state_89,state_90,state_91,state_92,state_93,state_94,state_95,state_96,state_97,state_98,state_99,state_100,state_101,state_102,state_103,state_104,state_105,state_106,state_107,state_108,state_109,state_110,state_111,state_112,state_113,state_114,state_115,state_116,state_117,state_118,state_119,state_120,state_121,state_122,state_123,state_124,state_125,state_126,state_127,state_128,state_129,state_130,state_131,state_132,state_133,state_134,state_135,state_136,state_137,state_138,state_139,state_140,state_141,state_142,state_143,state_144,state_145,state_146,state_147,state_148,state_149,state_150,state_151,state_152,state_153,state_154,state_155,state_156,state_157,state_158,state_159,state_160,state_161,state_162,state_163,state_164,state_165,state_166,state_167,state_168,state_169,state_170,state_171,state_172,state_173,state_174,state_175,state_176,state_177,state_178,state_179,state_180,state_181,state_182,state_183,state_184,state_185,state_186,state_187,state_188,state_189,state_190,state_191,state_192,state_193,state_194,state_195,state_196,state_197,state_198,state_199,state_200,state_201,state_202,state_203,state_204,state_205,state_206,state_207,state_208,state_209,state_210,state_211,state_212,state_213,state_214,state_215,state_216,state_217,state_218,state_219,state_220,state_221,state_222,state_223,state_224,state_225,state_226,state_227,state_228,state_229,state_230,state_231,state_232,state_233,state_234,state_235,state_236,state_237,state_238,state_239,state_240,state_241,state_242,state_243,state_244,state_245,state_246,state_247,state_248,state_249,state_250,state_251,state_252,state_253,state_254,state_255,state_256,state_257,state_258,state_259,state_260,state_261,state_262,state_263,state_264,state_265,state_266,state_267,state_268,state_269,state_270,state_271,state_272,state_273,state_274,state_275,state_276,state_277,state_278,state_279,state_280,state_281,state_282,state_283,state_284,state_285,state_286,state_287
{'img': array([[[ 0.        , -0.37115374,  0.28278381, ...,  0.91497444,
          0.94987164,  0.37115374],
        [ 0.37115374,  0.        ,  0.61858957, ...,  0.69985421,
          0.76598609,  0.        ],
        [-0.28278381, -0.61858957,  0.        , ...,  0.99173515,
          0.99951094,  0.61858957],
        ...,
        [-0.91497444, -0.69985421, -0.99173515, ...,  0.        ,
         -0.09722664,  0.69985421],
        [-0.94987164, -0.76598609, -0.99951094, ...,  0.09722664,
          0.        ,  0.76598609],
        [-0.37115374, -0.        , -0.61858957, ..., -0.69985421,
         -0.76598609,  0.        ]],

       [[ 0.        ,  0.43966014, -0.14124871, ..., -0.70961245,
         -0.04144133,  0.25471789],
        [-0.43966014,  0.        , -0.56211671, ..., -0.94712962,
         -0.47650356, -0.19637963],
        [ 0.14124871,  0.56211671,  0.        , ..., -0.60297524,
          0.10010153,  0.38875381],
        ...,
        [ 0.70961245,  0.94712962,  0.60297524, ...,  0.        ,
          0.67980362,  0.86567841],
        [ 0.04144133,  0.47650356, -0.10010153, ..., -0.67980362,
          0.        ,  0.29457348],
        [-0.25471789,  0.19637963, -0.38875381, ..., -0.86567841,
         -0.29457348,  0.        ]],

       [[ 0.        , -0.31546814, -0.13576045, ...,  0.71442297,
          0.78182814,  0.71442297],
        [ 0.31546814,  0.        ,  0.18371943, ...,  0.45720429,
          0.54521251,  0.45720429],
        [ 0.13576045, -0.18371943,  0.        , ...,  0.61281512,
          0.6899439 ,  0.61281512],
        ...,
        [-0.71442297, -0.45720429, -0.61281512, ...,  0.        ,
         -0.10161774,  0.        ],
        [-0.78182814, -0.54521251, -0.6899439 , ...,  0.10161774,
          0.        ,  0.10161774],
        [-0.71442297, -0.45720429, -0.61281512, ...,  0.        ,
         -0.10161774,  0.        ]],

       ...,

       [[ 0.        , -0.55930955,  0.48202934, ...,  0.98999498,
          0.8951277 ,  0.95486747],
        [ 0.55930955,  0.        ,  0.88962441, ...,  0.89958515,
          0.99136975,  0.95767881],
        [-0.48202934, -0.88962441,  0.        , ...,  0.79937354,
          0.56937726,  0.69343374],
        ...,
        [-0.98999498, -0.89958515, -0.79937354, ...,  0.        ,
         -0.31504466, -0.15932611],
        [-0.8951277 , -0.99136975, -0.56937726, ...,  0.31504466,
          0.        ,  0.15980756],
        [-0.95486747, -0.95767881, -0.69343374, ...,  0.15932611,
         -0.15980756,  0.        ]],

       [[ 0.        , -0.21711323, -0.43934824, ...,  0.9114785 ,
          0.90669717,  0.69099384],
        [ 0.21711323,  0.        , -0.23383175, ...,  0.80042744,
          0.79349471,  0.51756856],
        [ 0.43934824,  0.23383175,  0.        , ...,  0.63807157,
          0.62919205,  0.30314384],
        ...,
        [-0.9114785 , -0.80042744, -0.63807157, ...,  0.        ,
          0.0114776 ,  0.37463319],
        [-0.90669717, -0.79349471, -0.62919205, ..., -0.0114776 ,
          0.        ,  0.36396679],
        [-0.69099384, -0.51756856, -0.30314384, ..., -0.37463319,
         -0.36396679,  0.        ]],

       [[ 0.        ,  0.26155327,  0.40638406, ...,  0.23904646,
          0.21474589,  0.31640265],
        [-0.26155327,  0.        ,  0.1532556 , ...,  0.48469537,
          0.4627216 ,  0.55350433],
        [-0.40638406, -0.1532556 ,  0.        , ...,  0.61301954,
          0.59311693,  0.67460392],
        ...,
        [-0.23904646, -0.48469537, -0.61301954, ...,  0.        ,
          0.02494948, -0.0804641 ],
        [-0.21474589, -0.4627216 , -0.59311693, ..., -0.02494948,
          0.        , -0.10530764],
        [-0.31640265, -0.55350433, -0.67460392, ...,  0.0804641 ,
          0.10530764,  0.        ]]]), 'num': array([7.07106012e-01, 7.07106012e-01, 0.00000000e+00, 0.00000000e+00,
       4.01503233e-04, 4.01503233e-04, 3.97667214e-04, 9.61382868e-04,
       1.27867272e-06, 3.96644276e-04, 3.94118898e-04, 3.85498512e-04,
       8.31137265e-07, 4.02088579e-04, 3.86149217e-04])}
{'img': array([[[ 0.        ,  0.60908696,  0.56133864, ...,  0.81016139,
          0.36493122,  0.        ],
        [-0.60908696,  0.        , -0.05887235, ...,  0.99959276,
          0.85650916,  0.60908696],
        [-0.56133864,  0.05887235,  0.        , ...,  0.99953897,
          0.82463767,  0.56133864],
        ...,
        [-0.81016139, -0.99959276, -0.99953897, ...,  0.        ,
          0.54036299,  0.81016139],
        [-0.36493122, -0.85650916, -0.82463767, ..., -0.54036299,
          0.        ,  0.36493122],
        [-0.        , -0.60908696, -0.56133864, ..., -0.81016139,
         -0.36493122,  0.        ]],

       [[ 0.        , -0.56211671, -0.10330974, ..., -0.47650356,
         -0.19637963, -0.41640304],
        [ 0.56211671,  0.        ,  0.47366582, ...,  0.10010153,
          0.38875381,  0.16667591],
        [ 0.10330974, -0.47366582,  0.        , ..., -0.38312682,
         -0.09403077, -0.32024781],
        ...,
        [ 0.47650356, -0.10010153,  0.38312682, ...,  0.        ,
          0.29457348,  0.06713745],
        [ 0.19637963, -0.38875381,  0.09403077, ..., -0.29457348,
          0.        , -0.22975035],
        [ 0.41640304, -0.16667591,  0.32024781, ..., -0.06713745,
          0.22975035,  0.        ]],

       [[ 0.        ,  0.18294923,  0.31416895, ...,  0.56835302,
          0.48697175,  0.        ],
        [-0.18294923,  0.        ,  0.13518055, ...,  0.70928841,
          0.63854391,  0.18294923],
        [-0.31416895, -0.13518055,  0.        , ...,  0.7980691 ,
          0.73671568,  0.31416895],
        ...,
        [-0.56835302, -0.70928841, -0.7980691 , ...,  0.        ,
          0.09573664,  0.56835302],
        [-0.48697175, -0.63854391, -0.73671568, ..., -0.09573664,
          0.        ,  0.48697175],
        [-0.        , -0.18294923, -0.31416895, ..., -0.56835302,
         -0.48697175,  0.        ]],

       ...,

       [[ 0.        ,  0.88962441,  0.82277121, ...,  0.99136975,
          0.95767881,  0.97696801],
        [-0.88962441,  0.        , -0.12988445, ...,  0.56937726,
          0.69343374,  0.63600761],
        [-0.82277121,  0.12988445,  0.        , ...,  0.67132907,
          0.78114415,  0.73084966],
        ...,
        [-0.99136975, -0.56937726, -0.67132907, ...,  0.        ,
          0.15980756,  0.08346819],
        [-0.95767881, -0.69343374, -0.78114415, ..., -0.15980756,
          0.        , -0.07685443],
        [-0.97696801, -0.63600761, -0.73084966, ..., -0.08346819,
          0.07685443,  0.        ]],

       [[ 0.        , -0.22894323, -0.46414529, ...,  0.88221301,
          0.80564254,  0.50783386],
        [ 0.22894323,  0.        , -0.24902894, ...,  0.7509832 ,
          0.64861807,  0.29712138],
        [ 0.46414529,  0.24902894,  0.        , ...,  0.56288514,
          0.43864461,  0.04997816],
        ...,
        [-0.88221301, -0.7509832 , -0.56288514, ...,  0.        ,
          0.14328752,  0.520873  ],
        [-0.80564254, -0.64861807, -0.43864461, ..., -0.14328752,
          0.        ,  0.39318304],
        [-0.50783386, -0.29712138, -0.04997816, ..., -0.520873  ,
         -0.39318304,  0.        ]],

       [[ 0.        ,  0.1744836 ,  0.20370729, ...,  0.41659659,
          0.51030327,  0.55851583],
        [-0.1744836 ,  0.        ,  0.02975744, ...,  0.56882759,
          0.6525302 ,  0.69468131],
        [-0.20370729, -0.02975744,  0.        , ...,  0.59304989,
          0.6747903 ,  0.71577873],
        ...,
        [-0.41659659, -0.56882759, -0.59304989, ...,  0.        ,
         -0.10564155, -0.16217765],
        [-0.51030327, -0.6525302 , -0.6747903 , ...,  0.10564155,
          0.        , -0.05702712],
        [-0.55851583, -0.69468131, -0.71577873, ...,  0.16217765,
          0.05702712,  0.        ]]]), 'num': array([ 9.99997918e-01,  5.09960580e-04,  3.18815935e-05, -2.57075812e-10,
        5.67890885e-04,  5.70608066e-04,  5.62456522e-04,  1.17606851e-03,
       -9.05727089e-07,  5.64267976e-04,  5.59060046e-04,  5.46983685e-04,
        1.11474103e-06,  5.70839722e-04,  5.47280369e-04])}
{'img': array([[[ 0.        , -0.11405524, -0.37770515, ...,  0.69945398,
          0.37770515,  0.6133769 ],
        [ 0.11405524,  0.        , -0.2696337 , ...,  0.6133769 ,
          0.2696337 ,  0.51929453],
        [ 0.37770515,  0.2696337 ,  0.        , ...,  0.37770515,
          0.        ,  0.2696337 ],
        ...,
        [-0.69945398, -0.6133769 , -0.37770515, ...,  0.        ,
          0.37770515,  0.11405524],
        [-0.37770515, -0.2696337 , -0.        , ..., -0.37770515,
          0.        , -0.2696337 ],
        [-0.6133769 , -0.51929453, -0.2696337 , ..., -0.11405524,
          0.2696337 ,  0.        ]],

       [[ 0.        ,  0.47366582,  0.31404073, ...,  0.38875381,
          0.16667591, -0.06206262],
        [-0.47366582,  0.        , -0.1731257 , ..., -0.09403077,
         -0.32024781, -0.52741155],
        [-0.31404073,  0.1731257 ,  0.        , ...,  0.07974776,
         -0.15140415, -0.37235818],
        ...,
        [-0.38875381,  0.09403077, -0.07974776, ...,  0.        ,
         -0.22975035, -0.44518527],
        [-0.16667591,  0.32024781,  0.15140415, ...,  0.22975035,
          0.        , -0.22754907],
        [ 0.06206262,  0.52741155,  0.37235818, ...,  0.44518527,
          0.22754907,  0.        ]],

       [[ 0.        ,  0.25194354,  0.        , ...,  0.63294893,
          0.44574237,  0.        ],
        [-0.25194354,  0.        , -0.25194354, ...,  0.80758429,
          0.65689369,  0.25194354],
        [ 0.        ,  0.25194354,  0.        , ...,  0.63294893,
          0.44574237,  0.        ],
        ...,
        [-0.63294893, -0.80758429, -0.63294893, ...,  0.        ,
          0.22150051,  0.63294893],
        [-0.44574237, -0.65689369, -0.44574237, ..., -0.22150051,
          0.        ,  0.44574237],
        [-0.        , -0.25194354, -0.        , ..., -0.63294893,
         -0.44574237,  0.        ]],

       ...,

       [[ 0.        , -0.14134987, -0.66243016, ...,  0.7192591 ,
          0.66190783,  0.53254971],
        [ 0.14134987,  0.        , -0.54989063, ...,  0.81023921,
          0.76121586,  0.6468411 ],
        [ 0.66243016,  0.54989063,  0.        , ...,  0.99903203,
          0.9923987 ,  0.95962564],
        ...,
        [-0.7192591 , -0.81023921, -0.99903203, ...,  0.        ,
         -0.07929087, -0.23879537],
        [-0.66190783, -0.76121586, -0.9923987 , ...,  0.07929087,
          0.        , -0.16104655],
        [-0.53254971, -0.6468411 , -0.95962564, ...,  0.23879537,
          0.16104655,  0.        ]],

       [[ 0.        , -0.24554397, -0.29300804, ...,  0.73256328,
          0.5926873 ,  0.29300804],
        [ 0.24554397,  0.        , -0.04927069, ...,  0.54299467,
          0.37677332,  0.04927069],
        [ 0.29300804,  0.04927069,  0.        , ...,  0.5009608 ,
          0.330676  ,  0.        ],
        ...,
        [-0.73256328, -0.54299467, -0.5009608 , ...,  0.        ,
          0.18658878,  0.5009608 ],
        [-0.5926873 , -0.37677332, -0.330676  , ..., -0.18658878,
          0.        ,  0.330676  ],
        [-0.29300804, -0.04927069, -0.        , ..., -0.5009608 ,
         -0.330676  ,  0.        ]],

       [[ 0.        ,  0.02975744,  0.00644245, ...,  0.6525302 ,
          0.69468131,  0.66558931],
        [-0.02975744,  0.        , -0.02331722, ...,  0.6747903 ,
          0.71577873,  0.68750307],
        [-0.00644245,  0.02331722,  0.        , ...,  0.65739851,
          0.69930107,  0.67038362],
        ...,
        [-0.6525302 , -0.6747903 , -0.65739851, ...,  0.        ,
         -0.05702712, -0.01736359],
        [-0.69468131, -0.71577873, -0.69930107, ...,  0.05702712,
          0.        ,  0.03968318],
        [-0.66558931, -0.68750307, -0.67038362, ...,  0.01736359,
         -0.03968318,  0.        ]]]), 'num': array([ 9.00733274e-01,  4.34370016e-01,  1.48760210e-05, -4.12072009e-09,
        5.11924543e-04,  5.13557476e-04,  5.08658676e-04,  4.53236925e-04,
        0.00000000e+00,  5.10128316e-04,  5.04698813e-04,  4.93771769e-04,
        9.52544338e-07,  5.15385173e-04,  4.94012454e-04])}
{'img': array([[[ 0.        , -0.2696337 ,  0.49443675, ...,  0.2696337 ,
          0.51929453,  0.51929453],
        [ 0.2696337 ,  0.        ,  0.71049356, ...,  0.        ,
          0.2696337 ,  0.2696337 ],
        [-0.49443675, -0.71049356,  0.        , ...,  0.71049356,
          0.87392122,  0.87392122],
        ...,
        [-0.2696337 , -0.        , -0.71049356, ...,  0.        ,
         -0.2696337 , -0.2696337 ],
        [-0.51929453, -0.2696337 , -0.87392122, ...,  0.2696337 ,
          0.        ,  0.        ],
        [-0.51929453, -0.2696337 , -0.87392122, ...,  0.2696337 ,
          0.        ,  0.        ]],

       [[ 0.        , -0.1731257 , -0.02369493, ..., -0.32024781,
         -0.52741155, -0.98589953],
        [ 0.1731257 ,  0.        ,  0.14973996, ..., -0.15140415,
         -0.37235818, -0.99998275],
        [ 0.02369493, -0.14973996,  0.        , ..., -0.29771088,
         -0.50713202, -0.9895878 ],
        ...,
        [ 0.32024781,  0.15140415,  0.29771088, ...,  0.        ,
         -0.22754907, -0.98756569],
        [ 0.52741155,  0.37235818,  0.50713202, ...,  0.22754907,
          0.        , -0.92588621],
        [ 0.98589953,  0.99998275,  0.9895878 , ...,  0.98756569,
          0.92588621,  0.        ]],

       [[ 0.        , -0.24756379,  0.14642593, ...,  0.74731548,
          0.58643804,  0.24756379],
        [ 0.24756379,  0.        ,  0.38676338, ...,  0.55955418,
          0.36765796,  0.        ],
        [-0.14642593, -0.38676338,  0.        , ...,  0.83655619,
          0.69872134,  0.38676338],
        ...,
        [-0.74731548, -0.55955418, -0.83655619, ...,  0.        ,
          0.21565099,  0.55955418],
        [-0.58643804, -0.36765796, -0.69872134, ..., -0.21565099,
          0.        ,  0.36765796],
        [-0.24756379, -0.        , -0.38676338, ..., -0.55955418,
         -0.36765796,  0.        ]],

       ...,

       [[ 0.        , -0.54989063,  0.37502393, ...,  0.76121586,
          0.6468411 ,  0.52632093],
        [ 0.54989063,  0.        ,  0.82299067, ...,  0.9923987 ,
          0.95962564,  0.90716684],
        [-0.37502393, -0.82299067,  0.        , ...,  0.46245613,
          0.31362894,  0.16902987],
        ...,
        [-0.76121586, -0.9923987 , -0.46245613, ...,  0.        ,
         -0.16104655, -0.30593281],
        [-0.6468411 , -0.95962564, -0.31362894, ...,  0.16104655,
          0.        , -0.14861454],
        [-0.52632093, -0.90716684, -0.16902987, ...,  0.30593281,
          0.14861454,  0.        ]],

       [[ 0.        , -0.04877059,  0.14357012, ...,  0.47015617,
          0.32789521,  0.04877059],
        [ 0.04877059,  0.        ,  0.19166461, ...,  0.42655258,
          0.28143075,  0.        ],
        [-0.14357012, -0.19166461,  0.        , ...,  0.591998  ,
          0.46013098,  0.19166461],
        ...,
        [-0.47015617, -0.42655258, -0.591998  , ...,  0.        ,
          0.15476834,  0.42655258],
        [-0.32789521, -0.28143075, -0.46013098, ..., -0.15476834,
          0.        ,  0.28143075],
        [-0.04877059, -0.        , -0.19166461, ..., -0.42655258,
         -0.28143075,  0.        ]],

       [[ 0.        , -0.02331722,  0.07104191, ...,  0.71577873,
          0.68750307,  0.54910641],
        [ 0.02331722,  0.        ,  0.0942809 , ...,  0.69930107,
          0.67038362,  0.52946969],
        [-0.07104191, -0.0942809 ,  0.        , ...,  0.76358069,
          0.7373553 ,  0.60709245],
        ...,
        [-0.71577873, -0.69930107, -0.76358069, ...,  0.        ,
          0.03968318,  0.2147579 ],
        [-0.68750307, -0.67038362, -0.7373553 , ..., -0.03968318,
          0.        ,  0.17583147],
        [-0.54910641, -0.52946969, -0.60709245, ..., -0.2147579 ,
         -0.17583147,  0.        ]]]), 'num': array([ 9.97532726e-01,  7.01731917e-02,  2.96755051e-05, -4.68325647e-09,
        5.66845681e-04,  5.71380447e-04,  5.66845681e-04,  1.28134333e-03,
       -1.81390618e-06,  5.68296806e-04,  5.61676049e-04,  5.49250791e-04,
        1.05811194e-06,  5.71744454e-04,  5.51607644e-04])}
{'img': array([[[ 0.        ,  0.71049356,  0.74535599, ...,  0.2696337 ,
          0.2696337 ,  0.45812285],
        [-0.71049356,  0.        ,  0.0508474 , ...,  0.87392122,
          0.87392122,  0.95393257],
        [-0.74535599, -0.0508474 ,  0.        , ...,  0.89750601,
          0.89750601,  0.96795389],
        ...,
        [-0.2696337 , -0.87392122, -0.89750601, ...,  0.        ,
          0.        , -0.20148093],
        [-0.2696337 , -0.87392122, -0.89750601, ...,  0.        ,
          0.        , -0.20148093],
        [-0.45812285, -0.95393257, -0.96795389, ...,  0.20148093,
          0.20148093,  0.        ]],

       [[ 0.        ,  0.14973996, -0.49543765, ..., -0.37235818,
         -0.99998275, -0.25083331],
        [-0.14973996,  0.        , -0.61992244, ..., -0.50713202,
         -0.9895878 , -0.39295808],
        [ 0.49543765,  0.61992244,  0.        , ...,  0.13636377,
         -0.86571878,  0.26171393],
        ...,
        [ 0.37235818,  0.50713202, -0.13636377, ...,  0.        ,
         -0.92588621,  0.12765834],
        [ 0.99998275,  0.9895878 ,  0.86571878, ...,  0.92588621,
          0.        ,  0.96654044],
        [ 0.25083331,  0.39295808, -0.26171393, ..., -0.12765834,
         -0.96654044,  0.        ]],

       [[ 0.        ,  0.38042438,  0.56210237, ...,  0.50235468,
          0.36160646,  0.        ],
        [-0.38042438,  0.        ,  0.20520233, ...,  0.79352202,
          0.68909938,  0.38042438],
        [-0.56210237, -0.20520233,  0.        , ...,  0.90150968,
          0.82313837,  0.56210237],
        ...,
        [-0.50235468, -0.79352202, -0.90150968, ...,  0.        ,
          0.15569352,  0.50235468],
        [-0.36160646, -0.68909938, -0.82313837, ..., -0.15569352,
          0.        ,  0.36160646],
        [-0.        , -0.38042438, -0.56210237, ..., -0.50235468,
         -0.36160646,  0.        ]],

       ...,

       [[ 0.        ,  0.82299067,  0.82299067, ...,  0.95962564,
          0.90716684,  0.90716684],
        [-0.82299067,  0.        ,  0.        , ...,  0.31362894,
          0.16902987,  0.16902987],
        [-0.82299067,  0.        ,  0.        , ...,  0.31362894,
          0.16902987,  0.16902987],
        ...,
        [-0.95962564, -0.31362894, -0.31362894, ...,  0.        ,
         -0.14861454, -0.14861454],
        [-0.90716684, -0.16902987, -0.16902987, ...,  0.14861454,
          0.        ,  0.        ],
        [-0.90716684, -0.16902987, -0.16902987, ...,  0.14861454,
          0.        ,  0.        ]],

       [[ 0.        ,  0.19166461,  0.31706641, ...,  0.28143075,
          0.        ,  0.2601474 ],
        [-0.19166461,  0.        ,  0.1294128 , ...,  0.46013098,
          0.19166461,  0.44038978],
        [-0.31706641, -0.1294128 ,  0.        , ...,  0.57116094,
          0.31706641,  0.55287413],
        ...,
        [-0.28143075, -0.46013098, -0.57116094, ...,  0.        ,
          0.28143075,  0.02210815],
        [-0.        , -0.19166461, -0.31706641, ..., -0.28143075,
          0.        , -0.2601474 ],
        [-0.2601474 , -0.44038978, -0.55287413, ..., -0.02210815,
          0.2601474 ,  0.        ]],

       [[ 0.        ,  0.09065968,  0.05608951, ...,  0.85166366,
          0.81177804,  0.37067137],
        [-0.09065968,  0.        , -0.03465844, ...,  0.89567017,
          0.86137726,  0.45334637],
        [-0.05608951,  0.03465844,  0.        , ...,  0.8797188 ,
          0.84325446,  0.42218175],
        ...,
        [-0.85166366, -0.89567017, -0.8797188 , ...,  0.        ,
          0.07189898,  0.59672993],
        [-0.81177804, -0.86137726, -0.84325446, ..., -0.07189898,
          0.        ,  0.53749077],
        [-0.37067137, -0.45334637, -0.42218175, ..., -0.59672993,
         -0.53749077,  0.        ]]]), 'num': array([ 7.07106170e-01,  7.07106170e-01,  0.00000000e+00, -9.08941369e-09,
        4.05001280e-04,  4.05645161e-04,  4.02425755e-04,  6.66507193e-04,
        2.57552483e-06,  4.03842293e-04,  3.99496095e-04,  3.90524684e-04,
        8.25488728e-07,  4.05979503e-04,  3.93012688e-04])}
{'img': array([[[ 0.        ,  0.07849814, -0.47497368, ...,  0.78186394,
          0.87645392,  0.47497368],
        [-0.07849814,  0.        , -0.5425864 , ...,  0.82839091,
          0.91154515,  0.5425864 ],
        [ 0.47497368,  0.5425864 ,  0.        , ...,  0.39191836,
          0.5425864 ,  0.        ],
        ...,
        [-0.78186394, -0.82839091, -0.39191836, ...,  0.        ,
         -0.16996807,  0.39191836],
        [-0.87645392, -0.91154515, -0.5425864 , ...,  0.16996807,
          0.        ,  0.5425864 ],
        [-0.47497368, -0.5425864 , -0.        , ..., -0.39191836,
         -0.5425864 ,  0.        ]],

       [[ 0.        , -0.61992244, -0.16188622, ..., -0.9895878 ,
         -0.39295808, -0.74473598],
        [ 0.61992244,  0.        ,  0.48471916, ..., -0.86571878,
          0.26171393, -0.17065589],
        [ 0.16188622, -0.48471916,  0.        , ..., -0.99983494,
         -0.23891124, -0.62687623],
        ...,
        [ 0.9895878 ,  0.86571878,  0.99983494, ...,  0.        ,
          0.96654044,  0.76760076],
        [ 0.39295808, -0.26171393,  0.23891124, ..., -0.96654044,
          0.        , -0.42258253],
        [ 0.74473598,  0.17065589,  0.62687623, ..., -0.76760076,
          0.42258253,  0.        ]],

       [[ 0.        ,  0.43668619,  0.48149675, ...,  0.42040641,
          0.21399856,  0.        ],
        [-0.43668619,  0.        ,  0.05042848, ...,  0.77442452,
          0.61908599,  0.43668619],
        [-0.48149675, -0.05042848,  0.        , ...,  0.8053436 ,
          0.65790096,  0.48149675],
        ...,
        [-0.42040641, -0.77442452, -0.8053436 , ...,  0.        ,
          0.21649869,  0.42040641],
        [-0.21399856, -0.61908599, -0.65790096, ..., -0.21649869,
          0.        ,  0.21399856],
        [-0.        , -0.43668619, -0.48149675, ..., -0.42040641,
         -0.21399856,  0.        ]],

       ...,

       [[ 0.        ,  0.        , -0.2992533 , ...,  0.16902987,
          0.16902987,  0.42461407],
        [ 0.        ,  0.        , -0.2992533 , ...,  0.16902987,
          0.16902987,  0.42461407],
        [ 0.2992533 ,  0.2992533 ,  0.        , ...,  0.45623118,
          0.45623118,  0.67609187],
        ...,
        [-0.16902987, -0.16902987, -0.45623118, ...,  0.        ,
          0.        ,  0.26546895],
        [-0.16902987, -0.16902987, -0.45623118, ...,  0.        ,
          0.        ,  0.26546895],
        [-0.42461407, -0.42461407, -0.67609187, ..., -0.26546895,
         -0.26546895,  0.        ]],

       [[ 0.        ,  0.25616317,  0.25616317, ...,  0.        ,
          0.26134018,  0.24254023],
        [-0.25616317,  0.        ,  0.        , ...,  0.25616317,
          0.49988085,  0.48296201],
        [-0.25616317,  0.        ,  0.        , ...,  0.25616317,
          0.49988085,  0.48296201],
        ...,
        [-0.        , -0.25616317, -0.25616317, ...,  0.        ,
         -0.26134018, -0.24254023],
        [-0.26134018, -0.49988085, -0.49988085, ...,  0.26134018,
          0.        ,  0.01942574],
        [-0.24254023, -0.48296201, -0.48296201, ...,  0.24254023,
         -0.01942574,  0.        ]],

       [[ 0.        , -0.03370488, -0.03370488, ...,  0.9260231 ,
          0.79359231,  0.44212928],
        [ 0.03370488,  0.        ,  0.        , ...,  0.91277449,
          0.77263368,  0.41164644],
        [ 0.03370488,  0.        ,  0.        , ...,  0.91277449,
          0.77263368,  0.41164644],
        ...,
        [-0.9260231 , -0.91277449, -0.91277449, ...,  0.        ,
          0.26388385,  0.66370851],
        [-0.79359231, -0.77263368, -0.77263368, ..., -0.26388385,
          0.        ,  0.44280017],
        [-0.44212928, -0.41164644, -0.41164644, ..., -0.66370851,
         -0.44280017,  0.        ]]]), 'num': array([ 9.99995788e-01,  3.87276693e-04,  3.12377660e-05, -1.28875754e-08,
        5.72841554e-04,  5.72841554e-04,  5.61205710e-04,  2.39963327e-03,
        9.84571421e-06,  5.63532879e-04,  5.56596125e-04,  5.43737026e-04,
        1.28889350e-06,  5.67765087e-04,  5.45427164e-04])}
{'img': array([[[ 0.        , -0.49507111,  0.17240168, ...,  0.99988489,
          0.98459944,  0.49507111],
        [ 0.49507111,  0.        ,  0.6374499 , ...,  0.86124102,
          0.76892062,  0.        ],
        [-0.17240168, -0.6374499 ,  0.        , ...,  0.9875291 ,
          0.99999697,  0.6374499 ],
        ...,
        [-0.99988489, -0.86124102, -0.9875291 , ...,  0.        ,
          0.15986657,  0.86124102],
        [-0.98459944, -0.76892062, -0.99999697, ..., -0.15986657,
          0.        ,  0.76892062],
        [-0.49507111, -0.        , -0.6374499 , ..., -0.86124102,
         -0.76892062,  0.        ]],

       [[ 0.        ,  0.41493699,  0.08677802, ...,  0.22572963,
         -0.15002139,  0.91842352],
        [-0.41493699,  0.        , -0.33441672, ..., -0.19884733,
         -0.54673803,  0.99977626],
        [-0.08677802,  0.33441672,  0.        , ...,  0.14033982,
         -0.23525139,  0.94928819],
        ...,
        [-0.22572963,  0.19884733, -0.14033982, ...,  0.        ,
         -0.36932432,  0.98401732],
        [ 0.15002139,  0.54673803,  0.23525139, ...,  0.36932432,
          0.        ,  0.84868125],
        [-0.91842352, -0.99977626, -0.94928819, ..., -0.98401732,
         -0.84868125,  0.        ]],

       [[ 0.        ,  0.21440801,  0.45307408, ...,  0.46801423,
          0.4211807 ,  0.        ],
        [-0.21440801,  0.        ,  0.25139855, ...,  0.64660702,
          0.60584888,  0.21440801],
        [-0.45307408, -0.25139855,  0.        , ...,  0.81761304,
          0.78639883,  0.45307408],
        ...,
        [-0.46801423, -0.64660702, -0.81761304, ...,  0.        ,
          0.05227182,  0.46801423],
        [-0.4211807 , -0.60584888, -0.78639883, ..., -0.05227182,
          0.        ,  0.4211807 ],
        [-0.        , -0.21440801, -0.45307408, ..., -0.46801423,
         -0.4211807 ,  0.        ]],

       ...,

       [[ 0.        , -0.2992533 ,  0.10047241, ...,  0.16902987,
          0.42461407,  0.7376126 ],
        [ 0.2992533 ,  0.        ,  0.39360716, ...,  0.45623118,
          0.67609187,  0.9058736 ],
        [-0.10047241, -0.39360716,  0.        , ...,  0.06914784,
          0.33150031,  0.66603877],
        ...,
        [-0.16902987, -0.45623118, -0.06914784, ...,  0.        ,
          0.26546895,  0.61286599],
        [-0.42461407, -0.67609187, -0.33150031, ..., -0.26546895,
          0.        ,  0.38110592],
        [-0.7376126 , -0.9058736 , -0.66603877, ..., -0.61286599,
         -0.38110592,  0.        ]],

       [[ 0.        ,  0.        ,  0.34222438, ...,  0.53576479,
          0.52832835,  0.        ],
        [ 0.        ,  0.        ,  0.34222438, ...,  0.53576479,
          0.52832835,  0.        ],
        [-0.34222438, -0.34222438,  0.        , ...,  0.79237744,
          0.7869892 ,  0.34222438],
        ...,
        [-0.53576479, -0.53576479, -0.79237744, ...,  0.        ,
          0.00878264,  0.53576479],
        [-0.52832835, -0.52832835, -0.7869892 , ..., -0.00878264,
          0.        ,  0.52832835],
        [-0.        , -0.        , -0.34222438, ..., -0.53576479,
         -0.52832835,  0.        ]],

       [[ 0.        ,  0.        , -0.06493241, ...,  0.77263368,
          0.41164644,  0.67038349],
        [ 0.        ,  0.        , -0.06493241, ...,  0.77263368,
          0.41164644,  0.67038349],
        [ 0.06493241,  0.06493241,  0.        , ...,  0.72978069,
          0.35160199,  0.62078794],
        ...,
        [-0.77263368, -0.77263368, -0.72978069, ...,  0.        ,
          0.44280017,  0.14771127],
        [-0.41164644, -0.41164644, -0.35160199, ..., -0.44280017,
          0.        , -0.30550196],
        [-0.67038349, -0.67038349, -0.62078794, ..., -0.14771127,
          0.30550196,  0.        ]]]), 'num': array([7.07105874e-01, 7.07105874e-01, 0.00000000e+00, 1.07747461e-08,
       4.06361219e-04, 4.06361219e-04, 4.02557526e-04, 1.13871162e-03,
       6.33948860e-07, 4.00909259e-04, 3.95013535e-04, 3.85726184e-04,
       8.90226059e-07, 4.04329779e-04, 3.85697290e-04])}
{'img': array([[[ 0.        ,  0.63294893,  0.35336939, ...,  0.79015798,
          0.25194354,  0.        ],
        [-0.63294893,  0.        , -0.31853721, ...,  0.99967165,
          0.80758429,  0.63294893],
        [-0.35336939,  0.31853721,  0.        , ...,  0.95576129,
          0.5776595 ,  0.35336939],
        ...,
        [-0.79015798, -0.99967165, -0.95576129, ...,  0.        ,
          0.61025201,  0.79015798],
        [-0.25194354, -0.80758429, -0.5776595 , ..., -0.61025201,
          0.        ,  0.25194354],
        [-0.        , -0.63294893, -0.35336939, ..., -0.79015798,
         -0.25194354,  0.        ]],

       [[ 0.        , -0.33441672,  0.64937295, ..., -0.54673803,
          0.99977626,  0.15725583],
        [ 0.33441672,  0.        ,  0.86629942, ..., -0.23525139,
          0.94928819,  0.47845775],
        [-0.64937295, -0.86629942,  0.        , ..., -0.95950031,
          0.74656411, -0.52170503],
        ...,
        [ 0.54673803,  0.23525139,  0.95950031, ...,  0.        ,
          0.84868125,  0.67160635],
        [-0.99977626, -0.94928819, -0.74656411, ..., -0.84868125,
          0.        , -0.9840106 ],
        [-0.15725583, -0.47845775,  0.52170503, ..., -0.67160635,
          0.9840106 ,  0.        ]],

       [[ 0.        ,  0.39608091,  0.49974773, ...,  0.59097285,
          0.44423403,  0.        ],
        [-0.39608091,  0.        ,  0.11580237, ...,  0.86215558,
          0.76275578,  0.39608091],
        [-0.49974773, -0.11580237,  0.        , ...,  0.91502576,
          0.83251201,  0.49974773],
        ...,
        [-0.59097285, -0.86215558, -0.91502576, ...,  0.        ,
          0.17109915,  0.59097285],
        [-0.44423403, -0.76275578, -0.83251201, ..., -0.17109915,
          0.        ,  0.44423403],
        [-0.        , -0.39608091, -0.49974773, ..., -0.59097285,
         -0.44423403,  0.        ]],

       ...,

       [[ 0.        ,  0.39360716,  0.15483726, ...,  0.67609187,
          0.9058736 ,  0.86219557],
        [-0.39360716,  0.        , -0.24652165, ...,  0.33150031,
          0.66603877,  0.59320628],
        [-0.15483726,  0.24652165,  0.        , ...,  0.55385142,
          0.82936772,  0.77336071],
        ...,
        [-0.67609187, -0.33150031, -0.55385142, ...,  0.        ,
          0.38110592,  0.29278901],
        [-0.9058736 , -0.66603877, -0.82936772, ..., -0.38110592,
          0.        , -0.09371211],
        [-0.86219557, -0.59320628, -0.77336071, ..., -0.29278901,
          0.09371211,  0.        ]],

       [[ 0.        ,  0.33137235,  0.36575194, ...,  0.68326583,
          0.49052927,  0.        ],
        [-0.33137235,  0.        ,  0.03667463, ...,  0.88661941,
          0.75158045,  0.33137235],
        [-0.36575194, -0.03667463,  0.        , ...,  0.90298495,
          0.77526694,  0.36575194],
        ...,
        [-0.68326583, -0.88661941, -0.90298495, ...,  0.        ,
          0.23724512,  0.68326583],
        [-0.49052927, -0.75158045, -0.77526694, ..., -0.23724512,
          0.        ,  0.49052927],
        [-0.        , -0.33137235, -0.36575194, ..., -0.68326583,
         -0.49052927,  0.        ]],

       [[ 0.        , -0.06493241, -0.05758531, ...,  0.41164644,
          0.67038349,  0.75813415],
        [ 0.06493241,  0.        ,  0.00736087, ...,  0.35160199,
          0.62078794,  0.7141919 ],
        [ 0.05758531, -0.00736087,  0.        , ...,  0.35848335,
          0.62654189,  0.71932479],
        ...,
        [-0.41164644, -0.35160199, -0.35848335, ...,  0.        ,
         -0.30550196, -0.42248665],
        [-0.67038349, -0.62078794, -0.62654189, ...,  0.30550196,
          0.        , -0.12539062],
        [-0.75813415, -0.7141919 , -0.71932479, ...,  0.42248665,
          0.12539062,  0.        ]]]), 'num': array([9.99996733e-01, 4.84159493e-04, 3.10890392e-05, 1.49367641e-08,
       5.74762858e-04, 5.76550612e-04, 5.67611842e-04, 1.93862238e-03,
       1.78775383e-06, 5.68148169e-04, 5.58092053e-04, 5.44832879e-04,
       1.27696702e-06, 5.73148242e-04, 5.43035865e-04])}
{'img': array([[[ 0.        , -0.54457881,  0.05675265, ...,  0.851823  ,
          0.80581902,  0.54457881],
        [ 0.54457881,  0.        ,  0.59130009, ...,  0.42916564,
          0.35336939,  0.        ],
        [-0.05675265, -0.59130009,  0.        , ...,  0.88017882,
          0.83812701,  0.59130009],
        ...,
        [-0.851823  , -0.42916564, -0.88017882, ...,  0.        ,
          0.08230518,  0.42916564],
        [-0.80581902, -0.35336939, -0.83812701, ..., -0.08230518,
          0.        ,  0.35336939],
        [-0.54457881, -0.        , -0.59130009, ..., -0.42916564,
         -0.35336939,  0.        ]],

       [[ 0.        ,  0.86629942,  0.0065885 , ...,  0.94928819,
          0.47845775,  0.7653677 ],
        [-0.86629942,  0.        , -0.86298949, ...,  0.74656411,
         -0.52170503, -0.17522409],
        [-0.0065885 ,  0.86298949,  0.        , ...,  0.95133906,
          0.47266193,  0.76111077],
        ...,
        [-0.94928819, -0.74656411, -0.95133906, ...,  0.        ,
         -0.9840106 , -0.85159265],
        [-0.47845775,  0.52170503, -0.47266193, ...,  0.9840106 ,
          0.        ,  0.36414529],
        [-0.7653677 ,  0.17522409, -0.76111077, ...,  0.85159265,
         -0.36414529,  0.        ]],

       [[ 0.        ,  0.31556155,  0.40928017, ...,  0.62450364,
          0.46897455,  0.        ],
        [-0.31556155,  0.        ,  0.10044692, ...,  0.83905518,
          0.72372   ,  0.31556155],
        [-0.40928017, -0.10044692,  0.        , ...,  0.88945936,
          0.78937751,  0.40928017],
        ...,
        [-0.62450364, -0.83905518, -0.88945936, ...,  0.        ,
          0.18528951,  0.62450364],
        [-0.46897455, -0.72372   , -0.78937751, ..., -0.18528951,
          0.        ,  0.46897455],
        [-0.        , -0.31556155, -0.40928017, ..., -0.62450364,
         -0.46897455,  0.        ]],

       ...,

       [[ 0.        , -0.24652165,  0.1151101 , ...,  0.66603877,
          0.59320628,  0.64296567],
        [ 0.24652165,  0.        ,  0.35644045, ...,  0.82936772,
          0.77336071,  0.81193171],
        [-0.1151101 , -0.35644045,  0.        , ...,  0.57574884,
          0.49659365,  0.55052946],
        ...,
        [-0.66603877, -0.82936772, -0.57574884, ...,  0.        ,
         -0.09371211, -0.03051665],
        [-0.59320628, -0.77336071, -0.49659365, ...,  0.09371211,
          0.        ,  0.06328611],
        [-0.64296567, -0.81193171, -0.55052946, ...,  0.03051665,
         -0.06328611,  0.        ]],

       [[ 0.        ,  0.15672777,  0.32536395, ...,  0.65691729,
          0.47825839,  0.        ],
        [-0.15672777,  0.        ,  0.17314302, ...,  0.76696589,
          0.60998933,  0.15672777],
        [-0.32536395, -0.17314302,  0.        , ...,  0.86648594,
          0.73797666,  0.32536395],
        ...,
        [-0.65691729, -0.76696589, -0.86648594, ...,  0.        ,
          0.2163284 ,  0.65691729],
        [-0.47825839, -0.60998933, -0.73797666, ..., -0.2163284 ,
          0.        ,  0.47825839],
        [-0.        , -0.15672777, -0.32536395, ..., -0.65691729,
         -0.47825839,  0.        ]],

       [[ 0.        ,  0.00736087, -0.07793032, ...,  0.62078794,
          0.7141919 ,  0.77535397],
        [-0.00736087,  0.        , -0.0852667 , ...,  0.62654189,
          0.71932479,  0.77998155],
        [ 0.07793032,  0.0852667 ,  0.        , ...,  0.55780431,
          0.65747258,  0.72378088],
        ...,
        [-0.62078794, -0.62654189, -0.55780431, ...,  0.        ,
         -0.12539062, -0.21581658],
        [-0.7141919 , -0.71932479, -0.65747258, ...,  0.12539062,
          0.        , -0.09167758],
        [-0.77535397, -0.77998155, -0.72378088, ...,  0.21581658,
          0.09167758,  0.        ]]]), 'num': array([9.95406384e-01, 9.56846488e-02, 2.75565616e-05, 1.99010231e-08,
       5.73071169e-04, 5.73071169e-04, 5.65172792e-04, 2.84455678e-03,
       8.77597502e-06, 5.62715519e-04, 5.49332157e-04, 5.35890288e-04,
       1.38568027e-06, 5.67644107e-04, 5.31020206e-04])}
{'img': array([[[ 0.        ,  0.5527708 ,  0.5527708 , ...,  0.74535599,
          0.69166109,  0.        ],
        [-0.5527708 ,  0.        ,  0.        , ...,  0.98964386,
          0.9756076 ,  0.5527708 ],
        [-0.5527708 ,  0.        ,  0.        , ...,  0.98964386,
          0.9756076 ,  0.5527708 ],
        ...,
        [-0.74535599, -0.98964386, -0.98964386, ...,  0.        ,
          0.07720527,  0.74535599],
        [-0.69166109, -0.9756076 , -0.9756076 , ..., -0.07720527,
          0.        ,  0.69166109],
        [-0.        , -0.5527708 , -0.5527708 , ..., -0.74535599,
