state_0,state_1,state_2,state_3,state_4,state_5,state_6,state_7,state_8,state_9,state_10,state_11,state_12,state_13,state_14,state_15,state_16,state_17,state_18,state_19,state_20,state_21,state_22,state_23,state_24,state_25,state_26,state_27,state_28,state_29,state_30,state_31,state_32,state_33,state_34,state_35,state_36,state_37,state_38,state_39,state_40,state_41,state_42,state_43,state_44,state_45,state_46,state_47,state_48,state_49,state_50,state_51,state_52,state_53,state_54,state_55,state_56,state_57,state_58,state_59,state_60,state_61,state_62,state_63,state_64,state_65,state_66,state_67,state_68,state_69,state_70,state_71,state_72,state_73,state_74,state_75,state_76,state_77,state_78,state_79,state_80,state_81,state_82,state_83,state_84,state_85,state_86,state_87,state_88,state_89,state_90,state_91,state_92,state_93,state_94,state_95,state_96,state_97,state_98,state_99,state_100,state_101,state_102,state_103,state_104,state_105,state_106,state_107,state_108,state_109,state_110,state_111,state_112,state_113,state_114,state_115,state_116,state_117,state_118,state_119,state_120,state_121,state_122,state_123,state_124,state_125,state_126,state_127,state_128,state_129,state_130,state_131,state_132,state_133,state_134,state_135,state_136,state_137,state_138,state_139,state_140,state_141,state_142,state_143,state_144,state_145,state_146,state_147,state_148,state_149,state_150,state_151,state_152,state_153,state_154,state_155,state_156,state_157,state_158,state_159,state_160,state_161,state_162,state_163,state_164,state_165,state_166,state_167,state_168,state_169,state_170,state_171,state_172,state_173,state_174,state_175,state_176,state_177,state_178,state_179,state_180,state_181,state_182,state_183,state_184,state_185,state_186,state_187,state_188,state_189,state_190,state_191,state_192,state_193,state_194,state_195,state_196,state_197,state_198,state_199,state_200,state_201,state_202,state_203,state_204,state_205,state_206,state_207,state_208,state_209,state_210,state_211,state_212,state_213,state_214,state_215,state_216,state_217,state_218,state_219,state_220,state_221,state_222,state_223,state_224,state_225,state_226,state_227,state_228,state_229,state_230,state_231,state_232,state_233,state_234,state_235,state_236,state_237,state_238,state_239,state_240,state_241,state_242,state_243,state_244,state_245,state_246,state_247,state_248,state_249,state_250,state_251,state_252,state_253,state_254,state_255,state_256,state_257,state_258,state_259,state_260,state_261,state_262,state_263,state_264,state_265,state_266,state_267,state_268,state_269,state_270,state_271,state_272,state_273,state_274,state_275,state_276,state_277,state_278,state_279,state_280,state_281,state_282,state_283,state_284,state_285,state_286,state_287
{'img': array([[[ 0.        ,  0.64437948,  0.73854139, ...,  0.        ,
          0.67528536,  0.91532545],
        [-0.64437948,  0.        ,  0.13032105, ...,  0.64437948,
          0.991661  ,  0.959456  ],
        [-0.73854139, -0.13032105,  0.        , ...,  0.73854139,
          0.99999893,  0.91454152],
        ...,
        [-0.        , -0.64437948, -0.73854139, ...,  0.        ,
         -0.67528536, -0.91532545],
        [-0.67528536, -0.991661  , -0.99999893, ...,  0.67528536,
          0.        , -0.40315679],
        [-0.91532545, -0.959456  , -0.91454152, ...,  0.91532545,
          0.40315679,  0.        ]],

       [[ 0.        , -0.32195104, -0.32996262, ...,  0.32618161,
          0.09584073,  0.03671791],
        [ 0.32195104,  0.        , -0.00847435, ...,  0.61315711,
          0.41120681,  0.35649685],
        [ 0.32996262,  0.00847435,  0.        , ...,  0.6198295 ,
          0.41891677,  0.3644016 ],
        ...,
        [-0.32618161, -0.61315711, -0.6198295 , ...,  0.        ,
         -0.23408117, -0.29125195],
        [-0.09584073, -0.41120681, -0.41891677, ...,  0.23408117,
          0.        , -0.05922722],
        [-0.03671791, -0.35649685, -0.3644016 , ...,  0.29125195,
          0.05922722,  0.        ]],

       [[ 0.        ,  0.22571427,  0.34762295, ...,  0.2755375 ,
          0.        ,  0.31060941],
        [-0.22571427,  0.        ,  0.12701457, ...,  0.4854038 ,
          0.22571427,  0.51714359],
        [-0.34762295, -0.12701457,  0.        , ...,  0.59252002,
          0.34762295,  0.62166677],
        ...,
        [-0.2755375 , -0.4854038 , -0.59252002, ...,  0.        ,
          0.2755375 , -0.03667705],
        [-0.        , -0.22571427, -0.34762295, ..., -0.2755375 ,
          0.        , -0.31060941],
        [-0.31060941, -0.51714359, -0.62166677, ...,  0.03667705,
          0.31060941,  0.        ]],

       ...,

       [[ 0.        ,  0.51598517,  0.58844586, ...,  0.65279993,
          0.99327434,  0.87232972],
        [-0.51598517,  0.        ,  0.08686835, ...,  0.95006123,
          0.79109315,  0.49496101],
        [-0.58844586, -0.08686835,  0.        , ...,  0.97357826,
          0.73496566,  0.41760873],
        ...,
        [-0.65279993, -0.95006123, -0.97357826, ...,  0.        ,
         -0.8280197 , -0.97998192],
        [-0.99327434, -0.79109315, -0.73496566, ...,  0.8280197 ,
          0.        , -0.38462733],
        [-0.87232972, -0.49496101, -0.41760873, ...,  0.97998192,
          0.38462733,  0.        ]],

       [[ 0.        , -0.02023058, -0.02959084, ...,  0.9155725 ,
          0.76303618,  0.51871484],
        [ 0.02023058,  0.        , -0.00936307, ...,  0.90724933,
          0.74980387,  0.5013126 ],
        [ 0.02959084,  0.00936307,  0.        , ...,  0.90327152,
          0.74357583,  0.49318908],
        ...,
        [-0.9155725 , -0.90724933, -0.90327152, ...,  0.        ,
          0.28492831,  0.57416353],
        [-0.76303618, -0.74980387, -0.74357583, ..., -0.28492831,
          0.        ,  0.3170814 ],
        [-0.51871484, -0.5013126 , -0.49318908, ..., -0.57416353,
         -0.3170814 ,  0.        ]],

       [[ 0.        , -0.00334353,  0.00760208, ..., -0.49860552,
         -0.4067503 , -0.09999818],
        [ 0.00334353,  0.        ,  0.01094547, ..., -0.49570446,
         -0.40369358, -0.09667085],
        [-0.00760208, -0.01094547,  0.        , ..., -0.50518081,
         -0.41368334, -0.10755926],
        ...,
        [ 0.49860552,  0.49570446,  0.50518081, ...,  0.        ,
          0.10291281,  0.409425  ],
        [ 0.4067503 ,  0.40369358,  0.41368334, ..., -0.10291281,
          0.        ,  0.31335924],
        [ 0.09999818,  0.09667085,  0.10755926, ..., -0.409425  ,
         -0.31335924,  0.        ]]]), 'num': array([ 7.05402335e-01,  7.05402335e-01,  0.00000000e+00,  0.00000000e+00,
        8.00127791e-04,  8.24313014e-04,  7.96096920e-04,  6.93553591e-02,
       -4.03087048e-06,  8.33180929e-04,  7.63799571e-04,  7.08778189e-04,
        7.06263632e-06,  8.79223452e-04,  6.48375689e-04])}
{'img': array([[[ 0.        ,  0.13032105,  0.13032105, ...,  0.991661  ,
          0.959456  ,  0.94766667],
        [-0.13032105,  0.        ,  0.        , ...,  0.99999893,
          0.91454152,  0.89797834],
        [-0.13032105,  0.        ,  0.        , ...,  0.99999893,
          0.91454152,  0.89797834],
        ...,
        [-0.991661  , -0.99999893, -0.99999893, ...,  0.        ,
         -0.40315679, -0.43872856],
        [-0.959456  , -0.91454152, -0.91454152, ...,  0.40315679,
          0.        , -0.03920946],
        [-0.94766667, -0.89797834, -0.89797834, ...,  0.43872856,
          0.03920946,  0.        ]],

       [[ 0.        , -0.00847435, -0.12490719, ...,  0.41120681,
          0.35649685,  0.18883139],
        [ 0.00847435,  0.        , -0.11649472, ...,  0.41891677,
          0.3644016 ,  0.1971465 ],
        [ 0.12490719,  0.11649472,  0.        , ...,  0.52184458,
          0.47040527,  0.3100126 ],
        ...,
        [-0.41120681, -0.41891677, -0.52184458, ...,  0.        ,
         -0.05922722, -0.23168124],
        [-0.35649685, -0.3644016 , -0.47040527, ...,  0.05922722,
          0.        , -0.17365879],
        [-0.18883139, -0.1971465 , -0.3100126 , ...,  0.23168124,
          0.17365879,  0.        ]],

       [[ 0.        ,  0.14880609,  0.2953672 , ...,  0.17332397,
          0.47141755,  0.59999006],
        [-0.14880609,  0.        ,  0.14991177, ...,  0.31794813,
          0.59740257,  0.71235599],
        [-0.2953672 , -0.14991177,  0.        , ...,  0.45648769,
          0.71087202,  0.80951675],
        ...,
        [-0.17332397, -0.31794813, -0.45648769, ...,  0.        ,
         -0.31142642, -0.45224866],
        [-0.47141755, -0.59740257, -0.71087202, ...,  0.31142642,
          0.        , -0.15199976],
        [-0.59999006, -0.71235599, -0.80951675, ...,  0.45224866,
          0.15199976,  0.        ]],

       ...,

       [[ 0.        ,  0.08686835,  0.18306   , ...,  0.79109315,
          0.49496101,  0.60873333],
        [-0.08686835,  0.        ,  0.09696757, ...,  0.73496566,
          0.41760873,  0.53751302],
        [-0.18306   , -0.09696757,  0.        , ...,  0.66574804,
          0.32753342,  0.45321159],
        ...,
        [-0.79109315, -0.73496566, -0.66574804, ...,  0.        ,
         -0.38462733, -0.25527389],
        [-0.49496101, -0.41760873, -0.32753342, ...,  0.38462733,
          0.        ,  0.13624799],
        [-0.60873333, -0.53751302, -0.45321159, ...,  0.25527389,
         -0.13624799,  0.        ]],

       [[ 0.        , -0.00927653, -0.121924  , ...,  0.80522376,
          0.70579289,  0.49729085],
        [ 0.00927653,  0.        , -0.11271142, ...,  0.7996884 ,
          0.69919086,  0.48922128],
        [ 0.121924  ,  0.11271142,  0.        , ...,  0.72691894,
          0.6141541 ,  0.38780148],
        ...,
        [-0.80522376, -0.7996884 , -0.72691894, ...,  0.        ,
          0.15192043,  0.40372008],
        [-0.70579289, -0.69919086, -0.6141541 , ..., -0.15192043,
          0.        ,  0.26004464],
        [-0.49729085, -0.48922128, -0.38780148, ..., -0.40372008,
         -0.26004464,  0.        ]],

       [[ 0.        ,  0.01094547,  0.24058805, ..., -0.40369358,
         -0.09667085,  0.48635502],
        [-0.01094547,  0.        ,  0.22994967, ..., -0.41368334,
         -0.10755926,  0.47676216],
        [-0.24058805, -0.22994967,  0.        , ..., -0.61194864,
         -0.3332926 ,  0.26185294],
        ...,
        [ 0.40369358,  0.41368334,  0.61194864, ...,  0.        ,
          0.31335924,  0.79769524],
        [ 0.09667085,  0.10755926,  0.3332926 , ..., -0.31335924,
          0.        ,  0.56854438],
        [-0.48635502, -0.47676216, -0.26185294, ..., -0.79769524,
         -0.56854438,  0.        ]]]), 'num': array([ 9.29909278e-01,  3.51562125e-01,  7.45292723e-05, -1.19947653e-09,
        1.04583572e-03,  1.08491979e-03,  1.02966300e-03,  1.08000732e-01,
       -2.42590760e-05,  1.09624069e-03,  1.02663062e-03,  9.50326839e-04,
        8.77091812e-06,  1.17704045e-03,  8.76220785e-04])}
{'img': array([[[ 0.        ,  0.        , -0.02478765, ...,  0.91454152,
          0.89797834,  0.81046522],
        [ 0.        ,  0.        , -0.02478765, ...,  0.91454152,
          0.89797834,  0.81046522],
        [ 0.02478765,  0.02478765,  0.        , ...,  0.92428692,
          0.90860997,  0.82473648],
        ...,
        [-0.91454152, -0.91454152, -0.92428692, ...,  0.        ,
         -0.03920946, -0.20789957],
        [-0.89797834, -0.89797834, -0.90860997, ...,  0.03920946,
          0.        , -0.16938697],
        [-0.81046522, -0.81046522, -0.82473648, ...,  0.20789957,
          0.16938697,  0.        ]],

       [[ 0.        , -0.11649472, -0.06330733, ...,  0.3644016 ,
          0.1971465 ,  0.2362673 ],
        [ 0.11649472,  0.        ,  0.05338476, ...,  0.47040527,
          0.3100126 ,  0.34785517],
        [ 0.06330733, -0.05338476,  0.        , ...,  0.42262508,
          0.25881591,  0.29730834],
        ...,
        [-0.3644016 , -0.47040527, -0.42262508, ...,  0.        ,
         -0.17365879, -0.13406269],
        [-0.1971465 , -0.3100126 , -0.25881591, ...,  0.17365879,
          0.        ,  0.04006541],
        [-0.2362673 , -0.34785517, -0.29730834, ...,  0.13406269,
         -0.04006541,  0.        ]],

       [[ 0.        ,  0.14991177,  0.29890063, ...,  0.59740257,
          0.71235599,  0.86781212],
        [-0.14991177,  0.        ,  0.15246443, ...,  0.71087202,
          0.80951675,  0.93249533],
        [-0.29890063, -0.15246443,  0.        , ...,  0.80979268,
          0.88956403,  0.9766609 ],
        ...,
        [-0.59740257, -0.71087202, -0.80979268, ...,  0.        ,
         -0.15199976, -0.39908971],
        [-0.71235599, -0.80951675, -0.88956403, ...,  0.15199976,
          0.        , -0.25508211],
        [-0.86781212, -0.93249533, -0.9766609 , ...,  0.39908971,
          0.25508211,  0.        ]],

       ...,

       [[ 0.        ,  0.09696757,  0.20245152, ...,  0.41760873,
          0.53751302,  0.38507388],
        [-0.09696757,  0.        ,  0.10653788, ...,  0.32753342,
          0.45321159,  0.29376924],
        [-0.20245152, -0.10653788,  0.        , ...,  0.2250081 ,
          0.35566402,  0.19026026],
        ...,
        [-0.41760873, -0.32753342, -0.2250081 , ...,  0.        ,
          0.13624799, -0.03551664],
        [-0.53751302, -0.45321159, -0.35566402, ..., -0.13624799,
          0.        , -0.17134747],
        [-0.38507388, -0.29376924, -0.19026026, ...,  0.03551664,
          0.17134747,  0.        ]],

       [[ 0.        , -0.11244271, -0.15886808, ...,  0.72114256,
          0.60108844,  0.48818526],
        [ 0.11244271,  0.        , -0.0468459 , ...,  0.63867041,
          0.50741422,  0.38695604],
        [ 0.15886808,  0.0468459 ,  0.        , ...,  0.60192222,
          0.46648992,  0.34333469],
        ...,
        [-0.72114256, -0.63867041, -0.60192222, ...,  0.        ,
          0.15989844,  0.29116171],
        [-0.60108844, -0.50741422, -0.46648992, ..., -0.15989844,
          0.        ,  0.13444482],
        [-0.48818526, -0.38695604, -0.34333469, ..., -0.29116171,
         -0.13444482,  0.        ]],

       [[ 0.        ,  0.16926649,  0.21846034, ..., -0.08438076,
          0.32901311,  0.95665474],
        [-0.16926649,  0.        ,  0.05013003, ..., -0.25182599,
          0.16442293,  0.89355597],
        [-0.21846034, -0.05013003,  0.        , ..., -0.30002383,
          0.11476844,  0.86992653],
        ...,
        [ 0.08438076,  0.25182599,  0.30002383, ...,  0.        ,
          0.40752261,  0.97781666],
        [-0.32901311, -0.16442293, -0.11476844, ..., -0.40752261,
          0.        ,  0.80757664],
        [-0.95665474, -0.89355597, -0.86992653, ..., -0.97781666,
         -0.80757664,  0.        ]]]), 'num': array([ 7.14343546e-01,  6.93330282e-01,  2.69400828e-06, -1.58201936e-07,
        8.08202484e-04,  8.47576451e-04,  8.06130170e-04,  9.48749932e-02,
        4.14462812e-06,  8.25402691e-04,  7.93592670e-04,  7.32373059e-04,
        6.72882853e-06,  9.05259251e-04,  6.81926089e-04])}
{'img': array([[[ 0.        , -0.02478765, -0.17307294, ...,  0.89797834,
          0.81046522,  0.8316494 ],
        [ 0.02478765,  0.        , -0.14860618, ...,  0.90860997,
          0.82473648,  0.84515848],
        [ 0.17307294,  0.14860618,  0.        , ...,  0.96058591,
          0.89961834,  0.91520658],
        ...,
        [-0.89797834, -0.90860997, -0.96058591, ...,  0.        ,
         -0.16938697, -0.1326896 ],
        [-0.81046522, -0.82473648, -0.89961834, ...,  0.16938697,
          0.        ,  0.037117  ],
        [-0.8316494 , -0.84515848, -0.91520658, ...,  0.1326896 ,
         -0.037117  ,  0.        ]],

       [[ 0.        ,  0.05338476,  0.09794547, ...,  0.3100126 ,
          0.34785517,  0.38283072],
        [-0.05338476,  0.        ,  0.04467773, ...,  0.25881591,
          0.29730834,  0.33296699],
        [-0.09794547, -0.04467773,  0.        , ...,  0.21540206,
          0.254354  ,  0.29050615],
        ...,
        [-0.3100126 , -0.25881591, -0.21540206, ...,  0.        ,
          0.04006541,  0.07757421],
        [-0.34785517, -0.29730834, -0.254354  , ..., -0.04006541,
          0.        ,  0.03756725],
        [-0.38283072, -0.33296699, -0.29050615, ..., -0.07757421,
         -0.03756725,  0.        ]],

       [[ 0.        ,  0.15246443,  0.23132524, ...,  0.80951675,
          0.93249533,  0.99196138],
        [-0.15246443,  0.        ,  0.08029175, ...,  0.88956403,
          0.9766609 ,  0.99965732],
        [-0.23132524, -0.08029175,  0.        , ...,  0.9233701 ,
          0.99075329,  0.99432801],
        ...,
        [-0.80951675, -0.88956403, -0.9233701 , ...,  0.        ,
         -0.25508211, -0.47994032],
        [-0.93249533, -0.9766609 , -0.99075329, ...,  0.25508211,
          0.        , -0.24027978],
        [-0.99196138, -0.99965732, -0.99432801, ...,  0.47994032,
          0.24027978,  0.        ]],

       ...,

       [[ 0.        ,  0.10653788, -0.10403872, ...,  0.45321159,
          0.29376924,  0.28928129],
        [-0.10653788,  0.        , -0.20940632, ...,  0.35566402,
          0.19026026,  0.18565213],
        [ 0.10403872,  0.20940632,  0.        , ...,  0.54349254,
          0.39162318,  0.38730189],
        ...,
        [-0.45321159, -0.35566402, -0.54349254, ...,  0.        ,
         -0.17134747, -0.17596793],
        [-0.29376924, -0.19026026, -0.39162318, ...,  0.17134747,
          0.        , -0.00469173],
        [-0.28928129, -0.18565213, -0.38730189, ...,  0.17596793,
          0.00469173,  0.        ]],

       [[ 0.        , -0.04680548, -0.05578237, ...,  0.5266189 ,
          0.46059598,  0.38664649],
        [ 0.04680548,  0.        , -0.00898863, ...,  0.48625233,
          0.41854617,  0.34305741],
        [ 0.05578237,  0.00898863,  0.        , ...,  0.47837826,
          0.41036583,  0.3346004 ],
        ...,
        [-0.5266189 , -0.48625233, -0.47837826, ...,  0.        ,
          0.07587883,  0.15697395],
        [-0.46059598, -0.41854617, -0.41036583, ..., -0.07587883,
          0.        ,  0.08158326],
        [-0.38664649, -0.34305741, -0.3346004 , ..., -0.15697395,
         -0.08158326,  0.        ]],

       [[ 0.        ,  0.03619036,  0.03069071, ...,  0.11600071,
          0.46915219,  0.98618377],
        [-0.03619036,  0.        , -0.00550271, ...,  0.07997867,
          0.43688452,  0.97954263],
        [-0.03069071,  0.00550271,  0.        , ...,  0.08546254,
          0.44182769,  0.98063514],
        ...,
        [-0.11600071, -0.07997867, -0.08546254, ...,  0.        ,
          0.36354277,  0.96031008],
        [-0.46915219, -0.43688452, -0.44182769, ..., -0.36354277,
          0.        ,  0.7931986 ],
        [-0.98618377, -0.97954263, -0.98063514, ..., -0.96031008,
         -0.7931986 ,  0.        ]]]), 'num': array([ 9.95507793e-01,  8.03619849e-04,  1.22049592e-04, -2.10858886e-07,
        1.12650529e-03,  1.12650529e-03,  1.07121669e-03,  9.46269975e-02,
        4.83775279e-05,  1.09554367e-03,  1.06658627e-03,  9.80105679e-04,
        9.46247602e-06,  1.21218352e-03,  9.20989017e-04])}
{'img': array([[[ 0.        , -0.14860618, -0.17843213, ...,  0.82473648,
          0.84515848,  0.97678969],
        [ 0.14860618,  0.        , -0.03022952, ...,  0.89961834,
          0.91520658,  0.9977754 ],
        [ 0.17843213,  0.03022952,  0.        , ...,  0.91240773,
          0.92697036,  0.99933466],
        ...,
        [-0.82473648, -0.89961834, -0.91240773, ...,  0.        ,
          0.037117  ,  0.37573236],
        [-0.84515848, -0.91520658, -0.92697036, ..., -0.037117  ,
          0.        ,  0.34107607],
        [-0.97678969, -0.9977754 , -0.99933466, ..., -0.37573236,
         -0.34107607,  0.        ]],

       [[ 0.        ,  0.04467773, -0.06066716, ...,  0.29730834,
          0.33296699,  0.25751612],
        [-0.04467773,  0.        , -0.10520201, ...,  0.254354  ,
          0.29050615,  0.21408805],
        [ 0.06066716,  0.10520201,  0.        , ...,  0.3546846 ,
          0.38955907,  0.31566288],
        ...,
        [-0.29730834, -0.254354  , -0.3546846 , ...,  0.        ,
          0.03756725, -0.04140969],
        [-0.33296699, -0.29050615, -0.38955907, ..., -0.03756725,
          0.        , -0.07891549],
        [-0.25751612, -0.21408805, -0.31566288, ...,  0.04140969,
          0.07891549,  0.        ]],

       [[ 0.        ,  0.08029175,  0.06353566, ...,  0.9766609 ,
          0.99965732,  0.99698126],
        [-0.08029175,  0.        , -0.016799  , ...,  0.99075329,
          0.99432801,  0.98752836],
        [-0.06353566,  0.016799  ,  0.        , ...,  0.98833426,
          0.99597439,  0.99003387],
        ...,
        [-0.9766609 , -0.99075329, -0.98833426, ...,  0.        ,
         -0.24027978, -0.28996908],
        [-0.99965732, -0.99432801, -0.99597439, ...,  0.24027978,
          0.        , -0.05151765],
        [-0.99698126, -0.98752836, -0.99003387, ...,  0.28996908,
          0.05151765,  0.        ]],

       ...,

       [[ 0.        , -0.20940632, -0.28635239, ...,  0.19026026,
          0.18565213,  0.30200725],
        [ 0.20940632,  0.        , -0.07936629, ...,  0.39162318,
          0.38730189,  0.49493958],
        [ 0.28635239,  0.07936629,  0.        , ...,  0.46341478,
          0.45925214,  0.56234185],
        ...,
        [-0.19026026, -0.39162318, -0.46341478, ...,  0.        ,
         -0.00469173,  0.11511452],
        [-0.18565213, -0.38730189, -0.45925214, ...,  0.00469173,
          0.        ,  0.11977379],
        [-0.30200725, -0.49493958, -0.56234185, ..., -0.11511452,
         -0.11977379,  0.        ]],

       [[ 0.        , -0.00890903, -0.02148989, ...,  0.58260129,
          0.57252371,  0.34019897],
        [ 0.00890903,  0.        , -0.01258207, ...,  0.57533729,
          0.56519658,  0.33180783],
        [ 0.02148989,  0.01258207,  0.        , ...,  0.56500067,
          0.55477218,  0.31991231],
        ...,
        [-0.58260129, -0.57533729, -0.56500067, ...,  0.        ,
          0.01234462,  0.27135168],
        [-0.57252371, -0.56519658, -0.55477218, ..., -0.01234462,
          0.        ,  0.25944955],
        [-0.34019897, -0.33180783, -0.31991231, ..., -0.27135168,
         -0.25944955,  0.        ]],

       [[ 0.        , -0.00449265, -0.01277331, ...,  0.33968588,
          0.66555823,  0.99999978],
        [ 0.00449265,  0.        , -0.0082809 , ...,  0.34390797,
          0.66890459,  0.99999266],
        [ 0.01277331,  0.0082809 ,  0.        , ...,  0.35167197,
          0.67503724,  0.99992665],
        ...,
        [-0.33968588, -0.34390797, -0.35167197, ...,  0.        ,
          0.37246026,  0.94031413],
        [-0.66555823, -0.66890459, -0.67503724, ..., -0.37246026,
          0.        ,  0.74590567],
        [-0.99999978, -0.99999266, -0.99992665, ..., -0.94031413,
         -0.74590567,  0.        ]]]), 'num': array([ 7.06477489e-01,  7.06477489e-01,  0.00000000e+00,  2.67314782e-07,
        7.98790450e-04,  8.09598192e-04,  7.90930273e-04,  4.21227848e-02,
       -1.96504416e-06,  7.81694565e-04,  7.62731889e-04,  6.98917080e-04,
        6.57422861e-06,  8.64921932e-04,  6.60541847e-04])}
{'img': array([[[ 0.        , -0.03022952,  0.0708353 , ...,  0.91520658,
          0.9977754 ,  0.9961001 ],
        [ 0.03022952,  0.        ,  0.10095652, ...,  0.92697036,
          0.99933466,  0.99831203],
        [-0.0708353 , -0.10095652,  0.        , ...,  0.88436204,
          0.99054676,  0.9873481 ],
        ...,
        [-0.91520658, -0.92697036, -0.88436204, ...,  0.        ,
          0.34107607,  0.32066444],
        [-0.9977754 , -0.99933466, -0.99054676, ..., -0.34107607,
          0.        , -0.0216288 ],
        [-0.9961001 , -0.99831203, -0.9873481 , ..., -0.32066444,
          0.0216288 ,  0.        ]],

       [[ 0.        , -0.10520201, -0.07703331, ...,  0.29050615,
          0.21408805,  0.10833198],
        [ 0.10520201,  0.        ,  0.02828356, ...,  0.38955907,
          0.31566288,  0.21231371],
        [ 0.07703331, -0.02828356,  0.        , ...,  0.36335403,
          0.28869914,  0.18459003],
        ...,
        [-0.29050615, -0.38955907, -0.36335403, ...,  0.        ,
         -0.07891549, -0.1851365 ],
        [-0.21408805, -0.31566288, -0.28869914, ...,  0.07891549,
          0.        , -0.10700786],
        [-0.10833198, -0.21231371, -0.18459003, ...,  0.1851365 ,
          0.10700786,  0.        ]],

       [[ 0.        , -0.016799  , -0.04440164, ...,  0.99432801,
          0.98752836,  0.99285554],
        [ 0.016799  ,  0.        , -0.02761294, ...,  0.99597439,
          0.99003387,  0.99471994],
        [ 0.04440164,  0.02761294,  0.        , ...,  0.99806979,
          0.99354507,  0.99717447],
        ...,
        [-0.99432801, -0.99597439, -0.99806979, ...,  0.        ,
         -0.05151765, -0.01304862],
        [-0.98752836, -0.99003387, -0.99354507, ...,  0.05151765,
          0.        ,  0.03848197],
        [-0.99285554, -0.99471994, -0.99717447, ...,  0.01304862,
         -0.03848197,  0.        ]],

       ...,

       [[ 0.        , -0.07936629, -0.29644062, ...,  0.38730189,
          0.49493958,  0.44804257],
        [ 0.07936629,  0.        , -0.21970662, ...,  0.45925214,
          0.56234185,  0.51758367],
        [ 0.29644062,  0.21970662,  0.        , ...,  0.64319747,
          0.73027806,  0.69292517],
        ...,
        [-0.38730189, -0.45925214, -0.64319747, ...,  0.        ,
          0.11977379,  0.06682155],
        [-0.49493958, -0.56234185, -0.73027806, ..., -0.11977379,
          0.        , -0.05316557],
        [-0.44804257, -0.51758367, -0.69292517, ..., -0.06682155,
          0.05316557,  0.        ]],

       [[ 0.        , -0.0124726 , -0.0019378 , ...,  0.64768285,
          0.56113964,  0.32907952],
        [ 0.0124726 ,  0.        ,  0.01053493, ...,  0.63812947,
          0.55077216,  0.31727602],
        [ 0.0019378 , -0.01053493,  0.        , ...,  0.64620521,
          0.55953463,  0.32724904],
        ...,
        [-0.64768285, -0.63812947, -0.64620521, ...,  0.        ,
          0.10856286,  0.36087935],
        [-0.56113964, -0.55077216, -0.55953463, ..., -0.10856286,
          0.        ,  0.25749933],
        [-0.32907952, -0.31727602, -0.32724904, ..., -0.36087935,
         -0.25749933,  0.        ]],

       [[ 0.        , -0.00743042, -0.0050289 , ...,  0.57993228,
          0.84744251,  0.99369354],
        [ 0.00743042,  0.        ,  0.00240157, ...,  0.58596957,
          0.85136383,  0.99283294],
        [ 0.0050289 , -0.00240157,  0.        , ...,  0.58402181,
          0.85010157,  0.99311709],
        ...,
        [-0.57993228, -0.58596957, -0.58402181, ...,  0.        ,
          0.38250288,  0.87455485],
        [-0.84744251, -0.85136383, -0.85010157, ..., -0.38250288,
          0.        ,  0.62256289],
        [-0.99369354, -0.99283294, -0.99311709, ..., -0.87455485,
         -0.62256289,  0.        ]]]), 'num': array([9.99233869e-01, 3.46586447e-04, 1.22113360e-04, 3.73817253e-07,
       1.12996299e-03, 1.12996299e-03, 1.11476789e-03, 3.90130082e-02,
       6.90686424e-06, 1.10565083e-03, 1.07926661e-03, 9.86139053e-04,
       9.01359117e-06, 1.22004226e-03, 9.38490954e-04])}
{'img': array([[[ 0.        ,  0.10095652,  0.39619037, ...,  0.99933466,
          0.99831203,  0.99999412],
        [-0.10095652,  0.        ,  0.30147109, ...,  0.99054676,
          0.9873481 ,  0.99453866],
        [-0.39619037, -0.30147109,  0.        , ...,  0.90310744,
          0.89360845,  0.91680387],
        ...,
        [-0.99933466, -0.99054676, -0.90310744, ...,  0.        ,
         -0.0216288 ,  0.0330441 ],
        [-0.99831203, -0.9873481 , -0.89360845, ...,  0.0216288 ,
          0.        ,  0.05465336],
        [-0.99999412, -0.99453866, -0.91680387, ..., -0.0330441 ,
         -0.05465336,  0.        ]],

       [[ 0.        ,  0.02828356,  0.2397576 , ...,  0.31566288,
          0.21231371,  0.13340574],
        [-0.02828356,  0.        ,  0.21220307, ...,  0.28869914,
          0.18459003,  0.10532163],
        [-0.2397576 , -0.21220307,  0.        , ...,  0.07895675,
         -0.02817039, -0.10809986],
        ...,
        [-0.31566288, -0.28869914, -0.07895675, ...,  0.        ,
         -0.10700786, -0.18625644],
        [-0.21231371, -0.18459003,  0.02817039, ...,  0.10700786,
          0.        , -0.08005164],
        [-0.13340574, -0.10532163,  0.10809986, ...,  0.18625644,
          0.08005164,  0.        ]],

       [[ 0.        , -0.02761294,  0.03326966, ...,  0.99003387,
          0.99471994,  0.99923767],
        [ 0.02761294,  0.        ,  0.06085464, ...,  0.99354507,
          0.99717447,  0.99993465],
        [-0.03326966, -0.06085464,  0.        , ...,  0.98480044,
          0.99075492,  0.99738568],
        ...,
        [-0.99003387, -0.99354507, -0.98480044, ...,  0.        ,
          0.03848197,  0.10207181],
        [-0.99471994, -0.99717447, -0.99075492, ..., -0.03848197,
          0.        ,  0.06371523],
        [-0.99923767, -0.99993465, -0.99738568, ..., -0.10207181,
         -0.06371523,  0.        ]],

       ...,

       [[ 0.        , -0.21970662,  0.18431385, ...,  0.56234185,
          0.51758367,  0.46853946],
        [ 0.21970662,  0.        ,  0.39575281, ...,  0.73027806,
          0.69292517,  0.65118934],
        [-0.18431385, -0.39575281,  0.        , ...,  0.40029748,
          0.3510112 ,  0.29768148],
        ...,
        [-0.56234185, -0.73027806, -0.40029748, ...,  0.        ,
         -0.05316557, -0.10935918],
        [-0.51758367, -0.69292517, -0.3510112 , ...,  0.05316557,
          0.        , -0.05635781],
        [-0.46853946, -0.65118934, -0.29768148, ...,  0.10935918,
          0.05635781,  0.        ]],

       [[ 0.        ,  0.01045611,  0.14204995, ...,  0.62507748,
          0.53291544,  0.31502529],
        [-0.01045611,  0.        ,  0.13169211, ...,  0.63320496,
          0.54173394,  0.32493178],
        [-0.14204995, -0.13169211,  0.        , ...,  0.72961777,
          0.6477096 ,  0.446648  ],
        ...,
        [-0.62507748, -0.63320496, -0.72961777, ...,  0.        ,
          0.11294696,  0.3473536 ],
        [-0.53291544, -0.54173394, -0.6477096 , ..., -0.11294696,
          0.        ,  0.23921665],
        [-0.31502529, -0.32493178, -0.446648  , ..., -0.3473536 ,
         -0.23921665,  0.        ]],

       [[ 0.        ,  0.00216468, -0.07778846, ...,  0.7441268 ,
          0.89254735,  0.97546202],
        [-0.00216468,  0.        , -0.0799464 , ...,  0.74267897,
          0.89156909,  0.97593632],
        [ 0.07778846,  0.0799464 ,  0.        , ...,  0.7938377 ,
          0.92492183,  0.95537974],
        ...,
        [-0.7441268 , -0.74267897, -0.7938377 , ...,  0.        ,
          0.26068918,  0.81547884],
        [-0.89254735, -0.89156909, -0.92492183, ..., -0.26068918,
          0.        ,  0.63639837],
        [-0.97546202, -0.97593632, -0.95537974, ..., -0.81547884,
         -0.63639837,  0.        ]]]), 'num': array([ 7.06712157e-01,  7.06712157e-01,  0.00000000e+00,  3.10012345e-07,
        7.91677337e-04,  8.08313326e-04,  7.89720162e-04,  3.33322581e-02,
       -8.80728805e-06,  7.89720162e-04,  7.69903764e-04,  7.00962270e-04,
        5.95661994e-06,  8.63246604e-04,  6.76560924e-04])}
{'img': array([[[ 0.        ,  0.30147109,  0.27090769, ...,  0.9873481 ,
          0.99453866,  0.97974005],
        [-0.30147109,  0.        , -0.03189388, ...,  0.89360845,
          0.91680387,  0.87378131],
        [-0.27090769,  0.03189388,  0.        , ...,  0.90746933,
          0.92907389,  0.88884739],
        ...,
        [-0.9873481 , -0.89360845, -0.90746933, ...,  0.        ,
          0.05465336, -0.0423844 ],
        [-0.99453866, -0.91680387, -0.92907389, ..., -0.05465336,
          0.        , -0.0969253 ],
        [-0.97974005, -0.87378131, -0.88884739, ...,  0.0423844 ,
          0.0969253 ,  0.        ]],

       [[ 0.        ,  0.21220307,  0.12885502, ...,  0.18459003,
          0.10532163,  0.13956457],
        [-0.21220307,  0.        , -0.08451361, ..., -0.02817039,
         -0.10809986, -0.07374017],
        [-0.12885502,  0.08451361,  0.        , ...,  0.05641046,
         -0.02369474,  0.01080717],
        ...,
        [-0.18459003,  0.02817039, -0.05641046, ...,  0.        ,
         -0.08005164, -0.04561721],
        [-0.10532163,  0.10809986,  0.02369474, ...,  0.08005164,
          0.        ,  0.0344975 ],
        [-0.13956457,  0.07374017, -0.01080717, ...,  0.04561721,
         -0.0344975 ,  0.        ]],

       [[ 0.        ,  0.06085464,  0.11451913, ...,  0.99717447,
          0.99993465,  0.99666026],
        [-0.06085464,  0.        ,  0.05385261, ...,  0.99075492,
          0.99738568,  0.99978247],
        [-0.11451913, -0.05385261,  0.        , ...,  0.98201137,
          0.99204687,  0.99945488],
        ...,
        [-0.99717447, -0.99075492, -0.98201137, ...,  0.        ,
          0.06371523,  0.15629859],
        [-0.99993465, -0.99738568, -0.99204687, ..., -0.06371523,
          0.        ,  0.09304885],
        [-0.99666026, -0.99978247, -0.99945488, ..., -0.15629859,
         -0.09304885,  0.        ]],

       ...,

       [[ 0.        ,  0.39575281,  0.43408469, ...,  0.69292517,
          0.65118934,  0.5333188 ],
        [-0.39575281,  0.        ,  0.0421221 , ...,  0.3510112 ,
          0.29768148,  0.15500413],
        [-0.43408469, -0.0421221 ,  0.        , ...,  0.31125774,
          0.25720478,  0.11325356],
        ...,
        [-0.69292517, -0.3510112 , -0.31125774, ...,  0.        ,
         -0.05635781, -0.2016274 ],
        [-0.65118934, -0.29768148, -0.25720478, ...,  0.05635781,
          0.        , -0.14610659],
        [-0.5333188 , -0.15500413, -0.11325356, ...,  0.2016274 ,
          0.14610659,  0.        ]],

       [[ 0.        ,  0.13169211,  0.21302815, ...,  0.54173394,
          0.32493178,  0.45974831],
        [-0.13169211,  0.        ,  0.08250356, ...,  0.6477096 ,
          0.446648  ,  0.57269329],
        [-0.21302815, -0.08250356,  0.        , ...,  0.70835982,
          0.51894202,  0.63837477],
        ...,
        [-0.54173394, -0.6477096 , -0.70835982, ...,  0.        ,
          0.23921665,  0.09464497],
        [-0.32493178, -0.446648  , -0.51894202, ..., -0.23921665,
          0.        , -0.14624577],
        [-0.45974831, -0.57269329, -0.63837477, ..., -0.09464497,
          0.14624577,  0.        ]],

       [[ 0.        , -0.06994766, -0.09630442, ...,  0.75654135,
          0.88886898,  0.93879281],
        [ 0.06994766,  0.        , -0.026446  , ...,  0.80043031,
          0.91873916,  0.91239766],
        [ 0.09630442,  0.026446  ,  0.        , ...,  0.81600277,
          0.92886042,  0.90125406],
        ...,
        [-0.75654135, -0.80043031, -0.81600277, ...,  0.        ,
          0.23465407,  0.87453478],
        [-0.88886898, -0.91873916, -0.92886042, ..., -0.23465407,
          0.        ,  0.73631834],
        [-0.93879281, -0.91239766, -0.90125406, ..., -0.87453478,
         -0.73631834,  0.        ]]]), 'num': array([ 9.09958387e-01,  4.13030837e-01,  6.15771437e-05,  3.98731834e-07,
        1.01829416e-03,  1.02712695e-03,  1.00441407e-03,  3.70575794e-02,
       -2.52365343e-06,  1.02510802e-03,  9.99492942e-04,  9.06706617e-04,
        5.98053287e-06,  1.10921209e-03,  8.89773789e-04])}
{'img': array([[[ 0.        , -0.03189388,  0.20811164, ...,  0.91680387,
          0.87378131,  0.86347407],
        [ 0.03189388,  0.        ,  0.23920134, ...,  0.92907389,
          0.88884739,  0.87912184],
        [-0.20811164, -0.23920134,  0.        , ...,  0.81362368,
          0.75344128,  0.73959827],
        ...,
        [-0.91680387, -0.92907389, -0.81362368, ...,  0.        ,
         -0.0969253 , -0.11761186],
        [-0.87378131, -0.88884739, -0.75344128, ...,  0.0969253 ,
          0.        , -0.0208055 ],
        [-0.86347407, -0.87912184, -0.73959827, ...,  0.11761186,
          0.0208055 ,  0.        ]],

       [[ 0.        , -0.08451361,  0.07762051, ..., -0.10809986,
         -0.07374017, -0.10111087],
        [ 0.08451361,  0.        ,  0.16160144, ..., -0.02369474,
          0.01080717, -0.01666864],
        [-0.07762051, -0.16160144,  0.        , ..., -0.18493937,
         -0.15092688, -0.17802853],
        ...,
        [ 0.10809986,  0.02369474,  0.18493937, ...,  0.        ,
          0.0344975 ,  0.0070275 ],
        [ 0.07374017, -0.01080717,  0.15092688, ..., -0.0344975 ,
          0.        , -0.02747333],
        [ 0.10111087,  0.01666864,  0.17802853, ..., -0.0070275 ,
          0.02747333,  0.        ]],

       [[ 0.        ,  0.05385261,  0.20193771, ...,  0.99738568,
          0.99978247,  0.99464836],
        [-0.05385261,  0.        ,  0.14890152, ...,  0.99204687,
          0.99945488,  0.99876897],
        [-0.20193771, -0.14890152,  0.        , ...,  0.96224547,
          0.98339714,  0.99502081],
        ...,
        [-0.99738568, -0.99204687, -0.96224547, ...,  0.        ,
          0.09304885,  0.1749234 ],
        [-0.99978247, -0.99945488, -0.98339714, ..., -0.09304885,
          0.        ,  0.08255027],
        [-0.99464836, -0.99876897, -0.99502081, ..., -0.1749234 ,
         -0.08255027,  0.        ]],

       ...,

       [[ 0.        ,  0.0421221 ,  0.50011785, ...,  0.29768148,
          0.15500413, -0.3018634 ],
        [-0.0421221 ,  0.        ,  0.46319805, ...,  0.25720478,
          0.11325356, -0.34175264],
        [-0.50011785, -0.46319805,  0.        , ..., -0.21966567,
         -0.35984638, -0.73818878],
        ...,
        [-0.29768148, -0.25720478,  0.21966567, ...,  0.        ,
         -0.14610659, -0.57197349],
        [-0.15500413, -0.11325356,  0.35984638, ...,  0.14610659,
          0.        , -0.44598839],
        [ 0.3018634 ,  0.34175264,  0.73818878, ...,  0.57197349,
          0.44598839,  0.        ]],

       [[ 0.        ,  0.08250356,  0.24318719, ...,  0.446648  ,
          0.57269329,  0.68342255],
        [-0.08250356,  0.        ,  0.16233135, ...,  0.51894202,
          0.63837477,  0.7413221 ],
        [-0.24318719, -0.16233135,  0.        , ...,  0.6508213 ,
          0.75485817,  0.84043802],
        ...,
        [-0.446648  , -0.51894202, -0.6508213 , ...,  0.        ,
         -0.14624577, -0.2854015 ],
        [-0.57269329, -0.63837477, -0.75485817, ...,  0.14624577,
          0.        , -0.14216982],
        [-0.68342255, -0.7413221 , -0.84043802, ...,  0.2854015 ,
          0.14216982,  0.        ]],

       [[ 0.        , -0.02354312, -0.10991379, ...,  0.81473377,
          0.95863084,  0.8648777 ],
        [ 0.02354312,  0.        , -0.08648285, ...,  0.82815907,
          0.96506673,  0.85281974],
        [ 0.10991379,  0.08648285,  0.        , ...,  0.87352928,
          0.98410982,  0.8044627 ],
        ...,
        [-0.81473377, -0.82815907, -0.87352928, ...,  0.        ,
          0.3239321 ,  0.91046876],
        [-0.95863084, -0.96506673, -0.98410982, ..., -0.3239321 ,
          0.        ,  0.72740544],
        [-0.8648777 , -0.85281974, -0.8044627 , ..., -0.91046876,
         -0.72740544,  0.        ]]]), 'num': array([ 7.06460644e-01,  7.06460644e-01,  0.00000000e+00,  2.87111188e-07,
        7.64804330e-04,  7.95200400e-04,  7.55979665e-04,  4.26845141e-02,
       -2.64739961e-05,  7.89709497e-04,  7.80345547e-04,  7.05924202e-04,
        3.96767900e-06,  8.56400597e-04,  7.04290496e-04])}
{'img': array([[[ 0.        ,  0.23920134,  0.45595424, ...,  0.88884739,
          0.87912184,  0.72483145],
        [-0.23920134,  0.        ,  0.22982792, ...,  0.75344128,
          0.73959827,  0.53899751],
        [-0.45595424, -0.22982792,  0.        , ...,  0.58215727,
          0.56511481,  0.33098349],
        ...,
        [-0.88884739, -0.75344128, -0.58215727, ...,  0.        ,
         -0.0208055 , -0.28023008],
        [-0.87912184, -0.73959827, -0.56511481, ...,  0.0208055 ,
          0.        , -0.26019754],
