state_0,state_1,state_2,state_3,state_4,state_5,state_6,state_7,state_8,state_9,state_10,state_11,state_12,state_13,state_14,state_15,state_16,state_17,state_18,state_19,state_20,state_21,state_22,state_23,state_24,state_25,state_26,state_27,state_28,state_29,state_30,state_31,state_32,state_33,state_34,state_35,state_36,state_37,state_38,state_39,state_40,state_41,state_42,state_43,state_44,state_45,state_46,state_47,state_48,state_49,state_50,state_51,state_52,state_53,state_54,state_55,state_56,state_57,state_58,state_59,state_60,state_61,state_62,state_63,state_64,state_65,state_66,state_67,state_68,state_69,state_70,state_71,state_72,state_73,state_74,state_75,state_76,state_77,state_78,state_79,state_80,state_81,state_82,state_83,state_84,state_85,state_86,state_87,state_88,state_89,state_90,state_91,state_92,state_93,state_94,state_95,state_96,state_97,state_98,state_99,state_100,state_101,state_102,state_103,state_104,state_105,state_106,state_107,state_108,state_109,state_110,state_111,state_112,state_113,state_114,state_115,state_116,state_117,state_118,state_119,state_120,state_121,state_122,state_123,state_124,state_125,state_126,state_127,state_128,state_129,state_130,state_131,state_132,state_133,state_134,state_135,state_136,state_137,state_138,state_139,state_140,state_141,state_142,state_143,state_144,state_145,state_146,state_147,state_148,state_149,state_150,state_151,state_152,state_153,state_154,state_155,state_156,state_157,state_158,state_159,state_160,state_161,state_162,state_163,state_164,state_165,state_166,state_167,state_168,state_169,state_170,state_171,state_172,state_173,state_174,state_175,state_176,state_177,state_178,state_179,state_180,state_181,state_182,state_183,state_184,state_185,state_186,state_187,state_188,state_189,state_190,state_191,state_192,state_193,state_194,state_195,state_196,state_197,state_198,state_199,state_200,state_201,state_202,state_203,state_204,state_205,state_206,state_207,state_208,state_209,state_210,state_211,state_212,state_213,state_214,state_215,state_216,state_217,state_218,state_219,state_220,state_221,state_222,state_223,state_224,state_225,state_226,state_227,state_228,state_229,state_230,state_231,state_232,state_233,state_234,state_235,state_236,state_237,state_238,state_239,state_240,state_241,state_242,state_243,state_244,state_245,state_246,state_247,state_248,state_249,state_250,state_251,state_252,state_253,state_254,state_255,state_256,state_257,state_258,state_259,state_260,state_261,state_262,state_263,state_264,state_265,state_266,state_267,state_268,state_269,state_270,state_271,state_272,state_273,state_274,state_275,state_276,state_277,state_278,state_279,state_280,state_281,state_282,state_283,state_284,state_285,state_286,state_287
{'img': array([[[ 0.00000000e+00, -2.16419553e-01, -4.00288687e-01, ...,
         -9.95822718e-01, -9.97387206e-01, -9.99313789e-01],
        [ 2.16419553e-01,  0.00000000e+00, -1.92477509e-01, ...,
         -9.52461380e-01, -9.89383946e-01, -9.83646654e-01],
        [ 4.00288687e-01,  1.92477509e-01,  0.00000000e+00, ...,
         -8.76011599e-01, -9.42912008e-01, -9.30586888e-01],
        ...,
        [ 9.95822718e-01,  9.52461380e-01,  8.76011599e-01, ...,
          0.00000000e+00, -1.63008450e-01, -1.28130263e-01],
        [ 9.97387206e-01,  9.89383946e-01,  9.42912008e-01, ...,
          1.63008450e-01,  0.00000000e+00,  3.52483490e-02],
        [ 9.99313789e-01,  9.83646654e-01,  9.30586888e-01, ...,
          1.28130263e-01, -3.52483490e-02,  0.00000000e+00]],

       [[ 0.00000000e+00,  2.53440521e-01,  2.17128975e-01, ...,
          2.18959431e-01,  3.21763154e-01,  9.67051834e-01],
        [-2.53440521e-01,  0.00000000e+00, -3.73542462e-02, ...,
         -3.54799055e-02,  7.12952972e-02,  8.70957756e-01],
        [-2.17128975e-01,  3.73542462e-02,  0.00000000e+00, ...,
          1.87558396e-03,  1.08504728e-01,  8.88704207e-01],
        ...,
        [-2.18959431e-01,  3.54799055e-02, -1.87558396e-03, ...,
          0.00000000e+00,  1.06640027e-01,  8.87842724e-01],
        [-3.21763154e-01, -7.12952972e-02, -1.08504728e-01, ...,
         -1.06640027e-01,  0.00000000e+00,  8.33709881e-01],
        [-9.67051834e-01, -8.70957756e-01, -8.88704207e-01, ...,
         -8.87842724e-01, -8.33709881e-01,  0.00000000e+00]],

       [[ 0.00000000e+00, -4.44334112e-01, -6.24479263e-01, ...,
         -7.07937552e-01, -6.85962547e-01, -6.65577841e-01],
        [ 4.44334112e-01,  0.00000000e+00, -2.12403377e-01, ...,
         -9.48035838e-01, -9.37841068e-01, -9.27884513e-01],
        [ 6.24479263e-01,  2.12403377e-01,  0.00000000e+00, ...,
         -9.93982640e-01, -9.90159263e-01, -9.85910474e-01],
        ...,
        [ 7.07937552e-01,  9.48035838e-01,  9.93982640e-01, ...,
          0.00000000e+00, -3.06432288e-02, -5.82729151e-02],
        [ 6.85962547e-01,  9.37841068e-01,  9.90159263e-01, ...,
          3.06432288e-02,  0.00000000e+00, -2.76543929e-02],
        [ 6.65577841e-01,  9.27884513e-01,  9.85910474e-01, ...,
          5.82729151e-02,  2.76543929e-02,  0.00000000e+00]],

       ...,

       [[ 0.00000000e+00, -9.38150383e-01, -9.90977610e-01, ...,
         -8.97736675e-01, -9.98500553e-01, -9.98510178e-01],
        [ 9.38150383e-01,  0.00000000e+00, -4.68842209e-01, ...,
          1.02464097e-01, -2.94353020e-01, -3.96903139e-01],
        [ 9.90977610e-01,  4.68842209e-01,  0.00000000e+00, ...,
          5.56879239e-01,  1.88074274e-01,  7.97543700e-02],
        ...,
        [ 8.97736675e-01, -1.02464097e-01, -5.56879239e-01, ...,
          0.00000000e+00, -3.90728358e-01, -4.88861868e-01],
        [ 9.98500553e-01,  2.94353020e-01, -1.88074274e-01, ...,
          3.90728358e-01,  0.00000000e+00, -1.09144035e-01],
        [ 9.98510178e-01,  3.96903139e-01, -7.97543700e-02, ...,
          4.88861868e-01,  1.09144035e-01,  0.00000000e+00]],

       [[ 0.00000000e+00, -3.16503079e-02, -2.02554537e-02, ...,
         -9.34192378e-01, -9.33862685e-01, -7.80200967e-01],
        [ 3.16503079e-02,  0.00000000e+00,  1.13985086e-02, ...,
         -9.45016221e-01, -9.44713979e-01, -7.99608273e-01],
        [ 2.02554537e-02, -1.13985086e-02,  0.00000000e+00, ...,
         -9.41227248e-01, -9.40915085e-01, -7.92711271e-01],
        ...,
        [ 9.34192378e-01,  9.45016221e-01,  9.41227248e-01, ...,
          0.00000000e+00, -9.22989777e-04, -3.06012320e-01],
        [ 9.33862685e-01,  9.44713979e-01,  9.40915085e-01, ...,
          9.22989777e-04,  0.00000000e+00, -3.05133478e-01],
        [ 7.80200967e-01,  7.99608273e-01,  7.92711271e-01, ...,
          3.06012320e-01,  3.05133478e-01,  0.00000000e+00]],

       [[ 0.00000000e+00,  1.02578174e-01,  6.35112292e-02, ...,
         -9.78604818e-01, -9.78287737e-01, -9.75591644e-01],
        [-1.02578174e-01,  0.00000000e+00, -3.91948778e-02, ...,
         -9.94547971e-01, -9.94386677e-01, -9.92970761e-01],
        [-6.35112292e-02,  3.91948778e-02,  0.00000000e+00, ...,
         -9.89696502e-01, -9.89475481e-01, -9.87568646e-01],
        ...,
        [ 9.78604818e-01,  9.94547971e-01,  9.89696502e-01, ...,
          0.00000000e+00,  1.53549703e-03,  1.41675441e-02],
        [ 9.78287737e-01,  9.94386677e-01,  9.89475481e-01, ...,
         -1.53549703e-03,  0.00000000e+00,  1.26321845e-02],
        [ 9.75591644e-01,  9.92970761e-01,  9.87568646e-01, ...,
         -1.41675441e-02, -1.26321845e-02,  0.00000000e+00]]]), 'num': array([7.06922931e-01, 7.06922931e-01, 0.00000000e+00, 0.00000000e+00,
       7.43442935e-03, 7.44747221e-03, 7.12140075e-03, 8.27796318e-03,
       2.60857170e-05, 7.45008078e-03, 7.45725435e-03, 8.21569658e-03,
       1.19131621e-06, 7.71202449e-03, 7.20248422e-03])}
{'img': array([[[ 0.00000000e+00, -1.92477509e-01, -1.26446376e-02, ...,
         -9.89383946e-01, -9.83646654e-01, -9.76993199e-01],
        [ 1.92477509e-01,  0.00000000e+00,  1.80053921e-01, ...,
         -9.42912008e-01, -9.30586888e-01, -9.17675012e-01],
        [ 1.26446376e-02, -1.80053921e-01,  0.00000000e+00, ...,
         -9.87467264e-01, -9.81290602e-01, -9.74218364e-01],
        ...,
        [ 9.89383946e-01,  9.42912008e-01,  9.87467264e-01, ...,
          0.00000000e+00,  3.52483490e-02,  6.90246597e-02],
        [ 9.83646654e-01,  9.30586888e-01,  9.81290602e-01, ...,
         -3.52483490e-02,  0.00000000e+00,  3.38174866e-02],
        [ 9.76993199e-01,  9.17675012e-01,  9.74218364e-01, ...,
         -6.90246597e-02, -3.38174866e-02,  0.00000000e+00]],

       [[ 0.00000000e+00, -3.73542462e-02,  1.26379764e-01, ...,
          7.12952972e-02,  8.70957756e-01,  2.58962670e-01],
        [ 3.73542462e-02,  0.00000000e+00,  1.63346299e-01, ...,
          1.08504728e-01,  8.88704207e-01,  2.94861930e-01],
        [-1.26379764e-01, -1.63346299e-01,  0.00000000e+00, ...,
         -5.53345127e-02,  8.01876663e-01,  1.34817677e-01],
        ...,
        [-7.12952972e-02, -1.08504728e-01,  5.53345127e-02, ...,
          0.00000000e+00,  8.33709881e-01,  1.89440451e-01],
        [-8.70957756e-01, -8.88704207e-01, -8.01876663e-01, ...,
         -8.33709881e-01,  0.00000000e+00, -7.14003708e-01],
        [-2.58962670e-01, -2.94861930e-01, -1.34817677e-01, ...,
         -1.89440451e-01,  7.14003708e-01,  0.00000000e+00]],

       [[ 0.00000000e+00, -4.77055373e-01, -5.80746430e-01, ...,
         -7.01493292e-01, -6.80880674e-01, -6.03737615e-01],
        [ 4.77055373e-01,  0.00000000e+00, -1.22039108e-01, ...,
         -9.56509624e-01, -9.47800471e-01, -9.10909314e-01],
        [ 5.80746430e-01,  1.22039108e-01,  0.00000000e+00, ...,
         -9.84958896e-01, -9.79629821e-01, -9.54454677e-01],
        ...,
        [ 7.01493292e-01,  9.56509624e-01,  9.84958896e-01, ...,
          0.00000000e+00, -2.85223813e-02, -1.28949254e-01],
        [ 6.80880674e-01,  9.47800471e-01,  9.79629821e-01, ...,
          2.85223813e-02,  0.00000000e+00, -1.00612538e-01],
        [ 6.03737615e-01,  9.10909314e-01,  9.54454677e-01, ...,
          1.28949254e-01,  1.00612538e-01,  0.00000000e+00]],

       ...,

       [[ 0.00000000e+00, -5.58504203e-01, -3.31473082e-01, ...,
         -3.63003512e-01, -4.79575242e-01, -4.24212254e-01],
        [ 5.58504203e-01,  0.00000000e+00,  2.51971506e-01, ...,
          2.19295360e-01,  9.22793897e-02,  1.53875841e-01],
        [ 3.31473082e-01, -2.51971506e-01,  0.00000000e+00, ...,
         -3.36184269e-02, -1.61594419e-01, -1.00059589e-01],
        ...,
        [ 3.63003512e-01, -2.19295360e-01,  3.36184269e-02, ...,
          0.00000000e+00, -1.28326488e-01, -6.65533187e-02],
        [ 4.79575242e-01, -9.22793897e-02,  1.61594419e-01, ...,
          1.28326488e-01,  0.00000000e+00,  6.20389171e-02],
        [ 4.24212254e-01, -1.53875841e-01,  1.00059589e-01, ...,
          6.65533187e-02, -6.20389171e-02,  0.00000000e+00]],

       [[ 0.00000000e+00,  1.12846485e-02,  1.04325071e-02, ...,
         -9.68384022e-01, -9.21688099e-01, -7.94762788e-01],
        [-1.12846485e-02,  0.00000000e+00, -8.52191530e-04, ...,
         -9.65507245e-01, -9.17251739e-01, -7.87863301e-01],
        [-1.04325071e-02,  8.52191530e-04,  0.00000000e+00, ...,
         -9.65728785e-01, -9.17590840e-01, -7.88387838e-01],
        ...,
        [ 9.68384022e-01,  9.65507245e-01,  9.65728785e-01, ...,
          0.00000000e+00, -1.45738731e-01, -3.89466948e-01],
        [ 9.21688099e-01,  9.17251739e-01,  9.17590840e-01, ...,
          1.45738731e-01,  0.00000000e+00, -2.51077388e-01],
        [ 7.94762788e-01,  7.87863301e-01,  7.88387838e-01, ...,
          3.89466948e-01,  2.51077388e-01,  0.00000000e+00]],

       [[ 0.00000000e+00, -3.91948778e-02, -3.33099705e-02, ...,
         -9.94386677e-01, -9.92970761e-01, -9.91998921e-01],
        [ 3.91948778e-02,  0.00000000e+00,  5.88875265e-03, ...,
         -9.89475481e-01, -9.87568646e-01, -9.86288445e-01],
        [ 3.33099705e-02, -5.88875265e-03,  0.00000000e+00, ...,
         -9.90310431e-01, -9.88477166e-01, -9.87243168e-01],
        ...,
        [ 9.94386677e-01,  9.89475481e-01,  9.90310431e-01, ...,
          0.00000000e+00,  1.26321845e-02,  2.05771860e-02],
        [ 9.92970761e-01,  9.87568646e-01,  9.88477166e-01, ...,
         -1.26321845e-02,  0.00000000e+00,  7.94603432e-03],
        [ 9.91998921e-01,  9.86288445e-01,  9.87243168e-01, ...,
         -2.05771860e-02, -7.94603432e-03,  0.00000000e+00]]]), 'num': array([ 9.99474835e-01,  7.59074210e-04,  3.40858622e-06, -5.08937868e-10,
        1.05127975e-02,  1.05845572e-02,  1.02975184e-02,  1.30981563e-02,
        2.87038839e-04,  1.02831664e-02,  1.02661235e-02,  1.12716564e-02,
        2.21259105e-06,  1.06327087e-02,  9.89953828e-03])}
{'img': array([[[ 0.00000000e+00,  1.80053921e-01,  4.55541758e-01, ...,
         -9.30586888e-01, -9.17675012e-01, -7.99061417e-01],
        [-1.80053921e-01,  0.00000000e+00,  2.87810125e-01, ...,
         -9.81290602e-01, -9.74218364e-01, -8.94259463e-01],
        [-4.55541758e-01, -2.87810125e-01,  0.00000000e+00, ...,
         -9.95182532e-01, -9.97928759e-01, -9.85230205e-01],
        ...,
        [ 9.30586888e-01,  9.81290602e-01,  9.95182532e-01, ...,
          0.00000000e+00,  3.38174866e-02,  2.67001533e-01],
        [ 9.17675012e-01,  9.74218364e-01,  9.97928759e-01, ...,
         -3.38174866e-02,  0.00000000e+00,  2.34259035e-01],
        [ 7.99061417e-01,  8.94259463e-01,  9.85230205e-01, ...,
         -2.67001533e-01, -2.34259035e-01,  0.00000000e+00]],

       [[ 0.00000000e+00,  1.63346299e-01,  2.67250623e-01, ...,
          8.88704207e-01,  2.94861930e-01,  4.02702382e-01],
        [-1.63346299e-01,  0.00000000e+00,  1.06256212e-01, ...,
          8.01876663e-01,  1.34817677e-01,  2.47777677e-01],
        [-2.67250623e-01, -1.06256212e-01,  0.00000000e+00, ...,
          7.33850085e-01,  2.87683080e-02,  1.43432138e-01],
        ...,
        [-8.88704207e-01, -8.01876663e-01, -7.33850085e-01, ...,
          0.00000000e+00, -7.14003708e-01, -6.28827094e-01],
        [-2.94861930e-01, -1.34817677e-01, -2.87683080e-02, ...,
          7.14003708e-01,  0.00000000e+00,  1.14901925e-01],
        [-4.02702382e-01, -2.47777677e-01, -1.43432138e-01, ...,
          6.28827094e-01, -1.14901925e-01,  0.00000000e+00]],

       [[ 0.00000000e+00, -1.45879919e-01, -1.40338804e-01, ...,
         -9.14824138e-01, -8.68900845e-01, -8.90698222e-01],
        [ 1.45879919e-01,  0.00000000e+00,  5.59872272e-03, ...,
         -9.63951590e-01, -9.31814153e-01, -9.47486095e-01],
        [ 1.40338804e-01, -5.59872272e-03,  0.00000000e+00, ...,
         -9.62446787e-01, -9.29767572e-01, -9.45680791e-01],
        ...,
        [ 9.14824138e-01,  9.63951590e-01,  9.62446787e-01, ...,
          0.00000000e+00, -1.01917578e-01, -5.61638898e-02],
        [ 8.68900845e-01,  9.31814153e-01,  9.29767572e-01, ...,
          1.01917578e-01,  0.00000000e+00,  4.58852717e-02],
        [ 8.90698222e-01,  9.47486095e-01,  9.45680791e-01, ...,
          5.61638898e-02, -4.58852717e-02,  0.00000000e+00]],

       ...,

       [[ 0.00000000e+00,  2.51971506e-01,  6.13538560e-01, ...,
          9.22793897e-02,  1.53875841e-01,  9.61681769e-01],
        [-2.51971506e-01,  0.00000000e+00,  3.94769506e-01, ...,
         -1.61594419e-01, -1.00059589e-01,  8.61570213e-01],
        [-6.13538560e-01, -3.94769506e-01,  0.00000000e+00, ...,
         -5.38050903e-01, -4.84721103e-01,  5.91193474e-01],
        ...,
        [-9.22793897e-02,  1.61594419e-01,  5.38050903e-01, ...,
          0.00000000e+00,  6.20389171e-02,  9.32278352e-01],
        [-1.53875841e-01,  1.00059589e-01,  4.84721103e-01, ...,
         -6.20389171e-02,  0.00000000e+00,  9.08040468e-01],
        [-9.61681769e-01, -8.61570213e-01, -5.91193474e-01, ...,
         -9.32278352e-01, -9.08040468e-01,  0.00000000e+00]],

       [[ 0.00000000e+00, -8.52191530e-04,  9.64973274e-03, ...,
         -9.17251739e-01, -7.87863301e-01, -8.85880647e-01],
        [ 8.52191530e-04,  0.00000000e+00,  1.05018811e-02, ...,
         -9.17590840e-01, -7.88387838e-01, -8.86275669e-01],
        [-9.64973274e-03, -1.05018811e-02,  0.00000000e+00, ...,
         -9.13365466e-01, -7.81883829e-01, -8.81362762e-01],
        ...,
        [ 9.17251739e-01,  9.17590840e-01,  9.13365466e-01, ...,
          0.00000000e+00, -2.51077388e-01, -7.26718782e-02],
        [ 7.87863301e-01,  7.88387838e-01,  7.81883829e-01, ...,
          2.51077388e-01,  0.00000000e+00,  1.80069534e-01],
        [ 8.85880647e-01,  8.86275669e-01,  8.81362762e-01, ...,
          7.26718782e-02, -1.80069534e-01,  0.00000000e+00]],

       [[ 0.00000000e+00,  5.88875265e-03,  3.64159652e-02, ...,
         -9.87568646e-01, -9.86288445e-01, -9.87090727e-01],
        [-5.88875265e-03,  0.00000000e+00,  3.05304870e-02, ...,
         -9.88477166e-01, -9.87243168e-01, -9.88016767e-01],
        [-3.64159652e-02, -3.05304870e-02,  0.00000000e+00, ...,
         -9.92637775e-01, -9.91644007e-01, -9.92268465e-01],
        ...,
        [ 9.87568646e-01,  9.88477166e-01,  9.92637775e-01, ...,
          0.00000000e+00,  7.94603432e-03,  3.01192867e-03],
        [ 9.86288445e-01,  9.87243168e-01,  9.91644007e-01, ...,
         -7.94603432e-03,  0.00000000e+00, -4.93416470e-03],
        [ 9.87090727e-01,  9.88016767e-01,  9.92268465e-01, ...,
         -3.01192867e-03,  4.93416470e-03,  0.00000000e+00]]]), 'num': array([ 8.36890207e-01,  5.46738771e-01,  9.93669302e-07,  8.07033251e-08,
        8.79246776e-03,  8.97313490e-03,  8.76235657e-03,  8.33098365e-03,
       -3.01111910e-05,  8.65395628e-03,  8.62760899e-03,  9.43885466e-03,
        1.88832892e-06,  8.94305515e-03,  8.31216282e-03])}
{'img': array([[[ 0.        ,  0.28781012,  0.28781012, ..., -0.97421836,
         -0.89425946, -0.90607232],
        [-0.28781012,  0.        ,  0.        , ..., -0.99792876,
         -0.98523021, -0.98951317],
        [-0.28781012,  0.        ,  0.        , ..., -0.99792876,
         -0.98523021, -0.98951317],
        ...,
        [ 0.97421836,  0.99792876,  0.99792876, ...,  0.        ,
          0.23425904,  0.20779768],
        [ 0.89425946,  0.98523021,  0.98523021, ..., -0.23425904,
          0.        , -0.02713004],
        [ 0.90607232,  0.98951317,  0.98951317, ..., -0.20779768,
          0.02713004,  0.        ]],

       [[ 0.        ,  0.10625621, -0.3287245 , ...,  0.13481768,
          0.24777768,  0.02988363],
        [-0.10625621,  0.        , -0.42721463, ...,  0.02876831,
          0.14343214, -0.07649431],
        [ 0.3287245 ,  0.42721463,  0.        , ...,  0.45304868,
          0.5524815 ,  0.35680055],
        ...,
        [-0.13481768, -0.02876831, -0.45304868, ...,  0.        ,
          0.11490192, -0.10514666],
        [-0.24777768, -0.14343214, -0.5524815 , ..., -0.11490192,
          0.        , -0.21871525],
        [-0.02988363,  0.07649431, -0.35680055, ...,  0.10514666,
          0.21871525,  0.        ]],

       [[ 0.        ,  0.00559872,  0.02853803, ..., -0.93181415,
         -0.9474861 , -0.95809481],
        [-0.00559872,  0.        ,  0.02294114, ..., -0.92976757,
         -0.94568079, -0.95647603],
        [-0.02853803, -0.02294114,  0.        , ..., -0.92107716,
         -0.93797382, -0.94952983],
        ...,
        [ 0.93181415,  0.92976757,  0.92107716, ...,  0.        ,
          0.04588527,  0.08080752],
        [ 0.9474861 ,  0.94568079,  0.93797382, ..., -0.04588527,
          0.        ,  0.0349872 ],
        [ 0.95809481,  0.95647603,  0.94952983, ..., -0.08080752,
         -0.0349872 ,  0.        ]],

       ...,

       [[ 0.        ,  0.38943752,  0.16441417, ..., -0.09908558,
          0.83958223,  0.96891029],
        [-0.38943752,  0.        , -0.23270368, ..., -0.47878413,
          0.56174447,  0.79606598],
        [-0.16441417,  0.23270368,  0.        , ..., -0.26134224,
          0.73884154,  0.91504668],
        ...,
        [ 0.09908558,  0.47878413,  0.26134224, ...,  0.        ,
          0.88927709,  0.98865719],
        [-0.83958223, -0.56174447, -0.73884154, ..., -0.88927709,
          0.        ,  0.3186207 ],
        [-0.96891029, -0.79606598, -0.91504668, ..., -0.98865719,
         -0.3186207 ,  0.        ]],

       [[ 0.        ,  0.01050188,  0.02010117, ..., -0.78838784,
         -0.88627567, -0.91710503],
        [-0.01050188,  0.        ,  0.00960031, ..., -0.78188383,
         -0.88136276, -0.91286793],
        [-0.02010117, -0.00960031,  0.        , ..., -0.77586273,
         -0.87678658, -0.90890648],
        ...,
        [ 0.78838784,  0.78188383,  0.77586273, ...,  0.        ,
          0.18006953,  0.24989593],
        [ 0.88627567,  0.88136276,  0.87678658, ..., -0.18006953,
          0.        ,  0.07145469],
        [ 0.91710503,  0.91286793,  0.90890648, ..., -0.24989593,
         -0.07145469,  0.        ]],

       [[ 0.        ,  0.03053049,  0.04427227, ..., -0.98724317,
         -0.98801677, -0.98747483],
        [-0.03053049,  0.        ,  0.01375108, ..., -0.99164401,
         -0.99226847, -0.9918315 ],
        [-0.04427227, -0.01375108,  0.        , ..., -0.9933242 ,
         -0.99388129, -0.99349174],
        ...,
        [ 0.98724317,  0.99164401,  0.9933242 , ...,  0.        ,
         -0.00493416, -0.00146158],
        [ 0.98801677,  0.99226847,  0.99388129, ...,  0.00493416,
          0.        ,  0.00347259],
        [ 0.98747483,  0.9918315 ,  0.99349174, ...,  0.00146158,
         -0.00347259,  0.        ]]]), 'num': array([ 7.06942099e-01,  7.06942099e-01,  0.00000000e+00,  6.36259749e-08,
        7.31692232e-03,  7.44417314e-03,  7.27874707e-03,  5.15701775e-03,
       -1.14525741e-04,  7.33728245e-03,  7.30165222e-03,  7.95529728e-03,
        1.47449366e-06,  7.55724588e-03,  7.04605856e-03])}
{'img': array([[[ 0.        ,  0.        , -0.04617361, ..., -0.98523021,
         -0.98951317, -0.99988574],
        [ 0.        ,  0.        , -0.04617361, ..., -0.98523021,
         -0.98951317, -0.99988574],
        [ 0.04617361,  0.04617361,  0.        , ..., -0.97627285,
         -0.98178834, -0.9981213 ],
        ...,
        [ 0.98523021,  0.98523021,  0.97627285, ...,  0.        ,
         -0.02713004, -0.15632205],
        [ 0.98951317,  0.98951317,  0.98178834, ...,  0.02713004,
          0.        , -0.129468  ],
        [ 0.99988574,  0.99988574,  0.9981213 , ...,  0.15632205,
          0.129468  ,  0.        ]],

       [[ 0.        , -0.42721463, -0.82373449, ...,  0.14343214,
         -0.07649431, -0.29325526],
        [ 0.42721463,  0.        , -0.50255941, ...,  0.5524815 ,
          0.35680055,  0.14328497],
        [ 0.82373449,  0.50255941,  0.        , ...,  0.89653975,
          0.77795055,  0.62124971],
        ...,
        [-0.14343214, -0.5524815 , -0.89653975, ...,  0.        ,
         -0.21871525, -0.42734907],
        [ 0.07649431, -0.35680055, -0.77795055, ...,  0.21871525,
          0.        , -0.21926486],
        [ 0.29325526, -0.14328497, -0.62124971, ...,  0.42734907,
          0.21926486,  0.        ]],

       [[ 0.        ,  0.02294114,  0.13302143, ..., -0.94568079,
         -0.95647603, -0.96682625],
        [-0.02294114,  0.        ,  0.11024916, ..., -0.93797382,
         -0.94952983, -0.96071183],
        [-0.13302143, -0.11024916,  0.        , ..., -0.89403185,
         -0.90915887, -0.9242559 ],
        ...,
        [ 0.94568079,  0.93797382,  0.89403185, ...,  0.        ,
          0.0349872 ,  0.07275208],
        [ 0.95647603,  0.94952983,  0.90915887, ..., -0.0349872 ,
          0.        ,  0.03781306],
        [ 0.96682625,  0.96071183,  0.9242559 , ..., -0.07275208,
         -0.03781306,  0.        ]],

       ...,

       [[ 0.        , -0.23270368, -0.38429784, ...,  0.56174447,
          0.79606598,  0.21450402],
        [ 0.23270368,  0.        , -0.1589138 , ...,  0.73884154,
          0.91504668,  0.43590245],
        [ 0.38429784,  0.1589138 ,  0.        , ...,  0.83654139,
          0.96751625,  0.57338466],
        ...,
        [-0.56174447, -0.73884154, -0.83654139, ...,  0.        ,
          0.3186207 , -0.37120731],
        [-0.79606598, -0.91504668, -0.96751625, ..., -0.3186207 ,
          0.        , -0.64771609],
        [-0.21450402, -0.43590245, -0.57338466, ...,  0.37120731,
          0.64771609,  0.        ]],

       [[ 0.        ,  0.00960031, -0.0300769 , ..., -0.88136276,
         -0.91286793, -0.91061366],
        [-0.00960031,  0.        , -0.03967148, ..., -0.87678658,
         -0.90890648, -0.90660428],
        [ 0.0300769 ,  0.03967148,  0.        , ..., -0.89517356,
         -0.92473398, -0.92263122],
        ...,
        [ 0.88136276,  0.87678658,  0.89517356, ...,  0.        ,
          0.07145469,  0.06597959],
        [ 0.91286793,  0.90890648,  0.92473398, ..., -0.07145469,
          0.        , -0.00548805],
        [ 0.91061366,  0.90660428,  0.92263122, ..., -0.06597959,
          0.00548805,  0.        ]],

       [[ 0.        ,  0.01375108,  0.23080966, ..., -0.99226847,
         -0.9918315 , -0.98910881],
        [-0.01375108,  0.        ,  0.21740805, ..., -0.99388129,
         -0.99349174, -0.99103926],
        [-0.23080966, -0.21740805,  0.        , ..., -0.99412193,
         -0.9944919 , -0.99637379],
        ...,
        [ 0.99226847,  0.99388129,  0.99412193, ...,  0.        ,
          0.00347259,  0.02328984],
        [ 0.9918315 ,  0.99349174,  0.9944919 , ..., -0.00347259,
          0.        ,  0.01981805],
        [ 0.98910881,  0.99103926,  0.99637379, ..., -0.02328984,
         -0.01981805,  0.        ]]]), 'num': array([9.99330792e-01, 5.62384610e-03, 3.11019388e-06, 8.05268361e-08,
       1.03511140e-02, 1.03673129e-02, 9.68695804e-03, 2.32428353e-02,
       1.03673129e-03, 9.57032577e-03, 9.34759053e-03, 1.01100200e-02,
       2.24724992e-06, 9.91139462e-03, 8.78378643e-03])}
{'img': array([[[ 0.        , -0.04617361, -0.11882148, ..., -0.98951317,
         -0.99988574, -0.70098284],
        [ 0.04617361,  0.        , -0.07284824, ..., -0.98178834,
         -0.9981213 , -0.66730518],
        [ 0.11882148,  0.07284824,  0.        , ..., -0.9653402 ,
         -0.99100599, -0.61127594],
        ...,
        [ 0.98951317,  0.98178834,  0.9653402 , ...,  0.        ,
         -0.129468  ,  0.60444732],
        [ 0.99988574,  0.9981213 ,  0.99100599, ...,  0.129468  ,
          0.        ,  0.7025001 ],
        [ 0.70098284,  0.66730518,  0.61127594, ..., -0.60444732,
         -0.7025001 ,  0.        ]],

       [[ 0.        , -0.50255941, -0.13277313, ...,  0.35680055,
          0.14328497,  0.97456823],
        [ 0.50255941,  0.        ,  0.38332194, ...,  0.77795055,
          0.62124971,  0.95517486],
        [ 0.13277313, -0.38332194,  0.        , ...,  0.47767569,
          0.2734195 ,  0.99569311],
        ...,
        [-0.35680055, -0.77795055, -0.47767569, ...,  0.        ,
         -0.21926486,  0.83046693],
        [-0.14328497, -0.62124971, -0.2734195 , ...,  0.21926486,
          0.        ,  0.93240325],
        [-0.97456823, -0.95517486, -0.99569311, ..., -0.83046693,
         -0.93240325,  0.        ]],

       [[ 0.        ,  0.11024916,  0.49249194, ..., -0.94952983,
         -0.96071183, -0.99979326],
        [-0.11024916,  0.        ,  0.39353798, ..., -0.90915887,
         -0.9242559 , -0.99145678],
        [-0.49249194, -0.39353798,  0.        , ..., -0.67190868,
         -0.69943378, -0.86012314],
        ...,
        [ 0.94952983,  0.90915887,  0.67190868, ...,  0.        ,
          0.03781306,  0.29430493],
        [ 0.96071183,  0.9242559 ,  0.69943378, ..., -0.03781306,
          0.        ,  0.25795607],
        [ 0.99979326,  0.99145678,  0.86012314, ..., -0.29430493,
         -0.25795607,  0.        ]],

       ...,

       [[ 0.        , -0.13011987, -0.34179182, ...,  0.55816025,
          0.325442  ,  0.97903187],
        [ 0.13011987,  0.        , -0.21660251, ...,  0.66137969,
          0.44571158,  0.99721475],
        [ 0.34179182,  0.21660251,  0.        , ...,  0.80814145,
          0.62902784,  0.98969579],
        ...,
        [-0.55816025, -0.66137969, -0.80814145, ...,  0.        ,
         -0.2577451 ,  0.69863398],
        [-0.325442  , -0.44571158, -0.62902784, ...,  0.2577451 ,
          0.        ,  0.85944047],
        [-0.97903187, -0.99721475, -0.98969579, ..., -0.69863398,
         -0.85944047,  0.        ]],

       [[ 0.        , -0.03967148, -0.05319255, ..., -0.90890648,
         -0.90660428, -0.99969079],
        [ 0.03967148,  0.        , -0.01353537, ..., -0.92473398,
         -0.92263122, -0.99791734],
        [ 0.05319255,  0.01353537,  0.        , ..., -0.92980102,
         -0.92776707, -0.99695282],
        ...,
        [ 0.90890648,  0.92473398,  0.92980102, ...,  0.        ,
         -0.00548805,  0.43947195],
        [ 0.90660428,  0.92263122,  0.92776707, ...,  0.00548805,
          0.        ,  0.444395  ],
        [ 0.99969079,  0.99791734,  0.99695282, ..., -0.43947195,
         -0.444395  ,  0.        ]],

       [[ 0.        ,  0.21740805,  0.46139558, ..., -0.99349174,
         -0.99103926, -0.99994587],
        [-0.21740805,  0.        ,  0.25747614, ..., -0.9944919 ,
         -0.99637379, -0.97376597],
        [-0.46139558, -0.25747614,  0.        , ..., -0.93397531,
         -0.94087362, -0.88234594],
        ...,
        [ 0.99349174,  0.9944919 ,  0.93397531, ...,  0.        ,
          0.01981805, -0.12423473],
        [ 0.99103926,  0.99637379,  0.94087362, ..., -0.01981805,
          0.        , -0.14387485],
        [ 0.99994587,  0.97376597,  0.88234594, ...,  0.12423473,
          0.14387485,  0.        ]]]), 'num': array([ 7.06955059e-01,  7.06955059e-01,  0.00000000e+00,  3.13025570e-07,
        7.25430041e-03,  7.38056196e-03,  7.24282208e-03,  6.10171604e-03,
       -8.03482640e-05,  6.92372469e-03,  6.65226234e-03,  7.15042158e-03,
        1.46590637e-06,  7.13726599e-03,  6.16725869e-03])}
{'img': array([[[ 0.        , -0.07284824, -0.29121352, ..., -0.9981213 ,
         -0.66730518, -0.72288665],
        [ 0.07284824,  0.        , -0.22074891, ..., -0.99100599,
         -0.61127594, -0.67063026],
        [ 0.29121352,  0.22074891,  0.        , ..., -0.93701847,
         -0.42149162, -0.49033654],
        ...,
        [ 0.9981213 ,  0.99100599,  0.93701847, ...,  0.        ,
          0.7025001 ,  0.64537803],
        [ 0.66730518,  0.61127594,  0.42149162, ..., -0.7025001 ,
          0.        , -0.07730908],
        [ 0.72288665,  0.67063026,  0.49033654, ..., -0.64537803,
          0.07730908,  0.        ]],

       [[ 0.        ,  0.38332194,  0.57309519, ...,  0.62124971,
          0.95517486,  0.75895244],
        [-0.38332194,  0.        ,  0.21519116, ...,  0.2734195 ,
          0.99569311,  0.45138113],
        [-0.57309519, -0.21519116,  0.        , ...,  0.06002254,
          0.95241547,  0.24878436],
        ...,
        [-0.62124971, -0.2734195 , -0.06002254, ...,  0.        ,
          0.93240325,  0.19020044],
        [-0.95517486, -0.99569311, -0.95241547, ..., -0.93240325,
          0.        , -0.84664031],
        [-0.75895244, -0.45138113, -0.24878436, ..., -0.19020044,
          0.84664031,  0.        ]],

       [[ 0.        ,  0.39353798,  0.2498185 , ..., -0.9242559 ,
         -0.99145678, -0.99777791],
        [-0.39353798,  0.        , -0.15139972, ..., -0.69943378,
         -0.86012314, -0.9434861 ],
        [-0.2498185 ,  0.15139972,  0.        , ..., -0.79957613,
         -0.92743512, -0.98278588],
        ...,
        [ 0.9242559 ,  0.69943378,  0.79957613, ...,  0.        ,
          0.25795607,  0.44250625],
        [ 0.99145678,  0.86012314,  0.92743512, ..., -0.25795607,
          0.        ,  0.19620426],
        [ 0.99777791,  0.9434861 ,  0.98278588, ..., -0.44250625,
         -0.19620426,  0.        ]],

       ...,

       [[ 0.        , -0.21660251, -0.6731171 , ...,  0.44571158,
          0.99721475,  0.71417227],
        [ 0.21660251,  0.        , -0.49695189, ...,  0.62902784,
          0.98969579,  0.84883299],
        [ 0.6731171 ,  0.49695189,  0.        , ...,  0.93217842,
          0.78767974,  0.9993178 ],
        ...,
        [-0.44571158, -0.62902784, -0.93217842, ...,  0.        ,
          0.85944047,  0.3273256 ],
        [-0.99721475, -0.98969579, -0.78767974, ..., -0.85944047,
          0.        , -0.64475471],
        [-0.71417227, -0.84883299, -0.9993178 , ..., -0.3273256 ,
          0.64475471,  0.        ]],

       [[ 0.        , -0.01353537, -0.00671294, ..., -0.92263122,
         -0.99791734, -0.97406082],
        [ 0.01353537,  0.        ,  0.00682273, ..., -0.92776707,
         -0.99695282, -0.97090872],
        [ 0.00671294, -0.00682273,  0.        , ..., -0.92519951,
         -0.99746183, -0.97251983],
        ...,
        [ 0.92263122,  0.92776707,  0.92519951, ...,  0.        ,
          0.444395  ,  0.58445787],
        [ 0.99791734,  0.99695282,  0.99746183, ..., -0.444395  ,
          0.        ,  0.16298265],
        [ 0.97406082,  0.97090872,  0.97251983, ..., -0.58445787,
         -0.16298265,  0.        ]],

       [[ 0.        ,  0.25747614,  0.10311584, ..., -0.99637379,
         -0.97376597, -0.9567339 ],
        [-0.25747614,  0.        , -0.15646437, ..., -0.94087362,
         -0.88234594, -0.84956092],
        [-0.10311584,  0.15646437,  0.        , ..., -0.98228897,
         -0.94511096, -0.92163086],
        ...,
        [ 0.99637379,  0.94087362,  0.98228897, ...,  0.        ,
         -0.14387485, -0.20850653],
        [ 0.97376597,  0.88234594,  0.94511096, ...,  0.14387485,
          0.        , -0.06562458],
        [ 0.9567339 ,  0.84956092,  0.92163086, ...,  0.20850653,
          0.06562458,  0.        ]]]), 'num': array([9.72870481e-01, 2.29637791e-01, 2.29392806e-06, 4.22307763e-07,
       1.00436850e-02, 1.01366821e-02, 9.84219132e-03, 7.66674155e-03,
       2.47992222e-04, 9.54150075e-03, 9.03466665e-03, 9.64224759e-03,
       2.26459963e-06, 9.83663133e-03, 8.23270197e-03])}
{'img': array([[[ 0.        , -0.22074891, -0.34653794, ..., -0.61127594,
         -0.67063026, -0.52945939],
        [ 0.22074891,  0.        , -0.13091867, ..., -0.42149162,
         -0.49033654, -0.32912889],
        [ 0.34653794,  0.13091867,  0.        , ..., -0.29914261,
         -0.3720163 , -0.20267158],
        ...,
        [ 0.61127594,  0.42149162,  0.29914261, ...,  0.        ,
         -0.07730908,  0.09954351],
        [ 0.67063026,  0.49033654,  0.3720163 , ...,  0.07730908,
          0.        ,  0.1761707 ],
        [ 0.52945939,  0.32912889,  0.20267158, ..., -0.09954351,
         -0.1761707 ,  0.        ]],

       [[ 0.        ,  0.45254956,  0.32424799, ...,  0.96339426,
          0.69736953,  0.65342763],
        [-0.45254956,  0.        , -0.1389546 , ...,  0.98041986,
          0.2975242 ,  0.24011204],
        [-0.32424799,  0.1389546 ,  0.        , ...,  0.9982713 ,
          0.42729978,  0.37267216],
        ...,
        [-0.96339426, -0.98041986, -0.9982713 , ...,  0.        ,
         -0.87743282, -0.90445535],
        [-0.69736953, -0.2975242 , -0.42729978, ...,  0.87743282,
          0.        , -0.05958179],
        [-0.65342763, -0.24011204, -0.37267216, ...,  0.90445535,
          0.05958179,  0.        ]],

       [[ 0.        , -0.15139972, -0.46611105, ..., -0.86012314,
         -0.9434861 , -0.98826676],
        [ 0.15139972,  0.        , -0.32679071, ..., -0.92743512,
         -0.98278588, -0.99999908],
        [ 0.46611105,  0.32679071,  0.        , ..., -0.99873043,
         -0.98920174, -0.94553827],
        ...,
        [ 0.86012314,  0.92743512,  0.99873043, ...,  0.        ,
          0.19620426,  0.37272821],
        [ 0.9434861 ,  0.98278588,  0.98920174, ..., -0.19620426,
          0.        ,  0.18341762],
        [ 0.98826676,  0.99999908,  0.94553827, ..., -0.37272821,
         -0.18341762,  0.        ]],

       ...,

       [[ 0.        , -0.47291542, -0.47291542, ...,  0.94263551,
          0.78070588,  0.97858379],
        [ 0.47291542,  0.        ,  0.        , ...,  0.98843393,
          0.98341027,  0.76488872],
        [ 0.47291542,  0.        ,  0.        , ...,  0.98843393,
          0.98341027,  0.76488872],
        ...,
        [-0.94263551, -0.98843393, -0.98843393, ...,  0.        ,
         -0.3284335 ,  0.52071498],
        [-0.78070588, -0.98341027, -0.98341027, ...,  0.3284335 ,
          0.        ,  0.77222314],
        [-0.97858379, -0.76488872, -0.76488872, ..., -0.52071498,
         -0.77222314,  0.        ]],

       [[ 0.        ,  0.00682273,  0.03427158, ..., -0.99695282,
         -0.97090872, -0.91121022],
        [-0.00682273,  0.        ,  0.02745206, ..., -0.99746183,
         -0.97251983, -0.91399958],
        [-0.03427158, -0.02745206,  0.        , ..., -0.99904058,
         -0.9785447 , -0.92479283],
        ...,
        [ 0.99695282,  0.99746183,  0.99904058, ...,  0.        ,
          0.16298265,  0.3396057 ],
        [ 0.97090872,  0.97251983,  0.9785447 , ..., -0.16298265,
          0.        ,  0.18176856],
        [ 0.91121022,  0.91399958,  0.92479283, ..., -0.3396057 ,
         -0.18176856,  0.        ]],

       [[ 0.        , -0.15646437, -0.33557331, ..., -0.88234594,
         -0.84956092, -0.80146429],
        [ 0.15646437,  0.        , -0.18404861, ..., -0.94511096,
         -0.92163086, -0.8851655 ],
        [ 0.33557331,  0.18404861,  0.        , ..., -0.98910357,
         -0.9773101 , -0.9556778 ],
        ...,
        [ 0.88234594,  0.94511096,  0.98910357, ...,  0.        ,
         -0.06562458, -0.15051031],
        [ 0.84956092,  0.92163086,  0.9773101 , ...,  0.06562458,
          0.        , -0.08530885],
        [ 0.80146429,  0.8851655 ,  0.9556778 , ...,  0.15051031,
          0.08530885,  0.        ]]]), 'num': array([ 7.06959707e-01,  7.06959707e-01,  0.00000000e+00,  3.53259345e-07,
        7.17232484e-03,  7.38659240e-03,  7.11593864e-03,  5.31340710e-03,
       -1.35326884e-04,  7.05955243e-03,  6.61748461e-03,  7.00466987e-03,
        1.52499045e-06,  7.24092734e-03,  5.99404189e-03])}
{'img': array([[[ 0.        , -0.13091867, -0.32912889, ..., -0.49033654,
         -0.32912889, -0.45131665],
        [ 0.13091867,  0.        , -0.20267158, ..., -0.3720163 ,
         -0.20267158, -0.33060512],
        [ 0.32912889,  0.20267158,  0.        , ..., -0.1761707 ,
          0.        , -0.13246881],
        ...,
        [ 0.49033654,  0.3720163 ,  0.1761707 , ...,  0.        ,
          0.1761707 ,  0.04422118],
        [ 0.32912889,  0.20267158,  0.        , ..., -0.1761707 ,
          0.        , -0.13246881],
        [ 0.45131665,  0.33060512,  0.13246881, ..., -0.04422118,
          0.13246881,  0.        ]],

       [[ 0.        , -0.15365279,  0.0984598 , ...,  0.3097283 ,
          0.25092988,  0.21065174],
        [ 0.15365279,  0.        ,  0.25019678, ...,  0.45214718,
          0.39668677,  0.35835523],
        [-0.0984598 , -0.25019678,  0.        , ...,  0.21460529,
          0.15440101,  0.11337771],
        ...,
        [-0.3097283 , -0.45214718, -0.21460529, ...,  0.        ,
         -0.06122819, -0.10248539],
        [-0.25092988, -0.39668677, -0.15440101, ...,  0.06122819,
          0.        , -0.04138731],
        [-0.21065174, -0.35835523, -0.11337771, ...,  0.10248539,
          0.04138731,  0.        ]],

       [[ 0.        , -0.44475519, -0.67356232, ..., -0.94483862,
         -0.98901337, -0.9999958 ],
        [ 0.44475519,  0.        , -0.27454546, ..., -0.9919202 ,
         -0.9515584 , -0.89435927],
        [ 0.67356232,  0.27454546,  0.        , ..., -0.91897504,
         -0.83057997, -0.73717498],
        ...,
        [ 0.94483862,  0.9919202 ,  0.91897504, ...,  0.        ,
          0.18426592,  0.33027352],
        [ 0.98901337,  0.9515584 ,  0.83057997, ..., -0.18426592,
          0.        ,  0.15069217],
        [ 0.9999958 ,  0.89435927,  0.73717498, ..., -0.33027352,
         -0.15069217,  0.        ]],

       ...,

       [[ 0.        ,  0.        , -0.43291446, ...,  0.98341027,
          0.76488872,  0.99952707],
        [ 0.        ,  0.        , -0.43291446, ...,  0.98341027,
