state_0,state_1,state_2,state_3,state_4,state_5,state_6,state_7,state_8,state_9,state_10,state_11,state_12,state_13,state_14,state_15,state_16,state_17,state_18,state_19,state_20,state_21,state_22,state_23,state_24,state_25,state_26,state_27,state_28,state_29,state_30,state_31,state_32,state_33,state_34,state_35,state_36,state_37,state_38,state_39,state_40,state_41,state_42,state_43,state_44,state_45,state_46,state_47,state_48,state_49,state_50,state_51,state_52,state_53,state_54,state_55,state_56,state_57,state_58,state_59,state_60,state_61,state_62,state_63,state_64,state_65,state_66,state_67,state_68,state_69,state_70,state_71,state_72,state_73,state_74,state_75,state_76,state_77,state_78,state_79,state_80,state_81,state_82,state_83,state_84,state_85,state_86,state_87,state_88,state_89,state_90,state_91,state_92,state_93,state_94,state_95,state_96,state_97,state_98,state_99,state_100,state_101,state_102,state_103,state_104,state_105,state_106,state_107,state_108,state_109,state_110,state_111,state_112,state_113,state_114,state_115,state_116,state_117,state_118,state_119,state_120,state_121,state_122,state_123,state_124,state_125,state_126,state_127,state_128,state_129,state_130,state_131,state_132,state_133,state_134,state_135,state_136,state_137,state_138,state_139,state_140,state_141,state_142,state_143,state_144,state_145,state_146,state_147,state_148,state_149,state_150,state_151,state_152,state_153,state_154,state_155,state_156,state_157,state_158,state_159,state_160,state_161,state_162,state_163,state_164,state_165,state_166,state_167,state_168,state_169,state_170,state_171,state_172,state_173,state_174,state_175,state_176,state_177,state_178,state_179,state_180,state_181,state_182,state_183,state_184,state_185,state_186,state_187,state_188,state_189,state_190,state_191,state_192,state_193,state_194,state_195,state_196,state_197,state_198,state_199,state_200,state_201,state_202,state_203,state_204,state_205,state_206,state_207,state_208,state_209,state_210,state_211,state_212,state_213,state_214,state_215,state_216,state_217,state_218,state_219,state_220,state_221,state_222,state_223,state_224,state_225,state_226,state_227,state_228,state_229,state_230,state_231,state_232,state_233,state_234,state_235,state_236,state_237,state_238,state_239,state_240,state_241,state_242,state_243,state_244,state_245,state_246,state_247,state_248,state_249,state_250,state_251,state_252,state_253,state_254,state_255,state_256,state_257,state_258,state_259,state_260,state_261,state_262,state_263,state_264,state_265,state_266,state_267,state_268,state_269,state_270,state_271,state_272,state_273,state_274,state_275,state_276,state_277,state_278,state_279,state_280,state_281,state_282,state_283,state_284,state_285,state_286,state_287
{'img': array([[[ 0.00000000e+00, -9.07242459e-02, -6.12775587e-02, ...,
         -8.65779043e-01, -9.95912879e-01, -9.92627493e-01],
        [ 9.07242459e-02,  0.00000000e+00,  2.95289005e-02, ...,
         -9.07609429e-01, -9.83611654e-01, -9.77537714e-01],
        [ 6.12775587e-02, -2.95289005e-02,  0.00000000e+00, ...,
         -8.94816952e-01, -9.88506790e-01, -9.83334964e-01],
        ...,
        [ 8.65779043e-01,  9.07609429e-01,  8.94816952e-01, ...,
          0.00000000e+00,  5.76577540e-01,  6.01673846e-01],
        [ 9.95912879e-01,  9.83611654e-01,  9.88506790e-01, ...,
         -5.76577540e-01,  0.00000000e+00,  3.10564381e-02],
        [ 9.92627493e-01,  9.77537714e-01,  9.83334964e-01, ...,
         -6.01673846e-01, -3.10564381e-02,  0.00000000e+00]],

       [[ 0.00000000e+00, -9.29410797e-02,  1.03573127e-01, ...,
         -2.06289560e-04,  2.93454364e-01,  7.60490944e-01],
        [ 9.29410797e-02,  0.00000000e+00,  1.95566050e-01, ...,
          9.27356811e-02,  3.81033350e-01,  8.17550397e-01],
        [-1.03573127e-01, -1.95566050e-01,  0.00000000e+00, ...,
         -1.03778304e-01,  1.92862999e-01,  6.89145845e-01],
        ...,
        [ 2.06289560e-04, -9.27356811e-02,  1.03778304e-01, ...,
          0.00000000e+00,  2.93651565e-01,  7.60624882e-01],
        [-2.93454364e-01, -3.81033350e-01, -1.92862999e-01, ...,
         -2.93651565e-01,  0.00000000e+00,  5.36454711e-01],
        [-7.60490944e-01, -8.17550397e-01, -6.89145845e-01, ...,
         -7.60624882e-01, -5.36454711e-01,  0.00000000e+00]],

       [[ 0.00000000e+00, -1.03705225e-01, -1.85661509e-01, ...,
         -4.98887652e-01, -5.83987400e-01, -8.01759140e-01],
        [ 1.03705225e-01,  0.00000000e+00, -8.27582551e-02, ...,
         -5.86075549e-01, -6.65022620e-01, -8.59415263e-01],
        [ 1.85661509e-01,  8.27582551e-02,  0.00000000e+00, ...,
         -6.51120513e-01, -7.24547147e-01, -8.98779662e-01],
        ...,
        [ 4.98887652e-01,  5.86075549e-01,  6.51120513e-01, ...,
          0.00000000e+00,  1.01144015e-01,  3.96699069e-01],
        [ 5.83987400e-01,  6.65022620e-01,  7.24547147e-01, ...,
         -1.01144015e-01,  0.00000000e+00,  3.01819696e-01],
        [ 8.01759140e-01,  8.59415263e-01,  8.98779662e-01, ...,
         -3.96699069e-01, -3.01819696e-01,  0.00000000e+00]],

       ...,

       [[ 0.00000000e+00,  2.88475922e-02,  1.05005520e-01, ...,
         -5.15714372e-01, -1.79850791e-01, -1.46095718e-01],
        [-2.88475922e-02,  0.00000000e+00,  7.62737071e-02, ...,
         -5.40215223e-01, -2.08153142e-01, -1.74572987e-01],
        [-1.05005520e-01, -7.62737071e-02,  0.00000000e+00, ...,
         -6.02827907e-01, -2.82149801e-01, -2.49166908e-01],
        ...,
        [ 5.15714372e-01,  5.40215223e-01,  6.02827907e-01, ...,
          0.00000000e+00,  3.53216015e-01,  3.85011942e-01],
        [ 1.79850791e-01,  2.08153142e-01,  2.82149801e-01, ...,
         -3.53216015e-01,  0.00000000e+00,  3.42076073e-02],
        [ 1.46095718e-01,  1.74572987e-01,  2.49166908e-01, ...,
         -3.85011942e-01, -3.42076073e-02,  0.00000000e+00]],

       [[ 0.00000000e+00, -8.22997841e-02, -9.77831623e-02, ...,
         -9.95224550e-01, -9.97728286e-01, -8.64773666e-01],
        [ 8.22997841e-02,  0.00000000e+00, -1.55460621e-02, ...,
         -9.83814925e-01, -9.99887873e-01, -9.03167834e-01],
        [ 9.77831623e-02,  1.55460621e-02,  0.00000000e+00, ...,
         -9.80910372e-01, -9.99534242e-01, -9.09732421e-01],
        ...,
        [ 9.95224550e-01,  9.83814925e-01,  9.80910372e-01, ...,
          0.00000000e+00, -1.64435170e-01, -5.84176040e-01],
        [ 9.97728286e-01,  9.99887873e-01,  9.99534242e-01, ...,
          1.64435170e-01,  0.00000000e+00, -4.42764152e-01],
        [ 8.64773666e-01,  9.03167834e-01,  9.09732421e-01, ...,
          5.84176040e-01,  4.42764152e-01,  0.00000000e+00]],

       [[ 0.00000000e+00, -8.73054237e-02, -2.32725723e-01, ...,
         -9.89547227e-02, -0.00000000e+00, -1.38512131e-01],
        [ 8.73054237e-02,  0.00000000e+00, -1.46928854e-01, ...,
         -1.85453796e-01, -8.73054237e-02, -2.24447099e-01],
        [ 2.32725723e-01,  1.46928854e-01,  0.00000000e+00, ...,
         -3.27821155e-01, -2.32725723e-01, -3.65191340e-01],
        ...,
        [ 9.89547227e-02,  1.85453796e-01,  3.27821155e-01, ...,
          0.00000000e+00, -9.89547227e-02,  3.98314326e-02],
        [ 0.00000000e+00,  8.73054237e-02,  2.32725723e-01, ...,
          9.89547227e-02,  0.00000000e+00,  1.38512131e-01],
        [ 1.38512131e-01,  2.24447099e-01,  3.65191340e-01, ...,
         -3.98314326e-02, -1.38512131e-01,  0.00000000e+00]]]), 'num': array([7.07104006e-01, 7.07104006e-01, 0.00000000e+00, 0.00000000e+00,
       1.10617955e-04, 1.12745224e-04, 1.09767048e-04, 2.78335197e-03,
       4.25453674e-07, 1.08065233e-04, 1.12021952e-04, 1.25324471e-04,
       3.04802632e-07, 1.22929177e-04, 1.01114727e-04])}
{'img': array([[[ 0.        ,  0.0295289 ,  0.09072425, ..., -0.98361165,
         -0.97753771, -0.97071487],
        [-0.0295289 ,  0.        ,  0.06127756, ..., -0.98850679,
         -0.98333496, -0.97738543],
        [-0.09072425, -0.06127756,  0.        , ..., -0.99591288,
         -0.99262749, -0.98850679],
        ...,
        [ 0.98361165,  0.98850679,  0.99591288, ...,  0.        ,
          0.03105644,  0.06127756],
        [ 0.97753771,  0.98333496,  0.99262749, ..., -0.03105644,
          0.        ,  0.03024992],
        [ 0.97071487,  0.97738543,  0.98850679, ..., -0.06127756,
         -0.03024992,  0.        ]],

       [[ 0.        ,  0.19556605,  0.46863819, ...,  0.38103335,
          0.8175504 , -0.0641935 ],
        [-0.19556605,  0.        ,  0.2868279 , ...,  0.192863  ,
          0.68914585, -0.25811665],
        [-0.46863819, -0.2868279 ,  0.        , ..., -0.0966836 ,
          0.45234741, -0.52437952],
        ...,
        [-0.38103335, -0.192863  ,  0.0966836 , ...,  0.        ,
          0.53645471, -0.43959828],
        [-0.8175504 , -0.68914585, -0.45234741, ..., -0.53645471,
          0.        , -0.85283046],
        [ 0.0641935 ,  0.25811665,  0.52437952, ...,  0.43959828,
          0.85283046,  0.        ]],

       [[ 0.        , -0.08275826, -0.10596695, ..., -0.66502262,
         -0.85941526, -0.92406391],
        [ 0.08275826,  0.        , -0.02331115, ..., -0.72454715,
         -0.89877966, -0.9525274 ],
        [ 0.10596695,  0.02331115,  0.        , ..., -0.74041689,
         -0.90875505, -0.95936571],
        ...,
        [ 0.66502262,  0.72454715,  0.74041689, ...,  0.        ,
          0.3018197 ,  0.43591547],
        [ 0.85941526,  0.89877966,  0.90875505, ..., -0.3018197 ,
          0.        ,  0.14395257],
        [ 0.92406391,  0.9525274 ,  0.95936571, ..., -0.43591547,
         -0.14395257,  0.        ]],

       ...,

       [[ 0.        ,  0.07627371,  0.40328474, ..., -0.20815314,
         -0.17457299, -0.07459077],
        [-0.07627371,  0.        ,  0.33231381, ..., -0.2821498 ,
         -0.24916691, -0.15043471],
        [-0.40328474, -0.33231381,  0.        , ..., -0.58492694,
         -0.55683929, -0.4704174 ],
        ...,
        [ 0.20815314,  0.2821498 ,  0.58492694, ...,  0.        ,
          0.03420761,  0.13461632],
        [ 0.17457299,  0.24916691,  0.55683929, ..., -0.03420761,
          0.        ,  0.10064129],
        [ 0.07459077,  0.15043471,  0.4704174 , ..., -0.13461632,
         -0.10064129,  0.        ]],

       [[ 0.        , -0.01552652, -0.06588021, ..., -0.99977002,
         -0.93581588, -0.90268199],
        [ 0.01552652,  0.        , -0.05037948, ..., -0.99931652,
         -0.941176  , -0.90925436],
        [ 0.06588021,  0.05037948,  0.        , ..., -0.99618521,
         -0.95700492, -0.92906975],
        ...,
        [ 0.99977002,  0.99931652,  0.99618521, ...,  0.        ,
         -0.37247734, -0.44956795],
        [ 0.93581588,  0.941176  ,  0.95700492, ...,  0.37247734,
          0.        , -0.08450367],
        [ 0.90268199,  0.90925436,  0.92906975, ...,  0.44956795,
          0.08450367,  0.        ]],

       [[ 0.        , -0.21635122, -0.21944904, ..., -0.        ,
         -0.1386439 , -0.09428817],
        [ 0.21635122,  0.        , -0.00317409, ..., -0.21635122,
         -0.34962197, -0.30744237],
        [ 0.21944904,  0.00317409,  0.        , ..., -0.21944904,
         -0.35259398, -0.31046118],
        ...,
        [ 0.        ,  0.21635122,  0.21944904, ...,  0.        ,
          0.1386439 ,  0.09428817],
        [ 0.1386439 ,  0.34962197,  0.35259398, ..., -0.1386439 ,
          0.        , -0.04464868],
        [ 0.09428817,  0.30744237,  0.31046118, ..., -0.09428817,
          0.04464868,  0.        ]]]), 'num': array([ 9.99995227e-01,  6.21060924e-05,  7.63307763e-05, -1.69594532e-10,
        1.56459579e-04,  1.57056753e-04,  1.54070883e-04,  3.05508229e-03,
        1.19434793e-06,  1.53354274e-04,  1.57325481e-04,  1.75399947e-04,
        4.04240838e-07,  1.72594812e-04,  1.42056150e-04])}
{'img': array([[[ 0.        ,  0.06127756, -0.05838517, ..., -0.98333496,
         -0.97738543, -0.96337168],
        [-0.06127756,  0.        , -0.11944848, ..., -0.99262749,
         -0.98850679, -0.97799406],
        [ 0.05838517,  0.11944848,  0.        , ..., -0.97104292,
         -0.96337168, -0.94607116],
        ...,
        [ 0.98333496,  0.99262749,  0.97104292, ...,  0.        ,
          0.03024992,  0.08855677],
        [ 0.97738543,  0.98850679,  0.96337168, ..., -0.03024992,
          0.        ,  0.05838517],
        [ 0.96337168,  0.97799406,  0.94607116, ..., -0.08855677,
         -0.05838517,  0.        ]],

       [[ 0.        ,  0.2868279 ,  0.13952753, ...,  0.68914585,
         -0.25811665, -0.55198697],
        [-0.2868279 ,  0.        , -0.15035732, ...,  0.45234741,
         -0.52437952, -0.76796588],
        [-0.13952753,  0.15035732,  0.        , ...,  0.58129994,
         -0.39039127, -0.66293296],
        ...,
        [-0.68914585, -0.45234741, -0.58129994, ...,  0.        ,
         -0.85283046, -0.97462842],
        [ 0.25811665,  0.52437952,  0.39039127, ...,  0.85283046,
          0.        , -0.31805094],
        [ 0.55198697,  0.76796588,  0.66293296, ...,  0.97462842,
          0.31805094,  0.        ]],

       [[ 0.        , -0.02331115, -0.096902  , ..., -0.89877966,
         -0.9525274 , -0.98297543],
        [ 0.02331115,  0.        , -0.07367422, ..., -0.90875505,
         -0.95936571, -0.98699144],
        [ 0.096902  ,  0.07367422,  0.        , ..., -0.93703184,
         -0.97754683, -0.99615396],
        ...,
        [ 0.89877966,  0.90875505,  0.93703184, ...,  0.        ,
          0.14395257,  0.26579793],
        [ 0.9525274 ,  0.95936571,  0.97754683, ..., -0.14395257,
          0.        ,  0.12425511],
        [ 0.98297543,  0.98699144,  0.99615396, ..., -0.26579793,
         -0.12425511,  0.        ]],

       ...,

       [[ 0.        ,  0.33231381,  0.18240513, ..., -0.24916691,
         -0.15043471, -0.21594048],
        [-0.33231381,  0.        , -0.15469989, ..., -0.55683929,
         -0.4704174 , -0.52814172],
        [-0.18240513,  0.15469989,  0.        , ..., -0.42163893,
         -0.32824029, -0.39041931],
        ...,
        [ 0.24916691,  0.55683929,  0.42163893, ...,  0.        ,
          0.10064129,  0.03415836],
        [ 0.15043471,  0.4704174 ,  0.32824029, ..., -0.10064129,
          0.        , -0.06659764],
        [ 0.21594048,  0.52814172,  0.39041931, ..., -0.03415836,
          0.06659764,  0.        ]],

       [[ 0.        , -0.05037948, -0.0798117 , ..., -0.941176  ,
         -0.90925436, -0.93777007],
        [ 0.05037948,  0.        , -0.02949158, ..., -0.95700492,
         -0.92906975, -0.95407385],
        [ 0.0798117 ,  0.02949158,  0.        , ..., -0.96514332,
         -0.9395747 , -0.9624937 ],
        ...,
        [ 0.941176  ,  0.95700492,  0.96514332, ...,  0.        ,
         -0.08450367, -0.00994157],
        [ 0.90925436,  0.92906975,  0.9395747 , ...,  0.08450367,
          0.        ,  0.07459348],
        [ 0.93777007,  0.95407385,  0.9624937 , ...,  0.00994157,
         -0.07459348,  0.        ]],

       [[ 0.        , -0.03740802, -0.20836252, ..., -0.13946814,
         -0.0948502 , -0.14391707],
        [ 0.03740802,  0.        , -0.17162971, ..., -0.17641293,
         -0.13202317, -0.18083493],
        [ 0.20836252,  0.17162971,  0.        , ..., -0.34273314,
         -0.30019152, -0.34695174],
        ...,
        [ 0.13946814,  0.17641293,  0.34273314, ...,  0.        ,
         -0.04491617,  0.00449427],
        [ 0.0948502 ,  0.13202317,  0.30019152, ...,  0.04491617,
          0.        ,  0.04940545],
        [ 0.14391707,  0.18083493,  0.34695174, ..., -0.00449427,
         -0.04940545,  0.        ]]]), 'num': array([8.45649863e-01, 5.33661003e-01, 2.31102859e-05, 6.49273978e-09,
       1.35001670e-04, 1.37001695e-04, 1.31001621e-04, 9.06074211e-03,
       4.00004949e-06, 1.30901620e-04, 1.31626629e-04, 1.46493479e-04,
       4.83876955e-07, 1.44275402e-04, 1.18977856e-04])}
{'img': array([[[ 0.        , -0.11944848, -0.06127756, ..., -0.98850679,
         -0.97799406, -0.91137993],
        [ 0.11944848,  0.        ,  0.05838517, ..., -0.96337168,
         -0.94607116, -0.85569388],
        [ 0.06127756, -0.05838517,  0.        , ..., -0.97738543,
         -0.96337168, -0.88444747],
        ...,
        [ 0.98850679,  0.96337168,  0.97738543, ...,  0.        ,
          0.05838517,  0.26905664],
        [ 0.97799406,  0.94607116,  0.96337168, ..., -0.05838517,
          0.        ,  0.21236549],
        [ 0.91137993,  0.85569388,  0.88444747, ..., -0.26905664,
         -0.21236549,  0.        ]],

       [[ 0.        , -0.15035732, -0.47019374, ..., -0.52437952,
         -0.76796588,  0.5154197 ],
        [ 0.15035732,  0.        , -0.3321486 , ..., -0.39039127,
         -0.66293296,  0.63840715],
        [ 0.47019374,  0.3321486 ,  0.        , ..., -0.06243532,
         -0.37662371,  0.8578173 ],
        ...,
        [ 0.52437952,  0.39039127,  0.06243532, ...,  0.        ,
         -0.31805094,  0.88823264],
        [ 0.76796588,  0.66293296,  0.37662371, ...,  0.31805094,
          0.        ,  0.98822061],
        [-0.5154197 , -0.63840715, -0.8578173 , ..., -0.88823264,
         -0.98822061,  0.        ]],

       [[ 0.        , -0.07367422, -0.08774627, ..., -0.95936571,
         -0.98699144, -0.9997332 ],
        [ 0.07367422,  0.        , -0.01411777, ..., -0.97754683,
         -0.99615396, -0.99531453],
        [ 0.08774627,  0.01411777,  0.        , ..., -0.98042428,
         -0.99729169, -0.99385029],
        ...,
        [ 0.95936571,  0.97754683,  0.98042428, ...,  0.        ,
          0.12425511,  0.30425011],
        [ 0.98699144,  0.99615396,  0.99729169, ..., -0.12425511,
          0.        ,  0.18352782],
        [ 0.9997332 ,  0.99531453,  0.99385029, ..., -0.30425011,
         -0.18352782,  0.        ]],

       ...,

       [[ 0.        , -0.15469989, -0.19565933, ..., -0.4704174 ,
         -0.52814172, -0.09186291],
        [ 0.15469989,  0.        , -0.04159404, ..., -0.32824029,
         -0.39041931,  0.06328875],
        [ 0.19565933,  0.04159404,  0.        , ..., -0.28866673,
         -0.35178842,  0.10474464],
        ...,
        [ 0.4704174 ,  0.32824029,  0.28866673, ...,  0.        ,
         -0.06659764,  0.38736444],
        [ 0.52814172,  0.39041931,  0.35178842, ...,  0.06659764,
          0.        ,  0.44790259],
        [ 0.09186291, -0.06328875, -0.10474464, ..., -0.38736444,
         -0.44790259,  0.        ]],

       [[ 0.        , -0.02934986, -0.04483   , ..., -0.97554122,
         -0.9790088 , -0.92742274],
        [ 0.02934986,  0.        , -0.01549034, ..., -0.98157254,
         -0.98456907, -0.93800049],
        [ 0.04483   ,  0.01549034,  0.        , ..., -0.98441482,
         -0.9871617 , -0.94325743],
        ...,
        [ 0.97554122,  0.98157254,  0.98441482, ...,  0.        ,
          0.01636954, -0.16100392],
        [ 0.9790088 ,  0.98456907,  0.9871617 , ..., -0.01636954,
          0.        , -0.17713833],
        [ 0.92742274,  0.93800049,  0.94325743, ...,  0.16100392,
          0.17713833,  0.        ]],

       [[ 0.        , -0.20508507, -0.26807285, ..., -0.09486676,
         -0.14394213, -0.15681306],
        [ 0.20508507,  0.        , -0.06479606, ..., -0.29701042,
         -0.34383185, -0.35602769],
        [ 0.26807285,  0.06479606,  0.        , ..., -0.35825835,
         -0.40395482, -0.41582983],
        ...,
        [ 0.09486676,  0.29701042,  0.35825835, ...,  0.        ,
          0.04941412,  0.06241274],
        [ 0.14394213,  0.34383185,  0.40395482, ..., -0.04941412,
          0.        ,  0.01301871],
        [ 0.15681306,  0.35602769,  0.41582983, ..., -0.06241274,
         -0.01301871,  0.        ]]]), 'num': array([9.99891124e-01, 6.66397008e-05, 7.11618834e-05, 1.99128324e-08,
       1.59639863e-04, 1.64752883e-04, 1.52822502e-04, 1.47491326e-02,
       6.24924730e-06, 1.51345407e-04, 1.49641067e-04, 1.66116356e-04,
       6.85077913e-07, 1.64229086e-04, 1.35053048e-04])}
{'img': array([[[ 0.        ,  0.05838517,  0.28739419, ..., -0.94607116,
         -0.85569388, -0.68923619],
        [-0.05838517,  0.        ,  0.23098189, ..., -0.96337168,
         -0.88444747, -0.73036264],
        [-0.28739419, -0.23098189,  0.        , ..., -0.99926258,
         -0.96831562, -0.86838661],
        ...,
        [ 0.94607116,  0.96337168,  0.99926258, ...,  0.        ,
          0.21236549,  0.46217911],
        [ 0.85569388,  0.88444747,  0.96831562, ..., -0.21236549,
          0.        ,  0.26331408],
        [ 0.68923619,  0.73036264,  0.86838661, ..., -0.46217911,
         -0.26331408,  0.        ]],

       [[ 0.        , -0.3321486 ,  0.23461189, ..., -0.66293296,
          0.63840715,  0.97926101],
        [ 0.3321486 ,  0.        ,  0.54417033, ..., -0.37662371,
          0.8578173 ,  0.99095971],
        [-0.23461189, -0.54417033,  0.        , ..., -0.82007886,
          0.44000815,  0.90439596],
        ...,
        [ 0.66293296,  0.37662371,  0.82007886, ...,  0.        ,
          0.98822061,  0.86746396],
        [-0.63840715, -0.8578173 , -0.44000815, ..., -0.98822061,
          0.        ,  0.62439303],
        [-0.97926101, -0.99095971, -0.90439596, ..., -0.86746396,
         -0.62439303,  0.        ]],

       [[ 0.        , -0.01411777,  0.04355039, ..., -0.99615396,
         -0.99531453, -0.97048128],
        [ 0.01411777,  0.        ,  0.05765043, ..., -0.99729169,
         -0.99385029, -0.96697969],
        [-0.04355039, -0.05765043,  0.        , ..., -0.99139295,
         -0.9985811 , -0.98006385],
        ...,
        [ 0.99615396,  0.99729169,  0.99139295, ...,  0.        ,
          0.18352782,  0.32528254],
        [ 0.99531453,  0.99385029,  0.9985811 , ..., -0.18352782,
          0.        ,  0.14621046],
        [ 0.97048128,  0.96697969,  0.98006385, ..., -0.32528254,
         -0.14621046,  0.        ]],

       ...,

       [[ 0.        , -0.04159404,  0.28372794, ..., -0.39041931,
          0.06328875,  0.4282149 ],
        [ 0.04159404,  0.        ,  0.32336713, ..., -0.35178842,
          0.10474464,  0.4654319 ],
        [-0.28372794, -0.32336713,  0.        , ..., -0.63558544,
         -0.22247126,  0.15421893],
        ...,
        [ 0.39041931,  0.35178842,  0.63558544, ...,  0.        ,
          0.44790259,  0.74704347],
        [-0.06328875, -0.10474464,  0.22247126, ..., -0.44790259,
          0.        ,  0.37016386],
        [-0.4282149 , -0.4654319 , -0.15421893, ..., -0.74704347,
         -0.37016386,  0.        ]],

       [[ 0.        , -0.01549034, -0.05028535, ..., -0.98456907,
         -0.93800049, -0.98639765],
        [ 0.01549034,  0.        , -0.03480858, ..., -0.9871617 ,
         -0.94325743, -0.98882555],
        [ 0.05028535,  0.03480858,  0.        , ..., -0.99212324,
         -0.95424443, -0.99341549],
        ...,
        [ 0.98456907,  0.9871617 ,  0.99212324, ...,  0.        ,
         -0.17713833,  0.0107759 ],
        [ 0.93800049,  0.94325743,  0.95424443, ...,  0.17713833,
          0.        ,  0.18773354],
        [ 0.98639765,  0.98882555,  0.99341549, ..., -0.0107759 ,
         -0.18773354,  0.        ]],

       [[ 0.        , -0.120203  , -0.05184653, ..., -0.21226456,
         -0.22502937, -0.17886353],
        [ 0.120203  ,  0.        ,  0.06857072, ..., -0.32818934,
         -0.34051778, -0.29583124],
        [ 0.05184653, -0.06857072,  0.        , ..., -0.26264414,
         -0.27524349, -0.22963342],
        ...,
        [ 0.21226456,  0.32818934,  0.26264414, ...,  0.        ,
          0.01308106, -0.03405392],
        [ 0.22502937,  0.34051778,  0.27524349, ..., -0.01308106,
          0.        , -0.04712449],
        [ 0.17886353,  0.29583124,  0.22963342, ...,  0.03405392,
          0.04712449,  0.        ]]]), 'num': array([ 7.15485111e-01,  6.98610413e-01,  1.20533557e-06,  4.66495091e-08,
        1.14018230e-04,  1.16868686e-04,  1.12796606e-04,  4.94426209e-03,
       -4.07207964e-07,  1.10190475e-04,  1.07197496e-04,  1.18850431e-04,
        5.65950051e-07,  1.17479397e-04,  9.69155962e-05])}
{'img': array([[[ 0.        ,  0.23098189,  0.09314995, ..., -0.88444747,
         -0.73036264, -0.7462292 ],
        [-0.23098189,  0.        , -0.13934661, ..., -0.96831562,
         -0.86838661, -0.87981184],
        [-0.09314995,  0.13934661,  0.        , ..., -0.92406944,
         -0.79081406, -0.80499357],
        ...,
        [ 0.88444747,  0.96831562,  0.92406944, ...,  0.        ,
          0.26331408,  0.24054682],
        [ 0.73036264,  0.86838661,  0.79081406, ..., -0.26331408,
          0.        , -0.02352457],
        [ 0.7462292 ,  0.87981184,  0.80499357, ..., -0.24054682,
          0.02352457,  0.        ]],

       [[ 0.        ,  0.54417033,  0.29095677, ...,  0.8578173 ,
          0.99095971,  0.52031933],
        [-0.54417033,  0.        , -0.27652207, ...,  0.44000815,
          0.90439596, -0.02817132],
        [-0.29095677,  0.27652207,  0.        , ...,  0.67116626,
          0.98712173,  0.24933947],
        ...,
        [-0.8578173 , -0.44000815, -0.67116626, ...,  0.        ,
          0.62439303, -0.46513118],
        [-0.99095971, -0.90439596, -0.98712173, ..., -0.62439303,
          0.        , -0.91605756],
        [-0.52031933,  0.02817132, -0.24933947, ...,  0.46513118,
          0.91605756,  0.        ]],

       [[ 0.        ,  0.05765043,  0.08013596, ..., -0.99385029,
         -0.96697969, -0.92845595],
        [-0.05765043,  0.        ,  0.02253766, ..., -0.9985811 ,
         -0.98006385, -0.94832559],
        [-0.08013596, -0.02253766,  0.        , ..., -0.99952763,
         -0.98429275, -0.95523588],
        ...,
        [ 0.99385029,  0.9985811 ,  0.99952763, ...,  0.        ,
          0.14621046,  0.26634836],
        [ 0.96697969,  0.98006385,  0.98429275, ..., -0.14621046,
          0.        ,  0.12255718],
        [ 0.92845595,  0.94832559,  0.95523588, ..., -0.26634836,
         -0.12255718,  0.        ]],

       ...,

       [[ 0.        ,  0.32336713,  0.05165572, ...,  0.10474464,
          0.4654319 ,  0.73389557],
        [-0.32336713,  0.        , -0.27405498, ..., -0.22247126,
          0.15421893,  0.47481489],
        [-0.05165572,  0.27405498,  0.        , ...,  0.05323323,
          0.41909089,  0.697828  ],
        ...,
        [-0.10474464,  0.22247126, -0.05323323, ...,  0.        ,
          0.37016386,  0.65870944],
        [-0.4654319 , -0.15421893, -0.41909089, ..., -0.37016386,
          0.        ,  0.33340866],
        [-0.73389557, -0.47481489, -0.697828  , ..., -0.65870944,
         -0.33340866,  0.        ]],

       [[ 0.        , -0.03478756, -0.0522018 , ..., -0.96031521,
         -0.9899372 , -0.94307041],
        [ 0.03478756,  0.        , -0.01743007, ..., -0.9694368 ,
         -0.99426072, -0.9540697 ],
        [ 0.0522018 ,  0.01743007,  0.        , ..., -0.97356584,
         -0.99597442, -0.95914655],
        ...,
        [ 0.96031521,  0.9694368 ,  0.97356584, ...,  0.        ,
          0.14021863, -0.05635588],
        [ 0.9899372 ,  0.99426072,  0.99597442, ..., -0.14021863,
          0.        , -0.1957949 ],
        [ 0.94307041,  0.9540697 ,  0.95914655, ...,  0.05635588,
          0.1957949 ,  0.        ]],

       [[ 0.        ,  0.06857072,  0.04728149, ..., -0.34051778,
         -0.29583124, -0.34808451],
        [-0.06857072,  0.        , -0.02132383, ..., -0.27524349,
         -0.22963342, -0.28298269],
        [-0.04728149,  0.02132383,  0.        , ..., -0.29568109,
         -0.2503352 , -0.30337056],
        ...,
        [ 0.34051778,  0.27524349,  0.29568109, ...,  0.        ,
         -0.04712449,  0.00805944],
        [ 0.29583124,  0.22963342,  0.2503352 , ...,  0.04712449,
          0.        ,  0.05517344],
        [ 0.34808451,  0.28298269,  0.30337056, ..., -0.00805944,
         -0.05517344,  0.        ]]]), 'num': array([9.99994134e-01, 4.95266388e-05, 7.11704379e-05, 6.47091916e-08,
       1.59379129e-04, 1.59946314e-04, 1.56543201e-04, 3.39575100e-03,
       5.67185511e-07, 1.55862578e-04, 1.49254867e-04, 1.65230592e-04,
       7.94059715e-07, 1.63406231e-04, 1.35103503e-04])}
{'img': array([[[ 0.00000000e+00, -1.39346613e-01, -7.25684525e-02, ...,
         -8.68386610e-01, -8.79811837e-01, -8.68386610e-01],
        [ 1.39346613e-01,  0.00000000e+00,  6.71187660e-02, ...,
         -7.90814058e-01, -8.04993570e-01, -7.90814058e-01],
        [ 7.25684525e-02, -6.71187660e-02,  0.00000000e+00, ...,
         -8.30111242e-01, -8.42998763e-01, -8.30111242e-01],
        ...,
        [ 8.68386610e-01,  7.90814058e-01,  8.30111242e-01, ...,
          0.00000000e+00, -2.35245661e-02,  0.00000000e+00],
        [ 8.79811837e-01,  8.04993570e-01,  8.42998763e-01, ...,
          2.35245661e-02,  0.00000000e+00,  2.35245661e-02],
        [ 8.68386610e-01,  7.90814058e-01,  8.30111242e-01, ...,
          0.00000000e+00, -2.35245661e-02,  0.00000000e+00]],

       [[ 0.00000000e+00, -2.76522070e-01, -3.01836328e-01, ...,
          9.04395963e-01, -2.81713209e-02, -6.70163429e-01],
        [ 2.76522070e-01,  0.00000000e+00, -2.64419816e-02, ...,
          9.87121728e-01,  2.49339468e-01, -4.38793695e-01],
        [ 3.01836328e-01,  2.64419816e-02,  0.00000000e+00, ...,
          9.91006529e-01,  2.74859128e-01, -4.14879828e-01],
        ...,
        [-9.04395963e-01, -9.87121728e-01, -9.91006529e-01, ...,
          0.00000000e+00, -9.16057556e-01, -9.57209803e-01],
        [ 2.81713209e-02, -2.49339468e-01, -2.74859128e-01, ...,
          9.16057556e-01,  0.00000000e+00, -6.48988311e-01],
        [ 6.70163429e-01,  4.38793695e-01,  4.14879828e-01, ...,
          9.57209803e-01,  6.48988311e-01,  0.00000000e+00]],

       [[ 0.00000000e+00,  2.25376560e-02,  4.56340431e-02, ...,
         -9.80063850e-01, -9.48325592e-01, -9.05183598e-01],
        [-2.25376560e-02,  0.00000000e+00,  2.31082750e-02, ...,
         -9.84292753e-01, -9.55235885e-01, -9.14532649e-01],
        [-4.56340431e-02, -2.31082750e-02,  0.00000000e+00, ...,
         -9.88109542e-01, -9.61817280e-01, -9.23636016e-01],
        ...,
        [ 9.80063850e-01,  9.84292753e-01,  9.88109542e-01, ...,
          0.00000000e+00,  1.22557177e-01,  2.36703089e-01],
        [ 9.48325592e-01,  9.55235885e-01,  9.61817280e-01, ...,
         -1.22557177e-01,  0.00000000e+00,  1.15844340e-01],
        [ 9.05183598e-01,  9.14532649e-01,  9.23636016e-01, ...,
         -2.36703089e-01, -1.15844340e-01,  0.00000000e+00]],

       ...,

       [[ 0.00000000e+00, -2.74054980e-01, -3.85804625e-01, ...,
          1.54218930e-01,  4.74814887e-01,  4.93658506e-01],
        [ 2.74054980e-01,  0.00000000e+00, -1.18195937e-01, ...,
          4.19090886e-01,  6.97828003e-01,  7.13091823e-01],
        [ 3.85804625e-01,  1.18195937e-01,  0.00000000e+00, ...,
          5.23468507e-01,  7.77596089e-01,  7.90956960e-01],
        ...,
        [-1.54218930e-01, -4.19090886e-01, -5.23468507e-01, ...,
          0.00000000e+00,  3.33408661e-01,  3.53635328e-01],
        [-4.74814887e-01, -6.97828003e-01, -7.77596089e-01, ...,
         -3.33408661e-01,  0.00000000e+00,  2.15362481e-02],
        [-4.93658506e-01, -7.13091823e-01, -7.90956960e-01, ...,
         -3.53635328e-01, -2.15362481e-02,  0.00000000e+00]],

       [[ 0.00000000e+00, -1.73404967e-02, -2.78611267e-02, ...,
         -9.98572426e-01, -9.89368947e-01, -9.52596131e-01],
        [ 1.73404967e-02,  0.00000000e+00, -1.05231724e-02, ...,
         -9.99348517e-01, -9.91741968e-01, -9.57728535e-01],
        [ 2.78611267e-02,  1.05231724e-02,  0.00000000e+00, ...,
         -9.99672972e-01, -9.93036644e-01, -9.60702743e-01],
        ...,
        [ 9.98572426e-01,  9.99348517e-01,  9.99672972e-01, ...,
          0.00000000e+00, -9.23729835e-02, -2.52920968e-01],
        [ 9.89368947e-01,  9.91741968e-01,  9.93036644e-01, ...,
          9.23729835e-02,  0.00000000e+00, -1.62469943e-01],
        [ 9.52596131e-01,  9.57728535e-01,  9.60702743e-01, ...,
          2.52920968e-01,  1.62469943e-01,  0.00000000e+00]],

       [[ 0.00000000e+00, -2.13238305e-02, -2.06259034e-02, ...,
         -2.29633419e-01, -2.82982688e-01, -3.11939493e-01],
        [ 2.13238305e-02,  0.00000000e+00,  6.98080659e-04, ...,
         -2.50335203e-01, -3.03370563e-01, -3.32128378e-01],
        [ 2.06259034e-02, -6.98080659e-04,  0.00000000e+00, ...,
         -2.49659289e-01, -3.02705307e-01, -3.31469843e-01],
        ...,
        [ 2.29633419e-01,  2.50335203e-01,  2.49659289e-01, ...,
          0.00000000e+00,  5.51734386e-02,  8.54284298e-02],
        [ 2.82982688e-01,  3.03370563e-01,  3.02705307e-01, ...,
         -5.51734386e-02,  0.00000000e+00,  3.03265624e-02],
        [ 3.11939493e-01,  3.32128378e-01,  3.31469843e-01, ...,
         -8.54284298e-02, -3.03265624e-02,  0.00000000e+00]]]), 'num': array([8.22412270e-01, 5.68862711e-01, 1.78556028e-05, 5.54937049e-08,
       1.32194765e-04, 1.35453087e-04, 1.30798342e-04, 5.75675619e-03,
       1.39642358e-06, 1.29960487e-04, 1.22605990e-04, 1.35313445e-04,
       6.75688827e-07, 1.34554822e-04, 1.10657158e-04])}
{'img': array([[[ 0.00000000e+00,  6.71187660e-02,  1.02514826e-01, ...,
         -8.04993570e-01, -7.90814058e-01, -7.45956823e-01],
        [-6.71187660e-02,  0.00000000e+00,  3.55185054e-02, ...,
         -8.42998763e-01, -8.30111242e-01, -7.88975402e-01],
        [-1.02514826e-01, -3.55185054e-02,  0.00000000e+00, ...,
         -8.61572801e-01, -8.49392498e-01, -8.10301023e-01],
        ...,
        [ 8.04993570e-01,  8.42998763e-01,  8.61572801e-01, ...,
          0.00000000e+00,  2.35245661e-02,  9.35572351e-02],
        [ 7.90814058e-01,  8.30111242e-01,  8.49392498e-01, ...,
         -2.35245661e-02,  0.00000000e+00,  7.01099589e-02],
        [ 7.45956823e-01,  7.88975402e-01,  8.10301023e-01, ...,
         -9.35572351e-02, -7.01099589e-02,  0.00000000e+00]],

       [[ 0.00000000e+00, -2.64419816e-02, -3.34029695e-01, ...,
          2.49339468e-01, -4.38793695e-01,  2.68199603e-01],
        [ 2.64419816e-02,  0.00000000e+00, -3.08989680e-01, ...,
          2.74859128e-01, -4.14879828e-01,  2.93579063e-01],
        [ 3.34029695e-01,  3.08989680e-01,  0.00000000e+00, ...,
          5.58497795e-01, -1.13435485e-01,  5.74586873e-01],
        ...,
        [-2.49339468e-01, -2.74859128e-01, -5.58497795e-01, ...,
          0.00000000e+00, -6.48988311e-01,  1.95243165e-02],
        [ 4.38793695e-01,  4.14879828e-01,  1.13435485e-01, ...,
          6.48988311e-01,  0.00000000e+00,  6.63718671e-01],
        [-2.68199603e-01, -2.93579063e-01, -5.74586873e-01, ...,
         -1.95243165e-02, -6.63718671e-01,  0.00000000e+00]],

       [[ 0.00000000e+00,  2.31082750e-02,  8.78967715e-02, ...,
         -9.55235885e-01, -9.14532649e-01, -8.61075283e-01],
        [-2.31082750e-02,  0.00000000e+00,  6.48544638e-02, ...,
         -9.61817280e-01, -9.23636016e-01, -8.72595386e-01],
        [-8.78967715e-02, -6.48544638e-02,  0.00000000e+00, ...,
         -9.77542570e-01, -9.46548338e-01, -9.02436097e-01],
        ...,
        [ 9.55235885e-01,  9.61817280e-01,  9.77542570e-01, ...,
          0.00000000e+00,  1.15844340e-01,  2.30970924e-01],
        [ 9.14532649e-01,  9.23636016e-01,  9.46548338e-01, ...,
         -1.15844340e-01,  0.00000000e+00,  1.16703900e-01],
        [ 8.61075283e-01,  8.72595386e-01,  9.02436097e-01, ...,
         -2.30970924e-01, -1.16703900e-01,  0.00000000e+00]],

       ...,

       [[ 0.00000000e+00, -1.18195937e-01, -1.18195937e-01, ...,
          6.97828003e-01,  7.13091823e-01,  7.90206838e-01],
        [ 1.18195937e-01,  0.00000000e+00,  0.00000000e+00, ...,
          7.77596089e-01,  7.90956960e-01,  8.57102945e-01],
        [ 1.18195937e-01,  0.00000000e+00,  0.00000000e+00, ...,
          7.77596089e-01,  7.90956960e-01,  8.57102945e-01],
        ...,
        [-6.97828003e-01, -7.77596089e-01, -7.77596089e-01, ...,
          0.00000000e+00,  2.15362481e-02,  1.38340715e-01],
        [-7.13091823e-01, -7.90956960e-01, -7.90956960e-01, ...,
         -2.15362481e-02,  0.00000000e+00,  1.16979459e-01],
        [-7.90206838e-01, -8.57102945e-01, -8.57102945e-01, ...,
         -1.38340715e-01, -1.16979459e-01,  0.00000000e+00]],

       [[ 0.00000000e+00, -1.05231724e-02, -5.78726215e-03, ...,
         -9.91741968e-01, -9.57728535e-01, -9.99310958e-01],
        [ 1.05231724e-02,  0.00000000e+00,  4.73605451e-03, ...,
         -9.93036644e-01, -9.60702743e-01, -9.99646206e-01],
        [ 5.78726215e-03, -4.73605451e-03,  0.00000000e+00, ...,
         -9.92467572e-01, -9.59377338e-01, -9.99509024e-01],
        ...,
        [ 9.91741968e-01,  9.93036644e-01,  9.92467572e-01, ...,
          0.00000000e+00, -1.62469943e-01,  9.13512310e-02],
        [ 9.57728535e-01,  9.60702743e-01,  9.59377338e-01, ...,
          1.62469943e-01,  0.00000000e+00,  2.51928105e-01],
        [ 9.99310958e-01,  9.99646206e-01,  9.99509024e-01, ...,
         -9.13512310e-02, -2.51928105e-01,  0.00000000e+00]],

       [[ 0.00000000e+00,  6.98080659e-04,  1.41477681e-01, ...,
         -3.03370563e-01, -3.32128378e-01, -2.52184520e-01],
        [-6.98080659e-04,  0.00000000e+00,  1.40786587e-01, ...,
         -3.02705307e-01, -3.31469843e-01, -2.51508940e-01],
        [-1.41477681e-01, -1.40786587e-01,  0.00000000e+00, ...,
         -1.65508880e-01, -1.95341061e-01, -1.12742904e-01],
        ...,
        [ 3.03370563e-01,  3.02705307e-01,  1.65508880e-01, ...,
          0.00000000e+00,  3.03265624e-02, -5.32656395e-02],
        [ 3.32128378e-01,  3.31469843e-01,  1.95341061e-01, ...,
         -3.03265624e-02,  0.00000000e+00, -8.35246499e-02],
        [ 2.52184520e-01,  2.51508940e-01,  1.12742904e-01, ...,
          5.32656395e-02,  8.35246499e-02,  0.00000000e+00]]]), 'num': array([9.91076433e-01, 1.30521326e-01, 5.91446809e-05, 6.91938081e-08,
       1.59835644e-04, 1.63131224e-04, 1.51596693e-04, 2.70461683e-02,
       3.84484367e-06, 1.55661242e-04, 1.44895680e-04, 1.59432851e-04,
       8.23895073e-07, 1.59774940e-04, 1.30016420e-04])}
{'img': array([[[ 0.        ,  0.03551851, -0.29765663, ..., -0.83011124,
         -0.7889754 , -0.67882224],
        [-0.03551851,  0.        , -0.33137737, ..., -0.8493925 ,
         -0.81030102, -0.70447525],
        [ 0.29765663,  0.33137737,  0.        , ..., -0.6265121 ,
         -0.5703259 , -0.42948321],
        ...,
        [ 0.83011124,  0.8493925 ,  0.6265121 , ...,  0.        ,
          0.07010996,  0.23104308],
        [ 0.7889754 ,  0.81030102,  0.5703259 , ..., -0.07010996,
          0.        ,  0.16226151],
        [ 0.67882224,  0.70447525,  0.42948321, ..., -0.23104308,
         -0.16226151,  0.        ]],

       [[ 0.        , -0.22959178,  0.22665338, ..., -0.31148111,
          0.21108498,  0.59243366],
        [ 0.22959178,  0.        ,  0.44421556, ..., -0.0849904 ,
          0.42986482,  0.39164444],
        [-0.22665338, -0.44421556,  0.        , ..., -0.51875287,
         -0.01595476,  0.75961219],
        ...,
        [ 0.31148111,  0.0849904 ,  0.51875287, ...,  0.        ,
          0.50504673,  0.3120263 ],
        [-0.21108498, -0.42986482,  0.01595476, ..., -0.50504673,
          0.        ,  0.7491389 ],
        [-0.59243366, -0.39164444, -0.75961219, ..., -0.3120263 ,
         -0.7491389 ,  0.        ]],

       [[ 0.        ,  0.06485446,  0.02373794, ..., -0.92363602,
         -0.87259539, -0.81427956],
        [-0.06485446,  0.        , -0.04114822, ..., -0.94654834,
         -0.9024361 , -0.85021154],
        [-0.02373794,  0.04114822,  0.        , ..., -0.93247381,
         -0.88394415, -0.82782934],
        ...,
        [ 0.92363602,  0.94654834,  0.93247381, ...,  0.        ,
          0.1167039 ,  0.22405611],
        [ 0.87259539,  0.9024361 ,  0.88394415, ..., -0.1167039 ,
          0.        ,  0.10878823],
        [ 0.81427956,  0.85021154,  0.82782934, ..., -0.22405611,
         -0.10878823,  0.        ]],

       ...,

       [[ 0.        ,  0.        , -0.24123025, ...,  0.79095696,
          0.85710294,  0.91569536],
        [ 0.        ,  0.        , -0.24123025, ...,  0.79095696,
          0.85710294,  0.91569536],
