state_0,state_1,state_2,state_3,state_4,state_5,state_6,state_7,state_8,state_9,state_10,state_11,state_12,state_13,state_14,state_15,state_16,state_17,state_18,state_19,state_20,state_21,state_22,state_23,state_24,state_25,state_26,state_27,state_28,state_29,state_30,state_31,state_32,state_33,state_34,state_35,state_36,state_37,state_38,state_39,state_40,state_41,state_42,state_43,state_44,state_45,state_46,state_47,state_48,state_49,state_50,state_51,state_52,state_53,state_54,state_55,state_56,state_57,state_58,state_59,state_60,state_61,state_62,state_63,state_64,state_65,state_66,state_67,state_68,state_69,state_70,state_71,state_72,state_73,state_74,state_75,state_76,state_77,state_78,state_79,state_80,state_81,state_82,state_83,state_84,state_85,state_86,state_87,state_88,state_89,state_90,state_91,state_92,state_93,state_94,state_95,state_96,state_97,state_98,state_99,state_100,state_101,state_102,state_103,state_104,state_105,state_106,state_107,state_108,state_109,state_110,state_111,state_112,state_113,state_114,state_115,state_116,state_117,state_118,state_119,state_120,state_121,state_122,state_123,state_124,state_125,state_126,state_127,state_128,state_129,state_130,state_131,state_132,state_133,state_134,state_135,state_136,state_137,state_138,state_139,state_140,state_141,state_142,state_143,state_144,state_145,state_146,state_147,state_148,state_149,state_150,state_151,state_152,state_153,state_154,state_155,state_156,state_157,state_158,state_159,state_160,state_161,state_162,state_163,state_164,state_165,state_166,state_167,state_168,state_169,state_170,state_171,state_172,state_173,state_174,state_175,state_176,state_177,state_178,state_179,state_180,state_181,state_182,state_183,state_184,state_185,state_186,state_187,state_188,state_189,state_190,state_191,state_192,state_193,state_194,state_195,state_196,state_197,state_198,state_199,state_200,state_201,state_202,state_203,state_204,state_205,state_206,state_207,state_208,state_209,state_210,state_211,state_212,state_213,state_214,state_215,state_216,state_217,state_218,state_219,state_220,state_221,state_222,state_223,state_224,state_225,state_226,state_227,state_228,state_229,state_230,state_231,state_232,state_233,state_234,state_235,state_236,state_237,state_238,state_239,state_240,state_241,state_242,state_243,state_244,state_245,state_246,state_247,state_248,state_249,state_250,state_251,state_252,state_253,state_254,state_255,state_256,state_257,state_258,state_259,state_260,state_261,state_262,state_263,state_264,state_265,state_266,state_267,state_268,state_269,state_270,state_271,state_272,state_273,state_274,state_275,state_276,state_277,state_278,state_279,state_280,state_281,state_282,state_283,state_284,state_285,state_286,state_287
{'img': array([[[ 0.        ,  0.16116346,  0.28310659, ..., -0.86231033,
         -0.81092626, -0.72336426],
        [-0.16116346,  0.        ,  0.12483573, ..., -0.93264795,
         -0.89463015, -0.82518623],
        [-0.28310659, -0.12483573,  0.        , ..., -0.97039145,
         -0.94340937, -0.88924596],
        ...,
        [ 0.86231033,  0.93264795,  0.97039145, ...,  0.        ,
          0.09394247,  0.22909916],
        [ 0.81092626,  0.89463015,  0.94340937, ..., -0.09394247,
          0.        ,  0.13664211],
        [ 0.72336426,  0.82518623,  0.88924596, ..., -0.22909916,
         -0.13664211,  0.        ]],

       [[ 0.        ,  0.05819726, -0.08923679, ..., -0.60528885,
         -0.50797026, -0.61048765],
        [-0.05819726,  0.        , -0.14705063, ..., -0.65058831,
         -0.55723895, -0.65554667],
        [ 0.08923679,  0.14705063,  0.        , ..., -0.531841  ,
         -0.42907738, -0.53737424],
        ...,
        [ 0.60528885,  0.65058831,  0.531841  , ...,  0.        ,
          0.11703312, -0.00654741],
        [ 0.50797026,  0.55723895,  0.42907738, ..., -0.11703312,
          0.        , -0.12353302],
        [ 0.61048765,  0.65554667,  0.53737424, ...,  0.00654741,
          0.12353302,  0.        ]],

       [[ 0.        ,  0.15915005,  0.38079883, ..., -0.95471403,
         -0.95870477, -0.90977764],
        [-0.15915005,  0.        ,  0.22878597, ..., -0.98989675,
         -0.99174829, -0.96424452],
        [-0.38079883, -0.22878597,  0.        , ..., -0.99608105,
         -0.99477434, -0.99930114],
        ...,
        [ 0.95471403,  0.98989675,  0.99608105, ...,  0.        ,
         -0.01371496,  0.12561632],
        [ 0.95870477,  0.99174829,  0.99477434, ...,  0.01371496,
          0.        ,  0.13921083],
        [ 0.90977764,  0.96424452,  0.99930114, ..., -0.12561632,
         -0.13921083,  0.        ]],

       ...,

       [[ 0.        ,  0.02331882,  0.45851126, ..., -0.99886795,
         -0.98274846, -0.85458416],
        [-0.02331882,  0.        ,  0.43766341, ..., -0.99970559,
         -0.98679398, -0.86646154],
        [-0.45851126, -0.43766341,  0.        , ..., -0.90949356,
         -0.95815773, -0.99757002],
        ...,
        [ 0.99886795,  0.99970559,  0.90949356, ...,  0.        ,
          0.1379893 ,  0.47807317],
        [ 0.98274846,  0.98679398,  0.95815773, ..., -0.1379893 ,
          0.        ,  0.35230102],
        [ 0.85458416,  0.86646154,  0.99757002, ..., -0.47807317,
         -0.35230102,  0.        ]],

       [[ 0.        ,  0.22435387,  0.44493232, ..., -0.06191039,
         -0.09696384, -0.12437002],
        [-0.22435387,  0.        ,  0.23266669, ..., -0.28425565,
         -0.3177887 , -0.34381151],
        [-0.44493232, -0.23266669,  0.        , ..., -0.49952354,
         -0.52967309, -0.55285915],
        ...,
        [ 0.06191039,  0.28425565,  0.49952354, ...,  0.        ,
         -0.03515916, -0.06270172],
        [ 0.09696384,  0.3177887 ,  0.52967309, ...,  0.03515916,
          0.        , -0.02757297],
        [ 0.12437002,  0.34381151,  0.55285915, ...,  0.06270172,
          0.02757297,  0.        ]],

       [[ 0.        ,  0.21707654,  0.36664539, ...,  0.99955428,
          0.99998684,  0.99998295],
        [-0.21707654,  0.        ,  0.15594307, ...,  0.9822    ,
          0.97725556,  0.97487032],
        [-0.36664539, -0.15594307,  0.        , ...,  0.94089176,
          0.93222979,  0.92820388],
        ...,
        [-0.99955428, -0.9822    , -0.94089176, ...,  0.        ,
         -0.0247244 , -0.03568992],
        [-0.99998684, -0.97725556, -0.93222979, ...,  0.0247244 ,
          0.        , -0.01097036],
        [-0.99998295, -0.97487032, -0.92820388, ...,  0.03568992,
          0.01097036,  0.        ]]]), 'num': array([ 7.07106429e-01,  7.07106429e-01,  0.00000000e+00,  0.00000000e+00,
        6.42129081e-05,  6.49773475e-05,  6.38306884e-05,  9.81530612e-04,
       -1.91109846e-07,  6.37733555e-05,  6.44613509e-05,  6.54153076e-05,
        4.87266825e-07,  6.98648614e-05,  5.90578404e-05])}
{'img': array([[[ 0.        ,  0.12483573,  0.10883311, ..., -0.89463015,
         -0.82518623, -0.84340021],
        [-0.12483573,  0.        , -0.01611246, ..., -0.94340937,
         -0.88924596, -0.90387512],
        [-0.10883311,  0.01611246,  0.        , ..., -0.93794352,
         -0.88176021, -0.89686493],
        ...,
        [ 0.89463015,  0.94340937,  0.93794352, ...,  0.        ,
          0.13664211,  0.10383462],
        [ 0.82518623,  0.88924596,  0.88176021, ..., -0.13664211,
          0.        , -0.0330428 ],
        [ 0.84340021,  0.90387512,  0.89686493, ..., -0.10383462,
          0.0330428 ,  0.        ]],

       [[ 0.        , -0.14672155, -0.22178245, ..., -0.55498545,
         -0.65199369, -0.83478745],
        [ 0.14672155,  0.        , -0.07631466, ..., -0.42692751,
         -0.53368984, -0.74497241],
        [ 0.22178245,  0.07631466,  0.        , ..., -0.35667223,
         -0.46759568, -0.69189077],
        ...,
        [ 0.55498545,  0.42692751,  0.35667223, ...,  0.        ,
         -0.12156399, -0.38886669],
        [ 0.65199369,  0.53368984,  0.46759568, ...,  0.12156399,
          0.        , -0.27398652],
        [ 0.83478745,  0.74497241,  0.69189077, ...,  0.38886669,
          0.27398652,  0.        ]],

       [[ 0.        ,  0.22878597,  0.46325802, ..., -0.99174829,
         -0.96424452, -0.9420862 ],
        [-0.22878597,  0.        ,  0.24821542, ..., -0.99477434,
         -0.99930114, -0.99382715],
        [-0.46325802, -0.24821542,  0.        , ..., -0.93830044,
         -0.97730604, -0.99026211],
        ...,
        [ 0.99174829,  0.99477434,  0.93830044, ...,  0.        ,
          0.13921083,  0.21182765],
        [ 0.96424452,  0.99930114,  0.97730604, ..., -0.13921083,
          0.        ,  0.07371331],
        [ 0.9420862 ,  0.99382715,  0.99026211, ..., -0.21182765,
         -0.07371331,  0.        ]],

       ...,

       [[ 0.        ,  0.43766341,  0.22029243, ..., -0.98679398,
         -0.86646154, -0.94641196],
        [-0.43766341,  0.        , -0.22883823, ..., -0.95815773,
         -0.99757002, -0.99230441],
        [-0.22029243,  0.22883823,  0.        , ..., -0.99823533,
         -0.95515557, -0.99430835],
        ...,
        [ 0.98679398,  0.95815773,  0.99823533, ...,  0.        ,
          0.35230102,  0.16539671],
        [ 0.86646154,  0.99757002,  0.95515557, ..., -0.35230102,
          0.        , -0.19265624],
        [ 0.94641196,  0.99230441,  0.99430835, ..., -0.16539671,
          0.19265624,  0.        ]],

       [[ 0.        ,  0.23266669,  0.42930335, ..., -0.3177887 ,
         -0.34381151, -0.43860392],
        [-0.23266669,  0.        ,  0.20738644, ..., -0.52967309,
         -0.55285915, -0.63566012],
        [-0.42930335, -0.20738644,  0.        , ..., -0.69406309,
         -0.71364938, -0.78193621],
        ...,
        [ 0.3177887 ,  0.52967309,  0.69406309, ...,  0.        ,
         -0.02757297, -0.13027687],
        [ 0.34381151,  0.55285915,  0.71364938, ...,  0.02757297,
          0.        , -0.10288936],
        [ 0.43860392,  0.63566012,  0.78193621, ...,  0.13027687,
          0.10288936,  0.        ]],

       [[ 0.        ,  0.30090662,  0.51441649, ...,  0.99997638,
          0.99983841,  0.99999526],
        [-0.30090662,  0.        ,  0.23253553, ...,  0.95156276,
          0.94809025,  0.95272246],
        [-0.51441649, -0.23253553,  0.        , ...,  0.85398432,
          0.84815449,  0.8559523 ],
        ...,
        [-0.99997638, -0.95156276, -0.85398432, ...,  0.        ,
         -0.01110359,  0.00379423],
        [-0.99983841, -0.94809025, -0.84815449, ...,  0.01110359,
          0.        ,  0.0148975 ],
        [-0.99999526, -0.95272246, -0.8559523 , ..., -0.00379423,
         -0.0148975 ,  0.        ]]]), 'num': array([ 9.91515627e-01,  1.29981391e-01,  1.28395560e-04, -1.65583720e-10,
        9.00338812e-05,  9.01680599e-05,  8.86920946e-05,  1.23184061e-03,
       -1.34178661e-07,  8.97386882e-05,  9.00338812e-05,  9.16999329e-05,
        7.94750528e-07,  9.63457002e-05,  8.37220623e-05])}
{'img': array([[[ 0.        , -0.01611246, -0.33727509, ..., -0.88924596,
         -0.90387512, -0.91093375],
        [ 0.01611246,  0.        , -0.32206294, ..., -0.88176021,
         -0.89686493, -0.90416826],
        [ 0.33727509,  0.32206294,  0.        , ..., -0.68286207,
         -0.70662852, -0.71841489],
        ...,
        [ 0.88924596,  0.88176021,  0.68286207, ...,  0.        ,
         -0.0330428 , -0.04982707],
        [ 0.90387512,  0.89686493,  0.70662852, ...,  0.0330428 ,
          0.        , -0.0167981 ],
        [ 0.91093375,  0.90416826,  0.71841489, ...,  0.04982707,
          0.0167981 ,  0.        ]],

       [[ 0.        , -0.07467335,  0.26545372, ..., -0.50831148,
         -0.63746014, -0.75486876],
        [ 0.07467335,  0.        ,  0.33670692, ..., -0.4425856 ,
         -0.57814581, -0.70378476],
        [-0.26545372, -0.33670692,  0.        , ..., -0.71867674,
         -0.81911803, -0.90189148],
        ...,
        [ 0.50831148,  0.4425856 ,  0.71867674, ...,  0.        ,
         -0.15731813, -0.31668359],
        [ 0.63746014,  0.57814581,  0.81911803, ...,  0.15731813,
          0.        , -0.16351908],
        [ 0.75486876,  0.70378476,  0.90189148, ...,  0.31668359,
          0.16351908,  0.        ]],

       [[ 0.        ,  0.24821542,  0.21931809, ..., -0.99930114,
         -0.99382715, -0.98892397],
        [-0.24821542,  0.        , -0.02971771, ..., -0.97730604,
         -0.99026211, -0.99481633],
        [-0.21931809,  0.02971771,  0.        , ..., -0.98316957,
         -0.99396191, -0.99739889],
        ...,
        [ 0.99930114,  0.97730604,  0.98316957, ...,  0.        ,
          0.07371331,  0.11135375],
        [ 0.99382715,  0.99026211,  0.99396191, ..., -0.07371331,
          0.        ,  0.03779594],
        [ 0.98892397,  0.99481633,  0.99739889, ..., -0.11135375,
         -0.03779594,  0.        ]],

       ...,

       [[ 0.        , -0.22883823, -0.78001991, ..., -0.99757002,
         -0.99230441, -0.99688536],
        [ 0.22883823,  0.        , -0.61612507, ..., -0.95515557,
         -0.99430835, -0.95238529],
        [ 0.78001991,  0.61612507,  0.        , ..., -0.56988934,
         -0.71752297, -0.56228993],
        ...,
        [ 0.99757002,  0.95515557,  0.56988934, ...,  0.        ,
         -0.19265624,  0.00921869],
        [ 0.99230441,  0.99430835,  0.71752297, ...,  0.19265624,
          0.        ,  0.20169404],
        [ 0.99688536,  0.95238529,  0.56228993, ..., -0.00921869,
         -0.20169404,  0.        ]],

       [[ 0.        ,  0.20738644,  0.28508851, ..., -0.55285915,
         -0.63566012, -0.81512899],
        [-0.20738644,  0.        ,  0.08011027, ..., -0.71364938,
         -0.78193621, -0.91754206],
        [-0.28508851, -0.08011027,  0.        , ..., -0.7674732 ,
         -0.82936049, -0.94644804],
        ...,
        [ 0.55285915,  0.71364938,  0.7674732 , ...,  0.        ,
         -0.10288936, -0.35896641],
        [ 0.63566012,  0.78193621,  0.82936049, ...,  0.10288936,
          0.        , -0.26102948],
        [ 0.81512899,  0.91754206,  0.94644804, ...,  0.35896641,
          0.26102948,  0.        ]],

       [[ 0.        ,  0.43255659,  0.69416549, ...,  0.99911231,
          0.99963879,  0.99563509],
        [-0.43255659,  0.        ,  0.31450341, ...,  0.8825846 ,
          0.88965598,  0.93804252],
        [-0.69416549, -0.31450341,  0.        , ...,  0.68993411,
          0.70089944,  0.78146104],
        ...,
        [-0.99911231, -0.8825846 , -0.68993411, ...,  0.        ,
          0.01525914,  0.13519073],
        [-0.99963879, -0.88965598, -0.70089944, ..., -0.01525914,
          0.        ,  0.12005594],
        [-0.99563509, -0.93804252, -0.78146104, ..., -0.13519073,
         -0.12005594,  0.        ]]]), 'num': array([ 7.07106475e-01,  7.07106475e-01,  0.00000000e+00, -2.72261884e-09,
        6.33417732e-05,  6.44916995e-05,  6.30542917e-05,  9.12322772e-04,
       -9.58271910e-07,  6.40892253e-05,  6.38927796e-05,  6.53493529e-05,
        5.17606725e-07,  6.69764950e-05,  6.08090642e-05])}
{'img': array([[[ 0.        , -0.32206294, -0.43865226, ..., -0.89686493,
         -0.90416826, -0.96637371],
        [ 0.32206294,  0.        , -0.12585603, ..., -0.70662852,
         -0.71841489, -0.83206783],
        [ 0.43865226,  0.12585603,  0.        , ..., -0.61195597,
         -0.62515511, -0.7556426 ],
        ...,
        [ 0.89686493,  0.70662852,  0.61195597, ...,  0.        ,
         -0.0167981 , -0.19681009],
        [ 0.90416826,  0.71841489,  0.62515511, ...,  0.0167981 ,
          0.        , -0.18031276],
        [ 0.96637371,  0.83206783,  0.7556426 , ...,  0.19681009,
          0.18031276,  0.        ]],

       [[ 0.        ,  0.33670692,  0.14856553, ..., -0.57814581,
         -0.70378476, -0.63585223],
        [-0.33670692,  0.        , -0.19307962, ..., -0.81911803,
         -0.90189148, -0.85859855],
        [-0.14856553,  0.19307962,  0.        , ..., -0.69294947,
         -0.80151748, -0.74346039],
        ...,
        [ 0.57814581,  0.81911803,  0.69294947, ...,  0.        ,
         -0.16351908, -0.07259392],
        [ 0.70378476,  0.90189148,  0.80151748, ...,  0.16351908,
          0.        ,  0.09147083],
        [ 0.63585223,  0.85859855,  0.74346039, ...,  0.07259392,
         -0.09147083,  0.        ]],

       [[ 0.        , -0.02971771, -0.11836997, ..., -0.99026211,
         -0.99481633, -0.99481633],
        [ 0.02971771,  0.        , -0.0888089 , ..., -0.99396191,
         -0.99739889, -0.99739889],
        [ 0.11836997,  0.0888089 ,  0.        , ..., -0.99977907,
         -0.99985915, -0.99985915],
        ...,
        [ 0.99026211,  0.99396191,  0.99977907, ...,  0.        ,
          0.03779594,  0.03779594],
        [ 0.99481633,  0.99739889,  0.99985915, ..., -0.03779594,
          0.        ,  0.        ],
        [ 0.99481633,  0.99739889,  0.99985915, ..., -0.03779594,
          0.        ,  0.        ]],

       ...,

       [[ 0.        , -0.76196784, -0.89015838, ..., -0.99370358,
         -0.99563139, -0.99932625],
        [ 0.76196784,  0.        , -0.2292882 , ..., -0.72890887,
         -0.57364003, -0.67514447],
        [ 0.89015838,  0.2292882 ,  0.        , ..., -0.55251654,
         -0.37054576, -0.48801507],
        ...,
        [ 0.99370358,  0.72890887,  0.55251654, ...,  0.        ,
          0.2043346 ,  0.07549438],
        [ 0.99563139,  0.57364003,  0.37054576, ..., -0.2043346 ,
          0.        , -0.12984995],
        [ 0.99932625,  0.67514447,  0.48801507, ..., -0.07549438,
          0.12984995,  0.        ]],

       [[ 0.        ,  0.08011027,  0.11958702, ..., -0.78193621,
         -0.91754206, -0.99772945],
        [-0.08011027,  0.        ,  0.03966729, ..., -0.82936049,
         -0.94644804, -0.98912737],
        [-0.11958702, -0.03966729,  0.        , ..., -0.8508704 ,
         -0.95850996, -0.98251534],
        ...,
        [ 0.78193621,  0.82936049,  0.8508704 , ...,  0.        ,
         -0.26102948, -0.67460607],
        [ 0.91754206,  0.94644804,  0.95850996, ...,  0.26102948,
          0.        , -0.45853184],
        [ 0.99772945,  0.98912737,  0.98251534, ...,  0.67460607,
          0.45853184,  0.        ]],

       [[ 0.        ,  0.58808053,  0.78201928, ...,  0.99679421,
          0.99892208,  0.961883  ],
        [-0.58808053,  0.        ,  0.26597537, ...,  0.75915829,
          0.83522841,  0.93879053],
        [-0.78201928, -0.26597537,  0.        , ...,  0.55868829,
          0.65888263,  0.81334967],
        ...,
        [-0.99679421, -0.75915829, -0.55868829, ...,  0.        ,
          0.12619167,  0.34954314],
        [-0.99892208, -0.83522841, -0.65888263, ..., -0.12619167,
          0.        ,  0.22851731],
        [-0.961883  , -0.93879053, -0.81334967, ..., -0.34954314,
         -0.22851731,  0.        ]]]), 'num': array([ 9.79340922e-01,  2.02212091e-01,  1.18645623e-04, -3.94914474e-09,
        8.75736794e-05,  8.91780827e-05,  8.74399791e-05,  1.24551164e-03,
       -8.02201643e-07,  8.91246026e-05,  8.87702968e-05,  9.09696663e-05,
        6.91875543e-07,  9.21531780e-05,  8.53874157e-05])}
{'img': array([[[ 0.        , -0.12585603,  0.35254666, ..., -0.71841489,
         -0.83206783, -0.89535301],
        [ 0.12585603,  0.        ,  0.46751873, ..., -0.62515511,
         -0.7556426 , -0.83218275],
        [-0.35254666, -0.46751873,  0.        , ..., -0.91752521,
         -0.97419271, -0.99487536],
        ...,
        [ 0.71841489,  0.62515511,  0.91752521, ...,  0.        ,
         -0.18031276, -0.30286967],
        [ 0.83206783,  0.7556426 ,  0.97419271, ...,  0.18031276,
          0.        , -0.1260616 ],
        [ 0.89535301,  0.83218275,  0.99487536, ...,  0.30286967,
          0.1260616 ,  0.        ]],

       [[ 0.        , -0.19307962,  0.08775111, ..., -0.90189148,
         -0.85859855, -0.87546249],
        [ 0.19307962,  0.        ,  0.27843471, ..., -0.80151748,
         -0.74346039, -0.76567631],
        [-0.08775111, -0.27843471,  0.        , ..., -0.93631758,
         -0.90027192, -0.91449423],
        ...,
        [ 0.90189148,  0.80151748,  0.93631758, ...,  0.        ,
          0.09147083,  0.05770446],
        [ 0.85859855,  0.74346039,  0.90027192, ..., -0.09147083,
          0.        , -0.03385587],
        [ 0.87546249,  0.76567631,  0.91449423, ..., -0.05770446,
          0.03385587,  0.        ]],

       [[ 0.        , -0.0888089 , -0.02849437, ..., -0.99739889,
         -0.99739889, -0.99128544],
        [ 0.0888089 ,  0.        ,  0.06039107, ..., -0.99985915,
         -0.99985915, -0.99906748],
        [ 0.02849437, -0.06039107,  0.        , ..., -0.99904776,
         -0.99904776, -0.99463653],
        ...,
        [ 0.99739889,  0.99985915,  0.99904776, ...,  0.        ,
          0.        , -0.05993741],
        [ 0.99739889,  0.99985915,  0.99904776, ...,  0.        ,
          0.        , -0.05993741],
        [ 0.99128544,  0.99906748,  0.99463653, ...,  0.05993741,
          0.05993741,  0.        ]],

       ...,

       [[ 0.        , -0.64167102, -0.56591537, ..., -0.94494934,
         -0.98556045, -0.99491461],
        [ 0.64167102,  0.        ,  0.09498846, ..., -0.5147918 ,
         -0.64725489, -0.69844925],
        [ 0.56591537, -0.09498846,  0.        , ..., -0.59389915,
         -0.71673544, -0.76327053],
        ...,
        [ 0.94494934,  0.5147918 ,  0.59389915, ...,  0.        ,
         -0.16248926, -0.23037549],
        [ 0.98556045,  0.64725489,  0.71673544, ...,  0.16248926,
          0.        , -0.06919529],
        [ 0.99491461,  0.69844925,  0.76327053, ...,  0.23037549,
          0.06919529,  0.        ]],

       [[ 0.        ,  0.03966729,  0.17206357, ..., -0.94644804,
         -0.98912737, -0.81887386],
        [-0.03966729,  0.        ,  0.13285246, ..., -0.95850996,
         -0.98251534, -0.79546139],
        [-0.17206357, -0.13285246,  0.        , ..., -0.98788435,
         -0.94907147, -0.70790112],
        ...,
        [ 0.94644804,  0.95850996,  0.98788435, ...,  0.        ,
         -0.45853184, -0.80761459],
        [ 0.98912737,  0.98251534,  0.94907147, ...,  0.45853184,
          0.        , -0.44730819],
        [ 0.81887386,  0.79546139,  0.70790112, ...,  0.80761459,
          0.44730819,  0.        ]],

       [[ 0.        ,  0.60682079,  0.8209497 , ...,  0.99852038,
          0.98047109,  0.95606707],
        [-0.60682079,  0.        ,  0.30602759, ...,  0.76066444,
          0.89865571,  0.9378074 ],
        [-0.8209497 , -0.30602759,  0.        , ...,  0.5255134 ,
          0.72130015,  0.78657457],
        ...,
        [-0.99852038, -0.76066444, -0.5255134 , ...,  0.        ,
          0.24968912,  0.34470404],
        [-0.98047109, -0.89865571, -0.72130015, ..., -0.24968912,
          0.        ,  0.09939988],
        [-0.95606707, -0.9378074 , -0.78657457, ..., -0.34470404,
         -0.09939988,  0.        ]]]), 'num': array([ 7.93017694e-01,  6.09195291e-01,  2.81936202e-05, -1.19987143e-08,
        7.07281275e-05,  7.19213935e-05,  6.99687765e-05,  1.99795028e-03,
       -3.25436170e-07,  7.18346105e-05,  7.18183387e-05,  7.36751328e-05,
        3.26489361e-07,  7.42886781e-05,  6.93479992e-05])}
{'img': array([[[ 0.        ,  0.46751873,  0.99758582, ..., -0.7556426 ,
         -0.83218275, -0.86970838],
        [-0.46751873,  0.        ,  0.84938249, ..., -0.97419271,
         -0.99487536, -0.99955889],
        [-0.99758582, -0.84938249,  0.        , ..., -0.7058781 ,
         -0.61095326, -0.5527708 ],
        ...,
        [ 0.7556426 ,  0.97419271,  0.7058781 , ...,  0.        ,
         -0.1260616 , -0.19668577],
        [ 0.83218275,  0.99487536,  0.61095326, ...,  0.1260616 ,
          0.        , -0.0715175 ],
        [ 0.86970838,  0.99955889,  0.5527708 , ...,  0.19668577,
          0.0715175 ,  0.        ]],

       [[ 0.        ,  0.27843471,  0.96985216, ..., -0.74346039,
         -0.76567631, -0.43300892],
        [-0.27843471,  0.        ,  0.86364663, ..., -0.90027192,
         -0.91449423, -0.66686381],
        [-0.96985216, -0.86364663,  0.        , ..., -0.82979457,
         -0.81042497, -0.97973638],
        ...,
        [ 0.74346039,  0.90027192,  0.82979457, ...,  0.        ,
         -0.03385587,  0.38055979],
        [ 0.76567631,  0.91449423,  0.81042497, ...,  0.03385587,
          0.        ,  0.41165005],
        [ 0.43300892,  0.66686381,  0.97973638, ..., -0.38055979,
         -0.41165005,  0.        ]],

       [[ 0.        ,  0.06039107,  0.36937695, ..., -0.99985915,
         -0.99906748, -0.98480501],
        [-0.06039107,  0.        ,  0.31258257, ..., -0.99904776,
         -0.99463653, -0.9725198 ],
        [-0.36937695, -0.31258257,  0.        , ..., -0.93534807,
         -0.91246487, -0.85101187],
        ...,
        [ 0.99985915,  0.99904776,  0.93534807, ...,  0.        ,
         -0.05993741, -0.19016741],
        [ 0.99906748,  0.99463653,  0.91246487, ...,  0.05993741,
          0.        , -0.13098187],
        [ 0.98480501,  0.9725198 ,  0.85101187, ...,  0.19016741,
          0.13098187,  0.        ]],

       ...,

       [[ 0.        ,  0.09524588,  0.64051181, ..., -0.64791036,
         -0.69909601, -0.99422649],
        [-0.09524588,  0.        ,  0.56445599, ..., -0.71751518,
         -0.76402121, -0.99992657],
        [-0.64051181, -0.56445599,  0.        , ..., -0.98545015,
         -0.99485336, -0.83224264],
        ...,
        [ 0.64791036,  0.71751518,  0.98545015, ...,  0.        ,
         -0.0692391 , -0.68779687],
        [ 0.69909601,  0.76402121,  0.99485336, ...,  0.0692391 ,
          0.        , -0.63588533],
        [ 0.99422649,  0.99992657,  0.83224264, ...,  0.68779687,
          0.63588533,  0.        ]],

       [[ 0.        ,  0.13039958,  0.66328394, ..., -0.99425369,
         -0.90543058, -0.66328394],
        [-0.13039958,  0.        ,  0.56003365, ..., -0.97180507,
         -0.84234569, -0.56003365],
        [-0.66328394, -0.56003365,  0.        , ..., -0.67306327,
         -0.39603482, -0.        ],
        ...,
        [ 0.99425369,  0.97180507,  0.67306327, ...,  0.        ,
         -0.32512921, -0.67306327],
        [ 0.90543058,  0.84234569,  0.39603482, ...,  0.32512921,
          0.        , -0.39603482],
        [ 0.66328394,  0.56003365,  0.        , ...,  0.67306327,
          0.39603482,  0.        ]],

       [[ 0.        ,  0.66078444,  0.83516319, ...,  0.99448943,
          0.97719359,  0.97343953],
        [-0.66078444,  0.        ,  0.2634203 , ...,  0.81571419,
          0.87377563,  0.8819229 ],
        [-0.83516319, -0.2634203 ,  0.        , ...,  0.63452728,
          0.71480589,  0.72659974],
        ...,
        [-0.99448943, -0.81571419, -0.63452728, ...,  0.        ,
          0.10873434,  0.12563033],
        [-0.97719359, -0.87377563, -0.71480589, ..., -0.10873434,
          0.        ,  0.0170126 ],
        [-0.97343953, -0.8819229 , -0.72659974, ..., -0.12563033,
         -0.0170126 ,  0.        ]]]), 'num': array([ 9.12000397e-01,  4.10186125e-01,  7.59174353e-05, -1.50556121e-08,
        8.18486784e-05,  8.25916316e-05,  8.06104231e-05,  1.59941728e-03,
        1.11442981e-06,  8.17248529e-05,  8.20901382e-05,  8.39826051e-05,
        5.96749565e-07,  8.46963348e-05,  7.94839416e-05])}
{'img': array([[[ 0.        ,  0.84938249, -0.07977822, ..., -0.99487536,
         -0.99955889, -0.97419271],
        [-0.84938249,  0.        , -0.88878038, ..., -0.61095326,
         -0.5527708 , -0.7058781 ],
        [ 0.07977822,  0.88878038,  0.        , ..., -0.98363804,
         -0.9940036 , -0.95308023],
        ...,
        [ 0.99487536,  0.61095326,  0.98363804, ...,  0.        ,
         -0.0715175 ,  0.1260616 ],
        [ 0.99955889,  0.5527708 ,  0.9940036 , ...,  0.0715175 ,
          0.        ,  0.19668577],
        [ 0.97419271,  0.7058781 ,  0.95308023, ..., -0.1260616 ,
         -0.19668577,  0.        ]],

       [[ 0.        ,  0.86364663,  0.1510682 , ..., -0.91449423,
         -0.66686381, -0.78780401],
        [-0.86364663,  0.        , -0.77758172, ..., -0.81042497,
         -0.97973638, -0.92907262],
        [-0.1510682 ,  0.77758172,  0.        , ..., -0.96512092,
         -0.77178339, -0.87180949],
        ...,
        [ 0.91449423,  0.81042497,  0.96512092, ...,  0.        ,
          0.41165005,  0.2445161 ],
        [ 0.66686381,  0.97973638,  0.77178339, ..., -0.41165005,
          0.        , -0.17631672],
        [ 0.78780401,  0.92907262,  0.87180949, ..., -0.2445161 ,
          0.17631672,  0.        ]],

       [[ 0.        ,  0.31258257,  0.27651999, ..., -0.99463653,
         -0.9725198 , -0.95267902],
        [-0.31258257,  0.        , -0.03773067, ..., -0.91246487,
         -0.85101187, -0.80992258],
        [-0.27651999,  0.03773067,  0.        , ..., -0.92725283,
         -0.87022003, -0.83147629],
        ...,
        [ 0.99463653,  0.91246487,  0.92725283, ...,  0.        ,
         -0.13098187, -0.20381029],
        [ 0.9725198 ,  0.85101187,  0.87022003, ...,  0.13098187,
          0.        , -0.07382181],
        [ 0.95267902,  0.80992258,  0.83147629, ...,  0.20381029,
          0.07382181,  0.        ]],

       ...,

       [[ 0.        ,  0.56445599, -0.47056826, ..., -0.76402121,
         -0.99992657, -0.82903513],
        [-0.56445599,  0.        , -0.88649218, ..., -0.99485336,
         -0.83224264, -0.99997979],
        [ 0.47056826,  0.88649218,  0.        , ..., -0.37053804,
         -0.87659645, -0.46837027],
        ...,
        [ 0.76402121,  0.99485336,  0.37053804, ...,  0.        ,
         -0.63588533, -0.10764809],
        [ 0.99992657,  0.83224264,  0.87659645, ...,  0.63588533,
          0.        ,  0.54910922],
        [ 0.82903513,  0.99997979,  0.46837027, ...,  0.10764809,
         -0.54910922,  0.        ]],

       [[ 0.        ,  0.55811071,  0.32373491, ..., -0.85960068,
         -0.69341252, -0.55811071],
        [-0.55811071,  0.        , -0.25943086, ..., -0.42809201,
         -0.17322892, -0.        ],
        [-0.32373491,  0.25943086,  0.        , ..., -0.64789165,
         -0.42280653, -0.25943086],
        ...,
        [ 0.85960068,  0.42809201,  0.64789165, ...,  0.        ,
         -0.26506687, -0.42809201],
        [ 0.69341252,  0.17322892,  0.42280653, ...,  0.26506687,
          0.        , -0.17322892],
        [ 0.55811071,  0.        ,  0.25943086, ...,  0.42809201,
          0.17322892,  0.        ]],

       [[ 0.        ,  0.63701848,  0.95238036, ...,  0.99497486,
          0.99288427,  0.98017015],
        [-0.63701848,  0.        ,  0.53990607, ...,  0.83075643,
          0.84122162,  0.88179284],
        [-0.95238036, -0.53990607,  0.        , ...,  0.39873747,
          0.41615543,  0.48758768],
        ...,
        [-0.99497486, -0.83075643, -0.39873747, ...,  0.        ,
          0.01907224,  0.09902232],
        [-0.99288427, -0.84122162, -0.41615543, ..., -0.01907224,
          0.        ,  0.08002581],
        [-0.98017015, -0.88179284, -0.48758768, ..., -0.09902232,
         -0.08002581,  0.        ]]]), 'num': array([ 7.07106546e-01,  7.07106546e-01,  0.00000000e+00, -5.38243886e-09,
        6.37097800e-05,  6.39980595e-05,  6.29410345e-05,  7.95997486e-04,
        1.92186365e-07,  6.32677514e-05,  6.36761474e-05,  6.50342644e-05,
        4.37892984e-07,  6.56810436e-05,  6.16712511e-05])}
{'img': array([[[ 0.        , -0.88878038, -0.9152978 , ..., -0.5527708 ,
         -0.7058781 , -0.73269648],
        [ 0.88878038,  0.        , -0.06153051, ..., -0.9940036 ,
         -0.95308023, -0.94068364],
        [ 0.9152978 ,  0.06153051,  0.        , ..., -0.98539196,
         -0.93264795, -0.91802486],
        ...,
        [ 0.5527708 ,  0.9940036 ,  0.98539196, ...,  0.        ,
          0.19668577,  0.23438916],
        [ 0.7058781 ,  0.95308023,  0.93264795, ..., -0.19668577,
          0.        ,  0.03860408],
        [ 0.73269648,  0.94068364,  0.91802486, ..., -0.23438916,
         -0.03860408,  0.        ]],

       [[ 0.        , -0.77496169, -0.94950756, ..., -0.98342088,
         -0.94021934, -0.77361339],
        [ 0.77496169,  0.        , -0.35695687, ..., -0.76205985,
         -0.85815468, -0.9799906 ],
        [ 0.94950756,  0.35695687,  0.        , ..., -0.48072409,
         -0.61836166, -0.84437964],
        ...,
        [ 0.98342088,  0.76205985,  0.48072409, ...,  0.        ,
         -0.16442596, -0.48286712],
        [ 0.94021934,  0.85815468,  0.61836166, ...,  0.16442596,
          0.        , -0.33230826],
        [ 0.77361339,  0.9799906 ,  0.84437964, ...,  0.48286712,
          0.33230826,  0.        ]],

       [[ 0.        , -0.03773067,  0.31130346, ..., -0.85101187,
         -0.80992258, -0.77402555],
        [ 0.03773067,  0.        ,  0.34693764, ..., -0.87022003,
         -0.83147629, -0.79736374],
        [-0.31130346, -0.34693764,  0.        , ..., -0.64524566,
         -0.58708705, -0.53846151],
        ...,
        [ 0.85101187,  0.87022003,  0.64524566, ...,  0.        ,
         -0.07382181, -0.1323451 ],
        [ 0.80992258,  0.83147629,  0.58708705, ...,  0.07382181,
          0.        , -0.05881154],
        [ 0.77402555,  0.79736374,  0.53846151, ...,  0.1323451 ,
          0.05881154,  0.        ]],

       ...,

       [[ 0.        , -0.88649218, -0.9051414 , ..., -0.83224264,
         -0.99997979, -0.99631207],
        [ 0.88649218,  0.        , -0.04199113, ..., -0.87659645,
         -0.46837027, -0.53710123],
        [ 0.9051414 ,  0.04199113,  0.        , ..., -0.85561605,
         -0.43085665, -0.50120724],
        ...,
        [ 0.83224264,  0.87659645,  0.85561605, ...,  0.        ,
          0.54910922,  0.48095752],
        [ 0.99997979,  0.46837027,  0.43085665, ..., -0.54910922,
          0.        , -0.07946762],
        [ 0.99631207,  0.53710123,  0.50120724, ..., -0.48095752,
          0.07946762,  0.        ]],

       [[ 0.        , -0.2588685 , -0.39823282, ..., -0.21716804,
         -0.13247744, -0.        ],
        [ 0.2588685 ,  0.        , -0.14720206, ..., -0.46245575,
         -0.38454847, -0.2588685 ],
        [ 0.39823282,  0.14720206,  0.        , ..., -0.58793354,
         -0.5162423 , -0.39823282],
        ...,
        [ 0.21716804,  0.46245575,  0.58793354, ...,  0.        ,
         -0.08593816, -0.21716804],
        [ 0.13247744,  0.38454847,  0.5162423 , ...,  0.08593816,
          0.        , -0.13247744],
        [ 0.        ,  0.2588685 ,  0.39823282, ...,  0.21716804,
          0.13247744,  0.        ]],

       [[ 0.        ,  0.88064812,  0.99988834, ...,  0.99998704,
          0.99553457,  0.9959032 ],
        [-0.88064812,  0.        ,  0.48687794, ...,  0.47824801,
          0.55478646,  0.55146328],
        [-0.99988834, -0.48687794,  0.        , ..., -0.009853  ,
          0.07951041,  0.07553347],
        ...,
        [-0.99998704, -0.47824801,  0.009853  , ...,  0.        ,
          0.08932835,  0.08535465],
        [-0.99553457, -0.55478646, -0.07951041, ..., -0.08932835,
          0.        , -0.00398894],
        [-0.9959032 , -0.55146328, -0.07553347, ..., -0.08535465,
          0.00398894,  0.        ]]]), 'num': array([ 9.99996814e-01,  2.63310143e-05,  1.49920608e-04, -7.75801511e-09,
        9.01117830e-05,  9.03819833e-05,  8.93011823e-05,  2.50679632e-03,
        5.40400498e-07,  8.91120421e-05,  8.96591976e-05,  9.11700673e-05,
        6.67161108e-07,  9.23138721e-05,  8.70045231e-05])}
{'img': array([[[ 0.        , -0.2409046 , -0.80003065, ..., -0.89884798,
         -0.918262  , -0.94980783],
        [ 0.2409046 ,  0.        , -0.63193587, ..., -0.97795481,
         -0.98660989, -0.99719799],
        [ 0.80003065,  0.63193587,  0.        , ..., -0.88989393,
         -0.86771049, -0.82012264],
        ...,
        [ 0.89884798,  0.97795481,  0.88989393, ...,  0.        ,
          0.04651817,  0.13507314],
        [ 0.918262  ,  0.98660989,  0.86771049, ..., -0.04651817,
          0.        ,  0.08883506],
        [ 0.94980783,  0.99719799,  0.82012264, ..., -0.13507314,
         -0.08883506,  0.        ]],

       [[ 0.        , -0.35695687, -0.08273475, ..., -0.85815468,
         -0.9799906 , -0.75980566],
        [ 0.35695687,  0.        ,  0.27844883, ..., -0.61836166,
         -0.84437964, -0.47767472],
        [ 0.08273475, -0.27844883,  0.        , ..., -0.81273729,
         -0.96016297, -0.70341073],
        ...,
        [ 0.85815468,  0.61836166,  0.81273729, ...,  0.        ,
         -0.33230826,  0.16785192],
        [ 0.9799906 ,  0.84437964,  0.96016297, ...,  0.33230826,
          0.        ,  0.48590658],
        [ 0.75980566,  0.47767472,  0.70341073, ..., -0.16785192,
         -0.48590658,  0.        ]],

       [[ 0.        ,  0.34693764,  0.26023867, ..., -0.83147629,
         -0.79736374, -0.82347733],
        [-0.34693764,  0.        , -0.0909089 , ..., -0.58708705,
         -0.53846151, -0.57549488],
        [-0.26023867,  0.0909089 ,  0.        , ..., -0.65824896,
         -0.61283625, -0.64745766],
        ...,
        [ 0.83147629,  0.58708705,  0.65824896, ...,  0.        ,
         -0.05881154, -0.01424614],
        [ 0.79736374,  0.53846151,  0.61283625, ...,  0.05881154,
          0.        ,  0.04458409],
        [ 0.82347733,  0.57549488,  0.64745766, ...,  0.01424614,
         -0.04458409,  0.        ]],

       ...,

       [[ 0.        , -0.04306125, -0.36070519, ..., -0.47649842,
         -0.54574529, -0.44405172],
        [ 0.04306125,  0.        , -0.32020825, ..., -0.43819805,
         -0.50915586, -0.40505691],
        [ 0.36070519,  0.32020825,  0.        , ..., -0.12729739,
         -0.20675234, -0.09096584],
        ...,
        [ 0.47649842,  0.43819805,  0.12729739, ...,  0.        ,
         -0.08052341,  0.03654382],
        [ 0.54574529,  0.50915586,  0.20675234, ...,  0.08052341,
          0.        ,  0.11689477],
        [ 0.44405172,  0.40505691,  0.09096584, ..., -0.03654382,
         -0.11689477,  0.        ]],

       [[ 0.        , -0.3103363 , -0.54992079, ..., -0.16022472,
         -0.08902301, -0.        ],
        [ 0.3103363 ,  0.        , -0.26357136, ..., -0.45864085,
         -0.3937318 , -0.3103363 ],
        [ 0.54992079,  0.26357136,  0.        , ..., -0.6766385 ,
         -0.62209088, -0.54992079],
        ...,
        [ 0.16022472,  0.45864085,  0.6766385 , ...,  0.        ,
         -0.07171568, -0.16022472],
        [ 0.08902301,  0.3937318 ,  0.62209088, ...,  0.07171568,
          0.        , -0.08902301],
        [ 0.        ,  0.3103363 ,  0.54992079, ...,  0.16022472,
          0.08902301,  0.        ]],

       [[ 0.        ,  0.59128609,  0.94059602, ...,  0.66254611,
          0.65912158,  0.72162048],
        [-0.59128609,  0.        ,  0.55779676, ...,  0.09143242,
          0.08688777,  0.17261863],
        [-0.94059602, -0.55779676,  0.        , ..., -0.47957345,
         -0.48357233, -0.40615394],
        ...,
        [-0.66254611, -0.09143242,  0.47957345, ...,  0.        ,
         -0.00456281,  0.08183568],
        [-0.65912158, -0.08688777,  0.48357233, ...,  0.00456281,
          0.        ,  0.08638233],
        [-0.72162048, -0.17261863,  0.40615394, ..., -0.08183568,
         -0.08638233,  0.        ]]]), 'num': array([ 7.07065962e-01,  7.07065962e-01,  0.00000000e+00, -1.32656782e-09,
        6.69774778e-05,  6.73602062e-05,  6.34372397e-05,  1.07432544e-02,
        3.15750967e-06,  6.39730595e-05,  6.37386383e-05,  6.44977164e-05,
        7.12734093e-07,  6.60590232e-05,  6.14182534e-05])}
{'img': array([[[ 0.        , -0.63193587, -0.98549357, ..., -0.98660989,
         -0.99719799, -0.84172598],
        [ 0.63193587,  0.        , -0.6565303 , ..., -0.86771049,
         -0.82012264, -0.31116972],
        [ 0.98549357,  0.6565303 ,  0.        , ..., -0.32817226,
         -0.2429596 ,  0.38922122],
        ...,
        [ 0.98660989,  0.86771049,  0.32817226, ...,  0.        ,
          0.08883506,  0.66995934],
        [ 0.99719799,  0.82012264,  0.2429596 , ..., -0.08883506,
          0.        ,  0.60135961],
