state_0,state_1,state_2,state_3,state_4,state_5,state_6,state_7,state_8,state_9,state_10,state_11,state_12,state_13,state_14,state_15,state_16,state_17,state_18,state_19,state_20,state_21,state_22,state_23,state_24,state_25,state_26,state_27,state_28,state_29,state_30,state_31,state_32,state_33,state_34,state_35,state_36,state_37,state_38,state_39,state_40,state_41,state_42,state_43,state_44,state_45,state_46,state_47,state_48,state_49,state_50,state_51,state_52,state_53,state_54,state_55,state_56,state_57,state_58,state_59,state_60,state_61,state_62,state_63,state_64,state_65,state_66,state_67,state_68,state_69,state_70,state_71,state_72,state_73,state_74,state_75,state_76,state_77,state_78,state_79,state_80,state_81,state_82,state_83,state_84,state_85,state_86,state_87,state_88,state_89,state_90,state_91,state_92,state_93,state_94,state_95,state_96,state_97,state_98,state_99,state_100,state_101,state_102,state_103,state_104,state_105,state_106,state_107,state_108,state_109,state_110,state_111,state_112,state_113,state_114,state_115,state_116,state_117,state_118,state_119,state_120,state_121,state_122,state_123,state_124,state_125,state_126,state_127,state_128,state_129,state_130,state_131,state_132,state_133,state_134,state_135,state_136,state_137,state_138,state_139,state_140,state_141,state_142,state_143,state_144,state_145,state_146,state_147,state_148,state_149,state_150,state_151,state_152,state_153,state_154,state_155,state_156,state_157,state_158,state_159,state_160,state_161,state_162,state_163,state_164,state_165,state_166,state_167,state_168,state_169,state_170,state_171,state_172,state_173,state_174,state_175,state_176,state_177,state_178,state_179,state_180,state_181,state_182,state_183,state_184,state_185,state_186,state_187,state_188,state_189,state_190,state_191,state_192,state_193,state_194,state_195,state_196,state_197,state_198,state_199,state_200,state_201,state_202,state_203,state_204,state_205,state_206,state_207,state_208,state_209,state_210,state_211,state_212,state_213,state_214,state_215,state_216,state_217,state_218,state_219,state_220,state_221,state_222,state_223,state_224,state_225,state_226,state_227,state_228,state_229,state_230,state_231,state_232,state_233,state_234,state_235,state_236,state_237,state_238,state_239,state_240,state_241,state_242,state_243,state_244,state_245,state_246,state_247,state_248,state_249,state_250,state_251,state_252,state_253,state_254,state_255,state_256,state_257,state_258,state_259,state_260,state_261,state_262,state_263,state_264,state_265,state_266,state_267,state_268,state_269,state_270,state_271,state_272,state_273,state_274,state_275,state_276,state_277,state_278,state_279,state_280,state_281,state_282,state_283,state_284,state_285,state_286,state_287
{'img': array([[[ 0.        , -0.34800809, -0.37293727, ..., -0.26375236,
         -0.23677944, -0.20232525],
        [ 0.34800809,  0.        , -0.02672394, ...,  0.08841967,
          0.11613322,  0.15113251],
        [ 0.37293727,  0.02672394,  0.        , ...,  0.11500737,
          0.14263486,  0.17749552],
        ...,
        [ 0.26375236, -0.08841967, -0.11500737, ...,  0.        ,
          0.02785696,  0.06313653],
        [ 0.23677944, -0.11613322, -0.14263486, ..., -0.02785696,
          0.        ,  0.03531064],
        [ 0.20232525, -0.15113251, -0.17749552, ..., -0.06313653,
         -0.03531064,  0.        ]],

       [[ 0.        ,  0.53946968,  0.24596563, ...,  0.34608663,
          0.26121498,  0.18107447],
        [-0.53946968,  0.        , -0.31579209, ..., -0.21472516,
         -0.30079532, -0.37808631],
        [-0.24596563,  0.31579209,  0.        , ...,  0.10468876,
          0.01576421, -0.06638807],
        ...,
        [-0.34608663,  0.21472516, -0.10468876, ...,  0.        ,
         -0.08899816, -0.17048108],
        [-0.26121498,  0.30079532, -0.01576421, ...,  0.08899816,
          0.        , -0.08210926],
        [-0.18107447,  0.37808631,  0.06638807, ...,  0.17048108,
          0.08210926,  0.        ]],

       [[ 0.        , -0.16806515, -0.33952038, ..., -0.65464321,
         -0.594571  , -0.52249457],
        [ 0.16806515,  0.        , -0.17660915, ..., -0.51828466,
         -0.45098213, -0.37176304],
        [ 0.33952038,  0.17660915,  0.        , ..., -0.35910019,
         -0.28626368, -0.20196816],
        ...,
        [ 0.65464321,  0.51828466,  0.35910019, ...,  0.        ,
          0.07690255,  0.1632032 ],
        [ 0.594571  ,  0.45098213,  0.28626368, ..., -0.07690255,
          0.        ,  0.08684842],
        [ 0.52249457,  0.37176304,  0.20196816, ..., -0.1632032 ,
         -0.08684842,  0.        ]],

       ...,

       [[ 0.        , -0.07579149, -0.32878051, ...,  0.84317621,
          0.97330098,  0.98932432],
        [ 0.07579149,  0.        , -0.25625687, ...,  0.88149931,
          0.98789808,  0.97543358],
        [ 0.32878051,  0.25625687,  0.        , ...,  0.97306565,
          0.99465747,  0.88641082],
        ...,
        [-0.84317621, -0.88149931, -0.97306565, ...,  0.        ,
          0.32974652,  0.65477418],
        [-0.97330098, -0.98789808, -0.99465747, ..., -0.32974652,
          0.        ,  0.36892182],
        [-0.98932432, -0.97543358, -0.88641082, ..., -0.65477418,
         -0.36892182,  0.        ]],

       [[ 0.        ,  0.04539763,  0.08405941, ..., -0.82639166,
         -0.73440214, -0.64342823],
        [-0.04539763,  0.        ,  0.03873579, ..., -0.85110286,
         -0.764457  , -0.67751703],
        [-0.08405941, -0.03873579,  0.        , ..., -0.87080034,
         -0.78885525, -0.70549899],
        ...,
        [ 0.82639166,  0.85110286,  0.87080034, ...,  0.        ,
          0.14734535,  0.27029643],
        [ 0.73440214,  0.764457  ,  0.78885525, ..., -0.14734535,
          0.        ,  0.12548543],
        [ 0.64342823,  0.67751703,  0.70549899, ..., -0.27029643,
         -0.12548543,  0.        ]],

       [[ 0.        , -0.32055469, -0.42953534, ..., -0.91611543,
         -0.9295049 , -0.94000529],
        [ 0.32055469,  0.        , -0.11739183, ..., -0.73925697,
         -0.76223122, -0.78104083],
        [ 0.42953534,  0.11739183,  0.        , ..., -0.6550911 ,
         -0.68097261, -0.70233162],
        ...,
        [ 0.91611543,  0.73925697,  0.6550911 , ...,  0.        ,
         -0.03477976, -0.06432004],
        [ 0.9295049 ,  0.76223122,  0.68097261, ...,  0.03477976,
          0.        , -0.02957338],
        [ 0.94000529,  0.78104083,  0.70233162, ...,  0.06432004,
          0.02957338,  0.        ]]]), 'num': array([7.07104821e-01, 7.07104821e-01, 0.00000000e+00, 0.00000000e+00,
       8.15022869e-04, 8.16633586e-04, 7.96499622e-04, 8.20901986e-04,
       2.01339642e-05, 7.93439259e-04, 7.55506871e-04, 7.46889534e-04,
       6.76255285e-07, 8.02678888e-04, 7.08334853e-04])}
{'img': array([[[ 0.        , -0.02672394,  0.02018851, ...,  0.11613322,
          0.15113251,  0.33290317],
        [ 0.02672394,  0.        ,  0.0468998 , ...,  0.14263486,
          0.17749552,  0.35798391],
        [-0.02018851, -0.0468998 ,  0.        , ...,  0.09605764,
          0.13114509,  0.31379834],
        ...,
        [-0.11613322, -0.14263486, -0.09605764, ...,  0.        ,
          0.03531064,  0.22114153],
        [-0.15113251, -0.17749552, -0.13114509, ..., -0.03531064,
          0.        ,  0.18656721],
        [-0.33290317, -0.35798391, -0.31379834, ..., -0.22114153,
         -0.18656721,  0.        ]],

       [[ 0.        , -0.31579209, -0.41534005, ..., -0.30079532,
         -0.37808631, -0.12207097],
        [ 0.31579209,  0.        , -0.10682104, ...,  0.01576421,
         -0.06638807,  0.197606  ],
        [ 0.41534005,  0.10682104,  0.        , ...,  0.12248178,
          0.04057716,  0.30119004],
        ...,
        [ 0.30079532, -0.01576421, -0.12248178, ...,  0.        ,
         -0.08210926,  0.18212807],
        [ 0.37808631,  0.06638807, -0.04057716, ...,  0.08210926,
          0.        ,  0.26224906],
        [ 0.12207097, -0.197606  , -0.30119004, ..., -0.18212807,
         -0.26224906,  0.        ]],

       [[ 0.        , -0.17660915, -0.27626667, ..., -0.45098213,
         -0.37176304, -0.24224975],
        [ 0.17660915,  0.        , -0.10218836, ..., -0.28626368,
         -0.20196816, -0.06709319],
        [ 0.27626667,  0.10218836,  0.        , ..., -0.18685325,
         -0.1008284 ,  0.03521614],
        ...,
        [ 0.45098213,  0.28626368,  0.18685325, ...,  0.        ,
          0.08684842,  0.22133326],
        [ 0.37176304,  0.20196816,  0.1008284 , ..., -0.08684842,
          0.        ,  0.13580253],
        [ 0.24224975,  0.06709319, -0.03521614, ..., -0.22133326,
         -0.13580253,  0.        ]],

       ...,

       [[ 0.        , -0.25113008, -0.03962484, ...,  0.96683015,
          0.99604144,  0.97034361],
        [ 0.25113008,  0.        ,  0.21257785, ...,  0.99999017,
          0.98644462,  0.87854172],
        [ 0.03962484, -0.21257785,  0.        , ...,  0.97619181,
          0.99878143,  0.96000302],
        ...,
        [-0.96683015, -0.99999017, -0.97619181, ...,  0.        ,
          0.16846744,  0.48155697],
        [-0.99604144, -0.98644462, -0.99878143, ..., -0.16846744,
          0.        ,  0.32702682],
        [-0.97034361, -0.87854172, -0.96000302, ..., -0.48155697,
         -0.32702682,  0.        ]],

       [[ 0.        ,  0.03873579,  0.05468894, ..., -0.764457  ,
         -0.67751703, -0.53288695],
        [-0.03873579,  0.        ,  0.01597008, ..., -0.78885525,
         -0.70549899, -0.56526471],
        [-0.05468894, -0.01597008,  0.        , ..., -0.79856952,
         -0.71672719, -0.5783665 ],
        ...,
        [ 0.764457  ,  0.78885525,  0.79856952, ...,  0.        ,
          0.12548543,  0.3033344 ],
        [ 0.67751703,  0.70549899,  0.71672719, ..., -0.12548543,
          0.        ,  0.1813636 ],
        [ 0.53288695,  0.56526471,  0.5783665 , ..., -0.3033344 ,
         -0.1813636 ,  0.        ]],

       [[ 0.        , -0.29781769, -0.40835221, ..., -0.91391547,
         -0.92600741, -0.94447039],
        [ 0.29781769,  0.        , -0.11796704, ..., -0.75155895,
         -0.77155999, -0.80375108],
        [ 0.40835221,  0.11796704,  0.        , ..., -0.66849236,
         -0.69112707, -0.72795255],
        ...,
        [ 0.91391547,  0.75155895,  0.66849236, ...,  0.        ,
         -0.03086267, -0.0830554 ],
        [ 0.92600741,  0.77155999,  0.69112707, ...,  0.03086267,
          0.        , -0.05225979],
        [ 0.94447039,  0.80375108,  0.72795255, ...,  0.0830554 ,
          0.05225979,  0.        ]]]), 'num': array([ 9.99994763e-01,  5.34907857e-04,  9.83720330e-06, -1.60966920e-10,
        1.15277953e-03,  1.15731804e-03,  1.13122165e-03,  6.40076297e-04,
        4.53850210e-06,  1.12895240e-03,  1.07000860e-03,  1.05321614e-03,
        1.04312347e-06,  1.14576039e-03,  9.94256817e-04])}
{'img': array([[[ 0.        ,  0.0468998 , -0.06595162, ...,  0.17749552,
          0.35798391,  0.38797934],
        [-0.0468998 ,  0.        , -0.11267674, ...,  0.13114509,
          0.31379834,  0.34432635],
        [ 0.06595162,  0.11267674,  0.        , ...,  0.24201349,
          0.41878537,  0.44792014],
        ...,
        [-0.17749552, -0.13114509, -0.24201349, ...,  0.        ,
          0.18656721,  0.2182269 ],
        [-0.35798391, -0.31379834, -0.41878537, ..., -0.18656721,
          0.        ,  0.03232473],
        [-0.38797934, -0.34432635, -0.44792014, ..., -0.2182269 ,
         -0.03232473,  0.        ]],

       [[ 0.        , -0.10682104, -0.20400832, ..., -0.06638807,
          0.197606  ,  0.01847695],
        [ 0.10682104,  0.        , -0.09826654, ...,  0.04057716,
          0.30119004,  0.12517403],
        [ 0.20400832,  0.09826654,  0.        , ...,  0.13856638,
          0.39343577,  0.22206186],
        ...,
        [ 0.06638807, -0.04057716, -0.13856638, ...,  0.        ,
          0.26224906,  0.08481293],
        [-0.197606  , -0.30119004, -0.39343577, ..., -0.26224906,
          0.        , -0.17945965],
        [-0.01847695, -0.12517403, -0.22206186, ..., -0.08481293,
          0.17945965,  0.        ]],

       [[ 0.        , -0.10218836, -0.19304925, ..., -0.20196816,
         -0.06709319,  0.03395981],
        [ 0.10218836,  0.        , -0.09177255, ..., -0.1008284 ,
          0.03521614,  0.13591145],
        [ 0.19304925,  0.09177255,  0.        , ..., -0.00909805,
          0.12678315,  0.22625889],
        ...,
        [ 0.20196816,  0.1008284 ,  0.00909805, ...,  0.        ,
          0.13580253,  0.23511164],
        [ 0.06709319, -0.03521614, -0.12678315, ..., -0.13580253,
          0.        ,  0.10093778],
        [-0.03395981, -0.13591145, -0.22625889, ..., -0.23511164,
         -0.10093778,  0.        ]],

       ...,

       [[ 0.        ,  0.1959264 ,  0.1959264 , ...,  0.98256804,
          0.9936991 ,  0.84466674],
        [-0.1959264 ,  0.        ,  0.        , ...,  0.92710112,
          0.95248023,  0.93317386],
        [-0.1959264 ,  0.        ,  0.        , ...,  0.92710112,
          0.95248023,  0.93317386],
        ...,
        [-0.98256804, -0.92710112, -0.92710112, ...,  0.        ,
          0.07460497,  0.68298771],
        [-0.9936991 , -0.95248023, -0.95248023, ..., -0.07460497,
          0.        ,  0.62659064],
        [-0.84466674, -0.93317386, -0.93317386, ..., -0.68298771,
         -0.62659064,  0.        ]],

       [[ 0.        ,  0.01597008,  0.03632886, ..., -0.70549899,
         -0.56526471, -0.4353936 ],
        [-0.01597008,  0.        ,  0.02036469, ..., -0.71672719,
         -0.5783665 , -0.44971498],
        [-0.03632886, -0.02036469,  0.        , ..., -0.73077995,
         -0.5948596 , -0.46781089],
        ...,
        [ 0.70549899,  0.71672719,  0.73077995, ...,  0.        ,
          0.1813636 ,  0.32655035],
        [ 0.56526471,  0.5783665 ,  0.5948596 , ..., -0.1813636 ,
          0.        ,  0.14971367],
        [ 0.4353936 ,  0.44971498,  0.46781089, ..., -0.32655035,
         -0.14971367,  0.        ]],

       [[ 0.        , -0.28932369, -0.45371341, ..., -0.91231704,
         -0.93316807, -0.94193483],
        [ 0.28932369,  0.        , -0.17647857, ..., -0.75482485,
         -0.7892631 , -0.80449587],
        [ 0.45371341,  0.17647857,  0.        , ..., -0.62722054,
         -0.66850763, -0.68704799],
        ...,
        [ 0.91231704,  0.75482485,  0.62722054, ...,  0.        ,
         -0.05419439, -0.07935563],
        [ 0.93316807,  0.7892631 ,  0.66850763, ...,  0.05419439,
          0.        , -0.02521553],
        [ 0.94193483,  0.80449587,  0.68704799, ...,  0.07935563,
          0.02521553,  0.        ]]]), 'num': array([ 8.11852937e-01,  5.83856144e-01,  2.29142506e-06,  2.43983632e-09,
        9.23063940e-04,  9.49967311e-04,  9.18425428e-04,  5.39579577e-04,
       -1.94817515e-05,  9.26218128e-04,  8.78348682e-04,  8.61665499e-04,
        7.23739502e-07,  9.42853295e-04,  8.13844069e-04])}
{'img': array([[[ 0.        , -0.11267674, -0.15789724, ...,  0.31379834,
          0.34432635,  0.18821652],
        [ 0.11267674,  0.        , -0.04562843, ...,  0.41878537,
          0.44792014,  0.29768083],
        [ 0.15789724,  0.04562843,  0.        , ...,  0.45978371,
          0.4882488 ,  0.34093067],
        ...,
        [-0.31379834, -0.41878537, -0.45978371, ...,  0.        ,
          0.03232473, -0.12948036],
        [-0.34432635, -0.44792014, -0.4882488 , ..., -0.03232473,
          0.        , -0.16146532],
        [-0.18821652, -0.29768083, -0.34093067, ...,  0.12948036,
          0.16146532,  0.        ]],

       [[ 0.        , -0.09826654, -0.03394482, ...,  0.30119004,
          0.12517403,  0.13349424],
        [ 0.09826654,  0.        ,  0.06442937, ...,  0.39343577,
          0.22206186,  0.23023515],
        [ 0.03394482, -0.06442937,  0.        , ...,  0.33338503,
          0.15877974,  0.16705831],
        ...,
        [-0.30119004, -0.39343577, -0.33338503, ...,  0.        ,
         -0.17945965, -0.17119895],
        [-0.12517403, -0.22206186, -0.15877974, ...,  0.17945965,
          0.        ,  0.0083906 ],
        [-0.13349424, -0.23023515, -0.16705831, ...,  0.17119895,
         -0.0083906 ,  0.        ]],

       [[ 0.        , -0.09177255, -0.21393609, ...,  0.03521614,
          0.13591145,  0.17275306],
        [ 0.09177255,  0.        , -0.12338548, ...,  0.12678315,
          0.22625889,  0.26241681],
        [ 0.21393609,  0.12338548,  0.        , ...,  0.24820419,
          0.34471576,  0.37947302],
        ...,
        [-0.03521614, -0.12678315, -0.24820419, ...,  0.        ,
          0.10093778,  0.13795924],
        [-0.13591145, -0.22625889, -0.34471576, ..., -0.10093778,
          0.        ,  0.03728204],
        [-0.17275306, -0.26241681, -0.37947302, ..., -0.13795924,
         -0.03728204,  0.        ]],

       ...,

       [[ 0.        ,  0.        , -0.09962947, ...,  0.95248023,
          0.93317386,  0.85692191],
        [ 0.        ,  0.        , -0.09962947, ...,  0.95248023,
          0.93317386,  0.85692191],
        [ 0.09962947,  0.09962947,  0.        , ...,  0.97808845,
          0.8927216 ,  0.90401202],
        ...,
        [-0.95248023, -0.95248023, -0.97808845, ...,  0.        ,
          0.62659064, -0.22993361],
        [-0.93317386, -0.93317386, -0.8927216 , ..., -0.62659064,
          0.        , -0.78900039],
        [-0.85692191, -0.85692191, -0.90401202, ...,  0.22993361,
          0.78900039,  0.        ]],

       [[ 0.        ,  0.02036469,  0.02911544, ..., -0.5783665 ,
         -0.44971498, -0.3842786 ],
        [-0.02036469,  0.        ,  0.00875335, ..., -0.5948596 ,
         -0.46781089, -0.40299994],
        [-0.02911544, -0.00875335,  0.        , ..., -0.60187301,
         -0.47552943, -0.41099556],
        ...,
        [ 0.5783665 ,  0.5948596 ,  0.60187301, ...,  0.        ,
          0.14971367,  0.22047223],
        [ 0.44971498,  0.46781089,  0.47552943, ..., -0.14971367,
          0.        ,  0.07195767],
        [ 0.3842786 ,  0.40299994,  0.41099556, ..., -0.22047223,
         -0.07195767,  0.        ]],

       [[ 0.        , -0.3612415 , -0.50235551, ..., -0.92117596,
         -0.93101339, -0.92810981],
        [ 0.3612415 ,  0.        , -0.1560811 , ..., -0.71839526,
         -0.73629645, -0.7309441 ],
        [ 0.50235551,  0.1560811 ,  0.        , ..., -0.60101529,
         -0.62165889, -0.61547026],
        ...,
        [ 0.92117596,  0.71839526,  0.60101529, ...,  0.        ,
         -0.026085  , -0.01821065],
        [ 0.93101339,  0.73629645,  0.62165889, ...,  0.026085  ,
          0.        ,  0.00787621],
        [ 0.92810981,  0.7309441 ,  0.61547026, ...,  0.01821065,
         -0.00787621,  0.        ]]]), 'num': array([ 8.75993116e-01,  4.82314997e-01,  3.89780315e-06, -3.28240108e-09,
        1.00428091e-03,  1.01521863e-03,  9.88371514e-04,  8.61712798e-04,
        1.49150631e-05,  9.98314889e-04,  9.45913301e-04,  9.24253315e-04,
        7.84647310e-07,  1.01904167e-03,  8.72784929e-04])}
{'img': array([[[ 0.        , -0.04562843, -0.26744575, ...,  0.44792014,
          0.29768083,  0.40431695],
        [ 0.04562843,  0.        , -0.22320088, ...,  0.4882488 ,
          0.34093067,  0.44562847],
        [ 0.26744575,  0.22320088,  0.        , ...,  0.67071989,
          0.5421584 ,  0.63419981],
        ...,
        [-0.44792014, -0.4882488 , -0.67071989, ...,  0.        ,
         -0.16146532, -0.04818714],
        [-0.29768083, -0.34093067, -0.5421584 , ...,  0.16146532,
          0.        ,  0.1137229 ],
        [-0.40431695, -0.44562847, -0.63419981, ...,  0.04818714,
         -0.1137229 ,  0.        ]],

       [[ 0.        ,  0.06442937,  0.26851516, ...,  0.22206186,
          0.23023515,  0.34343194],
        [-0.06442937,  0.        ,  0.20589402, ...,  0.15877974,
          0.16705831,  0.28220775],
        [-0.26851516, -0.20589402,  0.        , ..., -0.04790428,
         -0.03952163,  0.07863614],
        ...,
        [-0.22206186, -0.15877974,  0.04790428, ...,  0.        ,
          0.0083906 ,  0.12630181],
        [-0.23023515, -0.16705831,  0.03952163, ..., -0.0083906 ,
          0.        ,  0.11797395],
        [-0.34343194, -0.28220775, -0.07863614, ..., -0.12630181,
         -0.11797395,  0.        ]],

       [[ 0.        , -0.12338548, -0.21647197, ...,  0.22625889,
          0.26241681,  0.32420653],
        [ 0.12338548,  0.        , -0.094358  , ...,  0.34471576,
          0.37947302,  0.43845018],
        [ 0.21647197,  0.094358  ,  0.        , ...,  0.43175227,
          0.46508022,  0.52129873],
        ...,
        [-0.22625889, -0.34471576, -0.43175227, ...,  0.        ,
          0.03728204,  0.10176113],
        [-0.26241681, -0.37947302, -0.46508022, ..., -0.03728204,
          0.        ,  0.06460187],
        [-0.32420653, -0.43845018, -0.52129873, ..., -0.10176113,
         -0.06460187,  0.        ]],

       ...,

       [[ 0.        , -0.09962947, -0.55780382, ...,  0.93317386,
          0.85692191,  0.87292865],
        [ 0.09962947,  0.        , -0.47233877, ...,  0.8927216 ,
          0.90401202,  0.91718951],
        [ 0.55780382,  0.47233877,  0.        , ...,  0.57402014,
          0.99873979,  0.99663048],
        ...,
        [-0.93317386, -0.8927216 , -0.57402014, ...,  0.        ,
         -0.78900039, -0.76899956],
        [-0.85692191, -0.90401202, -0.99873979, ...,  0.78900039,
          0.        ,  0.03190024],
        [-0.87292865, -0.91718951, -0.99663048, ...,  0.76899956,
         -0.03190024,  0.        ]],

       [[ 0.        ,  0.00875335,  0.05354144, ..., -0.46781089,
         -0.40299994, -0.3166954 ],
        [-0.00875335,  0.        ,  0.04479859, ..., -0.47552943,
         -0.41099556, -0.32498606],
        [-0.05354144, -0.04479859,  0.        , ..., -0.51446133,
         -0.45142301, -0.36702666],
        ...,
        [ 0.46781089,  0.47552943,  0.51446133, ...,  0.        ,
          0.07195767,  0.16382695],
        [ 0.40299994,  0.41099556,  0.45142301, ..., -0.07195767,
          0.        ,  0.0924168 ],
        [ 0.3166954 ,  0.32498606,  0.36702666, ..., -0.16382695,
         -0.0924168 ,  0.        ]],

       [[ 0.        , -0.36801638, -0.59611481, ..., -0.91087488,
         -0.90740372, -0.9056549 ],
        [ 0.36801638,  0.        , -0.25879901, ..., -0.69507508,
         -0.68905893, -0.68605074],
        [ 0.59611481,  0.25879901,  0.        , ..., -0.48533448,
         -0.4780305 , -0.47438764],
        ...,
        [ 0.91087488,  0.69507508,  0.48533448, ...,  0.        ,
          0.00833453,  0.01247706],
        [ 0.90740372,  0.68905893,  0.4780305 , ..., -0.00833453,
          0.        ,  0.00414275],
        [ 0.9056549 ,  0.68605074,  0.47438764, ..., -0.01247706,
         -0.00414275,  0.        ]]]), 'num': array([ 7.07104941e-01,  7.07104941e-01,  0.00000000e+00,  2.13295773e-09,
        7.83145102e-04,  8.03225745e-04,  7.65474135e-04,  6.19359340e-04,
       -2.81129011e-05,  8.04510907e-04,  7.66598651e-04,  7.46933008e-04,
        5.17634369e-07,  8.24460795e-04,  7.08736508e-04])}
{'img': array([[[ 0.        , -0.22320088, -0.18551335, ...,  0.34093067,
          0.44562847,  0.20475986],
        [ 0.22320088,  0.        ,  0.0384932 , ...,  0.5421584 ,
          0.63419981,  0.41806602],
        [ 0.18551335, -0.0384932 ,  0.        , ...,  0.50941167,
          0.60396803,  0.38278832],
        ...,
        [-0.34093067, -0.5421584 , -0.50941167, ...,  0.        ,
          0.1137229 , -0.14121474],
        [-0.44562847, -0.63419981, -0.60396803, ..., -0.1137229 ,
          0.        , -0.25288189],
        [-0.20475986, -0.41806602, -0.38278832, ...,  0.14121474,
          0.25288189,  0.        ]],

       [[ 0.        ,  0.20589402, -0.00600011, ...,  0.16705831,
          0.28220775,  0.24700216],
        [-0.20589402,  0.        , -0.21176186, ..., -0.03952163,
          0.07863614,  0.04219558],
        [ 0.00600011,  0.21176186,  0.        , ...,  0.17297109,
          0.2879589 ,  0.25281191],
        ...,
        [-0.16705831,  0.03952163, -0.17297109, ...,  0.        ,
          0.11797395,  0.08164905],
        [-0.28220775, -0.07863614, -0.2879589 , ..., -0.11797395,
          0.        , -0.03650119],
        [-0.24700216, -0.04219558, -0.25281191, ..., -0.08164905,
          0.03650119,  0.        ]],

       [[ 0.        , -0.094358  , -0.16927283, ...,  0.37947302,
          0.43845018,  0.41289006],
        [ 0.094358  ,  0.        , -0.07552125, ...,  0.46508022,
          0.52129873,  0.49698734],
        [ 0.16927283,  0.07552125,  0.        , ...,  0.53060863,
          0.5842579 ,  0.56110219],
        ...,
        [-0.37947302, -0.46508022, -0.53060863, ...,  0.        ,
          0.06460187,  0.03639026],
        [-0.43845018, -0.52129873, -0.5842579 , ..., -0.06460187,
          0.        , -0.02824484],
        [-0.41289006, -0.49698734, -0.56110219, ..., -0.03639026,
          0.02824484,  0.        ]],

       ...,

       [[ 0.        , -0.47233877, -0.35013695, ...,  0.90401202,
          0.91718951,  0.6505375 ],
        [ 0.47233877,  0.        ,  0.13382234, ...,  0.99873979,
          0.99663048,  0.93212395],
        [ 0.35013695, -0.13382234,  0.        , ...,  0.99647273,
          0.99864256,  0.87527747],
        ...,
        [-0.90401202, -0.99873979, -0.99647273, ...,  0.        ,
          0.03190024, -0.40846439],
        [-0.91718951, -0.99663048, -0.99864256, ..., -0.03190024,
          0.        , -0.43737423],
        [-0.6505375 , -0.93212395, -0.87527747, ...,  0.40846439,
          0.43737423,  0.        ]],

       [[ 0.        ,  0.04479859,  0.08963379, ..., -0.41099556,
         -0.32498606, -0.30868842],
        [-0.04479859,  0.        ,  0.04492554, ..., -0.45142301,
         -0.36702666, -0.35098928],
        [-0.08963379, -0.04492554,  0.        , ..., -0.49105473,
         -0.40844629, -0.39270225],
        ...,
        [ 0.41099556,  0.45142301,  0.49105473, ...,  0.        ,
          0.0924168 ,  0.10951197],
        [ 0.32498606,  0.36702666,  0.40844629, ..., -0.0924168 ,
          0.        ,  0.01718234],
        [ 0.30868842,  0.35098928,  0.39270225, ..., -0.10951197,
         -0.01718234,  0.        ]],

       [[ 0.        , -0.49575178, -0.63802506, ..., -0.88164681,
         -0.87955244, -0.85860112],
        [ 0.49575178,  0.        , -0.17236535, ..., -0.5317286 ,
         -0.52798019, -0.49152009],
        [ 0.63802506,  0.17236535,  0.        , ..., -0.37779149,
         -0.37369553, -0.33405638],
        ...,
        [ 0.88164681,  0.5317286 ,  0.37779149, ...,  0.        ,
          0.00441982,  0.04678884],
        [ 0.87955244,  0.52798019,  0.37369553, ..., -0.00441982,
          0.        ,  0.0423734 ],
        [ 0.85860112,  0.49152009,  0.33405638, ..., -0.04678884,
         -0.0423734 ,  0.        ]]]), 'num': array([9.99994768e-01, 8.42347756e-04, 1.00417329e-05, 2.79794451e-09,
       1.10770778e-03, 1.11216088e-03, 1.08766885e-03, 6.07324449e-04,
       2.22654831e-05, 1.11127026e-03, 1.06718460e-03, 1.03619847e-03,
       7.88569192e-07, 1.14646786e-03, 9.87901349e-04])}
{'img': array([[[ 0.        ,  0.0384932 ,  0.10243757, ...,  0.63419981,
          0.41806602,  0.5421584 ],
        [-0.0384932 ,  0.        ,  0.06407095, ...,  0.60396803,
          0.38278832,  0.50941167],
        [-0.10243757, -0.06407095,  0.        , ...,  0.55166199,
          0.32281077,  0.45323048],
        ...,
        [-0.63419981, -0.60396803, -0.55166199, ...,  0.        ,
         -0.25288189, -0.1137229 ],
        [-0.41806602, -0.38278832, -0.32281077, ...,  0.25288189,
          0.        ,  0.14121474],
        [-0.5421584 , -0.50941167, -0.45323048, ...,  0.1137229 ,
         -0.14121474,  0.        ]],

       [[ 0.        , -0.21176186, -0.41155079, ...,  0.07863614,
          0.04219558, -0.05700977],
        [ 0.21176186,  0.        , -0.20922037, ...,  0.2879589 ,
          0.25281191,  0.1557006 ],
        [ 0.41155079,  0.20922037,  0.        , ...,  0.48194432,
          0.44964075,  0.3589235 ],
        ...,
        [-0.07863614, -0.2879589 , -0.48194432, ...,  0.        ,
         -0.03650119, -0.13534148],
        [-0.04219558, -0.25281191, -0.44964075, ...,  0.03650119,
          0.        , -0.09908595],
        [ 0.05700977, -0.1557006 , -0.3589235 , ...,  0.13534148,
          0.09908595,  0.        ]],

       [[ 0.        , -0.07552125, -0.14459834, ...,  0.52129873,
          0.49698734,  0.46310402],
        [ 0.07552125,  0.        , -0.06945784, ...,  0.5842579 ,
          0.56110219,  0.52871626],
        [ 0.14459834,  0.06945784,  0.        , ...,  0.63921661,
          0.61724055,  0.58639507],
        ...,
        [-0.52129873, -0.5842579 , -0.63921661, ...,  0.        ,
         -0.02824484, -0.06682807],
        [-0.49698734, -0.56110219, -0.61724055, ...,  0.02824484,
          0.        , -0.03861971],
        [-0.46310402, -0.52871626, -0.58639507, ...,  0.06682807,
          0.03861971,  0.        ]],

       ...,

       [[ 0.        ,  0.13382234,  0.28262356, ...,  0.99663048,
          0.93212395,  0.98331565],
        [-0.13382234,  0.        ,  0.15171493, ...,  0.99864256,
          0.87527747,  0.95012778],
        [-0.28262356, -0.15171493,  0.        , ...,  0.97918023,
          0.79177297,  0.89181543],
        ...,
        [-0.99663048, -0.99864256, -0.97918023, ...,  0.        ,
         -0.43737423, -0.26194846],
        [-0.93212395, -0.87527747, -0.79177297, ...,  0.43737423,
          0.        ,  0.18653703],
        [-0.98331565, -0.95012778, -0.89181543, ...,  0.26194846,
         -0.18653703,  0.        ]],

       [[ 0.        ,  0.04492554,  0.01567494, ..., -0.36702666,
         -0.35098928, -0.3167001 ],
        [-0.04492554,  0.        , -0.02926091, ..., -0.40844629,
         -0.39270225, -0.35899337],
        [-0.01567494,  0.02926091,  0.        , ..., -0.38156255,
         -0.36562385, -0.33152927],
        ...,
        [ 0.36702666,  0.40844629,  0.38156255, ...,  0.        ,
          0.01718234,  0.05353649],
        [ 0.35098928,  0.39270225,  0.36562385, ..., -0.01718234,
          0.        ,  0.03637089],
        [ 0.3167001 ,  0.35899337,  0.33152927, ..., -0.05353649,
         -0.03637089,  0.        ]],

       [[ 0.        , -0.44682622, -0.56084744, ..., -0.81483344,
         -0.78528769, -0.74941154],
        [ 0.44682622,  0.        , -0.13180977, ..., -0.46994393,
         -0.42589069, -0.37459349],
        [ 0.56084744,  0.13180977,  0.        , ..., -0.34949569,
         -0.30291667, -0.24911258],
        ...,
        [ 0.81483344,  0.46994393,  0.34949569, ...,  0.        ,
          0.04926122,  0.10507464],
        [ 0.78528769,  0.42589069,  0.30291667, ..., -0.04926122,
          0.        ,  0.05595855],
        [ 0.74941154,  0.37459349,  0.24911258, ..., -0.10507464,
         -0.05595855,  0.        ]]]), 'num': array([ 8.52262278e-01,  5.23107888e-01,  3.36558680e-06,  2.10698632e-08,
        9.35097697e-04,  9.54220349e-04,  9.32229299e-04,  5.07868961e-04,
       -1.62542544e-05,  9.47144968e-04,  9.19178089e-04,  8.91035919e-04,
        6.03619075e-07,  9.85856326e-04,  8.52499852e-04])}
{'img': array([[[ 0.        ,  0.06407095,  0.12164445, ...,  0.38278832,
          0.50941167,  0.40181724],
        [-0.06407095,  0.        ,  0.05779937, ...,  0.32281077,
          0.45323048,  0.3423206 ],
        [-0.12164445, -0.05779937,  0.        , ...,  0.2675661 ,
          0.4009508 ,  0.287441  ],
        ...,
        [-0.38278832, -0.32281077, -0.2675661 , ...,  0.        ,
          0.14121474,  0.02068639],
        [-0.50941167, -0.45323048, -0.4009508 , ..., -0.14121474,
          0.        , -0.12070544],
        [-0.40181724, -0.3423206 , -0.287441  , ..., -0.02068639,
          0.12070544,  0.        ]],

       [[ 0.        , -0.20922037,  0.08973356, ...,  0.25281191,
          0.1557006 ,  0.14859414],
        [ 0.20922037,  0.        ,  0.29612396, ...,  0.44964075,
          0.3589235 ,  0.3522032 ],
        [-0.08973356, -0.29612396,  0.        , ...,  0.16497341,
          0.06643328,  0.05925732],
        ...,
        [-0.25281191, -0.44964075, -0.16497341, ...,  0.        ,
         -0.09908595, -0.10623813],
        [-0.1557006 , -0.3589235 , -0.06643328, ...,  0.09908595,
          0.        , -0.00719012],
        [-0.14859414, -0.3522032 , -0.05925732, ...,  0.10623813,
          0.00719012,  0.        ]],

       [[ 0.        , -0.06945784, -0.09662487, ...,  0.56110219,
          0.52871626,  0.45785253],
        [ 0.06945784,  0.        , -0.02725868, ...,  0.61724055,
          0.58639507,  0.51849674],
        [ 0.09662487,  0.02725868,  0.        , ...,  0.63845762,
          0.60825739,  0.54161241],
        ...,
        [-0.56110219, -0.61724055, -0.63845762, ...,  0.        ,
         -0.03861971, -0.11984979],
        [-0.52871626, -0.58639507, -0.60825739, ...,  0.03861971,
          0.        , -0.08141904],
        [-0.45785253, -0.51849674, -0.54161241, ...,  0.11984979,
          0.08141904,  0.        ]],

       ...,

       [[ 0.        ,  0.15171493, -0.06485089, ...,  0.87527747,
          0.95012778,  0.85663818],
        [-0.15171493,  0.        , -0.21549576, ...,  0.79177297,
          0.89181543,  0.76844958],
        [ 0.06485089,  0.21549576,  0.        , ...,  0.90479824,
          0.96835218,  0.88829265],
        ...,
        [-0.87527747, -0.79177297, -0.90479824, ...,  0.        ,
          0.18653703, -0.03728281],
        [-0.95012778, -0.89181543, -0.96835218, ..., -0.18653703,
          0.        , -0.22303576],
        [-0.85663818, -0.76844958, -0.88829265, ...,  0.03728281,
          0.22303576,  0.        ]],

       [[ 0.        , -0.02926091, -0.03863314, ..., -0.39270225,
         -0.35899337, -0.34620772],
        [ 0.02926091,  0.        , -0.00937753, ..., -0.36562385,
         -0.33152927, -0.31860812],
        [ 0.03863314,  0.00937753,  0.        , ..., -0.35687951,
         -0.32266751, -0.30970528],
        ...,
        [ 0.39270225,  0.36562385,  0.35687951, ...,  0.        ,
          0.03637089,  0.05002136],
        [ 0.35899337,  0.33152927,  0.32266751, ..., -0.03637089,
          0.        ,  0.01366291],
        [ 0.34620772,  0.31860812,  0.30970528, ..., -0.05002136,
         -0.01366291,  0.        ]],

       [[ 0.        , -0.36859915, -0.48113825, ..., -0.70501995,
         -0.65624129, -0.60953591],
        [ 0.36859915,  0.        , -0.12413005, ..., -0.3939725 ,
         -0.33190743, -0.27440744],
        [ 0.48113825,  0.12413005,  0.        , ..., -0.27683481,
         -0.21224708, -0.15292003],
        ...,
        [ 0.70501995,  0.3939725 ,  0.27683481, ...,  0.        ,
          0.06657548,  0.1266353 ],
        [ 0.65624129,  0.33190743,  0.21224708, ..., -0.06657548,
          0.        ,  0.06031485],
        [ 0.60953591,  0.27440744,  0.15292003, ..., -0.1266353 ,
         -0.06031485,  0.        ]]]), 'num': array([ 7.29250000e-01,  6.84243397e-01,  4.75756903e-07,  1.20443086e-08,
        7.75975915e-04,  8.02224571e-04,  7.75975915e-04,  6.72917126e-04,
       -2.62486567e-05,  8.04521329e-04,  7.89961527e-04,  7.64847578e-04,
        4.26990135e-07,  8.44444967e-04,  7.35478087e-04])}
{'img': array([[[ 0.        ,  0.05779937,  0.99926008, ...,  0.45323048,
          0.3423206 ,  0.13506777],
        [-0.05779937,  0.        ,  0.99536648, ...,  0.4009508 ,
          0.287441  ,  0.07757225],
        [-0.99926008, -0.99536648,  0.        , ..., -0.87330186,
         -0.92572182, -0.98490831],
        ...,
        [-0.45323048, -0.4009508 ,  0.87330186, ...,  0.        ,
         -0.12070544, -0.32867873],
        [-0.3423206 , -0.287441  ,  0.92572182, ...,  0.12070544,
          0.        , -0.21227629],
        [-0.13506777, -0.07757225,  0.98490831, ...,  0.32867873,
          0.21227629,  0.        ]],

       [[ 0.        ,  0.29612396,  0.96793828, ...,  0.3589235 ,
          0.3522032 ,  0.46665823],
        [-0.29612396,  0.        ,  0.85014295, ...,  0.06643328,
          0.05925732,  0.18382519],
        [-0.96793828, -0.85014295,  0.        , ..., -0.8132843 ,
         -0.81744697, -0.73886211],
        ...,
        [-0.3589235 , -0.06643328,  0.8132843 , ...,  0.        ,
         -0.00719012,  0.11811791],
        [-0.3522032 , -0.05925732,  0.81744697, ...,  0.00719012,
          0.        ,  0.12525464],
        [-0.46665823, -0.18382519,  0.73886211, ..., -0.11811791,
         -0.12525464,  0.        ]],

       [[ 0.        , -0.02725868,  0.18581619, ...,  0.58639507,
          0.51849674,  0.43271161],
        [ 0.02725868,  0.        ,  0.2125311 , ...,  0.60825739,
          0.54161241,  0.4571254 ],
        [-0.18581619, -0.2125311 ,  0.        , ...,  0.42566692,
          0.35057924,  0.25765641],
        ...,
        [-0.58639507, -0.60825739, -0.42566692, ...,  0.        ,
         -0.08141904, -0.17814685],
        [-0.51849674, -0.54161241, -0.35057924, ...,  0.08141904,
          0.        , -0.09743874],
        [-0.43271161, -0.4571254 , -0.25765641, ...,  0.17814685,
          0.09743874,  0.        ]],

       ...,

       [[ 0.        , -0.21549576,  0.65033116, ...,  0.89181543,
          0.76844958,  0.53795602],
        [ 0.21549576,  0.        ,  0.79875302, ...,  0.96835218,
          0.88829265,  0.70697371],
        [-0.65033116, -0.79875302,  0.        , ...,  0.38325888,
          0.16759972, -0.13955282],
        ...,
        [-0.89181543, -0.96835218, -0.38325888, ...,  0.        ,
         -0.22303576, -0.50840525],
        [-0.76844958, -0.88829265, -0.16759972, ...,  0.22303576,
          0.        , -0.30353856],
        [-0.53795602, -0.70697371,  0.13955282, ...,  0.50840525,
          0.30353856,  0.        ]],

       [[ 0.        , -0.00937753,  0.15739972, ..., -0.33152927,
         -0.31860812, -0.33502703],
        [ 0.00937753,  0.        ,  0.16665344, ..., -0.32266751,
         -0.30970528, -0.32617671],
        [-0.15739972, -0.16665344,  0.        , ..., -0.47589472,
         -0.46383374, -0.47915427],
        ...,
        [ 0.33152927,  0.32266751,  0.47589472, ...,  0.        ,
          0.01366291, -0.00370986],
        [ 0.31860812,  0.30970528,  0.46383374, ..., -0.01366291,
          0.        , -0.01737233],
        [ 0.33502703,  0.32617671,  0.47915427, ...,  0.00370986,
          0.01737233,  0.        ]],

       [[ 0.        , -0.32571636, -0.44786183, ..., -0.5735369 ,
         -0.51245021, -0.42413711],
        [ 0.32571636,  0.        , -0.13221491, ..., -0.27544027,
         -0.20480688, -0.10603978],
        [ 0.44786183,  0.13221491,  0.        , ..., -0.1459216 ,
         -0.07359662,  0.0263606 ],
        ...,
        [ 0.5735369 ,  0.27544027,  0.1459216 , ...,  0.        ,
          0.07271702,  0.17194934],
        [ 0.51245021,  0.20480688,  0.07359662, ..., -0.07271702,
          0.        ,  0.09986016],
        [ 0.42413711,  0.10603978, -0.0263606 , ..., -0.17194934,
         -0.09986016,  0.        ]]]), 'num': array([ 9.97473086e-01,  7.09788862e-02,  9.82496452e-06,  1.40056382e-08,
        1.06127624e-03,  1.06915422e-03,  1.05227283e-03,  4.82121025e-04,
       -3.37627647e-06,  1.08873662e-03,  1.08536034e-03,  1.04972187e-03,
        5.75443802e-07,  1.15691263e-03,  1.01380806e-03])}
{'img': array([[[ 0.        ,  0.99536648,  0.7185032 , ...,  0.287441  ,
          0.07757225,  0.05812419],
        [-0.99536648,  0.        , -0.62321408, ..., -0.92572182,
         -0.98490831, -0.98809481],
        [-0.7185032 ,  0.62321408,  0.        , ..., -0.48825917,
         -0.66238483, -0.67686173],
        ...,
        [-0.287441  ,  0.92572182,  0.48825917, ...,  0.        ,
         -0.21227629, -0.23128378],
        [-0.07757225,  0.98490831,  0.66238483, ...,  0.21227629,
          0.        , -0.01949205],
