state_0,state_1,state_2,state_3,state_4,state_5,state_6,state_7,state_8,state_9,state_10,state_11,state_12,state_13,state_14,state_15,state_16,state_17,state_18,state_19,state_20,state_21,state_22,state_23,state_24,state_25,state_26,state_27,state_28,state_29,state_30,state_31,state_32,state_33,state_34,state_35,state_36,state_37,state_38,state_39,state_40,state_41,state_42,state_43,state_44,state_45,state_46,state_47,state_48,state_49,state_50,state_51,state_52,state_53,state_54,state_55,state_56,state_57,state_58,state_59,state_60,state_61,state_62,state_63,state_64,state_65,state_66,state_67,state_68,state_69,state_70,state_71,state_72,state_73,state_74,state_75,state_76,state_77,state_78,state_79,state_80,state_81,state_82,state_83,state_84,state_85,state_86,state_87,state_88,state_89,state_90,state_91,state_92,state_93,state_94,state_95,state_96,state_97,state_98,state_99,state_100,state_101,state_102,state_103,state_104,state_105,state_106,state_107,state_108,state_109,state_110,state_111,state_112,state_113,state_114,state_115,state_116,state_117,state_118,state_119,state_120,state_121,state_122,state_123,state_124,state_125,state_126,state_127,state_128,state_129,state_130,state_131,state_132,state_133,state_134,state_135,state_136,state_137,state_138,state_139,state_140,state_141,state_142,state_143,state_144,state_145,state_146,state_147,state_148,state_149,state_150,state_151,state_152,state_153,state_154,state_155,state_156,state_157,state_158,state_159,state_160,state_161,state_162,state_163,state_164,state_165,state_166,state_167,state_168,state_169,state_170,state_171,state_172,state_173,state_174,state_175,state_176,state_177,state_178,state_179,state_180,state_181,state_182,state_183,state_184,state_185,state_186,state_187,state_188,state_189,state_190,state_191,state_192,state_193,state_194,state_195,state_196,state_197,state_198,state_199,state_200,state_201,state_202,state_203,state_204,state_205,state_206,state_207,state_208,state_209,state_210,state_211,state_212,state_213,state_214,state_215,state_216,state_217,state_218,state_219,state_220,state_221,state_222,state_223,state_224,state_225,state_226,state_227,state_228,state_229,state_230,state_231,state_232,state_233,state_234,state_235,state_236,state_237,state_238,state_239,state_240,state_241,state_242,state_243,state_244,state_245,state_246,state_247,state_248,state_249,state_250,state_251,state_252,state_253,state_254,state_255,state_256,state_257,state_258,state_259,state_260,state_261,state_262,state_263,state_264,state_265,state_266,state_267,state_268,state_269,state_270,state_271,state_272,state_273,state_274,state_275,state_276,state_277,state_278,state_279,state_280,state_281,state_282,state_283,state_284,state_285,state_286,state_287
{'img': array([[[ 0.        , -0.18082749, -0.07933165, ..., -0.99999054,
         -0.9845151 , -0.96456695],
        [ 0.18082749,  0.        ,  0.10223372, ..., -0.98429219,
         -0.99998422, -0.9963751 ],
        [ 0.07933165, -0.10223372,  0.        , ..., -0.99718397,
         -0.995319  , -0.98245762],
        ...,
        [ 0.99999054,  0.98429219,  0.99718397, ...,  0.        ,
         -0.17101516, -0.2596395 ],
        [ 0.9845151 ,  0.99998422,  0.995319  , ...,  0.17101516,
          0.        , -0.0906643 ],
        [ 0.96456695,  0.9963751 ,  0.98245762, ...,  0.2596395 ,
          0.0906643 ,  0.        ]],

       [[ 0.        ,  0.29102813, -0.63549665, ..., -0.823497  ,
         -0.73239171, -0.99992554],
        [-0.29102813,  0.        , -0.83269273, ..., -0.95295778,
         -0.89884603, -0.96019477],
        [ 0.63549665,  0.83269273,  0.        , ..., -0.27529466,
         -0.1327831 , -0.76429096],
        ...,
        [ 0.823497  ,  0.95295778,  0.27529466, ...,  0.        ,
          0.14520462, -0.55722897],
        [ 0.73239171,  0.89884603,  0.1327831 , ..., -0.14520462,
          0.        , -0.67189521],
        [ 0.99992554,  0.96019477,  0.76429096, ...,  0.55722897,
          0.67189521,  0.        ]],

       [[ 0.        , -0.00713628,  0.02032753, ..., -0.99988138,
         -0.98365519, -0.93238535],
        [ 0.00713628,  0.        ,  0.02746181, ..., -0.999746  ,
         -0.98491512, -0.93494113],
        [-0.02032753, -0.02746181,  0.        , ..., -0.99998787,
         -0.97979172, -0.92484499],
        ...,
        [ 0.99988138,  0.999746  ,  0.99998787, ...,  0.        ,
         -0.19519147, -0.37578374],
        [ 0.98365519,  0.98491512,  0.97979172, ...,  0.19519147,
          0.        , -0.18767023],
        [ 0.93238535,  0.93494113,  0.92484499, ...,  0.37578374,
          0.18767023,  0.        ]],

       ...,

       [[ 0.        , -0.18845022, -0.10842406, ..., -0.48668491,
         -0.92757304, -0.90894057],
        [ 0.18845022,  0.        ,  0.08085786, ..., -0.31333896,
         -0.84054058, -0.81408511],
        [ 0.10842406, -0.08085786,  0.        , ..., -0.38909894,
         -0.88159298, -0.85837735],
        ...,
        [ 0.48668491,  0.31333896,  0.38909894, ...,  0.        ,
         -0.62846116, -0.59111867],
        [ 0.92757304,  0.84054058,  0.88159298, ...,  0.62846116,
          0.        ,  0.04711077],
        [ 0.90894057,  0.81408511,  0.85837735, ...,  0.59111867,
         -0.04711077,  0.        ]],

       [[ 0.        ,  0.01751745,  0.05416468, ..., -0.96589002,
         -0.9875679 , -0.99527332],
        [-0.01751745,  0.        ,  0.03666463, ..., -0.96120562,
         -0.98466274, -0.99341942],
        [-0.05416468, -0.03666463,  0.        , ..., -0.95044602,
         -0.97760386, -0.98855215],
        ...,
        [ 0.96589002,  0.96120562,  0.95044602, ...,  0.        ,
          0.10390215,  0.16392773],
        [ 0.9875679 ,  0.98466274,  0.97760386, ..., -0.10390215,
          0.        ,  0.06054387],
        [ 0.99527332,  0.99341942,  0.98855215, ..., -0.16392773,
         -0.06054387,  0.        ]],

       [[ 0.        ,  0.04677273,  0.07513663, ..., -0.93136444,
         -0.97207567, -0.9972324 ],
        [-0.04677273,  0.        ,  0.02841389, ..., -0.94737452,
         -0.98198783, -0.99266355],
        [-0.07513663, -0.02841389,  0.        , ..., -0.95608807,
         -0.98695999, -0.98882725],
        ...,
        [ 0.93136444,  0.94737452,  0.95608807, ...,  0.        ,
         -0.13536026, -0.43232519],
        [ 0.97207567,  0.98198783,  0.98695999, ...,  0.13536026,
          0.        , -0.30628951],
        [ 0.9972324 ,  0.99266355,  0.98882725, ...,  0.43232519,
          0.30628951,  0.        ]]]), 'num': array([7.07099569e-01, 7.07099569e-01, 0.00000000e+00, 0.00000000e+00,
       9.59276924e-05, 9.64291814e-05, 9.50679968e-05, 4.50784931e-03,
       1.50446717e-06, 9.49676990e-05, 9.81055877e-05, 1.07343733e-04,
       2.61490722e-07, 1.03351061e-04, 9.28601141e-05])}
{'img': array([[[ 0.        ,  0.10223372,  0.11781499, ..., -0.99998422,
         -0.9963751 , -0.97314505],
        [-0.10223372,  0.        ,  0.01567597, ..., -0.995319  ,
         -0.98245762, -0.99157963],
        [-0.11781499, -0.01567597,  0.        , ..., -0.99368171,
         -0.97941355, -0.9934878 ],
        ...,
        [ 0.99998422,  0.995319  ,  0.99368171, ...,  0.        ,
         -0.0906643 ,  0.22472259],
        [ 0.9963751 ,  0.98245762,  0.97941355, ...,  0.0906643 ,
          0.        ,  0.31214243],
        [ 0.97314505,  0.99157963,  0.9934878 , ..., -0.22472259,
         -0.31214243,  0.        ]],

       [[ 0.        , -0.83043549, -0.91281146, ..., -0.89649902,
         -0.98432165, -0.95958184],
        [ 0.83043549,  0.        , -0.16940648, ..., -0.13153198,
         -0.6948547 , -0.76830648],
        [ 0.91281146,  0.16940648,  0.        , ...,  0.03830382,
         -0.56298275, -0.64876752],
        ...,
        [ 0.89649902,  0.13153198, -0.03830382, ...,  0.        ,
         -0.59422651, -0.67744011],
        [ 0.98432165,  0.6948547 ,  0.56298275, ...,  0.59422651,
          0.        , -0.10776365],
        [ 0.95958184,  0.76830648,  0.64876752, ...,  0.67744011,
          0.10776365,  0.        ]],

       [[ 0.        ,  0.02740625,  0.07333358, ..., -0.98898986,
         -0.96656153, -0.9342613 ],
        [-0.02740625,  0.        ,  0.04597358, ..., -0.98456271,
         -0.95917055, -0.9241376 ],
        [-0.07333358, -0.04597358,  0.        , ..., -0.97547483,
         -0.94515375, -0.90559581],
        ...,
        [ 0.98898986,  0.98456271,  0.97547483, ...,  0.        ,
         -0.11057649, -0.21440801],
        [ 0.96656153,  0.95917055,  0.94515375, ...,  0.11057649,
          0.        , -0.10508824],
        [ 0.9342613 ,  0.9241376 ,  0.90559581, ...,  0.21440801,
          0.10508824,  0.        ]],

       ...,

       [[ 0.        ,  0.08085786,  0.24698421, ..., -0.84054058,
         -0.81408511, -0.58401114],
        [-0.08085786,  0.        ,  0.16782266, ..., -0.88159298,
         -0.85837735, -0.64773489],
        [-0.24698421, -0.16782266,  0.        , ..., -0.94830356,
         -0.93229934, -0.76640654],
        ...,
        [ 0.84054058,  0.88159298,  0.94830356, ...,  0.        ,
          0.04711077,  0.36591795],
        [ 0.81408511,  0.85837735,  0.93229934, ..., -0.04711077,
          0.        ,  0.32166816],
        [ 0.58401114,  0.64773489,  0.76640654, ..., -0.36591795,
         -0.32166816,  0.        ]],

       [[ 0.        ,  0.03666463,  0.05651396, ..., -0.98466274,
         -0.99341942, -0.99246279],
        [-0.03666463,  0.        ,  0.01986993, ..., -0.97760386,
         -0.98855215, -0.98730237],
        [-0.05651396, -0.01986993,  0.        , ..., -0.97322916,
         -0.98535902, -0.98395107],
        ...,
        [ 0.98466274,  0.97760386,  0.97322916, ...,  0.        ,
          0.06054387,  0.05248675],
        [ 0.99341942,  0.98855215,  0.98535902, ..., -0.06054387,
          0.        , -0.00806995],
        [ 0.99246279,  0.98730237,  0.98395107, ..., -0.05248675,
          0.00806995,  0.        ]],

       [[ 0.        ,  0.02841389,  0.0969484 , ..., -0.98198783,
         -0.99266355, -0.99981626],
        [-0.02841389,  0.        ,  0.06862921, ..., -0.98695999,
         -0.98882725, -0.99886791],
        [-0.0969484 , -0.06862921,  0.        , ..., -0.99567992,
         -0.97626555, -0.99324812],
        ...,
        [ 0.98198783,  0.98695999,  0.99567992, ...,  0.        ,
         -0.30628951, -0.20773322],
        [ 0.99266355,  0.98882725,  0.97626555, ...,  0.30628951,
          0.        ,  0.10185873],
        [ 0.99981626,  0.99886791,  0.99324812, ...,  0.20773322,
         -0.10185873,  0.        ]]]), 'num': array([ 7.89679230e-01,  6.13458039e-01,  1.34622758e-05, -2.59266290e-11,
        1.05269528e-04,  1.07038764e-04,  1.04706590e-04,  8.70931238e-03,
       -2.41259423e-06,  1.06507993e-04,  1.09953982e-04,  1.20144512e-04,
        2.57484472e-07,  1.16189266e-04,  1.03718698e-04])}
{'img': array([[[ 0.        ,  0.0155098 ,  0.25504276, ..., -0.99728973,
         -0.98474845, -0.93272948],
        [-0.0155098 ,  0.        ,  0.24001519, ..., -0.99602865,
         -0.98732846, -0.92702481],
        [-0.25504276, -0.24001519,  0.        , ..., -0.94554451,
         -0.996556  , -0.80992137],
        ...,
        [ 0.99728973,  0.99602865,  0.94554451, ...,  0.        ,
          0.24596493, -0.29097463],
        [ 0.98474845,  0.98732846,  0.996556  , ..., -0.24596493,
          0.        , -0.51735773],
        [ 0.93272948,  0.92702481,  0.80992137, ...,  0.29097463,
          0.51735773,  0.        ]],

       [[ 0.        , -0.16940648,  0.18044009, ..., -0.6948547 ,
         -0.76830648, -0.05832847],
        [ 0.16940648,  0.        ,  0.3444579 , ..., -0.56298275,
         -0.64876752,  0.11163265],
        [-0.18044009, -0.3444579 ,  0.        , ..., -0.81321286,
         -0.87119196, -0.23750395],
        ...,
        [ 0.6948547 ,  0.56298275,  0.81321286, ...,  0.        ,
         -0.10776365,  0.65172474],
        [ 0.76830648,  0.64876752,  0.87119196, ...,  0.10776365,
          0.        ,  0.72966339],
        [ 0.05832847, -0.11163265,  0.23750395, ..., -0.65172474,
         -0.72966339,  0.        ]],

       [[ 0.        ,  0.04586519,  0.1595428 , ..., -0.97175186,
         -0.9613069 , -0.92328902],
        [-0.04586519,  0.        ,  0.1140972 , ..., -0.95990481,
         -0.94766033, -0.90470029],
        [-0.1595428 , -0.1140972 ,  0.        , ..., -0.92165181,
         -0.90504274, -0.85018128],
        ...,
        [ 0.97175186,  0.95990481,  0.92165181, ...,  0.        ,
         -0.0408247 , -0.15535492],
        [ 0.9613069 ,  0.94766033,  0.90504274, ...,  0.0408247 ,
          0.        , -0.11489637],
        [ 0.92328902,  0.90470029,  0.85018128, ...,  0.15535492,
          0.11489637,  0.        ]],

       ...,

       [[ 0.        ,  0.16782266,  0.24622772, ..., -0.85837735,
         -0.64773489, -0.74098241],
        [-0.16782266,  0.        ,  0.08007979, ..., -0.93229934,
         -0.76640654, -0.84317022],
        [-0.24622772, -0.08007979,  0.        , ..., -0.95826909,
         -0.81538491, -0.88351698],
        ...,
        [ 0.85837735,  0.93229934,  0.95826909, ...,  0.        ,
          0.32166816,  0.19628343],
        [ 0.64773489,  0.76640654,  0.81538491, ..., -0.32166816,
          0.        , -0.12955936],
        [ 0.74098241,  0.84317022,  0.88351698, ..., -0.19628343,
          0.12955936,  0.        ]],

       [[ 0.        ,  0.01986993,  0.07073675, ..., -0.98855215,
         -0.98730237, -0.99634772],
        [-0.01986993,  0.        ,  0.05090263, ..., -0.98535902,
         -0.98395107, -0.99445434],
        [-0.07073675, -0.05090263,  0.        , ..., -0.97540312,
         -0.97359251, -0.98781176],
        ...,
        [ 0.98855215,  0.98535902,  0.97540312, ...,  0.        ,
         -0.00806995,  0.06591733],
        [ 0.98730237,  0.98395107,  0.97359251, ...,  0.00806995,
          0.        ,  0.07396758],
        [ 0.99634772,  0.99445434,  0.98781176, ..., -0.06591733,
         -0.07396758,  0.        ]],

       [[ 0.        ,  0.06741372,  0.14565285, ..., -0.99235848,
         -0.99008637, -0.98595429],
        [-0.06741372,  0.        ,  0.0786267 , ..., -0.99841903,
         -0.99730296, -0.97245221],
        [-0.14565285, -0.0786267 ,  0.        , ..., -0.99974757,
         -0.99998623, -0.95111356],
        ...,
        [ 0.99235848,  0.99841903,  0.99974757, ...,  0.        ,
          0.01722153, -0.2873943 ],
        [ 0.99008637,  0.99730296,  0.99998623, ..., -0.01722153,
          0.        , -0.30384668],
        [ 0.98595429,  0.97245221,  0.95111356, ...,  0.2873943 ,
          0.30384668,  0.        ]]]), 'num': array([ 7.46915550e-01,  6.64878141e-01,  6.14973083e-06, -4.03036714e-09,
        1.01280752e-04,  1.01812210e-04,  9.99141453e-05,  7.35745445e-03,
        1.89806507e-06,  1.00551895e-04,  1.03744441e-04,  1.13099371e-04,
        2.72944895e-07,  1.09708397e-04,  9.77804846e-05])}
{'img': array([[[ 0.        ,  0.24001519,  0.25157307, ..., -0.98732846,
         -0.92702481, -0.99385224],
        [-0.24001519,  0.        ,  0.01192348, ..., -0.996556  ,
         -0.80992137, -0.99137427],
        [-0.25157307, -0.01192348,  0.        , ..., -0.99549643,
         -0.80287022, -0.98974109],
        ...,
        [ 0.98732846,  0.996556  ,  0.99549643, ...,  0.        ,
         -0.51735773, -0.04840269],
        [ 0.92702481,  0.80992137,  0.80287022, ...,  0.51735773,
          0.        ,  0.47532981],
        [ 0.99385224,  0.99137427,  0.98974109, ...,  0.04840269,
         -0.47532981,  0.        ]],

       [[ 0.        ,  0.3444579 ,  0.73168847, ..., -0.64876752,
          0.11163265, -0.00339013],
        [-0.3444579 ,  0.        ,  0.45211443, ..., -0.87119196,
         -0.23750395, -0.34763858],
        [-0.73168847, -0.45211443,  0.        , ..., -0.99903053,
         -0.65102189, -0.73399511],
        ...,
        [ 0.64876752,  0.87119196,  0.99903053, ...,  0.        ,
          0.72966339,  0.64618395],
        [-0.11163265,  0.23750395,  0.65102189, ..., -0.72966339,
          0.        , -0.11500095],
        [ 0.00339013,  0.34763858,  0.73399511, ..., -0.64618395,
          0.11500095,  0.        ]],

       [[ 0.        ,  0.1140972 ,  0.15845192, ..., -0.94766033,
         -0.90470029, -0.90470029],
        [-0.1140972 ,  0.        ,  0.04476138, ..., -0.90504274,
         -0.85018128, -0.85018128],
        [-0.15845192, -0.04476138,  0.        , ..., -0.88509768,
         -0.82576273, -0.82576273],
        ...,
        [ 0.94766033,  0.90504274,  0.88509768, ...,  0.        ,
         -0.11489637, -0.11489637],
        [ 0.90470029,  0.85018128,  0.82576273, ...,  0.11489637,
          0.        ,  0.        ],
        [ 0.90470029,  0.85018128,  0.82576273, ...,  0.11489637,
          0.        ,  0.        ]],

       ...,

       [[ 0.        ,  0.08007979,  0.01647298, ..., -0.76640654,
         -0.84317022, -0.77638952],
        [-0.08007979,  0.        , -0.06364885, ..., -0.81538491,
         -0.88351698, -0.82436667],
        [-0.01647298,  0.06364885,  0.        , ..., -0.77688406,
         -0.85191246, -0.78666632],
        ...,
        [ 0.76640654,  0.81538491,  0.77688406, ...,  0.        ,
         -0.12955936, -0.01568803],
        [ 0.84317022,  0.88351698,  0.85191246, ...,  0.12955936,
          0.        ,  0.11398761],
        [ 0.77638952,  0.82436667,  0.78666632, ...,  0.01568803,
         -0.11398761,  0.        ]],

       [[ 0.        ,  0.05090263,  0.12538574, ..., -0.98395107,
         -0.99445434, -0.99508883],
        [-0.05090263,  0.        ,  0.07472228, ..., -0.97359251,
         -0.98781176, -0.98876017],
        [-0.12538574, -0.07472228,  0.        , ..., -0.95381215,
         -0.97341946, -0.97482423],
        ...,
        [ 0.98395107,  0.97359251,  0.95381215, ...,  0.        ,
          0.07396758,  0.0801648 ],
        [ 0.99445434,  0.98781176,  0.97341946, ..., -0.07396758,
          0.        ,  0.00621567],
        [ 0.99508883,  0.98876017,  0.97482423, ..., -0.0801648 ,
         -0.00621567,  0.        ]],

       [[ 0.        ,  0.07821925,  0.09685695, ..., -0.99415081,
         -0.99697968, -0.97122379],
        [-0.07821925,  0.        ,  0.01870871, ..., -0.99955265,
         -0.98785039, -0.94961876],
        [-0.09685695, -0.01870871,  0.        , ..., -0.99993725,
         -0.98477002, -0.9435891 ],
        ...,
        [ 0.99415081,  0.99955265,  0.99993725, ...,  0.        ,
         -0.18488306, -0.34166852],
        [ 0.99697968,  0.98785039,  0.98477002, ...,  0.18488306,
          0.        , -0.16202144],
        [ 0.97122379,  0.94961876,  0.9435891 , ...,  0.34166852,
          0.16202144,  0.        ]]]), 'num': array([ 8.93827039e-01,  4.48296609e-01,  3.25442243e-05, -2.97000323e-09,
        1.22803316e-04,  1.23251831e-04,  1.19394604e-04,  1.01613330e-02,
        3.13960267e-06,  1.19645773e-04,  1.22664276e-04,  1.33289589e-04,
        3.97954832e-07,  1.29674312e-04,  1.15654240e-04])}
{'img': array([[[ 0.        ,  0.01192348, -0.06381968, ..., -0.80992137,
         -0.99137427, -0.98841979],
        [-0.01192348,  0.        , -0.07571432, ..., -0.80287022,
         -0.98974109, -0.99015884],
        [ 0.06381968,  0.07571432,  0.        , ..., -0.845703  ,
         -0.99771759, -0.97672057],
        ...,
        [ 0.80992137,  0.80287022,  0.845703  , ...,  0.        ,
          0.47532981,  0.70264715],
        [ 0.99137427,  0.98974109,  0.99771759, ..., -0.47532981,
          0.        ,  0.27997893],
        [ 0.98841979,  0.99015884,  0.97672057, ..., -0.70264715,
         -0.27997893,  0.        ]],

       [[ 0.        ,  0.45211443,  0.14369598, ..., -0.23750395,
         -0.34763858, -0.19203896],
        [-0.45211443,  0.        , -0.31925127, ..., -0.65102189,
         -0.73399511, -0.61499042],
        [-0.14369598,  0.31925127,  0.        , ..., -0.37462345,
         -0.47876421, -0.33106737],
        ...,
        [ 0.23750395,  0.65102189,  0.37462345, ...,  0.        ,
         -0.11500095,  0.04653929],
        [ 0.34763858,  0.73399511,  0.47876421, ...,  0.11500095,
          0.        ,  0.16110686],
        [ 0.19203896,  0.61499042,  0.33106737, ..., -0.04653929,
         -0.16110686,  0.        ]],

       [[ 0.        ,  0.04476138,  0.12142524, ..., -0.85018128,
         -0.85018128, -0.97344913],
        [-0.04476138,  0.        ,  0.07687336, ..., -0.82576273,
         -0.82576273, -0.96222742],
        [-0.12142524, -0.07687336,  0.        , ..., -0.77996125,
         -0.77996125, -0.93845152],
        ...,
        [ 0.85018128,  0.82576273,  0.77996125, ...,  0.        ,
          0.        ,  0.31790187],
        [ 0.85018128,  0.82576273,  0.77996125, ...,  0.        ,
          0.        ,  0.31790187],
        [ 0.97344913,  0.96222742,  0.93845152, ..., -0.31790187,
         -0.31790187,  0.        ]],

       ...,

       [[ 0.        , -0.06364885, -0.33750652, ..., -0.88351698,
         -0.82436667, -0.66892927],
        [ 0.06364885,  0.        , -0.27690805, ..., -0.85191246,
         -0.78666632, -0.62026108],
        [ 0.33750652,  0.27690805,  0.        , ..., -0.67358726,
         -0.58494781, -0.37880124],
        ...,
        [ 0.88351698,  0.85191246,  0.67358726, ...,  0.        ,
          0.11398761,  0.3434153 ],
        [ 0.82436667,  0.78666632,  0.58494781, ..., -0.11398761,
          0.        ,  0.23412168],
        [ 0.66892927,  0.62026108,  0.37880124, ..., -0.3434153 ,
         -0.23412168,  0.        ]],

       [[ 0.        ,  0.07472228,  0.11930756, ..., -0.98781176,
         -0.98876017, -0.99104099],
        [-0.07472228,  0.        ,  0.04478546, ..., -0.97341946,
         -0.97482423, -0.97829066],
        [-0.11930756, -0.04478546,  0.        , ..., -0.96218556,
         -0.96386009, -0.96802784],
        ...,
        [ 0.98781176,  0.97341946,  0.96218556, ...,  0.        ,
          0.00621567,  0.02232848],
        [ 0.98876017,  0.97482423,  0.96386009, ..., -0.00621567,
          0.        ,  0.01611393],
        [ 0.99104099,  0.97829066,  0.96802784, ..., -0.02232848,
         -0.01611393,  0.        ]],

       [[ 0.        ,  0.01870871,  0.06268034, ..., -0.98785039,
         -0.94961876, -0.98459705],
        [-0.01870871,  0.        ,  0.04399745, ..., -0.98477002,
         -0.9435891 , -0.98115371],
        [-0.06268034, -0.04399745,  0.        , ..., -0.97616692,
         -0.92810699, -0.97170203],
        ...,
        [ 0.98785039,  0.98477002,  0.97616692, ...,  0.        ,
         -0.16202144, -0.01970058],
        [ 0.94961876,  0.9435891 ,  0.92810699, ...,  0.16202144,
          0.        ,  0.14254971],
        [ 0.98459705,  0.98115371,  0.97170203, ...,  0.01970058,
         -0.14254971,  0.        ]]]), 'num': array([ 9.04397252e-01,  4.26548746e-01,  3.49304463e-05,  8.67134973e-09,
        1.24213285e-04,  1.26574063e-04,  1.24031686e-04,  1.10295495e-02,
       -9.07991846e-08,  1.22015944e-04,  1.23868248e-04,  1.34508399e-04,
        3.78329936e-07,  1.30419294e-04,  1.17317201e-04])}
{'img': array([[[ 0.        , -0.07571432, -0.1203534 , ..., -0.98974109,
         -0.99015884, -0.9910964 ],
        [ 0.07571432,  0.        , -0.04484397, ..., -0.99771759,
         -0.97672057, -0.97817044],
        [ 0.1203534 ,  0.04484397,  0.        , ..., -0.99974197,
         -0.96611826, -0.96786763],
        ...,
        [ 0.98974109,  0.99771759,  0.99974197, ...,  0.        ,
          0.27997893,  0.2733808 ],
        [ 0.99015884,  0.97672057,  0.96611826, ..., -0.27997893,
          0.        , -0.00686613],
        [ 0.9910964 ,  0.97817044,  0.96786763, ..., -0.2733808 ,
          0.00686613,  0.        ]],

       [[ 0.        , -0.31925127, -0.35317848, ..., -0.73399511,
         -0.61499042, -0.55595353],
        [ 0.31925127,  0.        , -0.03601926, ..., -0.47876421,
         -0.33106737, -0.26149461],
        [ 0.35317848,  0.03601926,  0.        , ..., -0.44683066,
         -0.29686451, -0.22655896],
        ...,
        [ 0.73399511,  0.47876421,  0.44683066, ...,  0.        ,
          0.16110686,  0.23252808],
        [ 0.61499042,  0.33106737,  0.29686451, ..., -0.16110686,
          0.        ,  0.07279968],
        [ 0.55595353,  0.26149461,  0.22655896, ..., -0.23252808,
         -0.07279968,  0.        ]],

       [[ 0.        ,  0.07687336,  0.1169667 , ..., -0.82576273,
         -0.96222742, -0.99126479],
        [-0.07687336,  0.        ,  0.04027489, ..., -0.77996125,
         -0.93845152, -0.97819292],
        [-0.1169667 , -0.04027489,  0.        , ..., -0.75412327,
         -0.9237787 , -0.96903422],
        ...,
        [ 0.82576273,  0.77996125,  0.75412327, ...,  0.        ,
          0.31790187,  0.45018366],
        [ 0.96222742,  0.93845152,  0.9237787 , ..., -0.31790187,
          0.        ,  0.14296374],
        [ 0.99126479,  0.97819292,  0.96903422, ..., -0.45018366,
         -0.14296374,  0.        ]],

       ...,

       [[ 0.        , -0.27690805, -0.35885528, ..., -0.78666632,
         -0.62026108, -0.67741478],
        [ 0.27690805,  0.        , -0.08635867, ..., -0.58494781,
         -0.37880124, -0.44723153],
        [ 0.35885528,  0.08635867,  0.        , ..., -0.5127195 ,
         -0.29746303, -0.36831996],
        ...,
        [ 0.78666632,  0.58494781,  0.5127195 , ...,  0.        ,
          0.23412168,  0.16045148],
        [ 0.62026108,  0.37880124,  0.29746303, ..., -0.23412168,
          0.        , -0.07509623],
        [ 0.67741478,  0.44723153,  0.36831996, ..., -0.16045148,
          0.07509623,  0.        ]],

       [[ 0.        ,  0.04434909,  0.06893624, ..., -0.99103074,
         -0.99249887, -0.89130193],
        [-0.04434909,  0.        ,  0.02462482, ..., -0.98412911,
         -0.9861005 , -0.87031664],
        [-0.06893624, -0.02462482,  0.        , ..., -0.97946091,
         -0.98171007, -0.85792519],
        ...,
        [ 0.99103074,  0.98412911,  0.97946091, ...,  0.        ,
          0.01147444, -0.33023518],
        [ 0.99249887,  0.9861005 ,  0.98171007, ..., -0.01147444,
          0.        , -0.34104414],
        [ 0.89130193,  0.87031664,  0.85792519, ...,  0.33023518,
          0.34104414,  0.        ]],

       [[ 0.        ,  0.04399745,  0.10500553, ..., -0.9435891 ,
         -0.98115371, -0.99584474],
        [-0.04399745,  0.        ,  0.06114963, ..., -0.92810699,
         -0.97170203, -0.99087368],
        [-0.10500553, -0.06114963,  0.        , ..., -0.90360331,
         -0.95543944, -0.98077678],
        ...,
        [ 0.9435891 ,  0.92810699,  0.90360331, ...,  0.        ,
          0.14254971,  0.24381272],
        [ 0.98115371,  0.97170203,  0.95543944, ..., -0.14254971,
          0.        ,  0.10307492],
        [ 0.99584474,  0.99087368,  0.98077678, ..., -0.24381272,
         -0.10307492,  0.        ]]]), 'num': array([ 8.83012804e-01,  4.69122370e-01,  3.08873458e-05,  8.12014773e-09,
        1.19968242e-04,  1.23370326e-04,  1.19610127e-04,  1.45763204e-02,
       -2.50679908e-06,  1.20326356e-04,  1.21790147e-04,  1.32176950e-04,
        3.40766063e-07,  1.27931642e-04,  1.15648653e-04])}
{'img': array([[[ 0.        , -0.04484397,  0.00569508, ..., -0.97672057,
         -0.97817044, -0.99995068],
        [ 0.04484397,  0.        ,  0.0505326 , ..., -0.96611826,
         -0.96786763, -0.99939012],
        [-0.00569508, -0.0505326 ,  0.        , ..., -0.97792641,
         -0.97933804, -0.9998779 ],
        ...,
        [ 0.97672057,  0.96611826,  0.97792641, ...,  0.        ,
         -0.00686613, -0.22420577],
        [ 0.97817044,  0.96786763,  0.97933804, ...,  0.00686613,
          0.        , -0.21750916],
        [ 0.99995068,  0.99939012,  0.9998779 , ...,  0.22420577,
          0.21750916,  0.        ]],

       [[ 0.        , -0.03601926,  0.61468049, ..., -0.33106737,
         -0.26149461,  0.06012052],
        [ 0.03601926,  0.        ,  0.64269275, ..., -0.29686451,
         -0.22655896,  0.09603561],
        [-0.61468049, -0.64269275,  0.        , ..., -0.84115495,
         -0.79955336, -0.56614697],
        ...,
        [ 0.33106737,  0.29686451,  0.84115495, ...,  0.        ,
          0.07279968,  0.38719866],
        [ 0.26149461,  0.22655896,  0.79955336, ..., -0.07279968,
          0.        ,  0.31905022],
        [-0.06012052, -0.09603561,  0.56614697, ..., -0.38719866,
         -0.31905022,  0.        ]],

       [[ 0.        ,  0.04027489,  0.09107309, ..., -0.93845152,
         -0.97819292, -0.97869799],
        [-0.04027489,  0.        ,  0.05089168, ..., -0.9237787 ,
         -0.96903422, -0.96963527],
        [-0.09107309, -0.05089168,  0.        , ..., -0.90309386,
         -0.95521203, -0.95593295],
        ...,
        [ 0.93845152,  0.9237787 ,  0.90309386, ...,  0.        ,
          0.14296374,  0.14538404],
        [ 0.97819292,  0.96903422,  0.95521203, ..., -0.14296374,
          0.        ,  0.00244585],
        [ 0.97869799,  0.96963527,  0.95593295, ..., -0.14538404,
         -0.00244585,  0.        ]],

       ...,

       [[ 0.        , -0.08635867, -0.25799816, ..., -0.37880124,
         -0.44723153, -0.53525129],
        [ 0.08635867,  0.        , -0.17359927, ..., -0.29746303,
         -0.36831996, -0.46030509],
        [ 0.25799816,  0.17359927,  0.        , ..., -0.12720545,
         -0.20133244, -0.29920137],
        ...,
        [ 0.37880124,  0.29746303,  0.12720545, ...,  0.        ,
         -0.07509623, -0.1753926 ],
        [ 0.44723153,  0.36831996,  0.20133244, ...,  0.07509623,
          0.        , -0.10096521],
        [ 0.53525129,  0.46030509,  0.29920137, ...,  0.1753926 ,
          0.10096521,  0.        ]],

       [[ 0.        ,  0.0242411 ,  0.04531748, ..., -0.99786166,
         -0.97560128, -0.86348128],
        [-0.0242411 ,  0.        ,  0.02108796, ..., -0.995984  ,
         -0.96999246, -0.85100079],
        [-0.04531748, -0.02108796,  0.        , ..., -0.99387448,
         -0.96464953, -0.8397369 ],
        ...,
        [ 0.99786166,  0.995984  ,  0.99387448, ...,  0.        ,
         -0.15531381, -0.44686408],
        [ 0.97560128,  0.96999246,  0.96464953, ...,  0.15531381,
          0.        , -0.30249744],
        [ 0.86348128,  0.85100079,  0.8397369 , ...,  0.44686408,
          0.30249744,  0.        ]],

       [[ 0.        ,  0.06114963,  0.13766191, ..., -0.97170203,
         -0.99087368, -0.98960809],
        [-0.06114963,  0.        ,  0.07683686, ..., -0.95543944,
         -0.98077678, -0.97896338],
        [-0.13766191, -0.07683686,  0.        , ..., -0.9299336 ,
         -0.96288388, -0.96039176],
        ...,
        [ 0.97170203,  0.95543944,  0.9299336 , ...,  0.        ,
          0.10307492,  0.09403338],
        [ 0.99087368,  0.98077678,  0.96288388, ..., -0.10307492,
          0.        , -0.00908568],
        [ 0.98960809,  0.97896338,  0.96039176, ..., -0.09403338,
          0.00908568,  0.        ]]]), 'num': array([ 8.68127098e-01,  4.96250426e-01,  2.75260305e-05, -6.90237961e-10,
        1.18507544e-04,  1.20437348e-04,  1.17367204e-04,  9.52577845e-03,
        9.64902279e-07,  1.18630349e-04,  1.19143502e-04,  1.29099539e-04,
        3.62250002e-07,  1.25022826e-04,  1.13264177e-04])}
{'img': array([[[ 0.        ,  0.0505326 ,  0.15643025, ..., -0.96786763,
         -0.99939012, -0.99173686],
        [-0.0505326 ,  0.        ,  0.1063199 , ..., -0.97933804,
         -0.9998779 , -0.99695259],
        [-0.15643025, -0.1063199 ,  0.        , ..., -0.99528821,
         -0.99254914, -0.99959583],
        ...,
        [ 0.96786763,  0.97933804,  0.99528821, ...,  0.        ,
         -0.21750916, -0.12521587],
        [ 0.99939012,  0.9998779 ,  0.99254914, ...,  0.21750916,
          0.        ,  0.09357927],
        [ 0.99173686,  0.99695259,  0.99959583, ...,  0.12521587,
         -0.09357927,  0.        ]],

       [[ 0.        ,  0.64269275, -0.24993976, ..., -0.22655896,
          0.09603561, -0.3383208 ],
        [-0.64269275,  0.        , -0.81377943, ..., -0.79955336,
         -0.56614697, -0.86398939],
        [ 0.24993976,  0.81377943,  0.        , ...,  0.0240724 ,
          0.34177209, -0.09238194],
        ...,
        [ 0.22655896,  0.79955336, -0.0240724 , ...,  0.        ,
          0.31905022, -0.11632462],
        [-0.09603561,  0.56614697, -0.34177209, ..., -0.31905022,
          0.        , -0.42712951],
        [ 0.3383208 ,  0.86398939,  0.09238194, ...,  0.11632462,
          0.42712951,  0.        ]],

       [[ 0.        ,  0.05089168,  0.06321391, ..., -0.96903422,
         -0.96963527, -0.9882977 ],
        [-0.05089168,  0.        ,  0.0123421 , ..., -0.95521203,
         -0.95593295, -0.97925416],
        [-0.06321391, -0.0123421 ,  0.        , ..., -0.95148697,
         -0.95223668, -0.97667862],
        ...,
        [ 0.96903422,  0.95521203,  0.95148697, ...,  0.        ,
          0.00244585,  0.0962229 ],
        [ 0.96963527,  0.95593295,  0.95223668, ..., -0.00244585,
          0.        ,  0.09378811],
        [ 0.9882977 ,  0.97925416,  0.97667862, ..., -0.0962229 ,
         -0.09378811,  0.        ]],

       ...,

       [[ 0.        , -0.17359927,  0.15842669, ..., -0.36831996,
         -0.46030509, -0.37789957],
        [ 0.17359927,  0.        ,  0.32742804, ..., -0.20133244,
         -0.29920137, -0.21143538],
        [-0.15842669, -0.32742804,  0.        , ..., -0.5109575 ,
         -0.59513678, -0.51980578],
        ...,
        [ 0.36831996,  0.20133244,  0.5109575 , ...,  0.        ,
         -0.10096521, -0.0103251 ],
        [ 0.46030509,  0.29920137,  0.59513678, ...,  0.10096521,
          0.        ,  0.09068749],
        [ 0.37789957,  0.21143538,  0.51980578, ...,  0.0103251 ,
         -0.09068749,  0.        ]],

       [[ 0.        ,  0.02092996,  0.01093474, ..., -0.98296082,
         -0.94124116, -0.84760874],
        [-0.02092996,  0.        , -0.00999636, ..., -0.97889825,
         -0.93396619, -0.83631718],
        [-0.01093474,  0.00999636,  0.        , ..., -0.98089208,
         -0.93749184, -0.84175586],
        ...,
        [ 0.98296082,  0.97889825,  0.98089208, ...,  0.        ,
         -0.15896605, -0.36577698],
        [ 0.94124116,  0.93396619,  0.93749184, ...,  0.15896605,
          0.        , -0.21317567],
        [ 0.84760874,  0.83631718,  0.84175586, ...,  0.36577698,
          0.21317567,  0.        ]],

       [[ 0.        ,  0.07683686,  0.23448263, ..., -0.98077678,
         -0.97896338, -0.9753811 ],
        [-0.07683686,  0.        ,  0.15909475, ..., -0.96288388,
         -0.96039176, -0.95555304],
        [-0.23448263, -0.15909475,  0.        , ..., -0.90767772,
         -0.90382728, -0.89647827],
        ...,
        [ 0.98077678,  0.96288388,  0.90767772, ...,  0.        ,
         -0.00908568, -0.02595767],
        [ 0.97896338,  0.96039176,  0.90382728, ...,  0.00908568,
          0.        , -0.01687397],
        [ 0.9753811 ,  0.95555304,  0.89647827, ...,  0.02595767,
          0.01687397,  0.        ]]]), 'num': array([8.62968154e-01, 5.05131770e-01, 2.57436248e-05, 2.30669914e-09,
       1.19797919e-04, 1.21090702e-04, 1.17212352e-04, 1.13024769e-02,
       3.36123658e-06, 1.17522620e-04, 1.17057218e-04, 1.26513210e-04,
       4.56612203e-07, 1.22825499e-04, 1.11288938e-04])}
{'img': array([[[ 0.        ,  0.1063199 ,  0.11862049, ..., -0.9998779 ,
         -0.99695259, -0.94094106],
        [-0.1063199 ,  0.        ,  0.0123789 , ..., -0.99254914,
         -0.99959583, -0.97160456],
        [-0.11862049, -0.0123789 ,  0.        , ..., -0.99096479,
         -0.99916733, -0.97445909],
        ...,
        [ 0.9998779 ,  0.99254914,  0.99096479, ...,  0.        ,
          0.09357927,  0.35323281],
        [ 0.99695259,  0.99959583,  0.99916733, ..., -0.09357927,
          0.        ,  0.26413604],
        [ 0.94094106,  0.97160456,  0.97445909, ..., -0.35323281,
         -0.26413604,  0.        ]],

       [[ 0.        , -0.81377943, -0.59120025, ..., -0.56614697,
         -0.86398939, -0.74815843],
        [ 0.81377943,  0.        ,  0.31274318, ...,  0.34177209,
         -0.09238194,  0.10514892],
        [ 0.59120025, -0.31274318,  0.        , ...,  0.03071734,
         -0.39915363, -0.21113507],
        ...,
        [ 0.56614697, -0.34177209, -0.03071734, ...,  0.        ,
         -0.42712951, -0.24106032],
        [ 0.86398939,  0.09238194,  0.39915363, ...,  0.42712951,
          0.        ,  0.19656909],
        [ 0.74815843, -0.10514892,  0.21113507, ...,  0.24106032,
         -0.19656909,  0.        ]],

       [[ 0.        ,  0.0123421 ,  0.02483477, ..., -0.95593295,
         -0.97925416, -0.99528574],
        [-0.0123421 ,  0.        ,  0.01249459, ..., -0.95223668,
         -0.97667862, -0.99401292],
        [-0.02483477, -0.01249459,  0.        , ..., -0.94834699,
         -0.97391971, -0.99257013],
        ...,
        [ 0.95593295,  0.95223668,  0.94834699, ...,  0.        ,
          0.09378811,  0.19948884],
        [ 0.97925416,  0.97667862,  0.97391971, ..., -0.09378811,
          0.        ,  0.10670655],
        [ 0.99528574,  0.99401292,  0.99257013, ..., -0.19948884,
         -0.10670655,  0.        ]],

       ...,

       [[ 0.        ,  0.32742804,  0.45566145, ..., -0.29920137,
         -0.21143538,  0.11477708],
        [-0.32742804,  0.        ,  0.13908252, ..., -0.59513678,
         -0.51980578, -0.21681404],
        [-0.45566145, -0.13908252,  0.        , ..., -0.70112264,
         -0.63356972, -0.35048093],
        ...,
        [ 0.29920137,  0.59513678,  0.70112264, ...,  0.        ,
          0.09068749,  0.40674317],
        [ 0.21143538,  0.51980578,  0.63356972, ..., -0.09068749,
          0.        ,  0.32222026],
        [-0.11477708,  0.21681404,  0.35048093, ..., -0.40674317,
         -0.32222026,  0.        ]],

       [[ 0.        , -0.0099934 , -0.01941079, ..., -0.93537323,
         -0.85888002, -0.83618157],
        [ 0.0099934 ,  0.        , -0.00941831, ..., -0.9388608 ,
         -0.86395552, -0.84162072],
        [ 0.01941079,  0.00941831,  0.        , ..., -0.94206186,
         -0.86865996, -0.84666993],
        ...,
        [ 0.93537323,  0.9388608 ,  0.94206186, ...,  0.        ,
         -0.17532313, -0.2172822 ],
        [ 0.85888002,  0.86395552,  0.86865996, ...,  0.17532313,
          0.        , -0.04278224],
        [ 0.83618157,  0.84162072,  0.84666993, ...,  0.2172822 ,
          0.04278224,  0.        ]],

       [[ 0.        ,  0.15909475,  0.3186259 , ..., -0.96039176,
         -0.95555304, -0.9560048 ],
        [-0.15909475,  0.        ,  0.16376484, ..., -0.90382728,
         -0.89647827, -0.89715786],
        [-0.3186259 , -0.16376484,  0.        , ..., -0.82155052,
         -0.81181309, -0.81270911],
        ...,
        [ 0.96039176,  0.90382728,  0.82155052, ...,  0.        ,
         -0.01687397, -0.01533803],
        [ 0.95555304,  0.89647827,  0.81181309, ...,  0.01687397,
          0.        ,  0.00153614],
        [ 0.9560048 ,  0.89715786,  0.81270911, ...,  0.01533803,
         -0.00153614,  0.        ]]]), 'num': array([8.32695305e-01, 5.53691478e-01, 2.00433784e-05, 1.19262741e-08,
       1.15721206e-04, 1.16718802e-04, 1.14723609e-04, 6.64600519e-03,
       1.66266100e-07, 1.13742639e-04, 1.12869742e-04, 1.21704014e-04,
       5.06299027e-07, 1.18335852e-04, 1.07403632e-04])}
{'img': array([[[ 0.        ,  0.0123789 , -0.00614367, ..., -0.99959583,
         -0.97160456, -0.96867416],
        [-0.0123789 ,  0.        , -0.01852186, ..., -0.99916733,
         -0.97445909, -0.97167406],
        [ 0.00614367,  0.01852186,  0.        , ..., -0.99975162,
         -0.97013256, -0.9671302 ],
        ...,
        [ 0.99959583,  0.99916733,  0.99975162, ...,  0.        ,
          0.26413604,  0.27577255],
        [ 0.97160456,  0.97445909,  0.97013256, ..., -0.26413604,
          0.        ,  0.012085  ],
