state_0,state_1,state_2,state_3,state_4,state_5,state_6,state_7,state_8,state_9,state_10,state_11,state_12,state_13,state_14,state_15,state_16,state_17,state_18,state_19,state_20,state_21,state_22,state_23,state_24,state_25,state_26,state_27,state_28,state_29,state_30,state_31,state_32,state_33,state_34,state_35,state_36,state_37,state_38,state_39,state_40,state_41,state_42,state_43,state_44,state_45,state_46,state_47,state_48,state_49,state_50,state_51,state_52,state_53,state_54,state_55,state_56,state_57,state_58,state_59,state_60,state_61,state_62,state_63,state_64,state_65,state_66,state_67,state_68,state_69,state_70,state_71,state_72,state_73,state_74,state_75,state_76,state_77,state_78,state_79,state_80,state_81,state_82,state_83,state_84,state_85,state_86,state_87,state_88,state_89,state_90,state_91,state_92,state_93,state_94,state_95,state_96,state_97,state_98,state_99,state_100,state_101,state_102,state_103,state_104,state_105,state_106,state_107,state_108,state_109,state_110,state_111,state_112,state_113,state_114,state_115,state_116,state_117,state_118,state_119,state_120,state_121,state_122,state_123,state_124,state_125,state_126,state_127,state_128,state_129,state_130,state_131,state_132,state_133,state_134,state_135,state_136,state_137,state_138,state_139,state_140,state_141,state_142,state_143,state_144,state_145,state_146,state_147,state_148,state_149,state_150,state_151,state_152,state_153,state_154,state_155,state_156,state_157,state_158,state_159,state_160,state_161,state_162,state_163,state_164,state_165,state_166,state_167,state_168,state_169,state_170,state_171,state_172,state_173,state_174,state_175,state_176,state_177,state_178,state_179,state_180,state_181,state_182,state_183,state_184,state_185,state_186,state_187,state_188,state_189,state_190,state_191,state_192,state_193,state_194,state_195,state_196,state_197,state_198,state_199,state_200,state_201,state_202,state_203,state_204,state_205,state_206,state_207,state_208,state_209,state_210,state_211,state_212,state_213,state_214,state_215,state_216,state_217,state_218,state_219,state_220,state_221,state_222,state_223,state_224,state_225,state_226,state_227,state_228,state_229,state_230,state_231,state_232,state_233,state_234,state_235,state_236,state_237,state_238,state_239,state_240,state_241,state_242,state_243,state_244,state_245,state_246,state_247,state_248,state_249,state_250,state_251,state_252,state_253,state_254,state_255,state_256,state_257,state_258,state_259,state_260,state_261,state_262,state_263,state_264,state_265,state_266,state_267,state_268,state_269,state_270,state_271,state_272,state_273,state_274,state_275,state_276,state_277,state_278,state_279,state_280,state_281,state_282,state_283,state_284,state_285,state_286,state_287
{'img': array([[[ 0.        , -0.21950859,  0.03102797, ..., -0.57538354,
         -0.55834005, -0.60583151],
        [ 0.21950859,  0.        ,  0.24967411, ..., -0.38181776,
         -0.36261545, -0.41641613],
        [-0.03102797, -0.24967411,  0.        , ..., -0.60048377,
         -0.5838124 , -0.63022544],
        ...,
        [ 0.57538354,  0.38181776,  0.60048377, ...,  0.        ,
          0.02068797, -0.03772862],
        [ 0.55834005,  0.36261545,  0.5838124 , ..., -0.02068797,
          0.        , -0.05839378],
        [ 0.60583151,  0.41641613,  0.63022544, ...,  0.03772862,
          0.05839378,  0.        ]],

       [[ 0.        , -0.61511689, -0.29340908, ..., -0.84588279,
         -0.58313329, -0.86177881],
        [ 0.61511689,  0.        ,  0.35670948, ..., -0.33884021,
          0.03994325, -0.3674183 ],
        [ 0.29340908, -0.35670948,  0.        , ..., -0.65215768,
         -0.3191092 , -0.67500754],
        ...,
        [ 0.84588279,  0.33884021,  0.65215768, ...,  0.        ,
          0.37615017, -0.03054297],
        [ 0.58313329, -0.03994325,  0.3191092 , ..., -0.37615017,
          0.        , -0.40427453],
        [ 0.86177881,  0.3674183 ,  0.67500754, ...,  0.03054297,
          0.40427453,  0.        ]],

       [[ 0.        , -0.08609171, -0.04562596, ..., -0.63198149,
         -0.59759392, -0.58523152],
        [ 0.08609171,  0.        ,  0.04054549, ..., -0.56291543,
         -0.52634695, -0.51324983],
        [ 0.04562596, -0.04054549,  0.        , ..., -0.59596398,
         -0.56038875, -0.54762551],
        ...,
        [ 0.63198149,  0.56291543,  0.59596398, ...,  0.        ,
          0.04359666,  0.05890769],
        [ 0.59759392,  0.52634695,  0.56038875, ..., -0.04359666,
          0.        ,  0.01533074],
        [ 0.58523152,  0.51324983,  0.54762551, ..., -0.05890769,
         -0.01533074,  0.        ]],

       ...,

       [[ 0.        , -0.26655829,  0.04327399, ...,  0.9998315 ,
          0.98621009,  0.72824447],
        [ 0.26655829,  0.        ,  0.30801687, ...,  0.95876328,
          0.99464275,  0.88457276],
        [-0.04327399, -0.30801687,  0.        , ...,  0.99968927,
          0.97812448,  0.69790587],
        ...,
        [-0.9998315 , -0.95876328, -0.99968927, ...,  0.        ,
         -0.18357384, -0.69857009],
        [-0.98621009, -0.99464275, -0.97812448, ...,  0.18357384,
          0.        , -0.55534381],
        [-0.72824447, -0.88457276, -0.69790587, ...,  0.69857009,
          0.55534381,  0.        ]],

       [[ 0.        , -0.09310523, -0.15975297, ..., -0.96853696,
         -0.98073502, -0.98480346],
        [ 0.09310523,  0.        , -0.06714957, ..., -0.98750098,
         -0.99466241, -0.99669556],
        [ 0.15975297,  0.06714957,  0.        , ..., -0.99585575,
         -0.99934606, -0.99990035],
        ...,
        [ 0.96853696,  0.98750098,  0.99585575, ...,  0.        ,
          0.05487852,  0.07687954],
        [ 0.98073502,  0.99466241,  0.99934606, ..., -0.05487852,
          0.        ,  0.02204758],
        [ 0.98480346,  0.99669556,  0.99990035, ..., -0.07687954,
         -0.02204758,  0.        ]],

       [[ 0.        ,  0.16490186,  0.37034433, ..., -0.98199602,
         -0.99374298, -0.9994841 ],
        [-0.16490186,  0.        ,  0.21209787, ..., -0.93740224,
         -0.96172055, -0.99109737],
        [-0.37034433, -0.21209787,  0.        , ..., -0.8422121 ,
         -0.88171827, -0.94030983],
        ...,
        [ 0.98199602,  0.93740224,  0.8422121 , ...,  0.        ,
          0.07803947,  0.22034334],
        [ 0.99374298,  0.96172055,  0.88171827, ..., -0.07803947,
          0.        ,  0.14354991],
        [ 0.9994841 ,  0.99109737,  0.94030983, ..., -0.22034334,
         -0.14354991,  0.        ]]]), 'num': array([ 7.07103955e-01,  7.07103955e-01,  0.00000000e+00,  0.00000000e+00,
        2.78339039e-04,  2.93688618e-04,  2.76292428e-04,  2.71249580e-03,
       -9.72140026e-06,  2.89697728e-04,  2.66417532e-04,  3.02761925e-04,
        5.40397176e-07,  3.20916682e-04,  2.11918383e-04])}
{'img': array([[[ 0.        ,  0.24967411,  0.33999808, ..., -0.36261545,
         -0.41641613, -0.48961183],
        [-0.24967411,  0.        ,  0.09443025, ..., -0.5838124 ,
         -0.63022544, -0.69180676],
        [-0.33999808, -0.09443025,  0.        , ..., -0.65787046,
         -0.70072607, -0.75690185],
        ...,
        [ 0.36261545,  0.5838124 ,  0.65787046, ...,  0.        ,
         -0.05839378, -0.14010919],
        [ 0.41641613,  0.63022544,  0.70072607, ...,  0.05839378,
          0.        , -0.08205232],
        [ 0.48961183,  0.69180676,  0.75690185, ...,  0.14010919,
          0.08205232,  0.        ]],

       [[ 0.        ,  0.35670948,  0.58183737, ...,  0.03994325,
         -0.3674183 , -0.35874261],
        [-0.35670948,  0.        ,  0.25344776, ..., -0.3191092 ,
         -0.67500754, -0.66810851],
        [-0.58183737, -0.25344776,  0.        , ..., -0.54888698,
         -0.83996442, -0.83487547],
        ...,
        [-0.03994325,  0.3191092 ,  0.54888698, ...,  0.        ,
         -0.40427453, -0.39574081],
        [ 0.3674183 ,  0.67500754,  0.83996442, ...,  0.40427453,
          0.        ,  0.00931101],
        [ 0.35874261,  0.66810851,  0.83487547, ...,  0.39574081,
         -0.00931101,  0.        ]],

       [[ 0.        ,  0.04054549,  0.11512728, ..., -0.52634695,
         -0.51324983, -0.53450768],
        [-0.04054549,  0.        ,  0.07475671, ..., -0.56038875,
         -0.54762551, -0.56833572],
        [-0.11512728, -0.07475671,  0.        , ..., -0.6207364 ,
         -0.60864385, -0.62825499],
        ...,
        [ 0.52634695,  0.56038875,  0.6207364 , ...,  0.        ,
          0.01533074, -0.00962649],
        [ 0.51324983,  0.54762551,  0.60864385, ..., -0.01533074,
          0.        , -0.02495538],
        [ 0.53450768,  0.56833572,  0.62825499, ...,  0.00962649,
          0.02495538,  0.        ]],

       ...,

       [[ 0.        ,  0.30801687,  0.39113322, ...,  0.99464275,
          0.88457276,  0.53347439],
        [-0.30801687,  0.        ,  0.08863825, ...,  0.97812448,
          0.69790587,  0.24701168],
        [-0.39113322, -0.08863825,  0.        , ...,  0.9558359 ,
          0.63167705,  0.16014784],
        ...,
        [-0.99464275, -0.97812448, -0.9558359 , ...,  0.        ,
         -0.55534381, -0.89643138],
        [-0.88457276, -0.69790587, -0.63167705, ...,  0.55534381,
          0.        , -0.49937234],
        [-0.53347439, -0.24701168, -0.16014784, ...,  0.89643138,
          0.49937234,  0.        ]],

       [[ 0.        , -0.06714957, -0.06375634, ..., -0.99466241,
         -0.99669556, -0.99570656],
        [ 0.06714957,  0.        ,  0.00340051, ..., -0.99934606,
         -0.99990035, -0.99967493],
        [ 0.06375634, -0.00340051,  0.        , ..., -0.99921732,
         -0.99984657, -0.99958245],
        ...,
        [ 0.99466241,  0.99934606,  0.99921732, ...,  0.        ,
          0.02204758,  0.01066791],
        [ 0.99669556,  0.99990035,  0.99984657, ..., -0.02204758,
          0.        , -0.01138101],
        [ 0.99570656,  0.99967493,  0.99958245, ..., -0.01066791,
          0.01138101,  0.        ]],

       [[ 0.        ,  0.21209787,  0.22168021, ..., -0.96172055,
         -0.99109737, -0.99941391],
        [-0.21209787,  0.        ,  0.00981588, ..., -0.88171827,
         -0.94030983, -0.98393621],
        [-0.22168021, -0.00981588,  0.        , ..., -0.8770449 ,
         -0.936924  , -0.98213647],
        ...,
        [ 0.96172055,  0.88171827,  0.8770449 , ...,  0.        ,
          0.14354991,  0.30679308],
        [ 0.99109737,  0.94030983,  0.936924  , ..., -0.14354991,
          0.        ,  0.16698825],
        [ 0.99941391,  0.98393621,  0.98213647, ..., -0.30679308,
         -0.16698825,  0.        ]]]), 'num': array([ 9.99997128e-01,  3.15525564e-05,  3.65618126e-05, -2.04313193e-10,
        3.93687234e-04,  3.99445000e-04,  3.87929469e-04,  2.11966389e-03,
        2.15916216e-06,  4.03475436e-04,  3.79472750e-04,  4.24383323e-04,
        6.69294428e-07,  4.48204948e-04,  3.10740552e-04])}
{'img': array([[[ 0.        ,  0.09443025,  0.07854749, ..., -0.63022544,
         -0.69180676, -0.68219858],
        [-0.09443025,  0.        , -0.015942  , ..., -0.70072607,
         -0.75690185, -0.74819444],
        [-0.07854749,  0.015942  ,  0.        , ..., -0.68926351,
         -0.74638711, -0.73752217],
        ...,
        [ 0.63022544,  0.70072607,  0.68926351, ...,  0.        ,
         -0.08205232, -0.06886729],
        [ 0.69180676,  0.75690185,  0.74638711, ...,  0.08205232,
          0.        ,  0.01322244],
        [ 0.68219858,  0.74819444,  0.73752217, ...,  0.06886729,
         -0.01322244,  0.        ]],

       [[ 0.        ,  0.2514031 ,  0.74576046, ..., -0.65406041,
         -0.64795788, -0.82707616],
        [-0.2514031 ,  0.        ,  0.55432017, ..., -0.82322556,
         -0.81863483, -0.94182366],
        [-0.74576046, -0.55432017,  0.        , ..., -0.99986909,
         -0.9997067 , -0.97019427],
        ...,
        [ 0.65406041,  0.82322556,  0.99986909, ...,  0.        ,
          0.00803946, -0.25799467],
        [ 0.64795788,  0.81863483,  0.9997067 , ..., -0.00803946,
          0.        , -0.26575364],
        [ 0.82707616,  0.94182366,  0.97019427, ...,  0.25799467,
          0.26575364,  0.        ]],

       [[ 0.        ,  0.07475671,  0.15959262, ..., -0.54762551,
         -0.56833572, -0.59046184],
        [-0.07475671,  0.        ,  0.08534749, ..., -0.60864385,
         -0.62825499, -0.64914318],
        [-0.15959262, -0.08534749,  0.        , ..., -0.67414148,
         -0.69236363, -0.71169557],
        ...,
        [ 0.54762551,  0.60864385,  0.67414148, ...,  0.        ,
         -0.02495538, -0.05208363],
        [ 0.56833572,  0.62825499,  0.69236363, ...,  0.02495538,
          0.        , -0.0271459 ],
        [ 0.59046184,  0.64914318,  0.71169557, ...,  0.05208363,
          0.0271459 ,  0.        ]],

       ...,

       [[ 0.        ,  0.08863825,  0.10440384, ...,  0.69790587,
          0.24701168,  0.07801513],
        [-0.08863825,  0.        ,  0.01583905, ...,  0.63167705,
          0.16014784, -0.01066004],
        [-0.10440384, -0.01583905,  0.        , ...,  0.61931887,
          0.14449313, -0.02649685],
        ...,
        [-0.69790587, -0.63167705, -0.61931887, ...,  0.        ,
         -0.49937234, -0.63990515],
        [-0.24701168, -0.16014784, -0.14449313, ...,  0.49937234,
          0.        , -0.17066119],
        [-0.07801513,  0.01066004,  0.02649685, ...,  0.63990515,
          0.17066119,  0.        ]],

       [[ 0.        ,  0.00340051, -0.16477789, ..., -0.99990035,
         -0.99967493, -0.9985217 ],
        [-0.00340051,  0.        , -0.16813096, ..., -0.99984657,
         -0.99958245, -0.9983311 ],
        [ 0.16477789,  0.16813096,  0.        , ..., -0.98855854,
         -0.9902112 , -0.99382902],
        ...,
        [ 0.99990035,  0.99984657,  0.98855854, ...,  0.        ,
         -0.01138101, -0.04025313],
        [ 0.99967493,  0.99958245,  0.9902112 , ...,  0.01138101,
          0.        , -0.02887874],
        [ 0.9985217 ,  0.9983311 ,  0.99382902, ...,  0.04025313,
          0.02887874,  0.        ]],

       [[ 0.        ,  0.00981588,  0.11052201, ..., -0.94030983,
         -0.98393621, -0.99997994],
        [-0.00981588,  0.        ,  0.10076094, ..., -0.936924  ,
         -0.98213647, -0.9998696 ],
        [-0.11052201, -0.10076094,  0.        , ..., -0.89693639,
         -0.95817786, -0.99315376],
        ...,
        [ 0.94030983,  0.936924  ,  0.89693639, ...,  0.        ,
          0.16698825,  0.33435739],
        [ 0.98393621,  0.98213647,  0.95817786, ..., -0.16698825,
          0.        ,  0.17228517],
        [ 0.99997994,  0.9998696 ,  0.99315376, ..., -0.33435739,
         -0.17228517,  0.        ]]]), 'num': array([9.84342697e-01, 1.76239590e-01, 2.94928141e-05, 7.18281685e-09,
       3.87765407e-04, 3.94841418e-04, 3.76443789e-04, 2.80208623e-03,
       7.07601107e-07, 3.93284695e-04, 3.77045250e-04, 4.14996256e-04,
       6.43273734e-07, 4.37978334e-04, 3.16112166e-04])}
{'img': array([[[ 0.00000000e+00, -1.59420016e-02,  5.64696835e-02, ...,
         -7.56901853e-01, -7.48194442e-01, -7.45277934e-01],
        [ 1.59420016e-02,  0.00000000e+00,  7.23790704e-02, ...,
         -7.46387111e-01, -7.37522169e-01, -7.34553831e-01],
        [-5.64696835e-02, -7.23790704e-02,  0.00000000e+00, ...,
         -7.92598627e-01, -7.84467038e-01, -7.81740088e-01],
        ...,
        [ 7.56901853e-01,  7.46387111e-01,  7.92598627e-01, ...,
          0.00000000e+00,  1.32224406e-02,  1.76068654e-02],
        [ 7.48194442e-01,  7.37522169e-01,  7.84467038e-01, ...,
         -1.32224406e-02,  0.00000000e+00,  4.38493526e-03],
        [ 7.45277934e-01,  7.34553831e-01,  7.81740088e-01, ...,
         -1.76068654e-02, -4.38493526e-03,  0.00000000e+00]],

       [[ 0.00000000e+00,  5.54320168e-01, -2.95248800e-01, ...,
         -8.18634831e-01, -9.41823658e-01, -8.68312854e-01],
        [-5.54320168e-01,  0.00000000e+00, -7.75345414e-01, ...,
         -9.99706699e-01, -9.70194268e-01, -9.97652030e-01],
        [ 2.95248800e-01,  7.75345414e-01,  0.00000000e+00, ...,
         -6.12574787e-01, -8.00602227e-01, -6.83155415e-01],
        ...,
        [ 8.18634831e-01,  9.99706699e-01,  6.12574787e-01, ...,
          0.00000000e+00, -2.65753636e-01, -9.26278328e-02],
        [ 9.41823658e-01,  9.70194268e-01,  8.00602227e-01, ...,
          2.65753636e-01,  0.00000000e+00,  1.75314082e-01],
        [ 8.68312854e-01,  9.97652030e-01,  6.83155415e-01, ...,
          9.26278328e-02, -1.75314082e-01,  0.00000000e+00]],

       [[ 0.00000000e+00,  8.53474891e-02,  1.30429685e-01, ...,
         -6.28254989e-01, -6.49143179e-01, -6.66850397e-01],
        [-8.53474891e-02,  0.00000000e+00,  4.53353655e-02, ...,
         -6.92363628e-01, -7.11695570e-01, -7.28017457e-01],
        [-1.30429685e-01, -4.53353655e-02,  0.00000000e+00, ...,
         -7.24363433e-01, -7.42811372e-01, -7.58348976e-01],
        ...,
        [ 6.28254989e-01,  6.92363628e-01,  7.24363433e-01, ...,
          0.00000000e+00, -2.71458996e-02, -5.06442573e-02],
        [ 6.49143179e-01,  7.11695570e-01,  7.42811372e-01, ...,
          2.71458996e-02,  0.00000000e+00, -2.35145292e-02],
        [ 6.66850397e-01,  7.28017457e-01,  7.58348976e-01, ...,
          5.06442573e-02,  2.35145292e-02,  0.00000000e+00]],

       ...,

       [[ 0.00000000e+00,  1.58390543e-02,  1.60046481e-01, ...,
          1.60147841e-01, -1.06600369e-02, -3.85433181e-02],
        [-1.58390543e-02,  0.00000000e+00,  1.44391523e-01, ...,
          1.44493131e-01, -2.64968539e-02, -5.43657678e-02],
        [-1.60046481e-01, -1.44391523e-01,  0.00000000e+00, ...,
          1.02684721e-04, -1.70560010e-01, -1.97974030e-01],
        ...,
        [-1.60147841e-01, -1.44493131e-01, -1.02684721e-04, ...,
          0.00000000e+00, -1.70661190e-01, -1.98074681e-01],
        [ 1.06600369e-02,  2.64968539e-02,  1.70560010e-01, ...,
          1.70661190e-01,  0.00000000e+00, -2.78890124e-02],
        [ 3.85433181e-02,  5.43657678e-02,  1.97974030e-01, ...,
          1.98074681e-01,  2.78890124e-02,  0.00000000e+00]],

       [[ 0.00000000e+00, -1.68130962e-01, -2.50528818e-01, ...,
         -9.99582453e-01, -9.98331099e-01, -9.96572268e-01],
        [ 1.68130962e-01,  0.00000000e+00, -8.41933362e-02, ...,
         -9.90211205e-01, -9.93829021e-01, -9.96294658e-01],
        [ 2.50528818e-01,  8.41933362e-02,  0.00000000e+00, ...,
         -9.74943935e-01, -9.80961404e-01, -9.85516158e-01],
        ...,
        [ 9.99582453e-01,  9.90211205e-01,  9.74943935e-01, ...,
          0.00000000e+00, -2.88787402e-02, -5.38962758e-02],
        [ 9.98331099e-01,  9.93829021e-01,  9.80961404e-01, ...,
          2.88787402e-02,  0.00000000e+00, -2.50370308e-02],
        [ 9.96572268e-01,  9.96294658e-01,  9.85516158e-01, ...,
          5.38962758e-02,  2.50370308e-02,  0.00000000e+00]],

       [[ 0.00000000e+00,  1.00760939e-01,  1.63322486e-01, ...,
         -9.82136470e-01, -9.99869600e-01, -9.93376790e-01],
        [-1.00760939e-01,  0.00000000e+00,  6.30832879e-02, ...,
         -9.58177862e-01, -9.93153763e-01, -9.99898834e-01],
        [-1.63322486e-01, -6.30832879e-02,  0.00000000e+00, ...,
         -9.38216671e-01, -9.83806629e-01, -9.98804598e-01],
        ...,
        [ 9.82136470e-01,  9.58177862e-01,  9.38216671e-01, ...,
          0.00000000e+00,  1.72285172e-01,  2.99773526e-01],
        [ 9.99869600e-01,  9.93153763e-01,  9.83806629e-01, ...,
         -1.72285172e-01,  0.00000000e+00,  1.30929202e-01],
        [ 9.93376790e-01,  9.99898834e-01,  9.98804598e-01, ...,
         -2.99773526e-01, -1.30929202e-01,  0.00000000e+00]]]), 'num': array([9.88992582e-01, 1.47894830e-01, 2.95122018e-05, 9.04886205e-09,
       3.91937443e-04, 3.94687881e-04, 3.75434814e-04, 4.42896186e-03,
       1.51274101e-05, 3.81210734e-04, 3.71652961e-04, 4.01071190e-04,
       8.37881834e-07, 4.19157774e-04, 3.24148148e-04])}
{'img': array([[[ 0.        ,  0.07237907,  0.21822791, ..., -0.73752217,
         -0.73455383, -0.66766173],
        [-0.07237907,  0.        ,  0.14702096, ..., -0.78446704,
         -0.78174009, -0.71979426],
        [-0.21822791, -0.14702096,  0.        , ..., -0.8671206 ,
         -0.86492813, -0.81403263],
        ...,
        [ 0.73752217,  0.78446704,  0.8671206 , ...,  0.        ,
          0.00438494,  0.098172  ],
        [ 0.73455383,  0.78174009,  0.86492813, ..., -0.00438494,
          0.        ,  0.09380731],
        [ 0.66766173,  0.71979426,  0.81403263, ..., -0.098172  ,
         -0.09380731,  0.        ]],

       [[ 0.        , -0.77534541, -0.26143198, ..., -0.97019427,
         -0.99765203, -0.99652777],
        [ 0.77534541,  0.        ,  0.5832763 , ..., -0.80060223,
         -0.68315541, -0.56478847],
        [ 0.26143198, -0.5832763 ,  0.        , ..., -0.99980517,
         -0.9808602 , -0.94010332],
        ...,
        [ 0.97019427,  0.80060223,  0.99980517, ...,  0.        ,
          0.17531408,  0.32226646],
        [ 0.99765203,  0.68315541,  0.9808602 , ..., -0.17531408,
          0.        ,  0.15131447],
        [ 0.99652777,  0.56478847,  0.94010332, ..., -0.32226646,
         -0.15131447,  0.        ]],

       [[ 0.        ,  0.04533537,  0.18808255, ..., -0.71169557,
         -0.72801746, -0.73273376],
        [-0.04533537,  0.        ,  0.14336289, ..., -0.74281137,
         -0.75834898, -0.76283179],
        [-0.18808255, -0.14336289,  0.        , ..., -0.83111983,
         -0.8439663 , -0.8476499 ],
        ...,
        [ 0.71169557,  0.74281137,  0.83111983, ...,  0.        ,
         -0.02351453, -0.03041687],
        [ 0.72801746,  0.75834898,  0.8439663 , ...,  0.02351453,
          0.        , -0.00690482],
        [ 0.73273376,  0.76283179,  0.8476499 , ...,  0.03041687,
          0.00690482,  0.        ]],

       ...,

       [[ 0.        ,  0.14439152,  0.22256041, ..., -0.02649685,
         -0.05436577,  0.37061516],
        [-0.14439152,  0.        ,  0.07945809, ..., -0.17056001,
         -0.19797403,  0.23262245],
        [-0.22256041, -0.07945809,  0.        , ..., -0.24831455,
         -0.27523347,  0.15460862],
        ...,
        [ 0.02649685,  0.17056001,  0.24831455, ...,  0.        ,
         -0.02788901,  0.39509496],
        [ 0.05436577,  0.19797403,  0.27523347, ...,  0.02788901,
          0.        ,  0.42056125],
        [-0.37061516, -0.23262245, -0.15460862, ..., -0.39509496,
         -0.42056125,  0.        ]],

       [[ 0.        , -0.08419334, -0.11372019, ..., -0.99382902,
         -0.99629466, -0.99976811],
        [ 0.08419334,  0.        , -0.02966926, ..., -0.9809614 ,
         -0.98551616, -0.99440533],
        [ 0.11372019,  0.02966926,  0.        , ..., -0.9747677 ,
         -0.98005095, -0.99083356],
        ...,
        [ 0.99382902,  0.9809614 ,  0.9747677 , ...,  0.        ,
         -0.02503703, -0.08949577],
        [ 0.99629466,  0.98551616,  0.98005095, ...,  0.02503703,
          0.        , -0.06453116],
        [ 0.99976811,  0.99440533,  0.99083356, ...,  0.08949577,
          0.06453116,  0.        ]],

       [[ 0.        ,  0.06308329,  0.09487868, ..., -0.99315376,
         -0.99989883, -0.97758576],
        [-0.06308329,  0.        ,  0.031891  , ..., -0.98380663,
         -0.9988046 , -0.98892007],
        [-0.09487868, -0.031891  ,  0.        , ..., -0.9775903 ,
         -0.99673769, -0.99315124],
        ...,
        [ 0.99315376,  0.98380663,  0.9775903 , ...,  0.        ,
          0.1309292 ,  0.32329232],
        [ 0.99989883,  0.9988046 ,  0.99673769, ..., -0.1309292 ,
          0.        ,  0.19661113],
        [ 0.97758576,  0.98892007,  0.99315124, ..., -0.32329232,
         -0.19661113,  0.        ]]]), 'num': array([9.97883717e-01, 6.31344287e-02, 3.07989863e-05, 5.32896456e-08,
       3.97089735e-04, 4.02977391e-04, 3.70268188e-04, 1.55242853e-02,
       2.42048108e-05, 3.68436472e-04, 3.59376023e-04, 3.79928306e-04,
       9.53556451e-07, 3.94617727e-04, 3.24134318e-04])}
{'img': array([[[ 0.00000000e+00,  1.47020965e-01,  2.71750386e-01, ...,
         -7.81740088e-01, -7.19794257e-01, -6.08116238e-01],
        [-1.47020965e-01,  0.00000000e+00,  1.27309138e-01, ...,
         -8.64928132e-01, -8.14032634e-01, -7.18220366e-01],
        [-2.71750386e-01, -1.27309138e-01,  0.00000000e+00, ...,
         -9.21786200e-01, -8.81352505e-01, -8.00959968e-01],
        ...,
        [ 7.81740088e-01,  8.64928132e-01,  9.21786200e-01, ...,
          0.00000000e+00,  9.38073070e-02,  2.41358848e-01],
        [ 7.19794257e-01,  8.14032634e-01,  8.81352505e-01, ...,
         -9.38073070e-02,  0.00000000e+00,  1.49260563e-01],
        [ 6.08116238e-01,  7.18220366e-01,  8.00959968e-01, ...,
         -2.41358848e-01, -1.49260563e-01,  0.00000000e+00]],

       [[ 0.00000000e+00,  5.83276305e-01,  6.92485730e-01, ...,
         -6.83155415e-01, -5.64788465e-01, -1.08871450e-01],
        [-5.83276305e-01,  0.00000000e+00,  1.41694085e-01, ...,
         -9.80860203e-01, -9.40103322e-01, -6.68242644e-01],
        [-6.92485730e-01, -1.41694085e-01,  0.00000000e+00, ...,
         -9.98553528e-01, -9.78920189e-01, -7.66912783e-01],
        ...,
        [ 6.83155415e-01,  9.80860203e-01,  9.98553528e-01, ...,
          0.00000000e+00,  1.51314472e-01,  5.99588746e-01],
        [ 5.64788465e-01,  9.40103322e-01,  9.78920189e-01, ...,
         -1.51314472e-01,  0.00000000e+00,  4.71586662e-01],
        [ 1.08871450e-01,  6.68242644e-01,  7.66912783e-01, ...,
         -5.99588746e-01, -4.71586662e-01,  0.00000000e+00]],

       [[ 0.00000000e+00,  1.43362888e-01,  2.54715937e-01, ...,
         -7.58348976e-01, -7.62831794e-01, -7.34288578e-01],
        [-1.43362888e-01,  0.00000000e+00,  1.13450574e-01, ...,
         -8.43966298e-01, -8.47649896e-01, -8.24023613e-01],
        [-2.54715937e-01, -1.13450574e-01,  0.00000000e+00, ...,
         -8.99371806e-01, -9.02369045e-01, -8.82979463e-01],
        ...,
        [ 7.58348976e-01,  8.43966298e-01,  8.99371806e-01, ...,
          0.00000000e+00, -6.90481538e-03,  3.61505727e-02],
        [ 7.62831794e-01,  8.47649896e-01,  9.02369045e-01, ...,
          6.90481538e-03,  0.00000000e+00,  4.30500130e-02],
        [ 7.34288578e-01,  8.24023613e-01,  8.82979463e-01, ...,
         -3.61505727e-02, -4.30500130e-02,  0.00000000e+00]],

       ...,

       [[ 0.00000000e+00,  7.94580897e-02,  7.76883644e-04, ...,
         -1.97974030e-01,  2.32622453e-01,  6.15580899e-01],
        [-7.94580897e-02,  0.00000000e+00, -7.86836384e-02, ...,
         -2.75233474e-01,  1.54608624e-01,  5.51015729e-01],
        [-7.76883644e-04,  7.86836384e-02,  0.00000000e+00, ...,
         -1.98735477e-01,  2.31866811e-01,  6.14968472e-01],
        ...,
        [ 1.97974030e-01,  2.75233474e-01,  1.98735477e-01, ...,
          0.00000000e+00,  4.20561250e-01,  7.59414996e-01],
        [-2.32622453e-01, -1.54608624e-01, -2.31866811e-01, ...,
         -4.20561250e-01,  0.00000000e+00,  4.15370102e-01],
        [-6.15580899e-01, -5.51015729e-01, -6.14968472e-01, ...,
         -7.59414996e-01, -4.15370102e-01,  0.00000000e+00]],

       [[ 0.00000000e+00, -2.96692625e-02, -1.47686915e-01, ...,
         -9.85516158e-01, -9.94405333e-01, -9.98231244e-01],
        [ 2.96692625e-02,  0.00000000e+00, -1.18277985e-01, ...,
         -9.80050945e-01, -9.90833555e-01, -9.96027935e-01],
        [ 1.47686915e-01,  1.18277985e-01,  0.00000000e+00, ...,
         -9.49664172e-01, -9.67900442e-01, -9.78504715e-01],
        ...,
        [ 9.85516158e-01,  9.80050945e-01,  9.49664172e-01, ...,
          0.00000000e+00, -6.45311564e-02, -1.10691996e-01],
        [ 9.94405333e-01,  9.90833555e-01,  9.67900442e-01, ...,
          6.45311564e-02,  0.00000000e+00, -4.63266831e-02],
        [ 9.98231244e-01,  9.96027935e-01,  9.78504715e-01, ...,
          1.10691996e-01,  4.63266831e-02,  0.00000000e+00]],

       [[ 0.00000000e+00,  3.18909969e-02,  4.47391975e-01, ...,
         -9.98804598e-01, -9.88920070e-01, -9.45973924e-01],
        [-3.18909969e-02,  0.00000000e+00,  4.18643080e-01, ...,
         -9.96737688e-01, -9.93151244e-01, -9.55833180e-01],
        [-4.47391975e-01, -4.18643080e-01,  0.00000000e+00, ...,
         -8.71399816e-01, -9.50843652e-01, -9.91083994e-01],
        ...,
        [ 9.98804598e-01,  9.96737688e-01,  8.71399816e-01, ...,
          0.00000000e+00,  1.96611135e-01,  3.70095479e-01],
        [ 9.88920070e-01,  9.93151244e-01,  9.50843652e-01, ...,
         -1.96611135e-01,  0.00000000e+00,  1.80221277e-01],
        [ 9.45973924e-01,  9.55833180e-01,  9.91083994e-01, ...,
         -3.70095479e-01, -1.80221277e-01,  0.00000000e+00]]]), 'num': array([8.22637702e-01, 5.68526760e-01, 8.21036969e-06, 1.10123126e-07,
       3.32171166e-04, 3.32707791e-04, 3.19828780e-04, 6.61442408e-03,
       6.43950564e-06, 3.10276847e-04, 2.98524749e-04, 3.10250016e-04,
       8.54962613e-07, 3.26497507e-04, 2.70551991e-04])}
{'img': array([[[ 0.        ,  0.12730914,  0.86657248, ..., -0.81403263,
         -0.71822037, -0.6846853 ],
        [-0.12730914,  0.        ,  0.79598747, ..., -0.8813525 ,
         -0.80095997, -0.77190192],
        [-0.86657248, -0.79598747,  0.        , ..., -0.90956587,
         -0.96140351, -0.97328472],
        ...,
        [ 0.81403263,  0.8813525 ,  0.90956587, ...,  0.        ,
          0.14926056,  0.19562027],
        [ 0.71822037,  0.80095997,  0.96140351, ..., -0.14926056,
          0.        ,  0.04705211],
        [ 0.6846853 ,  0.77190192,  0.97328472, ..., -0.19562027,
         -0.04705211,  0.        ]],

       [[ 0.        ,  0.14169408,  0.68501411, ..., -0.94010332,
         -0.66824264, -0.8464981 ],
        [-0.14169408,  0.        ,  0.57487429, ..., -0.97892019,
         -0.76691278, -0.91339411],
        [-0.68501411, -0.57487429,  0.        , ..., -0.9184075 ,
         -0.9964464 , -0.98139495],
        ...,
        [ 0.94010332,  0.97892019,  0.9184075 , ...,  0.        ,
          0.47158666,  0.21194081],
        [ 0.66824264,  0.76691278,  0.9964464 , ..., -0.47158666,
          0.        , -0.27397981],
        [ 0.8464981 ,  0.91339411,  0.98139495, ..., -0.21194081,
          0.27397981,  0.        ]],

       [[ 0.        ,  0.11345057,  0.34578197, ..., -0.8476499 ,
         -0.82402361, -0.78127307],
        [-0.11345057,  0.        ,  0.23709711, ..., -0.90236905,
         -0.88297946, -0.84704354],
        [-0.34578197, -0.23709711,  0.        , ..., -0.97881921,
         -0.96909829, -0.94891359],
        ...,
        [ 0.8476499 ,  0.90236905,  0.97881921, ...,  0.        ,
          0.04305001,  0.11458496],
        [ 0.82402361,  0.88297946,  0.96909829, ..., -0.04305001,
          0.        ,  0.07171227],
        [ 0.78127307,  0.84704354,  0.94891359, ..., -0.11458496,
         -0.07171227,  0.        ]],

       ...,

       [[ 0.        , -0.07868364,  0.28619524, ...,  0.15460862,
          0.55101573,  0.86954049],
        [ 0.07868364,  0.        ,  0.36070034, ...,  0.23186681,
          0.61496847,  0.90570343],
        [-0.28619524, -0.36070034,  0.        , ..., -0.13461242,
          0.28913902,  0.69182791],
        ...,
        [-0.15460862, -0.23186681,  0.13461242, ...,  0.        ,
          0.4153701 ,  0.78272969],
        [-0.55101573, -0.61496847, -0.28913902, ..., -0.4153701 ,
          0.        ,  0.45350152],
        [-0.86954049, -0.90570343, -0.69182791, ..., -0.78272969,
         -0.45350152,  0.        ]],

       [[ 0.        , -0.11827799,  0.08911367, ..., -0.99083356,
         -0.99602794, -0.99191779],
        [ 0.11827799,  0.        ,  0.20629555, ..., -0.96790044,
         -0.97850472, -0.96994767],
        [-0.08911367, -0.20629555,  0.        , ..., -0.99892971,
         -1.        , -0.99927835],
        ...,
        [ 0.99083356,  0.96790044,  0.99892971, ...,  0.        ,
         -0.04632668, -0.00827739],
        [ 0.99602794,  0.97850472,  1.        , ...,  0.04632668,
          0.        ,  0.0380566 ],
        [ 0.99191779,  0.96994767,  0.99927835, ...,  0.00827739,
         -0.0380566 ,  0.        ]],

       [[ 0.        ,  0.41864308, -0.13238096, ..., -0.99315124,
         -0.95583318, -0.93505044],
        [-0.41864308,  0.        , -0.53518045, ..., -0.95084365,
         -0.99108399, -0.99758198],
        [ 0.13238096,  0.53518045,  0.        , ..., -0.9689436 ,
         -0.90851276, -0.87988999],
        ...,
        [ 0.99315124,  0.95084365,  0.9689436 , ...,  0.        ,
          0.18022128,  0.24283933],
        [ 0.95583318,  0.99108399,  0.90851276, ..., -0.18022128,
          0.        ,  0.06403648],
        [ 0.93505044,  0.99758198,  0.87988999, ..., -0.24283933,
         -0.06403648,  0.        ]]]), 'num': array([ 9.99990786e-01,  1.27773042e-04,  3.35524501e-05,  1.47897460e-07,
        4.03821895e-04,  4.16695412e-04,  4.02466788e-04,  4.14345656e-03,
       -1.55837309e-05,  3.98401467e-04,  3.79023437e-04,  3.89299665e-04,
        9.34310637e-07,  4.15476571e-04,  3.42570302e-04])}
{'img': array([[[ 0.        ,  0.79598747,  0.2478022 , ..., -0.80095997,
         -0.77190192, -0.82635596],
        [-0.79598747,  0.        , -0.62116323, ..., -0.96140351,
         -0.97328472, -0.94846295],
        [-0.2478022 ,  0.62116323,  0.        , ..., -0.92434216,
         -0.90536497, -0.9401318 ],
        ...,
        [ 0.80095997,  0.96140351,  0.92434216, ...,  0.        ,
          0.04705211, -0.04369499],
        [ 0.77190192,  0.97328472,  0.90536497, ..., -0.04705211,
          0.        , -0.09065376],
        [ 0.82635596,  0.94846295,  0.9401318 , ...,  0.04369499,
          0.09065376,  0.        ]],

       [[ 0.        ,  0.57487429,  0.38484557, ..., -0.76691278,
         -0.91339411, -0.98202379],
        [-0.57487429,  0.        , -0.21570133, ..., -0.9964464 ,
         -0.98139495, -0.9120445 ],
        [-0.38484557,  0.21570133,  0.        , ..., -0.95482107,
         -0.99970694, -0.97903164],
        ...,
        [ 0.76691278,  0.9964464 ,  0.95482107, ...,  0.        ,
         -0.27397981, -0.4854548 ],
        [ 0.91339411,  0.98139495,  0.99970694, ...,  0.27397981,
          0.        , -0.22734902],
        [ 0.98202379,  0.9120445 ,  0.97903164, ...,  0.4854548 ,
          0.22734902,  0.        ]],

       [[ 0.        ,  0.23709711,  0.45682641, ..., -0.88297946,
         -0.84704354, -0.82171149],
        [-0.23709711,  0.        ,  0.23288932, ..., -0.96909829,
         -0.94891359, -0.93340369],
        [-0.45682641, -0.23288932,  0.        , ..., -0.99989918,
         -0.99630652, -0.99130533],
        ...,
        [ 0.88297946,  0.96909829,  0.99989918, ...,  0.        ,
          0.07171227,  0.11749234],
        [ 0.84704354,  0.94891359,  0.99630652, ..., -0.07171227,
          0.        ,  0.04597426],
        [ 0.82171149,  0.93340369,  0.99130533, ..., -0.11749234,
         -0.04597426,  0.        ]],

       ...,

       [[ 0.        ,  0.36070034,  0.39276347, ...,  0.61496847,
          0.90570343,  0.48113548],
        [-0.36070034,  0.        ,  0.03460904, ...,  0.28913902,
          0.69182791,  0.13253969],
        [-0.39276347, -0.03460904,  0.        , ...,  0.25583501,
          0.66642356,  0.09815658],
        ...,
        [-0.61496847, -0.28913902, -0.25583501, ...,  0.        ,
          0.45350152, -0.15970961],
        [-0.90570343, -0.69182791, -0.66642356, ..., -0.45350152,
          0.        , -0.59002246],
        [-0.48113548, -0.13253969, -0.09815658, ...,  0.15970961,
          0.59002246,  0.        ]],

       [[ 0.        ,  0.20629555,  0.30800377, ..., -0.97850472,
         -0.96994767, -0.96121445],
        [-0.20629555,  0.        ,  0.10511201, ..., -1.        ,
         -0.99927835, -0.99743521],
        [-0.30800377, -0.10511201,  0.        , ..., -0.99445275,
         -0.99773531, -0.99943322],
        ...,
        [ 0.97850472,  1.        ,  0.99445275, ...,  0.        ,
          0.0380566 ,  0.07164769],
        [ 0.96994767,  0.99927835,  0.99773531, ..., -0.0380566 ,
          0.        ,  0.033637  ],
        [ 0.96121445,  0.99743521,  0.99943322, ..., -0.07164769,
         -0.033637  ,  0.        ]],

       [[ 0.        , -0.53518045, -0.60335594, ..., -0.99108399,
         -0.99758198, -0.99825533],
        [ 0.53518045,  0.        , -0.08288612, ..., -0.90851276,
         -0.87988999, -0.87486363],
        [ 0.60335594,  0.08288612,  0.        , ..., -0.87075203,
         -0.83747669, -0.83170576],
        ...,
        [ 0.99108399,  0.90851276,  0.87075203, ...,  0.        ,
          0.06403648,  0.07448769],
        [ 0.99758198,  0.87988999,  0.83747669, ..., -0.06403648,
          0.        ,  0.01047623],
        [ 0.99825533,  0.87486363,  0.83170576, ..., -0.07448769,
         -0.01047623,  0.        ]]]), 'num': array([ 7.07790608e-01,  7.06416674e-01,  4.80396605e-08,  6.35892156e-08,
        2.74786858e-04,  2.86316376e-04,  2.72384875e-04,  2.70772664e-03,
       -1.15295185e-05,  2.84779107e-04,  2.69070138e-04,  2.73882111e-04,
        5.73677499e-07,  2.95046938e-04,  2.43093339e-04])}
{'img': array([[[ 0.        , -0.62116323, -0.83372349, ..., -0.97328472,
         -0.94846295, -0.91299549],
        [ 0.62116323,  0.        , -0.31037818, ..., -0.90536497,
         -0.9401318 , -0.96891316],
        [ 0.83372349,  0.31037818,  0.        , ..., -0.72885464,
         -0.78792133, -0.8442737 ],
        ...,
        [ 0.97328472,  0.90536497,  0.72885464, ...,  0.        ,
         -0.09065376, -0.18744546],
        [ 0.94846295,  0.9401318 ,  0.78792133, ...,  0.09065376,
          0.        , -0.09762673],
        [ 0.91299549,  0.96891316,  0.8442737 , ...,  0.18744546,
          0.09762673,  0.        ]],

       [[ 0.        , -0.21570133,  0.7419094 , ..., -0.98139495,
         -0.9120445 , -0.90162379],
        [ 0.21570133,  0.        ,  0.86907217, ..., -0.99970694,
         -0.97903164, -0.9736944 ],
        [-0.7419094 , -0.86907217,  0.        , ..., -0.51557893,
         -0.30727543, -0.28364739],
        ...,
        [ 0.98139495,  0.99970694,  0.51557893, ...,  0.        ,
         -0.22734902, -0.25136239],
        [ 0.9120445 ,  0.97903164,  0.30727543, ...,  0.22734902,
          0.        , -0.02473051],
        [ 0.90162379,  0.9736944 ,  0.28364739, ...,  0.25136239,
          0.02473051,  0.        ]],

       [[ 0.        ,  0.23288932,  0.36375198, ..., -0.94891359,
         -0.93340369, -0.92516567],
        [-0.23288932,  0.        ,  0.13681456, ..., -0.99630652,
         -0.99130533, -0.98812291],
        [-0.36375198, -0.13681456,  0.        , ..., -0.99868592,
         -0.99998606, -0.99985496],
        ...,
        [ 0.94891359,  0.99630652,  0.99868592, ...,  0.        ,
          0.04597426,  0.06824989],
        [ 0.93340369,  0.99130533,  0.99998606, ..., -0.04597426,
          0.        ,  0.02231066],
        [ 0.92516567,  0.98812291,  0.99985496, ..., -0.06824989,
         -0.02231066,  0.        ]],

       ...,

       [[ 0.        ,  0.03460904, -0.30622115, ...,  0.69182791,
          0.13253969, -0.17100239],
        [-0.03460904,  0.        , -0.33898414, ...,  0.66642356,
          0.09815658, -0.20499922],
        [ 0.30622115,  0.33898414,  0.        , ...,  0.87970356,
          0.42969211,  0.13892319],
        ...,
        [-0.69182791, -0.66642356, -0.87970356, ...,  0.        ,
         -0.59002246, -0.80511211],
        [-0.13253969, -0.09815658, -0.42969211, ...,  0.59002246,
          0.        , -0.30008122],
        [ 0.17100239,  0.20499922, -0.13892319, ...,  0.80511211,
          0.30008122,  0.        ]],

       [[ 0.        ,  0.10511201,  0.13547072, ..., -0.99927835,
         -0.99743521, -0.99693168],
        [-0.10511201,  0.        ,  0.03057725, ..., -0.99773531,
         -0.99943322, -0.99963688],
        [-0.13547072, -0.03057725,  0.        , ..., -0.99521207,
         -0.99793655, -0.9983455 ],
        ...,
        [ 0.99927835,  0.99773531,  0.99521207, ...,  0.        ,
          0.033637  ,  0.04035266],
