state_0,state_1,state_2,state_3,state_4,state_5,state_6,state_7,state_8,state_9,state_10,state_11,state_12,state_13,state_14,state_15,state_16,state_17,state_18,state_19,state_20,state_21,state_22,state_23,state_24,state_25,state_26,state_27,state_28,state_29,state_30,state_31,state_32,state_33,state_34,state_35,state_36,state_37,state_38,state_39,state_40,state_41,state_42,state_43,state_44,state_45,state_46,state_47,state_48,state_49,state_50,state_51,state_52,state_53,state_54,state_55,state_56,state_57,state_58,state_59,state_60,state_61,state_62,state_63,state_64,state_65,state_66,state_67,state_68,state_69,state_70,state_71,state_72,state_73,state_74,state_75,state_76,state_77,state_78,state_79,state_80,state_81,state_82,state_83,state_84,state_85,state_86,state_87,state_88,state_89,state_90,state_91,state_92,state_93,state_94,state_95,state_96,state_97,state_98,state_99,state_100,state_101,state_102,state_103,state_104,state_105,state_106,state_107,state_108,state_109,state_110,state_111,state_112,state_113,state_114,state_115,state_116,state_117,state_118,state_119,state_120,state_121,state_122,state_123,state_124,state_125,state_126,state_127,state_128,state_129,state_130,state_131,state_132,state_133,state_134,state_135,state_136,state_137,state_138,state_139,state_140,state_141,state_142,state_143,state_144,state_145,state_146,state_147,state_148,state_149,state_150,state_151,state_152,state_153,state_154,state_155,state_156,state_157,state_158,state_159,state_160,state_161,state_162,state_163,state_164,state_165,state_166,state_167,state_168,state_169,state_170,state_171,state_172,state_173,state_174,state_175,state_176,state_177,state_178,state_179,state_180,state_181,state_182,state_183,state_184,state_185,state_186,state_187,state_188,state_189,state_190,state_191,state_192,state_193,state_194,state_195,state_196,state_197,state_198,state_199,state_200,state_201,state_202,state_203,state_204,state_205,state_206,state_207,state_208,state_209,state_210,state_211,state_212,state_213,state_214,state_215,state_216,state_217,state_218,state_219,state_220,state_221,state_222,state_223,state_224,state_225,state_226,state_227,state_228,state_229,state_230,state_231,state_232,state_233,state_234,state_235,state_236,state_237,state_238,state_239,state_240,state_241,state_242,state_243,state_244,state_245,state_246,state_247,state_248,state_249,state_250,state_251,state_252,state_253,state_254,state_255,state_256,state_257,state_258,state_259,state_260,state_261,state_262,state_263,state_264,state_265,state_266,state_267,state_268,state_269,state_270,state_271,state_272,state_273,state_274,state_275,state_276,state_277,state_278,state_279,state_280,state_281,state_282,state_283,state_284,state_285,state_286,state_287
{'img': array([[[ 0.        , -0.26914544, -0.26914544, ...,  0.46259102,
          0.39601876,  0.39601876],
        [ 0.26914544,  0.        ,  0.        , ...,  0.68413796,
          0.62854625,  0.62854625],
        [ 0.26914544,  0.        ,  0.        , ...,  0.68413796,
          0.62854625,  0.62854625],
        ...,
        [-0.46259102, -0.68413796, -0.68413796, ...,  0.        ,
         -0.07367163, -0.07367163],
        [-0.39601876, -0.62854625, -0.62854625, ...,  0.07367163,
          0.        ,  0.        ],
        [-0.39601876, -0.62854625, -0.62854625, ...,  0.07367163,
          0.        ,  0.        ]],

       [[ 0.        , -0.07254092, -0.17367022, ..., -0.85650675,
         -0.99915414, -0.97746803],
        [ 0.07254092,  0.        , -0.1017741 , ..., -0.81680926,
         -0.99353878, -0.95958063],
        [ 0.17367022,  0.1017741 ,  0.        , ..., -0.75385374,
         -0.9768292 , -0.92595537],
        ...,
        [ 0.85650675,  0.81680926,  0.75385374, ...,  0.        ,
         -0.48047803, -0.3237118 ],
        [ 0.99915414,  0.99353878,  0.9768292 , ...,  0.48047803,
          0.        ,  0.1707096 ],
        [ 0.97746803,  0.95958063,  0.92595537, ...,  0.3237118 ,
         -0.1707096 ,  0.        ]],

       [[ 0.        , -0.16492795, -0.25471066, ...,  0.20048679,
          0.26353499,  0.2942387 ],
        [ 0.16492795,  0.        , -0.09173437, ...,  0.35932057,
          0.41902377,  0.4478362 ],
        [ 0.25471066,  0.09173437,  0.        , ...,  0.44341331,
          0.5005495 ,  0.52796904],
        ...,
        [-0.20048679, -0.35932057, -0.44341331, ...,  0.        ,
          0.06478474,  0.09665297],
        [-0.26353499, -0.41902377, -0.5005495 , ..., -0.06478474,
          0.        ,  0.0319685 ],
        [-0.2942387 , -0.4478362 , -0.52796904, ..., -0.09665297,
         -0.0319685 ,  0.        ]],

       ...,

       [[ 0.        , -0.00803671,  0.03256989, ...,  0.54916421,
          0.38308997,  0.41488831],
        [ 0.00803671,  0.        ,  0.04060128, ...,  0.55586286,
          0.39050119,  0.42218729],
        [-0.03256989, -0.04060128,  0.        , ...,  0.52165373,
          0.35280156,  0.38503375],
        ...,
        [-0.54916421, -0.55586286, -0.52165373, ...,  0.        ,
         -0.18711521, -0.15294116],
        [-0.38308997, -0.39050119, -0.35280156, ...,  0.18711521,
          0.        ,  0.03467394],
        [-0.41488831, -0.42218729, -0.38503375, ...,  0.15294116,
         -0.03467394,  0.        ]],

       [[ 0.        ,  0.10868077,  0.17874435, ...,  0.80216487,
          0.72430059,  0.67461098],
        [-0.10868077,  0.        ,  0.07075507, ...,  0.73251983,
          0.64507665,  0.5903898 ],
        [-0.17874435, -0.07075507,  0.        , ...,  0.68251773,
          0.5893947 ,  0.53180241],
        ...,
        [-0.80216487, -0.73251983, -0.68251773, ...,  0.        ,
         -0.12059834, -0.18932482],
        [-0.72430059, -0.64507665, -0.5893947 , ...,  0.12059834,
          0.        , -0.06952575],
        [-0.67461098, -0.5903898 , -0.53180241, ...,  0.18932482,
          0.06952575,  0.        ]],

       [[ 0.        , -0.15769642, -0.3062703 , ..., -0.88593611,
         -0.85371011, -0.84572434],
        [ 0.15769642,  0.        , -0.15231988, ..., -0.80171021,
         -0.760908  , -0.75099237],
        [ 0.3062703 ,  0.15231988,  0.        , ..., -0.70131169,
         -0.65319491, -0.64165075],
        ...,
        [ 0.88593611,  0.80171021,  0.70131169, ...,  0.        ,
          0.06539296,  0.08050013],
        [ 0.85371011,  0.760908  ,  0.65319491, ..., -0.06539296,
          0.        ,  0.01514709],
        [ 0.84572434,  0.75099237,  0.64165075, ..., -0.08050013,
         -0.01514709,  0.        ]]]), 'num': array([ 7.05287262e-01,  7.05287262e-01,  0.00000000e+00,  0.00000000e+00,
        5.91163110e-04,  5.96488903e-04,  5.89641454e-04,  7.16722959e-02,
       -4.56496610e-06,  5.95728076e-04,  5.92266310e-04,  6.10627618e-04,
        3.49392970e-07,  6.43168980e-04,  5.41363640e-04])}
{'img': array([[[ 0.00000000e+00,  0.00000000e+00,  3.36534129e-01, ...,
          6.28546248e-01,  6.28546248e-01,  5.68810267e-01],
        [ 0.00000000e+00,  0.00000000e+00,  3.36534129e-01, ...,
          6.28546248e-01,  6.28546248e-01,  5.68810267e-01],
        [-3.36534129e-01, -3.36534129e-01,  0.00000000e+00, ...,
          3.30137049e-01,  3.30137049e-01,  2.58843475e-01],
        ...,
        [-6.28546248e-01, -6.28546248e-01, -3.30137049e-01, ...,
          0.00000000e+00,  0.00000000e+00, -7.45548398e-02],
        [-6.28546248e-01, -6.28546248e-01, -3.30137049e-01, ...,
          0.00000000e+00,  0.00000000e+00, -7.45548398e-02],
        [-5.68810267e-01, -5.68810267e-01, -2.58843475e-01, ...,
          7.45548398e-02,  7.45548398e-02,  0.00000000e+00]],

       [[ 0.00000000e+00, -1.01774098e-01, -5.73083038e-01, ...,
         -9.93538778e-01, -9.59580634e-01, -8.83557540e-01],
        [ 1.01774098e-01,  0.00000000e+00, -4.86703726e-01, ...,
         -9.76829200e-01, -9.25955371e-01, -8.31306587e-01],
        [ 5.73083038e-01,  4.86703726e-01,  0.00000000e+00, ...,
         -7.49161347e-01, -6.25088784e-01, -4.55685275e-01],
        ...,
        [ 9.93538778e-01,  9.76829200e-01,  7.49161347e-01, ...,
          0.00000000e+00,  1.70709598e-01,  3.65018946e-01],
        [ 9.59580634e-01,  9.25955371e-01,  6.25088784e-01, ...,
         -1.70709598e-01,  0.00000000e+00,  2.00730323e-01],
        [ 8.83557540e-01,  8.31306587e-01,  4.55685275e-01, ...,
         -3.65018946e-01, -2.00730323e-01,  0.00000000e+00]],

       [[ 0.00000000e+00, -9.17343712e-02, -1.53221307e-01, ...,
          4.19023765e-01,  4.47836199e-01,  3.81358348e-01],
        [ 9.17343712e-02,  0.00000000e+00, -6.19240887e-02, ...,
          5.00549497e-01,  5.27969037e-01,  4.64552112e-01],
        [ 1.53221307e-01,  6.19240887e-02,  0.00000000e+00, ...,
          5.53197047e-01,  5.79545668e-01,  5.18497188e-01],
        ...,
        [-4.19023765e-01, -5.00549497e-01, -5.53197047e-01, ...,
          0.00000000e+00,  3.19684988e-02, -4.10930547e-02],
        [-4.47836199e-01, -5.27969037e-01, -5.79545668e-01, ...,
         -3.19684988e-02,  0.00000000e+00, -7.30135469e-02],
        [-3.81358348e-01, -4.64552112e-01, -5.18497188e-01, ...,
          4.10930547e-02,  7.30135469e-02,  0.00000000e+00]],

       ...,

       [[ 0.00000000e+00,  4.06012791e-02,  4.21585063e-01, ...,
          3.90501189e-01,  4.22187287e-01,  5.44794359e-01],
        [-4.06012791e-02,  0.00000000e+00,  3.84420648e-01, ...,
          3.52801557e-01,  3.85033754e-01,  5.10298136e-01],
        [-4.21585063e-01, -3.84420648e-01,  0.00000000e+00, ...,
         -3.40101025e-02,  6.64230993e-04,  1.40485005e-01],
        ...,
        [-3.90501189e-01, -3.52801557e-01,  3.40101025e-02, ...,
          0.00000000e+00,  3.46739417e-02,  1.74076550e-01],
        [-4.22187287e-01, -3.85033754e-01, -6.64230993e-04, ...,
         -3.46739417e-02,  0.00000000e+00,  1.39827330e-01],
        [-5.44794359e-01, -5.10298136e-01, -1.40485005e-01, ...,
         -1.74076550e-01, -1.39827330e-01,  0.00000000e+00]],

       [[ 0.00000000e+00,  7.07550659e-02,  6.71081404e-02, ...,
          6.45076653e-01,  5.90389801e-01,  5.58573215e-01],
        [-7.07550659e-02,  0.00000000e+00, -3.65561468e-03, ...,
          5.89394700e-01,  5.31802413e-01,  4.98485116e-01],
        [-6.71081404e-02,  3.65561468e-03,  0.00000000e+00, ...,
          5.92343932e-01,  5.34894685e-01,  5.01650831e-01],
        ...,
        [-6.45076653e-01, -5.89394700e-01, -5.92343932e-01, ...,
          0.00000000e+00, -6.95257495e-02, -1.08246424e-01],
        [-5.90389801e-01, -5.31802413e-01, -5.34894685e-01, ...,
          6.95257495e-02,  0.00000000e+00, -3.88672621e-02],
        [-5.58573215e-01, -4.98485116e-01, -5.01650831e-01, ...,
          1.08246424e-01,  3.88672621e-02,  0.00000000e+00]],

       [[ 0.00000000e+00, -1.52319881e-01, -1.99198583e-01, ...,
         -7.60908001e-01, -7.50992368e-01, -7.62422523e-01],
        [ 1.52319881e-01,  0.00000000e+00, -4.76069235e-02, ...,
         -6.53194908e-01, -6.41650748e-01, -6.54962928e-01],
        [ 1.99198583e-01,  4.76069235e-02,  0.00000000e+00, ...,
         -6.16406804e-01, -6.04408846e-01, -6.18245601e-01],
        ...,
        [ 7.60908001e-01,  6.53194908e-01,  6.16406804e-01, ...,
          0.00000000e+00,  1.51470914e-02, -2.33733270e-03],
        [ 7.50992368e-01,  6.41650748e-01,  6.04408846e-01, ...,
         -1.51470914e-02,  0.00000000e+00, -1.74841145e-02],
        [ 7.62422523e-01,  6.54962928e-01,  6.18245601e-01, ...,
          2.33733270e-03,  1.74841145e-02,  0.00000000e+00]]]), 'num': array([ 7.80998864e-01,  6.10309707e-01,  2.24295870e-06, -2.66976502e-11,
        6.44110028e-04,  6.61884418e-04,  6.43263628e-04,  1.32511783e-01,
       -1.35423922e-05,  6.59006659e-04,  6.56848341e-04,  6.79672914e-04,
        5.42303878e-07,  7.12526955e-04,  6.01169726e-04])}
{'img': array([[[ 0.00000000e+00,  3.36534129e-01,  2.82972770e-01, ...,
          6.28546248e-01,  5.68810267e-01,  3.87489972e-01],
        [-3.36534129e-01,  0.00000000e+00, -5.63119592e-02, ...,
          3.30137049e-01,  2.58843475e-01,  5.46461374e-02],
        [-2.82972770e-01,  5.63119592e-02,  0.00000000e+00, ...,
          3.82767912e-01,  3.12825555e-01,  1.10787243e-01],
        ...,
        [-6.28546248e-01, -3.30137049e-01, -3.82767912e-01, ...,
          0.00000000e+00, -7.45548398e-02, -2.78061460e-01],
        [-5.68810267e-01, -2.58843475e-01, -3.12825555e-01, ...,
          7.45548398e-02,  0.00000000e+00, -2.05672949e-01],
        [-3.87489972e-01, -5.46461374e-02, -1.10787243e-01, ...,
          2.78061460e-01,  2.05672949e-01,  0.00000000e+00]],

       [[ 0.00000000e+00, -4.86703726e-01, -5.68152158e-01, ...,
         -9.25955371e-01, -8.31306587e-01, -4.89212761e-01],
        [ 4.86703726e-01,  0.00000000e+00, -9.57990895e-02, ...,
         -6.25088784e-01, -4.55685275e-01, -2.87447363e-03],
        [ 5.68152158e-01,  9.57990895e-02,  0.00000000e+00, ...,
         -5.47437477e-01, -3.68314743e-01,  9.29374407e-02],
        ...,
        [ 9.25955371e-01,  6.25088784e-01,  5.47437477e-01, ...,
          0.00000000e+00,  2.00730323e-01,  6.22842520e-01],
        [ 8.31306587e-01,  4.55685275e-01,  3.68314743e-01, ...,
         -2.00730323e-01,  0.00000000e+00,  4.53124705e-01],
        [ 4.89212761e-01,  2.87447363e-03, -9.29374407e-02, ...,
         -6.22842520e-01, -4.53124705e-01,  0.00000000e+00]],

       [[ 0.00000000e+00, -6.19240887e-02, -1.65948653e-01, ...,
          5.27969037e-01,  4.64552112e-01,  4.05389229e-01],
        [ 6.19240887e-02,  0.00000000e+00, -1.04564701e-01, ...,
          5.79545668e-01,  5.18497188e-01,  4.61218776e-01],
        [ 1.65948653e-01,  1.04564701e-01,  0.00000000e+00, ...,
          6.61582581e-01,  6.05065946e-01,  5.51469256e-01],
        ...,
        [-5.27969037e-01, -5.79545668e-01, -6.61582581e-01, ...,
          0.00000000e+00, -7.30135469e-02, -1.38357496e-01],
        [-4.64552112e-01, -5.18497188e-01, -6.05065946e-01, ...,
          7.30135469e-02,  0.00000000e+00, -6.56768847e-02],
        [-4.05389229e-01, -4.61218776e-01, -5.51469256e-01, ...,
          1.38357496e-01,  6.56768847e-02,  0.00000000e+00]],

       ...,

       [[ 0.00000000e+00,  3.84420648e-01,  3.62773033e-01, ...,
          3.85033754e-01,  5.10298136e-01,  8.45433354e-01],
        [-3.84420648e-01,  0.00000000e+00, -2.33361214e-02, ...,
          6.64230993e-04,  1.40485005e-01,  5.75156858e-01],
        [-3.62773033e-01,  2.33361214e-02,  0.00000000e+00, ...,
          2.40001664e-02,  1.63551440e-01,  5.94090183e-01],
        ...,
        [-3.85033754e-01, -6.64230993e-04, -2.40001664e-02, ...,
          0.00000000e+00,  1.39827330e-01,  5.74613362e-01],
        [-5.10298136e-01, -1.40485005e-01, -1.63551440e-01, ...,
         -1.39827330e-01,  0.00000000e+00,  4.54530121e-01],
        [-8.45433354e-01, -5.75156858e-01, -5.94090183e-01, ...,
         -5.74613362e-01, -4.54530121e-01,  0.00000000e+00]],

       [[ 0.00000000e+00, -3.65561468e-03, -8.66023103e-04, ...,
          5.31802413e-01,  4.98485116e-01,  4.44581064e-01],
        [ 3.65561468e-03,  0.00000000e+00,  2.78959599e-03, ...,
          5.34894685e-01,  5.01650831e-01,  4.47852569e-01],
        [ 8.66023103e-04, -2.78959599e-03,  0.00000000e+00, ...,
          5.32535622e-01,  4.99235683e-01,  4.45356628e-01],
        ...,
        [-5.31802413e-01, -5.34894685e-01, -5.32535622e-01, ...,
          0.00000000e+00, -3.88672621e-02, -9.98542782e-02],
        [-4.98485116e-01, -5.01650831e-01, -4.99235683e-01, ...,
          3.88672621e-02,  0.00000000e+00, -6.11058202e-02],
        [-4.44581064e-01, -4.47852569e-01, -4.45356628e-01, ...,
          9.98542782e-02,  6.11058202e-02,  0.00000000e+00]],

       [[ 0.00000000e+00, -4.76069235e-02, -1.02519084e-01, ...,
         -6.41650748e-01, -6.54962928e-01, -6.94934247e-01],
        [ 4.76069235e-02,  0.00000000e+00, -5.50467578e-02, ...,
         -6.04408846e-01, -6.18245601e-01, -6.59913428e-01],
        [ 1.02519084e-01,  5.50467578e-02,  0.00000000e+00, ...,
         -5.59638090e-01, -5.74042279e-01, -6.17553931e-01],
        ...,
        [ 6.41650748e-01,  6.04408846e-01,  5.59638090e-01, ...,
          0.00000000e+00, -1.74841145e-02, -7.16185342e-02],
        [ 6.54962928e-01,  6.18245601e-01,  5.74042279e-01, ...,
          1.74841145e-02,  0.00000000e+00, -5.41683697e-02],
        [ 6.94934247e-01,  6.59913428e-01,  6.17553931e-01, ...,
          7.16185342e-02,  5.41683697e-02,  0.00000000e+00]]]), 'num': array([ 7.75485088e-01,  6.24384118e-01,  1.99341648e-06, -3.90539015e-09,
        6.37556833e-04,  6.43444561e-04,  6.35874625e-04,  9.36160949e-02,
       -2.52331200e-06,  6.49668731e-04,  6.50467779e-04,  6.75742955e-04,
        5.07836378e-07,  7.04356952e-04,  5.96578606e-04])}
{'img': array([[[ 0.        , -0.05631196,  0.22216732, ...,  0.25884347,
          0.05464614,  0.01381193],
        [ 0.05631196,  0.        ,  0.27671943, ...,  0.31282556,
          0.11078724,  0.0700966 ],
        [-0.22216732, -0.27671943,  0.        , ...,  0.03777891,
         -0.1685549 , -0.20867937],
        ...,
        [-0.25884347, -0.31282556, -0.03777891, ...,  0.        ,
         -0.20567295, -0.24547757],
        [-0.05464614, -0.11078724,  0.1685549 , ...,  0.20567295,
          0.        , -0.04084963],
        [-0.01381193, -0.0700966 ,  0.20867937, ...,  0.24547757,
          0.04084963,  0.        ]],

       [[ 0.        , -0.09579909,  0.36513677, ..., -0.45568527,
         -0.00287447, -0.30242473],
        [ 0.09579909,  0.        ,  0.45264193, ..., -0.36831474,
          0.09293744, -0.20972065],
        [-0.36513677, -0.45264193,  0.        , ..., -0.74924517,
         -0.36781127, -0.62958209],
        ...,
        [ 0.45568527,  0.36831474,  0.74924517, ...,  0.        ,
          0.45312471,  0.16514638],
        [ 0.00287447, -0.09293744,  0.36781127, ..., -0.45312471,
          0.        , -0.29968361],
        [ 0.30242473,  0.20972065,  0.62958209, ..., -0.16514638,
          0.29968361,  0.        ]],

       [[ 0.        , -0.1045647 , -0.00428476, ...,  0.51849719,
          0.46121878,  0.37436129],
        [ 0.1045647 ,  0.        ,  0.10030247, ...,  0.60506595,
          0.55146926,  0.46927013],
        [ 0.00428476, -0.10030247,  0.        , ...,  0.52215624,
          0.46501635,  0.37833104],
        ...,
        [-0.51849719, -0.60506595, -0.52215624, ...,  0.        ,
         -0.06567688, -0.16068499],
        [-0.46121878, -0.55146926, -0.46501635, ...,  0.06567688,
          0.        , -0.0955146 ],
        [-0.37436129, -0.46927013, -0.37833104, ...,  0.16068499,
          0.0955146 ,  0.        ]],

       ...,

       [[ 0.        , -0.02333612,  0.18595061, ...,  0.140485  ,
          0.57515686,  0.4943324 ],
        [ 0.02333612,  0.        ,  0.20882909, ...,  0.16355144,
          0.59409018,  0.51448324],
        [-0.18595061, -0.20882909,  0.        , ..., -0.04607168,
          0.41300998,  0.32406896],
        ...,
        [-0.140485  , -0.16355144,  0.04607168, ...,  0.        ,
          0.45453012,  0.3673102 ],
        [-0.57515686, -0.59409018, -0.41300998, ..., -0.45453012,
          0.        , -0.09558307],
        [-0.4943324 , -0.51448324, -0.32406896, ..., -0.3673102 ,
          0.09558307,  0.        ]],

       [[ 0.        ,  0.0027896 , -0.13051129, ...,  0.50165083,
          0.44785257,  0.37676467],
        [-0.0027896 ,  0.        , -0.13327651, ...,  0.49923568,
          0.44535663,  0.37417918],
        [ 0.13051129,  0.13327651,  0.        , ...,  0.61026155,
          0.56071312,  0.49443592],
        ...,
        [-0.50165083, -0.49923568, -0.61026155, ...,  0.        ,
         -0.06110582, -0.13875579],
        [-0.44785257, -0.44535663, -0.56071312, ...,  0.06110582,
          0.        , -0.07798178],
        [-0.37676467, -0.37417918, -0.49443592, ...,  0.13875579,
          0.07798178,  0.        ]],

       [[ 0.        , -0.05504676, -0.01643108, ..., -0.6182456 ,
         -0.65991343, -0.6936845 ],
        [ 0.05504676,  0.        ,  0.03863316, ..., -0.57404228,
         -0.61755393, -0.6529837 ],
        [ 0.01643108, -0.03863316,  0.        , ..., -0.60524756,
         -0.64747899, -0.6817559 ],
        ...,
        [ 0.6182456 ,  0.57404228,  0.60524756, ...,  0.        ,
         -0.05416837, -0.09991628],
        [ 0.65991343,  0.61755393,  0.64747899, ...,  0.05416837,
          0.        , -0.04587228],
        [ 0.6936845 ,  0.6529837 ,  0.6817559 , ...,  0.09991628,
          0.04587228,  0.        ]]]), 'num': array([ 9.94487428e-01,  1.62052654e-04,  1.30147300e-05, -5.91210119e-09,
        8.17701789e-04,  8.17701789e-04,  8.06998886e-04,  1.04829733e-01,
        6.42174180e-06,  8.22625124e-04,  8.25247335e-04,  8.59996094e-04,
        5.98763804e-07,  8.91506777e-04,  7.58987894e-04])}
{'img': array([[[ 0.        ,  0.27671943,  0.26451075, ...,  0.11078724,
          0.0700966 ,  0.15052802],
        [-0.27671943,  0.        , -0.01268164, ..., -0.1685549 ,
         -0.20867937, -0.1289164 ],
        [-0.26451075,  0.01268164,  0.        , ..., -0.15604115,
         -0.19626015, -0.11633022],
        ...,
        [-0.11078724,  0.1685549 ,  0.15604115, ...,  0.        ,
         -0.04084963,  0.04007649],
        [-0.0700966 ,  0.20867937,  0.19626015, ...,  0.04084963,
          0.        ,  0.08085985],
        [-0.15052802,  0.1289164 ,  0.11633022, ..., -0.04007649,
         -0.08085985,  0.        ]],

       [[ 0.        ,  0.45264193,  0.36866834, ...,  0.09293744,
         -0.20972065, -0.32932036],
        [-0.45264193,  0.        , -0.09201954, ..., -0.36781127,
         -0.62958209, -0.72104522],
        [-0.36866834,  0.09201954,  0.        , ..., -0.2806817 ,
         -0.55541779, -0.65422674],
        ...,
        [-0.09293744,  0.36781127,  0.2806817 , ...,  0.        ,
         -0.29968361, -0.41564827],
        [ 0.20972065,  0.62958209,  0.55541779, ...,  0.29968361,
          0.        , -0.12397465],
        [ 0.32932036,  0.72104522,  0.65422674, ...,  0.41564827,
          0.12397465,  0.        ]],

       [[ 0.        ,  0.10030247,  0.24857664, ...,  0.55146926,
          0.46927013,  0.41462752],
        [-0.10030247,  0.        ,  0.15016887, ...,  0.46501635,
          0.37833104,  0.32126219],
        [-0.24857664, -0.15016887,  0.        , ...,  0.32679842,
          0.23503403,  0.17541073],
        ...,
        [-0.55146926, -0.46501635, -0.32679842, ...,  0.        ,
         -0.0955146 , -0.15595188],
        [-0.46927013, -0.37833104, -0.23503403, ...,  0.0955146 ,
          0.        , -0.06089293],
        [-0.41462752, -0.32126219, -0.17541073, ...,  0.15595188,
          0.06089293,  0.        ]],

       ...,

       [[ 0.        ,  0.20882909,  0.26130041, ...,  0.59409018,
          0.51448324,  0.41356794],
        [-0.20882909,  0.        ,  0.05396545, ...,  0.41300998,
          0.32406896,  0.21431636],
        [-0.26130041, -0.05396545,  0.        , ...,  0.36326038,
          0.27254361,  0.16129254],
        ...,
        [-0.59409018, -0.41300998, -0.36326038, ...,  0.        ,
         -0.09558307, -0.20822982],
        [-0.51448324, -0.32406896, -0.27254361, ...,  0.09558307,
          0.        , -0.11378855],
        [-0.41356794, -0.21431636, -0.16129254, ...,  0.20822982,
          0.11378855,  0.        ]],

       [[ 0.        , -0.13327651, -0.31512482, ...,  0.44535663,
          0.37417918,  0.29780296],
        [ 0.13327651,  0.        , -0.18582745, ...,  0.56071312,
          0.49443592,  0.42237563],
        [ 0.31512482,  0.18582745,  0.        , ...,  0.70481385,
          0.64734786,  0.58345674],
        ...,
        [-0.44535663, -0.56071312, -0.70481385, ...,  0.        ,
         -0.07798178, -0.15851077],
        [-0.37417918, -0.49443592, -0.64734786, ...,  0.07798178,
          0.        , -0.0810322 ],
        [-0.29780296, -0.42237563, -0.58345674, ...,  0.15851077,
          0.0810322 ,  0.        ]],

       [[ 0.        ,  0.03863316,  0.09395429, ..., -0.61755393,
         -0.6529837 , -0.65810966],
        [-0.03863316,  0.        ,  0.05542188, ..., -0.64747899,
         -0.6817559 , -0.68670612],
        [-0.09395429, -0.05542188,  0.        , ..., -0.68871992,
         -0.72125358, -0.72593878],
        ...,
        [ 0.61755393,  0.64747899,  0.68871992, ...,  0.        ,
         -0.04587228, -0.05265203],
        [ 0.6529837 ,  0.6817559 ,  0.72125358, ...,  0.04587228,
          0.        , -0.00678795],
        [ 0.65810966,  0.68670612,  0.72593878, ...,  0.05265203,
          0.00678795,  0.        ]]]), 'num': array([ 9.82638683e-01,  2.18035169e-02,  1.29842590e-05,  2.52215697e-09,
        8.07424510e-04,  8.15062309e-04,  8.01968939e-04,  1.84228948e-01,
       -2.61867408e-05,  8.29246794e-04,  8.35902590e-04,  8.76492039e-04,
        5.66812572e-07,  8.95704807e-04,  7.76100374e-04])}
{'img': array([[[ 0.        , -0.01268164, -0.22216732, ..., -0.20867937,
         -0.1289164 , -0.46190473],
        [ 0.01268164,  0.        , -0.20978474, ..., -0.19626015,
         -0.11633022, -0.45061986],
        [ 0.22216732,  0.20978474,  0.        , ...,  0.01381193,
          0.09461884, -0.2533143 ],
        ...,
        [ 0.20867937,  0.19626015, -0.01381193, ...,  0.        ,
          0.08085985, -0.26665158],
        [ 0.1289164 ,  0.11633022, -0.09461884, ..., -0.08085985,
          0.        , -0.34371058],
        [ 0.46190473,  0.45061986,  0.2533143 , ...,  0.26665158,
          0.34371058,  0.        ]],

       [[ 0.        , -0.09201954, -0.42491731, ..., -0.62958209,
         -0.72104522, -0.30354992],
        [ 0.09201954,  0.        , -0.33981542, ..., -0.55541779,
         -0.65422674, -0.21458438],
        [ 0.42491731,  0.33981542,  0.        , ..., -0.23978527,
         -0.35829323,  0.13008465],
        ...,
        [ 0.62958209,  0.55541779,  0.23978527, ...,  0.        ,
         -0.12397465,  0.36403735],
        [ 0.72104522,  0.65422674,  0.35829323, ...,  0.12397465,
          0.        ,  0.47669699],
        [ 0.30354992,  0.21458438, -0.13008465, ..., -0.36403735,
         -0.47669699,  0.        ]],

       [[ 0.        ,  0.15016887,  0.22752709, ...,  0.37833104,
          0.32126219,  0.1789942 ],
        [-0.15016887,  0.        ,  0.07871682, ...,  0.23503403,
          0.17541073,  0.02922081],
        [-0.22752709, -0.07871682,  0.        , ...,  0.15779299,
          0.09737009, -0.04955306],
        ...,
        [-0.37833104, -0.23503403, -0.15779299, ...,  0.        ,
         -0.06089293, -0.20653141],
        [-0.32126219, -0.17541073, -0.09737009, ...,  0.06089293,
          0.        , -0.14656807],
        [-0.1789942 , -0.02922081,  0.04955306, ...,  0.20653141,
          0.14656807,  0.        ]],

       ...,

       [[ 0.        ,  0.05396545, -0.20197744, ...,  0.32406896,
          0.21431636,  0.11257616],
        [-0.05396545,  0.        , -0.25453634, ...,  0.27254361,
          0.16129254,  0.05878972],
        [ 0.20197744,  0.25453634,  0.        , ...,  0.50846737,
          0.40718369,  0.31094947],
        ...,
        [-0.32406896, -0.27254361, -0.50846737, ...,  0.        ,
         -0.11378855, -0.21550808],
        [-0.21431636, -0.16129254, -0.40718369, ...,  0.11378855,
          0.        , -0.1029936 ],
        [-0.11257616, -0.05878972, -0.31094947, ...,  0.21550808,
          0.1029936 ,  0.        ]],

       [[ 0.        , -0.18582745, -0.3143747 , ...,  0.49443592,
          0.42237563,  0.19751609],
        [ 0.18582745,  0.        , -0.13249323, ...,  0.64734786,
          0.58345674,  0.37624241],
        [ 0.3143747 ,  0.13249323,  0.        , ...,  0.74262643,
          0.68591655,  0.49568322],
        ...,
        [-0.49443592, -0.64734786, -0.74262643, ...,  0.        ,
         -0.0810322 , -0.31301159],
        [-0.42237563, -0.58345674, -0.68591655, ...,  0.0810322 ,
          0.        , -0.23502197],
        [-0.19751609, -0.37624241, -0.49568322, ...,  0.31301159,
          0.23502197,  0.        ]],

       [[ 0.        ,  0.05542188,  0.04519428, ..., -0.6817559 ,
         -0.68670612, -0.61347217],
        [-0.05542188,  0.        , -0.01024043, ..., -0.72125358,
         -0.72593878, -0.65629685],
        [-0.04519428,  0.01024043,  0.        , ..., -0.71412251,
         -0.71885777, -0.648536  ],
        ...,
        [ 0.6817559 ,  0.72125358,  0.71412251, ...,  0.        ,
         -0.00678795,  0.08958996],
        [ 0.68670612,  0.72593878,  0.71885777, ...,  0.00678795,
          0.        ,  0.09634856],
        [ 0.61347217,  0.65629685,  0.648536  , ..., -0.08958996,
         -0.09634856,  0.        ]]]), 'num': array([ 7.58453901e-01,  6.36975482e-01,  1.63497200e-06, -2.51170639e-08,
        6.26177419e-04,  6.32076803e-04,  6.24491881e-04,  1.37864547e-01,
        2.52830721e-06,  6.34773664e-04,  6.41937201e-04,  6.76560963e-04,
        4.09679409e-07,  6.81384195e-04,  6.02490206e-04])}
{'img': array([[[ 0.        , -0.20978474, -0.27835701, ..., -0.11633022,
         -0.45061986, -0.40637002],
        [ 0.20978474,  0.        , -0.07066933, ...,  0.09461884,
         -0.2533143 , -0.20564518],
        [ 0.27835701,  0.07066933,  0.        , ...,  0.16473455,
         -0.18431658, -0.13597213],
        ...,
        [ 0.11633022, -0.09461884, -0.16473455, ...,  0.        ,
         -0.34371058, -0.29731908],
        [ 0.45061986,  0.2533143 ,  0.18431658, ...,  0.34371058,
          0.        ,  0.04896226],
        [ 0.40637002,  0.20564518,  0.13597213, ...,  0.29731908,
         -0.04896226,  0.        ]],

       [[ 0.        , -0.33981542, -0.21001482, ..., -0.65422674,
         -0.21458438, -0.24256601],
        [ 0.33981542,  0.        ,  0.13471963, ..., -0.35829323,
          0.13008465,  0.10153537],
        [ 0.21001482, -0.13471963,  0.        , ..., -0.48080242,
         -0.00467614, -0.03341364],
        ...,
        [ 0.65422674,  0.35829323,  0.48080242, ...,  0.        ,
          0.47669699,  0.45123589],
        [ 0.21458438, -0.13008465,  0.00467614, ..., -0.47669699,
          0.        , -0.02873975],
        [ 0.24256601, -0.10153537,  0.03341364, ..., -0.45123589,
          0.02873975,  0.        ]],

       [[ 0.        ,  0.07871682,  0.06126815, ...,  0.17541073,
          0.02922081, -0.10044997],
        [-0.07871682,  0.        , -0.0174909 , ...,  0.09737009,
         -0.04955306, -0.17845695],
        [-0.06126815,  0.0174909 ,  0.        , ...,  0.11476299,
         -0.03207607, -0.16121952],
        ...,
        [-0.17541073, -0.09737009, -0.11476299, ...,  0.        ,
         -0.14656807, -0.27341605],
        [-0.02922081,  0.04955306,  0.03207607, ...,  0.14656807,
          0.        , -0.1294801 ],
        [ 0.10044997,  0.17845695,  0.16121952, ...,  0.27341605,
          0.1294801 ,  0.        ]],

       ...,

       [[ 0.        , -0.25453634, -0.25453634, ...,  0.16129254,
          0.05878972, -0.02846571],
        [ 0.25453634,  0.        ,  0.        , ...,  0.40718369,
          0.31094947,  0.22690506],
        [ 0.25453634,  0.        ,  0.        , ...,  0.40718369,
          0.31094947,  0.22690506],
        ...,
        [-0.16129254, -0.40718369, -0.40718369, ...,  0.        ,
         -0.1029936 , -0.18932017],
        [-0.05878972, -0.31094947, -0.31094947, ...,  0.1029936 ,
          0.        , -0.08718237],
        [ 0.02846571, -0.22690506, -0.22690506, ...,  0.18932017,
          0.08718237,  0.        ]],

       [[ 0.        , -0.13249323, -0.279996  , ...,  0.58345674,
          0.37624241,  0.08247343],
        [ 0.13249323,  0.        , -0.15033387, ...,  0.68591655,
          0.49568322,  0.2137882 ],
        [ 0.279996  ,  0.15033387,  0.        , ...,  0.78751628,
          0.6206154 ,  0.35821671],
        ...,
        [-0.58345674, -0.68591655, -0.78751628, ...,  0.        ,
         -0.23502197, -0.51448874],
        [-0.37624241, -0.49568322, -0.6206154 , ...,  0.23502197,
          0.        , -0.29854727],
        [-0.08247343, -0.2137882 , -0.35821671, ...,  0.51448874,
          0.29854727,  0.        ]],

       [[ 0.        , -0.01024043, -0.0358493 , ..., -0.72593878,
         -0.65629685, -0.54983534],
        [ 0.01024043,  0.        , -0.02561357, ..., -0.71885777,
         -0.648536  , -0.54125295],
        [ 0.0358493 ,  0.02561357,  0.        , ..., -0.70081647,
         -0.62882659, -0.51953796],
        ...,
        [ 0.72593878,  0.71885777,  0.70081647, ...,  0.        ,
          0.09634856,  0.22820273],
        [ 0.65629685,  0.648536  ,  0.62882659, ..., -0.09634856,
          0.        ,  0.13333479],
        [ 0.54983534,  0.54125295,  0.51953796, ..., -0.22820273,
         -0.13333479,  0.        ]]]), 'num': array([ 9.90298876e-01,  8.16696418e-05,  1.33093711e-05, -3.21919405e-08,
        8.17685554e-04,  8.20982673e-04,  8.07794197e-04,  1.38933744e-01,
        1.09903972e-06,  8.24059985e-04,  8.34281054e-04,  8.81759570e-04,
        5.05397829e-07,  8.83322862e-04,  7.85239246e-04])}
{'img': array([[[ 0.        , -0.07066933,  0.10775968, ..., -0.2533143 ,
         -0.20564518, -0.19008321],
        [ 0.07066933,  0.        ,  0.17774808, ..., -0.18431658,
         -0.13597213, -0.12022708],
        [-0.10775968, -0.17774808,  0.        , ..., -0.35608424,
         -0.30990419, -0.29477135],
        ...,
        [ 0.2533143 ,  0.18431658,  0.35608424, ...,  0.        ,
          0.04896226,  0.06481241],
        [ 0.20564518,  0.13597213,  0.30990419, ..., -0.04896226,
          0.        ,  0.01587536],
        [ 0.19008321,  0.12022708,  0.29477135, ..., -0.06481241,
         -0.01587536,  0.        ]],

       [[ 0.        ,  0.13471963,  0.24995357, ...,  0.13008465,
          0.10153537, -0.12686882],
        [-0.13471963,  0.        ,  0.11723159, ..., -0.00467614,
         -0.03341364, -0.25934329],
        [-0.24995357, -0.11723159,  0.        , ..., -0.1218742 ,
         -0.15034937, -0.37077555],
        ...,
        [-0.13008465,  0.00467614,  0.1218742 , ...,  0.        ,
         -0.02873975, -0.25482431],
        [-0.10153537,  0.03341364,  0.15034937, ...,  0.02873975,
          0.        , -0.22692807],
        [ 0.12686882,  0.25934329,  0.37077555, ...,  0.25482431,
          0.22692807,  0.        ]],

       [[ 0.        , -0.0174909 ,  0.02412203, ..., -0.04955306,
         -0.17845695, -0.24865177],
        [ 0.0174909 ,  0.        ,  0.04160415, ..., -0.03207607,
         -0.16121952, -0.23167217],
        [-0.02412203, -0.04160415,  0.        , ..., -0.07363104,
         -0.20213984, -0.27194384],
        ...,
        [ 0.04955306,  0.03207607,  0.07363104, ...,  0.        ,
         -0.1294801 , -0.20034955],
        [ 0.17845695,  0.16121952,  0.20213984, ...,  0.1294801 ,
          0.        , -0.07180819],
        [ 0.24865177,  0.23167217,  0.27194384, ...,  0.20034955,
          0.07180819,  0.        ]],

       ...,

       [[ 0.        ,  0.        ,  0.17115102, ...,  0.31094947,
          0.22690506,  0.15830536],
        [ 0.        ,  0.        ,  0.17115102, ...,  0.31094947,
          0.22690506,  0.15830536],
        [-0.17115102, -0.17115102,  0.        , ...,  0.14369489,
          0.05687016, -0.01302331],
        ...,
        [-0.31094947, -0.31094947, -0.14369489, ...,  0.        ,
         -0.08718237, -0.15657086],
        [-0.22690506, -0.22690506, -0.05687016, ...,  0.08718237,
          0.        , -0.06986757],
        [-0.15830536, -0.15830536,  0.01302331, ...,  0.15657086,
          0.06986757,  0.        ]],

       [[ 0.        , -0.15033387, -0.39090946, ...,  0.49568322,
          0.2137882 ,  0.05719708],
        [ 0.15033387,  0.        , -0.24809522, ...,  0.6206154 ,
          0.35821671,  0.20663481],
        [ 0.39090946,  0.24809522,  0.        , ...,  0.79574747,
          0.57864854,  0.44291537],
        ...,
        [-0.49568322, -0.6206154 , -0.79574747, ...,  0.        ,
         -0.29854727, -0.44519589],
        [-0.2137882 , -0.35821671, -0.57864854, ...,  0.29854727,
          0.        , -0.15756352],
        [-0.05719708, -0.20663481, -0.44291537, ...,  0.44519589,
          0.15756352,  0.        ]],

       [[ 0.        , -0.02561357, -0.02680685, ..., -0.648536  ,
         -0.54125295, -0.55316042],
        [ 0.02561357,  0.        , -0.0011937 , ..., -0.62882659,
         -0.51953796, -0.53164092],
        [ 0.02680685,  0.0011937 ,  0.        , ..., -0.62789799,
         -0.51851764, -0.53062952],
        ...,
        [ 0.648536  ,  0.62882659,  0.62789799, ...,  0.        ,
          0.13333479,  0.11922212],
        [ 0.54125295,  0.51953796,  0.51851764, ..., -0.13333479,
          0.        , -0.0142262 ],
        [ 0.55316042,  0.53164092,  0.53062952, ..., -0.11922212,
          0.0142262 ,  0.        ]]]), 'num': array([ 7.01362235e-01,  7.01362235e-01,  0.00000000e+00, -2.30625821e-08,
        5.65250707e-04,  5.79284518e-04,  5.65250707e-04,  1.27197774e-01,
       -1.48134668e-05,  5.79440449e-04,  5.92265793e-04,  6.25102311e-04,
        2.96269336e-07,  6.25487837e-04,  5.59043749e-04])}
{'img': array([[[ 0.        ,  0.17774808,  0.42967229, ..., -0.13597213,
         -0.12022708, -0.46219495],
        [-0.17774808,  0.        ,  0.26232637, ..., -0.30990419,
         -0.29477135, -0.61245811],
        [-0.42967229, -0.26232637,  0.        , ..., -0.54846256,
         -0.53511886, -0.79837914],
        ...,
        [ 0.13597213,  0.30990419,  0.54846256, ...,  0.        ,
          0.01587536, -0.33732524],
        [ 0.12022708,  0.29477135,  0.53511886, ..., -0.01587536,
          0.        , -0.35222761],
        [ 0.46219495,  0.61245811,  0.79837914, ...,  0.33732524,
          0.35222761,  0.        ]],

       [[ 0.        ,  0.11723159,  0.69140318, ..., -0.03341364,
         -0.25934329, -0.03584288],
        [-0.11723159,  0.        ,  0.60193947, ..., -0.15034937,
         -0.37077555, -0.152752  ],
        [-0.69140318, -0.60193947,  0.        , ..., -0.71515743,
         -0.85511448, -0.71685429],
        ...,
        [ 0.03341364,  0.15034937,  0.71515743, ...,  0.        ,
         -0.22692807, -0.0024307 ],
        [ 0.25934329,  0.37077555,  0.85511448, ...,  0.22692807,
          0.        ,  0.22456011],
        [ 0.03584288,  0.152752  ,  0.71685429, ...,  0.0024307 ,
         -0.22456011,  0.        ]],

       [[ 0.        ,  0.04160415,  0.08198238, ..., -0.16121952,
         -0.23167217, -0.38540376],
        [-0.04160415,  0.        ,  0.04044729, ..., -0.20213984,
         -0.27194384, -0.42346022],
        [-0.08198238, -0.04044729,  0.        , ..., -0.24158675,
         -0.31064426, -0.45975548],
        ...,
        [ 0.16121952,  0.20213984,  0.24158675, ...,  0.        ,
         -0.07180819, -0.23159713],
        [ 0.23167217,  0.27194384,  0.31064426, ...,  0.07180819,
          0.        , -0.1611434 ],
        [ 0.38540376,  0.42346022,  0.45975548, ...,  0.23159713,
          0.1611434 ,  0.        ]],

       ...,

       [[ 0.        ,  0.17115102,  0.28269065, ...,  0.22690506,
          0.15830536, -0.06535018],
        [-0.17115102,  0.        ,  0.11434953, ...,  0.05687016,
         -0.01302331, -0.2351711 ],
        [-0.28269065, -0.11434953,  0.        , ..., -0.05766734,
         -0.12727772, -0.344771  ],
        ...,
        [-0.22690506, -0.05687016,  0.05766734, ...,  0.        ,
         -0.06986757, -0.29006568],
        [-0.15830536,  0.01302331,  0.12727772, ...,  0.06986757,
          0.        , -0.2224931 ],
        [ 0.06535018,  0.2351711 ,  0.344771  , ...,  0.29006568,
          0.2224931 ,  0.        ]],

       [[ 0.        , -0.24809522, -0.12113353, ...,  0.35821671,
          0.20663481,  0.14812353],
        [ 0.24809522,  0.        ,  0.12892193, ...,  0.57864854,
          0.44291537,  0.38885099],
        [ 0.12113353, -0.12892193,  0.        , ...,  0.4686738 ,
          0.32363244,  0.26683007],
        ...,
