state_0,state_1,state_2,state_3,state_4,state_5,state_6,state_7,state_8,state_9,state_10,state_11,state_12,state_13,state_14,state_15,state_16,state_17,state_18,state_19,state_20,state_21,state_22,state_23,state_24,state_25,state_26,state_27,state_28,state_29,state_30,state_31,state_32,state_33,state_34,state_35,state_36,state_37,state_38,state_39,state_40,state_41,state_42,state_43,state_44,state_45,state_46,state_47,state_48,state_49,state_50,state_51,state_52,state_53,state_54,state_55,state_56,state_57,state_58,state_59,state_60,state_61,state_62,state_63,state_64,state_65,state_66,state_67,state_68,state_69,state_70,state_71,state_72,state_73,state_74,state_75,state_76,state_77,state_78,state_79,state_80,state_81,state_82,state_83,state_84,state_85,state_86,state_87,state_88,state_89,state_90,state_91,state_92,state_93,state_94,state_95,state_96,state_97,state_98,state_99,state_100,state_101,state_102,state_103,state_104,state_105,state_106,state_107,state_108,state_109,state_110,state_111,state_112,state_113,state_114,state_115,state_116,state_117,state_118,state_119,state_120,state_121,state_122,state_123,state_124,state_125,state_126,state_127,state_128,state_129,state_130,state_131,state_132,state_133,state_134,state_135,state_136,state_137,state_138,state_139,state_140,state_141,state_142,state_143,state_144,state_145,state_146,state_147,state_148,state_149,state_150,state_151,state_152,state_153,state_154,state_155,state_156,state_157,state_158,state_159,state_160,state_161,state_162,state_163,state_164,state_165,state_166,state_167,state_168,state_169,state_170,state_171,state_172,state_173,state_174,state_175,state_176,state_177,state_178,state_179,state_180,state_181,state_182,state_183,state_184,state_185,state_186,state_187,state_188,state_189,state_190,state_191,state_192,state_193,state_194,state_195,state_196,state_197,state_198,state_199,state_200,state_201,state_202,state_203,state_204,state_205,state_206,state_207,state_208,state_209,state_210,state_211,state_212,state_213,state_214,state_215,state_216,state_217,state_218,state_219,state_220,state_221,state_222,state_223,state_224,state_225,state_226,state_227,state_228,state_229,state_230,state_231,state_232,state_233,state_234,state_235,state_236,state_237,state_238,state_239,state_240,state_241,state_242,state_243,state_244,state_245,state_246,state_247,state_248,state_249,state_250,state_251,state_252,state_253,state_254,state_255,state_256,state_257,state_258,state_259,state_260,state_261,state_262,state_263,state_264,state_265,state_266,state_267,state_268,state_269,state_270,state_271,state_272,state_273,state_274,state_275,state_276,state_277,state_278,state_279,state_280,state_281,state_282,state_283,state_284,state_285,state_286,state_287
{'img': array([[[ 0.        , -0.05029894,  0.21055846, ..., -0.08050899,
          0.10040724,  0.        ],
        [ 0.05029894,  0.        ,  0.25946324, ..., -0.03027142,
          0.15032489,  0.05029894],
        [-0.21055846, -0.25946324,  0.        , ..., -0.28857904,
         -0.11133816, -0.21055846],
        ...,
        [ 0.08050899,  0.03027142,  0.28857904, ...,  0.        ,
          0.18018343,  0.08050899],
        [-0.10040724, -0.15032489,  0.11133816, ..., -0.18018343,
          0.        , -0.10040724],
        [ 0.        , -0.05029894,  0.21055846, ..., -0.08050899,
          0.10040724,  0.        ]],

       [[ 0.        , -0.89375298, -0.74494332, ..., -0.99947277,
         -0.49129746, -0.97762498],
        [ 0.89375298,  0.        ,  0.26209603, ..., -0.47734152,
          0.55807542, -0.25051718],
        [ 0.74494332, -0.26209603,  0.        , ..., -0.69096298,
          0.32108138, -0.4954979 ],
        ...,
        [ 0.99947277,  0.47734152,  0.69096298, ...,  0.        ,
          0.88648417,  0.24198621],
        [ 0.49129746, -0.55807542, -0.32108138, ..., -0.88648417,
          0.        , -0.7481563 ],
        [ 0.97762498,  0.25051718,  0.4954979 , ..., -0.24198621,
          0.7481563 ,  0.        ]],

       [[ 0.        ,  0.18262925,  0.41957661, ...,  0.2265023 ,
          0.36119286,  0.47799639],
        [-0.18262925,  0.        ,  0.2467439 , ...,  0.04481012,
          0.18481812,  0.30954282],
        [-0.41957661, -0.2467439 ,  0.        , ..., -0.20307143,
         -0.06338951,  0.06534678],
        ...,
        [-0.2265023 , -0.04481012,  0.20307143, ...,  0.        ,
          0.1405943 ,  0.2666226 ],
        [-0.36119286, -0.18481812,  0.06338951, ..., -0.1405943 ,
          0.        ,  0.12846938],
        [-0.47799639, -0.30954282, -0.06534678, ..., -0.2666226 ,
         -0.12846938,  0.        ]],

       ...,

       [[ 0.        ,  0.21390684,  0.15322805, ...,  0.23992386,
          0.35685615,  0.07711774],
        [-0.21390684,  0.        , -0.06169933, ...,  0.02671161,
          0.14877331, -0.13793704],
        [-0.15322805,  0.06169933,  0.        , ...,  0.08833804,
          0.20950256, -0.0765647 ],
        ...,
        [-0.23992386, -0.02671161, -0.08833804, ...,  0.        ,
          0.12230587, -0.1643441 ],
        [-0.35685615, -0.14877331, -0.20950256, ..., -0.12230587,
          0.        , -0.28375317],
        [-0.07711774,  0.13793704,  0.0765647 , ...,  0.1643441 ,
          0.28375317,  0.        ]],

       [[ 0.        , -0.02894828, -0.00348513, ..., -0.03935059,
          0.06547037,  0.12283228],
        [ 0.02894828,  0.        ,  0.02546443, ..., -0.01040824,
          0.09432911,  0.15150987],
        [ 0.00348513, -0.02546443,  0.        , ..., -0.03586792,
          0.06894763,  0.12629028],
        ...,
        [ 0.03935059,  0.01040824,  0.03586792, ...,  0.        ,
          0.10468583,  0.16178975],
        [-0.06547037, -0.09432911, -0.06894763, ..., -0.10468583,
          0.        ,  0.05759415],
        [-0.12283228, -0.15150987, -0.12629028, ..., -0.16178975,
         -0.05759415,  0.        ]],

       [[ 0.        ,  0.01442744, -0.00160835, ...,  0.25856833,
          0.2458379 ,  0.27635736],
        [-0.01442744,  0.        , -0.01603561, ...,  0.24460461,
          0.23182763,  0.26246303],
        [ 0.00160835,  0.01603561,  0.        , ...,  0.26012166,
          0.24739657,  0.27790272],
        ...,
        [-0.25856833, -0.24460461, -0.26012166, ...,  0.        ,
         -0.01315544,  0.01846089],
        [-0.2458379 , -0.23182763, -0.24739657, ...,  0.01315544,
          0.        ,  0.03161249],
        [-0.27635736, -0.26246303, -0.27790272, ..., -0.01846089,
         -0.03161249,  0.        ]]]), 'num': array([ 4.46271670e-01,  4.46271670e-01,  0.00000000e+00,  0.00000000e+00,
        4.24515926e-02,  4.31767841e-02,  4.22842407e-02,  7.66452627e-01,
       -4.46271670e-04,  4.26524149e-02,  4.13387026e-02,  4.25957012e-02,
        5.85274321e-05,  4.44001139e-02,  3.82772914e-02])}
{'img': array([[[ 0.        ,  0.25946324,  0.31858677, ...,  0.15032489,
          0.05029894, -0.03027142],
        [-0.25946324,  0.        ,  0.06173255, ..., -0.11133816,
         -0.21055846, -0.28857904],
        [-0.31858677, -0.06173255,  0.        , ..., -0.17247454,
         -0.27050546, -0.34713485],
        ...,
        [-0.15032489,  0.11133816,  0.17247454, ...,  0.        ,
         -0.10040724, -0.18018343],
        [-0.05029894,  0.21055846,  0.27050546, ...,  0.10040724,
          0.        , -0.08050899],
        [ 0.03027142,  0.28857904,  0.34713485, ...,  0.18018343,
          0.08050899,  0.        ]],

       [[ 0.        ,  0.26209603,  0.02835151, ...,  0.55807542,
         -0.25051718,  0.03280471],
        [-0.26209603,  0.        , -0.23463027, ...,  0.32108138,
         -0.4954979 , -0.23029705],
        [-0.02835151,  0.23463027,  0.        , ...,  0.53432527,
         -0.27786392,  0.00445526],
        ...,
        [-0.55807542, -0.32108138, -0.53432527, ...,  0.        ,
         -0.7481563 , -0.53055403],
        [ 0.25051718,  0.4954979 ,  0.27786392, ...,  0.7481563 ,
          0.        ,  0.28214098],
        [-0.03280471,  0.23029705, -0.00445526, ...,  0.53055403,
         -0.28214098,  0.        ]],

       [[ 0.        ,  0.2467439 ,  0.37305147, ...,  0.18481812,
          0.30954282,  0.28212267],
        [-0.2467439 ,  0.        ,  0.13258537, ..., -0.06338951,
          0.06534678,  0.03667888],
        [-0.37305147, -0.13258537,  0.        , ..., -0.1951486 ,
         -0.06753211, -0.09614109],
        ...,
        [-0.18481812,  0.06338951,  0.1951486 , ...,  0.        ,
          0.12846938,  0.09995197],
        [-0.30954282, -0.06534678,  0.06753211, ..., -0.12846938,
          0.        , -0.02870232],
        [-0.28212267, -0.03667888,  0.09614109, ..., -0.09995197,
          0.02870232,  0.        ]],

       ...,

       [[ 0.        , -0.06169933,  0.15575771, ...,  0.14877331,
         -0.13793704, -0.19660879],
        [ 0.06169933,  0.        ,  0.21640727, ...,  0.20950256,
         -0.0765647 , -0.13573912],
        [-0.15575771, -0.21640727,  0.        , ..., -0.00706676,
         -0.29052238, -0.34692687],
        ...,
        [-0.14877331, -0.20950256,  0.00706676, ...,  0.        ,
         -0.28375317, -0.34029034],
        [ 0.13793704,  0.0765647 ,  0.29052238, ...,  0.28375317,
          0.        , -0.05948461],
        [ 0.19660879,  0.13573912,  0.34692687, ...,  0.34029034,
          0.05948461,  0.        ]],

       [[ 0.        ,  0.02546443,  0.18746907, ...,  0.09432911,
          0.15150987,  0.16533633],
        [-0.02546443,  0.        ,  0.16239532, ...,  0.06894763,
          0.12629028,  0.14016874],
        [-0.18746907, -0.16239532,  0.        , ..., -0.09397646,
         -0.0364812 , -0.02248398],
        ...,
        [-0.09432911, -0.06894763,  0.09397646, ...,  0.        ,
          0.05759415,  0.07156823],
        [-0.15150987, -0.12629028,  0.0364812 , ..., -0.05759415,
          0.        ,  0.01400297],
        [-0.16533633, -0.14016874,  0.02248398, ..., -0.07156823,
         -0.01400297,  0.        ]],

       [[ 0.        , -0.01603561, -0.09134997, ...,  0.23182763,
          0.26246303,  0.34075201],
        [ 0.01603561,  0.        , -0.07536966, ...,  0.24739657,
          0.27790272,  0.35578413],
        [ 0.09134997,  0.07536966,  0.        , ...,  0.31971964,
          0.34951306,  0.42521025],
        ...,
        [-0.23182763, -0.24739657, -0.31971964, ...,  0.        ,
          0.03161249,  0.11351537],
        [-0.26246303, -0.27790272, -0.34951306, ..., -0.03161249,
          0.        ,  0.08205049],
        [-0.34075201, -0.35578413, -0.42521025, ..., -0.11351537,
         -0.08205049,  0.        ]]]), 'num': array([ 5.42407206e-01,  3.87902496e-01,  4.07127035e-06, -5.42836046e-09,
        5.15015699e-02,  5.21122605e-02,  5.12980064e-02,  7.30923308e-01,
       -1.35709012e-04,  5.19629805e-02,  5.05787486e-02,  5.18069152e-02,
        6.46613526e-05,  5.36487132e-02,  4.75087840e-02])}
{'img': array([[[ 0.        ,  0.06173255,  0.26234298, ..., -0.21055846,
         -0.28857904, -0.30789417],
        [-0.06173255,  0.        ,  0.20227227, ..., -0.27050546,
         -0.34713485, -0.36604056],
        [-0.26234298, -0.20227227,  0.        , ..., -0.45964518,
         -0.52965336, -0.54670861],
        ...,
        [ 0.21055846,  0.27050546,  0.45964518, ...,  0.        ,
         -0.08050899, -0.10066191],
        [ 0.28857904,  0.34713485,  0.52965336, ...,  0.08050899,
          0.        , -0.02023509],
        [ 0.30789417,  0.36604056,  0.54670861, ...,  0.10066191,
          0.02023509,  0.        ]],

       [[ 0.        , -0.23463027, -0.04907994, ..., -0.4954979 ,
         -0.23029705, -0.51114474],
        [ 0.23463027,  0.        ,  0.18663765, ..., -0.27786392,
          0.00445526, -0.29521251],
        [ 0.04907994, -0.18663765,  0.        , ..., -0.45226946,
         -0.18225882, -0.46834479],
        ...,
        [ 0.4954979 ,  0.27786392,  0.45226946, ...,  0.        ,
          0.28214098, -0.0181072 ],
        [ 0.23029705, -0.00445526,  0.18225882, ..., -0.28214098,
          0.        , -0.29946628],
        [ 0.51114474,  0.29521251,  0.46834479, ...,  0.0181072 ,
          0.29946628,  0.        ]],

       [[ 0.        ,  0.13258537,  0.31996537, ...,  0.06534678,
          0.03667888,  0.05233231],
        [-0.13258537,  0.        ,  0.19152533, ..., -0.06753211,
         -0.09614109, -0.08053339],
        [-0.31996537, -0.19152533,  0.        , ..., -0.25737003,
         -0.28499942, -0.26994577],
        ...,
        [-0.06534678,  0.06753211,  0.25737003, ...,  0.        ,
         -0.02870232, -0.01303678],
        [-0.03667888,  0.09614109,  0.28499942, ...,  0.02870232,
          0.        ,  0.01566847],
        [-0.05233231,  0.08053339,  0.26994577, ...,  0.01303678,
         -0.01566847,  0.        ]],

       ...,

       [[ 0.        ,  0.21640727,  0.23044121, ..., -0.0765647 ,
         -0.13573912, -0.25215665],
        [-0.21640727,  0.        ,  0.01439755, ..., -0.29052238,
         -0.34692687, -0.45559571],
        [-0.23044121, -0.01439755,  0.        , ..., -0.30426883,
         -0.36039426, -0.468365  ],
        ...,
        [ 0.0765647 ,  0.29052238,  0.30426883, ...,  0.        ,
         -0.05948461, -0.17732585],
        [ 0.13573912,  0.34692687,  0.36039426, ...,  0.05948461,
          0.        , -0.11846994],
        [ 0.25215665,  0.45559571,  0.468365  , ...,  0.17732585,
          0.11846994,  0.        ]],

       [[ 0.        ,  0.16239532,  0.34412602, ...,  0.12629028,
          0.14016874,  0.05738425],
        [-0.16239532,  0.        ,  0.18708123, ..., -0.0364812 ,
         -0.02248398, -0.1055052 ],
        [-0.34412602, -0.18708123,  0.        , ..., -0.22279381,
         -0.20912095, -0.28967953],
        ...,
        [-0.12629028,  0.0364812 ,  0.22279381, ...,  0.        ,
          0.01400297, -0.06915737],
        [-0.14016874,  0.02248398,  0.20912095, ..., -0.01400297,
          0.        , -0.08312003],
        [-0.05738425,  0.1055052 ,  0.28967953, ...,  0.06915737,
          0.08312003,  0.        ]],

       [[ 0.        , -0.07536966, -0.19186753, ...,  0.27790272,
          0.35578413,  0.54048111],
        [ 0.07536966,  0.        , -0.11735244, ...,  0.34951306,
          0.42521025,  0.60235653],
        [ 0.19186753,  0.11735244,  0.        , ...,  0.45704923,
          0.52848724,  0.69186835],
        ...,
        [-0.27790272, -0.34951306, -0.45704923, ...,  0.        ,
          0.08205049,  0.28537598],
        [-0.35578413, -0.42521025, -0.52848724, ..., -0.08205049,
          0.        ,  0.20577527],
        [-0.54048111, -0.60235653, -0.69186835, ..., -0.28537598,
         -0.20577527,  0.        ]]]), 'num': array([ 5.13222663e-01,  2.61011619e-02,  1.29553591e-05, -1.14331044e-07,
        4.87121502e-02,  5.02667932e-02,  4.84530430e-02,  8.46589963e-01,
       -4.53437568e-04,  4.94894717e-02,  4.85016256e-02,  4.94160580e-02,
        6.68397507e-05,  5.08201915e-02,  4.61830596e-02])}
{'img': array([[[ 0.        ,  0.20227227,  0.14796989, ..., -0.34713485,
         -0.36604056, -0.43140212],
        [-0.20227227,  0.        , -0.05513438, ..., -0.52965336,
         -0.54670861, -0.60496665],
        [-0.14796989,  0.05513438,  0.        , ..., -0.48208196,
         -0.49971175, -0.56014567],
        ...,
        [ 0.34713485,  0.52965336,  0.48208196, ...,  0.        ,
         -0.02023509, -0.09140438],
        [ 0.36604056,  0.54670861,  0.49971175, ...,  0.02023509,
          0.        , -0.07123528],
        [ 0.43140212,  0.60496665,  0.56014567, ...,  0.09140438,
          0.07123528,  0.        ]],

       [[ 0.        ,  0.18663765,  0.25752874, ...,  0.00445526,
         -0.29521251, -0.05953179],
        [-0.18663765,  0.        ,  0.07266118, ..., -0.18225882,
         -0.46834479, -0.24479238],
        [-0.25752874, -0.07266118,  0.        , ..., -0.2532212 ,
         -0.53130628, -0.31459581],
        ...,
        [-0.00445526,  0.18225882,  0.2532212 , ...,  0.        ,
         -0.29946628, -0.06397856],
        [ 0.29521251,  0.46834479,  0.53130628, ...,  0.29946628,
          0.        ,  0.23781037],
        [ 0.05953179,  0.24479238,  0.31459581, ...,  0.06397856,
         -0.23781037,  0.        ]],

       [[ 0.        ,  0.19152533,  0.29719348, ..., -0.09614109,
         -0.08053339, -0.10394746],
        [-0.19152533,  0.        ,  0.10882005, ..., -0.28499942,
         -0.26994577, -0.29251095],
        [-0.29719348, -0.10882005,  0.        , ..., -0.38761397,
         -0.37312285, -0.39483436],
        ...,
        [ 0.09614109,  0.28499942,  0.38761397, ...,  0.        ,
          0.01566847, -0.00784568],
        [ 0.08053339,  0.26994577,  0.37312285, ..., -0.01566847,
          0.        , -0.02351271],
        [ 0.10394746,  0.29251095,  0.39483436, ...,  0.00784568,
          0.02351271,  0.        ]],

       ...,

       [[ 0.        ,  0.01439755,  0.40031612, ..., -0.34692687,
         -0.45559571, -0.36694085],
        [-0.01439755,  0.        ,  0.38708104, ..., -0.36039426,
         -0.468365  , -0.38029606],
        [-0.40031612, -0.38708104,  0.        , ..., -0.6933692 ,
         -0.77385361, -0.70864798],
        ...,
        [ 0.34692687,  0.36039426,  0.6933692 , ...,  0.        ,
         -0.11846994, -0.02142423],
        [ 0.45559571,  0.468365  ,  0.77385361, ...,  0.11846994,
          0.        ,  0.0971694 ],
        [ 0.36694085,  0.38029606,  0.70864798, ...,  0.02142423,
         -0.0971694 ,  0.        ]],

       [[ 0.        ,  0.18708123,  0.34084186, ..., -0.02248398,
         -0.1055052 , -0.20567608],
        [-0.18708123,  0.        ,  0.15894518, ..., -0.20912095,
         -0.28967953, -0.38512621],
        [-0.34084186, -0.15894518,  0.        , ..., -0.36189335,
         -0.43812715, -0.52691503],
        ...,
        [ 0.02248398,  0.20912095,  0.36189335, ...,  0.        ,
         -0.08312003, -0.1836208 ],
        [ 0.1055052 ,  0.28967953,  0.43812715, ...,  0.08312003,
          0.        , -0.10127864],
        [ 0.20567608,  0.38512621,  0.52691503, ...,  0.1836208 ,
          0.10127864,  0.        ]],

       [[ 0.        , -0.11735244, -0.15798143, ...,  0.42521025,
          0.60235653,  0.74139599],
        [ 0.11735244,  0.        , -0.0410111 , ...,  0.52848724,
          0.69186835,  0.81502463],
        [ 0.15798143,  0.0410111 ,  0.        , ...,  0.56285863,
          0.72089726,  0.83810185],
        ...,
        [-0.42521025, -0.52848724, -0.56285863, ...,  0.        ,
          0.20577527,  0.3856886 ],
        [-0.60235653, -0.69186835, -0.72089726, ..., -0.20577527,
          0.        ,  0.18758035],
        [-0.74139599, -0.81502463, -0.83810185, ..., -0.3856886 ,
         -0.18758035,  0.        ]]]), 'num': array([ 5.33616780e-01,  5.33616780e-01,  0.00000000e+00, -1.50763975e-06,
        5.09292176e-02,  5.17386886e-02,  5.05244821e-02,  6.40090549e-01,
        2.02367752e-04,  5.12125324e-02,  5.06324116e-02,  5.14137759e-02,
        7.04256747e-05,  5.28555523e-02,  4.84092708e-02])}
{'img': array([[[ 0.        , -0.05513438,  0.61796422, ..., -0.54670861,
         -0.60496665, -0.58027482],
        [ 0.05513438,  0.        ,  0.66037125, ..., -0.49971175,
         -0.56014567, -0.53448961],
        [-0.61796422, -0.66037125,  0.        , ..., -0.94726132,
         -0.96768305, -0.95949855],
        ...,
        [ 0.54670861,  0.49971175,  0.94726132, ...,  0.        ,
         -0.07123528, -0.04062659],
        [ 0.60496665,  0.56014567,  0.96768305, ...,  0.07123528,
          0.        ,  0.03065309],
        [ 0.58027482,  0.53448961,  0.95949855, ...,  0.04062659,
         -0.03065309,  0.        ]],

       [[ 0.        ,  0.07266118,  0.99375135, ..., -0.46834479,
         -0.24479238, -0.60187817],
        [-0.07266118,  0.        ,  0.98301437, ..., -0.53130628,
         -0.31459581, -0.65831355],
        [-0.99375135, -0.98301437,  0.        , ..., -0.93029984,
         -0.99083986, -0.86077738],
        ...,
        [ 0.46834479,  0.53130628,  0.93029984, ...,  0.        ,
          0.23781037, -0.15777243],
        [ 0.24479238,  0.31459581,  0.99083986, ..., -0.23781037,
          0.        , -0.3880781 ],
        [ 0.60187817,  0.65831355,  0.86077738, ...,  0.15777243,
          0.3880781 ,  0.        ]],

       [[ 0.        ,  0.10882005,  0.37513009, ..., -0.26994577,
         -0.29251095, -0.35223157],
        [-0.10882005,  0.        ,  0.27202921, ..., -0.37312285,
         -0.39483436, -0.45198592],
        [-0.37513009, -0.27202921,  0.        , ..., -0.6114358 ,
         -0.62987223, -0.67759795],
        ...,
        [ 0.26994577,  0.37312285,  0.6114358 , ...,  0.        ,
         -0.02351271, -0.08650944],
        [ 0.29251095,  0.39483436,  0.62987223, ...,  0.02351271,
          0.        , -0.06306096],
        [ 0.35223157,  0.45198592,  0.67759795, ...,  0.08650944,
          0.06306096,  0.        ]],

       ...,

       [[ 0.        ,  0.38708104,  0.4901119 , ..., -0.468365  ,
         -0.38029606, -0.3663344 ],
        [-0.38708104,  0.        ,  0.1145027 , ..., -0.77385361,
         -0.70864798, -0.69794949],
        [-0.4901119 , -0.1145027 ,  0.        , ..., -0.84128587,
         -0.78477593, -0.77535979],
        ...,
        [ 0.468365  ,  0.77385361,  0.84128587, ...,  0.        ,
          0.0971694 ,  0.1121365 ],
        [ 0.38029606,  0.70864798,  0.78477593, ..., -0.0971694 ,
          0.        ,  0.01504932],
        [ 0.3663344 ,  0.69794949,  0.77535979, ..., -0.1121365 ,
         -0.01504932,  0.        ]],

       [[ 0.        ,  0.15894518,  0.43590681, ..., -0.28967953,
         -0.38512621, -0.40084155],
        [-0.15894518,  0.        ,  0.28731594, ..., -0.43812715,
         -0.52691503, -0.54136303],
        [-0.43590681, -0.28731594,  0.        , ..., -0.67792594,
         -0.7488931 , -0.760109  ],
        ...,
        [ 0.28967953,  0.43812715,  0.67792594, ...,  0.        ,
         -0.10127864, -0.1182658 ],
        [ 0.38512621,  0.52691503,  0.7488931 , ...,  0.10127864,
          0.        , -0.01708983],
        [ 0.40084155,  0.54136303,  0.760109  , ...,  0.1182658 ,
          0.01708983,  0.        ]],

       [[ 0.        , -0.0410111 , -0.30421207, ...,  0.69186835,
          0.81502463,  0.85369084],
        [ 0.0410111 ,  0.        , -0.26488879, ...,  0.72089726,
          0.83810185,  0.87433039],
        [ 0.30421207,  0.26488879,  0.        , ...,  0.87872511,
          0.95266447,  0.9716572 ],
        ...,
        [-0.69186835, -0.72089726, -0.87872511, ...,  0.        ,
          0.18758035,  0.25607371],
        [-0.81502463, -0.83810185, -0.95266447, ..., -0.18758035,
          0.        ,  0.0702023 ],
        [-0.85369084, -0.87433039, -0.9716572 , ..., -0.25607371,
         -0.0702023 ,  0.        ]]]), 'num': array([ 5.40463869e-01,  2.51072259e-02,  1.39663047e-05, -1.57923990e-06,
        5.15356643e-02,  5.29322948e-02,  5.12563382e-02,  8.27838744e-01,
       -1.18713590e-03,  5.25831371e-02,  5.24993393e-02,  5.31348062e-02,
        6.50155563e-05,  5.45283507e-02,  5.04703279e-02])}
{'img': array([[[ 0.        ,  0.66037125,  0.92210713, ..., -0.56014567,
         -0.53448961, -0.6748028 ],
        [-0.66037125,  0.        ,  0.43692593, ..., -0.96768305,
         -0.95949855, -0.99408865],
        [-0.92210713, -0.43692593,  0.        , ..., -0.98060791,
         -0.9861545 , -0.9416179 ],
        ...,
        [ 0.56014567,  0.96768305,  0.98060791, ...,  0.        ,
          0.03065309, -0.14561624],
        [ 0.53448961,  0.95949855,  0.9861545 , ..., -0.03065309,
          0.        , -0.17587417],
        [ 0.6748028 ,  0.99408865,  0.9416179 , ...,  0.14561624,
          0.17587417,  0.        ]],

       [[ 0.        ,  0.98301437,  0.35720778, ..., -0.31459581,
         -0.65831355, -0.42778387],
        [-0.98301437,  0.        , -0.85260209, ..., -0.99083986,
         -0.86077738, -0.96703865],
        [-0.35720778,  0.85260209,  0.        , ..., -0.63291115,
         -0.88376723, -0.72243415],
        ...,
        [ 0.31459581,  0.99083986,  0.63291115, ...,  0.        ,
         -0.3880781 , -0.12170625],
        [ 0.65831355,  0.86077738,  0.88376723, ...,  0.3880781 ,
          0.        ,  0.27302548],
        [ 0.42778387,  0.96703865,  0.72243415, ...,  0.12170625,
         -0.27302548,  0.        ]],

       [[ 0.        ,  0.27202921,  0.52092816, ..., -0.39483436,
         -0.45198592, -0.5241515 ],
        [-0.27202921,  0.        ,  0.26907916, ..., -0.62987223,
         -0.67759795, -0.73605211],
        [-0.52092816, -0.26907916,  0.        , ..., -0.81563477,
         -0.85049639, -0.89105146],
        ...,
        [ 0.39483436,  0.62987223,  0.81563477, ...,  0.        ,
         -0.06306096, -0.14531458],
        [ 0.45198592,  0.67759795,  0.85049639, ...,  0.06306096,
          0.        , -0.08263376],
        [ 0.5241515 ,  0.73605211,  0.89105146, ...,  0.14531458,
          0.08263376,  0.        ]],

       ...,

       [[ 0.        ,  0.1145027 ,  0.66009857, ..., -0.70864798,
         -0.69794949, -0.79069442],
        [-0.1145027 ,  0.        ,  0.56974504, ..., -0.78477593,
         -0.77535979, -0.85559379],
        [-0.66009857, -0.56974504,  0.        , ..., -0.99806208,
         -0.9970126 , -0.99807266],
        ...,
        [ 0.70864798,  0.78477593,  0.99806208, ...,  0.        ,
          0.01504932, -0.12404201],
        [ 0.69794949,  0.77535979,  0.9970126 , ..., -0.01504932,
          0.        , -0.13896106],
        [ 0.79069442,  0.85559379,  0.99807266, ...,  0.12404201,
          0.13896106,  0.        ]],

       [[ 0.        ,  0.28731594,  0.57319475, ..., -0.52691503,
         -0.54136303, -0.58108524],
        [-0.28731594,  0.        ,  0.3135943 , ..., -0.7488931 ,
         -0.760109  , -0.79041426],
        [-0.57319475, -0.3135943 ,  0.        , ..., -0.91893279,
         -0.92553906, -0.94264275],
        ...,
        [ 0.52691503,  0.7488931 ,  0.91893279, ...,  0.        ,
         -0.01708983, -0.06504883],
        [ 0.54136303,  0.760109  ,  0.92553906, ...,  0.01708983,
          0.        , -0.0479857 ],
        [ 0.58108524,  0.79041426,  0.94264275, ...,  0.06504883,
          0.0479857 ,  0.        ]],

       [[ 0.        , -0.26488879, -0.42700631, ...,  0.83810185,
          0.87433039,  0.90944391],
        [ 0.26488879,  0.        , -0.17222788, ...,  0.95266447,
          0.9716572 ,  0.98710545],
        [ 0.42700631,  0.17222788,  0.        , ...,  0.99079029,
          0.99785155,  0.99992401],
        ...,
        [-0.83810185, -0.95266447, -0.99079029, ...,  0.        ,
          0.0702023 ,  0.14760914],
        [-0.87433039, -0.9716572 , -0.99785155, ..., -0.0702023 ,
          0.        ,  0.07781166],
        [-0.90944391, -0.98710545, -0.99992401, ..., -0.14760914,
         -0.07781166,  0.        ]]]), 'num': array([ 4.25624449e-01,  3.85630653e-01,  1.10327711e-06, -3.74231594e-06,
        3.99937951e-02,  4.08764168e-02,  3.97179758e-02,  8.10363654e-01,
       -7.17130119e-04,  4.11412033e-02,  4.13977152e-02,  4.18960287e-02,
        5.04889523e-05,  4.31251368e-02,  3.96702936e-02])}
{'img': array([[[ 0.        ,  0.43692593, -0.15811917, ..., -0.95949855,
         -0.99408865, -0.99941873],
        [-0.43692593,  0.        , -0.57365721, ..., -0.9861545 ,
         -0.9416179 , -0.88407942],
        [ 0.15811917,  0.57365721,  0.        , ..., -0.90288378,
         -0.96441584, -0.99223652],
        ...,
        [ 0.95949855,  0.9861545 ,  0.90288378, ...,  0.        ,
         -0.17587417, -0.31426004],
        [ 0.99408865,  0.9416179 ,  0.96441584, ...,  0.17587417,
          0.        , -0.14239771],
        [ 0.99941873,  0.88407942,  0.99223652, ...,  0.31426004,
          0.14239771,  0.        ]],

       [[ 0.        , -0.85260209, -0.89118202, ..., -0.86077738,
         -0.96703865, -0.99986521],
        [ 0.85260209,  0.        , -0.07891726, ..., -0.88376723,
         -0.72243415, -0.50849196],
        [ 0.89118202,  0.07891726,  0.        , ..., -0.84408341,
         -0.66561447, -0.43895303],
        ...,
        [ 0.86077738,  0.88376723,  0.84408341, ...,  0.        ,
          0.27302548,  0.52304556],
        [ 0.96703865,  0.72243415,  0.66561447, ..., -0.27302548,
          0.        ,  0.27047247],
        [ 0.99986521,  0.50849196,  0.43895303, ..., -0.52304556,
         -0.27047247,  0.        ]],

       [[ 0.        ,  0.26907916,  0.50317742, ..., -0.67759795,
         -0.73605211, -0.7991346 ],
        [-0.26907916,  0.        ,  0.2520856 , ..., -0.85049639,
         -0.89105146, -0.93141848],
        [-0.50317742, -0.2520856 ,  0.        , ..., -0.95562177,
         -0.97669713, -0.99308482],
        ...,
        [ 0.67759795,  0.85049639,  0.95562177, ...,  0.        ,
         -0.08263376, -0.18037013],
        [ 0.73605211,  0.89105146,  0.97669713, ...,  0.08263376,
          0.        , -0.0984748 ],
        [ 0.7991346 ,  0.93141848,  0.99308482, ...,  0.18037013,
          0.0984748 ,  0.        ]],

       ...,

       [[ 0.        ,  0.56974504,  0.04461144, ..., -0.77535979,
         -0.85559379, -0.86552691],
        [-0.56974504,  0.        , -0.53251517, ..., -0.9970126 ,
         -0.99807266, -0.99667251],
        [-0.04461144,  0.53251517,  0.        , ..., -0.80276086,
         -0.87783499, -0.8870094 ],
        ...,
        [ 0.77535979,  0.9970126 ,  0.80276086, ...,  0.        ,
         -0.13896106, -0.15824875],
        [ 0.85559379,  0.99807266,  0.87783499, ...,  0.13896106,
          0.        , -0.01950334],
        [ 0.86552691,  0.99667251,  0.8870094 , ...,  0.15824875,
          0.01950334,  0.        ]],

       [[ 0.        ,  0.3135943 ,  0.53272071, ..., -0.760109  ,
         -0.79041426, -0.78029096],
        [-0.3135943 ,  0.        ,  0.24045664, ..., -0.92553906,
         -0.94264275, -0.9370579 ],
        [-0.53272071, -0.24045664,  0.        , ..., -0.98943306,
         -0.99525072, -0.99352572],
        ...,
        [ 0.760109  ,  0.92553906,  0.98943306, ...,  0.        ,
         -0.0479857 , -0.03164479],
        [ 0.79041426,  0.94264275,  0.99525072, ...,  0.0479857 ,
          0.        ,  0.01635333],
        [ 0.78029096,  0.9370579 ,  0.99352572, ...,  0.03164479,
         -0.01635333,  0.        ]],

       [[ 0.        , -0.17222788, -0.45976833, ...,  0.9716572 ,
          0.98710545,  0.97675442],
        [ 0.17222788,  0.        , -0.29995302, ...,  0.99785155,
          0.99992401,  0.99907792],
        [ 0.45976833,  0.29995302,  0.        , ...,  0.97155602,
          0.95018377,  0.9659525 ],
        ...,
        [-0.9716572 , -0.99785155, -0.97155602, ...,  0.        ,
          0.07781166,  0.02261343],
        [-0.98710545, -0.99992401, -0.95018377, ..., -0.07781166,
          0.        , -0.0552469 ],
        [-0.97675442, -0.99907792, -0.9659525 , ..., -0.02261343,
          0.0552469 ,  0.        ]]]), 'num': array([ 6.90083055e-01,  1.04838291e-01,  1.58602917e-05, -6.28199722e-06,
        6.50271961e-02,  6.53796470e-02,  6.41460688e-02,  6.91623266e-01,
        1.14546551e-03,  6.53444019e-02,  6.60625207e-02,  6.67395202e-02,
        9.00282260e-05,  6.88616085e-02,  6.32634329e-02])}
{'img': array([[[ 0.        , -0.57365721, -0.57365721, ..., -0.9416179 ,
         -0.88407942, -0.9416179 ],
        [ 0.57365721,  0.        ,  0.        , ..., -0.96441584,
         -0.99223652, -0.96441584],
        [ 0.57365721,  0.        ,  0.        , ..., -0.96441584,
         -0.99223652, -0.96441584],
        ...,
        [ 0.9416179 ,  0.96441584,  0.96441584, ...,  0.        ,
         -0.14239771,  0.        ],
        [ 0.88407942,  0.99223652,  0.99223652, ...,  0.14239771,
          0.        ,  0.14239771],
        [ 0.9416179 ,  0.96441584,  0.96441584, ...,  0.        ,
         -0.14239771,  0.        ]],

       [[ 0.        , -0.07891726,  0.36482196, ..., -0.72243415,
         -0.50849196, -0.97580807],
        [ 0.07891726,  0.        ,  0.43716221, ..., -0.66561447,
         -0.43895303, -0.9555111 ],
        [-0.36482196, -0.43716221,  0.        , ..., -0.92489443,
         -0.78758138, -0.98831338],
        ...,
        [ 0.72243415,  0.66561447,  0.92489443, ...,  0.        ,
          0.27047247, -0.51676747],
        [ 0.50849196,  0.43895303,  0.78758138, ..., -0.27047247,
          0.        , -0.72906482],
        [ 0.97580807,  0.9555111 ,  0.98831338, ...,  0.51676747,
          0.72906482,  0.        ]],

       [[ 0.        ,  0.2520856 ,  0.51779074, ..., -0.89105146,
         -0.93141848, -0.95134797],
        [-0.2520856 ,  0.        ,  0.28540759, ..., -0.97669713,
         -0.99308482, -0.99829638],
        [-0.51779074, -0.28540759,  0.        , ..., -0.99732744,
         -0.98528526, -0.97342607],
        ...,
        [ 0.89105146,  0.97669713,  0.99732744, ...,  0.        ,
         -0.0984748 , -0.15726956],
        [ 0.93141848,  0.99308482,  0.98528526, ...,  0.0984748 ,
          0.        , -0.05925581],
        [ 0.95134797,  0.99829638,  0.97342607, ...,  0.15726956,
          0.05925581,  0.        ]],

       ...,

       [[ 0.        , -0.53251517, -0.60686225, ..., -0.99807266,
         -0.99667251, -0.99876096],
        [ 0.53251517,  0.        , -0.09041383, ..., -0.87783499,
         -0.8870094 , -0.8188712 ],
        [ 0.60686225,  0.09041383,  0.        , ..., -0.83093473,
         -0.84162775, -0.76362184],
        ...,
        [ 0.99807266,  0.87783499,  0.83093473, ...,  0.        ,
         -0.01950334,  0.11164822],
        [ 0.99667251,  0.8870094 ,  0.84162775, ...,  0.01950334,
          0.        ,  0.13100838],
        [ 0.99876096,  0.8188712 ,  0.76362184, ..., -0.11164822,
         -0.13100838,  0.        ]],

       [[ 0.        ,  0.24045664,  0.50387867, ..., -0.94264275,
         -0.9370579 , -0.93859512],
        [-0.24045664,  0.        ,  0.28139451, ..., -0.99525072,
         -0.99352572, -0.99401912],
        [-0.50387867, -0.28139451,  0.        , ..., -0.98242708,
         -0.985348  , -0.98458299],
        ...,
        [ 0.94264275,  0.99525072,  0.98242708, ...,  0.        ,
          0.01635333,  0.011925  ],
        [ 0.9370579 ,  0.99352572,  0.985348  , ..., -0.01635333,
          0.        , -0.00442877],
        [ 0.93859512,  0.99401912,  0.98458299, ..., -0.011925  ,
          0.00442877,  0.        ]],

       [[ 0.        , -0.29995302, -0.09596859, ...,  0.99992401,
          0.99907792,  0.99817497],
        [ 0.29995302,  0.        ,  0.20701892, ...,  0.95018377,
          0.9659525 ,  0.97032658],
        [ 0.09596859, -0.20701892,  0.        , ...,  0.99412566,
          0.99858684,  0.99936312],
        ...,
        [-0.99992401, -0.95018377, -0.99412566, ...,  0.        ,
         -0.0552469 , -0.07268868],
        [-0.99907792, -0.9659525 , -0.99858684, ...,  0.0552469 ,
          0.        , -0.01747691],
        [-0.99817497, -0.97032658, -0.99936312, ...,  0.07268868,
          0.01747691,  0.        ]]]), 'num': array([ 5.67686062e-01,  3.00629447e-01,  7.26684667e-06, -3.14291119e-06,
        5.34113230e-02,  5.39200023e-02,  5.30479807e-02,  7.51008256e-01,
       -2.18005400e-04,  5.36438621e-02,  5.43669134e-02,  5.48768038e-02,
        7.58981763e-05,  5.66451712e-02,  5.20886555e-02])}
{'img': array([[[ 0.        ,  0.        , -0.78988137, ..., -0.91011095,
         -0.96265863, -0.95271433],
        [ 0.        ,  0.        , -0.78988137, ..., -0.91011095,
         -0.96265863, -0.95271433],
        [ 0.78988137,  0.78988137,  0.        , ..., -0.88543325,
         -0.804195  , -0.82428048],
        ...,
        [ 0.91011095,  0.91011095,  0.88543325, ...,  0.        ,
          0.15250807,  0.11821808],
        [ 0.96265863,  0.96265863,  0.804195  , ..., -0.15250807,
          0.        , -0.03460344],
        [ 0.95271433,  0.95271433,  0.82428048, ..., -0.11821808,
          0.03460344,  0.        ]],

       [[ 0.        ,  0.43716221,  0.99187324, ..., -0.43895303,
         -0.9555111 , -0.78184569],
        [-0.43716221,  0.        ,  0.83645344, ..., -0.78758138,
         -0.98831338, -0.97573686],
        [-0.99187324, -0.83645344,  0.        , ..., -0.94705604,
         -0.41412784, -0.71787943],
        ...,
        [ 0.43895303,  0.78758138,  0.94705604, ...,  0.        ,
         -0.72906482, -0.42882126],
        [ 0.9555111 ,  0.98831338,  0.41412784, ...,  0.72906482,
          0.        ,  0.36512498],
        [ 0.78184569,  0.97573686,  0.71787943, ...,  0.42882126,
         -0.36512498,  0.        ]],

       [[ 0.        ,  0.28540759,  0.47372198, ..., -0.99308482,
         -0.99829638, -0.99995798],
        [-0.28540759,  0.        ,  0.20266693, ..., -0.98528526,
         -0.97342607, -0.96098226],
        [-0.47372198, -0.20266693,  0.        , ..., -0.93019894,
         -0.90681423, -0.88497999],
        ...,
        [ 0.99308482,  0.98528526,  0.93019894, ...,  0.        ,
         -0.05925581, -0.10829064],
        [ 0.99829638,  0.97342607,  0.90681423, ...,  0.05925581,
          0.        , -0.04919301],
        [ 0.99995798,  0.96098226,  0.88497999, ...,  0.10829064,
          0.04919301,  0.        ]],

       ...,

       [[ 0.        , -0.32967776, -0.70577184, ..., -0.99998693,
         -0.99055984, -0.98588899],
        [ 0.32967776,  0.        , -0.43275797, ..., -0.94576682,
         -0.88998857, -0.87558321],
        [ 0.70577184,  0.43275797,  0.        , ..., -0.71203856,
         -0.60500351, -0.58029591],
        ...,
        [ 0.99998693,  0.94576682,  0.71203856, ...,  0.        ,
          0.14214395,  0.17243909],
        [ 0.99055984,  0.88998857,  0.60500351, ..., -0.14214395,
          0.        ,  0.03067348],
        [ 0.98588899,  0.87558321,  0.58029591, ..., -0.17243909,
         -0.03067348,  0.        ]],

       [[ 0.        ,  0.28139451,  0.46467363, ..., -0.99352572,
         -0.99401912, -0.99735898],
        [-0.28139451,  0.        ,  0.1967274 , ..., -0.985348  ,
         -0.98458299, -0.97749544],
        [-0.46467363, -0.1967274 ,  0.        , ..., -0.93253954,
         -0.93093131, -0.91689251],
        ...,
        [ 0.99352572,  0.985348  ,  0.93253954, ...,  0.        ,
         -0.00442877, -0.04114801],
        [ 0.99401912,  0.98458299,  0.93093131, ...,  0.00442877,
          0.        , -0.03672259],
        [ 0.99735898,  0.97749544,  0.91689251, ...,  0.04114801,
          0.03672259,  0.        ]],

       [[ 0.        ,  0.20701892,  0.36473939, ...,  0.9659525 ,
          0.97032658,  0.97449391],
        [-0.20701892,  0.        ,  0.16408071, ...,  0.99858684,
          0.99936312,  0.99984132],
        [-0.36473939, -0.16408071,  0.        , ...,  0.99377288,
          0.99167374,  0.98921329],
        ...,
        [-0.9659525 , -0.99858684, -0.99377288, ...,  0.        ,
         -0.01747691, -0.03534735],
        [-0.97032658, -0.99936312, -0.99167374, ...,  0.01747691,
          0.        , -0.01787597],
        [-0.97449391, -0.99984132, -0.98921329, ...,  0.03534735,
          0.01787597,  0.        ]]]), 'num': array([ 5.16395234e-01,  2.70695272e-01,  6.54327464e-06, -3.07533908e-06,
        4.91399925e-02,  4.92054253e-02,  4.75041739e-02,  8.00628541e-01,
        1.04692394e-03,  4.82501072e-02,  4.89665957e-02,  4.93013933e-02,
        7.61651016e-05,  5.10192555e-02,  4.69139360e-02])}
{'img': array([[[ 0.        , -0.78988137, -0.76299123, ..., -0.96265863,
         -0.95271433, -0.99189352],
        [ 0.78988137,  0.        ,  0.04267455, ..., -0.804195  ,
         -0.82428048, -0.70865996],
        [ 0.76299123, -0.04267455,  0.        , ..., -0.82882668,
         -0.84769113, -0.73812342],
        ...,
        [ 0.96265863,  0.804195  ,  0.82882668, ...,  0.        ,
         -0.03460344,  0.14619687],
        [ 0.95271433,  0.82428048,  0.84769113, ...,  0.03460344,
          0.        ,  0.18034096],
