state_0,state_1,state_2,state_3,state_4,state_5,state_6,state_7,state_8,state_9,state_10,state_11,state_12,state_13,state_14,state_15,state_16,state_17,state_18,state_19,state_20,state_21,state_22,state_23,state_24,state_25,state_26,state_27,state_28,state_29,state_30,state_31,state_32,state_33,state_34,state_35,state_36,state_37,state_38,state_39,state_40,state_41,state_42,state_43,state_44,state_45,state_46,state_47,state_48,state_49,state_50,state_51,state_52,state_53,state_54,state_55,state_56,state_57,state_58,state_59,state_60,state_61,state_62,state_63,state_64,state_65,state_66,state_67,state_68,state_69,state_70,state_71,state_72,state_73,state_74,state_75,state_76,state_77,state_78,state_79,state_80,state_81,state_82,state_83,state_84,state_85,state_86,state_87,state_88,state_89,state_90,state_91,state_92,state_93,state_94,state_95,state_96,state_97,state_98,state_99,state_100,state_101,state_102,state_103,state_104,state_105,state_106,state_107,state_108,state_109,state_110,state_111,state_112,state_113,state_114,state_115,state_116,state_117,state_118,state_119,state_120,state_121,state_122,state_123,state_124,state_125,state_126,state_127,state_128,state_129,state_130,state_131,state_132,state_133,state_134,state_135,state_136,state_137,state_138,state_139,state_140,state_141,state_142,state_143,state_144,state_145,state_146,state_147,state_148,state_149,state_150,state_151,state_152,state_153,state_154,state_155,state_156,state_157,state_158,state_159,state_160,state_161,state_162,state_163,state_164,state_165,state_166,state_167,state_168,state_169,state_170,state_171,state_172,state_173,state_174,state_175,state_176,state_177,state_178,state_179,state_180,state_181,state_182,state_183,state_184,state_185,state_186,state_187,state_188,state_189,state_190,state_191,state_192,state_193,state_194,state_195,state_196,state_197,state_198,state_199,state_200,state_201,state_202,state_203,state_204,state_205,state_206,state_207,state_208,state_209,state_210,state_211,state_212,state_213,state_214,state_215,state_216,state_217,state_218,state_219,state_220,state_221,state_222,state_223,state_224,state_225,state_226,state_227,state_228,state_229,state_230,state_231,state_232,state_233,state_234,state_235,state_236,state_237,state_238,state_239,state_240,state_241,state_242,state_243,state_244,state_245,state_246,state_247,state_248,state_249,state_250,state_251,state_252,state_253,state_254,state_255,state_256,state_257,state_258,state_259,state_260,state_261,state_262,state_263,state_264,state_265,state_266,state_267,state_268,state_269,state_270,state_271,state_272,state_273,state_274,state_275,state_276,state_277,state_278,state_279,state_280,state_281,state_282,state_283,state_284,state_285,state_286,state_287
{'img': array([[[ 0.        , -0.31704208, -0.34047729, ..., -0.73369857,
         -0.78071594, -0.78823366],
        [ 0.31704208,  0.        , -0.02481289, ..., -0.48042595,
         -0.54232477, -0.55246973],
        [ 0.34047729,  0.02481289,  0.        , ..., -0.45851625,
         -0.52131078, -0.53161727],
        ...,
        [ 0.73369857,  0.48042595,  0.45851625, ...,  0.        ,
         -0.07199901, -0.08408459],
        [ 0.78071594,  0.54232477,  0.52131078, ...,  0.07199901,
          0.        , -0.01212234],
        [ 0.78823366,  0.55246973,  0.53161727, ...,  0.08408459,
          0.01212234,  0.        ]],

       [[ 0.        ,  0.97968176,  0.58507734, ..., -0.45986162,
         -0.8260024 , -0.95635315],
        [-0.97968176,  0.        , -0.67715771, ..., -0.96217728,
         -0.71787558, -0.47808072],
        [-0.58507734,  0.67715771,  0.        , ..., -0.8924806 ,
         -0.99965792, -0.94654831],
        ...,
        [ 0.45986162,  0.96217728,  0.8924806 , ...,  0.        ,
         -0.47427372, -0.71485489],
        [ 0.8260024 ,  0.71787558,  0.99965792, ...,  0.47427372,
          0.        , -0.29769539],
        [ 0.95635315,  0.47808072,  0.94654831, ...,  0.71485489,
          0.29769539,  0.        ]],

       [[ 0.        , -0.2854075 , -0.41292819, ..., -0.98721837,
         -0.984158  , -0.98468951],
        [ 0.2854075 ,  0.        , -0.13581421, ..., -0.90066989,
         -0.89262226, -0.8939811 ],
        [ 0.41292819,  0.13581421,  0.        , ..., -0.83331276,
         -0.82312574, -0.82483878],
        ...,
        [ 0.98721837,  0.90066989,  0.83331276, ...,  0.        ,
          0.01817888,  0.01515601],
        [ 0.984158  ,  0.89262226,  0.82312574, ..., -0.01817888,
          0.        , -0.00302329],
        [ 0.98468951,  0.8939811 ,  0.82483878, ..., -0.01515601,
          0.00302329,  0.        ]],

       ...,

       [[ 0.        , -0.54361443, -0.5751404 , ..., -0.5025934 ,
         -0.27140463,  0.0535553 ],
        [ 0.54361443,  0.        , -0.03802916, ...,  0.04812286,
          0.29541062,  0.58778512],
        [ 0.5751404 ,  0.03802916,  0.        , ...,  0.08607315,
          0.33152886,  0.61812617],
        ...,
        [ 0.5025934 , -0.04812286, -0.08607315, ...,  0.        ,
          0.2490932 ,  0.54817191],
        [ 0.27140463, -0.29541062, -0.33152886, ..., -0.2490932 ,
          0.        ,  0.32256025],
        [-0.0535553 , -0.58778512, -0.61812617, ..., -0.54817191,
         -0.32256025,  0.        ]],

       [[ 0.        ,  0.00917043,  0.01897532, ..., -0.91935057,
         -0.93131728, -0.9227428 ],
        [-0.00917043,  0.        ,  0.00980575, ..., -0.91570391,
         -0.92793817, -0.91916957],
        [-0.01897532, -0.00980575,  0.        , ..., -0.91171941,
         -0.92423862, -0.91526326],
        ...,
        [ 0.91935057,  0.91570391,  0.91171941, ...,  0.        ,
          0.03158121,  0.00871063],
        [ 0.93131728,  0.92793817,  0.92423862, ..., -0.03158121,
          0.        , -0.02287373],
        [ 0.9227428 ,  0.91916957,  0.91526326, ..., -0.00871063,
          0.02287373,  0.        ]],

       [[ 0.        ,  0.15834359,  0.27274141, ...,  0.3573071 ,
          0.36698618,  0.37025072],
        [-0.15834359,  0.        ,  0.11696015, ...,  0.20490849,
          0.21506092,  0.21848925],
        [-0.27274141, -0.11696015,  0.        , ...,  0.08902374,
          0.09936151,  0.10285536],
        ...,
        [-0.3573071 , -0.20490849, -0.08902374, ...,  0.        ,
          0.0103838 ,  0.01389539],
        [-0.36698618, -0.21506092, -0.09936151, ..., -0.0103838 ,
          0.        ,  0.00351184],
        [-0.37025072, -0.21848925, -0.10285536, ..., -0.01389539,
         -0.00351184,  0.        ]]]), 'num': array([9.99704013e-01, 2.43271200e-02, 1.59897845e-05, 9.25317196e-05,
       9.26834110e-05, 9.16215716e-05, 9.75269156e-05, 1.51691344e-07,
       9.29867937e-05, 9.11892512e-05, 9.33988885e-05, 1.01127562e-07,
       9.50174972e-05, 8.73610053e-05])}
{'img': array([[[ 0.        , -0.02481289,  0.35978738, ..., -0.54232477,
         -0.55246973, -0.54232477],
        [ 0.02481289,  0.        ,  0.38282789, ..., -0.52131078,
         -0.53161727, -0.52131078],
        [-0.35978738, -0.38282789,  0.        , ..., -0.80828981,
         -0.81536786, -0.80828981],
        ...,
        [ 0.54232477,  0.52131078,  0.80828981, ...,  0.        ,
         -0.01212234,  0.        ],
        [ 0.55246973,  0.53161727,  0.81536786, ...,  0.01212234,
          0.        ,  0.01212234],
        [ 0.54232477,  0.52131078,  0.80828981, ...,  0.        ,
         -0.01212234,  0.        ]],

       [[ 0.        , -0.67715771, -0.85083226, ..., -0.71787558,
         -0.47808072, -0.69248478],
        [ 0.67715771,  0.        , -0.27027065, ..., -0.99965792,
         -0.94654831, -0.99808013],
        [ 0.85083226,  0.27027065,  0.        , ..., -0.96952379,
         -0.998501  , -0.97767544],
        ...,
        [ 0.71787558,  0.99965792,  0.96952379, ...,  0.        ,
         -0.29769539, -0.03581064],
        [ 0.47808072,  0.94654831,  0.998501  , ...,  0.29769539,
          0.        ,  0.26331743],
        [ 0.69248478,  0.99808013,  0.97767544, ...,  0.03581064,
         -0.26331743,  0.        ]],

       [[ 0.        , -0.13581421, -0.12831767, ..., -0.89262226,
         -0.8939811 , -0.87577654],
        [ 0.13581421,  0.        ,  0.00756273, ..., -0.82312574,
         -0.82483878, -0.80210208],
        [ 0.12831767, -0.00756273,  0.        , ..., -0.82739676,
         -0.82909091, -0.80659551],
        ...,
        [ 0.89262226,  0.82312574,  0.82739676, ...,  0.        ,
         -0.00302329,  0.03607893],
        [ 0.8939811 ,  0.82483878,  0.82909091, ...,  0.00302329,
          0.        ,  0.03910008],
        [ 0.87577654,  0.80210208,  0.80659551, ..., -0.03607893,
         -0.03910008,  0.        ]],

       ...,

       [[ 0.        , -0.03802916,  0.28066584, ...,  0.29541062,
          0.58778512,  0.49571647],
        [ 0.03802916,  0.        ,  0.31696341, ...,  0.33152886,
          0.61812617,  0.52838561],
        [-0.28066584, -0.31696341,  0.        , ...,  0.01539692,
          0.33709596,  0.23203751],
        ...,
        [-0.29541062, -0.33152886, -0.01539692, ...,  0.        ,
          0.32256025,  0.21703332],
        [-0.58778512, -0.61812617, -0.33709596, ..., -0.32256025,
          0.        , -0.10943912],
        [-0.49571647, -0.52838561, -0.23203751, ..., -0.21703332,
          0.10943912,  0.        ]],

       [[ 0.        ,  0.00980575,  0.06597045, ..., -0.92793817,
         -0.91916957, -0.91335555],
        [-0.00980575,  0.        ,  0.05618289, ..., -0.92423862,
         -0.91526326, -0.9093191 ],
        [-0.06597045, -0.05618289,  0.        , ..., -0.90132729,
         -0.89118397, -0.88450515],
        ...,
        [ 0.92793817,  0.92423862,  0.90132729, ...,  0.        ,
         -0.02287373, -0.0373832 ],
        [ 0.91916957,  0.91526326,  0.89118397, ...,  0.02287373,
          0.        , -0.01451568],
        [ 0.91335555,  0.9093191 ,  0.88450515, ...,  0.0373832 ,
          0.01451568,  0.        ]],

       [[ 0.        ,  0.11696015,  0.2781695 , ...,  0.21506092,
          0.21848925,  0.22072837],
        [-0.11696015,  0.        ,  0.16391635, ...,  0.09936151,
          0.10285536,  0.10513806],
        [-0.2781695 , -0.16391635,  0.        , ..., -0.06508762,
         -0.06158282, -0.05929188],
        ...,
        [-0.21506092, -0.09936151,  0.06508762, ...,  0.        ,
          0.00351184,  0.00580696],
        [-0.21848925, -0.10285536,  0.06158282, ..., -0.00351184,
          0.        ,  0.00229514],
        [-0.22072837, -0.10513806,  0.05929188, ..., -0.00580696,
         -0.00229514,  0.        ]]]), 'num': array([ 7.07072195e-01,  7.07072195e-01,  0.00000000e+00,  2.70218673e-03,
        2.75172682e-03,  2.68867580e-03,  6.20705804e-03, -4.50364456e-05,
        2.74271954e-03,  2.70646520e-03,  2.76861549e-03,  2.59300747e-06,
        2.81998831e-03,  2.59294208e-03])}
{'img': array([[[ 0.        ,  0.38282789,  0.57812604, ..., -0.53161727,
         -0.52131078, -0.62222192],
        [-0.38282789,  0.        ,  0.22171677, ..., -0.81536786,
         -0.80828981, -0.87451418],
        [-0.57812604, -0.22171677,  0.        , ..., -0.92343568,
         -0.91871584, -0.96028112],
        ...,
        [ 0.53161727,  0.81536786,  0.92343568, ...,  0.        ,
          0.01212234, -0.11084069],
        [ 0.52131078,  0.80828981,  0.91871584, ..., -0.01212234,
          0.        , -0.12288019],
        [ 0.62222192,  0.87451418,  0.96028112, ...,  0.11084069,
          0.12288019,  0.        ]],

       [[ 0.        , -0.27027065, -0.19363887, ..., -0.94654831,
         -0.99808013, -0.73845761],
        [ 0.27027065,  0.        ,  0.07872272, ..., -0.998501  ,
         -0.97767544, -0.52873199],
        [ 0.19363887, -0.07872272,  0.        , ..., -0.99109343,
         -0.99118255, -0.59391006],
        ...,
        [ 0.94654831,  0.998501  ,  0.99109343, ...,  0.        ,
          0.26331743,  0.87645586],
        [ 0.99808013,  0.97767544,  0.99118255, ..., -0.26331743,
          0.        ,  0.71874241],
        [ 0.73845761,  0.52873199,  0.59391006, ..., -0.87645586,
         -0.71874241,  0.        ]],

       [[ 0.        ,  0.00756273,  0.05003845, ..., -0.82483878,
         -0.80210208, -0.83665947],
        [-0.00756273,  0.        ,  0.04248376, ..., -0.82909091,
         -0.80659551, -0.84077783],
        [-0.05003845, -0.04248376,  0.        , ..., -0.85209563,
         -0.83097959, -0.86301861],
        ...,
        [ 0.82483878,  0.82909091,  0.85209563, ...,  0.        ,
          0.03910008, -0.02123701],
        [ 0.80210208,  0.80659551,  0.83097959, ..., -0.03910008,
          0.        , -0.06031203],
        [ 0.83665947,  0.84077783,  0.86301861, ...,  0.02123701,
          0.06031203,  0.        ]],

       ...,

       [[ 0.        ,  0.31696341,  0.42398613, ...,  0.61812617,
          0.52838561,  0.00398649],
        [-0.31696341,  0.        ,  0.11506062, ...,  0.33709596,
          0.23203751, -0.31317995],
        [-0.42398613, -0.11506062,  0.        , ...,  0.22653097,
          0.11857617, -0.42037232],
        ...,
        [-0.61812617, -0.33709596, -0.22653097, ...,  0.        ,
         -0.10943912, -0.61498756],
        [-0.52838561, -0.23203751, -0.11857617, ...,  0.10943912,
          0.        , -0.52499687],
        [-0.00398649,  0.31317995,  0.42037232, ...,  0.61498756,
          0.52499687,  0.        ]],

       [[ 0.        ,  0.05618289,  0.13943124, ..., -0.91526326,
         -0.9093191 , -0.90566508],
        [-0.05618289,  0.        ,  0.08357692, ..., -0.89118397,
         -0.88450515, -0.88041337],
        [-0.13943124, -0.08357692,  0.        , ..., -0.850152  ,
         -0.84241938, -0.83770033],
        ...,
        [ 0.91526326,  0.89118397,  0.850152  , ...,  0.        ,
         -0.01451568, -0.02321313],
        [ 0.9093191 ,  0.88450515,  0.84241938, ...,  0.01451568,
          0.        , -0.00869892],
        [ 0.90566508,  0.88041337,  0.83770033, ...,  0.02321313,
          0.00869892,  0.        ]],

       [[ 0.        ,  0.16391635,  0.33279181, ...,  0.10285536,
          0.10513806,  0.10097241],
        [-0.16391635,  0.        ,  0.17371739, ..., -0.06158282,
         -0.05929188, -0.06347192],
        [-0.33279181, -0.17371739,  0.        , ..., -0.23403416,
         -0.23180214, -0.23587397],
        ...,
        [-0.10285536,  0.06158282,  0.23403416, ...,  0.        ,
          0.00229514, -0.0018928 ],
        [-0.10513806,  0.05929188,  0.23180214, ..., -0.00229514,
          0.        , -0.00418793],
        [-0.10097241,  0.06347192,  0.23587397, ...,  0.0018928 ,
          0.00418793,  0.        ]]]), 'num': array([ 8.99899652e-01,  4.35961102e-01,  7.74521787e-06,  3.43658185e-03,
        3.47674224e-03,  3.40789586e-03,  4.77908628e-03, -5.73719842e-06,
        3.47444736e-03,  3.44805625e-03,  3.52149239e-03,  2.96529357e-06,
        3.59256078e-03,  3.30355172e-03])}
{'img': array([[[ 0.        ,  0.22171677,  0.76244008, ..., -0.80828981,
         -0.87451418, -0.88055759],
        [-0.22171677,  0.        ,  0.6       , ..., -0.91871584,
         -0.96028112, -0.96372175],
        [-0.76244008, -0.6       ,  0.        , ..., -0.97192421,
         -0.93564551, -0.93112277],
        ...,
        [ 0.80828981,  0.91871584,  0.97192421, ...,  0.        ,
         -0.12288019, -0.13537877],
        [ 0.87451418,  0.96028112,  0.93564551, ...,  0.12288019,
          0.        , -0.01260386],
        [ 0.88055759,  0.96372175,  0.93112277, ...,  0.13537877,
          0.01260386,  0.        ]],

       [[ 0.        ,  0.07872272,  0.92411765, ..., -0.97767544,
         -0.52873199, -0.86825426],
        [-0.07872272,  0.        ,  0.89116911, ..., -0.99118255,
         -0.59391006, -0.90461555],
        [-0.92411765, -0.89116911,  0.        , ..., -0.56775399,
         -0.9864135 , -0.79023972],
        ...,
        [ 0.97767544,  0.99118255,  0.56775399, ...,  0.        ,
          0.71874241,  0.30260556],
        [ 0.52873199,  0.59391006,  0.9864135 , ..., -0.71874241,
          0.        , -0.47465028],
        [ 0.86825426,  0.90461555,  0.79023972, ..., -0.30260556,
          0.47465028,  0.        ]],

       [[ 0.        ,  0.04248376,  0.18070934, ..., -0.80659551,
         -0.84077783, -0.8678759 ],
        [-0.04248376,  0.        ,  0.13876186, ..., -0.83097959,
         -0.86301861, -0.88819747],
        [-0.18070934, -0.13876186,  0.        , ..., -0.90013414,
         -0.9247682 , -0.94336064],
        ...,
        [ 0.80659551,  0.83097959,  0.90013414, ...,  0.        ,
         -0.06031203, -0.11230336],
        [ 0.84077783,  0.86301861,  0.9247682 , ...,  0.06031203,
          0.        , -0.05216842],
        [ 0.8678759 ,  0.88819747,  0.94336064, ...,  0.11230336,
          0.05216842,  0.        ]],

       ...,

       [[ 0.        ,  0.11506062,  0.09678387, ...,  0.23203751,
         -0.31317995, -0.54210507],
        [-0.11506062,  0.        , -0.01837939, ...,  0.11857617,
         -0.42037232, -0.63519134],
        [-0.09678387,  0.01837939,  0.        , ...,  0.13680586,
         -0.40362474, -0.62088864],
        ...,
        [-0.23203751, -0.11857617, -0.13680586, ...,  0.        ,
         -0.52499687, -0.72229292],
        [ 0.31317995,  0.42037232,  0.40362474, ...,  0.52499687,
          0.        , -0.25166536],
        [ 0.54210507,  0.63519134,  0.62088864, ...,  0.72229292,
          0.25166536,  0.        ]],

       [[ 0.        ,  0.08357692,  0.39046834, ..., -0.88450515,
         -0.88041337, -0.88096113],
        [-0.08357692,  0.        ,  0.31215994, ..., -0.84241938,
         -0.83770033, -0.83833129],
        [-0.39046834, -0.31215994,  0.        , ..., -0.63212455,
         -0.62536012, -0.62626204],
        ...,
        [ 0.88450515,  0.84241938,  0.63212455, ...,  0.        ,
         -0.00869892, -0.00754262],
        [ 0.88041337,  0.83770033,  0.62536012, ...,  0.00869892,
          0.        ,  0.00115634],
        [ 0.88096113,  0.83833129,  0.62626204, ...,  0.00754262,
         -0.00115634,  0.        ]],

       [[ 0.        ,  0.17371739,  0.18249232, ..., -0.05929188,
         -0.06347192, -0.06175779],
        [-0.17371739,  0.        ,  0.00891742, ..., -0.23180214,
         -0.23587397, -0.23420459],
        [-0.18249232, -0.00891742,  0.        , ..., -0.24046746,
         -0.2445304 , -0.24286468],
        ...,
        [ 0.05929188,  0.23180214,  0.24046746, ...,  0.        ,
         -0.00418793, -0.00247044],
        [ 0.06347192,  0.23587397,  0.2445304 , ...,  0.00418793,
          0.        ,  0.0017175 ],
        [ 0.06175779,  0.23420459,  0.24286468, ...,  0.00247044,
         -0.0017175 ,  0.        ]]]), 'num': array([ 8.31480082e-01,  5.55400119e-01,  4.69523746e-06,  3.13727230e-03,
        3.20663376e-03,  3.13193680e-03,  9.47824384e-03, -5.86904682e-05,
        3.20770086e-03,  3.20476634e-03,  3.26630241e-03,  2.13419884e-06,
        3.34189069e-03,  3.06764199e-03])}
{'img': array([[[ 0.        ,  0.6       ,  0.01987111, ..., -0.96028112,
         -0.96372175, -0.99198663],
        [-0.6       ,  0.        , -0.58398464, ..., -0.93564551,
         -0.93112277, -0.86939505],
        [-0.01987111,  0.58398464,  0.        , ..., -0.96563623,
         -0.96883524, -0.99430133],
        ...,
        [ 0.96028112,  0.93564551,  0.96563623, ...,  0.        ,
         -0.01260386, -0.15547365],
        [ 0.96372175,  0.93112277,  0.96883524, ...,  0.01260386,
          0.        , -0.14301071],
        [ 0.99198663,  0.86939505,  0.99430133, ...,  0.15547365,
          0.14301071,  0.        ]],

       [[ 0.        ,  0.89116911,  0.02057094, ..., -0.59391006,
         -0.90461555, -0.3477335 ],
        [-0.89116911,  0.        , -0.88164809, ..., -0.9864135 ,
         -0.79023972, -0.99331099],
        [-0.02057094,  0.88164809,  0.        , ..., -0.61033436,
         -0.91319205, -0.3669471 ],
        ...,
        [ 0.59391006,  0.9864135 ,  0.61033436, ...,  0.        ,
         -0.47465028,  0.27708363],
        [ 0.90461555,  0.79023972,  0.91319205, ...,  0.47465028,
          0.        ,  0.69994767],
        [ 0.3477335 ,  0.99331099,  0.3669471 , ..., -0.27708363,
         -0.69994767,  0.        ]],

       [[ 0.        ,  0.13876186,  0.34866759, ..., -0.86301861,
         -0.88819747, -0.91780001],
        [-0.13876186,  0.        ,  0.21524045, ..., -0.9247682 ,
         -0.94336064, -0.96401543],
        [-0.34866759, -0.21524045,  0.        , ..., -0.98499828,
         -0.99265941, -0.99864083],
        ...,
        [ 0.86301861,  0.9247682 ,  0.98499828, ...,  0.        ,
         -0.05216842, -0.12099148],
        [ 0.88819747,  0.94336064,  0.99265941, ...,  0.05216842,
          0.        , -0.06904156],
        [ 0.91780001,  0.96401543,  0.99864083, ...,  0.12099148,
          0.06904156,  0.        ]],

       ...,

       [[ 0.        , -0.01837939, -0.36495283, ..., -0.42037232,
         -0.63519134, -0.90987106],
        [ 0.01837939,  0.        , -0.3477795 , ..., -0.40362474,
         -0.62088864, -0.90209192],
        [ 0.36495283,  0.3477795 ,  0.        , ..., -0.06023699,
         -0.30950658, -0.69569792],
        ...,
        [ 0.42037232,  0.40362474,  0.06023699, ...,  0.        ,
         -0.25166536, -0.65116431],
        [ 0.63519134,  0.62088864,  0.30950658, ...,  0.25166536,
          0.        , -0.43920804],
        [ 0.90987106,  0.90209192,  0.69569792, ...,  0.65116431,
          0.43920804,  0.        ]],

       [[ 0.        ,  0.31215994,  0.36855364, ..., -0.83770033,
         -0.83833129, -0.84167691],
        [-0.31215994,  0.        ,  0.05995095, ..., -0.62536012,
         -0.62626204, -0.63105737],
        [-0.36855364, -0.05995095,  0.        , ..., -0.5774534 ,
         -0.57839708, -0.58341618],
        ...,
        [ 0.83770033,  0.62536012,  0.5774534 , ...,  0.        ,
          0.00115634,  0.0073225 ],
        [ 0.83833129,  0.62626204,  0.57839708, ..., -0.00115634,
          0.        ,  0.00616619],
        [ 0.84167691,  0.63105737,  0.58341618, ..., -0.0073225 ,
         -0.00616619,  0.        ]],

       [[ 0.        ,  0.00891742,  0.23379101, ..., -0.23587397,
         -0.23420459, -0.25488762],
        [-0.00891742,  0.        ,  0.22511142, ..., -0.2445304 ,
         -0.24286468, -0.26350038],
        [-0.23379101, -0.22511142,  0.        , ..., -0.45653145,
         -0.45500271, -0.47389295],
        ...,
        [ 0.23587397,  0.2445304 ,  0.45653145, ...,  0.        ,
          0.0017175 , -0.01961241],
        [ 0.23420459,  0.24286468,  0.45500271, ..., -0.0017175 ,
          0.        , -0.02132955],
        [ 0.25488762,  0.26350038,  0.47389295, ...,  0.01961241,
          0.02132955,  0.        ]]]), 'num': array([ 7.43663408e-01,  6.68453953e-01,  1.29004211e-06,  2.78553537e-03,
        2.80464710e-03,  2.74253397e-03,  8.33930999e-03, -2.38896687e-05,
        2.84764851e-03,  2.87034369e-03,  2.91581370e-03,  1.71382406e-06,
        2.99173989e-03,  2.74894750e-03])}
{'img': array([[[ 0.        , -0.58398464, -0.65808782, ..., -0.93112277,
         -0.86939505, -0.83322029],
        [ 0.58398464,  0.        , -0.09450639, ..., -0.96883524,
         -0.99430133, -0.99928798],
        [ 0.65808782,  0.09450639,  0.        , ..., -0.94108918,
         -0.97977614, -0.99124972],
        ...,
        [ 0.93112277,  0.96883524,  0.94108918, ...,  0.        ,
         -0.14301071, -0.21097578],
        [ 0.86939505,  0.99430133,  0.97977614, ...,  0.14301071,
          0.        , -0.06901547],
        [ 0.83322029,  0.99928798,  0.99124972, ...,  0.21097578,
          0.06901547,  0.        ]],

       [[ 0.        , -0.88164809, -0.91763684, ..., -0.79023972,
         -0.99331099, -0.99551492],
        [ 0.88164809,  0.        , -0.08265511, ..., -0.91319205,
         -0.3669471 , -0.38638284],
        [ 0.91763684,  0.08265511,  0.        , ..., -0.87638291,
         -0.28880225, -0.30882473],
        ...,
        [ 0.79023972,  0.91319205,  0.87638291, ...,  0.        ,
          0.69994767,  0.68480979],
        [ 0.99331099,  0.3669471 ,  0.28880225, ..., -0.69994767,
          0.        , -0.02098003],
        [ 0.99551492,  0.38638284,  0.30882473, ..., -0.68480979,
          0.02098003,  0.        ]],

       [[ 0.        ,  0.21524045,  0.63762267, ..., -0.94336064,
         -0.96401543, -0.98302569],
        [-0.21524045,  0.        ,  0.45686726, ..., -0.99265941,
         -0.99864083, -0.99947436],
        [-0.63762267, -0.45686726,  0.        , ..., -0.93826024,
         -0.91213778, -0.87425604],
        ...,
        [ 0.94336064,  0.99265941,  0.93826024, ...,  0.        ,
         -0.06904156, -0.15306102],
        [ 0.96401543,  0.99864083,  0.91213778, ...,  0.06904156,
          0.        , -0.08446776],
        [ 0.98302569,  0.99947436,  0.87425604, ...,  0.15306102,
          0.08446776,  0.        ]],

       ...,

       [[ 0.        , -0.3477795 , -0.4581236 , ..., -0.62088864,
         -0.90209192, -0.9596531 ],
        [ 0.3477795 ,  0.        , -0.12038866, ..., -0.30950658,
         -0.69569792, -0.80195711],
        [ 0.4581236 ,  0.12038866,  0.        , ..., -0.19277824,
         -0.60415868, -0.72420638],
        ...,
        [ 0.62088864,  0.30950658,  0.19277824, ...,  0.        ,
         -0.43920804, -0.57768532],
        [ 0.90209192,  0.69569792,  0.60415868, ...,  0.43920804,
          0.        , -0.16047629],
        [ 0.9596531 ,  0.80195711,  0.72420638, ...,  0.57768532,
          0.16047629,  0.        ]],

       [[ 0.        ,  0.05995095,  0.22324171, ..., -0.62626204,
         -0.63105737, -0.62538192],
        [-0.05995095,  0.        ,  0.1644022 , ..., -0.57839708,
         -0.58341618, -0.57747621],
        [-0.22324171, -0.1644022 ,  0.        , ..., -0.43641508,
         -0.44195478, -0.43539953],
        ...,
        [ 0.62626204,  0.57839708,  0.43641508, ...,  0.        ,
          0.00616619, -0.0011284 ],
        [ 0.63105737,  0.58341618,  0.44195478, ..., -0.00616619,
          0.        , -0.00729457],
        [ 0.62538192,  0.57747621,  0.43539953, ...,  0.0011284 ,
          0.00729457,  0.        ]],

       [[ 0.        ,  0.22511142,  0.39284572, ..., -0.24286468,
         -0.26350038, -0.25411288],
        [-0.22511142,  0.        ,  0.17574911, ..., -0.45500271,
         -0.47389295, -0.46531261],
        [-0.39284572, -0.17574911,  0.        , ..., -0.60442342,
         -0.62127838, -0.61363371],
        ...,
        [ 0.24286468,  0.45500271,  0.60442342, ...,  0.        ,
         -0.02132955, -0.01161224],
        [ 0.26350038,  0.47389295,  0.62127838, ...,  0.02132955,
          0.        ,  0.00971851],
        [ 0.25411288,  0.46531261,  0.61363371, ...,  0.01161224,
         -0.00971851,  0.        ]]]), 'num': array([7.35729081e-01, 6.77215196e-01, 9.91760766e-07, 2.78637548e-03,
       2.79109815e-03, 2.73442611e-03, 4.35453816e-03, 3.30586922e-05,
       2.79582082e-03, 2.84092233e-03, 2.87224937e-03, 1.90814962e-06,
       2.94892495e-03, 2.73291970e-03])}
{'img': array([[[ 0.        , -0.35447647, -0.74920546, ..., -0.89723249,
         -0.86224378, -0.90955461],
        [ 0.35447647,  0.        , -0.46577264, ..., -0.99549272,
         -0.98579395, -0.99780752],
        [ 0.74920546,  0.46577264,  0.        , ..., -0.92508887,
         -0.95056423, -0.91379039],
        ...,
        [ 0.89723249,  0.99549272,  0.92508887, ...,  0.        ,
         -0.07371141,  0.02874568],
        [ 0.86224378,  0.98579395,  0.95056423, ...,  0.07371141,
          0.        ,  0.10234843],
        [ 0.90955461,  0.99780752,  0.91379039, ..., -0.02874568,
         -0.10234843,  0.        ]],

       [[ 0.        , -0.08265511, -0.14079686, ..., -0.3669471 ,
         -0.38638284, -0.86784352],
        [ 0.08265511,  0.        , -0.05848335, ..., -0.28880225,
         -0.30882473, -0.82380778],
        [ 0.14079686,  0.05848335,  0.        , ..., -0.23231663,
         -0.25267152, -0.78924532],
        ...,
        [ 0.3669471 ,  0.28880225,  0.23231663, ...,  0.        ,
         -0.02098003, -0.6249912 ],
        [ 0.38638284,  0.30882473,  0.25267152, ...,  0.02098003,
          0.        , -0.60847595],
        [ 0.86784352,  0.82380778,  0.78924532, ...,  0.6249912 ,
          0.60847595,  0.        ]],

       [[ 0.        ,  0.45686726,  0.20803055, ..., -0.99864083,
         -0.99947436, -0.99497862],
        [-0.45686726,  0.        , -0.26182163, ..., -0.91213778,
         -0.87425604, -0.8393414 ],
        [-0.20803055,  0.26182163,  0.        , ..., -0.98763545,
         -0.970864  , -0.95238951],
        ...,
        [ 0.99864083,  0.91213778,  0.98763545, ...,  0.        ,
         -0.08446776, -0.15180997],
        [ 0.99947436,  0.87425604,  0.970864  , ...,  0.08446776,
          0.        , -0.06777868],
        [ 0.99497862,  0.8393414 ,  0.95238951, ...,  0.15180997,
          0.06777868,  0.        ]],

       ...,

       [[ 0.        , -0.12038866, -0.18164703, ..., -0.69569792,
         -0.80195711, -0.68444424],
        [ 0.12038866,  0.        , -0.06194003, ..., -0.60415868,
         -0.72420638, -0.59169499],
        [ 0.18164703,  0.06194003,  0.        , ..., -0.55364083,
         -0.680103  , -0.54062516],
        ...,
        [ 0.69569792,  0.60415868,  0.55364083, ...,  0.        ,
         -0.16047629,  0.01554926],
        [ 0.80195711,  0.72420638,  0.680103  , ...,  0.16047629,
          0.        ,  0.17580463],
        [ 0.68444424,  0.59169499,  0.54062516, ..., -0.01554926,
         -0.17580463,  0.        ]],

       [[ 0.        ,  0.1644022 , -0.06565949, ..., -0.58341618,
         -0.57747621, -0.51752294],
        [-0.1644022 ,  0.        , -0.22881352, ..., -0.44195478,
         -0.43539953, -0.36980729],
        [ 0.06565949,  0.22881352,  0.        , ..., -0.63548411,
         -0.62983497, -0.57258898],
        ...,
        [ 0.58341618,  0.44195478,  0.63548411, ...,  0.        ,
         -0.00729457, -0.07889299],
        [ 0.57747621,  0.43539953,  0.62983497, ...,  0.00729457,
          0.        , -0.07161906],
        [ 0.51752294,  0.36980729,  0.57258898, ...,  0.07889299,
          0.07161906,  0.        ]],

       [[ 0.        ,  0.17574911,  0.36443419, ..., -0.47389295,
         -0.46531261, -0.39137688],
        [-0.17574911,  0.        ,  0.19509908, ..., -0.62127838,
         -0.61363371, -0.54701478],
        [-0.36443419, -0.19509908,  0.        , ..., -0.76221728,
         -0.75589029, -0.69982501],
        ...,
        [ 0.47389295,  0.62127838,  0.76221728, ...,  0.        ,
          0.00971851,  0.09145112],
        [ 0.46531261,  0.61363371,  0.75589029, ..., -0.00971851,
          0.        ,  0.08176901],
        [ 0.39137688,  0.54701478,  0.69982501, ..., -0.09145112,
         -0.08176901,  0.        ]]]), 'num': array([ 7.15079878e-01,  6.98990872e-01,  2.75496683e-07,  2.68150104e-03,
        2.71364232e-03,  2.67231782e-03,  3.58379860e-03, -2.75496683e-05,
        2.70354078e-03,  2.76346131e-03,  2.78374092e-03,  1.66558452e-06,
        2.86335498e-03,  2.66356764e-03])}
{'img': array([[[ 0.        , -0.69591846, -0.69591846, ..., -0.87176015,
         -0.91826209, -0.87916901],
        [ 0.69591846,  0.        ,  0.        , ..., -0.96698245,
         -0.93498814, -0.96296171],
        [ 0.69591846,  0.        ,  0.        , ..., -0.96698245,
         -0.93498814, -0.96296171],
        ...,
        [ 0.87176015,  0.96698245,  0.96698245, ...,  0.        ,
          0.10469318,  0.01533132],
        [ 0.91826209,  0.93498814,  0.93498814, ..., -0.10469318,
          0.        , -0.0894338 ],
        [ 0.87916901,  0.96296171,  0.96296171, ..., -0.01533132,
          0.0894338 ,  0.        ]],

       [[ 0.        , -0.05848335, -0.42003828, ..., -0.30882473,
         -0.82380778, -0.90668918],
        [ 0.05848335,  0.        , -0.36624532, ..., -0.25267152,
         -0.78924532, -0.88046903],
        [ 0.42003828,  0.36624532,  0.        , ...,  0.11924596,
         -0.50950403, -0.64565432],
        ...,
        [ 0.30882473,  0.25267152, -0.11924596, ...,  0.        ,
         -0.60847595, -0.73210718],
        [ 0.82380778,  0.78924532,  0.50950403, ...,  0.60847595,
          0.        , -0.16649258],
        [ 0.90668918,  0.88046903,  0.64565432, ...,  0.73210718,
          0.16649258,  0.        ]],

       [[ 0.        , -0.26182163, -0.45116242, ..., -0.87425604,
         -0.8393414 , -0.80731826],
        [ 0.26182163,  0.        , -0.20176361, ..., -0.970864  ,
         -0.95238951, -0.93366121],
        [ 0.45116242,  0.20176361,  0.        , ..., -0.9992463 ,
         -0.99431739, -0.9867229 ],
        ...,
        [ 0.87425604,  0.970864  ,  0.9992463 , ...,  0.        ,
         -0.06777868, -0.12398787],
        [ 0.8393414 ,  0.95238951,  0.99431739, ...,  0.06777868,
          0.        , -0.05644706],
        [ 0.80731826,  0.93366121,  0.9867229 , ...,  0.12398787,
          0.05644706,  0.        ]],

       ...,

       [[ 0.        , -0.06194003, -0.79086307, ..., -0.72420638,
         -0.59169499, -0.71304792],
        [ 0.06194003,  0.        , -0.75143764, ..., -0.680103  ,
         -0.54062516, -0.66825167],
        [ 0.79086307,  0.75143764,  0.        , ...,  0.10215662,
          0.27545042,  0.11810576],
        ...,
        [ 0.72420638,  0.680103  , -0.10215662, ...,  0.        ,
          0.17580463,  0.01604624],
        [ 0.59169499,  0.54062516, -0.27545042, ..., -0.17580463,
          0.        , -0.15998567],
        [ 0.71304792,  0.66825167, -0.11810576, ..., -0.01604624,
          0.15998567,  0.        ]],

       [[ 0.        , -0.22881352, -0.40236804, ..., -0.43539953,
         -0.36980729, -0.33388704],
        [ 0.22881352,  0.        , -0.18221959, ..., -0.62983497,
         -0.57258898, -0.54071172],
        [ 0.40236804,  0.18221959,  0.        , ..., -0.76082542,
         -0.712394  , -0.68494362],
        ...,
        [ 0.43539953,  0.62983497,  0.76082542, ...,  0.        ,
         -0.07161906, -0.10983572],
        [ 0.36980729,  0.57258898,  0.712394  , ...,  0.07161906,
          0.        , -0.03836792],
        [ 0.33388704,  0.54071172,  0.68494362, ...,  0.10983572,
          0.03836792,  0.        ]],

       [[ 0.        ,  0.19509908,  0.50522995, ..., -0.61363371,
         -0.54701478, -0.51795728],
        [-0.19509908,  0.        ,  0.32715369, ..., -0.75589029,
         -0.69982501, -0.67489299],
        [-0.50522995, -0.32715369,  0.        , ..., -0.92848148,
         -0.89500501, -0.87916622],
        ...,
        [ 0.61363371,  0.75589029,  0.92848148, ...,  0.        ,
          0.08176901,  0.11593194],
        [ 0.54701478,  0.69982501,  0.89500501, ..., -0.08176901,
          0.        ,  0.03432607],
        [ 0.51795728,  0.67489299,  0.87916622, ..., -0.11593194,
         -0.03432607,  0.        ]]]), 'num': array([7.13890521e-01, 7.00190511e-01, 2.29097142e-07, 2.74000182e-03,
       2.74916570e-03, 2.67585462e-03, 5.78900986e-03, 6.41471998e-05,
       2.69693156e-03, 2.76062056e-03, 2.77054810e-03, 2.16369523e-06,
       2.85427619e-03, 2.66696493e-03])}
{'img': array([[[ 0.        ,  0.        , -0.83721427, ..., -0.95491635,
         -0.9205499 , -0.98511877],
        [ 0.        ,  0.        , -0.83721427, ..., -0.95491635,
         -0.9205499 , -0.98511877],
        [ 0.83721427,  0.83721427,  0.        , ..., -0.77076787,
         -0.83046255, -0.68263303],
        ...,
        [ 0.95491635,  0.95491635,  0.77076787, ...,  0.        ,
         -0.09972595,  0.12833089],
        [ 0.9205499 ,  0.9205499 ,  0.83046255, ...,  0.09972595,
          0.        ,  0.2265925 ],
        [ 0.98511877,  0.98511877,  0.68263303, ..., -0.12833089,
         -0.2265925 ,  0.        ]],

       [[ 0.        , -0.36624532,  0.35344556, ..., -0.78924532,
         -0.88046903, -0.56756434],
        [ 0.36624532,  0.        ,  0.67149362, ..., -0.50950403,
         -0.64565432, -0.22658861],
        [-0.35344556, -0.67149362,  0.        , ..., -0.95534671,
         -0.99120908, -0.82193295],
        ...,
        [ 0.78924532,  0.50950403,  0.95534671, ...,  0.        ,
         -0.16649258,  0.30127981],
        [ 0.88046903,  0.64565432,  0.99120908, ...,  0.16649258,
          0.        ,  0.4558314 ],
        [ 0.56756434,  0.22658861,  0.82193295, ..., -0.30127981,
         -0.4558314 ,  0.        ]],

       [[ 0.        , -0.37743641, -0.69812455, ..., -0.84453335,
         -0.81258677, -0.81045651],
        [ 0.37743641,  0.        , -0.37625258, ..., -0.98418618,
         -0.97246933, -0.9716133 ],
        [ 0.69812455,  0.37625258,  0.        , ..., -0.97851365,
         -0.98868797, -0.98922821],
        ...,
        [ 0.84453335,  0.98418618,  0.97851365, ...,  0.        ,
         -0.0570854 , -0.06072478],
        [ 0.81258677,  0.97246933,  0.98868797, ...,  0.0570854 ,
          0.        , -0.00364571],
        [ 0.81045651,  0.9716133 ,  0.98922821, ...,  0.06072478,
          0.00364571,  0.        ]],

       ...,

       [[ 0.        , -0.75143764, -0.78310022, ..., -0.54062516,
         -0.66825167, -0.30420112],
        [ 0.75143764,  0.        , -0.04937704, ...,  0.27545042,
          0.11810576,  0.51511222],
        [ 0.78310022,  0.04937704,  0.        , ...,  0.32258133,
          0.16699315,  0.55680608],
        ...,
        [ 0.54062516, -0.27545042, -0.32258133, ...,  0.        ,
         -0.15998567,  0.25909043],
        [ 0.66825167, -0.11810576, -0.16699315, ...,  0.15998567,
          0.        ,  0.41027583],
        [ 0.30420112, -0.51511222, -0.55680608, ..., -0.25909043,
         -0.41027583,  0.        ]],

       [[ 0.        , -0.21463277, -0.36414311, ..., -0.51898206,
         -0.48569096, -0.45486516],
        [ 0.21463277,  0.        , -0.15575997, ..., -0.69035199,
         -0.66198891, -0.63540788],
        [ 0.36414311,  0.15575997,  0.        , ..., -0.79461443,
         -0.77065351, -0.7479269 ],
        ...,
        [ 0.51898206,  0.69035199,  0.79461443, ...,  0.        ,
         -0.03849668, -0.07337285],
        [ 0.48569096,  0.66198891,  0.77065351, ...,  0.03849668,
          0.        , -0.03492554],
        [ 0.45486516,  0.63540788,  0.7479269 , ...,  0.07337285,
          0.03492554,  0.        ]],

       [[ 0.        ,  0.32715369,  0.80621869, ..., -0.69982501,
         -0.67489299, -0.63905849],
        [-0.32715369,  0.        ,  0.5683035 , ..., -0.89500501,
         -0.87916622, -0.85552476],
        [-0.80621869, -0.5683035 ,  0.        , ..., -0.98992238,
         -0.99419995, -0.99818794],
        ...,
        [ 0.69982501,  0.89500501,  0.98992238, ...,  0.        ,
          0.03432607,  0.08178747],
        [ 0.67489299,  0.87916622,  0.99419995, ..., -0.03432607,
          0.        ,  0.0475282 ],
        [ 0.63905849,  0.85552476,  0.99818794, ..., -0.08178747,
         -0.0475282 ,  0.        ]]]), 'num': array([ 7.13791142e-01,  7.00295301e-01,  2.29131428e-07,  2.69916822e-03,
        2.73124662e-03,  2.69000297e-03,  5.37863115e-03, -4.12436571e-05,
        2.69825170e-03,  2.75942979e-03,  2.76454706e-03,  1.85782239e-06,
        2.85613411e-03,  2.66272547e-03])}
{'img': array([[[ 0.        , -0.83721427, -0.99559577, ..., -0.9205499 ,
         -0.98511877, -0.94991776],
        [ 0.83721427,  0.        , -0.4659776 , ..., -0.83046255,
         -0.68263303, -0.78111573],
        [ 0.99559577,  0.4659776 ,  0.        , ..., -0.47520615,
         -0.26347291, -0.40017847],
        ...,
        [ 0.9205499 ,  0.83046255,  0.47520615, ...,  0.        ,
          0.2265925 ,  0.08338978],
        [ 0.98511877,  0.68263303,  0.26347291, ..., -0.2265925 ,
          0.        , -0.1445825 ],
        [ 0.94991776,  0.78111573,  0.40017847, ..., -0.08338978,
          0.1445825 ,  0.        ]],

       [[ 0.        ,  0.67149362,  0.93515517, ..., -0.64565432,
         -0.22658861, -0.29687958],
