state_0,state_1,state_2,state_3,state_4,state_5,state_6,state_7,state_8,state_9,state_10,state_11,state_12,state_13,state_14,state_15,state_16,state_17,state_18,state_19,state_20,state_21,state_22,state_23,state_24,state_25,state_26,state_27,state_28,state_29,state_30,state_31,state_32,state_33,state_34,state_35,state_36,state_37,state_38,state_39,state_40,state_41,state_42,state_43,state_44,state_45,state_46,state_47,state_48,state_49,state_50,state_51,state_52,state_53,state_54,state_55,state_56,state_57,state_58,state_59,state_60,state_61,state_62,state_63,state_64,state_65,state_66,state_67,state_68,state_69,state_70,state_71,state_72,state_73,state_74,state_75,state_76,state_77,state_78,state_79,state_80,state_81,state_82,state_83,state_84,state_85,state_86,state_87,state_88,state_89,state_90,state_91,state_92,state_93,state_94,state_95,state_96,state_97,state_98,state_99,state_100,state_101,state_102,state_103,state_104,state_105,state_106,state_107,state_108,state_109,state_110,state_111,state_112,state_113,state_114,state_115,state_116,state_117,state_118,state_119,state_120,state_121,state_122,state_123,state_124,state_125,state_126,state_127,state_128,state_129,state_130,state_131,state_132,state_133,state_134,state_135,state_136,state_137,state_138,state_139,state_140,state_141,state_142,state_143,state_144,state_145,state_146,state_147,state_148,state_149,state_150,state_151,state_152,state_153,state_154,state_155,state_156,state_157,state_158,state_159,state_160,state_161,state_162,state_163,state_164,state_165,state_166,state_167,state_168,state_169,state_170,state_171,state_172,state_173,state_174,state_175,state_176,state_177,state_178,state_179,state_180,state_181,state_182,state_183,state_184,state_185,state_186,state_187,state_188,state_189,state_190,state_191,state_192,state_193,state_194,state_195,state_196,state_197,state_198,state_199,state_200,state_201,state_202,state_203,state_204,state_205,state_206,state_207,state_208,state_209,state_210,state_211,state_212,state_213,state_214,state_215,state_216,state_217,state_218,state_219,state_220,state_221,state_222,state_223,state_224,state_225,state_226,state_227,state_228,state_229,state_230,state_231,state_232,state_233,state_234,state_235,state_236,state_237,state_238,state_239,state_240,state_241,state_242,state_243,state_244,state_245,state_246,state_247,state_248,state_249,state_250,state_251,state_252,state_253,state_254,state_255,state_256,state_257,state_258,state_259,state_260,state_261,state_262,state_263,state_264,state_265,state_266,state_267,state_268,state_269,state_270,state_271,state_272,state_273,state_274,state_275,state_276,state_277,state_278,state_279,state_280,state_281,state_282,state_283,state_284,state_285,state_286,state_287
{'img': array([[[ 0.        , -0.02808821, -0.15825339, ..., -0.98988186,
         -0.99315698, -0.99315698],
        [ 0.02808821,  0.        , -0.13045669, ..., -0.98550576,
         -0.9894848 , -0.9894848 ],
        [ 0.15825339,  0.13045669,  0.        , ..., -0.9549527 ,
         -0.96215981, -0.96215981],
        ...,
        [ 0.98988186,  0.98550576,  0.9549527 , ...,  0.        ,
         -0.02531765, -0.02531765],
        [ 0.99315698,  0.9894848 ,  0.96215981, ...,  0.02531765,
          0.        ,  0.        ],
        [ 0.99315698,  0.9894848 ,  0.96215981, ...,  0.02531765,
          0.        ,  0.        ]],

       [[ 0.        , -0.06878983,  0.21149953, ..., -0.30091089,
         -0.21074131, -0.3527192 ],
        [ 0.06878983,  0.        ,  0.2782322 , ..., -0.23459651,
         -0.14299716, -0.28751501],
        [-0.21149953, -0.2782322 ,  0.        , ..., -0.49580072,
         -0.41272359, -0.54264631],
        ...,
        [ 0.30091089,  0.23459651,  0.49580072, ...,  0.        ,
          0.09317906, -0.05480035],
        [ 0.21074131,  0.14299716,  0.41272359, ..., -0.09317906,
          0.        , -0.14760098],
        [ 0.3527192 ,  0.28751501,  0.54264631, ...,  0.05480035,
          0.14760098,  0.        ]],

       [[ 0.        ,  0.05662776,  0.06825357, ..., -0.99724811,
         -0.99981199, -0.99600607],
        [-0.05662776,  0.        ,  0.01164834, ..., -0.99144971,
         -0.99930569, -0.99946388],
        [-0.06825357, -0.01164834,  0.        , ..., -0.98986246,
         -0.9988039 , -0.99977745],
        ...,
        [ 0.99724811,  0.99144971,  0.98986246, ...,  0.        ,
          0.09345946,  0.16288015],
        [ 0.99981199,  0.99930569,  0.9988039 , ..., -0.09345946,
          0.        ,  0.06995585],
        [ 0.99600607,  0.99946388,  0.99977745, ..., -0.16288015,
         -0.06995585,  0.        ]],

       ...,

       [[ 0.        , -0.07732113, -0.09061216, ..., -0.38372295,
         -0.38372295, -0.460775  ],
        [ 0.07732113,  0.        , -0.01333783, ..., -0.31117211,
         -0.31117211, -0.39077173],
        [ 0.09061216,  0.01333783,  0.        , ..., -0.29846877,
         -0.29846877, -0.37845966],
        ...,
        [ 0.38372295,  0.31117211,  0.29846877, ...,  0.        ,
          0.        , -0.08494124],
        [ 0.38372295,  0.31117211,  0.29846877, ...,  0.        ,
          0.        , -0.08494124],
        [ 0.460775  ,  0.39077173,  0.37845966, ...,  0.08494124,
          0.08494124,  0.        ]],

       [[ 0.        , -0.25235298, -0.32140497, ..., -0.92573507,
         -0.96125272, -0.93491196],
        [ 0.25235298,  0.        , -0.07203918, ..., -0.99120689,
         -0.99970782, -0.99420873],
        [ 0.32140497,  0.07203918,  0.        , ..., -0.99816385,
         -0.99885169, -0.99936736],
        ...,
        [ 0.92573507,  0.99120689,  0.99816385, ...,  0.        ,
          0.10832337,  0.02503355],
        [ 0.96125272,  0.99970782,  0.99885169, ..., -0.10832337,
          0.        , -0.08340317],
        [ 0.93491196,  0.99420873,  0.99936736, ..., -0.02503355,
          0.08340317,  0.        ]],

       [[ 0.        ,  0.21405415,  0.26552869, ..., -0.83227482,
         -0.82486966, -0.8001923 ],
        [-0.21405415,  0.        ,  0.05300397, ..., -0.93164794,
         -0.92676039, -0.91002287],
        [-0.26552869, -0.05300397,  0.        , ..., -0.94959797,
         -0.94536875, -0.93071687],
        ...,
        [ 0.83227482,  0.93164794,  0.94959797, ...,  0.        ,
          0.01322662,  0.05555421],
        [ 0.82486966,  0.92676039,  0.94536875, ..., -0.01322662,
          0.        ,  0.04234316],
        [ 0.8001923 ,  0.91002287,  0.93071687, ..., -0.05555421,
         -0.04234316,  0.        ]]]), 'num': array([7.71693608e-01, 6.35993698e-01, 9.59009963e-06, 3.37561964e-04,
       3.38754763e-04, 3.18477189e-04, 2.17017752e-04, 5.96399230e-06,
       3.32313651e-04, 3.28615976e-04, 4.20898817e-04, 1.10957996e-06,
       3.63042214e-04, 2.94189738e-04])}
{'img': array([[[ 0.        , -0.13045669, -0.24758496, ..., -0.9894848 ,
         -0.9894848 , -0.97853275],
        [ 0.13045669,  0.        , -0.11907402, ..., -0.96215981,
         -0.96215981, -0.94328422],
        [ 0.24758496,  0.11907402,  0.        , ..., -0.92286843,
         -0.92286843, -0.89704217],
        ...,
        [ 0.9894848 ,  0.96215981,  0.92286843, ...,  0.        ,
          0.        ,  0.06239231],
        [ 0.9894848 ,  0.96215981,  0.92286843, ...,  0.        ,
          0.        ,  0.06239231],
        [ 0.97853275,  0.94328422,  0.89704217, ..., -0.06239231,
         -0.06239231,  0.        ]],

       [[ 0.        ,  0.2782322 ,  0.39885355, ..., -0.14299716,
         -0.28751501, -0.16468534],
        [-0.2782322 ,  0.        ,  0.12796135, ..., -0.41272359,
         -0.54264631, -0.43261581],
        [-0.39885355, -0.12796135,  0.        , ..., -0.52588506,
         -0.64566789, -0.54442653],
        ...,
        [ 0.14299716,  0.41272359,  0.52588506, ...,  0.        ,
         -0.14760098, -0.02194819],
        [ 0.28751501,  0.54264631,  0.64566789, ...,  0.14760098,
          0.        ,  0.12585764],
        [ 0.16468534,  0.43261581,  0.54442653, ...,  0.02194819,
         -0.12585764,  0.        ]],

       [[ 0.        ,  0.01164834,  0.00872562, ..., -0.99930569,
         -0.99946388, -0.99934847],
        [-0.01164834,  0.        , -0.00292287, ..., -0.9988039 ,
         -0.99977745, -0.99970108],
        [-0.00872562,  0.00292287,  0.        , ..., -0.99894255,
         -0.99971151, -0.99962535],
        ...,
        [ 0.99930569,  0.9988039 ,  0.99894255, ...,  0.        ,
          0.06995585,  0.07330062],
        [ 0.99946388,  0.99977745,  0.99971151, ..., -0.06995585,
          0.        ,  0.00335338],
        [ 0.99934847,  0.99970108,  0.99962535, ..., -0.07330062,
         -0.00335338,  0.        ]],

       ...,

       [[ 0.        , -0.01333783, -0.12276387, ..., -0.31117211,
         -0.39077173, -0.16653214],
        [ 0.01333783,  0.        , -0.10951601, ..., -0.29846877,
         -0.37845966, -0.15336574],
        [ 0.12276387,  0.10951601,  0.        , ..., -0.19214929,
         -0.27481327, -0.04422288],
        ...,
        [ 0.31117211,  0.29846877,  0.19214929, ...,  0.        ,
         -0.08494124,  0.14856249],
        [ 0.39077173,  0.37845966,  0.27481327, ...,  0.08494124,
          0.        ,  0.23202423],
        [ 0.16653214,  0.15336574,  0.04422288, ..., -0.14856249,
         -0.23202423,  0.        ]],

       [[ 0.        , -0.07162155, -0.11785835, ..., -0.99849266,
         -0.99972227, -0.99045212],
        [ 0.07162155,  0.        , -0.0464333 , ..., -0.99199744,
         -0.99546697, -0.99778206],
        [ 0.11785835,  0.0464333 ,  0.        , ..., -0.98506489,
         -0.98997708, -0.9997967 ],
        ...,
        [ 0.99849266,  0.99199744,  0.98506489, ...,  0.        ,
         -0.03133888, -0.1920107 ],
        [ 0.99972227,  0.99546697,  0.98997708, ...,  0.03133888,
          0.        , -0.16116064],
        [ 0.99045212,  0.99778206,  0.9997967 , ...,  0.1920107 ,
          0.16116064,  0.        ]],

       [[ 0.        ,  0.05300397,  0.07720359, ..., -0.92676039,
         -0.91002287, -0.88375457],
        [-0.05300397,  0.        ,  0.02424929, ..., -0.94536875,
         -0.93071687, -0.90731552],
        [-0.07720359, -0.02424929,  0.        , ..., -0.95299609,
         -0.93931214, -0.91724435],
        ...,
        [ 0.92676039,  0.94536875,  0.95299609, ...,  0.        ,
          0.04234316,  0.10169311],
        [ 0.91002287,  0.93071687,  0.93931214, ..., -0.04234316,
          0.        ,  0.05947826],
        [ 0.88375457,  0.90731552,  0.91724435, ..., -0.10169311,
         -0.05947826,  0.        ]]]), 'num': array([ 7.07102301e-01,  7.07102301e-01,  0.00000000e+00,  1.20032798e-03,
        1.23088178e-03,  1.17413901e-03,  3.40893147e-04, -3.49186322e-05,
        1.21691433e-03,  1.20643874e-03,  1.53052730e-03,  3.96802638e-06,
        1.32687639e-03,  1.08600109e-03])}
{'img': array([[[ 0.        , -0.11907402, -0.16409114, ..., -0.96215981,
         -0.94328422, -0.97204329],
        [ 0.11907402,  0.        , -0.04546369, ..., -0.92286843,
         -0.89704217, -0.93716879],
        [ 0.16409114,  0.04546369,  0.        , ..., -0.90440541,
         -0.87602217, -0.92033855],
        ...,
        [ 0.96215981,  0.92286843,  0.90440541, ...,  0.        ,
          0.06239231, -0.0389512 ],
        [ 0.94328422,  0.89704217,  0.87602217, ..., -0.06239231,
          0.        , -0.10122028],
        [ 0.97204329,  0.93716879,  0.92033855, ...,  0.0389512 ,
          0.10122028,  0.        ]],

       [[ 0.        ,  0.12796135, -0.42260615, ..., -0.54264631,
         -0.43261581, -0.67871495],
        [-0.12796135,  0.        , -0.53510507, ..., -0.64566789,
         -0.54442653, -0.76711039],
        [ 0.42260615,  0.53510507,  0.        , ..., -0.13683483,
         -0.01107295, -0.30476575],
        ...,
        [ 0.54264631,  0.64566789,  0.13683483, ...,  0.        ,
          0.12585764, -0.17157385],
        [ 0.43261581,  0.54442653,  0.01107295, ..., -0.12585764,
          0.        , -0.29420088],
        [ 0.67871495,  0.76711039,  0.30476575, ...,  0.17157385,
          0.29420088,  0.        ]],

       [[ 0.        , -0.00292287, -0.08473742, ..., -0.99977745,
         -0.99970108, -0.99961382],
        [ 0.00292287,  0.        , -0.0818247 , ..., -0.99971151,
         -0.99962535, -0.99952833],
        [ 0.08473742,  0.0818247 ,  0.        , ..., -0.99439391,
         -0.99403373, -0.99366379],
        ...,
        [ 0.99977745,  0.99971151,  0.99439391, ...,  0.        ,
          0.00335338,  0.00669418],
        [ 0.99970108,  0.99962535,  0.99403373, ..., -0.00335338,
          0.        ,  0.00334084],
        [ 0.99961382,  0.99952833,  0.99366379, ..., -0.00669418,
         -0.00334084,  0.        ]],

       ...,

       [[ 0.        , -0.10951601,  0.01333783, ..., -0.37845966,
         -0.15336574, -0.18743373],
        [ 0.10951601,  0.        ,  0.12276387, ..., -0.27481327,
         -0.04422288, -0.07873124],
        [-0.01333783, -0.12276387,  0.        , ..., -0.39077173,
         -0.16653214, -0.20051851],
        ...,
        [ 0.37845966,  0.27481327,  0.39077173, ...,  0.        ,
          0.23202423,  0.19826032],
        [ 0.15336574,  0.04422288,  0.16653214, ..., -0.23202423,
          0.        , -0.03456861],
        [ 0.18743373,  0.07873124,  0.20051851, ..., -0.19826032,
          0.03456861,  0.        ]],

       [[ 0.        , -0.04636069, -0.04862223, ..., -0.99364967,
         -0.99991914, -0.99767916],
        [ 0.04636069,  0.        , -0.0022641 , ..., -0.98736485,
         -0.99825446, -0.99976313],
        [ 0.04862223,  0.0022641 ,  0.        , ..., -0.98700354,
         -0.99811818, -0.99980985],
        ...,
        [ 0.99364967,  0.98736485,  0.98700354, ...,  0.        ,
         -0.09987338, -0.17991496],
        [ 0.99991914,  0.99825446,  0.99811818, ...,  0.09987338,
          0.        , -0.08077175],
        [ 0.99767916,  0.99976313,  0.99980985, ...,  0.17991496,
          0.08077175,  0.        ]],

       [[ 0.        ,  0.02424929,  0.0193776 , ..., -0.93071687,
         -0.90731552, -0.89783424],
        [-0.02424929,  0.        , -0.00487284, ..., -0.93931214,
         -0.91724435, -0.908248  ],
        [-0.0193776 ,  0.00487284,  0.        , ..., -0.93762929,
         -0.91529248, -0.90619827],
        ...,
        [ 0.93071687,  0.93931214,  0.93762929, ...,  0.        ,
          0.05947826,  0.08145158],
        [ 0.90731552,  0.91724435,  0.91529248, ..., -0.05947826,
          0.        ,  0.02202674],
        [ 0.89783424,  0.908248  ,  0.90619827, ..., -0.08145158,
         -0.02202674,  0.        ]]]), 'num': array([8.83362815e-01, 4.68664967e-01, 3.00505687e-05, 1.50252843e-03,
       1.50797238e-03, 1.43175717e-03, 2.00446003e-03, 5.44394360e-06,
       1.51341632e-03, 1.50007866e-03, 1.89784947e-03, 5.25180442e-06,
       1.64446021e-03, 1.35569711e-03])}
{'img': array([[[ 0.00000000e+00, -4.54636943e-02, -1.96320564e-01, ...,
         -8.97042173e-01, -9.37168790e-01, -9.32508793e-01],
        [ 4.54636943e-02,  0.00000000e+00, -1.51538607e-01, ...,
         -8.76022174e-01, -9.20338545e-01, -9.15125482e-01],
        [ 1.96320564e-01,  1.51538607e-01,  0.00000000e+00, ...,
         -7.92822642e-01, -8.50439680e-01, -8.43461319e-01],
        ...,
        [ 8.97042173e-01,  8.76022174e-01,  7.92822642e-01, ...,
          0.00000000e+00, -1.01220279e-01, -8.81532204e-02],
        [ 9.37168790e-01,  9.20338545e-01,  8.50439680e-01, ...,
          1.01220279e-01,  0.00000000e+00,  1.31257519e-02],
        [ 9.32508793e-01,  9.15125482e-01,  8.43461319e-01, ...,
          8.81532204e-02, -1.31257519e-02,  0.00000000e+00]],

       [[ 0.00000000e+00, -5.35105068e-01, -3.48554433e-01, ...,
         -5.44426532e-01, -7.67110388e-01, -3.21210637e-01],
        [ 5.35105068e-01,  0.00000000e+00,  2.07094111e-01, ...,
         -1.10729534e-02, -3.04765751e-01,  2.35394566e-01],
        [ 3.48554433e-01, -2.07094111e-01,  0.00000000e+00, ...,
         -2.17914318e-01, -4.95400835e-01,  2.90167089e-02],
        ...,
        [ 5.44426532e-01,  1.10729534e-02,  2.17914318e-01, ...,
          0.00000000e+00, -2.94200883e-01,  2.46141937e-01],
        [ 7.67110388e-01,  3.04765751e-01,  4.95400835e-01, ...,
          2.94200883e-01,  0.00000000e+00,  5.20398020e-01],
        [ 3.21210637e-01, -2.35394566e-01, -2.90167089e-02, ...,
         -2.46141937e-01, -5.20398020e-01,  0.00000000e+00]],

       [[ 0.00000000e+00, -8.18247015e-02, -1.86587363e-01, ...,
         -9.99625349e-01, -9.99528329e-01, -9.99850779e-01],
        [ 8.18247015e-02,  0.00000000e+00, -1.05573960e-01, ...,
         -9.94033734e-01, -9.93663792e-01, -9.95084506e-01],
        [ 1.86587363e-01,  1.05573960e-01,  0.00000000e+00, ...,
         -9.76963255e-01, -9.76244843e-01, -9.79068503e-01],
        ...,
        [ 9.99625349e-01,  9.94033734e-01,  9.76963255e-01, ...,
          0.00000000e+00,  3.34083658e-03, -1.00983418e-02],
        [ 9.99528329e-01,  9.93663792e-01,  9.76244843e-01, ...,
         -3.34083658e-03,  0.00000000e+00, -1.34389517e-02],
        [ 9.99850779e-01,  9.95084506e-01,  9.79068503e-01, ...,
          1.00983418e-02,  1.34389517e-02,  0.00000000e+00]],

       ...,

       [[ 0.00000000e+00,  1.22763874e-01,  1.13703879e-02, ...,
         -4.42228752e-02, -7.87312385e-02,  1.24896691e-02],
        [-1.22763874e-01,  0.00000000e+00, -1.11471556e-01, ...,
         -1.66532142e-01, -2.00518508e-01, -1.10359102e-01],
        [-1.13703879e-02,  1.11471556e-01,  0.00000000e+00, ...,
         -5.55792806e-02, -9.00612417e-02,  1.11936070e-03],
        ...,
        [ 4.42228752e-02,  1.66532142e-01,  5.55792806e-02, ...,
          0.00000000e+00, -3.45686129e-02,  5.66968762e-02],
        [ 7.87312385e-02,  2.00518508e-01,  9.00612417e-02, ...,
          3.45686129e-02,  0.00000000e+00,  9.11759972e-02],
        [-1.24896691e-02,  1.10359102e-01, -1.11936070e-03, ...,
         -5.66968762e-02, -9.11759972e-02,  0.00000000e+00]],

       [[ 0.00000000e+00, -2.24546198e-03,  4.10905362e-04, ...,
         -9.85438523e-01, -9.88177738e-01, -9.99549446e-01],
        [ 2.24546198e-03,  0.00000000e+00,  2.65636611e-03, ...,
         -9.85054239e-01, -9.87830989e-01, -9.99614323e-01],
        [-4.10905362e-04, -2.65636611e-03,  0.00000000e+00, ...,
         -9.85508307e-01, -9.88240651e-01, -9.99537028e-01],
        ...,
        [ 9.85438523e-01,  9.85054239e-01,  9.85508307e-01, ...,
          0.00000000e+00, -1.69417791e-02, -1.99533525e-01],
        [ 9.88177738e-01,  9.87830989e-01,  9.88240651e-01, ...,
          1.69417791e-02,  0.00000000e+00, -1.82903791e-01],
        [ 9.99549446e-01,  9.99614323e-01,  9.99537028e-01, ...,
          1.99533525e-01,  1.82903791e-01,  0.00000000e+00]],

       [[ 0.00000000e+00, -4.87283902e-03, -2.44582886e-02, ...,
         -9.17244346e-01, -9.08248003e-01, -9.07309262e-01],
        [ 4.87283902e-03,  0.00000000e+00, -1.95866169e-02, ...,
         -9.15292482e-01, -9.06198267e-01, -9.05249637e-01],
        [ 2.44582886e-02,  1.95866169e-02,  0.00000000e+00, ...,
         -9.07227605e-01, -8.97742165e-01, -8.96754013e-01],
        ...,
        [ 9.17244346e-01,  9.15292482e-01,  9.07227605e-01, ...,
          0.00000000e+00,  2.20267424e-02,  2.42641814e-02],
        [ 9.08248003e-01,  9.06198267e-01,  8.97742165e-01, ...,
         -2.20267424e-02,  0.00000000e+00,  2.23803723e-03],
        [ 9.07309262e-01,  9.05249637e-01,  8.96754013e-01, ...,
         -2.42641814e-02, -2.23803723e-03,  0.00000000e+00]]]), 'num': array([8.51590981e-01, 5.24187210e-01, 2.37249109e-05, 1.44868925e-03,
       1.51167574e-03, 1.41719601e-03, 1.57277264e-03, 0.00000000e+00,
       1.45708745e-03, 1.44134083e-03, 1.82004709e-03, 5.66325890e-06,
       1.57247447e-03, 1.31020719e-03])}
{'img': array([[[ 0.        , -0.15153861, -0.02234844, ..., -0.92033855,
         -0.91512548, -0.91512548],
        [ 0.15153861,  0.        ,  0.12941041, ..., -0.85043968,
         -0.84346132, -0.84346132],
        [ 0.02234844, -0.12941041,  0.        , ..., -0.9113677 ,
         -0.90588672, -0.90588672],
        ...,
        [ 0.92033855,  0.85043968,  0.9113677 , ...,  0.        ,
          0.01312575,  0.01312575],
        [ 0.91512548,  0.84346132,  0.90588672, ..., -0.01312575,
          0.        ,  0.        ],
        [ 0.91512548,  0.84346132,  0.90588672, ..., -0.01312575,
          0.        ,  0.        ]],

       [[ 0.        ,  0.20709411,  0.27992997, ..., -0.30476575,
          0.23539457,  0.15770577],
        [-0.20709411,  0.        ,  0.0750468 , ..., -0.49540084,
          0.02901671, -0.0502157 ],
        [-0.27992997, -0.0750468 ,  0.        , ..., -0.5591943 ,
         -0.04608032, -0.12502621],
        ...,
        [ 0.30476575,  0.49540084,  0.5591943 , ...,  0.        ,
          0.52039802,  0.45115524],
        [-0.23539457, -0.02901671,  0.04608032, ..., -0.52039802,
          0.        , -0.07917465],
        [-0.15770577,  0.0502157 ,  0.12502621, ..., -0.45115524,
          0.07917465,  0.        ]],

       [[ 0.        , -0.10557396, -0.17034768, ..., -0.99366379,
         -0.99508451, -0.99573467],
        [ 0.10557396,  0.        , -0.0653648 , ..., -0.97624484,
         -0.9790685 , -0.98042938],
        [ 0.17034768,  0.0653648 ,  0.        , ..., -0.95999447,
         -0.96367094, -0.96546423],
        ...,
        [ 0.99366379,  0.97624484,  0.95999447, ...,  0.        ,
         -0.01343895, -0.02023549],
        [ 0.99508451,  0.9790685 ,  0.96367094, ...,  0.01343895,
          0.        , -0.00679747],
        [ 0.99573467,  0.98042938,  0.96546423, ...,  0.02023549,
          0.00679747,  0.        ]],

       ...,

       [[ 0.        , -0.11147156,  0.08853253, ..., -0.20051851,
         -0.1103591 ,  0.08287431],
        [ 0.11147156,  0.        ,  0.1990146 , ..., -0.09006124,
          0.00111936,  0.1934459 ],
        [-0.08853253, -0.1990146 ,  0.        , ..., -0.28646556,
         -0.19791751, -0.0056791 ],
        ...,
        [ 0.20051851,  0.09006124,  0.28646556, ...,  0.        ,
          0.091176  ,  0.28101985],
        [ 0.1103591 , -0.00111936,  0.19791751, ..., -0.091176  ,
          0.        ,  0.19234756],
        [-0.08287431, -0.1934459 ,  0.0056791 , ..., -0.28101985,
         -0.19234756,  0.        ]],

       [[ 0.        ,  0.00262861, -0.0091345 , ..., -0.97148795,
         -0.98558573, -0.99926719],
        [-0.00262861,  0.        , -0.01176297, ..., -0.97210781,
         -0.98602703, -0.99916312],
        [ 0.0091345 ,  0.01176297,  0.        , ..., -0.96928173,
         -0.98399927, -0.99957513],
        ...,
        [ 0.97148795,  0.97210781,  0.96928173, ...,  0.        ,
         -0.06931834, -0.27410033],
        [ 0.98558573,  0.98602703,  0.98399927, ...,  0.06931834,
          0.        , -0.20677749],
        [ 0.99926719,  0.99916312,  0.99957513, ...,  0.27410033,
          0.20677749,  0.        ]],

       [[ 0.        , -0.01958662, -0.0257382 , ..., -0.90619827,
         -0.90524964, -0.90270855],
        [ 0.01958662,  0.        , -0.00615314, ..., -0.89774216,
         -0.89675401, -0.89410819],
        [ 0.0257382 ,  0.00615314,  0.        , ..., -0.89501458,
         -0.89401409, -0.89133557],
        ...,
        [ 0.90619827,  0.89774216,  0.89501458, ...,  0.        ,
          0.00223804,  0.00818106],
        [ 0.90524964,  0.89675401,  0.89401409, ..., -0.00223804,
          0.        ,  0.00594308],
        [ 0.90270855,  0.89410819,  0.89133557, ..., -0.00818106,
         -0.00594308,  0.        ]]]), 'num': array([ 7.21929843e-01,  6.91956501e-01,  2.22850125e-06,  1.19893367e-03,
        1.25687470e-03,  1.16327765e-03,  8.83912735e-04, -3.11990175e-05,
        1.22924129e-03,  1.21854448e-03,  1.53692303e-03,  5.29672760e-06,
        1.32372974e-03,  1.11335922e-03])}
{'img': array([[[ 0.        ,  0.12941041,  0.05324958, ..., -0.84346132,
         -0.84346132, -0.89074384],
        [-0.12941041,  0.        , -0.076425  , ..., -0.90588672,
         -0.90588672, -0.94207144],
        [-0.05324958,  0.076425  ,  0.        , ..., -0.87086978,
         -0.87086978, -0.91368232],
        ...,
        [ 0.84346132,  0.90588672,  0.87086978, ...,  0.        ,
          0.        , -0.09514064],
        [ 0.84346132,  0.90588672,  0.87086978, ...,  0.        ,
          0.        , -0.09514064],
        [ 0.89074384,  0.94207144,  0.91368232, ...,  0.09514064,
          0.09514064,  0.        ]],

       [[ 0.        ,  0.0750468 , -0.21253701, ...,  0.02901671,
         -0.0502157 , -0.19090504],
        [-0.0750468 ,  0.        , -0.28526987, ..., -0.04608032,
         -0.12502621, -0.26403327],
        [ 0.21253701,  0.28526987,  0.        , ...,  0.24080128,
          0.16320045,  0.0220847 ],
        ...,
        [-0.02901671,  0.04608032, -0.24080128, ...,  0.        ,
         -0.07917465, -0.2193077 ],
        [ 0.0502157 ,  0.12502621, -0.16320045, ...,  0.07917465,
          0.        , -0.14137204],
        [ 0.19090504,  0.26403327, -0.0220847 , ...,  0.2193077 ,
          0.14137204,  0.        ]],

       [[ 0.        , -0.0653648 , -0.12129442, ..., -0.9790685 ,
         -0.98042938, -0.98610704],
        [ 0.0653648 ,  0.        , -0.05615285, ..., -0.96367094,
         -0.96546423, -0.97314036],
        [ 0.12129442,  0.05615285,  0.        , ..., -0.94715245,
         -0.94931108, -0.95867783],
        ...,
        [ 0.9790685 ,  0.96367094,  0.94715245, ...,  0.        ,
         -0.00679747, -0.03806915],
        [ 0.98042938,  0.96546423,  0.94931108, ...,  0.00679747,
          0.        , -0.03127574],
        [ 0.98610704,  0.97314036,  0.95867783, ...,  0.03806915,
          0.03127574,  0.        ]],

       ...,

       [[ 0.        ,  0.1990146 ,  0.12618497, ...,  0.00111936,
          0.1934459 ,  0.38513279],
        [-0.1990146 ,  0.        , -0.07376299, ..., -0.19791751,
         -0.0056791 ,  0.19376595],
        [-0.12618497,  0.07376299,  0.        , ..., -0.12507448,
          0.06809818,  0.26560311],
        ...,
        [-0.00111936,  0.19791751,  0.12507448, ...,  0.        ,
          0.19234756,  0.38409954],
        [-0.1934459 ,  0.0056791 , -0.06809818, ..., -0.19234756,
          0.        ,  0.19933429],
        [-0.38513279, -0.19376595, -0.26560311, ..., -0.38409954,
         -0.19933429,  0.        ]],

       [[ 0.        , -0.01163752, -0.02996747, ..., -0.97021596,
         -0.98731027, -0.99867078],
        [ 0.01163752,  0.        , -0.01833315, ..., -0.96733117,
         -0.98539534, -0.99920298],
        [ 0.02996747,  0.01833315,  0.        , ..., -0.96252085,
         -0.98210792, -0.99976686],
        ...,
        [ 0.97021596,  0.96733117,  0.96252085, ...,  0.        ,
         -0.0850943 , -0.29192733],
        [ 0.98731027,  0.98539534,  0.98210792, ...,  0.0850943 ,
          0.        , -0.20948084],
        [ 0.99867078,  0.99920298,  0.99976686, ...,  0.29192733,
          0.20948084,  0.        ]],

       [[ 0.        , -0.00615314, -0.01662651, ..., -0.89675401,
         -0.89410819, -0.89327887],
        [ 0.00615314,  0.        , -0.01047391, ..., -0.89401409,
         -0.89133557, -0.89049611],
        [ 0.01662651,  0.01047391,  0.        , ..., -0.88927234,
         -0.8865384 , -0.88568173],
        ...,
        [ 0.89675401,  0.89401409,  0.88927234, ...,  0.        ,
          0.00594308,  0.0077914 ],
        [ 0.89410819,  0.89133557,  0.8865384 , ..., -0.00594308,
          0.        ,  0.00184836],
        [ 0.89327887,  0.89049611,  0.88568173, ..., -0.0077914 ,
         -0.00184836,  0.        ]]]), 'num': array([7.11971108e-01, 7.02199364e-01, 7.03003160e-07, 1.22146799e-03,
       1.23904307e-03, 1.16434898e-03, 8.72602672e-04, 3.95439278e-05,
       1.20740793e-03, 1.19708257e-03, 1.50838116e-03, 5.59207059e-06,
       1.28989309e-03, 1.10427205e-03])}
{'img': array([[[ 0.00000000e+00, -7.64249959e-02, -2.71281123e-01, ...,
         -9.05886720e-01, -9.42071444e-01, -8.94644028e-01],
        [ 7.64249959e-02,  0.00000000e+00, -1.96928645e-01, ...,
         -8.70869784e-01, -9.13682317e-01, -8.57882358e-01],
        [ 2.71281123e-01,  1.96928645e-01,  0.00000000e+00, ...,
         -7.57023110e-01, -8.15752894e-01, -7.39892130e-01],
        ...,
        [ 9.05886720e-01,  8.70869784e-01,  7.57023110e-01, ...,
          0.00000000e+00, -9.51406376e-02,  2.58320581e-02],
        [ 9.42071444e-01,  9.13682317e-01,  8.15752894e-01, ...,
          9.51406376e-02,  0.00000000e+00,  1.20823769e-01],
        [ 8.94644028e-01,  8.57882358e-01,  7.39892130e-01, ...,
         -2.58320581e-02, -1.20823769e-01,  0.00000000e+00]],

       [[ 0.00000000e+00, -2.85269866e-01,  5.26957638e-01, ...,
         -1.25026211e-01, -2.64033268e-01, -2.63593425e-01],
        [ 2.85269866e-01,  0.00000000e+00,  7.47509540e-01, ...,
          1.63200453e-01,  2.20847024e-02,  2.25405866e-02],
        [-5.26957638e-01, -7.47509540e-01,  0.00000000e+00, ...,
         -6.29081553e-01, -7.32657438e-01, -7.32347011e-01],
        ...,
        [ 1.25026211e-01, -1.63200453e-01,  6.29081553e-01, ...,
          0.00000000e+00, -1.41372037e-01, -1.40920605e-01],
        [ 2.64033268e-01, -2.20847024e-02,  7.32657438e-01, ...,
          1.41372037e-01,  0.00000000e+00,  4.55997738e-04],
        [ 2.63593425e-01, -2.25405866e-02,  7.32347011e-01, ...,
          1.40920605e-01, -4.55997738e-04,  0.00000000e+00]],

       [[ 0.00000000e+00, -5.61528452e-02, -1.31890135e-01, ...,
         -9.65464227e-01, -9.73140361e-01, -9.77107143e-01],
        [ 5.61528452e-02,  0.00000000e+00, -7.60197237e-02, ...,
         -9.49311084e-01, -9.58677832e-01, -9.63619053e-01],
        [ 1.31890135e-01,  7.60197237e-02,  0.00000000e+00, ...,
         -9.22668177e-01, -9.34276568e-01, -9.40512129e-01],
        ...,
        [ 9.65464227e-01,  9.49311084e-01,  9.22668177e-01, ...,
          0.00000000e+00, -3.12757357e-02, -4.91708448e-02],
        [ 9.73140361e-01,  9.58677832e-01,  9.34276568e-01, ...,
          3.12757357e-02,  0.00000000e+00, -1.79088861e-02],
        [ 9.77107143e-01,  9.63619053e-01,  9.40512129e-01, ...,
          4.91708448e-02,  1.79088861e-02,  0.00000000e+00]],

       ...,

       [[ 0.00000000e+00, -7.37629912e-02, -8.52981722e-02, ...,
         -5.67909523e-03,  1.93765947e-01,  3.61072516e-01],
        [ 7.37629912e-02,  0.00000000e+00, -1.15716432e-02, ...,
          6.80981774e-02,  2.65603109e-01,  4.28875656e-01],
        [ 8.52981722e-02,  1.15716432e-02,  0.00000000e+00, ...,
          7.96383991e-02,  2.76741344e-01,  4.39300341e-01],
        ...,
        [ 5.67909523e-03, -6.80981774e-02, -7.96383991e-02, ...,
          0.00000000e+00,  1.99334286e-01,  3.66362664e-01],
        [-1.93765947e-01, -2.65603109e-01, -2.76741344e-01, ...,
         -1.99334286e-01,  0.00000000e+00,  1.73535334e-01],
        [-3.61072516e-01, -4.28875656e-01, -4.39300341e-01, ...,
         -3.66362664e-01, -1.73535334e-01,  0.00000000e+00]],

       [[ 0.00000000e+00, -1.80768970e-02, -1.67283857e-02, ...,
         -9.64705829e-01, -9.82459205e-01, -9.98549496e-01],
        [ 1.80768970e-02,  0.00000000e+00,  1.34871533e-03, ...,
         -9.59788008e-01, -9.78927734e-01, -9.99359619e-01],
        [ 1.67283857e-02, -1.34871533e-03,  0.00000000e+00, ...,
         -9.60165754e-01, -9.79202261e-01, -9.99310450e-01],
        ...,
        [ 9.64705829e-01,  9.59788008e-01,  9.60165754e-01, ...,
          0.00000000e+00, -7.88148676e-02, -3.14889176e-01],
        [ 9.82459205e-01,  9.78927734e-01,  9.79202261e-01, ...,
          7.88148676e-02,  0.00000000e+00, -2.39104208e-01],
        [ 9.98549496e-01,  9.99359619e-01,  9.99310450e-01, ...,
          3.14889176e-01,  2.39104208e-01,  0.00000000e+00]],

       [[ 0.00000000e+00, -1.04739121e-02, -6.41962457e-02, ...,
         -8.91335575e-01, -8.90496110e-01, -8.83400880e-01],
        [ 1.04739121e-02,  0.00000000e+00, -5.37404169e-02, ...,
         -8.86538396e-01, -8.85681729e-01, -8.78444159e-01],
        [ 6.41962457e-02,  5.37404169e-02,  0.00000000e+00, ...,
         -8.60394020e-01, -8.59450573e-01, -8.51495164e-01],
        ...,
        [ 8.91335575e-01,  8.86538396e-01,  8.60394020e-01, ...,
          0.00000000e+00,  1.84835805e-03,  1.72113491e-02],
        [ 8.90496110e-01,  8.85681729e-01,  8.59450573e-01, ...,
         -1.84835805e-03,  0.00000000e+00,  1.53632355e-02],
        [ 8.83400880e-01,  8.78444159e-01,  8.51495164e-01, ...,
         -1.72113491e-02, -1.53632355e-02,  0.00000000e+00]]]), 'num': array([ 7.29576509e-01,  6.83888950e-01,  3.33485832e-06,  1.23479889e-03,
        1.29338424e-03,  1.19423980e-03,  9.91895023e-04, -1.80262612e-05,
        1.23750283e-03,  1.22443379e-03,  1.53899205e-03,  5.66209486e-06,
        1.31339024e-03,  1.13547734e-03])}
{'img': array([[[ 0.00000000e+00, -1.96928645e-01,  6.53665247e-02, ...,
         -9.13682317e-01, -8.57882358e-01, -8.83541067e-01],
        [ 1.96928645e-01,  0.00000000e+00,  2.60593984e-01, ...,
         -8.15752894e-01, -7.39892130e-01, -7.74007152e-01],
        [-6.53665247e-02, -2.60593984e-01,  0.00000000e+00, ...,
         -9.38295103e-01, -8.89635961e-01, -9.12266110e-01],
        ...,
        [ 9.13682317e-01,  8.15752894e-01,  9.38295103e-01, ...,
          0.00000000e+00,  1.20823769e-01,  6.88296757e-02],
        [ 8.57882358e-01,  7.39892130e-01,  8.89635961e-01, ...,
         -1.20823769e-01,  0.00000000e+00, -5.22117984e-02],
        [ 8.83541067e-01,  7.74007152e-01,  9.12266110e-01, ...,
         -6.88296757e-02,  5.22117984e-02,  0.00000000e+00]],

       [[ 0.00000000e+00,  7.47509540e-01,  3.20231237e-01, ...,
          2.20847024e-02,  2.25405866e-02,  5.61778912e-02],
        [-7.47509540e-01,  0.00000000e+00, -4.95431303e-01, ...,
         -7.32657438e-01, -7.32347011e-01, -7.09012830e-01],
        [-3.20231237e-01,  4.95431303e-01,  0.00000000e+00, ...,
         -2.99231425e-01, -2.98796289e-01, -2.66505990e-01],
        ...,
        [-2.20847024e-02,  7.32657438e-01,  2.99231425e-01, ...,
          0.00000000e+00,  4.55997738e-04,  3.41143639e-02],
        [-2.25405866e-02,  7.32347011e-01,  2.98796289e-01, ...,
         -4.55997738e-04,  0.00000000e+00,  3.36586280e-02],
        [-5.61778912e-02,  7.09012830e-01,  2.66505990e-01, ...,
         -3.41143639e-02, -3.36586280e-02,  0.00000000e+00]],

       [[ 0.00000000e+00, -7.60197237e-02, -8.30274819e-02, ...,
         -9.58677832e-01, -9.63619053e-01, -9.64583271e-01],
        [ 7.60197237e-02,  0.00000000e+00, -7.02997923e-03, ...,
         -9.34276568e-01, -9.40512129e-01, -9.41739699e-01],
        [ 8.30274819e-02,  7.02997923e-03,  0.00000000e+00, ...,
         -9.31746948e-01, -9.38100382e-01, -9.39351947e-01],
        ...,
        [ 9.58677832e-01,  9.34276568e-01,  9.31746948e-01, ...,
          0.00000000e+00, -1.79088861e-02, -2.15394849e-02],
        [ 9.63619053e-01,  9.40512129e-01,  9.38100382e-01, ...,
          1.79088861e-02,  0.00000000e+00, -3.63129927e-03],
        [ 9.64583271e-01,  9.41739699e-01,  9.39351947e-01, ...,
          2.15394849e-02,  3.63129927e-03,  0.00000000e+00]],

       ...,

       [[ 0.00000000e+00, -1.15716432e-02,  6.12201785e-02, ...,
          2.65603109e-01,  4.28875656e-01,  3.96323659e-01],
        [ 1.15716432e-02,  0.00000000e+00,  7.27660177e-02, ...,
          2.76741344e-01,  4.39300341e-01,  4.06921175e-01],
        [-6.12201785e-02, -7.27660177e-02,  0.00000000e+00, ...,
          2.06083613e-01,  3.72767131e-01,  3.39373358e-01],
        ...,
        [-2.65603109e-01, -2.76741344e-01, -2.06083613e-01, ...,
          0.00000000e+00,  1.73535334e-01,  1.38235588e-01],
        [-4.28875656e-01, -4.39300341e-01, -3.72767131e-01, ...,
         -1.73535334e-01,  0.00000000e+00, -3.57310576e-02],
        [-3.96323659e-01, -4.06921175e-01, -3.39373358e-01, ...,
         -1.38235588e-01,  3.57310576e-02,  0.00000000e+00]],

       [[ 0.00000000e+00,  1.33711460e-03, -7.23495763e-03, ...,
         -9.65818218e-01, -9.89495810e-01, -9.99013294e-01],
        [-1.33711460e-03,  0.00000000e+00, -8.57203076e-03, ...,
         -9.66163962e-01, -9.89688221e-01, -9.98953016e-01],
        [ 7.23495763e-03,  8.57203076e-03,  0.00000000e+00, ...,
         -9.63917492e-01, -9.88424015e-01, -9.99308467e-01],
        ...,
        [ 9.65818218e-01,  9.66163962e-01,  9.63917492e-01, ...,
          0.00000000e+00, -1.16877232e-01, -3.01858602e-01],
        [ 9.89495810e-01,  9.89688221e-01,  9.88424015e-01, ...,
          1.16877232e-01,  0.00000000e+00, -1.88364550e-01],
        [ 9.99013294e-01,  9.98953016e-01,  9.99308467e-01, ...,
          3.01858602e-01,  1.88364550e-01,  0.00000000e+00]],

       [[ 0.00000000e+00, -5.37404169e-02, -5.73340807e-02, ...,
         -8.85681729e-01, -8.78444159e-01, -8.75388200e-01],
        [ 5.37404169e-02,  0.00000000e+00, -3.59921303e-03, ...,
         -8.59450573e-01, -8.51495164e-01, -8.48143985e-01],
        [ 5.73340807e-02,  3.59921303e-03,  0.00000000e+00, ...,
         -8.57605021e-01, -8.49602356e-01, -8.46231752e-01],
        ...,
        [ 8.85681729e-01,  8.59450573e-01,  8.57605021e-01, ...,
          0.00000000e+00,  1.53632355e-02,  2.17203088e-02],
        [ 8.78444159e-01,  8.51495164e-01,  8.49602356e-01, ...,
         -1.53632355e-02,  0.00000000e+00,  6.35813430e-03],
        [ 8.75388200e-01,  8.48143985e-01,  8.46231752e-01, ...,
         -2.17203088e-02, -6.35813430e-03,  0.00000000e+00]]]), 'num': array([7.28959383e-01, 6.84544109e-01, 3.24199081e-06, 1.23375762e-03,
       1.23826038e-03, 1.17071891e-03, 2.19050513e-03, 0.00000000e+00,
       1.23465817e-03, 1.22137501e-03, 1.53011460e-03, 5.65732015e-06,
       1.30732358e-03, 1.13542644e-03])}
{'img': array([[[ 0.00000000e+00,  2.60593984e-01,  4.45659393e-01, ...,
         -7.39892130e-01, -7.74007152e-01, -7.74007152e-01],
        [-2.60593984e-01,  0.00000000e+00,  1.96976772e-01, ...,
         -8.89635961e-01, -9.12266110e-01, -9.12266110e-01],
        [-4.45659393e-01, -1.96976772e-01,  0.00000000e+00, ...,
         -9.62159813e-01, -9.75074432e-01, -9.75074432e-01],
        ...,
        [ 7.39892130e-01,  8.89635961e-01,  9.62159813e-01, ...,
          0.00000000e+00, -5.22117984e-02, -5.22117984e-02],
        [ 7.74007152e-01,  9.12266110e-01,  9.75074432e-01, ...,
          5.22117984e-02,  0.00000000e+00,  0.00000000e+00],
        [ 7.74007152e-01,  9.12266110e-01,  9.75074432e-01, ...,
          5.22117984e-02,  0.00000000e+00,  0.00000000e+00]],

       [[ 0.00000000e+00, -4.95431303e-01,  4.84958409e-01, ...,
         -7.32347011e-01, -7.09012830e-01, -4.63316826e-01],
        [ 4.95431303e-01,  0.00000000e+00,  8.54530839e-01, ...,
         -2.98796289e-01, -2.66505990e-01,  3.65887811e-02],
        [-4.84958409e-01, -8.54530839e-01,  0.00000000e+00, ...,
         -9.70688225e-01, -9.62048633e-01, -8.34954414e-01],
        ...,
        [ 7.32347011e-01,  2.98796289e-01,  9.70688225e-01, ...,
          0.00000000e+00,  3.36586280e-02,  3.33513510e-01],
        [ 7.09012830e-01,  2.66505990e-01,  9.62048633e-01, ...,
         -3.36586280e-02,  0.00000000e+00,  3.01593023e-01],
        [ 4.63316826e-01, -3.65887811e-02,  8.34954414e-01, ...,
         -3.33513510e-01, -3.01593023e-01,  0.00000000e+00]],

       [[ 0.00000000e+00, -7.02997923e-03,  5.92250233e-02, ...,
         -9.40512129e-01, -9.41739699e-01, -9.44174561e-01],
        [ 7.02997923e-03,  0.00000000e+00,  6.62411990e-02, ...,
         -9.38100382e-01, -9.39351947e-01, -9.41835234e-01],
        [-5.92250233e-02, -6.62411990e-02,  0.00000000e+00, ...,
         -9.58983509e-01, -9.60006521e-01, -9.62028634e-01],
        ...,
        [ 9.40512129e-01,  9.38100382e-01,  9.58983509e-01, ...,
          0.00000000e+00, -3.63129927e-03, -1.09452810e-02],
        [ 9.41739699e-01,  9.39351947e-01,  9.60006521e-01, ...,
          3.63129927e-03,  0.00000000e+00, -7.31412708e-03],
