state_0,state_1,state_2,state_3,state_4,state_5,state_6,state_7,state_8,state_9,state_10,state_11,state_12,state_13,state_14,state_15,state_16,state_17,state_18,state_19,state_20,state_21,state_22,state_23,state_24,state_25,state_26,state_27,state_28,state_29,state_30,state_31,state_32,state_33,state_34,state_35,state_36,state_37,state_38,state_39,state_40,state_41,state_42,state_43,state_44,state_45,state_46,state_47,state_48,state_49,state_50,state_51,state_52,state_53,state_54,state_55,state_56,state_57,state_58,state_59,state_60,state_61,state_62,state_63,state_64,state_65,state_66,state_67,state_68,state_69,state_70,state_71,state_72,state_73,state_74,state_75,state_76,state_77,state_78,state_79,state_80,state_81,state_82,state_83,state_84,state_85,state_86,state_87,state_88,state_89,state_90,state_91,state_92,state_93,state_94,state_95,state_96,state_97,state_98,state_99,state_100,state_101,state_102,state_103,state_104,state_105,state_106,state_107,state_108,state_109,state_110,state_111,state_112,state_113,state_114,state_115,state_116,state_117,state_118,state_119,state_120,state_121,state_122,state_123,state_124,state_125,state_126,state_127,state_128,state_129,state_130,state_131,state_132,state_133,state_134,state_135,state_136,state_137,state_138,state_139,state_140,state_141,state_142,state_143,state_144,state_145,state_146,state_147,state_148,state_149,state_150,state_151,state_152,state_153,state_154,state_155,state_156,state_157,state_158,state_159,state_160,state_161,state_162,state_163,state_164,state_165,state_166,state_167,state_168,state_169,state_170,state_171,state_172,state_173,state_174,state_175,state_176,state_177,state_178,state_179,state_180,state_181,state_182,state_183,state_184,state_185,state_186,state_187,state_188,state_189,state_190,state_191,state_192,state_193,state_194,state_195,state_196,state_197,state_198,state_199,state_200,state_201,state_202,state_203,state_204,state_205,state_206,state_207,state_208,state_209,state_210,state_211,state_212,state_213,state_214,state_215,state_216,state_217,state_218,state_219,state_220,state_221,state_222,state_223,state_224,state_225,state_226,state_227,state_228,state_229,state_230,state_231,state_232,state_233,state_234,state_235,state_236,state_237,state_238,state_239,state_240,state_241,state_242,state_243,state_244,state_245,state_246,state_247,state_248,state_249,state_250,state_251,state_252,state_253,state_254,state_255,state_256,state_257,state_258,state_259,state_260,state_261,state_262,state_263,state_264,state_265,state_266,state_267,state_268,state_269,state_270,state_271,state_272,state_273,state_274,state_275,state_276,state_277,state_278,state_279,state_280,state_281,state_282,state_283,state_284,state_285,state_286,state_287
{'img': array([[[ 0.        , -0.18047048,  0.29530953, ..., -0.51009243,
         -0.43572312, -0.38337819],
        [ 0.18047048,  0.        ,  0.46288245, ..., -0.34649072,
         -0.26613072, -0.21040229],
        [-0.29530953, -0.46288245,  0.        , ..., -0.74134465,
         -0.68209301, -0.63902551],
        ...,
        [ 0.51009243,  0.34649072,  0.74134465, ...,  0.        ,
          0.08435038,  0.14136591],
        [ 0.43572312,  0.26613072,  0.68209301, ..., -0.08435038,
          0.        ,  0.05735882],
        [ 0.38337819,  0.21040229,  0.63902551, ..., -0.14136591,
         -0.05735882,  0.        ]],

       [[ 0.        ,  0.18191593,  0.8825021 , ..., -0.12043891,
         -0.10184844, -0.12354572],
        [-0.18191593,  0.        ,  0.78222015, ..., -0.299021  ,
         -0.28111895, -0.30200649],
        [-0.8825021 , -0.78222015,  0.        , ..., -0.93272158,
         -0.92581321, -0.93384574],
        ...,
        [ 0.12043891,  0.299021  ,  0.93272158, ...,  0.        ,
          0.01870557, -0.00313018],
        [ 0.10184844,  0.28111895,  0.92581321, ..., -0.01870557,
          0.        , -0.02183511],
        [ 0.12354572,  0.30200649,  0.93384574, ...,  0.00313018,
          0.02183511,  0.        ]],

       [[ 0.        , -0.51629592, -0.59587537, ..., -0.96407201,
         -0.96177351, -0.95756869],
        [ 0.51629592,  0.        , -0.09568844, ..., -0.68849178,
         -0.68228705, -0.67127252],
        [ 0.59587537,  0.09568844,  0.        , ..., -0.61593504,
         -0.60919993, -0.59726698],
        ...,
        [ 0.96407201,  0.68849178,  0.61593504, ...,  0.        ,
          0.00852091,  0.02348097],
        [ 0.96177351,  0.68228705,  0.60919993, ..., -0.00852091,
          0.        ,  0.01496155],
        [ 0.95756869,  0.67127252,  0.59726698, ..., -0.02348097,
         -0.01496155,  0.        ]],

       ...,

       [[ 0.        , -0.27507634,  0.15286276, ...,  0.36877597,
          0.64511921,  0.60014566],
        [ 0.27507634,  0.        ,  0.41880916, ...,  0.61023797,
          0.83041291,  0.79702449],
        [-0.15286276, -0.41880916,  0.        , ...,  0.22235317,
          0.52073773,  0.4708189 ],
        ...,
        [-0.36877597, -0.61023797, -0.22235317, ...,  0.        ,
          0.31787506,  0.2628659 ],
        [-0.64511921, -0.83041291, -0.52073773, ..., -0.31787506,
          0.        , -0.05746442],
        [-0.60014566, -0.79702449, -0.4708189 , ..., -0.2628659 ,
          0.05746442,  0.        ]],

       [[ 0.        ,  0.18208282, -0.05461607, ..., -0.81118172,
         -0.81257866, -0.82457829],
        [-0.18208282,  0.        , -0.23551411, ..., -0.69114039,
         -0.6928677 , -0.70778102],
        [ 0.05461607,  0.23551411,  0.        , ..., -0.84191014,
         -0.84319889, -0.85424648],
        ...,
        [ 0.81118172,  0.69114039,  0.84191014, ...,  0.        ,
          0.00239274,  0.02328425],
        [ 0.81257866,  0.6928677 ,  0.84319889, ..., -0.00239274,
          0.        ,  0.02089209],
        [ 0.82457829,  0.70778102,  0.85424648, ..., -0.02328425,
         -0.02089209,  0.        ]],

       [[ 0.        , -0.43848084, -0.48277004, ..., -0.94252139,
         -0.93753245, -0.93482375],
        [ 0.43848084,  0.        , -0.04988665, ..., -0.70056565,
         -0.69005187, -0.68445418],
        [ 0.48277004,  0.04988665,  0.        , ..., -0.66409485,
         -0.65308672, -0.6472318 ],
        ...,
        [ 0.94252139,  0.70056565,  0.66409485, ...,  0.        ,
          0.01462862,  0.02233324],
        [ 0.93753245,  0.69005187,  0.65308672, ..., -0.01462862,
          0.        ,  0.00770588],
        [ 0.93482375,  0.68445418,  0.6472318 , ..., -0.02233324,
         -0.00770588,  0.        ]]]), 'num': array([ 7.86473251e-01,  6.17588524e-01,  8.84213233e-05,  5.66727273e-04,
        5.71178011e-04,  5.57825798e-04,  6.46217449e-03, -1.48357925e-06,
        5.59606093e-04,  5.53300881e-04,  5.29959234e-04,  1.76527151e-05,
        5.75053917e-04,  5.31547845e-04])}
{'img': array([[[ 0.        ,  0.46288245,  0.85659958, ..., -0.26613072,
         -0.21040229, -0.2198147 ],
        [-0.46288245,  0.        ,  0.52046783, ..., -0.68209301,
         -0.63902551, -0.64640918],
        [-0.85659958, -0.52046783,  0.        , ..., -0.96302658,
         -0.94598825, -0.94906894],
        ...,
        [ 0.26613072,  0.68209301,  0.96302658, ...,  0.        ,
          0.05735882,  0.0477341 ],
        [ 0.21040229,  0.63902551,  0.94598825, ..., -0.05735882,
          0.        , -0.00963792],
        [ 0.2198147 ,  0.64640918,  0.94906894, ..., -0.0477341 ,
          0.00963792,  0.        ]],

       [[ 0.        ,  0.78222015,  0.80903579, ..., -0.28111895,
         -0.30200649, -0.58228432],
        [-0.78222015,  0.        ,  0.96378824, ..., -0.92581321,
         -0.93384574, -0.99869779],
        [-0.80903579, -0.96378824,  0.        , ..., -0.61117945,
         -0.59375142, -0.31549108],
        ...,
        [ 0.28111895,  0.92581321,  0.61117945, ...,  0.        ,
         -0.02183511, -0.33025694],
        [ 0.30200649,  0.93384574,  0.59375142, ...,  0.02183511,
          0.        , -0.30956824],
        [ 0.58228432,  0.99869779,  0.31549108, ...,  0.33025694,
          0.30956824,  0.        ]],

       [[ 0.        , -0.33408927, -0.25534188, ..., -0.92808208,
         -0.92172448, -0.92629644],
        [ 0.33408927,  0.        ,  0.08234419, ..., -0.75034909,
         -0.73918856, -0.74718941],
        [ 0.25534188, -0.08234419,  0.        , ..., -0.80223382,
         -0.79213693, -0.79937879],
        ...,
        [ 0.92808208,  0.75034909,  0.80223382, ...,  0.        ,
          0.01672449,  0.00476695],
        [ 0.92172448,  0.73918856,  0.79213693, ..., -0.01672449,
          0.        , -0.01195801],
        [ 0.92629644,  0.74718941,  0.79937879, ..., -0.00476695,
          0.01195801,  0.        ]],

       ...,

       [[ 0.        ,  0.41880916,  0.54001423, ...,  0.83041291,
          0.79702449,  0.78593954],
        [-0.41880916,  0.        ,  0.13787984, ...,  0.52073773,
          0.4708189 ,  0.45474037],
        [-0.54001423, -0.13787984,  0.        , ...,  0.39805382,
          0.34468038,  0.32759803],
        ...,
        [-0.83041291, -0.52073773, -0.39805382, ...,  0.        ,
         -0.05746442, -0.0755621 ],
        [-0.79702449, -0.4708189 , -0.34468038, ...,  0.05746442,
          0.        , -0.0181371 ],
        [-0.78593954, -0.45474037, -0.32759803, ...,  0.0755621 ,
          0.0181371 ,  0.        ]],

       [[ 0.        , -0.23551411, -0.39395315, ..., -0.6928677 ,
         -0.70778102, -0.67535824],
        [ 0.23551411,  0.        , -0.16640341, ..., -0.84319889,
         -0.85424648, -0.8300503 ],
        [ 0.39395315,  0.16640341,  0.        , ..., -0.92090157,
         -0.92884421, -0.91127881],
        ...,
        [ 0.6928677 ,  0.84319889,  0.92090157, ...,  0.        ,
          0.02089209, -0.02400587],
        [ 0.70778102,  0.85424648,  0.92884421, ..., -0.02089209,
          0.        , -0.0448867 ],
        [ 0.67535824,  0.8300503 ,  0.91127881, ...,  0.02400587,
          0.0448867 ,  0.        ]],

       [[ 0.        , -0.21875243, -0.21615322, ..., -0.90762544,
         -0.90407214, -0.89844902],
        [ 0.21875243,  0.        ,  0.00266293, ..., -0.79381499,
         -0.78868547, -0.78063959],
        [ 0.21615322, -0.00266293,  0.        , ..., -0.79543166,
         -0.79031984, -0.78230111],
        ...,
        [ 0.90762544,  0.79381499,  0.79543166, ...,  0.        ,
          0.00838857,  0.02136641],
        [ 0.90407214,  0.78868547,  0.79031984, ..., -0.00838857,
          0.        ,  0.012979  ],
        [ 0.89844902,  0.78063959,  0.78230111, ..., -0.02136641,
         -0.012979  ,  0.        ]]]), 'num': array([ 7.07106750e-01,  7.07106750e-01,  0.00000000e+00,  1.36484670e-05,
        1.38662617e-05,  1.33580741e-05,  2.93899410e-04, -2.17794687e-07,
        1.36920260e-05,  1.35504594e-05,  1.29497091e-05,  3.97561730e-07,
        1.40805259e-05,  1.30203929e-05])}
{'img': array([[[ 0.        ,  0.52046783, -0.11242487, ..., -0.63902551,
         -0.64640918, -0.68898786],
        [-0.52046783,  0.        , -0.61316567, ..., -0.94598825,
         -0.94906894, -0.9655348 ],
        [ 0.11242487,  0.61316567,  0.        , ..., -0.54849865,
         -0.55653194, -0.60313734],
        ...,
        [ 0.63902551,  0.94598825,  0.54849865, ...,  0.        ,
         -0.00963792, -0.06681115],
        [ 0.64640918,  0.94906894,  0.55653194, ...,  0.00963792,
          0.        , -0.05719165],
        [ 0.68898786,  0.9655348 ,  0.60313734, ...,  0.06681115,
          0.05719165,  0.        ]],

       [[ 0.        ,  0.96378824, -0.75309811, ..., -0.93384574,
         -0.99869779, -0.94175166],
        [-0.96378824,  0.        , -0.83491196, ..., -0.59375142,
         -0.31549108, -0.57526652],
        [ 0.75309811,  0.83491196,  0.        , ..., -0.34501967,
         -0.61863069, -0.36631241],
        ...,
        [ 0.93384574,  0.59375142,  0.34501967, ...,  0.        ,
         -0.30956824, -0.02278114],
        [ 0.99869779,  0.31549108,  0.61863069, ...,  0.30956824,
          0.        ,  0.28782583],
        [ 0.94175166,  0.57526652,  0.36631241, ...,  0.02278114,
         -0.28782583,  0.        ]],

       [[ 0.        ,  0.1346813 ,  0.24844885, ..., -0.78401224,
         -0.79154122, -0.79154122],
        [-0.1346813 ,  0.        ,  0.11572686, ..., -0.86047187,
         -0.86663533, -0.86663533],
        [-0.24844885, -0.11572686,  0.        , ..., -0.91365302,
         -0.91855347, -0.91855347],
        ...,
        [ 0.78401224,  0.86047187,  0.91365302, ...,  0.        ,
         -0.01222328, -0.01222328],
        [ 0.79154122,  0.86663533,  0.91855347, ...,  0.01222328,
          0.        ,  0.        ],
        [ 0.79154122,  0.86663533,  0.91855347, ...,  0.01222328,
          0.        ,  0.        ]],

       ...,

       [[ 0.        ,  0.13787984, -0.03248433, ...,  0.4708189 ,
          0.45474037,  0.35317751],
        [-0.13787984,  0.        , -0.16998115, ...,  0.34468038,
          0.32759803,  0.22080994],
        [ 0.03248433,  0.16998115,  0.        , ...,  0.49922908,
          0.48343171,  0.38338204],
        ...,
        [-0.4708189 , -0.34468038, -0.49922908, ...,  0.        ,
         -0.0181371 , -0.12889386],
        [-0.45474037, -0.32759803, -0.48343171, ...,  0.0181371 ,
          0.        , -0.11088685],
        [-0.35317751, -0.22080994, -0.38338204, ...,  0.12889386,
          0.11088685,  0.        ]],

       [[ 0.        , -0.32268258, -0.37341336, ..., -0.71193625,
         -0.67942487, -0.68373902],
        [ 0.32268258,  0.        , -0.05409709, ..., -0.90045475,
         -0.87984731, -0.882634  ],
        [ 0.37341336,  0.05409709,  0.        , ..., -0.92266571,
         -0.90426893, -0.90677047],
        ...,
        [ 0.71193625,  0.90045475,  0.92266571, ...,  0.        ,
         -0.04525761, -0.03936715],
        [ 0.67942487,  0.87984731,  0.90426893, ...,  0.04525761,
          0.        ,  0.00589572],
        [ 0.68373902,  0.882634  ,  0.90677047, ...,  0.03936715,
         -0.00589572,  0.        ]],

       [[ 0.        ,  0.03422915, -0.21007055, ..., -0.88006361,
         -0.8736904 , -0.87159983],
        [-0.03422915,  0.        , -0.24341281, ..., -0.89580181,
         -0.8898303 , -0.88786883],
        [ 0.21007055,  0.24341281,  0.        , ..., -0.76067285,
         -0.75199946, -0.74917079],
        ...,
        [ 0.88006361,  0.89580181,  0.76067285, ...,  0.        ,
          0.01325845,  0.01753881],
        [ 0.8736904 ,  0.8898303 ,  0.75199946, ..., -0.01325845,
          0.        ,  0.00428085],
        [ 0.87159983,  0.88786883,  0.74917079, ..., -0.01753881,
         -0.00428085,  0.        ]]]), 'num': array([7.07106769e-01, 7.07106769e-01, 0.00000000e+00, 1.37210656e-05,
       1.38299630e-05, 1.33943736e-05, 1.79520905e-04, 7.25982309e-08,
       1.37646246e-05, 1.35540897e-05, 1.29115954e-05, 4.14847034e-07,
       1.40877731e-05, 1.30204063e-05])}
{'img': array([[[ 0.00000000e+00, -6.13165674e-01, -8.14681489e-01, ...,
         -9.49068936e-01, -9.65534805e-01, -9.60424974e-01],
        [ 6.13165674e-01,  0.00000000e+00, -2.87981082e-01, ...,
         -5.56531938e-01, -6.03137342e-01, -5.87901435e-01],
        [ 8.14681489e-01,  2.87981082e-01,  0.00000000e+00, ...,
         -2.93692841e-01, -3.47881623e-01, -3.30038360e-01],
        ...,
        [ 9.49068936e-01,  5.56531938e-01,  2.93692841e-01, ...,
          0.00000000e+00, -5.71916539e-02, -3.82471146e-02],
        [ 9.65534805e-01,  6.03137342e-01,  3.47881623e-01, ...,
          5.71916539e-02,  0.00000000e+00,  1.89652950e-02],
        [ 9.60424974e-01,  5.87901435e-01,  3.30038360e-01, ...,
          3.82471146e-02, -1.89652950e-02,  0.00000000e+00]],

       [[ 0.00000000e+00, -8.34911956e-01, -6.88030556e-01, ...,
         -3.15491079e-01, -5.75266518e-01, -3.71881772e-01],
        [ 8.34911956e-01,  0.00000000e+00, -2.27199659e-01, ...,
         -6.18630693e-01, -3.66312407e-01, -5.70354554e-01],
        [ 6.88030556e-01,  2.27199659e-01,  0.00000000e+00, ...,
         -4.23945725e-01, -1.45325230e-01, -3.68817271e-01],
        ...,
        [ 3.15491079e-01,  6.18630693e-01,  4.23945725e-01, ...,
          0.00000000e+00,  2.87825832e-01,  6.00251374e-02],
        [ 5.75266518e-01,  3.66312407e-01,  1.45325230e-01, ...,
         -2.87825832e-01,  0.00000000e+00, -2.29821804e-01],
        [ 3.71881772e-01,  5.70354554e-01,  3.68817271e-01, ...,
         -6.00251374e-02,  2.29821804e-01,  0.00000000e+00]],

       [[ 0.00000000e+00,  1.15726859e-01, -8.50315957e-02, ...,
         -8.66635327e-01, -8.66635327e-01, -8.54145090e-01],
        [-1.15726859e-01,  0.00000000e+00, -1.99768001e-01, ...,
         -9.18553470e-01, -9.18553470e-01, -9.08588145e-01],
        [ 8.50315957e-02,  1.99768001e-01,  0.00000000e+00, ...,
         -8.21070752e-01, -8.21070752e-01, -8.06832208e-01],
        ...,
        [ 8.66635327e-01,  9.18553470e-01,  8.21070752e-01, ...,
          0.00000000e+00,  0.00000000e+00,  2.45115670e-02],
        [ 8.66635327e-01,  9.18553470e-01,  8.21070752e-01, ...,
          0.00000000e+00,  0.00000000e+00,  2.45115670e-02],
        [ 8.54145090e-01,  9.08588145e-01,  8.06832208e-01, ...,
         -2.45115670e-02, -2.45115670e-02,  0.00000000e+00]],

       ...,

       [[ 0.00000000e+00, -1.69981146e-01, -2.92221438e-01, ...,
          3.27598027e-01,  2.20809942e-01,  2.74717155e-01],
        [ 1.69981146e-01,  0.00000000e+00, -1.25407246e-01, ...,
          4.83431706e-01,  3.83382042e-01,  4.34160418e-01],
        [ 2.92221438e-01,  1.25407246e-01,  0.00000000e+00, ...,
          5.89394437e-01,  4.96180234e-01,  5.43704182e-01],
        ...,
        [-3.27598027e-01, -4.83431706e-01, -5.89394437e-01, ...,
          0.00000000e+00, -1.10886847e-01, -5.54362281e-02],
        [-2.20809942e-01, -3.83382042e-01, -4.96180234e-01, ...,
          1.10886847e-01,  0.00000000e+00,  5.56219739e-02],
        [-2.74717155e-01, -4.34160418e-01, -5.43704182e-01, ...,
          5.54362281e-02, -5.56219739e-02,  0.00000000e+00]],

       [[ 0.00000000e+00, -8.10833691e-02, -2.61088097e-02, ...,
         -8.14404757e-01, -8.17845986e-01, -8.20184156e-01],
        [ 8.10833691e-02,  0.00000000e+00,  5.50328865e-02, ...,
         -8.58775640e-01, -8.61811468e-01, -8.63871317e-01],
        [ 2.61088097e-02, -5.50328865e-02,  0.00000000e+00, ...,
         -8.29278002e-01, -8.32591168e-01, -8.34841400e-01],
        ...,
        [ 8.14404757e-01,  8.58775640e-01,  8.29278002e-01, ...,
          0.00000000e+00,  5.95499992e-03,  1.00299720e-02],
        [ 8.17845986e-01,  8.61811468e-01,  8.32591168e-01, ...,
         -5.95499992e-03,  0.00000000e+00,  4.07509379e-03],
        [ 8.20184156e-01,  8.63871317e-01,  8.34841400e-01, ...,
         -1.00299720e-02, -4.07509379e-03,  0.00000000e+00]],

       [[ 0.00000000e+00, -2.43412814e-01, -4.32849124e-01, ...,
         -8.89830305e-01, -8.87868833e-01, -8.87867107e-01],
        [ 2.43412814e-01,  0.00000000e+00, -2.00401758e-01, ...,
         -7.51999461e-01, -7.49170786e-01, -7.49168301e-01],
        [ 4.32849124e-01,  2.00401758e-01,  0.00000000e+00, ...,
         -6.04646683e-01, -6.01231469e-01, -6.01228471e-01],
        ...,
        [ 8.89830305e-01,  7.51999461e-01,  6.04646683e-01, ...,
          0.00000000e+00,  4.28085423e-03,  4.28460553e-03],
        [ 8.87868833e-01,  7.49170786e-01,  6.01231469e-01, ...,
         -4.28085423e-03,  0.00000000e+00,  3.75133149e-06],
        [ 8.87867107e-01,  7.49168301e-01,  6.01228471e-01, ...,
         -4.28460553e-03, -3.75133149e-06,  0.00000000e+00]]]), 'num': array([7.75265676e-01, 6.31635056e-01, 7.53966512e-05, 1.51413262e-05,
       1.54195133e-05, 1.47041751e-05, 5.29048271e-04, 1.19223041e-07,
       1.51015852e-05, 1.48611521e-05, 1.40855400e-05, 4.71346907e-07,
       1.54561933e-05, 1.42661108e-05])}
{'img': array([[[ 0.00000000e+00, -6.43666481e-01, -6.55607282e-01, ...,
         -9.12908949e-01, -9.03507903e-01, -8.88341350e-01],
        [ 6.43666481e-01,  0.00000000e+00, -1.57063932e-02, ...,
         -4.35933795e-01, -4.15603066e-01, -3.84291935e-01],
        [ 6.55607282e-01,  1.57063932e-02,  0.00000000e+00, ...,
         -4.21744601e-01, -4.01266112e-01, -3.69744206e-01],
        ...,
        [ 9.12908949e-01,  4.35933795e-01,  4.21744601e-01, ...,
          0.00000000e+00,  2.24679565e-02,  5.66045786e-02],
        [ 9.03507903e-01,  4.15603066e-01,  4.01266112e-01, ...,
         -2.24679565e-02,  0.00000000e+00,  3.41583565e-02],
        [ 8.88341350e-01,  3.84291935e-01,  3.69744206e-01, ...,
         -5.66045786e-02, -3.41583565e-02,  0.00000000e+00]],

       [[ 0.00000000e+00, -3.33623079e-01, -7.38590006e-01, ...,
         -5.20404886e-01, -7.62947492e-01, -1.58867711e-01],
        [ 3.33623079e-01,  0.00000000e+00, -4.71360010e-01, ...,
         -2.05701795e-01, -5.03561469e-01,  1.79620393e-01],
        [ 7.38590006e-01,  4.71360010e-01,  0.00000000e+00, ...,
          2.79863020e-01, -3.68755405e-02,  6.22108380e-01],
        ...,
        [ 5.20404886e-01,  2.05701795e-01, -2.79863020e-01, ...,
          0.00000000e+00, -3.15074667e-01,  3.78135421e-01],
        [ 7.62947492e-01,  5.03561469e-01,  3.68755405e-02, ...,
          3.15074667e-01,  0.00000000e+00,  6.50556272e-01],
        [ 1.58867711e-01, -1.79620393e-01, -6.22108380e-01, ...,
         -3.78135421e-01, -6.50556272e-01,  0.00000000e+00]],

       [[ 0.00000000e+00, -1.99768001e-01, -1.15726859e-01, ...,
         -9.18553470e-01, -9.08588145e-01, -9.04415997e-01],
        [ 1.99768001e-01,  0.00000000e+00,  8.50315957e-02, ...,
         -8.21070752e-01, -8.06832208e-01, -8.00954523e-01],
        [ 1.15726859e-01, -8.50315957e-02,  0.00000000e+00, ...,
         -8.66635327e-01, -8.54145090e-01, -8.48964229e-01],
        ...,
        [ 9.18553470e-01,  8.21070752e-01,  8.66635327e-01, ...,
          0.00000000e+00,  2.45115670e-02,  3.43897257e-02],
        [ 9.08588145e-01,  8.06832208e-01,  8.54145090e-01, ...,
         -2.45115670e-02,  0.00000000e+00,  9.88232480e-03],
        [ 9.04415997e-01,  8.00954523e-01,  8.48964229e-01, ...,
         -3.43897257e-02, -9.88232480e-03,  0.00000000e+00]],

       ...,

       [[ 0.00000000e+00, -1.25407246e-01, -1.92672140e-01, ...,
          3.83382042e-01,  4.34160418e-01,  4.79453989e-01],
        [ 1.25407246e-01,  0.00000000e+00, -6.80935459e-02, ...,
          4.96180234e-01,  5.43704182e-01,  5.85722130e-01],
        [ 1.92672140e-01,  6.80935459e-02,  0.00000000e+00, ...,
          5.54148717e-01,  5.99591554e-01,  6.39553265e-01],
        ...,
        [-3.83382042e-01, -4.96180234e-01, -5.54148717e-01, ...,
          0.00000000e+00,  5.56219739e-02,  1.06375402e-01],
        [-4.34160418e-01, -5.43704182e-01, -5.99591554e-01, ...,
         -5.56219739e-02,  0.00000000e+00,  5.09043450e-02],
        [-4.79453989e-01, -5.85722130e-01, -6.39553265e-01, ...,
         -1.06375402e-01, -5.09043450e-02,  0.00000000e+00]],

       [[ 0.00000000e+00,  5.50328865e-02,  2.75473408e-01, ...,
         -8.61811468e-01, -8.63871317e-01, -8.72099745e-01],
        [-5.50328865e-02,  0.00000000e+00,  2.22152348e-01, ...,
         -8.32591168e-01, -8.34841400e-01, -8.43848974e-01],
        [-2.75473408e-01, -2.22152348e-01,  0.00000000e+00, ...,
         -6.88738826e-01, -6.91687589e-01, -7.03560173e-01],
        ...,
        [ 8.61811468e-01,  8.32591168e-01,  6.88738826e-01, ...,
          0.00000000e+00,  4.07509379e-03,  2.06454442e-02],
        [ 8.63871317e-01,  8.34841400e-01,  6.91687589e-01, ...,
         -4.07509379e-03,  0.00000000e+00,  1.65710476e-02],
        [ 8.72099745e-01,  8.43848974e-01,  7.03560173e-01, ...,
         -2.06454442e-02, -1.65710476e-02,  0.00000000e+00]],

       [[ 0.00000000e+00, -3.66295977e-01, -4.90649131e-01, ...,
         -8.75956700e-01, -8.75954838e-01, -8.74499142e-01],
        [ 3.66295977e-01,  0.00000000e+00, -1.37373578e-01, ...,
         -6.38378881e-01, -6.38375909e-01, -6.36056584e-01],
        [ 4.90649131e-01,  1.37373578e-01,  0.00000000e+00, ...,
         -5.26587102e-01, -5.26583820e-01, -5.24023048e-01],
        ...,
        [ 8.75956700e-01,  6.38378881e-01,  5.26587102e-01, ...,
          0.00000000e+00,  3.86040125e-06,  3.01329204e-03],
        [ 8.75954838e-01,  6.38375909e-01,  5.26583820e-01, ...,
         -3.86040125e-06,  0.00000000e+00,  3.00943166e-03],
        [ 8.74499142e-01,  6.36056584e-01,  5.24023048e-01, ...,
         -3.01329204e-03, -3.00943166e-03,  0.00000000e+00]]]), 'num': array([7.25009884e-01, 6.88738342e-01, 1.88914283e-05, 1.42688994e-05,
       1.44918510e-05, 1.38973135e-05, 4.02814003e-04, 1.11475777e-07,
       1.41276968e-05, 1.39474776e-05, 1.31392782e-05, 4.22048208e-07,
       1.44349638e-05, 1.34599914e-05])}
{'img': array([[[ 0.        , -0.02245529,  0.19676277, ..., -0.50371177,
         -0.46991916, -0.43450068],
        [ 0.02245529,  0.        ,  0.21872947, ..., -0.48418627,
         -0.44997917, -0.41416628],
        [-0.19676277, -0.21872947,  0.        , ..., -0.66384258,
         -0.63441713, -0.6032253 ],
        ...,
        [ 0.50371177,  0.48418627,  0.66384258, ...,  0.        ,
          0.03868124,  0.07832596],
        [ 0.46991916,  0.44997917,  0.63441713, ..., -0.03868124,
          0.        ,  0.03970494],
        [ 0.43450068,  0.41416628,  0.6032253 , ..., -0.07832596,
         -0.03970494,  0.        ]],

       [[ 0.        , -0.47136001, -0.3153721 , ..., -0.50356147,
          0.17962039,  0.00788396],
        [ 0.47136001,  0.        ,  0.16916606, ..., -0.03687554,
          0.62210838,  0.47829854],
        [ 0.3153721 , -0.16916606,  0.        , ..., -0.20539508,
          0.48069691,  0.32284392],
        ...,
        [ 0.50356147,  0.03687554,  0.20539508, ...,  0.        ,
          0.65055627,  0.51035724],
        [-0.17962039, -0.62210838, -0.48069691, ..., -0.65055627,
          0.        , -0.17185908],
        [-0.00788396, -0.47829854, -0.32284392, ..., -0.51035724,
          0.17185908,  0.        ]],

       [[ 0.        ,  0.1636597 , -0.15785219, ..., -0.82501359,
         -0.81935545, -0.81792401],
        [-0.1636597 ,  0.        , -0.3173317 , ..., -0.90637602,
         -0.90213175, -0.90105354],
        [ 0.15785219,  0.3173317 ,  0.        , ..., -0.72546589,
         -0.71858856, -0.71685298],
        ...,
        [ 0.82501359,  0.90637602,  0.72546589, ...,  0.        ,
          0.00994029,  0.0124326 ],
        [ 0.81935545,  0.90213175,  0.71858856, ..., -0.00994029,
          0.        ,  0.00249246],
        [ 0.81792401,  0.90105354,  0.71685298, ..., -0.0124326 ,
         -0.00249246,  0.        ]],

       ...,

       [[ 0.        , -0.06809355,  0.00439198, ...,  0.54370418,
          0.58572213,  0.536742  ],
        [ 0.06809355,  0.        ,  0.07247468, ...,  0.59959155,
          0.63955327,  0.59294988],
        [-0.00439198, -0.07247468,  0.        , ...,  0.54001285,
          0.58215673,  0.53303111],
        ...,
        [-0.54370418, -0.59959155, -0.54001285, ...,  0.        ,
          0.05090435, -0.00827328],
        [-0.58572213, -0.63955327, -0.58215673, ..., -0.05090435,
          0.        , -0.05916515],
        [-0.536742  , -0.59294988, -0.53303111, ...,  0.00827328,
          0.05916515,  0.        ]],

       [[ 0.        ,  0.22215235,  0.15338832, ..., -0.8348414 ,
         -0.84384897, -0.83891398],
        [-0.22215235,  0.        , -0.06996795, ..., -0.69168759,
         -0.70356017, -0.69704164],
        [-0.15338832,  0.06996795,  0.        , ..., -0.74052306,
         -0.75155764, -0.74550252],
        ...,
        [ 0.8348414 ,  0.69168759,  0.74052306, ...,  0.        ,
          0.01657105,  0.00744007],
        [ 0.84384897,  0.70356017,  0.75155764, ..., -0.01657105,
          0.        , -0.00913154],
        [ 0.83891398,  0.69704164,  0.74550252, ..., -0.00744007,
          0.00913154,  0.        ]],

       [[ 0.        , -0.34465439, -0.44505487, ..., -0.84436899,
         -0.84263135, -0.82145757],
        [ 0.34465439,  0.        , -0.10914706, ..., -0.60798145,
         -0.6054098 , -0.57458064],
        [ 0.44505487,  0.10914706,  0.        , ..., -0.51769169,
         -0.51492118, -0.48181668],
        ...,
        [ 0.84436899,  0.60798145,  0.51769169, ...,  0.        ,
          0.00323505,  0.04141218],
        [ 0.84263135,  0.6054098 ,  0.51492118, ..., -0.00323505,
          0.        ,  0.03817969],
        [ 0.82145757,  0.57458064,  0.48181668, ..., -0.04141218,
         -0.03817969,  0.        ]]]), 'num': array([9.79937701e-01, 1.99303012e-01, 4.03428780e-04, 1.93188153e-05,
       1.95684124e-05, 1.87697017e-05, 4.95000963e-04, 1.49758258e-07,
       1.90292827e-05, 1.87871735e-05, 1.76315389e-05, 5.32473807e-07,
       1.94593455e-05, 1.81150015e-05])}
{'img': array([[[ 0.        ,  0.21872947,  0.04587657, ..., -0.44997917,
         -0.41416628, -0.3766085 ],
        [-0.21872947,  0.        , -0.17373348, ..., -0.63441713,
         -0.6032253 , -0.5701141 ],
        [-0.04587657,  0.17373348,  0.        , ..., -0.49047497,
         -0.45548713, -0.41871077],
        ...,
        [ 0.44997917,  0.63441713,  0.49047497, ...,  0.        ,
          0.03970494,  0.08052224],
        [ 0.41416628,  0.6032253 ,  0.45548713, ..., -0.03970494,
          0.        ,  0.04088274],
        [ 0.3766085 ,  0.5701141 ,  0.41871077, ..., -0.08052224,
         -0.04088274,  0.        ]],

       [[ 0.        ,  0.16916606,  0.57358684, ...,  0.62210838,
          0.47829854,  0.41673513],
        [-0.16916606,  0.        ,  0.42674857, ...,  0.48069691,
          0.32284392,  0.25695229],
        [-0.57358684, -0.42674857,  0.        , ...,  0.06051782,
         -0.11192667, -0.18004008],
        ...,
        [-0.62210838, -0.48069691, -0.06051782, ...,  0.        ,
         -0.17185908, -0.239239  ],
        [-0.47829854, -0.32284392,  0.11192667, ...,  0.17185908,
          0.        , -0.06881108],
        [-0.41673513, -0.25695229,  0.18004008, ...,  0.239239  ,
          0.06881108,  0.        ]],

       [[ 0.        , -0.3173317 , -0.53128842, ..., -0.90213175,
         -0.90105354, -0.89555848],
        [ 0.3173317 ,  0.        , -0.23498801, ..., -0.71858856,
         -0.71685298, -0.70807641],
        [ 0.53128842,  0.23498801,  0.        , ..., -0.53504784,
         -0.53294049, -0.5223156 ],
        ...,
        [ 0.90213175,  0.71858856,  0.53504784, ...,  0.        ,
          0.00249246,  0.01499968],
        [ 0.90105354,  0.71685298,  0.53294049, ..., -0.00249246,
          0.        ,  0.01250745],
        [ 0.89555848,  0.70807641,  0.5223156 , ..., -0.01499968,
         -0.01250745,  0.        ]],

       ...,

       [[ 0.        ,  0.07247468,  0.02177695, ...,  0.63955327,
          0.59294988,  0.52620103],
        [-0.07247468,  0.        , -0.05073781, ...,  0.58215673,
          0.53303111,  0.46318767],
        [-0.02177695,  0.05073781,  0.        , ...,  0.62266064,
          0.57527361,  0.507558  ],
        ...,
        [-0.63955327, -0.58215673, -0.62266064, ...,  0.        ,
         -0.05916515, -0.13933529],
        [-0.59294988, -0.53303111, -0.57527361, ...,  0.05916515,
          0.        , -0.0805032 ],
        [-0.52620103, -0.46318767, -0.507558  , ...,  0.13933529,
          0.0805032 ,  0.        ]],

       [[ 0.        , -0.06996795, -0.17740047, ..., -0.70356017,
         -0.69704164, -0.71603321],
        [ 0.06996795,  0.        , -0.10810754, ..., -0.75155764,
         -0.74550252, -0.76312065],
        [ 0.17740047,  0.10810754,  0.        , ..., -0.81846793,
         -0.81318726, -0.82851331],
        ...,
        [ 0.70356017,  0.75155764,  0.81846793, ...,  0.        ,
         -0.00913154,  0.01770717],
        [ 0.69704164,  0.74550252,  0.81318726, ...,  0.00913154,
          0.        ,  0.02683654],
        [ 0.71603321,  0.76312065,  0.82851331, ..., -0.01770717,
         -0.02683654,  0.        ]],

       [[ 0.        , -0.29529037, -0.42422883, ..., -0.80950548,
         -0.78468443, -0.77943447],
        [ 0.29529037,  0.        , -0.13790975, ..., -0.60003904,
         -0.56664429, -0.55968295],
        [ 0.42422883,  0.13790975,  0.        , ..., -0.48398178,
         -0.44759742, -0.44004832],
        ...,
        [ 0.80950548,  0.60003904,  0.48398178, ...,  0.        ,
          0.04111084,  0.04952647],
        [ 0.78468443,  0.56664429,  0.44759742, ..., -0.04111084,
          0.        ,  0.0084242 ],
        [ 0.77943447,  0.55968295,  0.44004832, ..., -0.04952647,
         -0.0084242 ,  0.        ]]]), 'num': array([ 9.87366646e-01,  1.58451579e-01,  4.36271088e-04,  1.94088945e-05,
        1.96642747e-05,  1.92556664e-05,  1.03418762e-04, -3.57532267e-07,
        1.95110466e-05,  1.92556664e-05,  1.80145187e-05,  5.23856802e-07,
        1.99113522e-05,  1.85999805e-05])}
{'img': array([[[ 0.00000000e+00, -1.73733477e-01,  3.98762861e-02, ...,
         -6.03225302e-01, -5.70114096e-01, -6.44415145e-01],
        [ 1.73733477e-01,  0.00000000e+00,  2.12865169e-01, ...,
         -4.55487125e-01, -4.18710770e-01, -5.01765546e-01],
        [-3.98762861e-02, -2.12865169e-01,  0.00000000e+00, ...,
         -6.34549674e-01, -6.02421624e-01, -6.74395025e-01],
        ...,
        [ 6.03225302e-01,  4.55487125e-01,  6.34549674e-01, ...,
          0.00000000e+00,  4.08827389e-02, -5.26949171e-02],
        [ 5.70114096e-01,  4.18710770e-01,  6.02421624e-01, ...,
         -4.08827389e-02,  0.00000000e+00, -9.34768004e-02],
        [ 6.44415145e-01,  5.01765546e-01,  6.74395025e-01, ...,
          5.26949171e-02,  9.34768004e-02,  0.00000000e+00]],

       [[ 0.00000000e+00,  4.01239777e-01, -2.55699151e-01, ...,
          3.01187104e-01,  2.38452062e-01, -7.10669817e-01],
        [-4.01239777e-01,  0.00000000e+00, -6.22114657e-01, ...,
         -1.06728961e-01, -1.71250059e-01, -9.33236900e-01],
        [ 2.55699151e-01,  6.22114657e-01,  0.00000000e+00, ...,
          5.35000338e-01,  4.78848380e-01, -5.07153673e-01],
        ...,
        [-3.01187104e-01,  1.06728961e-01, -5.35000338e-01, ...,
          0.00000000e+00, -6.51195863e-02, -8.89562777e-01],
        [-2.38452062e-01,  1.71250059e-01, -4.78848380e-01, ...,
          6.51195863e-02,  0.00000000e+00, -8.57927181e-01],
        [ 7.10669817e-01,  9.33236900e-01,  5.07153673e-01, ...,
          8.89562777e-01,  8.57927181e-01,  0.00000000e+00]],

       [[ 0.00000000e+00, -4.43662849e-01, -5.07601960e-01, ...,
         -8.81736824e-01, -8.75468237e-01, -8.70310812e-01],
        [ 4.43662849e-01,  0.00000000e+00, -7.26534890e-02, ...,
         -5.80912811e-01, -5.70177723e-01, -5.61461897e-01],
        [ 5.07601960e-01,  7.26534890e-02,  0.00000000e+00, ...,
         -5.20240145e-01, -5.08984488e-01, -4.99857139e-01],
        ...,
        [ 8.81736824e-01,  5.80912811e-01,  5.20240145e-01, ...,
          0.00000000e+00,  1.31271287e-02,  2.36960805e-02],
        [ 8.75468237e-01,  5.70177723e-01,  5.08984488e-01, ...,
         -1.31271287e-02,  0.00000000e+00,  1.05705960e-02],
        [ 8.70310812e-01,  5.61461897e-01,  4.99857139e-01, ...,
         -2.36960805e-02, -1.05705960e-02,  0.00000000e+00]],

       ...,

       [[ 0.00000000e+00, -5.07378105e-02,  3.71931573e-04, ...,
          5.33031109e-01,  4.63187674e-01,  4.20539848e-01],
        [ 5.07378105e-02,  0.00000000e+00,  5.11092595e-02, ...,
          5.75273610e-01,  5.07557995e-01,  4.66031295e-01],
        [-3.71931573e-04, -5.11092595e-02,  0.00000000e+00, ...,
          5.32716383e-01,  4.62858014e-01,  4.20202375e-01],
        ...,
        [-5.33031109e-01, -5.75273610e-01, -5.32716383e-01, ...,
          0.00000000e+00, -8.05031952e-02, -1.27788371e-01],
        [-4.63187674e-01, -5.07557995e-01, -4.62858014e-01, ...,
          8.05031952e-02,  0.00000000e+00, -4.75304280e-02],
        [-4.20539848e-01, -4.66031295e-01, -4.20202375e-01, ...,
          1.27788371e-01,  4.75304280e-02,  0.00000000e+00]],

       [[ 0.00000000e+00, -1.63320575e-01, -2.90391271e-01, ...,
         -6.97398588e-01, -7.16394170e-01, -7.16700459e-01],
        [ 1.63320575e-01,  0.00000000e+00, -1.30209438e-01, ...,
         -8.05083813e-01, -8.20723259e-01, -8.20974049e-01],
        [ 2.90391271e-01,  1.30209438e-01,  0.00000000e+00, ...,
         -8.75464910e-01, -8.88128071e-01, -8.88329794e-01],
        ...,
        [ 6.97398588e-01,  8.05083813e-01,  8.75464910e-01, ...,
          0.00000000e+00,  2.68558189e-02,  2.72947576e-02],
        [ 7.16394170e-01,  8.20723259e-01,  8.88128071e-01, ...,
         -2.68558189e-02,  0.00000000e+00,  4.39099701e-04],
        [ 7.16700459e-01,  8.20974049e-01,  8.88329794e-01, ...,
         -2.72947576e-02, -4.39099701e-04,  0.00000000e+00]],

       [[ 0.00000000e+00, -3.15244174e-01, -4.01026763e-01, ...,
         -7.54032924e-01, -7.48109575e-01, -7.36220668e-01],
        [ 3.15244174e-01,  0.00000000e+00, -9.17940716e-02, ...,
         -5.08521316e-01, -5.00775694e-01, -4.85342384e-01],
        [ 4.01026763e-01,  9.17940716e-02,  0.00000000e+00, ...,
         -4.27335115e-01, -4.19206579e-01, -4.03035498e-01],
        ...,
        [ 7.54032924e-01,  5.08521316e-01,  4.27335115e-01, ...,
          0.00000000e+00,  8.97179131e-03,  2.67087135e-02],
        [ 7.48109575e-01,  5.00775694e-01,  4.19206579e-01, ...,
         -8.97179131e-03,  0.00000000e+00,  1.77390479e-02],
        [ 7.36220668e-01,  4.85342384e-01,  4.03035498e-01, ...,
         -2.67087135e-02, -1.77390479e-02,  0.00000000e+00]]]), 'num': array([7.26994523e-01, 6.86642271e-01, 1.92153580e-05, 1.57318721e-05,
       1.57318721e-05, 1.41212280e-05, 1.16341689e-03, 1.49827353e-06,
       1.46231497e-05, 1.42186158e-05, 1.32122754e-05, 5.30362312e-07,
       1.50489081e-05, 1.33883235e-05])}
{'img': array([[[ 0.00000000e+00,  2.12865169e-01,  4.53405513e-01, ...,
         -4.18710770e-01, -5.01765546e-01,  2.58711881e-01],
        [-2.12865169e-01,  0.00000000e+00,  2.53286526e-01, ...,
         -6.02421624e-01, -6.74395025e-01,  4.71645389e-02],
        [-4.53405513e-01, -2.53286526e-01,  0.00000000e+00, ...,
         -7.84945184e-01, -8.39423242e-01, -2.07378087e-01],
        ...,
        [ 4.18710770e-01,  6.02421624e-01,  7.84945184e-01, ...,
          0.00000000e+00, -9.34768004e-02,  6.39396908e-01],
        [ 5.01765546e-01,  6.74395025e-01,  8.39423242e-01, ...,
          9.34768004e-02,  0.00000000e+00,  7.08469429e-01],
        [-2.58711881e-01, -4.71645389e-02,  2.07378087e-01, ...,
         -6.39396908e-01, -7.08469429e-01,  0.00000000e+00]],

       [[ 0.00000000e+00, -6.22114657e-01, -3.82993936e-01, ...,
         -1.71250059e-01, -9.33236900e-01,  9.57080960e-01],
        [ 6.22114657e-01,  0.00000000e+00,  2.74822981e-01, ...,
          4.78848380e-01, -5.07153673e-01,  9.29625412e-01],
        [ 3.82993936e-01, -2.74822981e-01,  0.00000000e+00, ...,
          2.19143806e-01, -7.24483377e-01,  9.95103926e-01],
        ...,
        [ 1.71250059e-01, -4.78848380e-01, -2.19143806e-01, ...,
          0.00000000e+00, -8.57927181e-01,  9.92574386e-01],
        [ 9.33236900e-01,  5.07153673e-01,  7.24483377e-01, ...,
          8.57927181e-01,  0.00000000e+00,  6.14313792e-01],
        [-9.57080960e-01, -9.29625412e-01, -9.95103926e-01, ...,
         -9.92574386e-01, -6.14313792e-01,  0.00000000e+00]],

       [[ 0.00000000e+00, -2.67695194e-01, -1.39176152e-01, ...,
         -8.25448875e-01, -8.18708582e-01, -7.36535374e-01],
        [ 2.67695194e-01,  0.00000000e+00,  1.30993158e-01, ...,
         -6.44215254e-01, -6.35115651e-01, -5.28585752e-01],
        [ 1.39176152e-01, -1.30993158e-01,  0.00000000e+00, ...,
         -7.38853589e-01, -7.30824382e-01, -6.35228532e-01],
        ...,
        [ 8.25448875e-01,  6.44215254e-01,  7.38853589e-01, ...,
          0.00000000e+00,  1.18383055e-02,  1.42575622e-01],
        [ 8.18708582e-01,  6.35115651e-01,  7.30824382e-01, ...,
         -1.18383055e-02,  0.00000000e+00,  1.30848267e-01],
