state_0,state_1,state_2,state_3,state_4,state_5,state_6,state_7,state_8,state_9,state_10,state_11,state_12,state_13,state_14,state_15,state_16,state_17,state_18,state_19,state_20,state_21,state_22,state_23,state_24,state_25,state_26,state_27,state_28,state_29,state_30,state_31,state_32,state_33,state_34,state_35,state_36,state_37,state_38,state_39,state_40,state_41,state_42,state_43,state_44,state_45,state_46,state_47,state_48,state_49,state_50,state_51,state_52,state_53,state_54,state_55,state_56,state_57,state_58,state_59,state_60,state_61,state_62,state_63,state_64,state_65,state_66,state_67,state_68,state_69,state_70,state_71,state_72,state_73,state_74,state_75,state_76,state_77,state_78,state_79,state_80,state_81,state_82,state_83,state_84,state_85,state_86,state_87,state_88,state_89,state_90,state_91,state_92,state_93,state_94,state_95,state_96,state_97,state_98,state_99,state_100,state_101,state_102,state_103,state_104,state_105,state_106,state_107,state_108,state_109,state_110,state_111,state_112,state_113,state_114,state_115,state_116,state_117,state_118,state_119,state_120,state_121,state_122,state_123,state_124,state_125,state_126,state_127,state_128,state_129,state_130,state_131,state_132,state_133,state_134,state_135,state_136,state_137,state_138,state_139,state_140,state_141,state_142,state_143,state_144,state_145,state_146,state_147,state_148,state_149,state_150,state_151,state_152,state_153,state_154,state_155,state_156,state_157,state_158,state_159,state_160,state_161,state_162,state_163,state_164,state_165,state_166,state_167,state_168,state_169,state_170,state_171,state_172,state_173,state_174,state_175,state_176,state_177,state_178,state_179,state_180,state_181,state_182,state_183,state_184,state_185,state_186,state_187,state_188,state_189,state_190,state_191,state_192,state_193,state_194,state_195,state_196,state_197,state_198,state_199,state_200,state_201,state_202,state_203,state_204,state_205,state_206,state_207,state_208,state_209,state_210,state_211,state_212,state_213,state_214,state_215,state_216,state_217,state_218,state_219,state_220,state_221,state_222,state_223,state_224,state_225,state_226,state_227,state_228,state_229,state_230,state_231,state_232,state_233,state_234,state_235,state_236,state_237,state_238,state_239,state_240,state_241,state_242,state_243,state_244,state_245,state_246,state_247,state_248,state_249,state_250,state_251,state_252,state_253,state_254,state_255,state_256,state_257,state_258,state_259,state_260,state_261,state_262,state_263,state_264,state_265,state_266,state_267,state_268,state_269,state_270,state_271,state_272,state_273,state_274,state_275,state_276,state_277,state_278,state_279,state_280,state_281,state_282,state_283,state_284,state_285,state_286,state_287
{'img': array([[[ 0.        , -0.18510125, -0.23136529, ...,  0.89133732,
          0.96538891,  0.95177527],
        [ 0.18510125,  0.        , -0.04728829, ...,  0.95984845,
          0.99698357,  0.99211641],
        [ 0.23136529,  0.04728829,  0.        , ...,  0.97203992,
          0.99953841,  0.99693267],
        ...,
        [-0.89133732, -0.95984845, -0.97203992, ...,  0.        ,
          0.20517629,  0.15801966],
        [-0.96538891, -0.99698357, -0.99953841, ..., -0.20517629,
          0.        , -0.04794065],
        [-0.95177527, -0.99211641, -0.99693267, ..., -0.15801966,
          0.04794065,  0.        ]],

       [[ 0.        , -0.05363741, -0.15821288, ..., -0.07262996,
          0.03671727, -0.24745311],
        [ 0.05363741,  0.        , -0.10502328, ..., -0.01902966,
          0.09026565, -0.19512762],
        [ 0.15821288,  0.10502328,  0.        , ...,  0.08607985,
          0.19436101, -0.091044  ],
        ...,
        [ 0.07262996,  0.01902966, -0.08607985, ...,  0.        ,
          0.10920128, -0.17642842],
        [-0.03671727, -0.09026565, -0.19436101, ..., -0.10920128,
          0.        , -0.2828616 ],
        [ 0.24745311,  0.19512762,  0.091044  , ...,  0.17642842,
          0.2828616 ,  0.        ]],

       [[ 0.        , -0.16941541, -0.345641  , ...,  0.95853914,
          0.9460492 ,  0.93465935],
        [ 0.16941541,  0.        , -0.18167087, ...,  0.99295997,
          0.9872683 ,  0.98138332],
        [ 0.345641  ,  0.18167087,  0.        , ...,  0.9979555 ,
          0.99973682,  0.99994409],
        ...,
        [-0.95853914, -0.99295997, -0.9979555 , ...,  0.        ,
         -0.0410017 , -0.07446195],
        [-0.9460492 , -0.9872683 , -0.99973682, ...,  0.0410017 ,
          0.        , -0.03351146],
        [-0.93465935, -0.98138332, -0.99994409, ...,  0.07446195,
          0.03351146,  0.        ]],

       ...,

       [[ 0.        , -0.20837952, -0.27858731, ...,  0.98895627,
          0.97465834,  0.99245475],
        [ 0.20837952,  0.        , -0.07234181, ...,  0.99813018,
          0.99987692,  0.99621815],
        [ 0.27858731,  0.07234181,  0.        , ...,  0.99109315,
          0.99839213,  0.98732237],
        ...,
        [-0.98895627, -0.99813018, -0.99109315, ...,  0.        ,
         -0.07677645,  0.02583197],
        [-0.97465834, -0.99987692, -0.99839213, ...,  0.07677645,
          0.        ,  0.10250655],
        [-0.99245475, -0.99621815, -0.98732237, ..., -0.02583197,
         -0.10250655,  0.        ]],

       [[ 0.        ,  0.03308937,  0.06182913, ...,  0.92946844,
          0.84626697,  0.79082837],
        [-0.03308937,  0.        ,  0.02876921, ...,  0.91675274,
          0.82817488,  0.77014335],
        [-0.06182913, -0.02876921,  0.        , ...,  0.90488127,
          0.81170782,  0.75147354],
        ...,
        [-0.92946844, -0.91675274, -0.90488127, ...,  0.        ,
         -0.18299347, -0.27713211],
        [-0.84626697, -0.82817488, -0.81170782, ...,  0.18299347,
          0.        , -0.09662654],
        [-0.79082837, -0.77014335, -0.75147354, ...,  0.27713211,
          0.09662654,  0.        ]],

       [[ 0.        , -0.06237957, -0.12061829, ...,  0.82590724,
          0.91187304,  0.9483649 ],
        [ 0.06237957,  0.        , -0.05845925, ...,  0.85946876,
          0.93570225,  0.96630359],
        [ 0.12061829,  0.05845925,  0.        , ...,  0.88788257,
          0.95472589,  0.97969872],
        ...,
        [-0.82590724, -0.85946876, -0.88788257, ...,  0.        ,
          0.17510742,  0.27273146],
        [-0.91187304, -0.93570225, -0.95472589, ..., -0.17510742,
          0.        ,  0.10004845],
        [-0.9483649 , -0.96630359, -0.97969872, ..., -0.27273146,
         -0.10004845,  0.        ]]]), 'num': array([7.10889039e-01, 6.99869095e-01, 1.03961742e-07, 1.10199446e-02,
       1.11446987e-02, 1.08847944e-02, 6.23163315e-02, 1.03961742e-04,
       1.08494474e-02, 1.07252131e-02, 1.04368925e-02, 5.73701920e-06,
       1.13715601e-02, 1.00788661e-02])}
{'img': array([[[ 0.        , -0.04728829,  0.07246035, ...,  0.99698357,
          0.99211641,  0.99698357],
        [ 0.04728829,  0.        ,  0.11954327, ...,  0.99953841,
          0.99693267,  0.99953841],
        [-0.07246035, -0.11954327,  0.        , ...,  0.98873894,
          0.98042772,  0.98873894],
        ...,
        [-0.99698357, -0.99953841, -0.98873894, ...,  0.        ,
         -0.04794065,  0.        ],
        [-0.99211641, -0.99693267, -0.98042772, ...,  0.04794065,
          0.        ,  0.04794065],
        [-0.99698357, -0.99953841, -0.98873894, ...,  0.        ,
         -0.04794065,  0.        ]],

       [[ 0.        , -0.10502328, -0.26694233, ...,  0.09026565,
         -0.19512762, -0.10737545],
        [ 0.10502328,  0.        , -0.16425382, ...,  0.19436101,
         -0.091044  , -0.00236555],
        [ 0.26694233,  0.16425382,  0.        , ...,  0.35284273,
          0.0737642 ,  0.16191994],
        ...,
        [-0.09026565, -0.19436101, -0.35284273, ...,  0.        ,
         -0.2828616 , -0.1966809 ],
        [ 0.19512762,  0.091044  , -0.0737642 , ...,  0.2828616 ,
          0.        ,  0.08868803],
        [ 0.10737545,  0.00236555, -0.16191994, ...,  0.1966809 ,
         -0.08868803,  0.        ]],

       [[ 0.        , -0.18167087, -0.28383287, ...,  0.9872683 ,
          0.98138332,  0.98661159],
        [ 0.18167087,  0.        , -0.1049103 , ...,  0.99973682,
          0.99994409,  0.99982204],
        [ 0.28383287,  0.1049103 ,  0.        , ...,  0.99181322,
          0.99553547,  0.9923256 ],
        ...,
        [-0.9872683 , -0.99973682, -0.99181322, ...,  0.        ,
         -0.03351146, -0.00407699],
        [-0.98138332, -0.99994409, -0.99553547, ...,  0.03351146,
          0.        ,  0.02943648],
        [-0.98661159, -0.99982204, -0.9923256 , ...,  0.00407699,
         -0.02943648,  0.        ]],

       ...,

       [[ 0.        , -0.07234181,  0.57924472, ...,  0.99987692,
          0.99621815,  0.99581777],
        [ 0.07234181,  0.        ,  0.63669673, ...,  0.99839213,
          0.98732237,  0.98659935],
        [-0.57924472, -0.63669673,  0.        , ...,  0.80596545,
          0.86239993,  0.86466535],
        ...,
        [-0.99987692, -0.99839213, -0.80596545, ...,  0.        ,
          0.10250655,  0.10697415],
        [-0.99621815, -0.98732237, -0.86239993, ..., -0.10250655,
          0.        ,  0.0044923 ],
        [-0.99581777, -0.98659935, -0.86466535, ..., -0.10697415,
         -0.0044923 ,  0.        ]],

       [[ 0.        ,  0.02876921,  0.04068895, ...,  0.82817488,
          0.77014335,  0.77997794],
        [-0.02876921,  0.        ,  0.01192673, ...,  0.81170782,
          0.75147354,  0.76165112],
        [-0.04068895, -0.01192673,  0.        , ...,  0.80468411,
          0.74355127,  0.75386858],
        ...,
        [-0.82817488, -0.81170782, -0.80468411, ...,  0.        ,
         -0.09662654, -0.08112359],
        [-0.77014335, -0.75147354, -0.74355127, ...,  0.09662654,
          0.        ,  0.01556408],
        [-0.77997794, -0.76165112, -0.75386858, ...,  0.08112359,
         -0.01556408,  0.        ]],

       [[ 0.        , -0.05845925, -0.12301572, ...,  0.93570225,
          0.96630359,  0.97410749],
        [ 0.05845925,  0.        , -0.0647901 , ...,  0.95472589,
          0.97969872,  0.98565835],
        [ 0.12301572,  0.0647901 ,  0.        , ...,  0.97199414,
          0.99062912,  0.99452093],
        ...,
        [-0.93570225, -0.95472589, -0.97199414, ...,  0.        ,
          0.10004845,  0.1321075 ],
        [-0.96630359, -0.97969872, -0.99062912, ..., -0.10004845,
          0.        ,  0.03227309],
        [-0.97410749, -0.98565835, -0.99452093, ..., -0.1321075 ,
         -0.03227309,  0.        ]]]), 'num': array([ 9.79949918e-01,  1.99181080e-01,  7.39364429e-06,  1.10904664e-03,
        1.12059921e-03,  1.10274524e-03,  3.93348178e-03, -4.20093426e-06,
        1.10106487e-03,  1.08609904e-03,  1.05907303e-03,  6.10170909e-07,
        1.15107201e-03,  1.02112607e-03])}
{'img': array([[[ 0.00000000e+00,  1.19543269e-01,  1.91024989e-01, ...,
          9.96932668e-01,  9.99538408e-01,  9.98767197e-01],
        [-1.19543269e-01,  0.00000000e+00,  7.23132475e-02, ...,
          9.80427721e-01,  9.88738935e-01,  9.85670952e-01],
        [-1.91024989e-01, -7.23132475e-02,  0.00000000e+00, ...,
          9.63623945e-01,  9.75328662e-01,  9.70892673e-01],
        ...,
        [-9.96932668e-01, -9.80427721e-01, -9.63623945e-01, ...,
          0.00000000e+00,  4.79406464e-02,  2.86802125e-02],
        [-9.99538408e-01, -9.88738935e-01, -9.75328662e-01, ...,
         -4.79406464e-02,  0.00000000e+00, -1.92736898e-02],
        [-9.98767197e-01, -9.85670952e-01, -9.70892673e-01, ...,
         -2.86802125e-02,  1.92736898e-02,  0.00000000e+00]],

       [[ 0.00000000e+00, -1.32993805e-01, -1.23723085e-03, ...,
         -7.74165665e-02, -2.08691366e-03, -3.71687061e-01],
        [ 1.32993805e-01,  0.00000000e+00,  1.31767463e-01, ...,
          5.58658034e-02,  1.30925140e-01, -2.44919443e-01],
        [ 1.23723085e-03, -1.31767463e-01,  0.00000000e+00, ...,
         -7.61829895e-02, -8.49683914e-04, -3.70538184e-01],
        ...,
        [ 7.74165665e-02, -5.58658034e-02,  7.61829895e-02, ...,
          0.00000000e+00,  7.53357474e-02, -2.98701272e-01],
        [ 2.08691366e-03, -1.30925140e-01,  8.49683914e-04, ...,
         -7.53357474e-02,  0.00000000e+00, -3.69748849e-01],
        [ 3.71687061e-01,  2.44919443e-01,  3.70538184e-01, ...,
          2.98701272e-01,  3.69748849e-01,  0.00000000e+00]],

       [[ 0.00000000e+00, -1.04910295e-01, -1.45275741e-01, ...,
          9.99944088e-01,  9.99822043e-01,  9.99058706e-01],
        [ 1.04910295e-01,  0.00000000e+00, -4.06767409e-02, ...,
          9.95535468e-01,  9.92325598e-01,  9.88994728e-01],
        [ 1.45275741e-01,  4.06767409e-02,  0.00000000e+00, ...,
          9.90872117e-01,  9.86474534e-01,  9.82158041e-01],
        ...,
        [-9.99944088e-01, -9.95535468e-01, -9.90872117e-01, ...,
          0.00000000e+00,  2.94364848e-02,  5.39407941e-02],
        [-9.99822043e-01, -9.92325598e-01, -9.86474534e-01, ...,
         -2.94364848e-02,  0.00000000e+00,  2.45237897e-02],
        [-9.99058706e-01, -9.88994728e-01, -9.82158041e-01, ...,
         -5.39407941e-02, -2.45237897e-02,  0.00000000e+00]],

       ...,

       [[ 0.00000000e+00,  6.36696732e-01,  7.48788919e-01, ...,
          9.87322368e-01,  9.86599352e-01,  9.68480218e-01],
        [-6.36696732e-01,  0.00000000e+00,  1.55393819e-01, ...,
          8.62399928e-01,  8.64665351e-01,  9.05404046e-01],
        [-7.48788919e-01, -1.55393819e-01,  0.00000000e+00, ...,
          7.73259375e-01,  7.76100093e-01,  8.28433147e-01],
        ...,
        [-9.87322368e-01, -8.62399928e-01, -7.73259375e-01, ...,
          0.00000000e+00,  4.49229794e-03,  9.22077860e-02],
        [-9.86599352e-01, -8.64665351e-01, -7.76100093e-01, ...,
         -4.49229794e-03,  0.00000000e+00,  8.77336958e-02],
        [-9.68480218e-01, -9.05404046e-01, -8.28433147e-01, ...,
         -9.22077860e-02, -8.77336958e-02,  0.00000000e+00]],

       [[ 0.00000000e+00,  1.19267287e-02, -8.80715505e-03, ...,
          7.51473540e-01,  7.61651122e-01,  7.69059610e-01],
        [-1.19267287e-02,  0.00000000e+00, -2.07327947e-02, ...,
          7.43551274e-01,  7.53868580e-01,  7.61381618e-01],
        [ 8.80715505e-03,  2.07327947e-02,  0.00000000e+00, ...,
          7.57255032e-01,  7.67328507e-01,  7.74659114e-01],
        ...,
        [-7.51473540e-01, -7.43551274e-01, -7.57255032e-01, ...,
          0.00000000e+00,  1.55640783e-02,  2.70726024e-02],
        [-7.61651122e-01, -7.53868580e-01, -7.67328507e-01, ...,
         -1.55640783e-02,  0.00000000e+00,  1.15109495e-02],
        [-7.69059610e-01, -7.61381618e-01, -7.74659114e-01, ...,
         -2.70726024e-02, -1.15109495e-02,  0.00000000e+00]],

       [[ 0.00000000e+00, -6.47900981e-02, -1.13214003e-01, ...,
          9.79698724e-01,  9.85658350e-01,  9.90438349e-01],
        [ 6.47900981e-02,  0.00000000e+00, -4.86025928e-02, ...,
          9.90629118e-01,  9.94520929e-01,  9.97295541e-01],
        [ 1.13214003e-01,  4.86025928e-02,  0.00000000e+00, ...,
          9.96096504e-01,  9.98426401e-01,  9.99689010e-01],
        ...,
        [-9.79698724e-01, -9.90629118e-01, -9.96096504e-01, ...,
          0.00000000e+00,  3.22730928e-02,  6.34032032e-02],
        [-9.85658350e-01, -9.94520929e-01, -9.98426401e-01, ...,
         -3.22730928e-02,  0.00000000e+00,  3.11620166e-02],
        [-9.90438349e-01, -9.97295541e-01, -9.99689010e-01, ...,
         -6.34032032e-02, -3.11620166e-02,  0.00000000e+00]]]), 'num': array([9.92986680e-01, 1.17917489e-01, 8.14017813e-06, 1.12621512e-03,
       1.14821560e-03, 1.10107171e-03, 7.95074351e-03, 1.99051975e-05,
       1.11071002e-03, 1.08551423e-03, 1.06157561e-03, 6.55667085e-07,
       1.15296244e-03, 1.01806602e-03])}
{'img': array([[[ 0.00000000e+00,  7.23132475e-02,  8.90790179e-02, ...,
          9.88738935e-01,  9.85670952e-01,  9.97062757e-01],
        [-7.23132475e-02,  0.00000000e+00,  1.68200357e-02, ...,
          9.75328662e-01,  9.70892673e-01,  9.88914025e-01],
        [-8.90790179e-02, -1.68200357e-02,  0.00000000e+00, ...,
          9.71477532e-01,  9.66726674e-01,  9.86276532e-01],
        ...,
        [-9.88738935e-01, -9.75328662e-01, -9.71477532e-01, ...,
          0.00000000e+00, -1.92736898e-02,  7.34846675e-02],
        [-9.85670952e-01, -9.70892673e-01, -9.66726674e-01, ...,
          1.92736898e-02,  0.00000000e+00,  9.26925977e-02],
        [-9.97062757e-01, -9.88914025e-01, -9.86276532e-01, ...,
         -7.34846675e-02, -9.26925977e-02,  0.00000000e+00]],

       [[ 0.00000000e+00,  1.31767463e-01,  1.76304595e-03, ...,
          1.30925140e-01, -2.44919443e-01,  2.47285380e-01],
        [-1.31767463e-01,  0.00000000e+00, -1.30019585e-01, ...,
         -8.49683914e-04, -3.70538184e-01,  1.17454094e-01],
        [-1.76304595e-03,  1.30019585e-01,  0.00000000e+00, ...,
          1.29177066e-01, -2.46628412e-01,  2.45576706e-01],
        ...,
        [-1.30925140e-01,  8.49683914e-04, -1.29177066e-01, ...,
          0.00000000e+00, -3.69748849e-01,  1.18297854e-01],
        [ 2.44919443e-01,  3.70538184e-01,  2.46628412e-01, ...,
          3.69748849e-01,  0.00000000e+00,  4.77066821e-01],
        [-2.47285380e-01, -1.17454094e-01, -2.45576706e-01, ...,
         -1.18297854e-01, -4.77066821e-01,  0.00000000e+00]],

       [[ 0.00000000e+00, -4.06767409e-02, -1.17472278e-01, ...,
          9.92325598e-01,  9.88994728e-01,  9.78128599e-01],
        [ 4.06767409e-02,  0.00000000e+00, -7.69799512e-02, ...,
          9.86474534e-01,  9.82158041e-01,  9.68858254e-01],
        [ 1.17472278e-01,  7.69799512e-02,  0.00000000e+00, ...,
          9.70929172e-01,  9.64766977e-01,  9.46921836e-01],
        ...,
        [-9.92325598e-01, -9.86474534e-01, -9.70929172e-01, ...,
          0.00000000e+00,  2.45237897e-02,  8.54568711e-02],
        [-9.88994728e-01, -9.82158041e-01, -9.64766977e-01, ...,
         -2.45237897e-02,  0.00000000e+00,  6.09970911e-02],
        [-9.78128599e-01, -9.68858254e-01, -9.46921836e-01, ...,
         -8.54568711e-02, -6.09970911e-02,  0.00000000e+00]],

       ...,

       [[ 0.00000000e+00,  4.79214913e-01,  5.68664167e-01, ...,
          9.98485537e-01,  9.88373034e-01,  9.53494614e-01],
        [-4.79214913e-01,  0.00000000e+00,  1.04927459e-01, ...,
          9.02732285e-01,  9.40356541e-01,  9.81320122e-01],
        [-5.68664167e-01, -1.04927459e-01,  0.00000000e+00, ...,
          8.52609009e-01,  8.99470334e-01,  9.55716965e-01],
        ...,
        [-9.98485537e-01, -9.02732285e-01, -8.52609009e-01, ...,
          0.00000000e+00,  9.74430424e-02,  2.48497228e-01],
        [-9.88373034e-01, -9.40356541e-01, -8.99470334e-01, ...,
         -9.74430424e-02,  0.00000000e+00,  1.52928147e-01],
        [-9.53494614e-01, -9.81320122e-01, -9.55716965e-01, ...,
         -2.48497228e-01, -1.52928147e-01,  0.00000000e+00]],

       [[ 0.00000000e+00, -2.07327947e-02, -6.86183275e-02, ...,
          7.53868580e-01,  7.61381618e-01,  7.76565945e-01],
        [ 2.07327947e-02,  0.00000000e+00, -4.79196510e-02, ...,
          7.67328507e-01,  7.74659114e-01,  7.89461430e-01],
        [ 6.86183275e-02,  4.79196510e-02,  0.00000000e+00, ...,
          7.97175673e-01,  8.04072564e-01,  8.17967582e-01],
        ...,
        [-7.53868580e-01, -7.67328507e-01, -7.97175673e-01, ...,
          0.00000000e+00,  1.15109495e-02,  3.52590967e-02],
        [-7.61381618e-01, -7.74659114e-01, -8.04072564e-01, ...,
         -1.15109495e-02,  0.00000000e+00,  2.37529686e-02],
        [-7.76565945e-01, -7.89461430e-01, -8.17967582e-01, ...,
         -3.52590967e-02, -2.37529686e-02,  0.00000000e+00]],

       [[ 0.00000000e+00, -4.86025928e-02, -7.94870462e-02, ...,
          9.94520929e-01,  9.97295541e-01,  9.96850351e-01],
        [ 4.86025928e-02,  0.00000000e+00, -3.09442988e-02, ...,
          9.98426401e-01,  9.99689010e-01,  9.99526727e-01],
        [ 7.94870462e-02,  3.09442988e-02,  0.00000000e+00, ...,
          9.99683554e-01,  9.99981946e-01,  9.99999983e-01],
        ...,
        [-9.94520929e-01, -9.98426401e-01, -9.99683554e-01, ...,
          0.00000000e+00,  3.11620166e-02,  2.53373305e-02],
        [-9.97295541e-01, -9.99689010e-01, -9.99981946e-01, ...,
         -3.11620166e-02,  0.00000000e+00, -5.82698702e-03],
        [-9.96850351e-01, -9.99526727e-01, -9.99999983e-01, ...,
         -2.53373305e-02,  5.82698702e-03,  0.00000000e+00]]]), 'num': array([ 9.92949072e-01,  1.18398323e-01,  8.17337148e-06,  1.12554794e-03,
        1.14448239e-03,  1.12028837e-03,  4.91425801e-03, -5.25956981e-06,
        1.11734301e-03,  1.09425350e-03,  1.07076075e-03,  6.72056142e-07,
        1.15946495e-03,  1.02904204e-03])}
{'img': array([[[ 0.        ,  0.01682004,  0.23023177, ...,  0.97089267,
          0.98891402,  0.98493479],
        [-0.01682004,  0.        ,  0.21383102, ...,  0.96672667,
          0.98627653,  0.98188683],
        [-0.23023177, -0.21383102,  0.        , ...,  0.88966649,
          0.92816073,  0.91866223],
        ...,
        [-0.97089267, -0.96672667, -0.88966649, ...,  0.        ,
          0.0926926 ,  0.06801386],
        [-0.98891402, -0.98627653, -0.92816073, ..., -0.0926926 ,
          0.        , -0.02475691],
        [-0.98493479, -0.98188683, -0.91866223, ..., -0.06801386,
          0.02475691,  0.        ]],

       [[ 0.        , -0.13001958,  0.20735   , ..., -0.37053818,
          0.11745409, -0.13692973],
        [ 0.13001958,  0.        ,  0.33278374, ..., -0.24662841,
          0.24557671, -0.0069725 ],
        [-0.20735   , -0.33278374,  0.        , ..., -0.55507547,
         -0.09101335, -0.33935074],
        ...,
        [ 0.37053818,  0.24662841,  0.55507547, ...,  0.        ,
          0.47706682,  0.2398653 ],
        [-0.11745409, -0.24557671,  0.09101335, ..., -0.47706682,
          0.        , -0.25232971],
        [ 0.13692973,  0.0069725 ,  0.33935074, ..., -0.2398653 ,
          0.25232971,  0.        ]],

       [[ 0.        , -0.07697995,  0.22706153, ...,  0.98215804,
          0.96885825,  0.9662141 ],
        [ 0.07697995,  0.        ,  0.30135703, ...,  0.96476698,
          0.94692184,  0.94350612],
        [-0.22706153, -0.30135703,  0.        , ...,  0.99920508,
          0.99977615,  0.99950001],
        ...,
        [-0.98215804, -0.96476698, -0.99920508, ...,  0.        ,
          0.06099709,  0.07143849],
        [-0.96885825, -0.94692184, -0.99977615, ..., -0.06099709,
          0.        ,  0.01046422],
        [-0.9662141 , -0.94350612, -0.99950001, ..., -0.07143849,
         -0.01046422,  0.        ]],

       ...,

       [[ 0.        ,  0.18728745,  0.76971716, ...,  0.99379471,
          0.99881377,  0.9953556 ],
        [-0.18728745,  0.        ,  0.63653562, ...,  0.95537771,
          0.99025959,  0.99577244],
        [-0.76971716, -0.63653562,  0.        , ...,  0.5488082 ,
          0.67510803,  0.70951813],
        ...,
        [-0.99379471, -0.95537771, -0.5488082 , ...,  0.        ,
          0.15948923,  0.20638237],
        [-0.99881377, -0.99025959, -0.67510803, ..., -0.15948923,
          0.        ,  0.04768495],
        [-0.9953556 , -0.99577244, -0.70951813, ..., -0.20638237,
         -0.04768495,  0.        ]],

       [[ 0.        , -0.04791965, -0.12288432, ...,  0.77465911,
          0.78946143,  0.79497177],
        [ 0.04791965,  0.        , -0.07518669, ...,  0.80407256,
          0.81796758,  0.82312879],
        [ 0.12288432,  0.07518669,  0.        , ...,  0.84649745,
          0.85890452,  0.86349402],
        ...,
        [-0.77465911, -0.80407256, -0.84649745, ...,  0.        ,
          0.02375297,  0.03277931],
        [-0.78946143, -0.81796758, -0.85890452, ..., -0.02375297,
          0.        ,  0.00902986],
        [-0.79497177, -0.82312879, -0.86349402, ..., -0.03277931,
         -0.00902986,  0.        ]],

       [[ 0.        , -0.0309443 , -0.01794865, ...,  0.99968901,
          0.99952673,  0.99892345],
        [ 0.0309443 ,  0.        ,  0.01299926, ...,  0.99998195,
          0.99999998,  0.9970096 ],
        [ 0.01794865, -0.01299926,  0.        , ...,  0.99997557,
          0.99991786,  0.99792991],
        ...,
        [-0.99968901, -0.99998195, -0.99997557, ...,  0.        ,
         -0.00582699,  0.07128536],
        [-0.99952673, -0.99999998, -0.99991786, ...,  0.00582699,
          0.        ,  0.07709631],
        [-0.99892345, -0.9970096 , -0.99792991, ..., -0.07128536,
         -0.07709631,  0.        ]]]), 'num': array([7.59471141e-01, 6.50521505e-01, 1.00507044e-06, 8.71597089e-04,
       8.71597089e-04, 8.57124075e-04, 4.42472212e-03, 1.12567890e-05,
       8.59536244e-04, 8.37786519e-04, 8.22254831e-04, 5.17680119e-07,
       8.89866721e-04, 7.85706317e-04])}
{'img': array([[[ 0.        ,  0.21383102,  0.21383102, ...,  0.98627653,
          0.98188683,  0.99273798],
        [-0.21383102,  0.        ,  0.        , ...,  0.92816073,
          0.91866223,  0.94405343],
        [-0.21383102,  0.        ,  0.        , ...,  0.92816073,
          0.91866223,  0.94405343],
        ...,
        [-0.98627653, -0.92816073, -0.92816073, ...,  0.        ,
         -0.02475691,  0.04525695],
        [-0.98188683, -0.91866223, -0.91866223, ...,  0.02475691,
          0.        ,  0.06997463],
        [-0.99273798, -0.94405343, -0.94405343, ..., -0.04525695,
         -0.06997463,  0.        ]],

       [[ 0.        ,  0.33278374,  0.10492477, ...,  0.24557671,
         -0.0069725 ,  0.08508964],
        [-0.33278374,  0.        , -0.23200245, ..., -0.09101335,
         -0.33935074, -0.25133703],
        [-0.10492477,  0.23200245,  0.        , ...,  0.14250949,
         -0.11185622, -0.01992427],
        ...,
        [-0.24557671,  0.09101335, -0.14250949, ...,  0.        ,
         -0.25232971, -0.16220212],
        [ 0.0069725 ,  0.33935074,  0.11185622, ...,  0.25232971,
          0.        ,  0.09203478],
        [-0.08508964,  0.25133703,  0.01992427, ...,  0.16220212,
         -0.09203478,  0.        ]],

       [[ 0.        ,  0.30135703,  0.42950123, ...,  0.94692184,
          0.94350612,  0.93101334],
        [-0.30135703,  0.        ,  0.13738895, ...,  0.99977615,
          0.99950001,  0.99772265],
        [-0.42950123, -0.13738895,  0.        , ...,  0.99320231,
          0.99436598,  0.99752832],
        ...,
        [-0.94692184, -0.99977615, -0.99320231, ...,  0.        ,
          0.01046422,  0.04632525],
        [-0.94350612, -0.99950001, -0.99436598, ..., -0.01046422,
          0.        ,  0.03586972],
        [-0.93101334, -0.99772265, -0.99752832, ..., -0.04632525,
         -0.03586972,  0.        ]],

       ...,

       [[ 0.        ,  0.63653562,  0.50285102, ...,  0.99025959,
          0.99577244,  0.99728566],
        [-0.63653562,  0.        , -0.16238177, ...,  0.67510803,
          0.70951813,  0.72228604],
        [-0.50285102,  0.16238177,  0.        , ...,  0.7859401 ,
          0.81452977,  0.82500219],
        ...,
        [-0.99025959, -0.67510803, -0.7859401 , ...,  0.        ,
          0.04768495,  0.06594309],
        [-0.99577244, -0.70951813, -0.81452977, ..., -0.04768495,
          0.        ,  0.01828691],
        [-0.99728566, -0.72228604, -0.82500219, ..., -0.06594309,
         -0.01828691,  0.        ]],

       [[ 0.        , -0.07518669, -0.15387421, ...,  0.81796758,
          0.82312879,  0.83634812],
        [ 0.07518669,  0.        , -0.07914742, ...,  0.85890452,
          0.86349402,  0.87519806],
        [ 0.15387421,  0.07914742,  0.        , ...,  0.8967443 ,
          0.90070389,  0.91074123],
        ...,
        [-0.81796758, -0.85890452, -0.8967443 , ...,  0.        ,
          0.00902986,  0.03271245],
        [-0.82312879, -0.86349402, -0.90070389, ..., -0.00902986,
          0.        ,  0.02368609],
        [-0.83634812, -0.87519806, -0.91074123, ..., -0.03271245,
         -0.02368609,  0.        ]],

       [[ 0.        ,  0.01299926,  0.02836433, ...,  0.99999998,
          0.9970096 ,  0.99796031],
        [-0.01299926,  0.        ,  0.01536791, ...,  0.99991786,
          0.99792991,  0.99870583],
        [-0.02836433, -0.01536791,  0.        , ...,  0.9996028 ,
          0.99880039,  0.99936949],
        ...,
        [-0.99999998, -0.99991786, -0.9996028 , ...,  0.        ,
          0.07709631,  0.06365577],
        [-0.9970096 , -0.99792991, -0.99880039, ..., -0.07709631,
          0.        , -0.01347364],
        [-0.99796031, -0.99870583, -0.99936949, ..., -0.06365577,
          0.01347364,  0.        ]]]), 'num': array([ 8.30568706e-01,  5.56891349e-01,  2.53639811e-06,  9.50268598e-04,
        9.60836924e-04,  9.44984436e-04,  4.54667856e-03, -4.40346895e-06,
        9.44808297e-04,  9.20236940e-04,  9.04678017e-04,  5.57476203e-07,
        9.78247592e-04,  8.62226288e-04])}
{'img': array([[[ 0.        ,  0.        , -0.06585831, ...,  0.91866223,
          0.94405343,  0.93541927],
        [ 0.        ,  0.        , -0.06585831, ...,  0.91866223,
          0.94405343,  0.93541927],
        [ 0.06585831,  0.06585831,  0.        , ...,  0.94268472,
          0.96372345,  0.95667203],
        ...,
        [-0.91866223, -0.91866223, -0.94268472, ...,  0.        ,
          0.06997463,  0.04474754],
        [-0.94405343, -0.94405343, -0.96372345, ..., -0.06997463,
          0.        , -0.02526669],
        [-0.93541927, -0.93541927, -0.95667203, ..., -0.04474754,
          0.02526669,  0.        ]],

       [[ 0.        , -0.23200245, -0.05199253, ..., -0.33935074,
         -0.25133703, -0.28447121],
        [ 0.23200245,  0.        ,  0.18111474, ..., -0.11185622,
         -0.01992427, -0.0542923 ],
        [ 0.05199253, -0.18111474,  0.        , ..., -0.28998448,
         -0.20067355, -0.23424202],
        ...,
        [ 0.33935074,  0.11185622,  0.28998448, ...,  0.        ,
          0.09203478,  0.05773966],
        [ 0.25133703,  0.01992427,  0.20067355, ..., -0.09203478,
          0.        , -0.03438664],
        [ 0.28447121,  0.0542923 ,  0.23424202, ..., -0.05773966,
          0.03438664,  0.        ]],

       [[ 0.        ,  0.31721266,  0.39663898, ...,  0.94894451,
          0.93679699,  0.92938416],
        [-0.31721266,  0.        ,  0.08496114, ...,  0.99999826,
          0.99939985,  0.99847319],
        [-0.39663898, -0.08496114,  0.        , ...,  0.99622404,
          0.99872935,  0.9995561 ],
        ...,
        [-0.94894451, -0.99999826, -0.99622404, ...,  0.        ,
          0.03650437,  0.05710087],
        [-0.93679699, -0.99939985, -0.99872935, ..., -0.03650437,
          0.        ,  0.020618  ],
        [-0.92938416, -0.99847319, -0.9995561 , ..., -0.05710087,
         -0.020618  ,  0.        ]],

       ...,

       [[ 0.        , -0.16238177, -0.14367714, ...,  0.70951813,
          0.72228604,  0.69410201],
        [ 0.16238177,  0.        ,  0.01892674, ...,  0.81452977,
          0.82500219,  0.80178474],
        [ 0.14367714, -0.01892674,  0.        , ...,  0.80340404,
          0.81415835,  0.79033025],
        ...,
        [-0.70951813, -0.81452977, -0.80340404, ...,  0.        ,
          0.01828691, -0.02164075],
        [-0.72228604, -0.82500219, -0.81415835, ..., -0.01828691,
          0.        , -0.03991976],
        [-0.69410201, -0.80178474, -0.79033025, ...,  0.02164075,
          0.03991976,  0.        ]],

       [[ 0.        , -0.07914742, -0.17574867, ...,  0.86349402,
          0.87519806,  0.88539651],
        [ 0.07914742,  0.        , -0.09728184, ...,  0.90070389,
          0.91074123,  0.91940957],
        [ 0.17574867,  0.09728184,  0.        , ...,  0.93869423,
          0.94659668,  0.95330978],
        ...,
        [-0.86349402, -0.90070389, -0.93869423, ...,  0.        ,
          0.02368609,  0.04517419],
        [-0.87519806, -0.91074123, -0.94659668, ..., -0.02368609,
          0.        ,  0.02149961],
        [-0.88539651, -0.91940957, -0.95330978, ..., -0.04517419,
         -0.02149961,  0.        ]],

       [[ 0.        ,  0.01536791,  0.03124064, ...,  0.99792991,
          0.99870583,  0.99724799],
        [-0.01536791,  0.        ,  0.01587654, ...,  0.99880039,
          0.99936949,  0.99826957],
        [-0.03124064, -0.01587654,  0.        , ...,  0.99945193,
          0.99980723,  0.99907734],
        ...,
        [-0.99792991, -0.99880039, -0.99945193, ...,  0.        ,
         -0.01347364,  0.0098507 ],
        [-0.99870583, -0.99936949, -0.99980723, ...,  0.01347364,
          0.        ,  0.0233228 ],
        [-0.99724799, -0.99826957, -0.99907734, ..., -0.0098507 ,
         -0.0233228 ,  0.        ]]]), 'num': array([7.42706377e-01, 6.69600674e-01, 6.77531997e-07, 8.50066308e-04,
       8.54793276e-04, 8.41400202e-04, 4.07252666e-03, 0.00000000e+00,
       8.48805784e-04, 8.25170947e-04, 8.12513178e-04, 4.06169053e-07,
       8.77995145e-04, 7.72346748e-04])}
{'img': array([[[ 0.00000000e+00, -6.58583109e-02, -1.97781942e-01, ...,
          9.44053428e-01,  9.35419270e-01,  9.35419270e-01],
        [ 6.58583109e-02,  0.00000000e+00, -1.32795206e-01, ...,
          9.63723454e-01,  9.56672032e-01,  9.56672032e-01],
        [ 1.97781942e-01,  1.32795206e-01,  0.00000000e+00, ...,
          9.90631647e-01,  9.86864937e-01,  9.86864937e-01],
        ...,
        [-9.44053428e-01, -9.63723454e-01, -9.90631647e-01, ...,
          0.00000000e+00, -2.52666887e-02, -2.52666887e-02],
        [-9.35419270e-01, -9.56672032e-01, -9.86864937e-01, ...,
          2.52666887e-02,  0.00000000e+00,  0.00000000e+00],
        [-9.35419270e-01, -9.56672032e-01, -9.86864937e-01, ...,
          2.52666887e-02,  0.00000000e+00,  0.00000000e+00]],

       [[ 0.00000000e+00,  1.81114737e-01,  2.21197654e-01, ...,
         -1.99242730e-02, -5.42923002e-02, -5.35796884e-02],
        [-1.81114737e-01,  0.00000000e+00,  4.09111378e-02, ...,
         -2.00673549e-01, -2.34242020e-01, -2.33548165e-01],
        [-2.21197654e-01, -4.09111378e-02,  0.00000000e+00, ...,
         -2.40584473e-01, -2.73818831e-01, -2.73132386e-01],
        ...,
        [ 1.99242730e-02,  2.00673549e-01,  2.40584473e-01, ...,
          0.00000000e+00, -3.43866363e-02, -3.36733991e-02],
        [ 5.42923002e-02,  2.34242020e-01,  2.73818831e-01, ...,
          3.43866363e-02,  0.00000000e+00,  7.13650503e-04],
        [ 5.35796884e-02,  2.33548165e-01,  2.73132386e-01, ...,
          3.36733991e-02, -7.13650503e-04,  0.00000000e+00]],

       [[ 0.00000000e+00,  8.70118080e-02,  9.72502640e-02, ...,
          9.99072634e-01,  9.97971047e-01,  9.96048358e-01],
        [-8.70118080e-02,  0.00000000e+00,  1.02820526e-02, ...,
          9.99029865e-01,  9.99726010e-01,  9.99998366e-01],
        [-9.72502640e-02, -1.02820526e-02,  0.00000000e+00, ...,
          9.98524256e-01,  9.99432487e-01,  9.99964092e-01],
        ...,
        [-9.99072634e-01, -9.99029865e-01, -9.98524256e-01, ...,
          0.00000000e+00,  2.06410724e-02,  4.58437115e-02],
        [-9.97971047e-01, -9.99726010e-01, -9.99432487e-01, ...,
         -2.06410724e-02,  0.00000000e+00,  2.52145737e-02],
        [-9.96048358e-01, -9.99998366e-01, -9.99964092e-01, ...,
         -4.58437115e-02, -2.52145737e-02,  0.00000000e+00]],

       ...,

       [[ 0.00000000e+00,  1.89267438e-02, -4.62084612e-01, ...,
          8.25002194e-01,  8.01784740e-01,  4.91918918e-01],
        [-1.89267438e-02,  0.00000000e+00, -4.78786755e-01, ...,
          8.14158353e-01,  7.90330252e-01,  4.75352403e-01],
        [ 4.62084612e-01,  4.78786755e-01,  0.00000000e+00, ...,
          9.92779173e-01,  9.87199191e-01,  8.38561144e-01],
        ...,
        [-8.25002194e-01, -8.14158353e-01, -9.92779173e-01, ...,
          0.00000000e+00, -3.99197609e-02, -4.40282844e-01],
        [-8.01784740e-01, -7.90330252e-01, -9.87199191e-01, ...,
          3.99197609e-02,  0.00000000e+00, -4.04089568e-01],
        [-4.91918918e-01, -4.75352403e-01, -8.38561144e-01, ...,
          4.40282844e-01,  4.04089568e-01,  0.00000000e+00]],

       [[ 0.00000000e+00, -9.72818400e-02, -1.64245065e-01, ...,
          9.10741226e-01,  9.19409569e-01,  9.26957210e-01],
        [ 9.72818400e-02,  0.00000000e+00, -6.75053190e-02, ...,
          9.46596677e-01,  9.53309783e-01,  9.59057477e-01],
        [ 1.64245065e-01,  6.75053190e-02,  0.00000000e+00, ...,
          9.66202481e-01,  9.71521412e-01,  9.75988068e-01],
        ...,
        [-9.10741226e-01, -9.46596677e-01, -9.66202481e-01, ...,
          0.00000000e+00,  2.14996069e-02,  4.11323573e-02],
        [-9.19409569e-01, -9.53309783e-01, -9.71521412e-01, ...,
         -2.14996069e-02,  0.00000000e+00,  1.96414379e-02],
        [-9.26957210e-01, -9.59057477e-01, -9.75988068e-01, ...,
         -4.11323573e-02, -1.96414379e-02,  0.00000000e+00]],

       [[ 0.00000000e+00,  1.58765447e-02,  3.65786668e-03, ...,
          9.99369489e-01,  9.98269565e-01,  9.97112824e-01],
        [-1.58765447e-02,  0.00000000e+00, -1.22190329e-02, ...,
          9.99807229e-01,  9.99077343e-01,  9.98192722e-01],
        [-3.65786668e-03,  1.22190329e-02,  0.00000000e+00, ...,
          9.99492677e-01,  9.98477983e-01,  9.97383911e-01],
        ...,
        [-9.99369489e-01, -9.99807229e-01, -9.99492677e-01, ...,
          0.00000000e+00,  2.33227994e-02,  4.04836560e-02],
        [-9.98269565e-01, -9.99077343e-01, -9.98477983e-01, ...,
         -2.33227994e-02,  0.00000000e+00,  1.71689646e-02],
        [-9.97112824e-01, -9.98192722e-01, -9.97383911e-01, ...,
         -4.04836560e-02, -1.71689646e-02,  0.00000000e+00]]]), 'num': array([ 7.39555359e-01,  6.73078986e-01,  6.20115415e-07,  8.41473070e-04,
        8.54817326e-04,  8.40688114e-04,  4.12116146e-03, -5.49469355e-06,
        8.45240860e-04,  8.24596511e-04,  8.12678259e-04,  3.38608566e-07,
        8.76061153e-04,  7.73131869e-04])}
{'img': array([[[ 0.00000000e+00, -1.32795206e-01, -2.95761711e-01, ...,
          9.56672032e-01,  9.56672032e-01,  9.45933046e-01],
        [ 1.32795206e-01,  0.00000000e+00, -1.66288116e-01, ...,
          9.86864937e-01,  9.86864937e-01,  9.80629099e-01],
        [ 2.95761711e-01,  1.66288116e-01,  0.00000000e+00, ...,
          9.99988453e-01,  9.99988453e-01,  9.99547501e-01],
        ...,
        [-9.56672032e-01, -9.86864937e-01, -9.99988453e-01, ...,
          0.00000000e+00,  0.00000000e+00, -3.48828626e-02],
        [-9.56672032e-01, -9.86864937e-01, -9.99988453e-01, ...,
          0.00000000e+00,  0.00000000e+00, -3.48828626e-02],
        [-9.45933046e-01, -9.80629099e-01, -9.99547501e-01, ...,
          3.48828626e-02,  3.48828626e-02,  0.00000000e+00]],

       [[ 0.00000000e+00,  4.09111378e-02,  2.69993705e-01, ...,
         -2.34242020e-01, -2.33548165e-01, -2.25286680e-01],
        [-4.09111378e-02,  0.00000000e+00,  2.30375880e-01, ...,
         -2.73818831e-01, -2.73132386e-01, -2.64957483e-01],
        [-2.69993705e-01, -2.30375880e-01,  0.00000000e+00, ...,
         -4.88024786e-01, -4.87401767e-01, -4.79972850e-01],
        ...,
        [ 2.34242020e-01,  2.73818831e-01,  4.88024786e-01, ...,
          0.00000000e+00,  7.13650503e-04,  9.20142328e-03],
        [ 2.33548165e-01,  2.73132386e-01,  4.87401767e-01, ...,
         -7.13650503e-04,  0.00000000e+00,  8.48780065e-03],
        [ 2.25286680e-01,  2.64957483e-01,  4.79972850e-01, ...,
         -9.20142328e-03, -8.48780065e-03,  0.00000000e+00]],

       [[ 0.00000000e+00,  1.02820526e-02, -3.24661545e-02, ...,
          9.99726010e-01,  9.99998366e-01,  9.99998880e-01],
        [-1.02820526e-02,  0.00000000e+00, -4.27410706e-02, ...,
          9.99432487e-01,  9.99964092e-01,  9.99930632e-01],
        [ 3.24661545e-02,  4.27410706e-02,  0.00000000e+00, ...,
          9.99958937e-01,  9.99412512e-01,  9.99520300e-01],
        ...,
        [-9.99726010e-01, -9.99432487e-01, -9.99958937e-01, ...,
          0.00000000e+00,  2.52145737e-02,  2.19113086e-02],
        [-9.99998366e-01, -9.99964092e-01, -9.99412512e-01, ...,
         -2.52145737e-02,  0.00000000e+00, -3.30417798e-03],
