state_0,state_1,state_2,state_3,state_4,state_5,state_6,state_7,state_8,state_9,state_10,state_11,state_12,state_13,state_14,state_15,state_16,state_17,state_18,state_19,state_20,state_21,state_22,state_23,state_24,state_25,state_26,state_27,state_28,state_29,state_30,state_31,state_32,state_33,state_34,state_35,state_36,state_37,state_38,state_39,state_40,state_41,state_42,state_43,state_44,state_45,state_46,state_47,state_48,state_49,state_50,state_51,state_52,state_53,state_54,state_55,state_56,state_57,state_58,state_59,state_60,state_61,state_62,state_63,state_64,state_65,state_66,state_67,state_68,state_69,state_70,state_71,state_72,state_73,state_74,state_75,state_76,state_77,state_78,state_79,state_80,state_81,state_82,state_83,state_84,state_85,state_86,state_87,state_88,state_89,state_90,state_91,state_92,state_93,state_94,state_95,state_96,state_97,state_98,state_99,state_100,state_101,state_102,state_103,state_104,state_105,state_106,state_107,state_108,state_109,state_110,state_111,state_112,state_113,state_114,state_115,state_116,state_117,state_118,state_119,state_120,state_121,state_122,state_123,state_124,state_125,state_126,state_127,state_128,state_129,state_130,state_131,state_132,state_133,state_134,state_135,state_136,state_137,state_138,state_139,state_140,state_141,state_142,state_143,state_144,state_145,state_146,state_147,state_148,state_149,state_150,state_151,state_152,state_153,state_154,state_155,state_156,state_157,state_158,state_159,state_160,state_161,state_162,state_163,state_164,state_165,state_166,state_167,state_168,state_169,state_170,state_171,state_172,state_173,state_174,state_175,state_176,state_177,state_178,state_179,state_180,state_181,state_182,state_183,state_184,state_185,state_186,state_187,state_188,state_189,state_190,state_191,state_192,state_193,state_194,state_195,state_196,state_197,state_198,state_199,state_200,state_201,state_202,state_203,state_204,state_205,state_206,state_207,state_208,state_209,state_210,state_211,state_212,state_213,state_214,state_215,state_216,state_217,state_218,state_219,state_220,state_221,state_222,state_223,state_224,state_225,state_226,state_227,state_228,state_229,state_230,state_231,state_232,state_233,state_234,state_235,state_236,state_237,state_238,state_239,state_240,state_241,state_242,state_243,state_244,state_245,state_246,state_247,state_248,state_249,state_250,state_251,state_252,state_253,state_254,state_255,state_256,state_257,state_258,state_259,state_260,state_261,state_262,state_263,state_264,state_265,state_266,state_267,state_268,state_269,state_270,state_271,state_272,state_273,state_274,state_275,state_276,state_277,state_278,state_279,state_280,state_281,state_282,state_283,state_284,state_285,state_286,state_287
{'img': array([[[ 0.        ,  0.13639738,  0.42211551, ...,  0.8739692 ,
          0.88898108,  0.97863454],
        [-0.13639738,  0.        ,  0.29452054, ...,  0.93208784,
          0.9431352 ,  0.99753275],
        [-0.42211551, -0.29452054,  0.        , ...,  0.99743008,
          0.99920397,  0.97396347],
        ...,
        [-0.8739692 , -0.93208784, -0.99743008, ...,  0.        ,
         -0.0317993 , -0.29590349],
        [-0.88898108, -0.9431352 , -0.99920397, ...,  0.0317993 ,
          0.        , -0.26537859],
        [-0.97863454, -0.99753275, -0.97396347, ...,  0.29590349,
          0.26537859,  0.        ]],

       [[ 0.        , -0.00269898, -0.04728163, ..., -0.10283188,
         -0.00725146,  0.06483802],
        [ 0.00269898,  0.        , -0.04458549, ..., -0.10014683,
         -0.00455252,  0.06753109],
        [ 0.04728163,  0.04458549,  0.        , ..., -0.0556859 ,
          0.04003703,  0.11194764],
        ...,
        [ 0.10283188,  0.10014683,  0.0556859 , ...,  0.        ,
          0.09561616,  0.1671098 ],
        [ 0.00725146,  0.00455252, -0.04003703, ..., -0.09561616,
          0.        ,  0.07207252],
        [-0.06483802, -0.06753109, -0.11194764, ..., -0.1671098 ,
         -0.07207252,  0.        ]],

       [[ 0.        , -0.18379275, -0.40806882, ...,  0.99912664,
          0.99374985,  0.99067297],
        [ 0.18379275,  0.        , -0.23332358, ...,  0.9744268 ,
          0.95630457,  0.94875308],
        [ 0.40806882,  0.23332358,  0.        , ...,  0.89510277,
          0.86169239,  0.84883217],
        ...,
        [-0.99912664, -0.9744268 , -0.89510277, ...,  0.        ,
          0.07000883,  0.094747  ],
        [-0.99374985, -0.95630457, -0.86169239, ..., -0.07000883,
          0.        ,  0.02482063],
        [-0.99067297, -0.94875308, -0.84883217, ..., -0.094747  ,
         -0.02482063,  0.        ]],

       ...,

       [[ 0.        ,  0.        ,  0.22203967, ..., -0.21171793,
         -0.21171793, -0.42851541],
        [ 0.        ,  0.        ,  0.22203967, ..., -0.21171793,
         -0.21171793, -0.42851541],
        [-0.22203967, -0.22203967,  0.        , ..., -0.42343916,
         -0.42343916, -0.61843915],
        ...,
        [ 0.21171793,  0.21171793,  0.42343916, ...,  0.        ,
          0.        , -0.22750687],
        [ 0.21171793,  0.21171793,  0.42343916, ...,  0.        ,
          0.        , -0.22750687],
        [ 0.42851541,  0.42851541,  0.61843915, ...,  0.22750687,
          0.22750687,  0.        ]],

       [[ 0.        , -0.083361  , -0.11832217, ...,  0.7845219 ,
          0.79578718,  0.80977818],
        [ 0.083361  ,  0.        , -0.03513494, ...,  0.73009906,
          0.74253593,  0.75804877],
        [ 0.11832217,  0.03513494,  0.        , ...,  0.70563913,
          0.71854387,  0.7346658 ],
        ...,
        [-0.7845219 , -0.73009906, -0.70563913, ...,  0.        ,
         -0.01838058, -0.04183699],
        [-0.79578718, -0.74253593, -0.71854387, ...,  0.01838058,
          0.        , -0.02346544],
        [-0.80977818, -0.75804877, -0.7346658 , ...,  0.04183699,
          0.02346544,  0.        ]],

       [[ 0.        , -0.01677187, -0.02105648, ...,  0.99606618,
          0.99527143,  0.98891543],
        [ 0.01677187,  0.        , -0.00428537, ...,  0.99741227,
          0.99676054,  0.99126662],
        [ 0.02105648,  0.00428537,  0.        , ...,  0.99771121,
          0.99709604,  0.99182264],
        ...,
        [-0.99606618, -0.99741227, -0.99771121, ...,  0.        ,
         -0.00855731, -0.06026559],
        [-0.99527143, -0.99676054, -0.99709604, ...,  0.00855731,
          0.        , -0.05172162],
        [-0.98891543, -0.99126662, -0.99182264, ...,  0.06026559,
          0.05172162,  0.        ]]]), 'num': array([ 7.38602851e-01,  6.74140776e-01,  2.01759233e-05,  2.82356877e-05,
        2.88101226e-05,  2.75728781e-05,  1.88264430e-04, -4.41873046e-08,
        2.89515220e-05,  2.94685135e-05,  2.83969713e-05,  3.74468683e-07,
        3.16748542e-05,  2.72621727e-05])}
{'img': array([[[ 0.        ,  0.402334  ,  0.47878117, ...,  0.89028742,
          0.97941069,  0.98129928],
        [-0.402334  ,  0.        ,  0.08509799, ...,  0.99827439,
          0.97786595,  0.97581715],
        [-0.47878117, -0.08509799,  0.        , ...,  0.99965034,
          0.95651357,  0.95367602],
        ...,
        [-0.89028742, -0.99827439, -0.99965034, ...,  0.        ,
         -0.26629332, -0.27551289],
        [-0.97941069, -0.97786595, -0.95651357, ...,  0.26629332,
          0.        , -0.00957761],
        [-0.98129928, -0.97581715, -0.95367602, ...,  0.27551289,
          0.00957761,  0.        ]],

       [[ 0.        , -0.04458549, -0.04576131, ..., -0.00455252,
          0.06753109, -0.09088774],
        [ 0.04458549,  0.        , -0.00117702, ...,  0.04003703,
          0.11194764, -0.0463964 ],
        [ 0.04576131,  0.00117702,  0.        , ...,  0.04121308,
          0.11311719, -0.04522062],
        ...,
        [ 0.00455252, -0.04003703, -0.04121308, ...,  0.        ,
          0.07207252, -0.08635312],
        [-0.06753109, -0.11194764, -0.11311719, ..., -0.07207252,
          0.        , -0.15793185],
        [ 0.09088774,  0.0463964 ,  0.04522062, ...,  0.08635312,
          0.15793185,  0.        ]],

       [[ 0.        , -0.23332358, -0.03968058, ...,  0.95630457,
          0.94875308,  0.96382071],
        [ 0.23332358,  0.        ,  0.19455445, ...,  0.86169239,
          0.84883217,  0.87502572],
        [ 0.03968058, -0.19455445,  0.        , ...,  0.94394989,
          0.93546607,  0.95248471],
        ...,
        [-0.95630457, -0.86169239, -0.94394989, ...,  0.        ,
          0.02482063, -0.02689019],
        [-0.94875308, -0.84883217, -0.93546607, ..., -0.02482063,
          0.        , -0.05169357],
        [-0.96382071, -0.87502572, -0.95248471, ...,  0.02689019,
          0.05169357,  0.        ]],

       ...,

       [[ 0.        ,  0.22203967, -0.18223476, ..., -0.21171793,
         -0.42851541, -0.06226094],
        [-0.22203967,  0.        , -0.39600737, ..., -0.42343916,
         -0.61843915, -0.28231565],
        [ 0.18223476,  0.39600737,  0.        , ..., -0.03006908,
         -0.25668456,  0.12066282],
        ...,
        [ 0.21171793,  0.42343916,  0.03006908, ...,  0.        ,
         -0.22750687,  0.15045764],
        [ 0.42851541,  0.61843915,  0.25668456, ...,  0.22750687,
          0.        ,  0.37142914],
        [ 0.06226094,  0.28231565, -0.12066282, ..., -0.15045764,
         -0.37142914,  0.        ]],

       [[ 0.        , -0.03513494, -0.01365219, ...,  0.74253593,
          0.75804877,  0.75879314],
        [ 0.03513494,  0.        ,  0.0214879 , ...,  0.71854387,
          0.7346658 ,  0.73544014],
        [ 0.01365219, -0.0214879 ,  0.        , ...,  0.7333224 ,
          0.74907419,  0.74983031],
        ...,
        [-0.74253593, -0.71854387, -0.7333224 , ...,  0.        ,
         -0.02346544, -0.02460719],
        [-0.75804877, -0.7346658 , -0.74907419, ...,  0.02346544,
          0.        , -0.00114208],
        [-0.75879314, -0.73544014, -0.74983031, ...,  0.02460719,
          0.00114208,  0.        ]],

       [[ 0.        , -0.00428537,  0.00249272, ...,  0.99676054,
          0.99126662,  0.98398999],
        [ 0.00428537,  0.        ,  0.00677805, ...,  0.99709604,
          0.99182264,  0.98474471],
        [-0.00249272, -0.00677805,  0.        , ...,  0.99655696,
          0.99093482,  0.98354267],
        ...,
        [-0.99676054, -0.99709604, -0.99655696, ...,  0.        ,
         -0.05172162, -0.09850744],
        [-0.99126662, -0.99182264, -0.99093482, ...,  0.05172162,
          0.        , -0.04690553],
        [-0.98398999, -0.98474471, -0.98354267, ...,  0.09850744,
          0.04690553,  0.        ]]]), 'num': array([ 7.07106389e-01,  7.07106389e-01,  0.00000000e+00,  9.56130813e-05,
        1.00070926e-04,  9.43833310e-05,  1.01518957e-03, -2.61321926e-06,
        9.95482820e-05,  1.01969353e-04,  9.90691918e-05,  1.22647963e-06,
        1.09971165e-04,  9.39675410e-05])}
{'img': array([[[ 0.        ,  0.27729678,  0.5527708 , ...,  0.9860133 ,
          0.98762041,  0.99995194],
        [-0.27729678,  0.        ,  0.30001286, ...,  0.99356224,
          0.99238773,  0.95801954],
        [-0.5527708 , -0.30001286,  0.        , ...,  0.91380621,
          0.90972616,  0.82787396],
        ...,
        [-0.9860133 , -0.99356224, -0.91380621, ...,  0.        ,
         -0.00993465, -0.17632545],
        [-0.98762041, -0.99238773, -0.90972616, ...,  0.00993465,
          0.        , -0.16653776],
        [-0.99995194, -0.95801954, -0.82787396, ...,  0.17632545,
          0.16653776,  0.        ]],

       [[ 0.        , -0.00117702,  0.35234143, ...,  0.11194764,
         -0.0463964 ,  0.04315236],
        [ 0.00117702,  0.        ,  0.35344272, ...,  0.11311719,
         -0.04522062,  0.04432826],
        [-0.35234143, -0.35344272,  0.        , ..., -0.24535803,
         -0.39538307, -0.31162816],
        ...,
        [-0.11194764, -0.11311719,  0.24535803, ...,  0.        ,
         -0.15793185, -0.06896225],
        [ 0.0463964 ,  0.04522062,  0.39538307, ...,  0.15793185,
          0.        ,  0.08945908],
        [-0.04315236, -0.04432826,  0.31162816, ...,  0.06896225,
         -0.08945908,  0.        ]],

       [[ 0.        ,  0.19455445,  0.35118596, ...,  0.84883217,
          0.87502572,  0.91502505],
        [-0.19455445,  0.        ,  0.16231295, ...,  0.93546607,
          0.95248471,  0.97602318],
        [-0.35118596, -0.16231295,  0.        , ...,  0.98042524,
          0.98929244,  0.99841057],
        ...,
        [-0.84883217, -0.93546607, -0.98042524, ...,  0.        ,
         -0.05169357, -0.14132298],
        [-0.87502572, -0.95248471, -0.98929244, ...,  0.05169357,
          0.        , -0.08995929],
        [-0.91502505, -0.97602318, -0.99841057, ...,  0.14132298,
          0.08995929,  0.        ]],

       ...,

       [[ 0.        , -0.39600737,  0.14811541, ..., -0.61843915,
         -0.28231565, -0.4118963 ],
        [ 0.39600737,  0.        ,  0.52764602, ..., -0.25668456,
          0.12066282, -0.01736859],
        [-0.14811541, -0.52764602,  0.        , ..., -0.72801175,
         -0.42129204, -0.54232043],
        ...,
        [ 0.61843915,  0.25668456,  0.72801175, ...,  0.        ,
          0.37142914,  0.23985918],
        [ 0.28231565, -0.12066282,  0.42129204, ..., -0.37142914,
          0.        , -0.13788631],
        [ 0.4118963 ,  0.01736859,  0.54232043, ..., -0.23985918,
          0.13788631,  0.        ]],

       [[ 0.        ,  0.0214879 , -0.10165167, ...,  0.7346658 ,
          0.73544014,  0.75012881],
        [-0.0214879 ,  0.        , -0.12300479, ...,  0.74907419,
          0.74983031,  0.76416539],
        [ 0.10165167,  0.12300479,  0.        , ...,  0.66189681,
          0.66275248,  0.67902178],
        ...,
        [-0.7346658 , -0.74907419, -0.66189681, ...,  0.        ,
         -0.00114208, -0.02308086],
        [-0.73544014, -0.74983031, -0.66275248, ...,  0.00114208,
          0.        , -0.02193907],
        [-0.75012881, -0.76416539, -0.67902178, ...,  0.02308086,
          0.02193907,  0.        ]],

       [[ 0.        ,  0.00677805,  0.07620573, ...,  0.99182264,
          0.98474471,  0.96861569],
        [-0.00677805,  0.        ,  0.06944563, ...,  0.99093482,
          0.98354267,  0.96690866],
        [-0.07620573, -0.06944563,  0.        , ...,  0.97921287,
          0.96862098,  0.94685713],
        ...,
        [-0.99182264, -0.99093482, -0.97921287, ...,  0.        ,
         -0.04690553, -0.12291212],
        [-0.98474471, -0.98354267, -0.96862098, ...,  0.04690553,
          0.        , -0.07622696],
        [-0.96861569, -0.96690866, -0.94685713, ...,  0.12291212,
          0.07622696,  0.        ]]]), 'num': array([7.07106225e-01, 7.07106225e-01, 0.00000000e+00, 9.79188403e-05,
       9.96097465e-05, 9.40758717e-05, 1.22240220e-03, 2.30578117e-06,
       9.85337153e-05, 1.01408256e-04, 9.93663585e-05, 1.13356840e-06,
       1.08875950e-04, 9.39405618e-05])}
{'img': array([[[ 0.        ,  0.49305172,  0.9797959 , ...,  0.9901515 ,
          0.9995499 ,  0.99277389],
        [-0.49305172,  0.        ,  0.75381209, ...,  0.93045905,
          0.85481686,  0.92287949],
        [-0.9797959 , -0.75381209,  0.        , ...,  0.33520173,
          0.1705161 ,  0.31613029],
        ...,
        [-0.9901515 , -0.93045905, -0.33520173, ...,  0.        ,
         -0.16964153, -0.02017016],
        [-0.9995499 , -0.85481686, -0.1705161 , ...,  0.16964153,
          0.        ,  0.1497292 ],
        [-0.99277389, -0.92287949, -0.31613029, ...,  0.02017016,
         -0.1497292 ,  0.        ]],

       [[ 0.        ,  0.35344272,  0.8491199 , ..., -0.04522062,
          0.04432826,  0.08138745],
        [-0.35344272,  0.        ,  0.98100295, ..., -0.39538307,
         -0.31162816, -0.2761358 ],
        [-0.8491199 , -0.98100295,  0.        , ..., -0.82436574,
         -0.87169943, -0.88929184],
        ...,
        [ 0.04522062,  0.39538307,  0.82436574, ...,  0.        ,
          0.08945908,  0.12637479],
        [-0.04432826,  0.31162816,  0.87169943, ..., -0.08945908,
          0.        ,  0.03712625],
        [-0.08138745,  0.2761358 ,  0.88929184, ..., -0.12637479,
         -0.03712625,  0.        ]],

       [[ 0.        ,  0.29665756,  0.65746695, ...,  0.8777605 ,
          0.91754064,  0.94505808],
        [-0.29665756,  0.        ,  0.40434382, ...,  0.98037571,
          0.99420007,  0.99949336],
        [-0.65746695, -0.40434382,  0.        , ...,  0.97637016,
          0.95278811,  0.92701313],
        ...,
        [-0.8777605 , -0.98037571, -0.97637016, ...,  0.        ,
         -0.09055897, -0.16583495],
        [-0.91754064, -0.99420007, -0.95278811, ...,  0.09055897,
          0.        , -0.0758485 ],
        [-0.94505808, -0.99949336, -0.92701313, ...,  0.16583495,
          0.0758485 ,  0.        ]],

       ...,

       [[ 0.        ,  0.52764602,  0.99963521, ...,  0.12066282,
         -0.01736859, -0.22011411],
        [-0.52764602,  0.        ,  0.86340519, ..., -0.42129204,
         -0.54232043, -0.70168413],
        [-0.99963521, -0.86340519,  0.        , ..., -0.9955903 ,
         -0.99901533, -0.96917343],
        ...,
        [-0.12066282,  0.42129204,  0.9955903 , ...,  0.        ,
         -0.13788631, -0.33620931],
        [ 0.01736859,  0.54232043,  0.99901533, ...,  0.13788631,
          0.        , -0.20313829],
        [ 0.22011411,  0.70168413,  0.96917343, ...,  0.33620931,
          0.20313829,  0.        ]],

       [[ 0.        , -0.12300479,  0.54851372, ...,  0.74983031,
          0.76416539,  0.82628913],
        [ 0.12300479,  0.        ,  0.64719777, ...,  0.66275248,
          0.67902178,  0.75073238],
        [-0.54851372, -0.64719777,  0.        , ...,  0.98987752,
          0.99275295,  0.99984294],
        ...,
        [-0.74983031, -0.66275248, -0.98987752, ...,  0.        ,
         -0.02193907, -0.12435877],
        [-0.76416539, -0.67902178, -0.99275295, ...,  0.02193907,
          0.        , -0.10256007],
        [-0.82628913, -0.75073238, -0.99984294, ...,  0.12435877,
          0.10256007,  0.        ]],

       [[ 0.        ,  0.06944563, -0.13575615, ...,  0.98354267,
          0.96690866,  0.96632081],
        [-0.06944563,  0.        , -0.20423112, ...,  0.96862098,
          0.94685713,  0.94611668],
        [ 0.13575615,  0.20423112,  0.        , ...,  0.99896519,
          0.99259178,  0.99231043],
        ...,
        [-0.98354267, -0.96862098, -0.99896519, ...,  0.        ,
         -0.07622696, -0.07851432],
        [-0.96690866, -0.94685713, -0.99259178, ...,  0.07622696,
          0.        , -0.00229424],
        [-0.96632081, -0.94611668, -0.99231043, ...,  0.07851432,
          0.00229424,  0.        ]]]), 'num': array([7.94788768e-01, 6.06879573e-01, 5.63445863e-05, 1.14022570e-04,
       1.15732054e-04, 1.06671790e-04, 2.80987853e-03, 5.12845142e-06,
       1.09577912e-04, 1.12415655e-04, 1.10908460e-04, 1.63293976e-06,
       1.19802050e-04, 1.05029261e-04])}
{'img': array([[[ 0.        ,  0.95899516,  0.99677767, ...,  0.99482489,
          0.9982684 ,  0.92511823],
        [-0.95899516,  0.        ,  0.20558443, ...,  0.18451771,
          0.33934316,  0.62630975],
        [-0.99677767, -0.20558443,  0.        , ..., -0.02147809,
          0.13870899,  0.45266304],
        ...,
        [-0.99482489, -0.18451771,  0.02147809, ...,  0.        ,
          0.15994745,  0.47171024],
        [-0.9982684 , -0.33934316, -0.13870899, ..., -0.15994745,
          0.        ,  0.32460297],
        [-0.92511823, -0.62630975, -0.45266304, ..., -0.47171024,
         -0.32460297,  0.        ]],

       [[ 0.        ,  0.98100295,  0.49947749, ..., -0.31162816,
         -0.2761358 , -0.11620336],
        [-0.98100295,  0.        ,  0.75297416, ..., -0.87169943,
         -0.88929184, -0.95181447],
        [-0.49947749, -0.75297416,  0.        , ..., -0.20463373,
         -0.24083326, -0.39542366],
        ...,
        [ 0.31162816,  0.87169943,  0.20463373, ...,  0.        ,
          0.03712625,  0.1991001 ],
        [ 0.2761358 ,  0.88929184,  0.24083326, ..., -0.03712625,
          0.        ,  0.16257989],
        [ 0.11620336,  0.95181447,  0.39542366, ..., -0.1991001 ,
         -0.16257989,  0.        ]],

       [[ 0.        ,  0.60810103,  0.83631737, ...,  0.92342791,
          0.95027778,  0.95027778],
        [-0.60810103,  0.        ,  0.3305299 , ...,  0.96644426,
          0.94375198,  0.94375198],
        [-0.83631737, -0.3305299 ,  0.        , ...,  0.82722043,
          0.78141779,  0.78141779],
        ...,
        [-0.92342791, -0.96644426, -0.82722043, ...,  0.        ,
         -0.07713125, -0.07713125],
        [-0.95027778, -0.94375198, -0.78141779, ...,  0.07713125,
          0.        ,  0.        ],
        [-0.95027778, -0.94375198, -0.78141779, ...,  0.07713125,
          0.        ,  0.        ]],

       ...,

       [[ 0.        ,  0.86340519,  0.96886386, ..., -0.54232043,
         -0.70168413, -0.17551114],
        [-0.86340519,  0.        ,  0.70257659, ..., -0.99901533,
         -0.96917343, -0.93855026],
        [-0.96886386, -0.70257659,  0.        , ..., -0.67973673,
         -0.51657122, -0.91036911],
        ...,
        [ 0.54232043,  0.99901533,  0.67973673, ...,  0.        ,
         -0.20313829,  0.38644273],
        [ 0.70168413,  0.96917343,  0.51657122, ...,  0.20313829,
          0.        ,  0.56574259],
        [ 0.17551114,  0.93855026,  0.91036911, ..., -0.38644273,
         -0.56574259,  0.        ]],

       [[ 0.        ,  0.64719777,  0.84421807, ...,  0.67902178,
          0.75073238,  0.81210481],
        [-0.64719777,  0.        ,  0.29666821, ...,  0.99275295,
          0.99984294,  0.99673288],
        [-0.84421807, -0.29666821,  0.        , ...,  0.98371137,
          0.96008836,  0.9278991 ],
        ...,
        [-0.67902178, -0.99275295, -0.98371137, ...,  0.        ,
         -0.10256007, -0.19996378],
        [-0.75073238, -0.99984294, -0.96008836, ...,  0.10256007,
          0.        , -0.09842064],
        [-0.81210481, -0.99673288, -0.9278991 , ...,  0.19996378,
          0.09842064,  0.        ]],

       [[ 0.        , -0.20423112, -0.42785087, ...,  0.94685713,
          0.94611668,  0.95927923],
        [ 0.20423112,  0.        , -0.23423876, ...,  0.99259178,
          0.99231043,  0.99674723],
        [ 0.42785087,  0.23423876,  0.        , ...,  0.99343632,
          0.99369614,  0.98789444],
        ...,
        [-0.94685713, -0.99259178, -0.99343632, ...,  0.        ,
         -0.00229424,  0.04110765],
        [-0.94611668, -0.99231043, -0.99369614, ...,  0.00229424,
          0.        ,  0.04339984],
        [-0.95927923, -0.99674723, -0.98789444, ..., -0.04110765,
         -0.04339984,  0.        ]]]), 'num': array([7.66452824e-01, 6.42290208e-01, 3.69531594e-05, 1.10661868e-04,
       1.14778753e-04, 1.08521088e-04, 3.64163176e-03, 8.23376992e-07,
       1.06610853e-04, 1.08010594e-04, 1.07206429e-04, 1.87934635e-06,
       1.14234278e-04, 1.01786909e-04])}
{'img': array([[[ 0.        ,  0.40935773,  0.15421241, ...,  0.60283246,
          0.89862625,  0.92999786],
        [-0.40935773,  0.        , -0.2637615 , ...,  0.22339528,
          0.6402918 ,  0.69804029],
        [-0.15421241,  0.2637615 ,  0.        , ...,  0.47258009,
          0.82022132,  0.86218989],
        ...,
        [-0.60283246, -0.22339528, -0.47258009, ...,  0.        ,
          0.45251329,  0.52043528],
        [-0.89862625, -0.6402918 , -0.82022132, ..., -0.45251329,
          0.        ,  0.07770054],
        [-0.92999786, -0.69804029, -0.86218989, ..., -0.52043528,
         -0.07770054,  0.        ]],

       [[ 0.        ,  0.75297416, -0.98598763, ..., -0.88929184,
         -0.95181447, -0.97342492],
        [-0.75297416,  0.        , -0.77443921, ..., -0.24083326,
         -0.39542366, -0.46812647],
        [ 0.98598763,  0.77443921,  0.        , ..., -0.599282  ,
         -0.4611574 , -0.38818267],
        ...,
        [ 0.88929184,  0.24083326,  0.599282  , ...,  0.        ,
          0.16257989,  0.2415328 ],
        [ 0.95181447,  0.39542366,  0.4611574 , ..., -0.16257989,
          0.        ,  0.08055297],
        [ 0.97342492,  0.46812647,  0.38818267, ..., -0.2415328 ,
         -0.08055297,  0.        ]],

       [[ 0.        ,  0.6875243 ,  0.86246749, ...,  0.97265043,
          0.97265043,  0.95056899],
        [-0.6875243 ,  0.        ,  0.27832595, ...,  0.86599508,
          0.86599508,  0.90375202],
        [-0.86246749, -0.27832595,  0.        , ...,  0.69259915,
          0.69259915,  0.74890257],
        ...,
        [-0.97265043, -0.86599508, -0.69259915, ...,  0.        ,
          0.        ,  0.08122873],
        [-0.97265043, -0.86599508, -0.69259915, ...,  0.        ,
          0.        ,  0.08122873],
        [-0.95056899, -0.90375202, -0.74890257, ..., -0.08122873,
         -0.08122873,  0.        ]],

       ...,

       [[ 0.        ,  0.70257659,  0.02237784, ..., -0.96917343,
         -0.93855026, -0.73637204],
        [-0.70257659,  0.        , -0.6864764 , ..., -0.51657122,
         -0.91036911, -0.99935538],
        [-0.02237784,  0.6864764 ,  0.        , ..., -0.96341729,
         -0.94603878, -0.75132797],
        ...,
        [ 0.96917343,  0.51657122,  0.96341729, ...,  0.        ,
          0.56574259,  0.83714728],
        [ 0.93855026,  0.91036911,  0.94603878, ..., -0.56574259,
          0.        ,  0.38084801],
        [ 0.73637204,  0.99935538,  0.75132797, ..., -0.83714728,
         -0.38084801,  0.        ]],

       [[ 0.        ,  0.66911989,  0.80542605, ...,  0.78865677,
          0.84965352,  0.89601096],
        [-0.66911989,  0.        ,  0.20197111, ...,  0.99749128,
          0.9842784 ,  0.96298516],
        [-0.80542605, -0.20197111,  0.        , ...,  0.96263702,
          0.92832094,  0.88869725],
        ...,
        [-0.78865677, -0.99749128, -0.96263702, ...,  0.        ,
         -0.10650431, -0.20070895],
        [-0.84965352, -0.9842784 , -0.92832094, ...,  0.10650431,
          0.        , -0.09523032],
        [-0.89601096, -0.96298516, -0.88869725, ...,  0.20070895,
          0.09523032,  0.        ]],

       [[ 0.        , -0.23423876, -0.3488592 , ...,  0.99231043,
          0.99674723,  0.99956048],
        [ 0.23423876,  0.        , -0.11963087, ...,  0.99369614,
          0.98789444,  0.97869589],
        [ 0.3488592 ,  0.11963087,  0.        , ...,  0.97314839,
          0.96224176,  0.94710528],
        ...,
        [-0.99231043, -0.99369614, -0.97314839, ...,  0.        ,
          0.04339984,  0.09430232],
        [-0.99674723, -0.98789444, -0.96224176, ..., -0.04339984,
          0.        ,  0.05100703],
        [-0.99956048, -0.97869589, -0.94710528, ..., -0.09430232,
         -0.05100703,  0.        ]]]), 'num': array([7.70429847e-01, 6.37500467e-01, 3.76570480e-05, 1.15893095e-04,
       1.16221404e-04, 1.09983532e-04, 5.55945413e-03, 5.58125385e-06,
       1.08473310e-04, 1.07751030e-04, 1.07143658e-04, 2.19414464e-06,
       1.14333115e-04, 1.01168945e-04])}
{'img': array([[[ 0.00000000e+00, -2.63761496e-01, -2.86584504e-01, ...,
          6.40291799e-01,  6.98040288e-01,  9.80541889e-01],
        [ 2.63761496e-01,  0.00000000e+00, -2.37379418e-02, ...,
          8.20221325e-01,  8.62189894e-01,  9.97597881e-01],
        [ 2.86584504e-01,  2.37379418e-02,  0.00000000e+00, ...,
          8.33569401e-01,  8.73972233e-01,  9.95672423e-01],
        ...,
        [-6.40291799e-01, -8.20221325e-01, -8.33569401e-01, ...,
          0.00000000e+00,  7.77005437e-02,  6.27489710e-01],
        [-6.98040288e-01, -8.62189894e-01, -8.73972233e-01, ...,
         -7.77005437e-02,  0.00000000e+00,  5.65093072e-01],
        [-9.80541889e-01, -9.97597881e-01, -9.95672423e-01, ...,
         -6.27489710e-01, -5.65093072e-01,  0.00000000e+00]],

       [[ 0.00000000e+00, -7.74439213e-01, -7.74060999e-01, ...,
         -3.95423661e-01, -4.68126473e-01, -5.84301010e-01],
        [ 7.74439213e-01,  0.00000000e+00, -5.97608107e-04, ...,
         -4.61157405e-01, -3.88182668e-01, -2.58829032e-01],
        [ 7.74060999e-01,  5.97608107e-04,  0.00000000e+00, ...,
         -4.60627054e-01, -3.87631854e-01, -2.58251742e-01],
        ...,
        [ 3.95423661e-01,  4.61157405e-01,  4.60627054e-01, ...,
          0.00000000e+00,  8.05529685e-02,  2.15778864e-01],
        [ 4.68126473e-01,  3.88182668e-01,  3.87631854e-01, ...,
         -8.05529685e-02,  0.00000000e+00,  1.36422332e-01],
        [ 5.84301010e-01,  2.58829032e-01,  2.58251742e-01, ...,
         -2.15778864e-01, -1.36422332e-01,  0.00000000e+00]],

       [[ 0.00000000e+00,  6.67017004e-01,  8.63558135e-01, ...,
          9.93878171e-01,  9.79563912e-01,  9.20418355e-01],
        [-6.67017004e-01,  0.00000000e+00,  3.07044653e-01, ...,
          8.14174567e-01,  8.63975967e-01,  9.46510974e-01],
        [-8.63558135e-01, -3.07044653e-01,  0.00000000e+00, ...,
          5.96569637e-01,  6.67634572e-01,  8.01715268e-01],
        ...,
        [-9.93878171e-01, -8.14174567e-01, -5.96569637e-01, ...,
          0.00000000e+00,  9.16780668e-02,  2.86852328e-01],
        [-9.79563912e-01, -8.63975967e-01, -6.67634572e-01, ...,
         -9.16780668e-02,  0.00000000e+00,  1.97819028e-01],
        [-9.20418355e-01, -9.46510974e-01, -8.01715268e-01, ...,
         -2.86852328e-01, -1.97819028e-01,  0.00000000e+00]],

       ...,

       [[ 0.00000000e+00, -6.86476400e-01, -8.11529540e-01, ...,
         -9.10369109e-01, -9.99355381e-01, -9.32552144e-01],
        [ 6.86476400e-01,  0.00000000e+00, -1.88989413e-01, ...,
         -9.46038776e-01, -7.51327969e-01, -4.30265010e-01],
        [ 8.11529540e-01,  1.88989413e-01,  0.00000000e+00, ...,
         -8.67747659e-01, -6.13068788e-01, -2.51910020e-01],
        ...,
        [ 9.10369109e-01,  9.46038776e-01,  8.67747659e-01, ...,
          0.00000000e+00,  3.80848006e-01,  7.14562824e-01],
        [ 9.99355381e-01,  7.51327969e-01,  6.13068788e-01, ...,
         -3.80848006e-01,  0.00000000e+00,  3.94281370e-01],
        [ 9.32552144e-01,  4.30265010e-01,  2.51910020e-01, ...,
         -7.14562824e-01, -3.94281370e-01,  0.00000000e+00]],

       [[ 0.00000000e+00,  5.61653581e-01,  7.28974726e-01, ...,
          8.89108062e-01,  9.32134325e-01,  9.16613879e-01],
        [-5.61653581e-01,  0.00000000e+00,  2.18658956e-01, ...,
          9.92690910e-01,  9.74604196e-01,  9.82915437e-01],
        [-7.28974726e-01, -2.18658956e-01,  0.00000000e+00, ...,
          9.42280369e-01,  9.02054800e-01,  9.18884335e-01],
        ...,
        [-8.89108062e-01, -9.92690910e-01, -9.42280369e-01, ...,
          0.00000000e+00, -1.04678090e-01, -6.40897315e-02],
        [-9.32134325e-01, -9.74604196e-01, -9.02054800e-01, ...,
          1.04678090e-01,  0.00000000e+00,  4.07252535e-02],
        [-9.16613879e-01, -9.82915437e-01, -9.18884335e-01, ...,
          6.40897315e-02, -4.07252535e-02,  0.00000000e+00]],

       [[ 0.00000000e+00, -1.19630871e-01, -1.92710668e-01, ...,
          9.87894436e-01,  9.78695888e-01,  9.83526434e-01],
        [ 1.19630871e-01,  0.00000000e+00, -7.39382406e-02, ...,
          9.62241759e-01,  9.47105281e-01,  9.54838183e-01],
        [ 1.92710668e-01,  7.39382406e-02,  0.00000000e+00, ...,
          9.39482220e-01,  9.20784402e-01,  9.30255624e-01],
        ...,
        [-9.87894436e-01, -9.62241759e-01, -9.39482220e-01, ...,
          0.00000000e+00,  5.10070293e-02,  2.60039721e-02],
        [-9.78695888e-01, -9.47105281e-01, -9.20784402e-01, ...,
         -5.10070293e-02,  0.00000000e+00, -2.50196582e-02],
        [-9.83526434e-01, -9.54838183e-01, -9.30255624e-01, ...,
         -2.60039721e-02,  2.50196582e-02,  0.00000000e+00]]]), 'num': array([7.53991862e-01, 6.56855722e-01, 2.61118654e-05, 1.18748337e-04,
       1.19386769e-04, 1.10927546e-04, 6.06088957e-03, 6.06510322e-06,
       1.09363388e-04, 1.05389149e-04, 1.04495344e-04, 2.25820897e-06,
       1.14222899e-04, 9.65553987e-05])}
{'img': array([[[ 0.        , -0.02198424,  0.13936796, ...,  0.80557111,
          0.98790196,  0.61919799],
        [ 0.02198424,  0.        ,  0.16110396, ...,  0.81840206,
          0.99107251,  0.60178555],
        [-0.13936796, -0.16110396,  0.        , ...,  0.71513388,
          0.95664754,  0.72259162],
        ...,
        [-0.80557111, -0.81840206, -0.71513388, ...,  0.        ,
          0.46040326,  0.9994368 ],
        [-0.98790196, -0.99107251, -0.95664754, ..., -0.46040326,
          0.        ,  0.87176015],
        [-0.61919799, -0.60178555, -0.72259162, ..., -0.9994368 ,
         -0.87176015,  0.        ]],

       [[ 0.        , -0.00138875, -0.62463337, ..., -0.72317243,
         -0.5225326 , -0.4508089 ],
        [ 0.00138875,  0.        , -0.62354827, ..., -0.72221256,
         -0.52134802, -0.44956884],
        [ 0.62463337,  0.62354827,  0.        , ..., -0.13332448,
          0.12451929,  0.20551569],
        ...,
        [ 0.72317243,  0.72221256,  0.13332448, ...,  0.        ,
          0.25569447,  0.33415945],
        [ 0.5225326 ,  0.52134802, -0.12451929, ..., -0.25569447,
          0.        ,  0.08205493],
        [ 0.4508089 ,  0.44956884, -0.20551569, ..., -0.33415945,
         -0.08205493,  0.        ]],

       [[ 0.        ,  0.68977271,  0.88568548, ...,  0.99643063,
          0.95332438,  0.71604712],
        [-0.68977271,  0.        ,  0.32100768, ...,  0.77966923,
          0.89850714,  0.9999339 ],
        [-0.88568548, -0.32100768,  0.        , ...,  0.53739417,
          0.7100459 ,  0.95070493],
        ...,
        [-0.99643063, -0.77966923, -0.53739417, ...,  0.        ,
          0.22039485,  0.63511481],
        [-0.95332438, -0.89850714, -0.7100459 , ..., -0.22039485,
          0.        ,  0.44926091],
        [-0.71604712, -0.9999339 , -0.95070493, ..., -0.63511481,
         -0.44926091,  0.        ]],

       ...,

       [[ 0.        , -0.20363031, -0.14088047, ..., -0.77691683,
         -0.45488085, -0.28285815],
        [ 0.20363031,  0.        ,  0.06367071, ..., -0.63243244,
         -0.26400668, -0.08161726],
        [ 0.14088047, -0.06367071,  0.        , ..., -0.68046953,
         -0.32488272, -0.14490994],
        ...,
        [ 0.77691683,  0.63243244,  0.68046953, ...,  0.        ,
          0.40549061,  0.5671005 ],
        [ 0.45488085,  0.26400668,  0.32488272, ..., -0.40549061,
          0.        ,  0.18440434],
        [ 0.28285815,  0.08161726,  0.14490994, ..., -0.5671005 ,
         -0.18440434,  0.        ]],

       [[ 0.        ,  0.53685406,  0.72513668, ...,  0.95335448,
          0.9393092 ,  0.78090612],
        [-0.53685406,  0.        ,  0.24209941, ...,  0.96637247,
          0.97665127,  0.9941761 ],
        [-0.72513668, -0.24209941,  0.        , ...,  0.87536931,
          0.89558688,  0.9906913 ],
        ...,
        [-0.95335448, -0.96637247, -0.87536931, ...,  0.        ,
          0.04353567,  0.3597925 ],
        [-0.9393092 , -0.97665127, -0.89558688, ..., -0.04353567,
          0.        ,  0.31883118],
        [-0.78090612, -0.9941761 , -0.9906913 , ..., -0.3597925 ,
         -0.31883118,  0.        ]],

       [[ 0.        , -0.07393824, -0.27438295, ...,  0.94710528,
          0.95483818,  0.98822186],
        [ 0.07393824,  0.        , -0.20253138, ...,  0.9207844 ,
          0.93025562,  0.97420231],
        [ 0.27438295,  0.20253138,  0.        , ...,  0.82270005,
          0.83666558,  0.90830616],
        ...,
        [-0.94710528, -0.9207844 , -0.82270005, ...,  0.        ,
         -0.02501966, -0.17220959],
        [-0.95483818, -0.93025562, -0.83666558, ...,  0.02501966,
          0.        , -0.14750981],
        [-0.98822186, -0.97420231, -0.90830616, ...,  0.17220959,
          0.14750981,  0.        ]]]), 'num': array([ 7.53468711e-01,  6.57424511e-01,  2.61344764e-05,  1.17413448e-04,
        1.26199489e-04,  1.12461316e-04,  8.82115256e-03, -1.43771569e-06,
        1.12589113e-04,  1.06079456e-04,  1.04915972e-04,  2.28007775e-06,
        1.16336841e-04,  9.58220715e-05])}
{'img': array([[[ 0.        ,  0.16110396, -0.0460158 , ...,  0.99107251,
          0.60178555,  0.90961732],
        [-0.16110396,  0.        , -0.20634803, ...,  0.95664754,
          0.72259162,  0.96466557],
        [ 0.0460158 ,  0.20634803,  0.        , ...,  0.99615769,
          0.56439721,  0.88953664],
        ...,
        [-0.99107251, -0.95664754, -0.99615769, ...,  0.        ,
          0.87176015,  0.53301205],
        [-0.60178555, -0.72259162, -0.56439721, ..., -0.87176015,
          0.        , -0.4764628 ],
        [-0.90961732, -0.96466557, -0.88953664, ..., -0.53301205,
          0.4764628 ,  0.        ]],

       [[ 0.        , -0.62354827, -0.69259978, ..., -0.52134802,
         -0.44956884, -0.14127258],
        [ 0.62354827,  0.        , -0.09168488, ...,  0.12451929,
          0.20551569,  0.50684978],
        [ 0.69259978,  0.09168488,  0.        , ...,  0.21496614,
          0.29437784,  0.58375048],
        ...,
        [ 0.52134802, -0.12451929, -0.21496614, ...,  0.        ,
          0.08205493,  0.39556515],
        [ 0.44956884, -0.20551569, -0.29437784, ..., -0.08205493,
          0.        ,  0.31886887],
        [ 0.14127258, -0.50684978, -0.58375048, ..., -0.39556515,
         -0.31886887,  0.        ]],

       [[ 0.        ,  0.7126768 ,  0.72352469, ...,  0.98383006,
          0.77306373,  0.        ],
        [-0.7126768 ,  0.        ,  0.01558744, ...,  0.81779305,
          0.99436954,  0.7126768 ],
        [-0.72352469, -0.01558744,  0.        , ...,  0.80872293,
          0.99259697,  0.72352469],
        ...,
        [-0.98383006, -0.81779305, -0.80872293, ...,  0.        ,
          0.48561213,  0.98383006],
        [-0.77306373, -0.99436954, -0.99259697, ..., -0.48561213,
          0.        ,  0.77306373],
        [-0.        , -0.7126768 , -0.72352469, ..., -0.98383006,
         -0.77306373,  0.        ]],

       ...,

       [[ 0.        ,  0.06367071, -0.15089693, ..., -0.26400668,
         -0.08161726, -0.05012623],
        [-0.06367071,  0.        , -0.2135324 , ..., -0.32488272,
         -0.14490994, -0.11361518],
        [ 0.15089693,  0.2135324 ,  0.        , ..., -0.11544043,
          0.0697108 ,  0.10115498],
        ...,
        [ 0.26400668,  0.32488272,  0.11544043, ...,  0.        ,
          0.18440434,  0.215327  ],
        [ 0.08161726,  0.14490994, -0.0697108 , ..., -0.18440434,
          0.        ,  0.03155566],
        [ 0.05012623,  0.11361518, -0.10115498, ..., -0.215327  ,
         -0.03155566,  0.        ]],

       [[ 0.        ,  0.55510323,  0.70489289, ...,  0.95781938,
          0.80533321,  0.6078855 ],
        [-0.55510323,  0.        ,  0.19257448, ...,  0.95621693,
          0.99893888,  0.94639356],
        [-0.70489289, -0.19257448,  0.        , ...,  0.88196018,
          0.98911024,  0.99088391],
        ...,
        [-0.95781938, -0.95621693, -0.88196018, ...,  0.        ,
          0.33638746,  0.58584363],
        [-0.80533321, -0.99893888, -0.98911024, ..., -0.33638746,
          0.        ,  0.27908631],
        [-0.6078855 , -0.94639356, -0.99088391, ..., -0.58584363,
         -0.27908631,  0.        ]],

       [[ 0.        , -0.20253138, -0.27799812, ...,  0.93025562,
          0.97420231,  0.98642168],
        [ 0.20253138,  0.        , -0.0776889 , ...,  0.83666558,
          0.90830616,  0.93271664],
        [ 0.27799812,  0.0776889 ,  0.        , ...,  0.79158558,
          0.8730632 ,  0.90188223],
        ...,
        [-0.93025562, -0.83666558, -0.79158558, ...,  0.        ,
         -0.14750981, -0.20915193],
        [-0.97420231, -0.90830616, -0.8730632 , ...,  0.14750981,
          0.        , -0.06261657],
        [-0.98642168, -0.93271664, -0.90188223, ...,  0.20915193,
          0.06261657,  0.        ]]]), 'num': array([ 7.37181299e-01,  6.75685729e-01,  1.68943872e-05,  1.13880684e-04,
        1.18573569e-04,  1.10908523e-04,  3.52604633e-03, -1.09500658e-06,
