state_0,state_1,state_2,state_3,state_4,state_5,state_6,state_7,state_8,state_9,state_10,state_11,state_12,state_13,state_14,state_15,state_16,state_17,state_18,state_19,state_20,state_21,state_22,state_23,state_24,state_25,state_26,state_27,state_28,state_29,state_30,state_31,state_32,state_33,state_34,state_35,state_36,state_37,state_38,state_39,state_40,state_41,state_42,state_43,state_44,state_45,state_46,state_47,state_48,state_49,state_50,state_51,state_52,state_53,state_54,state_55,state_56,state_57,state_58,state_59,state_60,state_61,state_62,state_63,state_64,state_65,state_66,state_67,state_68,state_69,state_70,state_71,state_72,state_73,state_74,state_75,state_76,state_77,state_78,state_79,state_80,state_81,state_82,state_83,state_84,state_85,state_86,state_87,state_88,state_89,state_90,state_91,state_92,state_93,state_94,state_95,state_96,state_97,state_98,state_99,state_100,state_101,state_102,state_103,state_104,state_105,state_106,state_107,state_108,state_109,state_110,state_111,state_112,state_113,state_114,state_115,state_116,state_117,state_118,state_119,state_120,state_121,state_122,state_123,state_124,state_125,state_126,state_127,state_128,state_129,state_130,state_131,state_132,state_133,state_134,state_135,state_136,state_137,state_138,state_139,state_140,state_141,state_142,state_143,state_144,state_145,state_146,state_147,state_148,state_149,state_150,state_151,state_152,state_153,state_154,state_155,state_156,state_157,state_158,state_159,state_160,state_161,state_162,state_163,state_164,state_165,state_166,state_167,state_168,state_169,state_170,state_171,state_172,state_173,state_174,state_175,state_176,state_177,state_178,state_179,state_180,state_181,state_182,state_183,state_184,state_185,state_186,state_187,state_188,state_189,state_190,state_191,state_192,state_193,state_194,state_195,state_196,state_197,state_198,state_199,state_200,state_201,state_202,state_203,state_204,state_205,state_206,state_207,state_208,state_209,state_210,state_211,state_212,state_213,state_214,state_215,state_216,state_217,state_218,state_219,state_220,state_221,state_222,state_223,state_224,state_225,state_226,state_227,state_228,state_229,state_230,state_231,state_232,state_233,state_234,state_235,state_236,state_237,state_238,state_239,state_240,state_241,state_242,state_243,state_244,state_245,state_246,state_247,state_248,state_249,state_250,state_251,state_252,state_253,state_254,state_255,state_256,state_257,state_258,state_259,state_260,state_261,state_262,state_263,state_264,state_265,state_266,state_267,state_268,state_269,state_270,state_271,state_272,state_273,state_274,state_275,state_276,state_277,state_278,state_279,state_280,state_281,state_282,state_283,state_284,state_285,state_286,state_287
{'img': array([[[ 0.        , -0.34518154, -0.5767464 , ...,  0.33654632,
          0.51398243,  0.61389744],
        [ 0.34518154,  0.        , -0.25931041, ...,  0.64090685,
          0.77848795,  0.84864621],
        [ 0.5767464 ,  0.25931041,  0.        , ...,  0.81803552,
          0.91461767,  0.95678251],
        ...,
        [-0.33654632, -0.64090685, -0.81803552, ...,  0.        ,
          0.19531058,  0.31242202],
        [-0.51398243, -0.77848795, -0.91461767, ..., -0.19531058,
          0.        ,  0.12087123],
        [-0.61389744, -0.84864621, -0.95678251, ..., -0.31242202,
         -0.12087123,  0.        ]],

       [[ 0.        , -0.53407491, -0.24635344, ..., -0.93333698,
         -0.99330157, -0.90824306],
        [ 0.53407491,  0.        ,  0.3093384 , ..., -0.59734407,
         -0.77806126, -0.54438252],
        [ 0.24635344, -0.3093384 ,  0.        , ..., -0.81613034,
         -0.93422173, -0.77716619],
        ...,
        [ 0.93333698,  0.59734407,  0.81613034, ...,  0.        ,
         -0.24874889,  0.06448771],
        [ 0.99330157,  0.77806126,  0.93422173, ...,  0.24874889,
          0.        ,  0.31069185],
        [ 0.90824306,  0.54438252,  0.77716619, ..., -0.06448771,
         -0.31069185,  0.        ]],

       [[ 0.        ,  0.06158907,  0.12698528, ...,  0.93610957,
          0.89566001,  0.90645853],
        [-0.06158907,  0.        ,  0.06565373, ...,  0.91267105,
          0.86656859,  0.87872895],
        [-0.12698528, -0.06565373,  0.        , ...,  0.88386958,
          0.83193392,  0.84549515],
        ...,
        [-0.93610957, -0.91267105, -0.88386958, ...,  0.        ,
         -0.10131358, -0.07650507],
        [-0.89566001, -0.86656859, -0.83193392, ...,  0.10131358,
          0.        ,  0.02490523],
        [-0.90645853, -0.87872895, -0.84549515, ...,  0.07650507,
         -0.02490523,  0.        ]],

       ...,

       [[ 0.        , -0.14736945, -0.25828038, ..., -0.33316696,
         -0.12980767, -0.28768919],
        [ 0.14736945,  0.        , -0.11309114, ..., -0.19057937,
          0.01773221, -0.14340882],
        [ 0.25828038,  0.11309114,  0.        , ..., -0.07833834,
          0.13069182, -0.03056662],
        ...,
        [ 0.33316696,  0.19057937,  0.07833834, ...,  0.        ,
          0.20795662,  0.04782905],
        [ 0.12980767, -0.01773221, -0.13069182, ..., -0.20795662,
          0.        , -0.1609352 ],
        [ 0.28768919,  0.14340882,  0.03056662, ..., -0.04782905,
          0.1609352 ,  0.        ]],

       [[ 0.        ,  0.07233361, -0.30167128, ...,  0.86368274,
          0.81918344,  0.83991307],
        [-0.07233361,  0.        , -0.36984478, ...,  0.82496158,
          0.77555198,  0.79845594],
        [ 0.30167128,  0.36984478,  0.        , ...,  0.97549862,
          0.95403733,  0.96450652],
        ...,
        [-0.86368274, -0.82496158, -0.97549862, ...,  0.        ,
         -0.08245152, -0.04539243],
        [-0.81918344, -0.77555198, -0.95403733, ...,  0.08245152,
          0.        ,  0.03712865],
        [-0.83991307, -0.79845594, -0.96450652, ...,  0.04539243,
         -0.03712865,  0.        ]],

       [[ 0.        ,  0.40422726,  0.85825125, ...,  0.58081867,
          0.17781037,  0.        ],
        [-0.40422726,  0.        ,  0.57754541, ...,  0.8603051 ,
          0.56042158,  0.40422726],
        [-0.85825125, -0.57754541,  0.        , ...,  0.99673824,
          0.93583239,  0.85825125],
        ...,
        [-0.58081867, -0.8603051 , -0.99673824, ...,  0.        ,
          0.42681969,  0.58081867],
        [-0.17781037, -0.56042158, -0.93583239, ..., -0.42681969,
          0.        ,  0.17781037],
        [-0.        , -0.40422726, -0.85825125, ..., -0.58081867,
         -0.17781037,  0.        ]]]), 'num': array([6.50763334e-01, 4.05497602e-01, 4.48383421e-06, 1.45991507e-03,
       1.46792192e-03, 1.44923927e-03, 6.41920919e-01, 2.40205404e-05,
       1.42735389e-03, 1.41427604e-03, 1.37221785e-03, 1.72369619e-06,
       1.45937733e-03, 1.36917475e-03])}
{'img': array([[[ 0.        , -0.25931041, -0.07292499, ...,  0.77848795,
          0.84864621,  0.97269786],
        [ 0.25931041,  0.        ,  0.18818945, ...,  0.91461767,
          0.95678251,  0.99960529],
        [ 0.07292499, -0.18818945,  0.        , ...,  0.82218724,
          0.8849611 ,  0.98703206],
        ...,
        [-0.77848795, -0.91461767, -0.82218724, ...,  0.        ,
          0.12087123,  0.4298554 ],
        [-0.84864621, -0.95678251, -0.8849611 , ..., -0.12087123,
          0.        ,  0.31756942],
        [-0.97269786, -0.99960529, -0.98703206, ..., -0.4298554 ,
         -0.31756942,  0.        ]],

       [[ 0.        ,  0.3093384 , -0.20828203, ..., -0.77806126,
         -0.54438252,  0.1278477 ],
        [-0.3093384 ,  0.        , -0.50062046, ..., -0.93422173,
         -0.77716619, -0.18522288],
        [ 0.20828203,  0.50062046,  0.        , ..., -0.63015709,
         -0.35772887,  0.33161668],
        ...,
        [ 0.77806126,  0.93422173,  0.63015709, ...,  0.        ,
          0.31069185,  0.85198879],
        [ 0.54438252,  0.77716619,  0.35772887, ..., -0.31069185,
          0.        ,  0.64715861],
        [-0.1278477 ,  0.18522288, -0.33161668, ..., -0.85198879,
         -0.64715861,  0.        ]],

       [[ 0.        ,  0.06565373,  0.12189233, ...,  0.86656859,
          0.87872895,  0.92560923],
        [-0.06565373,  0.        ,  0.05646517, ...,  0.83193392,
          0.84549515,  0.89876354],
        [-0.12189233, -0.05646517,  0.        , ...,  0.79927553,
          0.81399478,  0.87257339],
        ...,
        [-0.86656859, -0.83193392, -0.79927553, ...,  0.        ,
          0.02490523,  0.13395329],
        [-0.87872895, -0.84549515, -0.81399478, ..., -0.02490523,
          0.        ,  0.10923097],
        [-0.92560923, -0.89876354, -0.87257339, ..., -0.13395329,
         -0.10923097,  0.        ]],

       ...,

       [[ 0.        , -0.11309114,  0.27741546, ...,  0.01773221,
         -0.14340882,  0.2070896 ],
        [ 0.11309114,  0.        ,  0.38428806, ...,  0.13069182,
         -0.03056662,  0.31640059],
        [-0.27741546, -0.38428806,  0.        , ..., -0.26033562,
         -0.412328  , -0.07244031],
        ...,
        [-0.01773221, -0.13069182,  0.26033562, ...,  0.        ,
         -0.1609352 ,  0.18970922],
        [ 0.14340882,  0.03056662,  0.412328  , ...,  0.1609352 ,
          0.        ,  0.34524903],
        [-0.2070896 , -0.31640059,  0.07244031, ..., -0.18970922,
         -0.34524903,  0.        ]],

       [[ 0.        , -0.36984478, -0.30218885, ...,  0.77555198,
          0.79845594,  0.85222452],
        [ 0.36984478,  0.        ,  0.07179211, ...,  0.95403733,
          0.96450652,  0.98529031],
        [ 0.30218885, -0.07179211,  0.        , ...,  0.93006033,
          0.94306037,  0.97047941],
        ...,
        [-0.77555198, -0.95403733, -0.93006033, ...,  0.        ,
          0.03712865,  0.13224511],
        [-0.79845594, -0.96450652, -0.94306037, ..., -0.03712865,
          0.        ,  0.09535138],
        [-0.85222452, -0.98529031, -0.97047941, ..., -0.13224511,
         -0.09535138,  0.        ]],

       [[ 0.        ,  0.81413301,  0.84886419, ...,  0.18169737,
          0.        ,  0.14824003],
        [-0.81413301,  0.        ,  0.06255748, ...,  0.9060891 ,
          0.81413301,  0.89121777],
        [-0.84886419, -0.06255748,  0.        , ...,  0.93078165,
          0.84886419,  0.91784675],
        ...,
        [-0.18169737, -0.9060891 , -0.93078165, ...,  0.        ,
          0.18169737,  0.03391738],
        [-0.        , -0.81413301, -0.84886419, ..., -0.18169737,
          0.        , -0.14824003],
        [-0.14824003, -0.89121777, -0.91784675, ..., -0.03391738,
          0.14824003,  0.        ]]]), 'num': array([ 4.98517606e-01,  4.70504726e-01,  5.20685486e-07,  2.33440660e-03,
        2.37779706e-03,  2.33440660e-03,  7.28053992e-01, -3.90514115e-05,
        2.32919974e-03,  2.30251461e-03,  2.23355994e-03,  2.28872741e-06,
        2.37601118e-03,  2.22901804e-03])}
{'img': array([[[ 0.00000000e+00,  1.88189453e-01,  1.88189453e-01, ...,
          9.56782506e-01,  9.99605289e-01,  9.56782506e-01],
        [-1.88189453e-01,  0.00000000e+00,  0.00000000e+00, ...,
          8.84961097e-01,  9.87032060e-01,  8.84961097e-01],
        [-1.88189453e-01,  0.00000000e+00,  0.00000000e+00, ...,
          8.84961097e-01,  9.87032060e-01,  8.84961097e-01],
        ...,
        [-9.56782506e-01, -8.84961097e-01, -8.84961097e-01, ...,
          0.00000000e+00,  3.17569420e-01,  0.00000000e+00],
        [-9.99605289e-01, -9.87032060e-01, -9.87032060e-01, ...,
         -3.17569420e-01,  0.00000000e+00, -3.17569420e-01],
        [-9.56782506e-01, -8.84961097e-01, -8.84961097e-01, ...,
          0.00000000e+00,  3.17569420e-01,  0.00000000e+00]],

       [[ 0.00000000e+00, -5.00620459e-01, -4.92154426e-01, ...,
         -7.77166187e-01, -1.85222878e-01, -6.13283435e-01],
        [ 5.00620459e-01,  0.00000000e+00,  9.75228074e-03, ...,
         -3.57728873e-01,  3.31616680e-01, -1.35477624e-01],
        [ 4.92154426e-01, -9.75228074e-03,  0.00000000e+00, ...,
         -3.66818790e-01,  3.22400469e-01, -1.45133550e-01],
        ...,
        [ 7.77166187e-01,  3.57728873e-01,  3.66818790e-01, ...,
          0.00000000e+00,  6.47158613e-01,  2.27918299e-01],
        [ 1.85222878e-01, -3.31616680e-01, -3.22400469e-01, ...,
         -6.47158613e-01,  0.00000000e+00, -4.56370824e-01],
        [ 6.13283435e-01,  1.35477624e-01,  1.45133550e-01, ...,
         -2.27918299e-01,  4.56370824e-01,  0.00000000e+00]],

       [[ 0.00000000e+00,  5.64651734e-02,  1.10999700e-01, ...,
          8.45495154e-01,  8.98763536e-01,  9.26409267e-01],
        [-5.64651734e-02,  0.00000000e+00,  5.47063648e-02, ...,
          8.13994777e-01,  8.72573386e-01,  9.03671086e-01],
        [-1.10999700e-01, -5.47063648e-02,  0.00000000e+00, ...,
          7.80998403e-01,  8.44543564e-01,  8.78891070e-01],
        ...,
        [-8.45495154e-01, -8.13994777e-01, -7.80998403e-01, ...,
          0.00000000e+00,  1.09230967e-01,  1.76342668e-01],
        [-8.98763536e-01, -8.72573386e-01, -8.44543564e-01, ...,
         -1.09230967e-01,  0.00000000e+00,  6.77683124e-02],
        [-9.26409267e-01, -9.03671086e-01, -8.78891070e-01, ...,
         -1.76342668e-01, -6.77683124e-02,  0.00000000e+00]],

       ...,

       [[ 0.00000000e+00,  3.84288060e-01,  2.80561440e-01, ...,
         -3.05666208e-02,  3.16400590e-01, -9.66292665e-02],
        [-3.84288060e-01,  0.00000000e+00, -1.09835504e-01, ...,
         -4.12328003e-01, -7.24403054e-02, -4.71699180e-01],
        [-2.80561440e-01,  1.09835504e-01,  0.00000000e+00, ...,
         -3.09769288e-01,  3.75449135e-02, -3.71996792e-01],
        ...,
        [ 3.05666208e-02,  4.12328003e-01,  3.09769288e-01, ...,
          0.00000000e+00,  3.45249027e-01, -6.61605322e-02],
        [-3.16400590e-01,  7.24403054e-02, -3.75449135e-02, ...,
         -3.45249027e-01,  0.00000000e+00, -4.06584978e-01],
        [ 9.66292665e-02,  4.71699180e-01,  3.71996792e-01, ...,
          6.61605322e-02,  4.06584978e-01,  0.00000000e+00]],

       [[ 0.00000000e+00,  7.17921142e-02,  1.39138941e-01, ...,
          9.64506522e-01,  9.85290311e-01,  9.89508303e-01],
        [-7.17921142e-02,  0.00000000e+00,  6.76861268e-02, ...,
          9.43060370e-01,  9.70479412e-01,  9.76582754e-01],
        [-1.39138941e-01, -6.76861268e-02,  0.00000000e+00, ...,
          9.18383747e-01,  9.51928968e-01,  9.59780986e-01],
        ...,
        [-9.64506522e-01, -9.43060370e-01, -9.18383747e-01, ...,
          0.00000000e+00,  9.53513778e-02,  1.21940540e-01],
        [-9.85290311e-01, -9.70479412e-01, -9.51928968e-01, ...,
         -9.53513778e-02,  0.00000000e+00,  2.67451300e-02],
        [-9.89508303e-01, -9.76582754e-01, -9.59780986e-01, ...,
         -1.21940540e-01, -2.67451300e-02,  0.00000000e+00]],

       [[ 0.00000000e+00,  1.47928703e-01,  1.48141548e-01, ...,
          4.98703397e-01,  5.58766412e-01,  3.58434301e-01],
        [-1.47928703e-01,  0.00000000e+00,  2.15215888e-04, ...,
          6.21437238e-01,  6.75299863e-01,  4.92590390e-01],
        [-1.48141548e-01, -2.15215888e-04,  0.00000000e+00, ...,
          6.21605838e-01,  6.75458579e-01,  4.92777673e-01],
        ...,
        [-4.98703397e-01, -6.21437238e-01, -6.21605838e-01, ...,
          0.00000000e+00, -7.07362363e-02,  1.54885959e-01],
        [-5.58766412e-01, -6.75299863e-01, -6.75458579e-01, ...,
          7.07362363e-02,  0.00000000e+00,  2.24380595e-01],
        [-3.58434301e-01, -4.92590390e-01, -4.92777673e-01, ...,
         -1.54885959e-01, -2.24380595e-01,  0.00000000e+00]]]), 'num': array([6.05749811e-01, 5.91411901e-01, 2.63564521e-07, 2.86758199e-03,
       2.88339586e-03, 2.85176812e-03, 5.32198653e-01, 3.16277425e-05,
       2.84755108e-03, 2.80116373e-03, 2.71796519e-03, 3.23465548e-06,
       2.89542407e-03, 2.70690339e-03])}
{'img': array([[[ 0.00000000e+00,  0.00000000e+00, -1.55330504e-01, ...,
          9.87032060e-01,  8.84961097e-01,  9.60923078e-01],
        [ 0.00000000e+00,  0.00000000e+00, -1.55330504e-01, ...,
          9.87032060e-01,  8.84961097e-01,  9.60923078e-01],
        [ 1.55330504e-01,  1.55330504e-01,  0.00000000e+00, ...,
          9.99986173e-01,  9.46551907e-01,  9.92257826e-01],
        ...,
        [-9.87032060e-01, -9.87032060e-01, -9.99986173e-01, ...,
          0.00000000e+00, -3.17569420e-01, -1.18975313e-01],
        [-8.84961097e-01, -8.84961097e-01, -9.46551907e-01, ...,
          3.17569420e-01,  0.00000000e+00,  2.02497232e-01],
        [-9.60923078e-01, -9.60923078e-01, -9.92257826e-01, ...,
          1.18975313e-01, -2.02497232e-01,  0.00000000e+00]],

       [[ 0.00000000e+00,  8.67552858e-03, -1.99125487e-01, ...,
          3.04130686e-01, -1.18378925e-01, -8.25092069e-01],
        [-8.67552858e-03,  0.00000000e+00, -2.07619786e-01, ...,
          2.95854669e-01, -1.26988997e-01, -8.29962677e-01],
        [ 1.99125487e-01,  2.07619786e-01,  0.00000000e+00, ...,
          4.87733142e-01,  8.17170660e-02, -6.96063213e-01],
        ...,
        [-3.04130686e-01, -2.95854669e-01, -4.87733142e-01, ...,
          0.00000000e+00, -4.14763543e-01, -9.57841042e-01],
        [ 1.18378925e-01,  1.26988997e-01, -8.17170660e-02, ...,
          4.14763543e-01,  0.00000000e+00, -7.52406537e-01],
        [ 8.25092069e-01,  8.29962677e-01,  6.96063213e-01, ...,
          9.57841042e-01,  7.52406537e-01,  0.00000000e+00]],

       [[ 0.00000000e+00,  5.47063648e-02, -8.02696573e-02, ...,
          8.72573386e-01,  9.03671086e-01,  9.49573103e-01],
        [-5.47063648e-02,  0.00000000e+00, -1.34679290e-01, ...,
          8.44543564e-01,  8.78891070e-01,  9.30998156e-01],
        [ 8.02696573e-02,  1.34679290e-01,  0.00000000e+00, ...,
          9.08968120e-01,  9.35128761e-01,  9.71677214e-01],
        ...,
        [-8.72573386e-01, -8.44543564e-01, -9.08968120e-01, ...,
          0.00000000e+00,  6.77683124e-02,  1.90258704e-01],
        [-9.03671086e-01, -8.78891070e-01, -9.35128761e-01, ...,
         -6.77683124e-02,  0.00000000e+00,  1.23290860e-01],
        [-9.49573103e-01, -9.30998156e-01, -9.71677214e-01, ...,
         -1.90258704e-01, -1.23290860e-01,  0.00000000e+00]],

       ...,

       [[ 0.00000000e+00, -1.09835504e-01, -2.29080156e-01, ...,
         -7.24403054e-02, -4.71699180e-01, -1.87760320e-01],
        [ 1.09835504e-01,  0.00000000e+00, -1.20779460e-01, ...,
          3.75449135e-02, -3.71996792e-01, -7.87422624e-02],
        [ 2.29080156e-01,  1.20779460e-01,  0.00000000e+00, ...,
          1.57964364e-01, -2.57161937e-01,  4.22386214e-02],
        ...,
        [ 7.24403054e-02, -3.75449135e-02, -1.57964364e-01, ...,
          0.00000000e+00, -4.06584978e-01, -1.16115081e-01],
        [ 4.71699180e-01,  3.71996792e-01,  2.57161937e-01, ...,
          4.06584978e-01,  0.00000000e+00,  2.97750499e-01],
        [ 1.87760320e-01,  7.87422624e-02, -4.22386214e-02, ...,
          1.16115081e-01, -2.97750499e-01,  0.00000000e+00]],

       [[ 0.00000000e+00,  6.76861268e-02,  1.00031360e-01, ...,
          9.70479412e-01,  9.76582754e-01,  9.87454358e-01],
        [-6.76861268e-02,  0.00000000e+00,  3.24553219e-02, ...,
          9.51928968e-01,  9.59780986e-01,  9.74501836e-01],
        [-1.00031360e-01, -3.24553219e-02,  0.00000000e+00, ...,
          9.41485802e-01,  9.50163536e-01,  9.66706147e-01],
        ...,
        [-9.70479412e-01, -9.51928968e-01, -9.41485802e-01, ...,
          0.00000000e+00,  2.67451300e-02,  8.49149174e-02],
        [-9.76582754e-01, -9.59780986e-01, -9.50163536e-01, ...,
         -2.67451300e-02,  0.00000000e+00,  5.82360100e-02],
        [-9.87454358e-01, -9.74501836e-01, -9.66706147e-01, ...,
         -8.49149174e-02, -5.82360100e-02,  0.00000000e+00]],

       [[ 0.00000000e+00,  2.15215888e-04,  6.46767664e-02, ...,
          6.75299863e-01,  4.92590390e-01,  5.91557933e-01],
        [-2.15215888e-04,  0.00000000e+00,  6.44619996e-02, ...,
          6.75458579e-01,  4.92777673e-01,  5.91731440e-01],
        [-6.46767664e-02, -6.44619996e-02,  0.00000000e+00, ...,
          7.21587880e-01,  5.47844723e-01,  6.42465820e-01],
        ...,
        [-6.75299863e-01, -6.75458579e-01, -7.21587880e-01, ...,
          0.00000000e+00,  2.24380595e-01,  1.08169373e-01],
        [-4.92590390e-01, -4.92777673e-01, -5.47844723e-01, ...,
         -2.24380595e-01,  0.00000000e+00, -1.17652812e-01],
        [-5.91557933e-01, -5.91731440e-01, -6.42465820e-01, ...,
         -1.08169373e-01,  1.17652812e-01,  0.00000000e+00]]]), 'num': array([ 5.96733943e-01,  5.88289824e-01,  1.55795553e-07,  2.81470632e-03,
        2.84586543e-03,  2.80431995e-03,  5.45675482e-01, -1.03863702e-05,
        2.81366769e-03,  2.76537107e-03,  2.68145785e-03,  3.01929366e-06,
        2.85701276e-03,  2.67372937e-03])}
{'img': array([[[ 0.        , -0.1553305 ,  0.        , ...,  0.8849611 ,
          0.96092308,  0.93853875],
        [ 0.1553305 ,  0.        ,  0.1553305 , ...,  0.94655191,
          0.99225783,  0.98076332],
        [ 0.        , -0.1553305 ,  0.        , ...,  0.8849611 ,
          0.96092308,  0.93853875],
        ...,
        [-0.8849611 , -0.94655191, -0.8849611 , ...,  0.        ,
          0.20249723,  0.13157914],
        [-0.96092308, -0.99225783, -0.96092308, ..., -0.20249723,
          0.        , -0.07188346],
        [-0.93853875, -0.98076332, -0.93853875, ..., -0.13157914,
          0.07188346,  0.        ]],

       [[ 0.        , -0.20761979, -0.32629901, ..., -0.126989  ,
         -0.82996268, -0.69878791],
        [ 0.20761979,  0.        , -0.12293277, ...,  0.08171707,
         -0.69606321, -0.5350446 ],
        [ 0.32629901,  0.12293277,  0.        , ...,  0.20361888,
         -0.60252024, -0.42712975],
        ...,
        [ 0.126989  , -0.08171707, -0.20361888, ...,  0.        ,
         -0.75240654, -0.60229171],
        [ 0.82996268,  0.69606321,  0.60252024, ...,  0.75240654,
          0.        ,  0.20389918],
        [ 0.69878791,  0.5350446 ,  0.42712975, ...,  0.60229171,
         -0.20389918,  0.        ]],

       [[ 0.        , -0.13467929, -0.15178353, ...,  0.87889107,
          0.93099816,  0.9521643 ],
        [ 0.13467929,  0.        , -0.01728181, ...,  0.93512876,
          0.97167721,  0.98464554],
        [ 0.15178353,  0.01728181,  0.        , ...,  0.94111219,
          0.975616  ,  0.9875153 ],
        ...,
        [-0.87889107, -0.93512876, -0.94111219, ...,  0.        ,
          0.12329086,  0.18562651],
        [-0.93099816, -0.97167721, -0.975616  , ..., -0.12329086,
          0.        ,  0.06306217],
        [-0.9521643 , -0.98464554, -0.9875153 , ..., -0.18562651,
         -0.06306217,  0.        ]],

       ...,

       [[ 0.        , -0.12077946, -0.27919237, ..., -0.37199679,
         -0.07874226, -0.19144326],
        [ 0.12077946,  0.        , -0.16117181, ..., -0.25716194,
          0.04223862, -0.07149629],
        [ 0.27919237,  0.16117181,  0.        , ..., -0.09804856,
          0.20271438,  0.09019778],
        ...,
        [ 0.37199679,  0.25716194,  0.09804856, ...,  0.        ,
          0.2977505 ,  0.18741207],
        [ 0.07874226, -0.04223862, -0.20271438, ..., -0.2977505 ,
          0.        , -0.11356301],
        [ 0.19144326,  0.07149629, -0.09019778, ..., -0.18741207,
          0.11356301,  0.        ]],

       [[ 0.        ,  0.03245532,  0.08917447, ...,  0.95978099,
          0.97450184,  0.98085499],
        [-0.03245532,  0.        ,  0.05680147, ...,  0.95016354,
          0.96670615,  0.97401792],
        [-0.08917447, -0.05680147,  0.        , ...,  0.93092152,
          0.95061052,  0.95958148],
        ...,
        [-0.95978099, -0.95016354, -0.93092152, ...,  0.        ,
          0.05823601,  0.08846753],
        [-0.97450184, -0.96670615, -0.95061052, ..., -0.05823601,
          0.        ,  0.03030972],
        [-0.98085499, -0.97401792, -0.95958148, ..., -0.08846753,
         -0.03030972,  0.        ]],

       [[ 0.        ,  0.0637616 ,  0.08982429, ...,  0.71343919,
          0.72958758,  0.48814278],
        [-0.0637616 ,  0.        ,  0.02613766, ...,  0.75666631,
          0.77170874,  0.5427983 ],
        [-0.08982429, -0.02613766,  0.        , ...,  0.77349663,
          0.78806802,  0.56456491],
        ...,
        [-0.71343919, -0.75666631, -0.77349663, ...,  0.        ,
         -0.02332246,  0.28061388],
        [-0.72958758, -0.77170874, -0.78806802, ...,  0.02332246,
          0.        ,  0.30292293],
        [-0.48814278, -0.5427983 , -0.56456491, ..., -0.28061388,
         -0.30292293,  0.        ]]]), 'num': array([4.71108993e-01, 4.64309193e-01, 1.22962024e-07, 2.26659997e-03,
       2.27069871e-03, 2.24610630e-03, 7.49956040e-01, 4.50860754e-05,
       2.23299035e-03, 2.19056846e-03, 2.12007023e-03, 2.63181876e-06,
       2.26294217e-03, 2.11819475e-03])}
{'img': array([[[ 0.        ,  0.1553305 ,  0.22695679, ...,  0.99225783,
          0.98076332,  0.94651613],
        [-0.1553305 ,  0.        ,  0.07292499, ...,  0.96092308,
          0.93853875,  0.98514624],
        [-0.22695679, -0.07292499,  0.        , ...,  0.93817778,
          0.91086802,  0.99504571],
        ...,
        [-0.99225783, -0.96092308, -0.93817778, ...,  0.        ,
         -0.07188346,  0.43771104],
        [-0.98076332, -0.93853875, -0.91086802, ...,  0.07188346,
          0.        ,  0.50121025],
        [-0.94651613, -0.98514624, -0.99504571, ..., -0.43771104,
         -0.50121025,  0.        ]],

       [[ 0.        , -0.12293277,  0.03439128, ..., -0.69606321,
         -0.5350446 ,  0.17975184],
        [ 0.12293277,  0.        ,  0.15699047, ..., -0.60252024,
         -0.42712975,  0.29931886],
        [-0.03439128, -0.15699047,  0.        , ..., -0.72034372,
         -0.56378267,  0.14581439],
        ...,
        [ 0.69606321,  0.60252024,  0.72034372, ...,  0.        ,
          0.20389918,  0.81378404],
        [ 0.5350446 ,  0.42712975,  0.56378267, ..., -0.20389918,
          0.        ,  0.67818842],
        [-0.17975184, -0.29931886, -0.14581439, ..., -0.81378404,
         -0.67818842,  0.        ]],

       [[ 0.        , -0.01728181,  0.04066961, ...,  0.97167721,
          0.98464554,  0.99902341],
        [ 0.01728181,  0.        ,  0.05793105, ...,  0.975616  ,
          0.9875153 ,  0.99963779],
        [-0.04066961, -0.05793105,  0.        , ...,  0.96126258,
          0.97673138,  0.99639992],
        ...,
        [-0.97167721, -0.975616  , -0.96126258, ...,  0.        ,
          0.06306217,  0.19314873],
        [-0.98464554, -0.9875153 , -0.97673138, ..., -0.06306217,
          0.        ,  0.13088961],
        [-0.99902341, -0.99963779, -0.99639992, ..., -0.19314873,
         -0.13088961,  0.        ]],

       ...,

       [[ 0.        , -0.16117181, -0.26292096, ...,  0.04223862,
         -0.07149629,  0.14444908],
        [ 0.16117181,  0.        , -0.10398226, ...,  0.20271438,
          0.09019778,  0.30204208],
        [ 0.26292096,  0.10398226,  0.        , ...,  0.30343887,
          0.19326725,  0.39953049],
        ...,
        [-0.04223862, -0.20271438, -0.30343887, ...,  0.        ,
         -0.11356301,  0.10252453],
        [ 0.07149629, -0.09019778, -0.19326725, ...,  0.11356301,
          0.        ,  0.21482587],
        [-0.14444908, -0.30204208, -0.39953049, ..., -0.10252453,
         -0.21482587,  0.        ]],

       [[ 0.        ,  0.05680147,  0.11730269, ...,  0.96670615,
          0.97401792,  0.98754329],
        [-0.05680147,  0.        ,  0.06070398, ...,  0.95061052,
          0.95958148,  0.97701133],
        [-0.11730269, -0.06070398,  0.        , ...,  0.93001573,
          0.94072786,  0.96226821],
        ...,
        [-0.96670615, -0.95061052, -0.93001573, ...,  0.        ,
          0.03030972,  0.10059272],
        [-0.97401792, -0.95958148, -0.94072786, ..., -0.03030972,
          0.        ,  0.07039053],
        [-0.98754329, -0.97701133, -0.96226821, ..., -0.10059272,
         -0.07039053,  0.        ]],

       [[ 0.        ,  0.02566442,  0.08137785, ...,  0.86265351,
          0.8011622 ,  0.5345362 ],
        [-0.02566442,  0.        ,  0.05577175, ...,  0.8753503 ,
          0.81625711,  0.5560503 ],
        [-0.08137785, -0.05577175,  0.        , ...,  0.9009529 ,
          0.84720536,  0.60153944],
        ...,
        [-0.86265351, -0.8753503 , -0.9009529 , ...,  0.        ,
          0.11102852,  0.45870188],
        [-0.8011622 , -0.81625711, -0.84720536, ..., -0.11102852,
          0.        ,  0.35720697],
        [-0.5345362 , -0.5560503 , -0.60153944, ..., -0.45870188,
         -0.35720697,  0.        ]]]), 'num': array([ 5.55709551e-01,  5.50419715e-01,  9.67063334e-08,  2.64491822e-03,
        2.68360075e-03,  2.64491822e-03,  6.23033309e-01, -2.90119000e-05,
        2.63428052e-03,  2.58858678e-03,  2.50537904e-03,  2.86171803e-06,
        2.67696997e-03,  2.50020359e-03])}
{'img': array([[[ 0.        ,  0.07292499,  0.04409427, ...,  0.93853875,
          0.98514624,  0.98703206],
        [-0.07292499,  0.        , -0.0288772 , ...,  0.91086802,
          0.99504571,  0.97269786],
        [-0.04409427,  0.0288772 ,  0.        , ...,  0.92240571,
          0.99175982,  0.97899389],
        ...,
        [-0.93853875, -0.91086802, -0.92240571, ...,  0.        ,
          0.50121025,  0.19004042],
        [-0.98514624, -0.99504571, -0.99175982, ..., -0.50121025,
          0.        , -0.3276295 ],
        [-0.98703206, -0.97269786, -0.97899389, ..., -0.19004042,
          0.3276295 ,  0.        ]],

       [[ 0.        ,  0.15699047,  0.12192633, ..., -0.42712975,
          0.29931886, -0.10618621],
        [-0.15699047,  0.        , -0.03540473, ..., -0.56378267,
          0.14581439, -0.2609724 ],
        [-0.12192633,  0.03540473,  0.        , ..., -0.53418762,
          0.1807493 , -0.22663096],
        ...,
        [ 0.42712975,  0.56378267,  0.53418762, ...,  0.        ,
          0.67818842,  0.32870233],
        [-0.29931886, -0.14581439, -0.1807493 , ..., -0.67818842,
          0.        , -0.3989445 ],
        [ 0.10618621,  0.2609724 ,  0.22663096, ..., -0.32870233,
          0.3989445 ,  0.        ]],

       [[ 0.        ,  0.05793105,  0.06791884, ...,  0.9875153 ,
          0.99963779,  0.99963779],
        [-0.05793105,  0.        ,  0.0100075 , ...,  0.97673138,
          0.99639992,  0.99639992],
        [-0.06791884, -0.0100075 ,  0.        , ...,  0.97453619,
          0.99550162,  0.99550162],
        ...,
        [-0.9875153 , -0.97673138, -0.97453619, ...,  0.        ,
          0.13088961,  0.13088961],
        [-0.99963779, -0.99639992, -0.99550162, ..., -0.13088961,
          0.        ,  0.        ],
        [-0.99963779, -0.99639992, -0.99550162, ..., -0.13088961,
          0.        ,  0.        ]],

       ...,

       [[ 0.        , -0.10398226,  0.08374104, ...,  0.09019778,
          0.30204208,  0.1266399 ],
        [ 0.10398226,  0.        ,  0.18690412, ...,  0.19326725,
          0.39953049,  0.22909848],
        [-0.08374104, -0.18690412,  0.        , ...,  0.00648126,
          0.2211513 ,  0.04312827],
        ...,
        [-0.09019778, -0.19326725, -0.00648126, ...,  0.        ,
          0.21482587,  0.03665213],
        [-0.30204208, -0.39953049, -0.2211513 , ..., -0.21482587,
          0.        , -0.17888513],
        [-0.1266399 , -0.22909848, -0.04312827, ..., -0.03665213,
          0.17888513,  0.        ]],

       [[ 0.        ,  0.06070398,  0.10149282, ...,  0.95958148,
          0.97701133,  0.98750597],
        [-0.06070398,  0.        ,  0.04091513, ...,  0.94072786,
          0.96226821,  0.976119  ],
        [-0.10149282, -0.04091513,  0.        , ...,  0.92606325,
          0.95032931,  0.96641336],
        ...,
        [-0.95958148, -0.94072786, -0.92606325, ...,  0.        ,
          0.07039053,  0.12670237],
        [-0.97701133, -0.96226821, -0.95032931, ..., -0.07039053,
          0.        ,  0.05656485],
        [-0.98750597, -0.976119  , -0.96641336, ..., -0.12670237,
         -0.05656485,  0.        ]],

       [[ 0.        ,  0.05562668,  0.12684925, ...,  0.82951345,
          0.66368918,  0.55485654],
        [-0.05562668,  0.        ,  0.07147552, ...,  0.85929582,
          0.70427078,  0.60027581],
        [-0.12684925, -0.07147552,  0.        , ...,  0.89365627,
          0.75321222,  0.65590615],
        ...,
        [-0.82951345, -0.85929582, -0.89365627, ...,  0.        ,
          0.24982148,  0.38023042],
        [-0.66368918, -0.70427078, -0.75321222, ..., -0.24982148,
          0.        ,  0.1371162 ],
        [-0.55485654, -0.60027581, -0.65590615, ..., -0.38023042,
         -0.1371162 ,  0.        ]]]), 'num': array([ 5.14181869e-01,  4.56018004e-01,  1.07511765e-06,  2.42349436e-03,
        2.45037230e-03,  2.41005539e-03,  7.26373314e-01, -2.68779412e-05,
        2.44320485e-03,  2.40311192e-03,  2.32426996e-03,  2.35528351e-06,
        2.47836349e-03,  2.32786036e-03])}
{'img': array([[[ 0.        , -0.0288772 , -0.5268032 , ...,  0.99504571,
          0.97269786,  0.89618174],
        [ 0.0288772 ,  0.        , -0.50203825, ...,  0.99175982,
          0.97899389,  0.90862045],
        [ 0.5268032 ,  0.50203825,  0.        , ...,  0.79340224,
          0.94903874,  0.9954789 ],
        ...,
        [-0.99504571, -0.99175982, -0.79340224, ...,  0.        ,
         -0.3276295 , -0.53058601],
        [-0.97269786, -0.97899389, -0.94903874, ...,  0.3276295 ,
          0.        , -0.22359203],
        [-0.89618174, -0.90862045, -0.9954789 , ...,  0.53058601,
          0.22359203,  0.        ]],

       [[ 0.        , -0.03540473,  0.54964924, ...,  0.14581439,
         -0.2609724 ,  0.00844026],
        [ 0.03540473,  0.        ,  0.57888159, ...,  0.1807493 ,
         -0.22663096,  0.04383844],
        [-0.54964924, -0.57888159,  0.        , ..., -0.42196188,
         -0.74861702, -0.5425787 ],
        ...,
        [-0.14581439, -0.1807493 ,  0.42196188, ...,  0.        ,
         -0.3989445 , -0.13745915],
        [ 0.2609724 ,  0.22663096,  0.74861702, ...,  0.3989445 ,
          0.        ,  0.26911088],
        [-0.00844026, -0.04383844,  0.5425787 , ...,  0.13745915,
         -0.26911088,  0.        ]],

       [[ 0.        ,  0.0100075 , -0.08242731, ...,  0.99639992,
          0.99639992,  0.99844196],
        [-0.0100075 ,  0.        , -0.09239663, ...,  0.99550162,
          0.99550162,  0.99783354],
        [ 0.08242731,  0.09239663,  0.        , ...,  0.99999722,
          0.99999722,  0.9996438 ],
        ...,
        [-0.99639992, -0.99550162, -0.99999722, ...,  0.        ,
          0.        ,  0.02904595],
        [-0.99639992, -0.99550162, -0.99999722, ...,  0.        ,
          0.        ,  0.02904595],
        [-0.99844196, -0.99783354, -0.9996438 , ..., -0.02904595,
         -0.02904595,  0.        ]],

       ...,

       [[ 0.        ,  0.18690412, -0.20012035, ...,  0.39953049,
          0.22909848,  0.        ],
        [-0.18690412,  0.        , -0.37971716, ...,  0.2211513 ,
          0.04312827, -0.18690412],
        [ 0.20012035,  0.37971716,  0.        , ...,  0.57490282,
          0.41926192,  0.20012035],
        ...,
        [-0.39953049, -0.2211513 , -0.57490282, ...,  0.        ,
         -0.17888513, -0.39953049],
        [-0.22909848, -0.04312827, -0.41926192, ...,  0.17888513,
          0.        , -0.22909848],
        [ 0.        ,  0.18690412, -0.20012035, ...,  0.39953049,
          0.22909848,  0.        ]],

       [[ 0.        ,  0.04091513, -0.11318831, ...,  0.96226821,
          0.976119  ,  0.97290673],
        [-0.04091513,  0.        , -0.15374572, ...,  0.95032931,
          0.96641336,  0.96263255],
        [ 0.11318831,  0.15374572,  0.        , ...,  0.98688309,
          0.99443466,  0.9928233 ],
        ...,
        [-0.96226821, -0.95032931, -0.98688309, ...,  0.        ,
          0.05656485,  0.04225613],
        [-0.976119  , -0.96641336, -0.99443466, ..., -0.05656485,
          0.        , -0.01432585],
        [-0.97290673, -0.96263255, -0.9928233 , ..., -0.04225613,
          0.01432585,  0.        ]],

       [[ 0.        ,  0.0697838 ,  0.32716195, ...,  0.87425383,
          0.86334268,  0.58894412],
        [-0.0697838 ,  0.        ,  0.2604209 , ...,  0.9060004 ,
          0.89645214,  0.64390579],
        [-0.32716195, -0.2604209 ,  0.        , ...,  0.98496916,
          0.98092329,  0.82093722],
        ...,
        [-0.87425383, -0.9060004 , -0.98496916, ...,  0.        ,
          0.02203811,  0.42063485],
        [-0.86334268, -0.89645214, -0.98092329, ..., -0.02203811,
          0.        ,  0.40053905],
        [-0.58894412, -0.64390579, -0.82093722, ..., -0.42063485,
         -0.40053905,  0.        ]]]), 'num': array([6.02504827e-01, 5.51299830e-01, 9.44741627e-07, 2.84472201e-03,
       2.85521914e-03, 2.81847919e-03, 5.77055272e-01, 5.24856460e-06,
       2.86046771e-03, 2.81795433e-03, 2.72680426e-03, 2.37435065e-06,
       2.90658517e-03, 2.72932350e-03])}
{'img': array([[[ 0.        , -0.50203825, -0.24783954, ...,  0.97899389,
          0.90862045,  0.92240571],
        [ 0.50203825,  0.        ,  0.27203232, ...,  0.94903874,
          0.9954789 ,  0.99163674],
        [ 0.24783954, -0.27203232,  0.        , ...,  0.99898225,
          0.98377595,  0.98934883],
        ...,
        [-0.97899389, -0.94903874, -0.99898225, ...,  0.        ,
         -0.22359203, -0.19004042],
        [-0.90862045, -0.9954789 , -0.98377595, ...,  0.22359203,
          0.        ,  0.03428822],
        [-0.92240571, -0.99163674, -0.98934883, ...,  0.19004042,
         -0.03428822,  0.        ]],

       [[ 0.        ,  0.57888159,  0.16664544, ..., -0.22663096,
          0.04383844, -0.4482417 ],
        [-0.57888159,  0.        , -0.4349024 , ..., -0.74861702,
         -0.5425787 , -0.88297092],
        [-0.16664544,  0.4349024 ,  0.        , ..., -0.3857714 ,
         -0.12325979, -0.59094031],
        ...,
        [ 0.22663096,  0.74861702,  0.3857714 , ...,  0.        ,
          0.26911088, -0.23399054],
        [-0.04383844,  0.5425787 ,  0.12325979, ..., -0.26911088,
          0.        , -0.4869985 ],
        [ 0.4482417 ,  0.88297092,  0.59094031, ...,  0.23399054,
          0.4869985 ,  0.        ]],

       [[ 0.        , -0.09239663, -0.10300764, ...,  0.99550162,
          0.99783354,  0.99636144],
        [ 0.09239663,  0.        , -0.01066187, ...,  0.99999722,
          0.9996438 ,  0.9999741 ],
        [ 0.10300764,  0.01066187,  0.        , ...,  0.99996552,
          0.99930243,  0.99984054],
        ...,
        [-0.99550162, -0.99999722, -0.99996552, ...,  0.        ,
          0.02904595,  0.00955482],
        [-0.99783354, -0.9996438 , -0.99930243, ..., -0.02904595,
          0.        , -0.01949383],
        [-0.99636144, -0.9999741 , -0.99984054, ..., -0.00955482,
          0.01949383,  0.        ]],

       ...,

       [[ 0.        , -0.37971716, -0.28371912, ...,  0.04312827,
         -0.18690412, -0.43718119],
        [ 0.37971716,  0.        ,  0.10164429, ...,  0.41926192,
          0.20012035, -0.06292995],
        [ 0.28371912, -0.10164429,  0.        , ...,  0.32481115,
          0.09949572, -0.16404685],
        ...,
        [-0.04312827, -0.41926192, -0.32481115, ...,  0.        ,
         -0.22909848, -0.47556283],
        [ 0.18690412, -0.20012035, -0.09949572, ...,  0.22909848,
          0.        , -0.26138066],
        [ 0.43718119,  0.06292995,  0.16404685, ...,  0.47556283,
          0.26138066,  0.        ]],

       [[ 0.        , -0.15374572, -0.25815359, ...,  0.96641336,
          0.96263255,  0.96793606],
        [ 0.15374572,  0.        , -0.10654992, ...,  0.99443466,
          0.9928233 ,  0.99504815],
        [ 0.25815359,  0.10654992,  0.        , ...,  0.99999928,
          0.99991387,  0.99997412],
        ...,
        [-0.96641336, -0.99443466, -0.99999928, ...,  0.        ,
         -0.01432585,  0.0059926 ],
        [-0.96263255, -0.9928233 , -0.99991387, ...,  0.01432585,
          0.        ,  0.02031758],
