state_0,state_1,state_2,state_3,state_4,state_5,state_6,state_7,state_8,state_9,state_10,state_11,state_12,state_13,state_14,state_15,state_16,state_17,state_18,state_19,state_20,state_21,state_22,state_23,state_24,state_25,state_26,state_27,state_28,state_29,state_30,state_31,state_32,state_33,state_34,state_35,state_36,state_37,state_38,state_39,state_40,state_41,state_42,state_43,state_44,state_45,state_46,state_47,state_48,state_49,state_50,state_51,state_52,state_53,state_54,state_55,state_56,state_57,state_58,state_59,state_60,state_61,state_62,state_63,state_64,state_65,state_66,state_67,state_68,state_69,state_70,state_71,state_72,state_73,state_74,state_75,state_76,state_77,state_78,state_79,state_80,state_81,state_82,state_83,state_84,state_85,state_86,state_87,state_88,state_89,state_90,state_91,state_92,state_93,state_94,state_95,state_96,state_97,state_98,state_99,state_100,state_101,state_102,state_103,state_104,state_105,state_106,state_107,state_108,state_109,state_110,state_111,state_112,state_113,state_114,state_115,state_116,state_117,state_118,state_119,state_120,state_121,state_122,state_123,state_124,state_125,state_126,state_127,state_128,state_129,state_130,state_131,state_132,state_133,state_134,state_135,state_136,state_137,state_138,state_139,state_140,state_141,state_142,state_143,state_144,state_145,state_146,state_147,state_148,state_149,state_150,state_151,state_152,state_153,state_154,state_155,state_156,state_157,state_158,state_159,state_160,state_161,state_162,state_163,state_164,state_165,state_166,state_167,state_168,state_169,state_170,state_171,state_172,state_173,state_174,state_175,state_176,state_177,state_178,state_179,state_180,state_181,state_182,state_183,state_184,state_185,state_186,state_187,state_188,state_189,state_190,state_191,state_192,state_193,state_194,state_195,state_196,state_197,state_198,state_199,state_200,state_201,state_202,state_203,state_204,state_205,state_206,state_207,state_208,state_209,state_210,state_211,state_212,state_213,state_214,state_215,state_216,state_217,state_218,state_219,state_220,state_221,state_222,state_223,state_224,state_225,state_226,state_227,state_228,state_229,state_230,state_231,state_232,state_233,state_234,state_235,state_236,state_237,state_238,state_239,state_240,state_241,state_242,state_243,state_244,state_245,state_246,state_247,state_248,state_249,state_250,state_251,state_252,state_253,state_254,state_255,state_256,state_257,state_258,state_259,state_260,state_261,state_262,state_263,state_264,state_265,state_266,state_267,state_268,state_269,state_270,state_271,state_272,state_273,state_274,state_275,state_276,state_277,state_278,state_279,state_280,state_281,state_282,state_283,state_284,state_285,state_286,state_287
{'img': array([[[ 0.        ,  0.13756947,  0.20137424, ..., -0.82894012,
         -0.98707772, -0.97459053],
        [-0.13756947,  0.        ,  0.06470832, ..., -0.8980064 ,
         -0.99973714, -0.99613897],
        [-0.20137424, -0.06470832,  0.        , ..., -0.9245949 ,
         -0.99912548, -0.99973205],
        ...,
        [ 0.82894012,  0.8980064 ,  0.9245949 , ...,  0.        ,
         -0.41927822, -0.35944729],
        [ 0.98707772,  0.99973714,  0.99912548, ...,  0.41927822,
          0.        ,  0.0649289 ],
        [ 0.97459053,  0.99613897,  0.99973205, ...,  0.35944729,
         -0.0649289 ,  0.        ]],

       [[ 0.        ,  0.15700606,  0.31670909, ...,  0.69383999,
          0.52462602,  0.16146146],
        [-0.15700606,  0.        ,  0.16385734, ...,  0.57217009,
          0.38445502,  0.00451297],
        [-0.31670909, -0.16385734,  0.        , ...,  0.43005153,
          0.22799487, -0.15940369],
        ...,
        [-0.69383999, -0.57217009, -0.43005153, ...,  0.        ,
         -0.21289022, -0.56846302],
        [-0.52462602, -0.38445502, -0.22799487, ...,  0.21289022,
          0.        , -0.38028498],
        [-0.16146146, -0.00451297,  0.15940369, ...,  0.56846302,
          0.38028498,  0.        ]],

       [[ 0.        ,  0.00273035,  0.04115606, ..., -0.92908253,
         -0.99632536, -0.96926177],
        [-0.00273035,  0.        ,  0.03842787, ..., -0.93008895,
         -0.9960878 , -0.96858641],
        [-0.04115606, -0.03842787,  0.        , ..., -0.94351784,
         -0.99195623, -0.95831485],
        ...,
        [ 0.92908253,  0.93008895,  0.94351784, ...,  0.        ,
         -0.44808842, -0.58708705],
        [ 0.99632536,  0.9960878 ,  0.99195623, ...,  0.44808842,
          0.        , -0.16211126],
        [ 0.96926177,  0.96858641,  0.95831485, ...,  0.58708705,
          0.16211126,  0.        ]],

       ...,

       [[ 0.        ,  0.92528063,  0.96699799, ...,  0.28919882,
         -0.41466942, -0.15958705],
        [-0.92528063,  0.        ,  0.13101939, ..., -0.77605425,
         -0.99925673, -0.97395079],
        [-0.96699799, -0.13101939,  0.        , ..., -0.85199401,
         -0.98559236, -0.99526503],
        ...,
        [-0.28919882,  0.77605425,  0.85199401, ...,  0.        ,
         -0.66011307, -0.43826016],
        [ 0.41466942,  0.99925673,  0.98559236, ...,  0.66011307,
          0.        ,  0.26413518],
        [ 0.15958705,  0.97395079,  0.99526503, ...,  0.43826016,
         -0.26413518,  0.        ]],

       [[ 0.        , -0.00681484, -0.01196805, ...,  0.98232112,
          0.99737952,  0.99902177],
        [ 0.00681484,  0.        , -0.00515342, ...,  0.98102255,
          0.99686332,  0.99929993],
        [ 0.01196805,  0.00515342,  0.        , ...,  0.98001031,
          0.99644223,  0.99947946],
        ...,
        [-0.98232112, -0.98102255, -0.98001031, ...,  0.        ,
         -0.11564505, -0.23045984],
        [-0.99737952, -0.99686332, -0.99644223, ...,  0.11564505,
          0.        , -0.11638149],
        [-0.99902177, -0.99929993, -0.99947946, ...,  0.23045984,
          0.11638149,  0.        ]],

       [[ 0.        , -0.00705634, -0.00849131, ..., -0.99704652,
         -0.97856027, -0.71454517],
        [ 0.00705634,  0.        , -0.00143501, ..., -0.99647977,
         -0.97998923, -0.71946392],
        [ 0.00849131,  0.00143501,  0.        , ..., -0.99635845,
         -0.98027386, -0.72045984],
        ...,
        [ 0.99704652,  0.99647977,  0.99635845, ...,  0.        ,
         -0.28050574, -0.75240011],
        [ 0.97856027,  0.97998923,  0.98027386, ...,  0.28050574,
          0.        , -0.53742209],
        [ 0.71454517,  0.71946392,  0.72045984, ...,  0.75240011,
          0.53742209,  0.        ]]]), 'num': array([9.37728401e-01, 3.47318648e-01, 2.65950339e-06, 1.49850191e-03,
       1.50525192e-03, 1.45462685e-03, 3.80545910e-03, 4.38750559e-05,
       1.47015187e-03, 1.68243964e-03, 1.79313978e-03, 1.74095244e-07,
       2.01716453e-03, 1.34771475e-03])}
{'img': array([[[ 0.        ,  0.06470832, -0.08827239, ..., -0.99973714,
         -0.99613897, -0.92710008],
        [-0.06470832,  0.        , -0.15254311, ..., -0.99912548,
         -0.99973205, -0.94941066],
        [ 0.08827239,  0.15254311,  0.        , ..., -0.99381073,
         -0.98450095, -0.89039531],
        ...,
        [ 0.99973714,  0.99912548,  0.99381073, ...,  0.        ,
          0.0649289 ,  0.3534598 ],
        [ 0.99613897,  0.99973205,  0.98450095, ..., -0.0649289 ,
          0.        ,  0.29197624],
        [ 0.92710008,  0.94941066,  0.89039531, ..., -0.3534598 ,
         -0.29197624,  0.        ]],

       [[ 0.        ,  0.16385734,  0.0077965 , ...,  0.38445502,
          0.00451297,  0.1459537 ],
        [-0.16385734,  0.        , -0.15616124, ...,  0.22799487,
         -0.15940369, -0.01812167],
        [-0.0077965 ,  0.15616124,  0.        , ...,  0.37724605,
         -0.00328358,  0.13823625],
        ...,
        [-0.38445502, -0.22799487, -0.37724605, ...,  0.        ,
         -0.38028498, -0.24560181],
        [-0.00451297,  0.15940369,  0.00328358, ...,  0.38028498,
          0.        ,  0.14148756],
        [-0.1459537 ,  0.01812167, -0.13823625, ...,  0.24560181,
         -0.14148756,  0.        ]],

       [[ 0.        ,  0.03842787,  0.0411874 , ..., -0.9960878 ,
         -0.96858641, -0.99715596],
        [-0.03842787,  0.        ,  0.00276171, ..., -0.99195623,
         -0.95831485, -0.99931558],
        [-0.0411874 , -0.00276171,  0.        , ..., -0.99160286,
         -0.95752213, -0.99941393],
        ...,
        [ 0.9960878 ,  0.99195623,  0.99160286, ...,  0.        ,
         -0.16211126,  0.16318872],
        [ 0.96858641,  0.95831485,  0.95752213, ...,  0.16211126,
          0.        ,  0.32096827],
        [ 0.99715596,  0.99931558,  0.99941393, ..., -0.16318872,
         -0.32096827,  0.        ]],

       ...,

       [[ 0.        ,  0.13101939, -0.1827588 , ..., -0.99925673,
         -0.97395079, -0.9977279 ],
        [-0.13101939,  0.        , -0.30999611, ..., -0.98559236,
         -0.99526503, -0.99795438],
        [ 0.1827588 ,  0.30999611,  0.        , ..., -0.9894721 ,
         -0.91610501, -0.96861105],
        ...,
        [ 0.99925673,  0.98559236,  0.9894721 , ...,  0.        ,
          0.26413518,  0.10578315],
        [ 0.97395079,  0.99526503,  0.91610501, ..., -0.26413518,
          0.        , -0.16062685],
        [ 0.9977279 ,  0.99795438,  0.96861105, ..., -0.10578315,
          0.16062685,  0.        ]],

       [[ 0.        , -0.00515342, -0.17030135, ...,  0.99686332,
          0.99929993,  0.98041753],
        [ 0.00515342,  0.        , -0.16522095, ...,  0.99644223,
          0.99947946,  0.98141937],
        [ 0.17030135,  0.16522095,  0.        , ...,  0.96882312,
          0.99107348,  0.99963308],
        ...,
        [-0.99686332, -0.99644223, -0.96882312, ...,  0.        ,
         -0.11638149, -0.27390498],
        [-0.99929993, -0.99947946, -0.99107348, ...,  0.11638149,
          0.        , -0.16011299],
        [-0.98041753, -0.98141937, -0.99963308, ...,  0.27390498,
          0.16011299,  0.        ]],

       [[ 0.        , -0.00139308,  0.01133319, ..., -0.99754551,
         -0.9422629 , -0.70464179],
        [ 0.00139308,  0.        ,  0.01272616, ..., -0.99764208,
         -0.94272849, -0.70562958],
        [-0.01133319, -0.01272616,  0.        , ..., -0.99668788,
         -0.93840719, -0.69655492],
        ...,
        [ 0.99754551,  0.99764208,  0.99668788, ...,  0.        ,
         -0.26807376, -0.65848176],
        [ 0.9422629 ,  0.94272849,  0.93840719, ...,  0.26807376,
          0.        , -0.43262883],
        [ 0.70464179,  0.70562958,  0.69655492, ...,  0.65848176,
          0.43262883,  0.        ]]]), 'num': array([ 9.12645494e-01,  4.08128147e-01,  2.29326067e-06,  6.22860922e-03,
        6.37016852e-03,  6.20029736e-03,  1.21001493e-02, -5.66237202e-05,
        6.20595973e-03,  6.98949046e-03,  7.49910394e-03,  5.33411857e-07,
        8.41664061e-03,  5.56234031e-03])}
{'img': array([[[ 0.        , -0.15254311,  0.10730382, ..., -0.99973205,
         -0.94941066, -0.970964  ],
        [ 0.15254311,  0.        ,  0.25771039, ..., -0.98450095,
         -0.89039531, -0.92310841],
        [-0.10730382, -0.25771039,  0.        , ..., -0.99644373,
         -0.97762642, -0.99102775],
        ...,
        [ 0.99973205,  0.98450095,  0.99644373, ...,  0.        ,
          0.29197624,  0.21668574],
        [ 0.94941066,  0.89039531,  0.97762642, ..., -0.29197624,
          0.        , -0.07779551],
        [ 0.970964  ,  0.92310841,  0.99102775, ..., -0.21668574,
          0.07779551,  0.        ]],

       [[ 0.        , -0.15616124,  0.53100962, ..., -0.15940369,
         -0.01812167, -0.21084511],
        [ 0.15616124,  0.        ,  0.65682066, ..., -0.00328358,
          0.13823625, -0.05560772],
        [-0.53100962, -0.65682066,  0.        , ..., -0.6592931 ,
         -0.54627811, -0.69773519],
        ...,
        [ 0.15940369,  0.00328358,  0.6592931 , ...,  0.        ,
          0.14148756, -0.05232892],
        [ 0.01812167, -0.13823625,  0.54627811, ..., -0.14148756,
          0.        , -0.19309621],
        [ 0.21084511,  0.05560772,  0.69773519, ...,  0.05232892,
          0.19309621,  0.        ]],

       [[ 0.        ,  0.00276171,  0.05848242, ..., -0.95831485,
         -0.99931558, -0.99054353],
        [-0.00276171,  0.        ,  0.05572521, ..., -0.95752213,
         -0.99941393, -0.99091866],
        [-0.05848242, -0.05572521,  0.        , ..., -0.93996537,
         -0.99976854, -0.99687187],
        ...,
        [ 0.95831485,  0.95752213,  0.93996537, ...,  0.        ,
          0.32096827,  0.4144921 ],
        [ 0.99931558,  0.99941393,  0.99976854, ..., -0.32096827,
          0.        ,  0.10046319],
        [ 0.99054353,  0.99091866,  0.99687187, ..., -0.4144921 ,
         -0.10046319,  0.        ]],

       ...,

       [[ 0.        , -0.28060944,  0.02609445, ..., -0.92512247,
         -0.95077819, -0.89731346],
        [ 0.28060944,  0.        ,  0.30555992, ..., -0.78141428,
         -0.82562477, -0.98512052],
        [-0.02609445, -0.30555992,  0.        , ..., -0.9347147 ,
         -0.95854038, -0.88548998],
        ...,
        [ 0.92512247,  0.78141428,  0.9347147 , ...,  0.        ,
         -0.07431102, -0.74902533],
        [ 0.95077819,  0.82562477,  0.95854038, ...,  0.07431102,
          0.        , -0.69772024],
        [ 0.89731346,  0.98512052,  0.88548998, ...,  0.74902533,
          0.69772024,  0.        ]],

       [[ 0.        , -0.16522095, -0.17917557, ...,  0.99947946,
          0.98141937,  0.94238957],
        [ 0.16522095,  0.        , -0.01416589, ...,  0.99107348,
          0.99963308,  0.9847072 ],
        [ 0.17917557,  0.01416589,  0.        , ...,  0.98908548,
          0.99991649,  0.98707634],
        ...,
        [-0.99947946, -0.99107348, -0.98908548, ...,  0.        ,
         -0.16011299, -0.30394031],
        [-0.98141937, -0.99963308, -0.99991649, ...,  0.16011299,
          0.        , -0.14748086],
        [-0.94238957, -0.9847072 , -0.98707634, ...,  0.30394031,
          0.14748086,  0.        ]],

       [[ 0.        ,  0.01238564,  0.01504676, ..., -0.98232864,
         -0.93005689, -0.69203785],
        [-0.01238564,  0.        ,  0.00266136, ..., -0.97993514,
         -0.92543488, -0.68304405],
        [-0.01504676, -0.00266136,  0.        , ..., -0.97940121,
         -0.92442319, -0.68109783],
        ...,
        [ 0.98232864,  0.97993514,  0.97940121, ...,  0.        ,
         -0.18684942, -0.57958022],
        [ 0.93005689,  0.92543488,  0.92442319, ...,  0.18684942,
          0.        , -0.41710655],
        [ 0.69203785,  0.68304405,  0.68109783, ...,  0.57958022,
          0.41710655,  0.        ]]]), 'num': array([ 7.58601976e-01,  6.51291632e-01,  4.95659791e-07,  5.11001642e-03,
        5.21622923e-03,  5.07461215e-03,  9.74618208e-03, -8.26099652e-05,
        5.13833984e-03,  5.77325643e-03,  6.23115166e-03,  4.74490227e-07,
        6.99036260e-03,  4.55615026e-03])}
{'img': array([[[ 0.        ,  0.25771039,  0.11385395, ..., -0.89039531,
         -0.92310841, -0.97301692],
        [-0.25771039,  0.        , -0.14602641, ..., -0.97762642,
         -0.99102775, -0.99961305],
        [-0.11385395,  0.14602641,  0.        , ..., -0.93643048,
         -0.96088727, -0.99295983],
        ...,
        [ 0.89039531,  0.97762642,  0.93643048, ...,  0.        ,
         -0.07779551, -0.23746143],
        [ 0.92310841,  0.99102775,  0.96088727, ...,  0.07779551,
          0.        , -0.16117145],
        [ 0.97301692,  0.99961305,  0.99295983, ...,  0.23746143,
          0.16117145,  0.        ]],

       [[ 0.        ,  0.65682066,  0.08811172, ...,  0.13823625,
         -0.05560772, -0.07933997],
        [-0.65682066,  0.        , -0.58782566, ..., -0.54627811,
         -0.69773519, -0.71457616],
        [-0.08811172,  0.58782566,  0.        , ...,  0.05043281,
         -0.14336683, -0.16686534],
        ...,
        [-0.13823625,  0.54627811, -0.05043281, ...,  0.        ,
         -0.19309621, -0.21637872],
        [ 0.05560772,  0.69773519,  0.14336683, ...,  0.19309621,
          0.        , -0.02378478],
        [ 0.07933997,  0.71457616,  0.16686534, ...,  0.21637872,
          0.02378478,  0.        ]],

       [[ 0.        ,  0.05572521,  0.09246463, ..., -0.99941393,
         -0.99091866, -0.99966479],
        [-0.05572521,  0.        ,  0.03683447, ..., -0.99976854,
         -0.99687187, -0.9995542 ],
        [-0.09246463, -0.03683447,  0.        , ..., -0.99829762,
         -0.99910657, -0.99777613],
        ...,
        [ 0.99941393,  0.99976854,  0.99829762, ...,  0.        ,
          0.10046319, -0.008345  ],
        [ 0.99091866,  0.99687187,  0.99910657, ..., -0.10046319,
          0.        , -0.10876247],
        [ 0.99966479,  0.9995542 ,  0.99777613, ...,  0.008345  ,
          0.10876247,  0.        ]],

       ...,

       [[ 0.        ,  0.30555992,  0.10193019, ..., -0.82562477,
         -0.98512052, -0.98882324],
        [-0.30555992,  0.        , -0.20691327, ..., -0.95854038,
         -0.88548998, -0.98708737],
        [-0.10193019,  0.20691327,  0.        , ..., -0.87883556,
         -0.96247135, -0.99887004],
        ...,
        [ 0.82562477,  0.95854038,  0.87883556, ...,  0.        ,
         -0.69772024, -0.43481887],
        [ 0.98512052,  0.88548998,  0.96247135, ...,  0.69772024,
          0.        ,  0.31681825],
        [ 0.98882324,  0.98708737,  0.99887004, ...,  0.43481887,
         -0.31681825,  0.        ]],

       [[ 0.        , -0.01416589, -0.30187223, ...,  0.99963308,
          0.9847072 ,  0.96366541],
        [ 0.01416589,  0.        , -0.28833692, ...,  0.99991649,
          0.98707634,  0.9673526 ],
        [ 0.30187223,  0.28833692,  0.        , ...,  0.96117539,
          0.99136045,  0.99934265],
        ...,
        [-0.99963308, -0.99991649, -0.96117539, ...,  0.        ,
         -0.14748086, -0.24091153],
        [-0.9847072 , -0.98707634, -0.99136045, ...,  0.14748086,
          0.        , -0.09514002],
        [-0.96366541, -0.9673526 , -0.99934265, ...,  0.24091153,
          0.09514002,  0.        ]],

       [[ 0.        ,  0.00258913,  0.06617552, ..., -0.97419978,
         -0.92031484, -0.66933027],
        [-0.00258913,  0.        ,  0.06359184, ..., -0.97361218,
         -0.91929894, -0.66740439],
        [-0.06617552, -0.06359184,  0.        , ..., -0.95712935,
         -0.89241107, -0.618697  ],
        ...,
        [ 0.97419978,  0.97361218,  0.95712935, ...,  0.        ,
         -0.17338252, -0.57273693],
        [ 0.92031484,  0.91929894,  0.89241107, ...,  0.17338252,
          0.        , -0.42193412],
        [ 0.66933027,  0.66740439,  0.618697  , ...,  0.57273693,
          0.42193412,  0.        ]]]), 'num': array([7.09393076e-01, 7.04580588e-01, 2.20756332e-08, 4.81248803e-03,
       4.82352585e-03, 4.71314768e-03, 1.06529941e-02, 3.31134497e-05,
       4.82131828e-03, 5.35002970e-03, 5.81141043e-03, 5.06653876e-07,
       6.49978878e-03, 4.20027062e-03])}
{'img': array([[[ 0.        , -0.14602641, -0.09421992, ..., -0.99102775,
         -0.99961305, -0.99890284],
        [ 0.14602641,  0.        ,  0.05216685, ..., -0.96088727,
         -0.99295983, -0.98135679],
        [ 0.09421992, -0.05216685,  0.        , ..., -0.97402599,
         -0.99778704, -0.99004676],
        ...,
        [ 0.99102775,  0.96088727,  0.97402599, ...,  0.        ,
         -0.16117145, -0.08709917],
        [ 0.99961305,  0.99295983,  0.99778704, ...,  0.16117145,
          0.        ,  0.07459846],
        [ 0.99890284,  0.98135679,  0.99004676, ...,  0.08709917,
         -0.07459846,  0.        ]],

       [[ 0.        , -0.58782566, -0.8569937 , ..., -0.69773519,
         -0.71457616, -0.63506388],
        [ 0.58782566,  0.        , -0.39037493, ..., -0.14336683,
         -0.16686534, -0.05968724],
        [ 0.8569937 ,  0.39037493,  0.        , ...,  0.25435069,
          0.23127619,  0.33472753],
        ...,
        [ 0.69773519,  0.14336683, -0.25435069, ...,  0.        ,
         -0.02378478,  0.08404058],
        [ 0.71457616,  0.16686534, -0.23127619, ...,  0.02378478,
          0.        ,  0.10771744],
        [ 0.63506388,  0.05968724, -0.33472753, ..., -0.08404058,
         -0.10771744,  0.        ]],

       [[ 0.        ,  0.03683447,  0.05400473, ..., -0.99687187,
         -0.9995542 , -0.99969272],
        [-0.03683447,  0.        ,  0.01718736, ..., -0.99910657,
         -0.99777613, -0.99992738],
        [-0.05400473, -0.01718736,  0.        , ..., -0.99968536,
         -0.99648313, -0.99957255],
        ...,
        [ 0.99687187,  0.99910657,  0.99968536, ...,  0.        ,
         -0.10876247, -0.05429926],
        [ 0.9995542 ,  0.99777613,  0.99648313, ...,  0.10876247,
          0.        ,  0.05462487],
        [ 0.99969272,  0.99992738,  0.99957255, ...,  0.05429926,
         -0.05462487,  0.        ]],

       ...,

       [[ 0.        , -0.20691327, -0.06360966, ..., -0.88548998,
         -0.98708737, -0.99456379],
        [ 0.20691327,  0.        ,  0.14426114, ..., -0.96247135,
         -0.99887004, -0.95149503],
        [ 0.06360966, -0.14426114,  0.        , ..., -0.9132535 ,
         -0.99527754, -0.98592604],
        ...,
        [ 0.88548998,  0.96247135,  0.9132535 , ...,  0.        ,
          0.31681825,  0.55433778],
        [ 0.98708737,  0.99887004,  0.99527754, ..., -0.31681825,
          0.        ,  0.26209654],
        [ 0.99456379,  0.95149503,  0.98592604, ..., -0.55433778,
         -0.26209654,  0.        ]],

       [[ 0.        , -0.28833692, -0.65497621, ...,  0.98707634,
          0.9673526 ,  0.92391441],
        [ 0.28833692,  0.        , -0.40927708, ...,  0.99136045,
          0.99934265,  0.99499234],
        [ 0.65497621,  0.40927708,  0.        , ...,  0.85084418,
          0.89697295,  0.94874884],
        ...,
        [-0.98707634, -0.99136045, -0.85084418, ...,  0.        ,
         -0.09514002, -0.22959663],
        [-0.9673526 , -0.99934265, -0.89697295, ...,  0.09514002,
          0.        , -0.13595672],
        [-0.92391441, -0.99499234, -0.94874884, ...,  0.22959663,
          0.13595672,  0.        ]],

       [[ 0.        ,  0.06228002,  0.12399206, ..., -0.96217108,
         -0.89117469, -0.65692801],
        [-0.06228002,  0.        ,  0.06195194, ..., -0.94333529,
         -0.86119069, -0.6086965 ],
        [-0.12399206, -0.06195194,  0.        , ..., -0.92096506,
         -0.82804741, -0.55837441],
        ...,
        [ 0.96217108,  0.94333529,  0.92096506, ...,  0.        ,
         -0.19370185, -0.54645466],
        [ 0.89117469,  0.86119069,  0.82804741, ...,  0.19370185,
          0.        , -0.37388194],
        [ 0.65692801,  0.6086965 ,  0.55837441, ...,  0.54645466,
          0.37388194,  0.        ]]]), 'num': array([7.54075245e-01, 6.56488813e-01, 4.45600147e-07, 5.13612801e-03,
       5.28857017e-03, 5.12440169e-03, 1.22651675e-02, 2.34526393e-05,
       5.13847327e-03, 5.62101133e-03, 6.15279993e-03, 5.83003463e-07,
       6.81944521e-03, 4.42257744e-03])}
{'img': array([[[ 0.        ,  0.05216685,  0.02595684, ..., -0.99295983,
         -0.98135679, -0.97171186],
        [-0.05216685,  0.        , -0.02622778, ..., -0.99778704,
         -0.99004676, -0.98270898],
        [-0.02595684,  0.02622778,  0.        , ..., -0.99569989,
         -0.98601491, -0.97751467],
        ...,
        [ 0.99295983,  0.99778704,  0.99569989, ...,  0.        ,
          0.07459846,  0.11940608],
        [ 0.98135679,  0.99004676,  0.98601491, ..., -0.07459846,
          0.        ,  0.04500862],
        [ 0.97171186,  0.98270898,  0.97751467, ..., -0.11940608,
         -0.04500862,  0.        ]],

       [[ 0.        , -0.39037493, -0.55771578, ..., -0.16686534,
         -0.05968724, -0.00324542],
        [ 0.39037493,  0.        , -0.18944068, ...,  0.23127619,
          0.33472753,  0.38738497],
        [ 0.55771578,  0.18944068,  0.        , ...,  0.41139286,
          0.50717913,  0.55501904],
        ...,
        [ 0.16686534, -0.23127619, -0.41139286, ...,  0.        ,
          0.10771744,  0.16366455],
        [ 0.05968724, -0.33472753, -0.50717913, ..., -0.10771744,
          0.        ,  0.05644729],
        [ 0.00324542, -0.38738497, -0.55501904, ..., -0.16366455,
         -0.05644729,  0.        ]],

       [[ 0.        ,  0.01718736,  0.01431443, ..., -0.99777613,
         -0.99992738, -0.99935759],
        [-0.01718736,  0.        , -0.00287328, ..., -0.99648313,
         -0.99957255, -0.99982594],
        [-0.01431443,  0.00287328,  0.        , ..., -0.99671978,
         -0.99965242, -0.99976821],
        ...,
        [ 0.99777613,  0.99648313,  0.99671978, ...,  0.        ,
          0.05462487,  0.10237048],
        [ 0.99992738,  0.99957255,  0.99965242, ..., -0.05462487,
          0.        ,  0.04787975],
        [ 0.99935759,  0.99982594,  0.99976821, ..., -0.10237048,
         -0.04787975,  0.        ]],

       ...,

       [[ 0.        ,  0.14426114, -0.19946383, ..., -0.99887004,
         -0.95149503, -0.90425651],
        [-0.14426114,  0.        , -0.33873961, ..., -0.99527754,
         -0.98592604, -0.95639568],
        [ 0.19946383,  0.33873961,  0.        , ..., -0.96931839,
         -0.87100705, -0.80091665],
        ...,
        [ 0.99887004,  0.99527754,  0.96931839, ...,  0.        ,
          0.26209654,  0.38353226],
        [ 0.95149503,  0.98592604,  0.87100705, ..., -0.26209654,
          0.        ,  0.12807125],
        [ 0.90425651,  0.95639568,  0.80091665, ..., -0.38353226,
         -0.12807125,  0.        ]],

       [[ 0.        , -0.40927708, -0.34599498, ...,  0.99934265,
          0.99499234,  0.93526765],
        [ 0.40927708,  0.        ,  0.06830931, ...,  0.89697295,
          0.94874884,  0.99820774],
        [ 0.34599498, -0.06830931,  0.        , ...,  0.92507635,
          0.96812061,  0.99996402],
        ...,
        [-0.99934265, -0.89697295, -0.92507635, ...,  0.        ,
         -0.13595672, -0.38761463],
        [-0.99499234, -0.94874884, -0.96812061, ...,  0.13595672,
          0.        , -0.25868771],
        [-0.93526765, -0.99820774, -0.99996402, ...,  0.38761463,
          0.25868771,  0.        ]],

       [[ 0.        ,  0.06120798,  0.06587633, ..., -0.90437991,
         -0.80915801, -0.60280764],
        [-0.06120798,  0.        ,  0.00467779, ..., -0.87656506,
         -0.7716756 , -0.55284037],
        [-0.06587633, -0.00467779,  0.        , ..., -0.87430412,
         -0.768692  , -0.54893638],
        ...,
        [ 0.90437991,  0.87656506,  0.87430412, ...,  0.        ,
         -0.18611505, -0.46435754],
        [ 0.80915801,  0.7716756 ,  0.768692  , ...,  0.18611505,
          0.        , -0.29141188],
        [ 0.60280764,  0.55284037,  0.54893638, ...,  0.46435754,
          0.29141188,  0.        ]]]), 'num': array([ 7.69099604e-01,  6.38882442e-01,  5.98699593e-07,  5.20868646e-03,
        5.29250441e-03,  5.20868646e-03,  8.15553376e-03, -3.59219756e-05,
        5.22545005e-03,  5.68046174e-03,  6.26279688e-03,  6.02120734e-07,
        6.88638956e-03,  4.47453392e-03])}
{'img': array([[[ 0.        , -0.02622778, -0.14079439, ..., -0.99004676,
         -0.98270898, -0.99311639],
        [ 0.02622778,  0.        , -0.11477943, ..., -0.98601491,
         -0.97751467, -0.98970265],
        [ 0.14079439,  0.11477943,  0.        , ..., -0.96036952,
         -0.94685103, -0.96673234],
        ...,
        [ 0.99004676,  0.98601491,  0.96036952, ...,  0.        ,
          0.04500862, -0.02380422],
        [ 0.98270898,  0.97751467,  0.94685103, ..., -0.04500862,
          0.        , -0.06877597],
        [ 0.99311639,  0.98970265,  0.96673234, ...,  0.02380422,
          0.06877597,  0.        ]],

       [[ 0.        , -0.18944068,  0.07733552, ...,  0.33472753,
          0.38738497,  0.09762551],
        [ 0.18944068,  0.        ,  0.26480846, ...,  0.50717913,
          0.55501904,  0.28439348],
        [-0.07733552, -0.26480846,  0.        , ...,  0.26085065,
          0.31492779,  0.02036703],
        ...,
        [-0.33472753, -0.50717913, -0.26085065, ...,  0.        ,
          0.05644729, -0.24113464],
        [-0.38738497, -0.55501904, -0.31492779, ..., -0.05644729,
          0.        , -0.2955318 ],
        [-0.09762551, -0.28439348, -0.02036703, ...,  0.24113464,
          0.2955318 ,  0.        ]],

       [[ 0.        , -0.00287328,  0.0028768 , ..., -0.99957255,
         -0.99982594, -0.99903051],
        [ 0.00287328,  0.        ,  0.00575005, ..., -0.99965242,
         -0.99976821, -0.99915288],
        [-0.0028768 , -0.00575005,  0.        , ..., -0.9994843 ,
         -0.99987548, -0.99889974],
        ...,
        [ 0.99957255,  0.99965242,  0.9994843 , ...,  0.        ,
          0.04787975, -0.01479689],
        [ 0.99982594,  0.99976821,  0.99987548, ..., -0.04787975,
          0.        , -0.06265443],
        [ 0.99903051,  0.99915288,  0.99889974, ...,  0.01479689,
          0.06265443,  0.        ]],

       ...,

       [[ 0.        , -0.33873961, -0.28000993, ..., -0.98592604,
         -0.95639568, -0.95114251],
        [ 0.33873961,  0.        ,  0.06173326, ..., -0.87100705,
         -0.80091665, -0.79032451],
        [ 0.28000993, -0.06173326,  0.        , ..., -0.89967349,
         -0.83635343, -0.82664036],
        ...,
        [ 0.98592604,  0.87100705,  0.89967349, ...,  0.        ,
          0.12807125,  0.14539286],
        [ 0.95639568,  0.80091665,  0.83635343, ..., -0.12807125,
          0.        ,  0.01748518],
        [ 0.95114251,  0.79032451,  0.82664036, ..., -0.14539286,
         -0.01748518,  0.        ]],

       [[ 0.        ,  0.06830931,  0.06633482, ...,  0.94874884,
          0.99820774,  0.98763662],
        [-0.06830931,  0.        , -0.00197899, ...,  0.96812061,
          0.99996402,  0.97462148],
        [-0.06633482,  0.00197899,  0.        , ...,  0.96762301,
          0.99997885,  0.97506258],
        ...,
        [-0.94874884, -0.96812061, -0.96762301, ...,  0.        ,
         -0.25868771, -0.46085034],
        [-0.99820774, -0.99996402, -0.99997885, ...,  0.25868771,
          0.        , -0.21558384],
        [-0.98763662, -0.97462148, -0.97506258, ...,  0.46085034,
          0.21558384,  0.        ]],

       [[ 0.        ,  0.00462221, -0.00423876, ..., -0.83966587,
         -0.76752599, -0.54734508],
        [-0.00462221,  0.        , -0.00886088, ..., -0.83714657,
         -0.76455488, -0.54347088],
        [ 0.00423876,  0.00886088,  0.        , ..., -0.84196042,
         -0.77023622, -0.55088761],
        ...,
        [ 0.83966587,  0.83714657,  0.84196042, ...,  0.        ,
         -0.12139488, -0.40545734],
        [ 0.76752599,  0.76455488,  0.77023622, ...,  0.12139488,
          0.        , -0.29148994],
        [ 0.54734508,  0.54347088,  0.55088761, ...,  0.40545734,
          0.29148994,  0.        ]]]), 'num': array([7.61890802e-01, 6.47482866e-01, 5.21220666e-07, 5.20036074e-03,
       5.22405258e-03, 5.08190149e-03, 6.94735026e-03, 4.73836969e-05,
       5.16719215e-03, 5.55336928e-03, 6.17607003e-03, 6.46141321e-07,
       6.68306558e-03, 4.42367298e-03])}
{'img': array([[[ 0.00000000e+00, -1.14779432e-01, -1.27221425e-01, ...,
         -9.77514667e-01, -9.89702651e-01, -9.72776398e-01],
        [ 1.14779432e-01,  0.00000000e+00, -1.25338453e-02, ...,
         -9.46851030e-01, -9.66732340e-01, -9.39747679e-01],
        [ 1.27221425e-01,  1.25338453e-02,  0.00000000e+00, ...,
         -9.42744861e-01, -9.63450368e-01, -9.35388929e-01],
        ...,
        [ 9.77514667e-01,  9.46851030e-01,  9.42744861e-01, ...,
          0.00000000e+00, -6.87759697e-02,  2.14079756e-02],
        [ 9.89702651e-01,  9.66732340e-01,  9.63450368e-01, ...,
          6.87759697e-02,  0.00000000e+00,  9.01174921e-02],
        [ 9.72776398e-01,  9.39747679e-01,  9.35388929e-01, ...,
         -2.14079756e-02, -9.01174921e-02,  0.00000000e+00]],

       [[ 0.00000000e+00,  2.64808462e-01,  1.73180626e-01, ...,
          5.55019043e-01,  2.84393483e-01,  1.72331555e-01],
        [-2.64808462e-01,  0.00000000e+00, -9.38089718e-02, ...,
          3.14927789e-01,  2.03670320e-02, -9.46671668e-02],
        [-1.73180626e-01,  9.38089718e-02,  0.00000000e+00, ...,
          4.02574587e-01,  1.14066731e-01, -8.62031221e-04],
        ...,
        [-5.55019043e-01, -3.14927789e-01, -4.02574587e-01, ...,
          0.00000000e+00, -2.95531796e-01, -4.03363530e-01],
        [-2.84393483e-01, -2.03670320e-02, -1.14066731e-01, ...,
          2.95531796e-01,  0.00000000e+00, -1.14923093e-01],
        [-1.72331555e-01,  9.46671668e-02,  8.62031221e-04, ...,
          4.03363530e-01,  1.14923093e-01,  0.00000000e+00]],

       [[ 0.00000000e+00,  5.75005152e-03, -4.83229906e-02, ...,
         -9.99768207e-01, -9.99152881e-01, -9.98810183e-01],
        [-5.75005152e-03,  0.00000000e+00, -5.40655258e-02, ...,
         -9.99875476e-01, -9.98899735e-01, -9.98513259e-01],
        [ 4.83229906e-02,  5.40655258e-02,  0.00000000e+00, ...,
         -9.97559855e-01, -9.99974240e-01, -9.99999901e-01],
        ...,
        [ 9.99768207e-01,  9.99875476e-01,  9.97559855e-01, ...,
          0.00000000e+00, -6.26544296e-02, -7.02598654e-02],
        [ 9.99152881e-01,  9.98899735e-01,  9.99974240e-01, ...,
          6.26544296e-02,  0.00000000e+00, -7.62223138e-03],
        [ 9.98810183e-01,  9.98513259e-01,  9.99999901e-01, ...,
          7.02598654e-02,  7.62223138e-03,  0.00000000e+00]],

       ...,

       [[ 0.00000000e+00,  6.17332557e-02,  6.17332557e-02, ...,
         -8.00916653e-01, -7.90324509e-01, -7.09970167e-01],
        [-6.17332557e-02,  0.00000000e+00,  0.00000000e+00, ...,
         -8.36353434e-01, -8.26640365e-01, -7.52090548e-01],
        [-6.17332557e-02,  0.00000000e+00,  0.00000000e+00, ...,
         -8.36353434e-01, -8.26640365e-01, -7.52090548e-01],
        ...,
        [ 8.00916653e-01,  8.36353434e-01,  8.36353434e-01, ...,
          0.00000000e+00,  1.74851772e-02,  1.38917951e-01],
        [ 7.90324509e-01,  8.26640365e-01,  8.26640365e-01, ...,
         -1.74851772e-02,  0.00000000e+00,  1.21581075e-01],
        [ 7.09970167e-01,  7.52090548e-01,  7.52090548e-01, ...,
         -1.38917951e-01, -1.21581075e-01,  0.00000000e+00]],

       [[ 0.00000000e+00, -1.97898712e-03,  5.09928773e-03, ...,
          9.99964022e-01,  9.74621477e-01,  8.25066633e-01],
        [ 1.97898712e-03,  0.00000000e+00,  7.07823913e-03, ...,
          9.99978851e-01,  9.75062584e-01,  8.26183215e-01],
        [-5.09928773e-03, -7.07823913e-03,  0.00000000e+00, ...,
          9.99907765e-01,  9.73467283e-01,  8.22174627e-01],
        ...,
        [-9.99964022e-01, -9.99978851e-01, -9.99907765e-01, ...,
          0.00000000e+00, -2.15583842e-01, -5.58016356e-01],
        [-9.74621477e-01, -9.75062584e-01, -9.73467283e-01, ...,
          2.15583842e-01,  0.00000000e+00, -3.65996859e-01],
        [-8.25066633e-01, -8.26183215e-01, -8.22174627e-01, ...,
          5.58016356e-01,  3.65996859e-01,  0.00000000e+00]],

       [[ 0.00000000e+00, -8.85322218e-03, -1.67388507e-02, ...,
         -7.70967536e-01, -6.08216899e-01, -5.43076879e-01],
        [ 8.85322218e-03,  0.00000000e+00, -7.88621294e-03, ...,
         -7.76575712e-01, -6.15220492e-01, -5.50489495e-01],
        [ 1.67388507e-02,  7.88621294e-03,  0.00000000e+00, ...,
         -7.81520066e-01, -6.21418497e-01, -5.57056119e-01],
        ...,
        [ 7.70967536e-01,  7.76575712e-01,  7.81520066e-01, ...,
          0.00000000e+00, -2.24613777e-01, -3.01496530e-01],
        [ 6.08216899e-01,  6.15220492e-01,  6.21418497e-01, ...,
          2.24613777e-01,  0.00000000e+00, -7.96307668e-02],
        [ 5.43076879e-01,  5.50489495e-01,  5.57056119e-01, ...,
          3.01496530e-01,  7.96307668e-02,  0.00000000e+00]]]), 'num': array([ 7.23875691e-01,  6.89734168e-01,  1.57697566e-07,  4.87736044e-03,
        4.95620922e-03,  4.84356810e-03,  7.58162589e-03, -6.75846712e-05,
        4.91340560e-03,  5.20401968e-03,  5.85320800e-03,  6.80097320e-07,
        6.15701946e-03,  4.25101990e-03])}
{'img': array([[[ 0.00000000e+00, -1.25338453e-02, -6.22517041e-02, ...,
         -9.66732340e-01, -9.39747679e-01, -9.78486424e-01],
        [ 1.25338453e-02,  0.00000000e+00, -4.97372784e-02, ...,
         -9.63450368e-01, -9.35388929e-01, -9.75823689e-01],
        [ 6.22517041e-02,  4.97372784e-02,  0.00000000e+00, ...,
         -9.48933974e-01, -9.16643103e-01, -9.63745406e-01],
        ...,
        [ 9.66732340e-01,  9.63450368e-01,  9.48933974e-01, ...,
          0.00000000e+00,  9.01174921e-02, -5.08394279e-02],
        [ 9.39747679e-01,  9.35388929e-01,  9.16643103e-01, ...,
         -9.01174921e-02,  0.00000000e+00, -1.40633525e-01],
        [ 9.78486424e-01,  9.75823689e-01,  9.63745406e-01, ...,
          5.08394279e-02,  1.40633525e-01,  0.00000000e+00]],

       [[ 0.00000000e+00, -9.38089718e-02,  4.44151776e-03, ...,
          2.03670320e-02, -9.46671668e-02,  1.17232432e-02],
        [ 9.38089718e-02,  0.00000000e+00,  9.82299781e-02, ...,
          1.14066731e-01, -8.62031221e-04,  1.05474072e-01],
        [-4.44151776e-03, -9.82299781e-02,  0.00000000e+00, ...,
          1.59262346e-02, -9.90878039e-02,  7.28191507e-03],
        ...,
        [-2.03670320e-02, -1.14066731e-01, -1.59262346e-02, ...,
          0.00000000e+00, -1.14923093e-01, -8.64482085e-03],
        [ 9.46671668e-02,  8.62031221e-04,  9.90878039e-02, ...,
          1.14923093e-01,  0.00000000e+00,  1.06331255e-01],
        [-1.17232432e-02, -1.05474072e-01, -7.28191507e-03, ...,
          8.64482085e-03, -1.06331255e-01,  0.00000000e+00]],

       [[ 0.00000000e+00, -5.40655258e-02, -8.75873451e-02, ...,
         -9.98899735e-01, -9.98513259e-01, -9.98513259e-01],
        [ 5.40655258e-02,  0.00000000e+00, -3.36014954e-02, ...,
         -9.99974240e-01, -9.99999901e-01, -9.99999901e-01],
        [ 8.75873451e-02,  3.36014954e-02,  0.00000000e+00, ...,
         -9.99168382e-01, -9.99450148e-01, -9.99450148e-01],
        ...,
        [ 9.98899735e-01,  9.99974240e-01,  9.99168382e-01, ...,
          0.00000000e+00, -7.62223138e-03, -7.62223138e-03],
        [ 9.98513259e-01,  9.99999901e-01,  9.99450148e-01, ...,
          7.62223138e-03,  0.00000000e+00,  0.00000000e+00],
        [ 9.98513259e-01,  9.99999901e-01,  9.99450148e-01, ...,
          7.62223138e-03,  0.00000000e+00,  0.00000000e+00]],

       ...,

       [[ 0.00000000e+00,  0.00000000e+00, -6.17332557e-02, ...,
         -8.26640365e-01, -7.52090548e-01, -6.46228212e-01],
        [ 0.00000000e+00,  0.00000000e+00, -6.17332557e-02, ...,
         -8.26640365e-01, -7.52090548e-01, -6.46228212e-01],
        [ 6.17332557e-02,  6.17332557e-02,  0.00000000e+00, ...,
         -7.90324509e-01, -7.09970167e-01, -5.97884273e-01],
        ...,
        [ 8.26640365e-01,  8.26640365e-01,  7.90324509e-01, ...,
          0.00000000e+00,  1.21581075e-01,  2.67193437e-01],
        [ 7.52090548e-01,  7.52090548e-01,  7.09970167e-01, ...,
         -1.21581075e-01,  0.00000000e+00,  1.48050523e-01],
        [ 6.46228212e-01,  6.46228212e-01,  5.97884273e-01, ...,
         -2.67193437e-01, -1.48050523e-01,  0.00000000e+00]],

       [[ 0.00000000e+00,  7.07823913e-03, -2.33170438e-02, ...,
          9.75062584e-01,  8.26183215e-01,  9.17868791e-02],
        [-7.07823913e-03,  0.00000000e+00, -3.03927744e-02, ...,
          9.73467283e-01,  8.22174627e-01,  8.47362202e-02],
        [ 2.33170438e-02,  3.03927744e-02,  0.00000000e+00, ...,
          9.79972238e-01,  8.39095451e-01,  1.14980539e-01],
        ...,
        [-9.75062584e-01, -9.73467283e-01, -9.79972238e-01, ...,
          0.00000000e+00, -3.65996859e-01, -9.50576258e-01],
        [-8.26183215e-01, -8.22174627e-01, -8.39095451e-01, ...,
          3.65996859e-01,  0.00000000e+00, -7.70982758e-01],
        [-9.17868791e-02, -8.47362202e-02, -1.14980539e-01, ...,
          9.50576258e-01,  7.70982758e-01,  0.00000000e+00]],

       [[ 0.00000000e+00, -7.88621294e-03, -3.43645847e-02, ...,
