state_0,state_1,state_2,state_3,state_4,state_5,state_6,state_7,state_8,state_9,state_10,state_11,state_12,state_13,state_14,state_15,state_16,state_17,state_18,state_19,state_20,state_21,state_22,state_23,state_24,state_25,state_26,state_27,state_28,state_29,state_30,state_31,state_32,state_33,state_34,state_35,state_36,state_37,state_38,state_39,state_40,state_41,state_42,state_43,state_44,state_45,state_46,state_47,state_48,state_49,state_50,state_51,state_52,state_53,state_54,state_55,state_56,state_57,state_58,state_59,state_60,state_61,state_62,state_63,state_64,state_65,state_66,state_67,state_68,state_69,state_70,state_71,state_72,state_73,state_74,state_75,state_76,state_77,state_78,state_79,state_80,state_81,state_82,state_83,state_84,state_85,state_86,state_87,state_88,state_89,state_90,state_91,state_92,state_93,state_94,state_95,state_96,state_97,state_98,state_99,state_100,state_101,state_102,state_103,state_104,state_105,state_106,state_107,state_108,state_109,state_110,state_111,state_112,state_113,state_114,state_115,state_116,state_117,state_118,state_119,state_120,state_121,state_122,state_123,state_124,state_125,state_126,state_127,state_128,state_129,state_130,state_131,state_132,state_133,state_134,state_135,state_136,state_137,state_138,state_139,state_140,state_141,state_142,state_143,state_144,state_145,state_146,state_147,state_148,state_149,state_150,state_151,state_152,state_153,state_154,state_155,state_156,state_157,state_158,state_159,state_160,state_161,state_162,state_163,state_164,state_165,state_166,state_167,state_168,state_169,state_170,state_171,state_172,state_173,state_174,state_175,state_176,state_177,state_178,state_179,state_180,state_181,state_182,state_183,state_184,state_185,state_186,state_187,state_188,state_189,state_190,state_191,state_192,state_193,state_194,state_195,state_196,state_197,state_198,state_199,state_200,state_201,state_202,state_203,state_204,state_205,state_206,state_207,state_208,state_209,state_210,state_211,state_212,state_213,state_214,state_215,state_216,state_217,state_218,state_219,state_220,state_221,state_222,state_223,state_224,state_225,state_226,state_227,state_228,state_229,state_230,state_231,state_232,state_233,state_234,state_235,state_236,state_237,state_238,state_239,state_240,state_241,state_242,state_243,state_244,state_245,state_246,state_247,state_248,state_249,state_250,state_251,state_252,state_253,state_254,state_255,state_256,state_257,state_258,state_259,state_260,state_261,state_262,state_263,state_264,state_265,state_266,state_267,state_268,state_269,state_270,state_271,state_272,state_273,state_274,state_275,state_276,state_277,state_278,state_279,state_280,state_281,state_282,state_283,state_284,state_285,state_286,state_287
{'img': array([[[ 0.        , -0.07804868, -0.28853721, ...,  0.75304883,
          0.62735932,  0.857736  ],
        [ 0.07804868,  0.        , -0.21292788, ...,  0.80210496,
          0.68622443,  0.89524359],
        [ 0.28853721,  0.21292788,  0.        , ...,  0.91086795,
          0.82536946,  0.96958957],
        ...,
        [-0.75304883, -0.80210496, -0.91086795, ...,  0.        ,
         -0.17364142,  0.17722476],
        [-0.62735932, -0.68622443, -0.82536946, ...,  0.17364142,
          0.        ,  0.34542527],
        [-0.857736  , -0.89524359, -0.96958957, ..., -0.17722476,
         -0.34542527,  0.        ]],

       [[ 0.        , -0.15809959, -0.31866661, ..., -0.13926035,
         -0.10828383, -0.3356106 ],
        [ 0.15809959,  0.        , -0.16480143, ...,  0.01905014,
          0.050248  , -0.18245975],
        [ 0.31866661,  0.16480143,  0.        , ...,  0.18356118,
          0.2141542 , -0.01792997],
        ...,
        [ 0.13926035, -0.01905014, -0.18356118, ...,  0.        ,
          0.03121281, -0.20115698],
        [ 0.10828383, -0.050248  , -0.2141542 , ..., -0.03121281,
          0.        , -0.23163376],
        [ 0.3356106 ,  0.18245975,  0.01792997, ...,  0.20115698,
          0.23163376,  0.        ]],

       [[ 0.        ,  0.21616067,  0.29683775, ...,  0.78587712,
          0.94071275,  0.97456148],
        [-0.21616067,  0.        ,  0.083402  , ...,  0.90096727,
          0.99179485,  0.99996671],
        [-0.29683775, -0.083402  ,  0.        , ...,  0.93401534,
          0.9990015 ,  0.99716335],
        ...,
        [-0.78587712, -0.90096727, -0.93401534, ...,  0.        ,
         -0.31514764, -0.42652091],
        [-0.94071275, -0.99179485, -0.9990015 , ...,  0.31514764,
          0.        , -0.11974252],
        [-0.97456148, -0.99996671, -0.99716335, ...,  0.42652091,
          0.11974252,  0.        ]],

       ...,

       [[ 0.        , -0.1579138 ,  0.03268663, ...,  0.90144256,
          0.61755818,  0.96124391],
        [ 0.1579138 ,  0.        ,  0.19010592, ...,  0.95849276,
          0.7340128 ,  0.99271982],
        [-0.03268663, -0.19010592,  0.        , ...,  0.88681088,
          0.59151933,  0.95171858],
        ...,
        [-0.90144256, -0.95849276, -0.88681088, ...,  0.        ,
         -0.44166714,  0.16759411],
        [-0.61755818, -0.7340128 , -0.59151933, ...,  0.44166714,
          0.        ,  0.58578215],
        [-0.96124391, -0.99271982, -0.95171858, ..., -0.16759411,
         -0.58578215,  0.        ]],

       [[ 0.        ,  0.00745585, -0.0067219 , ...,  0.93563845,
          0.93734055,  0.95342351],
        [-0.00745585,  0.        , -0.01417739, ...,  0.93298083,
          0.93471677,  0.95114807],
        [ 0.0067219 ,  0.01417739,  0.        , ...,  0.93798987,
          0.93966138,  0.95542953],
        ...,
        [-0.93563845, -0.93298083, -0.93798987, ...,  0.        ,
          0.00485358,  0.05429908],
        [-0.93734055, -0.93471677, -0.93966138, ..., -0.00485358,
          0.        ,  0.04945202],
        [-0.95342351, -0.95114807, -0.95542953, ..., -0.05429908,
         -0.04945202,  0.        ]],

       [[ 0.        ,  0.03650769,  0.00800568, ...,  0.95955499,
          0.96442258,  0.9680986 ],
        [-0.03650769,  0.        , -0.02850618, ...,  0.94863763,
          0.9541283 ,  0.95830552],
        [-0.00800568,  0.02850618,  0.        , ...,  0.95727047,
          0.96227525,  0.96606159],
        ...,
        [-0.95955499, -0.94863763, -0.95727047, ...,  0.        ,
          0.01783228,  0.03210506],
        [-0.96442258, -0.9541283 , -0.96227525, ..., -0.01783228,
          0.        ,  0.01427687],
        [-0.9680986 , -0.95830552, -0.96606159, ..., -0.03210506,
         -0.01427687,  0.        ]]]), 'num': array([9.99390288e-01, 3.46644249e-02, 1.15674561e-05, 2.50513072e-04,
       2.51113822e-04, 2.47208942e-04, 4.11601087e-03, 6.00750771e-07,
       2.48590669e-04, 2.45586915e-04, 2.40825966e-04, 1.86148126e-07,
       2.59148989e-04, 2.32024842e-04])}
{'img': array([[[ 0.00000000e+00, -2.12927877e-01,  0.00000000e+00, ...,
          6.86224429e-01,  8.95243593e-01,  9.13965783e-01],
        [ 2.12927877e-01,  0.00000000e+00,  2.12927877e-01, ...,
          8.25369458e-01,  9.69589571e-01,  9.79410918e-01],
        [ 0.00000000e+00, -2.12927877e-01,  0.00000000e+00, ...,
          6.86224429e-01,  8.95243593e-01,  9.13965783e-01],
        ...,
        [-6.86224429e-01, -8.25369458e-01, -6.86224429e-01, ...,
          0.00000000e+00,  3.45425268e-01,  3.86345582e-01],
        [-8.95243593e-01, -9.69589571e-01, -8.95243593e-01, ...,
         -3.45425268e-01,  0.00000000e+00,  4.39601534e-02],
        [-9.13965783e-01, -9.79410918e-01, -9.13965783e-01, ...,
         -3.86345582e-01, -4.39601534e-02,  0.00000000e+00]],

       [[ 0.00000000e+00, -1.64801429e-01, -1.19139131e-01, ...,
          5.02480026e-02, -1.82459746e-01, -2.91184772e-01],
        [ 1.64801429e-01,  0.00000000e+00,  4.61175286e-02, ...,
          2.14154197e-01, -1.79299696e-02, -1.29543273e-01],
        [ 1.19139131e-01, -4.61175286e-02,  0.00000000e+00, ...,
          1.68878746e-01, -6.40210075e-02, -1.75134373e-01],
        ...,
        [-5.02480026e-02, -2.14154197e-01, -1.68878746e-01, ...,
          0.00000000e+00, -2.31633763e-01, -3.38887536e-01],
        [ 1.82459746e-01,  1.79299696e-02,  6.40210075e-02, ...,
          2.31633763e-01,  0.00000000e+00, -1.11743561e-01],
        [ 2.91184772e-01,  1.29543273e-01,  1.75134373e-01, ...,
          3.38887536e-01,  1.11743561e-01,  0.00000000e+00]],

       [[ 0.00000000e+00,  8.34019994e-02,  1.65886142e-01, ...,
          9.91794855e-01,  9.99966708e-01,  9.99997256e-01],
        [-8.34019994e-02,  0.00000000e+00,  8.30617344e-02, ...,
          9.99001505e-01,  9.97163351e-01,  9.96708628e-01],
        [-1.65886142e-01, -8.30617344e-02,  0.00000000e+00, ...,
          9.99260270e-01,  9.87465677e-01,  9.86530812e-01],
        ...,
        [-9.91794855e-01, -9.99001505e-01, -9.99260270e-01, ...,
          0.00000000e+00, -1.19742525e-01, -1.25515879e-01],
        [-9.99966708e-01, -9.97163351e-01, -9.87465677e-01, ...,
          1.19742525e-01,  0.00000000e+00, -5.81723539e-03],
        [-9.99997256e-01, -9.96708628e-01, -9.86530812e-01, ...,
          1.25515879e-01,  5.81723539e-03,  0.00000000e+00]],

       ...,

       [[ 0.00000000e+00,  1.90105923e-01,  8.94295743e-02, ...,
          7.34012798e-01,  9.92719823e-01,  8.95348505e-01],
        [-1.90105923e-01,  0.00000000e+00, -1.01545497e-01, ...,
          5.91519330e-01,  9.51718584e-01,  7.94353806e-01],
        [-8.94295743e-02,  1.01545497e-01,  0.00000000e+00, ...,
          6.70336906e-01,  9.77970664e-01,  8.51932067e-01],
        ...,
        [-7.34012798e-01, -5.91519330e-01, -6.70336906e-01, ...,
          0.00000000e+00,  5.85782153e-01,  2.81158585e-01],
        [-9.92719823e-01, -9.51718584e-01, -9.77970664e-01, ...,
         -5.85782153e-01,  0.00000000e+00, -3.34282284e-01],
        [-8.95348505e-01, -7.94353806e-01, -8.51932067e-01, ...,
         -2.81158585e-01,  3.34282284e-01,  0.00000000e+00]],

       [[ 0.00000000e+00, -1.41773940e-02, -6.22746915e-02, ...,
          9.34716767e-01,  9.51148068e-01,  9.61587473e-01],
        [ 1.41773940e-02,  0.00000000e+00, -4.81185563e-02, ...,
          9.39661378e-01,  9.55429533e-01,  9.65382505e-01],
        [ 6.22746915e-02,  4.81185563e-02,  0.00000000e+00, ...,
          9.55034549e-01,  9.68528317e-01,  9.76815399e-01],
        ...,
        [-9.34716767e-01, -9.39661378e-01, -9.55034549e-01, ...,
          0.00000000e+00,  4.94520161e-02,  8.51634438e-02],
        [-9.51148068e-01, -9.55429533e-01, -9.68528317e-01, ...,
         -4.94520161e-02,  0.00000000e+00,  3.57868897e-02],
        [-9.61587473e-01, -9.65382505e-01, -9.76815399e-01, ...,
         -8.51634438e-02, -3.57868897e-02,  0.00000000e+00]],

       [[ 0.00000000e+00, -2.85061825e-02, -2.56852549e-02, ...,
          9.54128295e-01,  9.58305518e-01,  9.58153270e-01],
        [ 2.85061825e-02,  0.00000000e+00,  2.82196093e-03, ...,
          9.62275249e-01,  9.66061594e-01,  9.65923949e-01],
        [ 2.56852549e-02, -2.82196093e-03,  0.00000000e+00, ...,
          9.61503624e-01,  9.65328801e-01,  9.65189706e-01],
        ...,
        [-9.54128295e-01, -9.62275249e-01, -9.61503624e-01, ...,
          0.00000000e+00,  1.42768706e-02,  1.37445894e-02],
        [-9.58305518e-01, -9.66061594e-01, -9.65328801e-01, ...,
         -1.42768706e-02,  0.00000000e+00, -5.32333373e-04],
        [-9.58153270e-01, -9.65923949e-01, -9.65189706e-01, ...,
         -1.37445894e-02,  5.32333373e-04,  0.00000000e+00]]]), 'num': array([7.07053006e-01, 7.07053006e-01, 0.00000000e+00, 6.70093417e-04,
       6.73307294e-04, 6.66076070e-04, 1.21897304e-02, 0.00000000e+00,
       6.64629825e-04, 6.57880683e-04, 6.45118912e-04, 4.19510532e-07,
       6.94480805e-04, 6.21280561e-04])}
{'img': array([[[ 0.00000000e+00,  2.12927877e-01,  1.17794401e-01, ...,
          9.69589571e-01,  9.79410918e-01,  9.79410918e-01],
        [-2.12927877e-01,  0.00000000e+00, -9.63523440e-02, ...,
          8.95243593e-01,  9.13965783e-01,  9.13965783e-01],
        [-1.17794401e-01,  9.63523440e-02,  0.00000000e+00, ...,
          9.34010677e-01,  9.48812304e-01,  9.48812304e-01],
        ...,
        [-9.69589571e-01, -8.95243593e-01, -9.34010677e-01, ...,
          0.00000000e+00,  4.39601534e-02,  4.39601534e-02],
        [-9.79410918e-01, -9.13965783e-01, -9.48812304e-01, ...,
         -4.39601534e-02,  0.00000000e+00,  0.00000000e+00],
        [-9.79410918e-01, -9.13965783e-01, -9.48812304e-01, ...,
         -4.39601534e-02,  0.00000000e+00,  0.00000000e+00]],

       [[ 0.00000000e+00,  4.61175286e-02,  1.25060048e-01, ...,
         -1.79299696e-02, -1.29543273e-01, -3.76922461e-02],
        [-4.61175286e-02,  0.00000000e+00,  7.91715189e-02, ...,
         -6.40210075e-02, -1.75134373e-01, -8.37368995e-02],
        [-1.25060048e-01, -7.91715189e-02,  0.00000000e+00, ...,
         -1.42829149e-01, -2.52532515e-01, -1.62367511e-01],
        ...,
        [ 1.79299696e-02,  6.40210075e-02,  1.42829149e-01, ...,
          0.00000000e+00, -1.11743561e-01, -1.97689583e-02],
        [ 1.29543273e-01,  1.75134373e-01,  2.52532515e-01, ...,
          1.11743561e-01,  0.00000000e+00,  9.20765764e-02],
        [ 3.76922461e-02,  8.37368995e-02,  1.62367511e-01, ...,
          1.97689583e-02, -9.20765764e-02,  0.00000000e+00]],

       [[ 0.00000000e+00,  8.30617344e-02,  1.37343819e-01, ...,
          9.97163351e-01,  9.96708628e-01,  9.95709225e-01],
        [-8.30617344e-02,  0.00000000e+00,  5.45946196e-02, ...,
          9.87465677e-01,  9.86530812e-01,  9.84582152e-01],
        [-1.37343819e-01, -5.45946196e-02,  0.00000000e+00, ...,
          9.77376091e-01,  9.76129157e-01,  9.73563904e-01],
        ...,
        [-9.97163351e-01, -9.87465677e-01, -9.77376091e-01, ...,
          0.00000000e+00, -5.81723539e-03, -1.73298295e-02],
        [-9.96708628e-01, -9.86530812e-01, -9.76129157e-01, ...,
          5.81723539e-03,  0.00000000e+00, -1.15131745e-02],
        [-9.95709225e-01, -9.84582152e-01, -9.73563904e-01, ...,
          1.73298295e-02,  1.15131745e-02,  0.00000000e+00]],

       ...,

       [[ 0.00000000e+00, -1.01545497e-01,  9.63259040e-02, ...,
          9.51718584e-01,  7.94353806e-01,  3.73281457e-01],
        [ 1.01545497e-01,  0.00000000e+00,  1.96901280e-01, ...,
          9.77970664e-01,  8.51932067e-01,  4.65557526e-01],
        [-9.63259040e-02, -1.96901280e-01,  0.00000000e+00, ...,
          9.17723604e-01,  7.32146252e-01,  2.82182352e-01],
        ...,
        [-9.51718584e-01, -9.77970664e-01, -9.17723604e-01, ...,
          0.00000000e+00, -3.34282284e-01, -7.68339686e-01],
        [-7.94353806e-01, -8.51932067e-01, -7.32146252e-01, ...,
          3.34282284e-01,  0.00000000e+00, -5.10184612e-01],
        [-3.73281457e-01, -4.65557526e-01, -2.82182352e-01, ...,
          7.68339686e-01,  5.10184612e-01,  0.00000000e+00]],

       [[ 0.00000000e+00, -4.81185563e-02, -1.24149561e-01, ...,
          9.55429533e-01,  9.65382505e-01,  9.79322319e-01],
        [ 4.81185563e-02,  0.00000000e+00, -7.62594619e-02, ...,
          9.68528317e-01,  9.76815399e-01,  9.87922585e-01],
        [ 1.24149561e-01,  7.62594619e-02,  0.00000000e+00, ...,
          9.84689209e-01,  9.90296800e-01,  9.96862033e-01],
        ...,
        [-9.55429533e-01, -9.68528317e-01, -9.84689209e-01, ...,
          0.00000000e+00,  3.57868897e-02,  9.58254932e-02],
        [-9.65382505e-01, -9.76815399e-01, -9.90296800e-01, ...,
         -3.57868897e-02,  0.00000000e+00,  6.01419078e-02],
        [-9.79322319e-01, -9.87922585e-01, -9.96862033e-01, ...,
         -9.58254932e-02, -6.01419078e-02,  0.00000000e+00]],

       [[ 0.00000000e+00,  2.82196093e-03,  9.40816628e-03, ...,
          9.66061594e-01,  9.65923949e-01,  9.71505494e-01],
        [-2.82196093e-03,  0.00000000e+00,  6.58629279e-03, ...,
          9.65328801e-01,  9.65189706e-01,  9.70832773e-01],
        [-9.40816628e-03, -6.58629279e-03,  0.00000000e+00, ...,
          9.63588597e-01,  9.63446121e-01,  9.69232601e-01],
        ...,
        [-9.66061594e-01, -9.65328801e-01, -9.63588597e-01, ...,
          0.00000000e+00, -5.32333373e-04,  2.19782975e-02],
        [-9.65923949e-01, -9.65189706e-01, -9.63446121e-01, ...,
          5.32333373e-04,  0.00000000e+00,  2.25104992e-02],
        [-9.71505494e-01, -9.70832773e-01, -9.69232601e-01, ...,
         -2.19782975e-02, -2.25104992e-02,  0.00000000e+00]]]), 'num': array([8.11369634e-01, 5.84117384e-01, 2.66727993e-06, 7.80935566e-04,
       7.80935566e-04, 7.64436928e-04, 2.19444544e-02, 1.64986387e-05,
       7.63520337e-04, 7.54079449e-04, 7.37489151e-04, 5.38759619e-07,
       7.93324534e-04, 7.14834364e-04])}
{'img': array([[[ 0.        , -0.09582302, -0.44276828, ...,  0.90825535,
          0.90825535,  0.94961037],
        [ 0.09582302,  0.        , -0.35481245, ...,  0.94416983,
          0.94416983,  0.91520655],
        [ 0.44276828,  0.35481245,  0.        , ...,  0.99963599,
          0.99963599,  0.7126768 ],
        ...,
        [-0.90825535, -0.94416983, -0.99963599, ...,  0.        ,
          0.        ,  0.68200953],
        [-0.90825535, -0.94416983, -0.99963599, ...,  0.        ,
          0.        ,  0.68200953],
        [-0.94961037, -0.91520655, -0.7126768 , ..., -0.68200953,
         -0.68200953,  0.        ]],

       [[ 0.        ,  0.07917152,  0.207962  , ..., -0.17513437,
         -0.0837369 ,  0.23116083],
        [-0.07917152,  0.        ,  0.12986863, ..., -0.25253251,
         -0.16236751,  0.15340801],
        [-0.207962  , -0.12986863,  0.        , ..., -0.37605325,
         -0.28913777,  0.02377747],
        ...,
        [ 0.17513437,  0.25253251,  0.37605325, ...,  0.        ,
          0.09207658,  0.39797909],
        [ 0.0837369 ,  0.16236751,  0.28913777, ..., -0.09207658,
          0.        ,  0.3118179 ],
        [-0.23116083, -0.15340801, -0.02377747, ..., -0.39797909,
         -0.3118179 ,  0.        ]],

       [[ 0.        ,  0.05459462, -0.07858497, ...,  0.98653081,
          0.98458215,  0.99992967],
        [-0.05459462,  0.        , -0.13289355, ...,  0.97612916,
          0.9735639 ,  0.99908588],
        [ 0.07858497,  0.13289355,  0.        , ...,  0.99633446,
          0.99528355,  0.99590527],
        ...,
        [-0.98653081, -0.97612916, -0.99633446, ...,  0.        ,
         -0.01151317,  0.1752645 ],
        [-0.98458215, -0.9735639 , -0.99528355, ...,  0.01151317,
          0.        ,  0.18658785],
        [-0.99992967, -0.99908588, -0.99590527, ..., -0.1752645 ,
         -0.18658785,  0.        ]],

       ...,

       [[ 0.        ,  0.19690128, -0.24307461, ...,  0.85193207,
          0.46555753,  0.74073277],
        [-0.19690128,  0.        , -0.42931176, ...,  0.73214625,
          0.28218235,  0.59395345],
        [ 0.24307461,  0.42931176,  0.        , ...,  0.95366716,
          0.66671965,  0.88181389],
        ...,
        [-0.85193207, -0.73214625, -0.95366716, ...,  0.        ,
         -0.51018461, -0.18444135],
        [-0.46555753, -0.28218235, -0.66671965, ...,  0.51018461,
          0.        ,  0.34280011],
        [-0.74073277, -0.59395345, -0.88181389, ...,  0.18444135,
         -0.34280011,  0.        ]],

       [[ 0.        , -0.07625946, -0.11524236, ...,  0.9768154 ,
          0.98792258,  0.99416862],
        [ 0.07625946,  0.        , -0.0391554 , ...,  0.9902968 ,
          0.99686203,  0.99949718],
        [ 0.11524236,  0.0391554 ,  0.        , ...,  0.99497874,
          0.99919706,  0.99997223],
        ...,
        [-0.9768154 , -0.9902968 , -0.99497874, ...,  0.        ,
          0.06014191,  0.10749835],
        [-0.98792258, -0.99686203, -0.99919706, ..., -0.06014191,
          0.        ,  0.04751036],
        [-0.99416862, -0.99949718, -0.99997223, ..., -0.10749835,
         -0.04751036,  0.        ]],

       [[ 0.        ,  0.00658629, -0.05293707, ...,  0.96518971,
          0.97083277,  0.99945151],
        [-0.00658629,  0.        , -0.05951298, ...,  0.96344612,
          0.9692326 ,  0.99921171],
        [ 0.05293707,  0.05951298,  0.        , ...,  0.9776821 ,
          0.98216359,  0.9998032 ],
        ...,
        [-0.96518971, -0.96344612, -0.9776821 , ...,  0.        ,
          0.0225105 ,  0.22944388],
        [-0.97083277, -0.9692326 , -0.98216359, ..., -0.0225105 ,
          0.        ,  0.20747578],
        [-0.99945151, -0.99921171, -0.9998032 , ..., -0.22944388,
         -0.20747578,  0.        ]]]), 'num': array([7.88792474e-01, 6.14440523e-01, 2.03920410e-06, 7.61362231e-04,
       7.70267052e-04, 7.54238374e-04, 1.62736146e-02, 2.67144642e-06,
       7.49251674e-04, 7.36161586e-04, 7.17832496e-04, 5.28933001e-07,
       7.70911390e-04, 7.01411783e-04])}
{'img': array([[[ 0.        , -0.35002435, -0.23789165, ...,  0.93034257,
          0.9912931 ,  0.9093379 ],
        [ 0.35002435,  0.        ,  0.11713298, ...,  0.99984063,
          0.88249545,  0.70618316],
        [ 0.23789165, -0.11713298,  0.        , ...,  0.99086688,
          0.93151065,  0.78425553],
        ...,
        [-0.93034257, -0.99984063, -0.99086688, ...,  0.        ,
          0.48600057,  0.72052337],
        [-0.9912931 , -0.88249545, -0.93151065, ..., -0.48600057,
          0.        ,  0.29269982],
        [-0.9093379 , -0.70618316, -0.78425553, ..., -0.72052337,
         -0.29269982,  0.        ]],

       [[ 0.        ,  0.12986863, -0.07863997, ..., -0.16236751,
          0.15340801, -0.02610919],
        [-0.12986863,  0.        , -0.20744042, ..., -0.28913777,
          0.02377747, -0.15571243],
        [ 0.07863997,  0.20744042,  0.        , ..., -0.08426823,
          0.23064202,  0.05258483],
        ...,
        [ 0.16236751,  0.28913777,  0.08426823, ...,  0.        ,
          0.3118179 ,  0.13654943],
        [-0.15340801, -0.02377747, -0.23064202, ..., -0.3118179 ,
          0.        , -0.17915585],
        [ 0.02610919,  0.15571243, -0.05258483, ..., -0.13654943,
          0.17915585,  0.        ]],

       [[ 0.        , -0.13177866, -0.2223454 , ...,  0.9672126 ,
          0.99667654,  0.88748433],
        [ 0.13177866,  0.        , -0.0919264 , ...,  0.99224527,
          0.9987195 ,  0.81901613],
        [ 0.2223454 ,  0.0919264 ,  0.        , ...,  0.99946993,
          0.98984015,  0.7628036 ],
        ...,
        [-0.9672126 , -0.99224527, -0.99946993, ...,  0.        ,
          0.17433402,  0.67112092],
        [-0.99667654, -0.9987195 , -0.98984015, ..., -0.17433402,
          0.        ,  0.5316016 ],
        [-0.88748433, -0.81901613, -0.7628036 , ..., -0.67112092,
         -0.5316016 ,  0.        ]],

       ...,

       [[ 0.        , -0.42931176, -0.09296384, ...,  0.28218235,
          0.59395345,  0.6215645 ],
        [ 0.42931176,  0.        ,  0.34349173, ...,  0.66671965,
          0.88181389,  0.89767687],
        [ 0.09296384, -0.34349173,  0.        , ...,  0.37014622,
          0.66617068,  0.69169724],
        ...,
        [-0.28218235, -0.66671965, -0.37014622, ...,  0.        ,
          0.34280011,  0.3752534 ],
        [-0.59395345, -0.88181389, -0.66617068, ..., -0.34280011,
          0.        ,  0.03476713],
        [-0.6215645 , -0.89767687, -0.69169724, ..., -0.3752534 ,
         -0.03476713,  0.        ]],

       [[ 0.        , -0.0391554 , -0.16749988, ...,  0.99686203,
          0.99949718,  0.99973932],
        [ 0.0391554 ,  0.        , -0.12876921, ...,  0.99919706,
          0.99997223,  0.99986664],
        [ 0.16749988,  0.12876921,  0.        , ...,  0.99603752,
          0.99068746,  0.98943941],
        ...,
        [-0.99686203, -0.99919706, -0.99603752, ...,  0.        ,
          0.04751036,  0.05637794],
        [-0.99949718, -0.99997223, -0.99068746, ..., -0.04751036,
          0.        ,  0.00887949],
        [-0.99973932, -0.99986664, -0.98943941, ..., -0.05637794,
         -0.00887949,  0.        ]],

       [[ 0.        , -0.05951298, -0.05234545, ...,  0.9692326 ,
          0.99921171,  0.94420101],
        [ 0.05951298,  0.        ,  0.00717872, ...,  0.98216359,
          0.9998032 ,  0.92292567],
        [ 0.05234545, -0.00717872,  0.        , ...,  0.98078848,
          0.99991985,  0.92566554],
        ...,
        [-0.9692326 , -0.98216359, -0.98078848, ...,  0.        ,
          0.20747578,  0.55164782],
        [-0.99921171, -0.9998032 , -0.99991985, ..., -0.20747578,
          0.        ,  0.36659325],
        [-0.94420101, -0.92292567, -0.92566554, ..., -0.55164782,
         -0.36659325,  0.        ]]]), 'num': array([ 7.85270939e-01,  6.18824056e-01,  1.95131164e-06,  7.56576742e-04,
        7.62785460e-04,  7.50368023e-04,  2.00479443e-02, -1.77391968e-06,
        7.50013239e-04,  7.35999273e-04,  7.16397461e-04,  5.83915227e-07,
        7.68802881e-04,  7.03195666e-04])}
{'img': array([[[ 0.        ,  0.11713298, -0.70618316, ...,  0.88249545,
          0.70618316,  0.85540565],
        [-0.11713298,  0.        , -0.78425553, ...,  0.93151065,
          0.78425553,  0.91018728],
        [ 0.70618316,  0.78425553,  0.        , ...,  0.29269982,
          0.        ,  0.23987849],
        ...,
        [-0.88249545, -0.93151065, -0.29269982, ...,  0.        ,
          0.29269982,  0.05478097],
        [-0.70618316, -0.78425553, -0.        , ..., -0.29269982,
          0.        , -0.23987849],
        [-0.85540565, -0.91018728, -0.23987849, ..., -0.05478097,
          0.23987849,  0.        ]],

       [[ 0.        , -0.20744042,  0.09011989, ...,  0.02377747,
         -0.15571243, -0.01423354],
        [ 0.20744042,  0.        ,  0.2947559 , ...,  0.23064202,
          0.05258483,  0.19349548],
        [-0.09011989, -0.2947559 ,  0.        , ..., -0.0664137 ,
         -0.24409947, -0.10428638],
        ...,
        [-0.02377747, -0.23064202,  0.0664137 , ...,  0.        ,
         -0.17915585, -0.03800457],
        [ 0.15571243, -0.05258483,  0.24409947, ...,  0.17915585,
          0.        ,  0.14163674],
        [ 0.01423354, -0.19349548,  0.10428638, ...,  0.03800457,
         -0.14163674,  0.        ]],

       [[ 0.        , -0.08982345, -0.25418244, ...,  0.99887665,
          0.97034942,  0.80778758],
        [ 0.08982345,  0.        , -0.16628164, ...,  0.99909527,
          0.94471608,  0.75157371],
        [ 0.25418244,  0.16628164,  0.        , ...,  0.97811452,
          0.87704202,  0.63142298],
        ...,
        [-0.99887665, -0.99909527, -0.97811452, ...,  0.        ,
          0.28741586,  0.62708931],
        [-0.97034942, -0.94471608, -0.87704202, ..., -0.28741586,
          0.        ,  0.376748  ],
        [-0.80778758, -0.75157371, -0.63142298, ..., -0.62708931,
         -0.376748  ,  0.        ]],

       ...,

       [[ 0.        ,  0.34349173,  0.08525132, ...,  0.88181389,
          0.89767687,  0.99891586],
        [-0.34349173,  0.        , -0.26217698, ...,  0.66617068,
          0.69169724,  0.92214724],
        [-0.08525132,  0.26217698,  0.        , ...,  0.83839931,
          0.8568425 ,  0.99131065],
        ...,
        [-0.88181389, -0.66617068, -0.83839931, ...,  0.        ,
          0.03476713,  0.43003595],
        [-0.89767687, -0.69169724, -0.8568425 , ..., -0.03476713,
          0.        ,  0.39838779],
        [-0.99891586, -0.92214724, -0.99131065, ..., -0.43003595,
         -0.39838779,  0.        ]],

       [[ 0.        , -0.12876921, -0.29512685, ...,  0.99997223,
          0.99986664,  0.99794001],
        [ 0.12876921,  0.        , -0.16963621, ...,  0.99068746,
          0.98943941,  0.98137069],
        [ 0.29512685,  0.16963621,  0.        , ...,  0.95323224,
          0.95051094,  0.93455627],
        ...,
        [-0.99997223, -0.99068746, -0.95323224, ...,  0.        ,
          0.00887949,  0.05671552],
        [-0.99986664, -0.98943941, -0.95051094, ..., -0.00887949,
          0.        ,  0.04784808],
        [-0.99794001, -0.98137069, -0.93455627, ..., -0.05671552,
         -0.04784808,  0.        ]],

       [[ 0.        ,  0.00702519, -0.05062708, ...,  0.9982537 ,
          0.97443456,  0.76791902],
        [-0.00702519,  0.        , -0.05764201, ...,  0.99781407,
          0.97598888,  0.77240003],
        [ 0.05062708,  0.05764201,  0.        , ...,  0.99996423,
          0.96181051,  0.73450524],
        ...,
        [-0.9982537 , -0.99781407, -0.99996423, ...,  0.        ,
          0.28184144,  0.68479124],
        [-0.97443456, -0.97598888, -0.96181051, ..., -0.28184144,
          0.        ,  0.45164156],
        [-0.76791902, -0.77240003, -0.73450524, ..., -0.68479124,
         -0.45164156,  0.        ]]]), 'num': array([ 7.07848416e-01,  7.05863972e-01,  2.39956950e-08,  6.61481326e-04,
        6.81477739e-04,  6.60681470e-04,  2.65165948e-02, -2.07962690e-05,
        6.75238858e-04,  6.65720566e-04,  6.47230549e-04,  4.19782844e-07,
        6.88157075e-04,  6.43284056e-04])}
{'img': array([[[ 0.        , -0.78425553, -0.29607269, ...,  0.78425553,
          0.91018728,  0.96406405],
        [ 0.78425553,  0.        ,  0.56539903, ...,  0.        ,
          0.23987849,  0.80649503],
        [ 0.29607269, -0.56539903,  0.        , ...,  0.56539903,
          0.74674701,  0.99949824],
        ...,
        [-0.78425553, -0.        , -0.56539903, ...,  0.        ,
         -0.23987849, -0.80649503],
        [-0.91018728, -0.23987849, -0.74674701, ...,  0.23987849,
          0.        , -0.64112176],
        [-0.96406405, -0.80649503, -0.99949824, ...,  0.80649503,
          0.64112176,  0.        ]],

       [[ 0.        ,  0.2947559 ,  0.26169683, ...,  0.05258483,
          0.19349548,  0.43942838],
        [-0.2947559 ,  0.        , -0.03441338, ..., -0.24409947,
         -0.10428638,  0.15513308],
        [-0.26169683,  0.03441338,  0.        , ..., -0.21058251,
         -0.06999888,  0.18903795],
        ...,
        [-0.05258483,  0.24409947,  0.21058251, ...,  0.        ,
          0.14163674,  0.39158464],
        [-0.19349548,  0.10428638,  0.06999888, ..., -0.14163674,
          0.        ,  0.25731103],
        [-0.43942838, -0.15513308, -0.18903795, ..., -0.39158464,
         -0.25731103,  0.        ]],

       [[ 0.        , -0.16628164, -0.3778655 , ...,  0.94471608,
          0.75157371,  0.87841592],
        [ 0.16628164,  0.        , -0.21865137, ...,  0.87704202,
          0.63142298,  0.78672139],
        [ 0.3778655 ,  0.21865137,  0.        , ...,  0.75077717,
          0.44659376,  0.63270984],
        ...,
        [-0.94471608, -0.87704202, -0.75077717, ...,  0.        ,
          0.376748  ,  0.16345355],
        [-0.75157371, -0.63142298, -0.44659376, ..., -0.376748  ,
          0.        , -0.22027152],
        [-0.87841592, -0.78672139, -0.63270984, ..., -0.16345355,
          0.22027152,  0.        ]],

       ...,

       [[ 0.        , -0.26217698,  0.40514852, ...,  0.69169724,
          0.92214724,  0.38316819],
        [ 0.26217698,  0.        ,  0.63067188, ...,  0.8568425 ,
          0.99131065,  0.61193215],
        [-0.40514852, -0.63067188,  0.        , ...,  0.33979157,
          0.68634666, -0.02391516],
        ...,
        [-0.69169724, -0.8568425 , -0.33979157, ...,  0.        ,
          0.39838779, -0.36218661],
        [-0.92214724, -0.99131065, -0.68634666, ..., -0.39838779,
          0.        , -0.70354324],
        [-0.38316819, -0.61193215,  0.02391516, ...,  0.36218661,
          0.70354324,  0.        ]],

       [[ 0.        , -0.16963621, -0.23148693, ...,  0.98943941,
          0.98137069,  0.99859773],
        [ 0.16963621,  0.        , -0.06310337, ...,  0.95051094,
          0.93455627,  0.99310524],
        [ 0.23148693,  0.06310337,  0.        , ...,  0.92901091,
          0.91024055,  0.98372861],
        ...,
        [-0.98943941, -0.95051094, -0.92901091, ...,  0.        ,
          0.04784808, -0.19712418],
        [-0.98137069, -0.93455627, -0.91024055, ..., -0.04784808,
          0.        , -0.24380763],
        [-0.99859773, -0.99310524, -0.98372861, ...,  0.19712418,
          0.24380763,  0.        ]],

       [[ 0.        , -0.05387855, -0.11014604, ...,  0.99755206,
          0.99732512,  0.7385449 ],
        [ 0.05387855,  0.        , -0.05643533, ...,  0.99987072,
          0.99193835,  0.70114701],
        [ 0.11014604,  0.05643533,  0.        , ...,  0.99918463,
          0.98320589,  0.65979022],
        ...,
        [-0.99755206, -0.99987072, -0.99918463, ...,  0.        ,
          0.14265497,  0.7241987 ],
        [-0.99732512, -0.99193835, -0.98320589, ..., -0.14265497,
          0.        ,  0.6184183 ],
        [-0.7385449 , -0.70114701, -0.65979022, ..., -0.7241987 ,
         -0.6184183 ,  0.        ]]]), 'num': array([ 7.07822126e-01,  7.05880828e-01,  2.39962681e-08,  6.47099362e-04,
        6.59897372e-04,  6.43899860e-04,  2.67698047e-02, -1.43977608e-05,
        6.71255605e-04,  6.66096408e-04,  6.48112538e-04,  3.40487587e-07,
        6.87045667e-04,  6.45147148e-04])}
{'img': array([[[ 0.        ,  0.56539903,  0.62450364, ...,  0.23987849,
          0.80649503,  0.94451539],
        [-0.56539903,  0.        ,  0.07351252, ...,  0.74674701,
          0.99949824,  0.96476785],
        [-0.62450364, -0.07351252,  0.        , ...,  0.79362031,
          0.99912235,  0.94281614],
        ...,
        [-0.23987849, -0.74674701, -0.79362031, ...,  0.        ,
         -0.64112176, -0.8381461 ],
        [-0.80649503, -0.99949824, -0.99912235, ...,  0.64112176,
          0.        , -0.29352898],
        [-0.94451539, -0.96476785, -0.94281614, ...,  0.8381461 ,
          0.29352898,  0.        ]],

       [[ 0.        , -0.03441338, -0.45121879, ..., -0.10428638,
          0.15513308,  0.16183564],
        [ 0.03441338,  0.        , -0.42024057, ..., -0.06999888,
          0.18903795,  0.19569951],
        [ 0.45121879,  0.42024057,  0.        , ...,  0.35569188,
          0.58419898,  0.58969499],
        ...,
        [ 0.10428638,  0.06999888, -0.35569188, ...,  0.        ,
          0.25731103,  0.26386485],
        [-0.15513308, -0.18903795, -0.58419898, ..., -0.25731103,
          0.        ,  0.00678832],
        [-0.16183564, -0.19569951, -0.58969499, ..., -0.26386485,
         -0.00678832,  0.        ]],

       [[ 0.        , -0.21865137, -0.47573091, ...,  0.63142298,
          0.78672139,  0.91752675],
        [ 0.21865137,  0.        , -0.27189592, ...,  0.44659376,
          0.63270984,  0.80837341],
        [ 0.47573091,  0.27189592,  0.        , ...,  0.18649379,
          0.39832035,  0.61786231],
        ...,
        [-0.63142298, -0.44659376, -0.18649379, ...,  0.        ,
         -0.22027152, -0.46038511],
        [-0.78672139, -0.63270984, -0.39832035, ...,  0.22027152,
          0.        , -0.25353812],
        [-0.91752675, -0.80837341, -0.61786231, ...,  0.46038511,
          0.25353812,  0.        ]],

       ...,

       [[ 0.        ,  0.63067188,  0.5047178 , ...,  0.99131065,
          0.61193215,  0.11999486],
        [-0.63067188,  0.        , -0.15276314, ...,  0.68634666,
         -0.02391516, -0.53299301],
        [-0.5047178 ,  0.15276314,  0.        , ...,  0.78939164,
          0.12908499, -0.39748128],
        ...,
        [-0.99131065, -0.68634666, -0.78939164, ...,  0.        ,
         -0.70354324, -0.96836364],
        [-0.61193215,  0.02391516, -0.12908499, ...,  0.70354324,
          0.        , -0.51260548],
        [-0.11999486,  0.53299301,  0.39748128, ...,  0.96836364,
          0.51260548,  0.        ]],

       [[ 0.        , -0.06310337, -0.33937318, ...,  0.93455627,
          0.99310524,  0.99734456],
        [ 0.06310337,  0.        , -0.27933851, ...,  0.91024055,
          0.98372861,  0.99076119],
        [ 0.33937318,  0.27933851,  0.        , ...,  0.75833786,
          0.89438282,  0.91343829],
        ...,
        [-0.93455627, -0.91024055, -0.75833786, ...,  0.        ,
         -0.24380763, -0.28680916],
        [-0.99310524, -0.98372861, -0.89438282, ...,  0.24380763,
          0.        , -0.04458958],
        [-0.99734456, -0.99076119, -0.91343829, ...,  0.28680916,
          0.04458958,  0.        ]],

       [[ 0.        , -0.05574423, -0.02177889, ...,  0.99705272,
          0.87253614,  0.69491318],
        [ 0.05574423,  0.        ,  0.03398598, ...,  0.99122572,
          0.84394559,  0.65374732],
        [ 0.02177889, -0.03398598,  0.        , ...,  0.99514537,
          0.86168911,  0.67908729],
        ...,
        [-0.99705272, -0.99122572, -0.99514537, ...,  0.        ,
          0.42016922,  0.66366094],
        [-0.87253614, -0.84394559, -0.86168911, ..., -0.42016922,
          0.        ,  0.28793565],
        [-0.69491318, -0.65374732, -0.67908729, ..., -0.66366094,
         -0.28793565,  0.        ]]]), 'num': array([7.07659846e-01, 7.06353171e-01, 1.59935790e-08, 6.53337703e-04,
       6.56536419e-04, 6.45340914e-04, 1.67114268e-02, 6.39743161e-06,
       6.65492823e-04, 6.65452839e-04, 6.49272668e-04, 3.14159588e-07,
       6.87078352e-04, 6.43827326e-04])}
{'img': array([[[ 0.        ,  0.30609802,  0.30609802, ...,  0.83384411,
          0.96452268,  0.91996522],
        [-0.30609802,  0.        ,  0.        , ...,  0.9627857 ,
          0.99903547,  0.99579731],
        [-0.30609802,  0.        ,  0.        , ...,  0.9627857 ,
          0.99903547,  0.99579731],
        ...,
        [-0.83384411, -0.9627857 , -0.9627857 , ...,  0.        ,
         -0.31228167, -0.18095391],
        [-0.96452268, -0.99903547, -0.99903547, ...,  0.31228167,
          0.        ,  0.13522207],
        [-0.91996522, -0.99579731, -0.99579731, ...,  0.18095391,
         -0.13522207,  0.        ]],

       [[ 0.        , -0.42024057, -0.13399788, ...,  0.18903795,
          0.19569951, -0.12162039],
        [ 0.42024057,  0.        ,  0.2948593 , ...,  0.58419898,
          0.58969499,  0.30676111],
        [ 0.13399788, -0.2948593 ,  0.        , ...,  0.318915  ,
          0.32534151,  0.01247961],
        ...,
        [-0.18903795, -0.58419898, -0.318915  , ...,  0.        ,
          0.00678832, -0.30706221],
        [-0.19569951, -0.58969499, -0.32534151, ..., -0.00678832,
          0.        , -0.3135155 ],
        [ 0.12162039, -0.30676111, -0.01247961, ...,  0.30706221,
          0.3135155 ,  0.        ]],

       [[ 0.        , -0.27189592, -0.44659376, ...,  0.63270984,
          0.80837341,  0.91793588],
        [ 0.27189592,  0.        , -0.18649379, ...,  0.39832035,
          0.61786231,  0.77548524],
        [ 0.44659376,  0.18649379,  0.        , ...,  0.22027152,
          0.46038511,  0.64413446],
        ...,
        [-0.63270984, -0.39832035, -0.22027152, ...,  0.        ,
         -0.25353812, -0.45982522],
        [-0.80837341, -0.61786231, -0.46038511, ...,  0.25353812,
          0.        , -0.21965637],
        [-0.91793588, -0.77548524, -0.64413446, ...,  0.45982522,
          0.21965637,  0.        ]],

       ...,

       [[ 0.        , -0.15276314,  0.02046001, ..., -0.02391516,
         -0.53299301, -0.69744269],
        [ 0.15276314,  0.        ,  0.17295104, ...,  0.12908499,
         -0.39748128, -0.57978042],
        [-0.02046001, -0.17295104,  0.        , ..., -0.04436431,
         -0.55019305, -0.71195917],
        ...,
        [ 0.02391516, -0.12908499,  0.04436431, ...,  0.        ,
         -0.51260548, -0.68010464],
        [ 0.53299301,  0.39748128,  0.55019305, ...,  0.51260548,
          0.        , -0.20815556],
        [ 0.69744269,  0.57978042,  0.71195917, ...,  0.68010464,
          0.20815556,  0.        ]],

       [[ 0.        , -0.27933851, -0.48467283, ...,  0.98372861,
          0.99076119,  0.98967099],
        [ 0.27933851,  0.        , -0.22104317, ...,  0.89438282,
          0.91343829,  0.9102296 ],
        [ 0.48467283,  0.22104317,  0.        , ...,  0.77338627,
          0.80088395,  0.79617934],
        ...,
        [-0.98372861, -0.89438282, -0.77338627, ...,  0.        ,
         -0.04458958, -0.03678037],
        [-0.99076119, -0.91343829, -0.80088395, ...,  0.04458958,
          0.        ,  0.00781563],
