state_0,state_1,state_2,state_3,state_4,state_5,state_6,state_7,state_8,state_9,state_10,state_11,state_12,state_13,state_14,state_15,state_16,state_17,state_18,state_19,state_20,state_21,state_22,state_23,state_24,state_25,state_26,state_27,state_28,state_29,state_30,state_31,state_32,state_33,state_34,state_35,state_36,state_37,state_38,state_39,state_40,state_41,state_42,state_43,state_44,state_45,state_46,state_47,state_48,state_49,state_50,state_51,state_52,state_53,state_54,state_55,state_56,state_57,state_58,state_59,state_60,state_61,state_62,state_63,state_64,state_65,state_66,state_67,state_68,state_69,state_70,state_71,state_72,state_73,state_74,state_75,state_76,state_77,state_78,state_79,state_80,state_81,state_82,state_83,state_84,state_85,state_86,state_87,state_88,state_89,state_90,state_91,state_92,state_93,state_94,state_95,state_96,state_97,state_98,state_99,state_100,state_101,state_102,state_103,state_104,state_105,state_106,state_107,state_108,state_109,state_110,state_111,state_112,state_113,state_114,state_115,state_116,state_117,state_118,state_119,state_120,state_121,state_122,state_123,state_124,state_125,state_126,state_127,state_128,state_129,state_130,state_131,state_132,state_133,state_134,state_135,state_136,state_137,state_138,state_139,state_140,state_141,state_142,state_143,state_144,state_145,state_146,state_147,state_148,state_149,state_150,state_151,state_152,state_153,state_154,state_155,state_156,state_157,state_158,state_159,state_160,state_161,state_162,state_163,state_164,state_165,state_166,state_167,state_168,state_169,state_170,state_171,state_172,state_173,state_174,state_175,state_176,state_177,state_178,state_179,state_180,state_181,state_182,state_183,state_184,state_185,state_186,state_187,state_188,state_189,state_190,state_191,state_192,state_193,state_194,state_195,state_196,state_197,state_198,state_199,state_200,state_201,state_202,state_203,state_204,state_205,state_206,state_207,state_208,state_209,state_210,state_211,state_212,state_213,state_214,state_215,state_216,state_217,state_218,state_219,state_220,state_221,state_222,state_223,state_224,state_225,state_226,state_227,state_228,state_229,state_230,state_231,state_232,state_233,state_234,state_235,state_236,state_237,state_238,state_239,state_240,state_241,state_242,state_243,state_244,state_245,state_246,state_247,state_248,state_249,state_250,state_251,state_252,state_253,state_254,state_255,state_256,state_257,state_258,state_259,state_260,state_261,state_262,state_263,state_264,state_265,state_266,state_267,state_268,state_269,state_270,state_271,state_272,state_273,state_274,state_275,state_276,state_277,state_278,state_279,state_280,state_281,state_282,state_283,state_284,state_285,state_286,state_287
{'img': array([[[ 0.        ,  0.01415329,  0.        , ...,  0.99939271,
          0.99813358,  0.99616045],
        [-0.01415329,  0.        , -0.01415329, ...,  0.99978579,
          0.99889792,  0.99729974],
        [ 0.        ,  0.01415329,  0.        , ...,  0.99939271,
          0.99813358,  0.99616045],
        ...,
        [-0.99939271, -0.99978579, -0.99939271, ...,  0.        ,
          0.02625081,  0.05278133],
        [-0.99813358, -0.99889792, -0.99813358, ..., -0.02625081,
          0.        ,  0.02654892],
        [-0.99616045, -0.99729974, -0.99616045, ..., -0.05278133,
         -0.02654892,  0.        ]],

       [[ 0.        , -0.80120036, -0.96254445, ..., -0.99998346,
         -0.80679261, -0.9156198 ],
        [ 0.80120036,  0.        , -0.35875832, ..., -0.59377806,
         -0.00940461, -0.22578459],
        [ 0.96254445,  0.35875832,  0.        , ..., -0.26558324,
          0.3499639 ,  0.13873998],
        ...,
        [ 0.99998346,  0.59377806,  0.26558324, ...,  0.        ,
          0.58618458,  0.39677229],
        [ 0.80679261,  0.00940461, -0.3499639 , ..., -0.58618458,
          0.        , -0.21661284],
        [ 0.9156198 ,  0.22578459, -0.13873998, ..., -0.39677229,
          0.21661284,  0.        ]],

       [[ 0.        ,  0.44871378,  0.60941606, ...,  0.68872474,
          0.72969165,  0.76239432],
        [-0.44871378,  0.        ,  0.18885723, ...,  0.94082422,
          0.95892744,  0.97170155],
        [-0.60941606, -0.18885723,  0.        , ...,  0.98789643,
          0.99524075,  0.99882569],
        ...,
        [-0.68872474, -0.94082422, -0.98789643, ...,  0.        ,
         -0.05810947, -0.1070708 ],
        [-0.72969165, -0.95892744, -0.99524075, ...,  0.05810947,
          0.        , -0.04911445],
        [-0.76239432, -0.97170155, -0.99882569, ...,  0.1070708 ,
          0.04911445,  0.        ]],

       ...,

       [[ 0.        , -0.00564242,  0.17912947, ..., -0.98542985,
         -0.98003399, -0.98542985],
        [ 0.00564242,  0.        ,  0.18467777, ..., -0.98445449,
         -0.97889651, -0.98445449],
        [-0.17912947, -0.18467777,  0.        , ..., -0.99995779,
         -0.99979876, -0.99995779],
        ...,
        [ 0.98542985,  0.98445449,  0.99995779, ...,  0.        ,
          0.02924655,  0.        ],
        [ 0.98003399,  0.97889651,  0.99979876, ..., -0.02924655,
          0.        , -0.02924655],
        [ 0.98542985,  0.98445449,  0.99995779, ...,  0.        ,
          0.02924655,  0.        ]],

       [[ 0.        ,  0.44356975,  0.58485797, ...,  0.68086701,
          0.68254942,  0.70957676],
        [-0.44356975,  0.        ,  0.16437775, ...,  0.93509377,
          0.93590626,  0.9485027 ],
        [-0.58485797, -0.16437775,  0.        , ...,  0.98062966,
          0.98107749,  0.98767044],
        ...,
        [-0.68086701, -0.93509377, -0.98062966, ...,  0.        ,
         -0.00229955, -0.03994098],
        [-0.68254942, -0.93590626, -0.98107749, ...,  0.00229955,
          0.        , -0.03764316],
        [-0.70957676, -0.9485027 , -0.98767044, ...,  0.03994098,
          0.03764316,  0.        ]],

       [[ 0.        , -0.14502121, -0.26195138, ...,  0.59356229,
          0.63810979,  0.64595178],
        [ 0.14502121,  0.        , -0.11922495, ...,  0.47057614,
          0.51970564,  0.5284171 ],
        [ 0.26195138,  0.11922495,  0.        , ...,  0.36202039,
          0.41413942,  0.42342786],
        ...,
        [-0.59356229, -0.47057614, -0.36202039, ...,  0.        ,
         -0.05653259, -0.06674175],
        [-0.63810979, -0.51970564, -0.41413942, ...,  0.05653259,
          0.        , -0.01022847],
        [-0.64595178, -0.5284171 , -0.42342786, ...,  0.06674175,
          0.01022847,  0.        ]]]), 'num': array([7.11026018e-01, 7.00444404e-01, 8.01637420e-08, 1.51165914e-03,
       1.51738512e-03, 1.48875521e-03, 6.16633933e-02, 6.87117789e-05,
       1.45668971e-03, 1.46728278e-03, 1.36557026e-03, 6.18669274e-07,
       1.53897198e-03, 1.39559358e-03])}
{'img': array([[[ 0.        , -0.01415329,  0.01363573, ...,  0.99889792,
          0.99729974,  0.90873773],
        [ 0.01415329,  0.        ,  0.02778633, ...,  0.99813358,
          0.99616045,  0.90273958],
        [-0.01363573, -0.02778633,  0.        , ...,  0.99944506,
          0.99820841,  0.91434435],
        ...,
        [-0.99889792, -0.99813358, -0.99944506, ...,  0.        ,
          0.02654892,  0.37425565],
        [-0.99729974, -0.99616045, -0.99820841, ..., -0.02654892,
          0.        ,  0.34950424],
        [-0.90873773, -0.90273958, -0.91434435, ..., -0.37425565,
         -0.34950424,  0.        ]],

       [[ 0.        , -0.35875832, -0.62655525, ..., -0.00940461,
         -0.22578459,  0.03767236],
        [ 0.35875832,  0.        , -0.30523778, ...,  0.3499639 ,
          0.13873998,  0.39366818],
        [ 0.62655525,  0.30523778,  0.        , ...,  0.6191978 ,
          0.43440455,  0.65547145],
        ...,
        [ 0.00940461, -0.3499639 , -0.6191978 , ...,  0.        ,
         -0.21661284,  0.04706863],
        [ 0.22578459, -0.13873998, -0.43440455, ...,  0.21661284,
          0.        ,  0.26232386],
        [-0.03767236, -0.39366818, -0.65547145, ..., -0.04706863,
         -0.26232386,  0.        ]],

       [[ 0.        ,  0.44903526,  0.60563765, ...,  0.74593273,
          0.7787784 ,  0.71894891],
        [-0.44903526,  0.        ,  0.18383017, ...,  0.96556841,
          0.97752886,  0.9544987 ],
        [-0.60563765, -0.18383017,  0.        , ...,  0.9969365 ,
          0.99962153,  0.99305308],
        ...,
        [-0.74593273, -0.96556841, -0.9969365 , ...,  0.        ,
         -0.05076005,  0.0396349 ],
        [-0.7787784 , -0.97752886, -0.99962153, ...,  0.05076005,
          0.        ,  0.09030397],
        [-0.71894891, -0.9544987 , -0.99305308, ..., -0.0396349 ,
         -0.09030397,  0.        ]],

       ...,

       [[ 0.        ,  0.18467777,  0.7957087 , ..., -0.97889651,
         -0.98445449, -0.83802456],
        [-0.18467777,  0.        ,  0.67016628, ..., -0.99979876,
         -0.99995779, -0.924376  ],
        [-0.7957087 , -0.67016628,  0.        , ..., -0.75550589,
         -0.73602207, -0.94173884],
        ...,
        [ 0.97889651,  0.99979876,  0.75550589, ...,  0.        ,
         -0.02924655,  0.36286189],
        [ 0.98445449,  0.99995779,  0.73602207, ...,  0.02924655,
          0.        ,  0.38995986],
        [ 0.83802456,  0.924376  ,  0.94173884, ..., -0.36286189,
         -0.38995986,  0.        ]],

       [[ 0.        ,  0.41408314,  0.55449034, ...,  0.69798613,
          0.72526888,  0.71570645],
        [-0.41408314,  0.        ,  0.16012285, ...,  0.93186385,
          0.94525012,  0.94066014],
        [-0.55449034, -0.16012285,  0.        , ...,  0.97793398,
          0.98530922,  0.9828606 ],
        ...,
        [-0.69798613, -0.93186385, -0.97793398, ...,  0.        ,
         -0.0388337 , -0.02505108],
        [-0.72526888, -0.94525012, -0.98530922, ...,  0.0388337 ,
          0.        ,  0.01378933],
        [-0.71570645, -0.94066014, -0.9828606 , ...,  0.02505108,
         -0.01378933,  0.        ]],

       [[ 0.        , -0.11922495, -0.23533215, ...,  0.51970564,
          0.5284171 ,  0.53854592],
        [ 0.11922495,  0.        , -0.11777707, ...,  0.41413942,
          0.42342786,  0.43424613],
        [ 0.23533215,  0.11777707,  0.        , ...,  0.30405477,
          0.31378306,  0.3251309 ],
        ...,
        [-0.51970564, -0.41413942, -0.30405477, ...,  0.        ,
         -0.01022847, -0.02220226],
        [-0.5284171 , -0.42342786, -0.31378306, ...,  0.01022847,
          0.        , -0.01197514],
        [-0.53854592, -0.43424613, -0.3251309 , ...,  0.02220226,
          0.01197514,  0.        ]]]), 'num': array([7.06848369e-01, 7.06848369e-01, 0.00000000e+00, 1.10575453e-03,
       1.11827251e-03, 1.08906390e-03, 2.68609808e-02, 4.17265862e-06,
       1.06986967e-03, 1.07133010e-03, 9.99908093e-04, 3.89448137e-07,
       1.12585479e-03, 1.01680541e-03])}
{'img': array([[[ 0.        ,  0.02778633, -0.33632055, ...,  0.99616045,
          0.90273958,  0.88712004],
        [-0.02778633,  0.        , -0.3623584 , ...,  0.99820841,
          0.91434435,  0.89960198],
        [ 0.33632055,  0.3623584 ,  0.        , ...,  0.90868807,
          0.70547193,  0.68021818],
        ...,
        [-0.99616045, -0.99820841, -0.90868807, ...,  0.        ,
          0.34950424,  0.3821026 ],
        [-0.90273958, -0.91434435, -0.70547193, ..., -0.34950424,
          0.        ,  0.03502139],
        [-0.88712004, -0.89960198, -0.68021818, ..., -0.3821026 ,
         -0.03502139,  0.        ]],

       [[ 0.        , -0.30523778, -0.44434324, ...,  0.13873998,
          0.39366818, -0.15176285],
        [ 0.30523778,  0.        , -0.14968819, ...,  0.43440455,
          0.65547145,  0.15718205],
        [ 0.44434324,  0.14968819,  0.        , ...,  0.56433706,
          0.76113393,  0.30323863],
        ...,
        [-0.13873998, -0.43440455, -0.56433706, ...,  0.        ,
          0.26232386, -0.28742807],
        [-0.39366818, -0.65547145, -0.76113393, ..., -0.26232386,
          0.        , -0.52861669],
        [ 0.15176285, -0.15718205, -0.30323863, ...,  0.28742807,
          0.52861669,  0.        ]],

       [[ 0.        ,  0.44258204,  0.56639941, ...,  0.79520592,
          0.73514111,  0.68447231],
        [-0.44258204,  0.        ,  0.14316069, ...,  0.98143838,
          0.95925425,  0.93644501],
        [-0.56639941, -0.14316069,  0.        , ...,  0.99878407,
          0.98982265,  0.97702195],
        ...,
        [-0.79520592, -0.98143838, -0.99878407, ...,  0.        ,
          0.09333624,  0.16471343],
        [-0.73514111, -0.95925425, -0.98982265, ..., -0.09333624,
          0.        ,  0.071933  ],
        [-0.68447231, -0.93644501, -0.97702195, ..., -0.16471343,
         -0.071933  ,  0.        ]],

       ...,

       [[ 0.        ,  0.67016628,  0.15901372, ..., -0.99995779,
         -0.924376  , -0.99152615],
        [-0.67016628,  0.        , -0.5436176 , ..., -0.73602207,
         -0.94173884, -0.82298106],
        [-0.15901372,  0.5436176 ,  0.        , ..., -0.98577366,
         -0.97327556, -0.99956738],
        ...,
        [ 0.99995779,  0.73602207,  0.98577366, ...,  0.        ,
          0.38995986,  0.13901205],
        [ 0.924376  ,  0.94173884,  0.97327556, ..., -0.38995986,
          0.        , -0.25816689],
        [ 0.99152615,  0.82298106,  0.99956738, ..., -0.13901205,
          0.25816689,  0.        ]],

       [[ 0.        ,  0.3959232 ,  0.50926508, ...,  0.73888922,
          0.72926694,  0.70614093],
        [-0.3959232 ,  0.        ,  0.12691443, ...,  0.94529359,
          0.94057614,  0.92877951],
        [-0.50926508, -0.12691443,  0.        , ...,  0.97905176,
          0.9760683 ,  0.96830774],
        ...,
        [-0.73888922, -0.94529359, -0.97905176, ...,  0.        ,
          0.01416996,  0.0473695 ],
        [-0.72926694, -0.94057614, -0.9760683 , ..., -0.01416996,
          0.        ,  0.03321069],
        [-0.70614093, -0.92877951, -0.96830774, ..., -0.0473695 ,
         -0.03321069,  0.        ]],

       [[ 0.        , -0.11777707, -0.10079366, ...,  0.42342786,
          0.43424613,  0.43739966],
        [ 0.11777707,  0.        ,  0.01708513, ...,  0.31378306,
          0.3251309 ,  0.32844233],
        [ 0.10079366, -0.01708513,  0.        , ...,  0.32995951,
          0.34124032,  0.34453171],
        ...,
        [-0.42342786, -0.31378306, -0.32995951, ...,  0.        ,
         -0.01197514, -0.01547861],
        [-0.43424613, -0.3251309 , -0.34124032, ...,  0.01197514,
          0.        , -0.00350379],
        [-0.43739966, -0.32844233, -0.34453171, ...,  0.01547861,
          0.00350379,  0.        ]]]), 'num': array([ 7.06780660e-01,  7.06780660e-01,  0.00000000e+00,  1.08478732e-03,
        1.09313183e-03,  1.06809828e-03,  3.02169844e-02, -2.08612946e-05,
        1.07811170e-03,  1.07122748e-03,  1.00426272e-03,  4.29497241e-07,
        1.12574694e-03,  1.01670801e-03])}
{'img': array([[[ 0.        , -0.3623584 ,  0.19285334, ...,  0.91434435,
          0.89960198,  0.95899881],
        [ 0.3623584 ,  0.        ,  0.53530286, ...,  0.70547193,
          0.68021818,  0.79112811],
        [-0.19285334, -0.53530286,  0.        , ...,  0.97527346,
          0.96693541,  0.99565268],
        ...,
        [-0.91434435, -0.70547193, -0.97527346, ...,  0.        ,
          0.03502139, -0.1292002 ],
        [-0.89960198, -0.68021818, -0.96693541, ..., -0.03502139,
          0.        , -0.16384881],
        [-0.95899881, -0.79112811, -0.99565268, ...,  0.1292002 ,
          0.16384881,  0.        ]],

       [[ 0.        , -0.14968819,  0.40825092, ...,  0.65547145,
          0.15718205,  0.27495552],
        [ 0.14968819,  0.        ,  0.54029708, ...,  0.76113393,
          0.30323863,  0.41577641],
        [-0.40825092, -0.54029708,  0.        , ...,  0.29004082,
         -0.25968948, -0.14151711],
        ...,
        [-0.65547145, -0.76113393, -0.29004082, ...,  0.        ,
         -0.52861669, -0.42255569],
        [-0.15718205, -0.30323863,  0.25968948, ...,  0.52861669,
          0.        ,  0.12041395],
        [-0.27495552, -0.41577641,  0.14151711, ...,  0.42255569,
         -0.12041395,  0.        ]],

       [[ 0.        ,  0.38371845,  0.43197247, ...,  0.75093391,
          0.69985421,  0.64021705],
        [-0.38371845,  0.        ,  0.05283443, ...,  0.946849  ,
          0.92036507,  0.88597876],
        [-0.43197247, -0.05283443,  0.        , ...,  0.96252222,
          0.93974103,  0.90924199],
        ...,
        [-0.75093391, -0.946849  , -0.96252222, ...,  0.        ,
          0.07421349,  0.15407814],
        [-0.69985421, -0.92036507, -0.93974103, ..., -0.07421349,
          0.        ,  0.08032596],
        [-0.64021705, -0.88597876, -0.90924199, ..., -0.15407814,
         -0.08032596,  0.        ]],

       ...,

       [[ 0.        , -0.5436176 , -0.51610763, ..., -0.94173884,
         -0.82298106, -0.90902321],
        [ 0.5436176 ,  0.        ,  0.0324352 , ..., -0.97327556,
         -0.99956738, -0.98952337],
        [ 0.51610763, -0.0324352 ,  0.        , ..., -0.98021189,
         -0.99808746, -0.99368549],
        ...,
        [ 0.94173884,  0.97327556,  0.98021189, ...,  0.        ,
         -0.25816689, -0.08672001],
        [ 0.82298106,  0.99956738,  0.99808746, ...,  0.25816689,
          0.        ,  0.17341408],
        [ 0.90902321,  0.98952337,  0.99368549, ...,  0.08672001,
         -0.17341408,  0.        ]],

       [[ 0.        ,  0.34153446,  0.51424789, ...,  0.7416583 ,
          0.71839488,  0.71839488],
        [-0.34153446,  0.        ,  0.19041162, ...,  0.92615559,
          0.91278076,  0.91278076],
        [-0.51424789, -0.19041162,  0.        , ...,  0.98102312,
          0.97385444,  0.97385444],
        ...,
        [-0.7416583 , -0.92615559, -0.98102312, ...,  0.        ,
          0.03404048,  0.03404048],
        [-0.71839488, -0.91278076, -0.97385444, ..., -0.03404048,
          0.        ,  0.        ],
        [-0.71839488, -0.91278076, -0.97385444, ..., -0.03404048,
          0.        ,  0.        ]],

       [[ 0.        ,  0.01708513, -0.04870803, ...,  0.3251309 ,
          0.32844233,  0.32844233],
        [-0.01708513,  0.        , -0.06576577, ...,  0.34124032,
          0.34453171,  0.34453171],
        [ 0.04870803,  0.06576577,  0.        , ...,  0.27868331,
          0.28204659,  0.28204659],
        ...,
        [-0.3251309 , -0.34124032, -0.27868331, ...,  0.        ,
         -0.00350379, -0.00350379],
        [-0.32844233, -0.34453171, -0.28204659, ...,  0.00350379,
          0.        ,  0.        ],
        [-0.32844233, -0.34453171, -0.28204659, ...,  0.00350379,
          0.        ,  0.        ]]]), 'num': array([ 7.06749470e-01,  7.06749470e-01,  0.00000000e+00,  1.05136285e-03,
        1.08473945e-03,  1.04719077e-03,  3.16445615e-02, -3.33765983e-05,
        1.07889854e-03,  1.06930277e-03,  1.00808452e-03,  3.89393647e-07,
        1.12383420e-03,  1.01477134e-03])}
{'img': array([[[ 0.        ,  0.53530286,  0.40880589, ...,  0.68021818,
          0.79112811,  0.90868807],
        [-0.53530286,  0.        , -0.14322677, ...,  0.96693541,
          0.99565268,  0.9910086 ],
        [-0.40880589,  0.14322677,  0.        , ...,  0.92044032,
          0.97204673,  0.99995468],
        ...,
        [-0.68021818, -0.96693541, -0.92044032, ...,  0.        ,
         -0.16384881, -0.3821026 ],
        [-0.79112811, -0.99565268, -0.97204673, ...,  0.16384881,
          0.        , -0.22552272],
        [-0.90868807, -0.9910086 , -0.99995468, ...,  0.3821026 ,
          0.22552272,  0.        ]],

       [[ 0.        ,  0.54029708,  0.45223708, ...,  0.30323863,
          0.41577641,  0.45867744],
        [-0.54029708,  0.        , -0.10134386, ..., -0.25968948,
         -0.14151711, -0.09414422],
        [-0.45223708,  0.10134386,  0.        , ..., -0.16048548,
         -0.04046459,  0.00723423],
        ...,
        [-0.30323863,  0.25968948,  0.16048548, ...,  0.        ,
          0.12041395,  0.16762175],
        [-0.41577641,  0.14151711,  0.04046459, ..., -0.12041395,
          0.        ,  0.04769183],
        [-0.45867744,  0.09414422, -0.00723423, ..., -0.16762175,
         -0.04769183,  0.        ]],

       [[ 0.        ,  0.21057142,  0.23509212, ...,  0.71127406,
          0.65112721,  0.64453597],
        [-0.21057142,  0.        ,  0.02515124, ...,  0.84333998,
          0.79634505,  0.79108192],
        [-0.23509212, -0.02515124,  0.        , ...,  0.85658898,
          0.81130567,  0.80621694],
        ...,
        [-0.71127406, -0.84333998, -0.85658898, ...,  0.        ,
          0.08214773,  0.09076778],
        [-0.65112721, -0.79634505, -0.81130567, ..., -0.08214773,
          0.        ,  0.00865237],
        [-0.64453597, -0.79108192, -0.80621694, ..., -0.09076778,
         -0.00865237,  0.        ]],

       ...,

       [[ 0.        ,  0.19156085, -0.4689655 , ..., -0.93182506,
         -0.98236964, -0.93182506],
        [-0.19156085,  0.        , -0.6294703 , ..., -0.84504942,
         -0.92836479, -0.84504942],
        [ 0.4689655 ,  0.6294703 ,  0.        , ..., -0.99319448,
         -0.95531764, -0.99319448],
        ...,
        [ 0.93182506,  0.84504942,  0.99319448, ...,  0.        ,
          0.18230594,  0.        ],
        [ 0.98236964,  0.92836479,  0.95531764, ..., -0.18230594,
          0.        , -0.18230594],
        [ 0.93182506,  0.84504942,  0.99319448, ...,  0.        ,
          0.18230594,  0.        ]],

       [[ 0.        ,  0.40294656,  0.51541612, ...,  0.72741193,
          0.72741193,  0.73756886],
        [-0.40294656,  0.        ,  0.1264199 , ...,  0.94224685,
          0.94224685,  0.94713886],
        [-0.51541612, -0.1264199 ,  0.        , ...,  0.97702749,
          0.97702749,  0.98009832],
        ...,
        [-0.72741193, -0.94224685, -0.97702749, ...,  0.        ,
          0.        , -0.01491967],
        [-0.72741193, -0.94224685, -0.97702749, ...,  0.        ,
          0.        , -0.01491967],
        [-0.73756886, -0.94713886, -0.98009832, ...,  0.01491967,
          0.01491967,  0.        ]],

       [[ 0.        , -0.06576577,  0.11885462, ...,  0.34453171,
          0.34453171,  0.37418936],
        [ 0.06576577,  0.        ,  0.18389692, ...,  0.28204659,
          0.28204659,  0.31239123],
        [-0.11885462, -0.18389692,  0.        , ...,  0.45366727,
          0.45366727,  0.48175709],
        ...,
        [-0.34453171, -0.28204659, -0.45366727, ...,  0.        ,
          0.        , -0.03177722],
        [-0.34453171, -0.28204659, -0.45366727, ...,  0.        ,
          0.        , -0.03177722],
        [-0.37418936, -0.31239123, -0.48175709, ...,  0.03177722,
          0.03177722,  0.        ]]]), 'num': array([8.28967036e-01, 5.55235538e-01, 2.05813156e-06, 1.27911915e-03,
       1.27911915e-03, 1.23584068e-03, 6.71924750e-02, 6.73220604e-05,
       1.25699904e-03, 1.23367676e-03, 1.16771717e-03, 6.04172337e-07,
       1.29908063e-03, 1.16827288e-03])}
{'img': array([[[ 0.        , -0.15684089, -0.5056391 , ...,  0.99241815,
          0.99441549,  0.94752867],
        [ 0.15684089,  0.        , -0.36406754, ...,  0.96085897,
          0.99866084,  0.88566449],
        [ 0.5056391 ,  0.36406754,  0.        , ...,  0.79405713,
          0.9112902 ,  0.65583765],
        ...,
        [-0.99241815, -0.96085897, -0.79405713, ...,  0.        ,
         -0.22695679,  0.20078886],
        [-0.99441549, -0.99866084, -0.9112902 , ...,  0.22695679,
          0.        ,  0.41788396],
        [-0.94752867, -0.88566449, -0.65583765, ..., -0.20078886,
         -0.41788396,  0.        ]],

       [[ 0.        , -0.10134386, -0.01739111, ..., -0.14151711,
         -0.09414422,  0.60231487],
        [ 0.10134386,  0.        ,  0.08402696, ..., -0.04046459,
          0.00723423,  0.68011243],
        [ 0.01739111, -0.08402696,  0.        , ..., -0.12427962,
         -0.07681612,  0.61610638],
        ...,
        [ 0.14151711,  0.04046459,  0.12427962, ...,  0.        ,
          0.04769183,  0.7092203 ],
        [ 0.09414422, -0.00723423,  0.07681612, ..., -0.04769183,
          0.        ,  0.67479116],
        [-0.60231487, -0.68011243, -0.61610638, ..., -0.7092203 ,
         -0.67479116,  0.        ]],

       [[ 0.        ,  0.05221871, -0.08233858, ...,  0.71390186,
          0.70778302,  0.60765272],
        [-0.05221871,  0.        , -0.13426764, ...,  0.74949379,
          0.74370623,  0.64829593],
        [ 0.08233858,  0.13426764,  0.        , ...,  0.6538205 ,
          0.64721325,  0.54019585],
        ...,
        [-0.71390186, -0.74949379, -0.6538205 , ...,  0.        ,
          0.00869955,  0.14147665],
        [-0.70778302, -0.74370623, -0.64721325, ..., -0.00869955,
          0.        ,  0.13285925],
        [-0.60765272, -0.64829593, -0.54019585, ..., -0.14147665,
         -0.13285925,  0.        ]],

       ...,

       [[ 0.        , -0.6294703 , -0.86242328, ..., -0.92836479,
         -0.84504942, -0.99990911],
        [ 0.6294703 ,  0.        , -0.35149386, ..., -0.95531764,
         -0.99319448, -0.76846745],
        [ 0.86242328,  0.35149386,  0.        , ..., -0.79046405,
         -0.88888126, -0.49451468],
        ...,
        [ 0.92836479,  0.95531764,  0.79046405, ...,  0.        ,
         -0.18230594,  0.38415265],
        [ 0.84504942,  0.99319448,  0.88888126, ...,  0.18230594,
          0.        ,  0.54603249],
        [ 0.99990911,  0.76846745,  0.49451468, ..., -0.38415265,
         -0.54603249,  0.        ]],

       [[ 0.        ,  0.34354384,  0.43881679, ...,  0.74026892,
          0.75047575,  0.73242632],
        [-0.34354384,  0.        ,  0.10340848, ...,  0.92618193,
          0.93184671,  0.92174895],
        [-0.43881679, -0.10340848,  0.        , ...,  0.9602096 ,
          0.96437305,  0.95690791],
        ...,
        [-0.74026892, -0.92618193, -0.9602096 , ...,  0.        ,
         -0.01531077,  0.01159117],
        [-0.75047575, -0.93184671, -0.96437305, ...,  0.01531077,
          0.        ,  0.02689956],
        [-0.73242632, -0.92174895, -0.95690791, ..., -0.01159117,
         -0.02689956,  0.        ]],

       [[ 0.        ,  0.18389692,  0.29198247, ...,  0.28204659,
          0.31239123,  0.32963346],
        [-0.18389692,  0.        ,  0.1111195 , ...,  0.45366727,
          0.48175709,  0.49763047],
        [-0.29198247, -0.1111195 ,  0.        , ...,  0.54988422,
          0.57614815,  0.59093252],
        ...,
        [-0.28204659, -0.45366727, -0.54988422, ...,  0.        ,
         -0.03177722, -0.04996786],
        [-0.31239123, -0.48175709, -0.57614815, ...,  0.03177722,
          0.        , -0.01820511],
        [-0.32963346, -0.49763047, -0.59093252, ...,  0.04996786,
          0.01820511,  0.        ]]]), 'num': array([8.91557811e-01, 4.45534711e-01, 3.26756850e-06, 1.39382219e-03,
       1.42445564e-03, 1.37850546e-03, 8.12962465e-02, 3.57390305e-05,
       1.34378755e-03, 1.31238825e-03, 1.24601577e-03, 6.80743437e-07,
       1.38978279e-03, 1.23499372e-03])}
{'img': array([[[ 0.        , -0.36406754,  0.09591959, ...,  0.99866084,
          0.88566449,  0.68783592],
        [ 0.36406754,  0.        ,  0.45172573, ...,  0.9112902 ,
          0.65583765,  0.37636717],
        [-0.09591959, -0.45172573,  0.        , ...,  0.99901852,
          0.9261187 ,  0.75428916],
        ...,
        [-0.99866084, -0.9112902 , -0.99901852, ...,  0.        ,
          0.41788396,  0.68930885],
        [-0.88566449, -0.65583765, -0.9261187 , ..., -0.41788396,
          0.        ,  0.32349398],
        [-0.68783592, -0.37636717, -0.75428916, ..., -0.68930885,
         -0.32349398,  0.        ]],

       [[ 0.        ,  0.08402696, -0.25428816, ...,  0.00723423,
          0.68011243,  0.82212528],
        [-0.08402696,  0.        , -0.33465373, ..., -0.07681612,
          0.61610638,  0.77138071],
        [ 0.25428816,  0.33465373,  0.        , ...,  0.26127794,
          0.84417675,  0.93986872],
        ...,
        [-0.00723423,  0.07681612, -0.26127794, ...,  0.        ,
          0.67479116,  0.81798527],
        [-0.68011243, -0.61610638, -0.84417675, ..., -0.67479116,
          0.        ,  0.21551397],
        [-0.82212528, -0.77138071, -0.93986872, ..., -0.81798527,
         -0.21551397,  0.        ]],

       [[ 0.        , -0.13426764,  0.03032523, ...,  0.74370623,
          0.64829593,  0.56684617],
        [ 0.13426764,  0.        ,  0.16425652, ...,  0.64721325,
          0.54019585,  0.45110058],
        [-0.03032523, -0.16425652,  0.        , ...,  0.7636368 ,
          0.67108705,  0.59156811],
        ...,
        [-0.74370623, -0.64721325, -0.7636368 , ...,  0.        ,
          0.13285925,  0.2337424 ],
        [-0.64829593, -0.54019585, -0.67108705, ..., -0.13285925,
          0.        ,  0.10249139],
        [-0.56684617, -0.45110058, -0.59156811, ..., -0.2337424 ,
         -0.10249139,  0.        ]],

       ...,

       [[ 0.        , -0.71883617, -0.63465256, ..., -0.87928157,
         -0.99005932, -0.95776744],
        [ 0.71883617,  0.        ,  0.11431741, ..., -0.95364189,
         -0.58716433, -0.4591233 ],
        [ 0.63465256, -0.11431741,  0.        , ..., -0.98179319,
         -0.6758513 , -0.55766986],
        ...,
        [ 0.87928157,  0.95364189,  0.98179319, ...,  0.        ,
          0.59523892,  0.70901898],
        [ 0.99005932,  0.58716433,  0.6758513 , ..., -0.59523892,
          0.        ,  0.14997517],
        [ 0.95776744,  0.4591233 ,  0.55766986, ..., -0.70901898,
         -0.14997517,  0.        ]],

       [[ 0.        ,  0.28621017,  0.4138227 , ...,  0.75971632,
          0.74161199,  0.68867508],
        [-0.28621017,  0.        ,  0.13595762, ...,  0.9140445 ,
          0.90258614,  0.86738808],
        [-0.4138227 , -0.13595762,  0.        , ...,  0.96070358,
          0.95273634,  0.92699098],
        ...,
        [-0.75971632, -0.9140445 , -0.96070358, ...,  0.        ,
          0.02740316,  0.1030334 ],
        [-0.74161199, -0.90258614, -0.95273634, ..., -0.02740316,
          0.        ,  0.0757374 ],
        [-0.68867508, -0.86738808, -0.92699098, ..., -0.1030334 ,
         -0.0757374 ,  0.        ]],

       [[ 0.        ,  0.2297485 ,  0.34939632, ...,  0.3136971 ,
          0.33100701,  0.38861117],
        [-0.2297485 ,  0.        ,  0.12478137, ...,  0.52345722,
          0.53894978,  0.58990653],
        [-0.34939632, -0.12478137,  0.        , ...,  0.62568622,
          0.63984556,  0.68605338],
        ...,
        [-0.3136971 , -0.52345722, -0.62568622, ...,  0.        ,
         -0.01828535, -0.0799542 ],
        [-0.33100701, -0.53894978, -0.63984556, ...,  0.01828535,
          0.        , -0.06171402],
        [-0.38861117, -0.58990653, -0.68605338, ...,  0.0799542 ,
          0.06171402,  0.        ]]]), 'num': array([8.98876375e-01, 4.33278424e-01, 3.36171806e-06, 1.41519134e-03,
       1.43051832e-03, 1.34366542e-03, 6.53955014e-02, 2.04359760e-05,
       1.35694881e-03, 1.31837590e-03, 1.25364495e-03, 6.77095591e-07,
       1.40765768e-03, 1.22909413e-03])}
{'img': array([[[ 0.        ,  0.44913786,  0.38595368, ...,  0.67952087,
          0.42932998,  0.        ],
        [-0.44913786,  0.        , -0.0695027 , ...,  0.93663916,
          0.78922805,  0.44913786],
        [-0.38595368,  0.0695027 ,  0.        , ...,  0.91002765,
          0.74463788,  0.38595368],
        ...,
        [-0.67952087, -0.93663916, -0.91002765, ...,  0.        ,
          0.29872712,  0.67952087],
        [-0.42932998, -0.78922805, -0.74463788, ..., -0.29872712,
          0.        ,  0.42932998],
        [-0.        , -0.44913786, -0.38595368, ..., -0.67952087,
         -0.42932998,  0.        ]],

       [[ 0.        , -0.33465373, -0.84087997, ...,  0.61610638,
          0.77138071,  0.51057913],
        [ 0.33465373,  0.        , -0.61127397, ...,  0.84417675,
          0.93986872,  0.76888531],
        [ 0.84087997,  0.61127397,  0.        , ...,  0.99578011,
          0.95260204,  0.99935095],
        ...,
        [-0.61610638, -0.84417675, -0.99578011, ...,  0.        ,
          0.21551397, -0.12758296],
        [-0.77138071, -0.93986872, -0.95260204, ..., -0.21551397,
          0.        , -0.33833762],
        [-0.51057913, -0.76888531, -0.99935095, ...,  0.12758296,
          0.33833762,  0.        ]],

       [[ 0.        ,  0.16425652,  0.26669703, ...,  0.54019585,
          0.45110058,  0.27867718],
        [-0.16425652,  0.        ,  0.10476743, ...,  0.67108705,
          0.59156811,  0.43264157],
        [-0.26669703, -0.10476743,  0.        , ...,  0.74506622,
          0.67278183,  0.52471539],
        ...,
        [-0.54019585, -0.67108705, -0.74506622, ...,  0.        ,
          0.10249139,  0.28427809],
        [-0.45110058, -0.59156811, -0.67278183, ..., -0.10249139,
          0.        ,  0.18451826],
        [-0.27867718, -0.43264157, -0.52471539, ..., -0.28427809,
         -0.18451826,  0.        ]],

       ...,

       [[ 0.        ,  0.16181932,  0.07272979, ..., -0.66636751,
         -0.53478457, -0.54963598],
        [-0.16181932,  0.        , -0.08961953, ..., -0.77824134,
         -0.66447178, -0.67757655],
        [-0.07272979,  0.08961953,  0.        , ..., -0.7188318 ,
         -0.59482412, -0.60893915],
        ...,
        [ 0.66636751,  0.77824134,  0.7188318 , ...,  0.        ,
          0.16432493,  0.14686479],
        [ 0.53478457,  0.66447178,  0.59482412, ..., -0.16432493,
          0.        , -0.01767474],
        [ 0.54963598,  0.67757655,  0.60893915, ..., -0.14686479,
          0.01767474,  0.        ]],

       [[ 0.        ,  0.30866978,  0.36763948, ...,  0.74791291,
          0.69480658,  0.58851184],
        [-0.30866978,  0.        ,  0.06263423, ...,  0.9162858 ,
          0.88287293,  0.80933037],
        [-0.36763948, -0.06263423,  0.        , ...,  0.9395733 ,
          0.91055324,  0.84452974],
        ...,
        [-0.74791291, -0.9162858 , -0.9395733 , ...,  0.        ,
          0.07668602,  0.21402675],
        [-0.69480658, -0.88287293, -0.91055324, ..., -0.07668602,
          0.        ,  0.13848746],
        [-0.58851184, -0.80933037, -0.84452974, ..., -0.21402675,
         -0.13848746,  0.        ]],

       [[ 0.        ,  0.26866655,  0.43692647, ...,  0.33317756,
          0.39112787,  0.45145233],
        [-0.26866655,  0.        ,  0.17919729, ...,  0.57424374,
          0.62401096,  0.67458377],
        [-0.43692647, -0.17919729,  0.        , ...,  0.71165458,
          0.75393775,  0.79594753],
        ...,
        [-0.33317756, -0.57424374, -0.71165458, ...,  0.        ,
         -0.06214501, -0.12836544],
        [-0.39112787, -0.62401096, -0.75393775, ...,  0.06214501,
          0.        , -0.06648645],
        [-0.45145233, -0.67458377, -0.79594753, ...,  0.12836544,
          0.06648645,  0.        ]]]), 'num': array([ 8.81334979e-01,  4.63489667e-01,  3.07239200e-06,  1.37449116e-03,
        1.45029030e-03,  1.35427805e-03,  9.17150347e-02, -2.52663816e-05,
        1.35427805e-03,  1.30450328e-03,  1.24650851e-03,  5.83070344e-07,
        1.39429106e-03,  1.21471550e-03])}
{'img': array([[[ 0.        , -0.07582481, -0.42044706, ...,  0.770316  ,
          0.42044706,  0.8033888 ],
        [ 0.07582481,  0.        , -0.35043951, ...,  0.71974776,
          0.35043951,  0.75592572],
        [ 0.42044706,  0.35043951,  0.        , ...,  0.4308176 ,
          0.        ,  0.47857114],
        ...,
        [-0.770316  , -0.71974776, -0.4308176 , ...,  0.        ,
          0.4308176 , -0.0536024 ],
        [-0.42044706, -0.35043951, -0.        , ..., -0.4308176 ,
          0.        , -0.47857114],
        [-0.8033888 , -0.75592572, -0.47857114, ...,  0.0536024 ,
          0.47857114,  0.        ]],

       [[ 0.        , -0.61127397,  0.28355804, ...,  0.93986872,
          0.76888531,  0.996871  ],
        [ 0.61127397,  0.        ,  0.81059751, ...,  0.95260204,
          0.99935095,  0.83726124],
        [-0.28355804, -0.81059751,  0.        , ...,  0.80444662,
          0.55602323,  0.93354049],
        ...,
        [-0.93986872, -0.95260204, -0.80444662, ...,  0.        ,
         -0.33833762,  0.26617477],
        [-0.76888531, -0.99935095, -0.55602323, ...,  0.33833762,
          0.        ,  0.57660908],
        [-0.996871  , -0.83726124, -0.93354049, ..., -0.26617477,
         -0.57660908,  0.        ]],

       [[ 0.        ,  0.13096851, -0.10570287, ...,  0.58951401,
          0.45704143,  0.10570287],
        [-0.13096851,  0.        , -0.23502719, ...,  0.69022713,
          0.56959406,  0.23502719],
        [ 0.10570287,  0.23502719,  0.        , ...,  0.50082906,
          0.36046404,  0.        ],
        ...,
        [-0.58951401, -0.69022713, -0.50082906, ...,  0.        ,
          0.15516159,  0.50082906],
        [-0.45704143, -0.56959406, -0.36046404, ..., -0.15516159,
          0.        ,  0.36046404],
        [-0.10570287, -0.23502719, -0.        , ..., -0.50082906,
         -0.36046404,  0.        ]],

       ...,

       [[ 0.        , -0.08961953, -0.38643205, ..., -0.66447178,
         -0.67757655, -0.89273212],
        [ 0.08961953,  0.        , -0.30221939, ..., -0.59482412,
         -0.60893915, -0.84875837],
        [ 0.38643205,  0.30221939,  0.        , ..., -0.32406837,
         -0.34073864, -0.64926123],
        ...,
        [ 0.66447178,  0.59482412,  0.32406837, ...,  0.        ,
         -0.01767474, -0.36774777],
        [ 0.67757655,  0.60893915,  0.34073864, ...,  0.01767474,
          0.        , -0.35125413],
        [ 0.89273212,  0.84875837,  0.64926123, ...,  0.36774777,
          0.35125413,  0.        ]],

       [[ 0.        ,  0.20734186,  0.17066399, ...,  0.70200791,
          0.59504044,  0.58011267],
        [-0.20734186,  0.        , -0.03734479, ...,  0.83441473,
          0.74874912,  0.73639344],
        [-0.17066399,  0.03734479,  0.        , ...,  0.81325058,
          0.7234727 ,  0.71061401],
        ...,
        [-0.70200791, -0.83441473, -0.81325058, ...,  0.        ,
          0.14043134,  0.15867253],
        [-0.59504044, -0.74874912, -0.7234727 , ..., -0.14043134,
          0.        ,  0.0184479 ],
        [-0.58011267, -0.73639344, -0.71061401, ..., -0.15867253,
         -0.0184479 ,  0.        ]],

       [[ 0.        ,  0.35446218,  0.52379727, ...,  0.39461996,
          0.45541712,  0.46350453],
        [-0.35446218,  0.        ,  0.18784119, ...,  0.69469302,
          0.74141699,  0.74749635],
        [-0.52379727, -0.18784119,  0.        , ...,  0.81744244,
          0.85426915,  0.85896697],
        ...,
        [-0.39461996, -0.69469302, -0.81744244, ...,  0.        ,
         -0.06713595, -0.07621796],
        [-0.45541712, -0.74141699, -0.85426915, ...,  0.06713595,
          0.        , -0.00910534],
        [-0.46350453, -0.74749635, -0.85896697, ...,  0.07621796,
          0.00910534,  0.        ]]]), 'num': array([8.29544824e-01, 5.50819344e-01, 1.87693926e-06, 1.37303192e-03,
       1.38227793e-03, 1.29444087e-03, 9.18728943e-02, 1.15575077e-04,
       1.28057186e-03, 1.20244311e-03, 1.14793790e-03, 6.28369353e-07,
       1.31590558e-03, 1.08898063e-03])}
{'img': array([[[ 0.        , -0.31521704,  0.16846478, ...,  0.9451783 ,
          0.97713156,  0.31521704],
        [ 0.31521704,  0.        ,  0.47058824, ...,  0.79405713,
          0.86029063,  0.        ],
        [-0.16846478, -0.47058824,  0.        , ...,  0.98668247,
          0.99898769,  0.47058824],
        ...,
        [-0.9451783 , -0.79405713, -0.98668247, ...,  0.        ,
         -0.11810832,  0.79405713],
        [-0.97713156, -0.86029063, -0.99898769, ...,  0.11810832,
          0.        ,  0.86029063],
        [-0.31521704, -0.        , -0.47058824, ..., -0.79405713,
         -0.86029063,  0.        ]],

       [[ 0.        ,  0.81059751,  0.88805924, ...,  0.99935095,
          0.83726124,  0.67854115],
