state_0,state_1,state_2,state_3,state_4,state_5,state_6,state_7,state_8,state_9,state_10,state_11,state_12,state_13,state_14,state_15,state_16,state_17,state_18,state_19,state_20,state_21,state_22,state_23,state_24,state_25,state_26,state_27,state_28,state_29,state_30,state_31,state_32,state_33,state_34,state_35,state_36,state_37,state_38,state_39,state_40,state_41,state_42,state_43,state_44,state_45,state_46,state_47,state_48,state_49,state_50,state_51,state_52,state_53,state_54,state_55,state_56,state_57,state_58,state_59,state_60,state_61,state_62,state_63,state_64,state_65,state_66,state_67,state_68,state_69,state_70,state_71,state_72,state_73,state_74,state_75,state_76,state_77,state_78,state_79,state_80,state_81,state_82,state_83,state_84,state_85,state_86,state_87,state_88,state_89,state_90,state_91,state_92,state_93,state_94,state_95,state_96,state_97,state_98,state_99,state_100,state_101,state_102,state_103,state_104,state_105,state_106,state_107,state_108,state_109,state_110,state_111,state_112,state_113,state_114,state_115,state_116,state_117,state_118,state_119,state_120,state_121,state_122,state_123,state_124,state_125,state_126,state_127,state_128,state_129,state_130,state_131,state_132,state_133,state_134,state_135,state_136,state_137,state_138,state_139,state_140,state_141,state_142,state_143,state_144,state_145,state_146,state_147,state_148,state_149,state_150,state_151,state_152,state_153,state_154,state_155,state_156,state_157,state_158,state_159,state_160,state_161,state_162,state_163,state_164,state_165,state_166,state_167,state_168,state_169,state_170,state_171,state_172,state_173,state_174,state_175,state_176,state_177,state_178,state_179,state_180,state_181,state_182,state_183,state_184,state_185,state_186,state_187,state_188,state_189,state_190,state_191,state_192,state_193,state_194,state_195,state_196,state_197,state_198,state_199,state_200,state_201,state_202,state_203,state_204,state_205,state_206,state_207,state_208,state_209,state_210,state_211,state_212,state_213,state_214,state_215,state_216,state_217,state_218,state_219,state_220,state_221,state_222,state_223,state_224,state_225,state_226,state_227,state_228,state_229,state_230,state_231,state_232,state_233,state_234,state_235,state_236,state_237,state_238,state_239,state_240,state_241,state_242,state_243,state_244,state_245,state_246,state_247,state_248,state_249,state_250,state_251,state_252,state_253,state_254,state_255,state_256,state_257,state_258,state_259,state_260,state_261,state_262,state_263,state_264,state_265,state_266,state_267,state_268,state_269,state_270,state_271,state_272,state_273,state_274,state_275,state_276,state_277,state_278,state_279,state_280,state_281,state_282,state_283,state_284,state_285,state_286,state_287
{'img': array([[[ 0.        , -0.4166554 , -0.59598777, ...,  0.40472028,
          0.83995109,  0.57057665],
        [ 0.4166554 ,  0.        , -0.20721974, ...,  0.74892343,
          0.98967282,  0.86086688],
        [ 0.59598777,  0.20721974,  0.        , ...,  0.86998313,
          0.99789526,  0.94762094],
        ...,
        [-0.40472028, -0.74892343, -0.86998313, ...,  0.        ,
          0.54845896,  0.18938418],
        [-0.83995109, -0.98967282, -0.99789526, ..., -0.54845896,
          0.        , -0.38017475],
        [-0.57057665, -0.86086688, -0.94762094, ..., -0.18938418,
          0.38017475,  0.        ]],

       [[ 0.        , -0.38503161, -0.47207808, ..., -0.31445878,
          0.9510351 , -0.20389423],
        [ 0.38503161,  0.        , -0.09625525, ...,  0.07528431,
          0.75870684,  0.18876854],
        [ 0.47207808,  0.09625525,  0.        , ...,  0.17091683,
          0.69248015,  0.28241676],
        ...,
        [ 0.31445878, -0.07528431, -0.17091683, ...,  0.        ,
          0.80559633,  0.11430202],
        [-0.9510351 , -0.75870684, -0.69248015, ..., -0.80559633,
          0.        , -0.86803642],
        [ 0.20389423, -0.18876854, -0.28241676, ..., -0.11430202,
          0.86803642,  0.        ]],

       [[ 0.        , -0.56159044, -0.84687506, ..., -0.45723163,
         -0.25489231,  0.        ],
        [ 0.56159044,  0.        , -0.40206818, ...,  0.12112866,
          0.33213899,  0.56159044],
        [ 0.84687506,  0.40206818,  0.        , ...,  0.51001426,
          0.68335264,  0.84687506],
        ...,
        [ 0.45723163, -0.12112866, -0.51001426, ...,  0.        ,
          0.21544114,  0.45723163],
        [ 0.25489231, -0.33213899, -0.68335264, ..., -0.21544114,
          0.        ,  0.25489231],
        [ 0.        , -0.56159044, -0.84687506, ..., -0.45723163,
         -0.25489231,  0.        ]],

       ...,

       [[ 0.        , -0.3527545 , -0.38343043, ...,  0.28232418,
          0.49633239,  0.50921168],
        [ 0.3527545 ,  0.        , -0.03298857, ...,  0.60257934,
          0.77066379,  0.78007257],
        [ 0.38343043,  0.03298857,  0.        , ...,  0.6285782 ,
          0.79126604,  0.80028858],
        ...,
        [-0.28232418, -0.60257934, -0.6285782 , ...,  0.        ,
          0.23104631,  0.24551662],
        [-0.49633239, -0.77066379, -0.79126604, ..., -0.23104631,
          0.        ,  0.01489908],
        [-0.50921168, -0.78007257, -0.80028858, ..., -0.24551662,
         -0.01489908,  0.        ]],

       [[ 0.        ,  0.18993991,  0.32220718, ..., -0.56853394,
         -0.51153701, -0.49417496],
        [-0.18993991,  0.        ,  0.13653138, ..., -0.71444011,
         -0.66543285, -0.65030549],
        [-0.32220718, -0.13653138,  0.        , ..., -0.80328045,
         -0.76111647, -0.74793504],
        ...,
        [ 0.56853394,  0.71444011,  0.80328045, ...,  0.        ,
          0.06769824,  0.08772419],
        [ 0.51153701,  0.66543285,  0.76111647, ..., -0.06769824,
          0.        ,  0.02008569],
        [ 0.49417496,  0.65030549,  0.74793504, ..., -0.08772419,
         -0.02008569,  0.        ]],

       [[ 0.        , -0.58969442, -0.80098174, ..., -0.34077039,
         -0.33650384, -0.34940905],
        [ 0.58969442,  0.        , -0.29385062, ...,  0.27918399,
          0.28353527,  0.27033415],
        [ 0.80098174,  0.29385062,  0.        , ...,  0.54902482,
          0.5528091 ,  0.54130882],
        ...,
        [ 0.34077039, -0.27918399, -0.54902482, ...,  0.        ,
          0.00453445, -0.00920399],
        [ 0.33650384, -0.28353527, -0.5528091 , ..., -0.00453445,
          0.        , -0.01373815],
        [ 0.34940905, -0.27033415, -0.54130882, ...,  0.00920399,
          0.01373815,  0.        ]]]), 'num': array([ 7.22489449e-01,  6.91312222e-01,  5.19620451e-06,  9.14288184e-05,
        9.35621575e-05,  9.09716743e-05,  9.81552366e-03, -1.52381364e-06,
        9.21907252e-05,  8.95316704e-05,  8.00725972e-05,  8.43656479e-07,
        9.41891339e-05,  8.48742069e-05])}
{'img': array([[[ 0.        , -0.20721974, -0.22726504, ...,  0.98967282,
          0.86086688,  0.77385846],
        [ 0.20721974,  0.        , -0.02053471, ...,  0.99789526,
          0.94762094,  0.88830582],
        [ 0.22726504,  0.02053471,  0.        , ...,  0.99635324,
          0.95397985,  0.89754913],
        ...,
        [-0.98967282, -0.99789526, -0.99635324, ...,  0.        ,
         -0.38017475, -0.51588925],
        [-0.86086688, -0.94762094, -0.95397985, ...,  0.38017475,
          0.        , -0.15147482],
        [-0.77385846, -0.88830582, -0.89754913, ...,  0.51588925,
          0.15147482,  0.        ]],

       [[ 0.        , -0.09625525, -0.39487898, ...,  0.75870684,
          0.18876854, -0.062543  ],
        [ 0.09625525,  0.        , -0.30461254, ...,  0.69248015,
          0.28241676,  0.03381421],
        [ 0.39487898,  0.30461254,  0.        , ...,  0.43981223,
          0.5612076 ,  0.33664558],
        ...,
        [-0.75870684, -0.69248015, -0.43981223, ...,  0.        ,
         -0.86803642, -0.71647897],
        [-0.18876854, -0.28241676, -0.5612076 , ...,  0.86803642,
          0.        , -0.24981756],
        [ 0.062543  , -0.03381421, -0.33664558, ...,  0.71647897,
          0.24981756,  0.        ]],

       [[ 0.        , -0.3792214 , -0.58193675, ...,  0.27534739,
          0.37147214,  0.60875934],
        [ 0.3792214 ,  0.        , -0.23007379, ...,  0.61934311,
          0.69581126,  0.86414582],
        [ 0.58193675,  0.23007379,  0.        , ...,  0.78336374,
          0.84238953,  0.95674622],
        ...,
        [-0.27534739, -0.61934311, -0.78336374, ...,  0.        ,
          0.10146815,  0.36677941],
        [-0.37147214, -0.69581126, -0.84238953, ..., -0.10146815,
          0.        ,  0.27048976],
        [-0.60875934, -0.86414582, -0.95674622, ..., -0.36677941,
         -0.27048976,  0.        ]],

       ...,

       [[ 0.        , -0.03298857, -0.32471294, ...,  0.77066379,
          0.78007257,  0.71442747],
        [ 0.03298857,  0.        , -0.2933352 , ...,  0.79126604,
          0.80028858,  0.73712104],
        [ 0.32471294,  0.2933352 ,  0.        , ...,  0.93582425,
          0.94097181,  0.90291924],
        ...,
        [-0.77066379, -0.79126604, -0.93582425, ...,  0.        ,
          0.01489908, -0.08397762],
        [-0.78007257, -0.80028858, -0.94097181, ..., -0.01489908,
          0.        , -0.09881475],
        [-0.71442747, -0.73712104, -0.90291924, ...,  0.08397762,
          0.09881475,  0.        ]],

       [[ 0.        ,  0.13653138,  0.25088545, ..., -0.66543285,
         -0.65030549, -0.64914861],
        [-0.13653138,  0.        ,  0.11637143, ..., -0.76111647,
         -0.74793504, -0.74692399],
        [-0.25088545, -0.11637143,  0.        , ..., -0.83142554,
         -0.82009748, -0.81922567],
        ...,
        [ 0.66543285,  0.76111647,  0.83142554, ...,  0.        ,
          0.02008569,  0.02160723],
        [ 0.65030549,  0.74793504,  0.82009748, ..., -0.02008569,
          0.        ,  0.00152187],
        [ 0.64914861,  0.74692399,  0.81922567, ..., -0.02160723,
         -0.00152187,  0.        ]],

       [[ 0.        , -0.32950936, -0.52349587, ...,  0.50704762,
          0.41977165,  0.41793671],
        [ 0.32950936,  0.        , -0.21350856, ...,  0.76274025,
          0.69540088,  0.69394731],
        [ 0.52349587,  0.21350856,  0.        , ...,  0.88322941,
          0.83279771,  0.83167738],
        ...,
        [-0.50704762, -0.76274025, -0.88322941, ...,  0.        ,
         -0.09840275, -0.10041348],
        [-0.41977165, -0.69540088, -0.83279771, ...,  0.09840275,
          0.        , -0.00202074],
        [-0.41793671, -0.69394731, -0.83167738, ...,  0.10041348,
          0.00202074,  0.        ]]]), 'num': array([ 7.07098454e-01,  7.07098454e-01,  0.00000000e+00,  4.66605082e-05,
        4.87378596e-05,  4.61811194e-05,  4.85123870e-03, -1.27837009e-06,
        4.81306338e-05,  4.69241720e-05,  4.21023198e-05,  3.70955606e-07,
        4.93686370e-05,  4.44797070e-05])}
{'img': array([[[ 0.        , -0.02053471, -0.38112312, ...,  0.94762094,
          0.88830582,  0.78894646],
        [ 0.02053471,  0.        , -0.36205792, ...,  0.95397985,
          0.89754913,  0.8013979 ],
        [ 0.38112312,  0.36205792,  0.        , ...,  0.99782823,
          0.99629202,  0.96358582],
        ...,
        [-0.94762094, -0.95397985, -0.99782823, ...,  0.        ,
         -0.15147482, -0.33028973],
        [-0.88830582, -0.89754913, -0.99629202, ...,  0.15147482,
          0.        , -0.18350457],
        [-0.78894646, -0.8013979 , -0.96358582, ...,  0.33028973,
          0.18350457,  0.        ]],

       [[ 0.        , -0.30461254, -0.30201001, ...,  0.28241676,
          0.03381421,  0.00285592],
        [ 0.30461254,  0.        ,  0.00273119, ...,  0.5612076 ,
          0.33664558,  0.3073315 ],
        [ 0.30201001, -0.00273119,  0.        , ...,  0.55894497,
          0.33407255,  0.30473134],
        ...,
        [-0.28241676, -0.5612076 , -0.55894497, ...,  0.        ,
         -0.24981756, -0.27967595],
        [-0.03381421, -0.33664558, -0.33407255, ...,  0.24981756,
          0.        , -0.03095978],
        [-0.00285592, -0.3073315 , -0.30473134, ...,  0.27967595,
          0.03095978,  0.        ]],

       [[ 0.        , -0.23007379, -0.53304792, ...,  0.69581126,
          0.86414582,  0.74317932],
        [ 0.23007379,  0.        , -0.32408595, ...,  0.84238953,
          0.95674622,  0.87718278],
        [ 0.53304792,  0.32408595,  0.        , ...,  0.97156368,
          0.99939269,  0.98545117],
        ...,
        [-0.69581126, -0.84238953, -0.97156368, ...,  0.        ,
          0.27048976,  0.06820777],
        [-0.86414582, -0.95674622, -0.99939269, ..., -0.27048976,
          0.        , -0.20419464],
        [-0.74317932, -0.87718278, -0.98545117, ..., -0.06820777,
          0.20419464,  0.        ]],

       ...,

       [[ 0.        , -0.2933352 , -0.36938177, ...,  0.80028858,
          0.73712104,  0.53778057],
        [ 0.2933352 ,  0.        , -0.08054266, ...,  0.94097181,
          0.90291924,  0.76142988],
        [ 0.36938177,  0.08054266,  0.        , ...,  0.96517722,
          0.93460386,  0.81116768],
        ...,
        [-0.80028858, -0.94097181, -0.96517722, ...,  0.        ,
         -0.09881475, -0.35224986],
        [-0.73712104, -0.90291924, -0.93460386, ...,  0.09881475,
          0.        , -0.25804458],
        [-0.53778057, -0.76142988, -0.81116768, ...,  0.35224986,
          0.25804458,  0.        ]],

       [[ 0.        ,  0.11637143,  0.2834543 , ..., -0.74793504,
         -0.74692399, -0.74865289],
        [-0.11637143,  0.        ,  0.16992991, ..., -0.82009748,
         -0.81922567, -0.82071622],
        [-0.2834543 , -0.16992991,  0.        , ..., -0.90540805,
         -0.9047609 , -0.90586693],
        ...,
        [ 0.74793504,  0.82009748,  0.90540805, ...,  0.        ,
          0.00152187, -0.00108214],
        [ 0.74692399,  0.81922567,  0.9047609 , ..., -0.00152187,
          0.        , -0.00260401],
        [ 0.74865289,  0.82071622,  0.90586693, ...,  0.00108214,
          0.00260401,  0.        ]],

       [[ 0.        , -0.21350856, -0.46142834, ...,  0.69540088,
          0.69394731,  0.68081584],
        [ 0.21350856,  0.        , -0.26136837, ...,  0.83279771,
          0.83167738,  0.82150237],
        [ 0.46142834,  0.26136837,  0.        , ...,  0.94853657,
          0.94789473,  0.94197981],
        ...,
        [-0.69540088, -0.83279771, -0.94853657, ...,  0.        ,
         -0.00202074, -0.02010034],
        [-0.69394731, -0.83167738, -0.94789473, ...,  0.00202074,
          0.        , -0.01807997],
        [-0.68081584, -0.82150237, -0.94197981, ...,  0.02010034,
          0.01807997,  0.        ]]]), 'num': array([ 8.33141667e-01,  5.53002712e-01,  4.99356427e-05,  5.35433784e-05,
        5.43069203e-05,  5.17299663e-05,  7.93328663e-03, -2.19518307e-06,
        5.68075201e-05,  5.59008141e-05,  5.04462614e-05,  4.17060722e-07,
        5.90047435e-05,  5.27968846e-05])}
{'img': array([[[ 0.        , -0.36205792, -0.99635324, ...,  0.89754913,
          0.8013979 ,  0.65715386],
        [ 0.36205792,  0.        , -0.89786394, ...,  0.99629202,
          0.96358582,  0.88547315],
        [ 0.99635324,  0.89786394,  0.        , ...,  0.51588925,
          0.66432901,  0.80707884],
        ...,
        [-0.89754913, -0.99629202, -0.51588925, ...,  0.        ,
         -0.18350457, -0.38678481],
        [-0.8013979 , -0.96358582, -0.66432901, ...,  0.18350457,
          0.        , -0.21099436],
        [-0.65715386, -0.88547315, -0.80707884, ...,  0.38678481,
          0.21099436,  0.        ]],

       [[ 0.        ,  0.00273119,  0.39757498, ...,  0.33664558,
          0.3073315 ,  0.46886558],
        [-0.00273119,  0.        ,  0.39506744, ...,  0.33407255,
          0.30473134,  0.46645145],
        [-0.39757498, -0.39506744,  0.        , ..., -0.06547332,
         -0.09633529,  0.07905097],
        ...,
        [-0.33664558, -0.33407255,  0.06547332, ...,  0.        ,
         -0.03095978,  0.14414978],
        [-0.3073315 , -0.30473134,  0.09633529, ...,  0.03095978,
          0.        ,  0.17471711],
        [-0.46886558, -0.46645145, -0.07905097, ..., -0.14414978,
         -0.17471711,  0.        ]],

       [[ 0.        , -0.32408595, -0.65027573, ...,  0.95674622,
          0.87718278,  0.76714565],
        [ 0.32408595,  0.        , -0.36897128, ...,  0.99939269,
          0.98545117,  0.93363336],
        [ 0.65027573,  0.36897128,  0.        , ...,  0.91601916,
          0.97862844,  0.99993352],
        ...,
        [-0.95674622, -0.99939269, -0.91601916, ...,  0.        ,
         -0.20419464, -0.39054587],
        [-0.87718278, -0.98545117, -0.97862844, ...,  0.20419464,
          0.        , -0.19433898],
        [-0.76714565, -0.93363336, -0.99993352, ...,  0.39054587,
          0.19433898,  0.        ]],

       ...,

       [[ 0.        , -0.08054266, -0.45148075, ...,  0.90291924,
          0.76142988,  0.70558245],
        [ 0.08054266,  0.        , -0.37814728, ...,  0.93460386,
          0.81116768,  0.7603649 ],
        [ 0.45148075,  0.37814728,  0.        , ...,  0.99970861,
          0.97208048,  0.94950954],
        ...,
        [-0.90291924, -0.93460386, -0.99970861, ...,  0.        ,
         -0.25804458, -0.33656715],
        [-0.76142988, -0.81116768, -0.97208048, ...,  0.25804458,
          0.        , -0.08217851],
        [-0.70558245, -0.7603649 , -0.94950954, ...,  0.33656715,
          0.08217851,  0.        ]],

       [[ 0.        ,  0.16992991,  0.56900515, ..., -0.81922567,
         -0.82071622, -0.81849947],
        [-0.16992991,  0.        ,  0.42099049, ..., -0.9047609 ,
         -0.90586693, -0.90422131],
        [-0.56900515, -0.42099049,  0.        , ..., -0.9999852 ,
         -0.99999597, -0.99997751],
        ...,
        [ 0.81922567,  0.9047609 ,  0.9999852 , ...,  0.        ,
         -0.00260401,  0.00126518],
        [ 0.82071622,  0.90586693,  0.99999597, ...,  0.00260401,
          0.        ,  0.00386918],
        [ 0.81849947,  0.90422131,  0.99997751, ..., -0.00126518,
         -0.00386918,  0.        ]],

       [[ 0.        , -0.26136837, -0.59640208, ...,  0.83167738,
          0.82150237,  0.73748873],
        [ 0.26136837,  0.        , -0.36587394, ...,  0.94789473,
          0.94197981,  0.88837057],
        [ 0.59640208,  0.36587394,  0.        , ...,  0.99873338,
          0.99947983,  0.99475754],
        ...,
        [-0.83167738, -0.94789473, -0.99873338, ...,  0.        ,
         -0.01807997, -0.15218379],
        [-0.82150237, -0.94197981, -0.99947983, ...,  0.01807997,
          0.        , -0.13428954],
        [-0.73748873, -0.88837057, -0.99475754, ...,  0.15218379,
          0.13428954,  0.        ]]]), 'num': array([ 8.11169462e-01,  5.84748679e-01,  4.53749065e-05,  4.79806703e-05,
        5.37498892e-05,  4.79806703e-05,  8.54758815e-03, -5.96152617e-06,
        5.48845022e-05,  5.58508464e-05,  5.08813054e-05,  3.46020048e-07,
        6.06060404e-05,  5.10956523e-05])}
{'img': array([[[ 0.        , -0.89786394, -0.40746992, ...,  0.96358582,
          0.88547315,  0.58422738],
        [ 0.89786394,  0.        ,  0.64054805, ...,  0.66432901,
          0.80707884,  0.98591698],
        [ 0.40746992, -0.64054805,  0.        , ...,  0.98892168,
          0.99797799,  0.86422585],
        ...,
        [-0.96358582, -0.66432901, -0.98892168, ...,  0.        ,
         -0.21099436, -0.62581466],
        [-0.88547315, -0.80707884, -0.99797799, ...,  0.21099436,
          0.        , -0.44715623],
        [-0.58422738, -0.98591698, -0.86422585, ...,  0.62581466,
          0.44715623,  0.        ]],

       [[ 0.        ,  0.39506744,  0.061492  , ...,  0.30473134,
          0.46645145,  0.50278545],
        [-0.39506744,  0.        , -0.33783005, ..., -0.09633529,
          0.07905097,  0.12038418],
        [-0.061492  ,  0.33783005,  0.        , ...,  0.24558732,
          0.41117617,  0.44867958],
        ...,
        [-0.30473134,  0.09633529, -0.24558732, ...,  0.        ,
          0.17471711,  0.21545894],
        [-0.46645145, -0.07905097, -0.41117617, ..., -0.17471711,
          0.        ,  0.04153138],
        [-0.50278545, -0.12038418, -0.44867958, ..., -0.21545894,
         -0.04153138,  0.        ]],

       [[ 0.        , -0.36897128, -0.58972028, ...,  0.98545117,
          0.93363336,  0.74649221],
        [ 0.36897128,  0.        , -0.25012608, ...,  0.97862844,
          0.99993352,  0.93933165],
        [ 0.58972028,  0.25012608,  0.        , ...,  0.89608598,
          0.96526488,  0.99526919],
        ...,
        [-0.98545117, -0.97862844, -0.89608598, ...,  0.        ,
         -0.19433898, -0.52884053],
        [-0.93363336, -0.99993352, -0.96526488, ...,  0.19433898,
          0.        , -0.35381827],
        [-0.74649221, -0.93933165, -0.99526919, ...,  0.52884053,
          0.35381827,  0.        ]],

       ...,

       [[ 0.        , -0.37814728,  0.153464  , ...,  0.81116768,
          0.7603649 ,  0.57782663],
        [ 0.37814728,  0.        ,  0.51573644, ...,  0.97208048,
          0.94950954,  0.84354888],
        [-0.153464  , -0.51573644,  0.        , ...,  0.71181094,
          0.65168352,  0.44573072],
        ...,
        [-0.81116768, -0.97208048, -0.71181094, ...,  0.        ,
         -0.08217851, -0.32412135],
        [-0.7603649 , -0.94950954, -0.65168352, ...,  0.08217851,
          0.        , -0.2452829 ],
        [-0.57782663, -0.84354888, -0.44573072, ...,  0.32412135,
          0.2452829 ,  0.        ]],

       [[ 0.        ,  0.42099049,  0.652587  , ..., -0.90586693,
         -0.90422131, -0.83612713],
        [-0.42099049,  0.        ,  0.27294855, ..., -0.99999597,
         -0.99997751, -0.98935002],
        [-0.652587  , -0.27294855,  0.        , ..., -0.96279919,
         -0.96383751, -0.99151234],
        ...,
        [ 0.90586693,  0.99999597,  0.96279919, ...,  0.        ,
          0.00386918,  0.14274835],
        [ 0.90422131,  0.99997751,  0.96383751, ..., -0.00386918,
          0.        ,  0.13891772],
        [ 0.83612713,  0.98935002,  0.99151234, ..., -0.14274835,
         -0.13891772,  0.        ]],

       [[ 0.        , -0.36587394, -0.57557287, ...,  0.94197981,
          0.88837057,  0.66531292],
        [ 0.36587394,  0.        , -0.23647159, ...,  0.99947983,
          0.99475754,  0.8923316 ],
        [ 0.57557287,  0.23647159,  0.        , ...,  0.96350674,
          0.9907266 ,  0.97376231],
        ...,
        [-0.94197981, -0.99947983, -0.96350674, ...,  0.        ,
         -0.13428954, -0.4799235 ],
        [-0.88837057, -0.99475754, -0.9907266 , ...,  0.13428954,
          0.        , -0.35776282],
        [-0.66531292, -0.8923316 , -0.97376231, ...,  0.4799235 ,
          0.35776282,  0.        ]]]), 'num': array([8.77319084e-01, 4.79893773e-01, 7.59895433e-05, 5.32598916e-05,
       5.39727391e-05, 5.22415381e-05, 3.62772165e-03, 2.44404856e-06,
       5.63556865e-05, 5.88455610e-05, 5.40796663e-05, 4.51035491e-07,
       6.44954596e-05, 5.31956623e-05])}
{'img': array([[[ 0.00000000e+00,  6.40548054e-01,  3.96374912e-01, ...,
          8.07078840e-01,  9.85916979e-01,  9.43610400e-01],
        [-6.40548054e-01,  0.00000000e+00, -2.83696489e-01, ...,
          9.97977994e-01,  8.64225853e-01,  9.36674066e-01],
        [-3.96374912e-01,  2.83696489e-01,  0.00000000e+00, ...,
          9.75007057e-01,  9.71447229e-01,  9.97541174e-01],
        ...,
        [-8.07078840e-01, -9.97977994e-01, -9.75007057e-01, ...,
          0.00000000e+00, -4.47156226e-01, -2.89958880e-01],
        [-9.85916979e-01, -8.64225853e-01, -9.71447229e-01, ...,
          4.47156226e-01,  0.00000000e+00,  1.68590571e-01],
        [-9.43610400e-01, -9.36674066e-01, -9.97541174e-01, ...,
          2.89958880e-01, -1.68590571e-01,  0.00000000e+00]],

       [[ 0.00000000e+00, -3.37830045e-01, -3.15406079e-01, ...,
          7.90509723e-02,  1.20384180e-01, -3.37422389e-01],
        [ 3.37830045e-01,  0.00000000e+00,  2.37236680e-02, ...,
          4.11176170e-01,  4.48679584e-01,  4.33086796e-04],
        [ 3.15406079e-01, -2.37236680e-02,  0.00000000e+00, ...,
          3.89434997e-01,  4.27351636e-01, -2.32907009e-02],
        ...,
        [-7.90509723e-02, -4.11176170e-01, -3.89434997e-01, ...,
          0.00000000e+00,  4.15313819e-02, -4.10781349e-01],
        [-1.20384180e-01, -4.48679584e-01, -4.27351636e-01, ...,
         -4.15313819e-02,  0.00000000e+00, -4.48292495e-01],
        [ 3.37422389e-01, -4.33086796e-04,  2.32907009e-02, ...,
          4.10781349e-01,  4.48292495e-01,  0.00000000e+00]],

       [[ 0.00000000e+00, -2.50126083e-01, -5.21685915e-01, ...,
          9.99933524e-01,  9.39331645e-01,  8.59225418e-01],
        [ 2.50126083e-01,  0.00000000e+00, -2.91711255e-01, ...,
          9.65264879e-01,  9.95269188e-01,  9.59877255e-01],
        [ 5.21685915e-01,  2.91711255e-01,  0.00000000e+00, ...,
          8.47065711e-01,  9.80322806e-01,  9.99930578e-01],
        ...,
        [-9.99933524e-01, -9.65264879e-01, -8.47065711e-01, ...,
          0.00000000e+00, -3.53818274e-01, -5.21470313e-01],
        [-9.39331645e-01, -9.95269188e-01, -9.80322806e-01, ...,
          3.53818274e-01,  0.00000000e+00, -1.85836266e-01],
        [-8.59225418e-01, -9.59877255e-01, -9.99930578e-01, ...,
          5.21470313e-01,  1.85836266e-01,  0.00000000e+00]],

       ...,

       [[ 0.00000000e+00,  5.15736443e-01,  4.79233346e-01, ...,
          9.49509539e-01,  8.43548881e-01,  9.55014178e-01],
        [-5.15736443e-01,  0.00000000e+00, -4.20735737e-02, ...,
          6.51683520e-01,  4.45730723e-01,  6.65258935e-01],
        [-4.79233346e-01,  4.20735737e-02,  0.00000000e+00, ...,
          6.83018891e-01,  4.82998913e-01,  6.96082523e-01],
        ...,
        [-9.49509539e-01, -6.51683520e-01, -6.83018891e-01, ...,
          0.00000000e+00, -2.45282902e-01,  1.80377077e-02],
        [-8.43548881e-01, -4.45730723e-01, -4.82998913e-01, ...,
          2.45282902e-01,  0.00000000e+00,  2.62729680e-01],
        [-9.55014178e-01, -6.65258935e-01, -6.96082523e-01, ...,
         -1.80377077e-02, -2.62729680e-01,  0.00000000e+00]],

       [[ 0.00000000e+00,  2.72948553e-01,  3.96004590e-01, ...,
         -9.99977512e-01, -9.89350015e-01, -9.83830170e-01],
        [-2.72948553e-01,  0.00000000e+00,  1.30333145e-01, ...,
         -9.63837505e-01, -9.91512339e-01, -9.95358934e-01],
        [-3.96004590e-01, -1.30333145e-01,  0.00000000e+00, ...,
         -9.20883656e-01, -9.66110039e-01, -9.74326564e-01],
        ...,
        [ 9.99977512e-01,  9.63837505e-01,  9.20883656e-01, ...,
          0.00000000e+00,  1.38917719e-01,  1.72501864e-01],
        [ 9.89350015e-01,  9.91512339e-01,  9.66110039e-01, ...,
         -1.38917719e-01,  0.00000000e+00,  3.39940427e-02],
        [ 9.83830170e-01,  9.95358934e-01,  9.74326564e-01, ...,
         -1.72501864e-01, -3.39940427e-02,  0.00000000e+00]],

       [[ 0.00000000e+00, -2.36471595e-01, -4.75196247e-01, ...,
          9.94757537e-01,  8.92331600e-01,  8.41420723e-01],
        [ 2.36471595e-01,  0.00000000e+00, -2.53652334e-01, ...,
          9.90726597e-01,  9.73762306e-01,  9.45341344e-01],
        [ 4.75196247e-01,  2.53652334e-01,  0.00000000e+00, ...,
          9.23861446e-01,  9.99638881e-01,  9.97135950e-01],
        ...,
        [-9.94757537e-01, -9.90726597e-01, -9.23861446e-01, ...,
          0.00000000e+00, -3.57762819e-01, -4.51502589e-01],
        [-8.92331600e-01, -9.73762306e-01, -9.99638881e-01, ...,
          3.57762819e-01,  0.00000000e+00, -1.02397795e-01],
        [-8.41420723e-01, -9.45341344e-01, -9.97135950e-01, ...,
          4.51502589e-01,  1.02397795e-01,  0.00000000e+00]]]), 'num': array([ 9.51494444e-01,  3.07637031e-01,  1.23581077e-04,  5.76933166e-05,
        5.90221454e-05,  5.59215449e-05,  4.21133527e-03, -2.21471465e-07,
        5.95315297e-05,  6.37173404e-05,  5.91624106e-05,  4.07747852e-07,
        7.04423462e-05,  5.69923347e-05])}
{'img': array([[[ 0.00000000e+00, -5.37260483e-01,  5.09515588e-02, ...,
          9.06815446e-01,  9.66420692e-01,  9.62484820e-01],
        [ 5.37260483e-01,  0.00000000e+00,  5.79536028e-01, ...,
          9.91293260e-01,  9.53152208e-01,  9.57553313e-01],
        [-5.09515588e-02, -5.79536028e-01,  0.00000000e+00, ...,
          8.84160105e-01,  9.52072662e-01,  9.47409704e-01],
        ...,
        [-9.06815446e-01, -9.91293260e-01, -8.84160105e-01, ...,
          0.00000000e+00,  1.74353364e-01,  1.59662923e-01],
        [-9.66420692e-01, -9.53152208e-01, -9.52072662e-01, ...,
         -1.74353364e-01,  0.00000000e+00, -1.48992979e-02],
        [-9.62484820e-01, -9.57553313e-01, -9.47409704e-01, ...,
         -1.59662923e-01,  1.48992979e-02,  0.00000000e+00]],

       [[ 0.00000000e+00,  2.37236680e-02, -2.14675420e-01, ...,
          4.48679584e-01,  4.33086796e-04,  2.83796935e-02],
        [-2.37236680e-02,  0.00000000e+00, -2.37785562e-01, ...,
          4.27351636e-01, -2.32907009e-02,  4.65759362e-03],
        [ 2.14675420e-01,  2.37785562e-01,  0.00000000e+00, ...,
          6.30072675e-01,  2.15098390e-01,  2.42306986e-01],
        ...,
        [-4.48679584e-01, -4.27351636e-01, -6.30072675e-01, ...,
          0.00000000e+00, -4.48292495e-01, -4.23136138e-01],
        [-4.33086796e-04,  2.32907009e-02, -2.15098390e-01, ...,
          4.48292495e-01,  0.00000000e+00,  2.79467784e-02],
        [-2.83796935e-02, -4.65759362e-03, -2.42306986e-01, ...,
          4.23136138e-01, -2.79467784e-02,  0.00000000e+00]],

       [[ 0.00000000e+00, -2.91711255e-01, -6.32112800e-01, ...,
          9.95269188e-01,  9.59877255e-01,  9.07208615e-01],
        [ 2.91711255e-01,  0.00000000e+00, -3.78579794e-01, ...,
          9.80322806e-01,  9.99930578e-01,  9.90468261e-01],
        [ 6.32112800e-01,  3.78579794e-01,  0.00000000e+00, ...,
          8.32623995e-01,  9.21043601e-01,  9.68892394e-01],
        ...,
        [-9.95269188e-01, -9.80322806e-01, -8.32623995e-01, ...,
          0.00000000e+00, -1.85836266e-01, -3.30550314e-01],
        [-9.59877255e-01, -9.99930578e-01, -9.21043601e-01, ...,
          1.85836266e-01,  0.00000000e+00, -1.49402261e-01],
        [-9.07208615e-01, -9.90468261e-01, -9.68892394e-01, ...,
          3.30550314e-01,  1.49402261e-01,  0.00000000e+00]],

       ...,

       [[ 0.00000000e+00, -2.10026399e-01,  1.12212605e-01, ...,
          6.19704311e-01,  8.23921957e-01,  6.45258876e-01],
        [ 2.10026399e-01,  0.00000000e+00,  3.18409701e-01, ...,
          7.70718397e-01,  9.24567616e-01,  7.91319444e-01],
        [-1.12212605e-01, -3.18409701e-01,  0.00000000e+00, ...,
          5.27721974e-01,  7.55126997e-01,  5.55457173e-01],
        ...,
        [-6.19704311e-01, -7.70718397e-01, -5.27721974e-01, ...,
          0.00000000e+00,  2.95454632e-01,  3.29902117e-02],
        [-8.23921957e-01, -9.24567616e-01, -7.55126997e-01, ...,
         -2.95454632e-01,  0.00000000e+00, -2.63776387e-01],
        [-6.45258876e-01, -7.91319444e-01, -5.55457173e-01, ...,
         -3.29902117e-02,  2.63776387e-01,  0.00000000e+00]],

       [[ 0.00000000e+00,  1.30333145e-01, -1.78449803e-01, ...,
         -9.91512339e-01, -9.95358934e-01, -9.97877270e-01],
        [-1.30333145e-01,  0.00000000e+00, -3.05168842e-01, ...,
         -9.66110039e-01, -9.74326564e-01, -9.80878000e-01],
        [ 1.78449803e-01,  3.05168842e-01,  0.00000000e+00, ...,
         -9.98798318e-01, -9.96555021e-01, -9.93481475e-01],
        ...,
        [ 9.91512339e-01,  9.66110039e-01,  9.98798318e-01, ...,
          0.00000000e+00,  3.39940427e-02,  6.51667740e-02],
        [ 9.95358934e-01,  9.74326564e-01,  9.96555021e-01, ...,
         -3.39940427e-02,  0.00000000e+00,  3.12073254e-02],
        [ 9.97877270e-01,  9.80878000e-01,  9.93481475e-01, ...,
         -6.51667740e-02, -3.12073254e-02,  0.00000000e+00]],

       [[ 0.00000000e+00, -2.53652334e-01, -4.49886984e-01, ...,
          9.73762306e-01,  9.45341344e-01,  9.16736878e-01],
        [ 2.53652334e-01,  0.00000000e+00, -2.08640414e-01, ...,
          9.99638881e-01,  9.97135950e-01,  9.88087377e-01],
        [ 4.49886984e-01,  2.08640414e-01,  0.00000000e+00, ...,
          9.72032651e-01,  9.90970878e-01,  9.98450456e-01],
        ...,
        [-9.73762306e-01, -9.99638881e-01, -9.72032651e-01, ...,
          0.00000000e+00, -1.02397795e-01, -1.80390283e-01],
        [-9.45341344e-01, -9.97135950e-01, -9.90970878e-01, ...,
          1.02397795e-01,  0.00000000e+00, -7.87240966e-02],
        [-9.16736878e-01, -9.88087377e-01, -9.98450456e-01, ...,
          1.80390283e-01,  7.87240966e-02,  0.00000000e+00]]]), 'num': array([ 9.95667741e-01,  9.29464251e-02,  1.75626706e-04,  6.02979941e-05,
        6.22922857e-05,  6.02979941e-05,  2.57834926e-03, -8.21178908e-07,
        6.14241823e-05,  6.71431068e-05,  6.29726911e-05,  4.66300037e-07,
        7.49289968e-05,  5.93572168e-05])}
{'img': array([[[ 0.        ,  0.57953603,  0.79352249, ...,  0.95315221,
          0.95755331,  0.97115866],
        [-0.57953603,  0.        ,  0.29400708, ...,  0.95207266,
          0.9474097 ,  0.92962366],
        [-0.79352249, -0.29400708,  0.        , ...,  0.82006562,
          0.81144818,  0.78019266],
        ...,
        [-0.95315221, -0.95207266, -0.82006562, ...,  0.        ,
         -0.0148993 , -0.06650281],
        [-0.95755331, -0.9474097 , -0.81144818, ...,  0.0148993 ,
          0.        , -0.05162911],
        [-0.97115866, -0.92962366, -0.78019266, ...,  0.06650281,
          0.05162911,  0.        ]],

       [[ 0.        , -0.23778556, -0.20380266, ..., -0.0232907 ,
          0.00465759, -0.21901889],
        [ 0.23778556,  0.        ,  0.03483779, ...,  0.21509839,
          0.24230699,  0.01927535],
        [ 0.20380266, -0.03483779,  0.        , ...,  0.1809455 ,
          0.20836029, -0.01556767],
        ...,
        [ 0.0232907 , -0.21509839, -0.1809455 , ...,  0.        ,
          0.02794678, -0.19623426],
        [-0.00465759, -0.24230699, -0.20836029, ..., -0.02794678,
          0.        , -0.22356103],
        [ 0.21901889, -0.01927535,  0.01556767, ...,  0.19623426,
          0.22356103,  0.        ]],

       [[ 0.        , -0.37857979, -0.57222418, ...,  0.99993058,
          0.99046826,  0.96589478],
        [ 0.37857979,  0.        , -0.21916052, ...,  0.9210436 ,
          0.96889239,  0.99202945],
        [ 0.57222418,  0.21916052,  0.        , ...,  0.8132978 ,
          0.89109911,  0.94029645],
        ...,
        [-0.99993058, -0.9210436 , -0.8132978 , ...,  0.        ,
         -0.14940226, -0.27029803],
        [-0.99046826, -0.96889239, -0.89109911, ...,  0.14940226,
          0.        , -0.12342333],
        [-0.96589478, -0.99202945, -0.94029645, ...,  0.27029803,
          0.12342333,  0.        ]],

       ...,

       [[ 0.        ,  0.3184097 ,  0.53273067, ...,  0.92456762,
          0.79131944,  0.85348956],
        [-0.3184097 ,  0.        ,  0.23553844, ...,  0.755127  ,
          0.55545717,  0.64314169],
        [-0.53273067, -0.23553844,  0.        , ...,  0.57946758,
          0.34396856,  0.44468402],
        ...,
        [-0.92456762, -0.755127  , -0.57946758, ...,  0.        ,
         -0.26377639, -0.15660649],
        [-0.79131944, -0.55545717, -0.34396856, ...,  0.26377639,
          0.        ,  0.10946158],
        [-0.85348956, -0.64314169, -0.44468402, ...,  0.15660649,
         -0.10946158,  0.        ]],

       [[ 0.        , -0.30516884, -0.61319057, ..., -0.97432656,
         -0.980878  , -0.98605843],
        [ 0.30516884,  0.        , -0.34287676, ..., -0.99655502,
         -0.99348148, -0.98980165],
        [ 0.61319057,  0.34287676,  0.        , ..., -0.90770802,
         -0.89417124, -0.88095665],
        ...,
        [ 0.97432656,  0.99655502,  0.90770802, ...,  0.        ,
          0.03120733,  0.05987319],
        [ 0.980878  ,  0.99348148,  0.89417124, ..., -0.03120733,
          0.        ,  0.02869269],
        [ 0.98605843,  0.98980165,  0.88095665, ..., -0.05987319,
         -0.02869269,  0.        ]],

       [[ 0.        , -0.20864041, -0.3357589 , ...,  0.99713595,
          0.98808738,  0.97210135],
        [ 0.20864041,  0.        , -0.13184125, ...,  0.99097088,
          0.99845046,  0.9996467 ],
        [ 0.3357589 ,  0.13184125,  0.        , ...,  0.96464362,
          0.98239814,  0.9944249 ],
        ...,
        [-0.99713595, -0.99097088, -0.96464362, ...,  0.        ,
         -0.0787241 , -0.1603694 ],
        [-0.98808738, -0.99845046, -0.98239814, ...,  0.0787241 ,
          0.        , -0.08216651],
        [-0.97210135, -0.9996467 , -0.9944249 , ...,  0.1603694 ,
          0.08216651,  0.        ]]]), 'num': array([9.95947331e-01, 8.99074838e-02, 1.74238432e-04, 6.03785051e-05,
       6.22363052e-05, 6.00301675e-05, 2.34454380e-03, 6.96675058e-07,
       5.98443875e-05, 6.59925449e-05, 6.26775327e-05, 4.46586576e-07,
       7.39833383e-05, 5.80017515e-05])}
{'img': array([[[ 0.        ,  0.63495513,  0.75571385, ...,  0.97646271,
          0.98698957,  0.97816217],
        [-0.63495513,  0.        ,  0.16799264, ...,  0.89131642,
          0.86458865,  0.88764929],
        [-0.75571385, -0.16799264,  0.        , ...,  0.80248445,
          0.76788834,  0.79767026],
        ...,
        [-0.97646271, -0.89131642, -0.80248445, ...,  0.        ,
         -0.05588022, -0.00802508],
        [-0.98698957, -0.86458865, -0.76788834, ...,  0.05588022,
          0.        ,  0.04786587],
        [-0.97816217, -0.88764929, -0.79767026, ...,  0.00802508,
         -0.04786587,  0.        ]],

       [[ 0.        ,  0.03483779, -0.04190809, ...,  0.24230699,
          0.01927535, -0.01589312],
        [-0.03483779,  0.        , -0.07668984, ...,  0.20836029,
         -0.01556767, -0.05071686],
        [ 0.04190809,  0.07668984,  0.        , ...,  0.28275332,
          0.06115872,  0.02602364],
        ...,
        [-0.24230699, -0.20836029, -0.28275332, ...,  0.        ,
         -0.22356103, -0.25769588],
        [-0.01927535,  0.01556767, -0.06115872, ...,  0.22356103,
          0.        , -0.03516309],
        [ 0.01589312,  0.05071686, -0.02602364, ...,  0.25769588,
          0.03516309,  0.        ]],

       [[ 0.        , -0.21916052,  0.29599197, ...,  0.96889239,
          0.99202945,  0.99840441],
        [ 0.21916052,  0.        ,  0.49813608, ...,  0.89109911,
          0.94029645,  0.96175647],
        [-0.29599197, -0.49813608,  0.        , ...,  0.99872954,
          0.98487387,  0.9703804 ],
        ...,
        [-0.96889239, -0.89109911, -0.99872954, ...,  0.        ,
         -0.12342333, -0.19237611],
        [-0.99202945, -0.94029645, -0.98487387, ...,  0.12342333,
          0.        , -0.06978729],
        [-0.99840441, -0.96175647, -0.9703804 , ...,  0.19237611,
          0.06978729,  0.        ]],

       ...,

       [[ 0.        ,  0.32397215,  0.46449357, ...,  0.655001  ,
          0.73748873,  0.70321431],
        [-0.32397215,  0.        ,  0.15253974, ...,  0.37487214,
          0.47891582,  0.43495053],
        [-0.46449357, -0.15253974,  0.        , ...,  0.22906913,
          0.33940257,  0.29250537],
        ...,
        [-0.655001  , -0.37487214, -0.22906913, ...,  0.        ,
          0.11490604,  0.06567717],
        [-0.73748873, -0.47891582, -0.33940257, ..., -0.11490604,
          0.        , -0.04941581],
        [-0.70321431, -0.43495053, -0.29250537, ..., -0.06567717,
          0.04941581,  0.        ]],

       [[ 0.        , -0.55226348, -0.72269461, ..., -0.98457815,
         -0.98927993, -0.98656966],
        [ 0.55226348,  0.        , -0.22078198, ..., -0.91742882,
         -0.90538053, -0.91268048],
        [ 0.72269461,  0.22078198,  0.        , ..., -0.80694046,
         -0.78929435, -0.7999306 ],
        ...,
        [ 0.98457815,  0.91742882,  0.80694046, ...,  0.        ,
          0.02929043,  0.0117737 ],
        [ 0.98927993,  0.90538053,  0.78929435, ..., -0.02929043,
          0.        , -0.01751975],
