state_0,state_1,state_2,state_3,state_4,state_5,state_6,state_7,state_8,state_9,state_10,state_11,state_12,state_13,state_14,state_15,state_16,state_17,state_18,state_19,state_20,state_21,state_22,state_23,state_24,state_25,state_26,state_27,state_28,state_29,state_30,state_31,state_32,state_33,state_34,state_35,state_36,state_37,state_38,state_39,state_40,state_41,state_42,state_43,state_44,state_45,state_46,state_47,state_48,state_49,state_50,state_51,state_52,state_53,state_54,state_55,state_56,state_57,state_58,state_59,state_60,state_61,state_62,state_63,state_64,state_65,state_66,state_67,state_68,state_69,state_70,state_71,state_72,state_73,state_74,state_75,state_76,state_77,state_78,state_79,state_80,state_81,state_82,state_83,state_84,state_85,state_86,state_87,state_88,state_89,state_90,state_91,state_92,state_93,state_94,state_95,state_96,state_97,state_98,state_99,state_100,state_101,state_102,state_103,state_104,state_105,state_106,state_107,state_108,state_109,state_110,state_111,state_112,state_113,state_114,state_115,state_116,state_117,state_118,state_119,state_120,state_121,state_122,state_123,state_124,state_125,state_126,state_127,state_128,state_129,state_130,state_131,state_132,state_133,state_134,state_135,state_136,state_137,state_138,state_139,state_140,state_141,state_142,state_143,state_144,state_145,state_146,state_147,state_148,state_149,state_150,state_151,state_152,state_153,state_154,state_155,state_156,state_157,state_158,state_159,state_160,state_161,state_162,state_163,state_164,state_165,state_166,state_167,state_168,state_169,state_170,state_171,state_172,state_173,state_174,state_175,state_176,state_177,state_178,state_179,state_180,state_181,state_182,state_183,state_184,state_185,state_186,state_187,state_188,state_189,state_190,state_191,state_192,state_193,state_194,state_195,state_196,state_197,state_198,state_199,state_200,state_201,state_202,state_203,state_204,state_205,state_206,state_207,state_208,state_209,state_210,state_211,state_212,state_213,state_214,state_215,state_216,state_217,state_218,state_219,state_220,state_221,state_222,state_223,state_224,state_225,state_226,state_227,state_228,state_229,state_230,state_231,state_232,state_233,state_234,state_235,state_236,state_237,state_238,state_239,state_240,state_241,state_242,state_243,state_244,state_245,state_246,state_247,state_248,state_249,state_250,state_251,state_252,state_253,state_254,state_255,state_256,state_257,state_258,state_259,state_260,state_261,state_262,state_263,state_264,state_265,state_266,state_267,state_268,state_269,state_270,state_271,state_272,state_273,state_274,state_275,state_276,state_277,state_278,state_279,state_280,state_281,state_282,state_283,state_284,state_285,state_286,state_287
{'img': array([[[ 0.        ,  0.12491555,  0.02231597, ...,  0.9528411 ,
          0.9299826 ,  0.92076997],
        [-0.12491555,  0.        , -0.10274327, ...,  0.98328594,
          0.96861779,  0.96228823],
        [-0.02231597,  0.10274327,  0.        , ...,  0.95937604,
          0.93795443,  0.92924626],
        ...,
        [-0.9528411 , -0.98328594, -0.95937604, ...,  0.        ,
          0.06804628,  0.09228326],
        [-0.9299826 , -0.96861779, -0.93795443, ..., -0.06804628,
          0.        ,  0.02431345],
        [-0.92076997, -0.96228823, -0.92924626, ..., -0.09228326,
         -0.02431345,  0.        ]],

       [[ 0.        ,  0.7331185 , -0.07376748, ...,  0.30881413,
          0.6441636 ,  0.01595604],
        [-0.7331185 ,  0.        , -0.78129042, ..., -0.48726065,
         -0.12265709, -0.72217345],
        [ 0.07376748,  0.78129042,  0.        , ...,  0.37813466,
          0.6988324 ,  0.08967066],
        ...,
        [-0.30881413,  0.48726065, -0.37813466, ...,  0.        ,
          0.37647028, -0.29359867],
        [-0.6441636 ,  0.12265709, -0.6988324 , ..., -0.37647028,
          0.        , -0.63187701],
        [-0.01595604,  0.72217345, -0.08967066, ...,  0.29359867,
          0.63187701,  0.        ]],

       [[ 0.        ,  0.05544303, -0.00307754, ...,  0.64586607,
          0.73876073,  0.79600718],
        [-0.05544303,  0.        , -0.05851557, ...,  0.68720065,
          0.77499122,  0.82834176],
        [ 0.00307754,  0.05851557,  0.        , ...,  0.64351346,
          0.73668307,  0.79414061],
        ...,
        [-0.64586607, -0.68720065, -0.64351346, ...,  0.        ,
         -0.12871449, -0.21677781],
        [-0.73876073, -0.77499122, -0.73668307, ...,  0.12871449,
          0.        , -0.0893208 ],
        [-0.79600718, -0.82834176, -0.79414061, ...,  0.21677781,
          0.0893208 ,  0.        ]],

       ...,

       [[ 0.        ,  0.08361572,  0.20039104, ...,  0.2536559 ,
          0.31174343,  0.18442435],
        [-0.08361572,  0.        ,  0.11776962, ...,  0.17188658,
          0.23120288,  0.10159707],
        [-0.20039104, -0.11776962,  0.        , ...,  0.05467359,
          0.11501521, -0.01627019],
        ...,
        [-0.2536559 , -0.17188658, -0.05467359, ...,  0.        ,
          0.06053242, -0.0709122 ],
        [-0.31174343, -0.23120288, -0.11501521, ..., -0.06053242,
          0.        , -0.1311622 ],
        [-0.18442435, -0.10159707,  0.01627019, ...,  0.0709122 ,
          0.1311622 ,  0.        ]],

       [[ 0.        ,  0.11473659,  0.17589674, ...,  0.7193065 ,
          0.60857417,  0.3556839 ],
        [-0.11473659,  0.        ,  0.06178742, ...,  0.79426285,
          0.69559826,  0.46056849],
        [-0.17589674, -0.06178742,  0.        , ...,  0.83028573,
          0.73865919,  0.5145325 ],
        ...,
        [-0.7193065 , -0.79426285, -0.83028573, ...,  0.        ,
          0.14799542,  0.42517733],
        [-0.60857417, -0.69559826, -0.73865919, ..., -0.14799542,
          0.        ,  0.28654316],
        [-0.3556839 , -0.46056849, -0.5145325 , ..., -0.42517733,
         -0.28654316,  0.        ]],

       [[ 0.        ,  0.1425568 ,  0.25929128, ...,  0.55266044,
          0.4250741 ,  0.        ],
        [-0.1425568 ,  0.        ,  0.1189618 , ...,  0.66582368,
          0.54976917,  0.1425568 ],
        [-0.25929128, -0.1189618 ,  0.        , ...,  0.74985404,
          0.64523593,  0.25929128],
        ...,
        [-0.55266044, -0.66582368, -0.74985404, ...,  0.        ,
          0.1459858 ,  0.55266044],
        [-0.4250741 , -0.54976917, -0.64523593, ..., -0.1459858 ,
          0.        ,  0.4250741 ],
        [-0.        , -0.1425568 , -0.25929128, ..., -0.55266044,
         -0.4250741 ,  0.        ]]]), 'num': array([ 9.85116148e-01,  1.71774655e-01,  9.13866847e-06,  2.15740449e-03,
        2.17437284e-03,  2.13801209e-03,  2.32856666e-03, -1.21202500e-05,
        2.15449563e-03,  2.02941465e-03,  1.76248635e-03,  1.70536180e-06,
        2.31461565e-03,  1.74421366e-03])}
{'img': array([[[ 0.        , -0.10274327,  0.13533949, ...,  0.96861779,
          0.96228823,  0.97669468],
        [ 0.10274327,  0.        ,  0.23642121, ...,  0.93795443,
          0.92924626,  0.94947378],
        [-0.13533949, -0.23642121,  0.        , ...,  0.99334512,
          0.99025115,  0.99675677],
        ...,
        [-0.96861779, -0.93795443, -0.99334512, ...,  0.        ,
          0.02431345, -0.03486455],
        [-0.96228823, -0.92924626, -0.99025115, ..., -0.02431345,
          0.        , -0.05915292],
        [-0.97669468, -0.94947378, -0.99675677, ...,  0.03486455,
          0.05915292,  0.        ]],

       [[ 0.        , -0.78129042,  0.62910377, ..., -0.12265709,
         -0.72217345, -0.87117262],
        [ 0.78129042,  0.        ,  0.99997994, ...,  0.6988324 ,
          0.08967066, -0.16016226],
        [-0.62910377, -0.99997994,  0.        , ..., -0.71969745,
         -0.99651946, -0.98605645],
        ...,
        [ 0.12265709, -0.6988324 ,  0.71969745, ...,  0.        ,
         -0.63187701, -0.80437269],
        [ 0.72217345, -0.08967066,  0.99651946, ...,  0.63187701,
          0.        , -0.24803012],
        [ 0.87117262,  0.16016226,  0.98605645, ...,  0.80437269,
          0.24803012,  0.        ]],

       [[ 0.        , -0.05851557, -0.00559677, ...,  0.77499122,
          0.82834176,  0.84678831],
        [ 0.05851557,  0.        ,  0.05292748, ...,  0.73668307,
          0.79414061,  0.81421114],
        [ 0.00559677, -0.05292748,  0.        , ...,  0.77144208,
          0.82519334,  0.84379796],
        ...,
        [-0.77499122, -0.73668307, -0.77144208, ...,  0.        ,
         -0.0893208 , -0.12290539],
        [-0.82834176, -0.79414061, -0.82519334, ...,  0.0893208 ,
          0.        , -0.03377052],
        [-0.84678831, -0.81421114, -0.84379796, ...,  0.12290539,
          0.03377052,  0.        ]],

       ...,

       [[ 0.        ,  0.11776962,  0.36557644, ...,  0.23120288,
          0.10159707, -0.04112636],
        [-0.11776962,  0.        ,  0.25341461, ...,  0.11501521,
         -0.01627019, -0.15851014],
        [-0.36557644, -0.25341461,  0.        , ..., -0.14047203,
         -0.26912016, -0.4035468 ],
        ...,
        [-0.23120288, -0.11501521,  0.14047203, ...,  0.        ,
         -0.1311622 , -0.27101934],
        [-0.10159707,  0.01627019,  0.26912016, ...,  0.1311622 ,
          0.        , -0.14242467],
        [ 0.04112636,  0.15851014,  0.4035468 , ...,  0.27101934,
          0.14242467,  0.        ]],

       [[ 0.        ,  0.06141293,  0.15163148, ...,  0.74193628,
          0.63594918,  0.45810434],
        [-0.06141293,  0.        ,  0.09064244, ...,  0.78171138,
          0.68214305,  0.5118295 ],
        [-0.15163148, -0.09064244,  0.        , ...,  0.83502176,
          0.74561447,  0.5875923 ],
        ...,
        [-0.74193628, -0.78171138, -0.83502176, ...,  0.        ,
          0.14619007,  0.35236059],
        [-0.63594918, -0.68214305, -0.74561447, ..., -0.14619007,
          0.        ,  0.21176094],
        [-0.45810434, -0.5118295 , -0.5875923 , ..., -0.35236059,
         -0.21176094,  0.        ]],

       [[ 0.        ,  0.2119457 ,  0.32414869, ...,  0.60699514,
          0.46648328,  0.        ],
        [-0.2119457 ,  0.        ,  0.11628257, ...,  0.76163951,
          0.64335778,  0.2119457 ],
        [-0.32414869, -0.11628257,  0.        , ...,  0.8318239 ,
          0.72801529,  0.32414869],
        ...,
        [-0.60699514, -0.76163951, -0.8318239 , ...,  0.        ,
          0.16618858,  0.60699514],
        [-0.46648328, -0.64335778, -0.72801529, ..., -0.16618858,
          0.        ,  0.46648328],
        [-0.        , -0.2119457 , -0.32414869, ..., -0.60699514,
         -0.46648328,  0.        ]]]), 'num': array([9.76210487e-01, 2.16763378e-01, 8.22802935e-06, 1.35615555e-03,
       1.36497130e-03, 1.28122171e-03, 3.71342719e-03, 4.84866015e-05,
       1.31883556e-03, 1.24287322e-03, 1.07493326e-03, 1.08740476e-06,
       1.41331325e-03, 1.07243319e-03])}
{'img': array([[[ 0.        ,  0.23425382, -0.11855447, ...,  0.94614537,
          0.96226701,  0.59045036],
        [-0.23425382,  0.        , -0.3478575 , ...,  0.99565714,
          0.99923448,  0.76308152],
        [ 0.11855447,  0.3478575 ,  0.        , ...,  0.90109165,
          0.92322117,  0.49060402],
        ...,
        [-0.94614537, -0.99565714, -0.90109165, ...,  0.        ,
         -0.0540736 ,  0.57245564],
        [-0.96226701, -0.99923448, -0.92322117, ...,  0.0540736 ,
          0.        ,  0.61595499],
        [-0.59045036, -0.76308152, -0.49060402, ..., -0.57245564,
         -0.61595499,  0.        ]],

       [[ 0.        ,  0.99997994,  0.72345082, ...,  0.08967066,
         -0.16016226,  0.59308908],
        [-0.99997994,  0.        , -0.69494435, ..., -0.99651946,
         -0.98605645, -0.80887728],
        [-0.72345082,  0.69494435,  0.        , ..., -0.65862991,
         -0.82468374, -0.17302249],
        ...,
        [-0.08967066,  0.99651946,  0.65862991, ...,  0.        ,
         -0.24803012,  0.51850265],
        [ 0.16016226,  0.98605645,  0.82468374, ...,  0.24803012,
          0.        ,  0.71438525],
        [-0.59308908,  0.80887728,  0.17302249, ..., -0.51850265,
         -0.71438525,  0.        ]],

       [[ 0.        ,  0.05292748,  0.03871757, ...,  0.79414061,
          0.81421114,  0.70052142],
        [-0.05292748,  0.        , -0.01422449, ...,  0.82519334,
          0.84379796,  0.73731025],
        [-0.03871757,  0.01422449,  0.        , ...,  0.81707515,
          0.83607886,  0.72762624],
        ...,
        [-0.79414061, -0.82519334, -0.81707515, ...,  0.        ,
         -0.03377052,  0.14099293],
        [-0.81421114, -0.84379796, -0.83607886, ...,  0.03377052,
          0.        ,  0.17434568],
        [-0.70052142, -0.73731025, -0.72762624, ..., -0.14099293,
         -0.17434568,  0.        ]],

       ...,

       [[ 0.        ,  0.25341461, -0.29394576, ..., -0.01627019,
         -0.15851014, -0.02659975],
        [-0.25341461,  0.        , -0.52657   , ..., -0.26912016,
         -0.4035468 , -0.27905641],
        [ 0.29394576,  0.52657   ,  0.        , ...,  0.27835545,
          0.13872201,  0.26841713],
        ...,
        [ 0.01627019,  0.26912016, -0.27835545, ...,  0.        ,
         -0.14242467, -0.01033179],
        [ 0.15851014,  0.4035468 , -0.13872201, ...,  0.14242467,
          0.        ,  0.1321906 ],
        [ 0.02659975,  0.27905641, -0.26841713, ...,  0.01033179,
         -0.1321906 ,  0.        ]],

       [[ 0.        ,  0.08949035,  0.10214632, ...,  0.78564189,
          0.74278915,  0.5062826 ],
        [-0.08949035,  0.        ,  0.01271421, ...,  0.83785568,
          0.79972492,  0.58142482],
        [-0.10214632, -0.01271421,  0.        , ...,  0.84472854,
          0.80729346,  0.59172211],
        ...,
        [-0.78564189, -0.83785568, -0.84472854, ...,  0.        ,
          0.06645729,  0.36428444],
        [-0.74278915, -0.79972492, -0.80729346, ..., -0.06645729,
          0.        ,  0.30158825],
        [-0.5062826 , -0.58142482, -0.59172211, ..., -0.36428444,
         -0.30158825,  0.        ]],

       [[ 0.        ,  0.2431335 ,  0.40430462, ...,  0.61781983,
          0.44181202,  0.        ],
        [-0.2431335 ,  0.        ,  0.16979675, ...,  0.79046147,
          0.64667142,  0.2431335 ],
        [-0.40430462, -0.16979675,  0.        , ...,  0.88298577,
          0.76679681,  0.40430462],
        ...,
        [-0.61781983, -0.79046147, -0.88298577, ...,  0.        ,
          0.20684541,  0.61781983],
        [-0.44181202, -0.64667142, -0.76679681, ..., -0.20684541,
          0.        ,  0.44181202],
        [-0.        , -0.2431335 , -0.40430462, ..., -0.61781983,
         -0.44181202,  0.        ]]]), 'num': array([9.98748855e-01, 1.87339384e-02, 8.48497806e-06, 1.39404689e-03,
       1.43629074e-03, 1.07902850e-03, 4.62496963e-02, 2.80016345e-04,
       1.14806702e-03, 1.04547482e-03, 8.93336630e-04, 1.07764911e-06,
       1.25115078e-03, 8.39798860e-04])}
{'img': array([[[ 0.        , -0.25858235, -0.07718983, ...,  0.81163974,
          0.87672791,  0.60342239],
        [ 0.25858235,  0.        ,  0.18324631, ...,  0.93508827,
          0.97128437,  0.37670034],
        [ 0.07718983, -0.18324631,  0.        , ...,  0.85430923,
          0.91123939,  0.54006918],
        ...,
        [-0.81163974, -0.93508827, -0.85430923, ...,  0.        ,
          0.12175999,  0.99971337],
        [-0.87672791, -0.97128437, -0.91123939, ..., -0.12175999,
          0.        ,  0.98936001],
        [-0.60342239, -0.37670034, -0.54006918, ..., -0.99971337,
         -0.98936001,  0.        ]],

       [[ 0.        , -0.15746636, -0.32365715, ..., -0.43975509,
         -0.20356192,  0.61998307],
        [ 0.15746636,  0.        , -0.17062867, ..., -0.29284553,
         -0.046853  ,  0.48869788],
        [ 0.32365715,  0.17062867,  0.        , ..., -0.12540279,
          0.12427536,  0.33266581],
        ...,
        [ 0.43975509,  0.29284553,  0.12540279, ...,  0.        ,
          0.24772496,  0.21177927],
        [ 0.20356192,  0.046853  , -0.12427536, ..., -0.24772496,
          0.        ,  0.44728414],
        [-0.61998307, -0.48869788, -0.33266581, ..., -0.21177927,
         -0.44728414,  0.        ]],

       [[ 0.        , -0.01305377,  0.0252138 , ...,  0.98703867,
          0.97317312,  0.47948327],
        [ 0.01305377,  0.        ,  0.03826127, ...,  0.98485967,
          0.97008687,  0.46798707],
        [-0.0252138 , -0.03826127,  0.        , ...,  0.99077125,
          0.97866477,  0.50145723],
        ...,
        [-0.98703867, -0.98485967, -0.99077125, ...,  0.        ,
          0.07091465,  0.78922808],
        [-0.97317312, -0.97008687, -0.97866477, ..., -0.07091465,
          0.        ,  0.74369241],
        [-0.47948327, -0.46798707, -0.50145723, ..., -0.78922808,
         -0.74369241,  0.        ]],

       ...,

       [[ 0.        , -0.52657   , -0.51743715, ..., -0.4035468 ,
         -0.27905641,  0.46667869],
        [ 0.52657   ,  0.        ,  0.01070735, ...,  0.13872201,
          0.26841713,  0.86245107],
        [ 0.51743715, -0.01070735,  0.        , ...,  0.12811023,
          0.25808732,  0.85698221],
        ...,
        [ 0.4035468 , -0.13872201, -0.12811023, ...,  0.        ,
          0.1321906 ,  0.78389953],
        [ 0.27905641, -0.26841713, -0.25808732, ..., -0.1321906 ,
          0.        ,  0.69494475],
        [-0.46667869, -0.86245107, -0.85698221, ..., -0.78389953,
         -0.69494475,  0.        ]],

       [[ 0.        ,  0.01126997,  0.04362554, ...,  0.99881478,
          0.9955131 ,  0.52597755],
        [-0.01126997,  0.        ,  0.03236353, ...,  0.99929989,
          0.99651628,  0.53552924],
        [-0.04362554, -0.03236353,  0.        , ...,  0.99998724,
          0.99869334,  0.56258025],
        ...,
        [-0.99881478, -0.99929989, -0.99998724, ...,  0.        ,
          0.04605733,  0.82388965],
        [-0.9955131 , -0.99651628, -0.99869334, ..., -0.04605733,
          0.        ,  0.79691233],
        [-0.52597755, -0.53552924, -0.56258025, ..., -0.82388965,
         -0.79691233,  0.        ]],

       [[ 0.        ,  0.33055087,  0.4601714 , ...,  0.44498024,
          0.        ,  0.75485918],
        [-0.33055087,  0.        ,  0.14083132, ...,  0.71598875,
          0.33055087,  0.92923115],
        [-0.4601714 , -0.14083132,  0.        , ...,  0.80716893,
          0.4601714 ,  0.97200709],
        ...,
        [-0.44498024, -0.71598875, -0.80716893, ...,  0.        ,
          0.44498024, -0.38415017],
        [-0.        , -0.33055087, -0.4601714 , ..., -0.44498024,
          0.        , -0.75485918],
        [-0.75485918, -0.92923115, -0.97200709, ...,  0.38415017,
          0.75485918,  0.        ]]]), 'num': array([ 9.88140413e-01,  1.38755912e-01,  8.88477511e-06,  1.34609271e-03,
        1.93606431e-03,  1.27146623e-03,  6.56540105e-02, -2.80201307e-04,
        1.35707548e-03,  1.23330816e-03,  1.04894791e-03,  8.75923340e-07,
        1.46935476e-03,  9.97261565e-04])}
{'img': array([[[ 0.        ,  0.18324631,  0.0634833 , ...,  0.97128437,
          0.37670034,  0.99328918],
        [-0.18324631,  0.        , -0.12046835, ...,  0.91123939,
          0.54006918,  0.95527609],
        [-0.0634833 ,  0.12046835,  0.        , ...,  0.95422115,
          0.43474731,  0.98394332],
        ...,
        [-0.97128437, -0.91123939, -0.95422115, ...,  0.        ,
          0.98936001,  0.12398884],
        [-0.37670034, -0.54006918, -0.43474731, ..., -0.98936001,
          0.        , -0.96368683],
        [-0.99328918, -0.95527609, -0.98394332, ..., -0.12398884,
          0.96368683,  0.        ]],

       [[ 0.        , -0.15397513, -0.26934232, ..., -0.04218926,
          0.97309899,  0.44517514],
        [ 0.15397513,  0.        , -0.11784544, ...,  0.11215189,
          0.92602059,  0.30199027],
        [ 0.26934232,  0.11784544,  0.        , ...,  0.22847238,
          0.87508456,  0.18754263],
        ...,
        [ 0.04218926, -0.11215189, -0.22847238, ...,  0.        ,
          0.96251271,  0.40700067],
        [-0.97309899, -0.92602059, -0.87508456, ..., -0.96251271,
          0.        ,  0.76879244],
        [-0.44517514, -0.30199027, -0.18754263, ..., -0.40700067,
         -0.76879244,  0.        ]],

       [[ 0.        ,  0.03749037,  0.00515415, ...,  0.98501234,
          0.76263201,  0.45965949],
        [-0.03749037,  0.        , -0.03233934, ...,  0.99078635,
          0.78634586,  0.49263136],
        [-0.00515415,  0.03233934,  0.        , ...,  0.98588827,
          0.76595575,  0.46423077],
        ...,
        [-0.98501234, -0.99078635, -0.98588827, ...,  0.        ,
          0.50559638,  0.79550092],
        [-0.76263201, -0.78634586, -0.76595575, ..., -0.50559638,
          0.        ,  0.3799671 ],
        [-0.45965949, -0.49263136, -0.46423077, ..., -0.79550092,
         -0.3799671 ,  0.        ]],

       ...,

       [[ 0.        ,  0.01070735, -0.31811031, ...,  0.26841713,
          0.86245107, -0.14089622],
        [-0.01070735,  0.        , -0.32824323, ...,  0.25808732,
          0.85698221, -0.15148868],
        [ 0.31811031,  0.32824323,  0.        , ...,  0.5609104 ,
          0.97865843,  0.18135979],
        ...,
        [-0.26841713, -0.25808732, -0.5609104 , ...,  0.        ,
          0.69494475, -0.40146522],
        [-0.86245107, -0.85698221, -0.97865843, ..., -0.69494475,
          0.        , -0.92516086],
        [ 0.14089622,  0.15148868, -0.18135979, ...,  0.40146522,
          0.92516086,  0.        ]],

       [[ 0.        ,  0.0320445 ,  0.04094978, ...,  0.99860014,
          0.73747726,  0.5310797 ],
        [-0.0320445 ,  0.        ,  0.00891113, ...,  0.99978226,
          0.75874048,  0.55795897],
        [-0.04094978, -0.00891113,  0.        , ...,  0.99992851,
          0.764515  ,  0.56533188],
        ...,
        [-0.99860014, -0.99978226, -0.99992851, ...,  0.        ,
          0.6354185 ,  0.81804487],
        [-0.73747726, -0.75874048, -0.764515  , ..., -0.6354185 ,
          0.        ,  0.26620427],
        [-0.5310797 , -0.55795897, -0.56533188, ..., -0.81804487,
         -0.26620427,  0.        ]],

       [[ 0.        ,  0.33442129,  0.4676927 , ...,  0.        ,
          0.76339191,  0.63153053],
        [-0.33442129,  0.        ,  0.14517266, ...,  0.33442129,
          0.93545323,  0.85446321],
        [-0.4676927 , -0.14517266,  0.        , ...,  0.4676927 ,
          0.9768547 ,  0.92083024],
        ...,
        [-0.        , -0.33442129, -0.4676927 , ...,  0.        ,
         -0.76339191, -0.63153053],
        [-0.76339191, -0.93545323, -0.9768547 , ...,  0.76339191,
          0.        ,  0.18396864],
        [-0.63153053, -0.85446321, -0.92083024, ...,  0.63153053,
         -0.18396864,  0.        ]]]), 'num': array([ 7.57175029e-01,  6.52967961e-01,  1.09117349e-06,  1.03175315e-03,
        1.12790606e-03,  9.91779468e-04,  1.76329422e-02, -1.08036979e-06,
        1.05422484e-03,  9.56883524e-04,  8.10655473e-04,  6.69761958e-07,
        1.13188222e-03,  7.81884826e-04])}
{'img': array([[[ 0.        , -0.12046835, -0.0646384 , ...,  0.54006918,
          0.95527609,  0.95413948],
        [ 0.12046835,  0.        ,  0.05604876, ...,  0.43474731,
          0.98394332,  0.98325434],
        [ 0.0646384 , -0.05604876,  0.        , ...,  0.48453875,
          0.97239294,  0.97149445],
        ...,
        [-0.54006918, -0.43474731, -0.48453875, ...,  0.        ,
         -0.96368683, -0.96469988],
        [-0.95527609, -0.98394332, -0.97239294, ...,  0.96368683,
          0.        , -0.00382001],
        [-0.95413948, -0.98325434, -0.97149445, ...,  0.96469988,
          0.00382001,  0.        ]],

       [[ 0.        , -0.11784544, -0.07321045, ...,  0.92602059,
          0.30199027,  0.8096898 ],
        [ 0.11784544,  0.        ,  0.04482889, ...,  0.87508456,
          0.18754263,  0.87320639],
        [ 0.07321045, -0.04482889,  0.        , ...,  0.89590066,
          0.23138756,  0.85048115],
        ...,
        [-0.92602059, -0.87508456, -0.89590066, ...,  0.        ,
          0.76879244, -0.84907873],
        [-0.30199027, -0.18754263, -0.23138756, ..., -0.76879244,
          0.        , -0.94911163],
        [-0.8096898 , -0.87320639, -0.85048115, ...,  0.84907873,
          0.94911163,  0.        ]],

       [[ 0.        , -0.03174155, -0.02177317, ...,  0.86451131,
          0.77042829,  0.48464192],
        [ 0.03174155,  0.        ,  0.00997183, ...,  0.84812196,
          0.74980399,  0.45663298],
        [ 0.02177317, -0.00997183,  0.        , ...,  0.85336288,
          0.75636467,  0.46548176],
        ...,
        [-0.86451131, -0.84812196, -0.85336288, ...,  0.        ,
          0.16392146,  0.51261146],
        [-0.77042829, -0.74980399, -0.75636467, ..., -0.16392146,
          0.        ,  0.36493122],
        [-0.48464192, -0.45663298, -0.46548176, ..., -0.51261146,
         -0.36493122,  0.        ]],

       ...,

       [[ 0.        , -0.32824323, -0.34916583, ...,  0.85698221,
         -0.15148868, -0.15868809],
        [ 0.32824323,  0.        , -0.02223578, ...,  0.97865843,
          0.18135979,  0.17418828],
        [ 0.34916583,  0.02223578,  0.        , ...,  0.98298577,
          0.20318198,  0.19604106],
        ...,
        [-0.85698221, -0.97865843, -0.98298577, ...,  0.        ,
         -0.92516086, -0.92790246],
        [ 0.15148868, -0.18135979, -0.20318198, ...,  0.92516086,
          0.        , -0.00728754],
        [ 0.15868809, -0.17418828, -0.19604106, ...,  0.92790246,
          0.00728754,  0.        ]],

       [[ 0.        ,  0.00885907,  0.0168493 , ...,  0.8003983 ,
          0.71420289,  0.55525324],
        [-0.00885907,  0.        ,  0.00799083, ...,  0.80567762,
          0.72037567,  0.56259937],
        [-0.0168493 , -0.00799083,  0.        , ...,  0.8103853 ,
          0.72589499,  0.56918766],
        ...,
        [-0.8003983 , -0.80567762, -0.8103853 , ...,  0.        ,
          0.13208758,  0.33281947],
        [-0.71420289, -0.72037567, -0.72589499, ..., -0.13208758,
          0.        ,  0.20534597],
        [-0.55525324, -0.56259937, -0.56918766, ..., -0.33281947,
         -0.20534597,  0.        ]],

       [[ 0.        ,  0.34191066,  0.4930135 , ...,  0.77214975,
          0.63961901,  0.35739318],
        [-0.34191066,  0.        ,  0.16583111, ...,  0.94287811,
          0.86389477,  0.65518281],
        [-0.4930135 , -0.16583111,  0.        , ...,  0.98506781,
          0.93545797,  0.77139175],
        ...,
        [-0.77214975, -0.94287811, -0.98506781, ...,  0.        ,
          0.18710552,  0.49405023],
        [-0.63961901, -0.86389477, -0.93545797, ..., -0.18710552,
          0.        ,  0.32264944],
        [-0.35739318, -0.65518281, -0.77139175, ..., -0.49405023,
         -0.32264944,  0.        ]]]), 'num': array([8.87637309e-01, 4.60358375e-01, 4.23048450e-06, 1.24571118e-03,
       1.26914535e-03, 1.13470721e-03, 1.26324117e-02, 6.78357572e-05,
       1.23313073e-03, 1.10578451e-03, 9.32762218e-04, 7.86209370e-07,
       1.30896707e-03, 9.02601952e-04])}
{'img': array([[[ 0.        ,  0.05604876,  0.06358538, ...,  0.98394332,
          0.98325434,  0.99939009],
        [-0.05604876,  0.        ,  0.00755008, ...,  0.97239294,
          0.97149445,  0.99977634],
        [-0.06358538, -0.00755008,  0.        , ...,  0.97060341,
          0.96967692,  0.99958817],
        ...,
        [-0.98394332, -0.97239294, -0.97060341, ...,  0.        ,
         -0.00382001,  0.2127323 ],
        [-0.98325434, -0.97149445, -0.96967692, ...,  0.00382001,
          0.        ,  0.21646332],
        [-0.99939009, -0.99977634, -0.99958817, ..., -0.2127323 ,
         -0.21646332,  0.        ]],

       [[ 0.        ,  0.04482889,  0.15354751, ...,  0.18754263,
          0.87320639,  0.69253975],
        [-0.04482889,  0.        ,  0.10909587, ...,  0.23138756,
          0.85048115,  0.65950487],
        [-0.15354751, -0.10909587,  0.        , ...,  0.33614165,
          0.7880198 ,  0.57356104],
        ...,
        [-0.18754263, -0.23138756, -0.33614165, ...,  0.        ,
         -0.94911163, -0.81554109],
        [-0.87320639, -0.85048115, -0.7880198 , ...,  0.94911163,
          0.        , -0.29240373],
        [-0.69253975, -0.65950487, -0.57356104, ...,  0.81554109,
          0.29240373,  0.        ]],

       [[ 0.        ,  0.00962629, -0.04054749, ...,  0.8871082 ,
          0.8260144 ,  0.44248847],
        [-0.00962629,  0.        , -0.05016399, ...,  0.89151023,
          0.83140197,  0.45110058],
        [ 0.04054749,  0.05016399,  0.        , ...,  0.86766349,
          0.80248054,  0.40576263],
        ...,
        [-0.8871082 , -0.89151023, -0.86766349, ...,  0.        ,
          0.11876121,  0.59130009],
        [-0.8260144 , -0.83140197, -0.80248054, ..., -0.11876121,
          0.        ,  0.4913402 ],
        [-0.44248847, -0.45110058, -0.40576263, ..., -0.59130009,
         -0.4913402 ,  0.        ]],

       ...,

       [[ 0.        , -0.02223578, -0.01474078, ...,  0.18135979,
          0.17418828,  0.23241666],
        [ 0.02223578,  0.        ,  0.00749622, ...,  0.20318198,
          0.19604106,  0.25398607],
        [ 0.01474078, -0.00749622,  0.        , ...,  0.19583642,
          0.18868479,  0.24672853],
        ...,
        [-0.18135979, -0.20318198, -0.19583642, ...,  0.        ,
         -0.00728754,  0.05216896],
        [-0.17418828, -0.19604106, -0.18868479, ...,  0.00728754,
          0.        ,  0.05944519],
        [-0.23241666, -0.25398607, -0.24672853, ..., -0.05216896,
         -0.05944519,  0.        ]],

       [[ 0.        ,  0.00784171, -0.01712907, ...,  0.84701531,
          0.81749434,  0.5538849 ],
        [-0.00784171,  0.        , -0.02496911, ...,  0.85115767,
          0.82198553,  0.56039682],
        [ 0.01712907,  0.02496911,  0.        , ...,  0.83778576,
          0.80750914,  0.53954208],
        ...,
        [-0.84701531, -0.85115767, -0.83778576, ...,  0.        ,
          0.05327291,  0.41079147],
        [-0.81749434, -0.82198553, -0.80750914, ..., -0.05327291,
          0.        ,  0.36163767],
        [-0.5538849 , -0.56039682, -0.53954208, ..., -0.41079147,
         -0.36163767,  0.        ]],

       [[ 0.        ,  0.37039638,  0.6035385 , ...,  0.6691667 ,
          0.41079058,  0.        ],
        [-0.37039638,  0.        ,  0.26528152, ...,  0.89681753,
          0.71927399,  0.37039638],
        [-0.6035385 , -0.26528152,  0.        , ...,  0.98204616,
          0.87780123,  0.6035385 ],
        ...,
        [-0.6691667 , -0.89681753, -0.98204616, ...,  0.        ,
          0.30483564,  0.6691667 ],
        [-0.41079058, -0.71927399, -0.87780123, ..., -0.30483564,
          0.        ,  0.41079058],
        [-0.        , -0.37039638, -0.6035385 , ..., -0.6691667 ,
         -0.41079058,  0.        ]]]), 'num': array([8.31296676e-01, 5.55751714e-01, 2.60685867e-06, 1.20325311e-03,
       1.23740409e-03, 1.14747316e-03, 8.72695458e-03, 5.35032128e-05,
       1.16864677e-03, 1.03471799e-03, 8.68839053e-04, 7.06388999e-07,
       1.23234502e-03, 8.37090952e-04])}
{'img': array([[[ 0.        ,  0.00755008, -0.03941027, ...,  0.97149445,
          0.99977634,  0.98248882],
        [-0.00755008,  0.        , -0.04695337, ...,  0.96967692,
          0.99958817,  0.98386756],
        [ 0.03941027,  0.04695337,  0.        , ...,  0.98008239,
          0.99983311,  0.97438256],
        ...,
        [-0.97149445, -0.96967692, -0.98008239, ...,  0.        ,
          0.21646332,  0.41392141],
        [-0.99977634, -0.99958817, -0.99983311, ..., -0.21646332,
          0.        ,  0.20705835],
        [-0.98248882, -0.98386756, -0.97438256, ..., -0.41392141,
         -0.20705835,  0.        ]],

       [[ 0.        ,  0.10909587, -0.04450791, ...,  0.85048115,
          0.65950487,  0.54397185],
        [-0.10909587,  0.        , -0.15323001, ...,  0.7880198 ,
          0.57356104,  0.44918229],
        [ 0.04450791,  0.15323001,  0.        , ...,  0.87304976,
          0.69230793,  0.58077953],
        ...,
        [-0.85048115, -0.7880198 , -0.87304976, ...,  0.        ,
         -0.29240373, -0.42750949],
        [-0.65950487, -0.57356104, -0.69230793, ...,  0.29240373,
          0.        , -0.14448902],
        [-0.54397185, -0.44918229, -0.58077953, ...,  0.42750949,
          0.14448902,  0.        ]],

       [[ 0.        , -0.04836814, -0.02597089, ...,  0.92522368,
          0.82835901,  0.43651063],
        [ 0.04836814,  0.        ,  0.02241134, ...,  0.90578883,
          0.80029376,  0.39248296],
        [ 0.02597089, -0.02241134,  0.        , ...,  0.91505768,
          0.81353078,  0.41299742],
        ...,
        [-0.92522368, -0.90578883, -0.91505768, ...,  0.        ,
          0.20401036,  0.66680113],
        [-0.82835901, -0.80029376, -0.81353078, ..., -0.20401036,
          0.        ,  0.50074165],
        [-0.43651063, -0.39248296, -0.41299742, ..., -0.66680113,
         -0.50074165,  0.        ]],

       ...,

       [[ 0.        ,  0.00749622, -0.16441889, ...,  0.19604106,
          0.25398607,  0.19800866],
        [-0.00749622,  0.        , -0.17180847, ...,  0.18868479,
          0.24672853,  0.1906553 ],
        [ 0.16441889,  0.17180847,  0.        , ...,  0.35460151,
          0.40955672,  0.35647732],
        ...,
        [-0.19604106, -0.18868479, -0.35460151, ...,  0.        ,
          0.05944519,  0.00200694],
        [-0.25398607, -0.24672853, -0.40955672, ..., -0.05944519,
          0.        , -0.05744168],
        [-0.19800866, -0.1906553 , -0.35647732, ..., -0.00200694,
          0.05744168,  0.        ]],

       [[ 0.        , -0.02427919, -0.10282982, ...,  0.91740811,
          0.85802743,  0.54742545],
        [ 0.02427919,  0.        , -0.07864902, ...,  0.90747582,
          0.84530461,  0.52694593],
        [ 0.10282982,  0.07864902,  0.        , ...,  0.871624  ,
          0.8006652 ,  0.45846993],
        ...,
        [-0.91740811, -0.90747582, -0.871624  , ...,  0.        ,
          0.12973432,  0.54989037],
        [-0.85802743, -0.84530461, -0.8006652 , ..., -0.12973432,
          0.        ,  0.43688424],
        [-0.54742545, -0.52694593, -0.45846993, ..., -0.54989037,
         -0.43688424,  0.        ]],

       [[ 0.        ,  0.49956013,  0.74247642, ...,  0.49107098,
          0.27705764,  0.        ],
        [-0.49956013,  0.        ,  0.30855045, ...,  0.86058118,
          0.72001327,  0.49956013],
        [-0.74247642, -0.30855045,  0.        , ...,  0.97574053,
          0.89900413,  0.74247642],
        ...,
        [-0.49107098, -0.86058118, -0.97574053, ...,  0.        ,
          0.23049684,  0.49107098],
        [-0.27705764, -0.72001327, -0.89900413, ..., -0.23049684,
          0.        ,  0.27705764],
        [-0.        , -0.49956013, -0.74247642, ..., -0.49107098,
         -0.27705764,  0.        ]]]), 'num': array([ 9.18494741e-01,  3.95346237e-01,  5.17456483e-06,  1.30460974e-03,
        1.39235797e-03,  1.28654392e-03,  7.51681031e-03, -5.93590978e-05,
        1.28757626e-03,  1.18563346e-03,  9.92737896e-04,  7.35192025e-07,
        1.40925403e-03,  9.62012886e-04])}
{'img': array([[[ 0.        , -0.04695337, -0.00755008, ...,  0.99958817,
          0.98386756,  0.99969907],
        [ 0.04695337,  0.        ,  0.03941027, ...,  0.99983311,
          0.97438256,  0.99974829],
        [ 0.00755008, -0.03941027,  0.        , ...,  0.99977634,
          0.98248882,  0.99985579],
        ...,
        [-0.99958817, -0.99983311, -0.99977634, ...,  0.        ,
          0.20705835,  0.00416727],
        [-0.98386756, -0.97438256, -0.98248882, ..., -0.20705835,
          0.        , -0.2029796 ],
        [-0.99969907, -0.99974829, -0.99985579, ..., -0.00416727,
          0.2029796 ,  0.        ]],

       [[ 0.        , -0.15323001, -0.12025675, ...,  0.57356104,
          0.44918229,  0.34157969],
        [ 0.15323001,  0.        ,  0.0332814 , ...,  0.69230793,
          0.58077953,  0.48155948],
        [ 0.12025675, -0.0332814 ,  0.        , ...,  0.66790847,
          0.5533647 ,  0.45212444],
        ...,
        [-0.57356104, -0.69230793, -0.66790847, ...,  0.        ,
         -0.14448902, -0.25925357],
        [-0.44918229, -0.58077953, -0.5533647 , ...,  0.14448902,
          0.        , -0.11698423],
        [-0.34157969, -0.48155948, -0.45212444, ...,  0.25925357,
          0.11698423,  0.        ]],

       [[ 0.        ,  0.02241134,  0.        , ...,  0.80029376,
          0.39248296,  0.81194791],
        [-0.02241134,  0.        , -0.02241134, ...,  0.81353078,
          0.41299742,  0.82482615],
        [ 0.        ,  0.02241134,  0.        , ...,  0.80029376,
          0.39248296,  0.81194791],
        ...,
        [-0.80029376, -0.81353078, -0.80029376, ...,  0.        ,
          0.50074165, -0.01969517],
        [-0.39248296, -0.41299742, -0.39248296, ..., -0.50074165,
          0.        , -0.51769259],
        [-0.81194791, -0.82482615, -0.81194791, ...,  0.01969517,
          0.51769259,  0.        ]],

       ...,

       [[ 0.        , -0.17180847, -0.10953515, ...,  0.24672853,
          0.1906553 ,  0.0185495 ],
        [ 0.17180847,  0.        ,  0.06286828, ...,  0.40955672,
          0.35647732,  0.19005258],
        [ 0.10953515, -0.06286828,  0.        , ...,  0.35139278,
          0.29703407,  0.12795419],
        ...,
        [-0.24672853, -0.40955672, -0.35139278, ...,  0.        ,
         -0.05744168, -0.22871004],
        [-0.1906553 , -0.35647732, -0.29703407, ...,  0.05744168,
          0.        , -0.17241325],
        [-0.0185495 , -0.19005258, -0.12795419, ...,  0.22871004,
          0.17241325,  0.        ]],

       [[ 0.        , -0.07772   , -0.17029409, ...,  0.88606152,
          0.74907656,  0.52157407],
        [ 0.07772   ,  0.        , -0.09319423, ...,  0.8473529 ,
          0.69532256,  0.45368526],
        [ 0.17029409,  0.09319423,  0.        , ...,  0.79417623,
          0.62531799,  0.36865964],
        ...,
        [-0.88606152, -0.8473529 , -0.79417623, ...,  0.        ,
          0.23975341,  0.51420813],
        [-0.74907656, -0.69532256, -0.62531799, ..., -0.23975341,
          0.        ,  0.29358244],
        [-0.52157407, -0.45368526, -0.36865964, ..., -0.51420813,
         -0.29358244,  0.        ]],

       [[ 0.        ,  0.59798986,  0.78911157, ...,  0.53227893,
          0.4634326 ,  0.        ],
        [-0.59798986,  0.        ,  0.2651606 , ...,  0.93286322,
          0.90134098,  0.59798986],
        [-0.78911157, -0.2651606 ,  0.        , ...,  0.9949897 ,
          0.98392057,  0.78911157],
        ...,
        [-0.53227893, -0.93286322, -0.9949897 , ...,  0.        ,
          0.0793418 ,  0.53227893],
        [-0.4634326 , -0.90134098, -0.98392057, ..., -0.0793418 ,
          0.        ,  0.4634326 ],
        [-0.        , -0.59798986, -0.78911157, ..., -0.53227893,
         -0.4634326 ,  0.        ]]]), 'num': array([9.34802423e-01, 3.51004986e-01, 5.28802026e-06, 1.37364103e-03,
       1.56152128e-03, 1.27659030e-03, 5.41039749e-02, 1.15714326e-04,
       1.27833224e-03, 1.16193358e-03, 9.66691578e-04, 7.73183119e-07,
       1.38899464e-03, 9.34872519e-04])}
{'img': array([[[ 0.        ,  0.03941027,  0.08320929, ...,  0.97438256,
          0.99974829,  0.88633811],
        [-0.03941027,  0.        ,  0.04387104, ...,  0.98248882,
          0.99985579,  0.903898  ],
        [-0.08320929, -0.04387104,  0.        , ...,  0.989717  ,
          0.9981481 ,  0.92179348],
        ...,
        [-0.97438256, -0.98248882, -0.989717  , ...,  0.        ,
         -0.2029796 ,  0.25184203],
        [-0.99974829, -0.99985579, -0.9981481 , ...,  0.2029796 ,
          0.        ,  0.44303666],
        [-0.88633811, -0.903898  , -0.92179348, ..., -0.25184203,
         -0.44303666,  0.        ]],

       [[ 0.        ,  0.0332814 ,  0.02122332, ...,  0.58077953,
          0.48155948,  0.65746457],
