state_0,state_1,state_2,state_3,state_4,state_5,state_6,state_7,state_8,state_9,state_10,state_11,state_12,state_13,state_14,state_15,state_16,state_17,state_18,state_19,state_20,state_21,state_22,state_23,state_24,state_25,state_26,state_27,state_28,state_29,state_30,state_31,state_32,state_33,state_34,state_35,state_36,state_37,state_38,state_39,state_40,state_41,state_42,state_43,state_44,state_45,state_46,state_47,state_48,state_49,state_50,state_51,state_52,state_53,state_54,state_55,state_56,state_57,state_58,state_59,state_60,state_61,state_62,state_63,state_64,state_65,state_66,state_67,state_68,state_69,state_70,state_71,state_72,state_73,state_74,state_75,state_76,state_77,state_78,state_79,state_80,state_81,state_82,state_83,state_84,state_85,state_86,state_87,state_88,state_89,state_90,state_91,state_92,state_93,state_94,state_95,state_96,state_97,state_98,state_99,state_100,state_101,state_102,state_103,state_104,state_105,state_106,state_107,state_108,state_109,state_110,state_111,state_112,state_113,state_114,state_115,state_116,state_117,state_118,state_119,state_120,state_121,state_122,state_123,state_124,state_125,state_126,state_127,state_128,state_129,state_130,state_131,state_132,state_133,state_134,state_135,state_136,state_137,state_138,state_139,state_140,state_141,state_142,state_143,state_144,state_145,state_146,state_147,state_148,state_149,state_150,state_151,state_152,state_153,state_154,state_155,state_156,state_157,state_158,state_159,state_160,state_161,state_162,state_163,state_164,state_165,state_166,state_167,state_168,state_169,state_170,state_171,state_172,state_173,state_174,state_175,state_176,state_177,state_178,state_179,state_180,state_181,state_182,state_183,state_184,state_185,state_186,state_187,state_188,state_189,state_190,state_191,state_192,state_193,state_194,state_195,state_196,state_197,state_198,state_199,state_200,state_201,state_202,state_203,state_204,state_205,state_206,state_207,state_208,state_209,state_210,state_211,state_212,state_213,state_214,state_215,state_216,state_217,state_218,state_219,state_220,state_221,state_222,state_223,state_224,state_225,state_226,state_227,state_228,state_229,state_230,state_231,state_232,state_233,state_234,state_235,state_236,state_237,state_238,state_239,state_240,state_241,state_242,state_243,state_244,state_245,state_246,state_247,state_248,state_249,state_250,state_251,state_252,state_253,state_254,state_255,state_256,state_257,state_258,state_259,state_260,state_261,state_262,state_263,state_264,state_265,state_266,state_267,state_268,state_269,state_270,state_271,state_272,state_273,state_274,state_275,state_276,state_277,state_278,state_279,state_280,state_281,state_282,state_283,state_284,state_285,state_286,state_287
{'img': array([[[ 0.        , -0.16628812, -0.56237947, ...,  0.98686494,
          0.9806291 ,  0.96986362],
        [ 0.16628812,  0.        , -0.41704938, ...,  0.99998845,
          0.9995475 ,  0.99687625],
        [ 0.56237947,  0.41704938,  0.        , ...,  0.90686916,
          0.92101731,  0.938983  ],
        ...,
        [-0.98686494, -0.99998845, -0.90686916, ...,  0.        ,
         -0.03488286, -0.08376905],
        [-0.9806291 , -0.9995475 , -0.92101731, ...,  0.03488286,
          0.        , -0.04895781],
        [-0.96986362, -0.99687625, -0.938983  , ...,  0.08376905,
          0.04895781,  0.        ]],

       [[ 0.        ,  0.23037588,  0.38552604, ..., -0.27313239,
         -0.26495748, -0.22201344],
        [-0.23037588,  0.        ,  0.16258893, ..., -0.48740177,
         -0.47997285, -0.44066818],
        [-0.38552604, -0.16258893,  0.        , ..., -0.62288539,
         -0.61622284, -0.58075582],
        ...,
        [ 0.27313239,  0.48740177,  0.62288539, ...,  0.        ,
          0.0084878 ,  0.05274429],
        [ 0.26495748,  0.47997285,  0.61622284, ..., -0.0084878 ,
          0.        ,  0.0442664 ],
        [ 0.22201344,  0.44066818,  0.58075582, ..., -0.05274429,
         -0.0442664 ,  0.        ]],

       [[ 0.        , -0.04274107, -0.3992647 , ...,  0.99996409,
          0.99993063,  0.9997885 ],
        [ 0.04274107,  0.        , -0.3597133 , ...,  0.99941251,
          0.9995203 ,  0.99975389],
        [ 0.3992647 ,  0.3597133 ,  0.        , ...,  0.92018631,
          0.9214748 ,  0.92485309],
        ...,
        [-0.99996409, -0.99941251, -0.92018631, ...,  0.        ,
         -0.00330418, -0.01209273],
        [-0.99993063, -0.9995203 , -0.9214748 , ...,  0.00330418,
          0.        , -0.00878872],
        [-0.9997885 , -0.99975389, -0.92485309, ...,  0.01209273,
          0.00878872,  0.        ]],

       ...,

       [[ 0.        , -0.09937785,  0.01315101, ...,  0.83856114,
          0.63414497,  0.67813877],
        [ 0.09937785,  0.        ,  0.11245517, ...,  0.88855187,
          0.70784617,  0.74781797],
        [-0.01315101, -0.11245517,  0.        , ...,  0.83132386,
          0.62392158,  0.668415  ],
        ...,
        [-0.83856114, -0.88855187, -0.83132386, ...,  0.        ,
         -0.30290043, -0.24683191],
        [-0.63414497, -0.70784617, -0.62392158, ...,  0.30290043,
          0.        ,  0.05829188],
        [-0.67813877, -0.74781797, -0.668415  , ...,  0.24683191,
         -0.05829188,  0.        ]],

       [[ 0.        , -0.07764384, -0.14753191, ...,  0.97598807,
          0.97783298,  0.9768266 ],
        [ 0.07764384,  0.        , -0.07029233, ...,  0.98995441,
          0.99113862,  0.990496  ],
        [ 0.14753191,  0.07029233,  0.        , ...,  0.99744411,
          0.99802402,  0.99771406],
        ...,
        [-0.97598807, -0.98995441, -0.99744411, ...,  0.        ,
          0.00863686,  0.00388336],
        [-0.97783298, -0.99113862, -0.99802402, ..., -0.00863686,
          0.        , -0.00475358],
        [-0.9768266 , -0.990496  , -0.99771406, ..., -0.00388336,
          0.00475358,  0.        ]],

       [[ 0.        , -0.02665121, -0.07899763, ...,  0.99738391,
          0.9906928 ,  0.96767946],
        [ 0.02665121,  0.        , -0.05240165, ...,  0.99510311,
          0.98671323,  0.96061474],
        [ 0.07899763,  0.05240165,  0.        , ...,  0.98855643,
          0.97684379,  0.94473338],
        ...,
        [-0.99738391, -0.99510311, -0.98855643, ...,  0.        ,
          0.06414697,  0.18157352],
        [-0.9906928 , -0.98671323, -0.97684379, ..., -0.06414697,
          0.        ,  0.11811888],
        [-0.96767946, -0.96061474, -0.94473338, ..., -0.18157352,
         -0.11811888,  0.        ]]]), 'num': array([8.90698856e-01, 4.54449015e-01, 4.09624264e-06, 1.70410094e-03,
       1.73290265e-03, 1.69770056e-03, 1.04174011e-02, 4.80028434e-06,
       1.71434155e-03, 1.69178021e-03, 1.66991225e-03, 9.83842061e-07,
       1.77883537e-03, 1.60472506e-03])}
{'img': array([[[ 0.        , -0.41704938,  0.39847453, ...,  0.9995475 ,
          0.99687625,  0.99792275],
        [ 0.41704938,  0.        ,  0.74467616, ...,  0.92101731,
          0.938983  ,  0.93386299],
        [-0.39847453, -0.74467616,  0.        , ...,  0.90477835,
          0.88284309,  0.88960367],
        ...,
        [-0.9995475 , -0.92101731, -0.90477835, ...,  0.        ,
         -0.04895781, -0.03437552],
        [-0.99687625, -0.938983  , -0.88284309, ...,  0.04895781,
          0.        ,  0.01459458],
        [-0.99792275, -0.93386299, -0.88960367, ...,  0.03437552,
         -0.01459458,  0.        ]],

       [[ 0.        ,  0.16258893,  0.42452125, ..., -0.47997285,
         -0.44066818, -0.37950756],
        [-0.16258893,  0.        ,  0.27166159, ..., -0.61622284,
         -0.58075582, -0.52488322],
        [-0.42452125, -0.27166159,  0.        , ..., -0.80700147,
         -0.78006891, -0.7363752 ],
        ...,
        [ 0.47997285,  0.61622284,  0.80700147, ...,  0.        ,
          0.0442664 ,  0.11112977],
        [ 0.44066818,  0.58075582,  0.78006891, ..., -0.0442664 ,
          0.        ,  0.06702862],
        [ 0.37950756,  0.52488322,  0.7363752 , ..., -0.11112977,
         -0.06702862,  0.        ]],

       [[ 0.        , -0.3597133 , -0.24617456, ...,  0.9995203 ,
          0.99975389,  0.99999897],
        [ 0.3597133 ,  0.        ,  0.11894697, ...,  0.9214748 ,
          0.92485309,  0.93254461],
        [ 0.24617456, -0.11894697,  0.        , ...,  0.96113643,
          0.96352565,  0.96887048],
        ...,
        [-0.9995203 , -0.9214748 , -0.96113643, ...,  0.        ,
         -0.00878872, -0.02953302],
        [-0.99975389, -0.92485309, -0.96352565, ...,  0.00878872,
          0.        , -0.02074699],
        [-0.99999897, -0.93254461, -0.96887048, ...,  0.02953302,
          0.02074699,  0.        ]],

       ...,

       [[ 0.        ,  0.11245517,  0.95506473, ...,  0.70784617,
          0.74781797,  0.99202192],
        [-0.11245517,  0.        ,  0.91567515, ...,  0.62392158,
          0.668415  ,  0.97155261],
        [-0.95506473, -0.91567515,  0.        , ..., -0.46482215,
         -0.41241989,  0.17363191],
        ...,
        [-0.70784617, -0.62392158,  0.46482215, ...,  0.        ,
          0.05829188,  0.61149619],
        [-0.74781797, -0.668415  ,  0.41241989, ..., -0.05829188,
          0.        ,  0.56433309],
        [-0.99202192, -0.97155261, -0.17363191, ..., -0.61149619,
         -0.56433309,  0.        ]],

       [[ 0.        , -0.07029233, -0.13504054, ...,  0.99113862,
          0.990496  ,  0.98777675],
        [ 0.07029233,  0.        , -0.06505805, ...,  0.99802402,
          0.99771406,  0.99629025],
        [ 0.13504054,  0.06505805,  0.        , ...,  0.99999752,
          0.99999681,  0.99977826],
        ...,
        [-0.99113862, -0.99802402, -0.99999752, ...,  0.        ,
         -0.00475358, -0.02328605],
        [-0.990496  , -0.99771406, -0.99999681, ...,  0.00475358,
          0.        , -0.0185335 ],
        [-0.98777675, -0.99629025, -0.99977826, ...,  0.02328605,
          0.0185335 ,  0.        ]],

       [[ 0.        , -0.0521671 , -0.04321508, ...,  0.99060987,
          0.96991551,  0.80910292],
        [ 0.0521671 ,  0.        ,  0.00896213, ...,  0.98212879,
          0.95589519,  0.77734433],
        [ 0.04321508, -0.00896213,  0.        , ...,  0.98377611,
          0.95848905,  0.78295097],
        ...,
        [-0.99060987, -0.98212879, -0.98377611, ...,  0.        ,
          0.10854994,  0.47152895],
        [-0.96991551, -0.95589519, -0.95848905, ..., -0.10854994,
          0.        ,  0.37301785],
        [-0.80910292, -0.77734433, -0.78295097, ..., -0.47152895,
         -0.37301785,  0.        ]]]), 'num': array([ 7.07095774e-01,  7.07095774e-01,  0.00000000e+00,  7.88568754e-04,
        8.04265384e-04,  7.87821296e-04,  5.10958170e-03, -7.47458535e-06,
        7.97239273e-04,  7.92343420e-04,  7.83411291e-04,  4.28479415e-07,
        8.27988573e-04,  7.56698267e-04])}
{'img': array([[[ 0.        ,  0.74467616,  0.76448044, ...,  0.938983  ,
          0.93386299,  0.95005816],
        [-0.74467616,  0.        ,  0.0301809 , ...,  0.88284309,
          0.88960367,  0.86648673],
        [-0.76448044, -0.0301809 ,  0.        , ...,  0.86826591,
          0.87541379,  0.85102569],
        ...,
        [-0.938983  , -0.88284309, -0.86826591, ...,  0.        ,
          0.01459458, -0.03375424],
        [-0.93386299, -0.88960367, -0.87541379, ..., -0.01459458,
          0.        , -0.04833691],
        [-0.95005816, -0.86648673, -0.85102569, ...,  0.03375424,
          0.04833691,  0.        ]],

       [[ 0.        ,  0.27166159, -0.38696781, ..., -0.58075582,
         -0.52488322, -0.50391322],
        [-0.27166159,  0.        , -0.62291236, ..., -0.78006891,
         -0.7363752 , -0.71961134],
        [ 0.38696781,  0.62291236,  0.        , ..., -0.2204891 ,
         -0.15461422, -0.13040986],
        ...,
        [ 0.58075582,  0.78006891,  0.2204891 , ...,  0.        ,
          0.06702862,  0.09140576],
        [ 0.52488322,  0.7363752 ,  0.15461422, ..., -0.06702862,
          0.        ,  0.02445217],
        [ 0.50391322,  0.71961134,  0.13040986, ..., -0.09140576,
         -0.02445217,  0.        ]],

       [[ 0.        ,  0.11894697,  0.24074567, ...,  0.92485309,
          0.93254461,  0.94160697],
        [-0.11894697,  0.        ,  0.12358799, ...,  0.96352565,
          0.96887048,  0.97497324],
        [-0.24074567, -0.12358799,  0.        , ...,  0.98921302,
          0.9920392 ,  0.99497508],
        ...,
        [-0.92485309, -0.96352565, -0.98921302, ...,  0.        ,
         -0.02074699, -0.04670526],
        [-0.93254461, -0.96887048, -0.9920392 , ...,  0.02074699,
          0.        , -0.02597086],
        [-0.94160697, -0.97497324, -0.99497508, ...,  0.04670526,
          0.02597086,  0.        ]],

       ...,

       [[ 0.        ,  0.91567515,  0.94780443, ...,  0.668415  ,
          0.97155261,  0.92612399],
        [-0.91567515,  0.        ,  0.08897568, ..., -0.41241989,
          0.17363191,  0.02681669],
        [-0.94780443, -0.08897568,  0.        , ..., -0.49184044,
          0.08531906, -0.06223335],
        ...,
        [-0.668415  ,  0.41241989,  0.49184044, ...,  0.        ,
          0.56433309,  0.43670141],
        [-0.97155261, -0.17363191, -0.08531906, ..., -0.56433309,
          0.        , -0.14716011],
        [-0.92612399, -0.02681669,  0.06223335, ..., -0.43670141,
          0.14716011,  0.        ]],

       [[ 0.        , -0.06505805, -0.30001255, ...,  0.99771406,
          0.99629025,  0.99425272],
        [ 0.06505805,  0.        , -0.2373158 , ...,  0.99999681,
          0.99977826,  0.9991114 ],
        [ 0.30001255,  0.2373158 ,  0.        , ...,  0.97202858,
          0.97621445,  0.98057162],
        ...,
        [-0.99771406, -0.99999681, -0.97202858, ...,  0.        ,
         -0.0185335 , -0.0396251 ],
        [-0.99629025, -0.99977826, -0.97621445, ...,  0.0185335 ,
          0.        , -0.02109935],
        [-0.99425272, -0.9991114 , -0.98057162, ...,  0.0396251 ,
          0.02109935,  0.        ]],

       [[ 0.        ,  0.00879521,  0.02915821, ...,  0.9841211 ,
          0.94090839,  0.76814221],
        [-0.00879521,  0.        ,  0.02036562, ...,  0.98564417,
          0.94385059,  0.77374388],
        [-0.02915821, -0.02036562,  0.        , ...,  0.9888782 ,
          0.95038308,  0.786485  ],
        ...,
        [-0.9841211 , -0.98564417, -0.9888782 , ...,  0.        ,
          0.16627396,  0.49376839],
        [-0.94090839, -0.94385059, -0.95038308, ..., -0.16627396,
          0.        ,  0.34230418],
        [-0.76814221, -0.77374388, -0.786485  , ..., -0.49376839,
         -0.34230418,  0.        ]]]), 'num': array([7.07041063e-01, 7.07041063e-01, 0.00000000e+00, 8.18403768e-04,
       8.24382974e-04, 7.81033733e-04, 1.34442363e-02, 2.98960281e-05,
       7.99569270e-04, 7.95832267e-04, 7.87436466e-04, 5.36807134e-07,
       8.26712129e-04, 7.64952405e-04])}
{'img': array([[[ 0.        ,  0.23216006,  0.69825717, ...,  0.97330673,
          0.98459271,  0.91934917],
        [-0.23216006,  0.        ,  0.51298803, ...,  0.99999629,
          0.99828756,  0.98557201],
        [-0.69825717, -0.51298803,  0.        , ...,  0.85699444,
          0.82691734,  0.93283748],
        ...,
        [-0.97330673, -0.99999629, -0.85699444, ...,  0.        ,
         -0.05577638,  0.17194218],
        [-0.98459271, -0.99828756, -0.82691734, ...,  0.05577638,
          0.        ,  0.22662023],
        [-0.91934917, -0.98557201, -0.93283748, ..., -0.17194218,
         -0.22662023,  0.        ]],

       [[ 0.        , -0.62291236, -0.09637334, ..., -0.7363752 ,
         -0.71961134, -0.25825869],
        [ 0.62291236,  0.        ,  0.54462081, ..., -0.15461422,
         -0.13040986,  0.39974695],
        [ 0.09637334, -0.54462081,  0.        , ..., -0.66774393,
         -0.6493423 , -0.16395261],
        ...,
        [ 0.7363752 ,  0.15461422,  0.66774393, ...,  0.        ,
          0.02445217,  0.5366633 ],
        [ 0.71961134,  0.13040986,  0.6493423 , ..., -0.02445217,
          0.        ,  0.51587019],
        [ 0.25825869, -0.39974695,  0.16395261, ..., -0.5366633 ,
         -0.51587019,  0.        ]],

       [[ 0.        ,  0.21043365,  0.45779356, ...,  0.93342268,
          0.94244857,  0.93651177],
        [-0.21043365,  0.        ,  0.26045488, ...,  0.98802071,
          0.99170413,  0.98932718],
        [-0.45779356, -0.26045488,  0.        , ...,  0.99411393,
          0.99095574,  0.99313274],
        ...,
        [-0.93342268, -0.98802071, -0.99411393, ...,  0.        ,
         -0.02603946, -0.00870869],
        [-0.94244857, -0.99170413, -0.99095574, ...,  0.02603946,
          0.        ,  0.01733274],
        [-0.93651177, -0.98932718, -0.99313274, ...,  0.00870869,
         -0.01733274,  0.        ]],

       ...,

       [[ 0.        ,  0.08897568,  0.34019175, ...,  0.17363191,
          0.02681669,  0.54416114],
        [-0.08897568,  0.        ,  0.25517366, ...,  0.08531906,
         -0.06223335,  0.46735402],
        [-0.34019175, -0.25517366,  0.        , ..., -0.17174862,
         -0.31485216,  0.22629093],
        ...,
        [-0.17363191, -0.08531906,  0.17174862, ...,  0.        ,
         -0.14716011,  0.39022185],
        [-0.02681669,  0.06223335,  0.31485216, ...,  0.14716011,
          0.        ,  0.52146676],
        [-0.54416114, -0.46735402, -0.22629093, ..., -0.39022185,
         -0.52146676,  0.        ]],

       [[ 0.        , -0.2373158 ,  0.02908131, ...,  0.99977826,
          0.9991114 ,  0.99871196],
        [ 0.2373158 ,  0.        ,  0.26546597, ...,  0.97621445,
          0.98057162,  0.98222241],
        [-0.02908131, -0.26546597,  0.        , ...,  0.99874303,
          0.99746312,  0.99681401],
        ...,
        [-0.99977826, -0.97621445, -0.99874303, ...,  0.        ,
         -0.02109935, -0.02969699],
        [-0.9991114 , -0.98057162, -0.99746312, ...,  0.02109935,
          0.        , -0.00860033],
        [-0.99871196, -0.98222241, -0.99681401, ...,  0.02969699,
          0.00860033,  0.        ]],

       [[ 0.        ,  0.01993518, -0.01221551, ...,  0.98139736,
          0.94603225,  0.76328866],
        [-0.01993518,  0.        , -0.03214677, ...,  0.98502964,
          0.95230469,  0.77601625],
        [ 0.01221551,  0.03214677,  0.        , ...,  0.97897891,
          0.94200295,  0.75533979],
        ...,
        [-0.98139736, -0.98502964, -0.97897891, ...,  0.        ,
          0.13641747,  0.48749728],
        [-0.94603225, -0.95230469, -0.94200295, ..., -0.13641747,
          0.        ,  0.36383045],
        [-0.76328866, -0.77601625, -0.75533979, ..., -0.48749728,
         -0.36383045,  0.        ]]]), 'num': array([7.07096054e-01, 7.07096054e-01, 0.00000000e+00, 8.19962337e-04,
       8.28931843e-04, 8.13982666e-04, 5.01422292e-03, 1.49491766e-06,
       8.03368751e-04, 7.96828486e-04, 7.90699324e-04, 4.73211346e-07,
       8.29390507e-04, 7.64266465e-04])}
{'img': array([[[ 0.        ,  0.67303329,  0.73444302, ...,  0.98655412,
          0.92289924,  0.91819794],
        [-0.67303329,  0.        ,  0.08643526, ...,  0.83966458,
          0.94173331,  0.9457136 ],
        [-0.73444302, -0.08643526,  0.        , ...,  0.78957866,
          0.90913544,  0.91408268],
        ...,
        [-0.98655412, -0.83966458, -0.78957866, ...,  0.        ,
          0.22903038,  0.24073009],
        [-0.92289924, -0.94173331, -0.90913544, ..., -0.22903038,
          0.        ,  0.01203623],
        [-0.91819794, -0.9457136 , -0.91408268, ..., -0.24073009,
         -0.01203623,  0.        ]],

       [[ 0.        ,  0.54462081,  0.2642419 , ..., -0.13040986,
          0.39974695, -0.13975655],
        [-0.54462081,  0.        , -0.30364802, ..., -0.6493423 ,
         -0.16395261, -0.6564872 ],
        [-0.2642419 ,  0.30364802,  0.        , ..., -0.38775994,
          0.14332765, -0.3964377 ],
        ...,
        [ 0.13040986,  0.6493423 ,  0.38775994, ...,  0.        ,
          0.51587019, -0.00943305],
        [-0.39974695,  0.16395261, -0.14332765, ..., -0.51587019,
          0.        , -0.52392821],
        [ 0.13975655,  0.6564872 ,  0.3964377 , ...,  0.00943305,
          0.52392821,  0.        ]],

       [[ 0.        ,  0.41362407,  0.61175825, ...,  0.94508861,
          0.9392318 ,  0.92942265],
        [-0.41362407,  0.        ,  0.22977877, ...,  0.99563203,
          0.99711185,  0.99882508],
        [-0.61175825, -0.22977877,  0.        , ...,  0.94753869,
          0.95298098,  0.96096412],
        ...,
        [-0.94508861, -0.99563203, -0.94753869, ...,  0.        ,
          0.01747911,  0.04500522],
        [-0.9392318 , -0.99711185, -0.95298098, ..., -0.01747911,
          0.        ,  0.02753695],
        [-0.92942265, -0.99882508, -0.96096412, ..., -0.04500522,
         -0.02753695,  0.        ]],

       ...,

       [[ 0.        ,  0.25517366,  0.50349438, ..., -0.06223335,
          0.46735402,  0.15096598],
        [-0.25517366,  0.        ,  0.26635666, ..., -0.31485216,
          0.22629093, -0.10628082],
        [-0.50349438, -0.26635666,  0.        , ..., -0.55628794,
         -0.04133124, -0.36728943],
        ...,
        [ 0.06223335,  0.31485216,  0.55628794, ...,  0.        ,
          0.52146676,  0.21219344],
        [-0.46735402, -0.22629093,  0.04133124, ..., -0.52146676,
          0.        , -0.32853312],
        [-0.15096598,  0.10628082,  0.36728943, ..., -0.21219344,
          0.32853312,  0.        ]],

       [[ 0.        ,  0.26546597,  0.36597501, ...,  0.98057162,
          0.98222241,  0.97856913],
        [-0.26546597,  0.        ,  0.10579473, ...,  0.99746312,
          0.99681401,  0.99812267],
        [-0.36597501, -0.10579473,  0.        , ...,  0.98433432,
          0.98278158,  0.98604163],
        ...,
        [-0.98057162, -0.99746312, -0.98433432, ...,  0.        ,
         -0.00860033,  0.00996038],
        [-0.98222241, -0.99681401, -0.98278158, ...,  0.00860033,
          0.        ,  0.01855992],
        [-0.97856913, -0.99812267, -0.98604163, ..., -0.00996038,
         -0.01855992,  0.        ]],

       [[ 0.        , -0.03214677, -0.06469381, ...,  0.95230469,
          0.77601625,  0.84106275],
        [ 0.03214677,  0.        , -0.03258094, ...,  0.94200295,
          0.75533979,  0.82323866],
        [ 0.06469381,  0.03258094,  0.        , ...,  0.93056853,
          0.7335874 ,  0.80430555],
        ...,
        [-0.95230469, -0.94200295, -0.93056853, ...,  0.        ,
          0.36383045,  0.2584881 ],
        [-0.77601625, -0.75533979, -0.7335874 , ..., -0.36383045,
          0.        , -0.1106928 ],
        [-0.84106275, -0.82323866, -0.80430555, ..., -0.2584881 ,
          0.1106928 ,  0.        ]]]), 'num': array([7.07100385e-01, 7.07100385e-01, 0.00000000e+00, 8.20714823e-04,
       8.26694530e-04, 8.15482579e-04, 3.58874374e-03, 7.47463409e-07,
       8.08755408e-04, 7.96758621e-04, 7.93855971e-04, 5.11724949e-07,
       8.29093563e-04, 7.64423678e-04])}
{'img': array([[[ 0.        ,  0.36772064,  0.54140127, ...,  0.95611439,
          0.95211746,  0.95004863],
        [-0.36772064,  0.        ,  0.1943023 , ...,  0.99686529,
          0.99783273,  0.99825103],
        [-0.54140127, -0.1943023 ,  0.        , ...,  0.962494  ,
          0.96603035,  0.96773937],
        ...,
        [-0.95611439, -0.99686529, -0.962494  , ...,  0.        ,
          0.01335088,  0.02004693],
        [-0.95211746, -0.99783273, -0.96603035, ..., -0.01335088,
          0.        ,  0.00669695],
        [-0.95004863, -0.99825103, -0.96773937, ..., -0.02004693,
         -0.00669695,  0.        ]],

       [[ 0.        , -0.30364802, -0.18487782, ..., -0.16395261,
         -0.6564872 , -0.77898232],
        [ 0.30364802,  0.        ,  0.12226491, ...,  0.14332765,
         -0.3964377 , -0.55180086],
        [ 0.18487782, -0.12226491,  0.        , ...,  0.02124977,
         -0.50571015, -0.64962696],
        ...,
        [ 0.16395261, -0.14332765, -0.02124977, ...,  0.        ,
         -0.52392821, -0.66563548],
        [ 0.6564872 ,  0.3964377 ,  0.50571015, ...,  0.52392821,
          0.        , -0.17596771],
        [ 0.77898232,  0.55180086,  0.64962696, ...,  0.66563548,
          0.17596771,  0.        ]],

       [[ 0.        ,  0.48412292,  0.70079566, ...,  0.94991776,
          0.94062783,  0.92571053],
        [-0.48412292,  0.        ,  0.26784128, ...,  0.98246645,
          0.98737987,  0.99310786],
        [-0.70079566, -0.26784128,  0.        , ...,  0.89663394,
          0.90888605,  0.92543065],
        ...,
        [-0.94991776, -0.98246645, -0.89663394, ...,  0.        ,
          0.02849356,  0.07000547],
        [-0.94062783, -0.98737987, -0.90888605, ..., -0.02849356,
          0.        ,  0.0415534 ],
        [-0.92571053, -0.99310786, -0.92543065, ..., -0.07000547,
         -0.0415534 ,  0.        ]],

       ...,

       [[ 0.        ,  0.26635666,  0.3783869 , ...,  0.22629093,
         -0.10628082,  0.08905863],
        [-0.26635666,  0.        ,  0.11816511, ..., -0.04133124,
         -0.36728943, -0.17945692],
        [-0.3783869 , -0.11816511,  0.        , ..., -0.15910581,
         -0.47462235, -0.29444644],
        ...,
        [-0.22629093,  0.04133124,  0.15910581, ...,  0.        ,
         -0.32853312, -0.13864331],
        [ 0.10628082,  0.36728943,  0.47462235, ...,  0.32853312,
          0.        ,  0.19441271],
        [-0.08905863,  0.17945692,  0.29444644, ...,  0.13864331,
         -0.19441271,  0.        ]],

       [[ 0.        ,  0.25894315,  0.42906527, ...,  0.98494245,
          0.98150966,  0.98192476],
        [-0.25894315,  0.        ,  0.18053447, ...,  0.99611534,
          0.99759786,  0.99744443],
        [-0.42906527, -0.18053447,  0.        , ...,  0.96385029,
          0.96870015,  0.96815651],
        ...,
        [-0.98494245, -0.99611534, -0.96385029, ...,  0.        ,
          0.01884451,  0.01666408],
        [-0.98150966, -0.99759786, -0.96870015, ..., -0.01884451,
          0.        , -0.00218077],
        [-0.98192476, -0.99744443, -0.96815651, ..., -0.01666408,
          0.00218077,  0.        ]],

       [[ 0.        , -0.03258094, -0.09137468, ...,  0.75533979,
          0.82323866,  0.8163629 ],
        [ 0.03258094,  0.        , -0.05888153, ...,  0.7335874 ,
          0.80430555,  0.79711272],
        [ 0.09137468,  0.05888153,  0.        , ...,  0.69229901,
          0.76792172,  0.76017525],
        ...,
        [-0.75533979, -0.7335874 , -0.69229901, ...,  0.        ,
         -0.1106928 , -0.09875145],
        [-0.82323866, -0.80430555, -0.76792172, ...,  0.1106928 ,
          0.        ,  0.01200716],
        [-0.8163629 , -0.79711272, -0.76017525, ...,  0.09875145,
         -0.01200716,  0.        ]]]), 'num': array([7.07063242e-01, 7.07063242e-01, 0.00000000e+00, 8.55053223e-04,
       8.62527465e-04, 8.17682016e-04, 1.08522548e-02, 3.43815107e-05,
       8.20522228e-04, 7.98996412e-04, 7.96953453e-04, 5.62819387e-07,
       8.39896292e-04, 7.58096532e-04])}
{'img': array([[[ 0.        ,  0.41985594,  0.41985594, ...,  0.95984583,
          0.95789201,  0.80684801],
        [-0.41985594,  0.        ,  0.        , ...,  0.98892857,
          0.98992663,  0.98032151],
        [-0.41985594,  0.        ,  0.        , ...,  0.98892857,
          0.98992663,  0.98032151],
        ...,
        [-0.95984583, -0.98892857, -0.98892857, ...,  0.        ,
          0.00688372,  0.34069413],
        [-0.95789201, -0.98992663, -0.98992663, ..., -0.00688372,
          0.        ,  0.33421417],
        [-0.80684801, -0.98032151, -0.98032151, ..., -0.34069413,
         -0.33421417,  0.        ]],

       [[ 0.        ,  0.12226491,  0.56239163, ..., -0.3964377 ,
         -0.55180086,  0.00614088],
        [-0.12226491,  0.        ,  0.45707498, ..., -0.50571015,
         -0.64962696, -0.1161678 ],
        [-0.56239163, -0.45707498,  0.        , ..., -0.84411301,
         -0.9252892 , -0.55730331],
        ...,
        [ 0.3964377 ,  0.50571015,  0.84411301, ...,  0.        ,
         -0.17596771,  0.40206793],
        [ 0.55180086,  0.64962696,  0.9252892 , ...,  0.17596771,
          0.        ,  0.5569118 ],
        [-0.00614088,  0.1161678 ,  0.55730331, ..., -0.40206793,
         -0.5569118 ,  0.        ]],

       [[ 0.        ,  0.56133864,  0.67361716, ...,  0.95537295,
          0.94158279,  0.90397458],
        [-0.56133864,  0.        ,  0.14260185, ...,  0.9564742 ,
          0.96828946,  0.98813755],
        [-0.67361716, -0.14260185,  0.        , ...,  0.90508554,
          0.92276731,  0.95613935],
        ...,
        [-0.95537295, -0.9564742 , -0.90508554, ...,  0.        ,
          0.04360632,  0.14146813],
        [-0.94158279, -0.96828946, -0.92276731, ..., -0.04360632,
          0.        ,  0.0981658 ],
        [-0.90397458, -0.98813755, -0.95613935, ..., -0.14146813,
         -0.0981658 ,  0.        ]],

       ...,

       [[ 0.        ,  0.11816511,  0.06688873, ..., -0.36728943,
         -0.17945692,  0.11916821],
        [-0.11816511,  0.        , -0.05148037, ..., -0.47462235,
         -0.29444644,  0.00101024],
        [-0.06688873,  0.05148037,  0.        , ..., -0.42868052,
         -0.24485787,  0.05248924],
        ...,
        [ 0.36728943,  0.47462235,  0.42868052, ...,  0.        ,
          0.19441271,  0.47551131],
        [ 0.17945692,  0.29444644,  0.24485787, ..., -0.19441271,
          0.        ,  0.29541174],
        [-0.11916821, -0.00101024, -0.05248924, ..., -0.47551131,
         -0.29541174,  0.        ]],

       [[ 0.        ,  0.35121588,  0.50535409, ...,  0.98414173,
          0.98453182,  0.96735428],
        [-0.35121588,  0.        ,  0.17009184, ...,  0.98374655,
          0.98334682,  0.9947364 ],
        [-0.50535409, -0.17009184,  0.        , ...,  0.93886947,
          0.9381054 ,  0.9628125 ],
        ...,
        [-0.98414173, -0.98374655, -0.93886947, ...,  0.        ,
         -0.0022127 ,  0.07781584],
        [-0.98453182, -0.98334682, -0.9381054 , ...,  0.0022127 ,
          0.        ,  0.08002165],
        [-0.96735428, -0.9947364 , -0.9628125 , ..., -0.07781584,
         -0.08002165,  0.        ]],

       [[ 0.        , -0.05888153, -0.11193001, ...,  0.80430555,
          0.79711272,  0.91760273],
        [ 0.05888153,  0.        , -0.05322429, ...,  0.76792172,
          0.76017525,  0.89260534],
        [ 0.11193001,  0.05322429,  0.        , ...,  0.73274078,
          0.72451699,  0.86734456],
        ...,
        [-0.80430555, -0.76792172, -0.73274078, ...,  0.        ,
          0.01200716, -0.22554374],
        [-0.79711272, -0.76017525, -0.72451699, ..., -0.01200716,
          0.        , -0.23722525],
        [-0.91760273, -0.89260534, -0.86734456, ...,  0.22554374,
          0.23722525,  0.        ]]]), 'num': array([7.07070785e-01, 7.07070785e-01, 0.00000000e+00, 8.81969901e-04,
       8.93181382e-04, 8.58799505e-04, 9.80838726e-03, 2.69075563e-05,
       8.39216783e-04, 8.04573305e-04, 8.00412599e-04, 6.07760461e-07,
       8.57148075e-04, 7.51998534e-04])}
{'img': array([[[ 0.        ,  0.        ,  0.74432275, ...,  0.96757206,
          0.82099578,  0.57226436],
        [ 0.        ,  0.        ,  0.74432275, ...,  0.96757206,
          0.82099578,  0.57226436],
        [-0.74432275, -0.74432275,  0.        , ...,  0.83417636,
          0.97323682,  0.99256579],
        ...,
        [-0.96757206, -0.96757206, -0.83417636, ...,  0.        ,
          0.34504048,  0.64892484],
        [-0.82099578, -0.82099578, -0.97323682, ..., -0.34504048,
          0.        ,  0.34654803],
        [-0.57226436, -0.57226436, -0.99256579, ..., -0.64892484,
         -0.34654803,  0.        ]],

       [[ 0.        ,  0.45707498,  0.29259463, ..., -0.64962696,
         -0.1161678 , -0.17576788],
        [-0.45707498,  0.        , -0.17682991, ..., -0.9252892 ,
         -0.55730331, -0.60629197],
        [-0.29259463,  0.17682991,  0.        , ..., -0.84364304,
         -0.40169755, -0.45611509],
        ...,
        [ 0.64962696,  0.9252892 ,  0.84364304, ...,  0.        ,
          0.5569118 ,  0.50588526],
        [ 0.1161678 ,  0.55730331,  0.40169755, ..., -0.5569118 ,
          0.        , -0.0602186 ],
        [ 0.17576788,  0.60629197,  0.45611509, ..., -0.50588526,
          0.0602186 ,  0.        ]],

       [[ 0.        ,  0.42933639,  0.65893343, ...,  0.96166874,
          0.92759599,  0.84748609],
        [-0.42933639,  0.        ,  0.27216484, ...,  0.98625596,
          0.99814695,  0.99330184],
        [-0.65893343, -0.27216484,  0.        , ...,  0.9040571 ,
          0.94390645,  0.98725357],
        ...,
        [-0.96166874, -0.98625596, -0.9040571 , ...,  0.        ,
          0.10490527,  0.27807829],
        [-0.92759599, -0.99814695, -0.94390645, ..., -0.10490527,
          0.        ,  0.17577628],
        [-0.84748609, -0.99330184, -0.98725357, ..., -0.27807829,
         -0.17577628,  0.        ]],

       ...,

       [[ 0.        , -0.05148037,  0.12881658, ..., -0.29444644,
          0.00101024,  0.37239734],
        [ 0.05148037,  0.        ,  0.17969722, ..., -0.24485787,
          0.05248924,  0.41968111],
        [-0.12881658, -0.17969722,  0.        , ..., -0.41509912,
         -0.12781469,  0.24974345],
        ...,
        [ 0.29444644,  0.24485787,  0.41509912, ...,  0.        ,
          0.29541174,  0.62915612],
        [-0.00101024, -0.05248924,  0.12781469, ..., -0.29541174,
          0.        ,  0.37145958],
        [-0.37239734, -0.41968111, -0.24974345, ..., -0.62915612,
         -0.37145958,  0.        ]],

       [[ 0.        ,  0.38190103,  0.62303884, ...,  0.98897695,
          0.97345815,  0.93398657],
        [-0.38190103,  0.        ,  0.27709499, ...,  0.9705636 ,
          0.98707698,  0.99964974],
        [-0.62303884, -0.27709499,  0.        , ...,  0.86582185,
          0.90402196,  0.95317263],
        ...,
        [-0.98897695, -0.9705636 , -0.86582185, ...,  0.        ,
          0.08220281,  0.21507451],
        [-0.97345815, -0.98707698, -0.90402196, ..., -0.08220281,
          0.        ,  0.13406755],
        [-0.93398657, -0.99964974, -0.95317263, ..., -0.21507451,
         -0.13406755,  0.        ]],

       [[ 0.        , -0.05322429, -0.15416461, ...,  0.76017525,
          0.89260534,  0.94303321],
        [ 0.05322429,  0.        , -0.10135809, ...,  0.72451699,
          0.86734456,  0.9239889 ],
        [ 0.15416461,  0.10135809,  0.        , ...,  0.65092396,
          0.812431  ,  0.88046907],
        ...,
        [-0.76017525, -0.72451699, -0.65092396, ...,  0.        ,
         -0.23722525, -0.35979649],
        [-0.89260534, -0.86734456, -0.812431  , ...,  0.23722525,
          0.        , -0.12818751],
        [-0.94303321, -0.9239889 , -0.88046907, ...,  0.35979649,
          0.12818751,  0.        ]]]), 'num': array([8.68730160e-01, 4.95231262e-01, 3.13864619e-06, 1.08891807e-03,
       1.09806864e-03, 1.07061692e-03, 6.73376867e-03, 9.15057200e-06,
       1.04481231e-03, 9.92242274e-04, 9.84083014e-04, 7.35919018e-07,
       1.06815183e-03, 9.16332723e-04])}
{'img': array([[[ 0.        ,  0.74432275,  0.87673768, ...,  0.82099578,
          0.57226436,  0.4573761 ],
        [-0.74432275,  0.        ,  0.22750695, ...,  0.97323682,
          0.99256579,  0.96735133],
        [-0.87673768, -0.22750695,  0.        , ...,  0.89543298,
          0.99422691,  0.99964312],
        ...,
        [-0.82099578, -0.97323682, -0.89543298, ...,  0.        ,
          0.34654803,  0.46895799],
        [-0.57226436, -0.99256579, -0.99422691, ..., -0.34654803,
          0.        ,  0.1338194 ],
        [-0.4573761 , -0.96735133, -0.99964312, ..., -0.46895799,
         -0.1338194 ,  0.        ]],

       [[ 0.        , -0.17682991, -0.01061782, ..., -0.55730331,
         -0.60629197, -0.81839419],
        [ 0.17682991,  0.        ,  0.16636944, ..., -0.40169755,
         -0.45611509, -0.70388087],
        [ 0.01061782, -0.16636944,  0.        , ..., -0.54845583,
         -0.59781406, -0.81224645],
        ...,
        [ 0.55730331,  0.40169755,  0.54845583, ...,  0.        ,
         -0.0602186 , -0.35926166],
        [ 0.60629197,  0.45611509,  0.59781406, ...,  0.0602186 ,
          0.        , -0.30241145],
        [ 0.81839419,  0.70388087,  0.81224645, ...,  0.35926166,
          0.30241145,  0.        ]],

       [[ 0.        ,  0.54045215,  0.70502038, ...,  0.93980718,
          0.86198143,  0.77454552],
        [-0.54045215,  0.        ,  0.20990468, ...,  0.97540536,
          0.99922615,  0.99352885],
        [-0.70502038, -0.20990468,  0.        , ...,  0.90740822,
          0.96870899,  0.99523585],
        ...,
        [-0.93980718, -0.97540536, -0.90740822, ...,  0.        ,
          0.18188216,  0.32977888],
        [-0.86198143, -0.99922615, -0.96870899, ..., -0.18188216,
          0.        ,  0.15257093],
        [-0.77454552, -0.99352885, -0.99523585, ..., -0.32977888,
         -0.15257093,  0.        ]],

       ...,

       [[ 0.        ,  0.17969722,  0.28470268, ...,  0.05248924,
          0.41968111,  0.35173581],
        [-0.17969722,  0.        ,  0.10780767, ..., -0.12781469,
          0.24974345,  0.17779579],
        [-0.28470268, -0.10780767,  0.        , ..., -0.2339932 ,
          0.14389643,  0.07066954],
        ...,
        [-0.05248924,  0.12781469,  0.2339932 , ...,  0.        ,
          0.37145958,  0.30211579],
        [-0.41968111, -0.24974345, -0.14389643, ..., -0.37145958,
          0.        , -0.07360259],
        [-0.35173581, -0.17779579, -0.07066954, ..., -0.30211579,
          0.07360259,  0.        ]],

       [[ 0.        ,  0.52290066,  0.72458229, ...,  0.98010309,
          0.94328232,  0.89266793],
        [-0.52290066,  0.        ,  0.25725231, ...,  0.93922373,
          0.9776465 ,  0.9965836 ],
        [-0.72458229, -0.25725231,  0.        , ...,  0.81929729,
          0.89065442,  0.94179636],
        ...,
        [-0.98010309, -0.93922373, -0.81929729, ...,  0.        ,
          0.13815477,  0.26456223],
        [-0.94328232, -0.9776465 , -0.89065442, ..., -0.13815477,
          0.        ,  0.12879313],
        [-0.89266793, -0.9965836 , -0.94179636, ..., -0.26456223,
         -0.12879313,  0.        ]],

       [[ 0.        , -0.10135809, -0.21124091, ...,  0.86734456,
          0.9239889 ,  0.94555296],
        [ 0.10135809,  0.        , -0.11108217, ...,  0.812431  ,
          0.88046907,  0.90769452],
        [ 0.21124091,  0.11108217,  0.        , ...,  0.74263577,
          0.82235559,  0.85546342],
        ...,
        [-0.86734456, -0.812431  , -0.74263577, ...,  0.        ,
         -0.12818751, -0.18831627],
        [-0.9239889 , -0.88046907, -0.82235559, ...,  0.12818751,
          0.        , -0.06086862],
        [-0.94555296, -0.90769452, -0.85546342, ...,  0.18831627,
          0.06086862,  0.        ]]]), 'num': array([ 9.12096277e-01,  4.07793095e-01,  4.57210501e-06,  1.10592803e-03,
        1.22323862e-03,  1.10492538e-03,  4.21325994e-02, -8.72309509e-05,
        1.14603422e-03,  1.09159007e-03,  1.08139642e-03,  5.62374540e-07,
        1.16887413e-03,  1.01430602e-03])}
{'img': array([[[ 0.        ,  0.63081458,  0.45180606, ...,  0.62046724,
          0.49792531,  0.98939818],
        [-0.63081458,  0.        , -0.21218839, ...,  0.9761466 ,
          0.93341195,  0.85931938],
        [-0.45180606,  0.21218839,  0.        , ...,  0.9078498 ,
          0.83602244,  0.94827312],
        ...,
        [-0.62046724, -0.9761466 , -0.9078498 , ...,  0.        ,
          0.1475924 , -0.68580873],
        [-0.49792531, -0.93341195, -0.83602244, ..., -0.1475924 ,
          0.        , -0.78571301],
        [-0.98939818, -0.85931938, -0.94827312, ...,  0.68580873,
          0.78571301,  0.        ]],

       [[ 0.        ,  0.16636944, -0.28718145, ..., -0.45611509,
         -0.70388087,  0.49319911],
