state_0,state_1,state_2,state_3,state_4,state_5,state_6,state_7,state_8,state_9,state_10,state_11,state_12,state_13,state_14,state_15,state_16,state_17,state_18,state_19,state_20,state_21,state_22,state_23,state_24,state_25,state_26,state_27,state_28,state_29,state_30,state_31,state_32,state_33,state_34,state_35,state_36,state_37,state_38,state_39,state_40,state_41,state_42,state_43,state_44,state_45,state_46,state_47,state_48,state_49,state_50,state_51,state_52,state_53,state_54,state_55,state_56,state_57,state_58,state_59,state_60,state_61,state_62,state_63,state_64,state_65,state_66,state_67,state_68,state_69,state_70,state_71,state_72,state_73,state_74,state_75,state_76,state_77,state_78,state_79,state_80,state_81,state_82,state_83,state_84,state_85,state_86,state_87,state_88,state_89,state_90,state_91,state_92,state_93,state_94,state_95,state_96,state_97,state_98,state_99,state_100,state_101,state_102,state_103,state_104,state_105,state_106,state_107,state_108,state_109,state_110,state_111,state_112,state_113,state_114,state_115,state_116,state_117,state_118,state_119,state_120,state_121,state_122,state_123,state_124,state_125,state_126,state_127,state_128,state_129,state_130,state_131,state_132,state_133,state_134,state_135,state_136,state_137,state_138,state_139,state_140,state_141,state_142,state_143,state_144,state_145,state_146,state_147,state_148,state_149,state_150,state_151,state_152,state_153,state_154,state_155,state_156,state_157,state_158,state_159,state_160,state_161,state_162,state_163,state_164,state_165,state_166,state_167,state_168,state_169,state_170,state_171,state_172,state_173,state_174,state_175,state_176,state_177,state_178,state_179,state_180,state_181,state_182,state_183,state_184,state_185,state_186,state_187,state_188,state_189,state_190,state_191,state_192,state_193,state_194,state_195,state_196,state_197,state_198,state_199,state_200,state_201,state_202,state_203,state_204,state_205,state_206,state_207,state_208,state_209,state_210,state_211,state_212,state_213,state_214,state_215,state_216,state_217,state_218,state_219,state_220,state_221,state_222,state_223,state_224,state_225,state_226,state_227,state_228,state_229,state_230,state_231,state_232,state_233,state_234,state_235,state_236,state_237,state_238,state_239,state_240,state_241,state_242,state_243,state_244,state_245,state_246,state_247,state_248,state_249,state_250,state_251,state_252,state_253,state_254,state_255,state_256,state_257,state_258,state_259,state_260,state_261,state_262,state_263,state_264,state_265,state_266,state_267,state_268,state_269,state_270,state_271,state_272,state_273,state_274,state_275,state_276,state_277,state_278,state_279,state_280,state_281,state_282,state_283,state_284,state_285,state_286,state_287
{'img': array([[[ 0.00000000e+00, -1.68406881e-01, -5.38272871e-02, ...,
         -7.60674357e-01, -9.63094855e-01, -9.88338666e-01],
        [ 1.68406881e-01,  0.00000000e+00,  1.15104233e-01, ...,
         -8.59128654e-01, -9.94668287e-01, -9.99866393e-01],
        [ 5.38272871e-02, -1.15104233e-01,  0.00000000e+00, ...,
         -7.94512682e-01, -9.76186890e-01, -9.95102207e-01],
        ...,
        [ 7.60674357e-01,  8.59128654e-01,  7.94512682e-01, ...,
          0.00000000e+00,  4.20432499e-01,  5.25734699e-01],
        [ 9.63094855e-01,  9.94668287e-01,  9.76186890e-01, ...,
         -4.20432499e-01,  0.00000000e+00,  1.19371303e-01],
        [ 9.88338666e-01,  9.99866393e-01,  9.95102207e-01, ...,
         -5.25734699e-01, -1.19371303e-01,  0.00000000e+00]],

       [[ 0.00000000e+00, -6.67235632e-01, -2.63958293e-01, ...,
         -1.54339257e-01, -2.64417479e-01, -4.45097917e-01],
        [ 6.67235632e-01,  0.00000000e+00,  4.46963051e-01, ...,
          5.44281668e-01,  4.46537103e-01,  2.65967719e-01],
        [ 2.63958293e-01, -4.46963051e-01,  0.00000000e+00, ...,
          1.11930046e-01, -4.76101510e-04, -1.92942241e-01],
        ...,
        [ 1.54339257e-01, -5.44281668e-01, -1.11930046e-01, ...,
          0.00000000e+00, -1.12403143e-01, -3.01556702e-01],
        [ 2.64417479e-01, -4.46537103e-01,  4.76101510e-04, ...,
          1.12403143e-01,  0.00000000e+00, -1.92475063e-01],
        [ 4.45097917e-01, -2.65967719e-01,  1.92942241e-01, ...,
          3.01556702e-01,  1.92475063e-01,  0.00000000e+00]],

       [[ 0.00000000e+00, -2.54439308e-01, -3.77467561e-01, ...,
         -8.01581489e-01, -6.85292803e-01, -3.60863398e-01],
        [ 2.54439308e-01,  0.00000000e+00, -1.29428027e-01, ...,
         -9.27326018e-01, -8.48038874e-01, -5.86281782e-01],
        [ 3.77467561e-01,  1.29428027e-01,  0.00000000e+00, ...,
         -9.67965137e-01, -9.09494180e-01, -6.86201036e-01],
        ...,
        [ 8.01581489e-01,  9.27326018e-01,  9.67965137e-01, ...,
          0.00000000e+00, -1.74039213e-01, -5.31814865e-01],
        [ 6.85292803e-01,  8.48038874e-01,  9.09494180e-01, ...,
          1.74039213e-01,  0.00000000e+00, -3.76311732e-01],
        [ 3.60863398e-01,  5.86281782e-01,  6.86201036e-01, ...,
          5.31814865e-01,  3.76311732e-01,  0.00000000e+00]],

       ...,

       [[ 0.00000000e+00,  7.03755814e-02,  3.74905843e-02, ...,
         -9.94867193e-01, -9.20172789e-01, -8.88994249e-01],
        [-7.03755814e-02,  0.00000000e+00, -3.29284772e-02, ...,
         -9.99521738e-01, -9.45444200e-01, -9.19016316e-01],
        [-3.74905843e-02,  3.29284772e-02,  0.00000000e+00, ...,
         -9.97961427e-01, -9.34203922e-01, -9.05536896e-01],
        ...,
        [ 9.94867193e-01,  9.99521738e-01,  9.97961427e-01, ...,
          0.00000000e+00,  2.96391329e-01,  3.65611273e-01],
        [ 9.20172789e-01,  9.45444200e-01,  9.34203922e-01, ...,
         -2.96391329e-01,  0.00000000e+00,  7.33116525e-02],
        [ 8.88994249e-01,  9.19016316e-01,  9.05536896e-01, ...,
         -3.65611273e-01, -7.33116525e-02,  0.00000000e+00]],

       [[ 0.00000000e+00, -1.80475886e-01, -2.52836817e-01, ...,
         -7.45923170e-01, -5.58308948e-01, -0.00000000e+00],
        [ 1.80475886e-01,  0.00000000e+00, -7.40730544e-02, ...,
         -8.53877386e-01, -6.98869958e-01, -1.80475886e-01],
        [ 2.52836817e-01,  7.40730544e-02,  0.00000000e+00, ...,
         -8.90084744e-01, -7.49930695e-01, -2.52836817e-01],
        ...,
        [ 7.45923170e-01,  8.53877386e-01,  8.90084744e-01, ...,
          0.00000000e+00, -2.46990944e-01, -7.45923170e-01],
        [ 5.58308948e-01,  6.98869958e-01,  7.49930695e-01, ...,
          2.46990944e-01,  0.00000000e+00, -5.58308948e-01],
        [ 0.00000000e+00,  1.80475886e-01,  2.52836817e-01, ...,
          7.45923170e-01,  5.58308948e-01,  0.00000000e+00]],

       [[ 0.00000000e+00,  2.42153258e-01,  4.32350232e-01, ...,
         -5.43735600e-01, -6.03323141e-01, -4.02061116e-01],
        [-2.42153258e-01,  0.00000000e+00,  2.01131642e-01, ...,
         -7.30781661e-01, -7.78483500e-01, -6.11813609e-01],
        [-4.32350232e-01, -2.01131642e-01,  0.00000000e+00, ...,
         -8.53142297e-01, -8.88817889e-01, -7.58406244e-01],
        ...,
        [ 5.43735600e-01,  7.30781661e-01,  8.53142297e-01, ...,
          0.00000000e+00, -7.27154973e-02,  1.60418858e-01],
        [ 6.03323141e-01,  7.78483500e-01,  8.88817889e-01, ...,
          7.27154973e-02,  0.00000000e+00,  2.31767946e-01],
        [ 4.02061116e-01,  6.11813609e-01,  7.58406244e-01, ...,
         -1.60418858e-01, -2.31767946e-01,  0.00000000e+00]]]), 'num': array([7.22756280e-01, 6.91075488e-01, 3.60009002e-07, 2.11205281e-03,
       2.12885323e-03, 2.08085203e-03, 9.18982979e-04, 0.00000000e+00,
       2.10245257e-03, 2.16809421e-03, 2.29677743e-03, 1.14785479e-06,
       2.34807807e-03, 1.98811035e-03])}
{'img': array([[[ 0.00000000e+00,  1.15104233e-01, -6.19824786e-01, ...,
         -9.94668287e-01, -9.99866393e-01, -9.99866393e-01],
        [-1.15104233e-01,  0.00000000e+00, -7.06031993e-01, ...,
         -9.76186890e-01, -9.95102207e-01, -9.95102207e-01],
        [ 6.19824786e-01,  7.06031993e-01,  0.00000000e+00, ...,
         -8.44476355e-01, -7.74503666e-01, -7.74503666e-01],
        ...,
        [ 9.94668287e-01,  9.76186890e-01,  8.44476355e-01, ...,
          0.00000000e+00,  1.19371303e-01,  1.19371303e-01],
        [ 9.99866393e-01,  9.95102207e-01,  7.74503666e-01, ...,
         -1.19371303e-01,  0.00000000e+00,  0.00000000e+00],
        [ 9.99866393e-01,  9.95102207e-01,  7.74503666e-01, ...,
         -1.19371303e-01,  0.00000000e+00,  0.00000000e+00]],

       [[ 0.00000000e+00,  4.46963051e-01,  7.41075569e-01, ...,
          4.46537103e-01,  2.65967719e-01, -2.63157755e-01],
        [-4.46963051e-01,  0.00000000e+00,  3.62830284e-01, ...,
         -4.76101510e-04, -1.92942241e-01, -6.66617269e-01],
        [-7.41075569e-01, -3.62830284e-01,  0.00000000e+00, ...,
         -3.63273900e-01, -5.35806982e-01, -8.91644550e-01],
        ...,
        [-4.46537103e-01,  4.76101510e-04,  3.63273900e-01, ...,
          0.00000000e+00, -1.92475063e-01, -6.66262307e-01],
        [-2.65967719e-01,  1.92942241e-01,  5.35806982e-01, ...,
          1.92475063e-01,  0.00000000e+00, -5.10272429e-01],
        [ 2.63157755e-01,  6.66617269e-01,  8.91644550e-01, ...,
          6.66262307e-01,  5.10272429e-01,  0.00000000e+00]],

       [[ 0.00000000e+00, -1.28984790e-01, -3.21859644e-01, ...,
         -8.62586165e-01, -7.03777165e-01, -5.84680963e-01],
        [ 1.28984790e-01,  0.00000000e+00, -1.97049840e-01, ...,
         -9.20635332e-01, -7.89531690e-01, -6.84437502e-01],
        [ 3.21859644e-01,  1.97049840e-01,  0.00000000e+00, ...,
         -9.79517777e-01, -8.94983131e-01, -8.14681489e-01],
        ...,
        [ 8.62586165e-01,  9.20635332e-01,  9.79517777e-01, ...,
          0.00000000e+00, -2.56751116e-01, -4.03988465e-01],
        [ 7.03777165e-01,  7.89531690e-01,  8.94983131e-01, ...,
          2.56751116e-01,  0.00000000e+00, -1.55579085e-01],
        [ 5.84680963e-01,  6.84437502e-01,  8.14681489e-01, ...,
          4.03988465e-01,  1.55579085e-01,  0.00000000e+00]],

       ...,

       [[ 0.00000000e+00, -3.29284772e-02, -5.85236360e-01, ...,
         -9.45444200e-01, -9.19016316e-01, -5.49351231e-01],
        [ 3.29284772e-02,  0.00000000e+00, -5.58218517e-01, ...,
         -9.34203922e-01, -9.05536896e-01, -5.21538566e-01],
        [ 5.85236360e-01,  5.58218517e-01,  0.00000000e+00, ...,
         -5.75964799e-01, -5.14484518e-01,  4.35701016e-02],
        ...,
        [ 9.45444200e-01,  9.34203922e-01,  5.75964799e-01, ...,
          0.00000000e+00,  7.33116525e-02,  6.11035294e-01],
        [ 9.19016316e-01,  9.05536896e-01,  5.14484518e-01, ...,
         -7.33116525e-02,  0.00000000e+00,  5.51357297e-01],
        [ 5.49351231e-01,  5.21538566e-01, -4.35701016e-02, ...,
         -6.11035294e-01, -5.51357297e-01,  0.00000000e+00]],

       [[ 0.00000000e+00, -1.73719748e-01, -3.65357000e-01, ...,
         -6.98563962e-01, -4.80968206e-01, -0.00000000e+00],
        [ 1.73719748e-01,  0.00000000e+00, -1.98091730e-01, ...,
         -8.12247140e-01, -6.25961858e-01, -1.73719748e-01],
        [ 3.65357000e-01,  1.98091730e-01,  0.00000000e+00, ...,
         -9.11700804e-01, -7.68040040e-01, -3.65357000e-01],
        ...,
        [ 6.98563962e-01,  8.12247140e-01,  9.11700804e-01, ...,
          0.00000000e+00, -2.68301943e-01, -6.98563962e-01],
        [ 4.80968206e-01,  6.25961858e-01,  7.68040040e-01, ...,
          2.68301943e-01,  0.00000000e+00, -4.80968206e-01],
        [ 0.00000000e+00,  1.73719748e-01,  3.65357000e-01, ...,
          6.98563962e-01,  4.80968206e-01,  0.00000000e+00]],

       [[ 0.00000000e+00,  2.01131642e-01,  3.66051554e-01, ...,
         -7.78483500e-01, -6.11813609e-01, -5.77618512e-01],
        [-2.01131642e-01,  0.00000000e+00,  1.71398991e-01, ...,
         -8.88817889e-01, -7.58406244e-01, -7.29999562e-01],
        [-3.66051554e-01, -1.71398991e-01,  0.00000000e+00, ...,
         -9.54210295e-01, -8.58897923e-01, -8.36339039e-01],
        ...,
        [ 7.78483500e-01,  8.88817889e-01,  9.54210295e-01, ...,
          0.00000000e+00,  2.31767946e-01,  2.72930441e-01],
        [ 6.11813609e-01,  7.58406244e-01,  8.58897923e-01, ...,
         -2.31767946e-01,  0.00000000e+00,  4.25302550e-02],
        [ 5.77618512e-01,  7.29999562e-01,  8.36339039e-01, ...,
         -2.72930441e-01, -4.25302550e-02,  0.00000000e+00]]]), 'num': array([ 8.05179063e-01,  5.93027483e-01,  2.43014410e-06,  7.47012605e-04,
        7.63270611e-04,  7.41022813e-04,  6.21244091e-04, -5.98979179e-06,
        7.47526016e-04,  7.68746993e-04,  8.17107431e-04,  3.94537184e-07,
        8.27828649e-04,  7.09665336e-04])}
{'img': array([[[ 0.        , -0.70603199, -0.38857894, ..., -0.99510221,
         -0.99510221, -0.97116833],
        [ 0.70603199,  0.        ,  0.37536496, ..., -0.77450367,
         -0.77450367, -0.85607627],
        [ 0.38857894, -0.37536496,  0.        , ..., -0.9553141 ,
         -0.9553141 , -0.98748468],
        ...,
        [ 0.99510221,  0.77450367,  0.9553141 , ...,  0.        ,
          0.        , -0.14122583],
        [ 0.99510221,  0.77450367,  0.9553141 , ...,  0.        ,
          0.        , -0.14122583],
        [ 0.97116833,  0.85607627,  0.98748468, ...,  0.14122583,
          0.14122583,  0.        ]],

       [[ 0.        ,  0.36283028,  0.22102903, ..., -0.19294224,
         -0.66661727,  0.00270213],
        [-0.36283028,  0.        , -0.14788942, ..., -0.53580698,
         -0.89164455, -0.36031097],
        [-0.22102903,  0.14788942,  0.        , ..., -0.40504617,
         -0.81488506, -0.21839293],
        ...,
        [ 0.19294224,  0.53580698,  0.40504617, ...,  0.        ,
         -0.51027243,  0.19559289],
        [ 0.66661727,  0.89164455,  0.81488506, ...,  0.51027243,
          0.        ,  0.668629  ],
        [-0.00270213,  0.36031097,  0.21839293, ..., -0.19559289,
         -0.668629  ,  0.        ]],

       [[ 0.        , -0.19493887, -0.0922257 , ..., -0.87100715,
         -0.84967656, -0.67922377],
        [ 0.19493887,  0.        ,  0.10365168, ..., -0.9500649 ,
         -0.93616794, -0.80926486],
        [ 0.0922257 , -0.10365168,  0.        , ..., -0.91260277,
         -0.89468635, -0.74401633],
        ...,
        [ 0.87100715,  0.9500649 ,  0.91260277, ...,  0.        ,
         -0.04186485, -0.30557686],
        [ 0.84967656,  0.93616794,  0.89468635, ...,  0.04186485,
          0.        , -0.26544661],
        [ 0.67922377,  0.80926486,  0.74401633, ...,  0.30557686,
          0.26544661,  0.        ]],

       ...,

       [[ 0.        , -0.55821852, -0.62728931, ..., -0.9055369 ,
         -0.52153857, -0.5904785 ],
        [ 0.55821852,  0.        , -0.08572522, ..., -0.51448452,
          0.0435701 , -0.03940432],
        [ 0.62728931,  0.08572522,  0.        , ..., -0.43908126,
          0.12905352,  0.04639937],
        ...,
        [ 0.9055369 ,  0.51448452,  0.43908126, ...,  0.        ,
          0.5513573 ,  0.48029575],
        [ 0.52153857, -0.0435701 , -0.12905352, ..., -0.5513573 ,
          0.        , -0.08290316],
        [ 0.5904785 ,  0.03940432, -0.04639937, ..., -0.48029575,
          0.08290316,  0.        ]],

       [[ 0.        , -0.31524479, -0.39203332, ..., -0.64978909,
         -0.4811085 , -0.        ],
        [ 0.31524479,  0.        , -0.08203394, ..., -0.85627875,
         -0.7329398 , -0.31524479],
        [ 0.39203332,  0.08203394,  0.        , ..., -0.89576437,
         -0.7862766 , -0.39203332],
        ...,
        [ 0.64978909,  0.85627875,  0.89576437, ...,  0.        ,
         -0.20394721, -0.64978909],
        [ 0.4811085 ,  0.7329398 ,  0.7862766 , ...,  0.20394721,
          0.        , -0.4811085 ],
        [ 0.        ,  0.31524479,  0.39203332, ...,  0.64978909,
          0.4811085 ,  0.        ]],

       [[ 0.        ,  0.17139899,  0.30354714, ..., -0.75840624,
         -0.72999956, -0.69374862],
        [-0.17139899,  0.        ,  0.13574338, ..., -0.85889792,
         -0.83633904, -0.80692683],
        [-0.30354714, -0.13574338,  0.        , ..., -0.92046853,
         -0.90301414, -0.87963496],
        ...,
        [ 0.75840624,  0.85889792,  0.92046853, ...,  0.        ,
          0.04253025,  0.09404427],
        [ 0.72999956,  0.83633904,  0.90301414, ..., -0.04253025,
          0.        ,  0.05161742],
        [ 0.69374862,  0.80692683,  0.87963496, ..., -0.09404427,
         -0.05161742,  0.        ]]]), 'num': array([ 8.72102103e-01,  4.89318058e-01,  4.39981661e-06,  8.07561277e-04,
        8.14987128e-04,  7.98278963e-04,  5.43293811e-04, -2.78469406e-06,
        8.12573726e-04,  8.29049833e-04,  8.84326010e-04,  3.78387303e-07,
        8.85090028e-04,  7.73009638e-04])}
{'img': array([[[ 0.        ,  0.37536496,  0.71838582, ..., -0.77450367,
         -0.85607627, -0.89072933],
        [-0.37536496,  0.        ,  0.40473464, ..., -0.9553141 ,
         -0.98748468, -0.99621279],
        [-0.71838582, -0.40473464,  0.        , ..., -0.99320842,
         -0.96682244, -0.94616217],
        ...,
        [ 0.77450367,  0.9553141 ,  0.99320842, ...,  0.        ,
         -0.14122583, -0.21140981],
        [ 0.85607627,  0.98748468,  0.96682244, ...,  0.14122583,
          0.        , -0.07125716],
        [ 0.89072933,  0.99621279,  0.94616217, ...,  0.21140981,
          0.07125716,  0.        ]],

       [[ 0.        , -0.14788942, -0.08411307, ..., -0.89164455,
         -0.36031097, -0.58176662],
        [ 0.14788942,  0.        ,  0.06417718, ..., -0.81488506,
         -0.21839293, -0.45508275],
        [ 0.08411307, -0.06417718,  0.        , ..., -0.85040373,
         -0.28057072, -0.51129112],
        ...,
        [ 0.89164455,  0.81488506,  0.85040373, ...,  0.        ,
          0.668629  ,  0.46183747],
        [ 0.36031097,  0.21839293,  0.28057072, ..., -0.668629  ,
          0.        , -0.24962967],
        [ 0.58176662,  0.45508275,  0.51129112, ..., -0.46183747,
          0.24962967,  0.        ]],

       [[ 0.        ,  0.10365168,  0.09568407, ..., -0.93616794,
         -0.80926486, -0.92284256],
        [-0.10365168,  0.        , -0.00800742, ..., -0.89468635,
         -0.74401633, -0.87794753],
        [-0.09568407,  0.00800742,  0.        , ..., -0.89823454,
         -0.74934273, -0.88175299],
        ...,
        [ 0.93616794,  0.89468635,  0.89823454, ...,  0.        ,
         -0.26544661, -0.03616254],
        [ 0.80926486,  0.74401633,  0.74934273, ...,  0.26544661,
          0.        ,  0.23040776],
        [ 0.92284256,  0.87794753,  0.88175299, ...,  0.03616254,
         -0.23040776,  0.        ]],

       ...,

       [[ 0.        , -0.08572522, -0.45392742, ...,  0.0435701 ,
         -0.03940432, -0.27322725],
        [ 0.08572522,  0.        , -0.37587195, ...,  0.12905352,
          0.04639937, -0.18975813],
        [ 0.45392742,  0.37587195,  0.        , ...,  0.49231901,
          0.41846411,  0.19319922],
        ...,
        [-0.0435701 , -0.12905352, -0.49231901, ...,  0.        ,
         -0.08290316, -0.31488003],
        [ 0.03940432, -0.04639937, -0.41846411, ...,  0.08290316,
          0.        , -0.23511009],
        [ 0.27322725,  0.18975813, -0.19319922, ...,  0.31488003,
          0.23511009,  0.        ]],

       [[ 0.        , -0.23327244, -0.28830233, ..., -0.67993978,
         -0.52619443, -0.        ],
        [ 0.23327244,  0.        , -0.05698092, ..., -0.83223241,
         -0.71004402, -0.23327244],
        [ 0.28830233,  0.05698092,  0.        , ..., -0.86247201,
         -0.74901392, -0.28830233],
        ...,
        [ 0.67993978,  0.83223241,  0.86247201, ...,  0.        ,
         -0.192355  , -0.67993978],
        [ 0.52619443,  0.71004402,  0.74901392, ...,  0.192355  ,
          0.        , -0.52619443],
        [ 0.        ,  0.23327244,  0.28830233, ...,  0.67993978,
          0.52619443,  0.        ]],

       [[ 0.        ,  0.13574338,  0.26922346, ..., -0.83633904,
         -0.80692683, -0.7187264 ],
        [-0.13574338,  0.        ,  0.13600011, ..., -0.90301414,
         -0.87963496, -0.80645531],
        [-0.26922346, -0.13600011,  0.        , ..., -0.95305119,
         -0.93615048, -0.87937858],
        ...,
        [ 0.83633904,  0.90301414,  0.95305119, ...,  0.        ,
          0.05161742,  0.18748585],
        [ 0.80692683,  0.87963496,  0.93615048, ..., -0.05161742,
          0.        ,  0.13653382],
        [ 0.7187264 ,  0.80645531,  0.87937858, ..., -0.18748585,
         -0.13653382,  0.        ]]]), 'num': array([7.47213539e-01, 6.64580610e-01, 9.02106212e-07, 7.24850255e-04,
       7.24850255e-04, 6.89240799e-04, 6.81707421e-04, 3.64007770e-05,
       6.99369711e-04, 7.04473733e-04, 7.53509272e-04, 4.30917506e-07,
       7.43307777e-04, 6.65639688e-04])}
{'img': array([[[ 0.        ,  0.40473464,  0.91756302, ..., -0.98748468,
         -0.99621279, -0.67444996],
        [-0.40473464,  0.        ,  0.6781324 , ..., -0.96682244,
         -0.94616217, -0.915564  ],
        [-0.91756302, -0.6781324 ,  0.        , ..., -0.53732779,
         -0.47586549, -0.94561045],
        ...,
        [ 0.98748468,  0.96682244,  0.53732779, ...,  0.        ,
         -0.07125716,  0.62270941],
        [ 0.99621279,  0.94616217,  0.47586549, ...,  0.07125716,
          0.        ,  0.67688187],
        [ 0.67444996,  0.915564  ,  0.94561045, ..., -0.62270941,
         -0.67688187,  0.        ]],

       [[ 0.        ,  0.06417718,  0.13477046, ..., -0.21839293,
         -0.45508275,  0.00346502],
        [-0.06417718,  0.        ,  0.07090095, ..., -0.28057072,
         -0.51129112, -0.06071892],
        [-0.13477046, -0.07090095,  0.        , ..., -0.34791772,
         -0.5709372 , -0.13133625],
        ...,
        [ 0.21839293,  0.28057072,  0.34791772, ...,  0.        ,
         -0.24962967,  0.22177299],
        [ 0.45508275,  0.51129112,  0.5709372 , ...,  0.24962967,
          0.        ,  0.45816544],
        [-0.00346502,  0.06071892,  0.13133625, ..., -0.22177299,
         -0.45816544,  0.        ]],

       [[ 0.        , -0.00800742,  0.1188748 , ..., -0.74401633,
         -0.87794753, -0.98519999],
        [ 0.00800742,  0.        ,  0.12682163, ..., -0.74934273,
         -0.88175299, -0.98654095],
        [-0.1188748 , -0.12682163,  0.        , ..., -0.65931314,
         -0.8148101 , -0.957838  ],
        ...,
        [ 0.74401633,  0.74934273,  0.65931314, ...,  0.        ,
          0.23040776,  0.53074169],
        [ 0.87794753,  0.88175299,  0.8148101 , ..., -0.23040776,
          0.        ,  0.32118332],
        [ 0.98519999,  0.98654095,  0.957838  , ..., -0.53074169,
         -0.32118332,  0.        ]],

       ...,

       [[ 0.        , -0.37587195, -0.07812248, ...,  0.04639937,
         -0.18975813,  0.4987772 ],
        [ 0.37587195,  0.        ,  0.30232932, ...,  0.41846411,
          0.19319922,  0.78798226],
        [ 0.07812248, -0.30232932,  0.        , ...,  0.1242959 ,
         -0.11247512,  0.56496393],
        ...,
        [-0.04639937, -0.41846411, -0.1242959 , ...,  0.        ,
         -0.23511009,  0.45802426],
        [ 0.18975813, -0.19319922,  0.11247512, ...,  0.23511009,
          0.        ,  0.65418396],
        [-0.4987772 , -0.78798226, -0.56496393, ..., -0.45802426,
         -0.65418396,  0.        ]],

       [[ 0.        , -0.16672836, -0.17927076, ..., -0.6985615 ,
         -0.51634057, -0.        ],
        [ 0.16672836,  0.        , -0.01273416, ..., -0.80808612,
         -0.65189667, -0.16672836],
        [ 0.17927076,  0.01273416,  0.        , ..., -0.81552184,
         -0.66150023, -0.17927076],
        ...,
        [ 0.6985615 ,  0.80808612,  0.81552184, ...,  0.        ,
         -0.22876892, -0.6985615 ],
        [ 0.51634057,  0.65189667,  0.66150023, ...,  0.22876892,
          0.        , -0.51634057],
        [ 0.        ,  0.16672836,  0.17927076, ...,  0.6985615 ,
          0.51634057,  0.        ]],

       [[ 0.        ,  0.13600011,  0.27091568, ..., -0.87963496,
         -0.80645531, -0.64577964],
        [-0.13600011,  0.        ,  0.13748443, ..., -0.93615048,
         -0.87937858, -0.74361892],
        [-0.27091568, -0.13748443,  0.        , ..., -0.9756002 ,
         -0.93648747, -0.82848006],
        ...,
        [ 0.87963496,  0.93615048,  0.9756002 , ...,  0.        ,
          0.13653382,  0.36445756],
        [ 0.80645531,  0.87937858,  0.93648747, ..., -0.13653382,
          0.        ,  0.23390155],
        [ 0.64577964,  0.74361892,  0.82848006, ..., -0.36445756,
         -0.23390155,  0.        ]]]), 'num': array([7.32936615e-01, 6.80293831e-01, 5.66051444e-07, 7.21134031e-04,
       7.21134031e-04, 7.02524121e-04, 4.84834693e-04, 1.08557811e-05,
       6.93064083e-04, 6.89535954e-04, 7.37766639e-04, 4.73651252e-07,
       7.24268482e-04, 6.54803427e-04])}
{'img': array([[[ 0.        ,  0.6781324 , -0.05184279, ..., -0.94616217,
         -0.915564  , -0.83208257],
        [-0.6781324 ,  0.        , -0.71532181, ..., -0.47586549,
         -0.94561045, -0.98765791],
        [ 0.05184279,  0.71532181,  0.        , ..., -0.96167097,
         -0.89348307, -0.80220894],
        ...,
        [ 0.94616217,  0.47586549,  0.96167097, ...,  0.        ,
          0.67688187,  0.79412983],
        [ 0.915564  ,  0.94561045,  0.89348307, ..., -0.67688187,
          0.        ,  0.17317865],
        [ 0.83208257,  0.98765791,  0.80220894, ..., -0.79412983,
         -0.17317865,  0.        ]],

       [[ 0.        ,  0.07090095, -0.67602316, ..., -0.51129112,
         -0.06071892, -0.44549072],
        [-0.07090095,  0.        , -0.72656738, ..., -0.5709372 ,
         -0.13133625, -0.50784625],
        [ 0.67602316,  0.72656738,  0.        , ...,  0.20421904,
          0.63003326,  0.27696109],
        ...,
        [ 0.51129112,  0.5709372 , -0.20421904, ...,  0.        ,
          0.45816544,  0.07489396],
        [ 0.06071892,  0.13133625, -0.63003326, ..., -0.45816544,
          0.        , -0.39030791],
        [ 0.44549072,  0.50784625, -0.27696109, ..., -0.07489396,
          0.39030791,  0.        ]],

       [[ 0.        ,  0.12682163,  0.11786709, ..., -0.88175299,
         -0.98654095, -0.99723443],
        [-0.12682163,  0.        , -0.00902222, ..., -0.8148101 ,
         -0.957838  , -0.99860771],
        [-0.11786709,  0.00902222,  0.        , ..., -0.82000737,
         -0.96039118, -0.999043  ],
        ...,
        [ 0.88175299,  0.8148101 ,  0.82000737, ...,  0.        ,
          0.32118332,  0.53593897],
        [ 0.98654095,  0.957838  ,  0.96039118, ..., -0.32118332,
          0.        ,  0.23638216],
        [ 0.99723443,  0.99860771,  0.999043  , ..., -0.53593897,
         -0.23638216,  0.        ]],

       ...,

       [[ 0.        ,  0.28213027, -0.06590007, ...,  0.18095021,
          0.71872664,  0.99924005],
        [-0.28213027,  0.        , -0.34473993, ..., -0.10387362,
          0.49336604,  0.94765   ],
        [ 0.06590007,  0.34473993,  0.        , ...,  0.24536908,
          0.76298413,  0.99963662],
        ...,
        [-0.18095021,  0.10387362, -0.24536908, ...,  0.        ,
          0.58104872,  0.97569168],
        [-0.71872664, -0.49336604, -0.76298413, ..., -0.58104872,
          0.        ,  0.66674945],
        [-0.99924005, -0.94765   , -0.99963662, ..., -0.97569168,
         -0.66674945,  0.        ]],

       [[ 0.        , -0.06569867, -0.28206508, ..., -0.59088064,
         -0.31946387, -0.        ],
        [ 0.06569867,  0.        , -0.21842469, ..., -0.64260704,
         -0.38102962, -0.06569867],
        [ 0.28206508,  0.21842469,  0.        , ..., -0.79444664,
         -0.57377656, -0.28206508],
        ...,
        [ 0.59088064,  0.64260704,  0.79444664, ...,  0.        ,
         -0.30218724, -0.59088064],
        [ 0.31946387,  0.38102962,  0.57377656, ...,  0.30218724,
          0.        , -0.31946387],
        [ 0.        ,  0.06569867,  0.28206508, ...,  0.59088064,
          0.31946387,  0.        ]],

       [[ 0.        ,  0.13748443,  0.31809368, ..., -0.87937858,
         -0.74361892, -0.69121495],
        [-0.13748443,  0.        ,  0.18472965, ..., -0.93648747,
         -0.82848006, -0.78400414],
        [-0.31809368, -0.18472965,  0.        , ..., -0.98515481,
         -0.91767343, -0.8851829 ],
        ...,
        [ 0.87937858,  0.93648747,  0.98515481, ...,  0.        ,
          0.23390155,  0.30637877],
        [ 0.74361892,  0.82848006,  0.91767343, ..., -0.23390155,
          0.        ,  0.07522676],
        [ 0.69121495,  0.78400414,  0.8851829 , ..., -0.30637877,
         -0.07522676,  0.        ]]]), 'num': array([7.20640735e-01, 6.93305602e-01, 2.89567091e-07, 7.19345616e-04,
       7.22393691e-04, 7.09439373e-04, 5.91204558e-04, 1.06682613e-05,
       6.90846118e-04, 6.77396489e-04, 7.24260636e-04, 5.39274745e-07,
       7.10325836e-04, 6.44467142e-04])}
{'img': array([[[ 0.        , -0.71532181, -0.3732996 , ..., -0.94561045,
         -0.98765791, -0.99992742],
        [ 0.71532181,  0.        ,  0.40275184, ..., -0.89348307,
         -0.80220894, -0.69012613],
        [ 0.3732996 , -0.40275184,  0.        , ..., -0.99868788,
         -0.97472956, -0.92314592],
        ...,
        [ 0.94561045,  0.89348307,  0.99868788, ...,  0.        ,
          0.17317865,  0.33667049],
        [ 0.98765791,  0.80220894,  0.97472956, ..., -0.17317865,
          0.        ,  0.16851463],
        [ 0.99992742,  0.69012613,  0.92314592, ..., -0.33667049,
         -0.16851463,  0.        ]],

       [[ 0.        , -0.72656738, -0.33812163, ..., -0.13133625,
         -0.50784625, -0.2684569 ],
        [ 0.72656738,  0.        ,  0.45145256, ...,  0.63003326,
          0.27696109,  0.51544087],
        [ 0.33812163, -0.45145256,  0.        , ...,  0.21159192,
         -0.18666122,  0.07306432],
        ...,
        [ 0.13133625, -0.63003326, -0.21159192, ...,  0.        ,
         -0.39030791, -0.13961638],
        [ 0.50784625, -0.27696109,  0.18666122, ...,  0.39030791,
          0.        ,  0.25794249],
        [ 0.2684569 , -0.51544087, -0.07306432, ...,  0.13961638,
         -0.25794249,  0.        ]],

       [[ 0.        , -0.00902222,  0.457134  , ..., -0.957838  ,
         -0.99860771, -0.9822824 ],
        [ 0.00902222,  0.        ,  0.46513974, ..., -0.96039118,
         -0.999043  , -0.98055159],
        [-0.457134  , -0.46513974,  0.        , ..., -0.7205604 ,
         -0.86404538, -0.95930984],
        ...,
        [ 0.957838  ,  0.96039118,  0.7205604 , ...,  0.        ,
          0.23638216,  0.46172373],
        [ 0.99860771,  0.999043  ,  0.86404538, ..., -0.23638216,
          0.        ,  0.23896196],
        [ 0.9822824 ,  0.98055159,  0.95930984, ..., -0.46172373,
         -0.23896196,  0.        ]],

       ...,

       [[ 0.        , -0.28897405, -0.09007741, ...,  0.36941695,
          0.60016013,  0.99367334],
        [ 0.28897405,  0.        ,  0.20156487, ...,  0.6221896 ,
          0.80569998,  0.98373455],
        [ 0.09007741, -0.20156487,  0.        , ...,  0.45162085,
          0.66977145,  0.99975032],
        ...,
        [-0.36941695, -0.6221896 , -0.45162085, ...,  0.        ,
          0.26221787,  0.88189579],
        [-0.60016013, -0.80569998, -0.66977145, ..., -0.26221787,
          0.        ,  0.72741597],
        [-0.99367334, -0.98373455, -0.99975032, ..., -0.88189579,
         -0.72741597,  0.        ]],

       [[ 0.        , -0.27350731, -0.36467367, ..., -0.36872074,
         -0.1913927 , -0.        ],
        [ 0.27350731,  0.        , -0.0960963 , ..., -0.60889744,
         -0.45254601, -0.27350731],
        [ 0.36467367,  0.0960963 ,  0.        , ..., -0.68230777,
         -0.53614466, -0.36467367],
        ...,
        [ 0.36872074,  0.60889744,  0.68230777, ...,  0.        ,
         -0.18399719, -0.36872074],
        [ 0.1913927 ,  0.45254601,  0.53614466, ...,  0.18399719,
          0.        , -0.1913927 ],
        [ 0.        ,  0.27350731,  0.36467367, ...,  0.36872074,
          0.1913927 ,  0.        ]],

       [[ 0.        ,  0.18472965,  0.37430984, ..., -0.82848006,
         -0.78400414, -0.7664488 ],
        [-0.18472965,  0.        ,  0.19656725, ..., -0.91767343,
         -0.8851829 , -0.87191059],
        [-0.37430984, -0.19656725,  0.        , ..., -0.97787308,
         -0.95936486, -0.95115204],
        ...,
        [ 0.82848006,  0.91767343,  0.97787308, ...,  0.        ,
          0.07522676,  0.10291166],
        [ 0.78400414,  0.8851829 ,  0.95936486, ..., -0.07522676,
          0.        ,  0.02779271],
        [ 0.7664488 ,  0.87191059,  0.95115204, ..., -0.10291166,
         -0.02779271,  0.        ]]]), 'num': array([ 7.14531949e-01,  6.99599934e-01,  1.58682406e-07,  7.11048303e-04,
        7.12559564e-04,  6.88379388e-04,  4.20780402e-04, -2.26689151e-06,
        6.95331189e-04,  6.73757938e-04,  7.17118535e-04,  5.34753894e-07,
        7.10616212e-04,  6.36899664e-04])}
{'img': array([[[ 0.        ,  0.64698821, -0.25182375, ..., -0.83739304,
         -0.72919687, -0.75435307],
        [-0.64698821,  0.        , -0.81815341, ..., -0.99215674,
         -0.99874922, -0.99992187],
        [ 0.25182375,  0.81815341,  0.        , ..., -0.6727593 ,
         -0.53337313, -0.56472816],
        ...,
        [ 0.83739304,  0.99215674,  0.6727593 , ...,  0.        ,
          0.17445149,  0.13739219],
        [ 0.72919687,  0.99874922,  0.53337313, ..., -0.17445149,
          0.        , -0.03751173],
        [ 0.75435307,  0.99992187,  0.56472816, ..., -0.13739219,
          0.03751173,  0.        ]],

       [[ 0.        ,  0.45145256,  0.45520724, ...,  0.27696109,
          0.51544087,  0.1494735 ],
        [-0.45145256,  0.        ,  0.00421238, ..., -0.18666122,
          0.07306432, -0.31300635],
        [-0.45520724, -0.00421238,  0.        , ..., -0.19079791,
          0.06886255, -0.31700428],
        ...,
        [-0.27696109,  0.18666122,  0.19079791, ...,  0.        ,
          0.25794249, -0.13022337],
        [-0.51544087, -0.07306432, -0.06886255, ..., -0.25794249,
          0.        , -0.38156267],
        [-0.1494735 ,  0.31300635,  0.31700428, ...,  0.13022337,
          0.38156267,  0.        ]],

       [[ 0.        ,  0.46513974,  0.66606983, ..., -0.999043  ,
         -0.98055159, -0.91283247],
        [-0.46513974,  0.        ,  0.24268704, ..., -0.86404538,
         -0.95930984, -0.99800582],
        [-0.66606983, -0.24268704,  0.        , ..., -0.71604239,
         -0.86210689, -0.9528512 ],
        ...,
        [ 0.999043  ,  0.86404538,  0.71604239, ...,  0.        ,
          0.23896196,  0.44786981],
        [ 0.98055159,  0.95930984,  0.86210689, ..., -0.23896196,
          0.        ,  0.22123895],
        [ 0.91283247,  0.99800582,  0.9528512 , ..., -0.44786981,
         -0.22123895,  0.        ]],

       ...,

       [[ 0.        ,  0.20156487,  0.2408643 , ...,  0.80569998,
          0.98373455,  0.98373455],
        [-0.20156487,  0.        ,  0.04029004, ...,  0.66977145,
          0.99975032,  0.99975032],
        [-0.2408643 , -0.04029004,  0.        , ...,  0.63930954,
          0.99803828,  0.99803828],
        ...,
        [-0.80569998, -0.66977145, -0.63930954, ...,  0.        ,
          0.72741597,  0.72741597],
        [-0.98373455, -0.99975032, -0.99803828, ..., -0.72741597,
          0.        ,  0.        ],
        [-0.98373455, -0.99975032, -0.99803828, ..., -0.72741597,
          0.        ,  0.        ]],

       [[ 0.        , -0.24835875, -0.25555601, ..., -0.19322614,
         -0.        , -0.39864409],
        [ 0.24835875,  0.        , -0.00743715, ..., -0.43085025,
         -0.24835875, -0.61392505],
        [ 0.25555601,  0.00743715,  0.        , ..., -0.43754979,
         -0.25555601, -0.61977869],
        ...,
        [ 0.19322614,  0.43085025,  0.43754979, ...,  0.        ,
         -0.19322614,  0.21392255],
        [ 0.        ,  0.24835875,  0.25555601, ...,  0.19322614,
          0.        ,  0.39864409],
        [ 0.39864409,  0.61392505,  0.61977869, ..., -0.21392255,
         -0.39864409,  0.        ]],

       [[ 0.        ,  0.19656725,  0.21010361, ..., -0.8851829 ,
         -0.87191059, -0.90118191],
        [-0.19656725,  0.        ,  0.01382487, ..., -0.95936486,
         -0.95115204, -0.96880048],
        [-0.21010361, -0.01382487,  0.        , ..., -0.96317412,
         -0.95532919, -0.97213428],
        ...,
        [ 0.8851829 ,  0.95936486,  0.96317412, ...,  0.        ,
          0.02779271, -0.03559413],
        [ 0.87191059,  0.95115204,  0.95532919, ..., -0.02779271,
          0.        , -0.06335547],
        [ 0.90118191,  0.96880048,  0.97213428, ...,  0.03559413,
          0.06335547,  0.        ]]]), 'num': array([7.29277517e-01, 6.84214454e-01, 4.61711705e-07, 7.51051040e-04,
       7.51051040e-04, 7.14114104e-04, 8.70111099e-04, 2.69331828e-05,
       7.24425665e-04, 6.89604907e-04, 7.29979031e-04, 5.38663656e-07,
       7.36507169e-04, 6.42702646e-04])}
{'img': array([[[ 0.        , -0.81815341, -0.66143783, ..., -0.99874922,
         -0.99992187, -0.89302855],
        [ 0.81815341,  0.        ,  0.23328831, ..., -0.53337313,
         -0.56472816, -0.14532239],
        [ 0.66143783, -0.23328831,  0.        , ..., -0.71599002,
         -0.74167343, -0.37212439],
        ...,
        [ 0.99874922,  0.53337313,  0.71599002, ...,  0.        ,
         -0.03751173,  0.40478572],
        [ 0.99992187,  0.56472816,  0.74167343, ...,  0.03751173,
          0.        ,  0.43880199],
        [ 0.89302855,  0.14532239,  0.37212439, ..., -0.40478572,
         -0.43880199,  0.        ]],

       [[ 0.        ,  0.00421238, -0.21326642, ...,  0.07306432,
         -0.31300635,  0.60811072],
        [-0.00421238,  0.        , -0.21737999, ...,  0.06886255,
         -0.31700428,  0.60476132],
        [ 0.21326642,  0.21737999,  0.        , ...,  0.28407981,
         -0.10325535,  0.76342259],
        ...,
        [-0.07306432, -0.06886255, -0.28407981, ...,  0.        ,
         -0.38156267,  0.54848311],
        [ 0.31300635,  0.31700428,  0.10325535, ...,  0.38156267,
          0.        ,  0.82603457],
        [-0.60811072, -0.60476132, -0.76342259, ..., -0.54848311,
         -0.82603457,  0.        ]],

       [[ 0.        ,  0.24268704,  0.09020848, ..., -0.95930984,
         -0.99800582, -0.966752  ],
        [-0.24268704,  0.        , -0.15418591, ..., -0.86210689,
         -0.9528512 , -0.99990951],
        [-0.09020848,  0.15418591,  0.        , ..., -0.92992778,
         -0.98824272, -0.98587819],
        ...,
        [ 0.95930984,  0.86210689,  0.92992778, ...,  0.        ,
          0.22123895,  0.51827845],
        [ 0.99800582,  0.9528512 ,  0.98824272, ..., -0.22123895,
          0.        ,  0.31622913],
        [ 0.966752  ,  0.99990951,  0.98587819, ..., -0.51827845,
         -0.31622913,  0.        ]],

       ...,

       [[ 0.        ,  0.04029004,  0.15628731, ...,  0.99975032,
          0.99975032,  0.96987645],
        [-0.04029004,  0.        ,  0.11636547, ...,  0.99803828,
          0.99803828,  0.95927439],
        [-0.15628731, -0.11636547,  0.        , ...,  0.98397281,
          0.98397281,  0.91988709],
        ...,
        [-0.99975032, -0.99803828, -0.98397281, ...,  0.        ,
          0.        , -0.22186478],
        [-0.99975032, -0.99803828, -0.98397281, ...,  0.        ,
          0.        , -0.22186478],
        [-0.96987645, -0.95927439, -0.91988709, ...,  0.22186478,
          0.22186478,  0.        ]],

       [[ 0.        , -0.06167465, -0.1522703 , ..., -0.        ,
         -0.40166556, -0.66604594],
        [ 0.06167465,  0.        , -0.09102497, ..., -0.06167465,
         -0.45738172, -0.71078177],
        [ 0.1522703 ,  0.09102497,  0.        , ..., -0.1522703 ,
         -0.53642877, -0.77185915],
        ...,
        [ 0.        ,  0.06167465,  0.1522703 , ...,  0.        ,
          0.40166556,  0.66604594],
        [ 0.40166556,  0.45738172,  0.53642877, ..., -0.40166556,
          0.        ,  0.31034918],
