state_0,state_1,state_2,state_3,state_4,state_5,state_6,state_7,state_8,state_9,state_10,state_11,state_12,state_13,state_14,state_15,state_16,state_17,state_18,state_19,state_20,state_21,state_22,state_23,state_24,state_25,state_26,state_27,state_28,state_29,state_30,state_31,state_32,state_33,state_34,state_35,state_36,state_37,state_38,state_39,state_40,state_41,state_42,state_43,state_44,state_45,state_46,state_47,state_48,state_49,state_50,state_51,state_52,state_53,state_54,state_55,state_56,state_57,state_58,state_59,state_60,state_61,state_62,state_63,state_64,state_65,state_66,state_67,state_68,state_69,state_70,state_71,state_72,state_73,state_74,state_75,state_76,state_77,state_78,state_79,state_80,state_81,state_82,state_83,state_84,state_85,state_86,state_87,state_88,state_89,state_90,state_91,state_92,state_93,state_94,state_95,state_96,state_97,state_98,state_99,state_100,state_101,state_102,state_103,state_104,state_105,state_106,state_107,state_108,state_109,state_110,state_111,state_112,state_113,state_114,state_115,state_116,state_117,state_118,state_119,state_120,state_121,state_122,state_123,state_124,state_125,state_126,state_127,state_128,state_129,state_130,state_131,state_132,state_133,state_134,state_135,state_136,state_137,state_138,state_139,state_140,state_141,state_142,state_143,state_144,state_145,state_146,state_147,state_148,state_149,state_150,state_151,state_152,state_153,state_154,state_155,state_156,state_157,state_158,state_159,state_160,state_161,state_162,state_163,state_164,state_165,state_166,state_167,state_168,state_169,state_170,state_171,state_172,state_173,state_174,state_175,state_176,state_177,state_178,state_179,state_180,state_181,state_182,state_183,state_184,state_185,state_186,state_187,state_188,state_189,state_190,state_191,state_192,state_193,state_194,state_195,state_196,state_197,state_198,state_199,state_200,state_201,state_202,state_203,state_204,state_205,state_206,state_207,state_208,state_209,state_210,state_211,state_212,state_213,state_214,state_215,state_216,state_217,state_218,state_219,state_220,state_221,state_222,state_223,state_224,state_225,state_226,state_227,state_228,state_229,state_230,state_231,state_232,state_233,state_234,state_235,state_236,state_237,state_238,state_239,state_240,state_241,state_242,state_243,state_244,state_245,state_246,state_247,state_248,state_249,state_250,state_251,state_252,state_253,state_254,state_255,state_256,state_257,state_258,state_259,state_260,state_261,state_262,state_263,state_264,state_265,state_266,state_267,state_268,state_269,state_270,state_271,state_272,state_273,state_274,state_275,state_276,state_277,state_278,state_279,state_280,state_281,state_282,state_283,state_284,state_285,state_286,state_287
{'img': array([[[ 0.        , -0.12419865, -0.13048382, ...,  0.92568622,
          0.87178725,  0.5795659 ],
        [ 0.12419865,  0.        , -0.00633672, ...,  0.87153559,
          0.80419431,  0.47386591],
        [ 0.13048382,  0.00633672,  0.        , ...,  0.86841099,
          0.80041183,  0.4682763 ],
        ...,
        [-0.92568622, -0.87153559, -0.86841099, ...,  0.        ,
          0.12368913,  0.5351199 ],
        [-0.87178725, -0.80419431, -0.80041183, ..., -0.12368913,
          0.        ,  0.4265211 ],
        [-0.5795659 , -0.47386591, -0.4682763 , ..., -0.5351199 ,
         -0.4265211 ,  0.        ]],

       [[ 0.        ,  0.20448172,  0.32838935, ...,  0.8507817 ,
          0.64847246,  0.7249493 ],
        [-0.20448172,  0.        ,  0.12830894, ...,  0.72534592,
          0.47911121,  0.56878392],
        [-0.32838935, -0.12830894,  0.        , ...,  0.6310245 ,
          0.36252728,  0.45855007],
        ...,
        [-0.8507817 , -0.72534592, -0.6310245 , ...,  0.        ,
         -0.30686269, -0.20504552],
        [-0.64847246, -0.47911121, -0.36252728, ...,  0.30686269,
          0.        ,  0.10518975],
        [-0.7249493 , -0.56878392, -0.45855007, ...,  0.20504552,
         -0.10518975,  0.        ]],

       [[ 0.        , -0.07811276, -0.11863885, ...,  0.93239007,
          0.87775856,  0.6371924 ],
        [ 0.07811276,  0.        , -0.04071526, ...,  0.90130703,
          0.83765252,  0.5750436 ],
        [ 0.11863885,  0.04071526,  0.        , ...,  0.88292259,
          0.81471911,  0.54125668],
        ...,
        [-0.93239007, -0.90130703, -0.88292259, ...,  0.        ,
          0.12944203,  0.48828194],
        [-0.87775856, -0.83765252, -0.81471911, ..., -0.12944203,
          0.        ,  0.37121178],
        [-0.6371924 , -0.5750436 , -0.54125668, ..., -0.48828194,
         -0.37121178,  0.        ]],

       ...,

       [[ 0.        , -0.19110843, -0.37263426, ...,  0.29893923,
          0.14943261,  0.27907278],
        [ 0.19110843,  0.        , -0.18842174, ...,  0.47579891,
          0.33564105,  0.45744485],
        [ 0.37263426,  0.18842174,  0.        , ...,  0.63300361,
          0.50712051,  0.61680297],
        ...,
        [-0.29893923, -0.47579891, -0.63300361, ...,  0.        ,
         -0.15298334, -0.02075098],
        [-0.14943261, -0.33564105, -0.50712051, ...,  0.15298334,
          0.        ,  0.13244368],
        [-0.27907278, -0.45744485, -0.61680297, ...,  0.02075098,
         -0.13244368,  0.        ]],

       [[ 0.        ,  0.02666714,  0.03711804, ...,  0.61881953,
          0.68075975,  0.7400507 ],
        [-0.02666714,  0.        ,  0.01045608, ...,  0.63954738,
          0.70005151,  0.75772252],
        [-0.03711804, -0.01045608,  0.        , ...,  0.64755055,
          0.70747985,  0.7645045 ],
        ...,
        [-0.61881953, -0.63954738, -0.64755055, ...,  0.        ,
         -0.08146988, -0.16514663],
        [-0.68075975, -0.70005151, -0.70747985, ...,  0.08146988,
          0.        , -0.08424643],
        [-0.7400507 , -0.75772252, -0.7645045 , ...,  0.16514663,
          0.08424643,  0.        ]],

       [[ 0.        , -0.05860482, -0.11617832, ...,  0.9145394 ,
          0.99103035,  0.84641343],
        [ 0.05860482,  0.        , -0.05777067, ...,  0.93667301,
          0.9971588 ,  0.81375006],
        [ 0.11617832,  0.05777067,  0.        , ...,  0.95534024,
          0.99984518,  0.77881382],
        ...,
        [-0.9145394 , -0.93667301, -0.95534024, ...,  0.        ,
          0.27865235,  0.82938787],
        [-0.99103035, -0.9971588 , -0.99984518, ..., -0.27865235,
          0.        ,  0.6408619 ],
        [-0.84641343, -0.81375006, -0.77881382, ..., -0.82938787,
         -0.6408619 ,  0.        ]]]), 'num': array([7.09044035e-01, 7.05158931e-01, 5.85988559e-07, 6.16683197e-05,
       6.17613338e-05, 5.88778980e-05, 2.72273538e-03, 3.16247794e-06,
       5.81895940e-05, 5.39481530e-05, 3.96774713e-05, 5.33907403e-07,
       6.23382066e-05, 4.55580995e-05])}
{'img': array([[[ 0.        , -0.00602038, -0.06386676, ...,  0.94042316,
          0.88512337,  0.45282599],
        [ 0.00602038,  0.        , -0.05785751, ...,  0.93835915,
          0.88230571,  0.44745001],
        [ 0.06386676,  0.05785751,  0.        , ...,  0.91678812,
          0.85359553,  0.39495798],
        ...,
        [-0.94042316, -0.93835915, -0.91678812, ...,  0.        ,
          0.13668445,  0.68451658],
        [-0.88512337, -0.88230571, -0.85359553, ..., -0.13668445,
          0.        ,  0.57844956],
        [-0.45282599, -0.44745001, -0.39495798, ..., -0.68451658,
         -0.57844956,  0.        ]],

       [[ 0.        ,  0.13331885, -0.09817934, ...,  0.48715393,
          0.57671712,  0.75970642],
        [-0.13331885,  0.        , -0.22997766, ...,  0.36637571,
          0.46265486,  0.66623192],
        [ 0.09817934,  0.22997766,  0.        , ...,  0.57054196,
          0.65413787,  0.81987878],
        ...,
        [-0.48715393, -0.36637571, -0.57054196, ...,  0.        ,
          0.10567892,  0.34668411],
        [-0.57671712, -0.46265486, -0.65413787, ..., -0.10567892,
          0.        ,  0.24561787],
        [-0.75970642, -0.66623192, -0.81987878, ..., -0.34668411,
         -0.24561787,  0.        ]],

       [[ 0.        , -0.03948733, -0.10188093, ...,  0.93168093,
          0.87579166,  0.5606356 ],
        [ 0.03948733,  0.        , -0.06251961, ...,  0.91660942,
          0.8560485 ,  0.52750036],
        [ 0.10188093,  0.06251961,  0.        , ...,  0.88982196,
          0.82205773,  0.4733546 ],
        ...,
        [-0.93168093, -0.91660942, -0.88982196, ...,  0.        ,
          0.13155689,  0.56782378],
        [-0.87579166, -0.8560485 , -0.82205773, ..., -0.13155689,
          0.        ,  0.45459754],
        [-0.5606356 , -0.52750036, -0.4733546 , ..., -0.56782378,
         -0.45459754,  0.        ]],

       ...,

       [[ 0.        , -0.18842174, -0.26788285, ...,  0.33564105,
          0.45744485,  0.39692054],
        [ 0.18842174,  0.        , -0.08154938, ...,  0.50712051,
          0.61680297,  0.56275444],
        [ 0.26788285,  0.08154938,  0.        , ...,  0.57571683,
          0.67893754,  0.62829076],
        ...,
        [-0.33564105, -0.50712051, -0.57571683, ...,  0.        ,
          0.13244368,  0.06582603],
        [-0.45744485, -0.61680297, -0.67893754, ..., -0.13244368,
          0.        , -0.06691029],
        [-0.39692054, -0.56275444, -0.62829076, ..., -0.06582603,
          0.06691029,  0.        ]],

       [[ 0.        ,  0.01045608,  0.02785815, ...,  0.70005151,
          0.75772252,  0.66961862],
        [-0.01045608,  0.        ,  0.01740461, ...,  0.70747985,
          0.7645045 ,  0.6773478 ],
        [-0.02785815, -0.01740461,  0.        , ...,  0.71967311,
          0.77560803,  0.69004913],
        ...,
        [-0.70005151, -0.70747985, -0.71967311, ...,  0.        ,
         -0.08424643,  0.04176231],
        [-0.75772252, -0.7645045 , -0.77560803, ...,  0.08424643,
          0.        ,  0.12578677],
        [-0.66961862, -0.6773478 , -0.69004913, ..., -0.04176231,
         -0.12578677,  0.        ]],

       [[ 0.        , -0.0551302 , -0.11698904, ...,  0.97593974,
          0.99383517,  0.79101821],
        [ 0.0551302 ,  0.        , -0.06205949, ...,  0.98647611,
          0.98621156,  0.75608696],
        [ 0.11698904,  0.06205949,  0.        , ...,  0.9947465 ,
          0.97404039,  0.71401342],
        ...,
        [-0.97593974, -0.98647611, -0.9947465 , ...,  0.        ,
          0.32489649,  0.76954667],
        [-0.99383517, -0.98621156, -0.97404039, ..., -0.32489649,
          0.        ,  0.5203226 ],
        [-0.79101821, -0.75608696, -0.71401342, ..., -0.76954667,
         -0.5203226 ,  0.        ]]]), 'num': array([7.80646192e-01, 6.24931367e-01, 2.26659134e-05, 9.66572471e-05,
       1.00596698e-04, 9.28584907e-05, 7.22820340e-03, 3.37667239e-06,
       8.99039023e-05, 8.30942797e-05, 6.08914863e-05, 8.90904047e-07,
       9.54975833e-05, 7.06909761e-05])}
{'img': array([[[ 0.        , -0.05598149, -0.02403424, ...,  0.94509289,
          0.81265161,  0.43431022],
        [ 0.05598149,  0.        ,  0.03196877, ...,  0.92531595,
          0.77875401,  0.38320307],
        [ 0.02403424, -0.03196877,  0.        , ...,  0.93696546,
          0.79841092,  0.41253561],
        ...,
        [-0.94509289, -0.92531595, -0.93696546, ...,  0.        ,
          0.2851767 ,  0.70937168],
        [-0.81265161, -0.77875401, -0.79841092, ..., -0.2851767 ,
          0.        ,  0.47891258],
        [-0.43431022, -0.38320307, -0.41253561, ..., -0.70937168,
         -0.47891258,  0.        ]],

       [[ 0.        , -0.22997766, -0.3212231 , ...,  0.46265486,
          0.66623192,  0.91854476],
        [ 0.22997766,  0.        , -0.09482334, ...,  0.65413787,
          0.81987878,  0.98483808],
        [ 0.3212231 ,  0.09482334,  0.        , ...,  0.72291243,
          0.87047439,  0.9968501 ],
        ...,
        [-0.46265486, -0.65413787, -0.72291243, ...,  0.        ,
          0.24561787,  0.63142995],
        [-0.66623192, -0.81987878, -0.87047439, ..., -0.24561787,
          0.        ,  0.42162701],
        [-0.91854476, -0.98483808, -0.9968501 , ..., -0.63142995,
         -0.42162701,  0.        ]],

       [[ 0.        , -0.06118644, -0.12447491, ...,  0.917062  ,
          0.81021659,  0.51780305],
        [ 0.06118644,  0.        , -0.06353111, ...,  0.89094598,
          0.77283528,  0.46448788],
        [ 0.12447491,  0.06353111,  0.        , ...,  0.86029608,
          0.73095678,  0.4072877 ],
        ...,
        [-0.917062  , -0.89094598, -0.86029608, ...,  0.        ,
          0.21444858,  0.57807521],
        [-0.81021659, -0.77283528, -0.73095678, ..., -0.21444858,
          0.        ,  0.38963995],
        [-0.51780305, -0.46448788, -0.4072877 , ..., -0.57807521,
         -0.38963995,  0.        ]],

       ...,

       [[ 0.        , -0.08154938,  0.1464963 , ...,  0.61680297,
          0.56275444,  0.6633046 ],
        [ 0.08154938,  0.        ,  0.22667793, ...,  0.67893754,
          0.62829076,  0.72212277],
        [-0.1464963 , -0.22667793,  0.        , ...,  0.4948386 ,
          0.43558563,  0.54651792],
        ...,
        [-0.61680297, -0.67893754, -0.4948386 , ...,  0.        ,
         -0.06691029,  0.06051451],
        [-0.56275444, -0.62829076, -0.43558563, ...,  0.06691029,
          0.        ,  0.12716656],
        [-0.6633046 , -0.72212277, -0.54651792, ..., -0.06051451,
         -0.12716656,  0.        ]],

       [[ 0.        ,  0.01722066,  0.01479762, ...,  0.82926994,
          0.78383832,  0.54939087],
        [-0.01722066,  0.        , -0.00242335, ...,  0.83877071,
          0.79441552,  0.5636984 ],
        [-0.01479762,  0.00242335,  0.        , ...,  0.83744877,
          0.7929413 ,  0.5616951 ],
        ...,
        [-0.82926994, -0.83877071, -0.83744877, ...,  0.        ,
          0.07690091,  0.38588321],
        [-0.78383832, -0.79441552, -0.7929413 , ..., -0.07690091,
          0.        ,  0.31379576],
        [-0.54939087, -0.5636984 , -0.5616951 , ..., -0.38588321,
         -0.31379576,  0.        ]],

       [[ 0.        , -0.05998021, -0.10754729, ...,  0.99985482,
          0.96591164,  0.73891961],
        [ 0.05998021,  0.        , -0.04772134, ...,  0.99703263,
          0.94864538,  0.69717495],
        [ 0.10754729,  0.04772134,  0.        , ...,  0.9922231 ,
          0.93246834,  0.66216917],
        ...,
        [-0.99985482, -0.99703263, -0.9922231 , ...,  0.        ,
          0.24237591,  0.66110508],
        [-0.96591164, -0.94864538, -0.93246834, ..., -0.24237591,
          0.        ,  0.4595395 ],
        [-0.73891961, -0.69717495, -0.66216917, ..., -0.66110508,
         -0.4595395 ,  0.        ]]]), 'num': array([7.52255656e-01, 6.58861384e-01, 1.33230060e-05, 9.48165197e-05,
       9.63043681e-05, 9.10292693e-05, 3.61211715e-03, 1.89362521e-06,
       8.90815405e-05, 8.13312030e-05, 5.94124911e-05, 9.31678740e-07,
       9.31265584e-05, 6.95358475e-05])}
{'img': array([[[ 0.        ,  0.03139107,  0.02529544, ...,  0.84544718,
          0.68851982,  0.37681159],
        [-0.03139107,  0.        , -0.00609805, ...,  0.86179521,
          0.71094586,  0.40570311],
        [-0.02529544,  0.00609805,  0.        , ...,  0.85868591,
          0.70664421,  0.40012193],
        ...,
        [-0.84544718, -0.86179521, -0.85868591, ...,  0.        ,
          0.24542286,  0.58188956],
        [-0.68851982, -0.71094586, -0.70664421, ..., -0.24542286,
          0.        ,  0.36449861],
        [-0.37681159, -0.40570311, -0.40012193, ..., -0.58188956,
         -0.36449861,  0.        ]],

       [[ 0.        , -0.09482334,  0.2175576 , ...,  0.81987878,
          0.98483808,  0.78654325],
        [ 0.09482334,  0.        ,  0.30912939, ...,  0.87047439,
          0.9968501 ,  0.84155592],
        [-0.2175576 , -0.30912939,  0.        , ...,  0.67568082,
          0.92350769,  0.63335408],
        ...,
        [-0.81987878, -0.87047439, -0.67568082, ...,  0.        ,
          0.42162701, -0.05597878],
        [-0.98483808, -0.9968501 , -0.92350769, ..., -0.42162701,
          0.        , -0.47172573],
        [-0.78654325, -0.84155592, -0.63335408, ...,  0.05597878,
          0.47172573,  0.        ]],

       [[ 0.        , -0.06168449, -0.10290878, ...,  0.88465506,
          0.80832156,  0.45236752],
        [ 0.06168449,  0.        , -0.04135582, ...,  0.85421025,
          0.77046607,  0.3964939 ],
        [ 0.10290878,  0.04135582,  0.        , ...,  0.83197743,
          0.74344337,  0.3581885 ],
        ...,
        [-0.88465506, -0.85421025, -0.83197743, ...,  0.        ,
          0.14395614,  0.57804875],
        [-0.80832156, -0.77046607, -0.74344337, ..., -0.14395614,
          0.        ,  0.4545593 ],
        [-0.45236752, -0.3964939 , -0.3581885 , ..., -0.57804875,
         -0.4545593 ,  0.        ]],

       ...,

       [[ 0.        ,  0.22667793,  0.18901023, ...,  0.62829076,
          0.72212277,  0.80266042],
        [-0.22667793,  0.        , -0.03850183, ...,  0.43558563,
          0.54651792,  0.64656804],
        [-0.18901023,  0.03850183,  0.        , ...,  0.46991998,
          0.57835595,  0.67545999],
        ...,
        [-0.62829076, -0.43558563, -0.46991998, ...,  0.        ,
          0.12716656,  0.24971722],
        [-0.72212277, -0.54651792, -0.57835595, ..., -0.12716656,
          0.        ,  0.12455208],
        [-0.80266042, -0.64656804, -0.67545999, ..., -0.24971722,
         -0.12455208,  0.        ]],

       [[ 0.        , -0.00238605,  0.00621724, ...,  0.86872121,
          0.79936117,  0.55649935],
        [ 0.00238605,  0.        ,  0.00860323, ...,  0.86753692,
          0.79792523,  0.55451532],
        [-0.00621724, -0.00860323,  0.        , ...,  0.87178383,
          0.80308135,  0.56165418],
        ...,
        [-0.86872121, -0.86753692, -0.87178383, ...,  0.        ,
          0.12604717,  0.44614042],
        [-0.79936117, -0.79792523, -0.80308135, ..., -0.12604717,
          0.        ,  0.32977457],
        [-0.55649935, -0.55451532, -0.56165418, ..., -0.44614042,
         -0.32977457,  0.        ]],

       [[ 0.        , -0.04636378, -0.08530282, ...,  0.98580393,
          0.93123447,  0.68261878],
        [ 0.04636378,  0.        , -0.0390163 , ...,  0.97695931,
          0.91333712,  0.64800323],
        [ 0.08530282,  0.0390163 ,  0.        , ...,  0.96788834,
          0.89675408,  0.61779354],
        ...,
        [-0.98580393, -0.97695931, -0.96788834, ...,  0.        ,
          0.2028924 ,  0.60578841],
        [-0.93123447, -0.91333712, -0.89675408, ..., -0.2028924 ,
          0.        ,  0.43176221],
        [-0.68261878, -0.64800323, -0.61779354, ..., -0.60578841,
         -0.43176221,  0.        ]]]), 'num': array([ 7.59982030e-01,  6.49939623e-01,  1.57653878e-05,  9.54400750e-05,
        9.68074113e-05,  9.28421360e-05,  2.39590139e-03, -4.10200896e-07,
        9.23772417e-05,  8.34348622e-05,  6.09467375e-05,  1.13656226e-06,
        9.55388705e-05,  7.13308538e-05])}
{'img': array([[[ 0.        , -0.00609805, -0.16358283, ...,  0.71094586,
          0.40570311,  0.55608575],
        [ 0.00609805,  0.        , -0.15756388, ...,  0.70664421,
          0.40012193,  0.55100717],
        [ 0.16358283,  0.15756388,  0.        , ...,  0.58633004,
          0.25072262,  0.41263729],
        ...,
        [-0.71094586, -0.70664421, -0.58633004, ...,  0.        ,
          0.36449861,  0.19981933],
        [-0.40570311, -0.40012193, -0.25072262, ..., -0.36449861,
          0.        , -0.17107514],
        [-0.55608575, -0.55100717, -0.41263729, ..., -0.19981933,
          0.17107514,  0.        ]],

       [[ 0.        ,  0.30912939,  0.33227298, ...,  0.9968501 ,
          0.84155592,  0.70246841],
        [-0.30912939,  0.        ,  0.02443258, ...,  0.92350769,
          0.63335408,  0.44804949],
        [-0.33227298, -0.02443258,  0.        , ...,  0.91386015,
          0.61425757,  0.4260728 ],
        ...,
        [-0.9968501 , -0.92350769, -0.91386015, ...,  0.        ,
         -0.47172573, -0.65376117],
        [-0.84155592, -0.63335408, -0.61425757, ...,  0.47172573,
          0.        , -0.21949555],
        [-0.70246841, -0.44804949, -0.4260728 , ...,  0.65376117,
          0.21949555,  0.        ]],

       [[ 0.        , -0.04037478, -0.08387639, ...,  0.85888157,
          0.7358684 ,  0.38779399],
        [ 0.04037478,  0.        , -0.04357549, ...,  0.83750233,
          0.70792963,  0.35026249],
        [ 0.08387639,  0.04357549,  0.        , ...,  0.81289569,
          0.67648056,  0.30911473],
        ...,
        [-0.85888157, -0.83750233, -0.81289569, ...,  0.        ,
          0.20467699,  0.59305263],
        [-0.7358684 , -0.70792963, -0.67648056, ..., -0.20467699,
          0.        ,  0.41569897],
        [-0.38779399, -0.35026249, -0.30911473, ..., -0.59305263,
         -0.41569897,  0.        ]],

       ...,

       [[ 0.        , -0.03850183, -0.4931595 , ...,  0.54651792,
          0.64656804,  0.87837523],
        [ 0.03850183,  0.        , -0.4592996 , ...,  0.57835595,
          0.67545999,  0.89612672],
        [ 0.4931595 ,  0.4592996 ,  0.        , ...,  0.88843235,
          0.93868454,  0.99984908],
        ...,
        [-0.54651792, -0.57835595, -0.88843235, ...,  0.        ,
          0.12455208,  0.47437296],
        [-0.64656804, -0.67545999, -0.93868454, ..., -0.12455208,
          0.        ,  0.36103286],
        [-0.87837523, -0.89612672, -0.99984908, ..., -0.47437296,
         -0.36103286,  0.        ]],

       [[ 0.        ,  0.00846863,  0.02576096, ...,  0.87010436,
          0.79453865,  0.54727445],
        [-0.00846863,  0.        ,  0.01729422, ...,  0.87424707,
          0.79965242,  0.55434267],
        [-0.02576096, -0.01729422,  0.        , ...,  0.88251234,
          0.80991737,  0.56865355],
        ...,
        [-0.87010436, -0.87424707, -0.88251234, ...,  0.        ,
          0.13673688,  0.45850283],
        [-0.79453865, -0.79965242, -0.80991737, ..., -0.13673688,
          0.        ,  0.33267919],
        [-0.54727445, -0.55434267, -0.56865355, ..., -0.45850283,
         -0.33267919,  0.        ]],

       [[ 0.        , -0.03833357, -0.10669968, ...,  0.95242635,
          0.865909  ,  0.63924284],
        [ 0.03833357,  0.        , -0.06850652, ...,  0.94004344,
          0.84609804,  0.60929429],
        [ 0.10669968,  0.06850652,  0.        , ...,  0.91447049,
          0.80759443,  0.553541  ],
        ...,
        [-0.95242635, -0.94004344, -0.91447049, ...,  0.        ,
          0.21250308,  0.53759928],
        [-0.865909  , -0.84609804, -0.80759443, ..., -0.21250308,
          0.        ,  0.34613803],
        [-0.63924284, -0.60929429, -0.553541  , ..., -0.53759928,
         -0.34613803,  0.        ]]]), 'num': array([ 9.18116328e-01,  3.96299569e-01,  7.56256173e-05,  1.14735435e-04,
        1.18061100e-04,  1.11908620e-04,  2.99386321e-03, -1.33026592e-06,
        1.14369612e-04,  1.02322391e-04,  7.51669527e-05,  1.25560813e-06,
        1.18006092e-04,  8.66386906e-05])}
{'img': array([[[ 0.        , -0.15756388, -0.13886287, ...,  0.40012193,
          0.55100717,  0.67572461],
        [ 0.15756388,  0.        ,  0.01890904, ...,  0.25072262,
          0.41263729,  0.55113512],
        [ 0.13886287, -0.01890904,  0.        , ...,  0.26898286,
          0.42978767,  0.56681459],
        ...,
        [-0.40012193, -0.25072262, -0.26898286, ...,  0.        ,
         -0.17107514, -0.32432432],
        [-0.55100717, -0.41263729, -0.42978767, ...,  0.17107514,
          0.        , -0.1577153 ],
        [-0.67572461, -0.55113512, -0.56681459, ...,  0.32432432,
          0.1577153 ,  0.        ]],

       [[ 0.        ,  0.02707998,  0.1039408 , ...,  0.65152871,
          0.46644086,  0.47786559],
        [-0.02707998,  0.        ,  0.07696937, ...,  0.63074625,
          0.44231613,  0.45390239],
        [-0.1039408 , -0.07696937,  0.        , ...,  0.56914772,
          0.37197329,  0.38397221],
        ...,
        [-0.65152871, -0.63074625, -0.56914772, ...,  0.        ,
         -0.22245806, -0.209804  ],
        [-0.46644086, -0.44231613, -0.37197329, ...,  0.22245806,
          0.        ,  0.01296013],
        [-0.47786559, -0.45390239, -0.38397221, ...,  0.209804  ,
         -0.01296013,  0.        ]],

       [[ 0.        , -0.04286578, -0.08642725, ...,  0.78826321,
          0.65084433,  0.34488763],
        [ 0.04286578,  0.        , -0.04364242, ...,  0.76116172,
          0.61770192,  0.30433492],
        [ 0.08642725,  0.04364242,  0.        , ...,  0.73213168,
          0.58279244,  0.2624727 ],
        ...,
        [-0.78826321, -0.76116172, -0.73213168, ...,  0.        ,
          0.19796889,  0.52767599],
        [-0.65084433, -0.61770192, -0.58279244, ..., -0.19796889,
          0.        ,  0.34906856],
        [-0.34488763, -0.30433492, -0.2624727 , ..., -0.52767599,
         -0.34906856,  0.        ]],

       ...,

       [[ 0.        , -0.4592996 , -0.5696542 , ...,  0.67545999,
          0.89612672,  0.78417291],
        [ 0.4592996 ,  0.        , -0.12852204, ...,  0.93868454,
          0.99984908,  0.98158109],
        [ 0.5696542 ,  0.12852204,  0.        , ...,  0.97521117,
          0.98932419,  0.99799412],
        ...,
        [-0.67545999, -0.93868454, -0.97521117, ...,  0.        ,
          0.36103286,  0.15909491],
        [-0.89612672, -0.99984908, -0.98932419, ..., -0.36103286,
          0.        , -0.20807004],
        [-0.78417291, -0.98158109, -0.99799412, ..., -0.15909491,
          0.20807004,  0.        ]],

       [[ 0.        ,  0.01701251,  0.0198422 , ...,  0.87321944,
          0.79827827,  0.54681322],
        [-0.01701251,  0.        ,  0.00283017, ...,  0.88138372,
          0.80840918,  0.56097789],
        [-0.0198422 , -0.00283017,  0.        , ...,  0.88271717,
          0.81007184,  0.56331854],
        ...,
        [-0.87321944, -0.88138372, -0.88271717, ...,  0.        ,
          0.13690757,  0.46463005],
        [-0.79827827, -0.80840918, -0.81007184, ..., -0.13690757,
          0.        ,  0.33902269],
        [-0.54681322, -0.56097789, -0.56331854, ..., -0.46463005,
         -0.33902269,  0.        ]],

       [[ 0.        , -0.06850652, -0.13721647, ...,  0.84609804,
          0.60929429,  0.68739282],
        [ 0.06850652,  0.        , -0.06903558, ...,  0.80759443,
          0.553541  ,  0.63602259],
        [ 0.13721647,  0.06903558,  0.        , ...,  0.76495475,
          0.49472602,  0.58123246],
        ...,
        [-0.84609804, -0.80759443, -0.76495475, ...,  0.        ,
          0.34613803,  0.24810988],
        [-0.60929429, -0.553541  , -0.49472602, ..., -0.34613803,
          0.        , -0.10254233],
        [-0.68739282, -0.63602259, -0.58123246, ..., -0.24810988,
          0.10254233,  0.        ]]]), 'num': array([8.77279883e-01, 4.79972176e-01, 5.71665765e-05, 1.10088032e-04,
       1.10088032e-04, 1.05494430e-04, 2.57510954e-03, 7.92000229e-07,
       1.09961312e-04, 9.84931485e-05, 7.26171810e-05, 1.23649015e-06,
       1.13941368e-04, 8.30449287e-05])}
{'img': array([[[ 0.        ,  0.01890904, -0.25072262, ...,  0.41263729,
          0.55113512,  0.47666817],
        [-0.01890904,  0.        , -0.26898286, ...,  0.42978767,
          0.56681459,  0.49320557],
        [ 0.25072262,  0.26898286,  0.        , ...,  0.17107514,
          0.32432432,  0.24103682],
        ...,
        [-0.41263729, -0.42978767, -0.17107514, ...,  0.        ,
         -0.1577153 , -0.0714523 ],
        [-0.55113512, -0.56681459, -0.32432432, ...,  0.1577153 ,
          0.        ,  0.08675413],
        [-0.47666817, -0.49320557, -0.24103682, ...,  0.0714523 ,
         -0.08675413,  0.        ]],

       [[ 0.        ,  0.07696937, -0.28938693, ...,  0.44231613,
          0.45390239,  0.41077343],
        [-0.07696937,  0.        , -0.36220447, ...,  0.37197329,
          0.38397221,  0.339379  ],
        [ 0.28938693,  0.36220447,  0.        , ...,  0.68292973,
          0.69233954,  0.65704224],
        ...,
        [-0.44231613, -0.37197329, -0.68292973, ...,  0.        ,
          0.01296013, -0.03487025],
        [-0.45390239, -0.38397221, -0.69233954, ..., -0.01296013,
          0.        , -0.04781957],
        [-0.41077343, -0.339379  , -0.65704224, ...,  0.03487025,
          0.04781957,  0.        ]],

       [[ 0.        , -0.04327964, -0.10982164, ...,  0.67765799,
          0.53304783,  0.30191444],
        [ 0.04327964,  0.        , -0.06670088, ...,  0.64519616,
          0.4959301 ,  0.26037155],
        [ 0.10982164,  0.06670088,  0.        , ...,  0.59279871,
          0.43690513,  0.19539144],
        ...,
        [-0.67765799, -0.64519616, -0.59279871, ...,  0.        ,
          0.18136511,  0.42401409],
        [-0.53304783, -0.4959301 , -0.43690513, ..., -0.18136511,
          0.        ,  0.25272785],
        [-0.30191444, -0.26037155, -0.19539144, ..., -0.42401409,
         -0.25272785,  0.        ]],

       ...,

       [[ 0.        , -0.12852204, -0.14246074, ...,  0.99984908,
          0.98158109,  0.99206924],
        [ 0.12852204,  0.        , -0.0140681 , ...,  0.98932419,
          0.99799412,  0.99999593],
        [ 0.14246074,  0.0140681 ,  0.        , ...,  0.98717612,
          0.99878596,  0.99985684],
        ...,
        [-0.99984908, -0.98932419, -0.98717612, ...,  0.        ,
         -0.20807004, -0.14290872],
        [-0.98158109, -0.99799412, -0.99878596, ...,  0.20807004,
          0.        ,  0.06615337],
        [-0.99206924, -0.99999593, -0.99985684, ...,  0.14290872,
         -0.06615337,  0.        ]],

       [[ 0.        ,  0.00279055, -0.01291561, ...,  0.87144827,
          0.78839237,  0.55445464],
        [-0.00279055,  0.        , -0.01570588, ...,  0.8728136 ,
          0.79010597,  0.55677481],
        [ 0.01291561,  0.01570588,  0.        , ...,  0.86504063,
          0.78038128,  0.54365984],
        ...,
        [-0.87144827, -0.8728136 , -0.86504063, ...,  0.        ,
          0.14939465,  0.45327837],
        [-0.78839237, -0.79010597, -0.78038128, ..., -0.14939465,
          0.        ,  0.31502575],
        [-0.55445464, -0.55677481, -0.54365984, ..., -0.45327837,
         -0.31502575,  0.        ]],

       [[ 0.        , -0.06864497, -0.15154602, ...,  0.70925753,
          0.72611873,  0.55089848],
        [ 0.06864497,  0.        , -0.08333641, ...,  0.65919327,
          0.67720775,  0.49230981],
        [ 0.15154602,  0.08333641,  0.        , ...,  0.59423346,
          0.6135338 ,  0.41805961],
        ...,
        [-0.70925753, -0.65919327, -0.59423346, ...,  0.        ,
         -0.02421328,  0.20357108],
        [-0.72611873, -0.67720775, -0.6135338 , ...,  0.02421328,
          0.        ,  0.22721765],
        [-0.55089848, -0.49230981, -0.41805961, ..., -0.20357108,
         -0.22721765,  0.        ]]]), 'num': array([9.76995797e-01, 2.13237545e-01, 1.07875459e-04, 1.23107391e-04,
       1.24324554e-04, 1.18760378e-04, 2.97459102e-03, 2.26044644e-06,
       1.21438138e-04, 1.08866578e-04, 8.08950024e-05, 1.42891892e-06,
       1.27039843e-04, 9.06933127e-05])}
{'img': array([[[ 0.        , -0.26674148,  0.03411818, ...,  0.63663119,
          0.58614963,  0.26674148],
        [ 0.26674148,  0.        ,  0.29946821, ...,  0.40786224,
          0.34879762,  0.        ],
        [-0.03411818, -0.29946821,  0.        , ...,  0.66257142,
          0.61345103,  0.29946821],
        ...,
        [-0.63663119, -0.40786224, -0.66257142, ...,  0.        ,
          0.06378031,  0.40786224],
        [-0.58614963, -0.34879762, -0.61345103, ..., -0.06378031,
          0.        ,  0.34879762],
        [-0.26674148, -0.        , -0.29946821, ..., -0.40786224,
         -0.34879762,  0.        ]],

       [[ 0.        , -0.36220447, -0.26814723, ...,  0.38397221,
          0.339379  ,  0.36145719],
        [ 0.36220447,  0.        ,  0.09900012, ...,  0.69233954,
          0.65704224,  0.67462912],
        [ 0.26814723, -0.09900012,  0.        , ...,  0.61750267,
          0.57918286,  0.59823733],
        ...,
        [-0.38397221, -0.69233954, -0.61750267, ...,  0.        ,
         -0.04781957, -0.02426179],
        [-0.339379  , -0.65704224, -0.57918286, ...,  0.04781957,
          0.        ,  0.02357146],
        [-0.36145719, -0.67462912, -0.59823733, ...,  0.02426179,
         -0.02357146,  0.        ]],

       [[ 0.        , -0.06634428, -0.11302523, ...,  0.55607803,
          0.45082908,  0.25901977],
        [ 0.06634428,  0.        , -0.04685706, ...,  0.49971215,
          0.39061623,  0.19436901],
        [ 0.11302523,  0.04685706,  0.        , ...,  0.45857608,
          0.34705274,  0.1481921 ],
        ...,
        [-0.55607803, -0.49971215, -0.45857608, ...,  0.        ,
          0.12166336,  0.32182108],
        [-0.45082908, -0.39061623, -0.34705274, ..., -0.12166336,
          0.        ,  0.20423948],
        [-0.25901977, -0.19436901, -0.1481921 , ..., -0.32182108,
         -0.20423948,  0.        ]],

       ...,

       [[ 0.        , -0.0140681 ,  0.29382112, ...,  0.99799412,
          0.99999593,  0.99304901],
        [ 0.0140681 ,  0.        ,  0.30723918, ...,  0.99878596,
          0.99985684,  0.9912949 ],
        [-0.29382112, -0.30723918,  0.        , ...,  0.93534221,
          0.95669469,  0.98379945],
        ...,
        [-0.99799412, -0.99878596, -0.93534221, ...,  0.        ,
          0.06615337,  0.18033218],
        [-0.99999593, -0.99985684, -0.95669469, ..., -0.06615337,
          0.        ,  0.11486832],
        [-0.99304901, -0.9912949 , -0.98379945, ..., -0.18033218,
         -0.11486832,  0.        ]],

       [[ 0.        , -0.01545721, -0.05664348, ...,  0.86693713,
          0.79760229,  0.5494033 ],
        [ 0.01545721,  0.        , -0.04120432, ...,  0.85912941,
          0.78818346,  0.53642228],
        [ 0.05664348,  0.04120432,  0.        , ...,  0.83731313,
          0.76215528,  0.50119234],
        ...,
        [-0.86693713, -0.85912941, -0.83731313, ...,  0.        ,
          0.12538341,  0.45054343],
        [-0.79760229, -0.78818346, -0.76215528, ..., -0.12538341,
          0.        ,  0.3350513 ],
        [-0.5494033 , -0.53642228, -0.50119234, ..., -0.45054343,
         -0.3350513 ,  0.        ]],

       [[ 0.        , -0.08333641, -0.11460909, ...,  0.67720775,
          0.49230981,  0.66194448],
        [ 0.08333641,  0.        , -0.03142313, ...,  0.6135338 ,
          0.41805961,  0.59717684],
        [ 0.11460909,  0.03142313,  0.        , ...,  0.58841697,
          0.38930777,  0.57167714],
        ...,
        [-0.67720775, -0.6135338 , -0.58841697, ...,  0.        ,
          0.22721765,  0.02054964],
        [-0.49230981, -0.41805961, -0.38930777, ..., -0.22721765,
          0.        , -0.20715752],
        [-0.66194448, -0.59717684, -0.57167714, ..., -0.02054964,
          0.20715752,  0.        ]]]), 'num': array([ 9.92102820e-01,  1.25414755e-01,  1.23284225e-04,  1.24901009e-04,
        1.28276712e-04,  1.23301992e-04,  1.73498694e-03, -8.88342879e-07,
        1.24154801e-04,  1.12064454e-04,  8.38462427e-05,  1.48205948e-06,
        1.31501064e-04,  9.26278450e-05])}
{'img': array([[[ 0.        ,  0.29946821,  0.23902062, ...,  0.34879762,
          0.        ,  0.2184622 ],
        [-0.29946821,  0.        , -0.0627369 , ...,  0.61345103,
          0.29946821,  0.50067083],
        [-0.23902062,  0.0627369 ,  0.        , ...,  0.56269721,
          0.23902062,  0.44537714],
        ...,
        [-0.34879762, -0.61345103, -0.56269721, ...,  0.        ,
          0.34879762,  0.1356302 ],
        [-0.        , -0.29946821, -0.23902062, ..., -0.34879762,
          0.        , -0.2184622 ],
        [-0.2184622 , -0.50067083, -0.44537714, ..., -0.1356302 ,
          0.2184622 ,  0.        ]],

       [[ 0.        ,  0.09900012,  0.06223454, ...,  0.65704224,
          0.67462912,  0.48737876],
        [-0.09900012,  0.        , -0.03687941, ...,  0.57918286,
          0.59823733,  0.39853849],
        [-0.06223454,  0.03687941,  0.        , ...,  0.60885286,
          0.62738254,  0.43209138],
        ...,
        [-0.65704224, -0.57918286, -0.60885286, ...,  0.        ,
          0.02357146, -0.20631085],
        [-0.67462912, -0.59823733, -0.62738254, ..., -0.02357146,
          0.        , -0.22931788],
        [-0.48737876, -0.39853849, -0.43209138, ...,  0.20631085,
          0.22931788,  0.        ]],

       [[ 0.        , -0.0468334 , -0.19427247, ...,  0.39925332,
          0.25597776,  0.19427247],
        [ 0.0468334 ,  0.        , -0.14811819, ...,  0.35587646,
          0.21042384,  0.14811819],
        [ 0.19427247,  0.14811819,  0.        , ...,  0.21352969,
          0.06330093,  0.        ],
        ...,
        [-0.39925332, -0.35587646, -0.21352969, ...,  0.        ,
          0.15126045,  0.21352969],
        [-0.25597776, -0.21042384, -0.06330093, ..., -0.15126045,
          0.        ,  0.06330093],
        [-0.19427247, -0.14811819, -0.        , ..., -0.21352969,
         -0.06330093,  0.        ]],

       ...,

       [[ 0.        ,  0.30723918,  0.28928522, ...,  0.99985684,
          0.9912949 ,  0.9856991 ],
        [-0.30723918,  0.        , -0.01880937, ...,  0.95669469,
          0.98379945,  0.98979752],
        [-0.28928522,  0.01880937,  0.        , ...,  0.96200072,
          0.98699741,  0.9923024 ],
        ...,
        [-0.99985684, -0.95669469, -0.96200072, ...,  0.        ,
          0.11486832,  0.15181246],
        [-0.9912949 , -0.98379945, -0.98699741, ..., -0.11486832,
          0.        ,  0.03727066],
        [-0.9856991 , -0.98979752, -0.9923024 , ..., -0.15181246,
         -0.03727066,  0.        ]],

       [[ 0.        , -0.04067297, -0.04477985, ...,  0.85184076,
          0.76377697,  0.53052864],
        [ 0.04067297,  0.        , -0.00411062, ...,  0.82983134,
          0.73689136,  0.49561249],
        [ 0.04477985,  0.00411062,  0.        , ...,  0.82753054,
          0.7341063 ,  0.49203805],
        ...,
        [-0.85184076, -0.82983134, -0.82753054, ...,  0.        ,
          0.14977936,  0.44418597],
        [-0.76377697, -0.73689136, -0.7341063 , ..., -0.14977936,
          0.        ,  0.3049828 ],
        [-0.53052864, -0.49561249, -0.49203805, ..., -0.44418597,
         -0.3049828 ,  0.        ]],

       [[ 0.        , -0.03142313, -0.10120153, ...,  0.41805961,
          0.59717684,  0.60425984],
        [ 0.03142313,  0.        , -0.06988975, ...,  0.38930777,
          0.57167714,  0.57892389],
        [ 0.10120153,  0.06988975,  0.        , ...,  0.32397981,
          0.51293618,  0.52052144],
        ...,
        [-0.41805961, -0.38930777, -0.32397981, ...,  0.        ,
         -0.20715752, -0.21581689],
        [-0.59717684, -0.57167714, -0.51293618, ...,  0.20715752,
          0.        , -0.00885969],
        [-0.60425984, -0.57892389, -0.52052144, ...,  0.21581689,
          0.00885969,  0.        ]]]), 'num': array([ 9.82037418e-01,  1.88633000e-01,  1.17715789e-04,  1.22666113e-04,
        1.28672020e-04,  1.20118152e-04,  4.46963284e-03, -5.27791880e-06,
        1.26306057e-04,  1.15531823e-04,  8.70416775e-05,  1.31622975e-06,
        1.35461505e-04,  9.56021403e-05])}
{'img': array([[[ 0.        , -0.1844434 ,  0.01284865, ...,  0.1844434 ,
          0.39619038,  0.69698982],
        [ 0.1844434 ,  0.        ,  0.19705638, ...,  0.        ,
          0.2200429 ,  0.5527708 ],
        [-0.01284865, -0.19705638,  0.        , ...,  0.19705638,
          0.4079549 ,  0.70614581],
        ...,
        [-0.1844434 , -0.        , -0.19705638, ...,  0.        ,
         -0.2200429 , -0.5527708 ],
        [-0.39619038, -0.2200429 , -0.4079549 , ...,  0.2200429 ,
          0.        , -0.35585341],
        [-0.69698982, -0.5527708 , -0.70614581, ...,  0.5527708 ,
          0.35585341,  0.        ]],

       [[ 0.        , -0.03687941,  0.02419253, ...,  0.59823733,
          0.39853849,  0.73656051],
