state_0,state_1,state_2,state_3,state_4,state_5,state_6,state_7,state_8,state_9,state_10,state_11,state_12,state_13,state_14,state_15,state_16,state_17,state_18,state_19,state_20,state_21,state_22,state_23,state_24,state_25,state_26,state_27,state_28,state_29,state_30,state_31,state_32,state_33,state_34,state_35,state_36,state_37,state_38,state_39,state_40,state_41,state_42,state_43,state_44,state_45,state_46,state_47,state_48,state_49,state_50,state_51,state_52,state_53,state_54,state_55,state_56,state_57,state_58,state_59,state_60,state_61,state_62,state_63,state_64,state_65,state_66,state_67,state_68,state_69,state_70,state_71,state_72,state_73,state_74,state_75,state_76,state_77,state_78,state_79,state_80,state_81,state_82,state_83,state_84,state_85,state_86,state_87,state_88,state_89,state_90,state_91,state_92,state_93,state_94,state_95,state_96,state_97,state_98,state_99,state_100,state_101,state_102,state_103,state_104,state_105,state_106,state_107,state_108,state_109,state_110,state_111,state_112,state_113,state_114,state_115,state_116,state_117,state_118,state_119,state_120,state_121,state_122,state_123,state_124,state_125,state_126,state_127,state_128,state_129,state_130,state_131,state_132,state_133,state_134,state_135,state_136,state_137,state_138,state_139,state_140,state_141,state_142,state_143,state_144,state_145,state_146,state_147,state_148,state_149,state_150,state_151,state_152,state_153,state_154,state_155,state_156,state_157,state_158,state_159,state_160,state_161,state_162,state_163,state_164,state_165,state_166,state_167,state_168,state_169,state_170,state_171,state_172,state_173,state_174,state_175,state_176,state_177,state_178,state_179,state_180,state_181,state_182,state_183,state_184,state_185,state_186,state_187,state_188,state_189,state_190,state_191,state_192,state_193,state_194,state_195,state_196,state_197,state_198,state_199,state_200,state_201,state_202,state_203,state_204,state_205,state_206,state_207,state_208,state_209,state_210,state_211,state_212,state_213,state_214,state_215,state_216,state_217,state_218,state_219,state_220,state_221,state_222,state_223,state_224,state_225,state_226,state_227,state_228,state_229,state_230,state_231,state_232,state_233,state_234,state_235,state_236,state_237,state_238,state_239,state_240,state_241,state_242,state_243,state_244,state_245,state_246,state_247,state_248,state_249,state_250,state_251,state_252,state_253,state_254,state_255,state_256,state_257,state_258,state_259,state_260,state_261,state_262,state_263,state_264,state_265,state_266,state_267,state_268,state_269,state_270,state_271,state_272,state_273,state_274,state_275,state_276,state_277,state_278,state_279,state_280,state_281,state_282,state_283,state_284,state_285,state_286,state_287
{'img': array([[[ 0.        ,  0.3369558 , -0.23448897, ..., -0.98672603,
         -0.95876441, -0.88879096],
        [-0.3369558 ,  0.        , -0.54833722, ..., -0.87430323,
         -0.80693279, -0.68238373],
        [ 0.23448897,  0.54833722,  0.        , ..., -0.99729446,
         -0.99867514, -0.97147968],
        ...,
        [ 0.98672603,  0.87430323,  0.99729446, ...,  0.        ,
         -0.12473219, -0.30789506],
        [ 0.95876441,  0.80693279,  0.99867514, ...,  0.12473219,
          0.        , -0.18681779],
        [ 0.88879096,  0.68238373,  0.97147968, ...,  0.30789506,
          0.18681779,  0.        ]],

       [[ 0.        , -0.01190939, -0.33240851, ..., -0.5139092 ,
         -0.58248035, -0.54900052],
        [ 0.01190939,  0.        , -0.32115276, ..., -0.50365635,
         -0.57275855, -0.53900746],
        [ 0.33240851,  0.32115276,  0.        , ..., -0.19953118,
         -0.27916138, -0.23994754],
        ...,
        [ 0.5139092 ,  0.50365635,  0.19953118, ...,  0.        ,
         -0.0819492 , -0.0414205 ],
        [ 0.58248035,  0.57275855,  0.27916138, ...,  0.0819492 ,
          0.        ,  0.04059768],
        [ 0.54900052,  0.53900746,  0.23994754, ...,  0.0414205 ,
         -0.04059768,  0.        ]],

       [[ 0.        ,  0.31273171,  0.58809324, ..., -0.90921215,
         -0.94372113, -0.98731519],
        [-0.31273171,  0.        ,  0.3056601 , ..., -0.993808  ,
         -0.99981908, -0.98744615],
        [-0.58809324, -0.3056601 ,  0.        , ..., -0.98020724,
         -0.95778245, -0.8919068 ],
        ...,
        [ 0.90921215,  0.993808  ,  0.98020724, ...,  0.        ,
         -0.0921875 , -0.26669411],
        [ 0.94372113,  0.99981908,  0.95778245, ...,  0.0921875 ,
          0.        , -0.17670986],
        [ 0.98731519,  0.98744615,  0.8919068 , ...,  0.26669411,
          0.17670986,  0.        ]],

       ...,

       [[ 0.        , -0.56829235, -0.89905692, ..., -0.84680981,
         -0.91781695, -0.97065419],
        [ 0.56829235,  0.        , -0.4909516 , ..., -0.39450541,
         -0.52959005, -0.66201746],
        [ 0.89905692,  0.4909516 ,  0.        , ...,  0.10744437,
         -0.04492036, -0.20877836],
        ...,
        [ 0.84680981,  0.39450541, -0.10744437, ...,  0.        ,
         -0.15199624, -0.31264639],
        [ 0.91781695,  0.52959005,  0.04492036, ...,  0.15199624,
          0.        , -0.16463716],
        [ 0.97065419,  0.66201746,  0.20877836, ...,  0.31264639,
          0.16463716,  0.        ]],

       [[ 0.        ,  0.13359586,  0.17868274, ..., -0.99357959,
         -0.98659309, -0.97528463],
        [-0.13359586,  0.        ,  0.04563514, ..., -0.96955862,
         -0.95594639, -0.93702377],
        [-0.17868274, -0.04563514,  0.        , ..., -0.95737432,
         -0.94155467, -0.92010877],
        ...,
        [ 0.99357959,  0.96955862,  0.95737432, ...,  0.        ,
         -0.05053312, -0.10919448],
        [ 0.98659309,  0.95594639,  0.94155467, ...,  0.05053312,
          0.        , -0.05882402],
        [ 0.97528463,  0.93702377,  0.92010877, ...,  0.10919448,
          0.05882402,  0.        ]],

       [[ 0.        , -0.11350958, -0.15001256, ..., -0.71723664,
         -0.70943716, -0.64502623],
        [ 0.11350958,  0.        , -0.03681789, ..., -0.79169792,
         -0.78485   , -0.72759689],
        [ 0.15001256,  0.03681789,  0.        , ..., -0.81365366,
         -0.80713339, -0.75236083],
        ...,
        [ 0.71723664,  0.79169792,  0.81365366, ...,  0.        ,
         -0.01112906, -0.09861044],
        [ 0.70943716,  0.78485   ,  0.80713339, ...,  0.01112906,
          0.        , -0.08752952],
        [ 0.64502623,  0.72759689,  0.75236083, ...,  0.09861044,
          0.08752952,  0.        ]]]), 'num': array([7.08491132e-01, 6.94754360e-01, 4.48914122e-07, 1.52630802e-03,
       1.55623562e-03, 1.51383818e-03, 1.23845680e-01, 2.24457061e-05,
       1.53229354e-03, 1.52842789e-03, 1.59007045e-03, 2.71020729e-06,
       1.61277083e-03, 1.44408495e-03])}
{'img': array([[[ 0.00000000e+00, -5.48337224e-01, -7.70510835e-01, ...,
         -8.06932786e-01, -6.82383726e-01, -7.80038924e-01],
        [ 5.48337224e-01,  0.00000000e+00, -2.94820421e-01, ...,
         -9.98675135e-01, -9.71479683e-01, -9.95424849e-01],
        [ 7.70510835e-01,  2.94820421e-01,  0.00000000e+00, ...,
         -9.69457708e-01, -9.98208658e-01, -9.79350304e-01],
        ...,
        [ 8.06932786e-01,  9.98675135e-01,  9.69457708e-01, ...,
          0.00000000e+00, -1.86817789e-01, -4.41981101e-02],
        [ 6.82383726e-01,  9.71479683e-01,  9.98208658e-01, ...,
          1.86817789e-01,  0.00000000e+00,  1.43215244e-01],
        [ 7.80038924e-01,  9.95424849e-01,  9.79350304e-01, ...,
          4.41981101e-02, -1.43215244e-01,  0.00000000e+00]],

       [[ 0.00000000e+00, -3.21152765e-01, -2.01180349e-01, ...,
         -5.72758555e-01, -5.39007460e-01, -3.31747222e-01],
        [ 3.21152765e-01,  0.00000000e+00,  1.24063242e-01, ...,
         -2.79161378e-01, -2.39947543e-01, -1.12083673e-02],
        [ 2.01180349e-01, -1.24063242e-01,  0.00000000e+00, ...,
         -3.96135673e-01, -3.58532623e-01, -1.35177224e-01],
        ...,
        [ 5.72758555e-01,  2.79161378e-01,  3.96135673e-01, ...,
          0.00000000e+00,  4.05976809e-02,  2.68381073e-01],
        [ 5.39007460e-01,  2.39947543e-01,  3.58532623e-01, ...,
         -4.05976809e-02,  0.00000000e+00,  2.29051546e-01],
        [ 3.31747222e-01,  1.12083673e-02,  1.35177224e-01, ...,
         -2.68381073e-01, -2.29051546e-01,  0.00000000e+00]],

       [[ 0.00000000e+00,  3.05660102e-01,  5.47867537e-01, ...,
         -9.99819081e-01, -9.87446146e-01, -9.70261847e-01],
        [-3.05660102e-01,  0.00000000e+00,  2.65942405e-01, ...,
         -9.57782452e-01, -8.91906802e-01, -8.49838397e-01],
        [-5.47867537e-01, -2.65942405e-01,  0.00000000e+00, ...,
         -8.46834838e-01, -7.39523997e-01, -6.79071621e-01],
        ...,
        [ 9.99819081e-01,  9.57782452e-01,  8.46834838e-01, ...,
          0.00000000e+00, -1.76709856e-01, -2.60469476e-01],
        [ 9.87446146e-01,  8.91906802e-01,  7.39523997e-01, ...,
          1.76709856e-01,  0.00000000e+00, -8.57602640e-02],
        [ 9.70261847e-01,  8.49838397e-01,  6.79071621e-01, ...,
          2.60469476e-01,  8.57602640e-02,  0.00000000e+00]],

       ...,

       [[ 0.00000000e+00, -8.16330762e-01, -8.88237186e-01, ...,
         -8.46248482e-01, -9.32546255e-01, -8.09559550e-01],
        [ 8.16330762e-01,  0.00000000e+00, -1.38021994e-01, ...,
         -5.38485953e-02, -2.43887799e-01,  1.16277725e-02],
        [ 8.88237186e-01,  1.38021994e-01,  0.00000000e+00, ...,
          8.44885202e-02, -1.07699382e-01,  1.49529148e-01],
        ...,
        [ 8.46248482e-01,  5.38485953e-02, -8.44885202e-02, ...,
          0.00000000e+00, -1.91311391e-01,  6.54558568e-02],
        [ 9.32546255e-01,  2.43887799e-01,  1.07699382e-01, ...,
          1.91311391e-01,  0.00000000e+00,  2.55147965e-01],
        [ 8.09559550e-01, -1.16277725e-02, -1.49529148e-01, ...,
         -6.54558568e-02, -2.55147965e-01,  0.00000000e+00]],

       [[ 0.00000000e+00,  4.56351436e-02,  4.76291371e-02, ...,
         -9.55946395e-01, -9.37023770e-01, -9.12404217e-01],
        [-4.56351436e-02,  0.00000000e+00,  1.99616413e-03, ...,
         -9.41554666e-01, -9.20108769e-01, -8.92775630e-01],
        [-4.76291371e-02, -1.99616413e-03,  0.00000000e+00, ...,
         -9.40880362e-01, -9.19325112e-01, -8.91874576e-01],
        ...,
        [ 9.55946395e-01,  9.41554666e-01,  9.40880362e-01, ...,
          0.00000000e+00, -5.88240160e-02, -1.23431267e-01],
        [ 9.37023770e-01,  9.20108769e-01,  9.19325112e-01, ...,
          5.88240160e-02,  0.00000000e+00, -6.48433338e-02],
        [ 9.12404217e-01,  8.92775630e-01,  8.91874576e-01, ...,
          1.23431267e-01,  6.48433338e-02,  0.00000000e+00]],

       [[ 0.00000000e+00, -3.68178950e-02, -3.72364992e-02, ...,
         -7.84850003e-01, -7.27596891e-01, -7.09499641e-01],
        [ 3.68178950e-02,  0.00000000e+00, -4.18891436e-04, ...,
         -8.07133394e-01, -7.52360832e-01, -7.34964378e-01],
        [ 3.72364992e-02,  4.18891436e-04,  0.00000000e+00, ...,
         -8.07380624e-01, -7.52636711e-01, -7.35248367e-01],
        ...,
        [ 7.84850003e-01,  8.07133394e-01,  8.07380624e-01, ...,
          0.00000000e+00, -8.75295201e-02, -1.13421503e-01],
        [ 7.27596891e-01,  7.52360832e-01,  7.52636711e-01, ...,
          8.75295201e-02,  0.00000000e+00, -2.60214947e-02],
        [ 7.09499641e-01,  7.34964378e-01,  7.35248367e-01, ...,
          1.13421503e-01,  2.60214947e-02,  0.00000000e+00]]]), 'num': array([8.74175769e-01, 4.85014509e-01, 1.26556501e-05, 3.00047217e-04,
       3.01510862e-04, 2.95656282e-04, 2.40193213e-02, 1.46364496e-06,
       2.99461759e-04, 2.98778724e-04, 3.09951214e-04, 5.95276986e-07,
       3.15098785e-04, 2.82458664e-04])}
{'img': array([[[ 0.00000000e+00, -6.21468072e-01, -4.64924525e-01, ...,
         -7.07207179e-01, -8.05675837e-01, -8.32423401e-01],
        [ 6.21468072e-01,  0.00000000e+00,  1.85976723e-01, ...,
         -9.93435917e-01, -9.99329036e-01, -9.96533762e-01],
        [ 4.64924525e-01, -1.85976723e-01,  0.00000000e+00, ...,
         -9.54830701e-01, -9.88706510e-01, -9.94619659e-01],
        ...,
        [ 7.07207179e-01,  9.93435917e-01,  9.54830701e-01, ...,
          0.00000000e+00,  1.50699046e-01,  1.96636771e-01],
        [ 8.05675837e-01,  9.99329036e-01,  9.88706510e-01, ...,
         -1.50699046e-01,  0.00000000e+00,  4.66342580e-02],
        [ 8.32423401e-01,  9.96533762e-01,  9.94619659e-01, ...,
         -1.96636771e-01, -4.66342580e-02,  0.00000000e+00]],

       [[ 0.00000000e+00,  1.24063242e-01,  2.99792619e-01, ...,
         -2.39947543e-01, -1.12083673e-02, -1.78840869e-02],
        [-1.24063242e-01,  0.00000000e+00,  1.79119637e-01, ...,
         -3.58532623e-01, -1.35177224e-01, -1.41789320e-01],
        [-2.99792619e-01, -1.79119637e-01,  0.00000000e+00, ...,
         -5.19945445e-01, -3.10466619e-01, -3.16806170e-01],
        ...,
        [ 2.39947543e-01,  3.58532623e-01,  5.19945445e-01, ...,
          0.00000000e+00,  2.29051546e-01,  2.22547549e-01],
        [ 1.12083673e-02,  1.35177224e-01,  3.10466619e-01, ...,
         -2.29051546e-01,  0.00000000e+00, -6.67638878e-03],
        [ 1.78840869e-02,  1.41789320e-01,  3.16806170e-01, ...,
         -2.22547549e-01,  6.67638878e-03,  0.00000000e+00]],

       [[ 0.00000000e+00,  2.65942405e-01, -2.96541816e-02, ...,
         -8.91906802e-01, -8.49838397e-01, -8.43280887e-01],
        [-2.65942405e-01,  0.00000000e+00, -2.94411751e-01, ...,
         -7.39523997e-01, -6.79071621e-01, -6.69976539e-01],
        [ 2.96541816e-02,  2.94411751e-01,  0.00000000e+00, ...,
         -9.04924749e-01, -8.65093693e-01, -8.58848352e-01],
        ...,
        [ 8.91906802e-01,  7.39523997e-01,  9.04924749e-01, ...,
          0.00000000e+00, -8.57602640e-02, -9.80280669e-02],
        [ 8.49838397e-01,  6.79071621e-01,  8.65093693e-01, ...,
          8.57602640e-02,  0.00000000e+00, -1.23196995e-02],
        [ 8.43280887e-01,  6.69976539e-01,  8.58848352e-01, ...,
          9.80280669e-02,  1.23196995e-02,  0.00000000e+00]],

       ...,

       [[ 0.00000000e+00, -1.44938459e-01,  3.54875495e-01, ...,
         -2.54880668e-01,  1.23068903e-02,  4.85472897e-01],
        [ 1.44938459e-01,  0.00000000e+00,  4.86633180e-01, ...,
         -1.12037794e-01,  1.57104420e-01,  6.07059326e-01],
        [-3.54875495e-01, -4.86633180e-01,  0.00000000e+00, ...,
         -5.81446246e-01, -3.43342741e-01,  1.43624687e-01],
        ...,
        [ 2.54880668e-01,  1.12037794e-01,  5.81446246e-01, ...,
          0.00000000e+00,  2.66761790e-01,  6.92268810e-01],
        [-1.23068903e-02, -1.57104420e-01,  3.43342741e-01, ...,
         -2.66761790e-01,  0.00000000e+00,  4.74676810e-01],
        [-4.85472897e-01, -6.07059326e-01, -1.43624687e-01, ...,
         -6.92268810e-01, -4.74676810e-01,  0.00000000e+00]],

       [[ 0.00000000e+00,  1.99616413e-03,  4.54847337e-02, ...,
         -9.20108769e-01, -8.92775630e-01, -8.26440930e-01],
        [-1.99616413e-03,  0.00000000e+00,  4.34905449e-02, ...,
         -9.19325112e-01, -8.91874576e-01, -8.25315396e-01],
        [-4.54847337e-02, -4.34905449e-02,  0.00000000e+00, ...,
         -9.01341803e-01, -8.71360693e-01, -7.99976621e-01],
        ...,
        [ 9.20108769e-01,  9.19325112e-01,  9.01341803e-01, ...,
          0.00000000e+00, -6.48433338e-02, -1.94356522e-01],
        [ 8.92775630e-01,  8.91874576e-01,  8.71360693e-01, ...,
          6.48433338e-02,  0.00000000e+00, -1.30340656e-01],
        [ 8.26440930e-01,  8.25315396e-01,  7.99976621e-01, ...,
          1.94356522e-01,  1.30340656e-01,  0.00000000e+00]],

       [[ 0.00000000e+00, -4.18891436e-04,  1.82444368e-02, ...,
         -7.52360832e-01, -7.34964378e-01, -7.29093356e-01],
        [ 4.18891436e-04,  0.00000000e+00,  1.86632569e-02, ...,
         -7.52636711e-01, -7.35248367e-01, -7.29379988e-01],
        [-1.82444368e-02, -1.86632569e-02,  0.00000000e+00, ...,
         -7.40217061e-01, -7.22470391e-01, -7.16485251e-01],
        ...,
        [ 7.52360832e-01,  7.52636711e-01,  7.40217061e-01, ...,
          0.00000000e+00, -2.60214947e-02, -3.46353382e-02],
        [ 7.34964378e-01,  7.35248367e-01,  7.22470391e-01, ...,
          2.60214947e-02,  0.00000000e+00, -8.61772793e-03],
        [ 7.29093356e-01,  7.29379988e-01,  7.16485251e-01, ...,
          3.46353382e-02,  8.61772793e-03,  0.00000000e+00]]]), 'num': array([ 7.65789099e-01,  6.42754976e-01,  4.07397758e-06,  2.59019206e-04,
        2.63736443e-04,  2.59019206e-04,  2.07976984e-02, -4.71723719e-06,
        2.61506476e-04,  2.62407040e-04,  2.71491295e-04,  4.71194288e-07,
        2.76832638e-04,  2.47981442e-04])}
{'img': array([[[ 0.        ,  0.20296046,  0.59130009, ..., -0.99998647,
         -0.99863602, -0.99165693],
        [-0.20296046,  0.        ,  0.41531553, ..., -0.98022952,
         -0.98844832, -0.94485487],
        [-0.59130009, -0.41531553,  0.        , ..., -0.80951676,
         -0.83622461, -0.72350172],
        ...,
        [ 0.99998647,  0.98022952,  0.80951676, ...,  0.        ,
          0.04701623, -0.13406217],
        [ 0.99863602,  0.98844832,  0.83622461, ..., -0.04701623,
          0.        , -0.18050572],
        [ 0.99165693,  0.94485487,  0.72350172, ...,  0.13406217,
          0.18050572,  0.        ]],

       [[ 0.        ,  0.17911964, -0.00470175, ..., -0.13517722,
         -0.14178932, -0.15332751],
        [-0.17911964,  0.        , -0.18374337, ..., -0.31046662,
         -0.31680617, -0.32784942],
        [ 0.00470175,  0.18374337,  0.        , ..., -0.13051713,
         -0.1371335 , -0.14867966],
        ...,
        [ 0.13517722,  0.31046662,  0.13051713, ...,  0.        ,
         -0.00667639, -0.01834137],
        [ 0.14178932,  0.31680617,  0.1371335 , ...,  0.00667639,
          0.        , -0.0116657 ],
        [ 0.15332751,  0.32784942,  0.14867966, ...,  0.01834137,
          0.0116657 ,  0.        ]],

       [[ 0.        , -0.29441175, -0.37946094, ..., -0.67907162,
         -0.66997654, -0.60294344],
        [ 0.29441175,  0.        , -0.09025069, ..., -0.86509369,
         -0.85884835, -0.81109715],
        [ 0.37946094,  0.09025069,  0.        , ..., -0.90683399,
         -0.90157257, -0.86057579],
        ...,
        [ 0.67907162,  0.86509369,  0.90683399, ...,  0.        ,
         -0.0123197 , -0.09914852],
        [ 0.66997654,  0.85884835,  0.90157257, ...,  0.0123197 ,
          0.        , -0.086882  ],
        [ 0.60294344,  0.81109715,  0.86057579, ...,  0.09914852,
          0.086882  ,  0.        ]],

       ...,

       [[ 0.        ,  0.48663318,  0.57964371, ...,  0.15710442,
          0.60705933,  0.19132963],
        [-0.48663318,  0.        ,  0.10983767, ..., -0.34334274,
          0.14362469, -0.31049625],
        [-0.57964371, -0.10983767,  0.        , ..., -0.44442601,
          0.0340568 , -0.4130265 ],
        ...,
        [-0.15710442,  0.34334274,  0.44442601, ...,  0.        ,
          0.47467681,  0.03475165],
        [-0.60705933, -0.14362469, -0.0340568 , ..., -0.47467681,
          0.        , -0.44380308],
        [-0.19132963,  0.31049625,  0.4130265 , ..., -0.03475165,
          0.44380308,  0.        ]],

       [[ 0.        ,  0.04343335,  0.10482616, ..., -0.90235271,
         -0.86169326, -0.80923927],
        [-0.04343335,  0.        ,  0.06153318, ..., -0.88278148,
         -0.83884073, -0.78295942],
        [-0.10482616, -0.06153318,  0.        , ..., -0.85220134,
         -0.80375392, -0.74319763],
        ...,
        [ 0.90235271,  0.88278148,  0.85220134, ...,  0.        ,
         -0.08649203, -0.18133264],
        [ 0.86169326,  0.83884073,  0.80375392, ...,  0.08649203,
          0.        , -0.09559495],
        [ 0.80923927,  0.78295942,  0.74319763, ...,  0.18133264,
          0.09559495,  0.        ]],

       [[ 0.        ,  0.01866326,  0.06742449, ..., -0.73524837,
         -0.72937999, -0.66268639],
        [-0.01866326,  0.        ,  0.04879196, ..., -0.72247039,
         -0.71648525, -0.64859411],
        [-0.06742449, -0.04879196,  0.        , ..., -0.68787505,
         -0.68159451, -0.61068437],
        ...,
        [ 0.73524837,  0.72247039,  0.68787505, ...,  0.        ,
         -0.00861773, -0.10145794],
        [ 0.72937999,  0.71648525,  0.68159451, ...,  0.00861773,
          0.        , -0.09288092],
        [ 0.66268639,  0.64859411,  0.61068437, ...,  0.10145794,
          0.09288092,  0.        ]]]), 'num': array([ 7.46330527e-01,  6.64745341e-01,  2.74697595e-06,  2.48735322e-04,
        2.52085293e-04,  2.47479083e-04,  3.32243475e-02, -4.18746334e-06,
        2.53592780e-04,  2.56021509e-04,  2.64221958e-04,  3.80177593e-07,
        2.70419077e-04,  2.41623940e-04])}
{'img': array([[[ 0.00000000e+00,  4.15315534e-01, -1.58664920e-01, ...,
         -9.88448322e-01, -9.44854866e-01, -8.61796764e-01],
        [-4.15315534e-01,  0.00000000e+00, -5.54388414e-01, ...,
         -8.36224606e-01, -7.23501717e-01, -5.73286707e-01],
        [ 1.58664920e-01,  5.54388414e-01,  0.00000000e+00, ...,
         -9.99974125e-01, -9.84846980e-01, -9.31363315e-01],
        ...,
        [ 9.88448322e-01,  8.36224606e-01,  9.99974125e-01, ...,
          0.00000000e+00, -1.80505722e-01, -3.70781645e-01],
        [ 9.44854866e-01,  7.23501717e-01,  9.84846980e-01, ...,
          1.80505722e-01,  0.00000000e+00, -1.97051874e-01],
        [ 8.61796764e-01,  5.73286707e-01,  9.31363315e-01, ...,
          3.70781645e-01,  1.97051874e-01,  0.00000000e+00]],

       [[ 0.00000000e+00, -1.83743370e-01, -5.10941610e-01, ...,
         -3.16806170e-01, -3.27849415e-01,  5.28144397e-02],
        [ 1.83743370e-01,  0.00000000e+00, -3.44293811e-01, ...,
         -1.37133502e-01, -1.48679659e-01,  2.35402162e-01],
        [ 5.10941610e-01,  3.44293811e-01,  0.00000000e+00, ...,
          2.12291692e-01,  2.00877451e-01,  5.55628618e-01],
        ...,
        [ 3.16806170e-01,  1.37133502e-01, -2.12291692e-01, ...,
          0.00000000e+00, -1.16656993e-02,  3.66458001e-01],
        [ 3.27849415e-01,  1.48679659e-01, -2.00877451e-01, ...,
          1.16656993e-02,  0.00000000e+00,  3.77287235e-01],
        [-5.28144397e-02, -2.35402162e-01, -5.55628618e-01, ...,
         -3.66458001e-01, -3.77287235e-01,  0.00000000e+00]],

       [[ 0.00000000e+00, -2.47693175e-01, -4.62372935e-01, ...,
         -6.76389732e-01, -6.08959738e-01, -5.22415243e-01],
        [ 2.47693175e-01,  0.00000000e+00, -2.28338754e-01, ...,
         -8.37749331e-01, -7.86454162e-01, -7.17341810e-01],
        [ 4.62372935e-01,  2.28338754e-01,  0.00000000e+00, ...,
         -9.40302972e-01, -9.06710538e-01, -8.57479390e-01],
        ...,
        [ 6.76389732e-01,  8.37749331e-01,  9.40302972e-01, ...,
          0.00000000e+00, -8.79875159e-02, -1.91969819e-01],
        [ 6.08959738e-01,  7.86454162e-01,  9.06710538e-01, ...,
          8.79875159e-02,  0.00000000e+00, -1.04874258e-01],
        [ 5.22415243e-01,  7.17341810e-01,  8.57479390e-01, ...,
          1.91969819e-01,  1.04874258e-01,  0.00000000e+00]],

       ...,

       [[ 0.00000000e+00,  1.09837667e-01, -1.40203861e-01, ...,
          1.43624687e-01, -3.10496253e-01, -7.14191669e-01],
        [-1.09837667e-01,  0.00000000e+00, -2.48108326e-01, ...,
          3.40567967e-02, -4.13026504e-01, -7.86751376e-01],
        [ 1.40203861e-01,  2.48108326e-01,  0.00000000e+00, ...,
          2.80956316e-01, -1.74155146e-01, -6.09001636e-01],
        ...,
        [-1.43624687e-01, -3.40567967e-02, -2.80956316e-01, ...,
          0.00000000e+00, -4.43803079e-01, -8.07317220e-01],
        [ 3.10496253e-01,  4.13026504e-01,  1.74155146e-01, ...,
          4.43803079e-01,  0.00000000e+00, -4.61560553e-01],
        [ 7.14191669e-01,  7.86751376e-01,  6.09001636e-01, ...,
          8.07317220e-01,  4.61560553e-01,  0.00000000e+00]],

       [[ 0.00000000e+00,  6.15331810e-02,  6.05841846e-02, ...,
         -8.38840732e-01, -7.82959422e-01, -8.32731857e-01],
        [-6.15331810e-02,  0.00000000e+00, -9.50770175e-04, ...,
         -8.03753918e-01, -7.43197627e-01, -7.97084386e-01],
        [-6.05841846e-02,  9.50770175e-04,  0.00000000e+00, ...,
         -8.04319227e-01, -7.43833425e-01, -7.97658165e-01],
        ...,
        [ 8.38840732e-01,  8.03753918e-01,  8.04319227e-01, ...,
          0.00000000e+00, -9.55949506e-02, -1.11263925e-02],
        [ 7.82959422e-01,  7.43197627e-01,  7.43833425e-01, ...,
          9.55949506e-02,  0.00000000e+00,  8.45135961e-02],
        [ 8.32731857e-01,  7.97084386e-01,  7.97658165e-01, ...,
          1.11263925e-02, -8.45135961e-02,  0.00000000e+00]],

       [[ 0.00000000e+00,  4.85176677e-02,  3.73340738e-01, ...,
         -7.67792733e-01, -7.28230040e-01, -5.43882654e-01],
        [-4.85176677e-02,  0.00000000e+00,  3.27891501e-01, ...,
         -7.35803335e-01, -6.94121674e-01, -5.02527988e-01],
        [-3.73340738e-01, -3.27891501e-01,  0.00000000e+00, ...,
         -4.73078155e-01, -4.19712206e-01, -1.91263739e-01],
        ...,
        [ 7.67792733e-01,  7.35803335e-01,  4.73078155e-01, ...,
          0.00000000e+00, -5.96177692e-02, -2.95837240e-01],
        [ 7.28230040e-01,  6.94121674e-01,  4.19712206e-01, ...,
          5.96177692e-02,  0.00000000e+00, -2.38361848e-01],
        [ 5.43882654e-01,  5.02527988e-01,  1.91263739e-01, ...,
          2.95837240e-01,  2.38361848e-01,  0.00000000e+00]]]), 'num': array([ 8.07398496e-01,  5.87965134e-01,  7.65910514e-06,  2.62166502e-04,
        2.69944566e-04,  2.61708969e-04,  4.90312943e-02, -9.60819642e-06,
        2.74336884e-04,  2.79003723e-04,  2.87513839e-04,  3.71409273e-07,
        2.96477896e-04,  2.61529549e-04])}
{'img': array([[[ 0.00000000e+00, -5.43350150e-01, -6.57921610e-01, ...,
         -7.86740443e-01, -6.71791005e-01, -0.00000000e+00],
        [ 5.43350150e-01,  0.00000000e+00, -1.43139633e-01, ...,
         -9.95874785e-01, -9.66454289e-01, -5.43350150e-01],
        [ 6.57921610e-01,  1.43139633e-01,  0.00000000e+00, ...,
         -9.98607994e-01, -9.93266024e-01, -6.57921610e-01],
        ...,
        [ 7.86740443e-01,  9.95874785e-01,  9.98607994e-01, ...,
          0.00000000e+00, -1.68084893e-01, -7.86740443e-01],
        [ 6.71791005e-01,  9.66454289e-01,  9.93266024e-01, ...,
          1.68084893e-01,  0.00000000e+00, -6.71791005e-01],
        [ 0.00000000e+00,  5.43350150e-01,  6.57921610e-01, ...,
          7.86740443e-01,  6.71791005e-01,  0.00000000e+00]],

       [[ 0.00000000e+00, -3.44293811e-01, -3.14199691e-01, ...,
         -1.48679659e-01,  2.35402162e-01,  4.86002741e-01],
        [ 3.44293811e-01,  0.00000000e+00,  3.18675746e-02, ...,
          2.00877451e-01,  5.55628618e-01,  7.57187568e-01],
        [ 3.14199691e-01, -3.18675746e-02,  0.00000000e+00, ...,
          1.69557428e-01,  5.28850738e-01,  7.35987172e-01],
        ...,
        [ 1.48679659e-01, -2.00877451e-01, -1.69557428e-01, ...,
          0.00000000e+00,  3.77287235e-01,  6.10540693e-01],
        [-2.35402162e-01, -5.55628618e-01, -5.28850738e-01, ...,
         -3.77287235e-01,  0.00000000e+00,  2.66613683e-01],
        [-4.86002741e-01, -7.57187568e-01, -7.35987172e-01, ...,
         -6.10540693e-01, -2.66613683e-01,  0.00000000e+00]],

       [[ 0.00000000e+00, -3.99927533e-01, -5.21522696e-01, ...,
         -6.13199530e-01, -5.26201824e-01, -3.50158009e-01],
        [ 3.99927533e-01,  0.00000000e+00, -1.36766805e-01, ...,
         -8.77940024e-01, -8.22370841e-01, -6.95544569e-01],
        [ 5.21522696e-01,  1.36766805e-01,  0.00000000e+00, ...,
         -9.35170189e-01, -8.92456971e-01, -7.87273344e-01],
        ...,
        [ 6.13199530e-01,  8.77940024e-01,  9.35170189e-01, ...,
          0.00000000e+00, -1.05778591e-01, -2.97778630e-01],
        [ 5.26201824e-01,  8.22370841e-01,  8.92456971e-01, ...,
          1.05778591e-01,  0.00000000e+00, -1.95128064e-01],
        [ 3.50158009e-01,  6.95544569e-01,  7.87273344e-01, ...,
          2.97778630e-01,  1.95128064e-01,  0.00000000e+00]],

       ...,

       [[ 0.00000000e+00, -2.48108326e-01,  3.86348255e-02, ...,
         -4.13026504e-01, -7.86751376e-01, -9.00571101e-01],
        [ 2.48108326e-01,  0.00000000e+00,  2.85349890e-01, ...,
         -1.74155146e-01, -6.09001636e-01, -7.64557450e-01],
        [-3.86348255e-02, -2.85349890e-01,  0.00000000e+00, ...,
         -4.47903607e-01, -8.10012104e-01, -9.16693628e-01],
        ...,
        [ 4.13026504e-01,  1.74155146e-01,  4.47903607e-01, ...,
          0.00000000e+00, -4.61560553e-01, -6.40620984e-01],
        [ 7.86751376e-01,  6.09001636e-01,  8.10012104e-01, ...,
          4.61560553e-01,  0.00000000e+00, -2.13887835e-01],
        [ 9.00571101e-01,  7.64557450e-01,  9.16693628e-01, ...,
          6.40620984e-01,  2.13887835e-01,  0.00000000e+00]],

       [[ 0.00000000e+00, -9.50770175e-04,  9.01973563e-03, ...,
         -7.43197627e-01, -7.97084386e-01, -8.94335513e-01],
        [ 9.50770175e-04,  0.00000000e+00,  9.97046305e-03, ...,
         -7.43833425e-01, -7.97658165e-01, -8.94760481e-01],
        [-9.01973563e-03, -9.97046305e-03,  0.00000000e+00, ...,
         -7.37132543e-01, -7.91605233e-01, -8.90263731e-01],
        ...,
        [ 7.43197627e-01,  7.43833425e-01,  7.37132543e-01, ...,
          0.00000000e+00,  8.45135961e-02,  2.65870496e-01],
        [ 7.97084386e-01,  7.97658165e-01,  7.91605233e-01, ...,
         -8.45135961e-02,  0.00000000e+00,  1.83447452e-01],
        [ 8.94335513e-01,  8.94760481e-01,  8.90263731e-01, ...,
         -2.65870496e-01, -1.83447452e-01,  0.00000000e+00]],

       [[ 0.00000000e+00,  3.18104336e-01,  4.88526477e-01, ...,
         -8.70296971e-01, -8.42021680e-01, -4.88526477e-01],
        [-3.18104336e-01,  0.00000000e+00,  1.85588674e-01, ...,
         -6.68414930e-01, -6.26684088e-01, -1.85588674e-01],
        [-4.88526477e-01, -1.85588674e-01,  0.00000000e+00, ...,
         -5.18764166e-01, -4.71172712e-01, -0.00000000e+00],
        ...,
        [ 8.70296971e-01,  6.68414930e-01,  5.18764166e-01, ...,
          0.00000000e+00, -5.47575050e-02, -5.18764166e-01],
        [ 8.42021680e-01,  6.26684088e-01,  4.71172712e-01, ...,
          5.47575050e-02,  0.00000000e+00, -4.71172712e-01],
        [ 4.88526477e-01,  1.85588674e-01,  0.00000000e+00, ...,
          5.18764166e-01,  4.71172712e-01,  0.00000000e+00]]]), 'num': array([ 7.97459555e-01,  6.02028984e-01,  7.02987665e-06,  2.53148408e-04,
        2.63165072e-04,  2.52237802e-04,  4.02340603e-02, -7.74014917e-06,
        2.67900222e-04,  2.76505446e-04,  2.84754017e-04,  3.13653103e-07,
        2.96916224e-04,  2.56094669e-04])}
{'img': array([[[ 0.        , -0.40194765, -0.42834672, ..., -0.84026968,
         -0.60637251, -0.        ],
        [ 0.40194765,  0.        , -0.02901539, ..., -0.98732698,
         -0.87485368, -0.40194765],
        [ 0.42834672,  0.02901539,  0.        , ..., -0.991516  ,
         -0.88854002, -0.42834672],
        ...,
        [ 0.84026968,  0.98732698,  0.991516  , ...,  0.        ,
         -0.33941007, -0.84026968],
        [ 0.60637251,  0.87485368,  0.88854002, ...,  0.33941007,
          0.        , -0.60637251],
        [ 0.        ,  0.40194765,  0.42834672, ...,  0.84026968,
          0.60637251,  0.        ]],

       [[ 0.        ,  0.03186757,  0.27750342, ...,  0.55562862,
          0.75718757,  0.62966284],
        [-0.03186757,  0.        ,  0.24674651, ...,  0.52885074,
          0.73598717,  0.60458612],
        [-0.27750342, -0.24674651,  0.        , ...,  0.30308128,
          0.54618422,  0.38934894],
        ...,
        [-0.55562862, -0.52885074, -0.30308128, ...,  0.        ,
          0.26661368,  0.09187056],
        [-0.75718757, -0.73598717, -0.54618422, ..., -0.26661368,
          0.        , -0.17694099],
        [-0.62966284, -0.60458612, -0.38934894, ..., -0.09187056,
          0.17694099,  0.        ]],

       [[ 0.        , -0.34894593, -0.39191836, ..., -0.65654631,
         -0.5425864 , -0.        ],
        [ 0.34894593,  0.        , -0.04625323, ..., -0.87848262,
         -0.80159555, -0.34894593],
        [ 0.39191836,  0.04625323,  0.        , ..., -0.89964103,
         -0.82839091, -0.39191836],
        ...,
        [ 0.65654631,  0.87848262,  0.89964103, ...,  0.        ,
         -0.14223373, -0.65654631],
        [ 0.5425864 ,  0.80159555,  0.82839091, ...,  0.14223373,
          0.        , -0.5425864 ],
        [ 0.        ,  0.34894593,  0.39191836, ...,  0.65654631,
          0.5425864 ,  0.        ]],

       ...,

       [[ 0.        ,  0.28534989,  0.04237963, ..., -0.60900164,
         -0.76455745, -0.91128592],
        [-0.28534989,  0.        , -0.2444759 , ..., -0.8100121 ,
         -0.91669363, -0.99089748],
        [-0.04237963,  0.2444759 ,  0.        , ..., -0.6420687 ,
         -0.79118658, -0.92791804],
        ...,
        [ 0.60900164,  0.8100121 ,  0.6420687 , ...,  0.        ,
         -0.21388783, -0.47203256],
        [ 0.76455745,  0.91669363,  0.79118658, ...,  0.21388783,
          0.        , -0.27254941],
        [ 0.91128592,  0.99089748,  0.92791804, ...,  0.47203256,
          0.27254941,  0.        ]],

       [[ 0.        ,  0.00997046, -0.00423738, ..., -0.79765817,
         -0.89476048, -0.95862431],
        [-0.00997046,  0.        , -0.01420755, ..., -0.79160523,
         -0.89026373, -0.95573833],
        [ 0.00423738,  0.01420755,  0.        , ..., -0.80020661,
         -0.89664464, -0.95982198],
        ...,
        [ 0.79765817,  0.79160523,  0.80020661, ...,  0.        ,
          0.18344745,  0.351083  ],
        [ 0.89476048,  0.89026373,  0.89664464, ..., -0.18344745,
          0.        ,  0.17335497],
        [ 0.95862431,  0.95573833,  0.95982198, ..., -0.351083  ,
         -0.17335497,  0.        ]],

       [[ 0.        ,  0.1770529 ,  0.09300457, ..., -0.81752318,
         -0.70996174, -0.1770529 ],
        [-0.1770529 ,  0.        , -0.08475027, ..., -0.70264341,
         -0.57405752, -0.        ],
        [-0.09300457,  0.08475027,  0.        , ..., -0.76041885,
         -0.64138698, -0.08475027],
        ...,
        [ 0.81752318,  0.70264341,  0.76041885, ...,  0.        ,
         -0.16686883, -0.70264341],
        [ 0.70996174,  0.57405752,  0.64138698, ...,  0.16686883,
          0.        , -0.57405752],
        [ 0.1770529 ,  0.        ,  0.08475027, ...,  0.70264341,
          0.57405752,  0.        ]]]), 'num': array([8.48322336e-01, 5.28412993e-01, 1.13846741e-05, 2.71109613e-04,
       2.74486423e-04, 2.70144810e-04, 3.35898346e-02, 2.89440868e-06,
       2.78731556e-04, 2.92118196e-04, 3.00415501e-04, 3.56557591e-07,
       3.15684827e-04, 2.68551564e-04])}
{'img': array([[[ 0.        , -0.15811076, -0.88176011, ..., -0.61801854,
         -0.        , -0.38111339],
        [ 0.15811076,  0.        , -0.79608824, ..., -0.73454563,
         -0.15811076, -0.52249738],
        [ 0.88176011,  0.79608824,  0.        , ..., -0.98472581,
         -0.88176011, -0.99498265],
        ...,
        [ 0.61801854,  0.73454563,  0.98472581, ...,  0.        ,
         -0.61801854, -0.27175818],
        [ 0.        ,  0.15811076,  0.88176011, ...,  0.61801854,
          0.        ,  0.38111339],
        [ 0.38111339,  0.52249738,  0.99498265, ...,  0.27175818,
         -0.38111339,  0.        ]],

       [[ 0.        ,  0.24674651,  0.9978531 , ...,  0.73598717,
          0.60458612,  0.43575245],
        [-0.24674651,  0.        ,  0.98315943, ...,  0.54618422,
          0.38934894,  0.20019073],
        [-0.9978531 , -0.98315943,  0.        , ..., -0.72374322,
         -0.83442517, -0.92667245],
        ...,
        [-0.73598717, -0.54618422,  0.72374322, ...,  0.        ,
         -0.17694099, -0.367435  ],
        [-0.60458612, -0.38934894,  0.83442517, ...,  0.17694099,
          0.        , -0.19707358],
        [-0.43575245, -0.20019073,  0.92667245, ...,  0.367435  ,
          0.19707358,  0.        ]],

       [[ 0.        , -0.18045015, -0.55311436, ..., -0.71239532,
         -0.51863927, -0.        ],
        [ 0.18045015,  0.        , -0.39370053, ..., -0.82733675,
         -0.664409  , -0.18045015],
        [ 0.55311436,  0.39370053,  0.        , ..., -0.98166405,
         -0.90499014, -0.55311436],
        ...,
        [ 0.71239532,  0.82733675,  0.98166405, ...,  0.        ,
         -0.2451233 , -0.71239532],
        [ 0.51863927,  0.664409  ,  0.90499014, ...,  0.2451233 ,
          0.        , -0.51863927],
        [ 0.        ,  0.18045015,  0.55311436, ...,  0.71239532,
          0.51863927,  0.        ]],

       ...,

       [[ 0.        , -0.2444759 , -0.64465448, ..., -0.91669363,
         -0.99089748, -0.96912543],
        [ 0.2444759 ,  0.        , -0.43819719, ..., -0.79118658,
         -0.92791804, -0.87943768],
        [ 0.64465448,  0.43819719,  0.        , ..., -0.44319052,
         -0.67073289, -0.58191993],
        ...,
        [ 0.91669363,  0.79118658,  0.44319052, ...,  0.        ,
         -0.27254941, -0.16122603],
        [ 0.99089748,  0.92791804,  0.67073289, ...,  0.27254941,
          0.        ,  0.11386148],
        [ 0.96912543,  0.87943768,  0.58191993, ...,  0.16122603,
         -0.11386148,  0.        ]],

       [[ 0.        , -0.01420755, -0.00169068, ..., -0.89026373,
         -0.95573833, -0.97449837],
        [ 0.01420755,  0.        ,  0.01251702, ..., -0.89664464,
         -0.95982198, -0.97758811],
        [ 0.00169068, -0.01251702,  0.        , ..., -0.89103247,
         -0.95623439, -0.97487636],
        ...,
        [ 0.89026373,  0.89664464,  0.89103247, ...,  0.        ,
          0.17335497,  0.24406043],
        [ 0.95573833,  0.95982198,  0.95623439, ..., -0.17335497,
          0.        ,  0.07225249],
        [ 0.97449837,  0.97758811,  0.97487636, ..., -0.24406043,
         -0.07225249,  0.        ]],

       [[ 0.        , -0.08242787, -0.42341208, ..., -0.69363005,
         -0.45261548, -0.        ],
        [ 0.08242787,  0.        , -0.34729674, ..., -0.75064504,
         -0.52457666, -0.08242787],
        [ 0.42341208,  0.34729674,  0.        , ..., -0.93338229,
         -0.78760021, -0.42341208],
        ...,
        [ 0.69363005,  0.75064504,  0.93338229, ...,  0.        ,
         -0.29248078, -0.69363005],
        [ 0.45261548,  0.52457666,  0.78760021, ...,  0.29248078,
          0.        , -0.45261548],
        [ 0.        ,  0.08242787,  0.42341208, ...,  0.69363005,
          0.45261548,  0.        ]]]), 'num': array([ 7.70228967e-01,  6.36820969e-01,  4.78164866e-06,  2.44785317e-04,
        2.44785317e-04,  2.38643750e-04,  3.47256048e-02, -1.75473345e-06,
        2.49435360e-04,  2.65162159e-04,  2.72042176e-04,  1.93704342e-07,
        2.87971121e-04,  2.42353197e-04])}
{'img': array([[[ 0.        , -0.87671365, -0.99871733, ..., -0.        ,
         -0.3822701 , -0.22358888],
        [ 0.87671365,  0.        , -0.43600511, ..., -0.87671365,
         -0.99400456, -0.96206745],
        [ 0.99871733,  0.43600511,  0.        , ..., -0.99871733,
         -0.94222083, -0.9847543 ],
        ...,
        [ 0.        ,  0.87671365,  0.99871733, ...,  0.        ,
          0.3822701 ,  0.22358888],
        [ 0.3822701 ,  0.99400456,  0.94222083, ..., -0.3822701 ,
          0.        , -0.16598493],
        [ 0.22358888,  0.96206745,  0.9847543 , ..., -0.22358888,
          0.16598493,  0.        ]],

       [[ 0.        ,  0.98315943,  0.99996082, ...,  0.38934894,
          0.20019073,  0.30123848],
        [-0.98315943,  0.        ,  0.19144591, ..., -0.83442517,
         -0.92667245, -0.88243923],
        [-0.99996082, -0.19144591,  0.        , ..., -0.92450086,
         -0.9814907 , -0.95617811],
        ...,
        [-0.38934894,  0.83442517,  0.92450086, ...,  0.        ,
         -0.19707358, -0.09379537],
        [-0.20019073,  0.92667245,  0.9814907 , ...,  0.19707358,
          0.        ,  0.10424886],
        [-0.30123848,  0.88243923,  0.95617811, ...,  0.09379537,
         -0.10424886,  0.        ]],

       [[ 0.        , -0.51477029, -0.7937065 , ..., -0.6690797 ,
