state_0,state_1,state_2,state_3,state_4,state_5,state_6,state_7,state_8,state_9,state_10,state_11,state_12,state_13,state_14,state_15,state_16,state_17,state_18,state_19,state_20,state_21,state_22,state_23,state_24,state_25,state_26,state_27,state_28,state_29,state_30,state_31,state_32,state_33,state_34,state_35,state_36,state_37,state_38,state_39,state_40,state_41,state_42,state_43,state_44,state_45,state_46,state_47,state_48,state_49,state_50,state_51,state_52,state_53,state_54,state_55,state_56,state_57,state_58,state_59,state_60,state_61,state_62,state_63,state_64,state_65,state_66,state_67,state_68,state_69,state_70,state_71,state_72,state_73,state_74,state_75,state_76,state_77,state_78,state_79,state_80,state_81,state_82,state_83,state_84,state_85,state_86,state_87,state_88,state_89,state_90,state_91,state_92,state_93,state_94,state_95,state_96,state_97,state_98,state_99,state_100,state_101,state_102,state_103,state_104,state_105,state_106,state_107,state_108,state_109,state_110,state_111,state_112,state_113,state_114,state_115,state_116,state_117,state_118,state_119,state_120,state_121,state_122,state_123,state_124,state_125,state_126,state_127,state_128,state_129,state_130,state_131,state_132,state_133,state_134,state_135,state_136,state_137,state_138,state_139,state_140,state_141,state_142,state_143,state_144,state_145,state_146,state_147,state_148,state_149,state_150,state_151,state_152,state_153,state_154,state_155,state_156,state_157,state_158,state_159,state_160,state_161,state_162,state_163,state_164,state_165,state_166,state_167,state_168,state_169,state_170,state_171,state_172,state_173,state_174,state_175,state_176,state_177,state_178,state_179,state_180,state_181,state_182,state_183,state_184,state_185,state_186,state_187,state_188,state_189,state_190,state_191,state_192,state_193,state_194,state_195,state_196,state_197,state_198,state_199,state_200,state_201,state_202,state_203,state_204,state_205,state_206,state_207,state_208,state_209,state_210,state_211,state_212,state_213,state_214,state_215,state_216,state_217,state_218,state_219,state_220,state_221,state_222,state_223,state_224,state_225,state_226,state_227,state_228,state_229,state_230,state_231,state_232,state_233,state_234,state_235,state_236,state_237,state_238,state_239,state_240,state_241,state_242,state_243,state_244,state_245,state_246,state_247,state_248,state_249,state_250,state_251,state_252,state_253,state_254,state_255,state_256,state_257,state_258,state_259,state_260,state_261,state_262,state_263,state_264,state_265,state_266,state_267,state_268,state_269,state_270,state_271,state_272,state_273,state_274,state_275,state_276,state_277,state_278,state_279,state_280,state_281,state_282,state_283,state_284,state_285,state_286,state_287
{'img': array([[[ 0.00000000e+00,  3.00348795e-01,  4.24480053e-01, ...,
          5.53024771e-01,  4.43857147e-01,  8.02473346e-01],
        [-3.00348795e-01,  0.00000000e+00,  1.32934573e-01, ...,
          2.77251261e-01,  1.54222193e-01,  5.86208192e-01],
        [-4.24480053e-01, -1.32934573e-01,  0.00000000e+00, ...,
          1.47067407e-01,  2.15092732e-02,  4.73307152e-01],
        ...,
        [-5.53024771e-01, -2.77251261e-01, -1.47067407e-01, ...,
          0.00000000e+00, -1.25757991e-01,  3.38609328e-01],
        [-4.43857147e-01, -1.54222193e-01, -2.15092732e-02, ...,
          1.25757991e-01,  0.00000000e+00,  4.54250188e-01],
        [-8.02473346e-01, -5.86208192e-01, -4.73307152e-01, ...,
         -3.38609328e-01, -4.54250188e-01,  0.00000000e+00]],

       [[ 0.00000000e+00, -3.64142083e-01,  5.96137812e-01, ...,
         -9.39878007e-01, -9.98253086e-01, -6.05519394e-01],
        [ 3.64142083e-01,  0.00000000e+00,  8.47572192e-01, ...,
         -7.50990888e-01, -9.08201898e-01, -2.74151102e-01],
        [-5.96137812e-01, -8.47572192e-01,  0.00000000e+00, ...,
         -9.58198497e-01, -8.36701049e-01, -9.60585381e-01],
        ...,
        [ 9.39878007e-01,  7.50990888e-01,  9.58198497e-01, ...,
          0.00000000e+00, -2.85383161e-01,  5.41192478e-01],
        [ 9.98253086e-01,  9.08201898e-01,  8.36701049e-01, ...,
          2.85383161e-01,  0.00000000e+00,  7.58664523e-01],
        [ 6.05519394e-01,  2.74151102e-01,  9.60585381e-01, ...,
         -5.41192478e-01, -7.58664523e-01,  0.00000000e+00]],

       [[ 0.00000000e+00,  4.82617042e-01,  6.49300275e-01, ...,
          9.45389647e-01,  9.51320293e-01,  9.80335260e-01],
        [-4.82617042e-01,  0.00000000e+00,  2.01631848e-01, ...,
          6.70696686e-01,  6.84451767e-01,  7.63369204e-01],
        [-6.49300275e-01, -2.01631848e-01,  0.00000000e+00, ...,
          5.07364764e-01,  5.23392732e-01,  6.17444057e-01],
        ...,
        [-9.45389647e-01, -6.70696686e-01, -5.07364764e-01, ...,
          0.00000000e+00,  1.87027099e-02,  1.32970299e-01],
        [-9.51320293e-01, -6.84451767e-01, -5.23392732e-01, ...,
         -1.87027099e-02,  0.00000000e+00,  1.14410410e-01],
        [-9.80335260e-01, -7.63369204e-01, -6.17444057e-01, ...,
         -1.32970299e-01, -1.14410410e-01,  0.00000000e+00]],

       ...,

       [[ 0.00000000e+00,  2.33676290e-01,  4.81192170e-01, ...,
          2.84892974e-01,  9.71988228e-02,  3.60610518e-01],
        [-2.33676290e-01,  0.00000000e+00,  2.63025928e-01, ...,
          5.30129667e-02, -1.38062009e-01,  1.32673088e-01],
        [-4.81192170e-01, -2.63025928e-01,  0.00000000e+00, ...,
         -2.11509753e-01, -3.93707759e-01, -1.32699235e-01],
        ...,
        [-2.84892974e-01, -5.30129667e-02,  2.11509753e-01, ...,
          0.00000000e+00, -1.90373162e-01,  7.99422021e-02],
        [-9.71988228e-02,  1.38062009e-01,  3.93707759e-01, ...,
          1.90373162e-01,  0.00000000e+00,  2.68244076e-01],
        [-3.60610518e-01, -1.32673088e-01,  1.32699235e-01, ...,
         -7.99422021e-02, -2.68244076e-01,  0.00000000e+00]],

       [[ 0.00000000e+00,  4.32041403e-01,  6.14442839e-01, ...,
          9.95006536e-01,  9.87937307e-01,  9.94980845e-01],
        [-4.32041403e-01,  0.00000000e+00,  2.13273627e-01, ...,
          8.54228440e-01,  8.24071484e-01,  8.54094759e-01],
        [-6.14442839e-01, -2.13273627e-01,  0.00000000e+00, ...,
          7.23694286e-01,  6.84295180e-01,  7.23516849e-01],
        ...,
        [-9.95006536e-01, -8.54228440e-01, -7.23694286e-01, ...,
          0.00000000e+00, -5.54753110e-02, -2.57076431e-04],
        [-9.87937307e-01, -8.24071484e-01, -6.84295180e-01, ...,
          5.54753110e-02,  0.00000000e+00,  5.52186286e-02],
        [-9.94980845e-01, -8.54094759e-01, -7.23516849e-01, ...,
          2.57076431e-04, -5.52186286e-02,  0.00000000e+00]],

       [[ 0.00000000e+00, -1.86004008e-01, -4.29236492e-01, ...,
          9.93397695e-01,  9.79355559e-01,  9.98429693e-01],
        [ 1.86004008e-01,  0.00000000e+00, -2.53748523e-01, ...,
          9.54723241e-01,  9.24664990e-01,  9.70586292e-01],
        [ 4.29236492e-01,  2.53748523e-01,  0.00000000e+00, ...,
          8.47986336e-01,  7.97778135e-01,  8.77728375e-01],
        ...,
        [-9.93397695e-01, -9.54723241e-01, -8.47986336e-01, ...,
          0.00000000e+00,  8.84574663e-02, -5.88920268e-02],
        [-9.79355559e-01, -9.24664990e-01, -7.97778135e-01, ...,
         -8.84574663e-02,  0.00000000e+00, -1.46965103e-01],
        [-9.98429693e-01, -9.70586292e-01, -8.77728375e-01, ...,
          5.88920268e-02,  1.46965103e-01,  0.00000000e+00]]]), 'num': array([ 7.10813537e-01,  7.03352568e-01,  2.80487553e-07,  4.38880524e-04,
        4.53729865e-04,  4.35580671e-04,  6.14464083e-03, -8.24963392e-06,
        4.34425722e-04,  4.30548394e-04,  4.35511924e-04,  8.55517591e-07,
        4.50062920e-04,  4.11033868e-04])}
{'img': array([[[ 0.        ,  0.13293457, -0.3282941 , ...,  0.15422219,
          0.58620819,  0.41132839],
        [-0.13293457,  0.        , -0.45094717, ...,  0.02150927,
          0.47330715,  0.28650961],
        [ 0.3282941 ,  0.45094717,  0.        , ...,  0.47004096,
          0.81968882,  0.68776662],
        ...,
        [-0.15422219, -0.02150927, -0.47004096, ...,  0.        ,
          0.45425019,  0.26583578],
        [-0.58620819, -0.47330715, -0.81968882, ..., -0.45425019,
          0.        , -0.20107928],
        [-0.41132839, -0.28650961, -0.68776662, ..., -0.26583578,
          0.20107928,  0.        ]],

       [[ 0.        ,  0.84757219, -0.13361026, ..., -0.9082019 ,
         -0.2741511 , -0.49988526],
        [-0.84757219,  0.        , -0.91087713, ..., -0.83670105,
         -0.96058538, -0.99935435],
        [ 0.13361026,  0.91087713,  0.        , ..., -0.8441387 ,
         -0.14320185, -0.37968454],
        ...,
        [ 0.9082019 ,  0.83670105,  0.8441387 , ...,  0.        ,
          0.75866452,  0.57736793],
        [ 0.2741511 ,  0.96058538,  0.14320185, ..., -0.75866452,
          0.        , -0.243293  ],
        [ 0.49988526,  0.99935435,  0.37968454, ..., -0.57736793,
          0.243293  ,  0.        ]],

       [[ 0.        ,  0.48036522,  0.57861214, ...,  0.91876749,
          0.96098637,  0.97553185],
        [-0.48036522,  0.        ,  0.11569528, ...,  0.61617435,
          0.70998395,  0.7499961 ],
        [-0.57861214, -0.11569528,  0.        , ...,  0.52091385,
          0.62374155,  0.66843395],
        ...,
        [-0.91876749, -0.61617435, -0.52091385, ...,  0.        ,
          0.12526933,  0.18314053],
        [-0.96098637, -0.70998395, -0.62374155, ..., -0.12526933,
          0.        ,  0.05854727],
        [-0.97553185, -0.7499961 , -0.66843395, ..., -0.18314053,
         -0.05854727,  0.        ]],

       ...,

       [[ 0.        ,  0.26302593,  0.07146415, ..., -0.13806201,
          0.13267309, -0.41431116],
        [-0.26302593,  0.        , -0.1934056 , ..., -0.39370776,
         -0.13269924, -0.63911193],
        [-0.07146415,  0.1934056 ,  0.        , ..., -0.20848879,
          0.06150147, -0.47829388],
        ...,
        [ 0.13806201,  0.39370776,  0.20848879, ...,  0.        ,
          0.26824408, -0.28468844],
        [-0.13267309,  0.13269924, -0.06150147, ..., -0.26824408,
          0.        , -0.53139905],
        [ 0.41431116,  0.63911193,  0.47829388, ...,  0.28468844,
          0.53139905,  0.        ]],

       [[ 0.        ,  0.47259135,  0.50057103, ...,  0.97673469,
          0.98762481,  0.99041097],
        [-0.47259135,  0.        ,  0.0320239 , ...,  0.75943058,
          0.79625677,  0.80754138],
        [-0.50057103, -0.0320239 ,  0.        , ...,  0.73820669,
          0.77647523,  0.78823915],
        ...,
        [-0.97673469, -0.75943058, -0.73820669, ...,  0.        ,
          0.05861115,  0.07745657],
        [-0.98762481, -0.79625677, -0.77647523, ..., -0.05861115,
          0.        ,  0.01888835],
        [-0.99041097, -0.80754138, -0.78823915, ..., -0.07745657,
         -0.01888835,  0.        ]],

       [[ 0.        , -0.25374852, -0.26603597, ...,  0.92466499,
          0.97058629,  0.88369947],
        [ 0.25374852,  0.        , -0.01272445, ...,  0.79777813,
          0.87772838,  0.73600799],
        [ 0.26603597,  0.01272445,  0.        , ...,  0.79004132,
          0.87156028,  0.72733429],
        ...,
        [-0.92466499, -0.79777813, -0.79004132, ...,  0.        ,
         -0.1469651 ,  0.0962973 ],
        [-0.97058629, -0.87772838, -0.87156028, ...,  0.1469651 ,
          0.        ,  0.24153377],
        [-0.88369947, -0.73600799, -0.72733429, ..., -0.0962973 ,
         -0.24153377,  0.        ]]]), 'num': array([ 7.07104890e-01,  7.07104890e-01,  0.00000000e+00,  1.94378940e-04,
        1.97000621e-04,  1.93255362e-04,  2.24524529e-03, -4.86883664e-06,
        1.97524957e-04,  1.95596149e-04,  1.97762157e-04,  3.49557502e-07,
        2.04308607e-04,  1.86883691e-04])}
{'img': array([[[ 0.00000000e+00, -4.50947175e-01, -9.35421164e-01, ...,
          4.73307152e-01,  2.86509608e-01,  2.15092732e-02],
        [ 4.50947175e-01,  0.00000000e+00, -6.75484990e-01, ...,
          8.19688824e-01,  6.87766617e-01,  4.70040963e-01],
        [ 9.35421164e-01,  6.75484990e-01,  0.00000000e+00, ...,
          9.91340941e-01,  9.97497123e-01,  9.42809042e-01],
        ...,
        [-4.73307152e-01, -8.19688824e-01, -9.91340941e-01, ...,
          0.00000000e+00, -2.01079285e-01, -4.54250188e-01],
        [-2.86509608e-01, -6.87766617e-01, -9.97497123e-01, ...,
          2.01079285e-01,  0.00000000e+00, -2.65835775e-01],
        [-2.15092732e-02, -4.70040963e-01, -9.42809042e-01, ...,
          4.54250188e-01,  2.65835775e-01,  0.00000000e+00]],

       [[ 0.00000000e+00, -9.10877128e-01, -9.84988405e-01, ...,
         -9.60585381e-01, -9.99354354e-01, -9.97589221e-01],
        [ 9.10877128e-01,  0.00000000e+00, -2.49246640e-01, ...,
         -1.43201849e-01, -3.79684539e-01, -4.74893640e-01],
        [ 9.84988405e-01,  2.49246640e-01,  0.00000000e+00, ...,
          1.07995376e-01, -1.37119651e-01, -2.40558206e-01],
        ...,
        [ 9.60585381e-01,  1.43201849e-01, -1.07995376e-01, ...,
          0.00000000e+00, -2.43292997e-01, -3.43975337e-01],
        [ 9.99354354e-01,  3.79684539e-01,  1.37119651e-01, ...,
          2.43292997e-01,  0.00000000e+00, -1.05192918e-01],
        [ 9.97589221e-01,  4.74893640e-01,  2.40558206e-01, ...,
          3.43975337e-01,  1.05192918e-01,  0.00000000e+00]],

       [[ 0.00000000e+00,  3.55939985e-01,  4.47654607e-01, ...,
          9.32874521e-01,  9.54018380e-01,  9.60117456e-01],
        [-3.55939985e-01,  0.00000000e+00,  1.00053312e-01, ...,
          7.43569343e-01,  7.84846249e-01,  7.97718484e-01],
        [-4.47654607e-01, -1.00053312e-01,  0.00000000e+00, ...,
          6.72936640e-01,  7.18905861e-01,  7.33380442e-01],
        ...,
        [-9.32874521e-01, -7.43569343e-01, -6.72936640e-01, ...,
          0.00000000e+00,  6.40114872e-02,  8.50068627e-02],
        [-9.54018380e-01, -7.84846249e-01, -7.18905861e-01, ...,
         -6.40114872e-02,  0.00000000e+00,  2.10527383e-02],
        [-9.60117456e-01, -7.97718484e-01, -7.33380442e-01, ...,
         -8.50068627e-02, -2.10527383e-02,  0.00000000e+00]],

       ...,

       [[ 0.00000000e+00, -1.93405603e-01, -5.67703263e-01, ...,
         -1.32699235e-01, -6.39111933e-01, -7.79753229e-01],
        [ 1.93405603e-01,  0.00000000e+00, -3.97766468e-01, ...,
          6.15014657e-02, -4.78293883e-01, -6.43941891e-01],
        [ 5.67703263e-01,  3.97766468e-01,  0.00000000e+00, ...,
          4.53440270e-01, -8.95098248e-02, -2.86487175e-01],
        ...,
        [ 1.32699235e-01, -6.15014657e-02, -4.53440270e-01, ...,
          0.00000000e+00, -5.31399047e-01, -6.89776102e-01],
        [ 6.39111933e-01,  4.78293883e-01,  8.95098248e-02, ...,
          5.31399047e-01,  0.00000000e+00, -1.99579260e-01],
        [ 7.79753229e-01,  6.43941891e-01,  2.86487175e-01, ...,
          6.89776102e-01,  1.99579260e-01,  0.00000000e+00]],

       [[ 0.00000000e+00,  1.81287133e-01,  1.62231553e-01, ...,
          9.73229099e-01,  9.77706622e-01,  9.77500131e-01],
        [-1.81287133e-01,  0.00000000e+00, -1.93421606e-02, ...,
          9.15436375e-01,  9.23440349e-01,  9.23063391e-01],
        [-1.62231553e-01,  1.93421606e-02,  0.00000000e+00, ...,
          9.23049617e-01,  9.30689994e-01,  9.30330627e-01],
        ...,
        [-9.73229099e-01, -9.15436375e-01, -9.23049617e-01, ...,
          0.00000000e+00,  2.03589326e-02,  1.93779618e-02],
        [-9.77706622e-01, -9.23440349e-01, -9.30689994e-01, ...,
         -2.03589326e-02,  0.00000000e+00, -9.81164282e-04],
        [-9.77500131e-01, -9.23063391e-01, -9.30330627e-01, ...,
         -1.93779618e-02,  9.81164282e-04,  0.00000000e+00]],

       [[ 0.00000000e+00, -1.26865820e-02, -2.76928506e-02, ...,
          8.87170908e-01,  7.62675692e-01,  5.53876500e-01],
        [ 1.26865820e-02,  0.00000000e+00, -1.50089055e-02, ...,
          8.81245401e-01,  7.54408872e-01,  5.43269091e-01],
        [ 2.76928506e-02,  1.50089055e-02,  0.00000000e+00, ...,
          8.74052043e-01,  7.44471978e-01,  5.30607041e-01],
        ...,
        [-8.87170908e-01, -8.81245401e-01, -8.74052043e-01, ...,
          0.00000000e+00,  2.21875553e-01,  4.83076150e-01],
        [-7.62675692e-01, -7.54408872e-01, -7.44471978e-01, ...,
         -2.21875553e-01,  0.00000000e+00,  2.76766044e-01],
        [-5.53876500e-01, -5.43269091e-01, -5.30607041e-01, ...,
         -4.83076150e-01, -2.76766044e-01,  0.00000000e+00]]]), 'num': array([7.07105959e-01, 7.07105959e-01, 0.00000000e+00, 1.95877339e-04,
       1.95877339e-04, 1.91757548e-04, 1.42062381e-03, 1.49810585e-06,
       1.97375445e-04, 1.95821160e-04, 1.97793666e-04, 3.28531984e-07,
       2.04316474e-04, 1.87325847e-04])}
{'img': array([[[ 0.00000000e+00, -6.75484990e-01, -3.30515287e-01, ...,
          6.87766617e-01,  4.70040963e-01,  5.42898661e-01],
        [ 6.75484990e-01,  0.00000000e+00,  3.93809873e-01, ...,
          9.97497123e-01,  9.42809042e-01,  9.67590304e-01],
        [ 3.30515287e-01, -3.93809873e-01,  0.00000000e+00, ...,
          8.89046152e-01,  7.35352495e-01,  7.89954251e-01],
        ...,
        [-6.87766617e-01, -9.97497123e-01, -8.89046152e-01, ...,
          0.00000000e+00, -2.65835775e-01, -1.83477737e-01],
        [-4.70040963e-01, -9.42809042e-01, -7.35352495e-01, ...,
          2.65835775e-01,  0.00000000e+00,  8.44470101e-02],
        [-5.42898661e-01, -9.67590304e-01, -7.89954251e-01, ...,
          1.83477737e-01, -8.44470101e-02,  0.00000000e+00]],

       [[ 0.00000000e+00, -2.49246640e-01, -4.72121019e-01, ...,
         -3.79684539e-01, -4.74893640e-01, -6.54494661e-01],
        [ 2.49246640e-01,  0.00000000e+00, -2.37501575e-01, ...,
         -1.37119651e-01, -2.40558206e-01, -4.45391770e-01],
        [ 4.72121019e-01,  2.37501575e-01,  0.00000000e+00, ...,
          1.02061985e-01, -3.14787740e-03, -2.20004184e-01],
        ...,
        [ 3.79684539e-01,  1.37119651e-01, -1.02061985e-01, ...,
          0.00000000e+00, -1.05192918e-01, -3.18416688e-01],
        [ 4.74893640e-01,  2.40558206e-01,  3.14787740e-03, ...,
          1.05192918e-01,  0.00000000e+00, -2.16932343e-01],
        [ 6.54494661e-01,  4.45391770e-01,  2.20004184e-01, ...,
          3.18416688e-01,  2.16932343e-01,  0.00000000e+00]],

       [[ 0.00000000e+00,  1.03216380e-01, -3.07593131e-02, ...,
          7.91333698e-01,  8.04074261e-01,  7.97758808e-01],
        [-1.03216380e-01,  0.00000000e+00, -1.33762565e-01, ...,
          7.24002233e-01,  7.38414522e-01,  7.31260848e-01],
        [ 3.07593131e-02,  1.33762565e-01,  0.00000000e+00, ...,
          8.09765021e-01,  8.21981089e-01,  8.15928474e-01],
        ...,
        [-7.91333698e-01, -7.24002233e-01, -8.09765021e-01, ...,
          0.00000000e+00,  2.11277879e-02,  1.05815807e-02],
        [-8.04074261e-01, -7.38414522e-01, -8.21981089e-01, ...,
         -2.11277879e-02,  0.00000000e+00, -1.05473864e-02],
        [-7.97758808e-01, -7.31260848e-01, -8.15928474e-01, ...,
         -1.05815807e-02,  1.05473864e-02,  0.00000000e+00]],

       ...,

       [[ 0.00000000e+00, -3.97766468e-01, -3.83837867e-01, ...,
         -4.78293883e-01, -6.43941891e-01, -7.22443843e-01],
        [ 3.97766468e-01,  0.00000000e+00,  1.51316208e-02, ...,
         -8.95098248e-02, -2.86487175e-01, -3.87805104e-01],
        [ 3.83837867e-01, -1.51316208e-02,  0.00000000e+00, ...,
         -1.04570458e-01, -3.00951740e-01, -4.01708145e-01],
        ...,
        [ 4.78293883e-01,  8.95098248e-02,  1.04570458e-01, ...,
          0.00000000e+00, -1.99579260e-01, -3.03743519e-01],
        [ 6.43941891e-01,  2.86487175e-01,  3.00951740e-01, ...,
          1.99579260e-01,  0.00000000e+00, -1.07482806e-01],
        [ 7.22443843e-01,  3.87805104e-01,  4.01708145e-01, ...,
          3.03743519e-01,  1.07482806e-01,  0.00000000e+00]],

       [[ 0.00000000e+00, -2.76464131e-02, -1.34333939e-01, ...,
          9.39037252e-01,  9.38697833e-01,  9.38859555e-01],
        [ 2.76464131e-02,  0.00000000e+00, -1.06886763e-01, ...,
          9.48183582e-01,  9.47869883e-01,  9.48019360e-01],
        [ 1.34333939e-01,  1.06886763e-01,  0.00000000e+00, ...,
          9.76712009e-01,  9.76500009e-01,  9.76601067e-01],
        ...,
        [-9.39037252e-01, -9.48183582e-01, -9.76712009e-01, ...,
          0.00000000e+00, -9.85883122e-04, -5.16472984e-04],
        [-9.38697833e-01, -9.47869883e-01, -9.76500009e-01, ...,
          9.85883122e-04,  0.00000000e+00,  4.69410257e-04],
        [-9.38859555e-01, -9.48019360e-01, -9.76601067e-01, ...,
          5.16472984e-04, -4.69410257e-04,  0.00000000e+00]],

       [[ 0.00000000e+00, -1.47624360e-02, -1.94400972e-02, ...,
          8.47901279e-01,  7.92046824e-01,  5.35730970e-01],
        [ 1.47624360e-02,  0.00000000e+00, -4.67833248e-03, ...,
          8.39982516e-01,  7.82948632e-01,  5.23207356e-01],
        [ 1.94400972e-02,  4.67833248e-03,  0.00000000e+00, ...,
          8.37434797e-01,  7.80029737e-01,  5.19214730e-01],
        ...,
        [-8.47901279e-01, -8.39982516e-01, -8.37434797e-01, ...,
          0.00000000e+00,  9.77031942e-02,  4.31938288e-01],
        [-7.92046824e-01, -7.82948632e-01, -7.80029737e-01, ...,
         -9.77031942e-02,  0.00000000e+00,  3.41752902e-01],
        [-5.35730970e-01, -5.23207356e-01, -5.19214730e-01, ...,
         -4.31938288e-01, -3.41752902e-01,  0.00000000e+00]]]), 'num': array([ 7.71073069e-01,  6.36741873e-01,  5.24731235e-06,  2.09892494e-04,
        2.11122333e-04,  2.07432816e-04,  2.39724284e-03, -4.50940905e-06,
        2.15467763e-04,  2.14586379e-04,  2.16588283e-04,  3.47412099e-07,
        2.23108826e-04,  2.06063932e-04])}
{'img': array([[[ 0.00000000e+00,  3.93809873e-01,  7.71389216e-01, ...,
          9.42809042e-01,  9.67590304e-01,  8.80122057e-01],
        [-3.93809873e-01,  0.00000000e+00,  4.58448451e-01, ...,
          7.35352495e-01,  7.89954251e-01,  6.22040840e-01],
        [-7.71389216e-01, -4.58448451e-01,  0.00000000e+00, ...,
          3.42839651e-01,  4.20944028e-01,  1.93862590e-01],
        ...,
        [-9.42809042e-01, -7.35352495e-01, -3.42839651e-01, ...,
          0.00000000e+00,  8.44470101e-02, -1.54222193e-01],
        [-9.67590304e-01, -7.89954251e-01, -4.20944028e-01, ...,
         -8.44470101e-02,  0.00000000e+00, -2.37108009e-01],
        [-8.80122057e-01, -6.22040840e-01, -1.93862590e-01, ...,
          1.54222193e-01,  2.37108009e-01,  0.00000000e+00]],

       [[ 0.00000000e+00, -2.37501575e-01, -2.13987041e-01, ...,
         -2.40558206e-01, -4.45391770e-01, -2.51977165e-01],
        [ 2.37501575e-01,  0.00000000e+00,  2.41359441e-02, ...,
         -3.14787740e-03, -2.20004184e-01, -1.49292261e-02],
        [ 2.13987041e-01, -2.41359441e-02,  0.00000000e+00, ...,
         -2.72827849e-02, -2.43484681e-01, -3.90581313e-02],
        ...,
        [ 2.40558206e-01,  3.14787740e-03,  2.72827849e-02, ...,
          0.00000000e+00, -2.16932343e-01, -1.17816256e-02],
        [ 4.45391770e-01,  2.20004184e-01,  2.43484681e-01, ...,
          2.16932343e-01,  0.00000000e+00,  2.05416221e-01],
        [ 2.51977165e-01,  1.49292261e-02,  3.90581313e-02, ...,
          1.17816256e-02, -2.05416221e-01,  0.00000000e+00]],

       [[ 0.00000000e+00, -1.33762565e-01, -3.06091645e-01, ...,
          7.38414522e-01,  7.31260848e-01,  7.05389586e-01],
        [ 1.33762565e-01,  0.00000000e+00, -1.75998688e-01, ...,
          8.21981089e-01,  8.15928474e-01,  7.93864095e-01],
        [ 3.06091645e-01,  1.75998688e-01,  0.00000000e+00, ...,
          9.09384149e-01,  9.04946302e-01,  8.88496156e-01],
        ...,
        [-7.38414522e-01, -8.21981089e-01, -9.09384149e-01, ...,
          0.00000000e+00, -1.05473864e-02, -4.77254332e-02],
        [-7.31260848e-01, -8.15928474e-01, -9.04946302e-01, ...,
          1.05473864e-02,  0.00000000e+00, -3.71874109e-02],
        [-7.05389586e-01, -7.93864095e-01, -8.88496156e-01, ...,
          4.77254332e-02,  3.71874109e-02,  0.00000000e+00]],

       ...,

       [[ 0.00000000e+00,  1.51316208e-02,  1.02507838e-01, ...,
         -2.86487175e-01, -3.87805104e-01, -4.39965077e-01],
        [-1.51316208e-02,  0.00000000e+00,  8.74441915e-02, ...,
         -3.00951740e-01, -4.01708145e-01, -4.53503126e-01],
        [-1.02507838e-01, -8.74441915e-02,  0.00000000e+00, ...,
         -3.83189144e-01, -4.80247940e-01, -5.29700992e-01],
        ...,
        [ 2.86487175e-01,  3.00951740e-01,  3.83189144e-01, ...,
          0.00000000e+00, -1.07482806e-01, -1.64253788e-01],
        [ 3.87805104e-01,  4.01708145e-01,  4.80247940e-01, ...,
          1.07482806e-01,  0.00000000e+00, -5.72792697e-02],
        [ 4.39965077e-01,  4.53503126e-01,  5.29700992e-01, ...,
          1.64253788e-01,  5.72792697e-02,  0.00000000e+00]],

       [[ 0.00000000e+00, -1.06886763e-01,  1.89115155e-01, ...,
          9.47869883e-01,  9.48019360e-01,  9.37981300e-01],
        [ 1.06886763e-01,  0.00000000e+00,  2.92989734e-01, ...,
          9.76500009e-01,  9.76601067e-01,  9.69663922e-01],
        [-1.89115155e-01, -2.92989734e-01,  0.00000000e+00, ...,
          8.70502505e-01,  8.70733436e-01,  8.55491801e-01],
        ...,
        [-9.47869883e-01, -9.76500009e-01, -8.70502505e-01, ...,
          0.00000000e+00,  4.69410257e-04, -2.97181808e-02],
        [-9.48019360e-01, -9.76601067e-01, -8.70733436e-01, ...,
         -4.69410257e-04,  0.00000000e+00, -3.01873804e-02],
        [-9.37981300e-01, -9.69663922e-01, -8.55491801e-01, ...,
          2.97181808e-02,  3.01873804e-02,  0.00000000e+00]],

       [[ 0.00000000e+00, -4.52554768e-03, -2.70237832e-02, ...,
          9.07074092e-01,  8.56091504e-01,  5.08525549e-01],
        [ 4.52554768e-03,  0.00000000e+00, -2.24996116e-02, ...,
          9.05159679e-01,  8.53743824e-01,  5.04623633e-01],
        [ 2.70237832e-02,  2.24996116e-02,  0.00000000e+00, ...,
          8.95366591e-01,  8.41812304e-01,  4.85071086e-01],
        ...,
        [-9.07074092e-01, -9.05159679e-01, -8.95366591e-01, ...,
          0.00000000e+00,  1.08408210e-01,  5.66958822e-01],
        [-8.56091504e-01, -8.53743824e-01, -8.41812304e-01, ...,
         -1.08408210e-01,  0.00000000e+00,  4.74316586e-01],
        [-5.08525549e-01, -5.04623633e-01, -4.85071086e-01, ...,
         -5.66958822e-01, -4.74316586e-01,  0.00000000e+00]]]), 'num': array([ 7.59686252e-01,  6.50286706e-01,  4.35854765e-06,  2.03344881e-04,
        2.06990507e-04,  2.02534742e-04,  1.90978110e-03, -4.05069485e-06,
        2.09663965e-04,  2.12053875e-04,  2.14119730e-04,  2.83548639e-07,
        2.20388863e-04,  2.03718888e-04])}
{'img': array([[[ 0.        ,  0.70894561,  0.89169762, ...,  0.95226803,
          0.84368273,  0.66440985],
        [-0.70894561,  0.        ,  0.30799031, ...,  0.45518458,
          0.21442649, -0.06125978],
        [-0.89169762, -0.30799031,  0.        , ...,  0.15882415,
         -0.09682338, -0.36569377],
        ...,
        [-0.95226803, -0.45518458, -0.15882415, ...,  0.        ,
         -0.25367232, -0.50887521],
        [-0.84368273, -0.21442649,  0.09682338, ...,  0.25367232,
          0.        , -0.27385865],
        [-0.66440985,  0.06125978,  0.36569377, ...,  0.50887521,
          0.27385865,  0.        ]],

       [[ 0.        ,  0.02413594,  0.36876465, ..., -0.22000418,
         -0.01492923, -0.11591851],
        [-0.02413594,  0.        ,  0.34622231, ..., -0.24348468,
         -0.03905813, -0.13985798],
        [-0.36876465, -0.34622231,  0.        , ..., -0.56422843,
         -0.38260061, -0.47402761],
        ...,
        [ 0.22000418,  0.24348468,  0.56422843, ...,  0.        ,
          0.20541622,  0.10544269],
        [ 0.01492923,  0.03905813,  0.38260061, ..., -0.20541622,
          0.        , -0.10107701],
        [ 0.11591851,  0.13985798,  0.47402761, ..., -0.10544269,
          0.10107701,  0.        ]],

       [[ 0.        , -0.17599869, -0.31378231, ...,  0.81592847,
          0.7938641 ,  0.63858986],
        [ 0.17599869,  0.        , -0.14177443, ...,  0.9049463 ,
          0.88849616,  0.76406104],
        [ 0.31378231,  0.14177443,  0.        , ...,  0.95613411,
          0.94457948,  0.84780817],
        ...,
        [-0.81592847, -0.9049463 , -0.95613411, ...,  0.        ,
         -0.03718741, -0.25869297],
        [-0.7938641 , -0.88849616, -0.94457948, ...,  0.03718741,
          0.        , -0.22259249],
        [-0.63858986, -0.76406104, -0.84780817, ...,  0.25869297,
          0.22259249,  0.        ]],

       ...,

       [[ 0.        ,  0.08744419,  0.34852868, ..., -0.40170815,
         -0.45350313, -0.69311092],
        [-0.08744419,  0.        ,  0.26523234, ..., -0.48024794,
         -0.52970099, -0.75348838],
        [-0.34852868, -0.26523234,  0.        , ..., -0.69569161,
         -0.73569545, -0.90088182],
        ...,
        [ 0.40170815,  0.48024794,  0.69569161, ...,  0.        ,
         -0.05727927, -0.34516496],
        [ 0.45350313,  0.52970099,  0.73569545, ...,  0.05727927,
          0.        , -0.29083927],
        [ 0.69311092,  0.75348838,  0.90088182, ...,  0.34516496,
          0.29083927,  0.        ]],

       [[ 0.        ,  0.29298973,  0.51157141, ...,  0.97660107,
          0.96966392,  0.96872603],
        [-0.29298973,  0.        ,  0.23737267, ...,  0.87073344,
          0.8554918 ,  0.85351369],
        [-0.51157141, -0.23737267,  0.        , ...,  0.72911744,
          0.70812525,  0.70543125],
        ...,
        [-0.97660107, -0.87073344, -0.72911744, ...,  0.        ,
         -0.03018738, -0.03399354],
        [-0.96966392, -0.8554918 , -0.70812525, ...,  0.03018738,
          0.        , -0.00380811],
        [-0.96872603, -0.85351369, -0.70543125, ...,  0.03399354,
          0.00380811,  0.        ]],

       [[ 0.        , -0.02242419, -0.1655809 , ...,  0.86527604,
          0.63315909,  0.50315764],
        [ 0.02242419,  0.        , -0.14342461, ...,  0.85381731,
          0.61564306,  0.48365225],
        [ 0.1655809 ,  0.14342461,  0.        , ...,  0.77032696,
          0.49625588,  0.35311803],
        ...,
        [-0.86527604, -0.85381731, -0.77032696, ...,  0.        ,
          0.3523425 ,  0.49553616],
        [-0.63315909, -0.61564306, -0.49625588, ..., -0.3523425 ,
          0.        ,  0.15771776],
        [-0.50315764, -0.48365225, -0.35311803, ..., -0.49553616,
         -0.15771776,  0.        ]]]), 'num': array([7.24247938e-01, 6.89538905e-01, 1.36649737e-06, 1.96096233e-04,
       1.96482249e-04, 1.93008103e-04, 8.39523487e-04, 2.31609724e-06,
       1.97949111e-04, 2.02079484e-04, 2.04163972e-04, 2.98851257e-07,
       2.10022418e-04, 1.94136550e-04])}
{'img': array([[[ 0.        ,  0.36977485,  0.14250171, ...,  0.26356924,
         -0.08358498,  0.14250171],
        [-0.36977485,  0.        , -0.23359974, ..., -0.11181196,
         -0.44614147, -0.23359974],
        [-0.14250171,  0.23359974,  0.        , ...,  0.12341648,
         -0.224735  ,  0.        ],
        ...,
        [-0.26356924,  0.11181196, -0.12341648, ...,  0.        ,
         -0.34327637, -0.12341648],
        [ 0.08358498,  0.44614147,  0.224735  , ...,  0.34327637,
          0.        ,  0.224735  ],
        [-0.14250171,  0.23359974,  0.        , ...,  0.12341648,
         -0.224735  ,  0.        ]],

       [[ 0.        ,  0.33244427,  0.12974476, ..., -0.03633117,
         -0.1280604 , -0.54217657],
        [-0.33244427,  0.        , -0.20726901, ..., -0.36648955,
         -0.45048374, -0.79068029],
        [-0.12974476,  0.20726901,  0.        , ..., -0.16568318,
         -0.25565444, -0.6466137 ],
        ...,
        [ 0.03633117,  0.36648955,  0.16568318, ...,  0.        ,
         -0.09194382, -0.51129083],
        [ 0.1280604 ,  0.45048374,  0.25565444, ...,  0.09194382,
          0.        , -0.43010787],
        [ 0.54217657,  0.79068029,  0.6466137 , ...,  0.51129083,
          0.43010787,  0.        ]],

       [[ 0.        , -0.14177443,  0.15972449, ...,  0.88849616,
          0.76406104,  0.65860445],
        [ 0.14177443,  0.        ,  0.29806539, ...,  0.94457948,
          0.84780817,  0.75863562],
        [-0.15972449, -0.29806539,  0.        , ...,  0.8037943 ,
          0.65120646,  0.52995807],
        ...,
        [-0.88849616, -0.94457948, -0.8037943 , ...,  0.        ,
         -0.22259249, -0.36636079],
        [-0.76406104, -0.84780817, -0.65120646, ...,  0.22259249,
          0.        , -0.1500531 ],
        [-0.65860445, -0.75863562, -0.52995807, ...,  0.36636079,
          0.1500531 ,  0.        ]],

       ...,

       [[ 0.        ,  0.26523234,  0.20145672, ..., -0.52970099,
         -0.75348838, -0.64556496],
        [-0.26523234,  0.        , -0.06555294, ..., -0.73569545,
         -0.90088182, -0.82500311],
        [-0.20145672,  0.06555294,  0.        , ..., -0.68971321,
         -0.87048991, -0.78618279],
        ...,
        [ 0.52970099,  0.73569545,  0.68971321, ...,  0.        ,
         -0.29083927, -0.14302268],
        [ 0.75348838,  0.90088182,  0.87048991, ...,  0.29083927,
          0.        ,  0.15100918],
        [ 0.64556496,  0.82500311,  0.78618279, ...,  0.14302268,
         -0.15100918,  0.        ]],

       [[ 0.        ,  0.43391909,  0.52479311, ...,  0.96219532,
          0.96111915,  0.96111915],
        [-0.43391909,  0.        ,  0.10344846, ...,  0.74870929,
          0.74610226,  0.74610226],
        [-0.52479311, -0.10344846,  0.        , ...,  0.6761165 ,
          0.67322006,  0.67322006],
        ...,
        [-0.96219532, -0.74870929, -0.6761165 , ...,  0.        ,
         -0.00392407, -0.00392407],
        [-0.96111915, -0.74610226, -0.67322006, ...,  0.00392407,
          0.        ,  0.        ],
        [-0.96111915, -0.74610226, -0.67322006, ...,  0.00392407,
          0.        ,  0.        ]],

       [[ 0.        , -0.14342461, -0.07466316, ...,  0.61564306,
          0.48365225,  0.48365225],
        [ 0.14342461,  0.        ,  0.06913305, ...,  0.49625588,
          0.35311803,  0.35311803],
        [ 0.07466316, -0.06913305,  0.        , ...,  0.55508824,
          0.41695259,  0.41695259],
        ...,
        [-0.61564306, -0.49625588, -0.55508824, ...,  0.        ,
          0.15771776,  0.15771776],
        [-0.48365225, -0.35311803, -0.41695259, ..., -0.15771776,
          0.        ,  0.        ],
        [-0.48365225, -0.35311803, -0.41695259, ..., -0.15771776,
          0.        ,  0.        ]]]), 'num': array([7.21208810e-01, 6.92716864e-01, 1.10648336e-06, 1.97860739e-04,
       1.98244935e-04, 1.94787174e-04, 9.38797341e-04, 2.68936927e-06,
       1.96708152e-04, 2.00876675e-04, 2.03271494e-04, 3.52179309e-07,
       2.08863047e-04, 1.92890302e-04])}
{'img': array([[[ 0.        , -0.23359974, -0.14120345, ..., -0.44614147,
         -0.23359974, -0.02716244],
        [ 0.23359974,  0.        ,  0.09396246, ..., -0.224735  ,
          0.        ,  0.20710262],
        [ 0.14120345, -0.09396246,  0.        , ..., -0.31529961,
         -0.09396246,  0.11426107],
        ...,
        [ 0.44614147,  0.224735  ,  0.31529961, ...,  0.        ,
          0.224735  ,  0.4216675 ],
        [ 0.23359974,  0.        ,  0.09396246, ..., -0.224735  ,
          0.        ,  0.20710262],
        [ 0.02716244, -0.20710262, -0.11426107, ..., -0.4216675 ,
         -0.20710262,  0.        ]],

       [[ 0.        , -0.20726901, -0.22544288, ..., -0.45048374,
         -0.79068029, -0.69496436],
        [ 0.20726901,  0.        , -0.018614  , ..., -0.25565444,
         -0.6466137 , -0.53083692],
        [ 0.22544288,  0.018614  ,  0.        , ..., -0.23761472,
         -0.63230259, -0.51497007],
        ...,
        [ 0.45048374,  0.25565444,  0.23761472, ...,  0.        ,
         -0.43010787, -0.29653578],
        [ 0.79068029,  0.6466137 ,  0.63230259, ...,  0.43010787,
          0.        ,  0.14305654],
        [ 0.69496436,  0.53083692,  0.51497007, ...,  0.29653578,
         -0.14305654,  0.        ]],

       [[ 0.        ,  0.29806539,  0.56031023, ...,  0.84780817,
          0.75863562,  0.7408077 ],
        [-0.29806539,  0.        ,  0.28795914, ...,  0.65120646,
          0.52995807,  0.50691898],
        [-0.56031023, -0.28795914,  0.        , ...,  0.40509074,
          0.26331425,  0.23722829],
        ...,
        [-0.84780817, -0.65120646, -0.40509074, ...,  0.        ,
         -0.1500531 , -0.17663474],
        [-0.75863562, -0.52995807, -0.26331425, ...,  0.1500531 ,
          0.        , -0.02694114],
        [-0.7408077 , -0.50691898, -0.23722829, ...,  0.17663474,
          0.02694114,  0.        ]],

       ...,

       [[ 0.        , -0.06555294, -0.06555294, ..., -0.90088182,
         -0.82500311, -0.63934521],
        [ 0.06555294,  0.        ,  0.        , ..., -0.87048991,
         -0.78618279, -0.58756509],
        [ 0.06555294,  0.        ,  0.        , ..., -0.87048991,
         -0.78618279, -0.58756509],
        ...,
        [ 0.90088182,  0.87048991,  0.87048991, ...,  0.        ,
          0.15100918,  0.41518886],
        [ 0.82500311,  0.78618279,  0.78618279, ..., -0.15100918,
          0.        ,  0.27304924],
        [ 0.63934521,  0.58756509,  0.58756509, ..., -0.41518886,
         -0.27304924,  0.        ]],

       [[ 0.        ,  0.31920044,  0.40260106, ...,  0.93947177,
          0.93947177,  0.93548629],
        [-0.31920044,  0.        ,  0.0893516 , ...,  0.78095892,
          0.78095892,  0.77375479],
        [-0.40260106, -0.0893516 ,  0.        , ...,  0.72202777,
          0.72202777,  0.71405696],
        ...,
        [-0.93947177, -0.78095892, -0.72202777, ...,  0.        ,
          0.        , -0.01145233],
        [-0.93947177, -0.78095892, -0.72202777, ...,  0.        ,
          0.        , -0.01145233],
        [-0.93548629, -0.77375479, -0.71405696, ...,  0.01145233,
          0.01145233,  0.        ]],

       [[ 0.        ,  0.06913305,  0.32953147, ...,  0.35311803,
          0.35311803,  0.60387929],
        [-0.06913305,  0.        ,  0.26347146, ...,  0.41695259,
          0.41695259,  0.65753876],
        [-0.32953147, -0.26347146,  0.        , ...,  0.64169713,
          0.64169713,  0.83281092],
        ...,
        [-0.35311803, -0.41695259, -0.64169713, ...,  0.        ,
          0.        , -0.28351482],
        [-0.35311803, -0.41695259, -0.64169713, ...,  0.        ,
          0.        , -0.28351482],
        [-0.60387929, -0.65753876, -0.83281092, ...,  0.28351482,
          0.28351482,  0.        ]]]), 'num': array([ 7.87375101e-01,  6.16469883e-01,  6.68904965e-06,  2.14705048e-04,
        2.19747046e-04,  2.13024383e-04,  2.22568883e-03, -1.68066574e-06,
        2.14116815e-04,  2.19347888e-04,  2.22268044e-04,  4.05423753e-07,
        2.28302363e-04,  2.10393412e-04])}
{'img': array([[[ 0.        ,  0.09396246,  0.67434867, ...,  0.        ,
          0.20710262,  0.09396246],
        [-0.09396246,  0.        ,  0.60198207, ..., -0.09396246,
          0.11426107,  0.        ],
        [-0.67434867, -0.60198207,  0.        , ..., -0.67434867,
         -0.50680098, -0.60198207],
        ...,
        [ 0.        ,  0.09396246,  0.67434867, ...,  0.        ,
          0.20710262,  0.09396246],
        [-0.20710262, -0.11426107,  0.50680098, ..., -0.20710262,
          0.        , -0.11426107],
        [-0.09396246,  0.        ,  0.60198207, ..., -0.09396246,
          0.11426107,  0.        ]],

       [[ 0.        , -0.018614  ,  0.64596043, ..., -0.6466137 ,
         -0.53083692, -0.20769485],
        [ 0.018614  ,  0.        ,  0.6600579 , ..., -0.63230259,
         -0.51497007, -0.18945077],
        [-0.64596043, -0.6600579 ,  0.        , ..., -0.98635608,
         -0.95266012, -0.7904226 ],
        ...,
        [ 0.6466137 ,  0.63230259,  0.98635608, ...,  0.        ,
          0.14305654,  0.47408014],
        [ 0.53083692,  0.51497007,  0.95266012, ..., -0.14305654,
          0.        ,  0.34324533],
        [ 0.20769485,  0.18945077,  0.7904226 , ..., -0.47408014,
         -0.34324533,  0.        ]],

       [[ 0.        ,  0.4916356 ,  0.7782884 , ...,  0.72388326,
