state_0,state_1,state_2,state_3,state_4,state_5,state_6,state_7,state_8,state_9,state_10,state_11,state_12,state_13,state_14,state_15,state_16,state_17,state_18,state_19,state_20,state_21,state_22,state_23,state_24,state_25,state_26,state_27,state_28,state_29,state_30,state_31,state_32,state_33,state_34,state_35,state_36,state_37,state_38,state_39,state_40,state_41,state_42,state_43,state_44,state_45,state_46,state_47,state_48,state_49,state_50,state_51,state_52,state_53,state_54,state_55,state_56,state_57,state_58,state_59,state_60,state_61,state_62,state_63,state_64,state_65,state_66,state_67,state_68,state_69,state_70,state_71,state_72,state_73,state_74,state_75,state_76,state_77,state_78,state_79,state_80,state_81,state_82,state_83,state_84,state_85,state_86,state_87,state_88,state_89,state_90,state_91,state_92,state_93,state_94,state_95,state_96,state_97,state_98,state_99,state_100,state_101,state_102,state_103,state_104,state_105,state_106,state_107,state_108,state_109,state_110,state_111,state_112,state_113,state_114,state_115,state_116,state_117,state_118,state_119,state_120,state_121,state_122,state_123,state_124,state_125,state_126,state_127,state_128,state_129,state_130,state_131,state_132,state_133,state_134,state_135,state_136,state_137,state_138,state_139,state_140,state_141,state_142,state_143,state_144,state_145,state_146,state_147,state_148,state_149,state_150,state_151,state_152,state_153,state_154,state_155,state_156,state_157,state_158,state_159,state_160,state_161,state_162,state_163,state_164,state_165,state_166,state_167,state_168,state_169,state_170,state_171,state_172,state_173,state_174,state_175,state_176,state_177,state_178,state_179,state_180,state_181,state_182,state_183,state_184,state_185,state_186,state_187,state_188,state_189,state_190,state_191,state_192,state_193,state_194,state_195,state_196,state_197,state_198,state_199,state_200,state_201,state_202,state_203,state_204,state_205,state_206,state_207,state_208,state_209,state_210,state_211,state_212,state_213,state_214,state_215,state_216,state_217,state_218,state_219,state_220,state_221,state_222,state_223,state_224,state_225,state_226,state_227,state_228,state_229,state_230,state_231,state_232,state_233,state_234,state_235,state_236,state_237,state_238,state_239,state_240,state_241,state_242,state_243,state_244,state_245,state_246,state_247,state_248,state_249,state_250,state_251,state_252,state_253,state_254,state_255,state_256,state_257,state_258,state_259,state_260,state_261,state_262,state_263,state_264,state_265,state_266,state_267,state_268,state_269,state_270,state_271,state_272,state_273,state_274,state_275,state_276,state_277,state_278,state_279,state_280,state_281,state_282,state_283,state_284,state_285,state_286,state_287
{'img': array([[[ 0.        ,  0.05795274,  0.28926587, ..., -0.71457418,
         -0.52394266, -0.99989497],
        [-0.05795274,  0.        ,  0.23330452, ..., -0.75391462,
         -0.57242354, -0.99905437],
        [-0.28926587, -0.23330452,  0.        , ..., -0.88638401,
         -0.74792671, -0.96134052],
        ...,
        [ 0.71457418,  0.75391462,  0.88638401, ...,  0.        ,
          0.24211194, -0.68913005],
        [ 0.52394266,  0.57242354,  0.74792671, ..., -0.24211194,
          0.        , -0.84407071],
        [ 0.99989497,  0.99905437,  0.96134052, ...,  0.68913005,
          0.84407071,  0.        ]],

       [[ 0.        , -0.16329851,  0.36715523, ..., -0.36867624,
          0.46790071,  0.35415338],
        [ 0.16329851,  0.        ,  0.51412049, ..., -0.21193198,
          0.60594007,  0.50211418],
        [-0.36715523, -0.51412049,  0.        , ..., -0.68421981,
          0.11073754, -0.01393973],
        ...,
        [ 0.36867624,  0.21193198,  0.68421981, ...,  0.        ,
          0.76076986,  0.67398742],
        [-0.46790071, -0.60594007, -0.11073754, ..., -0.76076986,
          0.        , -0.12458078],
        [-0.35415338, -0.50211418,  0.01393973, ..., -0.67398742,
          0.12458078,  0.        ]],

       [[ 0.        , -0.05793979, -0.04342625, ..., -0.78568044,
         -0.81029557, -0.99594826],
        [ 0.05793979,  0.        ,  0.01453183, ..., -0.74851712,
         -0.77498038, -0.98906474],
        [ 0.04342625, -0.01453183,  0.        , ..., -0.75807436,
         -0.78408245, -0.99110348],
        ...,
        [ 0.78568044,  0.74851712,  0.75807436, ...,  0.        ,
         -0.04084966, -0.54547131],
        [ 0.81029557,  0.77498038,  0.78408245, ...,  0.04084966,
          0.        , -0.5107787 ],
        [ 0.99594826,  0.98906474,  0.99110348, ...,  0.54547131,
          0.5107787 ,  0.        ]],

       ...,

       [[ 0.        ,  0.04027523,  0.11548024, ..., -0.99877892,
         -0.94698083, -0.99844112],
        [-0.04027523,  0.        ,  0.07538076, ..., -0.99597881,
         -0.9591525 , -0.99987898],
        [-0.11548024, -0.07538076,  0.        , ..., -0.98639179,
         -0.97774797, -0.99820687],
        ...,
        [ 0.99877892,  0.99597881,  0.98639179, ...,  0.        ,
          0.36768154,  0.10507303],
        [ 0.94698083,  0.9591525 ,  0.97774797, ..., -0.36768154,
          0.        , -0.2679334 ],
        [ 0.99844112,  0.99987898,  0.99820687, ..., -0.10507303,
          0.2679334 ,  0.        ]],

       [[ 0.        ,  0.06110469,  0.22549523, ...,  0.33031575,
          0.26935519,  0.2372702 ],
        [-0.06110469,  0.        ,  0.16554297, ...,  0.2720236 ,
          0.21000555,  0.17746706],
        [-0.22549523, -0.16554297,  0.        , ...,  0.10896993,
          0.04525662,  0.01210321],
        ...,
        [-0.33031575, -0.2720236 , -0.10896993, ...,  0.        ,
         -0.06387116, -0.09693081],
        [-0.26935519, -0.21000555, -0.04525662, ...,  0.06387116,
          0.        , -0.0331625 ],
        [-0.2372702 , -0.17746706, -0.01210321, ...,  0.09693081,
          0.0331625 ,  0.        ]],

       [[ 0.        ,  0.11378528,  0.18736897, ..., -0.06722757,
         -0.14457825, -0.62137633],
        [-0.11378528,  0.        ,  0.07438198, ..., -0.18031881,
         -0.25622904, -0.70649288],
        [-0.18736897, -0.07438198,  0.        , ..., -0.25298202,
         -0.32741806, -0.7571774 ],
        ...,
        [ 0.06722757,  0.18031881,  0.25298202, ...,  0.        ,
         -0.07772993, -0.56729695],
        [ 0.14457825,  0.25622904,  0.32741806, ...,  0.07772993,
          0.        , -0.50156893],
        [ 0.62137633,  0.70649288,  0.7571774 , ...,  0.56729695,
          0.50156893,  0.        ]]]), 'num': array([ 7.81428314e-01,  6.23974271e-01,  9.51383943e-06,  2.29190746e-04,
        2.35422519e-04,  2.27113489e-04,  5.03743257e-03, -7.61661090e-06,
        2.46778193e-04,  2.67100696e-04,  2.92997173e-04,  3.24297587e-07,
        3.06004241e-04,  2.28197151e-04])}
{'img': array([[[ 0.        ,  0.21896366,  0.13618034, ..., -0.52345134,
         -0.90645123, -0.99346996],
        [-0.21896366,  0.        , -0.08404815, ..., -0.69731796,
         -0.97692505, -0.94437901],
        [-0.13618034,  0.08404815,  0.        , ..., -0.63460812,
         -0.95551718, -0.96867751],
        ...,
        [ 0.52345134,  0.69731796,  0.63460812, ...,  0.        ,
         -0.55128782, -0.90621425],
        [ 0.90645123,  0.97692505,  0.95551718, ...,  0.55128782,
          0.        , -0.52297342],
        [ 0.99346996,  0.94437901,  0.96867751, ...,  0.90621425,
          0.52297342,  0.        ]],

       [[ 0.        ,  0.51412049,  0.03329365, ...,  0.60594007,
          0.50211418,  0.5228585 ],
        [-0.51412049,  0.        , -0.48527891, ...,  0.11073754,
         -0.01393973,  0.01021881],
        [-0.03329365,  0.48527891,  0.        , ...,  0.5791187 ,
          0.47304342,  0.49418848],
        ...,
        [-0.60594007, -0.11073754, -0.5791187 , ...,  0.        ,
         -0.12458078, -0.1005758 ],
        [-0.50211418,  0.01393973, -0.47304342, ...,  0.12458078,
          0.        ,  0.02415682],
        [-0.5228585 , -0.01021881, -0.49418848, ...,  0.1005758 ,
         -0.02415682,  0.        ]],

       [[ 0.        ,  0.0133545 ,  0.07663427, ..., -0.67814959,
         -0.81860038, -0.99799243],
        [-0.0133545 ,  0.        ,  0.06331221, ..., -0.68790365,
         -0.82619771, -0.99874922],
        [-0.07663427, -0.06331221,  0.        , ..., -0.73247569,
         -0.86020902, -0.99991111],
        ...,
        [ 0.67814959,  0.68790365,  0.73247569, ...,  0.        ,
         -0.21210462, -0.69049901],
        [ 0.81860038,  0.82619771,  0.86020902, ...,  0.21210462,
          0.        , -0.52136573],
        [ 0.99799243,  0.99874922,  0.99991111, ...,  0.69049901,
          0.52136573,  0.        ]],

       ...,

       [[ 0.        ,  0.07538076, -0.22677392, ..., -0.9591525 ,
         -0.99987898, -0.99954623],
        [-0.07538076,  0.        , -0.29954561, ..., -0.97774797,
         -0.99820687, -0.99897296],
        [ 0.22677392,  0.29954561,  0.        , ..., -0.87001215,
         -0.97030155, -0.96667459],
        ...,
        [ 0.9591525 ,  0.97774797,  0.87001215, ...,  0.        ,
         -0.2679334 , -0.25386952],
        [ 0.99987898,  0.99820687,  0.97030155, ...,  0.2679334 ,
          0.        ,  0.01456809],
        [ 0.99954623,  0.99897296,  0.96667459, ...,  0.25386952,
         -0.01456809,  0.        ]],

       [[ 0.        ,  0.16554297,  0.23449968, ...,  0.21000555,
          0.17746706,  0.16947364],
        [-0.16554297,  0.        ,  0.07033718, ...,  0.04525662,
          0.01210321,  0.00398699],
        [-0.23449968, -0.07033718,  0.        , ..., -0.02512058,
         -0.0582588 , -0.0663595 ],
        ...,
        [-0.21000555, -0.04525662,  0.02512058, ...,  0.        ,
         -0.0331625 , -0.04127335],
        [-0.17746706, -0.01210321,  0.0582588 , ...,  0.0331625 ,
          0.        , -0.00811641],
        [-0.16947364, -0.00398699,  0.0663595 , ...,  0.04127335,
          0.00811641,  0.        ]],

       [[ 0.        ,  0.06065585,  0.1368332 , ..., -0.19223273,
         -0.38819477, -0.81417711],
        [-0.06065585,  0.        ,  0.07649592, ..., -0.25140336,
         -0.44337907, -0.8478958 ],
        [-0.1368332 , -0.07649592,  0.        , ..., -0.32470578,
         -0.51064583, -0.88596667],
        ...,
        [ 0.19223273,  0.25140336,  0.32470578, ...,  0.        ,
         -0.20379736, -0.68737868],
        [ 0.38819477,  0.44337907,  0.51064583, ...,  0.20379736,
          0.        , -0.52493486],
        [ 0.81417711,  0.8478958 ,  0.88596667, ...,  0.68737868,
          0.52493486,  0.        ]]]), 'num': array([7.07105929e-01, 7.07105929e-01, 0.00000000e+00, 1.54707861e-04,
       1.55617907e-04, 1.47427491e-04, 1.47881604e-03, 4.09520808e-06,
       1.59076083e-04, 1.73727827e-04, 1.91981838e-04, 2.80953873e-07,
       1.99834578e-04, 1.47621077e-04])}
{'img': array([[[ 0.        , -0.08404815,  0.16088341, ..., -0.97692505,
         -0.94437901, -0.98698207],
        [ 0.08404815,  0.        ,  0.24326745, ..., -0.95551718,
         -0.96867751, -0.96997233],
        [-0.16088341, -0.24326745,  0.        , ..., -0.99856092,
         -0.87916901, -1.        ],
        ...,
        [ 0.97692505,  0.95551718,  0.99856092, ...,  0.        ,
         -0.52297342, -0.05368283],
        [ 0.94437901,  0.96867751,  0.87916901, ...,  0.52297342,
          0.        ,  0.4764628 ],
        [ 0.98698207,  0.96997233,  1.        , ...,  0.05368283,
         -0.4764628 ,  0.        ]],

       [[ 0.        , -0.48527891,  0.26743891, ..., -0.01393973,
          0.01021881, -0.53111832],
        [ 0.48527891,  0.        ,  0.70144026, ...,  0.47304342,
          0.49418848, -0.05321262],
        [-0.26743891, -0.70144026,  0.        , ..., -0.2808449 ,
         -0.25757836, -0.7383726 ],
        ...,
        [ 0.01393973, -0.47304342,  0.2808449 , ...,  0.        ,
          0.02415682, -0.51925561],
        [-0.01021881, -0.49418848,  0.25757836, ..., -0.02415682,
          0.        , -0.53974896],
        [ 0.53111832,  0.05321262,  0.7383726 , ...,  0.51925561,
          0.53974896,  0.        ]],

       [[ 0.        ,  0.05994945,  0.16412668, ..., -0.75807294,
         -0.89556938, -0.9999801 ],
        [-0.05994945,  0.        ,  0.10469499, ..., -0.7958067 ,
         -0.92063145, -0.99780332],
        [-0.16412668, -0.10469499,  0.        , ..., -0.85483138,
         -0.95644836, -0.98538414],
        ...,
        [ 0.75807294,  0.7958067 ,  0.85483138, ...,  0.        ,
         -0.24678004, -0.65693959],
        [ 0.89556938,  0.92063145,  0.95644836, ...,  0.24678004,
          0.        , -0.45056331],
        [ 0.9999801 ,  0.99780332,  0.98538414, ...,  0.65693959,
          0.45056331,  0.        ]],

       ...,

       [[ 0.        , -0.29954561, -0.09602744, ..., -0.99820687,
         -0.99897296, -0.96544029],
        [ 0.29954561,  0.        ,  0.20654327, ..., -0.97030155,
         -0.96667459, -0.84304031],
        [ 0.09602744, -0.20654327,  0.        , ..., -0.99934191,
         -0.99870742, -0.9359516 ],
        ...,
        [ 0.99820687,  0.97030155,  0.99934191, ...,  0.        ,
          0.01456809,  0.31794685],
        [ 0.99897296,  0.96667459,  0.99870742, ..., -0.01456809,
          0.        ,  0.30410098],
        [ 0.96544029,  0.84304031,  0.9359516 , ..., -0.31794685,
         -0.30410098,  0.        ]],

       [[ 0.        ,  0.07033718,  0.21657508, ...,  0.01210321,
          0.00398699, -0.12757871],
        [-0.07033718,  0.        ,  0.14737088, ..., -0.0582588 ,
         -0.0663595 , -0.19702515],
        [-0.21657508, -0.14737088,  0.        , ..., -0.20474326,
         -0.21268099, -0.33935607],
        ...,
        [-0.01210321,  0.0582588 ,  0.20474326, ...,  0.        ,
         -0.00811641, -0.13957367],
        [-0.00398699,  0.0663595 ,  0.21268099, ...,  0.00811641,
          0.        , -0.13153211],
        [ 0.12757871,  0.19702515,  0.33935607, ...,  0.13957367,
          0.13153211,  0.        ]],

       [[ 0.        ,  0.0705245 ,  0.13139065, ..., -0.38842059,
         -0.62229465, -0.88525547],
        [-0.0705245 ,  0.        ,  0.0611504 , ..., -0.45244051,
         -0.67595055, -0.91585253],
        [-0.13139065, -0.0611504 ,  0.        , ..., -0.50612739,
         -0.71975015, -0.93869136],
        ...,
        [ 0.38842059,  0.45244051,  0.50612739, ...,  0.        ,
         -0.26938437, -0.63509077],
        [ 0.62229465,  0.67595055,  0.71975015, ...,  0.26938437,
          0.        , -0.4035306 ],
        [ 0.88525547,  0.91585253,  0.93869136, ...,  0.63509077,
          0.4035306 ,  0.        ]]]), 'num': array([ 9.00146480e-01,  4.35585149e-01,  2.78180438e-05,  1.95275885e-04,
        2.00537810e-04,  1.94691227e-04,  1.23506736e-03, -3.50795003e-06,
        2.01239400e-04,  2.20679290e-04,  2.45741644e-04,  3.95504171e-07,
        2.54598494e-04,  1.86760086e-04])}
{'img': array([[[ 0.        ,  0.24326745,  0.25810961, ..., -0.96867751,
         -0.96997233, -0.99942871],
        [-0.24326745,  0.        ,  0.01533132, ..., -0.87916901,
         -1.        , -0.97762686],
        [-0.25810961, -0.01533132,  0.        , ..., -0.87176015,
         -0.99988164, -0.97428707],
        ...,
        [ 0.96867751,  0.87916901,  0.87176015, ...,  0.        ,
          0.4764628 ,  0.28091879],
        [ 0.96997233,  1.        ,  0.99988164, ..., -0.4764628 ,
          0.        , -0.21029409],
        [ 0.99942871,  0.97762686,  0.97428707, ..., -0.28091879,
          0.21029409,  0.        ]],

       [[ 0.        ,  0.70144026,  0.36969308, ...,  0.49418848,
         -0.05321262, -0.3596719 ],
        [-0.70144026,  0.        , -0.38825528, ..., -0.25757836,
         -0.7383726 , -0.91084739],
        [-0.36969308,  0.38825528,  0.        , ...,  0.13778272,
         -0.41861201, -0.67914335],
        ...,
        [-0.49418848,  0.25757836, -0.13778272, ...,  0.        ,
         -0.53974896, -0.7737993 ],
        [ 0.05321262,  0.7383726 ,  0.41861201, ...,  0.53974896,
          0.        , -0.30951075],
        [ 0.3596719 ,  0.91084739,  0.67914335, ...,  0.7737993 ,
          0.30951075,  0.        ]],

       [[ 0.        ,  0.10093323,  0.19986994, ..., -0.87140125,
         -0.95461267, -0.99453672],
        [-0.10093323,  0.        ,  0.0999526 , ..., -0.91646609,
         -0.97980062, -0.97892168],
        [-0.19986994, -0.0999526 ,  0.        , ..., -0.95186888,
         -0.99488218, -0.95360551],
        ...,
        [ 0.87140125,  0.91646609,  0.95186888, ...,  0.        ,
         -0.20875836, -0.57885405],
        [ 0.95461267,  0.97980062,  0.99488218, ...,  0.20875836,
          0.        , -0.39587224],
        [ 0.99453672,  0.97892168,  0.95360551, ...,  0.57885405,
          0.39587224,  0.        ]],

       ...,

       [[ 0.        ,  0.20654327,  0.08201261, ..., -0.96667459,
         -0.84304031, -0.783029  ],
        [-0.20654327,  0.        , -0.12560327, ..., -0.99870742,
         -0.9359516 , -0.89461177],
        [-0.08201261,  0.12560327,  0.        , ..., -0.98441405,
         -0.88431087, -0.83140184],
        ...,
        [ 0.96667459,  0.99870742,  0.98441405, ...,  0.        ,
          0.30410098,  0.40079536],
        [ 0.84304031,  0.9359516 ,  0.88431087, ..., -0.30410098,
          0.        ,  0.10320615],
        [ 0.783029  ,  0.89461177,  0.83140184, ..., -0.40079536,
         -0.10320615,  0.        ]],

       [[ 0.        ,  0.14737088,  0.2471393 , ..., -0.0663595 ,
         -0.19702515, -0.42528347],
        [-0.14737088,  0.        ,  0.10164142, ..., -0.21268099,
         -0.33935607, -0.55401945],
        [-0.2471393 , -0.10164142,  0.        , ..., -0.31089558,
         -0.4332084 , -0.6357671 ],
        ...,
        [ 0.0663595 ,  0.21268099,  0.31089558, ...,  0.        ,
         -0.13153211, -0.3642867 ],
        [ 0.19702515,  0.33935607,  0.4332084 , ...,  0.13153211,
          0.        , -0.23862763],
        [ 0.42528347,  0.55401945,  0.6357671 , ...,  0.3642867 ,
          0.23862763,  0.        ]],

       [[ 0.        ,  0.05748308,  0.12894448, ..., -0.59901263,
         -0.72884004, -0.93825468],
        [-0.05748308,  0.        ,  0.07172807, ..., -0.64405113,
         -0.76699263, -0.95658926],
        [-0.12894448, -0.07172807,  0.        , ..., -0.69726291,
         -0.81104177, -0.97502969],
        ...,
        [ 0.59901263,  0.64405113,  0.69726291, ...,  0.        ,
         -0.17347669, -0.54407205],
        [ 0.72884004,  0.76699263,  0.81104177, ...,  0.17347669,
          0.        , -0.3902692 ],
        [ 0.93825468,  0.95658926,  0.97502969, ...,  0.54407205,
          0.3902692 ,  0.        ]]]), 'num': array([8.55868976e-01, 5.17189905e-01, 1.91344108e-05, 1.92431291e-04,
       1.92431291e-04, 1.84277422e-04, 1.60564886e-03, 1.08718243e-05,
       1.84929732e-04, 2.03140038e-04, 2.27846258e-04, 4.47663355e-07,
       2.32352895e-04, 1.73927181e-04])}
{'img': array([[[ 0.        ,  0.01533132,  0.22802562, ..., -1.        ,
         -0.97762686, -0.95206989],
        [-0.01533132,  0.        ,  0.2130714 , ..., -0.99988164,
         -0.97428707, -0.95664754],
        [-0.22802562, -0.2130714 ,  0.        , ..., -0.97364287,
         -0.90390699, -0.99673634],
        ...,
        [ 1.        ,  0.99988164,  0.97364287, ...,  0.        ,
         -0.21029409,  0.30593177],
        [ 0.97762686,  0.97428707,  0.90390699, ...,  0.21029409,
          0.        ,  0.49930179],
        [ 0.95206989,  0.95664754,  0.99673634, ..., -0.30593177,
         -0.49930179,  0.        ]],

       [[ 0.        , -0.38825528, -0.21747484, ..., -0.7383726 ,
         -0.91084739, -0.77905653],
        [ 0.38825528,  0.        ,  0.1785484 , ..., -0.41861201,
         -0.67914335, -0.47452292],
        [ 0.21747484, -0.1785484 ,  0.        , ..., -0.57403683,
         -0.79928582, -0.62406388],
        ...,
        [ 0.7383726 ,  0.41861201,  0.57403683, ...,  0.        ,
         -0.30951075, -0.06246483],
        [ 0.91084739,  0.67914335,  0.79928582, ...,  0.30951075,
          0.        ,  0.24950877],
        [ 0.77905653,  0.47452292,  0.62406388, ...,  0.06246483,
         -0.24950877,  0.        ]],

       [[ 0.        ,  0.0976292 ,  0.22622931, ..., -0.9547319 ,
         -0.99341467, -0.9737532 ],
        [-0.0976292 ,  0.        ,  0.1300505 , ..., -0.97921254,
         -0.9998548 , -0.94688041],
        [-0.22622931, -0.1300505 ,  0.        , ..., -0.99727549,
         -0.99357956, -0.8970165 ],
        ...,
        [ 0.9547319 ,  0.97921254,  0.99727549, ...,  0.        ,
         -0.18612089, -0.50696321],
        [ 0.99341467,  0.9998548 ,  0.99357956, ...,  0.18612089,
          0.        , -0.33767477],
        [ 0.9737532 ,  0.94688041,  0.8970165 , ...,  0.50696321,
          0.33767477,  0.        ]],

       ...,

       [[ 0.        , -0.12560327,  0.02072181, ..., -0.9359516 ,
         -0.89461177, -0.76529765],
        [ 0.12560327,  0.        ,  0.14613401, ..., -0.88431087,
         -0.83140184, -0.67838903],
        [-0.02072181, -0.14613401,  0.        , ..., -0.94304738,
         -0.9036791 , -0.77847147],
        ...,
        [ 0.9359516 ,  0.88431087,  0.94304738, ...,  0.        ,
          0.10320615,  0.33296687],
        [ 0.89461177,  0.83140184,  0.9036791 , ..., -0.10320615,
          0.        ,  0.23387177],
        [ 0.76529765,  0.67838903,  0.77847147, ..., -0.33296687,
         -0.23387177,  0.        ]],

       [[ 0.        ,  0.08610009,  0.21575298, ..., -0.26527526,
         -0.4028708 , -0.88118808],
        [-0.08610009,  0.        ,  0.13087952, ..., -0.34730552,
         -0.48017844, -0.91862096],
        [-0.21575298, -0.13087952,  0.        , ..., -0.46705063,
         -0.59085178, -0.96243496],
        ...,
        [ 0.26527526,  0.34730552,  0.46705063, ...,  0.        ,
         -0.14564204, -0.72420441],
        [ 0.4028708 ,  0.48017844,  0.59085178, ...,  0.14564204,
          0.        , -0.61604986],
        [ 0.88118808,  0.91862096,  0.96243496, ...,  0.72420441,
          0.61604986,  0.        ]],

       [[ 0.        ,  0.07172807,  0.13335317, ..., -0.76699263,
         -0.95658926, -0.91104785],
        [-0.07172807,  0.        ,  0.06192225, ..., -0.81104177,
         -0.97502969, -0.93827472],
        [-0.13335317, -0.06192225,  0.        , ..., -0.84570915,
         -0.98690994, -0.95789249],
        ...,
        [ 0.76699263,  0.81104177,  0.84570915, ...,  0.        ,
         -0.3902692 , -0.26834767],
        [ 0.95658926,  0.97502969,  0.98690994, ...,  0.3902692 ,
          0.        ,  0.12888704],
        [ 0.91104785,  0.93827472,  0.95789249, ...,  0.26834767,
         -0.12888704,  0.        ]]]), 'num': array([9.57471217e-01, 2.88521804e-01, 3.75814277e-05, 2.15651003e-04,
       2.21102855e-04, 2.10804914e-04, 1.90717871e-03, 1.21152249e-06,
       2.07776107e-04, 2.24222525e-04, 2.53046664e-04, 5.58503276e-07,
       2.53475902e-04, 1.94969149e-04])}
{'img': array([[[ 0.        ,  0.2130714 ,  0.24860475, ..., -0.97428707,
         -0.95664754, -0.94537498],
        [-0.2130714 ,  0.        ,  0.03651393, ..., -0.90390699,
         -0.99673634, -0.99312404],
        [-0.24860475, -0.03651393,  0.        , ..., -0.88768615,
         -0.99901928, -0.99673634],
        ...,
        [ 0.97428707,  0.90390699,  0.88768615, ...,  0.        ,
          0.49930179,  0.53060552],
        [ 0.95664754,  0.99673634,  0.99901928, ..., -0.49930179,
          0.        ,  0.03651393],
        [ 0.94537498,  0.99312404,  0.99673634, ..., -0.53060552,
         -0.03651393,  0.        ]],

       [[ 0.        ,  0.1785484 , -0.0731626 , ..., -0.67914335,
         -0.47452292, -0.43728386],
        [-0.1785484 ,  0.        , -0.25005685, ..., -0.79928582,
         -0.62406388, -0.59082998],
        [ 0.0731626 ,  0.25005685,  0.        , ..., -0.6236215 ,
         -0.40885034, -0.37031511],
        ...,
        [ 0.67914335,  0.79928582,  0.6236215 , ...,  0.        ,
          0.24950877,  0.28980077],
        [ 0.47452292,  0.62406388,  0.40885034, ..., -0.24950877,
          0.        ,  0.04183351],
        [ 0.43728386,  0.59082998,  0.37031511, ..., -0.28980077,
         -0.04183351,  0.        ]],

       [[ 0.        ,  0.1300505 ,  0.21916697, ..., -0.9998548 ,
         -0.94688041, -0.99921401],
        [-0.1300505 ,  0.        ,  0.09041704, ..., -0.99357956,
         -0.8970165 , -0.98557279],
        [-0.21916697, -0.09041704,  0.        , ..., -0.97928046,
         -0.85337824, -0.96623259],
        ...,
        [ 0.9998548 ,  0.99357956,  0.97928046, ...,  0.        ,
         -0.33767477, -0.05666212],
        [ 0.94688041,  0.8970165 ,  0.85337824, ...,  0.33767477,
          0.        ,  0.28379832],
        [ 0.99921401,  0.98557279,  0.96623259, ...,  0.05666212,
         -0.28379832,  0.        ]],

       ...,

       [[ 0.        ,  0.14613401,  0.27605748, ..., -0.83140184,
         -0.67838903, -0.56212343],
        [-0.14613401,  0.        ,  0.13263854, ..., -0.9036791 ,
         -0.77847147, -0.67694954],
        [-0.27605748, -0.13263854,  0.        , ..., -0.95249182,
         -0.85484783, -0.76859421],
        ...,
        [ 0.83140184,  0.9036791 ,  0.95249182, ...,  0.        ,
          0.23387177,  0.37525762],
        [ 0.67838903,  0.77847147,  0.85484783, ..., -0.23387177,
          0.        ,  0.14807023],
        [ 0.56212343,  0.67694954,  0.76859421, ..., -0.37525762,
         -0.14807023,  0.        ]],

       [[ 0.        ,  0.11238971,  0.19177969, ..., -0.38123445,
         -0.61078285, -0.96908008],
        [-0.11238971,  0.        ,  0.08026109, ..., -0.48272088,
         -0.69590301, -0.99067195],
        [-0.19177969, -0.08026109,  0.        , ..., -0.55145416,
         -0.7512963 , -0.99841297],
        ...,
        [ 0.38123445,  0.48272088,  0.55145416, ...,  0.        ,
         -0.26279481, -0.80182535],
        [ 0.61078285,  0.69590301,  0.7512963 , ...,  0.26279481,
          0.        , -0.61660733],
        [ 0.96908008,  0.99067195,  0.99841297, ...,  0.80182535,
          0.61660733,  0.        ]],

       [[ 0.        ,  0.06192225,  0.1465605 , ..., -0.97502969,
         -0.93827472, -0.87645213],
        [-0.06192225,  0.        ,  0.08502566, ..., -0.98690994,
         -0.95789249, -0.90458508],
        [-0.1465605 , -0.08502566,  0.        , ..., -0.99704839,
         -0.97883691, -0.93755522],
        ...,
        [ 0.97502969,  0.98690994,  0.99704839, ...,  0.        ,
          0.12888704,  0.27482838],
        [ 0.93827472,  0.95789249,  0.97883691, ..., -0.12888704,
          0.        ,  0.1486121 ],
        [ 0.87645213,  0.90458508,  0.93755522, ..., -0.27482838,
         -0.1486121 ,  0.        ]]]), 'num': array([ 9.58675302e-01,  2.84479091e-01,  3.88585712e-05,  2.14302673e-04,
        2.26036825e-04,  2.10597152e-04,  3.59213276e-03, -5.55828259e-06,
        2.13808604e-04,  2.26098584e-04,  2.57008811e-04,  5.16065812e-07,
        2.51594979e-04,  2.00602189e-04])}
{'img': array([[[ 0.        ,  0.03651393,  0.11350913, ..., -0.99673634,
         -0.99312404, -0.99825946],
        [-0.03651393,  0.        ,  0.0771555 , ..., -0.99901928,
         -0.99673634, -0.99544035],
        [-0.11350913, -0.0771555 ,  0.        , ..., -0.99945751,
         -0.99999359, -0.98511345],
        ...,
        [ 0.99673634,  0.99901928,  0.99945751, ...,  0.        ,
          0.03651393, -0.13936796],
        [ 0.99312404,  0.99673634,  0.99999359, ..., -0.03651393,
          0.        , -0.17543259],
        [ 0.99825946,  0.99544035,  0.98511345, ...,  0.13936796,
          0.17543259,  0.        ]],

       [[ 0.        , -0.25005685, -0.24888894, ..., -0.62406388,
         -0.59082998, -0.21521401],
        [ 0.25005685,  0.        ,  0.00120604, ..., -0.40885034,
         -0.37031511,  0.03582033],
        [ 0.24888894, -0.00120604,  0.        , ..., -0.40995067,
         -0.37143514,  0.03461504],
        ...,
        [ 0.62406388,  0.40885034,  0.40995067, ...,  0.        ,
          0.04183351,  0.44127764],
        [ 0.59082998,  0.37031511,  0.37143514, ..., -0.04183351,
          0.        ,  0.40335119],
        [ 0.21521401, -0.03582033, -0.03461504, ..., -0.44127764,
         -0.40335119,  0.        ]],

       [[ 0.        ,  0.09041704,  0.22181231, ..., -0.8970165 ,
         -0.98557279, -0.99939093],
        [-0.09041704,  0.        ,  0.13273907, ..., -0.85337824,
         -0.96623259, -0.99214219],
        [-0.22181231, -0.13273907,  0.        , ..., -0.77663087,
         -0.92347935, -0.96675503],
        ...,
        [ 0.8970165 ,  0.85337824,  0.77663087, ...,  0.        ,
          0.28379832,  0.41042519],
        [ 0.98557279,  0.96623259,  0.92347935, ..., -0.28379832,
          0.        ,  0.13475608],
        [ 0.99939093,  0.99214219,  0.96675503, ..., -0.41042519,
         -0.13475608,  0.        ]],

       ...,

       [[ 0.        ,  0.13263854,  0.15049896, ..., -0.77847147,
         -0.67694954, -0.76671482],
        [-0.13263854,  0.        ,  0.01804141, ..., -0.85484783,
         -0.76859421, -0.84509282],
        [-0.15049896, -0.01804141,  0.        , ..., -0.86407   ,
         -0.78001087, -0.85460057],
        ...,
        [ 0.77847147,  0.85484783,  0.86407   , ...,  0.        ,
          0.14807023,  0.01851767],
        [ 0.67694954,  0.76859421,  0.78001087, ..., -0.14807023,
          0.        , -0.12973129],
        [ 0.76671482,  0.84509282,  0.85460057, ..., -0.01851767,
          0.12973129,  0.        ]],

       [[ 0.        ,  0.07069826,  0.15289905, ..., -0.57665466,
         -0.76564935, -0.99998791],
        [-0.07069826,  0.        ,  0.08264948, ..., -0.63297136,
         -0.80921074, -0.99783337],
        [-0.15289905, -0.08264948,  0.        , ..., -0.69479093,
         -0.85500026, -0.98898179],
        ...,
        [ 0.57665466,  0.63297136,  0.69479093, ...,  0.        ,
         -0.25458852, -0.81414224],
        [ 0.76564935,  0.80921074,  0.85500026, ...,  0.25458852,
          0.        , -0.63948505],
        [ 0.99998791,  0.99783337,  0.98898179, ...,  0.81414224,
          0.63948505,  0.        ]],

       [[ 0.        ,  0.08502566,  0.15396371, ..., -0.95789249,
         -0.90458508, -0.83727198],
        [-0.08502566,  0.        ,  0.06939431, ..., -0.97883691,
         -0.93755522, -0.88073091],
        [-0.15396371, -0.06939431,  0.        , ..., -0.99067822,
         -0.95943293, -0.91147407],
        ...,
        [ 0.95789249,  0.97883691,  0.99067822, ...,  0.        ,
          0.1486121 ,  0.28335934],
        [ 0.90458508,  0.93755522,  0.95943293, ..., -0.1486121 ,
          0.        ,  0.13769175],
        [ 0.83727198,  0.88073091,  0.91147407, ..., -0.28335934,
         -0.13769175,  0.        ]]]), 'num': array([8.30998080e-01, 5.56267175e-01, 1.47704787e-05, 1.94844613e-04,
       1.96939716e-04, 1.84369096e-04, 2.95284916e-03, 1.30943960e-05,
       1.84683362e-04, 1.90628217e-04, 2.17244760e-04, 5.49325882e-07,
       2.08882313e-04, 1.72374122e-04])}
{'img': array([[[ 0.        ,  0.0771555 , -0.12279198, ..., -0.99673634,
         -0.99544035, -0.94236905],
        [-0.0771555 ,  0.        , -0.19899757, ..., -0.99999359,
         -0.98511345, -0.96537423],
        [ 0.12279198,  0.19899757,  0.        , ..., -0.97928098,
         -0.99961994, -0.89415445],
        ...,
        [ 0.99673634,  0.99999359,  0.97928098, ...,  0.        ,
         -0.17543259,  0.25740972],
        [ 0.99544035,  0.98511345,  0.99961994, ...,  0.17543259,
          0.        ,  0.42293859],
        [ 0.94236905,  0.96537423,  0.89415445, ..., -0.25740972,
         -0.42293859,  0.        ]],

       [[ 0.        ,  0.00120604,  0.29319677, ..., -0.37031511,
          0.03582033,  0.01281905],
        [-0.00120604,  0.        ,  0.29204352, ..., -0.37143514,
          0.03461504,  0.0116131 ],
        [-0.29319677, -0.29204352,  0.        , ..., -0.62639284,
         -0.25876251, -0.280917  ],
        ...,
        [ 0.37031511,  0.37143514,  0.62639284, ...,  0.        ,
          0.40335119,  0.38219237],
        [-0.03582033, -0.03461504,  0.25876251, ..., -0.40335119,
          0.        , -0.02300657],
        [-0.01281905, -0.0116131 ,  0.280917  , ..., -0.38219237,
          0.02300657,  0.        ]],

       [[ 0.        ,  0.13273907,  0.16687171, ..., -0.96623259,
         -0.99214219, -0.99791063],
        [-0.13273907,  0.        ,  0.03451718, ..., -0.92347935,
         -0.96675503, -0.99765633],
        [-0.16687171, -0.03451718,  0.        , ..., -0.9096866 ,
         -0.95735275, -0.99470003],
        ...,
        [ 0.96623259,  0.92347935,  0.9096866 , ...,  0.        ,
          0.13475608,  0.31956081],
        [ 0.99214219,  0.96675503,  0.95735275, ..., -0.13475608,
          0.        ,  0.18895578],
        [ 0.99791063,  0.99765633,  0.99470003, ..., -0.31956081,
         -0.18895578,  0.        ]],

       ...,

       [[ 0.        ,  0.01804141, -0.43535802, ..., -0.76859421,
         -0.84509282, -0.63580194],
        [-0.01804141,  0.        , -0.45152908, ..., -0.78001087,
         -0.85460057, -0.64962376],
        [ 0.43535802,  0.45152908,  0.        , ..., -0.41341816,
         -0.52805014, -0.23635333],
        ...,
        [ 0.76859421,  0.78001087,  0.41341816, ...,  0.        ,
         -0.12973129,  0.18649539],
        [ 0.84509282,  0.85460057,  0.52805014, ...,  0.12973129,
          0.        ,  0.31237462],
        [ 0.63580194,  0.64962376,  0.23635333, ..., -0.18649539,
         -0.31237462,  0.        ]],

       [[ 0.        ,  0.07667853,  0.12742015, ..., -0.72840092,
         -0.90523293, -0.98976436],
        [-0.07667853,  0.        ,  0.05099149, ..., -0.7787928 ,
         -0.93514972, -0.97590747],
        [-0.12742015, -0.05099149,  0.        , ..., -0.80976566,
         -0.95199705, -0.96351233],
        ...,
        [ 0.72840092,  0.7787928 ,  0.80976566, ...,  0.        ,
         -0.31071241, -0.78208923],
        [ 0.90523293,  0.93514972,  0.95199705, ...,  0.31071241,
          0.        , -0.54975336],
        [ 0.98976436,  0.97590747,  0.96351233, ...,  0.78208923,
          0.54975336,  0.        ]],

       [[ 0.        ,  0.06939431,  0.11403431, ..., -0.93755522,
         -0.88073091, -0.80306296],
        [-0.06939431,  0.        ,  0.04481777, ..., -0.95943293,
         -0.91147407, -0.84247869],
        [-0.11403431, -0.04481777,  0.        , ..., -0.97110466,
         -0.92899433, -0.86577681],
        ...,
        [ 0.93755522,  0.95943293,  0.97110466, ...,  0.        ,
          0.13769175,  0.27934911],
        [ 0.88073091,  0.91147407,  0.92899433, ..., -0.13769175,
          0.        ,  0.14447816],
        [ 0.80306296,  0.84247869,  0.86577681, ..., -0.27934911,
         -0.14447816,  0.        ]]]), 'num': array([8.12815694e-01, 5.82511483e-01, 1.18408335e-05, 1.96841206e-04,
       1.97347225e-04, 1.84696761e-04, 3.27552875e-03, 8.60231491e-06,
       1.83988335e-04, 1.83963035e-04, 2.09306129e-04, 5.33619535e-07,
       2.00905136e-04, 1.67020933e-04])}
{'img': array([[[ 0.        , -0.19899757,  0.43096371, ..., -0.98511345,
         -0.96537423, -0.87421314],
        [ 0.19899757,  0.        ,  0.60191372, ..., -0.99961994,
         -0.89415445, -0.76010711],
        [-0.43096371, -0.60191372,  0.        , ..., -0.81485108,
         -0.98354907, -0.9981142 ],
        ...,
        [ 0.98511345,  0.99961994,  0.81485108, ...,  0.        ,
          0.42293859,  0.62859634],
        [ 0.96537423,  0.89415445,  0.98354907, ..., -0.42293859,
          0.        ,  0.24067505],
        [ 0.87421314,  0.76010711,  0.9981142 , ..., -0.62859634,
         -0.24067505,  0.        ]],

       [[ 0.        ,  0.29204352,  0.78241141, ...,  0.03461504,
          0.0116131 ,  0.11578988],
        [-0.29204352,  0.        ,  0.93017579, ..., -0.25876251,
         -0.280917  , -0.17933714],
        [-0.78241141, -0.93017579,  0.        , ..., -0.80349946,
         -0.78959084, -0.84925822],
        ...,
        [-0.03461504,  0.25876251,  0.80349946, ...,  0.        ,
         -0.02300657,  0.08133827],
        [-0.0116131 ,  0.280917  ,  0.78959084, ...,  0.02300657,
          0.        ,  0.10424708],
        [-0.11578988,  0.17933714,  0.84925822, ..., -0.08133827,
         -0.10424708,  0.        ]],

       [[ 0.        ,  0.03451718,  0.17957293, ..., -0.96675503,
         -0.99765633, -0.98502467],
        [-0.03451718,  0.        ,  0.14550983, ..., -0.95735275,
         -0.99470003, -0.99038892],
        [-0.17957293, -0.14550983,  0.        , ..., -0.90512252,
         -0.96915198, -0.99997355],
        ...,
        [ 0.96675503,  0.95735275,  0.90512252, ...,  0.        ,
          0.18895578,  0.41855669],
        [ 0.99765633,  0.99470003,  0.96915198, ..., -0.18895578,
          0.        ,  0.23940876],
        [ 0.98502467,  0.99038892,  0.99997355, ..., -0.41855669,
         -0.23940876,  0.        ]],

       ...,

       [[ 0.        , -0.45152908, -0.22179092, ..., -0.85460057,
         -0.64962376, -0.64311795],
        [ 0.45152908,  0.        ,  0.24238904, ..., -0.52805014,
         -0.23635333, -0.22805998],
        [ 0.22179092, -0.24238904,  0.        , ..., -0.7181432 ,
         -0.46482654, -0.45726041],
        ...,
        [ 0.85460057,  0.52805014,  0.7181432 , ...,  0.        ,
          0.31237462,  0.32046293],
        [ 0.64962376,  0.23635333,  0.46482654, ..., -0.31237462,
          0.        ,  0.00852633],
        [ 0.64311795,  0.22805998,  0.45726041, ..., -0.32046293,
         -0.00852633,  0.        ]],

       [[ 0.        ,  0.05030945,  0.20181534, ..., -0.92016351,
         -0.99966751, -0.97289755],
        [-0.05030945,  0.        ,  0.15228551, ..., -0.93869616,
         -0.99969884, -0.96003217],
        [-0.20181534, -0.15228551,  0.        , ..., -0.98024748,
         -0.98430173, -0.90621173],
        ...,
        [ 0.92016351,  0.93869616,  0.98024748, ...,  0.        ,
         -0.36767781, -0.59369823],
        [ 0.99966751,  0.99969884,  0.98430173, ...,  0.36767781,
          0.        , -0.25624575],
        [ 0.97289755,  0.96003217,  0.90621173, ...,  0.59369823,
          0.25624575,  0.        ]],

       [[ 0.        ,  0.04481777,  0.05631132, ..., -0.91147407,
         -0.84247869, -0.82689471],
        [-0.04481777,  0.        ,  0.01150808, ..., -0.92899433,
         -0.86577681, -0.85126741],
        [-0.05631132, -0.01150808,  0.        , ..., -0.93319188,
         -0.87147847, -0.85724969],
        ...,
        [ 0.91147407,  0.92899433,  0.93319188, ...,  0.        ,
          0.14447816,  0.17242424],
        [ 0.84247869,  0.86577681,  0.87147847, ..., -0.14447816,
          0.        ,  0.02830088],
        [ 0.82689471,  0.85126741,  0.85724969, ..., -0.17242424,
         -0.02830088,  0.        ]]]), 'num': array([8.02561435e-01, 5.96526474e-01, 1.00750592e-05, 2.01797219e-04,
       2.09691487e-04, 1.89462426e-04, 7.14243742e-03, 9.86783468e-06,
       1.84824544e-04, 1.80137322e-04, 2.03655661e-04, 5.68473085e-07,
       1.99136172e-04, 1.61138473e-04])}
{'img': array([[[ 0.        ,  0.60191372,  0.60191372, ..., -0.89415445,
         -0.76010711, -0.55897775],
        [-0.60191372,  0.        ,  0.        , ..., -0.98354907,
         -0.9981142 , -0.94547432],
        [-0.60191372,  0.        ,  0.        , ..., -0.98354907,
         -0.9981142 , -0.94547432],
        ...,
        [ 0.89415445,  0.98354907,  0.98354907, ...,  0.        ,
          0.24067505,  0.49113023],
        [ 0.76010711,  0.9981142 ,  0.9981142 , ..., -0.24067505,
          0.        ,  0.26704512],
        [ 0.55897775,  0.94547432,  0.94547432, ..., -0.49113023,
         -0.26704512,  0.        ]],

       [[ 0.        ,  0.93017579,  0.99713782, ..., -0.280917  ,
         -0.17933714,  0.62311993],
