state_0,state_1,state_2,state_3,state_4,state_5,state_6,state_7,state_8,state_9,state_10,state_11,state_12,state_13,state_14,state_15,state_16,state_17,state_18,state_19,state_20,state_21,state_22,state_23,state_24,state_25,state_26,state_27,state_28,state_29,state_30,state_31,state_32,state_33,state_34,state_35,state_36,state_37,state_38,state_39,state_40,state_41,state_42,state_43,state_44,state_45,state_46,state_47,state_48,state_49,state_50,state_51,state_52,state_53,state_54,state_55,state_56,state_57,state_58,state_59,state_60,state_61,state_62,state_63,state_64,state_65,state_66,state_67,state_68,state_69,state_70,state_71,state_72,state_73,state_74,state_75,state_76,state_77,state_78,state_79,state_80,state_81,state_82,state_83,state_84,state_85,state_86,state_87,state_88,state_89,state_90,state_91,state_92,state_93,state_94,state_95,state_96,state_97,state_98,state_99,state_100,state_101,state_102,state_103,state_104,state_105,state_106,state_107,state_108,state_109,state_110,state_111,state_112,state_113,state_114,state_115,state_116,state_117,state_118,state_119,state_120,state_121,state_122,state_123,state_124,state_125,state_126,state_127,state_128,state_129,state_130,state_131,state_132,state_133,state_134,state_135,state_136,state_137,state_138,state_139,state_140,state_141,state_142,state_143,state_144,state_145,state_146,state_147,state_148,state_149,state_150,state_151,state_152,state_153,state_154,state_155,state_156,state_157,state_158,state_159,state_160,state_161,state_162,state_163,state_164,state_165,state_166,state_167,state_168,state_169,state_170,state_171,state_172,state_173,state_174,state_175,state_176,state_177,state_178,state_179,state_180,state_181,state_182,state_183,state_184,state_185,state_186,state_187,state_188,state_189,state_190,state_191,state_192,state_193,state_194,state_195,state_196,state_197,state_198,state_199,state_200,state_201,state_202,state_203,state_204,state_205,state_206,state_207,state_208,state_209,state_210,state_211,state_212,state_213,state_214,state_215,state_216,state_217,state_218,state_219,state_220,state_221,state_222,state_223,state_224,state_225,state_226,state_227,state_228,state_229,state_230,state_231,state_232,state_233,state_234,state_235,state_236,state_237,state_238,state_239,state_240,state_241,state_242,state_243,state_244,state_245,state_246,state_247,state_248,state_249,state_250,state_251,state_252,state_253,state_254,state_255,state_256,state_257,state_258,state_259,state_260,state_261,state_262,state_263,state_264,state_265,state_266,state_267,state_268,state_269,state_270,state_271,state_272,state_273,state_274,state_275,state_276,state_277,state_278,state_279,state_280,state_281,state_282,state_283,state_284,state_285,state_286,state_287
{'img': array([[[ 0.00000000e+00,  5.26488937e-02,  1.44510363e-01, ...,
          9.96571162e-01,  9.85633055e-01,  9.82926662e-01],
        [-5.26488937e-02,  0.00000000e+00,  9.22136857e-02, ...,
          9.90832830e-01,  9.75373625e-01,  9.71876148e-01],
        [-1.44510363e-01, -9.22136857e-02,  0.00000000e+00, ...,
          9.74153644e-01,  9.50879231e-01,  9.46019579e-01],
        ...,
        [-9.96571162e-01, -9.90832830e-01, -9.74153644e-01, ...,
          0.00000000e+00, -8.67703272e-02, -1.02039449e-01],
        [-9.85633055e-01, -9.75373625e-01, -9.50879231e-01, ...,
          8.67703272e-02,  0.00000000e+00, -1.53371744e-02],
        [-9.82926662e-01, -9.71876148e-01, -9.46019579e-01, ...,
          1.02039449e-01,  1.53371744e-02,  0.00000000e+00]],

       [[ 0.00000000e+00,  6.76672835e-02,  3.02677292e-01, ...,
          3.39802937e-01,  3.12554956e-01,  3.45932439e-01],
        [-6.76672835e-02,  0.00000000e+00,  2.37490318e-01, ...,
          2.75383235e-01,  2.47561431e-01,  2.81650076e-01],
        [-3.02677292e-01, -2.37490318e-01,  0.00000000e+00, ...,
          3.91968527e-02,  1.03809086e-02,  4.57159990e-02],
        ...,
        [-3.39802937e-01, -2.75383235e-01, -3.91968527e-02, ...,
          0.00000000e+00, -2.88218097e-02,  6.52499511e-03],
        [-3.12554956e-01, -2.47561431e-01, -1.03809086e-02, ...,
          2.88218097e-02,  0.00000000e+00,  3.53434805e-02],
        [-3.45932439e-01, -2.81650076e-01, -4.57159990e-02, ...,
         -6.52499511e-03, -3.53434805e-02,  0.00000000e+00]],

       [[ 0.00000000e+00,  3.38430625e-01,  4.51619071e-01, ...,
          6.79076333e-01,  7.28272948e-01,  7.59361678e-01],
        [-3.38430625e-01,  0.00000000e+00,  1.23018159e-01, ...,
          8.87435930e-01,  9.17220708e-01,  9.34759004e-01],
        [-4.51619071e-01, -1.23018159e-01,  0.00000000e+00, ...,
          9.37398234e-01,  9.59261790e-01,  9.71365158e-01],
        ...,
        [-6.79076333e-01, -8.87435930e-01, -9.37398234e-01, ...,
          0.00000000e+00, -6.92393193e-02, -1.15569094e-01],
        [-7.28272948e-01, -9.17220708e-01, -9.59261790e-01, ...,
          6.92393193e-02,  0.00000000e+00, -4.65163601e-02],
        [-7.59361678e-01, -9.34759004e-01, -9.71365158e-01, ...,
          1.15569094e-01,  4.65163601e-02,  0.00000000e+00]],

       ...,

       [[ 0.00000000e+00,  2.29084947e-01,  5.41721463e-01, ...,
          3.16804361e-01,  3.42908398e-01, -5.61492065e-01],
        [-2.29084947e-01,  0.00000000e+00,  3.34755958e-01, ...,
          9.10944145e-02,  1.18593978e-01, -7.36123687e-01],
        [-5.41721463e-01, -3.34755958e-01,  0.00000000e+00, ...,
         -2.47525421e-01, -2.20641847e-01, -9.20231508e-01],
        ...,
        [-3.16804361e-01, -9.10944145e-02,  2.47525421e-01, ...,
          0.00000000e+00,  2.76493493e-02, -7.94720062e-01],
        [-3.42908398e-01, -1.18593978e-01,  2.20641847e-01, ...,
         -2.76493493e-02,  0.00000000e+00, -8.11198722e-01],
        [ 5.61492065e-01,  7.36123687e-01,  9.20231508e-01, ...,
          7.94720062e-01,  8.11198722e-01,  0.00000000e+00]],

       [[ 0.00000000e+00, -2.25218281e-02, -2.76157195e-02, ...,
          9.40022291e-01,  9.44269423e-01,  9.43276968e-01],
        [ 2.25218281e-02,  0.00000000e+00, -5.09547625e-03, ...,
          9.32101367e-01,  9.36616320e-01,  9.35560305e-01],
        [ 2.76157195e-02,  5.09547625e-03,  0.00000000e+00, ...,
          9.30243698e-01,  9.34818926e-01,  9.33748606e-01],
        ...,
        [-9.40022291e-01, -9.32101367e-01, -9.30243698e-01, ...,
          0.00000000e+00, -1.26720759e-02, -9.67019587e-03],
        [-9.44269423e-01, -9.36616320e-01, -9.34818926e-01, ...,
          1.26720759e-02,  0.00000000e+00,  3.00206401e-03],
        [-9.43276968e-01, -9.35560305e-01, -9.33748606e-01, ...,
          9.67019587e-03, -3.00206401e-03,  0.00000000e+00]],

       [[ 0.00000000e+00, -5.75703821e-03, -6.17056833e-03, ...,
          7.61167919e-01,  8.25340326e-01,  8.68737664e-01],
        [ 5.75703821e-03,  0.00000000e+00, -4.13537470e-04, ...,
          7.57421550e-01,  8.22076020e-01,  8.65871965e-01],
        [ 6.17056833e-03,  4.13537470e-04,  0.00000000e+00, ...,
          7.57151475e-01,  8.21840490e-01,  8.65665012e-01],
        ...,
        [-7.61167919e-01, -7.57421550e-01, -7.57151475e-01, ...,
          0.00000000e+00, -1.05495980e-01, -1.86438476e-01],
        [-8.25340326e-01, -8.22076020e-01, -8.21840490e-01, ...,
          1.05495980e-01,  0.00000000e+00, -8.17518173e-02],
        [-8.68737664e-01, -8.65871965e-01, -8.65665012e-01, ...,
          1.86438476e-01,  8.17518173e-02,  0.00000000e+00]]]), 'num': array([8.06827736e-01, 5.90768628e-01, 3.71874540e-05, 1.65816660e-04,
       1.69241445e-04, 1.63818869e-04, 4.60510823e-03, 0.00000000e+00,
       1.67529052e-04, 1.72951628e-04, 1.52624104e-04, 1.04280304e-06,
       1.84714765e-04, 1.61188491e-04])}
{'img': array([[[ 0.00000000e+00,  9.22136857e-02,  8.75802789e-02, ...,
          9.75373625e-01,  9.71876148e-01,  9.71876148e-01],
        [-9.22136857e-02,  0.00000000e+00, -4.65223094e-03, ...,
          9.50879231e-01,  9.46019579e-01,  9.46019579e-01],
        [-8.75802789e-02,  4.65223094e-03,  0.00000000e+00, ...,
          9.52309095e-01,  9.47517174e-01,  9.47517174e-01],
        ...,
        [-9.75373625e-01, -9.50879231e-01, -9.52309095e-01, ...,
          0.00000000e+00, -1.53371744e-02, -1.53371744e-02],
        [-9.71876148e-01, -9.46019579e-01, -9.47517174e-01, ...,
          1.53371744e-02,  0.00000000e+00,  0.00000000e+00],
        [-9.71876148e-01, -9.46019579e-01, -9.47517174e-01, ...,
          1.53371744e-02,  0.00000000e+00,  0.00000000e+00]],

       [[ 0.00000000e+00,  2.37490318e-01,  3.69276612e-03, ...,
          2.47561431e-01,  2.81650076e-01,  2.61443017e-01],
        [-2.37490318e-01,  0.00000000e+00, -2.33901583e-01, ...,
          1.03809086e-02,  4.57159990e-02,  2.47329617e-02],
        [-3.69276612e-03,  2.33901583e-01,  0.00000000e+00, ...,
          2.43981924e-01,  2.78104883e-01,  2.57876907e-01],
        ...,
        [-2.47561431e-01, -1.03809086e-02, -2.43981924e-01, ...,
          0.00000000e+00,  3.53434805e-02,  1.43538959e-02],
        [-2.81650076e-01, -4.57159990e-02, -2.78104883e-01, ...,
         -3.53434805e-02,  0.00000000e+00, -2.09949114e-02],
        [-2.61443017e-01, -2.47329617e-02, -2.57876907e-01, ...,
         -1.43538959e-02,  2.09949114e-02,  0.00000000e+00]],

       [[ 0.00000000e+00,  3.13050377e-01,  4.40298114e-01, ...,
          7.37158844e-01,  7.68334391e-01,  7.92984358e-01],
        [-3.13050377e-01,  0.00000000e+00,  1.37094405e-01, ...,
          9.11640920e-01,  9.30082701e-01,  9.43849643e-01],
        [-4.40298114e-01, -1.37094405e-01,  0.00000000e+00, ...,
          9.59377299e-01,  9.71662504e-01,  9.80230409e-01],
        ...,
        [-7.37158844e-01, -9.11640920e-01, -9.59377299e-01, ...,
          0.00000000e+00, -4.73610113e-02, -8.67268679e-02],
        [-7.68334391e-01, -9.30082701e-01, -9.71662504e-01, ...,
          4.73610113e-02,  0.00000000e+00, -3.94469852e-02],
        [-7.92984358e-01, -9.43849643e-01, -9.80230409e-01, ...,
          8.67268679e-02,  3.94469852e-02,  0.00000000e+00]],

       ...,

       [[ 0.00000000e+00,  3.34755958e-01,  4.30213364e-01, ...,
          1.18593978e-01, -7.36123687e-01, -5.54442253e-02],
        [-3.34755958e-01,  0.00000000e+00,  1.03198823e-01, ...,
         -2.20641847e-01, -9.20231508e-01, -3.86486395e-01],
        [-4.30213364e-01, -1.03198823e-01,  0.00000000e+00, ...,
         -3.20119263e-01, -9.55707544e-01, -4.79602616e-01],
        ...,
        [-1.18593978e-01,  2.20641847e-01,  3.20119263e-01, ...,
          0.00000000e+00, -8.11198722e-01, -1.73464501e-01],
        [ 7.36123687e-01,  9.20231508e-01,  9.55707544e-01, ...,
          8.11198722e-01,  0.00000000e+00,  6.97464112e-01],
        [ 5.54442253e-02,  3.86486395e-01,  4.79602616e-01, ...,
          1.73464501e-01, -6.97464112e-01,  0.00000000e+00]],

       [[ 0.00000000e+00, -5.09547625e-03, -6.43385447e-04, ...,
          9.36616320e-01,  9.35560305e-01,  9.46146653e-01],
        [ 5.09547625e-03,  0.00000000e+00,  4.45209810e-03, ...,
          9.34818926e-01,  9.33748606e-01,  9.44484769e-01],
        [ 6.43385447e-04, -4.45209810e-03,  0.00000000e+00, ...,
          9.36390711e-01,  9.35332889e-01,  9.45938168e-01],
        ...,
        [-9.36616320e-01, -9.34818926e-01, -9.36390711e-01, ...,
          0.00000000e+00,  3.00206401e-03, -2.82702796e-02],
        [-9.35560305e-01, -9.33748606e-01, -9.35332889e-01, ...,
         -3.00206401e-03,  0.00000000e+00, -3.12710163e-02],
        [-9.46146653e-01, -9.44484769e-01, -9.45938168e-01, ...,
          2.82702796e-02,  3.12710163e-02,  0.00000000e+00]],

       [[ 0.00000000e+00, -4.13537470e-04,  1.33182718e-03, ...,
          8.22076020e-01,  8.65871965e-01,  8.90625652e-01],
        [ 4.13537470e-04,  0.00000000e+00,  1.74536417e-03, ...,
          8.21840490e-01,  8.65665012e-01,  8.90437525e-01],
        [-1.33182718e-03, -1.74536417e-03,  0.00000000e+00, ...,
          8.22833603e-01,  8.66537465e-01,  8.91230493e-01],
        ...,
        [-8.22076020e-01, -8.21840490e-01, -8.22833603e-01, ...,
          0.00000000e+00, -8.17518173e-02, -1.33273854e-01],
        [-8.65871965e-01, -8.65665012e-01, -8.66537465e-01, ...,
          8.17518173e-02,  0.00000000e+00, -5.18052186e-02],
        [-8.90625652e-01, -8.90437525e-01, -8.91230493e-01, ...,
          1.33273854e-01,  5.18052186e-02,  0.00000000e+00]]]), 'num': array([7.07097165e-01, 7.07097165e-01, 0.00000000e+00, 4.14554443e-05,
       4.35246489e-05, 4.03851660e-05, 5.21384623e-03, 0.00000000e+00,
       4.16694999e-05, 4.29574014e-05, 3.83712591e-05, 2.22974636e-07,
       4.54065386e-05, 4.05082643e-05])}
{'img': array([[[ 0.00000000e+00, -4.65223094e-03,  8.48040211e-02, ...,
          9.46019579e-01,  9.46019579e-01,  9.46019579e-01],
        [ 4.65223094e-03,  0.00000000e+00,  8.94385753e-02, ...,
          9.47517174e-01,  9.47517174e-01,  9.47517174e-01],
        [-8.48040211e-02, -8.94385753e-02,  0.00000000e+00, ...,
          9.15125899e-01,  9.15125899e-01,  9.15125899e-01],
        ...,
        [-9.46019579e-01, -9.47517174e-01, -9.15125899e-01, ...,
          0.00000000e+00,  0.00000000e+00,  0.00000000e+00],
        [-9.46019579e-01, -9.47517174e-01, -9.15125899e-01, ...,
          0.00000000e+00,  0.00000000e+00,  0.00000000e+00],
        [-9.46019579e-01, -9.47517174e-01, -9.15125899e-01, ...,
          0.00000000e+00,  0.00000000e+00,  0.00000000e+00]],

       [[ 0.00000000e+00, -2.33901583e-01, -1.03518164e-01, ...,
          4.57159990e-02,  2.47329617e-02,  6.63082033e-01],
        [ 2.33901583e-01,  0.00000000e+00,  1.31998362e-01, ...,
          2.78104883e-01,  2.57876907e-01,  8.19774589e-01],
        [ 1.03518164e-01, -1.31998362e-01,  0.00000000e+00, ...,
          1.48880326e-01,  1.28086583e-01,  7.37007851e-01],
        ...,
        [-4.57159990e-02, -2.78104883e-01, -1.48880326e-01, ...,
          0.00000000e+00, -2.09949114e-02,  6.28168204e-01],
        [-2.47329617e-02, -2.57876907e-01, -1.28086583e-01, ...,
          2.09949114e-02,  0.00000000e+00,  6.44365414e-01],
        [-6.63082033e-01, -8.19774589e-01, -7.37007851e-01, ...,
         -6.28168204e-01, -6.44365414e-01,  0.00000000e+00]],

       [[ 0.00000000e+00,  1.46487665e-01,  2.54671675e-01, ...,
          9.19789084e-01,  9.34591380e-01,  9.44974086e-01],
        [-1.46487665e-01,  0.00000000e+00,  1.10266792e-01, ...,
          9.67350535e-01,  9.76618524e-01,  9.82702910e-01],
        [-2.54671675e-01, -1.10266792e-01,  0.00000000e+00, ...,
          9.89397912e-01,  9.94368247e-01,  9.97130616e-01],
        ...,
        [-9.19789084e-01, -9.67350535e-01, -9.89397912e-01, ...,
          0.00000000e+00, -3.95556368e-02, -6.99156319e-02],
        [-9.34591380e-01, -9.76618524e-01, -9.94368247e-01, ...,
          3.95556368e-02,  0.00000000e+00, -3.04020733e-02],
        [-9.44974086e-01, -9.82702910e-01, -9.97130616e-01, ...,
          6.99156319e-02,  3.04020733e-02,  0.00000000e+00]],

       ...,

       [[ 0.00000000e+00,  1.03198823e-01,  3.96569371e-01, ...,
         -9.20231508e-01, -3.86486395e-01, -7.22338108e-01],
        [-1.03198823e-01,  0.00000000e+00,  2.99714976e-01, ...,
         -9.55707544e-01, -4.79602616e-01, -7.89847483e-01],
        [-3.96569371e-01, -2.99714976e-01,  0.00000000e+00, ...,
         -9.99984027e-01, -7.20550340e-01, -9.37353426e-01],
        ...,
        [ 9.20231508e-01,  9.55707544e-01,  9.99984027e-01, ...,
          0.00000000e+00,  6.97464112e-01,  3.53672264e-01],
        [ 3.86486395e-01,  4.79602616e-01,  7.20550340e-01, ...,
         -6.97464112e-01,  0.00000000e+00, -3.98938077e-01],
        [ 7.22338108e-01,  7.89847483e-01,  9.37353426e-01, ...,
         -3.53672264e-01,  3.98938077e-01,  0.00000000e+00]],

       [[ 0.00000000e+00,  4.45209810e-03,  1.59428007e-02, ...,
          9.33748606e-01,  9.44484769e-01,  9.77741490e-01],
        [-4.45209810e-03,  0.00000000e+00,  1.14911105e-02, ...,
          9.35332889e-01,  9.45938168e-01,  9.78665909e-01],
        [-1.59428007e-02, -1.14911105e-02,  0.00000000e+00, ...,
          9.39336331e-01,  9.49602820e-01,  9.80962234e-01],
        ...,
        [-9.33748606e-01, -9.35332889e-01, -9.39336331e-01, ...,
          0.00000000e+00, -3.12710163e-02, -1.54049759e-01],
        [-9.44484769e-01, -9.45938168e-01, -9.49602820e-01, ...,
          3.12710163e-02,  0.00000000e+00, -1.23076682e-01],
        [-9.77741490e-01, -9.78665909e-01, -9.80962234e-01, ...,
          1.54049759e-01,  1.23076682e-01,  0.00000000e+00]],

       [[ 0.00000000e+00,  1.74536417e-03,  4.93367370e-04, ...,
          8.65665012e-01,  8.90437525e-01,  8.62911673e-01],
        [-1.74536417e-03,  0.00000000e+00, -1.25199734e-03, ...,
          8.66537465e-01,  8.91230493e-01,  8.63792387e-01],
        [-4.93367370e-04,  1.25199734e-03,  0.00000000e+00, ...,
          8.65911898e-01,  8.90661950e-01,  8.63160893e-01],
        ...,
        [-8.65665012e-01, -8.66537465e-01, -8.65911898e-01, ...,
          0.00000000e+00, -5.18052186e-02,  5.47391221e-03],
        [-8.90437525e-01, -8.91230493e-01, -8.90661950e-01, ...,
          5.18052186e-02,  0.00000000e+00,  5.72710044e-02],
        [-8.62911673e-01, -8.63792387e-01, -8.63160893e-01, ...,
         -5.47391221e-03, -5.72710044e-02,  0.00000000e+00]]]), 'num': array([8.97666494e-01, 4.40577876e-01, 7.53029024e-05, 5.37877875e-05,
       5.52942000e-05, 5.17497000e-05, 9.27217274e-03, 2.30392500e-06,
       5.19800925e-05, 5.32073756e-05, 4.79437931e-05, 4.43062500e-07,
       5.58654404e-05, 5.05493107e-05])}
{'img': array([[[ 0.        ,  0.08943858,  0.01389574, ...,  0.94751717,
          0.94751717,  0.99356988],
        [-0.08943858,  0.        , -0.07558989, ...,  0.9151259 ,
          0.9151259 ,  0.9794617 ],
        [-0.01389574,  0.07558989,  0.        , ...,  0.94298316,
          0.94298316,  0.99190066],
        ...,
        [-0.94751717, -0.9151259 , -0.94298316, ...,  0.        ,
          0.        ,  0.21037069],
        [-0.94751717, -0.9151259 , -0.94298316, ...,  0.        ,
          0.        ,  0.21037069],
        [-0.99356988, -0.9794617 , -0.99190066, ..., -0.21037069,
         -0.21037069,  0.        ]],

       [[ 0.        ,  0.13199836, -0.19711193, ...,  0.25787691,
          0.81977459,  0.94818276],
        [-0.13199836,  0.        , -0.32479587, ...,  0.12808658,
          0.73700785,  0.89794687],
        [ 0.19711193,  0.32479587,  0.        , ...,  0.44326278,
          0.91657473,  0.99220783],
        ...,
        [-0.25787691, -0.12808658, -0.44326278, ...,  0.        ,
          0.64436541,  0.83417907],
        [-0.81977459, -0.73700785, -0.91657473, ..., -0.64436541,
          0.        ,  0.28254807],
        [-0.94818276, -0.89794687, -0.99220783, ..., -0.83417907,
         -0.28254807,  0.        ]],

       [[ 0.        ,  0.11026679,  0.15662093, ...,  0.97661852,
          0.98270291,  0.97749054],
        [-0.11026679,  0.        ,  0.0467599 , ...,  0.99436825,
          0.99713062,  0.99479383],
        [-0.15662093, -0.0467599 ,  0.        , ...,  0.99823619,
          0.99957965,  0.99847089],
        ...,
        [-0.97661852, -0.99436825, -0.99823619, ...,  0.        ,
         -0.03040207, -0.00409434],
        [-0.98270291, -0.99713062, -0.99957965, ...,  0.03040207,
          0.        ,  0.02630938],
        [-0.97749054, -0.99479383, -0.99847089, ...,  0.00409434,
         -0.02630938,  0.        ]],

       ...,

       [[ 0.        ,  0.29971498,  0.39623339, ..., -0.47960262,
         -0.78984748,  0.13781147],
        [-0.29971498,  0.        ,  0.10283481, ..., -0.72055034,
         -0.93735343, -0.16537913],
        [-0.39623339, -0.10283481,  0.        , ..., -0.78803623,
         -0.96820958, -0.26592115],
        ...,
        [ 0.47960262,  0.72055034,  0.78803623, ...,  0.        ,
         -0.39893808,  0.59595409],
        [ 0.78984748,  0.93735343,  0.96820958, ...,  0.39893808,
          0.        ,  0.86683137],
        [-0.13781147,  0.16537913,  0.26592115, ..., -0.59595409,
         -0.86683137,  0.        ]],

       [[ 0.        ,  0.01149111, -0.05597099, ...,  0.94593817,
          0.97866591,  0.9894943 ],
        [-0.01149111,  0.        , -0.0674404 , ...,  0.94960282,
          0.98096223,  0.99109026],
        [ 0.05597099,  0.0674404 ,  0.        , ...,  0.92630129,
          0.96563205,  0.97985133],
        ...,
        [-0.94593817, -0.94960282, -0.92630129, ...,  0.        ,
         -0.12307668, -0.18418343],
        [-0.97866591, -0.98096223, -0.96563205, ...,  0.12307668,
          0.        , -0.06181204],
        [-0.9894943 , -0.99109026, -0.97985133, ...,  0.18418343,
          0.06181204,  0.        ]],

       [[ 0.        , -0.001252  ,  0.02060819, ...,  0.89123049,
          0.86379239,  0.83169   ],
        [ 0.001252  ,  0.        ,  0.02185991, ...,  0.89066195,
          0.86316089,  0.83099419],
        [-0.02060819, -0.02185991,  0.        , ...,  0.90038808,
          0.87399234,  0.84295587],
        ...,
        [-0.89123049, -0.89066195, -0.90038808, ...,  0.        ,
          0.057271  ,  0.11763349],
        [-0.86379239, -0.86316089, -0.87399234, ..., -0.057271  ,
          0.        ,  0.06056704],
        [-0.83169   , -0.83099419, -0.84295587, ..., -0.11763349,
         -0.06056704,  0.        ]]]), 'num': array([ 8.18746768e-01,  5.74147965e-01,  4.13872763e-05,  4.81683346e-05,
        4.95538873e-05,  4.73533035e-05,  2.79706428e-03, -1.30404967e-06,
        4.79401259e-05,  4.87959085e-05,  4.43431222e-05,  3.90100328e-07,
        5.10646246e-05,  4.65271923e-05])}
