state_0,state_1,state_2,state_3,state_4,state_5,state_6,state_7,state_8,state_9,state_10,state_11,state_12,state_13,state_14,state_15,state_16,state_17,state_18,state_19,state_20,state_21,state_22,state_23,state_24,state_25,state_26,state_27,state_28,state_29,state_30,state_31,state_32,state_33,state_34,state_35,state_36,state_37,state_38,state_39,state_40,state_41,state_42,state_43,state_44,state_45,state_46,state_47,state_48,state_49,state_50,state_51,state_52,state_53,state_54,state_55,state_56,state_57,state_58,state_59,state_60,state_61,state_62,state_63,state_64,state_65,state_66,state_67,state_68,state_69,state_70,state_71,state_72,state_73,state_74,state_75,state_76,state_77,state_78,state_79,state_80,state_81,state_82,state_83,state_84,state_85,state_86,state_87,state_88,state_89,state_90,state_91,state_92,state_93,state_94,state_95,state_96,state_97,state_98,state_99,state_100,state_101,state_102,state_103,state_104,state_105,state_106,state_107,state_108,state_109,state_110,state_111,state_112,state_113,state_114,state_115,state_116,state_117,state_118,state_119,state_120,state_121,state_122,state_123,state_124,state_125,state_126,state_127,state_128,state_129,state_130,state_131,state_132,state_133,state_134,state_135,state_136,state_137,state_138,state_139,state_140,state_141,state_142,state_143,state_144,state_145,state_146,state_147,state_148,state_149,state_150,state_151,state_152,state_153,state_154,state_155,state_156,state_157,state_158,state_159,state_160,state_161,state_162,state_163,state_164,state_165,state_166,state_167,state_168,state_169,state_170,state_171,state_172,state_173,state_174,state_175,state_176,state_177,state_178,state_179,state_180,state_181,state_182,state_183,state_184,state_185,state_186,state_187,state_188,state_189,state_190,state_191,state_192,state_193,state_194,state_195,state_196,state_197,state_198,state_199,state_200,state_201,state_202,state_203,state_204,state_205,state_206,state_207,state_208,state_209,state_210,state_211,state_212,state_213,state_214,state_215,state_216,state_217,state_218,state_219,state_220,state_221,state_222,state_223,state_224,state_225,state_226,state_227,state_228,state_229,state_230,state_231,state_232,state_233,state_234,state_235,state_236,state_237,state_238,state_239,state_240,state_241,state_242,state_243,state_244,state_245,state_246,state_247,state_248,state_249,state_250,state_251,state_252,state_253,state_254,state_255,state_256,state_257,state_258,state_259,state_260,state_261,state_262,state_263,state_264,state_265,state_266,state_267,state_268,state_269,state_270,state_271,state_272,state_273,state_274,state_275,state_276,state_277,state_278,state_279,state_280,state_281,state_282,state_283,state_284,state_285,state_286,state_287
{'img': array([[[ 0.        , -0.06343562,  0.13975336, ..., -0.99345258,
         -0.73202767, -0.98680695],
        [ 0.06343562,  0.        ,  0.20228498, ..., -0.98420449,
         -0.77377042, -0.99508976],
        [-0.13975336, -0.20228498,  0.        , ..., -0.99966933,
         -0.62963335, -0.9544965 ],
        ...,
        [ 0.99345258,  0.98420449,  0.99966933, ...,  0.        ,
         -0.76044496, -0.27357928],
        [ 0.73202767,  0.77377042,  0.62963335, ...,  0.76044496,
          0.        ,  0.55377053],
        [ 0.98680695,  0.99508976,  0.9544965 , ...,  0.27357928,
         -0.55377053,  0.        ]],

       [[ 0.        ,  0.12496437, -0.04586956, ...,  0.57530263,
          0.77580122,  0.68565272],
        [-0.12496437,  0.        , -0.17034284, ...,  0.46857952,
          0.84856959,  0.58931288],
        [ 0.04586956,  0.17034284,  0.        , ...,  0.61221566,
          0.74604198,  0.7183208 ],
        ...,
        [-0.57530263, -0.46857952, -0.61221566, ...,  0.        ,
          0.9975623 ,  0.14204387],
        [-0.77580122, -0.84856959, -0.74604198, ..., -0.9975623 ,
          0.        , -0.99735942],
        [-0.68565272, -0.58931288, -0.7183208 , ..., -0.14204387,
          0.99735942,  0.        ]],

       [[ 0.        , -0.05111683, -0.02916128, ..., -0.99171439,
         -0.88938192, -0.60502852],
        [ 0.05111683,  0.        ,  0.02197193, ..., -0.99698449,
         -0.91158804, -0.64493697],
        [ 0.02916128, -0.02197193,  0.        , ..., -0.99503876,
         -0.9023352 , -0.62798954],
        ...,
        [ 0.99171439,  0.99698449,  0.99503876, ...,  0.        ,
         -0.33912497, -0.71188337],
        [ 0.88938192,  0.91158804,  0.9023352 , ...,  0.33912497,
          0.        , -0.43153143],
        [ 0.60502852,  0.64493697,  0.62798954, ...,  0.71188337,
          0.43153143,  0.        ]],

       ...,

       [[ 0.        ,  0.20884802,  0.54940991, ...,  0.0433782 ,
         -0.82614354, -0.06297657],
        [-0.20884802,  0.        ,  0.3627908 , ..., -0.16622981,
         -0.92560296, -0.27002128],
        [-0.54940991, -0.3627908 ,  0.        , ..., -0.51264798,
         -0.99985703, -0.6009396 ],
        ...,
        [-0.0433782 ,  0.16622981,  0.51264798, ...,  0.        ,
         -0.84980778, -0.10620939],
        [ 0.82614354,  0.92560296,  0.99985703, ...,  0.84980778,
          0.        ,  0.78901889],
        [ 0.06297657,  0.27002128,  0.6009396 , ...,  0.10620939,
         -0.78901889,  0.        ]],

       [[ 0.        , -0.47989365, -0.62217572, ..., -0.56034475,
         -0.66699152, -0.68141092],
        [ 0.47989365,  0.        , -0.17015335, ..., -0.88908186,
         -0.94272156, -0.94905464],
        [ 0.62217572,  0.17015335,  0.        , ..., -0.9540043 ,
         -0.98573428, -0.98883243],
        ...,
        [ 0.56034475,  0.88908186,  0.9540043 , ...,  0.        ,
          0.13494862,  0.15426814],
        [ 0.66699152,  0.94272156,  0.98573428, ..., -0.13494862,
          0.        ,  0.01952384],
        [ 0.68141092,  0.94905464,  0.98883243, ..., -0.15426814,
         -0.01952384,  0.        ]],

       [[ 0.        , -0.08874408, -0.13196539, ..., -0.98682805,
         -0.8570908 , -0.45577603],
        [ 0.08874408,  0.        , -0.04347676, ..., -0.99729085,
         -0.89942699, -0.53296837],
        [ 0.13196539,  0.04347676,  0.        , ..., -0.99954597,
         -0.91757896, -0.56925163],
        ...,
        [ 0.98682805,  0.99729085,  0.99954597, ...,  0.        ,
         -0.36972576, -0.8046381 ],
        [ 0.8570908 ,  0.89942699,  0.91757896, ...,  0.36972576,
          0.        , -0.52809178],
        [ 0.45577603,  0.53296837,  0.56925163, ...,  0.8046381 ,
          0.52809178,  0.        ]]]), 'num': array([9.99994600e-01, 3.25982219e-03, 8.73562455e-07, 1.41280618e-04,
       1.41404440e-04, 1.39918579e-04, 1.41713994e-05, 6.19108756e-07,
       1.41974020e-04, 1.50641543e-04, 1.56754210e-04, 3.24064740e-09,
       1.63285775e-04, 1.37997311e-04])}
{'img': array([[[ 0.        ,  0.20228498,  0.77377042, ..., -0.77377042,
         -0.99508976, -0.99952987],
        [-0.20228498,  0.        ,  0.62963335, ..., -0.62963335,
         -0.9544965 , -0.97266425],
        [-0.77377042, -0.62963335,  0.        , ..., -0.        ,
         -0.55377053, -0.60944456],
        ...,
        [ 0.77377042,  0.62963335,  0.        , ...,  0.        ,
          0.55377053,  0.60944456],
        [ 0.99508976,  0.9544965 ,  0.55377053, ..., -0.55377053,
          0.        ,  0.06842063],
        [ 0.99952987,  0.97266425,  0.60944456, ..., -0.60944456,
         -0.06842063,  0.        ]],

       [[ 0.        , -0.15337482,  0.10080049, ...,  0.88760957,
          0.55891533, -0.88760957],
        [ 0.15337482,  0.        ,  0.25220145, ...,  0.80646353,
          0.67948448, -0.80646353],
        [-0.10080049, -0.25220145,  0.        , ...,  0.92951704,
          0.47248232, -0.92951704],
        ...,
        [-0.88760957, -0.80646353, -0.92951704, ...,  0.        ,
         -0.99346232, -0.        ],
        [-0.55891533, -0.67948448, -0.47248232, ...,  0.99346232,
          0.        , -0.99346232],
        [ 0.88760957,  0.80646353,  0.92951704, ...,  0.        ,
          0.99346232,  0.        ]],

       [[ 0.        ,  0.0215624 ,  0.13227117, ..., -0.95302472,
         -0.86908637, -0.635646  ],
        [-0.0215624 ,  0.        ,  0.11086748, ..., -0.94627206,
         -0.85821825, -0.61885246],
        [-0.13227117, -0.11086748,  0.        , ..., -0.90458708,
         -0.7960209 , -0.52795015],
        ...,
        [ 0.95302472,  0.94627206,  0.90458708, ...,  0.        ,
         -0.20818379, -0.54318425],
        [ 0.86908637,  0.85821825,  0.7960209 , ...,  0.20818379,
          0.        , -0.35648901],
        [ 0.635646  ,  0.61885246,  0.52795015, ...,  0.54318425,
          0.35648901,  0.        ]],

       ...,

       [[ 0.        ,  0.3627908 ,  0.84808629, ..., -0.92560296,
         -0.27002128, -0.13103943],
        [-0.3627908 ,  0.        ,  0.59807903, ..., -0.99985703,
         -0.6009396 , -0.48177431],
        [-0.84808629, -0.59807903,  0.        , ..., -0.81143546,
         -0.95965655, -0.91020568],
        ...,
        [ 0.92560296,  0.99985703,  0.81143546, ...,  0.        ,
          0.78901889,  0.86802374],
        [ 0.27002128,  0.6009396 ,  0.95965655, ..., -0.78901889,
          0.        ,  0.14152104],
        [ 0.13103943,  0.48177431,  0.91020568, ..., -0.86802374,
         -0.14152104,  0.        ]],

       [[ 0.        , -0.43716935, -0.56177292, ..., -0.68514503,
         -0.69975571, -0.6738936 ],
        [ 0.43716935,  0.        , -0.14358041, ..., -0.93464227,
         -0.94165174, -0.92907902],
        [ 0.56177292,  0.14358041,  0.        , ..., -0.97601379,
         -0.98022252, -0.97256022],
        ...,
        [ 0.68514503,  0.93464227,  0.97601379, ...,  0.        ,
          0.02025131, -0.01533602],
        [ 0.69975571,  0.94165174,  0.98022252, ..., -0.02025131,
          0.        , -0.0355818 ],
        [ 0.6738936 ,  0.92907902,  0.97256022, ...,  0.01533602,
          0.0355818 ,  0.        ]],

       [[ 0.        , -0.04218011, -0.04066806, ..., -0.95525598,
         -0.85007457, -0.51949684],
        [ 0.04218011,  0.        ,  0.00151335, ..., -0.96688187,
         -0.8715327 , -0.55507623],
        [ 0.04066806, -0.00151335,  0.        , ..., -0.96649452,
         -0.87078965, -0.5538168 ],
        ...,
        [ 0.95525598,  0.96688187,  0.96649452, ...,  0.        ,
         -0.25166199, -0.66258288],
        [ 0.85007457,  0.8715327 ,  0.87078965, ...,  0.25166199,
          0.        , -0.45276582],
        [ 0.51949684,  0.55507623,  0.5538168 , ...,  0.66258288,
          0.45276582,  0.        ]]]), 'num': array([6.93017794e-01, 6.93017794e-01, 0.00000000e+00, 6.79509820e-02,
       6.92430491e-02, 6.74224091e-02, 1.37009618e-02, 9.39685145e-04,
       6.70465351e-02, 7.12516261e-02, 7.41910787e-02, 1.86054072e-06,
       7.74330699e-02, 6.50701823e-02])}
{'img': array([[[ 0.        ,  0.62963335,  0.2028167 , ..., -0.9544965 ,
         -0.97266425, -0.99890198],
        [-0.62963335,  0.        , -0.45898074, ..., -0.55377053,
         -0.60944456, -0.74654168],
        [-0.2028167 ,  0.45898074,  0.        , ..., -0.87417452,
         -0.90535182, -0.96863976],
        ...,
        [ 0.9544965 ,  0.55377053,  0.87417452, ...,  0.        ,
          0.06842063,  0.25317743],
        [ 0.97266425,  0.60944456,  0.90535182, ..., -0.06842063,
          0.        ,  0.18639264],
        [ 0.99890198,  0.74654168,  0.96863976, ..., -0.25317743,
         -0.18639264,  0.        ]],

       [[ 0.        ,  0.25220145, -0.28153131, ...,  0.67948448,
         -0.80646353,  0.43727305],
        [-0.25220145,  0.        , -0.51443116, ...,  0.47248232,
         -0.92951704,  0.19632606],
        [ 0.28153131,  0.51443116,  0.        , ...,  0.85855739,
         -0.60737882,  0.67277546],
        ...,
        [-0.67948448, -0.47248232, -0.85855739, ...,  0.        ,
         -0.99346232, -0.29025714],
        [ 0.80646353,  0.92951704,  0.60737882, ...,  0.99346232,
          0.        ,  0.98382836],
        [-0.43727305, -0.19632606, -0.67277546, ...,  0.29025714,
         -0.98382836,  0.        ]],

       [[ 0.        ,  0.10942905,  0.15406218, ..., -0.90670431,
         -0.82343099, -0.6123768 ],
        [-0.10942905,  0.        ,  0.04501439, ..., -0.85510565,
         -0.75639413, -0.52218835],
        [-0.15406218, -0.04501439,  0.        , ..., -0.83090098,
         -0.72618276, -0.48326939],
        ...,
        [ 0.90670431,  0.85510565,  0.83090098, ...,  0.        ,
         -0.167183  , -0.45852939],
        [ 0.82343099,  0.75639413,  0.72618276, ...,  0.167183  ,
          0.        , -0.30350392],
        [ 0.6123768 ,  0.52218835,  0.48326939, ...,  0.45852939,
          0.30350392,  0.        ]],

       ...,

       [[ 0.        ,  0.59807903,  0.24273468, ..., -0.6009396 ,
         -0.48177431, -0.23025214],
        [-0.59807903,  0.        , -0.38565553, ..., -0.95965655,
         -0.91020568, -0.76654187],
        [-0.24273468,  0.38565553,  0.        , ..., -0.7769836 ,
         -0.68007301, -0.45957857],
        ...,
        [ 0.6009396 ,  0.95965655,  0.7769836 , ...,  0.        ,
          0.14152104,  0.4007537 ],
        [ 0.48177431,  0.91020568,  0.68007301, ..., -0.14152104,
          0.        ,  0.26706064],
        [ 0.23025214,  0.76654187,  0.45957857, ..., -0.4007537 ,
         -0.26706064,  0.        ]],

       [[ 0.        , -0.38216677, -0.59768837, ..., -0.71487582,
         -0.68875657, -0.68547305],
        [ 0.38216677,  0.        , -0.24592587, ..., -0.92784266,
         -0.91354349, -0.91169596],
        [ 0.59768837,  0.24592587,  0.        , ..., -0.99107078,
         -0.98551548, -0.984739  ],
        ...,
        [ 0.71487582,  0.92784266,  0.99107078, ...,  0.        ,
         -0.03666572, -0.04118165],
        [ 0.68875657,  0.91354349,  0.98551548, ...,  0.03666572,
          0.        , -0.00451934],
        [ 0.68547305,  0.91169596,  0.984739  , ...,  0.04118165,
          0.00451934,  0.        ]],

       [[ 0.        ,  0.00148574,  0.02514324, ..., -0.92160265,
         -0.81045416, -0.54660837],
        [-0.00148574,  0.        ,  0.02365795, ..., -0.92102496,
         -0.80958292, -0.54536363],
        [-0.02514324, -0.02365795,  0.        , ..., -0.91155232,
         -0.79546898, -0.52538091],
        ...,
        [ 0.92160265,  0.92102496,  0.91155232, ...,  0.        ,
         -0.22531133, -0.55958166],
        [ 0.81045416,  0.80958292,  0.79546898, ...,  0.22531133,
          0.        , -0.35846058],
        [ 0.54660837,  0.54536363,  0.52538091, ...,  0.55958166,
          0.35846058,  0.        ]]]), 'num': array([ 7.26361981e-01,  6.55307190e-01,  6.15726099e-08,  7.10547919e-02,
        7.16705180e-02,  7.01927753e-02,  1.37356178e-02, -1.84717830e-04,
        7.02297189e-02,  7.44505213e-02,  7.75927768e-02,  2.07744985e-06,
        8.10872689e-02,  6.78137736e-02])}
{'img': array([[[ 0.        , -0.45898074, -0.48859633, ..., -0.60944456,
         -0.74654168, -0.72453023],
        [ 0.45898074,  0.        , -0.03362629, ..., -0.90535182,
         -0.96863976, -0.96005541],
        [ 0.48859633,  0.03362629,  0.        , ..., -0.91911963,
         -0.97644707, -0.96892145],
        ...,
        [ 0.60944456,  0.90535182,  0.91911963, ...,  0.        ,
          0.18639264,  0.15437293],
        [ 0.74654168,  0.96863976,  0.97644707, ..., -0.18639264,
          0.        , -0.03249069],
        [ 0.72453023,  0.96005541,  0.96892145, ..., -0.15437293,
          0.03249069,  0.        ]],

       [[ 0.        , -0.51443116, -0.33430367, ..., -0.92951704,
          0.19632606,  0.12508512],
        [ 0.51443116,  0.        ,  0.19815758, ..., -0.60737882,
          0.67277546,  0.61765527],
        [ 0.33430367, -0.19815758,  0.        , ..., -0.75275343,
          0.5128282 ,  0.44956645],
        ...,
        [ 0.92951704,  0.60737882,  0.75275343, ...,  0.        ,
          0.98382836,  0.96834541],
        [-0.19632606, -0.67277546, -0.5128282 , ..., -0.98382836,
          0.        , -0.07213333],
        [-0.12508512, -0.61765527, -0.44956645, ..., -0.96834541,
          0.07213333,  0.        ]],

       [[ 0.        ,  0.044901  ,  0.1477167 , ..., -0.77414236,
         -0.63285539, -0.52105824],
        [-0.044901  ,  0.        ,  0.1031593 , ..., -0.74493874,
         -0.59745162, -0.48220876],
        [-0.1477167 , -0.1031593 ,  0.        , ..., -0.67214342,
         -0.51154017, -0.38926275],
        ...,
        [ 0.77414236,  0.74493874,  0.67214342, ...,  0.        ,
         -0.19879046, -0.33091099],
        [ 0.63285539,  0.59745162,  0.51154017, ...,  0.19879046,
          0.        , -0.13671568],
        [ 0.52105824,  0.48220876,  0.38926275, ...,  0.33091099,
          0.13671568,  0.        ]],

       ...,

       [[ 0.        , -0.38565553, -0.69755708, ..., -0.91020568,
         -0.76654187, -0.70185581],
        [ 0.38565553,  0.        , -0.3672626 , ..., -0.68007301,
         -0.45957857, -0.37285246],
        [ 0.69755708,  0.3672626 ,  0.        , ..., -0.36329116,
         -0.10128243, -0.006017  ],
        ...,
        [ 0.91020568,  0.68007301,  0.36329116, ...,  0.        ,
          0.26706064,  0.3576787 ],
        [ 0.76654187,  0.45957857,  0.10128243, ..., -0.26706064,
          0.        ,  0.09529454],
        [ 0.70185581,  0.37285246,  0.006017  , ..., -0.3576787 ,
         -0.09529454,  0.        ]],

       [[ 0.        , -0.48806412, -0.7486032 , ..., -0.69999935,
         -0.69669104, -0.67719199],
        [ 0.48806412,  0.        , -0.32979125, ..., -0.95951269,
         -0.95820056, -0.95017912],
        [ 0.7486032 ,  0.32979125,  0.        , ..., -0.99872246,
         -0.99894536, -0.99981767],
        ...,
        [ 0.69999935,  0.95951269,  0.99872246, ...,  0.        ,
         -0.00462209, -0.03145174],
        [ 0.69669104,  0.95820056,  0.99894536, ...,  0.00462209,
          0.        , -0.0268316 ],
        [ 0.67719199,  0.95017912,  0.99981767, ...,  0.03145174,
          0.0268316 ,  0.        ]],

       [[ 0.        ,  0.02323988,  0.15373988, ..., -0.88238934,
         -0.80109565, -0.53721981],
        [-0.02323988,  0.        ,  0.13073477, ..., -0.8712162 ,
         -0.78696938, -0.51747322],
        [-0.15373988, -0.13073477,  0.        , ..., -0.79956124,
         -0.69955281, -0.40116228],
        ...,
        [ 0.88238934,  0.8712162 ,  0.79956124, ...,  0.        ,
         -0.15121058, -0.49147183],
        [ 0.80109565,  0.78696938,  0.69955281, ...,  0.15121058,
          0.        , -0.35413237],
        [ 0.53721981,  0.51747322,  0.40116228, ...,  0.49147183,
          0.35413237,  0.        ]]]), 'num': array([ 9.40654905e-01,  2.06402844e-01,  6.44080756e-07,  9.17815077e-02,
        9.28281390e-02,  9.16204875e-02,  1.21096038e-02, -1.12714132e-03,
        9.22323643e-02,  9.67771591e-02,  1.01154225e-01,  2.62052464e-06,
        1.05339812e-01,  8.82145065e-02])}
{'img': array([[[ 0.        , -0.03928285,  0.39419146, ..., -0.95063419,
         -0.93994312, -0.86877675],
        [ 0.03928285,  0.        ,  0.42998925, ..., -0.96209043,
         -0.95262606, -0.88755919],
        [-0.39419146, -0.42998925,  0.        , ..., -0.75133673,
         -0.72928455, -0.60322528],
        ...,
        [ 0.95063419,  0.96209043,  0.75133673, ...,  0.        ,
         -0.03280374, -0.20116443],
        [ 0.93994312,  0.95262606,  0.72928455, ...,  0.03280374,
          0.        , -0.16892301],
        [ 0.86877675,  0.88755919,  0.60322528, ...,  0.20116443,
          0.16892301,  0.        ]],

       [[ 0.        ,  0.19815758,  0.48100205, ...,  0.67277546,
          0.61765527,  0.06751674],
        [-0.19815758,  0.        ,  0.29773525, ...,  0.5128282 ,
          0.44956645, -0.13152752],
        [-0.48100205, -0.29773525,  0.        , ...,  0.23396755,
          0.16322684, -0.42071123],
        ...,
        [-0.67277546, -0.5128282 , -0.23396755, ...,  0.        ,
         -0.07213333, -0.62128824],
        [-0.61765527, -0.44956645, -0.16322684, ...,  0.07213333,
          0.        , -0.5631474 ],
        [-0.06751674,  0.13152752,  0.42071123, ...,  0.62128824,
          0.5631474 ,  0.        ]],

       [[ 0.        ,  0.1031593 ,  0.48220876, ..., -0.59745162,
         -0.48220876, -0.72484655],
        [-0.1031593 ,  0.        ,  0.38926275, ..., -0.51154017,
         -0.38926275, -0.64991188],
        [-0.48220876, -0.38926275,  0.        , ..., -0.13671568,
         -0.        , -0.3028078 ],
        ...,
        [ 0.59745162,  0.51154017,  0.13671568, ...,  0.        ,
         -0.13671568,  0.16966743],
        [ 0.48220876,  0.38926275,  0.        , ...,  0.13671568,
          0.        ,  0.3028078 ],
        [ 0.72484655,  0.64991188,  0.3028078 , ..., -0.16966743,
         -0.3028078 ,  0.        ]],

       ...,

       [[ 0.        , -0.3672626 , -0.1017967 , ..., -0.45957857,
         -0.37285246, -0.42323198],
        [ 0.3672626 ,  0.        ,  0.27067187, ..., -0.10128243,
         -0.006017  , -0.06090763],
        [ 0.1017967 , -0.27067187,  0.        , ..., -0.36678173,
         -0.27645936, -0.32880339],
        ...,
        [ 0.45957857,  0.10128243,  0.36678173, ...,  0.        ,
          0.09529454,  0.04049997],
        [ 0.37285246,  0.006017  ,  0.27645936, ..., -0.09529454,
          0.        , -0.0549007 ],
        [ 0.42323198,  0.06090763,  0.32880339, ..., -0.04049997,
          0.0549007 ,  0.        ]],

       [[ 0.        , -0.6307789 , -0.83566994, ..., -0.71592567,
         -0.69618379, -0.55952462],
        [ 0.6307789 ,  0.        , -0.30200468, ..., -0.99592656,
         -0.9930258 , -0.9569684 ],
        [ 0.83566994,  0.30200468,  0.        , ..., -0.97665438,
         -0.98226341, -0.99992353],
        ...,
        [ 0.71592567,  0.99592656,  0.97665438, ...,  0.        ,
         -0.0278778 , -0.20272208],
        [ 0.69618379,  0.9930258 ,  0.98226341, ...,  0.0278778 ,
          0.        , -0.17534433],
        [ 0.55952462,  0.9569684 ,  0.99992353, ...,  0.20272208,
          0.17534433,  0.        ]],

       [[ 0.        ,  0.12885527,  0.51094406, ..., -0.8549772 ,
         -0.76252105, -0.51094406],
        [-0.12885527,  0.        ,  0.39591874, ..., -0.78101682,
         -0.67279958, -0.39591874],
        [-0.51094406, -0.39591874,  0.        , ..., -0.46994124,
         -0.32491163, -0.        ],
        ...,
        [ 0.8549772 ,  0.78101682,  0.46994124, ...,  0.        ,
         -0.15764554, -0.46994124],
        [ 0.76252105,  0.67279958,  0.32491163, ...,  0.15764554,
          0.        , -0.32491163],
        [ 0.51094406,  0.39591874,  0.        , ...,  0.46994124,
          0.32491163,  0.        ]]]), 'num': array([ 9.38698709e-01,  2.11179118e-01,  6.58985137e-07,  9.09399489e-02,
        9.39877551e-02,  9.09399489e-02,  1.87165782e-02, -2.96543312e-03,
        9.38394835e-02,  9.81887854e-02,  1.03154513e-01,  2.32917160e-06,
        1.06713669e-01,  8.96639014e-02])}
{'img': array([[[ 0.        ,  0.4211807 , -0.44142717, ..., -0.9749389 ,
         -0.93218372, -0.4211807 ],
        [-0.4211807 ,  0.        , -0.7782884 , ..., -0.79054566,
         -0.69300765, -0.        ],
        [ 0.44142717,  0.7782884 ,  0.        , ..., -0.97301536,
         -0.99623597, -0.7782884 ],
        ...,
        [ 0.9749389 ,  0.79054566,  0.97301536, ...,  0.        ,
         -0.14552823, -0.79054566],
        [ 0.93218372,  0.69300765,  0.99623597, ...,  0.14552823,
          0.        , -0.69300765],
        [ 0.4211807 ,  0.        ,  0.7782884 , ...,  0.79054566,
          0.69300765,  0.        ]],

       [[ 0.        ,  0.29773525,  0.97690598, ...,  0.44956645,
         -0.13152752,  0.47563357],
        [-0.29773525,  0.        ,  0.86898482, ...,  0.16322684,
         -0.42071123,  0.19216198],
        [-0.97690598, -0.86898482,  0.        , ..., -0.77655953,
         -0.99652256, -0.75770056],
        ...,
        [-0.44956645, -0.16322684,  0.77655953, ...,  0.        ,
         -0.5631474 ,  0.02939999],
        [ 0.13152752,  0.42071123,  0.99652256, ...,  0.5631474 ,
          0.        ,  0.58719884],
        [-0.47563357, -0.19216198,  0.75770056, ..., -0.02939999,
         -0.58719884,  0.        ]],

       [[ 0.        ,  0.38804176,  0.0979677 , ..., -0.53143806,
         -0.67855668, -0.38804176],
        [-0.38804176,  0.        , -0.29588399, ..., -0.16108646,
         -0.34035087, -0.        ],
        [-0.0979677 ,  0.29588399,  0.        , ..., -0.44589347,
         -0.60333056, -0.29588399],
        ...,
        [ 0.53143806,  0.16108646,  0.44589347, ...,  0.        ,
          0.18443664, -0.16108646],
        [ 0.67855668,  0.34035087,  0.60333056, ..., -0.18443664,
          0.        , -0.34035087],
        [ 0.38804176,  0.        ,  0.29588399, ...,  0.16108646,
          0.34035087,  0.        ]],

       ...,

       [[ 0.        ,  0.27067187,  0.18135033, ..., -0.006017  ,
         -0.06090763, -0.26181282],
        [-0.27067187,  0.        , -0.09160292, ..., -0.27645936,
         -0.32880339, -0.51327026],
        [-0.18135033,  0.09160292,  0.        , ..., -0.18726427,
         -0.24091132, -0.43249617],
        ...,
        [ 0.006017  ,  0.27645936,  0.18726427, ...,  0.        ,
         -0.0549007 , -0.25600097],
        [ 0.06090763,  0.32880339,  0.24091132, ...,  0.0549007 ,
          0.        , -0.20254365],
        [ 0.26181282,  0.51327026,  0.43249617, ...,  0.25600097,
          0.20254365,  0.        ]],

       [[ 0.        , -0.66743582, -0.76090113, ..., -0.73109831,
         -0.59025259, -0.08560219],
        [ 0.66743582,  0.        , -0.13354058, ..., -0.99979788,
         -0.97830843, -0.72873108],
        [ 0.76090113,  0.13354058,  0.        , ..., -0.99352781,
         -0.99720947, -0.81365268],
        ...,
        [ 0.73109831,  0.99979788,  0.99352781, ...,  0.        ,
         -0.18744328, -0.67001075],
        [ 0.59025259,  0.97830843,  0.99720947, ...,  0.18744328,
          0.        , -0.51898632],
        [ 0.08560219,  0.72873108,  0.81365268, ...,  0.67001075,
          0.51898632,  0.        ]],

       [[ 0.        ,  0.38955623,  0.16097051, ..., -0.77888039,
         -0.69390792, -0.38955623],
        [-0.38955623,  0.        , -0.23622184, ..., -0.47303198,
         -0.35858575, -0.        ],
        [-0.16097051,  0.23622184,  0.        , ..., -0.6677669 ,
         -0.56894979, -0.23622184],
        ...,
        [ 0.77888039,  0.47303198,  0.6677669 , ...,  0.        ,
         -0.12564356, -0.47303198],
        [ 0.69390792,  0.35858575,  0.56894979, ...,  0.12564356,
          0.        , -0.35858575],
        [ 0.38955623,  0.        ,  0.23622184, ...,  0.47303198,
          0.35858575,  0.        ]]]), 'num': array([9.40687336e-01, 2.07689835e-01, 6.48096817e-07, 9.16246876e-02,
       9.24348086e-02, 9.04905181e-02, 1.87682357e-02, 2.18732676e-03,
       9.21269626e-02, 9.59831387e-02, 1.01154411e-01, 2.78558963e-06,
       1.04031290e-01, 8.79349869e-02])}
{'img': array([[[ 0.        , -0.7782884 , -0.80802566, ..., -0.69300765,
         -0.        , -0.61220682],
        [ 0.7782884 ,  0.        , -0.04883845, ..., -0.99623597,
         -0.7782884 , -0.99979976],
        [ 0.80802566,  0.04883845,  0.        , ..., -0.99081371,
         -0.80802566, -0.999584  ],
        ...,
        [ 0.69300765,  0.99623597,  0.99081371, ...,  0.        ,
         -0.69300765, -0.10660113],
        [ 0.        ,  0.7782884 ,  0.80802566, ...,  0.69300765,
          0.        ,  0.61220682],
        [ 0.61220682,  0.99979976,  0.999584  , ...,  0.10660113,
         -0.61220682,  0.        ]],

       [[ 0.        ,  0.86898482,  0.65090568, ..., -0.42071123,
          0.19216198,  0.22292331],
        [-0.86898482,  0.        , -0.33760397, ..., -0.99652256,
         -0.75770056, -0.73680659],
        [-0.65090568,  0.33760397,  0.        , ..., -0.90988468,
         -0.49289348, -0.46529213],
        ...,
        [ 0.42071123,  0.99652256,  0.90988468, ...,  0.        ,
          0.58719884,  0.61235927],
        [-0.19216198,  0.75770056,  0.49289348, ..., -0.58719884,
          0.        ,  0.03144233],
        [-0.22292331,  0.73680659,  0.46529213, ..., -0.61235927,
         -0.03144233,  0.        ]],

       [[ 0.        , -0.29454468, -0.52633504, ..., -0.3863172 ,
         -0.19138158, -0.        ],
        [ 0.29454468,  0.        , -0.25254096, ..., -0.64085729,
         -0.47199169, -0.29454468],
        [ 0.52633504,  0.25254096,  0.        , ..., -0.81395027,
         -0.67933351, -0.52633504],
        ...,
        [ 0.3863172 ,  0.64085729,  0.81395027, ...,  0.        ,
         -0.20265255, -0.3863172 ],
        [ 0.19138158,  0.47199169,  0.67933351, ...,  0.20265255,
          0.        , -0.19138158],
        [ 0.        ,  0.29454468,  0.52633504, ...,  0.3863172 ,
          0.19138158,  0.        ]],

       ...,

       [[ 0.        , -0.09160292, -0.24909312, ..., -0.32880339,
         -0.51327026, -0.24794682],
        [ 0.09160292,  0.        , -0.15933028, ..., -0.24091132,
         -0.43249617, -0.15816186],
        [ 0.24909312,  0.15933028,  0.        , ..., -0.08319621,
         -0.2833133 ,  0.00118343],
        ...,
        [ 0.32880339,  0.24091132,  0.08319621, ...,  0.        ,
         -0.20254365,  0.08437548],
        [ 0.51327026,  0.43249617,  0.2833133 , ...,  0.20254365,
          0.        ,  0.28444804],
        [ 0.24794682,  0.15816186, -0.00118343, ..., -0.08437548,
         -0.28444804,  0.        ]],

       [[ 0.        , -0.436846  , -0.54837717, ..., -0.77866271,
         -0.56402053, -0.        ],
        [ 0.436846  ,  0.        , -0.12798096, ..., -0.97453123,
         -0.86808724, -0.436846  ],
        [ 0.54837717,  0.12798096,  0.        , ..., -0.99521726,
         -0.92447987, -0.54837717],
        ...,
        [ 0.77866271,  0.97453123,  0.99521726, ...,  0.        ,
         -0.28909854, -0.77866271],
        [ 0.56402053,  0.86808724,  0.92447987, ...,  0.28909854,
          0.        , -0.56402053],
        [ 0.        ,  0.436846  ,  0.54837717, ...,  0.77866271,
          0.56402053,  0.        ]],

       [[ 0.        , -0.23459368, -0.36442734, ..., -0.42208949,
         -0.23443965, -0.        ],
        [ 0.23459368,  0.        , -0.13579635, ..., -0.62298234,
         -0.45595298, -0.23459368],
        [ 0.36442734,  0.13579635,  0.        , ..., -0.72343629,
         -0.57258866, -0.36442734],
        ...,
        [ 0.42208949,  0.62298234,  0.72343629, ...,  0.        ,
         -0.1977939 , -0.42208949],
        [ 0.23443965,  0.45595298,  0.57258866, ...,  0.1977939 ,
          0.        , -0.23443965],
        [ 0.        ,  0.23459368,  0.36442734, ...,  0.42208949,
          0.23443965,  0.        ]]]), 'num': array([9.55657790e-01, 1.15835693e-01, 7.27748784e-07, 9.33135664e-02,
       9.50925078e-02, 9.22623737e-02, 3.24588087e-02, 1.85980245e-03,
       9.19065854e-02, 9.53633921e-02, 1.00685392e-01, 2.60756893e-06,
       1.02913101e-01, 8.78136829e-02])}
{'img': array([[[ 0.        , -0.06391688, -0.08822395, ..., -0.63543799,
         -0.98130931, -0.99739272],
        [ 0.06391688,  0.        , -0.0243759 , ..., -0.68349221,
         -0.99160273, -0.99074073],
        [ 0.08822395,  0.0243759 ,  0.        , ..., -0.7010825 ,
         -0.99446042, -0.98713689],
        ...,
        [ 0.63543799,  0.68349221,  0.7010825 , ...,  0.        ,
          0.63543799,  0.81599492],
        [ 0.98130931,  0.99160273,  0.99446042, ..., -0.63543799,
          0.        ,  0.26275133],
        [ 0.99739272,  0.99074073,  0.98713689, ..., -0.81599492,
         -0.26275133,  0.        ]],

       [[ 0.        , -0.33760397,  0.01996131, ..., -0.75770056,
         -0.73680659,  0.67821382],
        [ 0.33760397,  0.        ,  0.35632605, ..., -0.49289348,
         -0.46529213,  0.88648791],
        [-0.01996131, -0.35632605,  0.        , ..., -0.77057639,
         -0.7501557 ,  0.66340983],
        ...,
        [ 0.75770056,  0.49289348,  0.77057639, ...,  0.        ,
          0.03144233,  0.99941129],
        [ 0.73680659,  0.46529213,  0.7501557 , ..., -0.03144233,
          0.        ,  0.99999589],
        [-0.67821382, -0.88648791, -0.66340983, ..., -0.99941129,
         -0.99999589,  0.        ]],

       [[ 0.        , -0.45094014, -0.58955456, ..., -0.22002242,
         -0.10619842, -0.        ],
        [ 0.45094014,  0.        , -0.16197216, ..., -0.6362717 ,
         -0.5431779 , -0.45094014],
        [ 0.58955456,  0.16197216,  0.        , ..., -0.7528258 ,
         -0.6720001 , -0.58955456],
        ...,
        [ 0.22002242,  0.6362717 ,  0.7528258 , ...,  0.        ,
         -0.11518217, -0.22002242],
        [ 0.10619842,  0.5431779 ,  0.6720001 , ...,  0.11518217,
          0.        , -0.10619842],
        [ 0.        ,  0.45094014,  0.58955456, ...,  0.22002242,
          0.10619842,  0.        ]],

       ...,

       [[ 0.        , -0.15933028,  0.12406408, ..., -0.43249617,
         -0.15816186, -0.25447544],
        [ 0.15933028,  0.        ,  0.28057854, ..., -0.2833133 ,
          0.00118343, -0.0971396 ],
        [-0.12406408, -0.28057854,  0.        , ..., -0.54101541,
         -0.27944245, -0.37248922],
        ...,
        [ 0.43249617,  0.2833133 ,  0.54101541, ...,  0.        ,
          0.28444804,  0.18881391],
        [ 0.15816186, -0.00118343,  0.27944245, ..., -0.28444804,
          0.        , -0.09831736],
        [ 0.25447544,  0.0971396 ,  0.37248922, ..., -0.18881391,
          0.09831736,  0.        ]],

       [[ 0.        , -0.34396027, -0.35458384, ..., -0.74870552,
         -0.55651029, -0.        ],
        [ 0.34396027,  0.        , -0.01133743, ..., -0.93103486,
         -0.80833057, -0.34396027],
        [ 0.35458384,  0.01133743,  0.        , ..., -0.9351124 ,
         -0.81495329, -0.35458384],
        ...,
        [ 0.74870552,  0.93103486,  0.9351124 , ...,  0.        ,
         -0.25314284, -0.74870552],
        [ 0.55651029,  0.80833057,  0.81495329, ...,  0.25314284,
          0.        , -0.55651029],
        [ 0.        ,  0.34396027,  0.35458384, ...,  0.74870552,
          0.55651029,  0.        ]],

       [[ 0.        , -0.28489043, -0.42234852, ..., -0.23606896,
         -0.        , -0.09878574],
        [ 0.28489043,  0.        , -0.1466122 , ..., -0.50312465,
         -0.28489043, -0.37818902],
        [ 0.42234852,  0.1466122 ,  0.        , ..., -0.62439221,
         -0.42234852, -0.5098254 ],
        ...,
        [ 0.23606896,  0.50312465,  0.62439221, ...,  0.        ,
         -0.23606896, -0.13892059],
        [ 0.        ,  0.28489043,  0.42234852, ...,  0.23606896,
          0.        ,  0.09878574],
        [ 0.09878574,  0.37818902,  0.5098254 , ...,  0.13892059,
         -0.09878574,  0.        ]]]), 'num': array([ 9.55468141e-01,  1.17150890e-01,  7.36011634e-07,  9.31463612e-02,
        9.57632914e-02,  9.24103496e-02,  1.76740109e-02, -1.22668606e-03,
        9.27047542e-02,  9.59800060e-02,  1.01590050e-01,  2.95479123e-06,
        1.03215541e-01,  8.87444713e-02])}
{'img': array([[[ 0.        , -0.0243759 , -0.20054299, ..., -0.99160273,
         -0.99074073, -0.9995684 ],
        [ 0.0243759 ,  0.        , -0.1766027 , ..., -0.99446042,
         -0.98713689, -0.99998748],
        [ 0.20054299,  0.1766027 ,  0.        , ..., -0.99739272,
         -0.94338653, -0.98515346],
        ...,
        [ 0.99160273,  0.99446042,  0.99739272, ...,  0.        ,
          0.26275133,  0.10013503],
        [ 0.99074073,  0.98713689,  0.94338653, ..., -0.26275133,
          0.        , -0.16481406],
        [ 0.9995684 ,  0.99998748,  0.98515346, ..., -0.10013503,
          0.16481406,  0.        ]],

       [[ 0.        ,  0.35632605, -0.54641   , ..., -0.46529213,
          0.88648791, -0.56035624],
        [-0.35632605,  0.        , -0.80897398, ..., -0.7501557 ,
          0.66340983, -0.81870306],
        [ 0.54641   ,  0.80897398,  0.        , ...,  0.09396828,
          0.99530161, -0.01674333],
        ...,
        [ 0.46529213,  0.7501557 , -0.09396828, ...,  0.        ,
          0.99999589, -0.11062435],
        [-0.88648791, -0.66340983, -0.99530161, ..., -0.99999589,
          0.        , -0.99354095],
        [ 0.56035624,  0.81870306,  0.01674333, ...,  0.11062435,
          0.99354095,  0.        ]],

       [[ 0.        , -0.41090511, -0.60545661, ..., -0.26345661,
         -0.24086201, -0.        ],
        [ 0.41090511,  0.        , -0.22495108, ..., -0.63657598,
         -0.61839643, -0.41090511],
        [ 0.60545661,  0.22495108,  0.        , ..., -0.79374599,
         -0.77932844, -0.60545661],
        ...,
        [ 0.26345661,  0.63657598,  0.79374599, ...,  0.        ,
         -0.02334763, -0.26345661],
        [ 0.24086201,  0.61839643,  0.77932844, ...,  0.02334763,
          0.        , -0.24086201],
        [ 0.        ,  0.41090511,  0.60545661, ...,  0.26345661,
          0.24086201,  0.        ]],

       ...,

       [[ 0.        ,  0.28057854,  0.13920062, ...,  0.00118343,
         -0.0971396 ,  0.08063183],
        [-0.28057854,  0.        , -0.1442378 , ..., -0.27944245,
         -0.37248922, -0.20227202],
        [-0.13920062,  0.1442378 ,  0.        , ..., -0.13802862,
         -0.23473618, -0.05890056],
        ...,
        [-0.00118343,  0.27944245,  0.13802862, ...,  0.        ,
         -0.09831736,  0.0794522 ],
        [ 0.0971396 ,  0.37248922,  0.23473618, ...,  0.09831736,
          0.        ,  0.17707381],
        [-0.08063183,  0.20227202,  0.05890056, ..., -0.0794522 ,
         -0.17707381,  0.        ]],

       [[ 0.        , -0.0868556 , -0.2701653 , ..., -0.72477947,
         -0.52611542, -0.        ],
        [ 0.0868556 ,  0.        , -0.18551854, ..., -0.78188231,
         -0.59799032, -0.0868556 ],
        [ 0.2701653 ,  0.18551854,  0.        , ..., -0.88396652,
         -0.73630339, -0.2701653 ],
        ...,
        [ 0.72477947,  0.78188231,  0.88396652, ...,  0.        ,
         -0.25387852, -0.72477947],
        [ 0.52611542,  0.59799032,  0.73630339, ...,  0.25387852,
          0.        , -0.52611542],
        [ 0.        ,  0.0868556 ,  0.2701653 , ...,  0.72477947,
          0.52611542,  0.        ]],

       [[ 0.        , -0.3217012 , -0.47414698, ..., -0.07285239,
         -0.12341935, -0.        ],
        [ 0.3217012 ,  0.        , -0.16570147, ..., -0.389826  ,
         -0.4361002 , -0.3217012 ],
        [ 0.47414698,  0.16570147,  0.        , ..., -0.53702962,
         -0.57918597, -0.47414698],
        ...,
        [ 0.07285239,  0.389826  ,  0.53702962, ...,  0.        ,
          0.05079599, -0.07285239],
        [ 0.12341935,  0.4361002 ,  0.57918597, ..., -0.05079599,
          0.        , -0.12341935],
        [ 0.        ,  0.3217012 ,  0.47414698, ...,  0.07285239,
          0.12341935,  0.        ]]]), 'num': array([ 9.53640709e-01,  1.20452716e-01,  7.56755670e-07,  9.25764437e-02,
        9.48467107e-02,  9.21560239e-02,  3.43778125e-02, -3.19519061e-03,
        9.46617260e-02,  9.81259853e-02,  1.04161812e-01,  2.95188382e-06,
        1.05636524e-01,  9.06154467e-02])}
