state_0,state_1,state_2,state_3,state_4,state_5,state_6,state_7,state_8,state_9,state_10,state_11,state_12,state_13,state_14,state_15,state_16,state_17,state_18,state_19,state_20,state_21,state_22,state_23,state_24,state_25,state_26,state_27,state_28,state_29,state_30,state_31,state_32,state_33,state_34,state_35,state_36,state_37,state_38,state_39,state_40,state_41,state_42,state_43,state_44,state_45,state_46,state_47,state_48,state_49,state_50,state_51,state_52,state_53,state_54,state_55,state_56,state_57,state_58,state_59,state_60,state_61,state_62,state_63,state_64,state_65,state_66,state_67,state_68,state_69,state_70,state_71,state_72,state_73,state_74,state_75,state_76,state_77,state_78,state_79,state_80,state_81,state_82,state_83,state_84,state_85,state_86,state_87,state_88,state_89,state_90,state_91,state_92,state_93,state_94,state_95,state_96,state_97,state_98,state_99,state_100,state_101,state_102,state_103,state_104,state_105,state_106,state_107,state_108,state_109,state_110,state_111,state_112,state_113,state_114,state_115,state_116,state_117,state_118,state_119,state_120,state_121,state_122,state_123,state_124,state_125,state_126,state_127,state_128,state_129,state_130,state_131,state_132,state_133,state_134,state_135,state_136,state_137,state_138,state_139,state_140,state_141,state_142,state_143,state_144,state_145,state_146,state_147,state_148,state_149,state_150,state_151,state_152,state_153,state_154,state_155,state_156,state_157,state_158,state_159,state_160,state_161,state_162,state_163,state_164,state_165,state_166,state_167,state_168,state_169,state_170,state_171,state_172,state_173,state_174,state_175,state_176,state_177,state_178,state_179,state_180,state_181,state_182,state_183,state_184,state_185,state_186,state_187,state_188,state_189,state_190,state_191,state_192,state_193,state_194,state_195,state_196,state_197,state_198,state_199,state_200,state_201,state_202,state_203,state_204,state_205,state_206,state_207,state_208,state_209,state_210,state_211,state_212,state_213,state_214,state_215,state_216,state_217,state_218,state_219,state_220,state_221,state_222,state_223,state_224,state_225,state_226,state_227,state_228,state_229,state_230,state_231,state_232,state_233,state_234,state_235,state_236,state_237,state_238,state_239,state_240,state_241,state_242,state_243,state_244,state_245,state_246,state_247,state_248,state_249,state_250,state_251,state_252,state_253,state_254,state_255,state_256,state_257,state_258,state_259,state_260,state_261,state_262,state_263,state_264,state_265,state_266,state_267,state_268,state_269,state_270,state_271,state_272,state_273,state_274,state_275,state_276,state_277,state_278,state_279,state_280,state_281,state_282,state_283,state_284,state_285,state_286,state_287
{'img': array([[[ 0.        ,  0.3861254 ,  0.45384412, ...,  0.98888126,
          0.57972133,  0.7779517 ],
        [-0.3861254 ,  0.        ,  0.07457778, ...,  0.96960951,
          0.84938249,  0.96023056],
        [-0.45384412, -0.07457778,  0.        , ...,  0.94866332,
          0.88637763,  0.97837924],
        ...,
        [-0.98888126, -0.96960951, -0.94866332, ...,  0.        ,
          0.71954632,  0.50565084],
        [-0.57972133, -0.84938249, -0.88637763, ..., -0.71954632,
          0.        , -0.2696337 ],
        [-0.7779517 , -0.96023056, -0.97837924, ..., -0.50565084,
          0.2696337 ,  0.        ]],

       [[ 0.        ,  0.75015974,  0.49582117, ..., -0.1932942 ,
          0.56105041, -0.17791708],
        [-0.75015974,  0.        , -0.32359217, ..., -0.86382944,
         -0.24997015, -0.85584016],
        [-0.49582117,  0.32359217,  0.        , ..., -0.65433184,
          0.07679835, -0.64241816],
        ...,
        [ 0.1932942 ,  0.86382944,  0.65433184, ...,  0.        ,
          0.71047486,  0.01564857],
        [-0.56105041,  0.24997015, -0.07679835, ..., -0.71047486,
          0.        , -0.69937561],
        [ 0.17791708,  0.85584016,  0.64241816, ..., -0.01564857,
          0.69937561,  0.        ]],

       [[ 0.        , -0.0489453 , -0.01419174, ...,  0.99988701,
          0.96805007,  0.77709286],
        [ 0.0489453 ,  0.        ,  0.03476565, ...,  0.99942437,
          0.95461645,  0.74535599],
        [ 0.01419174, -0.03476565,  0.        , ...,  0.99999965,
          0.9643939 ,  0.76808252],
        ...,
        [-0.99988701, -0.99942437, -0.99999965, ...,  0.        ,
          0.26528078,  0.64099643],
        [-0.96805007, -0.95461645, -0.9643939 , ..., -0.26528078,
          0.        ,  0.41441566],
        [-0.77709286, -0.74535599, -0.76808252, ..., -0.64099643,
         -0.41441566,  0.        ]],

       ...,

       [[ 0.        ,  0.03460076, -0.03631101, ...,  0.50716807,
          0.99683208,  0.8776661 ],
        [-0.03460076,  0.        , -0.07086721, ...,  0.47704381,
          0.99348322,  0.86055737],
        [ 0.03631101,  0.07086721,  0.        , ...,  0.53812815,
          0.9990627 ,  0.89449018],
        ...,
        [-0.50716807, -0.47704381, -0.53812815, ...,  0.        ,
          0.81877932,  0.51334229],
        [-0.99683208, -0.99348322, -0.9990627 , ..., -0.81877932,
          0.        , -0.40794917],
        [-0.8776661 , -0.86055737, -0.89449018, ..., -0.51334229,
          0.40794917,  0.        ]],

       [[ 0.        , -0.04934949, -0.05997387, ...,  0.93558697,
          0.99492346,  0.88377283],
        [ 0.04934949,  0.        , -0.01064014, ...,  0.95187215,
          0.99867748,  0.85960459],
        [ 0.05997387,  0.01064014,  0.        , ...,  0.95507942,
          0.99916799,  0.85411924],
        ...,
        [-0.93558697, -0.95187215, -0.95507942, ...,  0.        ,
          0.25715144,  0.74983326],
        [-0.99492346, -0.99867748, -0.99916799, ..., -0.25715144,
          0.        ,  0.55447891],
        [-0.88377283, -0.85960459, -0.85411924, ..., -0.74983326,
         -0.55447891,  0.        ]],

       [[ 0.        ,  0.60729935,  0.76512094, ...,  0.27047529,
          0.        ,  0.25876208],
        [-0.60729935,  0.        ,  0.21683609, ...,  0.79954877,
          0.60729935,  0.7921949 ],
        [-0.76512094, -0.21683609,  0.        , ...,  0.91075794,
          0.76512094,  0.90567519],
        ...,
        [-0.27047529, -0.79954877, -0.91075794, ...,  0.        ,
          0.27047529,  0.01214598],
        [-0.        , -0.60729935, -0.76512094, ..., -0.27047529,
          0.        , -0.25876208],
        [-0.25876208, -0.7921949 , -0.90567519, ..., -0.01214598,
          0.25876208,  0.        ]]]), 'num': array([9.80712304e-01, 1.95340192e-01, 8.82440575e-06, 7.40917086e-04,
       7.50906979e-04, 7.25099755e-04, 6.45523595e-03, 1.24873666e-05,
       7.20770801e-04, 6.74359422e-04, 6.20108752e-04, 7.73027457e-07,
       7.42632779e-04, 6.06086065e-04])}
{'img': array([[[ 0.        ,  0.07216506,  0.14116414, ...,  0.99031956,
          0.99800352,  0.83472911],
        [-0.07216506,  0.        ,  0.06935367, ...,  0.99775446,
          0.99995925,  0.87229119],
        [-0.14116414, -0.06935367,  0.        , ...,  0.99999716,
          0.99692541,  0.90410386],
        ...,
        [-0.99031956, -0.99775446, -0.99999716, ...,  0.        ,
         -0.07598214,  0.42946459],
        [-0.99800352, -0.99995925, -0.99692541, ...,  0.07598214,
          0.        ,  0.49684131],
        [-0.83472911, -0.87229119, -0.90410386, ..., -0.42946459,
         -0.49684131,  0.        ]],

       [[ 0.        , -0.32359217, -0.85235001, ..., -0.24997015,
         -0.85584016, -0.78208566],
        [ 0.32359217,  0.        , -0.63726117, ...,  0.07679835,
         -0.64241816, -0.5383536 ],
        [ 0.85235001,  0.63726117,  0.        , ...,  0.69456359,
         -0.00671038,  0.12215105],
        ...,
        [ 0.24997015, -0.07679835, -0.69456359, ...,  0.        ,
         -0.69937561, -0.60148308],
        [ 0.85584016,  0.64241816,  0.00671038, ...,  0.69937561,
          0.        ,  0.12880843],
        [ 0.78208566,  0.5383536 , -0.12215105, ...,  0.60148308,
         -0.12880843,  0.        ]],

       [[ 0.        ,  0.03354284,  0.08988567, ...,  0.99376586,
          0.96374419,  0.72764829],
        [-0.03354284,  0.        ,  0.05642803, ...,  0.99694625,
          0.97215204,  0.75024755],
        [-0.08988567, -0.05642803,  0.        , ...,  0.9997643 ,
          0.98382705,  0.78635994],
        ...,
        [-0.99376586, -0.99694625, -0.9997643 , ...,  0.        ,
          0.15771923,  0.60055057],
        [-0.96374419, -0.97215204, -0.98382705, ..., -0.15771923,
          0.        ,  0.46692386],
        [-0.72764829, -0.75024755, -0.78635994, ..., -0.60055057,
         -0.46692386,  0.        ]],

       ...,

       [[ 0.        , -0.06371956, -0.16630061, ...,  0.80043586,
          0.72161724,  0.99999104],
        [ 0.06371956,  0.        , -0.10313039, ...,  0.83700392,
          0.76426335,  0.9982286 ],
        [ 0.16630061,  0.10313039,  0.        , ...,  0.88897352,
          0.82669741,  0.98677014],
        ...,
        [-0.80043586, -0.83700392, -0.88897352, ...,  0.        ,
         -0.12158488,  0.5960252 ],
        [-0.72161724, -0.76426335, -0.82669741, ...,  0.12158488,
          0.        ,  0.68923181],
        [-0.99999104, -0.9982286 , -0.98677014, ..., -0.5960252 ,
         -0.68923181,  0.        ]],

       [[ 0.        , -0.01002103, -0.05474351, ...,  0.96935968,
          0.99988312,  0.83251045],
        [ 0.01002103,  0.        , -0.04473476, ...,  0.97177263,
          0.99998612,  0.82691691],
        [ 0.05474351,  0.04473476,  0.        , ...,  0.98135359,
          0.99922071,  0.80093365],
        ...,
        [-0.96935968, -0.97177263, -0.98135359, ...,  0.        ,
          0.23079644,  0.74153692],
        [-0.99988312, -0.99998612, -0.99922071, ..., -0.23079644,
          0.        ,  0.56667283],
        [-0.83251045, -0.82691691, -0.80093365, ..., -0.74153692,
         -0.56667283,  0.        ]],

       [[ 0.        ,  0.5545261 ,  0.78836304, ...,  0.        ,
          0.27290775,  0.43886131],
        [-0.5545261 ,  0.        ,  0.31489901, ...,  0.5545261 ,
          0.76058104,  0.8634777 ],
        [-0.78836304, -0.31489901,  0.        , ...,  0.78836304,
          0.9263326 ,  0.9783794 ],
        ...,
        [-0.        , -0.5545261 , -0.78836304, ...,  0.        ,
         -0.27290775, -0.43886131],
        [-0.27290775, -0.76058104, -0.9263326 , ...,  0.27290775,
          0.        , -0.17697966],
        [-0.43886131, -0.8634777 , -0.9783794 , ...,  0.43886131,
          0.17697966,  0.        ]]]), 'num': array([ 7.30147545e-01,  6.29428926e-01,  1.15635613e-06,  3.35728730e-02,
        3.46135936e-02,  3.31488758e-02,  2.49698147e-01, -7.32358884e-04,
        3.36191273e-02,  3.13449602e-02,  2.88125403e-02,  3.09343679e-05,
        3.46670649e-02,  2.80228555e-02])}
{'img': array([[[ 0.        ,  0.06935367, -0.11481244, ...,  0.99995925,
          0.87229119,  0.99710696],
        [-0.06935367,  0.        , -0.18343103, ...,  0.99692541,
          0.90410386,  0.9894344 ],
        [ 0.11481244,  0.18343103,  0.        , ...,  0.99438316,
          0.81038113,  0.99924032],
        ...,
        [-0.99995925, -0.99692541, -0.99438316, ...,  0.        ,
          0.49684131, -0.06700696],
        [-0.87229119, -0.90410386, -0.81038113, ..., -0.49684131,
          0.        , -0.55387608],
        [-0.99710696, -0.9894344 , -0.99924032, ...,  0.06700696,
          0.55387608,  0.        ]],

       [[ 0.        , -0.63726117, -0.49103775, ..., -0.64241816,
         -0.5383536 , -0.6888742 ],
        [ 0.63726117,  0.        ,  0.17672539, ..., -0.00671038,
          0.12215105, -0.06894101],
        [ 0.49103775, -0.17672539,  0.        , ..., -0.18332617,
         -0.05517357, -0.24416081],
        ...,
        [ 0.64241816,  0.00671038,  0.18332617, ...,  0.        ,
          0.12880843, -0.06224504],
        [ 0.5383536 , -0.12215105,  0.05517357, ..., -0.12880843,
          0.        , -0.19028517],
        [ 0.6888742 ,  0.06894101,  0.24416081, ...,  0.06224504,
          0.19028517,  0.        ]],

       [[ 0.        ,  0.05532471,  0.08075755, ...,  0.99096249,
          0.92969987,  0.74055115],
        [-0.05532471,  0.        ,  0.02548986, ...,  0.99686596,
          0.94865304,  0.77659513],
        [-0.08075755, -0.02548986,  0.        , ...,  0.99855854,
          0.95640772,  0.79240141],
        ...,
        [-0.99096249, -0.99686596, -0.99855854, ...,  0.        ,
          0.24028005,  0.5665898 ],
        [-0.92969987, -0.94865304, -0.95640772, ..., -0.24028005,
          0.        ,  0.352     ],
        [-0.74055115, -0.77659513, -0.79240141, ..., -0.5665898 ,
         -0.352     ,  0.        ]],

       ...,

       [[ 0.        , -0.10313039, -0.33061756, ...,  0.76426335,
          0.9982286 ,  0.65720543],
        [ 0.10313039,  0.        , -0.23152382, ...,  0.82669741,
          0.98677014,  0.73143168],
        [ 0.33061756,  0.23152382,  0.        , ...,  0.93450154,
          0.92242291,  0.86943762],
        ...,
        [-0.76426335, -0.82669741, -0.93450154, ...,  0.        ,
          0.68923181, -0.15219948],
        [-0.9982286 , -0.98677014, -0.92242291, ..., -0.68923181,
          0.        , -0.79147686],
        [-0.65720543, -0.73143168, -0.86943762, ...,  0.15219948,
          0.79147686,  0.        ]],

       [[ 0.        , -0.04339853, -0.14591222, ...,  0.99300597,
          0.98298512,  0.81251058],
        [ 0.04339853,  0.        , -0.10284069, ...,  0.99719421,
          0.97408733,  0.78644605],
        [ 0.14591222,  0.10284069,  0.        , ...,  0.99960537,
          0.94566285,  0.71875571],
        ...,
        [-0.99300597, -0.99719421, -0.99960537, ...,  0.        ,
          0.29845581,  0.67479769],
        [-0.98298512, -0.97408733, -0.94566285, ..., -0.29845581,
          0.        ,  0.42378153],
        [-0.81251058, -0.78644605, -0.71875571, ..., -0.67479769,
         -0.42378153,  0.        ]],

       [[ 0.        ,  0.64619783,  0.85856328, ...,  0.28488083,
          0.45739811,  0.48861859],
        [-0.64619783,  0.        ,  0.32391915, ...,  0.83683378,
          0.92371169,  0.93670501],
        [-0.85856328, -0.32391915,  0.        , ...,  0.96904751,
          0.99799922,  0.99961278],
        ...,
        [-0.28488083, -0.83683378, -0.96904751, ...,  0.        ,
         -0.18511118, -0.21981387],
        [-0.45739811, -0.92371169, -0.99799922, ...,  0.18511118,
          0.        , -0.03543126],
        [-0.48861859, -0.93670501, -0.99961278, ...,  0.21981387,
          0.03543126,  0.        ]]]), 'num': array([8.45428010e-01, 4.55232589e-01, 4.44920663e-06, 3.90195421e-02,
       3.95534469e-02, 3.83076690e-02, 2.58508248e-01, 2.66952398e-04,
       3.90818310e-02, 3.63322213e-02, 3.33734989e-02, 3.62527947e-05,
       4.03593211e-02, 3.23051215e-02])}
{'img': array([[[ 0.        , -0.18343103, -0.06935367, ...,  0.90410386,
          0.9894344 ,  0.99912695],
        [ 0.18343103,  0.        ,  0.11481244, ...,  0.81038113,
          0.99924032,  0.9898376 ],
        [ 0.06935367, -0.11481244,  0.        , ...,  0.87229119,
          0.99710696,  0.99961859],
        ...,
        [-0.90410386, -0.81038113, -0.87229119, ...,  0.        ,
         -0.55387608, -0.46471073],
        [-0.9894344 , -0.99924032, -0.99710696, ...,  0.55387608,
          0.        ,  0.10351878],
        [-0.99912695, -0.9898376 , -0.99961859, ...,  0.46471073,
         -0.10351878,  0.        ]],

       [[ 0.        ,  0.17672539, -0.26478759, ...,  0.12215105,
         -0.06894101, -0.17746451],
        [-0.17672539,  0.        , -0.43103737, ..., -0.05517357,
         -0.24416081, -0.34859152],
        [ 0.26478759,  0.43103737,  0.        , ...,  0.38059582,
          0.1976773 ,  0.08945444],
        ...,
        [-0.12215105,  0.05517357, -0.38059582, ...,  0.        ,
         -0.19028517, -0.29634774],
        [ 0.06894101,  0.24416081, -0.1976773 , ...,  0.19028517,
          0.        , -0.10919555],
        [ 0.17746451,  0.34859152, -0.08945444, ...,  0.29634774,
          0.10919555,  0.        ]],

       [[ 0.        ,  0.02501576,  0.11571832, ...,  0.98077675,
          0.9402612 ,  0.76743637],
        [-0.02501576,  0.        ,  0.0908344 , ...,  0.98535123,
          0.94848366,  0.78323444],
        [-0.11571832, -0.0908344 ,  0.        , ...,  0.99676845,
          0.97334134,  0.83647071],
        ...,
        [-0.98077675, -0.98535123, -0.99676845, ...,  0.        ,
          0.15043311,  0.47904828],
        [-0.9402612 , -0.94848366, -0.97334134, ..., -0.15043311,
          0.        ,  0.34154834],
        [-0.76743637, -0.78323444, -0.83647071, ..., -0.47904828,
         -0.34154834,  0.        ]],

       ...,

       [[ 0.        , -0.23152382, -0.40653766, ...,  0.98677014,
          0.73143168,  0.76379499],
        [ 0.23152382,  0.        , -0.18396368, ...,  0.92242291,
          0.86943762,  0.89248121],
        [ 0.40653766,  0.18396368,  0.        , ...,  0.83563663,
          0.94548489,  0.96023245],
        ...,
        [-0.98677014, -0.92242291, -0.83563663, ...,  0.        ,
         -0.79147686, -0.76075027],
        [-0.73143168, -0.86943762, -0.94548489, ...,  0.79147686,
          0.        ,  0.04873396],
        [-0.76379499, -0.89248121, -0.96023245, ...,  0.76075027,
         -0.04873396,  0.        ]],

       [[ 0.        , -0.09989871, -0.2135723 , ...,  0.99741739,
          0.96882441,  0.7718897 ],
        [ 0.09989871,  0.        , -0.11491016, ...,  0.9852529 ,
          0.93922822,  0.70451716],
        [ 0.2135723 ,  0.11491016,  0.        , ...,  0.95906484,
          0.89355878,  0.61830012],
        ...,
        [-0.99741739, -0.9852529 , -0.95906484, ...,  0.        ,
          0.17752468,  0.57867512],
        [-0.96882441, -0.93922822, -0.89355878, ..., -0.17752468,
          0.        ,  0.42470195],
        [-0.7718897 , -0.70451716, -0.61830012, ..., -0.57867512,
         -0.42470195,  0.        ]],

       [[ 0.        ,  0.69820753,  0.9045239 , ...,  0.48522804,
          0.51801542,  0.54532822],
        [-0.69820753,  0.        ,  0.34981282, ...,  0.95787657,
          0.96807153,  0.97565131],
        [-0.9045239 , -0.34981282,  0.        , ...,  0.99781688,
          0.99459742,  0.99073283],
        ...,
        [-0.48522804, -0.95787657, -0.99781688, ...,  0.        ,
         -0.03789616, -0.07009914],
        [-0.51801542, -0.96807153, -0.99459742, ...,  0.03789616,
          0.        , -0.03224585],
        [-0.54532822, -0.97565131, -0.99073283, ...,  0.07009914,
          0.03224585,  0.        ]]]), 'num': array([7.25835647e-01, 6.58448460e-01, 7.64027068e-07, 3.36935937e-02,
       3.40374059e-02, 3.25093518e-02, 1.76973118e-01, 1.91006767e-04,
       3.35789897e-02, 3.14053326e-02, 2.87528853e-02, 3.21078860e-05,
       3.49333595e-02, 2.78773058e-02])}
{'img': array([[[ 0.        ,  0.11481244,  0.05333174, ...,  0.99924032,
          0.9898376 ,  0.969333  ],
        [-0.11481244,  0.        , -0.06166997, ...,  0.99710696,
          0.99961859,  0.99113825],
        [-0.05333174,  0.06166997,  0.        , ...,  0.99989667,
          0.99601281,  0.98105982],
        ...,
        [-0.99924032, -0.99710696, -0.99989667, ...,  0.        ,
          0.10351878,  0.20778774],
        [-0.9898376 , -0.99961859, -0.99601281, ..., -0.10351878,
          0.        ,  0.10541203],
        [-0.969333  , -0.99113825, -0.98105982, ..., -0.20778774,
         -0.10541203,  0.        ]],

       [[ 0.        , -0.43103737, -0.62278218, ..., -0.24416081,
         -0.34859152, -0.54615101],
        [ 0.43103737,  0.        , -0.22471598, ...,  0.1976773 ,
          0.08945444, -0.13173638],
        [ 0.62278218,  0.22471598,  0.        , ...,  0.41290326,
          0.31098166,  0.0943904 ],
        ...,
        [ 0.24416081, -0.1976773 , -0.41290326, ...,  0.        ,
         -0.10919555, -0.32509135],
        [ 0.34859152, -0.08945444, -0.31098166, ...,  0.10919555,
          0.        , -0.21988306],
        [ 0.54615101,  0.13173638, -0.0943904 , ...,  0.32509135,
          0.21988306,  0.        ]],

       [[ 0.        ,  0.09066856,  0.09297179, ...,  0.95304431,
          0.84482062,  0.78236199],
        [-0.09066856,  0.        ,  0.002313  , ...,  0.97657608,
          0.88985309,  0.83561009],
        [-0.09297179, -0.002313  ,  0.        , ...,  0.97707116,
          0.89090601,  0.83687844],
        ...,
        [-0.95304431, -0.97657608, -0.97707116, ...,  0.        ,
          0.25408825,  0.35665549],
        [-0.84482062, -0.88985309, -0.89090601, ..., -0.25408825,
          0.        ,  0.10757204],
        [-0.78236199, -0.83561009, -0.83687844, ..., -0.35665549,
         -0.10757204,  0.        ]],

       ...,

       [[ 0.        , -0.18396368,  0.11774367, ...,  0.86943762,
          0.89248121,  0.93641346],
        [ 0.18396368,  0.        ,  0.29841818, ...,  0.94548489,
          0.96023245,  0.98498433],
        [-0.11774367, -0.29841818,  0.        , ...,  0.80521943,
          0.83316078,  0.8885837 ],
        ...,
        [-0.86943762, -0.94548489, -0.80521943, ...,  0.        ,
          0.04873396,  0.15754381],
        [-0.89248121, -0.96023245, -0.83316078, ..., -0.04873396,
          0.        ,  0.10923124],
        [-0.93641346, -0.98498433, -0.8885837 , ..., -0.15754381,
         -0.10923124,  0.        ]],

       [[ 0.        , -0.1120757 , -0.28180927, ...,  0.97938436,
          0.92529055,  0.69170311],
        [ 0.1120757 ,  0.        , -0.17250046, ...,  0.95057399,
          0.8769552 ,  0.6064061 ],
        [ 0.28180927,  0.17250046,  0.        , ...,  0.88276329,
          0.78091024,  0.46015112],
        ...,
        [-0.97938436, -0.95057399, -0.88276329, ...,  0.        ,
          0.18452642,  0.5675658 ],
        [-0.92529055, -0.8769552 , -0.78091024, ..., -0.18452642,
          0.        ,  0.40589353],
        [-0.69170311, -0.6064061 , -0.46015112, ..., -0.5675658 ,
         -0.40589353,  0.        ]],

       [[ 0.        ,  0.74897442,  0.94550503, ...,  0.55563732,
          0.58444022,  0.45505205],
        [-0.74897442,  0.        ,  0.38261892, ...,  0.99088058,
          0.99499484,  0.96845238],
        [-0.94550503, -0.38261892,  0.        , ...,  0.96703599,
          0.95751566,  0.99010734],
        ...,
        [-0.55563732, -0.99088058, -0.96703599, ...,  0.        ,
         -0.03505353,  0.11643395],
        [-0.58444022, -0.99499484, -0.95751566, ...,  0.03505353,
          0.        ,  0.15117751],
        [-0.45505205, -0.96845238, -0.99010734, ..., -0.11643395,
         -0.15117751,  0.        ]]]), 'num': array([ 7.21458595e-01,  6.55029372e-01,  7.60059749e-07,  3.32146110e-02,
        3.41266827e-02,  3.28345812e-02,  2.05315700e-01, -3.04023900e-04,
        3.33970254e-02,  3.14683738e-02,  2.87074567e-02,  2.86399326e-05,
        3.48729388e-02,  2.80638087e-02])}
{'img': array([[[ 0.        , -0.06166997, -0.06166997, ...,  0.99961859,
          0.99113825,  0.99964903],
        [ 0.06166997,  0.        ,  0.        , ...,  0.99601281,
          0.98105982,  0.99938005],
        [ 0.06166997,  0.        ,  0.        , ...,  0.99601281,
          0.98105982,  0.99938005],
        ...,
        [-0.99961859, -0.99601281, -0.99601281, ...,  0.        ,
          0.10541203, -0.05408855],
        [-0.99113825, -0.98105982, -0.98105982, ..., -0.10541203,
          0.        , -0.15904492],
        [-0.99964903, -0.99938005, -0.99938005, ...,  0.05408855,
          0.15904492,  0.        ]],

       [[ 0.        , -0.22471598,  0.48795623, ...,  0.08945444,
         -0.13173638,  0.0180217 ],
        [ 0.22471598,  0.        ,  0.67162382, ...,  0.31098166,
          0.0943904 ,  0.24224026],
        [-0.48795623, -0.67162382,  0.        , ..., -0.40791804,
         -0.59869207, -0.47214642],
        ...,
        [-0.08945444, -0.31098166,  0.40791804, ...,  0.        ,
         -0.21988306, -0.07149047],
        [ 0.13173638, -0.0943904 ,  0.59869207, ...,  0.21988306,
          0.        ,  0.14957962],
        [-0.0180217 , -0.24224026,  0.47214642, ...,  0.07149047,
         -0.14957962,  0.        ]],

       [[ 0.        ,  0.002313  , -0.01161816, ...,  0.88985309,
          0.83561009,  0.86814356],
        [-0.002313  ,  0.        , -0.01393098, ...,  0.89090601,
          0.83687844,  0.86928921],
        [ 0.01161816,  0.01393098,  0.        , ...,  0.88449227,
          0.82917157,  0.86231872],
        ...,
        [-0.88985309, -0.89090601, -0.88449227, ...,  0.        ,
          0.10757204,  0.04555775],
        [-0.83561009, -0.83687844, -0.82917157, ..., -0.10757204,
          0.        , -0.06216696],
        [-0.86814356, -0.86928921, -0.86231872, ..., -0.04555775,
          0.06216696,  0.        ]],

       ...,

       [[ 0.        ,  0.29841818, -0.04337577, ...,  0.96023245,
          0.98498433,  0.87225447],
        [-0.29841818,  0.        , -0.33953667, ...,  0.83316078,
          0.8885837 ,  0.6865683 ],
        [ 0.04337577,  0.33953667,  0.        , ...,  0.9714393 ,
          0.99154585,  0.89264655],
        ...,
        [-0.96023245, -0.83316078, -0.9714393 , ...,  0.        ,
          0.10923124, -0.22606886],
        [-0.98498433, -0.8885837 , -0.99154585, ..., -0.10923124,
          0.        , -0.33111953],
        [-0.87225447, -0.6865683 , -0.89264655, ...,  0.22606886,
          0.33111953,  0.        ]],

       [[ 0.        , -0.17079684, -0.30657722, ...,  0.90974214,
          0.79370311,  0.60145277],
        [ 0.17079684,  0.        , -0.13950021, ...,  0.82546427,
          0.67814402,  0.45616416],
        [ 0.30657722,  0.13950021,  0.        , ...,  0.73865141,
          0.5689904 ,  0.32756318],
        ...,
        [-0.90974214, -0.82546427, -0.73865141, ...,  0.        ,
          0.22387631,  0.4770932 ],
        [-0.79370311, -0.67814402, -0.5689904 , ..., -0.22387631,
          0.        ,  0.26822912],
        [-0.60145277, -0.45616416, -0.32756318, ..., -0.4770932 ,
         -0.26822912,  0.        ]],

       [[ 0.        ,  0.41180198,  0.60699743, ...,  0.99518285,
          0.97515153,  0.66093442],
        [-0.41180198,  0.        ,  0.22587999, ...,  0.9472551 ,
          0.97985977,  0.91132612],
        [-0.60699743, -0.22587999,  0.        , ...,  0.85038328,
          0.90943016,  0.98076447],
        ...,
        [-0.99518285, -0.9472551 , -0.85038328, ...,  0.        ,
          0.12487161,  0.6820332 ],
        [-0.97515153, -0.97985977, -0.90943016, ..., -0.12487161,
          0.        ,  0.58537361],
        [-0.66093442, -0.91132612, -0.98076447, ..., -0.6820332 ,
         -0.58537361,  0.        ]]]), 'num': array([7.74865436e-01, 5.95867385e-01, 2.03870217e-06, 3.57996101e-02,
       3.60850284e-02, 3.52695476e-02, 1.87009335e-01, 1.63096174e-04,
       3.57343716e-02, 3.40014748e-02, 3.09074045e-02, 3.07282646e-05,
       3.75299636e-02, 3.04729861e-02])}
{'img': array([[[ 0.        ,  0.        ,  0.18771386, ...,  0.98105982,
          0.99938005,  0.99410394],
        [ 0.        ,  0.        ,  0.18771386, ...,  0.98105982,
          0.99938005,  0.99410394],
        [-0.18771386, -0.18771386,  0.        , ...,  0.99998138,
          0.98822363,  0.99678657],
        ...,
        [-0.98105982, -0.98105982, -0.99998138, ...,  0.        ,
         -0.15904492, -0.08618527],
        [-0.99938005, -0.99938005, -0.98822363, ...,  0.15904492,
          0.        ,  0.07336489],
        [-0.99410394, -0.99410394, -0.99678657, ...,  0.08618527,
         -0.07336489,  0.        ]],

       [[ 0.        ,  0.67162382,  0.84386673, ...,  0.0943904 ,
          0.24224026,  0.08457958],
        [-0.67162382,  0.        ,  0.26485273, ..., -0.59869207,
         -0.47214642, -0.60655285],
        [-0.84386673, -0.26485273,  0.        , ..., -0.78945365,
         -0.68875856, -0.79546152],
        ...,
        [-0.0943904 ,  0.59869207,  0.78945365, ...,  0.        ,
          0.14957962, -0.00985022],
        [-0.24224026,  0.47214642,  0.68875856, ..., -0.14957962,
          0.        , -0.15931177],
        [-0.08457958,  0.60655285,  0.79546152, ...,  0.00985022,
          0.15931177,  0.        ]],

       [[ 0.        , -0.01393098,  0.        , ...,  0.83687844,
          0.86928921,  0.93781543],
        [ 0.01393098,  0.        ,  0.01393098, ...,  0.82917157,
          0.86231872,  0.9328885 ],
        [ 0.        , -0.01393098,  0.        , ...,  0.83687844,
          0.86928921,  0.93781543],
        ...,
        [-0.83687844, -0.82917157, -0.83687844, ...,  0.        ,
         -0.06216696, -0.22284044],
        [-0.86928921, -0.86231872, -0.86928921, ...,  0.06216696,
          0.        , -0.16180565],
        [-0.93781543, -0.9328885 , -0.93781543, ...,  0.22284044,
          0.16180565,  0.        ]],

       ...,

       [[ 0.        , -0.33953667, -0.0165106 , ...,  0.8885837 ,
          0.6865683 ,  0.6865683 ],
        [ 0.33953667,  0.        ,  0.32396064, ...,  0.99154585,
          0.89264655,  0.89264655],
        [ 0.0165106 , -0.32396064,  0.        , ...,  0.89603622,
          0.698479  ,  0.698479  ],
        ...,
        [-0.8885837 , -0.99154585, -0.89603622, ...,  0.        ,
         -0.33111953, -0.33111953],
        [-0.6865683 , -0.89264655, -0.698479  , ...,  0.33111953,
          0.        ,  0.        ],
        [-0.6865683 , -0.89264655, -0.698479  , ...,  0.33111953,
          0.        ,  0.        ]],

       [[ 0.        , -0.13835019, -0.15710911, ...,  0.74475754,
          0.66120334,  0.45274021],
        [ 0.13835019,  0.        , -0.0189662 , ...,  0.64526954,
          0.55105355,  0.32502747],
        [ 0.15710911,  0.0189662 ,  0.        , ...,  0.63066414,
          0.53512771,  0.30703258],
        ...,
        [-0.74475754, -0.64526954, -0.63066414, ...,  0.        ,
          0.11747788,  0.36192799],
        [-0.66120334, -0.55105355, -0.53512771, ..., -0.11747788,
          0.        ,  0.24990823],
        [-0.45274021, -0.32502747, -0.30703258, ..., -0.36192799,
         -0.24990823,  0.        ]],

       [[ 0.        ,  0.2110192 ,  0.32279763, ...,  0.92880987,
          0.99272153,  0.88609191],
        [-0.2110192 ,  0.        ,  0.11580592, ...,  0.82970028,
          0.94495379,  0.96394824],
        [-0.32279763, -0.11580592,  0.        , ...,  0.75947402,
          0.90070387,  0.98827744],
        ...,
        [-0.92880987, -0.82970028, -0.75947402, ...,  0.        ,
          0.25600074,  0.75885952],
        [-0.99272153, -0.94495379, -0.90070387, ..., -0.25600074,
          0.        ,  0.56685013],
        [-0.88609191, -0.96394824, -0.98827744, ..., -0.75885952,
         -0.56685013,  0.        ]]]), 'num': array([ 7.20522688e-01,  5.55833005e-01,  1.90172844e-06,  3.29379366e-02,
        3.47255613e-02,  3.27477638e-02,  4.04362617e-01, -4.56414826e-04,
        3.32954616e-02,  3.19452344e-02,  2.89265574e-02,  2.69088106e-05,
        3.48927441e-02,  2.89977246e-02])}
{'img': array([[[ 0.        ,  0.18771386,  0.11130536, ...,  0.99938005,
          0.99410394,  0.99597805],
        [-0.18771386,  0.        , -0.07722069, ...,  0.98822363,
          0.99678657,  0.9614546 ],
        [-0.11130536,  0.07722069,  0.        , ...,  0.99708886,
          0.99999582,  0.9798166 ],
        ...,
        [-0.99938005, -0.98822363, -0.99708886, ...,  0.        ,
          0.07336489, -0.12460725],
        [-0.99410394, -0.99678657, -0.99999582, ..., -0.07336489,
          0.        , -0.19706454],
        [-0.99597805, -0.9614546 , -0.9798166 , ...,  0.12460725,
          0.19706454,  0.        ]],

       [[ 0.        ,  0.26485273, -0.21505235, ..., -0.47214642,
         -0.60655285,  0.27174219],
        [-0.26485273,  0.        , -0.46602843, ..., -0.68875856,
         -0.79546152,  0.00715163],
        [ 0.21505235,  0.46602843,  0.        , ..., -0.27152641,
         -0.42138514,  0.47234406],
        ...,
        [ 0.47214642,  0.68875856,  0.27152641, ...,  0.        ,
         -0.15931177,  0.69392581],
        [ 0.60655285,  0.79546152,  0.42138514, ...,  0.15931177,
          0.        ,  0.79977509],
        [-0.27174219, -0.00715163, -0.47234406, ..., -0.69392581,
         -0.79977509,  0.        ]],

       [[ 0.        ,  0.01393098,  0.05046126, ...,  0.86231872,
          0.9328885 ,  0.9465206 ],
        [-0.01393098,  0.        ,  0.03654314, ...,  0.86928921,
          0.93781543,  0.95092348],
        [-0.05046126, -0.03654314,  0.        , ...,  0.88677201,
          0.94987442,  0.96159574],
        ...,
        [-0.86231872, -0.86928921, -0.88677201, ...,  0.        ,
         -0.16180565, -0.20106431],
        [-0.9328885 , -0.93781543, -0.94987442, ...,  0.16180565,
          0.        , -0.03991355],
        [-0.9465206 , -0.95092348, -0.96159574, ...,  0.20106431,
          0.03991355,  0.        ]],

       ...,

       [[ 0.        ,  0.32396064,  0.2413638 , ...,  0.89264655,
          0.89264655,  0.81249548],
        [-0.32396064,  0.        , -0.08603547, ...,  0.698479  ,
          0.698479  ,  0.57981953],
        [-0.2413638 ,  0.08603547,  0.        , ...,  0.7574587 ,
          0.7574587 ,  0.64776656],
        ...,
        [-0.89264655, -0.698479  , -0.7574587 , ...,  0.        ,
          0.        , -0.15414566],
        [-0.89264655, -0.698479  , -0.7574587 , ...,  0.        ,
          0.        , -0.15414566],
        [-0.81249548, -0.57981953, -0.64776656, ...,  0.15414566,
          0.15414566,  0.        ]],

       [[ 0.        , -0.0189662 ,  0.0014185 , ...,  0.55105355,
          0.32502747,  0.55996155],
        [ 0.0189662 ,  0.        ,  0.02038443, ...,  0.53512771,
          0.30703258,  0.54414697],
        [-0.0014185 , -0.02038443,  0.        , ...,  0.5522367 ,
          0.32636863,  0.56113624],
        ...,
        [-0.55105355, -0.53512771, -0.5522367 , ...,  0.        ,
          0.24990823, -0.01071293],
        [-0.32502747, -0.30703258, -0.32636863, ..., -0.24990823,
          0.        , -0.26026689],
        [-0.55996155, -0.54414697, -0.56113624, ...,  0.01071293,
          0.26026689,  0.        ]],

       [[ 0.        ,  0.10377795,  0.12905697, ...,  0.84010091,
          0.93341701,  0.93248679],
        [-0.10377795,  0.        ,  0.02545005, ...,  0.77927248,
          0.89114218,  0.96493684],
        [-0.12905697, -0.02545005,  0.        , ...,  0.7630709 ,
          0.87930622,  0.97130448],
        ...,
        [-0.84010091, -0.77927248, -0.7630709 , ...,  0.        ,
          0.20489089,  0.80925682],
        [-0.93341701, -0.89114218, -0.87930622, ..., -0.20489089,
          0.        ,  0.67172411],
        [-0.93248679, -0.96493684, -0.97130448, ..., -0.80925682,
         -0.67172411,  0.        ]]]), 'num': array([7.73040470e-01, 5.92593033e-01, 2.02749929e-06, 3.60894874e-02,
       3.62516874e-02, 3.49540878e-02, 2.04036986e-01, 9.73199661e-04,
       3.56028876e-02, 3.42890681e-02, 3.09578867e-02, 2.97867180e-05,
       3.73129553e-02, 3.12651808e-02])}
{'img': array([[[ 0.        , -0.07722069, -0.11678564, ...,  0.99678657,
          0.9614546 ,  0.92724737],
        [ 0.07722069,  0.        , -0.03974464, ...,  0.99999582,
          0.9798166 ,  0.8955634 ],
        [ 0.11678564,  0.03974464,  0.        , ...,  0.99932061,
          0.98698732,  0.87717205],
        ...,
        [-0.99678657, -0.99999582, -0.99932061, ...,  0.        ,
         -0.19706454,  0.44752159],
        [-0.9614546 , -0.9798166 , -0.98698732, ...,  0.19706454,
          0.        ,  0.61497545],
        [-0.92724737, -0.8955634 , -0.87717205, ..., -0.44752159,
         -0.61497545,  0.        ]],

       [[ 0.        , -0.46602843, -0.71076209, ..., -0.79546152,
          0.00715163, -0.73736318],
        [ 0.46602843,  0.        , -0.30104126, ..., -0.42138514,
          0.47234406, -0.33759606],
        [ 0.71076209,  0.30104126,  0.        , ..., -0.12882872,
          0.7157746 , -0.0385679 ],
        ...,
        [ 0.79546152,  0.42138514,  0.12882872, ...,  0.        ,
          0.79977509,  0.09048636],
        [-0.00715163, -0.47234406, -0.7157746 , ..., -0.79977509,
          0.        , -0.74217523],
        [ 0.73736318,  0.33759606,  0.0385679 , ..., -0.09048636,
          0.74217523,  0.        ]],

       [[ 0.        ,  0.03654314,  0.03879877, ...,  0.93781543,
          0.95092348,  0.90472964],
        [-0.03654314,  0.        ,  0.00225723, ...,  0.94987442,
          0.96159574,  0.91969222],
        [-0.03879877, -0.00225723,  0.        , ...,  0.95057768,
          0.96221283,  0.92057616],
        ...,
        [-0.93781543, -0.94987442, -0.95057768, ...,  0.        ,
         -0.03991355,  0.08543379],
        [-0.95092348, -0.96159574, -0.96221283, ...,  0.03991355,
          0.        ,  0.12513334],
        [-0.90472964, -0.91969222, -0.92057616, ..., -0.08543379,
         -0.12513334,  0.        ]],

       ...,

       [[ 0.        , -0.08603547, -0.12660409, ...,  0.698479  ,
          0.57981953,  0.65039554],
        [ 0.08603547,  0.        , -0.04079148, ...,  0.7574587 ,
          0.64776656,  0.7133361 ],
        [ 0.12660409,  0.04079148,  0.        , ...,  0.78346032,
          0.67830395,  0.74132995],
        ...,
        [-0.698479  , -0.7574587 , -0.78346032, ...,  0.        ,
         -0.15414566, -0.06511872],
        [-0.57981953, -0.64776656, -0.67830395, ...,  0.15414566,
          0.        ,  0.08947806],
        [-0.65039554, -0.7133361 , -0.74132995, ...,  0.06511872,
         -0.08947806,  0.        ]],

       [[ 0.        ,  0.02038443,  0.02609729, ...,  0.30703258,
          0.54414697,  0.37990532],
        [-0.02038443,  0.        ,  0.00571438, ...,  0.32636863,
          0.56113624,  0.3986825 ],
        [-0.02609729, -0.00571438,  0.        , ...,  0.33176478,
          0.565857  ,  0.40391659],
        ...,
        [-0.30703258, -0.32636863, -0.33176478, ...,  0.        ,
         -0.26026689, -0.07754259],
        [-0.54414697, -0.56113624, -0.565857  , ...,  0.26026689,
          0.        ,  0.18461302],
        [-0.37990532, -0.3986825 , -0.40391659, ...,  0.07754259,
         -0.18461302,  0.        ]],

       [[ 0.        ,  0.02406049,  0.0263055 , ...,  0.8349959 ,
          0.97732403,  0.94959154],
        [-0.02406049,  0.        ,  0.00224572, ...,  0.82151474,
          0.97194631,  0.95685936],
        [-0.0263055 , -0.00224572,  0.        , ...,  0.82023219,
          0.97141566,  0.95750944],
        ...,
        [-0.8349959 , -0.82151474, -0.82023219, ...,  0.        ,
          0.36096882,  0.78428136],
        [-0.97732403, -0.97194631, -0.97141566, ..., -0.36096882,
          0.        ,  0.50745648],
        [-0.94959154, -0.95685936, -0.95750944, ..., -0.78428136,
         -0.50745648,  0.        ]]]), 'num': array([7.36547748e-01, 5.59919338e-01, 1.91570943e-06, 3.53256819e-02,
       3.54406245e-02, 3.40229995e-02, 3.67545330e-01, 1.22605404e-03,
       3.39463711e-02, 3.26800872e-02, 2.93710184e-02, 2.88457397e-05,
       3.55255162e-02, 2.98346582e-02])}
{'img': array([[[ 0.        , -0.03639305, -0.05489738, ...,  0.90980868,
          0.9840096 ,  0.85808151],
        [ 0.03639305,  0.        , -0.01852284, ...,  0.92431012,
          0.98983991,  0.83882475],
        [ 0.05489738,  0.01852284,  0.        , ...,  0.93122064,
          0.99230378,  0.82859698],
        ...,
        [-0.90980868, -0.92431012, -0.93122064, ...,  0.        ,
          0.24634047,  0.82332682],
        [-0.9840096 , -0.98983991, -0.99230378, ..., -0.24634047,
          0.        ,  0.65813979],
        [-0.85808151, -0.83882475, -0.82859698, ..., -0.82332682,
         -0.65813979,  0.        ]],

       [[ 0.        , -0.30104126,  0.12905462, ...,  0.47234406,
         -0.33759606,  0.34495038],
