state_0,state_1,state_2,state_3,state_4,state_5,state_6,state_7,state_8,state_9,state_10,state_11,state_12,state_13,state_14,state_15,state_16,state_17,state_18,state_19,state_20,state_21,state_22,state_23,state_24,state_25,state_26,state_27,state_28,state_29,state_30,state_31,state_32,state_33,state_34,state_35,state_36,state_37,state_38,state_39,state_40,state_41,state_42,state_43,state_44,state_45,state_46,state_47,state_48,state_49,state_50,state_51,state_52,state_53,state_54,state_55,state_56,state_57,state_58,state_59,state_60,state_61,state_62,state_63,state_64,state_65,state_66,state_67,state_68,state_69,state_70,state_71,state_72,state_73,state_74,state_75,state_76,state_77,state_78,state_79,state_80,state_81,state_82,state_83,state_84,state_85,state_86,state_87,state_88,state_89,state_90,state_91,state_92,state_93,state_94,state_95,state_96,state_97,state_98,state_99,state_100,state_101,state_102,state_103,state_104,state_105,state_106,state_107,state_108,state_109,state_110,state_111,state_112,state_113,state_114,state_115,state_116,state_117,state_118,state_119,state_120,state_121,state_122,state_123,state_124,state_125,state_126,state_127,state_128,state_129,state_130,state_131,state_132,state_133,state_134,state_135,state_136,state_137,state_138,state_139,state_140,state_141,state_142,state_143,state_144,state_145,state_146,state_147,state_148,state_149,state_150,state_151,state_152,state_153,state_154,state_155,state_156,state_157,state_158,state_159,state_160,state_161,state_162,state_163,state_164,state_165,state_166,state_167,state_168,state_169,state_170,state_171,state_172,state_173,state_174,state_175,state_176,state_177,state_178,state_179,state_180,state_181,state_182,state_183,state_184,state_185,state_186,state_187,state_188,state_189,state_190,state_191,state_192,state_193,state_194,state_195,state_196,state_197,state_198,state_199,state_200,state_201,state_202,state_203,state_204,state_205,state_206,state_207,state_208,state_209,state_210,state_211,state_212,state_213,state_214,state_215,state_216,state_217,state_218,state_219,state_220,state_221,state_222,state_223,state_224,state_225,state_226,state_227,state_228,state_229,state_230,state_231,state_232,state_233,state_234,state_235,state_236,state_237,state_238,state_239,state_240,state_241,state_242,state_243,state_244,state_245,state_246,state_247,state_248,state_249,state_250,state_251,state_252,state_253,state_254,state_255,state_256,state_257,state_258,state_259,state_260,state_261,state_262,state_263,state_264,state_265,state_266,state_267,state_268,state_269,state_270,state_271,state_272,state_273,state_274,state_275,state_276,state_277,state_278,state_279,state_280,state_281,state_282,state_283,state_284,state_285,state_286,state_287
{'img': array([[[ 0.        , -0.13763112, -0.26942252, ...,  0.89730593,
          0.91189637,  0.84099615],
        [ 0.13763112,  0.        , -0.13431677, ...,  0.94951841,
          0.959705  ,  0.90745695],
        [ 0.26942252,  0.13431677,  0.        , ...,  0.98305099,
          0.98875286,  0.95566651],
        ...,
        [-0.89730593, -0.94951841, -0.98305099, ...,  0.        ,
          0.03424666, -0.11425597],
        [-0.91189637, -0.959705  , -0.98875286, ..., -0.03424666,
          0.        , -0.14821134],
        [-0.84099615, -0.90745695, -0.95566651, ...,  0.11425597,
          0.14821134,  0.        ]],

       [[ 0.        , -0.08792917,  0.1685766 , ...,  0.03558055,
          0.24640047,  0.36124197],
        [ 0.08792917,  0.        ,  0.25459444, ...,  0.12331623,
          0.33066425,  0.44183428],
        [-0.1685766 , -0.25459444,  0.        , ..., -0.13339852,
          0.07949506,  0.19887909],
        ...,
        [-0.03558055, -0.12331623,  0.13339852, ...,  0.        ,
          0.21176092,  0.32783536],
        [-0.24640047, -0.33066425, -0.07949506, ..., -0.21176092,
          0.        ,  0.12034262],
        [-0.36124197, -0.44183428, -0.19887909, ..., -0.32783536,
         -0.12034262,  0.        ]],

       [[ 0.        , -0.04189853, -0.12576355, ...,  0.97324181,
          0.96533683,  0.94787226],
        [ 0.04189853,  0.        , -0.08408725, ...,  0.98201477,
          0.97542496,  0.96039089],
        [ 0.12576355,  0.08408725,  0.        , ...,  0.99441288,
          0.99049749,  0.98042101],
        ...,
        [-0.97324181, -0.98201477, -0.99441288, ...,  0.        ,
         -0.03220492, -0.09231883],
        [-0.96533683, -0.97542496, -0.99049749, ...,  0.03220492,
          0.        , -0.06020355],
        [-0.94787226, -0.96039089, -0.98042101, ...,  0.09231883,
          0.06020355,  0.        ]],

       ...,

       [[ 0.        , -0.40343233, -0.58910468, ..., -0.82563083,
         -0.51024879, -0.98656447],
        [ 0.40343233,  0.        , -0.21304016, ..., -0.52783919,
         -0.11991984, -0.96862556],
        [ 0.58910468,  0.21304016,  0.        , ..., -0.33477737,
          0.09433588, -0.89344352],
        ...,
        [ 0.82563083,  0.52783919,  0.33477737, ...,  0.        ,
          0.42217684, -0.69151556],
        [ 0.51024879,  0.11991984, -0.09433588, ..., -0.42217684,
          0.        , -0.93183251],
        [ 0.98656447,  0.96862556,  0.89344352, ...,  0.69151556,
          0.93183251,  0.        ]],

       [[ 0.        , -0.14046581, -0.19982364, ...,  0.73725459,
          0.76788838,  0.73859628],
        [ 0.14046581,  0.        , -0.06020961, ...,  0.63504429,
          0.67029507,  0.63657875],
        [ 0.19982364,  0.06020961,  0.        , ...,  0.58738169,
          0.62439775,  0.58898948],
        ...,
        [-0.73725459, -0.63504429, -0.58738169, ...,  0.        ,
         -0.04652368, -0.00198805],
        [-0.76788838, -0.67029507, -0.62439775, ...,  0.04652368,
          0.        ,  0.0445377 ],
        [-0.73859628, -0.63657875, -0.58898948, ...,  0.00198805,
         -0.0445377 ,  0.        ]],

       [[ 0.        , -0.00959701, -0.03682985, ...,  0.97927373,
          0.97228124,  0.95375026],
        [ 0.00959701,  0.        , -0.02723766, ...,  0.98117242,
          0.97448038,  0.9565912 ],
        [ 0.03682985,  0.02723766,  0.        , ...,  0.98606891,
          0.98023295,  0.96417425],
        ...,
        [-0.97927373, -0.98117242, -0.98606891, ...,  0.        ,
         -0.03204126, -0.10119602],
        [-0.97228124, -0.97448038, -0.98023295, ...,  0.03204126,
          0.        , -0.06926728],
        [-0.95375026, -0.9565912 , -0.96417425, ...,  0.10119602,
          0.06926728,  0.        ]]]), 'num': array([ 7.08481212e-01,  7.05717729e-01,  7.33992795e-08,  4.60580479e-04,
        4.80153620e-04,  4.57522176e-04,  3.87208112e-03, -1.59031772e-05,
        4.79541959e-04,  5.00950083e-04,  4.79378850e-04,  1.88895205e-07,
        5.33302248e-04,  4.68597917e-04])}
{'img': array([[[ 0.        , -0.13431677, -0.30003557, ...,  0.959705  ,
          0.90745695,  0.80727294],
        [ 0.13431677,  0.        , -0.16918826, ...,  0.98875286,
          0.95566651,  0.87922863],
        [ 0.30003557,  0.16918826,  0.        , ...,  0.99980232,
          0.99170707,  0.94715475],
        ...,
        [-0.959705  , -0.98875286, -0.99980232, ...,  0.        ,
         -0.14821134, -0.33954572],
        [-0.90745695, -0.95566651, -0.99170707, ...,  0.14821134,
          0.        , -0.19638964],
        [-0.80727294, -0.87922863, -0.94715475, ...,  0.33954572,
          0.19638964,  0.        ]],

       [[ 0.        ,  0.25459444,  0.38379867, ...,  0.33066425,
          0.44183428,  0.49709412],
        [-0.25459444,  0.        ,  0.13605493, ...,  0.07949506,
          0.19887909,  0.2598031 ],
        [-0.38379867, -0.13605493,  0.        , ..., -0.05686849,
          0.06369268,  0.12600425],
        ...,
        [-0.33066425, -0.07949506,  0.05686849, ...,  0.        ,
          0.12034262,  0.18221556],
        [-0.44183428, -0.19887909, -0.06369268, ..., -0.12034262,
          0.        ,  0.06256337],
        [-0.49709412, -0.2598031 , -0.12600425, ..., -0.18221556,
         -0.06256337,  0.        ]],

       [[ 0.        , -0.08408725, -0.1750327 , ...,  0.97542496,
          0.96039089,  0.93451796],
        [ 0.08408725,  0.        , -0.09162364, ...,  0.99049749,
          0.98042101,  0.96113626],
        [ 0.1750327 ,  0.09162364,  0.        , ...,  0.99893224,
          0.99433894,  0.98238838],
        ...,
        [-0.97542496, -0.99049749, -0.99893224, ...,  0.        ,
         -0.06020355, -0.14126522],
        [-0.96039089, -0.98042101, -0.99433894, ...,  0.06020355,
          0.        , -0.08140916],
        [-0.93451796, -0.96113626, -0.98238838, ...,  0.14126522,
          0.08140916,  0.        ]],

       ...,

       [[ 0.        , -0.1974287 , -0.40362321, ..., -0.11154887,
         -0.82977347, -0.99453162],
        [ 0.1974287 ,  0.        , -0.21504628, ...,  0.08684326,
         -0.70325621, -0.95433785],
        [ 0.40362321,  0.21504628,  0.        , ...,  0.29904529,
         -0.53391849, -0.86776939],
        ...,
        [ 0.11154887, -0.08684326, -0.29904529, ...,  0.        ,
         -0.76233934, -0.97667499],
        [ 0.82977347,  0.70325621,  0.53391849, ...,  0.76233934,
          0.        , -0.4683903 ],
        [ 0.99453162,  0.95433785,  0.86776939, ...,  0.97667499,
          0.4683903 ,  0.        ]],

       [[ 0.        , -0.06020961,  0.15124322, ...,  0.67029507,
          0.63657875,  0.58191037],
        [ 0.06020961,  0.        ,  0.21048583, ...,  0.62439775,
          0.58898948,  0.531889  ],
        [-0.15124322, -0.21048583,  0.        , ...,  0.77482118,
          0.74589646,  0.6982154 ],
        ...,
        [-0.67029507, -0.62439775, -0.77482118, ...,  0.        ,
          0.0445377 ,  0.11328684],
        [-0.63657875, -0.58898948, -0.74589646, ..., -0.0445377 ,
          0.        ,  0.06892344],
        [-0.58191037, -0.531889  , -0.6982154 , ..., -0.11328684,
         -0.06892344,  0.        ]],

       [[ 0.        , -0.02723766, -0.06663355, ...,  0.97448038,
          0.9565912 ,  0.91465253],
        [ 0.02723766,  0.        , -0.03943171, ...,  0.98023295,
          0.96417425,  0.92532376],
        [ 0.06663355,  0.03943171,  0.        , ...,  0.98727203,
          0.97388442,  0.93955574],
        ...,
        [-0.97448038, -0.98023295, -0.98727203, ...,  0.        ,
         -0.06926728, -0.18861038],
        [-0.9565912 , -0.96417425, -0.97388442, ...,  0.06926728,
          0.        , -0.12013329],
        [-0.91465253, -0.92532376, -0.93955574, ...,  0.18861038,
          0.12013329,  0.        ]]]), 'num': array([7.07105381e-01, 7.07105381e-01, 0.00000000e+00, 3.48482182e-04,
       3.53091735e-04, 3.45716451e-04, 1.70656703e-03, 1.38286580e-06,
       3.57516906e-04, 3.75263684e-04, 3.62249380e-04, 1.87507228e-07,
       4.01543632e-04, 3.48983735e-04])}
{'img': array([[[ 0.        , -0.16918826, -0.20776324, ...,  0.95566651,
          0.87922863,  0.88954956],
        [ 0.16918826,  0.        , -0.03927165, ...,  0.99170707,
          0.94715475,  0.95401733],
        [ 0.20776324,  0.03927165,  0.        , ...,  0.99598919,
          0.95902153,  0.96505311],
        ...,
        [-0.95566651, -0.99170707, -0.99598919, ...,  0.        ,
         -0.19638964, -0.17465649],
        [-0.87922863, -0.94715475, -0.95902153, ...,  0.19638964,
          0.        ,  0.0221158 ],
        [-0.88954956, -0.95401733, -0.96505311, ...,  0.17465649,
         -0.0221158 ,  0.        ]],

       [[ 0.        ,  0.13605493,  0.15790246, ...,  0.19887909,
          0.2598031 ,  0.03268319],
        [-0.13605493,  0.        ,  0.0220861 , ...,  0.06369268,
          0.12600425, -0.10360296],
        [-0.15790246, -0.0220861 ,  0.        , ...,  0.04163589,
          0.10406345, -0.12554494],
        ...,
        [-0.19887909, -0.06369268, -0.04163589, ...,  0.        ,
          0.06256337, -0.16674253],
        [-0.2598031 , -0.12600425, -0.10406345, ..., -0.06256337,
          0.        , -0.2281034 ],
        [-0.03268319,  0.10360296,  0.12554494, ...,  0.16674253,
          0.2281034 ,  0.        ]],

       [[ 0.        , -0.09162364, -0.18803925, ...,  0.98042101,
          0.96113626,  0.93796202],
        [ 0.09162364,  0.        , -0.0972591 , ...,  0.99433894,
          0.98238838,  0.96578608],
        [ 0.18803925,  0.0972591 ,  0.        , ...,  0.99995912,
          0.99590387,  0.98643056],
        ...,
        [-0.98042101, -0.99433894, -0.99995912, ...,  0.        ,
         -0.08140916, -0.15525251],
        [-0.96113626, -0.98238838, -0.99590387, ...,  0.08140916,
          0.        , -0.07431513],
        [-0.93796202, -0.96578608, -0.98643056, ...,  0.15525251,
          0.07431513,  0.        ]],

       ...,

       [[ 0.        , -0.21504628, -0.2844915 , ..., -0.70325621,
         -0.95433785, -0.68255709],
        [ 0.21504628,  0.        , -0.07167524, ..., -0.53391849,
         -0.86776939, -0.50942512],
        [ 0.2844915 ,  0.07167524,  0.        , ..., -0.47194127,
         -0.82991727, -0.44643728],
        ...,
        [ 0.70325621,  0.53391849,  0.47194127, ...,  0.        ,
         -0.4683903 ,  0.0287076 ],
        [ 0.95433785,  0.86776939,  0.82991727, ...,  0.4683903 ,
          0.        ,  0.49356104],
        [ 0.68255709,  0.50942512,  0.44643728, ..., -0.0287076 ,
         -0.49356104,  0.        ]],

       [[ 0.        ,  0.21048583,  0.28293679, ...,  0.58898948,
          0.531889  ,  0.54339479],
        [-0.21048583,  0.        ,  0.07471306, ...,  0.74589646,
          0.6982154 ,  0.70791914],
        [-0.28293679, -0.07471306,  0.        , ...,  0.79357526,
          0.74975011,  0.75870991],
        ...,
        [-0.58898948, -0.74589646, -0.79357526, ...,  0.        ,
          0.06892344,  0.05530384],
        [-0.531889  , -0.6982154 , -0.74975011, ..., -0.06892344,
          0.        , -0.01364564],
        [-0.54339479, -0.70791914, -0.75870991, ..., -0.05530384,
          0.01364564,  0.        ]],

       [[ 0.        , -0.03943171, -0.06981424, ...,  0.96417425,
          0.92532376,  0.89367277],
        [ 0.03943171,  0.        , -0.03042445, ...,  0.97388442,
          0.93955574,  0.9106715 ],
        [ 0.06981424,  0.03042445,  0.        , ...,  0.98034128,
          0.949538  ,  0.92281921],
        ...,
        [-0.96417425, -0.97388442, -0.98034128, ...,  0.        ,
         -0.12013329, -0.19557925],
        [-0.92532376, -0.93955574, -0.949538  , ...,  0.12013329,
          0.        , -0.07634956],
        [-0.89367277, -0.9106715 , -0.92281921, ...,  0.19557925,
          0.07634956,  0.        ]]]), 'num': array([ 9.14207402e-01,  4.05229008e-01,  1.38309346e-05,  4.45300432e-04,
        4.59216071e-04,  4.43485349e-04,  3.53677448e-03, -1.21005552e-05,
        4.62362215e-04,  4.89164945e-04,  4.76701373e-04,  1.65007571e-07,
        5.27976427e-04,  4.50353463e-04])}
{'img': array([[[ 0.        , -0.03927165, -0.55807987, ...,  0.94715475,
          0.95401733,  0.90055754],
        [ 0.03927165,  0.        , -0.52506224, ...,  0.95902153,
          0.96505311,  0.91693566],
        [ 0.55807987,  0.52506224,  0.        , ...,  0.96495611,
          0.95891665,  0.98988903],
        ...,
        [-0.94715475, -0.95902153, -0.96495611, ...,  0.        ,
          0.0221158 , -0.12288491],
        [-0.95401733, -0.96505311, -0.95891665, ..., -0.0221158 ,
          0.        , -0.14480304],
        [-0.90055754, -0.91693566, -0.98988903, ...,  0.12288491,
          0.14480304,  0.        ]],

       [[ 0.        ,  0.0220861 , -0.10211039, ...,  0.12600425,
         -0.10360296,  0.09115215],
        [-0.0220861 ,  0.        , -0.12405614, ...,  0.10406345,
         -0.12554494,  0.06913576],
        [ 0.10211039,  0.12405614,  0.        , ...,  0.22664217,
         -0.00150053,  0.19236101],
        ...,
        [-0.12600425, -0.10406345, -0.22664217, ...,  0.        ,
         -0.2281034 , -0.03505405],
        [ 0.10360296,  0.12554494,  0.00150053, ...,  0.2281034 ,
          0.        ,  0.19383329],
        [-0.09115215, -0.06913576, -0.19236101, ...,  0.03505405,
         -0.19383329,  0.        ]],

       [[ 0.        , -0.0972591 , -0.31956896, ...,  0.98238838,
          0.96578608,  0.9361379 ],
        [ 0.0972591 ,  0.        , -0.22589479, ...,  0.99590387,
          0.98643056,  0.96589928],
        [ 0.31956896,  0.22589479,  0.        , ...,  0.99058649,
          0.9980202 ,  0.99942068],
        ...,
        [-0.98238838, -0.99590387, -0.99058649, ...,  0.        ,
         -0.07431513, -0.17052254],
        [-0.96578608, -0.98643056, -0.9980202 , ...,  0.07431513,
          0.        , -0.09682432],
        [-0.9361379 , -0.96589928, -0.99942068, ...,  0.17052254,
          0.09682432,  0.        ]],

       ...,

       [[ 0.        , -0.06829002, -0.49807323, ..., -0.70559353,
         -0.47208496, -0.88694539],
        [ 0.06829002,  0.        , -0.43769382, ..., -0.65555487,
         -0.41078161, -0.85333341],
        [ 0.49807323,  0.43769382,  0.        , ..., -0.25890177,
          0.0297166 , -0.53905413],
        ...,
        [ 0.70559353,  0.65555487,  0.25890177, ...,  0.        ,
          0.2874908 , -0.30260887],
        [ 0.47208496,  0.41078161, -0.0297166 , ..., -0.2874908 ,
          0.        , -0.56384549],
        [ 0.88694539,  0.85333341,  0.53905413, ...,  0.30260887,
          0.56384549,  0.        ]],

       [[ 0.        ,  0.19231859,  0.35882353, ...,  0.53464188,
          0.54619385,  0.52310901],
        [-0.19231859,  0.        ,  0.172614  , ...,  0.68718583,
          0.69709516,  0.67725044],
        [-0.35882353, -0.172614  ,  0.        , ...,  0.80227176,
          0.81039199,  0.7940858 ],
        ...,
        [-0.53464188, -0.68718583, -0.80227176, ...,  0.        ,
         -0.01372933,  0.01358869],
        [-0.54619385, -0.69709516, -0.81039199, ...,  0.01372933,
          0.        ,  0.02731547],
        [-0.52310901, -0.67725044, -0.7940858 , ..., -0.01358869,
         -0.02731547,  0.        ]],

       [[ 0.        , -0.03042445, -0.10343277, ...,  0.93955574,
          0.9106715 ,  0.86402353],
        [ 0.03042445,  0.        , -0.07312362, ...,  0.949538  ,
          0.92281921,  0.87894078],
        [ 0.10343277,  0.07312362,  0.        , ...,  0.96993135,
          0.94851837,  0.91146267],
        ...,
        [-0.93955574, -0.949538  , -0.96993135, ...,  0.        ,
         -0.07634956, -0.17718249],
        [-0.9106715 , -0.92281921, -0.94851837, ...,  0.07634956,
          0.        , -0.10152375],
        [-0.86402353, -0.87894078, -0.91146267, ...,  0.17718249,
          0.10152375,  0.        ]]]), 'num': array([9.16218150e-01, 4.00664837e-01, 1.36751542e-05, 4.51052767e-04,
       4.60624179e-04, 4.43275995e-04, 3.20217554e-03, 1.07678379e-05,
       4.52009908e-04, 4.80604500e-04, 4.72877579e-04, 2.99106610e-07,
       5.19159145e-04, 4.42049855e-04])}
{'img': array([[[ 0.00000000e+00, -5.25062242e-01, -1.19715850e-01, ...,
          9.65053108e-01,  9.16935661e-01,  9.61080091e-01],
        [ 5.25062242e-01,  0.00000000e+00,  4.19400268e-01, ...,
          9.58916655e-01,  9.89889028e-01,  9.62999397e-01],
        [ 1.19715850e-01, -4.19400268e-01,  0.00000000e+00, ...,
          9.89484699e-01,  9.58112063e-01,  9.87242078e-01],
        ...,
        [-9.65053108e-01, -9.58916655e-01, -9.89484699e-01, ...,
          0.00000000e+00, -1.44803036e-01, -1.47598794e-02],
        [-9.16935661e-01, -9.89889028e-01, -9.58112063e-01, ...,
          1.44803036e-01,  0.00000000e+00,  1.30182944e-01],
        [-9.61080091e-01, -9.62999397e-01, -9.87242078e-01, ...,
          1.47598794e-02, -1.30182944e-01,  0.00000000e+00]],

       [[ 0.00000000e+00, -1.24056139e-01, -1.24565643e-01, ...,
         -1.25544936e-01,  6.91357606e-02,  3.11320743e-02],
        [ 1.24056139e-01,  0.00000000e+00, -5.13487289e-04, ...,
         -1.50052833e-03,  1.92361005e-01,  1.54887591e-01],
        [ 1.24565643e-01,  5.13487289e-04,  0.00000000e+00, ...,
         -9.87041418e-04,  1.92864877e-01,  1.55394861e-01],
        ...,
        [ 1.25544936e-01,  1.50052833e-03,  9.87041418e-04, ...,
          0.00000000e+00,  1.93833294e-01,  1.56369837e-01],
        [-6.91357606e-02, -1.92361005e-01, -1.92864877e-01, ...,
         -1.93833294e-01,  0.00000000e+00, -3.80446657e-02],
        [-3.11320743e-02, -1.54887591e-01, -1.55394861e-01, ...,
         -1.56369837e-01,  3.80446657e-02,  0.00000000e+00]],

       [[ 0.00000000e+00, -2.25894793e-01, -4.55348332e-01, ...,
          9.86430556e-01,  9.65899277e-01,  9.45129423e-01],
        [ 2.25894793e-01,  0.00000000e+00, -2.42461199e-01, ...,
          9.98020198e-01,  9.99420679e-01,  9.94498397e-01],
        [ 4.55348332e-01,  2.42461199e-01,  0.00000000e+00, ...,
          9.52990965e-01,  9.77850969e-01,  9.90221908e-01],
        ...,
        [-9.86430556e-01, -9.98020198e-01, -9.52990965e-01, ...,
          0.00000000e+00, -9.68243168e-02, -1.67092621e-01],
        [-9.65899277e-01, -9.99420679e-01, -9.77850969e-01, ...,
          9.68243168e-02,  0.00000000e+00, -7.08444512e-02],
        [-9.45129423e-01, -9.94498397e-01, -9.90221908e-01, ...,
          1.67092621e-01,  7.08444512e-02,  0.00000000e+00]],

       ...,

       [[ 0.00000000e+00, -4.37693816e-01, -2.43823847e-01, ...,
         -4.10781608e-01, -8.53333414e-01, -2.31565429e-01],
        [ 4.37693816e-01,  0.00000000e+00,  2.05256120e-01, ...,
          2.97165961e-02, -5.39054130e-01,  2.17590951e-01],
        [ 2.43823847e-01, -2.05256120e-01,  0.00000000e+00, ...,
         -1.76081593e-01, -7.00458051e-01,  1.26198752e-02],
        ...,
        [ 4.10781608e-01, -2.97165961e-02,  1.76081593e-01, ...,
          0.00000000e+00, -5.63845495e-01,  1.88490268e-01],
        [ 8.53333414e-01,  5.39054130e-01,  7.00458051e-01, ...,
          5.63845495e-01,  0.00000000e+00,  7.09408994e-01],
        [ 2.31565429e-01, -2.17590951e-01, -1.26198752e-02, ...,
         -1.88490268e-01, -7.09408994e-01,  0.00000000e+00]],

       [[ 0.00000000e+00,  3.07273273e-01,  3.63899312e-01, ...,
          5.48532429e-01,  5.25370002e-01,  5.93518161e-01],
        [-3.07273273e-01,  0.00000000e+00,  6.00882510e-02, ...,
          7.78915335e-01,  7.61404096e-01,  8.12104394e-01],
        [-3.63899312e-01, -6.00882510e-02,  0.00000000e+00, ...,
          8.15190979e-01,  7.98982156e-01,  8.45699203e-01],
        ...,
        [-5.48532429e-01, -7.78915335e-01, -8.15190979e-01, ...,
          0.00000000e+00,  2.74546757e-02, -5.47877155e-02],
        [-5.25370002e-01, -7.61404096e-01, -7.98982156e-01, ...,
         -2.74546757e-02,  0.00000000e+00, -8.21805027e-02],
        [-5.93518161e-01, -8.12104394e-01, -8.45699203e-01, ...,
          5.47877155e-02,  8.21805027e-02,  0.00000000e+00]],

       [[ 0.00000000e+00, -7.31236204e-02, -1.13162707e-01, ...,
          9.22819209e-01,  8.78940776e-01,  8.58434081e-01],
        [ 7.31236204e-02,  0.00000000e+00, -4.02058485e-02, ...,
          9.48518371e-01,  9.11462667e-01,  8.93642807e-01],
        [ 1.13162707e-01,  4.02058485e-02,  0.00000000e+00, ...,
          9.60485497e-01,  9.27265669e-01,  9.10963761e-01],
        ...,
        [-9.22819209e-01, -9.48518371e-01, -9.60485497e-01, ...,
          0.00000000e+00, -1.01523755e-01, -1.42638622e-01],
        [-8.78940776e-01, -9.11462667e-01, -9.27265669e-01, ...,
          1.01523755e-01,  0.00000000e+00, -4.14159674e-02],
        [-8.58434081e-01, -8.93642807e-01, -9.10963761e-01, ...,
          1.42638622e-01,  4.14159674e-02,  0.00000000e+00]]]), 'num': array([ 9.75965922e-01,  2.17899676e-01,  2.02962843e-05,  4.79485275e-04,
        4.89755375e-04,  4.76917750e-04,  2.87506303e-03, -4.49316858e-06,
        4.80897414e-04,  5.13665451e-04,  5.09011812e-04,  3.06062571e-07,
        5.57864695e-04,  4.69466207e-04])}
{'img': array([[[ 0.00000000e+00,  4.19400268e-01,  6.42891274e-01, ...,
          9.89889028e-01,  9.62999397e-01,  9.75531850e-01],
        [-4.19400268e-01,  0.00000000e+00,  2.62374852e-01, ...,
          9.58112063e-01,  9.87242078e-01,  9.77797767e-01],
        [-6.42891274e-01, -2.62374852e-01,  0.00000000e+00, ...,
          8.49403124e-01,  9.10878037e-01,  8.88560775e-01],
        ...,
        [-9.89889028e-01, -9.58112063e-01, -8.49403124e-01, ...,
          0.00000000e+00,  1.30182944e-01,  7.92618642e-02],
        [-9.62999397e-01, -9.87242078e-01, -9.10878037e-01, ...,
         -1.30182944e-01,  0.00000000e+00, -5.11860213e-02],
        [-9.75531850e-01, -9.77797767e-01, -8.88560775e-01, ...,
         -7.92618642e-02,  5.11860213e-02,  0.00000000e+00]],

       [[ 0.00000000e+00, -5.13487289e-04, -6.05530976e-02, ...,
          1.92361005e-01,  1.54887591e-01,  7.97491249e-02],
        [ 5.13487289e-04,  0.00000000e+00, -6.00405446e-02, ...,
          1.92864877e-01,  1.55394861e-01,  8.02609662e-02],
        [ 6.05530976e-02,  6.00405446e-02,  0.00000000e+00, ...,
          2.51430240e-01,  2.14425718e-01,  1.39963017e-01],
        ...,
        [-1.92361005e-01, -1.92864877e-01, -2.51430240e-01, ...,
          0.00000000e+00, -3.80446657e-02, -1.13488580e-01],
        [-1.54887591e-01, -1.55394861e-01, -2.14425718e-01, ...,
          3.80446657e-02,  0.00000000e+00, -7.56075486e-02],
        [-7.97491249e-02, -8.02609662e-02, -1.39963017e-01, ...,
          1.13488580e-01,  7.56075486e-02,  0.00000000e+00]],

       [[ 0.00000000e+00, -2.42461199e-01, -3.72970659e-01, ...,
          9.99420679e-01,  9.94498397e-01,  9.87736006e-01],
        [ 2.42461199e-01,  0.00000000e+00, -1.36875667e-01, ...,
          9.77850969e-01,  9.90221908e-01,  9.96119301e-01],
        [ 3.72970659e-01,  1.36875667e-01,  0.00000000e+00, ...,
          9.39999264e-01,  9.61807858e-01,  9.74697185e-01],
        ...,
        [-9.99420679e-01, -9.77850969e-01, -9.39999264e-01, ...,
          0.00000000e+00, -7.08444512e-02, -1.22426263e-01],
        [-9.94498397e-01, -9.90221908e-01, -9.61807858e-01, ...,
          7.08444512e-02,  0.00000000e+00, -5.18071199e-02],
        [-9.87736006e-01, -9.96119301e-01, -9.74697185e-01, ...,
          1.22426263e-01,  5.18071199e-02,  0.00000000e+00]],

       ...,

       [[ 0.00000000e+00,  2.05256120e-01,  4.92854567e-01, ...,
         -5.39054130e-01,  2.17590951e-01,  1.75051175e-01],
        [-2.05256120e-01,  0.00000000e+00,  3.03765100e-01, ...,
         -7.00458051e-01,  1.26198752e-02, -3.07627922e-02],
        [-4.92854567e-01, -3.03765100e-01,  0.00000000e+00, ...,
         -8.84154477e-01, -2.91717363e-01, -3.32930489e-01],
        ...,
        [ 5.39054130e-01,  7.00458051e-01,  8.84154477e-01, ...,
          0.00000000e+00,  7.09408994e-01,  6.78171326e-01],
        [-2.17590951e-01, -1.26198752e-02,  2.91717363e-01, ...,
         -7.09408994e-01,  0.00000000e+00, -4.33742449e-02],
        [-1.75051175e-01,  3.07627922e-02,  3.32930489e-01, ...,
         -6.78171326e-01,  4.33742449e-02,  0.00000000e+00]],

       [[ 0.00000000e+00,  2.02333606e-01,  2.07187557e-01, ...,
          5.31310450e-01,  6.00023599e-01,  5.83146310e-01],
        [-2.02333606e-01,  0.00000000e+00,  4.95900747e-03, ...,
          6.91733591e-01,  7.49476408e-01,  7.35454069e-01],
        [-2.07187557e-01, -4.95900747e-03,  0.00000000e+00, ...,
          6.95306246e-01,  7.52750209e-01,  7.38805123e-01],
        ...,
        [-5.31310450e-01, -6.91733591e-01, -6.95306246e-01, ...,
          0.00000000e+00, -8.32873547e-02, -6.24091030e-02],
        [-6.00023599e-01, -7.49476408e-01, -7.52750209e-01, ...,
          8.32873547e-02,  0.00000000e+00,  2.09327316e-02],
        [-5.83146310e-01, -7.35454069e-01, -7.38805123e-01, ...,
          6.24091030e-02, -2.09327316e-02,  0.00000000e+00]],

       [[ 0.00000000e+00, -4.02058485e-02, -6.08121797e-02, ...,
          9.11462667e-01,  8.93642807e-01,  8.66809181e-01],
        [ 4.02058485e-02,  0.00000000e+00, -2.06315715e-02, ...,
          9.27265669e-01,  9.10963761e-01,  8.86156539e-01],
        [ 6.08121797e-02,  2.06315715e-02,  0.00000000e+00, ...,
          9.34792841e-01,  9.19280102e-01,  8.95528299e-01],
        ...,
        [-9.11462667e-01, -9.27265669e-01, -9.34792841e-01, ...,
          0.00000000e+00, -4.14159674e-02, -9.79013509e-02],
        [-8.93642807e-01, -9.10963761e-01, -9.19280102e-01, ...,
          4.14159674e-02,  0.00000000e+00, -5.66003404e-02],
        [-8.66809181e-01, -8.86156539e-01, -8.95528299e-01, ...,
          9.79013509e-02,  5.66003404e-02,  0.00000000e+00]]]), 'num': array([9.79949301e-01, 1.99184577e-01, 2.05464401e-05, 4.83146487e-04,
       4.87596521e-04, 4.71703544e-04, 4.78767655e-03, 8.26434781e-06,
       4.77170728e-04, 5.06000588e-04, 5.06085350e-04, 3.21987577e-07,
       5.48990381e-04, 4.63010794e-04])}
{'img': array([[[ 0.        ,  0.52467744,  0.59097285, ...,  0.97218826,
          0.98326962,  0.96034616],
        [-0.52467744,  0.        ,  0.07984304, ...,  0.95050479,
          0.93263174,  0.96382929],
        [-0.59097285, -0.07984304,  0.        , ...,  0.92266224,
          0.90084452,  0.93947242],
        ...,
        [-0.97218826, -0.95050479, -0.92266224, ...,  0.        ,
         -0.05319242,  0.04614242],
        [-0.98326962, -0.93263174, -0.90084452, ...,  0.05319242,
          0.        ,  0.09921286],
        [-0.96034616, -0.96382929, -0.93947242, ..., -0.04614242,
         -0.09921286,  0.        ]],

       [[ 0.        , -0.06004054, -0.04469225, ...,  0.15539486,
          0.08026097,  0.30348137],
        [ 0.06004054,  0.        ,  0.01536893, ...,  0.21442572,
          0.13996302,  0.36014275],
        [ 0.04469225, -0.01536893,  0.        , ...,  0.19938893,
          0.12472883,  0.34576258],
        ...,
        [-0.15539486, -0.21442572, -0.19938893, ...,  0.        ,
         -0.07560755,  0.15172878],
        [-0.08026097, -0.13996302, -0.12472883, ...,  0.07560755,
          0.        ,  0.22602666],
        [-0.30348137, -0.36014275, -0.34576258, ..., -0.15172878,
         -0.22602666,  0.        ]],

       [[ 0.        , -0.13687567,  0.07996591, ...,  0.99022191,
          0.9961193 ,  0.99506313],
        [ 0.13687567,  0.        ,  0.21565062, ...,  0.96180786,
          0.97469718,  0.97211375],
        [-0.07996591, -0.21565062,  0.        , ...,  0.99820616,
          0.99996739,  0.99981267],
        ...,
        [-0.99022191, -0.96180786, -0.99820616, ...,  0.        ,
         -0.05180712, -0.04053894],
        [-0.9961193 , -0.97469718, -0.99996739, ...,  0.05180712,
          0.        ,  0.01128003],
        [-0.99506313, -0.97211375, -0.99981267, ...,  0.04053894,
         -0.01128003,  0.        ]],

       ...,

       [[ 0.        ,  0.3037651 ,  0.2807731 , ...,  0.01261988,
         -0.03076279,  0.02443794],
        [-0.3037651 ,  0.        , -0.02404018, ..., -0.29171736,
         -0.33293049, -0.28039121],
        [-0.2807731 ,  0.02404018,  0.        , ..., -0.26863851,
         -0.31016555, -0.25723434],
        ...,
        [-0.01261988,  0.29171736,  0.26863851, ...,  0.        ,
         -0.04337424,  0.01181989],
        [ 0.03076279,  0.33293049,  0.31016555, ...,  0.04337424,
          0.        ,  0.05517998],
        [-0.02443794,  0.28039121,  0.25723434, ..., -0.01181989,
         -0.05517998,  0.        ]],

       [[ 0.        ,  0.01293745, -0.07274976, ...,  0.65891521,
          0.64294412,  0.70813387],
        [-0.01293745,  0.        , -0.08564684, ...,  0.66859184,
          0.65279927,  0.71720945],
        [ 0.07274976,  0.08564684,  0.        , ...,  0.60244561,
          0.58552047,  0.65489045],
        ...,
        [-0.65891521, -0.66859184, -0.60244561, ...,  0.        ,
          0.02103814, -0.06742482],
        [-0.64294412, -0.65279927, -0.58552047, ..., -0.02103814,
          0.        , -0.08840017],
        [-0.70813387, -0.71720945, -0.65489045, ...,  0.06742482,
          0.08840017,  0.        ]],

       [[ 0.        , -0.02063157, -0.03545088, ...,  0.91096376,
          0.88615654,  0.87547138],
        [ 0.02063157,  0.        , -0.01482473, ...,  0.9192801 ,
          0.8955283 ,  0.88525565],
        [ 0.03545088,  0.01482473,  0.        , ...,  0.92501415,
          0.90202696,  0.89205342],
        ...,
        [-0.91096376, -0.9192801 , -0.92501415, ...,  0.        ,
         -0.05660034, -0.07912139],
        [-0.88615654, -0.8955283 , -0.90202696, ...,  0.05660034,
          0.        , -0.02257165],
        [-0.87547138, -0.88525565, -0.89205342, ...,  0.07912139,
          0.02257165,  0.        ]]]), 'num': array([ 9.37660047e-01,  3.47288610e-01,  1.59129767e-05,  4.58362917e-04,
        5.07164360e-04,  4.56509698e-04,  1.35057684e-02, -1.11193160e-05,
        4.61945808e-04,  4.88446844e-04,  4.93357876e-04,  2.85110668e-07,
        5.29994793e-04,  4.46898896e-04])}
{'img': array([[[ 0.        ,  0.30669692,  0.99117898, ...,  0.9931947 ,
          0.97530019,  0.99708451],
        [-0.30669692,  0.        ,  0.90276474, ...,  0.98104961,
          0.99604207,  0.97243482],
        [-0.99117898, -0.90276474,  0.        , ...,  0.24706673,
          0.34819177,  0.20777586],
        ...,
        [-0.9931947 , -0.98104961, -0.24706673, ...,  0.        ,
          0.10579118, -0.04034037],
        [-0.97530019, -0.99604207, -0.34819177, ..., -0.10579118,
          0.        , -0.14581905],
        [-0.99708451, -0.97243482, -0.20777586, ...,  0.04034037,
          0.14581905,  0.        ]],

       [[ 0.        ,  0.01536893,  0.25211937, ...,  0.13996302,
          0.36014275,  0.85240716],
        [-0.01536893,  0.        ,  0.26696205, ...,  0.12472883,
          0.34576258,  0.84427039],
        [-0.25211937, -0.26696205,  0.        , ..., -0.38507936,
         -0.58371021, -0.95669894],
        ...,
        [-0.13996302, -0.12472883,  0.38507936, ...,  0.        ,
          0.22602666,  0.77083302],
        [-0.36014275, -0.34576258,  0.58371021, ..., -0.22602666,
          0.        ,  0.60689731],
        [-0.85240716, -0.84427039,  0.95669894, ..., -0.77083302,
         -0.60689731,  0.        ]],

       [[ 0.        ,  0.21565062,  0.61537397, ...,  0.97469718,
          0.97211375,  0.97715041],
        [-0.21565062,  0.        ,  0.43091115, ...,  0.99996739,
          0.99981267,  0.99999496],
        [-0.61537397, -0.43091115,  0.        , ...,  0.9058449 ,
          0.9105656 ,  0.90102157],
        ...,
        [-0.97469718, -0.99996739, -0.9058449 , ...,  0.        ,
          0.01128003, -0.01125092],
        [-0.97211375, -0.99981267, -0.9105656 , ..., -0.01128003,
          0.        , -0.02252952],
        [-0.97715041, -0.99999496, -0.90102157, ...,  0.01125092,
          0.02252952,  0.        ]],

       ...,

       [[ 0.        , -0.02404018,  0.6193598 , ..., -0.33293049,
         -0.28039121, -0.36083639],
        [ 0.02404018,  0.        ,  0.63805493, ..., -0.31016555,
         -0.25723434, -0.33831153],
        [-0.6193598 , -0.63805493,  0.        , ..., -0.84541233,
         -0.81465187, -0.86092827],
        ...,
        [ 0.33293049,  0.31016555,  0.84541233, ...,  0.        ,
          0.05517998, -0.02975049],
        [ 0.28039121,  0.25723434,  0.81465187, ..., -0.05517998,
          0.        , -0.08486072],
        [ 0.36083639,  0.33831153,  0.86092827, ...,  0.02975049,
          0.08486072,  0.        ]],

       [[ 0.        , -0.08564684,  0.44887012, ...,  0.65279927,
          0.71720945,  0.77148258],
        [ 0.08564684,  0.        ,  0.52375454, ...,  0.58552047,
          0.65489045,  0.71415497],
        [-0.44887012, -0.52375454,  0.        , ...,  0.92337248,
          0.9536948 ,  0.97498834],
        ...,
        [-0.65279927, -0.58552047, -0.92337248, ...,  0.        ,
         -0.08840017, -0.16907809],
        [-0.71720945, -0.65489045, -0.9536948 , ...,  0.08840017,
          0.        , -0.08128871],
        [-0.77148258, -0.71415497, -0.97498834, ...,  0.16907809,
          0.08128871,  0.        ]],

       [[ 0.        , -0.01482473, -0.08399862, ...,  0.8955283 ,
          0.88525565,  0.86815539],
        [ 0.01482473,  0.        , -0.06921705, ...,  0.90202696,
          0.89205342,  0.87541739],
        [ 0.08399862,  0.06921705,  0.        , ...,  0.92974315,
          0.9211952 ,  0.9067751 ],
        ...,
        [-0.8955283 , -0.90202696, -0.92974315, ...,  0.        ,
         -0.02257165, -0.05811083],
        [-0.88525565, -0.89205342, -0.9211952 , ...,  0.02257165,
          0.        , -0.03556252],
        [-0.86815539, -0.87541739, -0.9067751 , ...,  0.05811083,
          0.03556252,  0.        ]]]), 'num': array([ 8.69721922e-01,  4.93531270e-01,  1.02504265e-05,  4.22686126e-04,
        4.31324126e-04,  4.22110260e-04,  3.01742611e-03, -4.60693326e-06,
        4.30402740e-04,  4.52688779e-04,  4.61125226e-04,  2.86099358e-07,
        4.92721909e-04,  4.12655649e-04])}
{'img': array([[[ 0.        ,  0.98703684,  0.99992379, ...,  0.97945845,
          0.99856796,  0.99992379],
        [-0.98703684,  0.        ,  0.17266724, ...,  0.35622916,
          0.21306843,  0.14829596],
        [-0.99992379, -0.17266724,  0.        , ...,  0.18953864,
          0.04116587, -0.02468948],
        ...,
        [-0.97945845, -0.35622916, -0.18953864, ...,  0.        ,
         -0.14895831, -0.2137228 ],
        [-0.99856796, -0.21306843, -0.04116587, ...,  0.14895831,
          0.        , -0.06582186],
        [-0.99992379, -0.14829596,  0.02468948, ...,  0.2137228 ,
          0.06582186,  0.        ]],

       [[ 0.        ,  0.26696205,  0.86034683, ...,  0.34576258,
          0.84427039,  0.19042325],
        [-0.26696205,  0.        , -0.96519528, ..., -0.58371021,
         -0.95669894, -0.44558943],
        [-0.86034683,  0.96519528,  0.        , ..., -0.63104407,
         -0.0307426 , -0.74754382],
        ...,
        [-0.34576258,  0.58371021,  0.63104407, ...,  0.        ,
          0.60689731, -0.16075751],
        [-0.84427039,  0.95669894,  0.0307426 , ..., -0.60689731,
          0.        , -0.72677086],
        [-0.19042325,  0.44558943,  0.74754382, ...,  0.16075751,
          0.72677086,  0.        ]],

       [[ 0.        ,  0.58708705,  0.8335918 , ...,  0.97426704,
          0.97914252,  0.9797959 ],
        [-0.58708705,  0.        ,  0.3505167 , ...,  0.92101992,
          0.91192036,  0.91058552],
        [-0.8335918 , -0.3505167 ,  0.        , ...,  0.7260555 ,
          0.71022436,  0.70793895],
        ...,
        [-0.97426704, -0.92101992, -0.7260555 , ...,  0.        ,
         -0.0227493 , -0.02598948],
        [-0.97914252, -0.91192036, -0.71022436, ...,  0.0227493 ,
          0.        , -0.00324114],
        [-0.9797959 , -0.91058552, -0.70793895, ...,  0.02598948,
          0.00324114,  0.        ]],

       ...,

       [[ 0.        ,  0.63805493,  0.77949704, ..., -0.25723434,
         -0.33831153, -0.27426699],
        [-0.63805493,  0.        ,  0.20052421, ..., -0.81465187,
         -0.86092827, -0.82477088],
        [-0.77949704, -0.20052421,  0.        , ..., -0.91439934,
         -0.94545369, -0.92140859],
        ...,
        [ 0.25723434,  0.81465187,  0.91439934, ...,  0.        ,
         -0.08486072, -0.01766732],
        [ 0.33831153,  0.86092827,  0.94545369, ...,  0.08486072,
          0.        ,  0.06724389],
        [ 0.27426699,  0.82477088,  0.92140859, ...,  0.01766732,
         -0.06724389,  0.        ]],

       [[ 0.        ,  0.52375454,  0.7406902 , ...,  0.65489045,
          0.71415497,  0.73619991],
        [-0.52375454,  0.        ,  0.27908842, ...,  0.9536948 ,
          0.97498834,  0.98160433],
        [-0.7406902 , -0.27908842,  0.        , ...,  0.99974324,
          0.99827666,  0.99588606],
        ...,
        [-0.65489045, -0.9536948 , -0.99974324, ...,  0.        ,
         -0.08128871, -0.11315744],
        [-0.71415497, -0.97498834, -0.99827666, ...,  0.08128871,
          0.        , -0.03201635],
