state_0,state_1,state_2,state_3,state_4,state_5,state_6,state_7,state_8,state_9,state_10,state_11,state_12,state_13,state_14,state_15,state_16,state_17,state_18,state_19,state_20,state_21,state_22,state_23,state_24,state_25,state_26,state_27,state_28,state_29,state_30,state_31,state_32,state_33,state_34,state_35,state_36,state_37,state_38,state_39,state_40,state_41,state_42,state_43,state_44,state_45,state_46,state_47,state_48,state_49,state_50,state_51,state_52,state_53,state_54,state_55,state_56,state_57,state_58,state_59,state_60,state_61,state_62,state_63,state_64,state_65,state_66,state_67,state_68,state_69,state_70,state_71,state_72,state_73,state_74,state_75,state_76,state_77,state_78,state_79,state_80,state_81,state_82,state_83,state_84,state_85,state_86,state_87,state_88,state_89,state_90,state_91,state_92,state_93,state_94,state_95,state_96,state_97,state_98,state_99,state_100,state_101,state_102,state_103,state_104,state_105,state_106,state_107,state_108,state_109,state_110,state_111,state_112,state_113,state_114,state_115,state_116,state_117,state_118,state_119,state_120,state_121,state_122,state_123,state_124,state_125,state_126,state_127,state_128,state_129,state_130,state_131,state_132,state_133,state_134,state_135,state_136,state_137,state_138,state_139,state_140,state_141,state_142,state_143,state_144,state_145,state_146,state_147,state_148,state_149,state_150,state_151,state_152,state_153,state_154,state_155,state_156,state_157,state_158,state_159,state_160,state_161,state_162,state_163,state_164,state_165,state_166,state_167,state_168,state_169,state_170,state_171,state_172,state_173,state_174,state_175,state_176,state_177,state_178,state_179,state_180,state_181,state_182,state_183,state_184,state_185,state_186,state_187,state_188,state_189,state_190,state_191,state_192,state_193,state_194,state_195,state_196,state_197,state_198,state_199,state_200,state_201,state_202,state_203,state_204,state_205,state_206,state_207,state_208,state_209,state_210,state_211,state_212,state_213,state_214,state_215,state_216,state_217,state_218,state_219,state_220,state_221,state_222,state_223,state_224,state_225,state_226,state_227,state_228,state_229,state_230,state_231,state_232,state_233,state_234,state_235,state_236,state_237,state_238,state_239,state_240,state_241,state_242,state_243,state_244,state_245,state_246,state_247,state_248,state_249,state_250,state_251,state_252,state_253,state_254,state_255,state_256,state_257,state_258,state_259,state_260,state_261,state_262,state_263,state_264,state_265,state_266,state_267,state_268,state_269,state_270,state_271,state_272,state_273,state_274,state_275,state_276,state_277,state_278,state_279,state_280,state_281,state_282,state_283,state_284,state_285,state_286,state_287
{'img': array([[[ 0.        ,  0.42419549,  0.33058821, ..., -0.87791038,
         -0.75099947, -0.90728756],
        [-0.42419549,  0.        , -0.10097417, ..., -0.99812526,
         -0.96018054, -0.99999174],
        [-0.33058821,  0.10097417,  0.        , ..., -0.98684385,
         -0.92706292, -0.9952913 ],
        ...,
        [ 0.87791038,  0.99812526,  0.98684385, ...,  0.        ,
          0.22008939, -0.0652612 ],
        [ 0.75099947,  0.96018054,  0.92706292, ..., -0.22008939,
          0.        , -0.28328118],
        [ 0.90728756,  0.99999174,  0.9952913 , ...,  0.0652612 ,
          0.28328118,  0.        ]],

       [[ 0.        ,  0.46523363, -0.15994038, ...,  0.08751383,
         -0.3584825 , -0.21104608],
        [-0.46523363,  0.        , -0.60082182, ..., -0.38598248,
         -0.75163693, -0.64157021],
        [ 0.15994038,  0.60082182,  0.        , ...,  0.24571397,
         -0.20455747, -0.05199132],
        ...,
        [-0.08751383,  0.38598248, -0.24571397, ...,  0.        ,
         -0.43880446, -0.29577905],
        [ 0.3584825 ,  0.75163693,  0.20455747, ...,  0.43880446,
          0.        ,  0.15338887],
        [ 0.21104608,  0.64157021,  0.05199132, ...,  0.29577905,
         -0.15338887,  0.        ]],

       [[ 0.        ,  0.08394518,  0.08394518, ..., -0.96283014,
         -0.90961638, -0.92743672],
        [-0.08394518,  0.        ,  0.        , ..., -0.98210595,
         -0.94128073, -0.95555705],
        [-0.08394518,  0.        ,  0.        , ..., -0.98210595,
         -0.94128073, -0.95555705],
        ...,
        [ 0.96283014,  0.98210595,  0.98210595, ...,  0.        ,
          0.15431273,  0.10957162],
        [ 0.90961638,  0.94128073,  0.94128073, ..., -0.15431273,
          0.        , -0.04512442],
        [ 0.92743672,  0.95555705,  0.95555705, ..., -0.10957162,
          0.04512442,  0.        ]],

       ...,

       [[ 0.        ,  0.45125449,  0.49292065, ...,  0.80409428,
          0.80409428,  0.45398381],
        [-0.45125449,  0.        ,  0.04725515, ...,  0.44929836,
          0.44929836,  0.00306079],
        [-0.49292065, -0.04725515,  0.        , ...,  0.40657953,
          0.40657953, -0.04419756],
        ...,
        [-0.80409428, -0.44929836, -0.40657953, ...,  0.        ,
          0.        , -0.4465618 ],
        [-0.80409428, -0.44929836, -0.40657953, ...,  0.        ,
          0.        , -0.4465618 ],
        [-0.45398381, -0.00306079,  0.04419756, ...,  0.4465618 ,
          0.4465618 ,  0.        ]],

       [[ 0.        , -0.34926015, -0.47255171, ..., -0.54016461,
         -0.54109114, -0.54616551],
        [ 0.34926015,  0.        , -0.13498915, ..., -0.80007133,
         -0.80073155, -0.80433846],
        [ 0.47255171,  0.13498915,  0.        , ..., -0.87372899,
         -0.87426417, -0.8771831 ],
        ...,
        [ 0.54016461,  0.80007133,  0.87372899, ...,  0.        ,
          0.00110136,  0.00714708],
        [ 0.54109114,  0.80073155,  0.87426417, ..., -0.00110136,
          0.        ,  0.00604575],
        [ 0.54616551,  0.80433846,  0.8771831 , ..., -0.00714708,
         -0.00604575,  0.        ]],

       [[ 0.        , -0.03267658, -0.07848778, ..., -0.99916113,
         -0.99946789, -0.99425051],
        [ 0.03267658,  0.        , -0.0458701 , ..., -0.99996572,
         -1.        , -0.99721854],
        [ 0.07848778,  0.0458701 ,  0.        , ..., -0.999293  ,
         -0.99894472, -0.99958772],
        ...,
        [ 0.99916113,  0.99996572,  0.999293  , ...,  0.        ,
          0.00833933, -0.06627299],
        [ 0.99946789,  1.        ,  0.99894472, ..., -0.00833933,
          0.        , -0.07459168],
        [ 0.99425051,  0.99721854,  0.99958772, ...,  0.06627299,
          0.07459168,  0.        ]]]), 'num': array([ 9.99996697e-01,  2.11004533e-03,  2.14599280e-05,  4.85353430e-04,
        4.99444336e-04,  4.83265888e-04,  3.48671641e-04, -3.13131245e-06,
        4.98087434e-04,  5.08942650e-04,  5.33758301e-04,  3.64106099e-07,
        5.49095416e-04,  4.68789884e-04])}
{'img': array([[[ 0.        , -0.10097417,  0.48437653, ..., -0.96018054,
         -0.99999174, -0.99795077],
        [ 0.10097417,  0.        ,  0.57023913, ..., -0.92706292,
         -0.9952913 , -0.99931126],
        [-0.48437653, -0.57023913,  0.        , ..., -0.97534843,
         -0.87288336, -0.84207336],
        ...,
        [ 0.96018054,  0.92706292,  0.97534843, ...,  0.        ,
         -0.28328118, -0.34024619],
        [ 0.99999174,  0.9952913 ,  0.87288336, ...,  0.28328118,
          0.        , -0.05992904],
        [ 0.99795077,  0.99931126,  0.84207336, ...,  0.34024619,
          0.05992904,  0.        ]],

       [[ 0.        , -0.60082182,  0.01034267, ..., -0.75163693,
         -0.64157021, -0.84002516],
        [ 0.60082182,  0.        ,  0.60905744, ..., -0.20455747,
         -0.05199132, -0.34552746],
        [-0.01034267, -0.60905744,  0.        , ..., -0.75841852,
         -0.64946939, -0.84559162],
        ...,
        [ 0.75163693,  0.20455747,  0.75841852, ...,  0.        ,
          0.15338887, -0.14626264],
        [ 0.64157021,  0.05199132,  0.64946939, ..., -0.15338887,
          0.        , -0.29627104],
        [ 0.84002516,  0.34552746,  0.84559162, ...,  0.14626264,
          0.29627104,  0.        ]],

       [[ 0.        ,  0.        ,  0.16468569, ..., -0.94128073,
         -0.95555705, -0.98781191],
        [ 0.        ,  0.        ,  0.16468569, ..., -0.94128073,
         -0.95555705, -0.98781191],
        [-0.16468569, -0.16468569,  0.        , ..., -0.98403057,
         -0.99106034, -0.99995812],
        ...,
        [ 0.94128073,  0.94128073,  0.98403057, ...,  0.        ,
         -0.04512442, -0.18699743],
        [ 0.95555705,  0.95555705,  0.99106034, ...,  0.04512442,
          0.        , -0.14247851],
        [ 0.98781191,  0.98781191,  0.99995812, ...,  0.18699743,
          0.14247851,  0.        ]],

       ...,

       [[ 0.        ,  0.04725515,  0.35118355, ...,  0.44929836,
          0.00306079,  0.10105829],
        [-0.04725515,  0.        ,  0.30654591, ...,  0.40657953,
         -0.04419756,  0.05393216],
        [-0.35118355, -0.30654591,  0.        , ...,  0.10694005,
         -0.34831607, -0.25476412],
        ...,
        [-0.44929836, -0.40657953, -0.10694005, ...,  0.        ,
         -0.4465618 , -0.35671454],
        [-0.00306079,  0.04419756,  0.34831607, ...,  0.4465618 ,
          0.        ,  0.0980127 ],
        [-0.10105829, -0.05393216,  0.25476412, ...,  0.35671454,
         -0.0980127 ,  0.        ]],

       [[ 0.        , -0.33430328, -0.4874788 , ..., -0.54904381,
         -0.5541752 , -0.56014889],
        [ 0.33430328,  0.        , -0.16754014, ..., -0.79686341,
         -0.8005651 , -0.80485518],
        [ 0.4874788 ,  0.16754014,  0.        , ..., -0.88682091,
         -0.88964704, -0.89290901],
        ...,
        [ 0.54904381,  0.79686341,  0.88682091, ...,  0.        ,
          0.00615198,  0.01334537],
        [ 0.5541752 ,  0.8005651 ,  0.88964704, ..., -0.00615198,
          0.        ,  0.00719369],
        [ 0.56014889,  0.80485518,  0.89290901, ..., -0.01334537,
         -0.00719369,  0.        ]],

       [[ 0.        , -0.0458701 , -0.00910302, ..., -1.        ,
         -0.99721854, -0.98532489],
        [ 0.0458701 ,  0.        ,  0.03677475, ..., -0.99894472,
         -0.99958772, -0.99211728],
        [ 0.00910302, -0.03677475,  0.        , ..., -0.99995803,
         -0.9978557 , -0.98683785],
        ...,
        [ 1.        ,  0.99894472,  0.99995803, ...,  0.        ,
         -0.07459168, -0.17074725],
        [ 0.99721854,  0.99958772,  0.9978557 , ...,  0.07459168,
          0.        , -0.09677528],
        [ 0.98532489,  0.99211728,  0.98683785, ...,  0.17074725,
          0.09677528,  0.        ]]]), 'num': array([7.07106283e-01, 7.07106283e-01, 0.00000000e+00, 4.07419763e-04,
       4.08274788e-04, 3.97159454e-04, 2.10900648e-04, 9.83279595e-06,
       4.04598178e-04, 4.15820391e-04, 4.35806617e-04, 3.54401971e-07,
       4.48452003e-04, 3.83188778e-04])}
{'img': array([[[ 0.        ,  0.57023913,  0.80194148, ..., -0.9952913 ,
         -0.99931126, -0.96912186],
        [-0.57023913,  0.        ,  0.31811555, ..., -0.87288336,
         -0.84207336, -0.93672388],
        [-0.80194148, -0.31811555,  0.        , ..., -0.67232099,
         -0.62674953, -0.77670047],
        ...,
        [ 0.9952913 ,  0.87288336,  0.67232099, ...,  0.        ,
         -0.05992904,  0.15148518],
        [ 0.99931126,  0.84207336,  0.62674953, ...,  0.05992904,
          0.        ,  0.21045034],
        [ 0.96912186,  0.93672388,  0.77670047, ..., -0.15148518,
         -0.21045034,  0.        ]],

       [[ 0.        ,  0.60905744,  0.43585443, ..., -0.05199132,
         -0.34552746, -0.50757402],
        [-0.60905744,  0.        , -0.20247462, ..., -0.64946939,
         -0.84559162, -0.92733907],
        [-0.43585443,  0.20247462,  0.        , ..., -0.48205804,
         -0.71999021, -0.83236107],
        ...,
        [ 0.05199132,  0.64946939,  0.48205804, ...,  0.        ,
         -0.29627104, -0.46209139],
        [ 0.34552746,  0.84559162,  0.71999021, ...,  0.29627104,
          0.        , -0.17860256],
        [ 0.50757402,  0.92733907,  0.83236107, ...,  0.46209139,
          0.17860256,  0.        ]],

       [[ 0.        ,  0.16468569,  0.36834548, ..., -0.95555705,
         -0.98781191, -0.99908663],
        [-0.16468569,  0.        ,  0.21020965, ..., -0.99106034,
         -0.99995812, -0.99248232],
        [-0.36834548, -0.21020965,  0.        , ..., -0.99696141,
         -0.97569166, -0.94457947],
        ...,
        [ 0.95555705,  0.99106034,  0.99696141, ...,  0.        ,
         -0.14247851, -0.25370541],
        [ 0.98781191,  0.99995812,  0.97569166, ...,  0.14247851,
          0.        , -0.11330026],
        [ 0.99908663,  0.99248232,  0.94457947, ...,  0.25370541,
          0.11330026,  0.        ]],

       ...,

       [[ 0.        ,  0.30654591,  0.39143303, ..., -0.04419756,
          0.05393216,  0.27130225],
        [-0.30654591,  0.        ,  0.09050225, ..., -0.34831607,
         -0.25476412, -0.03680803],
        [-0.39143303, -0.09050225,  0.        , ..., -0.43172141,
         -0.3412346 , -0.1270979 ],
        ...,
        [ 0.04419756,  0.34831607,  0.43172141, ...,  0.        ,
          0.0980127 ,  0.31357703],
        [-0.05393216,  0.25476412,  0.3412346 , ..., -0.0980127 ,
          0.        ,  0.218998  ],
        [-0.27130225,  0.03680803,  0.1270979 , ..., -0.31357703,
         -0.218998  ,  0.        ]],

       [[ 0.        , -0.37104285, -0.53455005, ..., -0.56156023,
         -0.56759336, -0.53641719],
        [ 0.37104285,  0.        , -0.18280962, ..., -0.82848784,
         -0.83255906, -0.81126816],
        [ 0.53455005,  0.18280962,  0.        , ..., -0.91690111,
         -0.91979394, -0.90448102],
        ...,
        [ 0.56156023,  0.82848784,  0.91690111, ...,  0.        ,
          0.00730948, -0.0300796 ],
        [ 0.56759336,  0.83255906,  0.91979394, ..., -0.00730948,
          0.        , -0.03738497],
        [ 0.53641719,  0.81126816,  0.90448102, ...,  0.0300796 ,
          0.03738497,  0.        ]],

       [[ 0.        ,  0.03677475,  0.10342112, ..., -0.99958772,
         -0.99211728, -0.98605179],
        [-0.03677475,  0.        ,  0.0667736 , ..., -0.9978557 ,
         -0.98683785, -0.97926405],
        [-0.10342112, -0.0667736 ,  0.        , ..., -0.99125815,
         -0.97383723, -0.96355095],
        ...,
        [ 0.99958772,  0.9978557 ,  0.99125815, ...,  0.        ,
         -0.09677528, -0.1380585 ],
        [ 0.99211728,  0.98683785,  0.97383723, ...,  0.09677528,
          0.        , -0.04156192],
        [ 0.98605179,  0.97926405,  0.96355095, ...,  0.1380585 ,
          0.04156192,  0.        ]]]), 'num': array([ 9.95383381e-01,  9.59628814e-02,  1.89951526e-05,  5.73244407e-04,
        5.79903001e-04,  5.60532546e-04,  5.69963537e-04, -3.63196034e-06,
        5.73365473e-04,  5.87287987e-04,  6.15102750e-04,  5.58462719e-07,
        6.33486117e-04,  5.41089858e-04])}
{'img': array([[[ 0.        ,  0.31811555,  0.        , ..., -0.84207336,
         -0.93672388, -0.917561  ],
        [-0.31811555,  0.        , -0.31811555, ..., -0.62674953,
         -0.77670047, -0.74341433],
        [ 0.        ,  0.31811555,  0.        , ..., -0.84207336,
         -0.93672388, -0.917561  ],
        ...,
        [ 0.84207336,  0.62674953,  0.84207336, ...,  0.        ,
          0.21045034,  0.16009427],
        [ 0.93672388,  0.77670047,  0.93672388, ..., -0.21045034,
          0.        , -0.051227  ],
        [ 0.917561  ,  0.74341433,  0.917561  , ..., -0.16009427,
          0.051227  ,  0.        ]],

       [[ 0.        , -0.20247462, -0.71137676, ..., -0.84559162,
         -0.92733907, -0.7135075 ],
        [ 0.20247462,  0.        , -0.55434101, ..., -0.71999021,
         -0.83236107, -0.55686563],
        [ 0.71137676,  0.55434101,  0.        , ..., -0.21453648,
         -0.38553099, -0.00303641],
        ...,
        [ 0.84559162,  0.71999021,  0.21453648, ...,  0.        ,
         -0.17860256,  0.21156978],
        [ 0.92733907,  0.83236107,  0.38553099, ...,  0.17860256,
          0.        ,  0.38272753],
        [ 0.7135075 ,  0.55686563,  0.00303641, ..., -0.21156978,
         -0.38272753,  0.        ]],

       [[ 0.        ,  0.21020965,  0.47026246, ..., -0.99995812,
         -0.99248232, -0.99391695],
        [-0.21020965,  0.        ,  0.27423946, ..., -0.97569166,
         -0.94457947, -0.94855836],
        [-0.47026246, -0.27423946,  0.        , ..., -0.87818606,
         -0.81833755, -0.82536714],
        ...,
        [ 0.99995812,  0.97569166,  0.87818606, ...,  0.        ,
         -0.11330026, -0.10103174],
        [ 0.99248232,  0.94457947,  0.81833755, ...,  0.11330026,
          0.        ,  0.01233935],
        [ 0.99391695,  0.94855836,  0.82536714, ...,  0.10103174,
         -0.01233935,  0.        ]],

       ...,

       [[ 0.        ,  0.09050225,  0.16363177, ..., -0.25476412,
         -0.03680803,  0.11732383],
        [-0.09050225,  0.        ,  0.07367786, ..., -0.3412346 ,
         -0.1270979 ,  0.02696515],
        [-0.16363177, -0.07367786,  0.        , ..., -0.40956273,
         -0.1998328 , -0.04675921],
        ...,
        [ 0.25476412,  0.3412346 ,  0.40956273, ...,  0.        ,
          0.218998  ,  0.36645717],
        [ 0.03680803,  0.1270979 ,  0.1998328 , ..., -0.218998  ,
          0.        ,  0.15379814],
        [-0.11732383, -0.02696515,  0.04675921, ..., -0.36645717,
         -0.15379814,  0.        ]],

       [[ 0.        , -0.40699306, -0.53222442, ..., -0.57696462,
         -0.54539807, -0.51888182],
        [ 0.40699306,  0.        , -0.14158875, ..., -0.85943688,
         -0.83931593, -0.82187925],
        [ 0.53222442,  0.14158875,  0.        , ..., -0.92316464,
         -0.90783416, -0.89425698],
        ...,
        [ 0.57696462,  0.85943688,  0.92316464, ...,  0.        ,
         -0.03813425, -0.06940923],
        [ 0.54539807,  0.83931593,  0.90783416, ...,  0.03813425,
          0.        , -0.03131646],
        [ 0.51888182,  0.82187925,  0.89425698, ...,  0.06940923,
          0.03131646,  0.        ]],

       [[ 0.        ,  0.0667736 ,  0.11284648, ..., -0.98683785,
         -0.97926405, -0.96613528],
        [-0.0667736 ,  0.        ,  0.04624754, ..., -0.97383723,
         -0.96355095, -0.94674901],
        [-0.11284648, -0.04624754,  0.        , ..., -0.96228563,
         -0.95014759, -0.93084556],
        ...,
        [ 0.98683785,  0.97383723,  0.96228563, ...,  0.        ,
         -0.04156192, -0.09840325],
        [ 0.97926405,  0.96355095,  0.95014759, ...,  0.04156192,
          0.        , -0.05695801],
        [ 0.96613528,  0.94674901,  0.93084556, ...,  0.09840325,
          0.05695801,  0.        ]]]), 'num': array([7.72323236e-01, 6.35228318e-01, 2.87410729e-06, 4.48022607e-04,
       4.55066988e-04, 4.38630100e-04, 3.95537275e-04, 3.28737762e-06,
       4.43326353e-04, 4.55090469e-04, 4.75315668e-04, 4.41298764e-07,
       4.91048534e-04, 4.19132404e-04])}
{'img': array([[[ 0.        , -0.31811555, -0.53609786, ..., -0.77670047,
         -0.74341433, -0.78192173],
        [ 0.31811555,  0.        , -0.23970951, ..., -0.93672388,
         -0.917561  , -0.93960821],
        [ 0.53609786,  0.23970951,  0.        , ..., -0.99332827,
         -0.98611651, -0.99425467],
        ...,
        [ 0.77670047,  0.93672388,  0.99332827, ...,  0.        ,
         -0.051227  ,  0.00833222],
        [ 0.74341433,  0.917561  ,  0.98611651, ...,  0.051227  ,
          0.        ,  0.05954651],
        [ 0.78192173,  0.93960821,  0.99425467, ..., -0.00833222,
         -0.05954651,  0.        ]],

       [[ 0.        , -0.55434101, -0.59147116, ..., -0.83236107,
         -0.55686563, -0.61494395],
        [ 0.55434101,  0.        , -0.04529567, ..., -0.38553099,
         -0.00303641, -0.07467434],
        [ 0.59147116,  0.04529567,  0.        , ..., -0.34334121,
          0.04226216, -0.02942849],
        ...,
        [ 0.83236107,  0.38553099,  0.34334121, ...,  0.        ,
          0.38272753,  0.31555295],
        [ 0.55686563,  0.00303641, -0.04226216, ..., -0.38272753,
          0.        , -0.07164606],
        [ 0.61494395,  0.07467434,  0.02942849, ..., -0.31555295,
          0.07164606,  0.        ]],

       [[ 0.        ,  0.27423946,  0.37214961, ..., -0.94457947,
         -0.94855836, -0.93114548],
        [-0.27423946,  0.        ,  0.10334034, ..., -0.81833755,
         -0.82536714, -0.79544585],
        [-0.37214961, -0.10334034,  0.        , ..., -0.75456261,
         -0.76260259, -0.72856028],
        ...,
        [ 0.94457947,  0.81833755,  0.75456261, ...,  0.        ,
          0.01233935, -0.03875986],
        [ 0.94855836,  0.82536714,  0.76260259, ..., -0.01233935,
          0.        , -0.05108699],
        [ 0.93114548,  0.79544585,  0.72856028, ...,  0.03875986,
          0.05108699,  0.        ]],

       ...,

       [[ 0.        ,  0.07367786,  0.42331708, ..., -0.1270979 ,
          0.02696515,  0.05524208],
        [-0.07367786,  0.        ,  0.35541577, ..., -0.1998328 ,
         -0.04675921, -0.01847341],
        [-0.42331708, -0.35541577,  0.        , ..., -0.53503241,
         -0.39873323, -0.37262237],
        ...,
        [ 0.1270979 ,  0.1998328 ,  0.53503241, ...,  0.        ,
          0.15379814,  0.18169789],
        [-0.02696515,  0.04675921,  0.39873323, ..., -0.15379814,
          0.        ,  0.02829802],
        [-0.05524208,  0.01847341,  0.37262237, ..., -0.18169789,
         -0.02829802,  0.        ]],

       [[ 0.        , -0.36718335, -0.54914241, ..., -0.55648769,
         -0.52954984, -0.51917718],
        [ 0.36718335,  0.        , -0.20391834, ..., -0.82269267,
         -0.80403389, -0.79673128],
        [ 0.54914241,  0.20391834,  0.        , ..., -0.92133097,
         -0.90838593, -0.90322501],
        ...,
        [ 0.55648769,  0.82269267,  0.92133097, ...,  0.        ,
         -0.03207714, -0.04425005],
        [ 0.52954984,  0.80403389,  0.90838593, ...,  0.03207714,
          0.        , -0.01218157],
        [ 0.51917718,  0.79673128,  0.90322501, ...,  0.04425005,
          0.01218157,  0.        ]],

       [[ 0.        ,  0.04624754,  0.1173632 , ..., -0.96355095,
         -0.94674901, -0.93463013],
        [-0.04624754,  0.        ,  0.0713097 , ..., -0.95014759,
         -0.93084556, -0.91718348],
        [-0.1173632 , -0.0713097 ,  0.        , ..., -0.92549433,
         -0.90241836, -0.88643411],
        ...,
        [ 0.96355095,  0.95014759,  0.92549433, ...,  0.        ,
         -0.05695801, -0.09262243],
        [ 0.94674901,  0.93084556,  0.90241836, ...,  0.05695801,
          0.        , -0.0357589 ],
        [ 0.93463013,  0.91718348,  0.88643411, ...,  0.09262243,
          0.0357589 ,  0.        ]]]), 'num': array([7.54473258e-01, 6.56328552e-01, 2.03408717e-06, 4.42093269e-04,
       4.71871572e-04, 4.37511992e-04, 1.15352900e-03, 5.03940514e-06,
       4.35129728e-04, 4.43055338e-04, 4.61853846e-04, 4.65446075e-07,
       4.77357941e-04, 4.08752734e-04])}
{'img': array([[[ 0.        , -0.44939465, -0.44939465, ..., -0.7512656 ,
         -0.78982417, -0.84166502],
        [ 0.44939465,  0.        ,  0.        , ..., -0.96773107,
         -0.98120498, -0.99456053],
        [ 0.44939465,  0.        ,  0.        , ..., -0.96773107,
         -0.98120498, -0.99456053],
        ...,
        [ 0.7512656 ,  0.96773107,  0.96773107, ...,  0.        ,
          0.06050772,  0.14981549],
        [ 0.78982417,  0.98120498,  0.98120498, ..., -0.06050772,
          0.        ,  0.08971616],
        [ 0.84166502,  0.99456053,  0.99456053, ..., -0.14981549,
         -0.08971616,  0.        ]],

       [[ 0.        , -0.04529567, -0.09290771, ..., -0.00303641,
         -0.07467434,  0.7661711 ],
        [ 0.04529567,  0.        , -0.04771259, ...,  0.04226216,
         -0.02942849,  0.79449338],
        [ 0.09290771,  0.04771259,  0.        , ...,  0.089884  ,
          0.01829696,  0.8225631 ],
        ...,
        [ 0.00303641, -0.04226216, -0.089884  , ...,  0.        ,
         -0.07164606,  0.76811888],
        [ 0.07467434,  0.02942849, -0.01829696, ...,  0.07164606,
          0.        ,  0.8120204 ],
        [-0.7661711 , -0.79449338, -0.8225631 , ..., -0.76811888,
         -0.8120204 ,  0.        ]],

       [[ 0.        ,  0.10334034,  0.43144201, ..., -0.82536714,
         -0.79544585, -0.8464396 ],
        [-0.10334034,  0.        ,  0.33590457, ..., -0.76260259,
         -0.72856028, -0.78688065],
        [-0.43144201, -0.33590457,  0.        , ..., -0.50100666,
         -0.45613956, -0.5338713 ],
        ...,
        [ 0.82536714,  0.76260259,  0.50100666, ...,  0.        ,
         -0.05108699,  0.03840133],
        [ 0.79544585,  0.72856028,  0.45613956, ...,  0.05108699,
          0.        ,  0.08940049],
        [ 0.8464396 ,  0.78688065,  0.5338713 , ..., -0.03840133,
         -0.08940049,  0.        ]],

       ...,

       [[ 0.        ,  0.35541577,  0.65710497, ..., -0.04675921,
         -0.01847341,  0.10893027],
        [-0.35541577,  0.        ,  0.3462894 , ..., -0.39873323,
         -0.37262237, -0.25148279],
        [-0.65710497, -0.3462894 ,  0.        , ..., -0.69163327,
         -0.67091807, -0.57108325],
        ...,
        [ 0.04675921,  0.39873323,  0.69163327, ...,  0.        ,
          0.02829802,  0.15529209],
        [ 0.01847341,  0.37262237,  0.67091807, ..., -0.02829802,
          0.        ,  0.12727517],
        [-0.10893027,  0.25148279,  0.57108325, ..., -0.15529209,
         -0.12727517,  0.        ]],

       [[ 0.        , -0.43139493, -0.62819202, ..., -0.53824552,
         -0.52773822, -0.48205946],
        [ 0.43139493,  0.        , -0.2310813 , ..., -0.8491598 ,
         -0.8425359 , -0.81285801],
        [ 0.62819202,  0.2310813 ,  0.        , ..., -0.94821917,
         -0.94420187, -0.9254536 ],
        ...,
        [ 0.53824552,  0.8491598 ,  0.94821917, ...,  0.        ,
         -0.01241806, -0.06530365],
        [ 0.52773822,  0.8425359 ,  0.94420187, ...,  0.01241806,
          0.        , -0.05290706],
        [ 0.48205946,  0.81285801,  0.9254536 , ...,  0.06530365,
          0.05290706,  0.        ]],

       [[ 0.        ,  0.0713097 ,  0.20721638, ..., -0.93084556,
         -0.91718348, -0.91440824],
        [-0.0713097 ,  0.        ,  0.13692692, ..., -0.90241836,
         -0.88643411, -0.88321468],
        [-0.20721638, -0.13692692,  0.        , ..., -0.83492217,
         -0.81470763, -0.81068135],
        ...,
        [ 0.93084556,  0.90241836,  0.83492217, ...,  0.        ,
         -0.0357589 , -0.04266348],
        [ 0.91718348,  0.88643411,  0.81470763, ...,  0.0357589 ,
          0.        , -0.00690986],
        [ 0.91440824,  0.88321468,  0.81068135, ...,  0.04266348,
          0.00690986,  0.        ]]]), 'num': array([ 9.50083086e-01,  3.11992094e-01,  1.33631621e-05,  5.54861732e-04,
        5.72291944e-04,  5.49632669e-04,  7.34346430e-04, -5.81007050e-06,
        5.54745531e-04,  5.58551127e-04,  5.83398862e-04,  5.86540450e-07,
        5.92358100e-04,  5.24744155e-04])}
{'img': array([[[ 0.        ,  0.        , -0.68088067, ..., -0.80626883,
         -0.85773954, -0.81138864],
        [ 0.        ,  0.        , -0.68088067, ..., -0.80626883,
         -0.85773954, -0.81138864],
        [ 0.68088067,  0.68088067,  0.        , ..., -0.99328123,
         -0.97823381, -0.99223601],
        ...,
        [ 0.80626883,  0.80626883,  0.99328123, ...,  0.        ,
          0.09290491,  0.00870657],
        [ 0.85773954,  0.85773954,  0.97823381, ..., -0.09290491,
          0.        , -0.08423248],
        [ 0.81138864,  0.81138864,  0.99223601, ..., -0.00870657,
          0.08423248,  0.        ]],

       [[ 0.        , -0.04771259,  0.4162415 , ..., -0.02942849,
          0.79449338,  0.24638297],
        [ 0.04771259,  0.        ,  0.45915031, ...,  0.01829696,
          0.8225631 ,  0.2923441 ],
        [-0.4162415 , -0.45915031,  0.        , ..., -0.44281919,
          0.46962422, -0.17938511],
        ...,
        [ 0.02942849, -0.01829696,  0.44281919, ...,  0.        ,
          0.8120204 ,  0.27479754],
        [-0.79449338, -0.8225631 , -0.46962422, ..., -0.8120204 ,
          0.        , -0.6203795 ],
        [-0.24638297, -0.2923441 ,  0.17938511, ..., -0.27479754,
          0.6203795 ,  0.        ]],

       [[ 0.        ,  0.33590457, -0.06660589, ..., -0.72856028,
         -0.78688065, -0.82698988],
        [-0.33590457,  0.        , -0.39789447, ..., -0.45613956,
         -0.5338713 , -0.59008729],
        [ 0.06660589,  0.39789447,  0.        , ..., -0.77256623,
         -0.82623612, -0.86260039],
        ...,
        [ 0.72856028,  0.45613956,  0.77256623, ...,  0.        ,
          0.08940049,  0.1568641 ],
        [ 0.78688065,  0.5338713 ,  0.82623612, ..., -0.08940049,
          0.        ,  0.06794224],
        [ 0.82698988,  0.59008729,  0.86260039, ..., -0.1568641 ,
         -0.06794224,  0.        ]],

       ...,

       [[ 0.        ,  0.3462894 , -0.05324184, ..., -0.37262237,
         -0.25148279, -0.26202684],
        [-0.3462894 ,  0.        , -0.39574588, ..., -0.67091807,
         -0.57108325, -0.5800049 ],
        [ 0.05324184,  0.39574588,  0.        , ..., -0.32268633,
         -0.19959536, -0.21027359],
        ...,
        [ 0.37262237,  0.67091807,  0.32268633, ...,  0.        ,
          0.12727517,  0.11644669],
        [ 0.25148279,  0.57108325,  0.19959536, ..., -0.12727517,
          0.        , -0.01090963],
        [ 0.26202684,  0.5800049 ,  0.21027359, ..., -0.11644669,
          0.01090963,  0.        ]],

       [[ 0.        , -0.48905233, -0.64645865, ..., -0.59604119,
         -0.55706412, -0.        ],
        [ 0.48905233,  0.        , -0.19075444, ..., -0.91258603,
         -0.89204469, -0.48905233],
        [ 0.64645865,  0.19075444,  0.        , ..., -0.97382551,
         -0.96187571, -0.64645865],
        ...,
        [ 0.59604119,  0.91258603,  0.97382551, ...,  0.        ,
         -0.04769723, -0.59604119],
        [ 0.55706412,  0.89204469,  0.96187571, ...,  0.04769723,
          0.        , -0.55706412],
        [ 0.        ,  0.48905233,  0.64645865, ...,  0.59604119,
          0.55706412,  0.        ]],

       [[ 0.        ,  0.13692692,  0.21354013, ..., -0.88643411,
         -0.88321468, -0.96833762],
        [-0.13692692,  0.        ,  0.07776022, ..., -0.81470763,
         -0.81068135, -0.92503397],
        [-0.21354013, -0.07776022,  0.        , ..., -0.7671498 ,
         -0.76269903, -0.89269316],
        ...,
        [ 0.88643411,  0.81470763,  0.7671498 , ...,  0.        ,
         -0.00690986,  0.22690653],
        [ 0.88321468,  0.81068135,  0.76269903, ...,  0.00690986,
          0.        ,  0.23363074],
        [ 0.96833762,  0.92503397,  0.89269316, ..., -0.22690653,
         -0.23363074,  0.        ]]]), 'num': array([9.49722069e-01, 3.13088848e-01, 1.27581808e-05, 5.62894095e-04,
       5.71918449e-04, 5.44281365e-04, 9.63913836e-04, 2.42529520e-05,
       5.43604538e-04, 5.41207444e-04, 5.64633163e-04, 6.78169477e-07,
       5.69888344e-04, 5.12526544e-04])}
{'img': array([[[ 0.        , -0.68088067, -0.81641559, ..., -0.85773954,
         -0.81138864, -0.95950543],
        [ 0.68088067,  0.        , -0.20475356, ..., -0.97823381,
         -0.99223601, -0.89453374],
        [ 0.81641559,  0.20475356,  0.        , ..., -0.91502099,
         -0.94574903, -0.78405682],
        ...,
        [ 0.85773954,  0.97823381,  0.91502099, ...,  0.        ,
         -0.08423248,  0.2516501 ],
        [ 0.81138864,  0.99223601,  0.94574903, ...,  0.08423248,
          0.        ,  0.3322775 ],
        [ 0.95950543,  0.89453374,  0.78405682, ..., -0.2516501 ,
         -0.3322775 ,  0.        ]],

       [[ 0.        ,  0.45915031,  0.14456276, ...,  0.8225631 ,
          0.2923441 ,  0.51976751],
        [-0.45915031,  0.        , -0.32590366, ...,  0.46962422,
         -0.17938511,  0.06948426],
        [-0.14456276,  0.32590366,  0.        , ...,  0.73171353,
          0.15102593,  0.39080659],
        ...,
        [-0.8225631 , -0.46962422, -0.73171353, ...,  0.        ,
         -0.6203795 , -0.40714384],
        [-0.2923441 ,  0.17938511, -0.15102593, ...,  0.6203795 ,
          0.        ,  0.24730869],
        [-0.51976751, -0.06948426, -0.39080659, ...,  0.40714384,
         -0.24730869,  0.        ]],

       [[ 0.        , -0.39789447, -0.61440498, ..., -0.5338713 ,
         -0.59008729, -0.6742183 ],
        [ 0.39789447,  0.        , -0.24973921, ..., -0.82623612,
         -0.86260039, -0.91240674],
        [ 0.61440498,  0.24973921,  0.        , ..., -0.94073936,
         -0.96160684, -0.98570986],
        ...,
        [ 0.5338713 ,  0.82623612,  0.94073936, ...,  0.        ,
          0.06794224,  0.17581481],
        [ 0.59008729,  0.86260039,  0.96160684, ..., -0.06794224,
          0.        ,  0.10852462],
        [ 0.6742183 ,  0.91240674,  0.98570986, ..., -0.17581481,
         -0.10852462,  0.        ]],

       ...,

       [[ 0.        , -0.39574588, -0.5475527 , ..., -0.57108325,
         -0.5800049 , -0.26943264],
        [ 0.39574588,  0.        , -0.17170177, ..., -0.19959536,
         -0.21027359,  0.13367472],
        [ 0.5475527 ,  0.17170177,  0.        , ..., -0.02838431,
         -0.03928786,  0.3018503 ],
        ...,
        [ 0.57108325,  0.19959536,  0.02838431, ...,  0.        ,
         -0.01090963,  0.32878902],
        [ 0.5800049 ,  0.21027359,  0.03928786, ...,  0.01090963,
          0.        ,  0.33907254],
        [ 0.26943264, -0.13367472, -0.3018503 , ..., -0.32878902,
         -0.33907254,  0.        ]],

       [[ 0.        , -0.46102272, -0.65570522, ..., -0.65661319,
         -0.37036594, -0.        ],
        [ 0.46102272,  0.        , -0.23378517, ..., -0.93038689,
         -0.75689593, -0.46102272],
        [ 0.65570522,  0.23378517,  0.        , ..., -0.99030503,
         -0.88870793, -0.65570522],
        ...,
        [ 0.65661319,  0.93038689,  0.99030503, ...,  0.        ,
         -0.33057858, -0.65661319],
        [ 0.37036594,  0.75689593,  0.88870793, ...,  0.33057858,
          0.        , -0.37036594],
        [ 0.        ,  0.46102272,  0.65570522, ...,  0.65661319,
          0.37036594,  0.        ]],

       [[ 0.        ,  0.07776022,  0.18129511, ..., -0.81068135,
         -0.92503397, -0.95675809],
        [-0.07776022,  0.        ,  0.10427453, ..., -0.76269903,
         -0.89269316, -0.93124185],
        [-0.18129511, -0.10427453,  0.        , ..., -0.69110129,
         -0.8408338 , -0.88816742],
        ...,
        [ 0.81068135,  0.76269903,  0.69110129, ...,  0.        ,
          0.23363074,  0.32435516],
        [ 0.92503397,  0.89269316,  0.8408338 , ..., -0.23363074,
          0.        ,  0.09437918],
        [ 0.95675809,  0.93124185,  0.88816742, ..., -0.32435516,
         -0.09437918,  0.        ]]]), 'num': array([ 8.65718693e-01,  5.00528601e-01,  7.40000185e-06,  5.10042027e-04,
        5.14692866e-04,  5.03840908e-04,  4.79439506e-04, -5.68435897e-06,
        5.02187277e-04,  4.95211018e-04,  5.15657485e-04,  6.54454552e-07,
        5.19339002e-04,  4.71083034e-04])}
{'img': array([[[ 0.        , -0.57072939, -0.6351878 , ..., -0.8539682 ,
         -0.98531755, -0.96556482],
        [ 0.57072939,  0.        , -0.08076972, ..., -0.9981908 ,
         -0.9065235 , -0.94134461],
        [ 0.6351878 ,  0.08076972,  0.        , ..., -0.99007316,
         -0.86946432, -0.91101356],
        ...,
        [ 0.8539682 ,  0.9981908 ,  0.99007316, ...,  0.        ,
          0.36688611,  0.28023712],
        [ 0.98531755,  0.9065235 ,  0.86946432, ..., -0.36688611,
          0.        , -0.09149025],
        [ 0.96556482,  0.94134461,  0.91101356, ..., -0.28023712,
          0.09149025,  0.        ]],

       [[ 0.        , -0.32590366, -0.38154169, ..., -0.17938511,
          0.06948426, -0.38637701],
        [ 0.32590366,  0.        , -0.05946107, ...,  0.15102593,
          0.39080659, -0.06468769],
        [ 0.38154169,  0.05946107,  0.        , ...,  0.20953776,
          0.44484741, -0.0052367 ],
        ...,
        [ 0.17938511, -0.15102593, -0.20953776, ...,  0.        ,
          0.24730869, -0.21465533],
        [-0.06948426, -0.39080659, -0.44484741, ..., -0.24730869,
          0.        , -0.44953133],
        [ 0.38637701,  0.06468769,  0.0052367 , ...,  0.21465533,
          0.44953133,  0.        ]],

       [[ 0.        , -0.49999428, -0.67779904, ..., -0.6012738 ,
         -0.68634859, -0.74819679],
        [ 0.49999428,  0.        , -0.21937403, ..., -0.92023733,
         -0.95802978, -0.97969454],
        [ 0.67779904,  0.21937403,  0.        , ..., -0.98367551,
         -0.99758064, -0.99981359],
        ...,
        [ 0.6012738 ,  0.92023733,  0.98367551, ...,  0.        ,
          0.11113204,  0.19891019],
        [ 0.68634859,  0.95802978,  0.99758064, ..., -0.11113204,
          0.        ,  0.08876671],
        [ 0.74819679,  0.97969454,  0.99981359, ..., -0.19891019,
         -0.08876671,  0.        ]],

       ...,

       [[ 0.        , -0.17170177, -0.17170177, ..., -0.21027359,
          0.13367472,  0.26199584],
        [ 0.17170177,  0.        ,  0.        , ..., -0.03928786,
          0.3018503 ,  0.42380899],
        [ 0.17170177,  0.        ,  0.        , ..., -0.03928786,
          0.3018503 ,  0.42380899],
        ...,
        [ 0.21027359,  0.03928786,  0.03928786, ...,  0.        ,
          0.33907254,  0.45906682],
        [-0.13367472, -0.3018503 , -0.3018503 , ..., -0.33907254,
          0.        ,  0.13063917],
        [-0.26199584, -0.42380899, -0.42380899, ..., -0.45906682,
         -0.13063917,  0.        ]],

       [[ 0.        , -0.50555931, -0.68035808, ..., -0.47004884,
         -0.29221398, -0.        ],
        [ 0.50555931,  0.        , -0.21649317, ..., -0.85178139,
         -0.73561299, -0.50555931],
        [ 0.68035808,  0.21649317,  0.        , ..., -0.94500086,
         -0.8648202 , -0.68035808],
        ...,
        [ 0.47004884,  0.85178139,  0.94500086, ...,  0.        ,
         -0.19161274, -0.47004884],
        [ 0.29221398,  0.73561299,  0.8648202 , ...,  0.19161274,
          0.        , -0.29221398],
        [ 0.        ,  0.50555931,  0.68035808, ...,  0.47004884,
          0.29221398,  0.        ]],

       [[ 0.        ,  0.10427453,  0.24919615, ..., -0.89269316,
         -0.93124185, -0.94701045],
        [-0.10427453,  0.        ,  0.14685268, ..., -0.8408338 ,
         -0.88816742, -0.9083546 ],
        [-0.24919615, -0.14685268,  0.        , ..., -0.75222741,
         -0.81105649, -0.83709265],
        ...,
        [ 0.89269316,  0.8408338 ,  0.75222741, ...,  0.        ,
          0.09437918,  0.14004894],
        [ 0.93124185,  0.88816742,  0.81105649, ..., -0.09437918,
          0.        ,  0.04597477],
        [ 0.94701045,  0.9083546 ,  0.83709265, ..., -0.14004894,
         -0.04597477,  0.        ]]]), 'num': array([ 8.65067677e-01,  5.01653019e-01,  7.41662567e-06,  5.07562371e-04,
        5.11705737e-04,  4.97203955e-04,  3.64875194e-04, -3.62544551e-06,
        5.06008609e-04,  4.96556554e-04,  5.15417503e-04,  5.61877164e-07,
        5.21075331e-04,  4.72037777e-04])}
{'img': array([[[ 0.        , -0.32291324, -0.32291324, ..., -0.99600605,
         -0.9822646 , -0.96824584],
        [ 0.32291324,  0.        ,  0.        , ..., -0.97148013,
         -0.99018952, -0.99710383],
        [ 0.32291324,  0.        ,  0.        , ..., -0.97148013,
         -0.99018952, -0.99710383],
        ...,
        [ 0.99600605,  0.97148013,  0.97148013, ...,  0.        ,
         -0.09904894, -0.16255099],
        [ 0.9822646 ,  0.99018952,  0.99018952, ...,  0.09904894,
          0.        , -0.06402006],
        [ 0.96824584,  0.99710383,  0.99710383, ...,  0.16255099,
          0.06402006,  0.        ]],

       [[ 0.        , -0.05946107, -0.77179063, ...,  0.39080659,
         -0.06468769, -0.23431753],
