state_0,state_1,state_2,state_3,state_4,state_5,state_6,state_7,state_8,state_9,state_10,state_11,state_12,state_13,state_14,state_15,state_16,state_17,state_18,state_19,state_20,state_21,state_22,state_23,state_24,state_25,state_26,state_27,state_28,state_29,state_30,state_31,state_32,state_33,state_34,state_35,state_36,state_37,state_38,state_39,state_40,state_41,state_42,state_43,state_44,state_45,state_46,state_47,state_48,state_49,state_50,state_51,state_52,state_53,state_54,state_55,state_56,state_57,state_58,state_59,state_60,state_61,state_62,state_63,state_64,state_65,state_66,state_67,state_68,state_69,state_70,state_71,state_72,state_73,state_74,state_75,state_76,state_77,state_78,state_79,state_80,state_81,state_82,state_83,state_84,state_85,state_86,state_87,state_88,state_89,state_90,state_91,state_92,state_93,state_94,state_95,state_96,state_97,state_98,state_99,state_100,state_101,state_102,state_103,state_104,state_105,state_106,state_107,state_108,state_109,state_110,state_111,state_112,state_113,state_114,state_115,state_116,state_117,state_118,state_119,state_120,state_121,state_122,state_123,state_124,state_125,state_126,state_127,state_128,state_129,state_130,state_131,state_132,state_133,state_134,state_135,state_136,state_137,state_138,state_139,state_140,state_141,state_142,state_143,state_144,state_145,state_146,state_147,state_148,state_149,state_150,state_151,state_152,state_153,state_154,state_155,state_156,state_157,state_158,state_159,state_160,state_161,state_162,state_163,state_164,state_165,state_166,state_167,state_168,state_169,state_170,state_171,state_172,state_173,state_174,state_175,state_176,state_177,state_178,state_179,state_180,state_181,state_182,state_183,state_184,state_185,state_186,state_187,state_188,state_189,state_190,state_191,state_192,state_193,state_194,state_195,state_196,state_197,state_198,state_199,state_200,state_201,state_202,state_203,state_204,state_205,state_206,state_207,state_208,state_209,state_210,state_211,state_212,state_213,state_214,state_215,state_216,state_217,state_218,state_219,state_220,state_221,state_222,state_223,state_224,state_225,state_226,state_227,state_228,state_229,state_230,state_231,state_232,state_233,state_234,state_235,state_236,state_237,state_238,state_239,state_240,state_241,state_242,state_243,state_244,state_245,state_246,state_247,state_248,state_249,state_250,state_251,state_252,state_253,state_254,state_255,state_256,state_257,state_258,state_259,state_260,state_261,state_262,state_263,state_264,state_265,state_266,state_267,state_268,state_269,state_270,state_271,state_272,state_273,state_274,state_275,state_276,state_277,state_278,state_279,state_280,state_281,state_282,state_283,state_284,state_285,state_286,state_287
{'img': array([[[ 0.        ,  0.60540396,  0.39144546, ..., -0.96370426,
         -0.91715351, -0.94546798],
        [-0.60540396,  0.        , -0.24553489, ..., -0.60540396,
         -0.48870521, -0.55532615],
        [-0.39144546,  0.24553489,  0.        , ..., -0.78229691,
         -0.6879615 , -0.7425212 ],
        ...,
        [ 0.96370426,  0.60540396,  0.78229691, ...,  0.        ,
         -0.13921462, -0.06147942],
        [ 0.91715351,  0.48870521,  0.6879615 , ...,  0.13921462,
          0.        ,  0.07807052],
        [ 0.94546798,  0.55532615,  0.7425212 , ...,  0.06147942,
         -0.07807052,  0.        ]],

       [[ 0.        ,  0.98607599,  0.01422864, ..., -0.89257279,
         -0.94083384, -0.96643465],
        [-0.98607599,  0.        , -0.98361001, ..., -0.59305563,
         -0.4906061 , -0.41404889],
        [-0.01422864,  0.98361001,  0.        , ..., -0.89889817,
         -0.94556023, -0.96999233],
        ...,
        [ 0.89257279,  0.59305563,  0.89889817, ...,  0.        ,
         -0.12176055, -0.20645542],
        [ 0.94083384,  0.4906061 ,  0.94556023, ...,  0.12176055,
          0.        , -0.08578195],
        [ 0.96643465,  0.41404889,  0.96999233, ...,  0.20645542,
          0.08578195,  0.        ]],

       [[ 0.        ,  0.17390398,  0.53667824, ..., -0.98574181,
         -0.94546677, -0.87735699],
        [-0.17390398,  0.        ,  0.38176275, ..., -0.94145975,
         -0.87441658, -0.78054258],
        [-0.53667824, -0.38176275,  0.        , ..., -0.74145199,
         -0.62296649, -0.48278367],
        ...,
        [ 0.98574181,  0.94145975,  0.74145199, ...,  0.        ,
         -0.16198552, -0.32536821],
        [ 0.94546677,  0.87441658,  0.62296649, ...,  0.16198552,
          0.        , -0.16789964],
        [ 0.87735699,  0.78054258,  0.48278367, ...,  0.32536821,
          0.16789964,  0.        ]],

       ...,

       [[ 0.        ,  0.9655048 ,  0.86782598, ..., -0.6176484 ,
         -0.76990578, -0.73028504],
        [-0.9655048 ,  0.        , -0.25375961, ..., -0.92015199,
         -0.81661631, -0.84973287],
        [-0.86782598,  0.25375961,  0.        , ..., -0.98939541,
         -0.93635147, -0.95570432],
        ...,
        [ 0.6176484 ,  0.92015199,  0.98939541, ...,  0.        ,
         -0.21133875, -0.15239394],
        [ 0.76990578,  0.81661631,  0.93635147, ...,  0.21133875,
          0.        ,  0.05991848],
        [ 0.73028504,  0.84973287,  0.95570432, ...,  0.15239394,
         -0.05991848,  0.        ]],

       [[ 0.        ,  0.08927821,  0.15074954, ..., -0.99419121,
         -0.99988946, -0.99939895],
        [-0.08927821,  0.        ,  0.06188962, ..., -0.98061227,
         -0.99456923, -0.99850301],
        [-0.15074954, -0.06188962,  0.        , ..., -0.96660467,
         -0.98622135, -0.99320372],
        ...,
        [ 0.99419121,  0.98061227,  0.96660467, ...,  0.        ,
          0.09283459,  0.1420284 ],
        [ 0.99988946,  0.99456923,  0.98622135, ..., -0.09283459,
          0.        ,  0.04952157],
        [ 0.99939895,  0.99850301,  0.99320372, ..., -0.1420284 ,
         -0.04952157,  0.        ]],

       [[ 0.        , -0.27820776, -0.34613219, ..., -0.86311576,
         -0.81599988, -0.76613913],
        [ 0.27820776,  0.        , -0.07145666, ..., -0.96953737,
         -0.94460353, -0.91468977],
        [ 0.34613219,  0.07145666,  0.        , ..., -0.98456179,
         -0.96564189, -0.94123124],
        ...,
        [ 0.86311576,  0.96953737,  0.98456179, ...,  0.        ,
         -0.08684091, -0.16779775],
        [ 0.81599988,  0.94460353,  0.96564189, ...,  0.08684091,
          0.        , -0.08155421],
        [ 0.76613913,  0.91468977,  0.94123124, ...,  0.16779775,
          0.08155421,  0.        ]]]), 'num': array([7.58258406e-01, 6.51953899e-01, 2.81228854e-05, 3.86421326e-05,
       3.86421326e-05, 3.76709679e-05, 5.38996413e-04, 1.17562044e-06,
       3.81412161e-05, 4.05691278e-05, 4.35107346e-05, 3.78412535e-07,
       4.37160362e-05, 3.74222194e-05])}
{'img': array([[[ 0.00000000e+00, -2.45534886e-01, -6.67178410e-01, ...,
         -4.88705206e-01, -5.55326148e-01, -6.99854212e-01],
        [ 2.45534886e-01,  0.00000000e+00, -4.63856145e-01, ...,
         -6.87961503e-01, -7.42521196e-01, -8.53812165e-01],
        [ 6.67178410e-01,  4.63856145e-01,  0.00000000e+00, ...,
         -9.46114633e-01, -9.68508665e-01, -9.97875981e-01],
        ...,
        [ 4.88705206e-01,  6.87961503e-01,  9.46114633e-01, ...,
          0.00000000e+00,  7.80705242e-02,  2.61511946e-01],
        [ 5.55326148e-01,  7.42521196e-01,  9.68508665e-01, ...,
         -7.80705242e-02,  0.00000000e+00,  1.85360081e-01],
        [ 6.99854212e-01,  8.53812165e-01,  9.97875981e-01, ...,
         -2.61511946e-01, -1.85360081e-01,  0.00000000e+00]],

       [[ 0.00000000e+00, -9.83610015e-01, -9.75602582e-01, ...,
         -4.90606098e-01, -4.14048889e-01, -3.95628547e-01],
        [ 9.83610015e-01,  0.00000000e+00,  4.00358175e-02, ...,
         -9.45560234e-01, -9.69992329e-01, -9.74693267e-01],
        [ 9.75602582e-01, -4.00358175e-02,  0.00000000e+00, ...,
         -9.57831669e-01, -9.78948762e-01, -9.82861669e-01],
        ...,
        [ 4.90606098e-01,  9.45560234e-01,  9.57831669e-01, ...,
          0.00000000e+00, -8.57819525e-02, -1.05834465e-01],
        [ 4.14048889e-01,  9.69992329e-01,  9.78948762e-01, ...,
          8.57819525e-02,  0.00000000e+00, -2.01441715e-02],
        [ 3.95628547e-01,  9.74693267e-01,  9.82861669e-01, ...,
          1.05834465e-01,  2.01441715e-02,  0.00000000e+00]],

       [[ 0.00000000e+00,  3.81762748e-01,  2.07889919e-01, ...,
         -8.74416578e-01, -7.80542582e-01, -7.20528752e-01],
        [-3.81762748e-01,  0.00000000e+00, -1.81277672e-01, ...,
         -6.22966493e-01, -4.82783672e-01, -4.01232302e-01],
        [-2.07889919e-01,  1.81277672e-01,  0.00000000e+00, ...,
         -7.54449346e-01, -6.33536934e-01, -5.60630724e-01],
        ...,
        [ 8.74416578e-01,  6.22966493e-01,  7.54449346e-01, ...,
          0.00000000e+00, -1.67899642e-01, -2.56759188e-01],
        [ 7.80542582e-01,  4.82783672e-01,  6.33536934e-01, ...,
          1.67899642e-01,  0.00000000e+00, -9.08433830e-02],
        [ 7.20528752e-01,  4.01232302e-01,  5.60630724e-01, ...,
          2.56759188e-01,  9.08433830e-02,  0.00000000e+00]],

       ...,

       [[ 0.00000000e+00, -2.53759606e-01, -9.19454408e-01, ...,
         -8.16616307e-01, -8.49732873e-01, -9.69935027e-01],
        [ 2.53759606e-01,  0.00000000e+00, -7.89580776e-01, ...,
         -9.36351465e-01, -9.55704319e-01, -9.99942407e-01],
        [ 9.19454408e-01,  7.89580776e-01,  0.00000000e+00, ...,
         -8.51782317e-01, -8.18860854e-01, -6.05137301e-01],
        ...,
        [ 8.16616307e-01,  9.36351465e-01,  8.51782317e-01, ...,
          0.00000000e+00,  5.99184786e-02,  3.61092963e-01],
        [ 8.49732873e-01,  9.55704319e-01,  8.18860854e-01, ...,
         -5.99184786e-02,  0.00000000e+00,  3.04568410e-01],
        [ 9.69935027e-01,  9.99942407e-01,  6.05137301e-01, ...,
         -3.61092963e-01, -3.04568410e-01,  0.00000000e+00]],

       [[ 0.00000000e+00,  6.18896186e-02,  5.68686542e-02, ...,
         -9.94569231e-01, -9.98503011e-01, -9.98987249e-01],
        [-6.18896186e-02,  0.00000000e+00, -5.02982365e-03, ...,
         -9.86221350e-01, -9.93203718e-01, -9.94287517e-01],
        [-5.68686542e-02,  5.02982365e-03,  0.00000000e+00, ...,
         -9.87040964e-01, -9.93776570e-01, -9.94811797e-01],
        ...,
        [ 9.94569231e-01,  9.86221350e-01,  9.87040964e-01, ...,
          0.00000000e+00,  4.95215706e-02,  5.92218654e-02],
        [ 9.98503011e-01,  9.93203718e-01,  9.93776570e-01, ...,
         -4.95215706e-02,  0.00000000e+00,  9.71455087e-03],
        [ 9.98987249e-01,  9.94287517e-01,  9.94811797e-01, ...,
         -5.92218654e-02, -9.71455087e-03,  0.00000000e+00]],

       [[ 0.00000000e+00, -8.41013051e-02, -8.40633049e-02, ...,
         -9.27014416e-01, -8.93184443e-01, -8.81664187e-01],
        [ 8.41013051e-02,  0.00000000e+00,  3.81352661e-05, ...,
         -9.55270349e-01, -9.27839636e-01, -9.18226139e-01],
        [ 8.40633049e-02, -3.81352661e-05,  0.00000000e+00, ...,
         -9.55259070e-01, -9.27825412e-01, -9.18211035e-01],
        ...,
        [ 9.27014416e-01,  9.55270349e-01,  9.55259070e-01, ...,
          0.00000000e+00, -8.19024647e-02, -1.06790408e-01],
        [ 8.93184443e-01,  9.27839636e-01,  9.27825412e-01, ...,
          8.19024647e-02,  0.00000000e+00, -2.49975196e-02],
        [ 8.81664187e-01,  9.18226139e-01,  9.18211035e-01, ...,
          1.06790408e-01,  2.49975196e-02,  0.00000000e+00]]]), 'num': array([ 7.07106591e-01,  7.07106591e-01,  0.00000000e+00,  3.60380531e-05,
        3.75010323e-05,  3.56966913e-05,  7.25940009e-04, -8.29021520e-07,
        3.60185468e-05,  3.85909518e-05,  4.12251270e-05,  3.16727446e-07,
        4.18091032e-05,  3.53728003e-05])}
{'img': array([[[ 0.00000000e+00, -6.35597356e-01, -7.70611086e-01, ...,
         -5.59225561e-01, -7.04358361e-01, -6.02753488e-01],
        [ 6.35597356e-01,  0.00000000e+00, -1.89857912e-01, ...,
         -9.58653811e-01, -9.94954579e-01, -9.72498770e-01],
        [ 7.70611086e-01,  1.89857912e-01,  0.00000000e+00, ...,
         -9.95246206e-01, -9.95905685e-01, -9.99029980e-01],
        ...,
        [ 5.59225561e-01,  9.58653811e-01,  9.95246206e-01, ...,
          0.00000000e+00,  1.86960808e-01,  5.34705786e-02],
        [ 7.04358361e-01,  9.94954579e-01,  9.95905685e-01, ...,
         -1.86960808e-01,  0.00000000e+00, -1.34165595e-01],
        [ 6.02753488e-01,  9.72498770e-01,  9.99029980e-01, ...,
         -5.34705786e-02,  1.34165595e-01,  0.00000000e+00]],

       [[ 0.00000000e+00,  3.52912919e-01, -7.77686341e-01, ...,
         -7.89573793e-01, -7.73242122e-01, -8.68684474e-01],
        [-3.52912919e-01,  0.00000000e+00, -9.49506610e-01, ...,
         -5.22202595e-01, -4.99702838e-01, -6.37968996e-01],
        [ 7.77686341e-01,  9.49506610e-01,  0.00000000e+00, ...,
         -9.73599129e-01, -9.79239964e-01, -9.31339882e-01],
        ...,
        [ 7.89573793e-01,  5.22202595e-01,  9.73599129e-01, ...,
          0.00000000e+00, -2.61729637e-02,  1.41945253e-01],
        [ 7.73242122e-01,  4.99702838e-01,  9.79239964e-01, ...,
          2.61729637e-02,  0.00000000e+00,  1.67804576e-01],
        [ 8.68684474e-01,  6.37968996e-01,  9.31339882e-01, ...,
         -1.41945253e-01, -1.67804576e-01,  0.00000000e+00]],

       [[ 0.00000000e+00, -1.81277672e-01, -3.75981379e-01, ...,
         -4.82783672e-01, -4.01232302e-01, -2.76733359e-01],
        [ 1.81277672e-01,  0.00000000e+00, -2.01775276e-01, ...,
         -6.33536934e-01, -5.60630724e-01, -4.46346617e-01],
        [ 3.75981379e-01,  2.01775276e-01,  0.00000000e+00, ...,
         -7.76622291e-01, -7.16182816e-01, -6.17726745e-01],
        ...,
        [ 4.82783672e-01,  6.33536934e-01,  7.76622291e-01, ...,
          0.00000000e+00, -9.08433830e-02, -2.21583025e-01],
        [ 4.01232302e-01,  5.60630724e-01,  7.16182816e-01, ...,
          9.08433830e-02,  0.00000000e+00, -1.32081668e-01],
        [ 2.76733359e-01,  4.46346617e-01,  6.17726745e-01, ...,
          2.21583025e-01,  1.32081668e-01,  0.00000000e+00]],

       ...,

       [[ 0.00000000e+00, -9.09191803e-01, -9.73238838e-01, ...,
         -8.54563489e-01, -9.73007235e-01, -9.33942732e-01],
        [ 9.09191803e-01,  0.00000000e+00, -1.96306239e-01, ...,
         -8.28007033e-01, -6.14956752e-01, -7.13838559e-01],
        [ 9.73238838e-01,  1.96306239e-01,  0.00000000e+00, ...,
         -7.01823813e-01, -4.48191903e-01, -5.62473862e-01],
        ...,
        [ 8.54563489e-01,  8.28007033e-01,  7.01823813e-01, ...,
          0.00000000e+00,  3.08116775e-01,  1.79599926e-01],
        [ 9.73007235e-01,  6.14956752e-01,  4.48191903e-01, ...,
         -3.08116775e-01,  0.00000000e+00, -1.32244586e-01],
        [ 9.33942732e-01,  7.13838559e-01,  5.62473862e-01, ...,
         -1.79599926e-01,  1.32244586e-01,  0.00000000e+00]],

       [[ 0.00000000e+00, -5.02982365e-03, -2.66450838e-02, ...,
         -9.93203718e-01, -9.94287517e-01, -9.96469979e-01],
        [ 5.02982365e-03,  0.00000000e+00, -2.16167089e-02, ...,
         -9.93776570e-01, -9.94811797e-01, -9.96879627e-01],
        [ 2.66450838e-02,  2.16167089e-02,  0.00000000e+00, ...,
         -9.95952279e-01, -9.96778462e-01, -9.98353040e-01],
        ...,
        [ 9.93203718e-01,  9.93776570e-01,  9.95952279e-01, ...,
          0.00000000e+00,  9.71455087e-03,  3.25987112e-02],
        [ 9.94287517e-01,  9.94811797e-01,  9.96778462e-01, ...,
         -9.71455087e-03,  0.00000000e+00,  2.28877852e-02],
        [ 9.96469979e-01,  9.96879627e-01,  9.98353040e-01, ...,
         -3.25987112e-02, -2.28877852e-02,  0.00000000e+00]],

       [[ 0.00000000e+00,  3.81352661e-05, -2.46157165e-02, ...,
         -9.27839636e-01, -9.18226139e-01, -8.92120662e-01],
        [-3.81352661e-05,  0.00000000e+00, -2.46538402e-02, ...,
         -9.27825412e-01, -9.18211035e-01, -8.92103432e-01],
        [ 2.46157165e-02,  2.46538402e-02,  0.00000000e+00, ...,
         -9.36739643e-01, -9.27697120e-01, -9.02971651e-01],
        ...,
        [ 9.27839636e-01,  9.27825412e-01,  9.36739643e-01, ...,
          0.00000000e+00, -2.49975196e-02, -8.64527616e-02],
        [ 9.18226139e-01,  9.18211035e-01,  9.27697120e-01, ...,
          2.49975196e-02,  0.00000000e+00, -6.15218186e-02],
        [ 8.92120662e-01,  8.92103432e-01,  9.02971651e-01, ...,
          8.64527616e-02,  6.15218186e-02,  0.00000000e+00]]]), 'num': array([ 9.17429505e-01,  3.97897059e-01,  1.44716552e-04,  4.61847649e-05,
        4.88863807e-05,  4.60561165e-05,  9.97166382e-04, -1.35080789e-06,
        4.72268167e-05,  5.06167012e-05,  5.39830003e-05,  2.62685154e-07,
        5.53007918e-05,  4.59326107e-05])}
{'img': array([[[ 0.        , -0.41322197, -0.41322197, ..., -0.83231221,
         -0.74429812, -0.57632879],
        [ 0.41322197,  0.        ,  0.        , ..., -0.98698062,
         -0.95374971, -0.86251487],
        [ 0.41322197,  0.        ,  0.        , ..., -0.98698062,
         -0.95374971, -0.86251487],
        ...,
        [ 0.83231221,  0.98698062,  0.98698062, ...,  0.        ,
         -0.14328789, -0.3607173 ],
        [ 0.74429812,  0.95374971,  0.95374971, ...,  0.14328789,
          0.        , -0.22335401],
        [ 0.57632879,  0.86251487,  0.86251487, ...,  0.3607173 ,
          0.22335401,  0.        ]],

       [[ 0.        , -0.94950661, -0.97432201, ..., -0.49970284,
         -0.637969  , -0.65408521],
        [ 0.94950661,  0.        , -0.5194807 , ..., -0.97923996,
         -0.93133988, -0.92344391],
        [ 0.97432201,  0.5194807 ,  0.        , ..., -0.73144206,
         -0.60664387, -0.58972426],
        ...,
        [ 0.49970284,  0.97923996,  0.73144206, ...,  0.        ,
          0.16780458,  0.18858092],
        [ 0.637969  ,  0.93133988,  0.60664387, ..., -0.16780458,
          0.        ,  0.02111313],
        [ 0.65408521,  0.92344391,  0.58972426, ..., -0.18858092,
         -0.02111313,  0.        ]],

       [[ 0.        , -0.33358292, -0.43638233, ..., -0.4028308 ,
         -0.27786365, -0.16149513],
        [ 0.33358292,  0.        , -0.11124167, ..., -0.68507689,
         -0.58239443, -0.48144896],
        [ 0.43638233,  0.11124167,  0.        , ..., -0.76186119,
         -0.66920879, -0.57596124],
        ...,
        [ 0.4028308 ,  0.68507689,  0.76186119, ...,  0.        ,
         -0.13264604, -0.24973068],
        [ 0.27786365,  0.58239443,  0.66920879, ...,  0.13264604,
          0.        , -0.11908073],
        [ 0.16149513,  0.48144896,  0.57596124, ...,  0.24973068,
          0.11908073,  0.        ]],

       ...,

       [[ 0.        , -0.22109838, -0.22109838, ..., -0.66393631,
         -0.76223428, -0.96027848],
        [ 0.22109838,  0.        ,  0.        , ..., -0.48216992,
         -0.60025288, -0.87481698],
        [ 0.22109838,  0.        ,  0.        , ..., -0.48216992,
         -0.60025288, -0.87481698],
        ...,
        [ 0.66393631,  0.48216992,  0.48216992, ...,  0.        ,
         -0.14022371, -0.53281873],
        [ 0.76223428,  0.60025288,  0.60025288, ...,  0.14022371,
          0.        , -0.40889297],
        [ 0.96027848,  0.87481698,  0.87481698, ...,  0.53281873,
          0.40889297,  0.        ]],

       [[ 0.        , -0.02161671, -0.02286251, ..., -0.9948118 ,
         -0.99687963, -0.99856136],
        [ 0.02161671,  0.        , -0.00124611, ..., -0.99677846,
         -0.99835304, -0.99948714],
        [ 0.02286251,  0.00124611,  0.        , ..., -0.99687763,
         -0.99842375, -0.99952627],
        ...,
        [ 0.9948118 ,  0.99677846,  0.99687763, ...,  0.        ,
          0.02288779,  0.04824334],
        [ 0.99687963,  0.99835304,  0.99842375, ..., -0.02288779,
          0.        ,  0.02536957],
        [ 0.99856136,  0.99948714,  0.99952627, ..., -0.04824334,
         -0.02536957,  0.        ]],

       [[ 0.        , -0.02465384, -0.03742491, ..., -0.91821103,
         -0.89210343, -0.8360217 ],
        [ 0.02465384,  0.        , -0.01277697, ..., -0.92769712,
         -0.90297165, -0.84929506],
        [ 0.03742491,  0.01277697,  0.        , ..., -0.93239147,
         -0.90838821, -0.85597093],
        ...,
        [ 0.91821103,  0.92769712,  0.93239147, ...,  0.        ,
         -0.06152182, -0.17267796],
        [ 0.89210343,  0.90297165,  0.90838821, ...,  0.06152182,
          0.        , -0.1117532 ],
        [ 0.8360217 ,  0.84929506,  0.85597093, ...,  0.17267796,
          0.1117532 ,  0.        ]]]), 'num': array([ 9.16969248e-01,  3.98956101e-01,  1.45101729e-04,  4.60497087e-05,
        4.60497087e-05,  4.26959484e-05,  1.17781482e-03, -2.57981561e-07,
        4.72106257e-05,  5.04837667e-05,  5.37741066e-05,  2.62012523e-07,
        5.55933120e-05,  4.53742215e-05])}
{'img': array([[[ 0.        ,  0.        ,  0.0672524 , ..., -0.95374971,
         -0.86251487, -0.83321544],
        [ 0.        ,  0.        ,  0.0672524 , ..., -0.95374971,
         -0.86251487, -0.83321544],
        [-0.0672524 , -0.0672524 ,  0.        , ..., -0.93137422,
         -0.82653029, -0.79414192],
        ...,
        [ 0.95374971,  0.95374971,  0.93137422, ...,  0.        ,
         -0.22335401, -0.27690834],
        [ 0.86251487,  0.86251487,  0.82653029, ...,  0.22335401,
          0.        , -0.05529287],
        [ 0.83321544,  0.83321544,  0.79414192, ...,  0.27690834,
          0.05529287,  0.        ]],

       [[ 0.        , -0.9837417 , -0.97718763, ..., -0.75997616,
         -0.77725629, -0.84412608],
        [ 0.9837417 ,  0.        , -0.38441726, ..., -0.77586735,
         -0.75854148, -0.67902383],
        [ 0.97718763,  0.38441726,  0.        , ..., -0.47372193,
         -0.44975894, -0.34464032],
        ...,
        [ 0.75997616,  0.77586735,  0.47372193, ...,  0.        ,
          0.02701352,  0.14118334],
        [ 0.77725629,  0.75854148,  0.44975894, ..., -0.02701352,
          0.        ,  0.11438888],
        [ 0.84412608,  0.67902383,  0.34464032, ..., -0.14118334,
         -0.11438888,  0.        ]],

       [[ 0.        , -0.29410227, -0.49344171, ..., -0.28184667,
         -0.16384264, -0.        ],
        [ 0.29410227,  0.        , -0.21581479, ..., -0.55156091,
         -0.44672445, -0.29410227],
        [ 0.49344171,  0.21581479,  0.        , ..., -0.71858159,
         -0.62928044, -0.49344171],
        ...,
        [ 0.28184667,  0.55156091,  0.71858159, ...,  0.        ,
         -0.12083756, -0.28184667],
        [ 0.16384264,  0.44672445,  0.62928044, ...,  0.12083756,
          0.        , -0.16384264],
        [ 0.        ,  0.29410227,  0.49344171, ...,  0.28184667,
          0.16384264,  0.        ]],

       ...,

       [[ 0.        ,  0.        ,  0.04374374, ..., -0.60025288,
         -0.87481698, -0.87689738],
        [ 0.        ,  0.        ,  0.04374374, ..., -0.60025288,
         -0.87481698, -0.87689738],
        [-0.04374374, -0.04374374,  0.        , ..., -0.634665  ,
         -0.8951714 , -0.89708464],
        ...,
        [ 0.60025288,  0.60025288,  0.634665  , ...,  0.        ,
         -0.40889297, -0.4128234 ],
        [ 0.87481698,  0.87481698,  0.8951714 , ...,  0.40889297,
          0.        , -0.0043111 ],
        [ 0.87689738,  0.87689738,  0.89708464, ...,  0.4128234 ,
          0.0043111 ,  0.        ]],

       [[ 0.        , -0.00124611, -0.00871253, ..., -0.99835304,
         -0.99948714, -0.99996176],
        [ 0.00124611,  0.        , -0.00746647, ..., -0.99842375,
         -0.99952627, -0.99997188],
        [ 0.00871253,  0.00746647,  0.        , ..., -0.99881498,
         -0.9997282 , -1.        ],
        ...,
        [ 0.99835304,  0.99842375,  0.99881498, ...,  0.        ,
          0.02536957,  0.04863565],
        [ 0.99948714,  0.99952627,  0.9997282 , ..., -0.02536957,
          0.        ,  0.02328045],
        [ 0.99996176,  0.99997188,  1.        , ..., -0.04863565,
         -0.02328045,  0.        ]],

       [[ 0.        , -0.01277697, -0.02581351, ..., -0.90297165,
         -0.84929506, -0.77918509],
        [ 0.01277697,  0.        , -0.01303869, ..., -0.90838821,
         -0.85597093, -0.78713001],
        [ 0.02581351,  0.01303869,  0.        , ..., -0.91376283,
         -0.86263948, -0.79510519],
        ...,
        [ 0.90297165,  0.90838821,  0.91376283, ...,  0.        ,
         -0.1117532 , -0.2311612 ],
        [ 0.84929506,  0.85597093,  0.86263948, ...,  0.1117532 ,
          0.        , -0.12098678],
        [ 0.77918509,  0.78713001,  0.79510519, ...,  0.2311612 ,
          0.12098678,  0.        ]]]), 'num': array([9.17314677e-01, 3.98161306e-01, 1.44812659e-04, 4.61510698e-05,
       4.66660050e-05, 4.53786669e-05, 1.14786786e-03, 1.93100710e-07,
       4.69105992e-05, 5.00967609e-05, 5.33462168e-05, 2.97078016e-07,
       5.54642197e-05, 4.47293022e-05])}
{'img': array([[[ 0.        ,  0.0672524 ,  0.54688261, ..., -0.86251487,
         -0.83321544, -0.85574443],
        [-0.0672524 ,  0.        ,  0.48934013, ..., -0.82653029,
         -0.79414192, -0.81901072],
        [-0.54688261, -0.48934013,  0.        , ..., -0.44536553,
         -0.3951778 , -0.43348082],
        ...,
        [ 0.86251487,  0.82653029,  0.44536553, ...,  0.        ,
         -0.05529287, -0.0132303 ],
        [ 0.83321544,  0.79414192,  0.3951778 , ...,  0.05529287,
          0.        ,  0.04207797],
        [ 0.85574443,  0.81901072,  0.43348082, ...,  0.0132303 ,
         -0.04207797,  0.        ]],

       [[ 0.        , -0.46262079,  0.12339932, ..., -0.84832252,
         -0.77336027, -0.78550947],
        [ 0.46262079,  0.        ,  0.56848546, ..., -0.50713726,
         -0.39234118, -0.41010563],
        [-0.12339932, -0.56848546,  0.        , ..., -0.90717632,
         -0.84568063, -0.85587152],
        ...,
        [ 0.84832252,  0.50713726,  0.90717632, ...,  0.        ,
          0.12832962,  0.10907266],
        [ 0.77336027,  0.39234118,  0.84568063, ..., -0.12832962,
          0.        , -0.01939318],
        [ 0.78550947,  0.41010563,  0.85587152, ..., -0.10907266,
          0.01939318,  0.        ]],

       [[ 0.        , -0.40810427, -0.50911836, ..., -0.25697553,
         -0.19850684, -0.        ],
        [ 0.40810427,  0.        , -0.11353821, ..., -0.62900131,
         -0.5812067 , -0.40810427],
        [ 0.50911836,  0.11353821,  0.        , ..., -0.71319904,
         -0.6698408 , -0.50911836],
        ...,
        [ 0.25697553,  0.62900131,  0.71319904, ...,  0.        ,
         -0.06002102, -0.25697553],
        [ 0.19850684,  0.5812067 ,  0.6698408 , ...,  0.06002102,
          0.        , -0.19850684],
        [ 0.        ,  0.40810427,  0.50911836, ...,  0.25697553,
          0.19850684,  0.        ]],

       ...,

       [[ 0.        ,  0.04374374,  0.2071546 , ..., -0.87481698,
         -0.87689738, -0.82039955],
        [-0.04374374,  0.        ,  0.16416144, ..., -0.8951714 ,
         -0.89708464, -0.84462652],
        [-0.2071546 , -0.16416144,  0.        , ..., -0.95619742,
         -0.9574505 , -0.92105269],
        ...,
        [ 0.87481698,  0.8951714 ,  0.95619742, ...,  0.        ,
         -0.0043111 ,  0.1027667 ],
        [ 0.87689738,  0.89708464,  0.9574505 , ...,  0.0043111 ,
          0.        ,  0.10705403],
        [ 0.82039955,  0.84462652,  0.92105269, ..., -0.1027667 ,
         -0.10705403,  0.        ]],

       [[ 0.        , -0.00746647,  0.00342746, ..., -0.99952627,
         -0.99997188, -0.99994586],
        [ 0.00746647,  0.        ,  0.01089379, ..., -0.9997282 ,
         -1.        , -0.99999568],
        [-0.00342746, -0.01089379,  0.        , ..., -0.99941491,
         -0.9999403 , -0.99990432],
        ...,
        [ 0.99952627,  0.9997282 ,  0.99941491, ...,  0.        ,
          0.02328045,  0.02037502],
        [ 0.99997188,  1.        ,  0.9999403 , ..., -0.02328045,
          0.        , -0.00290612],
        [ 0.99994586,  0.99999568,  0.99990432, ..., -0.02037502,
          0.00290612,  0.        ]],

       [[ 0.        , -0.01303869,  0.04066973, ..., -0.85597093,
         -0.78713001, -0.70739598],
        [ 0.01303869,  0.        ,  0.05369418, ..., -0.86263948,
         -0.79510519, -0.71655182],
        [-0.04066973, -0.05369418,  0.        , ..., -0.83423551,
         -0.7613942 , -0.67806464],
        ...,
        [ 0.85597093,  0.86263948,  0.83423551, ...,  0.        ,
         -0.12098678, -0.23927454],
        [ 0.78713001,  0.79510519,  0.7613942 , ...,  0.12098678,
          0.        , -0.1200445 ],
        [ 0.70739598,  0.71655182,  0.67806464, ...,  0.23927454,
          0.1200445 ,  0.        ]]]), 'num': array([ 9.71447947e-01,  2.37248574e-01,  2.14052295e-04,  4.83598586e-05,
        5.07567029e-05,  4.82188677e-05,  1.39029659e-03, -2.18535804e-06,
        5.03901267e-05,  5.44295143e-05,  5.80377049e-05,  2.81981683e-07,
        6.08530205e-05,  4.80060081e-05])}
{'img': array([[[ 0.        ,  0.48031699,  0.28519881, ..., -0.87619301,
         -0.89047585, -0.48031699],
        [-0.48031699,  0.        , -0.21022221, ..., -0.53701072,
         -0.56247302, -0.        ],
        [-0.28519881,  0.21022221,  0.        , ..., -0.70234877,
         -0.7237188 , -0.21022221],
        ...,
        [ 0.87619301,  0.53701072,  0.70234877, ...,  0.        ,
          0.03047955, -0.53701072],
        [ 0.89047585,  0.56247302,  0.7237188 , ..., -0.03047955,
          0.        , -0.56247302],
        [ 0.48031699,  0.        ,  0.21022221, ...,  0.53701072,
          0.56247302,  0.        ]],

       [[ 0.        ,  0.56848546, -0.13622138, ..., -0.39234118,
         -0.41010563, -0.33204319],
        [-0.56848546,  0.        , -0.67525469, ..., -0.84568063,
         -0.85587152, -0.80940168],
        [ 0.13622138,  0.67525469,  0.        , ..., -0.26338483,
         -0.28204372, -0.20045528],
        ...,
        [ 0.39234118,  0.84568063,  0.26338483, ...,  0.        ,
         -0.01939318,  0.0646615 ],
        [ 0.41010563,  0.85587152,  0.28204372, ...,  0.01939318,
          0.        ,  0.08400193],
        [ 0.33204319,  0.80940168,  0.20045528, ..., -0.0646615 ,
         -0.08400193,  0.        ]],

       [[ 0.        , -0.31898075, -0.32627866, ..., -0.44998756,
         -0.40810427, -0.        ],
        [ 0.31898075,  0.        , -0.00771016, ..., -0.71134166,
         -0.67799418, -0.31898075],
        [ 0.32627866,  0.00771016,  0.        , ..., -0.71673957,
         -0.68364152, -0.32627866],
        ...,
        [ 0.44998756,  0.71134166,  0.71673957, ...,  0.        ,
         -0.04635821, -0.44998756],
        [ 0.40810427,  0.67799418,  0.68364152, ...,  0.04635821,
          0.        , -0.40810427],
        [ 0.        ,  0.31898075,  0.32627866, ...,  0.44998756,
          0.40810427,  0.        ]],

       ...,

       [[ 0.        ,  0.16416144, -0.0030416 , ..., -0.89708464,
         -0.84462652, -0.90265274],
        [-0.16416144,  0.        , -0.16716102, ..., -0.9574505 ,
         -0.92105269, -0.96105699],
        [ 0.0030416 ,  0.16716102,  0.        , ..., -0.89573653,
         -0.84299427, -0.90133955],
        ...,
        [ 0.89708464,  0.9574505 ,  0.89573653, ...,  0.        ,
          0.10705403, -0.01276701],
        [ 0.84462652,  0.92105269,  0.84299427, ..., -0.10705403,
          0.        , -0.11973894],
        [ 0.90265274,  0.96105699,  0.90133955, ...,  0.01276701,
          0.11973894,  0.        ]],

       [[ 0.        ,  0.01089379,  0.0144446 , ..., -1.        ,
         -0.99999568, -0.9999212 ],
        [-0.01089379,  0.        ,  0.0035511 , ..., -0.9999403 ,
         -0.99990432, -0.99999862],
        [-0.0144446 , -0.0035511 ,  0.        , ..., -0.99989519,
         -0.9998489 , -0.99999821],
        ...,
        [ 1.        ,  0.9999403 ,  0.99989519, ...,  0.        ,
         -0.00290612,  0.01258687],
        [ 0.99999568,  0.99990432,  0.9998489 , ...,  0.00290612,
          0.        ,  0.01549271],
        [ 0.9999212 ,  0.99999862,  0.99999821, ..., -0.01258687,
         -0.01549271,  0.        ]],

       [[ 0.        ,  0.05369418,  0.14415615, ..., -0.79510519,
         -0.71655182, -0.39519599],
        [-0.05369418,  0.        ,  0.09081485, ..., -0.7613942 ,
         -0.67806464, -0.34530259],
        [-0.14415615, -0.09081485,  0.        , ..., -0.69937368,
         -0.60851361, -0.25864677],
        ...,
        [ 0.79510519,  0.7613942 ,  0.69937368, ...,  0.        ,
         -0.1200445 , -0.49070598],
        [ 0.71655182,  0.67806464,  0.60851361, ...,  0.1200445 ,
          0.        , -0.38255965],
        [ 0.39519599,  0.34530259,  0.25864677, ...,  0.49070598,
          0.38255965,  0.        ]]]), 'num': array([9.90646532e-01, 1.36449478e-01, 2.46166290e-04, 4.93955373e-05,
       5.00361134e-05, 4.83279104e-05, 9.51298261e-04, 5.69401006e-07,
       5.02354038e-05, 5.45664102e-05, 5.82082041e-05, 2.84700503e-07,
       6.13980767e-05, 4.77347437e-05])}
{'img': array([[[ 0.        , -0.21022221, -0.21022221, ..., -0.56247302,
         -0.        , -0.29561467],
        [ 0.21022221,  0.        ,  0.        , ..., -0.7237188 ,
         -0.21022221, -0.48983556],
        [ 0.21022221,  0.        ,  0.        , ..., -0.7237188 ,
         -0.21022221, -0.48983556],
        ...,
        [ 0.56247302,  0.7237188 ,  0.7237188 , ...,  0.        ,
         -0.56247302, -0.29291572],
        [ 0.        ,  0.21022221,  0.21022221, ...,  0.56247302,
          0.        ,  0.29561467],
        [ 0.29561467,  0.48983556,  0.48983556, ...,  0.29291572,
         -0.29561467,  0.        ]],

       [[ 0.        , -0.67525469, -0.2729487 , ..., -0.85587152,
         -0.80940168, -0.94715923],
        [ 0.67525469,  0.        ,  0.44829155, ..., -0.28204372,
         -0.20045528, -0.48201286],
        [ 0.2729487 , -0.44829155,  0.        , ..., -0.68220694,
         -0.61837696, -0.82364221],
        ...,
        [ 0.85587152,  0.28204372,  0.68220694, ...,  0.        ,
          0.08400193, -0.2153273 ],
        [ 0.80940168,  0.20045528,  0.61837696, ..., -0.08400193,
          0.        , -0.29659765],
        [ 0.94715923,  0.48201286,  0.82364221, ...,  0.2153273 ,
          0.29659765,  0.        ]],

       [[ 0.        , -0.01039554,  0.23057006, ..., -0.69602316,
         -0.53643857, -0.23057006],
        [ 0.01039554,  0.        ,  0.24067305, ..., -0.70344975,
         -0.54518279, -0.24067305],
        [-0.23057006, -0.24067305,  0.        , ..., -0.51171555,
         -0.32739747, -0.        ],
        ...,
        [ 0.69602316,  0.70344975,  0.51171555, ...,  0.        ,
         -0.20222808, -0.51171555],
        [ 0.53643857,  0.54518279,  0.32739747, ...,  0.20222808,
          0.        , -0.32739747],
        [ 0.23057006,  0.24067305,  0.        , ...,  0.51171555,
          0.32739747,  0.        ]],

       ...,

       [[ 0.        , -0.16716102, -0.1951103 , ..., -0.92105269,
         -0.96105699, -0.96105699],
        [ 0.16716102,  0.        , -0.02841661, ..., -0.84299427,
         -0.90133955, -0.90133955],
        [ 0.1951103 ,  0.02841661,  0.        , ..., -0.82736791,
         -0.88866795, -0.88866795],
        ...,
        [ 0.92105269,  0.84299427,  0.82736791, ...,  0.        ,
         -0.11973894, -0.11973894],
        [ 0.96105699,  0.90133955,  0.88866795, ...,  0.11973894,
          0.        ,  0.        ],
        [ 0.96105699,  0.90133955,  0.88866795, ...,  0.11973894,
          0.        ,  0.        ]],

       [[ 0.        ,  0.0035511 ,  0.00751171, ..., -0.99990432,
         -0.99999862, -0.99999105],
        [-0.0035511 ,  0.        ,  0.00396066, ..., -0.9998489 ,
         -0.99999821, -0.99996972],
        [-0.00751171, -0.00396066,  0.        , ..., -0.9997722 ,
         -0.99998288, -0.99993106],
        ...,
        [ 0.99990432,  0.9998489 ,  0.9997722 , ...,  0.        ,
          0.01549271,  0.0096023 ],
        [ 0.99999862,  0.99999821,  0.99998288, ..., -0.01549271,
          0.        , -0.00589085],
        [ 0.99999105,  0.99996972,  0.99993106, ..., -0.0096023 ,
          0.00589085,  0.        ]],

       [[ 0.        ,  0.08929628,  0.21085075, ..., -0.76425581,
         -0.62120558, -0.29946511],
        [-0.08929628,  0.        ,  0.12271967, ..., -0.70361433,
         -0.5487471 , -0.21307055],
        [-0.21085075, -0.12271967,  0.        , ..., -0.61109358,
         -0.44200711, -0.09155838],
        ...,
        [ 0.76425581,  0.70361433,  0.61109358, ...,  0.        ,
         -0.19828357, -0.536053  ],
        [ 0.62120558,  0.5487471 ,  0.44200711, ...,  0.19828357,
          0.        , -0.35802162],
        [ 0.29946511,  0.21307055,  0.09155838, ...,  0.536053  ,
          0.35802162,  0.        ]]]), 'num': array([ 8.34505434e-01,  5.50998594e-01,  8.28967370e-05,  4.12493585e-05,
        4.22142557e-05,  4.04050733e-05,  1.09861997e-03, -6.03060796e-07,
        4.21539496e-05,  4.58627735e-05,  4.89574805e-05,  2.31310990e-07,
        5.19241196e-05,  3.98014275e-05])}
{'img': array([[[ 0.        ,  0.        , -0.58782411, ..., -0.14948466,
         -0.33045935, -0.        ],
        [ 0.        ,  0.        , -0.58782411, ..., -0.14948466,
         -0.33045935, -0.        ],
        [ 0.58782411,  0.58782411,  0.        , ..., -0.70215075,
         -0.82213818, -0.58782411],
        ...,
        [ 0.14948466,  0.14948466,  0.70215075, ...,  0.        ,
          0.18565968, -0.14948466],
        [ 0.33045935,  0.33045935,  0.82213818, ..., -0.18565968,
          0.        , -0.33045935],
        [ 0.        ,  0.        ,  0.58782411, ...,  0.14948466,
          0.33045935,  0.        ]],

       [[ 0.        ,  0.44829155,  0.58577477, ..., -0.20045528,
         -0.48201286, -0.26532176],
        [-0.44829155,  0.        ,  0.16028809, ..., -0.61837696,
         -0.82364221, -0.66939253],
        [-0.58577477, -0.16028809,  0.        , ..., -0.73634898,
         -0.90389369, -0.77981692],
        ...,
        [ 0.20045528,  0.61837696,  0.73634898, ...,  0.        ,
         -0.29659765, -0.06666554],
        [ 0.48201286,  0.82364221,  0.90389369, ...,  0.29659765,
          0.        ,  0.23227208],
        [ 0.26532176,  0.66939253,  0.77981692, ...,  0.06666554,
         -0.23227208,  0.        ]],

       [[ 0.        ,  0.23824226,  0.08539234, ..., -0.62837088,
         -0.50308451, -0.23824226],
        [-0.23824226,  0.        , -0.15443853, ..., -0.42494546,
         -0.28270074, -0.        ],
        [-0.08539234,  0.15443853,  0.        , ..., -0.55964781,
         -0.42744771, -0.15443853],
        ...,
        [ 0.62837088,  0.42494546,  0.55964781, ...,  0.        ,
         -0.15170508, -0.42494546],
        [ 0.50308451,  0.28270074,  0.42744771, ...,  0.15170508,
          0.        , -0.28270074],
        [ 0.23824226,  0.        ,  0.15443853, ...,  0.42494546,
          0.28270074,  0.        ]],

       ...,

       [[ 0.        , -0.02841661, -0.26321697, ..., -0.90133955,
         -0.90133955, -0.91567675],
        [ 0.02841661,  0.        , -0.23569612, ..., -0.88866795,
         -0.88866795, -0.90388589],
        [ 0.26321697,  0.23569612,  0.        , ..., -0.75555257,
         -0.75555257, -0.77759594],
        ...,
        [ 0.90133955,  0.88866795,  0.75555257, ...,  0.        ,
          0.        , -0.0343293 ],
        [ 0.90133955,  0.88866795,  0.75555257, ...,  0.        ,
          0.        , -0.0343293 ],
        [ 0.91567675,  0.90388589,  0.77759594, ...,  0.0343293 ,
          0.0343293 ,  0.        ]],

       [[ 0.        ,  0.00396066,  0.00186857, ..., -0.99999821,
         -0.99996972, -0.99970353],
        [-0.00396066,  0.        , -0.0020921 , ..., -0.99998288,
         -0.99993106, -0.99959926],
        [-0.00186857,  0.0020921 ,  0.        , ..., -0.99999293,
         -0.99995343, -0.99965629],
        ...,
        [ 0.99999821,  0.99998288,  0.99999293, ...,  0.        ,
         -0.00589085, -0.02245795],
        [ 0.99996972,  0.99993106,  0.99995343, ...,  0.00589085,
          0.        , -0.0165682 ],
