state_0,state_1,state_2,state_3,state_4,state_5,state_6,state_7,state_8,state_9,state_10,state_11,state_12,state_13,state_14,state_15,state_16,state_17,state_18,state_19,state_20,state_21,state_22,state_23,state_24,state_25,state_26,state_27,state_28,state_29,state_30,state_31,state_32,state_33,state_34,state_35,state_36,state_37,state_38,state_39,state_40,state_41,state_42,state_43,state_44,state_45,state_46,state_47,state_48,state_49,state_50,state_51,state_52,state_53,state_54,state_55,state_56,state_57,state_58,state_59,state_60,state_61,state_62,state_63,state_64,state_65,state_66,state_67,state_68,state_69,state_70,state_71,state_72,state_73,state_74,state_75,state_76,state_77,state_78,state_79,state_80,state_81,state_82,state_83,state_84,state_85,state_86,state_87,state_88,state_89,state_90,state_91,state_92,state_93,state_94,state_95,state_96,state_97,state_98,state_99,state_100,state_101,state_102,state_103,state_104,state_105,state_106,state_107,state_108,state_109,state_110,state_111,state_112,state_113,state_114,state_115,state_116,state_117,state_118,state_119,state_120,state_121,state_122,state_123,state_124,state_125,state_126,state_127,state_128,state_129,state_130,state_131,state_132,state_133,state_134,state_135,state_136,state_137,state_138,state_139,state_140,state_141,state_142,state_143,state_144,state_145,state_146,state_147,state_148,state_149,state_150,state_151,state_152,state_153,state_154,state_155,state_156,state_157,state_158,state_159,state_160,state_161,state_162,state_163,state_164,state_165,state_166,state_167,state_168,state_169,state_170,state_171,state_172,state_173,state_174,state_175,state_176,state_177,state_178,state_179,state_180,state_181,state_182,state_183,state_184,state_185,state_186,state_187,state_188,state_189,state_190,state_191,state_192,state_193,state_194,state_195,state_196,state_197,state_198,state_199,state_200,state_201,state_202,state_203,state_204,state_205,state_206,state_207,state_208,state_209,state_210,state_211,state_212,state_213,state_214,state_215,state_216,state_217,state_218,state_219,state_220,state_221,state_222,state_223,state_224,state_225,state_226,state_227,state_228,state_229,state_230,state_231,state_232,state_233,state_234,state_235,state_236,state_237,state_238,state_239,state_240,state_241,state_242,state_243,state_244,state_245,state_246,state_247,state_248,state_249,state_250,state_251,state_252,state_253,state_254,state_255,state_256,state_257,state_258,state_259,state_260,state_261,state_262,state_263,state_264,state_265,state_266,state_267,state_268,state_269,state_270,state_271,state_272,state_273,state_274,state_275,state_276,state_277,state_278,state_279,state_280,state_281,state_282,state_283,state_284,state_285,state_286,state_287
{'img': array([[[ 0.        ,  0.14929554,  0.69489562, ..., -0.99886557,
         -0.82431675, -0.91365228],
        [-0.14929554,  0.        ,  0.57974765, ..., -0.99478021,
         -0.89959883, -0.96410077],
        [-0.69489562, -0.57974765,  0.        , ..., -0.7513851 ,
         -0.9861754 , -0.93948978],
        ...,
        [ 0.99886557,  0.99478021,  0.7513851 , ...,  0.        ,
          0.52623346,  0.36252823],
        [ 0.82431675,  0.89959883,  0.9861754 , ..., -0.52623346,
          0.        , -0.18216296],
        [ 0.91365228,  0.96410077,  0.93948978, ..., -0.36252823,
          0.18216296,  0.        ]],

       [[ 0.        ,  0.10718679,  0.7892739 , ...,  0.30162916,
          0.15294455, -0.24113668],
        [-0.10718679,  0.        ,  0.85054393, ...,  0.19769685,
          0.04613771, -0.3437713 ],
        [-0.7892739 , -0.85054393,  0.        , ..., -0.93772648,
         -0.87390218, -0.61791547],
        ...,
        [-0.30162916, -0.19769685,  0.93772648, ...,  0.        ,
         -0.15225922, -0.52263425],
        [-0.15294455, -0.04613771,  0.87390218, ...,  0.15225922,
          0.        , -0.38673098],
        [ 0.24113668,  0.3437713 ,  0.61791547, ...,  0.52263425,
          0.38673098,  0.        ]],

       [[ 0.        , -0.05150521,  0.07290581, ..., -0.93142923,
         -0.98416381, -0.99909969],
        [ 0.05150521,  0.        ,  0.12417719, ..., -0.91144906,
         -0.97372767, -0.99995868],
        [-0.07290581, -0.12417719,  0.        , ..., -0.9554826 ,
         -0.99446817, -0.99334794],
        ...,
        [ 0.93142923,  0.91144906,  0.9554826 , ...,  0.        ,
         -0.19305294, -0.40311004],
        [ 0.98416381,  0.97372767,  0.99446817, ...,  0.19305294,
          0.        , -0.21885418],
        [ 0.99909969,  0.99995868,  0.99334794, ...,  0.40311004,
          0.21885418,  0.        ]],

       ...,

       [[ 0.        ,  0.16585324,  0.42933701, ..., -0.80067099,
         -0.70415805, -0.94636793],
        [-0.16585324,  0.        ,  0.27360147, ..., -0.88894545,
         -0.81216875, -0.98684683],
        [-0.42933701, -0.27360147,  0.        , ..., -0.98033914,
         -0.94080422, -0.99342175],
        ...,
        [ 0.80067099,  0.88894545,  0.98033914, ...,  0.        ,
          0.14664694, -0.30828357],
        [ 0.70415805,  0.81216875,  0.94080422, ..., -0.14664694,
          0.        , -0.44445511],
        [ 0.94636793,  0.98684683,  0.99342175, ...,  0.30828357,
          0.44445511,  0.        ]],

       [[ 0.        ,  0.03751902,  0.27493869, ..., -0.38400884,
         -0.41680755, -0.40704937],
        [-0.03751902,  0.        ,  0.238672  , ..., -0.41838089,
         -0.45061867, -0.44103288],
        [-0.27493869, -0.238672  ,  0.        , ..., -0.6230688 ,
         -0.65066234, -0.64249309],
        ...,
        [ 0.38400884,  0.41838089,  0.6230688 , ...,  0.        ,
         -0.03578864, -0.02508461],
        [ 0.41680755,  0.45061867,  0.65066234, ...,  0.03578864,
          0.        ,  0.01070884],
        [ 0.40704937,  0.44103288,  0.64249309, ...,  0.02508461,
         -0.01070884,  0.        ]],

       [[ 0.        , -0.03488581, -0.37984453, ...,  0.70092521,
          0.66018907,  0.60718487],
        [ 0.03488581,  0.        , -0.34734219, ...,  0.72538033,
          0.68598993,  0.63453417],
        [ 0.37984453,  0.34734219,  0.        , ...,  0.91930943,
          0.89600914,  0.86348607],
        ...,
        [-0.70092521, -0.72538033, -0.91930943, ...,  0.        ,
         -0.05559474, -0.12386218],
        [-0.66018907, -0.68598993, -0.89600914, ...,  0.05559474,
          0.        , -0.06850399],
        [-0.60718487, -0.63453417, -0.86348607, ...,  0.12386218,
          0.06850399,  0.        ]]]), 'num': array([ 7.32207176e-01,  6.80996906e-01,  1.54947868e-06,  6.92030681e-04,
        7.03547076e-04,  6.88889845e-04,  1.05726374e-02, -7.32861538e-06,
        6.98521740e-04,  7.25166492e-04,  7.52648799e-04,  4.07660021e-07,
        7.72180153e-04,  6.78152830e-04])}
{'img': array([[[ 0.        ,  0.57482256,  0.40148254, ..., -0.8845071 ,
         -0.94840738, -0.99346996],
        [-0.57482256,  0.        , -0.19793645, ..., -0.99194287,
         -0.95831095, -0.74735092],
        [-0.40148254,  0.19793645,  0.        , ..., -0.99739292,
         -0.99590649, -0.8640793 ],
        ...,
        [ 0.8845071 ,  0.99194287,  0.99739292, ...,  0.        ,
         -0.16202061, -0.56439721],
        [ 0.94840738,  0.95831095,  0.99590649, ...,  0.16202061,
          0.        , -0.42319148],
        [ 0.99346996,  0.74735092,  0.8640793 , ...,  0.56439721,
          0.42319148,  0.        ]],

       [[ 0.        ,  0.85054393,  0.10737654, ...,  0.04613771,
         -0.3437713 ,  0.21039461],
        [-0.85054393,  0.        , -0.9020962 , ..., -0.87390218,
         -0.61791547, -0.94215318],
        [-0.10737654,  0.9020962 ,  0.        , ..., -0.06139124,
         -0.44261607,  0.10420511],
        ...,
        [-0.04613771,  0.87390218,  0.06139124, ...,  0.        ,
         -0.38673098,  0.16506557],
        [ 0.3437713 ,  0.61791547,  0.44261607, ...,  0.38673098,
          0.        ,  0.53364828],
        [-0.21039461,  0.94215318, -0.10420511, ..., -0.16506557,
         -0.53364828,  0.        ]],

       [[ 0.        ,  0.12347149,  0.28000127, ..., -0.96304856,
         -0.98748118, -0.99999546],
        [-0.12347149,  0.        ,  0.15932615, ..., -0.98893374,
         -0.9994011 , -0.99271552],
        [-0.28000127, -0.15932615,  0.        , ..., -0.99993839,
         -0.99214809, -0.96083865],
        ...,
        [ 0.96304856,  0.98893374,  0.99993839, ...,  0.        ,
         -0.11404785, -0.26642584],
        [ 0.98748118,  0.9994011 ,  0.99214809, ...,  0.11404785,
          0.        , -0.15476184],
        [ 0.99999546,  0.99271552,  0.96083865, ...,  0.26642584,
          0.15476184,  0.        ]],

       ...,

       [[ 0.        ,  0.27360147, -0.10301174, ..., -0.81216875,
         -0.98684683, -0.89648534],
        [-0.27360147,  0.        , -0.37122708, ..., -0.94080422,
         -0.99342175, -0.74105275],
        [ 0.10301174,  0.37122708,  0.        , ..., -0.74774875,
         -0.96494427, -0.93735792],
        ...,
        [ 0.81216875,  0.94080422,  0.74774875, ...,  0.        ,
         -0.44445511, -0.88288017],
        [ 0.98684683,  0.99342175,  0.96494427, ...,  0.44445511,
          0.        , -0.58216967],
        [ 0.89648534,  0.74105275,  0.93735792, ...,  0.88288017,
          0.58216967,  0.        ]],

       [[ 0.        ,  0.238672  ,  0.41157568, ..., -0.45061867,
         -0.44103288, -0.42907595],
        [-0.238672  ,  0.        ,  0.18216141, ..., -0.65066234,
         -0.64249309, -0.63226063],
        [-0.41157568, -0.18216141,  0.        , ..., -0.77810327,
         -0.77133204, -0.76281265],
        ...,
        [ 0.45061867,  0.65066234,  0.77810327, ...,  0.        ,
          0.01070884,  0.02398642],
        [ 0.44103288,  0.64249309,  0.77133204, ..., -0.01070884,
          0.        ,  0.01327929],
        [ 0.42907595,  0.63226063,  0.76281265, ..., -0.02398642,
         -0.01327929,  0.        ]],

       [[ 0.        , -0.34734219, -0.59486725, ...,  0.68598993,
          0.63453417,  0.55844072],
        [ 0.34734219,  0.        , -0.27862792, ...,  0.89600914,
          0.86348607,  0.81180711],
        [ 0.59486725,  0.27862792,  0.        , ...,  0.98424711,
          0.96982358,  0.94235684],
        ...,
        [-0.68598993, -0.89600914, -0.98424711, ...,  0.        ,
         -0.06850399, -0.1627315 ],
        [-0.63453417, -0.86348607, -0.96982358, ...,  0.06850399,
          0.        , -0.09475836],
        [-0.55844072, -0.81180711, -0.94235684, ...,  0.1627315 ,
          0.09475836,  0.        ]]]), 'num': array([9.76983369e-01, 2.13193475e-01, 2.28679609e-05, 6.93094277e-04,
       6.95169410e-04, 6.84793747e-04, 6.93017497e-03, 7.26296398e-06,
       6.91849197e-04, 7.16750788e-04, 7.44592150e-04, 5.01490370e-07,
       7.64228261e-04, 6.69273315e-04])}
{'img': array([[[ 0.        , -0.19793645, -0.27184777, ..., -0.95831095,
         -0.74735092, -0.95831095],
        [ 0.19793645,  0.        , -0.075987  , ..., -0.99590649,
         -0.8640793 , -0.99590649],
        [ 0.27184777,  0.075987  ,  0.        , ..., -0.99989556,
         -0.89982957, -0.99989556],
        ...,
        [ 0.95831095,  0.99590649,  0.99989556, ...,  0.        ,
         -0.42319148,  0.        ],
        [ 0.74735092,  0.8640793 ,  0.89982957, ...,  0.42319148,
          0.        ,  0.42319148],
        [ 0.95831095,  0.99590649,  0.99989556, ...,  0.        ,
         -0.42319148,  0.        ]],

       [[ 0.        , -0.9020962 , -0.97013701, ..., -0.61791547,
         -0.94215318, -0.73406039],
        [ 0.9020962 ,  0.        ,  0.19983779, ..., -0.44261607,
          0.10420511, -0.29582652],
        [ 0.97013701, -0.19983779,  0.        , ..., -0.61288485,
         -0.09664665, -0.48075279],
        ...,
        [ 0.61791547,  0.44261607,  0.61288485, ...,  0.        ,
          0.53364828,  0.15753435],
        [ 0.94215318, -0.10420511,  0.09664665, ..., -0.53364828,
          0.        , -0.39375706],
        [ 0.73406039,  0.29582652,  0.48075279, ..., -0.15753435,
          0.39375706,  0.        ]],

       [[ 0.        ,  0.15893031,  0.29291429, ..., -0.99777762,
         -0.99990503, -0.9923914 ],
        [-0.15893031,  0.        ,  0.13723187, ..., -0.99568552,
         -0.98500572, -0.96020992],
        [-0.29291429, -0.13723187,  0.        , ..., -0.97353127,
         -0.95201105, -0.91279931],
        ...,
        [ 0.99777762,  0.99568552,  0.97353127, ...,  0.        ,
         -0.08037674, -0.18897457],
        [ 0.99990503,  0.98500572,  0.95201105, ...,  0.08037674,
          0.        , -0.10943464],
        [ 0.9923914 ,  0.96020992,  0.91279931, ...,  0.18897457,
          0.10943464,  0.        ]],

       ...,

       [[ 0.        , -0.37122708, -0.45575874, ..., -0.99342175,
         -0.74105275, -0.89102895],
        [ 0.37122708,  0.        , -0.09276071, ..., -0.96494427,
         -0.93735792, -0.99587513],
        [ 0.45575874,  0.09276071,  0.        , ..., -0.93643834,
         -0.96563128, -0.99999793],
        ...,
        [ 0.99342175,  0.96494427,  0.93643834, ...,  0.        ,
         -0.58216967, -0.34892588],
        [ 0.74105275,  0.93735792,  0.96563128, ...,  0.58216967,
          0.        ,  0.26188026],
        [ 0.89102895,  0.99587513,  0.99999793, ...,  0.34892588,
         -0.26188026,  0.        ]],

       [[ 0.        ,  0.18216141,  0.30614548, ..., -0.64249309,
         -0.63226063, -0.6514519 ],
        [-0.18216141,  0.        ,  0.12760837, ..., -0.77133204,
         -0.76281265, -0.77875625],
        [-0.30614548, -0.12760837,  0.        , ..., -0.84624029,
         -0.83909045, -0.85244177],
        ...,
        [ 0.64249309,  0.77133204,  0.84624029, ...,  0.        ,
          0.01327929, -0.01174899],
        [ 0.63226063,  0.76281265,  0.83909045, ..., -0.01327929,
          0.        , -0.02502633],
        [ 0.6514519 ,  0.77875625,  0.85244177, ...,  0.01174899,
          0.02502633,  0.        ]],

       [[ 0.        , -0.27862792,  0.10830877, ...,  0.86348607,
          0.81180711,  0.77390216],
        [ 0.27862792,  0.        ,  0.38100848, ...,  0.96982358,
          0.94235684,  0.91971146],
        [-0.10830877, -0.38100848,  0.        , ...,  0.80377845,
          0.74378722,  0.70075702],
        ...,
        [-0.86348607, -0.96982358, -0.80377845, ...,  0.        ,
         -0.09475836, -0.15651509],
        [-0.81180711, -0.94235684, -0.74378722, ...,  0.09475836,
          0.        , -0.0622203 ],
        [-0.77390216, -0.91971146, -0.70075702, ...,  0.15651509,
          0.0622203 ,  0.        ]]]), 'num': array([9.80456803e-01, 1.96560510e-01, 2.34699489e-05, 6.95560154e-04,
       6.97642669e-04, 6.87230092e-04, 8.02418186e-03, 0.00000000e+00,
       6.95351902e-04, 7.18467824e-04, 7.45210793e-04, 5.07503760e-07,
       7.67151494e-04, 6.69784154e-04])}
{'img': array([[[ 0.        , -0.075987  ,  0.18043821, ..., -0.8640793 ,
         -0.99590649, -0.99590649],
        [ 0.075987  ,  0.        ,  0.25465631, ..., -0.89982957,
         -0.99989556, -0.99989556],
        [-0.18043821, -0.25465631,  0.        , ..., -0.75907197,
         -0.96325027, -0.96325027],
        ...,
        [ 0.8640793 ,  0.89982957,  0.75907197, ...,  0.        ,
          0.42319148,  0.42319148],
        [ 0.99590649,  0.99989556,  0.96325027, ..., -0.42319148,
          0.        ,  0.        ],
        [ 0.99590649,  0.99989556,  0.96325027, ..., -0.42319148,
          0.        ,  0.        ]],

       [[ 0.        ,  0.24291243,  0.32236732, ...,  0.12592156,
         -0.34688494, -0.19747838],
        [-0.24291243,  0.        ,  0.08276738, ..., -0.11882891,
         -0.56432456, -0.42969236],
        [-0.32236732, -0.08276738,  0.        , ..., -0.20060215,
         -0.63071716, -0.50295495],
        ...,
        [-0.12592156,  0.11882891,  0.20060215, ...,  0.        ,
         -0.46222661, -0.31934831],
        [ 0.34688494,  0.56432456,  0.63071716, ...,  0.46222661,
          0.        ,  0.15483733],
        [ 0.19747838,  0.42969236,  0.50295495, ...,  0.31934831,
         -0.15483733,  0.        ]],

       [[ 0.        ,  0.13723187,  0.30813154, ..., -0.98500572,
         -0.96020992, -0.99400713],
        [-0.13723187,  0.        ,  0.17466161, ..., -0.95201105,
         -0.91279931, -0.96960125],
        [-0.30813154, -0.17466161,  0.        , ..., -0.88391967,
         -0.82743496, -0.91195902],
        ...,
        [ 0.98500572,  0.95201105,  0.88391967, ...,  0.        ,
         -0.10943464,  0.06381168],
        [ 0.96020992,  0.91279931,  0.82743496, ...,  0.10943464,
          0.        ,  0.17264003],
        [ 0.99400713,  0.96960125,  0.91195902, ..., -0.06381168,
         -0.17264003,  0.        ]],

       ...,

       [[ 0.        , -0.09276071,  0.12694988, ..., -0.93735792,
         -0.99587513, -0.99670837],
        [ 0.09276071,  0.        ,  0.21841272, ..., -0.96563128,
         -0.99999793, -0.99993115],
        [-0.12694988, -0.21841272,  0.        , ..., -0.88554864,
         -0.97629892, -0.97835225],
        ...,
        [ 0.93735792,  0.96563128,  0.88554864, ...,  0.        ,
          0.26188026,  0.27122907],
        [ 0.99587513,  0.99999793,  0.97629892, ..., -0.26188026,
          0.        ,  0.00969965],
        [ 0.99670837,  0.99993115,  0.97835225, ..., -0.27122907,
         -0.00969965,  0.        ]],

       [[ 0.        ,  0.12760837,  0.29214341, ..., -0.76281265,
         -0.77875625, -0.77562072],
        [-0.12760837,  0.        ,  0.16771363, ..., -0.83909045,
         -0.85244177, -0.84982605],
        [-0.29214341, -0.16771363,  0.        , ..., -0.91844023,
         -0.92805198, -0.9261846 ],
        ...,
        [ 0.76281265,  0.83909045,  0.91844023, ...,  0.        ,
         -0.02502633, -0.02004476],
        [ 0.77875625,  0.85244177,  0.92805198, ...,  0.02502633,
          0.        ,  0.00498283],
        [ 0.77562072,  0.84982605,  0.9261846 , ...,  0.02004476,
         -0.00498283,  0.        ]],

       [[ 0.        ,  0.38100848,  0.47161771, ...,  0.94235684,
          0.91971146,  0.90229071],
        [-0.38100848,  0.        ,  0.10006984, ...,  0.74378722,
          0.70075702,  0.66996883],
        [-0.47161771, -0.10006984,  0.        , ...,  0.67316539,
          0.62584968,  0.5923151 ],
        ...,
        [-0.94235684, -0.74378722, -0.67316539, ...,  0.        ,
         -0.0622203 , -0.10436142],
        [-0.91971146, -0.70075702, -0.62584968, ...,  0.0622203 ,
          0.        , -0.04227868],
        [-0.90229071, -0.66996883, -0.5923151 , ...,  0.10436142,
          0.04227868,  0.        ]]]), 'num': array([ 9.67604147e-01,  2.52287993e-01,  2.15781645e-05,  6.85168730e-04,
        6.89302478e-04,  6.81034982e-04,  9.43563116e-03, -5.16718499e-06,
        6.87855666e-04,  7.11934748e-04,  7.37719001e-04,  5.35172731e-07,
        7.61732688e-04,  6.62136809e-04])}
{'img': array([[[ 0.        ,  0.25465631,  0.17124942, ..., -0.99989556,
         -0.99989556, -0.97607556],
        [-0.25465631,  0.        , -0.08529084, ..., -0.96325027,
         -0.96325027, -0.88852561],
        [-0.17124942,  0.08529084,  0.        , ..., -0.98264987,
         -0.98264987, -0.92442165],
        ...,
        [ 0.99989556,  0.96325027,  0.98264987, ...,  0.        ,
          0.        , -0.20330239],
        [ 0.99989556,  0.96325027,  0.98264987, ...,  0.        ,
          0.        , -0.20330239],
        [ 0.97607556,  0.88852561,  0.92442165, ...,  0.20330239,
          0.20330239,  0.        ]],

       [[ 0.        ,  0.08276738, -0.75460676, ..., -0.56432456,
         -0.42969236, -0.24423888],
        [-0.08276738,  0.        , -0.8063277 , ..., -0.63071716,
         -0.50295495, -0.32366165],
        [ 0.75460676,  0.8063277 ,  0.        , ...,  0.25267093,
          0.39943692,  0.57148956],
        ...,
        [ 0.56432456,  0.63071716, -0.25267093, ...,  0.        ,
          0.15483733,  0.3456019 ],
        [ 0.42969236,  0.50295495, -0.39943692, ..., -0.15483733,
          0.        ,  0.19613749],
        [ 0.24423888,  0.32366165, -0.57148956, ..., -0.3456019 ,
         -0.19613749,  0.        ]],

       [[ 0.        ,  0.1736222 ,  0.30241364, ..., -0.97199048,
         -0.98559872, -0.91041759],
        [-0.1736222 ,  0.        ,  0.13232803, ..., -0.91642349,
         -0.94127008, -0.82476462],
        [-0.30241364, -0.13232803,  0.        , ..., -0.85540545,
         -0.88831136, -0.74268327],
        ...,
        [ 0.97199048,  0.91642349,  0.85540545, ...,  0.        ,
          0.06727101, -0.18813667],
        [ 0.98559872,  0.94127008,  0.88831136, ..., -0.06727101,
          0.        , -0.25378023],
        [ 0.91041759,  0.82476462,  0.74268327, ...,  0.18813667,
          0.25378023,  0.        ]],

       ...,

       [[ 0.        ,  0.21841272,  0.4441882 , ..., -0.99999793,
         -0.99993115, -0.99666613],
        [-0.21841272,  0.        ,  0.23778066, ..., -0.97629892,
         -0.97835225, -0.990423  ],
        [-0.4441882 , -0.23778066,  0.        , ..., -0.89683554,
         -0.90108413, -0.92918707],
        ...,
        [ 0.99999793,  0.97629892,  0.89683554, ...,  0.        ,
          0.00969965,  0.07955984],
        [ 0.99993115,  0.97835225,  0.90108413, ..., -0.00969965,
          0.        ,  0.0698872 ],
        [ 0.99666613,  0.990423  ,  0.92918707, ..., -0.07955984,
         -0.0698872 ,  0.        ]],

       [[ 0.        ,  0.16771363,  0.28878345, ..., -0.85244177,
         -0.84982605, -0.84538616],
        [-0.16771363,  0.        ,  0.12412495, ..., -0.92805198,
         -0.9261846 , -0.92299709],
        [-0.28878345, -0.12412495,  0.        , ..., -0.9671054 ,
         -0.96582588, -0.96362332],
        ...,
        [ 0.85244177,  0.92805198,  0.9671054 , ...,  0.        ,
          0.00498283,  0.01334993],
        [ 0.84982605,  0.9261846 ,  0.96582588, ..., -0.00498283,
          0.        ,  0.00836738],
        [ 0.84538616,  0.92299709,  0.96362332, ..., -0.01334993,
         -0.00836738,  0.        ]],

       [[ 0.        ,  0.29481166,  0.53056061, ...,  0.89444696,
          0.87328071,  0.83930187],
        [-0.29481166,  0.        ,  0.25708384, ...,  0.72286149,
          0.69083072,  0.64172043],
        [-0.53056061, -0.25708384,  0.        , ...,  0.52092234,
          0.48173541,  0.42298411],
        ...,
        [-0.89444696, -0.72286149, -0.52092234, ...,  0.        ,
         -0.04528165, -0.11096611],
        [-0.87328071, -0.69083072, -0.48173541, ...,  0.04528165,
          0.        , -0.06585028],
        [-0.83930187, -0.64172043, -0.42298411, ...,  0.11096611,
          0.06585028,  0.        ]]]), 'num': array([7.36150750e-01, 6.76700519e-01, 1.74340853e-06, 5.35587666e-04,
       5.38728943e-04, 5.20666602e-04, 1.24964854e-02, 1.49210640e-05,
       5.24907326e-04, 5.40888571e-04, 5.59474457e-04, 6.55570776e-07,
       5.78782560e-04, 5.02994582e-04])}
{'img': array([[[ 0.        , -0.08529084, -0.03484556, ..., -0.96325027,
         -0.88852561, -0.99815297],
        [ 0.08529084,  0.        ,  0.05052046, ..., -0.98264987,
         -0.92442165, -0.98933431],
        [ 0.03484556, -0.05052046,  0.        , ..., -0.97202501,
         -0.9039741 , -0.99542991],
        ...,
        [ 0.96325027,  0.98264987,  0.97202501, ...,  0.        ,
         -0.20330239,  0.32662754],
        [ 0.88852561,  0.92442165,  0.9039741 , ...,  0.20330239,
          0.        ,  0.51195815],
        [ 0.99815297,  0.98933431,  0.99542991, ..., -0.32662754,
         -0.51195815,  0.        ]],

       [[ 0.        , -0.8063277 , -0.50189909, ..., -0.50295495,
         -0.32366165,  0.55670813],
        [ 0.8063277 ,  0.        ,  0.40055616, ...,  0.39943692,
          0.57148956,  0.99909864],
        [ 0.50189909, -0.40055616,  0.        , ..., -0.00122119,
          0.19493988,  0.89844311],
        ...,
        [ 0.50295495, -0.39943692,  0.00122119, ...,  0.        ,
          0.19613749,  0.89897865],
        [ 0.32366165, -0.57148956, -0.19493988, ..., -0.19613749,
          0.        ,  0.79561051],
        [-0.55670813, -0.99909864, -0.89844311, ..., -0.89897865,
         -0.79561051,  0.        ]],

       [[ 0.        ,  0.13232803,  0.12046614, ..., -0.94127008,
         -0.82476462, -0.95192899],
        [-0.13232803,  0.        , -0.01195758, ..., -0.88831136,
         -0.74268327, -0.90302314],
        [-0.12046614,  0.01195758,  0.        , ..., -0.89373927,
         -0.75063748, -0.90809546],
        ...,
        [ 0.94127008,  0.88831136,  0.89373927, ...,  0.        ,
         -0.25378023,  0.03309451],
        [ 0.82476462,  0.74268327,  0.75063748, ...,  0.25378023,
          0.        ,  0.28565228],
        [ 0.95192899,  0.90302314,  0.90809546, ..., -0.03309451,
         -0.28565228,  0.        ]],

       ...,

       [[ 0.        ,  0.23778066,  0.22767695, ..., -0.97835225,
         -0.990423  , -0.90048253],
        [-0.23778066,  0.        , -0.01038884, ..., -0.90108413,
         -0.92918707, -0.97806463],
        [-0.22767695,  0.01038884,  0.        , ..., -0.90554056,
         -0.93297675, -0.97584784],
        ...,
        [ 0.97835225,  0.90108413,  0.90554056, ...,  0.        ,
          0.0698872 ,  0.61182948],
        [ 0.990423  ,  0.92918707,  0.93297675, ..., -0.0698872 ,
          0.        ,  0.55505344],
        [ 0.90048253,  0.97806463,  0.97584784, ..., -0.61182948,
         -0.55505344,  0.        ]],

       [[ 0.        ,  0.12412495,  0.2252782 , ..., -0.9261846 ,
         -0.92299709, -0.92380413],
        [-0.12412495,  0.        ,  0.10260178, ..., -0.96582588,
         -0.96362332, -0.96418313],
        [-0.2252782 , -0.10260178,  0.        , ..., -0.98732228,
         -0.98595958, -0.9863085 ],
        ...,
        [ 0.9261846 ,  0.96582588,  0.98732228, ...,  0.        ,
          0.00836738,  0.00626486],
        [ 0.92299709,  0.96362332,  0.98595958, ..., -0.00836738,
          0.        , -0.00210258],
        [ 0.92380413,  0.96418313,  0.9863085 , ..., -0.00626486,
          0.00210258,  0.        ]],

       [[ 0.        ,  0.4566642 ,  0.68748979, ...,  0.85354573,
          0.81550563,  0.81198385],
        [-0.4566642 ,  0.        ,  0.279991  , ...,  0.52141746,
          0.46121172,  0.4558269 ],
        [-0.68748979, -0.279991  ,  0.        , ...,  0.26164532,
          0.19433122,  0.18838387],
        ...,
        [-0.85354573, -0.52141746, -0.26164532, ...,  0.        ,
         -0.0690958 , -0.07513934],
        [-0.81550563, -0.46121172, -0.19433122, ...,  0.0690958 ,
          0.        , -0.00605929],
        [-0.81198385, -0.4558269 , -0.18838387, ...,  0.07513934,
          0.00605929,  0.        ]]]), 'num': array([8.54756423e-01, 5.18951778e-01, 9.81884927e-06, 6.23014183e-04,
       6.29390060e-04, 6.21192505e-04, 8.79568509e-03, 1.82167890e-06,
       6.12994949e-04, 6.26111038e-04, 6.47379139e-04, 7.22106951e-07,
       6.69090307e-04, 5.83131768e-04])}
{'img': array([[[ 0.        ,  0.05052046,  0.4884531 , ..., -0.92442165,
         -0.98933431, -0.98311445],
        [-0.05052046,  0.        ,  0.44374571, ..., -0.9039741 ,
         -0.99542991, -0.99110387],
        [-0.4884531 , -0.44374571,  0.        , ..., -0.62035889,
         -0.93443276, -0.94723886],
        ...,
        [ 0.92442165,  0.9039741 ,  0.62035889, ...,  0.        ,
          0.51195815,  0.54409385],
        [ 0.98933431,  0.99542991,  0.93443276, ..., -0.51195815,
          0.        ,  0.03783692],
        [ 0.98311445,  0.99110387,  0.94723886, ..., -0.54409385,
         -0.03783692,  0.        ]],

       [[ 0.        ,  0.40055616,  0.6328615 , ...,  0.57148956,
          0.99909864,  0.62733943],
        [-0.40055616,  0.        ,  0.89001003, ...,  0.19493988,
          0.89844311,  0.26288221],
        [-0.6328615 , -0.89001003,  0.        , ..., -0.96181643,
         -0.80043146, -0.9785653 ],
        ...,
        [-0.57148956, -0.19493988,  0.96181643, ...,  0.        ,
          0.79561051,  0.06975542],
        [-0.99909864, -0.89844311,  0.80043146, ..., -0.79561051,
          0.        , -0.75141408],
        [-0.62733943, -0.26288221,  0.9785653 , ..., -0.06975542,
          0.75141408,  0.        ]],

       [[ 0.        , -0.01195758,  0.11408534, ..., -0.74268327,
         -0.90302314, -0.96638596],
        [ 0.01195758,  0.        ,  0.12595669, ..., -0.75063748,
         -0.90809546, -0.96939111],
        [-0.11408534, -0.12595669,  0.        , ..., -0.66143783,
         -0.84811712, -0.93074554],
        ...,
        [ 0.74268327,  0.75063748,  0.66143783, ...,  0.        ,
          0.28565228,  0.45619282],
        [ 0.90302314,  0.90809546,  0.84811712, ..., -0.28565228,
          0.        ,  0.18298827],
        [ 0.96638596,  0.96939111,  0.93074554, ..., -0.45619282,
         -0.18298827,  0.        ]],

       ...,

       [[ 0.        , -0.01038884,  0.34089412, ..., -0.92918707,
         -0.97806463, -0.99035696],
        [ 0.01038884,  0.        ,  0.35064229, ..., -0.93297675,
         -0.97584784, -0.98886426],
        [-0.34089412, -0.35064229,  0.        , ..., -0.74753255,
         -0.99048903, -0.97826343],
        ...,
        [ 0.92918707,  0.93297675,  0.74753255, ...,  0.        ,
          0.55505344,  0.49477436],
        [ 0.97806463,  0.97584784,  0.99048903, ..., -0.55505344,
          0.        , -0.07079278],
        [ 0.99035696,  0.98886426,  0.97826343, ..., -0.49477436,
          0.07079278,  0.        ]],

       [[ 0.        ,  0.10260178,  0.27386696, ..., -0.96362332,
         -0.96418313, -0.97899194],
        [-0.10260178,  0.        ,  0.17374257, ..., -0.98595958,
         -0.9863085 , -0.99474571],
        [-0.27386696, -0.17374257,  0.        , ..., -0.99997648,
         -0.99995985, -0.9974039 ],
        ...,
        [ 0.96362332,  0.98595958,  0.99997648, ...,  0.        ,
         -0.00210258, -0.0651676 ],
        [ 0.96418313,  0.9863085 ,  0.99995985, ...,  0.00210258,
          0.        , -0.06306935],
        [ 0.97899194,  0.99474571,  0.9974039 , ...,  0.0651676 ,
          0.06306935,  0.        ]],

       [[ 0.        ,  0.56218839,  0.71491884, ...,  0.74149984,
          0.73674401,  0.73040698],
        [-0.56218839,  0.        ,  0.19815814, ...,  0.23602518,
          0.22915815,  0.22007177],
        [-0.71491884, -0.19815814,  0.        , ...,  0.03878525,
          0.03172896,  0.02240773],
        ...,
        [-0.74149984, -0.23602518, -0.03878525, ...,  0.        ,
         -0.00706063, -0.01638464],
        [-0.73674401, -0.22915815, -0.03172896, ...,  0.00706063,
          0.        , -0.00932455],
        [-0.73040698, -0.22007177, -0.02240773, ...,  0.01638464,
          0.00932455,  0.        ]]]), 'num': array([ 7.52412666e-01,  6.58647197e-01,  2.76186948e-06,  5.45148075e-04,
        5.55585372e-04,  5.42739468e-04,  7.52472946e-03, -4.01434517e-06,
        5.42097172e-04,  5.49844859e-04,  5.69301051e-04,  6.60303505e-07,
        5.84393517e-04,  5.15296200e-04])}
{'img': array([[[ 0.        ,  0.44374571,  0.44374571, ..., -0.99542991,
         -0.99110387, -0.99935564],
        [-0.44374571,  0.        ,  0.        , ..., -0.93443276,
         -0.94723886, -0.91150265],
        [-0.44374571,  0.        ,  0.        , ..., -0.93443276,
         -0.94723886, -0.91150265],
        ...,
        [ 0.99542991,  0.93443276,  0.93443276, ...,  0.        ,
          0.03783692, -0.05970458],
        [ 0.99110387,  0.94723886,  0.94723886, ..., -0.03783692,
          0.        , -0.09743125],
        [ 0.99935564,  0.91150265,  0.91150265, ...,  0.05970458,
          0.09743125,  0.        ]],

       [[ 0.        ,  0.89001003,  0.35069047, ...,  0.89844311,
          0.26288221,  0.22645759],
        [-0.89001003,  0.        , -0.99338091, ..., -0.80043146,
         -0.9785653 , -0.97013977],
        [-0.35069047,  0.99338091,  0.        , ...,  0.68739961,
         -0.09216903, -0.1295043 ],
        ...,
        [-0.89844311,  0.80043146, -0.68739961, ...,  0.        ,
         -0.75141408, -0.77566723],
        [-0.26288221,  0.9785653 ,  0.09216903, ...,  0.75141408,
          0.        , -0.03756019],
        [-0.22645759,  0.97013977,  0.1295043 , ...,  0.77566723,
          0.03756019,  0.        ]],

       [[ 0.        ,  0.12595669,  0.29759853, ..., -0.90809546,
         -0.96939111, -0.98372345],
        [-0.12595669,  0.        ,  0.17497865, ..., -0.84811712,
         -0.93074554, -0.95325577],
        [-0.29759853, -0.17497865,  0.        , ..., -0.74232734,
         -0.8524022 , -0.88567682],
        ...,
        [ 0.90809546,  0.84811712,  0.74232734, ...,  0.        ,
          0.18298827,  0.24877233],
        [ 0.96939111,  0.93074554,  0.8524022 , ..., -0.18298827,
          0.        ,  0.06733635],
        [ 0.98372345,  0.95325577,  0.88567682, ..., -0.24877233,
         -0.06733635,  0.        ]],

       ...,

       [[ 0.        ,  0.35064229,  0.07812764, ..., -0.97584784,
         -0.98886426, -0.98017128],
        [-0.35064229,  0.        , -0.27640324, ..., -0.99048903,
         -0.97826343, -0.9874202 ],
        [-0.07812764,  0.27640324,  0.        , ..., -0.98993211,
         -0.99746864, -0.99265641],
        ...,
        [ 0.97584784,  0.99048903,  0.98993211, ...,  0.        ,
         -0.07079278, -0.02075344],
        [ 0.98886426,  0.97826343,  0.99746864, ...,  0.07079278,
          0.        ,  0.05007616],
        [ 0.98017128,  0.9874202 ,  0.99265641, ...,  0.02075344,
         -0.05007616,  0.        ]],

       [[ 0.        ,  0.17374257,  0.36192429, ..., -0.9863085 ,
         -0.99474571, -0.9937639 ],
        [-0.17374257,  0.        ,  0.19445571, ..., -0.99995985,
         -0.9974039 , -0.95927673],
        [-0.36192429, -0.19445571,  0.        , ..., -0.97912937,
         -0.96436198, -0.88603787],
        ...,
        [ 0.9863085 ,  0.99995985,  0.97912937, ...,  0.        ,
         -0.06306935, -0.27386042],
        [ 0.99474571,  0.9974039 ,  0.96436198, ...,  0.06306935,
          0.        , -0.21265703],
        [ 0.9937639 ,  0.95927673,  0.88603787, ...,  0.27386042,
          0.21265703,  0.        ]],

       [[ 0.        ,  0.51012999,  0.65092468, ...,  0.55043124,
          0.5389018 ,  0.60003833],
        [-0.51012999,  0.        ,  0.17259731, ...,  0.04752685,
          0.03379051,  0.10800203],
        [-0.65092468, -0.17259731,  0.        , ..., -0.12558868,
         -0.13921535, -0.06520655],
        ...,
        [-0.55043124, -0.04752685,  0.12558868, ...,  0.        ,
         -0.01374739,  0.06063113],
        [-0.5389018 , -0.03379051,  0.13921535, ...,  0.01374739,
          0.        ,  0.0743475 ],
        [-0.60003833, -0.10800203,  0.06520655, ..., -0.06063113,
         -0.0743475 ,  0.        ]]]), 'num': array([ 8.94099395e-01,  4.47778430e-01,  1.32636245e-05,  6.44972493e-04,
        6.56472745e-04,  6.40180721e-04,  8.79366805e-03, -5.75012623e-06,
        6.48039227e-04,  6.53597682e-04,  6.77812102e-04,  7.73717291e-07,
        6.89959622e-04,  6.17235742e-04])}
{'img': array([[[ 0.        ,  0.        ,  0.42319148, ..., -0.94723886,
         -0.91150265, -0.84813451],
        [ 0.        ,  0.        ,  0.42319148, ..., -0.94723886,
         -0.91150265, -0.84813451],
        [-0.42319148, -0.42319148,  0.        , ..., -0.72259162,
         -0.65180191, -0.54424523],
        ...,
        [ 0.94723886,  0.94723886,  0.72259162, ...,  0.        ,
         -0.09743125, -0.2299778 ],
        [ 0.91150265,  0.91150265,  0.65180191, ...,  0.09743125,
          0.        , -0.13406394],
        [ 0.84813451,  0.84813451,  0.54424523, ...,  0.2299778 ,
          0.13406394,  0.        ]],

       [[ 0.        , -0.99338091, -0.85442493, ..., -0.9785653 ,
         -0.97013977, -0.96346256],
        [ 0.99338091,  0.        ,  0.61428077, ..., -0.09216903,
         -0.1295043 , -0.15540036],
        [ 0.85442493, -0.61428077,  0.        , ..., -0.68439544,
         -0.71129805, -0.72944271],
        ...,
        [ 0.9785653 ,  0.09216903,  0.68439544, ...,  0.        ,
         -0.03756019, -0.06368956],
        [ 0.97013977,  0.1295043 ,  0.71129805, ...,  0.03756019,
          0.        , -0.02616069],
        [ 0.96346256,  0.15540036,  0.72944271, ...,  0.06368956,
          0.02616069,  0.        ]],

       [[ 0.        ,  0.17497865,  0.34344632, ..., -0.93074554,
         -0.95325577, -0.96140528],
        [-0.17497865,  0.        ,  0.17381261, ..., -0.8524022 ,
         -0.88567682, -0.89843   ],
        [-0.34344632, -0.17381261,  0.        , ..., -0.74854327,
         -0.79149412, -0.80843074],
        ...,
        [ 0.93074554,  0.8524022 ,  0.74854327, ...,  0.        ,
          0.06733635,  0.09547299],
        [ 0.95325577,  0.88567682,  0.79149412, ..., -0.06733635,
          0.        ,  0.02822753],
        [ 0.96140528,  0.89843   ,  0.80843074, ..., -0.09547299,
         -0.02822753,  0.        ]],

       ...,

       [[ 0.        , -0.27640324, -0.79424118, ..., -0.97826343,
         -0.9874202 , -0.9830768 ],
        [ 0.27640324,  0.        , -0.5953556 , ..., -0.99746864,
         -0.99265641, -0.99541324],
        [ 0.79424118,  0.5953556 ,  0.        , ..., -0.75909405,
         -0.72554306, -0.74282019],
        ...,
        [ 0.97826343,  0.99746864,  0.75909405, ...,  0.        ,
          0.05007616,  0.02464482],
        [ 0.9874202 ,  0.99265641,  0.72554306, ..., -0.05007616,
          0.        , -0.02544706],
        [ 0.9830768 ,  0.99541324,  0.74282019, ..., -0.02464482,
          0.02544706,  0.        ]],

       [[ 0.        ,  0.19236536,  0.4441558 , ..., -0.99964822,
         -0.97674621, -0.74741191],
        [-0.19236536,  0.        ,  0.26351081, ..., -0.97587617,
         -0.917261  , -0.60565276],
        [-0.4441558 , -0.26351081,  0.        , ..., -0.8838543 ,
         -0.77988889, -0.37456362],
        ...,
        [ 0.99964822,  0.97587617,  0.8838543 , ...,  0.        ,
         -0.18841768, -0.64430404],
        [ 0.97674621,  0.917261  ,  0.77988889, ...,  0.18841768,
          0.        , -0.48866782],
        [ 0.74741191,  0.60565276,  0.37456362, ...,  0.64430404,
          0.48866782,  0.        ]],

       [[ 0.        ,  0.4531153 ,  0.63249228, ...,  0.19432169,
          0.35371909,  0.4899627 ],
        [-0.4531153 ,  0.        ,  0.21286845, ..., -0.27124951,
         -0.10849861,  0.04177791],
        [-0.63249228, -0.21286845,  0.        , ..., -0.46992052,
         -0.31762372, -0.1718622 ],
        ...,
        [-0.19432169,  0.27124951,  0.46992052, ...,  0.        ,
          0.16521733,  0.31122431],
        [-0.35371909,  0.10849861,  0.31762372, ..., -0.16521733,
          0.        ,  0.14993516],
        [-0.4899627 , -0.04177791,  0.1718622 , ..., -0.31122431,
         -0.14993516,  0.        ]]]), 'num': array([9.32182795e-01, 3.61940714e-01, 1.69462728e-05, 6.72455284e-04,
       6.77451238e-04, 6.65460950e-04, 5.51934911e-03, 0.00000000e+00,
       6.77651076e-04, 6.78650266e-04, 7.04529303e-04, 9.66250266e-07,
       7.09971984e-04, 6.47328549e-04])}
{'img': array([[[ 0.        ,  0.42319148, -0.03070836, ..., -0.91150265,
         -0.84813451, -0.84813451],
        [-0.42319148,  0.        , -0.45081492, ..., -0.65180191,
         -0.54424523, -0.54424523],
        [ 0.03070836,  0.45081492,  0.        , ..., -0.92370295,
         -0.86400322, -0.86400322],
        ...,
        [ 0.91150265,  0.65180191,  0.92370295, ...,  0.        ,
         -0.13406394, -0.13406394],
        [ 0.84813451,  0.54424523,  0.86400322, ...,  0.13406394,
          0.        ,  0.        ],
        [ 0.84813451,  0.54424523,  0.86400322, ...,  0.13406394,
          0.        ,  0.        ]],

       [[ 0.        ,  0.84847656, -0.22689386, ..., -0.15920563,
         -0.19042412, -0.74758021],
