state_0,state_1,state_2,state_3,state_4,state_5,state_6,state_7,state_8,state_9,state_10,state_11,state_12,state_13,state_14,state_15,state_16,state_17,state_18,state_19,state_20,state_21,state_22,state_23,state_24,state_25,state_26,state_27,state_28,state_29,state_30,state_31,state_32,state_33,state_34,state_35,state_36,state_37,state_38,state_39,state_40,state_41,state_42,state_43,state_44,state_45,state_46,state_47,state_48,state_49,state_50,state_51,state_52,state_53,state_54,state_55,state_56,state_57,state_58,state_59,state_60,state_61,state_62,state_63,state_64,state_65,state_66,state_67,state_68,state_69,state_70,state_71,state_72,state_73,state_74,state_75,state_76,state_77,state_78,state_79,state_80,state_81,state_82,state_83,state_84,state_85,state_86,state_87,state_88,state_89,state_90,state_91,state_92,state_93,state_94,state_95,state_96,state_97,state_98,state_99,state_100,state_101,state_102,state_103,state_104,state_105,state_106,state_107,state_108,state_109,state_110,state_111,state_112,state_113,state_114,state_115,state_116,state_117,state_118,state_119,state_120,state_121,state_122,state_123,state_124,state_125,state_126,state_127,state_128,state_129,state_130,state_131,state_132,state_133,state_134,state_135,state_136,state_137,state_138,state_139,state_140,state_141,state_142,state_143,state_144,state_145,state_146,state_147,state_148,state_149,state_150,state_151,state_152,state_153,state_154,state_155,state_156,state_157,state_158,state_159,state_160,state_161,state_162,state_163,state_164,state_165,state_166,state_167,state_168,state_169,state_170,state_171,state_172,state_173,state_174,state_175,state_176,state_177,state_178,state_179,state_180,state_181,state_182,state_183,state_184,state_185,state_186,state_187,state_188,state_189,state_190,state_191,state_192,state_193,state_194,state_195,state_196,state_197,state_198,state_199,state_200,state_201,state_202,state_203,state_204,state_205,state_206,state_207,state_208,state_209,state_210,state_211,state_212,state_213,state_214,state_215,state_216,state_217,state_218,state_219,state_220,state_221,state_222,state_223,state_224,state_225,state_226,state_227,state_228,state_229,state_230,state_231,state_232,state_233,state_234,state_235,state_236,state_237,state_238,state_239,state_240,state_241,state_242,state_243,state_244,state_245,state_246,state_247,state_248,state_249,state_250,state_251,state_252,state_253,state_254,state_255,state_256,state_257,state_258,state_259,state_260,state_261,state_262,state_263,state_264,state_265,state_266,state_267,state_268,state_269,state_270,state_271,state_272,state_273,state_274,state_275,state_276,state_277,state_278,state_279,state_280,state_281,state_282,state_283,state_284,state_285,state_286,state_287
{'img': array([[[ 0.        ,  0.04542016,  0.32714119, ...,  0.78332913,
          0.78332913,  0.99623022],
        [-0.04542016,  0.        ,  0.28388263, ...,  0.75428721,
          0.75428721,  0.99126193],
        [-0.32714119, -0.28388263,  0.        , ...,  0.5368735 ,
          0.5368735 ,  0.913034  ],
        ...,
        [-0.78332913, -0.75428721, -0.5368735 , ...,  0.        ,
          0.        ,  0.55131097],
        [-0.78332913, -0.75428721, -0.5368735 , ...,  0.        ,
          0.        ,  0.55131097],
        [-0.99623022, -0.99126193, -0.913034  , ..., -0.55131097,
         -0.55131097,  0.        ]],

       [[ 0.        ,  0.29075206, -0.27633212, ..., -0.75706428,
         -0.58826203, -0.74059728],
        [-0.29075206,  0.        , -0.54382496, ..., -0.91431798,
         -0.79797076, -0.90397292],
        [ 0.27633212,  0.54382496,  0.        , ..., -0.54704692,
         -0.34189479, -0.52607892],
        ...,
        [ 0.75706428,  0.91431798,  0.54704692, ...,  0.        ,
          0.22788011,  0.02484657],
        [ 0.58826203,  0.79797076,  0.34189479, ..., -0.22788011,
          0.        , -0.20361692],
        [ 0.74059728,  0.90397292,  0.52607892, ..., -0.02484657,
          0.20361692,  0.        ]],

       [[ 0.        ,  0.36864247,  0.70317124, ...,  0.95155529,
          0.99995857,  0.90707543],
        [-0.36864247,  0.        ,  0.39153541, ...,  0.77118912,
          0.93288853,  0.99837798],
        [-0.70317124, -0.39153541,  0.        , ...,  0.4603659 ,
          0.71739212,  0.94096195],
        ...,
        [-0.95155529, -0.77118912, -0.4603659 , ...,  0.        ,
          0.31612704,  0.6794799 ],
        [-0.99995857, -0.93288853, -0.71739212, ..., -0.31612704,
          0.        ,  0.41269349],
        [-0.90707543, -0.99837798, -0.94096195, ..., -0.6794799 ,
         -0.41269349,  0.        ]],

       ...,

       [[ 0.        ,  0.12004969,  0.18599906, ..., -0.82246399,
         -0.83966986, -0.59708795],
        [-0.12004969,  0.        ,  0.06669908, ..., -0.88480216,
         -0.89879592, -0.6890707 ],
        [-0.18599906, -0.06669908,  0.        , ..., -0.91391139,
         -0.92603312, -0.73587266],
        ...,
        [ 0.82246399,  0.88480216,  0.91391139, ...,  0.        ,
         -0.03094078,  0.32012681],
        [ 0.83966986,  0.89879592,  0.92603312, ...,  0.03094078,
          0.        ,  0.34928605],
        [ 0.59708795,  0.6890707 ,  0.73587266, ..., -0.32012681,
         -0.34928605,  0.        ]],

       [[ 0.        ,  0.64045665,  0.87180939, ...,  0.55982076,
          0.47435643,  0.        ],
        [-0.64045665,  0.        ,  0.35582   , ...,  0.96063034,
          0.92811809,  0.64045665],
        [-0.87180939, -0.35582   ,  0.        , ...,  0.99661878,
          0.99984372,  0.87180939],
        ...,
        [-0.55982076, -0.96063034, -0.99661878, ...,  0.        ,
          0.09977037,  0.55982076],
        [-0.47435643, -0.92811809, -0.99984372, ..., -0.09977037,
          0.        ,  0.47435643],
        [-0.        , -0.64045665, -0.87180939, ..., -0.55982076,
         -0.47435643,  0.        ]],

       [[ 0.        , -0.1417791 , -0.24911045, ...,  0.99397046,
          0.99421442,  0.99697646],
        [ 0.1417791 ,  0.        , -0.10928449, ...,  0.96838388,
          0.96894218,  0.97588848],
        [ 0.24911045,  0.10928449,  0.        , ...,  0.93532113,
          0.93611403,  0.94618992],
        ...,
        [-0.99397046, -0.96838388, -0.93532113, ...,  0.        ,
         -0.00224778, -0.0320809 ],
        [-0.99421442, -0.96894218, -0.93611403, ...,  0.00224778,
          0.        , -0.02983419],
        [-0.99697646, -0.97588848, -0.94618992, ...,  0.0320809 ,
          0.02983419,  0.        ]]]), 'num': array([ 9.87184290e-01,  1.49437884e-01,  3.20361914e-05,  7.57456063e-04,
        7.79180425e-04,  7.48766319e-04,  5.59564511e-02, -1.30346168e-05,
        7.53400849e-04,  7.21103965e-04,  7.01407211e-04,  1.78251169e-06,
        7.91586192e-04,  6.50621739e-04])}
{'img': array([[[ 0.        ,  0.28388263,  0.44908085, ...,  0.75428721,
          0.99126193,  0.8725512 ],
        [-0.28388263,  0.        ,  0.17695862, ...,  0.5368735 ,
          0.913034  ,  0.69797049],
        [-0.44908085, -0.17695862,  0.        , ...,  0.37910732,
          0.82644628,  0.56023057],
        ...,
        [-0.75428721, -0.5368735 , -0.37910732, ...,  0.        ,
          0.55131097,  0.20438236],
        [-0.99126193, -0.913034  , -0.82644628, ..., -0.55131097,
          0.        , -0.36915725],
        [-0.8725512 , -0.69797049, -0.56023057, ..., -0.20438236,
          0.36915725,  0.        ]],

       [[ 0.        , -0.54382496, -0.40225974, ..., -0.79797076,
         -0.90397292, -0.98084501],
        [ 0.54382496,  0.        ,  0.16030983, ..., -0.34189479,
         -0.52607892, -0.71719226],
        [ 0.40225974, -0.16030983,  0.        , ..., -0.48812226,
         -0.65560822, -0.8196326 ],
        ...,
        [ 0.79797076,  0.34189479,  0.48812226, ...,  0.        ,
         -0.20361692, -0.43571493],
        [ 0.90397292,  0.52607892,  0.65560822, ...,  0.20361692,
          0.        , -0.2433145 ],
        [ 0.98084501,  0.71719226,  0.8196326 , ...,  0.43571493,
          0.2433145 ,  0.        ]],

       [[ 0.        ,  0.38422971,  0.62626231, ...,  0.91961263,
          0.99990001,  0.77604152],
        [-0.38422971,  0.        ,  0.27863861, ...,  0.6980853 ,
          0.91771182,  0.95879735],
        [-0.62626231, -0.27863861,  0.        , ...,  0.47092903,
          0.77067849,  0.99998386],
        ...,
        [-0.91961263, -0.6980853 , -0.47092903, ...,  0.        ,
          0.37978292,  0.88483259],
        [-0.99990001, -0.91771182, -0.77067849, ..., -0.37978292,
          0.        ,  0.64159276],
        [-0.77604152, -0.95879735, -0.99998386, ..., -0.88483259,
         -0.64159276,  0.        ]],

       ...,

       [[ 0.        ,  0.06669908,  0.61443119, ..., -0.89879592,
         -0.6890707 , -0.57772483],
        [-0.06669908,  0.        ,  0.56043933, ..., -0.92603312,
         -0.73587266, -0.63088021],
        [-0.61443119, -0.56043933,  0.        , ..., -0.97846994,
         -0.98893107, -0.95732595],
        ...,
        [ 0.89879592,  0.92603312,  0.97846994, ...,  0.        ,
          0.34928605,  0.48036995],
        [ 0.6890707 ,  0.73587266,  0.98893107, ..., -0.34928605,
          0.        ,  0.14376749],
        [ 0.57772483,  0.63088021,  0.95732595, ..., -0.48036995,
         -0.14376749,  0.        ]],

       [[ 0.        ,  0.71774143,  0.9184751 , ...,  0.60041852,
          0.3666941 ,  0.        ],
        [-0.71774143,  0.        ,  0.35569162, ...,  0.99204499,
          0.92307736,  0.71774143],
        [-0.9184751 , -0.35569162,  0.        , ...,  0.97194443,
          0.99951531,  0.9184751 ],
        ...,
        [-0.60041852, -0.99204499, -0.97194443, ...,  0.        ,
          0.26535419,  0.60041852],
        [-0.3666941 , -0.92307736, -0.99951531, ..., -0.26535419,
          0.        ,  0.3666941 ],
        [-0.        , -0.71774143, -0.9184751 , ..., -0.60041852,
         -0.3666941 ,  0.        ]],

       [[ 0.        , -0.10928449, -0.16140427, ...,  0.96894218,
          0.97588848,  0.97730871],
        [ 0.10928449,  0.        , -0.05258595, ...,  0.93611403,
          0.94618992,  0.9483065 ],
        [ 0.16140427,  0.05258595,  0.        , ...,  0.91632453,
          0.92786333,  0.93030596],
        ...,
        [-0.96894218, -0.93611403, -0.91632453, ...,  0.        ,
         -0.02983419, -0.03643486],
        [-0.97588848, -0.94618992, -0.92786333, ...,  0.02983419,
          0.        , -0.00660426],
        [-0.97730871, -0.9483065 , -0.93030596, ...,  0.03643486,
          0.00660426,  0.        ]]]), 'num': array([9.06438521e-01, 4.20589347e-01, 1.83339311e-05, 4.40080774e-04,
       4.45893161e-04, 4.28455998e-04, 3.83713734e-02, 5.81238758e-06,
       4.34600523e-04, 4.14340200e-04, 4.02839976e-04, 1.03508272e-06,
       4.56263792e-04, 3.72416609e-04])}
{'img': array([[[ 0.        ,  0.17695862,  0.62854434, ...,  0.913034  ,
          0.69797049,  0.86372428],
        [-0.17695862,  0.        ,  0.48099107, ...,  0.82644628,
          0.56023057,  0.76091235],
        [-0.62854434, -0.48099107,  0.        , ...,  0.45376105,
          0.09274586,  0.35501796],
        ...,
        [-0.913034  , -0.82644628, -0.45376105, ...,  0.        ,
         -0.36915725, -0.10783801],
        [-0.69797049, -0.56023057, -0.09274586, ...,  0.36915725,
          0.        ,  0.26678341],
        [-0.86372428, -0.76091235, -0.35501796, ...,  0.10783801,
         -0.26678341,  0.        ]],

       [[ 0.        ,  0.16030983,  0.85525268, ..., -0.52607892,
         -0.71719226, -0.62235973],
        [-0.16030983,  0.        ,  0.76111713, ..., -0.65560822,
         -0.8196326 , -0.73979012],
        [-0.85525268, -0.76111713,  0.        , ..., -0.99995745,
         -0.96766158, -0.99194687],
        ...,
        [ 0.52607892,  0.65560822,  0.99995745, ...,  0.        ,
         -0.2433145 , -0.1174985 ],
        [ 0.71719226,  0.8196326 ,  0.96766158, ...,  0.2433145 ,
          0.        ,  0.12766171],
        [ 0.62235973,  0.73979012,  0.99194687, ...,  0.1174985 ,
         -0.12766171,  0.        ]],

       [[ 0.        ,  0.26842066,  0.48998216, ...,  0.88312171,
          0.99506133,  0.94901949],
        [-0.26842066,  0.        ,  0.2380097 , ...,  0.72478481,
          0.93190039,  0.99880304],
        [-0.48998216, -0.2380097 ,  0.        , ...,  0.5399737 ,
          0.81879063,  0.98174199],
        ...,
        [-0.88312171, -0.72478481, -0.5399737 , ...,  0.        ,
          0.37916654,  0.72360207],
        [-0.99506133, -0.93190039, -0.81879063, ..., -0.37916654,
          0.        ,  0.40786224],
        [-0.94901949, -0.99880304, -0.98174199, ..., -0.72360207,
         -0.40786224,  0.        ]],

       ...,

       [[ 0.        ,  0.56043933,  0.72716515, ..., -0.73587266,
         -0.63088021, -0.61342679],
        [-0.56043933,  0.        ,  0.21751427, ..., -0.98893107,
         -0.95732595, -0.95064515],
        [-0.72716515, -0.21751427,  0.        , ..., -0.99752706,
         -0.99726872, -0.99537436],
        ...,
        [ 0.73587266,  0.98893107,  0.99752706, ...,  0.        ,
          0.14376749,  0.16579309],
        [ 0.63088021,  0.95732595,  0.99726872, ..., -0.14376749,
          0.        ,  0.02229292],
        [ 0.61342679,  0.95064515,  0.99537436, ..., -0.16579309,
         -0.02229292,  0.        ]],

       [[ 0.        ,  0.74956919,  0.97464298, ...,  0.56068092,
          0.42260463,  0.        ],
        [-0.74956919,  0.        ,  0.47741368, ...,  0.99179652,
          0.95907815,  0.74956919],
        [-0.97464298, -0.47741368,  0.        , ...,  0.93249665,
          0.97789712,  0.97464298],
        ...,
        [-0.56068092, -0.99179652, -0.93249665, ...,  0.        ,
          0.15822292,  0.56068092],
        [-0.42260463, -0.95907815, -0.97789712, ..., -0.15822292,
          0.        ,  0.42260463],
        [-0.        , -0.74956919, -0.97464298, ..., -0.56068092,
         -0.42260463,  0.        ]],

       [[ 0.        , -0.05258595, -0.3305438 , ...,  0.94618992,
          0.9483065 ,  0.95430502],
        [ 0.05258595,  0.        , -0.28045633, ...,  0.92786333,
          0.93030596,  0.93727017],
        [ 0.3305438 ,  0.28045633,  0.        , ...,  0.7860373 ,
          0.79010277,  0.80188635],
        ...,
        [-0.94618992, -0.92786333, -0.7860373 , ...,  0.        ,
         -0.00660426, -0.02607046],
        [-0.9483065 , -0.93030596, -0.79010277, ...,  0.00660426,
          0.        , -0.01946788],
        [-0.95430502, -0.93727017, -0.80188635, ...,  0.02607046,
          0.01946788,  0.        ]]]), 'num': array([ 8.74701668e-01,  4.84298005e-01,  1.48725205e-05,  4.22514787e-04,
        4.28953107e-04,  4.20905207e-04,  1.87369293e-02, -4.02395035e-06,
        4.22675745e-04,  4.02435275e-04,  3.90886537e-04,  9.83032166e-07,
        4.44059263e-04,  3.60811286e-04])}
{'img': array([[[ 0.        ,  0.48099107, -0.42883876, ...,  0.56023057,
          0.76091235,  0.61481307],
        [-0.48099107,  0.        , -0.81049209, ...,  0.09274586,
          0.35501796,  0.15967769],
        [ 0.42883876,  0.81049209,  0.        , ...,  0.86132456,
          0.96564783,  0.89362397],
        ...,
        [-0.56023057, -0.09274586, -0.86132456, ...,  0.        ,
          0.26678341,  0.06743359],
        [-0.76091235, -0.35501796, -0.96564783, ..., -0.26678341,
          0.        , -0.20118659],
        [-0.61481307, -0.15967769, -0.89362397, ..., -0.06743359,
          0.20118659,  0.        ]],

       [[ 0.        ,  0.76111713,  0.9782061 , ..., -0.8196326 ,
         -0.73979012, -0.96132377],
        [-0.76111713,  0.        ,  0.47644309, ..., -0.96766158,
         -0.99194687, -0.83315598],
        [-0.9782061 , -0.47644309,  0.        , ..., -0.73058949,
         -0.81178122, -0.46902399],
        ...,
        [ 0.8196326 ,  0.96766158,  0.73058949, ...,  0.        ,
          0.12766171, -0.32498845],
        [ 0.73979012,  0.99194687,  0.81178122, ..., -0.12766171,
          0.        , -0.4430613 ],
        [ 0.96132377,  0.83315598,  0.46902399, ...,  0.32498845,
          0.4430613 ,  0.        ]],

       [[ 0.        ,  0.23206255,  0.24774045, ...,  0.90078791,
          0.97167472,  0.99743213],
        [-0.23206255,  0.        ,  0.01614902, ...,  0.77542186,
          0.89030728,  0.98682296],
        [-0.24774045, -0.01614902,  0.        , ...,  0.76512355,
          0.88283756,  0.98408131],
        ...,
        [-0.90078791, -0.77542186, -0.76512355, ...,  0.        ,
          0.20908249,  0.49765684],
        [-0.97167472, -0.89030728, -0.88283756, ..., -0.20908249,
          0.        ,  0.30530492],
        [-0.99743213, -0.98682296, -0.98408131, ..., -0.49765684,
         -0.30530492,  0.        ]],

       ...,

       [[ 0.        ,  0.21751427, -0.86736546, ..., -0.95732595,
         -0.95064515, -0.96102687],
        [-0.21751427,  0.        , -0.95484895, ..., -0.99726872,
         -0.99537436, -0.99815004],
        [ 0.86736546,  0.95484895,  0.        , ..., -0.22575641,
         -0.2039829 , -0.23848843],
        ...,
        [ 0.95732595,  0.99726872,  0.22575641, ...,  0.        ,
          0.02229292, -0.01308928],
        [ 0.95064515,  0.99537436,  0.2039829 , ..., -0.02229292,
          0.        , -0.03537704],
        [ 0.96102687,  0.99815004,  0.23848843, ...,  0.01308928,
          0.03537704,  0.        ]],

       [[ 0.        ,  0.86893992,  0.92807849, ...,  0.58950589,
          0.40172815,  0.        ],
        [-0.86893992,  0.        ,  0.13574248, ...,  0.99365528,
          0.99456185,  0.86893992],
        [-0.92807849, -0.13574248,  0.        , ...,  0.9691914 ,
          0.99949359,  0.92807849],
        ...,
        [-0.58950589, -0.99365528, -0.9691914 , ...,  0.        ,
          0.21534374,  0.58950589],
        [-0.40172815, -0.99456185, -0.99949359, ..., -0.21534374,
          0.        ,  0.40172815],
        [-0.        , -0.86893992, -0.92807849, ..., -0.58950589,
         -0.40172815,  0.        ]],

       [[ 0.        , -0.28045633,  0.14169255, ...,  0.93030596,
          0.93727017,  0.93893831],
        [ 0.28045633,  0.        ,  0.4136327 , ...,  0.79010277,
          0.80188635,  0.80475473],
        [-0.14169255, -0.4136327 ,  0.        , ...,  0.97289046,
          0.97720835,  0.97821945],
        ...,
        [-0.93030596, -0.79010277, -0.97289046, ...,  0.        ,
         -0.01946788, -0.02428314],
        [-0.93727017, -0.80188635, -0.97720835, ...,  0.01946788,
          0.        , -0.0048164 ],
        [-0.93893831, -0.80475473, -0.97821945, ...,  0.02428314,
          0.0048164 ,  0.        ]]]), 'num': array([9.09472233e-01, 4.15298252e-01, 1.86480748e-05, 4.41226769e-04,
       4.44556782e-04, 4.35399245e-04, 1.96508417e-02, 4.16251669e-06,
       4.39561762e-04, 4.16210043e-04, 4.04763123e-04, 1.18400475e-06,
       4.59067312e-04, 3.73352775e-04])}
{'img': array([[[ 0.        , -0.81049209, -0.75511427, ...,  0.35501796,
          0.15967769,  0.35501796],
        [ 0.81049209,  0.        ,  0.08904522, ...,  0.96564783,
          0.89362397,  0.96564783],
        [ 0.75511427, -0.08904522,  0.        , ...,  0.93867309,
          0.85010916,  0.93867309],
        ...,
        [-0.35501796, -0.96564783, -0.93867309, ...,  0.        ,
         -0.20118659,  0.        ],
        [-0.15967769, -0.89362397, -0.85010916, ...,  0.20118659,
          0.        ,  0.20118659],
        [-0.35501796, -0.96564783, -0.93867309, ...,  0.        ,
         -0.20118659,  0.        ]],

       [[ 0.        ,  0.47644309, -0.9809398 , ..., -0.99194687,
         -0.83315598, -0.83804797],
        [-0.47644309,  0.        , -0.95502604, ..., -0.81178122,
         -0.46902399, -0.47687052],
        [ 0.9809398 ,  0.95502604,  0.        , ..., -0.31698766,
         -0.70438916, -0.69804005],
        ...,
        [ 0.99194687,  0.81178122,  0.31698766, ...,  0.        ,
         -0.4430613 , -0.43506011],
        [ 0.83315598,  0.46902399,  0.70438916, ...,  0.4430613 ,
          0.        ,  0.00890541],
        [ 0.83804797,  0.47687052,  0.69804005, ...,  0.43506011,
         -0.00890541,  0.        ]],

       [[ 0.        ,  0.01547184,  0.04132302, ...,  0.81938825,
          0.87698784,  0.99274914],
        [-0.01547184,  0.        ,  0.02585945, ...,  0.81042111,
          0.86944846,  0.99077052],
        [-0.04132302, -0.02585945,  0.        , ...,  0.7950004 ,
          0.85638252,  0.98693395],
        ...,
        [-0.81938825, -0.81042111, -0.7950004 , ...,  0.        ,
          0.10899724,  0.47058824],
        [-0.87698784, -0.86944846, -0.85638252, ..., -0.10899724,
          0.        ,  0.37161046],
        [-0.99274914, -0.99077052, -0.98693395, ..., -0.47058824,
         -0.37161046,  0.        ]],

       ...,

       [[ 0.        , -0.95484895, -0.95310936, ..., -0.99537436,
         -0.99815004, -0.93936319],
        [ 0.95484895,  0.        ,  0.00580134, ..., -0.2039829 ,
         -0.23848843,  0.04836352],
        [ 0.95310936, -0.00580134,  0.        , ..., -0.20965883,
         -0.24411836,  0.04256815],
        ...,
        [ 0.99537436,  0.2039829 ,  0.20965883, ...,  0.        ,
         -0.03537704,  0.25109085],
        [ 0.99815004,  0.23848843,  0.24411836, ...,  0.03537704,
          0.        ,  0.28517736],
        [ 0.93936319, -0.04836352, -0.04256815, ..., -0.25109085,
         -0.28517736,  0.        ]],

       [[ 0.        ,  0.13581587,  0.28275734, ...,  0.99451353,
          0.86867887,  0.9360653 ],
        [-0.13581587,  0.        ,  0.14986391, ...,  0.99950589,
          0.92790965,  0.97517541],
        [-0.28275734, -0.14986391,  0.        , ...,  0.98350759,
          0.97330047,  0.99734733],
        ...,
        [-0.99451353, -0.99950589, -0.98350759, ...,  0.        ,
          0.40178698,  0.25197609],
        [-0.86867887, -0.92790965, -0.97330047, ..., -0.40178698,
          0.        , -0.15807984],
        [-0.9360653 , -0.97517541, -0.99734733, ..., -0.25197609,
          0.15807984,  0.        ]],

       [[ 0.        ,  0.4136327 ,  0.52329119, ...,  0.80188635,
          0.80475473,  0.80253004],
        [-0.4136327 ,  0.        ,  0.12394851, ...,  0.97720835,
          0.97821945,  0.97743665],
        [-0.52329119, -0.12394851,  0.        , ...,  0.99598485,
          0.99640447,  0.99608078],
        ...,
        [-0.80188635, -0.97720835, -0.99598485, ...,  0.        ,
         -0.0048164 , -0.00107813],
        [-0.80475473, -0.97821945, -0.99640447, ...,  0.0048164 ,
          0.        ,  0.00373828],
        [-0.80253004, -0.97743665, -0.99608078, ...,  0.00107813,
         -0.00373828,  0.        ]]]), 'num': array([ 8.93080999e-01,  4.48868264e-01,  1.70523123e-05,  4.29606127e-04,
        4.38676506e-04,  4.23009488e-04,  3.03676615e-02, -7.42121908e-06,
        4.33564110e-04,  4.11671514e-04,  4.00924489e-04,  1.08373358e-06,
        4.52827469e-04,  3.70515559e-04])}
{'img': array([[[ 0.        ,  0.08904522, -0.0679129 , ...,  0.89362397,
          0.96564783,  0.82771364],
        [-0.08904522,  0.        , -0.15648275, ...,  0.85010916,
          0.93867309,  0.77445783],
        [ 0.0679129 ,  0.15648275,  0.        , ...,  0.92204124,
          0.98106586,  0.86391203],
        ...,
        [-0.89362397, -0.85010916, -0.92204124, ...,  0.        ,
          0.20118659, -0.12996624],
        [-0.96564783, -0.93867309, -0.98106586, ..., -0.20118659,
          0.        , -0.32678902],
        [-0.82771364, -0.77445783, -0.86391203, ...,  0.12996624,
          0.32678902,  0.        ]],

       [[ 0.        , -0.95502604, -0.88887477, ..., -0.46902399,
         -0.47687052, -0.70780026],
        [ 0.95502604,  0.        , -0.17397452, ..., -0.70438916,
         -0.69804005, -0.46476413],
        [ 0.88887477,  0.17397452,  0.        , ..., -0.57015779,
         -0.56281908, -0.30363351],
        ...,
        [ 0.46902399,  0.70438916,  0.57015779, ...,  0.        ,
          0.00890541,  0.2937944 ],
        [ 0.47687052,  0.69804005,  0.56281908, ..., -0.00890541,
          0.        ,  0.28527035],
        [ 0.70780026,  0.46476413,  0.30363351, ..., -0.2937944 ,
         -0.28527035,  0.        ]],

       [[ 0.        ,  0.02585945, -0.05144622, ...,  0.86944846,
          0.99077052,  0.89019676],
        [-0.02585945,  0.        , -0.07725422, ...,  0.85638252,
          0.98693395,  0.87811812],
        [ 0.05144622,  0.07725422,  0.        , ...,  0.89371275,
          0.99643204,  0.91245561],
        ...,
        [-0.86944846, -0.85638252, -0.89371275, ...,  0.        ,
          0.37161046,  0.0436782 ],
        [-0.99077052, -0.98693395, -0.99643204, ..., -0.37161046,
          0.        , -0.33070547],
        [-0.89019676, -0.87811812, -0.91245561, ..., -0.0436782 ,
          0.33070547,  0.        ]],

       ...,

       [[ 0.        ,  0.00618279, -0.07422314, ..., -0.25150919,
          0.05164657, -0.11558882],
        [-0.00618279,  0.        , -0.08038746, ..., -0.25748843,
          0.04547105, -0.12172796],
        [ 0.07422314,  0.08038746,  0.        , ..., -0.17897821,
          0.1256282 , -0.04154435],
        ...,
        [ 0.25150919,  0.25748843,  0.17897821, ...,  0.        ,
          0.30115992,  0.13795016],
        [-0.05164657, -0.04547105, -0.1256282 , ..., -0.30115992,
          0.        , -0.16673495],
        [ 0.11558882,  0.12172796,  0.04154435, ..., -0.13795016,
          0.16673495,  0.        ]],

       [[ 0.        ,  0.14986391,  0.22727019, ...,  0.92790965,
          0.97517541,  0.99816147],
        [-0.14986391,  0.        ,  0.07876131, ...,  0.97330047,
          0.99734733,  0.97780548],
        [-0.22727019, -0.07876131,  0.        , ...,  0.98835537,
          0.99998207,  0.95826627],
        ...,
        [-0.92790965, -0.97330047, -0.98835537, ...,  0.        ,
         -0.15807984, -0.42836119],
        [-0.97517541, -0.99734733, -0.99998207, ...,  0.15807984,
          0.        , -0.28013297],
        [-0.99816147, -0.97780548, -0.95826627, ...,  0.42836119,
          0.28013297,  0.        ]],

       [[ 0.        ,  0.34397822,  0.53523918, ...,  0.81846461,
          0.81624774,  0.80211366],
        [-0.34397822,  0.        ,  0.21201902, ...,  0.96615503,
          0.96515528,  0.95858073],
        [-0.53523918, -0.21201902,  0.        , ...,  0.99888289,
          0.99869367,  0.99717538],
        ...,
        [-0.81846461, -0.96615503, -0.99888289, ...,  0.        ,
          0.00384785,  0.02790368],
        [-0.81624774, -0.96515528, -0.99869367, ..., -0.00384785,
          0.        ,  0.02405712],
        [-0.80211366, -0.95858073, -0.99717538, ..., -0.02790368,
         -0.02405712,  0.        ]]]), 'num': array([ 9.69956090e-01,  2.39230809e-01,  2.87121904e-05,  4.63952536e-04,
        4.72156019e-04,  4.54837555e-04,  4.41826831e-02, -1.09379773e-05,
        4.76713510e-04,  4.54928705e-04,  4.43626128e-04,  1.22420184e-06,
        5.00298609e-04,  4.09558801e-04])}
{'img': array([[[ 0.00000000e+00, -1.56482752e-01,  3.25475166e-01, ...,
          9.38673094e-01,  7.74457829e-01,  5.34644056e-01],
        [ 1.56482752e-01,  0.00000000e+00,  4.69427896e-01, ...,
          9.81065856e-01,  8.63912029e-01,  6.60297641e-01],
        [-3.25475166e-01, -4.69427896e-01,  0.00000000e+00, ...,
          7.75336331e-01,  5.26385154e-01,  2.30481310e-01],
        ...,
        [-9.38673094e-01, -9.81065856e-01, -7.75336331e-01, ...,
          0.00000000e+00, -3.26789018e-01, -6.08901621e-01],
        [-7.74457829e-01, -8.63912029e-01, -5.26385154e-01, ...,
          3.26789018e-01,  0.00000000e+00, -3.16247289e-01],
        [-5.34644056e-01, -6.60297641e-01, -2.30481310e-01, ...,
          6.08901621e-01,  3.16247289e-01,  0.00000000e+00]],

       [[ 0.00000000e+00, -2.10354950e-01,  9.95138678e-01, ...,
         -7.88114879e-01, -5.43755555e-01, -3.37985085e-01],
        [ 2.10354950e-01,  0.00000000e+00,  9.52156024e-01, ...,
         -6.41001472e-01, -3.55050013e-01, -1.32446826e-01],
        [-9.95138678e-01, -9.52156024e-01,  0.00000000e+00, ...,
         -5.34919538e-01, -7.81612829e-01, -9.03290251e-01],
        ...,
        [ 7.88114879e-01,  6.41001472e-01,  5.34919538e-01, ...,
          0.00000000e+00,  3.26723538e-01,  5.33696130e-01],
        [ 5.43755555e-01,  3.55050013e-01,  7.81612829e-01, ...,
         -3.26723538e-01,  0.00000000e+00,  2.28104503e-01],
        [ 3.37985085e-01,  1.32446826e-01,  9.03290251e-01, ...,
         -5.33696130e-01, -2.28104503e-01,  0.00000000e+00]],

       [[ 0.00000000e+00, -7.72542150e-02, -8.23701491e-02, ...,
          9.86933955e-01,  8.78118119e-01,  7.81891023e-01],
        [ 7.72542150e-02,  0.00000000e+00, -5.13228975e-03, ...,
          9.96432041e-01,  9.12455608e-01,  8.27715731e-01],
        [ 8.23701491e-02,  5.13228975e-03,  0.00000000e+00, ...,
          9.96852078e-01,  9.14543599e-01,  8.30584803e-01],
        ...,
        [-9.86933955e-01, -9.96432041e-01, -9.96852078e-01, ...,
          0.00000000e+00, -3.30705471e-01, -4.89287122e-01],
        [-8.78118119e-01, -9.12455608e-01, -9.14543599e-01, ...,
          3.30705471e-01,  0.00000000e+00, -1.73341132e-01],
        [-7.81891023e-01, -8.27715731e-01, -8.30584803e-01, ...,
          4.89287122e-01,  1.73341132e-01,  0.00000000e+00]],

       ...,

       [[ 0.00000000e+00, -8.03874602e-02,  3.29301146e-02, ...,
          4.54710463e-02, -1.21727960e-01, -7.81747691e-02],
        [ 8.03874602e-02,  0.00000000e+00,  1.13167405e-01, ...,
          1.25628200e-01, -4.15443518e-02,  2.21967669e-03],
        [-3.29301146e-02, -1.13167405e-01,  0.00000000e+00, ...,
          1.25503318e-02, -1.54347172e-01, -1.10961709e-01],
        ...,
        [-4.54710463e-02, -1.25628200e-01, -1.25503318e-02, ...,
          0.00000000e+00, -1.66734953e-01, -1.23425799e-01],
        [ 1.21727960e-01,  4.15443518e-02,  1.54347172e-01, ...,
          1.66734953e-01,  0.00000000e+00,  4.37620098e-02],
        [ 7.81747691e-02, -2.21967669e-03,  1.10961709e-01, ...,
          1.23425799e-01, -4.37620098e-02,  0.00000000e+00]],

       [[ 0.00000000e+00,  7.87613086e-02,  2.53610979e-01, ...,
          9.97347328e-01,  9.77805475e-01,  9.72475689e-01],
        [-7.87613086e-02,  0.00000000e+00,  1.76636827e-01, ...,
          9.99982066e-01,  9.58266265e-01,  9.51102968e-01],
        [-2.53610979e-01, -1.76636827e-01,  0.00000000e+00, ...,
          9.83200559e-01,  8.92702138e-01,  8.81589393e-01],
        ...,
        [-9.97347328e-01, -9.99982066e-01, -9.83200559e-01, ...,
          0.00000000e+00, -2.80132971e-01, -3.03172269e-01],
        [-9.77805475e-01, -9.58266265e-01, -8.92702138e-01, ...,
          2.80132971e-01,  0.00000000e+00, -2.40848892e-02],
        [-9.72475689e-01, -9.51102968e-01, -8.81589393e-01, ...,
          3.03172269e-01,  2.40848892e-02,  0.00000000e+00]],

       [[ 0.00000000e+00,  4.30153228e-01,  5.70067963e-01, ...,
          8.25493443e-01,  8.11398168e-01,  8.11625794e-01],
        [-4.30153228e-01,  0.00000000e+00,  1.61219379e-01, ...,
          9.88002587e-01,  9.83916376e-01,  9.83985885e-01],
        [-5.70067963e-01, -1.61219379e-01,  0.00000000e+00, ...,
          9.99976414e-01,  9.99843934e-01,  9.99850740e-01],
        ...,
        [-8.25493443e-01, -9.88002587e-01, -9.99976414e-01, ...,
          0.00000000e+00,  2.45331816e-02,  2.41437505e-02],
        [-8.11398168e-01, -9.83916376e-01, -9.99843934e-01, ...,
         -2.45331816e-02,  0.00000000e+00, -3.89546515e-04],
        [-8.11625794e-01, -9.83985885e-01, -9.99850740e-01, ...,
         -2.41437505e-02,  3.89546515e-04,  0.00000000e+00]]]), 'num': array([ 7.13413207e-01,  7.00371382e-01,  5.23768090e-07,  3.34405780e-04,
        3.46492736e-04,  3.31719790e-04,  2.28169764e-02, -7.38647306e-06,
        3.46895635e-04,  3.35413027e-04,  3.26974541e-04,  8.95330068e-07,
        3.68722284e-04,  3.02103770e-04])}
{'img': array([[[ 0.00000000e+00,  4.69427896e-01,  1.78282712e-01, ...,
          8.63912029e-01,  6.60297641e-01,  4.49513993e-01],
        [-4.69427896e-01,  0.00000000e+00, -3.04488904e-01, ...,
          5.26385154e-01,  2.30481310e-01, -2.24196659e-02],
        [-1.78282712e-01,  3.04488904e-01,  0.00000000e+00, ...,
          7.60280766e-01,  5.15828182e-01,  2.83057282e-01],
        ...,
        [-8.63912029e-01, -5.26385154e-01, -7.60280766e-01, ...,
          0.00000000e+00, -3.16247289e-01, -5.45315083e-01],
        [-6.60297641e-01, -2.30481310e-01, -5.15828182e-01, ...,
          3.16247289e-01,  0.00000000e+00, -2.52239434e-01],
        [-4.49513993e-01,  2.24196659e-02, -2.83057282e-01, ...,
          5.45315083e-01,  2.52239434e-01,  0.00000000e+00]],

       [[ 0.00000000e+00,  9.52156024e-01,  1.57468204e-01, ...,
         -3.55050013e-01, -1.32446826e-01, -4.12795675e-01],
        [-9.52156024e-01,  0.00000000e+00, -9.88401208e-01, ...,
         -7.81612829e-01, -9.03290251e-01, -7.41090777e-01],
        [-1.57468204e-01,  9.88401208e-01,  0.00000000e+00, ...,
         -4.97829156e-01, -2.86875354e-01, -5.51071425e-01],
        ...,
        [ 3.55050013e-01,  7.81612829e-01,  4.97829156e-01, ...,
          0.00000000e+00,  2.28104503e-01, -6.25129744e-02],
        [ 1.32446826e-01,  9.03290251e-01,  2.86875354e-01, ...,
         -2.28104503e-01,  0.00000000e+00, -2.88523288e-01],
        [ 4.12795675e-01,  7.41090777e-01,  5.51071425e-01, ...,
          6.25129744e-02,  2.88523288e-01,  0.00000000e+00]],

       [[ 0.00000000e+00, -5.13228975e-03, -1.83366451e-01, ...,
          9.12455608e-01,  8.27715731e-01,  6.46345851e-01],
        [ 5.13228975e-03,  0.00000000e+00, -1.78318766e-01, ...,
          9.14543599e-01,  8.30584803e-01,  6.50253504e-01],
        [ 1.83366451e-01,  1.78318766e-01,  0.00000000e+00, ...,
          9.72013684e-01,  9.16577155e-01,  7.75303595e-01],
        ...,
        [-9.12455608e-01, -9.14543599e-01, -9.72013684e-01, ...,
          0.00000000e+00, -1.73341132e-01, -4.31775288e-01],
        [-8.27715731e-01, -8.30584803e-01, -9.16577155e-01, ...,
          1.73341132e-01,  0.00000000e+00, -2.68888563e-01],
        [-6.46345851e-01, -6.50253504e-01, -7.75303595e-01, ...,
          4.31775288e-01,  2.68888563e-01,  0.00000000e+00]],

       ...,

       [[ 0.00000000e+00,  1.13167405e-01, -1.11130041e-01, ...,
         -4.15443518e-02,  2.21967669e-03, -1.26428836e-02],
        [-1.13167405e-01,  0.00000000e+00, -2.22882566e-01, ...,
         -1.54347172e-01, -1.10961709e-01, -1.25720025e-01],
        [ 1.11130041e-01,  2.22882566e-01,  0.00000000e+00, ...,
          6.97470771e-02,  1.13335695e-01,  9.85565869e-02],
        ...,
        [ 4.15443518e-02,  1.54347172e-01, -6.97470771e-02, ...,
          0.00000000e+00,  4.37620098e-02,  2.89090629e-02],
        [-2.21967669e-03,  1.10961709e-01, -1.13335695e-01, ...,
         -4.37620098e-02,  0.00000000e+00, -1.48623517e-02],
        [ 1.26428836e-02,  1.25720025e-01, -9.85565869e-02, ...,
         -2.89090629e-02,  1.48623517e-02,  0.00000000e+00]],

       [[ 0.00000000e+00,  1.76636827e-01,  1.95983593e-01, ...,
          9.58266265e-01,  9.51102968e-01,  9.56856852e-01],
        [-1.76636827e-01,  0.00000000e+00,  1.96906248e-02, ...,
          8.92702138e-01,  8.81589393e-01,  8.90487775e-01],
        [-1.95983593e-01, -1.96906248e-02,  0.00000000e+00, ...,
          8.83655537e-01,  8.72124160e-01,  8.81355752e-01],
        ...,
        [-9.58266265e-01, -8.92702138e-01, -8.83655537e-01, ...,
          0.00000000e+00, -2.40848892e-02, -4.89005589e-03],
        [-9.51102968e-01, -8.81589393e-01, -8.72124160e-01, ...,
          2.40848892e-02,  0.00000000e+00,  1.91959638e-02],
        [-9.56856852e-01, -8.90487775e-01, -8.81355752e-01, ...,
          4.89005589e-03, -1.91959638e-02,  0.00000000e+00]],

       [[ 0.00000000e+00,  4.04147361e-01,  6.82603536e-01, ...,
          8.26280711e-01,  8.26507121e-01,  8.16889187e-01],
        [-4.04147361e-01,  0.00000000e+00,  3.29026879e-01, ...,
          9.83433371e-01,  9.83506177e-01,  9.80313579e-01],
        [-6.82603536e-01, -3.29026879e-01,  0.00000000e+00, ...,
          9.88319043e-01,  9.88257686e-01,  9.90695609e-01],
        ...,
        [-8.26280711e-01, -9.83433371e-01, -9.88319043e-01, ...,
          0.00000000e+00, -4.02081477e-04,  1.64744719e-02],
        [-8.26507121e-01, -9.83506177e-01, -9.88257686e-01, ...,
          4.02081477e-04,  0.00000000e+00,  1.68764975e-02],
        [-8.16889187e-01, -9.80313579e-01, -9.90695609e-01, ...,
         -1.64744719e-02, -1.68764975e-02,  0.00000000e+00]]]), 'num': array([ 7.13727303e-01,  7.00118701e-01,  5.50955538e-07,  3.31917117e-04,
        3.37292293e-04,  3.23182456e-04,  2.06457956e-02, -2.68758799e-06,
        3.42936228e-04,  3.35612550e-04,  3.27359416e-04,  8.22943610e-07,
        3.68941622e-04,  3.02283479e-04])}
{'img': array([[[ 0.        , -0.3044889 , -0.24091817, ...,  0.23048131,
         -0.02241967, -0.11104622],
        [ 0.3044889 ,  0.        ,  0.06604194, ...,  0.51582818,
          0.28305728,  0.19683243],
        [ 0.24091817, -0.06604194,  0.        , ...,  0.45812445,
          0.21909831,  0.13165274],
        ...,
        [-0.23048131, -0.51582818, -0.45812445, ...,  0.        ,
         -0.25223943, -0.33711233],
        [ 0.02241967, -0.28305728, -0.21909831, ...,  0.25223943,
          0.        , -0.0887373 ],
        [ 0.11104622, -0.19683243, -0.13165274, ...,  0.33711233,
          0.0887373 ,  0.        ]],

       [[ 0.        , -0.98840121, -0.91971865, ..., -0.90329025,
         -0.74109078, -0.68792454],
        [ 0.98840121,  0.        , -0.24835143, ..., -0.28687535,
         -0.55107142, -0.6128922 ],
        [ 0.91971865,  0.24835143,  0.        , ..., -0.03997485,
         -0.3265675 , -0.3974513 ],
        ...,
        [ 0.90329025,  0.28687535,  0.03997485, ...,  0.        ,
         -0.28852329, -0.36045176],
        [ 0.74109078,  0.55107142,  0.3265675 , ...,  0.28852329,
          0.        , -0.07599465],
        [ 0.68792454,  0.6128922 ,  0.3974513 , ...,  0.36045176,
          0.07599465,  0.        ]],

       [[ 0.        , -0.17831877, -0.13778496, ...,  0.8305848 ,
          0.6502535 ,  0.48191939],
        [ 0.17831877,  0.        ,  0.04104135, ...,  0.91657716,
          0.7753036 ,  0.63044124],
        [ 0.13778496, -0.04104135,  0.        , ...,  0.89939419,
          0.74872911,  0.59805225],
        ...,
        [-0.8305848 , -0.91657716, -0.89939419, ...,  0.        ,
         -0.26888856, -0.45939419],
        [-0.6502535 , -0.7753036 , -0.74872911, ...,  0.26888856,
          0.        , -0.20363973],
        [-0.48191939, -0.63044124, -0.59805225, ...,  0.45939419,
          0.20363973,  0.        ]],

       ...,

       [[ 0.        , -0.22288257, -0.21135828, ..., -0.11096171,
         -0.12572003, -0.28446143],
        [ 0.22288257,  0.        ,  0.01180572, ...,  0.11333569,
          0.09855659, -0.06363116],
        [ 0.21135828, -0.01180572,  0.        , ...,  0.10159814,
          0.08680147, -0.07540852],
        ...,
        [ 0.11096171, -0.11333569, -0.10159814, ...,  0.        ,
         -0.01486235, -0.17632718],
        [ 0.12572003, -0.09855659, -0.08680147, ...,  0.01486235,
          0.        , -0.16167823],
        [ 0.28446143,  0.06363116,  0.07540852, ...,  0.17632718,
          0.16167823,  0.        ]],

       [[ 0.        ,  0.01969062,  0.02161946, ...,  0.88158939,
          0.89048777,  0.89048777],
        [-0.01969062,  0.        ,  0.00192925, ...,  0.87212416,
          0.88135575,  0.88135575],
        [-0.02161946, -0.00192925,  0.        , ...,  0.87117858,
          0.88044263,  0.88044263],
        ...,
        [-0.88158939, -0.87212416, -0.87117858, ...,  0.        ,
          0.01919596,  0.01919596],
        [-0.89048777, -0.88135575, -0.88044263, ..., -0.01919596,
          0.        ,  0.        ],
