state_0,state_1,state_2,state_3,state_4,state_5,state_6,state_7,state_8,state_9,state_10,state_11,state_12,state_13,state_14,state_15,state_16,state_17,state_18,state_19,state_20,state_21,state_22,state_23,state_24,state_25,state_26,state_27,state_28,state_29,state_30,state_31,state_32,state_33,state_34,state_35,state_36,state_37,state_38,state_39,state_40,state_41,state_42,state_43,state_44,state_45,state_46,state_47,state_48,state_49,state_50,state_51,state_52,state_53,state_54,state_55,state_56,state_57,state_58,state_59,state_60,state_61,state_62,state_63,state_64,state_65,state_66,state_67,state_68,state_69,state_70,state_71,state_72,state_73,state_74,state_75,state_76,state_77,state_78,state_79,state_80,state_81,state_82,state_83,state_84,state_85,state_86,state_87,state_88,state_89,state_90,state_91,state_92,state_93,state_94,state_95,state_96,state_97,state_98,state_99,state_100,state_101,state_102,state_103,state_104,state_105,state_106,state_107,state_108,state_109,state_110,state_111,state_112,state_113,state_114,state_115,state_116,state_117,state_118,state_119,state_120,state_121,state_122,state_123,state_124,state_125,state_126,state_127,state_128,state_129,state_130,state_131,state_132,state_133,state_134,state_135,state_136,state_137,state_138,state_139,state_140,state_141,state_142,state_143,state_144,state_145,state_146,state_147,state_148,state_149,state_150,state_151,state_152,state_153,state_154,state_155,state_156,state_157,state_158,state_159,state_160,state_161,state_162,state_163,state_164,state_165,state_166,state_167,state_168,state_169,state_170,state_171,state_172,state_173,state_174,state_175,state_176,state_177,state_178,state_179,state_180,state_181,state_182,state_183,state_184,state_185,state_186,state_187,state_188,state_189,state_190,state_191,state_192,state_193,state_194,state_195,state_196,state_197,state_198,state_199,state_200,state_201,state_202,state_203,state_204,state_205,state_206,state_207,state_208,state_209,state_210,state_211,state_212,state_213,state_214,state_215,state_216,state_217,state_218,state_219,state_220,state_221,state_222,state_223,state_224,state_225,state_226,state_227,state_228,state_229,state_230,state_231,state_232,state_233,state_234,state_235,state_236,state_237,state_238,state_239,state_240,state_241,state_242,state_243,state_244,state_245,state_246,state_247,state_248,state_249,state_250,state_251,state_252,state_253,state_254,state_255,state_256,state_257,state_258,state_259,state_260,state_261,state_262,state_263,state_264,state_265,state_266,state_267,state_268,state_269,state_270,state_271,state_272,state_273,state_274,state_275,state_276,state_277,state_278,state_279,state_280,state_281,state_282,state_283,state_284,state_285,state_286,state_287
{'img': array([[[ 0.        ,  0.25526892,  0.99018302, ..., -0.05169727,
         -0.16883961, -0.15798236],
        [-0.25526892,  0.        ,  0.92169763, ..., -0.30491212,
         -0.41485013, -0.40481166],
        [-0.99018302, -0.92169763,  0.        , ..., -0.99608503,
         -0.99956738, -0.99983052],
        ...,
        [ 0.05169727,  0.30491212,  0.99608503, ...,  0.        ,
         -0.11765876, -0.10672306],
        [ 0.16883961,  0.41485013,  0.99956738, ...,  0.11765876,
          0.        ,  0.01100502],
        [ 0.15798236,  0.40481166,  0.99983052, ...,  0.10672306,
         -0.01100502,  0.        ]],

       [[ 0.        ,  0.58026395,  0.12067176, ...,  0.34566198,
          0.47510974,  0.54750015],
        [-0.58026395,  0.        ,  0.67430217, ..., -0.26297899,
         -0.12364675, -0.03966839],
        [-0.12067176, -0.67430217,  0.        , ..., -0.45636949,
         -0.57782014, -0.64447808],
        ...,
        [-0.34566198,  0.26297899,  0.45636949, ...,  0.        ,
          0.14166639,  0.22449987],
        [-0.47510974,  0.12364675,  0.57782014, ..., -0.14166639,
          0.        ,  0.08418544],
        [-0.54750015,  0.03966839,  0.64447808, ..., -0.22449987,
         -0.08418544,  0.        ]],

       [[ 0.        ,  0.15620361,  0.5167431 , ...,  0.27023896,
          0.26009375,  0.17997202],
        [-0.15620361,  0.        ,  0.37666778, ...,  0.11652996,
          0.10607346,  0.02410977],
        [-0.5167431 , -0.37666778,  0.        , ..., -0.26615427,
         -0.27628175, -0.35422424],
        ...,
        [-0.27023896, -0.11652996,  0.26615427, ...,  0.        ,
         -0.01052173, -0.09255057],
        [-0.26009375, -0.10607346,  0.27628175, ...,  0.01052173,
          0.        , -0.08206887],
        [-0.17997202, -0.02410977,  0.35422424, ...,  0.09255057,
          0.08206887,  0.        ]],

       ...,

       [[ 0.        ,  0.1951063 ,  0.66237183, ...,  0.33341478,
          0.01938024,  0.04796639],
        [-0.1951063 ,  0.        ,  0.50347362, ...,  0.14306488,
         -0.17606187, -0.14783715],
        [-0.66237183, -0.50347362,  0.        , ..., -0.37468497,
         -0.64772823, -0.62567417],
        ...,
        [-0.33341478, -0.14306488,  0.37468497, ...,  0.        ,
         -0.31508085, -0.28780924],
        [-0.01938024,  0.17606187,  0.64772823, ...,  0.31508085,
          0.        ,  0.02859945],
        [-0.04796639,  0.14783715,  0.62567417, ...,  0.28780924,
         -0.02859945,  0.        ]],

       [[ 0.        ,  0.16408376,  0.74462135, ...,  0.2530957 ,
          0.22643752,  0.19597561],
        [-0.16408376,  0.        ,  0.62500527, ...,  0.09092395,
          0.06354669,  0.03241747],
        [-0.74462135, -0.62500527,  0.        , ..., -0.55143929,
         -0.5741362 , -0.59937103],
        ...,
        [-0.2530957 , -0.09092395,  0.55143929, ...,  0.        ,
         -0.02745671, -0.05859297],
        [-0.22643752, -0.06354669,  0.5741362 , ...,  0.02745671,
          0.        , -0.03116134],
        [-0.19597561, -0.03241747,  0.59937103, ...,  0.05859297,
          0.03116134,  0.        ]],

       [[ 0.        , -0.09616948, -0.72487606, ..., -0.34379375,
         -0.17891201, -0.01344723],
        [ 0.09616948,  0.        , -0.65526708, ..., -0.25189278,
         -0.08346495,  0.08277588],
        [ 0.72487606,  0.65526708,  0.        , ...,  0.44385897,
          0.58993146,  0.715547  ],
        ...,
        [ 0.34379375,  0.25189278, -0.44385897, ...,  0.        ,
          0.17024021,  0.33113511],
        [ 0.17891201,  0.08346495, -0.58993146, ..., -0.17024021,
          0.        ,  0.16566557],
        [ 0.01344723, -0.08277588, -0.715547  , ..., -0.33113511,
         -0.16566557,  0.        ]]]), 'num': array([9.33141656e-01, 3.59507952e-01, 1.03171529e-05, 2.08974027e-04,
       2.13108405e-04, 2.06343059e-04, 5.78162727e-04, 1.87926283e-06,
       2.09876073e-04, 2.05873243e-04, 2.12795195e-04, 1.95756545e-07,
       2.21149465e-04, 1.90597021e-04])}
{'img': array([[[ 0.        ,  0.92169763,  0.99768797, ..., -0.41485013,
         -0.40481166, -0.35475501],
        [-0.92169763,  0.        ,  0.44965189, ..., -0.99956738,
         -0.99983052, -0.99936247],
        [-0.99768797, -0.44965189,  0.        , ..., -0.87959236,
         -0.88477449, -0.90868807],
        ...,
        [ 0.41485013,  0.99956738,  0.87959236, ...,  0.        ,
          0.01100502,  0.06508004],
        [ 0.40481166,  0.99983052,  0.88477449, ..., -0.01100502,
          0.        ,  0.05409441],
        [ 0.35475501,  0.99936247,  0.90868807, ..., -0.06508004,
         -0.05409441,  0.        ]],

       [[ 0.        ,  0.67430217,  0.99388282, ..., -0.12364675,
         -0.03966839, -0.18264324],
        [-0.67430217,  0.        , -0.80840807, ..., -0.57782014,
         -0.64447808, -0.52808599],
        [-0.99388282,  0.80840807,  0.        , ..., -0.99991158,
         -0.9974815 , -0.99733605],
        ...,
        [ 0.12364675,  0.57782014,  0.99991158, ...,  0.        ,
          0.08418544, -0.05967477],
        [ 0.03966839,  0.64447808,  0.9974815 , ..., -0.08418544,
          0.        , -0.14349834],
        [ 0.18264324,  0.52808599,  0.99733605, ...,  0.05967477,
          0.14349834,  0.        ]],

       [[ 0.        ,  0.37666778,  0.74485554, ...,  0.10607346,
          0.02410977, -0.05137919],
        [-0.37666778,  0.        ,  0.4386733 , ..., -0.27628175,
         -0.35422424, -0.42376532],
        [-0.74485554, -0.4386733 ,  0.        , ..., -0.66987834,
         -0.72855237, -0.77815327],
        ...,
        [-0.10607346,  0.27628175,  0.66987834, ...,  0.        ,
         -0.08206887, -0.15702269],
        [-0.02410977,  0.35422424,  0.72855237, ...,  0.08206887,
          0.        , -0.07544218],
        [ 0.05137919,  0.42376532,  0.77815327, ...,  0.15702269,
          0.07544218,  0.        ]],

       ...,

       [[ 0.        ,  0.50347362,  0.96542132, ..., -0.17606187,
         -0.14783715, -0.20070418],
        [-0.50347362,  0.        ,  0.70288139, ..., -0.64772823,
         -0.62567417, -0.66663943],
        [-0.96542132, -0.70288139,  0.        , ..., -0.99623895,
         -0.99335334, -0.99809932],
        ...,
        [ 0.17606187,  0.64772823,  0.99623895, ...,  0.        ,
          0.02859945, -0.02508966],
        [ 0.14783715,  0.62567417,  0.99335334, ..., -0.02859945,
          0.        , -0.05366985],
        [ 0.20070418,  0.66663943,  0.99809932, ...,  0.02508966,
          0.05366985,  0.        ]],

       [[ 0.        ,  0.62500527,  0.91775122, ...,  0.06354669,
          0.03241747,  0.02937505],
        [-0.62500527,  0.        ,  0.468191  , ..., -0.5741362 ,
         -0.59937103, -0.60180479],
        [-0.91775122, -0.468191  ,  0.        , ..., -0.89065839,
         -0.90439408, -0.9056887 ],
        ...,
        [-0.06354669,  0.5741362 ,  0.89065839, ...,  0.        ,
         -0.03116134, -0.03420359],
        [-0.03241747,  0.59937103,  0.90439408, ...,  0.03116134,
          0.        , -0.00304387],
        [-0.02937505,  0.60180479,  0.9056887 , ...,  0.03420359,
          0.00304387,  0.        ]],

       [[ 0.        , -0.65526708, -0.98883574, ..., -0.08346495,
          0.08277588,  0.19188186],
        [ 0.65526708,  0.        , -0.64932272, ...,  0.58993146,
          0.715547  ,  0.78803796],
        [ 0.98883574,  0.64932272,  0.        , ...,  0.97294833,
          0.99777665,  0.99905348],
        ...,
        [ 0.08346495, -0.58993146, -0.97294833, ...,  0.        ,
          0.16566557,  0.27312634],
        [-0.08277588, -0.715547  , -0.99777665, ..., -0.16566557,
          0.        ,  0.10998562],
        [-0.19188186, -0.78803796, -0.99905348, ..., -0.27312634,
         -0.10998562,  0.        ]]]), 'num': array([ 7.75937864e-01,  6.30801807e-01,  2.61978442e-06,  7.48124005e-04,
        7.56226431e-04,  7.40021579e-04,  2.24177924e-03, -2.70080868e-06,
        7.48664167e-04,  7.43330069e-04,  7.63698668e-04,  6.50559755e-07,
        7.89611521e-04,  6.97048617e-04])}
{'img': array([[[ 0.        ,  0.44965189, -0.64040199, ..., -0.99983052,
         -0.99936247, -0.9998987 ],
        [-0.44965189,  0.        , -0.91736014, ..., -0.88477449,
         -0.90868807, -0.89951338],
        [ 0.64040199,  0.91736014,  0.        , ..., -0.77969943,
         -0.74468638, -0.75884714],
        ...,
        [ 0.99983052,  0.88477449,  0.77969943, ...,  0.        ,
          0.05409441,  0.03263874],
        [ 0.99936247,  0.90868807,  0.74468638, ..., -0.05409441,
          0.        , -0.02147464],
        [ 0.9998987 ,  0.89951338,  0.75884714, ..., -0.03263874,
          0.02147464,  0.        ]],

       [[ 0.        , -0.80840807, -0.99929753, ..., -0.64447808,
         -0.52808599, -0.57042715],
        [ 0.80840807,  0.        , -0.55791308, ..., -0.9974815 ,
         -0.99733605, -0.99975074],
        [ 0.99929753,  0.55791308,  0.        , ..., -0.78823811,
         -0.86838491, -0.84214855],
        ...,
        [ 0.64447808,  0.9974815 ,  0.78823811, ...,  0.        ,
         -0.14349834, -0.09317931],
        [ 0.52808599,  0.99733605,  0.86838491, ...,  0.14349834,
          0.        ,  0.05065907],
        [ 0.57042715,  0.99975074,  0.84214855, ...,  0.09317931,
         -0.05065907,  0.        ]],

       [[ 0.        ,  0.4386733 ,  0.64801446, ..., -0.35422424,
         -0.42376532, -0.47291064],
        [-0.4386733 ,  0.        ,  0.24823011, ..., -0.72855237,
         -0.77815327, -0.81149915],
        [-0.64801446, -0.24823011,  0.        , ..., -0.87578465,
         -0.90970491, -0.93115427],
        ...,
        [ 0.35422424,  0.72855237,  0.87578465, ...,  0.        ,
         -0.07544218, -0.13013669],
        [ 0.42376532,  0.77815327,  0.90970491, ...,  0.07544218,
          0.        , -0.0549652 ],
        [ 0.47291064,  0.81149915,  0.93115427, ...,  0.13013669,
          0.0549652 ,  0.        ]],

       ...,

       [[ 0.        ,  0.70288139, -0.23639442, ..., -0.62567417,
         -0.66663943, -0.74383734],
        [-0.70288139,  0.        , -0.85110877, ..., -0.99335334,
         -0.99809932, -0.99887505],
        [ 0.23639442,  0.85110877,  0.        , ..., -0.42353318,
         -0.47154123, -0.56475815],
        ...,
        [ 0.62567417,  0.99335334,  0.42353318, ...,  0.        ,
         -0.05366985, -0.16207996],
        [ 0.66663943,  0.99809932,  0.47154123, ...,  0.05366985,
          0.        , -0.10888615],
        [ 0.74383734,  0.99887505,  0.56475815, ...,  0.16207996,
          0.10888615,  0.        ]],

       [[ 0.        ,  0.468191  ,  0.61623886, ..., -0.59937103,
         -0.60180479, -0.65979287],
        [-0.468191  ,  0.        ,  0.1757973 , ..., -0.90439408,
         -0.9056887 , -0.93483195],
        [-0.61623886, -0.1757973 ,  0.        , ..., -0.96532178,
         -0.96611195, -0.98269718],
        ...,
        [ 0.59937103,  0.90439408,  0.96532178, ...,  0.        ,
         -0.00304387, -0.07774941],
        [ 0.60180479,  0.9056887 ,  0.96611195, ...,  0.00304387,
          0.        , -0.07471439],
        [ 0.65979287,  0.93483195,  0.98269718, ...,  0.07774941,
          0.07471439,  0.        ]],

       [[ 0.        , -0.64932272, -0.83724617, ...,  0.715547  ,
          0.78803796,  0.91681416],
        [ 0.64932272,  0.        , -0.28166993, ...,  0.99777665,
          0.99905348,  0.95653283],
        [ 0.83724617,  0.28166993,  0.        , ...,  0.97615035,
          0.94635083,  0.83566222],
        ...,
        [-0.715547  , -0.99777665, -0.97615035, ...,  0.        ,
          0.10998562,  0.35472586],
        [-0.78803796, -0.99905348, -0.94635083, ..., -0.10998562,
          0.        ,  0.24974051],
        [-0.91681416, -0.95653283, -0.83566222, ..., -0.35472586,
         -0.24974051,  0.        ]]]), 'num': array([ 9.16922010e-01,  3.99049268e-01,  9.46750900e-06,  8.79240649e-04,
        8.90492357e-04,  8.76025875e-04,  2.72137036e-03, -1.12517085e-05,
        8.86634629e-04,  8.86956106e-04,  9.05173158e-04,  7.85833609e-07,
        9.37384012e-04,  8.36528200e-04])}
{'img': array([[[ 0.        , -0.91736014, -0.9769229 , ..., -0.90868807,
         -0.89951338, -0.86320453],
        [ 0.91736014,  0.        , -0.19293122, ..., -0.74468638,
         -0.75884714, -0.80673896],
        [ 0.9769229 ,  0.19293122,  0.        , ..., -0.60193032,
         -0.61894005, -0.67757758],
        ...,
        [ 0.90868807,  0.74468638,  0.60193032, ...,  0.        ,
         -0.02147464, -0.0983882 ],
        [ 0.89951338,  0.75884714,  0.61894005, ...,  0.02147464,
          0.        , -0.07699507],
        [ 0.86320453,  0.80673896,  0.67757758, ...,  0.0983882 ,
          0.07699507,  0.        ]],

       [[ 0.        , -0.9519888 , -0.97858968, ..., -0.58623849,
         -0.63185588, -0.64331551],
        [ 0.9519888 ,  0.        , -0.49551764, ..., -0.95070966,
         -0.93130493, -0.92578375],
        [ 0.97858968,  0.49551764,  0.        , ..., -0.67213307,
         -0.62844191, -0.61680162],
        ...,
        [ 0.58623849,  0.95070966,  0.67213307, ...,  0.        ,
          0.05750561,  0.07234981],
        [ 0.63185588,  0.93130493,  0.62844191, ..., -0.05750561,
          0.        ,  0.01487518],
        [ 0.64331551,  0.92578375,  0.61680162, ..., -0.07234981,
         -0.01487518,  0.        ]],

       [[ 0.        ,  0.24823011,  0.48595085, ..., -0.77815327,
         -0.81149915, -0.83374983],
        [-0.24823011,  0.        ,  0.25379144, ..., -0.90970491,
         -0.93115427, -0.94471274],
        [-0.48595085, -0.25379144,  0.        , ..., -0.98530847,
         -0.99320614, -0.99699986],
        ...,
        [ 0.77815327,  0.90970491,  0.98530847, ...,  0.        ,
         -0.0549652 , -0.09400554],
        [ 0.81149915,  0.93115427,  0.99320614, ...,  0.0549652 ,
          0.        , -0.03914164],
        [ 0.83374983,  0.94471274,  0.99699986, ...,  0.09400554,
          0.03914164,  0.        ]],

       ...,

       [[ 0.        , -0.85110877, -0.84338178, ..., -0.99809932,
         -0.99887505, -0.99962164],
        [ 0.85110877,  0.        ,  0.01454683, ..., -0.47154123,
         -0.56475815, -0.54820121],
        [ 0.84338178, -0.01454683,  0.        , ..., -0.48431937,
         -0.57670326, -0.56030939],
        ...,
        [ 0.99809932,  0.47154123,  0.48431937, ...,  0.        ,
         -0.10888615, -0.08905611],
        [ 0.99887505,  0.56475815,  0.57670326, ...,  0.10888615,
          0.        ,  0.01992691],
        [ 0.99962164,  0.54820121,  0.56030939, ...,  0.08905611,
         -0.01992691,  0.        ]],

       [[ 0.        ,  0.1757973 ,  0.29070373, ..., -0.9056887 ,
         -0.93483195, -0.94613517],
        [-0.1757973 ,  0.        ,  0.11797126, ..., -0.96611195,
         -0.98269718, -0.98831865],
        [-0.29070373, -0.11797126,  0.        , ..., -0.98981675,
         -0.99768559, -0.99939624],
        ...,
        [ 0.9056887 ,  0.96611195,  0.98981675, ...,  0.        ,
         -0.07471439, -0.10787119],
        [ 0.93483195,  0.98269718,  0.99768559, ...,  0.07471439,
          0.        , -0.03329127],
        [ 0.94613517,  0.98831865,  0.99939624, ...,  0.10787119,
          0.03329127,  0.        ]],

       [[ 0.        , -0.28166993, -0.0903883 , ...,  0.99905348,
          0.95653283,  0.90943993],
        [ 0.28166993,  0.        ,  0.19378834, ...,  0.94635083,
          0.83566222,  0.75548964],
        [ 0.0903883 , -0.19378834,  0.        , ...,  0.99103216,
          0.9262579 ,  0.86813058],
        ...,
        [-0.99905348, -0.94635083, -0.99103216, ...,  0.        ,
          0.24974051,  0.3758821 ],
        [-0.95653283, -0.83566222, -0.9262579 , ..., -0.24974051,
          0.        ,  0.13254503],
        [-0.90943993, -0.75548964, -0.86813058, ..., -0.3758821 ,
         -0.13254503,  0.        ]]]), 'num': array([ 9.01974028e-01,  4.31769345e-01,  8.67536316e-06,  8.61180739e-04,
        8.80247471e-04,  8.53236267e-04,  3.45868934e-03, -7.94447176e-06,
        8.73891894e-04,  8.78976355e-04,  8.90522321e-04,  8.19273650e-07,
        9.21308986e-04,  8.36643725e-04])}
{'img': array([[[ 0.        , -0.67686072, -0.43010729, ..., -0.98091353,
         -0.95652002, -0.9325228 ],
        [ 0.67686072,  0.        ,  0.29444806, ..., -0.85367316,
         -0.90152273, -0.93086232],
        [ 0.43010729, -0.29444806,  0.        , ..., -0.96917891,
         -0.98897298, -0.99717738],
        ...,
        [ 0.98091353,  0.85367316,  0.96917891, ...,  0.        ,
         -0.10010978, -0.1728949 ],
        [ 0.95652002,  0.90152273,  0.98897298, ...,  0.10010978,
          0.        , -0.07342419],
        [ 0.9325228 ,  0.93086232,  0.99717738, ...,  0.1728949 ,
          0.07342419,  0.        ]],

       [[ 0.        , -0.97637631, -0.99973832, ..., -0.75510574,
         -0.76747436, -0.90381576],
        [ 0.97637631,  0.        , -0.23835575, ..., -0.80327629,
         -0.79176858, -0.61310656],
        [ 0.99973832,  0.23835575,  0.        , ..., -0.63815794,
         -0.62335542, -0.40713446],
        ...,
        [ 0.75510574,  0.80327629,  0.63815794, ...,  0.        ,
          0.01907559,  0.26941813],
        [ 0.76747436,  0.79176858,  0.62335542, ..., -0.01907559,
          0.        ,  0.25099888],
        [ 0.90381576,  0.61310656,  0.40713446, ..., -0.26941813,
         -0.25099888,  0.        ]],

       [[ 0.        ,  0.25379144,  0.66180723, ..., -0.93115427,
         -0.94471274, -0.95189773],
        [-0.25379144,  0.        ,  0.44987812, ..., -0.99320614,
         -0.99699986, -0.99849735],
        [-0.66180723, -0.44987812,  0.        , ..., -0.93937396,
         -0.92523264, -0.91640129],
        ...,
        [ 0.93115427,  0.99320614,  0.93937396, ...,  0.        ,
         -0.03914164, -0.06176567],
        [ 0.94471274,  0.99699986,  0.92523264, ...,  0.03914164,
          0.        , -0.02265143],
        [ 0.95189773,  0.99849735,  0.91640129, ...,  0.06176567,
          0.02265143,  0.        ]],

       ...,

       [[ 0.        ,  0.02477303,  0.08189993, ..., -0.72039135,
         -0.70371585, -0.63712024],
        [-0.02477303,  0.        ,  0.05718499, ..., -0.73735204,
         -0.72110066, -0.65601888],
        [-0.08189993, -0.05718499,  0.        , ..., -0.77477439,
         -0.75954014, -0.69810542],
        ...,
        [ 0.72039135,  0.73735204,  0.77477439, ...,  0.        ,
          0.0237501 ,  0.11336594],
        [ 0.70371585,  0.72110066,  0.75954014, ..., -0.0237501 ,
          0.        ,  0.08973698],
        [ 0.63712024,  0.65601888,  0.69810542, ..., -0.11336594,
         -0.08973698,  0.        ]],

       [[ 0.        ,  0.11797126,  0.27114179, ..., -0.98269718,
         -0.98831865, -0.99703933],
        [-0.11797126,  0.        ,  0.15569642, ..., -0.99768559,
         -0.99939624, -0.99914821],
        [-0.27114179, -0.15569642,  0.        , ..., -0.99610551,
         -0.9926181 , -0.98053863],
        ...,
        [ 0.98269718,  0.99768559,  0.99610551, ...,  0.        ,
         -0.03329127, -0.10910835],
        [ 0.98831865,  0.99939624,  0.9926181 , ...,  0.03329127,
          0.        , -0.07595536],
        [ 0.99703933,  0.99914821,  0.98053863, ...,  0.10910835,
          0.07595536,  0.        ]],

       [[ 0.        ,  0.19378834,  0.19059338, ...,  0.83566222,
          0.75548964,  0.58927076],
        [-0.19378834,  0.        , -0.00325565, ...,  0.9262579 ,
          0.86813058,  0.73466867],
        [-0.19059338,  0.00325565,  0.        , ...,  0.92502597,
          0.86651008,  0.73245606],
        ...,
        [-0.83566222, -0.9262579 , -0.92502597, ...,  0.        ,
          0.13254503,  0.35150802],
        [-0.75548964, -0.86813058, -0.86651008, ..., -0.13254503,
          0.        ,  0.22432001],
        [-0.58927076, -0.73466867, -0.73245606, ..., -0.35150802,
         -0.22432001,  0.        ]]]), 'num': array([ 9.18920614e-01,  3.94418368e-01,  9.95260429e-06,  8.66945861e-04,
        8.86686564e-04,  8.60365627e-04,  3.55599148e-03, -2.46758784e-05,
        8.96885927e-04,  9.08894854e-04,  9.18902294e-04,  7.81106942e-07,
        9.55869846e-04,  8.61919862e-04])}
{'img': array([[[ 0.        ,  0.32317683,  0.64926369, ..., -0.91265587,
         -0.94046907, -0.99415809],
        [-0.32317683,  0.        ,  0.36862683, ..., -0.99577316,
         -0.99984329, -0.97569186],
        [-0.64926369, -0.36862683,  0.        , ..., -0.95950543,
         -0.93595762, -0.82619771],
        ...,
        [ 0.91265587,  0.99577316,  0.95950543, ...,  0.        ,
         -0.07420399, -0.30783469],
        [ 0.94046907,  0.99984329,  0.93595762, ...,  0.07420399,
          0.        , -0.23638538],
        [ 0.99415809,  0.97569186,  0.82619771, ...,  0.30783469,
          0.23638538,  0.        ]],

       [[ 0.        , -0.41668601, -0.98559899, ..., -0.97629374,
         -0.8550617 , -0.86009271],
        [ 0.41668601,  0.        , -0.82549784, ..., -0.79730867,
         -0.5612316 , -0.56930042],
        [ 0.98559899,  0.82549784,  0.        , ...,  0.04824197,
          0.36646847,  0.35735002],
        ...,
        [ 0.97629374,  0.79730867, -0.04824197, ...,  0.        ,
          0.32115598,  0.31187737],
        [ 0.8550617 ,  0.5612316 , -0.36646847, ..., -0.32115598,
          0.        , -0.00978141],
        [ 0.86009271,  0.56930042, -0.35735002, ..., -0.31187737,
          0.00978141,  0.        ]],

       [[ 0.        ,  0.44987812, -0.06531487, ..., -0.99699986,
         -0.99849735, -0.99989386],
        [-0.44987812,  0.        , -0.50724955, ..., -0.92523264,
         -0.91640129, -0.88644067],
        [ 0.06531487,  0.50724955,  0.        , ..., -0.98981538,
         -0.99278601, -0.99871039],
        ...,
        [ 0.99699986,  0.92523264,  0.98981538, ...,  0.        ,
         -0.02265143, -0.09192093],
        [ 0.99849735,  0.91640129,  0.99278601, ...,  0.02265143,
          0.        , -0.06934182],
        [ 0.99989386,  0.88644067,  0.99871039, ...,  0.09192093,
          0.06934182,  0.        ]],

       ...,

       [[ 0.        ,  0.05718499,  0.03416396, ..., -0.72110066,
         -0.65601888, -0.75269275],
        [-0.05718499,  0.        , -0.02304354, ..., -0.75954014,
         -0.69810542, -0.78911003],
        [-0.03416396,  0.02304354,  0.        , ..., -0.74434954,
         -0.68142099, -0.77474595],
        ...,
        [ 0.72110066,  0.75954014,  0.74434954, ...,  0.        ,
          0.08973698, -0.0467359 ],
        [ 0.65601888,  0.69810542,  0.68142099, ..., -0.08973698,
          0.        , -0.13618627],
        [ 0.75269275,  0.78911003,  0.77474595, ...,  0.0467359 ,
          0.13618627,  0.        ]],

       [[ 0.        ,  0.15569642,  0.34800188, ..., -0.99939624,
         -0.99914821, -0.99991808],
        [-0.15569642,  0.        ,  0.19779355, ..., -0.9926181 ,
         -0.98053863, -0.98573112],
        [-0.34800188, -0.19779355,  0.        , ..., -0.94901885,
         -0.92233474, -0.93296262],
        ...,
        [ 0.99939624,  0.9926181 ,  0.94901885, ...,  0.        ,
         -0.07595536, -0.04753355],
        [ 0.99914821,  0.98053863,  0.92233474, ...,  0.07595536,
          0.        ,  0.02847327],
        [ 0.99991808,  0.98573112,  0.93296262, ...,  0.04753355,
         -0.02847327,  0.        ]],

       [[ 0.        , -0.03553301,  0.08291697, ...,  0.78093177,
          0.61997059,  0.69800055],
        [ 0.03553301,  0.        ,  0.11827525, ...,  0.75824412,
          0.59169899,  0.67211467],
        [-0.08291697, -0.11827525,  0.        , ...,  0.8300339 ,
          0.68289443,  0.75497356],
        ...,
        [-0.78093177, -0.75824412, -0.8300339 , ...,  0.        ,
          0.22549488,  0.12324053],
        [-0.61997059, -0.59169899, -0.68289443, ..., -0.22549488,
          0.        , -0.1037095 ],
        [-0.69800055, -0.67211467, -0.75497356, ..., -0.12324053,
          0.1037095 ,  0.        ]]]), 'num': array([ 9.54694222e-01,  2.97563949e-01,  1.24929710e-05,  9.00178456e-04,
        9.19003481e-04,  8.95044359e-04,  2.78239000e-03, -1.71136589e-06,
        9.22768486e-04,  9.44417264e-04,  9.53230799e-04,  6.56023590e-07,
        9.96260918e-04,  8.92573610e-04])}
{'img': array([[[ 0.        ,  0.36862683, -0.45272443, ..., -0.99984329,
         -0.97569186, -0.97179055],
        [-0.36862683,  0.        , -0.74952872, ..., -0.93595762,
         -0.82619771, -0.81641559],
        [ 0.45272443,  0.74952872,  0.        , ..., -0.88349614,
         -0.96918931, -0.97327057],
        ...,
        [ 0.99984329,  0.93595762,  0.88349614, ...,  0.        ,
         -0.23638538, -0.25301229],
        [ 0.97569186,  0.82619771,  0.96918931, ...,  0.23638538,
          0.        , -0.01714764],
        [ 0.97179055,  0.81641559,  0.97327057, ...,  0.25301229,
          0.01714764,  0.        ]],

       [[ 0.        , -0.82549784, -0.24724014, ..., -0.5612316 ,
         -0.56930042, -0.82612835],
        [ 0.82549784,  0.        ,  0.66032598, ...,  0.36646847,
          0.35735002, -0.00111804],
        [ 0.24724014, -0.66032598,  0.        , ..., -0.33917726,
         -0.34836262, -0.66116519],
        ...,
        [ 0.5612316 , -0.36646847,  0.33917726, ...,  0.        ,
         -0.00978141, -0.36750849],
        [ 0.56930042, -0.35735002,  0.34836262, ...,  0.00978141,
          0.        , -0.35839401],
        [ 0.82612835,  0.00111804,  0.66116519, ...,  0.36750849,
          0.35839401,  0.        ]],

       [[ 0.        , -0.50724955, -0.77469607, ..., -0.91640129,
         -0.88644067, -0.84097814],
        [ 0.50724955,  0.        , -0.34688145, ..., -0.99278601,
         -0.99871039, -0.99921136],
        [ 0.77469607,  0.34688145,  0.        , ..., -0.88955192,
         -0.91908844, -0.95094298],
        ...,
        [ 0.91640129,  0.99278601,  0.88955192, ...,  0.        ,
         -0.06934182, -0.15922588],
        [ 0.88644067,  0.99871039,  0.91908844, ...,  0.06934182,
          0.        , -0.09038545],
        [ 0.84097814,  0.99921136,  0.95094298, ...,  0.15922588,
          0.09038545,  0.        ]],

       ...,

       [[ 0.        , -0.02304354, -0.36756195, ..., -0.69810542,
         -0.78911003, -0.93648213],
        [ 0.02304354,  0.        , -0.34603387, ..., -0.68142099,
         -0.77474595, -0.92815174],
        [ 0.36756195,  0.34603387,  0.        , ..., -0.38606486,
         -0.50809596, -0.74201789],
        ...,
        [ 0.69810542,  0.68142099,  0.38606486, ...,  0.        ,
         -0.13618627, -0.42568026],
        [ 0.78911003,  0.77474595,  0.50809596, ...,  0.13618627,
          0.        , -0.29848294],
        [ 0.93648213,  0.92815174,  0.74201789, ...,  0.42568026,
          0.29848294,  0.        ]],

       [[ 0.        ,  0.19779355,  0.33084854, ..., -0.98053863,
         -0.98573112, -0.98959726],
        [-0.19779355,  0.        ,  0.13765762, ..., -0.92233474,
         -0.93296262, -0.94159082],
        [-0.33084854, -0.13765762,  0.        , ..., -0.86036422,
         -0.87452764, -0.88626929],
        ...,
        [ 0.98053863,  0.92233474,  0.86036422, ...,  0.        ,
          0.02847327,  0.0532183 ],
        [ 0.98573112,  0.93296262,  0.87452764, ..., -0.02847327,
          0.        ,  0.0247638 ],
        [ 0.98959726,  0.94159082,  0.88626929, ..., -0.0532183 ,
         -0.0247638 ,  0.        ]],

       [[ 0.        ,  0.11827525,  0.34552312, ...,  0.59169899,
          0.67211467,  0.7328722 ],
        [-0.11827525,  0.        ,  0.23210713, ...,  0.68289443,
          0.75497356,  0.80819856],
        [-0.34552312, -0.23210713,  0.        , ...,  0.83380296,
          0.88656087,  0.92281707],
        ...,
        [-0.59169899, -0.68289443, -0.83380296, ...,  0.        ,
         -0.1037095 , -0.18823943],
        [-0.67211467, -0.75497356, -0.88656087, ...,  0.1037095 ,
          0.        , -0.08536888],
        [-0.7328722 , -0.80819856, -0.92281707, ...,  0.18823943,
          0.08536888,  0.        ]]]), 'num': array([9.24693273e-01, 3.80667654e-01, 9.80226341e-06, 8.91845277e-04,
       8.93452206e-04, 8.43637425e-04, 5.31663519e-03, 4.66009244e-05,
       8.66777194e-04, 8.87185185e-04, 8.92970127e-04, 8.67047713e-07,
       9.35892879e-04, 8.38477490e-04])}
{'img': array([[[ 0.        , -0.74952872, -0.66540912, ..., -0.82619771,
         -0.81641559, -0.98561364],
        [ 0.74952872,  0.        ,  0.11902526, ..., -0.96918931,
         -0.97327057, -0.77912937],
        [ 0.66540912, -0.11902526,  0.        , ..., -0.99161751,
         -0.99368733, -0.84820327],
        ...,
        [ 0.82619771,  0.96918931,  0.99161751, ...,  0.        ,
         -0.01714764,  0.41563624],
        [ 0.81641559,  0.97327057,  0.99368733, ...,  0.01714764,
          0.        ,  0.43117144],
        [ 0.98561364,  0.77912937,  0.84820327, ..., -0.41563624,
         -0.43117144,  0.        ]],

       [[ 0.        ,  0.66032598,  0.65707524, ...,  0.35735002,
         -0.00111804,  0.90199707],
        [-0.66032598,  0.        , -0.00432047, ..., -0.34836262,
         -0.66116519,  0.39229039],
        [-0.65707524,  0.00432047,  0.        , ..., -0.34430953,
         -0.65791763,  0.39626087],
        ...,
        [-0.35735002,  0.34836262,  0.34430953, ...,  0.        ,
         -0.35839401,  0.68815563],
        [ 0.00111804,  0.66116519,  0.65791763, ...,  0.35839401,
          0.        ,  0.90247921],
        [-0.90199707, -0.39229039, -0.39626087, ..., -0.68815563,
         -0.90247921,  0.        ]],

       [[ 0.        , -0.6574463 , -0.71660523, ..., -0.90614406,
         -0.86194441, -0.86358593],
        [ 0.6574463 ,  0.        , -0.08140806, ..., -0.96086035,
         -0.98280343, -0.98219874],
        [ 0.71660523,  0.08140806,  0.        , ..., -0.93511838,
         -0.96450897, -0.96364661],
        ...,
        [ 0.90614406,  0.96086035,  0.93511838, ...,  0.        ,
         -0.09484165, -0.09160912],
        [ 0.86194441,  0.98280343,  0.96450897, ...,  0.09484165,
          0.        ,  0.00324667],
        [ 0.86358593,  0.98219874,  0.96364661, ...,  0.09160912,
         -0.00324667,  0.        ]],

       ...,

       [[ 0.        , -0.34603387, -0.36419871, ..., -0.77474595,
         -0.92815174, -0.61905724],
        [ 0.34603387,  0.        , -0.01943055, ..., -0.50809596,
         -0.74201789, -0.30905687],
        [ 0.36419871,  0.01943055,  0.        , ..., -0.4912645 ,
         -0.72885195, -0.29051922],
        ...,
        [ 0.77474595,  0.50809596,  0.4912645 , ...,  0.        ,
         -0.29848294,  0.21703057],
        [ 0.92815174,  0.74201789,  0.72885195, ...,  0.29848294,
          0.        ,  0.49850577],
        [ 0.61905724,  0.30905687,  0.29051922, ..., -0.21703057,
         -0.49850577,  0.        ]],

       [[ 0.        ,  0.13765762,  0.33522234, ..., -0.93296262,
         -0.94159082, -0.94358644],
        [-0.13765762,  0.        ,  0.20233837, ..., -0.87452764,
         -0.88626929, -0.88902132],
        [-0.33522234, -0.20233837,  0.        , ..., -0.75830944,
         -0.77422028, -0.77798869],
        ...,
        [ 0.93296262,  0.87452764,  0.75830944, ...,  0.        ,
          0.0247638 ,  0.03073742],
        [ 0.94159082,  0.88626929,  0.77422028, ..., -0.0247638 ,
          0.        ,  0.0059759 ],
        [ 0.94358644,  0.88902132,  0.77798869, ..., -0.03073742,
         -0.0059759 ,  0.        ]],

       [[ 0.        ,  0.3263842 ,  0.61491728, ...,  0.67312037,
          0.73391567,  0.72843595],
        [-0.3263842 ,  0.        ,  0.32385884, ...,  0.87763027,
          0.91541778,  0.91215511],
        [-0.61491728, -0.32385884,  0.        , ...,  0.98556866,
          0.99643653,  0.99572686],
        ...,
        [-0.67312037, -0.87763027, -0.98556866, ...,  0.        ,
         -0.08554413, -0.07753826],
        [-0.73391567, -0.91541778, -0.99643653, ...,  0.08554413,
          0.        ,  0.00803255],
        [-0.72843595, -0.91215511, -0.99572686, ...,  0.07753826,
         -0.00803255,  0.        ]]]), 'num': array([9.53816205e-01, 3.00199518e-01, 1.11920666e-05, 9.35073945e-04,
       9.44680869e-04, 8.74230092e-04, 1.04138096e-02, 4.64334664e-05,
       8.75511015e-04, 8.85998574e-04, 8.88320247e-04, 9.52585300e-07,
       9.39259754e-04, 8.32737394e-04])}
{'img': array([[[ 0.        ,  0.42916564, -0.39373375, ..., -0.99512754,
         -0.9229339 , -0.63999594],
        [-0.42916564,  0.        , -0.75013006, ..., -0.85651084,
         -0.99882866, -0.90782241],
        [ 0.39373375,  0.75013006,  0.        , ..., -0.95356623,
         -0.69681234, -0.2857635 ],
        ...,
        [ 0.99512754,  0.85651084,  0.95356623, ...,  0.        ,
          0.4740804 ,  0.82773547],
        [ 0.9229339 ,  0.99882866,  0.69681234, ..., -0.4740804 ,
          0.        ,  0.46279052],
        [ 0.63999594,  0.90782241,  0.2857635 , ..., -0.82773547,
         -0.46279052,  0.        ]],

       [[ 0.        , -0.00254698, -0.35492629, ..., -0.4546794 ,
          0.21448   ,  0.93846998],
        [ 0.00254698,  0.        , -0.35254398, ..., -0.45240945,
          0.21696701,  0.93758731],
        [ 0.35492629,  0.35254398,  0.        , ..., -0.10896024,
          0.5471827 ,  0.75479259],
        ...,
        [ 0.4546794 ,  0.45240945,  0.10896024, ...,  0.        ,
          0.63512599,  0.6788247 ],
        [-0.21448   , -0.21696701, -0.5471827 , ..., -0.63512599,
          0.        ,  0.99070325],
        [-0.93846998, -0.93758731, -0.75479259, ..., -0.6788247 ,
         -0.99070325,  0.        ]],

       [[ 0.        , -0.35172802, -0.50036478, ..., -0.89912123,
         -0.90066952, -0.94866124],
        [ 0.35172802,  0.        , -0.1638613 , ..., -0.99562064,
         -0.99594626, -0.99929335],
        [ 0.50036478,  0.1638613 ,  0.        , ..., -0.99748188,
         -0.9972238 , -0.97962719],
        ...,
        [ 0.89912123,  0.99562064,  0.99748188, ...,  0.        ,
          0.00355028,  0.13084213],
        [ 0.90066952,  0.99594626,  0.9972238 , ..., -0.00355028,
          0.        ,  0.12732155],
        [ 0.94866124,  0.99929335,  0.97962719, ..., -0.13084213,
         -0.12732155,  0.        ]],

       ...,

       [[ 0.        , -0.01943055, -0.10134551, ..., -0.74201789,
         -0.30905687, -0.11357347],
        [ 0.01943055,  0.        , -0.08199588, ..., -0.72885195,
         -0.29051922, -0.09424721],
        [ 0.10134551,  0.08199588,  0.        , ..., -0.67025744,
         -0.21108162, -0.01229895],
        ...,
        [ 0.74201789,  0.72885195,  0.67025744, ...,  0.        ,
          0.49850577,  0.66107934],
        [ 0.30905687,  0.29051922,  0.21108162, ..., -0.49850577,
          0.        ,  0.19904382],
        [ 0.11357347,  0.09424721,  0.01229895, ..., -0.66107934,
         -0.19904382,  0.        ]],

       [[ 0.        ,  0.20233837,  0.35881992, ..., -0.88626929,
         -0.88902132, -0.92631029],
        [-0.20233837,  0.        ,  0.16253396, ..., -0.77422028,
         -0.77798869, -0.83091687],
        [-0.35881992, -0.16253396,  0.        , ..., -0.66105505,
         -0.66552718, -0.72943478],
        ...,
        [ 0.88626929,  0.77422028,  0.66105505, ...,  0.        ,
          0.0059759 ,  0.09512726],
        [ 0.88902132,  0.77798869,  0.66552718, ..., -0.0059759 ,
          0.        ,  0.08917676],
        [ 0.92631029,  0.83091687,  0.72943478, ..., -0.09512726,
         -0.08917676,  0.        ]],

       [[ 0.        ,  0.54421699,  0.74686613, ...,  0.74217106,
          0.73667298,  0.77493095],
        [-0.54421699,  0.        ,  0.26468886, ...,  0.98738027,
          0.98605402,  0.99409417],
        [-0.74686613, -0.26468886,  0.        , ...,  0.9940823 ,
          0.99493628,  0.98736294],
        ...,
        [-0.74217106, -0.98738027, -0.9940823 , ...,  0.        ,
          0.00816658, -0.05028069],
        [-0.73667298, -0.98605402, -0.99493628, ..., -0.00816658,
          0.        , -0.05843526],
        [-0.77493095, -0.99409417, -0.98736294, ...,  0.05028069,
          0.05843526,  0.        ]]]), 'num': array([9.91605944e-01, 1.29131831e-01, 1.46182053e-05, 9.73447081e-04,
       9.86646364e-04, 9.45398606e-04, 5.96662014e-03, 9.89946184e-06,
       9.18010095e-04, 9.16277689e-04, 9.14710274e-04, 8.73481927e-07,
       9.77054213e-04, 8.55501165e-04])}
{'img': array([[[ 0.        , -0.75013006, -0.87513935, ..., -0.99882866,
         -0.90782241, -0.85651084],
        [ 0.75013006,  0.        , -0.21575503, ..., -0.69681234,
         -0.2857635 , -0.17923843],
        [ 0.87513935,  0.21575503,  0.        , ..., -0.52564964,
         -0.07227498,  0.0372441 ],
        ...,
        [ 0.99882866,  0.69681234,  0.52564964, ...,  0.        ,
          0.46279052,  0.55696854],
        [ 0.90782241,  0.2857635 ,  0.07227498, ..., -0.46279052,
          0.        ,  0.10937153],
        [ 0.85651084,  0.17923843, -0.0372441 , ..., -0.55696854,
         -0.10937153,  0.        ]],

       [[ 0.        , -0.35254398, -0.66428542, ...,  0.21696701,
          0.93758731,  0.3226647 ],
