state_0,state_1,state_2,state_3,state_4,state_5,state_6,state_7,state_8,state_9,state_10,state_11,state_12,state_13,state_14,state_15,state_16,state_17,state_18,state_19,state_20,state_21,state_22,state_23,state_24,state_25,state_26,state_27,state_28,state_29,state_30,state_31,state_32,state_33,state_34,state_35,state_36,state_37,state_38,state_39,state_40,state_41,state_42,state_43,state_44,state_45,state_46,state_47,state_48,state_49,state_50,state_51,state_52,state_53,state_54,state_55,state_56,state_57,state_58,state_59,state_60,state_61,state_62,state_63,state_64,state_65,state_66,state_67,state_68,state_69,state_70,state_71,state_72,state_73,state_74,state_75,state_76,state_77,state_78,state_79,state_80,state_81,state_82,state_83,state_84,state_85,state_86,state_87,state_88,state_89,state_90,state_91,state_92,state_93,state_94,state_95,state_96,state_97,state_98,state_99,state_100,state_101,state_102,state_103,state_104,state_105,state_106,state_107,state_108,state_109,state_110,state_111,state_112,state_113,state_114,state_115,state_116,state_117,state_118,state_119,state_120,state_121,state_122,state_123,state_124,state_125,state_126,state_127,state_128,state_129,state_130,state_131,state_132,state_133,state_134,state_135,state_136,state_137,state_138,state_139,state_140,state_141,state_142,state_143,state_144,state_145,state_146,state_147,state_148,state_149,state_150,state_151,state_152,state_153,state_154,state_155,state_156,state_157,state_158,state_159,state_160,state_161,state_162,state_163,state_164,state_165,state_166,state_167,state_168,state_169,state_170,state_171,state_172,state_173,state_174,state_175,state_176,state_177,state_178,state_179,state_180,state_181,state_182,state_183,state_184,state_185,state_186,state_187,state_188,state_189,state_190,state_191,state_192,state_193,state_194,state_195,state_196,state_197,state_198,state_199,state_200,state_201,state_202,state_203,state_204,state_205,state_206,state_207,state_208,state_209,state_210,state_211,state_212,state_213,state_214,state_215,state_216,state_217,state_218,state_219,state_220,state_221,state_222,state_223,state_224,state_225,state_226,state_227,state_228,state_229,state_230,state_231,state_232,state_233,state_234,state_235,state_236,state_237,state_238,state_239,state_240,state_241,state_242,state_243,state_244,state_245,state_246,state_247,state_248,state_249,state_250,state_251,state_252,state_253,state_254,state_255,state_256,state_257,state_258,state_259,state_260,state_261,state_262,state_263,state_264,state_265,state_266,state_267,state_268,state_269,state_270,state_271,state_272,state_273,state_274,state_275,state_276,state_277,state_278,state_279,state_280,state_281,state_282,state_283,state_284,state_285,state_286,state_287
{'img': array([[[ 0.        ,  0.13696149,  0.30004545, ..., -0.99885865,
         -0.99999773, -0.98917402],
        [-0.13696149,  0.        ,  0.16656696, ..., -0.98290396,
         -0.99028209, -0.9597537 ],
        [-0.30004545, -0.16656696,  0.        , ..., -0.9385048 ,
         -0.95328298, -0.8995669 ],
        ...,
        [ 0.99885865,  0.98290396,  0.9385048 , ...,  0.        ,
          0.04563404, -0.09933292],
        [ 0.99999773,  0.99028209,  0.95328298, ..., -0.04563404,
          0.        , -0.14463779],
        [ 0.98917402,  0.9597537 ,  0.8995669 , ...,  0.09933292,
          0.14463779,  0.        ]],

       [[ 0.        ,  0.34300826,  0.3092909 , ..., -0.2465834 ,
         -0.04703957, -0.45296244],
        [-0.34300826,  0.        , -0.03566274, ..., -0.56404048,
         -0.38681435, -0.73128431],
        [-0.3092909 ,  0.03566274,  0.        , ..., -0.53423328,
         -0.35368162, -0.70649454],
        ...,
        [ 0.2465834 ,  0.56404048,  0.53423328, ...,  0.        ,
          0.20072338, -0.21913928],
        [ 0.04703957,  0.38681435,  0.35368162, ..., -0.20072338,
          0.        , -0.41052386],
        [ 0.45296244,  0.73128431,  0.70649454, ...,  0.21913928,
          0.41052386,  0.        ]],

       [[ 0.        ,  0.12962326,  0.35278287, ..., -0.90662191,
         -0.82135755, -0.63473818],
        [-0.12962326,  0.        ,  0.2285174 , ..., -0.84427928,
         -0.74048914, -0.52921967],
        [-0.35278287, -0.2285174 ,  0.        , ..., -0.69947625,
         -0.56731636, -0.32132288],
        ...,
        [ 0.90662191,  0.84427928,  0.69947625, ...,  0.        ,
         -0.17058269, -0.43274754],
        [ 0.82135755,  0.74048914,  0.56731636, ...,  0.17058269,
          0.        , -0.27262203],
        [ 0.63473818,  0.52921967,  0.32132288, ...,  0.43274754,
          0.27262203,  0.        ]],

       ...,

       [[ 0.        ,  0.48089572,  0.55593967, ..., -0.09326955,
         -0.14634728, -0.11943331],
        [-0.48089572,  0.        ,  0.08770416, ..., -0.56057611,
         -0.60403209, -0.58217005],
        [-0.55593967, -0.08770416,  0.        , ..., -0.63104404,
         -0.6716012 , -0.65123606],
        ...,
        [ 0.09326955,  0.56057611,  0.63104404, ...,  0.        ,
         -0.053444  , -0.02631074],
        [ 0.14634728,  0.60403209,  0.6716012 , ...,  0.053444  ,
          0.        ,  0.02715236],
        [ 0.11943331,  0.58217005,  0.65123606, ...,  0.02631074,
         -0.02715236,  0.        ]],

       [[ 0.        , -0.29598105, -0.57406423, ..., -0.50206807,
         -0.37883513, -0.        ],
        [ 0.29598105,  0.        , -0.30599028, ..., -0.73554504,
         -0.63578083, -0.29598105],
        [ 0.57406423,  0.30599028,  0.        , ..., -0.90756538,
         -0.84146998, -0.57406423],
        ...,
        [ 0.50206807,  0.73554504,  0.90756538, ...,  0.        ,
         -0.13701875, -0.50206807],
        [ 0.37883513,  0.63578083,  0.84146998, ...,  0.13701875,
          0.        , -0.37883513],
        [ 0.        ,  0.29598105,  0.57406423, ...,  0.50206807,
          0.37883513,  0.        ]],

       [[ 0.        , -0.03307301,  0.02975407, ..., -0.96618166,
         -0.92464151, -0.76412186],
        [ 0.03307301,  0.        ,  0.06279617, ..., -0.97418139,
         -0.93673115, -0.78503832],
        [-0.02975407, -0.06279617,  0.        , ..., -0.95808143,
         -0.91290062, -0.74459003],
        ...,
        [ 0.96618166,  0.97418139,  0.95808143, ...,  0.        ,
         -0.1295291 , -0.4262184 ],
        [ 0.92464151,  0.93673115,  0.91290062, ...,  0.1295291 ,
          0.        , -0.30545312],
        [ 0.76412186,  0.78503832,  0.74459003, ...,  0.4262184 ,
          0.30545312,  0.        ]]]), 'num': array([ 8.19251670e-01,  5.73375464e-01,  2.16631019e-06,  1.78171164e-03,
        1.81310744e-03,  1.75816479e-03,  6.32198383e-03, -7.84894995e-06,
        1.78642101e-03,  1.87511414e-03,  1.99363329e-03,  5.33728597e-07,
        2.02435982e-03,  1.72586847e-03])}
{'img': array([[[ 0.        ,  0.16656696,  0.61998282, ..., -0.99028209,
         -0.9597537 , -0.94275276],
        [-0.16656696,  0.        ,  0.48063075, ..., -0.95328298,
         -0.8995669 , -0.87403381],
        [-0.61998282, -0.48063075,  0.        , ..., -0.69076752,
         -0.57891962, -0.53293871],
        ...,
        [ 0.99028209,  0.95328298,  0.69076752, ...,  0.        ,
         -0.14463779, -0.19913991],
        [ 0.9597537 ,  0.8995669 ,  0.57891962, ...,  0.14463779,
          0.        , -0.05530504],
        [ 0.94275276,  0.87403381,  0.53293871, ...,  0.19913991,
          0.05530504,  0.        ]],

       [[ 0.        , -0.03566274,  0.96206395, ..., -0.38681435,
         -0.73128431, -0.6710369 ],
        [ 0.03566274,  0.        ,  0.97118161, ..., -0.35368162,
         -0.70649454, -0.64416884],
        [-0.96206395, -0.97118161,  0.        , ..., -0.99270685,
         -0.85570956, -0.89637226],
        ...,
        [ 0.38681435,  0.35368162,  0.99270685, ...,  0.        ,
         -0.41052386, -0.33200837],
        [ 0.73128431,  0.70649454,  0.85570956, ...,  0.41052386,
          0.        ,  0.0844957 ],
        [ 0.6710369 ,  0.64416884,  0.89637226, ...,  0.33200837,
         -0.0844957 ,  0.        ]],

       [[ 0.        ,  0.22718758,  0.5264804 , ..., -0.78481766,
         -0.69387328, -0.5264804 ],
        [-0.22718758,  0.        ,  0.31956148, ..., -0.62350125,
         -0.51213207, -0.31956148],
        [-0.5264804 , -0.31956148,  0.        , ..., -0.34096799,
         -0.2108052 , -0.        ],
        ...,
        [ 0.78481766,  0.62350125,  0.34096799, ...,  0.        ,
         -0.13513311, -0.34096799],
        [ 0.69387328,  0.51213207,  0.2108052 , ...,  0.13513311,
          0.        , -0.2108052 ],
        [ 0.5264804 ,  0.31956148,  0.        , ...,  0.34096799,
          0.2108052 ,  0.        ]],

       ...,

       [[ 0.        ,  0.08770416, -0.06222345, ..., -0.60403209,
         -0.58217005, -0.55927604],
        [-0.08770416,  0.        , -0.14951789, ..., -0.6716012 ,
         -0.65123606, -0.62982603],
        [ 0.06222345,  0.14951789,  0.        , ..., -0.55327202,
         -0.53045011, -0.50661021],
        ...,
        [ 0.60403209,  0.6716012 ,  0.55327202, ...,  0.        ,
          0.02715236,  0.0550108 ],
        [ 0.58217005,  0.65123606,  0.53045011, ..., -0.02715236,
          0.        ,  0.02787927],
        [ 0.55927604,  0.62982603,  0.50661021, ..., -0.0550108 ,
         -0.02787927,  0.        ]],

       [[ 0.        , -0.49354739, -0.68223209, ..., -0.60462746,
         -0.49707228, -0.        ],
        [ 0.49354739,  0.        , -0.23250005, ..., -0.91897057,
         -0.86056874, -0.49354739],
        [ 0.68223209,  0.23250005,  0.        , ..., -0.9854683 ,
         -0.9554063 , -0.68223209],
        ...,
        [ 0.60462746,  0.91897057,  0.9854683 , ...,  0.        ,
         -0.12871852, -0.60462746],
        [ 0.49707228,  0.86056874,  0.9554063 , ...,  0.12871852,
          0.        , -0.49707228],
        [ 0.        ,  0.49354739,  0.68223209, ...,  0.60462746,
          0.49707228,  0.        ]],

       [[ 0.        ,  0.06279617,  0.17496876, ..., -0.93673115,
         -0.78503832, -0.8709594 ],
        [-0.06279617,  0.        ,  0.11279596, ..., -0.91290062,
         -0.74459003, -0.83838525],
        [-0.17496876, -0.11279596,  0.        , ..., -0.86103337,
         -0.66454439, -0.7715522 ],
        ...,
        [ 0.93673115,  0.91290062,  0.86103337, ...,  0.        ,
         -0.30545312, -0.15538849],
        [ 0.78503832,  0.74459003,  0.66454439, ...,  0.30545312,
          0.        ,  0.15378088],
        [ 0.8709594 ,  0.83838525,  0.7715522 , ...,  0.15538849,
         -0.15378088,  0.        ]]]), 'num': array([ 7.71955090e-01,  6.35635901e-01,  1.22810080e-06,  1.14553940e-03,
        1.17649992e-03,  1.13521923e-03,  6.38447293e-03, -2.58004369e-05,
        1.17443589e-03,  1.22345672e-03,  1.30567411e-03,  2.92080418e-07,
        1.31758554e-03,  1.12932790e-03])}
{'img': array([[[ 0.        ,  0.48063075, -0.57037256, ..., -0.8995669 ,
         -0.87403381, -0.48063075],
        [-0.48063075,  0.        , -0.89495628, ..., -0.57891962,
         -0.53293871, -0.        ],
        [ 0.57037256,  0.89495628,  0.        , ..., -0.9880208 ,
         -0.99504335, -0.89495628],
        ...,
        [ 0.8995669 ,  0.57891962,  0.9880208 , ...,  0.        ,
         -0.05530504, -0.57891962],
        [ 0.87403381,  0.53293871,  0.99504335, ...,  0.05530504,
          0.        , -0.53293871],
        [ 0.48063075,  0.        ,  0.89495628, ...,  0.57891962,
          0.53293871,  0.        ]],

       [[ 0.        ,  0.97118161,  0.6666312 , ..., -0.70649454,
         -0.64416884, -0.33888331],
        [-0.97118161,  0.        , -0.56502153, ..., -0.85570956,
         -0.89637226, -0.99448493],
        [-0.6666312 ,  0.56502153,  0.        , ..., -0.99839958,
         -0.99005063, -0.87978503],
        ...,
        [ 0.70649454,  0.85570956,  0.99839958, ...,  0.        ,
          0.0844957 ,  0.42485615],
        [ 0.64416884,  0.89637226,  0.99005063, ..., -0.0844957 ,
          0.        ,  0.34684615],
        [ 0.33888331,  0.99448493,  0.87978503, ..., -0.42485615,
         -0.34684615,  0.        ]],

       [[ 0.        ,  0.31956148, -0.04400797, ..., -0.51213207,
         -0.31956148, -0.31956148],
        [-0.31956148,  0.        , -0.36095232, ..., -0.2108052 ,
         -0.        , -0.        ],
        [ 0.04400797,  0.36095232,  0.        , ..., -0.54943465,
         -0.36095232, -0.36095232],
        ...,
        [ 0.51213207,  0.2108052 ,  0.54943465, ...,  0.        ,
         -0.2108052 , -0.2108052 ],
        [ 0.31956148,  0.        ,  0.36095232, ...,  0.2108052 ,
          0.        ,  0.        ],
        [ 0.31956148,  0.        ,  0.36095232, ...,  0.2108052 ,
          0.        ,  0.        ]],

       ...,

       [[ 0.        , -0.14951789, -0.36882581, ..., -0.65123606,
         -0.62982603, -0.80439902],
        [ 0.14951789,  0.        , -0.22570319, ..., -0.53045011,
         -0.50661021, -0.7065298 ],
        [ 0.36882581,  0.22570319,  0.        , ..., -0.32543019,
         -0.298942  , -0.52857221],
        ...,
        [ 0.65123606,  0.53045011,  0.32543019, ...,  0.        ,
          0.02787927, -0.22354605],
        [ 0.62982603,  0.50661021,  0.298942  , ..., -0.02787927,
          0.        , -0.2506329 ],
        [ 0.80439902,  0.7065298 ,  0.52857221, ...,  0.22354605,
          0.2506329 ,  0.        ]],

       [[ 0.        , -0.51314462, -0.80523178, ..., -0.6301467 ,
         -0.41076745, -0.        ],
        [ 0.51314462,  0.        , -0.38685785, ..., -0.93930081,
         -0.82041714, -0.51314462],
        [ 0.80523178,  0.38685785,  0.        , ..., -0.99889514,
         -0.97773089, -0.80523178],
        ...,
        [ 0.6301467 ,  0.93930081,  0.99889514, ...,  0.        ,
         -0.25557894, -0.6301467 ],
        [ 0.41076745,  0.82041714,  0.97773089, ...,  0.25557894,
          0.        , -0.41076745],
        [ 0.        ,  0.51314462,  0.80523178, ...,  0.6301467 ,
          0.41076745,  0.        ]],

       [[ 0.        ,  0.11155698,  0.33665622, ..., -0.89415922,
         -0.91140308, -0.73894034],
        [-0.11155698,  0.        ,  0.22950969, ..., -0.83862837,
         -0.85980679, -0.65916406],
        [-0.33665622, -0.22950969,  0.        , ..., -0.69122749,
         -0.71966331, -0.46897748],
        ...,
        [ 0.89415922,  0.83862837,  0.69122749, ...,  0.        ,
          0.0401202 , -0.27159853],
        [ 0.91140308,  0.85980679,  0.71966331, ..., -0.0401202 ,
          0.        , -0.30999197],
        [ 0.73894034,  0.65916406,  0.46897748, ...,  0.27159853,
          0.30999197,  0.        ]]]), 'num': array([7.44675377e-01, 6.67398322e-01, 6.74908776e-07, 1.13642728e-03,
       1.13642728e-03, 1.08680163e-03, 5.22894507e-03, 3.47379517e-05,
       1.12848717e-03, 1.16967646e-03, 1.25122794e-03, 3.76470413e-07,
       1.24951671e-03, 1.08983621e-03])}
{'img': array([[[ 0.        , -0.89495628, -0.97300851, ..., -0.53293871,
         -0.        , -0.61998282],
        [ 0.89495628,  0.        , -0.22758312, ..., -0.99504335,
         -0.89495628, -0.97880419],
        [ 0.97300851,  0.22758312,  0.        , ..., -0.94630075,
         -0.97300851, -0.90651041],
        ...,
        [ 0.53293871,  0.99504335,  0.94630075, ...,  0.        ,
         -0.53293871,  0.10644894],
        [ 0.        ,  0.89495628,  0.97300851, ...,  0.53293871,
          0.        ,  0.61998282],
        [ 0.61998282,  0.97880419,  0.90651041, ..., -0.10644894,
         -0.61998282,  0.        ]],

       [[ 0.        , -0.56502153,  0.58927408, ..., -0.89637226,
         -0.99448493, -0.97206962],
        [ 0.56502153,  0.        ,  0.94269565, ..., -0.99005063,
         -0.87978503, -0.93463789],
        [-0.58927408, -0.94269565,  0.        , ..., -0.46298245,
         -0.74167457, -0.647069  ],
        ...,
        [ 0.89637226,  0.99005063,  0.46298245, ...,  0.        ,
          0.34684615,  0.22054852],
        [ 0.99448493,  0.87978503,  0.74167457, ..., -0.34684615,
          0.        , -0.13144809],
        [ 0.97206962,  0.93463789,  0.647069  , ..., -0.22054852,
          0.13144809,  0.        ]],

       [[ 0.        , -0.36030172, -0.5710784 , ..., -0.1219413 ,
         -0.1219413 , -0.        ],
        [ 0.36030172,  0.        , -0.23695232, ..., -0.47136412,
         -0.47136412, -0.36030172],
        [ 0.5710784 ,  0.23695232,  0.        , ..., -0.66691769,
         -0.66691769, -0.5710784 ],
        ...,
        [ 0.1219413 ,  0.47136412,  0.66691769, ...,  0.        ,
          0.        , -0.1219413 ],
        [ 0.1219413 ,  0.47136412,  0.66691769, ...,  0.        ,
          0.        , -0.1219413 ],
        [ 0.        ,  0.36030172,  0.5710784 , ...,  0.1219413 ,
          0.1219413 ,  0.        ]],

       ...,

       [[ 0.        , -0.22570319, -0.08281368, ..., -0.50661021,
         -0.7065298 , -0.36404075],
        [ 0.22570319,  0.        ,  0.14425114, ..., -0.298942  ,
         -0.52857221, -0.14443097],
        [ 0.08281368, -0.14425114,  0.        , ..., -0.43347012,
         -0.64549704, -0.28565903],
        ...,
        [ 0.50661021,  0.298942  ,  0.43347012, ...,  0.        ,
         -0.2506329 ,  0.15798123],
        [ 0.7065298 ,  0.52857221,  0.64549704, ...,  0.2506329 ,
          0.        ,  0.4004243 ],
        [ 0.36404075,  0.14443097,  0.28565903, ..., -0.15798123,
         -0.4004243 ,  0.        ]],

       [[ 0.        , -0.68130168, -0.88399705, ..., -0.61598857,
         -0.48067622, -0.        ],
        [ 0.68130168,  0.        , -0.32858487, ..., -0.98760419,
         -0.9492885 , -0.68130168],
        [ 0.88399705,  0.32858487,  0.        , ..., -0.9843432 ,
         -0.9998879 , -0.88399705],
        ...,
        [ 0.61598857,  0.98760419,  0.9843432 , ...,  0.        ,
         -0.1615041 , -0.61598857],
        [ 0.48067622,  0.9492885 ,  0.9998879 , ...,  0.1615041 ,
          0.        , -0.48067622],
        [ 0.        ,  0.68130168,  0.88399705, ...,  0.61598857,
          0.48067622,  0.        ]],

       [[ 0.        ,  0.22950969,  0.65916406, ..., -0.85980679,
         -0.65916406, -0.83565829],
        [-0.22950969,  0.        ,  0.46897748, ..., -0.71966331,
         -0.46897748, -0.68729341],
        [-0.65916406, -0.46897748,  0.        , ..., -0.30999197,
         -0.        , -0.26636868],
        ...,
        [ 0.85980679,  0.71966331,  0.30999197, ...,  0.        ,
         -0.30999197, -0.0455452 ],
        [ 0.65916406,  0.46897748,  0.        , ...,  0.30999197,
          0.        ,  0.26636868],
        [ 0.83565829,  0.68729341,  0.26636868, ...,  0.0455452 ,
         -0.26636868,  0.        ]]]), 'num': array([ 7.21690627e-01,  6.92200218e-01,  2.59827396e-07,  1.09223739e-03,
        1.12110710e-03,  1.08742577e-03,  3.37329096e-03, -9.62323688e-06,
        1.09031274e-03,  1.12928685e-03,  1.20835778e-03,  3.71423178e-07,
        1.20451447e-03,  1.05405923e-03])}
{'img': array([[[ 0.        , -0.25211081, -0.52712348, ..., -0.84103314,
         -0.99285909, -0.99995843],
        [ 0.25211081,  0.        , -0.29585562, ..., -0.95025421,
         -0.93071305, -0.96535944],
        [ 0.52712348,  0.29585562,  0.        , ..., -0.99986562,
         -0.78083826, -0.84494715],
        ...,
        [ 0.84103314,  0.95025421,  0.99986562, ...,  0.        ,
          0.6374499 ,  0.54862953],
        [ 0.99285909,  0.93071305,  0.78083826, ..., -0.6374499 ,
          0.        , -0.11023537],
        [ 0.99995843,  0.96535944,  0.84494715, ..., -0.54862953,
          0.11023537,  0.        ]],

       [[ 0.        ,  0.94269565, -0.55607444, ..., -0.87978503,
         -0.93463789, -0.99992312],
        [-0.94269565,  0.        , -0.96904138, ..., -0.74167457,
         -0.647069  , -0.34531767],
        [ 0.55607444,  0.96904138,  0.        , ..., -0.46687583,
         -0.57906733, -0.82417325],
        ...,
        [ 0.87978503,  0.74167457,  0.46687583, ...,  0.        ,
         -0.13144809, -0.46442586],
        [ 0.93463789,  0.647069  ,  0.57906733, ...,  0.13144809,
          0.        , -0.34398405],
        [ 0.99992312,  0.34531767,  0.82417325, ...,  0.46442586,
          0.34398405,  0.        ]],

       [[ 0.        , -0.46381599, -0.73264743, ..., -0.27312981,
         -0.24476771, -0.        ],
        [ 0.46381599,  0.        , -0.33339844, ..., -0.68815472,
         -0.66655496, -0.46381599],
        [ 0.73264743,  0.33339844,  0.        , ..., -0.89068454,
         -0.87695253, -0.73264743],
        ...,
        [ 0.27312981,  0.68815472,  0.89068454, ...,  0.        ,
         -0.02936073, -0.27312981],
        [ 0.24476771,  0.66655496,  0.87695253, ...,  0.02936073,
          0.        , -0.24476771],
        [ 0.        ,  0.46381599,  0.73264743, ...,  0.27312981,
          0.24476771,  0.        ]],

       ...,

       [[ 0.        ,  0.14425114, -0.16124107, ..., -0.52857221,
         -0.14443097, -0.11853896],
        [-0.14425114,  0.        , -0.30191828, ..., -0.64549704,
         -0.28565903, -0.26053326],
        [ 0.16124107,  0.30191828,  0.        , ..., -0.38478021,
          0.01700934,  0.04311634],
        ...,
        [ 0.52857221,  0.64549704,  0.38478021, ...,  0.        ,
          0.4004243 ,  0.42421912],
        [ 0.14443097,  0.28565903, -0.01700934, ..., -0.4004243 ,
          0.        ,  0.02611658],
        [ 0.11853896,  0.26053326, -0.04311634, ..., -0.42421912,
         -0.02611658,  0.        ]],

       [[ 0.        , -0.71099865, -0.78615857, ..., -0.59280574,
         -0.33143543, -0.        ],
        [ 0.71099865,  0.        , -0.11340668, ..., -0.98945662,
         -0.90387471, -0.71099865],
        [ 0.78615857,  0.11340668,  0.        , ..., -0.99949793,
         -0.94655857, -0.78615857],
        ...,
        [ 0.59280574,  0.98945662,  0.99949793, ...,  0.        ,
         -0.29237909, -0.59280574],
        [ 0.33143543,  0.90387471,  0.94655857, ...,  0.29237909,
          0.        , -0.33143543],
        [ 0.        ,  0.71099865,  0.78615857, ...,  0.59280574,
          0.33143543,  0.        ]],

       [[ 0.        ,  0.46897748,  0.00262656, ..., -0.46897748,
         -0.68729341, -0.58850968],
        [-0.46897748,  0.        , -0.46665606, ..., -0.        ,
         -0.26636868, -0.14061402],
        [-0.00262656,  0.46665606,  0.        , ..., -0.46665606,
         -0.68538316, -0.5863841 ],
        ...,
        [ 0.46897748,  0.        ,  0.46665606, ...,  0.        ,
          0.26636868,  0.14061402],
        [ 0.68729341,  0.26636868,  0.68538316, ..., -0.26636868,
          0.        , -0.12818837],
        [ 0.58850968,  0.14061402,  0.5863841 , ..., -0.14061402,
          0.12818837,  0.        ]]]), 'num': array([ 7.18279799e-01,  6.95743115e-01,  2.01220389e-07,  1.07317541e-03,
        1.08754829e-03,  1.06838445e-03,  2.40837809e-03, -1.43728849e-05,
        1.08179914e-03,  1.11845000e-03,  1.19957695e-03,  3.41051507e-07,
        1.18954212e-03,  1.04735787e-03])}
{'img': array([[[ 0.00000000e+00, -2.95855615e-01, -2.95855615e-01, ...,
         -9.30713052e-01, -9.65359440e-01, -9.98876527e-01],
        [ 2.95855615e-01,  0.00000000e+00,  0.00000000e+00, ...,
         -7.80838262e-01, -8.44947149e-01, -9.40139295e-01],
        [ 2.95855615e-01,  0.00000000e+00,  0.00000000e+00, ...,
         -7.80838262e-01, -8.44947149e-01, -9.40139295e-01],
        ...,
        [ 9.30713052e-01,  7.80838262e-01,  7.80838262e-01, ...,
          0.00000000e+00, -1.10235368e-01, -3.21234064e-01],
        [ 9.65359440e-01,  8.44947149e-01,  8.44947149e-01, ...,
          1.10235368e-01,  0.00000000e+00, -2.14883432e-01],
        [ 9.98876527e-01,  9.40139295e-01,  9.40139295e-01, ...,
          3.21234064e-01,  2.14883432e-01,  0.00000000e+00]],

       [[ 0.00000000e+00, -9.74605758e-01, -9.74827536e-01, ...,
         -6.83486137e-01, -4.30113994e-01, -0.00000000e+00],
        [ 9.74605758e-01,  0.00000000e+00,  9.92545846e-04, ...,
         -5.58375141e-01, -7.83534869e-01, -9.74605758e-01],
        [ 9.74827536e-01, -9.92545846e-04,  0.00000000e+00, ...,
         -5.59198271e-01, -7.84151200e-01, -9.74827536e-01],
        ...,
        [ 6.83486137e-01,  5.58375141e-01,  5.59198271e-01, ...,
          0.00000000e+00, -3.03066400e-01, -6.83486137e-01],
        [ 4.30113994e-01,  7.83534869e-01,  7.84151200e-01, ...,
          3.03066400e-01,  0.00000000e+00, -4.30113994e-01],
        [ 0.00000000e+00,  9.74605758e-01,  9.74827536e-01, ...,
          6.83486137e-01,  4.30113994e-01,  0.00000000e+00]],

       [[ 0.00000000e+00, -3.37218359e-01, -5.83384955e-01, ...,
         -7.25362765e-01, -6.50945538e-01, -4.46593757e-01],
        [ 3.37218359e-01,  0.00000000e+00, -2.75326703e-01, ...,
         -9.15005624e-01, -8.68808049e-01, -7.22156869e-01],
        [ 5.83384955e-01,  2.75326703e-01,  0.00000000e+00, ...,
         -9.90719419e-01, -9.71556997e-01, -8.84697580e-01],
        ...,
        [ 7.25362765e-01,  9.15005624e-01,  9.90719419e-01, ...,
          0.00000000e+00, -1.02551297e-01, -3.41588472e-01],
        [ 6.50945538e-01,  8.68808049e-01,  9.71556997e-01, ...,
          1.02551297e-01,  0.00000000e+00, -2.43404723e-01],
        [ 4.46593757e-01,  7.22156869e-01,  8.84697580e-01, ...,
          3.41588472e-01,  2.43404723e-01,  0.00000000e+00]],

       ...,

       [[ 0.00000000e+00, -3.01918285e-01, -4.77025957e-01, ...,
         -2.85659032e-01, -2.60533257e-01, -3.73694708e-01],
        [ 3.01918285e-01,  0.00000000e+00, -1.89412251e-01, ...,
          1.70093353e-02,  4.31163365e-02, -7.62109629e-02],
        [ 4.77025957e-01,  1.89412251e-01,  0.00000000e+00, ...,
          2.06086275e-01,  2.31571938e-01,  1.14030020e-01],
        ...,
        [ 2.85659032e-01, -1.70093353e-02, -2.06086275e-01, ...,
          0.00000000e+00,  2.61165813e-02, -9.31598049e-02],
        [ 2.60533257e-01, -4.31163365e-02, -2.31571938e-01, ...,
         -2.61165813e-02,  0.00000000e+00, -1.19131033e-01],
        [ 3.73694708e-01,  7.62109629e-02, -1.14030020e-01, ...,
          9.31598049e-02,  1.19131033e-01,  0.00000000e+00]],

       [[ 0.00000000e+00, -1.65157675e-01, -1.03977707e-01, ...,
         -8.58902265e-01, -7.85327042e-01, -4.71078099e-01],
        [ 1.65157675e-01,  0.00000000e+00,  6.17126593e-02, ...,
         -9.31690885e-01, -8.76788283e-01, -6.10293048e-01],
        [ 1.03977707e-01, -6.17126593e-02,  0.00000000e+00, ...,
         -9.07497789e-01, -8.45440913e-01, -5.60242532e-01],
        ...,
        [ 8.58902265e-01,  9.31690885e-01,  9.07497789e-01, ...,
          0.00000000e+00, -1.29533155e-01, -5.16372675e-01],
        [ 7.85327042e-01,  8.76788283e-01,  8.45440913e-01, ...,
          1.29533155e-01,  0.00000000e+00, -4.01094755e-01],
        [ 4.71078099e-01,  6.10293048e-01,  5.60242532e-01, ...,
          5.16372675e-01,  4.01094755e-01,  0.00000000e+00]],

       [[ 0.00000000e+00, -4.65363501e-01, -7.04604105e-01, ...,
         -3.05157850e-01, -2.07000919e-01, -0.00000000e+00],
        [ 4.65363501e-01,  0.00000000e+00, -2.93436712e-01, ...,
         -7.13267704e-01, -6.38504658e-01, -4.65363501e-01],
        [ 7.04604105e-01,  2.93436712e-01,  0.00000000e+00, ...,
         -8.87535948e-01, -8.36230890e-01, -7.04604105e-01],
        ...,
        [ 3.05157850e-01,  7.13267704e-01,  8.87535948e-01, ...,
          0.00000000e+00, -1.01421015e-01, -3.05157850e-01],
        [ 2.07000919e-01,  6.38504658e-01,  8.36230890e-01, ...,
          1.01421015e-01,  0.00000000e+00, -2.07000919e-01],
        [ 0.00000000e+00,  4.65363501e-01,  7.04604105e-01, ...,
          3.05157850e-01,  2.07000919e-01,  0.00000000e+00]]]), 'num': array([8.50844502e-01, 5.25391057e-01, 2.90583433e-06, 1.27130252e-03,
       1.28265344e-03, 1.24860069e-03, 3.76498512e-03, 0.00000000e+00,
       1.27811307e-03, 1.31897637e-03, 1.41744556e-03, 4.58402351e-07,
       1.40062409e-03, 1.23732864e-03])}
{'img': array([[[ 0.        ,  0.        , -0.55469834, ..., -0.84494715,
         -0.94013929, -0.94013929],
        [ 0.        ,  0.        , -0.55469834, ..., -0.84494715,
         -0.94013929, -0.94013929],
        [ 0.55469834,  0.55469834,  0.        , ..., -0.40635927,
         -0.59320847, -0.59320847],
        ...,
        [ 0.84494715,  0.84494715,  0.40635927, ...,  0.        ,
         -0.21488343, -0.21488343],
        [ 0.94013929,  0.94013929,  0.59320847, ...,  0.21488343,
          0.        ,  0.        ],
        [ 0.94013929,  0.94013929,  0.59320847, ...,  0.21488343,
          0.        ,  0.        ]],

       [[ 0.        ,  0.00109191,  0.99129637, ..., -0.8237434 ,
         -0.99129637, -0.8499112 ],
        [-0.00109191,  0.        ,  0.99143952, ..., -0.82436198,
         -0.99143952, -0.85048605],
        [-0.99129637, -0.99143952,  0.        , ..., -0.45358299,
         -0.        , -0.41044964],
        ...,
        [ 0.8237434 ,  0.82436198,  0.45358299, ...,  0.        ,
         -0.45358299, -0.04781625],
        [ 0.99129637,  0.99143952,  0.        , ...,  0.45358299,
          0.        ,  0.41044964],
        [ 0.8499112 ,  0.85048605,  0.41044964, ...,  0.04781625,
         -0.41044964,  0.        ]],

       [[ 0.        , -0.27343242, -0.62535117, ..., -0.9027793 ,
         -0.84881947, -0.718848  ],
        [ 0.27343242,  0.        , -0.3881486 , ..., -0.98597988,
         -0.96103101, -0.88153485],
        [ 0.62535117,  0.3881486 ,  0.        , ..., -0.97344402,
         -0.99298313, -0.99567201],
        ...,
        [ 0.9027793 ,  0.98597988,  0.97344402, ...,  0.        ,
         -0.11220316, -0.31840317],
        [ 0.84881947,  0.96103101,  0.99298313, ...,  0.11220316,
          0.        , -0.21002895],
        [ 0.718848  ,  0.88153485,  0.99567201, ...,  0.31840317,
          0.21002895,  0.        ]],

       ...,

       [[ 0.        , -0.18941225, -0.40510886, ...,  0.04311634,
         -0.07621096,  0.11237056],
        [ 0.18941225,  0.        , -0.22460179, ...,  0.23157194,
          0.11403002,  0.29854898],
        [ 0.40510886,  0.22460179,  0.        , ...,  0.44415204,
          0.33425341,  0.50527991],
        ...,
        [-0.04311634, -0.23157194, -0.44415204, ...,  0.        ,
         -0.11913103,  0.06942281],
        [ 0.07621096, -0.11403002, -0.33425341, ...,  0.11913103,
          0.        ,  0.18777203],
        [-0.11237056, -0.29854898, -0.50527991, ..., -0.06942281,
         -0.18777203,  0.        ]],

       [[ 0.        ,  0.06068891,  0.3969438 , ..., -0.92620023,
         -0.83812687, -0.60213709],
        [-0.06068891,  0.        ,  0.34050925, ..., -0.90161133,
         -0.80347767, -0.55257361],
        [-0.3969438 , -0.34050925,  0.        , ..., -0.7004458 ,
         -0.55274575, -0.23575022],
        ...,
        [ 0.92620023,  0.90161133,  0.7004458 , ...,  0.        ,
         -0.18921874, -0.51244656],
        [ 0.83812687,  0.80347767,  0.55274575, ...,  0.18921874,
          0.        , -0.34070345],
        [ 0.60213709,  0.55257361,  0.23575022, ...,  0.51244656,
          0.34070345,  0.        ]],

       [[ 0.        , -0.57726573, -0.90793392, ..., -0.31947421,
         -0.24217682, -0.        ],
        [ 0.57726573,  0.        , -0.49943943, ..., -0.8078828 ,
         -0.75783278, -0.57726573],
        [ 0.90793392,  0.49943943,  0.        , ..., -0.99424952,
         -0.9824062 , -0.90793392],
        ...,
        [ 0.31947421,  0.8078828 ,  0.99424952, ...,  0.        ,
         -0.0804786 , -0.31947421],
        [ 0.24217682,  0.75783278,  0.9824062 , ...,  0.0804786 ,
          0.        , -0.24217682],
        [ 0.        ,  0.57726573,  0.90793392, ...,  0.31947421,
          0.24217682,  0.        ]]]), 'num': array([8.90039517e-01, 4.55850144e-01, 3.84238383e-06, 1.33596730e-03,
       1.33596730e-03, 1.30641050e-03, 3.92892614e-03, 1.18227195e-05,
       1.33596730e-03, 1.36877535e-03, 1.47370198e-03, 4.77455979e-07,
       1.45021278e-03, 1.28733792e-03])}
{'img': array([[[ 0.        , -0.55469834, -0.55469834, ..., -0.94013929,
         -0.94013929, -0.87685162],
        [ 0.55469834,  0.        ,  0.        , ..., -0.59320847,
         -0.59320847, -0.46290835],
        [ 0.55469834,  0.        ,  0.        , ..., -0.59320847,
         -0.59320847, -0.46290835],
        ...,
        [ 0.94013929,  0.59320847,  0.59320847, ...,  0.        ,
          0.        ,  0.15315977],
        [ 0.94013929,  0.59320847,  0.59320847, ...,  0.        ,
          0.        ,  0.15315977],
        [ 0.87685162,  0.46290835,  0.46290835, ..., -0.15315977,
         -0.15315977,  0.        ]],

       [[ 0.        ,  0.99143952, -0.25501999, ..., -0.99143952,
         -0.85048605, -0.84960104],
        [-0.99143952,  0.        , -0.92536123, ..., -0.        ,
         -0.41044964, -0.41198126],
        [ 0.25501999,  0.92536123,  0.        , ..., -0.92536123,
         -0.68822549, -0.68700549],
        ...,
        [ 0.99143952,  0.        ,  0.92536123, ...,  0.        ,
          0.41044964,  0.41198126],
        [ 0.85048605,  0.41044964,  0.68822549, ..., -0.41044964,
          0.        ,  0.00168026],
        [ 0.84960104,  0.41198126,  0.68700549, ..., -0.41198126,
         -0.00168026,  0.        ]],

       [[ 0.        , -0.3881486 , -0.60096323, ..., -0.96103101,
         -0.88153485, -0.96960132],
        [ 0.3881486 ,  0.        , -0.24360766, ..., -0.99298313,
         -0.99567201, -0.98855762],
        [ 0.60096323,  0.24360766,  0.        , ..., -0.93426029,
         -0.98831637, -0.92202951],
        ...,
        [ 0.96103101,  0.99298313,  0.93426029, ...,  0.        ,
         -0.21002895,  0.03288231],
        [ 0.88153485,  0.99567201,  0.98831637, ...,  0.21002895,
          0.        ,  0.24206425],
        [ 0.96960132,  0.98855762,  0.92202951, ..., -0.03288231,
         -0.24206425,  0.        ]],

       ...,

       [[ 0.        , -0.22460179, -0.31706982, ...,  0.11403002,
          0.29854898,  0.29854898],
        [ 0.22460179,  0.        , -0.09595605, ...,  0.33425341,
          0.50527991,  0.50527991],
        [ 0.31706982,  0.09595605,  0.        , ...,  0.42314799,
          0.58575414,  0.58575414],
        ...,
        [-0.11403002, -0.33425341, -0.42314799, ...,  0.        ,
          0.18777203,  0.18777203],
        [-0.29854898, -0.50527991, -0.58575414, ..., -0.18777203,
          0.        ,  0.        ],
        [-0.29854898, -0.50527991, -0.58575414, ..., -0.18777203,
          0.        ,  0.        ]],

       [[ 0.        ,  0.33564759,  0.3673414 , ..., -0.87253043,
         -0.79229813, -0.54541417],
        [-0.33564759,  0.        ,  0.03384987, ..., -0.65792895,
         -0.54154498, -0.23244477],
        [-0.3673414 , -0.03384987,  0.        , ..., -0.63206025,
         -0.512778  , -0.19938885],
        ...,
        [ 0.87253043,  0.65792895,  0.63206025, ...,  0.        ,
         -0.14527561, -0.4648585 ],
        [ 0.79229813,  0.54154498,  0.512778  , ...,  0.14527561,
          0.        , -0.33130209],
        [ 0.54541417,  0.23244477,  0.19938885, ...,  0.4648585 ,
          0.33130209,  0.        ]],

       [[ 0.        , -0.82489383, -0.96543842, ..., -0.29872091,
         -0.1613344 , -0.        ],
        [ 0.82489383,  0.        , -0.33075734, ..., -0.95609286,
         -0.9052879 , -0.82489383],
        [ 0.96543842,  0.33075734,  0.        , ..., -0.99921301,
         -0.99483977, -0.96543842],
        ...,
        [ 0.29872091,  0.95609286,  0.99921301, ...,  0.        ,
         -0.14083966, -0.29872091],
        [ 0.1613344 ,  0.9052879 ,  0.99483977, ...,  0.14083966,
          0.        , -0.1613344 ],
        [ 0.        ,  0.82489383,  0.96543842, ...,  0.29872091,
          0.1613344 ,  0.        ]]]), 'num': array([9.50739259e-01, 3.09791627e-01, 5.47818489e-06, 1.44357575e-03,
       1.45591400e-03, 1.36954622e-03, 1.03683162e-02, 4.93530170e-05,
       1.40039186e-03, 1.42506837e-03, 1.53600984e-03, 5.62797563e-07,
       1.50152573e-03, 1.34861100e-03])}
{'img': array([[[ 0.        ,  0.        ,  0.07610272, ..., -0.59320847,
         -0.46290835, -0.0800314 ],
        [ 0.        ,  0.        ,  0.07610272, ..., -0.59320847,
         -0.46290835, -0.0800314 ],
        [-0.07610272, -0.07610272,  0.        , ..., -0.65275456,
         -0.52902383, -0.15565792],
        ...,
        [ 0.59320847,  0.59320847,  0.65275456, ...,  0.        ,
          0.15315977,  0.52687647],
        [ 0.46290835,  0.46290835,  0.52902383, ..., -0.15315977,
          0.        ,  0.39048318],
        [ 0.0800314 ,  0.0800314 ,  0.15565792, ..., -0.52687647,
         -0.39048318,  0.        ]],

       [[ 0.        , -0.92536123, -0.87493031, ..., -0.41044964,
         -0.41198126, -0.9352356 ],
        [ 0.92536123,  0.        , -0.11643081, ..., -0.68822549,
         -0.68700549,  0.02693333],
        [ 0.87493031,  0.11643081,  0.        , ..., -0.59907455,
         -0.59772833,  0.14313872],
        ...,
        [ 0.41044964,  0.68822549,  0.59907455, ...,  0.        ,
          0.00168026,  0.70751587],
        [ 0.41198126,  0.68700549,  0.59772833, ..., -0.00168026,
          0.        ,  0.70632744],
        [ 0.9352356 , -0.02693333, -0.14313872, ..., -0.70751587,
         -0.70632744,  0.        ]],

       [[ 0.        , -0.24360766, -0.41712583, ..., -0.99567201,
         -0.98855762, -0.96247227],
        [ 0.24360766,  0.        , -0.18315692, ..., -0.98831637,
         -0.92202951, -0.86736643],
        [ 0.41712583,  0.18315692,  0.        , ..., -0.9436816 ,
         -0.83552855, -0.76154208],
        ...,
        [ 0.99567201,  0.98831637,  0.9436816 , ...,  0.        ,
          0.24206425,  0.35965462],
        [ 0.98855762,  0.92202951,  0.83552855, ..., -0.24206425,
          0.        ,  0.12309193],
        [ 0.96247227,  0.86736643,  0.76154208, ..., -0.35965462,
         -0.12309193,  0.        ]],

       ...,

       [[ 0.        , -0.09595605,  0.05294139, ...,  0.50527991,
          0.50527991,  0.6667911 ],
        [ 0.09595605,  0.        ,  0.14851858, ...,  0.58575414,
          0.58575414,  0.73522498],
        [-0.05294139, -0.14851858,  0.        , ...,  0.45888526,
          0.45888526,  0.62640172],
        ...,
        [-0.50527991, -0.58575414, -0.45888526, ...,  0.        ,
          0.        ,  0.19885389],
        [-0.50527991, -0.58575414, -0.45888526, ...,  0.        ,
          0.        ,  0.19885389],
        [-0.6667911 , -0.73522498, -0.62640172, ..., -0.19885389,
         -0.19885389,  0.        ]],

       [[ 0.        ,  0.0332273 ,  0.09083808, ..., -0.67341047,
         -0.57477528, -0.22827429],
        [-0.0332273 ,  0.        ,  0.057698  , ..., -0.64847473,
         -0.54726763, -0.19579825],
        [-0.09083808, -0.057698  ,  0.        , ..., -0.60347261,
         -0.49806514, -0.13889086],
        ...,
        [ 0.67341047,  0.64847473,  0.60347261, ...,  0.        ,
         -0.12614597, -0.48687426],
        [ 0.57477528,  0.54726763,  0.49806514, ...,  0.12614597,
          0.        , -0.37279998],
        [ 0.22827429,  0.19579825,  0.13889086, ...,  0.48687426,
          0.37279998,  0.        ]],

       [[ 0.        , -0.37589818, -0.61239757, ..., -0.83882417,
         -0.73616838, -0.90886354],
        [ 0.37589818,  0.        , -0.27031864, ..., -0.98194551,
         -0.9365858 , -0.99899309],
        [ 0.61239757,  0.27031864,  0.        , ..., -0.99652313,
         -0.99644759, -0.97392913],
        ...,
        [ 0.83882417,  0.98194551,  0.99652313, ...,  0.        ,
         -0.16694303,  0.14491932],
        [ 0.73616838,  0.9365858 ,  0.99644759, ...,  0.16694303,
          0.        ,  0.30806629],
        [ 0.90886354,  0.99899309,  0.97392913, ..., -0.14491932,
         -0.30806629,  0.        ]]]), 'num': array([9.30821185e-01, 3.65426080e-01, 4.83243680e-06, 1.41348776e-03,
       1.42556885e-03, 1.40140667e-03, 4.44018790e-03, 0.00000000e+00,
