state_0,state_1,state_2,state_3,state_4,state_5,state_6,state_7,state_8,state_9,state_10,state_11,state_12,state_13,state_14,state_15,state_16,state_17,state_18,state_19,state_20,state_21,state_22,state_23,state_24,state_25,state_26,state_27,state_28,state_29,state_30,state_31,state_32,state_33,state_34,state_35,state_36,state_37,state_38,state_39,state_40,state_41,state_42,state_43,state_44,state_45,state_46,state_47,state_48,state_49,state_50,state_51,state_52,state_53,state_54,state_55,state_56,state_57,state_58,state_59,state_60,state_61,state_62,state_63,state_64,state_65,state_66,state_67,state_68,state_69,state_70,state_71,state_72,state_73,state_74,state_75,state_76,state_77,state_78,state_79,state_80,state_81,state_82,state_83,state_84,state_85,state_86,state_87,state_88,state_89,state_90,state_91,state_92,state_93,state_94,state_95,state_96,state_97,state_98,state_99,state_100,state_101,state_102,state_103,state_104,state_105,state_106,state_107,state_108,state_109,state_110,state_111,state_112,state_113,state_114,state_115,state_116,state_117,state_118,state_119,state_120,state_121,state_122,state_123,state_124,state_125,state_126,state_127,state_128,state_129,state_130,state_131,state_132,state_133,state_134,state_135,state_136,state_137,state_138,state_139,state_140,state_141,state_142,state_143,state_144,state_145,state_146,state_147,state_148,state_149,state_150,state_151,state_152,state_153,state_154,state_155,state_156,state_157,state_158,state_159,state_160,state_161,state_162,state_163,state_164,state_165,state_166,state_167,state_168,state_169,state_170,state_171,state_172,state_173,state_174,state_175,state_176,state_177,state_178,state_179,state_180,state_181,state_182,state_183,state_184,state_185,state_186,state_187,state_188,state_189,state_190,state_191,state_192,state_193,state_194,state_195,state_196,state_197,state_198,state_199,state_200,state_201,state_202,state_203,state_204,state_205,state_206,state_207,state_208,state_209,state_210,state_211,state_212,state_213,state_214,state_215,state_216,state_217,state_218,state_219,state_220,state_221,state_222,state_223,state_224,state_225,state_226,state_227,state_228,state_229,state_230,state_231,state_232,state_233,state_234,state_235,state_236,state_237,state_238,state_239,state_240,state_241,state_242,state_243,state_244,state_245,state_246,state_247,state_248,state_249,state_250,state_251,state_252,state_253,state_254,state_255,state_256,state_257,state_258,state_259,state_260,state_261,state_262,state_263,state_264,state_265,state_266,state_267,state_268,state_269,state_270,state_271,state_272,state_273,state_274,state_275,state_276,state_277,state_278,state_279,state_280,state_281,state_282,state_283,state_284,state_285,state_286,state_287
{'img': array([[[ 0.        , -0.23321127, -0.73213548, ..., -0.04602904,
          0.04573909, -0.57569626],
        [ 0.23321127,  0.        , -0.55309368, ...,  0.18820425,
          0.27744507, -0.36913369],
        [ 0.73213548,  0.55309368,  0.        , ...,  0.7000064 ,
          0.76252483,  0.20649985],
        ...,
        [ 0.04602904, -0.18820425, -0.7000064 , ...,  0.        ,
          0.09167147, -0.53744981],
        [-0.04573909, -0.27744507, -0.76252483, ..., -0.09167147,
          0.        , -0.61249294],
        [ 0.57569626,  0.36913369, -0.20649985, ...,  0.53744981,
          0.61249294,  0.        ]],

       [[ 0.        ,  0.20534178,  0.16358441, ..., -0.23947758,
         -0.20509563,  0.65154427],
        [-0.20534178,  0.        , -0.04247721, ..., -0.43374111,
         -0.40170172,  0.48188562],
        [-0.16358441,  0.04247721,  0.        , ..., -0.39507608,
         -0.36243978,  0.51867067],
        ...,
        [ 0.23947758,  0.43374111,  0.39507608, ...,  0.        ,
          0.03525902,  0.8142558 ],
        [ 0.20509563,  0.40170172,  0.36243978, ..., -0.03525902,
          0.        ,  0.79328142],
        [-0.65154427, -0.48188562, -0.51867067, ..., -0.8142558 ,
         -0.79328142,  0.        ]],

       [[ 0.        , -0.11470522, -0.35677572, ..., -0.18837066,
         -0.15871005, -0.32542244],
        [ 0.11470522,  0.        , -0.24726437, ..., -0.07447557,
         -0.04441114, -0.21481284],
        [ 0.35677572,  0.24726437,  0.        , ...,  0.17441472,
          0.20398832,  0.03334956],
        ...,
        [ 0.18837066,  0.07447557, -0.17441472, ...,  0.        ,
          0.03011428, -0.14147932],
        [ 0.15871005,  0.04441114, -0.20398832, ..., -0.03011428,
          0.        , -0.17122652],
        [ 0.32542244,  0.21481284, -0.03334956, ...,  0.14147932,
          0.17122652,  0.        ]],

       ...,

       [[ 0.        ,  0.09358991, -0.76080426, ...,  0.63399246,
          0.71762899,  0.32684367],
        [-0.09358991,  0.        , -0.81820307, ...,  0.55883301,
          0.64930078,  0.23695929],
        [ 0.76080426,  0.81820307,  0.        , ...,  0.9998091 ,
          0.99557145,  0.93113515],
        ...,
        [-0.63399246, -0.55883301, -0.9998091 , ...,  0.        ,
          0.11344207, -0.34641156],
        [-0.71762899, -0.64930078, -0.99557145, ..., -0.11344207,
          0.        , -0.45059337],
        [-0.32684367, -0.23695929, -0.93113515, ...,  0.34641156,
          0.45059337,  0.        ]],

       [[ 0.        , -0.41894766, -0.60414438, ..., -0.        ,
         -0.07236041, -0.25365079],
        [ 0.41894766,  0.        , -0.21472052, ..., -0.41894766,
         -0.48355341, -0.63556388],
        [ 0.60414438,  0.21472052,  0.        , ..., -0.60414438,
         -0.66022285, -0.7865143 ],
        ...,
        [ 0.        ,  0.41894766,  0.60414438, ...,  0.        ,
          0.07236041,  0.25365079],
        [ 0.07236041,  0.48355341,  0.66022285, ..., -0.07236041,
          0.        ,  0.18299193],
        [ 0.25365079,  0.63556388,  0.7865143 , ..., -0.25365079,
         -0.18299193,  0.        ]],

       [[ 0.        , -0.16884722, -0.48556978, ...,  0.99952452,
          0.99926803,  0.99421159],
        [ 0.16884722,  0.        , -0.3309922 , ...,  0.97996738,
          0.9784616 ,  0.99807785],
        [ 0.48556978,  0.3309922 ,  0.        , ...,  0.85881026,
          0.85498278,  0.92130722],
        ...,
        [-0.99952452, -0.97996738, -0.85881026, ...,  0.        ,
          0.00742505, -0.1380441 ],
        [-0.99926803, -0.9784616 , -0.85498278, ..., -0.00742505,
          0.        , -0.14539426],
        [-0.99421159, -0.99807785, -0.92130722, ...,  0.1380441 ,
          0.14539426,  0.        ]]]), 'num': array([9.16926804e-01, 3.98829671e-01, 2.80052504e-05, 4.69290881e-04,
       4.71827589e-04, 4.54070637e-04, 1.33532027e-02, 0.00000000e+00,
       4.78169357e-04, 4.83433025e-04, 4.91000869e-04, 8.78091046e-07,
       4.96886546e-04, 4.69979505e-04])}
{'img': array([[[ 0.        , -0.55309368, -0.93154098, ...,  0.27744507,
         -0.36913369, -0.36913369],
        [ 0.55309368,  0.        , -0.57495957, ...,  0.76252483,
          0.20649985,  0.20649985],
        [ 0.93154098,  0.57495957,  0.        , ...,  0.9958592 ,
          0.73152168,  0.73152168],
        ...,
        [-0.27744507, -0.76252483, -0.9958592 , ...,  0.        ,
         -0.61249294, -0.61249294],
        [ 0.36913369, -0.20649985, -0.73152168, ...,  0.61249294,
          0.        ,  0.        ],
        [ 0.36913369, -0.20649985, -0.73152168, ...,  0.61249294,
          0.        ,  0.        ]],

       [[ 0.        , -0.04247721, -0.07954189, ..., -0.40170172,
          0.48188562,  0.0798334 ],
        [ 0.04247721,  0.        , -0.03712748, ..., -0.36243978,
          0.51867067,  0.12210297],
        [ 0.07954189,  0.03712748,  0.        , ..., -0.32758682,
          0.55005609,  0.15886846],
        ...,
        [ 0.40170172,  0.36243978,  0.32758682, ...,  0.        ,
          0.79328142,  0.47352865],
        [-0.48188562, -0.51867067, -0.55005609, ..., -0.79328142,
          0.        , -0.4103948 ],
        [-0.0798334 , -0.12210297, -0.15886846, ..., -0.47352865,
          0.4103948 ,  0.        ]],

       [[ 0.        , -0.24726437, -0.59168845, ..., -0.04441114,
         -0.21481284, -0.41847152],
        [ 0.24726437,  0.        , -0.37397906, ...,  0.20398832,
          0.03334956, -0.18090427],
        [ 0.59168845,  0.37397906,  0.        , ...,  0.55530187,
          0.40470066,  0.20003133],
        ...,
        [ 0.04441114, -0.20398832, -0.55530187, ...,  0.        ,
         -0.17122652, -0.37772311],
        [ 0.21481284, -0.03334956, -0.40470066, ...,  0.17122652,
          0.        , -0.21360296],
        [ 0.41847152,  0.18090427, -0.20003133, ...,  0.37772311,
          0.21360296,  0.        ]],

       ...,

       [[ 0.        , -0.81820307, -0.17719265, ...,  0.64930078,
          0.23695929, -0.01575164],
        [ 0.81820307,  0.        ,  0.70338273, ...,  0.99557145,
          0.93113515,  0.80904549],
        [ 0.17719265, -0.70338273,  0.        , ...,  0.773787  ,
          0.40535582,  0.16166828],
        ...,
        [-0.64930078, -0.99557145, -0.773787  , ...,  0.        ,
         -0.45059337, -0.66119985],
        [-0.23695929, -0.93113515, -0.40535582, ...,  0.45059337,
          0.        , -0.25223292],
        [ 0.01575164, -0.80904549, -0.16166828, ...,  0.66119985,
          0.25223292,  0.        ]],

       [[ 0.        , -0.46841911, -0.76346419, ..., -0.07408187,
         -0.25958927, -0.3350263 ],
        [ 0.46841911,  0.        , -0.37199693, ..., -0.53258378,
         -0.68171007, -0.73734647],
        [ 0.76346419,  0.37199693,  0.        , ..., -0.80921211,
         -0.90494774, -0.93571945],
        ...,
        [ 0.07408187,  0.53258378,  0.80921211, ...,  0.        ,
          0.18733369,  0.26430511],
        [ 0.25958927,  0.68171007,  0.90494774, ..., -0.18733369,
          0.        ,  0.07895401],
        [ 0.3350263 ,  0.73734647,  0.93571945, ..., -0.26430511,
         -0.07895401,  0.        ]],

       [[ 0.        , -0.3309922 , -0.55149923, ...,  0.9784616 ,
          0.99807785,  0.99930844],
        [ 0.3309922 ,  0.        , -0.24430759, ...,  0.85498278,
          0.92130722,  0.95528851],
        [ 0.55149923,  0.24430759,  0.        , ...,  0.70236321,
          0.79839412,  0.85410544],
        ...,
        [-0.9784616 , -0.85498278, -0.70236321, ...,  0.        ,
         -0.14539426, -0.24266922],
        [-0.99807785, -0.92130722, -0.79839412, ...,  0.14539426,
          0.        , -0.09904227],
        [-0.99930844, -0.95528851, -0.85410544, ...,  0.24266922,
          0.09904227,  0.        ]]]), 'num': array([ 7.07038751e-01,  7.07038751e-01,  0.00000000e+00,  7.10923579e-04,
        7.20635650e-04,  7.08981165e-04,  1.37167072e-02, -7.76965660e-06,
        7.26462892e-04,  7.39379947e-04,  7.51584782e-04,  1.27139835e-06,
        7.63336300e-04,  7.15423593e-04])}
{'img': array([[[ 0.        , -0.57495957,  0.7000064 , ...,  0.20649985,
          0.20649985, -0.08409803],
        [ 0.57495957,  0.        ,  0.98333217, ...,  0.73152168,
          0.73152168,  0.5041153 ],
        [-0.7000064 , -0.98333217,  0.        , ..., -0.53744981,
         -0.53744981, -0.75758409],
        ...,
        [-0.20649985, -0.73152168,  0.53744981, ...,  0.        ,
          0.        , -0.28805375],
        [-0.20649985, -0.73152168,  0.53744981, ...,  0.        ,
          0.        , -0.28805375],
        [ 0.08409803, -0.5041153 ,  0.75758409, ...,  0.28805375,
          0.28805375,  0.        ]],

       [[ 0.        , -0.03712748, -0.03562335, ...,  0.51867067,
          0.12210297, -0.40730258],
        [ 0.03712748,  0.        ,  0.00150512, ...,  0.55005609,
          0.15886846, -0.37311349],
        [ 0.03562335, -0.00150512,  0.        , ...,  0.5487985 ,
          0.15738227, -0.3745095 ],
        ...,
        [-0.51867067, -0.55005609, -0.5487985 , ...,  0.        ,
         -0.4103948 , -0.8219316 ],
        [-0.12210297, -0.15886846, -0.15738227, ...,  0.4103948 ,
          0.        , -0.51577074],
        [ 0.40730258,  0.37311349,  0.3745095 , ...,  0.8219316 ,
          0.51577074,  0.        ]],

       [[ 0.        , -0.37397906, -0.53666647, ...,  0.03334956,
         -0.18090427, -0.53666647],
        [ 0.37397906,  0.        , -0.18216296, ...,  0.40470066,
          0.20003133, -0.18216296],
        [ 0.53666647,  0.18216296,  0.        , ...,  0.56450812,
          0.37516583,  0.        ],
        ...,
        [-0.03334956, -0.40470066, -0.56450812, ...,  0.        ,
         -0.21360296, -0.56450812],
        [ 0.18090427, -0.20003133, -0.37516583, ...,  0.21360296,
          0.        , -0.37516583],
        [ 0.53666647,  0.18216296,  0.        , ...,  0.56450812,
          0.37516583,  0.        ]],

       ...,

       [[ 0.        ,  0.70338273,  0.99937034, ...,  0.93113515,
          0.80904549,  0.73512733],
        [-0.70338273,  0.        ,  0.73532074, ...,  0.40535582,
          0.16166828,  0.04569324],
        [-0.99937034, -0.73532074,  0.        , ..., -0.39748262,
         -0.616082  , -0.70358552],
        ...,
        [-0.93113515, -0.40535582,  0.39748262, ...,  0.        ,
         -0.25223292, -0.36316154],
        [-0.80904549, -0.16166828,  0.616082  , ...,  0.25223292,
          0.        , -0.11640727],
        [-0.73512733, -0.04569324,  0.70358552, ...,  0.36316154,
          0.11640727,  0.        ]],

       [[ 0.        , -0.66409873, -0.90433874, ..., -0.26735225,
         -0.34491362, -0.43622355],
        [ 0.66409873,  0.        , -0.39267663, ..., -0.83980932,
         -0.88121884, -0.9237218 ],
        [ 0.90433874,  0.39267663,  0.        , ..., -0.98552986,
         -0.99605795, -0.99994562],
        ...,
        [ 0.26735225,  0.83980932,  0.98552986, ...,  0.        ,
          0.08141235,  0.17977072],
        [ 0.34491362,  0.88121884,  0.99605795, ..., -0.08141235,
          0.        ,  0.09908795],
        [ 0.43622355,  0.9237218 ,  0.99994562, ..., -0.17977072,
         -0.09908795,  0.        ]],

       [[ 0.        , -0.24430759,  0.32481732, ...,  0.92130722,
          0.95528851,  0.98423263],
        [ 0.24430759,  0.        ,  0.54603508, ...,  0.79839412,
          0.85410544,  0.91119535],
        [-0.32481732, -0.54603508,  0.        , ...,  0.99765146,
          0.99953013,  0.98831768],
        ...,
        [-0.92130722, -0.79839412, -0.99765146, ...,  0.        ,
         -0.09904227, -0.21974476],
        [-0.95528851, -0.85410544, -0.99953013, ...,  0.09904227,
          0.        , -0.1220429 ],
        [-0.98423263, -0.91119535, -0.98831768, ...,  0.21974476,
          0.1220429 ,  0.        ]]]), 'num': array([ 8.03266489e-01,  5.95138870e-01,  1.16925629e-05,  7.91359770e-04,
        8.09143136e-04,  7.84691008e-04,  2.38165502e-02, -2.22292070e-05,
        8.20257739e-04,  8.43153823e-04,  8.59714582e-04,  8.43176818e-07,
        8.79356733e-04,  8.06950913e-04])}
{'img': array([[[ 0.        ,  0.71185596,  0.5926515 , ...,  0.3371452 ,
          0.15774326, -0.6882325 ],
        [-0.71185596,  0.        , -0.15713655, ..., -0.43339303,
         -0.59215653, -0.99980775],
        [-0.5926515 ,  0.15713655,  0.        , ..., -0.28639669,
         -0.45817587, -0.98430591],
        ...,
        [-0.3371452 ,  0.43339303,  0.28639669, ...,  0.        ,
         -0.18441639, -0.89253386],
        [-0.15774326,  0.59215653,  0.45817587, ...,  0.18441639,
          0.        , -0.79405713],
        [ 0.6882325 ,  0.99980775,  0.98430591, ...,  0.89253386,
          0.79405713,  0.        ]],

       [[ 0.        ,  0.00150512,  0.42463929, ...,  0.15886846,
         -0.37311349,  0.18319842],
        [-0.00150512,  0.        ,  0.42327612, ...,  0.15738227,
         -0.3745095 ,  0.18171856],
        [-0.42463929, -0.42327612,  0.        , ..., -0.2754127 ,
         -0.73177727, -0.25159167],
        ...,
        [-0.15886846, -0.15738227,  0.2754127 , ...,  0.        ,
         -0.51577074,  0.024692  ],
        [ 0.37311349,  0.3745095 ,  0.73177727, ...,  0.51577074,
          0.        ,  0.53676778],
        [-0.18319842, -0.18171856,  0.25159167, ..., -0.024692  ,
         -0.53676778,  0.        ]],

       [[ 0.        , -0.09615251, -0.18307702, ...,  0.13157939,
         -0.09615251, -0.77761356],
        [ 0.09615251,  0.        , -0.08770136, ...,  0.22628625,
          0.        , -0.71355541],
        [ 0.18307702,  0.08770136,  0.        , ...,  0.31084079,
          0.08770136, -0.64936248],
        ...,
        [-0.13157939, -0.22628625, -0.31084079, ...,  0.        ,
         -0.22628625, -0.85358226],
        [ 0.09615251,  0.        , -0.08770136, ...,  0.22628625,
          0.        , -0.71355541],
        [ 0.77761356,  0.71355541,  0.64936248, ...,  0.85358226,
          0.71355541,  0.        ]],

       ...,

       [[ 0.        ,  0.61209618,  0.67148244, ...,  0.11554734,
          0.0315524 , -0.88519909],
        [-0.61209618,  0.        ,  0.07742133, ..., -0.51662343,
         -0.5868403 , -0.98475541],
        [-0.67148244, -0.07742133,  0.        , ..., -0.58136189,
         -0.64776713, -0.9683326 ],
        ...,
        [-0.11554734,  0.51662343,  0.58136189, ...,  0.        ,
         -0.08414875, -0.93302406],
        [-0.0315524 ,  0.5868403 ,  0.64776713, ...,  0.08414875,
          0.        , -0.89943692],
        [ 0.88519909,  0.98475541,  0.9683326 , ...,  0.93302406,
          0.89943692,  0.        ]],

       [[ 0.        , -0.77427957, -0.98430198, ..., -0.36813232,
         -0.46487704, -0.61164708],
        [ 0.77427957,  0.        , -0.48625473, ..., -0.95287478,
         -0.97972247, -0.99963337],
        [ 0.98430198,  0.48625473,  0.        , ..., -0.98015042,
         -0.95352395, -0.8866627 ],
        ...,
        [ 0.36813232,  0.95287478,  0.98015042, ...,  0.        ,
          0.10629506,  0.2774524 ],
        [ 0.46487704,  0.97972247,  0.95352395, ..., -0.10629506,
          0.        ,  0.17375868],
        [ 0.61164708,  0.99963337,  0.8866627 , ..., -0.2774524 ,
         -0.17375868,  0.        ]],

       [[ 0.        ,  0.54603508,  0.81793879, ...,  0.85410544,
          0.91119535,  0.98800574],
        [-0.54603508,  0.        ,  0.37110144, ...,  0.99953013,
          0.98831768,  0.91203117],
        [-0.81793879, -0.37110144,  0.        , ...,  0.91678123,
          0.86118544,  0.6947087 ],
        ...,
        [-0.85410544, -0.99953013, -0.91678123, ...,  0.        ,
         -0.1220429 , -0.38197313],
        [-0.91119535, -0.98831768, -0.86118544, ...,  0.1220429 ,
          0.        , -0.266329  ],
        [-0.98800574, -0.91203117, -0.6947087 , ...,  0.38197313,
          0.266329  ,  0.        ]]]), 'num': array([7.61437546e-01, 6.48005504e-01, 6.21545433e-06, 7.66432713e-04,
       7.79031607e-04, 7.49634188e-04, 1.72287355e-02, 1.88983409e-05,
       7.67272639e-04, 7.94465252e-04, 8.12173698e-04, 1.31238478e-06,
       8.30720380e-04, 7.58210124e-04])}
{'img': array([[[ 0.        , -0.15713655,  0.03920815, ..., -0.59215653,
         -0.99980775, -0.63198462],
        [ 0.15713655,  0.        ,  0.19573678, ..., -0.45817587,
         -0.98430591, -0.50235558],
        [-0.03920815, -0.19573678,  0.        , ..., -0.62329603,
         -0.99980775, -0.66188423],
        ...,
        [ 0.59215653,  0.45817587,  0.62329603, ...,  0.        ,
         -0.79405713, -0.0503577 ],
        [ 0.99980775,  0.98430591,  0.99980775, ...,  0.79405713,
          0.        ,  0.76244008],
        [ 0.63198462,  0.50235558,  0.66188423, ...,  0.0503577 ,
         -0.76244008,  0.        ]],

       [[ 0.        ,  0.42327612, -0.31887354, ..., -0.3745095 ,
          0.18171856, -0.17812156],
        [-0.42327612,  0.        , -0.69007962, ..., -0.73177727,
         -0.25159167, -0.57788556],
        [ 0.31887354,  0.69007962,  0.        , ..., -0.05929217,
          0.48579684,  0.14495115],
        ...,
        [ 0.3745095 ,  0.73177727,  0.05929217, ...,  0.        ,
          0.53676778,  0.20336211],
        [-0.18171856,  0.25159167, -0.48579684, ..., -0.53676778,
          0.        , -0.35396854],
        [ 0.17812156,  0.57788556, -0.14495115, ..., -0.20336211,
          0.35396854,  0.        ]],

       [[ 0.        , -0.0653407 ,  0.        , ...,  0.        ,
         -0.36319187, -0.84476647],
        [ 0.0653407 ,  0.        ,  0.0653407 , ...,  0.0653407 ,
         -0.30153686, -0.80799511],
        [ 0.        , -0.0653407 ,  0.        , ...,  0.        ,
         -0.36319187, -0.84476647],
        ...,
        [ 0.        , -0.0653407 ,  0.        , ...,  0.        ,
         -0.36319187, -0.84476647],
        [ 0.36319187,  0.30153686,  0.36319187, ...,  0.36319187,
          0.        , -0.59272433],
        [ 0.84476647,  0.80799511,  0.84476647, ...,  0.84476647,
          0.59272433,  0.        ]],

       ...,

       [[ 0.        ,  0.07742133,  0.24071706, ..., -0.5868403 ,
         -0.98475541, -0.64078992],
        [-0.07742133,  0.        ,  0.16484977, ..., -0.64776713,
         -0.9683326 , -0.69830418],
        [-0.24071706, -0.16484977,  0.        , ..., -0.76449371,
         -0.91392753, -0.80675011],
        ...,
        [ 0.5868403 ,  0.64776713,  0.76449371, ...,  0.        ,
         -0.89943692, -0.06832248],
        [ 0.98475541,  0.9683326 ,  0.91392753, ...,  0.89943692,
          0.        ,  0.86747481],
        [ 0.64078992,  0.69830418,  0.80675011, ...,  0.06832248,
         -0.86747481,  0.        ]],

       [[ 0.        , -0.89748985, -0.99454655, ..., -0.51096573,
         -0.66799582, -0.66945888],
        [ 0.89748985,  0.        , -0.34502744, ..., -0.99683707,
         -0.96249017, -0.96195441],
        [ 0.99454655,  0.34502744,  0.        , ..., -0.90820377,
         -0.80977449, -0.80861834],
        ...,
        [ 0.51096573,  0.99683707,  0.90820377, ...,  0.        ,
          0.19396709,  0.19589713],
        [ 0.66799582,  0.96249017,  0.80977449, ..., -0.19396709,
          0.        ,  0.00196779],
        [ 0.66945888,  0.96195441,  0.80861834, ..., -0.19589713,
         -0.00196779,  0.        ]],

       [[ 0.        ,  0.69976488,  0.83457951, ...,  0.93292774,
          0.99681337,  0.99975295],
        [-0.69976488,  0.        ,  0.21070954, ...,  0.91841851,
          0.76791642,  0.69864293],
        [-0.83457951, -0.21070954,  0.        , ...,  0.81443998,
          0.6157057 ,  0.53220105],
        ...,
        [-0.93292774, -0.91841851, -0.81443998, ...,  0.        ,
         -0.28449744, -0.38071107],
        [-0.99681337, -0.76791642, -0.6157057 , ...,  0.28449744,
          0.        , -0.10190578],
        [-0.99975295, -0.69864293, -0.53220105, ...,  0.38071107,
          0.10190578,  0.        ]]]), 'num': array([ 7.61363261e-01,  6.48206844e-01,  6.21738552e-06,  7.64570381e-04,
        7.75072722e-04,  7.62469913e-04,  1.22054839e-02, -2.10046808e-06,
        7.64990475e-04,  7.92611630e-04,  8.11830913e-04,  1.58525893e-06,
        8.30705459e-04,  7.54517801e-04])}
{'img': array([[[ 0.        ,  0.19573678,  0.27212103, ..., -0.98430591,
         -0.50235558, -0.54714948],
        [-0.19573678,  0.        ,  0.07850698, ..., -0.99980775,
         -0.66188423, -0.70040419],
        [-0.27212103, -0.07850698,  0.        , ..., -0.99518255,
         -0.71869068, -0.75427652],
        ...,
        [ 0.98430591,  0.99980775,  0.99518255, ...,  0.        ,
          0.76244008,  0.72734263],
        [ 0.50235558,  0.66188423,  0.71869068, ..., -0.76244008,
          0.        , -0.05260973],
        [ 0.54714948,  0.70040419,  0.75427652, ..., -0.72734263,
          0.05260973,  0.        ]],

       [[ 0.        , -0.69007962, -0.86097911, ..., -0.25159167,
         -0.57788556, -0.90966653],
        [ 0.69007962,  0.        , -0.27211708, ...,  0.48579684,
          0.14495115, -0.37173886],
        [ 0.86097911,  0.27211708,  0.        , ...,  0.70531473,
          0.40872449, -0.10509454],
        ...,
        [ 0.25159167, -0.48579684, -0.70531473, ...,  0.        ,
         -0.35396854, -0.77590979],
        [ 0.57788556, -0.14495115, -0.40872449, ...,  0.35396854,
          0.        , -0.50237642],
        [ 0.90966653,  0.37173886,  0.10509454, ...,  0.77590979,
          0.50237642,  0.        ]],

       [[ 0.        ,  0.06097892,  0.25275792, ..., -0.27300849,
         -0.60109415, -0.84213484],
        [-0.06097892,  0.        ,  0.19328864, ..., -0.33116287,
         -0.64870857, -0.87345159],
        [-0.25275792, -0.19328864,  0.        , ..., -0.50729984,
         -0.78357497, -0.95109435],
        ...,
        [ 0.27300849,  0.33116287,  0.50729984, ...,  0.        ,
         -0.36007711, -0.66291903],
        [ 0.60109415,  0.64870857,  0.78357497, ...,  0.36007711,
          0.        , -0.34886558],
        [ 0.84213484,  0.87345159,  0.95109435, ...,  0.66291903,
          0.34886558,  0.        ]],

       ...,

       [[ 0.        ,  0.16484977,  0.74800516, ..., -0.9683326 ,
         -0.69830418, -0.46765567],
        [-0.16484977,  0.        ,  0.62836184, ..., -0.91392753,
         -0.80675011, -0.60697   ],
        [-0.74800516, -0.62836184,  0.        , ..., -0.45592572,
         -0.99888248, -0.97154954],
        ...,
        [ 0.9683326 ,  0.91392753,  0.45592572, ...,  0.        ,
          0.86747481,  0.97267623],
        [ 0.69830418,  0.80675011,  0.99888248, ..., -0.86747481,
          0.        ,  0.28249009],
        [ 0.46765567,  0.60697   ,  0.97154954, ..., -0.97267623,
         -0.28249009,  0.        ]],

       [[ 0.        , -0.84634223, -0.98013289, ..., -0.76424259,
         -0.76578007, -0.75898904],
        [ 0.84634223,  0.        , -0.35419236, ..., -0.95289634,
         -0.95216955, -0.95532384],
        [ 0.98013289,  0.35419236,  0.        , ..., -0.78369735,
         -0.78221224, -0.78870719],
        ...,
        [ 0.76424259,  0.95289634,  0.78369735, ...,  0.        ,
          0.00238734, -0.00810698],
        [ 0.76578007,  0.95216955,  0.78221224, ..., -0.00238734,
          0.        , -0.01049422],
        [ 0.75898904,  0.95532384,  0.78870719, ...,  0.00810698,
          0.01049422,  0.        ]],

       [[ 0.        ,  0.58742806,  0.74082796, ...,  0.99729169,
          0.98128961,  0.95143541],
        [-0.58742806,  0.        ,  0.20496218, ...,  0.76388052,
          0.68103258,  0.5891354 ],
        [-0.74082796, -0.20496218,  0.        , ...,  0.61538934,
          0.51648999,  0.41101152],
        ...,
        [-0.99729169, -0.76388052, -0.61538934, ...,  0.        ,
         -0.11984428, -0.23703862],
        [-0.98128961, -0.68103258, -0.51648999, ...,  0.11984428,
          0.        , -0.11890146],
        [-0.95143541, -0.5891354 , -0.41101152, ...,  0.23703862,
          0.11890146,  0.        ]]]), 'num': array([7.27841325e-01, 6.85634190e-01, 2.28764960e-06, 7.40476054e-04,
       7.42482764e-04, 7.30442503e-04, 1.21769581e-02, 1.00335509e-05,
       7.30442503e-04, 7.55927722e-04, 7.75325921e-04, 1.60536814e-06,
       7.92757278e-04, 7.19098166e-04])}
{'img': array([[[ 0.        ,  0.07850698, -0.19573678, ..., -0.66188423,
         -0.70040419, -0.50719227],
        [-0.07850698,  0.        , -0.27212103, ..., -0.71869068,
         -0.75427652, -0.57328676],
        [ 0.19573678,  0.27212103,  0.        , ..., -0.50235558,
         -0.54714948, -0.32868898],
        ...,
        [ 0.66188423,  0.71869068,  0.50235558, ...,  0.        ,
         -0.05260973,  0.19023922],
        [ 0.70040419,  0.75427652,  0.54714948, ...,  0.05260973,
          0.        ,  0.24162472],
        [ 0.50719227,  0.57328676,  0.32868898, ..., -0.19023922,
         -0.24162472,  0.        ]],

       [[ 0.        , -0.27211708,  0.42184807, ...,  0.14495115,
         -0.37173886, -0.29221874],
        [ 0.27211708,  0.        ,  0.65264872, ...,  0.40872449,
         -0.10509454, -0.02095205],
        [-0.42184807, -0.65264872,  0.        , ..., -0.2859705 ,
         -0.7286605 , -0.66837999],
        ...,
        [-0.14495115, -0.40872449,  0.2859705 , ...,  0.        ,
         -0.50237642, -0.42775682],
        [ 0.37173886,  0.10509454,  0.7286605 , ...,  0.50237642,
          0.        ,  0.08423545],
        [ 0.29221874,  0.02095205,  0.66837999, ...,  0.42775682,
         -0.08423545,  0.        ]],

       [[ 0.        ,  0.19163496,  0.33613696, ..., -0.63410507,
         -0.79959957, -0.87772393],
        [-0.19163496,  0.        ,  0.14942277, ..., -0.77053387,
         -0.89986323, -0.95328152],
        [-0.33613696, -0.14942277,  0.        , ..., -0.85712533,
         -0.95493488, -0.98771754],
        ...,
        [ 0.63410507,  0.77053387,  0.85712533, ...,  0.        ,
         -0.23748653, -0.3748553 ],
        [ 0.79959957,  0.89986323,  0.95493488, ...,  0.23748653,
          0.        , -0.1439612 ],
        [ 0.87772393,  0.95328152,  0.98771754, ...,  0.3748553 ,
          0.1439612 ,  0.        ]],

       ...,

       [[ 0.        ,  0.62836184, -0.0110247 , ..., -0.80675011,
         -0.60697   , -0.52944159],
        [-0.62836184,  0.        , -0.6369    , ..., -0.99888248,
         -0.97154954, -0.94493234],
        [ 0.0110247 ,  0.6369    ,  0.        , ..., -0.80018667,
         -0.59817151, -0.52005665],
        ...,
        [ 0.80675011,  0.99888248,  0.80018667, ...,  0.        ,
          0.28249009,  0.37156035],
        [ 0.60697   ,  0.97154954,  0.59817151, ..., -0.28249009,
          0.        ,  0.09416049],
        [ 0.52944159,  0.94493234,  0.52005665, ..., -0.37156035,
         -0.09416049,  0.        ]],

       [[ 0.        , -0.8259371 , -0.89725958, ..., -0.84531336,
         -0.83862353, -0.81499761],
        [ 0.8259371 ,  0.        , -0.87049513, ..., -0.91782989,
         -0.92268171, -0.93806598],
        [ 0.89725958,  0.87049513,  0.        , ..., -0.10617091,
         -0.11849244, -0.1601057 ],
        ...,
        [ 0.84531336,  0.91782989,  0.10617091, ...,  0.        ,
         -0.01239978, -0.05439947],
        [ 0.83862353,  0.92268171,  0.11849244, ...,  0.01239978,
          0.        , -0.04201387],
        [ 0.81499761,  0.93806598,  0.1601057 , ...,  0.05439947,
          0.04201387,  0.        ]],

       [[ 0.        ,  0.5301316 ,  0.93953853, ...,  0.94800749,
          0.89517524,  0.86321637],
        [-0.5301316 ,  0.        ,  0.6151092 , ...,  0.63511679,
          0.52274558,  0.4643059 ],
        [-0.93953853, -0.6151092 ,  0.        , ...,  0.02563244,
         -0.11221914, -0.17870854],
        ...,
        [-0.94800749, -0.63511679, -0.02563244, ...,  0.        ,
         -0.13765281, -0.20386964],
        [-0.89517524, -0.52274558,  0.11221914, ...,  0.13765281,
          0.        , -0.06716708],
        [-0.86321637, -0.4643059 ,  0.17870854, ...,  0.20386964,
          0.06716708,  0.        ]]]), 'num': array([ 7.20009993e-01,  6.93845361e-01,  1.42976129e-06,  7.26795322e-04,
        7.38710000e-04,  7.20837984e-04,  1.26431011e-02, -5.95733871e-06,
        7.22823763e-04,  7.46057384e-04,  7.66709492e-04,  1.61804261e-06,
        7.82589252e-04,  7.09525516e-04])}
{'img': array([[[ 0.        , -0.27212103,  0.19899789, ..., -0.75427652,
         -0.57328676, -0.68276362],
        [ 0.27212103,  0.        ,  0.4581669 , ..., -0.54714948,
         -0.32868898, -0.45817587],
        [-0.19899789, -0.4581669 ,  0.        , ..., -0.86984436,
         -0.72487085, -0.81450398],
        ...,
        [ 0.75427652,  0.54714948,  0.86984436, ...,  0.        ,
          0.24162472,  0.10283094],
        [ 0.57328676,  0.32868898,  0.72487085, ..., -0.24162472,
          0.        , -0.1405598 ],
        [ 0.68276362,  0.45817587,  0.81450398, ..., -0.10283094,
          0.1405598 ,  0.        ]],

       [[ 0.        ,  0.65264872,  0.773702  , ..., -0.10509454,
         -0.02095205,  0.06074385],
        [-0.65264872,  0.        ,  0.17271815, ..., -0.7286605 ,
         -0.66837999, -0.6054203 ],
        [-0.773702  , -0.17271815,  0.        , ..., -0.83600003,
         -0.78680632, -0.73378902],
        ...,
        [ 0.10509454,  0.7286605 ,  0.83600003, ...,  0.        ,
          0.08423545,  0.16530794],
        [ 0.02095205,  0.66837999,  0.78680632, ..., -0.08423545,
          0.        ,  0.08164388],
        [-0.06074385,  0.6054203 ,  0.73378902, ..., -0.16530794,
         -0.08164388,  0.        ]],

       [[ 0.        ,  0.14942277,  0.23176909, ..., -0.89986323,
         -0.95328152, -0.95328152],
        [-0.14942277,  0.        ,  0.083813  , ..., -0.95493488,
         -0.98771754, -0.98771754],
        [-0.23176909, -0.083813  ,  0.        , ..., -0.97645193,
         -0.99733804, -0.99733804],
        ...,
        [ 0.89986323,  0.95493488,  0.97645193, ...,  0.        ,
         -0.1439612 , -0.1439612 ],
        [ 0.95328152,  0.98771754,  0.99733804, ...,  0.1439612 ,
          0.        ,  0.        ],
        [ 0.95328152,  0.98771754,  0.99733804, ...,  0.1439612 ,
          0.        ,  0.        ]],

       ...,

       [[ 0.        , -0.6369    , -0.55617646, ..., -0.97154954,
         -0.94493234, -0.93449864],
        [ 0.6369    ,  0.        ,  0.10052256, ..., -0.59817151,
         -0.52005665, -0.4937332 ],
        [ 0.55617646, -0.10052256,  0.        , ..., -0.67569721,
         -0.60328195, -0.5786481 ],
        ...,
        [ 0.97154954,  0.59817151,  0.67569721, ...,  0.        ,
          0.09416049,  0.12451595],
        [ 0.94493234,  0.52005665,  0.60328195, ..., -0.09416049,
          0.        ,  0.03053503],
        [ 0.93449864,  0.4937332 ,  0.5786481 , ..., -0.12451595,
         -0.03053503,  0.        ]],

       [[ 0.        , -0.94406438, -0.99802441, ..., -0.97851173,
         -0.98683782, -0.99835399],
        [ 0.94406438,  0.        , -0.2697966 , ..., -0.12801745,
         -0.17275325, -0.27507394],
        [ 0.99802441,  0.2697966 ,  0.        , ...,  0.14430647,
          0.09939314, -0.00548479],
        ...,
        [ 0.97851173,  0.12801745, -0.14430647, ...,  0.        ,
         -0.0452391 , -0.14973168],
        [ 0.98683782,  0.17275325, -0.09939314, ...,  0.0452391 ,
          0.        , -0.10484928],
        [ 0.99835399,  0.27507394,  0.00548479, ...,  0.14973168,
          0.10484928,  0.        ]],

       [[ 0.        ,  0.89154753,  0.94029686, ...,  0.82529791,
          0.77766172,  0.70854259],
        [-0.89154753,  0.        ,  0.12244293, ..., -0.12965491,
         -0.20827663, -0.30821844],
        [-0.94029686, -0.12244293,  0.        , ..., -0.25008875,
         -0.32646722, -0.42238114],
        ...,
        [-0.82529791,  0.12965491,  0.25008875, ...,  0.        ,
         -0.07970703, -0.18227408],
        [-0.77766172,  0.20827663,  0.32646722, ...,  0.07970703,
          0.        , -0.10332239],
        [-0.70854259,  0.30821844,  0.42238114, ...,  0.18227408,
          0.10332239,  0.        ]]]), 'num': array([ 7.69276151e-01,  6.38741201e-01,  7.33342415e-06,  7.58924127e-04,
        7.67451365e-04,  7.56792318e-04,  1.47970592e-02, -2.13180935e-05,
        7.75978602e-04,  7.97829648e-04,  8.22096744e-04,  1.22850030e-06,
        8.39948396e-04,  7.55710900e-04])}
{'img': array([[[ 0.        ,  0.4581669 ,  0.11826466, ..., -0.32868898,
         -0.45817587, -0.98430591],
        [-0.4581669 ,  0.        , -0.34983007, ..., -0.72487085,
         -0.81450398, -0.95576922],
        [-0.11826466,  0.34983007,  0.        , ..., -0.43807595,
         -0.56008135, -0.9982684 ],
        ...,
        [ 0.32868898,  0.72487085,  0.43807595, ...,  0.        ,
         -0.1405598 , -0.87161219],
        [ 0.45817587,  0.81450398,  0.56008135, ...,  0.1405598 ,
          0.        , -0.79405713],
        [ 0.98430591,  0.95576922,  0.9982684 , ...,  0.87161219,
          0.79405713,  0.        ]],

       [[ 0.        ,  0.17271815,  0.5973013 , ..., -0.66837999,
         -0.6054203 , -0.49638516],
        [-0.17271815,  0.        ,  0.44980175, ..., -0.78680632,
         -0.73378902, -0.63886217],
        [-0.5973013 , -0.44980175,  0.        , ..., -0.98033672,
         -0.96095298, -0.91662799],
        ...,
        [ 0.66837999,  0.78680632,  0.98033672, ...,  0.        ,
          0.08164388,  0.21100107],
        [ 0.6054203 ,  0.73378902,  0.96095298, ..., -0.08164388,
          0.        ,  0.13049092],
        [ 0.49638516,  0.63886217,  0.91662799, ..., -0.21100107,
         -0.13049092,  0.        ]],

       [[ 0.        ,  0.083813  ,  0.11495941, ..., -0.98771754,
         -0.98771754, -0.98771754],
        [-0.083813  ,  0.        ,  0.03129759, ..., -0.99733804,
         -0.99733804, -0.99733804],
        [-0.11495941, -0.03129759,  0.        , ..., -0.99913157,
         -0.99913157, -0.99913157],
        ...,
        [ 0.98771754,  0.99733804,  0.99913157, ...,  0.        ,
          0.        ,  0.        ],
        [ 0.98771754,  0.99733804,  0.99913157, ...,  0.        ,
          0.        ,  0.        ],
        [ 0.98771754,  0.99733804,  0.99913157, ...,  0.        ,
          0.        ,  0.        ]],

       ...,

       [[ 0.        ,  0.10052256, -0.24902783, ..., -0.52005665,
         -0.4937332 , -0.86585394],
        [-0.10052256,  0.        , -0.34512218, ..., -0.60328195,
         -0.5786481 , -0.91175932],
        [ 0.24902783,  0.34512218,  0.        , ..., -0.29097037,
         -0.26162085, -0.71398852],
        ...,
        [ 0.52005665,  0.60328195,  0.29097037, ...,  0.        ,
          0.03053503, -0.47937066],
        [ 0.4937332 ,  0.5786481 ,  0.26162085, ..., -0.03053503,
          0.        , -0.50594505],
        [ 0.86585394,  0.91175932,  0.71398852, ...,  0.47937066,
          0.50594505,  0.        ]],

       [[ 0.        , -0.2697966 , -0.34536148, ..., -0.17275325,
         -0.27507394, -0.284914  ],
        [ 0.2697966 ,  0.        , -0.07935861, ...,  0.09939314,
         -0.00548479, -0.01573427],
        [ 0.34536148,  0.07935861,  0.        , ...,  0.17804531,
          0.07388992,  0.06366414],
        ...,
        [ 0.17275325, -0.09939314, -0.17804531, ...,  0.        ,
         -0.10484928, -0.1150372 ],
        [ 0.27507394,  0.00548479, -0.07388992, ...,  0.10484928,
          0.        , -0.01024992],
        [ 0.284914  ,  0.01573427, -0.06366414, ...,  0.1150372 ,
          0.01024992,  0.        ]],

       [[ 0.        ,  0.13234495,  0.13875901, ..., -0.23145292,
         -0.3468096 , -0.85477697],
        [-0.13234495,  0.        ,  0.00647378, ..., -0.35816827,
         -0.46789   , -0.91594455],
        [-0.13875901, -0.00647378,  0.        , ..., -0.36420505,
         -0.47360164, -0.91852331],
        ...,
        [ 0.23145292,  0.35816827,  0.36420505, ...,  0.        ,
         -0.12030445, -0.71144342],
        [ 0.3468096 ,  0.46789   ,  0.47360164, ...,  0.12030445,
          0.        , -0.62173309],
        [ 0.85477697,  0.91594455,  0.91852331, ...,  0.71144342,
          0.62173309,  0.        ]]]), 'num': array([7.53408437e-01, 6.57453647e-01, 5.24343114e-06, 7.61545951e-04,
       7.61545951e-04, 7.42819411e-04, 1.12111632e-02, 2.08072664e-05,
       7.57800643e-04, 7.76007001e-04, 8.02016084e-04, 1.62839476e-06,
       8.14044482e-04, 7.37969519e-04])}
{'img': array([[[ 0.        , -0.34983007, -0.04077458, ..., -0.81450398,
         -0.95576922, -0.81450398],
        [ 0.34983007,  0.        ,  0.31134098, ..., -0.56008135,
         -0.9982684 , -0.56008135],
        [ 0.04077458, -0.31134098,  0.        , ..., -0.79017091,
         -0.9669669 , -0.79017091],
        ...,
        [ 0.81450398,  0.56008135,  0.79017091, ...,  0.        ,
         -0.79405713,  0.        ],
        [ 0.95576922,  0.9982684 ,  0.9669669 , ...,  0.79405713,
          0.        ,  0.79405713],
        [ 0.81450398,  0.56008135,  0.79017091, ...,  0.        ,
         -0.79405713,  0.        ]],

       [[ 0.        ,  0.44980175,  0.10400011, ..., -0.73378902,
         -0.63886217, -0.9380647 ],
