state_0,state_1,state_2,state_3,state_4,state_5,state_6,state_7,state_8,state_9,state_10,state_11,state_12,state_13,state_14,state_15,state_16,state_17,state_18,state_19,state_20,state_21,state_22,state_23,state_24,state_25,state_26,state_27,state_28,state_29,state_30,state_31,state_32,state_33,state_34,state_35,state_36,state_37,state_38,state_39,state_40,state_41,state_42,state_43,state_44,state_45,state_46,state_47,state_48,state_49,state_50,state_51,state_52,state_53,state_54,state_55,state_56,state_57,state_58,state_59,state_60,state_61,state_62,state_63,state_64,state_65,state_66,state_67,state_68,state_69,state_70,state_71,state_72,state_73,state_74,state_75,state_76,state_77,state_78,state_79,state_80,state_81,state_82,state_83,state_84,state_85,state_86,state_87,state_88,state_89,state_90,state_91,state_92,state_93,state_94,state_95,state_96,state_97,state_98,state_99,state_100,state_101,state_102,state_103,state_104,state_105,state_106,state_107,state_108,state_109,state_110,state_111,state_112,state_113,state_114,state_115,state_116,state_117,state_118,state_119,state_120,state_121,state_122,state_123,state_124,state_125,state_126,state_127,state_128,state_129,state_130,state_131,state_132,state_133,state_134,state_135,state_136,state_137,state_138,state_139,state_140,state_141,state_142,state_143,state_144,state_145,state_146,state_147,state_148,state_149,state_150,state_151,state_152,state_153,state_154,state_155,state_156,state_157,state_158,state_159,state_160,state_161,state_162,state_163,state_164,state_165,state_166,state_167,state_168,state_169,state_170,state_171,state_172,state_173,state_174,state_175,state_176,state_177,state_178,state_179,state_180,state_181,state_182,state_183,state_184,state_185,state_186,state_187,state_188,state_189,state_190,state_191,state_192,state_193,state_194,state_195,state_196,state_197,state_198,state_199,state_200,state_201,state_202,state_203,state_204,state_205,state_206,state_207,state_208,state_209,state_210,state_211,state_212,state_213,state_214,state_215,state_216,state_217,state_218,state_219,state_220,state_221,state_222,state_223,state_224,state_225,state_226,state_227,state_228,state_229,state_230,state_231,state_232,state_233,state_234,state_235,state_236,state_237,state_238,state_239,state_240,state_241,state_242,state_243,state_244,state_245,state_246,state_247,state_248,state_249,state_250,state_251,state_252,state_253,state_254,state_255,state_256,state_257,state_258,state_259,state_260,state_261,state_262,state_263,state_264,state_265,state_266,state_267,state_268,state_269,state_270,state_271,state_272,state_273,state_274,state_275,state_276,state_277,state_278,state_279,state_280,state_281,state_282,state_283,state_284,state_285,state_286,state_287
{'img': array([[[ 0.        , -0.12357404,  0.35790057, ...,  0.35790057,
         -0.90166634, -0.25574552],
        [ 0.12357404,  0.        ,  0.47054585, ...,  0.47054585,
         -0.84131797, -0.13432085],
        [-0.35790057, -0.47054585,  0.        , ...,  0.        ,
         -0.99670751, -0.58480314],
        ...,
        [-0.35790057, -0.47054585,  0.        , ...,  0.        ,
         -0.99670751, -0.58480314],
        [ 0.90166634,  0.84131797,  0.99670751, ...,  0.99670751,
          0.        ,  0.76108799],
        [ 0.25574552,  0.13432085,  0.58480314, ...,  0.58480314,
         -0.76108799,  0.        ]],

       [[ 0.        , -0.99989897, -0.99933867, ..., -0.99856765,
         -0.99976438, -0.99888115],
        [ 0.99989897,  0.        , -0.02215398, ..., -0.03930448,
         -0.00749372, -0.03308791],
        [ 0.99933867,  0.02215398,  0.        , ..., -0.01715797,
          0.01466148, -0.01093794],
        ...,
        [ 0.99856765,  0.03930448,  0.01715797, ...,  0.        ,
          0.03181545,  0.00622062],
        [ 0.99976438,  0.00749372, -0.01466148, ..., -0.03181545,
          0.        , -0.02559736],
        [ 0.99888115,  0.03308791,  0.01093794, ..., -0.00622062,
          0.02559736,  0.        ]],

       [[ 0.        , -0.99888922, -0.67456014, ..., -0.82478599,
         -0.58432697, -0.        ],
        [ 0.99888922,  0.        , -0.76918545, ..., -0.6036812 ,
         -0.83815063, -0.99888922],
        [ 0.67456014,  0.76918545,  0.        , ...,  0.22744675,
         -0.11605612, -0.67456014],
        ...,
        [ 0.82478599,  0.6036812 , -0.22744675, ...,  0.        ,
         -0.33892416, -0.82478599],
        [ 0.58432697,  0.83815063,  0.11605612, ...,  0.33892416,
          0.        , -0.58432697],
        [ 0.        ,  0.99888922,  0.67456014, ...,  0.82478599,
          0.58432697,  0.        ]],

       ...,

       [[ 0.        , -0.54854333, -0.06065506, ...,  0.87095288,
          0.39875207,  0.72490439],
        [ 0.54854333,  0.        ,  0.4968183 , ...,  0.99775882,
          0.8364519 ,  0.9839724 ],
        [ 0.06065506, -0.4968183 ,  0.        , ...,  0.89915314,
          0.45364214,  0.7653519 ],
        ...,
        [-0.87095288, -0.99775882, -0.89915314, ...,  0.        ,
         -0.60278156, -0.24376169],
        [-0.39875207, -0.8364519 , -0.45364214, ...,  0.60278156,
          0.        ,  0.39009977],
        [-0.72490439, -0.9839724 , -0.7653519 , ...,  0.24376169,
         -0.39009977,  0.        ]],

       [[ 0.        ,  0.23988769,  0.52655956, ..., -0.6874419 ,
         -0.85476641, -0.86986565],
        [-0.23988769,  0.        ,  0.30724667, ..., -0.49315315,
         -0.70530298, -0.72613224],
        [-0.52655956, -0.30724667,  0.        , ..., -0.20201236,
         -0.45337841, -0.47976016],
        ...,
        [ 0.6874419 ,  0.49315315,  0.20201236, ...,  0.        ,
          0.26397381,  0.29262336],
        [ 0.85476641,  0.70530298,  0.45337841, ..., -0.26397381,
          0.        ,  0.02982486],
        [ 0.86986565,  0.72613224,  0.47976016, ..., -0.29262336,
         -0.02982486,  0.        ]],

       [[ 0.        , -0.86147632, -0.98694507, ..., -0.85555319,
         -0.97066946, -0.99122951],
        [ 0.86147632,  0.        , -0.36242152, ...,  0.01155115,
         -0.28578937, -0.38949862],
        [ 0.98694507,  0.36242152,  0.        , ...,  0.37316317,
          0.08094603, -0.02921826],
        ...,
        [ 0.85555319, -0.01155115, -0.37316317, ...,  0.        ,
         -0.29683968, -0.40011156],
        [ 0.97066946,  0.28578937, -0.08094603, ...,  0.29683968,
          0.        , -0.11003385],
        [ 0.99122951,  0.38949862,  0.02921826, ...,  0.40011156,
          0.11003385,  0.        ]]]), 'num': array([9.94764216e-01, 1.02194879e-01, 7.05588408e-05, 9.37179059e-05,
       9.48291855e-05, 8.22346843e-05, 5.32977065e-04, 6.29725060e-06,
       9.23102852e-05, 9.89038770e-05, 1.00336193e-04, 2.89285462e-07,
       1.09485375e-04, 8.83223795e-05])}
{'img': array([[[ 0.        ,  0.47054585,  0.99482341, ..., -0.84131797,
         -0.13432085,  0.37161047],
        [-0.47054585,  0.        ,  0.92562416, ..., -0.99670751,
         -0.58480314, -0.10894948],
        [-0.99482341, -0.92562416,  0.        , ..., -0.45224866,
         -0.97215869, -0.96134547],
        ...,
        [ 0.84131797,  0.99670751,  0.45224866, ...,  0.        ,
          0.76108799,  0.98194066],
        [ 0.13432085,  0.58480314,  0.97215869, ..., -0.76108799,
          0.        ,  0.49294486],
        [-0.37161047,  0.10894948,  0.96134547, ..., -0.98194066,
         -0.49294486,  0.        ]],

       [[ 0.        , -0.02215398,  0.20527783, ..., -0.00749372,
         -0.03308791,  0.13289503],
        [ 0.02215398,  0.        ,  0.22690963, ...,  0.01466148,
         -0.01093794,  0.15481989],
        [-0.20527783, -0.22690963,  0.        , ..., -0.2126062 ,
         -0.23754869, -0.07339218],
        ...,
        [ 0.00749372, -0.01466148,  0.2126062 , ...,  0.        ,
         -0.02559736,  0.14031855],
        [ 0.03308791,  0.01093794,  0.23754869, ...,  0.02559736,
          0.        ,  0.16561668],
        [-0.13289503, -0.15481989,  0.07339218, ..., -0.14031855,
         -0.16561668,  0.        ]],

       [[ 0.        , -0.94688041, -0.81038113, ..., -0.8955634 ,
         -0.64744222, -0.        ],
        [ 0.94688041,  0.        , -0.294173  , ..., -0.13329865,
         -0.51342303, -0.94688041],
        [ 0.81038113,  0.294173  ,  0.        , ...,  0.16414731,
         -0.23826485, -0.81038113],
        ...,
        [ 0.8955634 ,  0.13329865, -0.16414731, ...,  0.        ,
         -0.39445288, -0.8955634 ],
        [ 0.64744222,  0.51342303,  0.23826485, ...,  0.39445288,
          0.        , -0.64744222],
        [ 0.        ,  0.94688041,  0.81038113, ...,  0.8955634 ,
          0.64744222,  0.        ]],

       ...,

       [[ 0.        ,  0.4968183 ,  0.86420886, ...,  0.8364519 ,
          0.9839724 ,  0.99976525],
        [-0.4968183 ,  0.        ,  0.50004182, ...,  0.45364214,
          0.7653519 ,  0.8568864 ],
        [-0.86420886, -0.50004182,  0.        , ..., -0.05277458,
          0.34096276,  0.4842905 ],
        ...,
        [-0.8364519 , -0.45364214,  0.05277458, ...,  0.        ,
          0.39009977,  0.52978847],
        [-0.9839724 , -0.7653519 , -0.34096276, ..., -0.39009977,
          0.        ,  0.15695946],
        [-0.99976525, -0.8568864 , -0.4842905 , ..., -0.52978847,
         -0.15695946,  0.        ]],

       [[ 0.        ,  0.30724667,  0.10296079, ..., -0.70530298,
         -0.72613224, -0.71433493],
        [-0.30724667,  0.        , -0.20763321, ..., -0.45337841,
         -0.47976016, -0.46477005],
        [-0.10296079,  0.20763321,  0.        , ..., -0.62856507,
         -0.65148194, -0.63848617],
        ...,
        [ 0.70530298,  0.45337841,  0.62856507, ...,  0.        ,
          0.02982486,  0.01282249],
        [ 0.72613224,  0.47976016,  0.65148194, ..., -0.02982486,
          0.        , -0.01700563],
        [ 0.71433493,  0.46477005,  0.63848617, ..., -0.01282249,
          0.01700563,  0.        ]],

       [[ 0.        , -0.62330866, -0.80668809, ..., -0.52561076,
         -0.6552531 , -0.68531373],
        [ 0.62330866,  0.        , -0.26244929, ...,  0.11924942,
         -0.04153891, -0.08197556],
        [ 0.80668809,  0.26244929,  0.        , ...,  0.37564576,
          0.22213997,  0.182464  ],
        ...,
        [ 0.52561076, -0.11924942, -0.37564576, ...,  0.        ,
         -0.160389  , -0.20023868],
        [ 0.6552531 ,  0.04153891, -0.22213997, ...,  0.160389  ,
          0.        , -0.0405057 ],
        [ 0.68531373,  0.08197556, -0.182464  , ...,  0.20023868,
          0.0405057 ,  0.        ]]]), 'num': array([7.07106638e-01, 7.07106638e-01, 0.00000000e+00, 1.27890847e-04,
       1.32524573e-04, 1.19550139e-04, 5.29505175e-04, 1.06575706e-05,
       1.15379786e-04, 1.23720493e-04, 1.25790224e-04, 4.63372633e-07,
       1.36957063e-04, 1.10483923e-04])}
{'img': array([[[ 0.        ,  0.92562416,  0.96912799, ..., -0.58480314,
         -0.10894948,  0.50411673],
        [-0.92562416,  0.        ,  0.13854055, ..., -0.97215869,
         -0.96134547, -0.60862191],
        [-0.96912799, -0.13854055,  0.        , ..., -0.93032063,
         -0.99022144, -0.71267926],
        ...,
        [ 0.58480314,  0.97215869,  0.93032063, ...,  0.        ,
          0.49294486,  0.91398379],
        [ 0.10894948,  0.96134547,  0.99022144, ..., -0.49294486,
          0.        ,  0.59520851],
        [-0.50411673,  0.60862191,  0.71267926, ..., -0.91398379,
         -0.59520851,  0.        ]],

       [[ 0.        ,  0.22690963, -0.62788361, ..., -0.01093794,
          0.15481989, -0.03241418],
        [-0.22690963,  0.        , -0.78811119, ..., -0.23754869,
         -0.07339218, -0.25835908],
        [ 0.62788361,  0.78811119,  0.        , ...,  0.61933297,
          0.74081048,  0.60232548],
        ...,
        [ 0.01093794,  0.23754869, -0.61933297, ...,  0.        ,
          0.16561668, -0.02148005],
        [-0.15481989,  0.07339218, -0.74081048, ..., -0.16561668,
          0.        , -0.18676188],
        [ 0.03241418,  0.25835908, -0.60232548, ...,  0.02148005,
          0.18676188,  0.        ]],

       [[ 0.        , -0.29713214,  0.05612308, ..., -0.51653798,
         -0.9063667 , -0.95478496],
        [ 0.29713214,  0.        ,  0.35025217, ..., -0.23878561,
         -0.73989596, -0.82332682],
        [-0.05612308, -0.35025217,  0.        , ..., -0.56378003,
         -0.92864968, -0.96996532],
        ...,
        [ 0.51653798,  0.23878561,  0.56378003, ...,  0.        ,
         -0.55785631, -0.66398291],
        [ 0.9063667 ,  0.73989596,  0.92864968, ...,  0.55785631,
          0.        , -0.13392855],
        [ 0.95478496,  0.82332682,  0.96996532, ...,  0.66398291,
          0.13392855,  0.        ]],

       ...,

       [[ 0.        ,  0.79280479,  0.81433309, ...,  0.96515369,
          0.99557722,  0.94467207],
        [-0.79280479,  0.        ,  0.03617403, ...,  0.38077358,
          0.53229859,  0.83580751],
        [-0.81433309, -0.03617403,  0.        , ...,  0.34707539,
          0.50132684,  0.81540012],
        ...,
        [-0.96515369, -0.38077358, -0.34707539, ...,  0.        ,
          0.16985322,  0.56379141],
        [-0.99557722, -0.53229859, -0.50132684, ..., -0.16985322,
          0.        ,  0.41531448],
        [-0.94467207, -0.83580751, -0.81540012, ..., -0.56379141,
         -0.41531448,  0.        ]],

       [[ 0.        , -0.20763321, -0.29854407, ..., -0.47976016,
         -0.46477005, -0.46477005],
        [ 0.20763321,  0.        , -0.09387355, ..., -0.65148194,
         -0.63848617, -0.63848617],
        [ 0.29854407,  0.09387355,  0.        , ..., -0.71982358,
         -0.70791491, -0.70791491],
        ...,
        [ 0.47976016,  0.65148194,  0.71982358, ...,  0.        ,
         -0.01700563, -0.01700563],
        [ 0.46477005,  0.63848617,  0.70791491, ...,  0.01700563,
          0.        ,  0.        ],
        [ 0.46477005,  0.63848617,  0.70791491, ...,  0.01700563,
          0.        ,  0.        ]],

       [[ 0.        , -0.26244929, -0.46316087, ..., -0.04153891,
         -0.08197556, -0.08197556],
        [ 0.26244929,  0.        , -0.21432308, ...,  0.22213997,
          0.182464  ,  0.182464  ],
        [ 0.46316087,  0.21432308,  0.        , ...,  0.42594624,
          0.38894919,  0.38894919],
        ...,
        [ 0.04153891, -0.22213997, -0.42594624, ...,  0.        ,
         -0.0405057 , -0.0405057 ],
        [ 0.08197556, -0.182464  , -0.38894919, ...,  0.0405057 ,
          0.        ,  0.        ],
        [ 0.08197556, -0.182464  , -0.38894919, ...,  0.0405057 ,
          0.        ,  0.        ]]]), 'num': array([7.07106697e-01, 7.07106697e-01, 0.00000000e+00, 1.29280975e-04,
       1.36231565e-04, 1.26500739e-04, 3.32534764e-04, 1.39011802e-06,
       1.17418635e-04, 1.23882684e-04, 1.25960138e-04, 4.70501482e-07,
       1.37306983e-04, 1.10458385e-04])}
{'img': array([[[ 0.        ,  0.13854055,  0.        , ..., -0.96134547,
         -0.60862191, -0.53308014],
        [-0.13854055,  0.        , -0.13854055, ..., -0.99022144,
         -0.71267926, -0.6451538 ],
        [ 0.        ,  0.13854055,  0.        , ..., -0.96134547,
         -0.60862191, -0.53308014],
        ...,
        [ 0.96134547,  0.99022144,  0.96134547, ...,  0.        ,
          0.59520851,  0.66657954],
        [ 0.60862191,  0.71267926,  0.60862191, ..., -0.59520851,
          0.        ,  0.09195558],
        [ 0.53308014,  0.6451538 ,  0.53308014, ..., -0.66657954,
         -0.09195558,  0.        ]],

       [[ 0.        , -0.78811119, -0.70210936, ..., -0.07339218,
         -0.25835908, -0.52817483],
        [ 0.78811119,  0.        ,  0.12901824, ...,  0.74081048,
          0.60232548,  0.34410432],
        [ 0.70210936, -0.12901824,  0.        , ...,  0.64795557,
          0.49430249,  0.22008909],
        ...,
        [ 0.07339218, -0.74081048, -0.64795557, ...,  0.        ,
         -0.18676188, -0.4644305 ],
        [ 0.25835908, -0.60232548, -0.49430249, ...,  0.18676188,
          0.        , -0.29086084],
        [ 0.52817483, -0.34410432, -0.22008909, ...,  0.4644305 ,
          0.29086084,  0.        ]],

       [[ 0.        ,  0.35025217,  0.71949003, ..., -0.73989596,
         -0.82332682, -0.3209722 ],
        [-0.35025217,  0.        ,  0.43066315, ..., -0.92864968,
         -0.96996532, -0.6323602 ],
        [-0.71949003, -0.43066315,  0.        , ..., -0.99787607,
         -0.98016196, -0.9043369 ],
        ...,
        [ 0.73989596,  0.92864968,  0.99787607, ...,  0.        ,
         -0.13392855,  0.48482221],
        [ 0.82332682,  0.96996532,  0.98016196, ...,  0.13392855,
          0.        ,  0.59759005],
        [ 0.3209722 ,  0.6323602 ,  0.9043369 , ..., -0.48482221,
         -0.59759005,  0.        ]],

       ...,

       [[ 0.        ,  0.05477131,  0.08557683, ...,  0.6584659 ,
          0.93193942,  0.94393552],
        [-0.05477131,  0.        ,  0.03087798, ...,  0.61625602,
          0.91067966,  0.92443695],
        [-0.08557683, -0.03087798,  0.        , ...,  0.59164434,
          0.89748931,  0.91222129],
        ...,
        [-0.6584659 , -0.61625602, -0.59164434, ...,  0.        ,
          0.4626185 ,  0.49303657],
        [-0.93193942, -0.91067966, -0.89748931, ..., -0.4626185 ,
          0.        ,  0.03462318],
        [-0.94393552, -0.92443695, -0.91222129, ..., -0.49303657,
         -0.03462318,  0.        ]],

       [[ 0.        , -0.21809841, -0.33253204, ..., -0.4671667 ,
         -0.4671667 , -0.47861407],
        [ 0.21809841,  0.        , -0.11884007, ..., -0.64875641,
         -0.64875641, -0.65858823],
        [ 0.33253204,  0.11884007,  0.        , ..., -0.73459577,
         -0.73459577, -0.74334866],
        ...,
        [ 0.4671667 ,  0.64875641,  0.73459577, ...,  0.        ,
          0.        ,  0.01299163],
        [ 0.4671667 ,  0.64875641,  0.73459577, ...,  0.        ,
          0.        ,  0.01299163],
        [ 0.47861407,  0.65858823,  0.74334866, ..., -0.01299163,
         -0.01299163,  0.        ]],

       [[ 0.        , -0.21432308, -0.40134382, ...,  0.182464  ,
          0.182464  ,  0.18110595],
        [ 0.21432308,  0.        , -0.19571332, ...,  0.38894919,
          0.38894919,  0.3876765 ],
        [ 0.40134382,  0.19571332,  0.        , ...,  0.56173006,
          0.56173006,  0.56058694],
        ...,
        [-0.182464  , -0.38894919, -0.56173006, ...,  0.        ,
          0.        , -0.00138107],
        [-0.182464  , -0.38894919, -0.56173006, ...,  0.        ,
          0.        , -0.00138107],
        [-0.18110595, -0.3876765 , -0.56058694, ...,  0.00138107,
          0.00138107,  0.        ]]]), 'num': array([9.14272389e-01, 4.05099633e-01, 3.63694825e-05, 1.67435960e-04,
       1.72817830e-04, 1.59064162e-04, 2.70145962e-04, 5.97985573e-07,
       1.58346580e-04, 1.60290033e-04, 1.62422848e-04, 6.16385129e-07,
       1.77917832e-04, 1.42662233e-04])}
{'img': array([[[ 0.        , -0.13854055,  0.32432432, ..., -0.71267926,
         -0.6451538 , -0.62053088],
        [ 0.13854055,  0.        ,  0.45224866, ..., -0.60862191,
         -0.53308014, -0.50590594],
        [-0.32432432, -0.45224866,  0.        , ..., -0.90166634,
         -0.85808151, -0.84131797],
        ...,
        [ 0.71267926,  0.60862191,  0.90166634, ...,  0.        ,
          0.09195558,  0.12357404],
        [ 0.6451538 ,  0.53308014,  0.85808151, ..., -0.09195558,
          0.        ,  0.0317997 ],
        [ 0.62053088,  0.50590594,  0.84131797, ..., -0.12357404,
         -0.0317997 ,  0.        ]],

       [[ 0.        ,  0.12901824, -0.08920104, ...,  0.60232548,
          0.34410432,  0.13104645],
        [-0.12901824,  0.        , -0.21695945, ...,  0.49430249,
          0.22008909,  0.00204558],
        [ 0.08920104,  0.21695945,  0.        , ...,  0.67112918,
          0.42648626,  0.21895585],
        ...,
        [-0.60232548, -0.49430249, -0.67112918, ...,  0.        ,
         -0.29086084, -0.49252325],
        [-0.34410432, -0.22008909, -0.42648626, ...,  0.29086084,
          0.        , -0.21809321],
        [-0.13104645, -0.00204558, -0.21895585, ...,  0.49252325,
          0.21809321,  0.        ]],

       [[ 0.        ,  0.43066315,  0.86120717, ..., -0.96996532,
         -0.6323602 , -0.04671362],
        [-0.43066315,  0.        ,  0.55836413, ..., -0.98016196,
         -0.9043369 , -0.47235264],
        [-0.86120717, -0.55836413,  0.        , ..., -0.70247166,
         -0.98855489, -0.88400939],
        ...,
        [ 0.96996532,  0.98016196,  0.70247166, ...,  0.        ,
          0.59759005,  0.95754366],
        [ 0.6323602 ,  0.9043369 ,  0.98855489, ..., -0.59759005,
          0.        ,  0.59548202],
        [ 0.04671362,  0.47235264,  0.88400939, ..., -0.95754366,
         -0.59548202,  0.        ]],

       ...,

       [[ 0.        ,  0.03087798,  0.19424399, ...,  0.91067966,
          0.92443695,  0.93720663],
        [-0.03087798,  0.        ,  0.16386151, ...,  0.89748931,
          0.91222129,  0.92599028],
        [-0.19424399, -0.16386151,  0.        , ...,  0.81308941,
          0.83275741,  0.85160852],
        ...,
        [-0.91067966, -0.89748931, -0.81308941, ...,  0.        ,
          0.03462318,  0.06955053],
        [-0.92443695, -0.91222129, -0.83275741, ..., -0.03462318,
          0.        ,  0.03496948],
        [-0.93720663, -0.92599028, -0.85160852, ..., -0.06955053,
         -0.03496948,  0.        ]],

       [[ 0.        , -0.25566611, -0.38560746, ..., -0.46982785,
         -0.48133024, -0.49901583],
        [ 0.25566611,  0.        , -0.13689821, ..., -0.67990451,
         -0.6894347 , -0.70398954],
        [ 0.38560746,  0.13689821,  0.        , ..., -0.77389084,
         -0.78210568, -0.79458809],
        ...,
        [ 0.46982785,  0.67990451,  0.77389084, ...,  0.        ,
          0.01307556,  0.03336079],
        [ 0.48133024,  0.6894347 ,  0.78210568, ..., -0.01307556,
          0.        ,  0.02028965],
        [ 0.49901583,  0.70398954,  0.79458809, ..., -0.03336079,
         -0.02028965,  0.        ]],

       [[ 0.        , -0.19571332, -0.35384169, ...,  0.38894919,
          0.3876765 ,  0.39211363],
        [ 0.19571332,  0.        , -0.16394709, ...,  0.56173006,
          0.56058694,  0.56457057],
        [ 0.35384169,  0.16394709,  0.        , ...,  0.68976617,
          0.68876558,  0.69225088],
        ...,
        [-0.38894919, -0.56173006, -0.68976617, ...,  0.        ,
         -0.00138107,  0.00343739],
        [-0.3876765 , -0.56058694, -0.68876558, ...,  0.00138107,
          0.        ,  0.00481845],
        [-0.39211363, -0.56457057, -0.69225088, ..., -0.00343739,
         -0.00481845,  0.        ]]]), 'num': array([9.56209728e-01, 2.92681591e-01, 4.73948669e-05, 1.75119593e-04,
       1.79497583e-04, 1.71367030e-04, 4.52884284e-04, 0.00000000e+00,
       1.71116859e-04, 1.68052266e-04, 1.69720072e-04, 6.44671028e-07,
       1.86769577e-04, 1.49334956e-04])}
{'img': array([[[ 0.        ,  0.45224866, -0.19942984, ..., -0.53308014,
         -0.50590594, -0.50590594],
        [-0.45224866,  0.        , -0.6210338 , ..., -0.85808151,
         -0.84131797, -0.84131797],
        [ 0.19942984,  0.6210338 ,  0.        , ..., -0.35364112,
         -0.32371743, -0.32371743],
        ...,
        [ 0.53308014,  0.85808151,  0.35364112, ...,  0.        ,
          0.0317997 ,  0.0317997 ],
        [ 0.50590594,  0.84131797,  0.32371743, ..., -0.0317997 ,
          0.        ,  0.        ],
        [ 0.50590594,  0.84131797,  0.32371743, ..., -0.0317997 ,
          0.        ,  0.        ]],

       [[ 0.        , -0.21695945, -0.24391982, ...,  0.22008909,
          0.00204558,  0.2248583 ],
        [ 0.21695945,  0.        , -0.02770352, ...,  0.42648626,
          0.21895585,  0.43090575],
        [ 0.24391982,  0.02770352,  0.        , ...,  0.45138024,
          0.2459031 ,  0.45573994],
        ...,
        [-0.22008909, -0.42648626, -0.45138024, ...,  0.        ,
         -0.21809321,  0.00489179],
        [-0.00204558, -0.21895585, -0.2459031 , ...,  0.21809321,
          0.        ,  0.22286464],
        [-0.2248583 , -0.43090575, -0.45573994, ..., -0.00489179,
         -0.22286464,  0.        ]],

       [[ 0.        ,  0.55836413,  0.98016196, ..., -0.9043369 ,
         -0.47235264, -0.09107313],
        [-0.55836413,  0.        ,  0.70247166, ..., -0.98855489,
         -0.88400939, -0.63159759],
        [-0.98016196, -0.70247166,  0.        , ..., -0.59759005,
         -0.95754366, -0.99413914],
        ...,
        [ 0.9043369 ,  0.98855489,  0.59759005, ...,  0.        ,
          0.59548202,  0.86170689],
        [ 0.47235264,  0.88400939,  0.95754366, ..., -0.59548202,
          0.        ,  0.39011691],
        [ 0.09107313,  0.63159759,  0.99413914, ..., -0.86170689,
         -0.39011691,  0.        ]],

       ...,

       [[ 0.        ,  0.16386151,  0.00535322, ...,  0.91222129,
          0.92599028,  0.92599028],
        [-0.16386151,  0.        , -0.1585783 , ...,  0.83275741,
          0.85160852,  0.85160852],
        [-0.00535322,  0.1585783 ,  0.        , ...,  0.91001502,
          0.92395592,  0.92395592],
        ...,
        [-0.91222129, -0.83275741, -0.91001502, ...,  0.        ,
          0.03496948,  0.03496948],
        [-0.92599028, -0.85160852, -0.92395592, ..., -0.03496948,
          0.        ,  0.        ],
        [-0.92599028, -0.85160852, -0.92395592, ..., -0.03496948,
          0.        ,  0.        ]],

       [[ 0.        , -0.29611421, -0.45930416, ..., -0.48511013,
         -0.50291045, -0.51839993],
        [ 0.29611421,  0.        , -0.17567348, ..., -0.72229215,
         -0.73629911, -0.74836961],
        [ 0.45930416,  0.17567348,  0.        , ..., -0.8325531 ,
         -0.8437191 , -0.85325238],
        ...,
        [ 0.48511013,  0.72229215,  0.8325531 , ...,  0.        ,
          0.02047221,  0.03848015],
        [ 0.50291045,  0.73629911,  0.8437191 , ..., -0.02047221,
          0.        ,  0.01801504],
        [ 0.51839993,  0.74836961,  0.85325238, ..., -0.03848015,
         -0.01801504,  0.        ]],

       [[ 0.        , -0.16394709, -0.32015608, ...,  0.56058694,
          0.56457057,  0.56873962],
        [ 0.16394709,  0.        , -0.16050639, ...,  0.68876558,
          0.69225088,  0.69589345],
        [ 0.32015608,  0.16050639,  0.        , ...,  0.79620018,
          0.79910626,  0.80213792],
        ...,
        [-0.56058694, -0.68876558, -0.79620018, ...,  0.        ,
          0.00481845,  0.00987812],
        [-0.56457057, -0.69225088, -0.79910626, ..., -0.00481845,
          0.        ,  0.00505979],
        [-0.56873962, -0.69589345, -0.80213792, ..., -0.00987812,
         -0.00505979,  0.        ]]]), 'num': array([ 7.28867317e-01,  6.84654861e-01,  3.25091591e-06,  1.30036636e-04,
        1.35295471e-04,  1.29080484e-04,  1.40104914e-04, -3.82460695e-06,
        1.32618246e-04,  1.28602409e-04,  1.29566528e-04,  4.74534566e-07,
        1.42912777e-04,  1.14292040e-04])}
{'img': array([[[ 0.        , -0.6210338 , -0.78331766, ..., -0.84131797,
         -0.84131797, -0.94594595],
        [ 0.6210338 ,  0.        , -0.22790364, ..., -0.32371743,
         -0.32371743, -0.54000073],
        [ 0.78331766,  0.22790364,  0.        , ..., -0.09956649,
         -0.09956649, -0.33397148],
        ...,
        [ 0.84131797,  0.32371743,  0.09956649, ...,  0.        ,
          0.        , -0.23846225],
        [ 0.84131797,  0.32371743,  0.09956649, ...,  0.        ,
          0.        , -0.23846225],
        [ 0.94594595,  0.54000073,  0.33397148, ...,  0.23846225,
          0.23846225,  0.        ]],

       [[ 0.        , -0.02770352, -0.08950445, ...,  0.21895585,
          0.43090575,  0.05963234],
        [ 0.02770352,  0.        , -0.06187776, ...,  0.2459031 ,
          0.45573994,  0.08726367],
        [ 0.08950445,  0.06187776,  0.        , ...,  0.30540966,
          0.50994482,  0.14873817],
        ...,
        [-0.21895585, -0.2459031 , -0.30540966, ...,  0.        ,
          0.22286464, -0.16038085],
        [-0.43090575, -0.45573994, -0.50994482, ..., -0.22286464,
          0.        , -0.37632688],
        [-0.05963234, -0.08726367, -0.14873817, ...,  0.16038085,
          0.37632688,  0.        ]],

       [[ 0.        ,  0.70247166,  0.34396369, ..., -0.88400939,
         -0.63159759, -0.48720686],
        [-0.70247166,  0.        , -0.41480593, ..., -0.95754366,
         -0.99413914, -0.96020992],
        [-0.34396369,  0.41480593,  0.        , ..., -0.99086216,
         -0.85973317, -0.75785782],
        ...,
        [ 0.88400939,  0.95754366,  0.99086216, ...,  0.        ,
          0.39011691,  0.54423938],
        [ 0.63159759,  0.99413914,  0.85973317, ..., -0.39011691,
          0.        ,  0.17383599],
        [ 0.48720686,  0.96020992,  0.75785782, ..., -0.54423938,
         -0.17383599,  0.        ]],

       ...,

       [[ 0.        , -0.1585783 , -0.59353964, ...,  0.85160852,
          0.85160852,  0.80333504],
        [ 0.1585783 ,  0.        , -0.45840466, ...,  0.92395592,
          0.92395592,  0.88760767],
        [ 0.59353964,  0.45840466,  0.        , ...,  0.99649921,
          0.99649921,  0.99999694],
        ...,
        [-0.85160852, -0.92395592, -0.99649921, ...,  0.        ,
          0.        , -0.08606533],
        [-0.85160852, -0.92395592, -0.99649921, ...,  0.        ,
          0.        , -0.08606533],
        [-0.80333504, -0.88760767, -0.99999694, ...,  0.08606533,
          0.08606533,  0.        ]],

       [[ 0.        , -0.36350416, -0.53593966, ..., -0.50822097,
         -0.523842  , -0.52808105],
        [ 0.36350416,  0.        , -0.19238673, ..., -0.78651438,
         -0.79764578, -0.80064193],
        [ 0.53593966,  0.19238673,  0.        , ..., -0.8906343 ,
         -0.89877858, -0.90095248],
        ...,
        [ 0.50822097,  0.78651438,  0.8906343 , ...,  0.        ,
          0.01823624,  0.02321931],
        [ 0.523842  ,  0.79764578,  0.89877858, ..., -0.01823624,
          0.        ,  0.00498413],
        [ 0.52808105,  0.80064193,  0.90095248, ..., -0.02321931,
         -0.00498413,  0.        ]],

       [[ 0.        , -0.16050639, -0.30411594, ...,  0.69225088,
          0.69589345,  0.70119378],
        [ 0.16050639,  0.        , -0.14726901, ...,  0.79910626,
          0.80213792,  0.80653902],
        [ 0.30411594,  0.14726901,  0.        , ...,  0.87892981,
          0.88133184,  0.88480753],
        ...,
        [-0.69225088, -0.79910626, -0.87892981, ...,  0.        ,
          0.00505979,  0.01246673],
        [-0.69589345, -0.80213792, -0.88133184, ..., -0.00505979,
          0.        ,  0.00740717],
        [-0.70119378, -0.80653902, -0.88480753, ..., -0.01246673,
         -0.00740717,  0.        ]]]), 'num': array([7.28943501e-01, 6.84573756e-01, 3.25053080e-06, 1.30499251e-04,
       1.31933309e-04, 1.28109155e-04, 9.86727305e-05, 4.78019235e-07,
       1.32315724e-04, 1.28515471e-04, 1.29359972e-04, 4.85153851e-07,
       1.42770627e-04, 1.14260316e-04])}
{'img': array([[[ 0.00000000e+00, -5.74959575e-01, -7.17100580e-01, ...,
         -6.86348585e-01, -8.74598163e-01, -8.57099129e-01],
        [ 5.74959575e-01,  0.00000000e+00, -1.85989256e-01, ...,
         -1.43405515e-01, -4.36812037e-01, -4.05071627e-01],
        [ 7.17100580e-01,  1.85989256e-01,  0.00000000e+00, ...,
          4.31635291e-02, -2.61883287e-01, -2.27956670e-01],
        ...,
        [ 6.86348585e-01,  1.43405515e-01, -4.31635291e-02, ...,
          0.00000000e+00, -3.03296320e-01, -2.69771307e-01],
        [ 8.74598163e-01,  4.36812037e-01,  2.61883287e-01, ...,
          3.03296320e-01,  0.00000000e+00,  3.49873549e-02],
        [ 8.57099129e-01,  4.05071627e-01,  2.27956670e-01, ...,
          2.69771307e-01, -3.49873549e-02,  0.00000000e+00]],

       [[ 0.00000000e+00, -6.18777649e-02,  1.34922157e-01, ...,
          4.55739938e-01,  8.72636737e-02, -2.02644494e-02],
        [ 6.18777649e-02,  0.00000000e+00,  1.95975577e-01, ...,
          5.09944821e-01,  1.48738170e-01,  4.16394412e-02],
        [-1.34922157e-01, -1.95975577e-01,  0.00000000e+00, ...,
          3.31476781e-01, -4.79417099e-02, -1.54973606e-01],
        ...,
        [-4.55739938e-01, -5.09944821e-01, -3.31476781e-01, ...,
          0.00000000e+00, -3.76326875e-01, -4.73684003e-01],
        [-8.72636737e-02, -1.48738170e-01,  4.79417099e-02, ...,
          3.76326875e-01,  0.00000000e+00, -1.07432900e-01],
        [ 2.02644494e-02, -4.16394412e-02,  1.54973606e-01, ...,
          4.73684003e-01,  1.07432900e-01,  0.00000000e+00]],

       [[ 0.00000000e+00, -4.14805926e-01, -6.43119578e-01, ...,
         -9.94139144e-01, -9.60209917e-01, -9.67661512e-01],
        [ 4.14805926e-01,  0.00000000e+00, -2.67536700e-01, ...,
         -8.59733175e-01, -7.57857819e-01, -7.75849070e-01],
        [ 6.43119578e-01,  2.67536700e-01,  0.00000000e+00, ...,
         -6.91751282e-01, -5.55685910e-01, -5.78773696e-01],
        ...,
        [ 9.94139144e-01,  8.59733175e-01,  6.91751282e-01, ...,
          0.00000000e+00,  1.73835986e-01,  1.46161783e-01],
        [ 9.60209917e-01,  7.57857819e-01,  5.55685910e-01, ...,
         -1.73835986e-01,  0.00000000e+00, -2.80326954e-02],
        [ 9.67661512e-01,  7.75849070e-01,  5.78773696e-01, ...,
         -1.46161783e-01,  2.80326954e-02,  0.00000000e+00]],

       ...,

       [[ 0.00000000e+00, -4.58404657e-01, -6.48768459e-01, ...,
          9.23955917e-01,  8.87607674e-01,  9.09583992e-01],
        [ 4.58404657e-01,  0.00000000e+00, -2.27749346e-01, ...,
          9.96499210e-01,  9.99996944e-01,  9.98863297e-01],
        [ 6.48768459e-01,  2.27749346e-01,  0.00000000e+00, ...,
          9.51270661e-01,  9.74279827e-01,  9.61756902e-01],
        ...,
        [-9.23955917e-01, -9.96499210e-01, -9.51270661e-01, ...,
          0.00000000e+00, -8.60653302e-02, -3.60073209e-02],
        [-8.87607674e-01, -9.99996944e-01, -9.74279827e-01, ...,
          8.60653302e-02,  0.00000000e+00,  5.01358035e-02],
        [-9.09583992e-01, -9.98863297e-01, -9.61756902e-01, ...,
          3.60073209e-02, -5.01358035e-02,  0.00000000e+00]],

       [[ 0.00000000e+00, -4.15549216e-01, -5.93059755e-01, ...,
         -5.32281396e-01, -5.36574151e-01, -5.32902395e-01],
        [ 4.15549216e-01,  0.00000000e+00, -2.04846811e-01, ...,
         -8.35938017e-01, -8.38714649e-01, -8.36340474e-01],
        [ 5.93059755e-01,  2.04846811e-01,  0.00000000e+00, ...,
         -9.30635972e-01, -9.32482568e-01, -9.30904223e-01],
        ...,
        [ 5.32281396e-01,  8.35938017e-01,  9.30635972e-01, ...,
          0.00000000e+00,  5.07888608e-03,  7.33718501e-04],
        [ 5.36574151e-01,  8.38714649e-01,  9.32482568e-01, ...,
         -5.07888608e-03,  0.00000000e+00, -4.34517568e-03],
        [ 5.32902395e-01,  8.36340474e-01,  9.30904223e-01, ...,
         -7.33718501e-04,  4.34517568e-03,  0.00000000e+00]],

       [[ 0.00000000e+00, -1.47269014e-01, -2.72649457e-01, ...,
          8.02137923e-01,  8.06539025e-01,  8.05971162e-01],
        [ 1.47269014e-01,  0.00000000e+00, -1.27987119e-01, ...,
          8.81331836e-01,  8.84807528e-01,  8.84359836e-01],
        [ 2.72649457e-01,  1.27987119e-01,  0.00000000e+00, ...,
          9.34557248e-01,  9.37167175e-01,  9.36831843e-01],
        ...,
        [-8.02137923e-01, -8.81331836e-01, -9.34557248e-01, ...,
          0.00000000e+00,  7.40716712e-03,  6.44726248e-03],
        [-8.06539025e-01, -8.84807528e-01, -9.37167175e-01, ...,
         -7.40716712e-03,  0.00000000e+00, -9.59927567e-04],
        [-8.05971162e-01, -8.84359836e-01, -9.36831843e-01, ...,
         -6.44726248e-03,  9.59927567e-04,  0.00000000e+00]]]), 'num': array([7.45954564e-01, 6.65996706e-01, 5.77313058e-06, 1.35292485e-04,
       1.36269326e-04, 1.27966177e-04, 1.87797691e-04, 1.95368209e-06,
       1.34999433e-04, 1.31336279e-04, 1.32077050e-04, 5.13376316e-07,
       1.45926570e-04, 1.16745988e-04])}
{'img': array([[[ 0.00000000e+00, -4.98887652e-01, -8.23947140e-01, ...,
         -7.73879118e-01, -7.45355992e-01, -6.00000000e-01],
        [ 4.98887652e-01,  0.00000000e+00, -4.31384518e-01, ...,
         -3.54733056e-01, -3.13383426e-01, -1.20889879e-01],
        [ 8.23947140e-01,  4.31384518e-01,  0.00000000e+00, ...,
          8.33016884e-02,  1.26929697e-01,  3.19157712e-01],
        ...,
        [ 7.73879118e-01,  3.54733056e-01, -8.33016884e-02, ...,
          0.00000000e+00,  4.38606166e-02,  2.39103294e-01],
        [ 7.45355992e-01,  3.13383426e-01, -1.26929697e-01, ...,
         -4.38606166e-02,  0.00000000e+00,  1.96284794e-01],
        [ 6.00000000e-01,  1.20889879e-01, -3.19157712e-01, ...,
         -2.39103294e-01, -1.96284794e-01,  0.00000000e+00]],

       [[ 0.00000000e+00,  1.95975577e-01,  2.30880418e-01, ...,
          1.48738170e-01,  4.16394412e-02,  2.43660906e-01],
        [-1.95975577e-01,  0.00000000e+00,  3.57226292e-02, ...,
         -4.79417099e-02, -1.54973606e-01,  4.88670548e-02],
        [-2.30880418e-01, -3.57226292e-02,  0.00000000e+00, ...,
         -8.35926638e-02, -1.90165744e-01,  1.31559139e-02],
        ...,
        [-1.48738170e-01,  4.79417099e-02,  8.35926638e-02, ...,
          0.00000000e+00, -1.07432900e-01,  9.66952978e-02],
        [-4.16394412e-02,  1.54973606e-01,  1.90165744e-01, ...,
          1.07432900e-01,  0.00000000e+00,  2.03065131e-01],
        [-2.43660906e-01, -4.88670548e-02, -1.31559139e-02, ...,
         -9.66952978e-02, -2.03065131e-01,  0.00000000e+00]],

       [[ 0.00000000e+00, -5.28301887e-01, -7.74906832e-01, ...,
         -9.40561780e-01, -9.50304892e-01, -9.56279950e-01],
        [ 5.28301887e-01,  0.00000000e+00, -3.24013099e-01, ...,
         -6.19166908e-01, -6.42391302e-01, -6.57432424e-01],
        [ 7.74906832e-01,  3.24013099e-01,  0.00000000e+00, ...,
         -3.31330125e-01, -3.59419833e-01, -3.77817404e-01],
        ...,
        [ 9.40561780e-01,  6.19166908e-01,  3.31330125e-01, ...,
          0.00000000e+00, -2.99286545e-02, -4.97043681e-02],
        [ 9.50304892e-01,  6.42391302e-01,  3.59419833e-01, ...,
          2.99286545e-02,  0.00000000e+00, -1.97904405e-02],
        [ 9.56279950e-01,  6.57432424e-01,  3.77817404e-01, ...,
          4.97043681e-02,  1.97904405e-02,  0.00000000e+00]],

       ...,

       [[ 0.00000000e+00, -2.27749346e-01, -4.35855381e-02, ...,
          9.99996944e-01,  9.98863297e-01,  9.91492405e-01],
        [ 2.27749346e-01,  0.00000000e+00,  1.85092814e-01, ...,
          9.74279827e-01,  9.61756902e-01,  9.35790887e-01],
        [ 4.35855381e-02, -1.85092814e-01,  0.00000000e+00, ...,
          9.99154392e-01,  9.95836497e-01,  9.84876896e-01],
        ...,
        [-9.99996944e-01, -9.74279827e-01, -9.99154392e-01, ...,
          0.00000000e+00,  5.01358035e-02,  1.32615181e-01],
        [-9.98863297e-01, -9.61756902e-01, -9.95836497e-01, ...,
         -5.01358035e-02,  0.00000000e+00,  8.27554214e-02],
        [-9.91492405e-01, -9.35790887e-01, -9.84876896e-01, ...,
         -1.32615181e-01, -8.27554214e-02,  0.00000000e+00]],

       [[ 0.00000000e+00, -4.54702811e-01, -6.36131478e-01, ...,
         -5.48029947e-01, -5.44297464e-01, -5.45742205e-01],
        [ 4.54702811e-01,  0.00000000e+00, -2.15726288e-01, ...,
         -8.68439287e-01, -8.66221530e-01, -8.67081240e-01],
        [ 6.36131478e-01,  2.15726288e-01,  0.00000000e+00, ...,
         -9.54947035e-01, -9.53615197e-01, -9.54132503e-01],
        ...,
        [ 5.48029947e-01,  8.68439287e-01,  9.54947035e-01, ...,
          0.00000000e+00, -4.45574083e-03, -2.73258671e-03],
        [ 5.44297464e-01,  8.66221530e-01,  9.53615197e-01, ...,
          4.45574083e-03,  0.00000000e+00,  1.72316461e-03],
        [ 5.45742205e-01,  8.67081240e-01,  9.54132503e-01, ...,
          2.73258671e-03, -1.72316461e-03,  0.00000000e+00]],

       [[ 0.00000000e+00, -1.27987119e-01, -2.56045806e-01, ...,
