state_0,state_1,state_2,state_3,state_4,state_5,state_6,state_7,state_8,state_9,state_10,state_11,state_12,state_13,state_14,state_15,state_16,state_17,state_18,state_19,state_20,state_21,state_22,state_23,state_24,state_25,state_26,state_27,state_28,state_29,state_30,state_31,state_32,state_33,state_34,state_35,state_36,state_37,state_38,state_39,state_40,state_41,state_42,state_43,state_44,state_45,state_46,state_47,state_48,state_49,state_50,state_51,state_52,state_53,state_54,state_55,state_56,state_57,state_58,state_59,state_60,state_61,state_62,state_63,state_64,state_65,state_66,state_67,state_68,state_69,state_70,state_71,state_72,state_73,state_74,state_75,state_76,state_77,state_78,state_79,state_80,state_81,state_82,state_83,state_84,state_85,state_86,state_87,state_88,state_89,state_90,state_91,state_92,state_93,state_94,state_95,state_96,state_97,state_98,state_99,state_100,state_101,state_102,state_103,state_104,state_105,state_106,state_107,state_108,state_109,state_110,state_111,state_112,state_113,state_114,state_115,state_116,state_117,state_118,state_119,state_120,state_121,state_122,state_123,state_124,state_125,state_126,state_127,state_128,state_129,state_130,state_131,state_132,state_133,state_134,state_135,state_136,state_137,state_138,state_139,state_140,state_141,state_142,state_143,state_144,state_145,state_146,state_147,state_148,state_149,state_150,state_151,state_152,state_153,state_154,state_155,state_156,state_157,state_158,state_159,state_160,state_161,state_162,state_163,state_164,state_165,state_166,state_167,state_168,state_169,state_170,state_171,state_172,state_173,state_174,state_175,state_176,state_177,state_178,state_179,state_180,state_181,state_182,state_183,state_184,state_185,state_186,state_187,state_188,state_189,state_190,state_191,state_192,state_193,state_194,state_195,state_196,state_197,state_198,state_199,state_200,state_201,state_202,state_203,state_204,state_205,state_206,state_207,state_208,state_209,state_210,state_211,state_212,state_213,state_214,state_215,state_216,state_217,state_218,state_219,state_220,state_221,state_222,state_223,state_224,state_225,state_226,state_227,state_228,state_229,state_230,state_231,state_232,state_233,state_234,state_235,state_236,state_237,state_238,state_239,state_240,state_241,state_242,state_243,state_244,state_245,state_246,state_247,state_248,state_249,state_250,state_251,state_252,state_253,state_254,state_255,state_256,state_257,state_258,state_259,state_260,state_261,state_262,state_263,state_264,state_265,state_266,state_267,state_268,state_269,state_270,state_271,state_272,state_273,state_274,state_275,state_276,state_277,state_278,state_279,state_280,state_281,state_282,state_283,state_284,state_285,state_286,state_287
{'img': array([[[ 0.        , -0.04784996, -0.05870482, ...,  0.95434346,
          0.99909864,  0.82596944],
        [ 0.04784996,  0.        , -0.01087014, ...,  0.96754363,
          0.99998538,  0.79804958],
        [ 0.05870482,  0.01087014,  0.        , ...,  0.97023339,
          0.99986753,  0.79145217],
        ...,
        [-0.95434346, -0.96754363, -0.97023339, ...,  0.        ,
          0.25793147,  0.7847042 ],
        [-0.99909864, -0.99998538, -0.99986753, ..., -0.25793147,
          0.        ,  0.59826824],
        [-0.82596944, -0.79804958, -0.79145217, ..., -0.7847042 ,
         -0.59826824,  0.        ]],

       [[ 0.        , -0.20194403,  0.28418707, ...,  0.75254615,
          0.93799828,  0.73538425],
        [ 0.20194403,  0.        ,  0.47194963, ...,  0.87002961,
          0.98867462,  0.85708062],
        [-0.28418707, -0.47194963,  0.        , ...,  0.53436939,
          0.80081295,  0.51248404],
        ...,
        [-0.75254615, -0.87002961, -0.53436939, ...,  0.        ,
          0.35684641, -0.02568358],
        [-0.93799828, -0.98867462, -0.80081295, ..., -0.35684641,
          0.        , -0.38072134],
        [-0.73538425, -0.85708062, -0.51248404, ...,  0.02568358,
          0.38072134,  0.        ]],

       [[ 0.        ,  0.03187225,  0.06268942, ...,  0.98163891,
          0.95311525,  0.66944997],
        [-0.03187225,  0.        ,  0.03084801, ...,  0.98721978,
          0.96227581,  0.69278639],
        [-0.06268942, -0.03084801,  0.        , ...,  0.99166603,
          0.97021085,  0.71470251],
        ...,
        [-0.98163891, -0.98721978, -0.99166603, ...,  0.        ,
          0.11524587,  0.60152079],
        [-0.95311525, -0.96227581, -0.97021085, ..., -0.11524587,
          0.        ,  0.50544787],
        [-0.66944997, -0.69278639, -0.71470251, ..., -0.60152079,
         -0.50544787,  0.        ]],

       ...,

       [[ 0.        , -0.7071659 , -0.77937199, ..., -0.97709745,
         -0.9825503 , -0.87895348],
        [ 0.7071659 ,  0.        , -0.10797022, ..., -0.54037499,
         -0.56317909, -0.28420926],
        [ 0.77937199,  0.10797022,  0.        , ..., -0.44636726,
         -0.47066726, -0.17903004],
        ...,
        [ 0.97709745,  0.54037499,  0.44636726, ...,  0.        ,
         -0.02734188,  0.27895057],
        [ 0.9825503 ,  0.56317909,  0.47066726, ...,  0.02734188,
          0.        ,  0.30510285],
        [ 0.87895348,  0.28420926,  0.17903004, ..., -0.27895057,
         -0.30510285,  0.        ]],

       [[ 0.        ,  0.22613623,  0.11839771, ...,  0.52295447,
          0.48939242,  0.        ],
        [-0.22613623,  0.        , -0.10921494, ...,  0.70215731,
          0.67392023,  0.22613623],
        [-0.11839771,  0.10921494,  0.        , ...,  0.62019368,
          0.5892005 ,  0.11839771],
        ...,
        [-0.52295447, -0.70215731, -0.62019368, ...,  0.        ,
          0.03891077,  0.52295447],
        [-0.48939242, -0.67392023, -0.5892005 , ..., -0.03891077,
          0.        ,  0.48939242],
        [-0.        , -0.22613623, -0.11839771, ..., -0.52295447,
         -0.48939242,  0.        ]],

       [[ 0.        , -0.00422567,  0.11584008, ...,  0.98485068,
          0.88373463,  0.94999852],
        [ 0.00422567,  0.        ,  0.12003627, ...,  0.98557464,
          0.88174917,  0.94867055],
        [-0.11584008, -0.12003627,  0.        , ...,  0.95813335,
          0.93199703,  0.97977459],
        ...,
        [-0.98485068, -0.98557464, -0.95813335, ...,  0.        ,
          0.61414224,  0.47225801],
        [-0.88373463, -0.88174917, -0.93199703, ..., -0.61414224,
          0.        , -0.16863821],
        [-0.94999852, -0.94867055, -0.97977459, ..., -0.47225801,
          0.16863821,  0.        ]]]), 'num': array([7.76399625e-01, 6.28547296e-01, 2.48074377e-05, 4.37432925e-04,
       4.41836612e-04, 4.15414489e-04, 4.61585681e-02, 7.33947860e-07,
       4.18056701e-04, 3.90093288e-04, 3.30606814e-04, 5.35797790e-06,
       4.40211233e-04, 3.39975342e-04])}
{'img': array([[[ 0.        , -0.01084104,  0.04772004, ...,  0.99998601,
          0.86899485,  0.79675605],
        [ 0.01084104,  0.        ,  0.05854592, ...,  0.99998459,
          0.86357941,  0.79015798],
        [-0.04772004, -0.05854592,  0.        , ...,  0.99859436,
          0.89161773,  0.82468562],
        ...,
        [-0.99998601, -0.99998459, -0.99859436, ...,  0.        ,
          0.49941086,  0.60850715],
        [-0.86899485, -0.86357941, -0.89161773, ..., -0.49941086,
          0.        ,  0.13088279],
        [-0.79675605, -0.79015798, -0.82468562, ..., -0.60850715,
         -0.13088279,  0.        ]],

       [[ 0.        ,  0.47194963,  0.17422129, ...,  0.98867462,
          0.85708062,  0.70005849],
        [-0.47194963,  0.        , -0.31113394, ...,  0.80081295,
          0.51248404,  0.28017703],
        [-0.17422129,  0.31113394,  0.        , ...,  0.9474081 ,
          0.75421715,  0.56494326],
        ...,
        [-0.98867462, -0.80081295, -0.9474081 , ...,  0.        ,
         -0.38072134, -0.60093697],
        [-0.85708062, -0.51248404, -0.75421715, ...,  0.38072134,
          0.        , -0.2513711 ],
        [-0.70005849, -0.28017703, -0.56494326, ...,  0.60093697,
          0.2513711 ,  0.        ]],

       [[ 0.        ,  0.0293032 ,  0.08384961, ...,  0.99865628,
          0.96904163,  0.66732139],
        [-0.0293032 ,  0.        ,  0.0546136 , ...,  0.99974601,
          0.97586038,  0.68885896],
        [-0.08384961, -0.0546136 ,  0.        , ...,  0.99948478,
          0.98633133,  0.72742003],
        ...,
        [-0.99865628, -0.99974601, -0.99948478, ...,  0.        ,
          0.19634695,  0.70918651],
        [-0.96904163, -0.97586038, -0.98633133, ..., -0.19634695,
          0.        ,  0.55695312],
        [-0.66732139, -0.68885896, -0.72742003, ..., -0.70918651,
         -0.55695312,  0.        ]],

       ...,

       [[ 0.        , -0.13770507,  0.04191345, ..., -0.64217587,
         -0.34446289,  0.14700904],
        [ 0.13770507,  0.        ,  0.17909821, ..., -0.53049921,
         -0.21190378,  0.28181744],
        [-0.04191345, -0.17909821,  0.        , ..., -0.67374062,
         -0.38350853,  0.10542178],
        ...,
        [ 0.64217587,  0.53049921,  0.67374062, ...,  0.        ,
          0.33882411,  0.74788958],
        [ 0.34446289,  0.21190378,  0.38350853, ..., -0.33882411,
          0.        ,  0.47873242],
        [-0.14700904, -0.28181744, -0.10542178, ..., -0.74788958,
         -0.47873242,  0.        ]],

       [[ 0.        , -0.1905788 , -0.03267826, ...,  0.72839527,
          0.52471603,  0.1905788 ],
        [ 0.1905788 ,  0.        ,  0.15839768, ...,  0.58446874,
          0.35286357,  0.        ],
        [ 0.03267826, -0.15839768,  0.        , ...,  0.7056165 ,
          0.49661753,  0.15839768],
        ...,
        [-0.72839527, -0.58446874, -0.7056165 , ...,  0.        ,
          0.26055343,  0.58446874],
        [-0.52471603, -0.35286357, -0.49661753, ..., -0.26055343,
          0.        ,  0.35286357],
        [-0.1905788 , -0.        , -0.15839768, ..., -0.58446874,
         -0.35286357,  0.        ]],

       [[ 0.        ,  0.11496121,  0.16154296, ...,  0.99951013,
          0.99999298,  0.86393218],
        [-0.11496121,  0.        ,  0.04702065, ...,  0.9964813 ,
          0.99379372,  0.9160997 ],
        [-0.16154296, -0.04702065,  0.        , ...,  0.99143805,
          0.98746399,  0.93393938],
        ...,
        [-0.99951013, -0.9964813 , -0.99143805, ...,  0.        ,
         -0.02755198,  0.47632301],
        [-0.99999298, -0.99379372, -0.98746399, ...,  0.02755198,
          0.        ,  0.50036783],
        [-0.86393218, -0.9160997 , -0.93393938, ..., -0.47632301,
         -0.50036783,  0.        ]]]), 'num': array([7.07033515e-01, 7.07033515e-01, 0.00000000e+00, 5.71100620e-05,
       5.92995851e-05, 5.24573253e-05, 1.43942809e-02, 2.73690393e-06,
       5.36433170e-05, 4.91502331e-05, 4.14238012e-05, 7.11952787e-07,
       5.60552452e-05, 4.22452210e-05])}
{'img': array([[[ 0.        ,  0.0543073 ,  0.03484838, ...,  0.99988111,
          0.99962714,  0.75376605],
        [-0.0543073 ,  0.        , -0.01947736, ...,  0.99924297,
          0.99963484,  0.78834135],
        [-0.03484838,  0.01947736,  0.        , ...,  0.99981115,
          0.99997152,  0.77620859],
        ...,
        [-0.99988111, -0.99924297, -0.99981115, ...,  0.        ,
          0.01188802,  0.64544172],
        [-0.99962714, -0.99963484, -0.99997152, ..., -0.01188802,
          0.        ,  0.63631593],
        [-0.75376605, -0.78834135, -0.77620859, ..., -0.64544172,
         -0.63631593,  0.        ]],

       [[ 0.        , -0.31113394, -0.5393687 , ...,  0.51248404,
          0.28017703,  0.90872388],
        [ 0.31113394,  0.        , -0.25060124, ...,  0.75421715,
          0.56494326,  0.99348696],
        [ 0.5393687 ,  0.25060124,  0.        , ...,  0.89470144,
          0.75369468,  0.99034016],
        ...,
        [-0.51248404, -0.75421715, -0.89470144, ...,  0.        ,
         -0.2513711 ,  0.56640853],
        [-0.28017703, -0.56494326, -0.75369468, ...,  0.2513711 ,
          0.        ,  0.75538271],
        [-0.90872388, -0.99348696, -0.99034016, ..., -0.56640853,
         -0.75538271,  0.        ]],

       [[ 0.        ,  0.05177332,  0.09433592, ...,  0.99995171,
          0.97013388,  0.66251822],
        [-0.05177332,  0.        ,  0.04266697, ...,  0.99911943,
          0.98139146,  0.70041028],
        [-0.09433592, -0.04266697,  0.        , ...,  0.99641942,
          0.98869057,  0.73022559],
        ...,
        [-0.99995171, -0.99911943, -0.99641942, ...,  0.        ,
          0.23302458,  0.74249886],
        [-0.97013388, -0.98139146, -0.98869057, ..., -0.23302458,
          0.        ,  0.5659676 ],
        [-0.66251822, -0.70041028, -0.73022559, ..., -0.74249886,
         -0.5659676 ,  0.        ]],

       ...,

       [[ 0.        ,  0.14292908, -0.25961079, ..., -0.18285365,
          0.21775382,  0.76690873],
        [-0.14292908,  0.        , -0.39497387, ..., -0.32149559,
          0.07601882,  0.66730921],
        [ 0.25961079,  0.39497387,  0.        , ...,  0.07864958,
          0.46366887,  0.90722082],
        ...,
        [ 0.18285365,  0.32149559, -0.07864958, ...,  0.        ,
          0.39254837,  0.87132622],
        [-0.21775382, -0.07601882, -0.46366887, ..., -0.39254837,
          0.        ,  0.60876092],
        [-0.76690873, -0.66730921, -0.90722082, ..., -0.87132622,
         -0.60876092,  0.        ]],

       [[ 0.        ,  0.15258884,  0.24781016, ...,  0.60598022,
          0.51838715,  0.        ],
        [-0.15258884,  0.        ,  0.09707887, ...,  0.72026537,
          0.64280245,  0.15258884],
        [-0.24781016, -0.09707887,  0.        , ...,  0.78420681,
          0.71413182,  0.24781016],
        ...,
        [-0.60598022, -0.72026537, -0.78420681, ...,  0.        ,
          0.10583513,  0.60598022],
        [-0.51838715, -0.64280245, -0.71413182, ..., -0.10583513,
          0.        ,  0.51838715],
        [-0.        , -0.15258884, -0.24781016, ..., -0.60598022,
         -0.51838715,  0.        ]],

       [[ 0.        ,  0.04702065,  0.04843366, ...,  0.99379372,
          0.9160997 ,  0.9423135 ],
        [-0.04702065,  0.        ,  0.00141462, ...,  0.98746399,
          0.93393938,  0.95701052],
        [-0.04843366, -0.00141462,  0.        , ...,  0.98723971,
          0.93444407,  0.95741988],
        ...,
        [-0.99379372, -0.98746399, -0.98723971, ...,  0.        ,
          0.50036783,  0.43747588],
        [-0.9160997 , -0.93393938, -0.93444407, ..., -0.50036783,
          0.        , -0.07117356],
        [-0.9423135 , -0.95701052, -0.95741988, ..., -0.43747588,
          0.07117356,  0.        ]]]), 'num': array([ 7.17551843e-01,  6.96490899e-01,  3.47540327e-06,  5.61625169e-05,
        5.88501621e-05,  5.60698395e-05,  4.44493884e-03, -1.85354841e-06,
        5.55137750e-05,  5.04443200e-05,  4.23860183e-05,  6.66386629e-07,
        5.76987425e-05,  4.31898976e-05])}
{'img': array([[[ 0.        , -0.01947736,  0.10222298, ...,  0.99963484,
          0.78834135,  0.99466172],
        [ 0.01947736,  0.        ,  0.12157892, ...,  0.99997152,
          0.77620859,  0.99246317],
        [-0.10222298, -0.12157892,  0.        , ...,  0.991636  ,
          0.84710311,  0.99999953],
        ...,
        [-0.99963484, -0.99997152, -0.991636  , ...,  0.        ,
          0.63631593,  0.13002944],
        [-0.78834135, -0.77620859, -0.84710311, ..., -0.63631593,
          0.        , -0.53060527],
        [-0.99466172, -0.99246317, -0.99999953, ..., -0.13002944,
          0.53060527,  0.        ]],

       [[ 0.        , -0.25060124,  0.28232613, ...,  0.56494326,
          0.99348696,  0.42922464],
        [ 0.25060124,  0.        ,  0.51372362, ...,  0.75369468,
          0.99034016,  0.64187074],
        [-0.28232613, -0.51372362,  0.        , ...,  0.30900482,
          0.92090051,  0.1567668 ],
        ...,
        [-0.56494326, -0.75369468, -0.30900482, ...,  0.        ,
          0.75538271, -0.15608946],
        [-0.99348696, -0.99034016, -0.92090051, ..., -0.75538271,
          0.        , -0.84840684],
        [-0.42922464, -0.64187074, -0.1567668 , ...,  0.15608946,
          0.84840684,  0.        ]],

       [[ 0.        ,  0.0414075 ,  0.06888928, ...,  0.99768789,
          0.93411702,  0.68556173],
        [-0.0414075 ,  0.        ,  0.02752107, ...,  0.99964636,
          0.94809697,  0.71511901],
        [-0.06888928, -0.02752107,  0.        , ...,  0.99999957,
          0.95648904,  0.73408544],
        ...,
        [-0.99768789, -0.99964636, -0.99999957, ...,  0.        ,
          0.29265679,  0.67973886],
        [-0.93411702, -0.94809697, -0.95648904, ..., -0.29265679,
          0.        ,  0.43532787],
        [-0.68556173, -0.71511901, -0.73408544, ..., -0.67973886,
         -0.43532787,  0.        ]],

       ...,

       [[ 0.        , -0.39497387, -0.01665747, ...,  0.07601882,
          0.66730921,  0.00528429],
        [ 0.39497387,  0.        ,  0.37961598, ...,  0.46366887,
          0.90722082,  0.39982299],
        [ 0.01665747, -0.37961598,  0.        , ...,  0.09261753,
          0.67962279,  0.02194079],
        ...,
        [-0.07601882, -0.46366887, -0.09261753, ...,  0.        ,
          0.60876092, -0.07074876],
        [-0.66730921, -0.90722082, -0.67962279, ..., -0.60876092,
          0.        , -0.66336426],
        [-0.00528429, -0.39982299, -0.02194079, ...,  0.07074876,
          0.66336426,  0.        ]],

       [[ 0.        ,  0.1931654 ,  0.35729111, ...,  0.62305424,
          0.38666771,  0.        ],
        [-0.1931654 ,  0.        ,  0.17014681, ...,  0.76240961,
          0.55752612,  0.1931654 ],
        [-0.35729111, -0.17014681,  0.        , ...,  0.86139381,
          0.69064565,  0.35729111],
        ...,
        [-0.62305424, -0.76240961, -0.86139381, ...,  0.        ,
          0.2721493 ,  0.62305424],
        [-0.38666771, -0.55752612, -0.69064565, ..., -0.2721493 ,
          0.        ,  0.38666771],
        [-0.        , -0.1931654 , -0.35729111, ..., -0.62305424,
         -0.38666771,  0.        ]],

       [[ 0.        ,  0.00139086, -0.02741222, ...,  0.99697011,
          0.99757353,  0.92818982],
        [-0.00139086,  0.        , -0.02880253, ...,  0.99707733,
          0.9976694 ,  0.92870647],
        [ 0.02741222,  0.02880253,  0.        , ...,  0.99446318,
          0.9952902 ,  0.91764074],
        ...,
        [-0.99697011, -0.99707733, -0.99446318, ...,  0.        ,
         -0.00818713,  0.29877974],
        [-0.99757353, -0.9976694 , -0.9952902 , ...,  0.00818713,
          0.        ,  0.30658289],
        [-0.92818982, -0.92870647, -0.91764074, ..., -0.29877974,
         -0.30658289,  0.        ]]]), 'num': array([7.17854848e-01, 6.96184226e-01, 3.44524992e-06, 5.82543602e-05,
       5.89026599e-05, 5.53833186e-05, 3.45239974e-03, 2.13012764e-06,
       5.65317352e-05, 5.09841419e-05, 4.26889927e-05, 6.00277515e-07,
       5.87875722e-05, 4.31807116e-05])}
{'img': array([[[ 0.        ,  0.12071383,  0.0710328 , ...,  0.88949497,
          0.99594798,  0.77279839],
        [-0.12071383,  0.        , -0.04989554, ...,  0.93814998,
          0.9995209 ,  0.8437584 ],
        [-0.0710328 ,  0.04989554,  0.        , ...,  0.91970617,
          0.99982026,  0.81592736],
        ...,
        [-0.88949497, -0.93814998, -0.91970617, ...,  0.        ,
         -0.37510003,  0.21139307],
        [-0.99594798, -0.9995209 , -0.99982026, ...,  0.37510003,
          0.        ,  0.56258126],
        [-0.77279839, -0.8437584 , -0.81592736, ..., -0.21139307,
         -0.56258126,  0.        ]],

       [[ 0.        ,  0.51372362,  0.07931109, ...,  0.99034016,
          0.64187074,  0.54117769],
        [-0.51372362,  0.        , -0.44405994, ...,  0.92090051,
          0.1567668 ,  0.03231206],
        [-0.07931109,  0.44405994,  0.        , ...,  0.99821771,
          0.57903202,  0.47277958],
        ...,
        [-0.99034016, -0.92090051, -0.99821771, ...,  0.        ,
         -0.84840684, -0.90782448],
        [-0.64187074, -0.1567668 , -0.57903202, ...,  0.84840684,
          0.        , -0.1247724 ],
        [-0.54117769, -0.03231206, -0.47277958, ...,  0.90782448,
          0.1247724 ,  0.        ]],

       [[ 0.        ,  0.02671602,  0.05040241, ...,  0.98674778,
          0.94010973,  0.70035663],
        [-0.02671602,  0.        ,  0.02370236, ...,  0.99073055,
          0.94888091,  0.71917635],
        [-0.05040241, -0.02370236,  0.        , ...,  0.99367199,
          0.95609561,  0.73544336],
        ...,
        [-0.98674778, -0.99073055, -0.99367199, ...,  0.        ,
          0.18381095,  0.59069278],
        [-0.94010973, -0.94888091, -0.95609561, ..., -0.18381095,
          0.        ,  0.4323119 ],
        [-0.70035663, -0.71917635, -0.73544336, ..., -0.59069278,
         -0.4323119 ,  0.        ]],

       ...,

       [[ 0.        ,  0.37961598,  0.25880549, ...,  0.90722082,
          0.39982299,  0.04096531],
        [-0.37961598,  0.        , -0.12724987, ...,  0.67962279,
          0.02194079, -0.3413985 ],
        [-0.25880549,  0.12724987,  0.        , ...,  0.76744356,
          0.14898166, -0.21901864],
        ...,
        [-0.90722082, -0.67962279, -0.76744356, ...,  0.        ,
         -0.66336426, -0.88922702],
        [-0.39982299, -0.02194079, -0.14898166, ...,  0.66336426,
          0.        , -0.36193887],
        [-0.04096531,  0.3413985 ,  0.21901864, ...,  0.88922702,
          0.36193887,  0.        ]],

       [[ 0.        ,  0.29653635,  0.35941947, ...,  0.57969777,
          0.4579193 ,  0.        ],
        [-0.29653635,  0.        ,  0.06653271, ...,  0.79525106,
          0.70094178,  0.29653635],
        [-0.35941947, -0.06653271,  0.        , ...,  0.83382644,
          0.74684102,  0.35941947],
        ...,
        [-0.57969777, -0.79525106, -0.83382644, ...,  0.        ,
          0.14222059,  0.57969777],
        [-0.4579193 , -0.70094178, -0.74684102, ..., -0.14222059,
          0.        ,  0.4579193 ],
        [-0.        , -0.29653635, -0.35941947, ..., -0.57969777,
         -0.4579193 ,  0.        ]],

       [[ 0.        , -0.02876562, -0.01460624, ...,  0.99829632,
          0.95627502,  0.92825982],
        [ 0.02876562,  0.        ,  0.01416235, ...,  0.9962048 ,
          0.94746625,  0.91717683],
        [ 0.01460624, -0.01416235,  0.        , ...,  0.99733758,
          0.95190114,  0.92272826],
        ...,
        [-0.99829632, -0.9962048 , -0.99733758, ...,  0.        ,
          0.23617415,  0.31713684],
        [-0.95627502, -0.94746625, -0.95190114, ..., -0.23617415,
          0.        ,  0.08418249],
        [-0.92825982, -0.91717683, -0.92272826, ..., -0.31713684,
         -0.08418249,  0.        ]]]), 'num': array([ 7.14125643e-01,  7.00010258e-01,  2.29518454e-06,  5.66882928e-05,
        5.94535753e-05,  5.66882928e-05,  3.19078582e-03, -1.29046520e-06,
        5.66329871e-05,  5.11346836e-05,  4.27988929e-05,  6.14507239e-07,
        5.92624246e-05,  4.30069426e-05])}
{'img': array([[[ 0.        , -0.04989554, -0.10149104, ...,  0.9995209 ,
          0.8437584 ,  0.99468473],
        [ 0.04989554,  0.        , -0.05172673, ...,  0.99982026,
          0.81592736,  0.98830817],
        [ 0.10149104,  0.05172673,  0.        , ...,  0.99750109,
          0.78492903,  0.97909835],
        ...,
        [-0.9995209 , -0.99982026, -0.99750109, ...,  0.        ,
          0.56258126,  0.13370467],
        [-0.8437584 , -0.81592736, -0.78492903, ..., -0.56258126,
          0.        , -0.4469907 ],
        [-0.99468473, -0.98830817, -0.97909835, ..., -0.13370467,
          0.4469907 ,  0.        ]],

       [[ 0.        , -0.44405994, -0.37611859, ...,  0.1567668 ,
          0.03231206, -0.00131138],
        [ 0.44405994,  0.        ,  0.07445214, ...,  0.57903202,
          0.47277958,  0.44288456],
        [ 0.37611859, -0.07445214,  0.        , ...,  0.51672379,
          0.40586163,  0.37490318],
        ...,
        [-0.1567668 , -0.57903202, -0.51672379, ...,  0.        ,
         -0.1247724 , -0.15806184],
        [-0.03231206, -0.47277958, -0.40586163, ...,  0.1247724 ,
          0.        , -0.03362273],
        [ 0.00131138, -0.44288456, -0.37490318, ...,  0.15806184,
          0.03362273,  0.        ]],

       [[ 0.        ,  0.0234637 ,  0.03614646, ...,  0.96670465,
          0.87064787,  0.71414284],
        [-0.0234637 ,  0.        ,  0.01268814, ...,  0.97244274,
          0.88195013,  0.73037082],
        [-0.03614646, -0.01268814,  0.        , ...,  0.9753226 ,
          0.8878596 ,  0.73897868],
        ...,
        [-0.96670465, -0.97244274, -0.9753226 , ...,  0.        ,
          0.25273437,  0.49394786],
        [-0.87064787, -0.88195013, -0.8878596 , ..., -0.25273437,
          0.        ,  0.2581618 ],
        [-0.71414284, -0.73037082, -0.73897868, ..., -0.49394786,
         -0.2581618 ,  0.        ]],

       ...,

       [[ 0.        , -0.12724987, -0.32521628, ...,  0.02194079,
         -0.3413985 , -0.25793775],
        [ 0.12724987,  0.        , -0.20223998, ...,  0.14898166,
         -0.21901864, -0.13289697],
        [ 0.32521628,  0.20223998,  0.        , ...,  0.34588607,
         -0.01716311,  0.0702953 ],
        ...,
        [-0.02194079, -0.14898166, -0.34588607, ...,  0.        ,
         -0.36193887, -0.279074  ],
        [ 0.3413985 ,  0.21901864,  0.01716311, ...,  0.36193887,
          0.        ,  0.0874056 ],
        [ 0.25793775,  0.13289697, -0.0702953 , ...,  0.279074  ,
         -0.0874056 ,  0.        ]],

       [[ 0.        ,  0.20638109,  0.24327929, ...,  0.57629158,
          0.37595278,  0.        ],
        [-0.20638109,  0.        ,  0.03786127, ...,  0.73254873,
          0.55909988,  0.20638109],
        [-0.24327929, -0.03786127,  0.        , ...,  0.75779622,
          0.5900898 ,  0.24327929],
        ...,
        [-0.57629158, -0.73254873, -0.75779622, ...,  0.        ,
          0.22676893,  0.57629158],
        [-0.37595278, -0.55909988, -0.5900898 , ..., -0.22676893,
          0.        ,  0.37595278],
        [-0.        , -0.20638109, -0.24327929, ..., -0.57629158,
         -0.37595278,  0.        ]],

       [[ 0.        ,  0.01413509,  0.04294974, ...,  0.96157736,
          0.95292982,  0.91647483],
        [-0.01413509,  0.        ,  0.0288234 , ...,  0.96536186,
          0.95712025,  0.92203861],
        [-0.04294974, -0.0288234 ,  0.        , ...,  0.97248122,
          0.96507246,  0.932813  ],
        ...,
        [-0.96157736, -0.96536186, -0.97248122, ...,  0.        ,
          0.02992984,  0.13311614],
        [-0.95292982, -0.95712025, -0.96507246, ..., -0.02992984,
          0.        ,  0.10339303],
        [-0.91647483, -0.92203861, -0.932813  , ..., -0.13311614,
         -0.10339303,  0.        ]]]), 'num': array([7.12521288e-01, 7.01639465e-01, 1.71908734e-06, 5.81915659e-05,
       5.86512150e-05, 5.51578824e-05, 3.93085407e-03, 1.65473647e-06,
       5.71619521e-05, 5.15404446e-05, 4.30032302e-05, 6.42695090e-07,
       6.00380660e-05, 4.30428233e-05])}
{'img': array([[[ 0.        , -0.05124653, -0.12953168, ...,  0.92870361,
          0.99486856,  0.81145451],
        [ 0.05124653,  0.        , -0.07854668, ...,  0.90847994,
          0.98837643,  0.78043902],
        [ 0.12953168,  0.07854668,  0.        , ...,  0.87284624,
          0.97338161,  0.72891791],
        ...,
        [-0.92870361, -0.90847994, -0.87284624, ...,  0.        ,
         -0.27495769,  0.24184298],
        [-0.99486856, -0.98837643, -0.97338161, ...,  0.27495769,
          0.        ,  0.49931714],
        [-0.81145451, -0.78043902, -0.72891791, ..., -0.24184298,
         -0.49931714,  0.        ]],

       [[ 0.        ,  0.07445214, -0.02078217, ...,  0.47277958,
          0.44288456,  0.52980804],
        [-0.07445214,  0.        , -0.09516054, ...,  0.40586163,
          0.37490318,  0.46519344],
        [ 0.02078217,  0.09516054,  0.        , ...,  0.49099031,
          0.46142176,  0.54731934],
        ...,
        [-0.47277958, -0.40586163, -0.49099031, ...,  0.        ,
         -0.03362273,  0.06588396],
        [-0.44288456, -0.37490318, -0.46142176, ...,  0.03362273,
          0.        ,  0.09939639],
        [-0.52980804, -0.46519344, -0.54731934, ..., -0.06588396,
         -0.09939639,  0.        ]],

       [[ 0.        ,  0.01245756, -0.00571207, ...,  0.9463914 ,
          0.91524158,  0.72123839],
        [-0.01245756,  0.        , -0.01816898, ...,  0.95034203,
          0.92018978,  0.72981161],
        [ 0.00571207,  0.01816898,  0.        , ...,  0.94453084,
          0.91292523,  0.71726994],
        ...,
        [-0.9463914 , -0.95034203, -0.94453084, ...,  0.        ,
          0.085663  ,  0.42257698],
        [-0.91524158, -0.92018978, -0.91292523, ..., -0.085663  ,
          0.        ,  0.34338497],
        [-0.72123839, -0.72981161, -0.71726994, ..., -0.42257698,
         -0.34338497,  0.        ]],

       ...,

       [[ 0.        , -0.20223998, -0.4699607 , ..., -0.21901864,
         -0.13289697,  0.03362457],
        [ 0.20223998,  0.        , -0.28173476, ..., -0.01716311,
          0.0702953 ,  0.23505537],
        [ 0.4699607 ,  0.28173476,  0.        , ...,  0.26522538,
          0.34848561,  0.49937493],
        ...,
        [ 0.21901864,  0.01716311, -0.26522538, ...,  0.        ,
          0.0874056 ,  0.25170299],
        [ 0.13289697, -0.0702953 , -0.34848561, ..., -0.0874056 ,
          0.        ,  0.16614814],
        [-0.03362457, -0.23505537, -0.49937493, ..., -0.25170299,
         -0.16614814,  0.        ]],

       [[ 0.        ,  0.1280214 ,  0.11637624, ...,  0.54112381,
          0.41056091,  0.        ],
        [-0.1280214 ,  0.        , -0.01173289, ...,  0.64432981,
          0.52391672,  0.1280214 ],
        [-0.11637624,  0.01173289,  0.        , ...,  0.63531276,
          0.51388695,  0.11637624],
        ...,
        [-0.54112381, -0.64432981, -0.63531276, ...,  0.        ,
          0.14815635,  0.54112381],
        [-0.41056091, -0.52391672, -0.51388695, ..., -0.14815635,
          0.        ,  0.41056091],
        [-0.        , -0.1280214 , -0.11637624, ..., -0.54112381,
         -0.41056091,  0.        ]],

       [[ 0.        ,  0.02854891,  0.06037522, ...,  0.9880766 ,
          0.98441473,  0.91862618],
        [-0.02854891,  0.        ,  0.03185379, ...,  0.99206934,
          0.98903416,  0.92953221],
        [-0.06037522, -0.03185379,  0.        , ...,  0.99556966,
          0.99323665,  0.9408063 ],
        ...,
        [-0.9880766 , -0.99206934, -0.99556966, ...,  0.        ,
          0.02220217,  0.24898198],
        [-0.98441473, -0.98903416, -0.99323665, ..., -0.02220217,
          0.        ,  0.22741762],
        [-0.91862618, -0.92953221, -0.9408063 , ..., -0.24898198,
         -0.22741762,  0.        ]]]), 'num': array([7.70611609e-01, 6.37235138e-01, 2.02085562e-05, 6.51570448e-05,
       6.65391640e-05, 6.10106874e-05, 9.43916287e-03, 2.66551547e-06,
       6.20571491e-05, 5.61905470e-05, 4.65765921e-05, 7.15440500e-07,
       6.56675895e-05, 4.67135044e-05])}
{'img': array([[[ 0.        , -0.07419269, -0.00449483, ...,  0.9967713 ,
          0.99429395,  0.75182808],
        [ 0.07419269,  0.        ,  0.06970949, ...,  0.99998128,
          0.9836391 ,  0.70083635],
        [ 0.00449483, -0.06970949,  0.        , ...,  0.99712213,
          0.99380442,  0.74885677],
        ...,
        [-0.9967713 , -0.99998128, -0.99712213, ...,  0.        ,
          0.18616542,  0.71759689],
        [-0.99429395, -0.9836391 , -0.99380442, ..., -0.18616542,
          0.        ,  0.57539564],
        [-0.75182808, -0.70083635, -0.74885677, ..., -0.71759689,
         -0.57539564,  0.        ]],

       [[ 0.        , -0.09516054, -0.05461311, ...,  0.37490318,
          0.46519344,  0.84447004],
        [ 0.09516054,  0.        ,  0.04065325, ...,  0.46142176,
          0.54731934,  0.89160604],
        [ 0.05461311, -0.04065325,  0.        , ...,  0.42497352,
          0.5128432 ,  0.87246068],
        ...,
        [-0.37490318, -0.46142176, -0.42497352, ...,  0.        ,
          0.09939639,  0.58207856],
        [-0.46519344, -0.54731934, -0.5128432 , ..., -0.09939639,
          0.        ,  0.49837362],
        [-0.84447004, -0.89160604, -0.87246068, ..., -0.58207856,
         -0.49837362,  0.        ]],

       [[ 0.        , -0.01787595, -0.01450052, ...,  0.96008051,
          0.90755645,  0.72166141],
        [ 0.01787595,  0.        ,  0.00337586, ...,  0.95492677,
          0.89990479,  0.70917154],
        [ 0.01450052, -0.00337586,  0.        , ...,  0.95592343,
          0.90137183,  0.71154761],
        ...,
        [-0.96008051, -0.95492677, -0.95592343, ...,  0.        ,
          0.14930154,  0.4627462 ],
        [-0.90755645, -0.89990479, -0.90137183, ..., -0.14930154,
          0.        ,  0.32520516],
        [-0.72166141, -0.70917154, -0.71154761, ..., -0.4627462 ,
         -0.32520516,  0.        ]],

       ...,

       [[ 0.        , -0.28173476, -0.19566506, ...,  0.0702953 ,
          0.23505537,  0.37916943],
        [ 0.28173476,  0.        ,  0.08854992, ...,  0.34848561,
          0.49937493,  0.62450701],
        [ 0.19566506, -0.08854992,  0.        , ...,  0.26411758,
          0.42069485,  0.5528946 ],
        ...,
        [-0.0702953 , -0.34848561, -0.26411758, ...,  0.        ,
          0.16614814,  0.3131853 ],
        [-0.23505537, -0.49937493, -0.42069485, ..., -0.16614814,
          0.        ,  0.15104271],
        [-0.37916943, -0.62450701, -0.5528946 , ..., -0.3131853 ,
         -0.15104271,  0.        ]],

       [[ 0.        , -0.05226531,  0.03902439, ...,  0.6199388 ,
          0.48228446,  0.05226531],
        [ 0.05226531,  0.        ,  0.09119655, ...,  0.5780815 ,
          0.43584011,  0.        ],
        [-0.03902439, -0.09119655,  0.        , ...,  0.65008706,
          0.51610302,  0.09119655],
        ...,
        [-0.6199388 , -0.5780815 , -0.65008706, ...,  0.        ,
          0.1646509 ,  0.5780815 ],
        [-0.48228446, -0.43584011, -0.51610302, ..., -0.1646509 ,
          0.        ,  0.43584011],
        [-0.05226531, -0.        , -0.09119655, ..., -0.5780815 ,
         -0.43584011,  0.        ]],

       [[ 0.        ,  0.03096018,  0.06121216, ...,  0.99871367,
          0.99994409,  0.91961645],
        [-0.03096018,  0.        ,  0.03028069, ...,  0.99666506,
          0.99979212,  0.93133731],
        [-0.06121216, -0.03028069,  0.        , ...,  0.99373708,
          0.99871626,  0.94193718],
        ...,
        [-0.99871367, -0.99666506, -0.99373708, ...,  0.        ,
          0.06126336,  0.43894151],
        [-0.99994409, -0.99979212, -0.99871626, ..., -0.06126336,
          0.        ,  0.38307093],
        [-0.91961645, -0.93133731, -0.94193718, ..., -0.43894151,
         -0.38307093,  0.        ]]]), 'num': array([ 7.33286116e-01,  6.79905012e-01,  8.35385028e-06,  6.01816271e-05,
        6.30070557e-05,  5.95223605e-05,  4.54101927e-03, -1.97779995e-06,
        5.98237395e-05,  5.43400537e-05,  4.47869660e-05,  6.41003425e-07,
        6.30035993e-05,  4.56765081e-05])}
{'img': array([[[ 0.        ,  0.06970949,  0.26639831, ...,  0.9836391 ,
          0.70083635,  0.96754448],
        [-0.06970949,  0.        ,  0.19855985, ...,  0.99380442,
          0.74885677,  0.98280641],
        [-0.26639831, -0.19855985,  0.        , ...,  0.99608509,
          0.86553805,  0.99989941],
        ...,
        [-0.9836391 , -0.99380442, -0.99608509, ...,  0.        ,
          0.57539564,  0.07426295],
        [-0.70083635, -0.74885677, -0.86553805, ..., -0.57539564,
          0.        , -0.51306897],
        [-0.96754448, -0.98280641, -0.99989941, ..., -0.07426295,
          0.51306897,  0.        ]],

       [[ 0.        ,  0.04065325,  0.79064685, ...,  0.54731934,
          0.89160604,  0.59811499],
        [-0.04065325,  0.        ,  0.76510237, ...,  0.5128432 ,
          0.87246068,  0.5650406 ],
        [-0.79064685, -0.76510237,  0.        , ..., -0.32660266,
          0.18789146, -0.2674232 ],
        ...,
        [-0.54731934, -0.5128432 ,  0.32660266, ...,  0.        ,
          0.49837362,  0.06194935],
        [-0.89160604, -0.87246068, -0.18789146, ..., -0.49837362,
          0.        , -0.44370863],
        [-0.59811499, -0.5650406 ,  0.2674232 , ..., -0.06194935,
          0.44370863,  0.        ]],

       [[ 0.        ,  0.00332478,  0.03060775, ...,  0.94529785,
          0.89102352,  0.70155347],
        [-0.00332478,  0.        ,  0.02728436, ...,  0.9463772 ,
          0.89252791,  0.70391888],
        [-0.03060775, -0.02728436,  0.        , ...,  0.95483946,
          0.90450066,  0.72303637],
        ...,
        [-0.94529785, -0.9463772 , -0.95483946, ...,  0.        ,
          0.13846528,  0.44478247],
        [-0.89102352, -0.89252791, -0.90450066, ..., -0.13846528,
          0.        ,  0.31648315],
        [-0.70155347, -0.70391888, -0.72303637, ..., -0.44478247,
         -0.31648315,  0.        ]],

       ...,

       [[ 0.        ,  0.08854992,  0.44893801, ...,  0.49937493,
          0.62450701,  0.41244782],
        [-0.08854992,  0.        ,  0.36804955, ...,  0.42069485,
          0.5528946 ,  0.3301603 ],
        [-0.44893801, -0.36804955,  0.        , ...,  0.05726931,
          0.20740709, -0.04042604],
        ...,
        [-0.49937493, -0.42069485, -0.05726931, ...,  0.        ,
          0.15104271, -0.09758218],
        [-0.62450701, -0.5528946 , -0.20740709, ..., -0.15104271,
          0.        , -0.2467845 ],
        [-0.41244782, -0.3301603 ,  0.04042604, ...,  0.09758218,
          0.2467845 ,  0.        ]],

       [[ 0.        ,  0.09049117,  0.33010652, ...,  0.49184101,
          0.24660078,  0.        ],
        [-0.09049117,  0.        ,  0.24333361, ...,  0.56861242,
          0.33328559,  0.09049117],
        [-0.33010652, -0.24333361,  0.        , ...,  0.75168902,
          0.55268914,  0.33010652],
        ...,
        [-0.49184101, -0.56861242, -0.75168902, ...,  0.        ,
          0.26193995,  0.49184101],
        [-0.24660078, -0.33328559, -0.55268914, ..., -0.26193995,
          0.        ,  0.24660078],
        [-0.        , -0.09049117, -0.33010652, ..., -0.49184101,
         -0.24660078,  0.        ]],

       [[ 0.        ,  0.02843087, -0.00982732, ...,  0.96335478,
          0.98802434,  0.90888686],
        [-0.02843087,  0.        , -0.03825284, ...,  0.95533933,
          0.98323812,  0.92037634],
        [ 0.00982732,  0.03825284,  0.        , ...,  0.96594424,
          0.98949297,  0.90474456],
        ...,
        [-0.96335478, -0.95533933, -0.96594424, ...,  0.        ,
          0.11637443,  0.64555128],
        [-0.98802434, -0.98323812, -0.98949297, ..., -0.11637443,
          0.        ,  0.5522879 ],
        [-0.90888686, -0.92037634, -0.90474456, ..., -0.64555128,
         -0.5522879 ,  0.        ]]]), 'num': array([ 7.29319307e-01,  6.84167734e-01,  7.21271141e-06,  5.87146598e-05,
        6.00277672e-05,  5.74015524e-05,  2.79915106e-03, -1.21931402e-06,
        5.95212829e-05,  5.47659583e-05,  4.49465723e-05,  6.28802103e-07,
        6.26966647e-05,  4.68352518e-05])}
{'img': array([[[ 0.        ,  0.19855985,  0.19473498, ...,  0.74885677,
          0.98280641,  0.99943768],
        [-0.19855985,  0.        , -0.00390103, ...,  0.86553805,
          0.99989941,  0.98619553],
        [-0.19473498,  0.00390103,  0.        , ...,  0.86357766,
          0.99994713,  0.98683398],
        ...,
        [-0.74885677, -0.86553805, -0.86357766, ...,  0.        ,
         -0.51306897, -0.63724936],
        [-0.98280641, -0.99989941, -0.99994713, ...,  0.51306897,
          0.        , -0.15158079],
        [-0.99943768, -0.98619553, -0.98683398, ...,  0.63724936,
          0.15158079,  0.        ]],

       [[ 0.        ,  0.76510237,  0.27205731, ...,  0.87246068,
          0.5650406 ,  0.36654509],
