state_0,state_1,state_2,state_3,state_4,state_5,state_6,state_7,state_8,state_9,state_10,state_11,state_12,state_13,state_14,state_15,state_16,state_17,state_18,state_19,state_20,state_21,state_22,state_23,state_24,state_25,state_26,state_27,state_28,state_29,state_30,state_31,state_32,state_33,state_34,state_35,state_36,state_37,state_38,state_39,state_40,state_41,state_42,state_43,state_44,state_45,state_46,state_47,state_48,state_49,state_50,state_51,state_52,state_53,state_54,state_55,state_56,state_57,state_58,state_59,state_60,state_61,state_62,state_63,state_64,state_65,state_66,state_67,state_68,state_69,state_70,state_71,state_72,state_73,state_74,state_75,state_76,state_77,state_78,state_79,state_80,state_81,state_82,state_83,state_84,state_85,state_86,state_87,state_88,state_89,state_90,state_91,state_92,state_93,state_94,state_95,state_96,state_97,state_98,state_99,state_100,state_101,state_102,state_103,state_104,state_105,state_106,state_107,state_108,state_109,state_110,state_111,state_112,state_113,state_114,state_115,state_116,state_117,state_118,state_119,state_120,state_121,state_122,state_123,state_124,state_125,state_126,state_127,state_128,state_129,state_130,state_131,state_132,state_133,state_134,state_135,state_136,state_137,state_138,state_139,state_140,state_141,state_142,state_143,state_144,state_145,state_146,state_147,state_148,state_149,state_150,state_151,state_152,state_153,state_154,state_155,state_156,state_157,state_158,state_159,state_160,state_161,state_162,state_163,state_164,state_165,state_166,state_167,state_168,state_169,state_170,state_171,state_172,state_173,state_174,state_175,state_176,state_177,state_178,state_179,state_180,state_181,state_182,state_183,state_184,state_185,state_186,state_187,state_188,state_189,state_190,state_191,state_192,state_193,state_194,state_195,state_196,state_197,state_198,state_199,state_200,state_201,state_202,state_203,state_204,state_205,state_206,state_207,state_208,state_209,state_210,state_211,state_212,state_213,state_214,state_215,state_216,state_217,state_218,state_219,state_220,state_221,state_222,state_223,state_224,state_225,state_226,state_227,state_228,state_229,state_230,state_231,state_232,state_233,state_234,state_235,state_236,state_237,state_238,state_239,state_240,state_241,state_242,state_243,state_244,state_245,state_246,state_247,state_248,state_249,state_250,state_251,state_252,state_253,state_254,state_255,state_256,state_257,state_258,state_259,state_260,state_261,state_262,state_263,state_264,state_265,state_266,state_267,state_268,state_269,state_270,state_271,state_272,state_273,state_274,state_275,state_276,state_277,state_278,state_279,state_280,state_281,state_282,state_283,state_284,state_285,state_286,state_287
{'img': array([[[ 0.        , -0.19395019,  0.12627233, ..., -0.99857538,
         -0.95089192, -0.95684292],
        [ 0.19395019,  0.        ,  0.31627233, ..., -0.96926475,
         -0.87280373, -0.88231078],
        [-0.12627233, -0.31627233,  0.        , ..., -0.9973202 ,
         -0.98236482, -0.98587943],
        ...,
        [ 0.99857538,  0.96926475,  0.9973202 , ...,  0.        ,
          0.25834318,  0.2391351 ],
        [ 0.95089192,  0.87280373,  0.98236482, ..., -0.25834318,
          0.        , -0.01983046],
        [ 0.95684292,  0.88231078,  0.98587943, ..., -0.2391351 ,
          0.01983046,  0.        ]],

       [[ 0.        ,  0.02738537, -0.01247846, ..., -0.09849058,
          0.52166319,  0.15989396],
        [-0.02738537,  0.        , -0.03985701, ..., -0.12570586,
          0.49810367,  0.13280096],
        [ 0.01247846,  0.03985701,  0.        , ..., -0.08606512,
          0.53226859,  0.17219942],
        ...,
        [ 0.09849058,  0.12570586,  0.08606512, ...,  0.        ,
          0.60315424,  0.25633997],
        [-0.52166319, -0.49810367, -0.53226859, ..., -0.60315424,
          0.        , -0.3785378 ],
        [-0.15989396, -0.13280096, -0.17219942, ..., -0.25633997,
          0.3785378 ,  0.        ]],

       [[ 0.        , -0.14189418, -0.14849377, ..., -0.89414633,
         -0.97076578, -0.98606201],
        [ 0.14189418,  0.        , -0.00667023, ..., -0.94863586,
         -0.99500209, -0.99969297],
        [ 0.14849377,  0.00667023,  0.        , ..., -0.95072502,
         -0.99564601, -0.99983601],
        ...,
        [ 0.89414633,  0.94863586,  0.95072502, ...,  0.        ,
          0.22006369,  0.29276734],
        [ 0.97076578,  0.99500209,  0.99564601, ..., -0.22006369,
          0.        ,  0.07516898],
        [ 0.98606201,  0.99969297,  0.99983601, ..., -0.29276734,
         -0.07516898,  0.        ]],

       ...,

       [[ 0.        , -0.19568483,  0.19871458, ...,  0.0941981 ,
          0.27574229,  0.35453719],
        [ 0.19568483,  0.        ,  0.38665517, ...,  0.28719167,
          0.45850976,  0.53065638],
        [-0.19871458, -0.38665517,  0.        , ..., -0.10551145,
          0.07923254,  0.16166033],
        ...,
        [-0.0941981 , -0.28719167,  0.10551145, ...,  0.        ,
          0.18397001,  0.26488156],
        [-0.27574229, -0.45850976, -0.07923254, ..., -0.18397001,
          0.        ,  0.08296175],
        [-0.35453719, -0.53065638, -0.16166033, ..., -0.26488156,
         -0.08296175,  0.        ]],

       [[ 0.        , -0.03749905, -0.04311683, ..., -0.71458974,
         -0.83588031, -0.89964013],
        [ 0.03749905,  0.        , -0.00562232, ..., -0.74031937,
         -0.85587607, -0.91538067],
        [ 0.04311683,  0.00562232,  0.        , ..., -0.7440873 ,
         -0.85877031, -0.91762969],
        ...,
        [ 0.71458974,  0.74031937,  0.7440873 , ...,  0.        ,
          0.19248817,  0.3173248 ],
        [ 0.83588031,  0.85587607,  0.85877031, ..., -0.19248817,
          0.        ,  0.12885082],
        [ 0.89964013,  0.91538067,  0.91762969, ..., -0.3173248 ,
         -0.12885082,  0.        ]],

       [[ 0.        , -0.00353088, -0.00188041, ..., -0.92791449,
         -0.90600397, -0.89067119],
        [ 0.00353088,  0.        ,  0.00165048, ..., -0.929225  ,
         -0.90749284, -0.89227095],
        [ 0.00188041, -0.00165048,  0.        , ..., -0.92861386,
         -0.90679829, -0.89152454],
        ...,
        [ 0.92791449,  0.929225  ,  0.92861386, ...,  0.        ,
         -0.05500558, -0.08983842],
        [ 0.90600397,  0.90749284,  0.90679829, ...,  0.05500558,
          0.        , -0.03491925],
        [ 0.89067119,  0.89227095,  0.89152454, ...,  0.08983842,
          0.03491925,  0.        ]]]), 'num': array([9.91309224e-01, 1.31497389e-01, 8.29934204e-06, 1.36046177e-03,
       1.37228045e-03, 1.33551121e-03, 7.36514079e-04, 2.49505536e-05,
       1.32474308e-03, 1.26243235e-03, 1.35770407e-03, 8.98496390e-07,
       1.35946355e-03, 1.16540116e-03])}
{'img': array([[[ 0.        ,  0.31627233,  0.381773  , ..., -0.87280373,
         -0.88231078, -0.81714725],
        [-0.31627233,  0.        ,  0.06985936, ..., -0.98236482,
         -0.98587943, -0.95751034],
        [-0.381773  , -0.06985936,  0.        , ..., -0.99302666,
         -0.9951692 , -0.97531837],
        ...,
        [ 0.87280373,  0.98236482,  0.99302666, ...,  0.        ,
         -0.01983046,  0.10428321],
        [ 0.88231078,  0.98587943,  0.9951692 , ...,  0.01983046,
          0.        ,  0.12398504],
        [ 0.81714725,  0.95751034,  0.97531837, ..., -0.10428321,
         -0.12398504,  0.        ]],

       [[ 0.        , -0.03985701, -0.1259205 , ...,  0.49810367,
          0.13280096,  0.23386522],
        [ 0.03985701,  0.        , -0.08628068, ...,  0.53226859,
          0.17219942,  0.27243113],
        [ 0.1259205 ,  0.08628068,  0.        , ...,  0.6033268 ,
          0.2565491 ,  0.35443234],
        ...,
        [-0.49810367, -0.53226859, -0.6033268 , ...,  0.        ,
         -0.3785378 , -0.28150215],
        [-0.13280096, -0.17219942, -0.2565491 , ...,  0.3785378 ,
          0.        ,  0.10267555],
        [-0.23386522, -0.27243113, -0.35443234, ...,  0.28150215,
         -0.10267555,  0.        ]],

       [[ 0.        , -0.00667023,  0.10997668, ..., -0.99500209,
         -0.99969297, -0.99723152],
        [ 0.00667023,  0.        ,  0.11660401, ..., -0.99564601,
         -0.99983601, -0.99671334],
        [-0.10997668, -0.11660401,  0.        , ..., -0.97798495,
         -0.99090397, -0.99936026],
        ...,
        [ 0.99500209,  0.99564601,  0.97798495, ...,  0.        ,
          0.07516898,  0.1735653 ],
        [ 0.99969297,  0.99983601,  0.99090397, ..., -0.07516898,
          0.        ,  0.09904616],
        [ 0.99723152,  0.99671334,  0.99936026, ..., -0.1735653 ,
         -0.09904616,  0.        ]],

       ...,

       [[ 0.        ,  0.38665517,  0.98136656, ...,  0.45850976,
          0.53065638,  0.74580917],
        [-0.38665517,  0.        ,  0.83074632, ...,  0.07923254,
          0.16166033,  0.43022931],
        [-0.98136656, -0.83074632,  0.        , ..., -0.7840297 ,
         -0.72983065, -0.51044336],
        ...,
        [-0.45850976, -0.07923254,  0.7840297 , ...,  0.        ,
          0.08296175,  0.35735197],
        [-0.53065638, -0.16166033,  0.72983065, ..., -0.08296175,
          0.        ,  0.27863632],
        [-0.74580917, -0.43022931,  0.51044336, ..., -0.35735197,
         -0.27863632,  0.        ]],

       [[ 0.        , -0.00562232,  0.05770289, ..., -0.85587607,
         -0.91538067, -0.95379052],
        [ 0.00562232,  0.        ,  0.06331494, ..., -0.85877031,
         -0.91762969, -0.9554648 ],
        [-0.05770289, -0.06331494,  0.        , ..., -0.82460718,
         -0.89062489, -0.93486319],
        ...,
        [ 0.85587607,  0.85877031,  0.82460718, ...,  0.        ,
          0.12885082,  0.23611518],
        [ 0.91538067,  0.91762969,  0.89062489, ..., -0.12885082,
          0.        ,  0.10893935],
        [ 0.95379052,  0.9554648 ,  0.93486319, ..., -0.23611518,
         -0.10893935,  0.        ]],

       [[ 0.        ,  0.00165048,  0.01416291, ..., -0.90749284,
         -0.89227095, -0.86140417],
        [-0.00165048,  0.        ,  0.01251258, ..., -0.90679829,
         -0.89152454, -0.86056469],
        [-0.01416291, -0.01251258,  0.        , ..., -0.90145244,
         -0.8857869 , -0.85412415],
        ...,
        [ 0.90749284,  0.90679829,  0.90145244, ...,  0.        ,
         -0.03491925, -0.09908593],
        [ 0.89227095,  0.89152454,  0.8857869 , ...,  0.03491925,
          0.        , -0.0642781 ],
        [ 0.86140417,  0.86056469,  0.85412415, ...,  0.09908593,
          0.0642781 ,  0.        ]]]), 'num': array([ 7.50082682e-01,  6.61165207e-01,  8.64115401e-07,  5.55734217e-03,
        5.61134939e-03,  5.47093063e-03,  1.19091304e-03, -3.78050488e-05,
        5.49145337e-03,  5.20440504e-03,  5.57111401e-03,  3.72322450e-06,
        5.63171473e-03,  4.77709535e-03])}
{'img': array([[[ 0.        ,  0.06985936,  0.40026666, ..., -0.98587943,
         -0.95751034, -0.96963153],
        [-0.06985936,  0.        ,  0.33526972, ..., -0.9951692 ,
         -0.97531837, -0.98434811],
        [-0.40026666, -0.33526972,  0.        , ..., -0.97048598,
         -0.99289772, -0.98646248],
        ...,
        [ 0.98587943,  0.9951692 ,  0.97048598, ...,  0.        ,
          0.12398504,  0.07874566],
        [ 0.95751034,  0.97531837,  0.99289772, ..., -0.12398504,
          0.        , -0.04546197],
        [ 0.96963153,  0.98434811,  0.98646248, ..., -0.07874566,
          0.04546197,  0.        ]],

       [[ 0.        , -0.08452859,  0.26035535, ...,  0.16989065,
          0.26925076, -0.54665602],
        [ 0.08452859,  0.        ,  0.34103699, ...,  0.25258241,
          0.34969408, -0.47391894],
        [-0.26035535, -0.34103699,  0.        , ..., -0.09253894,
          0.00922461, -0.74581387],
        ...,
        [-0.16989065, -0.25258241,  0.09253894, ...,  0.        ,
          0.10172003, -0.68096841],
        [-0.26925076, -0.34969408, -0.00922461, ..., -0.10172003,
          0.        , -0.75192715],
        [ 0.54665602,  0.47391894,  0.74581387, ...,  0.68096841,
          0.75192715,  0.        ]],

       [[ 0.        ,  0.11660401,  0.24370284, ..., -0.99983601,
         -0.99671334, -0.98978757],
        [-0.11660401,  0.        ,  0.12895203, ..., -0.99090397,
         -0.99936026, -0.99965765],
        [-0.24370284, -0.12895203,  0.        , ..., -0.96527755,
         -0.9864046 , -0.99468532],
        ...,
        [ 0.99983601,  0.99090397,  0.96527755, ...,  0.        ,
          0.09904616,  0.16045148],
        [ 0.99671334,  0.99936026,  0.9864046 , ..., -0.09904616,
          0.        ,  0.06189962],
        [ 0.98978757,  0.99965765,  0.99468532, ..., -0.16045148,
         -0.06189962,  0.        ]],

       ...,

       [[ 0.        ,  0.83074632,  0.66711104, ...,  0.16166033,
          0.43022931,  0.46508407],
        [-0.83074632,  0.        , -0.24752321, ..., -0.72983065,
         -0.51044336, -0.4765423 ],
        [-0.66711104,  0.24752321,  0.        , ..., -0.53790597,
         -0.28171134, -0.24410283],
        ...,
        [-0.16166033,  0.72983065,  0.53790597, ...,  0.        ,
          0.27863632,  0.31585409],
        [-0.43022931,  0.51044336,  0.28171134, ..., -0.27863632,
          0.        ,  0.03897292],
        [-0.46508407,  0.4765423 ,  0.24410283, ..., -0.31585409,
         -0.03897292,  0.        ]],

       [[ 0.        ,  0.06331494,  0.13919178, ..., -0.91762969,
         -0.9554648 , -0.97828184],
        [-0.06331494,  0.        ,  0.07621391, ..., -0.89062489,
         -0.93486319, -0.96319515],
        [-0.13919178, -0.07621391,  0.        , ..., -0.85337708,
         -0.90508756, -0.93990715],
        ...,
        [ 0.91762969,  0.89062489,  0.85337708, ...,  0.        ,
          0.10893935,  0.1985994 ],
        [ 0.9554648 ,  0.93486319,  0.90508756, ..., -0.10893935,
          0.        ,  0.09064805],
        [ 0.97828184,  0.96319515,  0.93990715, ..., -0.1985994 ,
         -0.09064805,  0.        ]],

       [[ 0.        ,  0.01251258, -0.00218046, ..., -0.89152454,
         -0.86056469, -0.83419821],
        [-0.01251258,  0.        , -0.01469284, ..., -0.8857869 ,
         -0.85412415, -0.82723266],
        [ 0.00218046,  0.01469284,  0.        , ..., -0.89251011,
         -0.86167324, -0.83539868],
        ...,
        [ 0.89152454,  0.8857869 ,  0.89251011, ...,  0.        ,
         -0.0642781 , -0.11377557],
        [ 0.86056469,  0.85412415,  0.86167324, ...,  0.0642781 ,
          0.        , -0.04967958],
        [ 0.83419821,  0.82723266,  0.83539868, ...,  0.11377557,
          0.04967958,  0.        ]]]), 'num': array([ 7.36024151e-01,  6.76785977e-01,  5.83627330e-07,  5.38528855e-03,
        5.51793112e-03,  5.36937144e-03,  1.56953306e-03, -7.42798420e-05,
        5.42985645e-03,  5.12504381e-03,  5.45700396e-03,  3.24356742e-06,
        5.56129361e-03,  4.68879402e-03])}
{'img': array([[[ 0.        ,  0.33526972, -0.26442355, ..., -0.97531837,
         -0.98434811, -0.99638476],
        [-0.33526972,  0.        , -0.57245564, ..., -0.99289772,
         -0.98646248, -0.96719915],
        [ 0.26442355,  0.57245564,  0.        , ..., -0.88221794,
         -0.90271116, -0.93845588],
        ...,
        [ 0.97531837,  0.99289772,  0.88221794, ...,  0.        ,
         -0.04546197, -0.13714647],
        [ 0.98434811,  0.98646248,  0.90271116, ...,  0.04546197,
          0.        , -0.09197228],
        [ 0.99638476,  0.96719915,  0.93845588, ...,  0.13714647,
          0.09197228,  0.        ]],

       [[ 0.        ,  0.34103699,  0.03443168, ...,  0.34969408,
         -0.47391894, -0.10274391],
        [-0.34103699,  0.        , -0.30846728, ...,  0.00922461,
         -0.74581387, -0.43581658],
        [-0.03443168,  0.30846728,  0.        , ...,  0.31722893,
         -0.50395739, -0.13693245],
        ...,
        [-0.34969408, -0.00922461, -0.31722893, ...,  0.        ,
         -0.75192715, -0.44410051],
        [ 0.47391894,  0.74581387,  0.50395739, ...,  0.75192715,
          0.        ,  0.38093784],
        [ 0.10274391,  0.43581658,  0.13693245, ...,  0.44410051,
         -0.38093784,  0.        ]],

       [[ 0.        ,  0.12895203,  0.09062057, ..., -0.99936026,
         -0.99965765, -0.99708769],
        [-0.12895203,  0.        , -0.03855749, ..., -0.9864046 ,
         -0.99468532, -0.99859719],
        [-0.09062057,  0.03855749,  0.        , ..., -0.99200744,
         -0.9979156 , -0.99989622],
        ...,
        [ 0.99936026,  0.9864046 ,  0.99200744, ...,  0.        ,
          0.06189962,  0.11187463],
        [ 0.99965765,  0.99468532,  0.9979156 , ..., -0.06189962,
          0.        ,  0.05014906],
        [ 0.99708769,  0.99859719,  0.99989622, ..., -0.11187463,
         -0.05014906,  0.        ]],

       ...,

       [[ 0.        , -0.24752321, -0.93530541, ..., -0.51044336,
         -0.4765423 , -0.80783362],
        [ 0.24752321,  0.        , -0.81861656, ..., -0.28171134,
         -0.24410283, -0.63680263],
        [ 0.93530541,  0.81861656,  0.        , ...,  0.62366373,
          0.65365476,  0.26543386],
        ...,
        [ 0.51044336,  0.28171134, -0.62366373, ...,  0.        ,
          0.03897292, -0.39380461],
        [ 0.4765423 ,  0.24410283, -0.65365476, ..., -0.03897292,
          0.        , -0.4293291 ],
        [ 0.80783362,  0.63680263, -0.26543386, ...,  0.39380461,
          0.4293291 ,  0.        ]],

       [[ 0.        ,  0.07621391,  0.09299585, ..., -0.93486319,
         -0.96319515, -0.97775038],
        [-0.07621391,  0.        ,  0.01684173, ..., -0.90508756,
         -0.93990715, -0.95891906],
        [-0.09299585, -0.01684173,  0.        , ..., -0.89779767,
         -0.93402357, -0.95400539],
        ...,
        [ 0.93486319,  0.90508756,  0.89779767, ...,  0.        ,
          0.09064805,  0.15100151],
        [ 0.96319515,  0.93990715,  0.93402357, ..., -0.09064805,
          0.        ,  0.06077119],
        [ 0.97775038,  0.95891906,  0.95400539, ..., -0.15100151,
         -0.06077119,  0.        ]],

       [[ 0.        , -0.01469284,  0.01074014, ..., -0.85412415,
         -0.82723266, -0.81895778],
        [ 0.01469284,  0.        ,  0.02543098, ..., -0.86167324,
         -0.83539868, -0.82730091],
        [-0.01074014, -0.02543098,  0.        , ..., -0.84848927,
         -0.8211505 , -0.81274727],
        ...,
        [ 0.85412415,  0.86167324,  0.84848927, ...,  0.        ,
         -0.04967958, -0.06422768],
        [ 0.82723266,  0.83539868,  0.8211505 , ...,  0.04967958,
          0.        , -0.01457137],
        [ 0.81895778,  0.82730091,  0.81274727, ...,  0.06422768,
          0.01457137,  0.        ]]]), 'num': array([9.19235278e-01, 3.93260005e-01, 5.15156977e-06, 6.74327274e-03,
       6.78950477e-03, 6.60457663e-03, 1.61495108e-03, 3.96274598e-05,
       6.76044464e-03, 6.40478819e-03, 6.77310341e-03, 4.14767412e-06,
       6.96602761e-03, 5.84354877e-03])}
{'img': array([[[ 0.        , -0.57245564, -0.47900256, ..., -0.98646248,
         -0.96719915, -0.97651838],
        [ 0.57245564,  0.        ,  0.109758  , ..., -0.90271116,
         -0.93845588, -0.92400873],
        [ 0.47900256, -0.109758  ,  0.        , ..., -0.94448034,
         -0.97069637, -0.9603945 ],
        ...,
        [ 0.98646248,  0.90271116,  0.94448034, ...,  0.        ,
         -0.09197228, -0.05238118],
        [ 0.96719915,  0.93845588,  0.97069637, ...,  0.09197228,
          0.        ,  0.03968685],
        [ 0.97651838,  0.92400873,  0.9603945 , ...,  0.05238118,
         -0.03968685,  0.        ]],

       [[ 0.        , -0.30846728, -0.26525158, ..., -0.74581387,
         -0.43581658, -0.58270199],
        [ 0.30846728,  0.        ,  0.04510117, ..., -0.50395739,
         -0.13693245, -0.30359949],
        [ 0.26525158, -0.04510117,  0.        , ..., -0.54239974,
         -0.18146945, -0.34626293],
        ...,
        [ 0.74581387,  0.50395739,  0.54239974, ...,  0.        ,
          0.38093784,  0.21794293],
        [ 0.43581658,  0.13693245,  0.18146945, ..., -0.38093784,
          0.        , -0.17027049],
        [ 0.58270199,  0.30359949,  0.34626293, ..., -0.21794293,
          0.17027049,  0.        ]],

       [[ 0.        , -0.03855749,  0.20797515, ..., -0.99468532,
         -0.99859719, -0.99867596],
        [ 0.03855749,  0.        ,  0.24553489, ..., -0.9979156 ,
         -0.99989622, -0.99991682],
        [-0.20797515, -0.24553489,  0.        , ..., -0.95152217,
         -0.96574977, -0.96614025],
        ...,
        [ 0.99468532,  0.9979156 ,  0.95152217, ...,  0.        ,
          0.05014906,  0.05165622],
        [ 0.99859719,  0.99989622,  0.96574977, ..., -0.05014906,
          0.        ,  0.00150912],
        [ 0.99867596,  0.99991682,  0.96614025, ..., -0.05165622,
         -0.00150912,  0.        ]],

       ...,

       [[ 0.        , -0.92692816, -0.90379601, ..., -0.41712006,
         -0.78889259, -0.73564874],
        [ 0.92692816,  0.        ,  0.05755207, ...,  0.6859203 ,
          0.27360303,  0.35182306],
        [ 0.90379601, -0.05755207,  0.        , ...,  0.64290409,
          0.2177935 ,  0.29736735],
        ...,
        [ 0.41712006, -0.6859203 , -0.64290409, ...,  0.        ,
         -0.46065289, -0.3860536 ],
        [ 0.78889259, -0.27360303, -0.2177935 , ...,  0.46065289,
          0.        ,  0.0822878 ],
        [ 0.73564874, -0.35182306, -0.29736735, ...,  0.3860536 ,
         -0.0822878 ,  0.        ]],

       [[ 0.        ,  0.01684173,  0.05441957, ..., -0.93990715,
         -0.95891906, -0.97643773],
        [-0.01684173,  0.        ,  0.03759508, ..., -0.93402357,
         -0.95400539, -0.97266481],
        [-0.05441957, -0.03759508,  0.        , ..., -0.91993387,
         -0.94206036, -0.9632471 ],
        ...,
        [ 0.93990715,  0.93402357,  0.91993387, ...,  0.        ,
          0.06077119,  0.13055395],
        [ 0.95891906,  0.95400539,  0.94206036, ..., -0.06077119,
          0.        ,  0.07006158],
        [ 0.97643773,  0.97266481,  0.9632471 , ..., -0.13055395,
         -0.07006158,  0.        ]],

       [[ 0.        ,  0.02543098,  0.04371464, ..., -0.83539868,
         -0.82730091, -0.83777232],
        [-0.02543098,  0.        ,  0.01829383, ..., -0.8211505 ,
         -0.81274727, -0.82361555],
        [-0.04371464, -0.01829383,  0.        , ..., -0.81057258,
         -0.80195297, -0.8131024 ],
        ...,
        [ 0.83539868,  0.8211505 ,  0.81057258, ...,  0.        ,
         -0.01457137,  0.00433277],
        [ 0.82730091,  0.81274727,  0.80195297, ...,  0.01457137,
          0.        ,  0.01890354],
        [ 0.83777232,  0.82361555,  0.8131024 , ..., -0.00433277,
         -0.01890354,  0.        ]]]), 'num': array([ 9.48071818e-01,  3.17458754e-01,  6.24369370e-06,  6.92981389e-03,
        7.03273192e-03,  6.88864668e-03,  1.48476409e-03, -7.54732206e-05,
        7.01352055e-03,  6.67183270e-03,  7.01340620e-03,  4.25774187e-06,
        7.26541827e-03,  6.07824713e-03])}
{'img': array([[[ 0.        ,  0.34566994, -0.11931152, ..., -0.98936106,
         -0.98241369, -0.99386032],
        [-0.34566994,  0.        , -0.45515747, ..., -0.97866143,
         -0.98639649, -0.97084058],
        [ 0.11931152,  0.45515747,  0.        , ..., -0.96493637,
         -0.95311866, -0.97356018],
        ...,
        [ 0.98936106,  0.97866143,  0.96493637, ...,  0.        ,
          0.04180836, -0.03512283],
        [ 0.98241369,  0.98639649,  0.95311866, ..., -0.04180836,
          0.        , -0.07687468],
        [ 0.99386032,  0.97084058,  0.97356018, ...,  0.03512283,
          0.07687468,  0.        ]],

       [[ 0.        ,  0.04448584,  0.23127112, ..., -0.13425571,
         -0.29371764, -0.51045935],
        [-0.04448584,  0.        ,  0.18776236, ..., -0.17820589,
         -0.33595053, -0.54820746],
        [-0.23127112, -0.18776236,  0.        , ..., -0.3597933 ,
         -0.50682503, -0.69549093],
        ...,
        [ 0.13425571,  0.17820589,  0.3597933 , ...,  0.        ,
         -0.16272455, -0.39039128],
        [ 0.29371764,  0.33595053,  0.50682503, ...,  0.16272455,
          0.        , -0.23537577],
        [ 0.51045935,  0.54820746,  0.69549093, ...,  0.39039128,
          0.23537577,  0.        ]],

       [[ 0.        ,  0.24553489, -0.00586895, ..., -0.99989622,
         -0.99991682, -0.99972447],
        [-0.24553489,  0.        , -0.25121994, ..., -0.96574977,
         -0.96614025, -0.96335725],
        [ 0.00586895,  0.25121994,  0.        , ..., -0.99996355,
         -0.99997529, -0.99984502],
        ...,
        [ 0.99989622,  0.96574977,  0.99996355, ...,  0.        ,
          0.00150912, -0.00906759],
        [ 0.99991682,  0.96614025,  0.99997529, ..., -0.00150912,
          0.        , -0.01057664],
        [ 0.99972447,  0.96335725,  0.99984502, ...,  0.00906759,
          0.01057664,  0.        ]],

       ...,

       [[ 0.        ,  0.06250833, -0.09169276, ...,  0.30232269,
          0.39199749,  0.35119654],
        [-0.06250833,  0.        , -0.15375845, ...,  0.24214819,
          0.33372535,  0.29198309],
        [ 0.09169276,  0.15375845,  0.        , ...,  0.38845116,
          0.47470038,  0.43556916],
        ...,
        [-0.30232269, -0.24214819, -0.38845116, ...,  0.        ,
          0.09552753,  0.05169726],
        [-0.39199749, -0.33372535, -0.47470038, ..., -0.09552753,
          0.        , -0.04393896],
        [-0.35119654, -0.29198309, -0.43556916, ..., -0.05169726,
          0.04393896,  0.        ]],

       [[ 0.        ,  0.03759508,  0.0428629 , ..., -0.95400539,
         -0.97266481, -0.98176162],
        [-0.03759508,  0.        ,  0.00527207, ..., -0.94206036,
         -0.9632471 , -0.97392014],
        [-0.0428629 , -0.00527207,  0.        , ..., -0.94027878,
         -0.96181755, -0.97271042],
        ...,
        [ 0.95400539,  0.94206036,  0.94027878, ...,  0.        ,
          0.07006158,  0.11295002],
        [ 0.97266481,  0.9632471 ,  0.96181755, ..., -0.07006158,
          0.        ,  0.04305923],
        [ 0.98176162,  0.97392014,  0.97271042, ..., -0.11295002,
         -0.04305923,  0.        ]],

       [[ 0.        ,  0.01829383,  0.02591871, ..., -0.81274727,
         -0.82361555, -0.83441985],
        [-0.01829383,  0.        ,  0.00762668, ..., -0.80195297,
         -0.8131024 , -0.82419795],
        [-0.02591871, -0.00762668,  0.        , ..., -0.79737357,
         -0.8086391 , -0.81985497],
        ...,
        [ 0.81274727,  0.80195297,  0.79737357, ...,  0.        ,
          0.01890354,  0.03821786],
        [ 0.82361555,  0.8131024 ,  0.8086391 , ..., -0.01890354,
          0.        ,  0.0193213 ],
        [ 0.83441985,  0.82419795,  0.81985497, ..., -0.03821786,
         -0.0193213 ,  0.        ]]]), 'num': array([ 9.39144806e-01,  3.42978951e-01,  5.93199855e-06,  6.85248109e-03,
        6.87975464e-03,  6.75702364e-03,  1.69511972e-03, -3.40919457e-05,
        6.92748337e-03,  6.64997493e-03,  6.94952949e-03,  5.14657257e-06,
        7.24181896e-03,  6.05813090e-03])}
{'img': array([[[ 0.        , -0.45515747, -0.6160958 , ..., -0.98639649,
         -0.97084058, -0.9617375 ],
        [ 0.45515747,  0.        , -0.190064  , ..., -0.95311866,
         -0.97356018, -0.98104228],
        [ 0.6160958 ,  0.190064  ,  0.        , ..., -0.87823216,
         -0.91239739, -0.92632633],
        ...,
        [ 0.98639649,  0.95311866,  0.87823216, ...,  0.        ,
         -0.07687468, -0.11215178],
        [ 0.97084058,  0.97356018,  0.91239739, ...,  0.07687468,
          0.        , -0.03543021],
        [ 0.9617375 ,  0.98104228,  0.92632633, ...,  0.11215178,
          0.03543021,  0.        ]],

       [[ 0.        ,  0.18776236, -0.032289  , ..., -0.33595053,
         -0.54820746, -0.32009849],
        [-0.18776236,  0.        , -0.21937918, ..., -0.50682503,
         -0.69549093, -0.49228848],
        [ 0.032289  ,  0.21937918,  0.        , ..., -0.30536301,
         -0.52091695, -0.28934149],
        ...,
        [ 0.33595053,  0.50682503,  0.30536301, ...,  0.        ,
         -0.23537577,  0.01678   ],
        [ 0.54820746,  0.69549093,  0.52091695, ...,  0.23537577,
          0.        ,  0.25165119],
        [ 0.32009849,  0.49228848,  0.28934149, ..., -0.01678   ,
         -0.25165119,  0.        ]],

       [[ 0.        , -0.25121994, -0.41861615, ..., -0.96614025,
         -0.96335725, -0.94961755],
        [ 0.25121994,  0.        , -0.17704242, ..., -0.99997529,
         -0.99984502, -0.99789846],
        [ 0.41861615,  0.17704242,  0.        , ..., -0.98542337,
         -0.98716755, -0.99360672],
        ...,
        [ 0.96614025,  0.99997529,  0.98542337, ...,  0.        ,
         -0.01057664, -0.05778112],
        [ 0.96335725,  0.99984502,  0.98716755, ...,  0.01057664,
          0.        , -0.04721892],
        [ 0.94961755,  0.99789846,  0.99360672, ...,  0.05778112,
          0.04721892,  0.        ]],

       ...,

       [[ 0.        , -0.12771788, -0.52757305, ...,  0.25615057,
          0.22603216,  0.94573087],
        [ 0.12771788,  0.        , -0.41475493, ...,  0.37750965,
          0.34859361,  0.97948789],
        [ 0.52757305,  0.41475493,  0.        , ...,  0.72757396,
          0.70593588,  0.97484288],
        ...,
        [-0.25615057, -0.37750965, -0.72757396, ...,  0.        ,
         -0.03103033,  0.83094198],
        [-0.22603216, -0.34859361, -0.70593588, ...,  0.03103033,
          0.        ,  0.84780583],
        [-0.94573087, -0.97948789, -0.97484288, ..., -0.83094198,
         -0.84780583,  0.        ]],

       [[ 0.        ,  0.00527207, -0.00885636, ..., -0.9632471 ,
         -0.97392014, -0.98069018],
        [-0.00527207,  0.        , -0.01412811, ..., -0.96181755,
         -0.97271042, -0.97964551],
        [ 0.00885636,  0.01412811,  0.        , ..., -0.96558829,
         -0.97589138, -0.98238374],
        ...,
        [ 0.9632471 ,  0.96181755,  0.96558829, ...,  0.        ,
          0.04305923,  0.07504982],
        [ 0.97392014,  0.97271042,  0.97589138, ..., -0.04305923,
          0.        ,  0.03204242],
        [ 0.98069018,  0.97964551,  0.98238374, ..., -0.07504982,
         -0.03204242,  0.        ]],

       [[ 0.        ,  0.00762668,  0.03419511, ..., -0.8131024 ,
         -0.82419795, -0.84753421],
        [-0.00762668,  0.        ,  0.02657189, ..., -0.8086391 ,
         -0.81985497, -0.84346177],
        [-0.03419511, -0.02657189,  0.        , ..., -0.7927212 ,
         -0.80435119, -0.82888982],
        ...,
        [ 0.8131024 ,  0.8086391 ,  0.7927212 , ...,  0.        ,
          0.0193213 ,  0.0618206 ],
        [ 0.82419795,  0.81985497,  0.80435119, ..., -0.0193213 ,
          0.        ,  0.04252472],
        [ 0.84753421,  0.84346177,  0.82888982, ..., -0.0618206 ,
         -0.04252472,  0.        ]]]), 'num': array([7.36237831e-01, 6.76551529e-01, 5.88042383e-07, 5.42602745e-03,
       5.44741081e-03, 5.29238145e-03, 1.80983408e-03, 5.34583985e-05,
       5.41640494e-03, 5.23437909e-03, 5.43297704e-03, 4.06585003e-06,
       5.69771602e-03, 4.77104216e-03])}
{'img': array([[[ 0.        , -0.45340551, -0.58422158, ..., -0.98067335,
         -0.97274343, -0.9872108 ],
        [ 0.45340551,  0.        , -0.15273794, ..., -0.9627882 ,
         -0.97214796, -0.95218732],
        [ 0.58422158,  0.15273794,  0.        , ..., -0.91021303,
         -0.9249446 , -0.89435134],
        ...,
        [ 0.98067335,  0.9627882 ,  0.91021303, ...,  0.        ,
         -0.03708315,  0.03681071],
        [ 0.97274343,  0.97214796,  0.9249446 , ...,  0.03708315,
          0.        ,  0.07384341],
        [ 0.9872108 ,  0.95218732,  0.89435134, ..., -0.03681071,
         -0.07384341,  0.        ]],

       [[ 0.        , -0.21937918, -0.28959626, ..., -0.69549093,
         -0.49228848, -0.26661845],
        [ 0.21937918,  0.        , -0.07256306, ..., -0.52091695,
         -0.28934149, -0.04868541],
        [ 0.28959626,  0.07256306,  0.        , ..., -0.45760336,
         -0.21911949,  0.02391995],
        ...,
        [ 0.69549093,  0.52091695,  0.45760336, ...,  0.        ,
          0.25165119,  0.478741  ],
        [ 0.49228848,  0.28934149,  0.21911949, ..., -0.25165119,
          0.        ,  0.24239544],
        [ 0.26661845,  0.04868541, -0.02391995, ..., -0.478741  ,
         -0.24239544,  0.        ]],

       [[ 0.        , -0.34320846, -0.52857133, ..., -0.96659827,
         -0.9532375 , -0.9464116 ],
        [ 0.34320846,  0.        , -0.20511967, ..., -0.99584943,
         -0.99906237, -0.99976948],
        [ 0.52857133,  0.20511967,  0.        , ..., -0.9560054 ,
         -0.96893872, -0.97410726],
        ...,
        [ 0.96659827,  0.99584943,  0.9560054 , ...,  0.        ,
         -0.04781624, -0.06961365],
        [ 0.9532375 ,  0.99906237,  0.96893872, ...,  0.04781624,
          0.        , -0.02183379],
        [ 0.9464116 ,  0.99976948,  0.97410726, ...,  0.06961365,
          0.02183379,  0.        ]],

       ...,

       [[ 0.        , -0.41087588, -0.54227448, ...,  0.34326351,
          0.92464586,  0.98187559],
        [ 0.41087588,  0.        , -0.14916843, ...,  0.69886106,
          0.99946465,  0.97303933],
        [ 0.54227448,  0.14916843,  0.        , ...,  0.7977359 ,
          0.9834021 ,  0.92774868],
        ...,
        [-0.34326351, -0.69886106, -0.7977359 , ...,  0.        ,
          0.73773921,  0.85715842],
        [-0.92464586, -0.99946465, -0.9834021 , ..., -0.73773921,
          0.        ,  0.1986808 ],
        [-0.98187559, -0.97303933, -0.92774868, ..., -0.85715842,
         -0.1986808 ,  0.        ]],

       [[ 0.        , -0.01412811, -0.15509752, ..., -0.97271042,
         -0.97964551, -0.98634903],
        [ 0.01412811,  0.        , -0.1411249 , ..., -0.97589138,
         -0.98238374, -0.98857703],
        [ 0.15509752,  0.1411249 ,  0.        , ..., -0.99692593,
         -0.99892453, -0.999953  ],
        ...,
        [ 0.97271042,  0.97589138,  0.99692593, ...,  0.        ,
          0.03204242,  0.06868073],
        [ 0.97964551,  0.98238374,  0.99892453, ..., -0.03204242,
          0.        ,  0.03667871],
        [ 0.98634903,  0.98857703,  0.999953  , ..., -0.06868073,
         -0.03667871,  0.        ]],

       [[ 0.        ,  0.02657189,  0.22822207, ..., -0.81985497,
         -0.84346177, -0.87366547],
        [-0.02657189,  0.        ,  0.20227085, ..., -0.80435119,
         -0.82888982, -0.86042904],
        [-0.22822207, -0.20227085,  0.        , ..., -0.66754487,
         -0.69860363, -0.73957242],
        ...,
        [ 0.81985497,  0.80435119,  0.66754487, ...,  0.        ,
          0.04252472,  0.10135403],
        [ 0.84346177,  0.82888982,  0.69860363, ..., -0.04252472,
          0.        ,  0.05895662],
        [ 0.87366547,  0.86042904,  0.73957242, ..., -0.10135403,
         -0.05895662,  0.        ]]]), 'num': array([ 7.22813909e-01,  6.90879512e-01,  3.14934875e-07,  5.32239939e-03,
        5.38538637e-03,  5.30140374e-03,  1.79213691e-03, -5.24891459e-06,
        5.31715048e-03,  5.16178261e-03,  5.32038731e-03,  4.04916268e-06,
        5.60654133e-03,  4.71702389e-03])}
{'img': array([[[ 0.        , -0.17667214, -0.24086206, ..., -0.98606751,
         -0.97081762, -0.97258006],
        [ 0.17667214,  0.        , -0.06560244, ..., -0.9411678 ,
         -0.91317708, -0.9161928 ],
        [ 0.24086206,  0.06560244,  0.        , ..., -0.9169707 ,
         -0.88447282, -0.88792979],
        ...,
        [ 0.98606751,  0.9411678 ,  0.9169707 , ...,  0.        ,
          0.07498648,  0.06754365],
        [ 0.97081762,  0.91317708,  0.88447282, ..., -0.07498648,
          0.        , -0.00746175],
        [ 0.97258006,  0.9161928 ,  0.88792979, ..., -0.06754365,
          0.00746175,  0.        ]],

       [[ 0.        , -0.07256306, -0.39718271, ..., -0.28934149,
         -0.04868541, -0.04271385],
        [ 0.07256306,  0.        , -0.32954167, ..., -0.21911949,
          0.02391995,  0.02989559],
        [ 0.39718271,  0.32954167,  0.        , ...,  0.11465346,
          0.35203119,  0.35762003],
        ...,
        [ 0.28934149,  0.21911949, -0.11465346, ...,  0.        ,
          0.24239544,  0.24819062],
        [ 0.04868541, -0.02391995, -0.35203119, ..., -0.24239544,
          0.        ,  0.00597778],
        [ 0.04271385, -0.02989559, -0.35762003, ..., -0.24819062,
         -0.00597778,  0.        ]],

       [[ 0.        , -0.42156307, -0.52881118, ..., -0.95989297,
         -0.95338485, -0.95289991],
        [ 0.42156307,  0.        , -0.12172827, ..., -0.98862231,
         -0.99173814, -0.9919425 ],
        [ 0.52881118,  0.12172827,  0.        , ..., -0.96296012,
         -0.96874789, -0.96914426],
        ...,
        [ 0.95989297,  0.98862231,  0.96296012, ...,  0.        ,
         -0.02235713, -0.0239597 ],
        [ 0.95338485,  0.99173814,  0.96874789, ...,  0.02235713,
          0.        , -0.001603  ],
        [ 0.95289991,  0.9919425 ,  0.96914426, ...,  0.0239597 ,
          0.001603  ,  0.        ]],

       ...,

       [[ 0.        , -0.14707248, -0.22911745, ...,  0.99591563,
          0.99968041,  0.96956131],
        [ 0.14707248,  0.        , -0.08346578, ...,  0.99836475,
          0.99252757,  0.92300752],
        [ 0.22911745,  0.08346578,  0.        , ...,  0.99010979,
          0.97887974,  0.8876707 ],
        ...,
        [-0.99591563, -0.99836475, -0.99010979, ...,  0.        ,
          0.06508337,  0.33138911],
        [-0.99968041, -0.99252757, -0.97887974, ..., -0.06508337,
          0.        ,  0.26928073],
        [-0.96956131, -0.92300752, -0.8876707 , ..., -0.33138911,
         -0.26928073,  0.        ]],

       [[ 0.        , -0.1411249 , -0.20161232, ..., -0.98238374,
         -0.98857703, -0.99170871],
        [ 0.1411249 ,  0.        , -0.06136759, ..., -0.99892453,
         -0.999953  , -0.99991891],
        [ 0.20161232,  0.06136759,  0.        , ..., -0.99988714,
         -0.9986633 , -0.9972528 ],
        ...,
        [ 0.98238374,  0.99892453,  0.99988714, ...,  0.        ,
          0.03667871,  0.05908299],
        [ 0.98857703,  0.999953  ,  0.9986633 , ..., -0.03667871,
          0.        ,  0.0224286 ],
        [ 0.99170871,  0.99991891,  0.9972528 , ..., -0.05908299,
         -0.0224286 ,  0.        ]],

       [[ 0.        ,  0.20227085,  0.46618131, ..., -0.82888982,
         -0.86042904, -0.8992493 ],
        [-0.20227085,  0.        ,  0.27759832, ..., -0.69860363,
         -0.73957242, -0.79218081],
        [-0.46618131, -0.27759832,  0.        , ..., -0.4725225 ,
         -0.52366014, -0.59163142],
        ...,
        [ 0.82888982,  0.69860363,  0.4725225 , ...,  0.        ,
          0.05895662,  0.14046408],
        [ 0.86042904,  0.73957242,  0.52366014, ..., -0.05895662,
          0.        ,  0.08184764],
        [ 0.8992493 ,  0.79218081,  0.59163142, ..., -0.14046408,
         -0.08184764,  0.        ]]]), 'num': array([7.23021407e-01, 6.90656550e-01, 3.14833239e-07, 5.39414282e-03,
       5.48334558e-03, 5.31543451e-03, 2.96861508e-03, 7.34610890e-05,
       5.32278062e-03, 5.17795733e-03, 5.30712642e-03, 3.59020360e-06,
       5.63000593e-03, 4.72590874e-03])}
{'img': array([[[ 0.        , -0.06560244, -0.06560244, ..., -0.91317708,
         -0.9161928 , -0.86969722],
        [ 0.06560244,  0.        ,  0.        , ..., -0.88447282,
         -0.88792979, -0.83544334],
        [ 0.06560244,  0.        ,  0.        , ..., -0.88447282,
         -0.88792979, -0.83544334],
        ...,
        [ 0.91317708,  0.88447282,  0.88447282, ...,  0.        ,
         -0.00746175,  0.09627463],
        [ 0.9161928 ,  0.88792979,  0.88792979, ...,  0.00746175,
          0.        ,  0.10369904],
        [ 0.86969722,  0.83544334,  0.83544334, ..., -0.09627463,
         -0.10369904,  0.        ]],

       [[ 0.        , -0.32954167, -0.22598631, ...,  0.02391995,
          0.02989559,  0.37709559],
