state_0,state_1,state_2,state_3,state_4,state_5,state_6,state_7,state_8,state_9,state_10,state_11,state_12,state_13,state_14,state_15,state_16,state_17,state_18,state_19,state_20,state_21,state_22,state_23,state_24,state_25,state_26,state_27,state_28,state_29,state_30,state_31,state_32,state_33,state_34,state_35,state_36,state_37,state_38,state_39,state_40,state_41,state_42,state_43,state_44,state_45,state_46,state_47,state_48,state_49,state_50,state_51,state_52,state_53,state_54,state_55,state_56,state_57,state_58,state_59,state_60,state_61,state_62,state_63,state_64,state_65,state_66,state_67,state_68,state_69,state_70,state_71,state_72,state_73,state_74,state_75,state_76,state_77,state_78,state_79,state_80,state_81,state_82,state_83,state_84,state_85,state_86,state_87,state_88,state_89,state_90,state_91,state_92,state_93,state_94,state_95,state_96,state_97,state_98,state_99,state_100,state_101,state_102,state_103,state_104,state_105,state_106,state_107,state_108,state_109,state_110,state_111,state_112,state_113,state_114,state_115,state_116,state_117,state_118,state_119,state_120,state_121,state_122,state_123,state_124,state_125,state_126,state_127,state_128,state_129,state_130,state_131,state_132,state_133,state_134,state_135,state_136,state_137,state_138,state_139,state_140,state_141,state_142,state_143,state_144,state_145,state_146,state_147,state_148,state_149,state_150,state_151,state_152,state_153,state_154,state_155,state_156,state_157,state_158,state_159,state_160,state_161,state_162,state_163,state_164,state_165,state_166,state_167,state_168,state_169,state_170,state_171,state_172,state_173,state_174,state_175,state_176,state_177,state_178,state_179,state_180,state_181,state_182,state_183,state_184,state_185,state_186,state_187,state_188,state_189,state_190,state_191,state_192,state_193,state_194,state_195,state_196,state_197,state_198,state_199,state_200,state_201,state_202,state_203,state_204,state_205,state_206,state_207,state_208,state_209,state_210,state_211,state_212,state_213,state_214,state_215,state_216,state_217,state_218,state_219,state_220,state_221,state_222,state_223,state_224,state_225,state_226,state_227,state_228,state_229,state_230,state_231,state_232,state_233,state_234,state_235,state_236,state_237,state_238,state_239,state_240,state_241,state_242,state_243,state_244,state_245,state_246,state_247,state_248,state_249,state_250,state_251,state_252,state_253,state_254,state_255,state_256,state_257,state_258,state_259,state_260,state_261,state_262,state_263,state_264,state_265,state_266,state_267,state_268,state_269,state_270,state_271,state_272,state_273,state_274,state_275,state_276,state_277,state_278,state_279,state_280,state_281,state_282,state_283,state_284,state_285,state_286,state_287
{'img': array([[[ 0.        , -0.29019851, -0.24539335, ..., -0.85072136,
         -0.71758719, -0.7070565 ],
        [ 0.29019851,  0.        ,  0.04649207, ..., -0.66157856,
         -0.48459271, -0.47141343],
        [ 0.24539335, -0.04649207,  0.        , ..., -0.69572645,
         -0.52473717, -0.51190561],
        ...,
        [ 0.85072136,  0.66157856,  0.69572645, ...,  0.        ,
          0.2153248 ,  0.22995274],
        [ 0.71758719,  0.48459271,  0.52473717, ..., -0.2153248 ,
          0.        ,  0.01500414],
        [ 0.7070565 ,  0.47141343,  0.51190561, ..., -0.22995274,
         -0.01500414,  0.        ]],

       [[ 0.        , -0.3559657 , -0.39470038, ..., -0.14751778,
         -0.50805429, -0.40771847],
        [ 0.3559657 ,  0.        , -0.04178231, ...,  0.214216  ,
         -0.16817406, -0.05597749],
        [ 0.39470038,  0.04178231,  0.        , ...,  0.25484132,
         -0.12683998, -0.01421181],
        ...,
        [ 0.14751778, -0.214216  , -0.25484132, ...,  0.        ,
         -0.37543511, -0.26855816],
        [ 0.50805429,  0.16817406,  0.12683998, ...,  0.37543511,
          0.        ,  0.11273014],
        [ 0.40771847,  0.05597749,  0.01421181, ...,  0.26855816,
         -0.11273014,  0.        ]],

       [[ 0.        , -0.05873164, -0.09813693, ..., -0.7519183 ,
         -0.72788499, -0.73865591],
        [ 0.05873164,  0.        , -0.03951938, ..., -0.71190113,
         -0.68635627, -0.69779087],
        [ 0.09813693,  0.03951938,  0.        , ..., -0.68359134,
         -0.65707901, -0.66893796],
        ...,
        [ 0.7519183 ,  0.71190113,  0.68359134, ...,  0.        ,
          0.03572704,  0.01989152],
        [ 0.72788499,  0.68635627,  0.65707901, ..., -0.03572704,
          0.        , -0.01584115],
        [ 0.73865591,  0.69779087,  0.66893796, ..., -0.01989152,
          0.01584115,  0.        ]],

       ...,

       [[ 0.        , -0.46349061, -0.33279263, ..., -0.70950196,
         -0.40432739, -0.31699008],
        [ 0.46349061,  0.        ,  0.1421835 , ..., -0.30206755,
          0.06563992,  0.15870238],
        [ 0.33279263, -0.1421835 ,  0.        , ..., -0.43454026,
         -0.07690383,  0.01670847],
        ...,
        [ 0.70950196,  0.30206755,  0.43454026, ...,  0.        ,
          0.36398975,  0.44952812],
        [ 0.40432739, -0.06563992,  0.07690383, ..., -0.36398975,
          0.        ,  0.09355209],
        [ 0.31699008, -0.15870238, -0.01670847, ..., -0.44952812,
         -0.09355209,  0.        ]],

       [[ 0.        ,  0.01554539,  0.02168289, ..., -0.44343262,
         -0.49752478, -0.52843419],
        [-0.01554539,  0.        ,  0.00613854, ..., -0.45731249,
         -0.5109495 , -0.54156797],
        [-0.02168289, -0.00613854,  0.        , ..., -0.46276291,
         -0.51621662, -0.54671817],
        ...,
        [ 0.44343262,  0.45731249,  0.46276291, ...,  0.        ,
         -0.06127977, -0.09717675],
        [ 0.49752478,  0.5109495 ,  0.51621662, ...,  0.06127977,
          0.        , -0.03600438],
        [ 0.52843419,  0.54156797,  0.54671817, ...,  0.09717675,
          0.03600438,  0.        ]],

       [[ 0.        , -0.06977225, -0.09627891, ..., -0.98643156,
         -0.96647134, -0.95001464],
        [ 0.06977225,  0.        , -0.02659615, ..., -0.97257285,
         -0.94620026, -0.92591614],
        [ 0.09627891,  0.02659615,  0.        , ..., -0.96604258,
         -0.93725953, -0.91554246],
        ...,
        [ 0.98643156,  0.97257285,  0.96604258, ...,  0.        ,
          0.09462194,  0.15200241],
        [ 0.96647134,  0.94620026,  0.93725953, ..., -0.09462194,
          0.        ,  0.05779797],
        [ 0.95001464,  0.92591614,  0.91554246, ..., -0.15200241,
         -0.05779797,  0.        ]]]), 'num': array([7.17489657e-01, 6.96565993e-01, 4.66525388e-06, 7.72090910e-05,
       7.86723625e-05, 7.67787170e-05, 2.08834667e-03, 2.58224385e-07,
       7.69852966e-05, 7.84098344e-05, 7.88861149e-05, 6.95013872e-07,
       8.19518828e-05, 7.48677860e-05])}
{'img': array([[[ 0.        ,  0.04649207,  0.60009233, ..., -0.48459271,
         -0.47141343, -0.43147422],
        [-0.04649207,  0.        ,  0.56225299, ..., -0.52473717,
         -0.51190561, -0.47294932],
        [-0.60009233, -0.56225299,  0.        , ..., -0.91256532,
         -0.90632693, -0.88650795],
        ...,
        [ 0.48459271,  0.52473717,  0.91256532, ...,  0.        ,
          0.01500414,  0.0597356 ],
        [ 0.47141343,  0.51190561,  0.90632693, ..., -0.01500414,
          0.        ,  0.04475153],
        [ 0.43147422,  0.47294932,  0.88650795, ..., -0.0597356 ,
         -0.04475153,  0.        ]],

       [[ 0.        , -0.04178231,  0.10326119, ..., -0.16817406,
         -0.05597749, -0.07448742],
        [ 0.04178231,  0.        ,  0.14472998, ..., -0.12683998,
         -0.01421181, -0.03275613],
        [-0.10326119, -0.14472998,  0.        , ..., -0.26906552,
         -0.15877754, -0.17706356],
        ...,
        [ 0.16817406,  0.12683998,  0.26906552, ...,  0.        ,
          0.11273014,  0.09428035],
        [ 0.05597749,  0.01421181,  0.15877754, ..., -0.11273014,
          0.        , -0.01854864],
        [ 0.07448742,  0.03275613,  0.17706356, ..., -0.09428035,
          0.01854864,  0.        ]],

       [[ 0.        , -0.03951938,  0.11009758, ..., -0.68635627,
         -0.69779087, -0.77148374],
        [ 0.03951938,  0.        ,  0.1492907 , ..., -0.65707901,
         -0.66893796, -0.74573689],
        [-0.11009758, -0.1492907 ,  0.        , ..., -0.76225393,
         -0.77241191, -0.8368432 ],
        ...,
        [ 0.68635627,  0.65707901,  0.76225393, ...,  0.        ,
         -0.01584115, -0.12437997],
        [ 0.69779087,  0.66893796,  0.77241191, ...,  0.01584115,
          0.        , -0.10864623],
        [ 0.77148374,  0.74573689,  0.8368432 , ...,  0.12437997,
          0.10864623,  0.        ]],

       ...,

       [[ 0.        ,  0.1421835 ,  0.49932083, ...,  0.06563992,
          0.15870238,  0.22337078],
        [-0.1421835 ,  0.        ,  0.37105766, ..., -0.07690383,
          0.01670847,  0.08251037],
        [-0.49932083, -0.37105766,  0.        , ..., -0.44137244,
         -0.35549021, -0.29317249],
        ...,
        [-0.06563992,  0.07690383,  0.44137244, ...,  0.        ,
          0.09355209,  0.15890762],
        [-0.15870238, -0.01670847,  0.35549021, ..., -0.09355209,
          0.        ,  0.06584735],
        [-0.22337078, -0.08251037,  0.29317249, ..., -0.15890762,
         -0.06584735,  0.        ]],

       [[ 0.        ,  0.00613854,  0.01096647, ..., -0.5109495 ,
         -0.54156797, -0.54156797],
        [-0.00613854,  0.        ,  0.0048281 , ..., -0.51621662,
         -0.54671817, -0.54671817],
        [-0.01096647, -0.0048281 ,  0.        , ..., -0.52034567,
         -0.55075444, -0.55075444],
        ...,
        [ 0.5109495 ,  0.51621662,  0.52034567, ...,  0.        ,
         -0.03600438, -0.03600438],
        [ 0.54156797,  0.54671817,  0.55075444, ...,  0.03600438,
          0.        ,  0.        ],
        [ 0.54156797,  0.54671817,  0.55075444, ...,  0.03600438,
          0.        ,  0.        ]],

       [[ 0.        , -0.02659615, -0.0292772 , ..., -0.94620026,
         -0.92591614, -0.92591614],
        [ 0.02659615,  0.        , -0.00268209, ..., -0.93725953,
         -0.91554246, -0.91554246],
        [ 0.0292772 ,  0.00268209,  0.        , ..., -0.93632109,
         -0.91446038, -0.91446038],
        ...,
        [ 0.94620026,  0.93725953,  0.93632109, ...,  0.        ,
          0.05779797,  0.05779797],
        [ 0.92591614,  0.91554246,  0.91446038, ..., -0.05779797,
          0.        ,  0.        ],
        [ 0.92591614,  0.91554246,  0.91446038, ..., -0.05779797,
          0.        ,  0.        ]]]), 'num': array([ 8.11525265e-01,  5.84316852e-01,  5.07161635e-05,  4.38710972e-05,
        4.42628034e-05,  4.34793910e-05,  7.36887543e-04, -4.89632781e-08,
        4.36654514e-05,  4.46177872e-05,  4.48487307e-05,  3.89273267e-07,
        4.66066548e-05,  4.26289196e-05])}
{'img': array([[[ 0.        ,  0.56225299,  0.21126208, ..., -0.51190561,
         -0.47294932, -0.48601107],
        [-0.56225299,  0.        , -0.37485623, ..., -0.90632693,
         -0.88650795, -0.89329677],
        [-0.21126208,  0.37485623,  0.        , ..., -0.68183455,
         -0.64841543, -0.65967459],
        ...,
        [ 0.51190561,  0.90632693,  0.68183455, ...,  0.        ,
          0.04475153,  0.02987749],
        [ 0.47294932,  0.88650795,  0.64841543, ..., -0.04475153,
          0.        , -0.014884  ],
        [ 0.48601107,  0.89329677,  0.65967459, ..., -0.02987749,
          0.014884  ,  0.        ]],

       [[ 0.        ,  0.14472998,  0.232228  , ..., -0.01421181,
         -0.03275613, -0.18887002],
        [-0.14472998,  0.        ,  0.08900966, ..., -0.15877754,
         -0.17706356, -0.32900658],
        [-0.232228  , -0.08900966,  0.        , ..., -0.24602783,
         -0.26396401, -0.41175496],
        ...,
        [ 0.01421181,  0.15877754,  0.24602783, ...,  0.        ,
         -0.01854864, -0.17489491],
        [ 0.03275613,  0.17706356,  0.26396401, ...,  0.01854864,
          0.        , -0.15660208],
        [ 0.18887002,  0.32900658,  0.41175496, ...,  0.17489491,
          0.15660208,  0.        ]],

       [[ 0.        ,  0.1492907 ,  0.10272589, ..., -0.66893796,
         -0.74573689, -0.78057547],
        [-0.1492907 ,  0.        , -0.04692624, ..., -0.77241191,
         -0.8368432 , -0.86514371],
        [-0.10272589,  0.04692624,  0.        , ..., -0.74175711,
         -0.81023188, -0.84065599],
        ...,
        [ 0.66893796,  0.77241191,  0.74175711, ...,  0.        ,
         -0.10864623, -0.16208858],
        [ 0.74573689,  0.8368432 ,  0.81023188, ...,  0.10864623,
          0.        , -0.05391958],
        [ 0.78057547,  0.86514371,  0.84065599, ...,  0.16208858,
          0.05391958,  0.        ]],

       ...,

       [[ 0.        ,  0.37105766,  0.40328092, ...,  0.01670847,
          0.08251037,  0.05756027],
        [-0.37105766,  0.        ,  0.03494458, ..., -0.35549021,
         -0.29317249, -0.31699143],
        [-0.40328092, -0.03494458,  0.        , ..., -0.38793509,
         -0.32640253, -0.34994026],
        ...,
        [-0.01670847,  0.35549021,  0.38793509, ...,  0.        ,
          0.06584735,  0.04087146],
        [-0.08251037,  0.29317249,  0.32640253, ..., -0.06584735,
          0.        , -0.02500957],
        [-0.05756027,  0.31699143,  0.34994026, ..., -0.04087146,
          0.02500957,  0.        ]],

       [[ 0.        ,  0.0048281 , -0.01291608, ..., -0.54671817,
         -0.54671817, -0.55334069],
        [-0.0048281 ,  0.        , -0.01774363, ..., -0.55075444,
         -0.55075444, -0.55735582],
        [ 0.01291608,  0.01774363,  0.        , ..., -0.53585771,
         -0.53585771, -0.54253601],
        ...,
        [ 0.54671817,  0.55075444,  0.53585771, ...,  0.        ,
          0.        , -0.00792975],
        [ 0.54671817,  0.55075444,  0.53585771, ...,  0.        ,
          0.        , -0.00792975],
        [ 0.55334069,  0.55735582,  0.54253601, ...,  0.00792975,
          0.00792975,  0.        ]],

       [[ 0.        , -0.00268209, -0.01198251, ..., -0.91554246,
         -0.91554246, -0.90820755],
        [ 0.00268209,  0.        , -0.00930057, ..., -0.91446038,
         -0.91446038, -0.90708178],
        [ 0.01198251,  0.00930057,  0.        , ..., -0.91065711,
         -0.91065711, -0.90312743],
        ...,
        [ 0.91554246,  0.91446038,  0.91065711, ...,  0.        ,
          0.        ,  0.01787244],
        [ 0.91554246,  0.91446038,  0.91065711, ...,  0.        ,
          0.        ,  0.01787244],
        [ 0.90820755,  0.90708178,  0.90312743, ..., -0.01787244,
         -0.01787244,  0.        ]]]), 'num': array([8.07990952e-01, 5.89194371e-01, 4.88385225e-05, 4.36806909e-05,
       4.41194479e-05, 4.34856879e-05, 7.72553470e-04, 0.00000000e+00,
       4.36416903e-05, 4.42852005e-05, 4.46264559e-05, 4.21628291e-07,
       4.60532882e-05, 4.25171128e-05])}
{'img': array([[[ 0.00000000e+00, -3.74856227e-01, -2.54723695e-01, ...,
         -8.86507950e-01, -8.93296772e-01, -8.93296772e-01],
        [ 3.74856227e-01,  0.00000000e+00,  1.26341177e-01, ...,
         -6.48415426e-01, -6.59674587e-01, -6.59674587e-01],
        [ 2.54723695e-01, -1.26341177e-01,  0.00000000e+00, ...,
         -7.39401432e-01, -7.49340397e-01, -7.49340397e-01],
        ...,
        [ 8.86507950e-01,  6.48415426e-01,  7.39401432e-01, ...,
          0.00000000e+00, -1.48839950e-02, -1.48839950e-02],
        [ 8.93296772e-01,  6.59674587e-01,  7.49340397e-01, ...,
          1.48839950e-02,  0.00000000e+00,  0.00000000e+00],
        [ 8.93296772e-01,  6.59674587e-01,  7.49340397e-01, ...,
          1.48839950e-02,  0.00000000e+00,  0.00000000e+00]],

       [[ 0.00000000e+00,  8.90096616e-02, -4.81418352e-02, ...,
         -1.77063557e-01, -3.29006580e-01, -3.10695165e-01],
        [-8.90096616e-02,  0.00000000e+00, -1.36857205e-01, ...,
         -2.63964007e-01, -4.11754957e-01, -3.94066481e-01],
        [ 4.81418352e-02,  1.36857205e-01,  0.00000000e+00, ...,
         -1.29477087e-01, -2.83163435e-01, -2.64575640e-01],
        ...,
        [ 1.77063557e-01,  2.63964007e-01,  1.29477087e-01, ...,
          0.00000000e+00, -1.56602076e-01, -1.37485389e-01],
        [ 3.29006580e-01,  4.11754957e-01,  2.83163435e-01, ...,
          1.56602076e-01,  0.00000000e+00,  1.93258862e-02],
        [ 3.10695165e-01,  3.94066481e-01,  2.64575640e-01, ...,
          1.37485389e-01, -1.93258862e-02,  0.00000000e+00]],

       [[ 0.00000000e+00, -4.69262387e-02, -2.36622176e-02, ...,
         -8.36843203e-01, -8.65143710e-01, -8.27767572e-01],
        [ 4.69262387e-02,  0.00000000e+00,  2.32769496e-02, ...,
         -8.10231876e-01, -8.40655994e-01, -8.00526709e-01],
        [ 2.36622176e-02, -2.32769496e-02,  0.00000000e+00, ...,
         -8.23655189e-01, -8.53034308e-01, -8.14259618e-01],
        ...,
        [ 8.36843203e-01,  8.10231876e-01,  8.23655189e-01, ...,
          0.00000000e+00, -5.39195813e-02,  1.63733143e-02],
        [ 8.65143710e-01,  8.40655994e-01,  8.53034308e-01, ...,
          5.39195813e-02,  0.00000000e+00,  7.02618490e-02],
        [ 8.27767572e-01,  8.00526709e-01,  8.14259618e-01, ...,
         -1.63733143e-02, -7.02618490e-02,  0.00000000e+00]],

       ...,

       [[ 0.00000000e+00,  3.49445751e-02,  8.29465492e-02, ...,
         -2.93172493e-01, -3.16991433e-01, -1.83614073e-01],
        [-3.49445751e-02,  0.00000000e+00,  4.80717337e-02, ...,
         -3.26402533e-01, -3.49940259e-01, -2.17852393e-01],
        [-8.29465492e-02, -4.80717337e-02,  0.00000000e+00, ...,
         -3.71464061e-01, -3.94567943e-01, -2.64517665e-01],
        ...,
        [ 2.93172493e-01,  3.26402533e-01,  3.71464061e-01, ...,
          0.00000000e+00, -2.50095728e-02,  1.12642103e-01],
        [ 3.16991433e-01,  3.49940259e-01,  3.94567943e-01, ...,
          2.50095728e-02,  0.00000000e+00,  1.37457272e-01],
        [ 1.83614073e-01,  2.17852393e-01,  2.64517665e-01, ...,
         -1.12642103e-01, -1.37457272e-01,  0.00000000e+00]],

       [[ 0.00000000e+00, -1.77436264e-02, -2.03960090e-02, ...,
         -5.50754440e-01, -5.57355824e-01, -7.65154323e-01],
        [ 1.77436264e-02,  0.00000000e+00, -2.65286267e-03, ...,
         -5.35857709e-01, -5.42536012e-01, -7.53609685e-01],
        [ 2.03960090e-02,  2.65286267e-03,  0.00000000e+00, ...,
         -5.33615989e-01, -5.40305612e-01, -7.51863248e-01],
        ...,
        [ 5.50754440e-01,  5.35857709e-01,  5.33615989e-01, ...,
          0.00000000e+00, -7.92974719e-03, -2.84047762e-01],
        [ 5.57355824e-01,  5.42536012e-01,  5.40305612e-01, ...,
          7.92974719e-03,  0.00000000e+00, -2.76435710e-01],
        [ 7.65154323e-01,  7.53609685e-01,  7.51863248e-01, ...,
          2.84047762e-01,  2.76435710e-01,  0.00000000e+00]],

       [[ 0.00000000e+00, -9.30056724e-03, -9.45463625e-03, ...,
         -9.14460376e-01, -9.07081777e-01, -8.93087021e-01],
        [ 9.30056724e-03,  0.00000000e+00, -1.54075781e-04, ...,
         -9.10657113e-01, -9.03127429e-01, -8.88864217e-01],
        [ 9.45463625e-03,  1.54075781e-04,  0.00000000e+00, ...,
         -9.10593444e-01, -9.03061262e-01, -8.88793614e-01],
        ...,
        [ 9.14460376e-01,  9.10657113e-01,  9.10593444e-01, ...,
          0.00000000e+00,  1.78724383e-02,  4.99906578e-02],
        [ 9.07081777e-01,  9.03127429e-01,  9.03061262e-01, ...,
         -1.78724383e-02,  0.00000000e+00,  3.21325809e-02],
        [ 8.93087021e-01,  8.88864217e-01,  8.88793614e-01, ...,
         -4.99906578e-02, -3.21325809e-02,  0.00000000e+00]]]), 'num': array([ 7.56374367e-01,  6.54138183e-01,  2.31303582e-05,  4.04255371e-05,
        4.10200303e-05,  4.04255371e-05,  1.02028751e-03, -5.48762948e-07,
        4.08554014e-05,  4.13973049e-05,  4.18020175e-05,  3.90231429e-07,
        4.29117633e-05,  3.98828464e-05])}
{'img': array([[[ 0.00000000e+00,  1.26341177e-01,  7.09083296e-02, ...,
         -6.59674587e-01, -6.59674587e-01, -7.85156056e-01],
        [-1.26341177e-01,  0.00000000e+00, -5.56830251e-02, ...,
         -7.49340397e-01, -7.49340397e-01, -8.57107315e-01],
        [-7.09083296e-02,  5.56830251e-02,  0.00000000e+00, ...,
         -7.11305329e-01, -7.11305329e-01, -8.27093074e-01],
        ...,
        [ 6.59674587e-01,  7.49340397e-01,  7.11305329e-01, ...,
          0.00000000e+00,  0.00000000e+00, -1.81549969e-01],
        [ 6.59674587e-01,  7.49340397e-01,  7.11305329e-01, ...,
          0.00000000e+00,  0.00000000e+00, -1.81549969e-01],
        [ 7.85156056e-01,  8.57107315e-01,  8.27093074e-01, ...,
          1.81549969e-01,  1.81549969e-01,  0.00000000e+00]],

       [[ 0.00000000e+00, -1.36857205e-01,  2.56945611e-02, ...,
         -4.11754957e-01, -3.94066481e-01, -2.88984751e-01],
        [ 1.36857205e-01,  0.00000000e+00,  1.62264815e-01, ...,
         -2.83163435e-01, -2.64575640e-01, -1.55247618e-01],
        [-2.56945611e-02, -1.62264815e-01,  0.00000000e+00, ...,
         -4.35034327e-01, -4.17551783e-01, -3.13487610e-01],
        ...,
        [ 4.11754957e-01,  2.83163435e-01,  4.35034327e-01, ...,
          0.00000000e+00,  1.93258862e-02,  1.30836652e-01],
        [ 3.94066481e-01,  2.64575640e-01,  4.17551783e-01, ...,
         -1.93258862e-02,  0.00000000e+00,  1.11652457e-01],
        [ 2.88984751e-01,  1.55247618e-01,  3.13487610e-01, ...,
         -1.30836652e-01, -1.11652457e-01,  0.00000000e+00]],

       [[ 0.00000000e+00,  2.32769496e-02,  1.20315727e-01, ...,
         -8.40655994e-01, -8.00526709e-01, -8.22138697e-01],
        [-2.32769496e-02,  0.00000000e+00,  9.71752698e-02, ...,
         -8.53034308e-01, -8.14259618e-01, -8.35167213e-01],
        [-1.20315727e-01, -9.71752698e-02,  0.00000000e+00, ...,
         -8.99708523e-01, -8.66816289e-01, -8.84660624e-01],
        ...,
        [ 8.40655994e-01,  8.53034308e-01,  8.99708523e-01, ...,
          0.00000000e+00,  7.02618490e-02,  3.33295071e-02],
        [ 8.00526709e-01,  8.14259618e-01,  8.66816289e-01, ...,
         -7.02618490e-02,  0.00000000e+00, -3.69756768e-02],
        [ 8.22138697e-01,  8.35167213e-01,  8.84660624e-01, ...,
         -3.33295071e-02,  3.69756768e-02,  0.00000000e+00]],

       ...,

       [[ 0.00000000e+00,  4.80717337e-02,  1.09223769e-01, ...,
         -3.49940259e-01, -2.17852393e-01, -2.39626004e-01],
        [-4.80717337e-02,  0.00000000e+00,  6.13133647e-02, ...,
         -3.94567943e-01, -2.64517665e-01, -2.86020146e-01],
        [-1.09223769e-01, -6.13133647e-02,  0.00000000e+00, ...,
         -4.50164402e-01, -3.23149426e-01, -3.44233931e-01],
        ...,
        [ 3.49940259e-01,  3.94567943e-01,  4.50164402e-01, ...,
          0.00000000e+00,  1.37457272e-01,  1.15269909e-01],
        [ 2.17852393e-01,  2.64517665e-01,  3.23149426e-01, ...,
         -1.37457272e-01,  0.00000000e+00, -2.23652788e-02],
        [ 2.39626004e-01,  2.86020146e-01,  3.44233931e-01, ...,
         -1.15269909e-01,  2.23652788e-02,  0.00000000e+00]],

       [[ 0.00000000e+00, -2.65286267e-03, -1.82140519e-02, ...,
         -5.42536012e-01, -7.53609685e-01, -9.49783229e-01],
        [ 2.65286267e-03,  0.00000000e+00, -1.55615652e-02, ...,
         -5.40305612e-01, -7.51863248e-01, -9.48949783e-01],
        [ 1.82140519e-02,  1.55615652e-02,  0.00000000e+00, ...,
         -5.27145615e-01, -7.41512169e-01, -9.43926336e-01],
        ...,
        [ 5.42536012e-01,  5.40305612e-01,  5.27145615e-01, ...,
          0.00000000e+00, -2.76435710e-01, -6.28084616e-01],
        [ 7.53609685e-01,  7.51863248e-01,  7.41512169e-01, ...,
          2.76435710e-01,  0.00000000e+00, -3.88502596e-01],
        [ 9.49783229e-01,  9.48949783e-01,  9.43926336e-01, ...,
          6.28084616e-01,  3.88502596e-01,  0.00000000e+00]],

       [[ 0.00000000e+00, -1.54075781e-04, -1.54519949e-03, ...,
         -9.03127429e-01, -8.88864217e-01, -8.88857606e-01],
        [ 1.54075781e-04,  0.00000000e+00, -1.39112387e-03, ...,
         -9.03061262e-01, -8.88793614e-01, -8.88787001e-01],
        [ 1.54519949e-03,  1.39112387e-03,  0.00000000e+00, ...,
         -9.02462885e-01, -8.88155191e-01, -8.88148560e-01],
        ...,
        [ 9.03127429e-01,  9.03061262e-01,  9.02462885e-01, ...,
          0.00000000e+00,  3.21325809e-02,  3.21470027e-02],
        [ 8.88864217e-01,  8.88793614e-01,  8.88155191e-01, ...,
         -3.21325809e-02,  0.00000000e+00,  1.44292773e-05],
        [ 8.88857606e-01,  8.88787001e-01,  8.88148560e-01, ...,
         -3.21470027e-02, -1.44292773e-05,  0.00000000e+00]]]), 'num': array([ 7.42676617e-01,  6.69649360e-01,  1.66349103e-05,  3.94528667e-05,
        4.00819557e-05,  3.94079318e-05,  1.07888762e-03, -2.69609568e-07,
        4.00010729e-05,  4.05425388e-05,  4.10263381e-05,  3.73485115e-07,
        4.19597710e-05,  3.91253065e-05])}
{'img': array([[[ 0.00000000e+00, -5.56830251e-02, -1.09032476e-01, ...,
         -7.49340397e-01, -8.57107315e-01, -9.02342555e-01],
        [ 5.56830251e-02,  0.00000000e+00, -5.35122585e-02, ...,
         -7.11305329e-01, -8.27093074e-01, -8.76942092e-01],
        [ 1.09032476e-01,  5.35122585e-02,  0.00000000e+00, ...,
         -6.72673301e-01, -7.95830642e-01, -8.49967822e-01],
        ...,
        [ 7.49340397e-01,  7.11305329e-01,  6.72673301e-01, ...,
          0.00000000e+00, -1.81549969e-01, -2.74537289e-01],
        [ 8.57107315e-01,  8.27093074e-01,  7.95830642e-01, ...,
          1.81549969e-01,  0.00000000e+00, -9.54007757e-02],
        [ 9.02342555e-01,  8.76942092e-01,  8.49967822e-01, ...,
          2.74537289e-01,  9.54007757e-02,  0.00000000e+00]],

       [[ 0.00000000e+00,  1.62264815e-01, -1.14017842e-01, ...,
         -2.64575640e-01, -1.55247618e-01, -1.32690910e-01],
        [-1.62264815e-01,  0.00000000e+00, -2.73713430e-01, ...,
         -4.17551783e-01, -3.13487610e-01, -2.91762373e-01],
        [ 1.14017842e-01,  2.73713430e-01,  0.00000000e+00, ...,
         -1.52895455e-01, -4.15997593e-02, -1.88159578e-02],
        ...,
        [ 2.64575640e-01,  4.17551783e-01,  1.52895455e-01, ...,
          0.00000000e+00,  1.11652457e-01,  1.34273660e-01],
        [ 1.55247618e-01,  3.13487610e-01,  4.15997593e-02, ...,
         -1.11652457e-01,  0.00000000e+00,  2.27927248e-02],
        [ 1.32690910e-01,  2.91762373e-01,  1.88159578e-02, ...,
         -1.34273660e-01, -2.27927248e-02,  0.00000000e+00]],

       [[ 0.00000000e+00,  9.71752698e-02,  1.69716444e-01, ...,
         -8.14259618e-01, -8.35167213e-01, -8.70196278e-01],
        [-9.71752698e-02,  0.00000000e+00,  7.31476820e-02, ...,
         -8.66816289e-01, -8.84660624e-01, -9.13956649e-01],
        [-1.69716444e-01, -7.31476820e-02,  0.00000000e+00, ...,
         -9.00967648e-01, -9.16394774e-01, -9.41192464e-01],
        ...,
        [ 8.14259618e-01,  8.66816289e-01,  9.00967648e-01, ...,
          0.00000000e+00, -3.69756768e-02, -1.03959739e-01],
        [ 8.35167213e-01,  8.84660624e-01,  9.16394774e-01, ...,
          3.69756768e-02,  0.00000000e+00, -6.71133232e-02],
        [ 8.70196278e-01,  9.13956649e-01,  9.41192464e-01, ...,
          1.03959739e-01,  6.71133232e-02,  0.00000000e+00]],

       ...,

       [[ 0.00000000e+00,  6.13133647e-02,  2.26467939e-01, ...,
         -2.64517665e-01, -2.86020146e-01, -3.27319712e-01],
        [-6.13133647e-02,  0.00000000e+00,  1.66321496e-01, ...,
         -3.23149426e-01, -3.44233931e-01, -3.84639717e-01],
        [-2.26467939e-01, -1.66321496e-01,  0.00000000e+00, ...,
         -4.76046472e-01, -4.95595873e-01, -5.32808142e-01],
        ...,
        [ 2.64517665e-01,  3.23149426e-01,  4.76046472e-01, ...,
          0.00000000e+00, -2.23652788e-02, -6.57145069e-02],
        [ 2.86020146e-01,  3.44233931e-01,  4.95595873e-01, ...,
          2.23652788e-02,  0.00000000e+00, -4.33811340e-02],
        [ 3.27319712e-01,  3.84639717e-01,  5.32808142e-01, ...,
          6.57145069e-02,  4.33811340e-02,  0.00000000e+00]],

       [[ 0.00000000e+00, -1.48275683e-02, -1.09771119e-01, ...,
         -7.00435917e-01, -8.70768116e-01, -9.99854977e-01],
        [ 1.48275683e-02,  0.00000000e+00, -9.50210872e-02, ...,
         -6.89776252e-01, -8.63381764e-01, -9.99492544e-01],
        [ 1.09771119e-01,  9.50210872e-02,  0.00000000e+00, ...,
         -6.17857780e-01, -8.11532180e-01, -9.91943331e-01],
        ...,
        [ 7.00435917e-01,  6.89776252e-01,  6.17857780e-01, ...,
          0.00000000e+00, -2.77080460e-01, -7.01683295e-01],
        [ 8.70768116e-01,  8.63381764e-01,  8.11532180e-01, ...,
          2.77080460e-01,  0.00000000e+00, -4.76793317e-01],
        [ 9.99854977e-01,  9.99492544e-01,  9.91943331e-01, ...,
          7.01683295e-01,  4.76793317e-01,  0.00000000e+00]],

       [[ 0.00000000e+00, -1.39112387e-03,  4.20756372e-02, ...,
         -8.88793614e-01, -8.88787001e-01, -9.02323284e-01],
        [ 1.39112387e-03,  0.00000000e+00,  4.34654884e-02, ...,
         -8.88155191e-01, -8.88148560e-01, -9.01722753e-01],
        [-4.20756372e-02, -4.34654884e-02,  0.00000000e+00, ...,
         -9.07290110e-01, -9.07284043e-01, -9.19661335e-01],
        ...,
        [ 8.88793614e-01,  8.88155191e-01,  9.07290110e-01, ...,
          0.00000000e+00,  1.44292773e-05, -3.04183319e-02],
        [ 8.88787001e-01,  8.88148560e-01,  9.07284043e-01, ...,
         -1.44292773e-05,  0.00000000e+00, -3.04327545e-02],
        [ 9.02323284e-01,  9.01722753e-01,  9.19661335e-01, ...,
          3.04183319e-02,  3.04327545e-02,  0.00000000e+00]]]), 'num': array([8.60303912e-01, 5.09780833e-01, 7.95739065e-05, 4.57960619e-05,
       4.60559715e-05, 4.54321886e-05, 8.10741043e-04, 1.55945727e-07,
       4.61079534e-05, 4.67733218e-05, 4.74005702e-05, 4.64371721e-07,
       4.83388664e-05, 4.52077772e-05])}
{'img': array([[[ 0.        , -0.05351226, -0.12187168, ..., -0.82709307,
         -0.87694209, -0.85274397],
        [ 0.05351226,  0.        , -0.06858369, ..., -0.79583064,
         -0.84996782, -0.82357114],
        [ 0.12187168,  0.06858369,  0.        , ..., -0.752428  ,
         -0.8118342 , -0.78273037],
        ...,
        [ 0.82709307,  0.79583064,  0.752428  , ...,  0.        ,
         -0.09540078, -0.04728272],
        [ 0.87694209,  0.84996782,  0.8118342 , ...,  0.09540078,
          0.        ,  0.04822702],
        [ 0.85274397,  0.82357114,  0.78273037, ...,  0.04728272,
         -0.04822702,  0.        ]],

       [[ 0.        , -0.27371343, -0.23481488, ..., -0.31348761,
         -0.29176237, -0.4228408 ],
        [ 0.27371343,  0.        ,  0.04021282, ..., -0.04159976,
         -0.01881596, -0.15865285],
        [ 0.23481488, -0.04021282,  0.        , ..., -0.08174413,
         -0.05900644, -0.19822803],
        ...,
        [ 0.31348761,  0.04159976,  0.08174413, ...,  0.        ,
          0.02279272, -0.11744264],
        [ 0.29176237,  0.01881596,  0.05900644, ..., -0.02279272,
          0.        , -0.14004712],
        [ 0.4228408 ,  0.15865285,  0.19822803, ...,  0.11744264,
          0.14004712,  0.        ]],

       [[ 0.        ,  0.07314768, -0.03981124, ..., -0.88466062,
         -0.91395665, -0.93989526],
        [-0.07314768,  0.        , -0.11279428, ..., -0.91639477,
         -0.94119246, -0.96235461],
        [ 0.03981124,  0.11279428,  0.        , ..., -0.86539787,
         -0.89707621, -0.92555607],
        ...,
        [ 0.88466062,  0.91639477,  0.86539787, ...,  0.        ,
         -0.06711332, -0.13613382],
        [ 0.91395665,  0.94119246,  0.89707621, ...,  0.06711332,
          0.        , -0.06933835],
        [ 0.93989526,  0.96235461,  0.92555607, ...,  0.13613382,
          0.06933835,  0.        ]],

       ...,

       [[ 0.        ,  0.1663215 ,  0.0957496 , ..., -0.34423393,
         -0.38463972, -0.27091936],
        [-0.1663215 ,  0.        , -0.07114137, ..., -0.49559587,
         -0.53280814, -0.42724729],
        [-0.0957496 ,  0.07114137,  0.        , ..., -0.43255009,
         -0.47125574, -0.36184336],
        ...,
        [ 0.34423393,  0.49559587,  0.43255009, ...,  0.        ,
         -0.04338113,  0.07699846],
        [ 0.38463972,  0.53280814,  0.47125574, ...,  0.04338113,
          0.        ,  0.12017832],
        [ 0.27091936,  0.42724729,  0.36184336, ..., -0.07699846,
         -0.12017832,  0.        ]],

       [[ 0.        , -0.09015246, -0.15340908, ..., -0.79873181,
         -0.91039066, -0.99983105],
        [ 0.09015246,  0.        , -0.0636991 , ..., -0.74123577,
         -0.86938297, -0.99741684],
        [ 0.15340908,  0.0636991 ,  0.        , ..., -0.69697275,
         -0.83614119, -0.99081568],
        ...,
        [ 0.79873181,  0.74123577,  0.69697275, ...,  0.        ,
         -0.21729534, -0.61626731],
        [ 0.91039066,  0.86938297,  0.83614119, ...,  0.21729534,
          0.        , -0.43041402],
        [ 0.99983105,  0.99741684,  0.99081568, ...,  0.61626731,
          0.43041402,  0.        ]],

       [[ 0.        ,  0.04346549,  0.05954351, ..., -0.88814856,
         -0.90172275, -0.91105349],
        [-0.04346549,  0.        ,  0.01609887, ..., -0.90728404,
         -0.91966133, -0.92811279],
        [-0.05954351, -0.01609887,  0.        , ..., -0.91393633,
         -0.92586438, -0.93398611],
        ...,
        [ 0.88814856,  0.90728404,  0.91393633, ...,  0.        ,
         -0.03043275, -0.05250737],
        [ 0.90172275,  0.91966133,  0.92586438, ...,  0.03043275,
          0.        , -0.02209228],
        [ 0.91105349,  0.92811279,  0.93398611, ...,  0.05250737,
          0.02209228,  0.        ]]]), 'num': array([ 7.71294238e-01,  6.36477729e-01,  3.13162620e-05,  4.03038888e-05,
        4.12400999e-05,  4.02570783e-05,  1.13331165e-03, -9.36211122e-07,
        4.11932894e-05,  4.19633230e-05,  4.26178906e-05,  3.48224869e-07,
        4.34467007e-05,  4.04799453e-05])}
{'img': array([[[ 0.        , -0.06858369,  0.31303719, ..., -0.84996782,
         -0.82357114, -0.968291  ],
        [ 0.06858369,  0.        ,  0.37743684, ..., -0.8118342 ,
         -0.78273037, -0.9488771 ],
        [-0.31303719, -0.37743684,  0.        , ..., -0.972168  ,
         -0.95973793, -0.99783006],
        ...,
        [ 0.84996782,  0.8118342 ,  0.972168  , ...,  0.        ,
          0.04822702, -0.29778597],
        [ 0.82357114,  0.78273037,  0.95973793, ..., -0.04822702,
          0.        , -0.34347855],
        [ 0.968291  ,  0.9488771 ,  0.99783006, ...,  0.29778597,
          0.34347855,  0.        ]],

       [[ 0.        ,  0.04021282,  0.11140273, ..., -0.01881596,
         -0.15865285, -0.0162331 ],
        [-0.04021282,  0.        ,  0.07135011, ..., -0.05900644,
         -0.19822803, -0.0564275 ],
        [-0.11140273, -0.07135011,  0.        , ..., -0.13008185,
         -0.26765705, -0.12752011],
        ...,
        [ 0.01881596,  0.05900644,  0.13008185, ...,  0.        ,
         -0.14004712,  0.00258325],
        [ 0.15865285,  0.19822803,  0.26765705, ...,  0.14004712,
          0.        ,  0.14260445],
        [ 0.0162331 ,  0.0564275 ,  0.12752011, ..., -0.00258325,
         -0.14260445,  0.        ]],

       [[ 0.        , -0.11279428, -0.02671842, ..., -0.94119246,
         -0.96235461, -0.99368962],
        [ 0.11279428,  0.        ,  0.0862061 , ..., -0.89707621,
         -0.92555607, -0.9746967 ],
        [ 0.02671842, -0.0862061 ,  0.        , ..., -0.93182908,
         -0.95474907, -0.990338  ],
        ...,
        [ 0.94119246,  0.89707621,  0.93182908, ...,  0.        ,
         -0.06933835, -0.23017013],
        [ 0.96235461,  0.92555607,  0.95474907, ...,  0.06933835,
          0.        , -0.16213951],
        [ 0.99368962,  0.9746967 ,  0.990338  , ...,  0.23017013,
          0.16213951,  0.        ]],

       ...,

       [[ 0.        , -0.07114137,  0.1046324 , ..., -0.53280814,
         -0.42724729, -0.67427097],
        [ 0.07114137,  0.        ,  0.17511816, ..., -0.47125574,
         -0.36184336, -0.62002576],
        [-0.1046324 , -0.17511816,  0.        , ..., -0.61842725,
         -0.51950391, -0.74783923],
        ...,
        [ 0.53280814,  0.47125574,  0.61842725, ...,  0.        ,
          0.12017832, -0.17712211],
        [ 0.42724729,  0.36184336,  0.51950391, ..., -0.12017832,
          0.        , -0.29411655],
        [ 0.67427097,  0.62002576,  0.74783923, ...,  0.17712211,
          0.29411655,  0.        ]],

       [[ 0.        , -0.06216911, -0.11293217, ..., -0.83540955,
         -0.94099387, -0.99882829],
        [ 0.06216911,  0.        , -0.05094232, ..., -0.79962368,
         -0.91813414, -0.99388753],
        [ 0.11293217,  0.05094232,  0.        , ..., -0.7679945 ,
         -0.89675513, -0.98697316],
        ...,
        [ 0.83540955,  0.79962368,  0.7679945 , ...,  0.        ,
         -0.23447421, -0.50855451],
        [ 0.94099387,  0.91813414,  0.89675513, ...,  0.23447421,
          0.        , -0.29248792],
        [ 0.99882829,  0.99388753,  0.98697316, ...,  0.50855451,
          0.29248792,  0.        ]],

       [[ 0.        ,  0.01609887,  0.06652517, ..., -0.91966133,
         -0.92811279, -0.96270597],
        [-0.01609887,  0.        ,  0.05045334, ..., -0.92586438,
         -0.93398611, -0.96693675],
        [-0.06652517, -0.05045334,  0.        , ..., -0.94374931,
         -0.95082405, -0.9785717 ],
        ...,
        [ 0.91966133,  0.92586438,  0.94374931, ...,  0.        ,
         -0.02209228, -0.12925233],
        [ 0.92811279,  0.93398611,  0.95082405, ...,  0.02209228,
          0.        , -0.10731382],
        [ 0.96270597,  0.96693675,  0.9785717 , ...,  0.12925233,
          0.10731382,  0.        ]]]), 'num': array([ 9.90086407e-01,  1.40452995e-01,  1.99444474e-04,  5.16651542e-05,
        5.25747520e-05,  5.11800354e-05,  1.34166886e-03, -5.45758671e-07,
        5.28294394e-05,  5.41271322e-05,  5.51155618e-05,  4.80393635e-07,
        5.61639092e-05,  5.20903552e-05])}
{'img': array([[[ 0.        ,  0.37743684,  0.35590776, ..., -0.78273037,
         -0.9488771 , -0.99257354],
        [-0.37743684,  0.        , -0.02313953, ..., -0.95973793,
         -0.99783006, -0.96507187],
        [-0.35590776,  0.02313953,  0.        , ..., -0.95298113,
         -0.99908644, -0.97087568],
        ...,
        [ 0.78273037,  0.95973793,  0.95298113, ...,  0.        ,
         -0.34347855, -0.52252297],
        [ 0.9488771 ,  0.99783006,  0.99908644, ...,  0.34347855,
          0.        , -0.19787448],
        [ 0.99257354,  0.96507187,  0.97087568, ...,  0.52252297,
          0.19787448,  0.        ]],

       [[ 0.        ,  0.07135011,  0.07811851, ..., -0.19822803,
         -0.0564275 , -0.08433721],
        [-0.07135011,  0.        ,  0.00678734, ..., -0.26765705,
         -0.12752011, -0.15521817],
        [-0.07811851, -0.00678734,  0.        , ..., -0.27419058,
         -0.1342491 , -0.16191967],
        ...,
        [ 0.19822803,  0.26765705,  0.27419058, ...,  0.        ,
          0.14260445,  0.11485818],
        [ 0.0564275 ,  0.12752011,  0.1342491 , ..., -0.14260445,
          0.        , -0.02797637],
        [ 0.08433721,  0.15521817,  0.16191967, ..., -0.11485818,
          0.02797637,  0.        ]],

       [[ 0.        ,  0.0862061 ,  0.13452277, ..., -0.92555607,
         -0.9746967 , -0.99984019],
        [-0.0862061 ,  0.        ,  0.04859945, ..., -0.95474907,
         -0.990338  , -0.99457696],
        [-0.13452277, -0.04859945,  0.        , ..., -0.96807497,
         -0.99590728, -0.98834721],
        ...,
        [ 0.92555607,  0.95474907,  0.96807497, ...,  0.        ,
         -0.16213951, -0.39509666],
        [ 0.9746967 ,  0.990338  ,  0.99590728, ...,  0.16213951,
          0.        , -0.24092091],
        [ 0.99984019,  0.99457696,  0.98834721, ...,  0.39509666,
          0.24092091,  0.        ]],

       ...,

       [[ 0.        ,  0.17511816,  0.06616967, ..., -0.36184336,
         -0.62002576, -0.53842374],
        [-0.17511816,  0.        , -0.10958718, ..., -0.51950391,
         -0.74783923, -0.67767127],
        [-0.06616967,  0.10958718,  0.        , ..., -0.42273628,
         -0.67058241, -0.5930032 ],
