state_0,state_1,state_2,state_3,state_4,state_5,state_6,state_7,state_8,state_9,state_10,state_11,state_12,state_13,state_14,state_15,state_16,state_17,state_18,state_19,state_20,state_21,state_22,state_23,state_24,state_25,state_26,state_27,state_28,state_29,state_30,state_31,state_32,state_33,state_34,state_35,state_36,state_37,state_38,state_39,state_40,state_41,state_42,state_43,state_44,state_45,state_46,state_47,state_48,state_49,state_50,state_51,state_52,state_53,state_54,state_55,state_56,state_57,state_58,state_59,state_60,state_61,state_62,state_63,state_64,state_65,state_66,state_67,state_68,state_69,state_70,state_71,state_72,state_73,state_74,state_75,state_76,state_77,state_78,state_79,state_80,state_81,state_82,state_83,state_84,state_85,state_86,state_87,state_88,state_89,state_90,state_91,state_92,state_93,state_94,state_95,state_96,state_97,state_98,state_99,state_100,state_101,state_102,state_103,state_104,state_105,state_106,state_107,state_108,state_109,state_110,state_111,state_112,state_113,state_114,state_115,state_116,state_117,state_118,state_119,state_120,state_121,state_122,state_123,state_124,state_125,state_126,state_127,state_128,state_129,state_130,state_131,state_132,state_133,state_134,state_135,state_136,state_137,state_138,state_139,state_140,state_141,state_142,state_143,state_144,state_145,state_146,state_147,state_148,state_149,state_150,state_151,state_152,state_153,state_154,state_155,state_156,state_157,state_158,state_159,state_160,state_161,state_162,state_163,state_164,state_165,state_166,state_167,state_168,state_169,state_170,state_171,state_172,state_173,state_174,state_175,state_176,state_177,state_178,state_179,state_180,state_181,state_182,state_183,state_184,state_185,state_186,state_187,state_188,state_189,state_190,state_191,state_192,state_193,state_194,state_195,state_196,state_197,state_198,state_199,state_200,state_201,state_202,state_203,state_204,state_205,state_206,state_207,state_208,state_209,state_210,state_211,state_212,state_213,state_214,state_215,state_216,state_217,state_218,state_219,state_220,state_221,state_222,state_223,state_224,state_225,state_226,state_227,state_228,state_229,state_230,state_231,state_232,state_233,state_234,state_235,state_236,state_237,state_238,state_239,state_240,state_241,state_242,state_243,state_244,state_245,state_246,state_247,state_248,state_249,state_250,state_251,state_252,state_253,state_254,state_255,state_256,state_257,state_258,state_259,state_260,state_261,state_262,state_263,state_264,state_265,state_266,state_267,state_268,state_269,state_270,state_271,state_272,state_273,state_274,state_275,state_276,state_277,state_278,state_279,state_280,state_281,state_282,state_283,state_284,state_285,state_286,state_287
{'img': array([[[ 0.        ,  0.08243472,  0.21879831, ...,  0.8591854 ,
          0.99005009,  0.96859116],
        [-0.08243472,  0.        ,  0.13761629, ...,  0.89844004,
          0.99828025,  0.98579264],
        [-0.21879831, -0.13761629,  0.        , ...,  0.95031873,
          0.99684957,  0.99952841],
        ...,
        [-0.8591854 , -0.89844004, -0.95031873, ...,  0.        ,
         -0.38567275, -0.28194965],
        [-0.99005009, -0.99828025, -0.99684957, ...,  0.38567275,
          0.        ,  0.1098889 ],
        [-0.96859116, -0.98579264, -0.99952841, ...,  0.28194965,
         -0.1098889 ,  0.        ]],

       [[ 0.        ,  0.0557346 ,  0.09308806, ...,  0.70697902,
          0.37440506,  0.36147822],
        [-0.0557346 ,  0.        ,  0.03745077, ...,  0.66646267,
          0.32214233,  0.30895049],
        [-0.09308806, -0.03745077,  0.        , ...,  0.63807414,
          0.28646203,  0.27311514],
        ...,
        [-0.70697902, -0.66646267, -0.63807414, ...,  0.        ,
         -0.3907649 , -0.40352362],
        [-0.37440506, -0.32214233, -0.28646203, ...,  0.3907649 ,
          0.        , -0.01390181],
        [-0.36147822, -0.30895049, -0.27311514, ...,  0.40352362,
          0.01390181,  0.        ]],

       [[ 0.        , -0.05116749, -0.06670354, ...,  0.67135861,
          0.78221787,  0.83037764],
        [ 0.05116749,  0.        , -0.01556264, ...,  0.6325573 ,
          0.74931563,  0.80077934],
        [ 0.06670354,  0.01556264,  0.        , ...,  0.62042722,
          0.7389191 ,  0.79136098],
        ...,
        [-0.67135861, -0.6325573 , -0.62042722, ...,  0.        ,
         -0.16146745, -0.24133829],
        [-0.78221787, -0.74931563, -0.7389191 , ...,  0.16146745,
          0.        , -0.08147682],
        [-0.83037764, -0.80077934, -0.79136098, ...,  0.24133829,
          0.08147682,  0.        ]],

       ...,

       [[ 0.        ,  0.2243318 ,  0.48539515, ...,  0.61896783,
          0.45640926,  0.75900742],
        [-0.2243318 ,  0.        ,  0.27689166, ...,  0.42699823,
          0.24517299,  0.59360408],
        [-0.48539515, -0.27689166,  0.        , ...,  0.15992312,
         -0.03285374,  0.34756427],
        ...,
        [-0.61896783, -0.42699823, -0.15992312, ...,  0.        ,
         -0.19226769,  0.19313803],
        [-0.45640926, -0.24517299,  0.03285374, ...,  0.19226769,
          0.        ,  0.37818216],
        [-0.75900742, -0.59360408, -0.34756427, ..., -0.19313803,
         -0.37818216,  0.        ]],

       [[ 0.        , -0.0837024 , -0.16474752, ...,  0.49427279,
          0.47066598,  0.61041326],
        [ 0.0837024 ,  0.        , -0.08161072, ...,  0.41977522,
          0.39516273,  0.54197195],
        [ 0.16474752,  0.08161072,  0.        , ...,  0.34430279,
          0.31887607,  0.47157871],
        ...,
        [-0.49427279, -0.41977522, -0.34430279, ...,  0.        ,
          0.02694939, -0.13913131],
        [-0.47066598, -0.39516273, -0.31887607, ..., -0.02694939,
          0.        , -0.16576805],
        [-0.61041326, -0.54197195, -0.47157871, ...,  0.13913131,
          0.16576805,  0.        ]],

       [[ 0.        ,  0.00821076,  0.02606475, ...,  0.99298216,
          0.95240635,  0.64490732],
        [-0.00821076,  0.        ,  0.0178559 , ...,  0.99391973,
          0.95487714,  0.65116075],
        [-0.02606475, -0.0178559 ,  0.        , ...,  0.99572733,
          0.96002813,  0.66460849],
        ...,
        [-0.99298216, -0.99391973, -0.99572733, ...,  0.        ,
          0.1900565 ,  0.68262786],
        [-0.95240635, -0.95487714, -0.96002813, ..., -0.1900565 ,
          0.        ,  0.53129885],
        [-0.64490732, -0.65116075, -0.66460849, ..., -0.68262786,
         -0.53129885,  0.        ]]]), 'num': array([7.11448057e-01, 7.02686351e-01, 9.91143119e-07, 7.30142098e-05,
       7.35097813e-05, 6.77281131e-05, 8.57424697e-03, 4.04716774e-06,
       6.98590709e-05, 6.57912543e-05, 5.72860074e-05, 5.87344071e-07,
       7.49457718e-05, 5.66367368e-05])}
{'img': array([[[ 0.        ,  0.13721661,  0.27457922, ...,  0.99880498,
          0.98769758,  0.64209528],
        [-0.13721661,  0.        ,  0.14003937, ...,  0.99606359,
          0.99981241,  0.7412154 ],
        [-0.27457922, -0.14003937,  0.        , ...,  0.973835  ,
          0.99267255,  0.82791527],
        ...,
        [-0.99880498, -0.99606359, -0.973835  , ...,  0.        ,
          0.1079172 ,  0.73432737],
        [-0.98769758, -0.99981241, -0.99267255, ..., -0.1079172 ,
          0.        ,  0.65678511],
        [-0.64209528, -0.7412154 , -0.82791527, ..., -0.73432737,
         -0.65678511,  0.        ]],

       [[ 0.        ,  0.03745077,  0.36083329, ...,  0.32214233,
          0.30895049,  0.3449856 ],
        [-0.03745077,  0.        ,  0.32565243, ...,  0.28646203,
          0.27311514,  0.30959199],
        [-0.36083329, -0.32565243,  0.        , ..., -0.04115801,
         -0.05504406, -0.01693697],
        ...,
        [-0.32214233, -0.28646203,  0.04115801, ...,  0.        ,
         -0.01390181,  0.02422948],
        [-0.30895049, -0.27311514,  0.05504406, ...,  0.01390181,
          0.        ,  0.03812487],
        [-0.3449856 , -0.30959199,  0.01693697, ..., -0.02422948,
         -0.03812487,  0.        ]],

       [[ 0.        , -0.01556264,  0.09164417, ...,  0.74931563,
          0.80077934,  0.60724574],
        [ 0.01556264,  0.        ,  0.10713022, ...,  0.7389191 ,
          0.79136098,  0.59480746],
        [-0.09164417, -0.10713022,  0.        , ...,  0.80685034,
          0.85230066,  0.67750292],
        ...,
        [-0.74931563, -0.7389191 , -0.80685034, ...,  0.        ,
         -0.08147682,  0.19321578],
        [-0.80077934, -0.79136098, -0.85230066, ...,  0.08147682,
          0.        ,  0.27251487],
        [-0.60724574, -0.59480746, -0.67750292, ..., -0.19321578,
         -0.27251487,  0.        ]],

       ...,

       [[ 0.        ,  0.27689166,  0.58024381, ...,  0.24517299,
          0.59360408,  0.7574759 ],
        [-0.27689166,  0.        ,  0.33204451, ..., -0.03285374,
          0.34756427,  0.54708711],
        [-0.58024381, -0.33204451,  0.        , ..., -0.36285501,
          0.01650118,  0.23810103],
        ...,
        [-0.24517299,  0.03285374,  0.36285501, ...,  0.        ,
          0.37818216,  0.57429284],
        [-0.59360408, -0.34756427, -0.01650118, ..., -0.37818216,
          0.        ,  0.222042  ],
        [-0.7574759 , -0.54708711, -0.23810103, ..., -0.57429284,
         -0.222042  ,  0.        ]],

       [[ 0.        , -0.08032905, -0.11187693, ...,  0.68124481,
          0.70805973,  0.38939424],
        [ 0.08032905,  0.        , -0.03169064, ...,  0.62023797,
          0.649047  ,  0.3141471 ],
        [ 0.11187693,  0.03169064,  0.        , ...,  0.59506786,
          0.6246124 ,  0.28390303],
        ...,
        [-0.68124481, -0.62023797, -0.59506786, ...,  0.        ,
         -0.03727638,  0.34241671],
        [-0.70805973, -0.649047  , -0.6246124 , ...,  0.03727638,
          0.        ,  0.37720168],
        [-0.38939424, -0.3141471 , -0.28390303, ..., -0.34241671,
         -0.37720168,  0.        ]],

       [[ 0.        ,  0.01770351,  0.02595953, ...,  0.96711829,
          0.81258071,  0.64694206],
        [-0.01770351,  0.        ,  0.00825792, ...,  0.9714692 ,
          0.82277183,  0.66034029],
        [-0.02595953, -0.00825792,  0.        , ...,  0.97339457,
          0.82743734,  0.66651919],
        ...,
        [-0.96711829, -0.9714692 , -0.97339457, ...,  0.        ,
          0.35702243,  0.57293075],
        [-0.81258071, -0.82277183, -0.82743734, ..., -0.35702243,
          0.        ,  0.24255528],
        [-0.64694206, -0.66034029, -0.66651919, ..., -0.57293075,
         -0.24255528,  0.        ]]]), 'num': array([9.66433130e-01, 2.46272750e-01, 7.53305836e-05, 1.70009532e-04,
       1.76055897e-04, 1.57205467e-04, 7.31884280e-02, 1.28040652e-05,
       1.55071456e-04, 1.43476664e-04, 1.24598078e-04, 1.33938446e-06,
       1.66343575e-04, 1.20609753e-04])}
{'img': array([[[ 0.        ,  0.12667851,  0.17436669, ...,  0.96700054,
          0.99999752,  0.69233857],
        [-0.12667851,  0.        ,  0.04822406, ...,  0.92693579,
          0.99222327,  0.77816874],
        [-0.17436669, -0.04822406,  0.        , ...,  0.9077627 ,
          0.98506638,  0.80755075],
        ...,
        [-0.96700054, -0.92693579, -0.9077627 , ...,  0.        ,
          0.2569256 ,  0.87415137],
        [-0.99999752, -0.99222327, -0.98506638, ..., -0.2569256 ,
          0.        ,  0.72003031],
        [-0.69233857, -0.77816874, -0.80755075, ..., -0.87415137,
         -0.72003031,  0.        ]],

       [[ 0.        ,  0.32565243,  0.05516964, ...,  0.27311514,
          0.30959199,  0.85866756],
        [-0.32565243,  0.        , -0.27299415, ..., -0.05504406,
         -0.01693697,  0.64495361],
        [-0.05516964,  0.27299415,  0.        , ...,  0.21962702,
          0.25666136,  0.82908355],
        ...,
        [-0.27311514,  0.05504406, -0.21962702, ...,  0.        ,
          0.03812487,  0.68604167],
        [-0.30959199,  0.01693697, -0.25666136, ..., -0.03812487,
          0.        ,  0.65780469],
        [-0.85866756, -0.64495361, -0.82908355, ..., -0.68604167,
         -0.65780469,  0.        ]],

       [[ 0.        ,  0.10330384,  0.22954174, ...,  0.90565766,
          0.84033856,  0.43674797],
        [-0.10330384,  0.        ,  0.12776816, ...,  0.94461408,
          0.89183969,  0.52734177],
        [-0.22954174, -0.12776816,  0.        , ...,  0.97880345,
          0.94232636,  0.63157834],
        ...,
        [-0.90565766, -0.94461408, -0.97880345, ...,  0.        ,
          0.13461084,  0.6295297 ],
        [-0.84033856, -0.89183969, -0.94232636, ..., -0.13461084,
          0.        ,  0.51921061],
        [-0.43674797, -0.52734177, -0.63157834, ..., -0.6295297 ,
         -0.51921061,  0.        ]],

       ...,

       [[ 0.        ,  0.33204451,  0.3348858 , ...,  0.34756427,
          0.54708711,  0.74701621],
        [-0.33204451,  0.        ,  0.00301379, ...,  0.01650118,
          0.23810103,  0.48388817],
        [-0.3348858 , -0.00301379,  0.        , ...,  0.01348773,
          0.23517284,  0.48124852],
        ...,
        [-0.34756427, -0.01650118, -0.01348773, ...,  0.        ,
          0.222042  ,  0.46938161],
        [-0.54708711, -0.23810103, -0.23517284, ..., -0.222042  ,
          0.        ,  0.26160241],
        [-0.74701621, -0.48388817, -0.48124852, ..., -0.46938161,
         -0.26160241,  0.        ]],

       [[ 0.        , -0.0303467 , -0.24982759, ...,  0.84085205,
          0.77357242,  0.30142469],
        [ 0.0303467 ,  0.        , -0.22032811, ...,  0.82403918,
          0.7539852 ,  0.27235059],
        [ 0.24982759,  0.22032811,  0.        , ...,  0.67896598,
          0.59072499,  0.05365852],
        ...,
        [-0.84085205, -0.82403918, -0.67896598, ...,  0.        ,
          0.11414689,  0.63859337],
        [-0.77357242, -0.7539852 , -0.59072499, ..., -0.11414689,
          0.        ,  0.54657835],
        [-0.30142469, -0.27235059, -0.05365852, ..., -0.63859337,
         -0.54657835,  0.        ]],

       [[ 0.        ,  0.00825792,  0.05140367, ...,  0.82277183,
          0.66034029,  0.87512634],
        [-0.00825792,  0.        ,  0.04315492, ...,  0.82743734,
          0.66651919,  0.87909246],
        [-0.05140367, -0.04315492,  0.        , ...,  0.85090049,
          0.69806973,  0.89884334],
        ...,
        [-0.82277183, -0.82743734, -0.85090049, ...,  0.        ,
          0.24255528, -0.09926238],
        [-0.66034029, -0.66651919, -0.69806973, ..., -0.24255528,
          0.        , -0.33765553],
        [-0.87512634, -0.87909246, -0.89884334, ...,  0.09926238,
          0.33765553,  0.        ]]]), 'num': array([8.67474027e-01, 4.94781272e-01, 3.89845978e-05, 1.52680358e-04,
       1.63700175e-04, 1.45174107e-04, 5.17701405e-02, 0.00000000e+00,
       1.42171606e-04, 1.30313325e-04, 1.12975746e-04, 1.17904857e-06,
       1.53136967e-04, 1.07489683e-04])}
{'img': array([[[ 0.        ,  0.04822406,  0.08961616, ...,  0.99222327,
          0.77816874,  0.77816874],
        [-0.04822406,  0.        ,  0.04148187, ...,  0.98506638,
          0.80755075,  0.80755075],
        [-0.08961616, -0.04148187,  0.        , ...,  0.97707635,
          0.83132158,  0.83132158],
        ...,
        [-0.99222327, -0.98506638, -0.97707635, ...,  0.        ,
          0.72003031,  0.72003031],
        [-0.77816874, -0.80755075, -0.83132158, ..., -0.72003031,
          0.        ,  0.        ],
        [-0.77816874, -0.80755075, -0.83132158, ..., -0.72003031,
          0.        ,  0.        ]],

       [[ 0.        , -0.27299415, -0.2277561 , ..., -0.01693697,
          0.64495361,  0.50631919],
        [ 0.27299415,  0.        ,  0.04671443, ...,  0.25666136,
          0.82908355,  0.72250246],
        [ 0.2277561 , -0.04671443,  0.        , ...,  0.21123159,
          0.80205923,  0.68941681],
        ...,
        [ 0.01693697, -0.25666136, -0.21123159, ...,  0.        ,
          0.65780469,  0.5208521 ],
        [-0.64495361, -0.82908355, -0.80205923, ..., -0.65780469,
          0.        , -0.16923313],
        [-0.50631919, -0.72250246, -0.68941681, ..., -0.5208521 ,
          0.16923313,  0.        ]],

       [[ 0.        ,  0.12437092,  0.23146315, ...,  0.94596869,
          0.83252497,  0.51551792],
        [-0.12437092,  0.        ,  0.10867256, ...,  0.97895226,
          0.89496102,  0.61808614],
        [-0.23146315, -0.10867256,  0.        , ...,  0.99533343,
          0.93814435,  0.69985421],
        ...,
        [-0.94596869, -0.97895226, -0.99533343, ...,  0.        ,
          0.25410198,  0.64341971],
        [-0.83252497, -0.89496102, -0.93814435, ..., -0.25410198,
          0.        ,  0.4277825 ],
        [-0.51551792, -0.61808614, -0.69985421, ..., -0.64341971,
         -0.4277825 ,  0.        ]],

       ...,

       [[ 0.        ,  0.00301379, -0.05865325, ...,  0.23810103,
          0.48388817,  0.39172127],
        [-0.00301379,  0.        , -0.06166158, ...,  0.23517284,
          0.48124852,  0.38894656],
        [ 0.05865325,  0.06166158,  0.        , ...,  0.29465753,
          0.53438432,  0.4450128 ],
        ...,
        [-0.23810103, -0.23517284, -0.29465753, ...,  0.        ,
          0.26160241,  0.16138259],
        [-0.48388817, -0.48124852, -0.53438432, ..., -0.26160241,
          0.        , -0.10241075],
        [-0.39172127, -0.38894656, -0.4450128 , ..., -0.16138259,
          0.10241075,  0.        ]],

       [[ 0.        , -0.21324269, -0.26368053, ...,  0.85913847,
          0.70154606,  0.26368053],
        [ 0.21324269,  0.        , -0.05191963, ...,  0.73025216,
          0.53344809,  0.05191963],
        [ 0.26368053,  0.05191963,  0.        , ...,  0.69379691,
          0.48881328,  0.        ],
        ...,
        [-0.85913847, -0.73025216, -0.69379691, ...,  0.        ,
          0.25323138,  0.69379691],
        [-0.70154606, -0.53344809, -0.48881328, ..., -0.25323138,
          0.        ,  0.48881328],
        [-0.26368053, -0.05191963, -0.        , ..., -0.69379691,
         -0.48881328,  0.        ]],

       [[ 0.        ,  0.04315492,  0.04481323, ...,  0.66651919,
          0.87909246,  0.92415564],
        [-0.04315492,  0.        ,  0.00165991, ...,  0.69806973,
          0.89884334,  0.93978057],
        [-0.04481323, -0.00165991,  0.        , ...,  0.69925731,
          0.89956959,  0.9403466 ],
        ...,
        [-0.66651919, -0.69806973, -0.69925731, ...,  0.        ,
         -0.33765553, -0.43432572],
        [-0.87909246, -0.89884334, -0.89956959, ...,  0.33765553,
          0.        , -0.10467245],
        [-0.92415564, -0.93978057, -0.9403466 , ...,  0.43432572,
          0.10467245,  0.        ]]]), 'num': array([ 7.71647580e-01,  6.35585912e-01,  1.42771950e-05,  1.35519590e-04,
        1.41349919e-04,  1.30115871e-04,  2.42988901e-02, -4.26609413e-07,
        1.30371837e-04,  1.17296258e-04,  1.01493935e-04,  1.03064659e-06,
        1.39108250e-04,  9.54842668e-05])}
{'img': array([[[ 0.        ,  0.04148187,  0.04658152, ...,  0.80755075,
          0.80755075,  0.89114381],
        [-0.04148187,  0.        ,  0.00510459, ...,  0.83132158,
          0.83132158,  0.90919795],
        [-0.04658152, -0.00510459,  0.        , ...,  0.83414784,
          0.83414784,  0.91131148],
        ...,
        [-0.80755075, -0.83132158, -0.83414784, ...,  0.        ,
          0.        , -0.15919221],
        [-0.80755075, -0.83132158, -0.83414784, ...,  0.        ,
          0.        , -0.15919221],
        [-0.89114381, -0.90919795, -0.91131148, ...,  0.15919221,
          0.15919221,  0.        ]],

       [[ 0.        ,  0.04671443,  0.34626643, ...,  0.82908355,
          0.72250246,  0.44374397],
        [-0.04671443,  0.        ,  0.3020639 , ...,  0.80205923,
          0.68941681,  0.40139622],
        [-0.34626643, -0.3020639 ,  0.        , ...,  0.58418718,
          0.43840808,  0.10598438],
        ...,
        [-0.82908355, -0.80205923, -0.58418718, ...,  0.        ,
         -0.16923313, -0.49487798],
        [-0.72250246, -0.68941681, -0.43840808, ...,  0.16923313,
          0.        , -0.34068265],
        [-0.44374397, -0.40139622, -0.10598438, ...,  0.49487798,
          0.34068265,  0.        ]],

       [[ 0.        ,  0.10457386,  0.18575131, ...,  0.96898607,
          0.91736118,  0.59980256],
        [-0.10457386,  0.        ,  0.08197892, ...,  0.98951505,
          0.95395764,  0.68018849],
        [-0.18575131, -0.08197892,  0.        , ...,  0.9980246 ,
          0.97533554,  0.73799262],
        ...,
        [-0.96898607, -0.98951505, -0.9980246 , ...,  0.        ,
          0.15901657,  0.62711189],
        [-0.91736118, -0.95395764, -0.97533554, ..., -0.15901657,
          0.        ,  0.49526982],
        [-0.59980256, -0.68018849, -0.73799262, ..., -0.62711189,
         -0.49526982,  0.        ]],

       ...,

       [[ 0.        , -0.06166158, -0.12642367, ...,  0.48124852,
          0.38894656,  0.31065646],
        [ 0.06166158,  0.        , -0.06501628, ...,  0.53438432,
          0.4450128 ,  0.36867602],
        [ 0.12642367,  0.06501628,  0.        , ...,  0.58820813,
          0.5022949 ,  0.42833237],
        ...,
        [-0.48124852, -0.53438432, -0.58820813, ...,  0.        ,
         -0.10241075, -0.18512088],
        [-0.38894656, -0.4450128 , -0.5022949 , ...,  0.10241075,
          0.        , -0.08350689],
        [-0.31065646, -0.36867602, -0.42833237, ...,  0.18512088,
          0.08350689,  0.        ]],

       [[ 0.        , -0.05060491,  0.24338303, ...,  0.6659958 ,
          0.48101893,  0.05060491],
        [ 0.05060491,  0.        ,  0.29215443, ...,  0.62739348,
          0.43603678,  0.        ],
        [-0.24338303, -0.29215443,  0.        , ...,  0.82752239,
          0.6799312 ,  0.29215443],
        ...,
        [-0.6659958 , -0.62739348, -0.82752239, ...,  0.        ,
          0.2250666 ,  0.62739348],
        [-0.48101893, -0.43603678, -0.6799312 , ..., -0.2250666 ,
          0.        ,  0.43603678],
        [-0.05060491, -0.        , -0.29215443, ..., -0.62739348,
         -0.43603678,  0.        ]],

       [[ 0.        ,  0.00165991, -0.03077379, ...,  0.89884334,
          0.93978057,  0.94886937],
        [-0.00165991,  0.        , -0.03243287, ...,  0.89956959,
          0.9403466 ,  0.94939205],
        [ 0.03077379,  0.03243287,  0.        , ...,  0.88493039,
          0.92881765,  0.93870563],
        ...,
        [-0.89884334, -0.89956959, -0.88493039, ...,  0.        ,
         -0.10467245, -0.13212408],
        [-0.93978057, -0.9403466 , -0.92881765, ...,  0.10467245,
          0.        , -0.02764348],
        [-0.94886937, -0.94939205, -0.93870563, ...,  0.13212408,
          0.02764348,  0.        ]]]), 'num': array([8.63330913e-01, 5.04328869e-01, 3.68964074e-05, 1.53485269e-04,
       1.55378201e-04, 1.46071284e-04, 1.76626210e-02, 3.15488734e-06,
       1.48973780e-04, 1.31819080e-04, 1.13614066e-04, 1.15301936e-06,
       1.57512393e-04, 1.06125767e-04])}
{'img': array([[[ 0.00000000e+00,  4.98986650e-03, -4.05610577e-02, ...,
          9.73120640e-01,  9.80036966e-01,  8.20753811e-01],
        [-4.98986650e-03,  0.00000000e+00, -4.55463129e-02, ...,
          9.74257671e-01,  9.81016827e-01,  8.23594214e-01],
        [ 4.05610577e-02,  4.55463129e-02,  0.00000000e+00, ...,
          9.62978775e-01,  9.71166295e-01,  7.96906577e-01],
        ...,
        [-9.73120640e-01, -9.74257671e-01, -9.62978775e-01, ...,
          0.00000000e+00, -3.22272087e-02,  3.66910086e-01],
        [-9.80036966e-01, -9.81016827e-01, -9.71166295e-01, ...,
          3.22272087e-02,  0.00000000e+00,  3.96699069e-01],
        [-8.20753811e-01, -8.23594214e-01, -7.96906577e-01, ...,
         -3.66910086e-01, -3.96699069e-01,  0.00000000e+00]],

       [[ 0.00000000e+00,  3.02063901e-01, -1.75160958e-01, ...,
          6.89416813e-01,  4.01396222e-01,  2.38092279e-01],
        [-3.02063901e-01,  0.00000000e+00, -4.64372719e-01, ...,
          4.38408076e-01,  1.05984384e-01, -6.64068740e-02],
        [ 1.75160958e-01,  4.64372719e-01,  0.00000000e+00, ...,
          8.05638742e-01,  5.55621272e-01,  4.04535101e-01],
        ...,
        [-6.89416813e-01, -4.38408076e-01, -8.05638742e-01, ...,
          0.00000000e+00, -3.40682648e-01, -4.97125253e-01],
        [-4.01396222e-01, -1.05984384e-01, -5.55621272e-01, ...,
          3.40682648e-01,  0.00000000e+00, -1.71783293e-01],
        [-2.38092279e-01,  6.64068740e-02, -4.04535101e-01, ...,
          4.97125253e-01,  1.71783293e-01,  0.00000000e+00]],

       [[ 0.00000000e+00,  7.88937545e-02,  1.17837349e-01, ...,
          9.92222061e-01,  9.43544389e-01,  6.61372340e-01],
        [-7.88937545e-02,  0.00000000e+00,  3.91259585e-02, ...,
          9.98950064e-01,  9.66736639e-01,  7.18485734e-01],
        [-1.17837349e-01, -3.91259585e-02,  0.00000000e+00, ...,
          9.99977606e-01,  9.76003793e-01,  7.45149315e-01],
        ...,
        [-9.92222061e-01, -9.98950064e-01, -9.99977606e-01, ...,
          0.00000000e+00,  2.11216871e-01,  6.61895922e-01],
        [-9.43544389e-01, -9.66736639e-01, -9.76003793e-01, ...,
         -2.11216871e-01,  0.00000000e+00,  4.88635767e-01],
        [-6.61372340e-01, -7.18485734e-01, -7.45149315e-01, ...,
         -6.61895922e-01, -4.88635767e-01,  0.00000000e+00]],

       ...,

       [[ 0.00000000e+00, -6.50162752e-02,  2.85901082e-01, ...,
          4.45012805e-01,  3.68676020e-01,  4.03161083e-01],
        [ 6.50162752e-02,  0.00000000e+00,  3.47598613e-01, ...,
          5.02294896e-01,  4.28332373e-01,  4.61806357e-01],
        [-2.85901082e-01, -3.47598613e-01,  0.00000000e+00, ...,
          1.70406246e-01,  8.75255393e-02,  1.24696411e-01],
        ...,
        [-4.45012805e-01, -5.02294896e-01, -1.70406246e-01, ...,
          0.00000000e+00, -8.35068922e-02, -4.62036276e-02],
        [-3.68676020e-01, -4.28332373e-01, -8.75255393e-02, ...,
          8.35068922e-02,  0.00000000e+00,  3.73754629e-02],
        [-4.03161083e-01, -4.61806357e-01, -1.24696411e-01, ...,
          4.62036276e-02, -3.73754629e-02,  0.00000000e+00]],

       [[ 0.00000000e+00,  2.84946138e-01,  3.73374582e-01, ...,
          5.92830402e-01,  4.35030464e-01,  0.00000000e+00],
        [-2.84946138e-01,  0.00000000e+00,  9.35567659e-02, ...,
          7.97728659e-01,  6.73565623e-01,  2.84946138e-01],
        [-3.73374582e-01, -9.35567659e-02,  0.00000000e+00, ...,
          8.50646060e-01,  7.39761700e-01,  3.73374582e-01],
        ...,
        [-5.92830402e-01, -7.97728659e-01, -8.50646060e-01, ...,
          0.00000000e+00,  1.83451898e-01,  5.92830402e-01],
        [-4.35030464e-01, -6.73565623e-01, -7.39761700e-01, ...,
         -1.83451898e-01,  0.00000000e+00,  4.35030464e-01],
        [-0.00000000e+00, -2.84946138e-01, -3.73374582e-01, ...,
         -5.92830402e-01, -4.35030464e-01,  0.00000000e+00]],

       [[ 0.00000000e+00, -3.24328718e-02, -3.23081934e-02, ...,
          9.40346597e-01,  9.49392048e-01,  9.41985974e-01],
        [ 3.24328718e-02,  0.00000000e+00,  1.24743730e-04, ...,
          9.28817649e-01,  9.38705634e-01,  9.30604244e-01],
        [ 3.23081934e-02, -1.24743730e-04,  0.00000000e+00, ...,
          9.28863864e-01,  9.38748628e-01,  9.30649897e-01],
        ...,
        [-9.40346597e-01, -9.28817649e-01, -9.28863864e-01, ...,
          0.00000000e+00, -2.76434785e-02, -4.85113069e-03],
        [-9.49392048e-01, -9.38705634e-01, -9.38748628e-01, ...,
          2.76434785e-02,  0.00000000e+00,  2.27938764e-02],
        [-9.41985974e-01, -9.30604244e-01, -9.30649897e-01, ...,
          4.85113069e-03, -2.27938764e-02,  0.00000000e+00]]]), 'num': array([7.45730288e-01, 6.62020582e-01, 7.40793864e-06, 1.51648019e-04,
       1.57687100e-04, 1.27491698e-04, 7.49329902e-02, 2.10696805e-05,
       1.33342895e-04, 1.14930410e-04, 9.78655347e-05, 1.04974537e-06,
       1.41509331e-04, 8.83514898e-05])}
{'img': array([[[ 0.00000000e+00, -3.84125729e-02, -1.88171915e-01, ...,
          9.33956127e-01,  9.56913623e-01,  7.39993128e-01],
        [ 3.84125729e-02,  0.00000000e+00, -1.50306663e-01, ...,
          9.46995015e-01,  9.67361350e-01,  7.13610136e-01],
        [ 1.88171915e-01,  1.50306663e-01,  0.00000000e+00, ...,
          9.84522357e-01,  9.94459411e-01,  6.00206823e-01],
        ...,
        [-9.33956127e-01, -9.46995015e-01, -9.84522357e-01, ...,
          0.00000000e+00,  7.07937544e-02,  8.92656794e-01],
        [-9.56913623e-01, -9.67361350e-01, -9.94459411e-01, ...,
         -7.07937544e-02,  0.00000000e+00,  8.58507731e-01],
        [-7.39993128e-01, -7.13610136e-01, -6.00206823e-01, ...,
         -8.92656794e-01, -8.58507731e-01,  0.00000000e+00]],

       [[ 0.00000000e+00, -4.64372719e-01, -3.90013343e-01, ...,
          1.05984384e-01, -6.64068740e-02,  7.78575530e-01],
        [ 4.64372719e-01,  0.00000000e+00,  8.21873086e-02, ...,
          5.55621272e-01,  4.04535101e-01,  9.80955053e-01],
        [ 3.90013343e-01, -8.21873086e-02,  0.00000000e+00, ...,
          4.85408104e-01,  3.28004377e-01,  9.61672743e-01],
        ...,
        [-1.05984384e-01, -5.55621272e-01, -4.85408104e-01, ...,
          0.00000000e+00, -1.71783293e-01,  7.07679836e-01],
        [ 6.64068740e-02, -4.04535101e-01, -3.28004377e-01, ...,
          1.71783293e-01,  0.00000000e+00,  8.18530617e-01],
        [-7.78575530e-01, -9.80955053e-01, -9.61672743e-01, ...,
         -7.07679836e-01, -8.18530617e-01,  0.00000000e+00]],

       [[ 0.00000000e+00,  3.67233585e-02,  9.61223338e-03, ...,
          9.99969953e-01,  9.86734568e-01,  6.87047256e-01],
        [-3.67233585e-02,  0.00000000e+00, -2.71159123e-02, ...,
          9.99010763e-01,  9.92030726e-01,  7.13267482e-01],
        [-9.61223338e-03,  2.71159123e-02,  0.00000000e+00, ...,
          9.99849241e-01,  9.88249451e-01,  6.93999887e-01],
        ...,
        [-9.99969953e-01, -9.99010763e-01, -9.99849241e-01, ...,
          0.00000000e+00,  1.69986198e-01,  7.31916902e-01],
        [-9.86734568e-01, -9.92030726e-01, -9.88249451e-01, ...,
         -1.69986198e-01,  0.00000000e+00,  6.05437349e-01],
        [-6.87047256e-01, -7.13267482e-01, -6.93999887e-01, ...,
         -7.31916902e-01, -6.05437349e-01,  0.00000000e+00]],

       ...,

       [[ 0.00000000e+00,  3.47598613e-01,  7.96603423e-02, ...,
          4.28332373e-01,  4.61806357e-01,  7.78634788e-01],
        [-3.47598613e-01,  0.00000000e+00, -2.71800971e-01, ...,
          8.75255393e-02,  1.24696411e-01,  5.11971525e-01],
        [-7.96603423e-02,  2.71800971e-01,  0.00000000e+00, ...,
          3.54988382e-01,  3.89681575e-01,  7.26175274e-01],
        ...,
        [-4.28332373e-01, -8.75255393e-02, -3.54988382e-01, ...,
          0.00000000e+00,  3.73754629e-02,  4.34822070e-01],
        [-4.61806357e-01, -1.24696411e-01, -3.89681575e-01, ...,
         -3.73754629e-02,  0.00000000e+00,  4.00861040e-01],
        [-7.78634788e-01, -5.11971525e-01, -7.26175274e-01, ...,
         -4.34822070e-01, -4.00861040e-01,  0.00000000e+00]],

       [[ 0.00000000e+00,  2.33498720e-01,  2.53274421e-01, ...,
          7.46833463e-01,  6.56638350e-01,  0.00000000e+00],
        [-2.33498720e-01,  0.00000000e+00,  2.03878133e-02, ...,
          8.81468070e-01,  8.14593008e-01,  2.33498720e-01],
        [-2.53274421e-01, -2.03878133e-02,  0.00000000e+00, ...,
          8.90912869e-01,  8.26249296e-01,  2.53274421e-01],
        ...,
        [-7.46833463e-01, -8.81468070e-01, -8.90912869e-01, ...,
          0.00000000e+00,  1.26594176e-01,  7.46833463e-01],
        [-6.56638350e-01, -8.14593008e-01, -8.26249296e-01, ...,
         -1.26594176e-01,  0.00000000e+00,  6.56638350e-01],
        [-0.00000000e+00, -2.33498720e-01, -2.53274421e-01, ...,
         -7.46833463e-01, -6.56638350e-01,  0.00000000e+00]],

       [[ 0.00000000e+00,  1.24743730e-04,  3.94993910e-02, ...,
          9.38705634e-01,  9.30604244e-01,  9.86922859e-01],
        [-1.24743730e-04,  0.00000000e+00,  3.93747443e-02, ...,
          9.38748628e-01,  9.30649897e-01,  9.86942960e-01],
        [-3.94993910e-02, -3.93747443e-02,  0.00000000e+00, ...,
          9.51589284e-01,  9.44335838e-01,  9.92519695e-01],
        ...,
        [-9.38705634e-01, -9.38748628e-01, -9.51589284e-01, ...,
          0.00000000e+00,  2.27938764e-02, -1.88898812e-01],
        [-9.30604244e-01, -9.30649897e-01, -9.44335838e-01, ...,
         -2.27938764e-02,  0.00000000e+00, -2.11233241e-01],
        [-9.86922859e-01, -9.86942960e-01, -9.92519695e-01, ...,
          1.88898812e-01,  2.11233241e-01,  0.00000000e+00]]]), 'num': array([ 7.41322122e-01,  6.70703480e-01,  6.39082736e-06,  1.47737745e-04,
        1.55759704e-04,  1.45063759e-04,  2.44584316e-02, -3.34248293e-06,
        1.36827881e-04,  1.17120602e-04,  9.86444703e-05,  9.59090618e-07,
        1.45775831e-04,  8.84653726e-05])}
{'img': array([[[ 0.        , -0.15030666, -0.15030666, ...,  0.96736135,
          0.71361014,  0.92878928],
        [ 0.15030666,  0.        ,  0.        , ...,  0.99445941,
          0.60020682,  0.86253281],
        [ 0.15030666,  0.        ,  0.        , ...,  0.99445941,
          0.60020682,  0.86253281],
        ...,
        [-0.96736135, -0.99445941, -0.99445941, ...,  0.        ,
          0.85850773,  0.59386814],
        [-0.71361014, -0.60020682, -0.60020682, ..., -0.85850773,
          0.        , -0.38618707],
        [-0.92878928, -0.86253281, -0.86253281, ..., -0.59386814,
          0.38618707,  0.        ]],

       [[ 0.        ,  0.08218731,  0.15684203, ...,  0.4045351 ,
          0.98095505,  0.58142064],
        [-0.08218731,  0.        ,  0.07514128, ...,  0.32800438,
          0.96167274,  0.51258578],
        [-0.15684203, -0.07514128,  0.        , ...,  0.25609289,
          0.93835027,  0.44661764],
        ...,
        [-0.4045351 , -0.32800438, -0.25609289, ...,  0.        ,
          0.81853062,  0.20259121],
        [-0.98095505, -0.96167274, -0.93835027, ..., -0.81853062,
          0.        , -0.68517593],
        [-0.58142064, -0.51258578, -0.44661764, ..., -0.20259121,
          0.68517593,  0.        ]],

       [[ 0.        , -0.02618632, -0.06388161, ...,  0.99998149,
          0.9511059 ,  0.69572901],
        [ 0.02618632,  0.        , -0.03772688, ...,  0.9997979 ,
          0.94269171,  0.67668068],
        [ 0.06388161,  0.03772688,  0.        , ...,  0.99832767,
          0.92943246,  0.64842153],
        ...,
        [-0.99998149, -0.9997979 , -0.99832767, ...,  0.        ,
          0.31464577,  0.72252388],
        [-0.9511059 , -0.94269171, -0.92943246, ..., -0.31464577,
          0.        ,  0.4682972 ],
        [-0.69572901, -0.67668068, -0.64842153, ..., -0.72252388,
         -0.4682972 ,  0.        ]],

       ...,

       [[ 0.        , -0.27180097, -0.71796824, ...,  0.12469641,
          0.51197153,  0.04432117],
        [ 0.27180097,  0.        , -0.50174515, ...,  0.38968157,
          0.72617527,  0.31418652],
        [ 0.71796824,  0.50174515,  0.        , ...,  0.79916262,
          0.97310748,  0.74811362],
        ...,
        [-0.12469641, -0.38968157, -0.79916262, ...,  0.        ,
          0.40086104, -0.08059863],
        [-0.51197153, -0.72617527, -0.97310748, ..., -0.40086104,
          0.        , -0.47339643],
        [-0.04432117, -0.31418652, -0.74811362, ...,  0.08059863,
          0.47339643,  0.        ]],

       [[ 0.        ,  0.0964243 ,  0.05464829, ...,  0.7836834 ,
          0.52362354,  0.        ],
        [-0.0964243 ,  0.        , -0.04188657, ...,  0.83992665,
          0.60333229,  0.0964243 ],
        [-0.05464829,  0.04188657,  0.        , ...,  0.81645767,
          0.56939867,  0.05464829],
        ...,
        [-0.7836834 , -0.83992665, -0.81645767, ...,  0.        ,
          0.34240464,  0.7836834 ],
        [-0.52362354, -0.60333229, -0.56939867, ..., -0.34240464,
          0.        ,  0.52362354],
        [-0.        , -0.0964243 , -0.05464829, ..., -0.7836834 ,
         -0.52362354,  0.        ]],

       [[ 0.        ,  0.03937474,  0.11643207, ...,  0.9306499 ,
          0.98694296,  0.97904406],
        [-0.03937474,  0.        ,  0.07723483, ...,  0.94433584,
          0.9925197 ,  0.98630343],
        [-0.11643207, -0.07723483,  0.        , ...,  0.96692399,
          0.99898415,  0.99609647],
        ...,
        [-0.9306499 , -0.94433584, -0.96692399, ...,  0.        ,
         -0.21123324, -0.16871736],
        [-0.98694296, -0.9925197 , -0.99898415, ...,  0.21123324,
          0.        ,  0.04329473],
        [-0.97904406, -0.98630343, -0.99609647, ...,  0.16871736,
         -0.04329473,  0.        ]]]), 'num': array([ 9.58199749e-01,  2.85468933e-01,  6.31672160e-05,  1.88916274e-04,
        1.97785582e-04,  1.86255481e-04,  1.89864758e-02, -7.09544690e-06,
        1.85404028e-04,  1.58485676e-04,  1.32304955e-04,  1.23399077e-06,
        1.96836300e-04,  1.20135052e-04])}
{'img': array([[[ 0.        ,  0.        ,  0.27826094, ...,  0.60020682,
          0.86253281,  0.96086277],
        [ 0.        ,  0.        ,  0.27826094, ...,  0.60020682,
          0.86253281,  0.96086277],
        [-0.27826094, -0.27826094,  0.        , ...,  0.79906754,
          0.96926787,  0.99999917],
        ...,
        [-0.60020682, -0.60020682, -0.79906754, ...,  0.        ,
         -0.38618707, -0.60226895],
        [-0.86253281, -0.86253281, -0.96926787, ...,  0.38618707,
          0.        , -0.24725468],
        [-0.96086277, -0.96086277, -0.99999917, ...,  0.60226895,
          0.24725468,  0.        ]],

       [[ 0.        ,  0.07514128,  0.63875862, ...,  0.96167274,
          0.51258578,  0.31234675],
        [-0.07514128,  0.        ,  0.57913854, ...,  0.93835027,
          0.44661764,  0.24008189],
        [-0.63875862, -0.57913854,  0.        , ...,  0.56477043,
         -0.15407398, -0.36647852],
        ...,
        [-0.96167274, -0.93835027, -0.56477043, ...,  0.        ,
         -0.68517593, -0.82791307],
        [-0.51258578, -0.44661764,  0.15407398, ...,  0.68517593,
          0.        , -0.218748  ],
        [-0.31234675, -0.24008189,  0.36647852, ...,  0.82791307,
          0.218748  ,  0.        ]],

       [[ 0.        , -0.03684084, -0.00906567, ...,  0.97776992,
          0.90619649,  0.66476908],
        [ 0.03684084,  0.        ,  0.02777981, ...,  0.96938134,
          0.89000291,  0.6367959 ],
        [ 0.00906567, -0.02777981,  0.        , ...,  0.97582884,
          0.90232577,  0.65796927],
        ...,
        [-0.97776992, -0.96938134, -0.97582884, ...,  0.        ,
          0.22344482,  0.59105271],
        [-0.90619649, -0.89000291, -0.90232577, ..., -0.22344482,
          0.        ,  0.39587092],
        [-0.66476908, -0.6367959 , -0.65796927, ..., -0.59105271,
         -0.39587092,  0.        ]],

       ...,

       [[ 0.        , -0.50174515, -0.09458441, ...,  0.72617527,
          0.31418652,  0.19977243],
        [ 0.50174515,  0.        ,  0.41767877, ...,  0.97310748,
          0.74811362,  0.66443738],
        [ 0.09458441, -0.41767877,  0.        , ...,  0.78794741,
          0.40257274,  0.29155462],
        ...,
        [-0.72617527, -0.97310748, -0.78794741, ...,  0.        ,
         -0.47339643, -0.5741918 ],
        [-0.31418652, -0.74811362, -0.40257274, ...,  0.47339643,
          0.        , -0.11819704],
        [-0.19977243, -0.66443738, -0.29155462, ...,  0.5741918 ,
          0.11819704,  0.        ]],

       [[ 0.        , -0.07799392,  0.20030362, ...,  0.68379515,
          0.45501612,  0.07799392],
        [ 0.07799392,  0.        ,  0.27610675, ...,  0.62480206,
          0.38417779,  0.        ],
        [-0.20030362, -0.27610675,  0.        , ...,  0.81609362,
          0.62416171,  0.27610675],
        ...,
        [-0.68379515, -0.62480206, -0.81609362, ...,  0.        ,
          0.27689465,  0.62480206],
        [-0.45501612, -0.38417779, -0.62416171, ..., -0.27689465,
          0.        ,  0.38417779],
