state_0,state_1,state_2,state_3,state_4,state_5,state_6,state_7,state_8,state_9,state_10,state_11,state_12,state_13,state_14,state_15,state_16,state_17,state_18,state_19,state_20,state_21,state_22,state_23,state_24,state_25,state_26,state_27,state_28,state_29,state_30,state_31,state_32,state_33,state_34,state_35,state_36,state_37,state_38,state_39,state_40,state_41,state_42,state_43,state_44,state_45,state_46,state_47,state_48,state_49,state_50,state_51,state_52,state_53,state_54,state_55,state_56,state_57,state_58,state_59,state_60,state_61,state_62,state_63,state_64,state_65,state_66,state_67,state_68,state_69,state_70,state_71,state_72,state_73,state_74,state_75,state_76,state_77,state_78,state_79,state_80,state_81,state_82,state_83,state_84,state_85,state_86,state_87,state_88,state_89,state_90,state_91,state_92,state_93,state_94,state_95,state_96,state_97,state_98,state_99,state_100,state_101,state_102,state_103,state_104,state_105,state_106,state_107,state_108,state_109,state_110,state_111,state_112,state_113,state_114,state_115,state_116,state_117,state_118,state_119,state_120,state_121,state_122,state_123,state_124,state_125,state_126,state_127,state_128,state_129,state_130,state_131,state_132,state_133,state_134,state_135,state_136,state_137,state_138,state_139,state_140,state_141,state_142,state_143,state_144,state_145,state_146,state_147,state_148,state_149,state_150,state_151,state_152,state_153,state_154,state_155,state_156,state_157,state_158,state_159,state_160,state_161,state_162,state_163,state_164,state_165,state_166,state_167,state_168,state_169,state_170,state_171,state_172,state_173,state_174,state_175,state_176,state_177,state_178,state_179,state_180,state_181,state_182,state_183,state_184,state_185,state_186,state_187,state_188,state_189,state_190,state_191,state_192,state_193,state_194,state_195,state_196,state_197,state_198,state_199,state_200,state_201,state_202,state_203,state_204,state_205,state_206,state_207,state_208,state_209,state_210,state_211,state_212,state_213,state_214,state_215,state_216,state_217,state_218,state_219,state_220,state_221,state_222,state_223,state_224,state_225,state_226,state_227,state_228,state_229,state_230,state_231,state_232,state_233,state_234,state_235,state_236,state_237,state_238,state_239,state_240,state_241,state_242,state_243,state_244,state_245,state_246,state_247,state_248,state_249,state_250,state_251,state_252,state_253,state_254,state_255,state_256,state_257,state_258,state_259,state_260,state_261,state_262,state_263,state_264,state_265,state_266,state_267,state_268,state_269,state_270,state_271,state_272,state_273,state_274,state_275,state_276,state_277,state_278,state_279,state_280,state_281,state_282,state_283,state_284,state_285,state_286,state_287
{'img': array([[[ 0.        , -0.10624894, -0.07097757, ...,  0.        ,
          0.23486596,  0.34567008],
        [ 0.10624894,  0.        ,  0.03540516, ...,  0.10624894,
          0.33681344,  0.44341278],
        [ 0.07097757, -0.03540516,  0.        , ...,  0.07097757,
          0.30326578,  0.41140051],
        ...,
        [ 0.        , -0.10624894, -0.07097757, ...,  0.        ,
          0.23486596,  0.34567008],
        [-0.23486596, -0.33681344, -0.30326578, ..., -0.23486596,
          0.        ,  0.11561301],
        [-0.34567008, -0.44341278, -0.41140051, ..., -0.34567008,
         -0.11561301,  0.        ]],

       [[ 0.        ,  0.36468272, -0.37200855, ...,  0.82885982,
          0.79225189,  0.72860592],
        [-0.36468272,  0.        , -0.6848982 , ...,  0.56775372,
          0.51516369,  0.42864489],
        [ 0.37200855,  0.6848982 ,  0.        , ...,  0.97749452,
          0.96238888,  0.93111435],
        ...,
        [-0.82885982, -0.56775372, -0.97749452, ...,  0.        ,
         -0.0625351 , -0.16009037],
        [-0.79225189, -0.51516369, -0.96238888, ...,  0.0625351 ,
          0.        , -0.09804849],
        [-0.72860592, -0.42864489, -0.93111435, ...,  0.16009037,
          0.09804849,  0.        ]],

       [[ 0.        , -0.05369464, -0.09831693, ..., -0.28448777,
         -0.16059923, -0.03581436],
        [ 0.05369464,  0.        , -0.0447406 , ..., -0.23260141,
         -0.10736989,  0.01789749],
        [ 0.09831693,  0.0447406 ,  0.        , ..., -0.18885503,
         -0.06278041,  0.06261301],
        ...,
        [ 0.28448777,  0.23260141,  0.18885503, ...,  0.        ,
          0.12683182,  0.24997076],
        [ 0.16059923,  0.10736989,  0.06278041, ..., -0.12683182,
          0.        ,  0.12514672],
        [ 0.03581436, -0.01789749, -0.06261301, ..., -0.24997076,
         -0.12514672,  0.        ]],

       ...,

       [[ 0.        , -0.25843213, -0.42463567, ..., -0.08389187,
          0.00813266,  0.05243883],
        [ 0.25843213,  0.        , -0.17623531, ...,  0.17647911,
          0.26627997,  0.30873402],
        [ 0.42463567,  0.17623531,  0.        , ...,  0.34718606,
          0.43198464,  0.47152767],
        ...,
        [ 0.08389187, -0.17647911, -0.34718606, ...,  0.        ,
          0.09199309,  0.13603043],
        [-0.00813266, -0.26627997, -0.43198464, ..., -0.09199309,
          0.        ,  0.04431563],
        [-0.05243883, -0.30873402, -0.47152767, ..., -0.13603043,
         -0.04431563,  0.        ]],

       [[ 0.        , -0.04668692, -0.09707845, ..., -0.59012335,
         -0.55746849, -0.294726  ],
        [ 0.04668692,  0.        , -0.05050619, ..., -0.5517889 ,
         -0.51810122, -0.24979146],
        [ 0.09707845,  0.05050619,  0.        , ..., -0.50896333,
         -0.47424108, -0.20056753],
        ...,
        [ 0.59012335,  0.5517889 ,  0.50896333, ...,  0.        ,
          0.03986766,  0.32597497],
        [ 0.55746849,  0.51810122,  0.47424108, ..., -0.03986766,
          0.        ,  0.28802578],
        [ 0.294726  ,  0.24979146,  0.20056753, ..., -0.32597497,
         -0.28802578,  0.        ]],

       [[ 0.        ,  0.13309375,  0.26187985, ..., -0.279838  ,
         -0.07131929, -0.11470023],
        [-0.13309375,  0.        ,  0.13110118, ..., -0.4051247 ,
         -0.20343963, -0.24589515],
        [-0.26187985, -0.13110118,  0.        , ..., -0.52148882,
         -0.33004327, -0.37084873],
        ...,
        [ 0.279838  ,  0.4051247 ,  0.52148882, ...,  0.        ,
          0.21065551,  0.16787347],
        [ 0.07131929,  0.20343963,  0.33004327, ..., -0.21065551,
          0.        , -0.04355955],
        [ 0.11470023,  0.24589515,  0.37084873, ..., -0.16787347,
          0.04355955,  0.        ]]]), 'num': array([9.83301185e-01, 1.80948642e-01, 4.57180936e-06, 2.57991171e-03,
       2.60931242e-03, 2.47700925e-03, 1.81126855e-02, 7.35017582e-06,
       2.49170960e-03, 2.34323605e-03, 2.43499075e-03, 1.08502595e-06,
       2.55420530e-03, 2.13226680e-03])}
{'img': array([[[ 0.        ,  0.03540516, -0.01769842, ...,  0.33681344,
          0.44341278,  0.46119239],
        [-0.03540516,  0.        , -0.05308695, ...,  0.30326578,
          0.41140051,  0.42948824],
        [ 0.01769842,  0.05308695,  0.        , ...,  0.35342502,
          0.45920674,  0.47682397],
        ...,
        [-0.33681344, -0.30326578, -0.35342502, ...,  0.        ,
          0.11561301,  0.13539095],
        [-0.44341278, -0.41140051, -0.45920674, ..., -0.11561301,
          0.        ,  0.01993459],
        [-0.46119239, -0.42948824, -0.47682397, ..., -0.13539095,
         -0.01993459,  0.        ]],

       [[ 0.        , -0.6848982 , -0.15821048, ...,  0.51516369,
          0.42864489,  0.74707195],
        [ 0.6848982 ,  0.        ,  0.56099389, ...,  0.96238888,
          0.93111435,  0.999627  ],
        [ 0.15821048, -0.56099389,  0.        , ...,  0.64427633,
          0.56618519,  0.84283222],
        ...,
        [-0.51516369, -0.96238888, -0.64427633, ...,  0.        ,
         -0.09804849,  0.29785769],
        [-0.42864489, -0.93111435, -0.56618519, ...,  0.09804849,
          0.        ,  0.39002061],
        [-0.74707195, -0.999627  , -0.84283222, ..., -0.29785769,
         -0.39002061,  0.        ]],

       [[ 0.        , -0.0447406 , -0.07158281, ..., -0.10736989,
          0.01789749,  0.1790075 ],
        [ 0.0447406 ,  0.        , -0.0268853 , ..., -0.06278041,
          0.06261301,  0.22284619],
        [ 0.07158281,  0.0268853 ,  0.        , ..., -0.03592545,
          0.08942292,  0.24897487],
        ...,
        [ 0.10736989,  0.06278041,  0.03592545, ...,  0.        ,
          0.12514672,  0.2836083 ],
        [-0.01789749, -0.06261301, -0.08942292, ..., -0.12514672,
          0.        ,  0.16137042],
        [-0.1790075 , -0.22284619, -0.24897487, ..., -0.2836083 ,
         -0.16137042,  0.        ]],

       ...,

       [[ 0.        , -0.17623531, -0.23453283, ...,  0.26627997,
          0.30873402,  0.27514745],
        [ 0.17623531,  0.        , -0.05954214, ...,  0.43198464,
          0.47152767,  0.44027385],
        [ 0.23453283,  0.05954214,  0.        , ...,  0.48491814,
          0.5231984 ,  0.49295343],
        ...,
        [-0.26627997, -0.43198464, -0.48491814, ...,  0.        ,
          0.04431563,  0.00921134],
        [-0.30873402, -0.47152767, -0.5231984 , ..., -0.04431563,
          0.        , -0.03511146],
        [-0.27514745, -0.44027385, -0.49295343, ..., -0.00921134,
          0.03511146,  0.        ]],

       [[ 0.        , -0.05050619, -0.07044745, ..., -0.51810122,
         -0.24979146, -0.10596944],
        [ 0.05050619,  0.        , -0.01997683, ..., -0.47424108,
         -0.20056753, -0.05561239],
        [ 0.07044745,  0.01997683,  0.        , ..., -0.45655893,
         -0.1809566 , -0.03565537],
        ...,
        [ 0.51810122,  0.47424108,  0.45655893, ...,  0.        ,
          0.28802578,  0.42454629],
        [ 0.24979146,  0.20056753,  0.1809566 , ..., -0.28802578,
          0.        ,  0.1457748 ],
        [ 0.10596944,  0.05561239,  0.03565537, ..., -0.42454629,
         -0.1457748 ,  0.        ]],

       [[ 0.        ,  0.13110118,  0.19552937, ..., -0.20343963,
         -0.24589515, -0.17659202],
        [-0.13110118,  0.        ,  0.06527111, ..., -0.33004327,
         -0.37084873, -0.30410866],
        [-0.19552937, -0.06527111,  0.        , ..., -0.39095317,
         -0.43067477, -0.36563987],
        ...,
        [ 0.20343963,  0.33004327,  0.39095317, ...,  0.        ,
         -0.04355955,  0.02734337],
        [ 0.24589515,  0.37084873,  0.43067477, ...,  0.04355955,
          0.        ,  0.07086068],
        [ 0.17659202,  0.30410866,  0.36563987, ..., -0.02734337,
         -0.07086068,  0.        ]]]), 'num': array([7.07089498e-01, 7.07089498e-01, 0.00000000e+00, 1.48112238e-03,
       1.48112238e-03, 1.43509880e-03, 5.74161693e-03, 1.25518846e-05,
       1.44765069e-03, 1.34326085e-03, 1.38809897e-03, 7.06383114e-07,
       1.47768197e-03, 1.20883973e-03])}
{'img': array([[[ 0.        , -0.05308695, -0.15888557, ...,  0.41140051,
          0.42948824,  0.48387492],
        [ 0.05308695,  0.        , -0.10624894, ...,  0.45920674,
          0.47682397,  0.52965097],
        [ 0.15888557,  0.10624894,  0.        , ...,  0.55099149,
          0.56751763,  0.61677493],
        ...,
        [-0.41140051, -0.45920674, -0.55099149, ...,  0.        ,
          0.01993459,  0.08099818],
        [-0.42948824, -0.47682397, -0.56751763, ..., -0.01993459,
          0.        ,  0.061113  ],
        [-0.48387492, -0.52965097, -0.61677493, ..., -0.08099818,
         -0.061113  ,  0.        ]],

       [[ 0.        ,  0.56099389,  0.42665364, ...,  0.93111435,
          0.999627  ,  0.83725755],
        [-0.56099389,  0.        , -0.15417895, ...,  0.56618519,
          0.84283222,  0.38634213],
        [-0.42665364,  0.15417895,  0.        , ...,  0.68650161,
          0.9157299 ,  0.52393043],
        ...,
        [-0.93111435, -0.56618519, -0.68650161, ...,  0.        ,
          0.39002061, -0.20377071],
        [-0.999627  , -0.84283222, -0.9157299 , ..., -0.39002061,
          0.        , -0.56947076],
        [-0.83725755, -0.38634213, -0.52393043, ...,  0.20377071,
          0.56947076,  0.        ]],

       [[ 0.        , -0.0268853 , -0.08973805, ...,  0.06261301,
          0.22284619,  0.37750921],
        [ 0.0268853 ,  0.        , -0.06292879, ...,  0.08942292,
          0.24897487,  0.4022687 ],
        [ 0.08973805,  0.06292879,  0.        , ...,  0.15192237,
          0.30942856,  0.45908408],
        ...,
        [-0.06261301, -0.08942292, -0.15192237, ...,  0.        ,
          0.16137042,  0.31878849],
        [-0.22284619, -0.24897487, -0.30942856, ..., -0.16137042,
          0.        ,  0.16165936],
        [-0.37750921, -0.4022687 , -0.45908408, ..., -0.31878849,
         -0.16165936,  0.        ]],

       ...,

       [[ 0.        , -0.05954214, -0.46886056, ...,  0.47152767,
          0.44027385,  0.71741171],
        [ 0.05954214,  0.        , -0.41543678, ...,  0.5231984 ,
          0.49295343,  0.75761887],
        [ 0.46886056,  0.41543678,  0.        , ...,  0.82995256,
          0.80985445,  0.96030126],
        ...,
        [-0.47152767, -0.5231984 , -0.82995256, ...,  0.        ,
         -0.03511146,  0.30416093],
        [-0.44027385, -0.49295343, -0.80985445, ...,  0.03511146,
          0.        ,  0.33742129],
        [-0.71741171, -0.75761887, -0.96030126, ..., -0.30416093,
         -0.33742129,  0.        ]],

       [[ 0.        , -0.01997683, -0.04776088, ..., -0.20056753,
         -0.05561239,  0.13126793],
        [ 0.01997683,  0.        , -0.02779731, ..., -0.1809566 ,
         -0.03565537,  0.15104571],
        [ 0.04776088,  0.02779731,  0.        , ..., -0.15354827,
         -0.00786196,  0.17846573],
        ...,
        [ 0.20056753,  0.1809566 ,  0.15354827, ...,  0.        ,
          0.1457748 ,  0.32743256],
        [ 0.05561239,  0.03565537,  0.00786196, ..., -0.1457748 ,
          0.        ,  0.18619596],
        [-0.13126793, -0.15104571, -0.17846573, ..., -0.32743256,
         -0.18619596,  0.        ]],

       [[ 0.        ,  0.06527111,  0.1198857 , ..., -0.37084873,
         -0.30410866, -0.33701229],
        [-0.06527111,  0.        ,  0.05482969, ..., -0.43067477,
         -0.36563987, -0.3977464 ],
        [-0.1198857 , -0.05482969,  0.        , ..., -0.4795111 ,
         -0.41612293, -0.44745407],
        ...,
        [ 0.37084873,  0.43067477,  0.4795111 , ...,  0.        ,
          0.07086068,  0.03617313],
        [ 0.30410866,  0.36563987,  0.41612293, ..., -0.07086068,
          0.        , -0.03473211],
        [ 0.33701229,  0.3977464 ,  0.44745407, ..., -0.03617313,
          0.03473211,  0.        ]]]), 'num': array([7.25859528e-01, 6.87708442e-01, 2.05666234e-07, 1.58962860e-03,
       1.59819803e-03, 1.54678147e-03, 1.29381114e-02, 7.28401246e-05,
       1.51678848e-03, 1.38888979e-03, 1.42466714e-03, 7.29988176e-07,
       1.55281633e-03, 1.22496324e-03])}
{'img': array([[[ 0.        , -0.10624894, -0.08853379, ...,  0.47682397,
          0.52965097,  0.82800342],
        [ 0.10624894,  0.        ,  0.01779907, ...,  0.56751763,
          0.61677493,  0.88289279],
        [ 0.08853379, -0.01779907,  0.        , ...,  0.55277266,
          0.60266687,  0.87439494],
        ...,
        [-0.47682397, -0.56751763, -0.55277266, ...,  0.        ,
          0.061113  ,  0.46044783],
        [-0.52965097, -0.61677493, -0.60266687, ..., -0.061113  ,
          0.        ,  0.40533799],
        [-0.82800342, -0.88289279, -0.87439494, ..., -0.46044783,
         -0.40533799,  0.        ]],

       [[ 0.        , -0.20406294,  0.01122427, ...,  0.87914716,
          0.42838971,  0.98165473],
        [ 0.20406294,  0.        ,  0.21503817, ...,  0.95789422,
          0.6037655 ,  0.99990664],
        [-0.01122427, -0.21503817,  0.        , ...,  0.87374285,
          0.41822054,  0.97945279],
        ...,
        [-0.87914716, -0.95789422, -0.87374285, ...,  0.        ,
         -0.59024289,  0.3001834 ],
        [-0.42838971, -0.6037655 , -0.41822054, ...,  0.59024289,
          0.        ,  0.80533753],
        [-0.98165473, -0.99990664, -0.97945279, ..., -0.3001834 ,
         -0.80533753,  0.        ]],

       [[ 0.        , -0.06292879, -0.11709006, ...,  0.24897487,
          0.4022687 ,  0.57490719],
        [ 0.06292879,  0.        , -0.05436207, ...,  0.30942856,
          0.45908408,  0.62525724],
        [ 0.11709006,  0.05436207,  0.        , ...,  0.36066513,
          0.5067001 ,  0.66675785],
        ...,
        [-0.24897487, -0.30942856, -0.36066513, ...,  0.        ,
          0.16165936,  0.35308746],
        [-0.4022687 , -0.45908408, -0.5067001 , ..., -0.16165936,
          0.        ,  0.19719624],
        [-0.57490719, -0.62525724, -0.66675785, ..., -0.35308746,
         -0.19719624,  0.        ]],

       ...,

       [[ 0.        , -0.41543678, -0.45108213, ...,  0.49295343,
          0.75761887,  0.77628661],
        [ 0.41543678,  0.        , -0.03954422, ...,  0.80985445,
          0.96030126,  0.96801051],
        [ 0.45108213,  0.03954422,  0.        , ...,  0.83241886,
          0.97058159,  0.97717538],
        ...,
        [-0.49295343, -0.80985445, -0.83241886, ...,  0.        ,
          0.33742129,  0.36466455],
        [-0.75761887, -0.96030126, -0.97058159, ..., -0.33742129,
          0.        ,  0.02909223],
        [-0.77628661, -0.96801051, -0.97717538, ..., -0.36466455,
         -0.02909223,  0.        ]],

       [[ 0.        , -0.02779731, -0.07443054, ..., -0.03565537,
          0.15104571,  0.41926801],
        [ 0.02779731,  0.        , -0.04668157, ..., -0.00786196,
          0.17846573,  0.44434213],
        [ 0.07443054,  0.04668157,  0.        , ...,  0.03882675,
          0.22420332,  0.48567774],
        ...,
        [ 0.03565537,  0.00786196, -0.03882675, ...,  0.        ,
          0.18619596,  0.45137159],
        [-0.15104571, -0.17846573, -0.22420332, ..., -0.18619596,
          0.        ,  0.27732892],
        [-0.41926801, -0.44434213, -0.48567774, ..., -0.45137159,
         -0.27732892,  0.        ]],

       [[ 0.        ,  0.05482969,  0.13381414, ..., -0.36563987,
         -0.3977464 , -0.47988368],
        [-0.05482969,  0.        ,  0.07927627, ..., -0.41612293,
         -0.44745407, -0.52726565],
        [-0.13381414, -0.07927627,  0.        , ..., -0.48689984,
         -0.5169431 , -0.59296726],
        ...,
        [ 0.36563987,  0.41612293,  0.48689984, ...,  0.        ,
         -0.03473211, -0.1258672 ],
        [ 0.3977464 ,  0.44745407,  0.5169431 , ...,  0.03473211,
          0.        , -0.09133537],
        [ 0.47988368,  0.52726565,  0.59296726, ...,  0.1258672 ,
          0.09133537,  0.        ]]]), 'num': array([ 8.33181391e-01,  5.52876513e-01,  1.53172064e-06,  1.80841857e-03,
        1.86276994e-03,  1.79853650e-03,  1.06102190e-02, -2.47051717e-05,
        1.77086671e-03,  1.61769464e-03,  1.64635264e-03,  7.90565494e-07,
        1.81928400e-03,  1.41610528e-03])}
{'img': array([[[ 0.        ,  0.01779907,  0.19379597, ...,  0.61677493,
          0.88289279,  0.80770475],
        [-0.01779907,  0.        ,  0.17630364, ...,  0.60266687,
          0.87439494,  0.79708269],
        [-0.19379597, -0.17630364,  0.        , ...,  0.45253754,
          0.77515311,  0.67813254],
        ...,
        [-0.61677493, -0.60266687, -0.45253754, ...,  0.        ,
          0.40533799,  0.27213377],
        [-0.88289279, -0.87439494, -0.77515311, ..., -0.40533799,
          0.        , -0.14126462],
        [-0.80770475, -0.79708269, -0.67813254, ..., -0.27213377,
          0.14126462,  0.        ]],

       [[ 0.        ,  0.21503817,  0.14709843, ...,  0.6037655 ,
          0.99990664,  0.89455761],
        [-0.21503817,  0.        , -0.06904179, ...,  0.41822054,
          0.97945279,  0.77751813],
        [-0.14709843,  0.06904179,  0.        , ...,  0.47993638,
          0.9910395 ,  0.81908045],
        ...,
        [-0.6037655 , -0.41822054, -0.47993638, ...,  0.        ,
          0.80533753,  0.44325272],
        [-0.99990664, -0.97945279, -0.9910395 , ..., -0.80533753,
          0.        , -0.45913434],
        [-0.89455761, -0.77751813, -0.81908045, ..., -0.44325272,
          0.45913434,  0.        ]],

       [[ 0.        , -0.05436207, -0.03619738, ...,  0.45908408,
          0.62525724,  0.71388661],
        [ 0.05436207,  0.        ,  0.01818259, ...,  0.5067001 ,
          0.66675785,  0.75089864],
        [ 0.03619738, -0.01818259,  0.        , ...,  0.49094071,
          0.6530966 ,  0.7387664 ],
        ...,
        [-0.45908408, -0.5067001 , -0.49094071, ...,  0.        ,
          0.19719624,  0.31273293],
        [-0.62525724, -0.66675785, -0.6530966 , ..., -0.19719624,
          0.        ,  0.11928702],
        [-0.71388661, -0.75089864, -0.7387664 , ..., -0.31273293,
         -0.11928702,  0.        ]],

       ...,

       [[ 0.        , -0.03954422,  0.16566219, ...,  0.96030126,
          0.96801051,  0.90633964],
        [ 0.03954422,  0.        ,  0.20453043, ...,  0.97058159,
          0.97717538,  0.92234012],
        [-0.16566219, -0.20453043,  0.        , ...,  0.9008184 ,
          0.91306884,  0.82381579],
        ...,
        [-0.96030126, -0.97058159, -0.9008184 , ...,  0.        ,
          0.02909223, -0.15293819],
        [-0.96801051, -0.97717538, -0.91306884, ..., -0.02909223,
          0.        , -0.18162344],
        [-0.90633964, -0.92234012, -0.82381579, ...,  0.15293819,
          0.18162344,  0.        ]],

       [[ 0.        , -0.04668157, -0.10735478, ...,  0.17846573,
          0.44434213,  0.59085192],
        [ 0.04668157,  0.        , -0.06082595, ...,  0.22420332,
          0.48567774,  0.62786954],
        [ 0.10735478,  0.06082595,  0.        , ...,  0.28306566,
          0.53794873,  0.67404894],
        ...,
        [-0.17846573, -0.22420332, -0.28306566, ...,  0.        ,
          0.27732892,  0.43738387],
        [-0.44434213, -0.48567774, -0.53794873, ..., -0.27732892,
          0.        ,  0.17083257],
        [-0.59085192, -0.62786954, -0.67404894, ..., -0.43738387,
         -0.17083257,  0.        ]],

       [[ 0.        ,  0.07927627,  0.19956588, ..., -0.44745407,
         -0.52726565, -0.50871653],
        [-0.07927627,  0.        ,  0.1212562 , ..., -0.5169431 ,
         -0.59296726, -0.57536708],
        [-0.19956588, -0.1212562 ,  0.        , ..., -0.61692641,
         -0.68623061, -0.67029646],
        ...,
        [ 0.44745407,  0.5169431 ,  0.61692641, ...,  0.        ,
         -0.09133537, -0.06972025],
        [ 0.52726565,  0.59296726,  0.68623061, ...,  0.09133537,
          0.        ,  0.02168428],
        [ 0.50871653,  0.57536708,  0.67029646, ...,  0.06972025,
         -0.02168428,  0.        ]]]), 'num': array([8.33674470e-01, 5.52188563e-01, 1.52981471e-06, 1.81603811e-03,
       1.84564742e-03, 1.79136367e-03, 7.12561043e-03, 9.86977231e-06,
       1.78642879e-03, 1.63122662e-03, 1.64841647e-03, 7.79833862e-07,
       1.84372433e-03, 1.41872891e-03])}
{'img': array([[[ 0.        ,  0.17630364,  0.12373341, ...,  0.87439494,
          0.79708269,  0.82837581],
        [-0.17630364,  0.        , -0.05315361, ...,  0.77515311,
          0.67813254,  0.7166395 ],
        [-0.12373341,  0.05315361,  0.        , ...,  0.80763835,
          0.7162386 ,  0.75269807],
        ...,
        [-0.87439494, -0.77515311, -0.80763835, ...,  0.        ,
         -0.14126462, -0.08787193],
        [-0.79708269, -0.67813254, -0.7162386 , ...,  0.14126462,
          0.        ,  0.05372744],
        [-0.82837581, -0.7166395 , -0.75269807, ...,  0.08787193,
         -0.05372744,  0.        ]],

       [[ 0.        , -0.06904179,  0.06915206, ...,  0.97945279,
          0.77751813,  0.46058775],
        [ 0.06904179,  0.        ,  0.13786357, ...,  0.9910395 ,
          0.81908045,  0.52077116],
        [-0.06915206, -0.13786357,  0.        , ...,  0.96316197,
          0.73216986,  0.39810482],
        ...,
        [-0.97945279, -0.9910395 , -0.96316197, ...,  0.        ,
         -0.45913434, -0.77648781],
        [-0.77751813, -0.81908045, -0.73216986, ...,  0.45913434,
          0.        , -0.40049066],
        [-0.46058775, -0.52077116, -0.39810482, ...,  0.77648781,
          0.40049066,  0.        ]],

       [[ 0.        ,  0.01818259,  0.01364279, ...,  0.66675785,
          0.75089864,  0.81702299],
        [-0.01818259,  0.        , -0.00454037, ...,  0.6530966 ,
          0.7387664 ,  0.80640374],
        [-0.01364279,  0.00454037,  0.        , ...,  0.65652817,
          0.74181882,  0.80908045],
        ...,
        [-0.66675785, -0.6530966 , -0.65652817, ...,  0.        ,
          0.11928702,  0.22445037],
        [-0.75089864, -0.7387664 , -0.74181882, ..., -0.11928702,
          0.        ,  0.10660427],
        [-0.81702299, -0.80640374, -0.80908045, ..., -0.22445037,
         -0.10660427,  0.        ]],

       ...,

       [[ 0.        ,  0.20453043,  0.13624091, ...,  0.97717538,
          0.92234012,  0.90952641],
        [-0.20453043,  0.        , -0.06926253, ...,  0.91306884,
          0.82381579,  0.80528692],
        [-0.13624091,  0.06926253,  0.        , ...,  0.93912171,
          0.86109936,  0.84441773],
        ...,
        [-0.97717538, -0.91306884, -0.93912171, ...,  0.        ,
         -0.18162344, -0.21294468],
        [-0.92234012, -0.82381579, -0.86109936, ...,  0.18162344,
          0.        , -0.03194525],
        [-0.90952641, -0.80528692, -0.84441773, ...,  0.21294468,
          0.03194525,  0.        ]],

       [[ 0.        , -0.06082595, -0.12400968, ...,  0.48567774,
          0.62786954,  0.74575189],
        [ 0.06082595,  0.        , -0.06342363, ...,  0.53794873,
          0.67404894,  0.78489474],
        [ 0.12400968,  0.06342363,  0.        , ...,  0.59033037,
          0.71954207,  0.82261363],
        ...,
        [-0.48567774, -0.53794873, -0.59033037, ...,  0.        ,
          0.17083257,  0.32831995],
        [-0.62786954, -0.67404894, -0.71954207, ..., -0.17083257,
          0.        ,  0.16213094],
        [-0.74575189, -0.78489474, -0.82261363, ..., -0.32831995,
         -0.16213094,  0.        ]],

       [[ 0.        ,  0.1212562 ,  0.22445108, ..., -0.59296726,
         -0.57536708, -0.55314808],
        [-0.1212562 ,  0.        ,  0.10463252, ..., -0.68623061,
         -0.67029646, -0.65008301],
        [-0.22445108, -0.10463252,  0.        , ..., -0.75857189,
         -0.74426428, -0.72602107],
        ...,
        [ 0.59296726,  0.68623061,  0.75857189, ...,  0.        ,
          0.02168428,  0.04858139],
        [ 0.57536708,  0.67029646,  0.74426428, ..., -0.02168428,
          0.        ,  0.02691129],
        [ 0.55314808,  0.65008301,  0.72602107, ..., -0.04858139,
         -0.02691129,  0.        ]]]), 'num': array([9.78939402e-01, 2.03924189e-01, 4.18927142e-06, 2.13502813e-03,
       2.15233917e-03, 2.09463571e-03, 7.71654563e-03, 1.15406926e-05,
       2.11079268e-03, 1.92585308e-03, 1.93239281e-03, 9.28885016e-07,
       2.18416552e-03, 1.66754064e-03])}
{'img': array([[[ 0.00000000e+00, -5.31536112e-02,  5.33804794e-02, ...,
          6.78132545e-01,  7.16639498e-01,  7.55532950e-01],
        [ 5.31536112e-02,  0.00000000e+00,  1.06382845e-01, ...,
          7.16238596e-01,  7.52698074e-01,  7.89286386e-01],
        [-5.33804794e-02, -1.06382845e-01,  0.00000000e+00, ...,
          6.37934265e-01,  6.78387863e-01,  7.19485625e-01],
        ...,
        [-6.78132545e-01, -7.16238596e-01, -6.37934265e-01, ...,
          0.00000000e+00,  5.37274362e-02,  1.11019251e-01],
        [-7.16639498e-01, -7.52698074e-01, -6.78387863e-01, ...,
         -5.37274362e-02,  0.00000000e+00,  5.74635924e-02],
        [-7.55532950e-01, -7.89286386e-01, -7.19485625e-01, ...,
         -1.11019251e-01, -5.74635924e-02,  0.00000000e+00]],

       [[ 0.00000000e+00,  1.37863567e-01,  3.01204071e-01, ...,
          8.19080455e-01,  5.20771160e-01,  4.59052094e-01],
        [-1.37863567e-01,  0.00000000e+00,  1.66866801e-01, ...,
          7.32169856e-01,  3.98104817e-01,  3.32189429e-01],
        [-3.01204071e-01, -1.66866801e-01,  0.00000000e+00, ...,
          6.08247766e-01,  2.39449587e-01,  1.70141065e-01],
        ...,
        [-8.19080455e-01, -7.32169856e-01, -6.08247766e-01, ...,
          0.00000000e+00, -4.00490663e-01, -4.64330343e-01],
        [-5.20771160e-01, -3.98104817e-01, -2.39449587e-01, ...,
          4.00490663e-01,  0.00000000e+00, -7.07668873e-02],
        [-4.59052094e-01, -3.32189429e-01, -1.70141065e-01, ...,
          4.64330343e-01,  7.07668873e-02,  0.00000000e+00]],

       [[ 0.00000000e+00, -4.54036859e-03,  3.16848450e-02, ...,
          7.38766398e-01,  8.06403743e-01,  8.74529520e-01],
        [ 4.54036859e-03,  0.00000000e+00,  3.62226073e-02, ...,
          7.41818817e-01,  8.09080448e-01,  8.76722459e-01],
        [-3.16848450e-02, -3.62226073e-02,  0.00000000e+00, ...,
          7.17041102e-01,  7.87261535e-01,  8.58724155e-01],
        ...,
        [-7.38766398e-01, -7.41818817e-01, -7.17041102e-01, ...,
          0.00000000e+00,  1.06604273e-01,  2.31118066e-01],
        [-8.06403743e-01, -8.09080448e-01, -7.87261535e-01, ...,
         -1.06604273e-01,  0.00000000e+00,  1.26083008e-01],
        [-8.74529520e-01, -8.76722459e-01, -8.58724155e-01, ...,
         -2.31118066e-01, -1.26083008e-01,  0.00000000e+00]],

       ...,

       [[ 0.00000000e+00, -6.92625293e-02, -6.92625293e-02, ...,
          8.23815789e-01,  8.05286923e-01,  8.32808975e-01],
        [ 6.92625293e-02,  0.00000000e+00,  0.00000000e+00, ...,
          8.61099360e-01,  8.44417735e-01,  8.69149957e-01],
        [ 6.92625293e-02,  0.00000000e+00,  0.00000000e+00, ...,
          8.61099360e-01,  8.44417735e-01,  8.69149957e-01],
        ...,
        [-8.23815789e-01, -8.61099360e-01, -8.61099360e-01, ...,
          0.00000000e+00, -3.19452495e-02,  1.60522338e-02],
        [-8.05286923e-01, -8.44417735e-01, -8.44417735e-01, ...,
          3.19452495e-02,  0.00000000e+00,  4.79851745e-02],
        [-8.32808975e-01, -8.69149957e-01, -8.69149957e-01, ...,
         -1.60522338e-02, -4.79851745e-02,  0.00000000e+00]],

       [[ 0.00000000e+00, -6.34236289e-02, -6.37692993e-02, ...,
          6.74048941e-01,  7.84894739e-01,  8.70539191e-01],
        [ 6.34236289e-02,  0.00000000e+00, -3.46371516e-04, ...,
          7.19542066e-01,  8.22613634e-01,  8.99997240e-01],
        [ 6.37692993e-02,  3.46371516e-04,  0.00000000e+00, ...,
          7.19782560e-01,  8.22810531e-01,  9.00148168e-01],
        ...,
        [-6.74048941e-01, -7.19542066e-01, -7.19782560e-01, ...,
          0.00000000e+00,  1.62130942e-01,  3.11356840e-01],
        [-7.84894739e-01, -8.22613634e-01, -8.22810531e-01, ...,
         -1.62130942e-01,  0.00000000e+00,  1.53165445e-01],
        [-8.70539191e-01, -8.99997240e-01, -9.00148168e-01, ...,
         -3.11356840e-01, -1.53165445e-01,  0.00000000e+00]],

       [[ 0.00000000e+00,  1.04632519e-01,  1.43299631e-01, ...,
         -6.70296462e-01, -6.50083006e-01, -6.15470868e-01],
        [-1.04632519e-01,  0.00000000e+00,  3.89604090e-02, ...,
         -7.44264278e-01, -7.26021070e-01, -6.94559648e-01],
        [-1.43299631e-01, -3.89604090e-02,  0.00000000e+00, ...,
         -7.69720281e-01, -7.52261843e-01, -7.22061794e-01],
        ...,
        [ 6.70296462e-01,  7.44264278e-01,  7.69720281e-01, ...,
          0.00000000e+00,  2.69112912e-02,  7.15637295e-02],
        [ 6.50083006e-01,  7.26021070e-01,  7.52261843e-01, ...,
         -2.69112912e-02,  0.00000000e+00,  4.46955195e-02],
        [ 6.15470868e-01,  6.94559648e-01,  7.22061794e-01, ...,
         -7.15637295e-02, -4.46955195e-02,  0.00000000e+00]]]), 'num': array([ 8.73897658e-01,  4.86034711e-01,  2.10795080e-06,  1.90128896e-03,
        1.92712169e-03,  1.88578932e-03,  6.81479827e-03, -1.03330922e-05,
        1.90438888e-03,  1.73905941e-03,  1.73354843e-03,  8.52480103e-07,
        1.97596456e-03,  1.50215426e-03])}
{'img': array([[[ 0.00000000e+00,  1.06382845e-01,  1.59689012e-01, ...,
          7.52698074e-01,  7.89286386e-01,  7.52698074e-01],
        [-1.06382845e-01,  0.00000000e+00,  5.37651417e-02, ...,
          6.78387863e-01,  7.19485625e-01,  6.78387863e-01],
        [-1.59689012e-01, -5.37651417e-02,  0.00000000e+00, ...,
          6.37905186e-01,  6.81104682e-01,  6.37905186e-01],
        ...,
        [-7.52698074e-01, -6.78387863e-01, -6.37905186e-01, ...,
          0.00000000e+00,  5.74635924e-02,  0.00000000e+00],
        [-7.89286386e-01, -7.19485625e-01, -6.81104682e-01, ...,
         -5.74635924e-02,  0.00000000e+00, -5.74635924e-02],
        [-7.52698074e-01, -6.78387863e-01, -6.37905186e-01, ...,
          0.00000000e+00,  5.74635924e-02,  0.00000000e+00]],

       [[ 0.00000000e+00,  1.66866801e-01,  1.18289687e-01, ...,
          3.98104817e-01,  3.32189429e-01,  3.20372748e-01],
        [-1.66866801e-01,  0.00000000e+00, -4.90640508e-02, ...,
          2.39449587e-01,  1.70141065e-01,  1.57809433e-01],
        [-1.18289687e-01,  4.90640508e-02,  0.00000000e+00, ...,
          2.86797921e-01,  2.18284836e-01,  2.06068630e-01],
        ...,
        [-3.98104817e-01, -2.39449587e-01, -2.86797921e-01, ...,
          0.00000000e+00, -7.07668873e-02, -8.32306180e-02],
        [-3.32189429e-01, -1.70141065e-01, -2.18284836e-01, ...,
          7.07668873e-02,  0.00000000e+00, -1.25006006e-02],
        [-3.20372748e-01, -1.57809433e-01, -2.06068630e-01, ...,
          8.32306180e-02,  1.25006006e-02,  0.00000000e+00]],

       [[ 0.00000000e+00,  3.62226073e-02,  1.12445216e-01, ...,
          8.09080448e-01,  8.76722459e-01,  9.23345495e-01],
        [-3.62226073e-02,  0.00000000e+00,  7.63785428e-02, ...,
          7.87261535e-01,  8.58724155e-01,  9.08831145e-01],
        [-1.12445216e-01, -7.63785428e-02,  0.00000000e+00, ...,
          7.37865381e-01,  8.17076453e-01,  8.74313960e-01],
        ...,
        [-8.09080448e-01, -7.87261535e-01, -7.37865381e-01, ...,
          0.00000000e+00,  1.26083008e-01,  2.31985452e-01],
        [-8.76722459e-01, -8.58724155e-01, -8.17076453e-01, ...,
         -1.26083008e-01,  0.00000000e+00,  1.07490768e-01],
        [-9.23345495e-01, -9.08831145e-01, -8.74313960e-01, ...,
         -2.31985452e-01, -1.07490768e-01,  0.00000000e+00]],

       ...,

       [[ 0.00000000e+00,  0.00000000e+00,  0.00000000e+00, ...,
          8.44417735e-01,  8.69149957e-01,  9.00921474e-01],
        [ 0.00000000e+00,  0.00000000e+00,  0.00000000e+00, ...,
          8.44417735e-01,  8.69149957e-01,  9.00921474e-01],
        [ 0.00000000e+00,  0.00000000e+00,  0.00000000e+00, ...,
          8.44417735e-01,  8.69149957e-01,  9.00921474e-01],
        ...,
        [-8.44417735e-01, -8.44417735e-01, -8.44417735e-01, ...,
          0.00000000e+00,  4.79851745e-02,  1.16148131e-01],
        [-8.69149957e-01, -8.69149957e-01, -8.69149957e-01, ...,
         -4.79851745e-02,  0.00000000e+00,  6.83539282e-02],
        [-9.00921474e-01, -9.00921474e-01, -9.00921474e-01, ...,
         -1.16148131e-01, -6.83539282e-02,  0.00000000e+00]],

       [[ 0.00000000e+00, -3.46371516e-04,  3.90618468e-04, ...,
          8.22613634e-01,  8.99997240e-01,  9.49277510e-01],
        [ 3.46371516e-04,  0.00000000e+00,  7.36989934e-04, ...,
          8.22810531e-01,  9.00148168e-01,  9.49386366e-01],
        [-3.90618468e-04, -7.36989934e-04,  0.00000000e+00, ...,
          8.22391465e-01,  8.99826902e-01,  9.49154612e-01],
        ...,
        [-8.22613634e-01, -8.22810531e-01, -8.22391465e-01, ...,
          0.00000000e+00,  1.53165445e-01,  2.81097669e-01],
        [-8.99997240e-01, -9.00148168e-01, -8.99826902e-01, ...,
         -1.53165445e-01,  0.00000000e+00,  1.30791187e-01],
        [-9.49277510e-01, -9.49386366e-01, -9.49154612e-01, ...,
         -2.81097669e-01, -1.30791187e-01,  0.00000000e+00]],

       [[ 0.00000000e+00,  3.89604090e-02,  9.11512636e-02, ...,
         -7.26021070e-01, -6.94559648e-01, -6.56276632e-01],
        [-3.89604090e-02,  0.00000000e+00,  5.22838383e-02, ...,
         -7.52261843e-01, -7.22061794e-01, -6.85174780e-01],
        [-9.11512636e-02, -5.22838383e-02,  0.00000000e+00, ...,
         -7.85680900e-01, -7.57245657e-01, -7.22320076e-01],
        ...,
        [ 7.26021070e-01,  7.52261843e-01,  7.85680900e-01, ...,
          0.00000000e+00,  4.46955195e-02,  9.64943203e-02],
        [ 6.94559648e-01,  7.22061794e-01,  7.57245657e-01, ...,
         -4.46955195e-02,  0.00000000e+00,  5.19109399e-02],
        [ 6.56276632e-01,  6.85174780e-01,  7.22320076e-01, ...,
         -9.64943203e-02, -5.19109399e-02,  0.00000000e+00]]]), 'num': array([8.75106265e-01, 4.83789498e-01, 2.09821323e-06, 1.91821945e-03,
       1.95421820e-03, 1.85136461e-03, 1.04849875e-02, 2.57133974e-05,
       1.89764873e-03, 1.74953956e-03, 1.72956882e-03, 8.59129984e-07,
       1.98307837e-03, 1.51600075e-03])}
{'img': array([[[ 0.00000000e+00,  5.37651417e-02,  1.07925131e-01, ...,
          7.19485625e-01,  6.78387863e-01,  7.82717315e-01],
        [-5.37651417e-02,  0.00000000e+00,  5.43179279e-02, ...,
          6.81104682e-01,  6.37905186e-01,  7.48122991e-01],
        [-1.07925131e-01, -5.43179279e-02,  0.00000000e+00, ...,
          6.40328333e-01,  5.95132395e-01,  7.10975322e-01],
        ...,
        [-7.19485625e-01, -6.81104682e-01, -6.40328333e-01, ...,
          0.00000000e+00, -5.74635924e-02,  9.58113355e-02],
        [-6.78387863e-01, -6.37905186e-01, -5.95132395e-01, ...,
          5.74635924e-02,  0.00000000e+00,  1.52852249e-01],
        [-7.82717315e-01, -7.48122991e-01, -7.10975322e-01, ...,
         -9.58113355e-02, -1.52852249e-01,  0.00000000e+00]],

       [[ 0.00000000e+00, -4.90640508e-02, -3.51077448e-01, ...,
          1.70141065e-01,  1.57809433e-01,  5.59637477e-01],
        [ 4.90640508e-02,  0.00000000e+00, -3.04713674e-01, ...,
          2.18284836e-01,  2.06068630e-01,  5.99624689e-01],
        [ 3.51077448e-01,  3.04713674e-01,  0.00000000e+00, ...,
          5.05269617e-01,  4.94442600e-01,  8.14965608e-01],
        ...,
        [-1.70141065e-01, -2.18284836e-01, -5.05269617e-01, ...,
          0.00000000e+00, -1.25006006e-02,  4.10475518e-01],
        [-1.57809433e-01, -2.06068630e-01, -4.94442600e-01, ...,
          1.25006006e-02,  0.00000000e+00,  4.21842388e-01],
        [-5.59637477e-01, -5.99624689e-01, -8.14965608e-01, ...,
         -4.10475518e-01, -4.21842388e-01,  0.00000000e+00]],

       [[ 0.00000000e+00,  7.63785428e-02,  1.60802283e-01, ...,
          8.58724155e-01,  9.08831145e-01,  9.15742876e-01],
        [-7.63785428e-02,  0.00000000e+00,  8.49479607e-02, ...,
          8.17076453e-01,  8.74313960e-01,  8.82381680e-01],
        [-1.60802283e-01, -8.49479607e-02,  0.00000000e+00, ...,
          7.65148049e-01,  8.29923246e-01,  8.39221280e-01],
        ...,
        [-8.58724155e-01, -8.17076453e-01, -7.65148049e-01, ...,
          0.00000000e+00,  1.07490768e-01,  1.24256385e-01],
        [-9.08831145e-01, -8.74313960e-01, -8.29923246e-01, ...,
         -1.07490768e-01,  0.00000000e+00,  1.68787237e-02],
        [-9.15742876e-01, -8.82381680e-01, -8.39221280e-01, ...,
         -1.24256385e-01, -1.68787237e-02,  0.00000000e+00]],

       ...,

       [[ 0.00000000e+00,  0.00000000e+00,  2.23313289e-01, ...,
          8.69149957e-01,  9.00921474e-01,  9.16188811e-01],
        [ 0.00000000e+00,  0.00000000e+00,  2.23313289e-01, ...,
          8.69149957e-01,  9.00921474e-01,  9.16188811e-01],
        [-2.23313289e-01, -2.23313289e-01,  0.00000000e+00, ...,
          7.36761790e-01,  7.81256276e-01,  8.03559938e-01],
        ...,
        [-8.69149957e-01, -8.69149957e-01, -7.36761790e-01, ...,
          0.00000000e+00,  6.83539282e-02,  1.04790792e-01],
        [-9.00921474e-01, -9.00921474e-01, -7.81256276e-01, ...,
         -6.83539282e-02,  0.00000000e+00,  3.65681092e-02],
        [-9.16188811e-01, -9.16188811e-01, -8.03559938e-01, ...,
         -1.04790792e-01, -3.65681092e-02,  0.00000000e+00]],

