state_0,state_1,state_2,state_3,state_4,state_5,state_6,state_7,state_8,state_9,state_10,state_11,state_12,state_13,state_14,state_15,state_16,state_17,state_18,state_19,state_20,state_21,state_22,state_23,state_24,state_25,state_26,state_27,state_28,state_29,state_30,state_31,state_32,state_33,state_34,state_35,state_36,state_37,state_38,state_39,state_40,state_41,state_42,state_43,state_44,state_45,state_46,state_47,state_48,state_49,state_50,state_51,state_52,state_53,state_54,state_55,state_56,state_57,state_58,state_59,state_60,state_61,state_62,state_63,state_64,state_65,state_66,state_67,state_68,state_69,state_70,state_71,state_72,state_73,state_74,state_75,state_76,state_77,state_78,state_79,state_80,state_81,state_82,state_83,state_84,state_85,state_86,state_87,state_88,state_89,state_90,state_91,state_92,state_93,state_94,state_95,state_96,state_97,state_98,state_99,state_100,state_101,state_102,state_103,state_104,state_105,state_106,state_107,state_108,state_109,state_110,state_111,state_112,state_113,state_114,state_115,state_116,state_117,state_118,state_119,state_120,state_121,state_122,state_123,state_124,state_125,state_126,state_127,state_128,state_129,state_130,state_131,state_132,state_133,state_134,state_135,state_136,state_137,state_138,state_139,state_140,state_141,state_142,state_143,state_144,state_145,state_146,state_147,state_148,state_149,state_150,state_151,state_152,state_153,state_154,state_155,state_156,state_157,state_158,state_159,state_160,state_161,state_162,state_163,state_164,state_165,state_166,state_167,state_168,state_169,state_170,state_171,state_172,state_173,state_174,state_175,state_176,state_177,state_178,state_179,state_180,state_181,state_182,state_183,state_184,state_185,state_186,state_187,state_188,state_189,state_190,state_191,state_192,state_193,state_194,state_195,state_196,state_197,state_198,state_199,state_200,state_201,state_202,state_203,state_204,state_205,state_206,state_207,state_208,state_209,state_210,state_211,state_212,state_213,state_214,state_215,state_216,state_217,state_218,state_219,state_220,state_221,state_222,state_223,state_224,state_225,state_226,state_227,state_228,state_229,state_230,state_231,state_232,state_233,state_234,state_235,state_236,state_237,state_238,state_239,state_240,state_241,state_242,state_243,state_244,state_245,state_246,state_247,state_248,state_249,state_250,state_251,state_252,state_253,state_254,state_255,state_256,state_257,state_258,state_259,state_260,state_261,state_262,state_263,state_264,state_265,state_266,state_267,state_268,state_269,state_270,state_271,state_272,state_273,state_274,state_275,state_276,state_277,state_278,state_279,state_280,state_281,state_282,state_283,state_284,state_285,state_286,state_287
{'img': array([[[ 0.        ,  0.91424029,  0.87094568, ...,  0.89816665,
          0.97043085,  0.99370043],
        [-0.91424029,  0.        , -0.0963556 , ...,  0.76586282,
          0.6138705 ,  0.50507797],
        [-0.87094568,  0.0963556 ,  0.        , ...,  0.82425628,
          0.68707791,  0.58588981],
        ...,
        [-0.89816665, -0.76586282, -0.82425628, ...,  0.        ,
         -0.20985609, -0.33622893],
        [-0.97043085, -0.6138705 , -0.68707791, ...,  0.20985609,
          0.        , -0.13110354],
        [-0.99370043, -0.50507797, -0.58588981, ...,  0.33622893,
          0.13110354,  0.        ]],

       [[ 0.        ,  0.54638341,  0.14260757, ...,  0.1968216 ,
          0.03930485, -0.13961412],
        [-0.54638341,  0.        , -0.42136014, ..., -0.37085076,
         -0.513042  , -0.65796386],
        [-0.14260757,  0.42136014,  0.        , ...,  0.05499188,
         -0.10359424, -0.27939803],
        ...,
        [-0.1968216 ,  0.37085076, -0.05499188, ...,  0.        ,
         -0.15813349, -0.3317771 ],
        [-0.03930485,  0.513042  ,  0.10359424, ...,  0.15813349,
          0.        , -0.17842613],
        [ 0.13961412,  0.65796386,  0.27939803, ...,  0.3317771 ,
          0.17842613,  0.        ]],

       [[ 0.        ,  0.56094511,  0.7566918 , ...,  0.91378884,
          0.92214383,  0.93378535],
        [-0.56094511,  0.        ,  0.25969951, ...,  0.98433287,
          0.98039958,  0.97376204],
        [-0.7566918 , -0.25969951,  0.        , ...,  0.90476965,
          0.8955957 ,  0.88125228],
        ...,
        [-0.91378884, -0.98433287, -0.90476965, ...,  0.        ,
         -0.02106854, -0.05230945],
        [-0.92214383, -0.98039958, -0.8955957 , ...,  0.02106854,
          0.        , -0.03125814],
        [-0.93378535, -0.97376204, -0.88125228, ...,  0.05230945,
          0.03125814,  0.        ]],

       ...,

       [[ 0.        ,  0.81059828,  0.56325587, ...,  0.03379227,
         -0.15269464, -0.26797114],
        [-0.81059828,  0.        , -0.33993908, ..., -0.79034648,
         -0.89051111, -0.93787682],
        [-0.56325587,  0.33993908,  0.        , ..., -0.53501222,
         -0.68281972, -0.76407575],
        ...,
        [-0.03379227,  0.79034648,  0.53501222, ...,  0.        ,
         -0.18600344, -0.30037448],
        [ 0.15269464,  0.89051111,  0.68281972, ...,  0.18600344,
          0.        , -0.11771862],
        [ 0.26797114,  0.93787682,  0.76407575, ...,  0.30037448,
          0.11771862,  0.        ]],

       [[ 0.        ,  0.30930099,  0.28465317, ...,  0.98225114,
          0.97934987,  0.97975595],
        [-0.30930099,  0.        , -0.02581042, ...,  0.99210141,
          0.9938589 ,  0.99363352],
        [-0.28465317,  0.02581042,  0.        , ...,  0.99500851,
          0.99638385,  0.99621032],
        ...,
        [-0.98225114, -0.99210141, -0.99500851, ...,  0.        ,
          0.01488725,  0.01286899],
        [-0.97934987, -0.9938589 , -0.99638385, ..., -0.01488725,
          0.        , -0.00201845],
        [-0.97975595, -0.99363352, -0.99621032, ..., -0.01286899,
          0.00201845,  0.        ]],

       [[ 0.        , -0.06063019, -0.05079729, ...,  0.72720191,
          0.53031466,  0.57313301],
        [ 0.06063019,  0.        ,  0.00984808, ...,  0.68424609,
          0.47793671,  0.52239446],
        [ 0.05079729, -0.00984808,  0.        , ...,  0.69139463,
          0.48656403,  0.53076662],
        ...,
        [-0.72720191, -0.68424609, -0.69139463, ...,  0.        ,
          0.25250193,  0.20250257],
        [-0.53031466, -0.47793671, -0.48656403, ..., -0.25250193,
          0.        , -0.05132978],
        [-0.57313301, -0.52239446, -0.53076662, ..., -0.20250257,
          0.05132978,  0.        ]]]), 'num': array([7.44102706e-01, 6.68016212e-01, 1.58513530e-05, 2.59680868e-04,
       2.62926879e-04, 2.54811852e-04, 8.06098105e-03, 5.68051899e-06,
       2.57841462e-04, 2.53702798e-04, 2.49095266e-04, 3.18868616e-06,
       2.65803474e-04, 2.41602122e-04])}
{'img': array([[[ 0.00000000e+00, -1.07939217e-01, -2.35559567e-01, ...,
          6.50389962e-01,  5.39516126e-01,  6.92050696e-01],
        [ 1.07939217e-01,  0.00000000e+00, -1.29281511e-01, ...,
          7.28580737e-01,  6.27246151e-01,  7.65923192e-01],
        [ 2.35559567e-01,  1.29281511e-01,  0.00000000e+00, ...,
          8.11019093e-01,  7.22669425e-01,  8.42614744e-01],
        ...,
        [-6.50389962e-01, -7.28580737e-01, -8.11019093e-01, ...,
          0.00000000e+00, -1.37795551e-01,  5.61987662e-02],
        [-5.39516126e-01, -6.27246151e-01, -7.22669425e-01, ...,
          1.37795551e-01,  0.00000000e+00,  1.93240448e-01],
        [-6.92050696e-01, -7.65923192e-01, -8.42614744e-01, ...,
         -5.61987662e-02, -1.93240448e-01,  0.00000000e+00]],

       [[ 0.00000000e+00, -4.21360139e-01, -5.52918578e-01, ...,
         -5.13042004e-01, -6.57963859e-01, -5.94550701e-01],
        [ 4.21360139e-01,  0.00000000e+00, -1.50346070e-01, ...,
         -1.03594240e-01, -2.79398033e-01, -2.00396062e-01],
        [ 5.52918578e-01,  1.50346070e-01,  0.00000000e+00, ...,
          4.71204251e-02, -1.31863643e-01, -5.08219516e-02],
        ...,
        [ 5.13042004e-01,  1.03594240e-01, -4.71204251e-02, ...,
          0.00000000e+00, -1.78426134e-01, -9.78250321e-02],
        [ 6.57963859e-01,  2.79398033e-01,  1.31863643e-01, ...,
          1.78426134e-01,  0.00000000e+00,  8.13150720e-02],
        [ 5.94550701e-01,  2.00396062e-01,  5.08219516e-02, ...,
          9.78250321e-02, -8.13150720e-02,  0.00000000e+00]],

       [[ 0.00000000e+00,  5.87087048e-01,  6.72955972e-01, ...,
          9.44294891e-01,  9.54767146e-01,  9.25896296e-01],
        [-5.87087048e-01,  0.00000000e+00,  1.10515844e-01, ...,
          9.57639856e-01,  9.47479711e-01,  9.71323537e-01],
        [-6.72955972e-01, -1.10515844e-01,  0.00000000e+00, ...,
          9.19948610e-01,  9.06331072e-01,  9.39097135e-01],
        ...,
        [-9.44294891e-01, -9.57639856e-01, -9.19948610e-01, ...,
          0.00000000e+00, -3.34240401e-02,  5.20206648e-02],
        [-9.54767146e-01, -9.47479711e-01, -9.06331072e-01, ...,
          3.34240401e-02,  0.00000000e+00,  8.53703830e-02],
        [-9.25896296e-01, -9.71323537e-01, -9.39097135e-01, ...,
         -5.20206648e-02, -8.53703830e-02,  0.00000000e+00]],

       ...,

       [[ 0.00000000e+00, -3.39939083e-01, -4.98293940e-01, ...,
         -8.90511111e-01, -9.37876819e-01, -8.11188623e-01],
        [ 3.39939083e-01,  0.00000000e+00, -1.73889310e-01, ...,
         -6.82819717e-01, -7.64075749e-01, -5.64089140e-01],
        [ 4.98293940e-01,  1.73889310e-01,  0.00000000e+00, ...,
         -5.45375844e-01, -6.40254603e-01, -4.11912537e-01],
        ...,
        [ 8.90511111e-01,  6.82819717e-01,  5.45375844e-01, ...,
          0.00000000e+00, -1.17718621e-01,  1.51697588e-01],
        [ 9.37876819e-01,  7.64075749e-01,  6.40254603e-01, ...,
          1.17718621e-01,  0.00000000e+00,  2.66999092e-01],
        [ 8.11188623e-01,  5.64089140e-01,  4.11912537e-01, ...,
         -1.51697588e-01, -2.66999092e-01,  0.00000000e+00]],

       [[ 0.00000000e+00, -4.88161162e-02, -1.83631781e-01, ...,
          9.99984658e-01,  9.99993899e-01,  9.99986892e-01],
        [ 4.88161162e-02,  0.00000000e+00, -1.35426849e-01, ...,
          9.98522053e-01,  9.98631168e-01,  9.98544748e-01],
        [ 1.83631781e-01,  1.35426849e-01,  0.00000000e+00, ...,
          9.81962833e-01,  9.82347653e-01,  9.82042005e-01],
        ...,
        [-9.99984658e-01, -9.98522053e-01, -9.81962833e-01, ...,
          0.00000000e+00, -2.04615738e-03, -4.19188370e-04],
        [-9.99993899e-01, -9.98631168e-01, -9.82347653e-01, ...,
          2.04615738e-03,  0.00000000e+00,  1.62696971e-03],
        [-9.99986892e-01, -9.98544748e-01, -9.82042005e-01, ...,
          4.19188370e-04, -1.62696971e-03,  0.00000000e+00]],

       [[ 0.00000000e+00,  9.84807786e-03,  2.02267462e-02, ...,
          4.77936712e-01,  5.22394458e-01,  5.30495950e-01],
        [-9.84807786e-03,  0.00000000e+00,  1.03797022e-02, ...,
          4.86564031e-01,  5.30766621e-01,  5.38818316e-01],
        [-2.02267462e-02, -1.03797022e-02,  0.00000000e+00, ...,
          4.95605993e-01,  5.39535012e-01,  5.47533379e-01],
        ...,
        [-4.77936712e-01, -4.86564031e-01, -4.95605993e-01, ...,
          0.00000000e+00, -5.13297772e-02, -6.08436418e-02],
        [-5.22394458e-01, -5.30766621e-01, -5.39535012e-01, ...,
          5.13297772e-02,  0.00000000e+00, -9.52875615e-03],
        [-5.30495950e-01, -5.38818316e-01, -5.47533379e-01, ...,
          6.08436418e-02,  9.52875615e-03,  0.00000000e+00]]]), 'num': array([ 7.07106527e-01,  7.07106527e-01,  0.00000000e+00,  4.37666589e-05,
        4.47371973e-05,  4.35817945e-05,  8.38609855e-04, -6.00809468e-07,
        4.41548743e-05,  4.33484031e-05,  4.26112561e-05,  5.81375837e-07,
        4.54176208e-05,  4.12791853e-05])}
{'img': array([[[ 0.00000000e+00, -1.29281511e-01,  6.57199423e-02, ...,
          6.27246151e-01,  7.65923192e-01,  6.82682014e-01],
        [ 1.29281511e-01,  0.00000000e+00,  1.94170435e-01, ...,
          7.22669425e-01,  8.42614744e-01,  7.71420915e-01],
        [-6.57199423e-02, -1.94170435e-01,  0.00000000e+00, ...,
          5.74706037e-01,  7.22013889e-01,  6.33183543e-01],
        ...,
        [-6.27246151e-01, -7.22669425e-01, -5.74706037e-01, ...,
          0.00000000e+00,  1.93240448e-01,  7.33486001e-02],
        [-7.65923192e-01, -8.42614744e-01, -7.22013889e-01, ...,
         -1.93240448e-01,  0.00000000e+00, -1.20753844e-01],
        [-6.82682014e-01, -7.71420915e-01, -6.33183543e-01, ...,
         -7.33486001e-02,  1.20753844e-01,  0.00000000e+00]],

       [[ 0.00000000e+00, -1.50346070e-01, -1.99486518e-01, ...,
         -2.79398033e-01, -2.00396062e-01, -3.16931674e-01],
        [ 1.50346070e-01,  0.00000000e+00, -4.98948412e-02, ...,
         -1.31863643e-01, -5.08219516e-02, -1.70733763e-01],
        [ 1.99486518e-01,  4.98948412e-02,  0.00000000e+00, ...,
         -8.22402510e-02, -9.28288043e-04, -1.21358865e-01],
        ...,
        [ 2.79398033e-01,  1.31863643e-01,  8.22402510e-02, ...,
          0.00000000e+00,  8.13150720e-02, -3.93153775e-02],
        [ 2.00396062e-01,  5.08219516e-02,  9.28288043e-04, ...,
         -8.13150720e-02,  0.00000000e+00, -1.20437386e-01],
        [ 3.16931674e-01,  1.70733763e-01,  1.21358865e-01, ...,
          3.93153775e-02,  1.20437386e-01,  0.00000000e+00]],

       [[ 0.00000000e+00,  3.85262519e-01,  6.01556296e-01, ...,
          9.74728730e-01,  9.49989875e-01,  9.41141909e-01],
        [-3.85262519e-01,  0.00000000e+00,  2.47360956e-01, ...,
          9.85551005e-01,  9.96967373e-01,  9.98715596e-01],
        [-6.01556296e-01, -2.47360956e-01,  0.00000000e+00, ...,
          9.13025702e-01,  9.46735223e-01,  9.55145840e-01],
        ...,
        [-9.74728730e-01, -9.85551005e-01, -9.13025702e-01, ...,
          0.00000000e+00,  9.21690115e-02,  1.19226314e-01],
        [-9.49989875e-01, -9.96967373e-01, -9.46735223e-01, ...,
         -9.21690115e-02,  0.00000000e+00,  2.72072330e-02],
        [-9.41141909e-01, -9.98715596e-01, -9.55145840e-01, ...,
         -1.19226314e-01, -2.72072330e-02,  0.00000000e+00]],

       ...,

       [[ 0.00000000e+00, -1.73889310e-01, -7.11336541e-02, ...,
         -7.64075749e-01, -5.64089140e-01, -4.05173972e-01],
        [ 1.73889310e-01,  0.00000000e+00,  1.03398865e-01, ...,
         -6.40254603e-01, -4.11912537e-01, -2.40024736e-01],
        [ 7.11336541e-02, -1.03398865e-01,  0.00000000e+00, ...,
         -7.16249979e-01, -5.03924139e-01, -3.39114379e-01],
        ...,
        [ 7.64075749e-01,  6.40254603e-01,  7.16249979e-01, ...,
          0.00000000e+00,  2.66999092e-01,  4.37159828e-01],
        [ 5.64089140e-01,  4.11912537e-01,  5.03924139e-01, ...,
         -2.66999092e-01,  0.00000000e+00,  1.81154851e-01],
        [ 4.05173972e-01,  2.40024736e-01,  3.39114379e-01, ...,
         -4.37159828e-01, -1.81154851e-01,  0.00000000e+00]],

       [[ 0.00000000e+00, -1.35426849e-01,  2.63684447e-01, ...,
          9.98631168e-01,  9.98544748e-01,  9.98491462e-01],
        [ 1.35426849e-01,  0.00000000e+00,  3.91889171e-01, ...,
          9.82347653e-01,  9.82042005e-01,  9.81856798e-01],
        [-2.63684447e-01, -3.91889171e-01,  0.00000000e+00, ...,
          9.77080566e-01,  9.77425606e-01,  9.77632020e-01],
        ...,
        [-9.98631168e-01, -9.82347653e-01, -9.77080566e-01, ...,
          0.00000000e+00,  1.62696971e-03,  2.60615522e-03],
        [-9.98544748e-01, -9.82042005e-01, -9.77425606e-01, ...,
         -1.62696971e-03,  0.00000000e+00,  9.79187586e-04],
        [-9.98491462e-01, -9.81856798e-01, -9.77632020e-01, ...,
         -2.60615522e-03, -9.79187586e-04,  0.00000000e+00]],

       [[ 0.00000000e+00,  1.03797022e-02, -7.83209206e-02, ...,
          5.30766621e-01,  5.38818316e-01,  5.36935344e-01],
        [-1.03797022e-02,  0.00000000e+00, -8.86645192e-02, ...,
          5.39535012e-01,  5.47533379e-01,  5.45662979e-01],
        [ 7.83209206e-02,  8.86645192e-02,  0.00000000e+00, ...,
          4.62757819e-01,  4.71183907e-01,  4.69212624e-01],
        ...,
        [-5.30766621e-01, -5.39535012e-01, -4.62757819e-01, ...,
          0.00000000e+00, -9.52875615e-03, -7.29524011e-03],
        [-5.38818316e-01, -5.47533379e-01, -4.71183907e-01, ...,
          9.52875615e-03,  0.00000000e+00,  2.23359368e-03],
        [-5.36935344e-01, -5.45662979e-01, -4.69212624e-01, ...,
          7.29524011e-03, -2.23359368e-03,  0.00000000e+00]]]), 'num': array([ 7.07105612e-01,  7.07105612e-01,  0.00000000e+00,  4.30733615e-05,
        4.40438986e-05,  4.26112009e-05,  1.81434057e-03, -6.93240796e-07,
        4.37388726e-05,  4.33622118e-05,  4.26597278e-05,  4.17843768e-07,
        4.54201240e-05,  4.13042996e-05])}
{'img': array([[[ 0.00000000e+00,  1.94170435e-01,  3.14320625e-01, ...,
          8.42614744e-01,  7.71420915e-01,  6.77011751e-01],
        [-1.94170435e-01,  0.00000000e+00,  1.24009143e-01, ...,
          7.22013889e-01,  6.33183543e-01,  5.21222691e-01],
        [-3.14320625e-01, -1.24009143e-01,  0.00000000e+00, ...,
          6.30641450e-01,  5.32312761e-01,  4.11367441e-01],
        ...,
        [-8.42614744e-01, -7.22013889e-01, -6.30641450e-01, ...,
          0.00000000e+00, -1.20753844e-01, -2.55558799e-01],
        [-7.71420915e-01, -6.33183543e-01, -5.32312761e-01, ...,
          1.20753844e-01,  0.00000000e+00, -1.36944709e-01],
        [-6.77011751e-01, -5.21222691e-01, -4.11367441e-01, ...,
          2.55558799e-01,  1.36944709e-01,  0.00000000e+00]],

       [[ 0.00000000e+00, -4.98948412e-02, -3.21868215e-02, ...,
         -5.08219516e-02, -1.70733763e-01,  2.07899603e-02],
        [ 4.98948412e-02,  0.00000000e+00,  1.77222571e-02, ...,
         -9.28288043e-04, -1.21358865e-01,  7.06481231e-02],
        [ 3.21868215e-02, -1.77222571e-02,  0.00000000e+00, ...,
         -1.86503917e-02, -1.38931072e-01,  5.29590532e-02],
        ...,
        [ 5.08219516e-02,  9.28288043e-04,  1.86503917e-02, ...,
          0.00000000e+00, -1.20437386e-01,  7.15740612e-02],
        [ 1.70733763e-01,  1.21358865e-01,  1.38931072e-01, ...,
          1.20437386e-01,  0.00000000e+00,  1.91181567e-01],
        [-2.07899603e-02, -7.06481231e-02, -5.29590532e-02, ...,
         -7.15740612e-02, -1.91181567e-01,  0.00000000e+00]],

       [[ 0.00000000e+00,  4.91201046e-01,  7.29764783e-01, ...,
          9.58625119e-01,  9.50267286e-01,  9.79396560e-01],
        [-4.91201046e-01,  0.00000000e+00,  2.99825544e-01, ...,
          9.74837749e-01,  9.80704190e-01,  9.52295999e-01],
        [-7.29764783e-01, -2.99825544e-01,  0.00000000e+00, ...,
          8.63153620e-01,  8.76970802e-01,  8.16985184e-01],
        ...,
        [-9.58625119e-01, -9.74837749e-01, -8.63153620e-01, ...,
          0.00000000e+00,  2.80358704e-02, -8.52153594e-02],
        [-9.50267286e-01, -9.80704190e-01, -8.76970802e-01, ...,
         -2.80358704e-02,  0.00000000e+00, -1.13115754e-01],
        [-9.79396560e-01, -9.52295999e-01, -8.16985184e-01, ...,
          8.52153594e-02,  1.13115754e-01,  0.00000000e+00]],

       ...,

       [[ 0.00000000e+00,  1.03398865e-01,  1.26326141e-01, ...,
         -4.11912537e-01, -2.40024736e-01, -9.07821686e-01],
        [-1.03398865e-01,  0.00000000e+00,  2.30785169e-02, ...,
         -5.03924139e-01, -3.39114379e-01, -9.46316712e-01],
        [-1.26326141e-01, -2.30785169e-02,  0.00000000e+00, ...,
         -5.23723942e-01, -3.60735061e-01, -9.53524586e-01],
        ...,
        [ 4.11912537e-01,  5.03924139e-01,  5.23723942e-01, ...,
          0.00000000e+00,  1.81154851e-01, -6.54490194e-01],
        [ 2.40024736e-01,  3.39114379e-01,  3.60735061e-01, ...,
         -1.81154851e-01,  0.00000000e+00, -7.80627219e-01],
        [ 9.07821686e-01,  9.46316712e-01,  9.53524586e-01, ...,
          6.54490194e-01,  7.80627219e-01,  0.00000000e+00]],

       [[ 0.00000000e+00,  3.91889171e-01,  6.22804508e-01, ...,
          9.82042005e-01,  9.81856798e-01,  9.81740057e-01],
        [-3.91889171e-01,  0.00000000e+00,  2.66382623e-01, ...,
          9.77425606e-01,  9.77632020e-01,  9.77761113e-01],
        [-6.22804508e-01, -2.66382623e-01,  0.00000000e+00, ...,
          8.85827357e-01,  8.86281290e-01,  8.86565803e-01],
        ...,
        [-9.82042005e-01, -9.77425606e-01, -8.85827357e-01, ...,
          0.00000000e+00,  9.79187586e-04,  1.59385137e-03],
        [-9.81856798e-01, -9.77632020e-01, -8.86281290e-01, ...,
         -9.79187586e-04,  0.00000000e+00,  6.14664266e-04],
        [-9.81740057e-01, -9.77761113e-01, -8.86565803e-01, ...,
         -1.59385137e-03, -6.14664266e-04,  0.00000000e+00]],

       [[ 0.00000000e+00, -8.85593611e-02, -1.70498182e-01, ...,
          5.89629214e-01,  5.88667459e-01,  4.95088309e-01],
        [ 8.85593611e-02,  0.00000000e+00, -8.25656031e-02, ...,
          5.15785403e-01,  5.14765326e-01,  4.16198907e-01],
        [ 1.70498182e-01,  8.25656031e-02,  0.00000000e+00, ...,
          4.43288899e-01,  4.42221666e-01,  3.39703128e-01],
        ...,
        [-5.89629214e-01, -5.15785403e-01, -4.43288899e-01, ...,
          0.00000000e+00,  1.19025448e-03,  1.12425028e-01],
        [-5.88667459e-01, -5.14765326e-01, -4.42221666e-01, ...,
         -1.19025448e-03,  0.00000000e+00,  1.11242240e-01],
        [-4.95088309e-01, -4.16198907e-01, -3.39703128e-01, ...,
         -1.12425028e-01, -1.11242240e-01,  0.00000000e+00]]]), 'num': array([7.07088659e-01, 7.07088659e-01, 0.00000000e+00, 4.74165336e-05,
       4.74165336e-05, 4.36269081e-05, 7.15826057e-03, 4.34420483e-06,
       4.44033192e-05, 4.35922469e-05, 4.27881069e-05, 5.69935105e-07,
       4.62841435e-05, 4.09003503e-05])}
{'img': array([[[ 0.00000000e+00,  1.24009143e-01, -1.82001475e-01, ...,
          6.33183543e-01,  5.21222691e-01,  9.99985146e-01],
        [-1.24009143e-01,  0.00000000e+00, -3.02534594e-01, ...,
          5.32312761e-01,  4.11367441e-01,  9.92942244e-01],
        [ 1.82001475e-01,  3.02534594e-01,  0.00000000e+00, ...,
          7.63477722e-01,  6.67841192e-01,  9.82291658e-01],
        ...,
        [-6.33183543e-01, -5.32312761e-01, -7.63477722e-01, ...,
          0.00000000e+00, -1.36944709e-01,  7.77441333e-01],
        [-5.21222691e-01, -4.11367441e-01, -6.67841192e-01, ...,
          1.36944709e-01,  0.00000000e+00,  8.56248942e-01],
        [-9.99985146e-01, -9.92942244e-01, -9.82291658e-01, ...,
         -7.77441333e-01, -8.56248942e-01,  0.00000000e+00]],

       [[ 0.00000000e+00,  1.77222571e-02, -3.70249115e-02, ...,
         -1.21358865e-01,  7.06481231e-02,  5.46725280e-01],
        [-1.77222571e-02,  0.00000000e+00, -5.47292024e-02, ...,
         -1.38931072e-01,  5.29590532e-02,  5.31800357e-01],
        [ 3.70249115e-02,  5.47292024e-02,  0.00000000e+00, ...,
         -8.45244054e-02,  1.07532080e-01,  5.77351819e-01],
        ...,
        [ 1.21358865e-01,  1.38931072e-01,  8.45244054e-02, ...,
          0.00000000e+00,  1.91181567e-01,  6.44299508e-01],
        [-7.06481231e-02, -5.29590532e-02, -1.07532080e-01, ...,
         -1.91181567e-01,  0.00000000e+00,  4.86204653e-01],
        [-5.46725280e-01, -5.31800357e-01, -5.77351819e-01, ...,
         -6.44299508e-01, -4.86204653e-01,  0.00000000e+00]],

       [[ 0.00000000e+00,  6.00346614e-01,  5.23939427e-01, ...,
          9.64528375e-01,  9.89144801e-01,  9.42502088e-01],
        [-6.00346614e-01,  0.00000000e+00, -9.23332704e-02, ...,
          9.29850862e-01,  8.79275968e-01,  9.54392541e-01],
        [-5.23939427e-01,  9.23332704e-02,  0.00000000e+00, ...,
          9.59851481e-01,  9.19499349e-01,  9.77882055e-01],
        ...,
        [-9.64528375e-01, -9.29850862e-01, -9.59851481e-01, ...,
          0.00000000e+00, -1.19381909e-01,  7.35446923e-02],
        [-9.89144801e-01, -8.79275968e-01, -9.19499349e-01, ...,
          1.19381909e-01,  0.00000000e+00,  1.92077344e-01],
        [-9.42502088e-01, -9.54392541e-01, -9.77882055e-01, ...,
         -7.35446923e-02, -1.92077344e-01,  0.00000000e+00]],

       ...,

       [[ 0.00000000e+00,  2.30785169e-02, -3.65874711e-01, ...,
         -3.39114379e-01, -9.46316712e-01, -3.92127440e-01],
        [-2.30785169e-02,  0.00000000e+00, -3.87255610e-01, ...,
         -3.60735061e-01, -9.53524586e-01, -4.13253179e-01],
        [ 3.65874711e-01,  3.87255610e-01,  0.00000000e+00, ...,
          2.85932767e-02, -7.62437333e-01, -2.83668011e-02],
        ...,
        [ 3.39114379e-01,  3.60735061e-01, -2.85932767e-02, ...,
          0.00000000e+00, -7.80627219e-01, -5.69369729e-02],
        [ 9.46316712e-01,  9.53524586e-01,  7.62437333e-01, ...,
          7.80627219e-01,  0.00000000e+00,  7.43775434e-01],
        [ 3.92127440e-01,  4.13253179e-01,  2.83668011e-02, ...,
          5.69369729e-02, -7.43775434e-01,  0.00000000e+00]],

       [[ 0.00000000e+00,  5.15929244e-01,  6.05232013e-01, ...,
          9.87778570e-01,  9.87679175e-01,  9.29520536e-01],
        [-5.15929244e-01,  0.00000000e+00,  1.07755603e-01, ...,
          9.26576589e-01,  9.26815765e-01,  9.86515703e-01],
        [-6.05232013e-01, -1.07755603e-01,  0.00000000e+00, ...,
          8.80653974e-01,  8.80955309e-01,  9.63135633e-01],
        ...,
        [-9.87778570e-01, -9.26576589e-01, -8.80653974e-01, ...,
          0.00000000e+00,  6.36426860e-04,  2.19384935e-01],
        [-9.87679175e-01, -9.26815765e-01, -8.80955309e-01, ...,
         -6.36426860e-04,  0.00000000e+00,  2.18763968e-01],
        [-9.29520536e-01, -9.86515703e-01, -9.63135633e-01, ...,
         -2.19384935e-01, -2.18763968e-01,  0.00000000e+00]],

       [[ 0.00000000e+00, -8.25656031e-02,  1.65445583e-02, ...,
          5.14765326e-01,  4.16198907e-01,  7.70009939e-01],
        [ 8.25656031e-02,  0.00000000e+00,  9.90423713e-02, ...,
          4.42221666e-01,  3.39703128e-01,  7.14701354e-01],
        [-1.65445583e-02, -9.90423713e-02,  0.00000000e+00, ...,
          5.28879034e-01,  4.31185472e-01,  7.80460503e-01],
        ...,
        [-5.14765326e-01, -4.42221666e-01, -5.28879034e-01, ...,
          0.00000000e+00,  1.11242240e-01, -3.31716794e-01],
        [-4.16198907e-01, -3.39703128e-01, -4.31185472e-01, ...,
         -1.11242240e-01,  0.00000000e+00, -4.34601530e-01],
        [-7.70009939e-01, -7.14701354e-01, -7.80460503e-01, ...,
          3.31716794e-01,  4.34601530e-01,  0.00000000e+00]]]), 'num': array([7.94818522e-01, 6.06830918e-01, 3.58071626e-05, 5.42532767e-05,
       5.42532767e-05, 5.22898247e-05, 4.44198961e-03, 1.24007489e-06,
       5.07914009e-05, 4.90682135e-05, 4.79891761e-05, 6.89990390e-07,
       5.28713731e-05, 4.52650539e-05])}
{'img': array([[[ 0.        , -0.29583407, -0.19536292, ...,  0.4001021 ,
          0.97780759,  0.8998869 ],
        [ 0.29583407,  0.        ,  0.1035153 , ...,  0.65331649,
          0.99601898,  0.73058722],
        [ 0.19536292, -0.1035153 ,  0.        , ...,  0.57143691,
          0.99989573,  0.79734466],
        ...,
        [-0.4001021 , -0.65331649, -0.57143691, ...,  0.        ,
          0.81230853,  0.99921373],
        [-0.97780759, -0.99601898, -0.99989573, ..., -0.81230853,
          0.        ,  0.61497545],
        [-0.8998869 , -0.73058722, -0.79734466, ..., -0.99921373,
         -0.61497545,  0.        ]],

       [[ 0.        , -0.0547292 , -0.02902451, ...,  0.05295905,
          0.53180036,  0.29720292],
        [ 0.0547292 ,  0.        ,  0.02572514, ...,  0.10753208,
          0.57735182,  0.34901371],
        [ 0.02902451, -0.02572514,  0.        , ...,  0.08192052,
          0.55615629,  0.32479073],
        ...,
        [-0.05295905, -0.10753208, -0.08192052, ...,  0.        ,
          0.48620465,  0.24621979],
        [-0.53180036, -0.57735182, -0.55615629, ..., -0.48620465,
          0.        , -0.25607844],
        [-0.29720292, -0.34901371, -0.32479073, ..., -0.24621979,
          0.25607844,  0.        ]],

       [[ 0.        , -0.11847741, -0.12521064, ...,  0.91599604,
          0.97718222,  0.9921358 ],
        [ 0.11847741,  0.        , -0.00678373, ...,  0.95707609,
          0.9954646 ,  0.97031859],
        [ 0.12521064,  0.00678373,  0.        , ...,  0.95902024,
          0.99608705,  0.96865575],
        ...,
        [-0.91599604, -0.95707609, -0.95902024, ...,  0.        ,
          0.19747306,  0.51268392],
        [-0.97718222, -0.9954646 , -0.99608705, ..., -0.19747306,
          0.        ,  0.3330424 ],
        [-0.9921358 , -0.97031859, -0.96865575, ..., -0.51268392,
         -0.3330424 ,  0.        ]],

       ...,

       [[ 0.        , -0.38725561, -0.29778135, ..., -0.95352459,
         -0.41325318, -0.18654587],
        [ 0.38725561,  0.        ,  0.09514122, ..., -0.76243733,
         -0.0283668 ,  0.20846768],
        [ 0.29778135, -0.09514122,  0.        , ..., -0.82054103,
         -0.12334106,  0.11447113],
        ...,
        [ 0.95352459,  0.76243733,  0.82054103, ...,  0.        ,
          0.74377543,  0.88057755],
        [ 0.41325318,  0.0283668 ,  0.12334106, ..., -0.74377543,
          0.        ,  0.23612735],
        [ 0.18654587, -0.20846768, -0.11447113, ..., -0.88057755,
         -0.23612735,  0.        ]],

       [[ 0.        ,  0.35533299,  0.44051507, ...,  0.99581823,
          0.94740846,  0.8104447 ],
        [-0.35533299,  0.        ,  0.09276847, ...,  0.96329299,
          0.99929649,  0.96571435],
        [-0.44051507, -0.09276847,  0.        , ...,  0.93423509,
          0.99150808,  0.98563325],
        ...,
        [-0.99581823, -0.96329299, -0.93423509, ...,  0.        ,
          0.23213642,  0.50932578],
        [-0.94740846, -0.99929649, -0.99150808, ..., -0.23213642,
          0.        ,  0.29564213],
        [-0.8104447 , -0.96571435, -0.98563325, ..., -0.50932578,
         -0.29564213,  0.        ]],

       [[ 0.        ,  0.09904237,  0.30333977, ...,  0.33970313,
          0.71470135,  0.83742431],
        [-0.09904237,  0.        ,  0.20747258, ...,  0.43118547,
          0.7804605 ,  0.88743881],
        [-0.30333977, -0.20747258,  0.        , ...,  0.60899813,
          0.89319124,  0.96375829],
        ...,
        [-0.33970313, -0.43118547, -0.60899813, ...,  0.        ,
         -0.43460153, -0.60195909],
        [-0.71470135, -0.7804605 , -0.89319124, ...,  0.43460153,
          0.        , -0.19509708],
        [-0.83742431, -0.88743881, -0.96375829, ...,  0.60195909,
          0.19509708,  0.        ]]]), 'num': array([ 9.01911347e-01,  4.31873259e-01,  9.12695271e-05,  6.10042913e-05,
        6.38472098e-05,  5.94643772e-05,  6.43225694e-03, -1.18454935e-06,
        5.90497849e-05,  5.65711154e-05,  5.51496562e-05,  7.43786799e-07,
        6.13137935e-05,  5.18284374e-05])}
{'img': array([[[ 0.        ,  0.1035153 ,  0.24813947, ...,  0.99601898,
          0.73058722,  0.98893778],
        [-0.1035153 ,  0.        ,  0.14652865, ...,  0.99989573,
          0.79734466,  0.99897959],
        [-0.24813947, -0.14652865,  0.        , ...,  0.98698732,
          0.87717205,  0.99481484],
        ...,
        [-0.99601898, -0.99989573, -0.98698732, ...,  0.        ,
          0.61497545,  0.05958507],
        [-0.73058722, -0.79734466, -0.87717205, ..., -0.61497545,
          0.        , -0.5668972 ],
        [-0.98893778, -0.99897959, -0.99481484, ..., -0.05958507,
          0.5668972 ,  0.        ]],

       [[ 0.        ,  0.02572514,  0.04344494, ...,  0.57735182,
          0.34901371,  0.43473453],
        [-0.02572514,  0.        ,  0.01772971, ...,  0.55615629,
          0.32479073,  0.41142365],
        [-0.04344494, -0.01772971,  0.        , ...,  0.5413341 ,
          0.30797116,  0.39519934],
        ...,
        [-0.57735182, -0.55615629, -0.5413341 , ...,  0.        ,
         -0.25607844, -0.1649804 ],
        [-0.34901371, -0.32479073, -0.30797116, ...,  0.25607844,
          0.        ,  0.09309006],
        [-0.43473453, -0.41142365, -0.39519934, ...,  0.1649804 ,
         -0.09309006,  0.        ]],

       [[ 0.        , -0.00678373,  0.1341091 , ...,  0.9954646 ,
          0.97031859,  0.87140219],
        [ 0.00678373,  0.        ,  0.14082847, ...,  0.99608705,
          0.96865575,  0.86805425],
        [-0.1341091 , -0.14082847,  0.        , ...,  0.97371399,
          0.99398491,  0.92932025],
        ...,
        [-0.9954646 , -0.99608705, -0.97371399, ...,  0.        ,
          0.3330424 ,  0.57124318],
        [-0.97031859, -0.96865575, -0.99398491, ..., -0.3330424 ,
          0.        ,  0.26527714],
        [-0.87140219, -0.86805425, -0.92932025, ..., -0.57124318,
         -0.26527714,  0.        ]],

       ...,

       [[ 0.        ,  0.09514122,  0.19321949, ..., -0.0283668 ,
          0.20846768,  0.02366209],
        [-0.09514122,  0.        ,  0.09899466, ..., -0.12334106,
          0.11447113, -0.07155983],
        [-0.19321949, -0.09899466,  0.        , ..., -0.22097398,
          0.01556491, -0.1699492 ],
        ...,
        [ 0.0283668 ,  0.12334106,  0.22097398, ...,  0.        ,
          0.23612735,  0.05201143],
        [-0.20846768, -0.11447113, -0.01556491, ..., -0.23612735,
          0.        , -0.18526709],
        [-0.02366209,  0.07155983,  0.1699492 , ..., -0.05201143,
          0.18526709,  0.        ]],

       [[ 0.        ,  0.2739021 ,  0.47642495, ...,  0.9548492 ,
          0.82036211,  0.69084119],
        [-0.2739021 ,  0.        ,  0.21738642, ...,  0.99970728,
          0.94561886,  0.86245476],
        [-0.47642495, -0.21738642,  0.        , ...,  0.98105939,
          0.99371573,  0.95185639],
        ...,
        [-0.9548492 , -0.99970728, -0.98105939, ...,  0.        ,
          0.30230305,  0.48511959],
        [-0.82036211, -0.94561886, -0.99371573, ..., -0.30230305,
          0.        ,  0.19807351],
        [-0.69084119, -0.86245476, -0.95185639, ..., -0.48511959,
         -0.19807351,  0.        ]],

       [[ 0.        ,  0.20747258,  0.29100066, ...,  0.7804605 ,
          0.88743881,  0.89566188],
        [-0.20747258,  0.        ,  0.08617498, ...,  0.89319124,
          0.96375829,  0.96844348],
        [-0.29100066, -0.08617498,  0.        , ...,  0.92861949,
          0.98316263,  0.98631856],
        ...,
        [-0.7804605 , -0.89319124, -0.92861949, ...,  0.        ,
         -0.19509708, -0.21287376],
        [-0.88743881, -0.96375829, -0.98316263, ...,  0.19509708,
          0.        , -0.01815777],
        [-0.89566188, -0.96844348, -0.98631856, ...,  0.21287376,
          0.01815777,  0.        ]]]), 'num': array([7.73553077e-01, 6.33685848e-01, 2.70013954e-05, 5.26014397e-05,
       5.47339305e-05, 5.07735905e-05, 7.60672670e-03, 3.04641543e-07,
       5.15250396e-05, 4.88264233e-05, 4.74276109e-05, 6.43035157e-07,
       5.30948217e-05, 4.45580249e-05])}
{'img': array([[[ 0.        ,  0.14652865,  0.73761219, ...,  0.79734466,
          0.99897959,  0.98936439],
        [-0.14652865,  0.        ,  0.63071098, ...,  0.87717205,
          0.99481484,  0.99999941],
        [-0.73761219, -0.63071098,  0.        , ...,  0.98355355,
          0.70784903,  0.77533494],
        ...,
        [-0.79734466, -0.87717205, -0.98355355, ...,  0.        ,
         -0.5668972 , -0.48112504],
        [-0.99897959, -0.99481484, -0.70784903, ...,  0.5668972 ,
          0.        ,  0.10062626],
        [-0.98936439, -0.99999941, -0.77533494, ...,  0.48112504,
         -0.10062626,  0.        ]],

       [[ 0.        ,  0.01772971,  0.41717623, ...,  0.32479073,
          0.41142365,  0.54195528],
        [-0.01772971,  0.        ,  0.40099744, ...,  0.30797116,
          0.39519934,  0.52696992],
        [-0.41717623, -0.40099744,  0.        , ..., -0.09938126,
         -0.00632051,  0.14194489],
        ...,
        [-0.32479073, -0.30797116,  0.09938126, ...,  0.        ,
          0.09309006,  0.23961716],
        [-0.41142365, -0.39519934,  0.00632051, ..., -0.09309006,
          0.        ,  0.14819856],
        [-0.54195528, -0.52696992, -0.14194489, ..., -0.23961716,
         -0.14819856,  0.        ]],

       [[ 0.        ,  0.13945294,  0.45696458, ...,  0.97637362,
          0.89156743,  0.39017725],
        [-0.13945294,  0.        ,  0.32845816, ...,  0.99696746,
          0.94601222,  0.51476458],
        [-0.45696458, -0.32845816,  0.        , ...,  0.96721471,
          0.99998952,  0.76780223],
        ...,
        [-0.97637362, -0.99696746, -0.96721471, ...,  0.        ,
          0.24952973,  0.8146729 ],
        [-0.89156743, -0.94601222, -0.99998952, ..., -0.24952973,
          0.        ,  0.644195  ],
        [-0.39017725, -0.51476458, -0.76780223, ..., -0.8146729 ,
         -0.644195  ,  0.        ]],

       ...,

       [[ 0.        ,  0.09899466,  0.30733014, ...,  0.11447113,
         -0.07155983, -0.04696351],
        [-0.09899466,  0.        ,  0.21161691, ...,  0.01556491,
         -0.1699492 , -0.14561825],
        [-0.30733014, -0.21161691,  0.        , ..., -0.19637886,
         -0.37463878, -0.35168164],
        ...,
        [-0.11447113, -0.01556491,  0.19637886, ...,  0.        ,
         -0.18526709, -0.16099961],
        [ 0.07155983,  0.1699492 ,  0.37463878, ...,  0.18526709,
          0.        ,  0.02463776],
        [ 0.04696351,  0.14561825,  0.35168164, ...,  0.16099961,
         -0.02463776,  0.        ]],

       [[ 0.        ,  0.40152403,  0.78884335, ...,  0.82611747,
          0.69644844,  0.52243977],
        [-0.40152403,  0.        ,  0.47568661, ...,  0.9828564 ,
          0.92597764,  0.82084565],
        [-0.78884335, -0.47568661,  0.        , ...,  0.9522387 ,
          0.99411263,  0.99371645],
        ...,
        [-0.82611747, -0.9828564 , -0.9522387 , ...,  0.        ,
          0.20038028,  0.41001697],
        [-0.69644844, -0.92597764, -0.99411263, ..., -0.20038028,
          0.        ,  0.21893866],
        [-0.52243977, -0.82084565, -0.99371645, ..., -0.41001697,
         -0.21893866,  0.        ]],

       [[ 0.        ,  0.08617498,  0.00304903, ...,  0.96375829,
          0.96844348,  0.9554093 ],
        [-0.08617498,  0.        , -0.08313689, ...,  0.98316263,
          0.98631856,  0.97730135],
        [-0.00304903,  0.08313689,  0.        , ...,  0.96456722,
          0.96919889,  0.95630519],
        ...,
        [-0.96375829, -0.98316263, -0.96456722, ...,  0.        ,
         -0.01815777,  0.0297019 ],
        [-0.96844348, -0.98631856, -0.96919889, ...,  0.01815777,
          0.        ,  0.04784676],
        [-0.9554093 , -0.97730135, -0.95630519, ..., -0.0297019 ,
         -0.04784676,  0.        ]]]), 'num': array([7.48416852e-01, 6.63185689e-01, 1.56101032e-05, 5.33361472e-05,
       5.37268882e-05, 4.99171634e-05, 7.54574608e-03, 2.73518704e-06,
       5.11284605e-05, 4.75018956e-05, 4.58062424e-05, 6.51235008e-07,
       5.19927061e-05, 4.30110851e-05])}
{'img': array([[[ 0.        ,  0.55825788,  0.52068752, ...,  0.91890324,
          0.9388276 ,  0.82758645],
        [-0.55825788,  0.        , -0.04461368, ...,  0.5421609 ,
          0.58665772,  0.99999309],
        [-0.52068752,  0.04461368,  0.        , ...,  0.57910882,
          0.6222033 ,  0.99883156],
        ...,
        [-0.91890324, -0.5421609 , -0.57910882, ...,  0.        ,
          0.05389276,  0.84228435],
        [-0.9388276 , -0.58665772, -0.6222033 , ..., -0.05389276,
          0.        ,  0.81201029],
        [-0.82758645, -0.99999309, -0.99883156, ..., -0.84228435,
         -0.81201029,  0.        ]],

       [[ 0.        ,  0.40099744,  0.23363841, ...,  0.39519934,
          0.52696992,  0.54021564],
        [-0.40099744,  0.        , -0.17586798, ..., -0.00632051,
          0.14194489,  0.15743027],
        [-0.23363841,  0.17586798,  0.        , ...,  0.16964247,
          0.31381974,  0.32865145],
        ...,
        [-0.39519934,  0.00632051, -0.16964247, ...,  0.        ,
          0.14819856,  0.16366882],
        [-0.52696992, -0.14194489, -0.31381974, ..., -0.14819856,
          0.        ,  0.01566137],
        [-0.54021564, -0.15743027, -0.32865145, ..., -0.16366882,
         -0.01566137,  0.        ]],

       [[ 0.        ,  0.29592536,  0.4631915 , ...,  0.99987684,
          0.97617629,  0.47082871],
