state_0,state_1,state_2,state_3,state_4,state_5,state_6,state_7,state_8,state_9,state_10,state_11,state_12,state_13,state_14,state_15,state_16,state_17,state_18,state_19,state_20,state_21,state_22,state_23,state_24,state_25,state_26,state_27,state_28,state_29,state_30,state_31,state_32,state_33,state_34,state_35,state_36,state_37,state_38,state_39,state_40,state_41,state_42,state_43,state_44,state_45,state_46,state_47,state_48,state_49,state_50,state_51,state_52,state_53,state_54,state_55,state_56,state_57,state_58,state_59,state_60,state_61,state_62,state_63,state_64,state_65,state_66,state_67,state_68,state_69,state_70,state_71,state_72,state_73,state_74,state_75,state_76,state_77,state_78,state_79,state_80,state_81,state_82,state_83,state_84,state_85,state_86,state_87,state_88,state_89,state_90,state_91,state_92,state_93,state_94,state_95,state_96,state_97,state_98,state_99,state_100,state_101,state_102,state_103,state_104,state_105,state_106,state_107,state_108,state_109,state_110,state_111,state_112,state_113,state_114,state_115,state_116,state_117,state_118,state_119,state_120,state_121,state_122,state_123,state_124,state_125,state_126,state_127,state_128,state_129,state_130,state_131,state_132,state_133,state_134,state_135,state_136,state_137,state_138,state_139,state_140,state_141,state_142,state_143,state_144,state_145,state_146,state_147,state_148,state_149,state_150,state_151,state_152,state_153,state_154,state_155,state_156,state_157,state_158,state_159,state_160,state_161,state_162,state_163,state_164,state_165,state_166,state_167,state_168,state_169,state_170,state_171,state_172,state_173,state_174,state_175,state_176,state_177,state_178,state_179,state_180,state_181,state_182,state_183,state_184,state_185,state_186,state_187,state_188,state_189,state_190,state_191,state_192,state_193,state_194,state_195,state_196,state_197,state_198,state_199,state_200,state_201,state_202,state_203,state_204,state_205,state_206,state_207,state_208,state_209,state_210,state_211,state_212,state_213,state_214,state_215,state_216,state_217,state_218,state_219,state_220,state_221,state_222,state_223,state_224,state_225,state_226,state_227,state_228,state_229,state_230,state_231,state_232,state_233,state_234,state_235,state_236,state_237,state_238,state_239,state_240,state_241,state_242,state_243,state_244,state_245,state_246,state_247,state_248,state_249,state_250,state_251,state_252,state_253,state_254,state_255,state_256,state_257,state_258,state_259,state_260,state_261,state_262,state_263,state_264,state_265,state_266,state_267,state_268,state_269,state_270,state_271,state_272,state_273,state_274,state_275,state_276,state_277,state_278,state_279,state_280,state_281,state_282,state_283,state_284,state_285,state_286,state_287
{'img': array([[[ 0.00000000e+00, -1.54025405e-01, -1.44154535e-01, ...,
         -9.84719682e-01, -9.66884801e-01, -9.44535005e-01],
        [ 1.54025405e-01,  0.00000000e+00,  9.98231596e-03, ...,
         -9.46145862e-01, -9.16037538e-01, -8.82680163e-01],
        [ 1.44154535e-01, -9.98231596e-03,  0.00000000e+00, ...,
         -9.49330402e-01, -9.19995729e-01, -8.87327614e-01],
        ...,
        [ 9.84719682e-01,  9.46145862e-01,  9.49330402e-01, ...,
          0.00000000e+00,  8.29334651e-02,  1.58904679e-01],
        [ 9.66884801e-01,  9.16037538e-01,  9.19995729e-01, ...,
         -8.29334651e-02,  0.00000000e+00,  7.64775590e-02],
        [ 9.44535005e-01,  8.82680163e-01,  8.87327614e-01, ...,
         -1.58904679e-01, -7.64775590e-02,  0.00000000e+00]],

       [[ 0.00000000e+00,  1.19287585e-01, -1.47940483e-01, ...,
         -3.02841921e-01, -3.33709509e-01, -2.32219034e-01],
        [-1.19287585e-01,  0.00000000e+00, -2.64859126e-01, ...,
         -4.14365488e-01, -4.43776277e-01, -3.46587613e-01],
        [ 1.47940483e-01,  2.64859126e-01,  0.00000000e+00, ...,
         -1.58516212e-01, -1.90577522e-01, -8.57674471e-02],
        ...,
        [ 3.02841921e-01,  4.14365488e-01,  1.58516212e-01, ...,
          0.00000000e+00, -3.25569808e-02,  7.32490734e-02],
        [ 3.33709509e-01,  4.43776277e-01,  1.90577522e-01, ...,
          3.25569808e-02,  0.00000000e+00,  1.05679765e-01],
        [ 2.32219034e-01,  3.46587613e-01,  8.57674471e-02, ...,
         -7.32490734e-02, -1.05679765e-01,  0.00000000e+00]],

       [[ 0.00000000e+00, -1.04393108e-01, -2.44309566e-01, ...,
         -9.93269561e-01, -9.71397623e-01, -9.52591257e-01],
        [ 1.04393108e-01,  0.00000000e+00, -1.41744972e-01, ...,
         -9.99933847e-01, -9.90879073e-01, -9.79148324e-01],
        [ 2.44309566e-01,  1.41744972e-01,  0.00000000e+00, ...,
         -9.91468115e-01, -9.99975088e-01, -9.98057083e-01],
        ...,
        [ 9.93269561e-01,  9.99933847e-01,  9.91468115e-01, ...,
          0.00000000e+00, -1.23347793e-01, -1.91870763e-01],
        [ 9.71397623e-01,  9.90879073e-01,  9.99975088e-01, ...,
          1.23347793e-01,  0.00000000e+00, -6.93495266e-02],
        [ 9.52591257e-01,  9.79148324e-01,  9.98057083e-01, ...,
          1.91870763e-01,  6.93495266e-02,  0.00000000e+00]],

       ...,

       [[ 0.00000000e+00, -2.51592766e-01, -9.58993452e-01, ...,
         -2.14446418e-01, -1.82885028e-01, -1.82885028e-01],
        [ 2.51592766e-01,  0.00000000e+00, -9.99454181e-01, ...,
          3.81912902e-02,  7.03472798e-02,  7.03472798e-02],
        [ 9.58993452e-01,  9.99454181e-01,  0.00000000e+00, ...,
          9.97463360e-01,  9.94654142e-01,  9.94654142e-01],
        ...,
        [ 2.14446418e-01, -3.81912902e-02, -9.97463360e-01, ...,
          0.00000000e+00,  3.21992841e-02,  3.21992841e-02],
        [ 1.82885028e-01, -7.03472798e-02, -9.94654142e-01, ...,
         -3.21992841e-02,  0.00000000e+00,  0.00000000e+00],
        [ 1.82885028e-01, -7.03472798e-02, -9.94654142e-01, ...,
         -3.21992841e-02,  0.00000000e+00,  0.00000000e+00]],

       [[ 0.00000000e+00, -6.90819571e-03, -1.60470181e-01, ...,
         -7.22950807e-02, -7.13627682e-02, -0.00000000e+00],
        [ 6.90819571e-03,  0.00000000e+00, -1.53647682e-01, ...,
         -7.91834745e-02, -7.82516481e-02, -6.90819571e-03],
        [ 1.60470181e-01,  1.53647682e-01,  0.00000000e+00, ...,
         -2.31408463e-01, -2.30499007e-01, -1.60470181e-01],
        ...,
        [ 7.22950807e-02,  7.91834745e-02,  2.31408463e-01, ...,
          0.00000000e+00, -9.34726829e-04, -7.22950807e-02],
        [ 7.13627682e-02,  7.82516481e-02,  2.30499007e-01, ...,
          9.34726829e-04,  0.00000000e+00, -7.13627682e-02],
        [ 0.00000000e+00,  6.90819571e-03,  1.60470181e-01, ...,
          7.22950807e-02,  7.13627682e-02,  0.00000000e+00]],

       [[ 0.00000000e+00,  8.73168470e-03,  7.25150622e-02, ...,
         -7.98664416e-01, -8.00379132e-01, -8.04659604e-01],
        [-8.73168470e-03,  0.00000000e+00,  6.38036008e-02, ...,
         -8.03888494e-01, -8.05583214e-01, -8.09813247e-01],
        [-7.25150622e-02, -6.38036008e-02,  0.00000000e+00, ...,
         -8.40199658e-01, -8.41744344e-01, -8.45596023e-01],
        ...,
        [ 7.98664416e-01,  8.03888494e-01,  8.40199658e-01, ...,
          0.00000000e+00, -2.85483007e-03, -1.00292280e-02],
        [ 8.00379132e-01,  8.05583214e-01,  8.41744344e-01, ...,
          2.85483007e-03,  0.00000000e+00, -7.17450061e-03],
        [ 8.04659604e-01,  8.09813247e-01,  8.45596023e-01, ...,
          1.00292280e-02,  7.17450061e-03,  0.00000000e+00]]]), 'num': array([6.97198949e-01, 6.69401729e-01, 5.54834740e-06, 1.39684525e-04,
       1.57249645e-04, 1.25604548e-04, 2.56543957e-01, 1.28253256e-05,
       1.28810879e-04, 1.29215156e-04, 1.46183155e-04, 1.69181691e-06,
       1.42800999e-04, 1.15629313e-04])}
{'img': array([[[ 0.        ,  0.00998232,  0.        , ..., -0.91603754,
         -0.88268016, -0.56150381],
        [-0.00998232,  0.        , -0.00998232, ..., -0.91999573,
         -0.88732761, -0.56973594],
        [ 0.        ,  0.00998232,  0.        , ..., -0.91603754,
         -0.88268016, -0.56150381],
        ...,
        [ 0.91603754,  0.91999573,  0.91603754, ...,  0.        ,
          0.07647756,  0.53278239],
        [ 0.88268016,  0.88732761,  0.88268016, ..., -0.07647756,
          0.        ,  0.46650272],
        [ 0.56150381,  0.56973594,  0.56150381, ..., -0.53278239,
         -0.46650272,  0.        ]],

       [[ 0.        , -0.26485913, -0.17487222, ..., -0.44377628,
         -0.34658761,  0.97212283],
        [ 0.26485913,  0.        ,  0.09215092, ..., -0.19057752,
         -0.08576745,  0.99950762],
        [ 0.17487222, -0.09215092,  0.        , ..., -0.28022862,
         -0.17721387,  0.99814619],
        ...,
        [ 0.44377628,  0.19057752,  0.28022862, ...,  0.        ,
          0.10567976,  0.97520902],
        [ 0.34658761,  0.08576745,  0.17721387, ..., -0.10567976,
          0.        ,  0.99313348],
        [-0.97212283, -0.99950762, -0.99814619, ..., -0.97520902,
         -0.99313348,  0.        ]],

       [[ 0.        , -0.14174497, -0.26493879, ..., -0.99087907,
         -0.97914832, -0.99704004],
        [ 0.14174497,  0.        , -0.12558401, ..., -0.99997509,
         -0.99805708, -0.99787107],
        [ 0.26493879,  0.12558401,  0.        , ..., -0.99117182,
         -0.99798011, -0.98178062],
        ...,
        [ 0.99087907,  0.99997509,  0.99117182, ...,  0.        ,
         -0.06934953,  0.05817236],
        [ 0.97914832,  0.99805708,  0.99798011, ...,  0.06934953,
          0.        ,  0.12726439],
        [ 0.99704004,  0.99787107,  0.98178062, ..., -0.05817236,
         -0.12726439,  0.        ]],

       ...,

       [[ 0.        , -0.99945418, -0.63456547, ...,  0.07034728,
          0.07034728,  0.44888508],
        [ 0.99945418,  0.        ,  0.7934104 , ...,  0.99465414,
          0.99465414,  0.87827265],
        [ 0.63456547, -0.7934104 ,  0.        , ...,  0.68736262,
          0.68736262,  0.91397045],
        ...,
        [-0.07034728, -0.99465414, -0.68736262, ...,  0.        ,
          0.        ,  0.3849114 ],
        [-0.07034728, -0.99465414, -0.68736262, ...,  0.        ,
          0.        ,  0.3849114 ],
        [-0.44888508, -0.87827265, -0.91397045, ..., -0.3849114 ,
         -0.3849114 ,  0.        ]],

       [[ 0.        , -0.16032429, -0.2021327 , ..., -0.07136319,
         -0.        , -0.32105486],
        [ 0.16032429,  0.        , -0.04250309, ..., -0.23035559,
         -0.16032429, -0.46873864],
        [ 0.2021327 ,  0.04250309,  0.        , ..., -0.27150746,
         -0.2021327 , -0.50585961],
        ...,
        [ 0.07136319,  0.23035559,  0.27150746, ...,  0.        ,
         -0.07136319,  0.25265103],
        [ 0.        ,  0.16032429,  0.2021327 , ...,  0.07136319,
          0.        ,  0.32105486],
        [ 0.32105486,  0.46873864,  0.50585961, ..., -0.25265103,
         -0.32105486,  0.        ]],

       [[ 0.        ,  0.0638036 ,  0.10659507, ..., -0.80558321,
         -0.80981325, -0.79103496],
        [-0.0638036 ,  0.        ,  0.0429378 , ..., -0.84174434,
         -0.84559602, -0.82845639],
        [-0.10659507, -0.0429378 ,  0.        , ..., -0.86414915,
         -0.86773737, -0.85173981],
        ...,
        [ 0.80558321,  0.84174434,  0.86414915, ...,  0.        ,
         -0.0071745 ,  0.02415793],
        [ 0.80981325,  0.84559602,  0.86773737, ...,  0.0071745 ,
          0.        ,  0.03132971],
        [ 0.79103496,  0.82845639,  0.85173981, ..., -0.02415793,
         -0.03132971,  0.        ]]]), 'num': array([ 7.07003272e-01,  7.07003272e-01,  0.00000000e+00,  4.80961381e-05,
        5.22784110e-05,  4.79467712e-05,  1.71092800e-02, -1.79240266e-06,
        4.64232289e-05,  4.64730179e-05,  5.20751060e-05,  5.67072470e-07,
        5.09211985e-05,  4.20248373e-05])}
{'img': array([[[ 0.        , -0.00998232,  0.10208398, ..., -0.88732761,
         -0.56973594, -0.70519956],
        [ 0.00998232,  0.        ,  0.11200906, ..., -0.88268016,
         -0.56150381, -0.69808687],
        [-0.10208398, -0.11200906,  0.        , ..., -0.92976699,
         -0.65065498, -0.77389389],
        ...,
        [ 0.88732761,  0.88268016,  0.92976699, ...,  0.        ,
          0.46650272,  0.30392773],
        [ 0.56973594,  0.56150381,  0.65065498, ..., -0.46650272,
          0.        , -0.17560477],
        [ 0.70519956,  0.69808687,  0.77389389, ..., -0.30392773,
          0.17560477,  0.        ]],

       [[ 0.        ,  0.09215092,  0.15582299, ..., -0.08576745,
          0.99950762,  0.37915658],
        [-0.09215092,  0.        ,  0.06413467, ..., -0.17721387,
          0.99814619,  0.29227304],
        [-0.15582299, -0.06413467,  0.        , ..., -0.23996861,
          0.9921879 ,  0.23033709],
        ...,
        [ 0.08576745,  0.17721387,  0.23996861, ...,  0.        ,
          0.99313348,  0.45712286],
        [-0.99950762, -0.99814619, -0.9921879 , ..., -0.99313348,
          0.        , -0.93677375],
        [-0.37915658, -0.29227304, -0.23033709, ..., -0.45712286,
          0.93677375,  0.        ]],

       [[ 0.        , -0.12558401, -0.19915257, ..., -0.99805708,
         -0.99787107, -0.99165987],
        [ 0.12558401,  0.        , -0.0745075 , ..., -0.99798011,
         -0.98178062, -0.9676233 ],
        [ 0.19915257,  0.0745075 ,  0.        , ..., -0.99047293,
         -0.96489396, -0.94612815],
        ...,
        [ 0.99805708,  0.99798011,  0.99047293, ...,  0.        ,
          0.12726439,  0.19041863],
        [ 0.99787107,  0.98178062,  0.96489396, ..., -0.12726439,
          0.        ,  0.06393447],
        [ 0.99165987,  0.9676233 ,  0.94612815, ..., -0.19041863,
         -0.06393447,  0.        ]],

       ...,

       [[ 0.        ,  0.7934104 ,  0.92922623, ...,  0.99465414,
          0.87827265,  0.93509589],
        [-0.7934104 ,  0.        ,  0.27243386, ...,  0.68736262,
          0.91397045,  0.85036129],
        [-0.92922623, -0.27243386,  0.        , ...,  0.46349015,
          0.76885066,  0.67484145],
        ...,
        [-0.99465414, -0.68736262, -0.46349015, ...,  0.        ,
          0.3849114 ,  0.25593995],
        [-0.87827265, -0.91397045, -0.76885066, ..., -0.3849114 ,
          0.        , -0.13587036],
        [-0.93509589, -0.85036129, -0.67484145, ..., -0.25593995,
          0.13587036,  0.        ]],

       [[ 0.        , -0.1243088 , -0.3211099 , ..., -0.        ,
         -0.32206968, -0.29562671],
        [ 0.1243088 ,  0.        , -0.20089359, ..., -0.1243088 ,
         -0.4372567 , -0.41208634],
        [ 0.3211099 ,  0.20089359,  0.        , ..., -0.3211099 ,
         -0.60901336, -0.58672831],
        ...,
        [ 0.        ,  0.1243088 ,  0.3211099 , ...,  0.        ,
          0.32206968,  0.29562671],
        [ 0.32206968,  0.4372567 ,  0.60901336, ..., -0.32206968,
          0.        , -0.02779978],
        [ 0.29562671,  0.41208634,  0.58672831, ..., -0.29562671,
          0.02779978,  0.        ]],

       [[ 0.        ,  0.0429378 ,  0.18773486, ..., -0.84559602,
         -0.82845639, -0.74795815],
        [-0.0429378 ,  0.        ,  0.14538736, ..., -0.86773737,
         -0.85173981, -0.77576813],
        [-0.18773486, -0.14538736,  0.        , ..., -0.93077836,
         -0.9188678 , -0.8592675 ],
        ...,
        [ 0.84559602,  0.86773737,  0.93077836, ...,  0.        ,
          0.03132971,  0.16198336],
        [ 0.82845639,  0.85173981,  0.9188678 , ..., -0.03132971,
          0.        ,  0.13098789],
        [ 0.74795815,  0.77576813,  0.8592675 , ..., -0.16198336,
         -0.13098789,  0.        ]]]), 'num': array([ 8.43164551e-01,  5.37616081e-01,  6.62794946e-05,  5.56960390e-05,
        5.95621415e-05,  5.56960390e-05,  6.51609828e-03, -2.65794546e-06,
        5.67592172e-05,  5.66081976e-05,  6.29721647e-05,  6.24130913e-07,
        6.14763209e-05,  5.17400743e-05])}
{'img': array([[[ 0.        ,  0.11200906,  0.13292556, ..., -0.56150381,
         -0.69808687, -0.84671247],
        [-0.11200906,  0.        ,  0.02107399, ..., -0.65065498,
         -0.77389389, -0.90097877],
        [-0.13292556, -0.02107399,  0.        , ..., -0.66651351,
         -0.78706851, -0.90992191],
        ...,
        [ 0.56150381,  0.65065498,  0.66651351, ...,  0.        ,
         -0.17560477, -0.40188416],
        [ 0.69808687,  0.77389389,  0.78706851, ...,  0.17560477,
          0.        , -0.23483956],
        [ 0.84671247,  0.90097877,  0.90992191, ...,  0.40188416,
          0.23483956,  0.        ]],

       [[ 0.        ,  0.06413467, -0.13488244, ...,  0.99814619,
          0.29227304, -0.04700125],
        [-0.06413467,  0.        , -0.19815334, ...,  0.9921879 ,
          0.23033709, -0.11096828],
        [ 0.13488244,  0.19815334,  0.        , ...,  0.99723395,
          0.41859492,  0.08816164],
        ...,
        [-0.99814619, -0.9921879 , -0.99723395, ...,  0.        ,
         -0.93677375, -0.99990366],
        [-0.29227304, -0.23033709, -0.41859492, ...,  0.93677375,
          0.        , -0.33689897],
        [ 0.04700125,  0.11096828, -0.08816164, ...,  0.99990366,
          0.33689897,  0.        ]],

       [[ 0.        , -0.0745075 , -0.07968956, ..., -0.98178062,
         -0.9676233 , -0.95315204],
        [ 0.0745075 ,  0.        , -0.00519751, ..., -0.96489396,
         -0.94612815, -0.92796481],
        [ 0.07968956,  0.00519751,  0.        , ..., -0.96351585,
         -0.94443245, -0.92601534],
        ...,
        [ 0.98178062,  0.96489396,  0.96351585, ...,  0.        ,
          0.06393447,  0.11586446],
        [ 0.9676233 ,  0.94612815,  0.94443245, ..., -0.06393447,
          0.        ,  0.05212354],
        [ 0.95315204,  0.92796481,  0.92601534, ..., -0.11586446,
         -0.05212354,  0.        ]],

       ...,

       [[ 0.        ,  0.31383989,  0.59375736, ...,  0.95139498,
          0.89789876,  0.79738054],
        [-0.31383989,  0.        ,  0.31122889, ...,  0.80667229,
          0.71438029,  0.56769852],
        [-0.59375736, -0.31122889,  0.        , ...,  0.58267293,
          0.46111578,  0.28328877],
        ...,
        [-0.95139498, -0.80667229, -0.58267293, ...,  0.        ,
         -0.14227709, -0.32857284],
        [-0.89789876, -0.71438029, -0.46111578, ...,  0.14227709,
          0.        , -0.19085256],
        [-0.79738054, -0.56769852, -0.28328877, ...,  0.32857284,
          0.19085256,  0.        ]],

       [[ 0.        , -0.29781894, -0.35230814, ..., -0.32267884,
         -0.29618845, -0.18831891],
        [ 0.29781894,  0.        , -0.05759724, ..., -0.5899246 ,
         -0.56720379, -0.47226379],
        [ 0.35230814,  0.05759724,  0.        , ..., -0.63545264,
         -0.61369796, -0.52224929],
        ...,
        [ 0.32267884,  0.5899246 ,  0.63545264, ...,  0.        ,
         -0.02785519, -0.13865999],
        [ 0.29618845,  0.56720379,  0.61369796, ...,  0.02785519,
          0.        , -0.11102008],
        [ 0.18831891,  0.47226379,  0.52224929, ...,  0.13865999,
          0.11102008,  0.        ]],

       [[ 0.        ,  0.14538736,  0.22621375, ..., -0.85173981,
         -0.77576813, -0.70857988],
        [-0.14538736,  0.        ,  0.0821916 , ..., -0.9188678 ,
         -0.8592675 , -0.80364086],
        [-0.22621375, -0.0821916 ,  0.        , ..., -0.94818883,
         -0.89840339, -0.8498352 ],
        ...,
        [ 0.85173981,  0.9188678 ,  0.94818883, ...,  0.        ,
          0.13098789,  0.22974264],
        [ 0.77576813,  0.8592675 ,  0.89840339, ..., -0.13098789,
          0.        ,  0.10027903],
        [ 0.70857988,  0.80364086,  0.8498352 , ..., -0.22974264,
         -0.10027903,  0.        ]]]), 'num': array([ 8.07303366e-01,  5.90122730e-01,  4.83698521e-05,  5.23200761e-05,
        5.41844886e-05,  5.18539730e-05,  4.05138004e-03, -1.39830938e-06,
        5.47438124e-05,  5.46039814e-05,  6.05128096e-05,  5.32126193e-07,
        5.92876221e-05,  4.99203407e-05])}
{'img': array([[[ 0.        ,  0.02107399,  0.01050803, ..., -0.77389389,
         -0.90097877, -0.95519908],
        [-0.02107399,  0.        , -0.01056712, ..., -0.78706851,
         -0.90992191, -0.96122409],
        [-0.01050803,  0.01056712,  0.        , ..., -0.78050607,
         -0.90548808, -0.95825635],
        ...,
        [ 0.77389389,  0.78706851,  0.78050607, ...,  0.        ,
         -0.23483956, -0.37589741],
        [ 0.90097877,  0.90992191,  0.90548808, ...,  0.23483956,
          0.        , -0.14776839],
        [ 0.95519908,  0.96122409,  0.95825635, ...,  0.37589741,
          0.14776839,  0.        ]],

       [[ 0.        , -0.19815334, -0.21676759, ...,  0.23033709,
         -0.11096828, -0.20091215],
        [ 0.19815334,  0.        , -0.01902742, ...,  0.41859492,
          0.08816164, -0.00281542],
        [ 0.21676759,  0.01902742,  0.        , ...,  0.43579933,
          0.107099  ,  0.01621243],
        ...,
        [-0.23033709, -0.41859492, -0.43579933, ...,  0.        ,
         -0.33689897, -0.42115015],
        [ 0.11096828, -0.08816164, -0.107099  , ...,  0.33689897,
          0.        , -0.09096575],
        [ 0.20091215,  0.00281542, -0.01621243, ...,  0.42115015,
          0.09096575,  0.        ]],

       [[ 0.        , -0.00519751,  0.02622912, ..., -0.94612815,
         -0.92796481, -0.92796481],
        [ 0.00519751,  0.        ,  0.03142449, ..., -0.94443245,
         -0.92601534, -0.92601534],
        [-0.02622912, -0.03142449,  0.        , ..., -0.95429543,
         -0.9374203 , -0.9374203 ],
        ...,
        [ 0.94612815,  0.94443245,  0.95429543, ...,  0.        ,
          0.05212354,  0.05212354],
        [ 0.92796481,  0.92601534,  0.9374203 , ..., -0.05212354,
          0.        ,  0.        ],
        [ 0.92796481,  0.92601534,  0.9374203 , ..., -0.05212354,
          0.        ,  0.        ]],

       ...,

       [[ 0.        ,  0.31122889,  0.44550041, ...,  0.71438029,
          0.56769852,  0.38129746],
        [-0.31122889,  0.        ,  0.14473709, ...,  0.46111578,
          0.28328877,  0.07464403],
        [-0.44550041, -0.14473709,  0.        , ...,  0.32782929,
          0.14149789, -0.07047527],
        ...,
        [-0.71438029, -0.46111578, -0.32782929, ...,  0.        ,
         -0.19085256, -0.39359475],
        [-0.56769852, -0.28328877, -0.14149789, ...,  0.19085256,
          0.        , -0.21091225],
        [-0.38129746, -0.07464403,  0.07047527, ...,  0.39359475,
          0.21091225,  0.        ]],

       [[ 0.        , -0.19488216, -0.3012095 , ..., -0.29952699,
         -0.19047237, -0.18764821],
        [ 0.19488216,  0.        , -0.10960287, ..., -0.47971875,
         -0.37813474, -0.3754707 ],
        [ 0.3012095 ,  0.10960287,  0.        , ..., -0.57299667,
         -0.47732158, -0.47479236],
        ...,
        [ 0.29952699,  0.47971875,  0.57299667, ...,  0.        ,
         -0.11231605, -0.11517341],
        [ 0.19047237,  0.37813474,  0.47732158, ...,  0.11231605,
          0.        , -0.00287602],
        [ 0.18764821,  0.3754707 ,  0.47479236, ...,  0.11517341,
          0.00287602,  0.        ]],

       [[ 0.        ,  0.0821916 ,  0.17944527, ..., -0.8592675 ,
         -0.80364086, -0.80225829],
        [-0.0821916 ,  0.        ,  0.09798066, ..., -0.89840339,
         -0.8498352 , -0.84861039],
        [-0.17944527, -0.09798066,  0.        , ..., -0.93711085,
         -0.89738663, -0.89636071],
        ...,
        [ 0.8592675 ,  0.89840339,  0.93711085, ...,  0.        ,
          0.10027903,  0.10258664],
        [ 0.80364086,  0.8498352 ,  0.89738663, ..., -0.10027903,
          0.        ,  0.00231957],
        [ 0.80225829,  0.84861039,  0.89636071, ..., -0.10258664,
         -0.00231957,  0.        ]]]), 'num': array([7.79980700e-01, 6.25796749e-01, 3.35182503e-05, 5.15492984e-05,
       5.22777124e-05, 4.95321519e-05, 2.91757822e-03, 1.23270061e-06,
       5.27595862e-05, 5.25634748e-05, 5.79808204e-05, 3.97009562e-07,
       5.70003904e-05, 4.81265592e-05])}
{'img': array([[[ 0.        , -0.01056712, -0.02107399, ..., -0.90992191,
         -0.96122409, -0.91470409],
        [ 0.01056712,  0.        , -0.01050803, ..., -0.90548808,
         -0.95825635, -0.91038258],
        [ 0.02107399,  0.01050803,  0.        , ..., -0.90097877,
         -0.95519908, -0.90598444],
        ...,
        [ 0.90992191,  0.90548808,  0.90097877, ...,  0.        ,
         -0.14776839, -0.01167906],
        [ 0.96122409,  0.95825635,  0.95519908, ...,  0.14776839,
          0.        ,  0.13620746],
        [ 0.91470409,  0.91038258,  0.90598444, ...,  0.01167906,
         -0.13620746,  0.        ]],

       [[ 0.        , -0.01902742, -0.02827141, ...,  0.08816164,
         -0.00281542, -0.05627244],
        [ 0.01902742,  0.        , -0.00924648, ...,  0.107099  ,
          0.01621243, -0.03726499],
        [ 0.02827141,  0.00924648,  0.        , ...,  0.11628773,
          0.025457  , -0.02802333],
        ...,
        [-0.08816164, -0.107099  , -0.11628773, ...,  0.        ,
         -0.09096575, -0.14407527],
        [ 0.00281542, -0.01621243, -0.025457  , ...,  0.09096575,
          0.        , -0.05346126],
        [ 0.05627244,  0.03726499,  0.02802333, ...,  0.14407527,
          0.05346126,  0.        ]],

       [[ 0.        ,  0.03142449,  0.05806494, ..., -0.92601534,
         -0.92601534, -0.92059689],
        [-0.03142449,  0.        ,  0.0266648 , ..., -0.9374203 ,
         -0.9374203 , -0.93241394],
        [-0.05806494, -0.0266648 ,  0.        , ..., -0.94637167,
         -0.94637167, -0.94171885],
        ...,
        [ 0.92601534,  0.9374203 ,  0.94637167, ...,  0.        ,
          0.        ,  0.01410984],
        [ 0.92601534,  0.9374203 ,  0.94637167, ...,  0.        ,
          0.        ,  0.01410984],
        [ 0.92059689,  0.93241394,  0.94171885, ..., -0.01410984,
         -0.01410984,  0.        ]],

       ...,

       [[ 0.        ,  0.14473709,  0.15786205, ...,  0.28328877,
          0.07464403, -0.29956766],
        [-0.14473709,  0.        ,  0.01327753, ...,  0.14149789,
         -0.07047527, -0.43450331],
        [-0.15786205, -0.01327753,  0.        , ...,  0.12834148,
         -0.08371358, -0.44642368],
        ...,
        [-0.28328877, -0.14149789, -0.12834148, ...,  0.        ,
         -0.21091225, -0.55757452],
        [-0.07464403,  0.07047527,  0.08371358, ...,  0.21091225,
          0.        , -0.36994795],
        [ 0.29956766,  0.43450331,  0.44642368, ...,  0.55757452,
          0.36994795,  0.        ]],

       [[ 0.        , -0.23303905, -0.24095804, ..., -0.19138343,
         -0.18854601, -0.17963882],
        [ 0.23303905,  0.        , -0.00815116, ..., -0.41484555,
         -0.41221419, -0.40394101],
        [ 0.24095804,  0.00815116,  0.        , ..., -0.42224843,
         -0.41962691, -0.41138415],
        ...,
        [ 0.19138343,  0.41484555,  0.42224843, ...,  0.        ,
         -0.00289004, -0.01195187],
        [ 0.18854601,  0.41221419,  0.41962691, ...,  0.00289004,
          0.        , -0.00906199],
        [ 0.17963882,  0.40394101,  0.41138415, ...,  0.01195187,
          0.00906199,  0.        ]],

       [[ 0.        ,  0.09798066,  0.07964588, ..., -0.8498352 ,
         -0.84861039, -0.83994507],
        [-0.09798066,  0.        , -0.01840675, ..., -0.89738663,
         -0.89636071, -0.88907483],
        [-0.07964588,  0.01840675,  0.        , ..., -0.8891127 ,
         -0.88804867, -0.8804983 ],
        ...,
        [ 0.8498352 ,  0.89738663,  0.8891127 , ...,  0.        ,
          0.00231957,  0.01848948],
        [ 0.84861039,  0.89636071,  0.88804867, ..., -0.00231957,
          0.        ,  0.01617025],
        [ 0.83994507,  0.88907483,  0.8804983 , ..., -0.01848948,
         -0.01617025,  0.        ]]]), 'num': array([7.87500619e-01, 6.14008776e-01, 3.53343875e-05, 5.47811313e-05,
       5.91323821e-05, 5.14340153e-05, 5.32538534e-02, 3.45868650e-06,
       5.23042655e-05, 5.25218280e-05, 5.75657458e-05, 5.56482016e-07,
       5.70170960e-05, 4.80265600e-05])}
{'img': array([[[ 0.        , -0.01050803,  0.0643266 , ..., -0.95825635,
         -0.91038258, -0.72823214],
        [ 0.01050803,  0.        ,  0.07480931, ..., -0.95519908,
         -0.90598444, -0.72099046],
        [-0.0643266 , -0.07480931,  0.        , ..., -0.97466335,
         -0.93511335, -0.77080888],
        ...,
        [ 0.95825635,  0.95519908,  0.97466335, ...,  0.        ,
          0.13620746,  0.44851317],
        [ 0.91038258,  0.90598444,  0.93511335, ..., -0.13620746,
          0.        ,  0.32259418],
        [ 0.72823214,  0.72099046,  0.77080888, ..., -0.44851317,
         -0.32259418,  0.        ]],

       [[ 0.        , -0.00924648,  0.27237591, ...,  0.01621243,
         -0.03726499,  0.84142294],
        [ 0.00924648,  0.        ,  0.28126115, ...,  0.025457  ,
         -0.02802333,  0.84638356],
        [-0.27237591, -0.28126115,  0.        , ..., -0.25674066,
         -0.30804275,  0.6624238 ],
        ...,
        [-0.01621243, -0.025457  ,  0.25674066, ...,  0.        ,
         -0.05346126,  0.83255153],
        [ 0.03726499,  0.02802333,  0.30804275, ...,  0.05346126,
          0.        ,  0.86097565],
        [-0.84142294, -0.84638356, -0.6624238 , ..., -0.83255153,
         -0.86097565,  0.        ]],

       [[ 0.        ,  0.0266648 ,  0.07583468, ..., -0.9374203 ,
         -0.93241394, -0.94229216],
        [-0.0266648 ,  0.        ,  0.0492197 , ..., -0.94637167,
         -0.94171885, -0.95088426],
        [-0.07583468, -0.0492197 ,  0.        , ..., -0.96112654,
         -0.95713502, -0.96496756],
        ...,
        [ 0.9374203 ,  0.94637167,  0.96112654, ...,  0.        ,
          0.01410984, -0.01426549],
        [ 0.93241394,  0.94171885,  0.95713502, ..., -0.01410984,
          0.        , -0.02837247],
        [ 0.94229216,  0.95088426,  0.96496756, ...,  0.01426549,
          0.02837247,  0.        ]],

       ...,

       [[ 0.        ,  0.01327753, -0.01614791, ..., -0.07047527,
         -0.43450331,  0.07853822],
        [-0.01327753,  0.        , -0.02942228, ..., -0.08371358,
         -0.44642368,  0.06529477],
        [ 0.01614791,  0.02942228,  0.        , ..., -0.05435833,
         -0.41990272,  0.094626  ],
        ...,
        [ 0.07047527,  0.08371358,  0.05435833, ...,  0.        ,
         -0.36994795,  0.14860052],
        [ 0.43450331,  0.44642368,  0.41990272, ...,  0.36994795,
          0.        ,  0.50389821],
        [-0.07853822, -0.06529477, -0.094626  , ..., -0.14860052,
         -0.50389821,  0.        ]],

       [[ 0.        , -0.06256023, -0.92807626, ..., -0.18984537,
         -0.18087786, -0.2911338 ],
        [ 0.06256023,  0.        , -0.90296152, ..., -0.25089601,
         -0.24205189, -0.35041379],
        [ 0.92807626,  0.90296152,  0.        , ..., -0.98189482,
         -0.98012531, -0.99628955],
        ...,
        [ 0.18984537,  0.25089601,  0.98189482, ...,  0.        ,
         -0.00912556,  0.10421753],
        [ 0.18087786,  0.24205189,  0.98012531, ...,  0.00912556,
          0.        ,  0.11328905],
        [ 0.2911338 ,  0.35041379,  0.99628955, ..., -0.10421753,
         -0.11328905,  0.        ]],

       [[ 0.        , -0.01840675,  0.61043618, ..., -0.89636071,
         -0.88907483, -0.88199526],
        [ 0.01840675,  0.        ,  0.62491211, ..., -0.88804867,
         -0.8804983 , -0.8731715 ],
        [-0.61043618, -0.62491211,  0.        , ..., -0.98059825,
         -0.98363987, -0.98627107],
        ...,
        [ 0.89636071,  0.88804867,  0.98059825, ...,  0.        ,
          0.01617025,  0.03140645],
        [ 0.88907483,  0.8804983 ,  0.98363987, ..., -0.01617025,
          0.        ,  0.01524007],
        [ 0.88199526,  0.8731715 ,  0.98627107, ..., -0.03140645,
         -0.01524007,  0.        ]]]), 'num': array([7.85501191e-01, 6.18806949e-01, 3.37437737e-05, 5.49058768e-05,
       5.51281678e-05, 5.16826573e-05, 8.11268785e-03, 3.33436499e-07,
       5.23495303e-05, 5.25273631e-05, 5.71945479e-05, 5.58438364e-07,
       5.70829188e-05, 4.79718075e-05])}
{'img': array([[[ 0.        ,  0.07480931,  0.29565403, ..., -0.90598444,
         -0.72099046, -0.70036338],
        [-0.07480931,  0.        ,  0.2233606 , ..., -0.93511335,
         -0.77080888, -0.75179874],
        [-0.29565403, -0.2233606 ,  0.        , ..., -0.99063608,
         -0.89363062, -0.88008754],
        ...,
        [ 0.90598444,  0.93511335,  0.99063608, ...,  0.        ,
          0.32259418,  0.35020792],
        [ 0.72099046,  0.77080888,  0.89363062, ..., -0.32259418,
          0.        ,  0.02931994],
        [ 0.70036338,  0.75179874,  0.88008754, ..., -0.35020792,
         -0.02931994,  0.        ]],

       [[ 0.        ,  0.28126115,  0.62333678, ..., -0.02802333,
          0.84638356,  0.18802541],
        [-0.28126115,  0.        ,  0.37824033, ..., -0.30804275,
          0.6624238 , -0.09580955],
        [-0.62333678, -0.37824033,  0.        , ..., -0.64500492,
          0.32985972, -0.46519192],
        ...,
        [ 0.02802333,  0.30804275,  0.64500492, ...,  0.        ,
          0.86097565,  0.21547508],
        [-0.84638356, -0.6624238 , -0.32985972, ..., -0.86097565,
          0.        , -0.73115019],
        [-0.18802541,  0.09580955,  0.46519192, ..., -0.21547508,
          0.73115019,  0.        ]],

       [[ 0.        ,  0.0492197 ,  0.1234061 , ..., -0.94171885,
         -0.95088426, -0.94077186],
        [-0.0492197 ,  0.        ,  0.07441305, ..., -0.95713502,
         -0.96496756, -0.95631908],
        [-0.1234061 , -0.07441305,  0.        , ..., -0.97603452,
         -0.98181589, -0.97542047],
        ...,
        [ 0.94171885,  0.95713502,  0.97603452, ...,  0.        ,
         -0.02837247,  0.00280407],
        [ 0.95088426,  0.96496756,  0.98181589, ...,  0.02837247,
          0.        ,  0.0311753 ],
        [ 0.94077186,  0.95631908,  0.97542047, ..., -0.00280407,
         -0.0311753 ,  0.        ]],

       ...,

       [[ 0.        , -0.02942228, -0.05980528, ..., -0.44642368,
          0.06529477,  0.07826742],
        [ 0.02942228,  0.        , -0.03040977, ..., -0.41990272,
          0.094626  ,  0.10756556],
        [ 0.05980528,  0.03040977,  0.        , ..., -0.39210955,
          0.12485555,  0.13774914],
        ...,
        [ 0.44642368,  0.41990272,  0.39210955, ...,  0.        ,
          0.50389821,  0.51508962],
        [-0.06529477, -0.094626  , -0.12485555, ..., -0.50389821,
          0.        ,  0.01300592],
        [-0.07826742, -0.10756556, -0.13774914, ..., -0.51508962,
         -0.01300592,  0.        ]],

       [[ 0.        , -0.92753527, -0.96104017, ..., -0.18096577,
         -0.29127331, -0.37226153],
        [ 0.92753527,  0.        , -0.1027961 , ..., -0.97985446,
         -0.99617644, -0.99999874],
        [ 0.96104017,  0.1027961 ,  0.        , ..., -0.99519334,
         -0.99987984, -0.99486451],
        ...,
        [ 0.18096577,  0.97985446,  0.99519334, ...,  0.        ,
          0.11334514,  0.19815589],
        [ 0.29127331,  0.99617644,  0.99987984, ..., -0.11334514,
          0.        ,  0.08578134],
        [ 0.37226153,  0.99999874,  0.99486451, ..., -0.19815589,
         -0.08578134,  0.        ]],

       [[ 0.        ,  0.62491211,  0.74883848, ..., -0.8804983 ,
         -0.8731715 , -0.86458483],
        [-0.62491211,  0.        ,  0.17045246, ..., -0.98363987,
         -0.98627107, -0.98898729],
        [-0.74883848, -0.17045246,  0.        , ..., -0.93853885,
         -0.94369032, -0.94928731],
        ...,
        [ 0.8804983 ,  0.98363987,  0.93853885, ...,  0.        ,
          0.01524007,  0.03258301],
        [ 0.8731715 ,  0.98627107,  0.94369032, ..., -0.01524007,
          0.        ,  0.01734726],
        [ 0.86458483,  0.98898729,  0.94928731, ..., -0.03258301,
         -0.01734726,  0.        ]]]), 'num': array([ 7.51544554e-01,  6.59643462e-01,  1.92463020e-05,  5.09994962e-05,
        5.27083799e-05,  5.03052622e-05,  7.15988069e-03, -1.76228626e-06,
        5.06577195e-05,  5.06096571e-05,  5.47875216e-05,  5.06955689e-07,
        5.48788079e-05,  4.63405064e-05])}
{'img': array([[[ 0.        ,  0.2233606 ,  0.06699405, ..., -0.77080888,
         -0.75179874, -0.85014537],
        [-0.2233606 ,  0.        , -0.15755729, ..., -0.89363062,
         -0.88008754, -0.94627728],
        [-0.06699405,  0.15755729,  0.        , ..., -0.81175682,
         -0.79428511, -0.88351099],
        ...,
        [ 0.77080888,  0.89363062,  0.81175682, ...,  0.        ,
          0.02931994, -0.13573117],
        [ 0.75179874,  0.88008754,  0.79428511, ..., -0.02931994,
          0.        , -0.16472143],
        [ 0.85014537,  0.94627728,  0.88351099, ...,  0.13573117,
          0.16472143,  0.        ]],

       [[ 0.        ,  0.37824033, -0.06635075, ...,  0.6624238 ,
         -0.09580955, -0.11706922],
        [-0.37824033,  0.        , -0.43882821, ...,  0.32985972,
         -0.46519192, -0.4840113 ],
        [ 0.06635075,  0.43882821,  0.        , ...,  0.71066935,
         -0.0295529 , -0.05091673],
        ...,
        [-0.6624238 , -0.32985972, -0.71066935, ...,  0.        ,
         -0.73115019, -0.7455688 ],
        [ 0.09580955,  0.46519192,  0.0295529 , ...,  0.73115019,
          0.        , -0.02137992],
        [ 0.11706922,  0.4840113 ,  0.05091673, ...,  0.7455688 ,
          0.02137992,  0.        ]],

       [[ 0.        ,  0.07441305,  0.10723081, ..., -0.96496756,
         -0.95631908, -0.94204556],
        [-0.07441305,  0.        ,  0.03294951, ..., -0.98181589,
         -0.97542047, -0.96439821],
        [-0.10723081, -0.03294951,  0.        , ..., -0.98753777,
         -0.98215132, -0.9725882 ],
        ...,
        [ 0.96496756,  0.98181589,  0.98753777, ...,  0.        ,
          0.0311753 ,  0.07656833],
        [ 0.95631908,  0.97542047,  0.98215132, ..., -0.0311753 ,
          0.        ,  0.04544734],
        [ 0.94204556,  0.96439821,  0.9725882 , ..., -0.07656833,
         -0.04544734,  0.        ]],

       ...,

       [[ 0.        , -0.03040977,  0.03909677, ...,  0.094626  ,
          0.10756556,  0.00939562],
        [ 0.03040977,  0.        ,  0.06946521, ...,  0.12485555,
          0.13774914,  0.0397997 ],
        [-0.03909677, -0.06946521,  0.        , ...,  0.05563231,
          0.06861339, -0.02970661],
        ...,
        [-0.094626  , -0.12485555, -0.05563231, ...,  0.        ,
          0.01300592, -0.08526836],
        [-0.10756556, -0.13774914, -0.06861339, ..., -0.01300592,
          0.        , -0.0982197 ],
        [-0.00939562, -0.0397997 ,  0.02970661, ...,  0.08526836,
          0.0982197 ,  0.        ]],

       [[ 0.        , -0.27064279, -0.41447261, ..., -0.67175695,
         -0.74390239, -0.74944216],
        [ 0.27064279,  0.        , -0.15270276, ..., -0.84717138,
         -0.89700724, -0.90065729],
        [ 0.41447261,  0.15270276,  0.        , ..., -0.91836988,
         -0.95398433, -0.95644848],
        ...,
        [ 0.67175695,  0.84717138,  0.91836988, ...,  0.        ,
          0.10213448,  0.11041548],
        [ 0.74390239,  0.89700724,  0.95398433, ..., -0.10213448,
          0.        ,  0.0083281 ],
        [ 0.74944216,  0.90065729,  0.95644848, ..., -0.11041548,
         -0.0083281 ,  0.        ]],

       [[ 0.        ,  0.17045246,  0.39194636, ..., -0.98627107,
         -0.98898729, -0.99339062],
        [-0.17045246,  0.        ,  0.22939635, ..., -0.94369032,
         -0.94928731, -0.95928825],
        [-0.39194636, -0.22939635,  0.        , ..., -0.84263379,
         -0.85184827, -0.86891885],
        ...,
        [ 0.98627107,  0.94369032,  0.84263379, ...,  0.        ,
          0.01734726,  0.0508361 ],
        [ 0.98898729,  0.94928731,  0.85184827, ..., -0.01734726,
          0.        ,  0.03350362],
        [ 0.99339062,  0.95928825,  0.86891885, ..., -0.0508361 ,
         -0.03350362,  0.        ]]]), 'num': array([ 7.25022419e-01,  6.88712202e-01,  8.05104580e-06,  4.66113178e-05,
        4.90400672e-05,  4.66113178e-05,  4.23973859e-03, -2.73880249e-06,
