state_0,state_1,state_2,state_3,state_4,state_5,state_6,state_7,state_8,state_9,state_10,state_11,state_12,state_13,state_14,state_15,state_16,state_17,state_18,state_19,state_20,state_21,state_22,state_23,state_24,state_25,state_26,state_27,state_28,state_29,state_30,state_31,state_32,state_33,state_34,state_35,state_36,state_37,state_38,state_39,state_40,state_41,state_42,state_43,state_44,state_45,state_46,state_47,state_48,state_49,state_50,state_51,state_52,state_53,state_54,state_55,state_56,state_57,state_58,state_59,state_60,state_61,state_62,state_63,state_64,state_65,state_66,state_67,state_68,state_69,state_70,state_71,state_72,state_73,state_74,state_75,state_76,state_77,state_78,state_79,state_80,state_81,state_82,state_83,state_84,state_85,state_86,state_87,state_88,state_89,state_90,state_91,state_92,state_93,state_94,state_95,state_96,state_97,state_98,state_99,state_100,state_101,state_102,state_103,state_104,state_105,state_106,state_107,state_108,state_109,state_110,state_111,state_112,state_113,state_114,state_115,state_116,state_117,state_118,state_119,state_120,state_121,state_122,state_123,state_124,state_125,state_126,state_127,state_128,state_129,state_130,state_131,state_132,state_133,state_134,state_135,state_136,state_137,state_138,state_139,state_140,state_141,state_142,state_143,state_144,state_145,state_146,state_147,state_148,state_149,state_150,state_151,state_152,state_153,state_154,state_155,state_156,state_157,state_158,state_159,state_160,state_161,state_162,state_163,state_164,state_165,state_166,state_167,state_168,state_169,state_170,state_171,state_172,state_173,state_174,state_175,state_176,state_177,state_178,state_179,state_180,state_181,state_182,state_183,state_184,state_185,state_186,state_187,state_188,state_189,state_190,state_191,state_192,state_193,state_194,state_195,state_196,state_197,state_198,state_199,state_200,state_201,state_202,state_203,state_204,state_205,state_206,state_207,state_208,state_209,state_210,state_211,state_212,state_213,state_214,state_215,state_216,state_217,state_218,state_219,state_220,state_221,state_222,state_223,state_224,state_225,state_226,state_227,state_228,state_229,state_230,state_231,state_232,state_233,state_234,state_235,state_236,state_237,state_238,state_239,state_240,state_241,state_242,state_243,state_244,state_245,state_246,state_247,state_248,state_249,state_250,state_251,state_252,state_253,state_254,state_255,state_256,state_257,state_258,state_259,state_260,state_261,state_262,state_263,state_264,state_265,state_266,state_267,state_268,state_269,state_270,state_271,state_272,state_273,state_274,state_275,state_276,state_277,state_278,state_279,state_280,state_281,state_282,state_283,state_284,state_285,state_286,state_287
{'img': array([[[ 0.        , -0.23261969, -0.03251484, ...,  0.44845017,
          0.81436207,  0.10242283],
        [ 0.23261969,  0.        ,  0.20087381, ...,  0.64406549,
          0.92702481,  0.33100948],
        [ 0.03251484, -0.20087381,  0.        , ...,  0.47727507,
          0.8328017 ,  0.13471252],
        ...,
        [-0.44845017, -0.64406549, -0.47727507, ...,  0.        ,
          0.46762194, -0.35454542],
        [-0.81436207, -0.92702481, -0.8328017 , ..., -0.46762194,
          0.        , -0.75063748],
        [-0.10242283, -0.33100948, -0.13471252, ...,  0.35454542,
          0.75063748,  0.        ]],

       [[ 0.        , -0.25663919, -0.0235241 , ...,  0.46566665,
          0.05514456,  0.73281641],
        [ 0.25663919,  0.        ,  0.23383196, ...,  0.67718568,
          0.30954631,  0.53364831],
        [ 0.0235241 , -0.23383196,  0.        , ...,  0.48635568,
          0.07861761,  0.7166072 ],
        ...,
        [-0.46566665, -0.67718568, -0.48635568, ...,  0.        ,
         -0.41615734,  0.96536525],
        [-0.05514456, -0.30954631, -0.07861761, ...,  0.41615734,
          0.        ,  0.76922316],
        [-0.73281641, -0.53364831, -0.7166072 , ..., -0.96536525,
         -0.76922316,  0.        ]],

       [[ 0.        , -0.44429955, -0.59666507, ..., -0.26077558,
          0.14524618, -0.18677403],
        [ 0.44429955,  0.        , -0.17799317, ...,  0.19530337,
          0.5697109 ,  0.26915437],
        [ 0.59666507,  0.17799317,  0.        , ...,  0.36675024,
          0.70689643,  0.43628113],
        ...,
        [ 0.26077558, -0.19530337, -0.36675024, ...,  0.        ,
          0.39823078,  0.07587513],
        [-0.14524618, -0.5697109 , -0.70689643, ..., -0.39823078,
          0.        , -0.32748367],
        [ 0.18677403, -0.26915437, -0.43628113, ..., -0.07587513,
          0.32748367,  0.        ]],

       ...,

       [[ 0.        , -0.15509952, -0.02701296, ...,  0.68604076,
          0.86935495,  0.50002796],
        [ 0.15509952,  0.        ,  0.12835684, ...,  0.79058357,
          0.93548311,  0.62829466],
        [ 0.02701296, -0.12835684,  0.        , ...,  0.70544405,
          0.88238719,  0.52323896],
        ...,
        [-0.68604076, -0.79058357, -0.70544405, ...,  0.        ,
          0.29347734, -0.23031576],
        [-0.86935495, -0.93548311, -0.88238719, ..., -0.29347734,
          0.        , -0.50576153],
        [-0.50002796, -0.62829466, -0.52323896, ...,  0.23031576,
          0.50576153,  0.        ]],

       [[ 0.        , -0.02950954, -0.05379022, ..., -0.06909723,
          0.01242499,  0.02026013],
        [ 0.02950954,  0.        , -0.02429998, ..., -0.03962813,
          0.04192684,  0.04975479],
        [ 0.05379022,  0.02429998,  0.        , ..., -0.01533553,
          0.06619307,  0.07400998],
        ...,
        [ 0.06909723,  0.03962813,  0.01533553, ...,  0.        ,
          0.08148718,  0.08929475],
        [-0.01242499, -0.04192684, -0.06619307, ..., -0.08148718,
          0.        ,  0.00783613],
        [-0.02026013, -0.04975479, -0.07400998, ..., -0.08929475,
         -0.00783613,  0.        ]],

       [[ 0.        , -0.35529707, -0.41678056, ..., -0.92147176,
         -0.96985735, -0.99337269],
        [ 0.35529707,  0.        , -0.06661949, ..., -0.99936239,
         -0.99315394, -0.96939561],
        [ 0.41678056,  0.06661949,  0.        , ..., -0.99952087,
         -0.98316558, -0.95088671],
        ...,
        [ 0.92147176,  0.99936239,  0.99952087, ...,  0.        ,
          0.15219843,  0.27995906],
        [ 0.96985735,  0.99315394,  0.98316558, ..., -0.15219843,
          0.        ,  0.13058521],
        [ 0.99337269,  0.96939561,  0.95088671, ..., -0.27995906,
         -0.13058521,  0.        ]]]), 'num': array([9.93438074e-01, 1.14369793e-01, 1.84484420e-05, 1.01240154e-04,
       1.03895982e-04, 9.91154921e-05, 5.16210055e-04, 2.54959465e-06,
       1.00666495e-04, 9.58116423e-05, 8.88197331e-05, 1.45098883e-07,
       1.05517861e-04, 8.61054235e-05])}
{'img': array([[[ 0.        ,  0.20087381,  0.02906518, ...,  0.92702481,
          0.33100948,  0.62960062],
        [-0.20087381,  0.        , -0.1723162 , ...,  0.8328017 ,
          0.13471252,  0.46070487],
        [-0.02906518,  0.1723162 ,  0.        , ...,  0.91573372,
          0.30344293,  0.60675333],
        ...,
        [-0.92702481, -0.8328017 , -0.91573372, ...,  0.        ,
         -0.75063748, -0.48412292],
        [-0.33100948, -0.13471252, -0.30344293, ...,  0.75063748,
          0.        ,  0.33694087],
        [-0.62960062, -0.46070487, -0.60675333, ...,  0.48412292,
         -0.33694087,  0.        ]],

       [[ 0.        ,  0.23383196,  0.21044286, ...,  0.30954631,
          0.53364831,  0.97890895],
        [-0.23383196,  0.        , -0.0239868 , ...,  0.07861761,
          0.7166072 ,  0.90399951],
        [-0.21044286,  0.0239868 ,  0.        , ...,  0.10250755,
          0.69967077,  0.91399457],
        ...,
        [-0.30954631, -0.07861761, -0.10250755, ...,  0.        ,
          0.76922316,  0.86758984],
        [-0.53364831, -0.7166072 , -0.69967077, ..., -0.76922316,
          0.        , -0.93689241],
        [-0.97890895, -0.90399951, -0.91399457, ..., -0.86758984,
          0.93689241,  0.        ]],

       [[ 0.        , -0.17799317, -0.30144787, ...,  0.5697109 ,
          0.26915437,  0.33047519],
        [ 0.17799317,  0.        , -0.12692086, ...,  0.70689643,
          0.43628113,  0.49319064],
        [ 0.30144787,  0.12692086,  0.        , ...,  0.79095294,
          0.54695757,  0.59961328],
        ...,
        [-0.5697109 , -0.70689643, -0.79095294, ...,  0.        ,
         -0.32748367, -0.26610207],
        [-0.26915437, -0.43628113, -0.54695757, ...,  0.32748367,
          0.        ,  0.06424783],
        [-0.33047519, -0.49319064, -0.59961328, ...,  0.26610207,
         -0.06424783,  0.        ]],

       ...,

       [[ 0.        ,  0.12835684,  0.19726756, ...,  0.93548311,
          0.62829466,  0.6760041 ],
        [-0.12835684,  0.        ,  0.06980118, ...,  0.88238719,
          0.52323896,  0.57582635],
        [-0.19726756, -0.06980118,  0.        , ...,  0.84739185,
          0.46247916,  0.51735437],
        ...,
        [-0.93548311, -0.88238719, -0.84739185, ...,  0.        ,
         -0.50576153, -0.45047497],
        [-0.62829466, -0.52323896, -0.46247916, ...,  0.50576153,
          0.        ,  0.06292561],
        [-0.6760041 , -0.57582635, -0.51735437, ...,  0.45047497,
         -0.06292561,  0.        ]],

       [[ 0.        , -0.02429998, -0.03159876, ...,  0.04192684,
          0.04975479,  0.08867199],
        [ 0.02429998,  0.        , -0.00730159, ...,  0.06619307,
          0.07400998,  0.11285007],
        [ 0.03159876,  0.00730159,  0.        , ...,  0.07347688,
          0.08128957,  0.120102  ],
        ...,
        [-0.04192684, -0.06619307, -0.07347688, ...,  0.        ,
          0.00783613,  0.04683234],
        [-0.04975479, -0.07400998, -0.08128957, ..., -0.00783613,
          0.        ,  0.03900337],
        [-0.08867199, -0.11285007, -0.120102  , ..., -0.04683234,
         -0.03900337,  0.        ]],

       [[ 0.        , -0.22917414, -0.39758382, ..., -0.97591135,
         -0.99637323, -0.99884576],
        [ 0.22917414,  0.        , -0.17671993, ..., -0.99993624,
         -0.98935573, -0.96125402],
        [ 0.39758382,  0.17671993,  0.        , ..., -0.98220279,
         -0.94806866, -0.89740967],
        ...,
        [ 0.97591135,  0.99993624,  0.98220279, ...,  0.        ,
          0.13433546,  0.26479147],
        [ 0.99637323,  0.98935573,  0.94806866, ..., -0.13433546,
          0.        ,  0.13285093],
        [ 0.99884576,  0.96125402,  0.89740967, ..., -0.26479147,
         -0.13285093,  0.        ]]]), 'num': array([ 7.07105302e-01,  7.07105302e-01,  0.00000000e+00,  3.49370845e-04,
        3.67238560e-04,  3.46709696e-04,  1.79423788e-03, -1.29255808e-05,
        3.59027014e-04,  3.44599785e-04,  3.17988295e-04,  4.67894327e-07,
        3.76928024e-04,  3.12271547e-04])}
{'img': array([[[ 0.        , -0.1723162 , -0.22893269, ...,  0.13471252,
          0.46070487,  0.02159729],
        [ 0.1723162 ,  0.        , -0.05776838, ...,  0.30344293,
          0.60675333,  0.19355024],
        [ 0.22893269,  0.05776838,  0.        , ...,  0.35798076,
          0.65165958,  0.24990301],
        ...,
        [-0.13471252, -0.30344293, -0.35798076, ...,  0.        ,
          0.33694087, -0.11328067],
        [-0.46070487, -0.60675333, -0.65165958, ..., -0.33694087,
          0.        , -0.44142866],
        [-0.02159729, -0.19355024, -0.24990301, ...,  0.11328067,
          0.44142866,  0.        ]],

       [[ 0.        , -0.0239868 ,  0.09935123, ...,  0.7166072 ,
          0.90399951,  0.87805206],
        [ 0.0239868 ,  0.        ,  0.12319077, ...,  0.69967077,
          0.91399457,  0.88927867],
        [-0.09935123, -0.12319077,  0.        , ...,  0.78235693,
          0.85705093,  0.8261618 ],
        ...,
        [-0.7166072 , -0.69967077, -0.78235693, ...,  0.        ,
         -0.93689241, -0.9553643 ],
        [-0.90399951, -0.91399457, -0.85705093, ...,  0.93689241,
          0.        , -0.05722597],
        [-0.87805206, -0.88927867, -0.8261618 , ...,  0.9553643 ,
          0.05722597,  0.        ]],

       [[ 0.        , -0.12692086, -0.23821956, ...,  0.43628113,
          0.49319064,  0.39745903],
        [ 0.12692086,  0.        , -0.11302607, ...,  0.54695757,
          0.59961328,  0.51070983],
        [ 0.23821956,  0.11302607,  0.        , ...,  0.63807362,
          0.68622459,  0.60461173],
        ...,
        [-0.43628113, -0.54695757, -0.63807362, ...,  0.        ,
          0.06424783, -0.04270249],
        [-0.49319064, -0.59961328, -0.68622459, ..., -0.06424783,
          0.        , -0.10680349],
        [-0.39745903, -0.51070983, -0.60461173, ...,  0.04270249,
          0.10680349,  0.        ]],

       ...,

       [[ 0.        ,  0.06980118,  0.08322473, ...,  0.52323896,
          0.57582635,  0.40114168],
        [-0.06980118,  0.        ,  0.01346271, ...,  0.46247916,
          0.51735437,  0.33622427],
        [-0.08322473, -0.01346271,  0.        , ...,  0.4505008 ,
          0.50578648,  0.32351486],
        ...,
        [-0.52323896, -0.46247916, -0.4505008 , ...,  0.        ,
          0.06292561, -0.13744795],
        [-0.57582635, -0.51735437, -0.50578648, ..., -0.06292561,
          0.        , -0.19950394],
        [-0.40114168, -0.33622427, -0.32351486, ...,  0.13744795,
          0.19950394,  0.        ]],

       [[ 0.        , -0.00730159, -0.02987998, ...,  0.07400998,
          0.11285007,  0.08519993],
        [ 0.00730159,  0.        , -0.02258086, ...,  0.08128957,
          0.120102  ,  0.0924727 ],
        [ 0.02987998,  0.02258086,  0.        , ...,  0.10377497,
          0.14248879,  0.11493323],
        ...,
        [-0.07400998, -0.08128957, -0.10377497, ...,  0.        ,
          0.03900337,  0.0112254 ],
        [-0.11285007, -0.120102  , -0.14248879, ..., -0.03900337,
          0.        , -0.02778405],
        [-0.08519993, -0.0924727 , -0.11493323, ..., -0.0112254 ,
          0.02778405,  0.        ]],

       [[ 0.        , -0.3315786 , -0.46594852, ..., -0.99735011,
         -0.99806573, -0.98156814],
        [ 0.3315786 ,  0.        , -0.14620402, ..., -0.9650504 ,
         -0.92098937, -0.86266965],
        [ 0.46594852,  0.14620402,  0.        , ..., -0.91636555,
         -0.85413355, -0.7794545 ],
        ...,
        [ 0.99735011,  0.9650504 ,  0.91636555, ...,  0.        ,
          0.13461329,  0.26201647],
        [ 0.99806573,  0.92098937,  0.85413355, ..., -0.13461329,
          0.        ,  0.12972129],
        [ 0.98156814,  0.86266965,  0.7794545 , ..., -0.26201647,
         -0.12972129,  0.        ]]]), 'num': array([7.07106137e-01, 7.07106137e-01, 0.00000000e+00, 3.50131587e-04,
       3.52412575e-04, 3.40627472e-04, 9.33281258e-04, 7.60329179e-07,
       3.56518352e-04, 3.45873744e-04, 3.18014015e-04, 4.54449624e-07,
       3.76941914e-04, 3.14805573e-04])}
{'img': array([[[ 0.00000000e+00, -5.77683781e-02, -7.67086849e-02, ...,
          6.06753330e-01,  1.93550237e-01,  2.15016188e-01],
        [ 5.77683781e-02,  0.00000000e+00, -1.89824160e-02, ...,
          6.51659576e-01,  2.49903010e-01,  2.71074318e-01],
        [ 7.67086849e-02,  1.89824160e-02,  0.00000000e+00, ...,
          6.65940540e-01,  2.68238102e-01,  2.89297159e-01],
        ...,
        [-6.06753330e-01, -6.51659576e-01, -6.65940540e-01, ...,
          0.00000000e+00, -4.41428663e-01, -4.21647407e-01],
        [-1.93550237e-01, -2.49903010e-01, -2.68238102e-01, ...,
          4.41428663e-01,  0.00000000e+00,  2.19271197e-02],
        [-2.15016188e-01, -2.71074318e-01, -2.89297159e-01, ...,
          4.21647407e-01, -2.19271197e-02,  0.00000000e+00]],

       [[ 0.00000000e+00,  1.23190771e-01, -1.79135604e-01, ...,
          9.13994571e-01,  8.89278674e-01,  1.71643938e-01],
        [-1.23190771e-01,  0.00000000e+00, -2.98969215e-01, ...,
          8.57050932e-01,  8.26161805e-01,  4.89740236e-02],
        [ 1.79135604e-01,  2.98969215e-01,  0.00000000e+00, ...,
          9.71890200e-01,  9.56824543e-01,  3.45344554e-01],
        ...,
        [-9.13994571e-01, -8.57050932e-01, -9.71890200e-01, ...,
          0.00000000e+00, -5.72259746e-02, -8.30789547e-01],
        [-8.89278674e-01, -8.26161805e-01, -9.56824543e-01, ...,
          5.72259746e-02,  0.00000000e+00, -7.97576876e-01],
        [-1.71643938e-01, -4.89740236e-02, -3.45344554e-01, ...,
          8.30789547e-01,  7.97576876e-01,  0.00000000e+00]],

       [[ 0.00000000e+00, -1.13026068e-01, -1.80374935e-01, ...,
          5.99613283e-01,  5.10709827e-01,  3.68020998e-01],
        [ 1.13026068e-01,  0.00000000e+00, -6.80468907e-02, ...,
          6.86224594e-01,  6.04611728e-01,  4.70756341e-01],
        [ 1.80374935e-01,  6.80468907e-02,  0.00000000e+00, ...,
          7.34130619e-01,  6.57411046e-01,  5.29700458e-01],
        ...,
        [-5.99613283e-01, -6.86224594e-01, -7.34130619e-01, ...,
          0.00000000e+00, -1.06803494e-01, -2.63007426e-01],
        [-5.10709827e-01, -6.04611728e-01, -6.57411046e-01, ...,
          1.06803494e-01,  0.00000000e+00, -1.58459713e-01],
        [-3.68020998e-01, -4.70756341e-01, -5.29700458e-01, ...,
          2.63007426e-01,  1.58459713e-01,  0.00000000e+00]],

       ...,

       [[ 0.00000000e+00,  1.34627092e-02, -1.79084524e-01, ...,
          5.17354369e-01,  3.36224268e-01,  2.88307258e-01],
        [-1.34627092e-02,  0.00000000e+00, -1.92313361e-01, ...,
          5.05786484e-01,  3.23514860e-01,  2.75390075e-01],
        [ 1.79084524e-01,  1.92313361e-01,  0.00000000e+00, ...,
          6.62246049e-01,  4.99447335e-01,  4.55126622e-01],
        ...,
        [-5.17354369e-01, -5.05786484e-01, -6.62246049e-01, ...,
          0.00000000e+00, -1.99503940e-01, -2.48661375e-01],
        [-3.36224268e-01, -3.23514860e-01, -4.99447335e-01, ...,
          1.99503940e-01,  0.00000000e+00, -5.04249241e-02],
        [-2.88307258e-01, -2.75390075e-01, -4.55126622e-01, ...,
          2.48661375e-01,  5.04249241e-02,  0.00000000e+00]],

       [[ 0.00000000e+00, -2.25808600e-02, -2.62521846e-02, ...,
          1.20102005e-01,  9.24726989e-02,  9.30131407e-02],
        [ 2.25808600e-02,  0.00000000e+00, -3.67241327e-03, ...,
          1.42488791e-01,  1.14933226e-01,  1.15472393e-01],
        [ 2.62521846e-02,  3.67241327e-03,  0.00000000e+00, ...,
          1.46122772e-01,  1.18580528e-01,  1.19119462e-01],
        ...,
        [-1.20102005e-01, -1.42488791e-01, -1.46122772e-01, ...,
          0.00000000e+00, -2.77840537e-02, -2.72414781e-02],
        [-9.24726989e-02, -1.14933226e-01, -1.18580528e-01, ...,
          2.77840537e-02,  0.00000000e+00,  5.42781111e-04],
        [-9.30131407e-02, -1.15472393e-01, -1.19119462e-01, ...,
          2.72414781e-02, -5.42781111e-04,  0.00000000e+00]],

       [[ 0.00000000e+00, -3.42060440e-01, -4.78002482e-01, ...,
         -9.95658007e-01, -9.74177080e-01, -9.51685634e-01],
        [ 3.42060440e-01,  0.00000000e+00, -1.48716704e-01, ...,
         -9.03756600e-01, -8.38180495e-01, -7.89240133e-01],
        [ 4.78002482e-01,  1.48716704e-01,  0.00000000e+00, ...,
         -8.30048984e-01, -7.47750755e-01, -6.89139006e-01],
        ...,
        [ 9.95658007e-01,  9.03756600e-01,  8.30048984e-01, ...,
          0.00000000e+00,  1.34122044e-01,  2.17151434e-01],
        [ 9.74177080e-01,  8.38180495e-01,  7.47750755e-01, ...,
         -1.34122044e-01,  0.00000000e+00,  8.42678170e-02],
        [ 9.51685634e-01,  7.89240133e-01,  6.89139006e-01, ...,
         -2.17151434e-01, -8.42678170e-02,  0.00000000e+00]]]), 'num': array([ 9.67487746e-01,  2.52912200e-01,  1.56191385e-05,  4.78296913e-04,
        4.89274219e-04,  4.77251455e-04,  1.03551543e-03, -3.13637320e-06,
        4.84778750e-04,  4.77199182e-04,  4.37402091e-04,  6.07549022e-07,
        5.17690800e-04,  4.36707563e-04])}
{'img': array([[[ 0.00000000e+00, -1.89824160e-02, -4.38598311e-01, ...,
          2.49903010e-01,  2.71074318e-01,  2.08154682e-01],
        [ 1.89824160e-02,  0.00000000e+00, -4.21460105e-01, ...,
          2.68238102e-01,  2.89297159e-01,  2.26683800e-01],
        [ 4.38598311e-01,  4.21460105e-01,  0.00000000e+00, ...,
          6.49265611e-01,  6.65786438e-01,  6.16056338e-01],
        ...,
        [-2.49903010e-01, -2.68238102e-01, -6.49265611e-01, ...,
          0.00000000e+00,  2.19271197e-02, -4.28789982e-02],
        [-2.71074318e-01, -2.89297159e-01, -6.65786438e-01, ...,
         -2.19271197e-02,  0.00000000e+00, -6.47756416e-02],
        [-2.08154682e-01, -2.26683800e-01, -6.16056338e-01, ...,
          4.28789982e-02,  6.47756416e-02,  0.00000000e+00]],

       [[ 0.00000000e+00, -2.98969215e-01,  6.94972047e-01, ...,
          8.26161805e-01,  4.89740236e-02, -2.01603476e-01],
        [ 2.98969215e-01,  0.00000000e+00,  8.78155795e-01, ...,
          9.56824543e-01,  3.45344554e-01,  1.00447857e-01],
        [-6.94972047e-01, -8.78155795e-01,  0.00000000e+00, ...,
          2.02470562e-01, -6.58923994e-01, -8.25662649e-01],
        ...,
        [-8.26161805e-01, -9.56824543e-01, -2.02470562e-01, ...,
          0.00000000e+00, -7.97576876e-01, -9.22788446e-01],
        [-4.89740236e-02, -3.45344554e-01,  6.58923994e-01, ...,
          7.97576876e-01,  0.00000000e+00, -2.49330013e-01],
        [ 2.01603476e-01, -1.00447857e-01,  8.25662649e-01, ...,
          9.22788446e-01,  2.49330013e-01,  0.00000000e+00]],

       [[ 0.00000000e+00, -6.80468907e-02, -1.89882831e-01, ...,
          6.04611728e-01,  4.70756341e-01,  2.97905693e-01],
        [ 6.80468907e-02,  0.00000000e+00, -1.22633809e-01, ...,
          6.57411046e-01,  5.29700458e-01,  3.62172427e-01],
        [ 1.89882831e-01,  1.22633809e-01,  0.00000000e+00, ...,
          7.44857418e-01,  6.29718403e-01,  4.73747081e-01],
        ...,
        [-6.04611728e-01, -6.57411046e-01, -7.44857418e-01, ...,
          0.00000000e+00, -1.58459713e-01, -3.39871572e-01],
        [-4.70756341e-01, -5.29700458e-01, -6.29718403e-01, ...,
          1.58459713e-01,  0.00000000e+00, -1.86550545e-01],
        [-2.97905693e-01, -3.62172427e-01, -4.73747081e-01, ...,
          3.39871572e-01,  1.86550545e-01,  0.00000000e+00]],

       ...,

       [[ 0.00000000e+00, -1.92313361e-01, -7.10822187e-01, ...,
          3.23514860e-01,  2.75390075e-01,  2.30158724e-01],
        [ 1.92313361e-01,  0.00000000e+00, -5.62285888e-01, ...,
          4.99447335e-01,  4.55126622e-01,  4.13012826e-01],
        [ 7.10822187e-01,  5.62285888e-01,  0.00000000e+00, ...,
          9.00147580e-01,  8.77038118e-01,  8.53625961e-01],
        ...,
        [-3.23514860e-01, -4.99447335e-01, -9.00147580e-01, ...,
          0.00000000e+00, -5.04249241e-02, -9.70479916e-02],
        [-2.75390075e-01, -4.55126622e-01, -8.77038118e-01, ...,
          5.04249241e-02,  0.00000000e+00, -4.67376289e-02],
        [-2.30158724e-01, -4.13012826e-01, -8.53625961e-01, ...,
          9.70479916e-02,  4.67376289e-02,  0.00000000e+00]],

       [[ 0.00000000e+00, -3.67241327e-03,  9.96192735e-02, ...,
          1.14933226e-01,  1.15472393e-01,  9.79428933e-02],
        [ 3.67241327e-03,  0.00000000e+00,  1.03272747e-01, ...,
          1.18580528e-01,  1.19119462e-01,  1.01596989e-01],
        [-9.96192735e-02, -1.03272747e-01,  0.00000000e+00, ...,
          1.54023871e-02,  1.59451016e-02, -1.68461875e-03],
        ...,
        [-1.14933226e-01, -1.18580528e-01, -1.54023871e-02, ...,
          0.00000000e+00,  5.42781111e-04, -1.70867842e-02],
        [-1.15472393e-01, -1.19119462e-01, -1.59451016e-02, ...,
         -5.42781111e-04,  0.00000000e+00, -1.76294835e-02],
        [-9.79428933e-02, -1.01596989e-01,  1.68461875e-03, ...,
          1.70867842e-02,  1.76294835e-02,  0.00000000e+00]],

       [[ 0.00000000e+00, -3.49936141e-01, -6.73197901e-01, ...,
         -9.64548395e-01, -9.37597414e-01, -8.97852388e-01],
        [ 3.49936141e-01,  0.00000000e+00, -3.71869387e-01, ...,
         -8.11213173e-01, -7.56635719e-01, -6.87008684e-01],
        [ 6.73197901e-01,  3.71869387e-01,  0.00000000e+00, ...,
         -5.35586249e-01, -4.59231796e-01, -3.67521306e-01],
        ...,
        [ 9.64548395e-01,  8.11213173e-01,  5.35586249e-01, ...,
          0.00000000e+00,  8.79577769e-02,  1.87738712e-01],
        [ 9.37597414e-01,  7.56635719e-01,  4.59231796e-01, ...,
         -8.79577769e-02,  0.00000000e+00,  1.00617275e-01],
        [ 8.97852388e-01,  6.87008684e-01,  3.67521306e-01, ...,
         -1.87738712e-01, -1.00617275e-01,  0.00000000e+00]]]), 'num': array([ 7.53942763e-01,  6.56938910e-01,  2.14847958e-06,  3.68835943e-04,
        3.73737418e-04,  3.67202118e-04,  6.97438951e-04, -4.90147433e-06,
        3.76678302e-04,  3.74247988e-04,  3.41843796e-04,  3.96493042e-07,
        4.02524104e-04,  3.45971872e-04])}
{'img': array([[[ 0.        , -0.42146011, -0.49359301, ...,  0.28929716,
          0.2266838 ,  0.10602943],
        [ 0.42146011,  0.        , -0.0810724 , ...,  0.66578644,
          0.61605634,  0.51523679],
        [ 0.49359301,  0.0810724 ,  0.        , ...,  0.72408637,
          0.67788932,  0.58302368],
        ...,
        [-0.28929716, -0.66578644, -0.72408637, ...,  0.        ,
         -0.06477564, -0.18617085],
        [-0.2266838 , -0.61605634, -0.67788932, ...,  0.06477564,
          0.        , -0.12213667],
        [-0.10602943, -0.51523679, -0.58302368, ...,  0.18617085,
          0.12213667,  0.        ]],

       [[ 0.        ,  0.8781558 ,  0.69118161, ...,  0.34534455,
          0.10044786, -0.08716767],
        [-0.8781558 ,  0.        , -0.30398277, ..., -0.65892399,
         -0.82566265, -0.91651204],
        [-0.69118161,  0.30398277,  0.        , ..., -0.39908335,
         -0.61509407, -0.75154517],
        ...,
        [-0.34534455,  0.65892399,  0.39908335, ...,  0.        ,
         -0.24933001, -0.42583482],
        [-0.10044786,  0.82566265,  0.61509407, ...,  0.24933001,
          0.        , -0.18679232],
        [ 0.08716767,  0.91651204,  0.75154517, ...,  0.42583482,
          0.18679232,  0.        ]],

       [[ 0.        , -0.12263381, -0.29870817, ...,  0.52970046,
          0.36217243,  0.28670758],
        [ 0.12263381,  0.        , -0.17941862, ...,  0.6297184 ,
          0.47374708,  0.40202892],
        [ 0.29870817,  0.17941862,  0.        , ...,  0.75887644,
          0.62406647,  0.55978565],
        ...,
        [-0.52970046, -0.6297184 , -0.75887644, ...,  0.        ,
         -0.18655054, -0.26428164],
        [-0.36217243, -0.47374708, -0.62406647, ...,  0.18655054,
          0.        , -0.07972443],
        [-0.28670758, -0.40202892, -0.55978565, ...,  0.26428164,
          0.07972443,  0.        ]],

       ...,

       [[ 0.        , -0.56228589, -0.62540034, ...,  0.45512662,
          0.41301283,  0.1590289 ],
        [ 0.56228589,  0.        , -0.07841642, ...,  0.87703812,
          0.85362596,  0.68663802],
        [ 0.62540034,  0.07841642,  0.        , ...,  0.91201033,
          0.89184344,  0.74153235],
        ...,
        [-0.45512662, -0.87703812, -0.91201033, ...,  0.        ,
         -0.04673763, -0.30773106],
        [-0.41301283, -0.85362596, -0.89184344, ...,  0.04673763,
          0.        , -0.26292517],
        [-0.1590289 , -0.68663802, -0.74153235, ...,  0.30773106,
          0.26292517,  0.        ]],

       [[ 0.        ,  0.10327275,  0.19982307, ...,  0.11911946,
          0.10159699,  0.03130247],
        [-0.10327275,  0.        ,  0.09756469, ...,  0.0159451 ,
         -0.00168462, -0.07208704],
        [-0.19982307, -0.09756469,  0.        , ..., -0.08168325,
         -0.09924113, -0.16905398],
        ...,
        [-0.11911946, -0.0159451 ,  0.08168325, ...,  0.        ,
         -0.01762948, -0.08798149],
        [-0.10159699,  0.00168462,  0.09924113, ...,  0.01762948,
          0.        , -0.0704067 ],
        [-0.03130247,  0.07208704,  0.16905398, ...,  0.08798149,
          0.0704067 ,  0.        ]],

       [[ 0.        , -0.60497096, -0.8027773 , ..., -0.92008471,
         -0.87322602, -0.77022597],
        [ 0.60497096,  0.        , -0.27847798, ..., -0.49563629,
         -0.40049238, -0.22745755],
        [ 0.8027773 ,  0.27847798,  0.        , ..., -0.23416368,
         -0.12948055,  0.0527186 ],
        ...,
        [ 0.92008471,  0.49563629,  0.23416368, ...,  0.        ,
          0.10631185,  0.28509092],
        [ 0.87322602,  0.40049238,  0.12948055, ..., -0.10631185,
          0.        ,  0.1815753 ],
        [ 0.77022597,  0.22745755, -0.0527186 , ..., -0.28509092,
         -0.1815753 ,  0.        ]]]), 'num': array([7.50070478e-01, 6.61356391e-01, 1.91194154e-06, 3.75907149e-04,
       3.77527439e-04, 3.66185413e-04, 9.55136319e-04, 1.01268090e-05,
       3.71532368e-04, 3.72646317e-04, 3.39254852e-04, 3.82471755e-07,
       3.98233908e-04, 3.47058726e-04])}
{'img': array([[[ 0.        , -0.0810724 ,  0.08042782, ...,  0.61605634,
          0.51523679,  0.72312055],
        [ 0.0810724 ,  0.        ,  0.16097283, ...,  0.67788932,
          0.58302368,  0.77673867],
        [-0.08042782, -0.16097283,  0.        , ...,  0.55070742,
          0.44463716,  0.6652247 ],
        ...,
        [-0.61605634, -0.67788932, -0.55070742, ...,  0.        ,
         -0.12213667,  0.14407999],
        [-0.51523679, -0.58302368, -0.44463716, ...,  0.12213667,
          0.        ,  0.26386361],
        [-0.72312055, -0.77673867, -0.6652247 , ..., -0.14407999,
         -0.26386361,  0.        ]],

       [[ 0.        , -0.30398277, -0.75118927, ..., -0.82566265,
         -0.91651204, -0.69368024],
        [ 0.30398277,  0.        , -0.51498611, ..., -0.61509407,
         -0.75154517, -0.44189993],
        [ 0.75118927,  0.51498611,  0.        , ..., -0.12121501,
         -0.30449653,  0.08317971],
        ...,
        [ 0.82566265,  0.61509407,  0.12121501, ...,  0.        ,
         -0.18679232,  0.20336132],
        [ 0.91651204,  0.75154517,  0.30449653, ...,  0.18679232,
          0.        ,  0.3826711 ],
        [ 0.69368024,  0.44189993, -0.08317971, ..., -0.20336132,
         -0.3826711 ,  0.        ]],

       [[ 0.        , -0.17941862, -0.27720549, ...,  0.47374708,
          0.40202892,  0.33576947],
        [ 0.17941862,  0.        , -0.10031991, ...,  0.62406647,
          0.55978565,  0.4993232 ],
        [ 0.27720549,  0.10031991,  0.        , ...,  0.69930529,
          0.6400905 ,  0.58372298],
        ...,
        [-0.47374708, -0.62406647, -0.69930529, ...,  0.        ,
         -0.07972443, -0.15054426],
        [-0.40202892, -0.55978565, -0.6400905 , ...,  0.07972443,
          0.        , -0.07124923],
        [-0.33576947, -0.4993232 , -0.58372298, ...,  0.15054426,
          0.07124923,  0.        ]],

       ...,

       [[ 0.        , -0.07841642,  0.04314679, ...,  0.85362596,
          0.68663802,  0.65934353],
        [ 0.07841642,  0.        ,  0.12135732, ...,  0.89184344,
          0.74153235,  0.71626995],
        [-0.04314679, -0.12135732,  0.        , ...,  0.83035644,
          0.65463089,  0.62628995],
        ...,
        [-0.85362596, -0.89184344, -0.83035644, ...,  0.        ,
         -0.26292517, -0.29834857],
        [-0.68663802, -0.74153235, -0.65463089, ...,  0.26292517,
          0.        , -0.03690078],
        [-0.65934353, -0.71626995, -0.62628995, ...,  0.29834857,
          0.03690078,  0.        ]],

       [[ 0.        ,  0.09756469,  0.11987144, ..., -0.00168462,
         -0.07208704, -0.10416816],
        [-0.09756469,  0.        ,  0.02243837, ..., -0.09924113,
         -0.16905398, -0.2007051 ],
        [-0.11987144, -0.02243837,  0.        , ..., -0.12154374,
         -0.19112683, -0.22263635],
        ...,
        [ 0.00168462,  0.09924113,  0.12154374, ...,  0.        ,
         -0.0704067 , -0.10249256],
        [ 0.07208704,  0.16905398,  0.19112683, ...,  0.0704067 ,
          0.        , -0.03220229],
        [ 0.10416816,  0.2007051 ,  0.22263635, ...,  0.10249256,
          0.03220229,  0.        ]],

       [[ 0.        , -0.62907014, -0.76336561, ..., -0.75473915,
         -0.56724775, -0.26349607],
        [ 0.62907014,  0.        , -0.1870428 , ..., -0.17400963,
          0.07711974,  0.40201081],
        [ 0.76336561,  0.1870428 ,  0.        , ...,  0.0132506 ,
          0.26224447,  0.56617895],
        ...,
        [ 0.75473915,  0.17400963, -0.0132506 , ...,  0.        ,
          0.2494346 ,  0.555207  ],
        [ 0.56724775, -0.07711974, -0.26224447, ..., -0.2494346 ,
          0.        ,  0.33020003],
        [ 0.26349607, -0.40201081, -0.56617895, ..., -0.555207  ,
         -0.33020003,  0.        ]]]), 'num': array([9.16418331e-01, 4.00217611e-01, 1.09480535e-05, 4.62545448e-04,
       4.65488473e-04, 4.49301835e-04, 1.29687345e-03, 7.35756280e-06,
       4.52244860e-04, 4.53201343e-04, 4.11614763e-04, 5.04633937e-07,
       4.81734145e-04, 4.24668542e-04])}
{'img': array([[[ 0.00000000e+00,  1.60972831e-01, -9.08190995e-03, ...,
          5.83023676e-01,  7.76738670e-01,  8.83547885e-01],
        [-1.60972831e-01,  0.00000000e+00, -1.69929664e-01, ...,
          4.44637162e-01,  6.65224700e-01,  7.96635245e-01],
        [ 9.08190995e-03,  1.69929664e-01,  0.00000000e+00, ...,
          5.90378276e-01,  7.82426632e-01,  8.87764876e-01],
        ...,
        [-5.83023676e-01, -4.44637162e-01, -5.90378276e-01, ...,
          0.00000000e+00,  2.63863610e-01,  4.44789249e-01],
        [-7.76738670e-01, -6.65224700e-01, -7.82426632e-01, ...,
         -2.63863610e-01,  0.00000000e+00,  1.92700365e-01],
        [-8.83547885e-01, -7.96635245e-01, -8.87764876e-01, ...,
         -4.44789249e-01, -1.92700365e-01,  0.00000000e+00]],

       [[ 0.00000000e+00, -5.14986109e-01, -7.51197463e-01, ...,
         -7.51545166e-01, -4.41899933e-01, -3.17213522e-01],
        [ 5.14986109e-01,  0.00000000e+00, -3.03994587e-01, ...,
         -3.04496527e-01,  8.31797095e-02,  2.16474248e-01],
        [ 7.51197463e-01,  3.03994587e-01,  0.00000000e+00, ...,
         -5.26919390e-04,  3.82184239e-01,  5.03015703e-01],
        ...,
        [ 7.51545166e-01,  3.04496527e-01,  5.26919390e-04, ...,
          0.00000000e+00,  3.82671105e-01,  5.03471037e-01],
        [ 4.41899933e-01, -8.31797095e-02, -3.82184239e-01, ...,
         -3.82671105e-01,  0.00000000e+00,  1.34516691e-01],
        [ 3.17213522e-01, -2.16474248e-01, -5.03015703e-01, ...,
         -5.03471037e-01, -1.34516691e-01,  0.00000000e+00]],

       [[ 0.00000000e+00, -1.00319910e-01, -2.25868267e-01, ...,
          5.59785652e-01,  4.99323197e-01,  5.57343769e-01],
        [ 1.00319910e-01,  0.00000000e+00, -1.27001386e-01, ...,
          6.40090498e-01,  5.83722984e-01,  6.37825899e-01],
        [ 2.25868267e-01,  1.27001386e-01,  0.00000000e+00, ...,
          7.32482494e-01,  6.82115451e-01,  7.30475129e-01],
        ...,
        [-5.59785652e-01, -6.40090498e-01, -7.32482494e-01, ...,
          0.00000000e+00, -7.12492344e-02, -2.94393747e-03],
        [-4.99323197e-01, -5.83722984e-01, -6.82115451e-01, ...,
          7.12492344e-02,  0.00000000e+00,  6.83124701e-02],
        [-5.57343769e-01, -6.37825899e-01, -7.30475129e-01, ...,
          2.94393747e-03, -6.83124701e-02,  0.00000000e+00]],

       ...,

       [[ 0.00000000e+00,  1.21357321e-01, -3.31347352e-01, ...,
          7.41532345e-01,  7.16269949e-01,  7.93096297e-01],
        [-1.21357321e-01,  0.00000000e+00, -4.43400031e-01, ...,
          6.54630891e-01,  6.26289950e-01,  7.13316141e-01],
        [ 3.31347352e-01,  4.43400031e-01,  0.00000000e+00, ...,
          9.21948934e-01,  9.07028932e-01,  9.50115803e-01],
        ...,
        [-7.41532345e-01, -6.54630891e-01, -9.21948934e-01, ...,
          0.00000000e+00, -3.69007787e-02,  8.04372988e-02],
        [-7.16269949e-01, -6.26289950e-01, -9.07028932e-01, ...,
          3.69007787e-02,  0.00000000e+00,  1.17163724e-01],
        [-7.93096297e-01, -7.13316141e-01, -9.50115803e-01, ...,
         -8.04372988e-02, -1.17163724e-01,  0.00000000e+00]],

       [[ 0.00000000e+00,  2.24383691e-02,  9.79197187e-02, ...,
         -1.69053980e-01, -2.00705098e-01, -2.13733427e-01],
        [-2.24383691e-02,  0.00000000e+00,  7.55645278e-02, ...,
         -1.91126826e-01, -2.22636353e-01, -2.35599479e-01],
        [-9.79197187e-02, -7.55645278e-02,  0.00000000e+00, ...,
         -2.64751900e-01, -2.95667792e-01, -3.08363284e-01],
        ...,
        [ 1.69053980e-01,  1.91126826e-01,  2.64751900e-01, ...,
          0.00000000e+00, -3.22022884e-02, -4.55096339e-02],
        [ 2.00705098e-01,  2.22636353e-01,  2.95667792e-01, ...,
          3.22022884e-02,  0.00000000e+00, -1.33171076e-02],
        [ 2.13733427e-01,  2.35599479e-01,  3.08363284e-01, ...,
          4.55096339e-02,  1.33171076e-02,  0.00000000e+00]],

       [[ 0.00000000e+00, -1.62069205e-01, -3.30314867e-01, ...,
          6.34667412e-02,  2.91625022e-01,  7.17127179e-01],
        [ 1.62069205e-01,  0.00000000e+00, -1.72975514e-01, ...,
          2.24370139e-01,  4.42794061e-01,  8.20599212e-01],
        [ 3.30314867e-01,  1.72975514e-01,  0.00000000e+00, ...,
          3.89553341e-01,  5.91213322e-01,  9.07085817e-01],
        ...,
        [-6.34667412e-02, -2.24370139e-01, -3.89553341e-01, ...,
          0.00000000e+00,  2.30329078e-01,  6.71448759e-01],
        [-2.91625022e-01, -4.42794061e-01, -5.91213322e-01, ...,
         -2.30329078e-01,  0.00000000e+00,  4.82709790e-01],
        [-7.17127179e-01, -8.20599212e-01, -9.07085817e-01, ...,
         -6.71448759e-01, -4.82709790e-01,  0.00000000e+00]]]), 'num': array([ 9.55178181e-01,  2.96026963e-01,  1.40394291e-05,  4.81483709e-04,
        4.85585807e-04,  4.73792276e-04,  9.46066776e-04, -2.05104882e-06,
        4.74612696e-04,  4.75894601e-04,  4.31181737e-04,  5.36362138e-07,
        5.01206364e-04,  4.50582839e-04])}
{'img': array([[[ 0.        , -0.16992966, -0.29548735, ...,  0.6652247 ,
          0.79663524,  0.7616918 ],
        [ 0.16992966,  0.        , -0.12884811, ...,  0.78242663,
          0.88776488,  0.86071804],
        [ 0.29548735,  0.12884811,  0.        , ...,  0.85614382,
          0.9396732 ,  0.91913764],
        ...,
        [-0.6652247 , -0.78242663, -0.85614382, ...,  0.        ,
          0.19270037,  0.13768666],
        [-0.79663524, -0.88776488, -0.9396732 , ..., -0.19270037,
          0.        , -0.05575897],
        [-0.7616918 , -0.86071804, -0.91913764, ..., -0.13768666,
          0.05575897,  0.        ]],

       [[ 0.        , -0.30399459, -0.25151061, ...,  0.08317971,
          0.21647425, -0.20701493],
        [ 0.30399459,  0.        ,  0.05461498, ...,  0.38218424,
          0.5030157 ,  0.1001917 ],
        [ 0.25151061, -0.05461498,  0.        , ...,  0.33114488,
          0.45506246,  0.045702  ],
        ...,
        [-0.08317971, -0.38218424, -0.33114488, ...,  0.        ,
          0.13451669, -0.28767538],
        [-0.21647425, -0.5030157 , -0.45506246, ..., -0.13451669,
          0.        , -0.41389119],
        [ 0.20701493, -0.1001917 , -0.045702  , ...,  0.28767538,
          0.41389119,  0.        ]],

       [[ 0.        , -0.12700139, -0.27782176, ...,  0.58372298,
          0.6378259 ,  0.6787306 ],
        [ 0.12700139,  0.        , -0.15357044, ...,  0.68211545,
          0.73047513,  0.76650281],
        [ 0.27782176,  0.15357044,  0.        , ...,  0.78632153,
          0.8266893 ,  0.85603955],
        ...,
        [-0.58372298, -0.68211545, -0.78632153, ...,  0.        ,
          0.06831247,  0.12241849],
        [-0.6378259 , -0.73047513, -0.8266893 , ..., -0.06831247,
          0.        ,  0.05433385],
        [-0.6787306 , -0.76650281, -0.85603955, ..., -0.12241849,
         -0.05433385,  0.        ]],

       ...,

       [[ 0.        , -0.44340003, -0.54795878, ...,  0.62628995,
          0.71331614,  0.72981079],
        [ 0.44340003,  0.        , -0.12024202, ...,  0.90702893,
          0.9501158 ,  0.95727688],
        [ 0.54795878,  0.12024202,  0.        , ...,  0.95107818,
          0.98072551,  0.98510219],
        ...,
