psbl_qty,qty,evlu_rate,stck_clpr,stck_hgpr,stck_lwpr,acml_vol,prdy_vrss,5,20,60,rsi,bb_upper,bb_lower
0.002248027,4.7685422e-05,-9.999564e-12,0.33039185,0.34061015,0.3286888,0.23417969,-0.009877695,0.3355691,0.34222806,0.3803537,0.00013047566,0.382298,0.30215812
0.0008402764,0.0014965254,-2.4109076e-10,0.33715224,0.34027722,0.33159667,0.18155178,0.00034722165,0.34187445,0.3459543,0.38630724,0.00014124271,0.38098845,0.31092015
0.00039711373,0.001957701,-2.5589324e-08,0.33441156,0.3399851,0.33301818,0.19867879,-0.0038317991,0.34137848,0.34407815,0.3858854,0.00014414292,0.37209505,0.31606126
0.0001762213,0.0021422983,8.443623e-08,0.3444954,0.3444954,0.33205622,0.21309303,0.012784683,0.338414,0.33950245,0.38155943,0.00021575471,0.36083773,0.31816718
0.00017819033,0.0021697294,3.900698e-08,0.34345314,0.34729645,0.34100738,0.16665688,-0.0048914994,0.34107727,0.34264952,0.38459995,0.00019149414,0.36337426,0.3219248
0.0001443985,0.00222585,-7.507548e-09,0.34127352,0.3469086,0.33916038,0.15970474,-0.0049306806,0.34373885,0.34382692,0.38633057,0.00017609572,0.36061263,0.3270412
7.103381e-05,0.0023228056,-8.996019e-08,0.33563477,0.3441588,0.33456925,0.17063387,-0.008524057,0.34479812,0.34525985,0.38833594,0.00016392418,0.36058718,0.32993248
5.7417932e-05,0.0023613125,-4.7835105e-08,0.343431,0.34450758,0.33912465,0.10454011,0.004306345,0.348168,0.3478091,0.39101014,0.00018093886,0.36173666,0.33388156
3.6069527e-05,0.0023950166,-8.4374015e-08,0.34157842,0.3487923,0.3354466,0.103537574,-0.0036069527,0.34633958,0.34863,0.39174512,0.00017666706,0.36206314,0.33519688
3.2593514e-05,0.0024082984,-1.1780694e-07,0.33969685,0.34621555,0.33861038,0.10020695,-0.0032593512,0.34447724,0.34992757,0.39196113,0.00018731903,0.3637081,0.33614707
2.5285237e-05,0.002409322,-1.5056143e-07,0.33557123,0.34279558,0.3344876,0.15989661,-0.003250959,0.3407005,0.3484125,0.38951308,0.00013935303,0.36335745,0.33346757
1.7916582e-05,0.0023972385,-3.606909e-08,0.34399837,0.34794003,0.3307401,0.17089552,0.01110828,0.3390534,0.34546754,0.38527817,0.00016034931,0.36029032,0.33064473
1.8061315e-05,0.002416604,-4.7445802e-08,0.34569356,0.3489446,0.3424425,0.10213312,-0.0010836789,0.34179232,0.3481499,0.38746938,0.00014272843,0.3631338,0.333166
1.0838019e-05,0.0024241037,-7.701689e-08,0.34284267,0.3471779,0.33525607,0.13886754,-0.0028901384,0.34197563,0.34808105,0.38645366,0.00013803138,0.3631879,0.33297423
1.05117915e-05,0.0023511373,-2.5444922e-07,0.31500337,0.3339246,0.29993644,0.33283836,-0.017519653,0.328949,0.33667517,0.37327373,0.000121810466,0.35428607,0.3190643
1.10097535e-05,0.002462515,-2.4767638e-07,0.3317606,0.33322856,0.31597993,0.19283217,0.001834959,0.34269693,0.35214698,0.3893477,0.00013162153,0.37216532,0.33212864
1.1029951e-05,0.0024670323,-2.632196e-07,0.33089852,0.3382518,0.32722187,0.17825136,-0.0014706601,0.33891362,0.3514326,0.38844422,0.0001358762,0.37345606,0.32940915
6.7851342e-06,0.0022798053,7.732097e-09,0.32975754,0.33416787,0.30702734,0.37790483,0.024426484,0.3137446,0.32409194,0.35716382,0.00015362569,0.34413865,0.30404523
0.00036732078,0.0020598774,1.4727521e-08,0.35075533,0.35291606,0.34571368,0.15223646,0.00072023686,0.3348381,0.34355298,0.37775823,0.00017365394,0.36378124,0.3233247
0.00025428843,0.0021524979,6.161185e-08,0.35421303,0.3560038,0.34812444,0.14328615,0.005372291,0.33945715,0.3414986,0.3744009,0.00019317686,0.36109647,0.32190076
0.00033753432,0.0020790678,3.847796e-08,0.35261565,0.35800183,0.3465113,0.12205098,-0.0025135535,0.34593678,0.34259734,0.37407064,0.00020756893,0.36259246,0.3226022
0.0003090825,0.001988431,1.5233626e-07,0.35029352,0.35235408,0.33312228,0.27380246,0.013050151,0.33909786,0.3285032,0.35690445,0.00021284517,0.3499176,0.3070888
0.0002661385,0.0020765807,1.4602209e-07,0.35613534,0.36033753,0.34773096,0.17084691,-0.0010505468,0.3489216,0.33596483,0.36294055,0.0002229676,0.35967442,0.31225526
0.00019684804,0.0021100729,2.0348794e-07,0.35777995,0.36088806,0.35121834,0.19369157,0.006561601,0.3483865,0.33199975,0.3570547,0.00023629035,0.35751742,0.30648208
0.00020015895,0.0021455635,1.8394579e-07,0.36133957,0.36485112,0.35572106,0.077433415,-0.0024580923,0.35705546,0.3383915,0.362235,0.00024208483,0.3661753,0.31060776
0.00011915817,0.002225454,1.3772629e-07,0.3557222,0.3644838,0.3546708,0.10367462,-0.004906513,0.3586661,0.33853185,0.3604593,0.00021425201,0.3673481,0.30971563
0.00018277462,0.002168691,1.5844347e-07,0.35887092,0.36133134,0.35148963,0.08594625,0.0021089378,0.35978478,0.3408571,0.36045846,0.00022073548,0.37072572,0.31098843
8.4498985e-05,0.0022709102,1.2214997e-07,0.35559988,0.36088106,0.3534874,0.07618991,-0.00387287,0.35989523,0.34236172,0.3598894,0.00021848387,0.37282124,0.31190217
0.00054406974,0.001819454,1.0399044e-07,0.35505852,0.3564717,0.35011244,0.08783194,-0.0017664602,0.3589447,0.34456575,0.36008704,0.00026666754,0.3752319,0.31389958
0.00042478106,0.0019202912,1.3095286e-07,0.3563246,0.35772884,0.34754813,0.11885093,0.0035105874,0.3556927,0.34373915,0.35678098,0.0002670024,0.37416625,0.31331205
0.00036347742,0.001971166,1.2743428e-07,0.35439047,0.35858446,0.3529925,0.11932894,-0.0003494975,0.35404098,0.34369585,0.3542565,0.00026961238,0.37331,0.31408173
0.00022659924,0.0020634264,1.6660975e-07,0.35294548,0.3587821,0.3477955,0.19424017,0.0048066503,0.34827614,0.3388002,0.34725186,0.00023491148,0.36837828,0.3092221
0.0005149935,0.0018024772,1.872961e-07,0.3597995,0.3618873,0.354232,0.081181064,0.0020878115,0.35464957,0.34471506,0.35127425,0.00024090131,0.3751111,0.314319
0.0002764921,0.0020287607,1.6407671e-07,0.35460111,0.35943973,0.34907126,0.1436411,-0.002764921,0.35370252,0.34371424,0.34821877,0.00021571951,0.37359387,0.31383464
0.00028846718,0.0019986655,1.9689229e-07,0.3561196,0.3612708,0.3482211,0.1461155,0.0037775463,0.3529602,0.34389406,0.34538794,0.00023343126,0.37009487,0.3176933
0.00021461661,0.0020942427,1.6456178e-07,0.35515586,0.3617328,0.35169432,0.0741985,-0.003807714,0.3566097,0.348752,0.34758082,0.0001813197,0.37035775,0.3271462
0.00038038476,0.0019261301,1.6076862e-07,0.35444945,0.35687009,0.3509914,0.08927976,-0.00034580432,0.35604015,0.35055915,0.3464729,0.00018405715,0.36390534,0.33721292
0.0002911741,0.0020243532,1.375167e-07,0.35252866,0.35634166,0.35010222,0.08430184,-0.0027730868,0.35571772,0.35218203,0.34663007,0.00014417598,0.36379716,0.34056687
0.00019480551,0.0021359033,7.896214e-08,0.34717128,0.35552007,0.34717128,0.100450076,-0.006609473,0.35503307,0.3538503,0.34717706,0.00013079798,0.36386645,0.34383416
0.00014917187,0.0019646252,3.1041972e-07,0.34214315,0.34214315,0.31548265,0.37857917,0.025390957,0.32652768,0.3242584,0.31631842,0.0002110374,0.3358337,0.31268305
0.0005510144,0.0016431448,3.7781956e-07,0.36162382,0.3662431,0.35238525,0.19871493,0.0059390776,0.34407055,0.33897284,0.32843098,0.0002259255,0.3536965,0.32424918
0.00048265303,0.0016729798,4.3301853e-07,0.36525095,0.36753374,0.35220626,0.20343499,0.007826806,0.34627095,0.3366668,0.32451352,0.00024609748,0.3562265,0.31710708
0.00030499205,0.0018660267,4.1997143e-07,0.36533457,0.36697432,0.35779175,0.15345693,-0.0019676907,0.35457787,0.34014815,0.32623768,0.00024633916,0.36284408,0.31745222
0.0002893689,0.0018973394,3.1809944e-07,0.35447693,0.36631474,0.35447693,0.16058002,-0.01183782,0.36079043,0.34175128,0.32698688,0.00020704005,0.36524454,0.318258
0.00010523188,0.0020783294,3.5289304e-07,0.35844606,0.36765385,0.35482872,0.13708425,0.0039461954,0.36160302,0.3427764,0.32739168,0.00021362278,0.36729744,0.31825534
0.00077832496,0.0014082405,3.67988e-07,0.36112958,0.36574677,0.3565124,0.10378106,0.0016489936,0.36258072,0.34508488,0.32854,0.00020999428,0.37041914,0.31975064
0.00070943596,0.001494765,3.250715e-07,0.35471797,0.36527702,0.35273817,0.13358185,-0.0065994044,0.35979953,0.34615526,0.3289693,0.00019110244,0.37151662,0.3207939
0.00037222568,0.0018478347,3.2733055e-07,0.35727018,0.36059365,0.35328206,0.09939091,0.0,0.35979602,0.349726,0.3316686,0.00019861216,0.37480605,0.3246459
0.00012552632,0.0017355379,-9.6697494e-09,0.26060358,0.29471397,0.26060358,0.6095695,-0.032746,0.28871053,0.2864729,0.27212378,0.00010536328,0.3094921,0.2634537
8.8609006e-05,0.0020664886,5.3402363e-08,0.30886567,0.30918214,0.29051095,0.43135813,0.0066456753,0.32760015,0.33160338,0.3157487,0.00013684788,0.35981584,0.30339092
6.8140376e-05,0.0022554465,-1.3951326e-08,0.3253703,0.33456928,0.3246889,0.24707702,-0.00715474,0.34315497,0.3559994,0.33988988,0.00013977515,0.38904566,0.32295316
5.9019345e-05,0.002308698,-1.0910159e-07,0.3221762,0.33120266,0.319746,0.23503932,-0.00937366,0.33946538,0.3610248,0.34610796,0.00013581324,0.3990302,0.3230194
4.1728974e-05,0.0023298678,-6.742728e-09,0.3327886,0.3327886,0.31748796,0.23392916,0.010084502,0.3318149,0.36027753,0.3466403,0.00015685713,0.4003693,0.3201858
1.7567309e-05,0.0023786135,-5.0010634e-08,0.33202213,0.33448154,0.32745463,0.19494441,-0.0042161536,0.3345518,0.36258924,0.350175,0.000109107496,0.40542522,0.31975326
1.7724617e-05,0.002399913,-1.3485906e-07,0.32684192,0.3360587,0.3236515,0.19490696,-0.008153323,0.33371907,0.36379772,0.3531334,9.061461e-05,0.4102175,0.31737798
9.7343116e-05,0.0022736571,-1.2164685e-07,0.32157996,0.32540414,0.31497452,0.28821906,0.001042962,0.32519555,0.35502425,0.34629238,7.264412e-05,0.40306526,0.30698326
2.4976267e-05,0.0024084258,-1.2843148e-07,0.32968673,0.3371796,0.3282595,0.18130986,-0.00035680382,0.33346885,0.3625662,0.355109,7.568566e-05,0.4141242,0.31100821
1.6677266e-05,0.0022581017,-2.3669426e-08,0.31753513,0.32420605,0.3115313,0.37765333,0.009339268,0.3113979,0.33784804,0.33178866,0.00010151379,0.3869379,0.2887582
1.42886565e-05,0.0024219272,-7.342119e-08,0.3354262,0.34292775,0.33113962,0.16436599,-0.0046438132,0.33306858,0.3607707,0.3549719,9.5110256e-05,0.41455972,0.3069817
3.615129e-06,0.0024619028,-1.2302776e-07,0.33476093,0.33693,0.3307843,0.15000616,-0.0046996675,0.33736384,0.36236244,0.35880154,8.84669e-05,0.41710043,0.30762446
3.5265527e-06,0.0024015824,-2.2283344e-07,0.31668445,0.32867473,0.31597912,0.29879072,-0.009874348,0.32719356,0.34999272,0.34958717,8.426276e-05,0.40342647,0.296559
3.4289951e-06,0.0023351456,-3.05933e-07,0.29935127,0.30826667,0.29249328,0.41420203,-0.008572488,0.3146446,0.3360758,0.3393562,7.630456e-05,0.3868754,0.28527623
3.724002e-06,0.0025360454,-3.516421e-07,0.32324338,0.32882938,0.319147,0.20560215,-0.001862001,0.3354581,0.36040893,0.36798108,0.000121142235,0.41342837,0.3073895
3.7636653e-06,0.002563056,-2.848445e-07,0.33346075,0.33458984,0.32555705,0.1589584,0.006774598,0.3350415,0.36063442,0.37120405,0.00011933573,0.4122538,0.30901504
3.7875097e-06,0.0025792941,-3.6552663e-07,0.32799834,0.33898214,0.3276196,0.17259683,-0.0075750197,0.3326191,0.35867718,0.37281722,0.00012058194,0.4073799,0.30997446
3.84364e-06,0.002617519,-3.4692974e-07,0.33516544,0.33631852,0.3301687,0.13534994,0.002306184,0.3355498,0.35970706,0.37772092,0.0001441365,0.40316182,0.31625232
3.6771014e-06,0.002504106,-4.3527834e-07,0.31071505,0.32579118,0.31034735,0.34602994,-0.009928173,0.31895176,0.33989286,0.36074203,9.1099355e-05,0.37672067,0.30306506
2.6976545e-06,0.0018371027,-5.272038e-07,0.20798916,0.23010992,0.20637056,0.7463681,-0.019962642,0.22876109,0.24525724,0.2638171,5.2243307e-05,0.27123177,0.21928273
3.0338283e-06,0.0020660372,-7.2242466e-07,0.22146948,0.23421155,0.21813226,0.6886487,-0.012438697,0.2478031,0.27240744,0.29559603,5.525184e-05,0.3092696,0.2355453
0.00025490357,0.0019456564,-8.830087e-07,0.22457327,0.23425315,0.22199197,0.65961945,-0.010970533,0.2525804,0.2852016,0.31307966,5.0385774e-05,0.33186176,0.23854144
0.0002619449,0.002361356,-1.0186744e-06,0.27196044,0.27465692,0.2650266,0.46114242,0.0038521306,0.2887557,0.33569393,0.37234053,6.983394e-05,0.39734077,0.27404708
0.00011175899,0.0025010891,-9.0714997e-07,0.28402197,0.28479275,0.2724607,0.45615396,0.011946651,0.2805536,0.33215544,0.37106553,7.260704e-05,0.39689577,0.26741508
0.00010455678,0.0026219622,-9.585891e-07,0.29517183,0.30241036,0.29436755,0.37607062,-0.0012064243,0.28978312,0.34212184,0.38571396,7.802744e-05,0.4108247,0.273419
8.105836e-05,0.0028114452,-9.999378e-07,0.3148477,0.31783408,0.3127146,0.2109949,0.0017064917,0.30810708,0.35853392,0.40769508,9.0297486e-05,0.4318393,0.28522852
5.07177e-05,0.0028148321,-9.693308e-07,0.31402707,0.3195215,0.31191385,0.25106105,0.0021132375,0.3092089,0.35141024,0.40279716,0.00010322084,0.4243335,0.278487
2.573047e-05,0.002470125,-1.0039928e-06,0.2573047,0.27421328,0.25656953,0.56350464,-0.01580586,0.26847908,0.3014876,0.34906447,8.4737636e-05,0.36617407,0.2368011
0.00012578793,0.001957383,-9.547985e-07,0.2034083,0.21475989,0.2024879,0.7408081,-0.011351595,0.21954598,0.2476335,0.2901355,6.431498e-05,0.30343002,0.19183698
5.1629293e-05,0.0013568178,-7.2531236e-07,0.12845367,0.13692088,0.1274211,0.89851904,-0.008467204,0.1431577,0.1632828,0.19409516,3.0757874e-05,0.2017228,0.1248428
8.04073e-05,0.0022045001,-1.1632036e-06,0.20972903,0.21307933,0.20704879,0.71362484,0.0013401216,0.22473839,0.25964856,0.31293514,5.5838398e-05,0.32204592,0.19725117
5.3201824e-05,0.002362161,-1.152919e-06,0.22983187,0.23089592,0.22131959,0.675383,0.0078029344,0.23117965,0.26994607,0.329272,7.16904e-05,0.3339649,0.20592721
0.00095027365,0.0019474217,-1.3866326e-06,0.27613333,0.27741173,0.2667584,0.47940665,0.0,0.27332085,0.31900218,0.3932343,9.279658e-05,0.39374495,0.2442594
0.0006086739,0.0021023278,-1.2723016e-06,0.26389217,0.26629484,0.25788552,0.56670743,0.004404877,0.25652403,0.29548717,0.36711982,0.000121813195,0.3634649,0.22750942
0.0009774365,0.001858388,-1.3334201e-06,0.27645093,0.27938744,0.26973894,0.51405615,0.0,0.27183643,0.30516577,0.38208818,0.00014896554,0.37311992,0.23721159
0.0004976377,0.0019794097,-1.1125668e-06,0.2547608,0.25773177,0.24361967,0.6460489,0.010027029,0.24510515,0.26644045,0.33608496,0.00017788379,0.320457,0.21242385
0.00072596513,0.002290623,-1.3804416e-06,0.305717,0.31157884,0.30481517,0.38650203,-0.00360728,0.30030608,0.31926686,0.40542823,0.00019870611,0.3775383,0.2609954
0.00044999018,0.0027425718,-1.5237663e-06,0.3116774,0.32399294,0.3097827,0.3004703,-0.0094734775,0.31641415,0.33031648,0.4230776,0.00015368084,0.38081932,0.27981362
0.00044040792,0.00274663,-1.5024281e-06,0.31396824,0.3210716,0.3097062,0.32216552,0.0023677845,0.31671485,0.32592556,0.42014757,0.00016272,0.36529732,0.28655377
0.00063377514,0.002568457,-1.4783581e-06,0.3197467,0.3259415,0.31212234,0.30789083,0.0038121813,0.319842,0.3255841,0.42008647,0.00016915523,0.36093152,0.2902367
0.00045241922,0.0028885228,-1.5465232e-06,0.33309987,0.33558568,0.32812822,0.15217195,-0.000497164,0.33210555,0.3381958,0.4355074,0.00016864152,0.3735761,0.3028155
0.0003118071,0.0029572954,-1.4982297e-06,0.32837185,0.33226943,0.32349986,0.24663454,0.0019487944,0.3250589,0.3308809,0.42400894,0.00020991002,0.36539203,0.29636982
0.0002608393,0.0028051664,-1.3308011e-06,0.31666806,0.32078657,0.30843103,0.39824212,0.00823703,0.30843103,0.3104674,0.39580458,0.00026806904,0.34251532,0.2784195
0.00019613508,0.002715381,-1.161317e-06,0.3129444,0.31555954,0.30204803,0.46716323,0.011332249,0.2985612,0.29529226,0.37473422,0.000353779,0.3246218,0.2659627
0.000215953,0.0029945483,-1.3792323e-06,0.33400732,0.344565,0.33400732,0.25140768,-0.010557703,0.33112794,0.32421744,0.40989482,0.00033760097,0.3543546,0.2940803
0.00011552045,0.0031094255,-1.461459e-06,0.3268266,0.3393413,0.32490128,0.28078207,-0.008182699,0.3329877,0.32377014,0.40834072,0.00028534242,0.3507099,0.29683036
7.088967e-05,0.0029064764,-1.529062e-06,0.28222948,0.30172417,0.28222948,0.50508887,-0.018608538,0.30323055,0.29567638,0.3729166,0.00020987072,0.31685314,0.27449962
5.344015e-05,0.0032064093,-1.5791715e-06,0.31918347,0.32064092,0.30655214,0.3374454,0.009716392,0.32909417,0.32316718,0.40591845,0.00024068124,0.34529325,0.3010411
2.0062515e-05,0.00335044,-1.7315839e-06,0.31949556,0.33002838,0.3184924,0.2660791,-0.010031258,0.3316334,0.3329876,0.41582906,0.00022759996,0.35664925,0.30932593
1.753219e-05,0.0029278756,-1.5892998e-06,0.27174893,0.2778852,0.2599147,0.5624721,-0.0074511804,0.28314486,0.2909467,0.36048374,0.00015571354,0.31178275,0.27011067
1.4785496e-05,0.0032971655,-1.6410959e-06,0.31985956,0.32429522,0.30162412,0.3415696,0.014292646,0.3154239,0.32772052,0.40247765,0.00021772485,0.3498307,0.30561033
1.0321683e-05,0.0034577637,-1.7184624e-06,0.3349386,0.33700293,0.32822952,0.1662565,0.0,0.33153245,0.34319595,0.4177615,0.00024790067,0.3663105,0.32008135
1.0139163e-05,0.0033966196,-1.786753e-06,0.31938365,0.3366202,0.31887668,0.2687943,-0.009632205,0.32293233,0.3366709,0.4064368,0.00021905599,0.36039504,0.3129468
1.0373824e-05,0.0034752311,-1.76434e-06,0.33299974,0.3350745,0.32210723,0.19425504,0.006224294,0.330925,0.34402195,0.41171113,0.00022889611,0.36878663,0.3192572
0.00089087145,0.002524984,-1.800808e-06,0.32020465,0.33038604,0.3176593,0.2820499,-0.006617902,0.3257026,0.33687666,0.39995885,0.00021424156,0.362338,0.3114153
0.00061534723,0.0028388707,-1.7861098e-06,0.33094305,0.33301145,0.31801558,0.23959759,0.005688084,0.32990885,0.34100062,0.40249223,0.00022550162,0.36663425,0.31536695
0.00046110575,0.0030495857,-1.8363075e-06,0.33220574,0.34216142,0.3301098,0.18047574,-0.0031439029,0.33272973,0.34438837,0.40386924,0.00020216698,0.370581,0.3181957
0.00023171141,0.0032027666,-1.7129071e-06,0.3367539,0.33829865,0.32645562,0.2401869,0.010298285,0.32944214,0.3383244,0.3930941,0.00019101657,0.3640732,0.31257567
0.00033058913,0.0027657738,-1.4030093e-06,0.3198799,0.3198799,0.30637696,0.4503229,0.01536541,0.30209327,0.30649337,0.3524499,0.00022471933,0.33053997,0.28244674
0.00025692637,0.002467309,-1.3288646e-06,0.26916096,0.28832847,0.2557029,0.63030565,-0.01101113,0.26712185,0.268223,0.30587834,0.00018950728,0.28915346,0.24729249
0.000271788,0.0030143762,-1.5050639e-06,0.3375113,0.34195873,0.33207554,0.31086126,0.011365681,0.3279246,0.32533026,0.3683963,0.00029254274,0.35115036,0.29951015
0.00017501054,0.0032479898,-1.572552e-06,0.35105056,0.3515653,0.34075582,0.15883236,-0.00051473686,0.34652087,0.33908293,0.38121414,0.00028522217,0.36628297,0.31188282
6.531403e-05,0.0032757497,-1.4719086e-06,0.34917885,0.35319817,0.33762327,0.23462808,0.006531403,0.34234598,0.33104163,0.36991185,0.00031625267,0.3577877,0.30429557
4.5754212e-05,0.0033349737,-1.6312966e-06,0.33908954,0.3533242,0.3375644,0.23206536,-0.014234643,0.3443767,0.3336753,0.3720919,0.00030502808,0.35709673,0.31025386
3.64563e-05,0.003426892,-1.6711648e-06,0.34737644,0.34945965,0.3437308,0.14385134,0.0,0.35352194,0.3410747,0.3786681,0.0002831557,0.3633074,0.31884205
1.0297737e-05,0.0034137,-1.5537538e-06,0.3532124,0.3532124,0.34034023,0.17663708,0.009782851,0.34981415,0.33737963,0.37214306,0.00029977856,0.35981798,0.31494126
1.0312217e-05,0.0034184998,-1.676161e-06,0.34184998,0.35474026,0.34030315,0.19492152,-0.011859049,0.34834668,0.3385243,0.3704406,0.0002949564,0.36062825,0.31642035
5.2719383e-06,0.0035005673,-1.7138161e-06,0.34952953,0.3500567,0.3437304,0.1008311,0.0,0.35279813,0.34628728,0.37646034,0.0002891063,0.36893645,0.32363814
4.4910207e-06,0.0029820378,-1.273006e-06,0.31616786,0.31616786,0.30089837,0.50045687,0.018413184,0.30386245,0.2964972,0.3190496,0.00029329114,0.31740162,0.27559274
3.9511556e-06,0.0026235674,-9.996309e-07,0.29001483,0.29040992,0.27855647,0.6268548,0.011853467,0.27262974,0.26310745,0.2792611,0.00026790032,0.2840253,0.2421896
6.181794e-05,0.0028745343,-1.1620608e-06,0.31968707,0.3347,0.31968707,0.4781706,-0.004415567,0.30802998,0.29568845,0.31050268,0.00029492035,0.3213007,0.27007622
4.8039878e-05,0.0026101666,-8.025172e-07,0.3150615,0.31586218,0.2874386,0.5774033,0.025220934,0.28920007,0.27084482,0.28058624,0.00028576775,0.301446,0.24024363
0.00040428663,0.0023349614,-8.564679e-07,0.32177916,0.3378681,0.31889138,0.5112782,-0.0028877617,0.30767038,0.2821962,0.28832924,0.0002735774,0.3175037,0.2468887
0.0008983269,0.0020796268,-8.984383e-07,0.35438997,0.36472073,0.34361005,0.33883545,0.0040424713,0.3426219,0.3105516,0.313299,0.00033308752,0.35306385,0.2680394
0.00076113036,0.0022514875,-8.923111e-07,0.3623345,0.3678037,0.35732108,0.26645944,0.0027346,0.35321918,0.31889993,0.31735033,0.00032997507,0.3645914,0.27320847
0.0006821591,0.0023875567,-9.859727e-07,0.35536802,0.37103924,0.35536802,0.23292968,-0.011062039,0.3615443,0.32552356,0.320054,0.00030559054,0.37203464,0.27901247
0.00049664686,0.0025660088,-9.728091e-07,0.35593027,0.3609887,0.3490324,0.2519747,0.0013795746,0.35951716,0.32799387,0.31861275,0.00029899526,0.37365842,0.28232935
0.00089487527,0.0021016009,-8.952301e-07,0.3570462,0.36292163,0.34574726,0.27601478,0.007231315,0.35424405,0.3254318,0.3125209,0.00033671712,0.37096924,0.27989435
0.00046444268,0.0025544348,-9.0199757e-07,0.3597154,0.3674561,0.35516205,0.22699863,0.0,0.3569834,0.33020964,0.31443983,0.00033923436,0.37754235,0.28287694
0.0012276073,0.0018047659,-8.7749714e-07,0.3655338,0.36599186,0.3572887,0.18300052,0.0036644994,0.35939577,0.3353475,0.31652877,0.00033591245,0.3830062,0.28768885
0.00033477883,0.0026291297,-8.7138636e-07,0.35352644,0.36111477,0.34995547,0.2705772,-0.0026782306,0.35209805,0.32922152,0.3089116,0.00035229343,0.37591335,0.28252968
0.00019085009,0.0028309429,-9.2392645e-07,0.35579908,0.36216077,0.35398147,0.20629531,-0.0040896446,0.35925257,0.33744112,0.31512985,0.00034472102,0.38430384,0.29057842
0.00010108689,0.0024727406,-5.979439e-07,0.32464442,0.32503322,0.30442703,0.51741713,0.020217378,0.31088105,0.29144126,0.27046573,0.00029919672,0.33348545,0.24939708
0.0014497314,0.0013687169,-6.088614e-07,0.36115366,0.3645648,0.35390502,0.29179683,0.0051166993,0.3458036,0.32346067,0.29740104,0.00032026749,0.36998028,0.27694103
0.001608569,0.0012617077,-6.215255e-07,0.36680576,0.37027436,0.35986853,0.20918767,-0.00043357656,0.3557929,0.3327917,0.30322176,0.0003392335,0.3791503,0.28643307
0.0011630628,0.0012609257,-4.6757367e-07,0.3346158,0.33687416,0.31391403,0.4953217,0.016185015,0.3161724,0.29272294,0.2641796,0.00028613757,0.33504036,0.25040555
0.0020086311,0.000619294,-5.1613057e-07,0.36057577,0.3662798,0.35853863,0.2971063,-0.001629721,0.350553,0.32138097,0.28692597,0.0003145446,0.3656742,0.27708778
0.0021490965,0.00050953723,-5.2366755e-07,0.3624289,0.37023634,0.36078522,0.24868704,-0.0012327513,0.3574157,0.32863095,0.29062796,0.0003076385,0.3695397,0.2877222
0.0018570655,0.0008652701,-5.457398e-07,0.3465162,0.36365834,0.34529173,0.29969364,-0.013468827,0.35516888,0.32937405,0.2899335,0.00025556821,0.36667514,0.29207295
0.0017120057,0.0009122659,-5.035006e-07,0.35164437,0.35164437,0.3311485,0.33592284,0.010448861,0.35204622,0.3271498,0.28717622,0.00029768836,0.36312324,0.29117638
0.001965391,0.00080952403,-5.578509e-07,0.35510567,0.36678952,0.35510567,0.19533315,-0.0100147305,0.36236635,0.34233686,0.29974645,0.0002764263,0.3759857,0.30868804
0.0015921252,0.0010053469,-5.206902e-07,0.33368126,0.34150496,0.32507518,0.3993535,0.0007823711,0.33720192,0.32221952,0.28233817,0.0002508499,0.35363257,0.29080647
0.0012279516,0.0015185669,-5.6903656e-07,0.34300783,0.3569246,0.3421892,0.2869682,-0.006139758,0.34922945,0.3383416,0.29672086,0.0002459343,0.37024146,0.30644175
0.0010881759,0.0014650001,-4.887561e-07,0.33029792,0.33798823,0.32068506,0.4240464,0.008074804,0.32883677,0.31918547,0.28002265,0.0002389811,0.34885037,0.28952056
0.00052304694,0.0016457656,-3.439673e-07,0.29983583,0.30716515,0.2981701,0.59262556,0.0136591885,0.28657642,0.27829763,0.24395531,0.00022947809,0.30530652,0.25128874
0.0007087168,0.0018687953,-4.149635e-07,0.3555462,0.3670282,0.3543584,0.273339,-0.0007918624,0.34430176,0.3332553,0.29132617,0.00027956432,0.36485058,0.30165997
0.00070874277,0.0019318302,-4.3908233e-07,0.3616613,0.36814123,0.35882634,0.18287992,-0.0020249793,0.35542434,0.34329474,0.29944718,0.00025312242,0.37423417,0.3123553
0.00042279338,0.0020454058,-3.4910238e-07,0.34889975,0.3511851,0.33975828,0.3525868,0.008760584,0.34021536,0.32526523,0.28326523,0.00024452514,0.3546386,0.29589185
0.00032129628,0.0021987504,-4.4063614e-07,0.3441354,0.35574853,0.33910304,0.31907818,-0.010451807,0.34808388,0.3324836,0.28934085,0.00022449151,0.36060333,0.30436385
0.00018928744,0.0023293945,-4.6994313e-07,0.33994478,0.3441941,0.3333777,0.341011,-0.0034767082,0.34581655,0.3333777,0.29008624,0.0001857532,0.35945457,0.3073008
0.00016750758,0.0023684793,-4.0206763e-07,0.35059723,0.35332412,0.3428062,0.28644964,0.00779105,0.3488832,0.33828738,0.29402122,0.00020641627,0.36200136,0.3145734
8.3509665e-05,0.0023838214,-3.1063482e-07,0.350361,0.35567525,0.34163046,0.31908664,0.008730556,0.3422378,0.33229256,0.2880767,0.00021850901,0.35182336,0.31276172
6.793423e-05,0.0023890205,-3.8858673e-07,0.34004855,0.35023868,0.33702925,0.34583053,-0.008303072,0.33914277,0.33163226,0.28773922,0.00022644743,0.3501541,0.31311044
5.41607e-05,0.002464312,-3.870861e-07,0.34972337,0.353592,0.34585476,0.27216524,0.0011605864,0.3487949,0.34103832,0.29614297,0.00021709985,0.3596036,0.32247302
5.4698532e-05,0.0024887833,-4.061519e-07,0.35163343,0.36140102,0.35046133,0.22083361,-0.0015628153,0.35382137,0.34547985,0.30041215,0.00023946362,0.3633378,0.32762188
5.079041e-05,0.0024926371,-4.2517092e-07,0.34967244,0.35514218,0.3445934,0.24064496,-0.0019534773,0.35342312,0.34558967,0.30181226,0.0002326414,0.36352506,0.32765427
3.0868112e-05,0.0024810245,-5.7423176e-07,0.3295171,0.34726626,0.3279737,0.32597113,-0.015819907,0.34371644,0.3407068,0.2994657,0.00020547373,0.3591487,0.32226488
2.3782588e-05,0.0025566283,-6.366619e-07,0.333749,0.3472258,0.33335263,0.27101845,-0.0047565177,0.34841493,0.34920767,0.30885655,0.0001839722,0.3694361,0.32897925
1.1811423e-05,0.0025512674,-5.508456e-07,0.33977526,0.34292498,0.33150727,0.28659236,0.008267996,0.34284624,0.34713772,0.308265,0.00016329157,0.366675,0.32760048
1.2056988e-05,0.0026043095,-6.1008336e-07,0.34201655,0.35206404,0.33839947,0.2196944,-0.0048227953,0.34603557,0.3538726,0.3162213,0.00015934344,0.3745077,0.3332375
1.481278e-05,0.0023996704,-7.1258285e-07,0.2999588,0.3151419,0.29921815,0.4683579,-0.0151831,0.31254965,0.32530716,0.29236725,0.0001267253,0.34702504,0.30358928
1.3991992e-05,0.0022667027,-6.4883676e-07,0.28578642,0.29138324,0.27704144,0.55777323,0.0024485986,0.2926425,0.30665198,0.27714637,0.00010479832,0.3289189,0.2843851
1.142437e-05,0.0024714721,-8.271039e-07,0.29893768,0.31112367,0.29474875,0.4500364,-0.012185995,0.31424636,0.33282998,0.30270138,0.00011182585,0.36082733,0.30483264
8.7329645e-05,0.002624048,-8.662239e-07,0.33018923,0.3351795,0.32228798,0.23510388,0.003742699,0.3374251,0.36210614,0.33161005,0.00013696826,0.39588514,0.32832715
5.0634066e-05,0.0024810692,-5.8208e-07,0.33301637,0.33340585,0.30614135,0.37542823,0.023759061,0.31634608,0.3382745,0.31205517,0.00016483656,0.36957043,0.30697858
0.00065600977,0.00200903,-6.339899e-07,0.34850517,0.35465527,0.3423551,0.1821534,-0.0020500305,0.336287,0.3551063,0.3299251,0.00015058405,0.38772058,0.32249197
0.00038196595,0.00230001,-6.843754e-07,0.3425372,0.35198367,0.3376086,0.20251998,-0.0065714573,0.33826575,0.35450956,0.33186543,0.00015420937,0.38724884,0.3217703
0.00023542202,0.002465736,-7.200727e-07,0.34074238,0.34776375,0.33991635,0.19479726,-0.0037171897,0.34346834,0.3546199,0.33490503,0.0001471857,0.3866224,0.3226174
0.00017317328,0.002523382,-7.339119e-07,0.3385125,0.34510958,0.33150312,0.22324921,-0.0016492693,0.34510958,0.35261378,0.3352552,0.0001469349,0.38469896,0.3205286
0.00017834941,0.002542516,-8.5859153e-07,0.32766518,0.3409377,0.32766518,0.2488306,-0.012857748,0.34176722,0.3528415,0.33814493,0.00013504011,0.3867957,0.3188873
0.00011325926,0.0021519258,-9.356588e-07,0.24711111,0.27319506,0.24608149,0.6302329,-0.024024691,0.2738815,0.28887975,0.28001922,0.00010192293,0.32199204,0.2557675
5.1791227e-05,0.0025736257,-1.0250026e-06,0.29321802,0.29720196,0.28405496,0.4581372,0.0063743046,0.3101099,0.3316033,0.32540163,0.00013597881,0.3711847,0.29202187
4.6350444e-05,0.0025029238,-1.077705e-06,0.27578515,0.2819652,0.27076384,0.52874655,-0.008497581,0.29208505,0.3178868,0.31560788,0.00010722864,0.35909122,0.27668235
3.1677744e-05,0.002291357,-1.0692503e-06,0.24251074,0.25377393,0.23828705,0.65014,-0.008799374,0.2568713,0.28589165,0.28772777,9.406227e-05,0.32632554,0.24545778
0.00024225106,0.0024225106,-1.142509e-06,0.28666374,0.2870675,0.27333996,0.49892816,0.008478787,0.288198,0.32411173,0.33034298,0.00014032835,0.37082624,0.27739722
0.00022607582,0.0024383892,-1.1238656e-06,0.28865036,0.29349485,0.28299847,0.49613547,0.002018534,0.28776222,0.3204423,0.3305013,0.00013869682,0.3662959,0.27458867
0.00021162152,0.0026431095,-1.266121e-06,0.30188456,0.30922654,0.30188456,0.3914523,-0.0069100903,0.3046486,0.3394582,0.35382542,0.0001560343,0.39006382,0.28885254
0.00018444736,0.0024619712,-1.1042183e-06,0.28789827,0.28870022,0.27787396,0.5199852,0.007618478,0.2831668,0.3126784,0.328871,0.00015287078,0.35990784,0.26544893
8.203985e-05,0.0017146327,-6.2472054e-07,0.210022,0.214124,0.19334057,0.80400413,0.013673307,0.19744256,0.21194994,0.22458407,9.823541e-05,0.24243496,0.18146491
0.00065314624,0.0016974625,-6.936415e-07,0.2888916,0.2903271,0.2763311,0.60351074,0.013278248,0.26592383,0.277318,0.29514796,0.00015575657,0.31568798,0.23894802
0.0006289228,0.0013304136,-5.1247076e-07,0.2533833,0.25973302,0.24582414,0.72492725,0.009978102,0.23149197,0.2340772,0.24925098,0.00015287256,0.26719666,0.20095775
0.00068967306,0.0016163108,-6.398993e-07,0.29037005,0.30487087,0.29001638,0.58938044,-0.0060125347,0.279406,0.27387094,0.2917494,0.00017490659,0.3127262,0.23501569
0.00044491095,0.0019451065,-6.421823e-07,0.30518687,0.31217307,0.29967144,0.5386438,0.003309255,0.2987154,0.28555194,0.30361804,0.00018830741,0.32690048,0.2442034
0.00022799172,0.0017189375,-5.0454526e-07,0.25139087,0.2666903,0.247791,0.7177599,0.0023999128,0.24791099,0.23363152,0.247956,0.00017068346,0.26825374,0.19900928
0.0008698884,0.0017519147,-6.604178e-07,0.34148178,0.34593236,0.3329852,0.3537654,0.0024275954,0.3375167,0.31487936,0.33475193,0.00029062765,0.36102417,0.26873457
0.0018684773,0.0007949224,-7.007215e-07,0.34132493,0.34952,0.33312985,0.33154818,-0.004507292,0.34140688,0.3185426,0.33944005,0.00027610653,0.3644909,0.27259433
0.0017214689,0.0008914019,-6.7380773e-07,0.34920058,0.35042727,0.33570686,0.3180424,0.008586899,0.3433942,0.31828773,0.33927795,0.0003074104,0.36509448,0.27148098
0.0011287424,0.0015268805,-6.970026e-07,0.34436902,0.35339898,0.34108543,0.30545,-0.0061567766,0.34543622,0.31978297,0.34090072,0.00032009112,0.36729896,0.27226698
0.00025240812,0.0021046381,-5.502347e-07,0.32553223,0.32813054,0.30882874,0.48905927,0.014105159,0.31528744,0.2902322,0.30882874,0.0002943459,0.33559617,0.24486826
0.00019774733,0.002360861,-5.5275945e-07,0.35917372,0.36240226,0.35190955,0.2728227,0.005246358,0.34650177,0.31756607,0.3363857,0.00032230184,0.3704316,0.26470053
6.946692e-05,0.0025212406,-5.524091e-07,0.36449704,0.3669488,0.36204526,0.1880347,0.0008172579,0.35567066,0.32506433,0.34128693,0.0003456503,0.3801584,0.2699703
5.677431e-05,0.002514291,-5.405714e-07,0.36254454,0.36700538,0.3556505,0.20127305,0.0008110616,0.35621825,0.32580346,0.33944955,0.0003389742,0.38193828,0.2696686
2.4223971e-05,0.0025314048,-5.152156e-07,0.36335954,0.36457077,0.34922892,0.20024745,0.002422397,0.35956445,0.32811368,0.33838195,0.00032409746,0.3838856,0.27234176
1.6076308e-05,0.0025279995,-5.244475e-07,0.3605112,0.36613792,0.35649213,0.17919055,-0.0012057232,0.35954663,0.33081022,0.33718717,0.0003014308,0.3832298,0.27839068
1.5831412e-05,0.0024894895,-4.6697318e-07,0.36016464,0.36016464,0.35224894,0.2199656,0.005145209,0.3556527,0.32972875,0.33247286,0.00028477234,0.37910393,0.28035358
3.464172e-05,0.002401826,-4.8379854e-07,0.347187,0.3568097,0.3460323,0.29702196,-0.003079264,0.34664816,0.32426575,0.32341895,0.00029302674,0.3687778,0.27975368
0.00038886903,0.001937008,-6.1938147e-07,0.31439695,0.33567467,0.31403008,0.43921658,-0.01650859,0.3276772,0.31195736,0.30808088,0.0002093585,0.34685802,0.27705666
0.0006115766,0.0016656468,-5.846555e-07,0.31118456,0.31334305,0.29499575,0.48793378,0.0028780075,0.31881127,0.30855837,0.3020109,0.00020530289,0.33493093,0.28218582
0.0005521154,0.0019718406,-7.386582e-07,0.32732555,0.33876222,0.32456496,0.31245393,-0.013802884,0.34420452,0.3394721,0.33094716,0.00018463598,0.36403662,0.31490755
0.0009466971,0.0016496094,-7.462903e-07,0.339267,0.34454897,0.33642283,0.21465644,0.0020315386,0.3485308,0.35035917,0.3406958,0.0002050525,0.37398532,0.32673302
0.0006193921,0.0020398647,-8.0721986e-07,0.3369493,0.3472725,0.33612344,0.17882262,-0.007845633,0.34710732,0.35561365,0.34600618,0.00016945633,0.38068706,0.33054024
0.0004975037,0.0021807244,-8.324061e-07,0.3354004,0.34369212,0.33332747,0.18933332,-0.0029021048,0.34452128,0.35679305,0.34709173,0.00017680891,0.3827084,0.33087772
0.0004886491,0.0021740743,-7.681754e-07,0.34288257,0.34288257,0.33087343,0.19121502,0.007868079,0.34106052,0.35634115,0.3466234,0.00015221318,0.38231015,0.33037215
0.00030029842,0.002385704,-8.0050785e-07,0.3420065,0.3486798,0.34158942,0.13629794,-0.003336649,0.34267384,0.35852292,0.3488397,0.00012744145,0.38541144,0.33163443
0.00022021613,0.0024514624,-7.538821e-07,0.34569776,0.34569776,0.33863422,0.1607287,0.0049860254,0.34112725,0.35691634,0.34704816,0.00014214547,0.3840305,0.32980216
0.000113960836,0.0021652558,-4.7588907e-07,0.31517294,0.3173097,0.2966543,0.501271,0.018874764,0.29729533,0.30683956,0.29737845,0.00017141413,0.33000526,0.28367385
7.145065e-05,0.002469017,-5.8949195e-07,0.34494787,0.35288683,0.34216923,0.25248277,-0.006351169,0.33613563,0.34230816,0.3313061,0.00017396129,0.36812052,0.3164958
0.00031833627,0.0022283539,-5.8012233e-07,0.34698653,0.35136366,0.3406198,0.24121533,0.001193761,0.34046066,0.34380317,0.33182576,0.00017914342,0.36936688,0.31823948
0.00040091507,0.001989588,-4.598711e-07,0.3368436,0.34021577,0.3252283,0.379764,0.010116548,0.32650223,0.3241417,0.31251392,0.00017956698,0.34880728,0.29947615
0.00037665924,0.0020188934,-4.1642247e-07,0.34426653,0.3465265,0.33711,0.34106493,0.0056498884,0.33439806,0.32629988,0.31437236,0.00019663827,0.35207298,0.3005268
0.0003681441,0.0020926085,-4.1255294e-07,0.356131,0.3584561,0.3507057,0.23688717,0.0019376006,0.3466755,0.33623183,0.3235599,0.00024554075,0.36390114,0.3085625
0.0002766915,0.0021979439,-4.0846356e-07,0.35891953,0.35969895,0.35385337,0.2014548,0.0007794127,0.35268423,0.33865482,0.3253723,0.00024313538,0.36761186,0.30969778
0.0012955817,0.0011898999,-4.1260714e-07,0.36049268,0.36284116,0.34287903,0.1897577,0.0,0.3580659,0.34055012,0.32692888,0.00028894993,0.37052694,0.3105733
0.00083777023,0.0016755405,-4.7205296e-07,0.34364095,0.35799164,0.34092596,0.25368148,-0.013574981,0.3538028,0.33724132,0.32384086,0.00023868098,0.3667026,0.30778003
0.0004384333,0.0020718882,-4.5948232e-07,0.3457027,0.35035864,0.33328688,0.27455235,0.0019399703,0.3521434,0.33699223,0.32389745,0.0002642858,0.36584657,0.30813792
0.00029476636,0.0022824474,-4.94523e-07,0.3521263,0.35411796,0.3461513,0.17750908,-0.0027883304,0.3587386,0.34561354,0.33245528,0.00027132823,0.37475264,0.31647444
8.4706866e-05,0.002417996,-5.7925155e-07,0.32881665,0.34229276,0.3257364,0.33500025,-0.011550937,0.3415997,0.33401456,0.32135347,0.00021547619,0.36221874,0.30581042
5.675395e-05,0.0025782508,-6.526984e-07,0.34173986,0.3486314,0.34011832,0.18643673,-0.004459239,0.3533339,0.35122588,0.33834815,0.0002237874,0.3812347,0.32121706
5.2630152e-05,0.0025788774,-5.8884007e-07,0.34776384,0.34776384,0.34128627,0.18005179,0.006477557,0.35067874,0.35134673,0.33787206,0.00022671449,0.38058925,0.32210425
4.082701e-05,0.0023716781,-4.3861445e-07,0.3292142,0.32995647,0.31251222,0.4137632,0.010392331,0.32119724,0.32307157,0.30997598,0.00018743309,0.3494413,0.29670185
3.564481e-05,0.0025387027,-4.6417057e-07,0.35169548,0.35327968,0.34773493,0.20550817,0.00039605345,0.3430615,0.3461705,0.3312855,0.00021836461,0.37263384,0.31970719
2.7309556e-05,0.002508578,-4.6488512e-07,0.34566095,0.3503426,0.34214973,0.25496984,-0.00078027305,0.34043312,0.34250087,0.32678485,0.00020991042,0.36586857,0.31913313
0.00018079262,0.0023738856,-5.0730864e-07,0.344292,0.35175955,0.33800358,0.23500682,-0.0039302744,0.3455497,0.34598204,0.32980242,0.00016944895,0.36774895,0.32421514
8.537919e-05,0.0023349354,-6.025894e-07,0.31181967,0.32518336,0.31144845,0.41858822,-0.0133637,0.32496065,0.3271508,0.31178254,0.00011254889,0.34629926,0.30800235
5.1820174e-05,0.002547161,-6.2407685e-07,0.33722976,0.34002006,0.33284497,0.2381695,0.0023917004,0.34568042,0.35157996,0.3347384,0.00012232682,0.3711974,0.3319625
2.7353859e-05,0.0025165551,-5.5070564e-07,0.33684322,0.34153247,0.33137247,0.28747344,0.0062523107,0.33684322,0.34420925,0.32822677,0.00013859801,0.3637278,0.32469067
2.794268e-05,0.0025707267,-5.5076777e-07,0.3452917,0.34848514,0.34369498,0.19961852,0.0011975435,0.3424176,0.3515389,0.33549845,0.00014533295,0.37156534,0.33151242
3.909678e-06,0.0025412906,-6.0488804e-07,0.33154067,0.34170586,0.32802197,0.30180368,-0.0066464525,0.33318275,0.34383664,0.32874528,0.00015597118,0.3641872,0.32348606
3.9850906e-06,0.002590309,-5.650663e-07,0.34311628,0.3471014,0.33713865,0.22674368,0.005180618,0.34128314,0.34971163,0.335352,0.00016875639,0.3703673,0.32905596
3.845334e-06,0.002499467,-4.7645673e-07,0.33800486,0.34146565,0.33223686,0.3202317,0.006921601,0.33185232,0.33677435,0.32416165,0.00018762257,0.355648,0.3179007
3.8084013e-06,0.0024754608,-4.302444e-07,0.3389477,0.34009025,0.3332351,0.3345871,0.004189241,0.33079773,0.33298758,0.32212728,0.00022688348,0.35030517,0.31566995
3.94754e-06,0.002565901,-5.008908e-07,0.34580448,0.35369956,0.345015,0.22342287,-0.0055265557,0.3437518,0.34426495,0.33481717,0.00023147879,0.36011797,0.32841194
3.2235039e-06,0.0020952774,-2.7125725e-07,0.29624,0.29656234,0.28237894,0.59182566,0.013861067,0.28528008,0.28108954,0.27450824,0.00020553534,0.29388,0.2682991
3.8193625e-06,0.0024825856,-3.6315467e-07,0.34679812,0.3548188,0.3433607,0.27999747,-0.0042012986,0.3416038,0.33346856,0.32664463,0.00021092001,0.34962568,0.3173114
3.9043887e-05,0.0025027131,-4.489276e-07,0.3467097,0.35451847,0.34553838,0.22558777,-0.007808777,0.3499113,0.3408336,0.33507463,0.00019521943,0.35725895,0.32440826
3.2857683e-05,0.002347499,-4.8418656e-07,0.31762427,0.3322277,0.31616393,0.4233019,-0.006571537,0.32572916,0.3184457,0.3142594,0.00017016691,0.33369717,0.30319428
2.919243e-05,0.0023463415,-4.0860658e-07,0.32513067,0.3262254,0.31089938,0.42351282,0.0076630125,0.3266633,0.31896377,0.31527215,0.0001935328,0.334164,0.30376357
2.3381892e-05,0.0025174504,-5.16831e-07,0.33903745,0.34254473,0.33475077,0.26993614,-0.008183663,0.3450388,0.34116128,0.33767998,0.00022004511,0.3564432,0.3258794
1.5697655e-05,0.00254302,-5.282233e-07,0.34063908,0.34417108,0.33906934,0.24690056,-0.0007848827,0.34432805,0.3437394,0.34071106,0.00021515426,0.35890794,0.3285708
1.5417601e-05,0.0024976516,-5.53171e-07,0.331093,0.33764547,0.33070755,0.3172056,-0.0034689605,0.33594954,0.33706734,0.33497953,0.0001901039,0.35208762,0.32204702
7.904194e-06,0.0025688629,-5.397826e-07,0.3422516,0.34501806,0.33750907,0.2354936,0.0027664679,0.3441486,0.34517613,0.34365457,0.00019848309,0.36044043,0.32991186
3.978239e-06,0.0025898335,-5.828929e-07,0.34053725,0.34769806,0.33854812,0.22173907,-0.003978239,0.34364027,0.34686264,0.34615982,0.00020621145,0.36232954,0.33139575
4.010874e-06,0.002611079,-5.677122e-07,0.34533626,0.34774277,0.34212756,0.18581577,0.002005437,0.34573734,0.3494073,0.34920675,0.0002005437,0.36509442,0.33372018
4.0071172e-06,0.0026086334,-5.6319175e-07,0.3454135,0.34741706,0.3426085,0.18673165,0.00040071172,0.34493265,0.3495208,0.34903994,0.00018270794,0.3642305,0.33481106
3.9538236e-06,0.002573939,-5.9899395e-07,0.3364704,0.34121498,0.33528423,0.2577814,-0.004349206,0.33971253,0.3449711,0.34444392,0.00015774323,0.35922572,0.3307165
3.6356394e-06,0.0023668013,-4.205073e-07,0.32248122,0.32357192,0.30793867,0.44064677,0.013088302,0.3139011,0.317664,0.31705198,0.00019108245,0.33084062,0.30448735
3.783765e-06,0.0024632309,-4.3387345e-07,0.33599833,0.34167397,0.33259293,0.33653563,0.00037837648,0.32911187,0.3310416,0.33018395,0.00015528746,0.34485912,0.31722406
0.00035014842,0.002182592,-4.2366656e-07,0.3478141,0.35170463,0.34586883,0.23268919,0.0023343228,0.34096676,0.341278,0.33985794,0.00017831632,0.35498154,0.32757446
0.00033710303,0.0022146886,-4.167692e-07,0.3516063,0.35278225,0.34651056,0.19510819,0.0011759409,0.3462754,0.34455067,0.34254503,0.00020767168,0.35842922,0.33067212
0.00025134755,0.0023053281,-4.209765e-07,0.35188657,0.35542113,0.3459956,0.17573513,-0.00039273052,0.35047272,0.34554395,0.34323996,0.00023446599,0.35975033,0.33133757
0.00015696445,0.0024015561,-4.664402e-07,0.34649903,0.35160038,0.34649903,0.19620557,-0.0051013445,0.34987378,0.3451256,0.34290195,0.00018374808,0.35921636,0.3310348
2.5585894e-05,0.0010090438,-1.5004622e-08,0.15991184,0.15991184,0.14216162,0.9093627,0.018709686,0.14615943,0.14163391,0.1400188,0.00012677695,0.1517946,0.13147323
4.8355767e-05,0.0019070306,6.633576e-09,0.30585024,0.30766356,0.2992013,0.5942682,0.0036266826,0.2833648,0.26908472,0.26519108,0.0002449053,0.2942244,0.24394505
2.9280192e-05,0.0020788936,-9.958862e-08,0.3181781,0.32631147,0.31655142,0.5083855,-0.011061406,0.31030497,0.2908011,0.28591022,0.00023798858,0.32051995,0.26108226
1.7667595e-05,0.0022720527,-1.0126276e-07,0.34628487,0.35052508,0.3399245,0.35009044,0.0007067038,0.34296334,0.317469,0.31094378,0.0002566008,0.35233715,0.28260088
1.3196268e-05,0.0021245992,-1.1400602e-07,0.32132912,0.33386558,0.31868988,0.4731258,-0.0019794402,0.32621175,0.2981202,0.2907083,0.00024343922,0.33210042,0.26413995
0.00015527918,0.002032132,-1.3029329e-07,0.32743654,0.3287868,0.3176472,0.44796017,-0.0013502537,0.33175734,0.30637255,0.298091,0.00024326432,0.3424065,0.27033862
0.0011786431,0.0011896243,-1.3701975e-07,0.35578915,0.35578915,0.34700426,0.23703538,0.00073207647,0.3568141,0.3340831,0.32388893,0.00026419698,0.3739084,0.2942578
0.00050553266,0.0018034251,-1.1831118e-07,0.35172167,0.35458994,0.34490952,0.28227368,0.0032268043,0.3497139,0.32925954,0.31815094,0.00027400148,0.3689311,0.28958794
0.0003828111,0.0018964952,-1.9965441e-07,0.3336427,0.35155404,0.33188668,0.35117123,-0.010887288,0.340456,0.32412508,0.31231883,0.00022150551,0.36204258,0.28620762
0.00022437358,0.002131549,-2.6851754e-07,0.33619848,0.34307444,0.33221763,0.30694667,-0.00759975,0.3475619,0.3351309,0.32250684,0.00020937096,0.37304613,0.29721564
0.00017529569,0.0021105602,-2.8224343e-07,0.32324526,0.33972305,0.32289466,0.38178,-0.0024541395,0.33334228,0.3258221,0.31309563,0.00019402958,0.3608021,0.2908421
0.0001439072,0.0021945848,-2.1346955e-07,0.33998075,0.34106007,0.3317061,0.31286865,0.008274664,0.34012467,0.3358614,0.32199237,0.00021050255,0.36999008,0.30173275
0.00012302371,0.0022289,-1.6407654e-07,0.34736106,0.34917024,0.33903885,0.27023605,0.0054275165,0.34055856,0.33956352,0.3246861,0.00022003445,0.37196538,0.30716166
6.646055e-05,0.0023335037,-2.0917271e-07,0.35002553,0.3551947,0.3492871,0.18087608,-0.004430703,0.34736714,0.34829018,0.33203197,0.00022528999,0.37785968,0.3187207
2.88999e-05,0.0023228296,-3.163727e-07,0.33090386,0.3460763,0.32945886,0.30090937,-0.01155996,0.33892357,0.34128976,0.32504562,0.000108374625,0.3690856,0.3134939
2.9652665e-05,0.002383333,-3.2461338e-07,0.33952302,0.34619486,0.33729908,0.22043051,0.0,0.34730685,0.35069835,0.33380252,9.54726e-05,0.37802094,0.3233758
0.0004685595,0.0019523313,-3.7420202e-07,0.33580098,0.33989158,0.33468536,0.23439503,-0.004834344,0.3453209,0.35201463,0.33508822,0.00010714974,0.3789885,0.32504076
0.00076046935,0.0013838585,-4.4179947e-07,0.28068826,0.29472268,0.27611893,0.54500526,-0.014034414,0.29655042,0.30834913,0.293885,7.336103e-05,0.3341633,0.28253493
0.00077186053,0.0013636203,-4.895496e-07,0.26822153,0.2778698,0.2659703,0.58174485,-0.008361823,0.28488085,0.3028427,0.28915825,6.621353e-05,0.33195657,0.27372882
0.0008375629,0.0016789157,-5.719906e-07,0.31683373,0.3240345,0.31607577,0.2955157,0.00075797545,0.32964352,0.35598317,0.3402236,8.1899896e-05,0.39334232,0.31862405
0.00079537835,0.0017482954,-5.6431077e-07,0.3235307,0.3254519,0.320841,0.26929897,0.0023054446,0.32852584,0.35788184,0.3444334,8.805517e-05,0.3974869,0.31827676
0.00045682534,0.0019280188,-5.358373e-07,0.3017925,0.3115045,0.30071336,0.43902355,-0.001079115,0.30294356,0.3319178,0.32194796,7.0711234e-05,0.36918357,0.29465201
0.00042777444,0.0021859666,-6.4253203e-07,0.3222044,0.33319312,0.3222044,0.24604094,-0.007064165,0.3274633,0.35905582,0.3508339,8.1687176e-05,0.40195146,0.31616014
0.00019548711,0.002312011,-6.379414e-07,0.3060125,0.31428313,0.30074942,0.39360955,-0.0026315574,0.3121779,0.34082428,0.3355862,8.35415e-05,0.3834558,0.2981927
0.00017253881,0.0024429928,-6.9124445e-07,0.31645185,0.31998107,0.31449118,0.30888367,-0.0027449355,0.3233534,0.35223407,0.34954143,8.7140805e-05,0.39805895,0.30640915
6.123264e-05,0.002491403,-6.4183024e-07,0.31228644,0.32032323,0.3096075,0.37007475,0.003444336,0.31358764,0.34081703,0.34089357,6.345351e-05,0.38568097,0.2959531
6.3866086e-05,0.0025985516,-6.773803e-07,0.32491872,0.330507,0.32092708,0.2712792,-0.0007983261,0.3250784,0.35232127,0.35536155,3.7698734e-05,0.3984209,0.30622163
5.9948634e-05,0.0026057675,-6.6230723e-07,0.32691988,0.3325151,0.32332298,0.2748645,0.0015986302,0.32524133,0.34950054,0.3555287,4.87954e-05,0.393233,0.30576807
4.4174736e-05,0.002218931,-4.1745247e-07,0.29257268,0.2939319,0.2749028,0.5638837,0.014611644,0.27972803,0.29564792,0.3021382,0.00011883915,0.33094683,0.26034904
4.3336968e-05,0.0025805195,-4.879317e-07,0.33881631,0.34275603,0.33527055,0.26832283,-0.00039397244,0.32849422,0.3414165,0.35011676,0.00013703389,0.38094857,0.30188447
4.2826134e-05,0.0025501016,-4.3149007e-07,0.33988377,0.3418304,0.33404383,0.2926582,0.00506127,0.32906044,0.3364382,0.34590536,0.00016292551,0.37426305,0.29861337
2.3906667e-05,0.0026297334,-4.5356856e-07,0.34664667,0.35023266,0.34266222,0.20705962,-0.0011953333,0.34122783,0.3428216,0.35396475,0.0002130571,0.3786421,0.3070011
1.9216886e-05,0.0025404722,-4.181177e-07,0.3362955,0.34359792,0.33398947,0.32046846,0.0019216886,0.33352825,0.32905072,0.341657,0.00025622512,0.35899088,0.2991106
7.954444e-06,0.0026408753,-5.211162e-07,0.33925703,0.3527796,0.3368707,0.2404509,-0.008749888,0.34450698,0.33862066,0.35360155,0.00022250193,0.36467972,0.31256163
7.988181e-06,0.002652076,-5.9226414e-07,0.33390597,0.34668705,0.33270773,0.26164886,-0.006789954,0.34405094,0.33845922,0.3549282,0.00019192383,0.36189115,0.3150273
4.0720206e-06,0.0027078937,-5.0459795e-07,0.35019377,0.35100818,0.34164253,0.16867124,0.009772849,0.34970513,0.34392285,0.3618194,0.00022803315,0.36428687,0.32355884
4.0274394e-06,0.0026782472,-6.260241e-07,0.33387473,0.34797075,0.33145827,0.25964096,-0.012485063,0.342574,0.3386674,0.3577306,0.00020994099,0.3558148,0.32151997
4.152113e-06,0.0027611554,-6.031838e-07,0.3483623,0.3483623,0.33922765,0.1350724,0.004152113,0.35018924,0.34871522,0.36865228,0.00023477917,0.36601567,0.33141476
4.147959e-06,0.0027583926,-5.9414486e-07,0.34884334,0.3513321,0.3426214,0.12397419,0.00082959177,0.34884334,0.3485115,0.36802074,0.00024530938,0.3657594,0.33126357
4.0821087e-06,0.0027146023,-5.43205e-07,0.34738746,0.3494285,0.34330535,0.18852404,0.004082109,0.34453,0.34328493,0.36191297,0.000242307,0.36034498,0.32622492
3.846384e-06,0.0025578453,-6.9565783e-07,0.30924925,0.33117366,0.30732608,0.41019762,-0.018078005,0.32032683,0.32273084,0.34055242,0.00018402956,0.33995384,0.30550784
4.024367e-06,0.002676204,-8.260572e-07,0.31390062,0.3279859,0.311486,0.34678775,-0.009658481,0.3312054,0.33647734,0.35537842,0.0001708759,0.35726255,0.3156921
4.0305877e-06,0.0026803408,-6.879891e-07,0.32808983,0.32849288,0.3107583,0.33383343,0.013703998,0.32970208,0.33685637,0.3552963,0.00016255045,0.35787404,0.31583866
4.2120596e-06,0.0028010197,-7.061163e-07,0.34412527,0.34496766,0.33696476,0.14614584,0.0012636179,0.34252468,0.35208607,0.37079462,0.00017364002,0.37395132,0.3302208
4.2345287e-06,0.0028159616,-7.8308074e-07,0.33876228,0.34426716,0.33706847,0.1492502,-0.0071986984,0.34003264,0.35381603,0.37227857,0.00014965402,0.3761629,0.33146918
4.2451434e-06,0.0028230203,-8.195761e-07,0.33621535,0.34258306,0.3345173,0.16103102,-0.0033961146,0.33986616,0.35419354,0.37251133,0.00014707583,0.37776116,0.3306259
3.9758324e-06,0.0026439286,-8.2418023e-07,0.3093198,0.31250045,0.30057296,0.4048829,-0.005566166,0.31814614,0.33100796,0.34826967,0.00012547305,0.3549337,0.3070822
4.291219e-06,0.0028536604,-8.5465183e-07,0.33728978,0.33814803,0.33256945,0.14568688,0.003432975,0.34098023,0.35657883,0.37531,0.00015682768,0.3837263,0.32943133
4.2330207e-06,0.0028149588,-9.033201e-07,0.32678923,0.33737177,0.3259426,0.23899212,-0.005926229,0.33254611,0.34985918,0.36960623,0.00015658737,0.37805694,0.3216614
4.2859647e-06,0.0028501665,-8.9718594e-07,0.33259085,0.339877,0.33087647,0.19616431,0.0017143858,0.33464813,0.35243487,0.37358612,0.00013464756,0.38166893,0.32320082
4.3349633e-06,0.0028827505,-8.942193e-07,0.33769363,0.34159508,0.33249167,0.15504429,0.001300489,0.33734682,0.3544266,0.37730074,0.00016201378,0.38326293,0.32559025
4.3430787e-06,0.0028881475,-8.958934e-07,0.33832583,0.34093168,0.33224553,0.16298707,0.0,0.33806527,0.353114,0.37741354,0.0001478495,0.38089272,0.32533532
4.323898e-06,0.002875392,-9.095232e-07,0.33510208,0.33942598,0.33294013,0.20184387,-0.0017295592,0.33562094,0.34939256,0.37511975,0.00014109562,0.3750205,0.32376462
4.375021e-06,0.002909389,-9.2917406e-07,0.33818913,0.34256414,0.33731413,0.15160324,-0.0008750042,0.33967665,0.35177356,0.3789862,0.0001250006,0.3768703,0.32667685
0.0006446187,0.0021431479,-9.710755e-07,0.31561202,0.32523942,0.3135191,0.35130882,-0.007953088,0.32314652,0.33484593,0.36167017,0.00014133991,0.35968098,0.31001088
0.0003277777,0.0025741477,-9.797269e-07,0.33389622,0.33608142,0.32996288,0.21994758,0.0043703695,0.33608142,0.34750992,0.37671125,0.00019354493,0.37130862,0.32371122
0.00031146192,0.002525828,-1.0102625e-06,0.3199951,0.32767498,0.3199951,0.3229092,-0.005973242,0.32562703,0.3375735,0.36674282,9.955404e-05,0.36125773,0.3138893
0.00035985172,0.002166686,-9.55346e-07,0.27765402,0.28447226,0.2731085,0.559899,-0.006439452,0.28591165,0.29769206,0.324561,7.067002e-05,0.31908476,0.2762994
0.0001686374,0.0020009475,-8.718352e-07,0.23155212,0.23965968,0.2296063,0.7134367,-0.006161751,0.2409569,0.25281015,0.27688962,5.9614464e-05,0.2718724,0.23374793
6.0813185e-05,0.002481938,-9.931249e-07,0.2744195,0.27974063,0.2717589,0.57416385,0.0030406592,0.2799687,0.2938417,0.32349446,9.222588e-05,0.31441525,0.27326816
2.5792619e-05,0.0028500843,-1.1361176e-06,0.30908155,0.31466997,0.30779192,0.3893138,-0.001289631,0.3127785,0.3305109,0.36386222,0.00011348752,0.35502562,0.3059962
2.2328217e-05,0.0029651872,-1.2662358e-06,0.31259504,0.31706068,0.3117019,0.33027896,-0.008484722,0.32045457,0.34155473,0.3756648,8.208903e-05,0.3701882,0.31292123
1.8198469e-05,0.0030254954,-1.2761898e-06,0.3198381,0.32438773,0.31710833,0.2870945,0.0013648852,0.32375076,0.34545246,0.38064373,0.00010191143,0.37518218,0.31572273
1.2659214e-05,0.0028103455,-1.1150064e-06,0.30339918,0.30635297,0.29538167,0.4556811,0.006751581,0.30069855,0.31833705,0.3512088,0.00012320404,0.34446183,0.29221225
1.2623285e-05,0.0028023692,-1.0432822e-06,0.30927047,0.31137437,0.2987511,0.45291924,0.0067324187,0.3009391,0.31606603,0.3485359,0.00014867424,0.34078142,0.2913506
1.3112002e-05,0.0029108645,-1.0703209e-06,0.32255527,0.3260518,0.31599927,0.3727786,0.0013112003,0.314251,0.32712263,0.3603397,0.00015997214,0.35154283,0.3027024
8.1702e-06,0.0027247616,-8.9638826e-07,0.31169313,0.3137357,0.30188888,0.4800932,0.01021275,0.2988659,0.30544293,0.33537307,0.00019016844,0.3277703,0.28311557
8.344539e-06,0.0027829038,-8.3892206e-07,0.32585427,0.32710594,0.31625804,0.4247287,0.007510085,0.311752,0.3118563,0.3411387,0.0002173972,0.3343842,0.2893284
3.978136e-05,0.0029172997,-9.564435e-07,0.3385836,0.34653986,0.3363735,0.28683686,-0.0066302265,0.33442864,0.3302516,0.36005077,0.00023526611,0.35390377,0.3065994
2.6696367e-05,0.002945499,-9.088902e-07,0.3461629,0.35150215,0.3372641,0.2521783,0.0053392733,0.34046766,0.332481,0.36131307,0.00023903661,0.35638857,0.30857342
2.2179405e-05,0.002940989,-8.5673895e-07,0.34999102,0.34999102,0.3397885,0.24680799,0.004879469,0.34395823,0.331693,0.35923246,0.00026855062,0.3561232,0.3072628
0.00059534964,0.0023725128,-8.63734e-07,0.35010114,0.3527669,0.34476966,0.22916964,-0.00044429078,0.34672454,0.33241838,0.3586389,0.0002944412,0.3573978,0.30743897
0.0002745167,0.0027451671,-9.2638726e-07,0.3483212,0.35372153,0.34427094,0.19944313,-0.0063003832,0.35057133,0.33668798,0.3618745,0.00030733578,0.36194775,0.31142822
9.479284e-05,0.0029385781,-9.881755e-07,0.3430598,0.3502821,0.33764306,0.22084475,-0.006319523,0.35109463,0.33741736,0.36155945,0.0002761472,0.36236033,0.3124744
3.9182974e-05,0.0028864793,-1.0484371e-06,0.3213004,0.3330553,0.3199943,0.36346564,-0.00957806,0.33514506,0.32508808,0.34742963,0.0002395667,0.3491731,0.30100307
2.7219054e-05,0.003021315,-1.120065e-06,0.33207244,0.34296006,0.32935053,0.26680115,-0.0027219052,0.34404883,0.33801526,0.36062977,0.00026806642,0.36300135,0.3130292
1.8165154e-05,0.0024232315,-7.860059e-07,0.27683693,0.2822865,0.26630116,0.6275661,0.010899092,0.2736399,0.2709151,0.287954,0.00023444681,0.29109213,0.25073808
0.00052809744,0.0021202718,-7.5717907e-07,0.30976462,0.31488797,0.30109435,0.51595515,0.009458462,0.2977839,0.29492667,0.31187963,0.0002596221,0.3177333,0.27212003
0.00036131538,0.0020212196,-5.7550125e-07,0.2947761,0.29799575,0.2815398,0.60822254,0.013594043,0.27488586,0.2696808,0.2830423,0.00024719234,0.29268897,0.24667262
0.0005822934,0.0021067697,-6.473949e-07,0.33360556,0.3400755,0.32673126,0.4228946,0.0004043704,0.31775424,0.30691713,0.3198637,0.00027833285,0.3350492,0.27878505
0.0012389894,0.0016218716,-6.797618e-07,0.35620946,0.3592209,0.35362825,0.23853558,0.001290614,0.34631476,0.32886997,0.3401987,0.0002820002,0.3603467,0.29739323
0.0008716048,0.0020077263,-6.8024855e-07,0.3599164,0.36078367,0.35211098,0.18843575,0.0008672684,0.35497296,0.3343103,0.34284568,0.00027186394,0.36561912,0.30300146
0.00064195786,0.0020355752,-5.798728e-07,0.34535706,0.34616968,0.33032387,0.364047,0.008126048,0.33779985,0.3162252,0.32143262,0.00028933657,0.34586924,0.28658113
0.00049337494,0.0020753073,-5.1387e-07,0.3387058,0.34066367,0.3269588,0.4151398,0.0058735115,0.32876,0.30761537,0.31010833,0.0002805259,0.33771813,0.2775126
0.00047646754,0.0021844825,-5.9208634e-07,0.341603,0.35371658,0.3387765,0.3416555,-0.007671935,0.34071466,0.31945533,0.32004753,0.00025695475,0.35074422,0.28816646
0.00035735886,0.0023536396,-6.2951534e-07,0.34421465,0.35160828,0.33682102,0.3079653,-0.0032860585,0.34741855,0.32702443,0.3257237,0.00025292003,0.35824877,0.29580012
0.0003995356,0.00234311,-5.8687016e-07,0.35458785,0.35999823,0.34751275,0.23323308,0.0058265612,0.35383874,0.33319604,0.3302897,0.00028323563,0.36570993,0.3006822
0.00018240816,0.0024766973,-4.948645e-07,0.35427716,0.35427716,0.34049523,0.29524988,0.008917732,0.3465755,0.32640925,0.322072,0.0003058232,0.36036587,0.29245263
0.00013661996,0.0022182767,-3.4151645e-07,0.32465217,0.32716885,0.30811396,0.50662273,0.01042626,0.3101273,0.29197124,0.2859132,0.00030816533,0.32498655,0.2589559
0.0007528598,0.0018425253,-4.076524e-07,0.3546366,0.3613727,0.347108,0.29344496,-0.0031699361,0.34568155,0.32410616,0.3153426,0.00033672067,0.3626004,0.28561193
0.00073806447,0.001968172,-4.830783e-07,0.3583713,0.3698523,0.3583713,0.15944652,-0.0086107515,0.3606675,0.33713144,0.326327,0.00030752685,0.37777722,0.29648563
0.00059643557,0.0019452375,-3.5628415e-07,0.35474274,0.35474274,0.33992928,0.31517136,0.014033778,0.34741396,0.32289383,0.31050384,0.0002973258,0.3637518,0.2820359
0.00039721982,0.0018974339,-2.4028205e-07,0.3337356,0.3362182,0.32345042,0.4696344,0.010994477,0.32082593,0.29672676,0.28288317,0.00026793135,0.33662713,0.25682637
0.00043378392,0.0021024842,-3.191133e-07,0.36109582,0.36930254,0.35718784,0.2260366,-0.0066435374,0.3551557,0.33016428,0.31216812,0.00027435497,0.3742722,0.28605634
0.00018203915,0.0023316504,-2.9720536e-07,0.3602051,0.3660149,0.35555732,0.2364495,0.002323904,0.3547052,0.33094332,0.3099959,0.0002733086,0.3725452,0.2893414
0.00017280369,0.0023760507,-2.9052015e-07,0.36642238,0.37152794,0.3632805,0.12324438,0.001178207,0.3643016,0.33951998,0.31481037,0.0002775963,0.37753266,0.30150732
7.021016e-05,0.0024651566,-3.7515866e-07,0.3545613,0.36197236,0.35339114,0.20033689,-0.009361355,0.36173835,0.3400707,0.3131828,0.0002405091,0.3737308,0.3064106
0.00070304313,0.0017902628,-2.781855e-07,0.35882092,0.3592051,0.3492165,0.2320849,0.009604414,0.3557475,0.33778724,0.30907005,0.00024248406,0.36882326,0.30675122
0.0006681763,0.0018547651,-3.902618e-07,0.34292033,0.35636067,0.3410003,0.26840332,-0.015744383,0.3532118,0.33896506,0.30926833,0.0002236686,0.36847648,0.30945364
0.0004407696,0.0021448163,-3.9999927e-07,0.35143504,0.35694465,0.34631896,0.18206932,0.0,0.3590698,0.3487196,0.31722292,0.00023584242,0.3771398,0.32029936
0.00016263108,0.0024394663,-3.73472e-07,0.35778838,0.36016834,0.35342512,0.10168013,0.0035699506,0.35945436,0.3529491,0.32038322,0.00023478843,0.3796637,0.32623452
7.762077e-05,0.0024683403,-3.0703754e-07,0.3562793,0.36248896,0.34851724,0.18616565,0.0062096613,0.35239828,0.34704244,0.3143641,0.00022615072,0.37128645,0.3227984
1.5682628e-05,0.0025562686,-3.330608e-07,0.35756394,0.36187667,0.3508988,0.13749744,-0.0023523944,0.35427058,0.35180056,0.3182136,0.00020329334,0.37511593,0.32848522
1.5667636e-05,0.0025538248,-3.327424e-07,0.3572221,0.3623141,0.3529135,0.12340614,0.0,0.35542032,0.35238472,0.31852958,0.000210013,0.3750518,0.32971767
1.1603331e-05,0.0025256583,-2.707301e-07,0.35854292,0.35854292,0.35003382,0.1687743,0.005801665,0.35359216,0.349531,0.31535277,0.00023814697,0.37020546,0.32885653
6.8543604e-06,0.0022379486,-1.0643433e-07,0.33106562,0.33175105,0.31461516,0.4573058,0.013366003,0.3176996,0.31190768,0.2804233,0.00021272153,0.3294043,0.29441106
3.3448819e-06,0.0021875529,-4.042356e-08,0.32947087,0.3338192,0.31575686,0.47228393,0.0063552754,0.3145527,0.30664206,0.27484336,0.00020069291,0.3245812,0.2887029
3.4246186e-06,0.0022397006,-1.7414866e-08,0.3397222,0.3421194,0.332188,0.4119748,0.0023972332,0.32753053,0.31597245,0.282571,0.00022667713,0.33624467,0.29570022
3.319865e-06,0.0021711919,-1.6882174e-08,0.32933062,0.32933062,0.3147232,0.46793497,0.0,0.32282367,0.30778468,0.2751449,0.00021644217,0.3295787,0.2859907
3.558164e-06,0.0023270394,-3.5884792e-08,0.3511908,0.36186528,0.3472768,0.28951,-0.001779082,0.35026568,0.33151415,0.296146,0.00022454433,0.35600206,0.30702624
