state_0,state_1,state_2,state_3,state_4,state_5,state_6,state_7,state_8,state_9,state_10,state_11,state_12,state_13,state_14,state_15,state_16,state_17,state_18,state_19,state_20,state_21,state_22,state_23,state_24,state_25,state_26,state_27,state_28,state_29,state_30,state_31,state_32,state_33,state_34,state_35,state_36,state_37,state_38,state_39,state_40,state_41,state_42,state_43,state_44,state_45,state_46,state_47,state_48,state_49,state_50,state_51,state_52,state_53,state_54,state_55,state_56,state_57,state_58,state_59,state_60,state_61,state_62,state_63,state_64,state_65,state_66,state_67,state_68,state_69,state_70,state_71,state_72,state_73,state_74,state_75,state_76,state_77
{'img': array([[[ 0.        , -0.13714909, -0.66341489, ..., -0.02133866,
          0.63180689,  0.48863669],
        [ 0.13714909,  0.        , -0.55452385, ...,  0.11598084,
          0.73214438,  0.60368013],
        [ 0.66341489,  0.55452385,  0.        , ...,  0.64729714,
          0.98698063,  0.94444436],
        ...,
        [ 0.02133866, -0.11598084, -0.64729714, ...,  0.        ,
          0.64820318,  0.50714315],
        [-0.63180689, -0.73214438, -0.98698063, ..., -0.64820318,
          0.        , -0.1724886 ],
        [-0.48863669, -0.60368013, -0.94444436, ..., -0.50714315,
          0.1724886 ,  0.        ]],

       [[ 0.        , -0.22061594, -0.35473601, ..., -0.2196268 ,
         -0.34311459, -0.79478283],
        [ 0.22061594,  0.        , -0.13972707, ...,  0.00101401,
         -0.12743737, -0.64130951],
        [ 0.35473601,  0.13972707,  0.        , ...,  0.14073106,
          0.0124006 , -0.52780819],
        ...,
        [ 0.2196268 , -0.00101401, -0.14073106, ...,  0.        ,
         -0.12844305, -0.64208721],
        [ 0.34311459,  0.12743737, -0.0124006 , ...,  0.12844305,
          0.        , -0.53830022],
        [ 0.79478283,  0.64130951,  0.52780819, ...,  0.64208721,
          0.53830022,  0.        ]],

       [[ 0.        , -0.27051535, -0.44539984, ...,  0.13983016,
          0.04535627, -0.05190828],
        [ 0.27051535,  0.        , -0.18659242, ...,  0.40247436,
          0.31390215,  0.22017774],
        [ 0.44539984,  0.18659242,  0.        , ...,  0.5662184 ,
          0.48555039,  0.39832425],
        ...,
        [-0.13983016, -0.40247436, -0.5662184 , ...,  0.        ,
         -0.09477559, -0.19103996],
        [-0.04535627, -0.31390215, -0.48555039, ...,  0.09477559,
          0.        , -0.09714999],
        [ 0.05190828, -0.22017774, -0.39832425, ...,  0.19103996,
          0.09714999,  0.        ]],

       ...,

       [[ 0.        , -0.07527667, -0.46538752, ..., -0.99896381,
         -0.66155564, -0.70066051],
        [ 0.07527667,  0.        , -0.39743916, ..., -0.9995554 ,
         -0.60322892, -0.644963  ],
        [ 0.46538752,  0.39743916,  0.        , ..., -0.90537039,
         -0.23655528, -0.28810796],
        ...,
        [ 0.99896381,  0.9995554 ,  0.90537039, ...,  0.        ,
          0.77922745,  0.74464363],
        [ 0.66155564,  0.60322892,  0.23655528, ..., -0.77922745,
          0.        , -0.05340605],
        [ 0.70066051,  0.644963  ,  0.28810796, ..., -0.74464363,
          0.05340605,  0.        ]],

       [[ 0.        , -0.03303994, -0.18824126, ...,  0.87577598,
          0.8140692 ,  0.76571456],
        [ 0.03303994,  0.        , -0.15568921, ...,  0.8912468 ,
          0.83281328,  0.78654715],
        [ 0.18824126,  0.15568921,  0.        , ...,  0.95098697,
          0.90884041,  0.87309886],
        ...,
        [-0.87577598, -0.8912468 , -0.95098697, ...,  0.        ,
         -0.11565691, -0.19365805],
        [-0.8140692 , -0.83281328, -0.90884041, ...,  0.11565691,
          0.        , -0.07889104],
        [-0.76571456, -0.78654715, -0.87309886, ...,  0.19365805,
          0.07889104,  0.        ]],

       [[ 0.        ,  0.42822291,  0.65908648, ...,  0.99964117,
          0.99953595,  0.99992118],
        [-0.42822291,  0.        ,  0.27354637, ...,  0.91481965,
          0.91629799,  0.90897829],
        [-0.65908648, -0.27354637,  0.        , ...,  0.76945219,
          0.77179475,  0.76028277],
        ...,
        [-0.99964117, -0.91481965, -0.76945219, ...,  0.        ,
          0.00367582, -0.01423424],
        [-0.99953595, -0.91629799, -0.77179475, ..., -0.00367582,
          0.        , -0.01790959],
        [-0.99992118, -0.90897829, -0.76028277, ...,  0.01423424,
          0.01790959,  0.        ]]]), 'num': array([6.86474510e+07, 3.45640300e+06, 1.37100000e+03, 4.75500000e+04,
       4.81500000e+04, 4.72000000e+04, 6.56990000e+04, 0.00000000e+00,
       4.70100000e+04, 4.83050000e+04, 4.93233333e+04, 4.79069767e+01,
       5.13625971e+04, 4.52474029e+04])}
{'img': array([[[ 0.        , -0.55452385,  0.27150942, ...,  0.73214438,
          0.60368013,  0.60368013],
        [ 0.55452385,  0.        ,  0.759635  , ...,  0.98698063,
          0.94444436,  0.94444436],
        [-0.27150942, -0.759635  ,  0.        , ...,  0.51970345,
          0.36454882,  0.36454882],
        ...,
        [-0.73214438, -0.98698063, -0.51970345, ...,  0.        ,
         -0.1724886 , -0.1724886 ],
        [-0.60368013, -0.94444436, -0.36454882, ...,  0.1724886 ,
          0.        ,  0.        ],
        [-0.60368013, -0.94444436, -0.36454882, ...,  0.1724886 ,
          0.        ,  0.        ]],

       [[ 0.        , -0.13972707,  0.17739757, ..., -0.12743737,
         -0.64130951, -0.36386962],
        [ 0.13972707,  0.        ,  0.31316821, ...,  0.0124006 ,
         -0.52780819, -0.23015131],
        [-0.17739757, -0.31316821,  0.        , ..., -0.30136731,
         -0.76725188, -0.52333533],
        ...,
        [ 0.12743737, -0.0124006 ,  0.30136731, ...,  0.        ,
         -0.53830022, -0.24220132],
        [ 0.64130951,  0.52780819,  0.76725188, ...,  0.53830022,
          0.        ,  0.31815696],
        [ 0.36386962,  0.23015131,  0.52333533, ...,  0.24220132,
         -0.31815696,  0.        ]],

       [[ 0.        , -0.18659242, -0.5763481 , ...,  0.31390215,
          0.22017774,  0.32233006],
        [ 0.18659242,  0.        , -0.41374181, ...,  0.48555039,
          0.39832425,  0.4933026 ],
        [ 0.5763481 ,  0.41374181,  0.        , ...,  0.80373897,
          0.74213458,  0.80899638],
        ...,
        [-0.31390215, -0.48555039, -0.80373897, ...,  0.        ,
         -0.09714999,  0.00888964],
        [-0.22017774, -0.39832425, -0.74213458, ...,  0.09714999,
          0.        ,  0.10599374],
        [-0.32233006, -0.4933026 , -0.80899638, ..., -0.00888964,
         -0.10599374,  0.        ]],

       ...,

       [[ 0.        , -0.39743916, -0.44781403, ..., -0.60322892,
         -0.644963  , -0.42147025],
        [ 0.39743916,  0.        , -0.05556596, ..., -0.23655528,
         -0.28810796, -0.02633852],
        [ 0.44781403,  0.05556596,  0.        , ..., -0.18220091,
         -0.23445299,  0.02924886],
        ...,
        [ 0.60322892,  0.23655528,  0.18220091, ...,  0.        ,
         -0.05340605,  0.21088223],
        [ 0.644963  ,  0.28810796,  0.23445299, ...,  0.05340605,
          0.        ,  0.2627863 ],
        [ 0.42147025,  0.02633852, -0.02924886, ..., -0.21088223,
         -0.2627863 ,  0.        ]],

       [[ 0.        , -0.15568921, -0.24516252, ...,  0.83281328,
          0.78654715,  0.71907545],
        [ 0.15568921,  0.        , -0.09123515, ...,  0.90884041,
          0.87309886,  0.81850052],
        [ 0.24516252,  0.09123515,  0.        , ...,  0.94310817,
          0.91393857,  0.86750199],
        ...,
        [-0.83281328, -0.90884041, -0.94310817, ...,  0.        ,
         -0.07889104, -0.1807015 ],
        [-0.78654715, -0.87309886, -0.91393857, ...,  0.07889104,
          0.        , -0.10254596],
        [-0.71907545, -0.81850052, -0.86750199, ...,  0.1807015 ,
          0.10254596,  0.        ]],

       [[ 0.        ,  0.54146596,  0.70765862, ...,  0.99982704,
          0.9993    ,  0.99901601],
        [-0.54146596,  0.        ,  0.21236943, ...,  0.83050713,
          0.81987784,  0.81588085],
        [-0.70765862, -0.21236943,  0.        , ...,  0.69327133,
          0.67958631,  0.67447389],
        ...,
        [-0.99982704, -0.83050713, -0.69327133, ...,  0.        ,
         -0.01881877, -0.02576372],
        [-0.9993    , -0.81987784, -0.67958631, ...,  0.01881877,
          0.        , -0.00694663],
        [-0.99901601, -0.81588085, -0.67447389, ...,  0.02576372,
          0.00694663,  0.        ]]]), 'num': array([8.17000000e+07, 8.17000000e+07, 0.00000000e+00, 4.78500000e+04,
       4.80000000e+04, 4.74000000e+04, 3.45140000e+04, 3.00000000e+02,
       4.74200000e+04, 4.81425000e+04, 4.93583333e+04, 5.26570048e+01,
       5.09213982e+04, 4.53636018e+04])}
{'img': array([[[ 0.        ,  0.759635  ,  0.89772344, ...,  0.94444436,
          0.94444436,  0.9695849 ],
        [-0.759635  ,  0.        ,  0.24916976, ...,  0.36454882,
          0.36454882,  0.44464455],
        [-0.89772344, -0.24916976,  0.        , ...,  0.12102792,
          0.12102792,  0.20743726],
        ...,
        [-0.94444436, -0.36454882, -0.12102792, ...,  0.        ,
          0.        ,  0.08751704],
        [-0.94444436, -0.36454882, -0.12102792, ...,  0.        ,
          0.        ,  0.08751704],
        [-0.9695849 , -0.44464455, -0.20743726, ..., -0.08751704,
         -0.08751704,  0.        ]],

       [[ 0.        ,  0.30676503,  0.42460497, ..., -0.50000528,
         -0.22225656, -0.8282166 ],
        [-0.30676503,  0.        ,  0.12639424, ..., -0.74156304,
         -0.51063281, -0.96019798],
        [-0.42460497, -0.12639424,  0.        , ..., -0.82041154,
         -0.6152112 , -0.98780176],
        ...,
        [ 0.50000528,  0.74156304,  0.82041154, ...,  0.        ,
          0.29502011, -0.43704707],
        [ 0.22225656,  0.51063281,  0.6152112 , ..., -0.29502011,
          0.        , -0.68294704],
        [ 0.8282166 ,  0.96019798,  0.98780176, ...,  0.43704707,
          0.68294704,  0.        ]],

       [[ 0.        , -0.41374181, -0.00874714, ...,  0.39832425,
          0.4933026 ,  0.63474554],
        [ 0.41374181,  0.        ,  0.40576263, ...,  0.74213458,
          0.80899638,  0.89757577],
        [ 0.00874714, -0.40576263,  0.        , ...,  0.40633228,
          0.5008925 ,  0.64148036],
        ...,
        [-0.39832425, -0.74213458, -0.40633228, ...,  0.        ,
          0.10599374,  0.27442336],
        [-0.4933026 , -0.80899638, -0.5008925 , ..., -0.10599374,
          0.        ,  0.17095295],
        [-0.63474554, -0.89757577, -0.64148036, ..., -0.27442336,
         -0.17095295,  0.        ]],

       ...,

       [[ 0.        , -0.05556596,  0.12131544, ..., -0.28810796,
         -0.02633852,  0.17193404],
        [ 0.05556596,  0.        ,  0.17628357, ..., -0.23445299,
          0.02924886,  0.22640691],
        [-0.12131544, -0.17628357,  0.        , ..., -0.40215141,
         -0.14741734,  0.05115527],
        ...,
        [ 0.28810796,  0.23445299,  0.40215141, ...,  0.        ,
          0.2627863 ,  0.44846127],
        [ 0.02633852, -0.02924886,  0.14741734, ..., -0.2627863 ,
          0.        ,  0.19782069],
        [-0.17193404, -0.22640691, -0.05115527, ..., -0.44846127,
         -0.19782069,  0.        ]],

       [[ 0.        , -0.09123515, -0.13495014, ...,  0.87309886,
          0.81850052,  0.70968945],
        [ 0.09123515,  0.        , -0.04398676, ...,  0.91393857,
          0.86750199,  0.7710061 ],
        [ 0.13495014,  0.04398676,  0.        , ...,  0.93090612,
          0.88854284,  0.79827184],
        ...,
        [-0.87309886, -0.91393857, -0.93090612, ...,  0.        ,
         -0.10254596, -0.26910665],
        [-0.81850052, -0.86750199, -0.88854284, ...,  0.10254596,
          0.        , -0.16892491],
        [-0.70968945, -0.7710061 , -0.79827184, ...,  0.26910665,
          0.16892491,  0.        ]],

       [[ 0.        ,  0.51990794,  0.69416472, ...,  0.99188004,
          0.99088391,  0.99498715],
        [-0.51990794,  0.        ,  0.21873282, ...,  0.7811657 ,
          0.77639393,  0.79794791],
        [-0.69416472, -0.21873282,  0.        , ...,  0.62568951,
          0.61973747,  0.64678938],
        ...,
        [-0.99188004, -0.7811657 , -0.62568951, ...,  0.        ,
         -0.00760691,  0.02734863],
        [-0.99088391, -0.77639393, -0.61973747, ...,  0.00760691,
          0.        ,  0.0349519 ],
        [-0.99498715, -0.79794791, -0.64678938, ..., -0.02734863,
         -0.0349519 ,  0.        ]]]), 'num': array([ 8.1700000e+07,  8.1700000e+07,  0.0000000e+00,  4.7500000e+04,
        4.7950000e+04,  4.7200000e+04,  4.3501000e+04, -3.5000000e+02,
        4.7720000e+04,  4.7962500e+04,  4.9397500e+04,  4.6969697e+01,
        5.0396812e+04,  4.5528188e+04])}
{'img': array([[[ 0.        ,  0.32308485,  0.24823626, ...,  0.45615049,
          0.54401276,  0.44057813],
        [-0.32308485,  0.        , -0.07804879, ...,  0.14417308,
          0.24374431,  0.12691205],
        [-0.24823626,  0.07804879,  0.        , ...,  0.22096666,
          0.31869558,  0.2039426 ],
        ...,
        [-0.45615049, -0.14417308, -0.22096666, ...,  0.        ,
          0.10137304, -0.01742115],
        [-0.54401276, -0.24374431, -0.31869558, ..., -0.10137304,
          0.        , -0.11868906],
        [-0.44057813, -0.12691205, -0.2039426 , ...,  0.01742115,
          0.11868906,  0.        ]],

       [[ 0.        ,  0.12639424, -0.23928872, ..., -0.51063281,
         -0.96019798, -0.77768154],
        [-0.12639424,  0.        , -0.36009194, ..., -0.6152112 ,
         -0.98780176, -0.8509034 ],
        [ 0.23928872,  0.36009194,  0.        , ..., -0.29005796,
         -0.86546455, -0.60465782],
        ...,
        [ 0.51063281,  0.6152112 ,  0.29005796, ...,  0.        ,
         -0.68294704, -0.3476361 ],
        [ 0.96019798,  0.98780176,  0.86546455, ...,  0.68294704,
          0.        ,  0.3864143 ],
        [ 0.77768154,  0.8509034 ,  0.60465782, ...,  0.3476361 ,
         -0.3864143 ,  0.        ]],

       [[ 0.        ,  0.40576263,  0.52764921, ...,  0.80899638,
          0.89757577,  0.94280904],
        [-0.40576263,  0.        ,  0.13757995, ...,  0.5008925 ,
          0.64148036,  0.72645298],
        [-0.52764921, -0.13757995,  0.        , ...,  0.37705259,
          0.5298373 ,  0.62499773],
        ...,
        [-0.80899638, -0.5008925 , -0.37705259, ...,  0.        ,
          0.17095295,  0.28453053],
        [-0.89757577, -0.64148036, -0.5298373 , ..., -0.17095295,
          0.        ,  0.11645507],
        [-0.94280904, -0.72645298, -0.62499773, ..., -0.28453053,
         -0.11645507,  0.        ]],

       ...,

       [[ 0.        ,  0.17628357,  0.21177826, ...,  0.02924886,
          0.22640691, -0.01012128],
        [-0.17628357,  0.        ,  0.03617664, ..., -0.14741734,
          0.05115527, -0.18623731],
        [-0.21177826, -0.03617664,  0.        , ..., -0.18310223,
          0.01499251, -0.22165912],
        ...,
        [-0.02924886,  0.14741734,  0.18310223, ...,  0.        ,
          0.19782069, -0.03936431],
        [-0.22640691, -0.05115527, -0.01499251, ..., -0.19782069,
          0.        , -0.23625377],
        [ 0.01012128,  0.18623731,  0.22165912, ...,  0.03936431,
          0.23625377,  0.        ]],

       [[ 0.        , -0.04398676, -0.45127576, ...,  0.86750199,
          0.7710061 ,  0.62029097],
        [ 0.04398676,  0.        , -0.41158588, ...,  0.88854284,
          0.79827184,  0.65419257],
        [ 0.45127576,  0.41158588,  0.        , ...,  0.99862515,
          0.97541887,  0.90750606],
        ...,
        [-0.86750199, -0.88854284, -0.99862515, ...,  0.        ,
         -0.16892491, -0.37189045],
        [-0.7710061 , -0.79827184, -0.97541887, ...,  0.16892491,
          0.        , -0.20973693],
        [-0.62029097, -0.65419257, -0.90750606, ...,  0.37189045,
          0.20973693,  0.        ]],

       [[ 0.        ,  0.51858352,  0.76311597, ...,  0.9746054 ,
          0.98245793,  0.99105598],
        [-0.51858352,  0.        ,  0.31734413, ...,  0.71718787,
          0.74332031,  0.77817631],
        [-0.76311597, -0.31734413,  0.        , ...,  0.45896601,
          0.49261561,  0.53864604],
        ...,
        [-0.9746054 , -0.71718787, -0.45896601, ...,  0.        ,
          0.03825242,  0.09186851],
        [-0.98245793, -0.74332031, -0.49261561, ..., -0.03825242,
          0.        ,  0.05371062],
        [-0.99105598, -0.77817631, -0.53864604, ..., -0.09186851,
         -0.05371062,  0.        ]]]), 'num': array([ 8.15757660e+07,  6.87781660e+07,  2.72000000e+02,  4.70500000e+04,
        4.78500000e+04,  4.66000000e+04,  6.01260000e+04, -4.50000000e+02,
        4.75000000e+04,  4.77700000e+04,  4.94083333e+04,  4.76923077e+01,
        4.98238744e+04,  4.57161256e+04])}
{'img': array([[[ 0.        , -0.07804879,  0.71348187, ...,  0.24374431,
          0.12691205, -0.03845843],
        [ 0.07804879,  0.        ,  0.76599216, ...,  0.31869558,
          0.2039426 ,  0.03964994],
        [-0.71348187, -0.76599216,  0.        , ..., -0.52117769,
         -0.6187887 , -0.73990085],
        ...,
        [-0.24374431, -0.31869558,  0.52117769, ...,  0.        ,
         -0.11868906, -0.28086249],
        [-0.12691205, -0.2039426 ,  0.6187887 , ...,  0.11868906,
          0.        , -0.16496562],
        [ 0.03845843, -0.03964994,  0.73990085, ...,  0.28086249,
          0.16496562,  0.        ]],

       [[ 0.        , -0.36009194,  0.98780176, ..., -0.98780176,
         -0.8509034 , -0.67142877],
        [ 0.36009194,  0.        ,  0.86546455, ..., -0.86546455,
         -0.60465782, -0.35953419],
        [-0.98780176, -0.86546455,  0.        , ..., -0.        ,
         -0.3864143 , -0.62747668],
        ...,
        [ 0.98780176,  0.86546455,  0.        , ...,  0.        ,
          0.3864143 ,  0.62747668],
        [ 0.8509034 ,  0.60465782,  0.3864143 , ..., -0.3864143 ,
          0.        ,  0.27786179],
        [ 0.67142877,  0.35953419,  0.62747668, ..., -0.62747668,
         -0.27786179,  0.        ]],

       [[ 0.        ,  0.36095232,  0.7648615 , ...,  0.86275748,
          0.91942798,  0.87963169],
        [-0.36095232,  0.        ,  0.48077421, ...,  0.62209007,
          0.71549653,  0.64864174],
        [-0.7648615 , -0.48077421,  0.        , ...,  0.16905612,
          0.29150245,  0.2028436 ],
        ...,
        [-0.86275748, -0.62209007, -0.16905612, ...,  0.        ,
          0.12559267,  0.03438232],
        [-0.91942798, -0.71549653, -0.29150245, ..., -0.12559267,
          0.        , -0.09140834],
        [-0.87963169, -0.64864174, -0.2028436 , ..., -0.03438232,
          0.09140834,  0.        ]],

       ...,

       [[ 0.        ,  0.03617664,  0.23466794, ...,  0.05115527,
         -0.18623731, -0.15631906],
        [-0.03617664,  0.        ,  0.19934791, ...,  0.01499251,
         -0.22165912, -0.19194864],
        [-0.23466794, -0.19934791,  0.        , ..., -0.18463391,
         -0.41159912, -0.38373702],
        ...,
        [-0.05115527, -0.01499251,  0.18463391, ...,  0.        ,
         -0.23625377, -0.20664079],
        [ 0.18623731,  0.22165912,  0.41159912, ...,  0.23625377,
          0.        ,  0.0303636 ],
        [ 0.15631906,  0.19194864,  0.38373702, ...,  0.20664079,
         -0.0303636 ,  0.        ]],

       [[ 0.        , -0.41158588,  0.05939466, ...,  0.79827184,
          0.65419257,  0.4390526 ],
        [ 0.41158588,  0.        ,  0.46498982, ...,  0.97541887,
          0.90750606,  0.76993381],
        [-0.05939466, -0.46498982,  0.        , ...,  0.76108931,
          0.6081158 ,  0.38491369],
        ...,
        [-0.79827184, -0.97541887, -0.76108931, ...,  0.        ,
         -0.20973693, -0.4527762 ],
        [-0.65419257, -0.90750606, -0.6081158 , ...,  0.20973693,
          0.        , -0.25569896],
        [-0.4390526 , -0.76993381, -0.38491369, ...,  0.4527762 ,
          0.25569896,  0.        ]],

       [[ 0.        ,  0.63206021,  0.74446327, ...,  0.96023011,
          0.97504046,  0.98764123],
        [-0.63206021,  0.        ,  0.15489547, ...,  0.56762341,
          0.61524306,  0.66627841],
        [-0.74446327, -0.15489547,  0.        , ...,  0.43324905,
          0.4857077 ,  0.54273098],
        ...,
        [-0.96023011, -0.56762341, -0.43324905, ...,  0.        ,
          0.05904362,  0.12526071],
        [-0.97504046, -0.61524306, -0.4857077 , ..., -0.05904362,
          0.        ,  0.0664636 ],
        [-0.98764123, -0.66627841, -0.54273098, ..., -0.12526071,
         -0.0664636 ,  0.        ]]]), 'num': array([8.17912180e+07, 4.02618180e+07, 8.78000000e+02, 4.73000000e+04,
       4.77000000e+04, 4.71000000e+04, 4.78820000e+04, 2.50000000e+02,
       4.74500000e+04, 4.76425000e+04, 4.94108333e+04, 5.00000000e+01,
       4.94679520e+04, 4.58170480e+04])}
{'img': array([[[ 0.        ,  0.76599216,  0.9047957 , ...,  0.2039426 ,
          0.03964994,  0.13352388],
        [-0.76599216,  0.        ,  0.25545322, ..., -0.6187887 ,
         -0.73990085, -0.67329734],
        [-0.9047957 , -0.25545322,  0.        , ..., -0.79893136,
         -0.88719944, -0.8398332 ],
        ...,
        [-0.2039426 ,  0.6187887 ,  0.79893136, ...,  0.        ,
         -0.16496562, -0.07139882],
        [-0.03964994,  0.73990085,  0.88719944, ...,  0.16496562,
          0.        ,  0.09412399],
        [-0.13352388,  0.67329734,  0.8398332 , ...,  0.07139882,
         -0.09412399,  0.        ]],

       [[ 0.        ,  0.86546455,  0.80296513, ..., -0.60465782,
         -0.35953419, -0.53170862],
        [-0.86546455,  0.        , -0.91810096, ..., -0.3864143 ,
         -0.62747668, -0.46661543],
        [-0.80296513,  0.91810096,  0.        , ..., -0.99994175,
         -0.96356412, -0.9969653 ],
        ...,
        [ 0.60465782,  0.3864143 ,  0.99994175, ...,  0.        ,
          0.27786179,  0.08860311],
        [ 0.35953419,  0.62747668,  0.96356412, ..., -0.27786179,
          0.        , -0.19165494],
        [ 0.53170862,  0.46661543,  0.9969653 , ..., -0.08860311,
          0.19165494,  0.        ]],

       [[ 0.        ,  0.71261985,  0.95562878, ...,  0.89708379,
          0.84978355,  0.83745152],
        [-0.71261985,  0.        ,  0.46050272, ...,  0.31447094,
          0.22052141,  0.1980594 ],
        [-0.95562878, -0.46050272,  0.        , ..., -0.15799734,
         -0.25341847, -0.2755711 ],
        ...,
        [-0.89708379, -0.31447094,  0.15799734, ...,  0.        ,
         -0.09739562, -0.12023001],
        [-0.84978355, -0.22052141,  0.25341847, ...,  0.09739562,
          0.        , -0.02296928],
        [-0.83745152, -0.1980594 ,  0.2755711 , ...,  0.12023001,
          0.02296928,  0.        ]],

       ...,

       [[ 0.        ,  0.19934791,  0.41230197, ..., -0.22165912,
         -0.19194864, -0.09636868],
        [-0.19934791,  0.        ,  0.22241121, ..., -0.41159912,
         -0.38373702, -0.29285453],
        [-0.41230197, -0.22241121,  0.        , ..., -0.60398757,
         -0.57950949, -0.49817942],
        ...,
        [ 0.22165912,  0.41159912,  0.60398757, ...,  0.        ,
          0.0303636 ,  0.12665602],
        [ 0.19194864,  0.38373702,  0.57950949, ..., -0.0303636 ,
          0.        ,  0.09647855],
        [ 0.09636868,  0.29285453,  0.49817942, ..., -0.12665602,
         -0.09647855,  0.        ]],

       [[ 0.        ,  0.46498982,  0.68235542, ...,  0.90750606,
          0.76993381,  0.63367037],
        [-0.46498982,  0.        ,  0.26418307, ...,  0.6081158 ,
          0.38491369,  0.20128094],
        [-0.68235542, -0.26418307,  0.        , ...,  0.37678971,
          0.12741025, -0.06464624],
        ...,
        [-0.90750606, -0.6081158 , -0.37678971, ...,  0.        ,
         -0.25569896, -0.4358833 ],
        [-0.76993381, -0.38491369, -0.12741025, ...,  0.25569896,
          0.        , -0.19126311],
        [-0.63367037, -0.20128094,  0.06464624, ...,  0.4358833 ,
          0.19126311,  0.        ]],

       [[ 0.        ,  0.47655839,  0.6360818 , ...,  0.9262154 ,
          0.95285728,  0.96454768],
        [-0.47655839,  0.        ,  0.19148398, ...,  0.63461561,
          0.69310084,  0.72220729],
        [-0.6360818 , -0.19148398,  0.        , ...,  0.47488834,
          0.54224608,  0.57639837],
        ...,
        [-0.9262154 , -0.63461561, -0.47488834, ...,  0.        ,
          0.07819097,  0.11919316],
        [-0.95285728, -0.69310084, -0.54224608, ..., -0.07819097,
          0.        ,  0.04119468],
        [-0.96454768, -0.72220729, -0.57639837, ..., -0.11919316,
         -0.04119468,  0.        ]]]), 'num': array([ 8.17271820e+07,  2.34679340e+07,  1.23300000e+03,  4.72500000e+04,
        4.75000000e+04,  4.65000000e+04,  6.16860000e+04, -5.00000000e+01,
        4.73900000e+04,  4.75250000e+04,  4.94158333e+04,  4.56043956e+01,
        4.91192083e+04,  4.59307917e+04])}
{'img': array([[[ 0.        ,  0.25545322,  0.22285485, ..., -0.73990085,
         -0.67329734, -0.68676249],
        [-0.25545322,  0.        , -0.03356815, ..., -0.88719944,
         -0.8398332 , -0.849661  ],
        [-0.22285485,  0.03356815,  0.        , ..., -0.87121156,
         -0.82113761, -0.83148069],
        ...,
        [ 0.73990085,  0.88719944,  0.87121156, ...,  0.        ,
          0.09412399,  0.07582446],
        [ 0.67329734,  0.8398332 ,  0.82113761, ..., -0.09412399,
          0.        , -0.01836519],
        [ 0.68676249,  0.849661  ,  0.83148069, ..., -0.07582446,
          0.01836519,  0.        ]],

       [[ 0.        , -0.91810096, -0.95615149, ..., -0.62747668,
         -0.46661543, -0.64384937],
        [ 0.91810096,  0.        , -0.64785396, ..., -0.96356412,
         -0.9969653 , -0.95767454],
        [ 0.95615149,  0.64785396,  0.        , ..., -0.56072266,
         -0.70901919, -0.54303568],
        ...,
        [ 0.62747668,  0.96356412,  0.56072266, ...,  0.        ,
         -0.19165494,  0.02120868],
        [ 0.46661543,  0.9969653 ,  0.70901919, ...,  0.19165494,
          0.        ,  0.21242735],
        [ 0.64384937,  0.95767454,  0.54303568, ..., -0.02120868,
         -0.21242735,  0.        ]],

       [[ 0.        ,  0.59419208,  0.83367779, ...,  0.316231  ,
          0.28751324,  0.25148415],
        [-0.59419208,  0.        ,  0.3424031 , ..., -0.30934755,
         -0.33784975, -0.37282107],
        [-0.83367779, -0.3424031 ,  0.        , ..., -0.61625637,
         -0.63969762, -0.66800216],
        ...,
        [-0.316231  ,  0.30934755,  0.61625637, ...,  0.        ,
         -0.03011997, -0.06748924],
        [-0.28751324,  0.33784975,  0.63969762, ...,  0.03011997,
          0.        , -0.03740732],
        [-0.25148415,  0.37282107,  0.66800216, ...,  0.06748924,
          0.03740732,  0.        ]],

       ...,

       [[ 0.        ,  0.22241121,  0.30185312, ..., -0.38373702,
         -0.29285453, -0.46345353],
        [-0.22241121,  0.        ,  0.08225588, ..., -0.57950949,
         -0.49817942, -0.64892868],
        [-0.30185312, -0.08225588,  0.        , ..., -0.64458137,
         -0.56781314, -0.70931394],
        ...,
        [ 0.38373702,  0.57950949,  0.64458137, ...,  0.        ,
          0.09647855, -0.08793513],
        [ 0.29285453,  0.49817942,  0.56781314, ..., -0.09647855,
          0.        , -0.18362973],
        [ 0.46345353,  0.64892868,  0.70931394, ...,  0.08793513,
          0.18362973,  0.        ]],

       [[ 0.        ,  0.39472557,  0.64257868, ...,  0.52995096,
          0.31800059, -0.20892037],
        [-0.39472557,  0.        ,  0.28795418, ...,  0.15218   ,
         -0.08205692, -0.57797087],
        [-0.64257868, -0.28795418,  0.        , ..., -0.13886603,
         -0.36556443, -0.78847758],
        ...,
        [-0.52995096, -0.15218   ,  0.13886603, ...,  0.        ,
         -0.23276798, -0.69542674],
        [-0.31800059,  0.08205692,  0.36556443, ...,  0.23276798,
          0.        , -0.50905859],
        [ 0.20892037,  0.57797087,  0.78847758, ...,  0.69542674,
          0.50905859,  0.        ]],

       [[ 0.        ,  0.21431206,  0.19894213, ...,  0.72761161,
          0.75591274,  0.78580638],
        [-0.21431206,  0.        , -0.01570847, ...,  0.56368995,
          0.5980451 ,  0.63500224],
        [-0.19894213,  0.01570847,  0.        , ...,  0.57659538,
          0.61056106,  0.64705884],
        ...,
        [-0.72761161, -0.56368995, -0.57659538, ...,  0.        ,
          0.04220083,  0.08904696],
        [-0.75591274, -0.5980451 , -0.61056106, ..., -0.04220083,
          0.        ,  0.04693444],
        [-0.78580638, -0.63500224, -0.64705884, ..., -0.08904696,
         -0.04693444,  0.        ]]]), 'num': array([8.36939750e+07, 1.28351750e+07, 1.45800000e+03, 4.86000000e+04,
       4.89000000e+04, 4.76000000e+04, 9.75500000e+04, 1.35000000e+03,
       4.75400000e+04, 4.75550000e+04, 4.93991667e+04, 5.28846154e+01,
       4.92054242e+04, 4.59045758e+04])}
{'img': array([[[ 0.        , -0.03356815,  0.        , ..., -0.8398332 ,
         -0.849661  , -0.53733452],
        [ 0.03356815,  0.        ,  0.03356815, ..., -0.82113761,
         -0.83148069, -0.50872135],
        [ 0.        , -0.03356815,  0.        , ..., -0.8398332 ,
         -0.849661  , -0.53733452],
        ...,
        [ 0.8398332 ,  0.82113761,  0.8398332 , ...,  0.        ,
         -0.01836519,  0.41660035],
        [ 0.849661  ,  0.83148069,  0.849661  , ...,  0.01836519,
          0.        ,  0.43322569],
        [ 0.53733452,  0.50872135,  0.53733452, ..., -0.41660035,
         -0.43322569,  0.        ]],

       [[ 0.        , -0.87650626, -0.95468941, ..., -0.90388654,
         -0.98155696, -0.95985571],
        [ 0.87650626,  0.        , -0.19872661, ..., -0.81006743,
         -0.64007377, -0.21621041],
        [ 0.95468941,  0.19872661,  0.        , ..., -0.67738991,
         -0.47462315, -0.017872  ],
        ...,
        [ 0.90388654,  0.81006743,  0.67738991, ...,  0.        ,
          0.24708696,  0.66413464],
        [ 0.98155696,  0.64007377,  0.47462315, ..., -0.24708696,
          0.        ,  0.4588166 ],
        [ 0.95985571,  0.21621041,  0.017872  , ..., -0.66413464,
         -0.4588166 ,  0.        ]],

       [[ 0.        ,  0.3424031 ,  0.58881756, ..., -0.33784975,
         -0.37282107, -0.28692884],
        [-0.3424031 ,  0.        ,  0.27647262, ..., -0.63969762,
         -0.66800216, -0.5975906 ],
        [-0.58881756, -0.27647262,  0.        , ..., -0.82726758,
         -0.84770431, -0.79597372],
        ...,
        [ 0.33784975,  0.63969762,  0.82726758, ...,  0.        ,
         -0.03740732,  0.05358637],
        [ 0.37282107,  0.66800216,  0.84770431, ...,  0.03740732,
          0.        ,  0.09090244],
        [ 0.28692884,  0.5975906 ,  0.79597372, ..., -0.05358637,
         -0.09090244,  0.        ]],

       ...,

       [[ 0.        ,  0.08225588, -0.04217264, ..., -0.49817942,
         -0.64892868, -0.389767  ],
        [-0.08225588,  0.        , -0.12421243, ..., -0.56781314,
         -0.70931394, -0.46419673],
        [ 0.04217264,  0.12421243,  0.        , ..., -0.46116941,
         -0.61626433, -0.35058289],
        ...,
        [ 0.49817942,  0.56781314,  0.46116941, ...,  0.        ,
         -0.18362973,  0.12082334],
        [ 0.64892868,  0.70931394,  0.61626433, ...,  0.18362973,
          0.        ,  0.30105326],
        [ 0.389767  ,  0.46419673,  0.35058289, ..., -0.12082334,
         -0.30105326,  0.        ]],

       [[ 0.        ,  0.28795418,  0.49258802, ..., -0.08205692,
         -0.57797087, -0.34578062],
        [-0.28795418,  0.        ,  0.22112829, ..., -0.36556443,
         -0.78847758, -0.60132663],
        [-0.49258802, -0.22112829,  0.        , ..., -0.56233791,
         -0.90496654, -0.76312286],
        ...,
        [ 0.08205692,  0.36556443,  0.56233791, ...,  0.        ,
         -0.50905859, -0.26761925],
        [ 0.57797087,  0.78847758,  0.90496654, ...,  0.50905859,
          0.        ,  0.26014213],
        [ 0.34578062,  0.60132663,  0.76312286, ...,  0.26761925,
         -0.26014213,  0.        ]],

       [[ 0.        , -0.01570847, -0.11810331, ...,  0.5980451 ,
          0.63500224,  0.62664622],
        [ 0.01570847,  0.        , -0.10249021, ...,  0.61056106,
          0.64705884,  0.63881057],
        [ 0.11810331,  0.10249021,  0.        , ...,  0.68851494,
          0.72179408,  0.71429889],
        ...,
        [-0.5980451 , -0.61056106, -0.68851494, ...,  0.        ,
          0.04693444,  0.03617456],
        [-0.63500224, -0.64705884, -0.72179408, ..., -0.04693444,
          0.        , -0.01076903],
        [-0.62664622, -0.63881057, -0.71429889, ..., -0.03617456,
          0.01076903,  0.        ]]]), 'num': array([ 7.90789480e+07,  1.01617960e+07,  1.51300000e+03,  4.55500000e+04,
        4.89500000e+04,  4.52000000e+04,  5.08395000e+05, -3.05000000e+03,
        4.71500000e+04,  4.74675000e+04,  4.93183333e+04,  3.48360656e+01,
        4.93341213e+04,  4.56008787e+04])}
{'img': array([[[ 0.        ,  0.0326826 ,  0.39273034, ..., -0.80693291,
         -0.49345633, -0.91324652],
        [-0.0326826 ,  0.        ,  0.36246386, ..., -0.82580559,
         -0.52161908, -0.89944351],
        [-0.39273034, -0.36246386,  0.        , ..., -0.97406228,
         -0.79539422, -0.67986927],
        ...,
        [ 0.80693291,  0.82580559,  0.97406228, ...,  0.        ,
          0.41038993, -0.8681532 ],
        [ 0.49345633,  0.52161908,  0.79539422, ..., -0.41038993,
          0.        , -0.99535271],
        [ 0.91324652,  0.89944351,  0.67986927, ...,  0.8681532 ,
          0.99535271,  0.        ]],

       [[ 0.        , -0.10084774,  0.07309872, ..., -0.36477957,
         -0.11011947,  0.75588679],
        [ 0.10084774,  0.        ,  0.17330399, ..., -0.26902116,
         -0.00932364,  0.68600793],
        [-0.07309872, -0.17330399,  0.        , ..., -0.43186545,
         -0.18247902,  0.80172248],
        ...,
        [ 0.36477957,  0.26902116,  0.43186545, ...,  0.        ,
          0.26002955,  0.46497955],
        [ 0.11011947,  0.00932364,  0.18247902, ..., -0.26002955,
          0.        ,  0.67919429],
        [-0.75588679, -0.68600793, -0.80172248, ..., -0.46497955,
         -0.67919429,  0.        ]],

       [[ 0.        ,  0.27647262,  0.64111901, ..., -0.66800216,
         -0.5975906 , -0.78371735],
        [-0.27647262,  0.        ,  0.40395279, ..., -0.84770431,
         -0.79597372, -0.92489147],
        [-0.64111901, -0.40395279,  0.        , ..., -0.98974726,
         -0.97266593, -0.99966752],
        ...,
        [ 0.66800216,  0.84770431,  0.98974726, ...,  0.        ,
          0.09090244, -0.16830266],
        [ 0.5975906 ,  0.79597372,  0.97266593, ..., -0.09090244,
          0.        , -0.25721161],
        [ 0.78371735,  0.92489147,  0.99966752, ...,  0.16830266,
          0.25721161,  0.        ]],

       ...,

       [[ 0.        , -0.12421243, -0.07233902, ..., -0.70931394,
         -0.46419673, -0.95978794],
        [ 0.12421243,  0.        ,  0.0521082 , ..., -0.61626433,
         -0.35058289, -0.91748534],
        [ 0.07233902, -0.0521082 ,  0.        , ..., -0.65646436,
         -0.39890759, -0.93696595],
        ...,
        [ 0.70931394,  0.61626433,  0.65646436, ...,  0.        ,
          0.30105326, -0.47742463],
        [ 0.46419673,  0.35058289,  0.39890759, ..., -0.30105326,
          0.        , -0.7198029 ],
        [ 0.95978794,  0.91748534,  0.93696595, ...,  0.47742463,
          0.7198029 ,  0.        ]],

       [[ 0.        ,  0.22112829,  0.47723316, ..., -0.78847758,
         -0.60132663, -0.47151162],
        [-0.22112829,  0.        ,  0.27109674, ..., -0.90496654,
         -0.76312286, -0.65484338],
        [-0.47723316, -0.27109674,  0.        , ..., -0.98642443,
         -0.90974272, -0.83520619],
        ...,
        [ 0.78847758,  0.90496654,  0.98642443, ...,  0.        ,
          0.26014213,  0.40531714],
        [ 0.60132663,  0.76312286,  0.90974272, ..., -0.26014213,
          0.        ,  0.15354648],
        [ 0.47151162,  0.65484338,  0.83520619, ..., -0.40531714,
         -0.15354648,  0.        ]],

       [[ 0.        , -0.10249021, -0.28508783, ...,  0.64705884,
          0.63881057,  0.53590687],
        [ 0.10249021,  0.        , -0.18534956, ...,  0.72179408,
          0.71429889,  0.61961493],
        [ 0.28508783,  0.18534956,  0.        , ...,  0.83756919,
          0.83163716,  0.75436061],
        ...,
        [-0.64705884, -0.72179408, -0.83756919, ...,  0.        ,
         -0.01076903, -0.13770009],
        [-0.63881057, -0.71429889, -0.83163716, ...,  0.01076903,
          0.        , -0.12702566],
        [-0.53590687, -0.61961493, -0.75436061, ...,  0.13770009,
          0.12702566,  0.        ]]]), 'num': array([ 7.74924780e+07,  6.83617400e+06,  1.58600000e+03,  4.45500000e+04,
        4.62000000e+04,  4.41000000e+04,  4.31800000e+05, -1.00000000e+03,
        4.66500000e+04,  4.72900000e+04,  4.92225000e+04,  3.38645418e+01,
        4.95217258e+04,  4.50582742e+04])}
{'img': array([[[ 0.        ,  0.33395825, -0.30223747, ..., -0.47030218,
         -0.98005982, -0.86036558],
        [-0.33395825,  0.        , -0.60322528, ..., -0.7380211 ,
         -0.99015089, -0.64075918],
        [ 0.30223747,  0.60322528,  0.        , ..., -0.18158119,
         -0.87416965, -0.97417219],
        ...,
        [ 0.47030218,  0.7380211 ,  0.18158119, ...,  0.        ,
         -0.77145784, -0.99897971],
        [ 0.98005982,  0.99015089,  0.87416965, ...,  0.77145784,
          0.        , -0.67047128],
        [ 0.86036558,  0.64075918,  0.97417219, ...,  0.99897971,
          0.67047128,  0.        ]],

       [[ 0.        ,  0.17330399,  0.5193208 , ..., -0.00932364,
          0.68600793,  0.99991971],
        [-0.17330399,  0.        ,  0.36336062, ..., -0.18247902,
          0.80172248,  0.9825933 ],
        [-0.5193208 , -0.36336062,  0.        , ..., -0.52726602,
          0.96410296,  0.84793022],
        ...,
        [ 0.00932364,  0.18247902,  0.52726602, ...,  0.        ,
          0.67919429,  0.9999944 ],
        [-0.68600793, -0.80172248, -0.96410296, ..., -0.67919429,
          0.        , -0.73622836],
        [-0.99991971, -0.9825933 , -0.84793022, ..., -0.9999944 ,
          0.73622836,  0.        ]],

       [[ 0.        ,  0.39641133,  0.36843432, ..., -0.77290103,
         -0.89867362, -0.97928118],
        [-0.39641133,  0.        , -0.03027568, ..., -0.96111311,
         -0.99892113, -0.81877626],
        [-0.36843432,  0.03027568,  0.        , ..., -0.95231174,
         -0.99705724, -0.83578258],
        ...,
        [ 0.77290103,  0.96111311,  0.95231174, ...,  0.        ,
         -0.23122403, -0.77789645],
        [ 0.89867362,  0.99892113,  0.99705724, ...,  0.23122403,
          0.        , -0.61151643],
        [ 0.97928118,  0.81877626,  0.83578258, ...,  0.77789645,
          0.61151643,  0.        ]],

       ...,

       [[ 0.        ,  0.0521082 ,  0.00542648, ..., -0.35058289,
         -0.91748534, -0.93719192],
        [-0.0521082 ,  0.        , -0.04668832, ..., -0.39890759,
         -0.93696595, -0.95409477],
        [-0.00542648,  0.04668832,  0.        , ..., -0.3556598 ,
         -0.91963032, -0.93907096],
        ...,
        [ 0.35058289,  0.39890759,  0.3556598 , ...,  0.        ,
         -0.7198029 , -0.75542168],
        [ 0.91748534,  0.93696595,  0.91963032, ...,  0.7198029 ,
          0.        , -0.05275458],
        [ 0.93719192,  0.95409477,  0.93907096, ...,  0.75542168,
          0.05275458,  0.        ]],

       [[ 0.        ,  0.27109674,  0.33246543, ..., -0.76312286,
         -0.65484338, -0.52815081],
        [-0.27109674,  0.        ,  0.06433978, ..., -0.90974272,
         -0.83520619, -0.73857462],
        [-0.33246543, -0.06433978,  0.        , ..., -0.93456988,
         -0.86885851, -0.7804204 ],
