state_0,state_1,state_2,state_3,state_4,state_5,state_6,state_7,state_8,state_9,state_10,state_11,state_12,state_13,state_14,state_15,state_16,state_17,state_18,state_19,state_20,state_21,state_22,state_23,state_24,state_25,state_26,state_27,state_28,state_29,state_30,state_31,state_32,state_33,state_34,state_35,state_36,state_37,state_38,state_39,state_40,state_41,state_42,state_43,state_44,state_45,state_46,state_47,state_48,state_49,state_50,state_51,state_52,state_53,state_54,state_55,state_56,state_57,state_58,state_59,state_60,state_61,state_62,state_63,state_64,state_65,state_66,state_67,state_68,state_69,state_70,state_71,state_72,state_73,state_74,state_75,state_76,state_77
{'img': array([[[ 0.        ,  0.20086601,  0.787829  , ..., -0.99044497,
         -0.97809945, -0.9847991 ],
        [-0.20086601,  0.        ,  0.64805986, ..., -0.99795957,
         -0.9999724 , -0.99961751],
        [-0.787829  , -0.64805986,  0.        , ..., -0.71865748,
         -0.76638284, -0.74337564],
        ...,
        [ 0.99044497,  0.99795957,  0.71865748, ...,  0.        ,
          0.07126108,  0.03622541],
        [ 0.97809945,  0.9999724 ,  0.76638284, ..., -0.07126108,
          0.        , -0.03508099],
        [ 0.9847991 ,  0.99961751,  0.74337564, ..., -0.03622541,
          0.03508099,  0.        ]],

       [[ 0.        ,  0.0350744 ,  0.24037422, ...,  0.0415994 ,
         -0.87538382, -0.92063255],
        [-0.0350744 ,  0.        ,  0.20618029, ...,  0.00652976,
         -0.89180117, -0.9337602 ],
        [-0.24037422, -0.20618029,  0.        , ..., -0.19978644,
         -0.96592159, -0.98748922],
        ...,
        [-0.0415994 , -0.00652976,  0.19978644, ...,  0.        ,
         -0.8947364 , -0.93607728],
        [ 0.87538382,  0.89180117,  0.96592159, ...,  0.8947364 ,
          0.        , -0.10328383],
        [ 0.92063255,  0.9337602 ,  0.98748922, ...,  0.93607728,
          0.10328383,  0.        ]],

       [[ 0.        ,  0.31275288,  0.75371125, ..., -0.90820171,
         -0.97474529, -0.99956477],
        [-0.31275288,  0.        ,  0.51035799, ..., -0.73174403,
         -0.8560029 , -0.94019478],
        [-0.75371125, -0.51035799,  0.        , ..., -0.28142253,
         -0.47228972, -0.63468486],
        ...,
        [ 0.90820171,  0.73174403,  0.28142253, ...,  0.        ,
          0.20514361,  0.39155822],
        [ 0.97474529,  0.8560029 ,  0.47228972, ..., -0.20514361,
          0.        ,  0.19446693],
        [ 0.99956477,  0.94019478,  0.63468486, ..., -0.39155822,
         -0.19446693,  0.        ]],

       ...,

       [[ 0.        ,  0.53092395,  0.87588461, ..., -0.32635826,
         -0.45766743, -0.39577348],
        [-0.53092395,  0.        ,  0.48605991, ..., -0.77841617,
         -0.85989323, -0.82295919],
        [-0.87588461, -0.48605991,  0.        , ..., -0.98540115,
         -0.99960353, -0.99533589],
        ...,
        [ 0.32635826,  0.77841617,  0.98540115, ...,  0.        ,
         -0.14243559, -0.07439285],
        [ 0.45766743,  0.85989323,  0.99960353, ...,  0.14243559,
          0.        ,  0.06840656],
        [ 0.39577348,  0.82295919,  0.99533589, ...,  0.07439285,
         -0.06840656,  0.        ]],

       [[ 0.        ,  0.26993104,  0.67464055, ..., -0.99450024,
         -0.99997873, -0.9337641 ],
        [-0.26993104,  0.        ,  0.45034903, ..., -0.9858551 ,
         -0.96461987, -0.80249709],
        [-0.67464055, -0.45034903,  0.        , ..., -0.80474482,
         -0.74253122, -0.44780814],
        ...,
        [ 0.99450024,  0.9858551 ,  0.80474482, ...,  0.        ,
         -0.09824524, -0.45371795],
        [ 0.99997873,  0.96461987,  0.74253122, ...,  0.09824524,
          0.        , -0.36397218],
        [ 0.9337641 ,  0.80249709,  0.44780814, ...,  0.45371795,
          0.36397218,  0.        ]],

       [[ 0.        , -0.13726815, -0.28650711, ..., -0.96562117,
         -0.97249891, -0.99298605],
        [ 0.13726815,  0.        , -0.1522814 , ..., -0.99216385,
         -0.99526393, -0.9998158 ],
        [ 0.28650711,  0.1522814 ,  0.        , ..., -0.999619  ,
         -0.99845956, -0.98523239],
        ...,
        [ 0.96562117,  0.99216385,  0.999619  , ...,  0.        ,
          0.02790401,  0.14396319],
        [ 0.97249891,  0.99526393,  0.99845956, ..., -0.02790401,
          0.        ,  0.1162938 ],
        [ 0.99298605,  0.9998158 ,  0.98523239, ..., -0.14396319,
         -0.1162938 ,  0.        ]]]), 'num': array([ 4.28727960e+07,  2.64563960e+07,  2.87000000e+02,  5.72000000e+04,
        5.75000000e+04,  5.60000000e+04,  2.28847400e+06, -1.10000000e+03,
        5.75800000e+04,  5.82200000e+04,  6.07600000e+04,  3.92523364e+01,
        6.06263250e+04,  5.58136750e+04])}
{'img': array([[[ 0.        ,  0.64805986, -0.26466357, ..., -0.9999724 ,
         -0.99961751, -0.96966188],
        [-0.64805986,  0.        , -0.82651554, ..., -0.76638284,
         -0.74337564, -0.58006592],
        [ 0.26466357,  0.82651554,  0.        , ..., -0.962348  ,
         -0.97129138, -0.99978155],
        ...,
        [ 0.9999724 ,  0.76638284,  0.962348  , ...,  0.        ,
         -0.03508099, -0.25164699],
        [ 0.99961751,  0.74337564,  0.97129138, ...,  0.03508099,
          0.        , -0.21754004],
        [ 0.96966188,  0.58006592,  0.99978155, ...,  0.25164699,
          0.21754004,  0.        ]],

       [[ 0.        ,  0.20618029,  0.89992818, ..., -0.89180117,
         -0.9337602 , -0.35292843],
        [-0.20618029,  0.        ,  0.79068987, ..., -0.96592159,
         -0.98748922, -0.53825807],
        [-0.89992818, -0.79068987,  0.        , ..., -0.79601163,
         -0.72923872, -0.99590835],
        ...,
        [ 0.89180117,  0.96592159,  0.79601163, ...,  0.        ,
         -0.10328383,  0.67473951],
        [ 0.9337602 ,  0.98748922,  0.72923872, ...,  0.10328383,
          0.        ,  0.74736019],
        [ 0.35292843,  0.53825807,  0.99590835, ..., -0.67473951,
         -0.74736019,  0.        ]],

       [[ 0.        ,  0.51035799,  0.64632033, ..., -0.8560029 ,
         -0.94019478, -0.95519862],
        [-0.51035799,  0.        ,  0.16637403, ..., -0.47228972,
         -0.63468486, -0.6703862 ],
        [-0.64632033, -0.16637403,  0.        , ..., -0.319058  ,
         -0.49727004, -0.53759126],
        ...,
        [ 0.8560029 ,  0.47228972,  0.319058  , ...,  0.        ,
          0.19446693,  0.24046267],
        [ 0.94019478,  0.63468486,  0.49727004, ..., -0.19446693,
          0.        ,  0.04711105],
        [ 0.95519862,  0.6703862 ,  0.53759126, ..., -0.24046267,
         -0.04711105,  0.        ]],

       ...,

       [[ 0.        ,  0.48605991, -0.26517176, ..., -0.85989323,
         -0.82295919, -0.96559814],
        [-0.48605991,  0.        , -0.70039991, ..., -0.99960353,
         -0.99533589, -0.97025531],
        [ 0.26517176,  0.70039991,  0.        , ..., -0.69374681,
         -0.64285402, -0.8620759 ],
        ...,
        [ 0.85989323,  0.99960353,  0.69374681, ...,  0.        ,
          0.06840656, -0.26930698],
        [ 0.82295919,  0.99533589,  0.64285402, ..., -0.06840656,
          0.        , -0.33455537],
        [ 0.96559814,  0.97025531,  0.8620759 , ...,  0.26930698,
          0.33455537,  0.        ]],

       [[ 0.        ,  0.44242503,  0.68836916, ..., -0.99085174,
         -0.95820549, -0.79239447],
        [-0.44242503,  0.        ,  0.2964156 , ..., -0.82889385,
         -0.73275463, -0.44074046],
        [-0.68836916, -0.2964156 ,  0.        , ..., -0.62582594,
         -0.49811523, -0.15486028],
        ...,
        [ 0.99085174,  0.82889385,  0.62582594, ...,  0.        ,
         -0.15414913, -0.49749096],
        [ 0.95820549,  0.73275463,  0.49811523, ...,  0.15414913,
          0.        , -0.35782513],
        [ 0.79239447,  0.44074046,  0.15486028, ...,  0.49749096,
          0.35782513,  0.        ]],

       [[ 0.        , -0.1522814 , -0.08573362, ..., -0.99526393,
         -0.9998158 , -0.99996763],
        [ 0.1522814 ,  0.        ,  0.06698699, ..., -0.99845956,
         -0.98523239, -0.98953049],
        [ 0.08573362, -0.06698699,  0.        , ..., -0.9999336 ,
         -0.99448909, -0.99697568],
        ...,
        [ 0.99526393,  0.99845956,  0.9999336 , ...,  0.        ,
          0.1162938 ,  0.08919825],
        [ 0.9998158 ,  0.98523239,  0.99448909, ..., -0.1162938 ,
          0.        , -0.02723721],
        [ 0.99996763,  0.98953049,  0.99697568, ..., -0.08919825,
          0.02723721,  0.        ]]]), 'num': array([3.98000000e+07, 3.98000000e+07, 0.00000000e+00, 5.77000000e+04,
       5.82000000e+04, 5.71000000e+04, 1.82152800e+06, 5.00000000e+02,
       5.79600000e+04, 5.81750000e+04, 6.05700000e+04, 3.62745098e+01,
       6.05848755e+04, 5.57651245e+04])}
{'img': array([[[ 0.        , -0.82651554, -0.9920521 , ..., -0.74337564,
         -0.58006592, -0.66331041],
        [ 0.82651554,  0.        , -0.45444128, ..., -0.97129138,
         -0.99978155, -0.99190491],
        [ 0.9920521 ,  0.45444128,  0.        , ..., -0.75709536,
         -0.88108384, -0.8258595 ],
        ...,
        [ 0.74337564,  0.97129138,  0.75709536, ...,  0.        ,
         -0.21754004, -0.11262977],
        [ 0.58006592,  0.99978155,  0.88108384, ...,  0.21754004,
          0.        ,  0.10622339],
        [ 0.66331041,  0.99190491,  0.8258595 , ...,  0.11262977,
         -0.10622339,  0.        ]],

       [[ 0.        ,  0.79068987,  0.29947681, ..., -0.98748922,
         -0.53825807, -0.7193501 ],
        [-0.79068987,  0.        , -0.57105527, ..., -0.72923872,
         -0.99590835, -0.98964919],
        [-0.29947681,  0.57105527,  0.        , ..., -0.98939046,
         -0.76594704, -0.89436538],
        ...,
        [ 0.98748922,  0.72923872,  0.98939046, ...,  0.        ,
          0.74736019,  0.57252531],
        [ 0.53825807,  0.99590835,  0.76594704, ..., -0.74736019,
          0.        , -0.23235419],
        [ 0.7193501 ,  0.98964919,  0.89436538, ..., -0.57252531,
          0.23235419,  0.        ]],

       [[ 0.        ,  0.16637403, -0.08384443, ..., -0.63468486,
         -0.6703862 , -0.74999603],
        [-0.16637403,  0.        , -0.24846406, ..., -0.49727004,
         -0.53759126, -0.62949629],
        [ 0.08384443,  0.24846406,  0.        , ..., -0.69724259,
         -0.73023928, -0.80281344],
        ...,
        [ 0.63468486,  0.49727004,  0.69724259, ...,  0.        ,
          0.04711105,  0.1597678 ],
        [ 0.6703862 ,  0.53759126,  0.73023928, ..., -0.04711105,
          0.        ,  0.11308451],
        [ 0.74999603,  0.62949629,  0.80281344, ..., -0.1597678 ,
         -0.11308451,  0.        ]],

       ...,

       [[ 0.        , -0.70039991, -0.92025893, ..., -0.99533589,
         -0.97025531, -0.93436101],
        [ 0.70039991,  0.        , -0.38276191, ..., -0.64285402,
         -0.8620759 , -0.91647272],
        [ 0.92025893,  0.38276191,  0.        , ..., -0.30070748,
         -0.60245049, -0.69353863],
        ...,
        [ 0.99533589,  0.64285402,  0.30070748, ...,  0.        ,
         -0.33455537, -0.44480367],
        [ 0.97025531,  0.8620759 ,  0.60245049, ...,  0.33455537,
          0.        , -0.11953516],
        [ 0.93436101,  0.91647272,  0.69353863, ...,  0.44480367,
          0.11953516,  0.        ]],

       [[ 0.        ,  0.29576675,  0.30266213, ..., -0.74757674,
         -0.55478852, -0.43982271],
        [-0.29576675,  0.        ,  0.00722641, ..., -0.51768928,
         -0.28389199, -0.15452155],
        [-0.30266213, -0.00722641,  0.        , ..., -0.51149307,
         -0.27695549, -0.1473779 ],
        ...,
        [ 0.74757674,  0.51768928,  0.51149307, ...,  0.        ,
         -0.2535005 , -0.37926772],
        [ 0.55478852,  0.28389199,  0.27695549, ...,  0.2535005 ,
          0.        , -0.13231832],
        [ 0.43982271,  0.15452155,  0.1473779 , ...,  0.37926772,
          0.13231832,  0.        ]],

       [[ 0.        ,  0.06698699,  0.19505621, ..., -0.98523239,
         -0.98953049, -0.99804596],
        [-0.06698699,  0.        ,  0.12891777, ..., -0.99448909,
         -0.99697568, -0.99998982],
        [-0.19505621, -0.12891777,  0.        , ..., -0.99970612,
         -0.99867494, -0.99106347],
        ...,
        [ 0.98523239,  0.99448909,  0.99970612, ...,  0.        ,
         -0.02723721, -0.10932655],
        [ 0.98953049,  0.99697568,  0.99867494, ...,  0.02723721,
          0.        , -0.08221205],
        [ 0.99804596,  0.99998982,  0.99106347, ...,  0.10932655,
          0.08221205,  0.        ]]]), 'num': array([ 3.98000000e+07,  3.98000000e+07,  0.00000000e+00,  5.75000000e+04,
        5.87000000e+04,  5.73000000e+04,  1.41256800e+06, -2.00000000e+02,
        5.78400000e+04,  5.81200000e+04,  6.03466667e+04,  3.70000000e+01,
        6.05387600e+04,  5.57012400e+04])}
{'img': array([[[ 0.        , -0.89766527, -0.82895046, ..., -0.64673844,
         -0.73509317, -0.70231693],
        [ 0.89766527,  0.        ,  0.13678376, ..., -0.96966333,
         -0.93252598, -0.94851155],
        [ 0.82895046, -0.13678376,  0.        , ..., -0.99398541,
         -0.97315412, -0.98292166],
        ...,
        [ 0.64673844,  0.96966333,  0.99398541, ...,  0.        ,
          0.12219754,  0.07527538],
        [ 0.73509317,  0.93252598,  0.97315412, ..., -0.12219754,
          0.        , -0.04713959],
        [ 0.70231693,  0.94851155,  0.98292166, ..., -0.07527538,
          0.04713959,  0.        ]],

       [[ 0.        , -0.57105527, -0.99740975, ..., -0.99590835,
         -0.98964919, -0.92247225],
        [ 0.57105527,  0.        , -0.77770978, ..., -0.76594704,
         -0.89436538, -0.97773172],
        [ 0.99740975,  0.77770978,  0.        , ...,  0.01850018,
         -0.21432057, -0.45141595],
        ...,
        [ 0.99590835,  0.76594704, -0.01850018, ...,  0.        ,
         -0.23235419, -0.46784666],
        [ 0.98964919,  0.89436538,  0.21432057, ...,  0.23235419,
          0.        , -0.2496854 ],
        [ 0.92247225,  0.97773172,  0.45141595, ...,  0.46784666,
          0.2496854 ,  0.        ]],

       [[ 0.        , -0.24846406, -0.50330043, ..., -0.53759126,
         -0.62949629, -0.60277739],
        [ 0.24846406,  0.        , -0.27281683, ..., -0.73023928,
         -0.80281344, -0.78212677],
        [ 0.50330043,  0.27281683,  0.        , ..., -0.88892451,
         -0.93502117, -0.92245501],
        ...,
        [ 0.53759126,  0.73023928,  0.88892451, ...,  0.        ,
          0.11308451,  0.07931613],
        [ 0.62949629,  0.80281344,  0.93502117, ..., -0.11308451,
          0.        , -0.03392089],
        [ 0.60277739,  0.78212677,  0.92245501, ..., -0.07931613,
          0.03392089,  0.        ]],

       ...,

       [[ 0.        , -0.78166238, -0.82110072, ..., -0.99330882,
         -0.96855113, -0.9763198 ],
        [ 0.78166238,  0.        , -0.06596215, ..., -0.7098015 ,
         -0.79857611, -0.77803121],
        [ 0.82110072,  0.06596215,  0.        , ..., -0.66179179,
         -0.7571347 , -0.73489765],
        ...,
        [ 0.99330882,  0.7098015 ,  0.66179179, ...,  0.        ,
         -0.13529325, -0.10213106],
        [ 0.96855113,  0.79857611,  0.7571347 , ...,  0.13529325,
          0.        ,  0.03339377],
        [ 0.9763198 ,  0.77803121,  0.73489765, ...,  0.10213106,
         -0.03339377,  0.        ]],

       [[ 0.        ,  0.0072087 ,  0.1541473 , ..., -0.34039489,
         -0.29017737, -0.1541473 ],
        [-0.0072087 ,  0.        ,  0.14702075, ..., -0.33360783,
         -0.2832713 , -0.14702075],
        [-0.1541473 , -0.14702075,  0.        , ..., -0.19138443,
         -0.13919435, -0.        ],
        ...,
        [ 0.34039489,  0.33360783,  0.19138443, ...,  0.        ,
         -0.05289996, -0.19138443],
        [ 0.29017737,  0.2832713 ,  0.13919435, ...,  0.05289996,
          0.        , -0.13919435],
        [ 0.1541473 ,  0.14702075,  0.        , ...,  0.19138443,
          0.13919435,  0.        ]],

       [[ 0.        ,  0.12876927,  0.24890774, ..., -0.99629959,
         -0.9999751 , -0.97297961],
        [-0.12876927,  0.        ,  0.12211894, ..., -0.99907249,
         -0.99255862, -0.93514748],
        [-0.24890774, -0.12211894,  0.        , ..., -0.98633647,
         -0.97025963, -0.88488664],
        ...,
        [ 0.99629959,  0.99907249,  0.98633647, ...,  0.        ,
         -0.07891531, -0.31366268],
        [ 0.9999751 ,  0.99255862,  0.97025963, ...,  0.07891531,
          0.        , -0.23775167],
        [ 0.97297961,  0.93514748,  0.88488664, ...,  0.31366268,
          0.23775167,  0.        ]]]), 'num': array([ 3.95056160e+07,  2.30076160e+07,  2.92000000e+02,  5.65000000e+04,
        5.73000000e+04,  5.63000000e+04,  1.36481100e+06, -1.00000000e+03,
        5.74400000e+04,  5.80400000e+04,  6.01616667e+04,  3.73737374e+01,
        6.05598413e+04,  5.55201587e+04])}
{'img': array([[[ 0.        ,  0.53027439, -0.24017373, ..., -0.99766366,
         -0.99242182, -0.89916092],
        [-0.53027439,  0.        , -0.71837877, ..., -0.80961845,
         -0.77624222, -0.53027439],
        [ 0.24017373,  0.71837877,  0.        , ..., -0.98486994,
         -0.99288555, -0.97794679],
        ...,
        [ 0.99766366,  0.80961845,  0.98486994, ...,  0.        ,
         -0.0547912 , -0.37516764],
        [ 0.99242182,  0.77624222,  0.99288555, ...,  0.0547912 ,
          0.        , -0.32381499],
        [ 0.89916092,  0.53027439,  0.97794679, ...,  0.37516764,
          0.32381499,  0.        ]],

       [[ 0.        , -0.77770978, -0.53521155, ..., -0.89436538,
         -0.97773172, -0.98450077],
        [ 0.77770978,  0.        ,  0.32049894, ..., -0.21432057,
         -0.45141595, -0.48248537],
        [ 0.53521155, -0.32049894,  0.        , ..., -0.51606655,
         -0.71358883, -0.73776003],
        ...,
        [ 0.89436538,  0.21432057,  0.51606655, ...,  0.        ,
         -0.2496854 , -0.28354978],
        [ 0.97773172,  0.45141595,  0.71358883, ...,  0.2496854 ,
          0.        , -0.03513122],
        [ 0.98450077,  0.48248537,  0.73776003, ...,  0.28354978,
          0.03513122,  0.        ]],

       [[ 0.        , -0.4484552 , -0.7150092 , ..., -0.6338557 ,
         -0.60701514, -0.50093186],
        [ 0.4484552 ,  0.        , -0.32555724, ..., -0.91340186,
         -0.89893634, -0.83586758],
        [ 0.7150092 ,  0.32555724,  0.        , ..., -0.99616287,
         -0.99258427, -0.96903997],
        ...,
        [ 0.6338557 ,  0.91340186,  0.99616287, ...,  0.        ,
         -0.03422228, -0.16114728],
        [ 0.60701514,  0.89893634,  0.99258427, ...,  0.03422228,
          0.        , -0.12727787],
        [ 0.50093186,  0.83586758,  0.96903997, ...,  0.16114728,
          0.12727787,  0.        ]],

       ...,

       [[ 0.        , -0.09392352, -0.39305712, ..., -0.89342882,
         -0.8764132 , -0.86722382],
        [ 0.09392352,  0.        , -0.30495557, ..., -0.84728845,
         -0.82730915, -0.81662392],
        [ 0.39305712,  0.30495557,  0.        , ..., -0.64495723,
         -0.61659374, -0.60171408],
        ...,
        [ 0.89342882,  0.84728845,  0.64495723, ...,  0.        ,
          0.03655045,  0.05529366],
        [ 0.8764132 ,  0.82730915,  0.61659374, ..., -0.03655045,
          0.        ,  0.01876218],
        [ 0.86722382,  0.81662392,  0.60171408, ..., -0.05529366,
         -0.01876218,  0.        ]],

       [[ 0.        ,  0.14702075,  0.03232892, ..., -0.2832713 ,
         -0.14702075, -0.23957959],
        [-0.14702075,  0.        , -0.11496629, ..., -0.13919435,
         -0.        , -0.09423715],
        [-0.03232892,  0.11496629,  0.        , ..., -0.25211851,
         -0.11496629, -0.20806697],
        ...,
        [ 0.2832713 ,  0.13919435,  0.25211851, ...,  0.        ,
         -0.13919435, -0.04525514],
        [ 0.14702075,  0.        ,  0.11496629, ...,  0.13919435,
          0.        ,  0.09423715],
        [ 0.23957959,  0.09423715,  0.20806697, ...,  0.04525514,
         -0.09423715,  0.        ]],

       [[ 0.        ,  0.11876031,  0.09021646, ..., -0.99721823,
         -0.99996287, -0.92520167],
        [-0.11876031,  0.        , -0.02869802, ..., -0.99901294,
         -0.99390951, -0.87358732],
        [-0.09021646,  0.02869802,  0.        , ..., -0.99987624,
         -0.99666265, -0.8871939 ],
        ...,
        [ 0.99721823,  0.99901294,  0.99987624, ...,  0.        ,
         -0.06594088, -0.44738216],
        [ 0.99996287,  0.99390951,  0.99666265, ...,  0.06594088,
          0.        , -0.38743468],
        [ 0.92520167,  0.87358732,  0.8871939 , ...,  0.44738216,
          0.38743468,  0.        ]]]), 'num': array([ 3.94044120e+07,  2.92124120e+07,  1.82000000e+02,  5.60000000e+04,
        5.71000000e+04,  5.60000000e+04,  1.19033900e+06, -5.00000000e+02,
        5.69800000e+04,  5.78750000e+04,  6.00233333e+04,  3.70000000e+01,
        6.04741345e+04,  5.52758655e+04])}
{'img': array([[[ 0.        , -0.71837877, -0.56354267, ..., -0.77624222,
         -0.53027439, -0.29166104],
        [ 0.71837877,  0.        ,  0.20141365, ..., -0.99288555,
         -0.97794679, -0.89003954],
        [ 0.56354267, -0.20141365,  0.        , ..., -0.99652047,
         -0.91583893, -0.7799782 ],
        ...,
        [ 0.77624222,  0.99288555,  0.99652047, ...,  0.        ,
         -0.32381499, -0.55861929],
        [ 0.53027439,  0.97794679,  0.91583893, ...,  0.32381499,
          0.        , -0.25994114],
        [ 0.29166104,  0.89003954,  0.7799782 , ...,  0.55861929,
          0.25994114,  0.        ]],

       [[ 0.        ,  0.32049894,  0.13429483, ..., -0.45141595,
         -0.48248537, -0.60695011],
        [-0.32049894,  0.        , -0.19038505, ..., -0.71358883,
         -0.73776003, -0.82964612],
        [-0.13429483,  0.19038505,  0.        , ..., -0.56715987,
         -0.59574411, -0.70818146],
        ...,
        [ 0.45141595,  0.71358883,  0.56715987, ...,  0.        ,
         -0.03513122, -0.18283157],
        [ 0.48248537,  0.73776003,  0.59574411, ...,  0.03513122,
          0.        , -0.14817966],
        [ 0.60695011,  0.82964612,  0.70818146, ...,  0.18283157,
          0.14817966,  0.        ]],

       [[ 0.        , -0.60740474, -0.83913368, ..., -0.62179811,
         -0.51374334, -0.33015928],
        [ 0.60740474,  0.        , -0.33621876, ..., -0.96965754,
         -0.92923308, -0.83562073],
        [ 0.83913368,  0.33621876,  0.        , ..., -0.99540236,
         -0.99936761, -0.97166143],
        ...,
        [ 0.62179811,  0.96965754,  0.99540236, ...,  0.        ,
         -0.13111565, -0.32835758],
        [ 0.51374334,  0.92923308,  0.99936761, ...,  0.13111565,
          0.        , -0.20167715],
        [ 0.33015928,  0.83562073,  0.97166143, ...,  0.32835758,
          0.20167715,  0.        ]],

       ...,

       [[ 0.        , -0.30495557, -0.34660148, ..., -0.82730915,
         -0.81662392, -0.82730915],
        [ 0.30495557,  0.        , -0.04403954, ..., -0.61659374,
         -0.60171408, -0.61659374],
        [ 0.34660148,  0.04403954,  0.        , ..., -0.581324  ,
         -0.5659554 , -0.581324  ],
        ...,
        [ 0.82730915,  0.61659374,  0.581324  , ...,  0.        ,
          0.01876218,  0.        ],
        [ 0.81662392,  0.60171408,  0.5659554 , ..., -0.01876218,
          0.        , -0.01876218],
        [ 0.82730915,  0.61659374,  0.581324  , ...,  0.        ,
          0.01876218,  0.        ]],

       [[ 0.        , -0.11457747, -0.13469296, ..., -0.16406178,
         -0.18872491, -0.        ],
        [ 0.11457747,  0.        , -0.02027254, ..., -0.27600628,
         -0.30000054, -0.11457747],
        [ 0.13469296,  0.02027254,  0.        , ..., -0.29543463,
         -0.31927766, -0.13469296],
        ...,
        [ 0.16406178,  0.27600628,  0.29543463, ...,  0.        ,
          0.02505411, -0.16406178],
        [ 0.18872491,  0.30000054,  0.31927766, ..., -0.02505411,
          0.        , -0.18872491],
        [ 0.        ,  0.11457747,  0.13469296, ...,  0.16406178,
          0.18872491,  0.        ]],

       [[ 0.        , -0.02772449,  0.09500089, ..., -0.99811535,
         -0.99624506, -0.85877188],
        [ 0.02772449,  0.        ,  0.12256347, ..., -0.99603035,
         -0.99826244, -0.87264664],
        [-0.09500089, -0.12256347,  0.        , ..., -0.99943085,
         -0.98351423, -0.80621334],
        ...,
        [ 0.99811535,  0.99603035,  0.99943085, ...,  0.        ,
         -0.14755018, -0.5640916 ],
        [ 0.99624506,  0.99826244,  0.98351423, ...,  0.14755018,
          0.        , -0.43608339],
        [ 0.85877188,  0.87264664,  0.80621334, ...,  0.5640916 ,
          0.43608339,  0.        ]]]), 'num': array([3.95266380e+07, 2.79802380e+07, 2.04000000e+02, 5.66000000e+04,
       5.72000000e+04, 5.56000000e+04, 1.23608000e+06, 6.00000000e+02,
       5.68600000e+04, 5.77700000e+04, 5.98833333e+04, 4.34343434e+01,
       6.03968612e+04, 5.51431388e+04])}
{'img': array([[[ 0.        ,  0.51507875, -0.1255149 , ..., -0.90303584,
         -0.7519032 , -0.92018598],
        [-0.51507875,  0.        , -0.61858957, ..., -0.5527708 ,
         -0.30491068, -0.58708705],
        [ 0.1255149 ,  0.61858957,  0.        , ..., -0.94981122,
         -0.8287056 , -0.96204567],
        ...,
        [ 0.90303584,  0.5527708 ,  0.94981122, ...,  0.        ,
         -0.27235615,  0.04175808],
        [ 0.7519032 ,  0.30491068,  0.8287056 , ...,  0.27235615,
          0.        ,  0.31229807],
        [ 0.92018598,  0.58708705,  0.96204567, ..., -0.04175808,
         -0.31229807,  0.        ]],

       [[ 0.        , -0.19038505, -0.62865434, ..., -0.73776003,
         -0.82964612, -0.80486596],
        [ 0.19038505,  0.        , -0.46909636, ..., -0.59574411,
         -0.70818146, -0.67715927],
        [ 0.62865434,  0.46909636,  0.        , ..., -0.14936348,
         -0.29423201, -0.25285297],
        ...,
        [ 0.73776003,  0.59574411,  0.14936348, ...,  0.        ,
         -0.14817966, -0.10550668],
        [ 0.82964612,  0.70818146,  0.29423201, ...,  0.14817966,
          0.        ,  0.04301068],
        [ 0.80486596,  0.67715927,  0.25285297, ...,  0.10550668,
         -0.04301068,  0.        ]],

       [[ 0.        , -0.69310844, -0.84059338, ..., -0.53999743,
         -0.34798527, -0.27128168],
        [ 0.69310844,  0.        , -0.23049399, ..., -0.97261441,
         -0.90062854, -0.86266575],
        [ 0.84059338,  0.23049399,  0.        , ..., -0.99999803,
         -0.97654831, -0.95601537],
        ...,
        [ 0.53999743,  0.97261441,  0.99999803, ...,  0.        ,
         -0.21335998, -0.29141878],
        [ 0.34798527,  0.90062854,  0.97654831, ...,  0.21335998,
          0.        , -0.08060925],
        [ 0.27128168,  0.86266575,  0.95601537, ...,  0.29141878,
          0.08060925,  0.        ]],

       ...,

       [[ 0.        , -0.04403954, -0.01149906, ..., -0.60171408,
         -0.61659374, -0.33543735],
        [ 0.04403954,  0.        ,  0.03254872, ..., -0.5659554 ,
         -0.581324  , -0.2936239 ],
        [ 0.01149906, -0.03254872,  0.        , ..., -0.59248986,
         -0.60749997, -0.32458233],
        ...,
        [ 0.60171408,  0.5659554 ,  0.59248986, ...,  0.        ,
         -0.01876218,  0.29893459],
        [ 0.61659374,  0.581324  ,  0.60749997, ...,  0.01876218,
          0.        ,  0.31678623],
        [ 0.33543735,  0.2936239 ,  0.32458233, ..., -0.29893459,
         -0.31678623,  0.        ]],

       [[ 0.        , -0.07087565, -0.1635499 , ..., -0.25857288,
         -0.17885319, -0.        ],
        [ 0.07087565,  0.        , -0.09321729, ..., -0.3263879 ,
         -0.24813624, -0.07087565],
        [ 0.1635499 ,  0.09321729,  0.        , ..., -0.41307907,
         -0.33735773, -0.1635499 ],
        ...,
        [ 0.25857288,  0.3263879 ,  0.41307907, ...,  0.        ,
         -0.08163288, -0.25857288],
        [ 0.17885319,  0.24813624,  0.33735773, ...,  0.08163288,
          0.        , -0.17885319],
        [ 0.        ,  0.07087565,  0.1635499 , ...,  0.25857288,
          0.17885319,  0.        ]],

       [[ 0.        ,  0.1204656 ,  0.23510539, ..., -0.99955736,
         -0.98027713, -0.86492793],
        [-0.1204656 ,  0.        ,  0.1163043 , ..., -0.99586197,
         -0.94933091, -0.79816788],
        [-0.23510539, -0.1163043 ,  0.        , ..., -0.9785341 ,
         -0.90633648, -0.72268542],
        ...,
        [ 0.99955736,  0.99586197,  0.9785341 , ...,  0.        ,
         -0.22670382, -0.52740575],
        [ 0.98027713,  0.94933091,  0.90633648, ...,  0.22670382,
          0.        , -0.32106344],
        [ 0.86492793,  0.79816788,  0.72268542, ...,  0.52740575,
          0.32106344,  0.        ]]]), 'num': array([3.95674380e+07, 2.79802380e+07, 2.04000000e+02, 5.68000000e+04,
       5.70000000e+04, 5.61000000e+04, 8.79909000e+05, 2.00000000e+02,
       5.66800000e+04, 5.76350000e+04, 5.97700000e+04, 4.45544554e+01,
       6.01681996e+04, 5.51018004e+04])}
{'img': array([[[ 0.        , -0.61858957,  0.        , ..., -0.30491068,
         -0.58708705, -0.64768907],
        [ 0.61858957,  0.        ,  0.61858957, ..., -0.8287056 ,
         -0.96204567, -0.9802049 ],
        [ 0.        , -0.61858957,  0.        , ..., -0.30491068,
         -0.58708705, -0.64768907],
        ...,
        [ 0.30491068,  0.8287056 ,  0.30491068, ...,  0.        ,
          0.31229807,  0.38453384],
        [ 0.58708705,  0.96204567,  0.58708705, ..., -0.31229807,
          0.        ,  0.07701531],
        [ 0.64768907,  0.9802049 ,  0.64768907, ..., -0.38453384,
         -0.07701531,  0.        ]],

       [[ 0.        , -0.452454  , -0.53843087, ..., -0.67469511,
         -0.64666947, -0.9498101 ],
        [ 0.452454  ,  0.        , -0.09889678, ..., -0.2677301 ,
         -0.23157341, -0.70548914],
        [ 0.53843087,  0.09889678,  0.        , ..., -0.17113115,
         -0.13422966, -0.63194042],
        ...,
        [ 0.67469511,  0.2677301 ,  0.17113115, ...,  0.        ,
          0.03733292, -0.48998865],
        [ 0.64666947,  0.23157341,  0.13422966, ..., -0.03733292,
          0.        , -0.52219125],
        [ 0.9498101 ,  0.70548914,  0.63194042, ...,  0.48998865,
          0.52219125,  0.        ]],

       [[ 0.        , -0.61082251, -0.61704873, ..., -0.3741684 ,
         -0.29200607, -0.        ],
        [ 0.61082251,  0.        , -0.0078877 , ..., -0.86270724,
         -0.81540164, -0.61082251],
        [ 0.61704873,  0.0078877 ,  0.        , ..., -0.86666924,
         -0.81994243, -0.61704873],
        ...,
        [ 0.3741684 ,  0.86270724,  0.86666924, ...,  0.        ,
         -0.08706584, -0.3741684 ],
        [ 0.29200607,  0.81540164,  0.81994243, ...,  0.08706584,
          0.        , -0.29200607],
        [ 0.        ,  0.61082251,  0.61704873, ...,  0.3741684 ,
          0.29200607,  0.        ]],

       ...,

       [[ 0.        ,  0.03254872,  0.42776979, ..., -0.581324  ,
         -0.2936239 , -0.23842846],
        [-0.03254872,  0.        ,  0.39812275, ..., -0.60749997,
         -0.32458233, -0.26991215],
        [-0.42776979, -0.39812275,  0.        , ..., -0.873516  ,
         -0.67431718, -0.6309455 ],
        ...,
        [ 0.581324  ,  0.60749997,  0.873516  , ...,  0.        ,
          0.31678623,  0.37055604],
        [ 0.2936239 ,  0.32458233,  0.67431718, ..., -0.31678623,
          0.        ,  0.05723703],
        [ 0.23842846,  0.26991215,  0.6309455 , ..., -0.37055604,
         -0.05723703,  0.        ]],

       [[ 0.        , -0.14595046, -0.26808915, ..., -0.34778889,
         -0.30189636, -0.        ],
        [ 0.14595046,  0.        , -0.12461061, ..., -0.48090392,
         -0.43780414, -0.14595046],
        [ 0.26808915,  0.12461061,  0.        , ..., -0.58641088,
         -0.54642548, -0.26808915],
        ...,
        [ 0.34778889,  0.48090392,  0.58641088, ...,  0.        ,
         -0.04851149, -0.34778889],
        [ 0.30189636,  0.43780414,  0.54642548, ...,  0.04851149,
          0.        , -0.30189636],
        [ 0.        ,  0.14595046,  0.26808915, ...,  0.34778889,
          0.30189636,  0.        ]],

       [[ 0.        ,  0.11572909,  0.40951881, ..., -0.96178495,
         -0.89178316, -0.79570373],
        [-0.11572909,  0.        ,  0.30118734, ..., -0.92363522,
         -0.83342797, -0.72026176],
        [-0.40951881, -0.30118734,  0.        , ..., -0.76530931,
         -0.62828315, -0.47788202],
        ...,
        [ 0.96178495,  0.92363522,  0.76530931, ...,  0.        ,
         -0.19099656, -0.36467126],
        [ 0.89178316,  0.83342797,  0.62828315, ...,  0.19099656,
          0.        , -0.18011408],
        [ 0.79570373,  0.72026176,  0.47788202, ...,  0.36467126,
          0.18011408,  0.        ]]]), 'num': array([ 3.91916850e+07,  9.29038500e+06,  5.33000000e+02,  5.61000000e+04,
        5.74000000e+04,  5.60000000e+04,  9.22948000e+05, -7.00000000e+02,
        5.64000000e+04,  5.74150000e+04,  5.96350000e+04,  4.45544554e+01,
        5.96629101e+04,  5.51670899e+04])}
{'img': array([[[ 0.        ,  0.61858957, -0.07354069, ..., -0.96204567,
         -0.9802049 , -0.8660254 ],
        [-0.61858957,  0.        , -0.67469654, ..., -0.58708705,
         -0.64768907, -0.37115374],
        [ 0.07354069,  0.67469654,  0.        , ..., -0.97950907,
         -0.99211073, -0.90045074],
        ...,
        [ 0.96204567,  0.58708705,  0.97950907, ...,  0.        ,
          0.07701531, -0.24469447],
        [ 0.9802049 ,  0.64768907,  0.99211073, ..., -0.07701531,
          0.        , -0.31864176],
        [ 0.8660254 ,  0.37115374,  0.90045074, ...,  0.24469447,
          0.31864176,  0.        ]],

       [[ 0.        , -0.09889678,  0.03429962, ..., -0.23157341,
         -0.70548914, -0.55987759],
        [ 0.09889678,  0.        ,  0.13297007, ..., -0.13422966,
         -0.63194042, -0.47518947],
        [-0.03429962, -0.13297007,  0.        , ..., -0.26480443,
         -0.72938288, -0.58796798],
        ...,
        [ 0.23157341,  0.13422966,  0.26480443, ...,  0.        ,
         -0.52219125, -0.35278266],
        [ 0.70548914,  0.63194042,  0.72938288, ...,  0.52219125,
          0.        ,  0.18775404],
        [ 0.55987759,  0.47518947,  0.58796798, ...,  0.35278266,
         -0.18775404,  0.        ]],

       [[ 0.        , -0.10192909, -0.44439019, ..., -0.47458749,
         -0.3748553 , -0.        ],
        [ 0.10192909,  0.        , -0.35076418, ..., -0.56183452,
         -0.46739969, -0.10192909],
        [ 0.44439019,  0.35076418,  0.        , ..., -0.81630724,
         -0.74779461, -0.44439019],
        ...,
        [ 0.47458749,  0.56183452,  0.81630724, ...,  0.        ,
         -0.1100314 , -0.47458749],
        [ 0.3748553 ,  0.46739969,  0.74779461, ...,  0.1100314 ,
          0.        , -0.3748553 ],
        [ 0.        ,  0.10192909,  0.44439019, ...,  0.47458749,
          0.3748553 ,  0.        ]],

       ...,

       [[ 0.        ,  0.39812275,  0.13148651, ..., -0.32458233,
         -0.26991215, -0.26991215],
        [-0.39812275,  0.        , -0.27404943, ..., -0.67431718,
         -0.6309455 , -0.6309455 ],
        [-0.13148651,  0.27404943,  0.        , ..., -0.44613179,
         -0.39417514, -0.39417514],
        ...,
        [ 0.32458233,  0.67431718,  0.44613179, ...,  0.        ,
          0.05723703,  0.05723703],
        [ 0.26991215,  0.6309455 ,  0.39417514, ..., -0.05723703,
          0.        ,  0.        ],
        [ 0.26991215,  0.6309455 ,  0.39417514, ..., -0.05723703,
          0.        ,  0.        ]],

       [[ 0.        , -0.22112344, -0.30495621, ..., -0.51556896,
         -0.43288966, -0.        ],
        [ 0.22112344,  0.        , -0.08681674, ..., -0.69227567,
         -0.62150488, -0.22112344],
        [ 0.30495621,  0.08681674,  0.        , ..., -0.75231168,
         -0.68717139, -0.30495621],
        ...,
        [ 0.51556896,  0.69227567,  0.75231168, ...,  0.        ,
         -0.09383737, -0.51556896],
        [ 0.43288966,  0.62150488,  0.68717139, ...,  0.09383737,
          0.        , -0.43288966],
        [ 0.        ,  0.22112344,  0.30495621, ...,  0.51556896,
          0.43288966,  0.        ]],

       [[ 0.        ,  0.30118734,  0.72026176, ..., -0.83342797,
         -0.72026176, -0.85830599],
        [-0.30118734,  0.        ,  0.47788202, ..., -0.62828315,
         -0.47788202, -0.6638998 ],
        [-0.72026176, -0.47788202,  0.        , ..., -0.18011408,
         -0.        , -0.22581507],
        ...,
        [ 0.83342797,  0.62828315,  0.18011408, ...,  0.        ,
         -0.18011408,  0.04666026],
        [ 0.72026176,  0.47788202,  0.        , ...,  0.18011408,
          0.        ,  0.22581507],
        [ 0.85830599,  0.6638998 ,  0.22581507, ..., -0.04666026,
         -0.22581507,  0.        ]]]), 'num': array([4.00826940e+07, 7.94379400e+06, 5.57000000e+02, 5.77000000e+04,
       5.88000000e+04, 5.56000000e+04, 2.03517500e+06, 1.60000000e+03,
       5.66400000e+04, 5.72950000e+04, 5.95416667e+04, 5.80952381e+01,
       5.91844179e+04, 5.54055821e+04])}
{'img': array([[[ 0.        , -0.67469654, -0.85183542, ..., -0.64768907,
         -0.37115374, -0.83672778],
        [ 0.67469654,  0.        , -0.27532319, ..., -0.99211073,
         -0.90045074, -0.98706147],
        [ 0.85183542,  0.27532319,  0.        , ..., -0.98828317,
         -0.9854039 , -0.90476728],
        ...,
        [ 0.64768907,  0.99211073,  0.98828317, ...,  0.        ,
         -0.31864176,  0.28282001],
        [ 0.37115374,  0.90045074,  0.9854039 , ...,  0.31864176,
          0.        ,  0.57371065],
        [ 0.83672778,  0.98706147,  0.90476728, ..., -0.28282001,
         -0.57371065,  0.        ]],

       [[ 0.        ,  0.13297007,  0.26881104, ..., -0.63194042,
         -0.47518947,  0.33046778],
        [-0.13297007,  0.        ,  0.13834819, ..., -0.72938288,
         -0.58796798,  0.20203379],
        [-0.26881104, -0.13834819,  0.        , ..., -0.81701366,
         -0.69422154,  0.06459572],
        ...,
        [ 0.63194042,  0.72938288,  0.81701366, ...,  0.        ,
          0.18775404,  0.85255442],
        [ 0.47518947,  0.58796798,  0.69422154, ..., -0.18775404,
          0.        ,  0.73926517],
        [-0.33046778, -0.20203379, -0.06459572, ..., -0.85255442,
         -0.73926517,  0.        ]],

       [[ 0.        , -0.43426889, -0.56120588, ..., -0.3753258 ,
         -0.        , -0.34842459],
        [ 0.43426889,  0.        , -0.14609084, ..., -0.74060798,
         -0.43426889, -0.72091126],
        [ 0.56120588,  0.14609084,  0.        , ..., -0.83082602,
         -0.56120588, -0.81442169],
        ...,
        [ 0.3753258 ,  0.74060798,  0.83082602, ...,  0.        ,
         -0.3753258 , -0.0288544 ],
        [ 0.        ,  0.43426889,  0.56120588, ...,  0.3753258 ,
          0.        ,  0.34842459],
        [ 0.34842459,  0.72091126,  0.81442169, ...,  0.0288544 ,
         -0.34842459,  0.        ]],

       ...,

       [[ 0.        , -0.27404943, -0.60856572, ..., -0.6309455 ,
         -0.6309455 ,  0.24195241],
        [ 0.27404943,  0.        , -0.36780798, ..., -0.39417514,
         -0.39417514,  0.49859631],
        [ 0.60856572,  0.36780798,  0.        , ..., -0.02851562,
         -0.02851562,  0.78247417],
        ...,
        [ 0.6309455 ,  0.39417514,  0.02851562, ...,  0.        ,
          0.        ,  0.79991217],
        [ 0.6309455 ,  0.39417514,  0.02851562, ...,  0.        ,
          0.        ,  0.79991217],
        [-0.24195241, -0.49859631, -0.78247417, ..., -0.79991217,
         -0.79991217,  0.        ]],

       [[ 0.        , -0.10269287, -0.08670736, ..., -0.70379265,
         -0.55679351, -0.16317333],
        [ 0.10269287,  0.        ,  0.01605716, ..., -0.77302536,
         -0.63915174, -0.26362717],
        [ 0.08670736, -0.01605716,  0.        , ..., -0.76273943,
