state_0,state_1,state_2,state_3,state_4,state_5,state_6,state_7,state_8,state_9,state_10,state_11,state_12,state_13,state_14,state_15,state_16,state_17,state_18,state_19,state_20,state_21,state_22,state_23,state_24,state_25,state_26,state_27,state_28,state_29,state_30,state_31,state_32,state_33,state_34,state_35,state_36,state_37,state_38,state_39,state_40,state_41,state_42,state_43,state_44,state_45,state_46,state_47,state_48,state_49,state_50,state_51,state_52,state_53,state_54,state_55,state_56,state_57,state_58,state_59,state_60,state_61,state_62,state_63,state_64,state_65,state_66,state_67,state_68,state_69,state_70,state_71,state_72,state_73,state_74,state_75,state_76,state_77
{'img': array([[[ 0.        ,  0.0772182 , -0.08640705, ..., -0.99987799,
         -0.99722322, -0.99968591],
        [-0.0772182 ,  0.        , -0.16307845, ..., -0.99809877,
         -0.9999962 , -0.99476584],
        [ 0.08640705,  0.16307845,  0.        , ..., -0.99478862,
         -0.98705875, -0.99811251],
        ...,
        [ 0.99987799,  0.99809877,  0.99478862, ...,  0.        ,
          0.05888406, -0.04067447],
        [ 0.99722322,  0.9999962 ,  0.98705875, ..., -0.05888406,
          0.        , -0.09943922],
        [ 0.99968591,  0.99476584,  0.99811251, ...,  0.04067447,
          0.09943922,  0.        ]],

       [[ 0.        , -0.24438814, -0.14527325, ..., -0.15020516,
         -0.0928984 , -0.14081278],
        [ 0.24438814,  0.        ,  0.10092737, ...,  0.09596496,
          0.15324983,  0.10541014],
        [ 0.14527325, -0.10092737,  0.        , ..., -0.00498662,
          0.05273214,  0.0045068 ],
        ...,
        [ 0.15020516, -0.09596496,  0.00498662, ...,  0.        ,
          0.05771116,  0.00949331],
        [ 0.0928984 , -0.15324983, -0.05273214, ..., -0.05771116,
          0.        , -0.04823107],
        [ 0.14081278, -0.10541014, -0.0045068 , ..., -0.00949331,
          0.04823107,  0.        ]],

       [[ 0.        ,  0.1890435 ,  0.41812274, ..., -0.9844794 ,
         -0.99054557, -0.99345819],
        [-0.1890435 ,  0.        ,  0.23885812, ..., -0.99990514,
         -0.99861852, -0.99713295],
        [-0.41812274, -0.23885812,  0.        , ..., -0.96767238,
         -0.95716202, -0.95019615],
        ...,
        [ 0.9844794 ,  0.99990514,  0.96767238, ...,  0.        ,
         -0.03878597, -0.06192802],
        [ 0.99054557,  0.99861852,  0.95716202, ...,  0.03878597,
          0.        , -0.0231699 ],
        [ 0.99345819,  0.99713295,  0.95019615, ...,  0.06192802,
          0.0231699 ,  0.        ]],

       ...,

       [[ 0.        ,  0.04571937,  0.17430023, ...,  0.2542286 ,
          0.17144616, -0.0285833 ],
        [-0.04571937,  0.        ,  0.12909845, ...,  0.20974553,
          0.12622445, -0.0742541 ],
        [-0.17430023, -0.12909845,  0.        , ...,  0.08176355,
         -0.0028977 , -0.20237478],
        ...,
        [-0.2542286 , -0.20974553, -0.08176355, ...,  0.        ,
         -0.08465121, -0.2817689 ],
        [-0.17144616, -0.12622445,  0.0028977 , ...,  0.08465121,
          0.        , -0.19953619],
        [ 0.0285833 ,  0.0742541 ,  0.20237478, ...,  0.2817689 ,
          0.19953619,  0.        ]],

       [[ 0.        ,  0.04585403,  0.057113  , ..., -0.91097364,
         -0.90389415, -0.88620296],
        [-0.04585403,  0.        ,  0.01127375, ..., -0.89110227,
         -0.88332904, -0.86402676],
        [-0.057113  , -0.01127375,  0.        , ..., -0.88592959,
         -0.8779883 , -0.85829613],
        ...,
        [ 0.91097364,  0.89110227,  0.88592959, ...,  0.        ,
         -0.01685031, -0.05652423],
        [ 0.90389415,  0.88332904,  0.8779883 , ...,  0.01685031,
          0.        , -0.03969284],
        [ 0.88620296,  0.86402676,  0.85829613, ...,  0.05652423,
          0.03969284,  0.        ]],

       [[ 0.        ,  0.05227604,  0.22135789, ..., -0.83300032,
         -0.87911714, -0.91785406],
        [-0.05227604,  0.        ,  0.17007602, ..., -0.80293844,
         -0.85300004, -0.89584976],
        [-0.22135789, -0.17007602,  0.        , ..., -0.68986454,
         -0.75180812, -0.80722359],
        ...,
        [ 0.83300032,  0.80293844,  0.68986454, ...,  0.        ,
          0.0893786 ,  0.17719058],
        [ 0.87911714,  0.85300004,  0.75180812, ..., -0.0893786 ,
          0.        ,  0.08851709],
        [ 0.91785406,  0.89584976,  0.80722359, ..., -0.17719058,
         -0.08851709,  0.        ]]]), 'num': array([ 3.75454300e+06,  2.03648000e+05,  7.39000000e+02,  4.80500000e+03,
        4.91000000e+03,  4.79000000e+03,  3.61640000e+05, -5.00000000e+01,
        4.86100000e+03,  4.91150000e+03,  5.19316667e+03,  4.50354610e+01,
        5.19778832e+03,  4.62521168e+03])}
{'img': array([[[ 0.00000000e+00, -1.63078454e-01, -4.23492321e-01, ...,
         -9.99996203e-01, -9.94765839e-01, -9.85032022e-01],
        [ 1.63078454e-01,  0.00000000e+00, -2.70090352e-01, ...,
         -9.87058747e-01, -9.98112507e-01, -9.99955570e-01],
        [ 4.23492321e-01,  2.70090352e-01,  0.00000000e+00, ...,
         -9.07063255e-01, -9.44430873e-01, -9.65338190e-01],
        ...,
        [ 9.99996203e-01,  9.87058747e-01,  9.07063255e-01, ...,
          0.00000000e+00, -9.94392227e-02, -1.69656377e-01],
        [ 9.94765839e-01,  9.98112507e-01,  9.44430873e-01, ...,
          9.94392227e-02,  0.00000000e+00, -7.08178185e-02],
        [ 9.85032022e-01,  9.99955570e-01,  9.65338190e-01, ...,
          1.69656377e-01,  7.08178185e-02,  0.00000000e+00]],

       [[ 0.00000000e+00,  1.00927374e-01,  8.94512423e-02, ...,
          1.53249828e-01,  1.05410140e-01,  1.61034153e-01],
        [-1.00927374e-01,  0.00000000e+00, -1.15282901e-02, ...,
          5.27321368e-02,  4.50680376e-03,  6.06017258e-02],
        [-8.94512423e-02,  1.15282901e-02,  0.00000000e+00, ...,
          6.42408833e-02,  1.60346773e-02,  7.21048001e-02],
        ...,
        [-1.53249828e-01, -5.27321368e-02, -6.42408833e-02, ...,
          0.00000000e+00, -4.82310678e-02,  7.88219374e-03],
        [-1.05410140e-01, -4.50680376e-03, -1.60346773e-02, ...,
          4.82310678e-02,  0.00000000e+00,  5.61025900e-02],
        [-1.61034153e-01, -6.06017258e-02, -7.21048001e-02, ...,
         -7.88219374e-03, -5.61025900e-02,  0.00000000e+00]],

       [[ 0.00000000e+00,  2.38858118e-01,  1.98170023e-01, ...,
         -9.98618520e-01, -9.97132954e-01, -9.93615121e-01],
        [-2.38858118e-01,  0.00000000e+00, -4.16871145e-02, ...,
         -9.57162019e-01, -9.50196149e-01, -9.37905763e-01],
        [-1.98170023e-01,  4.16871145e-02,  0.00000000e+00, ...,
         -9.68400596e-01, -9.62362051e-01, -9.51551304e-01],
        ...,
        [ 9.98618520e-01,  9.57162019e-01,  9.68400596e-01, ...,
          0.00000000e+00, -2.31699014e-02, -6.04567686e-02],
        [ 9.97132954e-01,  9.50196149e-01,  9.62362051e-01, ...,
          2.31699014e-02,  0.00000000e+00, -3.73130190e-02],
        [ 9.93615121e-01,  9.37905763e-01,  9.51551304e-01, ...,
          6.04567686e-02,  3.73130190e-02,  0.00000000e+00]],

       ...,

       [[ 0.00000000e+00,  1.29098449e-01, -6.21999039e-02, ...,
          1.26224453e-01, -7.42541024e-02, -1.90655809e-01],
        [-1.29098449e-01,  0.00000000e+00, -1.90527878e-01, ...,
         -2.89770184e-03, -2.02374781e-01, -3.15790749e-01],
        [ 6.21999039e-02,  1.90527878e-01,  0.00000000e+00, ...,
          1.87682457e-01, -1.20821330e-02, -1.29227677e-01],
        ...,
        [-1.26224453e-01,  2.89770184e-03, -1.87682457e-01, ...,
          0.00000000e+00, -1.99536189e-01, -3.13040000e-01],
        [ 7.42541024e-02,  2.02374781e-01,  1.20821330e-02, ...,
          1.99536189e-01,  0.00000000e+00, -1.17237420e-01],
        [ 1.90655809e-01,  3.15790749e-01,  1.29227677e-01, ...,
          3.13040000e-01,  1.17237420e-01,  0.00000000e+00]],

       [[ 0.00000000e+00,  1.12737499e-02, -3.55856946e-03, ...,
         -8.83329044e-01, -8.64026762e-01, -8.64275445e-01],
        [-1.12737499e-02,  0.00000000e+00, -1.48320219e-02, ...,
         -8.77988299e-01, -8.58296129e-01, -8.58549611e-01],
        [ 3.55856946e-03,  1.48320219e-02,  0.00000000e+00, ...,
         -8.84991543e-01, -8.65812838e-01, -8.66060000e-01],
        ...,
        [ 8.83329044e-01,  8.77988299e-01,  8.84991543e-01, ...,
          0.00000000e+00, -3.96928405e-02, -3.91990525e-02],
        [ 8.64026762e-01,  8.58296129e-01,  8.65812838e-01, ...,
          3.96928405e-02,  0.00000000e+00,  4.94172581e-04],
        [ 8.64275445e-01,  8.58549611e-01,  8.66060000e-01, ...,
          3.91990525e-02, -4.94172581e-04,  0.00000000e+00]],

       [[ 0.00000000e+00,  1.70076021e-01,  6.92833773e-03, ...,
         -8.53000044e-01, -8.95849755e-01, -8.94777827e-01],
        [-1.70076021e-01,  0.00000000e+00, -1.63244541e-01, ...,
         -7.51808121e-01, -8.07223586e-01, -8.05800837e-01],
        [-6.92833773e-03,  1.63244541e-01,  0.00000000e+00, ...,
         -8.49363597e-01, -8.92749598e-01, -8.91662768e-01],
        ...,
        [ 8.53000044e-01,  7.51808121e-01,  8.49363597e-01, ...,
          0.00000000e+00,  8.85170877e-02,  8.61198016e-02],
        [ 8.95849755e-01,  8.07223586e-01,  8.92749598e-01, ...,
         -8.85170877e-02,  0.00000000e+00, -2.40647598e-03],
        [ 8.94777827e-01,  8.05800837e-01,  8.91662768e-01, ...,
         -8.61198016e-02,  2.40647598e-03,  0.00000000e+00]]]), 'num': array([6.58514080e+07, 8.58354800e+06, 1.19060000e+04, 4.81000000e+03,
       4.99500000e+03, 4.78500000e+03, 4.86834000e+05, 5.00000000e+00,
       4.85700000e+03, 4.91725000e+03, 5.17000000e+03, 4.57142857e+01,
       5.19022390e+03, 4.64427610e+03])}
{'img': array([[[ 0.00000000e+00, -2.70090352e-01, -3.53887621e-01, ...,
         -9.98112507e-01, -9.99955570e-01, -9.99997704e-01],
        [ 2.70090352e-01,  0.00000000e+00, -8.81231293e-02, ...,
         -9.44430873e-01, -9.65338190e-01, -9.63411546e-01],
        [ 3.53887621e-01,  8.81231293e-02,  0.00000000e+00, ...,
         -9.11789687e-01, -9.38582293e-01, -9.36044147e-01],
        ...,
        [ 9.98112507e-01,  9.44430873e-01,  9.11789687e-01, ...,
          0.00000000e+00, -7.08178185e-02, -6.35506183e-02],
        [ 9.99955570e-01,  9.65338190e-01,  9.38582293e-01, ...,
          7.08178185e-02,  0.00000000e+00,  7.28360886e-03],
        [ 9.99997704e-01,  9.63411546e-01,  9.36044147e-01, ...,
          6.35506183e-02, -7.28360886e-03,  0.00000000e+00]],

       [[ 0.00000000e+00, -1.15282901e-02, -1.64523577e-01, ...,
          4.50680376e-03,  6.06017258e-02,  1.36091301e-01],
        [ 1.15282901e-02,  0.00000000e+00, -1.53141448e-01, ...,
          1.60346773e-02,  7.21048001e-02,  1.47503292e-01],
        [ 1.64523577e-01,  1.53141448e-01,  0.00000000e+00, ...,
          1.68967296e-01,  2.23997102e-01,  2.97229704e-01],
        ...,
        [-4.50680376e-03, -1.60346773e-02, -1.68967296e-01, ...,
          0.00000000e+00,  5.61025900e-02,  1.31625045e-01],
        [-6.06017258e-02, -7.21048001e-02, -2.23997102e-01, ...,
         -5.61025900e-02,  0.00000000e+00,  7.58032636e-02],
        [-1.36091301e-01, -1.47503292e-01, -2.97229704e-01, ...,
         -1.31625045e-01, -7.58032636e-02,  0.00000000e+00]],

       [[ 0.00000000e+00, -4.16871145e-02, -1.20161670e-01, ...,
         -9.50196149e-01, -9.37905763e-01, -9.35484474e-01],
        [ 4.16871145e-02,  0.00000000e+00, -7.86721514e-02, ...,
         -9.62362051e-01, -9.51551304e-01, -9.49402155e-01],
        [ 1.20161670e-01,  7.86721514e-02,  0.00000000e+00, ...,
         -9.80760032e-01, -9.72792914e-01, -9.71167533e-01],
        ...,
        [ 9.50196149e-01,  9.62362051e-01,  9.80760032e-01, ...,
          0.00000000e+00, -3.73130190e-02, -4.42226474e-02],
        [ 9.37905763e-01,  9.51551304e-01,  9.72792914e-01, ...,
          3.73130190e-02,  0.00000000e+00, -6.91533621e-03],
        [ 9.35484474e-01,  9.49402155e-01,  9.71167533e-01, ...,
          4.42226474e-02,  6.91533621e-03,  0.00000000e+00]],

       ...,

       [[ 0.00000000e+00, -1.90527878e-01, -3.09458648e-01, ...,
         -2.02374781e-01, -3.15790749e-01, -2.93193382e-01],
        [ 1.90527878e-01,  0.00000000e+00, -1.22614501e-01, ...,
         -1.20821330e-02, -1.29227677e-01, -1.05667824e-01],
        [ 3.09458648e-01,  1.22614501e-01,  0.00000000e+00, ...,
          1.10614585e-01, -6.66620086e-03,  1.70575481e-02],
        ...,
        [ 2.02374781e-01,  1.20821330e-02, -1.10614585e-01, ...,
          0.00000000e+00, -1.17237420e-01, -9.36456196e-02],
        [ 3.15790749e-01,  1.29227677e-01,  6.66620086e-03, ...,
          1.17237420e-01,  0.00000000e+00,  2.37224000e-02],
        [ 2.93193382e-01,  1.05667824e-01, -1.70575481e-02, ...,
          9.36456196e-02, -2.37224000e-02,  0.00000000e+00]],

       [[ 0.00000000e+00, -1.48320219e-02, -1.55405574e-01, ...,
         -8.58296129e-01, -8.58549611e-01, -8.49249890e-01],
        [ 1.48320219e-02,  0.00000000e+00, -1.40736655e-01, ...,
         -8.65812838e-01, -8.66060000e-01, -8.56987648e-01],
        [ 1.55405574e-01,  1.40736655e-01,  0.00000000e+00, ...,
         -9.27615578e-01, -9.27800056e-01, -9.20984905e-01],
        ...,
        [ 8.58296129e-01,  8.65812838e-01,  9.27615578e-01, ...,
          0.00000000e+00,  4.94172581e-04, -1.73761559e-02],
        [ 8.58549611e-01,  8.66060000e-01,  9.27800056e-01, ...,
         -4.94172581e-04,  0.00000000e+00, -1.78702517e-02],
        [ 8.49249890e-01,  8.56987648e-01,  9.20984905e-01, ...,
          1.73761559e-02,  1.78702517e-02,  0.00000000e+00]],

       [[ 0.00000000e+00, -1.63244541e-01, -2.04793727e-01, ...,
         -8.07223586e-01, -8.05800837e-01, -8.27337669e-01],
        [ 1.63244541e-01,  0.00000000e+00, -4.22619514e-02, ...,
         -8.92749598e-01, -8.91662768e-01, -9.07934718e-01],
        [ 2.04793727e-01,  4.22619514e-02,  0.00000000e+00, ...,
         -9.10993240e-01, -9.09998120e-01, -9.24836012e-01],
        ...,
        [ 8.07223586e-01,  8.92749598e-01,  9.10993240e-01, ...,
          0.00000000e+00, -2.40647598e-03,  3.49111334e-02],
        [ 8.05800837e-01,  8.91662768e-01,  9.09998120e-01, ...,
          2.40647598e-03,  0.00000000e+00,  3.73160413e-02],
        [ 8.27337669e-01,  9.07934718e-01,  9.24836012e-01, ...,
         -3.49111334e-02, -3.73160413e-02,  0.00000000e+00]]]), 'num': array([ 6.47855050e+07,  5.55762900e+06,  1.25350000e+04,  4.72500000e+03,
        4.82500000e+03,  4.72000000e+03,  2.34144000e+05, -8.50000000e+01,
        4.82500000e+03,  4.91950000e+03,  5.14691667e+03,  3.71747212e+01,
        5.18526117e+03,  4.65373883e+03])}
{'img': array([[[ 0.        , -0.08812313,  0.        , ..., -0.96533819,
         -0.96341155, -0.99022943],
        [ 0.08812313,  0.        ,  0.08812313, ..., -0.93858229,
         -0.93604415, -0.97408846],
        [ 0.        , -0.08812313,  0.        , ..., -0.96533819,
         -0.96341155, -0.99022943],
        ...,
        [ 0.96533819,  0.93858229,  0.96533819, ...,  0.        ,
          0.00728361, -0.12383788],
        [ 0.96341155,  0.93604415,  0.96341155, ..., -0.00728361,
          0.        , -0.13106214],
        [ 0.99022943,  0.97408846,  0.99022943, ...,  0.12383788,
          0.13106214,  0.        ]],

       [[ 0.        , -0.15314145, -0.111631  , ...,  0.0721048 ,
          0.14750329, -0.02915681],
        [ 0.15314145,  0.        ,  0.04187004, ...,  0.2239971 ,
          0.2972297 ,  0.12426345],
        [ 0.111631  , -0.04187004,  0.        , ...,  0.18299456,
          0.25699129,  0.08260897],
        ...,
        [-0.0721048 , -0.2239971 , -0.18299456, ...,  0.        ,
          0.07580326, -0.10115506],
        [-0.14750329, -0.2972297 , -0.25699129, ..., -0.07580326,
          0.        , -0.17627846],
        [ 0.02915681, -0.12426345, -0.08260897, ...,  0.10115506,
          0.17627846,  0.        ]],

       [[ 0.        , -0.07867215, -0.19817002, ..., -0.9515513 ,
         -0.94940215, -0.92998486],
        [ 0.07867215,  0.        , -0.1204439 , ..., -0.97279291,
         -0.97116753, -0.95602213],
        [ 0.19817002,  0.1204439 ,  0.        , ..., -0.99361512,
         -0.99281115, -0.98438795],
        ...,
        [ 0.9515513 ,  0.97279291,  0.99361512, ...,  0.        ,
         -0.00691534, -0.06382711],
        [ 0.94940215,  0.97116753,  0.99281115, ...,  0.00691534,
          0.        , -0.05692435],
        [ 0.92998486,  0.95602213,  0.98438795, ...,  0.06382711,
          0.05692435,  0.        ]],

       ...,

       [[ 0.        , -0.1226145 , -0.34479726, ..., -0.12922768,
         -0.10566782, -0.39879535],
        [ 0.1226145 ,  0.        , -0.22710011, ..., -0.0066662 ,
          0.01705755, -0.28334379],
        [ 0.34479726,  0.22710011,  0.        , ...,  0.22060304,
          0.24367893, -0.05814724],
        ...,
        [ 0.12922768,  0.0066662 , -0.22060304, ...,  0.        ,
          0.0237224 , -0.27694449],
        [ 0.10566782, -0.01705755, -0.24367893, ..., -0.0237224 ,
          0.        , -0.29966107],
        [ 0.39879535,  0.28334379,  0.05814724, ...,  0.27694449,
          0.29966107,  0.        ]],

       [[ 0.        , -0.14073665, -0.25637945, ..., -0.86606   ,
         -0.85698765, -0.85075479],
        [ 0.14073665,  0.        , -0.11779502, ..., -0.92780006,
         -0.92098491, -0.91625324],
        [ 0.25637945,  0.11779502,  0.        , ..., -0.96528736,
         -0.96046568, -0.95706285],
        ...,
        [ 0.86606   ,  0.92780006,  0.96528736, ...,  0.        ,
         -0.01787025, -0.02984253],
        [ 0.85698765,  0.92098491,  0.96046568, ...,  0.01787025,
          0.        , -0.01197548],
        [ 0.85075479,  0.91625324,  0.95706285, ...,  0.02984253,
          0.01197548,  0.        ]],

       [[ 0.        , -0.04226195, -0.00744884, ..., -0.89166277,
         -0.90793472, -0.91538216],
        [ 0.04226195,  0.        ,  0.03481859, ..., -0.90999812,
         -0.92483601, -0.9315784 ],
        [ 0.00744884, -0.03481859,  0.        , ..., -0.89501012,
         -0.91103142, -0.91835556],
        ...,
        [ 0.89166277,  0.90999812,  0.89501012, ...,  0.        ,
          0.03731604,  0.05542276],
        [ 0.90793472,  0.92483601,  0.91103142, ..., -0.03731604,
          0.        ,  0.01812548],
        [ 0.91538216,  0.9315784 ,  0.91835556, ..., -0.05542276,
         -0.01812548,  0.        ]]]), 'num': array([6.49115830e+07, 5.18902700e+06, 1.26130000e+04, 4.73500000e+03,
       4.81000000e+03, 4.72000000e+03, 1.80944000e+05, 1.00000000e+01,
       4.78600000e+03, 4.92150000e+03, 5.12716667e+03, 3.67041199e+01,
       5.18100145e+03, 4.66199855e+03])}
{'img': array([[[ 0.        ,  0.08812313,  0.19452735, ..., -0.93604415,
         -0.97408846, -0.97024022],
        [-0.08812313,  0.        ,  0.10733084, ..., -0.96341155,
         -0.99022943, -0.98780411],
        [-0.19452735, -0.10733084,  0.        , ..., -0.98661377,
         -0.99947628, -0.99880952],
        ...,
        [ 0.93604415,  0.96341155,  0.98661377, ...,  0.        ,
         -0.13106214, -0.1147528 ],
        [ 0.97408846,  0.99022943,  0.99947628, ...,  0.13106214,
          0.        ,  0.0164334 ],
        [ 0.97024022,  0.98780411,  0.99880952, ...,  0.1147528 ,
         -0.0164334 ,  0.        ]],

       [[ 0.        ,  0.04187004,  0.09277806, ...,  0.2972297 ,
          0.12426345,  0.06507859],
        [-0.04187004,  0.        ,  0.05100726, ...,  0.25699129,
          0.08260897,  0.02324024],
        [-0.09277806, -0.05100726,  0.        , ...,  0.20736265,
          0.03166852, -0.02778349],
        ...,
        [-0.2972297 , -0.25699129, -0.20736265, ...,  0.        ,
         -0.17627846, -0.23446219],
        [-0.12426345, -0.08260897, -0.03166852, ...,  0.17627846,
          0.        , -0.05942585],
        [-0.06507859, -0.02324024,  0.02778349, ...,  0.23446219,
          0.05942585,  0.        ]],

       [[ 0.        , -0.1204439 , -0.2055451 , ..., -0.97116753,
         -0.95602213, -0.93167771],
        [ 0.1204439 ,  0.        , -0.08617661, ..., -0.99281115,
         -0.98438795, -0.96865079],
        [ 0.2055451 ,  0.08617661,  0.        , ..., -0.99943237,
         -0.99589406, -0.98645583],
        ...,
        [ 0.97116753,  0.99281115,  0.99943237, ...,  0.        ,
         -0.05692435, -0.13070133],
        [ 0.95602213,  0.98438795,  0.99589406, ...,  0.05692435,
          0.        , -0.07405336],
        [ 0.93167771,  0.96865079,  0.98645583, ...,  0.13070133,
          0.07405336,  0.        ]],

       ...,

       [[ 0.        , -0.22710011, -0.11841933, ...,  0.01705755,
         -0.28334379, -0.30002954],
        [ 0.22710011,  0.        ,  0.11017696, ...,  0.24367893,
         -0.05814724, -0.07555261],
        [ 0.11841933, -0.11017696,  0.        , ...,  0.13533963,
         -0.16778378, -0.1849547 ],
        ...,
        [-0.01705755, -0.24367893, -0.13533963, ...,  0.        ,
         -0.29966107, -0.3162576 ],
        [ 0.28334379,  0.05814724,  0.16778378, ...,  0.29966107,
          0.        , -0.01744373],
        [ 0.30002954,  0.07555261,  0.1849547 , ...,  0.3162576 ,
          0.01744373,  0.        ]],

       [[ 0.        , -0.11779502, -0.15760225, ..., -0.92098491,
         -0.91625324, -0.91201741],
        [ 0.11779502,  0.        , -0.04018212, ..., -0.96046568,
         -0.95706285, -0.95398168],
        [ 0.15760225,  0.04018212,  0.        , ..., -0.97087662,
         -0.96793791, -0.96526043],
        ...,
        [ 0.92098491,  0.96046568,  0.97087662, ...,  0.        ,
         -0.01197548, -0.02242294],
        [ 0.91625324,  0.95706285,  0.96793791, ...,  0.01197548,
          0.        , -0.01044886],
        [ 0.91201741,  0.95398168,  0.96526043, ...,  0.02242294,
          0.01044886,  0.        ]],

       [[ 0.        ,  0.03481859,  0.03332262, ..., -0.92483601,
         -0.9315784 , -0.93714408],
        [-0.03481859,  0.        , -0.00149684, ..., -0.91103142,
         -0.91835556, -0.92442615],
        [-0.03332262,  0.00149684,  0.        , ..., -0.91164761,
         -0.91894692, -0.92499595],
        ...,
        [ 0.92483601,  0.91103142,  0.91164761, ...,  0.        ,
          0.01812548,  0.03374309],
        [ 0.9315784 ,  0.91835556,  0.91894692, ..., -0.01812548,
          0.        ,  0.01562239],
        [ 0.93714408,  0.92442615,  0.92499595, ..., -0.03374309,
         -0.01562239,  0.        ]]]), 'num': array([ 6.47185950e+07,  4.04299500e+06,  1.28550000e+04,  4.72000000e+03,
        4.76000000e+03,  4.70500000e+03,  1.60011000e+05, -1.50000000e+01,
        4.75900000e+03,  4.91675000e+03,  5.10833333e+03,  4.17021277e+01,
        5.18712520e+03,  4.64637480e+03])}
{'img': array([[[ 0.        ,  0.10733084,  0.30219661, ..., -0.99022943,
         -0.98780411, -0.99135728],
        [-0.10733084,  0.        ,  0.19813828, ..., -0.99947628,
         -0.99880952, -0.99971127],
        [-0.30219661, -0.19813828,  0.        , ..., -0.9860725 ,
         -0.98867248, -0.98465208],
        ...,
        [ 0.99022943,  0.99947628,  0.9860725 , ...,  0.        ,
          0.0164334 , -0.00833459],
        [ 0.98780411,  0.99880952,  0.98867248, ..., -0.0164334 ,
          0.        , -0.02476629],
        [ 0.99135728,  0.99971127,  0.98465208, ...,  0.00833459,
          0.02476629,  0.        ]],

       [[ 0.        ,  0.05100726,  0.13642491, ...,  0.08260897,
          0.02324024, -0.00714999],
        [-0.05100726,  0.        ,  0.08571697, ...,  0.03166852,
         -0.02778349, -0.05814663],
        [-0.13642491, -0.08571697,  0.        , ..., -0.05412201,
         -0.11336511, -0.14350456],
        ...,
        [-0.08260897, -0.03166852,  0.05412201, ...,  0.        ,
         -0.05942585, -0.08973241],
        [-0.02324024,  0.02778349,  0.11336511, ...,  0.05942585,
          0.        , -0.0303877 ],
        [ 0.00714999,  0.05814663,  0.14350456, ...,  0.08973241,
          0.0303877 ,  0.        ]],

       [[ 0.        , -0.08617661, -0.07799655, ..., -0.98438795,
         -0.96865079, -0.95345934],
        [ 0.08617661,  0.        ,  0.00820769, ..., -0.99589406,
         -0.98645583, -0.97589647],
        [ 0.07799655, -0.00820769,  0.        , ..., -0.9951175 ,
         -0.98507632, -0.9740724 ],
        ...,
        [ 0.98438795,  0.99589406,  0.9951175 , ...,  0.        ,
         -0.07405336, -0.12899361],
        [ 0.96865079,  0.98645583,  0.98507632, ...,  0.07405336,
          0.        , -0.05520475],
        [ 0.95345934,  0.97589647,  0.9740724 , ...,  0.12899361,
          0.05520475,  0.        ]],

       ...,

       [[ 0.        ,  0.11017696,  0.61398298, ..., -0.05814724,
         -0.07555261,  0.10504705],
        [-0.11017696,  0.        ,  0.52328024, ..., -0.16778378,
         -0.1849547 , -0.00515985],
        [-0.61398298, -0.52328024,  0.        , ..., -0.65884086,
         -0.67186323, -0.5276703 ],
        ...,
        [ 0.05814724,  0.16778378,  0.65884086, ...,  0.        ,
         -0.01744373,  0.16269484],
        [ 0.07555261,  0.1849547 ,  0.67186323, ...,  0.01744373,
          0.        ,  0.1798814 ],
        [-0.10504705,  0.00515985,  0.5276703 , ..., -0.16269484,
         -0.1798814 ,  0.        ]],

       [[ 0.        , -0.04018212, -0.05476936, ..., -0.95706285,
         -0.95398168, -0.95836405],
        [ 0.04018212,  0.        , -0.01460332, ..., -0.96793791,
         -0.96526043, -0.96906402],
        [ 0.05476936,  0.01460332,  0.        , ..., -0.9715029 ,
         -0.96897319, -0.97256492],
        ...,
        [ 0.95706285,  0.96793791,  0.9715029 , ...,  0.        ,
         -0.01044886,  0.00452249],
        [ 0.95398168,  0.96526043,  0.96897319, ...,  0.01044886,
          0.        ,  0.014971  ],
        [ 0.95836405,  0.96906402,  0.97256492, ..., -0.00452249,
         -0.014971  ,  0.        ]],

       [[ 0.        , -0.00149684,  0.01210055, ..., -0.91835556,
         -0.92442615, -0.91269063],
        [ 0.00149684,  0.        ,  0.01359726, ..., -0.91894692,
         -0.92499595, -0.91330129],
        [-0.01210055, -0.01359726,  0.        , ..., -0.91349946,
         -0.91974379, -0.9076789 ],
        ...,
        [ 0.91835556,  0.91894692,  0.91349946, ...,  0.        ,
          0.01562239, -0.01408404],
        [ 0.92442615,  0.92499595,  0.91974379, ..., -0.01562239,
          0.        , -0.02970317],
        [ 0.91269063,  0.91330129,  0.9076789 , ...,  0.01408404,
          0.02970317,  0.        ]]]), 'num': array([6.61346150e+07, 3.95802300e+06, 1.28730000e+04, 4.83000000e+03,
       4.83000000e+03, 4.72500000e+03, 1.79769000e+05, 1.10000000e+02,
       4.76400000e+03, 4.91325000e+03, 5.09016667e+03, 4.24369748e+01,
       5.18620192e+03, 4.64029808e+03])}
{'img': array([[[ 0.00000000e+00,  1.98138281e-01,  1.17664135e-01, ...,
         -9.98809524e-01, -9.99711269e-01, -9.81531675e-01],
        [-1.98138281e-01,  0.00000000e+00, -8.14305681e-02, ...,
         -9.88672482e-01, -9.84652076e-01, -9.99975695e-01],
        [-1.17664135e-01,  8.14305681e-02,  0.00000000e+00, ...,
         -9.97610954e-01, -9.95594040e-01, -9.97222527e-01],
        ...,
        [ 9.98809524e-01,  9.88672482e-01,  9.97610954e-01, ...,
          0.00000000e+00, -2.47662891e-02,  1.43192376e-01],
        [ 9.99711269e-01,  9.84652076e-01,  9.95594040e-01, ...,
          2.47662891e-02,  0.00000000e+00,  1.67659523e-01],
        [ 9.81531675e-01,  9.99975695e-01,  9.97222527e-01, ...,
         -1.43192376e-01, -1.67659523e-01,  0.00000000e+00]],

       [[ 0.00000000e+00,  8.57169674e-02,  1.08951440e-01, ...,
         -2.77834903e-02, -5.81466309e-02, -2.93389738e-02],
        [-8.57169674e-02,  0.00000000e+00,  2.33437466e-02, ...,
         -1.13365112e-01, -1.43504563e-01, -1.14911061e-01],
        [-1.08951440e-01, -2.33437466e-02,  0.00000000e+00, ...,
         -1.36527478e-01, -1.66567588e-01, -1.38068860e-01],
        ...,
        [ 2.77834903e-02,  1.13365112e-01,  1.36527478e-01, ...,
          0.00000000e+00, -3.03877022e-02, -1.55611794e-03],
        [ 5.81466309e-02,  1.43504563e-01,  1.66567588e-01, ...,
          3.03877022e-02,  0.00000000e+00,  2.88322661e-02],
        [ 2.93389738e-02,  1.14911061e-01,  1.38068860e-01, ...,
          1.55611794e-03, -2.88322661e-02,  0.00000000e+00]],

       [[ 0.00000000e+00,  8.20768811e-03,  7.71097220e-02, ...,
         -9.86455832e-01, -9.75896466e-01, -9.78137291e-01],
        [-8.20768811e-03,  0.00000000e+00,  6.89238740e-02, ...,
         -9.85076322e-01, -9.74072398e-01, -9.76397472e-01],
        [-7.71097220e-02, -6.89238740e-02,  0.00000000e+00, ...,
         -9.70870687e-01, -9.56162880e-01, -9.59189246e-01],
        ...,
        [ 9.86455832e-01,  9.85076322e-01,  9.70870687e-01, ...,
          0.00000000e+00, -5.52047507e-02, -4.47025130e-02],
        [ 9.75896466e-01,  9.74072398e-01,  9.56162880e-01, ...,
          5.52047507e-02,  0.00000000e+00,  1.05152208e-02],
        [ 9.78137291e-01,  9.76397472e-01,  9.59189246e-01, ...,
          4.47025130e-02, -1.05152208e-02,  0.00000000e+00]],

       ...,

       [[ 0.00000000e+00,  5.23280244e-01,  3.69935370e-01, ...,
         -1.84954696e-01, -5.15985424e-03,  2.08194588e-02],
        [-5.23280244e-01,  0.00000000e+00, -1.70913063e-01, ...,
         -6.71863231e-01, -5.27670303e-01, -5.05425301e-01],
        [-3.69935370e-01,  1.70913063e-01,  0.00000000e+00, ...,
         -5.35386438e-01, -3.74724247e-01, -3.50512713e-01],
        ...,
        [ 1.84954696e-01,  6.71863231e-01,  5.35386438e-01, ...,
          0.00000000e+00,  1.79881402e-01,  2.05374869e-01],
        [ 5.15985424e-03,  5.27670303e-01,  3.74724247e-01, ...,
         -1.79881402e-01,  0.00000000e+00,  2.59779175e-02],
        [-2.08194588e-02,  5.05425301e-01,  3.50512713e-01, ...,
         -2.05374869e-01, -2.59779175e-02,  0.00000000e+00]],

       [[ 0.00000000e+00, -1.46033158e-02, -6.87241099e-04, ...,
         -9.65260429e-01, -9.69064018e-01, -9.68509643e-01],
        [ 1.46033158e-02,  0.00000000e+00,  1.39161446e-02, ...,
         -9.68973195e-01, -9.72564920e-01, -9.72042243e-01],
        [ 6.87241099e-04, -1.39161446e-02,  0.00000000e+00, ...,
         -9.65439770e-01, -9.69233407e-01, -9.68680521e-01],
        ...,
        [ 9.65260429e-01,  9.68973195e-01,  9.65439770e-01, ...,
          0.00000000e+00,  1.49709982e-02,  1.27348668e-02],
        [ 9.69064018e-01,  9.72564920e-01,  9.69233407e-01, ...,
         -1.49709982e-02,  0.00000000e+00, -2.23634453e-03],
        [ 9.68509643e-01,  9.72042243e-01,  9.68680521e-01, ...,
         -1.27348668e-02,  2.23634453e-03,  0.00000000e+00]],

       [[ 0.00000000e+00,  1.35972618e-02,  5.33390155e-02, ...,
         -9.24995952e-01, -9.13301290e-01, -9.08457567e-01],
        [-1.35972618e-02,  0.00000000e+00,  3.97561789e-02, ...,
         -9.19743793e-01, -9.07678903e-01, -9.02690238e-01],
        [-5.33390155e-02, -3.97561789e-02,  0.00000000e+00, ...,
         -9.03411588e-01, -8.90277011e-01, -8.84869856e-01],
        ...,
        [ 9.24995952e-01,  9.19743793e-01,  9.03411588e-01, ...,
          0.00000000e+00, -2.97031686e-02, -4.14341752e-02],
        [ 9.13301290e-01,  9.07678903e-01,  8.90277011e-01, ...,
          2.97031686e-02,  0.00000000e+00, -1.17382324e-02],
        [ 9.08457567e-01,  9.02690238e-01,  8.84869856e-01, ...,
          4.14341752e-02,  1.17382324e-02,  0.00000000e+00]]]), 'num': array([ 6.50917830e+07,  3.18028300e+06,  1.30340000e+04,  4.75000000e+03,
        4.86000000e+03,  4.73000000e+03,  2.57000000e+05, -8.00000000e+01,
        4.75200000e+03,  4.90350000e+03,  5.06933333e+03,  2.27272727e+01,
        5.18501554e+03,  4.62198446e+03])}
{'img': array([[[ 0.        , -0.08143057,  0.        , ..., -0.98465208,
         -0.9999757 , -0.9920025 ],
        [ 0.08143057,  0.        ,  0.08143057, ..., -0.99559404,
         -0.99722253, -0.9989861 ],
        [ 0.        , -0.08143057,  0.        , ..., -0.98465208,
         -0.9999757 , -0.9920025 ],
        ...,
        [ 0.98465208,  0.99559404,  0.98465208, ...,  0.        ,
          0.16765952,  0.04885191],
        [ 0.9999757 ,  0.99722253,  0.9999757 , ..., -0.16765952,
          0.        , -0.11929893],
        [ 0.9920025 ,  0.9989861 ,  0.9920025 , ..., -0.04885191,
          0.11929893,  0.        ]],

       [[ 0.        ,  0.02334375, -0.00399304, ..., -0.14350456,
         -0.11491106, -0.03294534],
        [-0.02334375,  0.        , -0.02733551, ..., -0.16656759,
         -0.13806886, -0.05626744],
        [ 0.00399304,  0.02733551,  0.        , ..., -0.13955171,
         -0.11094356, -0.02895421],
        ...,
        [ 0.14350456,  0.16656759,  0.13955171, ...,  0.        ,
          0.02883227,  0.11082232],
        [ 0.11491106,  0.13806886,  0.11094356, ..., -0.02883227,
          0.        ,  0.08212158],
        [ 0.03294534,  0.05626744,  0.02895421, ..., -0.11082232,
         -0.08212158,  0.        ]],

       [[ 0.        ,  0.06892387,  0.20858629, ..., -0.9740724 ,
         -0.97639747, -0.97057771],
        [-0.06892387,  0.        ,  0.14068243, ..., -0.95616288,
         -0.95918925, -0.95167356],
        [-0.20858629, -0.14068243,  0.        , ..., -0.90545683,
         -0.90986984, -0.89900376],
        ...,
        [ 0.9740724 ,  0.95616288,  0.90545683, ...,  0.        ,
          0.01051522, -0.0149649 ],
        [ 0.97639747,  0.95918925,  0.90986984, ..., -0.01051522,
          0.        , -0.02547811],
        [ 0.97057771,  0.95167356,  0.89900376, ...,  0.0149649 ,
          0.02547811,  0.        ]],

       ...,

       [[ 0.        , -0.17091306, -0.11723145, ..., -0.5276703 ,
         -0.5054253 , -0.97954151],
        [ 0.17091306,  0.        ,  0.05422803, ..., -0.37472425,
         -0.35051271, -0.93073373],
        [ 0.11723145, -0.05422803,  0.        , ..., -0.42444965,
         -0.40078466, -0.94919529],
        ...,
        [ 0.5276703 ,  0.37472425,  0.42444965, ...,  0.        ,
          0.02597792, -0.72588128],
        [ 0.5054253 ,  0.35051271,  0.40078466, ..., -0.02597792,
          0.        , -0.74350444],
        [ 0.97954151,  0.93073373,  0.94919529, ...,  0.72588128,
          0.74350444,  0.        ]],

       [[ 0.        ,  0.01391614,  0.0376995 , ..., -0.97256492,
         -0.97204224, -0.97136094],
        [-0.01391614,  0.        ,  0.0237896 , ..., -0.96923341,
         -0.96868052, -0.96796028],
        [-0.0376995 , -0.0237896 ,  0.        , ..., -0.96310345,
         -0.96249917, -0.96171269],
        ...,
        [ 0.97256492,  0.96923341,  0.96310345, ...,  0.        ,
         -0.00223634, -0.00512066],
        [ 0.97204224,  0.96868052,  0.96249917, ...,  0.00223634,
          0.        , -0.00288433],
        [ 0.97136094,  0.96796028,  0.96171269, ...,  0.00512066,
          0.00288433,  0.        ]],

       [[ 0.        ,  0.03975618,  0.08487661, ..., -0.9076789 ,
         -0.90269024, -0.88658983],
        [-0.03975618,  0.        ,  0.04519679, ..., -0.89027701,
         -0.88486986, -0.86749943],
        [-0.08487661, -0.04519679,  0.        , ..., -0.86878374,
         -0.86291121, -0.84413032],
        ...,
        [ 0.9076789 ,  0.89027701,  0.86878374, ...,  0.        ,
         -0.01173823, -0.04778169],
        [ 0.90269024,  0.88486986,  0.86291121, ...,  0.01173823,
          0.        , -0.03605358],
        [ 0.88658983,  0.86749943,  0.84413032, ...,  0.04778169,
          0.03605358,  0.        ]]]), 'num': array([ 6.40460400e+07,  6.99775600e+06,  1.22290000e+04,  4.66500000e+03,
        4.76500000e+03,  4.66500000e+03,  2.35634000e+05, -8.50000000e+01,
        4.74000000e+03,  4.89025000e+03,  5.04491667e+03,  2.69461078e+01,
        5.18989104e+03,  4.59060896e+03])}
{'img': array([[[ 0.        ,  0.08143057,  0.69667045, ..., -0.99722253,
         -0.9989861 , -0.98166163],
        [-0.08143057,  0.        ,  0.63593924, ..., -0.9999757 ,
         -0.9920025 , -0.9628783 ],
        [-0.69667045, -0.63593924,  0.        , ..., -0.7672866 ,
         -0.68530001, -0.57142804],
        ...,
        [ 0.99722253,  0.9999757 ,  0.7672866 , ...,  0.        ,
         -0.11929893, -0.26321613],
        [ 0.9989861 ,  0.9920025 ,  0.68530001, ...,  0.11929893,
          0.        , -0.14624426],
        [ 0.98166163,  0.9628783 ,  0.57142804, ...,  0.26321613,
          0.14624426,  0.        ]],

       [[ 0.        , -0.02733551,  0.66497794, ..., -0.13806886,
         -0.05626744, -0.07597933],
        [ 0.02733551,  0.        ,  0.68514533, ..., -0.11094356,
         -0.02895421, -0.04869445],
        [-0.66497794, -0.68514533,  0.        , ..., -0.76172773,
         -0.70594851, -0.7198019 ],
        ...,
        [ 0.13806886,  0.11094356,  0.76172773, ...,  0.        ,
          0.08212158,  0.06241811],
        [ 0.05626744,  0.02895421,  0.70594851, ..., -0.08212158,
          0.        , -0.01975417],
        [ 0.07597933,  0.04869445,  0.7198019 , ..., -0.06241811,
          0.01975417,  0.        ]],

       [[ 0.        ,  0.14068243,  0.57512765, ..., -0.95918925,
         -0.95167356, -0.94324402],
        [-0.14068243,  0.        ,  0.45432069, ..., -0.90986984,
         -0.89900376, -0.88714255],
        [-0.57512765, -0.45432069,  0.        , ..., -0.62205197,
         -0.60190128, -0.58063352],
        ...,
        [ 0.95918925,  0.90986984,  0.62205197, ...,  0.        ,
         -0.02547811, -0.05183088],
        [ 0.95167356,  0.89900376,  0.60190128, ...,  0.02547811,
          0.        , -0.02637018],
        [ 0.94324402,  0.88714255,  0.58063352, ...,  0.05183088,
          0.02637018,  0.        ]],

       ...,

       [[ 0.        ,  0.05422803,  0.6872364 , ..., -0.35051271,
         -0.93073373, -0.82373249],
        [-0.05422803,  0.        ,  0.64683211, ..., -0.40078466,
         -0.94919529, -0.85326657],
        [-0.6872364 , -0.64683211,  0.        , ..., -0.89826103,
         -0.92743718, -0.98803552],
        ...,
        [ 0.35051271,  0.40078466,  0.89826103, ...,  0.        ,
         -0.74350444, -0.57274002],
        [ 0.93073373,  0.94919529,  0.92743718, ...,  0.74350444,
          0.        ,  0.22646915],
        [ 0.82373249,  0.85326657,  0.98803552, ...,  0.57274002,
         -0.22646915,  0.        ]],

       [[ 0.        ,  0.0237896 ,  0.12327   , ..., -0.96868052,
         -0.96796028, -0.97085036],
        [-0.0237896 ,  0.        ,  0.09962695, ..., -0.96249917,
         -0.96171269, -0.96487355],
        [-0.12327   , -0.09962695,  0.        , ..., -0.93068334,
         -0.9296243 , -0.9338997 ],
        ...,
        [ 0.96868052,  0.96249917,  0.93068334, ...,  0.        ,
         -0.00288433,  0.00889266],
        [ 0.96796028,  0.96171269,  0.9296243 , ...,  0.00288433,
          0.        ,  0.01177684],
        [ 0.97085036,  0.96487355,  0.9338997 , ..., -0.00889266,
         -0.01177684,  0.        ]],

       [[ 0.        ,  0.04519679, -0.06270415, ..., -0.88486986,
         -0.86749943, -0.83361657],
        [-0.04519679,  0.        , -0.10774792, ..., -0.86291121,
         -0.84413032, -0.80780054],
        [ 0.06270415,  0.10774792,  0.        , ..., -0.91233857,
         -0.89698377, -0.86661038],
        ...,
        [ 0.88486986,  0.86291121,  0.91233857, ...,  0.        ,
         -0.03605358, -0.10042164],
        [ 0.86749943,  0.84413032,  0.89698377, ...,  0.03605358,
          0.        , -0.06448503],
        [ 0.83361657,  0.80780054,  0.86661038, ...,  0.10042164,
          0.06448503,  0.        ]]]), 'num': array([ 6.34572890e+07,  3.06926900e+06,  1.30710000e+04,  4.62000000e+03,
        4.70000000e+03,  4.61500000e+03,  1.71761000e+05, -4.50000000e+01,
        4.71700000e+03,  4.86775000e+03,  5.02058333e+03,  2.98013245e+01,
        5.17743492e+03,  4.55806508e+03])}
{'img': array([[[ 0.        ,  0.63593924, -0.19813828, ..., -0.9920025 ,
         -0.9628783 , -0.93408941],
        [-0.63593924,  0.        , -0.77624222, ..., -0.68530001,
         -0.57142804, -0.49381812],
