state_0,state_1,state_2,state_3,state_4,state_5,state_6,state_7,state_8,state_9,state_10,state_11,state_12,state_13,state_14,state_15,state_16,state_17,state_18,state_19,state_20,state_21,state_22,state_23,state_24,state_25,state_26,state_27,state_28,state_29,state_30,state_31,state_32,state_33,state_34,state_35,state_36,state_37,state_38,state_39,state_40,state_41,state_42,state_43,state_44,state_45,state_46,state_47,state_48,state_49,state_50,state_51,state_52,state_53,state_54,state_55,state_56,state_57,state_58,state_59,state_60,state_61,state_62,state_63,state_64,state_65,state_66,state_67,state_68,state_69,state_70,state_71,state_72,state_73,state_74,state_75,state_76,state_77
{'img': array([[[ 0.        ,  0.18730983,  0.28835981, ...,  0.        ,
          0.58801564,  0.69726427],
        [-0.18730983,  0.        ,  0.1039028 , ...,  0.18730983,
          0.72911375,  0.81918965],
        [-0.28835981, -0.1039028 ,  0.        , ...,  0.28835981,
          0.79627769,  0.87434636],
        ...,
        [-0.        , -0.18730983, -0.28835981, ...,  0.        ,
         -0.58801564, -0.69726427],
        [-0.58801564, -0.72911375, -0.79627769, ...,  0.58801564,
          0.        , -0.14248396],
        [-0.69726427, -0.81918965, -0.87434636, ...,  0.69726427,
          0.14248396,  0.        ]],

       [[ 0.        , -0.06745298,  0.08620461, ...,  0.98469138,
          0.59306008,  0.56701408],
        [ 0.06745298,  0.        ,  0.15321017, ...,  0.99420622,
          0.64601968,  0.62128425],
        [-0.08620461, -0.15321017,  0.        , ...,  0.96599976,
          0.52144403,  0.4938959 ],
        ...,
        [-0.98469138, -0.99420622, -0.96599976, ...,  0.        ,
         -0.68945789, -0.71226381],
        [-0.59306008, -0.64601968, -0.52144403, ...,  0.68945789,
          0.        , -0.03197235],
        [-0.56701408, -0.62128425, -0.4938959 , ...,  0.71226381,
          0.03197235,  0.        ]],

       [[ 0.        ,  0.16714689,  0.20805818, ...,  0.6042489 ,
          0.53928108,  0.45787002],
        [-0.16714689,  0.        ,  0.0416421 , ...,  0.72893024,
          0.67245319,  0.60002549],
        [-0.20805818, -0.0416421 ,  0.        , ...,  0.75680564,
          0.70269087,  0.63281791],
        ...,
        [-0.6042489 , -0.72893024, -0.75680564, ...,  0.        ,
          0.0791568 ,  0.17236002],
        [-0.53928108, -0.67245319, -0.70269087, ..., -0.0791568 ,
          0.        ,  0.09384704],
        [-0.45787002, -0.60002549, -0.63281791, ..., -0.17236002,
         -0.09384704,  0.        ]],

       ...,

       [[ 0.        , -0.36484958, -0.34107372, ...,  0.40019551,
         -0.10264624, -0.57806304],
        [ 0.36484958,  0.        ,  0.02540963, ...,  0.70696765,
          0.26735194, -0.24050074],
        [ 0.34107372, -0.02540963,  0.        , ...,  0.68876852,
          0.24278092, -0.26508692],
        ...,
        [-0.40019551, -0.70696765, -0.68876852, ...,  0.        ,
         -0.49214972, -0.85631057],
        [ 0.10264624, -0.26735194, -0.24278092, ...,  0.49214972,
          0.        , -0.49125115],
        [ 0.57806304,  0.24050074,  0.26508692, ...,  0.85631057,
          0.49125115,  0.        ]],

       [[ 0.        , -0.08786186, -0.09461273, ...,  0.42274014,
          0.32174865,  0.52052316],
        [ 0.08786186,  0.        , -0.00677911, ...,  0.34148037,
          0.23731453,  0.44348949],
        [ 0.09461273,  0.00677911,  0.        , ...,  0.33510092,
          0.23072363,  0.43740333],
        ...,
        [-0.42274014, -0.34148037, -0.33510092, ...,  0.        ,
          0.10867596, -0.11076898],
        [-0.32174865, -0.23731453, -0.23072363, ..., -0.10867596,
          0.        , -0.21812011],
        [-0.52052316, -0.44348949, -0.43740333, ...,  0.11076898,
          0.21812011,  0.        ]],

       [[ 0.        ,  0.0283956 ,  0.02964689, ...,  0.94202266,
          0.87420016,  0.53369148],
        [-0.0283956 ,  0.        ,  0.00125181, ...,  0.95117092,
          0.88763559,  0.55748985],
        [-0.02964689, -0.00125181,  0.        , ...,  0.95155657,
          0.88821141,  0.55852864],
        ...,
        [-0.94202266, -0.95117092, -0.95155657, ...,  0.        ,
          0.16407669,  0.61756924],
        [-0.87420016, -0.88763559, -0.88821141, ..., -0.16407669,
          0.        ,  0.48015066],
        [-0.53369148, -0.55748985, -0.55852864, ..., -0.61756924,
         -0.48015066,  0.        ]]]), 'num': array([5.11107370e+07, 9.02737000e+05, 8.36800000e+03, 6.00000000e+03,
       6.19000000e+03, 5.75000000e+03, 1.05064700e+06, 2.50000000e+02,
       5.84600000e+03, 5.63900000e+03, 4.53308333e+03, 5.12195122e+01,
       6.23712708e+03, 5.04087292e+03])}
{'img': array([[[ 0.        ,  0.22220486,  0.26486423, ...,  0.59035617,
          0.69985421,  0.45034001],
        [-0.22220486,  0.        ,  0.04397365, ...,  0.75494833,
          0.84107561,  0.6374787 ],
        [-0.26486423, -0.04397365,  0.        , ...,  0.78305529,
          0.86404816,  0.67074236],
        ...,
        [-0.59035617, -0.75494833, -0.78305529, ...,  0.        ,
         -0.14319935,  0.163615  ],
        [-0.69985421, -0.84107561, -0.86404816, ...,  0.14319935,
          0.        ,  0.3031984 ],
        [-0.45034001, -0.6374787 , -0.67074236, ..., -0.163615  ,
         -0.3031984 ,  0.        ]],

       [[ 0.        ,  0.15321017,  0.21436285, ...,  0.64601968,
          0.62128425,  0.72573154],
        [-0.15321017,  0.        ,  0.06218334, ...,  0.52144403,
          0.4938959 ,  0.61175806],
        [-0.21436285, -0.06218334,  0.        , ...,  0.46737477,
          0.43887037,  0.56138434],
        ...,
        [-0.64601968, -0.52144403, -0.46737477, ...,  0.        ,
         -0.03197235,  0.10951862],
        [-0.62128425, -0.4938959 , -0.43887037, ...,  0.03197235,
          0.        ,  0.14124266],
        [-0.72573154, -0.61175806, -0.56138434, ..., -0.10951862,
         -0.14124266,  0.        ]],

       [[ 0.        ,  0.12521934,  0.21955485, ...,  0.5410235 ,
          0.45939327,  0.18528948],
        [-0.12521934,  0.        ,  0.09566275, ...,  0.64207554,
          0.56700137,  0.30688212],
        [-0.21955485, -0.09566275,  0.        , ...,  0.71246988,
          0.6432    ,  0.39652148],
        ...,
        [-0.5410235 , -0.64207554, -0.71246988, ...,  0.        ,
          0.09420174,  0.37582529],
        [-0.45939327, -0.56700137, -0.6432    , ..., -0.09420174,
          0.        ,  0.28685818],
        [-0.18528948, -0.30688212, -0.39652148, ..., -0.37582529,
         -0.28685818,  0.        ]],

       ...,

       [[ 0.        ,  0.02540963, -0.182985  , ...,  0.26735194,
         -0.24050074, -0.0690487 ],
        [-0.02540963,  0.        , -0.20790653, ...,  0.24278092,
         -0.26508692, -0.0943754 ],
        [ 0.182985  ,  0.20790653,  0.        , ...,  0.43916205,
         -0.05882586,  0.1146654 ],
        ...,
        [-0.26735194, -0.24278092, -0.43916205, ...,  0.        ,
         -0.49125115, -0.33324911],
        [ 0.24050074,  0.26508692,  0.05882586, ...,  0.49125115,
          0.        ,  0.17290468],
        [ 0.0690487 ,  0.0943754 , -0.1146654 , ...,  0.33324911,
         -0.17290468,  0.        ]],

       [[ 0.        , -0.00677911,  0.02484573, ...,  0.23731453,
          0.44348949,  0.31957507],
        [ 0.00677911,  0.        ,  0.03162217, ...,  0.23072363,
          0.43740333,  0.31314411],
        [-0.02484573, -0.03162217,  0.        , ...,  0.26137722,
          0.4656213 ,  0.34301925],
        ...,
        [-0.23731453, -0.23072363, -0.26137722, ...,  0.        ,
         -0.21812011, -0.08557574],
        [-0.44348949, -0.43740333, -0.4656213 , ...,  0.21812011,
          0.        ,  0.13380473],
        [-0.31957507, -0.31314411, -0.34301925, ...,  0.08557574,
         -0.13380473,  0.        ]],

       [[ 0.        ,  0.00123269,  0.00490606, ...,  0.92591796,
          0.79434112,  0.5503922 ],
        [-0.00123269,  0.        ,  0.00367338, ...,  0.92638288,
          0.79508934,  0.55142096],
        [-0.00490606, -0.00367338,  0.        , ...,  0.92775996,
          0.79731185,  0.55448168],
        ...,
        [-0.92591796, -0.92638288, -0.92775996, ...,  0.        ,
          0.26242697,  0.56515798],
        [-0.79434112, -0.79508934, -0.79731185, ..., -0.26242697,
          0.        ,  0.32885252],
        [-0.5503922 , -0.55142096, -0.55448168, ..., -0.56515798,
         -0.32885252,  0.        ]]]), 'num': array([ 3.49377440e+07,  1.47770440e+07,  3.47000000e+03,  5.81000000e+03,
        6.10000000e+03,  5.76000000e+03,  6.45846000e+05, -1.90000000e+02,
        5.91800000e+03,  5.67500000e+03,  4.57408333e+03,  4.67432950e+01,
        6.22102198e+03,  5.12897802e+03])}
{'img': array([[[ 0.        ,  0.06992841,  0.        , ...,  0.78270285,
          0.55587668,  0.7415268 ],
        [-0.06992841,  0.        , -0.06992841, ...,  0.82430993,
          0.61264492,  0.78662814],
        [ 0.        ,  0.06992841,  0.        , ...,  0.78270285,
          0.55587668,  0.7415268 ],
        ...,
        [-0.78270285, -0.82430993, -0.78270285, ...,  0.        ,
          0.30465811,  0.06361054],
        [-0.55587668, -0.61264492, -0.55587668, ..., -0.30465811,
          0.        , -0.24345451],
        [-0.7415268 , -0.78662814, -0.7415268 , ..., -0.06361054,
          0.24345451,  0.        ]],

       [[ 0.        ,  0.06977092, -0.0390223 , ...,  0.51029474,
          0.62737363,  0.46987837],
        [-0.06977092,  0.        , -0.10864499, ...,  0.4490482 ,
          0.57151284,  0.40714433],
        [ 0.0390223 ,  0.10864499,  0.        , ...,  0.54346523,
          0.65728317,  0.50396669],
        ...,
        [-0.51029474, -0.4490482 , -0.54346523, ...,  0.        ,
          0.14216516, -0.04635787],
        [-0.62737363, -0.57151284, -0.65728317, ..., -0.14216516,
          0.        , -0.18789932],
        [-0.46987837, -0.40714433, -0.50396669, ...,  0.04635787,
          0.18789932,  0.        ]],

       [[ 0.        ,  0.17966837,  0.22131044, ...,  0.52480828,
          0.32935068,  0.        ],
        [-0.17966837,  0.        ,  0.0424959 , ...,  0.66920559,
          0.49363549,  0.17966837],
        [-0.22131044, -0.0424959 ,  0.        , ...,  0.7001788 ,
          0.53014692,  0.22131044],
        ...,
        [-0.52480828, -0.66920559, -0.7001788 , ...,  0.        ,
          0.21517797,  0.52480828],
        [-0.32935068, -0.49363549, -0.53014692, ..., -0.21517797,
          0.        ,  0.32935068],
        [-0.        , -0.17966837, -0.22131044, ..., -0.52480828,
         -0.32935068,  0.        ]],

       ...,

       [[ 0.        , -0.20790653, -0.36436542, ..., -0.26508692,
         -0.0943754 , -0.44182034],
        [ 0.20790653,  0.        , -0.16278934, ..., -0.05882586,
          0.1146654 , -0.2456523 ],
        [ 0.36436542,  0.16278934,  0.        , ...,  0.10446626,
          0.27485148, -0.08457436],
        ...,
        [ 0.26508692,  0.05882586, -0.10446626, ...,  0.        ,
          0.17290468, -0.18820358],
        [ 0.0943754 , -0.1146654 , -0.27485148, ..., -0.17290468,
          0.        , -0.35518385],
        [ 0.44182034,  0.2456523 ,  0.08457436, ...,  0.18820358,
          0.35518385,  0.        ]],

       [[ 0.        ,  0.03162217, -0.02722919, ...,  0.43740333,
          0.31314411,  0.39625615],
        [-0.03162217,  0.        , -0.05882602, ...,  0.4656213 ,
          0.34301925,  0.42509156],
        [ 0.02722919,  0.05882602,  0.        , ...,  0.41275488,
          0.28716829,  0.37110902],
        ...,
        [-0.43740333, -0.4656213 , -0.41275488, ...,  0.        ,
          0.13380473,  0.04525803],
        [-0.31314411, -0.34301925, -0.28716829, ..., -0.13380473,
          0.        , -0.08881656],
        [-0.39625615, -0.42509156, -0.37110902, ..., -0.04525803,
          0.08881656,  0.        ]],

       [[ 0.        ,  0.00359224,  0.08575611, ...,  0.88895268,
          0.82801787,  0.54120636],
        [-0.00359224,  0.        ,  0.08217654, ...,  0.89059219,
          0.83002671,  0.54422355],
        [-0.08575611, -0.08217654,  0.        , ...,  0.92495414,
          0.87305118,  0.61132408],
        ...,
        [-0.88895268, -0.89059219, -0.92495414, ...,  0.        ,
          0.11920588,  0.49963925],
        [-0.82801787, -0.83002671, -0.87305118, ..., -0.11920588,
          0.        ,  0.39281646],
        [-0.54120636, -0.54422355, -0.61132408, ..., -0.49963925,
         -0.39281646,  0.        ]]]), 'num': array([3.53439670e+07, 1.05768700e+06, 5.83100000e+03, 5.88000000e+03,
       5.91000000e+03, 5.73000000e+03, 2.89612000e+05, 7.00000000e+01,
       5.86400000e+03, 5.71000000e+03, 4.61566667e+03, 5.07874016e+01,
       6.21263307e+03, 5.20736693e+03])}
{'img': array([[[ 0.        , -0.06992841, -0.06992841, ...,  0.61264492,
          0.78662814,  0.73424575],
        [ 0.06992841,  0.        ,  0.        , ...,  0.55587668,
          0.7415268 ,  0.68497507],
        [ 0.06992841,  0.        ,  0.        , ...,  0.55587668,
          0.7415268 ,  0.68497507],
        ...,
        [-0.61264492, -0.55587668, -0.55587668, ...,  0.        ,
         -0.24345451, -0.16440251],
        [-0.78662814, -0.7415268 , -0.7415268 , ...,  0.24345451,
          0.        ,  0.08068589],
        [-0.73424575, -0.68497507, -0.68497507, ...,  0.16440251,
         -0.08068589,  0.        ]],

       [[ 0.        , -0.10864499, -0.14021416, ...,  0.57151284,
          0.40714433,  0.19366943],
        [ 0.10864499,  0.        , -0.03181247, ...,  0.65728317,
          0.50396669,  0.29911102],
        [ 0.14021416,  0.03181247,  0.        , ...,  0.68092576,
          0.53118878,  0.32931567],
        ...,
        [-0.57151284, -0.65728317, -0.68092576, ...,  0.        ,
         -0.18789932, -0.4017685 ],
        [-0.40714433, -0.50396669, -0.53118878, ...,  0.18789932,
          0.        , -0.22254515],
        [-0.19366943, -0.29911102, -0.32931567, ...,  0.4017685 ,
          0.22254515,  0.        ]],

       [[ 0.        ,  0.13081914,  0.18871837, ...,  0.33065985,
          0.        ,  0.28739383],
        [-0.13081914,  0.        ,  0.05862809, ...,  0.45127881,
          0.13081914,  0.41022425],
        [-0.18871837, -0.05862809,  0.        , ...,  0.50282127,
          0.18871837,  0.46298654],
        ...,
        [-0.33065985, -0.45127881, -0.50282127, ...,  0.        ,
          0.33065985,  0.04548221],
        [-0.        , -0.13081914, -0.18871837, ..., -0.33065985,
          0.        , -0.28739383],
        [-0.28739383, -0.41022425, -0.46298654, ..., -0.04548221,
          0.28739383,  0.        ]],

       ...,

       [[ 0.        , -0.16278934, -0.54885969, ...,  0.1146654 ,
         -0.2456523 ,  0.08760721],
        [ 0.16278934,  0.        , -0.4054604 , ...,  0.27485148,
         -0.08457436,  0.24860204],
        [ 0.54885969,  0.4054604 ,  0.        , ...,  0.64108998,
          0.32669722,  0.61998151],
        ...,
        [-0.1146654 , -0.27485148, -0.64108998, ...,  0.        ,
         -0.35518385, -0.02719516],
        [ 0.2456523 ,  0.08457436, -0.32669722, ...,  0.35518385,
          0.        ,  0.32963054],
        [-0.08760721, -0.24860204, -0.61998151, ...,  0.02719516,
         -0.32963054,  0.        ]],

       [[ 0.        , -0.05882602, -0.15727643, ...,  0.34301925,
          0.42509156,  0.45360548],
        [ 0.05882602,  0.        , -0.09891016, ...,  0.28716829,
          0.37110902,  0.40039405],
        [ 0.15727643,  0.09891016,  0.        , ...,  0.19101604,
          0.27744231,  0.30779502],
        ...,
        [-0.34301925, -0.28716829, -0.19101604, ...,  0.        ,
         -0.08881656, -0.12038484],
        [-0.42509156, -0.37110902, -0.27744231, ...,  0.08881656,
          0.        , -0.03173846],
        [-0.45360548, -0.40039405, -0.30779502, ...,  0.12038484,
          0.03173846,  0.        ]],

       [[ 0.        ,  0.08060771,  0.15008835, ...,  0.89729215,
          0.8069399 ,  0.53555433],
        [-0.08060771,  0.        ,  0.06990532, ...,  0.92995552,
          0.85192365,  0.60188486],
        [-0.15008835, -0.06990532,  0.        , ...,  0.95338273,
          0.88644657,  0.65623762],
        ...,
        [-0.89729215, -0.92995552, -0.95338273, ...,  0.        ,
          0.17375757,  0.52135031],
        [-0.8069399 , -0.85192365, -0.88644657, ..., -0.17375757,
          0.        ,  0.365145  ],
        [-0.53555433, -0.60188486, -0.65623762, ..., -0.52135031,
         -0.365145  ,  0.        ]]]), 'num': array([3.55799490e+07, 6.46029000e+05, 5.90100000e+03, 5.92000000e+03,
       5.99000000e+03, 5.83000000e+03, 2.63920000e+05, 4.00000000e+01,
       5.87200000e+03, 5.75200000e+03, 4.65766667e+03, 5.42857143e+01,
       6.17035870e+03, 5.33364130e+03])}
{'img': array([[[ 0.        ,  0.        , -0.11984353, ...,  0.7415268 ,
          0.68497507,  0.64741367],
        [ 0.        ,  0.        , -0.11984353, ...,  0.7415268 ,
          0.68497507,  0.64741367],
        [ 0.11984353,  0.11984353,  0.        , ...,  0.65577665,
          0.59272433,  0.55141023],
        ...,
        [-0.7415268 , -0.7415268 , -0.65577665, ...,  0.        ,
          0.08068589,  0.13078145],
        [-0.68497507, -0.68497507, -0.59272433, ..., -0.08068589,
          0.        ,  0.05036215],
        [-0.64741367, -0.64741367, -0.55141023, ..., -0.13078145,
         -0.05036215,  0.        ]],

       [[ 0.        , -0.03181247,  0.00140743, ...,  0.50396669,
          0.29911102,  0.27908591],
        [ 0.03181247,  0.        ,  0.03321916, ...,  0.53118878,
          0.32931567,  0.3094931 ],
        [-0.00140743, -0.03321916,  0.        , ...,  0.50275056,
          0.29776773,  0.27773413],
        ...,
        [-0.50396669, -0.53118878, -0.50275056, ...,  0.        ,
         -0.22254515, -0.2428892 ],
        [-0.29911102, -0.32931567, -0.29776773, ...,  0.22254515,
          0.        , -0.02091729],
        [-0.27908591, -0.3094931 , -0.27773413, ...,  0.2428892 ,
          0.02091729,  0.        ]],

       [[ 0.        ,  0.13690239,  0.16278578, ...,  0.        ,
          0.28799989,  0.26623767],
        [-0.13690239,  0.        ,  0.02617678, ...,  0.13690239,
          0.41639013,  0.39569214],
        [-0.16278578, -0.02617678,  0.        , ...,  0.16278578,
          0.440047  ,  0.41959686],
        ...,
        [-0.        , -0.13690239, -0.16278578, ...,  0.        ,
         -0.28799989, -0.26623767],
        [-0.28799989, -0.41639013, -0.440047  , ...,  0.28799989,
          0.        ,  0.02264793],
        [-0.26623767, -0.39569214, -0.41959686, ...,  0.26623767,
         -0.02264793,  0.        ]],

       ...,

       [[ 0.        , -0.4054604 ,  0.46873662, ..., -0.08457436,
          0.24860204,  0.43612406],
        [ 0.4054604 ,  0.        ,  0.78663662, ...,  0.32669722,
          0.61998151,  0.76353486],
        [-0.46873662, -0.78663662,  0.        , ..., -0.54176496,
         -0.23442134, -0.03656484],
        ...,
        [ 0.08457436, -0.32669722,  0.54176496, ...,  0.        ,
          0.32963054,  0.51066883],
        [-0.24860204, -0.61998151,  0.23442134, ..., -0.32963054,
          0.        ,  0.19871862],
        [-0.43612406, -0.76353486,  0.03656484, ..., -0.51066883,
         -0.19871862,  0.        ]],

       [[ 0.        , -0.09891016, -0.20414355, ...,  0.37110902,
          0.40039405,  0.50374352],
        [ 0.09891016,  0.        , -0.1063153 , ...,  0.27744231,
          0.30779502,  0.41582948],
        [ 0.20414355,  0.1063153 ,  0.        , ...,  0.1737283 ,
          0.20489661,  0.3167851 ],
        ...,
        [-0.37110902, -0.27744231, -0.1737283 , ...,  0.        ,
         -0.03173846, -0.14718711],
        [-0.40039405, -0.30779502, -0.20489661, ...,  0.03173846,
          0.        , -0.11572018],
        [-0.50374352, -0.41582948, -0.3167851 , ...,  0.14718711,
          0.11572018,  0.        ]],

       [[ 0.        ,  0.06781815,  0.10015366, ...,  0.93947811,
          0.88718548,  0.58754088],
        [-0.06781815,  0.        ,  0.03244592, ...,  0.96055025,
          0.91643509,  0.64106626],
        [-0.10015366, -0.03244592,  0.        , ...,  0.96906793,
          0.9289369 ,  0.66563051],
        ...,
        [-0.93947811, -0.96055025, -0.96906793, ...,  0.        ,
          0.12952969,  0.55892374],
        [-0.88718548, -0.91643509, -0.9289369 , ..., -0.12952969,
          0.        ,  0.44680663],
        [-0.58754088, -0.64106626, -0.66563051, ..., -0.55892374,
         -0.44680663,  0.        ]]]), 'num': array([3.73605450e+07, 9.64147500e+06, 4.37900000e+03, 6.33000000e+03,
       6.35000000e+03, 5.92000000e+03, 1.33377200e+06, 4.10000000e+02,
       5.98800000e+03, 5.79400000e+03, 4.70675000e+03, 5.85185185e+01,
       6.26416593e+03, 5.32383407e+03])}
{'img': array([[[ 0.        , -0.11614892,  0.        , ...,  0.79450246,
          0.77060528,  0.11614892],
        [ 0.11614892,  0.        ,  0.11614892, ...,  0.71859242,
          0.6913665 ,  0.        ],
        [ 0.        , -0.11614892,  0.        , ...,  0.79450246,
          0.77060528,  0.11614892],
        ...,
        [-0.79450246, -0.71859242, -0.79450246, ...,  0.        ,
          0.03838804,  0.71859242],
        [-0.77060528, -0.6913665 , -0.77060528, ..., -0.03838804,
          0.        ,  0.6913665 ],
        [-0.11614892, -0.        , -0.11614892, ..., -0.71859242,
         -0.6913665 ,  0.        ]],

       [[ 0.        ,  0.03321916,  0.08473942, ...,  0.32931567,
          0.3094931 ,  0.75955436],
        [-0.03321916,  0.        ,  0.05159298, ...,  0.29776773,
          0.27773413,  0.73752796],
        [-0.08473942, -0.05159298,  0.        , ...,  0.24811853,
          0.22780104,  0.70170413],
        ...,
        [-0.32931567, -0.29776773, -0.24811853, ...,  0.        ,
         -0.02091729,  0.50298499],
        [-0.3094931 , -0.27773413, -0.22780104, ...,  0.02091729,
          0.        ,  0.52095365],
        [-0.75955436, -0.73752796, -0.70170413, ..., -0.50298499,
         -0.52095365,  0.        ]],

       [[ 0.        ,  0.08750394,  0.08750394, ...,  0.42568482,
          0.41238686,  0.        ],
        [-0.08750394,  0.        ,  0.        , ...,  0.50323179,
          0.49052188,  0.08750394],
        [-0.08750394,  0.        ,  0.        , ...,  0.50323179,
          0.49052188,  0.08750394],
        ...,
        [-0.42568482, -0.50323179, -0.50323179, ...,  0.        ,
          0.01464551,  0.42568482],
        [-0.41238686, -0.49052188, -0.49052188, ..., -0.01464551,
          0.        ,  0.41238686],
        [-0.        , -0.08750394, -0.08750394, ..., -0.42568482,
         -0.41238686,  0.        ]],

       ...,

       [[ 0.        ,  0.78663662,  0.81895797, ...,  0.61998151,
          0.76353486,  0.87848797],
        [-0.78663662,  0.        ,  0.05422378, ..., -0.23442134,
         -0.03656484,  0.16656572],
        [-0.81895797, -0.05422378,  0.        , ..., -0.28678931,
         -0.09069856,  0.11285438],
        ...,
        [-0.61998151,  0.23442134,  0.28678931, ...,  0.        ,
          0.19871862,  0.39307094],
        [-0.76353486,  0.03656484,  0.09069856, ..., -0.19871862,
          0.        ,  0.20250837],
        [-0.87848797, -0.16656572, -0.11285438, ..., -0.39307094,
         -0.20250837,  0.        ]],

       [[ 0.        , -0.10590155, -0.03177593, ...,  0.36869584,
          0.4558716 ,  0.10590155],
        [ 0.10590155,  0.        ,  0.07425082, ...,  0.26818173,
          0.35905086,  0.        ],
        [ 0.03177593, -0.07425082,  0.        , ...,  0.33897233,
          0.42735936,  0.07425082],
        ...,
        [-0.36869584, -0.26818173, -0.33897233, ...,  0.        ,
         -0.0955994 ,  0.26818173],
        [-0.4558716 , -0.35905086, -0.42735936, ...,  0.0955994 ,
          0.        ,  0.35905086],
        [-0.10590155, -0.        , -0.07425082, ..., -0.26818173,
         -0.35905086,  0.        ]],

       [[ 0.        ,  0.03244592,  0.03509403, ...,  0.91643509,
          0.64106626,  0.73380686],
        [-0.03244592,  0.        ,  0.00264961, ...,  0.9289369 ,
          0.66563051,  0.7554629 ],
        [-0.03509403, -0.00264961,  0.        , ...,  0.92991463,
          0.66760553,  0.75719625],
        ...,
        [-0.91643509, -0.9289369 , -0.92991463, ...,  0.        ,
          0.44680663,  0.32893035],
        [-0.64106626, -0.66563051, -0.66760553, ..., -0.44680663,
          0.        , -0.12767256],
        [-0.73380686, -0.7554629 , -0.75719625, ..., -0.32893035,
          0.12767256,  0.        ]]]), 'num': array([ 3.68409670e+07,  2.23059670e+07,  2.37500000e+03,  6.12000000e+03,
        6.36000000e+03,  6.10000000e+03,  6.73550000e+05, -2.10000000e+02,
        6.01200000e+03,  5.80950000e+03,  4.75233333e+03,  6.14785992e+01,
        6.30072195e+03,  5.31827805e+03])}
{'img': array([[[ 0.00000000e+00,  1.16148916e-01,  2.16370455e-01, ...,
          6.91366500e-01,  0.00000000e+00,  5.13870081e-01],
        [-1.16148916e-01,  0.00000000e+00,  1.01508516e-01, ...,
          7.70605284e-01,  1.16148916e-01,  6.10032551e-01],
        [-2.16370455e-01, -1.01508516e-01,  0.00000000e+00, ...,
          8.31317521e-01,  2.16370455e-01,  6.87314479e-01],
        ...,
        [-6.91366500e-01, -7.70605284e-01, -8.31317521e-01, ...,
          0.00000000e+00,  6.91366500e-01,  2.21827904e-01],
        [-0.00000000e+00, -1.16148916e-01, -2.16370455e-01, ...,
         -6.91366500e-01,  0.00000000e+00, -5.13870081e-01],
        [-5.13870081e-01, -6.10032551e-01, -6.87314479e-01, ...,
         -2.21827904e-01,  5.13870081e-01,  0.00000000e+00]],

       [[ 0.00000000e+00,  5.15929761e-02, -6.05405878e-02, ...,
          2.77734130e-01,  7.37527962e-01,  5.15167032e-01],
        [-5.15929761e-02,  0.00000000e+00, -1.11958301e-01, ...,
          2.27801039e-01,  7.01704126e-01,  4.70261117e-01],
        [ 6.05405878e-02,  1.11958301e-01,  0.00000000e+00, ...,
          3.35383491e-01,  7.77059205e-01,  5.66110800e-01],
        ...,
        [-2.77734130e-01, -2.27801039e-01, -3.35383491e-01, ...,
          0.00000000e+00,  5.20953654e-01,  2.56856229e-01],
        [-7.37527962e-01, -7.01704126e-01, -7.77059205e-01, ...,
         -5.20953654e-01,  0.00000000e+00, -2.84226848e-01],
        [-5.15167032e-01, -4.70261117e-01, -5.66110800e-01, ...,
         -2.56856229e-01,  2.84226848e-01,  0.00000000e+00]],

       [[ 0.00000000e+00,  0.00000000e+00,  5.51737099e-02, ...,
          4.49313900e-01,  1.90324431e-01,  0.00000000e+00],
        [ 0.00000000e+00,  0.00000000e+00,  5.51737099e-02, ...,
          4.49313900e-01,  1.90324431e-01,  0.00000000e+00],
        [-5.51737099e-02, -5.51737099e-02,  0.00000000e+00, ...,
          4.97920247e-01,  2.44199727e-01,  5.51737099e-02],
        ...,
        [-4.49313900e-01, -4.49313900e-01, -4.97920247e-01, ...,
          0.00000000e+00,  2.71070113e-01,  4.49313900e-01],
        [-1.90324431e-01, -1.90324431e-01, -2.44199727e-01, ...,
         -2.71070113e-01,  0.00000000e+00,  1.90324431e-01],
        [-0.00000000e+00, -0.00000000e+00, -5.51737099e-02, ...,
         -4.49313900e-01, -1.90324431e-01,  0.00000000e+00]],

       ...,

       [[ 0.00000000e+00,  5.83273800e-02,  5.88920954e-01, ...,
         -3.96364917e-02,  1.77718195e-01,  3.09656397e-01],
        [-5.83273800e-02,  0.00000000e+00,  5.40778679e-01, ...,
         -9.78505553e-02,  1.20016740e-01,  2.53668707e-01],
        [-5.88920954e-01, -5.40778679e-01,  0.00000000e+00, ...,
         -6.20492001e-01, -4.35915987e-01, -3.09713218e-01],
        ...,
        [ 3.96364917e-02,  9.78505553e-02,  6.20492001e-01, ...,
          0.00000000e+00,  2.16584073e-01,  3.47101358e-01],
        [-1.77718195e-01, -1.20016740e-01,  4.35915987e-01, ...,
         -2.16584073e-01,  0.00000000e+00,  1.35744024e-01],
        [-3.09656397e-01, -2.53668707e-01,  3.09713218e-01, ...,
         -3.47101358e-01, -1.35744024e-01,  0.00000000e+00]],

       [[ 0.00000000e+00,  7.37737646e-02,  1.17961491e-01, ...,
          4.17839083e-01,  2.25047537e-01,  0.00000000e+00],
        [-7.37737646e-02,  0.00000000e+00,  4.43813575e-02, ...,
          4.83725491e-01,  2.96315587e-01,  7.37737646e-02],
        [-1.17961491e-01, -4.43813575e-02,  0.00000000e+00, ...,
          5.22092299e-01,  3.38411810e-01,  1.17961491e-01],
        ...,
        [-4.17839083e-01, -4.83725491e-01, -5.22092299e-01, ...,
          0.00000000e+00,  2.02660160e-01,  4.17839083e-01],
        [-2.25047537e-01, -2.96315587e-01, -3.38411810e-01, ...,
         -2.02660160e-01,  0.00000000e+00,  2.25047537e-01],
        [-0.00000000e+00, -7.37737646e-02, -1.17961491e-01, ...,
         -4.17839083e-01, -2.25047537e-01,  0.00000000e+00]],

       [[ 0.00000000e+00,  2.64961414e-03,  1.94156865e-03, ...,
          6.65630508e-01,  7.55462902e-01,  7.76211157e-01],
        [-2.64961414e-03,  0.00000000e+00, -7.08047313e-04, ...,
          6.67605529e-01,  7.57196255e-01,  7.77878942e-01],
        [-1.94156865e-03,  7.08047313e-04,  0.00000000e+00, ...,
          6.67078210e-01,  7.56733577e-01,  7.77433800e-01],
        ...,
        [-6.65630508e-01, -6.67605529e-01, -6.67078210e-01, ...,
          0.00000000e+00, -1.27672561e-01, -1.59609918e-01],
        [-7.55462902e-01, -7.57196255e-01, -7.56733577e-01, ...,
          1.27672561e-01,  0.00000000e+00, -3.22679103e-02],
        [-7.76211157e-01, -7.77878942e-01, -7.77433800e-01, ...,
          1.59609918e-01,  3.22679103e-02,  0.00000000e+00]]]), 'num': array([ 3.56348040e+07,  2.60040000e+04,  6.01500000e+03,  5.92000000e+03,
        6.14000000e+03,  5.83000000e+03,  8.82119000e+05, -2.00000000e+02,
        6.03400000e+03,  5.80850000e+03,  4.79475000e+03,  5.60885609e+01,
        6.29873566e+03,  5.31826434e+03])}
{'img': array([[[ 0.00000000e+00,  1.83487349e-01,  2.00828157e-01, ...,
          0.00000000e+00,  5.14674924e-01,  6.92349857e-01],
        [-1.83487349e-01,  0.00000000e+00,  1.76694441e-02, ...,
          1.83487349e-01,  6.63256184e-01,  8.12992683e-01],
        [-2.00828157e-01, -1.76694441e-02,  0.00000000e+00, ...,
          2.00828157e-01,  6.76376317e-01,  8.23154218e-01],
        ...,
        [-0.00000000e+00, -1.83487349e-01, -2.00828157e-01, ...,
          0.00000000e+00, -5.14674924e-01, -6.92349857e-01],
        [-5.14674924e-01, -6.63256184e-01, -6.76376317e-01, ...,
          5.14674924e-01,  0.00000000e+00, -2.22240806e-01],
        [-6.92349857e-01, -8.12992683e-01, -8.23154218e-01, ...,
          6.92349857e-01,  2.22240806e-01,  0.00000000e+00]],

       [[ 0.00000000e+00, -1.11958301e-01, -3.45543263e-02, ...,
          7.01704126e-01,  4.70261117e-01,  5.56672527e-01],
        [ 1.11958301e-01,  0.00000000e+00,  7.75543614e-02, ...,
          7.77059205e-01,  5.66110800e-01,  6.46180020e-01],
        [ 3.45543263e-02, -7.75543614e-02,  0.00000000e+00, ...,
          7.25903951e-01,  5.00475424e-01,  5.85045479e-01],
        ...,
        [-7.01704126e-01, -7.77059205e-01, -7.25903951e-01, ...,
          0.00000000e+00, -2.84226848e-01, -1.86316467e-01],
        [-4.70261117e-01, -5.66110800e-01, -5.00475424e-01, ...,
          2.84226848e-01,  0.00000000e+00,  1.00617747e-01],
        [-5.56672527e-01, -6.46180020e-01, -5.85045479e-01, ...,
          1.86316467e-01, -1.00617747e-01,  0.00000000e+00]],

       [[ 0.00000000e+00,  5.49442099e-02,  1.09763759e-01, ...,
          2.61303109e-01,  1.81539325e-01,  0.00000000e+00],
        [-5.49442099e-02,  0.00000000e+00,  5.49857321e-02, ...,
          3.13943663e-01,  2.35296336e-01,  5.49442099e-02],
        [-1.09763759e-01, -5.49857321e-02,  0.00000000e+00, ...,
          3.65674453e-01,  2.88382301e-01,  1.09763759e-01],
        ...,
        [-2.61303109e-01, -3.13943663e-01, -3.65674453e-01, ...,
          0.00000000e+00,  8.17291469e-02,  2.61303109e-01],
        [-1.81539325e-01, -2.35296336e-01, -2.88382301e-01, ...,
         -8.17291469e-02,  0.00000000e+00,  1.81539325e-01],
        [-0.00000000e+00, -5.49442099e-02, -1.09763759e-01, ...,
         -2.61303109e-01, -1.81539325e-01,  0.00000000e+00]],

       ...,

       [[ 0.00000000e+00,  5.40778679e-01,  8.30127824e-01, ...,
          1.20016740e-01,  2.53668707e-01, -4.67393863e-04],
        [-5.40778679e-01,  0.00000000e+00,  3.96750742e-01, ...,
         -4.35915987e-01, -3.09713218e-01, -5.41171775e-01],
        [-8.30127824e-01, -3.96750742e-01,  0.00000000e+00, ...,
         -7.57209440e-01, -6.61536450e-01, -8.30388339e-01],
        ...,
        [-1.20016740e-01,  4.35915987e-01,  7.57209440e-01, ...,
          0.00000000e+00,  1.35744024e-01, -1.20480743e-01],
        [-2.53668707e-01,  3.09713218e-01,  6.61536450e-01, ...,
         -1.35744024e-01,  0.00000000e+00, -2.54120785e-01],
        [ 4.67393863e-04,  5.41171775e-01,  8.30388339e-01, ...,
          1.20480743e-01,  2.54120785e-01,  0.00000000e+00]],

       [[ 0.00000000e+00,  9.22340009e-02,  1.03408734e-01, ...,
          2.25199011e-01,  0.00000000e+00,  5.28157671e-02],
        [-9.22340009e-02,  0.00000000e+00,  1.12284107e-02, ...,
          3.14103835e-01,  9.22340009e-02,  1.44695900e-01],
        [-1.03408734e-01, -1.12284107e-02,  0.00000000e+00, ...,
          3.24744159e-01,  1.03408734e-01,  1.55797023e-01],
        ...,
        [-2.25199011e-01, -3.14103835e-01, -3.24744159e-01, ...,
          0.00000000e+00,  2.25199011e-01,  1.73425617e-01],
        [-0.00000000e+00, -9.22340009e-02, -1.03408734e-01, ...,
         -2.25199011e-01,  0.00000000e+00, -5.28157671e-02],
        [-5.28157671e-02, -1.44695900e-01, -1.55797023e-01, ...,
         -1.73425617e-01,  5.28157671e-02,  0.00000000e+00]],

       [[ 0.00000000e+00, -7.08047313e-04, -1.41280004e-03, ...,
          7.57196255e-01,  7.77878942e-01,  7.77923979e-01],
        [ 7.08047313e-04,  0.00000000e+00, -7.04753084e-04, ...,
          7.56733577e-01,  7.77433800e-01,  7.77478877e-01],
        [ 1.41280004e-03,  7.04753084e-04,  0.00000000e+00, ...,
          7.56272676e-01,  7.76990342e-01,  7.77035458e-01],
        ...,
        [-7.57196255e-01, -7.56733577e-01, -7.56272676e-01, ...,
          0.00000000e+00, -3.22679103e-02, -3.23395432e-02],
        [-7.77878942e-01, -7.77433800e-01, -7.76990342e-01, ...,
          3.22679103e-02,  0.00000000e+00, -7.16703499e-05],
        [-7.77923979e-01, -7.77478877e-01, -7.77035458e-01, ...,
          3.23395432e-02,  7.16703499e-05,  0.00000000e+00]]]), 'num': array([ 3.52738440e+07,  2.00840000e+04,  6.01600000e+03,  5.86000000e+03,
        5.92000000e+03,  5.77000000e+03,  2.45431000e+05, -6.00000000e+01,
        6.03000000e+03,  5.80250000e+03,  4.83600000e+03,  5.48736462e+01,
        6.28709777e+03,  5.31790223e+03])}
{'img': array([[[ 0.00000000e+00,  1.76694441e-02, -1.83487349e-01, ...,
          6.63256184e-01,  8.12992683e-01,  8.44940823e-01],
        [-1.76694441e-02,  0.00000000e+00, -2.00828157e-01, ...,
          6.76376317e-01,  8.23154218e-01,  8.54259589e-01],
        [ 1.83487349e-01,  2.00828157e-01,  0.00000000e+00, ...,
          5.14674924e-01,  6.92349857e-01,  7.32455471e-01],
        ...,
        [-6.63256184e-01, -6.76376317e-01, -5.14674924e-01, ...,
          0.00000000e+00, -2.22240806e-01, -2.77598248e-01],
        [-8.12992683e-01, -8.23154218e-01, -6.92349857e-01, ...,
          2.22240806e-01,  0.00000000e+00, -5.71498854e-02],
        [-8.44940823e-01, -8.54259589e-01, -7.32455471e-01, ...,
          2.77598248e-01,  5.71498854e-02,  0.00000000e+00]],

       [[ 0.00000000e+00,  7.75543614e-02, -3.17608889e-02, ...,
          5.66110800e-01,  6.46180020e-01,  3.20483754e-01],
        [-7.75543614e-02,  0.00000000e+00, -1.09180464e-01, ...,
          5.00475424e-01,  5.85045479e-01,  2.46054817e-01],
        [ 3.17608889e-02,  1.09180464e-01,  0.00000000e+00, ...,
          5.92006622e-01,  6.70093454e-01,  3.50407698e-01],
        ...,
        [-5.66110800e-01, -5.00475424e-01, -5.92006622e-01, ...,
          0.00000000e+00,  1.00617747e-01, -2.72066624e-01],
        [-6.46180020e-01, -5.85045479e-01, -6.70093454e-01, ...,
         -1.00617747e-01,  0.00000000e+00, -3.67508215e-01],
        [-3.20483754e-01, -2.46054817e-01, -3.50407698e-01, ...,
          2.72066624e-01,  3.67508215e-01,  0.00000000e+00]],

       [[ 0.00000000e+00,  9.51300543e-02,  9.51300543e-02, ...,
          1.81607346e-01,  0.00000000e+00,  7.77027802e-02],
        [-9.51300543e-02,  0.00000000e+00,  0.00000000e+00, ...,
          2.74331878e-01,  9.51300543e-02,  1.72192822e-01],
        [-9.51300543e-02,  0.00000000e+00,  0.00000000e+00, ...,
          2.74331878e-01,  9.51300543e-02,  1.72192822e-01],
        ...,
        [-1.81607346e-01, -2.74331878e-01, -2.74331878e-01, ...,
          0.00000000e+00,  1.81607346e-01,  1.04647598e-01],
        [-0.00000000e+00, -9.51300543e-02, -9.51300543e-02, ...,
         -1.81607346e-01,  0.00000000e+00, -7.77027802e-02],
        [-7.77027802e-02, -1.72192822e-01, -1.72192822e-01, ...,
         -1.04647598e-01,  7.77027802e-02,  0.00000000e+00]],

       ...,

       [[ 0.00000000e+00,  3.96750742e-01,  1.27767006e-02, ...,
         -3.09713218e-01, -5.41171775e-01, -5.94491111e-01],
        [-3.96750742e-01,  0.00000000e+00, -3.84990287e-01, ...,
         -6.61536450e-01, -8.30388339e-01, -8.64727214e-01],
        [-1.27767006e-02,  3.84990287e-01,  0.00000000e+00, ...,
         -3.21836408e-01, -5.51871684e-01, -6.04716358e-01],
        ...,
        [ 3.09713218e-01,  6.61536450e-01,  3.21836408e-01, ...,
          0.00000000e+00, -2.54120785e-01, -3.16218919e-01],
        [ 5.41171775e-01,  8.30388339e-01,  5.51871684e-01, ...,
          2.54120785e-01,  0.00000000e+00, -6.47573452e-02],
        [ 5.94491111e-01,  8.64727214e-01,  6.04716358e-01, ...,
          3.16218919e-01,  6.47573452e-02,  0.00000000e+00]],

       [[ 0.00000000e+00,  1.56711770e-02, -2.55549877e-02, ...,
          6.23518437e-02,  1.15008284e-01,  1.99605922e-01],
        [-1.56711770e-02,  0.00000000e+00, -4.12179086e-02, ...,
          7.79848714e-02,  1.30561352e-01,  2.14937225e-01],
        [ 2.55549877e-02,  4.12179086e-02,  0.00000000e+00, ...,
          3.68262171e-02,  8.95853056e-02,  1.74500009e-01],
        ...,
        [-6.23518437e-02, -7.79848714e-02, -3.68262171e-02, ...,
          0.00000000e+00, -5.28463939e-02, -1.38120444e-01],
        [-1.15008284e-01, -1.30561352e-01, -8.95853056e-02, ...,
          5.28463939e-02,  0.00000000e+00, -8.55875574e-02],
        [-1.99605922e-01, -2.14937225e-01, -1.74500009e-01, ...,
          1.38120444e-01,  8.55875574e-02,  0.00000000e+00]],

       [[ 0.00000000e+00, -7.04753084e-04,  3.77253494e-04, ...,
          7.77433800e-01,  7.77478877e-01,  7.78660710e-01],
        [ 7.04753084e-04,  0.00000000e+00,  1.08200643e-03, ...,
          7.76990342e-01,  7.77035458e-01,  7.78218323e-01],
        [-3.77253494e-04, -1.08200643e-03,  0.00000000e+00, ...,
          7.77671024e-01,  7.77716079e-01,  7.78897361e-01],
        ...,
        [-7.77433800e-01, -7.76990342e-01, -7.77671024e-01, ...,
          0.00000000e+00, -7.16703499e-05, -1.95303849e-03],
        [-7.77478877e-01, -7.77035458e-01, -7.77716079e-01, ...,
          7.16703499e-05,  0.00000000e+00, -1.88136827e-03],
        [-7.78660710e-01, -7.78218323e-01, -7.78897361e-01, ...,
          1.95303849e-03,  1.88136827e-03,  0.00000000e+00]]]), 'num': array([ 3.52136840e+07,  2.00840000e+04,  6.01600000e+03,  5.85000000e+03,
        5.96000000e+03,  5.71000000e+03,  2.15232000e+05, -1.00000000e+01,
        6.01600000e+03,  5.80300000e+03,  4.87666667e+03,  5.75757576e+01,
        6.28777211e+03,  5.31822789e+03])}
{'img': array([[[ 0.00000000e+00, -2.00828157e-01,  3.14091187e-02, ...,
          8.23154218e-01,  8.54259589e-01,  8.59022498e-01],
        [ 2.00828157e-01,  0.00000000e+00,  2.31498276e-01, ...,
