state_0,state_1,state_2,state_3,state_4,state_5,state_6,state_7,state_8,state_9,state_10,state_11,state_12,state_13,state_14,state_15,state_16,state_17,state_18,state_19,state_20,state_21,state_22,state_23,state_24,state_25,state_26,state_27,state_28,state_29,state_30,state_31,state_32,state_33,state_34,state_35,state_36,state_37,state_38,state_39,state_40,state_41,state_42,state_43,state_44,state_45,state_46,state_47,state_48,state_49,state_50,state_51,state_52,state_53,state_54,state_55,state_56,state_57,state_58,state_59,state_60,state_61,state_62,state_63,state_64,state_65,state_66,state_67,state_68,state_69,state_70,state_71,state_72,state_73,state_74,state_75,state_76,state_77
{'img': array([[[ 0.        , -0.45741993, -0.35310099, ...,  0.83130405,
          0.85923676,  0.65315771],
        [ 0.45741993,  0.        ,  0.11395997, ...,  0.99348   ,
          0.99808302,  0.92718941],
        [ 0.35310099, -0.11395997,  0.        , ...,  0.97401564,
          0.98452796,  0.8784605 ],
        ...,
        [-0.83130405, -0.99348   , -0.97401564, ...,  0.        ,
          0.05230223, -0.26644486],
        [-0.85923676, -0.99808302, -0.98452796, ..., -0.05230223,
          0.        , -0.31649169],
        [-0.65315771, -0.92718941, -0.8784605 , ...,  0.26644486,
          0.31649169,  0.        ]],

       [[ 0.        , -0.3427907 , -0.5151343 , ..., -0.09663807,
         -0.5674041 , -0.01964494],
        [ 0.3427907 ,  0.        , -0.19011408, ...,  0.25040336,
         -0.25075871,  0.32426986],
        [ 0.5151343 ,  0.19011408,  0.        , ...,  0.42989386,
         -0.06214551,  0.49819703],
        ...,
        [ 0.09663807, -0.25040336, -0.42989386, ...,  0.        ,
         -0.48517282,  0.07706643],
        [ 0.5674041 ,  0.25075871,  0.06214551, ...,  0.48517282,
          0.        ,  0.55111819],
        [ 0.01964494, -0.32426986, -0.49819703, ..., -0.07706643,
         -0.55111819,  0.        ]],

       [[ 0.        , -0.2745332 , -0.60572395, ...,  0.72448055,
          0.74679969,  0.71509906],
        [ 0.2745332 ,  0.        , -0.36401143, ...,  0.88587871,
          0.90068391,  0.87952831],
        [ 0.60572395,  0.36401143,  0.        , ...,  0.9939736 ,
          0.99704588,  0.9924014 ],
        ...,
        [-0.72448055, -0.88587871, -0.9939736 , ...,  0.        ,
          0.03295038, -0.01351427],
        [-0.74679969, -0.90068391, -0.99704588, ..., -0.03295038,
          0.        , -0.04645431],
        [-0.71509906, -0.87952831, -0.9924014 , ...,  0.01351427,
          0.04645431,  0.        ]],

       ...,

       [[ 0.        , -0.21334723, -0.1070203 , ...,  0.35576777,
          0.25489715,  0.06367483],
        [ 0.21334723,  0.        ,  0.10756563, ...,  0.54696558,
          0.45532849,  0.27512309],
        [ 0.1070203 , -0.10756563,  0.        , ...,  0.45374297,
          0.35691846,  0.17011226],
        ...,
        [-0.35576777, -0.54696558, -0.45374297, ...,  0.        ,
         -0.10579576, -0.29553694],
        [-0.25489715, -0.45532849, -0.35691846, ...,  0.10579576,
          0.        , -0.19280835],
        [-0.06367483, -0.27512309, -0.17011226, ...,  0.29553694,
          0.19280835,  0.        ]],

       [[ 0.        , -0.08238632, -0.12562933, ...,  0.69292929,
          0.67532765,  0.70745123],
        [ 0.08238632,  0.        , -0.04346865, ...,  0.74997464,
          0.73379323,  0.76327376],
        [ 0.12562933,  0.04346865,  0.        , ...,  0.77801882,
          0.76263107,  0.79063632],
        ...,
        [-0.69292929, -0.74997464, -0.77801882, ...,  0.        ,
         -0.02413273,  0.02034005],
        [-0.67532765, -0.73379323, -0.76263107, ...,  0.02413273,
          0.        ,  0.04446187],
        [-0.70745123, -0.76327376, -0.79063632, ..., -0.02034005,
         -0.04446187,  0.        ]],

       [[ 0.        , -0.13949024, -0.28563384, ...,  0.79564977,
          0.78414321,  0.72303635],
        [ 0.13949024,  0.        , -0.14916241, ...,  0.87236823,
          0.86304183,  0.81232879],
        [ 0.28563384,  0.14916241,  0.        , ...,  0.93552674,
          0.92873351,  0.89023251],
        ...,
        [-0.79564977, -0.87236823, -0.93552674, ...,  0.        ,
         -0.01876409, -0.11165854],
        [-0.78414321, -0.86304183, -0.92873351, ...,  0.01876409,
          0.        , -0.09299213],
        [-0.72303635, -0.81232879, -0.89023251, ...,  0.11165854,
          0.09299213,  0.        ]]]), 'num': array([ 6.63854050e+08,  9.25000000e+03,  6.61200000e+03,  1.00400000e+05,
        1.02400000e+05,  9.99000000e+04,  5.09080000e+04, -5.00000000e+02,
        1.03580000e+05,  1.06970000e+05,  1.08556667e+05,  2.72727273e+01,
        1.13688958e+05,  1.00251042e+05])}
{'img': array([[[ 0.        ,  0.11395997,  0.57580143, ...,  0.99808302,
          0.92718941,  0.91335412],
        [-0.11395997,  0.        ,  0.47887779, ...,  0.98452796,
          0.8784605 ,  0.86100329],
        [-0.57580143, -0.47887779,  0.        , ...,  0.78038636,
          0.54236931,  0.51230197],
        ...,
        [-0.99808302, -0.98452796, -0.78038636, ...,  0.        ,
         -0.31649169, -0.34985879],
        [-0.92718941, -0.8784605 , -0.54236931, ...,  0.31649169,
          0.        , -0.03538421],
        [-0.91335412, -0.86100329, -0.51230197, ...,  0.34985879,
          0.03538421,  0.        ]],

       [[ 0.        , -0.19011408,  0.09164578, ..., -0.25075871,
          0.32426986,  0.12385349],
        [ 0.19011408,  0.        ,  0.27928837, ..., -0.06214551,
          0.49819703,  0.31024496],
        [-0.09164578, -0.27928837,  0.        , ..., -0.3384211 ,
          0.23621156,  0.03239212],
        ...,
        [ 0.25075871,  0.06214551,  0.3384211 , ...,  0.        ,
          0.55111819,  0.36872433],
        [-0.32426986, -0.49819703, -0.23621156, ..., -0.55111819,
          0.        , -0.20461213],
        [-0.12385349, -0.31024496, -0.03239212, ..., -0.36872433,
          0.20461213,  0.        ]],

       [[ 0.        , -0.36401143, -0.15306845, ...,  0.90068391,
          0.87952831,  0.83527923],
        [ 0.36401143,  0.        ,  0.21715466, ...,  0.99704588,
          0.9924014 ,  0.97811741],
        [ 0.15306845, -0.21715466,  0.        , ...,  0.95657429,
          0.94200068,  0.90959697],
        ...,
        [-0.90068391, -0.99704588, -0.95657429, ...,  0.        ,
         -0.04645431, -0.13231149],
        [-0.87952831, -0.9924014 , -0.94200068, ...,  0.04645431,
          0.        , -0.08612276],
        [-0.83527923, -0.97811741, -0.90959697, ...,  0.13231149,
          0.08612276,  0.        ]],

       ...,

       [[ 0.        ,  0.10756563,  0.43439708, ...,  0.45532849,
          0.27512309, -0.21940223],
        [-0.10756563,  0.        ,  0.33499003, ...,  0.35691846,
          0.17011226, -0.32307399],
        [-0.43439708, -0.33499003,  0.        , ...,  0.02337021,
         -0.16982399, -0.62143307],
        ...,
        [-0.45532849, -0.35691846, -0.02337021, ...,  0.        ,
         -0.19280835, -0.63957314],
        [-0.27512309, -0.17011226,  0.16982399, ...,  0.19280835,
          0.        , -0.47935486],
        [ 0.21940223,  0.32307399,  0.62143307, ...,  0.63957314,
          0.47935486,  0.        ]],

       [[ 0.        , -0.04346865, -0.06882806, ...,  0.73379323,
          0.76327376,  0.78553297],
        [ 0.04346865,  0.        , -0.02539743, ...,  0.76263107,
          0.79063632,  0.81168975],
        [ 0.06882806,  0.02539743,  0.        , ...,  0.77881298,
          0.80593179,  0.82626228],
        ...,
        [-0.73379323, -0.76263107, -0.77881298, ...,  0.        ,
          0.04446187,  0.07958401],
        [-0.76327376, -0.79063632, -0.80593179, ..., -0.04446187,
          0.        ,  0.03518447],
        [-0.78553297, -0.81168975, -0.82626228, ..., -0.07958401,
         -0.03518447,  0.        ]],

       [[ 0.        , -0.14916241, -0.23149435, ...,  0.86304183,
          0.81232879,  0.77395773],
        [ 0.14916241,  0.        , -0.08379395, ...,  0.92873351,
          0.89023251,  0.85975444],
        [ 0.23149435,  0.08379395,  0.        , ...,  0.95653369,
          0.92527034,  0.89952498],
        ...,
        [-0.86304183, -0.92873351, -0.95653369, ...,  0.        ,
         -0.09299213, -0.15555908],
        [-0.81232879, -0.89023251, -0.92527034, ...,  0.09299213,
          0.        , -0.06302491],
        [-0.77395773, -0.85975444, -0.89952498, ...,  0.15555908,
          0.06302491,  0.        ]]]), 'num': array([6.13104040e+07, 4.99536040e+07, 1.12000000e+02, 1.01400000e+05,
       1.01400000e+05, 9.91000000e+04, 3.85510000e+04, 1.00000000e+03,
       1.02660000e+05, 1.06845000e+05, 1.08725000e+05, 3.11475410e+01,
       1.13873649e+05, 9.98163515e+04])}
{'img': array([[[ 0.        ,  0.56727357,  0.84006635, ...,  0.92536187,
          0.9112902 ,  0.93808497],
        [-0.56727357,  0.        ,  0.38408271, ...,  0.54701783,
          0.51689105,  0.57603403],
        [-0.84006635, -0.38408271,  0.        , ...,  0.18353717,
          0.14845037,  0.21789239],
        ...,
        [-0.92536187, -0.54701783, -0.18353717, ...,  0.        ,
         -0.03557494,  0.03506372],
        [-0.9112902 , -0.51689105, -0.14845037, ...,  0.03557494,
          0.        ,  0.07059459],
        [-0.93808497, -0.57603403, -0.21789239, ..., -0.03506372,
         -0.07059459,  0.        ]],

       [[ 0.        ,  0.27928837,  0.86047877, ...,  0.49819703,
          0.31024496,  0.04295715],
        [-0.27928837,  0.        ,  0.68394437, ...,  0.23621156,
          0.03239212, -0.23778279],
        [-0.86047877, -0.68394437,  0.        , ..., -0.49226547,
         -0.65995431, -0.83779839],
        ...,
        [-0.49819703, -0.23621156,  0.49226547, ...,  0.        ,
         -0.20461213, -0.46049056],
        [-0.31024496, -0.03239212,  0.65995431, ...,  0.20461213,
          0.        , -0.26912107],
        [-0.04295715,  0.23778279,  0.83779839, ...,  0.46049056,
          0.26912107,  0.        ]],

       [[ 0.        ,  0.21715466,  0.31439706, ...,  0.9924014 ,
          0.97811741,  0.9609681 ],
        [-0.21715466,  0.        ,  0.10075158, ...,  0.94200068,
          0.90959697,  0.87795888],
        [-0.31439706, -0.10075158,  0.        , ...,  0.90339409,
          0.86310714,  0.82525808],
        ...,
        [-0.9924014 , -0.94200068, -0.90339409, ...,  0.        ,
         -0.08612276, -0.15631706],
        [-0.97811741, -0.90959697, -0.86310714, ...,  0.08612276,
          0.        , -0.07067223],
        [-0.9609681 , -0.87795888, -0.82525808, ...,  0.15631706,
          0.07067223,  0.        ]],

       ...,

       [[ 0.        ,  0.33499003,  0.54532107, ...,  0.17011226,
         -0.32307399, -0.02924156],
        [-0.33499003,  0.        ,  0.23301555, ..., -0.16982399,
         -0.62143307, -0.36239881],
        [-0.54532107, -0.23301555,  0.        , ..., -0.39478011,
         -0.78688695, -0.56959895],
        ...,
        [-0.17011226,  0.16982399,  0.39478011, ...,  0.        ,
         -0.47935486, -0.19885487],
        [ 0.32307399,  0.62143307,  0.78688695, ...,  0.47935486,
          0.        ,  0.29526239],
        [ 0.02924156,  0.36239881,  0.56959895, ...,  0.19885487,
         -0.29526239,  0.        ]],

       [[ 0.        , -0.02539743, -0.05610896, ...,  0.79063632,
          0.81168975,  0.82364105],
        [ 0.02539743,  0.        , -0.03073344, ...,  0.80593179,
          0.82626228,  0.83777855],
        [ 0.05610896,  0.03073344,  0.        , ...,  0.82374553,
          0.84318367,  0.85416356],
        ...,
        [-0.79063632, -0.80593179, -0.82374553, ...,  0.        ,
          0.03518447,  0.055925  ],
        [-0.81168975, -0.82626228, -0.84318367, ..., -0.03518447,
          0.        ,  0.02076097],
        [-0.82364105, -0.83777855, -0.85416356, ..., -0.055925  ,
         -0.02076097,  0.        ]],

       [[ 0.        , -0.08379395, -0.09295617, ...,  0.89023251,
          0.85975444,  0.83554399],
        [ 0.08379395,  0.        , -0.00919811, ...,  0.92527034,
          0.89952498,  0.87864383],
        [ 0.09295617,  0.00919811,  0.        , ...,  0.92872012,
          0.9035053 ,  0.88299856],
        ...,
        [-0.89023251, -0.92527034, -0.92872012, ...,  0.        ,
         -0.06302491, -0.10851909],
        [-0.85975444, -0.89952498, -0.9035053 , ...,  0.06302491,
          0.        , -0.04565064],
        [-0.83554399, -0.87864383, -0.88299856, ...,  0.10851909,
          0.04565064,  0.        ]]]), 'num': array([ 6.09598320e+07,  3.60598320e+07,  2.49000000e+02,  1.00000000e+05,
        1.01700000e+05,  9.98000000e+04,  3.95240000e+04, -1.40000000e+03,
        1.01680000e+05,  1.06235000e+05,  1.08868333e+05,  3.10204082e+01,
        1.13414770e+05,  9.90552298e+04])}
{'img': array([[[ 0.        ,  0.72213105,  0.80637993, ...,  0.83622461,
          0.87906468,  0.8167011 ],
        [-0.72213105,  0.        ,  0.13075162, ...,  0.18245626,
          0.26385682,  0.14824449],
        [-0.80637993, -0.13075162,  0.        , ...,  0.05233309,
          0.13547363,  0.01766492],
        ...,
        [-0.83622461, -0.18245626, -0.05233309, ...,  0.        ,
          0.08343736, -0.03468421],
        [-0.87906468, -0.26385682, -0.13547363, ..., -0.08343736,
          0.        , -0.11795042],
        [-0.8167011 , -0.14824449, -0.01766492, ...,  0.03468421,
          0.11795042,  0.        ]],

       [[ 0.        ,  0.68394437,  0.23464666, ...,  0.03239212,
         -0.23778279, -0.21212831],
        [-0.68394437,  0.        , -0.49366639, ..., -0.65995431,
         -0.83779839, -0.82313389],
        [-0.23464666,  0.49366639,  0.        , ..., -0.20303577,
         -0.45906068, -0.43551237],
        ...,
        [-0.03239212,  0.65995431,  0.20303577, ...,  0.        ,
         -0.26912107, -0.24367192],
        [ 0.23778279,  0.83779839,  0.45906068, ...,  0.26912107,
          0.        ,  0.02632717],
        [ 0.21212831,  0.82313389,  0.43551237, ...,  0.24367192,
         -0.02632717,  0.        ]],

       [[ 0.        ,  0.23151981,  0.49271864, ...,  0.97490038,
          0.95639527,  0.93060001],
        [-0.23151981,  0.        ,  0.27786565, ...,  0.8968666 ,
          0.86278894,  0.82057079],
        [-0.49271864, -0.27786565,  0.        , ...,  0.73864765,
          0.68833331,  0.62944398],
        ...,
        [-0.97490038, -0.8968666 , -0.73864765, ...,  0.        ,
         -0.0718112 , -0.14966014],
        [-0.95639527, -0.86278894, -0.68833331, ...,  0.0718112 ,
          0.        , -0.07827132],
        [-0.93060001, -0.82057079, -0.62944398, ...,  0.14966014,
          0.07827132,  0.        ]],

       ...,

       [[ 0.        ,  0.23301555,  0.49134891, ..., -0.62143307,
         -0.36239881, -0.36947244],
        [-0.23301555,  0.        ,  0.27487567, ..., -0.78688695,
         -0.56959895, -0.57582974],
        [-0.49134891, -0.27487567,  0.        , ..., -0.92620089,
         -0.77358444, -0.77837865],
        ...,
        [ 0.62143307,  0.78688695,  0.92620089, ...,  0.        ,
          0.29526239,  0.28799196],
        [ 0.36239881,  0.56959895,  0.77358444, ..., -0.29526239,
          0.        , -0.00760077],
        [ 0.36947244,  0.57582974,  0.77837865, ..., -0.28799196,
          0.00760077,  0.        ]],

       [[ 0.        , -0.03073344, -0.22424945, ...,  0.82626228,
          0.83777855,  0.80845107],
        [ 0.03073344,  0.        , -0.19419281, ...,  0.84318367,
          0.85416356,  0.82615775],
        [ 0.22424945,  0.19419281,  0.        , ...,  0.93153533,
          0.9388843 ,  0.91984627],
        ...,
        [-0.82626228, -0.84318367, -0.93153533, ...,  0.        ,
          0.02076097, -0.0309189 ],
        [-0.83777855, -0.85416356, -0.9388843 , ..., -0.02076097,
          0.        , -0.05166328],
        [-0.80845107, -0.82615775, -0.91984627, ...,  0.0309189 ,
          0.05166328,  0.        ]],

       [[ 0.        , -0.00919811,  0.01709849, ...,  0.89952498,
          0.87864383,  0.83822037],
        [ 0.00919811,  0.        ,  0.02629454, ...,  0.9035053 ,
          0.88299856,  0.84320093],
        [-0.01709849, -0.02629454,  0.        , ...,  0.89192368,
          0.87035124,  0.82877348],
        ...,
        [-0.89952498, -0.9035053 , -0.89192368, ...,  0.        ,
         -0.04565064, -0.12434668],
        [-0.87864383, -0.88299856, -0.87035124, ...,  0.04565064,
          0.        , -0.07892071],
        [-0.83822037, -0.84320093, -0.82877348, ...,  0.12434668,
          0.07892071,  0.        ]]]), 'num': array([ 5.91519670e+07,  2.92588670e+07,  3.17000000e+02,  9.43000000e+04,
        9.81000000e+04,  9.37000000e+04,  1.14575000e+05, -5.70000000e+03,
        9.94000000e+04,  1.05515000e+05,  1.08871667e+05,  2.46666667e+01,
        1.14275656e+05,  9.67543436e+04])}
{'img': array([[[ 0.        ,  0.13345794,  0.29221632, ...,  0.26856628,
          0.15125316, -0.7102286 ],
        [-0.13345794,  0.        ,  0.1619695 , ...,  0.13760896,
          0.01797761, -0.79782577],
        [-0.29221632, -0.1619695 ,  0.        , ..., -0.02463669,
         -0.14420309, -0.88494057],
        ...,
        [-0.26856628, -0.13760896,  0.02463669, ...,  0.        ,
         -0.11978014, -0.87319856],
        [-0.15125316, -0.01797761,  0.14420309, ...,  0.11978014,
          0.        , -0.80853532],
        [ 0.7102286 ,  0.79782577,  0.88494057, ...,  0.87319856,
          0.80853532,  0.        ]],

       [[ 0.        , -0.49366639, -0.14396337, ..., -0.83779839,
         -0.82313389,  0.16101305],
        [ 0.49366639,  0.        ,  0.36332593, ..., -0.45906068,
         -0.43551237,  0.62725039],
        [ 0.14396337, -0.36332593,  0.        , ..., -0.75046998,
         -0.7328101 ,  0.30142076],
        ...,
        [ 0.83779839,  0.45906068,  0.75046998, ...,  0.        ,
          0.02632717,  0.91477689],
        [ 0.82313389,  0.43551237,  0.7328101 , ..., -0.02632717,
          0.        ,  0.9038247 ],
        [-0.16101305, -0.62725039, -0.30142076, ..., -0.91477689,
         -0.9038247 ,  0.        ]],

       [[ 0.        ,  0.44416519,  0.67610876, ...,  0.95077896,
          0.9229788 ,  0.82896796],
        [-0.44416519,  0.        ,  0.27849448, ...,  0.71421213,
          0.65600083,  0.49428977],
        [-0.67610876, -0.27849448,  0.        , ...,  0.49102991,
          0.41985147,  0.23264012],
        ...,
        [-0.95077896, -0.71421213, -0.49102991, ...,  0.        ,
         -0.07990467, -0.27489472],
        [-0.9229788 , -0.65600083, -0.41985147, ...,  0.07990467,
          0.        , -0.19718945],
        [-0.82896796, -0.49428977, -0.23264012, ...,  0.27489472,
          0.19718945,  0.        ]],

       ...,

       [[ 0.        ,  0.26780089,  0.24402012, ..., -0.54131193,
         -0.54702899, -0.94512432],
        [-0.26780089,  0.        , -0.02459821, ..., -0.74671297,
         -0.75122815, -0.99809644],
        [-0.24402012,  0.02459821,  0.        , ..., -0.73012562,
         -0.73476497, -0.99627741],
        ...,
        [ 0.54131193,  0.74671297,  0.73012562, ...,  0.        ,
         -0.00681431, -0.61782867],
        [ 0.54702899,  0.75122815,  0.73476497, ...,  0.00681431,
          0.        , -0.61245615],
        [ 0.94512432,  0.99809644,  0.99627741, ...,  0.61782867,
          0.61245615,  0.        ]],

       [[ 0.        , -0.19419281, -0.29598641, ...,  0.85416356,
          0.82615775,  0.87671747],
        [ 0.19419281,  0.        , -0.10486039, ...,  0.9388843 ,
          0.91984627,  0.95343558],
        [ 0.29598641,  0.10486039,  0.        , ...,  0.96980458,
          0.95590965,  0.9798048 ],
        ...,
        [-0.85416356, -0.9388843 , -0.96980458, ...,  0.        ,
         -0.05166328,  0.04503943],
        [-0.82615775, -0.91984627, -0.95590965, ...,  0.05166328,
          0.        ,  0.09659014],
        [-0.87671747, -0.95343558, -0.9798048 , ..., -0.04503943,
         -0.09659014,  0.        ]],

       [[ 0.        ,  0.02629454,  0.03635727, ...,  0.88299856,
          0.84320093,  0.69399978],
        [-0.02629454,  0.        ,  0.01006755, ...,  0.87035124,
          0.82877348,  0.6748284 ],
        [-0.03635727, -0.01006755,  0.        , ...,  0.86534955,
          0.82309784,  0.66736461],
        ...,
        [-0.88299856, -0.87035124, -0.86534955, ...,  0.        ,
         -0.07892071, -0.30999045],
        [-0.84320093, -0.82877348, -0.82309784, ...,  0.07892071,
          0.        , -0.23399051],
        [-0.69399978, -0.6748284 , -0.66736461, ...,  0.30999045,
          0.23399051,  0.        ]]]), 'num': array([5.92230180e+07, 2.53920180e+07, 3.58000000e+02, 9.45000000e+04,
       9.45000000e+04, 9.13000000e+04, 7.50700000e+04, 2.00000000e+02,
       9.81200000e+04, 1.04710000e+05, 1.08806667e+05, 2.23367698e+01,
       1.14366687e+05, 9.50533132e+04])}
{'img': array([[[ 0.        ,  0.1619695 ,  0.28533153, ...,  0.01797761,
         -0.79782577, -0.68421833],
        [-0.1619695 ,  0.        ,  0.1263277 , ..., -0.14420309,
         -0.88494057, -0.79330442],
        [-0.28533153, -0.1263277 ,  0.        , ..., -0.26805516,
         -0.93668224, -0.86386039],
        ...,
        [-0.01797761,  0.14420309,  0.26805516, ...,  0.        ,
         -0.80853532, -0.69721841],
        [ 0.79782577,  0.88494057,  0.93668224, ...,  0.80853532,
          0.        ,  0.16932909],
        [ 0.68421833,  0.79330442,  0.86386039, ...,  0.69721841,
         -0.16932909,  0.        ]],

       [[ 0.        ,  0.36332593,  0.37486991, ..., -0.43551237,
          0.62725039,  0.17203509],
        [-0.36332593,  0.        ,  0.01242082, ..., -0.7328101 ,
          0.30142076, -0.19763046],
        [-0.37486991, -0.01242082,  0.        , ..., -0.74120511,
          0.28955437, -0.20979105],
        ...,
        [ 0.43551237,  0.7328101 ,  0.74120511, ...,  0.        ,
          0.9038247 ,  0.58388226],
        [-0.62725039, -0.30142076, -0.28955437, ..., -0.9038247 ,
          0.        , -0.48391463],
        [-0.17203509,  0.19763046,  0.20979105, ..., -0.58388226,
          0.48391463,  0.        ]],

       [[ 0.        ,  0.5545916 ,  0.76834802, ...,  0.88747517,
          0.76428814,  0.66349128],
        [-0.5545916 ,  0.        ,  0.28440328, ...,  0.48290161,
          0.27833929,  0.13716956],
        [-0.76834802, -0.28440328,  0.        , ...,  0.21391533,
         -0.00631926, -0.15020987],
        ...,
        [-0.88747517, -0.48290161, -0.21391533, ...,  0.        ,
         -0.22008405, -0.35822112],
        [-0.76428814, -0.27833929,  0.00631926, ...,  0.22008405,
          0.        , -0.1439593 ],
        [-0.66349128, -0.13716956,  0.15020987, ...,  0.35822112,
          0.1439593 ,  0.        ]],

       ...,

       [[ 0.        , -0.02363745,  0.08146404, ..., -0.70864634,
         -0.91733201, -0.99974906],
        [ 0.02363745,  0.        ,  0.10500017, ..., -0.69177061,
         -0.90766509, -0.99894022],
        [-0.08146404, -0.10500017,  0.        , ..., -0.76376908,
         -0.94671577, -0.99825108],
        ...,
        [ 0.70864634,  0.69177061,  0.76376908, ...,  0.        ,
         -0.36510786, -0.6895122 ],
        [ 0.91733201,  0.90766509,  0.94671577, ...,  0.36510786,
          0.        , -0.37747372],
        [ 0.99974906,  0.99894022,  0.99825108, ...,  0.6895122 ,
          0.37747372,  0.        ]],

       [[ 0.        , -0.10486039, -0.24798123, ...,  0.91984627,
          0.95343558,  0.9564573 ],
        [ 0.10486039,  0.        , -0.14502904, ...,  0.95590965,
          0.9798048 ,  0.98179015],
        [ 0.24798123,  0.14502904,  0.        , ...,  0.98839256,
          0.9984452 ,  0.99896105],
        ...,
        [-0.91984627, -0.95590965, -0.98839256, ...,  0.        ,
          0.09659014,  0.1067205 ],
        [-0.95343558, -0.9798048 , -0.9984452 , ..., -0.09659014,
          0.        ,  0.01018298],
        [-0.9564573 , -0.98179015, -0.99896105, ..., -0.1067205 ,
         -0.01018298,  0.        ]],

       [[ 0.        ,  0.01006755,  0.01692008, ...,  0.82877348,
          0.6748284 ,  0.53344294],
        [-0.01006755,  0.        ,  0.00685312, ...,  0.82309784,
          0.66736461,  0.52490042],
        [-0.01692008, -0.00685312,  0.        , ...,  0.81918663,
          0.66224521,  0.51905497],
        ...,
        [-0.82877348, -0.82309784, -0.81918663, ...,  0.        ,
         -0.23399051, -0.40250023],
        [-0.6748284 , -0.66736461, -0.66224521, ...,  0.23399051,
          0.        , -0.1771268 ],
        [-0.53344294, -0.52490042, -0.51905497, ...,  0.40250023,
          0.1771268 ,  0.        ]]]), 'num': array([ 5.78751560e+07,  2.28401560e+07,  3.85000000e+02,  9.10000000e+04,
        9.48000000e+04,  9.01000000e+04,  9.95590000e+04, -3.50000000e+03,
        9.62400000e+04,  1.03820000e+05,  1.08660000e+05,  2.38970588e+01,
        1.14970354e+05,  9.26696457e+04])}
{'img': array([[[ 0.        ,  0.10670318,  0.19716186, ..., -0.55738624,
         -0.5401255 , -0.95084168],
        [-0.10670318,  0.        ,  0.09142755, ..., -0.64279475,
         -0.62684162, -0.97845681],
        [-0.19716186, -0.09142755,  0.        , ..., -0.71013957,
         -0.69545171, -0.99323414],
        ...,
        [ 0.55738624,  0.64279475,  0.71013957, ...,  0.        ,
          0.02064662, -0.61682953],
        [ 0.5401255 ,  0.62684162,  0.69545171, ..., -0.02064662,
          0.        , -0.63294893],
        [ 0.95084168,  0.97845681,  0.99323414, ...,  0.61682953,
          0.63294893,  0.        ]],

       [[ 0.        ,  0.01242082,  0.08782987, ...,  0.30142076,
         -0.19763046,  0.11948448],
        [-0.01242082,  0.        ,  0.07545028, ...,  0.28955437,
         -0.20979105,  0.10714342],
        [-0.08782987, -0.07545028,  0.        , ...,  0.21651091,
         -0.28296428,  0.03182206],
        ...,
        [-0.30142076, -0.28955437, -0.21651091, ...,  0.        ,
         -0.48391463, -0.185334  ],
        [ 0.19763046,  0.20979105,  0.28296428, ...,  0.48391463,
          0.        ,  0.31334249],
        [-0.11948448, -0.10714342, -0.03182206, ...,  0.185334  ,
         -0.31334249,  0.        ]],

       [[ 0.        ,  0.36869599,  0.57513019, ...,  0.36176352,
          0.19172963, -0.37100188],
        [-0.36869599,  0.        ,  0.23299615, ..., -0.00744688,
         -0.18363358, -0.68724775],
        [-0.57513019, -0.23299615,  0.        , ..., -0.24023161,
         -0.40761355, -0.83758687],
        ...,
        [-0.36176352,  0.00744688,  0.24023161, ...,  0.        ,
         -0.17630825, -0.68181911],
        [-0.19172963,  0.18363358,  0.40761355, ...,  0.17630825,
          0.        , -0.54216526],
        [ 0.37100188,  0.68724775,  0.83758687, ...,  0.68181911,
          0.54216526,  0.        ]],

       ...,

       [[ 0.        ,  0.10500017,  0.08308982, ..., -0.90766509,
         -0.99894022, -0.93514226],
        [-0.10500017,  0.        , -0.02200657, ..., -0.94671577,
         -0.99825108, -0.96717165],
        [-0.08308982,  0.02200657,  0.        , ..., -0.93939884,
         -0.99931028, -0.96134503],
        ...,
        [ 0.90766509,  0.94671577,  0.93939884, ...,  0.        ,
         -0.37747372, -0.07091401],
        [ 0.99894022,  0.99825108,  0.99931028, ...,  0.37747372,
          0.        ,  0.31085559],
        [ 0.93514226,  0.96717165,  0.96134503, ...,  0.07091401,
         -0.31085559,  0.        ]],

       [[ 0.        , -0.14502904,  0.16948558, ...,  0.9798048 ,
          0.98179015,  0.99236258],
        [ 0.14502904,  0.        ,  0.31062453, ...,  0.9984452 ,
          0.99896105,  0.99976082],
        [-0.16948558, -0.31062453,  0.        , ...,  0.93173991,
          0.93538931,  0.95709881],
        ...,
        [-0.9798048 , -0.9984452 , -0.93173991, ...,  0.        ,
          0.01018298,  0.07756522],
        [-0.98179015, -0.99896105, -0.93538931, ..., -0.01018298,
          0.        ,  0.06740889],
        [-0.99236258, -0.99976082, -0.95709881, ..., -0.07756522,
         -0.06740889,  0.        ]],

       [[ 0.        ,  0.00685312, -0.02471837, ...,  0.66736461,
          0.52490042,  0.2799422 ],
        [-0.00685312,  0.        , -0.03156882, ...,  0.66224521,
          0.51905497,  0.27335652],
        [ 0.02471837,  0.03156882,  0.        , ...,  0.68556924,
          0.54577942,  0.30358672],
        ...,
        [-0.66736461, -0.66224521, -0.68556924, ...,  0.        ,
         -0.1771268 , -0.43219959],
        [-0.52490042, -0.51905497, -0.54577942, ...,  0.1771268 ,
          0.        , -0.26563662],
        [-0.2799422 , -0.27335652, -0.30358672, ...,  0.43219959,
          0.26563662,  0.        ]]]), 'num': array([5.81597720e+07, 2.08378720e+07, 4.07000000e+02, 9.17000000e+04,
       9.45000000e+04, 9.10000000e+04, 8.25270000e+04, 7.00000000e+02,
       9.43000000e+04, 1.02835000e+05, 1.08493333e+05, 2.03846154e+01,
       1.14596679e+05, 9.10733207e+04])}
{'img': array([[[ 0.        ,  0.09142755,  0.22535081, ..., -0.62684162,
         -0.97845681, -0.87292658],
        [-0.09142755,  0.        ,  0.13533117, ..., -0.69545171,
         -0.99323414, -0.91387361],
        [-0.22535081, -0.13533117,  0.        , ..., -0.78629915,
         -0.99981268, -0.96041065],
        ...,
        [ 0.62684162,  0.69545171,  0.78629915, ...,  0.        ,
         -0.63294893, -0.37433218],
        [ 0.97845681,  0.99323414,  0.99981268, ...,  0.63294893,
          0.        ,  0.29712462],
        [ 0.87292658,  0.91387361,  0.96041065, ...,  0.37433218,
         -0.29712462,  0.        ]],

       [[ 0.        ,  0.07545028, -0.09092097, ..., -0.20979105,
          0.10714342, -0.11047646],
        [-0.07545028,  0.        , -0.16579958, ..., -0.28296428,
          0.03182206, -0.18514998],
        [ 0.09092097,  0.16579958,  0.        , ..., -0.12002448,
          0.19709724, -0.01965446],
        ...,
        [ 0.20979105,  0.28296428,  0.12002448, ...,  0.        ,
          0.31334249,  0.10048892],
        [-0.10714342, -0.03182206, -0.19709724, ..., -0.31334249,
          0.        , -0.21632808],
        [ 0.11047646,  0.18514998,  0.01965446, ..., -0.10048892,
          0.21632808,  0.        ]],

       [[ 0.        ,  0.19310458,  0.32971126, ..., -0.13793977,
         -0.36575396, -0.80374313],
        [-0.19310458,  0.        ,  0.14119896, ..., -0.32660211,
         -0.53859448, -0.9035079 ],
        [-0.32971126, -0.14119896,  0.        , ..., -0.45678585,
         -0.65216775, -0.95496971],
        ...,
        [ 0.13793977,  0.32660211,  0.45678585, ...,  0.        ,
         -0.23387544, -0.71398893],
        [ 0.36575396,  0.53859448,  0.65216775, ...,  0.23387544,
          0.        , -0.53043805],
        [ 0.80374313,  0.9035079 ,  0.95496971, ...,  0.71398893,
          0.53043805,  0.        ]],

       ...,

       [[ 0.        , -0.02138343,  0.0605946 , ..., -0.96612945,
         -0.92795002, -0.99617324],
        [ 0.02138343,  0.        ,  0.08192488, ..., -0.96039038,
         -0.91976814, -0.99781439],
        [-0.0605946 , -0.08192488,  0.        , ..., -0.97999106,
         -0.94882876, -0.98904672],
        ...,
        [ 0.96612945,  0.96039038,  0.97999106, ...,  0.        ,
          0.12061611, -0.34151077],
        [ 0.92795002,  0.91976814,  0.94882876, ..., -0.12061611,
          0.        , -0.45238189],
        [ 0.99617324,  0.99781439,  0.98904672, ...,  0.34151077,
          0.45238189,  0.        ]],

       [[ 0.        ,  0.31062453,  0.55236048, ...,  0.99896105,
          0.99976082,  0.99980243],
        [-0.31062453,  0.        ,  0.26609842, ...,  0.93538931,
          0.95709881,  0.94417059],
        [-0.55236048, -0.26609842,  0.        , ...,  0.80756703,
          0.8454863 ,  0.82246135],
        ...,
        [-0.99896105, -0.93538931, -0.80756703, ...,  0.        ,
          0.06740889,  0.02570671],
        [-0.99976082, -0.95709881, -0.8454863 , ..., -0.06740889,
          0.        , -0.04173838],
        [-0.99980243, -0.94417059, -0.82246135, ..., -0.02570671,
          0.04173838,  0.        ]],

       [[ 0.        , -0.03156882, -0.10899541, ...,  0.51905497,
          0.27335652,  0.06881243],
        [ 0.03156882,  0.        , -0.07756035, ...,  0.54577942,
          0.30358672,  0.10027211],
        [ 0.10899541,  0.07756035,  0.        , ...,  0.6091254 ,
          0.37657201,  0.17713951],
        ...,
        [-0.51905497, -0.54577942, -0.6091254 , ...,  0.        ,
         -0.26563662, -0.45900781],
        [-0.27335652, -0.30358672, -0.37657201, ...,  0.26563662,
          0.        , -0.20651701],
        [-0.06881243, -0.10027211, -0.17713951, ...,  0.45900781,
          0.20651701,  0.        ]]]), 'num': array([ 5.76498460e+07,  3.31970460e+07,  2.72000000e+02,  8.99000000e+04,
        9.09000000e+04,  8.83000000e+04,  5.23300000e+04, -1.80000000e+03,
        9.22800000e+04,  1.01800000e+05,  1.08270000e+05,  2.19008264e+01,
        1.14268200e+05,  8.93318005e+04])}
{'img': array([[[ 0.        ,  0.13057097,  0.1614623 , ..., -0.90029905,
         -0.84931789, -0.99696261],
        [-0.13057097,  0.        ,  0.03122228, ..., -0.94942543,
         -0.91097288, -0.99859666],
        [-0.1614623 , -0.03122228,  0.        , ..., -0.95876612,
         -0.92340689, -0.99645629],
        ...,
        [ 0.90029905,  0.94942543,  0.95876612, ...,  0.        ,
          0.10556722, -0.36383305],
        [ 0.84931789,  0.91097288,  0.92340689, ..., -0.10556722,
          0.        , -0.4601321 ],
        [ 0.99696261,  0.99859666,  0.99645629, ...,  0.36383305,
          0.4601321 ,  0.        ]],

       [[ 0.        , -0.16579958,  0.26539084, ...,  0.03182206,
         -0.18514998, -0.59585918],
        [ 0.16579958,  0.        ,  0.42157185, ...,  0.19709724,
         -0.01965446, -0.45446037],
        [-0.26539084, -0.42157185,  0.        , ..., -0.23457548,
         -0.43931298, -0.78762466],
        ...,
        [-0.03182206, -0.19709724,  0.23457548, ...,  0.        ,
         -0.21632808, -0.62111336],
        [ 0.18514998,  0.01965446,  0.43931298, ...,  0.21632808,
          0.        , -0.43686504],
        [ 0.59585918,  0.45446037,  0.78762466, ...,  0.62111336,
          0.43686504,  0.        ]],

       [[ 0.        ,  0.12638856,  0.23486016, ..., -0.44643045,
         -0.63831761, -0.94618154],
        [-0.12638856,  0.        ,  0.11012341, ..., -0.55594523,
         -0.73048934, -0.97949786],
        [-0.23486016, -0.11012341,  0.        , ..., -0.6441006 ,
         -0.80125237, -0.99572534],
        ...,
        [ 0.44643045,  0.55594523,  0.6441006 , ...,  0.        ,
         -0.22752816, -0.70217946],
        [ 0.63831761,  0.73048934,  0.80125237, ...,  0.22752816,
          0.        , -0.5217623 ],
        [ 0.94618154,  0.97949786,  0.99572534, ...,  0.70217946,
          0.5217623 ,  0.        ]],

       ...,

       [[ 0.        ,  0.08192488,  0.16637209, ..., -0.91976814,
         -0.99781439, -0.97117714],
        [-0.08192488,  0.        ,  0.08502974, ..., -0.94882876,
         -0.98904672, -0.98744006],
        [-0.16637209, -0.08502974,  0.        , ..., -0.97224413,
         -0.97291417, -0.99729815],
        ...,
        [ 0.91976814,  0.94882876,  0.97224413, ...,  0.        ,
         -0.45238189, -0.16191538],
        [ 0.99781439,  0.98904672,  0.97291417, ...,  0.45238189,
          0.        ,  0.30201248],
        [ 0.97117714,  0.98744006,  0.99729815, ...,  0.16191538,
         -0.30201248,  0.        ]],

       [[ 0.        ,  0.47477486,  0.64052916, ...,  0.99999569,
          0.99895328,  0.99651858],
        [-0.47477486,  0.        ,  0.19913869, ...,  0.87870959,
          0.85746885,  0.8374608 ],
        [-0.64052916, -0.19913869,  0.        , ...,  0.76605   ,
          0.73783088,  0.71185879],
        ...,
        [-0.99999569, -0.87870959, -0.76605   , ...,  0.        ,
         -0.04280908, -0.08044495],
        [-0.99895328, -0.85746885, -0.73783088, ...,  0.04280908,
          0.        , -0.03770087],
        [-0.99651858, -0.8374608 , -0.71185879, ...,  0.08044495,
          0.03770087,  0.        ]],

       [[ 0.        , -0.07756035, -0.15667004, ...,  0.30358672,
          0.10027211, -0.19194514],
        [ 0.07756035,  0.        , -0.07959554, ...,  0.37657201,
          0.17713951, -0.11524877],
        [ 0.15667004,  0.07959554,  0.        , ...,  0.44911354,
          0.25491429, -0.03581795],
        ...,
        [-0.30358672, -0.37657201, -0.44911354, ...,  0.        ,
         -0.20651701, -0.48082779],
        [-0.10027211, -0.17713951, -0.25491429, ...,  0.20651701,
          0.        , -0.28938537],
        [ 0.19194514,  0.11524877,  0.03581795, ...,  0.48082779,
          0.28938537,  0.        ]]]), 'num': array([ 5.65949780e+07,  2.70829780e+07,  3.40000000e+02,  8.68000000e+04,
        9.08000000e+04,  8.56000000e+04,  7.27920000e+04, -3.10000000e+03,
        9.07800000e+04,  1.00675000e+05,  1.07971667e+05,  1.79104478e+01,
        1.14244948e+05,  8.71050516e+04])}
{'img': array([[[ 0.        ,  0.0287338 ,  0.11563119, ..., -0.80925765,
         -0.89345708, -0.99065885],
        [-0.0287338 ,  0.        ,  0.08704238, ..., -0.82580329,
         -0.90599392, -0.98633156],
        [-0.11563119, -0.08704238,  0.        , ..., -0.87175732,
         -0.93939955, -0.96824584],
        ...,
        [ 0.80925765,  0.82580329,  0.87175732, ...,  0.        ,
         -0.16138791, -0.69231969],
        [ 0.89345708,  0.90599392,  0.93939955, ...,  0.16138791,
          0.        , -0.56678806],
        [ 0.99065885,  0.98633156,  0.96824584, ...,  0.69231969,
          0.56678806,  0.        ]],

       [[ 0.        ,  0.42157185,  0.12527347, ..., -0.01965446,
         -0.45446037, -0.15144504],
        [-0.42157185,  0.        , -0.30465345, ..., -0.43931298,
         -0.78762466, -0.55403891],
        [-0.12527347,  0.30465345,  0.        , ..., -0.1447489 ,
         -0.56246971, -0.27408052],
        ...,
        [ 0.01965446,  0.43931298,  0.1447489 , ...,  0.        ,
         -0.43686504, -0.13198803],
        [ 0.45446037,  0.78762466,  0.56246971, ...,  0.43686504,
          0.        ,  0.31431624],
        [ 0.15144504,  0.55403891,  0.27408052, ...,  0.13198803,
         -0.31431624,  0.        ]],

       [[ 0.        ,  0.10370836,  0.20050545, ..., -0.65886887,
         -0.82610325, -0.99024877],
        [-0.10370836,  0.        ,  0.09782196, ..., -0.73333151,
         -0.88009031, -0.99935675],
        [-0.20050545, -0.09782196,  0.        , ..., -0.79632074,
         -0.92231582, -0.99807186],
        ...,
        [ 0.65886887,  0.73333151,  0.79632074, ...,  0.        ,
         -0.25015764, -0.65313513],
        [ 0.82610325,  0.88009031,  0.92231582, ...,  0.25015764,
          0.        , -0.44293905],
        [ 0.99024877,  0.99935675,  0.99807186, ...,  0.65313513,
          0.44293905,  0.        ]],

       ...,

       [[ 0.        ,  0.08243551,  0.42114058, ..., -0.97892242,
         -0.95182356, -0.98386966],
        [-0.08243551,  0.        ,  0.34493856, ..., -0.99242657,
         -0.97386247, -0.96577433],
        [-0.42114058, -0.34493856,  0.        , ..., -0.97388868,
         -0.99244074, -0.81702873],
        ...,
        [ 0.97892242,  0.99242657,  0.97388868, ...,  0.        ,
          0.10578962, -0.37605443],
        [ 0.95182356,  0.97386247,  0.99244074, ..., -0.10578962,
          0.        , -0.47196862],
        [ 0.98386966,  0.96577433,  0.81702873, ...,  0.37605443,
          0.47196862,  0.        ]],

       [[ 0.        ,  0.47372399,  0.71275665, ...,  0.99365986,
          0.98831017,  0.98786893],
        [-0.47372399,  0.        ,  0.29543039, ...,  0.82182987,
          0.79815611,  0.79642529],
        [-0.71275665, -0.29543039,  0.        , ...,  0.61683046,
