state_0,state_1,state_2,state_3,state_4,state_5,state_6,state_7,state_8,state_9,state_10,state_11,state_12,state_13,state_14,state_15,state_16,state_17,state_18,state_19,state_20,state_21,state_22,state_23,state_24,state_25,state_26,state_27,state_28,state_29,state_30,state_31,state_32,state_33,state_34,state_35,state_36,state_37,state_38,state_39,state_40,state_41,state_42,state_43,state_44,state_45,state_46,state_47,state_48,state_49,state_50,state_51,state_52,state_53,state_54,state_55,state_56,state_57,state_58,state_59,state_60,state_61,state_62,state_63,state_64,state_65,state_66,state_67,state_68,state_69,state_70,state_71,state_72,state_73,state_74,state_75,state_76,state_77
{'img': array([[[ 0.        , -0.12890822, -0.15816776, ...,  0.55113615,
          0.55113615,  0.37878027],
        [ 0.12890822,  0.        , -0.02956254, ...,  0.65410075,
          0.65410075,  0.49492276],
        [ 0.15816776,  0.02956254,  0.        , ...,  0.67617619,
          0.67617619,  0.52039443],
        ...,
        [-0.55113615, -0.65410075, -0.67617619, ...,  0.        ,
          0.        , -0.19400907],
        [-0.55113615, -0.65410075, -0.67617619, ...,  0.        ,
          0.        , -0.19400907],
        [-0.37878027, -0.49492276, -0.52039443, ...,  0.19400907,
          0.19400907,  0.        ]],

       [[ 0.        ,  0.20285364,  0.05502634, ...,  0.96122438,
          0.74012306,  0.55908238],
        [-0.20285364,  0.        , -0.14866401, ...,  0.88529919,
          0.58832193,  0.37927012],
        [-0.05502634,  0.14866401,  0.        , ...,  0.94459356,
          0.70199806,  0.51261231],
        ...,
        [-0.96122438, -0.88529919, -0.94459356, ...,  0.        ,
         -0.44229409, -0.64278604],
        [-0.74012306, -0.58832193, -0.70199806, ...,  0.44229409,
          0.        , -0.23767806],
        [-0.55908238, -0.37927012, -0.51261231, ...,  0.64278604,
          0.23767806,  0.        ]],

       [[ 0.        , -0.05217306, -0.1135565 , ...,  0.88729236,
          0.82598916,  0.71353519],
        [ 0.05217306,  0.        , -0.06156626, ...,  0.91014652,
          0.85427343,  0.74911686],
        [ 0.1135565 ,  0.06156626,  0.        , ...,  0.93392604,
          0.88465649,  0.78847961],
        ...,
        [-0.88729236, -0.91014652, -0.93392604, ...,  0.        ,
         -0.11920196, -0.29256651],
        [-0.82598916, -0.85427343, -0.88465649, ...,  0.11920196,
          0.        , -0.17649422],
        [-0.71353519, -0.74911686, -0.78847961, ...,  0.29256651,
          0.17649422,  0.        ]],

       ...,

       [[ 0.        , -0.59897137, -0.10194486, ...,  0.57576014,
          0.58011775,  0.44008963],
        [ 0.59897137,  0.        ,  0.51421633, ...,  0.95078187,
          0.95242287,  0.89025942],
        [ 0.10194486, -0.51421633,  0.        , ...,  0.65611248,
          0.66013278,  0.52933857],
        ...,
        [-0.57576014, -0.95078187, -0.65611248, ...,  0.        ,
          0.00533967, -0.15718054],
        [-0.58011775, -0.95242287, -0.66013278, ..., -0.00533967,
          0.        , -0.1624516 ],
        [-0.44008963, -0.89025942, -0.52933857, ...,  0.15718054,
          0.1624516 ,  0.        ]],

       [[ 0.        , -0.00987222, -0.01115533, ...,  0.98082944,
          0.95916873,  0.97042922],
        [ 0.00987222,  0.        , -0.00128319, ...,  0.98270542,
          0.96191419,  0.97276495],
        [ 0.01115533,  0.00128319,  0.        , ...,  0.98294223,
          0.96226416,  0.97306158],
        ...,
        [-0.98082944, -0.98270542, -0.98294223, ...,  0.        ,
         -0.0905009 , -0.04765253],
        [-0.95916873, -0.96191419, -0.96226416, ...,  0.0905009 ,
          0.        ,  0.04294111],
        [-0.97042922, -0.97276495, -0.97306158, ...,  0.04765253,
         -0.04294111,  0.        ]],

       [[ 0.        ,  0.02886018,  0.03264415, ...,  0.88508317,
          0.99368844,  0.9501438 ],
        [-0.02886018,  0.        ,  0.00378576, ...,  0.87128203,
          0.99651193,  0.94074907],
        [-0.03264415, -0.00378576,  0.        , ...,  0.8694178 ,
          0.99682071,  0.93945857],
        ...,
        [-0.88508317, -0.87128203, -0.8694178 , ...,  0.        ,
          0.56177967,  0.16624857],
        [-0.99368844, -0.99651193, -0.99682071, ..., -0.56177967,
          0.        , -0.41642661],
        [-0.9501438 , -0.94074907, -0.93945857, ..., -0.16624857,
          0.41642661,  0.        ]]]), 'num': array([6.55374180e+07, 5.24370000e+05, 8.61100000e+03, 7.55000000e+03,
       7.82000000e+03, 7.10000000e+03, 5.45961000e+05, 2.70000000e+02,
       7.67800000e+03, 8.54150000e+03, 7.10050000e+03, 3.58078603e+01,
       9.83630925e+03, 7.24669075e+03])}
{'img': array([[[ 0.        , -0.02956254, -0.02207905, ...,  0.65410075,
          0.49492276,  0.60818042],
        [ 0.02956254,  0.        ,  0.00748593, ...,  0.67617619,
          0.52039443,  0.63138131],
        [ 0.02207905, -0.00748593,  0.        , ...,  0.67064206,
          0.51398741,  0.62555848],
        ...,
        [-0.65410075, -0.67617619, -0.67064206, ...,  0.        ,
         -0.19400907, -0.05919222],
        [-0.49492276, -0.52039443, -0.51398741, ...,  0.19400907,
          0.        ,  0.13560135],
        [-0.60818042, -0.63138131, -0.62555848, ...,  0.05919222,
         -0.13560135,  0.        ]],

       [[ 0.        , -0.14866401, -0.08381457, ...,  0.58832193,
          0.37927012,  0.32564124],
        [ 0.14866401,  0.        ,  0.06525772, ...,  0.70199806,
          0.51261231,  0.46258347],
        [ 0.08381457, -0.06525772,  0.        , ...,  0.65402655,
          0.45548806,  0.40374154],
        ...,
        [-0.58832193, -0.70199806, -0.65402655, ...,  0.        ,
         -0.23767806, -0.29293228],
        [-0.37927012, -0.51261231, -0.45548806, ...,  0.23767806,
          0.        , -0.05728613],
        [-0.32564124, -0.46258347, -0.40374154, ...,  0.29293228,
          0.05728613,  0.        ]],

       [[ 0.        , -0.06156626, -0.09640049, ...,  0.85427343,
          0.74911686,  0.65935626],
        [ 0.06156626,  0.        , -0.0349381 , ...,  0.88465649,
          0.78847961,  0.70439287],
        [ 0.09640049,  0.0349381 ,  0.        , ...,  0.90040604,
          0.80948728,  0.72876224],
        ...,
        [-0.85427343, -0.88465649, -0.90040604, ...,  0.        ,
         -0.17649422, -0.29951979],
        [-0.74911686, -0.78847961, -0.80948728, ...,  0.17649422,
          0.        , -0.12642645],
        [-0.65935626, -0.70439287, -0.72876224, ...,  0.29951979,
          0.12642645,  0.        ]],

       ...,

       [[ 0.        ,  0.51421633,  0.69534886, ...,  0.95242287,
          0.89025942,  0.8978912 ],
        [-0.51421633,  0.        ,  0.2268202 , ...,  0.66013278,
          0.52933857,  0.54371884],
        [-0.69534886, -0.2268202 ,  0.        , ...,  0.47255176,
          0.32310555,  0.3391849 ],
        ...,
        [-0.95242287, -0.66013278, -0.47255176, ...,  0.        ,
         -0.1624516 , -0.14561412],
        [-0.89025942, -0.52933857, -0.32310555, ...,  0.1624516 ,
          0.        ,  0.01704025],
        [-0.8978912 , -0.54371884, -0.3391849 , ...,  0.14561412,
         -0.01704025,  0.        ]],

       [[ 0.        , -0.00128319,  0.00395154, ...,  0.96191419,
          0.97276495,  0.97821557],
        [ 0.00128319,  0.        ,  0.00523471, ...,  0.96226416,
          0.97306158,  0.97848114],
        [-0.00395154, -0.00523471,  0.        , ...,  0.96082652,
          0.97184141,  0.97738763],
        ...,
        [-0.96191419, -0.96226416, -0.96082652, ...,  0.        ,
          0.04294111,  0.06771141],
        [-0.97276495, -0.97306158, -0.97184141, ..., -0.04294111,
          0.        ,  0.02480639],
        [-0.97821557, -0.97848114, -0.97738763, ..., -0.06771141,
         -0.02480639,  0.        ]],

       [[ 0.        ,  0.00378576, -0.04789138, ...,  0.99651193,
          0.94074907,  0.8847808 ],
        [-0.00378576,  0.        , -0.05167245, ...,  0.99682071,
          0.93945857,  0.88301027],
        [ 0.04789138,  0.05167245,  0.        , ...,  0.99137192,
          0.95590975,  0.9060833 ],
        ...,
        [-0.99651193, -0.99682071, -0.99137192, ...,  0.        ,
         -0.41642661, -0.53821733],
        [-0.94074907, -0.93945857, -0.95590975, ...,  0.41642661,
          0.        , -0.1383638 ],
        [-0.8847808 , -0.88301027, -0.9060833 , ...,  0.53821733,
          0.1383638 ,  0.        ]]]), 'num': array([ 1.66786090e+07,  1.27318090e+07,  5.52000000e+02,  7.15000000e+03,
        7.56000000e+03,  7.10000000e+03,  4.53265000e+05, -4.00000000e+02,
        7.46400000e+03,  8.46850000e+03,  7.11300000e+03,  2.59423503e+01,
        9.89732154e+03,  7.03967846e+03])}
{'img': array([[[ 0.        ,  0.00748593, -0.06243902, ...,  0.52039443,
          0.63138131,  0.46156711],
        [-0.00748593,  0.        , -0.0699086 , ...,  0.51398741,
          0.62555848,  0.45491337],
        [ 0.06243902,  0.0699086 ,  0.        , ...,  0.57269733,
          0.67856909,  0.51605648],
        ...,
        [-0.52039443, -0.51398741, -0.57269733, ...,  0.        ,
          0.13560135, -0.06750048],
        [-0.63138131, -0.62555848, -0.67856909, ..., -0.13560135,
          0.        , -0.20216909],
        [-0.46156711, -0.45491337, -0.51605648, ...,  0.06750048,
          0.20216909,  0.        ]],

       [[ 0.        ,  0.06525772,  0.06151431, ...,  0.51261231,
          0.46258347,  0.38346371],
        [-0.06525772,  0.        , -0.00375094, ...,  0.45548806,
          0.40374154,  0.32237719],
        [-0.06151431,  0.00375094,  0.        , ...,  0.45882409,
          0.40717034,  0.3259256 ],
        ...,
        [-0.51261231, -0.45548806, -0.45882409, ...,  0.        ,
         -0.05728613, -0.14417646],
        [-0.46258347, -0.40374154, -0.40717034, ...,  0.05728613,
          0.        , -0.08725209],
        [-0.38346371, -0.32237719, -0.3259256 , ...,  0.14417646,
          0.08725209,  0.        ]],

       [[ 0.        , -0.0349381 , -0.1032266 , ...,  0.78847961,
          0.70439287,  0.60693073],
        [ 0.0349381 ,  0.        , -0.06841213, ...,  0.80948728,
          0.72876224,  0.63432741],
        [ 0.1032266 ,  0.06841213,  0.        , ...,  0.84775809,
          0.77390121,  0.68572826],
        ...,
        [-0.78847961, -0.80948728, -0.84775809, ...,  0.        ,
         -0.12642645, -0.25334854],
        [-0.70439287, -0.72876224, -0.77390121, ...,  0.12642645,
          0.        , -0.12901387],
        [-0.60693073, -0.63432741, -0.68572826, ...,  0.25334854,
          0.12901387,  0.        ]],

       ...,

       [[ 0.        ,  0.24971421,  0.3185244 , ...,  0.56247518,
          0.57695282,  0.26835169],
        [-0.24971421,  0.        ,  0.07172565, ...,  0.33818848,
          0.35471377,  0.01929525],
        [-0.3185244 , -0.07172565,  0.        , ...,  0.26981798,
          0.28673848, -0.05246675],
        ...,
        [-0.56247518, -0.33818848, -0.26981798, ...,  0.        ,
          0.01761571, -0.31996718],
        [-0.57695282, -0.35471377, -0.28673848, ..., -0.01761571,
          0.        , -0.33660715],
        [-0.26835169, -0.01929525,  0.05246675, ...,  0.31996718,
          0.33660715,  0.        ]],

       [[ 0.        ,  0.00523471,  0.01580525, ...,  0.97306158,
          0.97848114,  0.9876255 ],
        [-0.00523471,  0.        ,  0.01057098, ...,  0.97184141,
          0.97738763,  0.986791  ],
        [-0.01580525, -0.01057098,  0.        , ...,  0.96929621,
          0.97509772,  0.98502339],
        ...,
        [-0.97306158, -0.97184141, -0.96929621, ...,  0.        ,
          0.02480639,  0.07508653],
        [-0.97848114, -0.97738763, -0.97509772, ..., -0.02480639,
          0.        ,  0.05032706],
        [-0.9876255 , -0.986791  , -0.98502339, ..., -0.07508653,
         -0.05032706,  0.        ]],

       [[ 0.        , -0.05167245, -0.10825451, ...,  0.93945857,
          0.88301027,  0.71381817],
        [ 0.05167245,  0.        , -0.05674111, ...,  0.95590975,
          0.9060833 ,  0.7490524 ],
        [ 0.10825451,  0.05674111,  0.        , ...,  0.97103233,
          0.92863066,  0.78543722],
        ...,
        [-0.93945857, -0.95590975, -0.97103233, ...,  0.        ,
         -0.1383638 , -0.4133333 ],
        [-0.88301027, -0.9060833 , -0.92863066, ...,  0.1383638 ,
          0.        , -0.28336636],
        [-0.71381817, -0.7490524 , -0.78543722, ...,  0.4133333 ,
          0.28336636,  0.        ]]]), 'num': array([1.67532050e+07, 1.07295250e+07, 8.32000000e+02, 7.24000000e+03,
       7.54000000e+03, 7.09000000e+03, 3.98211000e+05, 9.00000000e+01,
       7.37800000e+03, 8.42050000e+03, 7.12766667e+03, 2.78761062e+01,
       9.94356894e+03, 6.89743106e+03])}
{'img': array([[[ 0.00000000e+00, -6.99085996e-02, -2.02921476e-01, ...,
          6.25558485e-01,  4.54913369e-01,  4.96200280e-01],
        [ 6.99085996e-02,  0.00000000e+00, -1.33970857e-01, ...,
          6.78569095e-01,  5.16056482e-01,  5.55681489e-01],
        [ 2.02921476e-01,  1.33970857e-01,  0.00000000e+00, ...,
          7.70858474e-01,  6.26157720e-01,  6.62054907e-01],
        ...,
        [-6.25558485e-01, -6.78569095e-01, -7.70858474e-01, ...,
          0.00000000e+00, -2.02169088e-01, -1.55990752e-01],
        [-4.54913369e-01, -5.16056482e-01, -6.26157720e-01, ...,
          2.02169088e-01,  0.00000000e+00,  4.69245969e-02],
        [-4.96200280e-01, -5.55681489e-01, -6.62054907e-01, ...,
          1.55990752e-01, -4.69245969e-02,  0.00000000e+00]],

       [[ 0.00000000e+00, -3.75093946e-03,  8.74211765e-04, ...,
          4.03741544e-01,  3.22377188e-01,  2.68006463e-01],
        [ 3.75093946e-03,  0.00000000e+00,  4.62514364e-03, ...,
          4.07170337e-01,  3.25925602e-01,  2.71618297e-01],
        [-8.74211765e-04, -4.62514364e-03,  0.00000000e+00, ...,
          4.02941596e-01,  3.21549526e-01,  2.67164130e-01],
        ...,
        [-4.03741544e-01, -4.07170337e-01, -4.02941596e-01, ...,
          0.00000000e+00, -8.72520929e-02, -1.43779613e-01],
        [-3.22377188e-01, -3.25925602e-01, -3.21549526e-01, ...,
          8.72520929e-02,  0.00000000e+00, -5.68857548e-02],
        [-2.68006463e-01, -2.71618297e-01, -2.67164130e-01, ...,
          1.43779613e-01,  5.68857548e-02,  0.00000000e+00]],

       [[ 0.00000000e+00, -6.84121290e-02, -1.62140978e-01, ...,
          7.28762241e-01,  6.34327405e-01,  5.92854240e-01],
        [ 6.84121290e-02,  0.00000000e+00, -9.42542325e-02, ...,
          7.73901213e-01,  6.85728258e-01,  6.46558225e-01],
        [ 1.62140978e-01,  9.42542325e-02,  0.00000000e+00, ...,
          8.30147731e-01,  7.51279170e-01,  7.15583073e-01],
        ...,
        [-7.28762241e-01, -7.73901213e-01, -8.30147731e-01, ...,
          0.00000000e+00, -1.29013868e-01, -1.80912452e-01],
        [-6.34327405e-01, -6.85728258e-01, -7.51279170e-01, ...,
          1.29013868e-01,  0.00000000e+00, -5.25154921e-02],
        [-5.92854240e-01, -6.46558225e-01, -7.15583073e-01, ...,
          1.80912452e-01,  5.25154921e-02,  0.00000000e+00]],

       ...,

       [[ 0.00000000e+00,  7.17256544e-02, -6.61757290e-01, ...,
          3.54713768e-01,  1.92952521e-02,  9.45728200e-02],
        [-7.17256544e-02,  0.00000000e+00, -7.13826891e-01, ...,
          2.86738477e-01, -5.24667460e-02,  2.29250619e-02],
        [ 6.61757290e-01,  7.13826891e-01,  0.00000000e+00, ...,
          8.84661830e-01,  6.76100090e-01,  7.29694217e-01],
        ...,
        [-3.54713768e-01, -2.86738477e-01, -8.84661830e-01, ...,
          0.00000000e+00, -3.36607154e-01, -2.64700705e-01],
        [-1.92952521e-02,  5.24667460e-02, -6.76100090e-01, ...,
          3.36607154e-01,  0.00000000e+00,  7.53464436e-02],
        [-9.45728200e-02, -2.29250619e-02, -7.29694217e-01, ...,
          2.64700705e-01, -7.53464436e-02,  0.00000000e+00]],

       [[ 0.00000000e+00,  1.05709787e-02,  1.06928082e-03, ...,
          9.77387626e-01,  9.86791005e-01,  9.92538339e-01],
        [-1.05709787e-02,  0.00000000e+00, -9.50175162e-03, ...,
          9.75097724e-01,  9.85023386e-01,  9.91193930e-01],
        [-1.06928082e-03,  9.50175162e-03,  0.00000000e+00, ...,
          9.77160962e-01,  9.86617219e-01,  9.92407391e-01],
        ...,
        [-9.77387626e-01, -9.75097724e-01, -9.77160962e-01, ...,
          0.00000000e+00,  5.03270558e-02,  9.07019233e-02],
        [-9.86791005e-01, -9.85023386e-01, -9.86617219e-01, ...,
         -5.03270558e-02,  0.00000000e+00,  4.04673730e-02],
        [-9.92538339e-01, -9.91193930e-01, -9.92407391e-01, ...,
         -9.07019233e-02, -4.04673730e-02,  0.00000000e+00]],

       [[ 0.00000000e+00, -5.67411090e-02, -1.36888029e-01, ...,
          9.06083300e-01,  7.49052399e-01,  6.34045858e-01],
        [ 5.67411090e-02,  0.00000000e+00, -8.04605141e-02, ...,
          9.28630658e-01,  7.85437215e-01,  6.76902005e-01],
        [ 1.36888029e-01,  8.04605141e-02,  0.00000000e+00, ...,
          9.55471144e-01,  8.32691007e-01,  7.33932175e-01],
        ...,
        [-9.06083300e-01, -9.28630658e-01, -9.55471144e-01, ...,
          0.00000000e+00, -2.83366355e-01, -4.32405706e-01],
        [-7.49052399e-01, -7.85437215e-01, -8.32691007e-01, ...,
          2.83366355e-01,  0.00000000e+00, -1.59176609e-01],
        [-6.34045858e-01, -6.76902005e-01, -7.33932175e-01, ...,
          4.32405706e-01,  1.59176609e-01,  0.00000000e+00]]]), 'num': array([ 1.66151480e+07,  9.62164800e+06,  9.85000000e+02,  7.10000000e+03,
        7.29000000e+03,  7.06000000e+03,  2.76634000e+05, -1.40000000e+02,
        7.26400000e+03,  8.35150000e+03,  7.13983333e+03,  2.44444444e+01,
        9.97899224e+03,  6.72400776e+03])}
{'img': array([[[ 0.        , -0.13397086,  0.09191659, ...,  0.51605648,
          0.55568149,  0.49321211],
        [ 0.13397086,  0.        ,  0.22449171, ...,  0.62615772,
          0.66205491,  0.6053084 ],
        [-0.09191659, -0.22449171,  0.        , ...,  0.43514029,
          0.47691011,  0.41116513],
        ...,
        [-0.51605648, -0.62615772, -0.43514029, ...,  0.        ,
          0.0469246 , -0.02645914],
        [-0.55568149, -0.66205491, -0.47691011, ..., -0.0469246 ,
          0.        , -0.07333816],
        [-0.49321211, -0.6053084 , -0.41116513, ...,  0.02645914,
          0.07333816,  0.        ]],

       [[ 0.        ,  0.00462514,  0.14550608, ...,  0.3259256 ,
          0.2716183 ,  0.12738606],
        [-0.00462514,  0.        ,  0.1409286 , ...,  0.32154953,
          0.26716413,  0.12279723],
        [-0.14550608, -0.1409286 ,  0.        , ...,  0.18489611,
          0.12869177, -0.01829034],
        ...,
        [-0.3259256 , -0.32154953, -0.18489611, ...,  0.        ,
         -0.05688575, -0.20284016],
        [-0.2716183 , -0.26716413, -0.12869177, ...,  0.05688575,
          0.        , -0.14680849],
        [-0.12738606, -0.12279723,  0.01829034, ...,  0.20284016,
          0.14680849,  0.        ]],

       [[ 0.        , -0.09425423, -0.09425423, ...,  0.68572826,
          0.64655823,  0.59120337],
        [ 0.09425423,  0.        ,  0.        , ...,  0.75127917,
          0.71558307,  0.66458959],
        [ 0.09425423,  0.        ,  0.        , ...,  0.75127917,
          0.71558307,  0.66458959],
        ...,
        [-0.68572826, -0.75127917, -0.75127917, ...,  0.        ,
         -0.05251549, -0.12274338],
        [-0.64655823, -0.71558307, -0.71558307, ...,  0.05251549,
          0.        , -0.07045562],
        [-0.59120337, -0.66458959, -0.66458959, ...,  0.12274338,
          0.07045562,  0.        ]],

       ...,

       [[ 0.        , -0.71382689,  0.09422478, ..., -0.05246675,
          0.02292506, -0.11519937],
        [ 0.71382689,  0.        ,  0.77663874, ...,  0.67610009,
          0.72969422,  0.62839784],
        [-0.09422478, -0.77663874,  0.        , ..., -0.14632832,
         -0.07137695, -0.20828431],
        ...,
        [ 0.05246675, -0.67610009,  0.14632832, ...,  0.        ,
          0.07534644, -0.06292326],
        [-0.02292506, -0.72969422,  0.07137695, ..., -0.07534644,
          0.        , -0.13794153],
        [ 0.11519937, -0.62839784,  0.20828431, ...,  0.06292326,
          0.13794153,  0.        ]],

       [[ 0.        , -0.00950175, -0.08870027, ...,  0.98502339,
          0.99119393,  0.99498814],
        [ 0.00950175,  0.        , -0.07923196, ...,  0.98661722,
          0.99240739,  0.99589333],
        [ 0.08870027,  0.07923196,  0.        , ...,  0.99643455,
          0.99903254,  0.99993566],
        ...,
        [-0.98502339, -0.98661722, -0.99643455, ...,  0.        ,
          0.04046737,  0.07306122],
        [-0.99119393, -0.99240739, -0.99903254, ..., -0.04046737,
          0.        ,  0.03264215],
        [-0.99498814, -0.99589333, -0.99993566, ..., -0.07306122,
         -0.03264215,  0.        ]],

       [[ 0.        , -0.08046051, -0.06004929, ...,  0.78543722,
          0.676902  ,  0.53776381],
        [ 0.08046051,  0.        ,  0.02046071, ...,  0.83269101,
          0.73393217,  0.60385617],
        [ 0.06004929, -0.02046071,  0.        , ...,  0.82118682,
          0.71988115,  0.58742066],
        ...,
        [-0.78543722, -0.83269101, -0.82118682, ...,  0.        ,
         -0.15917661, -0.32935435],
        [-0.676902  , -0.73393217, -0.71988115, ...,  0.15917661,
          0.        , -0.17485956],
        [-0.53776381, -0.60385617, -0.58742066, ...,  0.32935435,
          0.17485956,  0.        ]]]), 'num': array([ 1.64383890e+07,  8.77662900e+06,  1.10400000e+03,  6.94000000e+03,
        7.69000000e+03,  6.83000000e+03,  9.13515000e+05, -1.60000000e+02,
        7.19600000e+03,  8.27550000e+03,  7.15083333e+03,  1.29584352e+01,
        1.00138150e+04,  6.53718501e+03])}
{'img': array([[[ 0.        ,  0.22449171,  0.18068351, ...,  0.66205491,
          0.6053084 ,  0.53392702],
        [-0.22449171,  0.        , -0.04472511, ...,  0.47691011,
          0.41116513,  0.33048447],
        [-0.18068351,  0.04472511,  0.        , ...,  0.51574411,
          0.45152335,  0.37236584],
        ...,
        [-0.66205491, -0.47691011, -0.51574411, ...,  0.        ,
         -0.07333816, -0.1596332 ],
        [-0.6053084 , -0.41116513, -0.45152335, ...,  0.07333816,
          0.        , -0.08680563],
        [-0.53392702, -0.33048447, -0.37236584, ...,  0.1596332 ,
          0.08680563,  0.        ]],

       [[ 0.        ,  0.1409286 , -0.16283069, ...,  0.26716413,
          0.12279723,  0.64658017],
        [-0.1409286 ,  0.        , -0.30025337, ...,  0.12869177,
         -0.01829034,  0.53262032],
        [ 0.16283069,  0.30025337,  0.        , ...,  0.42051052,
          0.28275673,  0.76216567],
        ...,
        [-0.26716413, -0.12869177, -0.42051052, ...,  0.        ,
         -0.14680849,  0.41927256],
        [-0.12279723,  0.01829034, -0.28275673, ...,  0.14680849,
          0.        ,  0.54801133],
        [-0.64658017, -0.53262032, -0.76216567, ..., -0.41927256,
         -0.54801133,  0.        ]],

       [[ 0.        ,  0.        , -0.00440788, ...,  0.71558307,
          0.66458959,  0.63209999],
        [ 0.        ,  0.        , -0.00440788, ...,  0.71558307,
          0.66458959,  0.63209999],
        [ 0.00440788,  0.00440788,  0.        , ...,  0.71865515,
          0.66787674,  0.63550946],
        ...,
        [-0.71558307, -0.71558307, -0.71865515, ...,  0.        ,
         -0.07045562, -0.11295658],
        [-0.66458959, -0.66458959, -0.66787674, ...,  0.07045562,
          0.        , -0.04267118],
        [-0.63209999, -0.63209999, -0.63550946, ...,  0.11295658,
          0.04267118,  0.        ]],

       ...,

       [[ 0.        ,  0.52672283,  0.54628263, ...,  0.47184869,
          0.36372882, -0.41193882],
        [-0.52672283,  0.        ,  0.02317699, ..., -0.06331185,
         -0.18146189, -0.83011918],
        [-0.54628263, -0.02317699,  0.        , ..., -0.08642533,
         -0.20420535, -0.84281935],
        ...,
        [-0.47184869,  0.06331185,  0.08642533, ...,  0.        ,
         -0.1188371 , -0.79315199],
        [-0.36372882,  0.18146189,  0.20420535, ...,  0.1188371 ,
          0.        , -0.71515691],
        [ 0.41193882,  0.83011918,  0.84281935, ...,  0.79315199,
          0.71515691,  0.        ]],

       [[ 0.        , -0.07923196, -0.21126567, ...,  0.99240739,
          0.99589333,  0.99838169],
        [ 0.07923196,  0.        , -0.13315791, ...,  0.99903254,
          0.99993566,  0.99974877],
        [ 0.21126567,  0.13315791,  0.        , ...,  0.99599189,
          0.9925415 ,  0.98786121],
        ...,
        [-0.99240739, -0.99903254, -0.99599189, ...,  0.        ,
          0.03264215,  0.06635866],
        [-0.99589333, -0.99993566, -0.9925415 , ..., -0.03264215,
          0.        ,  0.03375309],
        [-0.99838169, -0.99974877, -0.98786121, ..., -0.06635866,
         -0.03375309,  0.        ]],

       [[ 0.        ,  0.02046071,  0.09417616, ...,  0.73393217,
          0.60385617,  0.45454476],
        [-0.02046071,  0.        ,  0.07378667, ...,  0.71988115,
          0.58742066,  0.43622475],
        [-0.09417616, -0.07378667,  0.        , ...,  0.66670366,
          0.52610518,  0.3686396 ],
        ...,
        [-0.73393217, -0.71988115, -0.66670366, ...,  0.        ,
         -0.17485956, -0.34499378],
        [-0.60385617, -0.58742066, -0.52610518, ...,  0.17485956,
          0.        , -0.17555455],
        [-0.45454476, -0.43622475, -0.3686396 , ...,  0.34499378,
          0.17555455,  0.        ]]]), 'num': array([ 1.62200540e+07,  6.97891400e+06,  1.36300000e+03,  6.78000000e+03,
        7.06000000e+03,  6.75000000e+03,  2.90694000e+05, -1.60000000e+02,
        7.04200000e+03,  8.18350000e+03,  7.16166667e+03,  1.80272109e+01,
        1.00305114e+04,  6.33648863e+03])}
{'img': array([[[ 0.00000000e+00, -4.47251142e-02, -2.54474789e-01, ...,
          4.11165126e-01,  3.30484471e-01,  2.43105128e-01],
        [ 4.47251142e-02,  0.00000000e+00, -2.10967407e-01, ...,
          4.51523350e-01,  3.72365839e-01,  2.86245219e-01],
        [ 2.54474789e-01,  2.10967407e-01,  0.00000000e+00, ...,
          6.29598589e-01,  5.59780941e-01,  4.81942496e-01],
        ...,
        [-4.11165126e-01, -4.51523350e-01, -6.29598589e-01, ...,
          0.00000000e+00, -8.68056296e-02, -1.77225025e-01],
        [-3.30484471e-01, -3.72365839e-01, -5.59780941e-01, ...,
          8.68056296e-02,  0.00000000e+00, -9.11245204e-02],
        [-2.43105128e-01, -2.86245219e-01, -4.81942496e-01, ...,
          1.77225025e-01,  9.11245204e-02,  0.00000000e+00]],

       [[ 0.00000000e+00, -3.00253370e-01, -7.29033853e-02, ...,
         -1.82903351e-02,  5.32620321e-01,  9.00665771e-04],
        [ 3.00253370e-01,  0.00000000e+00,  2.29914813e-01, ...,
          2.82756734e-01,  7.62165674e-01,  3.01112357e-01],
        [ 7.29033853e-02, -2.29914813e-01,  0.00000000e+00, ...,
          5.46495252e-02,  5.92905116e-01,  7.38016248e-02],
        ...,
        [ 1.82903351e-02, -2.82756734e-01, -5.46495252e-02, ...,
          0.00000000e+00,  5.48011327e-01,  1.91908428e-02],
        [-5.32620321e-01, -7.62165674e-01, -5.92905116e-01, ...,
         -5.48011327e-01,  0.00000000e+00, -5.31857823e-01],
        [-9.00665771e-04, -3.01112357e-01, -7.38016248e-02, ...,
         -1.91908428e-02,  5.31857823e-01,  0.00000000e+00]],

       [[ 0.00000000e+00, -4.40787844e-03, -6.71391137e-02, ...,
          6.64589592e-01,  6.32099991e-01,  5.52418475e-01],
        [ 4.40787844e-03,  0.00000000e+00, -6.27405288e-02, ...,
          6.67876740e-01,  6.35509457e-01,  5.56087370e-01],
        [ 6.71391137e-02,  6.27405288e-02,  0.00000000e+00, ...,
          7.13256950e-01,  6.82698951e-01,  6.07136956e-01],
        ...,
        [-6.64589592e-01, -6.67876740e-01, -7.13256950e-01, ...,
          0.00000000e+00, -4.26711816e-02, -1.41208078e-01],
        [-6.32099991e-01, -6.35509457e-01, -6.82698951e-01, ...,
          4.26711816e-02,  0.00000000e+00, -9.88358476e-02],
        [-5.52418475e-01, -5.56087370e-01, -6.07136956e-01, ...,
          1.41208078e-01,  9.88358476e-02,  0.00000000e+00]],

       ...,

       [[ 0.00000000e+00,  2.31769858e-02, -1.61598487e-01, ...,
         -1.81461891e-01, -8.30119177e-01, -4.42138804e-01],
        [-2.31769858e-02,  0.00000000e+00, -1.84427439e-01, ...,
         -2.04205347e-01, -8.42819351e-01, -4.62808555e-01],
        [ 1.61598487e-01,  1.84427439e-01,  0.00000000e+00, ...,
         -2.01612377e-02, -7.29103525e-01, -2.91382372e-01],
        ...,
        [ 1.81461891e-01,  2.04205347e-01,  2.01612377e-02, ...,
          0.00000000e+00, -7.15156909e-01, -2.72036772e-01],
        [ 8.30119177e-01,  8.42819351e-01,  7.29103525e-01, ...,
          7.15156909e-01,  0.00000000e+00,  4.98042199e-01],
        [ 4.42138804e-01,  4.62808555e-01,  2.91382372e-01, ...,
          2.72036772e-01, -4.98042199e-01,  0.00000000e+00]],

       [[ 0.00000000e+00, -1.33157905e-01, -1.72103452e-01, ...,
          9.99935665e-01,  9.99748769e-01,  9.99228574e-01],
        [ 1.33157905e-01,  0.00000000e+00, -3.93998024e-02, ...,
          9.92541500e-01,  9.87861206e-01,  9.85100957e-01],
        [ 1.72103452e-01,  3.93998024e-02,  0.00000000e+00, ...,
          9.86967697e-01,  9.80973827e-01,  9.77560191e-01],
        ...,
        [-9.99935665e-01, -9.92541500e-01, -9.86967697e-01, ...,
          0.00000000e+00,  3.37530939e-02,  5.06034331e-02],
        [-9.99748769e-01, -9.87861206e-01, -9.80973827e-01, ...,
         -3.37530939e-02,  0.00000000e+00,  1.68647491e-02],
        [-9.99228574e-01, -9.85100957e-01, -9.77560191e-01, ...,
         -5.06034331e-02, -1.68647491e-02,  0.00000000e+00]],

       [[ 0.00000000e+00,  7.37866691e-02,  3.23607090e-02, ...,
          5.87420664e-01,  4.36224753e-01,  2.65436341e-01],
        [-7.37866691e-02,  0.00000000e+00, -4.14755284e-02, ...,
          5.26105178e-01,  3.68639596e-01,  1.93572952e-01],
        [-3.23607090e-02,  4.14755284e-02,  0.00000000e+00, ...,
          5.60924074e-01,  4.06876895e-01,  2.34097442e-01],
        ...,
        [-5.87420664e-01, -5.26105178e-01, -5.60924074e-01, ...,
          0.00000000e+00, -1.75554549e-01, -3.51536149e-01],
        [-4.36224753e-01, -3.68639596e-01, -4.06876895e-01, ...,
          1.75554549e-01,  0.00000000e+00, -1.81727030e-01],
        [-2.65436341e-01, -1.93572952e-01, -2.34097442e-01, ...,
          3.51536149e-01,  1.81727030e-01,  0.00000000e+00]]]), 'num': array([1.63239560e+07, 6.14485600e+06, 1.48600000e+03, 6.85000000e+03,
       7.07000000e+03, 6.79000000e+03, 2.56577000e+05, 7.00000000e+01,
       6.98200000e+03, 8.08350000e+03, 7.16916667e+03, 1.85810811e+01,
       9.99091999e+03, 6.17608001e+03])}
{'img': array([[[ 0.        , -0.21096741, -0.18068351, ...,  0.37236584,
          0.28624522,  0.32484879],
        [ 0.21096741,  0.        ,  0.03087827, ...,  0.55978094,
          0.4819425 ,  0.51706325],
        [ 0.18068351, -0.03087827,  0.        , ...,  0.53392702,
          0.45465706,  0.49038652],
        ...,
        [-0.37236584, -0.55978094, -0.53392702, ...,  0.        ,
         -0.09112452, -0.05068331],
        [-0.28624522, -0.4819425 , -0.45465706, ...,  0.09112452,
          0.        ,  0.04053496],
        [-0.32484879, -0.51706325, -0.49038652, ...,  0.05068331,
         -0.04053496,  0.        ]],

       [[ 0.        ,  0.22991481, -0.08859603, ...,  0.76216567,
          0.30111236,  0.25503637],
        [-0.22991481,  0.        , -0.31523332, ...,  0.59290512,
          0.07380162,  0.02589227],
        [ 0.08859603,  0.31523332,  0.        , ...,  0.81652404,
          0.38441245,  0.33969977],
        ...,
        [-0.76216567, -0.59290512, -0.81652404, ...,  0.        ,
         -0.53185782, -0.57185601],
        [-0.30111236, -0.07380162, -0.38441245, ...,  0.53185782,
          0.        , -0.04795522],
        [-0.25503637, -0.02589227, -0.33969977, ...,  0.57185601,
          0.04795522,  0.        ]],

       [[ 0.        , -0.06274053, -0.10070376, ...,  0.63550946,
          0.55608737,  0.52268539],
        [ 0.06274053,  0.        , -0.03808378, ...,  0.68269895,
          0.60713696,  0.57514355],
        [ 0.10070376,  0.03808378,  0.        , ...,  0.71003149,
          0.63695777,  0.60588084],
        ...,
        [-0.63550946, -0.68269895, -0.71003149, ...,  0.        ,
         -0.09883585, -0.13822633],
        [-0.55608737, -0.60713696, -0.63695777, ...,  0.09883585,
          0.        , -0.03966245],
        [-0.52268539, -0.57514355, -0.60588084, ...,  0.13822633,
          0.03966245,  0.        ]],

       ...,

       [[ 0.        , -0.18442744, -0.1000294 , ..., -0.84281935,
         -0.46280855, -0.4374083 ],
        [ 0.18442744,  0.        ,  0.08518893, ..., -0.72910353,
         -0.29138237, -0.26405628],
        [ 0.1000294 , -0.08518893,  0.        , ..., -0.7847567 ,
         -0.37181545, -0.34526173],
        ...,
        [ 0.84281935,  0.72910353,  0.7847567 , ...,  0.        ,
          0.4980422 ,  0.52250463],
        [ 0.46280855,  0.29138237,  0.37181545, ..., -0.4980422 ,
          0.        ,  0.02844242],
        [ 0.4374083 ,  0.26405628,  0.34526173, ..., -0.52250463,
         -0.02844242,  0.        ]],

       [[ 0.        , -0.0393998 , -0.05750205, ...,  0.98786121,
          0.98510096,  0.99109224],
        [ 0.0393998 ,  0.        , -0.01812279, ...,  0.98097383,
          0.97756019,  0.98507553],
        [ 0.05750205,  0.01812279,  0.        , ...,  0.97729436,
          0.97358197,  0.98179441],
        ...,
        [-0.98786121, -0.98097383, -0.97729436, ...,  0.        ,
          0.01686475, -0.0223948 ],
        [-0.98510096, -0.97756019, -0.97358197, ..., -0.01686475,
          0.        , -0.03925214],
        [-0.99109224, -0.98507553, -0.98179441, ...,  0.0223948 ,
          0.03925214,  0.        ]],

       [[ 0.        , -0.04147553, -0.08832919, ...,  0.3686396 ,
          0.19357295,  0.04950989],
        [ 0.04147553,  0.        , -0.04693977, ...,  0.4068769 ,
          0.23409744,  0.09089195],
        [ 0.08832919,  0.04693977,  0.        , ...,  0.44930708,
          0.27947486,  0.13753724],
        ...,
        [-0.3686396 , -0.4068769 , -0.44930708, ...,  0.        ,
         -0.18172703, -0.32216448],
        [-0.19357295, -0.23409744, -0.27947486, ...,  0.18172703,
          0.        , -0.14476211],
        [-0.04950989, -0.09089195, -0.13753724, ...,  0.32216448,
          0.14476211,  0.        ]]]), 'num': array([ 1.61145360e+07,  5.29533600e+06,  1.61000000e+03,  6.72000000e+03,
        6.99000000e+03,  6.59000000e+03,  4.11831000e+05, -1.30000000e+02,
        6.87800000e+03,  7.95350000e+03,  7.17550000e+03,  1.84563758e+01,
        9.86051101e+03,  6.04648899e+03])}
{'img': array([[[ 0.        ,  0.03087827,  0.04079189, ...,  0.4819425 ,
          0.51706325,  0.45040781],
        [-0.03087827,  0.        ,  0.00991987, ...,  0.45465706,
          0.49038652,  0.42262421],
        [-0.04079189, -0.00991987,  0.        , ...,  0.44579939,
          0.48171718,  0.41361299],
        ...,
        [-0.4819425 , -0.45465706, -0.44579939, ...,  0.        ,
          0.04053496, -0.03564071],
        [-0.51706325, -0.49038652, -0.48171718, ..., -0.04053496,
          0.        , -0.07612062],
        [-0.45040781, -0.42262421, -0.41361299, ...,  0.03564071,
          0.07612062,  0.        ]],

       [[ 0.        , -0.31523332, -0.23873426, ...,  0.07380162,
          0.02589227,  0.21483775],
        [ 0.31523332,  0.        ,  0.07955612, ...,  0.38441245,
          0.33969977,  0.51175662],
        [ 0.23873426, -0.07955612,  0.        , ...,  0.30975086,
          0.26379782,  0.44178546],
        ...,
        [-0.07380162, -0.38441245, -0.30975086, ...,  0.        ,
         -0.04795522,  0.14217354],
        [-0.02589227, -0.33969977, -0.26379782, ...,  0.04795522,
          0.        ,  0.18947804],
        [-0.21483775, -0.51175662, -0.44178546, ..., -0.14217354,
         -0.18947804,  0.        ]],

       [[ 0.        , -0.03808378, -0.03545936, ...,  0.60713696,
          0.57514355,  0.51596549],
        [ 0.03808378,  0.        ,  0.00262619, ...,  0.63695777,
          0.60588084,  0.54821411],
        [ 0.03545936, -0.00262619,  0.        , ...,  0.63493105,
          0.60378947,  0.54601583],
        ...,
        [-0.60713696, -0.63695777, -0.63493105, ...,  0.        ,
         -0.03966245, -0.11009447],
        [-0.57514355, -0.60588084, -0.60378947, ...,  0.03966245,
          0.        , -0.07058649],
        [-0.51596549, -0.54821411, -0.54601583, ...,  0.11009447,
          0.07058649,  0.        ]],

       ...,

       [[ 0.        ,  0.08518893,  0.12804347, ..., -0.29138237,
         -0.26405628, -0.27011539],
        [-0.08518893,  0.        ,  0.04309031, ..., -0.37181545,
         -0.34526173, -0.35115576],
        [-0.12804347, -0.04309031,  0.        , ..., -0.41147112,
         -0.38538158, -0.39117579],
        ...,
        [ 0.29138237,  0.37181545,  0.41147112, ...,  0.        ,
          0.02844242,  0.02215691],
        [ 0.26405628,  0.34526173,  0.38538158, ..., -0.02844242,
          0.        , -0.00628749],
        [ 0.27011539,  0.35115576,  0.39117579, ..., -0.02215691,
          0.00628749,  0.        ]],

       [[ 0.        , -0.01812279, -0.02578152, ...,  0.97756019,
          0.98507553,  0.99833317],
        [ 0.01812279,  0.        , -0.00766053, ...,  0.97358197,
          0.98179441,  0.99712328],
        [ 0.02578152,  0.00766053,  0.        , ...,  0.97180421,
          0.98031051,  0.99651338],
        ...,
        [-0.97756019, -0.97358197, -0.97180421, ...,  0.        ,
         -0.03925214, -0.15388649],
        [-0.98507553, -0.98179441, -0.98031051, ...,  0.03925214,
          0.        , -0.11498331],
        [-0.99833317, -0.99712328, -0.99651338, ...,  0.15388649,
          0.11498331,  0.        ]],

       [[ 0.        , -0.04693977, -0.09235799, ...,  0.23409744,
          0.09089195, -0.02817096],
        [ 0.04693977,  0.        , -0.04551705, ...,  0.27947486,
          0.13753724,  0.01878123],
        [ 0.09235799,  0.04551705,  0.        , ...,  0.32288853,
          0.18247917,  0.06427078],
        ...,
        [-0.23409744, -0.27947486, -0.32288853, ...,  0.        ,
         -0.14476211, -0.26139271],
        [-0.09089195, -0.13753724, -0.18247917, ...,  0.14476211,
          0.        , -0.11891024],
        [ 0.02817096, -0.01878123, -0.06427078, ...,  0.26139271,
          0.11891024,  0.        ]]]), 'num': array([1.64396090e+07, 3.97130900e+06, 1.80700000e+03, 6.90000000e+03,
       6.95000000e+03, 6.61000000e+03, 2.56429000e+05, 1.80000000e+02,
       6.83800000e+03, 7.83650000e+03, 7.18883333e+03, 2.00657895e+01,
       9.70006942e+03, 5.97293058e+03])}
{'img': array([[[ 0.00000000e+00,  9.91986556e-03,  3.86906764e-02, ...,
          4.90386517e-01,  4.22624209e-01,  5.14895194e-01],
        [-9.91986556e-03,  0.00000000e+00,  2.87763348e-02, ...,
          4.81717176e-01,  4.13612991e-01,  5.06366024e-01],
        [-3.86906764e-02, -2.87763348e-02,  0.00000000e+00, ...,
          4.56300213e-01,  3.87242209e-01,  4.81341955e-01],
        ...,
        [-4.90386517e-01, -4.81717176e-01, -4.56300213e-01, ...,
          0.00000000e+00, -7.61206241e-02,  2.83483855e-02],
        [-4.22624209e-01, -4.13612991e-01, -3.87242209e-01, ...,
          7.61206241e-02,  0.00000000e+00,  1.04356167e-01],
        [-5.14895194e-01, -5.06366024e-01, -4.81341955e-01, ...,
         -2.83483855e-02, -1.04356167e-01,  0.00000000e+00]],

       [[ 0.00000000e+00,  7.95561231e-02,  1.15246468e-01, ...,
          3.39699765e-01,  5.11756618e-01,  3.39493569e-01],
        [-7.95561231e-02,  0.00000000e+00,  3.58551462e-02, ...,
          2.63797816e-01,  4.41785459e-01,  2.63586351e-01],
        [-1.15246468e-01, -3.58551462e-02,  0.00000000e+00, ...,
