state_0,state_1,state_2,state_3,state_4,state_5,state_6,state_7,state_8,state_9,state_10,state_11,state_12,state_13,state_14,state_15,state_16,state_17,state_18,state_19,state_20,state_21,state_22,state_23,state_24,state_25,state_26,state_27,state_28,state_29,state_30,state_31,state_32,state_33,state_34,state_35,state_36,state_37,state_38,state_39,state_40,state_41,state_42,state_43,state_44,state_45,state_46,state_47,state_48,state_49,state_50,state_51,state_52,state_53,state_54,state_55,state_56,state_57,state_58,state_59,state_60,state_61,state_62,state_63,state_64,state_65,state_66,state_67,state_68,state_69,state_70,state_71,state_72,state_73,state_74,state_75,state_76,state_77
{'img': array([[[ 0.        ,  0.13082081,  0.09103201, ...,  0.99920596,
          0.92479265,  0.75020775],
        [-0.13082081,  0.        , -0.04002795, ...,  0.99583109,
          0.9666186 ,  0.83025949],
        [-0.09103201,  0.04002795,  0.        , ...,  0.9986842 ,
          0.95558797,  0.80728343],
        ...,
        [-0.99920596, -0.99583109, -0.9986842 , ...,  0.        ,
          0.34332292,  0.63078669],
        [-0.92479265, -0.9666186 , -0.95558797, ..., -0.34332292,
          0.        ,  0.32604227],
        [-0.75020775, -0.83025949, -0.80728343, ..., -0.63078669,
         -0.32604227,  0.        ]],

       [[ 0.        ,  0.95525443,  0.45755288, ...,  0.3861416 ,
          0.79590553,  0.34555312],
        [-0.95525443,  0.        , -0.98473288, ..., -0.99537947,
         -0.81374814, -0.99861954],
        [-0.45755288,  0.98473288,  0.        , ..., -0.07871454,
          0.43069315, -0.12210749],
        ...,
        [-0.3861416 ,  0.99537947,  0.07871454, ...,  0.        ,
          0.50039654, -0.04360311],
        [-0.79590553,  0.81374814, -0.43069315, ..., -0.50039654,
          0.        , -0.53767204],
        [-0.34555312,  0.99861954,  0.12210749, ...,  0.04360311,
          0.53767204,  0.        ]],

       [[ 0.        , -0.02656766, -0.03667435, ...,  0.99541825,
          0.99423664,  0.79327331],
        [ 0.02656766,  0.        , -0.01011162, ...,  0.99760719,
          0.99103743,  0.77681716],
        [ 0.03667435,  0.01011162,  0.        , ...,  0.99825527,
          0.98963601,  0.7704099 ],
        ...,
        [-0.99541825, -0.99760719, -0.99825527, ...,  0.        ,
          0.20178201,  0.68192605],
        [-0.99423664, -0.99103743, -0.98963601, ..., -0.20178201,
          0.        ,  0.52031152],
        [-0.79327331, -0.77681716, -0.7704099 , ..., -0.68192605,
         -0.52031152,  0.        ]],

       ...,

       [[ 0.        ,  0.05671712,  0.19015718, ...,  0.46333753,
          0.44635284,  0.93392249],
        [-0.05671712,  0.        ,  0.13416884, ...,  0.41233001,
          0.39488062,  0.91214416],
        [-0.19015718, -0.13416884,  0.        , ...,  0.28636947,
          0.26804504,  0.84890528],
        ...,
        [-0.46333753, -0.41233001, -0.28636947, ...,  0.        ,
         -0.01907106,  0.66199334],
        [-0.44635284, -0.39488062, -0.26804504, ...,  0.01907106,
          0.        ,  0.67616689],
        [-0.93392249, -0.91214416, -0.84890528, ..., -0.66199334,
         -0.67616689,  0.        ]],

       [[ 0.        ,  0.06710158,  0.1066694 , ...,  0.99265557,
          0.93837654,  0.69104825],
        [-0.06710158,  0.        ,  0.03971024, ...,  0.99853588,
          0.95945287,  0.73799233],
        [-0.1066694 , -0.03971024,  0.        , ...,  0.99989633,
          0.96988918,  0.76420707],
        ...,
        [-0.99265557, -0.99853588, -0.99989633, ...,  0.        ,
          0.22955628,  0.63390053],
        [-0.93837654, -0.95945287, -0.96988918, ..., -0.22955628,
          0.        ,  0.43943028],
        [-0.69104825, -0.73799233, -0.76420707, ..., -0.63390053,
         -0.43943028,  0.        ]],

       [[ 0.        ,  0.38203726,  0.54668969, ...,  0.50362267,
          0.40706646,  0.        ],
        [-0.38203726,  0.        ,  0.18532832, ...,  0.79547239,
          0.72514149,  0.38203726],
        [-0.54668969, -0.18532832,  0.        , ...,  0.89399923,
          0.84019668,  0.54668969],
        ...,
        [-0.50362267, -0.79547239, -0.89399923, ...,  0.        ,
          0.10833384,  0.50362267],
        [-0.40706646, -0.72514149, -0.84019668, ..., -0.10833384,
          0.        ,  0.40706646],
        [-0.        , -0.38203726, -0.54668969, ..., -0.50362267,
         -0.40706646,  0.        ]]]), 'num': array([ 1.37179233e+08,  1.49403300e+06,  1.21800000e+03,  1.11400000e+05,
        1.15600000e+05,  1.09900000e+05,  2.95108000e+05, -4.60000000e+03,
        1.13300000e+05,  1.04990000e+05,  9.30116667e+04,  6.74698795e+01,
        1.16418368e+05,  9.35616318e+04])}
{'img': array([[[ 0.        , -0.04002795,  0.13231245, ...,  0.9666186 ,
          0.83025949,  0.99109225],
        [ 0.04002795,  0.        ,  0.17188245, ...,  0.95558797,
          0.80728343,  0.99562876],
        [-0.13231245, -0.17188245,  0.        , ...,  0.99202119,
          0.89670782,  0.96475764],
        ...,
        [-0.9666186 , -0.95558797, -0.99202119, ...,  0.        ,
          0.32604227, -0.38266874],
        [-0.83025949, -0.80728343, -0.89670782, ..., -0.32604227,
          0.        , -0.66298365],
        [-0.99109225, -0.99562876, -0.96475764, ...,  0.38266874,
          0.66298365,  0.        ]],

       [[ 0.        , -0.98473288, -0.93053933, ..., -0.81374814,
         -0.99861954, -0.51428705],
        [ 0.98473288,  0.        ,  0.19862018, ...,  0.43069315,
         -0.12210749,  0.75500164],
        [ 0.93053933, -0.19862018,  0.        , ...,  0.24285785,
         -0.31680857,  0.6097196 ],
        ...,
        [ 0.81374814, -0.43069315, -0.24285785, ...,  0.        ,
         -0.53767204,  0.39897244],
        [ 0.99861954,  0.12210749,  0.31680857, ...,  0.53767204,
          0.        ,  0.82942055],
        [ 0.51428705, -0.75500164, -0.6097196 , ..., -0.39897244,
         -0.82942055,  0.        ]],

       [[ 0.        , -0.00995784, -0.01496804, ...,  0.99801322,
          0.9298315 ,  0.76928436],
        [ 0.00995784,  0.        , -0.00501057, ...,  0.99733635,
          0.92612105,  0.76288409],
        [ 0.01496804,  0.00501057,  0.        , ...,  0.99695836,
          0.92421931,  0.759635  ],
        ...,
        [-0.99801322, -0.99733635, -0.99695836, ...,  0.        ,
          0.30867058,  0.58916853],
        [-0.9298315 , -0.92612105, -0.92421931, ..., -0.30867058,
          0.        ,  0.31098988],
        [-0.76928436, -0.76288409, -0.759635  , ..., -0.58916853,
         -0.31098988,  0.        ]],

       ...,

       [[ 0.        ,  0.13416884,  0.2207345 , ...,  0.39488062,
          0.91214416, -0.07573314],
        [-0.13416884,  0.        ,  0.08787931, ...,  0.26804504,
          0.84890528, -0.20883192],
        [-0.2207345 , -0.08787931,  0.        , ...,  0.18234452,
          0.7991728 , -0.29396568],
        ...,
        [-0.39488062, -0.26804504, -0.18234452, ...,  0.        ,
          0.67616689, -0.46332506],
        [-0.91214416, -0.84890528, -0.7991728 , ..., -0.67616689,
          0.        , -0.9405653 ],
        [ 0.07573314,  0.20883192,  0.29396568, ...,  0.46332506,
          0.9405653 ,  0.        ]],

       [[ 0.        ,  0.03966129,  0.04886063, ...,  0.9616391 ,
          0.79542192,  0.73738315],
        [-0.03966129,  0.        ,  0.00920826, ...,  0.97176226,
          0.81883303,  0.76359316],
        [-0.04886063, -0.00920826,  0.        , ...,  0.97389386,
          0.82408415,  0.76950654],
        ...,
        [-0.9616391 , -0.97176226, -0.97389386, ...,  0.        ,
          0.36460885,  0.44728559],
        [-0.79542192, -0.81883303, -0.82408415, ..., -0.36460885,
          0.        ,  0.09039185],
        [-0.73738315, -0.76359316, -0.76950654, ..., -0.44728559,
         -0.09039185,  0.        ]],

       [[ 0.        ,  0.4008008 ,  0.64639677, ...,  0.63253217,
          0.51337248,  0.        ],
        [-0.4008008 ,  0.        ,  0.28639465, ...,  0.88993786,
          0.81428759,  0.4008008 ],
        [-0.64639677, -0.28639465,  0.        , ...,  0.9832793 ,
          0.94641961,  0.64639677],
        ...,
        [-0.63253217, -0.88993786, -0.9832793 , ...,  0.        ,
          0.14519304,  0.63253217],
        [-0.51337248, -0.81428759, -0.94641961, ..., -0.14519304,
          0.        ,  0.51337248],
        [-0.        , -0.4008008 , -0.64639677, ..., -0.63253217,
         -0.51337248,  0.        ]]]), 'num': array([ 1.35000000e+07,  1.35000000e+07,  0.00000000e+00,  1.10000000e+05,
        1.12300000e+05,  1.08900000e+05,  1.86937000e+05, -1.40000000e+03,
        1.12860000e+05,  1.05805000e+05,  9.33866667e+04,  6.64031621e+01,
        1.16172155e+05,  9.54378451e+04])}
{'img': array([[[ 0.        ,  0.17188245,  0.01347161, ...,  0.80728343,
          0.99562876,  0.97957667],
        [-0.17188245,  0.        , -0.15859573, ...,  0.89670782,
          0.96475764,  0.93043751],
        [-0.01347161,  0.15859573,  0.        , ...,  0.81516063,
          0.99428018,  0.97677902],
        ...,
        [-0.80728343, -0.89670782, -0.81516063, ...,  0.        ,
         -0.66298365, -0.74043212],
        [-0.99562876, -0.96475764, -0.99428018, ...,  0.66298365,
          0.        , -0.10870061],
        [-0.97957667, -0.93043751, -0.97677902, ...,  0.74043212,
          0.10870061,  0.        ]],

       [[ 0.        ,  0.19862018, -0.31240898, ..., -0.12210749,
          0.75500164,  0.19053069],
        [-0.19862018,  0.        , -0.49486349, ..., -0.31680857,
          0.6097196 , -0.00824704],
        [ 0.31240898,  0.49486349,  0.        , ...,  0.19407546,
          0.92206579,  0.48768022],
        ...,
        [ 0.12210749,  0.31680857, -0.19407546, ...,  0.        ,
          0.82942055,  0.30897556],
        [-0.75500164, -0.6097196 , -0.92206579, ..., -0.82942055,
          0.        , -0.61623561],
        [-0.19053069,  0.00824704, -0.48768022, ..., -0.30897556,
          0.61623561,  0.        ]],

       [[ 0.        , -0.00501057, -0.00501057, ...,  0.92612105,
          0.76288409,  0.89339325],
        [ 0.00501057,  0.        ,  0.        , ...,  0.92421931,
          0.759635  ,  0.89113091],
        [ 0.00501057,  0.        ,  0.        , ...,  0.92421931,
          0.759635  ,  0.89113091],
        ...,
        [-0.92612105, -0.92421931, -0.92421931, ...,  0.        ,
          0.31098988,  0.07907195],
        [-0.76288409, -0.759635  , -0.759635  , ..., -0.31098988,
          0.        , -0.23486511],
        [-0.89339325, -0.89113091, -0.89113091, ..., -0.07907195,
          0.23486511,  0.        ]],

       ...,

       [[ 0.        ,  0.08787931, -0.17191904, ...,  0.84890528,
         -0.20883192, -0.24929774],
        [-0.08787931,  0.        , -0.25782478, ...,  0.7991728 ,
         -0.29396568, -0.33343793],
        [ 0.17191904,  0.25782478,  0.        , ...,  0.92713294,
         -0.03759415, -0.07909495],
        ...,
        [-0.84890528, -0.7991728 , -0.92713294, ...,  0.        ,
         -0.9405653 , -0.95386777],
        [ 0.20883192,  0.29396568,  0.03759415, ...,  0.9405653 ,
          0.        , -0.04156267],
        [ 0.24929774,  0.33343793,  0.07909495, ...,  0.95386777,
          0.04156267,  0.        ]],

       [[ 0.        ,  0.00920826, -0.02481967, ...,  0.81883303,
          0.76359316,  0.87319469],
        [-0.00920826,  0.        , -0.03402404, ...,  0.82408415,
          0.76950654,  0.87764551],
        [ 0.02481967,  0.03402404,  0.        , ...,  0.80433351,
          0.74733193,  0.8608293 ],
        ...,
        [-0.81883303, -0.82408415, -0.80433351, ...,  0.        ,
          0.09039185, -0.10216556],
        [-0.76359316, -0.76950654, -0.74733193, ..., -0.09039185,
          0.        , -0.19166619],
        [-0.87319469, -0.87764551, -0.8608293 , ...,  0.10216556,
          0.19166619,  0.        ]],

       [[ 0.        ,  0.52500121,  0.71100409, ...,  0.68883289,
          0.50553767,  0.        ],
        [-0.52500121,  0.        ,  0.23596214, ...,  0.96685066,
          0.88323728,  0.52500121],
        [-0.71100409, -0.23596214,  0.        , ...,  0.99980014,
          0.96894551,  0.71100409],
        ...,
        [-0.68883289, -0.96685066, -0.99980014, ...,  0.        ,
          0.22785369,  0.68883289],
        [-0.50553767, -0.88323728, -0.96894551, ..., -0.22785369,
          0.        ,  0.50553767],
        [-0.        , -0.52500121, -0.71100409, ..., -0.68883289,
         -0.50553767,  0.        ]]]), 'num': array([ 1.32682100e+07,  1.88110000e+05,  1.21000000e+02,  1.08100000e+05,
        1.10100000e+05,  1.07000000e+05,  1.31160000e+05, -1.90000000e+03,
        1.12100000e+05,  1.06220000e+05,  9.37400000e+04,  5.80645161e+01,
        1.16251470e+05,  9.61885295e+04])}
{'img': array([[[ 0.        , -0.15859573, -0.26084601, ...,  0.96475764,
          0.93043751,  0.87380226],
        [ 0.15859573,  0.        , -0.10443942, ...,  0.99428018,
          0.97677902,  0.93986523],
        [ 0.26084601,  0.10443942,  0.        , ...,  0.99999717,
          0.99381333,  0.97039616],
        ...,
        [-0.96475764, -0.99428018, -0.99999717, ...,  0.        ,
         -0.10870061, -0.2392113 ],
        [-0.93043751, -0.97677902, -0.99381333, ...,  0.10870061,
          0.        , -0.1322491 ],
        [-0.87380226, -0.93986523, -0.97039616, ...,  0.2392113 ,
          0.1322491 ,  0.        ]],

       [[ 0.        , -0.49486349, -0.56149339, ...,  0.6097196 ,
         -0.00824704, -0.35443488],
        [ 0.49486349,  0.        , -0.07843107, ...,  0.92206579,
          0.48768022,  0.15474377],
        [ 0.56149339,  0.07843107,  0.        , ...,  0.94958083,
          0.55465002,  0.23175343],
        ...,
        [-0.6097196 , -0.92206579, -0.94958083, ...,  0.        ,
         -0.61623561, -0.85106821],
        [ 0.00824704, -0.48768022, -0.55465002, ...,  0.61623561,
          0.        , -0.34671117],
        [ 0.35443488, -0.15474377, -0.23175343, ...,  0.85106821,
          0.34671117,  0.        ]],

       [[ 0.        ,  0.        ,  0.        , ...,  0.759635  ,
          0.89113091,  0.95082435],
        [ 0.        ,  0.        ,  0.        , ...,  0.759635  ,
          0.89113091,  0.95082435],
        [ 0.        ,  0.        ,  0.        , ...,  0.759635  ,
          0.89113091,  0.95082435],
        ...,
        [-0.759635  , -0.759635  , -0.759635  , ...,  0.        ,
         -0.23486511, -0.38308607],
        [-0.89113091, -0.89113091, -0.89113091, ...,  0.23486511,
          0.        , -0.1554225 ],
        [-0.95082435, -0.95082435, -0.95082435, ...,  0.38308607,
          0.1554225 ,  0.        ]],

       ...,

       [[ 0.        , -0.25782478, -0.61508919, ..., -0.29396568,
         -0.33343793, -0.60720262],
        [ 0.25782478,  0.        , -0.39101017, ..., -0.03759415,
         -0.07909495, -0.38182021],
        [ 0.61508919,  0.39101017,  0.        , ...,  0.35613262,
          0.31698726,  0.00996381],
        ...,
        [ 0.29396568,  0.03759415, -0.35613262, ...,  0.        ,
         -0.04156267, -0.3468044 ],
        [ 0.33343793,  0.07909495, -0.31698726, ...,  0.04156267,
          0.        , -0.30752155],
        [ 0.60720262,  0.38182021, -0.00996381, ...,  0.3468044 ,
          0.30752155,  0.        ]],

       [[ 0.        , -0.03402404, -0.0730687 , ...,  0.76950654,
          0.87764551,  0.8607667 ],
        [ 0.03402404,  0.        , -0.0390933 , ...,  0.74733193,
          0.8608293 ,  0.8429501 ],
        [ 0.0730687 ,  0.0390933 ,  0.        , ...,  0.72078506,
          0.84027691,  0.82127384],
        ...,
        [-0.76950654, -0.74733193, -0.72078506, ...,  0.        ,
         -0.19166619, -0.15804052],
        [-0.87764551, -0.8608293 , -0.84027691, ...,  0.19166619,
          0.        ,  0.03414697],
        [-0.8607667 , -0.8429501 , -0.82127384, ...,  0.15804052,
         -0.03414697,  0.        ]],

       [[ 0.        ,  0.5350962 ,  0.69515681, ...,  0.60207732,
          0.33448834,  0.        ],
        [-0.5350962 ,  0.        ,  0.20260405, ...,  0.93587061,
          0.78684739,  0.5350962 ],
        [-0.69515681, -0.20260405,  0.        , ...,  0.98784764,
          0.89556536,  0.69515681],
        ...,
        [-0.60207732, -0.93587061, -0.98784764, ...,  0.        ,
          0.30032946,  0.60207732],
        [-0.33448834, -0.78684739, -0.89556536, ..., -0.30032946,
          0.        ,  0.33448834],
        [-0.        , -0.5350962 , -0.69515681, ..., -0.60207732,
         -0.33448834,  0.        ]]]), 'num': array([ 1.30625100e+07,  1.88110000e+05,  1.21000000e+02,  1.06400000e+05,
        1.08100000e+05,  1.04200000e+05,  1.69895000e+05, -1.70000000e+03,
        1.10380000e+05,  1.06665000e+05,  9.40200000e+04,  5.36398467e+01,
        1.15864842e+05,  9.74651576e+04])}
{'img': array([[[ 0.        , -0.10443942, -0.06168526, ...,  0.97677902,
          0.93986523,  0.89712572],
        [ 0.10443942,  0.        ,  0.04289262, ...,  0.99381333,
          0.97039616,  0.93835832],
        [ 0.06168526, -0.04289262,  0.        , ...,  0.98813492,
          0.95914372,  0.9226683 ],
        ...,
        [-0.97677902, -0.99381333, -0.98813492, ...,  0.        ,
         -0.1322491 , -0.23930838],
        [-0.93986523, -0.97039616, -0.95914372, ...,  0.1322491 ,
          0.        , -0.1088    ],
        [-0.89712572, -0.93835832, -0.9226683 , ...,  0.23930838,
          0.1088    ,  0.        ]],

       [[ 0.        , -0.07843107, -0.17070908, ...,  0.48768022,
          0.15474377,  0.39457049],
        [ 0.07843107,  0.        , -0.0929034 , ...,  0.55465002,
          0.23175343,  0.46542265],
        [ 0.17070908,  0.0929034 ,  0.        , ...,  0.62955464,
          0.32112519,  0.54563749],
        ...,
        [-0.48768022, -0.55465002, -0.62955464, ...,  0.        ,
         -0.34671117, -0.10364377],
        [-0.15474377, -0.23175343, -0.32112519, ...,  0.34671117,
          0.        ,  0.24762901],
        [-0.39457049, -0.46542265, -0.54563749, ...,  0.10364377,
         -0.24762901,  0.        ]],

       [[ 0.        ,  0.        , -0.0219656 , ...,  0.89113091,
          0.95082435,  0.99605218],
        [ 0.        ,  0.        , -0.0219656 , ...,  0.89113091,
          0.95082435,  0.99605218],
        [ 0.0219656 ,  0.0219656 ,  0.        , ...,  0.8809491 ,
          0.94379153,  0.99386198],
        ...,
        [-0.89113091, -0.89113091, -0.8809491 , ...,  0.        ,
         -0.1554225 , -0.37284954],
        [-0.95082435, -0.95082435, -0.94379153, ...,  0.1554225 ,
          0.        , -0.22410344],
        [-0.99605218, -0.99605218, -0.99386198, ...,  0.37284954,
          0.22410344,  0.        ]],

       ...,

       [[ 0.        , -0.39101017, -0.31214005, ..., -0.07909495,
         -0.38182021, -0.52777558],
        [ 0.39101017,  0.        ,  0.08418434, ...,  0.31698726,
          0.00996381, -0.15363972],
        [ 0.31214005, -0.08418434,  0.        , ...,  0.23601908,
         -0.07425172, -0.23627914],
        ...,
        [ 0.07909495, -0.31698726, -0.23601908, ...,  0.        ,
         -0.30752155, -0.45894013],
        [ 0.38182021, -0.00996381,  0.07425172, ...,  0.30752155,
          0.        , -0.1634776 ],
        [ 0.52777558,  0.15363972,  0.23627914, ...,  0.45894013,
          0.1634776 ,  0.        ]],

       [[ 0.        , -0.0390933 , -0.04782366, ...,  0.8608293 ,
          0.8429501 ,  0.90601537],
        [ 0.0390933 ,  0.        , -0.00873853, ...,  0.84027691,
          0.82127384,  0.88877674],
        [ 0.04782366,  0.00873853,  0.        , ...,  0.83550717,
          0.81625686,  0.88473759],
        ...,
        [-0.8608293 , -0.84027691, -0.83550717, ...,  0.        ,
          0.03414697, -0.09672411],
        [-0.8429501 , -0.82127384, -0.81625686, ..., -0.03414697,
          0.        , -0.13065456],
        [-0.90601537, -0.88877674, -0.88473759, ...,  0.09672411,
          0.13065456,  0.        ]],

       [[ 0.        ,  0.49242349,  0.6187669 , ...,  0.5428034 ,
          0.43762541,  0.        ],
        [-0.49242349,  0.        ,  0.15171191, ...,  0.88599875,
          0.823656  ,  0.49242349],
        [-0.6187669 , -0.15171191,  0.        , ...,  0.94609003,
          0.90015625,  0.6187669 ],
        ...,
        [-0.5428034 , -0.88599875, -0.94609003, ...,  0.        ,
          0.12052171,  0.5428034 ],
        [-0.43762541, -0.823656  , -0.90015625, ..., -0.12052171,
          0.        ,  0.43762541],
        [-0.        , -0.49242349, -0.6187669 , ..., -0.5428034 ,
         -0.43762541,  0.        ]]]), 'num': array([1.35344100e+07, 1.88110000e+05, 1.21000000e+02, 1.10300000e+05,
       1.10400000e+05, 1.05800000e+05, 1.23305000e+05, 3.90000000e+03,
       1.09240000e+05, 1.07130000e+05, 9.44066667e+04, 6.17241379e+01,
       1.16074071e+05, 9.81859293e+04])}
{'img': array([[[ 0.        ,  0.04289262,  0.00726072, ...,  0.97039616,
          0.93835832,  0.9960489 ],
        [-0.04289262,  0.        , -0.03563744, ...,  0.95914372,
          0.9226683 ,  0.99132309],
        [-0.00726072,  0.03563744,  0.        , ...,  0.96861698,
          0.93582381,  0.99537785],
        ...,
        [-0.97039616, -0.95914372, -0.96861698, ...,  0.        ,
         -0.1088    ,  0.15438703],
        [-0.93835832, -0.9226683 , -0.93582381, ...,  0.1088    ,
          0.        ,  0.26096607],
        [-0.9960489 , -0.99132309, -0.99537785, ..., -0.15438703,
         -0.26096607,  0.        ]],

       [[ 0.        , -0.0929034 ,  0.20243104, ...,  0.23175343,
          0.46542265,  0.17819284],
        [ 0.0929034 ,  0.        ,  0.29253552, ...,  0.32112519,
          0.54563749,  0.26883871],
        [-0.20243104, -0.29253552,  0.        , ...,  0.03003556,
          0.27661739, -0.02468762],
        ...,
        [-0.23175343, -0.32112519, -0.03003556, ...,  0.        ,
          0.24762901, -0.05470289],
        [-0.46542265, -0.54563749, -0.27661739, ..., -0.24762901,
          0.        , -0.3002574 ],
        [-0.17819284, -0.26883871,  0.02468762, ...,  0.05470289,
          0.3002574 ,  0.        ]],

       [[ 0.        , -0.0219656 , -0.04262231, ...,  0.95082435,
          0.99605218,  0.99963928],
        [ 0.0219656 ,  0.        , -0.02066639, ...,  0.94379153,
          0.99386198,  0.99998803],
        [ 0.04262231,  0.02066639,  0.        , ...,  0.93675886,
          0.99136345,  0.99987558],
        ...,
        [-0.95082435, -0.94379153, -0.93675886, ...,  0.        ,
         -0.22410344, -0.33515529],
        [-0.99605218, -0.99386198, -0.99136345, ...,  0.22410344,
          0.        , -0.11548879],
        [-0.99963928, -0.99998803, -0.99987558, ...,  0.33515529,
          0.11548879,  0.        ]],

       ...,

       [[ 0.        ,  0.08418434, -0.21569198, ...,  0.00996381,
         -0.15363972,  0.14492197],
        [-0.08418434,  0.        , -0.29712908, ..., -0.07425172,
         -0.23627914,  0.06111192],
        [ 0.21569198,  0.29712908,  0.        , ...,  0.22541055,
          0.0631078 ,  0.35492566],
        ...,
        [-0.00996381,  0.07425172, -0.22541055, ...,  0.        ,
         -0.1634776 ,  0.13505615],
        [ 0.15363972,  0.23627914, -0.0631078 , ...,  0.1634776 ,
          0.        ,  0.29521906],
        [-0.14492197, -0.06111192, -0.35492566, ..., -0.13505615,
         -0.29521906,  0.        ]],

       [[ 0.        , -0.00873853, -0.02736213, ...,  0.82127384,
          0.88877674,  0.85890999],
        [ 0.00873853,  0.        , -0.01862583, ...,  0.81625686,
          0.88473759,  0.85440197],
        [ 0.02736213,  0.01862583,  0.        , ...,  0.80535532,
          0.8759028 ,  0.84457553],
        ...,
        [-0.82127384, -0.81625686, -0.80535532, ...,  0.        ,
         -0.13065456, -0.06944137],
        [-0.88877674, -0.88473759, -0.8759028 , ...,  0.13065456,
          0.        ,  0.06149305],
        [-0.85890999, -0.85440197, -0.84457553, ...,  0.06944137,
         -0.06149305,  0.        ]],

       [[ 0.        ,  0.41014476,  0.56316268, ...,  0.54831745,
          0.33863641,  0.        ],
        [-0.41014476,  0.        ,  0.17469437, ...,  0.84306859,
          0.69475563,  0.41014476],
        [-0.56316268, -0.17469437,  0.        , ...,  0.92405617,
          0.80972037,  0.56316268],
        ...,
        [-0.54831745, -0.84306859, -0.92405617, ...,  0.        ,
          0.23272982,  0.54831745],
        [-0.33863641, -0.69475563, -0.80972037, ..., -0.23272982,
          0.        ,  0.33863641],
        [-0.        , -0.41014476, -0.56316268, ..., -0.54831745,
         -0.33863641,  0.        ]]]), 'num': array([ 1.35102100e+07,  1.88110000e+05,  1.21000000e+02,  1.10100000e+05,
        1.10400000e+05,  1.07500000e+05,  9.28310000e+04, -2.00000000e+02,
        1.08980000e+05,  1.07680000e+05,  9.48150000e+04,  6.21527778e+01,
        1.15905229e+05,  9.94547705e+04])}
{'img': array([[[ 0.        , -0.03563744, -0.25056658, ...,  0.9226683 ,
          0.99132309,  0.98924515],
        [ 0.03563744,  0.        , -0.21590683, ...,  0.93582381,
          0.99537785,  0.99382935],
        [ 0.25056658,  0.21590683,  0.        , ...,  0.98985172,
          0.9926357 ,  0.99433723],
        ...,
        [-0.9226683 , -0.93582381, -0.98985172, ...,  0.        ,
          0.26096607,  0.24649167],
        [-0.99132309, -0.99537785, -0.9926357 , ..., -0.26096607,
          0.        , -0.0149637 ],
        [-0.98924515, -0.99382935, -0.99433723, ..., -0.24649167,
          0.0149637 ,  0.        ]],

       [[ 0.        ,  0.29253552,  0.08469987, ...,  0.54563749,
          0.26883871,  0.03595605],
        [-0.29253552,  0.        , -0.21048966, ...,  0.27661739,
         -0.02468762, -0.25796322],
        [-0.08469987,  0.21048966,  0.        , ...,  0.47269646,
          0.18629098, -0.04881826],
        ...,
        [-0.54563749, -0.27661739, -0.47269646, ...,  0.        ,
         -0.3002574 , -0.51515273],
        [-0.26883871,  0.02468762, -0.18629098, ...,  0.3002574 ,
          0.        , -0.23403253],
        [-0.03595605,  0.25796322,  0.04881826, ...,  0.51515273,
          0.23403253,  0.        ]],

       [[ 0.        , -0.02066639, -0.14218113, ...,  0.99386198,
          0.99998803,  0.99957315],
        [ 0.02066639,  0.        , -0.12169434, ...,  0.99136345,
          0.99987558,  0.99996344],
        [ 0.14218113,  0.12169434,  0.        , ...,  0.96803589,
          0.99052449,  0.99357195],
        ...,
        [-0.99386198, -0.99136345, -0.96803589, ...,  0.        ,
         -0.11548879, -0.13961554],
        [-0.99998803, -0.99987558, -0.99052449, ...,  0.11548879,
          0.        , -0.02432367],
        [-0.99957315, -0.99996344, -0.99357195, ...,  0.13961554,
          0.02432367,  0.        ]],

       ...,

       [[ 0.        , -0.29712908, -0.50171089, ..., -0.23627914,
          0.06111192,  0.07704727],
        [ 0.29712908,  0.        , -0.22202512, ...,  0.0631078 ,
          0.35492566,  0.36981345],
        [ 0.50171089,  0.22202512,  0.        , ...,  0.28311525,
          0.55363712,  0.56686814],
        ...,
        [ 0.23627914, -0.0631078 , -0.28311525, ...,  0.        ,
          0.29521906,  0.31044248],
        [-0.06111192, -0.35492566, -0.55363712, ..., -0.29521906,
          0.        ,  0.015973  ],
        [-0.07704727, -0.36981345, -0.56686814, ..., -0.31044248,
         -0.015973  ,  0.        ]],

       [[ 0.        , -0.01862583, -0.09816042, ...,  0.88473759,
          0.85440197,  0.87963237],
        [ 0.01862583,  0.        , -0.07960752, ...,  0.8759028 ,
          0.84457553,  0.87062032],
        [ 0.09816042,  0.07960752,  0.        , ...,  0.8347133 ,
          0.79927033,  0.82869386],
        ...,
        [-0.88473759, -0.8759028 , -0.8347133 , ...,  0.        ,
          0.06149305,  0.01084173],
        [-0.85440197, -0.84457553, -0.79927033, ..., -0.06149305,
          0.        , -0.05066822],
        [-0.87963237, -0.87062032, -0.82869386, ..., -0.01084173,
          0.05066822,  0.        ]],

       [[ 0.        ,  0.40343841,  0.60830087, ...,  0.54535482,
          0.44239921,  0.        ],
        [-0.40343841,  0.        ,  0.23638773, ...,  0.83716758,
          0.76660921,  0.40343841],
        [-0.60830087, -0.23638773,  0.        , ...,  0.94273269,
          0.89667045,  0.60830087],
        ...,
        [-0.54535482, -0.83716758, -0.94273269, ...,  0.        ,
          0.11826278,  0.54535482],
        [-0.44239921, -0.76660921, -0.89667045, ..., -0.11826278,
          0.        ,  0.44239921],
        [-0.        , -0.40343841, -0.60830087, ..., -0.54535482,
         -0.44239921,  0.        ]]]), 'num': array([1.43572100e+07, 1.88110000e+05, 1.21000000e+02, 1.17100000e+05,
       1.19000000e+05, 1.11400000e+05, 3.62863000e+05, 7.00000000e+03,
       1.10400000e+05, 1.08400000e+05, 9.53300000e+04, 6.81286550e+01,
       1.17252570e+05, 9.95474298e+04])}
{'img': array([[[ 0.        , -0.21231018, -0.20353601, ...,  0.98896122,
          0.98683532,  0.74614588],
        [ 0.21231018,  0.        ,  0.00897013, ...,  0.99787418,
          0.99867434,  0.58778309],
        [ 0.20353601, -0.00897013,  0.        , ...,  0.99841861,
          0.99909589,  0.59501644],
        ...,
        [-0.98896122, -0.99787418, -0.99841861, ...,  0.        ,
         -0.01371914,  0.76899292],
        [-0.98683532, -0.99867434, -0.99909589, ...,  0.01371914,
          0.        ,  0.77769061],
        [-0.74614588, -0.58778309, -0.59501644, ..., -0.76899292,
         -0.77769061,  0.        ]],

       [[ 0.        , -0.21048966, -0.55527074, ..., -0.02468762,
         -0.25796322,  0.99849047],
        [ 0.21048966,  0.        , -0.36777264, ...,  0.18629098,
         -0.04881826,  0.9645592 ],
        [ 0.55527074,  0.36777264,  0.        , ...,  0.53456955,
          0.32193727,  0.7999159 ],
        ...,
        [ 0.02468762, -0.18629098, -0.53456955, ...,  0.        ,
         -0.23403253,  0.99683018],
        [ 0.25796322,  0.04881826, -0.32193727, ...,  0.23403253,
          0.        ,  0.95052764],
        [-0.99849047, -0.9645592 , -0.7999159 , ..., -0.99683018,
         -0.95052764,  0.        ]],

       [[ 0.        , -0.12169434, -0.20391355, ...,  0.99987558,
          0.99996344,  0.99107331],
        [ 0.12169434,  0.        , -0.08326059, ...,  0.99052449,
          0.99357195,  0.96748322],
        [ 0.20391355,  0.08326059,  0.        , ...,  0.97565051,
          0.98069679,  0.94306441],
        ...,
        [-0.99987558, -0.99052449, -0.97565051, ...,  0.        ,
         -0.02432367,  0.11766805],
        [-0.99996344, -0.99357195, -0.98069679, ...,  0.02432367,
          0.        ,  0.14178793],
        [-0.99107331, -0.96748322, -0.94306441, ..., -0.11766805,
         -0.14178793,  0.        ]],

       ...,

       [[ 0.        , -0.22202512, -0.63974913, ...,  0.35492566,
          0.36981345,  0.57082623],
        [ 0.22202512,  0.        , -0.45313669, ...,  0.55363712,
          0.56686814,  0.73887731],
        [ 0.63974913,  0.45313669,  0.        , ...,  0.87088807,
          0.8786274 ,  0.96400718],
        ...,
        [-0.35492566, -0.55363712, -0.87088807, ...,  0.        ,
          0.015973  ,  0.24224319],
        [-0.36981345, -0.56686814, -0.8786274 , ..., -0.015973  ,
          0.        ,  0.22671503],
        [-0.57082623, -0.73887731, -0.96400718, ..., -0.24224319,
         -0.22671503,  0.        ]],

       [[ 0.        , -0.07821097, -0.17715707, ...,  0.92569529,
          0.93641704,  0.69254742],
        [ 0.07821097,  0.        , -0.09964053, ...,  0.89327486,
          0.90610526,  0.63400679],
        [ 0.17715707,  0.09964053,  0.        , ...,  0.84403998,
          0.85944287,  0.5537969 ],
        ...,
        [-0.92569529, -0.89327486, -0.84403998, ...,  0.        ,
         -0.02940216,  0.40580105],
        [-0.93641704, -0.90610526, -0.85944287, ...,  0.02940216,
          0.        ,  0.43249805],
        [-0.69254742, -0.63400679, -0.5537969 , ..., -0.40580105,
         -0.43249805,  0.        ]],

       [[ 0.        ,  0.48626282,  0.66799919, ...,  0.46592828,
          0.12496303,  0.        ],
        [-0.48626282,  0.        ,  0.2218478 , ...,  0.83739028,
          0.59164547,  0.48626282],
        [-0.66799919, -0.2218478 ,  0.        , ...,  0.93778683,
          0.75575575,  0.66799919],
        ...,
        [-0.46592828, -0.83739028, -0.93778683, ...,  0.        ,
          0.35170595,  0.46592828],
        [-0.12496303, -0.59164547, -0.75575575, ..., -0.35170595,
          0.        ,  0.12496303],
        [-0.        , -0.48626282, -0.66799919, ..., -0.46592828,
         -0.12496303,  0.        ]]]), 'num': array([1.53615100e+07, 1.88110000e+05, 1.21000000e+02, 1.25400000e+05,
       1.32500000e+05, 1.17300000e+05, 6.70346000e+05, 8.30000000e+03,
       1.13860000e+05, 1.09585000e+05, 9.59916667e+04, 7.37980769e+01,
       1.20611019e+05, 9.85589808e+04])}
{'img': array([[[ 0.00000000e+00,  8.04325534e-03, -1.36000178e-01, ...,
          9.74638613e-01,  9.92035168e-01,  5.37163312e-01],
        [-8.04325534e-03,  0.00000000e+00, -1.43964302e-01, ...,
          9.72807129e-01,  9.93016216e-01,  5.43930247e-01],
        [ 1.36000178e-01,  1.43964302e-01,  0.00000000e+00, ...,
          9.96017817e-01,  9.65687237e-01,  4.17459234e-01],
        ...,
        [-9.74638613e-01, -9.72807129e-01, -9.96017817e-01, ...,
          0.00000000e+00,  3.44768908e-01,  9.42295392e-01],
        [-9.92035168e-01, -9.93016216e-01, -9.65687237e-01, ...,
         -3.44768908e-01,  0.00000000e+00,  7.69098360e-01],
        [-5.37163312e-01, -5.43930247e-01, -4.17459234e-01, ...,
         -9.42295392e-01, -7.69098360e-01,  0.00000000e+00]],

       [[ 0.00000000e+00, -2.66835414e-01, -3.43326857e-02, ...,
         -3.45347224e-02,  8.41095976e-01,  5.52533422e-01],
        [ 2.66835414e-01,  0.00000000e+00,  2.33590249e-01, ...,
          2.33393680e-01,  9.54927128e-01,  3.10094881e-01],
        [ 3.43326857e-02, -2.33590249e-01,  0.00000000e+00, ...,
         -2.02156613e-04,  8.59170182e-01,  5.23591706e-01],
        ...,
        [ 3.45347224e-02, -2.33393680e-01,  2.02156613e-04, ...,
          0.00000000e+00,  8.59273606e-01,  5.23419464e-01],
        [-8.41095976e-01, -9.54927128e-01, -8.59170182e-01, ...,
         -8.59273606e-01,  0.00000000e+00,  9.99903248e-01],
        [-5.52533422e-01, -3.10094881e-01, -5.23591706e-01, ...,
         -5.23419464e-01, -9.99903248e-01,  0.00000000e+00]],

       [[ 0.00000000e+00, -8.24474434e-02, -1.77888956e-01, ...,
          9.97040432e-01,  9.78203921e-01,  6.37870475e-01],
        [ 8.24474434e-02,  0.00000000e+00, -9.61508638e-02, ...,
          9.87307448e-01,  9.57753615e-01,  5.72202414e-01],
        [ 1.77888956e-01,  9.61508638e-02,  0.00000000e+00, ...,
          9.67462284e-01,  9.25664096e-01,  4.90696751e-01],
        ...,
        [-9.97040432e-01, -9.87307448e-01, -9.67462284e-01, ...,
          0.00000000e+00,  1.31828693e-01,  7.18825542e-01],
        [-9.78203921e-01, -9.57753615e-01, -9.25664096e-01, ...,
         -1.31828693e-01,  0.00000000e+00,  6.20905946e-01],
        [-6.37870475e-01, -5.72202414e-01, -4.90696751e-01, ...,
         -7.18825542e-01, -6.20905946e-01,  0.00000000e+00]],

       ...,

       [[ 0.00000000e+00, -4.53136688e-01, -6.42451871e-01, ...,
          5.66868138e-01,  7.38877315e-01,  8.76911262e-01],
        [ 4.53136688e-01,  0.00000000e+00, -2.25457526e-01, ...,
          8.78627402e-01,  9.64007183e-01,  9.99515888e-01],
        [ 6.42451871e-01,  2.25457526e-01,  0.00000000e+00, ...,
          9.63663152e-01,  9.99130677e-01,  9.80795904e-01],
        ...,
        [-5.66868138e-01, -8.78627402e-01, -9.63663152e-01, ...,
          0.00000000e+00,  2.26715030e-01,  4.49940510e-01],
        [-7.38877315e-01, -9.64007183e-01, -9.99130677e-01, ...,
         -2.26715030e-01,  0.00000000e+00,  2.35754779e-01],
        [-8.76911262e-01, -9.99515888e-01, -9.80795904e-01, ...,
         -4.49940510e-01, -2.35754779e-01,  0.00000000e+00]],

       [[ 0.00000000e+00, -9.35066435e-02, -2.36915386e-01, ...,
          9.92774142e-01,  9.68785242e-01,  6.02549329e-01],
        [ 9.35066435e-02,  0.00000000e+00, -1.45032842e-01, ...,
          9.77203853e-01,  9.41360223e-01,  5.25283417e-01],
        [ 2.36915386e-01,  1.45032842e-01,  0.00000000e+00, ...,
          9.36080791e-01,  8.82472524e-01,  3.96317102e-01],
        ...,
        [-9.92774142e-01, -9.77203853e-01, -9.36080791e-01, ...,
          0.00000000e+00,  1.29857977e-01,  7.20010144e-01],
        [-9.68785242e-01, -9.41360223e-01, -8.82472524e-01, ...,
         -1.29857977e-01,  0.00000000e+00,  6.23796832e-01],
        [-6.02549329e-01, -5.25283417e-01, -3.96317102e-01, ...,
         -7.20010144e-01, -6.23796832e-01,  0.00000000e+00]],

       [[ 0.00000000e+00,  5.07556659e-01,  6.96277054e-01, ...,
          1.29085046e-01,  0.00000000e+00,  4.12958054e-01],
        [-5.07556659e-01,  0.00000000e+00,  2.35614578e-01, ...,
          6.14532248e-01,  5.07556659e-01,  8.18069501e-01],
        [-6.96277054e-01, -2.35614578e-01,  0.00000000e+00, ...,
          7.83105448e-01,  6.96277054e-01,  9.30544553e-01],
        ...,
        [-1.29085046e-01, -6.14532248e-01, -7.83105448e-01, ...,
          0.00000000e+00,  1.29085046e-01, -2.91938840e-01],
        [-0.00000000e+00, -5.07556659e-01, -6.96277054e-01, ...,
         -1.29085046e-01,  0.00000000e+00, -4.12958054e-01],
        [-4.12958054e-01, -8.18069501e-01, -9.30544553e-01, ...,
          2.91938840e-01,  4.12958054e-01,  0.00000000e+00]]]), 'num': array([1.55309100e+07, 1.88110000e+05, 1.21000000e+02, 1.26800000e+05,
       1.30500000e+05, 1.22000000e+05, 2.79489000e+05, 1.40000000e+03,
       1.17940000e+05, 1.10720000e+05, 9.67216667e+04, 7.60663507e+01,
       1.23745913e+05, 9.76940874e+04])}
{'img': array([[[ 0.        , -0.14169867,  0.31893695, ...,  0.9978472 ,
          0.79057876,  0.53652904],
        [ 0.14169867,  0.        ,  0.45001741, ...,  0.9784859 ,
          0.69583104,  0.41153844],
        [-0.31893695, -0.45001741,  0.        , ...,  0.96665202,
          0.94459587,  0.77765442],
        ...,
        [-0.9978472 , -0.9784859 , -0.96665202, ...,  0.        ,
          0.55919449,  0.8068786 ],
        [-0.79057876, -0.69583104, -0.94459587, ..., -0.55919449,
          0.        ,  0.33860595],
        [-0.53652904, -0.41153844, -0.77765442, ..., -0.8068786 ,
         -0.33860595,  0.        ]],

       [[ 0.        ,  0.23359025,  0.86854482, ...,  0.95492713,
          0.31009488,  0.84106006],
        [-0.23359025,  0.        ,  0.72874683, ...,  0.85917018,
          0.52359171,  0.69143352],
        [-0.86854482, -0.72874683,  0.        , ...,  0.2154529 ,
          0.97941676, -0.05299386],
        ...,
        [-0.95492713, -0.85917018, -0.2154529 , ...,  0.        ,
          0.99990325, -0.26689941],
        [-0.31009488, -0.52359171, -0.97941676, ..., -0.99990325,
          0.        , -0.96734379],
        [-0.84106006, -0.69143352,  0.05299386, ...,  0.26689941,
          0.96734379,  0.        ]],

       [[ 0.        , -0.09014835, -0.04447368, ...,  0.99880834,
          0.95160567,  0.54189963],
        [ 0.09014835,  0.        ,  0.04576655, ...,  0.99034187,
          0.92002652,  0.46392864],
        [ 0.04447368, -0.04576655,  0.        , ...,  0.99564955,
          0.93699638,  0.50398585],
        ...,
        [-0.99880834, -0.99034187, -0.99564955, ...,  0.        ,
          0.26051265,  0.81299443],
        [-0.95160567, -0.92002652, -0.93699638, ..., -0.26051265,
          0.        ,  0.633233  ],
        [-0.54189963, -0.46392864, -0.50398585, ..., -0.81299443,
         -0.633233  ,  0.        ]],

       ...,

       [[ 0.        , -0.22545753,  0.61844412, ...,  0.96400718,
