state_0,state_1,state_2,state_3,state_4,state_5,state_6,state_7,state_8,state_9,state_10,state_11,state_12,state_13,state_14,state_15,state_16,state_17,state_18,state_19,state_20,state_21,state_22,state_23,state_24,state_25,state_26,state_27,state_28,state_29,state_30,state_31,state_32,state_33,state_34,state_35,state_36,state_37,state_38,state_39,state_40,state_41,state_42,state_43,state_44,state_45,state_46,state_47,state_48,state_49,state_50,state_51,state_52,state_53,state_54,state_55,state_56,state_57,state_58,state_59,state_60,state_61,state_62,state_63,state_64,state_65,state_66,state_67,state_68,state_69,state_70,state_71,state_72,state_73,state_74,state_75,state_76,state_77
{'img': array([[[ 0.        , -0.14123351, -0.37984222, ..., -0.99976663,
         -0.99961114, -0.99918982],
        [ 0.14123351,  0.        , -0.24538656, ..., -0.99279633,
         -0.99352965, -0.98349024],
        [ 0.37984222,  0.24538656,  0.        , ..., -0.93304108,
         -0.93528348, -0.90901489],
        ...,
        [ 0.99976663,  0.99279633,  0.93304108, ...,  0.        ,
         -0.0062841 ,  0.06182144],
        [ 0.99961114,  0.99352965,  0.93528348, ...,  0.0062841 ,
          0.        ,  0.0680923 ],
        [ 0.99918982,  0.98349024,  0.90901489, ..., -0.06182144,
         -0.0680923 ,  0.        ]],

       [[ 0.        , -0.09762333, -0.12610873, ..., -0.62489263,
         -0.63507195, -0.52128998],
        [ 0.09762333,  0.        , -0.02866242, ..., -0.54569222,
         -0.55662905, -0.43549025],
        [ 0.12610873,  0.02866242,  0.        , ..., -0.52144932,
         -0.53258874, -0.40950961],
        ...,
        [ 0.62489263,  0.54569222,  0.52144932, ...,  0.        ,
         -0.01310728,  0.12629396],
        [ 0.63507195,  0.55662905,  0.53258874, ...,  0.01310728,
          0.        ,  0.13928544],
        [ 0.52128998,  0.43549025,  0.40950961, ..., -0.12629396,
         -0.13928544,  0.        ]],

       [[ 0.        , -0.48699696, -0.66001855, ..., -0.80314759,
         -0.7896574 , -0.78879332],
        [ 0.48699696,  0.        , -0.21060649, ..., -0.99161515,
         -0.9884857 , -0.98827181],
        [ 0.66001855,  0.21060649,  0.        , ..., -0.99659   ,
         -0.99818265, -0.99826646],
        ...,
        [ 0.80314759,  0.99161515,  0.99659   , ...,  0.        ,
         -0.02230743, -0.02371413],
        [ 0.7896574 ,  0.9884857 ,  0.99818265, ...,  0.02230743,
          0.        , -0.00140707],
        [ 0.78879332,  0.98827181,  0.99826646, ...,  0.02371413,
          0.00140707,  0.        ]],

       ...,

       [[ 0.        , -0.22357954, -0.2954257 , ...,  0.92787744,
          0.99606198,  0.7852019 ],
        [ 0.22357954,  0.        , -0.07434697, ...,  0.98775839,
          0.95102489,  0.90377441],
        [ 0.2954257 ,  0.07434697,  0.        , ...,  0.9966222 ,
          0.92541115,  0.93309434],
        ...,
        [-0.92787744, -0.98775839, -0.9966222 , ...,  0.        ,
          0.45368214, -0.28178841],
        [-0.99606198, -0.95102489, -0.92541115, ..., -0.45368214,
          0.        , -0.68641695],
        [-0.7852019 , -0.90377441, -0.93309434, ...,  0.28178841,
          0.68641695,  0.        ]],

       [[ 0.        ,  0.10169654,  0.30794758, ..., -0.70475392,
         -0.47616194, -0.52876692],
        [-0.10169654,  0.        ,  0.20959658, ..., -0.62895131,
         -0.38426564, -0.43970883],
        [-0.30794758, -0.20959658,  0.        , ..., -0.45203126,
         -0.18222601, -0.24169484],
        ...,
        [ 0.70475392,  0.62895131,  0.45203126, ...,  0.        ,
         -0.28191676, -0.22303727],
        [ 0.47616194,  0.38426564,  0.18222601, ...,  0.28191676,
          0.        ,  0.06082464],
        [ 0.52876692,  0.43970883,  0.24169484, ...,  0.22303727,
         -0.06082464,  0.        ]],

       [[ 0.        , -0.38759513, -0.58336566, ..., -0.42894476,
         -0.46471966, -0.46338631],
        [ 0.38759513,  0.        , -0.22295529, ..., -0.74554061,
         -0.77159154, -0.77063316],
        [ 0.58336566,  0.22295529,  0.        , ..., -0.87536519,
         -0.8939955 , -0.89332003],
        ...,
        [ 0.42894476,  0.74554061,  0.87536519, ...,  0.        ,
          0.03998303,  0.03847895],
        [ 0.46471966,  0.77159154,  0.8939955 , ..., -0.03998303,
          0.        , -0.00150523],
        [ 0.46338631,  0.77063316,  0.89332003, ..., -0.03847895,
          0.00150523,  0.        ]]]), 'num': array([8.36772980e+07, 4.64180000e+04, 1.74960000e+04, 4.78000000e+03,
       4.88000000e+03, 4.74000000e+03, 1.00608000e+05, 0.00000000e+00,
       4.73600000e+03, 4.58975000e+03, 5.08491667e+03, 6.38613861e+01,
       4.93693115e+03, 4.24256885e+03])}
{'img': array([[[ 0.        , -0.24538656, -0.11521535, ..., -0.99352965,
         -0.98349024, -0.98349024],
        [ 0.24538656,  0.        ,  0.13205974, ..., -0.93528348,
         -0.90901489, -0.90901489],
        [ 0.11521535, -0.13205974,  0.        , ..., -0.97382791,
         -0.95609122, -0.95609122],
        ...,
        [ 0.99352965,  0.93528348,  0.97382791, ...,  0.        ,
          0.0680923 ,  0.0680923 ],
        [ 0.98349024,  0.90901489,  0.95609122, ..., -0.0680923 ,
          0.        ,  0.        ],
        [ 0.98349024,  0.90901489,  0.95609122, ..., -0.0680923 ,
          0.        ,  0.        ]],

       [[ 0.        , -0.02866242, -0.1145484 , ..., -0.55662905,
         -0.43549025, -0.38587245],
        [ 0.02866242,  0.        , -0.08602759, ..., -0.53258874,
         -0.40950961, -0.35927134],
        [ 0.1145484 ,  0.08602759,  0.        , ..., -0.45780277,
         -0.32950799, -0.27765563],
        ...,
        [ 0.55662905,  0.53258874,  0.45780277, ...,  0.        ,
          0.13928544,  0.19295148],
        [ 0.43549025,  0.40950961,  0.32950799, ..., -0.13928544,
          0.        ,  0.05440261],
        [ 0.38587245,  0.35927134,  0.27765563, ..., -0.19295148,
         -0.05440261,  0.        ]],

       [[ 0.        , -0.49377273, -0.64652511, ..., -0.80927258,
         -0.80841069, -0.8218872 ],
        [ 0.49377273,  0.        , -0.18551679, ..., -0.99379469,
         -0.99363059, -0.99598347],
        [ 0.64652511,  0.18551679,  0.        , ..., -0.99717853,
         -0.99728749, -0.99530495],
        ...,
        [ 0.80927258,  0.99379469,  0.99717853, ...,  0.        ,
         -0.00146572,  0.02180158],
        [ 0.80841069,  0.99363059,  0.99728749, ...,  0.00146572,
          0.        ,  0.02326693],
        [ 0.8218872 ,  0.99598347,  0.99530495, ..., -0.02180158,
         -0.02326693,  0.        ]],

       ...,

       [[ 0.        , -0.07434697,  0.16034546, ...,  0.95102489,
          0.90377441,  0.96658496],
        [ 0.07434697,  0.        ,  0.23328669, ...,  0.92541115,
          0.93309434,  0.98296846],
        [-0.16034546, -0.23328669,  0.        , ...,  0.98828461,
          0.82345112,  0.91297428],
        ...,
        [-0.95102489, -0.92541115, -0.98828461, ...,  0.        ,
         -0.68641695, -0.54257714],
        [-0.90377441, -0.93309434, -0.82345112, ...,  0.68641695,
          0.        ,  0.1820278 ],
        [-0.96658496, -0.98296846, -0.91297428, ...,  0.54257714,
         -0.1820278 ,  0.        ]],

       [[ 0.        ,  0.20959658,  0.38426564, ..., -0.38426564,
         -0.43970883, -0.57298306],
        [-0.20959658,  0.        ,  0.18222601, ..., -0.18222601,
         -0.24169484, -0.38847744],
        [-0.38426564, -0.18222601,  0.        , ..., -0.        ,
         -0.06082464, -0.21405938],
        ...,
        [ 0.38426564,  0.18222601,  0.        , ...,  0.        ,
          0.06082464,  0.21405938],
        [ 0.43970883,  0.24169484,  0.06082464, ..., -0.06082464,
          0.        ,  0.15424828],
        [ 0.57298306,  0.38847744,  0.21405938, ..., -0.21405938,
         -0.15424828,  0.        ]],

       [[ 0.        , -0.46383588, -0.58896457, ..., -0.47349059,
         -0.47213586, -0.46680091],
        [ 0.46383588,  0.        , -0.1469231 , ..., -0.82802145,
         -0.82715843, -0.82374782],
        [ 0.58896457,  0.1469231 ,  0.        , ..., -0.90141495,
         -0.90074824, -0.89810743],
        ...,
        [ 0.47349059,  0.82802145,  0.90141495, ...,  0.        ,
         -0.00153744, -0.00757957],
        [ 0.47213586,  0.82715843,  0.90074824, ...,  0.00153744,
          0.        , -0.00604217],
        [ 0.46680091,  0.82374782,  0.89810743, ...,  0.00757957,
          0.00604217,  0.        ]]]), 'num': array([3.06783250e+07, 1.55034050e+07, 3.11600000e+03, 4.87000000e+03,
       4.95000000e+03, 4.73500000e+03, 9.60720000e+04, 9.00000000e+01,
       4.77700000e+03, 4.59950000e+03, 5.06841667e+03, 8.35227273e+01,
       4.96611833e+03, 4.23288167e+03])}
{'img': array([[[ 0.        ,  0.13205974,  0.72984205, ..., -0.90901489,
         -0.90901489, -0.85894482],
        [-0.13205974,  0.        ,  0.63317178, ..., -0.95609122,
         -0.95609122, -0.91904557],
        [-0.72984205, -0.63317178,  0.        , ..., -0.92558858,
         -0.92558858, -0.96091714],
        ...,
        [ 0.90901489,  0.95609122,  0.92558858, ...,  0.        ,
          0.        ,  0.10750061],
        [ 0.90901489,  0.95609122,  0.92558858, ...,  0.        ,
          0.        ,  0.10750061],
        [ 0.85894482,  0.91904557,  0.96091714, ..., -0.10750061,
         -0.10750061,  0.        ]],

       [[ 0.        , -0.08602759,  0.68699017, ..., -0.40950961,
         -0.35927134, -0.37249776],
        [ 0.08602759,  0.        ,  0.62192995, ..., -0.32950799,
         -0.27765563, -0.29128037],
        [-0.68699017, -0.62192995,  0.        , ..., -0.32916813,
         -0.38005148, -0.36686789],
        ...,
        [ 0.40950961,  0.32950799,  0.32916813, ...,  0.        ,
          0.05440261,  0.0402066 ],
        [ 0.35927134,  0.27765563,  0.38005148, ..., -0.05440261,
          0.        , -0.01421157],
        [ 0.37249776,  0.29128037,  0.36686789, ..., -0.0402066 ,
          0.01421157,  0.        ]],

       [[ 0.        , -0.46395413, -0.46395413, ..., -0.82854404,
         -0.84190087, -0.87304774],
        [ 0.46395413,  0.        ,  0.        , ..., -0.99375239,
         -0.99617025, -0.99963755],
        [ 0.46395413,  0.        ,  0.        , ..., -0.99375239,
         -0.99617025, -0.99963755],
        ...,
        [ 0.82854404,  0.99375239,  0.99375239, ...,  0.        ,
          0.02429137,  0.08481344],
        [ 0.84190087,  0.99617025,  0.99617025, ..., -0.02429137,
          0.        ,  0.06058456],
        [ 0.87304774,  0.99963755,  0.99963755, ..., -0.08481344,
         -0.06058456,  0.        ]],

       ...,

       [[ 0.        ,  0.19731744,  0.35263011, ...,  0.79221045,
          0.84864578,  0.86274719],
        [-0.19731744,  0.        ,  0.16105497, ...,  0.65622275,
          0.72758777,  0.94555598],
        [-0.35263011, -0.16105497,  0.        , ...,  0.52612925,
          0.60760337,  0.98562903],
        ...,
        [-0.79221045, -0.65622275, -0.52612925, ...,  0.        ,
          0.0988355 ,  0.92705949],
        [-0.84864578, -0.72758777, -0.60760337, ..., -0.0988355 ,
          0.        ,  0.88546557],
        [-0.86274719, -0.94555598, -0.98562903, ..., -0.92705949,
         -0.88546557,  0.        ]],

       [[ 0.        ,  0.18222601, -0.03626285, ..., -0.24169484,
         -0.38847744, -0.4960559 ],
        [-0.18222601,  0.        , -0.21776185, ..., -0.06082464,
         -0.21405938, -0.32952514],
        [ 0.03626285,  0.21776185,  0.        , ..., -0.27672362,
         -0.42163664, -0.52721633],
        ...,
        [ 0.24169484,  0.06082464,  0.27672362, ...,  0.        ,
          0.15424828,  0.27148763],
        [ 0.38847744,  0.21405938,  0.42163664, ..., -0.15424828,
          0.        ,  0.11978349],
        [ 0.4960559 ,  0.32952514,  0.52721633, ..., -0.27148763,
         -0.11978349,  0.        ]],

       [[ 0.        , -0.3976576 , -0.45412799, ..., -0.48527906,
         -0.47981891, -0.45832054],
        [ 0.3976576 ,  0.        , -0.06239016, ..., -0.79295562,
         -0.78914198, -0.77395753],
        [ 0.45412799,  0.06239016,  0.        , ..., -0.82942385,
         -0.82592532, -0.81195752],
        ...,
        [ 0.48527906,  0.79295562,  0.82942385, ...,  0.        ,
         -0.00623397, -0.03057287],
        [ 0.47981891,  0.78914198,  0.82592532, ...,  0.00623397,
          0.        , -0.02434122],
        [ 0.45832054,  0.77395753,  0.81195752, ...,  0.03057287,
          0.02434122,  0.        ]]]), 'num': array([3.09062160e+07, 1.58437460e+07, 3.04600000e+03, 4.94500000e+03,
       4.96000000e+03, 4.87500000e+03, 1.05404000e+05, 7.50000000e+01,
       4.82000000e+03, 4.62325000e+03, 5.05550000e+03, 8.31395349e+01,
       5.01398360e+03, 4.23251640e+03])}
{'img': array([[[ 0.00000000e+00,  6.33171784e-01,  4.11888183e-01, ...,
         -9.56091218e-01, -9.19045565e-01, -8.81223288e-01],
        [-6.33171784e-01,  0.00000000e+00, -2.58161800e-01, ...,
         -9.25588584e-01, -9.60917136e-01, -9.81377236e-01],
        [-4.11888183e-01,  2.58161800e-01,  0.00000000e+00, ...,
         -9.91934963e-01, -9.99812194e-01, -9.97700614e-01],
        ...,
        [ 9.56091218e-01,  9.25588584e-01,  9.91934963e-01, ...,
          0.00000000e+00,  1.07500607e-01,  1.93685102e-01],
        [ 9.19045565e-01,  9.60917136e-01,  9.99812194e-01, ...,
         -1.07500607e-01,  0.00000000e+00,  8.70977512e-02],
        [ 8.81223288e-01,  9.81377236e-01,  9.97700614e-01, ...,
         -1.93685102e-01, -8.70977512e-02,  0.00000000e+00]],

       [[ 0.00000000e+00,  6.21929949e-01,  3.78961011e-03, ...,
         -2.77655634e-01, -2.91280372e-01, -2.63686864e-01],
        [-6.21929949e-01,  0.00000000e+00, -6.24893025e-01, ...,
         -3.80051482e-01, -3.66867895e-01, -3.93432780e-01],
        [-3.78961011e-03,  6.24893025e-01,  0.00000000e+00, ...,
         -2.81294246e-01, -2.94903564e-01, -2.67340460e-01],
        ...,
        [ 2.77655634e-01,  3.80051482e-01,  2.81294246e-01, ...,
          0.00000000e+00, -1.42115666e-02,  1.45100663e-02],
        [ 2.91280372e-01,  3.66867895e-01,  2.94903564e-01, ...,
          1.42115666e-02,  0.00000000e+00,  2.87186714e-02],
        [ 2.63686864e-01,  3.93432780e-01,  2.67340460e-01, ...,
         -1.45100663e-02, -2.87186714e-02,  0.00000000e+00]],

       [[ 0.00000000e+00,  0.00000000e+00,  2.80886301e-02, ...,
         -9.96170245e-01, -9.99637547e-01, -9.99404125e-01],
        [ 0.00000000e+00,  0.00000000e+00,  2.80886301e-02, ...,
         -9.96170245e-01, -9.99637547e-01, -9.99404125e-01],
        [-2.80886301e-02, -2.80886301e-02,  0.00000000e+00, ...,
         -9.93321269e-01, -9.98486934e-01, -9.99979320e-01],
        ...,
        [ 9.96170245e-01,  9.96170245e-01,  9.93321269e-01, ...,
          0.00000000e+00,  6.05845626e-02,  1.21767096e-01],
        [ 9.99637547e-01,  9.99637547e-01,  9.98486934e-01, ...,
         -6.05845626e-02,  0.00000000e+00,  6.14096832e-02],
        [ 9.99404125e-01,  9.99404125e-01,  9.99979320e-01, ...,
         -1.21767096e-01, -6.14096832e-02,  0.00000000e+00]],

       ...,

       [[ 0.00000000e+00,  1.61054967e-01,  1.12549471e-01, ...,
          7.27587769e-01,  9.45555981e-01,  9.82580681e-01],
        [-1.61054967e-01,  0.00000000e+00, -4.89514565e-02, ...,
          6.07603370e-01,  9.85629031e-01,  9.99683412e-01],
        [-1.12549471e-01,  4.89514565e-02,  0.00000000e+00, ...,
          6.45754184e-01,  9.76178329e-01,  9.97253283e-01],
        ...,
        [-7.27587769e-01, -6.07603370e-01, -6.45754184e-01, ...,
          0.00000000e+00,  8.85465565e-01,  8.09277064e-01],
        [-9.45555981e-01, -9.85629031e-01, -9.76178329e-01, ...,
         -8.85465565e-01,  0.00000000e+00, -1.44071401e-01],
        [-9.82580681e-01, -9.99683412e-01, -9.97253283e-01, ...,
         -8.09277064e-01,  1.44071401e-01,  0.00000000e+00]],

       [[ 0.00000000e+00, -2.17761851e-01, -2.50007878e-01, ...,
         -2.14059376e-01, -3.29525141e-01, -4.54858755e-01],
        [ 2.17761851e-01,  0.00000000e+00, -3.31616092e-02, ...,
         -4.21636639e-01, -5.27216331e-01, -6.37873801e-01],
        [ 2.50007878e-01,  3.31616092e-02,  0.00000000e+00, ...,
         -4.51474522e-01, -5.55104814e-01, -6.63062084e-01],
        ...,
        [ 2.14059376e-01,  4.21636639e-01,  4.51474522e-01, ...,
          0.00000000e+00,  1.19783488e-01,  2.53681937e-01],
        [ 3.29525141e-01,  5.27216331e-01,  5.55104814e-01, ...,
         -1.19783488e-01,  0.00000000e+00,  1.35990344e-01],
        [ 4.54858755e-01,  6.37873801e-01,  6.63062084e-01, ...,
         -2.53681937e-01, -1.35990344e-01,  0.00000000e+00]],

       [[ 0.00000000e+00, -2.33908088e-01, -3.40607490e-01, ...,
         -4.89339141e-01, -4.67479136e-01, -4.66628878e-01],
        [ 2.33908088e-01,  0.00000000e+00, -1.11236910e-01, ...,
         -6.79753984e-01, -6.61286373e-01, -6.60564753e-01],
        [ 3.40607490e-01,  1.11236910e-01,  0.00000000e+00, ...,
         -7.57120996e-01, -7.40624913e-01, -7.39978466e-01],
        ...,
        [ 4.89339141e-01,  6.79753984e-01,  7.57120996e-01, ...,
          0.00000000e+00, -2.48922583e-02, -2.58535303e-02],
        [ 4.67479136e-01,  6.61286373e-01,  7.40624913e-01, ...,
          2.48922583e-02,  0.00000000e+00, -9.61581452e-04],
        [ 4.66628878e-01,  6.60564753e-01,  7.39978466e-01, ...,
          2.58535303e-02,  9.61581452e-04,  0.00000000e+00]]]), 'num': array([ 3.06620960e+07,  9.04340600e+06,  4.42100000e+03,  4.89000000e+03,
        4.97000000e+03,  4.87000000e+03,  1.08890000e+05, -5.50000000e+01,
        4.85300000e+03,  4.65275000e+03,  5.04033333e+03,  7.20279720e+01,
        5.03027450e+03,  4.27522550e+03])}
{'img': array([[[ 0.00000000e+00, -2.58161800e-01,  0.00000000e+00, ...,
         -9.60917136e-01, -9.81377236e-01, -9.67141872e-01],
        [ 2.58161800e-01,  0.00000000e+00,  2.58161800e-01, ...,
         -9.99812194e-01, -9.97700614e-01, -9.99991758e-01],
        [ 0.00000000e+00, -2.58161800e-01,  0.00000000e+00, ...,
         -9.60917136e-01, -9.81377236e-01, -9.67141872e-01],
        ...,
        [ 9.60917136e-01,  9.99812194e-01,  9.60917136e-01, ...,
          0.00000000e+00,  8.70977512e-02,  2.34388737e-02],
        [ 9.81377236e-01,  9.97700614e-01,  9.81377236e-01, ...,
         -8.70977512e-02,  0.00000000e+00, -6.37240224e-02],
        [ 9.67141872e-01,  9.99991758e-01,  9.67141872e-01, ...,
         -2.34388737e-02,  6.37240224e-02,  0.00000000e+00]],

       [[ 0.00000000e+00, -6.24893025e-01, -5.93312953e-01, ...,
         -3.66867895e-01, -3.93432780e-01, -4.02831157e-01],
        [ 6.24893025e-01,  0.00000000e+00, -3.98157326e-02, ...,
         -2.94903564e-01, -2.67340460e-01, -2.57454062e-01],
        [ 5.93312953e-01,  3.98157326e-02,  0.00000000e+00, ...,
         -2.56624709e-01, -2.28761944e-01, -2.18776346e-01],
        ...,
        [ 3.66867895e-01,  2.94903564e-01,  2.56624709e-01, ...,
          0.00000000e+00,  2.87186714e-02,  3.89582106e-02],
        [ 3.93432780e-01,  2.67340460e-01,  2.28761944e-01, ...,
         -2.87186714e-02,  0.00000000e+00,  1.02452723e-02],
        [ 4.02831157e-01,  2.57454062e-01,  2.18776346e-01, ...,
         -3.89582106e-02, -1.02452723e-02,  0.00000000e+00]],

       [[ 0.00000000e+00,  2.80886301e-02,  1.16984135e-01, ...,
         -9.99637547e-01, -9.99404125e-01, -9.96764438e-01],
        [-2.80886301e-02,  0.00000000e+00,  8.90422102e-02, ...,
         -9.98486934e-01, -9.99979320e-01, -9.98628865e-01],
        [-1.16984135e-01, -8.90422102e-02,  0.00000000e+00, ...,
         -9.89624414e-01, -9.96579894e-01, -9.99323412e-01],
        ...,
        [ 9.99637547e-01,  9.98486934e-01,  9.89624414e-01, ...,
          0.00000000e+00,  6.14096832e-02,  1.07183598e-01],
        [ 9.99404125e-01,  9.99979320e-01,  9.96579894e-01, ...,
         -6.14096832e-02,  0.00000000e+00,  4.59253875e-02],
        [ 9.96764438e-01,  9.98628865e-01,  9.99323412e-01, ...,
         -1.07183598e-01, -4.59253875e-02,  0.00000000e+00]],

       ...,

       [[ 0.00000000e+00, -4.89514565e-02, -2.28864892e-01, ...,
          9.85629031e-01,  9.99683412e-01,  7.99915651e-01],
        [ 4.89514565e-02,  0.00000000e+00, -1.80938323e-01, ...,
          9.76178329e-01,  9.97253283e-01,  8.28333058e-01],
        [ 2.28864892e-01,  1.80938323e-01,  0.00000000e+00, ...,
          9.20807822e-01,  9.67391545e-01,  9.16029118e-01],
        ...,
        [-9.85629031e-01, -9.76178329e-01, -9.20807822e-01, ...,
          0.00000000e+00, -1.44071401e-01, -7.26613429e-01],
        [-9.99683412e-01, -9.97253283e-01, -9.67391545e-01, ...,
          1.44071401e-01,  0.00000000e+00, -6.20049130e-01],
        [-7.99915651e-01, -8.28333058e-01, -9.16029118e-01, ...,
          7.26613429e-01,  6.20049130e-01,  0.00000000e+00]],

       [[ 0.00000000e+00, -1.25072162e-01, -2.19494648e-01, ...,
         -3.31462265e-01, -4.57451613e-01, -4.91679863e-01],
        [ 1.25072162e-01,  0.00000000e+00, -9.57489834e-02, ...,
         -4.46861148e-01, -5.65078025e-01, -5.96728861e-01],
        [ 2.19494648e-01,  9.57489834e-02,  0.00000000e+00, ...,
         -5.30465409e-01, -6.41478280e-01, -6.70820293e-01],
        ...,
        [ 3.31462265e-01,  4.46861148e-01,  5.30465409e-01, ...,
          0.00000000e+00,  1.36843491e-01,  1.75255053e-01],
        [ 4.57451613e-01,  5.65078025e-01,  6.41478280e-01, ...,
         -1.36843491e-01,  0.00000000e+00,  3.88807998e-02],
        [ 4.91679863e-01,  5.96728861e-01,  6.70820293e-01, ...,
         -1.75255053e-01, -3.88807998e-02,  0.00000000e+00]],

       [[ 0.00000000e+00, -2.52886250e-01, -3.31945933e-01, ...,
         -4.70551492e-01, -4.69696483e-01, -5.58391007e-01],
        [ 2.52886250e-01,  0.00000000e+00, -8.26091696e-02, ...,
         -6.78396577e-01, -6.77684530e-01, -7.50029919e-01],
        [ 3.31945933e-01,  8.26091696e-02,  0.00000000e+00, ...,
         -7.36770451e-01, -7.36115099e-01, -8.02104359e-01],
        ...,
        [ 4.70551492e-01,  6.78396577e-01,  7.36770451e-01, ...,
          0.00000000e+00, -9.68739212e-04,  1.02349773e-01],
        [ 4.69696483e-01,  6.77684530e-01,  7.36115099e-01, ...,
          9.68739212e-04,  0.00000000e+00,  1.03313377e-01],
        [ 5.58391007e-01,  7.50029919e-01,  8.02104359e-01, ...,
         -1.02349773e-01, -1.03313377e-01,  0.00000000e+00]]]), 'num': array([ 3.04915900e+07,  3.00829000e+06,  5.65500000e+03,  4.86000000e+03,
        4.91000000e+03,  4.80500000e+03,  6.13280000e+04, -3.00000000e+01,
        4.86900000e+03,  4.68425000e+03,  5.02133333e+03,  6.78321678e+01,
        5.01802050e+03,  4.35047950e+03])}
{'img': array([[[ 0.        ,  0.2581618 ,  0.        , ..., -0.99770061,
         -0.99999176, -0.99951456],
        [-0.2581618 ,  0.        , -0.2581618 , ..., -0.98137724,
         -0.96714187, -0.95758962],
        [ 0.        ,  0.2581618 ,  0.        , ..., -0.99770061,
         -0.99999176, -0.99951456],
        ...,
        [ 0.99770061,  0.98137724,  0.99770061, ...,  0.        ,
         -0.06372402, -0.09882594],
        [ 0.99999176,  0.96714187,  0.99999176, ...,  0.06372402,
          0.        , -0.03521301],
        [ 0.99951456,  0.95758962,  0.99951456, ...,  0.09882594,
          0.03521301,  0.        ]],

       [[ 0.        , -0.08250822, -0.400142  , ..., -0.50869386,
         -0.49199838, -0.74065031],
        [ 0.08250822,  0.        , -0.32316275, ..., -0.43592417,
         -0.41848951, -0.68268847],
        [ 0.400142  ,  0.32316275,  0.        , ..., -0.12169285,
         -0.1025314 , -0.40991963],
        ...,
        [ 0.50869386,  0.43592417,  0.12169285, ...,  0.        ,
          0.01928214, -0.29587434],
        [ 0.49199838,  0.41848951,  0.1025314 , ..., -0.01928214,
          0.        , -0.31423815],
        [ 0.74065031,  0.68268847,  0.40991963, ...,  0.29587434,
          0.31423815,  0.        ]],

       [[ 0.        ,  0.08904221,  0.37381773, ..., -0.99997932,
         -0.99862887, -0.99723944],
        [-0.08904221,  0.        ,  0.28974603, ..., -0.99657989,
         -0.99932341, -0.99988991],
        [-0.37381773, -0.28974603,  0.        , ..., -0.92988706,
         -0.94579934, -0.95269884],
        ...,
        [ 0.99997932,  0.99657989,  0.92988706, ...,  0.        ,
          0.04592539,  0.06783813],
        [ 0.99862887,  0.99932341,  0.94579934, ..., -0.04592539,
          0.        ,  0.02194696],
        [ 0.99723944,  0.99988991,  0.95269884, ..., -0.06783813,
         -0.02194696,  0.        ]],

       ...,

       [[ 0.        , -0.18093832, -0.14283837, ...,  0.99725328,
          0.82833306,  0.73701435],
        [ 0.18093832,  0.        ,  0.03860224, ...,  0.96739154,
          0.91602912,  0.84714159],
        [ 0.14283837, -0.03860224,  0.        , ...,  0.9764479 ,
          0.89986255,  0.82599821],
        ...,
        [-0.99725328, -0.96739154, -0.9764479 , ...,  0.        ,
         -0.62004913, -0.72860894],
        [-0.82833306, -0.91602912, -0.89986255, ...,  0.62004913,
          0.        , -0.14694939],
        [-0.73701435, -0.84714159, -0.82599821, ...,  0.72860894,
          0.14694939,  0.        ]],

       [[ 0.        , -0.18144613, -0.32959485, ..., -0.45829932,
         -0.49258085, -0.46709742],
        [ 0.18144613,  0.        , -0.1528165 , ..., -0.6119609 ,
         -0.64231097, -0.61977975],
        [ 0.32959485,  0.1528165 ,  0.        , ..., -0.7256339 ,
         -0.75189207, -0.73242687],
        ...,
        [ 0.45829932,  0.6119609 ,  0.7256339 , ...,  0.        ,
          0.03896221,  0.00992427],
        [ 0.49258085,  0.64231097,  0.75189207, ..., -0.03896221,
          0.        , -0.02904355],
        [ 0.46709742,  0.61977975,  0.73242687, ..., -0.00992427,
          0.02904355,  0.        ]],

       [[ 0.        , -0.22043069, -0.28987972, ..., -0.4733169 ,
         -0.56255121, -0.68196474],
        [ 0.22043069,  0.        , -0.07178336, ..., -0.65585024,
         -0.73095776, -0.82640992],
        [ 0.28987972,  0.07178336,  0.        , ..., -0.70834692,
         -0.77805866, -0.86469697],
        ...,
        [ 0.4733169 ,  0.65585024,  0.70834692, ...,  0.        ,
          0.10422636,  0.25456054],
        [ 0.56255121,  0.73095776,  0.77805866, ..., -0.10422636,
          0.        ,  0.15238129],
        [ 0.68196474,  0.82640992,  0.86469697, ..., -0.25456054,
         -0.15238129,  0.        ]]]), 'num': array([ 3.00277330e+07,  2.31807300e+06,  5.79700000e+03,  4.78000000e+03,
        4.86500000e+03,  4.73000000e+03,  1.25196000e+05, -8.00000000e+01,
        4.86900000e+03,  4.69550000e+03,  5.00150000e+03,  6.00000000e+01,
        5.02624008e+03,  4.36475992e+03])}
{'img': array([[[ 0.        , -0.2581618 , -0.61910181, ..., -0.96714187,
         -0.95758962, -0.92558858],
        [ 0.2581618 ,  0.        , -0.39537807, ..., -0.99999176,
         -0.99951456, -0.99193496],
        [ 0.61910181,  0.39537807,  0.        , ..., -0.91690566,
         -0.93039067, -0.96122392],
        ...,
        [ 0.96714187,  0.99999176,  0.91690566, ...,  0.        ,
         -0.03521301, -0.13077412],
        [ 0.95758962,  0.99951456,  0.93039067, ...,  0.03521301,
          0.        , -0.09578241],
        [ 0.92558858,  0.99193496,  0.96122392, ...,  0.13077412,
          0.09578241,  0.        ]],

       [[ 0.        , -0.32316275,  0.02867263, ..., -0.41848951,
         -0.68268847, -0.33941152],
        [ 0.32316275,  0.        ,  0.35016403, ..., -0.1025314 ,
         -0.40991963, -0.0172207 ],
        [-0.02867263, -0.35016403,  0.        , ..., -0.44435855,
         -0.70335915, -0.36624254],
        ...,
        [ 0.41848951,  0.1025314 ,  0.44435855, ...,  0.        ,
         -0.31423815,  0.08538624],
        [ 0.68268847,  0.40991963,  0.70335915, ...,  0.31423815,
          0.        ,  0.39415146],
        [ 0.33941152,  0.0172207 ,  0.36624254, ..., -0.08538624,
         -0.39415146,  0.        ]],

       [[ 0.        ,  0.28974603,  0.35713704, ..., -0.99932341,
         -0.99988991, -0.99988991],
        [-0.28974603,  0.        ,  0.07117928, ..., -0.94579934,
         -0.95269884, -0.95269884],
        [-0.35713704, -0.07117928,  0.        , ..., -0.92028477,
         -0.92864984, -0.92864984],
        ...,
        [ 0.99932341,  0.94579934,  0.92028477, ...,  0.        ,
          0.02194696,  0.02194696],
        [ 0.99988991,  0.95269884,  0.92864984, ..., -0.02194696,
          0.        ,  0.        ],
        [ 0.99988991,  0.95269884,  0.92864984, ..., -0.02194696,
          0.        ,  0.        ]],

       ...,

       [[ 0.        ,  0.03860224,  0.03860224, ...,  0.91602912,
          0.84714159,  0.69503091],
        [-0.03860224,  0.        ,  0.        , ...,  0.89986255,
          0.82599821,  0.66675864],
        [-0.03860224,  0.        ,  0.        , ...,  0.89986255,
          0.82599821,  0.66675864],
        ...,
        [-0.91602912, -0.89986255, -0.89986255, ...,  0.        ,
         -0.14694939, -0.3798214 ],
        [-0.84714159, -0.82599821, -0.82599821, ...,  0.14694939,
          0.        , -0.23976109],
        [-0.69503091, -0.66675864, -0.66675864, ...,  0.3798214 ,
          0.23976109,  0.        ]],

       [[ 0.        , -0.27864952, -0.36657372, ..., -0.49449417,
         -0.46892728, -0.48627003],
        [ 0.27864952,  0.        , -0.09280234, ..., -0.71710552,
         -0.69646792, -0.71049661],
        [ 0.36657372,  0.09280234,  0.        , ..., -0.77869084,
         -0.76005618, -0.77273556],
        ...,
        [ 0.49449417,  0.71710552,  0.77869084, ...,  0.        ,
         -0.02917278, -0.00943661],
        [ 0.46892728,  0.69646792,  0.76005618, ...,  0.02917278,
          0.        ,  0.01973889],
        [ 0.48627003,  0.71049661,  0.77273556, ...,  0.00943661,
         -0.01973889,  0.        ]],

       [[ 0.        , -0.19180997, -0.35348662, ..., -0.56570847,
         -0.68553433, -0.70448807],
        [ 0.19180997,  0.        , -0.16749647, ..., -0.71337196,
         -0.81245077, -0.82753776],
        [ 0.35348662,  0.16749647,  0.        , ..., -0.82067304,
         -0.89862845, -0.90988107],
        ...,
        [ 0.56570847,  0.71337196,  0.82067304, ...,  0.        ,
          0.15343669,  0.17943235],
        [ 0.68553433,  0.81245077,  0.89862845, ..., -0.15343669,
          0.        ,  0.02636114],
        [ 0.70448807,  0.82753776,  0.90988107, ..., -0.17943235,
         -0.02636114,  0.        ]]]), 'num': array([3.02075370e+07, 1.35715700e+06, 5.99800000e+03, 4.81000000e+03,
       4.83500000e+03, 4.68000000e+03, 1.64486000e+05, 3.00000000e+01,
       4.85700000e+03, 4.71100000e+03, 4.98166667e+03, 6.10062893e+01,
       5.03256803e+03, 4.38943197e+03])}
{'img': array([[[ 0.        , -0.57792207, -0.7652963 , ..., -0.96119723,
         -0.92989855, -0.94280904],
        [ 0.57792207,  0.        , -0.25255633, ..., -0.94385211,
         -0.97145177, -0.96205956],
        [ 0.7652963 ,  0.25255633,  0.        , ..., -0.82981789,
         -0.88004369, -0.86196436],
        ...,
        [ 0.96119723,  0.94385211,  0.82981789, ...,  0.        ,
         -0.09702007, -0.06031382],
        [ 0.92989855,  0.97145177,  0.88004369, ...,  0.09702007,
          0.        ,  0.03681415],
        [ 0.94280904,  0.96205956,  0.86196436, ...,  0.06031382,
         -0.03681415,  0.        ]],

       [[ 0.        ,  0.35016403,  0.40300786, ..., -0.40991963,
         -0.0172207 ,  0.16581135],
        [-0.35016403,  0.        ,  0.05702388, ..., -0.70335915,
         -0.36624254, -0.19000332],
        [-0.40300786, -0.05702388,  0.        , ..., -0.7427492 ,
         -0.41870842, -0.24567925],
        ...,
        [ 0.40991963,  0.70335915,  0.7427492 , ...,  0.        ,
          0.39415146,  0.55548543],
        [ 0.0172207 ,  0.36624254,  0.41870842, ..., -0.39415146,
          0.        ,  0.18276909],
        [-0.16581135,  0.19000332,  0.24567925, ..., -0.55548543,
         -0.18276909,  0.        ]],

       [[ 0.        ,  0.07117928, -0.3401825 , ..., -0.95269884,
         -0.95269884, -0.94757305],
        [-0.07117928,  0.        , -0.40625375, ..., -0.92864984,
         -0.92864984, -0.922425  ],
        [ 0.3401825 ,  0.40625375,  0.        , ..., -0.99926624,
         -0.99926624, -0.99976091],
        ...,
        [ 0.95269884,  0.92864984,  0.99926624, ...,  0.        ,
          0.        , -0.01644206],
        [ 0.95269884,  0.92864984,  0.99926624, ...,  0.        ,
          0.        , -0.01644206],
        [ 0.94757305,  0.922425  ,  0.99976091, ...,  0.01644206,
          0.01644206,  0.        ]],

       ...,

       [[ 0.        ,  0.        , -0.06300211, ...,  0.82599821,
          0.66675864,  0.68847492],
        [ 0.        ,  0.        , -0.06300211, ...,  0.82599821,
          0.66675864,  0.68847492],
        [ 0.06300211,  0.06300211,  0.        , ...,  0.85986985,
          0.71238787,  0.73280012],
        ...,
        [-0.82599821, -0.82599821, -0.85986985, ...,  0.        ,
         -0.23976109, -0.21098903],
        [-0.66675864, -0.66675864, -0.71238787, ...,  0.23976109,
          0.        ,  0.0295288 ],
        [-0.68847492, -0.68847492, -0.73280012, ...,  0.21098903,
         -0.0295288 ,  0.        ]],

       [[ 0.        , -0.24552618, -0.22233309, ..., -0.47334388,
         -0.49082344, -0.50374227],
        [ 0.24552618,  0.        ,  0.02385338, ..., -0.67513335,
         -0.68971623, -0.70042147],
        [ 0.22233309, -0.02385338,  0.        , ..., -0.65734471,
         -0.67224823, -0.68319732],
        ...,
        [ 0.47334388,  0.67513335,  0.65734471, ...,  0.        ,
          0.0199503 ,  0.03483535],
        [ 0.49082344,  0.68971623,  0.67224823, ..., -0.0199503 ,
          0.        ,  0.01489023],
        [ 0.50374227,  0.70042147,  0.68319732, ..., -0.03483535,
         -0.01489023,  0.        ]],

       [[ 0.        , -0.30115088, -0.49587902, ..., -0.68823083,
         -0.70721795, -0.73778109],
        [ 0.30115088,  0.        , -0.21134169, ..., -0.87476324,
         -0.88729877, -0.90681961],
        [ 0.49587902,  0.21134169,  0.        , ..., -0.95741004,
         -0.96472642, -0.97542111],
        ...,
        [ 0.68823083,  0.87476324,  0.95741004, ...,  0.        ,
          0.02650465,  0.07067074],
        [ 0.70721795,  0.88729877,  0.96472642, ..., -0.02650465,
          0.        ,  0.04420754],
        [ 0.73778109,  0.90681961,  0.97542111, ..., -0.07067074,
         -0.04420754,  0.        ]]]), 'num': array([ 3.00241300e+07,  8.13550000e+05,  6.11100000e+03,  4.78000000e+03,
        4.85000000e+03,  4.76000000e+03,  5.91210000e+04, -3.00000000e+01,
        4.82400000e+03,  4.73600000e+03,  4.96183333e+03,  4.80916031e+01,
        4.99037374e+03,  4.48162626e+03])}
{'img': array([[[ 0.        , -0.586255  , -0.41153844, ..., -0.95273664,
         -0.96402191, -0.95273664],
        [ 0.586255  ,  0.        ,  0.20091012, ..., -0.94994006,
         -0.93681971, -0.94994006],
        [ 0.41153844, -0.20091012,  0.        , ..., -0.99334127,
         -0.98799854, -0.99334127],
        ...,
        [ 0.95273664,  0.94994006,  0.99334127, ...,  0.        ,
          0.03960831,  0.        ],
        [ 0.96402191,  0.93681971,  0.98799854, ..., -0.03960831,
          0.        , -0.03960831],
        [ 0.95273664,  0.94994006,  0.99334127, ...,  0.        ,
          0.03960831,  0.        ]],

       [[ 0.        ,  0.05702388, -0.44221187, ..., -0.36624254,
         -0.19000332, -0.71748483],
        [-0.05702388,  0.        , -0.49263764, ..., -0.41870842,
         -0.24567925, -0.75603871],
        [ 0.44221187,  0.49263764,  0.        , ...,  0.08299992,
          0.26374031, -0.33548641],
        ...,
        [ 0.36624254,  0.41870842, -0.08299992, ...,  0.        ,
          0.18276909, -0.41251849],
        [ 0.19000332,  0.24567925, -0.26374031, ..., -0.18276909,
          0.        , -0.57206333],
        [ 0.71748483,  0.75603871,  0.33548641, ...,  0.41251849,
          0.57206333,  0.        ]],

       [[ 0.        , -0.40625375, -0.51793217, ..., -0.92864984,
         -0.922425  , -0.90376552],
        [ 0.40625375,  0.        , -0.1257476 , ..., -0.99926624,
         -0.99976091, -0.999713  ],
        [ 0.51793217,  0.1257476 ,  0.        , ..., -0.98651804,
         -0.98907547, -0.99479005],
        ...,
        [ 0.92864984,  0.99926624,  0.98651804, ...,  0.        ,
         -0.01644206, -0.06222943],
        [ 0.922425  ,  0.99976091,  0.98907547, ...,  0.01644206,
          0.        , -0.04581083],
        [ 0.90376552,  0.999713  ,  0.99479005, ...,  0.06222943,
          0.04581083,  0.        ]],

       ...,

       [[ 0.        , -0.06300211, -0.22048135, ...,  0.66675864,
          0.68847492,  0.38702761],
        [ 0.06300211,  0.        , -0.15859163, ...,  0.71238787,
          0.73280012,  0.44435098],
        [ 0.22048135,  0.15859163,  0.        , ...,  0.81466946,
          0.83143871,  0.58080214],
        ...,
        [-0.66675864, -0.71238787, -0.81466946, ...,  0.        ,
          0.0295288 , -0.32635538],
        [-0.68847492, -0.73280012, -0.83143871, ..., -0.0295288 ,
          0.        , -0.35412508],
        [-0.38702761, -0.44435098, -0.58080214, ...,  0.32635538,
          0.35412508,  0.        ]],

       [[ 0.        ,  0.10616557, -0.10167482, ..., -0.58324272,
         -0.59535435, -0.50441972],
        [-0.10616557,  0.        , -0.20671559, ..., -0.49370843,
         -0.50668955, -0.40989941],
        [ 0.10167482,  0.20671559,  0.        , ..., -0.66281042,
         -0.67396102, -0.58959766],
        ...,
        [ 0.58324272,  0.49370843,  0.66281042, ...,  0.        ,
          0.01499102, -0.09386684],
        [ 0.59535435,  0.50668955,  0.67396102, ..., -0.01499102,
          0.        , -0.10878112],
        [ 0.50441972,  0.40989941,  0.58959766, ...,  0.09386684,
          0.10878112,  0.        ]],

       [[ 0.        , -0.40842735, -0.51020776, ..., -0.71411066,
         -0.74477298, -0.83839112],
        [ 0.40842735,  0.        , -0.11444455, ..., -0.93774622,
         -0.95237284, -0.98789686],
        [ 0.51020776,  0.11444455,  0.        , ..., -0.9713339 ,
         -0.98101367, -0.99915776],
        ...,
        [ 0.71411066,  0.93774622,  0.9713339 , ...,  0.        ,
          0.0448267 ,  0.19766165],
        [ 0.74477298,  0.95237284,  0.98101367, ..., -0.0448267 ,
          0.        ,  0.15352067],
        [ 0.83839112,  0.98789686,  0.99915776, ..., -0.19766165,
         -0.15352067,  0.        ]]]), 'num': array([ 2.93457220e+07,  5.45832000e+05,  6.16700000e+03,  4.67000000e+03,
        4.78500000e+03,  4.66000000e+03,  7.99210000e+04, -1.10000000e+02,
        4.78000000e+03,  4.75075000e+03,  4.94283333e+03,  4.22818792e+01,
        4.94732759e+03,  4.55417241e+03])}
{'img': array([[[ 0.        ,  0.44798767, -0.19729729, ..., -0.97352993,
         -0.9820914 , -0.99941761],
        [-0.44798767,  0.        , -0.61557351, ..., -0.97276631,
         -0.9624319 , -0.90880619],
        [ 0.19729729,  0.61557351,  0.        , ..., -0.90929976,
         -0.9256153 , -0.97304018],
        ...,
        [ 0.97352993,  0.97276631,  0.90929976, ...,  0.        ,
         -0.04104836, -0.1952057 ],
        [ 0.9820914 ,  0.9624319 ,  0.9256153 , ...,  0.04104836,
          0.        , -0.15478249],
        [ 0.99941761,  0.90880619,  0.97304018, ...,  0.1952057 ,
          0.15478249,  0.        ]],

       [[ 0.        , -0.49263764,  0.55130549, ..., -0.24567925,
         -0.75603871, -0.63917015],
        [ 0.49263764,  0.        ,  0.89077437, ...,  0.26374031,
         -0.33548641, -0.1773574 ],
        [-0.55130549, -0.89077437,  0.        , ..., -0.73937968,
         -0.99160998, -0.95725182],
        ...,
        [ 0.24567925, -0.26374031,  0.73937968, ...,  0.        ,
         -0.57206333, -0.43063694],
