state_0,state_1,state_2,state_3,state_4,state_5,state_6,state_7,state_8,state_9,state_10,state_11,state_12,state_13,state_14,state_15,state_16,state_17,state_18,state_19,state_20,state_21,state_22,state_23,state_24,state_25,state_26,state_27,state_28,state_29,state_30,state_31,state_32,state_33,state_34,state_35,state_36,state_37,state_38,state_39,state_40,state_41,state_42,state_43,state_44,state_45,state_46,state_47,state_48,state_49,state_50,state_51,state_52,state_53,state_54,state_55,state_56,state_57,state_58,state_59,state_60,state_61,state_62,state_63,state_64,state_65,state_66,state_67,state_68,state_69,state_70,state_71,state_72,state_73,state_74,state_75,state_76,state_77
{'img': array([[[ 0.        , -0.1361098 , -0.11927763, ..., -0.98173441,
         -0.99359634, -0.98403662],
        [ 0.1361098 ,  0.        ,  0.0169705 , ..., -0.94670237,
         -0.96897089, -0.99910187],
        [ 0.11927763, -0.0169705 ,  0.        , ..., -0.9520324 ,
         -0.97302603, -0.9982389 ],
        ...,
        [ 0.98173441,  0.94670237,  0.9520324 , ...,  0.        ,
         -0.07811386, -0.36193486],
        [ 0.99359634,  0.96897089,  0.97302603, ...,  0.07811386,
          0.        , -0.28801094],
        [ 0.98403662,  0.99910187,  0.9982389 , ...,  0.36193486,
          0.28801094,  0.        ]],

       [[ 0.        , -0.03272971, -0.08501664, ..., -0.17228792,
          0.09976822, -0.57026088],
        [ 0.03272971,  0.        , -0.05235988, ..., -0.13995532,
          0.13228119, -0.54306909],
        [ 0.08501664,  0.05235988,  0.        , ..., -0.0879188 ,
          0.18399949, -0.49835819],
        ...,
        [ 0.17228792,  0.13995532,  0.0879188 , ...,  0.        ,
          0.26970468, -0.4202053 ],
        [-0.09976822, -0.13228119, -0.18399949, ..., -0.26970468,
          0.        , -0.64937165],
        [ 0.57026088,  0.54306909,  0.49835819, ...,  0.4202053 ,
          0.64937165,  0.        ]],

       [[ 0.        , -0.09467513, -0.14805993, ..., -0.93292115,
         -0.99425179, -0.92087178],
        [ 0.09467513,  0.        , -0.05376322, ..., -0.89463998,
         -0.97964923, -0.95364601],
        [ 0.14805993,  0.05376322,  0.        , ..., -0.86932533,
         -0.96744117, -0.96844576],
        ...,
        [ 0.93292115,  0.89463998,  0.86932533, ...,  0.        ,
         -0.25812567, -0.69530201],
        [ 0.99425179,  0.97964923,  0.96744117, ...,  0.25812567,
          0.        , -0.48621969],
        [ 0.92087178,  0.95364601,  0.96844576, ...,  0.69530201,
          0.48621969,  0.        ]],

       ...,

       [[ 0.        , -0.9843684 , -0.73030767, ..., -0.89860411,
         -0.82800499, -0.79552996],
        [ 0.9843684 ,  0.        ,  0.5438171 , ...,  0.27363814,
          0.40612611,  0.45633275],
        [ 0.73030767, -0.5438171 ,  0.        , ..., -0.29342292,
         -0.15612678, -0.1009373 ],
        ...,
        [ 0.89860411, -0.27363814,  0.29342292, ...,  0.        ,
          0.14057018,  0.19543003],
        [ 0.82800499, -0.40612611,  0.15612678, ..., -0.14057018,
          0.        ,  0.05562989],
        [ 0.79552996, -0.45633275,  0.1009373 , ..., -0.19543003,
         -0.05562989,  0.        ]],

       [[ 0.        ,  0.07322696,  0.12904007, ..., -0.89767358,
         -0.90912114, -0.88787751],
        [-0.07322696,  0.        ,  0.0560789 , ..., -0.92753187,
         -0.93718178, -0.91918408],
        [-0.12904007, -0.0560789 ,  0.        , ..., -0.9470314 ,
         -0.95526962, -0.93982304],
        ...,
        [ 0.89767358,  0.92753187,  0.9470314 , ...,  0.        ,
         -0.02670465,  0.02174857],
        [ 0.90912114,  0.93718178,  0.95526962, ...,  0.02670465,
          0.        ,  0.04843915],
        [ 0.88787751,  0.91918408,  0.93982304, ..., -0.02174857,
         -0.04843915,  0.        ]],

       [[ 0.        , -0.11997563, -0.19717916, ..., -0.97992159,
         -0.99793852, -0.78662213],
        [ 0.11997563,  0.        , -0.07813469, ..., -0.94892233,
         -0.99842994, -0.85501735],
        [ 0.19717916,  0.07813469,  0.        , ..., -0.92136904,
         -0.99100086, -0.892924  ],
        ...,
        [ 0.97992159,  0.94892233,  0.92136904, ...,  0.        ,
         -0.26186077, -0.76187687],
        [ 0.99793852,  0.99842994,  0.99100086, ...,  0.26186077,
          0.        , -0.56567873],
        [ 0.78662213,  0.85501735,  0.892924  , ...,  0.76187687,
          0.56567873,  0.        ]]]), 'num': array([2.16258500e+06, 2.15386500e+06, 2.00000000e+00, 4.36000000e+03,
       4.42000000e+03, 4.28000000e+03, 6.01310000e+04, 6.00000000e+01,
       4.34000000e+03, 4.72500000e+03, 4.98183333e+03, 2.54716981e+01,
       5.23370424e+03, 4.21629576e+03])}
{'img': array([[[ 0.        ,  0.0169705 ,  0.16171996, ..., -0.96897089,
         -0.99910187, -0.91611575],
        [-0.0169705 ,  0.        ,  0.14494957, ..., -0.97302603,
         -0.9982389 , -0.92278753],
        [-0.16171996, -0.14494957,  0.        , ..., -0.99618914,
         -0.97909784, -0.96889241],
        ...,
        [ 0.96897089,  0.97302603,  0.99618914, ...,  0.        ,
         -0.28801094,  0.16203309],
        [ 0.99910187,  0.9982389 ,  0.97909784, ...,  0.28801094,
          0.        ,  0.43937225],
        [ 0.91611575,  0.92278753,  0.96889241, ..., -0.16203309,
         -0.43937225,  0.        ]],

       [[ 0.        , -0.05235988, -0.01916367, ...,  0.13228119,
         -0.54306909, -0.17087494],
        [ 0.05235988,  0.        ,  0.03321289, ...,  0.18399949,
         -0.49835819, -0.11905073],
        [ 0.01916367, -0.03321289,  0.        , ...,  0.15125215,
         -0.52687786, -0.15196174],
        ...,
        [-0.13228119, -0.18399949, -0.15125215, ...,  0.        ,
         -0.64937165, -0.29970902],
        [ 0.54306909,  0.49835819,  0.52687786, ...,  0.64937165,
          0.        ,  0.39160039],
        [ 0.17087494,  0.11905073,  0.15196174, ...,  0.29970902,
         -0.39160039,  0.        ]],

       [[ 0.        , -0.0517478 , -0.07625689, ..., -0.94625418,
         -0.99484324, -0.94234403],
        [ 0.0517478 ,  0.        , -0.02455759, ..., -0.9282499 ,
         -0.98826183, -0.95839864],
        [ 0.07625689,  0.02455759,  0.        , ..., -0.91883558,
         -0.98421214, -0.96511916],
        ...,
        [ 0.94625418,  0.9282499 ,  0.91883558, ...,  0.        ,
         -0.22578271, -0.62143646],
        [ 0.99484324,  0.98826183,  0.98421214, ...,  0.22578271,
          0.        , -0.42849678],
        [ 0.94234403,  0.95839864,  0.96511916, ...,  0.62143646,
          0.42849678,  0.        ]],

       ...,

       [[ 0.        ,  0.5438171 ,  0.71966947, ...,  0.40612611,
          0.45633275,  0.69363079],
        [-0.5438171 ,  0.        ,  0.22636797, ..., -0.15612678,
         -0.1009373 ,  0.19036942],
        [-0.71966947, -0.22636797,  0.        , ..., -0.37566604,
         -0.32352901, -0.03680049],
        ...,
        [-0.40612611,  0.15612678,  0.37566604, ...,  0.        ,
          0.05562989,  0.34130653],
        [-0.45633275,  0.1009373 ,  0.32352901, ..., -0.05562989,
          0.        ,  0.28848857],
        [-0.69363079, -0.19036942,  0.03680049, ..., -0.34130653,
         -0.28848857,  0.        ]],

       [[ 0.        ,  0.0560789 ,  0.06346094, ..., -0.93718178,
         -0.91918408, -0.98059933],
        [-0.0560789 ,  0.        ,  0.00739522, ..., -0.95526962,
         -0.93982304, -0.99004894],
        [-0.06346094, -0.00739522,  0.        , ..., -0.95743053,
         -0.94232401, -0.99106255],
        ...,
        [ 0.93718178,  0.95526962,  0.95743053, ...,  0.        ,
          0.04843915, -0.15836457],
        [ 0.91918408,  0.93982304,  0.94232401, ..., -0.04843915,
          0.        , -0.20600656],
        [ 0.98059933,  0.99004894,  0.99106255, ...,  0.15836457,
          0.20600656,  0.        ]],

       [[ 0.        , -0.07550388, -0.08692666, ..., -0.98488792,
         -0.99253953, -0.83991864],
        [ 0.07550388,  0.        , -0.01146046, ..., -0.96899983,
         -0.99891201, -0.87849798],
        [ 0.08692666,  0.01146046,  0.        , ..., -0.96610476,
         -0.99938086, -0.88391548],
        ...,
        [ 0.98488792,  0.96899983,  0.96610476, ...,  0.        ,
         -0.29198159, -0.67997878],
        [ 0.99253953,  0.99891201,  0.99938086, ...,  0.29198159,
          0.        , -0.4362578 ],
        [ 0.83991864,  0.87849798,  0.88391548, ...,  0.67997878,
          0.4362578 ,  0.        ]]]), 'num': array([ 6.73000000e+07,  6.73000000e+07,  0.00000000e+00,  4.31000000e+03,
        4.51500000e+03,  4.26000000e+03,  1.35687000e+05, -5.00000000e+01,
        4.32700000e+03,  4.69050000e+03,  4.97175000e+03,  2.78350515e+01,
        5.21331832e+03,  4.16768168e+03])}
{'img': array([[[ 0.        ,  0.14494957, -0.08468181, ..., -0.9982389 ,
         -0.92278753, -0.99219529],
        [-0.14494957,  0.        , -0.22821641, ..., -0.97909784,
         -0.96889241, -0.99979105],
        [ 0.08468181,  0.22821641,  0.        , ..., -0.99967676,
         -0.88684424, -0.97807208],
        ...,
        [ 0.9982389 ,  0.97909784,  0.99967676, ...,  0.        ,
          0.43937225,  0.18333312],
        [ 0.92278753,  0.96889241,  0.88684424, ..., -0.43937225,
          0.        , -0.26723619],
        [ 0.99219529,  0.99979105,  0.97807208, ..., -0.18333312,
          0.26723619,  0.        ]],

       [[ 0.        ,  0.03321289,  0.12538829, ..., -0.49835819,
         -0.11905073,  0.23783469],
        [-0.03321289,  0.        ,  0.09236835, ..., -0.52687786,
         -0.15196174,  0.20544361],
        [-0.12538829, -0.09236835,  0.        , ..., -0.60313306,
         -0.24260771,  0.11416728],
        ...,
        [ 0.49835819,  0.52687786,  0.60313306, ...,  0.        ,
          0.39160039,  0.69025396],
        [ 0.11905073,  0.15196174,  0.24260771, ..., -0.39160039,
          0.        ,  0.3517779 ],
        [-0.23783469, -0.20544361, -0.11416728, ..., -0.69025396,
         -0.3517779 ,  0.        ]],

       [[ 0.        , -0.02431458, -0.09816823, ..., -0.98063743,
         -0.99729155, -0.95566361],
        [ 0.02431458,  0.        , -0.07394207, ..., -0.97558594,
         -0.99878504, -0.96254076],
        [ 0.09816823,  0.07394207,  0.        , ..., -0.9566763 ,
         -0.99969471, -0.97995427],
        ...,
        [ 0.98063743,  0.97558594,  0.9566763 , ...,  0.        ,
         -0.26742738, -0.47590876],
        [ 0.99729155,  0.99878504,  0.99969471, ...,  0.26742738,
          0.        , -0.22337427],
        [ 0.95566361,  0.96254076,  0.97995427, ...,  0.47590876,
          0.22337427,  0.        ]],

       ...,

       [[ 0.        ,  0.24842652, -0.01519783, ..., -0.11951075,
          0.21000503,  0.31690678],
        [-0.24842652,  0.        , -0.26311922, ..., -0.3624102 ,
         -0.03946516,  0.07135019],
        [ 0.01519783,  0.26311922,  0.        , ..., -0.10440805,
          0.22483969,  0.33128466],
        ...,
        [ 0.11951075,  0.3624102 ,  0.10440805, ...,  0.        ,
          0.3253456 ,  0.42798625],
        [-0.21000503,  0.03946516, -0.22483969, ..., -0.3253456 ,
          0.        ,  0.11065918],
        [-0.31690678, -0.07135019, -0.33128466, ..., -0.42798625,
         -0.11065918,  0.        ]],

       [[ 0.        ,  0.00739522,  0.06922825, ..., -0.93982304,
         -0.99004894, -0.99494542],
        [-0.00739522,  0.        ,  0.06184888, ..., -0.94232401,
         -0.99106255, -0.9941756 ],
        [-0.06922825, -0.06184888,  0.        , ..., -0.9612209 ,
         -0.9974157 , -0.98560669],
        ...,
        [ 0.93982304,  0.94232401,  0.9612209 , ...,  0.        ,
         -0.20600656, -0.43430903],
        [ 0.99004894,  0.99106255,  0.9974157 , ...,  0.20600656,
          0.        , -0.2394301 ],
        [ 0.99494542,  0.9941756 ,  0.98560669, ...,  0.43430903,
          0.2394301 ,  0.        ]],

       [[ 0.        , -0.01105287, -0.11080158, ..., -0.99355802,
         -0.9977195 , -0.86304998],
        [ 0.01105287,  0.        , -0.09981   , ..., -0.99224477,
         -0.99840459, -0.86858027],
        [ 0.11080158,  0.09981   ,  0.        , ..., -0.9748837 ,
         -0.99905483, -0.91370372],
        ...,
        [ 0.99355802,  0.99224477,  0.9748837 , ...,  0.        ,
         -0.18012798, -0.59966932],
        [ 0.9977195 ,  0.99840459,  0.99905483, ...,  0.18012798,
          0.        , -0.4457136 ],
        [ 0.86304998,  0.86858027,  0.91370372, ...,  0.59966932,
          0.4457136 ,  0.        ]]]), 'num': array([ 6.57882640e+07,  1.54217880e+07,  1.20350000e+04,  4.18500000e+03,
        4.36000000e+03,  4.18500000e+03,  9.96470000e+04, -1.25000000e+02,
        4.29600000e+03,  4.64825000e+03,  4.95941667e+03,  1.99029126e+01,
        5.19070069e+03,  4.10579931e+03])}
{'img': array([[[ 0.        , -0.21041747, -0.07153613, ..., -0.88920879,
         -0.93794482, -0.96169228],
        [ 0.21041747,  0.        ,  0.13994382, ..., -0.77303452,
         -0.84397624, -0.99784356],
        [ 0.07153613, -0.13994382,  0.        , ..., -0.85420275,
         -0.91073419, -0.97883873],
        ...,
        [ 0.88920879,  0.77303452,  0.85420275, ...,  0.        ,
         -0.12074741, -0.68373571],
        [ 0.93794482,  0.84397624,  0.91073419, ...,  0.12074741,
          0.        , -0.59062002],
        [ 0.96169228,  0.99784356,  0.97883873, ...,  0.68373571,
          0.59062002,  0.        ]],

       [[ 0.        ,  0.09236835,  0.30262111, ..., -0.15196174,
          0.20544361,  0.05907786],
        [-0.09236835,  0.        ,  0.21329009, ..., -0.24260771,
          0.11416728, -0.03338173],
        [-0.30262111, -0.21329009,  0.        , ..., -0.44394298,
         -0.10035534, -0.2457848 ],
        ...,
        [ 0.15196174,  0.24260771,  0.44394298, ...,  0.        ,
          0.3517779 ,  0.21008806],
        [-0.20544361, -0.11416728,  0.10035534, ..., -0.3517779 ,
          0.        , -0.14726711],
        [-0.05907786,  0.03338173,  0.2457848 , ..., -0.21008806,
          0.14726711,  0.        ]],

       [[ 0.        , -0.07220476, -0.0837665 , ..., -0.99355905,
         -0.99889929, -0.95627995],
        [ 0.07220476,  0.        , -0.01159686, ..., -0.98278376,
         -0.99290512, -0.97490038],
        [ 0.0837665 ,  0.01159686,  0.        , ..., -0.98057504,
         -0.99145938, -0.97741677],
        ...,
        [ 0.99355905,  0.98278376,  0.98057504, ...,  0.        ,
         -0.06658652, -0.39893057],
        [ 0.99889929,  0.99290512,  0.99145938, ...,  0.06658652,
          0.        , -0.33698663],
        [ 0.95627995,  0.97490038,  0.97741677, ...,  0.39893057,
          0.33698663,  0.        ]],

       ...,

       [[ 0.        , -0.26311922,  0.19549601, ..., -0.03946516,
          0.07135019, -0.38653397],
        [ 0.26311922,  0.        ,  0.44664958, ...,  0.22483969,
          0.33128466, -0.13024548],
        [-0.19549601, -0.44664958,  0.        , ..., -0.23404736,
         -0.1250243 , -0.55937672],
        ...,
        [ 0.03946516, -0.22483969,  0.23404736, ...,  0.        ,
          0.11065918, -0.3498351 ],
        [-0.07135019, -0.33128466,  0.1250243 , ..., -0.11065918,
          0.        , -0.45135333],
        [ 0.38653397,  0.13024548,  0.55937672, ...,  0.3498351 ,
          0.45135333,  0.        ]],

       [[ 0.        ,  0.06047802,  0.05263494, ..., -0.97615789,
         -0.99922873, -0.91282277],
        [-0.06047802,  0.        , -0.00785559, ..., -0.98749852,
         -0.9997745 , -0.88645531],
        [-0.05263494,  0.00785559,  0.        , ..., -0.98622979,
         -0.99991047, -0.89006364],
        ...,
        [ 0.97615789,  0.98749852,  0.98622979, ...,  0.        ,
         -0.17856283, -0.59675876],
        [ 0.99922873,  0.9997745 ,  0.99991047, ...,  0.17856283,
          0.        , -0.44388545],
        [ 0.91282277,  0.88645531,  0.89006364, ...,  0.59675876,
          0.44388545,  0.        ]],

       [[ 0.        , -0.09552797, -0.14417052, ..., -0.99203555,
         -0.9987682 , -0.84980384],
        [ 0.09552797,  0.        , -0.04898122, ..., -0.97546618,
         -0.99894062, -0.89627018],
        [ 0.14417052,  0.04898122,  0.        , ..., -0.96351215,
         -0.99548758, -0.91691797],
        ...,
        [ 0.99203555,  0.97546618,  0.96351215, ...,  0.        ,
         -0.17502723, -0.62994079],
        [ 0.9987682 ,  0.99894062,  0.99548758, ...,  0.17502723,
          0.        , -0.48428307],
        [ 0.84980384,  0.89627018,  0.91691797, ...,  0.62994079,
          0.48428307,  0.        ]]]), 'num': array([ 6.23185370e+07,  6.53995700e+06,  1.41570000e+04,  3.94000000e+03,
        4.21000000e+03,  3.94000000e+03,  1.77873000e+05, -2.45000000e+02,
        4.21900000e+03,  4.59075000e+03,  4.94158333e+03,  6.14035088e+00,
        5.17583354e+03,  4.00566646e+03])}
{'img': array([[[ 0.        ,  0.12128222,  0.12128222, ..., -0.69051687,
         -0.82273489, -0.97677102],
        [-0.12128222,  0.        ,  0.        , ..., -0.77314492,
         -0.88560139, -0.94357152],
        [-0.12128222,  0.        ,  0.        , ..., -0.77314492,
         -0.88560139, -0.94357152],
        ...,
        [ 0.69051687,  0.77314492,  0.77314492, ...,  0.        ,
         -0.2025903 , -0.85448229],
        [ 0.82273489,  0.88560139,  0.88560139, ...,  0.2025903 ,
          0.        , -0.73152168],
        [ 0.97677102,  0.94357152,  0.94357152, ...,  0.85448229,
          0.73152168,  0.        ]],

       [[ 0.        ,  0.21329009,  0.02385273, ...,  0.11416728,
         -0.03338173,  0.259485  ],
        [-0.21329009,  0.        , -0.18992555, ..., -0.10035534,
         -0.2457848 ,  0.04752967],
        [-0.02385273,  0.18992555,  0.        , ...,  0.09043802,
         -0.05721167,  0.23637546],
        ...,
        [-0.11416728,  0.10035534, -0.09043802, ...,  0.        ,
         -0.14726711,  0.14753164],
        [ 0.03338173,  0.2457848 ,  0.05721167, ...,  0.14726711,
          0.        ,  0.29157869],
        [-0.259485  , -0.04752967, -0.23637546, ..., -0.14753164,
         -0.29157869,  0.        ]],

       [[ 0.        , -0.01096106,  0.00732653, ..., -0.94015474,
         -0.96949276, -0.96136242],
        [ 0.01096106,  0.        ,  0.01828685, ..., -0.9363633 ,
         -0.96674774, -0.96432209],
        [-0.00732653, -0.01828685,  0.        , ..., -0.942626  ,
         -0.97126261, -0.95931973],
        ...,
        [ 0.94015474,  0.9363633 ,  0.942626  , ...,  0.        ,
         -0.09990184, -0.58639343],
        [ 0.96949276,  0.96674774,  0.97126261, ...,  0.09990184,
          0.        , -0.50253675],
        [ 0.96136242,  0.96432209,  0.95931973, ...,  0.58639343,
          0.50253675,  0.        ]],

       ...,

       [[ 0.        ,  0.28241541,  0.31085996, ...,  0.19733281,
         -0.05635367, -0.81643035],
        [-0.28241541,  0.        ,  0.02978219, ..., -0.08756233,
         -0.33602626, -0.94627434],
        [-0.31085996, -0.02978219,  0.        , ..., -0.11719129,
         -0.36392764, -0.9554851 ],
        ...,
        [-0.19733281,  0.08756233,  0.11719129, ...,  0.        ,
         -0.25226479, -0.91432515],
        [ 0.05635367,  0.33602626,  0.36392764, ...,  0.25226479,
          0.        , -0.78259185],
        [ 0.81643035,  0.94627434,  0.9554851 , ...,  0.91432515,
          0.78259185,  0.        ]],

       [[ 0.        , -0.00767795, -0.01326459, ..., -0.99646056,
         -0.99079361, -0.87696457],
        [ 0.00767795,  0.        , -0.00558692, ..., -0.99578577,
         -0.99180385, -0.8806284 ],
        [ 0.01326459,  0.00558692,  0.        , ..., -0.99525785,
         -0.99250221, -0.88326178],
        ...,
        [ 0.99646056,  0.99578577,  0.99525785, ...,  0.        ,
         -0.21818959, -0.5525732 ],
        [ 0.99079361,  0.99180385,  0.99250221, ...,  0.21818959,
          0.        , -0.35740647],
        [ 0.87696457,  0.8806284 ,  0.88326178, ...,  0.5525732 ,
          0.35740647,  0.        ]],

       [[ 0.        , -0.04582892, -0.085308  , ..., -0.96261082,
         -0.99514595, -0.86909129],
        [ 0.04582892,  0.        , -0.0395565 , ..., -0.94918489,
         -0.98959033, -0.89084749],
        [ 0.085308  ,  0.0395565 ,  0.        , ..., -0.93599282,
         -0.98312311, -0.90812088],
        ...,
        [ 0.96261082,  0.94918489,  0.93599282, ...,  0.        ,
         -0.1748427 , -0.71158367],
        [ 0.99514595,  0.98959033,  0.98312311, ...,  0.1748427 ,
          0.        , -0.57777798],
        [ 0.86909129,  0.89084749,  0.90812088, ...,  0.71158367,
          0.57777798,  0.        ]]]), 'num': array([ 6.11695430e+07,  5.73608300e+06,  1.43610000e+04,  3.86000000e+03,
        4.03000000e+03,  3.84500000e+03,  1.08577000e+05, -8.00000000e+01,
        4.13100000e+03,  4.53450000e+03,  4.92466667e+03,  6.27802691e+00,
        5.17119380e+03,  3.89780620e+03])}
{'img': array([[[ 0.        ,  0.        , -0.21000499, ..., -0.84933796,
         -0.99715762, -0.93132173],
        [ 0.        ,  0.        , -0.21000499, ..., -0.84933796,
         -0.99715762, -0.93132173],
        [ 0.21000499,  0.21000499,  0.        , ..., -0.71954697,
         -0.95909877, -0.98703684],
        ...,
        [ 0.84933796,  0.84933796,  0.71954697, ...,  0.        ,
         -0.46235682, -0.80092444],
        [ 0.99715762,  0.99715762,  0.95909877, ...,  0.46235682,
          0.        , -0.43333157],
        [ 0.93132173,  0.93132173,  0.98703684, ...,  0.80092444,
          0.43333157,  0.        ]],

       [[ 0.        , -0.18992555, -0.2245337 , ..., -0.2457848 ,
          0.04752967, -0.20756875],
        [ 0.18992555,  0.        , -0.0353708 , ..., -0.05721167,
          0.23637546, -0.01800163],
        [ 0.2245337 ,  0.0353708 ,  0.        , ..., -0.02186301,
          0.270596  ,  0.0173747 ],
        ...,
        [ 0.2457848 ,  0.05721167,  0.02186301, ...,  0.        ,
          0.29157869,  0.03923025],
        [-0.04752967, -0.23637546, -0.270596  , ..., -0.29157869,
          0.        , -0.25382865],
        [ 0.20756875,  0.01800163, -0.0173747 , ..., -0.03923025,
          0.25382865,  0.        ]],

       [[ 0.        ,  0.01726763, -0.0257158 , ..., -0.90961811,
         -0.97599847, -0.94824119],
        [-0.01726763,  0.        , -0.04297388, ..., -0.91665625,
         -0.97961346, -0.94261645],
        [ 0.0257158 ,  0.04297388,  0.        , ..., -0.89863379,
         -0.97007539, -0.95609368],
        ...,
        [ 0.90961811,  0.91665625,  0.89863379, ...,  0.        ,
         -0.20737986, -0.68279261],
        [ 0.97599847,  0.97961346,  0.97007539, ...,  0.20737986,
          0.        , -0.51643477],
        [ 0.94824119,  0.94261645,  0.95609368, ...,  0.68279261,
          0.51643477,  0.        ]],

       ...,

       [[ 0.        ,  0.02978219, -0.04172659, ..., -0.33602626,
         -0.94627434, -0.91462646],
        [-0.02978219,  0.        , -0.07146433, ..., -0.36392764,
         -0.9554851 , -0.92626168],
        [ 0.04172659,  0.07146433,  0.        , ..., -0.29643331,
         -0.93195728, -0.89695983],
        ...,
        [ 0.33602626,  0.36392764,  0.29643331, ...,  0.        ,
         -0.78259185, -0.72558793],
        [ 0.94627434,  0.9554851 ,  0.93195728, ...,  0.78259185,
          0.        ,  0.08682053],
        [ 0.91462646,  0.92626168,  0.89695983, ...,  0.72558793,
         -0.08682053,  0.        ]],

       [[ 0.        , -0.00554819, -0.22902436, ..., -0.99659903,
         -0.95611171, -0.8777191 ],
        [ 0.00554819,  0.        , -0.22362011, ..., -0.99704089,
         -0.95772263, -0.88036415],
        [ 0.22902436,  0.22362011,  0.        , ..., -0.98898257,
         -0.99780361, -0.9641328 ],
        ...,
        [ 0.99659903,  0.99704089,  0.98898257, ...,  0.        ,
         -0.21321877, -0.40521858],
        [ 0.95611171,  0.95772263,  0.99780361, ...,  0.21321877,
          0.        , -0.20097155],
        [ 0.8777191 ,  0.88036415,  0.9641328 , ...,  0.40521858,
          0.20097155,  0.        ]],

       [[ 0.        , -0.03708456, -0.0809995 , ..., -0.94532841,
         -0.99663483, -0.8640198 ],
        [ 0.03708456,  0.        , -0.04398107, ..., -0.93258413,
         -0.99290947, -0.88209598],
        [ 0.0809995 ,  0.04398107,  0.        , ..., -0.91580664,
         -0.98672053, -0.90196058],
        ...,
        [ 0.94532841,  0.93258413,  0.91580664, ...,  0.        ,
         -0.24753426, -0.75770706],
        [ 0.99663483,  0.99290947,  0.98672053, ...,  0.24753426,
          0.        , -0.57258699],
        [ 0.8640198 ,  0.88209598,  0.90196058, ...,  0.75770706,
          0.57258699,  0.        ]]]), 'num': array([ 5.89247620e+07,  3.41203400e+06,  1.49630000e+04,  3.71000000e+03,
        3.95000000e+03,  3.70500000e+03,  1.49377000e+05, -1.50000000e+02,
        4.00100000e+03,  4.47400000e+03,  4.90375000e+03,  4.78087649e+00,
        5.17896525e+03,  3.76903475e+03])}
{'img': array([[[ 0.        , -0.19628536, -0.43850138, ..., -0.9534774 ,
         -0.98731529, -0.90841063],
        [ 0.19628536,  0.        , -0.25356349, ..., -0.87575616,
         -0.93694425, -0.97280195],
        [ 0.43850138,  0.25356349,  0.        , ..., -0.72472663,
         -0.81770867, -0.99974461],
        ...,
        [ 0.9534774 ,  0.87575616,  0.72472663, ...,  0.        ,
         -0.14625507, -0.67248253],
        [ 0.98731529,  0.93694425,  0.81770867, ...,  0.14625507,
          0.        , -0.55700599],
        [ 0.90841063,  0.97280195,  0.99974461, ...,  0.67248253,
          0.55700599,  0.        ]],

       [[ 0.        , -0.0353708 ,  0.10677119, ...,  0.23637546,
         -0.01800163,  0.14039083],
        [ 0.0353708 ,  0.        ,  0.14187298, ...,  0.270596  ,
          0.0173747 ,  0.17532348],
        [-0.10677119, -0.14187298,  0.        , ...,  0.13127876,
         -0.12465261,  0.03387456],
        ...,
        [-0.23637546, -0.270596  , -0.13127876, ...,  0.        ,
         -0.25382865, -0.09762203],
        [ 0.01800163, -0.0173747 ,  0.12465261, ...,  0.25382865,
          0.        ,  0.15819143],
        [-0.14039083, -0.17532348, -0.03387456, ...,  0.09762203,
         -0.15819143,  0.        ]],

       [[ 0.        , -0.03987452, -0.17359954, ..., -0.9145735 ,
         -0.97573485, -0.91747824],
        [ 0.03987452,  0.        , -0.13419239, ..., -0.89772009,
         -0.9662281 , -0.93261009],
        [ 0.17359954,  0.13419239,  0.        , ..., -0.83047983,
         -0.92290905, -0.97260301],
        ...,
        [ 0.9145735 ,  0.89772009,  0.83047983, ...,  0.        ,
         -0.19435556, -0.73485081],
        [ 0.97573485,  0.9662281 ,  0.92290905, ...,  0.19435556,
          0.        , -0.58902051],
        [ 0.91747824,  0.93261009,  0.97260301, ...,  0.73485081,
          0.58902051,  0.        ]],

       ...,

       [[ 0.        , -0.06955965, -0.40001554, ..., -0.85451298,
         -0.84742275, -0.96248421],
        [ 0.06955965,  0.        , -0.33529462, ..., -0.8163118 ,
         -0.80843959, -0.94127872],
        [ 0.40001554,  0.33529462,  0.        , ..., -0.57538819,
         -0.56429429, -0.77358554],
        ...,
        [ 0.85451298,  0.8163118 ,  0.57538819, ...,  0.        ,
          0.0135001 , -0.26808165],
        [ 0.84742275,  0.80843959,  0.56429429, ..., -0.0135001 ,
          0.        , -0.28106316],
        [ 0.96248421,  0.94127872,  0.77358554, ...,  0.26808165,
          0.28106316,  0.        ]],

       [[ 0.        , -0.22362011, -0.15817269, ..., -0.95772263,
         -0.88036415, -0.97321295],
        [ 0.22362011,  0.        ,  0.06663788, ..., -0.99780361,
         -0.9641328 , -0.99997918],
        [ 0.15817269, -0.06663788,  0.        , ..., -0.99117151,
         -0.94430271, -0.9973264 ],
        ...,
        [ 0.95772263,  0.99780361,  0.99117151, ...,  0.        ,
         -0.20097155,  0.05980098],
        [ 0.88036415,  0.9641328 ,  0.94430271, ...,  0.20097155,
          0.        ,  0.25919274],
        [ 0.97321295,  0.99997918,  0.9973264 , ..., -0.05980098,
         -0.25919274,  0.        ]],

       [[ 0.        , -0.04104665, -0.19116754, ..., -0.94844275,
         -0.99646797, -0.85268306],
        [ 0.04104665,  0.        , -0.15071679, ..., -0.93463376,
         -0.99218134, -0.87340838],
        [ 0.19116754,  0.15071679,  0.        , ..., -0.87036075,
         -0.96203748, -0.93682877],
        ...,
        [ 0.94844275,  0.93463376,  0.87036075, ...,  0.        ,
         -0.23618477, -0.7657502 ],
        [ 0.99646797,  0.99218134,  0.96203748, ...,  0.23618477,
          0.        , -0.5921863 ],
        [ 0.85268306,  0.87340838,  0.93682877, ...,  0.7657502 ,
          0.5921863 ,  0.        ]]]), 'num': array([6.09498390e+07, 1.12263900e+06, 1.55800000e+04, 3.84000000e+03,
       3.84500000e+03, 3.71500000e+03, 8.27580000e+04, 1.30000000e+02,
       3.90700000e+03, 4.42200000e+03, 4.88500000e+03, 1.39705882e+01,
       5.15246834e+03, 3.69153166e+03])}
{'img': array([[[ 0.        , -0.25356349, -0.05768031, ..., -0.93694425,
         -0.97280195, -0.95075846],
        [ 0.25356349,  0.        ,  0.19734608, ..., -0.81770867,
         -0.99974461, -0.84109884],
        [ 0.05768031, -0.19734608,  0.        , ..., -0.91522629,
         -0.98454332, -0.93129853],
        ...,
        [ 0.93694425,  0.81770867,  0.91522629, ...,  0.        ,
         -0.55700599, -0.04188021],
        [ 0.97280195,  0.99974461,  0.98454332, ...,  0.55700599,
          0.        ,  0.52173543],
        [ 0.95075846,  0.84109884,  0.93129853, ...,  0.04188021,
         -0.52173543,  0.        ]],

       [[ 0.        ,  0.14187298,  0.00565119, ...,  0.0173747 ,
          0.17532348, -0.10268307],
        [-0.14187298,  0.        , -0.13627668, ..., -0.12465261,
          0.03387456, -0.24276748],
        [-0.00565119,  0.13627668,  0.        , ...,  0.01172408,
          0.16975701, -0.10830276],
        ...,
        [-0.0173747 ,  0.12465261, -0.01172408, ...,  0.        ,
          0.15819143, -0.11995043],
        [-0.17532348, -0.03387456, -0.16975701, ..., -0.15819143,
          0.        , -0.27548934],
        [ 0.10268307,  0.24276748,  0.10830276, ...,  0.11995043,
          0.27548934,  0.        ]],

       [[ 0.        , -0.12757696, -0.16298366, ..., -0.92334499,
         -0.9949041 , -0.91548749],
        [ 0.12757696,  0.        , -0.03578077, ..., -0.86681413,
         -0.97391136, -0.95933688],
        [ 0.16298366,  0.03578077,  0.        , ..., -0.84841766,
         -0.96516804, -0.96882219],
        ...,
        [ 0.92334499,  0.86681413,  0.84841766, ...,  0.        ,
         -0.28891772, -0.72302558],
        [ 0.9949041 ,  0.97391136,  0.96516804, ...,  0.28891772,
          0.        , -0.49260088],
        [ 0.91548749,  0.95933688,  0.96882219, ...,  0.72302558,
          0.49260088,  0.        ]],

       ...,

       [[ 0.        , -0.33529462,  0.07204777, ..., -0.80843959,
         -0.94127872, -0.48604072],
        [ 0.33529462,  0.        ,  0.40230041, ..., -0.56429429,
         -0.77358554, -0.16487934],
        [-0.07204777, -0.40230041,  0.        , ..., -0.84874442,
         -0.96315804, -0.54774274],
        ...,
        [ 0.80843959,  0.56429429,  0.84874442, ...,  0.        ,
         -0.28106316,  0.42045117],
        [ 0.94127872,  0.77358554,  0.96315804, ...,  0.28106316,
          0.        ,  0.65851534],
        [ 0.48604072,  0.16487934,  0.54774274, ..., -0.42045117,
         -0.65851534,  0.        ]],

       [[ 0.        ,  0.06462122, -0.09056005, ..., -0.99485507,
         -0.98407107, -0.95566121],
        [-0.06462122,  0.        , -0.15472646, ..., -0.99932236,
         -0.9935023 , -0.93463484],
        [ 0.09056005,  0.15472646,  0.        , ..., -0.98159272,
         -0.96392817, -0.97840147],
        ...,
        [ 0.99485507,  0.99932236,  0.98159272, ...,  0.        ,
          0.07716619, -0.38976989],
        [ 0.98407107,  0.9935023 ,  0.96392817, ..., -0.07716619,
          0.        , -0.45967098],
        [ 0.95566121,  0.93463484,  0.97840147, ...,  0.38976989,
          0.45967098,  0.        ]],

       [[ 0.        , -0.14490732, -0.18679995, ..., -0.97002725,
         -0.99775736, -0.85700148],
        [ 0.14490732,  0.        , -0.04247166, ..., -0.92457691,
         -0.99692558, -0.92262879],
        [ 0.18679995,  0.04247166,  0.        , ..., -0.90756113,
         -0.99269819, -0.93817714],
        ...,
        [ 0.97002725,  0.92457691,  0.90756113, ...,  0.        ,
         -0.30737961, -0.70811665],
        [ 0.99775736,  0.99692558,  0.99269819, ...,  0.30737961,
          0.        , -0.45679523],
        [ 0.85700148,  0.92262879,  0.93817714, ...,  0.70811665,
          0.45679523,  0.        ]]]), 'num': array([6.11056580e+07, 1.11495800e+06, 1.55820000e+04, 3.85000000e+03,
       3.93500000e+03, 3.81500000e+03, 6.64680000e+04, 1.00000000e+01,
       3.84000000e+03, 4.37750000e+03, 4.86916667e+03, 1.60000000e+01,
       5.13306270e+03, 3.62193730e+03])}
{'img': array([[[ 0.        ,  0.19734608,  0.5333764 , ..., -0.99974461,
         -0.84109884, -0.82939457],
        [-0.19734608,  0.        ,  0.35595625, ..., -0.98454332,
         -0.93129853, -0.92333361],
        [-0.5333764 , -0.35595625,  0.        , ..., -0.85771569,
         -0.99996042, -0.99954443],
        ...,
        [ 0.99974461,  0.98454332,  0.85771569, ...,  0.        ,
          0.52173543,  0.53977722],
        [ 0.84109884,  0.93129853,  0.99996042, ..., -0.52173543,
          0.        ,  0.0212869 ],
        [ 0.82939457,  0.92333361,  0.99954443, ..., -0.53977722,
         -0.0212869 ,  0.        ]],

       [[ 0.        , -0.13627668,  0.13696477, ...,  0.03387456,
         -0.24276748, -0.32940316],
        [ 0.13627668,  0.        ,  0.2706794 , ...,  0.16975701,
         -0.10830276, -0.19765911],
        [-0.13696477, -0.2706794 ,  0.        , ..., -0.10333084,
         -0.37334702, -0.45561952],
        ...,
        [-0.03387456, -0.16975701,  0.10333084, ...,  0.        ,
         -0.27548934, -0.36119812],
        [ 0.24276748,  0.10830276,  0.37334702, ...,  0.27548934,
          0.        , -0.09033043],
        [ 0.32940316,  0.19765911,  0.45561952, ...,  0.36119812,
          0.09033043,  0.        ]],

       [[ 0.        , -0.03454097, -0.0110959 , ..., -0.941242  ,
         -0.99457327, -0.94942822],
        [ 0.03454097,  0.        ,  0.02344956, ..., -0.92901473,
         -0.99038621, -0.959707  ],
        [ 0.0110959 , -0.02344956,  0.        , ..., -0.93743661,
         -0.99335765, -0.95285371],
        ...,
        [ 0.941242  ,  0.92901473,  0.93743661, ...,  0.        ,
         -0.23797471, -0.6161882 ],
        [ 0.99457327,  0.99038621,  0.99335765, ...,  0.23797471,
          0.        , -0.41105732],
        [ 0.94942822,  0.959707  ,  0.95285371, ...,  0.6161882 ,
          0.41105732,  0.        ]],

       ...,

       [[ 0.        ,  0.40230041,  0.7376191 , ..., -0.77358554,
         -0.16487934, -0.08607365],
        [-0.40230041,  0.        ,  0.40365588, ..., -0.96315804,
         -0.54774274, -0.47960848],
        [-0.7376191 , -0.40365588,  0.        , ..., -0.98976139,
         -0.8388532 , -0.79300003],
        ...,
        [ 0.77358554,  0.96315804,  0.98976139, ...,  0.        ,
          0.65851534,  0.71617041],
        [ 0.16487934,  0.54774274,  0.8388532 , ..., -0.65851534,
          0.        ,  0.07937182],
        [ 0.08607365,  0.47960848,  0.79300003, ..., -0.71617041,
         -0.07937182,  0.        ]],

       [[ 0.        , -0.15003623, -0.35160733, ..., -0.97381441,
         -0.99996284, -0.92458466],
        [ 0.15003623,  0.        , -0.20717126, ..., -0.92868142,
         -0.98735036, -0.97127912],
        [ 0.35160733,  0.20717126,  0.        , ..., -0.83169803,
         -0.93308173, -0.99950187],
        ...,
        [ 0.97381441,  0.92868142,  0.83169803, ...,  0.        ,
         -0.21894115, -0.58119974],
        [ 0.99996284,  0.98735036,  0.93308173, ...,  0.21894115,
          0.        , -0.38893295],
        [ 0.92458466,  0.97127912,  0.99950187, ...,  0.58119974,
          0.38893295,  0.        ]],

       [[ 0.        , -0.04101   , -0.01616997, ..., -0.97689995,
         -0.99994424, -0.90995463],
        [ 0.04101   ,  0.        ,  0.02484827, ..., -0.9673144 ,
         -0.99866995, -0.92619629],
        [ 0.01616997, -0.02484827,  0.        , ..., -0.97331675,
         -0.99964275, -0.91654148],
        ...,
        [ 0.97689995,  0.9673144 ,  0.97331675, ...,  0.        ,
         -0.203369  , -0.59958278],
        [ 0.99994424,  0.99866995,  0.99964275, ...,  0.203369  ,
          0.        , -0.424294  ],
        [ 0.90995463,  0.92619629,  0.91654148, ...,  0.59958278,
          0.424294  ,  0.        ]]]), 'num': array([6.10798030e+07, 1.68356030e+07, 1.14920000e+04, 3.85000000e+03,
       3.91500000e+03, 3.80000000e+03, 4.50550000e+04, 0.00000000e+00,
       3.82200000e+03, 4.32975000e+03, 4.85708333e+03, 1.73160173e+01,
       5.09188827e+03, 3.56761173e+03])}
{'img': array([[[ 0.        ,  0.35595625,  0.27664834, ..., -0.93129853,
         -0.92333361, -0.92333361],
        [-0.35595625,  0.        , -0.08353511, ..., -0.99996042,
         -0.99954443, -0.99954443],
        [-0.27664834,  0.08353511,  0.        , ..., -0.99572214,
         -0.99352965, -0.99352965],
        ...,
        [ 0.93129853,  0.99996042,  0.99572214, ...,  0.        ,
          0.0212869 ,  0.0212869 ],
        [ 0.92333361,  0.99954443,  0.99352965, ..., -0.0212869 ,
          0.        ,  0.        ],
        [ 0.92333361,  0.99954443,  0.99352965, ..., -0.0212869 ,
          0.        ,  0.        ]],

       [[ 0.        ,  0.2706794 , -0.21425014, ..., -0.10830276,
         -0.19765911, -0.34803223],
        [-0.2706794 ,  0.        , -0.47064599, ..., -0.37334702,
         -0.45561952, -0.58879725],
        [ 0.21425014,  0.47064599,  0.        , ...,  0.10720207,
          0.01695393, -0.13909474],
        ...,
        [ 0.10830276,  0.37334702, -0.10720207, ...,  0.        ,
         -0.09033043, -0.24445314],
        [ 0.19765911,  0.45561952, -0.01695393, ...,  0.09033043,
          0.        , -0.15586387],
        [ 0.34803223,  0.58879725,  0.13909474, ...,  0.24445314,
          0.15586387,  0.        ]],

       [[ 0.        ,  0.02323706,  0.02872855, ..., -0.98355448,
         -0.99707013, -0.95719635],
        [-0.02323706,  0.        ,  0.00549333, ..., -0.98748579,
         -0.99502343, -0.95021217],
        [-0.02872855, -0.00549333,  0.        , ..., -0.98833723,
         -0.99446105, -0.94848609],
        ...,
        [ 0.98355448,  0.98748579,  0.98833723, ...,  0.        ,
         -0.25531748, -0.45756025],
        [ 0.99707013,  0.99502343,  0.99446105, ...,  0.25531748,
          0.        , -0.21537262],
        [ 0.95719635,  0.95021217,  0.94848609, ...,  0.45756025,
          0.21537262,  0.        ]],

       ...,

       [[ 0.        ,  0.40365588,  0.4160026 , ..., -0.54774274,
         -0.47960848, -0.43663252],
        [-0.40365588,  0.        ,  0.01353542, ..., -0.8388532 ,
         -0.79300003, -0.76262481],
        [-0.4160026 , -0.01353542,  0.        , ..., -0.84614446,
         -0.80117345, -0.77131021],
        ...,
        [ 0.54774274,  0.8388532 ,  0.84614446, ...,  0.        ,
          0.07937182,  0.12746404],
        [ 0.47960848,  0.79300003,  0.80117345, ..., -0.07937182,
          0.        ,  0.04833751],
        [ 0.43663252,  0.76262481,  0.77131021, ..., -0.12746404,
         -0.04833751,  0.        ]],

       [[ 0.        , -0.19357763, -0.34992565, ..., -0.92651003,
         -0.96601159, -0.95497413],
        [ 0.19357763,  0.        , -0.16196763, ..., -0.83614759,
         -0.89769987, -0.99434313],
        [ 0.34992565,  0.16196763,  0.        , ..., -0.73626719,
