state_0,state_1,state_2,state_3,state_4,state_5,state_6,state_7,state_8,state_9,state_10,state_11,state_12,state_13,state_14,state_15,state_16,state_17,state_18,state_19,state_20,state_21,state_22,state_23,state_24,state_25,state_26,state_27,state_28,state_29,state_30,state_31,state_32,state_33,state_34,state_35,state_36,state_37,state_38,state_39,state_40,state_41,state_42,state_43,state_44,state_45,state_46,state_47,state_48,state_49,state_50,state_51,state_52,state_53,state_54,state_55,state_56,state_57,state_58,state_59,state_60,state_61,state_62,state_63,state_64,state_65,state_66,state_67,state_68,state_69,state_70,state_71,state_72,state_73,state_74,state_75,state_76,state_77
{'img': array([[[ 0.00000000e+00,  0.00000000e+00,  0.00000000e+00, ...,
         -6.34614921e-01, -6.31892945e-01, -6.17982902e-01],
        [ 0.00000000e+00,  0.00000000e+00,  0.00000000e+00, ...,
         -6.34614921e-01, -6.31892945e-01, -6.17982902e-01],
        [ 0.00000000e+00,  0.00000000e+00,  0.00000000e+00, ...,
         -6.34614921e-01, -6.31892945e-01, -6.17982902e-01],
        ...,
        [ 6.34614921e-01,  6.34614921e-01,  6.34614921e-01, ...,
          0.00000000e+00, -3.51701662e-03, -2.13340755e-02],
        [ 6.31892945e-01,  6.31892945e-01,  6.31892945e-01, ...,
          3.51701662e-03,  0.00000000e+00, -1.78177274e-02],
        [ 6.17982902e-01,  6.17982902e-01,  6.17982902e-01, ...,
          2.13340755e-02,  1.78177274e-02,  0.00000000e+00]],

       [[ 0.00000000e+00, -4.05049399e-01, -4.05049399e-01, ...,
          5.92132708e-01,  5.69260798e-01,  5.79564804e-01],
        [ 4.05049399e-01,  0.00000000e+00,  0.00000000e+00, ...,
          8.67789053e-01,  8.53486390e-01,  8.59978437e-01],
        [ 4.05049399e-01,  0.00000000e+00,  0.00000000e+00, ...,
          8.67789053e-01,  8.53486390e-01,  8.59978437e-01],
        ...,
        [-5.92132708e-01, -8.67789053e-01, -8.67789053e-01, ...,
          0.00000000e+00, -2.80926679e-02, -1.55076588e-02],
        [-5.69260798e-01, -8.53486390e-01, -8.53486390e-01, ...,
          2.80926679e-02,  0.00000000e+00,  1.25877514e-02],
        [-5.79564804e-01, -8.59978437e-01, -8.59978437e-01, ...,
          1.55076588e-02, -1.25877514e-02,  0.00000000e+00]],

       [[ 0.00000000e+00,  1.62298653e-01,  2.24056804e-01, ...,
         -8.71626161e-01, -8.75167076e-01, -8.76561528e-01],
        [-1.62298653e-01,  0.00000000e+00,  6.29138013e-02, ...,
         -7.80515733e-01, -7.85040364e-01, -7.86827107e-01],
        [-2.24056804e-01, -6.29138013e-02,  0.00000000e+00, ...,
         -7.39639813e-01, -7.44513557e-01, -7.46439646e-01],
        ...,
        [ 8.71626161e-01,  7.80515733e-01,  7.39639813e-01, ...,
          0.00000000e+00,  7.27083624e-03,  1.01604483e-02],
        [ 8.75167076e-01,  7.85040364e-01,  7.44513557e-01, ...,
         -7.27083624e-03,  0.00000000e+00,  2.88971885e-03],
        [ 8.76561528e-01,  7.86827107e-01,  7.46439646e-01, ...,
         -1.01604483e-02, -2.88971885e-03,  0.00000000e+00]],

       ...,

       [[ 0.00000000e+00,  9.88840232e-02,  8.96376720e-02, ...,
         -3.20833972e-01, -4.20774481e-01, -5.04959152e-01],
        [-9.88840232e-02,  0.00000000e+00, -9.28760508e-03, ...,
         -4.12918118e-01, -5.08416403e-01, -5.87835405e-01],
        [-8.96376720e-02,  9.28760508e-03,  0.00000000e+00, ...,
         -4.04441453e-01, -5.00396812e-01, -5.80296560e-01],
        ...,
        [ 3.20833972e-01,  4.12918118e-01,  4.04441453e-01, ...,
          0.00000000e+00, -1.07480989e-01, -2.01339039e-01],
        [ 4.20774481e-01,  5.08416403e-01,  5.00396812e-01, ...,
          1.07480989e-01,  0.00000000e+00, -9.48927580e-02],
        [ 5.04959152e-01,  5.87835405e-01,  5.80296560e-01, ...,
          2.01339039e-01,  9.48927580e-02,  0.00000000e+00]],

       [[ 0.00000000e+00,  2.65597540e-02,  4.85365271e-02, ...,
         -9.65966606e-01, -9.65856039e-01, -9.66650990e-01],
        [-2.65597540e-02,  0.00000000e+00,  2.19909539e-02, ...,
         -9.72495966e-01, -9.72396396e-01, -9.73111865e-01],
        [-4.85365271e-02, -2.19909539e-02,  0.00000000e+00, ...,
         -9.77382914e-01, -9.77292501e-01, -9.77941780e-01],
        ...,
        [ 9.65966606e-01,  9.72495966e-01,  9.77382914e-01, ...,
          0.00000000e+00,  4.27105332e-04, -2.65901567e-03],
        [ 9.65856039e-01,  9.72396396e-01,  9.77292501e-01, ...,
         -4.27105332e-04,  0.00000000e+00, -3.08611925e-03],
        [ 9.66650990e-01,  9.73111865e-01,  9.77941780e-01, ...,
          2.65901567e-03,  3.08611925e-03,  0.00000000e+00]],

       [[ 0.00000000e+00, -9.62544247e-03,  2.34005195e-02, ...,
         -9.99938696e-01, -9.99746718e-01, -9.99404799e-01],
        [ 9.62544247e-03,  0.00000000e+00,  3.30222422e-02, ...,
         -9.99785794e-01, -9.99483778e-01, -9.99026451e-01],
        [-2.34005195e-02, -3.30222422e-02,  0.00000000e+00, ...,
         -9.99923989e-01, -9.99999599e-01, -9.99938382e-01],
        ...,
        [ 9.99938696e-01,  9.99785794e-01,  9.99923989e-01, ...,
          0.00000000e+00,  1.14343283e-02,  2.34288973e-02],
        [ 9.99746718e-01,  9.99483778e-01,  9.99999599e-01, ...,
         -1.14343283e-02,  0.00000000e+00,  1.19961760e-02],
        [ 9.99404799e-01,  9.99026451e-01,  9.99938382e-01, ...,
         -2.34288973e-02, -1.19961760e-02,  0.00000000e+00]]]), 'num': array([3.43808218e+08, 1.32157060e+07, 2.09900000e+03, 1.57500000e+05,
       1.59000000e+05, 1.57000000e+05, 2.04516400e+06, 5.00000000e+02,
       1.59400000e+05, 1.51800000e+05, 1.51483333e+05, 6.28318584e+01,
       1.72450424e+05, 1.31149576e+05])}
{'img': array([[[ 0.00000000e+00,  0.00000000e+00,  0.00000000e+00, ...,
         -6.31892945e-01, -6.17982902e-01, -6.20805826e-01],
        [ 0.00000000e+00,  0.00000000e+00,  0.00000000e+00, ...,
         -6.31892945e-01, -6.17982902e-01, -6.20805826e-01],
        [ 0.00000000e+00,  0.00000000e+00,  0.00000000e+00, ...,
         -6.31892945e-01, -6.17982902e-01, -6.20805826e-01],
        ...,
        [ 6.31892945e-01,  6.31892945e-01,  6.31892945e-01, ...,
          0.00000000e+00, -1.78177274e-02, -1.42224701e-02],
        [ 6.17982902e-01,  6.17982902e-01,  6.17982902e-01, ...,
          1.78177274e-02,  0.00000000e+00,  3.59571288e-03],
        [ 6.20805826e-01,  6.20805826e-01,  6.20805826e-01, ...,
          1.42224701e-02, -3.59571288e-03,  0.00000000e+00]],

       [[ 0.00000000e+00,  0.00000000e+00,  0.00000000e+00, ...,
          8.53486390e-01,  8.59978437e-01,  6.28513681e-01],
        [ 0.00000000e+00,  0.00000000e+00,  0.00000000e+00, ...,
          8.53486390e-01,  8.59978437e-01,  6.28513681e-01],
        [ 0.00000000e+00,  0.00000000e+00,  0.00000000e+00, ...,
          8.53486390e-01,  8.59978437e-01,  6.28513681e-01],
        ...,
        [-8.53486390e-01, -8.53486390e-01, -8.53486390e-01, ...,
          0.00000000e+00,  1.25877514e-02, -3.36312468e-01],
        [-8.59978437e-01, -8.59978437e-01, -8.59978437e-01, ...,
         -1.25877514e-02,  0.00000000e+00, -3.48140343e-01],
        [-6.28513681e-01, -6.28513681e-01, -6.28513681e-01, ...,
          3.36312468e-01,  3.48140343e-01,  0.00000000e+00]],

       [[ 0.00000000e+00,  6.29138013e-02,  2.30662965e-01, ...,
         -7.85040364e-01, -7.86827107e-01, -7.86381645e-01],
        [-6.29138013e-02,  0.00000000e+00,  1.68988764e-01, ...,
         -7.44513557e-01, -7.46439646e-01, -7.45959362e-01],
        [-2.30662965e-01, -1.68988764e-01,  0.00000000e+00, ...,
         -6.20987806e-01, -6.23250233e-01, -6.22685884e-01],
        ...,
        [ 7.85040364e-01,  7.44513557e-01,  6.20987806e-01, ...,
          0.00000000e+00,  2.88971885e-03,  2.16827458e-03],
        [ 7.86827107e-01,  7.46439646e-01,  6.23250233e-01, ...,
         -2.88971885e-03,  0.00000000e+00, -7.21446529e-04],
        [ 7.86381645e-01,  7.45959362e-01,  6.22685884e-01, ...,
         -2.16827458e-03,  7.21446529e-04,  0.00000000e+00]],

       ...,

       [[ 0.00000000e+00, -9.28760508e-03,  2.87716764e-01, ...,
         -5.08416403e-01, -5.87835405e-01, -5.50266402e-01],
        [ 9.28760508e-03,  0.00000000e+00,  2.96599239e-01, ...,
         -5.00396812e-01, -5.80296560e-01, -5.42487619e-01],
        [-2.87716764e-01, -2.96599239e-01,  0.00000000e+00, ...,
         -7.34674464e-01, -7.95736372e-01, -7.67239064e-01],
        ...,
        [ 5.08416403e-01,  5.00396812e-01,  7.34674464e-01, ...,
          0.00000000e+00, -9.48927580e-02, -4.93184640e-02],
        [ 5.87835405e-01,  5.80296560e-01,  7.95736372e-01, ...,
          9.48927580e-02,  0.00000000e+00,  4.56813689e-02],
        [ 5.50266402e-01,  5.42487619e-01,  7.67239064e-01, ...,
          4.93184640e-02, -4.56813689e-02,  0.00000000e+00]],

       [[ 0.00000000e+00,  2.19909539e-02,  4.13734903e-02, ...,
         -9.72396396e-01, -9.73111865e-01, -9.74023136e-01],
        [-2.19909539e-02,  0.00000000e+00,  1.93913608e-02, ...,
         -9.77292501e-01, -9.77941780e-01, -9.78767407e-01],
        [-4.13734903e-02, -1.93913608e-02,  0.00000000e+00, ...,
         -9.81217668e-01, -9.81808319e-01, -9.82558095e-01],
        ...,
        [ 9.72396396e-01,  9.77292501e-01,  9.81217668e-01, ...,
          0.00000000e+00, -3.08611925e-03, -7.07602496e-03],
        [ 9.73111865e-01,  9.77941780e-01,  9.81808319e-01, ...,
          3.08611925e-03,  0.00000000e+00, -3.98994928e-03],
        [ 9.74023136e-01,  9.78767407e-01,  9.82558095e-01, ...,
          7.07602496e-03,  3.98994928e-03,  0.00000000e+00]],

       [[ 0.00000000e+00,  3.30222422e-02,  1.27335060e-01, ...,
         -9.99483778e-01, -9.99026451e-01, -9.98433971e-01],
        [-3.30222422e-02,  0.00000000e+00,  9.45121799e-02, ...,
         -9.99999599e-01, -9.99938382e-01, -9.99736801e-01],
        [-1.27335060e-01, -9.45121799e-02,  0.00000000e+00, ...,
         -9.95438700e-01, -9.96511546e-01, -9.97429969e-01],
        ...,
        [ 9.99483778e-01,  9.99999599e-01,  9.95438700e-01, ...,
          0.00000000e+00,  1.19961760e-02,  2.38367945e-02],
        [ 9.99026451e-01,  9.99938382e-01,  9.96511546e-01, ...,
         -1.19961760e-02,  0.00000000e+00,  1.18423119e-02],
        [ 9.98433971e-01,  9.99736801e-01,  9.97429969e-01, ...,
         -2.38367945e-02, -1.18423119e-02,  0.00000000e+00]]]), 'num': array([6.39797680e+07, 4.73176800e+06, 3.68000000e+02, 1.61000000e+05,
       1.63500000e+05, 1.58500000e+05, 4.41339400e+06, 3.50000000e+03,
       1.59000000e+05, 1.53400000e+05, 1.44866667e+05, 6.18181818e+01,
       1.71542767e+05, 1.35257233e+05])}
{'img': array([[[ 0.00000000e+00,  0.00000000e+00, -3.15952360e-01, ...,
         -6.17982902e-01, -6.20805826e-01, -6.40000893e-01],
        [ 0.00000000e+00,  0.00000000e+00, -3.15952360e-01, ...,
         -6.17982902e-01, -6.20805826e-01, -6.40000893e-01],
        [ 3.15952360e-01,  3.15952360e-01,  0.00000000e+00, ...,
          3.37927691e-01,  3.41309691e-01,  3.64447252e-01],
        ...,
        [ 6.17982902e-01,  6.17982902e-01, -3.37927691e-01, ...,
          0.00000000e+00,  3.59571288e-03,  2.83211890e-02],
        [ 6.20805826e-01,  6.20805826e-01, -3.41309691e-01, ...,
         -3.59571288e-03,  0.00000000e+00,  2.47267354e-02],
        [ 6.40000893e-01,  6.40000893e-01, -3.64447252e-01, ...,
         -2.83211890e-02, -2.47267354e-02,  0.00000000e+00]],

       [[ 0.00000000e+00,  0.00000000e+00,  5.11136531e-01, ...,
          8.59978437e-01,  6.28513681e-01,  8.53863606e-01],
        [ 0.00000000e+00,  0.00000000e+00,  5.11136531e-01, ...,
          8.59978437e-01,  6.28513681e-01,  8.53863606e-01],
        [-5.11136531e-01, -5.11136531e-01,  0.00000000e+00, ...,
         -9.99999560e-01, -9.37768458e-01, -9.99940311e-01],
        ...,
        [-8.59978437e-01, -8.59978437e-01,  9.99999560e-01, ...,
          0.00000000e+00, -3.48140343e-01, -1.18635117e-02],
        [-6.28513681e-01, -6.28513681e-01,  9.37768458e-01, ...,
          3.48140343e-01,  0.00000000e+00,  3.36994483e-01],
        [-8.53863606e-01, -8.53863606e-01,  9.99940311e-01, ...,
          1.18635117e-02, -3.36994483e-01,  0.00000000e+00]],

       [[ 0.00000000e+00,  1.68988764e-01, -6.72573025e-01, ...,
         -7.46439646e-01, -7.45959362e-01, -7.44029961e-01],
        [-1.68988764e-01,  0.00000000e+00, -7.87956948e-01, ...,
         -6.23250233e-01, -6.22685884e-01, -6.20420096e-01],
        [ 6.72573025e-01,  7.87956948e-01,  0.00000000e+00, ...,
         -9.99954117e-01, -9.99960767e-01, -9.99982205e-01],
        ...,
        [ 7.46439646e-01,  6.23250233e-01,  9.99954117e-01, ...,
          0.00000000e+00, -7.21446529e-04, -3.61379317e-03],
        [ 7.45959362e-01,  6.22685884e-01,  9.99960767e-01, ...,
          7.21446529e-04,  0.00000000e+00, -2.89235042e-03],
        [ 7.44029961e-01,  6.20420096e-01,  9.99982205e-01, ...,
          3.61379317e-03,  2.89235042e-03,  0.00000000e+00]],

       ...,

       [[ 0.00000000e+00,  2.96599239e-01, -9.86455287e-01, ...,
         -5.80296560e-01, -5.42487619e-01, -5.62241979e-01],
        [-2.96599239e-01,  0.00000000e+00, -8.93415522e-01, ...,
         -7.95736372e-01, -7.67239064e-01, -7.82221728e-01],
        [ 9.86455287e-01,  8.93415522e-01,  0.00000000e+00, ...,
          8.98560627e-01,  9.17669826e-01,  9.07996425e-01],
        ...,
        [ 5.80296560e-01,  7.95736372e-01, -8.98560627e-01, ...,
          0.00000000e+00,  4.56813689e-02,  2.19966352e-02],
        [ 5.42487619e-01,  7.67239064e-01, -9.17669826e-01, ...,
         -4.56813689e-02,  0.00000000e+00, -2.36966441e-02],
        [ 5.62241979e-01,  7.82221728e-01, -9.07996425e-01, ...,
         -2.19966352e-02,  2.36966441e-02,  0.00000000e+00]],

       [[ 0.00000000e+00,  1.93913608e-02,  3.94586421e-01, ...,
         -9.77941780e-01, -9.78767407e-01, -9.79814111e-01],
        [-1.93913608e-02,  0.00000000e+00,  3.76694304e-01, ...,
         -9.81808319e-01, -9.82558095e-01, -9.83506418e-01],
        [-3.94586421e-01, -3.76694304e-01,  0.00000000e+00, ...,
         -9.81010730e-01, -9.80229057e-01, -9.79192919e-01],
        ...,
        [ 9.77941780e-01,  9.81808319e-01,  9.81010730e-01, ...,
          0.00000000e+00, -3.98994928e-03, -9.16020001e-03],
        [ 9.78767407e-01,  9.82558095e-01,  9.80229057e-01, ...,
          3.98994928e-03,  0.00000000e+00, -5.17034521e-03],
        [ 9.79814111e-01,  9.83506418e-01,  9.79192919e-01, ...,
          9.16020001e-03,  5.17034521e-03,  0.00000000e+00]],

       [[ 0.00000000e+00,  9.45121799e-02, -7.94272874e-01, ...,
         -9.99938382e-01, -9.99736801e-01, -9.99336732e-01],
        [-9.45121799e-02,  0.00000000e+00, -8.48139407e-01, ...,
         -9.96511546e-01, -9.97429969e-01, -9.98305125e-01],
        [ 7.94272874e-01,  8.48139407e-01,  0.00000000e+00, ...,
         -5.98706498e-01, -5.89179197e-01, -5.78234281e-01],
        ...,
        [ 9.99938382e-01,  9.96511546e-01,  5.98706498e-01, ...,
          0.00000000e+00,  1.18423119e-02,  2.53196906e-02],
        [ 9.99736801e-01,  9.97429969e-01,  5.89179197e-01, ...,
         -1.18423119e-02,  0.00000000e+00,  1.34793998e-02],
        [ 9.99336732e-01,  9.98305125e-01,  5.78234281e-01, ...,
         -2.53196906e-02, -1.34793998e-02,  0.00000000e+00]]]), 'num': array([6.47197230e+07, 4.40972300e+06, 3.70000000e+02, 1.63000000e+05,
       1.64500000e+05, 1.61000000e+05, 4.12125700e+06, 2.00000000e+03,
       1.59600000e+05, 1.54875000e+05, 1.38283333e+05, 5.80000000e+01,
       1.70989822e+05, 1.38760178e+05])}
{'img': array([[[ 0.        , -0.31595236, -0.29513174, ..., -0.62080583,
         -0.64000089, -0.65054761],
        [ 0.31595236,  0.        , -0.02186513, ...,  0.34130969,
          0.36444725,  0.37726843],
        [ 0.29513174,  0.02186513,  0.        , ...,  0.36178024,
          0.38472146,  0.39742762],
        ...,
        [ 0.62080583, -0.34130969, -0.36178024, ...,  0.        ,
          0.02472674,  0.03852555],
        [ 0.64000089, -0.36444725, -0.38472146, ..., -0.02472674,
          0.        ,  0.01380539],
        [ 0.65054761, -0.37726843, -0.39742762, ..., -0.03852555,
         -0.01380539,  0.        ]],

       [[ 0.        ,  0.51113653,  0.87200014, ...,  0.62851368,
          0.85386361,  0.83368736],
        [-0.51113653,  0.        , -0.49927951, ..., -0.93776846,
         -0.99994031, -0.99882225],
        [-0.87200014,  0.49927951,  0.        , ..., -0.98590141,
         -0.87184434, -0.88964514],
        ...,
        [-0.62851368,  0.93776846,  0.98590141, ...,  0.        ,
          0.33699448,  0.30135248],
        [-0.85386361,  0.99994031,  0.87184434, ..., -0.33699448,
          0.        , -0.0376032 ],
        [-0.83368736,  0.99882225,  0.88964514, ..., -0.30135248,
          0.0376032 ,  0.        ]],

       [[ 0.        , -0.78795695, -0.97524579, ..., -0.62268588,
         -0.6204201 , -0.62381375],
        [ 0.78795695,  0.        , -0.42625255, ..., -0.99996077,
         -0.99998221, -0.99994695],
        [ 0.97524579,  0.42625255,  0.        , ..., -0.90079298,
         -0.90204521, -0.90016575],
        ...,
        [ 0.62268588,  0.99996077,  0.90079298, ...,  0.        ,
         -0.00289235,  0.00144224],
        [ 0.6204201 ,  0.99998221,  0.90204521, ...,  0.00289235,
          0.        ,  0.00433458],
        [ 0.62381375,  0.99994695,  0.90016575, ..., -0.00144224,
         -0.00433458,  0.        ]],

       ...,

       [[ 0.        , -0.89341552, -0.8956986 , ..., -0.76723906,
         -0.78222173, -0.83374534],
        [ 0.89341552,  0.        ,  0.00510813, ...,  0.91766983,
          0.90799643,  0.86784309],
        [ 0.8956986 , -0.00510813,  0.        , ...,  0.91562817,
          0.90584439,  0.86529386],
        ...,
        [ 0.76723906, -0.91766983, -0.91562817, ...,  0.        ,
         -0.02369664, -0.11110152],
        [ 0.78222173, -0.90799643, -0.90584439, ...,  0.02369664,
          0.        , -0.08752038],
        [ 0.83374534, -0.86784309, -0.86529386, ...,  0.11110152,
          0.08752038,  0.        ]],

       [[ 0.        ,  0.3766943 ,  0.56371842, ..., -0.98255809,
         -0.98350642, -0.98407497],
        [-0.3766943 ,  0.        ,  0.21105651, ..., -0.98022906,
         -0.97919292, -0.97854456],
        [-0.56371842, -0.21105651,  0.        , ..., -0.91638735,
         -0.91430545, -0.91301664],
        ...,
        [ 0.98255809,  0.98022906,  0.91638735, ...,  0.        ,
         -0.00517035, -0.00834097],
        [ 0.98350642,  0.97919292,  0.91430545, ...,  0.00517035,
          0.        , -0.0031707 ],
        [ 0.98407497,  0.97854456,  0.91301664, ...,  0.00834097,
          0.0031707 ,  0.        ]],

       [[ 0.        , -0.84813941, -0.96539141, ..., -0.99742997,
         -0.99830512, -0.99890775],
        [ 0.84813941,  0.        , -0.29023914, ..., -0.5891792 ,
         -0.57823428, -0.56882451],
        [ 0.96539141,  0.29023914,  0.        , ..., -0.32930356,
         -0.31654607, -0.3056292 ],
        ...,
        [ 0.99742997,  0.5891792 ,  0.32930356, ...,  0.        ,
          0.0134794 ,  0.02496412],
        [ 0.99830512,  0.57823428,  0.31654607, ..., -0.0134794 ,
          0.        ,  0.01148666],
        [ 0.99890775,  0.56882451,  0.3056292 , ..., -0.02496412,
         -0.01148666,  0.        ]]]), 'num': array([ 6.37669690e+07,  2.61646900e+06,  3.81000000e+02,  1.60500000e+05,
        1.62000000e+05,  1.58500000e+05,  3.79552800e+06, -2.50000000e+03,
        1.59800000e+05,  1.56125000e+05,  1.31658333e+05,  5.52380952e+01,
        1.69714978e+05,  1.42535022e+05])}
{'img': array([[[ 0.        , -0.06485217, -0.06485217, ...,  0.99501514,
          0.9999998 ,  0.99239722],
        [ 0.06485217,  0.        ,  0.        , ...,  0.99938783,
          0.9978537 ,  0.99828987],
        [ 0.06485217,  0.        ,  0.        , ...,  0.99938783,
          0.9978537 ,  0.99828987],
        ...,
        [-0.99501514, -0.99938783, -0.99938783, ...,  0.        ,
          0.10035275, -0.02349695],
        [-0.9999998 , -0.9978537 , -0.9978537 , ..., -0.10035275,
          0.        , -0.12370337],
        [-0.99239722, -0.99828987, -0.99828987, ...,  0.02349695,
          0.12370337,  0.        ]],

       [[ 0.        , -0.52419982, -0.99994569, ..., -0.98657614,
         -0.97771857, -0.96452645],
        [ 0.52419982,  0.        , -0.85701206, ..., -0.92576644,
         -0.94266055, -0.95976772],
        [ 0.99994569,  0.85701206,  0.        , ..., -0.15301133,
         -0.19971918, -0.25391996],
        ...,
        [ 0.98657614,  0.92576644,  0.15301133, ...,  0.        ,
         -0.04743874, -0.10293349],
        [ 0.97771857,  0.94266055,  0.19971918, ...,  0.04743874,
          0.        , -0.05563085],
        [ 0.96452645,  0.95976772,  0.25391996, ...,  0.10293349,
          0.05563085,  0.        ]],

       [[ 0.        , -0.8592572 , -0.99973345, ..., -0.6802691 ,
         -0.68384802, -0.68503323],
        [ 0.8592572 ,  0.        , -0.49156925, ..., -0.97779071,
         -0.97675331, -0.97640353],
        [ 0.99973345,  0.49156925,  0.        , ..., -0.74847287,
         -0.74521842, -0.74413342],
        ...,
        [ 0.6802691 ,  0.97779071,  0.74847287, ...,  0.        ,
          0.00489393,  0.00651955],
        [ 0.68384802,  0.97675331,  0.74521842, ..., -0.00489393,
          0.        ,  0.00162564],
        [ 0.68503323,  0.97640353,  0.74413342, ..., -0.00651955,
         -0.00162564,  0.        ]],

       ...,

       [[ 0.        ,  0.00510813, -0.02714545, ...,  0.90799643,
          0.86784309,  0.83531987],
        [-0.00510813,  0.        , -0.03225134, ...,  0.90584439,
          0.86529386,  0.83250071],
        [ 0.02714545,  0.03225134,  0.        , ...,  0.91903517,
          0.88101019,  0.84993565],
        ...,
        [-0.90799643, -0.90584439, -0.91903517, ...,  0.        ,
         -0.08752038, -0.14920338],
        [-0.86784309, -0.86529386, -0.88101019, ...,  0.08752038,
          0.        , -0.06209013],
        [-0.83531987, -0.83250071, -0.84993565, ...,  0.14920338,
          0.06209013,  0.        ]],

       [[ 0.        ,  0.21105651,  0.36977735, ..., -0.97919292,
         -0.97854456, -0.97699903],
        [-0.21105651,  0.        ,  0.16535079, ..., -0.91430545,
         -0.91301664, -0.90998453],
        [-0.36977735, -0.16535079,  0.        , ..., -0.83474861,
         -0.83299853, -0.82889701],
        ...,
        [ 0.97919292,  0.91430545,  0.83474861, ...,  0.        ,
         -0.0031707 , -0.01054281],
        [ 0.97854456,  0.91301664,  0.83299853, ...,  0.0031707 ,
          0.        , -0.00737223],
        [ 0.97699903,  0.90998453,  0.82889701, ...,  0.01054281,
          0.00737223,  0.        ]],

       [[ 0.        , -0.76133733, -0.92734038, ..., -0.972883  ,
         -0.96919496, -0.96494398],
        [ 0.76133733,  0.        , -0.31633983, ..., -0.45467888,
         -0.44086991, -0.42580972],
        [ 0.92734038,  0.31633983,  0.        , ..., -0.14957948,
         -0.13429199, -0.11771435],
        ...,
        [ 0.972883  ,  0.45467888,  0.14957948, ...,  0.        ,
          0.01544339,  0.0321495 ],
        [ 0.96919496,  0.44086991,  0.13429199, ..., -0.01544339,
          0.        ,  0.01671026],
        [ 0.96494398,  0.42580972,  0.11771435, ..., -0.0321495 ,
         -0.01671026,  0.        ]]]), 'num': array([6.43414240e+07, 2.29542400e+06, 3.83000000e+02, 1.62000000e+05,
       1.62500000e+05, 1.58000000e+05, 3.24806400e+06, 1.50000000e+03,
       1.60800000e+05, 1.57100000e+05, 1.32350000e+05, 5.30000000e+01,
       1.69374364e+05, 1.44825636e+05])}
{'img': array([[[ 0.        ,  0.        ,  0.022031  , ...,  0.9978537 ,
          0.99828987,  0.99990444],
        [ 0.        ,  0.        ,  0.022031  , ...,  0.9978537 ,
          0.99828987,  0.99990444],
        [-0.022031  , -0.022031  ,  0.        , ...,  0.99905416,
          0.99675968,  0.99996631],
        ...,
        [-0.9978537 , -0.9978537 , -0.99905416, ...,  0.        ,
         -0.12370337, -0.05168192],
        [-0.99828987, -0.99828987, -0.99675968, ...,  0.12370337,
          0.        ,  0.07225309],
        [-0.99990444, -0.99990444, -0.99996631, ...,  0.05168192,
         -0.07225309,  0.        ]],

       [[ 0.        , -0.85701206, -0.99270237, ..., -0.94266055,
         -0.95976772, -0.98340982],
        [ 0.85701206,  0.        , -0.4081886 , ..., -0.19971918,
         -0.25391996, -0.3512875 ],
        [ 0.99270237,  0.4081886 ,  0.        , ...,  0.21764173,
          0.16300739,  0.06148425],
        ...,
        [ 0.94266055,  0.19971918, -0.21764173, ...,  0.        ,
         -0.05563085, -0.15721957],
        [ 0.95976772,  0.25391996, -0.16300739, ...,  0.05563085,
          0.        , -0.1020371 ],
        [ 0.98340982,  0.3512875 , -0.06148425, ...,  0.15721957,
          0.1020371 ,  0.        ]],

       [[ 0.        , -0.93535932, -0.95645921, ..., -0.76649315,
         -0.76772433, -0.77380883],
        [ 0.93535932,  0.        , -0.61129821, ..., -0.87184466,
         -0.87090308, -0.86616992],
        [ 0.95645921,  0.61129821,  0.        , ..., -0.39057499,
         -0.38880754, -0.37999113],
        ...,
        [ 0.76649315,  0.87184466,  0.39057499, ...,  0.        ,
          0.00191917,  0.01146916],
        [ 0.76772433,  0.87090308,  0.38880754, ..., -0.00191917,
          0.        ,  0.00955009],
        [ 0.77380883,  0.86616992,  0.37999113, ..., -0.01146916,
         -0.00955009,  0.        ]],

       ...,

       [[ 0.        , -0.03225134, -0.05481784, ...,  0.86529386,
          0.83250071,  0.80389415],
        [ 0.03225134,  0.        , -0.02258648, ...,  0.88101019,
          0.84993565,  0.82265817],
        [ 0.05481784,  0.02258648,  0.        , ...,  0.89147104,
          0.86161934,  0.83528954],
        ...,
        [-0.86529386, -0.88101019, -0.89147104, ...,  0.        ,
         -0.06209013, -0.11168893],
        [-0.83250071, -0.84993565, -0.86161934, ...,  0.06209013,
          0.        , -0.04977179],
        [-0.80389415, -0.82265817, -0.83528954, ...,  0.11168893,
          0.04977179,  0.        ]],

       [[ 0.        ,  0.16535079,  0.30415522, ..., -0.91301664,
         -0.90998453, -0.90915978],
        [-0.16535079,  0.        ,  0.14245159, ..., -0.83299853,
         -0.82889701, -0.82778512],
        [-0.30415522, -0.14245159,  0.        , ..., -0.74568848,
         -0.74075614, -0.73942139],
        ...,
        [ 0.91301664,  0.83299853,  0.74568848, ...,  0.        ,
         -0.00737223, -0.0093569 ],
        [ 0.90998453,  0.82889701,  0.74075614, ...,  0.00737223,
          0.        , -0.00198473],
        [ 0.90915978,  0.82778512,  0.73942139, ...,  0.0093569 ,
          0.00198473,  0.        ]],

       [[ 0.        , -0.74471621, -0.92074223, ..., -0.85888585,
         -0.84688516, -0.83929608],
        [ 0.74471621,  0.        , -0.32391913, ..., -0.19178521,
         -0.16917322, -0.15524719],
        [ 0.92074223,  0.32391913,  0.        , ...,  0.13646112,
          0.15919806,  0.17311482],
        ...,
        [ 0.85888585,  0.19178521, -0.13646112, ...,  0.        ,
          0.02298804,  0.03709462],
        [ 0.84688516,  0.16917322, -0.15919806, ..., -0.02298804,
          0.        ,  0.0141126 ],
        [ 0.83929608,  0.15524719, -0.17311482, ..., -0.03709462,
         -0.0141126 ,  0.        ]]]), 'num': array([ 6.39522860e+07,  1.32328600e+06,  3.89000000e+02,  1.61000000e+05,
        1.63500000e+05,  1.60500000e+05,  3.85973600e+06, -1.00000000e+03,
        1.61500000e+05,  1.57925000e+05,  1.33050000e+05,  3.95061728e+01,
        1.68844135e+05,  1.47005865e+05])}
{'img': array([[[ 0.        ,  0.022031  , -0.04542978, ...,  0.99828987,
          0.99990444,  0.99938783],
        [-0.022031  ,  0.        , -0.06742701, ...,  0.99675968,
          0.99996631,  0.99837451],
        [ 0.04542978,  0.06742701,  0.        , ...,  0.9999149 ,
          0.99824404,  0.99994537],
        ...,
        [-0.99828987, -0.99675968, -0.9999149 , ...,  0.        ,
          0.07225309,  0.02349695],
        [-0.99990444, -0.99996631, -0.99824404, ..., -0.07225309,
          0.        , -0.04879761],
        [-0.99938783, -0.99837451, -0.99994537, ..., -0.02349695,
          0.04879761,  0.        ]],

       [[ 0.        , -0.4081886 , -0.14545401, ..., -0.25391996,
         -0.3512875 , -0.2430417 ],
        [ 0.4081886 ,  0.        ,  0.2710629 , ...,  0.16300739,
          0.06148425,  0.17407721],
        [ 0.14545401, -0.2710629 ,  0.        , ..., -0.11053274,
         -0.21136769, -0.09936426],
        ...,
        [ 0.25391996, -0.16300739,  0.11053274, ...,  0.        ,
         -0.1020371 ,  0.01123032],
        [ 0.3512875 , -0.06148425,  0.21136769, ...,  0.1020371 ,
          0.        ,  0.11320236],
        [ 0.2430417 , -0.17407721,  0.09936426, ..., -0.01123032,
         -0.11320236,  0.        ]],

       [[ 0.        , -0.99893125, -0.41280132, ..., -0.88305113,
         -0.88874532, -0.8926308 ],
        [ 0.99893125,  0.        , -0.92892765, ..., -0.50959055,
         -0.49898988, -0.49156478],
        [ 0.41280132,  0.92892765,  0.        , ...,  0.61058353,
          0.62025933,  0.6269409 ],
        ...,
        [ 0.88305113,  0.50959055, -0.61058353, ...,  0.        ,
          0.01227575,  0.02082164],
        [ 0.88874532,  0.49898988, -0.62025933, ..., -0.01227575,
          0.        ,  0.00854698],
        [ 0.8926308 ,  0.49156478, -0.6269409 , ..., -0.02082164,
         -0.00854698,  0.        ]],

       ...,

       [[ 0.        , -0.02258648, -0.02959466, ...,  0.84993565,
          0.82265817,  0.62015415],
        [ 0.02258648,  0.        , -0.00701052, ...,  0.86161934,
          0.83528954,  0.63771459],
        [ 0.02959466,  0.00701052,  0.        , ...,  0.86515639,
          0.83912347,  0.64309893],
        ...,
        [-0.84993565, -0.86161934, -0.86515639, ...,  0.        ,
         -0.04977179, -0.34000664],
        [-0.82265817, -0.83528954, -0.83912347, ...,  0.04977179,
          0.        , -0.2927787 ],
        [-0.62015415, -0.63771459, -0.64309893, ...,  0.34000664,
          0.2927787 ,  0.        ]],

       [[ 0.        ,  0.14245159,  0.26611759, ..., -0.82889701,
         -0.82778512, -0.82604051],
        [-0.14245159,  0.        ,  0.1260888 , ..., -0.74075614,
         -0.73942139, -0.73732911],
        [-0.26611759, -0.1260888 ,  0.        , ..., -0.65014095,
         -0.64863164, -0.64626722],
        ...,
        [ 0.82889701,  0.74075614,  0.65014095, ...,  0.        ,
         -0.00198473, -0.00508719],
        [ 0.82778512,  0.73942139,  0.64863164, ...,  0.00198473,
          0.        , -0.00310248],
        [ 0.82604051,  0.73732911,  0.64626722, ...,  0.00508719,
          0.00310248,  0.        ]],

       [[ 0.        , -0.74461808, -0.92574446, ..., -0.54667757,
         -0.52416678, -0.50142645],
        [ 0.74461808,  0.        , -0.33634877, ...,  0.25859866,
          0.28425192,  0.30954625],
        [ 0.92574446,  0.33634877,  0.        , ...,  0.56843987,
          0.59016495,  0.61134011],
        ...,
        [ 0.54667757, -0.25859866, -0.56843987, ...,  0.        ,
          0.02665168,  0.05311956],
        [ 0.52416678, -0.28425192, -0.59016495, ..., -0.02665168,
          0.        ,  0.02648664],
        [ 0.50142645, -0.30954625, -0.61134011, ..., -0.05311956,
         -0.02648664,  0.        ]]]), 'num': array([6.43451950e+07, 6.79195000e+05, 3.93000000e+02, 1.62000000e+05,
       1.64500000e+05, 1.61000000e+05, 3.35201900e+06, 1.00000000e+03,
       1.61700000e+05, 1.58875000e+05, 1.33766667e+05, 5.86206897e+01,
       1.67499819e+05, 1.50250181e+05])}
{'img': array([[[ 0.        , -0.06742701, -0.09085187, ...,  0.99996631,
          0.99837451,  0.99996631],
        [ 0.06742701,  0.        , -0.02349695, ...,  0.99824404,
          0.99994537,  0.99824404],
        [ 0.09085187,  0.02349695,  0.        , ...,  0.99657658,
          0.99942368,  0.99657658],
        ...,
        [-0.99996631, -0.99824404, -0.99657658, ...,  0.        ,
         -0.04879761,  0.        ],
        [-0.99837451, -0.99994537, -0.99942368, ...,  0.04879761,
          0.        ,  0.04879761],
        [-0.99996631, -0.99824404, -0.99657658, ...,  0.        ,
         -0.04879761,  0.        ]],

       [[ 0.        ,  0.2710629 , -0.16830875, ...,  0.06148425,
          0.17407721,  0.08185992],
        [-0.2710629 ,  0.        , -0.42920355, ..., -0.21136769,
         -0.09936426, -0.19135795],
        [ 0.16830875,  0.42920355,  0.        , ...,  0.22859745,
          0.3373329 ,  0.24843601],
        ...,
        [-0.06148425,  0.21136769, -0.22859745, ...,  0.        ,
          0.11320236,  0.02042715],
        [-0.17407721,  0.09936426, -0.3373329 , ..., -0.11320236,
          0.        , -0.0928829 ],
        [-0.08185992,  0.19135795, -0.24843601, ..., -0.02042715,
          0.0928829 ,  0.        ]],

       [[ 0.        , -0.55847429, -0.53948401, ..., -0.99937524,
         -0.99875442, -0.99853801],
        [ 0.55847429,  0.        , -0.02271926, ...,  0.84874175,
          0.85635425,  0.85849688],
        [ 0.53948401,  0.02271926,  0.        , ...,  0.8605368 ,
          0.86786519,  0.86992615],
        ...,
        [ 0.99937524, -0.84874175, -0.8605368 , ...,  0.        ,
          0.01456586,  0.01872892],
        [ 0.99875442, -0.85635425, -0.86786519, ..., -0.01456586,
          0.        ,  0.00416362],
        [ 0.99853801, -0.85849688, -0.86992615, ..., -0.01872892,
         -0.00416362,  0.        ]],

       ...,

       [[ 0.        , -0.00701052, -0.01917233, ...,  0.83528954,
          0.63771459,  0.89776713],
        [ 0.00701052,  0.        , -0.01216262, ...,  0.83912347,
          0.64309893,  0.900833  ],
        [ 0.01917233,  0.01216262,  0.        , ...,  0.84567715,
          0.65236529,  0.90604696],
        ...,
        [-0.83528954, -0.83912347, -0.84567715, ...,  0.        ,
         -0.2927787 ,  0.12568132],
        [-0.63771459, -0.64309893, -0.65236529, ...,  0.2927787 ,
          0.        ,  0.41063116],
        [-0.89776713, -0.900833  , -0.90604696, ..., -0.12568132,
         -0.41063116,  0.        ]],

       [[ 0.        ,  0.1260888 ,  0.27916635, ..., -0.73942139,
         -0.73732911, -0.73194365],
        [-0.1260888 ,  0.        ,  0.15586246, ..., -0.64863164,
         -0.64626722, -0.64018947],
        [-0.27916635, -0.15586246,  0.        , ..., -0.52207726,
         -0.51942865, -0.51262936],
        ...,
        [ 0.73942139,  0.64863164,  0.52207726, ...,  0.        ,
         -0.00310248, -0.0110401 ],
        [ 0.73732911,  0.64626722,  0.51942865, ...,  0.00310248,
          0.        , -0.00793776],
        [ 0.73194365,  0.64018947,  0.51262936, ...,  0.0110401 ,
          0.00793776,  0.        ]],

       [[ 0.        , -0.3865325 , -0.63136022, ...,  0.41249941,
          0.46737728,  0.63945145],
        [ 0.3865325 ,  0.        , -0.28253628, ...,  0.73255304,
          0.77276789,  0.88692894],
        [ 0.63136022,  0.28253628,  0.        , ...,  0.8950316 ,
          0.9206053 ,  0.98129762],
        ...,
        [-0.41249941, -0.73255304, -0.8950316 , ...,  0.        ,
          0.06108763,  0.2653708 ],
        [-0.46737728, -0.77276789, -0.9206053 , ..., -0.06108763,
          0.        ,  0.20597777],
        [-0.63945145, -0.88692894, -0.98129762, ..., -0.2653708 ,
         -0.20597777,  0.        ]]]), 'num': array([ 6.34118430e+07,  4.23734300e+06,  3.71000000e+02,  1.59500000e+05,
        1.62000000e+05,  1.58500000e+05,  3.82184300e+06, -2.50000000e+03,
        1.61000000e+05,  1.59450000e+05,  1.34433333e+05,  5.86206897e+01,
        1.66484913e+05,  1.52415087e+05])}
{'img': array([[[ 0.        , -0.02349695, -0.02349695, ...,  0.99994537,
          0.99824404,  0.99828987],
        [ 0.02349695,  0.        ,  0.        , ...,  0.99942368,
          0.99657658,  0.99938783],
        [ 0.02349695,  0.        ,  0.        , ...,  0.99942368,
          0.99657658,  0.99938783],
        ...,
        [-0.99994537, -0.99942368, -0.99942368, ...,  0.        ,
          0.04879761, -0.06888993],
        [-0.99824404, -0.99657658, -0.99657658, ..., -0.04879761,
          0.        , -0.11748954],
        [-0.99828987, -0.99938783, -0.99938783, ...,  0.06888993,
          0.11748954,  0.        ]],

       [[ 0.        , -0.42920355, -0.37914429, ..., -0.09936426,
         -0.19135795, -0.10594067],
        [ 0.42920355,  0.        ,  0.05471209, ...,  0.3373329 ,
          0.24843601,  0.33110175],
        [ 0.37914429, -0.05471209,  0.        , ...,  0.28532247,
          0.19506713,  0.27897976],
        ...,
        [ 0.09936426, -0.3373329 , -0.28532247, ...,  0.        ,
         -0.0928829 , -0.00661129],
        [ 0.19135795, -0.24843601, -0.19506713, ...,  0.0928829 ,
          0.        ,  0.08629816],
        [ 0.10594067, -0.33110175, -0.27897976, ...,  0.00661129,
         -0.08629816,  0.        ]],

       [[ 0.        , -0.03262947, -0.04932885, ...,  0.81542063,
          0.73641636,  0.87396688],
        [ 0.03262947,  0.        , -0.01671283, ...,  0.79609824,
          0.71394946,  0.85764406],
        [ 0.04932885,  0.01671283,  0.        , ...,  0.78587299,
          0.70214746,  0.8489298 ],
        ...,
        [-0.81542063, -0.79609824, -0.78587299, ...,  0.        ,
          0.12536685, -0.10962965],
        [-0.73641636, -0.71394946, -0.70214746, ..., -0.12536685,
          0.        , -0.23337593],
        [-0.87396688, -0.85764406, -0.8489298 , ...,  0.10962965,
          0.23337593,  0.        ]],

       ...,

       [[ 0.        , -0.01216262, -0.01813837, ...,  0.64309893,
          0.900833  ,  0.900833  ],
        [ 0.01216262,  0.        , -0.00597641, ...,  0.65236529,
          0.90604696,  0.90604696],
        [ 0.01813837,  0.00597641,  0.        , ...,  0.65688319,
          0.90855986,  0.90855986],
        ...,
        [-0.64309893, -0.65236529, -0.65688319, ...,  0.        ,
          0.41063116,  0.41063116],
        [-0.900833  , -0.90604696, -0.90855986, ..., -0.41063116,
          0.        ,  0.        ],
        [-0.900833  , -0.90604696, -0.90855986, ..., -0.41063116,
          0.        ,  0.        ]],

       [[ 0.        ,  0.15586246,  0.05405011, ..., -0.64626722,
         -0.64018947, -0.63551975],
        [-0.15586246,  0.        , -0.10224507, ..., -0.51942865,
         -0.51262936, -0.50741391],
        [-0.05405011,  0.10224507,  0.        , ..., -0.60407628,
         -0.59773144, -0.5928595 ],
        ...,
        [ 0.64626722,  0.51942865,  0.60407628, ...,  0.        ,
         -0.00793776, -0.01400075],
        [ 0.64018947,  0.51262936,  0.59773144, ...,  0.00793776,
          0.        , -0.00606333],
        [ 0.63551975,  0.50741391,  0.5928595 , ...,  0.01400075,
          0.00606333,  0.        ]],

       [[ 0.        , -0.27961092, -0.49767566, ...,  0.74135056,
          0.8037434 ,  0.89226049],
        [ 0.27961092,  0.        , -0.23530084, ...,  0.89943252,
          0.93804662,  0.98292145],
        [ 0.49767566,  0.23530084,  0.        , ...,  0.97701928,
          0.99324257,  0.99862494],
        ...,
        [-0.74135056, -0.89943252, -0.97701928, ...,  0.        ,
          0.09832081,  0.26407671],
        [-0.8037434 , -0.93804662, -0.99324257, ..., -0.09832081,
          0.        ,  0.16796662],
        [-0.89226049, -0.98292145, -0.99862494, ..., -0.26407671,
         -0.16796662,  0.        ]]]), 'num': array([ 6.24767760e+07,  3.75877600e+06,  3.74000000e+02,  1.57000000e+05,
        1.59500000e+05,  1.57000000e+05,  3.42318800e+06, -2.50000000e+03,
        1.60300000e+05,  1.59550000e+05,  1.35083333e+05,  5.32258065e+01,
        1.66383008e+05,  1.52716992e+05])}
{'img': array([[[ 0.00000000e+00,  0.00000000e+00,  2.34969466e-02, ...,
          9.96576577e-01,  9.99387834e-01,  9.90026800e-01],
        [ 0.00000000e+00,  0.00000000e+00,  2.34969466e-02, ...,
