state_0,state_1,state_2,state_3,state_4,state_5,state_6,state_7,state_8,state_9,state_10,state_11,state_12,state_13,state_14,state_15,state_16,state_17,state_18,state_19,state_20,state_21,state_22,state_23,state_24,state_25,state_26,state_27,state_28,state_29,state_30,state_31,state_32,state_33,state_34,state_35,state_36,state_37,state_38,state_39,state_40,state_41,state_42,state_43,state_44,state_45,state_46,state_47,state_48,state_49,state_50,state_51,state_52,state_53,state_54,state_55,state_56,state_57,state_58,state_59,state_60,state_61,state_62,state_63,state_64,state_65,state_66,state_67,state_68,state_69,state_70,state_71,state_72,state_73,state_74,state_75,state_76,state_77
{'img': array([[[ 0.        , -0.26834856, -0.48541718, ..., -0.73339483,
         -0.99919968, -0.96337854],
        [ 0.26834856,  0.        , -0.23300051, ..., -0.52407116,
         -0.95181698, -0.85608729],
        [ 0.48541718,  0.23300051,  0.        , ..., -0.31120636,
         -0.85416626, -0.71210292],
        ...,
        [ 0.73339483,  0.52407116,  0.31120636, ...,  0.        ,
         -0.64992307, -0.45825133],
        [ 0.99919968,  0.95181698,  0.85416626, ...,  0.64992307,
          0.        ,  0.22939534],
        [ 0.96337854,  0.85608729,  0.71210292, ...,  0.45825133,
         -0.22939534,  0.        ]],

       [[ 0.        ,  0.4350475 ,  0.99735821, ..., -0.29691   ,
         -0.19876947, -0.43744635],
        [-0.4350475 ,  0.        ,  0.92963076, ..., -0.68276922,
         -0.6053402 , -0.78509405],
        [-0.99735821, -0.92963076,  0.        , ..., -0.93081521,
         -0.96301854, -0.86509271],
        ...,
        [ 0.29691   ,  0.68276922,  0.93081521, ...,  0.        ,
          0.10117948, -0.15072523],
        [ 0.19876947,  0.6053402 ,  0.96301854, ..., -0.10117948,
          0.        , -0.24997531],
        [ 0.43744635,  0.78509405,  0.86509271, ...,  0.15072523,
          0.24997531,  0.        ]],

       [[ 0.        , -0.02524476, -0.16427256, ..., -0.78206581,
         -0.88552675, -0.9998756 ],
        [ 0.02524476,  0.        , -0.1393184 , ..., -0.76608413,
         -0.87351611, -0.99915876],
        [ 0.16427256,  0.1393184 ,  0.        , ..., -0.66906745,
         -0.79717772, -0.98370123],
        ...,
        [ 0.78206581,  0.76608413,  0.66906745, ...,  0.        ,
         -0.18851789, -0.61078291],
        [ 0.88552675,  0.87351611,  0.79717772, ...,  0.18851789,
          0.        , -0.45056331],
        [ 0.9998756 ,  0.99915876,  0.98370123, ...,  0.61078291,
          0.45056331,  0.        ]],

       ...,

       [[ 0.        ,  0.22411282,  0.41437361, ...,  0.90444075,
          0.68228018,  0.81869296],
        [-0.22411282,  0.        ,  0.19986666, ...,  0.78582831,
          0.50107833,  0.66917539],
        [-0.41437361, -0.19986666,  0.        , ...,  0.64636626,
          0.31800313,  0.50715169],
        ...,
        [-0.90444075, -0.78582831, -0.64636626, ...,  0.        ,
         -0.3701681 , -0.17010458],
        [-0.68228018, -0.50107833, -0.31800313, ...,  0.3701681 ,
          0.        ,  0.20675211],
        [-0.81869296, -0.66917539, -0.50715169, ...,  0.17010458,
         -0.20675211,  0.        ]],

       [[ 0.        , -0.5754153 , -0.76044329, ..., -0.5508056 ,
         -0.54226841, -0.50531911],
        [ 0.5754153 ,  0.        , -0.24826   , ..., -0.93074355,
         -0.92696739, -0.90982558],
        [ 0.76044329,  0.24826   ,  0.        , ..., -0.99238705,
         -0.99107996, -0.9843677 ],
        ...,
        [ 0.5508056 ,  0.93074355,  0.99238705, ...,  0.        ,
         -0.01019437, -0.05355179],
        [ 0.54226841,  0.92696739,  0.99107996, ...,  0.01019437,
          0.        , -0.04336927],
        [ 0.50531911,  0.90982558,  0.9843677 , ...,  0.05355179,
          0.04336927,  0.        ]],

       [[ 0.        , -0.11959428, -0.29088472, ..., -0.15785563,
         -0.4085495 , -0.79555174],
        [ 0.11959428,  0.        , -0.17437421, ..., -0.03862785,
         -0.29645926, -0.71738149],
        [ 0.29088472,  0.17437421,  0.        , ...,  0.13620802,
         -0.12538204, -0.58490769],
        ...,
        [ 0.15785563,  0.03862785, -0.13620802, ...,  0.        ,
         -0.25934664, -0.68993481],
        [ 0.4085495 ,  0.29645926,  0.12538204, ...,  0.25934664,
          0.        , -0.47859456],
        [ 0.79555174,  0.71738149,  0.58490769, ...,  0.68993481,
          0.47859456,  0.        ]]]), 'num': array([ 1.83336400e+07,  1.62315400e+07,  3.90000000e+01,  5.39000000e+04,
        5.42000000e+04,  5.36000000e+04,  1.50084490e+07, -6.00000000e+02,
        5.47800000e+04,  5.68100000e+04,  5.88766667e+04,  3.12500000e+01,
        6.01792136e+04,  5.34407864e+04])}
{'img': array([[[ 0.        , -0.21043397,  0.02558232, ..., -0.74363626,
         -0.70967884, -0.97435876],
        [ 0.21043397,  0.        ,  0.23537459, ..., -0.58629194,
         -0.5455317 , -0.90519335],
        [-0.02558232, -0.23537459,  0.        , ..., -0.76049683,
         -0.72746998, -0.9797959 ],
        ...,
        [ 0.74363626,  0.58629194,  0.76049683, ...,  0.        ,
          0.04943037, -0.48412292],
        [ 0.70967884,  0.5455317 ,  0.72746998, ..., -0.04943037,
          0.        , -0.52678269],
        [ 0.97435876,  0.90519335,  0.9797959 , ...,  0.48412292,
          0.52678269,  0.        ]],

       [[ 0.        ,  0.92963076, -0.12114391, ..., -0.6053402 ,
         -0.78509405, -0.40369335],
        [-0.92963076,  0.        , -0.96742459, ..., -0.96301854,
         -0.86509271, -0.99927187],
        [ 0.12114391,  0.96742459,  0.        , ..., -0.50445531,
         -0.7042781 , -0.28988626],
        ...,
        [ 0.6053402 ,  0.96301854,  0.50445531, ...,  0.        ,
         -0.24997531,  0.2324958 ],
        [ 0.78509405,  0.86509271,  0.7042781 , ...,  0.24997531,
          0.        ,  0.46823991],
        [ 0.40369335,  0.99927187,  0.28988626, ..., -0.2324958 ,
         -0.46823991,  0.        ]],

       [[ 0.        , -0.12844342, -0.22729177, ..., -0.77695411,
         -0.87154207, -0.99938424],
        [ 0.12844342,  0.        , -0.10032744, ..., -0.68965599,
         -0.80134447, -0.99561296],
        [ 0.22729177,  0.10032744,  0.        , ..., -0.61352548,
         -0.73728507, -0.98120221],
        ...,
        [ 0.77695411,  0.68965599,  0.61352548, ...,  0.        ,
         -0.1677289 , -0.65643112],
        [ 0.87154207,  0.80134447,  0.73728507, ...,  0.1677289 ,
          0.        , -0.52059923],
        [ 0.99938424,  0.99561296,  0.98120221, ...,  0.65643112,
          0.52059923,  0.        ]],

       ...,

       [[ 0.        ,  0.35540261,  0.73763722, ...,  0.65757267,
          0.80408737,  0.82951087],
        [-0.35540261,  0.        ,  0.44951247, ...,  0.34688476,
          0.54030036,  0.57686586],
        [-0.73763722, -0.44951247,  0.        , ..., -0.11173808,
          0.10438403,  0.14812004],
        ...,
        [-0.65757267, -0.34688476,  0.11173808, ...,  0.        ,
          0.21485801,  0.257698  ],
        [-0.80408737, -0.54030036, -0.10438403, ..., -0.21485801,
          0.        ,  0.04407825],
        [-0.82951087, -0.57686586, -0.14812004, ..., -0.257698  ,
         -0.04407825,  0.        ]],

       [[ 0.        , -0.5799324 , -0.83043705, ..., -0.56630631,
         -0.52807259, -0.41438664],
        [ 0.5799324 ,  0.        , -0.3534401 , ..., -0.939327  ,
         -0.92268019, -0.86538314],
        [ 0.83043705,  0.3534401 ,  0.        , ..., -0.99993825,
         -0.99940233, -0.9866415 ],
        ...,
        [ 0.56630631,  0.939327  ,  0.99993825, ...,  0.        ,
         -0.04567217, -0.17386056],
        [ 0.52807259,  0.92268019,  0.99940233, ...,  0.04567217,
          0.        , -0.12870254],
        [ 0.41438664,  0.86538314,  0.9866415 , ...,  0.17386056,
          0.12870254,  0.        ]],

       [[ 0.        , -0.14293807, -0.12977242, ..., -0.23547786,
         -0.43249714, -0.79882278],
        [ 0.14293807,  0.        ,  0.01328949, ..., -0.09414128,
         -0.2991781 , -0.70463343],
        [ 0.12977242, -0.01328949,  0.        , ..., -0.10736344,
         -0.31183247, -0.71400105],
        ...,
        [ 0.23547786,  0.09414128,  0.10736344, ...,  0.        ,
         -0.20802005, -0.63470407],
        [ 0.43249714,  0.2991781 ,  0.31183247, ...,  0.20802005,
          0.        , -0.46007106],
        [ 0.79882278,  0.70463343,  0.71400105, ...,  0.63470407,
          0.46007106,  0.        ]]]), 'num': array([2.39000000e+07, 2.39000000e+07, 0.00000000e+00, 5.42000000e+04,
       5.42000000e+04, 5.35000000e+04, 1.66312890e+07, 3.00000000e+02,
       5.44600000e+04, 5.65200000e+04, 5.88300000e+04, 3.47368421e+01,
       5.97359602e+04, 5.33040398e+04])}
{'img': array([[[ 0.        ,  0.23537459,  0.26003275, ..., -0.5455317 ,
         -0.90519335, -0.67581783],
        [-0.23537459,  0.        ,  0.0254494 , ..., -0.72746998,
         -0.9797959 , -0.83031778],
        [-0.26003275, -0.0254494 ,  0.        , ..., -0.7446962 ,
         -0.98456843, -0.84423156],
        ...,
        [ 0.5455317 ,  0.72746998,  0.7446962 , ...,  0.        ,
         -0.52678269, -0.16430195],
        [ 0.90519335,  0.9797959 ,  0.98456843, ...,  0.52678269,
          0.        ,  0.3799671 ],
        [ 0.67581783,  0.83031778,  0.84423156, ...,  0.16430195,
         -0.3799671 ,  0.        ]],

       [[ 0.        , -0.96742459, -0.99270315, ..., -0.86509271,
         -0.99927187, -0.99141315],
        [ 0.96742459,  0.        , -0.36796783, ..., -0.7042781 ,
         -0.28988626, -0.12447847],
        [ 0.99270315,  0.36796783,  0.        , ..., -0.39363564,
          0.08262029,  0.24936101],
        ...,
        [ 0.86509271,  0.7042781 ,  0.39363564, ...,  0.        ,
          0.46823991,  0.61043016],
        [ 0.99927187,  0.28988626, -0.08262029, ..., -0.46823991,
          0.        ,  0.16849811],
        [ 0.99141315,  0.12447847, -0.24936101, ..., -0.61043016,
         -0.16849811,  0.        ]],

       [[ 0.        , -0.09527055, -0.21918286, ..., -0.74171475,
         -0.89123504, -0.99900078],
        [ 0.09527055,  0.        , -0.12523196, ..., -0.67444156,
         -0.84397202, -0.99019884],
        [ 0.21918286,  0.12523196,  0.        , ..., -0.57666972,
         -0.77015502, -0.96491299],
        ...,
        [ 0.74171475,  0.67444156,  0.57666972, ...,  0.        ,
         -0.26136654, -0.63689601],
        [ 0.89123504,  0.84397202,  0.77015502, ...,  0.26136654,
          0.        , -0.4132568 ],
        [ 0.99900078,  0.99019884,  0.96491299, ...,  0.63689601,
          0.4132568 ,  0.        ]],

       ...,

       [[ 0.        ,  0.68159826,  0.82242002, ...,  0.76136988,
          0.79156757,  0.8805386 ],
        [-0.68159826,  0.        ,  0.21403848, ...,  0.11522235,
          0.16269885,  0.32125337],
        [-0.82242002, -0.21403848,  0.        , ..., -0.10006083,
         -0.05225824,  0.11111539],
        ...,
        [-0.76136988, -0.11522235,  0.10006083, ...,  0.        ,
          0.04792813,  0.20999894],
        [-0.79156757, -0.16269885,  0.05225824, ..., -0.04792813,
          0.        ,  0.16289819],
        [-0.8805386 , -0.32125337, -0.11111539, ..., -0.20999894,
         -0.16289819,  0.        ]],

       [[ 0.        , -0.69406988, -0.8759983 , ..., -0.58714671,
         -0.48283348, -0.        ],
        [ 0.69406988,  0.        , -0.2958781 , ..., -0.98452746,
         -0.95540096, -0.69406988],
        [ 0.8759983 ,  0.2958781 ,  0.        , ..., -0.99229277,
         -0.99999982, -0.8759983 ],
        ...,
        [ 0.58714671,  0.98452746,  0.99229277, ...,  0.        ,
         -0.12332722, -0.58714671],
        [ 0.48283348,  0.95540096,  0.99999982, ...,  0.12332722,
          0.        , -0.48283348],
        [ 0.        ,  0.69406988,  0.8759983 , ...,  0.58714671,
          0.48283348,  0.        ]],

       [[ 0.        ,  0.01238655,  0.01975134, ..., -0.26911319,
         -0.51160275, -0.740294  ],
        [-0.01238655,  0.        ,  0.00736569, ..., -0.28102214,
         -0.5222063 , -0.74856448],
        [-0.01975134, -0.00736569,  0.        , ..., -0.28808337,
         -0.52847374, -0.75342808],
        ...,
        [ 0.26911319,  0.28102214,  0.28808337, ...,  0.        ,
         -0.26150099, -0.53206319],
        [ 0.51160275,  0.5222063 ,  0.52847374, ...,  0.26150099,
          0.        , -0.29213499],
        [ 0.740294  ,  0.74856448,  0.75342808, ...,  0.53206319,
          0.29213499,  0.        ]]]), 'num': array([ 2.38960770e+07,  2.37373770e+07,  3.00000000e+00,  5.29000000e+04,
        5.44000000e+04,  5.25000000e+04,  1.99911290e+07, -1.30000000e+03,
        5.39800000e+04,  5.62350000e+04,  5.87750000e+04,  3.05555556e+01,
        5.96661951e+04,  5.28038049e+04])}
{'img': array([[[ 0.        ,  0.02225522, -0.15672811, ..., -0.73414483,
         -0.66265713, -0.9977753 ],
        [-0.02225522,  0.        , -0.17866948, ..., -0.74907414,
         -0.67916045, -0.99901186],
        [ 0.15672811,  0.17866948,  0.        , ..., -0.61865484,
         -0.5370906 , -0.97499604],
        ...,
        [ 0.73414483,  0.74907414,  0.61865484, ...,  0.        ,
          0.0998784 , -0.62853936],
        [ 0.66265713,  0.67916045,  0.5370906 , ..., -0.0998784 ,
          0.        , -0.70307965],
        [ 0.9977753 ,  0.99901186,  0.97499604, ...,  0.62853936,
          0.70307965,  0.        ]],

       [[ 0.        , -0.47373053, -0.14475788, ..., -0.380818  ,
         -0.17107748,  0.3866413 ],
        [ 0.47373053,  0.        ,  0.34125689, ...,  0.10266002,
          0.31608382,  0.77739193],
        [ 0.14475788, -0.34125689,  0.        , ..., -0.24295651,
         -0.02665175,  0.51606893],
        ...,
        [ 0.380818  , -0.10266002,  0.24295651, ...,  0.        ,
          0.21701703,  0.70870973],
        [ 0.17107748, -0.31608382,  0.02665175, ..., -0.21701703,
          0.        ,  0.53871408],
        [-0.3866413 , -0.77739193, -0.51606893, ..., -0.70870973,
         -0.53871408,  0.        ]],

       [[ 0.        , -0.11591081, -0.20080489, ..., -0.74706337,
         -0.83928682, -0.99768104],
        [ 0.11591081,  0.        , -0.08590154, ..., -0.66497585,
         -0.77061029, -0.98306708],
        [ 0.20080489,  0.08590154,  0.        , ..., -0.59836101,
         -0.71301621, -0.96369218],
        ...,
        [ 0.74706337,  0.66497585,  0.59836101, ...,  0.        ,
         -0.15174821, -0.61236404],
        [ 0.83928682,  0.77061029,  0.71301621, ...,  0.15174821,
          0.        , -0.48530388],
        [ 0.99768104,  0.98306708,  0.96369218, ...,  0.61236404,
          0.48530388,  0.        ]],

       ...,

       [[ 0.        ,  0.21765892,  0.02268595, ...,  0.16562233,
          0.3260467 ,  0.13049514],
        [-0.21765892,  0.        , -0.19546085, ..., -0.05300137,
          0.11246503, -0.08843121],
        [-0.02268595,  0.19546085,  0.        , ...,  0.14320707,
          0.30451654,  0.10796959],
        ...,
        [-0.16562233,  0.05300137, -0.14320707, ...,  0.        ,
          0.16497207, -0.03551319],
        [-0.3260467 , -0.11246503, -0.30451654, ..., -0.16497207,
          0.        , -0.1998946 ],
        [-0.13049514,  0.08843121, -0.10796959, ...,  0.03551319,
          0.1998946 ,  0.        ]],

       [[ 0.        , -0.6868271 , -0.90360257, ..., -0.55084903,
         -0.21089825, -0.        ],
        [ 0.6868271 ,  0.        , -0.36253981, ..., -0.97359782,
         -0.82466424, -0.6868271 ],
        [ 0.90360257,  0.36253981,  0.        , ..., -0.99011933,
         -0.97362162, -0.90360257],
        ...,
        [ 0.55084903,  0.97359782,  0.99011933, ...,  0.        ,
         -0.36244263, -0.55084903],
        [ 0.21089825,  0.82466424,  0.97362162, ...,  0.36244263,
          0.        , -0.21089825],
        [ 0.        ,  0.6868271 ,  0.90360257, ...,  0.55084903,
          0.21089825,  0.        ]],

       [[ 0.        ,  0.00607562,  0.01851781, ..., -0.36777006,
         -0.43456883, -0.84155373],
        [-0.00607562,  0.        ,  0.01244289, ..., -0.37341309,
         -0.44003274, -0.84482008],
        [-0.01851781, -0.01244289,  0.        , ..., -0.38492702,
         -0.45117216, -0.85141226],
        ...,
        [ 0.36777006,  0.37341309,  0.38492702, ...,  0.        ,
         -0.07288491, -0.58391531],
        [ 0.43456883,  0.44003274,  0.45117216, ...,  0.07288491,
          0.        , -0.52319327],
        [ 0.84155373,  0.84482008,  0.85141226, ...,  0.58391531,
          0.52319327,  0.        ]]]), 'num': array([ 2.3797081e+07,  6.8598810e+06,  3.2200000e+02,  5.2600000e+04,
        5.3700000e+04,  5.2600000e+04,  1.3882080e+07, -3.0000000e+02,
        5.3620000e+04,  5.5925000e+04,  5.8700000e+04,  3.3000000e+01,
        5.9490880e+04,  5.2359120e+04])}
{'img': array([[[ 0.        , -0.17221362,  0.21481516, ..., -0.64775955,
         -0.93163012, -0.99994219],
        [ 0.17221362,  0.        ,  0.37979898, ..., -0.50688172,
         -0.85512742, -0.98315092],
        [-0.21481516, -0.37979898,  0.        , ..., -0.79629324,
         -0.98794649, -0.9789081 ],
        ...,
        [ 0.64775955,  0.50688172,  0.79629324, ...,  0.        ,
         -0.47435665, -0.75483565],
        [ 0.93163012,  0.85512742,  0.98794649, ...,  0.47435665,
          0.        , -0.35336939],
        [ 0.99994219,  0.98315092,  0.9789081 , ...,  0.75483565,
          0.35336939,  0.        ]],

       [[ 0.        ,  0.34125689,  0.99626946, ...,  0.31608382,
          0.77739193, -0.04308419],
        [-0.34125689,  0.        ,  0.90701405, ..., -0.02665175,
          0.51606893, -0.38143786],
        [-0.99626946, -0.90701405,  0.        , ..., -0.91791492,
         -0.55958341, -0.9990624 ],
        ...,
        [-0.31608382,  0.02665175,  0.91791492, ...,  0.        ,
          0.53871408, -0.35666564],
        [-0.77739193, -0.51606893,  0.55958341, ..., -0.53871408,
          0.        , -0.80377075],
        [ 0.04308419,  0.38143786,  0.9990624 , ...,  0.35666564,
          0.80377075,  0.        ]],

       [[ 0.        , -0.08111676, -0.02019792, ..., -0.70359217,
         -0.84837866, -0.99151399],
        [ 0.08111676,  0.        ,  0.06096885, ..., -0.64363166,
         -0.80264053, -0.97770139],
        [ 0.02019792, -0.06096885,  0.        , ..., -0.68909591,
         -0.83751302, -0.988686  ],
        ...,
        [ 0.70359217,  0.64363166,  0.68909591, ...,  0.        ,
         -0.23038671, -0.61310684],
        [ 0.84837866,  0.80264053,  0.83751302, ...,  0.23038671,
          0.        , -0.41460825],
        [ 0.99151399,  0.97770139,  0.988686  , ...,  0.61310684,
          0.41460825,  0.        ]],

       ...,

       [[ 0.        , -0.19546085,  0.43867762, ...,  0.11246503,
         -0.08843121,  0.03242217],
        [ 0.19546085,  0.        ,  0.60586601, ...,  0.30451654,
          0.10796959,  0.22715488],
        [-0.43867762, -0.60586601,  0.        , ..., -0.33482843,
         -0.51642723, -0.40931099],
        ...,
        [-0.11246503, -0.30451654,  0.33482843, ...,  0.        ,
         -0.1998946 , -0.08018943],
        [ 0.08843121, -0.10796959,  0.51642723, ...,  0.1998946 ,
          0.        ,  0.12067987],
        [-0.03242217, -0.22715488,  0.40931099, ...,  0.08018943,
         -0.12067987,  0.        ]],

       [[ 0.        , -0.74658292, -0.9709701 , ..., -0.41154855,
         -0.35036734, -0.        ],
        [ 0.74658292,  0.        , -0.46739569, ..., -0.95422671,
         -0.93235552, -0.74658292],
        [ 0.9709701 ,  0.46739569,  0.        , ..., -0.98337312,
         -0.99323078, -0.9709701 ],
        ...,
        [ 0.41154855,  0.95422671,  0.98337312, ...,  0.        ,
         -0.06614094, -0.41154855],
        [ 0.35036734,  0.93235552,  0.99323078, ...,  0.06614094,
          0.        , -0.35036734],
        [ 0.        ,  0.74658292,  0.9709701 , ...,  0.41154855,
          0.35036734,  0.        ]],

       [[ 0.        ,  0.01100071,  0.15299841, ..., -0.36542595,
         -0.57526361, -0.89778579],
        [-0.01100071,  0.        ,  0.14211796, ..., -0.37564374,
         -0.58422703, -0.90257654],
        [-0.15299841, -0.14211796,  0.        , ..., -0.50354068,
         -0.69363853, -0.95460111],
        ...,
        [ 0.36542595,  0.37564374,  0.50354068, ...,  0.        ,
         -0.23657186, -0.67474989],
        [ 0.57526361,  0.58422703,  0.69363853, ...,  0.23657186,
          0.        , -0.4809954 ],
        [ 0.89778579,  0.90257654,  0.95460111, ...,  0.67474989,
          0.4809954 ,  0.        ]]]), 'num': array([2.38226310e+07, 1.89905310e+07, 9.10000000e+01, 5.31000000e+04,
       5.36000000e+04, 5.18000000e+04, 2.25032490e+07, 5.00000000e+02,
       5.33400000e+04, 5.55950000e+04, 5.86316667e+04, 3.76237624e+01,
       5.89155271e+04, 5.22744729e+04])}
{'img': array([[[ 0.        ,  0.37979898,  0.48025519, ..., -0.85512742,
         -0.98315092, -0.79497652],
        [-0.37979898,  0.        ,  0.11113658, ..., -0.98794649,
         -0.9789081 , -0.9658095 ],
        [-0.48025519, -0.11113658,  0.        , ..., -0.99902977,
         -0.95013858, -0.98863892],
        ...,
        [ 0.85512742,  0.98794649,  0.99902977, ...,  0.        ,
         -0.35336939,  0.10662463],
        [ 0.98315092,  0.9789081 ,  0.95013858, ...,  0.35336939,
          0.        ,  0.45110058],
        [ 0.79497652,  0.9658095 ,  0.98863892, ..., -0.10662463,
         -0.45110058,  0.        ]],

       [[ 0.        ,  0.64920415, -0.18128225, ...,  0.43357085,
         -0.34940957,  0.94712527],
        [-0.64920415,  0.        , -0.77633341, ..., -0.25523036,
         -0.87405075,  0.51209067],
        [ 0.18128225,  0.77633341,  0.        , ...,  0.58974403,
         -0.17376419,  0.98959941],
        ...,
        [-0.43357085,  0.25523036, -0.58974403, ...,  0.        ,
         -0.72110269,  0.71435573],
        [ 0.34940957,  0.87405075,  0.17376419, ...,  0.72110269,
          0.        ,  0.99954101],
        [-0.94712527, -0.51209067, -0.98959941, ..., -0.71435573,
         -0.99954101,  0.        ]],

       [[ 0.        ,  0.05852384,  0.17859696, ..., -0.74292875,
         -0.85781754, -0.98560197],
        [-0.05852384,  0.        ,  0.12070793, ..., -0.78082951,
         -0.88642584, -0.99380799],
        [-0.17859696, -0.12070793,  0.        , ..., -0.85053172,
         -0.93581651, -0.99995332],
        ...,
        [ 0.74292875,  0.78082951,  0.85053172, ...,  0.        ,
         -0.1923663 , -0.53411691],
        [ 0.85781754,  0.88642584,  0.93581651, ...,  0.1923663 ,
          0.        , -0.36151279],
        [ 0.98560197,  0.99380799,  0.99995332, ...,  0.53411691,
          0.36151279,  0.        ]],

       ...,

       [[ 0.        ,  0.60586601,  0.80420629, ...,  0.10796959,
          0.22715488,  0.42206328],
        [-0.60586601,  0.        ,  0.27970312, ..., -0.51642723,
         -0.40931099, -0.21347826],
        [-0.80420629, -0.27970312,  0.        , ..., -0.7353333 ,
         -0.64817368, -0.47821296],
        ...,
        [-0.10796959,  0.51642723,  0.7353333 , ...,  0.        ,
          0.12067987,  0.32171438],
        [-0.22715488,  0.40931099,  0.64817368, ..., -0.12067987,
          0.        ,  0.20509899],
        [-0.42206328,  0.21347826,  0.47821296, ..., -0.32171438,
         -0.20509899,  0.        ]],

       [[ 0.        , -0.83837452, -0.98341493, ..., -0.70396823,
         -0.62838115, -0.        ],
        [ 0.83837452,  0.        , -0.38399823, ..., -0.97916927,
         -0.99470343, -0.83837452],
        [ 0.98341493,  0.38399823,  0.        , ..., -0.82613095,
         -0.87897348, -0.98341493],
        ...,
        [ 0.70396823,  0.97916927,  0.82613095, ...,  0.        ,
         -0.10132476, -0.70396823],
        [ 0.62838115,  0.99470343,  0.87897348, ...,  0.10132476,
          0.        , -0.62838115],
        [ 0.        ,  0.83837452,  0.98341493, ...,  0.70396823,
          0.62838115,  0.        ]],

       [[ 0.        ,  0.13957139,  0.2586597 , ..., -0.56356389,
         -0.80055546, -0.91030435],
        [-0.13957139,  0.        ,  0.12130638, ..., -0.67334382,
         -0.876359  , -0.95916843],
        [-0.2586597 , -0.12130638,  0.        , ..., -0.75805663,
         -0.92831544, -0.98639483],
        ...,
        [ 0.56356389,  0.67334382,  0.75805663, ...,  0.        ,
         -0.3235963 , -0.51869596],
        [ 0.80055546,  0.876359  ,  0.92831544, ...,  0.3235963 ,
          0.        , -0.21412616],
        [ 0.91030435,  0.95916843,  0.98639483, ...,  0.51869596,
          0.21412616,  0.        ]]]), 'num': array([2.46728560e+07, 2.26165600e+06, 4.06000000e+02, 5.52000000e+04,
       5.54000000e+04, 5.45000000e+04, 1.91484350e+07, 2.10000000e+03,
       5.36000000e+04, 5.54350000e+04, 5.86116667e+04, 3.50515464e+01,
       5.84978581e+04, 5.23721419e+04])}
{'img': array([[[ 0.        ,  0.11113658,  0.1336858 , ..., -0.9789081 ,
         -0.9658095 , -0.61493733],
        [-0.11113658,  0.        ,  0.02271864, ..., -0.95013858,
         -0.98863892, -0.69876752],
        [-0.1336858 , -0.02271864,  0.        , ..., -0.94280904,
         -0.99179859, -0.71483892],
        ...,
        [ 0.9789081 ,  0.95013858,  0.94280904, ...,  0.        ,
          0.45110058,  0.89757577],
        [ 0.9658095 ,  0.98863892,  0.99179859, ..., -0.45110058,
          0.        ,  0.60218995],
        [ 0.61493733,  0.69876752,  0.71483892, ..., -0.89757577,
         -0.60218995,  0.        ]],

       [[ 0.        , -0.77633341, -0.91846017, ..., -0.87405075,
          0.51209067, -0.38096019],
        [ 0.77633341,  0.        , -0.27187577, ..., -0.17376419,
          0.98959941,  0.47766346],
        [ 0.91846017,  0.27187577,  0.        , ...,  0.1005209 ,
          0.99143304,  0.69852552],
        ...,
        [ 0.87405075,  0.17376419, -0.1005209 , ...,  0.        ,
          0.99954101,  0.6230562 ],
        [-0.51209067, -0.98959941, -0.99143304, ..., -0.99954101,
          0.        , -0.80069332],
        [ 0.38096019, -0.47766346, -0.69852552, ..., -0.6230562 ,
          0.80069332,  0.        ]],

       [[ 0.        ,  0.12070793,  0.20186116, ..., -0.88642584,
         -0.99380799, -0.89263964],
        [-0.12070793,  0.        ,  0.08216211, ..., -0.93581651,
         -0.99995332, -0.94052435],
        [-0.20186116, -0.08216211,  0.        , ..., -0.96161361,
         -0.99577862, -0.96525704],
        ...,
        [ 0.88642584,  0.93581651,  0.96161361, ...,  0.        ,
         -0.36151279, -0.01360164],
        [ 0.99380799,  0.99995332,  0.99577862, ...,  0.36151279,
          0.        ,  0.34879762],
        [ 0.89263964,  0.94052435,  0.96525704, ...,  0.01360164,
         -0.34879762,  0.        ]],

       ...,

       [[ 0.        ,  0.27970312,  0.33408132, ..., -0.40931099,
         -0.21347826, -0.32145858],
        [-0.27970312,  0.        ,  0.0571144 , ..., -0.64817368,
         -0.47821296, -0.57348555],
        [-0.33408132, -0.0571144 ,  0.        , ..., -0.69060782,
         -0.52759272, -0.61933843],
        ...,
        [ 0.40931099,  0.64817368,  0.69060782, ...,  0.        ,
          0.20509899,  0.09428907],
        [ 0.21347826,  0.47821296,  0.52759272, ..., -0.20509899,
          0.        , -0.11190064],
        [ 0.32145858,  0.57348555,  0.61933843, ..., -0.09428907,
          0.11190064,  0.        ]],

       [[ 0.        , -0.43362227, -0.62598228, ..., -0.99547833,
         -0.97181627, -0.68384193],
        [ 0.43362227,  0.        , -0.22591452, ..., -0.855831  ,
         -0.97792045, -0.93259026],
        [ 0.62598228,  0.22591452,  0.        , ..., -0.71684977,
         -0.90542735, -0.990021  ],
        ...,
        [ 0.99547833,  0.855831  ,  0.71684977, ...,  0.        ,
         -0.32698536, -0.79128842],
        [ 0.97181627,  0.97792045,  0.90542735, ...,  0.32698536,
          0.        , -0.54785789],
        [ 0.68384193,  0.93259026,  0.990021  , ...,  0.79128842,
          0.54785789,  0.        ]],

       [[ 0.        ,  0.12130638,  0.18476584, ..., -0.876359  ,
         -0.95916843, -0.86850355],
        [-0.12130638,  0.        ,  0.06418357, ..., -0.92831544,
         -0.98639483, -0.92221925],
        [-0.18476584, -0.06418357,  0.        , ..., -0.95026439,
         -0.99491235, -0.94513543],
        ...,
        [ 0.876359  ,  0.92831544,  0.95026439, ...,  0.        ,
         -0.21412616,  0.01607411],
        [ 0.95916843,  0.98639483,  0.99491235, ...,  0.21412616,
          0.        ,  0.22979978],
        [ 0.86850355,  0.92221925,  0.94513543, ..., -0.01607411,
         -0.22979978,  0.        ]]]), 'num': array([2.48738580e+07, 9.92185800e+06, 2.67000000e+02, 5.60000000e+04,
       5.72000000e+04, 5.54000000e+04, 2.24589700e+07, 8.00000000e+02,
       5.39600000e+04, 5.53600000e+04, 5.85750000e+04, 4.56521739e+01,
       5.82873879e+04, 5.24326121e+04])}
{'img': array([[[ 0.        ,  0.02271864, -0.1328927 , ..., -0.98863892,
         -0.69876752, -0.55576355],
        [-0.02271864,  0.        , -0.15537554, ..., -0.99179859,
         -0.71483892, -0.57450703],
        [ 0.1328927 ,  0.15537554,  0.        , ..., -0.95989501,
         -0.59750512, -0.44035509],
        ...,
        [ 0.98863892,  0.99179859,  0.95989501, ...,  0.        ,
          0.60218995,  0.73835867],
        [ 0.69876752,  0.71483892,  0.59750512, ..., -0.60218995,
          0.        ,  0.18334887],
        [ 0.55576355,  0.57450703,  0.44035509, ..., -0.73835867,
         -0.18334887,  0.        ]],

       [[ 0.        , -0.27187577, -0.68544798, ...,  0.98959941,
          0.47766346,  0.96958366],
        [ 0.27187577,  0.        , -0.46167015, ...,  0.99143304,
          0.69852552,  0.99960608],
        [ 0.68544798,  0.46167015,  0.        , ...,  0.81915086,
          0.94999253,  0.87374515],
        ...,
        [-0.98959941, -0.99143304, -0.81915086, ...,  0.        ,
         -0.80069332, -0.10273921],
        [-0.47766346, -0.69852552, -0.94999253, ...,  0.80069332,
          0.        ,  0.73490787],
        [-0.96958366, -0.99960608, -0.87374515, ...,  0.10273921,
         -0.73490787,  0.        ]],

       [[ 0.        ,  0.08216211,  0.12568635, ..., -0.99995332,
         -0.94052435, -0.85528778],
        [-0.08216211,  0.        ,  0.04375084, ..., -0.99577862,
         -0.96525704, -0.8949686 ],
        [-0.12568635, -0.04375084,  0.        , ..., -0.99080936,
         -0.97576497, -0.91363017],
        ...,
        [ 0.99995332,  0.99577862,  0.99080936, ...,  0.        ,
          0.34879762,  0.52639274],
        [ 0.94052435,  0.96525704,  0.97576497, ..., -0.34879762,
          0.        ,  0.19677203],
        [ 0.85528778,  0.8949686 ,  0.91363017, ..., -0.52639274,
         -0.19677203,  0.        ]],

       ...,

       [[ 0.        ,  0.0571144 ,  0.09727947, ..., -0.47821296,
         -0.57348555, -0.17141312],
        [-0.0571144 ,  0.        ,  0.04027715, ..., -0.52759272,
         -0.61933843, -0.22740238],
        [-0.09727947, -0.04027715,  0.        , ..., -0.56137994,
         -0.65045843, -0.26643978],
        ...,
        [ 0.47821296,  0.52759272,  0.56137994, ...,  0.        ,
         -0.11190064,  0.32059251],
        [ 0.57348555,  0.61933843,  0.65045843, ...,  0.11190064,
          0.        ,  0.42457321],
        [ 0.17141312,  0.22740238,  0.26643978, ..., -0.32059251,
         -0.42457321,  0.        ]],

       [[ 0.        , -0.21893295, -0.44685668, ..., -0.95388209,
         -0.99999245, -0.92241049],
        [ 0.21893295,  0.        , -0.24015726, ..., -0.86502119,
         -0.97488174, -0.98458702],
        [ 0.44685668,  0.24015726,  0.        , ..., -0.7192101 ,
         -0.89286226, -0.99777449],
        ...,
        [ 0.95388209,  0.86502119,  0.7192101 , ...,  0.        ,
         -0.29647236, -0.6452903 ],
        [ 0.99999245,  0.97488174,  0.89286226, ...,  0.29647236,
          0.        , -0.38979263],
        [ 0.92241049,  0.98458702,  0.99777449, ...,  0.6452903 ,
          0.38979263,  0.        ]],

       [[ 0.        ,  0.06418357,  0.13598309, ..., -0.98639483,
         -0.92221925, -0.895785  ],
        [-0.06418357,  0.        ,  0.07211533, ..., -0.99491235,
         -0.94513543, -0.92246679],
        [-0.13598309, -0.07211533,  0.        , ..., -0.99958711,
         -0.96623312, -0.94790699],
        ...,
        [ 0.98639483,  0.99491235,  0.99958711, ...,  0.        ,
          0.22979978,  0.29117899],
        [ 0.92221925,  0.94513543,  0.96623312, ..., -0.22979978,
          0.        ,  0.06354419],
        [ 0.895785  ,  0.92246679,  0.94790699, ..., -0.29117899,
         -0.06354419,  0.        ]]]), 'num': array([2.49784910e+07, 5.21719100e+06, 3.51000000e+02, 5.63000000e+04,
       5.73000000e+04, 5.63000000e+04, 1.49444460e+07, 3.00000000e+02,
       5.46400000e+04, 5.53200000e+04, 5.85350000e+04, 5.17241379e+01,
       5.81720870e+04, 5.24679130e+04])}
{'img': array([[[ 0.        , -0.15537554, -0.17690303, ..., -0.71483892,
         -0.57450703, -0.5189196 ],
        [ 0.15537554,  0.        , -0.02182963, ..., -0.59750512,
         -0.44035509, -0.37979898],
        [ 0.17690303,  0.02182963,  0.        , ..., -0.57985832,
         -0.420651  , -0.35951457],
        ...,
        [ 0.71483892,  0.59750512,  0.57985832, ...,  0.        ,
          0.18334887,  0.24818594],
        [ 0.57450703,  0.44035509,  0.420651  , ..., -0.18334887,
          0.        ,  0.06636634],
        [ 0.5189196 ,  0.37979898,  0.35951457, ..., -0.24818594,
         -0.06636634,  0.        ]],

       [[ 0.        , -0.46167015, -0.27024834, ...,  0.69852552,
          0.99960608,  0.22584223],
        [ 0.46167015,  0.        ,  0.20476746, ...,  0.94999253,
          0.87374515,  0.65007612],
        [ 0.27024834, -0.20476746,  0.        , ...,  0.86591954,
          0.95482668,  0.48070496],
        ...,
        [-0.69852552, -0.94999253, -0.86591954, ...,  0.        ,
          0.73490787, -0.518869  ],
        [-0.99960608, -0.87374515, -0.95482668, ..., -0.73490787,
          0.        , -0.98011857],
        [-0.22584223, -0.65007612, -0.48070496, ...,  0.518869  ,
          0.98011857,  0.        ]],

       [[ 0.        ,  0.04375084,  0.12197318, ..., -0.96525704,
         -0.8949686 , -0.74988003],
        [-0.04375084,  0.        ,  0.07843222, ..., -0.97576497,
         -0.91363017, -0.77810641],
        [-0.12197318, -0.07843222,  0.        , ..., -0.98992171,
         -0.94270201, -0.82497524],
        ...,
        [ 0.96525704,  0.97576497,  0.98992171, ...,  0.        ,
          0.19677203,  0.44264349],
        [ 0.8949686 ,  0.91363017,  0.94270201, ..., -0.19677203,
          0.        ,  0.25754447],
        [ 0.74988003,  0.77810641,  0.82497524, ..., -0.44264349,
         -0.25754447,  0.        ]],

       ...,

       [[ 0.        ,  0.04027715,  0.06112371, ..., -0.61933843,
         -0.22740238,  0.01189051],
        [-0.04027715,  0.        ,  0.02087227, ..., -0.65045843,
         -0.26643978, -0.02839344],
        [-0.06112371, -0.02087227,  0.        , ..., -0.66617009,
         -0.28649951, -0.04925111],
        ...,
        [ 0.61933843,  0.65045843,  0.66617009, ...,  0.        ,
          0.42457321,  0.62863018],
        [ 0.22740238,  0.26643978,  0.28649951, ..., -0.42457321,
          0.        ,  0.2389653 ],
        [-0.01189051,  0.02839344,  0.04925111, ..., -0.62863018,
         -0.2389653 ,  0.        ]],

       [[ 0.        , -0.23544139, -0.37413957, ..., -0.95504592,
         -0.99513437, -0.98131799],
        [ 0.23544139,  0.        , -0.14528011, ..., -0.85839974,
         -0.94396234, -0.99902895],
        [ 0.37413957,  0.14528011,  0.        , ..., -0.77476661,
         -0.88599728, -0.982029  ],
        ...,
        [ 0.95504592,  0.85839974,  0.77476661, ...,  0.        ,
         -0.20091755, -0.47466344],
        [ 0.99513437,  0.94396234,  0.88599728, ...,  0.20091755,
          0.        , -0.2881431 ],
        [ 0.98131799,  0.99902895,  0.982029  , ...,  0.47466344,
          0.2881431 ,  0.        ]],

       [[ 0.        ,  0.07211533,  0.1057682 , ..., -0.94513543,
         -0.92246679, -0.9098142 ],
        [-0.07211533,  0.        ,  0.03378199, ..., -0.96623312,
         -0.94790699, -0.93737431],
        [-0.1057682 , -0.03378199,  0.        , ..., -0.97438621,
         -0.95812711, -0.94860635],
        ...,
        [ 0.94513543,  0.96623312,  0.97438621, ...,  0.        ,
          0.06354419,  0.09502916],
        [ 0.92246679,  0.94790699,  0.95812711, ..., -0.06354419,
          0.        ,  0.03158048],
        [ 0.9098142 ,  0.93737431,  0.94860635, ..., -0.09502916,
         -0.03158048,  0.        ]]]), 'num': array([ 2.49335640e+07,  9.31640000e+04,  4.42000000e+02,  5.62000000e+04,
        5.69000000e+04,  5.52000000e+04,  1.68868130e+07, -1.00000000e+02,
        5.53600000e+04,  5.52750000e+04,  5.84916667e+04,  5.00000000e+01,
        5.80404114e+04,  5.25095886e+04])}
{'img': array([[[ 0.        , -0.02182963, -0.12967375, ..., -0.44035509,
         -0.37979898, -0.40007631],
        [ 0.02182963,  0.        , -0.10799753, ..., -0.420651  ,
         -0.35951457, -0.37997451],
        [ 0.12967375,  0.10799753,  0.        , ..., -0.32021289,
         -0.25663506, -0.27785472],
        ...,
        [ 0.44035509,  0.420651  ,  0.32021289, ...,  0.        ,
          0.06636634,  0.04437945],
        [ 0.37979898,  0.35951457,  0.25663506, ..., -0.06636634,
          0.        , -0.02201934],
        [ 0.40007631,  0.37997451,  0.27785472, ..., -0.04437945,
          0.02201934,  0.        ]],

       [[ 0.        ,  0.20476746,  0.66119622, ...,  0.87374515,
          0.65007612,  0.81101978],
        [-0.20476746,  0.        ,  0.49356669, ...,  0.95482668,
          0.48070496,  0.674042  ],
        [-0.66119622, -0.49356669,  0.        , ...,  0.97709025,
         -0.01472701,  0.22162542],
        ...,
        [-0.87374515, -0.95482668, -0.97709025, ...,  0.        ,
         -0.98011857, -0.90562434],
        [-0.65007612, -0.48070496,  0.01472701, ...,  0.98011857,
          0.        ,  0.23596216],
        [-0.81101978, -0.674042  , -0.22162542, ...,  0.90562434,
         -0.23596216,  0.        ]],

       [[ 0.        ,  0.07843222,  0.04401386, ..., -0.91363017,
         -0.77810641, -0.62355601],
        [-0.07843222,  0.        , -0.03447794, ..., -0.94270201,
         -0.82497524, -0.68295175],
        [-0.04401386,  0.03447794,  0.        , ..., -0.93063846,
         -0.8049989 , -0.65736083],
        ...,
        [ 0.91363017,  0.94270201,  0.93063846, ...,  0.        ,
          0.25754447,  0.46075217],
        [ 0.77810641,  0.82497524,  0.8049989 , ..., -0.25754447,
          0.        ,  0.21663122],
        [ 0.62355601,  0.68295175,  0.65736083, ..., -0.46075217,
         -0.21663122,  0.        ]],

       ...,

       [[ 0.        ,  0.02087227, -0.27754513, ..., -0.26643978,
         -0.02839344, -0.09727947],
        [-0.02087227,  0.        , -0.29753692, ..., -0.28649951,
         -0.04925111, -0.11803155],
        [ 0.27754513,  0.29753692,  0.        , ...,  0.01154025,
          0.25015529,  0.18277115],
        ...,
        [ 0.26643978,  0.28649951, -0.01154025, ...,  0.        ,
          0.2389653 ,  0.17141312],
        [ 0.02839344,  0.04925111, -0.25015529, ..., -0.2389653 ,
          0.        , -0.06898147],
        [ 0.09727947,  0.11803155, -0.18277115, ..., -0.17141312,
          0.06898147,  0.        ]],

       [[ 0.        , -0.14147217, -0.33892149, ..., -0.90315252,
         -0.94664394, -0.99981236],
        [ 0.14147217,  0.        , -0.2024136 , ..., -0.83333201,
         -0.89152898, -0.98701596],
        [ 0.33892149,  0.2024136 ,  0.        , ..., -0.70419341,
         -0.78138844, -0.93407274],
        ...,
