state_0,state_1,state_2,state_3,state_4,state_5,state_6,state_7,state_8,state_9,state_10,state_11,state_12,state_13,state_14,state_15,state_16,state_17,state_18,state_19,state_20,state_21,state_22,state_23,state_24,state_25,state_26,state_27,state_28,state_29,state_30,state_31,state_32,state_33,state_34,state_35,state_36,state_37,state_38,state_39,state_40,state_41,state_42,state_43,state_44,state_45,state_46,state_47,state_48,state_49,state_50,state_51,state_52,state_53,state_54,state_55,state_56,state_57,state_58,state_59,state_60,state_61,state_62,state_63,state_64,state_65,state_66,state_67,state_68,state_69,state_70,state_71,state_72,state_73,state_74,state_75,state_76,state_77
{'img': array([[[ 0.        ,  0.42730066,  0.70184594, ...,  0.78740317,
          0.78740317,  0.82737912],
        [-0.42730066,  0.        ,  0.3301671 , ...,  0.44849424,
          0.44849424,  0.50805061],
        [-0.70184594, -0.3301671 ,  0.        , ...,  0.12824517,
          0.12824517,  0.1951785 ],
        ...,
        [-0.78740317, -0.44849424, -0.12824517, ...,  0.        ,
          0.        ,  0.06778809],
        [-0.78740317, -0.44849424, -0.12824517, ...,  0.        ,
          0.        ,  0.06778809],
        [-0.82737912, -0.50805061, -0.1951785 , ..., -0.06778809,
         -0.06778809,  0.        ]],

       [[ 0.        ,  0.01244939,  0.6358079 , ...,  0.19673192,
          0.40066602, -0.07400354],
        [-0.01244939,  0.        ,  0.6261496 , ...,  0.18451058,
          0.38922854, -0.08641305],
        [-0.6358079 , -0.6261496 ,  0.        , ..., -0.47153549,
         -0.27328956, -0.69118393],
        ...,
        [-0.19673192, -0.18451058,  0.47153549, ...,  0.        ,
          0.21258539, -0.26874979],
        [-0.40066602, -0.38922854,  0.27328956, ..., -0.21258539,
          0.        , -0.46737122],
        [ 0.07400354,  0.08641305,  0.69118393, ...,  0.26874979,
          0.46737122,  0.        ]],

       [[ 0.        ,  0.20201977,  0.35412309, ...,  0.96216725,
          0.92193933,  0.861298  ],
        [-0.20201977,  0.        ,  0.15789293, ...,  0.88728655,
          0.82468108,  0.740893  ],
        [-0.35412309, -0.15789293,  0.        , ...,  0.80333348,
          0.72503255,  0.62555488],
        ...,
        [-0.96216725, -0.88728655, -0.80333348, ...,  0.        ,
         -0.12148927, -0.2542085 ],
        [-0.92193933, -0.82468108, -0.72503255, ...,  0.12148927,
          0.        , -0.13482724],
        [-0.861298  , -0.740893  , -0.62555488, ...,  0.2542085 ,
          0.13482724,  0.        ]],

       ...,

       [[ 0.        ,  0.02882841,  0.00729144, ..., -0.99429087,
         -0.87596585, -0.99429087],
        [-0.02882841,  0.        , -0.02153923, ..., -0.99080152,
         -0.86169572, -0.99080152],
        [-0.00729144,  0.02153923,  0.        , ..., -0.99348642,
         -0.87242536, -0.99348642],
        ...,
        [ 0.99429087,  0.99080152,  0.99348642, ...,  0.        ,
         -0.38615047,  0.        ],
        [ 0.87596585,  0.86169572,  0.87242536, ...,  0.38615047,
          0.        ,  0.38615047],
        [ 0.99429087,  0.99080152,  0.99348642, ...,  0.        ,
         -0.38615047,  0.        ]],

       [[ 0.        ,  0.24442711,  0.40999248, ...,  0.97400477,
          0.96707179,  0.95961535],
        [-0.24442711,  0.        ,  0.1746172 , ...,  0.9998304 ,
          0.99994586,  0.9992691 ],
        [-0.40999248, -0.1746172 ,  0.        , ...,  0.98125352,
          0.98640006,  0.99059173],
        ...,
        [-0.97400477, -0.9998304 , -0.98125352, ...,  0.        ,
          0.02881948,  0.05662332],
        [-0.96707179, -0.99994586, -0.98640006, ..., -0.02881948,
          0.        ,  0.02782656],
        [-0.95961535, -0.9992691 , -0.99059173, ..., -0.05662332,
         -0.02782656,  0.        ]],

       [[ 0.        ,  0.27837924,  0.33749757, ...,  0.83996769,
          0.90491729,  0.93985101],
        [-0.27837924,  0.        ,  0.06211098, ...,  0.95782352,
          0.98762175,  0.99778994],
        [-0.33749757, -0.06211098,  0.        , ...,  0.97382223,
          0.99545727,  0.99999056],
        ...,
        [-0.83996769, -0.95782352, -0.97382223, ...,  0.        ,
         -0.13356135, -0.2230773 ],
        [-0.90491729, -0.98762175, -0.99545727, ...,  0.13356135,
          0.        , -0.09088295],
        [-0.93985101, -0.99778994, -0.99999056, ...,  0.2230773 ,
          0.09088295,  0.        ]]]), 'num': array([ 6.64162470e+07,  2.11624700e+06,  6.43000000e+02,  1.00000000e+05,
        1.03100000e+05,  9.99000000e+04,  4.63537000e+05, -2.50000000e+03,
        1.01860000e+05,  1.06580000e+05,  1.07225000e+05,  1.78807947e+01,
        1.12768893e+05,  1.00391107e+05])}
{'img': array([[[ 0.        ,  0.60191369,  0.99061378, ...,  0.716252  ,
          0.76813513,  0.        ],
        [-0.60191369,  0.        ,  0.70878971, ...,  0.15193053,
          0.2280049 , -0.60191369],
        [-0.99061378, -0.70878971,  0.        , ..., -0.59338668,
         -0.529281  , -0.99061378],
        ...,
        [-0.716252  , -0.15193053,  0.59338668, ...,  0.        ,
          0.07742935, -0.716252  ],
        [-0.76813513, -0.2280049 ,  0.529281  , ..., -0.07742935,
          0.        , -0.76813513],
        [ 0.        ,  0.60191369,  0.99061378, ...,  0.716252  ,
          0.76813513,  0.        ]],

       [[ 0.        ,  0.6261496 ,  0.97811603, ...,  0.38922854,
         -0.08641305,  0.37425611],
        [-0.6261496 ,  0.        ,  0.89291673, ..., -0.27328956,
         -0.69118393, -0.28883582],
        [-0.97811603, -0.89291673,  0.        , ..., -0.98196594,
         -0.95647818, -0.9848996 ],
        ...,
        [-0.38922854,  0.27328956,  0.98196594, ...,  0.        ,
         -0.46737122, -0.01619877],
        [ 0.08641305,  0.69118393,  0.95647818, ...,  0.46737122,
          0.        ,  0.45298919],
        [-0.37425611,  0.28883582,  0.9848996 , ...,  0.01619877,
         -0.45298919,  0.        ]],

       [[ 0.        ,  0.29545343,  0.62607617, ...,  0.91573372,
          0.85183542,  0.7088521 ],
        [-0.29545343,  0.        ,  0.36774301, ...,  0.75614378,
          0.65904573,  0.46880673],
        [-0.62607617, -0.36774301,  0.        , ...,  0.46250581,
          0.33628415,  0.11112857],
        ...,
        [-0.91573372, -0.75614378, -0.46250581, ...,  0.        ,
         -0.13741474, -0.36111267],
        [-0.85183542, -0.65904573, -0.33628415, ...,  0.13741474,
          0.        , -0.22954472],
        [-0.7088521 , -0.46880673, -0.11112857, ...,  0.36111267,
          0.22954472,  0.        ]],

       ...,

       [[ 0.        , -0.02151953,  0.10722783, ..., -0.89652953,
         -0.99159356, -0.86129788],
        [ 0.02151953,  0.        ,  0.12859846, ..., -0.90585473,
         -0.99414839, -0.87203251],
        [-0.10722783, -0.12859846,  0.        , ..., -0.84386036,
         -0.97200212, -0.80184955],
        ...,
        [ 0.89652953,  0.90585473,  0.84386036, ...,  0.        ,
          0.3232566 , -0.07398581],
        [ 0.99159356,  0.99414839,  0.97200212, ..., -0.3232566 ,
          0.        , -0.39238426],
        [ 0.86129788,  0.87203251,  0.80184955, ...,  0.07398581,
          0.39238426,  0.        ]],

       [[ 0.        ,  0.33691648,  0.65714471, ...,  0.97002045,
          0.96279077,  0.94643822],
        [-0.33691648,  0.        ,  0.36476878, ...,  0.99518631,
          0.99755174,  0.99988953],
        [-0.65714471, -0.36476878,  0.        , ...,  0.89086839,
          0.90330943,  0.92557361],
        ...,
        [-0.97002045, -0.99518631, -0.89086839, ...,  0.        ,
          0.02816542,  0.08319847],
        [-0.96279077, -0.99755174, -0.90330943, ..., -0.02816542,
          0.        ,  0.05509769],
        [-0.94643822, -0.99988953, -0.92557361, ..., -0.08319847,
         -0.05509769,  0.        ]],

       [[ 0.        ,  0.15718861, -0.04518252, ...,  0.92792802,
          0.95833587,  0.99213743],
        [-0.15718861,  0.        , -0.20164892, ...,  0.97498611,
          0.99132236,  0.99947643],
        [ 0.04518252,  0.20164892,  0.        , ...,  0.91013816,
          0.94445106,  0.98546947],
        ...,
        [-0.92792802, -0.97498611, -0.91013816, ...,  0.        ,
         -0.09217187, -0.25369542],
        [-0.95833587, -0.99132236, -0.94445106, ...,  0.09217187,
          0.        , -0.16345907],
        [-0.99213743, -0.99947643, -0.98546947, ...,  0.25369542,
          0.16345907,  0.        ]]]), 'num': array([2.88000000e+07, 2.88000000e+07, 0.00000000e+00, 1.07000000e+05,
       1.07000000e+05, 1.01400000e+05, 1.02387200e+06, 7.00000000e+03,
       1.02740000e+05, 1.06575000e+05, 1.07341667e+05, 4.49074074e+01,
       1.12762366e+05, 1.00387634e+05])}
{'img': array([[[ 0.00000000e+00,  7.08789711e-01,  5.08725940e-01, ...,
          2.28004897e-01, -6.01913688e-01,  8.02870799e-01],
        [-7.08789711e-01,  0.00000000e+00, -2.51351908e-01, ...,
         -5.29281002e-01, -9.90613783e-01,  1.43813828e-01],
        [-5.08725940e-01,  2.51351908e-01,  0.00000000e+00, ...,
         -2.99030172e-01, -9.24453433e-01,  3.87935841e-01],
        ...,
        [-2.28004897e-01,  5.29281002e-01,  2.99030172e-01, ...,
          0.00000000e+00, -7.68135126e-01,  6.45797352e-01],
        [ 6.01913688e-01,  9.90613783e-01,  9.24453433e-01, ...,
          7.68135126e-01,  0.00000000e+00,  9.99974121e-01],
        [-8.02870799e-01, -1.43813828e-01, -3.87935841e-01, ...,
         -6.45797352e-01, -9.99974121e-01,  0.00000000e+00]],

       [[ 0.00000000e+00,  8.92916727e-01, -9.15144108e-02, ...,
         -6.91183933e-01, -2.88835823e-01,  3.95939286e-01],
        [-8.92916727e-01,  0.00000000e+00, -9.30371614e-01, ...,
         -9.56478177e-01, -9.84899605e-01, -6.41684097e-01],
        [ 9.15144108e-02,  9.30371614e-01,  0.00000000e+00, ...,
         -6.22148021e-01, -2.00009853e-01,  4.78313377e-01],
        ...,
        [ 6.91183933e-01,  9.56478177e-01,  6.22148021e-01, ...,
          0.00000000e+00,  4.52989186e-01,  9.20835057e-01],
        [ 2.88835823e-01,  9.84899605e-01,  2.00009853e-01, ...,
         -4.52989186e-01,  0.00000000e+00,  6.44295020e-01],
        [-3.95939286e-01,  6.41684097e-01, -4.78313377e-01, ...,
         -9.20835057e-01, -6.44295020e-01,  0.00000000e+00]],

       [[ 0.00000000e+00,  5.71796146e-01,  7.21377693e-01, ...,
          8.29437388e-01,  6.67854075e-01,  7.92131797e-01],
        [-5.71796146e-01,  0.00000000e+00,  1.95822420e-01, ...,
          3.61061745e-01,  1.22321204e-01,  3.00865729e-01],
        [-7.21377693e-01, -1.95822420e-01,  0.00000000e+00, ...,
          1.71458749e-01, -7.43989162e-02,  1.08291496e-01],
        ...,
        [-8.29437388e-01, -3.61061745e-01, -1.71458749e-01, ...,
          0.00000000e+00, -2.44280726e-01, -6.37625918e-02],
        [-6.67854075e-01, -1.22321204e-01,  7.43989162e-02, ...,
          2.44280726e-01,  0.00000000e+00,  1.81952763e-01],
        [-7.92131797e-01, -3.00865729e-01, -1.08291496e-01, ...,
          6.37625918e-02, -1.81952763e-01,  0.00000000e+00]],

       ...,

       [[ 0.00000000e+00,  1.28598457e-01, -1.16555433e-01, ...,
         -9.94148386e-01, -8.72032509e-01, -6.20958249e-01],
        [-1.28598457e-01,  0.00000000e+00, -2.43309598e-01, ...,
         -9.72002117e-01, -8.01849549e-01, -7.16603358e-01],
        [ 1.16555433e-01,  2.43309598e-01,  0.00000000e+00, ...,
         -9.99963135e-01, -9.23136718e-01, -5.25364679e-01],
        ...,
        [ 9.94148386e-01,  9.72002117e-01,  9.99963135e-01, ...,
          0.00000000e+00, -3.92384255e-01,  8.46334716e-01],
        [ 8.72032509e-01,  8.01849549e-01,  9.23136718e-01, ...,
          3.92384255e-01,  0.00000000e+00,  9.87463883e-01],
        [ 6.20958249e-01,  7.16603358e-01,  5.25364679e-01, ...,
         -8.46334716e-01, -9.87463883e-01,  0.00000000e+00]],

       [[ 0.00000000e+00,  5.91130987e-01,  6.16891519e-01, ...,
          9.68690135e-01,  9.53150981e-01,  9.53473225e-01],
        [-5.91130987e-01,  0.00000000e+00,  3.23210576e-02, ...,
          9.28083593e-01,  9.47602450e-01,  9.47261029e-01],
        [-6.16891519e-01, -3.23210576e-02,  0.00000000e+00, ...,
          9.15563250e-01,  9.36782337e-01,  9.36408418e-01],
        ...,
        [-9.68690135e-01, -9.28083593e-01, -9.15563250e-01, ...,
          0.00000000e+00,  5.63823584e-02,  5.53169414e-02],
        [-9.53150981e-01, -9.47602450e-01, -9.36782337e-01, ...,
         -5.63823584e-02,  0.00000000e+00, -1.06708235e-03],
        [-9.53473225e-01, -9.47261029e-01, -9.36408418e-01, ...,
         -5.53169414e-02,  1.06708235e-03,  0.00000000e+00]],

       [[ 0.00000000e+00, -2.01648920e-01,  3.66234353e-01, ...,
          9.91322360e-01,  9.99476429e-01,  9.99460811e-01],
        [ 2.01648920e-01,  0.00000000e+00,  5.46350006e-01, ...,
          9.44451062e-01,  9.85469470e-01,  9.85550741e-01],
        [-3.66234353e-01, -5.46350006e-01,  0.00000000e+00, ...,
          9.70590633e-01,  9.18185818e-01,  9.17995898e-01],
        ...,
        [-9.91322360e-01, -9.44451062e-01, -9.70590633e-01, ...,
          0.00000000e+00, -1.63459073e-01, -1.63931757e-01],
        [-9.99476429e-01, -9.85469470e-01, -9.18185818e-01, ...,
          1.63459073e-01,  0.00000000e+00, -4.79147547e-04],
        [-9.99460811e-01, -9.85550741e-01, -9.17995898e-01, ...,
          1.63931757e-01,  4.79147547e-04,  0.00000000e+00]]]), 'num': array([2.88018660e+07, 2.64456660e+07, 2.20000000e+01, 1.07100000e+05,
       1.09900000e+05, 1.05500000e+05, 6.86275000e+05, 1.00000000e+02,
       1.03740000e+05, 1.06440000e+05, 1.07436667e+05, 4.62264151e+01,
       1.12455447e+05, 1.00424553e+05])}
{'img': array([[[ 0.00000000e+00, -2.51351908e-01, -2.81553779e-01, ...,
         -9.90613783e-01,  1.43813828e-01,  1.58038961e-01],
        [ 2.51351908e-01,  0.00000000e+00, -3.13311309e-02, ...,
         -9.24453433e-01,  3.87935841e-01,  4.01158380e-01],
        [ 2.81553779e-01,  3.13311309e-02,  0.00000000e+00, ...,
         -9.12053179e-01,  4.16622864e-01,  4.29661024e-01],
        ...,
        [ 9.90613783e-01,  9.24453433e-01,  9.12053179e-01, ...,
          0.00000000e+00,  9.99974121e-01,  9.99767066e-01],
        [-1.43813828e-01, -3.87935841e-01, -4.16622864e-01, ...,
         -9.99974121e-01,  0.00000000e+00,  1.43896065e-02],
        [-1.58038961e-01, -4.01158380e-01, -4.29661024e-01, ...,
         -9.99767066e-01, -1.43896065e-02,  0.00000000e+00]],

       [[ 0.00000000e+00, -9.30371614e-01, -9.96859234e-01, ...,
         -9.84899605e-01, -6.41684097e-01, -8.85683704e-01],
        [ 9.30371614e-01,  0.00000000e+00, -2.91786678e-01, ...,
         -2.00009853e-01,  4.78313377e-01,  1.07253939e-01],
        [ 9.96859234e-01,  2.91786678e-01,  0.00000000e+00, ...,
          9.45846946e-02,  7.13742732e-01,  3.92690168e-01],
        ...,
        [ 9.84899605e-01,  2.00009853e-01, -9.45846946e-02, ...,
          0.00000000e+00,  6.44295020e-01,  3.03942882e-01],
        [ 6.41684097e-01, -4.78313377e-01, -7.13742732e-01, ...,
         -6.44295020e-01,  0.00000000e+00, -3.81365049e-01],
        [ 8.85683704e-01, -1.07253939e-01, -3.92690168e-01, ...,
         -3.03942882e-01,  3.81365049e-01,  0.00000000e+00]],

       [[ 0.00000000e+00,  5.11082314e-01,  7.15124937e-01, ...,
          4.00291278e-01,  6.38971066e-01,  7.98491043e-01],
        [-5.11082314e-01,  0.00000000e+00,  2.57427776e-01, ...,
         -1.24286608e-01,  1.56075692e-01,  3.78653450e-01],
        [-7.15124937e-01, -2.57427776e-01,  0.00000000e+00, ...,
         -3.75529618e-01, -1.03457467e-01,  1.27632573e-01],
        ...,
        [-4.00291278e-01,  1.24286608e-01,  3.75529618e-01, ...,
          0.00000000e+00,  2.77629024e-01,  4.90749552e-01],
        [-6.38971066e-01, -1.56075692e-01,  1.03457467e-01, ...,
         -2.77629024e-01,  0.00000000e+00,  2.29559024e-01],
        [-7.98491043e-01, -3.78653450e-01, -1.27632573e-01, ...,
         -4.90749552e-01, -2.29559024e-01,  0.00000000e+00]],

       ...,

       [[ 0.00000000e+00, -2.43309598e-01, -5.02682341e-01, ...,
         -8.01849549e-01, -7.16603358e-01, -6.87051655e-01],
        [ 2.43309598e-01,  0.00000000e+00, -2.77241932e-01, ...,
         -9.23136718e-01, -5.25364679e-01, -4.89614004e-01],
        [ 5.02682341e-01,  2.77241932e-01,  0.00000000e+00, ...,
         -9.93541606e-01, -2.68871629e-01, -2.28683071e-01],
        ...,
        [ 8.01849549e-01,  9.23136718e-01,  9.93541606e-01, ...,
          0.00000000e+00,  9.87463883e-01,  9.93161975e-01],
        [ 7.16603358e-01,  5.25364679e-01,  2.68871629e-01, ...,
         -9.87463883e-01,  0.00000000e+00,  4.14847292e-02],
        [ 6.87051655e-01,  4.89614004e-01,  2.28683071e-01, ...,
         -9.93161975e-01, -4.14847292e-02,  0.00000000e+00]],

       [[ 0.00000000e+00,  5.94435804e-02,  4.91976956e-02, ...,
          9.96787071e-01,  9.96695851e-01,  9.91015172e-01],
        [-5.94435804e-02,  0.00000000e+00, -1.02609001e-02, ...,
          9.90263165e-01,  9.90105100e-01,  9.81312177e-01],
        [-4.91976956e-02,  1.02609001e-02,  0.00000000e+00, ...,
          9.91639432e-01,  9.91492866e-01,  9.83234944e-01],
        ...,
        [-9.96787071e-01, -9.90263165e-01, -9.91639432e-01, ...,
          0.00000000e+00, -1.13090632e-03, -5.39423972e-02],
        [-9.96695851e-01, -9.90105100e-01, -9.91492866e-01, ...,
          1.13090632e-03,  0.00000000e+00, -5.28131029e-02],
        [-9.91015172e-01, -9.81312177e-01, -9.83234944e-01, ...,
          5.39423972e-02,  5.28131029e-02,  0.00000000e+00]],

       [[ 0.00000000e+00,  5.46350006e-01,  7.41218227e-01, ...,
          9.85469470e-01,  9.85550741e-01,  9.84674829e-01],
        [-5.46350006e-01,  0.00000000e+00,  2.54067325e-01, ...,
          9.18185818e-01,  9.17995898e-01,  9.20004892e-01],
        [-7.41218227e-01, -2.54067325e-01,  0.00000000e+00, ...,
          7.87408195e-01,  7.87112743e-01,  7.90245612e-01],
        ...,
        [-9.85469470e-01, -9.18185818e-01, -7.87408195e-01, ...,
          0.00000000e+00, -4.79147547e-04,  4.61658156e-03],
        [-9.85550741e-01, -9.17995898e-01, -7.87112743e-01, ...,
          4.79147547e-04,  0.00000000e+00,  5.09572347e-03],
        [-9.84674829e-01, -9.20004892e-01, -7.90245612e-01, ...,
         -4.61658156e-03, -5.09572347e-03,  0.00000000e+00]]]), 'num': array([ 2.86435600e+07,  2.07685600e+07,  7.50000000e+01,  1.05000000e+05,
        1.07600000e+05,  1.04800000e+05,  3.05118000e+05, -2.10000000e+03,
        1.04320000e+05,  1.06195000e+05,  1.07420000e+05,  4.33628319e+01,
        1.12023027e+05,  1.00366973e+05])}
{'img': array([[[ 0.        , -0.03133113, -0.06307866, ...,  0.38793584,
          0.40115838,  0.10660007],
        [ 0.03133113,  0.        , -0.03177896, ...,  0.41662286,
          0.42966102,  0.13770034],
        [ 0.06307866,  0.03177896,  0.        , ...,  0.44530203,
          0.4581401 ,  0.16910702],
        ...,
        [-0.38793584, -0.41662286, -0.44530203, ...,  0.        ,
          0.01438961, -0.28747354],
        [-0.40115838, -0.42966102, -0.4581401 , ..., -0.01438961,
          0.        , -0.30122598],
        [-0.10660007, -0.13770034, -0.16910702, ...,  0.28747354,
          0.30122598,  0.        ]],

       [[ 0.        , -0.29178668, -0.4126518 , ...,  0.47831338,
          0.10725394, -0.48298126],
        [ 0.29178668,  0.        , -0.12890937, ...,  0.71374273,
          0.39269017, -0.2064662 ],
        [ 0.4126518 ,  0.12890937,  0.        , ...,  0.79807668,
          0.5079679 , -0.07861167],
        ...,
        [-0.47831338, -0.71374273, -0.79807668, ...,  0.        ,
         -0.38136505, -0.84297481],
        [-0.10725394, -0.39269017, -0.5079679 , ...,  0.38136505,
          0.        , -0.5741101 ],
        [ 0.48298126,  0.2064662 ,  0.07861167, ...,  0.84297481,
          0.5741101 ,  0.        ]],

       [[ 0.        ,  0.33426715,  0.50896448, ...,  0.21368821,
          0.46868815,  0.57879062],
        [-0.33426715,  0.        ,  0.19195501, ..., -0.12514971,
          0.14644897,  0.27291074],
        [-0.50896448, -0.19195501,  0.        , ..., -0.31326823,
         -0.04615983,  0.08316733],
        ...,
        [-0.21368821,  0.12514971,  0.31326823, ...,  0.        ,
          0.26909794,  0.39116402],
        [-0.46868815, -0.14644897,  0.04615983, ..., -0.26909794,
          0.        ,  0.1290786 ],
        [-0.57879062, -0.27291074, -0.08316733, ..., -0.39116402,
         -0.1290786 ,  0.        ]],

       ...,

       [[ 0.        , -0.27724193,  0.21756756, ..., -0.52536468,
         -0.489614  , -0.5663703 ],
        [ 0.27724193,  0.        ,  0.47963962, ..., -0.26887163,
         -0.22868307, -0.31567948],
        [-0.21756756, -0.47963962,  0.        , ..., -0.69790298,
         -0.66759113, -0.73211155],
        ...,
        [ 0.52536468,  0.26887163,  0.69790298, ...,  0.        ,
          0.04148473, -0.04893179],
        [ 0.489614  ,  0.22868307,  0.66759113, ..., -0.04148473,
          0.        , -0.0903247 ],
        [ 0.5663703 ,  0.31567948,  0.73211155, ...,  0.04893179,
          0.0903247 ,  0.        ]],

       [[ 0.        , -0.0102609 ,  0.01515976, ...,  0.9901051 ,
          0.98131218,  0.96452176],
        [ 0.0102609 ,  0.        ,  0.02541868, ...,  0.99149287,
          0.98323494,  0.96717989],
        [-0.01515976, -0.02541868,  0.        , ...,  0.98786399,
          0.97828233,  0.96040869],
        ...,
        [-0.9901051 , -0.99149287, -0.98786399, ...,  0.        ,
         -0.0528131 , -0.12604187],
        [-0.98131218, -0.98323494, -0.97828233, ...,  0.0528131 ,
          0.        , -0.07347405],
        [-0.96452176, -0.96717989, -0.96040869, ...,  0.12604187,
          0.07347405,  0.        ]],

       [[ 0.        ,  0.57378408,  0.73081645, ...,  0.99538593,
          0.99484411,  0.99567594],
        [-0.57378408,  0.        ,  0.20689339, ...,  0.87028358,
          0.87297478,  0.86876669],
        [-0.73081645, -0.20689339,  0.        , ...,  0.74954813,
          0.75317123,  0.74751154],
        ...,
        [-0.99538593, -0.87028358, -0.74954813, ...,  0.        ,
          0.00549044, -0.00307131],
        [-0.99484411, -0.87297478, -0.75317123, ..., -0.00549044,
          0.        , -0.00856168],
        [-0.99567594, -0.86876669, -0.74751154, ...,  0.00307131,
          0.00856168,  0.        ]]]), 'num': array([2.87284110e+07, 1.97184110e+07, 8.50000000e+01, 1.06000000e+05,
       1.07400000e+05, 1.05100000e+05, 2.80639000e+05, 1.00000000e+03,
       1.05020000e+05, 1.05980000e+05, 1.07448333e+05, 4.90909091e+01,
       1.11495288e+05, 1.00464712e+05])}
{'img': array([[[ 0.        , -0.03177896, -0.34275392, ...,  0.42966102,
          0.13770034,  0.28155378],
        [ 0.03177896,  0.        , -0.31272685, ...,  0.4581401 ,
          0.16910702,  0.31190492],
        [ 0.34275392,  0.31272685,  0.        , ...,  0.71313785,
          0.46884799,  0.59338668],
        ...,
        [-0.42966102, -0.4581401 , -0.71313785, ...,  0.        ,
         -0.30122598, -0.15803896],
        [-0.13770034, -0.16910702, -0.46884799, ...,  0.30122598,
          0.        ,  0.14674195],
        [-0.28155378, -0.31190492, -0.59338668, ...,  0.15803896,
         -0.14674195,  0.        ]],

       [[ 0.        , -0.12890937,  0.21062413, ...,  0.39269017,
         -0.2064662 , -0.26881374],
        [ 0.12890937,  0.        ,  0.33488433, ...,  0.5079679 ,
         -0.07861167, -0.14240636],
        [-0.21062413, -0.33488433,  0.        , ...,  0.19017613,
         -0.40792054, -0.46565499],
        ...,
        [-0.39269017, -0.5079679 , -0.19017613, ...,  0.        ,
         -0.5741101 , -0.62545625],
        [ 0.2064662 ,  0.07861167,  0.40792054, ...,  0.5741101 ,
          0.        , -0.06415517],
        [ 0.26881374,  0.14240636,  0.46565499, ...,  0.62545625,
          0.06415517,  0.        ]],

       [[ 0.        ,  0.19195501,  0.2225698 , ...,  0.14644897,
          0.27291074,  0.40652456],
        [-0.19195501,  0.        ,  0.03129067, ..., -0.04615983,
          0.08316733,  0.22358696],
        [-0.2225698 , -0.03129067,  0.        , ..., -0.07739455,
          0.05194434,  0.19297896],
        ...,
        [-0.14644897,  0.04615983,  0.07739455, ...,  0.        ,
          0.1290786 ,  0.26833988],
        [-0.27291074, -0.08316733, -0.05194434, ..., -0.1290786 ,
          0.        ,  0.1417505 ],
        [-0.40652456, -0.22358696, -0.19297896, ..., -0.26833988,
         -0.1417505 ,  0.        ]],

       ...,

       [[ 0.        ,  0.47963962,  0.10474789, ..., -0.22868307,
         -0.31567948, -0.14073433],
        [-0.47963962,  0.        , -0.38508835, ..., -0.66759113,
         -0.73211155, -0.59835549],
        [-0.10474789,  0.38508835,  0.        , ..., -0.32939721,
         -0.41333457, -0.24366551],
        ...,
        [ 0.22868307,  0.66759113,  0.32939721, ...,  0.        ,
         -0.0903247 ,  0.08940207],
        [ 0.31567948,  0.73211155,  0.41333457, ...,  0.0903247 ,
          0.        ,  0.17899964],
        [ 0.14073433,  0.59835549,  0.24366551, ..., -0.08940207,
         -0.17899964,  0.        ]],

       [[ 0.        ,  0.02541868, -0.17686457, ...,  0.98323494,
          0.96717989,  0.94080682],
        [-0.02541868,  0.        , -0.20182539, ...,  0.97828233,
          0.96040869,  0.93188735],
        [ 0.17686457,  0.20182539,  0.        , ...,  0.99998449,
          0.99687247,  0.98592224],
        ...,
        [-0.98323494, -0.97828233, -0.99998449, ...,  0.        ,
         -0.07347405, -0.16171112],
        [-0.96717989, -0.96040869, -0.99687247, ...,  0.07347405,
          0.        , -0.08876704],
        [-0.94080682, -0.93188735, -0.98592224, ...,  0.16171112,
          0.08876704,  0.        ]],

       [[ 0.        ,  0.52679525,  0.74622455, ...,  0.99992793,
          0.99999652,  0.99982812],
        [-0.52679525,  0.        ,  0.28360045, ...,  0.85625554,
          0.85137823,  0.859613  ],
        [-0.74622455, -0.28360045,  0.        , ...,  0.67460535,
          0.66765954,  0.67941505],
        ...,
        [-0.99992793, -0.85625554, -0.67460535, ...,  0.        ,
         -0.00936928,  0.00653515],
        [-0.99999652, -0.85137823, -0.66765954, ...,  0.00936928,
          0.        ,  0.01590394],
        [-0.99982812, -0.859613  , -0.67941505, ..., -0.00653515,
         -0.01590394,  0.        ]]]), 'num': array([ 2.84737690e+07,  1.37815690e+07,  1.41000000e+02,  1.04200000e+05,
        1.07300000e+05,  1.04100000e+05,  2.89877000e+05, -1.80000000e+03,
        1.05860000e+05,  1.05675000e+05,  1.07450000e+05,  4.11764706e+01,
        1.10866098e+05,  1.00483902e+05])}
{'img': array([[[ 0.        , -0.31272685, -0.14961231, ...,  0.16910702,
          0.31190492,  0.04748746],
        [ 0.31272685,  0.        ,  0.16709881, ...,  0.46884799,
          0.59338668,  0.35747968],
        [ 0.14961231, -0.16709881,  0.        , ...,  0.31466121,
          0.450543  ,  0.19639649],
        ...,
        [-0.16910702, -0.46884799, -0.31466121, ...,  0.        ,
          0.14674195, -0.1221127 ],
        [-0.31190492, -0.59338668, -0.450543  , ..., -0.14674195,
          0.        , -0.26643457],
        [-0.04748746, -0.35747968, -0.19639649, ...,  0.1221127 ,
          0.26643457,  0.        ]],

       [[ 0.        ,  0.33488433, -0.07280631, ..., -0.07861167,
         -0.14240636, -0.1173284 ],
        [-0.33488433,  0.        , -0.40259799, ..., -0.40792054,
         -0.46565499, -0.44312511],
        [ 0.07280631,  0.40259799,  0.        , ..., -0.00582205,
         -0.06996414, -0.04471358],
        ...,
        [ 0.07861167,  0.40792054,  0.00582205, ...,  0.        ,
         -0.06415517, -0.0388966 ],
        [ 0.14240636,  0.46565499,  0.06996414, ...,  0.06415517,
          0.        ,  0.02529015],
        [ 0.1173284 ,  0.44312511,  0.04471358, ...,  0.0388966 ,
         -0.02529015,  0.        ]],

       [[ 0.        ,  0.03129067, -0.10907178, ...,  0.08316733,
          0.22358696,  0.37453226],
        [-0.03129067,  0.        , -0.14012235, ...,  0.05194434,
          0.19297896,  0.34533572],
        [ 0.10907178,  0.14012235,  0.        , ...,  0.19136506,
          0.32856353,  0.47343062],
        ...,
        [-0.08316733, -0.05194434, -0.19136506, ...,  0.        ,
          0.1417505 ,  0.29612083],
        [-0.22358696, -0.19297896, -0.32856353, ..., -0.1417505 ,
          0.        ,  0.15773766],
        [-0.37453226, -0.34533572, -0.47343062, ..., -0.29612083,
         -0.15773766,  0.        ]],

       ...,

       [[ 0.        , -0.38508835, -0.26532166, ..., -0.73211155,
         -0.59835549, -0.77808595],
        [ 0.38508835,  0.        ,  0.12642679, ..., -0.41333457,
         -0.24366551, -0.47618347],
        [ 0.26532166, -0.12642679,  0.        , ..., -0.52513956,
         -0.36432653, -0.58353543],
        ...,
        [ 0.73211155,  0.41333457,  0.52513956, ...,  0.        ,
          0.17899964, -0.07013869],
        [ 0.59835549,  0.24366551,  0.36432653, ..., -0.17899964,
          0.        , -0.2475647 ],
        [ 0.77808595,  0.47618347,  0.58353543, ...,  0.07013869,
          0.2475647 ,  0.        ]],

       [[ 0.        , -0.20182539, -0.3952355 , ...,  0.96040869,
          0.93188735,  0.8884307 ],
        [ 0.20182539,  0.        , -0.20170943, ...,  0.99687247,
          0.98592224,  0.96278817],
        [ 0.3952355 ,  0.20170943,  0.        , ...,  0.99232266,
          0.99938373,  0.99751187],
        ...,
        [-0.96040869, -0.99687247, -0.99232266, ...,  0.        ,
         -0.08876704, -0.19332563],
        [-0.93188735, -0.98592224, -0.99938373, ...,  0.08876704,
          0.        , -0.10547004],
        [-0.8884307 , -0.96278817, -0.99751187, ...,  0.19332563,
          0.10547004,  0.        ]],

       [[ 0.        ,  0.59898774,  0.75315888, ...,  0.99693493,
          0.99813519,  0.9983359 ],
        [-0.59898774,  0.        ,  0.20906086, ...,  0.75144189,
          0.76270147,  0.76488415],
        [-0.75315888, -0.20906086,  0.        , ...,  0.59689881,
          0.61063753,  0.61331194],
        ...,
        [-0.99693493, -0.75144189, -0.59689881, ...,  0.        ,
          0.01723431,  0.02061528],
        [-0.99813519, -0.76270147, -0.61063753, ..., -0.01723431,
          0.        ,  0.00338158],
        [-0.9983359 , -0.76488415, -0.61331194, ..., -0.02061528,
         -0.00338158,  0.        ]]]), 'num': array([ 2.83795890e+07,  8.98768900e+06,  1.87000000e+02,  1.03700000e+05,
        1.05300000e+05,  1.02600000e+05,  3.02626000e+05, -5.00000000e+02,
        1.05200000e+05,  1.05375000e+05,  1.07446667e+05,  4.41747573e+01,
        1.10286975e+05,  1.00463025e+05])}
{'img': array([[[ 0.00000000e+00,  1.67098809e-01,  3.42753917e-01, ...,
          5.93386683e-01,  3.57479677e-01,  2.81902795e-01],
        [-1.67098809e-01,  0.00000000e+00,  1.80958014e-01, ...,
          4.50542996e-01,  1.96396494e-01,  1.17617507e-01],
        [-3.42753917e-01, -1.80958014e-01,  0.00000000e+00, ...,
          2.81553779e-01,  1.57203723e-02, -6.40262404e-02],
        ...,
        [-5.93386683e-01, -4.50542996e-01, -2.81553779e-01, ...,
          0.00000000e+00, -2.66434575e-01, -3.42412178e-01],
        [-3.57479677e-01, -1.96396494e-01, -1.57203723e-02, ...,
          2.66434575e-01,  0.00000000e+00, -7.97064460e-02],
        [-2.81902795e-01, -1.17617507e-01,  6.40262404e-02, ...,
          3.42412178e-01,  7.97064460e-02,  0.00000000e+00]],

       [[ 0.00000000e+00, -4.02597990e-01, -5.89915883e-02, ...,
         -4.65654985e-01, -4.43125111e-01, -4.13528855e-01],
        [ 4.02597990e-01,  0.00000000e+00,  3.47897321e-01, ...,
         -6.99641416e-02, -4.47135821e-02, -1.19729067e-02],
        [ 5.89915883e-02, -3.47897321e-01,  0.00000000e+00, ...,
         -4.12638467e-01, -3.89469813e-01, -3.59097375e-01],
        ...,
        [ 4.65654985e-01,  6.99641416e-02,  4.12638467e-01, ...,
          0.00000000e+00,  2.52901550e-02,  5.80155596e-02],
        [ 4.43125111e-01,  4.47135821e-02,  3.89469813e-01, ...,
         -2.52901550e-02,  0.00000000e+00,  3.27494452e-02],
        [ 4.13528855e-01,  1.19729067e-02,  3.59097375e-01, ...,
         -5.80155596e-02, -3.27494452e-02,  0.00000000e+00]],

       [[ 0.00000000e+00, -1.40122353e-01, -1.50086645e-01, ...,
          1.92978964e-01,  3.45335722e-01,  2.27049290e-01],
        [ 1.40122353e-01,  0.00000000e+00, -1.00707541e-02, ...,
          3.28563530e-01,  4.73430624e-01,  3.61272081e-01],
        [ 1.50086645e-01,  1.00707541e-02,  0.00000000e+00, ...,
          3.38058512e-01,  4.82277249e-01,  3.70644340e-01],
        ...,
        [-1.92978964e-01, -3.28563530e-01, -3.38058512e-01, ...,
          0.00000000e+00,  1.57737664e-01,  3.48424362e-02],
        [-3.45335722e-01, -4.73430624e-01, -4.82277249e-01, ...,
         -1.57737664e-01,  0.00000000e+00, -1.23235643e-01],
        [-2.27049290e-01, -3.61272081e-01, -3.70644340e-01, ...,
         -3.48424362e-02,  1.23235643e-01,  0.00000000e+00]],

       ...,

       [[ 0.00000000e+00,  1.26426793e-01,  1.95142072e-01, ...,
         -2.43665507e-01, -4.76183468e-01, -3.89718623e-01],
        [-1.26426793e-01,  0.00000000e+00,  6.95800045e-02, ...,
         -3.64326525e-01, -5.83535432e-01, -5.03022227e-01],
        [-1.95142072e-01, -6.95800045e-02,  0.00000000e+00, ...,
         -4.28241393e-01, -6.38626225e-01, -5.61939242e-01],
        ...,
        [ 2.43665507e-01,  3.64326525e-01,  4.28241393e-01, ...,
          0.00000000e+00, -2.47564702e-01, -1.53572398e-01],
        [ 4.76183468e-01,  5.83535432e-01,  6.38626225e-01, ...,
          2.47564702e-01,  0.00000000e+00,  9.58360416e-02],
        [ 3.89718623e-01,  5.03022227e-01,  5.61939242e-01, ...,
          1.53572398e-01, -9.58360416e-02,  0.00000000e+00]],

       [[ 0.00000000e+00, -2.01709426e-01,  1.12684038e-01, ...,
          9.85922238e-01,  9.62788174e-01,  9.31749193e-01],
        [ 2.01709426e-01,  0.00000000e+00,  3.10792576e-01, ...,
          9.99383730e-01,  9.97511872e-01,  9.85838670e-01],
        [-1.12684038e-01, -3.10792576e-01,  0.00000000e+00, ...,
          9.60801495e-01,  9.26202384e-01,  8.84898904e-01],
        ...,
        [-9.85922238e-01, -9.99383730e-01, -9.60801495e-01, ...,
          0.00000000e+00, -1.05470041e-01, -2.02198205e-01],
        [-9.62788174e-01, -9.97511872e-01, -9.26202384e-01, ...,
          1.05470041e-01,  0.00000000e+00, -9.77789231e-02],
        [-9.31749193e-01, -9.85838670e-01, -8.84898904e-01, ...,
          2.02198205e-01,  9.77789231e-02,  0.00000000e+00]],

       [[ 0.00000000e+00,  5.40619278e-01,  6.06127497e-01, ...,
          9.83950927e-01,  9.84623455e-01,  9.83891088e-01],
        [-5.40619278e-01,  0.00000000e+00,  7.99242862e-02, ...,
          7.31298105e-01,  7.33890721e-01,  7.31069548e-01],
        [-6.06127497e-01, -7.99242862e-02,  0.00000000e+00, ...,
          6.74445640e-01,  6.77252984e-01,  6.74198234e-01],
        ...,
        [-9.83950927e-01, -7.31298105e-01, -6.74445640e-01, ...,
          0.00000000e+00,  3.80894321e-03, -3.35040113e-04],
        [-9.84623455e-01, -7.33890721e-01, -6.77252984e-01, ...,
         -3.80894321e-03,  0.00000000e+00, -4.14398068e-03],
        [-9.83891088e-01, -7.31069548e-01, -6.74198234e-01, ...,
          3.35040113e-04,  4.14398068e-03,  0.00000000e+00]]]), 'num': array([2.87465390e+07, 7.22453900e+06, 2.04000000e+02, 1.05500000e+05,
       1.06400000e+05, 1.02700000e+05, 3.83007000e+05, 1.80000000e+03,
       1.04880000e+05, 1.05190000e+05, 1.07503333e+05, 4.88789238e+01,
       1.09779946e+05, 1.00600054e+05])}
{'img': array([[[ 0.00000000e+00,  1.80958014e-01, -2.28051174e-01, ...,
          1.96396494e-01,  1.17617507e-01,  3.84177058e-01],
        [-1.80958014e-01,  0.00000000e+00, -4.00475853e-01, ...,
          1.57203723e-02, -6.40262404e-02,  2.10763416e-01],
        [ 2.28051174e-01,  4.00475853e-01,  0.00000000e+00, ...,
          4.14831057e-01,  3.40986450e-01,  5.84604063e-01],
        ...,
        [-1.96396494e-01, -1.57203723e-02, -4.14831057e-01, ...,
          0.00000000e+00, -7.97064460e-02,  1.95370125e-01],
        [-1.17617507e-01,  6.40262404e-02, -3.40986450e-01, ...,
          7.97064460e-02,  0.00000000e+00,  2.72919001e-01],
        [-3.84177058e-01, -2.10763416e-01, -5.84604063e-01, ...,
         -1.95370125e-01, -2.72919001e-01,  0.00000000e+00]],

       [[ 0.00000000e+00,  3.47897321e-01,  3.47257253e-01, ...,
         -4.47135821e-02, -1.19729067e-02,  1.58336983e-01],
        [-3.47897321e-01,  0.00000000e+00, -6.82628645e-04, ...,
         -3.89469813e-01, -3.59097375e-01, -1.95062553e-01],
        [-3.47257253e-01,  6.82628645e-04,  0.00000000e+00, ...,
         -3.88840995e-01, -3.58460194e-01, -1.94392991e-01],
        ...,
        [ 4.47135821e-02,  3.89469813e-01,  3.88840995e-01, ...,
          0.00000000e+00,  3.27494452e-02,  2.02328148e-01],
        [ 1.19729067e-02,  3.59097375e-01,  3.58460194e-01, ...,
         -3.27494452e-02,  0.00000000e+00,  1.70147503e-01],
        [-1.58336983e-01,  1.95062553e-01,  1.94392991e-01, ...,
         -2.02328148e-01, -1.70147503e-01,  0.00000000e+00]],

       [[ 0.00000000e+00, -1.00707541e-02, -1.34599389e-01, ...,
          4.73430624e-01,  3.61272081e-01,  3.02440445e-01],
        [ 1.00707541e-02,  0.00000000e+00, -1.24613452e-01, ...,
          4.82277249e-01,  3.70644340e-01,  3.12024231e-01],
        [ 1.34599389e-01,  1.24613452e-01,  0.00000000e+00, ...,
          5.87681781e-01,  4.83493147e-01,  4.27984135e-01],
        ...,
        [-4.73430624e-01, -4.82277249e-01, -5.87681781e-01, ...,
          0.00000000e+00, -1.23235643e-01, -1.84860102e-01],
        [-3.61272081e-01, -3.70644340e-01, -4.83493147e-01, ...,
          1.23235643e-01,  0.00000000e+00, -6.23393373e-02],
        [-3.02440445e-01, -3.12024231e-01, -4.27984135e-01, ...,
          1.84860102e-01,  6.23393373e-02,  0.00000000e+00]],

       ...,

       [[ 0.00000000e+00,  6.95800045e-02, -1.06042785e-01, ...,
         -5.83535432e-01, -5.03022227e-01, -3.70472972e-01],
        [-6.95800045e-02,  0.00000000e+00, -1.74973460e-01, ...,
         -6.38626225e-01, -5.61939242e-01, -4.34204002e-01],
        [ 1.06042785e-01,  1.74973460e-01,  0.00000000e+00, ...,
         -4.94129167e-01, -4.08536004e-01, -2.69886960e-01],
        ...,
        [ 5.83535432e-01,  6.38626225e-01,  4.94129167e-01, ...,
          0.00000000e+00,  9.58360416e-02,  2.41156408e-01],
        [ 5.03022227e-01,  5.61939242e-01,  4.08536004e-01, ...,
         -9.58360416e-02,  0.00000000e+00,  1.47038836e-01],
        [ 3.70472972e-01,  4.34204002e-01,  2.69886960e-01, ...,
         -2.41156408e-01, -1.47038836e-01,  0.00000000e+00]],

       [[ 0.00000000e+00,  3.10792576e-01,  3.16790661e-01, ...,
          9.97511872e-01,  9.85838670e-01,  9.67520010e-01],
        [-3.10792576e-01,  0.00000000e+00,  6.31712485e-03, ...,
          9.26202384e-01,  8.84898904e-01,  8.41039617e-01],
        [-3.16790661e-01, -6.31712485e-03,  0.00000000e+00, ...,
          9.23802178e-01,  8.81938837e-01,  8.37605438e-01],
        ...,
        [-9.97511872e-01, -9.26202384e-01, -9.23802178e-01, ...,
          0.00000000e+00, -9.77789231e-02, -1.83956571e-01],
        [-9.85838670e-01, -8.84898904e-01, -8.81938837e-01, ...,
          9.77789231e-02,  0.00000000e+00, -8.69648162e-02],
        [-9.67520010e-01, -8.41039617e-01, -8.37605438e-01, ...,
          1.83956571e-01,  8.69648162e-02,  0.00000000e+00]],

       [[ 0.00000000e+00,  1.50857641e-01,  2.56003172e-01, ...,
          8.71394704e-01,  8.69172689e-01,  8.83387672e-01],
        [-1.50857641e-01,  0.00000000e+00,  1.07242891e-01, ...,
          7.87413894e-01,  7.84625027e-01,  8.02579368e-01],
        [-2.56003172e-01, -1.07242891e-01,  0.00000000e+00, ...,
          7.16765599e-01,  7.13612536e-01,  7.33975525e-01],
        ...,
