state_0,state_1,state_2,state_3,state_4,state_5,state_6,state_7,state_8,state_9,state_10,state_11,state_12,state_13,state_14,state_15,state_16,state_17,state_18,state_19,state_20,state_21,state_22,state_23,state_24,state_25,state_26,state_27,state_28,state_29,state_30,state_31,state_32,state_33,state_34,state_35,state_36,state_37,state_38,state_39,state_40,state_41,state_42,state_43,state_44,state_45,state_46,state_47,state_48,state_49,state_50,state_51,state_52,state_53,state_54,state_55,state_56,state_57,state_58,state_59,state_60,state_61,state_62,state_63,state_64,state_65,state_66,state_67,state_68,state_69,state_70,state_71,state_72,state_73,state_74,state_75,state_76,state_77
{'img': array([[[ 0.00000000e+00,  1.62051729e-01,  3.29333891e-01, ...,
         -8.45403729e-01, -9.05805202e-01, -9.31697081e-01],
        [-1.62051729e-01,  0.00000000e+00,  1.71969408e-01, ...,
         -9.20785744e-01, -9.62492917e-01, -9.78245212e-01],
        [-3.29333891e-01, -1.71969408e-01,  0.00000000e+00, ...,
         -9.74148034e-01, -9.94810448e-01, -9.99346985e-01],
        ...,
        [ 8.45403729e-01,  9.20785744e-01,  9.74148034e-01, ...,
          0.00000000e+00, -1.25622946e-01, -1.90564084e-01],
        [ 9.05805202e-01,  9.62492917e-01,  9.94810448e-01, ...,
          1.25622946e-01,  0.00000000e+00, -6.57335718e-02],
        [ 9.31697081e-01,  9.78245212e-01,  9.99346985e-01, ...,
          1.90564084e-01,  6.57335718e-02,  0.00000000e+00]],

       [[ 0.00000000e+00, -7.39080871e-02,  1.27465919e-01, ...,
          4.69032794e-01, -2.11311084e-01, -3.59252023e-01],
        [ 7.39080871e-02,  0.00000000e+00,  2.00422522e-01, ...,
          5.33024216e-01, -1.38494002e-01, -2.89295464e-01],
        [-1.27465919e-01, -2.00422522e-01,  0.00000000e+00, ...,
          3.52631424e-01, -3.34175002e-01, -4.75277955e-01],
        ...,
        [-4.69032794e-01, -5.33024216e-01, -3.52631424e-01, ...,
          0.00000000e+00, -6.45067380e-01, -7.55004909e-01],
        [ 2.11311084e-01,  1.38494002e-01,  3.34175002e-01, ...,
          6.45067380e-01,  0.00000000e+00, -1.53935624e-01],
        [ 3.59252023e-01,  2.89295464e-01,  4.75277955e-01, ...,
          7.55004909e-01,  1.53935624e-01,  0.00000000e+00]],

       [[ 0.00000000e+00, -2.39448402e-01, -2.92179046e-01, ...,
         -5.85172151e-01, -7.19448825e-01, -7.80260605e-01],
        [ 2.39448402e-01,  0.00000000e+00, -5.46795477e-02, ...,
         -7.62319847e-01, -8.64827204e-01, -9.07326206e-01],
        [ 2.92179046e-01,  5.46795477e-02,  0.00000000e+00, ...,
         -7.96568011e-01, -8.90986323e-01, -9.28957582e-01],
        ...,
        [ 5.85172151e-01,  7.62319847e-01,  7.96568011e-01, ...,
          0.00000000e+00,  1.76978935e-01,  2.66721836e-01],
        [ 7.19448825e-01,  8.64827204e-01,  8.90986323e-01, ...,
         -1.76978935e-01,  0.00000000e+00,  9.19439188e-02],
        [ 7.80260605e-01,  9.07326206e-01,  9.28957582e-01, ...,
         -2.66721836e-01, -9.19439188e-02,  0.00000000e+00]],

       ...,

       [[ 0.00000000e+00,  2.78264476e-01,  8.86904181e-02, ...,
          8.38727544e-01,  7.74352861e-01,  7.11087219e-01],
        [-2.78264476e-01,  0.00000000e+00, -1.91980357e-01, ...,
          6.54072296e-01,  5.67696437e-01,  4.87353656e-01],
        [-8.86904181e-02,  1.91980357e-01,  0.00000000e+00, ...,
          7.87125839e-01,  7.15182104e-01,  6.45926424e-01],
        ...,
        [-8.38727544e-01, -6.54072296e-01, -7.87125839e-01, ...,
          0.00000000e+00, -1.09033374e-01, -2.02489069e-01],
        [-7.74352861e-01, -5.67696437e-01, -7.15182104e-01, ...,
          1.09033374e-01,  0.00000000e+00, -9.45071519e-02],
        [-7.11087219e-01, -4.87353656e-01, -6.45926424e-01, ...,
          2.02489069e-01,  9.45071519e-02,  0.00000000e+00]],

       [[ 0.00000000e+00,  1.86668326e-02, -1.94066997e-02, ...,
         -3.91263595e-01, -4.68945256e-01, -5.04776509e-01],
        [-1.86668326e-02,  0.00000000e+00, -3.80666354e-02, ...,
         -3.74016734e-01, -4.52376492e-01, -4.88574412e-01],
        [ 1.94066997e-02,  3.80666354e-02,  0.00000000e+00, ...,
         -4.09049481e-01, -4.85997466e-01, -5.21434280e-01],
        ...,
        [ 3.91263595e-01,  3.74016734e-01,  4.09049481e-01, ...,
          0.00000000e+00,  8.59856458e-02,  1.26776721e-01],
        [ 4.68945256e-01,  4.52376492e-01,  4.85997466e-01, ...,
         -8.59856458e-02,  0.00000000e+00,  4.10153363e-02],
        [ 5.04776509e-01,  4.88574412e-01,  5.21434280e-01, ...,
         -1.26776721e-01, -4.10153363e-02,  0.00000000e+00]],

       [[ 0.00000000e+00, -4.68506886e-02, -5.53840932e-02, ...,
         -9.80653138e-01, -9.79488120e-01, -9.79664703e-01],
        [ 4.68506886e-02,  0.00000000e+00, -8.54449759e-03, ...,
         -9.88747471e-01, -9.87853051e-01, -9.87989136e-01],
        [ 5.53840932e-02,  8.54449759e-03,  0.00000000e+00, ...,
         -9.89989585e-01, -9.89144728e-01, -9.89273394e-01],
        ...,
        [ 9.80653138e-01,  9.88747471e-01,  9.89989585e-01, ...,
          0.00000000e+00, -5.86528096e-03, -4.98708574e-03],
        [ 9.79488120e-01,  9.87853051e-01,  9.89144728e-01, ...,
          5.86528096e-03,  0.00000000e+00,  8.78208060e-04],
        [ 9.79664703e-01,  9.87989136e-01,  9.89273394e-01, ...,
          4.98708574e-03, -8.78208060e-04,  0.00000000e+00]]]), 'num': array([8.95151760e+07, 1.16551760e+07, 4.58000000e+02, 1.70000000e+05,
       1.74000000e+05, 1.62500000e+05, 6.86569000e+05, 5.00000000e+03,
       1.66400000e+05, 1.60575000e+05, 1.77641667e+05, 6.43478261e+01,
       1.70209703e+05, 1.50940297e+05])}
{'img': array([[[ 0.00000000e+00,  1.71969408e-01,  2.24271631e-02, ...,
         -9.62492917e-01, -9.78245212e-01, -9.32402425e-01],
        [-1.71969408e-01,  0.00000000e+00, -1.49833104e-01, ...,
         -9.94810448e-01, -9.99346985e-01, -9.80665257e-01],
        [-2.24271631e-02,  1.49833104e-01,  0.00000000e+00, ...,
         -9.68335472e-01, -9.82651722e-01, -9.40273572e-01],
        ...,
        [ 9.62492917e-01,  9.94810448e-01,  9.68335472e-01, ...,
          0.00000000e+00, -6.57335718e-02,  9.48987958e-02],
        [ 9.78245212e-01,  9.99346985e-01,  9.82651722e-01, ...,
          6.57335718e-02,  0.00000000e+00,  1.60130461e-01],
        [ 9.32402425e-01,  9.80665257e-01,  9.40273572e-01, ...,
         -9.48987958e-02, -1.60130461e-01,  0.00000000e+00]],

       [[ 0.00000000e+00,  2.00422522e-01, -3.73741647e-01, ...,
         -1.38494002e-01, -2.89295464e-01,  6.81363753e-02],
        [-2.00422522e-01,  0.00000000e+00, -5.52056735e-01, ...,
         -3.34175002e-01, -4.75277955e-01, -1.33202885e-01],
        [ 3.73741647e-01,  5.52056735e-01,  0.00000000e+00, ...,
          2.41682265e-01,  8.94293541e-02,  4.36071804e-01],
        ...,
        [ 1.38494002e-01,  3.34175002e-01, -2.41682265e-01, ...,
          0.00000000e+00, -1.53935624e-01,  2.05651908e-01],
        [ 2.89295464e-01,  4.75277955e-01, -8.94293541e-02, ...,
          1.53935624e-01,  0.00000000e+00,  3.53846000e-01],
        [-6.81363753e-02,  1.33202885e-01, -4.36071804e-01, ...,
         -2.05651908e-01, -3.53846000e-01,  0.00000000e+00]],

       [[ 0.00000000e+00, -1.71179535e-01, -2.55573352e-01, ...,
         -7.23774189e-01, -7.84660122e-01, -8.40097501e-01],
        [ 1.71179535e-01,  0.00000000e+00, -8.63064453e-02, ...,
         -8.31211371e-01, -8.79197102e-01, -9.20551381e-01],
        [ 2.55573352e-01,  8.63064453e-02,  0.00000000e+00, ...,
         -8.76092451e-01, -9.17037916e-01, -9.50829623e-01],
        ...,
        [ 7.23774189e-01,  8.31211371e-01,  8.76092451e-01, ...,
          0.00000000e+00,  9.27578567e-02,  1.87097516e-01],
        [ 7.84660122e-01,  8.79197102e-01,  9.17037916e-01, ...,
         -9.27578567e-02,  0.00000000e+00,  9.51710041e-02],
        [ 8.40097501e-01,  9.20551381e-01,  9.50829623e-01, ...,
         -1.87097516e-01, -9.51710041e-02,  0.00000000e+00]],

       ...,

       [[ 0.00000000e+00, -1.91980357e-01, -3.68728691e-01, ...,
          5.67696437e-01,  4.87353656e-01,  8.35929816e-01],
        [ 1.91980357e-01,  0.00000000e+00, -1.83417026e-01, ...,
          7.15182104e-01,  6.45926424e-01,  9.25746291e-01],
        [ 3.68728691e-01,  1.83417026e-01,  0.00000000e+00, ...,
          8.31246339e-01,  7.74988905e-01,  9.79399457e-01],
        ...,
        [-5.67696437e-01, -7.15182104e-01, -8.31246339e-01, ...,
          0.00000000e+00, -9.45071519e-02,  3.76596722e-01],
        [-4.87353656e-01, -6.45926424e-01, -7.74988905e-01, ...,
          9.45071519e-02,  0.00000000e+00,  4.62460424e-01],
        [-8.35929816e-01, -9.25746291e-01, -9.79399457e-01, ...,
         -3.76596722e-01, -4.62460424e-01,  0.00000000e+00]],

       [[ 0.00000000e+00, -3.80666354e-02, -5.66159627e-02, ...,
         -4.52376492e-01, -4.88574412e-01, -5.66399915e-01],
        [ 3.80666354e-02,  0.00000000e+00, -1.85693500e-02, ...,
         -4.85997466e-01, -5.21434280e-01, -5.97361266e-01],
        [ 5.66159627e-02,  1.85693500e-02,  0.00000000e+00, ...,
         -5.02142541e-01, -5.37189439e-01, -6.12150370e-01],
        ...,
        [ 4.52376492e-01,  4.85997466e-01,  5.02142541e-01, ...,
          0.00000000e+00,  4.10153363e-02,  1.32313492e-01],
        [ 4.88574412e-01,  5.21434280e-01,  5.37189439e-01, ...,
         -4.10153363e-02,  0.00000000e+00,  9.15474268e-02],
        [ 5.66399915e-01,  5.97361266e-01,  6.12150370e-01, ...,
         -1.32313492e-01, -9.15474268e-02,  0.00000000e+00]],

       [[ 0.00000000e+00, -8.54449759e-03, -4.23654319e-02, ...,
         -9.87853051e-01, -9.87989136e-01, -9.86350078e-01],
        [ 8.54449759e-03,  0.00000000e+00, -3.38270592e-02, ...,
         -9.89144728e-01, -9.89273394e-01, -9.87721024e-01],
        [ 4.23654319e-02,  3.38270592e-02,  0.00000000e+00, ...,
         -9.93549344e-01, -9.93648550e-01, -9.92440485e-01],
        ...,
        [ 9.87853051e-01,  9.89144728e-01,  9.93549344e-01, ...,
          0.00000000e+00,  8.78208060e-04, -9.39182676e-03],
        [ 9.87989136e-01,  9.89273394e-01,  9.93648550e-01, ...,
         -8.78208060e-04,  0.00000000e+00, -1.02699925e-02],
        [ 9.86350078e-01,  9.87721024e-01,  9.92440485e-01, ...,
          9.39182676e-03,  1.02699925e-02,  0.00000000e+00]]]), 'num': array([5.36594620e+07, 2.11354620e+07, 1.88000000e+02, 1.73000000e+05,
       1.73500000e+05, 1.68500000e+05, 6.18850000e+05, 3.00000000e+03,
       1.69200000e+05, 1.61125000e+05, 1.77066667e+05, 6.33928571e+01,
       1.72174321e+05, 1.50075679e+05])}
{'img': array([[[ 0.        , -0.1498331 , -0.27393562, ..., -0.99934699,
         -0.98066526, -0.95858515],
        [ 0.1498331 ,  0.        , -0.12674155, ..., -0.98265172,
         -0.94027357, -0.9050906 ],
        [ 0.27393562,  0.12674155,  0.        , ..., -0.95122185,
         -0.88954567, -0.84389885],
        ...,
        [ 0.99934699,  0.98265172,  0.95122185, ...,  0.        ,
          0.16013046,  0.24998342],
        [ 0.98066526,  0.94027357,  0.88954567, ..., -0.16013046,
          0.        ,  0.09171127],
        [ 0.95858515,  0.9050906 ,  0.84389885, ..., -0.24998342,
         -0.09171127,  0.        ]],

       [[ 0.        , -0.55205673, -0.49941183, ..., -0.47527796,
         -0.13320289, -0.21174942],
        [ 0.55205673,  0.        ,  0.06186962, ...,  0.08942935,
          0.4360718 ,  0.36298023],
        [ 0.49941183, -0.06186962,  0.        , ...,  0.02763631,
          0.37955919,  0.30463494],
        ...,
        [ 0.47527796, -0.08942935, -0.02763631, ...,  0.        ,
          0.353846  ,  0.27819584],
        [ 0.13320289, -0.4360718 , -0.37955919, ..., -0.353846  ,
          0.        , -0.0796801 ],
        [ 0.21174942, -0.36298023, -0.30463494, ..., -0.27819584,
          0.0796801 ,  0.        ]],

       [[ 0.        , -0.19190943, -0.24206425, ..., -0.78688445,
         -0.84228435, -0.90045739],
        [ 0.19190943,  0.        , -0.05136282, ..., -0.89068572,
         -0.93007412, -0.96719017],
        [ 0.24206425,  0.05136282,  0.        , ..., -0.91286061,
         -0.94771573, -0.97896244],
        ...,
        [ 0.78688445,  0.89068572,  0.91286061, ...,  0.        ,
          0.09561694,  0.21342173],
        [ 0.84228435,  0.93007412,  0.94771573, ..., -0.09561694,
          0.        ,  0.11902993],
        [ 0.90045739,  0.96719017,  0.97896244, ..., -0.21342173,
         -0.11902993,  0.        ]],

       ...,

       [[ 0.        , -0.18341703,  0.15455762, ...,  0.64592642,
          0.92574629,  0.89857192],
        [ 0.18341703,  0.        ,  0.33314863, ...,  0.77498891,
          0.97939946,  0.96381604],
        [-0.15455762, -0.33314863,  0.        , ...,  0.52017559,
          0.85617709,  0.81995054],
        ...,
        [-0.64592642, -0.77498891, -0.52017559, ...,  0.        ,
          0.46246042,  0.40252002],
        [-0.92574629, -0.97939946, -0.85617709, ..., -0.46246042,
          0.        , -0.06645112],
        [-0.89857192, -0.96381604, -0.81995054, ..., -0.40252002,
          0.06645112,  0.        ]],

       [[ 0.        , -0.04193101, -0.46137326, ..., -0.48865693,
         -0.56649267, -0.64577125],
        [ 0.04193101,  0.        , -0.42376603, ..., -0.52481097,
         -0.6005484 , -0.67721892],
        [ 0.46137326,  0.42376603,  0.        , ..., -0.83607653,
         -0.88279815, -0.92520497],
        ...,
        [ 0.48865693,  0.52481097,  0.83607653, ...,  0.        ,
          0.09156533,  0.19031524],
        [ 0.56649267,  0.6005484 ,  0.88279815, ..., -0.09156533,
          0.        ,  0.09962395],
        [ 0.64577125,  0.67721892,  0.92520497, ..., -0.19031524,
         -0.09962395,  0.        ]],

       [[ 0.        , -0.03382706,  0.02124844, ..., -0.98927339,
         -0.98772102, -0.98197315],
        [ 0.03382706,  0.        ,  0.0550557 , ..., -0.99364855,
         -0.99244049, -0.98780518],
        [-0.02124844, -0.0550557 ,  0.        , ..., -0.98594616,
         -0.98417842, -0.97773506],
        ...,
        [ 0.98927339,  0.99364855,  0.98594616, ...,  0.        ,
         -0.01026999, -0.04355033],
        [ 0.98772102,  0.99244049,  0.98417842, ...,  0.01026999,
          0.        , -0.03328779],
        [ 0.98197315,  0.98780518,  0.97773506, ...,  0.04355033,
          0.03328779,  0.        ]]]), 'num': array([5.36461120e+07, 2.92531120e+07, 1.41000000e+02, 1.73000000e+05,
       1.80000000e+05, 1.71000000e+05, 8.03036000e+05, 0.00000000e+00,
       1.69600000e+05, 1.61750000e+05, 1.76433333e+05, 6.23853211e+01,
       1.73942211e+05, 1.49557789e+05])}
{'img': array([[[ 0.        , -0.12674155, -0.08644279, ..., -0.94027357,
         -0.9050906 , -0.9050906 ],
        [ 0.12674155,  0.        ,  0.04052143, ..., -0.88954567,
         -0.84389885, -0.84389885],
        [ 0.08644279, -0.04052143,  0.        , ..., -0.90732712,
         -0.86494558, -0.86494558],
        ...,
        [ 0.94027357,  0.88954567,  0.90732712, ...,  0.        ,
          0.09171127,  0.09171127],
        [ 0.9050906 ,  0.84389885,  0.86494558, ..., -0.09171127,
          0.        ,  0.        ],
        [ 0.9050906 ,  0.84389885,  0.86494558, ..., -0.09171127,
          0.        ,  0.        ]],

       [[ 0.        ,  0.06186962, -0.09607452, ...,  0.4360718 ,
          0.36298023,  0.54528135],
        [-0.06186962,  0.        , -0.15747388, ...,  0.37955919,
          0.30463494,  0.49237433],
        [ 0.09607452,  0.15747388,  0.        , ...,  0.5205132 ,
          0.45082307,  0.62329372],
        ...,
        [-0.4360718 , -0.37955919, -0.5205132 , ...,  0.        ,
         -0.0796801 ,  0.12516663],
        [-0.36298023, -0.30463494, -0.45082307, ...,  0.0796801 ,
          0.        ,  0.20382214],
        [-0.54528135, -0.49237433, -0.62329372, ..., -0.12516663,
         -0.20382214,  0.        ]],

       [[ 0.        , -0.07122948,  0.12205479, ..., -0.90309934,
         -0.94793752, -0.95306693],
        [ 0.07122948,  0.        ,  0.19244168, ..., -0.93139362,
         -0.9682132 , -0.97221151],
        [-0.12205479, -0.19244168,  0.        , ..., -0.843933  ,
         -0.90198101, -0.90898793],
        ...,
        [ 0.90309934,  0.93139362,  0.843933  , ...,  0.        ,
          0.11947669,  0.1358551 ],
        [ 0.94793752,  0.9682132 ,  0.90198101, ..., -0.11947669,
          0.        ,  0.01651299],
        [ 0.95306693,  0.97221151,  0.90898793, ..., -0.1358551 ,
         -0.01651299,  0.        ]],

       ...,

       [[ 0.        ,  0.33314863,  0.3997602 , ...,  0.97939946,
          0.96381604,  0.94469191],
        [-0.33314863,  0.        ,  0.07155301, ...,  0.85617709,
          0.81995054,  0.78146662],
        [-0.3997602 , -0.07155301,  0.        , ...,  0.81701235,
          0.77688944,  0.73481827],
        ...,
        [-0.97939946, -0.85617709, -0.81701235, ...,  0.        ,
         -0.06645112, -0.13043906],
        [-0.96381604, -0.81995054, -0.77688944, ...,  0.06645112,
          0.        , -0.06426737],
        [-0.94469191, -0.78146662, -0.73481827, ...,  0.13043906,
          0.06426737,  0.        ]],

       [[ 0.        , -0.45977318, -0.61486076, ..., -0.56660525,
         -0.64589423, -0.70527993],
        [ 0.45977318,  0.        , -0.18342519, ..., -0.88201429,
         -0.9245808 , -0.95226075],
        [ 0.61486076,  0.18342519,  0.        , ..., -0.95348385,
         -0.97877649, -0.9921015 ],
        ...,
        [ 0.56660525,  0.88201429,  0.95348385, ...,  0.        ,
          0.09964829,  0.17946032],
        [ 0.64589423,  0.9245808 ,  0.97877649, ..., -0.09964829,
          0.        ,  0.08053658],
        [ 0.70527993,  0.95226075,  0.9921015 , ..., -0.17946032,
         -0.08053658,  0.        ]],

       [[ 0.        ,  0.0550557 ,  0.1244054 , ..., -0.99244049,
         -0.98780518, -0.98443008],
        [-0.0550557 ,  0.        ,  0.06958871, ..., -0.98417842,
         -0.97773506, -0.97325947],
        [-0.1244054 , -0.06958871,  0.        , ..., -0.9694628 ,
         -0.96076209, -0.95491494],
        ...,
        [ 0.99244049,  0.98417842,  0.9694628 , ...,  0.        ,
         -0.03328779, -0.05363183],
        [ 0.98780518,  0.97773506,  0.96076209, ...,  0.03328779,
          0.        , -0.02036223],
        [ 0.98443008,  0.97325947,  0.95491494, ...,  0.05363183,
          0.02036223,  0.        ]]]), 'num': array([5.57875500e+07, 4.16455000e+06, 2.86000000e+02, 1.80500000e+05,
       1.88500000e+05, 1.78500000e+05, 1.45128400e+06, 7.50000000e+03,
       1.72300000e+05, 1.62750000e+05, 1.75975000e+05, 6.91666667e+01,
       1.77400939e+05, 1.48099061e+05])}
{'img': array([[[ 0.        ,  0.04052143,  0.0613867 , ..., -0.84389885,
         -0.84389885, -0.7051789 ],
        [-0.04052143,  0.        ,  0.02089127, ..., -0.86494558,
         -0.86494558, -0.73333061],
        [-0.0613867 , -0.02089127,  0.        , ..., -0.87524142,
         -0.87524142, -0.74737396],
        ...,
        [ 0.84389885,  0.86494558,  0.87524142, ...,  0.        ,
          0.        ,  0.220019  ],
        [ 0.84389885,  0.86494558,  0.87524142, ...,  0.        ,
          0.        ,  0.220019  ],
        [ 0.7051789 ,  0.73333061,  0.74737396, ..., -0.220019  ,
         -0.220019  ,  0.        ]],

       [[ 0.        , -0.15747388,  0.04064255, ...,  0.30463494,
          0.49237433,  0.89117614],
        [ 0.15747388,  0.        ,  0.19747923, ...,  0.45082307,
          0.62329372,  0.95149627],
        [-0.04064255, -0.19747923,  0.        , ...,  0.26567246,
          0.4565929 ,  0.87200201],
        ...,
        [-0.30463494, -0.45082307, -0.26567246, ...,  0.        ,
          0.20382214,  0.7106179 ],
        [-0.49237433, -0.62329372, -0.4565929 , ..., -0.20382214,
          0.        ,  0.55229577],
        [-0.89117614, -0.95149627, -0.87200201, ..., -0.7106179 ,
         -0.55229577,  0.        ]],

       [[ 0.        ,  0.19244168,  0.07122948, ..., -0.9682132 ,
         -0.97221151, -0.99185201],
        [-0.19244168,  0.        , -0.12205479, ..., -0.90198101,
         -0.90898793, -0.94879654],
        [-0.07122948,  0.12205479,  0.        , ..., -0.94793752,
         -0.95306693, -0.98025835],
        ...,
        [ 0.9682132 ,  0.90198101,  0.94793752, ...,  0.        ,
          0.01651299,  0.12474245],
        [ 0.97221151,  0.90898793,  0.95306693, ..., -0.01651299,
          0.        ,  0.10834143],
        [ 0.99185201,  0.94879654,  0.98025835, ..., -0.12474245,
         -0.10834143,  0.        ]],

       ...,

       [[ 0.        ,  0.0705105 ,  0.17801568, ...,  0.80326616,
          0.76587462,  0.99874091],
        [-0.0705105 ,  0.        ,  0.10818832, ...,  0.75926938,
          0.71863085,  0.99979229],
        [-0.17801568, -0.10818832,  0.        , ...,  0.68440637,
          0.63917952,  0.99171895],
        ...,
        [-0.80326616, -0.75926938, -0.68440637, ...,  0.        ,
         -0.06032163,  0.63516668],
        [-0.76587462, -0.71863085, -0.63917952, ...,  0.06032163,
          0.        ,  0.68060096],
        [-0.99874091, -0.99979229, -0.99171895, ..., -0.63516668,
         -0.68060096,  0.        ]],

       [[ 0.        , -0.44665818, -0.50628309, ..., -0.6621201 ,
         -0.72221567, -0.81552319],
        [ 0.44665818,  0.        , -0.06779041, ..., -0.92712659,
         -0.95510888, -0.9881444 ],
        [ 0.50628309,  0.06779041,  0.        , ..., -0.95039815,
         -0.97299498, -0.99627894],
        ...,
        [ 0.6621201 ,  0.92712659,  0.95039815, ...,  0.        ,
          0.08325955,  0.22796619],
        [ 0.72221567,  0.95510888,  0.97299498, ..., -0.08325955,
          0.        ,  0.14610742],
        [ 0.81552319,  0.9881444 ,  0.99627894, ..., -0.22796619,
         -0.14610742,  0.        ]],

       [[ 0.        ,  0.06958871,  0.04892199, ..., -0.97773506,
         -0.97325947, -0.95793322],
        [-0.06958871,  0.        , -0.02070199, ..., -0.96076209,
         -0.95491494, -0.93563962],
        [-0.04892199,  0.02070199,  0.        , ..., -0.96629838,
         -0.96085629, -0.94274601],
        ...,
        [ 0.97773506,  0.96076209,  0.96629838, ...,  0.        ,
         -0.02036223, -0.07958562],
        [ 0.97325947,  0.95491494,  0.96085629, ...,  0.02036223,
          0.        , -0.05927147],
        [ 0.95793322,  0.93563962,  0.94274601, ...,  0.07958562,
          0.05927147,  0.        ]]]), 'num': array([ 5.56667460e+07,  2.38067460e+07,  1.77000000e+02,  1.80000000e+05,
        1.83000000e+05,  1.76000000e+05,  5.80204000e+05, -5.00000000e+02,
        1.75300000e+05,  1.63825000e+05,  1.75558333e+05,  6.63716814e+01,
        1.80132284e+05,  1.47517716e+05])}
{'img': array([[[ 0.        ,  0.02089127,  0.        , ..., -0.86494558,
         -0.73333061, -0.74318672],
        [-0.02089127,  0.        , -0.02089127, ..., -0.87524142,
         -0.74737396, -0.75700254],
        [ 0.        ,  0.02089127,  0.        , ..., -0.86494558,
         -0.73333061, -0.74318672],
        ...,
        [ 0.86494558,  0.87524142,  0.86494558, ...,  0.        ,
          0.220019  ,  0.2057414 ],
        [ 0.73333061,  0.74737396,  0.73333061, ..., -0.220019  ,
          0.        , -0.01461217],
        [ 0.74318672,  0.75700254,  0.74318672, ..., -0.2057414 ,
          0.01461217,  0.        ]],

       [[ 0.        ,  0.19747923, -0.04518977, ...,  0.62329372,
          0.95149627,  0.40690725],
        [-0.19747923,  0.        , -0.24157734, ...,  0.4565929 ,
          0.87200201,  0.21850281],
        [ 0.04518977,  0.24157734,  0.        , ...,  0.65799483,
          0.96442734,  0.44777104],
        ...,
        [-0.62329372, -0.4565929 , -0.65799483, ...,  0.        ,
          0.55229577, -0.25116328],
        [-0.95149627, -0.87200201, -0.96442734, ..., -0.55229577,
          0.        , -0.7439736 ],
        [-0.40690725, -0.21850281, -0.44777104, ...,  0.25116328,
          0.7439736 ,  0.        ]],

       [[ 0.        , -0.12205479, -0.29615405, ..., -0.90898793,
         -0.94879654, -0.97902538],
        [ 0.12205479,  0.        , -0.17736039, ..., -0.95306693,
         -0.98025835, -0.9965728 ],
        [ 0.29615405,  0.17736039,  0.        , ..., -0.99165456,
         -0.99978517, -0.99544441],
        ...,
        [ 0.90898793,  0.95306693,  0.99165456, ...,  0.        ,
          0.10834143,  0.22288407],
        [ 0.94879654,  0.98025835,  0.99978517, ..., -0.10834143,
          0.        ,  0.11595601],
        [ 0.97902538,  0.9965728 ,  0.99544441, ..., -0.22288407,
         -0.11595601,  0.        ]],

       ...,

       [[ 0.        ,  0.10818832, -0.19065376, ...,  0.71863085,
          0.99979229,  0.88032613],
        [-0.10818832,  0.        , -0.29573856, ...,  0.63917952,
          0.99171895,  0.82383781],
        [ 0.19065376,  0.29573856,  0.        , ...,  0.8380283 ,
          0.98533914,  0.95461884],
        ...,
        [-0.71863085, -0.63917952, -0.8380283 , ...,  0.        ,
          0.68060096,  0.27127538],
        [-0.99979229, -0.99171895, -0.98533914, ..., -0.68060096,
          0.        , -0.45632856],
        [-0.88032613, -0.82383781, -0.95461884, ..., -0.27127538,
          0.45632856,  0.        ]],

       [[ 0.        , -0.25904384, -0.30894576, ..., -0.73824483,
         -0.83164167, -0.88731447],
        [ 0.25904384,  0.        , -0.05202875, ..., -0.88777884,
         -0.94710437, -0.97648841],
        [ 0.30894576,  0.05202875,  0.        , ..., -0.91052371,
         -0.96251896, -0.98638167],
        ...,
        [ 0.73824483,  0.88777884,  0.91052371, ...,  0.        ,
          0.15101294,  0.25807017],
        [ 0.83164167,  0.94710437,  0.96251896, ..., -0.15101294,
          0.        ,  0.10921302],
        [ 0.88731447,  0.97648841,  0.98638167, ..., -0.25807017,
         -0.10921302,  0.        ]],

       [[ 0.        , -0.02070199, -0.05587863, ..., -0.95491494,
         -0.93563962, -0.92669396],
        [ 0.02070199,  0.        , -0.03519701, ..., -0.96085629,
         -0.94274601, -0.93427552],
        [ 0.05587863,  0.03519701,  0.        , ..., -0.97001218,
         -0.95390049, -0.94624619],
        ...,
        [ 0.95491494,  0.96085629,  0.97001218, ...,  0.        ,
         -0.05927147, -0.08375667],
        [ 0.93563962,  0.94274601,  0.95390049, ...,  0.05927147,
          0.        , -0.02454621],
        [ 0.92669396,  0.93427552,  0.94624619, ...,  0.08375667,
          0.02454621,  0.        ]]]), 'num': array([5.58456950e+07, 2.34466950e+07, 1.79000000e+02, 1.81000000e+05,
       1.82500000e+05, 1.79000000e+05, 3.45157000e+05, 1.00000000e+03,
       1.77500000e+05, 1.64950000e+05, 1.75141667e+05, 6.60714286e+01,
       1.82675405e+05, 1.47224595e+05])}
{'img': array([[[ 0.        , -0.02089127,  0.02135789, ..., -0.74737396,
         -0.75700254, -0.73759105],
        [ 0.02089127,  0.        ,  0.04223974, ..., -0.73333061,
         -0.74318672, -0.72332329],
        [-0.02135789, -0.04223974,  0.        , ..., -0.76139374,
         -0.77078537, -0.75184467],
        ...,
        [ 0.74737396,  0.73333061,  0.76139374, ...,  0.        ,
         -0.01461217,  0.01460438],
        [ 0.75700254,  0.74318672,  0.77078537, ...,  0.01461217,
          0.        ,  0.02921343],
        [ 0.73759105,  0.72332329,  0.75184467, ..., -0.01460438,
         -0.02921343,  0.        ]],

       [[ 0.        , -0.24157734,  0.14328476, ...,  0.87200201,
          0.21850281, -0.1901846 ],
        [ 0.24157734,  0.        ,  0.37812551, ...,  0.96442734,
          0.44777104,  0.05261652],
        [-0.14328476, -0.37812551,  0.        , ...,  0.79286604,
          0.07642572, -0.32889175],
        ...,
        [-0.87200201, -0.96442734, -0.79286604, ...,  0.        ,
         -0.7439736 , -0.94918233],
        [-0.21850281, -0.44777104, -0.07642572, ...,  0.7439736 ,
          0.        , -0.40010381],
        [ 0.1901846 , -0.05261652,  0.32889175, ...,  0.94918233,
          0.40010381,  0.        ]],

       [[ 0.        , -0.27136487, -0.2966964 , ..., -0.94964733,
         -0.97964241, -0.99298994],
        [ 0.27136487,  0.        , -0.02641751, ..., -0.99903755,
         -0.99735947, -0.98780455],
        [ 0.2966964 ,  0.02641751,  0.        , ..., -0.99984764,
         -0.99509287, -0.98334663],
        ...,
        [ 0.94964733,  0.99903755,  0.99984764, ...,  0.        ,
          0.11630022,  0.19887718],
        [ 0.97964241,  0.99735947,  0.99509287, ..., -0.11630022,
          0.        ,  0.08355057],
        [ 0.99298994,  0.98780455,  0.98334663, ..., -0.19887718,
         -0.08355057,  0.        ]],

       ...,

       [[ 0.        , -0.29573856, -0.17265613, ...,  0.99171895,
          0.82383781,  0.80922465],
        [ 0.29573856,  0.        ,  0.12636417, ...,  0.98533914,
          0.95461884,  0.94677336],
        [ 0.17265613, -0.12636417,  0.        , ...,  0.99899921,
          0.90933146,  0.89850721],
        ...,
        [-0.99171895, -0.98533914, -0.99899921, ...,  0.        ,
         -0.45632856, -0.47870781],
        [-0.82383781, -0.95461884, -0.90933146, ...,  0.45632856,
          0.        , -0.02531491],
        [-0.80922465, -0.94677336, -0.89850721, ...,  0.47870781,
          0.02531491,  0.        ]],

       [[ 0.        , -0.17279758, -0.43548154, ..., -0.83674595,
         -0.89211481, -0.93193442],
        [ 0.17279758,  0.        , -0.27337877, ..., -0.91878153,
         -0.95676651, -0.98057671],
        [ 0.43548154,  0.27337877,  0.        , ..., -0.99170264,
         -0.99983404, -0.99684249],
        ...,
        [ 0.83674595,  0.91878153,  0.99170264, ...,  0.        ,
          0.11046514,  0.20689262],
        [ 0.89211481,  0.95676651,  0.99983404, ..., -0.11046514,
          0.        ,  0.09755136],
        [ 0.93193442,  0.98057671,  0.99684249, ..., -0.20689262,
         -0.09755136,  0.        ]],

       [[ 0.        , -0.03519701,  0.02781385, ..., -0.94274601,
         -0.93427552, -0.92970851],
        [ 0.03519701,  0.        ,  0.06298   , ..., -0.95390049,
         -0.94624619, -0.94209538],
        [-0.02781385, -0.06298   ,  0.        , ..., -0.93310505,
         -0.92399698, -0.91910509],
        ...,
        [ 0.94274601,  0.95390049,  0.93310505, ...,  0.        ,
         -0.02454621, -0.03714126],
        [ 0.93427552,  0.94624619,  0.92399698, ...,  0.02454621,
          0.        , -0.01260079],
        [ 0.92970851,  0.94209538,  0.91910509, ...,  0.03714126,
          0.01260079,  0.        ]]]), 'num': array([5.66825160e+07, 2.21795160e+07, 1.86000000e+02, 1.85500000e+05,
       1.89500000e+05, 1.84000000e+05, 7.43312000e+05, 4.50000000e+03,
       1.80000000e+05, 1.66550000e+05, 1.74791667e+05, 7.15517241e+01,
       1.85581290e+05, 1.47518710e+05])}
{'img': array([[[ 0.00000000e+00,  4.22397407e-02,  0.00000000e+00, ...,
         -7.43186723e-01, -7.23323287e-01, -6.26453203e-01],
        [-4.22397407e-02,  0.00000000e+00, -4.22397407e-02, ...,
         -7.70785369e-01, -7.51844667e-01, -6.58818243e-01],
        [ 0.00000000e+00,  4.22397407e-02,  0.00000000e+00, ...,
         -7.43186723e-01, -7.23323287e-01, -6.26453203e-01],
        ...,
        [ 7.43186723e-01,  7.70785369e-01,  7.43186723e-01, ...,
          0.00000000e+00,  2.92134313e-02,  1.60133745e-01],
        [ 7.23323287e-01,  7.51844667e-01,  7.23323287e-01, ...,
         -2.92134313e-02,  0.00000000e+00,  1.31228958e-01],
        [ 6.26453203e-01,  6.58818243e-01,  6.26453203e-01, ...,
         -1.60133745e-01, -1.31228958e-01,  0.00000000e+00]],

       [[ 0.00000000e+00,  3.78125510e-01,  4.08817336e-01, ...,
          4.47771041e-01,  5.26165219e-02,  6.09430722e-01],
        [-3.78125510e-01,  0.00000000e+00,  3.33809455e-02, ...,
          7.64257219e-02, -3.28891753e-01,  2.64390362e-01],
        [-4.08817336e-01, -3.33809455e-02,  0.00000000e+00, ...,
          4.30998144e-02, -3.60232347e-01,  2.32049908e-01],
        ...,
        [-4.47771041e-01, -7.64257219e-02, -4.30998144e-02, ...,
          0.00000000e+00, -4.00103814e-01,  1.89910924e-01],
        [-5.26165219e-02,  3.28891753e-01,  3.60232347e-01, ...,
          4.00103814e-01,  0.00000000e+00,  5.66870086e-01],
        [-6.09430722e-01, -2.64390362e-01, -2.32049908e-01, ...,
         -1.89910924e-01, -5.66870086e-01,  0.00000000e+00]],

       [[ 0.00000000e+00, -1.23441777e-01,  0.00000000e+00, ...,
         -9.82650219e-01, -9.94852010e-01, -9.99983548e-01],
        [ 1.23441777e-01,  0.00000000e+00,  1.23441777e-01, ...,
         -9.98029285e-01, -9.99752596e-01, -9.93043570e-01],
        [ 0.00000000e+00, -1.23441777e-01,  0.00000000e+00, ...,
         -9.82650219e-01, -9.94852010e-01, -9.99983548e-01],
        ...,
        [ 9.82650219e-01,  9.98029285e-01,  9.82650219e-01, ...,
          0.00000000e+00,  8.49334290e-02,  1.79828783e-01],
        [ 9.94852010e-01,  9.99752596e-01,  9.94852010e-01, ...,
         -8.49334290e-02,  0.00000000e+00,  9.56301568e-02],
        [ 9.99983548e-01,  9.93043570e-01,  9.99983548e-01, ...,
         -1.79828783e-01, -9.56301568e-02,  0.00000000e+00]],

       ...,

       [[ 0.00000000e+00,  1.21340992e-01,  3.34627090e-01, ...,
          9.10698799e-01,  9.02766071e-01,  9.78160889e-01],
        [-1.21340992e-01,  0.00000000e+00,  2.17808731e-01, ...,
          8.53847087e-01,  8.43902800e-01,  9.96153767e-01],
        [-3.34627090e-01, -2.17808731e-01,  0.00000000e+00, ...,
          7.19972822e-01,  7.06788403e-01,  9.91322491e-01],
        ...,
        [-9.10698799e-01, -8.53847087e-01, -7.19972822e-01, ...,
          0.00000000e+00, -1.88140367e-02,  5.93337935e-01],
        [-9.02766071e-01, -8.43902800e-01, -7.06788403e-01, ...,
          1.88140367e-02,  0.00000000e+00,  6.08377339e-01],
        [-9.78160889e-01, -9.96153767e-01, -9.91322491e-01, ...,
         -5.93337935e-01, -6.08377339e-01,  0.00000000e+00]],

       [[ 0.00000000e+00, -4.04364387e-01, -6.42432421e-01, ...,
         -8.94206652e-01, -9.33799534e-01, -9.66909100e-01],
        [ 4.04364387e-01,  0.00000000e+00, -2.77685835e-01, ...,
         -9.98855084e-01, -9.98731372e-01, -9.87494998e-01],
        [ 6.42432421e-01,  2.77685835e-01,  0.00000000e+00, ...,
         -9.72856121e-01, -9.45470278e-01, -9.04881471e-01],
        ...,
        [ 8.94206652e-01,  9.98855084e-01,  9.72856121e-01, ...,
          0.00000000e+00,  9.80753443e-02,  2.04710101e-01],
        [ 9.33799534e-01,  9.98731372e-01,  9.45470278e-01, ...,
         -9.80753443e-02,  0.00000000e+00,  1.07724824e-01],
        [ 9.66909100e-01,  9.87494998e-01,  9.04881471e-01, ...,
         -2.04710101e-01, -1.07724824e-01,  0.00000000e+00]],

       [[ 0.00000000e+00,  6.29800033e-02,  4.26449223e-01, ...,
         -9.46246193e-01, -9.42095376e-01, -9.46259923e-01],
        [-6.29800033e-02,  0.00000000e+00,  3.68636494e-01, ...,
         -9.23996984e-01, -9.19105086e-01, -9.24013217e-01],
        [-4.26449223e-01, -3.68636494e-01,  0.00000000e+00, ...,
         -7.17956726e-01, -7.09128469e-01, -7.17986276e-01],
        ...,
        [ 9.46246193e-01,  9.23996984e-01,  7.17956726e-01, ...,
          0.00000000e+00, -1.26007905e-02,  4.24523439e-05],
        [ 9.42095376e-01,  9.19105086e-01,  7.09128469e-01, ...,
          1.26007905e-02,  0.00000000e+00,  1.26432394e-02],
        [ 9.46259923e-01,  9.24013217e-01,  7.17986276e-01, ...,
         -4.24523439e-05, -1.26432394e-02,  0.00000000e+00]]]), 'num': array([5.68476430e+07, 2.51426430e+07, 1.70000000e+02, 1.86500000e+05,
       1.89500000e+05, 1.85500000e+05, 4.76640000e+05, 1.00000000e+03,
       1.82700000e+05, 1.67975000e+05, 1.74466667e+05, 8.58585859e+01,
       1.88445650e+05, 1.47504350e+05])}
{'img': array([[[ 0.00000000e+00, -4.22397407e-02, -8.26903166e-02, ...,
         -7.51844667e-01, -6.58818243e-01, -6.36399287e-01],
        [ 4.22397407e-02,  0.00000000e+00, -4.05214339e-02, ...,
         -7.23323287e-01, -6.26453203e-01, -6.03249265e-01],
        [ 8.26903166e-02,  4.05214339e-02,  0.00000000e+00, ...,
         -6.94748762e-01, -5.94353880e-01, -5.70435819e-01],
        ...,
        [ 7.51844667e-01,  7.23323287e-01,  6.94748762e-01, ...,
          0.00000000e+00,  1.31228958e-01,  1.60339075e-01],
        [ 6.58818243e-01,  6.26453203e-01,  5.94353880e-01, ...,
         -1.31228958e-01,  0.00000000e+00,  2.94213595e-02],
        [ 6.36399287e-01,  6.03249265e-01,  5.70435819e-01, ...,
         -1.60339075e-01, -2.94213595e-02,  0.00000000e+00]],

       [[ 0.00000000e+00,  3.33809455e-02, -3.03041627e-01, ...,
         -3.28891753e-01,  2.64390362e-01, -7.02538557e-02],
        [-3.33809455e-02,  0.00000000e+00, -3.34684026e-01, ...,
         -3.60232347e-01,  2.32049908e-01, -1.03513169e-01],
        [ 3.03041627e-01,  3.34684026e-01,  0.00000000e+00, ...,
         -2.72436795e-02,  5.44216137e-01,  2.35342524e-01],
        ...,
        [ 3.28891753e-01,  3.60232347e-01,  2.72436795e-02, ...,
          0.00000000e+00,  5.66870086e-01,  2.61733643e-01],
        [-2.64390362e-01, -2.32049908e-01, -5.44216137e-01, ...,
         -5.66870086e-01,  0.00000000e+00, -3.31491017e-01],
        [ 7.02538557e-02,  1.03513169e-01, -2.35342524e-01, ...,
         -2.61733643e-01,  3.31491017e-01,  0.00000000e+00]],

       [[ 0.00000000e+00,  1.23441777e-01,  0.00000000e+00, ...,
         -9.99752596e-01, -9.93043570e-01, -9.75585043e-01],
        [-1.23441777e-01,  0.00000000e+00, -1.23441777e-01, ...,
         -9.94852010e-01, -9.99983548e-01, -9.95234120e-01],
        [ 0.00000000e+00,  1.23441777e-01,  0.00000000e+00, ...,
         -9.99752596e-01, -9.93043570e-01, -9.75585043e-01],
        ...,
        [ 9.99752596e-01,  9.94852010e-01,  9.99752596e-01, ...,
          0.00000000e+00,  9.56301568e-02,  1.97867803e-01],
        [ 9.93043570e-01,  9.99983548e-01,  9.93043570e-01, ...,
         -9.56301568e-02,  0.00000000e+00,  1.03221536e-01],
        [ 9.75585043e-01,  9.95234120e-01,  9.75585043e-01, ...,
         -1.97867803e-01, -1.03221536e-01,  0.00000000e+00]],

       ...,

       [[ 0.00000000e+00,  1.75307846e-01, -1.15837228e-01, ...,
          6.52488303e-01,  7.82342514e-01,  9.59641769e-01],
        [-1.75307846e-01,  0.00000000e+00, -2.88171045e-01, ...,
          5.09535576e-01,  6.61036676e-01,  9.94081440e-01],
        [ 1.15837228e-01,  2.88171045e-01,  0.00000000e+00, ...,
          7.35877200e-01,  8.49224986e-01,  9.20605302e-01],
        ...,
        [-6.52488303e-01, -5.09535576e-01, -7.35877200e-01, ...,
          0.00000000e+00,  1.86456887e-01,  9.10711602e-01],
        [-7.82342514e-01, -6.61036676e-01, -8.49224986e-01, ...,
         -1.86456887e-01,  0.00000000e+00,  8.17725904e-01],
        [-9.59641769e-01, -9.94081440e-01, -9.20605302e-01, ...,
         -9.10711602e-01, -8.17725904e-01,  0.00000000e+00]],

       [[ 0.00000000e+00, -2.99513065e-01, -3.14286192e-01, ...,
         -9.99981902e-01, -9.93418152e-01, -9.76088678e-01],
        [ 2.99513065e-01,  0.00000000e+00, -1.55217807e-02, ...,
         -9.52272955e-01, -9.13505022e-01, -8.66172629e-01],
        [ 3.14286192e-01,  1.55217807e-02,  0.00000000e+00, ...,
         -9.47420246e-01, -9.07080285e-01, -8.58311350e-01],
        ...,
        [ 9.99981902e-01,  9.52272955e-01,  9.47420246e-01, ...,
          0.00000000e+00,  1.08565383e-01,  2.11496276e-01],
        [ 9.93418152e-01,  9.13505022e-01,  9.07080285e-01, ...,
         -1.08565383e-01,  0.00000000e+00,  1.04136684e-01],
        [ 9.76088678e-01,  8.66172629e-01,  8.58311350e-01, ...,
         -2.11496276e-01, -1.04136684e-01,  0.00000000e+00]],

       [[ 0.00000000e+00,  3.68636494e-01,  2.23287183e-01, ...,
         -9.19105086e-01, -9.24013217e-01, -9.23778394e-01],
        [-3.68636494e-01,  0.00000000e+00, -1.51767542e-01, ...,
         -7.09128469e-01, -7.17986276e-01, -7.17558981e-01],
        [-2.23287183e-01,  1.51767542e-01,  0.00000000e+00, ...,
         -8.07922229e-01, -8.15308176e-01, -8.14952683e-01],
        ...,
        [ 9.19105086e-01,  7.09128469e-01,  8.07922229e-01, ...,
