state_0,state_1,state_2,state_3,state_4,state_5,state_6,state_7,state_8,state_9,state_10,state_11,state_12,state_13,state_14,state_15,state_16,state_17,state_18,state_19,state_20,state_21,state_22,state_23,state_24,state_25,state_26,state_27,state_28,state_29,state_30,state_31,state_32,state_33,state_34,state_35,state_36,state_37,state_38,state_39,state_40,state_41,state_42,state_43,state_44,state_45,state_46,state_47,state_48,state_49,state_50,state_51,state_52,state_53,state_54,state_55,state_56,state_57,state_58,state_59,state_60,state_61,state_62,state_63,state_64,state_65,state_66,state_67,state_68,state_69,state_70,state_71,state_72,state_73,state_74,state_75,state_76,state_77
{'img': array([[[ 0.        , -0.15522725, -0.7286855 , ..., -0.99909969,
         -0.99998163, -0.99998163],
        [ 0.15522725,  0.        , -0.6135458 , ..., -0.99357479,
         -0.98691987, -0.98880142],
        [ 0.7286855 ,  0.6135458 ,  0.        , ..., -0.71514584,
         -0.68041963, -0.68925218],
        ...,
        [ 0.99909969,  0.99357479,  0.71514584, ...,  0.        ,
          0.04847861,  0.03636831],
        [ 0.99998163,  0.98691987,  0.68041963, ..., -0.04847861,
          0.        , -0.01212099],
        [ 0.99998163,  0.98880142,  0.68925218, ..., -0.03636831,
          0.01212099,  0.        ]],

       [[ 0.        , -0.0015177 ,  0.64251078, ...,  0.61038134,
         -0.20322601, -0.19969077],
        [ 0.0015177 ,  0.        ,  0.64367301, ...,  0.61158281,
         -0.20173975, -0.19820341],
        [-0.64251078, -0.64367301,  0.        , ..., -0.04121678,
         -0.78483012, -0.78258832],
        ...,
        [-0.61038134, -0.61158281,  0.04121678, ...,  0.        ,
         -0.7586207 , -0.75626422],
        [ 0.20322601,  0.20173975,  0.78483012, ...,  0.7586207 ,
          0.        ,  0.00360924],
        [ 0.19969077,  0.19820341,  0.78258832, ...,  0.75626422,
         -0.00360924,  0.        ]],

       [[ 0.        , -0.42757207, -0.61709935, ..., -0.97599374,
         -0.98905594, -0.99392381],
        [ 0.42757207,  0.        , -0.2213961 , ..., -0.97540465,
         -0.95717245, -0.94555147],
        [ 0.61709935,  0.2213961 ,  0.        , ..., -0.90239844,
         -0.86932097, -0.85002827],
        ...,
        [ 0.97599374,  0.97540465,  0.90239844, ...,  0.        ,
          0.07141592,  0.10904733],
        [ 0.98905594,  0.95717245,  0.86932097, ..., -0.07141592,
          0.        ,  0.03777885],
        [ 0.99392381,  0.94555147,  0.85002827, ..., -0.10904733,
         -0.03777885,  0.        ]],

       ...,

       [[ 0.        , -0.59526881, -0.84239482, ..., -0.82883043,
         -0.70089987, -0.26108353],
        [ 0.59526881,  0.        , -0.35611963, ..., -0.33293448,
         -0.13861046,  0.36483507],
        [ 0.84239482,  0.35611963,  0.        , ...,  0.02469557,
          0.22315879,  0.67248969],
        ...,
        [ 0.82883043,  0.33293448, -0.02469557, ...,  0.        ,
          0.19901793,  0.65400724],
        [ 0.70089987,  0.13861046, -0.22315879, ..., -0.19901793,
          0.        ,  0.49036965],
        [ 0.26108353, -0.36483507, -0.67248969, ..., -0.65400724,
         -0.49036965,  0.        ]],

       [[ 0.        , -0.19852865, -0.37118217, ..., -0.5978002 ,
         -0.41563427, -0.        ],
        [ 0.19852865,  0.        , -0.17944805, ..., -0.74505056,
         -0.58792922, -0.19852865],
        [ 0.37118217,  0.17944805,  0.        , ..., -0.85264978,
         -0.72354338, -0.37118217],
        ...,
        [ 0.5978002 ,  0.74505056,  0.85264978, ...,  0.        ,
         -0.21052713, -0.5978002 ],
        [ 0.41563427,  0.58792922,  0.72354338, ...,  0.21052713,
          0.        , -0.41563427],
        [ 0.        ,  0.19852865,  0.37118217, ...,  0.5978002 ,
          0.41563427,  0.        ]],

       [[ 0.        ,  0.16717717,  0.34553841, ..., -0.9896092 ,
         -0.99963694, -0.99844959],
        [-0.16717717,  0.        ,  0.18379578, ..., -0.95164502,
         -0.98106444, -0.99370392],
        [-0.34553841, -0.18379578,  0.        , ..., -0.87897118,
         -0.9287536 , -0.95618352],
        ...,
        [ 0.9896092 ,  0.95164502,  0.87897118, ...,  0.        ,
          0.11706672,  0.19864531],
        [ 0.99963694,  0.98106444,  0.9287536 , ..., -0.11706672,
          0.        ,  0.08254568],
        [ 0.99844959,  0.99370392,  0.95618352, ..., -0.19864531,
         -0.08254568,  0.        ]]]), 'num': array([3.79377123e+08, 3.38710700e+06, 4.53000000e+03, 8.30000000e+04,
       8.30000000e+04, 8.18000000e+04, 2.30381200e+06, 3.00000000e+02,
       8.28800000e+04, 7.93500000e+04, 8.39733333e+04, 8.01526718e+01,
       8.57520309e+04, 7.29479691e+04])}
{'img': array([[[ 0.        , -0.71889184, -0.60963413, ..., -0.99992564,
         -1.        , -0.99933053],
        [ 0.71889184,  0.        ,  0.14608322, ..., -0.68630329,
         -0.69512195, -0.66835567],
        [ 0.60963413, -0.14608322,  0.        , ..., -0.78518942,
         -0.79268293, -0.76984856],
        ...,
        [ 0.99992564,  0.68630329,  0.78518942, ...,  0.        ,
         -0.01219512,  0.02439569],
        [ 1.        ,  0.69512195,  0.79268293, ...,  0.01219512,
          0.        ,  0.03658537],
        [ 0.99933053,  0.66835567,  0.76984856, ..., -0.02439569,
         -0.03658537,  0.        ]],

       [[ 0.        ,  0.64367301, -0.10028444, ..., -0.20173975,
         -0.19820341, -0.21568694],
        [-0.64367301,  0.        , -0.71717588, ..., -0.78483012,
         -0.78258832, -0.79358796],
        [ 0.10028444,  0.71717588,  0.        , ..., -0.10250024,
         -0.09890934, -0.11667562],
        ...,
        [ 0.20173975,  0.78483012,  0.10250024, ...,  0.        ,
          0.00360924, -0.01426092],
        [ 0.19820341,  0.78258832,  0.09890934, ..., -0.00360924,
          0.        , -0.0178697 ],
        [ 0.21568694,  0.79358796,  0.11667562, ...,  0.01426092,
          0.0178697 ,  0.        ]],

       [[ 0.        , -0.48049262, -0.56821776, ..., -0.99451952,
         -0.99787283, -0.99936361],
        [ 0.48049262,  0.        , -0.10293936, ..., -0.9224284 ,
         -0.90645687, -0.89358   ],
        [ 0.56821776,  0.10293936,  0.        , ..., -0.87777622,
         -0.85817031, -0.84262309],
        ...,
        [ 0.99451952,  0.9224284 ,  0.87777622, ...,  0.        ,
          0.03949527,  0.06900964],
        [ 0.99787283,  0.90645687,  0.85817031, ..., -0.03949527,
          0.        ,  0.02955469],
        [ 0.99936361,  0.89358   ,  0.84262309, ..., -0.06900964,
         -0.02955469,  0.        ]],

       ...,

       [[ 0.        , -0.21501428, -0.24347353, ..., -0.07559516,
          0.14225861,  0.91455707],
        [ 0.21501428,  0.        , -0.02923494, ...,  0.14057198,
          0.35175879,  0.98013041],
        [ 0.24347353,  0.02923494,  0.        , ...,  0.16945654,
          0.37897499,  0.98551035],
        ...,
        [ 0.07559516, -0.14057198, -0.16945654, ...,  0.        ,
          0.21667787,  0.94251513],
        [-0.14225861, -0.35175879, -0.37897499, ..., -0.21667787,
          0.        ,  0.84771812],
        [-0.91455707, -0.98013041, -0.98551035, ..., -0.94251513,
         -0.84771812,  0.        ]],

       [[ 0.        , -0.31800568, -0.36610739, ..., -0.4287568 ,
         -0.10427526, -0.        ],
        [ 0.31800568,  0.        , -0.05117494, ..., -0.6937922 ,
         -0.41513427, -0.31800568],
        [ 0.36610739,  0.05117494,  0.        , ..., -0.72973805,
         -0.46114725, -0.36610739],
        ...,
        [ 0.4287568 ,  0.6937922 ,  0.72973805, ...,  0.        ,
         -0.33221507, -0.4287568 ],
        [ 0.10427526,  0.41513427,  0.46114725, ...,  0.33221507,
          0.        , -0.10427526],
        [ 0.        ,  0.31800568,  0.36610739, ...,  0.4287568 ,
          0.10427526,  0.        ]],

       [[ 0.        ,  0.18379578,  0.30103805, ..., -0.98106444,
         -0.99370392, -0.99412798],
        [-0.18379578,  0.        ,  0.12063982, ..., -0.9287536 ,
         -0.95618352, -0.9573038 ],
        [-0.30103805, -0.12063982,  0.        , ..., -0.87724941,
         -0.91388041, -0.91543696],
        ...,
        [ 0.98106444,  0.9287536 ,  0.87724941, ...,  0.        ,
          0.08254568,  0.08638264],
        [ 0.99370392,  0.95618352,  0.91388041, ..., -0.08254568,
          0.        ,  0.00385071],
        [ 0.99412798,  0.9573038 ,  0.91543696, ..., -0.08638264,
         -0.00385071,  0.        ]]]), 'num': array([ 2.16347040e+07,  1.27687040e+07,  1.10000000e+02,  8.06000000e+04,
        8.28000000e+04,  8.05000000e+04,  2.61861900e+06, -2.40000000e+03,
        8.23000000e+04,  7.92150000e+04,  8.38016667e+04,  6.71052632e+01,
        8.53879329e+04,  7.30420671e+04])}
{'img': array([[[ 0.        ,  0.1733454 ,  0.        , ..., -0.73424276,
         -0.70789383, -0.88773501],
        [-0.1733454 ,  0.        , -0.1733454 , ..., -0.84080906,
         -0.81961421, -0.95409606],
        [ 0.        ,  0.1733454 ,  0.        , ..., -0.73424276,
         -0.70789383, -0.88773501],
        ...,
        [ 0.73424276,  0.84080906,  0.73424276, ...,  0.        ,
          0.03802958, -0.26465958],
        [ 0.70789383,  0.81961421,  0.70789383, ..., -0.03802958,
          0.        , -0.30114165],
        [ 0.88773501,  0.95409606,  0.88773501, ...,  0.26465958,
          0.30114165,  0.        ]],

       [[ 0.        , -0.71717588, -0.92767712, ..., -0.78258832,
         -0.79358796, -0.68956635],
        [ 0.71717588,  0.        , -0.3787094 , ..., -0.09890934,
         -0.11667562,  0.0388415 ],
        [ 0.92767712,  0.3787094 ,  0.        , ...,  0.28531024,
          0.26813773,  0.41437203],
        ...,
        [ 0.78258832,  0.09890934, -0.28531024, ...,  0.        ,
         -0.0178697 ,  0.13748574],
        [ 0.79358796,  0.11667562, -0.26813773, ...,  0.0178697 ,
          0.        ,  0.15516379],
        [ 0.68956635, -0.0388415 , -0.41437203, ..., -0.13748574,
         -0.15516379,  0.        ]],

       [[ 0.        , -0.33467703, -0.42405668, ..., -0.99999227,
         -0.99962117, -0.99882353],
        [ 0.33467703,  0.        , -0.09650712, ..., -0.94364151,
         -0.93276462, -0.9574537 ],
        [ 0.42405668,  0.09650712,  0.        , ..., -0.90729597,
         -0.89362128, -0.92513389],
        ...,
        [ 0.99999227,  0.94364151,  0.90729597, ...,  0.        ,
          0.03145308, -0.04456519],
        [ 0.99962117,  0.93276462,  0.89362128, ..., -0.03145308,
          0.        , -0.07596498],
        [ 0.99882353,  0.9574537 ,  0.92513389, ...,  0.04456519,
          0.07596498,  0.        ]],

       ...,

       [[ 0.        , -0.02923494, -0.18706324, ...,  0.35175879,
          0.98013041,  0.42548351],
        [ 0.02923494,  0.        , -0.1582644 , ...,  0.37897499,
          0.98551035,  0.45175827],
        [ 0.18706324,  0.1582644 ,  0.        , ...,  0.52065765,
          0.9999338 ,  0.58725872],
        ...,
        [-0.35175879, -0.37897499, -0.52065765, ...,  0.        ,
          0.84771812,  0.07996134],
        [-0.98013041, -0.98551035, -0.9999338 , ..., -0.84771812,
          0.        , -0.80258845],
        [-0.42548351, -0.45175827, -0.58725872, ..., -0.07996134,
          0.80258845,  0.        ]],

       [[ 0.        , -0.10184661, -0.16863661, ..., -0.46300363,
         -0.44908283, -0.12002917],
        [ 0.10184661,  0.        , -0.06737173, ..., -0.55086846,
         -0.53774659, -0.22051533],
        [ 0.16863661,  0.06737173,  0.        , ..., -0.60584476,
         -0.59332634, -0.28572758],
        ...,
        [ 0.46300363,  0.55086846,  0.60584476, ...,  0.        ,
         -0.01564174, -0.35326766],
        [ 0.44908283,  0.53774659,  0.59332634, ...,  0.01564174,
          0.        , -0.33859124],
        [ 0.12002917,  0.22051533,  0.28572758, ...,  0.35326766,
          0.33859124,  0.        ]],

       [[ 0.        ,  0.12063982,  0.2272951 , ..., -0.95618352,
         -0.9573038 , -0.96463413],
        [-0.12063982,  0.        ,  0.10815283, ..., -0.91388041,
         -0.91543696, -0.92578902],
        [-0.2272951 , -0.10815283,  0.        , ..., -0.86461158,
         -0.86653993, -0.87947244],
        ...,
        [ 0.95618352,  0.91388041,  0.86461158, ...,  0.        ,
          0.00385071,  0.03037117],
        [ 0.9573038 ,  0.91543696,  0.86653993, ..., -0.00385071,
          0.        ,  0.02652201],
        [ 0.96463413,  0.92578902,  0.87947244, ..., -0.03037117,
         -0.02652201,  0.        ]]]), 'num': array([2.17424920e+07, 7.04529200e+06, 1.81000000e+02, 8.12000000e+04,
       8.16000000e+04, 8.02000000e+04, 1.90373400e+06, 6.00000000e+02,
       8.20600000e+04, 7.93050000e+04, 8.36816667e+04, 6.73202614e+01,
       8.55382897e+04, 7.30717103e+04])}
{'img': array([[[ 0.        , -0.1733454 , -0.49727413, ..., -0.81961421,
         -0.95409606, -0.92808955],
        [ 0.1733454 ,  0.        , -0.3393526 , ..., -0.70789383,
         -0.88773501, -0.84949291],
        [ 0.49727413,  0.3393526 ,  0.        , ..., -0.42619573,
         -0.67883354, -0.62004091],
        ...,
        [ 0.81961421,  0.70789383,  0.42619573, ...,  0.        ,
         -0.30114165, -0.22652806],
        [ 0.95409606,  0.88773501,  0.67883354, ...,  0.30114165,
          0.        ,  0.07730087],
        [ 0.92808955,  0.84949291,  0.62004091, ...,  0.22652806,
         -0.07730087,  0.        ]],

       [[ 0.        , -0.3787094 ,  0.73412344, ..., -0.11667562,
          0.0388415 , -0.35869495],
        [ 0.3787094 ,  0.        ,  0.93659248, ...,  0.26813773,
          0.41437203,  0.02153034],
        [-0.73412344, -0.93659248,  0.        , ..., -0.80833405,
         -0.70719546, -0.9288307 ],
        ...,
        [ 0.11667562, -0.26813773,  0.80833405, ...,  0.        ,
          0.15516379, -0.24733367],
        [-0.0388415 , -0.41437203,  0.70719546, ..., -0.15516379,
          0.        , -0.39468106],
        [ 0.35869495, -0.02153034,  0.9288307 , ...,  0.24733367,
          0.39468106,  0.        ]],

       [[ 0.        , -0.2722971 , -0.54970687, ..., -0.99831486,
         -0.99979509, -0.998614  ],
        [ 0.2722971 ,  0.        , -0.30146976, ..., -0.94479044,
         -0.96752815, -0.97521102],
        [ 0.54970687,  0.30146976,  0.        , ..., -0.80205061,
         -0.84631412, -0.86313176],
        ...,
        [ 0.99831486,  0.94479044,  0.80205061, ...,  0.        ,
         -0.0782266 , -0.11049215],
        [ 0.99979509,  0.96752815,  0.84631412, ...,  0.0782266 ,
          0.        , -0.03240594],
        [ 0.998614  ,  0.97521102,  0.86313176, ...,  0.11049215,
          0.03240594,  0.        ]],

       ...,

       [[ 0.        , -0.1582644 , -0.92553905, ...,  0.98551035,
          0.45175827,  0.45915581],
        [ 0.1582644 ,  0.        , -0.8539471 , ...,  0.9999338 ,
          0.58725872,  0.59396406],
        [ 0.92553905,  0.8539471 ,  0.        , ...,  0.53015125,
          0.99677001,  0.99606828],
        ...,
        [-0.98551035, -0.9999338 , -0.53015125, ...,  0.        ,
         -0.80258845, -0.79760392],
        [-0.45175827, -0.58725872, -0.99677001, ...,  0.80258845,
          0.        ,  0.00830939],
        [-0.45915581, -0.59396406, -0.99606828, ...,  0.79760392,
         -0.00830939,  0.        ]],

       [[ 0.        , -0.06737173, -0.11098789, ..., -0.53774659,
         -0.22051533, -0.42925226],
        [ 0.06737173,  0.        , -0.04378023, ..., -0.59332634,
         -0.28572758, -0.48912609],
        [ 0.11098789,  0.04378023,  0.        , ..., -0.62799888,
         -0.3274087 , -0.5268428 ],
        ...,
        [ 0.53774659,  0.59332634,  0.62799888, ...,  0.        ,
         -0.33859124, -0.12377908],
        [ 0.22051533,  0.28572758,  0.3274087 , ...,  0.33859124,
          0.        ,  0.21951952],
        [ 0.42925226,  0.48912609,  0.5268428 , ...,  0.12377908,
         -0.21951952,  0.        ]],

       [[ 0.        ,  0.10815283,  0.17376957, ..., -0.91543696,
         -0.92578902, -0.92883951],
        [-0.10815283,  0.        ,  0.06624286, ..., -0.86653993,
         -0.87947244, -0.88332249],
        [-0.17376957, -0.06624286,  0.        , ..., -0.83157427,
         -0.84601243, -0.85032991],
        ...,
        [ 0.91543696,  0.86653993,  0.83157427, ...,  0.        ,
          0.02652201,  0.03466882],
        [ 0.92578902,  0.87947244,  0.84601243, ..., -0.02652201,
          0.        ,  0.00815056],
        [ 0.92883951,  0.88332249,  0.85032991, ..., -0.03466882,
         -0.00815056,  0.        ]]]), 'num': array([ 2.14707740e+07,  3.39077400e+06,  2.26000000e+02,  8.00000000e+04,
        8.10000000e+04,  7.99000000e+04,  2.62761900e+06, -1.20000000e+03,
        8.15000000e+04,  7.92700000e+04,  8.35283333e+04,  6.73202614e+01,
        8.54793800e+04,  7.30606200e+04])}
{'img': array([[[ 0.        , -0.3393526 , -0.2386796 , ..., -0.88773501,
         -0.84949291, -0.92122216],
        [ 0.3393526 ,  0.        ,  0.10502859, ..., -0.67883354,
         -0.62004091, -0.73453545],
        [ 0.2386796 , -0.10502859,  0.        , ..., -0.75220072,
         -0.69901382, -0.80174216],
        ...,
        [ 0.88773501,  0.67883354,  0.75220072, ...,  0.        ,
          0.07730087, -0.07872736],
        [ 0.84949291,  0.62004091,  0.69901382, ..., -0.07730087,
          0.        , -0.15555273],
        [ 0.92122216,  0.73453545,  0.80174216, ...,  0.07872736,
          0.15555273,  0.        ]],

       [[ 0.        ,  0.93659248,  0.54015742, ...,  0.41437203,
          0.02153034,  0.418151  ],
        [-0.93659248,  0.        , -0.59892027, ..., -0.70719546,
         -0.9288307 , -0.70425088],
        [-0.54015742,  0.59892027,  0.        , ..., -0.14288078,
         -0.52191306, -0.13876604],
        ...,
        [-0.41437203,  0.70719546,  0.14288078, ...,  0.        ,
         -0.39468106,  0.00415615],
        [-0.02153034,  0.9288307 ,  0.52191306, ...,  0.39468106,
          0.        ,  0.39849639],
        [-0.418151  ,  0.70425088,  0.13876604, ..., -0.00415615,
         -0.39849639,  0.        ]],

       [[ 0.        , -0.49181183, -0.6459127 , ..., -0.99999905,
         -0.99940856, -0.99377377],
        [ 0.49181183,  0.        , -0.18694247, ..., -0.87137718,
         -0.88709892, -0.92007641],
        [ 0.6459127 ,  0.18694247,  0.        , ..., -0.76429902,
         -0.78517135, -0.83062362],
        ...,
        [ 0.99999905,  0.87137718,  0.76429902, ...,  0.        ,
         -0.03301316, -0.11004972],
        [ 0.99940856,  0.88709892,  0.78517135, ...,  0.03301316,
          0.        , -0.0771771 ],
        [ 0.99377377,  0.92007641,  0.83062362, ...,  0.11004972,
          0.0771771 ,  0.        ]],

       ...,

       [[ 0.        , -0.8539471 , -0.71360197, ...,  0.58725872,
          0.59396406,  0.59396406],
        [ 0.8539471 ,  0.        ,  0.22690403, ...,  0.99677001,
          0.99606828,  0.99606828],
        [ 0.71360197, -0.22690403,  0.        , ...,  0.98899382,
          0.99018911,  0.99018911],
        ...,
        [-0.58725872, -0.99677001, -0.98899382, ...,  0.        ,
          0.00830939,  0.00830939],
        [-0.59396406, -0.99606828, -0.99018911, ..., -0.00830939,
          0.        ,  0.        ],
        [-0.59396406, -0.99606828, -0.99018911, ..., -0.00830939,
          0.        ,  0.        ]],

       [[ 0.        , -0.04378023, -0.14813789, ..., -0.28572758,
         -0.48912609, -0.44594524],
        [ 0.04378023,  0.        , -0.10469866, ..., -0.3274087 ,
         -0.5268428 , -0.48470361],
        [ 0.14813789,  0.10469866,  0.        , ..., -0.42453722,
         -0.61293723, -0.57361734],
        ...,
        [ 0.28572758,  0.3274087 ,  0.42453722, ...,  0.        ,
          0.21951952,  0.17161078],
        [ 0.48912609,  0.5268428 ,  0.61293723, ..., -0.21951952,
          0.        , -0.04883804],
        [ 0.44594524,  0.48470361,  0.57361734, ..., -0.17161078,
          0.04883804,  0.        ]],

       [[ 0.        ,  0.06624286,  0.44500415, ..., -0.87947244,
         -0.88332249, -0.88189409],
        [-0.06624286,  0.        ,  0.38470435, ..., -0.84601243,
         -0.85032991, -0.848727  ],
        [-0.44500415, -0.38470435,  0.        , ..., -0.575793  ,
         -0.58243773, -0.57996517],
        ...,
        [ 0.87947244,  0.84601243,  0.575793  , ...,  0.        ,
          0.00815056,  0.00511217],
        [ 0.88332249,  0.85032991,  0.58243773, ..., -0.00815056,
          0.        , -0.00303845],
        [ 0.88189409,  0.848727  ,  0.57996517, ..., -0.00511217,
          0.00303845,  0.        ]]]), 'num': array([ 2.13310170e+07,  1.32146170e+07,  1.03000000e+02,  7.88000000e+04,
        7.89000000e+04,  7.74000000e+04,  4.51665400e+06, -1.20000000e+03,
        8.07200000e+04,  7.92200000e+04,  8.33683333e+04,  6.31901840e+01,
        8.54276082e+04,  7.30123918e+04])}
{'img': array([[[ 0.        ,  0.10502859, -0.30730851, ..., -0.62004091,
         -0.73453545, -0.83572958],
        [-0.10502859,  0.        , -0.4055551 , ..., -0.69901382,
         -0.80174216, -0.88878285],
        [ 0.30730851,  0.4055551 ,  0.        , ..., -0.34893222,
         -0.4904608 , -0.62653281],
        ...,
        [ 0.62004091,  0.69901382,  0.34893222, ...,  0.        ,
         -0.15555273, -0.3151979 ],
        [ 0.73453545,  0.80174216,  0.4904608 , ...,  0.15555273,
          0.        , -0.1637376 ],
        [ 0.83572958,  0.88878285,  0.62653281, ...,  0.3151979 ,
          0.1637376 ,  0.        ]],

       [[ 0.        , -0.59892027,  0.02819822, ..., -0.9288307 ,
         -0.70425088, -0.04752266],
        [ 0.59892027,  0.        ,  0.62126349, ..., -0.52191306,
         -0.13876604,  0.56018702],
        [-0.02819822, -0.62126349,  0.        , ..., -0.93890892,
         -0.72399019, -0.07567013],
        ...,
        [ 0.9288307 ,  0.52191306,  0.93890892, ...,  0.        ,
          0.39849639,  0.91017391],
        [ 0.70425088,  0.13876604,  0.72399019, ..., -0.39849639,
          0.        ,  0.66971641],
        [ 0.04752266, -0.56018702,  0.07567013, ..., -0.91017391,
         -0.66971641,  0.        ]],

       [[ 0.        , -0.21590186, -0.39240352, ..., -0.91789548,
         -0.94631342, -0.97628774],
        [ 0.21590186,  0.        , -0.18456366, ..., -0.81057232,
         -0.85420429, -0.90652429],
        [ 0.39240352,  0.18456366,  0.        , ..., -0.68855955,
         -0.74356797, -0.81303649],
        ...,
        [ 0.91789548,  0.81057232,  0.68855955, ...,  0.        ,
         -0.07880799, -0.1887095 ],
        [ 0.94631342,  0.85420429,  0.74356797, ...,  0.07880799,
          0.        , -0.11073053],
        [ 0.97628774,  0.90652429,  0.81303649, ...,  0.1887095 ,
          0.11073053,  0.        ]],

       ...,

       [[ 0.        ,  0.22690403, -0.14628142, ...,  0.99606828,
          0.99606828,  0.9979982 ],
        [-0.22690403,  0.        , -0.3669292 , ...,  0.99018911,
          0.99018911,  0.95761758],
        [ 0.14628142,  0.3669292 ,  0.        , ...,  0.9723947 ,
          0.9723947 ,  0.99651393],
        ...,
        [-0.99606828, -0.99018911, -0.9723947 , ...,  0.        ,
          0.        , -0.15140518],
        [-0.99606828, -0.99018911, -0.9723947 , ...,  0.        ,
          0.        , -0.15140518],
        [-0.9979982 , -0.95761758, -0.99651393, ...,  0.15140518,
          0.15140518,  0.        ]],

       [[ 0.        , -0.10469866,  0.04386999, ..., -0.5268428 ,
         -0.48470361, -0.43233364],
        [ 0.10469866,  0.        ,  0.14822674, ..., -0.61293723,
         -0.57361734, -0.52436575],
        [-0.04386999, -0.14822674,  0.        , ..., -0.48904773,
         -0.44586482, -0.39235923],
        ...,
        [ 0.5268428 ,  0.61293723,  0.48904773, ...,  0.        ,
         -0.04883804, -0.1075939 ],
        [ 0.48470361,  0.57361734,  0.44586482, ...,  0.04883804,
          0.        , -0.05891097],
        [ 0.43233364,  0.52436575,  0.39235923, ...,  0.1075939 ,
          0.05891097,  0.        ]],

       [[ 0.        ,  0.38470435, -0.0554673 , ..., -0.85032991,
         -0.848727  , -0.84158234],
        [-0.38470435,  0.        , -0.43531063, ..., -0.58243773,
         -0.57996517, -0.56902412],
        [ 0.0554673 ,  0.43531063,  0.        , ..., -0.8782105 ,
         -0.87675323, -0.87024622],
        ...,
        [ 0.85032991,  0.58243773,  0.8782105 , ...,  0.        ,
         -0.00303845, -0.01640502],
        [ 0.848727  ,  0.57996517,  0.87675323, ...,  0.00303845,
          0.        , -0.0133669 ],
        [ 0.84158234,  0.56902412,  0.87024622, ...,  0.01640502,
          0.0133669 ,  0.        ]]]), 'num': array([ 2.10489410e+07,  1.36866410e+07,  9.70000000e+01,  7.59000000e+04,
        7.62000000e+04,  7.41000000e+04,  8.38827800e+06, -2.90000000e+03,
        7.93000000e+04,  7.91150000e+04,  8.31950000e+04,  5.31578947e+01,
        8.54708713e+04,  7.27591287e+04])}
{'img': array([[[ 0.        , -0.4055551 , -0.39368991, ..., -0.80174216,
         -0.88878285, -0.99985507],
        [ 0.4055551 ,  0.        ,  0.01294344, ..., -0.4904608 ,
         -0.62653281, -0.92084266],
        [ 0.39368991, -0.01294344,  0.        , ..., -0.50169945,
         -0.63656837, -0.92581261],
        ...,
        [ 0.80174216,  0.4904608 ,  0.50169945, ...,  0.        ,
         -0.1637376 , -0.61123302],
        [ 0.88878285,  0.62653281,  0.63656837, ...,  0.1637376 ,
          0.        , -0.47339355],
        [ 0.99985507,  0.92084266,  0.92581261, ...,  0.61123302,
          0.47339355,  0.        ]],

       [[ 0.        ,  0.53493264,  0.28973585, ..., -0.12153014,
          0.48230303,  0.8024638 ],
        [-0.53493264,  0.        , -0.26719129, ..., -0.63364775,
         -0.06110809,  0.99719216],
        [-0.28973585,  0.26719129,  0.        , ..., -0.40390556,
          0.20780554,  0.94092905],
        ...,
        [ 0.12153014,  0.63364775,  0.40390556, ...,  0.        ,
          0.58518901,  0.7239986 ],
        [-0.48230303,  0.06110809, -0.20780554, ..., -0.58518901,
          0.        ,  0.99075246],
        [-0.8024638 , -0.99719216, -0.94092905, ..., -0.7239986 ,
         -0.99075246,  0.        ]],

       [[ 0.        , -0.18456366, -0.35875919, ..., -0.85420429,
         -0.90652429, -0.97459552],
        [ 0.18456366,  0.        , -0.18031862, ..., -0.74356797,
         -0.81303649, -0.91651537],
        [ 0.35875919,  0.18031862,  0.        , ..., -0.61080767,
         -0.6947256 , -0.82936473],
        ...,
        [ 0.85420429,  0.74356797,  0.61080767, ...,  0.        ,
         -0.11073053, -0.31541071],
        [ 0.90652429,  0.81303649,  0.6947256 , ...,  0.11073053,
          0.        , -0.20839276],
        [ 0.97459552,  0.91651537,  0.82936473, ...,  0.31541071,
          0.20839276,  0.        ]],

       ...,

       [[ 0.        , -0.3669292 , -0.28516099, ...,  0.99018911,
          0.95761758,  0.81290201],
        [ 0.3669292 ,  0.        ,  0.08642348, ...,  0.9723947 ,
          0.99651393,  0.96990092],
        [ 0.28516099, -0.08642348,  0.        , ...,  0.98892272,
          0.99999548,  0.94522792],
        ...,
        [-0.99018911, -0.9723947 , -0.98892272, ...,  0.        ,
         -0.15140518, -0.46309676],
        [-0.95761758, -0.99651393, -0.99999548, ...,  0.15140518,
          0.        , -0.3235665 ],
        [-0.81290201, -0.96990092, -0.94522792, ...,  0.46309676,
          0.3235665 ,  0.        ]],

       [[ 0.        ,  0.14822674,  0.39914573, ..., -0.57361734,
         -0.52436575, -0.56684974],
        [-0.14822674,  0.        ,  0.25882928, ..., -0.44586482,
         -0.39235923, -0.43847565],
        [-0.39914573, -0.25882928,  0.        , ..., -0.19899296,
         -0.14091454, -0.19091273],
        ...,
        [ 0.57361734,  0.44586482,  0.19899296, ...,  0.        ,
         -0.05891097, -0.00823823],
        [ 0.52436575,  0.39235923,  0.14091454, ...,  0.05891097,
          0.        ,  0.05068505],
        [ 0.56684974,  0.43847565,  0.19091273, ...,  0.00823823,
         -0.05068505,  0.        ]],

       [[ 0.        , -0.43531063, -0.57469758, ..., -0.57996517,
         -0.56902412, -0.50580331],
        [ 0.43531063,  0.        , -0.16114556, ..., -0.87675323,
         -0.87024622, -0.83088497],
        [ 0.57469758,  0.16114556,  0.        , ..., -0.94279606,
         -0.93825571, -0.90969436],
        ...,
        [ 0.57996517,  0.87675323,  0.94279606, ...,  0.        ,
         -0.0133669 , -0.08825802],
        [ 0.56902412,  0.87024622,  0.93825571, ...,  0.0133669 ,
          0.        , -0.0749354 ],
        [ 0.50580331,  0.83088497,  0.90969436, ...,  0.08825802,
          0.0749354 ,  0.        ]]]), 'num': array([2.11313000e+07, 1.05743000e+07, 1.38000000e+02, 7.65000000e+04,
       7.71000000e+04, 7.55000000e+04, 4.16771100e+06, 6.00000000e+02,
       7.84800000e+04, 7.91850000e+04, 8.30200000e+04, 4.40251572e+01,
       8.53915369e+04, 7.29784631e+04])}
{'img': array([[[ 0.        ,  0.01294344,  0.52154866, ..., -0.62653281,
         -0.92084266, -0.86604316],
        [-0.01294344,  0.        ,  0.51046135, ..., -0.63656837,
         -0.92581261, -0.87244193],
        [-0.52154866, -0.51046135,  0.        , ..., -0.94106373,
         -0.98905253, -0.99968497],
        ...,
        [ 0.62653281,  0.63656837,  0.94106373, ...,  0.        ,
         -0.47339355, -0.36174262],
        [ 0.92084266,  0.92581261,  0.98905253, ...,  0.47339355,
          0.        ,  0.12269303],
        [ 0.86604316,  0.87244193,  0.99968497, ...,  0.36174262,
         -0.12269303,  0.        ]],

       [[ 0.        , -0.26719129, -0.16002159, ..., -0.06110809,
          0.99719216, -0.16463782],
        [ 0.26719129,  0.        ,  0.10954437, ...,  0.20780554,
          0.94092905,  0.10489306],
        [ 0.16002159, -0.10954437,  0.        , ...,  0.09940192,
          0.97235859, -0.00467826],
        ...,
        [ 0.06110809, -0.20780554, -0.09940192, ...,  0.        ,
          0.99075246, -0.10405592],
        [-0.99719216, -0.94092905, -0.97235859, ..., -0.99075246,
          0.        , -0.97125561],
        [ 0.16463782, -0.10489306,  0.00467826, ...,  0.10405592,
          0.97125561,  0.        ]],

       [[ 0.        , -0.18031862, -0.19982219, ..., -0.81303649,
         -0.91651537, -0.96061877],
        [ 0.18031862,  0.        , -0.01986477, ..., -0.6947256 ,
         -0.82936473, -0.89476747],
        [ 0.19982219,  0.01986477,  0.        , ..., -0.68030028,
         -0.81810248, -0.88572064],
        ...,
        [ 0.81303649,  0.6947256 ,  0.68030028, ...,  0.        ,
         -0.20839276, -0.33336627],
        [ 0.91651537,  0.82936473,  0.81810248, ...,  0.20839276,
          0.        , -0.12957514],
        [ 0.96061877,  0.89476747,  0.88572064, ...,  0.33336627,
          0.12957514,  0.        ]],

       ...,

       [[ 0.        ,  0.08642348,  0.62684284, ...,  0.99651393,
          0.96990092,  0.86310175],
        [-0.08642348,  0.        ,  0.55716102, ...,  0.99999548,
          0.94522792,  0.81622599],
        [-0.62684284, -0.55716102,  0.        , ...,  0.82872488,
          0.60305798,  0.35590755],
        ...,
        [-0.99651393, -0.99999548, -0.82872488, ...,  0.        ,
         -0.3235665 , -0.57527507],
        [-0.96990092, -0.94522792, -0.60305798, ...,  0.3235665 ,
          0.        , -0.27966393],
        [-0.86310175, -0.81622599, -0.35590755, ...,  0.57527507,
          0.27966393,  0.        ]],

       [[ 0.        ,  0.25882928,  0.28564148, ..., -0.39235923,
         -0.43847565, -0.31824057],
        [-0.25882928,  0.        ,  0.02786214, ..., -0.14091454,
         -0.19091273, -0.06202316],
        [-0.28564148, -0.02786214,  0.        , ..., -0.11327571,
         -0.16348894, -0.03419059],
        ...,
        [ 0.39235923,  0.14091454,  0.11327571, ...,  0.        ,
          0.05068505, -0.07923896],
        [ 0.43847565,  0.19091273,  0.16348894, ..., -0.05068505,
          0.        , -0.12966279],
        [ 0.31824057,  0.06202316,  0.03419059, ...,  0.07923896,
          0.12966279,  0.        ]],

       [[ 0.        , -0.40619374, -0.41083431, ..., -0.58226803,
         -0.51790002, -0.57424575],
        [ 0.40619374,  0.        , -0.00508414, ..., -0.86230319,
         -0.82072514, -0.85728219],
        [ 0.41083431,  0.00508414,  0.        , ..., -0.86486662,
         -0.82361921, -0.85988866],
        ...,
        [ 0.58226803,  0.86230319,  0.86486662, ...,  0.        ,
         -0.07704493, -0.00983292],
        [ 0.51790002,  0.82072514,  0.82361921, ...,  0.07704493,
          0.        ,  0.06723752],
        [ 0.57424575,  0.85728219,  0.85988866, ...,  0.00983292,
         -0.06723752,  0.        ]]]), 'num': array([2.11508940e+07, 5.60109400e+06, 2.03000000e+02, 7.66000000e+04,
       7.78000000e+04, 7.63000000e+04, 3.19779600e+06, 1.00000000e+02,
       7.75600000e+04, 7.92450000e+04, 8.28966667e+04, 3.90410959e+01,
       8.53259457e+04, 7.31640543e+04])}
{'img': array([[[ 0.        ,  0.51046135,  0.61732228, ..., -0.92581261,
         -0.87244193, -0.86308194],
        [-0.51046135,  0.        ,  0.12925062, ..., -0.98905253,
         -0.99968497, -0.99998037],
        [-0.61732228, -0.12925062,  0.        , ..., -0.96168359,
         -0.98805549, -0.99078272],
        ...,
        [ 0.92581261,  0.98905253,  0.96168359, ...,  0.        ,
          0.12269303,  0.1413644 ],
        [ 0.87244193,  0.99968497,  0.98805549, ..., -0.12269303,
          0.        ,  0.01883544],
        [ 0.86308194,  0.99998037,  0.99078272, ..., -0.1413644 ,
         -0.01883544,  0.        ]],

       [[ 0.        ,  0.10954437, -0.17724314, ...,  0.94092905,
          0.10489306, -0.20298449],
        [-0.10954437,  0.        , -0.28398643, ...,  0.97235859,
         -0.00467826, -0.30902678],
        [ 0.17724314,  0.28398643,  0.        , ...,  0.86601622,
          0.27949767, -0.02621738],
        ...,
        [-0.94092905, -0.97235859, -0.86601622, ...,  0.        ,
         -0.97125561, -0.85260943],
        [-0.10489306,  0.00467826, -0.27949767, ...,  0.97125561,
          0.        , -0.30457412],
        [ 0.20298449,  0.30902678,  0.02621738, ...,  0.85260943,
          0.30457412,  0.        ]],

       [[ 0.        , -0.01986477,  0.05424102, ..., -0.82936473,
         -0.89476747, -0.95429766],
        [ 0.01986477,  0.        ,  0.07406584, ..., -0.81810248,
         -0.88572064, -0.94817261],
        [-0.05424102, -0.07406584,  0.        , ..., -0.85844867,
         -0.91767063, -0.96910316],
        ...,
        [ 0.82936473,  0.81810248,  0.85844867, ...,  0.        ,
         -0.12957514, -0.28531122],
        [ 0.89476747,  0.88572064,  0.91767063, ...,  0.12957514,
          0.        , -0.1587166 ],
        [ 0.95429766,  0.94817261,  0.96910316, ...,  0.28531122,
          0.1587166 ,  0.        ]],

       ...,

       [[ 0.        ,  0.55716102,  0.60219179, ...,  0.94522792,
          0.81622599,  0.71564818],
        [-0.55716102,  0.        ,  0.05525245, ...,  0.60305798,
          0.35590755,  0.20512225],
        [-0.60219179, -0.05525245,  0.        , ...,  0.55806202,
          0.30372929,  0.15073133],
        ...,
        [-0.94522792, -0.60305798, -0.55806202, ...,  0.        ,
         -0.27966393, -0.42660929],
        [-0.81622599, -0.35590755, -0.30372929, ...,  0.27966393,
          0.        , -0.15664858],
        [-0.71564818, -0.20512225, -0.15073133, ...,  0.42660929,
          0.15664858,  0.        ]],

       [[ 0.        ,  0.02779237,  0.0034895 , ..., -0.24209204,
         -0.17257214, -0.02779237],
        [-0.02779237,  0.        , -0.02430406, ..., -0.21503289,
         -0.14513007, -0.        ],
        [-0.0034895 ,  0.02430406,  0.        , ..., -0.23870488,
         -0.16913394, -0.02430406],
        ...,
        [ 0.24209204,  0.21503289,  0.23870488, ...,  0.        ,
         -0.07102123, -0.21503289],
        [ 0.17257214,  0.14513007,  0.16913394, ...,  0.07102123,
          0.        , -0.14513007],
        [ 0.02779237,  0.        ,  0.02430406, ...,  0.21503289,
          0.14513007,  0.        ]],

       [[ 0.        , -0.06585079, -0.15672912, ..., -0.52850689,
         -0.58571797, -0.62825112],
        [ 0.06585079,  0.        , -0.09135196, ..., -0.5832624 ,
         -0.6378197 , -0.6781201 ],
        [ 0.15672912,  0.09135196,  0.        , ..., -0.6550273 ,
         -0.70551074, -0.74242388],
        ...,
        [ 0.52850689,  0.5832624 ,  0.6550273 , ...,  0.        ,
          0.06887025,  0.12215663],
        [ 0.58571797,  0.6378197 ,  0.70551074, ..., -0.06887025,
          0.        ,  0.05351212],
        [ 0.62825112,  0.6781201 ,  0.74242388, ..., -0.12215663,
         -0.05351212,  0.        ]]]), 'num': array([ 2.07995570e+07,  3.22615700e+06,  2.34000000e+02,  7.51000000e+04,
        7.62000000e+04,  7.47000000e+04,  4.33014700e+06, -1.50000000e+03,
        7.65800000e+04,  7.92050000e+04,  8.27466667e+04,  2.97297297e+01,
        8.53831793e+04,  7.30268207e+04])}
{'img': array([[[ 0.        ,  0.12925062,  0.3562642 , ..., -0.99968497,
         -0.99998037, -0.93577144],
        [-0.12925062,  0.        ,  0.23250597, ..., -0.98805549,
         -0.99078272, -0.88234746],
        [-0.3562642 , -0.23250597,  0.        , ..., -0.92514898,
         -0.93213487, -0.74874975],
        ...,
        [ 0.99968497,  0.98805549,  0.92514898, ...,  0.        ,
          0.01883544, -0.32900903],
        [ 0.99998037,  0.99078272,  0.93213487, ..., -0.01883544,
          0.        , -0.34673747],
        [ 0.93577144,  0.88234746,  0.74874975, ...,  0.32900903,
          0.34673747,  0.        ]],

       [[ 0.        , -0.28398643, -0.52197824, ..., -0.00467826,
         -0.30902678,  0.04409344],
        [ 0.28398643,  0.        , -0.25825877, ...,  0.27949767,
         -0.02621738,  0.32598827],
        [ 0.52197824,  0.25825877,  0.        , ...,  0.51798216,
          0.23284203,  0.55908045],
        ...,
        [ 0.00467826, -0.27949767, -0.51798216, ...,  0.        ,
         -0.30457412,  0.04876667],
        [ 0.30902678,  0.02621738, -0.23284203, ...,  0.30457412,
          0.        ,  0.35066144],
        [-0.04409344, -0.32598827, -0.55908045, ..., -0.04876667,
         -0.35066144,  0.        ]],

       [[ 0.        ,  0.07406584,  0.16276545, ..., -0.88572064,
         -0.94817261, -0.99219679],
        [-0.07406584,  0.        ,  0.08924023, ..., -0.91767063,
         -0.96910316, -0.99870623],
        [-0.16276545, -0.08924023,  0.        , ..., -0.94946813,
         -0.98724819, -0.99925951],
        ...,
        [ 0.88572064,  0.91767063,  0.94946813, ...,  0.        ,
         -0.1587166 , -0.35016308],
        [ 0.94817261,  0.96910316,  0.98724819, ...,  0.1587166 ,
          0.        , -0.19705642],
        [ 0.99219679,  0.99870623,  0.99925951, ...,  0.35016308,
          0.19705642,  0.        ]],

       ...,

       [[ 0.        ,  0.05525245,  0.24721787, ...,  0.35590755,
          0.20512225, -0.11189773],
        [-0.05525245,  0.        ,  0.19330281, ...,  0.30372929,
          0.15073133, -0.16663225],
        [-0.24721787, -0.19330281,  0.        , ...,  0.11382982,
         -0.04320588, -0.35408969],
        ...,
        [-0.35590755, -0.30372929, -0.11382982, ...,  0.        ,
         -0.15664858, -0.45824316],
        [-0.20512225, -0.15073133,  0.04320588, ...,  0.15664858,
          0.        , -0.31335241],
        [ 0.11189773,  0.16663225,  0.35408969, ...,  0.45824316,
          0.31335241,  0.        ]],

       [[ 0.        , -0.02430406, -0.43965613, ..., -0.14513007,
         -0.        , -0.13561497],
        [ 0.02430406,  0.        , -0.41769718, ..., -0.16913394,
         -0.02430406, -0.15965443],
        [ 0.43965613,  0.41769718,  0.        , ..., -0.56535223,
