state_0,state_1,state_2,state_3,state_4,state_5,state_6,state_7,state_8,state_9,state_10,state_11,state_12,state_13,state_14,state_15,state_16,state_17,state_18,state_19,state_20,state_21,state_22,state_23,state_24,state_25,state_26,state_27,state_28,state_29,state_30,state_31,state_32,state_33,state_34,state_35,state_36,state_37,state_38,state_39,state_40,state_41,state_42,state_43,state_44,state_45,state_46,state_47,state_48,state_49,state_50,state_51,state_52,state_53,state_54,state_55,state_56,state_57,state_58,state_59,state_60,state_61,state_62,state_63,state_64,state_65,state_66,state_67,state_68,state_69,state_70,state_71,state_72,state_73,state_74,state_75,state_76,state_77
{'img': array([[[ 0.        ,  0.58253184,  0.45277341, ...,  0.71941424,
          0.92116909,  0.98324926],
        [-0.58253184,  0.        , -0.15138252, ...,  0.98936128,
          0.97543308,  0.9053685 ],
        [-0.45277341,  0.15138252,  0.        , ...,  0.9559361 ,
          0.99754042,  0.95921543],
        ...,
        [-0.71941424, -0.98936128, -0.9559361 , ...,  0.        ,
         -0.35985772, -0.55182177],
        [-0.92116909, -0.97543308, -0.99754042, ...,  0.35985772,
          0.        , -0.21474598],
        [-0.98324926, -0.9053685 , -0.95921543, ...,  0.55182177,
          0.21474598,  0.        ]],

       [[ 0.        ,  0.0060939 , -0.30754878, ...,  0.27862056,
          0.40033885,  0.3162233 ],
        [-0.0060939 ,  0.        , -0.31334161, ...,  0.2727628 ,
          0.39474716,  0.31043624],
        [ 0.30754878,  0.31334161,  0.        , ...,  0.5604867 ,
          0.66276296,  0.59266354],
        ...,
        [-0.27862056, -0.2727628 , -0.5604867 , ...,  0.        ,
          0.12916719,  0.03937817],
        [-0.40033885, -0.39474716, -0.66276296, ..., -0.12916719,
          0.        , -0.09001872],
        [-0.3162233 , -0.31043624, -0.59266354, ..., -0.03937817,
          0.09001872,  0.        ]],

       [[ 0.        , -0.24121992, -0.36493183, ...,  0.87537488,
          0.92728803,  0.97375876],
        [ 0.24121992,  0.        , -0.12957156, ...,  0.73290899,
          0.8096053 ,  0.89010666],
        [ 0.36493183,  0.12957156,  0.        , ...,  0.63857962,
          0.72672517,  0.82355059],
        ...,
        [-0.87537488, -0.73290899, -0.63857962, ...,  0.        ,
         -0.1205971 , -0.27153838],
        [-0.92728803, -0.8096053 , -0.72672517, ...,  0.1205971 ,
          0.        , -0.15349059],
        [-0.97375876, -0.89010666, -0.82355059, ...,  0.27153838,
          0.15349059,  0.        ]],

       ...,

       [[ 0.        , -0.29797764, -0.77988795, ...,  0.99733773,
          0.74165162,  0.58561183],
        [ 0.29797764,  0.        , -0.55794995, ...,  0.9737603 ,
          0.90783951,  0.80054733],
        [ 0.77988795,  0.55794995,  0.        , ...,  0.68112288,
          0.9873513 ,  0.9987163 ],
        ...,
        [-0.99733773, -0.9737603 , -0.68112288, ...,  0.        ,
         -0.61491759, -0.7657303 ],
        [-0.74165162, -0.90783951, -0.9873513 , ...,  0.61491759,
          0.        , -0.20835681],
        [-0.58561183, -0.80054733, -0.9987163 , ...,  0.7657303 ,
          0.20835681,  0.        ]],

       [[ 0.        ,  0.00256066,  0.02388898, ...,  0.81459573,
          0.64759676,  0.67647183],
        [-0.00256066,  0.        ,  0.02132897, ...,  0.81607832,
          0.64954582,  0.67835546],
        [-0.02388898, -0.02132897,  0.        , ...,  0.82821956,
          0.66561495,  0.69387226],
        ...,
        [-0.81459573, -0.81607832, -0.82821956, ...,  0.        ,
          0.24508329,  0.20755073],
        [-0.64759676, -0.64954582, -0.66561495, ..., -0.24508329,
          0.        , -0.03852556],
        [-0.67647183, -0.67835546, -0.69387226, ..., -0.20755073,
          0.03852556,  0.        ]],

       [[ 0.        , -0.01890176, -0.21117536, ...,  0.45808671,
          0.6956658 ,  0.8507217 ],
        [ 0.01890176,  0.        , -0.19266215, ...,  0.47480678,
          0.70911989,  0.86050479],
        [ 0.21117536,  0.19266215,  0.        , ...,  0.63547139,
          0.83167839,  0.94253362],
        ...,
        [-0.45808671, -0.47480678, -0.63547139, ...,  0.        ,
          0.28930883,  0.51543503],
        [-0.6956658 , -0.70911989, -0.83167839, ..., -0.28930883,
          0.        ,  0.24547584],
        [-0.8507217 , -0.86050479, -0.94253362, ..., -0.51543503,
         -0.24547584,  0.        ]]]), 'num': array([ 1.41891950e+07,  1.74795000e+05,  1.52000000e+02,  9.22000000e+04,
        9.69000000e+04,  9.21000000e+04,  1.08896000e+05, -7.00000000e+02,
        9.50800000e+04,  9.29350000e+04,  8.93050000e+04,  5.53435115e+01,
        1.02912430e+05,  8.29575705e+04])}
{'img': array([[[ 0.        , -0.39965263,  0.09408329, ...,  0.9987941 ,
          0.96234264,  0.93985284],
        [ 0.39965263,  0.        ,  0.48412292, ...,  0.93518232,
          0.99078874,  0.99804496],
        [-0.09408329, -0.48412292,  0.        , ...,  0.98974473,
          0.93249846,  0.90354703],
        ...,
        [-0.9987941 , -0.93518232, -0.98974473, ...,  0.        ,
         -0.22426507, -0.29502536],
        [-0.96234264, -0.99078874, -0.93249846, ...,  0.22426507,
          0.        , -0.07322763],
        [-0.93985284, -0.99804496, -0.90354703, ...,  0.29502536,
          0.07322763,  0.        ]],

       [[ 0.        , -0.31334161, -0.10643367, ...,  0.39474716,
          0.31043624,  0.43910539],
        [ 0.31334161,  0.        ,  0.21048805, ...,  0.66276296,
          0.59266354,  0.6985095 ],
        [ 0.10643367, -0.21048805,  0.        , ...,  0.49029509,
          0.40984813,  0.53223498],
        ...,
        [-0.39474716, -0.66276296, -0.49029509, ...,  0.        ,
         -0.09001872,  0.04879066],
        [-0.31043624, -0.59266354, -0.40984813, ...,  0.09001872,
          0.        ,  0.13850409],
        [-0.43910539, -0.6985095 , -0.53223498, ..., -0.04879066,
         -0.13850409,  0.        ]],

       [[ 0.        , -0.12957156, -0.24701864, ...,  0.8096053 ,
          0.89010666,  0.94627883],
        [ 0.12957156,  0.        , -0.11938006, ...,  0.72672517,
          0.82355059,  0.89640458],
        [ 0.24701864,  0.11938006,  0.        , ...,  0.63952254,
          0.74994359,  0.83708042],
        ...,
        [-0.8096053 , -0.72672517, -0.63952254, ...,  0.        ,
         -0.15349059, -0.29365438],
        [-0.89010666, -0.82355059, -0.74994359, ...,  0.15349059,
          0.        , -0.14345116],
        [-0.94627883, -0.89640458, -0.83708042, ...,  0.29365438,
          0.14345116,  0.        ]],

       ...,

       [[ 0.        , -0.55794995, -0.16644691, ...,  0.90783951,
          0.80054733,  0.7373119 ],
        [ 0.55794995,  0.        ,  0.41203673, ...,  0.9873513 ,
          0.9987163 ,  0.9888009 ],
        [ 0.16644691, -0.41203673,  0.        , ...,  0.96496968,
          0.88912659,  0.83947033],
        ...,
        [-0.90783951, -0.9873513 , -0.96496968, ...,  0.        ,
         -0.20835681, -0.30412523],
        [-0.80054733, -0.9987163 , -0.88912659, ...,  0.20835681,
          0.        , -0.09896318],
        [-0.7373119 , -0.9888009 , -0.83947033, ...,  0.30412523,
          0.09896318,  0.        ]],

       [[ 0.        ,  0.02132897,  0.02593744, ...,  0.64954582,
          0.67835546,  0.8111547 ],
        [-0.02132897,  0.        ,  0.00460974, ...,  0.66561495,
          0.69387226,  0.82344403],
        [-0.02593744, -0.00460974,  0.        , ...,  0.66904811,
          0.69718435,  0.82605084],
        ...,
        [-0.64954582, -0.66561495, -0.66904811, ...,  0.        ,
         -0.03852556, -0.23686418],
        [-0.67835546, -0.69387226, -0.69718435, ...,  0.03852556,
          0.        , -0.19925911],
        [-0.8111547 , -0.82344403, -0.82605084, ...,  0.23686418,
          0.19925911,  0.        ]],

       [[ 0.        , -0.19266215, -0.32744723, ...,  0.70911989,
          0.86050479,  0.98110475],
        [ 0.19266215,  0.        , -0.13927197, ...,  0.83167839,
          0.94253362,  0.99999965],
        [ 0.32744723,  0.13927197,  0.        , ...,  0.90090482,
          0.97988019,  0.99036954],
        ...,
        [-0.70911989, -0.83167839, -0.90090482, ...,  0.        ,
          0.24547584,  0.55456649],
        [-0.86050479, -0.94253362, -0.97988019, ..., -0.24547584,
          0.        ,  0.33332814],
        [-0.98110475, -0.99999965, -0.99036954, ..., -0.55456649,
         -0.33332814,  0.        ]]]), 'num': array([3.01463630e+07, 2.40983630e+07, 6.40000000e+01, 9.45000000e+04,
       9.48000000e+04, 9.22000000e+04, 8.69640000e+04, 2.30000000e+03,
       9.45400000e+04, 9.33550000e+04, 8.95000000e+04, 5.85106383e+01,
       1.02841301e+05, 8.38686994e+04])}
{'img': array([[[ 0.        ,  0.48412292,  0.9464274 , ...,  0.99078874,
          0.99804496,  0.95328152],
        [-0.48412292,  0.        ,  0.67179262, ...,  0.93249846,
          0.90354703,  0.9803668 ],
        [-0.9464274 , -0.67179262,  0.        , ...,  0.44810424,
          0.38143707,  0.59373044],
        ...,
        [-0.99078874, -0.93249846, -0.44810424, ...,  0.        ,
         -0.07322763,  0.17021056],
        [-0.99804496, -0.90354703, -0.38143707, ...,  0.07322763,
          0.        ,  0.24191265],
        [-0.95328152, -0.9803668 , -0.59373044, ..., -0.17021056,
         -0.24191265,  0.        ]],

       [[ 0.        ,  0.21048805,  0.8024517 , ...,  0.59266354,
          0.6985095 ,  0.60339992],
        [-0.21048805,  0.        ,  0.6588721 , ...,  0.40984813,
          0.53223498,  0.42203027],
        [-0.8024517 , -0.6588721 ,  0.        , ..., -0.29268238,
         -0.15742251, -0.27984704],
        ...,
        [-0.59266354, -0.40984813,  0.29268238, ...,  0.        ,
          0.13850409,  0.01339568],
        [-0.6985095 , -0.53223498,  0.15742251, ..., -0.13850409,
          0.        , -0.12522509],
        [-0.60339992, -0.42203027,  0.27984704, ..., -0.01339568,
          0.12522509,  0.        ]],

       [[ 0.        , -0.11938006,  0.4457887 , ...,  0.82355059,
          0.89640458,  0.92713996],
        [ 0.11938006,  0.        ,  0.54946235, ...,  0.74994359,
          0.83708042,  0.87577611],
        [-0.4457887 , -0.54946235,  0.        , ...,  0.99006205,
          0.99999594,  0.99696222],
        ...,
        [-0.82355059, -0.74994359, -0.99006205, ...,  0.        ,
         -0.14345116, -0.21731655],
        [-0.89640458, -0.83708042, -0.99999594, ...,  0.14345116,
          0.        , -0.07504608],
        [-0.92713996, -0.87577611, -0.99696222, ...,  0.21731655,
          0.07504608,  0.        ]],

       ...,

       [[ 0.        ,  0.41203673,  0.90529009, ...,  0.9987163 ,
          0.9888009 ,  0.99969576],
        [-0.41203673,  0.        ,  0.64983998, ...,  0.88912659,
          0.83947033,  0.90072701],
        [-0.90529009, -0.64983998,  0.        , ...,  0.37839274,
          0.28493046,  0.40233539],
        ...,
        [-0.9987163 , -0.88912659, -0.37839274, ...,  0.        ,
         -0.09896318,  0.02600414],
        [-0.9888009 , -0.83947033, -0.28493046, ...,  0.09896318,
          0.        ,  0.12480621],
        [-0.99969576, -0.90072701, -0.40233539, ..., -0.02600414,
         -0.12480621,  0.        ]],

       [[ 0.        ,  0.00460974,  0.06128826, ...,  0.69387226,
          0.82344403,  0.84811945],
        [-0.00460974,  0.        ,  0.05668653, ...,  0.69718435,
          0.82605084,  0.8505527 ],
        [-0.06128826, -0.05668653,  0.        , ...,  0.73670141,
          0.85667085,  0.87899591],
        ...,
        [-0.69387226, -0.69718435, -0.73670141, ...,  0.        ,
         -0.19925911, -0.24311218],
        [-0.82344403, -0.82605084, -0.85667085, ...,  0.19925911,
          0.        , -0.04495604],
        [-0.84811945, -0.8505527 , -0.87899591, ...,  0.24311218,
          0.04495604,  0.        ]],

       [[ 0.        , -0.13927197,  0.1105565 , ...,  0.94253362,
          0.99999965,  0.89221215],
        [ 0.13927197,  0.        ,  0.24789724, ...,  0.97988019,
          0.99036954,  0.82061928],
        [-0.1105565 , -0.24789724,  0.        , ...,  0.89981756,
          0.99377765,  0.93667189],
        ...,
        [-0.94253362, -0.97988019, -0.89981756, ...,  0.        ,
          0.33332814,  0.72376192],
        [-0.99999965, -0.99036954, -0.99377765, ..., -0.33332814,
          0.        ,  0.45235762],
        [-0.89221215, -0.82061928, -0.93667189, ..., -0.72376192,
         -0.45235762,  0.        ]]]), 'num': array([3.02765550e+07, 2.19245550e+07, 8.70000000e+01, 9.60000000e+04,
       9.65000000e+04, 9.37000000e+04, 7.46850000e+04, 1.50000000e+03,
       9.41200000e+04, 9.38450000e+04, 8.97333333e+04, 6.08108108e+01,
       1.02799881e+05, 8.48901186e+04])}
{'img': array([[[ 0.        ,  0.91158524,  0.808214  , ...,  1.        ,
          0.96679437,  0.90649236],
        [-0.91158524,  0.        , -0.20455666, ...,  0.41111111,
          0.63042058,  0.75756063],
        [-0.808214  ,  0.20455666,  0.        , ...,  0.58888889,
          0.77587804,  0.87506919],
        ...,
        [-1.        , -0.41111111, -0.58888889, ...,  0.        ,
          0.25555556,  0.42222222],
        [-0.96679437, -0.63042058, -0.77587804, ..., -0.25555556,
          0.        ,  0.17654291],
        [-0.90649236, -0.75756063, -0.87506919, ..., -0.42222222,
         -0.17654291,  0.        ]],

       [[ 0.        ,  0.78867854,  0.42338951, ...,  0.67802777,
          0.5755006 ,  0.50325358],
        [-0.78867854,  0.        , -0.45419923, ..., -0.16285195,
         -0.29116129, -0.3721245 ],
        [-0.42338951,  0.45419923,  0.        , ...,  0.30305108,
          0.17512495,  0.09005415],
        ...,
        [-0.67802777,  0.16285195, -0.30305108, ...,  0.        ,
         -0.13147821, -0.21600045],
        [-0.5755006 ,  0.29116129, -0.17512495, ...,  0.13147821,
          0.        , -0.08575092],
        [-0.50325358,  0.3721245 , -0.09005415, ...,  0.21600045,
          0.08575092,  0.        ]],

       [[ 0.        ,  0.54946235,  0.72142646, ...,  0.83708042,
          0.87577611,  0.90155816],
        [-0.54946235,  0.        ,  0.22226736, ...,  0.99999594,
          0.99696222,  0.99099774],
        [-0.72142646, -0.22226736,  0.        , ...,  0.97434859,
          0.95471232,  0.93645184],
        ...,
        [-0.83708042, -0.99999594, -0.97434859, ...,  0.        ,
         -0.07504608, -0.13105483],
        [-0.87577611, -0.99696222, -0.95471232, ...,  0.07504608,
          0.        , -0.05628645],
        [-0.90155816, -0.99099774, -0.93645184, ...,  0.13105483,
          0.05628645,  0.        ]],

       ...,

       [[ 0.        ,  0.64983998,  0.49957443, ...,  0.83947033,
          0.90072701,  0.93678457],
        [-0.64983998,  0.        , -0.18322545, ...,  0.28493046,
          0.40233539,  0.48463948],
        [-0.49957443,  0.18322545,  0.        , ...,  0.45573727,
          0.56326572,  0.63670485],
        ...,
        [-0.83947033, -0.28493046, -0.45573727, ...,  0.        ,
          0.12480621,  0.21531764],
        [-0.90072701, -0.40233539, -0.56326572, ..., -0.12480621,
          0.        ,  0.09175534],
        [-0.93678457, -0.48463948, -0.63670485, ..., -0.21531764,
         -0.09175534,  0.        ]],

       [[ 0.        ,  0.05668653,  0.07328069, ...,  0.82605084,
          0.8505527 ,  0.86254344],
        [-0.05668653,  0.        ,  0.01662873, ...,  0.85667085,
          0.87899591,  0.88983892],
        [-0.07328069, -0.01662873,  0.        , ...,  0.86513056,
          0.88680344,  0.89730315],
        ...,
        [-0.82605084, -0.85667085, -0.86513056, ...,  0.        ,
         -0.04495604, -0.068158  ],
        [-0.8505527 , -0.87899591, -0.88680344, ...,  0.04495604,
          0.        , -0.02323759],
        [-0.86254344, -0.88983892, -0.89730315, ...,  0.068158  ,
          0.02323759,  0.        ]],

       [[ 0.        ,  0.23580781,  0.28425044, ...,  0.9999573 ,
          0.92860173,  0.30745324],
        [-0.23580781,  0.        ,  0.05015374, ...,  0.97393741,
          0.98991796,  0.523169  ],
        [-0.28425044, -0.05015374,  0.        , ...,  0.961336  ,
          0.99577603,  0.56525307],
        ...,
        [-0.9999573 , -0.97393741, -0.961336  , ...,  0.        ,
          0.36248048,  0.94868125],
        [-0.92860173, -0.98991796, -0.99577603, ..., -0.36248048,
          0.        ,  0.76953411],
        [-0.30745324, -0.523169  , -0.56525307, ..., -0.94868125,
         -0.76953411,  0.        ]]]), 'num': array([ 3.01139010e+07,  1.73159010e+07,  1.35000000e+02,  9.48000000e+04,
        9.62000000e+04,  9.46000000e+04,  4.89880000e+04, -1.20000000e+03,
        9.40800000e+04,  9.43300000e+04,  8.99266667e+04,  6.10169492e+01,
        1.02338520e+05,  8.63214795e+04])}
{'img': array([[[ 0.        , -0.22563262, -0.18091219, ...,  0.65917062,
          0.7854326 ,  0.68575225],
        [ 0.22563262,  0.        ,  0.04566261, ...,  0.81184648,
          0.90483291,  0.83229171],
        [ 0.18091219, -0.04566261,  0.        , ...,  0.78433859,
          0.88444747,  0.80611105],
        ...,
        [-0.65917062, -0.81184648, -0.78433859, ...,  0.        ,
          0.18264834,  0.03591369],
        [-0.7854326 , -0.90483291, -0.88444747, ..., -0.18264834,
          0.        , -0.14722095],
        [-0.68575225, -0.83229171, -0.80611105, ..., -0.03591369,
          0.14722095,  0.        ]],

       [[ 0.        , -0.48063526, -0.50812564, ..., -0.30356301,
         -0.39029894, -0.64419455],
        [ 0.48063526,  0.        , -0.03162288, ...,  0.19175408,
          0.10025403, -0.19728798],
        [ 0.50812564,  0.03162288,  0.        , ...,  0.22269424,
          0.13166745, -0.16618796],
        ...,
        [ 0.30356301, -0.19175408, -0.22269424, ...,  0.        ,
         -0.09239439, -0.38161218],
        [ 0.39029894, -0.10025403, -0.13166745, ...,  0.09239439,
          0.        , -0.29457761],
        [ 0.64419455,  0.19728798,  0.16618796, ...,  0.38161218,
          0.29457761,  0.        ]],

       [[ 0.        ,  0.53609786,  0.68358583, ...,  0.8997704 ,
          0.92423746,  0.92636647],
        [-0.53609786,  0.        ,  0.18577117, ...,  0.99348005,
          0.98489236,  0.98390465],
        [-0.68358583, -0.18577117,  0.        , ...,  0.95500754,
          0.93557881,  0.93358162],
        ...,
        [-0.8997704 , -0.99348005, -0.95500754, ...,  0.        ,
         -0.05975492, -0.06535807],
        [-0.92423746, -0.98489236, -0.93557881, ...,  0.05975492,
          0.        , -0.00561413],
        [-0.92636647, -0.98390465, -0.93358162, ...,  0.06535807,
          0.00561413,  0.        ]],

       ...,

       [[ 0.        , -0.18322545, -0.13127702, ...,  0.40233539,
          0.48463948,  0.49189013],
        [ 0.18322545,  0.        ,  0.05258515, ...,  0.56326572,
          0.63670485,  0.64308946],
        [ 0.13127702, -0.05258515,  0.        , ...,  0.51903657,
          0.59527512,  0.60193047],
        ...,
        [-0.40233539, -0.56326572, -0.51903657, ...,  0.        ,
          0.09175534,  0.10002541],
        [-0.48463948, -0.63670485, -0.59527512, ..., -0.09175534,
          0.        ,  0.00830828],
        [-0.49189013, -0.64308946, -0.60193047, ..., -0.10002541,
         -0.00830828,  0.        ]],

       [[ 0.        ,  0.01662873,  0.0360689 , ...,  0.87899591,
          0.88983892,  0.96066885],
        [-0.01662873,  0.        ,  0.019446  , ...,  0.88680344,
          0.89730315,  0.96515376],
        [-0.0360689 , -0.019446  ,  0.        , ...,  0.89562265,
          0.90571723,  0.97005995],
        ...,
        [-0.87899591, -0.88680344, -0.89562265, ...,  0.        ,
         -0.02323759, -0.21398096],
        [-0.88983892, -0.89730315, -0.90571723, ...,  0.02323759,
          0.        , -0.19122381],
        [-0.96066885, -0.96515376, -0.97005995, ...,  0.21398096,
          0.19122381,  0.        ]],

       [[ 0.        ,  0.04441345,  0.16610339, ...,  0.98421047,
          0.98908991,  0.47108687],
        [-0.04441345,  0.        ,  0.12214301, ...,  0.97537801,
          0.9946566 ,  0.50979853],
        [-0.16610339, -0.12214301,  0.        , ...,  0.94113751,
          0.99981902,  0.6110603 ],
        ...,
        [-0.98421047, -0.97537801, -0.94113751, ...,  0.        ,
          0.32005808,  0.95154246],
        [-0.98908991, -0.9946566 , -0.99981902, ..., -0.32005808,
          0.        ,  0.80306592],
        [-0.47108687, -0.50979853, -0.6110603 , ..., -0.95154246,
         -0.80306592,  0.        ]]]), 'num': array([ 2.96497670e+07,  1.63677670e+07,  1.45000000e+02,  9.16000000e+04,
        9.58000000e+04,  9.12000000e+04,  8.32970000e+04, -3.20000000e+03,
        9.38200000e+04,  9.44750000e+04,  8.99783333e+04,  3.00000000e+01,
        1.02169381e+05,  8.67806189e+04])}
{'img': array([[[ 0.        ,  0.04566261,  0.39418907, ...,  0.90483291,
          0.83229171,  0.5712244 ],
        [-0.04566261,  0.        ,  0.35181262, ...,  0.88444747,
          0.80611105,  0.53314897],
        [-0.39418907, -0.35181262,  0.        , ...,  0.66373538,
          0.54638659,  0.201424  ],
        ...,
        [-0.90483291, -0.88444747, -0.66373538, ...,  0.        ,
         -0.14722095, -0.49947296],
        [-0.83229171, -0.80611105, -0.54638659, ...,  0.14722095,
          0.        , -0.36648866],
        [-0.5712244 , -0.53314897, -0.201424  , ...,  0.49947296,
          0.36648866,  0.        ]],

       [[ 0.        , -0.03162288,  0.2829875 , ...,  0.10025403,
         -0.19728798,  0.16601688],
        [ 0.03162288,  0.        ,  0.31317622, ...,  0.13166745,
         -0.16618796,  0.1971179 ],
        [-0.2829875 , -0.31317622,  0.        , ..., -0.18540577,
         -0.46664911, -0.11982975],
        ...,
        [-0.10025403, -0.13166745,  0.18540577, ...,  0.        ,
         -0.29457761,  0.06631767],
        [ 0.19728798,  0.16618796,  0.46664911, ...,  0.29457761,
          0.        ,  0.35730412],
        [-0.16601688, -0.1971179 ,  0.11982975, ..., -0.06631767,
         -0.35730412,  0.        ]],

       [[ 0.        ,  0.48220876,  0.75690828, ...,  0.94412854,
          0.94607637,  0.95783347],
        [-0.48220876,  0.        ,  0.34796068, ...,  0.98603493,
          0.98502468,  0.9776662 ],
        [-0.75690828, -0.34796068,  0.        , ...,  0.86646786,
          0.86347654,  0.84344228],
        ...,
        [-0.94412854, -0.98603493, -0.86646786, ...,  0.        ,
         -0.005961  , -0.04440959],
        [-0.94607637, -0.98502468, -0.86347654, ...,  0.005961  ,
          0.        , -0.03845369],
        [-0.95783347, -0.9776662 , -0.84344228, ...,  0.04440959,
          0.03845369,  0.        ]],

       ...,

       [[ 0.        ,  0.05200016,  0.17299046, ...,  0.63264289,
          0.63902228, -0.88883821],
        [-0.05200016,  0.        ,  0.12154023, ...,  0.59151578,
          0.59815982, -0.91146325],
        [-0.17299046, -0.12154023,  0.        , ...,  0.48913349,
          0.49632584, -0.95470553],
        ...,
        [-0.63264289, -0.59151578, -0.48913349, ...,  0.        ,
          0.00826529, -0.97824548],
        [-0.63902228, -0.59815982, -0.49632584, ..., -0.00826529,
          0.        , -0.97649742],
        [ 0.88883821,  0.91146325,  0.95470553, ...,  0.97824548,
          0.97649742,  0.        ]],

       [[ 0.        ,  0.019446  ,  0.0776022 , ...,  0.89730315,
          0.96515376,  0.97807433],
        [-0.019446  ,  0.        ,  0.05820017, ...,  0.90571723,
          0.97005995,  0.98193914],
        [-0.0776022 , -0.05820017,  0.        , ...,  0.92885201,
          0.98255046,  0.99128599],
        ...,
        [-0.89730315, -0.90571723, -0.92885201, ...,  0.        ,
         -0.19122381, -0.24486767],
        [-0.96515376, -0.97005995, -0.98255046, ...,  0.19122381,
          0.        , -0.0549467 ],
        [-0.97807433, -0.98193914, -0.99128599, ...,  0.24486767,
          0.0549467 ,  0.        ]],

       [[ 0.        ,  0.11804676,  0.09613788, ...,  0.99999147,
          0.8503267 ,  0.49516755],
        [-0.11804676,  0.        , -0.02203428, ...,  0.99348705,
          0.90650396,  0.59426409],
        [-0.09613788,  0.02203428,  0.        , ...,  0.99575654,
          0.89698107,  0.5763983 ],
        ...,
        [-0.99999147, -0.99348705, -0.99575654, ...,  0.        ,
          0.52273924,  0.86674529],
        [-0.8503267 , -0.90650396, -0.89698107, ..., -0.52273924,
          0.        ,  0.47817723],
        [-0.49516755, -0.59426409, -0.5763983 , ..., -0.86674529,
         -0.47817723,  0.        ]]]), 'num': array([2.96485710e+07, 7.93937100e+06, 2.37000000e+02, 9.16000000e+04,
       9.34000000e+04, 9.10000000e+04, 5.94700000e+04, 0.00000000e+00,
       9.37000000e+04, 9.46150000e+04, 9.00566667e+04, 2.57575758e+01,
       1.01986370e+05, 8.72436297e+04])}
{'img': array([[[ 0.        ,  0.35181262,  0.51316588, ...,  0.80611105,
          0.53314897,  0.53314897],
        [-0.35181262,  0.        ,  0.17840236, ...,  0.54638659,
          0.201424  ,  0.201424  ],
        [-0.51316588, -0.17840236,  0.        , ...,  0.38820337,
          0.02344683,  0.02344683],
        ...,
        [-0.80611105, -0.54638659, -0.38820337, ...,  0.        ,
         -0.36648866, -0.36648866],
        [-0.53314897, -0.201424  , -0.02344683, ...,  0.36648866,
          0.        ,  0.        ],
        [-0.53314897, -0.201424  , -0.02344683, ...,  0.36648866,
          0.        ,  0.        ]],

       [[ 0.        ,  0.31317622,  0.24661009, ..., -0.16618796,
          0.1971179 , -0.01291315],
        [-0.31317622,  0.        , -0.06929933, ..., -0.46664911,
         -0.11982975, -0.32541367],
        [-0.24661009,  0.06929933,  0.        , ..., -0.40423597,
         -0.05074168, -0.25910386],
        ...,
        [ 0.16618796,  0.46664911,  0.40423597, ...,  0.        ,
          0.35730412,  0.15344052],
        [-0.1971179 ,  0.11982975,  0.05074168, ..., -0.35730412,
          0.        , -0.20976126],
        [ 0.01291315,  0.32541367,  0.25910386, ..., -0.15344052,
          0.20976126,  0.        ]],

       [[ 0.        ,  0.43653145,  0.68506045, ...,  0.99988632,
          0.99850359,  0.99734679],
        [-0.43653145,  0.        ,  0.2983342 , ...,  0.89300473,
          0.87447046,  0.86552383],
        [-0.68506045, -0.2983342 ,  0.        , ...,  0.71807411,
          0.68993278,  0.67668317],
        ...,
        [-0.99988632, -0.89300473, -0.71807411, ...,  0.        ,
         -0.03962458, -0.05775062],
        [-0.99850359, -0.87447046, -0.68993278, ...,  0.03962458,
          0.        , -0.01814682],
        [-0.99734679, -0.86552383, -0.67668317, ...,  0.05775062,
          0.01814682,  0.        ]],

       ...,

       [[ 0.        ,  0.10840514,  0.2617427 , ...,  0.55408002,
         -0.64534872, -0.95297149],
        [-0.10840514,  0.        ,  0.15557431, ...,  0.4605714 ,
         -0.72435495, -0.98020869],
        [-0.2617427 , -0.15557431,  0.        , ...,  0.31687228,
         -0.82279251, -0.99907243],
        ...,
        [-0.55408002, -0.4605714 , -0.31687228, ...,  0.        ,
         -0.96048433, -0.96123337],
        [ 0.64534872,  0.72435495,  0.82279251, ...,  0.96048433,
          0.        , -0.53238421],
        [ 0.95297149,  0.98020869,  0.99907243, ...,  0.96123337,
          0.53238421,  0.        ]],

       [[ 0.        ,  0.05820017,  0.13567278, ...,  0.97005995,
          0.98193914,  0.99078057],
        [-0.05820017,  0.        ,  0.07778077, ...,  0.98255046,
          0.99128599,  0.99698588],
        [-0.13567278, -0.07778077,  0.        , ...,  0.99404074,
          0.99852873,  0.99999998],
        ...,
        [-0.97005995, -0.98255046, -0.99404074, ...,  0.        ,
         -0.0549467 , -0.1092062 ],
        [-0.98193914, -0.99128599, -0.99852873, ...,  0.0549467 ,
          0.        , -0.05442315],
        [-0.99078057, -0.99698588, -0.99999998, ...,  0.1092062 ,
          0.05442315,  0.        ]],

       [[ 0.        , -0.02132341, -0.08654481, ...,  0.96607355,
          0.89246253,  0.5786311 ],
        [ 0.02132341,  0.        , -0.06528173, ...,  0.96034676,
          0.88264016,  0.56110839],
        [ 0.08654481,  0.06528173,  0.        , ...,  0.94009712,
          0.85007174,  0.50587502],
        ...,
        [-0.96607355, -0.96034676, -0.94009712, ...,  0.        ,
          0.20532286,  0.63847795],
        [-0.89246253, -0.88264016, -0.85007174, ..., -0.20532286,
          0.        ,  0.46685002],
        [-0.5786311 , -0.56110839, -0.50587502, ..., -0.63847795,
         -0.46685002,  0.        ]]]), 'num': array([ 2.93312800e+07,  7.29808000e+06,  2.44000000e+02,  9.03000000e+04,
        9.14000000e+04,  9.00000000e+04,  6.30310000e+04, -1.30000000e+03,
        9.28600000e+04,  9.46600000e+04,  9.01083333e+04,  2.88135593e+01,
        1.01913523e+05,  8.74064767e+04])}
{'img': array([[[ 0.        ,  0.17840236,  0.23563189, ...,  0.201424  ,
          0.201424  ,  0.04859786],
        [-0.17840236,  0.        ,  0.05847282, ...,  0.02344683,
          0.02344683, -0.13037333],
        [-0.23563189, -0.05847282,  0.        , ..., -0.03505003,
         -0.03505003, -0.18812402],
        ...,
        [-0.201424  , -0.02344683,  0.03505003, ...,  0.        ,
          0.        , -0.1535842 ],
        [-0.201424  , -0.02344683,  0.03505003, ...,  0.        ,
          0.        , -0.1535842 ],
        [-0.04859786,  0.13037333,  0.18812402, ...,  0.1535842 ,
          0.1535842 ,  0.        ]],

       [[ 0.        , -0.06929933, -0.30786371, ..., -0.11982975,
         -0.32541367, -0.28863411],
        [ 0.06929933,  0.        , -0.24119008, ..., -0.05074168,
         -0.25910386, -0.2215903 ],
        [ 0.30786371,  0.24119008,  0.        , ...,  0.1916357 ,
         -0.01850126,  0.02014558],
        ...,
        [ 0.11982975,  0.05074168, -0.1916357 , ...,  0.        ,
         -0.20976126, -0.17182461],
        [ 0.32541367,  0.25910386,  0.01850126, ...,  0.20976126,
          0.        ,  0.03863963],
        [ 0.28863411,  0.2215903 , -0.02014558, ...,  0.17182461,
         -0.03863963,  0.        ]],

       [[ 0.        ,  0.2983342 ,  0.40159566, ...,  0.87447046,
          0.86552383,  0.79625207],
        [-0.2983342 ,  0.        ,  0.11008803, ...,  0.68993278,
          0.67668317,  0.57951018],
        [-0.40159566, -0.11008803,  0.        , ...,  0.60604946,
          0.59151518,  0.48626993],
        ...,
        [-0.87447046, -0.68993278, -0.60604946, ...,  0.        ,
         -0.01814682, -0.14277904],
        [-0.86552383, -0.67668317, -0.59151518, ...,  0.01814682,
          0.        , -0.12479463],
        [-0.79625207, -0.57951018, -0.48626993, ...,  0.14277904,
          0.12479463,  0.        ]],

       ...,

       [[ 0.        ,  0.15557431,  0.53809848, ..., -0.72435495,
         -0.98020869, -0.78134198],
        [-0.15557431,  0.        ,  0.40041591, ..., -0.82279251,
         -0.99907243, -0.86892293],
        [-0.53809848, -0.40041591,  0.        , ..., -0.98152547,
         -0.93272597, -0.99440802],
        ...,
        [ 0.72435495,  0.82279251,  0.98152547, ...,  0.        ,
         -0.53238421, -0.08660626],
        [ 0.98020869,  0.99907243,  0.93272597, ...,  0.53238421,
          0.        ,  0.45707139],
        [ 0.78134198,  0.86892293,  0.99440802, ...,  0.08660626,
         -0.45707139,  0.        ]],

       [[ 0.        ,  0.07778077,  0.16103456, ...,  0.99128599,
          0.99698588,  0.99836773],
        [-0.07778077,  0.        ,  0.08378106, ...,  0.99852873,
          0.99999998,  0.99978544],
        [-0.16103456, -0.08378106,  0.        , ...,  0.99956114,
          0.99646757,  0.99453495],
        ...,
        [-0.99128599, -0.99852873, -0.99956114, ...,  0.        ,
         -0.05442315, -0.07489711],
        [-0.99698588, -0.99999998, -0.99646757, ...,  0.05442315,
          0.        , -0.02051582],
        [-0.99836773, -0.99978544, -0.99453495, ...,  0.07489711,
          0.02051582,  0.        ]],

       [[ 0.        , -0.06457487, -0.14993388, ...,  0.91296146,
          0.7661982 ,  0.55600904],
        [ 0.06457487,  0.        , -0.08577603, ...,  0.88470648,
          0.72310296,  0.50117548],
        [ 0.14993388,  0.08577603,  0.        , ...,  0.84146148,
          0.66118896,  0.42510245],
        ...,
        [-0.91296146, -0.88470648, -0.84146148, ...,  0.        ,
          0.27402902,  0.53195472],
        [-0.7661982 , -0.72310296, -0.66118896, ..., -0.27402902,
          0.        ,  0.27955193],
        [-0.55600904, -0.50117548, -0.42510245, ..., -0.53195472,
         -0.27955193,  0.        ]]]), 'num': array([ 2.82087630e+07,  5.76276300e+06,  2.61000000e+02,  8.60000000e+04,
        9.03000000e+04,  8.46000000e+04,  1.66984000e+05, -4.30000000e+03,
        9.08600000e+04,  9.44750000e+04,  9.00433333e+04,  2.24770642e+01,
        1.02384203e+05,  8.65657965e+04])}
{'img': array([[[ 0.        ,  0.05847282,  0.08172809, ...,  0.02344683,
         -0.13037333, -0.67047569],
        [-0.05847282,  0.        ,  0.02331104, ..., -0.03505003,
         -0.18812402, -0.71271134],
        [-0.08172809, -0.02331104,  0.        , ..., -0.05833723,
         -0.21096773, -0.72886937],
        ...,
        [-0.02344683,  0.03505003,  0.05833723, ...,  0.        ,
         -0.1535842 , -0.68768731],
        [ 0.13037333,  0.18812402,  0.21096773, ...,  0.1535842 ,
          0.        , -0.56802509],
        [ 0.67047569,  0.71271134,  0.72886937, ...,  0.68768731,
          0.56802509,  0.        ]],

       [[ 0.        , -0.24119008, -0.35857547, ..., -0.25910386,
         -0.2215903 ,  0.39599457],
        [ 0.24119008,  0.        , -0.12283845, ..., -0.01850126,
          0.02014558,  0.60577746],
        [ 0.35857547,  0.12283845,  0.        , ...,  0.10445628,
          0.14280653,  0.69892417],
        ...,
        [ 0.25910386,  0.01850126, -0.10445628, ...,  0.        ,
          0.03863963,  0.620394  ],
        [ 0.2215903 , -0.02014558, -0.14280653, ..., -0.03863963,
          0.        ,  0.58962601],
        [-0.39599457, -0.60577746, -0.69892417, ..., -0.620394  ,
         -0.58962601,  0.        ]],

       [[ 0.        ,  0.11008803,  0.26703867, ...,  0.67668317,
          0.57951018,  0.31848252],
        [-0.11008803,  0.        ,  0.1593253 , ...,  0.59151518,
          0.48626993,  0.21219112],
        [-0.26703867, -0.1593253 ,  0.        , ...,  0.45549625,
          0.34083856,  0.05378345],
        ...,
        [-0.67668317, -0.59151518, -0.45549625, ...,  0.        ,
         -0.12479463, -0.40695692],
        [-0.57951018, -0.48626993, -0.34083856, ...,  0.12479463,
          0.        , -0.28978225],
        [-0.31848252, -0.21219112, -0.05378345, ...,  0.40695692,
          0.28978225,  0.        ]],

       ...,

       [[ 0.        ,  0.38224671,  0.34881922, ..., -0.8949214 ,
         -0.79303877, -0.99988182],
        [-0.38224671,  0.        , -0.03590781, ..., -0.99752893,
         -0.96566932, -0.91807473],
        [-0.34881922,  0.03590781,  0.        , ..., -0.99436285,
         -0.95571864, -0.93171679],
        ...,
        [ 0.8949214 ,  0.99752893,  0.99436285, ...,  0.        ,
          0.19128754, -0.45992893],
        [ 0.79303877,  0.96566932,  0.95571864, ..., -0.19128754,
          0.        , -0.62129076],
        [ 0.99988182,  0.91807473,  0.93171679, ...,  0.45992893,
          0.62129076,  0.        ]],

       [[ 0.        ,  0.08378106,  0.1618391 , ...,  0.99999998,
          0.99978544,  0.99219218],
        [-0.08378106,  0.        ,  0.07859351, ...,  0.99646757,
          0.99453495,  0.99915286],
        [-0.1618391 , -0.07859351,  0.        , ...,  0.98678507,
          0.98325311,  0.99929658],
        ...,
        [-0.99999998, -0.99646757, -0.98678507, ...,  0.        ,
         -0.02051582,  0.124915  ],
        [-0.99978544, -0.99453495, -0.98325311, ...,  0.02051582,
          0.        ,  0.14524384],
        [-0.99219218, -0.99915286, -0.99929658, ..., -0.124915  ,
         -0.14524384,  0.        ]],

       [[ 0.        , -0.08577603, -0.18517376, ...,  0.72310296,
          0.50117548,  0.92388007],
        [ 0.08577603,  0.        , -0.10019869, ...,  0.66118896,
          0.42510245,  0.88765011],
        [ 0.18517376,  0.10019869,  0.        , ...,  0.58269049,
          0.33226873,  0.83703961],
        ...,
        [-0.72310296, -0.66118896, -0.58269049, ...,  0.        ,
          0.27955193, -0.36144259],
        [-0.50117548, -0.42510245, -0.33226873, ..., -0.27955193,
          0.        , -0.60768473],
        [-0.92388007, -0.88765011, -0.83703961, ...,  0.36144259,
          0.60768473,  0.        ]]]), 'num': array([ 2.74831440e+07,  4.21454400e+06,  2.79000000e+02,  8.34000000e+04,
        8.64000000e+04,  8.27000000e+04,  1.80886000e+05, -2.60000000e+03,
        8.85800000e+04,  9.41650000e+04,  8.99100000e+04,  2.05882353e+01,
        1.03217574e+05,  8.51124258e+04])}
{'img': array([[[ 0.        ,  0.02248327,  0.02248327, ..., -0.18069771,
         -0.67540392, -0.99898952],
        [-0.02248327,  0.        ,  0.        , ..., -0.20276519,
         -0.69181344, -0.99974747],
        [-0.02248327,  0.        ,  0.        , ..., -0.20276519,
         -0.69181344, -0.99974747],
        ...,
        [ 0.18069771,  0.20276519,  0.20276519, ...,  0.        ,
         -0.53103072, -0.97442359],
        [ 0.67540392,  0.69181344,  0.69181344, ...,  0.53103072,
          0.        , -0.70634758],
        [ 0.99898952,  0.99974747,  0.99974747, ...,  0.97442359,
          0.70634758,  0.        ]],

       [[ 0.        , -0.12283845, -0.18232471, ...,  0.02014558,
          0.60577746,  0.65354594],
        [ 0.12283845,  0.        , -0.06016443, ...,  0.14280653,
          0.69892417,  0.74157124],
        [ 0.18232471,  0.06016443,  0.        , ...,  0.20209561,
          0.7406874 ,  0.78059062],
        ...,
        [-0.02014558, -0.14280653, -0.20209561, ...,  0.        ,
          0.58962601,  0.63816539],
        [-0.60577746, -0.69892417, -0.7406874 , ..., -0.58962601,
          0.        ,  0.06147847],
        [-0.65354594, -0.74157124, -0.78059062, ..., -0.63816539,
         -0.06147847,  0.        ]],

       [[ 0.        ,  0.1593253 ,  0.30066437, ...,  0.48626993,
          0.21219112, -0.14348382],
        [-0.1593253 ,  0.        ,  0.14487041, ...,  0.34083856,
          0.05378345, -0.29932768],
        [-0.30066437, -0.14487041,  0.        , ...,  0.2010471 ,
         -0.09144466, -0.43439812],
        ...,
        [-0.48626993, -0.34083856, -0.2010471 , ...,  0.        ,
         -0.28978225, -0.60661574],
        [-0.21219112, -0.05378345,  0.09144466, ...,  0.28978225,
          0.        , -0.35021194],
        [ 0.14348382,  0.29932768,  0.43439812, ...,  0.60661574,
          0.35021194,  0.        ]],

       ...,

       [[ 0.        , -0.03509704,  0.42337546, ..., -0.94688747,
         -0.99734923, -0.90969891],
        [ 0.03509704,  0.        ,  0.45491094, ..., -0.93501812,
         -0.99928855, -0.92371315],
        [-0.42337546, -0.45491094,  0.        , ..., -0.99397956,
         -0.87274661, -0.64833118],
        ...,
        [ 0.94688747,  0.93501812,  0.99397956, ...,  0.        ,
         -0.38961144, -0.68573992],
        [ 0.99734923,  0.99928855,  0.87274661, ...,  0.38961144,
          0.        , -0.3479749 ],
        [ 0.90969891,  0.92371315,  0.64833118, ...,  0.68573992,
          0.3479749 ,  0.        ]],

       [[ 0.        ,  0.0780264 ,  0.1367985 , ...,  0.99151719,
          0.99998241,  0.86218612],
        [-0.0780264 ,  0.        ,  0.05908857, ...,  0.97835281,
          0.99739652,  0.89908509],
        [-0.1367985 , -0.05908857,  0.        , ...,  0.96441536,
