state_0,state_1,state_2,state_3,state_4,state_5,state_6,state_7,state_8,state_9,state_10,state_11,state_12,state_13,state_14,state_15,state_16,state_17,state_18,state_19,state_20,state_21,state_22,state_23,state_24,state_25,state_26,state_27,state_28,state_29,state_30,state_31,state_32,state_33,state_34,state_35,state_36,state_37,state_38,state_39,state_40,state_41,state_42,state_43,state_44,state_45,state_46,state_47,state_48,state_49,state_50,state_51,state_52,state_53,state_54,state_55,state_56,state_57,state_58,state_59,state_60,state_61,state_62,state_63,state_64,state_65,state_66,state_67,state_68,state_69,state_70,state_71,state_72,state_73,state_74,state_75,state_76,state_77
{'img': array([[[ 0.        , -0.08103031,  0.44013155, ...,  0.89144668,
          0.93003796,  0.91858734],
        [ 0.08103031,  0.        ,  0.51144405, ...,  0.85179837,
          0.89720399,  0.88354205],
        [-0.44013155, -0.51144405,  0.        , ...,  0.99989454,
          0.99684432,  0.99877809],
        ...,
        [-0.89144668, -0.85179837, -0.99989454, ...,  0.        ,
         -0.09384996, -0.06391964],
        [-0.93003796, -0.89720399, -0.99684432, ...,  0.09384996,
          0.        ,  0.03002052],
        [-0.91858734, -0.88354205, -0.99877809, ...,  0.06391964,
         -0.03002052,  0.        ]],

       [[ 0.        , -0.49047286, -0.05847569, ..., -0.87767459,
         -0.91437836, -0.70699323],
        [ 0.49047286,  0.        ,  0.43867456, ..., -0.52979262,
         -0.59826774, -0.26924146],
        [ 0.05847569, -0.43867456,  0.        , ..., -0.84814786,
         -0.8891392 , -0.66442826],
        ...,
        [ 0.87767459,  0.52979262,  0.84814786, ...,  0.        ,
         -0.0828863 ,  0.28187781],
        [ 0.91437836,  0.59826774,  0.8891392 , ...,  0.0828863 ,
          0.        ,  0.36043316],
        [ 0.70699323,  0.26924146,  0.66442826, ..., -0.28187781,
         -0.36043316,  0.        ]],

       [[ 0.        ,  0.37376428,  0.64365601, ...,  0.38221729,
          0.42887263,  0.47001681],
        [-0.37376428,  0.        ,  0.31095884, ...,  0.69990089,
          0.73543509,  0.76585757],
        [-0.64365601, -0.31095884,  0.        , ...,  0.8873014 ,
          0.90967892,  0.92783866],
        ...,
        [-0.38221729, -0.69990089, -0.8873014 , ...,  0.        ,
         -0.05102768, -0.09696265],
        [-0.42887263, -0.73543509, -0.90967892, ...,  0.05102768,
          0.        , -0.0460491 ],
        [-0.47001681, -0.76585757, -0.92783866, ...,  0.09696265,
          0.0460491 ,  0.        ]],

       ...,

       [[ 0.        , -0.19023783, -0.04978967, ..., -0.58261303,
         -0.67738167, -0.69070363],
        [ 0.19023783,  0.        ,  0.14112147, ..., -0.41735764,
         -0.52506636, -0.54052183],
        [ 0.04978967, -0.14112147,  0.        , ..., -0.54142389,
         -0.63991467, -0.65384216],
        ...,
        [ 0.58261303,  0.41735764,  0.54142389, ...,  0.        ,
         -0.12195309, -0.14005956],
        [ 0.67738167,  0.52506636,  0.63991467, ...,  0.12195309,
          0.        , -0.01826313],
        [ 0.69070363,  0.54052183,  0.65384216, ...,  0.14005956,
          0.01826313,  0.        ]],

       [[ 0.        ,  0.36862453,  0.58901743, ...,  0.30714684,
          0.38389329,  0.45014432],
        [-0.36862453,  0.        ,  0.24964488, ...,  0.63632307,
          0.69723848,  0.74760985],
        [-0.58901743, -0.24964488,  0.        , ...,  0.80875719,
          0.85411739,  0.88973732],
        ...,
        [-0.30714684, -0.63632307, -0.80875719, ...,  0.        ,
         -0.08172423, -0.15411675],
        [-0.38389329, -0.69723848, -0.85411739, ...,  0.08172423,
          0.        , -0.07285338],
        [-0.45014432, -0.74760985, -0.88973732, ...,  0.15411675,
          0.07285338,  0.        ]],

       [[ 0.        , -0.01258506, -0.16877547, ...,  0.79068085,
          0.63012592,  0.16877547],
        [ 0.01258506,  0.        , -0.15635759, ...,  0.7829133 ,
          0.62030381,  0.15635759],
        [ 0.16877547,  0.15635759,  0.        , ...,  0.67600899,
          0.4900335 ,  0.        ],
        ...,
        [-0.79068085, -0.7829133 , -0.67600899, ...,  0.        ,
          0.22817704,  0.67600899],
        [-0.63012592, -0.62030381, -0.4900335 , ..., -0.22817704,
          0.        ,  0.4900335 ],
        [-0.16877547, -0.15635759, -0.        , ..., -0.67600899,
         -0.4900335 ,  0.        ]]]), 'num': array([5.48432370e+07, 3.46098370e+07, 3.74000000e+02, 5.41000000e+04,
       5.44000000e+04, 5.27000000e+04, 2.57463000e+05, 3.00000000e+02,
       5.38200000e+04, 5.33575000e+04, 4.87500000e+04, 4.56790123e+01,
       5.60919606e+04, 5.06230394e+04])}
{'img': array([[[ 0.        ,  0.51144405,  0.18361582, ...,  0.89720399,
          0.88354205,  0.83327689],
        [-0.51144405,  0.        , -0.3449644 , ...,  0.99684432,
          0.99877809,  0.9988035 ],
        [-0.18361582,  0.3449644 ,  0.        , ...,  0.96303755,
          0.95451695,  0.92062267],
        ...,
        [-0.89720399, -0.99684432, -0.96303755, ...,  0.        ,
          0.03002052,  0.1280358 ],
        [-0.88354205, -0.99877809, -0.95451695, ..., -0.03002052,
          0.        ,  0.09820465],
        [-0.83327689, -0.9988035 , -0.92062267, ..., -0.1280358 ,
         -0.09820465,  0.        ]],

       [[ 0.        ,  0.43867456,  0.12822159, ..., -0.59826774,
         -0.26924146, -0.31446768],
        [-0.43867456,  0.        , -0.31982772, ..., -0.8891392 ,
         -0.66442826, -0.69901493],
        [-0.12822159,  0.31982772,  0.        , ..., -0.69607285,
         -0.39050574, -0.4335886 ],
        ...,
        [ 0.59826774,  0.8891392 ,  0.69607285, ...,  0.        ,
          0.36043316,  0.31593475],
        [ 0.26924146,  0.66442826,  0.39050574, ..., -0.36043316,
          0.        , -0.04727289],
        [ 0.31446768,  0.69901493,  0.4335886 , ..., -0.31593475,
          0.04727289,  0.        ]],

       [[ 0.        ,  0.55523721,  0.70426485, ...,  0.436444  ,
          0.47821041,  0.45792979],
        [-0.55523721,  0.        ,  0.19154784, ...,  0.86255137,
          0.88535826,  0.87445598],
        [-0.70426485, -0.19154784,  0.        , ...,  0.94349711,
          0.95801672,  0.95118471],
        ...,
        [-0.436444  , -0.86255137, -0.94349711, ...,  0.        ,
         -0.04695604, -0.02402018],
        [-0.47821041, -0.88535826, -0.95801672, ...,  0.04695604,
          0.        ,  0.0229488 ],
        [-0.45792979, -0.87445598, -0.95118471, ...,  0.02402018,
         -0.0229488 ,  0.        ]],

       ...,

       [[ 0.        ,  0.14112147, -0.11553303, ..., -0.52506636,
         -0.54052183, -0.84547679],
        [-0.14112147,  0.        , -0.25455327, ..., -0.63991467,
         -0.65384216, -0.91237609],
        [ 0.11553303,  0.25455327,  0.        , ..., -0.42322464,
         -0.4397009 , -0.77811913],
        ...,
        [ 0.52506636,  0.63991467,  0.42322464, ...,  0.        ,
         -0.01826313, -0.43916074],
        [ 0.54052183,  0.65384216,  0.4397009 , ...,  0.01826313,
          0.        , -0.42267975],
        [ 0.84547679,  0.91237609,  0.77811913, ...,  0.43916074,
          0.42267975,  0.        ]],

       [[ 0.        ,  0.48572939,  0.57100251, ...,  0.39055155,
          0.45781177,  0.61312948],
        [-0.48572939,  0.        ,  0.10035985, ...,  0.78853799,
          0.83201479,  0.91965982],
        [-0.57100251, -0.10035985,  0.        , ...,  0.84627673,
          0.88348909,  0.95442956],
        ...,
        [-0.39055155, -0.78853799, -0.84627673, ...,  0.        ,
         -0.07423332, -0.25590653],
        [-0.45781177, -0.83201479, -0.88348909, ...,  0.07423332,
          0.        , -0.18343899],
        [-0.61312948, -0.91965982, -0.95442956, ...,  0.25590653,
          0.18343899,  0.        ]],

       [[ 0.        , -0.14826546,  0.12181705, ...,  0.82444366,
          0.71522436,  0.14826546],
        [ 0.14826546,  0.        ,  0.26763195, ...,  0.73142162,
          0.60369743,  0.        ],
        [-0.12181705, -0.26763195,  0.        , ...,  0.88724531,
          0.7950351 ,  0.26763195],
        ...,
        [-0.82444366, -0.73142162, -0.88724531, ...,  0.        ,
          0.17142253,  0.73142162],
        [-0.71522436, -0.60369743, -0.7950351 , ..., -0.17142253,
          0.        ,  0.60369743],
        [-0.14826546, -0.        , -0.26763195, ..., -0.73142162,
         -0.60369743,  0.        ]]]), 'num': array([1.88865400e+07, 1.16365400e+07, 1.25000000e+02, 5.80000000e+04,
       5.90000000e+04, 5.54000000e+04, 1.07221000e+06, 3.90000000e+03,
       5.47200000e+04, 5.38100000e+04, 4.89733333e+04, 6.30252101e+01,
       5.64715033e+04, 5.11484967e+04])}
{'img': array([[[ 0.        , -0.29971459, -0.16577165, ...,  0.90446475,
          0.92370007,  0.74961819],
        [ 0.29971459,  0.        ,  0.13741685, ...,  0.99072829,
          0.99606215,  0.51678518],
        [ 0.16577165, -0.13741685,  0.        , ...,  0.96266036,
          0.97442974,  0.62952723],
        ...,
        [-0.90446475, -0.99072829, -0.96266036, ...,  0.        ,
          0.04748746,  0.91838696],
        [-0.92370007, -0.99606215, -0.97442974, ..., -0.04748746,
          0.        ,  0.89856086],
        [-0.74961819, -0.51678518, -0.62952723, ..., -0.91838696,
         -0.89856086,  0.        ]],

       [[ 0.        , -0.31840014, -0.51680685, ..., -0.66222272,
         -0.696796  ,  0.99991224],
        [ 0.31840014,  0.        , -0.21732736, ..., -0.3891788 ,
         -0.43215356,  0.9436551 ],
        [ 0.51680685,  0.21732736,  0.        , ..., -0.17968319,
         -0.22583875,  0.84918031],
        ...,
        [ 0.66222272,  0.3891788 ,  0.17968319, ...,  0.        ,
         -0.04712209,  0.74046827],
        [ 0.696796  ,  0.43215356,  0.22583875, ...,  0.04712209,
          0.        ,  0.70797536],
        [-0.99991224, -0.9436551 , -0.84918031, ..., -0.74046827,
         -0.70797536,  0.        ]],

       [[ 0.        ,  0.49199251,  0.61468511, ...,  0.57618849,
          0.55964191,  0.        ],
        [-0.49199251,  0.        ,  0.1470743 , ...,  0.90374314,
          0.89495511,  0.49199251],
        [-0.61468511, -0.1470743 ,  0.        , ...,  0.95687419,
          0.95084099,  0.61468511],
        ...,
        [-0.57618849, -0.90374314, -0.95687419, ...,  0.        ,
          0.02010255,  0.57618849],
        [-0.55964191, -0.89495511, -0.95084099, ..., -0.02010255,
          0.        ,  0.55964191],
        [-0.        , -0.49199251, -0.61468511, ..., -0.57618849,
         -0.55964191,  0.        ]],

       ...,

       [[ 0.        , -0.25455327, -0.20136892, ..., -0.65384216,
         -0.91237609, -0.39722034],
        [ 0.25455327,  0.        ,  0.0546033 , ..., -0.4397009 ,
         -0.77811913, -0.15052595],
        [ 0.20136892, -0.0546033 ,  0.        , ..., -0.48808656,
         -0.81125552, -0.20428253],
        ...,
        [ 0.65384216,  0.4397009 ,  0.48808656, ...,  0.        ,
         -0.42267975,  0.29949696],
        [ 0.91237609,  0.77811913,  0.81125552, ...,  0.42267975,
          0.        ,  0.67470543],
        [ 0.39722034,  0.15052595,  0.20428253, ..., -0.29949696,
         -0.67470543,  0.        ]],

       [[ 0.        ,  0.33203218,  0.45574308, ...,  0.47200444,
          0.63088693,  0.54046051],
        [-0.33203218,  0.        ,  0.13434228, ...,  0.73794501,
          0.85271088,  0.78916084],
        [-0.45574308, -0.13434228,  0.        , ...,  0.82191787,
          0.91515919,  0.86451832],
        ...,
        [-0.47200444, -0.73794501, -0.82191787, ...,  0.        ,
         -0.18997116, -0.07933784],
        [-0.63088693, -0.85271088, -0.91515919, ...,  0.18997116,
          0.        ,  0.11147926],
        [-0.54046051, -0.78916084, -0.86451832, ...,  0.07933784,
         -0.11147926,  0.        ]],

       [[ 0.        ,  0.26223606,  0.4099518 , ...,  0.68961849,
          0.3949145 ,  0.        ],
        [-0.26223606,  0.        ,  0.15641763, ...,  0.85538867,
          0.62201493,  0.26223606],
        [-0.4099518 , -0.15641763,  0.        , ...,  0.92588195,
          0.7368344 ,  0.4099518 ],
        ...,
        [-0.68961849, -0.85538867, -0.92588195, ...,  0.        ,
          0.34757848,  0.68961849],
        [-0.3949145 , -0.62201493, -0.7368344 , ..., -0.34757848,
          0.        ,  0.3949145 ],
        [-0.        , -0.26223606, -0.4099518 , ..., -0.68961849,
         -0.3949145 ,  0.        ]]]), 'num': array([1.88965020e+07, 1.23893020e+07, 1.12000000e+02, 5.81000000e+04,
       5.85000000e+04, 5.73000000e+04, 4.60841000e+05, 1.00000000e+02,
       5.55400000e+04, 5.41500000e+04, 4.91675000e+04, 6.97247706e+01,
       5.71569919e+04, 5.11430081e+04])}
{'img': array([[[ 0.        ,  0.13687954,  0.1255149 , ...,  0.99518338,
          0.6520857 ,  0.51507875],
        [-0.13687954,  0.        , -0.01146354, ...,  0.97239801,
          0.74972265,  0.627556  ],
        [-0.1255149 ,  0.01146354,  0.        , ...,  0.97500888,
          0.74208736,  0.61858957],
        ...,
        [-0.99518338, -0.97239801, -0.97500888, ...,  0.        ,
          0.81841804,  0.9035079 ],
        [-0.6520857 , -0.74972265, -0.74208736, ..., -0.81841804,
          0.        ,  0.16842609],
        [-0.51507875, -0.627556  , -0.61858957, ..., -0.9035079 ,
         -0.16842609,  0.        ]],

       [[ 0.        , -0.21732736, -0.41880807, ..., -0.43215356,
          0.9436551 ,  0.05313246],
        [ 0.21732736,  0.        , -0.21144856, ..., -0.22583875,
          0.84918031,  0.2688829 ],
        [ 0.41880807,  0.21144856,  0.        , ..., -0.01474662,
          0.71831298,  0.46646474],
        ...,
        [ 0.43215356,  0.22583875,  0.01474662, ...,  0.        ,
          0.70797536,  0.47945799],
        [-0.9436551 , -0.84918031, -0.71831298, ..., -0.70797536,
          0.        , -0.95990531],
        [-0.05313246, -0.2688829 , -0.46646474, ..., -0.47945799,
          0.95990531,  0.        ]],

       [[ 0.        ,  0.21888336,  0.2775635 , ...,  0.8811863 ,
          0.72846773,  0.25568932],
        [-0.21888336,  0.        ,  0.06055003, ...,  0.96329975,
          0.86075578,  0.46109658],
        [-0.2775635 , -0.06055003,  0.        , ...,  0.97778557,
          0.8899975 ,  0.51397961],
        ...,
        [-0.8811863 , -0.96329975, -0.97778557, ...,  0.        ,
          0.2592861 ,  0.73101275],
        [-0.72846773, -0.86075578, -0.8899975 , ..., -0.2592861 ,
          0.        ,  0.52908507],
        [-0.25568932, -0.46109658, -0.51397961, ..., -0.73101275,
         -0.52908507,  0.        ]],

       ...,

       [[ 0.        ,  0.0546033 , -0.05083528, ..., -0.77811913,
         -0.15052595,  0.13175324],
        [-0.0546033 ,  0.        , -0.10529214, ..., -0.81125552,
         -0.20428253,  0.07742939],
        [ 0.05083528,  0.10529214,  0.        , ..., -0.74518257,
         -0.10007525,  0.18197502],
        ...,
        [ 0.77811913,  0.81125552,  0.74518257, ...,  0.        ,
          0.67470543,  0.85409233],
        [ 0.15052595,  0.20428253,  0.10007525, ..., -0.67470543,
          0.        ,  0.2794658 ],
        [-0.13175324, -0.07742939, -0.18197502, ..., -0.85409233,
         -0.2794658 ,  0.        ]],

       [[ 0.        ,  0.32622704,  0.34535433, ...,  0.6388496 ,
          0.54760297,  0.28515697],
        [-0.32622704,  0.        ,  0.02030542, ...,  0.85487585,
          0.79061106,  0.58223881],
        [-0.34535433, -0.02030542,  0.        , ...,  0.86523471,
          0.80288145,  0.59862744],
        ...,
        [-0.6388496 , -0.85487585, -0.86523471, ...,  0.        ,
          0.11326163,  0.39294481],
        [-0.54760297, -0.79061106, -0.80288145, ..., -0.11326163,
          0.        ,  0.28626519],
        [-0.28515697, -0.58223881, -0.59862744, ..., -0.39294481,
         -0.28626519,  0.        ]],

       [[ 0.        ,  0.32369536,  0.5455779 , ...,  0.39826532,
          0.        ,  0.04156337],
        [-0.32369536,  0.        ,  0.24492855, ...,  0.67373938,
          0.32369536,  0.3627413 ],
        [-0.5455779 , -0.24492855,  0.        , ...,  0.83421266,
          0.5455779 ,  0.57993905],
        ...,
        [-0.39826532, -0.67373938, -0.83421266, ...,  0.        ,
          0.39826532,  0.35979632],
        [-0.        , -0.32369536, -0.5455779 , ..., -0.39826532,
          0.        , -0.04156337],
        [-0.04156337, -0.3627413 , -0.57993905, ..., -0.35979632,
          0.04156337,  0.        ]]]), 'num': array([1.89862860e+07, 1.47094860e+07, 7.20000000e+01, 5.94000000e+04,
       5.97000000e+04, 5.73000000e+04, 4.28177000e+05, 1.30000000e+03,
       5.66800000e+04, 5.45100000e+04, 4.94058333e+04, 7.02702703e+01,
       5.81535697e+04, 5.08664303e+04])}
{'img': array([[[ 0.00000000e+00, -1.09092365e-02,  2.82087647e-01, ...,
          9.52841103e-01,  9.45594576e-01,  6.03470108e-01],
        [ 1.09092365e-02,  0.00000000e+00,  2.92537059e-01, ...,
          9.49473780e-01,  9.41989015e-01,  5.94735329e-01],
        [-2.82087647e-01, -2.92537059e-01,  0.00000000e+00, ...,
          9.99749970e-01,  9.98969161e-01,  8.03894999e-01],
        ...,
        [-9.52841103e-01, -9.49473780e-01, -9.99749970e-01, ...,
          0.00000000e+00,  2.30450663e-02,  5.76646928e-01],
        [-9.45594576e-01, -9.41989015e-01, -9.98969161e-01, ...,
         -2.30450663e-02,  0.00000000e+00,  5.57666118e-01],
        [-6.03470108e-01, -5.94735329e-01, -8.03894999e-01, ...,
         -5.76646928e-01, -5.57666118e-01,  0.00000000e+00]],

       [[ 0.00000000e+00, -2.11448556e-01,  2.69500579e-01, ...,
          8.49180312e-01,  2.68882904e-01,  1.98816667e-01],
        [ 2.11448556e-01,  0.00000000e+00,  4.67031944e-01, ...,
          7.18312985e-01,  4.66464740e-01,  4.01548593e-01],
        [-2.69500579e-01, -4.67031944e-01,  0.00000000e+00, ...,
          9.60084903e-01, -6.41349684e-04, -7.26599631e-02],
        ...,
        [-8.49180312e-01, -7.18312985e-01, -9.60084903e-01, ...,
          0.00000000e+00, -9.59905314e-01, -9.37223553e-01],
        [-2.68882904e-01, -4.66464740e-01,  6.41349684e-04, ...,
          9.59905314e-01,  0.00000000e+00, -7.20202937e-02],
        [-1.98816667e-01, -4.01548593e-01,  7.26599631e-02, ...,
          9.37223553e-01,  7.20202937e-02,  0.00000000e+00]],

       [[ 0.00000000e+00,  5.74127491e-02,  2.11934924e-01, ...,
          9.60448970e-01,  8.83307295e-01,  4.39835145e-01],
        [-5.74127491e-02,  0.00000000e+00,  1.55476795e-01, ...,
          9.74851663e-01,  9.08765081e-01,  4.90670806e-01],
        [-2.11934924e-01, -1.55476795e-01,  0.00000000e+00, ...,
          9.97645764e-01,  9.62595806e-01,  6.20177958e-01],
        ...,
        [-9.60448970e-01, -9.74851663e-01, -9.97645764e-01, ...,
          0.00000000e+00,  2.04290864e-01,  7.40083837e-01],
        [-8.83307295e-01, -9.08765081e-01, -9.62595806e-01, ...,
         -2.04290864e-01,  0.00000000e+00,  5.87087048e-01],
        [-4.39835145e-01, -4.90670806e-01, -6.20177958e-01, ...,
         -7.40083837e-01, -5.87087048e-01,  0.00000000e+00]],

       ...,

       [[ 0.00000000e+00, -1.05292139e-01,  2.79298019e-02, ...,
         -2.04282528e-01,  7.74293922e-02,  1.01653766e-01],
        [ 1.05292139e-01,  0.00000000e+00,  1.33025613e-01, ...,
         -1.00075254e-01,  1.81975023e-01,  2.05835416e-01],
        [-2.79298019e-02, -1.33025613e-01,  0.00000000e+00, ...,
         -2.31543652e-01,  4.95532339e-02,  7.38289883e-02],
        ...,
        [ 2.04282528e-01,  1.00075254e-01,  2.31543652e-01, ...,
          0.00000000e+00,  2.79465798e-01,  3.02734400e-01],
        [-7.74293922e-02, -1.81975023e-01, -4.95532339e-02, ...,
         -2.79465798e-01,  0.00000000e+00,  2.43202893e-02],
        [-1.01653766e-01, -2.05835416e-01, -7.38289883e-02, ...,
         -3.02734400e-01, -2.43202893e-02,  0.00000000e+00]],

       [[ 0.00000000e+00,  1.14305863e-01,  4.37255039e-01, ...,
          7.01305484e-01,  5.57944895e-01,  0.00000000e+00],
        [-1.14305863e-01,  0.00000000e+00,  3.31589542e-01, ...,
          7.78193028e-01,  6.49147825e-01,  1.14305863e-01],
        [-4.37255039e-01, -3.31589542e-01,  0.00000000e+00, ...,
          9.42412364e-01,  8.64649133e-01,  4.37255039e-01],
        ...,
        [-7.01305484e-01, -7.78193028e-01, -9.42412364e-01, ...,
          0.00000000e+00,  1.84260910e-01,  7.01305484e-01],
        [-5.57944895e-01, -6.49147825e-01, -8.64649133e-01, ...,
         -1.84260910e-01,  0.00000000e+00,  5.57944895e-01],
        [-0.00000000e+00, -1.14305863e-01, -4.37255039e-01, ...,
         -7.01305484e-01, -5.57944895e-01,  0.00000000e+00]],

       [[ 0.00000000e+00,  4.58085292e-01,  5.04813180e-01, ...,
          0.00000000e+00,  4.21341052e-02,  2.98652269e-01],
        [-4.58085292e-01,  0.00000000e+00,  5.33002622e-02, ...,
          4.58085292e-01,  4.95131849e-01,  7.02653658e-01],
        [-5.04813180e-01, -5.33002622e-02,  0.00000000e+00, ...,
          5.04813180e-01,  5.40736254e-01,  7.39579701e-01],
        ...,
        [-0.00000000e+00, -4.58085292e-01, -5.04813180e-01, ...,
          0.00000000e+00, -4.21341052e-02, -2.98652269e-01],
        [-4.21341052e-02, -4.95131849e-01, -5.40736254e-01, ...,
          4.21341052e-02,  0.00000000e+00, -2.58175866e-01],
        [-2.98652269e-01, -7.02653658e-01, -7.39579701e-01, ...,
          2.98652269e-01,  2.58175866e-01,  0.00000000e+00]]]), 'num': array([ 1.89629240e+07,  1.21549240e+07,  1.15000000e+02,  5.92000000e+04,
        6.04000000e+04,  5.82000000e+04,  6.76901000e+05, -2.00000000e+02,
        5.77600000e+04,  5.48450000e+04,  4.96316667e+04,  7.64705882e+01,
        5.88969008e+04,  5.07930992e+04])}
{'img': array([[[ 0.00000000e+00,  2.92537059e-01,  1.58703382e-01, ...,
          9.41989015e-01,  5.94735329e-01,  7.61809796e-01],
        [-2.92537059e-01,  0.00000000e+00, -1.37068760e-01, ...,
          9.98969161e-01,  8.03894999e-01,  9.17989538e-01],
        [-1.58703382e-01,  1.37068760e-01,  0.00000000e+00, ...,
          9.83318326e-01,  7.14782908e-01,  8.54963025e-01],
        ...,
        [-9.41989015e-01, -9.98969161e-01, -9.83318326e-01, ...,
          0.00000000e+00,  5.57666118e-01,  3.54524546e-01],
        [-5.94735329e-01, -8.03894999e-01, -7.14782908e-01, ...,
         -5.57666118e-01,  0.00000000e+00, -2.27165323e-01],
        [-7.61809796e-01, -9.17989538e-01, -8.54963025e-01, ...,
         -3.54524546e-01,  2.27165323e-01,  0.00000000e+00]],

       [[ 0.00000000e+00,  4.67031944e-01,  4.66590863e-02, ...,
          4.66464740e-01,  4.01548593e-01,  8.08989200e-01],
        [-4.67031944e-01,  0.00000000e+00, -4.25265435e-01, ...,
         -6.41349684e-04, -7.26599631e-02,  4.40808615e-01],
        [-4.66590863e-02,  4.25265435e-01,  0.00000000e+00, ...,
          4.24684882e-01,  3.58379104e-01,  7.80680799e-01],
        ...,
        [-4.66464740e-01,  6.41349684e-04, -4.24684882e-01, ...,
          0.00000000e+00, -7.20202937e-02,  4.41384201e-01],
        [-4.01548593e-01,  7.26599631e-02, -3.58379104e-01, ...,
          7.20202937e-02,  0.00000000e+00,  5.04863122e-01],
        [-8.08989200e-01, -4.40808615e-01, -7.80680799e-01, ...,
         -4.41384201e-01, -5.04863122e-01,  0.00000000e+00]],

       [[ 0.00000000e+00,  1.48386772e-01,  1.45842861e-01, ...,
          9.73714307e-01,  8.79269280e-01,  4.71263745e-01],
        [-1.48386772e-01,  0.00000000e+00, -2.57189221e-03, ...,
          9.96733180e-01,  9.40215579e-01,  5.96922570e-01],
        [-1.45842861e-01,  2.57189221e-03,  0.00000000e+00, ...,
          9.96522165e-01,  9.39336534e-01,  5.94857169e-01],
        ...,
        [-9.73714307e-01, -9.96733180e-01, -9.96522165e-01, ...,
          0.00000000e+00,  2.63530869e-01,  7.51467495e-01],
        [-8.79269280e-01, -9.40215579e-01, -9.39336534e-01, ...,
         -2.63530869e-01,  0.00000000e+00,  5.51034051e-01],
        [-4.71263745e-01, -5.96922570e-01, -5.94857169e-01, ...,
         -7.51467495e-01, -5.51034051e-01,  0.00000000e+00]],

       ...,

       [[ 0.00000000e+00,  1.33025613e-01,  9.70212809e-02, ...,
          1.81975023e-01,  2.05835416e-01,  4.89649509e-01],
        [-1.33025613e-01,  0.00000000e+00, -3.62390251e-02, ...,
          4.95532339e-02,  7.38289883e-02,  3.69310191e-01],
        [-9.70212809e-02,  3.62390251e-02,  0.00000000e+00, ...,
          8.57151897e-02,  1.09920620e-01,  4.02744760e-01],
        ...,
        [-1.81975023e-01, -4.95532339e-02, -8.57151897e-02, ...,
          0.00000000e+00,  2.43202893e-02,  3.22806361e-01],
        [-2.05835416e-01, -7.38289883e-02, -1.09920620e-01, ...,
         -2.43202893e-02,  0.00000000e+00,  2.99692578e-01],
        [-4.89649509e-01, -3.69310191e-01, -4.02744760e-01, ...,
         -3.22806361e-01, -2.99692578e-01,  0.00000000e+00]],

       [[ 0.00000000e+00,  4.11891448e-01,  5.15639682e-01, ...,
          6.94136540e-01,  4.74398295e-01,  0.00000000e+00],
        [-4.11891448e-01,  0.00000000e+00,  1.16956983e-01, ...,
          9.29017391e-01,  7.94879636e-01,  4.11891448e-01],
        [-5.15639682e-01, -1.16956983e-01,  0.00000000e+00, ...,
          9.65919829e-01,  8.60390016e-01,  5.15639682e-01],
        ...,
        [-6.94136540e-01, -9.29017391e-01, -9.65919829e-01, ...,
          0.00000000e+00,  2.69563096e-01,  6.94136540e-01],
        [-4.74398295e-01, -7.94879636e-01, -8.60390016e-01, ...,
         -2.69563096e-01,  0.00000000e+00,  4.74398295e-01],
        [-0.00000000e+00, -4.11891448e-01, -5.15639682e-01, ...,
         -6.94136540e-01, -4.74398295e-01,  0.00000000e+00]],

       [[ 0.00000000e+00,  2.31604248e-01,  3.46071741e-01, ...,
          4.33548481e-02,  3.07097975e-01,  3.43602416e-01],
        [-2.31604248e-01,  0.00000000e+00,  1.19369112e-01, ...,
          2.73562512e-01,  5.19160654e-01,  5.51762969e-01],
        [-3.46071741e-01, -1.19369112e-01,  0.00000000e+00, ...,
          3.86422210e-01,  6.17470623e-01,  6.47371790e-01],
        ...,
        [-4.33548481e-02, -2.73562512e-01, -3.86422210e-01, ...,
          0.00000000e+00, -2.65549371e-01, -3.02564142e-01],
        [-3.07097975e-01, -5.19160654e-01, -6.17470623e-01, ...,
          2.65549371e-01,  0.00000000e+00, -3.85984471e-02],
        [-3.43602416e-01, -5.51762969e-01, -6.47371790e-01, ...,
          3.02564142e-01,  3.85984471e-02,  0.00000000e+00]]]), 'num': array([1.90859900e+07, 1.56419900e+07, 5.60000000e+01, 6.15000000e+04,
       6.18000000e+04, 5.92000000e+04, 6.48297000e+05, 2.30000000e+03,
       5.92400000e+04, 5.52850000e+04, 4.98966667e+04, 8.70689655e+01,
       6.01410375e+04, 5.04289625e+04])}
{'img': array([[[ 0.        , -0.1269611 , -0.09382648, ...,  0.99994687,
          0.99899207,  0.7652963 ],
        [ 0.1269611 ,  0.        ,  0.03333381, ...,  0.9931637 ,
          0.99660682,  0.6773812 ],
        [ 0.09382648, -0.03333381,  0.        , ...,  0.99650282,
          0.99879667,  0.70152618],
        ...,
        [-0.99994687, -0.9931637 , -0.99650282, ...,  0.        ,
         -0.03458709,  0.65153254],
        [-0.99899207, -0.99660682, -0.99879667, ...,  0.03458709,
          0.        ,  0.6773812 ],
        [-0.7652963 , -0.6773812 , -0.70152618, ..., -0.65153254,
         -0.6773812 ,  0.        ]],

       [[ 0.        , -0.42526543, -0.34599649, ..., -0.07265996,
          0.44080862,  0.38570544],
        [ 0.42526543,  0.        ,  0.08584867, ...,  0.3583791 ,
          0.7806808 ,  0.74144915],
        [ 0.34599649, -0.08584867,  0.        , ...,  0.27690976,
          0.72414926,  0.68110662],
        ...,
        [ 0.07265996, -0.3583791 , -0.27690976, ...,  0.        ,
          0.50486312,  0.45172361],
        [-0.44080862, -0.7806808 , -0.72414926, ..., -0.50486312,
          0.        , -0.06049009],
        [-0.38570544, -0.74144915, -0.68110662, ..., -0.45172361,
          0.06049009,  0.        ]],

       [[ 0.        , -0.00242395,  0.06692941, ...,  0.99506899,
          0.95048271,  0.56885716],
        [ 0.00242395,  0.        ,  0.06934772, ...,  0.99482565,
          0.94972661,  0.56686195],
        [-0.06692941, -0.06934772,  0.        , ...,  0.99947617,
          0.96915161,  0.6226268 ],
        ...,
        [-0.99506899, -0.99482565, -0.99947617, ...,  0.        ,
          0.21497121,  0.76195871],
        [-0.95048271, -0.94972661, -0.96915161, ..., -0.21497121,
          0.        ,  0.60492355],
        [-0.56885716, -0.56686195, -0.6226268 , ..., -0.76195871,
         -0.60492355,  0.        ]],

       ...,

       [[ 0.        , -0.03359349, -0.00187488, ...,  0.06804082,
          0.3339149 ,  0.95730109],
        [ 0.03359349,  0.        ,  0.03171961, ...,  0.10151806,
          0.36539177,  0.96647241],
        [ 0.00187488, -0.03171961,  0.        , ...,  0.06991123,
          0.33568158,  0.95784142],
        ...,
        [-0.06804082, -0.10151806, -0.06991123, ...,  0.        ,
          0.26900557,  0.93541247],
        [-0.3339149 , -0.36539177, -0.33568158, ..., -0.26900557,
          0.        ,  0.80582272],
        [-0.95730109, -0.96647241, -0.95784142, ..., -0.93541247,
         -0.80582272,  0.        ]],

       [[ 0.        ,  0.31693218,  0.44911341, ...,  0.7171784 ,
          0.58607657,  0.        ],
        [-0.31693218,  0.        ,  0.1427899 , ...,  0.90107331,
          0.81265936,  0.31693218],
        [-0.44911341, -0.1427899 ,  0.        , ...,  0.95376327,
          0.88754131,  0.44911341],
        ...,
        [-0.7171784 , -0.90107331, -0.95376327, ...,  0.        ,
          0.17266718,  0.7171784 ],
        [-0.58607657, -0.81265936, -0.88754131, ..., -0.17266718,
          0.        ,  0.58607657],
        [-0.        , -0.31693218, -0.44911341, ..., -0.7171784 ,
         -0.58607657,  0.        ]],

       [[ 0.        ,  0.26254016,  0.32948971, ...,  0.30915423,
          0.34588727,  0.48406081],
        [-0.26254016,  0.        ,  0.07005185, ...,  0.54798826,
          0.58008907,  0.69681214],
        [-0.32948971, -0.07005185,  0.        , ...,  0.60523944,
          0.63572494,  0.74534526],
        ...,
        [-0.30915423, -0.54798826, -0.60523944, ...,  0.        ,
         -0.03887089, -0.18982702],
        [-0.34588727, -0.58008907, -0.63572494, ...,  0.03887089,
          0.        , -0.15151943],
        [-0.48406081, -0.69681214, -0.74534526, ...,  0.18982702,
          0.15151943,  0.        ]]]), 'num': array([1.91235830e+07, 1.61331830e+07, 4.80000000e+01, 6.23000000e+04,
       6.30000000e+04, 6.06000000e+04, 5.02310000e+05, 8.00000000e+02,
       6.01000000e+04, 5.56600000e+04, 5.01483333e+04, 8.86178862e+01,
       6.13883156e+04, 4.99316844e+04])}
{'img': array([[[ 0.        ,  0.03247928, -0.01669295, ...,  0.99997594,
          0.9124885 ,  0.66453994],
        [-0.03247928,  0.        , -0.04915889, ...,  0.99922307,
          0.92529443,  0.68845957],
        [ 0.01669295,  0.04915889,  0.        , ...,  0.9999524 ,
          0.90553223,  0.65197349],
        ...,
        [-0.99997594, -0.99922307, -0.9999524 , ...,  0.        ,
          0.41542196,  0.75184433],
        [-0.9124885 , -0.92529443, -0.90553223, ..., -0.41542196,
          0.        ,  0.40999468],
        [-0.66453994, -0.68845957, -0.65197349, ..., -0.75184433,
         -0.40999468,  0.        ]],

       [[ 0.        ,  0.08584867, -0.2119201 , ...,  0.7806808 ,
          0.74144915,  0.50383916],
        [-0.08584867,  0.        , -0.29503652, ...,  0.72414926,
          0.68110662,  0.42782322],
        [ 0.2119201 ,  0.29503652,  0.        , ...,  0.89538442,
          0.86680892,  0.67545151],
        ...,
        [-0.7806808 , -0.72414926, -0.89538442, ...,  0.        ,
         -0.06049009, -0.35948591],
        [-0.74144915, -0.68110662, -0.86680892, ...,  0.06049009,
          0.        , -0.30238126],
        [-0.50383916, -0.42782322, -0.67545151, ...,  0.35948591,
          0.30238126,  0.        ]],

       [[ 0.        ,  0.06718131,  0.09443535, ...,  0.98301272,
          0.8735244 ,  0.5522807 ],
        [-0.06718131,  0.        ,  0.02734092, ...,  0.99312217,
          0.90425346,  0.60703923],
        [-0.09443535, -0.02734092,  0.        , ...,  0.99595206,
          0.91558989,  0.62853936],
        ...,
        [-0.98301272, -0.99312217, -0.99595206, ...,  0.        ,
          0.31818687,  0.71813246],
        [-0.8735244 , -0.90425346, -0.91558989, ..., -0.31818687,
          0.        ,  0.4593814 ],
        [-0.5522807 , -0.60703923, -0.62853936, ..., -0.71813246,
         -0.4593814 ,  0.        ]],

       ...,

       [[ 0.        ,  0.03049589, -0.16090191, ...,  0.34801553,
          0.84505823,  0.97540968],
        [-0.03049589,  0.        , -0.19092561, ...,  0.31926411,
          0.82835982,  0.96823473],
        [ 0.16090191,  0.19092561,  0.        , ...,  0.49432476,
          0.92007757,  0.99816319],
        ...,
        [-0.34801553, -0.31926411, -0.49432476, ...,  0.        ,
          0.60615764,  0.83773317],
        [-0.84505823, -0.82835982, -0.92007757, ..., -0.60615764,
          0.        ,  0.33527605],
        [-0.97540968, -0.96823473, -0.99816319, ..., -0.83773317,
         -0.33527605,  0.        ]],

       [[ 0.        ,  0.18952432,  0.26373315, ...,  0.86368016,
          0.70269985,  0.17500657],
        [-0.18952432,  0.        ,  0.07613892, ...,  0.94355473,
          0.82480811,  0.35843419],
        [-0.26373315, -0.07613892,  0.        , ...,  0.96603428,
          0.86546379,  0.42847361],
        ...,
        [-0.86368016, -0.94355473, -0.96603428, ...,  0.        ,
          0.26030769,  0.76214086],
        [-0.70269985, -0.82480811, -0.86546379, ..., -0.26030769,
          0.        ,  0.56734047],
        [-0.17500657, -0.35843419, -0.42847361, ..., -0.76214086,
         -0.56734047,  0.        ]],

       [[ 0.        ,  0.20449576,  0.37048756, ...,  0.34886189,
          0.48807195,  0.61962702],
        [-0.20449576,  0.        ,  0.17271489, ...,  0.5331377 ,
          0.65624234,  0.76704071],
        [-0.37048756, -0.17271489,  0.        , ...,  0.67124735,
          0.77670229,  0.86632712],
        ...,
        [-0.34886189, -0.5331377 , -0.67124735, ...,  0.        ,
         -0.15292056, -0.30687798],
        [-0.48807195, -0.65624234, -0.77670229, ...,  0.15292056,
          0.        , -0.15772666],
        [-0.61962702, -0.76704071, -0.86632712, ...,  0.30687798,
          0.15772666,  0.        ]]]), 'num': array([ 1.89772770e+07,  6.22607700e+06,  2.07000000e+02,  6.16000000e+04,
        6.24000000e+04,  6.13000000e+04,  3.79792000e+05, -7.00000000e+02,
        6.08000000e+04,  5.59950000e+04,  5.04016667e+04,  8.17391304e+01,
        6.22644418e+04,  4.97255582e+04])}
{'img': array([[[ 0.        , -0.04915889, -0.41353144, ...,  0.92529443,
          0.68845957,  0.91445295],
        [ 0.04915889,  0.        , -0.3682728 , ...,  0.90553223,
          0.65197349,  0.89345313],
        [ 0.41353144,  0.3682728 ,  0.        , ...,  0.68563956,
          0.32691153,  0.66524716],
        ...,
        [-0.92529443, -0.90553223, -0.68563956, ...,  0.        ,
          0.40999468,  0.02765359],
        [-0.68845957, -0.65197349, -0.32691153, ..., -0.40999468,
          0.        , -0.38461538],
        [-0.91445295, -0.89345313, -0.66524716, ..., -0.02765359,
          0.38461538,  0.        ]],

       [[ 0.        , -0.29503652,  0.410691  , ...,  0.68110662,
          0.42782322,  0.16914551],
        [ 0.29503652,  0.        ,  0.6614163 , ...,  0.86680892,
          0.67545151,  0.45240153],
        [-0.410691  , -0.6614163 ,  0.        , ...,  0.32031423,
          0.01887017, -0.25055081],
        ...,
        [-0.68110662, -0.86680892, -0.32031423, ...,  0.        ,
         -0.30238126, -0.54744694],
        [-0.42782322, -0.67545151, -0.01887017, ...,  0.30238126,
          0.        , -0.26877448],
        [-0.16914551, -0.45240153,  0.25055081, ...,  0.54744694,
          0.26877448,  0.        ]],

       [[ 0.        ,  0.0266704 , -0.01476683, ...,  0.9553225 ,
          0.87123511,  0.59516338],
        [-0.0266704 ,  0.        , -0.04142908, ...,  0.96286552,
          0.88401678,  0.61638413],
        [ 0.01476683,  0.04142908,  0.        , ...,  0.95085377,
          0.86389157,  0.58323179],
        ...,
        [-0.9553225 , -0.96286552, -0.95085377, ...,  0.        ,
          0.21142832,  0.59179196],
        [-0.87123511, -0.88401678, -0.86389157, ..., -0.21142832,
          0.        ,  0.4079832 ],
        [-0.59516338, -0.61638413, -0.58323179, ..., -0.59179196,
         -0.4079832 ,  0.        ]],

       ...,

       [[ 0.        , -0.19092561, -0.37302628, ...,  0.82835982,
          0.96823473,  0.5519903 ],
        [ 0.19092561,  0.        , -0.18901953, ...,  0.92007757,
          0.99816319,  0.70103959],
        [ 0.37302628,  0.18901953,  0.        , ...,  0.97753743,
          0.99162091,  0.82319623],
        ...,
        [-0.82835982, -0.92007757, -0.97753743, ...,  0.        ,
          0.33527605, -0.38150529],
        [-0.96823473, -0.99816319, -0.99162091, ..., -0.33527605,
          0.        , -0.66934174],
        [-0.5519903 , -0.70103959, -0.82319623, ...,  0.38150529,
          0.66934174,  0.        ]],

       [[ 0.        ,  0.07379659,  0.06280728, ...,  0.90307156,
          0.74708403,  0.34816355],
        [-0.07379659,  0.        , -0.01101487, ...,  0.93230407,
          0.79410175,  0.41639363],
        [-0.06280728,  0.01101487,  0.        , ...,  0.92826371,
          0.7873589 ,  0.40635382],
        ...,
        [-0.90307156, -0.93230407, -0.92826371, ...,  0.        ,
          0.2794332 ,  0.69703701],
        [-0.74708403, -0.79410175, -0.7873589 , ..., -0.2794332 ,
          0.        ,  0.46890721],
        [-0.34816355, -0.41639363, -0.40635382, ..., -0.69703701,
         -0.46890721,  0.        ]],

       [[ 0.        ,  0.31396154,  0.46161339, ...,  0.49049314,
          0.62252579,  0.66620134],
        [-0.31396154,  0.        ,  0.15976285, ...,  0.73929193,
          0.83675429,  0.86665904],
        [-0.46161339, -0.15976285,  0.        , ...,  0.83737795,
          0.91348924,  0.935233  ],
        ...,
        [-0.49049314, -0.73929193, -0.83737795, ...,  0.        ,
         -0.15863745, -0.21476184],
        [-0.62252579, -0.83675429, -0.91348924, ...,  0.15863745,
          0.        , -0.05710642],
        [-0.66620134, -0.86665904, -0.935233  , ...,  0.21476184,
          0.05710642,  0.        ]]]), 'num': array([ 1.87143730e+07,  5.48677300e+06,  2.19000000e+02,  6.04000000e+04,
        6.21000000e+04,  6.01000000e+04,  4.73710000e+05, -1.20000000e+03,
        6.10000000e+04,  5.63250000e+04,  5.06316667e+04,  7.38095238e+01,
        6.27893252e+04,  4.98606748e+04])}
{'img': array([[[ 0.        , -0.3682728 , -0.14757349, ...,  0.65197349,
          0.89345313,  0.97954696],
        [ 0.3682728 ,  0.        ,  0.22703891, ...,  0.32691153,
          0.66524716,  0.83659996],
        [ 0.14757349, -0.22703891,  0.        , ...,  0.53293871,
          0.81738721,  0.93912789],
        ...,
        [-0.65197349, -0.32691153, -0.53293871, ...,  0.        ,
         -0.38461538, -0.61154611],
        [-0.89345313, -0.66524716, -0.81738721, ...,  0.38461538,
          0.        , -0.26019303],
        [-0.97954696, -0.83659996, -0.93912789, ...,  0.61154611,
          0.26019303,  0.        ]],

       [[ 0.        ,  0.6614163 ,  0.23259274, ...,  0.67545151,
          0.45240153,  0.62888507],
        [-0.6614163 ,  0.        , -0.46882747, ...,  0.01887017,
         -0.25055081, -0.04257429],
        [-0.23259274,  0.46882747,  0.        , ...,  0.48541182,
          0.23256452,  0.43079695],
        ...,
        [-0.67545151, -0.01887017, -0.48541182, ...,  0.        ,
         -0.26877448, -0.06141977],
        [-0.45240153,  0.25055081, -0.23256452, ...,  0.26877448,
