state_0,state_1,state_2,state_3,state_4,state_5,state_6,state_7,state_8,state_9,state_10,state_11,state_12,state_13,state_14,state_15,state_16,state_17,state_18,state_19,state_20,state_21,state_22,state_23,state_24,state_25,state_26,state_27,state_28,state_29,state_30,state_31,state_32,state_33,state_34,state_35,state_36,state_37,state_38,state_39,state_40,state_41,state_42,state_43,state_44,state_45,state_46,state_47,state_48,state_49,state_50,state_51,state_52,state_53,state_54,state_55,state_56,state_57,state_58,state_59,state_60,state_61,state_62,state_63,state_64,state_65,state_66,state_67,state_68,state_69,state_70,state_71,state_72,state_73,state_74,state_75,state_76,state_77
{'img': array([[[ 0.        ,  0.08099024, -0.02402421, ...,  0.46510685,
          0.53243195,  0.39417799],
        [-0.08099024,  0.        , -0.10491215, ...,  0.39188195,
          0.46212682,  0.31845028],
        [ 0.02402421,  0.10491215,  0.        , ...,  0.48624016,
          0.55261412,  0.41614329],
        ...,
        [-0.46510685, -0.39188195, -0.48624016, ...,  0.        ,
          0.0776375 , -0.07850121],
        [-0.53243195, -0.46212682, -0.55261412, ..., -0.0776375 ,
          0.        , -0.15566218],
        [-0.39417799, -0.31845028, -0.41614329, ...,  0.07850121,
          0.15566218,  0.        ]],

       [[ 0.        ,  0.03570572,  0.0299999 , ...,  0.92257419,
          0.13276318,  0.55892083],
        [-0.03570572,  0.        , -0.00570888, ...,  0.90820994,
          0.09728888,  0.5289565 ],
        [-0.0299999 ,  0.00570888,  0.        , ...,  0.91058439,
          0.10296909,  0.53379271],
        ...,
        [-0.92257419, -0.90820994, -0.91058439, ...,  0.        ,
         -0.86318472, -0.54937523],
        [-0.13276318, -0.09728888, -0.10296909, ...,  0.86318472,
          0.        ,  0.44388313],
        [-0.55892083, -0.5289565 , -0.53379271, ...,  0.54937523,
         -0.44388313,  0.        ]],

       [[ 0.        ,  0.01199255,  0.07278747, ...,  0.19015291,
          0.24457973,  0.38758559],
        [-0.01199255,  0.        ,  0.0608215 , ...,  0.17836549,
          0.23293382,  0.37650258],
        [-0.07278747, -0.0608215 ,  0.        , ...,  0.11818909,
          0.17335412,  0.31945956],
        ...,
        [-0.19015291, -0.17836549, -0.11818909, ...,  0.        ,
          0.05573944,  0.20522453],
        [-0.24457973, -0.23293382, -0.17335412, ..., -0.05573944,
          0.        ,  0.15035245],
        [-0.38758559, -0.37650258, -0.31945956, ..., -0.20522453,
         -0.15035245,  0.        ]],

       ...,

       [[ 0.        ,  0.16518101,  0.17880353, ...,  0.81411282,
          0.84355985,  0.61809818],
        [-0.16518101,  0.        ,  0.01382827, ...,  0.70700784,
          0.74326409,  0.47975859],
        [-0.17880353, -0.01382827,  0.        , ...,  0.69716081,
          0.73394194,  0.46757979],
        ...,
        [-0.81411282, -0.70700784, -0.69716081, ...,  0.        ,
          0.05265368, -0.28104105],
        [-0.84355985, -0.74326409, -0.73394194, ..., -0.05265368,
          0.        , -0.33118271],
        [-0.61809818, -0.47975859, -0.46757979, ...,  0.28104105,
          0.33118271,  0.        ]],

       [[ 0.        , -0.25949362, -0.4089999 , ..., -0.89019227,
         -0.91087082, -0.93128081],
        [ 0.25949362,  0.        , -0.15819267, ..., -0.74147717,
         -0.77257794, -0.80484554],
        [ 0.4089999 ,  0.15819267,  0.        , ..., -0.62599687,
         -0.66241016, -0.70082626],
        ...,
        [ 0.89019227,  0.74147717,  0.62599687, ...,  0.        ,
         -0.04760423, -0.09997863],
        [ 0.91087082,  0.77257794,  0.66241016, ...,  0.04760423,
          0.        , -0.05249957],
        [ 0.93128081,  0.80484554,  0.70082626, ...,  0.09997863,
          0.05249957,  0.        ]],

       [[ 0.        , -0.15566072, -0.31561296, ...,  0.48146968,
          0.43841883,  0.38228609],
        [ 0.15566072,  0.        , -0.16406123, ...,  0.61203167,
          0.57297807,  0.5214636 ],
        [ 0.31561296,  0.16406123,  0.        , ...,  0.73348381,
          0.69967408,  0.65438696],
        ...,
        [-0.48146968, -0.61203167, -0.73348381, ...,  0.        ,
         -0.04847311, -0.10983966],
        [-0.43841883, -0.57297807, -0.69967408, ...,  0.04847311,
          0.        , -0.06153072],
        [-0.38228609, -0.5214636 , -0.65438696, ...,  0.10983966,
          0.06153072,  0.        ]]]), 'num': array([7.88812200e+06, 9.97722000e+05, 1.44000000e+02, 4.78500000e+04,
       4.84500000e+04, 4.49500000e+04, 2.21666000e+05, 2.65000000e+03,
       4.54400000e+04, 4.75575000e+04, 4.59291667e+04, 4.07713499e+01,
       5.33351531e+04, 4.17798469e+04])}
{'img': array([[[ 0.        , -0.10491215, -0.20465361, ...,  0.46212682,
          0.31845028,  0.7462177 ],
        [ 0.10491215,  0.        , -0.10083261, ...,  0.55261412,
          0.41614329,  0.81193992],
        [ 0.20465361,  0.10083261,  0.        , ...,  0.63383532,
          0.50570937,  0.86666192],
        ...,
        [-0.46212682, -0.55261412, -0.63383532, ...,  0.        ,
         -0.15566218,  0.35411744],
        [-0.31845028, -0.41614329, -0.50570937, ...,  0.15566218,
          0.        ,  0.4953763 ],
        [-0.7462177 , -0.81193992, -0.86666192, ..., -0.35411744,
         -0.4953763 ,  0.        ]],

       [[ 0.        , -0.00570888,  0.00504429, ...,  0.09728888,
          0.5289565 ,  0.87330585],
        [ 0.00570888,  0.        ,  0.01075301, ...,  0.10296909,
          0.53379271,  0.87607283],
        [-0.00504429, -0.01075301,  0.        , ...,  0.09226728,
          0.52466894,  0.8708373 ],
        ...,
        [-0.09728888, -0.10296909, -0.09226728, ...,  0.        ,
          0.44388313,  0.8217666 ],
        [-0.5289565 , -0.53379271, -0.52466894, ..., -0.44388313,
          0.        ,  0.48343711],
        [-0.87330585, -0.87607283, -0.8708373 , ..., -0.8217666 ,
         -0.48343711,  0.        ]],

       [[ 0.        ,  0.0608215 ,  0.14748947, ...,  0.23293382,
          0.37650258,  0.58482737],
        [-0.0608215 ,  0.        ,  0.08706009, ...,  0.17335412,
          0.31945956,  0.53440883],
        [-0.14748947, -0.08706009,  0.        , ...,  0.08695395,
          0.23574846,  0.45879425],
        ...,
        [-0.23293382, -0.17335412, -0.08695395, ...,  0.        ,
          0.15035245,  0.37979421],
        [-0.37650258, -0.31945956, -0.23574846, ..., -0.15035245,
          0.        ,  0.23639019],
        [-0.58482737, -0.53440883, -0.45879425, ..., -0.37979421,
         -0.23639019,  0.        ]],

       ...,

       [[ 0.        ,  0.01382827,  0.24556266, ...,  0.74326409,
          0.47975859,  0.78328151],
        [-0.01382827,  0.        ,  0.23213432, ...,  0.73394194,
          0.46757979,  0.77461004],
        [-0.24556266, -0.23213432,  0.        , ...,  0.55622492,
          0.24961192,  0.60663975],
        ...,
        [-0.74326409, -0.73394194, -0.55622492, ...,  0.        ,
         -0.33118271,  0.06195098],
        [-0.47975859, -0.46757979, -0.24961192, ...,  0.33118271,
          0.        ,  0.38900145],
        [-0.78328151, -0.77461004, -0.60663975, ..., -0.06195098,
         -0.38900145,  0.        ]],

       [[ 0.        , -0.32456801, -0.45170999, ..., -0.8993112 ,
         -0.92162714, -0.94824683],
        [ 0.32456801,  0.        , -0.13768731, ..., -0.70868802,
         -0.74577519, -0.79384955],
        [ 0.45170999,  0.13768731,  0.        , ..., -0.60479687,
         -0.64694527, -0.70255912],
        ...,
        [ 0.8993112 ,  0.70868802,  0.60479687, ...,  0.        ,
         -0.05403448, -0.12911507],
        [ 0.92162714,  0.74577519,  0.64694527, ...,  0.05403448,
          0.        , -0.07534425],
        [ 0.94824683,  0.79384955,  0.70255912, ...,  0.12911507,
          0.07534425,  0.        ]],

       [[ 0.        , -0.16406123, -0.34612989, ...,  0.57297807,
          0.5214636 ,  0.53525469],
        [ 0.16406123,  0.        , -0.18751983, ...,  0.69967408,
          0.65438696,  0.66658308],
        [ 0.34612989,  0.18751983,  0.        , ...,  0.82123826,
          0.78457363,  0.79454148],
        ...,
        [-0.57297807, -0.69967408, -0.82123826, ...,  0.        ,
         -0.06153072, -0.04531019],
        [-0.5214636 , -0.65438696, -0.78457363, ...,  0.06153072,
          0.        ,  0.01624319],
        [-0.53525469, -0.66658308, -0.79454148, ...,  0.04531019,
         -0.01624319,  0.        ]]]), 'num': array([ 8.60000000e+06,  8.60000000e+06,  0.00000000e+00,  4.63000000e+04,
        4.81000000e+04,  4.62500000e+04,  2.07422000e+05, -1.55000000e+03,
        4.61900000e+04,  4.73175000e+04,  4.59733333e+04,  3.91534392e+01,
        5.28814262e+04,  4.17535738e+04])}
{'img': array([[[ 0.        , -0.10083261, -0.44146311, ...,  0.41614329,
          0.81193992,  0.60000703],
        [ 0.10083261,  0.        , -0.34873813, ...,  0.50570937,
          0.86666192,  0.67761459],
        [ 0.44146311,  0.34873813,  0.        , ...,  0.77481878,
          0.98623709,  0.8915421 ],
        ...,
        [-0.41614329, -0.50570937, -0.77481878, ...,  0.        ,
          0.4953763 ,  0.21267338],
        [-0.81193992, -0.86666192, -0.98623709, ..., -0.4953763 ,
          0.        , -0.29929895],
        [-0.60000703, -0.67761459, -0.8915421 , ..., -0.21267338,
          0.29929895,  0.        ]],

       [[ 0.        ,  0.01075301,  0.15195749, ...,  0.53379271,
          0.87607283,  0.82505093],
        [-0.01075301,  0.        ,  0.14132056, ...,  0.52466894,
          0.8708373 ,  0.81892715],
        [-0.15195749, -0.14132056,  0.        , ...,  0.39909621,
          0.79262834,  0.72960479],
        ...,
        [-0.53379271, -0.52466894, -0.39909621, ...,  0.        ,
          0.48343711,  0.39605169],
        [-0.87607283, -0.8708373 , -0.79262834, ..., -0.48343711,
          0.        , -0.09721022],
        [-0.82505093, -0.81892715, -0.72960479, ..., -0.39605169,
          0.09721022,  0.        ]],

       [[ 0.        ,  0.08706009, -0.04311043, ...,  0.31945956,
          0.53440883,  0.66355407],
        [-0.08706009,  0.        , -0.12992589, ...,  0.23574846,
          0.45879425,  0.59590248],
        [ 0.04311043,  0.12992589,  0.        , ...,  0.360014  ,
          0.57035006,  0.69518931],
        ...,
        [-0.31945956, -0.23574846, -0.360014  , ...,  0.        ,
          0.23639019,  0.38978703],
        [-0.53440883, -0.45879425, -0.57035006, ..., -0.23639019,
          0.        ,  0.16104685],
        [-0.66355407, -0.59590248, -0.69518931, ..., -0.38978703,
         -0.16104685,  0.        ]],

       ...,

       [[ 0.        ,  0.23213432, -0.07453884, ...,  0.46757979,
          0.77461004,  0.73786613],
        [-0.23213432,  0.        , -0.30399127, ...,  0.24961192,
          0.60663975,  0.561032  ],
        [ 0.07453884,  0.30399127,  0.        , ...,  0.53216771,
          0.81959644,  0.78612325],
        ...,
        [-0.46757979, -0.24961192, -0.53216771, ...,  0.        ,
          0.38900145,  0.3366458 ],
        [-0.77461004, -0.60663975, -0.81959644, ..., -0.38900145,
          0.        , -0.05616535],
        [-0.73786613, -0.561032  , -0.78612325, ..., -0.3366458 ,
          0.05616535,  0.        ]],

       [[ 0.        , -0.3276231 , -0.56094124, ..., -0.90439534,
         -0.93517329, -0.96051479],
        [ 0.3276231 ,  0.        , -0.25875743, ..., -0.71468511,
         -0.76751869, -0.81634831],
        [ 0.56094124,  0.25875743,  0.        , ..., -0.50935766,
         -0.5755084 , -0.63909747],
        ...,
        [ 0.90439534,  0.71468511,  0.50935766, ...,  0.        ,
         -0.078706  , -0.15821838],
        [ 0.93517329,  0.76751869,  0.5755084 , ...,  0.078706  ,
          0.        , -0.08001294],
        [ 0.96051479,  0.81634831,  0.63909747, ...,  0.15821838,
          0.08001294,  0.        ]],

       [[ 0.        , -0.18751983, -0.39426859, ...,  0.65438696,
          0.66658308,  0.6618963 ],
        [ 0.18751983,  0.        , -0.21494475, ...,  0.78457363,
          0.79454148,  0.7907188 ],
        [ 0.39426859,  0.21494475,  0.        , ...,  0.89950859,
          0.90648661,  0.90382149],
        ...,
        [-0.65438696, -0.78457363, -0.89950859, ...,  0.        ,
          0.01624319,  0.00997393],
        [-0.66658308, -0.79454148, -0.90648661, ..., -0.01624319,
          0.        , -0.00626977],
        [-0.6618963 , -0.7907188 , -0.90382149, ..., -0.00997393,
          0.00626977,  0.        ]]]), 'num': array([8.61134900e+06, 7.53494900e+06, 2.30000000e+01, 4.68000000e+04,
       4.70500000e+04, 4.57500000e+04, 1.70876000e+05, 5.00000000e+02,
       4.64300000e+04, 4.71775000e+04, 4.60333333e+04, 4.32876712e+01,
       5.26447182e+04, 4.17102818e+04])}
{'img': array([[[ 0.        , -0.34873813, -0.63060264, ...,  0.86666192,
          0.67761459,  0.7454848 ],
        [ 0.34873813,  0.        , -0.32035584, ...,  0.98623709,
          0.8915421 ,  0.93112527],
        [ 0.63060264,  0.32035584,  0.        , ...,  0.98722647,
          0.98965669,  0.99888605],
        ...,
        [-0.86666192, -0.98623709, -0.98722647, ...,  0.        ,
         -0.29929895, -0.20573047],
        [-0.67761459, -0.8915421 , -0.98965669, ...,  0.29929895,
          0.        ,  0.09659689],
        [-0.7454848 , -0.93112527, -0.99888605, ...,  0.20573047,
         -0.09659689,  0.        ]],

       [[ 0.        ,  0.14132056,  0.37669717, ...,  0.8708373 ,
          0.81892715,  0.6522823 ],
        [-0.14132056,  0.        ,  0.2420062 , ...,  0.79262834,
          0.72960479,  0.53861831],
        [-0.37669717, -0.2420062 ,  0.        , ...,  0.62151482,
          0.54241652,  0.31870543],
        ...,
        [-0.8708373 , -0.79262834, -0.62151482, ...,  0.        ,
         -0.09721022, -0.33943059],
        [-0.81892715, -0.72960479, -0.54241652, ...,  0.09721022,
          0.        , -0.24638405],
        [-0.6522823 , -0.53861831, -0.31870543, ...,  0.33943059,
          0.24638405,  0.        ]],

       [[ 0.        , -0.12992589, -0.25881065, ...,  0.45879425,
          0.59590248,  0.63658772],
        [ 0.12992589,  0.        , -0.13111783, ...,  0.57035006,
          0.69518931,  0.73139123],
        [ 0.25881065,  0.13111783,  0.        , ...,  0.67312652,
          0.78343859,  0.81449384],
        ...,
        [-0.45879425, -0.57035006, -0.67312652, ...,  0.        ,
          0.16104685,  0.21181118],
        [-0.59590248, -0.69518931, -0.78343859, ..., -0.16104685,
          0.        ,  0.05165356],
        [-0.63658772, -0.73139123, -0.81449384, ..., -0.21181118,
         -0.05165356,  0.        ]],

       ...,

       [[ 0.        , -0.30399127, -0.23827195, ...,  0.60663975,
          0.561032  ,  0.67261187],
        [ 0.30399127,  0.        ,  0.06824017, ...,  0.81959644,
          0.78612325,  0.86573255],
        [ 0.23827195, -0.06824017,  0.        , ...,  0.77858829,
          0.74211354,  0.82955979],
        ...,
        [-0.60663975, -0.81959644, -0.77858829, ...,  0.        ,
         -0.05616535,  0.08580022],
        [-0.561032  , -0.78612325, -0.74211354, ...,  0.05616535,
          0.        ,  0.14162302],
        [-0.67261187, -0.86573255, -0.82955979, ..., -0.08580022,
         -0.14162302,  0.        ]],

       [[ 0.        , -0.47547705, -0.67601489, ..., -0.91970039,
         -0.94925626, -0.96180085],
        [ 0.47547705,  0.        , -0.244336  , ..., -0.62240406,
         -0.68554816, -0.71596137],
        [ 0.67601489,  0.244336  ,  0.        , ..., -0.41229856,
         -0.48688635, -0.52368032],
        ...,
        [ 0.91970039,  0.62240406,  0.41229856, ...,  0.        ,
         -0.08344873, -0.12585506],
        [ 0.94925626,  0.68554816,  0.48688635, ...,  0.08344873,
          0.        , -0.04263089],
        [ 0.96180085,  0.71596137,  0.52368032, ...,  0.12585506,
          0.04263089,  0.        ]],

       [[ 0.        , -0.21494475, -0.51516817, ...,  0.79454148,
          0.7907188 ,  0.784354  ],
        [ 0.21494475,  0.        , -0.31889993, ...,  0.90648661,
          0.90382149,  0.8993538 ],
        [ 0.51516817,  0.31889993,  0.        , ...,  0.99380806,
          0.99309189,  0.99182704],
        ...,
        [-0.79454148, -0.90648661, -0.99380806, ...,  0.        ,
         -0.00626977, -0.01659729],
        [-0.7907188 , -0.90382149, -0.99309189, ...,  0.00626977,
          0.        , -0.01032806],
        [-0.784354  , -0.8993538 , -0.99182704, ...,  0.01659729,
          0.01032806,  0.        ]]]), 'num': array([ 8.52730700e+06,  5.47545700e+06,  6.70000000e+01,  4.55500000e+04,
        4.70500000e+04,  4.55500000e+04,  1.56104000e+05, -1.25000000e+03,
        4.63400000e+04,  4.69700000e+04,  4.60791667e+04,  4.25876011e+01,
        5.23528803e+04,  4.15871197e+04])}
{'img': array([[[ 0.        , -0.32035584,  0.0210933 , ...,  0.8915421 ,
          0.93112527,  0.81645551],
        [ 0.32035584,  0.        ,  0.34026619, ...,  0.98965669,
          0.99888605,  0.95840222],
        [-0.0210933 , -0.34026619,  0.        , ...,  0.88178979,
          0.92322539,  0.80409441],
        ...,
        [-0.8915421 , -0.98965669, -0.88178979, ...,  0.        ,
          0.09659689, -0.14498027],
        [-0.93112527, -0.99888605, -0.92322539, ..., -0.09659689,
          0.        , -0.23987858],
        [-0.81645551, -0.95840222, -0.80409441, ...,  0.14498027,
          0.23987858,  0.        ]],

       [[ 0.        ,  0.2420062 ,  0.019843  , ...,  0.72960479,
          0.53861831,  0.44915553],
        [-0.2420062 ,  0.        , -0.22270539, ...,  0.54241652,
          0.31870543,  0.21958294],
        [-0.019843  ,  0.22270539,  0.        , ...,  0.71589112,
          0.52179355,  0.4313383 ],
        ...,
        [-0.72960479, -0.54241652, -0.71589112, ...,  0.        ,
         -0.24638405, -0.34470446],
        [-0.53861831, -0.31870543, -0.52179355, ...,  0.24638405,
          0.        , -0.10279452],
        [-0.44915553, -0.21958294, -0.4313383 , ...,  0.34470446,
          0.10279452,  0.        ]],

       [[ 0.        , -0.13111783, -0.26854142, ...,  0.69518931,
          0.73139123,  0.71802847],
        [ 0.13111783,  0.        , -0.13992142, ...,  0.78343859,
          0.81449384,  0.80308939],
        [ 0.26854142,  0.13992142,  0.        , ...,  0.86268845,
          0.88765987,  0.87856246],
        ...,
        [-0.69518931, -0.78343859, -0.86268845, ...,  0.        ,
          0.05165356,  0.03227673],
        [-0.73139123, -0.81449384, -0.88765987, ..., -0.05165356,
          0.        , -0.019393  ],
        [-0.71802847, -0.80308939, -0.87856246, ..., -0.03227673,
          0.019393  ,  0.        ]],

       ...,

       [[ 0.        ,  0.06824017,  0.26630325, ...,  0.78612325,
          0.86573255,  0.85360171],
        [-0.06824017,  0.        ,  0.1999065 , ...,  0.74211354,
          0.82955979,  0.81606381],
        [-0.26630325, -0.1999065 ,  0.        , ...,  0.5931418 ,
          0.70118373,  0.68405322],
        ...,
        [-0.78612325, -0.74211354, -0.5931418 , ...,  0.        ,
          0.14162302,  0.11807321],
        [-0.86573255, -0.82955979, -0.70118373, ..., -0.14162302,
          0.        , -0.02374924],
        [-0.85360171, -0.81606381, -0.68405322, ..., -0.11807321,
          0.02374924,  0.        ]],

       [[ 0.        , -0.52996358, -0.78040142, ..., -0.91712035,
         -0.9347716 , -0.95337466],
        [ 0.52996358,  0.        , -0.33042131, ..., -0.56648777,
         -0.60443619, -0.64854384],
        [ 0.78040142,  0.33042131,  0.        , ..., -0.26237982,
         -0.30725584, -0.36060823],
        ...,
        [ 0.91712035,  0.56648777,  0.26237982, ...,  0.        ,
         -0.04680333, -0.10324799],
        [ 0.9347716 ,  0.60443619,  0.30725584, ...,  0.04680333,
          0.        , -0.05658165],
        [ 0.95337466,  0.64854384,  0.36060823, ...,  0.10324799,
          0.05658165,  0.        ]],

       [[ 0.        , -0.31889993, -0.45971503, ...,  0.90382149,
          0.8993538 ,  0.88612566],
        [ 0.31889993,  0.        , -0.15250822, ...,  0.99309189,
          0.99182704,  0.98765221],
        [ 0.45971503,  0.15250822,  0.        , ...,  0.9993701 ,
          0.99968332,  0.99999116],
        ...,
        [-0.90382149, -0.99309189, -0.9993701 , ...,  0.        ,
         -0.01032806, -0.03968982],
        [-0.8993538 , -0.99182704, -0.99968332, ...,  0.01032806,
          0.        , -0.02936778],
        [-0.88612566, -0.98765221, -0.99999116, ...,  0.03968982,
          0.02936778,  0.        ]]]), 'num': array([8.52709400e+06, 3.97209400e+06, 1.00000000e+02, 4.55500000e+04,
       4.78500000e+04, 4.50500000e+04, 1.55982200e+06, 0.00000000e+00,
       4.64100000e+04, 4.67625000e+04, 4.61433333e+04, 4.38888889e+01,
       5.20270869e+04, 4.14979131e+04])}
{'img': array([[[ 0.        ,  0.34026619, -0.13867343, ...,  0.99888605,
          0.95840222,  0.95840222],
        [-0.34026619,  0.        , -0.46737726, ...,  0.92322539,
          0.80409441,  0.80409441],
        [ 0.13867343,  0.46737726,  0.        , ...,  0.99577862,
          0.98872261,  0.98872261],
        ...,
        [-0.99888605, -0.92322539, -0.99577862, ...,  0.        ,
         -0.23987858, -0.23987858],
        [-0.95840222, -0.80409441, -0.98872261, ...,  0.23987858,
          0.        ,  0.        ],
        [-0.95840222, -0.80409441, -0.98872261, ...,  0.23987858,
          0.        ,  0.        ]],

       [[ 0.        , -0.08982727, -0.32727284, ...,  0.12061825,
          0.08374328,  0.43818743],
        [ 0.08982727,  0.        , -0.24106932, ...,  0.20930207,
          0.17291647,  0.35567173],
        [ 0.32727284,  0.24106932,  0.        , ...,  0.4388592 ,
          0.40525478,  0.1198762 ],
        ...,
        [-0.12061825, -0.20930207, -0.4388592 , ...,  0.        ,
         -0.0370627 ,  0.54340998],
        [-0.08374328, -0.17291647, -0.40525478, ...,  0.0370627 ,
          0.        ,  0.5119237 ],
        [-0.43818743, -0.35567173, -0.1198762 , ..., -0.54340998,
         -0.5119237 ,  0.        ]],

       [[ 0.        , -0.13992142, -0.33662261, ...,  0.81449384,
          0.80308939,  0.8119846 ],
        [ 0.13992142,  0.        , -0.20155556, ...,  0.88765987,
          0.87856246,  0.88566597],
        [ 0.33662261,  0.20155556,  0.        , ...,  0.96225877,
          0.95680027,  0.96107639],
        ...,
        [-0.81449384, -0.88765987, -0.96225877, ...,  0.        ,
         -0.019393  , -0.00431194],
        [-0.80308939, -0.87856246, -0.95680027, ...,  0.019393  ,
          0.        ,  0.01508169],
        [-0.8119846 , -0.88566597, -0.96107639, ...,  0.00431194,
         -0.01508169,  0.        ]],

       ...,

       [[ 0.        ,  0.1999065 ,  0.42669642, ...,  0.82955979,
          0.81606381,  0.84073693],
        [-0.1999065 ,  0.        ,  0.23728913, ...,  0.70118373,
          0.68405322,  0.71552849],
        [-0.42669642, -0.23728913,  0.        , ...,  0.51197473,
          0.49142972,  0.52932605],
        ...,
        [-0.82955979, -0.70118373, -0.51197473, ...,  0.        ,
         -0.02374924,  0.02032253],
        [-0.81606381, -0.68405322, -0.49142972, ...,  0.02374924,
          0.        ,  0.04406113],
        [-0.84073693, -0.71552849, -0.52932605, ..., -0.02032253,
         -0.04406113,  0.        ]],

       [[ 0.        , -0.65116014, -0.87782349, ..., -0.88441367,
         -0.91260282, -0.93887468],
        [ 0.65116014,  0.        , -0.35432021, ..., -0.3673183 ,
         -0.42638606, -0.48838208],
        [ 0.87782349,  0.35432021,  0.        , ..., -0.01393665,
         -0.07822664, -0.14750747],
        ...,
        [ 0.88441367,  0.3673183 ,  0.01393665, ...,  0.        ,
         -0.0643251 , -0.13370894],
        [ 0.91260282,  0.42638606,  0.07822664, ...,  0.0643251 ,
          0.        , -0.06968453],
        [ 0.93887468,  0.48838208,  0.14750747, ...,  0.13370894,
          0.06968453,  0.        ]],

       [[ 0.        , -0.15250822,  0.06251627, ...,  0.99182704,
          0.98765221,  0.98409595],
        [ 0.15250822,  0.        ,  0.21399488, ...,  0.99968332,
          0.99999116,  0.99967541],
        [-0.06251627, -0.21399488,  0.        , ...,  0.98191053,
          0.97592636,  0.97106576],
        ...,
        [-0.99182704, -0.99968332, -0.98191053, ...,  0.        ,
         -0.02936778, -0.05062538],
        [-0.98765221, -0.99999116, -0.97592636, ...,  0.02936778,
          0.        , -0.02127343],
        [-0.98409595, -0.99967541, -0.97106576, ...,  0.05062538,
          0.02127343,  0.        ]]]), 'num': array([8.96399700e+06, 3.28874700e+06, 1.15000000e+02, 4.93500000e+04,
       4.96000000e+04, 4.60500000e+04, 4.57108000e+05, 3.80000000e+03,
       4.67100000e+04, 4.66550000e+04, 4.62791667e+04, 5.40415704e+01,
       5.16067573e+04, 4.17032427e+04])}
{'img': array([[[ 0.        , -0.46737726, -0.17334163, ...,  0.80409441,
          0.80409441,  0.99049412],
        [ 0.46737726,  0.        ,  0.30705794, ...,  0.98872261,
          0.98872261,  0.81136413],
        [ 0.17334163, -0.30705794,  0.        , ...,  0.89497371,
          0.89497371,  0.95165577],
        ...,
        [-0.80409441, -0.98872261, -0.89497371, ...,  0.        ,
          0.        ,  0.6994576 ],
        [-0.80409441, -0.98872261, -0.89497371, ...,  0.        ,
          0.        ,  0.6994576 ],
        [-0.99049412, -0.81136413, -0.95165577, ..., -0.6994576 ,
         -0.6994576 ,  0.        ]],

       [[ 0.        , -0.24106932, -0.30439752, ...,  0.17291647,
          0.35567173,  0.66591988],
        [ 0.24106932,  0.        , -0.06579079, ...,  0.40525478,
          0.1198762 ,  0.82612383],
        [ 0.30439752,  0.06579079,  0.        , ...,  0.46452296,
          0.05430011,  0.86140634],
        ...,
        [-0.17291647, -0.40525478, -0.46452296, ...,  0.        ,
          0.5119237 ,  0.52688908],
        [-0.35567173, -0.1198762 , -0.05430011, ..., -0.5119237 ,
          0.        , -0.8877154 ],
        [-0.66591988, -0.82612383, -0.86140634, ..., -0.52688908,
          0.8877154 ,  0.        ]],

       [[ 0.        , -0.20155556, -0.52417122, ...,  0.87856246,
          0.88566597,  0.91389856],
        [ 0.20155556,  0.        , -0.34176637, ...,  0.95680027,
          0.96107639,  0.97696269],
        [ 0.52417122,  0.34176637,  0.        , ...,  0.9985537 ,
          0.99762929,  0.99107125],
        ...,
        [-0.87856246, -0.95680027, -0.9985537 , ...,  0.        ,
          0.01508169,  0.07985709],
        [-0.88566597, -0.96107639, -0.99762929, ..., -0.01508169,
          0.        ,  0.06481449],
        [-0.91389856, -0.97696269, -0.99107125, ..., -0.07985709,
         -0.06481449,  0.        ]],

       ...,

       [[ 0.        ,  0.23728913,  0.35260836, ...,  0.68405322,
          0.71552849,  0.90798095],
        [-0.23728913,  0.        ,  0.12048926, ...,  0.49142972,
          0.52932605,  0.78262131],
        [-0.35260836, -0.12048926,  0.        , ...,  0.38291329,
          0.4232444 ,  0.70191529],
        ...,
        [-0.68405322, -0.49142972, -0.38291329, ...,  0.        ,
          0.04406113,  0.37568432],
        [-0.71552849, -0.52932605, -0.4232444 , ..., -0.04406113,
          0.        ,  0.33448592],
        [-0.90798095, -0.78262131, -0.70191529, ..., -0.37568432,
         -0.33448592,  0.        ]],

       [[ 0.        , -0.50839403, -0.79669711, ..., -0.58836256,
         -0.65340549, -0.72703519],
        [ 0.50839403,  0.        , -0.37879288, ..., -0.09556744,
         -0.17780512, -0.27700442],
        [ 0.79669711,  0.37879288,  0.        , ...,  0.28861323,
          0.20820175,  0.10760775],
        ...,
        [ 0.58836256,  0.09556744, -0.28861323, ...,  0.        ,
         -0.08294665, -0.1839088 ],
        [ 0.65340549,  0.17780512, -0.20820175, ...,  0.08294665,
          0.        , -0.10174319],
        [ 0.72703519,  0.27700442, -0.10760775, ...,  0.1839088 ,
          0.10174319,  0.        ]],

       [[ 0.        ,  0.21399488,  0.44191618, ...,  0.99999116,
          0.99967541,  0.99972416],
        [-0.21399488,  0.        ,  0.23971363, ...,  0.97592636,
          0.97106576,  0.98159123],
        [-0.44191618, -0.23971363,  0.        , ...,  0.89519028,
          0.88550646,  0.90718778],
        ...,
        [-0.99999116, -0.97592636, -0.89519028, ...,  0.        ,
         -0.02127343,  0.02768943],
        [-0.99967541, -0.97106576, -0.88550646, ...,  0.02127343,
          0.        ,  0.04894843],
        [-0.99972416, -0.98159123, -0.90718778, ..., -0.02768943,
         -0.04894843,  0.        ]]]), 'num': array([ 8.86768200e+06,  1.06768200e+06,  1.60000000e+02,  4.87500000e+04,
        4.99000000e+04,  4.83500000e+04,  1.88733000e+05, -6.00000000e+02,
        4.72000000e+04,  4.65325000e+04,  4.63958333e+04,  5.08158508e+01,
        5.11375271e+04,  4.19274729e+04])}
{'img': array([[[ 0.        ,  0.30705794,  0.54911197, ...,  0.98872261,
          0.81136413,  0.88341097],
        [-0.30705794,  0.        ,  0.26596152, ...,  0.89497371,
          0.95165577,  0.98462117],
        [-0.54911197, -0.26596152,  0.        , ...,  0.74408957,
          0.99907508,  0.99562299],
        ...,
        [-0.98872261, -0.89497371, -0.74408957, ...,  0.        ,
          0.6994576 ,  0.59561272],
        [-0.81136413, -0.95165577, -0.99907508, ..., -0.6994576 ,
          0.        , -0.13618554],
        [-0.88341097, -0.98462117, -0.99562299, ..., -0.59561272,
          0.13618554,  0.        ]],

       [[ 0.        , -0.06579079,  0.24021178, ...,  0.1198762 ,
          0.82612383,  0.47634083],
        [ 0.06579079,  0.        ,  0.30355582, ...,  0.05430011,
          0.86140634,  0.53315606],
        [-0.24021178, -0.30355582,  0.        , ...,  0.35484586,
          0.66657874,  0.25118503],
        ...,
        [-0.1198762 , -0.05430011, -0.35484586, ...,  0.        ,
         -0.8877154 , -0.57830829],
        [-0.82612383, -0.86140634, -0.66657874, ...,  0.8877154 ,
          0.        , -0.4579656 ],
        [-0.47634083, -0.53315606, -0.25118503, ...,  0.57830829,
          0.4579656 ,  0.        ]],

       [[ 0.        , -0.34176637, -0.18687359, ...,  0.96107639,
          0.97696269,  0.99419962],
        [ 0.34176637,  0.        ,  0.16012482, ...,  0.99762929,
          0.99107125,  0.97109098],
        [ 0.18687359, -0.16012482,  0.        , ...,  0.99577599,
          0.99963321,  0.99678412],
        ...,
        [-0.96107639, -0.99762929, -0.99577599, ...,  0.        ,
          0.06481449,  0.171316  ],
        [-0.97696269, -0.99107125, -0.99963321, ..., -0.06481449,
          0.        ,  0.1070995 ],
        [-0.99419962, -0.97109098, -0.99678412, ..., -0.171316  ,
         -0.1070995 ,  0.        ]],

       ...,

       [[ 0.        ,  0.12048926,  0.40127198, ...,  0.52932605,
          0.78262131,  0.71026514],
        [-0.12048926,  0.        ,  0.28798535, ...,  0.4232444 ,
          0.70191529,  0.62027408],
        [-0.40127198, -0.28798535,  0.        , ...,  0.14439437,
          0.46705795,  0.36810463],
        ...,
        [-0.52932605, -0.4232444 , -0.14439437, ...,  0.        ,
          0.33448592,  0.22999134],
        [-0.78262131, -0.70191529, -0.46705795, ..., -0.33448592,
          0.        , -0.10877524],
        [-0.71026514, -0.62027408, -0.36810463, ..., -0.22999134,
          0.10877524,  0.        ]],

       [[ 0.        , -0.37879288, -0.5691234 , ..., -0.17780512,
         -0.27700442, -0.3797583 ],
        [ 0.37879288,  0.        , -0.21524991, ...,  0.20820175,
          0.10760775, -0.00104337],
        [ 0.5691234 ,  0.21524991,  0.        , ...,  0.4138542 ,
          0.31908536,  0.21423088],
        ...,
        [ 0.17780512, -0.20820175, -0.4138542 , ...,  0.        ,
         -0.10174319, -0.20922214],
        [ 0.27700442, -0.10760775, -0.31908536, ...,  0.10174319,
          0.        , -0.108645  ],
        [ 0.3797583 ,  0.00104337, -0.21423088, ...,  0.20922214,
          0.108645  ,  0.        ]],

       [[ 0.        ,  0.39358858,  0.45318439, ...,  0.99929686,
          0.99992748,  0.99781038],
        [-0.39358858,  0.        ,  0.06575491, ...,  0.90388313,
          0.92395999,  0.94330561],
        [-0.45318439, -0.06575491,  0.        , ...,  0.87379835,
          0.89680982,  0.91943838],
        ...,
        [-0.99929686, -0.90388313, -0.87379835, ...,  0.        ,
          0.04952566,  0.10350493],
        [-0.99992748, -0.92395999, -0.89680982, ..., -0.04952566,
          0.        ,  0.05411826],
        [-0.99781038, -0.94330561, -0.91943838, ..., -0.10350493,
         -0.05411826,  0.        ]]]), 'num': array([ 8.71824100e+06,  7.75141000e+05,  1.66000000e+02,  4.78500000e+04,
        4.85000000e+04,  4.70000000e+04,  1.91343000e+05, -9.00000000e+02,
        4.74100000e+04,  4.64050000e+04,  4.65075000e+04,  5.78249337e+01,
        5.07058023e+04,  4.21041977e+04])}
{'img': array([[[ 0.        ,  0.4727658 ,  0.73939915, ...,  0.81867479,
          0.89026364,  0.96080424],
        [-0.4727658 ,  0.        ,  0.33325198, ...,  0.99289577,
          0.99980882,  0.97771307],
        [-0.73939915, -0.33325198,  0.        , ...,  0.97579244,
          0.93614147,  0.85186005],
        ...,
        [-0.81867479, -0.99289577, -0.97579244, ...,  0.        ,
         -0.13837872, -0.32478962],
        [-0.89026364, -0.99980882, -0.93614147, ...,  0.13837872,
          0.        , -0.19078825],
        [-0.96080424, -0.97771307, -0.85186005, ...,  0.32478962,
          0.19078825,  0.        ]],

       [[ 0.        ,  0.30355582,  0.35168498, ...,  0.86140634,
          0.53315606,  0.53818218],
        [-0.30355582,  0.        ,  0.05092606, ...,  0.66657874,
          0.25118503,  0.25694182],
        [-0.35168498, -0.05092606,  0.        , ...,  0.62775175,
          0.20156577,  0.2073921 ],
        ...,
        [-0.86140634, -0.66657874, -0.62775175, ...,  0.        ,
         -0.4579656 , -0.45266627],
        [-0.53315606, -0.25118503, -0.20156577, ...,  0.4579656 ,
          0.        ,  0.00595207],
        [-0.53818218, -0.25694182, -0.2073921 , ...,  0.45266627,
         -0.00595207,  0.        ]],

       [[ 0.        ,  0.16012482,  0.419994  , ...,  0.99107125,
          0.97109098,  0.95886249],
        [-0.16012482,  0.        ,  0.26925714, ...,  0.99963321,
          0.99678412,  0.99194486],
        [-0.419994  , -0.26925714,  0.        , ...,  0.955423  ,
          0.9815478 ,  0.98941759],
        ...,
        [-0.99107125, -0.99963321, -0.955423  , ...,  0.        ,
          0.1070995 ,  0.15348802],
        [-0.97109098, -0.99678412, -0.9815478 , ..., -0.1070995 ,
          0.        ,  0.04677478],
        [-0.95886249, -0.99194486, -0.98941759, ..., -0.15348802,
         -0.04677478,  0.        ]],

       ...,

       [[ 0.        ,  0.28798535,  0.55185201, ...,  0.70191529,
          0.62027408,  0.78900144],
        [-0.28798535,  0.        ,  0.2883096 , ...,  0.46705795,
          0.36810463,  0.57863954],
        [-0.55185201, -0.2883096 ,  0.        , ...,  0.19229433,
          0.08440813,  0.31892838],
        ...,
        [-0.70191529, -0.46705795, -0.19229433, ...,  0.        ,
         -0.10877524,  0.13072383],
        [-0.62027408, -0.36810463, -0.08440813, ...,  0.10877524,
          0.        ,  0.23778998],
        [-0.78900144, -0.57863954, -0.31892838, ..., -0.13072383,
         -0.23778998,  0.        ]],

       [[ 0.        , -0.21524991, -0.49180929, ...,  0.10760775,
         -0.00104337, -0.09797013],
        [ 0.21524991,  0.        , -0.29286206, ...,  0.31908536,
          0.21423088,  0.11854081],
        [ 0.49180929,  0.29286206,  0.        , ...,  0.58264795,
          0.49090056,  0.40414049],
        ...,
        [-0.10760775, -0.31908536, -0.58264795, ...,  0.        ,
         -0.108645  , -0.20449135],
        [ 0.00104337, -0.21423088, -0.49090056, ...,  0.108645  ,
          0.        , -0.09693173],
        [ 0.09797013, -0.11854081, -0.40414049, ...,  0.20449135,
          0.09693173,  0.        ]],

       [[ 0.        ,  0.23924973,  0.54914685, ...,  0.99956465,
          0.99963901,  0.9974552 ],
        [-0.23924973,  0.        ,  0.33325138, ...,  0.96347644,
          0.97703554,  0.98554473],
        [-0.54914685, -0.33325138,  0.        , ...,  0.81915978,
          0.85017825,  0.87275112],
        ...,
        [-0.99956465, -0.96347644, -0.81915978, ...,  0.        ,
          0.05634932,  0.10069435],
        [-0.99963901, -0.97703554, -0.85017825, ..., -0.05634932,
          0.        ,  0.04447144],
        [-0.9974552 , -0.98554473, -0.87275112, ..., -0.10069435,
         -0.04447144,  0.        ]]]), 'num': array([ 8.68318000e+06,  3.44430000e+05,  1.75000000e+02,  4.76500000e+04,
        4.81000000e+04,  4.69000000e+04,  1.17428000e+05, -2.00000000e+02,
        4.78300000e+04,  4.63250000e+04,  4.66116667e+04,  6.72839506e+01,
        5.04677648e+04,  4.21822352e+04])}
{'img': array([[[ 0.        ,  0.62708931,  0.89696317, ...,  0.90703621,
          0.97281611,  0.9818858 ],
        [-0.62708931,  0.        ,  0.42144762, ...,  0.97057107,
          0.90299323,  0.88365428],
        [-0.89696317, -0.42144762,  0.        , ...,  0.77867419,
          0.63780491,  0.6040478 ],
        ...,
        [-0.90703621, -0.97057107, -0.77867419, ...,  0.        ,
         -0.19955629, -0.24156611],
        [-0.97281611, -0.90299323, -0.63780491, ...,  0.19955629,
          0.        , -0.04306103],
        [-0.9818858 , -0.88365428, -0.6040478 , ...,  0.24156611,
          0.04306103,  0.        ]],

       [[ 0.        ,  0.05092606,  0.17067956, ...,  0.25118503,
          0.25694182,  0.06411098],
        [-0.05092606,  0.        ,  0.12027929, ...,  0.20156577,
          0.2073921 ,  0.01320649],
        [-0.17067956, -0.12027929,  0.        , ...,  0.08229187,
          0.0882223 , -0.10715818],
        ...,
        [-0.25118503, -0.20156577, -0.08229187, ...,  0.        ,
          0.00595207, -0.18861276],
        [-0.25694182, -0.2073921 , -0.0882223 , ..., -0.00595207,
          0.        , -0.19445466],
        [-0.06411098, -0.01320649,  0.10715818, ...,  0.18861276,
          0.19445466,  0.        ]],

       [[ 0.        ,  0.39212154,  0.6074312 , ...,  0.97229283,
          0.96022693,  0.92898002],
        [-0.39212154,  0.        ,  0.24729362, ...,  0.98609   ,
          0.99281412,  0.99971708],
        [-0.6074312 , -0.24729362,  0.        , ...,  0.91435939,
          0.93238508,  0.96278442],
        ...,
        [-0.97229283, -0.98609   , -0.91435939, ...,  0.        ,
          0.04701573,  0.14271046],
        [-0.96022693, -0.99281412, -0.93238508, ..., -0.04701573,
          0.        ,  0.09601814],
        [-0.92898002, -0.99971708, -0.96278442, ..., -0.14271046,
         -0.09601814,  0.        ]],

       ...,

       [[ 0.        ,  0.2883096 ,  0.65202549, ...,  0.36810463,
          0.57863954,  0.83155037],
        [-0.2883096 ,  0.        ,  0.40574321, ...,  0.08440813,
          0.31892838,  0.63609907],
        [-0.65202549, -0.40574321,  0.        , ..., -0.32714728,
         -0.09305838,  0.2683119 ],
        ...,
        [-0.36810463, -0.08440813,  0.32714728, ...,  0.        ,
          0.23778998,  0.56869907],
        [-0.57863954, -0.31892838,  0.09305838, ..., -0.23778998,
          0.        ,  0.35679373],
        [-0.83155037, -0.63609907, -0.2683119 , ..., -0.56869907,
         -0.35679373,  0.        ]],

       [[ 0.        , -0.29286206, -0.53926371, ...,  0.21423088,
          0.11854081,  0.06608088],
        [ 0.29286206,  0.        , -0.26898958, ...,  0.49090056,
          0.40414049,  0.35540548],
        [ 0.53926371,  0.26898958,  0.        , ...,  0.7071554 ,
