state_0,state_1,state_2,state_3,state_4,state_5,state_6,state_7,state_8,state_9,state_10,state_11,state_12,state_13,state_14,state_15,state_16,state_17,state_18,state_19,state_20,state_21,state_22,state_23,state_24,state_25,state_26,state_27,state_28,state_29,state_30,state_31,state_32,state_33,state_34,state_35,state_36,state_37,state_38,state_39,state_40,state_41,state_42,state_43,state_44,state_45,state_46,state_47,state_48,state_49,state_50,state_51,state_52,state_53,state_54,state_55,state_56,state_57,state_58,state_59,state_60,state_61,state_62,state_63,state_64,state_65,state_66,state_67,state_68,state_69,state_70,state_71,state_72,state_73,state_74,state_75,state_76,state_77
{'img': array([[[ 0.        , -0.42936401, -0.83796743, ..., -0.0707401 ,
         -0.        , -0.15246431],
        [ 0.42936401,  0.        , -0.52248217, ..., -0.49217597,
         -0.42936401, -0.56203963],
        [ 0.83796743,  0.52248217,  0.        , ..., -0.87447244,
         -0.83796743, -0.91137359],
        ...,
        [ 0.0707401 ,  0.49217597,  0.87447244, ...,  0.        ,
         -0.0707401 ,  0.08216927],
        [ 0.        ,  0.42936401,  0.83796743, ...,  0.0707401 ,
          0.        ,  0.15246431],
        [ 0.15246431,  0.56203963,  0.91137359, ..., -0.08216927,
         -0.15246431,  0.        ]],

       [[ 0.        , -0.08277422,  0.10363855, ...,  0.98757914,
          0.50597483,  0.85150512],
        [ 0.08277422,  0.        ,  0.18561138, ...,  0.99719577,
          0.57563525,  0.89198539],
        [-0.10363855, -0.18561138,  0.        , ...,  0.96597711,
          0.41385693,  0.7925773 ],
        ...,
        [-0.98757914, -0.99719577, -0.96597711, ...,  0.        ,
         -0.77233466, -0.38404292],
        [-0.50597483, -0.57563525, -0.41385693, ...,  0.77233466,
          0.        ,  0.46915821],
        [-0.85150512, -0.89198539, -0.7925773 , ...,  0.38404292,
         -0.46915821,  0.        ]],

       [[ 0.        ,  0.43334326,  0.31809329, ..., -0.95040097,
         -0.98799566, -0.43334326],
        [-0.43334326,  0.        , -0.12416028, ..., -0.99131046,
         -0.82346671, -0.        ],
        [-0.31809329,  0.12416028,  0.        , ..., -0.99997229,
         -0.88753902, -0.12416028],
        ...,
        [ 0.95040097,  0.99131046,  0.99997229, ...,  0.        ,
         -0.45411316, -0.99131046],
        [ 0.98799566,  0.82346671,  0.88753902, ...,  0.45411316,
          0.        , -0.82346671],
        [ 0.43334326,  0.        ,  0.12416028, ...,  0.99131046,
          0.82346671,  0.        ]],

       ...,

       [[ 0.        , -0.60304115, -0.97160541, ..., -0.24263697,
         -0.        , -0.19441021],
        [ 0.60304115,  0.        , -0.63237561, ..., -0.77857452,
         -0.60304115, -0.7466183 ],
        [ 0.97160541,  0.63237561,  0.        , ..., -0.99998071,
         -0.97160541, -0.99906633],
        ...,
        [ 0.24263697,  0.77857452,  0.99998071, ...,  0.        ,
         -0.24263697, -0.04940685],
        [ 0.        ,  0.60304115,  0.97160541, ...,  0.24263697,
          0.        ,  0.19441021],
        [ 0.19441021,  0.7466183 ,  0.99906633, ...,  0.04940685,
         -0.19441021,  0.        ]],

       [[ 0.        ,  0.11379041,  0.09217732, ...,  0.77511216,
          0.94002384,  0.98588031],
        [-0.11379041,  0.        , -0.02172735, ...,  0.69818216,
          0.89510327,  0.99853118],
        [-0.09217732,  0.02172735,  0.        , ...,  0.71357239,
          0.9045793 ,  0.99711826],
        ...,
        [-0.77511216, -0.69818216, -0.71357239, ...,  0.        ,
          0.32953176,  0.75269622],
        [-0.94002384, -0.89510327, -0.9045793 , ..., -0.32953176,
          0.        ,  0.49370083],
        [-0.98588031, -0.99853118, -0.99711826, ..., -0.75269622,
         -0.49370083,  0.        ]],

       [[ 0.        ,  0.01795439,  0.09385417, ..., -0.75318531,
         -0.95810267, -0.88291244],
        [-0.01795439,  0.        ,  0.07596391, ..., -0.76487445,
         -0.96309082, -0.87433986],
        [-0.09385417, -0.07596391,  0.        , ..., -0.81159878,
         -0.98075574, -0.83494715],
        ...,
        [ 0.75318531,  0.76487445,  0.81159878, ...,  0.        ,
         -0.4145169 , -0.93443609],
        [ 0.95810267,  0.96309082,  0.98075574, ...,  0.4145169 ,
          0.        , -0.70275348],
        [ 0.88291244,  0.87433986,  0.83494715, ...,  0.93443609,
          0.70275348,  0.        ]]]), 'num': array([ 1.55720854e+08,  5.84600000e+03,  5.93200000e+03,  2.62500000e+04,
        2.68500000e+04,  2.56000000e+04,  4.95197000e+05, -2.00000000e+02,
        2.65300000e+04,  9.56025000e+04,  1.06534167e+05,  7.65329645e+00,
        1.75489104e+05,  1.57158961e+04])}
{'img': array([[[ 0.        , -0.78110742, -0.76674799, ..., -0.        ,
         -0.15627294, -0.13219131],
        [ 0.78110742,  0.        ,  0.02267563, ..., -0.78110742,
         -0.86908697, -0.85679241],
        [ 0.76674799, -0.02267563,  0.        , ..., -0.76674799,
         -0.85764679, -0.84487916],
        ...,
        [ 0.        ,  0.78110742,  0.76674799, ...,  0.        ,
          0.15627294,  0.13219131],
        [ 0.15627294,  0.86908697,  0.85764679, ..., -0.15627294,
          0.        , -0.02433433],
        [ 0.13219131,  0.85679241,  0.84487916, ..., -0.13219131,
          0.02433433,  0.        ]],

       [[ 0.        ,  0.18561138, -0.07454816, ...,  0.57563525,
          0.89198539,  0.49877236],
        [-0.18561138,  0.        , -0.25834765, ...,  0.41385693,
          0.7925773 ,  0.3292298 ],
        [ 0.07454816,  0.25834765,  0.        , ...,  0.63499202,
          0.92320392,  0.56199784],
        ...,
        [-0.57563525, -0.41385693, -0.63499202, ...,  0.        ,
          0.46915821, -0.09107263],
        [-0.89198539, -0.7925773 , -0.92320392, ..., -0.46915821,
          0.        , -0.54763604],
        [-0.49877236, -0.3292298 , -0.56199784, ...,  0.09107263,
          0.54763604,  0.        ]],

       [[ 0.        , -0.11259734, -0.25446772, ..., -0.95759057,
         -0.76528455, -0.        ],
        [ 0.11259734,  0.        , -0.14395871, ..., -0.98394391,
         -0.83289589, -0.11259734],
        [ 0.25446772,  0.14395871,  0.        , ..., -0.99938831,
         -0.90389122, -0.25446772],
        ...,
        [ 0.95759057,  0.98394391,  0.99938831, ...,  0.        ,
         -0.39589023, -0.95759057],
        [ 0.76528455,  0.83289589,  0.90389122, ...,  0.39589023,
          0.        , -0.76528455],
        [ 0.        ,  0.11259734,  0.25446772, ...,  0.95759057,
          0.76528455,  0.        ]],

       ...,

       [[ 0.        , -0.92671778, -0.96188402, ..., -0.        ,
         -0.20494567, -0.20870868],
        [ 0.92671778,  0.        , -0.10801757, ..., -0.92671778,
         -0.98405666, -0.98473345],
        [ 0.96188402,  0.10801757,  0.        , ..., -0.96188402,
         -0.99751042, -0.99777427],
        ...,
        [ 0.        ,  0.92671778,  0.96188402, ...,  0.        ,
          0.20494567,  0.20870868],
        [ 0.20494567,  0.98405666,  0.99751042, ..., -0.20494567,
          0.        ,  0.00384616],
        [ 0.20870868,  0.98473345,  0.99777427, ..., -0.20870868,
         -0.00384616,  0.        ]],

       [[ 0.        , -0.02105974, -0.05559657, ...,  0.85511293,
          0.9608858 ,  0.99633408],
        [ 0.02105974,  0.        , -0.03455708, ...,  0.86584153,
          0.96650508,  0.9943115 ],
        [ 0.05559657,  0.03455708,  0.        , ...,  0.88261392,
          0.9747968 ,  0.99003691],
        ...,
        [-0.85511293, -0.86584153, -0.88261392, ...,  0.        ,
          0.26134417,  0.58969414],
        [-0.9608858 , -0.96650508, -0.9747968 , ..., -0.26134417,
          0.        ,  0.3581312 ],
        [-0.99633408, -0.9943115 , -0.99003691, ..., -0.58969414,
         -0.3581312 ,  0.        ]],

       [[ 0.        ,  0.07041509,  0.15974847, ..., -0.90107274,
         -0.99445339, -0.84016971],
        [-0.07041509,  0.        ,  0.08984113, ..., -0.92937285,
         -0.99939107, -0.79989645],
        [-0.15974847, -0.08984113,  0.        , ..., -0.95877874,
         -0.99848443, -0.74274468],
        ...,
        [ 0.90107274,  0.92937285,  0.95877874, ...,  0.        ,
         -0.33648937, -0.85302769],
        [ 0.99445339,  0.99939107,  0.99848443, ...,  0.33648937,
          0.        , -0.62768307],
        [ 0.84016971,  0.79989645,  0.74274468, ...,  0.85302769,
          0.62768307,  0.        ]]]), 'num': array([4.15038240e+07, 3.45215240e+07, 2.62000000e+02, 2.66500000e+04,
       2.72000000e+04, 2.62500000e+04, 4.03029000e+05, 4.00000000e+02,
       2.62000000e+04, 9.13150000e+04, 1.04650000e+05, 8.22695035e+00,
       1.76184294e+05, 6.44570579e+03])}
{'img': array([[[ 0.        ,  0.06331705,  0.05643451, ..., -0.51319815,
         -0.49022207, -0.53279453],
        [-0.06331705,  0.        , -0.00689487, ..., -0.45782527,
         -0.43405143, -0.47814375],
        [-0.05643451,  0.00689487,  0.        , ..., -0.46394421,
         -0.44025262, -0.48418802],
        ...,
        [ 0.51319815,  0.45782527,  0.46394421, ...,  0.        ,
         -0.02655929,  0.02299047],
        [ 0.49022207,  0.43405143,  0.44025262, ...,  0.02655929,
          0.        ,  0.04953463],
        [ 0.53279453,  0.47814375,  0.48418802, ..., -0.02299047,
         -0.04953463,  0.        ]],

       [[ 0.        , -0.25834765, -0.28946682, ...,  0.7925773 ,
          0.3292298 ,  0.22101651],
        [ 0.25834765,  0.        , -0.03235273, ...,  0.92320392,
          0.56199784,  0.46547217],
        [ 0.28946682,  0.03235273,  0.        , ...,  0.93515412,
          0.58846383,  0.49386269],
        ...,
        [-0.7925773 , -0.92320392, -0.93515412, ...,  0.        ,
         -0.54763604, -0.63820736],
        [-0.3292298 , -0.56199784, -0.58846383, ...,  0.54763604,
          0.        , -0.11239317],
        [-0.22101651, -0.46547217, -0.49386269, ...,  0.63820736,
          0.11239317,  0.        ]],

       [[ 0.        , -0.22895042, -0.41083505, ..., -0.77046196,
         -0.11093951, -0.        ],
        [ 0.22895042,  0.        , -0.19118617, ..., -0.8959497 ,
         -0.33552989, -0.22895042],
        [ 0.41083505,  0.19118617,  0.        , ..., -0.96433922,
         -0.50944366, -0.41083505],
        ...,
        [ 0.77046196,  0.8959497 ,  0.96433922, ...,  0.        ,
         -0.69498364, -0.77046196],
        [ 0.11093951,  0.33552989,  0.50944366, ...,  0.69498364,
          0.        , -0.11093951],
        [ 0.        ,  0.22895042,  0.41083505, ...,  0.77046196,
          0.11093951,  0.        ]],

       ...,

       [[ 0.        , -0.1319056 , -0.21597554, ..., -0.93551059,
         -0.93694523, -0.95948021],
        [ 0.1319056 ,  0.        , -0.08529594, ..., -0.97393843,
         -0.97485634, -0.98826438],
        [ 0.21597554,  0.08529594,  0.        , ..., -0.98973526,
         -0.99031049, -0.99769203],
        ...,
        [ 0.93551059,  0.97393843,  0.98973526, ...,  0.        ,
          0.00408277,  0.0753786 ],
        [ 0.93694523,  0.97485634,  0.99031049, ..., -0.00408277,
          0.        ,  0.07130682],
        [ 0.95948021,  0.98826438,  0.99769203, ..., -0.0753786 ,
         -0.07130682,  0.        ]],

       [[ 0.        , -0.03419941, -0.06485199, ...,  0.95304303,
          0.99506919,  0.99313825],
        [ 0.03419941,  0.        , -0.03068664, ...,  0.9628423 ,
          0.99787911,  0.9885578 ],
        [ 0.06485199,  0.03068664,  0.        , ...,  0.97067622,
          0.99940669,  0.98346339],
        ...,
        [-0.95304303, -0.9628423 , -0.97067622, ...,  0.        ,
          0.2068158 ,  0.41221172],
        [-0.99506919, -0.99787911, -0.99940669, ..., -0.2068158 ,
          0.        ,  0.21487225],
        [-0.99313825, -0.9885578 , -0.98346339, ..., -0.41221172,
         -0.21487225,  0.        ]],

       [[ 0.        ,  0.08500996,  0.16344787, ..., -0.97800208,
         -0.99615212, -0.77242775],
        [-0.08500996,  0.        ,  0.07898946, ..., -0.99219448,
         -0.98509579, -0.71564158],
        [-0.16344787, -0.07898946,  0.        , ..., -0.99894431,
         -0.9684311 , -0.65823394],
        ...,
        [ 0.97800208,  0.99219448,  0.99894431, ...,  0.        ,
         -0.29350559, -0.78225638],
        [ 0.99615212,  0.98509579,  0.9684311 , ...,  0.29350559,
          0.        , -0.56496249],
        [ 0.77242775,  0.71564158,  0.65823394, ...,  0.78225638,
          0.56496249,  0.        ]]]), 'num': array([ 4.13371020e+07,  1.95687520e+07,  8.23000000e+02,  2.64500000e+04,
        2.70500000e+04,  2.62500000e+04,  3.45812000e+05, -2.00000000e+02,
        2.63100000e+04,  8.67925000e+04,  1.03119167e+05,  5.07564666e+00,
        1.75288603e+05, -1.70360316e+03])}
{'img': array([[[ 0.        , -0.00689487, -0.23300942, ..., -0.43405143,
         -0.47814375, -0.45782527],
        [ 0.00689487,  0.        , -0.2262988 , ..., -0.44025262,
         -0.48418802, -0.46394421],
        [ 0.23300942,  0.2262988 ,  0.        , ..., -0.63201935,
         -0.66963048, -0.6523786 ],
        ...,
        [ 0.43405143,  0.44025262,  0.63201935, ...,  0.        ,
          0.04953463,  0.02655929],
        [ 0.47814375,  0.48418802,  0.66963048, ..., -0.04953463,
          0.        , -0.02299047],
        [ 0.45782527,  0.46394421,  0.6523786 , ..., -0.02655929,
          0.02299047,  0.        ]],

       [[ 0.        , -0.03235273, -0.02923822, ...,  0.56199784,
          0.46547217,  0.39812683],
        [ 0.03235273,  0.        ,  0.00311598, ...,  0.58846383,
          0.49386269,  0.42759655],
        [ 0.02923822, -0.00311598,  0.        , ...,  0.58594163,
          0.49115082,  0.42477772],
        ...,
        [-0.56199784, -0.58846383, -0.58594163, ...,  0.        ,
         -0.11239317, -0.18623158],
        [-0.46547217, -0.49386269, -0.49115082, ...,  0.11239317,
          0.        , -0.07462463],
        [-0.39812683, -0.42759655, -0.42477772, ...,  0.18623158,
          0.07462463,  0.        ]],

       [[ 0.        , -0.34814483, -0.57141177, ..., -0.1116813 ,
         -0.        , -0.06454663],
        [ 0.34814483,  0.        , -0.24995492, ..., -0.45066146,
         -0.34814483, -0.40792749],
        [ 0.57141177,  0.24995492,  0.        , ..., -0.65948982,
         -0.57141177, -0.62319126],
        ...,
        [ 0.1116813 ,  0.45066146,  0.65948982, ...,  0.        ,
         -0.1116813 , -0.04730557],
        [ 0.        ,  0.34814483,  0.57141177, ...,  0.1116813 ,
          0.        ,  0.06454663],
        [ 0.06454663,  0.40792749,  0.62319126, ...,  0.04730557,
         -0.06454663,  0.        ]],

       ...,

       [[ 0.        , -0.08359985, -0.20283551, ..., -0.99799777,
         -0.99979774, -0.89364571],
        [ 0.08359985,  0.        , -0.12026342, ..., -0.9997918 ,
         -0.99797919, -0.92803479],
        [ 0.20283551,  0.12026342,  0.        , ..., -0.99008138,
         -0.98309415, -0.96609647],
        ...,
        [ 0.99799777,  0.9997918 ,  0.99008138, ...,  0.        ,
          0.04316475, -0.39135235],
        [ 0.99979774,  0.99797919,  0.98309415, ..., -0.04316475,
          0.        , -0.43070956],
        [ 0.89364571,  0.92803479,  0.96609647, ...,  0.39135235,
          0.43070956,  0.        ]],

       [[ 0.        , -0.03068664, -0.05055104, ...,  0.99787911,
          0.9885578 ,  0.99553504],
        [ 0.03068664,  0.        , -0.01987983, ...,  0.99940669,
          0.98346339,  0.99796279],
        [ 0.05055104,  0.01987983,  0.        , ...,  0.99989389,
          0.97966866,  0.99903388],
        ...,
        [-0.99787911, -0.99940669, -0.99989389, ...,  0.        ,
          0.21487225, -0.02938867],
        [-0.9885578 , -0.98346339, -0.97966866, ..., -0.21487225,
          0.        , -0.24348165],
        [-0.99553504, -0.99796279, -0.99903388, ...,  0.02938867,
          0.24348165,  0.        ]],

       [[ 0.        ,  0.07569667,  0.12071757, ..., -0.9999993 ,
         -0.96564763, -0.69398274],
        [-0.07569667,  0.        ,  0.04522813, ..., -0.99704039,
         -0.94320692, -0.63749066],
        [-0.12071757, -0.04522813,  0.        , ..., -0.99254299,
         -0.92721668, -0.60199193],
        ...,
        [ 0.9999993 ,  0.99704039,  0.99254299, ...,  0.        ,
         -0.25870937, -0.71916788],
        [ 0.96564763,  0.94320692,  0.92721668, ...,  0.25870937,
          0.        , -0.51492329],
        [ 0.69398274,  0.63749066,  0.60199193, ...,  0.71916788,
          0.51492329,  0.        ]]]), 'num': array([ 4.31108630e+07,  5.20436300e+06,  1.36600000e+03,  2.77500000e+04,
        3.09000000e+04,  2.65500000e+04,  1.83528600e+06,  1.30000000e+03,
        2.67100000e+04,  8.21950000e+04,  1.01593333e+05,  6.30150267e+00,
        1.72901311e+05, -8.51131125e+03])}
{'img': array([[[ 0.        , -0.2262988 , -0.40089401, ..., -0.48418802,
         -0.46394421, -0.56571135],
        [ 0.2262988 ,  0.        , -0.18317613, ..., -0.66963048,
         -0.6523786 , -0.73764237],
        [ 0.40089401,  0.18317613,  0.        , ..., -0.7943443 ,
         -0.78016837, -0.84884053],
        ...,
        [ 0.48418802,  0.66963048,  0.7943443 , ...,  0.        ,
         -0.02299047,  0.09571399],
        [ 0.46394421,  0.6523786 ,  0.78016837, ...,  0.02299047,
          0.        ,  0.1185736 ],
        [ 0.56571135,  0.73764237,  0.84884053, ..., -0.09571399,
         -0.1185736 ,  0.        ]],

       [[ 0.        ,  0.00311598,  0.08600261, ...,  0.49386269,
          0.42759655,  0.78691551],
        [-0.00311598,  0.        ,  0.08289776, ...,  0.49115082,
          0.42477772,  0.78883444],
        [-0.08600261, -0.08289776,  0.        , ...,  0.41725018,
          0.34826851,  0.83706876],
        ...,
        [-0.49386269, -0.49115082, -0.41725018, ...,  0.        ,
         -0.07462463,  0.98899772],
        [-0.42759655, -0.42477772, -0.34826851, ...,  0.07462463,
          0.        ,  0.97520082],
        [-0.78691551, -0.78883444, -0.83706876, ..., -0.98899772,
         -0.97520082,  0.        ]],

       [[ 0.        , -0.47598748, -0.64845564, ..., -0.        ,
         -0.06557934, -0.14092995],
        [ 0.47598748,  0.        , -0.20793901, ..., -0.47598748,
         -0.53263674, -0.59517806],
        [ 0.64845564,  0.20793901,  0.        , ..., -0.64845564,
         -0.69698218, -0.74926704],
        ...,
        [ 0.        ,  0.47598748,  0.64845564, ...,  0.        ,
          0.06557934,  0.14092995],
        [ 0.06557934,  0.53263674,  0.69698218, ..., -0.06557934,
          0.        ,  0.07570175],
        [ 0.14092995,  0.59517806,  0.74926704, ..., -0.14092995,
         -0.07570175,  0.        ]],

       ...,

       [[ 0.        , -0.12026342, -0.14903198, ..., -0.99797919,
         -0.92803479, -0.99445211],
        [ 0.12026342,  0.        , -0.02902994, ..., -0.98309415,
         -0.96609647, -0.99988494],
        [ 0.14903198,  0.02902994,  0.        , ..., -0.97736441,
         -0.97318429, -0.99902317],
        ...,
        [ 0.99797919,  0.98309415,  0.97736441, ...,  0.        ,
         -0.43070956, -0.16816681],
        [ 0.92803479,  0.96609647,  0.97318429, ...,  0.43070956,
          0.        ,  0.27280667],
        [ 0.99445211,  0.99988494,  0.99902317, ...,  0.16816681,
         -0.27280667,  0.        ]],

       [[ 0.        , -0.01987983, -0.03495265, ...,  0.98346339,
          0.99796279,  0.95766748],
        [ 0.01987983,  0.        , -0.01507807, ...,  0.97966866,
          0.99903388,  0.96320116],
        [ 0.03495265,  0.01507807,  0.        , ...,  0.9765323 ,
          0.99958294,  0.96714437],
        ...,
        [-0.98346339, -0.97966866, -0.9765323 , ...,  0.        ,
         -0.24348165, -0.4565565 ],
        [-0.99796279, -0.99903388, -0.99958294, ...,  0.24348165,
          0.        , -0.2261924 ],
        [-0.95766748, -0.96320116, -0.96714437, ...,  0.4565565 ,
          0.2261924 ,  0.        ]],

       [[ 0.        ,  0.04378956,  0.07012705, ..., -0.98358001,
         -0.91265389, -0.62154874],
        [-0.04378956,  0.        ,  0.02637804, ..., -0.97473372,
         -0.89388021, -0.58664887],
        [-0.07012705, -0.02637804,  0.        , ..., -0.96850249,
         -0.88174374, -0.56508271],
        ...,
        [ 0.98358001,  0.97473372,  0.96850249, ...,  0.        ,
         -0.23731281, -0.65833995],
        [ 0.91265389,  0.89388021,  0.88174374, ...,  0.23731281,
          0.        , -0.46090306],
        [ 0.62154874,  0.58664887,  0.56508271, ...,  0.65833995,
          0.46090306,  0.        ]]]), 'num': array([ 4.31806830e+07,  4.28848300e+06,  1.39900000e+03,  2.78000000e+04,
        2.80000000e+04,  2.69500000e+04,  2.78812000e+05,  5.00000000e+01,
        2.69800000e+04,  7.75300000e+04,  1.00070000e+05,  6.37779942e+00,
        1.69343013e+05, -1.42830132e+04])}
{'img': array([[[ 0.        , -0.18317613, -0.24849916, ..., -0.6523786 ,
         -0.73764237, -0.74008807],
        [ 0.18317613,  0.        , -0.06686431, ..., -0.78016837,
         -0.84884053, -0.85075363],
        [ 0.24849916,  0.06686431,  0.        , ..., -0.82025069,
         -0.88228864, -0.88399123],
        ...,
        [ 0.6523786 ,  0.78016837,  0.82025069, ...,  0.        ,
          0.1185736 ,  0.12217664],
        [ 0.73764237,  0.84884053,  0.88228864, ..., -0.1185736 ,
          0.        ,  0.00362942],
        [ 0.74008807,  0.85075363,  0.88399123, ..., -0.12217664,
         -0.00362942,  0.        ]],

       [[ 0.        ,  0.08289776,  0.0709405 , ...,  0.42477772,
          0.78883444,  0.33793994],
        [-0.08289776,  0.        , -0.01199258, ...,  0.34826851,
          0.83706876,  0.25875608],
        [-0.0709405 ,  0.01199258,  0.        , ...,  0.35948525,
          0.83044745,  0.27032161],
        ...,
        [-0.42477772, -0.34826851, -0.35948525, ...,  0.        ,
          0.97520082, -0.09385082],
        [-0.78883444, -0.83706876, -0.83044745, ..., -0.97520082,
          0.        , -0.95012531],
        [-0.33793994, -0.25875608, -0.27032161, ...,  0.09385082,
          0.95012531,  0.        ]],

       [[ 0.        , -0.48553168, -0.56012984, ..., -0.06764745,
         -0.14535595, -0.17950661],
        [ 0.48553168,  0.        , -0.0874594 , ..., -0.54355815,
         -0.607448  , -0.63457317],
        [ 0.56012984,  0.0874594 ,  0.        , ..., -0.61488621,
         -0.67459451, -0.69973566],
        ...,
        [ 0.06764745,  0.54355815,  0.61488621, ...,  0.        ,
          0.07809399,  0.11254677],
        [ 0.14535595,  0.607448  ,  0.67459451, ..., -0.07809399,
          0.        ,  0.03460524],
        [ 0.17950661,  0.63457317,  0.69973566, ..., -0.11254677,
         -0.03460524,  0.        ]],

       ...,

       [[ 0.        , -0.02902994, -0.12783393, ..., -0.96609647,
         -0.99988494, -0.99971927],
        [ 0.02902994,  0.        , -0.09898828, ..., -0.97318429,
         -0.99902317, -0.99861011],
        [ 0.12783393,  0.09898828,  0.        , ..., -0.99117455,
         -0.98974232, -0.98848834],
        ...,
        [ 0.96609647,  0.97318429,  0.99117455, ...,  0.        ,
          0.27280667,  0.28099901],
        [ 0.99988494,  0.99902317,  0.98974232, ..., -0.27280667,
          0.        ,  0.00852564],
        [ 0.99971927,  0.99861011,  0.98848834, ..., -0.28099901,
         -0.00852564,  0.        ]],

       [[ 0.        , -0.01507807, -0.02357475, ...,  0.99903388,
          0.96320116,  0.88245284],
        [ 0.01507807,  0.        , -0.0084982 , ...,  0.99958294,
          0.96714437,  0.88944525],
        [ 0.02357475,  0.0084982 ,  0.        , ...,  0.99979226,
          0.96926993,  0.89329717],
        ...,
        [-0.99903388, -0.99958294, -0.99979226, ...,  0.        ,
         -0.2261924 , -0.43116557],
        [-0.96320116, -0.96714437, -0.96926993, ...,  0.2261924 ,
          0.        , -0.21590364],
        [-0.88245284, -0.88944525, -0.89329717, ...,  0.43116557,
          0.21590364,  0.        ]],

       [[ 0.        ,  0.02571186,  0.0394447 , ..., -0.94992548,
         -0.86346557, -0.57450528],
        [-0.02571186,  0.        ,  0.01373981, ..., -0.94157708,
         -0.85021084, -0.55327017],
        [-0.0394447 , -0.01373981,  0.        , ..., -0.93686066,
         -0.84289737, -0.54177265],
        ...,
        [ 0.94992548,  0.94157708,  0.93686066, ...,  0.        ,
         -0.20933708, -0.59799542],
        [ 0.86346557,  0.85021084,  0.84289737, ...,  0.20933708,
          0.        , -0.41696239],
        [ 0.57450528,  0.55327017,  0.54177265, ...,  0.59799542,
          0.41696239,  0.        ]]]), 'num': array([ 4.58227450e+07,  1.20224500e+06,  1.51000000e+03,  2.95500000e+04,
        2.95500000e+04,  2.77500000e+04,  4.36600000e+05,  1.75000000e+03,
        2.76400000e+04,  7.30725000e+04,  9.86508333e+04,  7.68122900e+00,
        1.65113656e+05, -1.89686564e+04])}
{'img': array([[[ 0.        , -0.06686431,  0.01591534, ..., -0.84884053,
         -0.85075363, -0.90219622],
        [ 0.06686431,  0.        ,  0.08273556, ..., -0.88228864,
         -0.88399123, -0.92901748],
        [-0.01591534, -0.08273556,  0.        , ..., -0.84031939,
         -0.84228133, -0.89521725],
        ...,
        [ 0.84884053,  0.88228864,  0.84031939, ...,  0.        ,
          0.00362942,  0.11081826],
        [ 0.85075363,  0.88399123,  0.84228133, ..., -0.00362942,
          0.        ,  0.10721047],
        [ 0.90219622,  0.92901748,  0.89521725, ..., -0.11081826,
         -0.10721047,  0.        ]],

       [[ 0.        , -0.01199258, -0.1607507 , ...,  0.83706876,
          0.25875608,  0.45502248],
        [ 0.01199258,  0.        , -0.14890252, ...,  0.83044745,
          0.27032161,  0.4656689 ],
        [ 0.1607507 ,  0.14890252,  0.        , ...,  0.73823638,
          0.41066692,  0.5922502 ],
        ...,
        [-0.83706876, -0.83044745, -0.73823638, ...,  0.        ,
         -0.95012531, -0.9943347 ],
        [-0.25875608, -0.27032161, -0.41066692, ...,  0.95012531,
          0.        ,  0.20910854],
        [-0.45502248, -0.4656689 , -0.5922502 , ...,  0.9943347 ,
         -0.20910854,  0.        ]],

       [[ 0.        , -0.09854669, -0.17006051, ..., -0.55543985,
         -0.58410692, -0.63601908],
        [ 0.09854669,  0.        , -0.0721215 , ..., -0.63468337,
         -0.66125179, -0.70896906],
        [ 0.17006051,  0.0721215 ,  0.        , ..., -0.68876406,
         -0.71363275, -0.75798574],
        ...,
        [ 0.55543985,  0.63468337,  0.68876406, ...,  0.        ,
          0.03488043,  0.10026781],
        [ 0.58410692,  0.66125179,  0.71363275, ..., -0.03488043,
          0.        ,  0.06550215],
        [ 0.63601908,  0.70896906,  0.75798574, ..., -0.10026781,
         -0.06550215,  0.        ]],

       ...,

       [[ 0.        , -0.09898828, -0.06102565, ..., -0.99902317,
         -0.99861011, -0.98521048],
        [ 0.09898828,  0.        ,  0.03807786, ..., -0.98974232,
         -0.98848834, -0.96341022],
        [ 0.06102565, -0.03807786,  0.        , ..., -0.99446449,
         -0.99353253, -0.97291759],
        ...,
        [ 0.99902317,  0.98974232,  0.99446449, ...,  0.        ,
          0.00852564,  0.12764515],
        [ 0.99861011,  0.98848834,  0.99353253, ..., -0.00852564,
          0.        ,  0.11918461],
        [ 0.98521048,  0.96341022,  0.97291759, ..., -0.12764515,
         -0.11918461,  0.        ]],

       [[ 0.        , -0.0084982 , -0.00972659, ...,  0.96714437,
          0.88944525,  0.78089537],
        [ 0.0084982 ,  0.        , -0.00122845, ...,  0.96926993,
          0.89329717,  0.78617567],
        [ 0.00972659,  0.00122845,  0.        , ...,  0.96957139,
          0.89384864,  0.78693426],
        ...,
        [-0.96714437, -0.96926993, -0.96957139, ...,  0.        ,
         -0.21590364, -0.40561289],
        [-0.88944525, -0.89329717, -0.89384864, ...,  0.21590364,
          0.        , -0.19870074],
        [-0.78089537, -0.78617567, -0.78693426, ...,  0.40561289,
          0.19870074,  0.        ]],

       [[ 0.        ,  0.01347136,  0.01592132, ..., -0.91167664,
         -0.81651383, -0.54419993],
        [-0.01347136,  0.        ,  0.00245022, ..., -0.90605841,
         -0.80866237, -0.53284867],
        [-0.01592132, -0.00245022,  0.        , ..., -0.90501887,
         -0.80721854, -0.53077367],
        ...,
        [ 0.91167664,  0.90605841,  0.90501887, ...,  0.        ,
         -0.19082212, -0.54123987],
        [ 0.81651383,  0.80866237,  0.80721854, ...,  0.19082212,
          0.        , -0.37083812],
        [ 0.54419993,  0.53284867,  0.53077367, ...,  0.54123987,
          0.37083812,  0.        ]]]), 'num': array([ 4.52118720e+07,  6.99824000e+05,  1.52700000e+03,  2.91500000e+04,
        2.93000000e+04,  2.85500000e+04,  2.62673000e+05, -4.00000000e+02,
        2.81400000e+04,  6.86250000e+04,  9.73116667e+04,  4.16873449e+00,
        1.60127981e+05, -2.28779808e+04])}
{'img': array([[[ 0.        ,  0.08273556,  0.0298265 , ..., -0.88399123,
         -0.92901748, -0.92066435],
        [-0.08273556,  0.        , -0.05297451, ..., -0.84228133,
         -0.89521725, -0.88521163],
        [-0.0298265 ,  0.05297451,  0.        , ..., -0.86965394,
         -0.91756728, -0.90861181],
        ...,
        [ 0.88399123,  0.84228133,  0.86965394, ...,  0.        ,
          0.10721047,  0.08534325],
        [ 0.92901748,  0.89521725,  0.91756728, ..., -0.10721047,
          0.        , -0.02196796],
        [ 0.92066435,  0.88521163,  0.90861181, ..., -0.08534325,
          0.02196796,  0.        ]],

       [[ 0.        , -0.14890252, -0.14277307, ...,  0.27032161,
          0.4656689 ,  0.24715585],
        [ 0.14890252,  0.        ,  0.00619567, ...,  0.41066692,
          0.5922502 ,  0.38868346],
        [ 0.14277307, -0.00619567,  0.        , ...,  0.40500992,
          0.58724665,  0.38296749],
        ...,
        [-0.27032161, -0.41066692, -0.40500992, ...,  0.        ,
          0.20910854, -0.02398082],
        [-0.4656689 , -0.5922502 , -0.58724665, ..., -0.20910854,
          0.        , -0.23249907],
        [-0.24715585, -0.38868346, -0.38296749, ...,  0.02398082,
          0.23249907,  0.        ]],

       [[ 0.        , -0.0721215 , -0.14778135, ..., -0.66125179,
         -0.70896906, -0.73662019],
        [ 0.0721215 ,  0.        , -0.07606689, ..., -0.71363275,
         -0.75798574, -0.78347817],
        [ 0.14778135,  0.07606689,  0.        , ..., -0.76485154,
         -0.80540588, -0.82847765],
        ...,
        [ 0.66125179,  0.71363275,  0.76485154, ...,  0.        ,
          0.06550215,  0.10537697],
        [ 0.70896906,  0.75798574,  0.80540588, ..., -0.06550215,
          0.        ,  0.04001322],
        [ 0.73662019,  0.78347817,  0.82847765, ..., -0.10537697,
         -0.04001322,  0.        ]],

       ...,

       [[ 0.        ,  0.03762233, -0.03076295, ..., -0.9749736 ,
         -0.94855433, -0.98949518],
        [-0.03762233,  0.        , -0.0683457 , ..., -0.98264757,
         -0.95979456, -0.98335574],
        [ 0.03076295,  0.0683457 ,  0.        , ..., -0.96767291,
         -0.9383654 , -0.99347413],
        ...,
        [ 0.9749736 ,  0.98264757,  0.96767291, ...,  0.        ,
          0.09780743, -0.36093316],
        [ 0.94855433,  0.95979456,  0.9383654 , ..., -0.09780743,
          0.        , -0.45041701],
        [ 0.98949518,  0.98335574,  0.99347413, ...,  0.36093316,
          0.45041701,  0.        ]],

       [[ 0.        , -0.00122845,  0.00984594, ...,  0.89329717,
          0.78617567,  0.64738767],
        [ 0.00122845,  0.        ,  0.01107432, ...,  0.89384864,
          0.78693426,  0.64832345],
        [-0.00984594, -0.01107432,  0.        , ...,  0.88882845,
          0.78005274,  0.6398521 ],
        ...,
        [-0.89329717, -0.89384864, -0.88882845, ...,  0.        ,
         -0.19870074, -0.38985706],
        [-0.78617567, -0.78693426, -0.78005274, ...,  0.19870074,
          0.        , -0.19910477],
        [-0.64738767, -0.64832345, -0.6398521 , ...,  0.38985706,
          0.19910477,  0.        ]],

       [[ 0.        ,  0.00241169, -0.02900081, ..., -0.87385453,
         -0.78029816, -0.52572787],
        [-0.00241169,  0.        , -0.0314114 , ..., -0.87267946,
         -0.7787876 , -0.52367483],
        [ 0.02900081,  0.0314114 ,  0.        , ..., -0.88758681,
         -0.79810729, -0.55017637],
        ...,
        [ 0.87385453,  0.87267946,  0.88758681, ...,  0.        ,
         -0.16714416, -0.48774451],
        [ 0.78029816,  0.7787876 ,  0.79810729, ...,  0.16714416,
          0.        , -0.33496857],
        [ 0.52572787,  0.52367483,  0.55017637, ...,  0.48774451,
          0.33496857,  0.        ]]]), 'num': array([ 4.12873750e+07,  3.49975000e+05,  1.53900000e+03,  2.66000000e+04,
        2.89500000e+04,  2.65000000e+04,  6.04564000e+05, -2.55000000e+03,
        2.81700000e+04,  6.42050000e+04,  9.59666667e+04,  4.06582769e+00,
        1.54856762e+05, -2.64467617e+04])}
{'img': array([[[ 0.        , -0.05297451, -0.01906365, ..., -0.89521725,
         -0.88521163, -0.78116093],
        [ 0.05297451,  0.        ,  0.033928  , ..., -0.91756728,
         -0.90861181, -0.81313764],
        [ 0.01906365, -0.033928  ,  0.        , ..., -0.9035499 ,
         -0.89391896, -0.79292098],
        ...,
        [ 0.89521725,  0.91756728,  0.9035499 , ...,  0.        ,
         -0.02196796, -0.21080201],
        [ 0.88521163,  0.90861181,  0.89391896, ...,  0.02196796,
          0.        , -0.18927683],
        [ 0.78116093,  0.81313764,  0.79292098, ...,  0.21080201,
          0.18927683,  0.        ]],

       [[ 0.        ,  0.00619567, -0.03507334, ...,  0.5922502 ,
          0.38868346,  0.73763768],
        [-0.00619567,  0.        , -0.04126452, ...,  0.58724665,
          0.38296749,  0.73344023],
        [ 0.03507334,  0.04126452,  0.        , ...,  0.6201463 ,
          0.42075989,  0.76086525],
        ...,
        [-0.5922502 , -0.58724665, -0.6201463 , ...,  0.        ,
         -0.23249907,  0.19446919],
        [-0.38868346, -0.38296749, -0.42075989, ...,  0.23249907,
          0.        ,  0.41720042],
        [-0.73763768, -0.73344023, -0.76086525, ..., -0.19446919,
         -0.41720042,  0.        ]],

       [[ 0.        , -0.07606689, -0.11047223, ..., -0.75798574,
         -0.78347817, -0.78486191],
        [ 0.07606689,  0.        , -0.03455086, ..., -0.80540588,
         -0.82847765, -0.82972437],
        [ 0.11047223,  0.03455086,  0.        , ..., -0.82540412,
         -0.84733225, -0.84851434],
        ...,
        [ 0.75798574,  0.80540588,  0.82540412, ...,  0.        ,
          0.04001322,  0.04224121],
        [ 0.78347817,  0.82847765,  0.84733225, ..., -0.04001322,
          0.        ,  0.00222987],
        [ 0.78486191,  0.82972437,  0.84851434, ..., -0.04224121,
         -0.00222987,  0.        ]],

       ...,

       [[ 0.        , -0.06825253,  0.03829386, ..., -0.95831033,
         -0.99451316, -0.98311786],
        [ 0.06825253,  0.        ,  0.10640703, ..., -0.93657387,
         -0.99933403, -0.9933137 ],
        [-0.03829386, -0.10640703,  0.        , ..., -0.96854911,
         -0.98977772, -0.97539   ],
        ...,
        [ 0.95831033,  0.93657387,  0.96854911, ...,  0.        ,
         -0.38441202, -0.45625104],
        [ 0.99451316,  0.99933403,  0.98977772, ...,  0.38441202,
          0.        , -0.07912399],
        [ 0.98311786,  0.9933137 ,  0.97539   , ...,  0.45625104,
          0.07912399,  0.        ]],

       [[ 0.        ,  0.01107432,  0.01399675, ...,  0.78693426,
          0.64832345,  0.49179381],
        [-0.01107432,  0.        ,  0.00292266, ...,  0.78005274,
          0.6398521 ,  0.48212112],
        [-0.01399675, -0.00292266,  0.        , ...,  0.77822066,
          0.6376033 ,  0.4795585 ],
        ...,
        [-0.78693426, -0.78005274, -0.77822066, ...,  0.        ,
         -0.19910477, -0.38173796],
        [-0.64832345, -0.6398521 , -0.6376033 , ...,  0.19910477,
          0.        , -0.1900682 ],
        [-0.49179381, -0.48212112, -0.4795585 , ...,  0.38173796,
          0.1900682 ,  0.        ]],

       [[ 0.        , -0.03097167, -0.06058729, ..., -0.84798148,
         -0.76162143, -0.5174347 ],
        [ 0.03097167,  0.        , -0.02964345, ..., -0.86399045,
         -0.78132638, -0.54368962],
        [ 0.06058729,  0.02964345,  0.        , ..., -0.87853648,
         -0.79948417, -0.56833004],
        ...,
        [ 0.84798148,  0.86399045,  0.87853648, ...,  0.        ,
         -0.14583178, -0.45138322],
        [ 0.76162143,  0.78132638,  0.79948417, ...,  0.14583178,
          0.        , -0.31642757],
        [ 0.5174347 ,  0.54368962,  0.56833004, ...,  0.45138322,
          0.31642757,  0.        ]]]), 'num': array([ 4.27494230e+07,  3.49975000e+05,  1.53900000e+03,  2.75500000e+04,
        2.78000000e+04,  2.67000000e+04,  3.24988000e+05,  9.50000000e+02,
        2.81300000e+04,  5.96575000e+04,  9.45925000e+04,  4.94004796e+00,
        1.48055188e+05, -2.87401882e+04])}
{'img': array([[[ 0.00000000e+00,  3.39279960e-02, -2.39341691e-02, ...,
         -9.08611809e-01, -8.13137637e-01, -8.60315845e-01],
        [-3.39279960e-02,  0.00000000e+00, -5.78386666e-02, ...,
         -8.93918958e-01, -7.92920979e-01, -8.42525362e-01],
        [ 2.39341691e-02,  5.78386666e-02,  0.00000000e+00, ...,
         -9.18347432e-01, -8.26836100e-01, -8.72270110e-01],
        ...,
        [ 9.08611809e-01,  8.93918958e-01,  9.18347432e-01, ...,
          0.00000000e+00, -1.89276825e-01, -1.03871433e-01],
        [ 8.13137637e-01,  7.92920979e-01,  8.26836100e-01, ...,
          1.89276825e-01,  0.00000000e+00,  8.62591480e-02],
        [ 8.60315845e-01,  8.42525362e-01,  8.72270110e-01, ...,
          1.03871433e-01, -8.62591480e-02,  0.00000000e+00]],

       [[ 0.00000000e+00, -4.12645225e-02, -1.74753025e-02, ...,
          3.82967489e-01,  7.33440227e-01,  4.64103608e-01],
        [ 4.12645225e-02,  0.00000000e+00,  2.37978032e-02, ...,
          4.20759889e-01,  7.60865246e-01,  5.00259637e-01],
        [ 1.74753025e-02, -2.37978032e-02,  0.00000000e+00, ...,
          3.99052025e-01,  7.45207133e-01,  4.79512026e-01],
        ...,
        [-3.82967489e-01, -4.20759889e-01, -3.99052025e-01, ...,
          0.00000000e+00,  4.17200417e-01,  8.94958987e-02],
        [-7.33440227e-01, -7.60865246e-01, -7.45207133e-01, ...,
         -4.17200417e-01,  0.00000000e+00, -3.34191100e-01],
        [-4.64103608e-01, -5.00259637e-01, -4.79512026e-01, ...,
         -8.94958987e-02,  3.34191100e-01,  0.00000000e+00]],

       [[ 0.00000000e+00, -3.45508612e-02, -4.72322637e-02, ...,
         -8.28477650e-01, -8.29724369e-01, -8.28059061e-01],
        [ 3.45508612e-02,  0.00000000e+00, -1.26917631e-02, ...,
         -8.47332246e-01, -8.48514343e-01, -8.46935285e-01],
        [ 4.72322637e-02,  1.26917631e-02,  0.00000000e+00, ...,
         -8.54004126e-01, -8.55162131e-01, -8.53615230e-01],
        ...,
        [ 8.28477650e-01,  8.47332246e-01,  8.54004126e-01, ...,
          0.00000000e+00,  2.22987414e-03, -7.47037863e-04],
        [ 8.29724369e-01,  8.48514343e-01,  8.55162131e-01, ...,
         -2.22987414e-03,  0.00000000e+00, -2.97690952e-03],
        [ 8.28059061e-01,  8.46935285e-01,  8.53615230e-01, ...,
          7.47037863e-04,  2.97690952e-03,  0.00000000e+00]],

       ...,

       [[ 0.00000000e+00,  1.06407027e-01,  2.37143404e-02, ...,
         -9.99334033e-01, -9.93313702e-01, -9.93324412e-01],
        [-1.06407027e-01,  0.00000000e+00, -8.27973970e-02, ...,
         -9.89777723e-01, -9.75390002e-01, -9.99959475e-01],
        [-2.37143404e-02,  8.27973970e-02,  0.00000000e+00, ...,
         -9.98187670e-01, -9.90296621e-01, -9.95780616e-01],
        ...,
        [ 9.99334033e-01,  9.89777723e-01,  9.98187670e-01, ...,
