state_0,state_1,state_2,state_3,state_4,state_5,state_6,state_7,state_8,state_9,state_10,state_11,state_12,state_13,state_14,state_15,state_16,state_17,state_18,state_19,state_20,state_21,state_22,state_23,state_24,state_25,state_26,state_27,state_28,state_29,state_30,state_31,state_32,state_33,state_34,state_35,state_36,state_37,state_38,state_39,state_40,state_41,state_42,state_43,state_44,state_45,state_46,state_47,state_48,state_49,state_50,state_51,state_52,state_53,state_54,state_55,state_56,state_57,state_58,state_59,state_60,state_61,state_62,state_63,state_64,state_65,state_66,state_67,state_68,state_69,state_70,state_71,state_72,state_73,state_74,state_75,state_76,state_77
{'img': array([[[ 0.00000000e+00,  3.95890316e-01, -3.81113394e-01, ...,
          9.89717729e-01,  9.94590635e-01,  9.56359066e-01],
        [-3.95890316e-01,  0.00000000e+00, -7.15987395e-01, ...,
          9.65481520e-01,  8.72208331e-01,  7.62545654e-01],
        [ 3.81113394e-01,  7.15987395e-01,  0.00000000e+00, ...,
          8.60509755e-01,  9.59114342e-01,  9.95540072e-01],
        ...,
        [-9.89717729e-01, -9.65481520e-01, -8.60509755e-01, ...,
          0.00000000e+00, -2.45064923e-01, -4.25981758e-01],
        [-9.94590635e-01, -8.72208331e-01, -9.59114342e-01, ...,
          2.45064923e-01,  0.00000000e+00, -1.91274139e-01],
        [-9.56359066e-01, -7.62545654e-01, -9.95540072e-01, ...,
          4.25981758e-01,  1.91274139e-01,  0.00000000e+00]],

       [[ 0.00000000e+00, -1.81259680e-02,  2.40526639e-01, ...,
          2.02193560e-01,  1.84347414e-01,  6.46884987e-02],
        [ 1.81259680e-02,  0.00000000e+00,  2.58080959e-01, ...,
          2.19911928e-01,  2.02132437e-01,  8.27658744e-02],
        [-2.40526639e-01, -2.58080959e-01,  0.00000000e+00, ...,
         -3.93010306e-02, -5.74688462e-02, -1.77233449e-01],
        ...,
        [-2.02193560e-01, -2.19911928e-01,  3.93010306e-02, ...,
          0.00000000e+00, -1.81883689e-02, -1.38417671e-01],
        [-1.84347414e-01, -2.02132437e-01,  5.74688462e-02, ...,
          1.81883689e-02,  0.00000000e+00, -1.20381487e-01],
        [-6.46884987e-02, -8.27658744e-02,  1.77233449e-01, ...,
          1.38417671e-01,  1.20381487e-01,  0.00000000e+00]],

       [[ 0.00000000e+00, -1.25737933e-01,  9.24493645e-02, ...,
          9.80662397e-01,  9.73517463e-01,  9.78987692e-01],
        [ 1.25737933e-01,  0.00000000e+00,  2.16915085e-01, ...,
          9.48271558e-01,  9.37045850e-01,  9.45577552e-01],
        [-9.24493645e-02, -2.16915085e-01,  0.00000000e+00, ...,
          9.94555595e-01,  9.90483360e-01,  9.93647280e-01],
        ...,
        [-9.80662397e-01, -9.48271558e-01, -9.94555595e-01, ...,
          0.00000000e+00,  3.36675755e-02,  8.38120473e-03],
        [-9.73517463e-01, -9.37045850e-01, -9.90483360e-01, ...,
         -3.36675755e-02,  0.00000000e+00, -2.52899397e-02],
        [-9.78987692e-01, -9.45577552e-01, -9.93647280e-01, ...,
         -8.38120473e-03,  2.52899397e-02,  0.00000000e+00]],

       ...,

       [[ 0.00000000e+00,  1.92208354e-02, -6.76384021e-02, ...,
          5.89263723e-02,  5.78370162e-01, -2.10069596e-01],
        [-1.92208354e-02,  0.00000000e+00, -8.68027245e-02, ...,
          3.97280504e-02,  5.62583449e-01, -2.28822739e-01],
        [ 6.76384021e-02,  8.68027245e-02,  0.00000000e+00, ...,
          1.26312294e-01,  6.32223317e-01, -1.43459368e-01],
        ...,
        [-5.89263723e-02, -3.97280504e-02, -1.26312294e-01, ...,
          0.00000000e+00,  5.29294517e-01, -2.67316080e-01],
        [-5.78370162e-01, -5.62583449e-01, -6.32223317e-01, ...,
         -5.29294517e-01,  0.00000000e+00, -7.36834071e-01],
        [ 2.10069596e-01,  2.28822739e-01,  1.43459368e-01, ...,
          2.67316080e-01,  7.36834071e-01,  0.00000000e+00]],

       [[ 0.00000000e+00,  1.81823341e-02, -5.47049501e-03, ...,
          9.63027794e-01,  9.63083216e-01,  9.62324546e-01],
        [-1.81823341e-02,  0.00000000e+00, -2.36516527e-02, ...,
          9.57970235e-01,  9.58029252e-01,  9.57221624e-01],
        [ 5.47049501e-03,  2.36516527e-02,  0.00000000e+00, ...,
          9.64487146e-01,  9.64541483e-01,  9.63797593e-01],
        ...,
        [-9.63027794e-01, -9.57970235e-01, -9.64487146e-01, ...,
          0.00000000e+00,  2.05797536e-04, -2.59833367e-03],
        [-9.63083216e-01, -9.58029252e-01, -9.64541483e-01, ...,
         -2.05797536e-04,  0.00000000e+00, -2.80413046e-03],
        [-9.62324546e-01, -9.57221624e-01, -9.63797593e-01, ...,
          2.59833367e-03,  2.80413046e-03,  0.00000000e+00]],

       [[ 0.00000000e+00,  5.56254956e-03, -2.38678741e-02, ...,
          9.99801090e-01,  9.98507686e-01,  9.99999862e-01],
        [-5.56254956e-03,  0.00000000e+00, -2.94284697e-02, ...,
          9.99896564e-01,  9.98796017e-01,  9.99987311e-01],
        [ 2.38678741e-02,  2.94284697e-02,  0.00000000e+00, ...,
          9.99040238e-01,  9.96919776e-01,  9.99702456e-01],
        ...,
        [-9.99801090e-01, -9.99896564e-01, -9.99040238e-01, ...,
          0.00000000e+00,  3.46858333e-02, -1.94196194e-02],
        [-9.98507686e-01, -9.98796017e-01, -9.96919776e-01, ...,
         -3.46858333e-02,  0.00000000e+00, -5.40872262e-02],
        [-9.99999862e-01, -9.99987311e-01, -9.99702456e-01, ...,
          1.94196194e-02,  5.40872262e-02,  0.00000000e+00]]]), 'num': array([3.10154080e+07, 1.32350800e+06, 1.57100000e+03, 1.89000000e+04,
       1.90500000e+04, 1.87000000e+04, 9.39800000e+04, 2.00000000e+02,
       1.89600000e+04, 1.89875000e+04, 1.88600000e+04, 4.68085106e+01,
       1.96245832e+04, 1.83504168e+04])}
{'img': array([[[ 0.00000000e+00, -7.15987395e-01,  0.00000000e+00, ...,
          8.72208331e-01,  7.62545654e-01,  8.52406457e-01],
        [ 7.15987395e-01,  0.00000000e+00,  7.15987395e-01, ...,
          9.59114342e-01,  9.95540072e-01,  9.69451515e-01],
        [ 0.00000000e+00, -7.15987395e-01,  0.00000000e+00, ...,
          8.72208331e-01,  7.62545654e-01,  8.52406457e-01],
        ...,
        [-8.72208331e-01, -9.59114342e-01, -8.72208331e-01, ...,
          0.00000000e+00, -1.91274139e-01, -3.91186092e-02],
        [-7.62545654e-01, -9.95540072e-01, -7.62545654e-01, ...,
          1.91274139e-01,  0.00000000e+00,  1.52731384e-01],
        [-8.52406457e-01, -9.69451515e-01, -8.52406457e-01, ...,
          3.91186092e-02, -1.52731384e-01,  0.00000000e+00]],

       [[ 0.00000000e+00,  2.58080959e-01,  2.02162170e-01, ...,
          2.02132437e-01,  8.27658744e-02,  1.59183936e-01],
        [-2.58080959e-01,  0.00000000e+00, -5.74385366e-02, ...,
         -5.74688462e-02, -1.77233449e-01, -1.00998845e-01],
        [-2.02162170e-01,  5.74385366e-02,  0.00000000e+00, ...,
         -3.03597861e-05, -1.20411626e-01, -4.36872736e-02],
        ...,
        [-2.02132437e-01,  5.74688462e-02,  3.03597861e-05, ...,
          0.00000000e+00, -1.20381487e-01, -4.36569428e-02],
        [-8.27658744e-02,  1.77233449e-01,  1.20411626e-01, ...,
          1.20381487e-01,  0.00000000e+00,  7.69272568e-02],
        [-1.59183936e-01,  1.00998845e-01,  4.36872736e-02, ...,
          4.36569428e-02, -7.69272568e-02,  0.00000000e+00]],

       [[ 0.00000000e+00,  2.16915085e-01,  4.87691794e-01, ...,
          9.37045850e-01,  9.45577552e-01,  9.42809042e-01],
        [-2.16915085e-01,  0.00000000e+00,  2.86709772e-01, ...,
          9.90483360e-01,  9.93647280e-01,  9.92666236e-01],
        [-4.87691794e-01, -2.86709772e-01,  0.00000000e+00, ...,
          9.88360972e-01,  9.84197573e-01,  9.85651190e-01],
        ...,
        [-9.37045850e-01, -9.90483360e-01, -9.88360972e-01, ...,
          0.00000000e+00, -2.52899397e-02, -1.68862866e-02],
        [-9.45577552e-01, -9.93647280e-01, -9.84197573e-01, ...,
          2.52899397e-02,  0.00000000e+00,  8.40544810e-03],
        [-9.42809042e-01, -9.92666236e-01, -9.85651190e-01, ...,
          1.68862866e-02, -8.40544810e-03,  0.00000000e+00]],

       ...,

       [[ 0.00000000e+00, -8.68027245e-02,  1.52359269e-01, ...,
          5.62583449e-01, -2.28822739e-01,  7.00229043e-02],
        [ 8.68027245e-02,  0.00000000e+00,  2.37573510e-01, ...,
          6.32223317e-01, -1.43459368e-01,  1.56348261e-01],
        [-1.52359269e-01, -2.37573510e-01,  0.00000000e+00, ...,
          4.30053807e-01, -3.74468162e-01, -8.27798861e-02],
        ...,
        [-5.62583449e-01, -6.32223317e-01, -4.30053807e-01, ...,
          0.00000000e+00, -7.36834071e-01, -5.03311751e-01],
        [ 2.28822739e-01,  1.43459368e-01,  3.74468162e-01, ...,
          7.36834071e-01,  0.00000000e+00,  2.96426131e-01],
        [-7.00229043e-02, -1.56348261e-01,  8.27798861e-02, ...,
          5.03311751e-01, -2.96426131e-01,  0.00000000e+00]],

       [[ 0.00000000e+00, -2.36516527e-02, -3.31868182e-02, ...,
          9.58029252e-01,  9.57221624e-01,  9.56895333e-01],
        [ 2.36516527e-02,  0.00000000e+00, -9.53891000e-03, ...,
          9.64541483e-01,  9.63797593e-01,  9.63496872e-01],
        [ 3.31868182e-02,  9.53891000e-03,  0.00000000e+00, ...,
          9.67015217e-01,  9.66297151e-01,  9.66006789e-01],
        ...,
        [-9.58029252e-01, -9.64541483e-01, -9.67015217e-01, ...,
          0.00000000e+00, -2.80413046e-03, -3.92967503e-03],
        [-9.57221624e-01, -9.63797593e-01, -9.66297151e-01, ...,
          2.80413046e-03,  0.00000000e+00, -1.12555077e-03],
        [-9.56895333e-01, -9.63496872e-01, -9.66006789e-01, ...,
          3.92967503e-03,  1.12555077e-03,  0.00000000e+00]],

       [[ 0.00000000e+00, -2.94284697e-02, -2.95269464e-02, ...,
          9.98796017e-01,  9.99987311e-01,  9.99941521e-01],
        [ 2.94284697e-02,  0.00000000e+00, -9.85194723e-05, ...,
          9.96919776e-01,  9.99702456e-01,  9.99826691e-01],
        [ 2.95269464e-02,  9.85194723e-05,  0.00000000e+00, ...,
          9.96912045e-01,  9.99700048e-01,  9.99824852e-01],
        ...,
        [-9.98796017e-01, -9.96919776e-01, -9.96912045e-01, ...,
          0.00000000e+00, -5.40872262e-02, -5.98549119e-02],
        [-9.99987311e-01, -9.99702456e-01, -9.99700048e-01, ...,
          5.40872262e-02,  0.00000000e+00, -5.77704461e-03],
        [-9.99941521e-01, -9.99826691e-01, -9.99824852e-01, ...,
          5.98549119e-02,  5.77704461e-03,  0.00000000e+00]]]), 'num': array([ 7.36731480e+07,  3.42909480e+07,  2.10600000e+03,  1.87000000e+04,
        1.90500000e+04,  1.86500000e+04,  9.51300000e+04, -2.00000000e+02,
        1.89000000e+04,  1.89575000e+04,  1.88775000e+04,  4.58333333e+01,
        1.95893821e+04,  1.83256179e+04])}
{'img': array([[[ 0.00000000e+00,  7.15987395e-01,  9.18152835e-01, ...,
          9.95540072e-01,  9.69451515e-01,  9.95540072e-01],
        [-7.15987395e-01,  0.00000000e+00,  3.57281502e-01, ...,
          7.62545654e-01,  8.52406457e-01,  7.62545654e-01],
        [-9.18152835e-01, -3.57281502e-01,  0.00000000e+00, ...,
          4.81077466e-01,  6.09329598e-01,  4.81077466e-01],
        ...,
        [-9.95540072e-01, -7.62545654e-01, -4.81077466e-01, ...,
          0.00000000e+00,  1.52731384e-01,  0.00000000e+00],
        [-9.69451515e-01, -8.52406457e-01, -6.09329598e-01, ...,
         -1.52731384e-01,  0.00000000e+00, -1.52731384e-01],
        [-9.95540072e-01, -7.62545654e-01, -4.81077466e-01, ...,
          0.00000000e+00,  1.52731384e-01,  0.00000000e+00]],

       [[ 0.00000000e+00, -5.74385366e-02,  2.24496216e-01, ...,
         -1.77233449e-01, -1.00998845e-01, -9.36938944e-02],
        [ 5.74385366e-02,  0.00000000e+00,  2.80097999e-01, ...,
         -1.20411626e-01, -4.36872736e-02, -3.63533425e-02],
        [-2.24496216e-01, -2.80097999e-01,  0.00000000e+00, ...,
         -3.93651739e-01, -3.21769110e-01, -3.14811023e-01],
        ...,
        [ 1.77233449e-01,  1.20411626e-01,  3.93651739e-01, ...,
          0.00000000e+00,  7.69272568e-02,  8.42431967e-02],
        [ 1.00998845e-01,  4.36872736e-02,  3.21769110e-01, ...,
         -7.69272568e-02,  0.00000000e+00,  7.33976197e-03],
        [ 9.36938944e-02,  3.63533425e-02,  3.14811023e-01, ...,
         -8.42431967e-02, -7.33976197e-03,  0.00000000e+00]],

       [[ 0.00000000e+00,  4.44895821e-01,  6.31838086e-01, ...,
          9.48335559e-01,  9.45610452e-01,  9.60838652e-01],
        [-4.44895821e-01,  0.00000000e+00,  2.21024096e-01, ...,
          9.90464255e-01,  9.91597157e-01,  9.83794503e-01],
        [-6.31838086e-01, -2.21024096e-01,  0.00000000e+00, ...,
          9.35517959e-01,  9.38480732e-01,  9.19834088e-01],
        ...,
        [-9.48335559e-01, -9.90464255e-01, -9.35517959e-01, ...,
          0.00000000e+00,  8.48174553e-03, -4.20526102e-02],
        [-9.45610452e-01, -9.91597157e-01, -9.38480732e-01, ...,
         -8.48174553e-03,  0.00000000e+00, -5.05253401e-02],
        [-9.60838652e-01, -9.83794503e-01, -9.19834088e-01, ...,
          4.20526102e-02,  5.05253401e-02,  0.00000000e+00]],

       ...,

       [[ 0.00000000e+00,  2.37573510e-01,  4.37380095e-01, ...,
         -1.43459368e-01,  1.56348261e-01,  1.26312294e-01],
        [-2.37573510e-01,  0.00000000e+00,  2.11213381e-01, ...,
         -3.74468162e-01, -8.27798861e-02, -1.12974753e-01],
        [-4.37380095e-01, -2.11213381e-01,  0.00000000e+00, ...,
         -5.61865599e-01, -2.91400836e-01, -3.20287203e-01],
        ...,
        [ 1.43459368e-01,  3.74468162e-01,  5.61865599e-01, ...,
          0.00000000e+00,  2.96426131e-01,  2.67316080e-01],
        [-1.56348261e-01,  8.27798861e-02,  2.91400836e-01, ...,
         -2.96426131e-01,  0.00000000e+00, -3.03370900e-02],
        [-1.26312294e-01,  1.12974753e-01,  3.20287203e-01, ...,
         -2.67316080e-01,  3.03370900e-02,  0.00000000e+00]],

       [[ 0.00000000e+00, -9.53891000e-03,  1.09981101e-01, ...,
          9.63797593e-01,  9.63496872e-01,  9.56095401e-01],
        [ 9.53891000e-03,  0.00000000e+00,  1.19457141e-01, ...,
          9.66297151e-01,  9.66006789e-01,  9.58847333e-01],
        [-1.09981101e-01, -1.19457141e-01,  0.00000000e+00, ...,
          9.28626081e-01,  9.28207894e-01,  9.18064842e-01],
        ...,
        [-9.63797593e-01, -9.66297151e-01, -9.28626081e-01, ...,
          0.00000000e+00, -1.12555077e-03, -2.75178255e-02],
        [-9.63496872e-01, -9.66006789e-01, -9.28207894e-01, ...,
          1.12555077e-03,  0.00000000e+00, -2.63926836e-02],
        [-9.56095401e-01, -9.58847333e-01, -9.18064842e-01, ...,
          2.75178255e-02,  2.63926836e-02,  0.00000000e+00]],

       [[ 0.00000000e+00, -9.85194723e-05,  2.62309760e-04, ...,
          9.99702456e-01,  9.99826691e-01,  9.99780953e-01],
        [ 9.85194723e-05,  0.00000000e+00,  3.60829227e-04, ...,
          9.99700048e-01,  9.99824852e-01,  9.99783010e-01],
        [-2.62309760e-04, -3.60829227e-04,  0.00000000e+00, ...,
          9.99708820e-01,  9.99831540e-01,  9.99775429e-01],
        ...,
        [-9.99702456e-01, -9.99700048e-01, -9.99708820e-01, ...,
          0.00000000e+00, -5.77704461e-03, -4.53105951e-02],
        [-9.99826691e-01, -9.99824852e-01, -9.99831540e-01, ...,
          5.77704461e-03,  0.00000000e+00, -3.95387277e-02],
        [-9.99780953e-01, -9.99783010e-01, -9.99775429e-01, ...,
          4.53105951e-02,  3.95387277e-02,  0.00000000e+00]]]), 'num': array([ 6.89493520e+07,  1.67104520e+07,  3.04600000e+03,  1.71500000e+04,
        1.76000000e+04,  1.69500000e+04,  4.16587200e+06, -1.55000000e+03,
        1.84800000e+04,  1.88550000e+04,  1.88758333e+04,  2.59740260e+01,
        1.98544498e+04,  1.78555502e+04])}
{'img': array([[[ 0.00000000e+00,  3.30706306e-01,  2.16192611e-01, ...,
          8.22618850e-01,  7.29365384e-01, -7.71389216e-01],
        [-3.30706306e-01,  0.00000000e+00, -1.18857087e-01, ...,
          5.88295792e-01,  4.62082469e-01, -9.38435484e-01],
        [-2.16192611e-01,  1.18857087e-01,  0.00000000e+00, ...,
          6.80238869e-01,  5.64213796e-01, -8.90723543e-01],
        ...,
        [-8.22618850e-01, -5.88295792e-01, -6.80238869e-01, ...,
          0.00000000e+00, -1.48061394e-01, -9.62091386e-01],
        [-7.29365384e-01, -4.62082469e-01, -5.64213796e-01, ...,
          1.48061394e-01,  0.00000000e+00, -9.91867760e-01],
        [ 7.71389216e-01,  9.38435484e-01,  8.90723543e-01, ...,
          9.62091386e-01,  9.91867760e-01,  0.00000000e+00]],

       [[ 0.00000000e+00,  9.22508235e-02, -1.17611058e-01, ...,
         -1.46501781e-02, -1.21828312e-02,  2.39028923e-01],
        [-9.22508235e-02,  0.00000000e+00, -2.08720120e-01, ...,
         -1.06828630e-01, -1.04374858e-01,  3.27586354e-01],
        [ 1.17611058e-01,  2.08720120e-01,  0.00000000e+00, ...,
          1.03049934e-01,  1.05504051e-01,  1.23168198e-01],
        ...,
        [ 1.46501781e-02,  1.06828630e-01, -1.03049934e-01, ...,
          0.00000000e+00,  2.46756715e-03,  2.24777766e-01],
        [ 1.21828312e-02,  1.04374858e-01, -1.05504051e-01, ...,
         -2.46756715e-03,  0.00000000e+00,  2.27181504e-01],
        [-2.39028923e-01, -3.27586354e-01, -1.23168198e-01, ...,
         -2.24777766e-01, -2.27181504e-01,  0.00000000e+00]],

       [[ 0.00000000e+00,  4.87932514e-01,  6.26201803e-01, ...,
          9.57589620e-01,  9.71439314e-01,  9.92936849e-01],
        [-4.87932514e-01,  0.00000000e+00,  1.66177919e-01, ...,
          9.76452850e-01,  9.63731862e-01,  8.08825764e-01],
        [-6.26201803e-01, -1.66177919e-01,  0.00000000e+00, ...,
          9.27026325e-01,  9.05983622e-01,  6.99859024e-01],
        ...,
        [-9.57589620e-01, -9.76452850e-01, -9.27026325e-01, ...,
          0.00000000e+00, -5.26815875e-02, -3.99712776e-01],
        [-9.71439314e-01, -9.63731862e-01, -9.05983622e-01, ...,
          5.26815875e-02,  0.00000000e+00, -3.50867645e-01],
        [-9.92936849e-01, -8.08825764e-01, -6.99859024e-01, ...,
          3.99712776e-01,  3.50867645e-01,  0.00000000e+00]],

       ...,

       [[ 0.00000000e+00,  2.11213381e-01,  2.11213381e-01, ...,
         -8.27798861e-02, -1.12974753e-01, -7.50947929e-01],
        [-2.11213381e-01,  0.00000000e+00,  0.00000000e+00, ...,
         -2.91400836e-01, -3.20287203e-01, -8.73483694e-01],
        [-2.11213381e-01,  0.00000000e+00,  0.00000000e+00, ...,
         -2.91400836e-01, -3.20287203e-01, -8.73483694e-01],
        ...,
        [ 8.27798861e-02,  2.91400836e-01,  2.91400836e-01, ...,
          0.00000000e+00, -3.03370900e-02, -6.93705923e-01],
        [ 1.12974753e-01,  3.20287203e-01,  3.20287203e-01, ...,
          3.03370900e-02,  0.00000000e+00, -6.71536085e-01],
        [ 7.50947929e-01,  8.73483694e-01,  8.73483694e-01, ...,
          6.93705923e-01,  6.71536085e-01,  0.00000000e+00]],

       [[ 0.00000000e+00,  1.19457141e-01,  1.54308266e-01, ...,
          9.66006789e-01,  9.58847333e-01,  9.96305649e-01],
        [-1.19457141e-01,  0.00000000e+00,  3.51769466e-02, ...,
          9.28207894e-01,  9.18064842e-01,  9.78912704e-01],
        [-1.54308266e-01, -3.51769466e-02,  0.00000000e+00, ...,
          9.14545423e-01,  9.03551445e-01,  9.71120942e-01],
        ...,
        [-9.66006789e-01, -9.28207894e-01, -9.14545423e-01, ...,
          0.00000000e+00, -2.63926836e-02,  1.74602783e-01],
        [-9.58847333e-01, -9.18064842e-01, -9.03551445e-01, ...,
          2.63926836e-02,  0.00000000e+00,  2.00529225e-01],
        [-9.96305649e-01, -9.78912704e-01, -9.71120942e-01, ...,
         -1.74602783e-01, -2.00529225e-01,  0.00000000e+00]],

       [[ 0.00000000e+00,  3.60829227e-04, -3.68098994e-03, ...,
          9.99824852e-01,  9.99783010e-01,  8.41890562e-01],
        [-3.60829227e-04,  0.00000000e+00, -4.04181649e-03, ...,
          9.99831540e-01,  9.99775429e-01,  8.41695786e-01],
        [ 3.68098994e-03,  4.04181649e-03,  0.00000000e+00, ...,
          9.99749187e-01,  9.99852916e-01,  8.43871298e-01],
        ...,
        [-9.99824852e-01, -9.99831540e-01, -9.99749187e-01, ...,
          0.00000000e+00, -3.95387277e-02, -5.55310093e-01],
        [-9.99783010e-01, -9.99775429e-01, -9.99852916e-01, ...,
          3.95387277e-02,  0.00000000e+00, -5.21993741e-01],
        [-8.41890562e-01, -8.41695786e-01, -8.43871298e-01, ...,
          5.55310093e-01,  5.21993741e-01,  0.00000000e+00]]]), 'num': array([ 6.82429840e+07,  8.47728400e+06,  3.52600000e+03,  1.69500000e+04,
        1.73000000e+04,  1.69000000e+04,  3.74420000e+05, -2.00000000e+02,
        1.80800000e+04,  1.87200000e+04,  1.88641667e+04,  2.37500000e+01,
        1.99550708e+04,  1.74849292e+04])}
{'img': array([[[ 0.        , -0.1066492 , -0.57322555, ...,  0.43009413,
         -0.70817523, -0.96714187],
        [ 0.1066492 ,  0.        , -0.48256818, ...,  0.52392238,
         -0.62883806, -0.93451178],
        [ 0.57322555,  0.48256818,  0.        , ...,  0.869917  ,
         -0.17555882, -0.64673844],
        ...,
        [-0.43009413, -0.52392238, -0.869917  , ...,  0.        ,
         -0.94299155, -0.98246622],
        [ 0.70817523,  0.62883806,  0.17555882, ...,  0.94299155,
          0.        , -0.50279312],
        [ 0.96714187,  0.93451178,  0.64673844, ...,  0.98246622,
          0.50279312,  0.        ]],

       [[ 0.        , -0.20872012, -0.01030116, ..., -0.10437486,
          0.32758635,  0.2402814 ],
        [ 0.20872012,  0.        ,  0.19863476, ...,  0.10550405,
          0.1231682 ,  0.4375946 ],
        [ 0.01030116, -0.19863476,  0.        , ..., -0.09412442,
          0.31783622,  0.25026802],
        ...,
        [ 0.10437486, -0.10550405,  0.09412442, ...,  0.        ,
          0.2271815 ,  0.340286  ],
        [-0.32758635, -0.1231682 , -0.31783622, ..., -0.2271815 ,
          0.        , -0.54501212],
        [-0.2402814 , -0.4375946 , -0.25026802, ..., -0.340286  ,
          0.54501212,  0.        ]],

       [[ 0.        ,  0.43495438,  0.26662298, ...,  0.98264042,
          0.98088861,  0.83080669],
        [-0.43495438,  0.        , -0.1791281 , ...,  0.96551391,
          0.79861446,  0.50602327],
        [-0.26662298,  0.1791281 ,  0.        , ...,  0.99653372,
          0.89350446,  0.65234026],
        ...,
        [-0.98264042, -0.96551391, -0.99653372, ...,  0.        ,
         -0.37316729, -0.70103098],
        [-0.98088861, -0.79861446, -0.89350446, ...,  0.37316729,
          0.        , -0.38427426],
        [-0.83080669, -0.50602327, -0.65234026, ...,  0.70103098,
          0.38427426,  0.        ]],

       ...,

       [[ 0.        ,  0.        ,  0.        , ..., -0.3202872 ,
         -0.87348369, -0.92749679],
        [ 0.        ,  0.        ,  0.        , ..., -0.3202872 ,
         -0.87348369, -0.92749679],
        [ 0.        ,  0.        ,  0.        , ..., -0.3202872 ,
         -0.87348369, -0.92749679],
        ...,
        [ 0.3202872 ,  0.3202872 ,  0.3202872 , ...,  0.        ,
         -0.67153609, -0.75890339],
        [ 0.87348369,  0.87348369,  0.87348369, ...,  0.67153609,
          0.        , -0.12501958],
        [ 0.92749679,  0.92749679,  0.92749679, ...,  0.75890339,
          0.12501958,  0.        ]],

       [[ 0.        ,  0.03517695, -0.02673146, ...,  0.91806484,
          0.9789127 ,  0.99205691],
        [-0.03517695,  0.        , -0.06187929, ...,  0.90355145,
          0.97112094,  0.98701802],
        [ 0.02673146,  0.06187929,  0.        , ...,  0.92833393,
          0.98402357,  0.99506495],
        ...,
        [-0.91806484, -0.90355145, -0.92833393, ...,  0.        ,
          0.20052922,  0.27779814],
        [-0.9789127 , -0.97112094, -0.98402357, ..., -0.20052922,
          0.        ,  0.07951914],
        [-0.99205691, -0.98701802, -0.99506495, ..., -0.27779814,
         -0.07951914,  0.        ]],

       [[ 0.        , -0.00404182, -0.02516027, ...,  0.99977543,
          0.84169579,  0.61037422],
        [ 0.00404182,  0.        , -0.02111953, ...,  0.99985292,
          0.8438713 ,  0.61357081],
        [ 0.02516027,  0.02111953,  0.        , ...,  0.99999212,
          0.85501467,  0.63011077],
        ...,
        [-0.99977543, -0.99985292, -0.99999212, ...,  0.        ,
         -0.52199374, -0.77900039],
        [-0.84169579, -0.8438713 , -0.85501467, ...,  0.52199374,
          0.        , -0.33714554],
        [-0.61037422, -0.61357081, -0.63011077, ...,  0.77900039,
          0.33714554,  0.        ]]]), 'num': array([ 6.80570420e+07,  5.35804200e+06,  3.71000000e+03,  1.69000000e+04,
        1.71500000e+04,  1.68000000e+04,  3.17355000e+05, -5.00000000e+01,
        1.77200000e+04,  1.86650000e+04,  1.88450000e+04,  2.37500000e+01,
        2.01044791e+04,  1.72255209e+04])}
{'img': array([[[ 0.        , -0.46477021, -0.18272939, ..., -0.60141727,
         -0.82603601, -0.94280904],
        [ 0.46477021,  0.        ,  0.29515066, ..., -0.16119247,
         -0.46944562, -0.67986927],
        [ 0.18272939, -0.29515066,  0.        , ..., -0.44530244,
         -0.70913879, -0.8660254 ],
        ...,
        [ 0.60141727,  0.16119247,  0.44530244, ...,  0.        ,
         -0.32097995, -0.5527708 ],
        [ 0.82603601,  0.46944562,  0.70913879, ...,  0.32097995,
          0.        , -0.25603819],
        [ 0.94280904,  0.67986927,  0.8660254 , ...,  0.5527708 ,
          0.25603819,  0.        ]],

       [[ 0.        ,  0.19863476, -0.1231682 , ...,  0.1231682 ,
          0.4375946 ,  0.38939185],
        [-0.19863476,  0.        , -0.31783622, ...,  0.31783622,
          0.25026802,  0.19867571],
        [ 0.1231682 ,  0.31783622,  0.        , ...,  0.        ,
          0.54501212,  0.49987375],
        ...,
        [-0.1231682 , -0.31783622, -0.        , ...,  0.        ,
         -0.54501212, -0.49987375],
        [-0.4375946 , -0.25026802, -0.54501212, ...,  0.54501212,
          0.        , -0.05292582],
        [-0.38939185, -0.19867571, -0.49987375, ...,  0.49987375,
          0.05292582,  0.        ]],

       [[ 0.        , -0.21515698,  0.02242106, ...,  0.81664323,
          0.52700562,  0.04378716],
        [ 0.21515698,  0.        ,  0.23699884, ...,  0.92169332,
          0.69751657,  0.25771226],
        [-0.02242106, -0.23699884,  0.        , ...,  0.80349778,
          0.50781834,  0.0213766 ],
        ...,
        [-0.81664323, -0.92169332, -0.80349778, ...,  0.        ,
         -0.38987637, -0.79058852],
        [-0.52700562, -0.69751657, -0.50781834, ...,  0.38987637,
          0.        , -0.48928712],
        [-0.04378716, -0.25771226, -0.0213766 , ...,  0.79058852,
          0.48928712,  0.        ]],

       ...,

       [[ 0.        ,  0.        , -0.24892319, ..., -0.87348369,
         -0.92749679, -0.92749679],
        [ 0.        ,  0.        , -0.24892319, ..., -0.87348369,
         -0.92749679, -0.92749679],
        [ 0.24892319,  0.24892319,  0.        , ..., -0.72480014,
         -0.80524695, -0.80524695],
        ...,
        [ 0.87348369,  0.87348369,  0.72480014, ...,  0.        ,
         -0.12501958, -0.12501958],
        [ 0.92749679,  0.92749679,  0.80524695, ...,  0.12501958,
          0.        ,  0.        ],
        [ 0.92749679,  0.92749679,  0.80524695, ...,  0.12501958,
          0.        ,  0.        ]],

       [[ 0.        , -0.06187929, -0.21101047, ...,  0.97112094,
          0.98701802,  0.99927901],
        [ 0.06187929,  0.        , -0.1501201 , ...,  0.98402357,
          0.99506495,  0.99971338],
        [ 0.21101047,  0.1501201 ,  0.        , ...,  0.9995995 ,
          0.99868442,  0.98479038],
        ...,
        [-0.97112094, -0.98402357, -0.9995995 , ...,  0.        ,
          0.07951914,  0.20154565],
        [-0.98701802, -0.99506495, -0.99868442, ..., -0.07951914,
          0.        ,  0.12302008],
        [-0.99927901, -0.99971338, -0.98479038, ..., -0.20154565,
         -0.12302008,  0.        ]],

       [[ 0.        , -0.02111953,  0.01155572, ...,  0.8438713 ,
          0.61357081,  0.41369911],
        [ 0.02111953,  0.        ,  0.03267126, ...,  0.85501467,
          0.63011077,  0.43283434],
        [-0.01155572, -0.03267126,  0.        , ...,  0.83761478,
          0.60440498,  0.403151  ],
        ...,
        [-0.8438713 , -0.85501467, -0.83761478, ...,  0.        ,
         -0.33714554, -0.54630351],
        [-0.61357081, -0.63011077, -0.60440498, ...,  0.33714554,
          0.        , -0.23193001],
        [-0.41369911, -0.43283434, -0.403151  , ...,  0.54630351,
          0.23193001,  0.        ]]]), 'num': array([ 6.76568590e+07,  5.40859000e+05,  3.99500000e+03,  1.68000000e+04,
        1.69500000e+04,  1.67000000e+04,  2.97614000e+05, -1.00000000e+02,
        1.73000000e+04,  1.85400000e+04,  1.88266667e+04,  1.81818182e+01,
        2.01600617e+04,  1.69199383e+04])}
{'img': array([[[ 0.        ,  0.2721979 ,  0.20055403, ..., -0.37368513,
         -0.44875991, -0.73559705],
        [-0.2721979 ,  0.        , -0.07368619, ..., -0.61205395,
         -0.67506561, -0.89221398],
        [-0.20055403,  0.07368619,  0.        , ..., -0.55211785,
         -0.61886788, -0.85651084],
        ...,
        [ 0.37368513,  0.61205395,  0.55211785, ...,  0.        ,
         -0.08230518, -0.42916564],
        [ 0.44875991,  0.67506561,  0.61886788, ...,  0.08230518,
          0.        , -0.35336939],
        [ 0.73559705,  0.89221398,  0.85651084, ...,  0.42916564,
          0.35336939,  0.        ]],

       [[ 0.        , -0.31783622, -0.20706088, ...,  0.25026802,
          0.19867571,  0.17954844],
        [ 0.31783622,  0.        ,  0.11462422, ...,  0.54501212,
          0.49987375,  0.48290917],
        [ 0.20706088, -0.11462422,  0.        , ...,  0.44531572,
          0.3973032 ,  0.37935323],
        ...,
        [-0.25026802, -0.54501212, -0.44531572, ...,  0.        ,
         -0.05292582, -0.07236635],
        [-0.19867571, -0.49987375, -0.3973032 , ...,  0.05292582,
          0.        , -0.01947787],
        [-0.17954844, -0.48290917, -0.37935323, ...,  0.07236635,
          0.01947787,  0.        ]],

       [[ 0.        ,  0.09011405,  0.06835977, ...,  0.42744701,
          0.10081543, -0.67698154],
        [-0.09011405,  0.        , -0.02182161, ...,  0.34424118,
          0.01075033, -0.74055115],
        [-0.06835977,  0.02182161,  0.        , ...,  0.36464711,
          0.03256811, -0.72571069],
        ...,
        [-0.42744701, -0.34424118, -0.36464711, ...,  0.        ,
         -0.33412801, -0.92661966],
        [-0.10081543, -0.01075033, -0.03256811, ...,  0.33412801,
          0.        , -0.74773257],
        [ 0.67698154,  0.74055115,  0.72571069, ...,  0.92661966,
          0.74773257,  0.        ]],

       ...,

       [[ 0.        , -0.24390968, -0.15527093, ..., -0.90505737,
         -0.90505737, -0.98925692],
        [ 0.24390968,  0.        ,  0.0903701 , ..., -0.77399056,
         -0.77399056, -0.99503585],
        [ 0.15527093, -0.0903701 ,  0.        , ..., -0.82804568,
         -0.82804568, -0.99995779],
        ...,
        [ 0.90505737,  0.77399056,  0.82804568, ...,  0.        ,
          0.        , -0.55302853],
        [ 0.90505737,  0.77399056,  0.82804568, ...,  0.        ,
          0.        , -0.55302853],
        [ 0.98925692,  0.99503585,  0.99995779, ...,  0.55302853,
          0.55302853,  0.        ]],

       [[ 0.        , -0.1501201 , -0.46330401, ...,  0.99506495,
          0.99971338,  0.9974142 ],
        [ 0.1501201 ,  0.        , -0.3250174 , ...,  0.99868442,
          0.98479038,  0.97532255],
        [ 0.46330401,  0.3250174 ,  0.        , ...,  0.92779766,
          0.87485348,  0.85061147],
        ...,
        [-0.99506495, -0.99868442, -0.92779766, ...,  0.        ,
          0.12302008,  0.17048182],
        [-0.99971338, -0.98479038, -0.87485348, ..., -0.12302008,
          0.        ,  0.0479677 ],
        [-0.9974142 , -0.97532255, -0.85061147, ..., -0.17048182,
         -0.0479677 ,  0.        ]],

       [[ 0.        ,  0.03267126,  0.05718808, ...,  0.63011077,
          0.43283434,  0.15664573],
        [-0.03267126,  0.        ,  0.02453976, ...,  0.60440498,
          0.403151  ,  0.12429418],
        [-0.05718808, -0.02453976,  0.        , ...,  0.58467271,
          0.38057244,  0.09990729],
        ...,
        [-0.63011077, -0.60440498, -0.58467271, ...,  0.        ,
         -0.23193001, -0.50069573],
        [-0.43283434, -0.403151  , -0.38057244, ...,  0.23193001,
          0.        , -0.28627897],
        [-0.15664573, -0.12429418, -0.09990729, ...,  0.50069573,
          0.28627897,  0.        ]]]), 'num': array([6.86590740e+07, 3.05626000e+05, 4.00900000e+03, 1.70500000e+04,
       1.72000000e+04, 1.68000000e+04, 2.39077000e+05, 2.50000000e+02,
       1.69700000e+04, 1.84400000e+04, 1.88225000e+04, 2.60273973e+01,
       2.01652826e+04, 1.67147174e+04])}
{'img': array([[[ 0.        , -0.07368619,  0.10563328, ..., -0.67506561,
         -0.89221398, -0.50236968],
        [ 0.07368619,  0.        ,  0.17862004, ..., -0.61886788,
         -0.85651084, -0.437291  ],
        [-0.10563328, -0.17862004,  0.        , ..., -0.74922049,
         -0.93492753, -0.59089513],
        ...,
        [ 0.67506561,  0.61886788,  0.74922049, ...,  0.        ,
         -0.35336939,  0.21307036],
        [ 0.89221398,  0.85651084,  0.93492753, ...,  0.35336939,
          0.        ,  0.54457881],
        [ 0.50236968,  0.437291  ,  0.59089513, ..., -0.21307036,
         -0.54457881,  0.        ]],

       [[ 0.        ,  0.11462422,  0.17426721, ...,  0.49987375,
          0.48290917,  0.42741759],
        [-0.11462422,  0.        ,  0.06024831, ...,  0.3973032 ,
          0.37935323,  0.32097392],
        [-0.17426721, -0.06024831,  0.        , ...,  0.34129236,
          0.32291925,  0.2633304 ],
        ...,
        [-0.49987375, -0.3973032 , -0.34129236, ...,  0.        ,
         -0.01947787, -0.08172738],
        [-0.48290917, -0.37935323, -0.32291925, ...,  0.01947787,
          0.        , -0.06229917],
        [-0.42741759, -0.32097392, -0.2633304 , ...,  0.08172738,
          0.06229917,  0.        ]],

       [[ 0.        , -0.01615285, -0.057175  , ...,  0.00802355,
         -0.3677072 , -0.87888603],
        [ 0.01615285,  0.        , -0.04104111, ...,  0.02417483,
         -0.35263803, -0.87106595],
        [ 0.057175  ,  0.04104111,  0.        , ...,  0.06518358,
         -0.31393629, -0.85017403],
        ...,
        [-0.00802355, -0.02417483, -0.06518358, ...,  0.        ,
         -0.3751568 , -0.88268523],
        [ 0.3677072 ,  0.35263803,  0.31393629, ...,  0.3751568 ,
          0.        , -0.64190467],
        [ 0.87888603,  0.87106595,  0.85017403, ...,  0.88268523,
          0.64190467,  0.        ]],

       ...,

       [[ 0.        ,  0.0903701 ,  0.10831399, ..., -0.77399056,
         -0.99503585, -0.69702731],
        [-0.0903701 ,  0.        ,  0.01803237, ..., -0.82804568,
         -0.99995779, -0.75897464],
        [-0.10831399, -0.01803237,  0.        , ..., -0.83802108,
         -0.99996089, -0.77059247],
        ...,
        [ 0.77399056,  0.82804568,  0.83802108, ...,  0.        ,
         -0.55302853,  0.11363005],
        [ 0.99503585,  0.99995779,  0.99996089, ...,  0.55302853,
          0.        ,  0.64411891],
        [ 0.69702731,  0.75897464,  0.77059247, ..., -0.11363005,
         -0.64411891,  0.        ]],

       [[ 0.        , -0.3250174 , -0.18728013, ...,  0.98479038,
          0.97532255,  0.97430137],
        [ 0.3250174 ,  0.        ,  0.14215439, ...,  0.87485348,
          0.85061147,  0.84819499],
        [ 0.18728013, -0.14215439,  0.        , ...,  0.93482674,
          0.91671712,  0.91487807],
        ...,
        [-0.98479038, -0.87485348, -0.93482674, ...,  0.        ,
          0.0479677 ,  0.05254083],
        [-0.97532255, -0.85061147, -0.91671712, ..., -0.0479677 ,
          0.        ,  0.0045789 ],
        [-0.97430137, -0.84819499, -0.91487807, ..., -0.05254083,
         -0.0045789 ,  0.        ]],

       [[ 0.        ,  0.02453976,  0.02067039, ...,  0.403151  ,
          0.12429418, -0.09550487],
        [-0.02453976,  0.        , -0.00387035, ...,  0.38057244,
          0.09990729, -0.11990369],
        [-0.02067039,  0.00387035,  0.        , ...,  0.3841487 ,
          0.10375752, -0.11606036],
        ...,
        [-0.403151  , -0.38057244, -0.3841487 , ...,  0.        ,
         -0.28627897, -0.48870788],
        [-0.12429418, -0.09990729, -0.10375752, ...,  0.28627897,
          0.        , -0.21849029],
        [ 0.09550487,  0.11990369,  0.11606036, ...,  0.48870788,
          0.21849029,  0.        ]]]), 'num': array([ 6.76296430e+07,  1.11486430e+07,  3.37200000e+03,  1.67500000e+04,
        1.70000000e+04,  1.67500000e+04,  2.59024000e+05, -3.00000000e+02,
        1.68900000e+04,  1.83325000e+04,  1.88075000e+04,  2.43589744e+01,
        2.01924126e+04,  1.64725874e+04])}
{'img': array([[[ 0.        ,  0.17373547,  0.14027626, ..., -0.71992214,
         -0.41585439, -0.87055931],
        [-0.17373547,  0.        , -0.03387466, ..., -0.82955576,
         -0.56753068, -0.94280904],
        [-0.14027626,  0.03387466,  0.        , ..., -0.81016325,
         -0.5393142 , -0.9309764 ],
        ...,
        [ 0.71992214,  0.82955576,  0.81016325, ...,  0.        ,
          0.36609391, -0.2499685 ],
        [ 0.41585439,  0.56753068,  0.5393142 , ..., -0.36609391,
          0.        , -0.58708705],
        [ 0.87055931,  0.94280904,  0.9309764 , ...,  0.2499685 ,
          0.58708705,  0.        ]],

       [[ 0.        ,  0.06537266,  0.14293179, ...,  0.3894963 ,
          0.33095161,  0.35189278],
        [-0.06537266,  0.        ,  0.0779246 , ...,  0.32845309,
          0.26855492,  0.28994861],
        [-0.14293179, -0.0779246 ,  0.        , ...,  0.25385298,
          0.19267632,  0.21448982],
        ...,
        [-0.3894963 , -0.32845309, -0.25385298, ...,  0.        ,
         -0.06273159, -0.04048113],
        [-0.33095161, -0.26855492, -0.19267632, ...,  0.06273159,
          0.        ,  0.02227878],
        [-0.35189278, -0.28994861, -0.21448982, ...,  0.04048113,
         -0.02227878,  0.        ]],

       [[ 0.        , -0.03886522, -0.0625625 , ..., -0.32808255,
         -0.69662999, -0.89294195],
        [ 0.03886522,  0.        , -0.02372615, ..., -0.29112068,
         -0.66822057, -0.87477128],
        [ 0.0625625 ,  0.02372615,  0.        , ..., -0.26834024,
         -0.65038108, -0.86302885],
        ...,
        [ 0.32808255,  0.29112068,  0.26834024, ...,  0.        ,
         -0.42269441, -0.69582326],
        [ 0.69662999,  0.66822057,  0.65038108, ...,  0.42269441,
          0.        , -0.32702068],
        [ 0.89294195,  0.87477128,  0.86302885, ...,  0.69582326,
          0.32702068,  0.        ]],

       ...,

       [[ 0.        ,  0.01803237, -0.01896032, ..., -0.99995779,
         -0.75897464, -0.80955598],
        [-0.01803237,  0.        , -0.03698637, ..., -0.99996089,
         -0.77059247, -0.82001012],
        [ 0.01896032,  0.03698637,  0.        , ..., -0.99960381,
         -0.74649275, -0.79827993],
        ...,
        [ 0.99995779,  0.99996089,  0.99960381, ...,  0.        ,
          0.64411891,  0.57957936],
        [ 0.75897464,  0.77059247,  0.74649275, ..., -0.64411891,
          0.        , -0.08156773],
        [ 0.80955598,  0.82001012,  0.79827993, ..., -0.57957936,
          0.08156773,  0.        ]],

       [[ 0.        ,  0.14215439,  0.24557263, ...,  0.85061147,
          0.84819499,  0.83523377],
        [-0.14215439,  0.        ,  0.10527734, ...,  0.91671712,
          0.91487807,  0.90492154],
        [-0.24557263, -0.10527734,  0.        , ...,  0.95368501,
          0.95229765,  0.94469657],
        ...,
        [-0.85061147, -0.91671712, -0.95368501, ...,  0.        ,
          0.0045789 ,  0.0285855 ],
        [-0.84819499, -0.91487807, -0.95229765, ..., -0.0045789 ,
          0.        ,  0.02400816],
        [-0.83523377, -0.90492154, -0.94469657, ..., -0.0285855 ,
         -0.02400816,  0.        ]],

       [[ 0.        , -0.00387035,  0.00413982, ...,  0.09990729,
         -0.11990369, -0.4366899 ],
        [ 0.00387035,  0.        ,  0.00801011, ...,  0.10375752,
         -0.11606036, -0.43320482],
