state_0,state_1,state_2,state_3,state_4,state_5,state_6,state_7,state_8,state_9,state_10,state_11,state_12,state_13,state_14,state_15,state_16,state_17,state_18,state_19,state_20,state_21,state_22,state_23,state_24,state_25,state_26,state_27,state_28,state_29,state_30,state_31,state_32,state_33,state_34,state_35,state_36,state_37,state_38,state_39,state_40,state_41,state_42,state_43,state_44,state_45,state_46,state_47,state_48,state_49,state_50,state_51,state_52,state_53,state_54,state_55,state_56,state_57,state_58,state_59,state_60,state_61,state_62,state_63,state_64,state_65,state_66,state_67,state_68,state_69,state_70,state_71,state_72,state_73,state_74,state_75,state_76,state_77
{'img': array([[[ 0.        , -0.20170222, -0.07761743, ..., -0.0999809 ,
         -0.22456027, -0.34037707],
        [ 0.20170222,  0.        ,  0.12507158, ...,  0.10276559,
         -0.02339407, -0.14372287],
        [ 0.07761743, -0.12507158,  0.        , ..., -0.02245076,
         -0.14824772, -0.2663674 ],
        ...,
        [ 0.0999809 , -0.10276559,  0.02245076, ...,  0.        ,
         -0.12600767, -0.24466062],
        [ 0.22456027,  0.02339407,  0.14824772, ...,  0.12600767,
          0.        , -0.12053235],
        [ 0.34037707,  0.14372287,  0.2663674 , ...,  0.24466062,
          0.12053235,  0.        ]],

       [[ 0.        , -0.31891036, -0.75390916, ..., -0.55530859,
         -0.17671984, -0.23539975],
        [ 0.31891036,  0.        , -0.5050264 , ..., -0.26109309,
          0.14639869,  0.08684021],
        [ 0.75390916,  0.5050264 ,  0.        , ...,  0.2621584 ,
          0.62594236,  0.57807066],
        ...,
        [ 0.55530859,  0.26109309, -0.2621584 , ...,  0.        ,
          0.39960064,  0.34393478],
        [ 0.17671984, -0.14639869, -0.62594236, ..., -0.39960064,
          0.        , -0.05994107],
        [ 0.23539975, -0.08684021, -0.57807066, ..., -0.34393478,
          0.05994107,  0.        ]],

       [[ 0.        , -0.1454167 , -0.28656341, ..., -0.48194099,
         -0.49783819, -0.55325962],
        [ 0.1454167 ,  0.        , -0.14419927, ..., -0.34940355,
         -0.36643089, -0.42624534],
        [ 0.28656341,  0.14419927,  0.        , ..., -0.21064109,
         -0.22843167, -0.29134675],
        ...,
        [ 0.48194099,  0.34940355,  0.21064109, ...,  0.        ,
         -0.01823472, -0.08330698],
        [ 0.49783819,  0.36643089,  0.22843167, ...,  0.01823472,
          0.        , -0.0651218 ],
        [ 0.55325962,  0.42624534,  0.29134675, ...,  0.08330698,
          0.0651218 ,  0.        ]],

       ...,

       [[ 0.        , -0.2015343 , -0.19288493, ..., -0.69382482,
         -0.99899051, -0.89147187],
        [ 0.2015343 ,  0.        ,  0.00882256, ..., -0.53445487,
         -0.96943944, -0.78186981],
        [ 0.19288493, -0.00882256,  0.        , ..., -0.54189086,
         -0.97156615, -0.78733973],
        ...,
        [ 0.69382482,  0.53445487,  0.54189086, ...,  0.        ,
         -0.6882491 , -0.32763256],
        [ 0.99899051,  0.96943944,  0.97156615, ...,  0.6882491 ,
          0.        ,  0.4125723 ],
        [ 0.89147187,  0.78186981,  0.78733973, ...,  0.32763256,
         -0.4125723 ,  0.        ]],

       [[ 0.        ,  0.1419749 ,  0.20138771, ...,  0.64746378,
          0.76591409,  0.98591121],
        [-0.1419749 ,  0.        ,  0.06028164, ...,  0.74910368,
          0.84943733,  0.99967225],
        [-0.20138771, -0.06028164,  0.        , ...,  0.7876751 ,
          0.87970254,  0.9993975 ],
        ...,
        [-0.64746378, -0.74910368, -0.7876751 , ...,  0.        ,
         -0.16741797, -0.64305826],
        [-0.76591409, -0.84943733, -0.87970254, ...,  0.16741797,
          0.        , -0.50577058],
        [-0.98591121, -0.99967225, -0.9993975 , ...,  0.64305826,
          0.50577058,  0.        ]],

       [[ 0.        , -0.12848049, -0.20716323, ..., -0.83666553,
         -0.90904271, -0.9515241 ],
        [ 0.12848049,  0.        , -0.07975298, ..., -0.75936069,
         -0.8479704 , -0.90412062],
        [ 0.20716323,  0.07975298,  0.        , ..., -0.705049  ,
         -0.80299677, -0.86716404],
        ...,
        [ 0.83666553,  0.75936069,  0.705049  , ...,  0.        ,
         -0.14925456, -0.26382648],
        [ 0.90904271,  0.8479704 ,  0.80299677, ...,  0.14925456,
          0.        , -0.11690481],
        [ 0.9515241 ,  0.90412062,  0.86716404, ...,  0.26382648,
          0.11690481,  0.        ]]]), 'num': array([ 8.74323070e+07,  4.12470700e+06,  1.75200000e+03,  4.75500000e+04,
        4.85000000e+04,  4.75000000e+04,  1.10154000e+05, -5.00000000e+02,
        4.85700000e+04,  5.06325000e+04,  5.09383333e+04,  1.67741935e+01,
        5.52865601e+04,  4.59784399e+04])}
{'img': array([[[ 0.        ,  0.12507158,  0.18003253, ..., -0.02339407,
         -0.14372287, -0.27050379],
        [-0.12507158,  0.        ,  0.05559088, ..., -0.14824772,
         -0.2663674 , -0.3887885 ],
        [-0.18003253, -0.05559088,  0.        , ..., -0.20299509,
         -0.31953797, -0.43940466],
        ...,
        [ 0.02339407,  0.14824772,  0.20299509, ...,  0.        ,
         -0.12053235, -0.24790785],
        [ 0.14372287,  0.2663674 ,  0.31953797, ...,  0.12053235,
          0.        , -0.12933069],
        [ 0.27050379,  0.3887885 ,  0.43940466, ...,  0.24790785,
          0.12933069,  0.        ]],

       [[ 0.        , -0.5050264 , -0.81740808, ...,  0.14639869,
          0.08684021,  0.14921402],
        [ 0.5050264 ,  0.        , -0.41458308, ...,  0.62594236,
          0.57807066,  0.62815979],
        [ 0.81740808,  0.41458308,  0.        , ...,  0.89293535,
          0.86434521,  0.89421322],
        ...,
        [-0.14639869, -0.62594236, -0.89293535, ...,  0.        ,
         -0.05994107,  0.00284659],
        [-0.08684021, -0.57807066, -0.86434521, ...,  0.05994107,
          0.        ,  0.0627823 ],
        [-0.14921402, -0.62815979, -0.89421322, ..., -0.00284659,
         -0.0627823 ,  0.        ]],

       [[ 0.        , -0.14419927, -0.24777438, ..., -0.36643089,
         -0.42624534, -0.52100341],
        [ 0.14419927,  0.        , -0.10548199, ..., -0.22843167,
         -0.29134675, -0.39247628],
        [ 0.24777438,  0.10548199,  0.        , ..., -0.12446425,
         -0.18881547, -0.2932684 ],
        ...,
        [ 0.36643089,  0.22843167,  0.12446425, ...,  0.        ,
         -0.0651218 , -0.17199639],
        [ 0.42624534,  0.29134675,  0.18881547, ...,  0.0651218 ,
          0.        , -0.10747998],
        [ 0.52100341,  0.39247628,  0.2932684 , ...,  0.17199639,
          0.10747998,  0.        ]],

       ...,

       [[ 0.        ,  0.00882256,  0.10642922, ..., -0.96943944,
         -0.78186981, -0.80448639],
        [-0.00882256,  0.        ,  0.09765263, ..., -0.97156615,
         -0.78733973, -0.80969542],
        [-0.10642922, -0.09765263,  0.        , ..., -0.99004365,
         -0.84378142, -0.86313301],
        ...,
        [ 0.96943944,  0.97156615,  0.99004365, ...,  0.        ,
          0.4125723 ,  0.37845375],
        [ 0.78186981,  0.78733973,  0.84378142, ..., -0.4125723 ,
          0.        , -0.03714233],
        [ 0.80448639,  0.80969542,  0.86313301, ..., -0.37845375,
          0.03714233,  0.        ]],

       [[ 0.        ,  0.06028164,  0.07109225, ...,  0.84943733,
          0.99967225,  0.96399676],
        [-0.06028164,  0.        ,  0.01083385, ...,  0.87970254,
          0.9993975 ,  0.94621392],
        [-0.07109225, -0.01083385,  0.        , ...,  0.88480267,
          0.99896282,  0.94265318],
        ...,
        [-0.84943733, -0.87970254, -0.88480267, ...,  0.        ,
         -0.50577058, -0.73456824],
        [-0.99967225, -0.9993975 , -0.99896282, ...,  0.50577058,
          0.        , -0.29050558],
        [-0.96399676, -0.94621392, -0.94265318, ...,  0.73456824,
          0.29050558,  0.        ]],

       [[ 0.        , -0.07975298, -0.15635343, ..., -0.8479704 ,
         -0.90412062, -0.95722392],
        [ 0.07975298,  0.        , -0.07708328, ..., -0.80299677,
         -0.86716404, -0.93109846],
        [ 0.15635343,  0.07708328,  0.        , ..., -0.75466723,
         -0.82619472, -0.90021061],
        ...,
        [ 0.8479704 ,  0.80299677,  0.75466723, ...,  0.        ,
         -0.11690481, -0.26201171],
        [ 0.90412062,  0.86716404,  0.82619472, ...,  0.11690481,
          0.        , -0.14739443],
        [ 0.95722392,  0.93109846,  0.90021061, ...,  0.26201171,
          0.14739443,  0.        ]]]), 'num': array([ 4.34719480e+07,  3.26619480e+07,  2.30000000e+02,  4.70000000e+04,
        4.76000000e+04,  4.68000000e+04,  6.28730000e+04, -5.50000000e+02,
        4.80500000e+04,  5.02825000e+04,  5.09108333e+04,  1.73333333e+01,
        5.49237579e+04,  4.56412421e+04])}
{'img': array([[[ 0.        ,  0.05559088, -0.12507158, ..., -0.2663674 ,
         -0.3887885 , -0.52998285],
        [-0.05559088,  0.        , -0.18003253, ..., -0.31953797,
         -0.43940466, -0.57630483],
        [ 0.12507158,  0.18003253,  0.        , ..., -0.14372287,
         -0.27050379, -0.41975953],
        ...,
        [ 0.2663674 ,  0.31953797,  0.14372287, ...,  0.        ,
         -0.12933069, -0.28495362],
        [ 0.3887885 ,  0.43940466,  0.27050379, ...,  0.12933069,
          0.        , -0.15859163],
        [ 0.52998285,  0.57630483,  0.41975953, ...,  0.28495362,
          0.15859163,  0.        ]],

       [[ 0.        , -0.41458308,  0.29139321, ...,  0.57807066,
          0.62815979,  0.16445953],
        [ 0.41458308,  0.        ,  0.66176273, ...,  0.86434521,
          0.89421322,  0.5585981 ],
        [-0.29139321, -0.66176273,  0.        , ...,  0.31521135,
          0.37417127, -0.13010302],
        ...,
        [-0.57807066, -0.86434521, -0.31521135, ...,  0.        ,
          0.0627823 , -0.43600276],
        [-0.62815979, -0.89421322, -0.37417127, ..., -0.0627823 ,
          0.        , -0.49164327],
        [-0.16445953, -0.5585981 ,  0.13010302, ...,  0.43600276,
          0.49164327,  0.        ]],

       [[ 0.        , -0.10548199, -0.23140452, ..., -0.29134675,
         -0.39247628, -0.55902863],
        [ 0.10548199,  0.        , -0.1274946 , ..., -0.18881547,
         -0.2932684 , -0.46844971],
        [ 0.23140452,  0.1274946 ,  0.        , ..., -0.06207329,
         -0.16898643, -0.35198659],
        ...,
        [ 0.29134675,  0.18881547,  0.06207329, ...,  0.        ,
         -0.10747998, -0.2932069 ],
        [ 0.39247628,  0.2932684 ,  0.16898643, ...,  0.10747998,
          0.        , -0.1887523 ],
        [ 0.55902863,  0.46844971,  0.35198659, ...,  0.2932069 ,
          0.1887523 ,  0.        ]],

       ...,

       [[ 0.        ,  0.09765263, -0.00521498, ..., -0.78733973,
         -0.80969542, -0.78169062],
        [-0.09765263,  0.        , -0.10284136, ..., -0.84378142,
         -0.86313301, -0.83885724],
        [ 0.00521498,  0.10284136,  0.        , ..., -0.78411389,
         -0.806624  , -0.77842758],
        ...,
        [ 0.78733973,  0.84378142,  0.78411389, ...,  0.        ,
         -0.03714233,  0.00910991],
        [ 0.80969542,  0.86313301,  0.806624  , ...,  0.03714233,
          0.        ,  0.04624442],
        [ 0.78169062,  0.83885724,  0.77842758, ..., -0.00910991,
         -0.04624442,  0.        ]],

       [[ 0.        ,  0.01083385,  0.08920001, ...,  0.9993975 ,
          0.94621392,  0.85243375],
        [-0.01083385,  0.        ,  0.07840411, ...,  0.99896282,
          0.94265318,  0.84671941],
        [-0.08920001, -0.07840411,  0.        , ...,  0.99231768,
          0.91358213,  0.80239882],
        ...,
        [-0.9993975 , -0.99896282, -0.99231768, ...,  0.        ,
         -0.29050558, -0.49293398],
        [-0.94621392, -0.94265318, -0.91358213, ...,  0.29050558,
          0.        , -0.21891613],
        [-0.85243375, -0.84671941, -0.80239882, ...,  0.49293398,
          0.21891613,  0.        ]],

       [[ 0.        , -0.07708328, -0.17403882, ..., -0.86716404,
         -0.93109846, -0.98775821],
        [ 0.07708328,  0.        , -0.09761411, ..., -0.82619472,
         -0.90021061, -0.97279486],
        [ 0.17403882,  0.09761411,  0.        , ..., -0.7672548 ,
         -0.85340498, -0.94553504],
        ...,
        [ 0.86716404,  0.82619472,  0.7672548 , ...,  0.        ,
         -0.14739443, -0.35665468],
        [ 0.93109846,  0.90021061,  0.85340498, ...,  0.14739443,
          0.        , -0.215058  ],
        [ 0.98775821,  0.97279486,  0.94553504, ...,  0.35665468,
          0.215058  ,  0.        ]]]), 'num': array([4.35778700e+07, 2.33076200e+07, 4.29000000e+02, 4.72500000e+04,
       4.78000000e+04, 4.68000000e+04, 8.03450000e+04, 2.50000000e+02,
       4.76800000e+04, 4.99400000e+04, 5.08783333e+04, 2.13793103e+01,
       5.44117558e+04, 4.54682442e+04])}
{'img': array([[[ 0.        , -0.18003253, -0.02216625, ..., -0.43940466,
         -0.57630483, -0.51330076],
        [ 0.18003253,  0.        ,  0.15818424, ..., -0.27050379,
         -0.41975953, -0.35040825],
        [ 0.02216625, -0.15818424,  0.        , ..., -0.419385  ,
         -0.5580482 , -0.49415137],
        ...,
        [ 0.43940466,  0.27050379,  0.419385  , ...,  0.        ,
         -0.15859163, -0.08399159],
        [ 0.57630483,  0.41975953,  0.5580482 , ...,  0.15859163,
          0.        ,  0.07510262],
        [ 0.51330076,  0.35040825,  0.49415137, ...,  0.08399159,
         -0.07510262,  0.        ]],

       [[ 0.        ,  0.66176273,  0.58699584, ...,  0.89421322,
          0.5585981 ,  0.72537785],
        [-0.66176273,  0.        , -0.09567785, ...,  0.37417127,
         -0.13010302,  0.08830047],
        [-0.58699584,  0.09567785,  0.        , ...,  0.46118247,
         -0.03464152,  0.1831995 ],
        ...,
        [-0.89421322, -0.37417127, -0.46118247, ...,  0.        ,
         -0.49164327, -0.29082342],
        [-0.5585981 ,  0.13010302,  0.03464152, ...,  0.49164327,
          0.        ,  0.21714477],
        [-0.72537785, -0.08830047, -0.1831995 , ...,  0.29082342,
         -0.21714477,  0.        ]],

       [[ 0.        , -0.1274946 , -0.13964916, ..., -0.2932684 ,
         -0.46844971, -0.60505977],
        [ 0.1274946 ,  0.        , -0.01226423, ..., -0.16898643,
         -0.35198659, -0.49861338],
        [ 0.13964916,  0.01226423,  0.        , ..., -0.15688587,
         -0.34048074, -0.48794495],
        ...,
        [ 0.2932684 ,  0.16898643,  0.15688587, ...,  0.        ,
         -0.1887523 , -0.34496094],
        [ 0.46844971,  0.35198659,  0.34048074, ...,  0.1887523 ,
          0.        , -0.16159404],
        [ 0.60505977,  0.49861338,  0.48794495, ...,  0.34496094,
          0.16159404,  0.        ]],

       ...,

       [[ 0.        , -0.10284136,  0.05049335, ..., -0.86313301,
         -0.83885724, -0.67637798],
        [ 0.10284136,  0.        ,  0.15293579, ..., -0.806624  ,
         -0.77842758, -0.59704338],
        [-0.05049335, -0.15293579,  0.        , ..., -0.88752996,
         -0.86527332, -0.7127063 ],
        ...,
        [ 0.86313301,  0.806624  ,  0.88752996, ...,  0.        ,
          0.04624442,  0.2941896 ],
        [ 0.83885724,  0.77842758,  0.86527332, ..., -0.04624442,
          0.        ,  0.24967689],
        [ 0.67637798,  0.59704338,  0.7127063 , ..., -0.2941896 ,
         -0.24967689,  0.        ]],

       [[ 0.        ,  0.07840411,  0.07030087, ...,  0.94265318,
          0.84671941,  0.66030686],
        [-0.07840411,  0.        , -0.00812567, ...,  0.91358213,
          0.80239882,  0.59939305],
        [-0.07030087,  0.00812567,  0.        , ...,  0.91685631,
          0.80722163,  0.60587749],
        ...,
        [-0.94265318, -0.91358213, -0.91685631, ...,  0.        ,
         -0.21891613, -0.48753552],
        [-0.84671941, -0.80239882, -0.80722163, ...,  0.21891613,
          0.        , -0.28457334],
        [-0.66030686, -0.59939305, -0.60587749, ...,  0.48753552,
          0.28457334,  0.        ]],

       [[ 0.        , -0.09761411, -0.16432017, ..., -0.90021061,
         -0.97279486, -0.99653286],
        [ 0.09761411,  0.        , -0.06724819, ..., -0.85340498,
         -0.94553504, -0.98365226],
        [ 0.16432017,  0.06724819,  0.        , ..., -0.8164201 ,
         -0.92150396, -0.96931559],
        ...,
        [ 0.90021061,  0.85340498,  0.8164201 , ...,  0.        ,
         -0.215058  , -0.35904739],
        [ 0.97279486,  0.94553504,  0.92150396, ...,  0.215058  ,
          0.        , -0.14992835],
        [ 0.99653286,  0.98365226,  0.96931559, ...,  0.35904739,
          0.14992835,  0.        ]]]), 'num': array([4.38568390e+07, 1.04065390e+07, 7.02000000e+02, 4.76500000e+04,
       4.80500000e+04, 4.71500000e+04, 5.50330000e+04, 4.00000000e+02,
       4.75000000e+04, 4.96175000e+04, 5.08483333e+04, 3.07086614e+01,
       5.37609617e+04, 4.54740383e+04])}
{'img': array([[[ 0.        ,  0.15818424,  0.08027115, ..., -0.41975953,
         -0.35040825, -0.24455733],
        [-0.15818424,  0.        , -0.07841328, ..., -0.5580482 ,
         -0.49415137, -0.3948592 ],
        [-0.08027115,  0.07841328,  0.        , ..., -0.49126192,
         -0.42445923, -0.32160186],
        ...,
        [ 0.41975953,  0.5580482 ,  0.49126192, ...,  0.        ,
          0.07510262,  0.18504458],
        [ 0.35040825,  0.49415137,  0.42445923, ..., -0.07510262,
          0.        ,  0.11071637],
        [ 0.24455733,  0.3948592 ,  0.32160186, ..., -0.18504458,
         -0.11071637,  0.        ]],

       [[ 0.        , -0.12606904,  0.02891065, ..., -0.17519891,
          0.10795297, -0.39641974],
        [ 0.12606904,  0.        ,  0.15469633, ..., -0.04968194,
          0.23242396, -0.27751677],
        [-0.02891065, -0.15469633,  0.        , ..., -0.20358917,
          0.07916615, -0.42279602],
        ...,
        [ 0.17519891,  0.04968194,  0.20358917, ...,  0.        ,
          0.28045832, -0.22944358],
        [-0.10795297, -0.23242396, -0.07916615, ..., -0.28045832,
          0.        , -0.49321138],
        [ 0.39641974,  0.27751677,  0.42279602, ...,  0.22944358,
          0.49321138,  0.        ]],

       [[ 0.        , -0.01226423,  0.00915055, ..., -0.35198659,
         -0.49861338, -0.57837522],
        [ 0.01226423,  0.        ,  0.02141358, ..., -0.34048074,
         -0.48794495, -0.56832693],
        [-0.00915055, -0.02141358,  0.        , ..., -0.36053681,
         -0.50652443, -0.58581576],
        ...,
        [ 0.35198659,  0.34048074,  0.36053681, ...,  0.        ,
         -0.16159404, -0.25422172],
        [ 0.49861338,  0.48794495,  0.50652443, ...,  0.16159404,
          0.        , -0.09459554],
        [ 0.57837522,  0.56832693,  0.58581576, ...,  0.25422172,
          0.09459554,  0.        ]],

       ...,

       [[ 0.        ,  0.15293579, -0.29608693, ..., -0.77842758,
         -0.59704338, -0.23686597],
        [-0.15293579,  0.        , -0.43868211, ..., -0.86527332,
         -0.7127063 , -0.38266311],
        [ 0.29608693,  0.43868211,  0.        , ..., -0.5576597 ,
         -0.33274896,  0.06141585],
        ...,
        [ 0.77842758,  0.86527332,  0.5576597 , ...,  0.        ,
          0.24967689,  0.60758643],
        [ 0.59704338,  0.7127063 ,  0.33274896, ..., -0.24967689,
          0.        ,  0.39003692],
        [ 0.23686597,  0.38266311, -0.06141585, ..., -0.60758643,
         -0.39003692,  0.        ]],

       [[ 0.        , -0.00812567, -0.00566419, ...,  0.80239882,
          0.59939305,  0.27214636],
        [ 0.00812567,  0.        ,  0.00246153, ...,  0.80722163,
          0.60587749,  0.27995635],
        [ 0.00566419, -0.00246153,  0.        , ...,  0.80576627,
          0.60391736,  0.2775924 ],
        ...,
        [-0.80239882, -0.80722163, -0.80576627, ...,  0.        ,
         -0.28457334, -0.60969924],
        [-0.59939305, -0.60587749, -0.60391736, ...,  0.28457334,
          0.        , -0.3589286 ],
        [-0.27214636, -0.27995635, -0.2775924 , ...,  0.60969924,
          0.3589286 ,  0.        ]],

       [[ 0.        , -0.06724819, -0.14899661, ..., -0.94553504,
         -0.98365226, -0.98256871],
        [ 0.06724819,  0.        , -0.08216178, ..., -0.92150396,
         -0.96931559, -0.96784303],
        [ 0.14899661,  0.08216178,  0.        , ..., -0.88647928,
         -0.94584137, -0.94390256],
        ...,
        [ 0.94553504,  0.92150396,  0.88647928, ...,  0.        ,
         -0.14992835, -0.14407135],
        [ 0.98365226,  0.96931559,  0.94584137, ...,  0.14992835,
          0.        ,  0.0059213 ],
        [ 0.98256871,  0.96784303,  0.94390256, ...,  0.14407135,
         -0.0059213 ,  0.        ]]]), 'num': array([ 4.37019660e+07,  7.07056600e+06,  7.72000000e+02,  4.74500000e+04,
        4.79000000e+04,  4.72000000e+04,  9.11980000e+04, -2.00000000e+02,
        4.73800000e+04,  4.92450000e+04,  5.08283333e+04,  3.22314050e+01,
        5.27050434e+04,  4.57849566e+04])}
{'img': array([[[ 0.        , -0.07841328, -0.45653298, ..., -0.49415137,
         -0.3948592 , -0.44410039],
        [ 0.07841328,  0.        , -0.38536248, ..., -0.42445923,
         -0.32160186, -0.37247648],
        [ 0.45653298,  0.38536248,  0.        , ..., -0.04275091,
          0.06812707,  0.01392407],
        ...,
        [ 0.49415137,  0.42445923,  0.04275091, ...,  0.        ,
          0.11071637,  0.0566581 ],
        [ 0.3948592 ,  0.32160186, -0.06812707, ..., -0.11071637,
          0.        , -0.05422875],
        [ 0.44410039,  0.37247648, -0.01392407, ..., -0.0566581 ,
          0.05422875,  0.        ]],

       [[ 0.        ,  0.15469633,  0.19700624, ...,  0.23242396,
         -0.27751677,  0.36001427],
        [-0.15469633,  0.        ,  0.04297007, ...,  0.07916615,
         -0.42279602,  0.211357  ],
        [-0.19700624, -0.04297007,  0.        , ...,  0.03625782,
         -0.46134605,  0.16916245],
        ...,
        [-0.23242396, -0.07916615, -0.03625782, ...,  0.        ,
         -0.49321138,  0.13331594],
        [ 0.27751677,  0.42279602,  0.46134605, ...,  0.49321138,
          0.        ,  0.60478158],
        [-0.36001427, -0.211357  , -0.16916245, ..., -0.13331594,
         -0.60478158,  0.        ]],

       [[ 0.        ,  0.02141358, -0.09127424, ..., -0.48794495,
         -0.56832693, -0.62719023],
        [-0.02141358,  0.        , -0.11257751, ..., -0.50652443,
         -0.58581576, -0.64372473],
        [ 0.09127424,  0.11257751,  0.        , ..., -0.40623721,
         -0.49085391, -0.55348179],
        ...,
        [ 0.48794495,  0.50652443,  0.40623721, ...,  0.        ,
         -0.09459554, -0.16741452],
        [ 0.56832693,  0.58581576,  0.49085391, ...,  0.09459554,
          0.        , -0.07340332],
        [ 0.62719023,  0.64372473,  0.55348179, ...,  0.16741452,
          0.07340332,  0.        ]],

       ...,

       [[ 0.        , -0.43868211, -0.31582553, ..., -0.7127063 ,
         -0.38266311, -0.33027669],
        [ 0.43868211,  0.        ,  0.13241498, ..., -0.33274896,
          0.06141585,  0.11726449],
        [ 0.31582553, -0.13241498,  0.        , ..., -0.45468827,
         -0.07128997, -0.01526951],
        ...,
        [ 0.7127063 ,  0.33274896,  0.45468827, ...,  0.        ,
          0.39003692,  0.44103546],
        [ 0.38266311, -0.06141585,  0.07128997, ..., -0.39003692,
          0.        ,  0.056051  ],
        [ 0.33027669, -0.11726449,  0.01526951, ..., -0.44103546,
         -0.056051  ,  0.        ]],

       [[ 0.        ,  0.00246153,  0.06597972, ...,  0.60587749,
          0.27995635, -0.51848174],
        [-0.00246153,  0.        ,  0.06352336, ...,  0.60391736,
          0.2775924 , -0.52058499],
        [-0.06597972, -0.06352336,  0.        , ...,  0.55206656,
          0.21600494, -0.57377046],
        ...,
        [-0.60587749, -0.60391736, -0.55206656, ...,  0.        ,
         -0.3589286 , -0.93056127],
        [-0.27995635, -0.2775924 , -0.21600494, ...,  0.3589286 ,
          0.        , -0.73713658],
        [ 0.51848174,  0.52058499,  0.57377046, ...,  0.93056127,
          0.73713658,  0.        ]],

       [[ 0.        , -0.08216178, -0.28035737, ..., -0.96931559,
         -0.96784303, -0.87801344],
        [ 0.08216178,  0.        , -0.20054274, ..., -0.94584137,
         -0.94390256, -0.8357193 ],
        [ 0.28035737,  0.20054274,  0.        , ..., -0.86152453,
         -0.85850309, -0.7086122 ],
        ...,
        [ 0.96931559,  0.94584137,  0.86152453, ...,  0.        ,
          0.0059213 ,  0.2481164 ],
        [ 0.96784303,  0.94390256,  0.85850309, ..., -0.0059213 ,
          0.        ,  0.24237591],
        [ 0.87801344,  0.8357193 ,  0.7086122 , ..., -0.2481164 ,
         -0.24237591,  0.        ]]]), 'num': array([4.37408260e+07, 6.78582600e+06, 7.78000000e+02, 4.75000000e+04,
       4.79500000e+04, 4.71500000e+04, 8.08700000e+04, 5.00000000e+01,
       4.73700000e+04, 4.89700000e+04, 5.07975000e+04, 4.16666667e+01,
       5.20454512e+04, 4.58945488e+04])}
{'img': array([[[ 0.        , -0.38536248, -0.95923528, ..., -0.32160186,
         -0.37247648, -0.35965953],
        [ 0.38536248,  0.        , -0.77624222, ...,  0.06812707,
          0.01392407,  0.02769409],
        [ 0.95923528,  0.77624222,  0.        , ...,  0.81738841,
          0.78494518,  0.79340381],
        ...,
        [ 0.32160186, -0.06812707, -0.81738841, ...,  0.        ,
         -0.05422875, -0.04047119],
        [ 0.37247648, -0.01392407, -0.78494518, ...,  0.05422875,
          0.        ,  0.01377268],
        [ 0.35965953, -0.02769409, -0.79340381, ...,  0.04047119,
         -0.01377268,  0.        ]],

       [[ 0.        ,  0.04297007,  0.66407578, ..., -0.42279602,
          0.211357  ,  0.08608392],
        [-0.04297007,  0.        ,  0.63133518, ..., -0.46134605,
          0.16916245,  0.04319385],
        [-0.66407578, -0.63133518,  0.        , ..., -0.91791189,
         -0.49104931, -0.5972487 ],
        ...,
        [ 0.42279602,  0.46134605,  0.91791189, ...,  0.        ,
          0.60478158,  0.49923795],
        [-0.211357  , -0.16916245,  0.49104931, ..., -0.60478158,
          0.        , -0.12643323],
        [-0.08608392, -0.04319385,  0.5972487 , ..., -0.49923795,
          0.12643323,  0.        ]],

       [[ 0.        , -0.11257751, -0.37175703, ..., -0.58581576,
         -0.64372473, -0.64880423],
        [ 0.11257751,  0.        , -0.26488467, ..., -0.49085391,
         -0.55348179, -0.55901329],
        [ 0.37175703,  0.26488467,  0.        , ..., -0.24254204,
         -0.3130993 , -0.31941397],
        ...,
        [ 0.58581576,  0.49085391,  0.24254204, ...,  0.        ,
         -0.07340332, -0.08004001],
        [ 0.64372473,  0.55348179,  0.3130993 , ...,  0.07340332,
          0.        , -0.00665628],
        [ 0.64880423,  0.55901329,  0.31941397, ...,  0.08004001,
          0.00665628,  0.        ]],

       ...,

       [[ 0.        ,  0.13241498,  0.0207029 , ...,  0.06141585,
          0.11726449,  0.42800144],
        [-0.13241498,  0.        , -0.111866  , ..., -0.07128997,
         -0.01526951,  0.30455886],
        [-0.0207029 ,  0.111866  ,  0.        , ...,  0.04073887,
          0.09667929,  0.40919888],
        ...,
        [-0.06141585,  0.07128997, -0.04073887, ...,  0.        ,
          0.056051  ,  0.37168719],
        [-0.11726449,  0.01526951, -0.09667929, ..., -0.056051  ,
          0.        ,  0.31906747],
        [-0.42800144, -0.30455886, -0.40919888, ..., -0.37168719,
         -0.31906747,  0.        ]],

       [[ 0.        ,  0.04944629,  0.15762769, ...,  0.22453023,
         -0.34481772, -0.9224153 ],
        [-0.04944629,  0.        ,  0.10860673, ...,  0.17607179,
         -0.39080967, -0.94038312],
        [-0.15762769, -0.10860673,  0.        , ...,  0.06812029,
         -0.48846736, -0.97175956],
        ...,
        [-0.22453023, -0.17607179, -0.06812029, ...,  0.        ,
         -0.54677325, -0.98557684],
        [ 0.34481772,  0.39080967,  0.48846736, ...,  0.54677325,
          0.        , -0.73267484],
        [ 0.9224153 ,  0.94038312,  0.97175956, ...,  0.98557684,
          0.73267484,  0.        ]],

       [[ 0.        , -0.20054274, -0.52600089, ..., -0.94390256,
         -0.8357193 , -0.79648258],
        [ 0.20054274,  0.        , -0.34475676, ..., -0.85850309,
         -0.7086122 , -0.65904153],
        [ 0.52600089,  0.34475676,  0.        , ..., -0.62907587,
         -0.42190891, -0.35934323],
        ...,
        [ 0.94390256,  0.85850309,  0.62907587, ...,  0.        ,
          0.24237591,  0.30772377],
        [ 0.8357193 ,  0.7086122 ,  0.42190891, ..., -0.24237591,
          0.        ,  0.06793339],
        [ 0.79648258,  0.65904153,  0.35934323, ..., -0.30772377,
         -0.06793339,  0.        ]]]), 'num': array([4.47407060e+07, 2.41520600e+06, 8.70000000e+02, 4.86500000e+04,
       4.88500000e+04, 4.74000000e+04, 9.33540000e+04, 1.15000000e+03,
       4.77000000e+04, 4.87675000e+04, 5.07916667e+04, 5.08771930e+01,
       5.13233316e+04, 4.62116684e+04])}
{'img': array([[[ 0.        , -0.77624222, -0.38449912, ...,  0.01392407,
          0.02769409,  0.31004752],
        [ 0.77624222,  0.        ,  0.47416726, ...,  0.78494518,
          0.79340381,  0.93345457],
        [ 0.38449912, -0.47416726,  0.        , ...,  0.3973155 ,
          0.40991676,  0.65176413],
        ...,
        [-0.01392407, -0.78494518, -0.3973155 , ...,  0.        ,
          0.01377268,  0.29677956],
        [-0.02769409, -0.79340381, -0.40991676, ..., -0.01377268,
          0.        ,  0.28359924],
        [-0.31004752, -0.93345457, -0.65176413, ..., -0.29677956,
         -0.28359924,  0.        ]],

       [[ 0.        ,  0.63133518,  0.33311191, ...,  0.16916245,
          0.04319385,  0.1933251 ],
        [-0.63133518,  0.        , -0.33694628, ..., -0.49104931,
         -0.5972487 , -0.46949932],
        [-0.33311191,  0.33694628,  0.        , ..., -0.16881003,
         -0.29207408, -0.14454389],
        ...,
        [-0.16916245,  0.49104931,  0.16881003, ...,  0.        ,
         -0.12643323,  0.02456778],
        [-0.04319385,  0.5972487 ,  0.29207408, ...,  0.12643323,
          0.        ,  0.15076569],
        [-0.1933251 ,  0.46949932,  0.14454389, ..., -0.02456778,
         -0.15076569,  0.        ]],

       [[ 0.        , -0.26488467, -0.47123464, ..., -0.55348179,
         -0.55901329, -0.397346  ],
        [ 0.26488467,  0.        , -0.22077182, ..., -0.3130993 ,
         -0.31941397, -0.14007643],
        [ 0.47123464,  0.22077182,  0.        , ..., -0.09570223,
         -0.10232583,  0.08197505],
        ...,
        [ 0.55348179,  0.3130993 ,  0.09570223, ...,  0.        ,
         -0.00665628,  0.17697892],
        [ 0.55901329,  0.31941397,  0.10232583, ...,  0.00665628,
          0.        ,  0.1835262 ],
        [ 0.397346  ,  0.14007643, -0.08197505, ..., -0.17697892,
         -0.1835262 ,  0.        ]],

       ...,

       [[ 0.        , -0.111866  , -0.20331778, ..., -0.01526951,
          0.30455886,  0.57750237],
        [ 0.111866  ,  0.        , -0.09251218, ...,  0.09667929,
          0.40919888,  0.66520374],
        [ 0.20331778,  0.09251218,  0.        , ...,  0.1883435 ,
          0.49185635,  0.73142637],
        ...,
        [ 0.01526951, -0.09667929, -0.1883435 , ...,  0.        ,
          0.31906747,  0.58990091],
        [-0.30455886, -0.40919888, -0.49185635, ..., -0.31906747,
          0.        ,  0.30142875],
        [-0.57750237, -0.66520374, -0.73142637, ..., -0.58990091,
         -0.30142875,  0.        ]],

       [[ 0.        ,  0.0889711 ,  0.10178321, ..., -0.29921131,
         -0.59522599, -0.99005653],
        [-0.0889711 ,  0.        ,  0.01287052, ..., -0.38291975,
         -0.66435891, -0.99864574],
        [-0.10178321, -0.01287052,  0.        , ..., -0.39477759,
         -0.67392349, -0.99923262],
        ...,
        [ 0.29921131,  0.38291975,  0.39477759, ...,  0.        ,
         -0.32752308, -0.90260886],
        [ 0.59522599,  0.66435891,  0.67392349, ...,  0.32752308,
          0.        , -0.7118377 ],
        [ 0.99005653,  0.99864574,  0.99923262, ...,  0.90260886,
          0.7118377 ,  0.        ]],

       [[ 0.        , -0.34475676, -0.58792236, ..., -0.7086122 ,
         -0.65904153, -0.52060556],
        [ 0.34475676,  0.        , -0.27299832, ..., -0.42190891,
         -0.35934323, -0.19433591],
        [ 0.58792236,  0.27299832,  0.        , ..., -0.15837177,
         -0.09092988,  0.08083966],
        ...,
        [ 0.7086122 ,  0.42190891,  0.15837177, ...,  0.        ,
          0.06793339,  0.23767287],
        [ 0.65904153,  0.35934323,  0.09092988, ..., -0.06793339,
          0.        ,  0.17113704],
        [ 0.52060556,  0.19433591, -0.08083966, ..., -0.23767287,
         -0.17113704,  0.        ]]]), 'num': array([4.48308720e+07, 7.60872000e+05, 9.04000000e+02, 4.87500000e+04,
       4.90500000e+04, 4.84500000e+04, 5.47060000e+04, 1.00000000e+02,
       4.80000000e+04, 4.86100000e+04, 5.08141667e+04, 4.90909091e+01,
       5.07243793e+04, 4.64956207e+04])}
{'img': array([[[ 0.        ,  0.47416726,  0.8952062 , ...,  0.79340381,
          0.93345457,  0.94152021],
        [-0.47416726,  0.        ,  0.576857  , ...,  0.40991676,
          0.65176413,  0.66917339],
        [-0.8952062 , -0.576857  ,  0.        , ..., -0.19132599,
          0.09488949,  0.11794496],
        ...,
        [-0.79340381, -0.40991676,  0.19132599, ...,  0.        ,
          0.28359924,  0.30575667],
        [-0.93345457, -0.65176413, -0.09488949, ..., -0.28359924,
          0.        ,  0.0231856 ],
        [-0.94152021, -0.66917339, -0.11794496, ..., -0.30575667,
         -0.0231856 ,  0.        ]],

       [[ 0.        , -0.33694628, -0.22063849, ..., -0.5972487 ,
         -0.46949932, -0.92437728],
        [ 0.33694628,  0.        ,  0.12090606, ..., -0.29207408,
         -0.14454389, -0.74178515],
        [ 0.22063849, -0.12090606,  0.        , ..., -0.40556545,
         -0.26311986, -0.81742753],
        ...,
        [ 0.5972487 ,  0.29207408,  0.40556545, ...,  0.        ,
          0.15076569, -0.51356427],
        [ 0.46949932,  0.14454389,  0.26311986, ..., -0.15076569,
          0.        , -0.63705865],
        [ 0.92437728,  0.74178515,  0.81742753, ...,  0.51356427,
          0.63705865,  0.        ]],

       [[ 0.        , -0.22077182, -0.35227265, ..., -0.31941397,
         -0.14007643, -0.00812607],
        [ 0.22077182,  0.        , -0.13696072, ..., -0.10232583,
          0.08197505,  0.21283897],
        [ 0.35227265,  0.13696072,  0.        , ...,  0.03488024,
          0.21770232,  0.34465585],
        ...,
        [ 0.31941397,  0.10232583, -0.03488024, ...,  0.        ,
          0.1835262 ,  0.31170304],
        [ 0.14007643, -0.08197505, -0.21770232, ..., -0.1835262 ,
          0.        ,  0.13202585],
        [ 0.00812607, -0.21283897, -0.34465585, ..., -0.31170304,
         -0.13202585,  0.        ]],

       ...,

       [[ 0.        , -0.09251218,  0.27619516, ...,  0.40919888,
          0.66520374,  0.61924483],
        [ 0.09251218,  0.        ,  0.36392432, ...,  0.49185635,
          0.73142637,  0.68922961],
        [-0.27619516, -0.36392432,  0.        , ...,  0.14126873,
          0.43310395,  0.3782893 ],
        ...,
        [-0.40919888, -0.49185635, -0.14126873, ...,  0.        ,
          0.30142875,  0.24372485],
        [-0.66520374, -0.73142637, -0.43310395, ..., -0.30142875,
          0.        , -0.0599501 ],
        [-0.61924483, -0.68922961, -0.3782893 , ..., -0.24372485,
          0.0599501 ,  0.        ]],

       [[ 0.        ,  0.01147202, -0.07151866, ..., -0.56872975,
         -0.81842477, -0.99797737],
        [-0.01147202,  0.        , -0.0829566 , ..., -0.57812835,
         -0.8249629 , -0.99718242],
        [ 0.07151866,  0.0829566 ,  0.        , ..., -0.50844754,
         -0.7752334 , -0.99996827],
        ...,
        [ 0.56872975,  0.57812835,  0.50844754, ...,  0.        ,
         -0.34637449, -0.85701506],
        [ 0.81842477,  0.8249629 ,  0.7752334 , ...,  0.34637449,
          0.        , -0.6254789 ],
        [ 0.99797737,  0.99718242,  0.99996827, ...,  0.85701506,
          0.6254789 ,  0.        ]],

       [[ 0.        , -0.27299832, -0.34155421, ..., -0.35934323,
         -0.19433591, -0.06062194],
        [ 0.27299832,  0.        , -0.07199934, ..., -0.09092988,
          0.08083966,  0.21417704],
        [ 0.34155421,  0.07199934,  0.        , ..., -0.01899282,
          0.15239355,  0.28394976],
        ...,
        [ 0.35934323,  0.09092988,  0.01899282, ...,  0.        ,
          0.17113704,  0.3021096 ],
        [ 0.19433591, -0.08083966, -0.15239355, ..., -0.17113704,
          0.        ,  0.13451229],
        [ 0.06062194, -0.21417704, -0.28394976, ..., -0.3021096 ,
         -0.13451229,  0.        ]]]), 'num': array([4.54184720e+07, 7.60872000e+05, 9.04000000e+02, 4.94000000e+04,
       4.94500000e+04, 4.84000000e+04, 7.42060000e+04, 6.50000000e+02,
       4.83500000e+04, 4.85100000e+04, 5.08758333e+04, 5.25423729e+01,
       5.02416466e+04, 4.67783534e+04])}
{'img': array([[[ 0.        ,  0.84321769,  0.73662577, ...,  0.89548748,
          0.90661197,  0.96238869],
        [-0.84321769,  0.        , -0.17427903, ...,  0.10608424,
          0.13156082,  0.28827119],
        [-0.73662577,  0.17427903,  0.        , ...,  0.27775636,
          0.30231167,  0.45074026],
        ...,
        [-0.89548748, -0.10608424, -0.27775636, ...,  0.        ,
          0.02565628,  0.18506368],
        [-0.90661197, -0.13156082, -0.30231167, ..., -0.02565628,
          0.        ,  0.15978966],
        [-0.96238869, -0.28827119, -0.45074026, ..., -0.18506368,
         -0.15978966,  0.        ]],

       [[ 0.        ,  0.12090606, -0.83867557, ..., -0.14454389,
         -0.74178515, -0.37965657],
        [-0.12090606,  0.        , -0.89837224, ..., -0.26311986,
         -0.81742753, -0.48872492],
        [ 0.83867557,  0.89837224,  0.        , ...,  0.751145  ,
          0.15844794,  0.56910897],
        ...,
        [ 0.14454389,  0.26311986, -0.751145  , ...,  0.        ,
         -0.63705865, -0.24194804],
        [ 0.74178515,  0.81742753, -0.15844794, ...,  0.63705865,
          0.        ,  0.43163387],
        [ 0.37965657,  0.48872492, -0.56910897, ...,  0.24194804,
         -0.43163387,  0.        ]],

       [[ 0.        , -0.13696072, -0.50142787, ...,  0.08197505,
          0.21283897,  0.34098706],
        [ 0.13696072,  0.        , -0.37820432, ...,  0.21770232,
          0.34465585,  0.46652615],
        [ 0.50142787,  0.37820432,  0.        , ...,  0.57066503,
          0.67408696,  0.76639811],
        ...,
        [-0.08197505, -0.21770232, -0.57066503, ...,  0.        ,
          0.13202585,  0.26277731],
        [-0.21283897, -0.34465585, -0.67408696, ..., -0.13202585,
          0.        ,  0.13309103],
        [-0.34098706, -0.46652615, -0.76639811, ..., -0.26277731,
         -0.13309103,  0.        ]],

       ...,

       [[ 0.        ,  0.36392432,  0.21767359, ...,  0.73142637,
          0.68922961,  0.76882651],
        [-0.36392432,  0.        , -0.15245062, ...,  0.43310395,
          0.3782893 ,  0.48339283],
        [-0.21767359,  0.15245062,  0.        , ...,  0.56545189,
          0.51498913,  0.6111983 ],
        ...,
        [-0.73142637, -0.43310395, -0.56545189, ...,  0.        ,
         -0.0599501 ,  0.05656247],
        [-0.68922961, -0.3782893 , -0.51498913, ...,  0.0599501 ,
          0.        ,  0.11631486],
        [-0.76882651, -0.48339283, -0.6111983 , ..., -0.05656247,
         -0.11631486,  0.        ]],

       [[ 0.        , -0.07665879, -0.13562659, ..., -0.74422812,
         -0.90994386, -0.98864558],
        [ 0.07665879,  0.        , -0.05927703, ..., -0.69083578,
         -0.87547344, -0.9972556 ],
        [ 0.13562659,  0.05927703,  0.        , ..., -0.64676301,
         -0.8452874 , -0.99989061],
        ...,
