state_0,state_1,state_2,state_3,state_4,state_5,state_6,state_7,state_8,state_9,state_10,state_11,state_12,state_13,state_14,state_15,state_16,state_17,state_18,state_19,state_20,state_21,state_22,state_23,state_24,state_25,state_26,state_27,state_28,state_29,state_30,state_31,state_32,state_33,state_34,state_35,state_36,state_37,state_38,state_39,state_40,state_41,state_42,state_43,state_44,state_45,state_46,state_47,state_48,state_49,state_50,state_51,state_52,state_53,state_54,state_55,state_56,state_57,state_58,state_59,state_60,state_61,state_62,state_63,state_64,state_65,state_66,state_67,state_68,state_69,state_70,state_71,state_72,state_73,state_74,state_75,state_76,state_77
{'img': array([[[ 0.        , -0.17270891, -0.46190606, ...,  0.99384159,
          0.99249775,  0.98416302],
        [ 0.17270891,  0.        , -0.30178444, ...,  0.99804495,
          0.99869929,  0.99998929],
        [ 0.46190606,  0.30178444,  0.        , ...,  0.93265068,
          0.93674888,  0.9547627 ],
        ...,
        [-0.99384159, -0.99804495, -0.93265068, ...,  0.        ,
         -0.01153111, -0.06711877],
        [-0.99249775, -0.99869929, -0.93674888, ...,  0.01153111,
          0.        , -0.0556092 ],
        [-0.98416302, -0.99998929, -0.9547627 , ...,  0.06711877,
          0.0556092 ,  0.        ]],

       [[ 0.        , -0.01768184,  0.03811906, ...,  0.24336312,
          0.13070893, -0.04768617],
        [ 0.01768184,  0.        ,  0.05578209, ...,  0.26047531,
          0.14821863, -0.03001699],
        [-0.03811906, -0.05578209,  0.        , ...,  0.20621322,
          0.0928219 , -0.08572721],
        ...,
        [-0.24336312, -0.26047531, -0.20621322, ...,  0.        ,
         -0.11449606, -0.28933876],
        [-0.13070893, -0.14821863, -0.0928219 , ...,  0.11449606,
          0.        , -0.17783729],
        [ 0.04768617,  0.03001699,  0.08572721, ...,  0.28933876,
          0.17783729,  0.        ]],

       [[ 0.        , -0.0584303 , -0.21536115, ...,  0.83946468,
          0.91974059,  0.97035485],
        [ 0.0584303 ,  0.        , -0.157934  , ...,  0.80627859,
          0.89523375,  0.95457528],
        [ 0.21536115,  0.157934  ,  0.        , ...,  0.70273588,
          0.81362338,  0.89553548],
        ...,
        [-0.83946468, -0.80627859, -0.70273588, ...,  0.        ,
         -0.1702878 , -0.32441892],
        [-0.91974059, -0.89523375, -0.81362338, ...,  0.1702878 ,
          0.        , -0.15860305],
        [-0.97035485, -0.95457528, -0.89553548, ...,  0.32441892,
          0.15860305,  0.        ]],

       ...,

       [[ 0.        , -0.23983435, -0.40887386, ...,  0.989474  ,
          0.99297451,  0.99976826],
        [ 0.23983435,  0.        , -0.17806975, ...,  0.92588842,
          0.93561415,  0.96542589],
        [ 0.40887386,  0.17806975,  0.        , ...,  0.84381652,
          0.85779809,  0.90357751],
        ...,
        [-0.989474  , -0.92588842, -0.84381652, ...,  0.        ,
         -0.02661115, -0.12337662],
        [-0.99297451, -0.93561415, -0.85779809, ...,  0.02661115,
          0.        , -0.09692509],
        [-0.99976826, -0.96542589, -0.90357751, ...,  0.12337662,
          0.09692509,  0.        ]],

       [[ 0.        , -0.09160956, -0.21043987, ...,  0.68209969,
          0.7854513 ,  0.924542  ],
        [ 0.09160956,  0.        , -0.11999684, ...,  0.74622179,
          0.83884779,  0.95556489],
        [ 0.21043987,  0.11999684,  0.        , ...,  0.82071139,
          0.89810871,  0.98403301],
        ...,
        [-0.68209969, -0.74622179, -0.82071139, ...,  0.        ,
          0.15220099,  0.41614518],
        [-0.7854513 , -0.83884779, -0.89810871, ..., -0.15220099,
          0.        ,  0.27290082],
        [-0.924542  , -0.95556489, -0.98403301, ..., -0.41614518,
         -0.27290082,  0.        ]],

       [[ 0.        , -0.11177654, -0.2544133 , ...,  0.97914663,
          0.99318832,  0.9999996 ],
        [ 0.11177654,  0.        , -0.14472038, ...,  0.99571862,
          0.9999886 ,  0.9936335 ],
        [ 0.2544133 ,  0.14472038,  0.        , ...,  0.99861367,
          0.99015234,  0.96686879],
        ...,
        [-0.97914663, -0.99571862, -0.99861367, ...,  0.        ,
          0.08768059,  0.20402612],
        [-0.99318832, -0.9999886 , -0.99015234, ..., -0.08768059,
          0.        ,  0.11740408],
        [-0.9999996 , -0.9936335 , -0.96686879, ..., -0.20402612,
         -0.11740408,  0.        ]]]), 'num': array([ 3.80205190e+07,  3.46548190e+07,  3.90000000e+01,  8.63000000e+04,
        8.78000000e+04,  8.51000000e+04,  1.19577200e+06, -1.20000000e+03,
        8.80600000e+04,  8.35800000e+04,  7.58333333e+04,  7.37556561e+01,
        9.50921848e+04,  7.20678152e+04])}
{'img': array([[[ 0.        , -0.30178444, -0.2108758 , ...,  0.99869929,
          0.99998929,  0.99188967],
        [ 0.30178444,  0.        ,  0.09395421, ...,  0.93674888,
          0.9547627 ,  0.98400136],
        [ 0.2108758 , -0.09395421,  0.        , ...,  0.96548936,
          0.97847838,  0.99638762],
        ...,
        [-0.99869929, -0.93674888, -0.96548936, ...,  0.        ,
         -0.0556092 , -0.17751058],
        [-0.99998929, -0.9547627 , -0.97847838, ...,  0.0556092 ,
          0.        , -0.12250984],
        [-0.99188967, -0.98400136, -0.99638762, ...,  0.17751058,
          0.12250984,  0.        ]],

       [[ 0.        ,  0.05578209, -0.08413589, ...,  0.14821863,
         -0.03001699,  0.45051022],
        [-0.05578209,  0.        , -0.13958918, ...,  0.0928219 ,
         -0.08572721,  0.40000812],
        [ 0.08413589,  0.13958918,  0.        , ...,  0.23089966,
          0.05418741,  0.52402694],
        ...,
        [-0.14821863, -0.0928219 , -0.23089966, ...,  0.        ,
         -0.17783729,  0.31320883],
        [ 0.03001699,  0.08572721, -0.05418741, ...,  0.17783729,
          0.        ,  0.47710553],
        [-0.45051022, -0.40000812, -0.52402694, ..., -0.31320883,
         -0.47710553,  0.        ]],

       [[ 0.        , -0.157934  , -0.27578501, ...,  0.89523375,
          0.95457528,  0.98656774],
        [ 0.157934  ,  0.        , -0.1205146 , ...,  0.81362338,
          0.89553548,  0.94838706],
        [ 0.27578501,  0.1205146 ,  0.        , ...,  0.73762707,
          0.83538061,  0.90325779],
        ...,
        [-0.89523375, -0.81362338, -0.73762707, ...,  0.        ,
         -0.15860305, -0.29337265],
        [-0.95457528, -0.89553548, -0.83538061, ...,  0.15860305,
          0.        , -0.13803504],
        [-0.98656774, -0.94838706, -0.90325779, ...,  0.29337265,
          0.13803504,  0.        ]],

       ...,

       [[ 0.        , -0.17806975,  0.26766842, ...,  0.93561415,
          0.96542589,  0.96542589],
        [ 0.17806975,  0.        ,  0.43496269, ...,  0.85779809,
          0.90357751,  0.90357751],
        [-0.26766842, -0.43496269,  0.        , ...,  0.99596807,
          0.99997373,  0.99997373],
        ...,
        [-0.93561415, -0.85779809, -0.99596807, ...,  0.        ,
         -0.09692509, -0.09692509],
        [-0.96542589, -0.90357751, -0.99997373, ...,  0.09692509,
          0.        ,  0.        ],
        [-0.96542589, -0.90357751, -0.99997373, ...,  0.09692509,
          0.        ,  0.        ]],

       [[ 0.        , -0.11928722, -0.21720609, ...,  0.82506478,
          0.90978308,  0.95736122],
        [ 0.11928722,  0.        , -0.09921587, ...,  0.88657547,
          0.95280125,  0.98498677],
        [ 0.21720609,  0.09921587,  0.        , ...,  0.92809672,
          0.97822148,  0.9972544 ],
        ...,
        [-0.82506478, -0.88657547, -0.92809672, ...,  0.        ,
          0.17159094,  0.30258971],
        [-0.90978308, -0.95280125, -0.97822148, ..., -0.17159094,
          0.        ,  0.13455488],
        [-0.95736122, -0.98498677, -0.9972544 , ..., -0.30258971,
         -0.13455488,  0.        ]],

       [[ 0.        , -0.14472038, -0.31745826, ...,  0.9999886 ,
          0.9936335 ,  0.94853463],
        [ 0.14472038,  0.        , -0.17688192, ...,  0.99015234,
          0.96686879,  0.89271992],
        [ 0.31745826,  0.17688192,  0.        , ...,  0.94977726,
          0.90646994,  0.79893847],
        ...,
        [-0.9999886 , -0.99015234, -0.94977726, ...,  0.        ,
          0.11740408,  0.32119896],
        [-0.9936335 , -0.96686879, -0.90646994, ..., -0.11740408,
          0.        ,  0.20779458],
        [-0.94853463, -0.89271992, -0.79893847, ..., -0.32119896,
         -0.20779458,  0.        ]]]), 'num': array([4.98957480e+07, 2.81082480e+07, 2.49000000e+02, 8.75000000e+04,
       8.79000000e+04, 8.54000000e+04, 8.68082000e+05, 1.20000000e+03,
       8.74800000e+04, 8.41650000e+04, 7.61366667e+04, 6.97916667e+01,
       9.52162036e+04, 7.31137964e+04])}
{'img': array([[[ 0.        ,  0.09395421, -0.45307408, ...,  0.9547627 ,
          0.98400136,  0.9547627 ],
        [-0.09395421,  0.        , -0.53482754, ...,  0.97847838,
          0.99638762,  0.97847838],
        [ 0.45307408,  0.53482754,  0.        , ...,  0.71641497,
          0.79649041,  0.71641497],
        ...,
        [-0.9547627 , -0.97847838, -0.71641497, ...,  0.        ,
         -0.12250984,  0.        ],
        [-0.98400136, -0.99638762, -0.79649041, ...,  0.12250984,
          0.        ,  0.12250984],
        [-0.9547627 , -0.97847838, -0.71641497, ...,  0.        ,
         -0.12250984,  0.        ]],

       [[ 0.        , -0.13958918, -0.20183079, ..., -0.08572721,
          0.40000812,  0.17039801],
        [ 0.13958918,  0.        , -0.06313827, ...,  0.05418741,
          0.52402694,  0.30627746],
        [ 0.20183079,  0.06313827,  0.        , ...,  0.1171248 ,
          0.57675637,  0.36577036],
        ...,
        [ 0.08572721, -0.05418741, -0.1171248 , ...,  0.        ,
          0.47710553,  0.25424418],
        [-0.40000812, -0.52402694, -0.57675637, ..., -0.47710553,
          0.        , -0.23798638],
        [-0.17039801, -0.30627746, -0.36577036, ..., -0.25424418,
          0.23798638,  0.        ]],

       [[ 0.        , -0.1205146 , -0.36654985, ...,  0.89553548,
          0.94838706,  0.970471  ],
        [ 0.1205146 ,  0.        , -0.25175169, ...,  0.83538061,
          0.90325779,  0.9343275 ],
        [ 0.36654985,  0.25175169,  0.        , ...,  0.67009372,
          0.76613931,  0.81450631],
        ...,
        [-0.89553548, -0.83538061, -0.67009372, ...,  0.        ,
         -0.13803504, -0.21583088],
        [-0.94838706, -0.90325779, -0.76613931, ...,  0.13803504,
          0.        , -0.07898315],
        [-0.970471  , -0.9343275 , -0.81450631, ...,  0.21583088,
          0.07898315,  0.        ]],

       ...,

       [[ 0.        ,  0.43496269,  0.5709367 , ...,  0.90357751,
          0.90357751,  0.95656258],
        [-0.43496269,  0.        ,  0.15699729, ...,  0.99997373,
          0.99997373,  0.98813872],
        [-0.5709367 , -0.15699729,  0.        , ...,  0.98643515,
          0.98643515,  0.95177572],
        ...,
        [-0.90357751, -0.99997373, -0.98643515, ...,  0.        ,
          0.        , -0.14639768],
        [-0.90357751, -0.99997373, -0.98643515, ...,  0.        ,
          0.        , -0.14639768],
        [-0.95656258, -0.98813872, -0.95177572, ...,  0.14639768,
          0.14639768,  0.        ]],

       [[ 0.        , -0.09860859, -0.24509408, ...,  0.93354892,
          0.95106008,  0.98607516],
        [ 0.09860859,  0.        , -0.14829861, ...,  0.96434533,
          0.97689554,  0.99766796],
        [ 0.24509408,  0.14829861,  0.        , ...,  0.992929  ,
          0.99778763,  0.99675839],
        ...,
        [-0.93354892, -0.96434533, -0.992929  , ...,  0.        ,
          0.05243526,  0.1982092 ],
        [-0.95106008, -0.97689554, -0.99778763, ..., -0.05243526,
          0.        ,  0.1465416 ],
        [-0.98607516, -0.99766796, -0.99675839, ..., -0.1982092 ,
         -0.1465416 ,  0.        ]],

       [[ 0.        , -0.17688192, -0.37344493, ...,  0.96686879,
          0.89271992,  0.71141472],
        [ 0.17688192,  0.        , -0.20347155, ...,  0.90646994,
          0.79893847,  0.57588945],
        [ 0.37344493,  0.20347155,  0.        , ...,  0.80158737,
          0.65985497,  0.39749874],
        ...,
        [-0.96686879, -0.90646994, -0.80158737, ...,  0.        ,
          0.20779458,  0.49788314],
        [-0.89271992, -0.79893847, -0.65985497, ..., -0.20779458,
          0.        ,  0.30680696],
        [-0.71141472, -0.57588945, -0.39749874, ..., -0.49788314,
         -0.30680696,  0.        ]]]), 'num': array([ 4.94369080e+07,  1.65566080e+07,  3.81000000e+02,  8.63000000e+04,
        8.89000000e+04,  8.63000000e+04,  8.03753000e+05, -1.20000000e+03,
        8.71200000e+04,  8.46800000e+04,  7.64583333e+04,  6.27659574e+01,
        9.51033584e+04,  7.42566416e+04])}
{'img': array([[[ 0.        , -0.53482754,  0.26317881, ...,  0.99638762,
          0.97847838,  0.99638762],
        [ 0.53482754,  0.        ,  0.7383492 , ...,  0.79649041,
          0.71641497,  0.79649041],
        [-0.26317881, -0.7383492 ,  0.        , ...,  0.98361165,
          0.99829093,  0.98361165],
        ...,
        [-0.99638762, -0.79649041, -0.98361165, ...,  0.        ,
          0.12250984,  0.        ],
        [-0.97847838, -0.71641497, -0.99829093, ..., -0.12250984,
          0.        , -0.12250984],
        [-0.99638762, -0.79649041, -0.98361165, ...,  0.        ,
          0.12250984,  0.        ]],

       [[ 0.        , -0.06313827,  0.17540954, ...,  0.52402694,
          0.30627746,  0.2556165 ],
        [ 0.06313827,  0.        ,  0.23721891, ...,  0.57675637,
          0.36577036,  0.31614719],
        [-0.17540954, -0.23721891,  0.        , ...,  0.36650559,
          0.13454904,  0.08207117],
        ...,
        [-0.52402694, -0.57675637, -0.36650559, ...,  0.        ,
         -0.23798638, -0.28890886],
        [-0.30627746, -0.36577036, -0.13454904, ...,  0.23798638,
          0.        , -0.05277024],
        [-0.2556165 , -0.31614719, -0.08207117, ...,  0.28890886,
          0.05277024,  0.        ]],

       [[ 0.        , -0.25175169, -0.44472423, ...,  0.90325779,
          0.9343275 ,  0.94966702],
        [ 0.25175169,  0.        , -0.20491467, ...,  0.76613931,
          0.81450631,  0.840216  ],
        [ 0.44472423,  0.20491467,  0.        , ...,  0.61818827,
          0.67834015,  0.71127112],
        ...,
        [-0.90325779, -0.76613931, -0.61818827, ...,  0.        ,
         -0.07898315, -0.12454496],
        [-0.9343275 , -0.81450631, -0.67834015, ...,  0.07898315,
          0.        , -0.04578769],
        [-0.94966702, -0.840216  , -0.71127112, ...,  0.12454496,
          0.04578769,  0.        ]],

       ...,

       [[ 0.        ,  0.40030142,  0.876462  , ...,  0.91717541,
          0.96709514,  0.99999957],
        [-0.40030142,  0.        ,  0.6104418 , ...,  0.99999803,
          0.98807274,  0.91601087],
        [-0.876462  , -0.6104418 ,  0.        , ...,  0.79084923,
          0.68861339,  0.48065575],
        ...,
        [-0.91717541, -0.99999803, -0.79084923, ...,  0.        ,
         -0.15202847, -0.39933649],
        [-0.96709514, -0.98807274, -0.68861339, ...,  0.15202847,
          0.        , -0.25531427],
        [-0.99999957, -0.91601087, -0.48065575, ...,  0.39933649,
          0.25531427,  0.        ]],

       [[ 0.        , -0.14829861, -0.25542954, ...,  0.97689554,
          0.99766796,  0.97832478],
        [ 0.14829861,  0.        , -0.10922596, ...,  0.99778763,
          0.99675839,  0.99821622],
        [ 0.25542954,  0.10922596,  0.        , ...,  0.99907936,
          0.98200716,  0.9987649 ],
        ...,
        [-0.97689554, -0.99778763, -0.99907936, ...,  0.        ,
          0.1465416 ,  0.00679295],
        [-0.99766796, -0.99675839, -0.98200716, ..., -0.1465416 ,
          0.        , -0.13981861],
        [-0.97832478, -0.99821622, -0.9987649 , ..., -0.00679295,
          0.13981861,  0.        ]],

       [[ 0.        , -0.19865512,  0.03083841, ...,  0.86160489,
          0.71530903,  0.19865512],
        [ 0.19865512,  0.        ,  0.22878442, ...,  0.74359935,
          0.56223069,  0.        ],
        [-0.03083841, -0.22878442,  0.        , ...,  0.87684804,
          0.73651896,  0.22878442],
        ...,
        [-0.86160489, -0.74359935, -0.87684804, ...,  0.        ,
          0.23902036,  0.74359935],
        [-0.71530903, -0.56223069, -0.73651896, ..., -0.23902036,
          0.        ,  0.56223069],
        [-0.19865512, -0.        , -0.22878442, ..., -0.74359935,
         -0.56223069,  0.        ]]]), 'num': array([5.00232860e+07, 1.56934860e+07, 3.91000000e+02, 8.78000000e+04,
       8.79000000e+04, 8.57000000e+04, 5.40112000e+05, 1.50000000e+03,
       8.70800000e+04, 8.52700000e+04, 7.67950000e+04, 6.31578947e+01,
       9.49721853e+04, 7.55678147e+04])}
{'img': array([[[ 0.        ,  0.7383492 ,  0.70878322, ...,  0.71641497,
          0.79649041,  0.69300765],
        [-0.7383492 ,  0.        , -0.0428344 , ...,  0.99829093,
          0.98361165,  0.99967551],
        [-0.70878322,  0.0428344 ,  0.        , ...,  0.99987792,
          0.99043193,  0.99984911],
        ...,
        [-0.71641497, -0.99829093, -0.99987792, ...,  0.        ,
         -0.12250984,  0.0329915 ],
        [-0.79649041, -0.98361165, -0.99043193, ...,  0.12250984,
          0.        ,  0.15518614],
        [-0.69300765, -0.99967551, -0.99984911, ..., -0.0329915 ,
         -0.15518614,  0.        ]],

       [[ 0.        ,  0.23721891,  0.00935337, ...,  0.36577036,
          0.31614719,  0.06603765],
        [-0.23721891,  0.        , -0.22812214, ...,  0.13454904,
          0.08207117, -0.1725484 ],
        [-0.00935337,  0.22812214,  0.        , ...,  0.35704913,
          0.30725973,  0.05670181],
        ...,
        [-0.36577036, -0.13454904, -0.35704913, ...,  0.        ,
         -0.05277024, -0.30351035],
        [-0.31614719, -0.08207117, -0.30725973, ...,  0.05277024,
          0.        , -0.25280649],
        [-0.06603765,  0.1725484 , -0.05670181, ...,  0.30351035,
          0.25280649,  0.        ]],

       [[ 0.        , -0.20491467, -0.14636991, ...,  0.81450631,
          0.840216  ,  0.84289534],
        [ 0.20491467,  0.        ,  0.05944381, ...,  0.67834015,
          0.71127112,  0.71474898],
        [ 0.14636991, -0.05944381,  0.        , ...,  0.72081683,
          0.75179745,  0.75505893],
        ...,
        [-0.81450631, -0.67834015, -0.72081683, ...,  0.        ,
         -0.04578769, -0.05074213],
        [-0.840216  , -0.71127112, -0.75179745, ...,  0.04578769,
          0.        , -0.0049602 ],
        [-0.84289534, -0.71474898, -0.75505893, ...,  0.05074213,
          0.0049602 ,  0.        ]],

       ...,

       [[ 0.        ,  0.83771268,  0.97249859, ...,  0.97507322,
          0.99900479,  0.99955777],
        [-0.83771268,  0.        ,  0.33598178, ...,  0.71837291,
          0.50820325,  0.52095888],
        [-0.97249859, -0.33598178,  0.        , ...,  0.44288431,
          0.18930063,  0.20388683],
        ...,
        [-0.97507322, -0.71837291, -0.44288431, ...,  0.        ,
         -0.26515367, -0.25078069],
        [-0.99900479, -0.50820325, -0.18930063, ...,  0.26515367,
          0.        ,  0.01487611],
        [-0.99955777, -0.52095888, -0.20388683, ...,  0.25078069,
         -0.01487611,  0.        ]],

       [[ 0.        , -0.10922596, -0.25018683, ...,  0.99675839,
          0.99821622,  0.99208021],
        [ 0.10922596,  0.        , -0.14293763, ...,  0.98200716,
          0.9987649 ,  0.99986397],
        [ 0.25018683,  0.14293763,  0.        , ...,  0.94493073,
          0.9814073 ,  0.99195461],
        ...,
        [-0.99675839, -0.98200716, -0.94493073, ...,  0.        ,
         -0.13981861, -0.20501479],
        [-0.99821622, -0.9987649 , -0.9814073 , ...,  0.13981861,
          0.        , -0.06615225],
        [-0.99208021, -0.99986397, -0.99195461, ...,  0.20501479,
          0.06615225,  0.        ]],

       [[ 0.        ,  0.21834398,  0.3965951 , ...,  0.74948442,
          0.57319419,  0.        ],
        [-0.21834398,  0.        ,  0.18658761, ...,  0.87594928,
          0.73827941,  0.21834398],
        [-0.3965951 , -0.18658761,  0.        , ...,  0.95057661,
          0.8511664 ,  0.3965951 ],
        ...,
        [-0.74948442, -0.87594928, -0.95057661, ...,  0.        ,
          0.23467505,  0.74948442],
        [-0.57319419, -0.73827941, -0.8511664 , ..., -0.23467505,
          0.        ,  0.57319419],
        [-0.        , -0.21834398, -0.3965951 , ..., -0.74948442,
         -0.57319419,  0.        ]]]), 'num': array([ 4.95509130e+07,  1.23566130e+07,  4.29000000e+02,  8.67000000e+04,
        8.74000000e+04,  8.65000000e+04,  4.58637000e+05, -1.10000000e+03,
        8.69200000e+04,  8.57900000e+04,  7.71466667e+04,  6.18556701e+01,
        9.45858854e+04,  7.69941146e+04])}
{'img': array([[[ 0.        , -0.06576796,  0.22569414, ...,  0.99968873,
          0.98203149,  0.9977658 ],
        [ 0.06576796,  0.        ,  0.28927653, ...,  0.9958835 ,
          0.96749379,  0.99121171],
        [-0.22569414, -0.28927653,  0.        , ...,  0.9795258 ,
          0.99928567,  0.9871    ],
        ...,
        [-0.99968873, -0.9958835 , -0.9795258 , ...,  0.        ,
          0.16415774,  0.04189471],
        [-0.98203149, -0.96749379, -0.99928567, ..., -0.16415774,
          0.        , -0.12268724],
        [-0.9977658 , -0.99121171, -0.9871    , ..., -0.04189471,
          0.12268724,  0.        ]],

       [[ 0.        , -0.22812214,  0.35697824, ...,  0.08207117,
         -0.1725484 , -0.27316016],
        [ 0.22812214,  0.        ,  0.56065742, ...,  0.30725973,
          0.05670181, -0.04651129],
        [-0.35697824, -0.56065742,  0.        , ..., -0.27911024,
         -0.51280359, -0.59856423],
        ...,
        [-0.08207117, -0.30725973,  0.27911024, ...,  0.        ,
         -0.25280649, -0.35118854],
        [ 0.1725484 , -0.05670181,  0.51280359, ...,  0.25280649,
          0.        , -0.10307691],
        [ 0.27316016,  0.04651129,  0.59856423, ...,  0.35118854,
          0.10307691,  0.        ]],

       [[ 0.        ,  0.05944381,  0.39505829, ...,  0.71127112,
          0.71474898,  0.72832269],
        [-0.05944381,  0.        ,  0.33975127, ...,  0.75179745,
          0.75505893,  0.7677677 ],
        [-0.39505829, -0.33975127,  0.        , ...,  0.93110701,
          0.93290477,  0.93978554],
        ...,
        [-0.71127112, -0.75179745, -0.93110701, ...,  0.        ,
         -0.0049602 , -0.02456359],
        [-0.71474898, -0.75505893, -0.93290477, ...,  0.0049602 ,
          0.        , -0.01960459],
        [-0.72832269, -0.7677677 , -0.93978554, ...,  0.02456359,
          0.01960459,  0.        ]],

       ...,

       [[ 0.        ,  0.37201565,  0.7190727 , ...,  0.55272434,
          0.56585341,  0.52160698],
        [-0.37201565,  0.        ,  0.40893567, ...,  0.20302885,
          0.21851102,  0.16677089],
        [-0.7190727 , -0.40893567,  0.        , ..., -0.21514201,
         -0.1996484 , -0.25101982],
        ...,
        [-0.55272434, -0.20302885,  0.21514201, ...,  0.        ,
          0.01583749, -0.03688805],
        [-0.56585341, -0.21851102,  0.1996484 , ..., -0.01583749,
          0.        , -0.05271013],
        [-0.52160698, -0.16677089,  0.25101982, ...,  0.03688805,
          0.05271013,  0.        ]],

       [[ 0.        , -0.14293763, -0.31361809, ...,  0.9987649 ,
          0.99986397,  0.98981972],
        [ 0.14293763,  0.        , -0.17467145, ...,  0.9814073 ,
          0.99195461,  0.99999981],
        [ 0.31361809,  0.17467145,  0.        , ...,  0.93279403,
          0.95459271,  0.9845188 ],
        ...,
        [-0.9987649 , -0.9814073 , -0.93279403, ...,  0.        ,
         -0.06615225, -0.19133108],
        [-0.99986397, -0.99195461, -0.95459271, ...,  0.06615225,
          0.        , -0.12598185],
        [-0.98981972, -0.99999981, -0.9845188 , ...,  0.19133108,
          0.12598185,  0.        ]],

       [[ 0.        ,  0.32207931,  0.545859  , ...,  0.75745409,
          0.57358625,  0.        ],
        [-0.32207931,  0.        ,  0.24690878, ...,  0.92737326,
          0.80685109,  0.32207931],
        [-0.545859  , -0.24690878,  0.        , ...,  0.99103842,
          0.92773252,  0.545859  ],
        ...,
        [-0.75745409, -0.92737326, -0.99103842, ...,  0.        ,
          0.24597704,  0.75745409],
        [-0.57358625, -0.80685109, -0.92773252, ..., -0.24597704,
          0.        ,  0.57358625],
        [-0.        , -0.32207931, -0.545859  , ..., -0.75745409,
         -0.57358625,  0.        ]]]), 'num': array([ 4.83497130e+07,  1.23566130e+07,  4.29000000e+02,  8.39000000e+04,
        8.76000000e+04,  8.39000000e+04,  9.12776000e+05, -2.80000000e+03,
        8.64400000e+04,  8.61350000e+04,  7.73816667e+04,  4.39560440e+01,
        9.40187237e+04,  7.82512763e+04])}
{'img': array([[[ 0.        ,  0.28927653,  0.11085668, ...,  0.96749379,
          0.99121171,  0.99011329],
        [-0.28927653,  0.        , -0.18137648, ...,  0.99928567,
          0.9871    ,  0.90720473],
        [-0.11085668,  0.18137648,  0.        , ...,  0.98956563,
          0.99976697,  0.96846076],
        ...,
        [-0.96749379, -0.99928567, -0.98956563, ...,  0.        ,
         -0.12268724, -0.38610484],
        [-0.99121171, -0.9871    , -0.99976697, ...,  0.12268724,
          0.        , -0.27001453],
        [-0.99011329, -0.90720473, -0.96846076, ...,  0.38610484,
          0.27001453,  0.        ]],

       [[ 0.        ,  0.56065742, -0.10571888, ...,  0.05670181,
         -0.04651129,  0.38979475],
        [-0.56065742,  0.        , -0.64505582, ..., -0.51280359,
         -0.59856423, -0.19354169],
        [ 0.10571888,  0.64505582,  0.        , ...,  0.16193286,
          0.05935383,  0.48496707],
        ...,
        [-0.05670181,  0.51280359, -0.16193286, ...,  0.        ,
         -0.10307691,  0.33695083],
        [ 0.04651129,  0.59856423, -0.05935383, ...,  0.10307691,
          0.        ,  0.43220523],
        [-0.38979475,  0.19354169, -0.48496707, ..., -0.33695083,
         -0.43220523,  0.        ]],

       [[ 0.        ,  0.39108637,  0.48211818, ...,  0.7150092 ,
          0.72858467,  0.76630423],
        [-0.39108637,  0.        ,  0.10108619, ...,  0.93147593,
          0.93843266,  0.95653549],
        [-0.48211818, -0.10108619,  0.        , ...,  0.96348006,
          0.96854716,  0.98111415],
        ...,
        [-0.7150092 , -0.93147593, -0.96348006, ...,  0.        ,
         -0.01961484, -0.07635723],
        [-0.72858467, -0.93843266, -0.96854716, ...,  0.01961484,
          0.        , -0.05678496],
        [-0.76630423, -0.95653549, -0.98111415, ...,  0.07635723,
          0.05678496,  0.        ]],

       ...,

       [[ 0.        ,  0.40893567, -0.39958336, ...,  0.21851102,
          0.16677089, -0.66726243],
        [-0.40893567,  0.        , -0.73951512, ..., -0.1996484 ,
         -0.25101982, -0.91350372],
        [ 0.39958336,  0.73951512,  0.        , ...,  0.59023559,
          0.54686582, -0.31405862],
        ...,
        [-0.21851102,  0.1996484 , -0.59023559, ...,  0.        ,
         -0.05271013, -0.81388966],
        [-0.16677089,  0.25101982, -0.54686582, ...,  0.05271013,
          0.        , -0.78213262],
        [ 0.66726243,  0.91350372,  0.31405862, ...,  0.81388966,
          0.78213262,  0.        ]],

       [[ 0.        , -0.17467145, -0.34781979, ...,  0.99195461,
          0.99999981,  0.99191603],
        [ 0.17467145,  0.        , -0.17870747, ...,  0.95459271,
          0.9845188 ,  0.99883219],
        [ 0.34781979,  0.17870747,  0.        , ...,  0.88598646,
          0.93734659,  0.97411913],
        ...,
        [-0.99195461, -0.95459271, -0.88598646, ...,  0.        ,
         -0.12598185, -0.25144572],
        [-0.99999981, -0.9845188 , -0.93734659, ...,  0.12598185,
          0.        , -0.1275081 ],
        [-0.99191603, -0.99883219, -0.97411913, ...,  0.25144572,
          0.1275081 ,  0.        ]],

       [[ 0.        ,  0.44274363,  0.59352143, ...,  0.73609168,
          0.52899655,  0.        ],
        [-0.44274363,  0.        ,  0.17585183, ...,  0.95970044,
          0.85004669,  0.44274363],
        [-0.59352143, -0.17585183,  0.        , ...,  0.99416385,
          0.92942256,  0.59352143],
        ...,
        [-0.73609168, -0.95970044, -0.99416385, ...,  0.        ,
          0.26659688,  0.73609168],
        [-0.52899655, -0.85004669, -0.92942256, ..., -0.26659688,
          0.        ,  0.52899655],
        [-0.        , -0.44274363, -0.59352143, ..., -0.73609168,
         -0.52899655,  0.        ]]]), 'num': array([ 4.70444730e+07,  9.25187300e+06,  4.66000000e+02,  8.11000000e+04,
        8.42000000e+04,  7.96000000e+04,  1.47112600e+06, -2.80000000e+03,
        8.51600000e+04,  8.64000000e+04,  7.75766667e+04,  2.73743017e+01,
        9.31512962e+04,  7.96487038e+04])}
{'img': array([[[ 0.        , -0.18137648, -0.07349198, ...,  0.9871    ,
          0.90720473,  0.77720886],
        [ 0.18137648,  0.        ,  0.10861298, ...,  0.99976697,
          0.96846076,  0.87844769],
        [ 0.07349198, -0.10861298,  0.        , ...,  0.99619712,
          0.93566877,  0.82135143],
        ...,
        [-0.9871    , -0.99976697, -0.99619712, ...,  0.        ,
         -0.27001453, -0.49669049],
        [-0.90720473, -0.96846076, -0.93566877, ...,  0.27001453,
          0.        , -0.24388844],
        [-0.77720886, -0.87844769, -0.82135143, ...,  0.49669049,
          0.24388844,  0.        ]],

       [[ 0.        , -0.64505582, -0.74425713, ..., -0.59856423,
         -0.19354169,  0.18950323],
        [ 0.64505582,  0.        , -0.13788486, ...,  0.05935383,
          0.48496707,  0.77817361],
        [ 0.74425713,  0.13788486,  0.        , ...,  0.19642867,
          0.60091957,  0.85733918],
        ...,
        [ 0.59856423, -0.05935383, -0.19642867, ...,  0.        ,
          0.43220523,  0.73952457],
        [ 0.19354169, -0.48496707, -0.60091957, ..., -0.43220523,
          0.        ,  0.37595485],
        [-0.18950323, -0.77817361, -0.85733918, ..., -0.73952457,
         -0.37595485,  0.        ]],

       [[ 0.        ,  0.30007043,  0.51660939, ...,  0.74065149,
          0.77849584,  0.86036558],
        [-0.30007043,  0.        ,  0.23587584, ...,  0.90813423,
          0.93095959,  0.97365652],
        [-0.51660939, -0.23587584,  0.        , ...,  0.98126588,
          0.9908144 ,  0.99996739],
        ...,
        [-0.74065149, -0.90813423, -0.98126588, ...,  0.        ,
         -0.05819336, -0.20057717],
        [-0.77849584, -0.93095959, -0.9908144 , ...,  0.05819336,
          0.        , -0.14322651],
        [-0.86036558, -0.97365652, -0.99996739, ...,  0.20057717,
          0.14322651,  0.        ]],

       ...,

       [[ 0.        , -0.58026024, -0.60176515, ..., -0.20290497,
         -0.71247899, -0.95524675],
        [ 0.58026024,  0.        , -0.02665804, ...,  0.40293779,
         -0.17310026, -0.94962956],
        [ 0.60176515,  0.02665804,  0.        , ...,  0.42719276,
         -0.14678313, -0.94093812],
        ...,
        [ 0.20290497, -0.40293779, -0.42719276, ...,  0.        ,
         -0.55528123, -0.99539747],
        [ 0.71247899,  0.17310026,  0.14678313, ...,  0.55528123,
          0.        , -0.88104891],
        [ 0.95524675,  0.94962956,  0.94093812, ...,  0.99539747,
          0.88104891,  0.        ]],

       [[ 0.        , -0.17870747, -0.34032699, ...,  0.9845188 ,
          0.99883219,  0.99500882],
        [ 0.17870747,  0.        , -0.16680858, ...,  0.93734659,
          0.97411913,  0.99682411],
        [ 0.34032699,  0.16680858,  0.        , ...,  0.86609788,
          0.92276642,  0.96957413],
        ...,
        [-0.9845188 , -0.93734659, -0.86609788, ...,  0.        ,
         -0.1275081 , -0.27264641],
        [-0.99883219, -0.97411913, -0.92276642, ...,  0.1275081 ,
          0.        , -0.14774357],
        [-0.99500882, -0.99682411, -0.96957413, ...,  0.27264641,
          0.14774357,  0.        ]],

       [[ 0.        ,  0.41228095,  0.55815701, ...,  0.72342132,
          0.547166  ,  0.        ],
        [-0.41228095,  0.        ,  0.16642864, ...,  0.94371947,
          0.84358838,  0.41228095],
        [-0.55815701, -0.16642864,  0.        , ...,  0.98560366,
          0.92119385,  0.55815701],
        ...,
        [-0.72342132, -0.94371947, -0.98560366, ...,  0.        ,
          0.22775395,  0.72342132],
        [-0.547166  , -0.84358838, -0.92119385, ..., -0.22775395,
          0.        ,  0.547166  ],
        [-0.        , -0.41228095, -0.55815701, ..., -0.72342132,
         -0.547166  ,  0.        ]]]), 'num': array([ 4.67214560e+07,  3.49295600e+06,  5.37000000e+02,  8.05000000e+04,
        8.17000000e+04,  8.05000000e+04,  5.43609000e+05, -6.00000000e+02,
        8.40000000e+04,  8.64300000e+04,  7.77266667e+04,  2.00000000e+01,
        9.30699096e+04,  7.97900904e+04])}
{'img': array([[[ 0.        ,  0.10861298,  0.13357998, ...,  0.96846076,
          0.87844769,  0.85278134],
        [-0.10861298,  0.        ,  0.02515014, ...,  0.93566877,
          0.82135143,  0.79101129],
        [-0.13357998, -0.02515014,  0.        , ...,  0.92649784,
          0.80674542,  0.77537418],
        ...,
        [-0.96846076, -0.93566877, -0.92649784, ...,  0.        ,
         -0.24388844, -0.29331194],
        [-0.87844769, -0.82135143, -0.80674542, ...,  0.24388844,
          0.        , -0.05129345],
        [-0.85278134, -0.79101129, -0.77537418, ...,  0.29331194,
          0.05129345,  0.        ]],

       [[ 0.        , -0.13788486, -0.01385799, ...,  0.48496707,
          0.77817361,  0.16591791],
        [ 0.13788486,  0.        ,  0.124146  , ...,  0.60091957,
          0.85733918,  0.30030682],
        [ 0.01385799, -0.124146  ,  0.        , ...,  0.49703976,
          0.78680238,  0.17956789],
        ...,
        [-0.48496707, -0.60091957, -0.49703976, ...,  0.        ,
          0.37595485, -0.33314463],
        [-0.77817361, -0.85733918, -0.78680238, ..., -0.37595485,
          0.        , -0.66318317],
        [-0.16591791, -0.30030682, -0.17956789, ...,  0.33314463,
          0.66318317,  0.        ]],

       [[ 0.        ,  0.30442707,  0.35172881, ...,  0.87871792,
          0.93853023,  0.97347017],
        [-0.30442707,  0.        ,  0.05005946, ...,  0.98232579,
          0.99907083,  0.9969222 ],
        [-0.35172881, -0.05005946,  0.        , ...,  0.99046428,
          0.99997572,  0.99174778],
        ...,
        [-0.87871792, -0.98232579, -0.99046428, ...,  0.        ,
         -0.14466851, -0.2636147 ],
        [-0.93853023, -0.99907083, -0.99997572, ...,  0.14466851,
          0.        , -0.12129022],
        [-0.97347017, -0.9969222 , -0.99174778, ...,  0.2636147 ,
          0.12129022,  0.        ]],

       ...,

       [[ 0.        , -0.02296349, -0.00756557, ..., -0.14710162,
         -0.67032049, -0.9844586 ],
        [ 0.02296349,  0.        ,  0.01539925, ..., -0.12434916,
         -0.65310318, -0.98016622],
        [ 0.00756557, -0.01539925,  0.        , ..., -0.13961414,
         -0.66468711, -0.98310178],
        ...,
        [ 0.14710162,  0.12434916,  0.13961414, ...,  0.        ,
         -0.55386838, -0.94791553],
        [ 0.67032049,  0.65310318,  0.66468711, ...,  0.55386838,
          0.        , -0.61281932],
        [ 0.9844586 ,  0.98016622,  0.98310178, ...,  0.94791553,
          0.61281932,  0.        ]],

       [[ 0.        , -0.16680858, -0.21978506, ...,  0.97411913,
          0.99682411,  0.99772669],
        [ 0.16680858,  0.        , -0.05397589, ...,  0.92276642,
          0.96957413,  0.97250654],
        [ 0.21978506,  0.05397589,  0.        , ...,  0.90062112,
          0.95494754,  0.9585192 ],
        ...,
        [-0.97411913, -0.92276642, -0.90062112, ...,  0.        ,
         -0.14774357, -0.15987512],
        [-0.99682411, -0.96957413, -0.95494754, ...,  0.14774357,
          0.        , -0.01227742],
        [-0.99772669, -0.97250654, -0.9585192 , ...,  0.15987512,
          0.01227742,  0.        ]],

       [[ 0.        ,  0.40204064,  0.43951251, ...,  0.5811605 ,
          0.18418874,  0.        ],
        [-0.40204064,  0.        ,  0.04129969, ...,  0.85929947,
          0.56380931,  0.40204064],
        [-0.43951251, -0.04129969,  0.        , ...,  0.87968999,
          0.59743789,  0.43951251],
        ...,
        [-0.5811605 , -0.85929947, -0.87968999, ...,  0.        ,
          0.42132661,  0.5811605 ],
        [-0.18418874, -0.56380931, -0.59743789, ..., -0.42132661,
          0.        ,  0.18418874],
        [-0.        , -0.40204064, -0.43951251, ..., -0.5811605 ,
         -0.18418874,  0.        ]]]), 'num': array([4.67510100e+07, 1.18512100e+07, 4.33000000e+02, 8.06000000e+04,
       8.21000000e+04, 8.01000000e+04, 8.04042000e+05, 1.00000000e+02,
       8.25600000e+04, 8.63850000e+04, 7.79016667e+04, 1.70731707e+01,
       9.31685905e+04, 7.96014095e+04])}
{'img': array([[[ 0.        ,  0.02515014, -0.39841659, ...,  0.82135143,
          0.79101129,  0.79620459],
        [-0.02515014,  0.        , -0.42135839, ...,  0.80674542,
          0.77537418,  0.78073621],
        [ 0.39841659,  0.42135839,  0.        , ...,  0.98061307,
          0.96927106,  0.97133547],
        ...,
        [-0.82135143, -0.80674542, -0.98061307, ...,  0.        ,
         -0.05129345, -0.04276718],
        [-0.79101129, -0.77537418, -0.96927106, ...,  0.05129345,
          0.        ,  0.00853564],
        [-0.79620459, -0.78073621, -0.97133547, ...,  0.04276718,
         -0.00853564,  0.        ]],

       [[ 0.        ,  0.124146  ,  0.40050159, ...,  0.85733918,
          0.30030682,  0.52847016],
        [-0.124146  ,  0.        ,  0.28364881, ...,  0.78680238,
          0.17956789,  0.41898792],
        [-0.40050159, -0.28364881,  0.        , ...,  0.57941756,
         -0.10684554,  0.14422855],
        ...,
        [-0.85733918, -0.78680238, -0.57941756, ...,  0.        ,
         -0.66318317, -0.45580868],
        [-0.30030682, -0.17956789,  0.10684554, ...,  0.66318317,
          0.        ,  0.24913134],
        [-0.52847016, -0.41898792, -0.14422855, ...,  0.45580868,
         -0.24913134,  0.        ]],

       [[ 0.        ,  0.05005946,  0.01589795, ...,  0.99907083,
          0.9969222 ,  0.97562233],
        [-0.05005946,  0.        , -0.03417511, ...,  0.99997572,
          0.99174778,  0.96341327],
        [-0.01589795,  0.03417511,  0.        , ...,  0.99962974,
          0.99554985,  0.97201013],
        ...,
        [-0.99907083, -0.99997572, -0.99962974, ...,  0.        ,
         -0.12129022, -0.26130023],
        [-0.9969222 , -0.99174778, -0.99554985, ...,  0.12129022,
          0.        , -0.14229477],
        [-0.97562233, -0.96341327, -0.97201013, ...,  0.26130023,
          0.14229477,  0.        ]],

       ...,

       [[ 0.        ,  0.01466354, -0.21403011, ..., -0.60600805,
         -0.85073997, -0.98864184],
        [-0.01466354,  0.        , -0.22833084, ..., -0.61760713,
         -0.85835546, -0.99073934],
        [ 0.21403011,  0.22833084,  0.        , ..., -0.42171299,
         -0.71853442, -0.93356536],
        ...,
        [ 0.60600805,  0.61760713,  0.42171299, ...,  0.        ,
         -0.3582185 , -0.69534616],
        [ 0.85073997,  0.85835546,  0.71853442, ...,  0.3582185 ,
          0.        , -0.39175877],
        [ 0.98864184,  0.99073934,  0.93356536, ...,  0.69534616,
          0.39175877,  0.        ]],

       [[ 0.        , -0.05397589, -0.06504145, ...,  0.96957413,
          0.97250654,  0.96892527],
        [ 0.05397589,  0.        , -0.01108504, ...,  0.95494754,
          0.9585192 ,  0.95416167],
        [ 0.06504145,  0.01108504,  0.        , ...,  0.95159911,
