state_0,state_1,state_2,state_3,state_4,state_5,state_6,state_7,state_8,state_9,state_10,state_11,state_12,state_13,state_14,state_15,state_16,state_17,state_18,state_19,state_20,state_21,state_22,state_23,state_24,state_25,state_26,state_27,state_28,state_29,state_30,state_31,state_32,state_33,state_34,state_35,state_36,state_37,state_38,state_39,state_40,state_41,state_42,state_43,state_44,state_45,state_46,state_47,state_48,state_49,state_50,state_51,state_52,state_53,state_54,state_55,state_56,state_57,state_58,state_59,state_60,state_61,state_62,state_63,state_64,state_65,state_66,state_67,state_68,state_69,state_70,state_71,state_72,state_73,state_74,state_75,state_76,state_77
{'img': array([[[ 0.        ,  0.02879401,  0.31428963, ..., -0.98802232,
         -0.78150912, -0.64820263],
        [-0.02879401,  0.        ,  0.28682438, ..., -0.99205589,
         -0.76322068, -0.62600815],
        [-0.31428963, -0.28682438,  0.        , ..., -0.98645476,
         -0.54582447, -0.37603489],
        ...,
        [ 0.98802232,  0.99205589,  0.98645476, ...,  0.        ,
         -0.73701649, -0.85237208],
        [ 0.78150912,  0.76322068,  0.54582447, ...,  0.73701649,
          0.        , -0.19068449],
        [ 0.64820263,  0.62600815,  0.37603489, ...,  0.85237208,
          0.19068449,  0.        ]],

       [[ 0.        ,  0.94781741, -0.23466488, ..., -0.82290039,
         -0.49502215, -0.99410438],
        [-0.94781741,  0.        , -0.99616524, ..., -0.80088816,
         -0.98135976, -0.41970336],
        [ 0.23466488,  0.99616524,  0.        , ..., -0.66658878,
         -0.27730361, -0.94090126],
        ...,
        [ 0.82290039,  0.80088816,  0.66658878, ...,  0.        ,
          0.4337375 , -0.47561099],
        [ 0.49502215,  0.98135976,  0.27730361, ..., -0.4337375 ,
          0.        , -0.81008386],
        [ 0.99410438,  0.41970336,  0.94090126, ...,  0.47561099,
          0.81008386,  0.        ]],

       [[ 0.        , -0.22125392, -0.10098427, ..., -0.98732999,
         -0.88749409, -0.35901099],
        [ 0.22125392,  0.        ,  0.12164138, ..., -0.99796891,
         -0.96745668, -0.556617  ],
        [ 0.10098427, -0.12164138,  0.        , ..., -0.99830701,
         -0.92949272, -0.45142772],
        ...,
        [ 0.98732999,  0.99796891,  0.99830701, ...,  0.        ,
         -0.31415251, -0.86453995],
        [ 0.88749409,  0.96745668,  0.92949272, ...,  0.31415251,
          0.        , -0.6628887 ],
        [ 0.35901099,  0.556617  ,  0.45142772, ...,  0.86453995,
          0.6628887 ,  0.        ]],

       ...,

       [[ 0.        ,  0.01431312, -0.01453562, ...,  0.16415781,
         -0.19738023, -0.8634479 ],
        [-0.01431312,  0.        , -0.02884574, ...,  0.15002205,
         -0.21139155, -0.87057953],
        [ 0.01453562,  0.02884574,  0.        , ...,  0.1784789 ,
         -0.18310971, -0.85602436],
        ...,
        [-0.16415781, -0.15002205, -0.1784789 , ...,  0.        ,
         -0.35563092, -0.93454189],
        [ 0.19738023,  0.21139155,  0.18310971, ...,  0.35563092,
          0.        , -0.74689521],
        [ 0.8634479 ,  0.87057953,  0.85602436, ...,  0.93454189,
          0.74689521,  0.        ]],

       [[ 0.        ,  0.0749404 ,  0.16473909, ..., -0.67015881,
         -0.77874086, -0.79453948],
        [-0.0749404 ,  0.        ,  0.09035934, ..., -0.61265224,
         -0.7295375 , -0.7468005 ],
        [-0.16473909, -0.09035934,  0.        , ..., -0.53873028,
         -0.66475269, -0.6836522 ],
        ...,
        [ 0.67015881,  0.61265224,  0.53873028, ...,  0.        ,
          0.157574  ,  0.18279249],
        [ 0.77874086,  0.7295375 ,  0.66475269, ..., -0.157574  ,
          0.        ,  0.02558978],
        [ 0.79453948,  0.7468005 ,  0.6836522 , ..., -0.18279249,
         -0.02558978,  0.        ]],

       [[ 0.        , -0.5641011 , -0.6959432 , ..., -0.94456018,
         -0.69147107, -0.        ],
        [ 0.5641011 ,  0.        , -0.16956507, ..., -0.96514477,
         -0.9784606 , -0.5641011 ],
        [ 0.6959432 ,  0.16956507,  0.        , ..., -0.90679052,
         -0.99929544, -0.6959432 ],
        ...,
        [ 0.94456018,  0.96514477,  0.90679052, ...,  0.        ,
         -0.45531772, -0.94456018],
        [ 0.69147107,  0.9784606 ,  0.99929544, ...,  0.45531772,
          0.        , -0.69147107],
        [ 0.        ,  0.5641011 ,  0.6959432 , ...,  0.94456018,
          0.69147107,  0.        ]]]), 'num': array([ 1.38105290e+07,  6.39596900e+06,  1.36800000e+03,  5.42000000e+03,
        5.53000000e+03,  5.30000000e+03,  1.84215000e+05, -9.00000000e+01,
        5.62600000e+03,  5.98750000e+03,  6.06250000e+03,  2.16417910e+01,
        6.46368799e+03,  5.51131201e+03])}
{'img': array([[[ 0.        ,  0.27518978,  0.12199806, ..., -0.94575351,
         -0.93517342, -0.60449337],
        [-0.27518978,  0.        , -0.15584651, ..., -0.81983284,
         -0.80159678, -0.36193486],
        [-0.12199806,  0.15584651,  0.        , ..., -0.8990537 ,
         -0.88497748, -0.50279312],
        ...,
        [ 0.94575351,  0.81983284,  0.8990537 , ...,  0.        ,
         -0.03115272, -0.55700599],
        [ 0.93517342,  0.80159678,  0.88497748, ...,  0.03115272,
          0.        , -0.53086304],
        [ 0.60449337,  0.36193486,  0.50279312, ...,  0.55700599,
          0.53086304,  0.        ]],

       [[ 0.        , -0.99616524, -0.94345733, ..., -0.98135976,
         -0.41970336, -0.598507  ],
        [ 0.99616524,  0.        , -0.41276754, ..., -0.27730361,
         -0.94090126, -0.85040993],
        [ 0.94345733,  0.41276754,  0.        , ...,  0.14400154,
         -0.7172106 , -0.55741879],
        ...,
        [ 0.98135976,  0.27730361, -0.14400154, ...,  0.        ,
         -0.81008386, -0.67116368],
        [ 0.41970336,  0.94090126,  0.7172106 , ...,  0.81008386,
          0.        ,  0.20700992],
        [ 0.598507  ,  0.85040993,  0.55741879, ...,  0.67116368,
         -0.20700992,  0.        ]],

       [[ 0.        ,  0.11272815,  0.11272815, ..., -0.99997692,
         -0.96248998, -0.52136573],
        [-0.11272815,  0.        ,  0.        , ..., -0.99436888,
         -0.92576985, -0.42184779],
        [-0.11272815,  0.        ,  0.        , ..., -0.99436888,
         -0.92576985, -0.42184779],
        ...,
        [ 0.99997692,  0.99436888,  0.99436888, ...,  0.        ,
         -0.2778508 , -0.85685615],
        [ 0.96248998,  0.92576985,  0.92576985, ...,  0.2778508 ,
          0.        , -0.67986927],
        [ 0.52136573,  0.42184779,  0.42184779, ...,  0.85685615,
          0.67986927,  0.        ]],

       ...,

       [[ 0.        , -0.02879592, -0.76526162, ..., -0.21096976,
         -0.86232752, -0.91728355],
        [ 0.02879592,  0.        , -0.74640779, ..., -0.18273448,
         -0.84738908, -0.90543563],
        [ 0.76526162,  0.74640779,  0.        , ...,  0.61223224,
         -0.16760602, -0.28571946],
        ...,
        [ 0.21096976,  0.18273448, -0.61223224, ...,  0.        ,
         -0.73609402, -0.81262239],
        [ 0.86232752,  0.84738908,  0.16760602, ...,  0.73609402,
          0.        , -0.12105862],
        [ 0.91728355,  0.90543563,  0.28571946, ...,  0.81262239,
          0.12105862,  0.        ]],

       [[ 0.        ,  0.09035934, -0.26238431, ..., -0.7295375 ,
         -0.7468005 , -0.78303086],
        [-0.09035934,  0.        , -0.34850442, ..., -0.66475269,
         -0.6836522 , -0.7236257 ],
        [ 0.26238431,  0.34850442,  0.        , ..., -0.88343237,
         -0.89513339, -0.91879471],
        ...,
        [ 0.7295375 ,  0.66475269,  0.88343237, ...,  0.        ,
          0.02558978,  0.08178694],
        [ 0.7468005 ,  0.6836522 ,  0.89513339, ..., -0.02558978,
          0.        ,  0.05625611],
        [ 0.78303086,  0.7236257 ,  0.91879471, ..., -0.08178694,
         -0.05625611,  0.        ]],

       [[ 0.        , -0.43702524, -0.6017612 , ..., -0.8947495 ,
         -0.70825512, -0.        ],
        [ 0.43702524,  0.        , -0.19221206, ..., -0.99994342,
         -0.94556037, -0.43702524],
        [ 0.6017612 ,  0.19221206,  0.        , ..., -0.98334254,
         -0.99048369, -0.6017612 ],
        ...,
        [ 0.8947495 ,  0.99994342,  0.98334254, ...,  0.        ,
         -0.31536993, -0.8947495 ],
        [ 0.70825512,  0.94556037,  0.99048369, ...,  0.31536993,
          0.        , -0.70825512],
        [ 0.        ,  0.43702524,  0.6017612 , ...,  0.8947495 ,
          0.70825512,  0.        ]]]), 'num': array([2.30065740e+07, 3.13587400e+06, 3.64600000e+03, 5.45000000e+03,
       5.49000000e+03, 5.36000000e+03, 1.56423000e+05, 3.00000000e+01,
       5.53400000e+03, 5.94850000e+03, 6.04533333e+03, 2.53968254e+01,
       6.46492134e+03, 5.43207866e+03])}
{'img': array([[[ 0.        , -0.15584651,  0.36193486, ..., -0.80159678,
         -0.36193486, -0.63700443],
        [ 0.15584651,  0.        ,  0.50279312, ..., -0.88497748,
         -0.50279312, -0.74935691],
        [-0.36193486, -0.50279312,  0.        , ..., -0.53086304,
         -0.        , -0.31481654],
        ...,
        [ 0.80159678,  0.88497748,  0.53086304, ...,  0.        ,
         -0.53086304, -0.23707633],
        [ 0.36193486,  0.50279312,  0.        , ...,  0.53086304,
          0.        ,  0.31481654],
        [ 0.63700443,  0.74935691,  0.31481654, ...,  0.23707633,
         -0.31481654,  0.        ]],

       [[ 0.        , -0.42214093, -0.06122018, ..., -0.94854105,
         -0.86093274, -0.91364919],
        [ 0.42214093,  0.        ,  0.36585118, ..., -0.72620843,
         -0.56571051, -0.65664879],
        [ 0.06122018, -0.36585118,  0.        , ..., -0.92737624,
         -0.82817402, -0.88704922],
        ...,
        [ 0.94854105,  0.72620843,  0.92737624, ...,  0.        ,
          0.20992272,  0.0962745 ],
        [ 0.86093274,  0.56571051,  0.82817402, ..., -0.20992272,
          0.        , -0.11481827],
        [ 0.91364919,  0.65664879,  0.88704922, ..., -0.0962745 ,
          0.11481827,  0.        ]],

       [[ 0.        ,  0.        ,  0.40272146, ..., -0.98101627,
         -0.8590392 , -0.40272146],
        [ 0.        ,  0.        ,  0.40272146, ..., -0.98101627,
         -0.8590392 , -0.40272146],
        [-0.40272146, -0.40272146,  0.        , ..., -0.8198484 ,
         -0.58014091, -0.        ],
        ...,
        [ 0.98101627,  0.98101627,  0.8198484 , ...,  0.        ,
         -0.33560229, -0.8198484 ],
        [ 0.8590392 ,  0.8590392 ,  0.58014091, ...,  0.33560229,
          0.        , -0.58014091],
        [ 0.40272146,  0.40272146,  0.        , ...,  0.8198484 ,
          0.58014091,  0.        ]],

       ...,

       [[ 0.        , -0.74640779, -0.30401695, ..., -0.84738908,
         -0.90543563, -0.51518021],
        [ 0.74640779,  0.        ,  0.50875789, ..., -0.16760602,
         -0.28571946,  0.2968859 ],
        [ 0.30401695, -0.50875789,  0.        , ..., -0.64585466,
         -0.73352809, -0.23022756],
        ...,
        [ 0.84738908,  0.16760602,  0.64585466, ...,  0.        ,
         -0.12105862,  0.45273533],
        [ 0.90543563,  0.28571946,  0.73352809, ...,  0.12105862,
          0.        ,  0.55734693],
        [ 0.51518021, -0.2968859 ,  0.23022756, ..., -0.45273533,
         -0.55734693,  0.        ]],

       [[ 0.        , -0.34850442, -0.43206318, ..., -0.6836522 ,
         -0.7236257 , -0.72529608],
        [ 0.34850442,  0.        , -0.09067951, ..., -0.89513339,
         -0.91879471, -0.91974856],
        [ 0.43206318,  0.09067951,  0.        , ..., -0.93187033,
         -0.95080383, -0.95155175],
        ...,
        [ 0.6836522 ,  0.89513339,  0.93187033, ...,  0.        ,
          0.05625611,  0.05867535],
        [ 0.7236257 ,  0.91879471,  0.95080383, ..., -0.05625611,
          0.        ,  0.00242325],
        [ 0.72529608,  0.91974856,  0.95155175, ..., -0.05867535,
         -0.00242325,  0.        ]],

       [[ 0.        , -0.42598731, -0.55428637, ..., -0.85553255,
         -0.60564182, -0.        ],
        [ 0.42598731,  0.        , -0.14691871, ..., -0.99457974,
         -0.88691583, -0.42598731],
        [ 0.55428637,  0.14691871,  0.        , ..., -0.99906324,
         -0.94515784, -0.55428637],
        ...,
        [ 0.85553255,  0.99457974,  0.99906324, ...,  0.        ,
         -0.36720877, -0.85553255],
        [ 0.60564182,  0.88691583,  0.94515784, ...,  0.36720877,
          0.        , -0.60564182],
        [ 0.        ,  0.42598731,  0.55428637, ...,  0.85553255,
          0.60564182,  0.        ]]]), 'num': array([2.30065230e+07, 2.77612300e+06, 3.71200000e+03, 5.45000000e+03,
       5.49000000e+03, 5.41000000e+03, 1.31844000e+05, 0.00000000e+00,
       5.47000000e+03, 5.91600000e+03, 6.02683333e+03, 1.68141593e+01,
       6.47059535e+03, 5.36140465e+03])}
{'img': array([[[ 0.        ,  0.50279312, -0.27218908, ..., -0.50279312,
         -0.74935691, -0.74935691],
        [-0.50279312,  0.        , -0.71909164, ..., -0.        ,
         -0.31481654, -0.31481654],
        [ 0.27218908,  0.71909164,  0.        , ..., -0.71909164,
         -0.90129847, -0.90129847],
        ...,
        [ 0.50279312,  0.        ,  0.71909164, ...,  0.        ,
          0.31481654,  0.31481654],
        [ 0.74935691,  0.31481654,  0.90129847, ..., -0.31481654,
          0.        ,  0.        ],
        [ 0.74935691,  0.31481654,  0.90129847, ..., -0.31481654,
          0.        ,  0.        ]],

       [[ 0.        ,  0.36585118,  0.13656698, ..., -0.56571051,
         -0.65664879, -0.74545597],
        [-0.36585118,  0.        , -0.23532421, ..., -0.82817402,
         -0.88704922, -0.9376359 ],
        [-0.13656698,  0.23532421,  0.        , ..., -0.67302395,
         -0.75349488, -0.82950106],
        ...,
        [ 0.56571051,  0.82817402,  0.67302395, ...,  0.        ,
         -0.11481827, -0.23762881],
        [ 0.65664879,  0.88704922,  0.75349488, ...,  0.11481827,
          0.        , -0.12452783],
        [ 0.74545597,  0.9376359 ,  0.82950106, ...,  0.23762881,
          0.12452783,  0.        ]],

       [[ 0.        ,  0.39084963,  0.20515418, ..., -0.92858005,
         -0.78272642, -0.39084963],
        [-0.39084963,  0.        , -0.19370103, ..., -0.70965886,
         -0.4772126 , -0.        ],
        [-0.20515418,  0.19370103,  0.        , ..., -0.83268953,
         -0.63839659, -0.19370103],
        ...,
        [ 0.92858005,  0.70965886,  0.83268953, ...,  0.        ,
         -0.28742164, -0.70965886],
        [ 0.78272642,  0.4772126 ,  0.63839659, ...,  0.28742164,
          0.        , -0.4772126 ],
        [ 0.39084963,  0.        ,  0.19370103, ...,  0.70965886,
          0.4772126 ,  0.        ]],

       ...,

       [[ 0.        ,  0.32569507,  0.38367067, ..., -0.06062332,
          0.16345925, -0.64322388],
        [-0.32569507,  0.        ,  0.06198136, ..., -0.38241384,
         -0.16676789, -0.85752961],
        [-0.38367067, -0.06198136,  0.        , ..., -0.43894881,
         -0.22756063, -0.8877662 ],
        ...,
        [ 0.06062332,  0.38241384,  0.43894881, ...,  0.        ,
          0.22296654, -0.59562286],
        [-0.16345925,  0.16676789,  0.22756063, ..., -0.22296654,
          0.        , -0.75972975],
        [ 0.64322388,  0.85752961,  0.8877662 , ...,  0.59562286,
          0.75972975,  0.        ]],

       [[ 0.        , -0.26810907, -0.3210711 , ..., -0.7330572 ,
         -0.73473464, -0.74234585],
        [ 0.26810907,  0.        , -0.05540216, ..., -0.88857787,
         -0.88970798, -0.89480511],
        [ 0.3210711 ,  0.05540216,  0.        , ..., -0.91262752,
         -0.91363425, -0.91816548],
        ...,
        [ 0.7330572 ,  0.88857787,  0.91262752, ...,  0.        ,
          0.0024695 ,  0.01375843],
        [ 0.73473464,  0.88970798,  0.91363425, ..., -0.0024695 ,
          0.        ,  0.01128912],
        [ 0.74234585,  0.89480511,  0.91816548, ..., -0.01375843,
         -0.01128912,  0.        ]],

       [[ 0.        , -0.36600555, -0.59341525, ..., -0.77688891,
         -0.5645597 , -0.        ],
        [ 0.36600555,  0.        , -0.25764317, ..., -0.95343355,
         -0.82748455, -0.36600555],
        [ 0.59341525,  0.25764317,  0.        , ..., -0.99895176,
         -0.94421246, -0.59341525],
        ...,
        [ 0.77688891,  0.95343355,  0.99895176, ...,  0.        ,
         -0.28577001, -0.77688891],
        [ 0.5645597 ,  0.82748455,  0.94421246, ...,  0.28577001,
          0.        , -0.5645597 ],
        [ 0.        ,  0.36600555,  0.59341525, ...,  0.77688891,
          0.5645597 ,  0.        ]]]), 'num': array([2.33034830e+07, 2.77612300e+06, 3.71200000e+03, 5.53000000e+03,
       5.54000000e+03, 5.43000000e+03, 1.45973000e+05, 8.00000000e+01,
       5.47200000e+03, 5.88900000e+03, 6.01033333e+03, 2.54716981e+01,
       6.46320902e+03, 5.31479098e+03])}
{'img': array([[[ 0.        , -0.71909164, -0.82895046, ..., -0.31481654,
         -0.31481654, -0.58148193],
        [ 0.71909164,  0.        , -0.17384652, ..., -0.90129847,
         -0.90129847, -0.98910437],
        [ 0.82895046,  0.17384652,  0.        , ..., -0.96288426,
         -0.96288426, -0.99963603],
        ...,
        [ 0.31481654,  0.90129847,  0.96288426, ...,  0.        ,
          0.        ,  0.29579312],
        [ 0.31481654,  0.90129847,  0.96288426, ...,  0.        ,
          0.        ,  0.29579312],
        [ 0.58148193,  0.98910437,  0.99963603, ..., -0.29579312,
         -0.29579312,  0.        ]],

       [[ 0.        , -0.23532421, -0.27229094, ..., -0.88704922,
         -0.9376359 , -0.90878354],
        [ 0.23532421,  0.        , -0.03821169, ..., -0.75349488,
         -0.82950106, -0.78506888],
        [ 0.27229094,  0.03821169,  0.        , ..., -0.72782216,
         -0.80755382, -0.76082687],
        ...,
        [ 0.88704922,  0.75349488,  0.72782216, ...,  0.        ,
         -0.12452783, -0.04942538],
        [ 0.9376359 ,  0.82950106,  0.80755382, ...,  0.12452783,
          0.        ,  0.07533498],
        [ 0.90878354,  0.78506888,  0.76082687, ...,  0.04942538,
         -0.07533498,  0.        ]],

       [[ 0.        , -0.19370103, -0.37250471, ..., -0.4772126 ,
         -0.        , -0.08695637],
        [ 0.19370103,  0.        , -0.18568927, ..., -0.63839659,
         -0.19370103, -0.27827677],
        [ 0.37250471,  0.18568927,  0.        , ..., -0.77022037,
         -0.37250471, -0.45179185],
        ...,
        [ 0.4772126 ,  0.63839659,  0.77022037, ...,  0.        ,
         -0.4772126 , -0.39898877],
        [ 0.        ,  0.19370103,  0.37250471, ...,  0.4772126 ,
          0.        ,  0.08695637],
        [ 0.08695637,  0.27827677,  0.45179185, ...,  0.39898877,
         -0.08695637,  0.        ]],

       ...,

       [[ 0.        ,  0.06198136, -0.37132454, ..., -0.16676789,
         -0.85752961, -0.16281338],
        [-0.06198136,  0.        , -0.42816049, ..., -0.22756063,
         -0.8877662 , -0.22365468],
        [ 0.37132454,  0.42816049,  0.        , ...,  0.21128007,
         -0.60519674,  0.21519717],
        ...,
        [ 0.16676789,  0.22756063, -0.21128007, ...,  0.        ,
         -0.75972975,  0.00400931],
        [ 0.85752961,  0.8877662 ,  0.60519674, ...,  0.75972975,
          0.        ,  0.76233065],
        [ 0.16281338,  0.22365468, -0.21519717, ..., -0.00400931,
         -0.76233065,  0.        ]],

       [[ 0.        , -0.18165699, -0.33545265, ..., -0.74022714,
         -0.74785361, -0.73789092],
        [ 0.18165699,  0.        , -0.15874012, ..., -0.85004953,
         -0.85600626, -0.84821779],
        [ 0.33545265,  0.15874012,  0.        , ..., -0.92288011,
         -0.9272156 , -0.92153905],
        ...,
        [ 0.74022714,  0.85004953,  0.92288011, ...,  0.        ,
          0.01141461, -0.00346805],
        [ 0.74785361,  0.85600626,  0.9272156 , ..., -0.01141461,
          0.        , -0.01488237],
        [ 0.73789092,  0.84821779,  0.92153905, ...,  0.00346805,
          0.01488237,  0.        ]],

       [[ 0.        , -0.48031353, -0.66629365, ..., -0.69736915,
         -0.46097557, -0.        ],
        [ 0.48031353,  0.        , -0.22623934, ..., -0.95590683,
         -0.83055661, -0.48031353],
        [ 0.66629365,  0.22623934,  0.        , ..., -0.99756156,
         -0.93502216, -0.66629365],
        ...,
        [ 0.69736915,  0.95590683,  0.99756156, ...,  0.        ,
         -0.28846755, -0.69736915],
        [ 0.46097557,  0.83055661,  0.93502216, ...,  0.28846755,
          0.        , -0.46097557],
        [ 0.        ,  0.48031353,  0.66629365, ...,  0.69736915,
          0.46097557,  0.        ]]]), 'num': array([ 2.28625930e+07,  1.15007300e+06,  4.00600000e+03,  5.42000000e+03,
        5.55000000e+03,  5.39000000e+03,  1.91326000e+05, -1.10000000e+02,
        5.45400000e+03,  5.85550000e+03,  5.99066667e+03,  1.42857143e+01,
        6.45644842e+03,  5.25455158e+03])}
{'img': array([[[ 0.        , -0.5425864 , -0.9539392 , ..., -0.34117444,
         -0.62577951, -0.        ],
        [ 0.5425864 ,  0.        , -0.63853301, ..., -0.79661775,
         -0.94887218, -0.5425864 ],
        [ 0.9539392 ,  0.63853301,  0.        , ..., -0.99905518,
         -0.93180643, -0.9539392 ],
        ...,
        [ 0.34117444,  0.79661775,  0.99905518, ...,  0.        ,
          0.32211668, -0.34117444],
        [ 0.62577951,  0.94887218,  0.93180643, ..., -0.32211668,
          0.        , -0.62577951],
        [ 0.        ,  0.5425864 ,  0.9539392 , ...,  0.34117444,
          0.62577951,  0.        ]],

       [[ 0.        , -0.03821169,  0.27901449, ..., -0.82950106,
         -0.78506888, -0.6530467 ],
        [ 0.03821169,  0.        ,  0.31550491, ..., -0.80755382,
         -0.76082687, -0.62363137],
        [-0.27901449, -0.31550491,  0.        , ..., -0.95239002,
         -0.92671529, -0.83841479],
        ...,
        [ 0.82950106,  0.80755382,  0.95239002, ...,  0.        ,
          0.07533498,  0.26346584],
        [ 0.78506888,  0.76082687,  0.92671529, ..., -0.07533498,
          0.        ,  0.19004384],
        [ 0.6530467 ,  0.62363137,  0.83841479, ..., -0.26346584,
         -0.19004384,  0.        ]],

       [[ 0.        , -0.32043855, -0.64673844, ..., -0.24363031,
         -0.2581618 , -0.        ],
        [ 0.32043855,  0.        , -0.36823319, ..., -0.54156667,
         -0.55412498, -0.32043855],
        [ 0.64673844,  0.36823319,  0.        , ..., -0.81307076,
         -0.82171817, -0.64673844],
        ...,
        [ 0.24363031,  0.54156667,  0.81307076, ...,  0.        ,
          0.01501126, -0.24363031],
        [ 0.2581618 ,  0.55412498,  0.82171817, ..., -0.01501126,
          0.        , -0.2581618 ],
        [ 0.        ,  0.32043855,  0.64673844, ...,  0.24363031,
          0.2581618 ,  0.        ]],

       ...,

       [[ 0.        , -0.37787431, -0.38456753, ..., -0.66323268,
         -0.20157016, -0.92134457],
        [ 0.37787431,  0.        , -0.00723991, ..., -0.33125242,
          0.18349296, -0.70613576],
        [ 0.38456753,  0.00723991,  0.        , ..., -0.32441257,
          0.19060514, -0.70099084],
        ...,
        [ 0.66323268,  0.33125242,  0.32441257, ...,  0.        ,
          0.49876144, -0.43171683],
        [ 0.20157016, -0.18349296, -0.19060514, ..., -0.49876144,
          0.        , -0.82407335],
        [ 0.92134457,  0.70613576,  0.70099084, ...,  0.43171683,
          0.82407335,  0.        ]],

       [[ 0.        , -0.28560101, -0.34357643, ..., -0.75034723,
         -0.740376  , -0.73098126],
        [ 0.28560101,  0.        , -0.06105104, ..., -0.90788903,
         -0.9015173 , -0.8954283 ],
        [ 0.34357643,  0.06105104,  0.        , ..., -0.93178874,
         -0.92625507, -0.92093828],
        ...,
        [ 0.75034723,  0.90788903,  0.93178874, ...,  0.        ,
         -0.01495709, -0.02882441],
        [ 0.740376  ,  0.9015173 ,  0.92625507, ...,  0.01495709,
          0.        , -0.01387031],
        [ 0.73098126,  0.8954283 ,  0.92093828, ...,  0.02882441,
          0.01387031,  0.        ]],

       [[ 0.        , -0.49294485, -0.76825079, ..., -0.66728978,
         -0.51676441, -0.        ],
        [ 0.49294485,  0.        , -0.35286656, ..., -0.94772695,
         -0.87164004, -0.49294485],
        [ 0.76825079,  0.35286656,  0.        , ..., -0.99935668,
         -0.98852695, -0.76825079],
        ...,
        [ 0.66728978,  0.94772695,  0.99935668, ...,  0.        ,
         -0.18640003, -0.66728978],
        [ 0.51676441,  0.87164004,  0.98852695, ...,  0.18640003,
          0.        , -0.51676441],
        [ 0.        ,  0.49294485,  0.76825079, ...,  0.66728978,
          0.51676441,  0.        ]]]), 'num': array([2.38240220e+07, 2.76258200e+06, 3.70800000e+03, 5.68000000e+03,
       5.68000000e+03, 5.43000000e+03, 4.12381000e+05, 2.60000000e+02,
       5.50600000e+03, 5.82650000e+03, 5.97833333e+03, 3.36065574e+01,
       6.40200934e+03, 5.25099066e+03])}
{'img': array([[[ 0.        , -0.91071131, -0.824942  , ..., -0.64890485,
         -0.        , -0.90053544],
        [ 0.91071131,  0.        ,  0.17401296, ..., -0.96095843,
         -0.91071131, -0.76792173],
        [ 0.824942  , -0.17401296,  0.        , ..., -0.99444557,
         -0.824942  , -0.86766873],
        ...,
        [ 0.64890485,  0.96095843,  0.99444557, ...,  0.        ,
         -0.64890485,  0.40305747],
        [ 0.        ,  0.91071131,  0.824942  , ...,  0.64890485,
          0.        ,  0.90053544],
        [ 0.90053544,  0.76792173,  0.86766873, ..., -0.40305747,
         -0.90053544,  0.        ]],

       [[ 0.        ,  0.31550491,  0.21755656, ..., -0.76082687,
         -0.62363137, -0.05124236],
        [-0.31550491,  0.        , -0.10150322, ..., -0.92671529,
         -0.83841479, -0.36371551],
        [-0.21755656,  0.10150322,  0.        , ..., -0.88378772,
         -0.77876198, -0.26728573],
        ...,
        [ 0.76082687,  0.92671529,  0.88378772, ...,  0.        ,
          0.19004384,  0.72657335],
        [ 0.62363137,  0.83841479,  0.77876198, ..., -0.19004384,
          0.        ,  0.58275497],
        [ 0.05124236,  0.36371551,  0.26728573, ..., -0.72657335,
         -0.58275497,  0.        ]],

       [[ 0.        , -0.58581491, -0.74822688, ..., -0.26157279,
         -0.        , -0.43708598],
        [ 0.58581491,  0.        , -0.21774188, ..., -0.77740936,
         -0.58581491, -0.88112757],
        [ 0.74822688,  0.21774188,  0.        , ..., -0.89571505,
         -0.74822688, -0.96295162],
        ...,
        [ 0.26157279,  0.77740936,  0.89571505, ...,  0.        ,
         -0.26157279,  0.18660456],
        [ 0.        ,  0.58581491,  0.74822688, ...,  0.26157279,
          0.        ,  0.43708598],
        [ 0.43708598,  0.88112757,  0.96295162, ..., -0.18660456,
         -0.43708598,  0.        ]],

       ...,

       [[ 0.        , -0.00723991,  0.18220188, ...,  0.18349296,
         -0.70613576,  0.50797867],
        [ 0.00723991,  0.        ,  0.18931583, ...,  0.19060514,
         -0.70099084,  0.5142016 ],
        [-0.18220188, -0.18931583,  0.        , ...,  0.00131323,
         -0.82332871,  0.34253252],
        ...,
        [-0.18349296, -0.19060514, -0.00131323, ...,  0.        ,
         -0.82407335,  0.34129844],
        [ 0.70613576,  0.70099084,  0.82332871, ...,  0.82407335,
          0.        ,  0.96793165],
        [-0.50797867, -0.5142016 , -0.34253252, ..., -0.34129844,
         -0.96793165,  0.        ]],

       [[ 0.        , -0.19718032, -0.44098793, ..., -0.74664656,
         -0.73722935, -0.65043535],
        [ 0.19718032,  0.        , -0.25535821, ..., -0.86315631,
         -0.85597892, -0.78743611],
        [ 0.44098793,  0.25535821,  0.        , ..., -0.96347943,
         -0.95962317, -0.91873171],
        ...,
        [ 0.74664656,  0.86315631,  0.96347943, ...,  0.        ,
         -0.01404579, -0.13444085],
        [ 0.73722935,  0.85597892,  0.95962317, ...,  0.01404579,
          0.        , -0.12050931],
        [ 0.65043535,  0.78743611,  0.91873171, ...,  0.13444085,
          0.12050931,  0.        ]],

       [[ 0.        , -0.655464  , -0.79461932, ..., -0.54601877,
         -0.13426449, -0.        ],
        [ 0.655464  ,  0.        , -0.20218006, ..., -0.9614978 ,
         -0.75092921, -0.655464  ],
        [ 0.79461932,  0.20218006,  0.        , ..., -0.99720293,
         -0.86893751, -0.79461932],
        ...,
        [ 0.54601877,  0.9614978 ,  0.99720293, ...,  0.        ,
         -0.4285917 , -0.54601877],
        [ 0.13426449,  0.75092921,  0.86893751, ...,  0.4285917 ,
          0.        , -0.13426449],
        [ 0.        ,  0.655464  ,  0.79461932, ...,  0.54601877,
          0.13426449,  0.        ]]]), 'num': array([ 2.33958520e+07,  6.70937200e+06,  3.01200000e+03,  5.54000000e+03,
        5.73000000e+03,  5.51000000e+03,  2.34951000e+05, -1.40000000e+02,
        5.52400000e+03,  5.79450000e+03,  5.96500000e+03,  2.91044776e+01,
        6.35889259e+03,  5.23010741e+03])}
{'img': array([[[ 0.        ,  0.17401296, -0.07048351, ..., -0.91071131,
         -0.76792173, -0.95134497],
        [-0.17401296,  0.        , -0.24298835, ..., -0.824942  ,
         -0.86766873, -0.99044888],
        [ 0.07048351,  0.24298835,  0.        , ..., -0.93755907,
         -0.7208641 , -0.92726099],
        ...,
        [ 0.91071131,  0.824942  ,  0.93755907, ...,  0.        ,
          0.90053544,  0.67356232],
        [ 0.76792173,  0.86766873,  0.7208641 , ..., -0.90053544,
          0.        , -0.37275997],
        [ 0.95134497,  0.99044888,  0.92726099, ..., -0.67356232,
          0.37275997,  0.        ]],

       [[ 0.        , -0.10150322, -0.68318565, ..., -0.83841479,
         -0.36371551, -0.74891303],
        [ 0.10150322,  0.        , -0.60553495, ..., -0.77876198,
         -0.26728573, -0.67778209],
        [ 0.68318565,  0.60553495,  0.        , ..., -0.23988945,
          0.37079298, -0.09416432],
        ...,
        [ 0.83841479,  0.77876198,  0.23988945, ...,  0.        ,
          0.58275497,  0.1474088 ],
        [ 0.36371551,  0.26728573, -0.37079298, ..., -0.58275497,
          0.        , -0.4565973 ],
        [ 0.74891303,  0.67778209,  0.09416432, ..., -0.1474088 ,
          0.4565973 ,  0.        ]],

       [[ 0.        , -0.54627354, -0.8012792 , ..., -0.        ,
         -0.45812285, -0.5260925 ],
        [ 0.54627354,  0.        , -0.34432661, ..., -0.54627354,
         -0.86930331, -0.90522464],
        [ 0.8012792 ,  0.34432661,  0.        , ..., -0.8012792 ,
         -0.98633877, -0.99618595],
        ...,
        [ 0.        ,  0.54627354,  0.8012792 , ...,  0.        ,
          0.45812285,  0.5260925 ],
        [ 0.45812285,  0.86930331,  0.98633877, ..., -0.45812285,
          0.        ,  0.07803758],
        [ 0.5260925 ,  0.90522464,  0.99618595, ..., -0.5260925 ,
         -0.07803758,  0.        ]],

       ...,

       [[ 0.        ,  0.18931583,  0.35281571, ..., -0.70099084,
          0.5142016 ,  0.34691739],
        [-0.18931583,  0.        ,  0.16929401, ..., -0.82332871,
          0.34253252,  0.16308532],
        [-0.35281571, -0.16929401,  0.        , ..., -0.90752978,
          0.17853553, -0.00629622],
        ...,
        [ 0.70099084,  0.82332871,  0.90752978, ...,  0.        ,
          0.96793165,  0.90486745],
        [-0.5142016 , -0.34253252, -0.17853553, ..., -0.96793165,
          0.        , -0.18472706],
        [-0.34691739, -0.16308532,  0.00629622, ..., -0.90486745,
          0.18472706,  0.        ]],

       [[ 0.        , -0.40043674, -0.72800516, ..., -0.74016346,
         -0.65320861, -0.56614986],
        [ 0.40043674,  0.        , -0.39256082, ..., -0.94749431,
         -0.90175288, -0.84885787],
        [ 0.72800516,  0.39256082,  0.        , ..., -0.9969654 ,
         -0.99905079, -0.98823265],
        ...,
        [ 0.74016346,  0.94749431,  0.9969654 , ...,  0.        ,
         -0.12120038, -0.22942401],
        [ 0.65320861,  0.90175288,  0.99905079, ...,  0.12120038,
          0.        , -0.10976517],
        [ 0.56614986,  0.84885787,  0.98823265, ...,  0.22942401,
          0.10976517,  0.        ]],

       [[ 0.        , -0.36089862, -0.38943475, ..., -0.59599412,
         -0.57306506, -0.26572951],
        [ 0.36089862,  0.        , -0.03078168, ..., -0.84562468,
         -0.83020336, -0.59574414],
        [ 0.38943475,  0.03078168,  0.        , ..., -0.86165455,
         -0.84696953, -0.62018489],
        ...,
        [ 0.59599412,  0.84562468,  0.86165455, ...,  0.        ,
         -0.02825824, -0.3611889 ],
        [ 0.57306506,  0.83020336,  0.84696953, ...,  0.02825824,
          0.        , -0.33469406],
        [ 0.26572951,  0.59574414,  0.62018489, ...,  0.3611889 ,
          0.33469406,  0.        ]]]), 'num': array([ 2.31806060e+07,  3.56220600e+06,  3.58000000e+03,  5.48000000e+03,
        5.59000000e+03,  5.43000000e+03,  1.73547000e+05, -6.00000000e+01,
        5.53000000e+03,  5.76500000e+03,  5.95516667e+03,  3.00000000e+01,
        6.33038482e+03,  5.19961518e+03])}
{'img': array([[[ 0.        , -0.24298835, -0.49134232, ..., -0.86766873,
         -0.99044888, -0.99645546],
        [ 0.24298835,  0.        , -0.26498168, ..., -0.7208641 ,
         -0.92726099, -0.98703158],
        [ 0.49134232,  0.26498168,  0.        , ..., -0.51144313,
         -0.79490132, -0.9092121 ],
        ...,
        [ 0.86766873,  0.7208641 ,  0.51144313, ...,  0.        ,
         -0.37275997, -0.56837077],
        [ 0.99044888,  0.92726099,  0.79490132, ...,  0.37275997,
          0.        , -0.22071037],
        [ 0.99645546,  0.98703158,  0.9092121 , ...,  0.56837077,
          0.22071037,  0.        ]],

       [[ 0.        , -0.60553495, -0.19163949, ..., -0.26728573,
         -0.67778209, -0.81992606],
        [ 0.60553495,  0.        ,  0.4418013 , ...,  0.37079298,
         -0.09416432, -0.30586224],
        [ 0.19163949, -0.4418013 ,  0.        , ..., -0.07766456,
         -0.52431426, -0.69502129],
        ...,
        [ 0.26728573, -0.37079298,  0.07766456, ...,  0.        ,
         -0.4565973 , -0.63708204],
        [ 0.67778209,  0.09416432,  0.52431426, ...,  0.4565973 ,
          0.        , -0.21485163],
        [ 0.81992606,  0.30586224,  0.69502129, ...,  0.63708204,
          0.21485163,  0.        ]],

       [[ 0.        , -0.67311823, -0.86195973, ..., -0.47669313,
         -0.54688261, -0.56767056],
        [ 0.67311823,  0.        , -0.296194  , ..., -0.94424909,
         -0.96797961, -0.97396068],
        [ 0.86195973,  0.296194  ,  0.        , ..., -0.99939507,
         -0.99889747, -0.99740913],
        ...,
        [ 0.47669313,  0.94424909,  0.99939507, ...,  0.        ,
          0.08165604,  0.10658163],
        [ 0.54688261,  0.96797961,  0.99889747, ..., -0.08165604,
          0.        ,  0.02503479],
        [ 0.56767056,  0.97396068,  0.99740913, ..., -0.10658163,
         -0.02503479,  0.        ]],

       ...,

       [[ 0.        ,  0.16929401,  0.00925481, ...,  0.34253252,
          0.16308532,  0.20047355],
        [-0.16929401,  0.        , -0.16016554, ...,  0.17853553,
         -0.00629622,  0.03172264],
        [-0.00925481,  0.16016554,  0.        , ...,  0.33382291,
          0.15394743,  0.19139804],
        ...,
        [-0.34253252, -0.17853553, -0.33382291, ...,  0.        ,
         -0.18472706, -0.14723271],
        [-0.16308532,  0.00629622, -0.15394743, ...,  0.18472706,
          0.        ,  0.03801506],
        [-0.20047355, -0.03172264, -0.19139804, ...,  0.14723271,
         -0.03801506,  0.        ]],

       [[ 0.        , -0.65089064, -0.80804169, ..., -0.66530097,
         -0.57716075, -0.50529024],
        [ 0.65089064,  0.        , -0.22998608, ..., -0.99101639,
         -0.96970118, -0.94528768],
        [ 0.80804169,  0.22998608,  0.        , ..., -0.99520957,
         -0.99989154, -0.99497841],
        ...,
        [ 0.66530097,  0.99101639,  0.99520957, ...,  0.        ,
         -0.11241117, -0.19688393],
        [ 0.57716075,  0.96970118,  0.99989154, ...,  0.11241117,
          0.        , -0.08542511],
        [ 0.50529024,  0.94528768,  0.99497841, ...,  0.19688393,
          0.08542511,  0.        ]],

       [[ 0.        , -0.03008388, -0.18861399, ..., -0.91384523,
         -0.85703744, -0.58487034],
        [ 0.03008388,  0.        , -0.15898471, ..., -0.92564754,
         -0.87215037, -0.60900745],
        [ 0.18861399,  0.15898471,  0.        , ..., -0.974032  ,
         -0.93883888, -0.72736255],
        ...,
        [ 0.91384523,  0.92564754,  0.974032  , ...,  0.        ,
         -0.12285162, -0.50375035],
        [ 0.85703744,  0.87215037,  0.93883888, ...,  0.12285162,
          0.        , -0.39380918],
        [ 0.58487034,  0.60900745,  0.72736255, ...,  0.50375035,
          0.39380918,  0.        ]]]), 'num': array([2.3473344e+07, 3.1237440e+06, 3.6600000e+03, 5.5600000e+03,
       5.5600000e+03, 5.4100000e+03, 1.5639600e+05, 8.0000000e+01,
       5.5360000e+03, 5.7330000e+03, 5.9455000e+03, 3.4057971e+01,
       6.2679056e+03, 5.1980944e+03])}
{'img': array([[[ 0.00000000e+00, -2.64981683e-01, -5.05579321e-01, ...,
         -9.27260991e-01, -9.87031581e-01, -9.02085882e-01],
        [ 2.64981683e-01,  0.00000000e+00, -2.58885672e-01, ...,
         -7.94901325e-01, -9.09212104e-01, -7.55484837e-01],
        [ 5.05579321e-01,  2.58885672e-01,  0.00000000e+00, ...,
         -6.10725563e-01, -7.70432513e-01, -5.60115702e-01],
        ...,
        [ 9.27260991e-01,  7.94901325e-01,  6.10725563e-01, ...,
          0.00000000e+00, -2.20710367e-01,  6.24105175e-02],
        [ 9.87031581e-01,  9.09212104e-01,  7.70432513e-01, ...,
          2.20710367e-01,  0.00000000e+00,  2.81151542e-01],
        [ 9.02085882e-01,  7.55484837e-01,  5.60115702e-01, ...,
         -6.24105175e-02, -2.81151542e-01,  0.00000000e+00]],

       [[ 0.00000000e+00,  4.41801303e-01,  6.36639384e-04, ...,
         -9.41643233e-02, -3.05862245e-01, -3.74757918e-01],
        [-4.41801303e-01,  0.00000000e+00, -4.41230076e-01, ...,
         -5.24314265e-01, -6.95021294e-01, -7.45804191e-01],
        [-6.36639384e-04,  4.41230076e-01,  0.00000000e+00, ...,
         -9.47981148e-02, -3.06468312e-01, -3.75348085e-01],
        ...,
        [ 9.41643233e-02,  5.24314265e-01,  9.47981148e-02, ...,
          0.00000000e+00, -2.14851626e-01, -2.85790863e-01],
        [ 3.05862245e-01,  6.95021294e-01,  3.06468312e-01, ...,
          2.14851626e-01,  0.00000000e+00, -7.32261057e-02],
        [ 3.74757918e-01,  7.45804191e-01,  3.75348085e-01, ...,
          2.85790863e-01,  7.32261057e-02,  0.00000000e+00]],

       [[ 0.00000000e+00, -4.69380851e-01, -7.36772087e-01, ...,
         -8.06107071e-01, -8.21585658e-01, -8.35975889e-01],
        [ 4.69380851e-01,  0.00000000e+00, -3.33198951e-01, ...,
         -9.89554544e-01, -9.93043724e-01, -9.95743548e-01],
        [ 7.36772087e-01,  3.33198951e-01,  0.00000000e+00, ...,
         -9.81041589e-01, -9.75530674e-01, -9.69553321e-01],
        ...,
        [ 8.06107071e-01,  9.89554544e-01,  9.81041589e-01, ...,
          0.00000000e+00,  2.66398863e-02,  5.23409165e-02],
        [ 8.21585658e-01,  9.93043724e-01,  9.75530674e-01, ...,
         -2.66398863e-02,  0.00000000e+00,  2.57189702e-02],
        [ 8.35975889e-01,  9.95743548e-01,  9.69553321e-01, ...,
         -5.23409165e-02, -2.57189702e-02,  0.00000000e+00]],

       ...,

       [[ 0.00000000e+00, -1.60165543e-01, -6.38881825e-02, ...,
         -6.29622145e-03,  3.17226369e-02,  1.96248905e-01],
        [ 1.60165543e-01,  0.00000000e+00,  9.67749379e-02, ...,
          1.53947430e-01,  1.91398036e-01,  3.50766346e-01],
        [ 6.38881825e-02, -9.67749379e-02,  0.00000000e+00, ...,
          5.76035575e-02,  9.55138578e-02,  2.58493801e-01],
        ...,
        [ 6.29622145e-03, -1.53947430e-01, -5.76035575e-02, ...,
          0.00000000e+00,  3.80150608e-02,  2.02418801e-01],
