state_0,state_1,state_2,state_3,state_4,state_5,state_6,state_7,state_8,state_9,state_10,state_11,state_12,state_13,state_14,state_15,state_16,state_17,state_18,state_19,state_20,state_21,state_22,state_23,state_24,state_25,state_26,state_27,state_28,state_29,state_30,state_31,state_32,state_33,state_34,state_35,state_36,state_37,state_38,state_39,state_40,state_41,state_42,state_43,state_44,state_45,state_46,state_47,state_48,state_49,state_50,state_51,state_52,state_53,state_54,state_55,state_56,state_57,state_58,state_59,state_60,state_61,state_62,state_63,state_64,state_65,state_66,state_67,state_68,state_69,state_70,state_71,state_72,state_73,state_74,state_75,state_76,state_77
{'img': array([[[ 0.        ,  0.27791116,  0.73032617, ..., -0.95408321,
         -0.94344225, -0.73032617],
        [-0.27791116,  0.        ,  0.51171555, ..., -0.83325282,
         -0.81413922, -0.51171555],
        [-0.73032617, -0.51171555,  0.        , ..., -0.43296975,
         -0.402334  , -0.        ],
        ...,
        [ 0.95408321,  0.83325282,  0.43296975, ...,  0.        ,
         -0.03371349, -0.43296975],
        [ 0.94344225,  0.81413922,  0.402334  , ...,  0.03371349,
          0.        , -0.402334  ],
        [ 0.73032617,  0.51171555,  0.        , ...,  0.43296975,
          0.402334  ,  0.        ]],

       [[ 0.        ,  0.998609  ,  0.79240436, ..., -0.35118024,
         -0.02347138, -0.25833573],
        [-0.998609  ,  0.        , -0.56736704, ..., -0.95352193,
         -0.99957145, -0.97833253],
        [-0.79240436,  0.56736704,  0.        , ..., -0.95615305,
         -0.80650352, -0.92309016],
        ...,
        [ 0.35118024,  0.95352193,  0.95615305, ...,  0.        ,
          0.32910705,  0.09737772],
        [ 0.02347138,  0.99957145,  0.80650352, ..., -0.32910705,
          0.        , -0.23558991],
        [ 0.25833573,  0.97833253,  0.92309016, ..., -0.09737772,
          0.23558991,  0.        ]],

       [[ 0.        ,  0.14934568,  0.34336376, ..., -0.98546847,
         -0.95623717, -0.89148716],
        [-0.14934568,  0.        ,  0.19924712, ..., -0.94904886,
         -0.90181556, -0.81382872],
        [-0.34336376, -0.19924712,  0.        , ..., -0.86723121,
         -0.79763461, -0.6817274 ],
        ...,
        [ 0.98546847,  0.94904886,  0.86723121, ...,  0.        ,
         -0.1259159 , -0.29503588],
        [ 0.95623717,  0.90181556,  0.79763461, ...,  0.1259159 ,
          0.        , -0.17237677],
        [ 0.89148716,  0.81382872,  0.6817274 , ...,  0.29503588,
          0.17237677,  0.        ]],

       ...,

       [[ 0.        ,  0.06932661,  0.6946761 , ..., -0.72675349,
         -0.70818711, -0.65579892],
        [-0.06932661,  0.        ,  0.64313652, ..., -0.77262526,
         -0.75542953, -0.70655821],
        [-0.6946761 , -0.64313652,  0.        , ..., -0.99994215,
         -0.9998736 , -0.99616676],
        ...,
        [ 0.72675349,  0.77262526,  0.99994215, ...,  0.        ,
          0.02665341,  0.09818487],
        [ 0.70818711,  0.75542953,  0.9998736 , ..., -0.02665341,
          0.        ,  0.07162536],
        [ 0.65579892,  0.70655821,  0.99616676, ..., -0.09818487,
         -0.07162536,  0.        ]],

       [[ 0.        ,  0.13299751,  0.3115392 , ..., -0.98934308,
         -0.98506801, -0.91691704],
        [-0.13299751,  0.        ,  0.18239294, ..., -0.96118927,
         -0.95341943, -0.85569513],
        [-0.3115392 , -0.18239294,  0.        , ..., -0.89474566,
         -0.88240808, -0.7469567 ],
        ...,
        [ 0.98934308,  0.96118927,  0.89474566, ...,  0.        ,
         -0.02690192, -0.26131894],
        [ 0.98506801,  0.95341943,  0.88240808, ...,  0.02690192,
          0.        , -0.23525722],
        [ 0.91691704,  0.85569513,  0.7469567 , ...,  0.26131894,
          0.23525722,  0.        ]],

       [[ 0.        ,  0.01781141, -0.01577342, ..., -0.63891728,
         -0.65754222, -0.67750067],
        [-0.01781141,  0.        , -0.03358011, ..., -0.65251781,
         -0.67085734, -0.69049388],
        [ 0.01577342,  0.03358011,  0.        , ..., -0.62670369,
         -0.64557644, -0.66581468],
        ...,
        [ 0.63891728,  0.65251781,  0.62670369, ...,  0.        ,
         -0.02445949, -0.05124681],
        [ 0.65754222,  0.67085734,  0.64557644, ...,  0.02445949,
          0.        , -0.02680412],
        [ 0.67750067,  0.69049388,  0.66581468, ...,  0.05124681,
          0.02680412,  0.        ]]]), 'num': array([ 2.52207470e+07,  1.15272470e+07,  1.79000000e+02,  7.65000000e+04,
        7.82000000e+04,  7.61000000e+04,  2.17605300e+06, -3.60000000e+03,
        8.02600000e+04,  8.20700000e+04,  9.17816667e+04,  3.36683417e+01,
        8.58737350e+04,  7.82662650e+04])}
{'img': array([[[ 0.        ,  0.48412292, -0.16796995, ..., -0.96376103,
         -0.92816134, -0.48412292],
        [-0.48412292,  0.        , -0.62421826, ..., -0.71414284,
         -0.63196123, -0.        ],
        [ 0.16796995,  0.62421826,  0.        , ..., -0.99487688,
         -0.97748887, -0.62421826],
        ...,
        [ 0.96376103,  0.71414284,  0.99487688, ...,  0.        ,
         -0.11108784, -0.71414284],
        [ 0.92816134,  0.63196123,  0.97748887, ...,  0.11108784,
          0.        , -0.63196123],
        [ 0.48412292,  0.        ,  0.62421826, ...,  0.71414284,
          0.63196123,  0.        ]],

       [[ 0.        , -0.56736704, -0.31314115, ..., -0.99957145,
         -0.97833253, -0.93937103],
        [ 0.56736704,  0.        ,  0.28097144, ..., -0.80650352,
         -0.92309016, -0.57898766],
        [ 0.31314115, -0.28097144,  0.        , ..., -0.94013298,
         -0.99396153, -0.78475001],
        ...,
        [ 0.99957145,  0.80650352,  0.94013298, ...,  0.        ,
         -0.23558991,  0.31525713],
        [ 0.97833253,  0.92309016,  0.99396153, ...,  0.23558991,
          0.        ,  0.52995975],
        [ 0.93937103,  0.57898766,  0.78475001, ..., -0.31525713,
         -0.52995975,  0.        ]],

       [[ 0.        ,  0.19329742,  0.24376827, ..., -0.96631967,
         -0.93611173, -0.62602551],
        [-0.19329742,  0.        ,  0.05170453, ..., -0.89835101,
         -0.85047362, -0.46348496],
        [-0.24376827, -0.05170453,  0.        , ..., -0.87443671,
         -0.82213855, -0.41704938],
        ...,
        [ 0.96631967,  0.89835101,  0.87443671, ...,  0.        ,
         -0.09895388, -0.59243422],
        [ 0.93611173,  0.85047362,  0.82213855, ...,  0.09895388,
          0.        , -0.50980745],
        [ 0.62602551,  0.46348496,  0.41704938, ...,  0.59243422,
          0.50980745,  0.        ]],

       ...,

       [[ 0.        ,  0.64313652, -0.18208244, ..., -0.75542953,
         -0.70655821, -0.94673473],
        [-0.64313652,  0.        , -0.77181529, ..., -0.9998736 ,
         -0.99616676, -0.93206287],
        [ 0.18208244,  0.77181529,  0.        , ..., -0.62349535,
         -0.56589532, -0.87227523],
        ...,
        [ 0.75542953,  0.9998736 ,  0.62349535, ...,  0.        ,
          0.07162536, -0.37706964],
        [ 0.70655821,  0.99616676,  0.56589532, ..., -0.07162536,
          0.        , -0.4424395 ],
        [ 0.94673473,  0.93206287,  0.87227523, ...,  0.37706964,
          0.4424395 ,  0.        ]],

       [[ 0.        ,  0.18239294,  0.27049661, ..., -0.95341943,
         -0.85569513, -0.97438813],
        [-0.18239294,  0.        ,  0.09036572, ..., -0.88240808,
         -0.7469567 , -0.91702826],
        [-0.27049661, -0.09036572,  0.        , ..., -0.83628213,
         -0.68381894, -0.87723651],
        ...,
        [ 0.95341943,  0.88240808,  0.83628213, ...,  0.        ,
         -0.23525722,  0.07952394],
        [ 0.85569513,  0.7469567 ,  0.68381894, ...,  0.23525722,
          0.        ,  0.3118041 ],
        [ 0.97438813,  0.91702826,  0.87723651, ..., -0.07952394,
         -0.3118041 ,  0.        ]],

       [[ 0.        , -0.03358011,  0.01698407, ..., -0.67085734,
         -0.69049388, -0.87652185],
        [ 0.03358011,  0.        ,  0.05054977, ..., -0.64557644,
         -0.66581468, -0.85986332],
        [-0.01698407, -0.05054977,  0.        , ..., -0.68335574,
         -0.70267951, -0.88457091],
        ...,
        [ 0.67085734,  0.64557644,  0.68335574, ...,  0.        ,
         -0.02680412, -0.32709142],
        [ 0.69049388,  0.66581468,  0.70267951, ...,  0.02680412,
          0.        , -0.30164419],
        [ 0.87652185,  0.85986332,  0.88457091, ...,  0.32709142,
          0.30164419,  0.        ]]]), 'num': array([7.30071400e+06, 6.68791400e+06, 8.00000000e+00, 7.66000000e+04,
       7.69000000e+04, 7.42000000e+04, 2.34261700e+06, 1.00000000e+02,
       7.92000000e+04, 8.18100000e+04, 9.12833333e+04, 3.41708543e+01,
       8.63008351e+04, 7.73191649e+04])}
{'img': array([[[ 0.        , -0.62421826, -0.48412292, ..., -0.63196123,
         -0.        , -0.11162857],
        [ 0.62421826,  0.        ,  0.16796995, ..., -0.97748887,
         -0.62421826, -0.70752672],
        [ 0.48412292, -0.16796995,  0.        , ..., -0.92816134,
         -0.48412292, -0.57877215],
        ...,
        [ 0.63196123,  0.97748887,  0.92816134, ...,  0.        ,
         -0.63196123, -0.54149933],
        [ 0.        ,  0.62421826,  0.48412292, ...,  0.63196123,
          0.        ,  0.11162857],
        [ 0.11162857,  0.70752672,  0.57877215, ...,  0.54149933,
         -0.11162857,  0.        ]],

       [[ 0.        ,  0.28097144, -0.64840723, ..., -0.92309016,
         -0.57898766, -0.47857972],
        [-0.28097144,  0.        , -0.83618865, ..., -0.99396153,
         -0.78475001, -0.70600599],
        [ 0.64840723,  0.83618865,  0.        , ..., -0.45337591,
          0.0878903 ,  0.20499043],
        ...,
        [ 0.92309016,  0.99396153,  0.45337591, ...,  0.        ,
          0.52995975,  0.62645996],
        [ 0.57898766,  0.78475001, -0.0878903 , ..., -0.52995975,
          0.        ,  0.11817328],
        [ 0.47857972,  0.70600599, -0.20499043, ..., -0.62645996,
         -0.11817328,  0.        ]],

       [[ 0.        ,  0.05064267,  0.19997186, ..., -0.90655532,
         -0.76322303, -0.45496181],
        [-0.05064267,  0.        ,  0.1500955 , ..., -0.88401644,
         -0.72952169, -0.40928017],
        [-0.19997186, -0.1500955 ,  0.        , ..., -0.80383886,
         -0.61859834, -0.26769519],
        ...,
        [ 0.90655532,  0.88401644,  0.80383886, ...,  0.        ,
         -0.26361069, -0.61526396],
        [ 0.76322303,  0.72952169,  0.61859834, ...,  0.26361069,
          0.        , -0.38569166],
        [ 0.45496181,  0.40928017,  0.26769519, ...,  0.61526396,
          0.38569166,  0.        ]],

       ...,

       [[ 0.        , -0.77181529, -0.71335361, ..., -0.99616676,
         -0.93206287, -0.93758708],
        [ 0.77181529,  0.        ,  0.08730783, ..., -0.56589532,
         -0.87227523, -0.86456097],
        [ 0.71335361, -0.08730783,  0.        , ..., -0.63571769,
         -0.91163921, -0.90513417],
        ...,
        [ 0.99616676,  0.56589532,  0.63571769, ...,  0.        ,
         -0.4424395 , -0.42843251],
        [ 0.93206287,  0.87227523,  0.91163921, ...,  0.4424395 ,
          0.        ,  0.01555917],
        [ 0.93758708,  0.86456097,  0.90513417, ...,  0.42843251,
         -0.01555917,  0.        ]],

       [[ 0.        ,  0.09036572,  0.2070943 , ..., -0.7469567 ,
         -0.91702826, -0.94854448],
        [-0.09036572,  0.        ,  0.11784032, ..., -0.68381894,
         -0.87723651, -0.91604989],
        [-0.2070943 , -0.11784032,  0.        , ..., -0.59307208,
         -0.81455418, -0.86240581],
        ...,
        [ 0.7469567 ,  0.68381894,  0.59307208, ...,  0.        ,
          0.3118041 ,  0.39414201],
        [ 0.91702826,  0.87723651,  0.81455418, ..., -0.3118041 ,
          0.        ,  0.0879292 ],
        [ 0.94854448,  0.91604989,  0.86240581, ..., -0.39414201,
         -0.0879292 ,  0.        ]],

       [[ 0.        ,  0.04812728,  0.08889787, ..., -0.60793733,
         -0.74948595, -0.94832458],
        [-0.04812728,  0.        ,  0.04085812, ..., -0.64544519,
         -0.78047869, -0.96249655],
        [-0.08889787, -0.04085812,  0.        , ..., -0.67611392,
         -0.80537073, -0.97277738],
        ...,
        [ 0.60793733,  0.64544519,  0.67611392, ...,  0.        ,
         -0.1926138 , -0.56005583],
        [ 0.74948595,  0.78047869,  0.80537073, ...,  0.1926138 ,
          0.        , -0.38999675],
        [ 0.94832458,  0.96249655,  0.97277738, ...,  0.56005583,
          0.38999675,  0.        ]]]), 'num': array([ 7.05050500e+06,  2.39770500e+06,  6.40000000e+01,  7.27000000e+04,
        7.65000000e+04,  7.21000000e+04,  2.84479800e+06, -3.90000000e+03,
        7.74400000e+04,  8.13300000e+04,  9.06866667e+04,  3.16279070e+01,
        8.73130093e+04,  7.53469907e+04])}
{'img': array([[[ 0.        ,  0.20064332,  0.20064332, ..., -0.93780278,
         -0.94094383, -0.51644255],
        [-0.20064332,  0.        ,  0.        , ..., -0.84907493,
         -0.85387879, -0.3341251 ],
        [-0.20064332,  0.        ,  0.        , ..., -0.84907493,
         -0.85387879, -0.3341251 ],
        ...,
        [ 0.93780278,  0.84907493,  0.84907493, ...,  0.        ,
          0.00916098, -0.62376844],
        [ 0.94094383,  0.85387879,  0.85387879, ..., -0.00916098,
          0.        , -0.63090257],
        [ 0.51644255,  0.3341251 ,  0.3341251 , ...,  0.62376844,
          0.63090257,  0.        ]],

       [[ 0.        , -0.83618865, -0.72209467, ..., -0.78475001,
         -0.70600599, -0.39720191],
        [ 0.83618865,  0.        ,  0.18244352, ...,  0.0878903 ,
          0.20499043,  0.54955428],
        [ 0.72209467, -0.18244352,  0.        , ..., -0.09532231,
          0.02298079,  0.38790684],
        ...,
        [ 0.78475001, -0.0878903 ,  0.09532231, ...,  0.        ,
          0.11817328,  0.47399894],
        [ 0.70600599, -0.20499043, -0.02298079, ..., -0.11817328,
          0.        ,  0.36662304],
        [ 0.39720191, -0.54955428, -0.38790684, ..., -0.47399894,
         -0.36662304,  0.        ]],

       [[ 0.        ,  0.14539311,  0.39728456, ..., -0.86291074,
         -0.78641885, -0.39728456],
        [-0.14539311,  0.        ,  0.2596364 , ..., -0.78026608,
         -0.68825393, -0.2596364 ],
        [-0.39728456, -0.2596364 ,  0.        , ..., -0.591119  ,
         -0.47629288, -0.        ],
        ...,
        [ 0.86291074,  0.78026608,  0.591119  , ...,  0.        ,
         -0.13559268, -0.591119  ],
        [ 0.78641885,  0.68825393,  0.47629288, ...,  0.13559268,
          0.        , -0.47629288],
        [ 0.39728456,  0.2596364 ,  0.        , ...,  0.591119  ,
          0.47629288,  0.        ]],

       ...,

       [[ 0.        ,  0.10335251,  0.04587855, ..., -0.90723308,
         -0.90032894, -0.93318506],
        [-0.10335251,  0.        , -0.05761082, ..., -0.94584764,
         -0.94048754, -0.96533216],
        [-0.04587855,  0.05761082,  0.        , ..., -0.9255756 ,
         -0.91934772, -0.94869102],
        ...,
        [ 0.90723308,  0.94584764,  0.9255756 , ...,  0.        ,
          0.01613315, -0.06646788],
        [ 0.90032894,  0.94048754,  0.91934772, ..., -0.01613315,
          0.        , -0.0825567 ],
        [ 0.93318506,  0.96533216,  0.94869102, ...,  0.06646788,
          0.0825567 ,  0.        ]],

       [[ 0.        ,  0.11784032,  0.2437273 , ..., -0.87723651,
         -0.91604989, -0.96785386],
        [-0.11784032,  0.        ,  0.12774244, ..., -0.81455418,
         -0.86240581, -0.931472  ],
        [-0.2437273 , -0.12774244,  0.        , ..., -0.73377905,
         -0.79067498, -0.87736644],
        ...,
        [ 0.87723651,  0.81455418,  0.73377905, ...,  0.        ,
          0.0879292 ,  0.24398983],
        [ 0.91604989,  0.86240581,  0.79067498, ..., -0.0879292 ,
          0.        ,  0.15777301],
        [ 0.96785386,  0.931472  ,  0.87736644, ..., -0.24398983,
         -0.15777301,  0.        ]],

       [[ 0.        ,  0.03698777,  0.06652934, ..., -0.652281  ,
         -0.74211267, -0.98466303],
        [-0.03698777,  0.        ,  0.029578  , ..., -0.67987054,
         -0.76639684, -0.99044238],
        [-0.06652934, -0.029578  ,  0.        , ..., -0.70126358,
         -0.78506146, -0.99408865],
        ...,
        [ 0.652281  ,  0.67987054,  0.70126358, ...,  0.        ,
         -0.12529676, -0.63255068],
        [ 0.74211267,  0.76639684,  0.78506146, ...,  0.12529676,
          0.        , -0.53052102],
        [ 0.98466303,  0.99044238,  0.99408865, ...,  0.63255068,
          0.53052102,  0.        ]]]), 'num': array([ 7.02326400e+06,  2.10686400e+06,  6.80000000e+01,  7.23000000e+04,
        7.52000000e+04,  7.19000000e+04,  2.05325700e+06, -4.00000000e+02,
        7.56400000e+04,  8.07850000e+04,  9.01416667e+04,  2.70531401e+01,
        8.78714025e+04,  7.36985975e+04])}
{'img': array([[[ 0.00000000e+00,  0.00000000e+00, -1.99458020e-01, ...,
         -8.68822230e-01, -5.24666563e-01, -3.32277080e-01],
        [ 0.00000000e+00,  0.00000000e+00, -1.99458020e-01, ...,
         -8.68822230e-01, -5.24666563e-01, -3.32277080e-01],
        [ 1.99458020e-01,  1.99458020e-01,  0.00000000e+00, ...,
         -9.50120924e-01, -6.83924280e-01, -5.13725606e-01],
        ...,
        [ 8.68822230e-01,  8.68822230e-01,  9.50120924e-01, ...,
          0.00000000e+00, -4.79860064e-01, -6.54938921e-01],
        [ 5.24666563e-01,  5.24666563e-01,  6.83924280e-01, ...,
          4.79860064e-01,  0.00000000e+00, -2.11985888e-01],
        [ 3.32277080e-01,  3.32277080e-01,  5.13725606e-01, ...,
          6.54938921e-01,  2.11985888e-01,  0.00000000e+00]],

       [[ 0.00000000e+00,  1.82443521e-01,  1.36485501e-02, ...,
          2.04990426e-01,  5.49554280e-01,  7.26993054e-04],
        [-1.82443521e-01,  0.00000000e+00, -1.69007050e-01, ...,
          2.29807890e-02,  3.87906844e-01, -1.81728681e-01],
        [-1.36485501e-02,  1.69007050e-01,  0.00000000e+00, ...,
          1.91612623e-01,  5.38100301e-01, -1.29216212e-02],
        ...,
        [-2.04990426e-01, -2.29807890e-02, -1.91612623e-01, ...,
          0.00000000e+00,  3.66623039e-01, -2.04278817e-01],
        [-5.49554280e-01, -3.87906844e-01, -5.38100301e-01, ...,
         -3.66623039e-01,  0.00000000e+00, -5.48946763e-01],
        [-7.26993054e-04,  1.81728681e-01,  1.29216212e-02, ...,
          2.04278817e-01,  5.48946763e-01,  0.00000000e+00]],

       [[ 0.00000000e+00,  2.52103570e-01,  5.76273280e-02, ...,
         -8.11531318e-01, -6.75686690e-01, -2.52103570e-01],
        [-2.52103570e-01,  0.00000000e+00, -1.95918635e-01, ...,
         -6.38012701e-01, -4.68014228e-01, -0.00000000e+00],
        [-5.76273280e-02,  1.95918635e-01,  0.00000000e+00, ...,
         -7.76510525e-01, -6.32081583e-01, -1.95918635e-01],
        ...,
        [ 8.11531318e-01,  6.38012701e-01,  7.76510525e-01, ...,
          0.00000000e+00, -2.03442128e-01, -6.38012701e-01],
        [ 6.75686690e-01,  4.68014228e-01,  6.32081583e-01, ...,
          2.03442128e-01,  0.00000000e+00, -4.68014228e-01],
        [ 2.52103570e-01,  0.00000000e+00,  1.95918635e-01, ...,
          6.38012701e-01,  4.68014228e-01,  0.00000000e+00]],

       ...,

       [[ 0.00000000e+00, -5.76108233e-02, -2.57180734e-01, ...,
         -9.40487544e-01, -9.65332159e-01, -9.94276164e-01],
        [ 5.76108233e-02,  0.00000000e+00, -2.01080600e-01, ...,
         -9.19347724e-01, -9.48691016e-01, -9.86469614e-01],
        [ 2.57180734e-01,  2.01080600e-01,  0.00000000e+00, ...,
         -8.21455411e-01, -8.65731103e-01, -9.33354677e-01],
        ...,
        [ 9.40487544e-01,  9.19347724e-01,  8.21455411e-01, ...,
          0.00000000e+00, -8.25567038e-02, -2.37400806e-01],
        [ 9.65332159e-01,  9.48691016e-01,  8.65731103e-01, ...,
          8.25567038e-02,  0.00000000e+00, -1.56393852e-01],
        [ 9.94276164e-01,  9.86469614e-01,  9.33354677e-01, ...,
          2.37400806e-01,  1.56393852e-01,  0.00000000e+00]],

       [[ 0.00000000e+00,  1.27742437e-01,  2.03125564e-01, ...,
         -8.62405815e-01, -9.31471999e-01, -9.55248689e-01],
        [-1.27742437e-01,  0.00000000e+00,  7.63820797e-02, ...,
         -7.90674983e-01, -8.77366436e-01, -9.09635985e-01],
        [-2.03125564e-01, -7.63820797e-02,  0.00000000e+00, ...,
         -7.41601254e-01, -8.38153596e-01, -8.75248999e-01],
        ...,
        [ 8.62405815e-01,  7.90674983e-01,  7.41601254e-01, ...,
          0.00000000e+00,  1.57773010e-01,  2.28460658e-01],
        [ 9.31471999e-01,  8.77366436e-01,  8.38153596e-01, ...,
         -1.57773010e-01,  0.00000000e+00,  7.19988708e-02],
        [ 9.55248689e-01,  9.09635985e-01,  8.75248999e-01, ...,
         -2.28460658e-01, -7.19988708e-02,  0.00000000e+00]],

       [[ 0.00000000e+00,  2.76394985e-02,  8.89650218e-02, ...,
         -6.88104346e-01, -8.45026970e-01, -9.97559444e-01],
        [-2.76394985e-02,  0.00000000e+00,  6.14011322e-02, ...,
         -7.07897004e-01, -8.59483627e-01, -9.99108186e-01],
        [-8.89650218e-02, -6.14011322e-02,  0.00000000e+00, ...,
         -7.49929905e-01, -8.89247932e-01, -9.99815616e-01],
        ...,
        [ 6.88104346e-01,  7.07897004e-01,  7.49929905e-01, ...,
          0.00000000e+00, -2.45215805e-01, -6.75795815e-01],
        [ 8.45026970e-01,  8.59483627e-01,  8.89247932e-01, ...,
          2.45215805e-01,  0.00000000e+00, -4.74416925e-01],
        [ 9.97559444e-01,  9.99108186e-01,  9.99815616e-01, ...,
          6.75795815e-01,  4.74416925e-01,  0.00000000e+00]]]), 'num': array([ 7.01624000e+06,  2.97304000e+06,  5.60000000e+01,  7.22000000e+04,
        7.30000000e+04,  7.02000000e+04,  3.04437700e+06, -1.00000000e+02,
        7.40600000e+04,  8.02650000e+04,  8.95700000e+04,  2.73170732e+01,
        8.82159182e+04,  7.23140818e+04])}
{'img': array([[[ 0.        , -0.19916496, -0.19916496, ..., -0.54536572,
         -0.43021564, -0.33181984],
        [ 0.19916496,  0.        ,  0.        , ..., -0.70137957,
         -0.60138811, -0.51305298],
        [ 0.19916496,  0.        ,  0.        , ..., -0.70137957,
         -0.60138811, -0.51305298],
        ...,
        [ 0.54536572,  0.70137957,  0.70137957, ...,  0.        ,
         -0.13170992, -0.23633602],
        [ 0.43021564,  0.60138811,  0.60138811, ...,  0.13170992,
          0.        , -0.10629837],
        [ 0.33181984,  0.51305298,  0.51305298, ...,  0.23633602,
          0.10629837,  0.        ]],

       [[ 0.        , -0.16900705, -0.25796178, ...,  0.38790684,
         -0.18172868,  0.53722128],
        [ 0.16900705,  0.        , -0.09096393, ...,  0.5381003 ,
         -0.01292162,  0.6720408 ],
        [ 0.25796178,  0.09096393,  0.        , ...,  0.61254119,
          0.07808828,  0.73661472],
        ...,
        [-0.38790684, -0.5381003 , -0.61254119, ...,  0.        ,
         -0.54894676,  0.16797943],
        [ 0.18172868,  0.01292162, -0.07808828, ...,  0.54894676,
          0.        ,  0.68155334],
        [-0.53722128, -0.6720408 , -0.73661472, ..., -0.16797943,
         -0.68155334,  0.        ]],

       [[ 0.        , -0.19114837, -0.34517815, ..., -0.61018926,
         -0.42987429, -0.        ],
        [ 0.19114837,  0.        , -0.15941361, ..., -0.75037645,
         -0.59453361, -0.19114837],
        [ 0.34517815,  0.15941361,  0.        , ..., -0.84615466,
         -0.71511047, -0.34517815],
        ...,
        [ 0.61018926,  0.75037645,  0.84615466, ...,  0.        ,
         -0.21036267, -0.61018926],
        [ 0.42987429,  0.59453361,  0.71511047, ...,  0.21036267,
          0.        , -0.42987429],
        [ 0.        ,  0.19114837,  0.34517815, ...,  0.61018926,
          0.42987429,  0.        ]],

       ...,

       [[ 0.        , -0.2010806 , -0.02041707, ..., -0.94869102,
         -0.98646961, -0.98487794],
        [ 0.2010806 ,  0.        ,  0.18103864, ..., -0.8657311 ,
         -0.93335468, -0.92992438],
        [ 0.02041707, -0.18103864,  0.        , ..., -0.94203729,
         -0.98291672, -0.9811354 ],
        ...,
        [ 0.94869102,  0.8657311 ,  0.94203729, ...,  0.        ,
         -0.15639385, -0.14706258],
        [ 0.98646961,  0.93335468,  0.98291672, ...,  0.15639385,
          0.        ,  0.00944047],
        [ 0.98487794,  0.92992438,  0.9811354 , ...,  0.14706258,
         -0.00944047,  0.        ]],

       [[ 0.        ,  0.07638208,  0.15031567, ..., -0.87736644,
         -0.90963599, -0.92594272],
        [-0.07638208,  0.        ,  0.07436231, ..., -0.8381536 ,
         -0.875249  , -0.89439093],
        [-0.15031567, -0.07436231,  0.        , ..., -0.79527324,
         -0.83685868, -0.8586534 ],
        ...,
        [ 0.87736644,  0.8381536 ,  0.79527324, ...,  0.        ,
          0.07199887,  0.11293702],
        [ 0.90963599,  0.875249  ,  0.83685868, ..., -0.07199887,
          0.        ,  0.04110568],
        [ 0.92594272,  0.89439093,  0.8586534 , ..., -0.11293702,
         -0.04110568,  0.        ]],

       [[ 0.        ,  0.05850085,  0.11720789, ..., -0.79497393,
         -0.90751812, -0.99997066],
        [-0.05850085,  0.        ,  0.05890953, ..., -0.82910159,
         -0.93053498, -0.99780993],
        [-0.11720789, -0.05890953,  0.        , ..., -0.86059791,
         -0.95049179, -0.99218041],
        ...,
        [ 0.79497393,  0.82910159,  0.86059791, ...,  0.        ,
         -0.21664072, -0.61271555],
        [ 0.90751812,  0.93053498,  0.95049179, ...,  0.21664072,
          0.        , -0.4269525 ],
        [ 0.99997066,  0.99780993,  0.99218041, ...,  0.61271555,
          0.4269525 ,  0.        ]]]), 'num': array([ 6.85758900e+06,  2.61198900e+06,  6.10000000e+01,  6.96000000e+04,
        7.29000000e+04,  6.87000000e+04,  2.43647100e+06, -2.60000000e+03,
        7.26800000e+04,  7.97250000e+04,  8.89550000e+04,  2.35807860e+01,
        8.89334472e+04,  7.05165528e+04])}
{'img': array([[[ 0.        ,  0.        ,  0.        , ..., -0.87228432,
         -0.86717803, -0.49643503],
        [ 0.        ,  0.        ,  0.        , ..., -0.87228432,
         -0.86717803, -0.49643503],
        [ 0.        ,  0.        ,  0.        , ..., -0.87228432,
         -0.86717803, -0.49643503],
        ...,
        [ 0.87228432,  0.87228432,  0.87228432, ...,  0.        ,
         -0.01034685, -0.51445098],
        [ 0.86717803,  0.86717803,  0.86717803, ...,  0.01034685,
          0.        , -0.50555081],
        [ 0.49643503,  0.49643503,  0.49643503, ...,  0.51445098,
          0.50555081,  0.        ]],

       [[ 0.        , -0.09096393, -0.38858363, ..., -0.01292162,
          0.6720408 ,  0.25722647],
        [ 0.09096393,  0.        , -0.30315725, ...,  0.07808828,
          0.73661472,  0.34406315],
        [ 0.38858363,  0.30315725,  0.        , ...,  0.37664504,
          0.90697911,  0.61252017],
        ...,
        [ 0.01292162, -0.07808828, -0.37664504, ...,  0.        ,
          0.68155334,  0.26969182],
        [-0.6720408 , -0.73661472, -0.90697911, ..., -0.68155334,
          0.        , -0.45894757],
        [-0.25722647, -0.34406315, -0.61252017, ..., -0.26969182,
          0.45894757,  0.        ]],

       [[ 0.        , -0.19898279, -0.19898279, ..., -0.65225758,
         -0.49373559, -0.10875301],
        [ 0.19898279,  0.        ,  0.        , ..., -0.79004281,
         -0.65690019, -0.30438086],
        [ 0.19898279,  0.        ,  0.        , ..., -0.79004281,
         -0.65690019, -0.30438086],
        ...,
        [ 0.65225758,  0.79004281,  0.79004281, ...,  0.        ,
         -0.19296077, -0.56595441],
        [ 0.49373559,  0.65690019,  0.65690019, ...,  0.19296077,
          0.        , -0.39623422],
        [ 0.10875301,  0.30438086,  0.30438086, ...,  0.56595441,
          0.39623422,  0.        ]],

       ...,

       [[ 0.        ,  0.18103864,  0.80020696, ..., -0.93335468,
         -0.92992438, -0.9720713 ],
        [-0.18103864,  0.        ,  0.67841113, ..., -0.98291672,
         -0.9811354 , -0.99849596],
        [-0.80020696, -0.67841113,  0.        , ..., -0.84699384,
         -0.85197467, -0.77077159],
        ...,
        [ 0.93335468,  0.98291672,  0.84699384, ...,  0.        ,
          0.00944047, -0.12988531],
        [ 0.92992438,  0.9811354 ,  0.85197467, ..., -0.00944047,
          0.        , -0.13924003],
        [ 0.9720713 ,  0.99849596,  0.77077159, ...,  0.12988531,
          0.13924003,  0.        ]],

       [[ 0.        ,  0.07436231,  0.05979914, ..., -0.875249  ,
         -0.89439093, -0.92711247],
        [-0.07436231,  0.        , -0.01459566, ..., -0.83685868,
         -0.8586534 , -0.89667582],
        [-0.05979914,  0.01459566,  0.        , ..., -0.84475947,
         -0.86604304, -0.90304163],
        ...,
        [ 0.875249  ,  0.83685868,  0.84475947, ...,  0.        ,
          0.04110568,  0.12039027],
        [ 0.89439093,  0.8586534 ,  0.86604304, ..., -0.04110568,
          0.        ,  0.07948181],
        [ 0.92711247,  0.89667582,  0.90304163, ..., -0.12039027,
         -0.07948181,  0.        ]],

       [[ 0.        ,  0.0558305 ,  0.16024629, ..., -0.86066362,
         -0.93321915, -0.99267908],
        [-0.0558305 ,  0.        ,  0.10488734, ..., -0.88774865,
         -0.9518239 , -0.98438746],
        [-0.16024629, -0.10488734,  0.        , ..., -0.93113456,
         -0.97873694, -0.96049592],
        ...,
        [ 0.86066362,  0.88774865,  0.93113456, ...,  0.        ,
         -0.16592783, -0.60939883],
        [ 0.93321915,  0.9518239 ,  0.97873694, ...,  0.16592783,
          0.        , -0.4693931 ],
        [ 0.99267908,  0.98438746,  0.96049592, ...,  0.60939883,
          0.4693931 ,  0.        ]]]), 'num': array([6.87293300e+06, 5.32193300e+06, 2.20000000e+01, 7.05000000e+04,
       7.07000000e+04, 6.92000000e+04, 1.52541500e+06, 9.00000000e+02,
       7.14600000e+04, 7.91000000e+04, 8.83800000e+04, 1.89814815e+01,
       8.90049483e+04, 6.91950517e+04])}
{'img': array([[[ 0.        ,  0.        ,  0.0558818 , ..., -0.86717803,
         -0.49643503, -0.73720172],
        [ 0.        ,  0.        ,  0.0558818 , ..., -0.86717803,
         -0.49643503, -0.73720172],
        [-0.0558818 , -0.0558818 ,  0.        , ..., -0.83799393,
         -0.44714977, -0.69829196],
        ...,
        [ 0.86717803,  0.86717803,  0.83799393, ...,  0.        ,
         -0.50555081, -0.21880336],
        [ 0.49643503,  0.49643503,  0.44714977, ...,  0.50555081,
          0.        ,  0.30451795],
        [ 0.73720172,  0.73720172,  0.69829196, ...,  0.21880336,
         -0.30451795,  0.        ]],

       [[ 0.        , -0.30315725, -0.47039017, ...,  0.73661472,
          0.34406315, -0.30997455],
        [ 0.30315725,  0.        , -0.18073016, ...,  0.90697911,
          0.61252017, -0.00716212],
        [ 0.47039017,  0.18073016,  0.        , ...,  0.96816276,
          0.74529268,  0.17368134],
        ...,
        [-0.73661472, -0.90697911, -0.96816276, ...,  0.        ,
         -0.45894757, -0.90997235],
        [-0.34406315, -0.61252017, -0.74529268, ...,  0.45894757,
          0.        , -0.61816579],
        [ 0.30997455,  0.00716212, -0.17368134, ...,  0.90997235,
          0.61816579,  0.        ]],

       [[ 0.        ,  0.        , -0.03618105, ..., -0.75547412,
         -0.62858275, -0.29914645],
        [ 0.        ,  0.        , -0.03618105, ..., -0.75547412,
         -0.62858275, -0.29914645],
        [ 0.03618105,  0.03618105,  0.        , ..., -0.77868452,
         -0.65631074, -0.33347479],
        ...,
        [ 0.75547412,  0.75547412,  0.77868452, ...,  0.        ,
         -0.17573059, -0.52488453],
        [ 0.62858275,  0.62858275,  0.65631074, ...,  0.17573059,
          0.        , -0.36713923],
        [ 0.29914645,  0.29914645,  0.33347479, ...,  0.52488453,
          0.36713923,  0.        ]],

       ...,

       [[ 0.        ,  0.67841113,  0.67841113, ..., -0.9811354 ,
         -0.99849596, -0.9896397 ],
        [-0.67841113,  0.        ,  0.        , ..., -0.85197467,
         -0.77077159, -0.62966931],
        [-0.67841113,  0.        ,  0.        , ..., -0.85197467,
         -0.77077159, -0.62966931],
        ...,
        [ 0.9811354 ,  0.85197467,  0.85197467, ...,  0.        ,
         -0.13924003, -0.3321837 ],
        [ 0.99849596,  0.77077159,  0.77077159, ...,  0.13924003,
          0.        , -0.19761454],
        [ 0.9896397 ,  0.62966931,  0.62966931, ...,  0.3321837 ,
          0.19761454,  0.        ]],

       [[ 0.        , -0.01459566,  0.04915685, ..., -0.8586534 ,
         -0.89667582, -0.89999512],
        [ 0.01459566,  0.        ,  0.06372963, ..., -0.86604304,
         -0.90304163, -0.9062615 ],
        [-0.04915685, -0.06372963,  0.        , ..., -0.83241968,
         -0.87383067, -0.87747962],
        ...,
        [ 0.8586534 ,  0.86604304,  0.83241968, ...,  0.        ,
          0.07948181,  0.08701151],
        [ 0.89667582,  0.90304163,  0.87383067, ..., -0.07948181,
          0.        ,  0.00755587],
        [ 0.89999512,  0.9062615 ,  0.87747962, ..., -0.08701151,
         -0.00755587,  0.        ]],

       [[ 0.        ,  0.10140465,  0.15518678, ..., -0.91186955,
         -0.98057627, -0.97770253],
        [-0.10140465,  0.        ,  0.05421068, ..., -0.94879369,
         -0.99541098, -0.9513683 ],
        [-0.15518678, -0.05421068,  0.        , ..., -0.96452347,
         -0.99913478, -0.93326941],
        ...,
        [ 0.91186955,  0.94879369,  0.96452347, ...,  0.        ,
         -0.22365464, -0.59281519],
        [ 0.98057627,  0.99541098,  0.99913478, ...,  0.22365464,
          0.        , -0.39768057],
        [ 0.97770253,  0.9513683 ,  0.93326941, ...,  0.59281519,
          0.39768057,  0.        ]]]), 'num': array([ 6.85531300e+06,  6.30731300e+06,  8.00000000e+00,  6.85000000e+04,
        7.10000000e+04,  6.85000000e+04,  1.90800000e+06, -2.00000000e+03,
        7.06200000e+04,  7.83800000e+04,  8.77716667e+04,  1.33333333e+01,
        8.91325997e+04,  6.76274003e+04])}
{'img': array([[[ 0.        ,  0.05504007,  0.18915441, ..., -0.75090336,
         -0.82421577, -0.48987111],
        [-0.05504007,  0.        ,  0.13482123, ..., -0.71341597,
         -0.79179851, -0.44114489],
        [-0.18915441, -0.13482123,  0.        , ..., -0.61242771,
         -0.70222291, -0.3161238 ],
        ...,
        [ 0.75090336,  0.71341597,  0.61242771, ...,  0.        ,
          0.1191036 , -0.33111689],
        [ 0.82421577,  0.79179851,  0.70222291, ..., -0.1191036 ,
          0.        , -0.44114489],
        [ 0.48987111,  0.44114489,  0.3161238 , ...,  0.33111689,
          0.44114489,  0.        ]],

       [[ 0.        , -0.18073016, -0.37219681, ...,  0.61252017,
         -0.00716212,  0.27823336],
        [ 0.18073016,  0.        , -0.19832235, ...,  0.74529268,
          0.17368134,  0.44724537],
        [ 0.37219681,  0.19832235,  0.        , ...,  0.86271776,
          0.36553972,  0.61574342],
        ...,
        [-0.61252017, -0.74529268, -0.86271776, ...,  0.        ,
         -0.61816579, -0.36840296],
        [ 0.00716212, -0.17368134, -0.36553972, ...,  0.61816579,
          0.        ,  0.28510554],
        [-0.27823336, -0.44724537, -0.61574342, ...,  0.36840296,
         -0.28510554,  0.        ]],

       [[ 0.        , -0.03574293, -0.03574293, ..., -0.70668634,
         -0.57109413, -0.29569539],
        [ 0.03574293,  0.        ,  0.        , ..., -0.73152387,
         -0.60007004, -0.32965104],
        [ 0.03574293,  0.        ,  0.        , ..., -0.73152387,
         -0.60007004, -0.32965104],
        ...,
        [ 0.70668634,  0.73152387,  0.73152387, ...,  0.        ,
         -0.17604342, -0.46587248],
        [ 0.57109413,  0.60007004,  0.60007004, ...,  0.17604342,
          0.        , -0.30282432],
        [ 0.29569539,  0.32965104,  0.32965104, ...,  0.46587248,
          0.30282432,  0.        ]],

       ...,

       [[ 0.        ,  0.        , -0.68350365, ..., -0.77077159,
         -0.62966931, -0.31682347],
        [ 0.        ,  0.        , -0.68350365, ..., -0.77077159,
         -0.62966931, -0.31682347],
        [ 0.68350365,  0.68350365,  0.        , ..., -0.99809057,
         -0.99061417, -0.87955701],
        ...,
        [ 0.77077159,  0.77077159,  0.99809057, ...,  0.        ,
         -0.19761454, -0.52921302],
        [ 0.62966931,  0.62966931,  0.99061417, ...,  0.19761454,
          0.        , -0.35110308],
        [ 0.31682347,  0.31682347,  0.87955701, ...,  0.52921302,
          0.35110308,  0.        ]],

       [[ 0.        ,  0.06372963,  0.13371778, ..., -0.90304163,
         -0.9062615 , -0.91182131],
        [-0.06372963,  0.        ,  0.07028866, ..., -0.87383067,
         -0.87747962, -0.88380119],
        [-0.13371778, -0.07028866,  0.        , ..., -0.83749294,
         -0.84159792, -0.84872984],
        ...,
        [ 0.90304163,  0.87383067,  0.83749294, ...,  0.        ,
          0.00755587,  0.02089824],
        [ 0.9062615 ,  0.87747962,  0.84159792, ..., -0.00755587,
          0.        ,  0.01334342],
        [ 0.91182131,  0.88380119,  0.84872984, ..., -0.02089824,
         -0.01334342,  0.        ]],

       [[ 0.        ,  0.05232693,  0.11635908, ..., -0.96944663,
         -0.99612335, -0.94030732],
        [-0.05232693,  0.        ,  0.06422819, ..., -0.98095441,
         -0.99936174, -0.92121086],
        [-0.11635908, -0.06422819,  0.        , ..., -0.99140454,
         -0.9995927 , -0.89431993],
        ...,
        [ 0.96944663,  0.98095441,  0.99140454, ...,  0.        ,
         -0.15907167, -0.56058798],
        [ 0.99612335,  0.99936174,  0.9995927 , ...,  0.15907167,
          0.        , -0.4217236 ],
        [ 0.94030732,  0.92121086,  0.89431993, ...,  0.56058798,
          0.4217236 ,  0.        ]]]), 'num': array([ 6.81591900e+06,  4.93711900e+06,  2.80000000e+01,  6.71000000e+04,
        6.93000000e+04,  6.67000000e+04,  2.00522400e+06, -1.40000000e+03,
        6.95800000e+04,  7.77050000e+04,  8.71400000e+04,  1.32743363e+01,
        8.94633120e+04,  6.59466880e+04])}
{'img': array([[[ 0.        ,  0.13238905,  0.13238905, ..., -0.86109233,
         -0.73335468, -0.43383965],
        [-0.13238905,  0.        ,  0.        , ..., -0.78619982,
         -0.63689538, -0.3107397 ],
        [-0.13238905,  0.        ,  0.        , ..., -0.78619982,
         -0.63689538, -0.3107397 ],
        ...,
        [ 0.86109233,  0.78619982,  0.78619982, ...,  0.        ,
         -0.2125372 , -0.55525049],
        [ 0.73335468,  0.63689538,  0.63689538, ...,  0.2125372 ,
          0.        , -0.36580105],
        [ 0.43383965,  0.3107397 ,  0.3107397 , ...,  0.55525049,
          0.36580105,  0.        ]],

       [[ 0.        , -0.19832235, -0.25266334, ...,  0.17368134,
          0.44724537,  0.50864113],
        [ 0.19832235,  0.        , -0.05575702, ...,  0.36553972,
          0.61574342,  0.66928922],
        [ 0.25266334,  0.05575702,  0.        , ...,  0.41686947,
          0.65871911,  0.70967563],
        ...,
        [-0.17368134, -0.36553972, -0.41686947, ...,  0.        ,
          0.28510554,  0.35137483],
        [-0.44724537, -0.61574342, -0.65871911, ..., -0.28510554,
          0.        ,  0.06986567],
        [-0.50864113, -0.66928922, -0.70967563, ..., -0.35137483,
         -0.06986567,  0.        ]],

       [[ 0.        ,  0.        ,  0.05443918, ..., -0.70822007,
         -0.62007793, -0.32509404],
        [ 0.        ,  0.        ,  0.05443918, ..., -0.70822007,
         -0.62007793, -0.32509404],
        [-0.05443918, -0.05443918,  0.        , ..., -0.66873622,
         -0.57644868, -0.27312981],
        ...,
        [ 0.70822007,  0.70822007,  0.66873622, ...,  0.        ,
         -0.11785722, -0.44023705],
        [ 0.62007793,  0.62007793,  0.57644868, ...,  0.11785722,
          0.        , -0.331347  ],
        [ 0.32509404,  0.32509404,  0.27312981, ...,  0.44023705,
          0.331347  ,  0.        ]],

       ...,

