state_0,state_1,state_2,state_3,state_4,state_5,state_6,state_7,state_8,state_9,state_10,state_11,state_12,state_13,state_14,state_15,state_16,state_17,state_18,state_19,state_20,state_21,state_22,state_23,state_24,state_25,state_26,state_27,state_28,state_29,state_30,state_31,state_32,state_33,state_34,state_35,state_36,state_37,state_38,state_39,state_40,state_41,state_42,state_43,state_44,state_45,state_46,state_47,state_48,state_49,state_50,state_51,state_52,state_53,state_54,state_55,state_56,state_57,state_58,state_59,state_60,state_61,state_62,state_63,state_64,state_65,state_66,state_67,state_68,state_69,state_70,state_71,state_72,state_73,state_74,state_75,state_76,state_77
{'img': array([[[ 0.        ,  0.52767168,  0.52767168, ...,  0.60585932,
          0.60585932,  0.60585932],
        [-0.52767168,  0.        ,  0.        , ...,  0.09484552,
          0.09484552,  0.09484552],
        [-0.52767168,  0.        ,  0.        , ...,  0.09484552,
          0.09484552,  0.09484552],
        ...,
        [-0.60585932, -0.09484552, -0.09484552, ...,  0.        ,
          0.        ,  0.        ],
        [-0.60585932, -0.09484552, -0.09484552, ...,  0.        ,
          0.        ,  0.        ],
        [-0.60585932, -0.09484552, -0.09484552, ...,  0.        ,
          0.        ,  0.        ]],

       [[ 0.        ,  0.85855244,  0.1308146 , ...,  0.20688241,
          0.00944693,  0.02656042],
        [-0.85855244,  0.        , -0.78410276, ..., -0.73390442,
         -0.85367044, -0.84463134],
        [-0.1308146 ,  0.78410276,  0.        , ...,  0.07712011,
         -0.121443  , -0.10443627],
        ...,
        [-0.20688241,  0.73390442, -0.07712011, ...,  0.        ,
         -0.19763062, -0.18082362],
        [-0.00944693,  0.85367044,  0.121443  , ...,  0.19763062,
          0.        ,  0.01711563],
        [-0.02656042,  0.84463134,  0.10443627, ...,  0.18082362,
         -0.01711563,  0.        ]],

       [[ 0.        ,  0.62028257,  0.76907054, ...,  0.99992678,
          0.99866239,  0.99694492],
        [-0.62028257,  0.        ,  0.20678011, ...,  0.77681483,
          0.75125743,  0.73353318],
        [-0.76907054, -0.20678011,  0.        , ...,  0.62981043,
          0.59854404,  0.5771408 ],
        ...,
        [-0.99992678, -0.77681483, -0.62981043, ...,  0.        ,
         -0.03961636, -0.06603785],
        [-0.99866239, -0.75125743, -0.59854404, ...,  0.03961636,
          0.        , -0.02645613],
        [-0.99694492, -0.73353318, -0.5771408 , ...,  0.06603785,
          0.02645613,  0.        ]],

       ...,

       [[ 0.        ,  0.36940815,  0.3824583 , ...,  0.61761386,
          0.65133721,  0.61401152],
        [-0.36940815,  0.        ,  0.01408291, ...,  0.28339566,
          0.32496371,  0.27900803],
        [-0.3824583 , -0.01408291,  0.        , ...,  0.26986201,
          0.31161291,  0.2654567 ],
        ...,
        [-0.61761386, -0.28339566, -0.26986201, ...,  0.        ,
          0.04362642, -0.00457212],
        [-0.65133721, -0.32496371, -0.31161291, ..., -0.04362642,
          0.        , -0.04819373],
        [-0.61401152, -0.27900803, -0.2654567 , ...,  0.00457212,
          0.04819373,  0.        ]],

       [[ 0.        , -0.0503925 , -0.12930372, ..., -0.90560101,
         -0.90108683, -0.89481931],
        [ 0.0503925 ,  0.        , -0.07916998, ..., -0.88307743,
         -0.87808985, -0.87118578],
        [ 0.12930372,  0.07916998,  0.        , ..., -0.84315685,
         -0.83745114, -0.82958247],
        ...,
        [ 0.90560101,  0.88307743,  0.84315685, ...,  0.        ,
          0.0105251 ,  0.02476581],
        [ 0.90108683,  0.87808985,  0.83745114, ..., -0.0105251 ,
          0.        ,  0.01424256],
        [ 0.89481931,  0.87118578,  0.82958247, ..., -0.02476581,
         -0.01424256,  0.        ]],

       [[ 0.        ,  0.02412089,  0.07590063, ...,  0.61111751,
          0.51687297,  0.34078194],
        [-0.02412089,  0.        ,  0.05182724, ...,  0.63003235,
          0.53737156,  0.36335986],
        [-0.07590063, -0.05182724,  0.        , ...,  0.66943304,
          0.58035764,  0.41115631],
        ...,
        [-0.61111751, -0.63003235, -0.66943304, ...,  0.        ,
          0.11402897,  0.30479496],
        [-0.51687297, -0.53737156, -0.58035764, ..., -0.11402897,
          0.        ,  0.19420367],
        [-0.34078194, -0.36335986, -0.41115631, ..., -0.30479496,
         -0.19420367,  0.        ]]]), 'num': array([2.96492910e+07, 2.80914710e+07, 3.88000000e+02, 4.01500000e+03,
       4.06000000e+03, 3.88000000e+03, 2.16960000e+05, 1.15000000e+02,
       3.92600000e+03, 3.88375000e+03, 3.85958333e+03, 6.60000000e+01,
       4.01648564e+03, 3.75101436e+03])}
{'img': array([[[ 0.        ,  0.        ,  0.03985362, ...,  0.09484552,
          0.09484552,  0.26928683],
        [ 0.        ,  0.        ,  0.03985362, ...,  0.09484552,
          0.09484552,  0.26928683],
        [-0.03985362, -0.03985362,  0.        , ...,  0.05509621,
          0.05509621,  0.23069146],
        ...,
        [-0.09484552, -0.09484552, -0.05509621, ...,  0.        ,
          0.        ,  0.17673095],
        [-0.09484552, -0.09484552, -0.05509621, ...,  0.        ,
          0.        ,  0.17673095],
        [-0.26928683, -0.26928683, -0.23069146, ..., -0.17673095,
         -0.17673095,  0.        ]],

       [[ 0.        , -0.78410276, -0.82106629, ..., -0.85367044,
         -0.84463134, -0.7085106 ],
        [ 0.78410276,  0.        , -0.0619876 , ..., -0.121443  ,
         -0.10443627,  0.11361779],
        [ 0.82106629,  0.0619876 ,  0.        , ..., -0.05968067,
         -0.0425868 ,  0.1749855 ],
        ...,
        [ 0.85367044,  0.121443  ,  0.05968067, ...,  0.        ,
          0.01711563,  0.23343344],
        [ 0.84463134,  0.10443627,  0.0425868 , ..., -0.01711563,
          0.        ,  0.21675648],
        [ 0.7085106 , -0.11361779, -0.1749855 , ..., -0.23343344,
         -0.21675648,  0.        ]],

       [[ 0.        ,  0.21264147,  0.3818169 , ...,  0.7607331 ,
          0.74314746,  0.76360872],
        [-0.21264147,  0.        ,  0.17655353, ...,  0.60531726,
          0.5838676 ,  0.60884702],
        [-0.3818169 , -0.17655353,  0.        , ...,  0.45527451,
          0.43136086,  0.45922493],
        ...,
        [-0.7607331 , -0.60531726, -0.45527451, ...,  0.        ,
         -0.02667669,  0.00444197],
        [-0.74314746, -0.5838676 , -0.43136086, ...,  0.02667669,
          0.        ,  0.03111682],
        [-0.76360872, -0.60884702, -0.45922493, ..., -0.00444197,
         -0.03111682,  0.        ]],

       ...,

       [[ 0.        ,  0.01408291, -0.01283624, ...,  0.32496371,
          0.27900803,  0.53725078],
        [-0.01408291,  0.        , -0.02691671, ...,  0.31161291,
          0.2654567 ,  0.52531966],
        [ 0.01283624,  0.02691671,  0.        , ...,  0.33707651,
          0.29131153,  0.54803289],
        ...,
        [-0.32496371, -0.31161291, -0.33707651, ...,  0.        ,
         -0.04819373,  0.23401057],
        [-0.27900803, -0.2654567 , -0.29131153, ...,  0.04819373,
          0.        ,  0.28059423],
        [-0.53725078, -0.52531966, -0.54803289, ..., -0.23401057,
         -0.28059423,  0.        ]],

       [[ 0.        , -0.07916998, -0.16721676, ..., -0.87808985,
         -0.87118578, -0.80460029],
        [ 0.07916998,  0.        , -0.08863661, ..., -0.83745114,
         -0.82958247, -0.75506229],
        [ 0.16721676,  0.08863661,  0.        , ..., -0.78571397,
         -0.77682397, -0.69397553],
        ...,
        [ 0.87808985,  0.83745114,  0.78571397, ...,  0.        ,
          0.01424256,  0.13642665],
        [ 0.87118578,  0.82958247,  0.77682397, ..., -0.01424256,
          0.        ,  0.12230342],
        [ 0.80460029,  0.75506229,  0.69397553, ..., -0.13642665,
         -0.12230342,  0.        ]],

       [[ 0.        ,  0.05182724,  0.1170312 , ...,  0.53737156,
          0.36335986,  0.46692428],
        [-0.05182724,  0.        ,  0.06540282, ...,  0.58035764,
          0.41115631,  0.51212746],
        [-0.1170312 , -0.06540282,  0.        , ...,  0.63237662,
          0.46989492,  0.56720607],
        ...,
        [-0.53737156, -0.58035764, -0.63237662, ...,  0.        ,
          0.19420367,  0.08141767],
        [-0.36335986, -0.41115631, -0.46989492, ..., -0.19420367,
          0.        , -0.11369134],
        [-0.46692428, -0.51212746, -0.56720607, ..., -0.08141767,
          0.11369134,  0.        ]]]), 'num': array([5.86966880e+07, 3.53695380e+07, 5.81000000e+03, 4.01500000e+03,
       4.07500000e+03, 3.99000000e+03, 1.25650000e+05, 0.00000000e+00,
       3.94600000e+03, 3.89350000e+03, 3.86250000e+03, 6.87500000e+01,
       4.03446453e+03, 3.75253547e+03])}
{'img': array([[[ 0.        ,  0.03985362,  0.27666059, ...,  0.09484552,
          0.26928683,  0.26928683],
        [-0.03985362,  0.        ,  0.23814274, ...,  0.05509621,
          0.23069146,  0.23069146],
        [-0.27666059, -0.23814274,  0.        , ..., -0.18426991,
         -0.0076648 , -0.0076648 ],
        ...,
        [-0.09484552, -0.05509621,  0.18426991, ...,  0.        ,
          0.17673095,  0.17673095],
        [-0.26928683, -0.23069146,  0.0076648 , ..., -0.17673095,
          0.        ,  0.        ],
        [-0.26928683, -0.23069146,  0.0076648 , ..., -0.17673095,
          0.        ,  0.        ]],

       [[ 0.        , -0.0619876 ,  0.61111858, ..., -0.10443627,
          0.11361779, -0.02128588],
        [ 0.0619876 ,  0.        ,  0.65900896, ..., -0.0425868 ,
          0.1749855 ,  0.04072861],
        [-0.61111858, -0.65900896,  0.        , ..., -0.69044211,
         -0.51722838, -0.62782873],
        ...,
        [ 0.10443627,  0.0425868 ,  0.69044211, ...,  0.        ,
          0.21675648,  0.08324312],
        [-0.11361779, -0.1749855 ,  0.51722838, ..., -0.21675648,
          0.        , -0.1347401 ],
        [ 0.02128588, -0.04072861,  0.62782873, ..., -0.08324312,
          0.1347401 ,  0.        ]],

       [[ 0.        ,  0.17655353,  0.40563197, ...,  0.5838676 ,
          0.60884702,  0.64343756],
        [-0.17655353,  0.        ,  0.23788355, ...,  0.43136086,
          0.45922493,  0.49817835],
        [-0.40563197, -0.23788355,  0.        , ...,  0.20436443,
          0.23472556,  0.27761471],
        ...,
        [-0.5838676 , -0.43136086, -0.20436443, ...,  0.        ,
          0.03111682,  0.07542424],
        [-0.60884702, -0.45922493, -0.23472556, ..., -0.03111682,
          0.        ,  0.04435954],
        [-0.64343756, -0.49817835, -0.27761471, ..., -0.07542424,
         -0.04435954,  0.        ]],

       ...,

       [[ 0.        , -0.02691671,  0.99249002, ...,  0.2654567 ,
          0.52531966,  0.61230871],
        [ 0.02691671,  0.        ,  0.99542302, ...,  0.29131153,
          0.54803289,  0.63336772],
        [-0.99249002, -0.99542302,  0.        , ..., -0.92441007,
         -0.78025461, -0.70978017],
        ...,
        [-0.2654567 , -0.29131153,  0.92441007, ...,  0.        ,
          0.28059423,  0.38046573],
        [-0.52531966, -0.54803289,  0.78025461, ..., -0.28059423,
          0.        ,  0.10568894],
        [-0.61230871, -0.63336772,  0.70978017, ..., -0.38046573,
         -0.10568894,  0.        ]],

       [[ 0.        , -0.08863661, -0.12079548, ..., -0.82958247,
         -0.75506229, -0.69441335],
        [ 0.08863661,  0.        , -0.03233248, ..., -0.77682397,
         -0.69397553, -0.62789935],
        [ 0.12079548,  0.03233248,  0.        , ..., -0.75605749,
         -0.67033336, -0.60240688],
        ...,
        [ 0.82958247,  0.77682397,  0.75605749, ...,  0.        ,
          0.12230342,  0.20919846],
        [ 0.75506229,  0.69397553,  0.67033336, ..., -0.12230342,
          0.        ,  0.08803072],
        [ 0.69441335,  0.62789935,  0.60240688, ..., -0.20919846,
         -0.08803072,  0.        ]],

       [[ 0.        ,  0.06540282,  0.09543968, ...,  0.41115631,
          0.51212746,  0.46588078],
        [-0.06540282,  0.        ,  0.03013106, ...,  0.46989492,
          0.56720607,  0.52275483],
        [-0.09543968, -0.03013106,  0.        , ...,  0.49627893,
          0.59176375,  0.54820369],
        ...,
        [-0.41115631, -0.46989492, -0.49627893, ...,  0.        ,
         -0.11369134, -0.06086991],
        [-0.51212746, -0.56720607, -0.59176375, ...,  0.11369134,
          0.        ,  0.05300529],
        [-0.46588078, -0.52275483, -0.54820369, ...,  0.06086991,
         -0.05300529,  0.        ]]]), 'num': array([5.91418910e+07, 1.36975070e+07, 1.12070000e+04, 4.05500000e+03,
       4.12500000e+03, 4.02000000e+03, 2.36744000e+05, 4.00000000e+01,
       3.97700000e+03, 3.89650000e+03, 3.86608333e+03, 7.87234043e+01,
       4.04812783e+03, 3.74487217e+03])}
{'img': array([[[ 0.        ,  0.23814274,  0.23814274, ...,  0.23069146,
          0.23069146,  0.28987955],
        [-0.23814274,  0.        ,  0.        , ..., -0.0076648 ,
         -0.0076648 ,  0.05362213],
        [-0.23814274,  0.        ,  0.        , ..., -0.0076648 ,
         -0.0076648 ,  0.05362213],
        ...,
        [-0.23069146,  0.0076648 ,  0.0076648 , ...,  0.        ,
          0.        ,  0.06127433],
        [-0.23069146,  0.0076648 ,  0.0076648 , ...,  0.        ,
          0.        ,  0.06127433],
        [-0.28987955, -0.05362213, -0.05362213, ..., -0.06127433,
         -0.06127433,  0.        ]],

       [[ 0.        ,  0.65900896, -0.01410579, ...,  0.1749855 ,
          0.04072861,  0.19964812],
        [-0.65900896,  0.        , -0.66955285, ..., -0.51722838,
         -0.62782873, -0.4955792 ],
        [ 0.01410579,  0.66955285,  0.        , ...,  0.18885624,
          0.05481864,  0.21345007],
        ...,
        [-0.1749855 ,  0.51722838, -0.18885624, ...,  0.        ,
         -0.1347401 ,  0.02510512],
        [-0.04072861,  0.62782873, -0.05481864, ...,  0.1347401 ,
          0.        ,  0.15957382],
        [-0.19964812,  0.4955792 , -0.21345007, ..., -0.02510512,
         -0.15957382,  0.        ]],

       [[ 0.        ,  0.23788355,  0.44136893, ...,  0.45922493,
          0.49817835,  0.55658115],
        [-0.23788355,  0.        ,  0.21523983, ...,  0.23472556,
          0.27761471,  0.34297171],
        [-0.44136893, -0.21523983,  0.        , ...,  0.01999749,
          0.06432847,  0.13274826],
        ...,
        [-0.45922493, -0.23472556, -0.01999749, ...,  0.        ,
          0.04435954,  0.11290121],
        [-0.49817835, -0.27761471, -0.06432847, ..., -0.04435954,
          0.        ,  0.06871416],
        [-0.55658115, -0.34297171, -0.13274826, ..., -0.11290121,
         -0.06871416,  0.        ]],

       ...,

       [[ 0.        ,  0.99542302,  0.83882831, ...,  0.54803289,
          0.63336772,  0.97331693],
        [-0.99542302,  0.        , -0.46174025, ..., -0.78025461,
         -0.70978017, -0.13539792],
        [-0.83882831,  0.46174025,  0.        , ..., -0.40329669,
         -0.30432523,  0.33738821],
        ...,
        [-0.54803289,  0.78025461,  0.40329669, ...,  0.        ,
          0.10568894,  0.68838322],
        [-0.63336772,  0.70978017,  0.30432523, ..., -0.10568894,
          0.        ,  0.60786658],
        [-0.97331693,  0.13539792, -0.33738821, ..., -0.68838322,
         -0.60786658,  0.        ]],

       [[ 0.        , -0.03233248, -0.08182671, ..., -0.69397553,
         -0.62789935, -0.57887943],
        [ 0.03233248,  0.        , -0.04955988, ..., -0.67033336,
         -0.60240688, -0.55221244],
        [ 0.08182671,  0.04955988,  0.        , ..., -0.63273322,
         -0.56210846, -0.51021562],
        ...,
        [ 0.69397553,  0.67033336,  0.63273322, ...,  0.        ,
          0.08803072,  0.1490844 ],
        [ 0.62789935,  0.60240688,  0.56210846, ..., -0.08803072,
          0.        ,  0.06145869],
        [ 0.57887943,  0.55221244,  0.51021562, ..., -0.1490844 ,
         -0.06145869,  0.        ]],

       [[ 0.        ,  0.03013106,  0.07512386, ...,  0.56720607,
          0.52275483,  0.65489753],
        [-0.03013106,  0.        ,  0.04504383, ...,  0.59176375,
          0.54820369,  0.67737075],
        [-0.07512386, -0.04504383,  0.        , ...,  0.62747346,
          0.58531945,  0.70981936],
        ...,
        [-0.56720607, -0.59176375, -0.62747346, ...,  0.        ,
          0.05300529, -0.11071017],
        [-0.52275483, -0.54820369, -0.58531945, ..., -0.05300529,
          0.        , -0.16323399],
        [-0.65489753, -0.67737075, -0.70981936, ...,  0.11071017,
          0.16323399,  0.        ]]]), 'num': array([ 5.85680490e+07,  1.72600490e+07,  1.03270000e+04,  4.00000000e+03,
        4.07500000e+03,  3.94500000e+03,  9.95980000e+04, -5.50000000e+01,
        3.99700000e+03,  3.90475000e+03,  3.86833333e+03,  6.80412371e+01,
        4.06000704e+03,  3.74949296e+03])}
{'img': array([[[ 0.        ,  0.        , -0.33835677, ..., -0.0076648 ,
          0.05362213, -0.03066598],
        [ 0.        ,  0.        , -0.33835677, ..., -0.0076648 ,
          0.05362213, -0.03066598],
        [ 0.33835677,  0.33835677,  0.        , ...,  0.33113411,
          0.38832936,  0.3093404 ],
        ...,
        [ 0.0076648 ,  0.0076648 , -0.33113411, ...,  0.        ,
          0.06127433, -0.02300388],
        [-0.05362213, -0.05362213, -0.38832936, ..., -0.06127433,
          0.        , -0.08421877],
        [ 0.03066598,  0.03066598, -0.3093404 , ...,  0.02300388,
          0.08421877,  0.        ]],

       [[ 0.        , -0.66955285, -0.54504237, ..., -0.62782873,
         -0.4955792 , -0.6644364 ],
        [ 0.66955285,  0.        ,  0.15652073, ...,  0.05481864,
          0.21345007,  0.00686714],
        [ 0.54504237, -0.15652073,  0.        , ..., -0.10214238,
          0.05790568, -0.14973454],
        ...,
        [ 0.62782873, -0.05481864,  0.10214238, ...,  0.        ,
          0.15957382, -0.04796054],
        [ 0.4955792 , -0.21345007, -0.05790568, ..., -0.15957382,
          0.        , -0.20673616],
        [ 0.6644364 , -0.00686714,  0.14973454, ...,  0.04796054,
          0.20673616,  0.        ]],

       [[ 0.        ,  0.21523983,  0.19782199, ...,  0.27761471,
          0.34297171,  0.38441151],
        [-0.21523983,  0.        , -0.01780096, ...,  0.06432847,
          0.13274826,  0.17670018],
        [-0.19782199,  0.01780096,  0.        , ...,  0.08208237,
          0.15037064,  0.19419304],
        ...,
        [-0.27761471, -0.06432847, -0.08208237, ...,  0.        ,
          0.06871416,  0.11301795],
        [-0.34297171, -0.13274826, -0.15037064, ..., -0.06871416,
          0.        ,  0.04447692],
        [-0.38441151, -0.17670018, -0.19419304, ..., -0.11301795,
         -0.04447692,  0.        ]],

       ...,

       [[ 0.        , -0.46174025, -0.91722143, ..., -0.70978017,
         -0.13539792, -0.7294141 ],
        [ 0.46174025,  0.        , -0.62964228, ..., -0.30432523,
          0.33738821, -0.33113762],
        [ 0.91722143,  0.62964228,  0.        , ...,  0.36335144,
          0.85483549,  0.33686351],
        ...,
        [ 0.70978017,  0.30432523, -0.36335144, ...,  0.        ,
          0.60786658, -0.02827521],
        [ 0.13539792, -0.33738821, -0.85483549, ..., -0.60786658,
          0.        , -0.63007517],
        [ 0.7294141 ,  0.33113762, -0.33686351, ...,  0.02827521,
          0.63007517,  0.        ]],

       [[ 0.        , -0.04955988, -0.21111016, ..., -0.60240688,
         -0.55221244, -0.50937915],
        [ 0.04955988,  0.        , -0.16240783, ..., -0.56210846,
         -0.51021562, -0.46610484],
        [ 0.21111016,  0.16240783,  0.        , ..., -0.42032415,
         -0.36376357, -0.3162297 ],
        ...,
        [ 0.60240688,  0.56210846,  0.42032415, ...,  0.        ,
          0.06145869,  0.11181562],
        [ 0.55221244,  0.51021562,  0.36376357, ..., -0.06145869,
          0.        ,  0.05053097],
        [ 0.50937915,  0.46610484,  0.3162297 , ..., -0.11181562,
         -0.05053097,  0.        ]],

       [[ 0.        ,  0.04504383,  0.1466728 , ...,  0.54820369,
          0.67737075,  0.61984012],
        [-0.04504383,  0.        ,  0.10196724, ...,  0.58531945,
          0.70981936,  0.65455815],
        [-0.1466728 , -0.10196724,  0.        , ...,  0.66494395,
          0.77794368,  0.72823486],
        ...,
        [-0.54820369, -0.58531945, -0.66494395, ...,  0.        ,
         -0.16323399, -0.08820923],
        [-0.67737075, -0.70981936, -0.77794368, ...,  0.16323399,
          0.        ,  0.07557158],
        [-0.61984012, -0.65455815, -0.72823486, ...,  0.08820923,
         -0.07557158,  0.        ]]]), 'num': array([ 5.75344350e+07,  9.97501500e+06,  1.21480000e+04,  3.91500000e+03,
        4.03000000e+03,  3.89000000e+03,  1.31638000e+05, -8.50000000e+01,
        4.00000000e+03,  3.90925000e+03,  3.86658333e+03,  5.89285714e+01,
        4.06015643e+03,  3.75834357e+03])}
{'img': array([[[ 0.00000000e+00, -3.38356769e-01, -3.06659784e-02, ...,
          5.36221258e-02, -3.06659784e-02, -1.61199663e-01],
        [ 3.38356769e-01,  0.00000000e+00,  3.09340401e-01, ...,
          3.88329356e-01,  3.09340401e-01,  1.82239908e-01],
        [ 3.06659784e-02, -3.09340401e-01,  0.00000000e+00, ...,
          8.42187660e-02,  0.00000000e+00, -1.30858925e-01],
        ...,
        [-5.36221258e-02, -3.88329356e-01, -8.42187660e-02, ...,
          0.00000000e+00, -8.42187660e-02, -2.13888590e-01],
        [ 3.06659784e-02, -3.09340401e-01,  0.00000000e+00, ...,
          8.42187660e-02,  0.00000000e+00, -1.30858925e-01],
        [ 1.61199663e-01, -1.82239908e-01,  1.30858925e-01, ...,
          2.13888590e-01,  1.30858925e-01,  0.00000000e+00]],

       [[ 0.00000000e+00,  1.56520725e-01,  3.61648361e-01, ...,
          2.13450070e-01,  6.86713657e-03,  6.50207451e-02],
        [-1.56520725e-01,  0.00000000e+00,  2.11264374e-01, ...,
          5.79056833e-02, -1.49734538e-01, -9.19701705e-02],
        [-3.61648361e-01, -2.11264374e-01,  0.00000000e+00, ...,
         -1.54311194e-01, -3.55237503e-01, -3.00263294e-01],
        ...,
        [-2.13450070e-01, -5.79056833e-02,  1.54311194e-01, ...,
          0.00000000e+00, -2.06736160e-01, -1.49476115e-01],
        [-6.86713657e-03,  1.49734538e-01,  3.55237503e-01, ...,
          2.06736160e-01,  0.00000000e+00,  5.81666069e-02],
        [-6.50207451e-02,  9.19701705e-02,  3.00263294e-01, ...,
          1.49476115e-01, -5.81666069e-02,  0.00000000e+00]],

       [[ 0.00000000e+00, -1.78009611e-02,  5.32596416e-02, ...,
          1.32748259e-01,  1.76700181e-01,  1.83280025e-01],
        [ 1.78009611e-02,  0.00000000e+00,  7.10268988e-02, ...,
          1.50370644e-01,  1.94193041e-01,  2.00750410e-01],
        [-5.32596416e-02, -7.10268988e-02,  0.00000000e+00, ...,
          7.97715668e-02,  1.24027804e-01,  1.30662432e-01],
        ...,
        [-1.32748259e-01, -1.50370644e-01, -7.97715668e-02, ...,
          0.00000000e+00,  4.44769181e-02,  5.11583546e-02],
        [-1.76700181e-01, -1.94193041e-01, -1.24027804e-01, ...,
         -4.44769181e-02,  0.00000000e+00,  6.68905092e-03],
        [-1.83280025e-01, -2.00750410e-01, -1.30662432e-01, ...,
         -5.11583546e-02, -6.68905092e-03,  0.00000000e+00]],

       ...,

       [[ 0.00000000e+00, -6.39071888e-01, -2.71128442e-01, ...,
          4.44570524e-01, -3.39171824e-01, -6.18409995e-01],
        [ 6.39071888e-01,  0.00000000e+00,  4.06596654e-01, ...,
          9.14384804e-01,  3.40317550e-01,  2.65700452e-02],
        [ 2.71128442e-01, -4.06596654e-01,  0.00000000e+00, ...,
          6.70779960e-01, -7.14103729e-02, -3.82178507e-01],
        ...,
        [-4.44570524e-01, -9.14384804e-01, -6.70779960e-01, ...,
          0.00000000e+00, -7.22029434e-01, -9.03305203e-01],
        [ 3.39171824e-01, -3.40317550e-01,  7.14103729e-02, ...,
          7.22029434e-01,  0.00000000e+00, -3.15213308e-01],
        [ 6.18409995e-01, -2.65700452e-02,  3.82178507e-01, ...,
          9.03305203e-01,  3.15213308e-01,  0.00000000e+00]],

       [[ 0.00000000e+00, -1.62407832e-01, -1.16991535e-01, ...,
         -5.10215623e-01, -4.66104837e-01, -4.65555475e-01],
        [ 1.62407832e-01,  0.00000000e+00,  4.58542408e-02, ...,
         -3.63763566e-01, -3.16229698e-01, -3.15640661e-01],
        [ 1.16991535e-01, -4.58542408e-02,  0.00000000e+00, ...,
         -4.06093765e-01, -3.59398192e-01, -3.58818768e-01],
        ...,
        [ 5.10215623e-01,  3.63763566e-01,  4.06093765e-01, ...,
          0.00000000e+00,  5.05309678e-02,  5.11510011e-02],
        [ 4.66104837e-01,  3.16229698e-01,  3.59398192e-01, ...,
         -5.05309678e-02,  0.00000000e+00,  6.20836123e-04],
        [ 4.65555475e-01,  3.15640661e-01,  3.58818768e-01, ...,
         -5.11510011e-02, -6.20836123e-04,  0.00000000e+00]],

       [[ 0.00000000e+00,  1.01527421e-01,  7.30165757e-02, ...,
          7.50155288e-01,  7.13023904e-01,  5.32952941e-01],
        [-1.01527421e-01,  0.00000000e+00, -2.86171368e-02, ...,
          8.13415237e-01,  7.80524433e-01,  6.16105943e-01],
        [-7.30165757e-02,  2.86171368e-02,  0.00000000e+00, ...,
          7.96435985e-01,  7.62315471e-01,  5.93312946e-01],
        ...,
        [-7.50155288e-01, -8.13415237e-01, -7.96435985e-01, ...,
          0.00000000e+00,  5.44682679e-02,  2.82318688e-01],
        [-7.13023904e-01, -7.80524433e-01, -7.62315471e-01, ...,
         -5.44682679e-02,  0.00000000e+00,  2.29647051e-01],
        [-5.32952941e-01, -6.16105943e-01, -5.93312946e-01, ...,
         -2.82318688e-01, -2.29647051e-01,  0.00000000e+00]]]), 'num': array([ 5.71478190e+07,  2.15365710e+07,  9.19000000e+03,  3.87500000e+03,
        3.99000000e+03,  3.82500000e+03,  1.02116000e+05, -4.00000000e+01,
        3.97200000e+03,  3.91100000e+03,  3.86416667e+03,  5.38461538e+01,
        4.05944528e+03,  3.76255472e+03])}
{'img': array([[[ 0.00000000e+00,  3.09340401e-01,  2.05120583e-01, ...,
          3.09340401e-01,  1.82239908e-01,  1.20249739e-01],
        [-3.09340401e-01,  0.00000000e+00, -1.07703106e-01, ...,
          0.00000000e+00, -1.30858925e-01, -1.92744072e-01],
        [-2.05120583e-01,  1.07703106e-01,  0.00000000e+00, ...,
          1.07703106e-01, -2.33207652e-02, -8.59393273e-02],
        ...,
        [-3.09340401e-01,  0.00000000e+00, -1.07703106e-01, ...,
          0.00000000e+00, -1.30858925e-01, -1.92744072e-01],
        [-1.82239908e-01,  1.30858925e-01,  2.33207652e-02, ...,
          1.30858925e-01,  0.00000000e+00, -6.26814676e-02],
        [-1.20249739e-01,  1.92744072e-01,  8.59393273e-02, ...,
          1.92744072e-01,  6.26814676e-02,  0.00000000e+00]],

       [[ 0.00000000e+00,  2.11264374e-01, -2.31161124e-01, ...,
         -1.49734538e-01, -9.19701705e-02, -1.44861172e-01],
        [-2.11264374e-01,  0.00000000e+00, -4.31485956e-01, ...,
         -3.55237503e-01, -3.00263294e-01, -3.50627460e-01],
        [ 2.31161124e-01,  4.31485956e-01,  0.00000000e+00, ...,
          8.28760175e-02,  1.40702205e-01,  8.77851568e-02],
        ...,
        [ 1.49734538e-01,  3.55237503e-01, -8.28760175e-02, ...,
          0.00000000e+00,  5.81666069e-02,  4.92709521e-03],
        [ 9.19701705e-02,  3.00263294e-01, -1.40702205e-01, ...,
         -5.81666069e-02,  0.00000000e+00, -5.32471477e-02],
        [ 1.44861172e-01,  3.50627460e-01, -8.77851568e-02, ...,
         -4.92709521e-03,  5.32471477e-02,  0.00000000e+00]],

       [[ 0.00000000e+00,  7.10268988e-02,  9.97473031e-02, ...,
          1.94193041e-01,  2.00750410e-01,  1.39386219e-01],
        [-7.10268988e-02,  0.00000000e+00,  2.88227078e-02, ...,
          1.24027804e-01,  1.30662432e-01,  6.87006444e-02],
        [-9.97473031e-02, -2.88227078e-02,  0.00000000e+00, ...,
          9.53761147e-02,  1.02032539e-01,  3.99174930e-02],
        ...,
        [-1.94193041e-01, -1.24027804e-01, -9.53761147e-02, ...,
          0.00000000e+00,  6.68905092e-03, -5.55645765e-02],
        [-2.00750410e-01, -1.30662432e-01, -1.02032539e-01, ...,
         -6.68905092e-03,  0.00000000e+00, -6.22420504e-02],
        [-1.39386219e-01, -6.87006444e-02, -3.99174930e-02, ...,
          5.55645765e-02,  6.22420504e-02,  0.00000000e+00]],

       ...,

       [[ 0.00000000e+00,  4.06596654e-01,  4.50474681e-01, ...,
          3.40317550e-01,  2.65700452e-02, -1.30154509e-01],
        [-4.06596654e-01,  0.00000000e+00,  4.85520664e-02, ...,
         -7.14103729e-02, -3.82178507e-01, -5.22048202e-01],
        [-4.50474681e-01, -4.85520664e-02,  0.00000000e+00, ...,
         -1.19754269e-01, -4.26594193e-01, -5.62843359e-01],
        ...,
        [-3.40317550e-01,  7.14103729e-02,  1.19754269e-01, ...,
          0.00000000e+00, -3.15213308e-01, -4.59808375e-01],
        [-2.65700452e-02,  3.82178507e-01,  4.26594193e-01, ...,
          3.15213308e-01,  0.00000000e+00, -1.56452591e-01],
        [ 1.30154509e-01,  5.22048202e-01,  5.62843359e-01, ...,
          4.59808375e-01,  1.56452591e-01,  0.00000000e+00]],

       [[ 0.00000000e+00,  4.58542408e-02,  6.07917052e-02, ...,
         -3.16229698e-01, -3.15640661e-01, -3.18446680e-01],
        [-4.58542408e-02,  0.00000000e+00,  1.49583287e-02, ...,
         -3.59398192e-01, -3.58818768e-01, -3.61578824e-01],
        [-6.07917052e-02, -1.49583287e-02,  0.00000000e+00, ...,
         -3.73316859e-01, -3.72740835e-01, -3.75484641e-01],
        ...,
        [ 3.16229698e-01,  3.59398192e-01,  3.73316859e-01, ...,
          0.00000000e+00,  6.20836123e-04, -2.33781684e-03],
        [ 3.15640661e-01,  3.58818768e-01,  3.72740835e-01, ...,
         -6.20836123e-04,  0.00000000e+00, -2.95865082e-03],
        [ 3.18446680e-01,  3.61578824e-01,  3.75484641e-01, ...,
          2.33781684e-03,  2.95865082e-03,  0.00000000e+00]],

       [[ 0.00000000e+00, -2.85164092e-02, -3.63234644e-02, ...,
          8.09034115e-01,  7.31656108e-01,  6.14386984e-01],
        [ 2.85164092e-02,  0.00000000e+00, -7.81110171e-03, ...,
          7.91944248e-01,  7.11919669e-01,  5.91637543e-01],
        [ 3.63234644e-02,  7.81110171e-03,  0.00000000e+00, ...,
          7.87150681e-01,  7.06412519e-01,  5.85322152e-01],
        ...,
        [-8.09034115e-01, -7.91944248e-01, -7.87150681e-01, ...,
          0.00000000e+00,  1.21458032e-01,  2.77218700e-01],
        [-7.31656108e-01, -7.11919669e-01, -7.06412519e-01, ...,
         -1.21458032e-01,  0.00000000e+00,  1.58468622e-01],
        [-6.14386984e-01, -5.91637543e-01, -5.85322152e-01, ...,
         -2.77218700e-01, -1.58468622e-01,  0.00000000e+00]]]), 'num': array([ 5.51697500e+07,  1.07276620e+07,  1.19790000e+04,  3.71000000e+03,
        3.87500000e+03,  3.55000000e+03,  1.79523000e+05, -1.65000000e+02,
        3.91100000e+03,  3.90375000e+03,  3.86266667e+03,  3.69565217e+01,
        4.07486034e+03,  3.73263966e+03])}
{'img': array([[[ 0.        , -0.10770311, -0.3875146 , ..., -0.13085893,
         -0.19274407, -0.45034003],
        [ 0.10770311,  0.        , -0.2859729 , ..., -0.02332077,
         -0.08593933, -0.35155696],
        [ 0.3875146 ,  0.2859729 ,  0.        , ...,  0.26354829,
          0.2025646 , -0.06915689],
        ...,
        [ 0.13085893,  0.02332077, -0.26354829, ...,  0.        ,
         -0.06268147, -0.32962923],
        [ 0.19274407,  0.08593933, -0.2025646 , ...,  0.06268147,
          0.        , -0.26980281],
        [ 0.45034003,  0.35155696,  0.06915689, ...,  0.32962923,
          0.26980281,  0.        ]],

       [[ 0.        , -0.43148596, -0.40419918, ..., -0.30026329,
         -0.35062746, -0.228895  ],
        [ 0.43148596,  0.        ,  0.03003166, ...,  0.14070221,
          0.08778516,  0.21353981],
        [ 0.40419918, -0.03003166,  0.        , ...,  0.11090584,
          0.05782984,  0.18410453],
        ...,
        [ 0.30026329, -0.14070221, -0.11090584, ...,  0.        ,
         -0.05324715,  0.07395869],
        [ 0.35062746, -0.08778516, -0.05782984, ...,  0.05324715,
          0.        ,  0.12695509],
        [ 0.228895  , -0.21353981, -0.18410453, ..., -0.07395869,
         -0.12695509,  0.        ]],

       [[ 0.        ,  0.02882271, -0.09102351, ...,  0.13066243,
          0.06870064, -0.06658442],
        [-0.02882271,  0.        , -0.11968876, ...,  0.10203254,
          0.03991749, -0.0953155 ],
        [ 0.09102351,  0.11968876,  0.        , ...,  0.22036318,
          0.15922391,  0.0245135 ],
        ...,
        [-0.13066243, -0.10203254, -0.22036318, ...,  0.        ,
         -0.06224205, -0.19638605],
        [-0.06870064, -0.03991749, -0.15922391, ...,  0.06224205,
          0.        , -0.13497529],
        [ 0.06658442,  0.0953155 , -0.0245135 , ...,  0.19638605,
          0.13497529,  0.        ]],

       ...,

       [[ 0.        ,  0.04855207, -0.18641301, ..., -0.38217851,
         -0.5220482 , -0.86331549],
        [-0.04855207,  0.        , -0.23389418, ..., -0.42659419,
         -0.56284336, -0.88679985],
        [ 0.18641301,  0.23389418,  0.        , ..., -0.20321736,
         -0.35390283, -0.75410679],
        ...,
        [ 0.38217851,  0.42659419,  0.20321736, ...,  0.        ,
         -0.15645259, -0.60490796],
        [ 0.5220482 ,  0.56284336,  0.35390283, ...,  0.15645259,
          0.        , -0.47287632],
        [ 0.86331549,  0.88679985,  0.75410679, ...,  0.60490796,
          0.47287632,  0.        ]],

       [[ 0.        ,  0.01495833, -0.07650609, ..., -0.35881877,
         -0.36157882, -0.30264214],
        [-0.01495833,  0.        , -0.09141201, ..., -0.37274084,
         -0.37548464, -0.31686512],
        [ 0.07650609,  0.09141201,  0.        , ..., -0.28635578,
         -0.28918927, -0.22883685],
        ...,
        [ 0.35881877,  0.37274084,  0.28635578, ...,  0.        ,
         -0.00295865,  0.05950333],
        [ 0.36157882,  0.37548464,  0.28918927, ...,  0.00295865,
          0.        ,  0.06245648],
        [ 0.30264214,  0.31686512,  0.22883685, ..., -0.05950333,
         -0.06245648,  0.        ]],

       [[ 0.        , -0.0078111 ,  0.02383447, ...,  0.71191967,
          0.59163754,  0.87236977],
        [ 0.0078111 ,  0.        ,  0.03164262, ...,  0.70641252,
          0.58532215,  0.86852473],
        [-0.02383447, -0.03164262,  0.        , ...,  0.72845544,
          0.61068492,  0.88377335],
        ...,
        [-0.71191967, -0.70641252, -0.72845544, ...,  0.        ,
          0.15846862, -0.26461169],
        [-0.59163754, -0.58532215, -0.61068492, ..., -0.15846862,
          0.        , -0.41408808],
        [-0.87236977, -0.86852473, -0.88377335, ...,  0.26461169,
          0.41408808,  0.        ]]]), 'num': array([5.51567260e+07, 4.89445860e+07, 1.66100000e+03, 3.74000000e+03,
       3.76000000e+03, 3.65000000e+03, 5.86450000e+04, 3.00000000e+01,
       3.84800000e+03, 3.89900000e+03, 3.85833333e+03, 2.98387097e+01,
       4.08231939e+03, 3.71568061e+03])}
{'img': array([[[ 0.        , -0.2859729 , -0.43481902, ..., -0.08593933,
         -0.35155696, -0.30229   ],
        [ 0.2859729 ,  0.        , -0.15913628, ...,  0.2025646 ,
         -0.06915689, -0.01707173],
        [ 0.43481902,  0.15913628,  0.        , ...,  0.35582045,
          0.09047968,  0.1422589 ],
        ...,
        [ 0.08593933, -0.2025646 , -0.35582045, ...,  0.        ,
         -0.26980281, -0.2192529 ],
        [ 0.35155696,  0.06915689, -0.09047968, ...,  0.26980281,
          0.        ,  0.05211595],
        [ 0.30229   ,  0.01707173, -0.1422589 , ...,  0.2192529 ,
         -0.05211595,  0.        ]],

       [[ 0.        ,  0.03003166,  0.0950429 , ...,  0.08778516,
          0.21353981, -0.01081304],
        [-0.03003166,  0.        ,  0.06510432, ...,  0.05782984,
          0.18410453, -0.04083806],
        [-0.0950429 , -0.06510432,  0.        , ..., -0.00728821,
          0.11972248, -0.10580143],
        ...,
        [-0.08778516, -0.05782984,  0.00728821, ...,  0.        ,
          0.12695509, -0.09855132],
        [-0.21353981, -0.18410453, -0.11972248, ..., -0.12695509,
          0.        , -0.22409095],
        [ 0.01081304,  0.04083806,  0.10580143, ...,  0.09855132,
          0.22409095,  0.        ]],

       [[ 0.        , -0.11968876, -0.27912096, ...,  0.03991749,
         -0.0953155 , -0.23485241],
        [ 0.11968876,  0.        , -0.16218265, ...,  0.15922391,
          0.0245135 , -0.11682298],
        [ 0.27912096,  0.16218265,  0.        , ...,  0.3172295 ,
          0.18632287,  0.04579581],
        ...,
        [-0.03991749, -0.15922391, -0.3172295 , ...,  0.        ,
         -0.13497529, -0.27346627],
        [ 0.0953155 , -0.0245135 , -0.18632287, ...,  0.13497529,
          0.        , -0.14113352],
        [ 0.23485241,  0.11682298, -0.04579581, ...,  0.27346627,
          0.14113352,  0.        ]],

       ...,

       [[ 0.        , -0.23389418, -0.37656718, ..., -0.56284336,
         -0.88679985, -0.9653291 ],
        [ 0.23389418,  0.        , -0.14944491, ..., -0.35390283,
         -0.75410679, -0.87749808],
        [ 0.37656718,  0.14944491,  0.        , ..., -0.21015536,
         -0.64748999, -0.79597301],
        ...,
        [ 0.56284336,  0.35390283,  0.21015536, ...,  0.        ,
         -0.47287632, -0.65098356],
        [ 0.88679985,  0.75410679,  0.64748999, ...,  0.47287632,
          0.        , -0.21464382],
        [ 0.9653291 ,  0.87749808,  0.79597301, ...,  0.65098356,
          0.21464382,  0.        ]],

       [[ 0.        , -0.09141201, -0.15558785, ..., -0.37548464,
         -0.31686512, -0.28909854],
        [ 0.09141201,  0.        , -0.06463763, ..., -0.28918927,
         -0.22883685, -0.20037947],
        [ 0.15558785,  0.06463763,  0.        , ..., -0.22670874,
         -0.16543585, -0.13663376],
        ...,
        [ 0.37548464,  0.28918927,  0.22670874, ...,  0.        ,
          0.06245648,  0.0915064 ],
        [ 0.31686512,  0.22883685,  0.16543585, ..., -0.06245648,
          0.        ,  0.02913331],
        [ 0.28909854,  0.20037947,  0.13663376, ..., -0.0915064 ,
         -0.02913331,  0.        ]],

       [[ 0.        ,  0.03164262,  0.28905629, ...,  0.58532215,
          0.86852473,  0.91763072],
        [-0.03164262,  0.        ,  0.25861968, ...,  0.61068492,
          0.88377335,  0.92974707],
        [-0.28905629, -0.25861968,  0.        , ...,  0.79470306,
          0.97471878,  0.99333982],
        ...,
        [-0.58532215, -0.61068492, -0.79470306, ...,  0.        ,
         -0.41408808, -0.51138877],
        [-0.86852473, -0.88377335, -0.97471878, ...,  0.41408808,
          0.        , -0.10963851],
        [-0.91763072, -0.92974707, -0.99333982, ...,  0.51138877,
          0.10963851,  0.        ]]]), 'num': array([5.54373280e+07, 1.96524880e+07, 9.49200000e+03, 3.77000000e+03,
       3.88000000e+03, 3.71000000e+03, 1.15972000e+05, 3.00000000e+01,
       3.80200000e+03, 3.89825000e+03, 3.85566667e+03, 3.46774194e+01,
       4.08354099e+03, 3.71295901e+03])}
{'img': array([[[ 0.        , -0.15913628,  0.07514967, ..., -0.06915689,
         -0.01707173,  0.03373018],
        [ 0.15913628,  0.        ,  0.23287829, ...,  0.09047968,
          0.1422589 ,  0.19234606],
        [-0.07514967, -0.23287829,  0.        , ..., -0.14393107,
         -0.09216217, -0.04147211],
        ...,
        [ 0.06915689, -0.09047968,  0.14393107, ...,  0.        ,
          0.05211595,  0.10276695],
        [ 0.01707173, -0.1422589 ,  0.09216217, ..., -0.05211595,
          0.        ,  0.05078728],
        [-0.03373018, -0.19234606,  0.04147211, ..., -0.10276695,
         -0.05078728,  0.        ]],

       [[ 0.        ,  0.06510432,  0.14620737, ...,  0.18410453,
         -0.04083806,  0.08371153],
        [-0.06510432,  0.        ,  0.08149248, ...,  0.11972248,
         -0.10580143,  0.01865812],
        [-0.14620737, -0.08149248,  0.        , ...,  0.03841794,
         -0.18648461, -0.06288222],
        ...,
        [-0.18410453, -0.11972248, -0.03841794, ...,  0.        ,
         -0.22409095, -0.10117771],
