state_0,state_1,state_2,state_3,state_4,state_5,state_6,state_7,state_8,state_9,state_10,state_11,state_12,state_13,state_14,state_15,state_16,state_17,state_18,state_19,state_20,state_21,state_22,state_23,state_24,state_25,state_26,state_27,state_28,state_29,state_30,state_31,state_32,state_33,state_34,state_35,state_36,state_37,state_38,state_39,state_40,state_41,state_42,state_43,state_44,state_45,state_46,state_47,state_48,state_49,state_50,state_51,state_52,state_53,state_54,state_55,state_56,state_57,state_58,state_59,state_60,state_61,state_62,state_63,state_64,state_65,state_66,state_67,state_68,state_69,state_70,state_71,state_72,state_73,state_74,state_75,state_76,state_77
{'img': array([[[ 0.        , -0.05324958, -0.06377232, ..., -0.85127619,
         -0.90784332, -0.97799541],
        [ 0.05324958,  0.        , -0.01054065, ..., -0.82212742,
         -0.88422724, -0.96549859],
        [ 0.06377232,  0.01054065,  0.        , ..., -0.81608092,
         -0.87925504, -0.96270008],
        ...,
        [ 0.85127619,  0.82212742,  0.81608092, ...,  0.        ,
         -0.11941337, -0.33557296],
        [ 0.90784332,  0.88422724,  0.87925504, ...,  0.11941337,
          0.        , -0.22068272],
        [ 0.97799541,  0.96549859,  0.96270008, ...,  0.33557296,
          0.22068272,  0.        ]],

       [[ 0.        , -0.04604001, -0.16660859, ..., -0.32219192,
         -0.28545628, -0.08915141],
        [ 0.04604001,  0.        , -0.12103541, ..., -0.27826537,
         -0.24102922, -0.0432002 ],
        [ 0.16660859,  0.12103541,  0.        , ..., -0.1599646 ,
         -0.1217902 ,  0.07803981],
        ...,
        [ 0.32219192,  0.27826537,  0.1599646 , ...,  0.        ,
          0.03855193,  0.23651162],
        [ 0.28545628,  0.24102922,  0.1217902 , ..., -0.03855193,
          0.        ,  0.19887764],
        [ 0.08915141,  0.0432002 , -0.07803981, ..., -0.23651162,
         -0.19887764,  0.        ]],

       [[ 0.        , -0.08593754, -0.14908692, ..., -0.94313439,
         -0.96463296, -0.99252462],
        [ 0.08593754,  0.        , -0.06355826, ..., -0.91107865,
         -0.93841147, -0.97836459],
        [ 0.14908692,  0.06355826,  0.        , ..., -0.88303578,
         -0.91455348, -0.96323701],
        ...,
        [ 0.94313439,  0.91107865,  0.88303578, ...,  0.        ,
         -0.07204807, -0.21482234],
        [ 0.96463296,  0.93841147,  0.91455348, ...,  0.07204807,
          0.        , -0.14389808],
        [ 0.99252462,  0.97836459,  0.96323701, ...,  0.21482234,
          0.14389808,  0.        ]],

       ...,

       [[ 0.        ,  0.09207003, -0.02689014, ...,  0.57955226,
          0.59326538,  0.59602393],
        [-0.09207003,  0.        , -0.11881266, ...,  0.50205953,
          0.51662849,  0.51956318],
        [ 0.02689014,  0.11881266,  0.        , ...,  0.6012564 ,
          0.6146976 ,  0.61740029],
        ...,
        [-0.57955226, -0.50205953, -0.6012564 , ...,  0.        ,
          0.01692918,  0.02035967],
        [-0.59326538, -0.51662849, -0.6146976 , ..., -0.01692918,
          0.        ,  0.00343108],
        [-0.59602393, -0.51956318, -0.61740029, ..., -0.02035967,
         -0.00343108,  0.        ]],

       [[ 0.        , -0.36815538, -0.56277534, ..., -0.97172152,
         -0.92660192, -0.85535463],
        [ 0.36815538,  0.        , -0.21892753, ..., -0.99040442,
         -0.99996389, -0.98599847],
        [ 0.56277534,  0.21892753,  0.        , ..., -0.93612265,
         -0.97756645, -0.99858637],
        ...,
        [ 0.97172152,  0.99040442,  0.93612265, ...,  0.        ,
         -0.14661145, -0.30141872],
        [ 0.92660192,  0.99996389,  0.97756645, ...,  0.14661145,
          0.        , -0.15836882],
        [ 0.85535463,  0.98599847,  0.99858637, ...,  0.30141872,
          0.15836882,  0.        ]],

       [[ 0.        , -0.10697481, -0.18548968, ..., -0.99806734,
         -0.98525178, -0.89431562],
        [ 0.10697481,  0.        , -0.0793069 , ..., -0.99898775,
         -0.99790269, -0.93704825],
        [ 0.18548968,  0.0793069 ,  0.        , ..., -0.99227373,
         -0.99989323, -0.96179074],
        ...,
        [ 0.99806734,  0.99898775,  0.99227373, ...,  0.        ,
         -0.10955496, -0.39099765],
        [ 0.98525178,  0.99790269,  0.99989323, ...,  0.10955496,
          0.        , -0.28781066],
        [ 0.89431562,  0.93704825,  0.96179074, ...,  0.39099765,
          0.28781066,  0.        ]]]), 'num': array([3.31349610e+07, 2.03796100e+06, 2.42000000e+03, 1.28500000e+04,
       1.31500000e+04, 1.26000000e+04, 1.38610000e+04, 5.00000000e+01,
       1.34500000e+04, 1.56350000e+04, 1.84866667e+04, 3.22580645e+01,
       2.23600353e+04, 8.90996468e+03])}
{'img': array([[[ 0.        , -0.01054065, -0.19446442, ..., -0.88422724,
         -0.96549859, -0.9605925 ],
        [ 0.01054065,  0.        , -0.1841142 , ..., -0.87925504,
         -0.96270008, -0.95760925],
        [ 0.19446442,  0.1841142 ,  0.        , ..., -0.77652101,
         -0.89642666, -0.88820094],
        ...,
        [ 0.88422724,  0.87925504,  0.77652101, ...,  0.        ,
         -0.22068272, -0.20287112],
        [ 0.96549859,  0.96270008,  0.89642666, ...,  0.22068272,
          0.        ,  0.01822426],
        [ 0.9605925 ,  0.95760925,  0.88820094, ...,  0.20287112,
         -0.01822426,  0.        ]],

       [[ 0.        , -0.12103541, -0.1404454 , ..., -0.24102922,
         -0.0432002 , -0.34701262],
        [ 0.12103541,  0.        , -0.01957712, ..., -0.1217902 ,
          0.07803981, -0.23094713],
        [ 0.1404454 ,  0.01957712,  0.        , ..., -0.10233547,
          0.09754227, -0.21185498],
        ...,
        [ 0.24102922,  0.1217902 ,  0.10233547, ...,  0.        ,
          0.19887764, -0.11073016],
        [ 0.0432002 , -0.07803981, -0.09754227, ..., -0.19887764,
          0.        , -0.3061729 ],
        [ 0.34701262,  0.23094713,  0.21185498, ...,  0.11073016,
          0.3061729 ,  0.        ]],

       [[ 0.        , -0.06355826, -0.16496479, ..., -0.93841147,
         -0.97836459, -0.99744172],
        [ 0.06355826,  0.        , -0.10194377, ..., -0.91455348,
         -0.96323701, -0.9908816 ],
        [ 0.16496479,  0.10194377,  0.        , ..., -0.86855612,
         -0.9308312 , -0.97198382],
        ...,
        [ 0.93841147,  0.91455348,  0.86855612, ...,  0.        ,
         -0.14389808, -0.2775541 ],
        [ 0.97836459,  0.96323701,  0.9308312 , ...,  0.14389808,
          0.        , -0.13642114],
        [ 0.99744172,  0.9908816 ,  0.97198382, ...,  0.2775541 ,
          0.13642114,  0.        ]],

       ...,

       [[ 0.        , -0.11881266, -0.31212631, ...,  0.51662849,
          0.51956318,  0.80115452],
        [ 0.11881266,  0.        , -0.19703857, ...,  0.6146976 ,
          0.61740029,  0.86658403],
        [ 0.31212631,  0.19703857,  0.        , ...,  0.75806361,
          0.76029684,  0.94792368],
        ...,
        [-0.51662849, -0.6146976 , -0.75806361, ...,  0.        ,
          0.00343108,  0.37677603],
        [-0.51956318, -0.61740029, -0.76029684, ..., -0.00343108,
          0.        ,  0.37359559],
        [-0.80115452, -0.86658403, -0.94792368, ..., -0.37677603,
         -0.37359559,  0.        ]],

       [[ 0.        , -0.44987565, -0.59316442, ..., -0.93549716,
         -0.86573562, -0.77314144],
        [ 0.44987565,  0.        , -0.16756344, ..., -0.99444074,
         -0.99834434, -0.97581209],
        [ 0.59316442,  0.16756344,  0.        , ..., -0.96273659,
         -0.99386733, -0.99864658],
        ...,
        [ 0.93549716,  0.99444074,  0.96273659, ...,  0.        ,
         -0.16232382, -0.32014646],
        [ 0.86573562,  0.99834434,  0.99386733, ...,  0.16232382,
          0.        , -0.16212014],
        [ 0.77314144,  0.97581209,  0.99864658, ...,  0.32014646,
          0.16212014,  0.        ]],

       [[ 0.        , -0.07823441, -0.17440285, ..., -0.99965259,
         -0.99486563, -0.93264571],
        [ 0.07823441,  0.        , -0.09683289, ..., -0.99452662,
         -0.99973404, -0.95801361],
        [ 0.17440285,  0.09683289,  0.        , ..., -0.97973556,
         -0.99726908, -0.98127576],
        ...,
        [ 0.99965259,  0.99452662,  0.97973556, ...,  0.        ,
         -0.12739121, -0.38524998],
        [ 0.99486563,  0.99973404,  0.99726908, ...,  0.12739121,
          0.        , -0.264553  ],
        [ 0.93264571,  0.95801361,  0.98127576, ...,  0.38524998,
          0.264553  ,  0.        ]]]), 'num': array([ 3.77226690e+07,  2.28890690e+07,  1.16800000e+03,  1.27000000e+04,
        1.33000000e+04,  1.25000000e+04,  1.20220000e+04, -1.50000000e+02,
        1.31600000e+04,  1.52225000e+04,  1.83900000e+04,  4.80000000e+01,
        2.15957625e+04,  8.84923749e+03])}
{'img': array([[[ 0.        , -0.1841142 ,  0.        , ..., -0.96270008,
         -0.95760925, -0.97230524],
        [ 0.1841142 ,  0.        ,  0.1841142 , ..., -0.89642666,
         -0.88820094, -0.91265336],
        [ 0.        , -0.1841142 ,  0.        , ..., -0.96270008,
         -0.95760925, -0.97230524],
        ...,
        [ 0.96270008,  0.89642666,  0.96270008, ...,  0.        ,
          0.01822426, -0.03808032],
        [ 0.95760925,  0.88820094,  0.95760925, ..., -0.01822426,
          0.        , -0.05628503],
        [ 0.97230524,  0.91265336,  0.97230524, ...,  0.03808032,
          0.05628503,  0.        ]],

       [[ 0.        , -0.01957712,  0.43745323, ...,  0.07803981,
         -0.23094713, -0.27902292],
        [ 0.01957712,  0.        ,  0.45497394, ...,  0.09754227,
         -0.21185498, -0.26016984],
        [-0.43745323, -0.45497394,  0.        , ..., -0.36594249,
         -0.63330441, -0.67098842],
        ...,
        [-0.07803981, -0.09754227,  0.36594249, ...,  0.        ,
         -0.3061729 , -0.35311239],
        [ 0.23094713,  0.21185498,  0.63330441, ...,  0.3061729 ,
          0.        , -0.04970497],
        [ 0.27902292,  0.26016984,  0.67098842, ...,  0.35311239,
          0.04970497,  0.        ]],

       [[ 0.        , -0.10194377, -0.12742567, ..., -0.96323701,
         -0.9908816 , -0.99952292],
        [ 0.10194377,  0.        , -0.02564906, ..., -0.9308312 ,
         -0.97198382, -0.99746418],
        [ 0.12742567,  0.02564906,  0.        , ..., -0.92115153,
         -0.96563529, -0.99531058],
        ...,
        [ 0.96323701,  0.9308312 ,  0.92115153, ...,  0.        ,
         -0.13642114, -0.29827522],
        [ 0.9908816 ,  0.97198382,  0.96563529, ...,  0.13642114,
          0.        , -0.16527539],
        [ 0.99952292,  0.99746418,  0.99531058, ...,  0.29827522,
          0.16527539,  0.        ]],

       ...,

       [[ 0.        , -0.19703857,  0.50456899, ...,  0.61740029,
          0.86658403,  0.99993991],
        [ 0.19703857,  0.        ,  0.66479474, ...,  0.76029684,
          0.94792368,  0.9824968 ],
        [-0.50456899, -0.66479474,  0.        , ...,  0.13612698,
          0.49638819,  0.85778833],
        ...,
        [-0.61740029, -0.76029684, -0.13612698, ...,  0.        ,
          0.37359559,  0.77983382],
        [-0.86658403, -0.94792368, -0.49638819, ..., -0.37359559,
          0.        ,  0.48950155],
        [-0.99993991, -0.9824968 , -0.85778833, ..., -0.77983382,
         -0.48950155,  0.        ]],

       [[ 0.        , -0.42108766, -0.69743786, ..., -0.88144143,
         -0.78963437, -0.60491852],
        [ 0.42108766,  0.        , -0.33081958, ..., -0.99836186,
         -0.97458411, -0.88397995],
        [ 0.69743786,  0.33081958,  0.        , ..., -0.96107609,
         -0.99382003, -0.98887295],
        ...,
        [ 0.88144143,  0.99836186,  0.96107609, ...,  0.        ,
         -0.16789372, -0.41618169],
        [ 0.78963437,  0.97458411,  0.99382003, ...,  0.16789372,
          0.        , -0.25761139],
        [ 0.60491852,  0.88397995,  0.98887295, ...,  0.41618169,
          0.25761139,  0.        ]],

       [[ 0.        , -0.09637817, -0.11657721, ..., -0.99991534,
         -0.98991982, -0.95675599],
        [ 0.09637817,  0.        , -0.02031349, ..., -0.99400641,
         -0.99896147, -0.9803377 ],
        [ 0.11657721,  0.02031349,  0.        , ..., -0.99158059,
         -0.99968089, -0.98414382],
        ...,
        [ 0.99991534,  0.99400641,  0.99158059, ...,  0.        ,
         -0.15449818, -0.30331676],
        [ 0.98991982,  0.99896147,  0.99968089, ...,  0.15449818,
          0.        , -0.15245512],
        [ 0.95675599,  0.9803377 ,  0.98414382, ...,  0.30331676,
          0.15245512,  0.        ]]]), 'num': array([3.77220290e+07, 1.83799290e+07, 1.52300000e+03, 1.27000000e+04,
       1.33000000e+04, 1.25000000e+04, 4.34800000e+04, 0.00000000e+00,
       1.29100000e+04, 1.47700000e+04, 1.82941667e+04, 5.45454545e+01,
       2.04752958e+04, 9.06470421e+03])}
{'img': array([[[ 0.        ,  0.1841142 ,  0.38325282, ..., -0.88820094,
         -0.91265336, -0.91265336],
        [-0.1841142 ,  0.        ,  0.20664518, ..., -0.95760925,
         -0.97230524, -0.97230524],
        [-0.38325282, -0.20664518,  0.        , ..., -0.99646851,
         -0.99961495, -0.99961495],
        ...,
        [ 0.88820094,  0.95760925,  0.99646851, ...,  0.        ,
         -0.05628503, -0.05628503],
        [ 0.91265336,  0.97230524,  0.99961495, ...,  0.05628503,
          0.        ,  0.        ],
        [ 0.91265336,  0.97230524,  0.99961495, ...,  0.05628503,
          0.        ,  0.        ]],

       [[ 0.        ,  0.45497394,  0.05015021, ..., -0.21185498,
         -0.26016984,  0.32032285],
        [-0.45497394,  0.        , -0.40974244, ..., -0.63330441,
         -0.67098842, -0.14575163],
        [-0.05015021,  0.40974244,  0.        , ..., -0.26060026,
         -0.30826564,  0.27241207],
        ...,
        [ 0.21185498,  0.63330441,  0.26060026, ...,  0.        ,
         -0.04970497,  0.5137439 ],
        [ 0.26016984,  0.67098842,  0.30826564, ...,  0.04970497,
          0.        ,  0.55575294],
        [-0.32032285,  0.14575163, -0.27241207, ..., -0.5137439 ,
         -0.55575294,  0.        ]],

       [[ 0.        , -0.02560227,  0.00467332, ..., -0.9702642 ,
         -0.99655529, -0.96773312],
        [ 0.02560227,  0.        ,  0.03027377, ..., -0.96374917,
         -0.99410541, -0.9738671 ],
        [-0.00467332, -0.03027377,  0.        , ..., -0.97138478,
         -0.99693197, -0.96654498],
        ...,
        [ 0.9702642 ,  0.96374917,  0.97138478, ...,  0.        ,
         -0.16074954, -0.47872281],
        [ 0.99655529,  0.99410541,  0.99693197, ...,  0.16074954,
          0.        , -0.33136448],
        [ 0.96773312,  0.9738671 ,  0.96654498, ...,  0.47872281,
          0.33136448,  0.        ]],

       ...,

       [[ 0.        ,  0.66479474,  0.9737167 , ...,  0.94792368,
          0.9824968 ,  0.9181796 ],
        [-0.66479474,  0.        ,  0.57597641, ...,  0.49638819,
          0.85778833,  0.9492721 ],
        [-0.9737167 , -0.57597641,  0.        , ..., -0.09422488,
          0.4051594 ,  0.59487881],
        ...,
        [-0.94792368, -0.49638819,  0.09422488, ...,  0.        ,
          0.48950155,  0.66797157],
        [-0.9824968 , -0.85778833, -0.4051594 , ..., -0.48950155,
          0.        ,  0.21819225],
        [-0.9181796 , -0.9492721 , -0.59487881, ..., -0.66797157,
         -0.21819225,  0.        ]],

       [[ 0.        , -0.59076876, -0.80691285, ..., -0.83983766,
         -0.68534384, -0.        ],
        [ 0.59076876,  0.        , -0.30210062, ..., -0.99830691,
         -0.98317286, -0.59076876],
        [ 0.80691285,  0.30210062,  0.        , ..., -0.93409001,
         -0.99242217, -0.80691285],
        ...,
        [ 0.83983766,  0.99830691,  0.93409001, ...,  0.        ,
         -0.23955584, -0.83983766],
        [ 0.68534384,  0.98317286,  0.99242217, ...,  0.23955584,
          0.        , -0.68534384],
        [ 0.        ,  0.59076876,  0.80691285, ...,  0.83983766,
          0.68534384,  0.        ]],

       [[ 0.        , -0.02031349,  0.00246276, ..., -0.99896147,
         -0.9803377 , -0.99591778],
        [ 0.02031349,  0.        ,  0.02277568, ..., -0.99968089,
         -0.98414382, -0.99387868],
        [-0.00246276, -0.02277568,  0.        , ..., -0.99884623,
         -0.97984875, -0.99613706],
        ...,
        [ 0.99896147,  0.99968089,  0.99884623, ...,  0.        ,
         -0.15245512,  0.13554825],
        [ 0.9803377 ,  0.98414382,  0.97984875, ...,  0.15245512,
          0.        ,  0.28501182],
        [ 0.99591778,  0.99387868,  0.99613706, ..., -0.13554825,
         -0.28501182,  0.        ]]]), 'num': array([3.81257280e+07, 1.20290280e+07, 2.02300000e+03, 1.29000000e+04,
       1.30500000e+04, 1.25000000e+04, 2.82070000e+04, 2.00000000e+02,
       1.27900000e+04, 1.43250000e+04, 1.82166667e+04, 5.81818182e+01,
       1.90761578e+04, 9.57384225e+03])}
{'img': array([[[ 0.        ,  0.20664518,  0.27505959, ..., -0.97230524,
         -0.97230524, -0.95234684],
        [-0.20664518,  0.        ,  0.07044839, ..., -0.99961495,
         -0.99961495, -0.99482167],
        [-0.27505959, -0.07044839,  0.        , ..., -0.99908613,
         -0.99908613, -0.99951004],
        ...,
        [ 0.97230524,  0.99961495,  0.99908613, ...,  0.        ,
          0.        ,  0.07399246],
        [ 0.97230524,  0.99961495,  0.99908613, ...,  0.        ,
          0.        ,  0.07399246],
        [ 0.95234684,  0.99482167,  0.99951004, ..., -0.07399246,
         -0.07399246,  0.        ]],

       [[ 0.        , -0.40974244, -0.48407248, ..., -0.67098842,
         -0.14575163, -0.37878394],
        [ 0.40974244,  0.        , -0.08303546, ..., -0.30826564,
          0.27241207,  0.03368335],
        [ 0.48407248,  0.08303546,  0.        , ..., -0.22820942,
          0.35136643,  0.11655536],
        ...,
        [ 0.67098842,  0.30826564,  0.22820942, ...,  0.        ,
          0.55575294,  0.3401337 ],
        [ 0.14575163, -0.27241207, -0.35136643, ..., -0.55575294,
          0.        , -0.23984803],
        [ 0.37878394, -0.03368335, -0.11655536, ..., -0.3401337 ,
          0.23984803,  0.        ]],

       [[ 0.        ,  0.02994862,  0.08582833, ..., -0.98570424,
         -0.99996877, -0.97139776],
        [-0.02994862,  0.        ,  0.05595172, ..., -0.99030798,
         -0.99928353, -0.96385048],
        [-0.08582833, -0.05595172,  0.        , ..., -0.99652771,
         -0.99560049, -0.9474326 ],
        ...,
        [ 0.98570424,  0.99030798,  0.99652771, ...,  0.        ,
         -0.17627   , -0.39772935],
        [ 0.99996877,  0.99928353,  0.99560049, ...,  0.17627   ,
          0.        , -0.22977343],
        [ 0.97139776,  0.96385048,  0.9474326 , ...,  0.39772935,
          0.22977343,  0.        ]],

       ...,

       [[ 0.        ,  0.59197008,  0.73657858, ...,  0.87073852,
          0.95773852,  0.9873159 ],
        [-0.59197008,  0.        ,  0.1932727 , ...,  0.41068126,
          0.60162445,  0.70175108],
        [-0.73657858, -0.1932727 ,  0.        , ...,  0.22671592,
          0.43589868,  0.55082786],
        ...,
        [-0.87073852, -0.41068126, -0.22671592, ...,  0.        ,
          0.22050492,  0.34726343],
        [-0.95773852, -0.60162445, -0.43589868, ..., -0.22050492,
          0.        ,  0.13193346],
        [-0.9873159 , -0.70175108, -0.55082786, ..., -0.34726343,
         -0.13193346,  0.        ]],

       [[ 0.        , -0.60191961, -0.81373635, ..., -0.9025996 ,
         -0.72972027, -0.        ],
        [ 0.60191961,  0.        , -0.29995837, ..., -0.97989195,
         -0.99428301, -0.60191961],
        [ 0.81373635,  0.29995837,  0.        , ..., -0.87491983,
         -0.98052717, -0.81373635],
        ...,
        [ 0.9025996 ,  0.97989195,  0.87491983, ...,  0.        ,
         -0.30301792, -0.9025996 ],
        [ 0.72972027,  0.99428301,  0.98052717, ...,  0.30301792,
          0.        , -0.72972027],
        [ 0.        ,  0.60191961,  0.81373635, ...,  0.9025996 ,
          0.72972027,  0.        ]],

       [[ 0.        ,  0.02277568,  0.07139427, ..., -0.98414382,
         -0.99387868, -0.93723057],
        [-0.02277568,  0.        ,  0.04865819, ..., -0.97984875,
         -0.99613706, -0.94492957],
        [-0.07139427, -0.04865819,  0.        , ..., -0.96896908,
         -0.9992299 , -0.95973484],
        ...,
        [ 0.98414382,  0.97984875,  0.96896908, ...,  0.        ,
          0.28501182,  0.50941985],
        [ 0.99387868,  0.99613706,  0.9992299 , ..., -0.28501182,
          0.        ,  0.24303332],
        [ 0.93723057,  0.94492957,  0.95973484, ..., -0.50941985,
         -0.24303332,  0.        ]]]), 'num': array([4.06407950e+07, 1.10871950e+07, 2.09600000e+03, 1.41000000e+04,
       1.48000000e+04, 1.30500000e+04, 4.50500000e+04, 1.20000000e+03,
       1.30500000e+04, 1.39750000e+04, 1.81441667e+04, 6.06837607e+01,
       1.75685359e+04, 1.03814641e+04])}
{'img': array([[[ 0.        ,  0.07044839,  0.01154745, ..., -0.99961495,
         -0.99482167, -0.90239365],
        [-0.07044839,  0.        , -0.05892493, ..., -0.99908613,
         -0.99951004, -0.93050869],
        [-0.01154745,  0.05892493,  0.        , ..., -0.99986872,
         -0.99592898, -0.90730943],
        ...,
        [ 0.99961495,  0.99908613,  0.99986872, ...,  0.        ,
          0.07399246,  0.40570717],
        [ 0.99482167,  0.99951004,  0.99592898, ..., -0.07399246,
          0.        ,  0.3369657 ],
        [ 0.90239365,  0.93050869,  0.90730943, ..., -0.40570717,
         -0.3369657 ,  0.        ]],

       [[ 0.        , -0.08303546, -0.47982232, ...,  0.27241207,
          0.03368335,  0.29427964],
        [ 0.08303546,  0.        , -0.40531284, ...,  0.35136643,
          0.11655536,  0.37262197],
        [ 0.47982232,  0.40531284,  0.        , ...,  0.70068077,
          0.50910266,  0.71676634],
        ...,
        [-0.27241207, -0.35136643, -0.70068077, ...,  0.        ,
         -0.23984803,  0.02280069],
        [-0.03368335, -0.11655536, -0.50910266, ...,  0.23984803,
          0.        ,  0.26192082],
        [-0.29427964, -0.37262197, -0.71676634, ..., -0.02280069,
         -0.26192082,  0.        ]],

       [[ 0.        ,  0.05595172,  0.10326202, ..., -0.99928353,
         -0.96385048, -0.99737535],
        [-0.05595172,  0.        ,  0.04744764, ..., -0.99560049,
         -0.9474326 , -0.99986409],
        [-0.10326202, -0.04744764,  0.        , ..., -0.99003333,
         -0.9311844 , -0.9995202 ],
        ...,
        [ 0.99928353,  0.99560049,  0.99003333, ...,  0.        ,
         -0.22977343,  0.11010084],
        [ 0.96385048,  0.9474326 ,  0.9311844 , ...,  0.22977343,
          0.        ,  0.3355315 ],
        [ 0.99737535,  0.99986409,  0.9995202 , ..., -0.11010084,
         -0.3355315 ,  0.        ]],

       ...,

       [[ 0.        ,  0.1932727 ,  0.45921534, ...,  0.60162445,
          0.70175108,  0.76759441],
        [-0.1932727 ,  0.        ,  0.27886791, ...,  0.43589868,
          0.55082786,  0.62924607],
        [-0.45921534, -0.27886791,  0.        , ...,  0.16762642,
          0.29622781,  0.3875457 ],
        ...,
        [-0.60162445, -0.43589868, -0.16762642, ...,  0.        ,
          0.13193346,  0.22753565],
        [-0.70175108, -0.55082786, -0.29622781, ..., -0.13193346,
          0.        ,  0.09707385],
        [-0.76759441, -0.62924607, -0.3875457 , ..., -0.22753565,
         -0.09707385,  0.        ]],

       [[ 0.        , -0.6042017 , -0.79118406, ..., -0.92259834,
         -0.7318936 , -0.        ],
        [ 0.6042017 ,  0.        , -0.26092379, ..., -0.96823338,
         -0.99491029, -0.6042017 ],
        [ 0.79118406,  0.26092379,  0.        , ..., -0.86944967,
         -0.9867379 , -0.79118406],
        ...,
        [ 0.92259834,  0.96823338,  0.86944967, ...,  0.        ,
         -0.34633925, -0.92259834],
        [ 0.7318936 ,  0.99491029,  0.9867379 , ...,  0.34633925,
          0.        , -0.7318936 ],
        [ 0.        ,  0.6042017 ,  0.79118406, ...,  0.92259834,
          0.7318936 ,  0.        ]],

       [[ 0.        ,  0.04865819,  0.0938472 , ..., -0.99613706,
         -0.94492957, -0.83249477],
        [-0.04865819,  0.        ,  0.04529259, ..., -0.9992299 ,
         -0.95973484, -0.85846691],
        [-0.0938472 , -0.04529259,  0.        , ..., -0.99998164,
         -0.97147295, -0.88081508],
        ...,
        [ 0.99613706,  0.9992299 ,  0.99998164, ...,  0.        ,
          0.24303332,  0.47878964],
        [ 0.94492957,  0.95973484,  0.97147295, ..., -0.24303332,
          0.        ,  0.25106838],
        [ 0.83249477,  0.85846691,  0.88081508, ..., -0.47878964,
         -0.25106838,  0.        ]]]), 'num': array([ 3.97039050e+07,  7.63220500e+06,  2.34100000e+03,  1.37000000e+04,
        1.42500000e+04,  1.35000000e+04,  2.13630000e+04, -4.00000000e+02,
        1.32200000e+04,  1.36425000e+04,  1.80491667e+04,  3.93258427e+01,
        1.57301482e+04,  1.15548518e+04])}
{'img': array([[[ 0.        , -0.05892493,  0.24882887, ..., -0.99951004,
         -0.93050869, -0.9630767 ],
        [ 0.05892493,  0.        ,  0.30546811, ..., -0.99592898,
         -0.90730943, -0.94553908],
        [-0.24882887, -0.30546811,  0.        , ..., -0.97586119,
         -0.99238034, -0.99977699],
        ...,
        [ 0.99951004,  0.99592898,  0.97586119, ...,  0.        ,
          0.3369657 ,  0.23895125],
        [ 0.93050869,  0.90730943,  0.99238034, ..., -0.3369657 ,
          0.        , -0.10222769],
        [ 0.9630767 ,  0.94553908,  0.99977699, ..., -0.23895125,
          0.10222769,  0.        ]],

       [[ 0.        , -0.40531284,  0.23197452, ...,  0.11655536,
          0.37262197, -0.01119112],
        [ 0.40531284,  0.        ,  0.60632268, ...,  0.50910266,
          0.71676634,  0.39505678],
        [-0.23197452, -0.60632268,  0.        , ..., -0.11701748,
          0.14718906, -0.24284585],
        ...,
        [-0.11655536, -0.50910266,  0.11701748, ...,  0.        ,
          0.26192082, -0.12766291],
        [-0.37262197, -0.71676634, -0.14718906, ..., -0.26192082,
          0.        , -0.38298381],
        [ 0.01119112, -0.39505678,  0.24284585, ...,  0.12766291,
          0.38298381,  0.        ]],

       [[ 0.        ,  0.04744764,  0.19978411, ..., -0.9474326 ,
         -0.99986409, -0.99330419],
        [-0.04744764,  0.        ,  0.153068  , ..., -0.9311844 ,
         -0.9995202 , -0.997667  ],
        [-0.19978411, -0.153068  ,  0.        , ..., -0.8644103 ,
         -0.98300046, -0.99635984],
        ...,
        [ 0.9474326 ,  0.9311844 ,  0.8644103 , ...,  0.        ,
          0.3355315 ,  0.42726834],
        [ 0.99986409,  0.9995202 ,  0.98300046, ..., -0.3355315 ,
          0.        ,  0.09913679],
        [ 0.99330419,  0.997667  ,  0.99635984, ..., -0.42726834,
         -0.09913679,  0.        ]],

       ...,

       [[ 0.        ,  0.27886791,  0.6332117 , ...,  0.55082786,
          0.62924607, -0.05437935],
        [-0.27886791,  0.        ,  0.39225405, ...,  0.29622781,
          0.3875457 , -0.33067737],
        [-0.6332117 , -0.39225405,  0.        , ..., -0.10216144,
         -0.005113  , -0.67436322],
        ...,
        [-0.55082786, -0.29622781,  0.10216144, ...,  0.        ,
          0.09707385, -0.59539886],
        [-0.62924607, -0.3875457 ,  0.005113  , ..., -0.09707385,
          0.        , -0.67057897],
        [ 0.05437935,  0.33067737,  0.67436322, ...,  0.59539886,
          0.67057897,  0.        ]],

       [[ 0.        , -0.30606448, -0.53822921, ..., -0.99994667,
         -0.94908969, -0.38775285],
        [ 0.30606448,  0.        , -0.25444932, ..., -0.94879907,
         -0.99995576, -0.65126392],
        [ 0.53822921,  0.25444932,  0.        , ..., -0.83719488,
         -0.96943679, -0.8229175 ],
        ...,
        [ 0.99994667,  0.94879907,  0.83719488, ...,  0.        ,
         -0.32479109, -0.92571882],
        [ 0.94908969,  0.99995576,  0.96943679, ...,  0.32479109,
          0.        , -0.75269165],
        [ 0.38775285,  0.65126392,  0.8229175 , ...,  0.92571882,
          0.75269165,  0.        ]],

       [[ 0.        ,  0.04529259,  0.14427911, ..., -0.95973484,
         -0.85846691, -0.68127144],
        [-0.04529259,  0.        ,  0.09931235, ..., -0.97147295,
         -0.88081508, -0.71372787],
        [-0.14427911, -0.09931235,  0.        , ..., -0.99022225,
         -0.92348107, -0.77976009],
        ...,
        [ 0.95973484,  0.97147295,  0.99022225, ...,  0.        ,
          0.25106838,  0.51118126],
        [ 0.85846691,  0.88081508,  0.92348107, ..., -0.25106838,
          0.        ,  0.27902131],
        [ 0.68127144,  0.71372787,  0.77976009, ..., -0.51118126,
         -0.27902131,  0.        ]]]), 'num': array([4.04076960e+07, 7.56369600e+06, 2.34600000e+03, 1.40000000e+04,
       1.41500000e+04, 1.36500000e+04, 7.23900000e+03, 3.00000000e+02,
       1.34800000e+04, 1.35350000e+04, 1.79541667e+04, 4.19354839e+01,
       1.52900214e+04, 1.17799786e+04])}
{'img': array([[[ 0.        ,  0.30546811,  0.26357946, ..., -0.90730943,
         -0.94553908, -0.91747702],
        [-0.30546811,  0.        , -0.04368508, ..., -0.99238034,
         -0.99977699, -0.99513552],
        [-0.26357946,  0.04368508,  0.        , ..., -0.98605043,
         -0.99790001, -0.98988186],
        ...,
        [ 0.90730943,  0.99238034,  0.98605043, ...,  0.        ,
         -0.10222769, -0.02484813],
        [ 0.94553908,  0.99977699,  0.99790001, ...,  0.10222769,
          0.        ,  0.07747818],
        [ 0.91747702,  0.99513552,  0.98988186, ...,  0.02484813,
         -0.07747818,  0.        ]],

       [[ 0.        ,  0.60632268,  0.32396024, ...,  0.71676634,
          0.39505678,  0.02426244],
        [-0.60632268,  0.        , -0.31600488, ...,  0.14718906,
         -0.24284585, -0.58685025],
        [-0.32396024,  0.31600488,  0.        , ...,  0.45220981,
          0.0761434 , -0.30091089],
        ...,
        [-0.71676634, -0.14718906, -0.45220981, ...,  0.        ,
         -0.38298381, -0.69963682],
        [-0.39505678,  0.24284585, -0.0761434 , ...,  0.38298381,
          0.        , -0.37265163],
        [-0.02426244,  0.58685025,  0.30091089, ...,  0.69963682,
          0.37265163,  0.        ]],

       [[ 0.        ,  0.153068  ,  0.26010058, ..., -0.9995202 ,
         -0.997667  , -0.98220727],
        [-0.153068  ,  0.        ,  0.10923583, ..., -0.98300046,
         -0.99635984, -0.99937879],
        [-0.26010058, -0.10923583,  0.        , ..., -0.95706201,
         -0.98108544, -0.99724811],
        ...,
        [ 0.9995202 ,  0.98300046,  0.95706201, ...,  0.        ,
          0.09913679,  0.21813244],
        [ 0.997667  ,  0.99635984,  0.98108544, ..., -0.09913679,
          0.        ,  0.12030839],
        [ 0.98220727,  0.99937879,  0.99724811, ..., -0.21813244,
         -0.12030839,  0.        ]],

       ...,

       [[ 0.        ,  0.39225405,  0.14137179, ...,  0.3875457 ,
         -0.33067737, -0.24931952],
        [-0.39225405,  0.        , -0.25827266, ..., -0.005113  ,
         -0.67436322, -0.60920546],
        [-0.14137179,  0.25827266,  0.        , ...,  0.25332975,
         -0.460775  , -0.38372295],
        ...,
        [-0.3875457 ,  0.005113  , -0.25332975, ...,  0.        ,
         -0.67057897, -0.60514282],
        [ 0.33067737,  0.67436322,  0.460775  , ...,  0.67057897,
          0.        ,  0.08494124],
        [ 0.24931952,  0.60920546,  0.38372295, ...,  0.60514282,
         -0.08494124,  0.        ]],

       [[ 0.        , -0.24855133, -0.46921287, ..., -0.99822902,
         -0.88830472, -0.64005935],
        [ 0.24855133,  0.        , -0.23499639, ..., -0.95211748,
         -0.97457691, -0.81094179],
        [ 0.46921287,  0.23499639,  0.        , ..., -0.8536086 ,
         -0.99993679, -0.92573507],
        ...,
        [ 0.99822902,  0.95211748,  0.8536086 , ...,  0.        ,
         -0.51128474, -0.80504067],
        [ 0.88830472,  0.97457691,  0.99993679, ...,  0.51128474,
          0.        , -0.38855697],
        [ 0.64005935,  0.81094179,  0.92573507, ...,  0.80504067,
          0.38855697,  0.        ]],

       [[ 0.        ,  0.09931235,  0.23492019, ..., -0.88081508,
         -0.71372787, -0.67875221],
        [-0.09931235,  0.        ,  0.13722575, ..., -0.92348107,
         -0.77976009, -0.74832841],
        [-0.23492019, -0.13722575,  0.        , ..., -0.96739059,
         -0.85829749, -0.83227482],
        ...,
        [ 0.88081508,  0.92348107,  0.96739059, ...,  0.        ,
          0.27902131,  0.32547954],
        [ 0.71372787,  0.77976009,  0.85829749, ..., -0.27902131,
          0.        ,  0.04872474],
        [ 0.67875221,  0.74832841,  0.83227482, ..., -0.32547954,
         -0.04872474,  0.        ]]]), 'num': array([ 4.01630000e+07,  6.17750000e+06,  2.44500000e+03,  1.39000000e+04,
        1.45000000e+04,  1.39000000e+04,  9.74400000e+03, -1.00000000e+02,
        1.37200000e+04,  1.35825000e+04,  1.78616667e+04,  4.19354839e+01,
        1.53229813e+04,  1.18420187e+04])}
{'img': array([[[ 0.        , -0.04368508, -0.07172924, ..., -0.99977699,
         -0.99513552, -0.99731072],
        [ 0.04368508,  0.        , -0.02808821, ..., -0.99790001,
         -0.98988186, -0.99315698],
        [ 0.07172924,  0.02808821,  0.        , ..., -0.99568693,
         -0.98550576, -0.9894848 ],
        ...,
        [ 0.99977699,  0.99790001,  0.99568693, ...,  0.        ,
          0.07747818,  0.0522118 ],
        [ 0.99513552,  0.98988186,  0.98550576, ..., -0.07747818,
          0.        , -0.02531765],
        [ 0.99731072,  0.99315698,  0.9894848 , ..., -0.0522118 ,
          0.02531765,  0.        ]],

       [[ 0.        , -0.31600488, -0.38052119, ..., -0.24284585,
         -0.58685025, -0.50885041],
        [ 0.31600488,  0.        , -0.06878983, ...,  0.0761434 ,
         -0.30091089, -0.21074131],
        [ 0.38052119,  0.06878983,  0.        , ...,  0.14455316,
         -0.23459651, -0.14299716],
        ...,
        [ 0.24284585, -0.0761434 , -0.14455316, ...,  0.        ,
         -0.37265163, -0.28456287],
        [ 0.58685025,  0.30091089,  0.23459651, ...,  0.37265163,
          0.        ,  0.09317906],
        [ 0.50885041,  0.21074131,  0.14299716, ...,  0.28456287,
         -0.09317906,  0.        ]],

       [[ 0.        ,  0.10923583,  0.16534944, ..., -0.99635984,
         -0.99937879, -0.99171085],
        [-0.10923583,  0.        ,  0.05662776, ..., -0.98108544,
         -0.99724811, -0.99981199],
        [-0.16534944, -0.05662776,  0.        , ..., -0.96854942,
         -0.99144971, -0.99930569],
        ...,
        [ 0.99635984,  0.98108544,  0.96854942, ...,  0.        ,
          0.12030839,  0.21256243],
        [ 0.99937879,  0.99724811,  0.99144971, ..., -0.12030839,
          0.        ,  0.09345946],
        [ 0.99171085,  0.99981199,  0.99930569, ..., -0.21256243,
         -0.09345946,  0.        ]],

       ...,

       [[ 0.        , -0.25827266, -0.33219723, ..., -0.67436322,
         -0.60920546, -0.60920546],
        [ 0.25827266,  0.        , -0.07732113, ..., -0.460775  ,
         -0.38372295, -0.38372295],
        [ 0.33219723,  0.07732113,  0.        , ..., -0.39077173,
         -0.31117211, -0.31117211],
        ...,
        [ 0.67436322,  0.460775  ,  0.39077173, ...,  0.        ,
          0.08494124,  0.08494124],
        [ 0.60920546,  0.38372295,  0.31117211, ..., -0.08494124,
          0.        ,  0.        ],
        [ 0.60920546,  0.38372295,  0.31117211, ..., -0.08494124,
          0.        ,  0.        ]],

       [[ 0.        , -0.23499639, -0.47267694, ..., -0.97457691,
         -0.81094179, -0.86955288],
        [ 0.23499639,  0.        , -0.25235298, ..., -0.99993679,
         -0.92573507, -0.96125272],
        [ 0.47267694,  0.25235298,  0.        , ..., -0.96473684,
         -0.99120689, -0.99970782],
        ...,
        [ 0.97457691,  0.99993679,  0.96473684, ...,  0.        ,
         -0.38855697, -0.28645877],
        [ 0.81094179,  0.92573507,  0.99120689, ...,  0.38855697,
          0.        ,  0.10832337],
        [ 0.86955288,  0.96125272,  0.99970782, ...,  0.28645877,
         -0.10832337,  0.        ]],

       [[ 0.        ,  0.13722575,  0.34607426, ..., -0.77976009,
         -0.74832841, -0.73948936],
        [-0.13722575,  0.        ,  0.21405415, ..., -0.85829749,
         -0.83227482, -0.82486966],
        [-0.34607426, -0.21405415,  0.        , ..., -0.9482461 ,
         -0.93164794, -0.92676039],
        ...,
        [ 0.77976009,  0.85829749,  0.9482461 , ...,  0.        ,
          0.04872474,  0.06193139],
        [ 0.74832841,  0.83227482,  0.93164794, ..., -0.04872474,
          0.        ,  0.01322662],
        [ 0.73948936,  0.82486966,  0.92676039, ..., -0.06193139,
         -0.01322662,  0.        ]]]), 'num': array([4.01627750e+07, 4.59267500e+06, 2.55900000e+03, 1.39000000e+04,
       1.42500000e+04, 1.37000000e+04, 6.07100000e+03, 0.00000000e+00,
       1.39200000e+04, 1.36675000e+04, 1.77491667e+04, 3.93258427e+01,
       1.52917768e+04, 1.20432232e+04])}
{'img': array([[[ 0.        , -0.02808821, -0.15825339, ..., -0.98988186,
         -0.99315698, -0.99315698],
        [ 0.02808821,  0.        , -0.13045669, ..., -0.98550576,
         -0.9894848 , -0.9894848 ],
        [ 0.15825339,  0.13045669,  0.        , ..., -0.9549527 ,
         -0.96215981, -0.96215981],
        ...,
        [ 0.98988186,  0.98550576,  0.9549527 , ...,  0.        ,
         -0.02531765, -0.02531765],
        [ 0.99315698,  0.9894848 ,  0.96215981, ...,  0.02531765,
          0.        ,  0.        ],
        [ 0.99315698,  0.9894848 ,  0.96215981, ...,  0.02531765,
          0.        ,  0.        ]],

       [[ 0.        , -0.06878983,  0.21149953, ..., -0.30091089,
         -0.21074131, -0.3527192 ],
        [ 0.06878983,  0.        ,  0.2782322 , ..., -0.23459651,
         -0.14299716, -0.28751501],
        [-0.21149953, -0.2782322 ,  0.        , ..., -0.49580072,
         -0.41272359, -0.54264631],
        ...,
        [ 0.30091089,  0.23459651,  0.49580072, ...,  0.        ,
          0.09317906, -0.05480035],
        [ 0.21074131,  0.14299716,  0.41272359, ..., -0.09317906,
          0.        , -0.14760098],
        [ 0.3527192 ,  0.28751501,  0.54264631, ...,  0.05480035,
          0.14760098,  0.        ]],

       [[ 0.        ,  0.05662776,  0.06825357, ..., -0.99724811,
         -0.99981199, -0.99600607],
        [-0.05662776,  0.        ,  0.01164834, ..., -0.99144971,
         -0.99930569, -0.99946388],
        [-0.06825357, -0.01164834,  0.        , ..., -0.98986246,
         -0.9988039 , -0.99977745],
        ...,
        [ 0.99724811,  0.99144971,  0.98986246, ...,  0.        ,
          0.09345946,  0.16288015],
        [ 0.99981199,  0.99930569,  0.9988039 , ..., -0.09345946,
          0.        ,  0.06995585],
        [ 0.99600607,  0.99946388,  0.99977745, ..., -0.16288015,
         -0.06995585,  0.        ]],

       ...,

       [[ 0.        , -0.07732113, -0.09061216, ..., -0.38372295,
         -0.38372295, -0.460775  ],
        [ 0.07732113,  0.        , -0.01333783, ..., -0.31117211,
         -0.31117211, -0.39077173],
        [ 0.09061216,  0.01333783,  0.        , ..., -0.29846877,
         -0.29846877, -0.37845966],
        ...,
        [ 0.38372295,  0.31117211,  0.29846877, ...,  0.        ,
          0.        , -0.08494124],
        [ 0.38372295,  0.31117211,  0.29846877, ...,  0.        ,
          0.        , -0.08494124],
        [ 0.460775  ,  0.39077173,  0.37845966, ...,  0.08494124,
          0.08494124,  0.        ]],

       [[ 0.        , -0.25235298, -0.32140497, ..., -0.92573507,
         -0.96125272, -0.93491196],
        [ 0.25235298,  0.        , -0.07203918, ..., -0.99120689,
         -0.99970782, -0.99420873],
        [ 0.32140497,  0.07203918,  0.        , ..., -0.99816385,
         -0.99885169, -0.99936736],
        ...,
