state_0,state_1,state_2,state_3,state_4,state_5,state_6,state_7,state_8,state_9,state_10,state_11,state_12,state_13,state_14,state_15,state_16,state_17,state_18,state_19,state_20,state_21,state_22,state_23,state_24,state_25,state_26,state_27,state_28,state_29,state_30,state_31,state_32,state_33,state_34,state_35,state_36,state_37,state_38,state_39,state_40,state_41,state_42,state_43,state_44,state_45,state_46,state_47,state_48,state_49,state_50,state_51,state_52,state_53,state_54,state_55,state_56,state_57,state_58,state_59,state_60,state_61,state_62,state_63,state_64,state_65,state_66,state_67,state_68,state_69,state_70,state_71,state_72,state_73,state_74,state_75,state_76,state_77
{'img': array([[[ 0.        , -0.12475586, -0.19975984, ...,  0.51374168,
          0.578201  ,  0.45195122],
        [ 0.12475586,  0.        , -0.07595782, ...,  0.61676171,
          0.67547139,  0.55970789],
        [ 0.19975984,  0.07595782,  0.        , ...,  0.67477009,
          0.72953022,  0.62103639],
        ...,
        [-0.51374168, -0.61676171, -0.67477009, ...,  0.        ,
          0.07690567, -0.07053023],
        [-0.578201  , -0.67547139, -0.72953022, ..., -0.07690567,
          0.        , -0.1470355 ],
        [-0.45195122, -0.55970789, -0.62103639, ...,  0.07053023,
          0.1470355 ,  0.        ]],

       [[ 0.        ,  0.3673221 ,  0.29015583, ...,  0.6292122 ,
          0.61540458, -0.19217197],
        [-0.3673221 ,  0.        , -0.08164755, ...,  0.29973131,
          0.28285652, -0.53921363],
        [-0.29015583,  0.08164755,  0.        , ...,  0.37662428,
          0.36022538, -0.46865231],
        ...,
        [-0.6292122 , -0.29973131, -0.37662428, ...,  0.        ,
         -0.01763914, -0.76684699],
        [-0.61540458, -0.28285652, -0.36022538, ...,  0.01763914,
          0.        , -0.75540635],
        [ 0.19217197,  0.53921363,  0.46865231, ...,  0.76684699,
          0.75540635,  0.        ]],

       [[ 0.        ,  0.05242885,  0.        , ...,  0.72503416,
          0.68514625,  0.6399563 ],
        [-0.05242885,  0.        , -0.05242885, ...,  0.68792856,
          0.64601448,  0.59878922],
        [ 0.        ,  0.05242885,  0.        , ...,  0.72503416,
          0.68514625,  0.6399563 ],
        ...,
        [-0.72503416, -0.68792856, -0.72503416, ...,  0.        ,
         -0.05624982, -0.11637828],
        [-0.68514625, -0.64601448, -0.68514625, ...,  0.05624982,
          0.        , -0.06032642],
        [-0.6399563 , -0.59878922, -0.6399563 , ...,  0.11637828,
          0.06032642,  0.        ]],

       ...,

       [[ 0.        , -0.36803804, -0.46574376, ..., -0.99068637,
         -0.89317061, -0.9304439 ],
        [ 0.36803804,  0.        , -0.10736946, ..., -0.87103746,
         -0.66496631, -0.73027494],
        [ 0.46574376,  0.10736946,  0.        , ..., -0.8132605 ,
         -0.58093087, -0.65270355],
        ...,
        [ 0.99068637,  0.87103746,  0.8132605 , ...,  0.        ,
          0.32391219,  0.23632901],
        [ 0.89317061,  0.66496631,  0.58093087, ..., -0.32391219,
          0.        , -0.09114893],
        [ 0.9304439 ,  0.73027494,  0.65270355, ..., -0.23632901,
          0.09114893,  0.        ]],

       [[ 0.        ,  0.04484875,  0.06354138, ...,  0.90565759,
          0.90024205,  0.88765363],
        [-0.04484875,  0.        ,  0.01871933, ...,  0.92376262,
          0.9188629 ,  0.90741384],
        [-0.06354138, -0.01871933,  0.        , ...,  0.93076961,
          0.92608811,  0.91512141],
        ...,
        [-0.90565759, -0.92376262, -0.93076961, ...,  0.        ,
          0.01260259,  0.04069207],
        [-0.90024205, -0.9188629 , -0.92608811, ..., -0.01260259,
          0.        ,  0.02809669],
        [-0.88765363, -0.90741384, -0.91512141, ..., -0.04069207,
         -0.02809669,  0.        ]],

       [[ 0.        ,  0.03938205,  0.08003128, ...,  0.98567337,
          0.99715097,  0.99871688],
        [-0.03938205,  0.        ,  0.04071346, ...,  0.9915511 ,
          0.99934806,  0.99594772],
        [-0.08003128, -0.04071346,  0.        , ...,  0.99601018,
          0.99998936,  0.99146041],
        ...,
        [-0.98567337, -0.9915511 , -0.99601018, ...,  0.        ,
         -0.09383378, -0.21836532],
        [-0.99715097, -0.99934806, -0.99998936, ...,  0.09383378,
          0.        , -0.12583257],
        [-0.99871688, -0.99594772, -0.99146041, ...,  0.21836532,
          0.12583257,  0.        ]]]), 'num': array([ 6.39787996e+08,  1.02652400e+06,  3.96500000e+03,  1.61100000e+05,
        1.63900000e+05,  1.61000000e+05,  3.22326000e+05, -1.90000000e+03,
        1.63580000e+05,  1.70240000e+05,  1.66278333e+05,  2.60683761e+01,
        1.80821380e+05,  1.59658620e+05])}
{'img': array([[[ 0.        , -0.07595782,  0.29920905, ...,  0.67547139,
          0.55970789,  0.45376229],
        [ 0.07595782,  0.        ,  0.37082265, ...,  0.72953022,
          0.62103639,  0.52013913],
        [-0.29920905, -0.37082265,  0.        , ...,  0.42389379,
          0.28611477,  0.16634235],
        ...,
        [-0.67547139, -0.72953022, -0.42389379, ...,  0.        ,
         -0.1470355 , -0.26732988],
        [-0.55970789, -0.62103639, -0.28611477, ...,  0.1470355 ,
          0.        , -0.12274017],
        [-0.45376229, -0.52013913, -0.16634235, ...,  0.26732988,
          0.12274017,  0.        ]],

       [[ 0.        , -0.08164755,  0.57171472, ...,  0.28285652,
         -0.53921363, -0.23060642],
        [ 0.08164755,  0.        ,  0.63679385, ...,  0.36022538,
         -0.46865231, -0.15038957],
        [-0.57171472, -0.63679385,  0.        , ..., -0.31629683,
         -0.92387959, -0.74550696],
        ...,
        [-0.28285652, -0.36022538,  0.31629683, ...,  0.        ,
         -0.75540635, -0.49642169],
        [ 0.53921363,  0.46865231,  0.92387959, ...,  0.75540635,
          0.        ,  0.33047069],
        [ 0.23060642,  0.15038957,  0.74550696, ...,  0.49642169,
         -0.33047069,  0.        ]],

       [[ 0.        , -0.05242885, -0.03960926, ...,  0.64601448,
          0.59878922,  0.55086644],
        [ 0.05242885,  0.        ,  0.01283293, ...,  0.68514625,
          0.6399563 ,  0.59386558],
        [ 0.03960926, -0.01283293,  0.        , ...,  0.67574226,
          0.63004264,  0.58349177],
        ...,
        [-0.64601448, -0.68514625, -0.67574226, ...,  0.        ,
         -0.06032642, -0.11866922],
        [-0.59878922, -0.6399563 , -0.63004264, ...,  0.06032642,
          0.        , -0.05855295],
        [-0.55086644, -0.59386558, -0.58349177, ...,  0.11866922,
          0.05855295,  0.        ]],

       ...,

       [[ 0.        , -0.10736946, -0.04310517, ..., -0.66496631,
         -0.73027494, -0.75599664],
        [ 0.10736946,  0.        ,  0.06441368, ..., -0.58093087,
         -0.65270355, -0.68134494],
        [ 0.04310517, -0.06441368,  0.        , ..., -0.63215415,
         -0.70014874, -0.72707838],
        ...,
        [ 0.66496631,  0.58093087,  0.63215415, ...,  0.        ,
         -0.09114893, -0.12936309],
        [ 0.73027494,  0.65270355,  0.70014874, ...,  0.09114893,
          0.        , -0.03844156],
        [ 0.75599664,  0.68134494,  0.72707838, ...,  0.12936309,
          0.03844156,  0.        ]],

       [[ 0.        ,  0.01871933,  0.14273747, ...,  0.9188629 ,
          0.90741384,  0.90050459],
        [-0.01871933,  0.        ,  0.1241848 , ...,  0.92608811,
          0.91512141,  0.90848683],
        [-0.14273747, -0.1241848 ,  0.        , ...,  0.9657752 ,
          0.95810618,  0.95335284],
        ...,
        [-0.9188629 , -0.92608811, -0.9657752 , ...,  0.        ,
          0.02809669,  0.04424596],
        [-0.90741384, -0.91512141, -0.95810618, ..., -0.02809669,
          0.        ,  0.01615933],
        [-0.90050459, -0.90848683, -0.95335284, ..., -0.04424596,
         -0.01615933,  0.        ]],

       [[ 0.        ,  0.04071346,  0.06297137, ...,  0.99934806,
          0.99594772,  0.97371382],
        [-0.04071346,  0.        ,  0.0222865 , ...,  0.99998936,
          0.99146041,  0.96363298],
        [-0.06297137, -0.0222865 ,  0.        , ...,  0.99963817,
          0.98830782,  0.95743803],
        ...,
        [-0.99934806, -0.99998936, -0.99963817, ...,  0.        ,
         -0.12583257, -0.26278074],
        [-0.99594772, -0.99146041, -0.98830782, ...,  0.12583257,
          0.        , -0.13928177],
        [-0.97371382, -0.96363298, -0.95743803, ...,  0.26278074,
          0.13928177,  0.        ]]]), 'num': array([ 8.36749760e+07,  6.68209760e+07,  1.06000000e+02,  1.59000000e+05,
        1.62000000e+05,  1.58600000e+05,  3.75242000e+05, -2.10000000e+03,
        1.62500000e+05,  1.69295000e+05,  1.66353333e+05,  2.48979592e+01,
        1.80337006e+05,  1.58252994e+05])}
{'img': array([[[ 0.        ,  0.37082265, -0.23580548, ...,  0.62103639,
          0.52013913,  0.3960642 ],
        [-0.37082265,  0.        , -0.57935898, ...,  0.28611477,
          0.16634235,  0.02732846],
        [ 0.23580548,  0.57935898,  0.        , ...,  0.78834336,
          0.70686846,  0.60141727],
        ...,
        [-0.62103639, -0.28611477, -0.78834336, ...,  0.        ,
         -0.12274017, -0.2598219 ],
        [-0.52013913, -0.16634235, -0.70686846, ...,  0.12274017,
          0.        , -0.13933249],
        [-0.3960642 , -0.02732846, -0.60141727, ...,  0.2598219 ,
          0.13933249,  0.        ]],

       [[ 0.        ,  0.63679385,  0.88798639, ..., -0.46865231,
         -0.15038957,  0.02374652],
        [-0.63679385,  0.        ,  0.39182558, ..., -0.92387959,
         -0.74550696, -0.6183049 ],
        [-0.88798639, -0.39182558,  0.        , ..., -0.99995084,
         -0.94704677, -0.87681569],
        ...,
        [ 0.46865231,  0.92387959,  0.99995084, ...,  0.        ,
          0.33047069,  0.48949742],
        [ 0.15038957,  0.74550696,  0.94704677, ..., -0.33047069,
          0.        ,  0.17382361],
        [-0.02374652,  0.6183049 ,  0.87681569, ..., -0.48949742,
         -0.17382361,  0.        ]],

       [[ 0.        ,  0.01283293, -0.07765714, ...,  0.6399563 ,
          0.59386558,  0.52676526],
        [-0.01283293,  0.        , -0.09044492, ...,  0.63004264,
          0.58349177,  0.51581376],
        [ 0.07765714,  0.09044492,  0.        , ...,  0.69769634,
          0.65455234,  0.5911839 ],
        ...,
        [-0.6399563 , -0.63004264, -0.69769634, ...,  0.        ,
         -0.05855295, -0.13919738],
        [-0.59386558, -0.58349177, -0.65455234, ...,  0.05855295,
          0.        , -0.08097565],
        [-0.52676526, -0.51581376, -0.5911839 , ...,  0.13919738,
          0.08097565,  0.        ]],

       ...,

       [[ 0.        ,  0.06441368, -0.21056141, ..., -0.65270355,
         -0.68134494, -0.70703297],
        [-0.06441368,  0.        , -0.2730937 , ..., -0.70014874,
         -0.72707838, -0.75111676],
        [ 0.21056141,  0.2730937 ,  0.        , ..., -0.4785462 ,
         -0.51194657, -0.54227679],
        ...,
        [ 0.65270355,  0.70014874,  0.4785462 , ...,  0.        ,
         -0.03844156, -0.07407838],
        [ 0.68134494,  0.72707838,  0.51194657, ...,  0.03844156,
          0.        , -0.03568769],
        [ 0.70703297,  0.75111676,  0.54227679, ...,  0.07407838,
          0.03568769,  0.        ]],

       [[ 0.        ,  0.1241848 ,  0.06863712, ...,  0.91512141,
          0.90848683,  0.93175772],
        [-0.1241848 ,  0.        , -0.05578613, ...,  0.95810618,
          0.95335284,  0.96963418],
        [-0.06863712,  0.05578613,  0.        , ...,  0.94063628,
          0.93502872,  0.95448116],
        ...,
        [-0.91512141, -0.95810618, -0.94063628, ...,  0.        ,
          0.01615933, -0.04340169],
        [-0.90848683, -0.95335284, -0.93502872, ..., -0.01615933,
          0.        , -0.05954012],
        [-0.93175772, -0.96963418, -0.95448116, ...,  0.04340169,
          0.05954012,  0.        ]],

       [[ 0.        ,  0.0222865 ,  0.11129253, ...,  0.99146041,
          0.96363298,  0.92154771],
        [-0.0222865 ,  0.        ,  0.08911685, ...,  0.98830782,
          0.95743803,  0.91266575],
        [-0.11129253, -0.08911685,  0.        , ...,  0.97078771,
          0.92790597,  0.87261175],
        ...,
        [-0.99146041, -0.98830782, -0.97078771, ...,  0.        ,
         -0.13928177, -0.2647723 ],
        [-0.96363298, -0.95743803, -0.92790597, ...,  0.13928177,
          0.        , -0.12788057],
        [-0.92154771, -0.91266575, -0.87261175, ...,  0.2647723 ,
          0.12788057,  0.        ]]]), 'num': array([8.41980090e+07, 5.15548090e+07, 2.02000000e+02, 1.61600000e+05,
       1.61900000e+05, 1.58500000e+05, 4.18004000e+05, 2.60000000e+03,
       1.62000000e+05, 1.68400000e+05, 1.66486667e+05, 2.00000000e+01,
       1.78875495e+05, 1.57924505e+05])}
{'img': array([[[ 0.        , -0.57935898, -0.64797874, ...,  0.16634235,
          0.02732846,  0.19839559],
        [ 0.57935898,  0.        , -0.086876  , ...,  0.70686846,
          0.60141727,  0.72954928],
        [ 0.64797874,  0.086876  ,  0.        , ...,  0.76564719,
          0.66855168,  0.7862079 ],
        ...,
        [-0.16634235, -0.70686846, -0.76564719, ...,  0.        ,
         -0.13933249,  0.03259575],
        [-0.02732846, -0.60141727, -0.66855168, ...,  0.13933249,
          0.        ,  0.17153626],
        [-0.19839559, -0.72954928, -0.7862079 , ..., -0.03259575,
         -0.17153626,  0.        ]],

       [[ 0.        ,  0.39182558, -0.30421898, ..., -0.74550696,
         -0.6183049 , -0.52273844],
        [-0.39182558,  0.        , -0.65314737, ..., -0.94704677,
         -0.87681569, -0.81496864],
        [ 0.30421898,  0.65314737,  0.        , ..., -0.50741022,
         -0.34990121, -0.23861716],
        ...,
        [ 0.74550696,  0.94704677,  0.50741022, ...,  0.        ,
          0.17382361,  0.28713551],
        [ 0.6183049 ,  0.87681569,  0.34990121, ..., -0.17382361,
          0.        ,  0.1162605 ],
        [ 0.52273844,  0.81496864,  0.23861716, ..., -0.28713551,
         -0.1162605 ,  0.        ]],

       [[ 0.        , -0.09044492, -0.20444275, ...,  0.58349177,
          0.51581376,  0.48320979],
        [ 0.09044492,  0.        , -0.11507025, ...,  0.65455234,
          0.5911839 ,  0.56041428],
        [ 0.20444275,  0.11507025,  0.        , ...,  0.73719941,
          0.68006527,  0.65199426],
        ...,
        [-0.58349177, -0.65455234, -0.73719941, ...,  0.        ,
         -0.08097565, -0.11842584],
        [-0.51581376, -0.5911839 , -0.68006527, ...,  0.08097565,
          0.        , -0.03763113],
        [-0.48320979, -0.56041428, -0.65199426, ...,  0.11842584,
          0.03763113,  0.        ]],

       ...,

       [[ 0.        , -0.2730937 , -0.42007427, ..., -0.72707838,
         -0.75111676, -0.84609136],
        [ 0.2730937 ,  0.        , -0.15627644, ..., -0.51194657,
         -0.54227679, -0.66835997],
        [ 0.42007427,  0.15627644,  0.        , ..., -0.3714123 ,
         -0.40431058, -0.54390371],
        ...,
        [ 0.72707838,  0.51194657,  0.3714123 , ...,  0.        ,
         -0.03568769, -0.19332747],
        [ 0.75111676,  0.54227679,  0.40431058, ...,  0.03568769,
          0.        , -0.1581899 ],
        [ 0.84609136,  0.66835997,  0.54390371, ...,  0.19332747,
          0.1581899 ,  0.        ]],

       [[ 0.        , -0.05578613, -0.16103434, ...,  0.95335284,
          0.96963418,  0.99631366],
        [ 0.05578613,  0.        , -0.10572552, ...,  0.93502872,
          0.95448116,  0.98997652],
        [ 0.16103434,  0.10572552,  0.        , ...,  0.89230091,
          0.91759675,  0.96949621],
        ...,
        [-0.95335284, -0.93502872, -0.89230091, ...,  0.        ,
         -0.05954012, -0.21896191],
        [-0.96963418, -0.95448116, -0.91759675, ...,  0.05954012,
          0.        , -0.16047817],
        [-0.99631366, -0.98997652, -0.96949621, ...,  0.21896191,
          0.16047817,  0.        ]],

       [[ 0.        ,  0.08911685,  0.19306489, ...,  0.95743803,
          0.91266575,  0.90050722],
        [-0.08911685,  0.        ,  0.10485652, ...,  0.92790597,
          0.87261175,  0.8581726 ],
        [-0.19306489, -0.10485652,  0.        , ...,  0.88369874,
          0.81658791,  0.79961253],
        ...,
        [-0.95743803, -0.92790597, -0.88369874, ...,  0.        ,
         -0.12788057, -0.15641195],
        [-0.91266575, -0.87261175, -0.81658791, ...,  0.12788057,
          0.        , -0.02882113],
        [-0.90050722, -0.8581726 , -0.79961253, ...,  0.15641195,
          0.02882113,  0.        ]]]), 'num': array([8.49973360e+07, 2.77962360e+07, 3.49000000e+02, 1.63900000e+05,
       1.64700000e+05, 1.60400000e+05, 5.88025000e+05, 2.30000000e+03,
       1.61720000e+05, 1.67645000e+05, 1.66575000e+05, 2.94871795e+01,
       1.77080778e+05, 1.58209222e+05])}
{'img': array([[[ 0.        , -0.086876  , -0.5527708 , ...,  0.60141727,
          0.72954928,  0.82254902],
        [ 0.086876  ,  0.        , -0.47828418, ...,  0.66855168,
          0.7862079 ,  0.86884495],
        [ 0.5527708 ,  0.47828418,  0.        , ...,  0.94280904,
          0.9860133 ,  0.99981507],
        ...,
        [-0.60141727, -0.66855168, -0.94280904, ...,  0.        ,
          0.17153626,  0.31514075],
        [-0.72954928, -0.7862079 , -0.9860133 , ..., -0.17153626,
          0.        ,  0.14767405],
        [-0.82254902, -0.86884495, -0.99981507, ..., -0.31514075,
         -0.14767405,  0.        ]],

       [[ 0.        , -0.65314737, -0.57308398, ..., -0.87681569,
         -0.81496864, -0.54654921],
        [ 0.65314737,  0.        ,  0.10129523, ..., -0.34990121,
         -0.23861716,  0.13309933],
        [ 0.57308398, -0.10129523,  0.        , ..., -0.44299347,
         -0.335759  ,  0.03202075],
        ...,
        [ 0.87681569,  0.34990121,  0.44299347, ...,  0.        ,
          0.1162605 ,  0.4714737 ],
        [ 0.81496864,  0.23861716,  0.335759  , ..., -0.1162605 ,
          0.        ,  0.3657487 ],
        [ 0.54654921, -0.13309933, -0.03202075, ..., -0.4714737 ,
         -0.3657487 ,  0.        ]],

       [[ 0.        , -0.11507025, -0.25184894, ...,  0.5911839 ,
          0.56041428,  0.54278353],
        [ 0.11507025,  0.        , -0.13881485, ...,  0.68006527,
          0.65199426,  0.63582236],
        [ 0.25184894,  0.13881485,  0.        , ...,  0.77525345,
          0.75093462,  0.73680878],
        ...,
        [-0.5911839 , -0.68006527, -0.77525345, ...,  0.        ,
         -0.03763113, -0.0587443 ],
        [-0.56041428, -0.65199426, -0.75093462, ...,  0.03763113,
          0.        , -0.02113655],
        [-0.54278353, -0.63582236, -0.73680878, ...,  0.0587443 ,
          0.02113655,  0.        ]],

       ...,

       [[ 0.        , -0.15627644, -0.13640293, ..., -0.54227679,
         -0.66835997, -0.42297638],
        [ 0.15627644,  0.        ,  0.02008879, ..., -0.40431058,
         -0.54390371, -0.27617098],
        [ 0.13640293, -0.02008879,  0.        , ..., -0.42260264,
         -0.56065142, -0.29542275],
        ...,
        [ 0.54227679,  0.40431058,  0.42260264, ...,  0.        ,
         -0.1581899 ,  0.13599436],
        [ 0.66835997,  0.54390371,  0.56065142, ...,  0.1581899 ,
          0.        ,  0.29100227],
        [ 0.42297638,  0.27617098,  0.29542275, ..., -0.13599436,
         -0.29100227,  0.        ]],

       [[ 0.        , -0.10572552, -0.48420237, ...,  0.95448116,
          0.98997652,  0.99946394],
        [ 0.10572552,  0.        , -0.3889834 , ...,  0.91759675,
          0.96949621,  0.99732363],
        [ 0.48420237,  0.3889834 ,  0.        , ...,  0.69070542,
          0.79780103,  0.89033924],
        ...,
        [-0.95448116, -0.91759675, -0.69070542, ...,  0.        ,
         -0.16047817, -0.32935995],
        [-0.98997652, -0.96949621, -0.79780103, ...,  0.16047817,
          0.        , -0.17356705],
        [-0.99946394, -0.99732363, -0.89033924, ...,  0.32935995,
          0.17356705,  0.        ]],

       [[ 0.        ,  0.10485652,  0.23296756, ...,  0.87261175,
          0.8581726 ,  0.87071885],
        [-0.10485652,  0.        ,  0.12971196, ...,  0.81658791,
          0.79961253,  0.81435244],
        [-0.23296756, -0.12971196,  0.        , ...,  0.73481667,
          0.71496303,  0.73219154],
        ...,
        [-0.87261175, -0.81658791, -0.73481667, ...,  0.        ,
         -0.02882113, -0.00386228],
        [-0.8581726 , -0.79961253, -0.71496303, ...,  0.02882113,
          0.        ,  0.02496024],
        [-0.87071885, -0.81435244, -0.73219154, ...,  0.00386228,
         -0.02496024,  0.        ]]]), 'num': array([8.54679120e+07, 2.05836120e+07, 3.93000000e+02, 1.65100000e+05,
       1.66100000e+05, 1.62700000e+05, 4.34813000e+05, 1.20000000e+03,
       1.62140000e+05, 1.67245000e+05, 1.66806667e+05, 3.47639485e+01,
       1.76395841e+05, 1.58094159e+05])}
{'img': array([[[ 0.        , -0.47828418, -0.10372188, ...,  0.7862079 ,
          0.86884495,  0.90433572],
        [ 0.47828418,  0.        ,  0.38461538, ...,  0.9860133 ,
          0.99981507,  0.99833441],
        [ 0.10372188, -0.38461538,  0.        , ...,  0.84606356,
          0.91550977,  0.94372881],
        ...,
        [-0.7862079 , -0.9860133 , -0.84606356, ...,  0.        ,
          0.14767405,  0.22327445],
        [-0.86884495, -0.99981507, -0.91550977, ..., -0.14767405,
          0.        ,  0.07688038],
        [-0.90433572, -0.99833441, -0.94372881, ..., -0.22327445,
         -0.07688038,  0.        ]],

       [[ 0.        ,  0.10129523, -0.39105169, ..., -0.23861716,
          0.13309933, -0.1974855 ],
        [-0.10129523,  0.        , -0.48226924, ..., -0.335759  ,
          0.03202075, -0.29577002],
        [ 0.39105169,  0.48226924,  0.        , ...,  0.16013989,
          0.51007284,  0.20159076],
        ...,
        [ 0.23861716,  0.335759  , -0.16013989, ...,  0.        ,
          0.3657487 ,  0.04213691],
        [-0.13309933, -0.03202075, -0.51007284, ..., -0.3657487 ,
          0.        , -0.32620646],
        [ 0.1974855 ,  0.29577002, -0.20159076, ..., -0.04213691,
          0.32620646,  0.        ]],

       [[ 0.        , -0.13881485, -0.24304873, ...,  0.65199426,
          0.63582236,  0.65995817],
        [ 0.13881485,  0.        , -0.10604326, ...,  0.75093462,
          0.73680878,  0.75786061],
        [ 0.24304873,  0.10604326,  0.        , ...,  0.81672897,
          0.80435027,  0.8227718 ],
        ...,
        [-0.65199426, -0.75093462, -0.81672897, ...,  0.        ,
         -0.02113655,  0.01055124],
        [-0.63582236, -0.73680878, -0.80435027, ...,  0.02113655,
          0.        ,  0.03168426],
        [-0.65995817, -0.75786061, -0.8227718 , ..., -0.01055124,
         -0.03168426,  0.        ]],

       ...,

       [[ 0.        ,  0.02008879,  0.04482348, ..., -0.54390371,
         -0.27617098, -0.1313783 ],
        [-0.02008879,  0.        ,  0.02474583, ..., -0.56065142,
         -0.29542275, -0.15126646],
        [-0.04482348, -0.02474583,  0.        , ..., -0.58097056,
         -0.31897363, -0.17568122],
        ...,
        [ 0.54390371,  0.56065142,  0.58097056, ...,  0.        ,
          0.29100227,  0.42894353],
        [ 0.27617098,  0.29542275,  0.31897363, ..., -0.29100227,
          0.        ,  0.14750841],
        [ 0.1313783 ,  0.15126646,  0.17568122, ..., -0.42894353,
         -0.14750841,  0.        ]],

       [[ 0.        , -0.3889834 , -0.29332868, ...,  0.96949621,
          0.99732363,  0.9999411 ],
        [ 0.3889834 ,  0.        ,  0.10164516, ...,  0.79780103,
          0.89033924,  0.91696882],
        [ 0.29332868, -0.10164516,  0.        , ...,  0.85495298,
          0.93200674,  0.95277182],
        ...,
        [-0.96949621, -0.79780103, -0.85495298, ...,  0.        ,
         -0.17356705, -0.2345698 ],
        [-0.99732363, -0.89033924, -0.93200674, ...,  0.17356705,
          0.        , -0.06228511],
        [-0.9999411 , -0.91696882, -0.95277182, ...,  0.2345698 ,
          0.06228511,  0.        ]],

       [[ 0.        ,  0.12971196,  0.11731338, ...,  0.79961253,
          0.81435244,  0.80843681],
        [-0.12971196,  0.        , -0.012494  , ...,  0.71496303,
          0.73219154,  0.72526066],
        [-0.11731338,  0.012494  ,  0.        , ...,  0.72364256,
          0.74064404,  0.73380585],
        ...,
        [-0.79961253, -0.71496303, -0.72364256, ...,  0.        ,
          0.02496024,  0.01484115],
        [-0.81435244, -0.73219154, -0.74064404, ..., -0.02496024,
          0.        , -0.01012097],
        [-0.80843681, -0.72526066, -0.73380585, ..., -0.01484115,
          0.01012097,  0.        ]]]), 'num': array([ 7.93753390e+07,  1.51345390e+07,  4.26000000e+02,  1.50800000e+05,
        1.66500000e+05,  1.49400000e+05,  1.82680000e+06, -1.43000000e+04,
        1.60080000e+05,  1.66130000e+05,  1.66811667e+05,  2.26256983e+01,
        1.77354812e+05,  1.54905188e+05])}
{'img': array([[[ 0.        ,  0.38461538,  0.41404501, ...,  0.99981507,
          0.99833441,  0.5120186 ],
        [-0.38461538,  0.        ,  0.03209677, ...,  0.91550977,
          0.94372881,  0.1422578 ],
        [-0.41404501, -0.03209677,  0.        , ...,  0.90212567,
          0.93262751,  0.11041417],
        ...,
        [-0.99981507, -0.91550977, -0.90212567, ...,  0.        ,
          0.07688038, -0.848969  ],
        [-0.99833441, -0.94372881, -0.93262751, ..., -0.07688038,
          0.        , -0.8870832 ],
        [-0.5120186 , -0.1422578 , -0.11041417, ...,  0.848969  ,
          0.8870832 ,  0.        ]],

       [[ 0.        , -0.3975738 ,  0.1549247 , ...,  0.02537544,
         -0.23967072,  0.80129485],
        [ 0.3975738 ,  0.        ,  0.5349279 , ...,  0.42072953,
          0.1660715 ,  0.49738794],
        [-0.1549247 , -0.5349279 ,  0.        , ..., -0.12980575,
         -0.3871863 ,  0.88430698],
        ...,
        [-0.02537544, -0.42072953,  0.12980575, ...,  0.        ,
         -0.2642294 ,  0.81621818],
        [ 0.23967072, -0.1660715 ,  0.3871863 , ...,  0.2642294 ,
          0.        ,  0.63455278],
        [-0.80129485, -0.49738794, -0.88430698, ..., -0.81621818,
         -0.63455278,  0.        ]],

       [[ 0.        , -0.10604326, -0.58093005, ...,  0.73680878,
          0.75786061,  0.64657389],
        [ 0.10604326,  0.        , -0.4913402 , ...,  0.80435027,
          0.8227718 ,  0.72382344],
        [ 0.58093005,  0.4913402 ,  0.        , ...,  0.99249557,
          0.99587164,  0.96944435],
        ...,
        [-0.73680878, -0.80435027, -0.99249557, ...,  0.        ,
          0.03168426, -0.1249262 ],
        [-0.75786061, -0.8227718 , -0.99587164, ..., -0.03168426,
          0.        , -0.15629952],
        [-0.64657389, -0.72382344, -0.96944435, ...,  0.1249262 ,
          0.15629952,  0.        ]],

       ...,

       [[ 0.        ,  0.02474583,  0.21226419, ..., -0.29542275,
         -0.15126646, -0.48630883],
        [-0.02474583,  0.        ,  0.18801726, ..., -0.31897363,
         -0.17568122, -0.5077825 ],
        [-0.21226419, -0.18801726,  0.        , ..., -0.49148088,
         -0.35764111, -0.66070067],
        ...,
        [ 0.29542275,  0.31897363,  0.49148088, ...,  0.        ,
          0.14750841, -0.20646667],
        [ 0.15126646,  0.17568122,  0.35764111, ..., -0.14750841,
          0.        , -0.34853823],
        [ 0.48630883,  0.5077825 ,  0.66070067, ...,  0.20646667,
          0.34853823,  0.        ]],

       [[ 0.        ,  0.10164516,  0.15716325, ...,  0.89033924,
          0.91696882,  0.87844786],
        [-0.10164516,  0.        ,  0.05596727, ...,  0.93200674,
          0.95277182,  0.92246808],
        [-0.15716325, -0.05596727,  0.        , ...,  0.95083074,
          0.96827499,  0.94262968],
        ...,
        [-0.89033924, -0.93200674, -0.95083074, ...,  0.        ,
         -0.06228511,  0.02548277],
        [-0.91696882, -0.95277182, -0.96827499, ...,  0.06228511,
          0.        ,  0.08769818],
        [-0.87844786, -0.92246808, -0.94262968, ..., -0.02548277,
         -0.08769818,  0.        ]],

       [[ 0.        , -0.012494  , -0.0361047 , ...,  0.73219154,
          0.72526066,  0.51753534],
        [ 0.012494  ,  0.        , -0.02361602, ...,  0.74064404,
          0.73380585,  0.52818559],
        [ 0.0361047 ,  0.02361602,  0.        , ...,  0.75630503,
          0.74964496,  0.54809133],
        ...,
        [-0.73219154, -0.74064404, -0.75630503, ...,  0.        ,
         -0.01012097, -0.27401566],
        [-0.72526066, -0.73380585, -0.74964496, ...,  0.01012097,
          0.        , -0.26426804],
        [-0.51753534, -0.52818559, -0.54809133, ...,  0.27401566,
          0.26426804,  0.        ]]]), 'num': array([7.98434190e+07, 8.64921900e+06, 4.69000000e+02, 1.51800000e+05,
       1.54300000e+05, 1.50300000e+05, 8.03517000e+05, 1.00000000e+03,
       1.58640000e+05, 1.65105000e+05, 1.66865000e+05, 2.63005780e+01,
       1.77564932e+05, 1.52645068e+05])}
{'img': array([[[ 0.        ,  0.16275407,  0.92221954, ...,  0.99979998,
          0.35901099,  0.49888765],
        [-0.16275407,  0.        ,  0.84699171, ...,  0.9897244 ,
          0.20232037,  0.35118228],
        [-0.92221954, -0.84699171,  0.        , ...,  0.40503372,
         -0.72192066, -0.60635371],
        ...,
        [-0.99979998, -0.9897244 , -0.40503372, ...,  0.        ,
         -0.94032687, -0.87647107],
        [-0.35901099, -0.20232037,  0.72192066, ...,  0.94032687,
          0.        ,  0.15448562],
        [-0.49888765, -0.35118228,  0.60635371, ...,  0.87647107,
         -0.15448562,  0.        ]],

       [[ 0.        ,  0.5349279 ,  0.84946541, ...,  0.1660715 ,
          0.49738794,  0.67581632],
        [-0.5349279 ,  0.        ,  0.43545972, ..., -0.3871863 ,
          0.88430698,  0.17671631],
        [-0.84946541, -0.43545972,  0.        , ..., -0.75004281,
          0.99937914, -0.26952491],
        ...,
        [-0.1660715 ,  0.3871863 ,  0.75004281, ...,  0.        ,
          0.63455278,  0.5440254 ],
        [-0.49738794, -0.88430698, -0.99937914, ..., -0.63455278,
          0.        , -0.9528995 ],
        [-0.67581632, -0.17671631,  0.26952491, ..., -0.5440254 ,
          0.9528995 ,  0.        ]],

       [[ 0.        , -0.4913402 , -0.02498236, ...,  0.8227718 ,
          0.72382344,  0.64117716],
        [ 0.4913402 ,  0.        ,  0.46942802, ...,  0.99587164,
          0.96944435,  0.9354956 ],
        [ 0.02498236, -0.46942802,  0.        , ...,  0.83671427,
          0.74083499,  0.66014833],
        ...,
        [-0.8227718 , -0.99587164, -0.83671427, ...,  0.        ,
         -0.15629952, -0.26696217],
        [-0.72382344, -0.96944435, -0.74083499, ...,  0.15629952,
          0.        , -0.11305418],
        [-0.64117716, -0.9354956 , -0.66014833, ...,  0.26696217,
          0.11305418,  0.        ]],

       ...,

       [[ 0.        ,  0.18801726,  0.50791398, ..., -0.17568122,
         -0.5077825 , -0.40627006],
        [-0.18801726,  0.        ,  0.33689617, ..., -0.35764111,
         -0.66070067, -0.57082587],
        [-0.50791398, -0.33689617,  0.        , ..., -0.65134761,
         -0.87496823, -0.81407215],
        ...,
        [ 0.17568122,  0.35764111,  0.65134761, ...,  0.        ,
         -0.34853823, -0.23942214],
        [ 0.5077825 ,  0.66070067,  0.87496823, ...,  0.34853823,
          0.        ,  0.11399212],
        [ 0.40627006,  0.57082587,  0.81407215, ...,  0.23942214,
         -0.11399212,  0.        ]],

       [[ 0.        ,  0.12033699,  0.32885743, ...,  0.9176462 ,
          0.87918396,  0.86956948],
        [-0.12033699,  0.        ,  0.21282387, ...,  0.95879948,
          0.93013349,  0.92267409],
        [-0.32885743, -0.21282387,  0.        , ...,  0.99729374,
          0.98697819,  0.98359695],
        ...,
        [-0.9176462 , -0.95879948, -0.99729374, ...,  0.        ,
          0.08785609,  0.10757796],
        [-0.87918396, -0.93013349, -0.98697819, ..., -0.08785609,
          0.        ,  0.01981574],
        [-0.86956948, -0.92267409, -0.98359695, ..., -0.10757796,
         -0.01981574,  0.        ]],

       [[ 0.        , -0.02361602, -0.04374413, ...,  0.73380585,
          0.52818559,  0.36563186],
        [ 0.02361602,  0.        , -0.02013851, ...,  0.74964496,
          0.54809133,  0.38751072],
        [ 0.04374413,  0.02013851,  0.        , ...,  0.76282141,
          0.5648244 ,  0.40599713],
        ...,
        [-0.73380585, -0.74964496, -0.76282141, ...,  0.        ,
         -0.26426804, -0.43460143],
        [-0.52818559, -0.54809133, -0.5648244 , ...,  0.26426804,
          0.        , -0.18114518],
        [-0.36563186, -0.38751072, -0.40599713, ...,  0.43460143,
          0.18114518,  0.        ]]]), 'num': array([8.01866490e+07, 5.30914500e+06, 4.91000000e+02, 1.52500000e+05,
       1.54600000e+05, 1.49300000e+05, 3.94752000e+05, 7.00000000e+02,
       1.56820000e+05, 1.64165000e+05, 1.66910000e+05, 2.60869565e+01,
       1.77424604e+05, 1.50905396e+05])}
{'img': array([[[ 0.        ,  0.91826209,  0.90621425, ...,  0.32326428,
          0.4764628 ,  0.55445341],
        [-0.91826209,  0.        , -0.02942195, ..., -0.74095545,
         -0.61866462, -0.5446426 ],
        [-0.90621425,  0.02942195,  0.        , ..., -0.72087624,
         -0.59528128, -0.51973156],
        ...,
        [-0.32326428,  0.74095545,  0.72087624, ...,  0.        ,
          0.16666868,  0.25565879],
        [-0.4764628 ,  0.61866462,  0.59528128, ..., -0.16666868,
          0.        ,  0.09095308],
        [-0.55445341,  0.5446426 ,  0.51973156, ..., -0.25565879,
         -0.09095308,  0.        ]],

       [[ 0.        ,  0.43545972,  0.0549812 , ...,  0.88430698,
          0.17671631, -0.46397242],
        [-0.43545972,  0.        , -0.38530652, ...,  0.99937914,
         -0.26952491, -0.80342362],
        [-0.0549812 ,  0.38530652,  0.        , ...,  0.90864042,
          0.12233311, -0.51197568],
        ...,
        [-0.88430698, -0.99937914, -0.90864042, ...,  0.        ,
         -0.9528995 , -0.56673155],
        [-0.17671631,  0.26952491, -0.12233311, ...,  0.9528995 ,
          0.        , -0.61321442],
        [ 0.46397242,  0.80342362,  0.51197568, ...,  0.56673155,
          0.61321442,  0.        ]],

       [[ 0.        ,  0.46942802,  0.64823497, ...,  0.96944435,
          0.9354956 ,  0.87179411],
        [-0.46942802,  0.        ,  0.21493107, ...,  0.74083499,
          0.66014833,  0.53980883],
        [-0.64823497, -0.21493107,  0.        , ...,  0.57915468,
          0.48327784,  0.34626675],
        ...,
        [-0.96944435, -0.74083499, -0.57915468, ...,  0.        ,
         -0.11305418, -0.26104313],
        [-0.9354956 , -0.66014833, -0.48327784, ...,  0.11305418,
          0.        , -0.15023526],
        [-0.87179411, -0.53980883, -0.34626675, ...,  0.26104313,
          0.15023526,  0.        ]],

       ...,

       [[ 0.        ,  0.33689617,  0.30623163, ..., -0.66070067,
         -0.57082587, -0.57610068],
        [-0.33689617,  0.        , -0.0323808 , ..., -0.87496823,
         -0.81407215, -0.81779464],
        [-0.30623163,  0.0323808 ,  0.        , ..., -0.85883126,
         -0.79483966, -0.79873031],
        ...,
        [ 0.66070067,  0.87496823,  0.85883126, ...,  0.        ,
          0.11399212,  0.10759302],
        [ 0.57082587,  0.81407215,  0.79483966, ..., -0.11399212,
          0.        , -0.0064387 ],
        [ 0.57610068,  0.81779464,  0.79873031, ..., -0.10759302,
          0.0064387 ,  0.        ]],

       [[ 0.        ,  0.30774106,  0.42256506, ...,  0.88021595,
          0.87061515,  0.87707691],
        [-0.30774106,  0.        ,  0.12314229, ...,  0.98354491,
          0.97976206,  0.9823359 ],
        [-0.42256506, -0.12314229,  0.        , ...,  0.99830653,
          0.99695398,  0.9979025 ],
        ...,
        [-0.88021595, -0.98354491, -0.99830653, ...,  0.        ,
          0.0198644 ,  0.00657436],
        [-0.87061515, -0.97976206, -0.99695398, ..., -0.0198644 ,
          0.        , -0.0132909 ],
        [-0.87707691, -0.9823359 , -0.9979025 , ..., -0.00657436,
          0.0132909 ,  0.        ]],

       [[ 0.        , -0.02013851, -0.03047515, ...,  0.54809133,
          0.38751072,  0.25439515],
        [ 0.02013851,  0.        , -0.01033981, ...,  0.5648244 ,
          0.40599713,  0.27381952],
        [ 0.03047515,  0.01033981,  0.        , ...,  0.57332673,
          0.41542471,  0.28374952],
        ...,
        [-0.54809133, -0.5648244 , -0.57332673, ...,  0.        ,
         -0.18114518, -0.31727851],
        [-0.38751072, -0.40599713, -0.41542471, ...,  0.18114518,
          0.        , -0.14024372],
        [-0.25439515, -0.27381952, -0.28374952, ...,  0.31727851,
          0.14024372,  0.        ]]]), 'num': array([8.03898520e+07, 2.56375600e+06, 5.09000000e+02, 1.52900000e+05,
       1.53900000e+05, 1.50800000e+05, 3.24685000e+05, 4.00000000e+02,
       1.54620000e+05, 1.63040000e+05, 1.66958333e+05, 2.85714286e+01,
       1.76112475e+05, 1.49967525e+05])}
{'img': array([[[ 0.        , -0.03085792,  0.03793797, ..., -0.68000796,
         -0.59095152, -0.54502544],
        [ 0.03085792,  0.        ,  0.0687556 , ..., -0.65705895,
         -0.5657768 , -0.518894  ],
        [-0.03793797, -0.0687556 ,  0.        , ..., -0.70733471,
         -0.62113092, -0.576441  ],
        ...,
        [ 0.68000796,  0.65705895,  0.70733471, ...,  0.        ,
          0.11527877,  0.17051671],
        [ 0.59095152,  0.5657768 ,  0.62113092, ..., -0.11527877,
          0.        ,  0.05578941],
        [ 0.54502544,  0.518894  ,  0.576441  , ..., -0.17051671,
         -0.05578941,  0.        ]],

       [[ 0.        , -0.38530652, -0.36784388, ..., -0.26952491,
         -0.80342362, -0.89821295],
        [ 0.38530652,  0.        ,  0.01884958, ...,  0.12233311,
         -0.51197568, -0.65949516],
        [ 0.36784388, -0.01884958,  0.        , ...,  0.10360338,
         -0.5280765 , -0.67354738],
        ...,
        [ 0.26952491, -0.12233311, -0.10360338, ...,  0.        ,
         -0.61321442, -0.74650064],
        [ 0.80342362,  0.51197568,  0.5280765 , ...,  0.61321442,
          0.        , -0.18164968],
        [ 0.89821295,  0.65949516,  0.67354738, ...,  0.74650064,
          0.18164968,  0.        ]],

       [[ 0.        ,  0.49143132,  0.71686582, ...,  0.89924264,
          0.81285211,  0.65252299],
        [-0.49143132,  0.        ,  0.28169876, ...,  0.56818838,
          0.42168213,  0.19590155],
        [-0.71686582, -0.28169876,  0.        , ...,  0.3133689 ,
          0.14917664, -0.08827233],
        ...,
        [-0.89924264, -0.56818838, -0.3133689 , ...,  0.        ,
         -0.16819965, -0.39597181],
        [-0.81285211, -0.42168213, -0.14917664, ...,  0.16819965,
          0.        , -0.23587893],
        [-0.65252299, -0.19590155,  0.08827233, ...,  0.39597181,
          0.23587893,  0.        ]],

       ...,

       [[ 0.        , -0.0323808 , -0.1732069 , ..., -0.81407215,
         -0.81779464, -0.7732383 ],
        [ 0.0323808 ,  0.        , -0.1412247 , ..., -0.79483966,
         -0.79873031, -0.75229965],
        [ 0.1732069 ,  0.1412247 ,  0.        , ..., -0.70117553,
         -0.70575172, -0.65171797],
        ...,
        [ 0.81407215,  0.79483966,  0.70117553, ...,  0.        ,
         -0.0064387 ,  0.06714703],
        [ 0.81779464,  0.79873031,  0.70575172, ...,  0.0064387 ,
          0.        ,  0.07356981],
        [ 0.7732383 ,  0.75229965,  0.65171797, ..., -0.06714703,
         -0.07356981,  0.        ]],

       [[ 0.        ,  0.30063285,  0.39283266, ...,  0.87763437,
          0.8840316 ,  0.93443894],
        [-0.30063285,  0.        ,  0.09819524, ...,  0.98113751,
          0.98366021,  0.99827414],
        [-0.39283266, -0.09819524,  0.        , ...,  0.99537807,
          0.99658492,  0.99921627],
        ...,
