state_0,state_1,state_2,state_3,state_4,state_5,state_6,state_7,state_8,state_9,state_10,state_11,state_12,state_13,state_14,state_15,state_16,state_17,state_18,state_19,state_20,state_21,state_22,state_23,state_24,state_25,state_26,state_27,state_28,state_29,state_30,state_31,state_32,state_33,state_34,state_35,state_36,state_37,state_38,state_39,state_40,state_41,state_42,state_43,state_44,state_45,state_46,state_47,state_48,state_49,state_50,state_51,state_52,state_53,state_54,state_55,state_56,state_57,state_58,state_59,state_60,state_61,state_62,state_63,state_64,state_65,state_66,state_67,state_68,state_69,state_70,state_71,state_72,state_73,state_74,state_75,state_76,state_77
{'img': array([[[ 0.        , -0.19675781, -0.08391918, ..., -0.05588013,
         -0.16844328, -0.05588013],
        [ 0.19675781,  0.        ,  0.11378502, ...,  0.14166258,
          0.02879584,  0.14166258],
        [ 0.08391918, -0.11378502,  0.        , ...,  0.02810504,
         -0.08512902,  0.02810504],
        ...,
        [ 0.05588013, -0.14166258, -0.02810504, ...,  0.        ,
         -0.1130984 ,  0.        ],
        [ 0.16844328, -0.02879584,  0.08512902, ...,  0.1130984 ,
          0.        ,  0.1130984 ],
        [ 0.05588013, -0.14166258, -0.02810504, ...,  0.        ,
         -0.1130984 ,  0.        ]],

       [[ 0.        ,  0.12856668, -0.68019325, ..., -0.49954348,
         -0.65225954, -0.59500982],
        [-0.12856668,  0.        , -0.76879184, ..., -0.60677358,
         -0.74429934, -0.69340316],
        [ 0.68019325,  0.76879184,  0.        , ...,  0.22306204,
          0.0374559 ,  0.11052212],
        ...,
        [ 0.49954348,  0.60677358, -0.22306204, ...,  0.        ,
         -0.18639334, -0.11395805],
        [ 0.65225954,  0.74429934, -0.0374559 , ...,  0.18639334,
          0.        ,  0.07321812],
        [ 0.59500982,  0.69340316, -0.11052212, ...,  0.11395805,
         -0.07321812,  0.        ]],

       [[ 0.        , -0.26899279, -0.42689433, ..., -0.47805036,
         -0.59577993, -0.650736  ],
        [ 0.26899279,  0.        , -0.16790935, ..., -0.22416538,
         -0.35777984, -0.42250398],
        [ 0.42689433,  0.16790935,  0.        , ..., -0.05734653,
         -0.19590548, -0.26431896],
        ...,
        [ 0.47805036,  0.22416538,  0.05734653, ...,  0.        ,
         -0.13934777, -0.20857695],
        [ 0.59577993,  0.35777984,  0.19590548, ...,  0.13934777,
          0.        , -0.07025902],
        [ 0.650736  ,  0.42250398,  0.26431896, ...,  0.20857695,
          0.07025902,  0.        ]],

       ...,

       [[ 0.        , -0.05284712,  0.11828357, ...,  0.41169173,
          0.26725814,  0.22295473],
        [ 0.05284712,  0.        ,  0.17059441, ...,  0.45927725,
          0.31780948,  0.27416008],
        [-0.11828357, -0.17059441,  0.        , ...,  0.30100704,
          0.15140095,  0.10608333],
        ...,
        [-0.41169173, -0.45927725, -0.30100704, ...,  0.        ,
         -0.1531579 , -0.19814514],
        [-0.26725814, -0.31780948, -0.15140095, ...,  0.1531579 ,
          0.        , -0.04568618],
        [-0.22295473, -0.27416008, -0.10608333, ...,  0.19814514,
          0.04568618,  0.        ]],

       [[ 0.        , -0.39734192, -0.57975883, ..., -0.98164228,
         -0.98530434, -0.98720572],
        [ 0.39734192,  0.        , -0.20827817, ..., -0.97660984,
         -0.97205402, -0.96928657],
        [ 0.57975883,  0.20827817,  0.        , ..., -0.91040865,
         -0.90184169, -0.89680707],
        ...,
        [ 0.98164228,  0.97660984,  0.91040865, ...,  0.        ,
          0.02025612,  0.03176647],
        [ 0.98530434,  0.97205402,  0.90184169, ..., -0.02025612,
          0.        ,  0.01151406],
        [ 0.98720572,  0.96928657,  0.89680707, ..., -0.03176647,
         -0.01151406,  0.        ]],

       [[ 0.        , -0.01246272, -0.00905767, ..., -0.56063824,
         -0.41486421, -0.22803231],
        [ 0.01246272,  0.        ,  0.00340524, ..., -0.55027481,
         -0.40349237, -0.21588023],
        [ 0.00905767, -0.00340524,  0.        , ..., -0.55311494,
         -0.40660576, -0.21920392],
        ...,
        [ 0.56063824,  0.55027481,  0.55311494, ...,  0.        ,
          0.16658259,  0.3570428 ],
        [ 0.41486421,  0.40349237,  0.40660576, ..., -0.16658259,
          0.        ,  0.19645122],
        [ 0.22803231,  0.21588023,  0.21920392, ..., -0.3570428 ,
         -0.19645122,  0.        ]]]), 'num': array([5.26100400e+06, 1.65804000e+05, 8.80000000e+01, 5.79000000e+04,
       5.81000000e+04, 5.75000000e+04, 7.32450000e+04, 0.00000000e+00,
       5.76800000e+04, 5.71150000e+04, 5.81133333e+04, 5.66666667e+01,
       5.95614464e+04, 5.46685536e+04])}
{'img': array([[[ 0.        ,  0.11378502,  0.30435518, ...,  0.02879584,
          0.14166258,  0.14166258],
        [-0.11378502,  0.        ,  0.19399161, ..., -0.08512902,
          0.02810504,  0.02810504],
        [-0.30435518, -0.19399161,  0.        , ..., -0.27679925,
         -0.16634385, -0.16634385],
        ...,
        [-0.02879584,  0.08512902,  0.27679925, ...,  0.        ,
          0.1130984 ,  0.1130984 ],
        [-0.14166258, -0.02810504,  0.16634385, ..., -0.1130984 ,
          0.        ,  0.        ],
        [-0.14166258, -0.02810504,  0.16634385, ..., -0.1130984 ,
          0.        ,  0.        ]],

       [[ 0.        , -0.76879184, -0.61183168, ..., -0.74429934,
         -0.69340316, -0.67800934],
        [ 0.76879184,  0.        ,  0.21683929, ...,  0.0374559 ,
          0.11052212,  0.1315166 ],
        [ 0.61183168, -0.21683929,  0.        , ..., -0.1801224 ,
         -0.10761836, -0.08656835],
        ...,
        [ 0.74429934, -0.0374559 ,  0.1801224 , ...,  0.        ,
          0.07321812,  0.09429375],
        [ 0.69340316, -0.11052212,  0.10761836, ..., -0.07321812,
          0.        ,  0.02114877],
        [ 0.67800934, -0.1315166 ,  0.08656835, ..., -0.09429375,
         -0.02114877,  0.        ]],

       [[ 0.        , -0.16790935, -0.24886954, ..., -0.35777984,
         -0.42250398, -0.42250398],
        [ 0.16790935,  0.        , -0.08270978, ..., -0.19590548,
         -0.26431896, -0.26431896],
        [ 0.24886954,  0.08270978,  0.        , ..., -0.11412716,
         -0.18364508, -0.18364508],
        ...,
        [ 0.35777984,  0.19590548,  0.11412716, ...,  0.        ,
         -0.07025902, -0.07025902],
        [ 0.42250398,  0.26431896,  0.18364508, ...,  0.07025902,
          0.        ,  0.        ],
        [ 0.42250398,  0.26431896,  0.18364508, ...,  0.07025902,
          0.        ,  0.        ]],

       ...,

       [[ 0.        ,  0.17059441,  0.41743159, ...,  0.31780948,
          0.27416008,  0.19484283],
        [-0.17059441,  0.        ,  0.25629203, ...,  0.15140095,
          0.10608333,  0.02466182],
        [-0.41743159, -0.25629203,  0.        , ..., -0.10699354,
         -0.15230575, -0.23237599],
        ...,
        [-0.31780948, -0.15140095,  0.10699354, ...,  0.        ,
         -0.04568618, -0.12697738],
        [-0.27416008, -0.10608333,  0.15230575, ...,  0.04568618,
          0.        , -0.08152841],
        [-0.19484283, -0.02466182,  0.23237599, ...,  0.12697738,
          0.08152841,  0.        ]],

       [[ 0.        , -0.20827817, -0.2304905 , ..., -0.97205402,
         -0.96928657, -0.96727735],
        [ 0.20827817,  0.        , -0.02276557, ..., -0.90184169,
         -0.89680707, -0.89321998],
        [ 0.2304905 ,  0.02276557,  0.        , ..., -0.89177172,
         -0.88650266, -0.88275263],
        ...,
        [ 0.97205402,  0.90184169,  0.89177172, ...,  0.        ,
          0.01151406,  0.01955546],
        [ 0.96928657,  0.89680707,  0.88650266, ..., -0.01151406,
          0.        ,  0.0080423 ],
        [ 0.96727735,  0.89321998,  0.88275263, ..., -0.01955546,
         -0.0080423 ,  0.        ]],

       [[ 0.        ,  0.00340524, -0.00597804, ..., -0.40349237,
         -0.21588023, -0.06478148],
        [-0.00340524,  0.        , -0.00938319, ..., -0.40660576,
         -0.21920392, -0.0681792 ],
        [ 0.00597804,  0.00938319,  0.        , ..., -0.39801535,
         -0.21003929, -0.05881484],
        ...,
        [ 0.40349237,  0.40660576,  0.39801535, ...,  0.        ,
          0.19645122,  0.34337086],
        [ 0.21588023,  0.21920392,  0.21003929, ..., -0.19645122,
          0.        ,  0.15217284],
        [ 0.06478148,  0.0681792 ,  0.05881484, ..., -0.34337086,
         -0.15217284,  0.        ]]]), 'num': array([ 3.07816300e+07,  7.65763000e+06,  4.10000000e+02,  5.64000000e+04,
        5.74000000e+04,  5.62000000e+04,  1.58310000e+05, -1.50000000e+03,
        5.75200000e+04,  5.71950000e+04,  5.80966667e+04,  4.75728155e+01,
        5.94288084e+04,  5.49611916e+04])}
{'img': array([[[ 0.        ,  0.19399161,  0.48580594, ...,  0.02810504,
          0.02810504, -0.40920526],
        [-0.19399161,  0.        ,  0.30701557, ..., -0.16634385,
         -0.16634385, -0.57843783],
        [-0.48580594, -0.30701557,  0.        , ..., -0.46104836,
         -0.46104836, -0.80094261],
        ...,
        [-0.02810504,  0.16634385,  0.46104836, ...,  0.        ,
          0.        , -0.43468784],
        [-0.02810504,  0.16634385,  0.46104836, ...,  0.        ,
          0.        , -0.43468784],
        [ 0.40920526,  0.57843783,  0.80094261, ...,  0.43468784,
          0.43468784,  0.        ]],

       [[ 0.        ,  0.21683929,  0.65487046, ...,  0.11052212,
          0.1315166 ,  0.87802583],
        [-0.21683929,  0.        ,  0.47541496, ..., -0.10761836,
         -0.08656835,  0.75335308],
        [-0.65487046, -0.47541496,  0.        , ..., -0.5673324 ,
         -0.54978973,  0.35013056],
        ...,
        [-0.11052212,  0.10761836,  0.5673324 , ...,  0.        ,
          0.02114877,  0.8197494 ],
        [-0.1315166 ,  0.08656835,  0.54978973, ..., -0.02114877,
          0.        ,  0.80745368],
        [-0.87802583, -0.75335308, -0.35013056, ..., -0.8197494 ,
         -0.80745368,  0.        ]],

       [[ 0.        , -0.08270978, -0.07637609, ..., -0.26431896,
         -0.26431896, -0.31370265],
        [ 0.08270978,  0.        ,  0.00635379, ..., -0.18364508,
         -0.18364508, -0.23409311],
        [ 0.07637609, -0.00635379,  0.        , ..., -0.1898871 ,
         -0.1898871 , -0.24026563],
        ...,
        [ 0.26431896,  0.18364508,  0.1898871 , ...,  0.        ,
          0.        , -0.05156945],
        [ 0.26431896,  0.18364508,  0.1898871 , ...,  0.        ,
          0.        , -0.05156945],
        [ 0.31370265,  0.23409311,  0.24026563, ...,  0.05156945,
          0.05156945,  0.        ]],

       ...,

       [[ 0.        ,  0.25629203,  0.47501129, ...,  0.10608333,
          0.02466182, -0.29014627],
        [-0.25629203,  0.        ,  0.23361384, ..., -0.15230575,
         -0.23237599, -0.52572215],
        [-0.47501129, -0.23361384,  0.        , ..., -0.37897974,
         -0.45316492, -0.70990023],
        ...,
        [-0.10608333,  0.15230575,  0.37897974, ...,  0.        ,
         -0.08152841, -0.39002892],
        [-0.02466182,  0.23237599,  0.45316492, ...,  0.08152841,
          0.        , -0.31365895],
        [ 0.29014627,  0.52572215,  0.70990023, ...,  0.39002892,
          0.31365895,  0.        ]],

       [[ 0.        , -0.02276557, -0.04248023, ..., -0.89680707,
         -0.89321998, -0.9181789 ],
        [ 0.02276557,  0.        , -0.0197242 , ..., -0.88650266,
         -0.88275263, -0.90892199],
        [ 0.04248023,  0.0197242 ,  0.        , ..., -0.87720335,
         -0.87331372, -0.90052084],
        ...,
        [ 0.89680707,  0.88650266,  0.87720335, ...,  0.        ,
          0.0080423 , -0.05093792],
        [ 0.89321998,  0.88275263,  0.87331372, ..., -0.0080423 ,
          0.        , -0.05896813],
        [ 0.9181789 ,  0.90892199,  0.90052084, ...,  0.05093792,
          0.05896813,  0.        ]],

       [[ 0.        , -0.00938319, -0.00557656, ..., -0.21920392,
         -0.0681792 ,  0.08474073],
        [ 0.00938319,  0.        ,  0.00380673, ..., -0.21003929,
         -0.05881484,  0.09408644],
        [ 0.00557656, -0.00380673,  0.        , ..., -0.21375958,
         -0.06261455,  0.09029591],
        ...,
        [ 0.21920392,  0.21003929,  0.21375958, ...,  0.        ,
          0.15217284,  0.30109521],
        [ 0.0681792 ,  0.05881484,  0.06261455, ..., -0.15217284,
          0.        ,  0.15247751],
        [-0.08474073, -0.09408644, -0.09029591, ..., -0.30109521,
         -0.15247751,  0.        ]]]), 'num': array([3.09863980e+07, 1.79119800e+06, 5.14000000e+02, 5.68000000e+04,
       5.68000000e+04, 5.64000000e+04, 6.54640000e+04, 4.00000000e+02,
       5.73000000e+04, 5.72650000e+04, 5.80800000e+04, 5.00000000e+01,
       5.93523668e+04, 5.51776332e+04])}
{'img': array([[[ 0.        ,  0.30701557,  0.58888794, ..., -0.16634385,
         -0.57843783, -0.46915646],
        [-0.30701557,  0.        ,  0.31231281, ..., -0.46104836,
         -0.80094261, -0.71762838],
        [-0.58888794, -0.31231281,  0.        , ..., -0.71512499,
         -0.94787344, -0.89923495],
        ...,
        [ 0.16634385,  0.46104836,  0.71512499, ...,  0.        ,
         -0.43468784, -0.31571932],
        [ 0.57843783,  0.80094261,  0.94787344, ...,  0.43468784,
          0.        ,  0.12812382],
        [ 0.46915646,  0.71762838,  0.89923495, ...,  0.31571932,
         -0.12812382,  0.        ]],

       [[ 0.        ,  0.47541496,  0.76307393, ..., -0.08656835,
          0.75335308, -0.20227451],
        [-0.47541496,  0.        ,  0.36405718, ..., -0.54978973,
          0.35013056, -0.64354096],
        [-0.76307393, -0.36405718,  0.        , ..., -0.81615938,
         -0.01490928, -0.87803261],
        ...,
        [ 0.08656835,  0.54978973,  0.81615938, ...,  0.        ,
          0.80745368, -0.11673628],
        [-0.75335308, -0.35013056,  0.01490928, ..., -0.80745368,
          0.        , -0.87079942],
        [ 0.20227451,  0.64354096,  0.87803261, ...,  0.11673628,
          0.87079942,  0.        ]],

       [[ 0.        ,  0.00635379,  0.16566292, ..., -0.18364508,
         -0.23409311, -0.30330194],
        [-0.00635379,  0.        ,  0.15939359, ..., -0.1898871 ,
         -0.24026563, -0.3093503 ],
        [-0.16566292, -0.15939359,  0.        , ..., -0.34395298,
         -0.39191836, -0.45697033],
        ...,
        [ 0.18364508,  0.1898871 ,  0.34395298, ...,  0.        ,
         -0.05156945, -0.12314918],
        [ 0.23409311,  0.24026563,  0.39191836, ...,  0.05156945,
          0.        , -0.07180841],
        [ 0.30330194,  0.3093503 ,  0.45697033, ...,  0.12314918,
          0.07180841,  0.        ]],

       ...,

       [[ 0.        ,  0.23361384, -0.0605288 , ..., -0.23237599,
         -0.52572215, -0.4514053 ],
        [-0.23361384,  0.        , -0.29203944, ..., -0.45316492,
         -0.70990023, -0.64737275],
        [ 0.0605288 ,  0.29203944,  0.        , ..., -0.17307803,
         -0.47326901, -0.39656663],
        ...,
        [ 0.23237599,  0.45316492,  0.17307803, ...,  0.        ,
         -0.31365895, -0.23169503],
        [ 0.52572215,  0.70990023,  0.47326901, ...,  0.31365895,
          0.        ,  0.0851211 ],
        [ 0.4514053 ,  0.64737275,  0.39656663, ...,  0.23169503,
         -0.0851211 ,  0.        ]],

       [[ 0.        , -0.0197242 ,  0.12094001, ..., -0.88275263,
         -0.90892199, -0.92285799],
        [ 0.0197242 ,  0.        ,  0.1404959 , ..., -0.87331372,
         -0.90052084, -0.91508187],
        [-0.12094001, -0.1404959 ,  0.        , ..., -0.93309528,
         -0.95267823, -0.96266293],
        ...,
        [ 0.88275263,  0.87331372,  0.93309528, ...,  0.        ,
         -0.05896813, -0.0936101 ],
        [ 0.90892199,  0.90052084,  0.95267823, ...,  0.05896813,
          0.        , -0.03473802],
        [ 0.92285799,  0.91508187,  0.96266293, ...,  0.0936101 ,
          0.03473802,  0.        ]],

       [[ 0.        ,  0.00380673,  0.03414416, ..., -0.05881484,
          0.09408644,  0.19867824],
        [-0.00380673,  0.        ,  0.0303394 , ..., -0.06261455,
          0.09029591,  0.19494596],
        [-0.03414416, -0.0303394 ,  0.        , ..., -0.0928656 ,
          0.06003888,  0.16509891],
        ...,
        [ 0.05881484,  0.06261455,  0.0928656 , ...,  0.        ,
          0.15247751,  0.25597666],
        [-0.09408644, -0.09029591, -0.06003888, ..., -0.15247751,
          0.        ,  0.10558611],
        [-0.19867824, -0.19494596, -0.16509891, ..., -0.25597666,
         -0.10558611,  0.        ]]]), 'num': array([ 3.03635580e+07,  1.50715800e+06,  5.19000000e+02,  5.56000000e+04,
        5.70000000e+04,  5.56000000e+04,  1.13306000e+05, -1.20000000e+03,
        5.69200000e+04,  5.72900000e+04,  5.80316667e+04,  4.19642857e+01,
        5.92828874e+04,  5.52971126e+04])}
{'img': array([[[ 0.        ,  0.31231281,  0.41487973, ..., -0.80094261,
         -0.71762838, -0.94280904],
        [-0.31231281,  0.        ,  0.10996115, ..., -0.94787344,
         -0.89923495, -0.99975336],
        [-0.41487973, -0.10996115,  0.        , ..., -0.97716422,
         -0.94188616, -0.99613281],
        ...,
        [ 0.80094261,  0.94787344,  0.97716422, ...,  0.        ,
          0.12812382, -0.29751768],
        [ 0.71762838,  0.89923495,  0.94188616, ..., -0.12812382,
          0.        , -0.4173875 ],
        [ 0.94280904,  0.99975336,  0.99613281, ...,  0.29751768,
          0.4173875 ,  0.        ]],

       [[ 0.        ,  0.36405718, -0.25344148, ...,  0.35013056,
         -0.64354096, -0.10495819],
        [-0.36405718,  0.        , -0.58822044, ..., -0.01490928,
         -0.87803261, -0.45980196],
        [ 0.25344148,  0.58822044,  0.        , ...,  0.57609791,
         -0.42854275,  0.15051025],
        ...,
        [-0.35013056,  0.01490928, -0.57609791, ...,  0.        ,
         -0.87079942, -0.44651109],
        [ 0.64354096,  0.87803261,  0.42854275, ...,  0.87079942,
          0.        ,  0.55965022],
        [ 0.10495819,  0.45980196, -0.15051025, ...,  0.44651109,
         -0.55965022,  0.        ]],

       [[ 0.        ,  0.15939359,  0.38445171, ..., -0.24026563,
         -0.3093503 , -0.42813707],
        [-0.15939359,  0.        ,  0.23239313, ..., -0.39191836,
         -0.45697033, -0.56670957],
        [-0.38445171, -0.23239313,  0.        , ..., -0.59499007,
         -0.65116886, -0.74266696],
        ...,
        [ 0.24026563,  0.39191836,  0.59499007, ...,  0.        ,
         -0.07180841, -0.19846436],
        [ 0.3093503 ,  0.45697033,  0.65116886, ...,  0.07180841,
          0.        , -0.12757202],
        [ 0.42813707,  0.56670957,  0.74266696, ...,  0.19846436,
          0.12757202,  0.        ]],

       ...,

       [[ 0.        , -0.29203944, -0.42408701, ..., -0.70990023,
         -0.64737275, -0.83686176],
        [ 0.29203944,  0.        , -0.1411223 , ..., -0.47326901,
         -0.39656663, -0.64051328],
        [ 0.42408701,  0.1411223 ,  0.        , ..., -0.34421545,
         -0.26304675, -0.52572867],
        ...,
        [ 0.70990023,  0.47326901,  0.34421545, ...,  0.        ,
          0.0851211 , -0.20079409],
        [ 0.64737275,  0.39656663,  0.26304675, ..., -0.0851211 ,
          0.        , -0.28345281],
        [ 0.83686176,  0.64051328,  0.52572867, ...,  0.20079409,
          0.28345281,  0.        ]],

       [[ 0.        ,  0.1404959 ,  0.31568105, ..., -0.90052084,
         -0.91508187, -0.92756246],
        [-0.1404959 ,  0.        ,  0.1792382 , ..., -0.95267823,
         -0.96266293, -0.97086105],
        [-0.31568105, -0.1792382 ,  0.        , ..., -0.99173521,
         -0.99559359, -0.99809184],
        ...,
        [ 0.90052084,  0.95267823,  0.99173521, ...,  0.        ,
         -0.03473802, -0.06682012],
        [ 0.91508187,  0.96266293,  0.99559359, ...,  0.03473802,
          0.        , -0.03211942],
        [ 0.92756246,  0.97086105,  0.99809184, ...,  0.06682012,
          0.03211942,  0.        ]],

       [[ 0.        ,  0.0303394 ,  0.07145685, ...,  0.09029591,
          0.19494596,  0.25006273],
        [-0.0303394 ,  0.        ,  0.04116211, ...,  0.06003888,
          0.16509891,  0.2205721 ],
        [-0.07145685, -0.04116211,  0.        , ...,  0.01890014,
          0.12436174,  0.18023685],
        ...,
        [-0.09029591, -0.06003888, -0.01890014, ...,  0.        ,
          0.10558611,  0.16161403],
        [-0.19494596, -0.16509891, -0.12436174, ..., -0.10558611,
          0.        ,  0.05651256],
        [-0.25006273, -0.2205721 , -0.18023685, ..., -0.16161403,
         -0.05651256,  0.        ]]]), 'num': array([3.06761430e+07, 1.39594300e+06, 5.21000000e+02, 5.62000000e+04,
       5.62000000e+04, 5.58000000e+04, 4.56580000e+04, 6.00000000e+02,
       5.65800000e+04, 5.73250000e+04, 5.79750000e+04, 4.24778761e+01,
       5.92127235e+04, 5.54372765e+04])}
{'img': array([[[ 0.        ,  0.10996115,  0.10996115, ..., -0.89923495,
         -0.99975336, -0.96744367],
        [-0.10996115,  0.        ,  0.        , ..., -0.94188616,
         -0.99613281, -0.98940666],
        [-0.10996115,  0.        ,  0.        , ..., -0.94188616,
         -0.99613281, -0.98940666],
        ...,
        [ 0.89923495,  0.94188616,  0.94188616, ...,  0.        ,
         -0.4173875 , -0.19563955],
        [ 0.99975336,  0.99613281,  0.99613281, ...,  0.4173875 ,
          0.        ,  0.23153859],
        [ 0.96744367,  0.98940666,  0.98940666, ...,  0.19563955,
         -0.23153859,  0.        ]],

       [[ 0.        , -0.58822044, -0.69325884, ..., -0.87803261,
         -0.45980196, -0.99941187],
        [ 0.58822044,  0.        , -0.13671506, ..., -0.42854275,
          0.15051025, -0.78805391],
        [ 0.69325884,  0.13671506,  0.        , ..., -0.30099391,
          0.28425468, -0.69649177],
        ...,
        [ 0.87803261,  0.42854275,  0.30099391, ...,  0.        ,
          0.55965022, -0.44821008],
        [ 0.45980196, -0.15051025, -0.28425468, ..., -0.55965022,
          0.        , -0.8717318 ],
        [ 0.99941187,  0.78805391,  0.69649177, ...,  0.44821008,
          0.8717318 ,  0.        ]],

       [[ 0.        ,  0.23239313,  0.44946963, ..., -0.45697033,
         -0.56670957, -0.6617307 ],
        [-0.23239313,  0.        ,  0.22956826, ..., -0.65116886,
         -0.74266696, -0.81784859],
        [-0.44946963, -0.22956826,  0.        , ..., -0.80800471,
         -0.87656513, -0.92810721],
        ...,
        [ 0.45697033,  0.65116886,  0.80800471, ...,  0.        ,
         -0.12757202, -0.24598783],
        [ 0.56670957,  0.74266696,  0.87656513, ...,  0.12757202,
          0.        , -0.12032584],
        [ 0.6617307 ,  0.81784859,  0.92810721, ...,  0.24598783,
          0.12032584,  0.        ]],

       ...,

       [[ 0.        , -0.1411223 , -0.09883357, ..., -0.39656663,
         -0.64051328, -0.6258139 ],
        [ 0.1411223 ,  0.        ,  0.0425869 , ..., -0.26304675,
         -0.52572867, -0.50947936],
        [ 0.09883357, -0.0425869 ,  0.        , ..., -0.30389522,
         -0.56147836, -0.54566244],
        ...,
        [ 0.39656663,  0.26304675,  0.30389522, ...,  0.        ,
         -0.28345281, -0.26518985],
        [ 0.64051328,  0.52572867,  0.56147836, ...,  0.28345281,
          0.        ,  0.01899073],
        [ 0.6258139 ,  0.50947936,  0.54566244, ...,  0.26518985,
         -0.01899073,  0.        ]],

       [[ 0.        ,  0.1792382 ,  0.37573963, ..., -0.96266293,
         -0.97086105, -0.97824593],
        [-0.1792382 ,  0.        ,  0.20355023, ..., -0.99559359,
         -0.99809184, -0.99958663],
        [-0.37573963, -0.20355023,  0.        , ..., -0.99383789,
         -0.98976488, -0.98451187],
        ...,
        [ 0.96266293,  0.99559359,  0.99383789, ...,  0.        ,
         -0.03211942, -0.06511102],
        [ 0.97086105,  0.99809184,  0.98976488, ...,  0.03211942,
          0.        , -0.03302616],
        [ 0.97824593,  0.99958663,  0.98451187, ...,  0.06511102,
          0.03302616,  0.        ]],

       [[ 0.        ,  0.04116211,  0.11791384, ...,  0.16509891,
          0.2205721 ,  0.28354137],
        [-0.04116211,  0.        ,  0.07693895, ...,  0.12436174,
          0.18023685,  0.24382824],
        [-0.11791384, -0.07693895,  0.        , ...,  0.04765144,
          0.10402365,  0.16848868],
        ...,
        [-0.16509891, -0.12436174, -0.04765144, ...,  0.        ,
          0.05651256,  0.12132708],
        [-0.2205721 , -0.18023685, -0.10402365, ..., -0.05651256,
          0.        ,  0.06503811],
        [-0.28354137, -0.24382824, -0.16848868, ..., -0.12132708,
         -0.06503811,  0.        ]]]), 'num': array([ 3.02553040e+07,  1.11490400e+06,  5.26000000e+02,  5.54000000e+04,
        5.64000000e+04,  5.54000000e+04,  1.00331000e+05, -8.00000000e+02,
        5.60800000e+04,  5.72850000e+04,  5.78883333e+04,  4.06779661e+01,
        5.92962434e+04,  5.52737566e+04])}
{'img': array([[[ 0.        ,  0.        ,  0.12316147, ..., -0.99613281,
         -0.98940666, -0.98349055],
        [ 0.        ,  0.        ,  0.12316147, ..., -0.99613281,
         -0.98940666, -0.98349055],
        [-0.12316147, -0.12316147,  0.        , ..., -0.97772789,
         -0.99975336, -0.95371564],
        ...,
        [ 0.99613281,  0.99613281,  0.97772789, ...,  0.        ,
          0.23153859, -0.09384996],
        [ 0.98940666,  0.98940666,  0.99975336, ..., -0.23153859,
          0.        , -0.32181631],
        [ 0.98349055,  0.98349055,  0.95371564, ...,  0.09384996,
          0.32181631,  0.        ]],

       [[ 0.        , -0.13671506, -0.33167429, ...,  0.15051025,
         -0.78805391,  0.00978505],
        [ 0.13671506,  0.        , -0.19958385, ...,  0.28425468,
         -0.69649177,  0.14640169],
        [ 0.33167429,  0.19958385,  0.        , ...,  0.46988647,
         -0.53926454,  0.34088957],
        ...,
        [-0.15051025, -0.28425468, -0.46988647, ...,  0.        ,
         -0.8717318 , -0.14082946],
        [ 0.78805391,  0.69649177,  0.53926454, ...,  0.8717318 ,
          0.        ,  0.79403993],
        [-0.00978505, -0.14640169, -0.34088957, ...,  0.14082946,
         -0.79403993,  0.        ]],

       [[ 0.        ,  0.22956826,  0.45795257, ..., -0.74266696,
         -0.81784859, -0.91395176],
        [-0.22956826,  0.        ,  0.24164101, ..., -0.87656513,
         -0.92810721, -0.98270649],
        [-0.45795257, -0.24164101,  0.        , ..., -0.96688652,
         -0.99056952, -0.99832937],
        ...,
        [ 0.74266696,  0.87656513,  0.96688652, ...,  0.        ,
         -0.12032584, -0.31064658],
        [ 0.81784859,  0.92810721,  0.99056952, ...,  0.12032584,
          0.        , -0.19401679],
        [ 0.91395176,  0.98270649,  0.99832937, ...,  0.31064658,
          0.19401679,  0.        ]],

       ...,

       [[ 0.        ,  0.0425869 ,  0.01140499, ..., -0.52572867,
         -0.50947936, -0.56606997],
        [-0.0425869 ,  0.        , -0.03118949, ..., -0.56147836,
         -0.54566244, -0.60066323],
        [-0.01140499,  0.03118949,  0.        , ..., -0.53539616,
         -0.51926002, -0.57543494],
        ...,
        [ 0.52572867,  0.56147836,  0.53539616, ...,  0.        ,
          0.01899073, -0.04814051],
        [ 0.50947936,  0.54566244,  0.51926002, ..., -0.01899073,
          0.        , -0.06710054],
        [ 0.56606997,  0.60066323,  0.57543494, ...,  0.04814051,
          0.06710054,  0.        ]],

       [[ 0.        ,  0.20355023,  0.53736543, ..., -0.99809184,
         -0.99958663, -0.99768857],
        [-0.20355023,  0.        ,  0.35445143, ..., -0.98976488,
         -0.98451187, -0.99063318],
        [-0.53736543, -0.35445143,  0.        , ..., -0.8749209 ,
         -0.85845017, -0.8779154 ],
        ...,
        [ 0.99809184,  0.98976488,  0.8749209 , ...,  0.        ,
         -0.03302616,  0.00621852],
        [ 0.99958663,  0.98451187,  0.85845017, ...,  0.03302616,
          0.        ,  0.03924065],
        [ 0.99768857,  0.99063318,  0.8779154 , ..., -0.00621852,
         -0.03924065,  0.        ]],

       [[ 0.        ,  0.07693895,  0.23598683, ...,  0.18023685,
          0.24382824,  0.16943794],
        [-0.07693895,  0.        ,  0.16052142, ...,  0.10402365,
          0.16848868,  0.09310922],
        [-0.23598683, -0.16052142,  0.        , ..., -0.05697585,
          0.00807724, -0.06792229],
        ...,
        [-0.18023685, -0.10402365,  0.05697585, ...,  0.        ,
          0.06503811, -0.01096768],
        [-0.24382824, -0.16848868, -0.00807724, ..., -0.06503811,
          0.        , -0.07597866],
        [-0.16943794, -0.09310922,  0.06792229, ...,  0.01096768,
          0.07597866,  0.        ]]]), 'num': array([3.03082730e+07, 8.93273000e+05, 5.30000000e+02, 5.55000000e+04,
       5.58000000e+04, 5.51000000e+04, 9.50020000e+04, 1.00000000e+02,
       5.59000000e+04, 5.72250000e+04, 5.77983333e+04, 4.33628319e+01,
       5.93696445e+04, 5.50803555e+04])}
{'img': array([[[ 0.00000000e+00,  1.23161474e-01, -1.77668305e-01, ...,
         -9.89406660e-01, -9.83490547e-01, -9.91106935e-01],
        [-1.23161474e-01,  0.00000000e+00, -2.97517681e-01, ...,
         -9.99753362e-01, -9.53715644e-01, -9.67172458e-01],
        [ 1.77668305e-01,  2.97517681e-01,  0.00000000e+00, ...,
         -9.47873437e-01, -9.99994404e-01, -9.98980782e-01],
        ...,
        [ 9.89406660e-01,  9.99753362e-01,  9.47873437e-01, ...,
          0.00000000e+00, -3.21816311e-01, -2.75537623e-01],
        [ 9.83490547e-01,  9.53715644e-01,  9.99994404e-01, ...,
          3.21816311e-01,  0.00000000e+00,  4.84792876e-02],
        [ 9.91106935e-01,  9.67172458e-01,  9.98980782e-01, ...,
          2.75537623e-01, -4.84792876e-02,  0.00000000e+00]],

       [[ 0.00000000e+00, -1.99583852e-01,  1.50764523e-01, ...,
         -6.96491775e-01,  1.46401686e-01,  8.62046581e-02],
        [ 1.99583852e-01,  0.00000000e+00,  3.45033803e-01, ...,
         -5.39264542e-01,  3.40889574e-01,  2.83311176e-01],
        [-1.50764523e-01, -3.45033803e-01,  0.00000000e+00, ...,
         -7.96713978e-01, -4.41179794e-03, -6.49839808e-02],
        ...,
        [ 6.96491775e-01,  5.39264542e-01,  7.96713978e-01, ...,
          0.00000000e+00,  7.94039926e-01,  7.55756475e-01],
        [-1.46401686e-01, -3.40889574e-01,  4.41179794e-03, ...,
         -7.94039926e-01,  0.00000000e+00, -6.05808756e-02],
        [-8.62046581e-02, -2.83311176e-01,  6.49839808e-02, ...,
         -7.55756475e-01,  6.05808756e-02,  0.00000000e+00]],

       [[ 0.00000000e+00,  2.41641015e-01,  3.26027473e-01, ...,
         -9.28107212e-01, -9.82706493e-01, -9.94209836e-01],
        [-2.41641015e-01,  0.00000000e+00,  8.79280610e-02, ...,
         -9.90569520e-01, -9.98329368e-01, -9.90712927e-01],
        [-3.26027473e-01, -8.79280610e-02,  0.00000000e+00, ...,
         -9.98779988e-01, -9.89382224e-01, -9.74920128e-01],
        ...,
        [ 9.28107212e-01,  9.90569520e-01,  9.98779988e-01, ...,
          0.00000000e+00, -1.94016786e-01, -2.70426556e-01],
        [ 9.82706493e-01,  9.98329368e-01,  9.89382224e-01, ...,
          1.94016786e-01,  0.00000000e+00, -7.85001282e-02],
        [ 9.94209836e-01,  9.90712927e-01,  9.74920128e-01, ...,
          2.70426556e-01,  7.85001282e-02,  0.00000000e+00]],

       ...,

       [[ 0.00000000e+00, -3.11894896e-02, -4.92390017e-01, ...,
         -5.45662439e-01, -6.00663228e-01, -5.18189942e-01],
        [ 3.11894896e-02,  0.00000000e+00, -4.65003922e-01, ...,
         -5.19260018e-01, -5.75434935e-01, -4.91262541e-01],
        [ 4.92390017e-01,  4.65003922e-01,  0.00000000e+00, ...,
         -6.23054350e-02, -1.29135184e-01, -2.98951762e-02],
        ...,
        [ 5.45662439e-01,  5.19260018e-01,  6.23054350e-02, ...,
          0.00000000e+00, -6.71005395e-02,  3.24404932e-02],
        [ 6.00663228e-01,  5.75434935e-01,  1.29135184e-01, ...,
          6.71005395e-02,  0.00000000e+00,  9.94326018e-02],
        [ 5.18189942e-01,  4.91262541e-01,  2.98951762e-02, ...,
         -3.24404932e-02, -9.94326018e-02,  0.00000000e+00]],

       [[ 0.00000000e+00,  3.54451431e-01, -4.75607017e-02, ...,
         -9.84511868e-01, -9.90633176e-01, -9.94683109e-01],
        [-3.54451431e-01,  0.00000000e+00, -3.98523111e-01, ...,
         -8.58450174e-01, -8.77915397e-01, -8.93600241e-01],
        [ 4.75607017e-02,  3.98523111e-01,  0.00000000e+00, ...,
         -9.91735989e-01, -9.96006541e-01, -9.98455422e-01],
        ...,
        [ 9.84511868e-01,  8.58450174e-01,  9.91735989e-01, ...,
          0.00000000e+00,  3.92406517e-02,  7.29977441e-02],
        [ 9.90633176e-01,  8.77915397e-01,  9.96006541e-01, ...,
         -3.92406517e-02,  0.00000000e+00,  3.38055586e-02],
        [ 9.94683109e-01,  8.93600241e-01,  9.98455422e-01, ...,
         -7.29977441e-02, -3.38055586e-02,  0.00000000e+00]],

       [[ 0.00000000e+00,  1.60521418e-01,  4.72023168e-01, ...,
          1.68488675e-01,  9.31092150e-02,  7.31548578e-04],
        [-1.60521418e-01,  0.00000000e+00,  3.24388683e-01, ...,
          8.07723611e-03, -6.79222895e-02, -1.59799313e-01],
        [-4.72023168e-01, -3.24388683e-01,  0.00000000e+00, ...,
         -3.16737650e-01, -3.87888860e-01, -4.71378119e-01],
        ...,
        [-1.68488675e-01, -8.07723611e-03,  3.16737650e-01, ...,
          0.00000000e+00, -7.59786564e-02, -1.67767540e-01],
        [-9.31092150e-02,  6.79222895e-02,  3.87888860e-01, ...,
          7.59786564e-02,  0.00000000e+00, -9.23808195e-02],
        [-7.31548578e-04,  1.59799313e-01,  4.71378119e-01, ...,
          1.67767540e-01,  9.23808195e-02,  0.00000000e+00]]]), 'num': array([3.04675660e+07, 8.37766000e+05, 5.31000000e+02, 5.58000000e+04,
       5.62000000e+04, 5.54000000e+04, 7.73420000e+04, 3.00000000e+02,
       5.57000000e+04, 5.71700000e+04, 5.77133333e+04, 2.80898876e+01,
       5.93998879e+04, 5.49401121e+04])}
{'img': array([[[ 0.        , -0.29751768, -0.08401353, ..., -0.95371564,
         -0.96717246, -0.99190372],
        [ 0.29751768,  0.        ,  0.21625675, ..., -0.9999944 ,
         -0.99898078, -0.98476907],
        [ 0.08401353, -0.21625675,  0.        , ..., -0.9756076 ,
         -0.98510272, -0.99906602],
        ...,
        [ 0.95371564,  0.9999944 ,  0.9756076 , ...,  0.        ,
          0.04847929,  0.17716089],
        [ 0.96717246,  0.99898078,  0.98510272, ..., -0.04847929,
          0.        ,  0.12924014],
        [ 0.99190372,  0.98476907,  0.99906602, ..., -0.17716089,
         -0.12924014,  0.        ]],

       [[ 0.        ,  0.3450338 , -0.12374777, ...,  0.34088957,
          0.28331118,  0.06862163],
        [-0.3450338 ,  0.        , -0.45853022, ..., -0.0044118 ,
         -0.06498398, -0.27981288],
        [ 0.12374777,  0.45853022,  0.        , ...,  0.45460508,
          0.39981114,  0.19155025],
        ...,
        [-0.34088957,  0.0044118 , -0.45460508, ...,  0.        ,
         -0.06058088, -0.27557459],
        [-0.28331118,  0.06498398, -0.39981114, ...,  0.06058088,
          0.        , -0.21683327],
        [-0.06862163,  0.27981288, -0.19155025, ...,  0.27557459,
          0.21683327,  0.        ]],

       [[ 0.        ,  0.08792806,  0.13646826, ..., -0.99832937,
         -0.99071293, -0.97322866],
        [-0.08792806,  0.        ,  0.04883425, ..., -0.98938222,
         -0.97492013, -0.94924988],
        [-0.13646826, -0.04883425,  0.        , ..., -0.98110437,
         -0.96288864, -0.93275784],
        ...,
        [ 0.99832937,  0.98938222,  0.98110437, ...,  0.        ,
         -0.07850013, -0.17322234],
        [ 0.99071293,  0.97492013,  0.96288864, ...,  0.07850013,
          0.        , -0.09537437],
        [ 0.97322866,  0.94924988,  0.93275784, ...,  0.17322234,
          0.09537437,  0.        ]],

       ...,

       [[ 0.        , -0.46500392, -0.32912682, ..., -0.57543494,
         -0.49126254, -0.92673683],
        [ 0.46500392,  0.        ,  0.14771775, ..., -0.12913518,
         -0.02989518, -0.64574096],
        [ 0.32912682, -0.14771775,  0.        , ..., -0.27419943,
         -0.17721894, -0.75144776],
        ...,
        [ 0.57543494,  0.12913518,  0.27419943, ...,  0.        ,
          0.0994326 , -0.54173215],
        [ 0.49126254,  0.02989518,  0.17721894, ..., -0.0994326 ,
          0.        , -0.62262568],
        [ 0.92673683,  0.64574096,  0.75144776, ...,  0.54173215,
          0.62262568,  0.        ]],

       [[ 0.        , -0.39852311, -0.70678344, ..., -0.8779154 ,
         -0.89360024, -0.89969332],
        [ 0.39852311,  0.        , -0.36630509, ..., -0.99600654,
         -0.99845542, -0.99912551],
        [ 0.70678344,  0.36630509,  0.        , ..., -0.95948274,
         -0.94940902, -0.94499693],
        ...,
        [ 0.8779154 ,  0.99600654,  0.95948274, ...,  0.        ,
          0.03380556,  0.0475575 ],
        [ 0.89360024,  0.99845542,  0.94940902, ..., -0.03380556,
          0.        ,  0.01376301],
        [ 0.89969332,  0.99912551,  0.94499693, ..., -0.0475575 ,
         -0.01376301,  0.        ]],

       [[ 0.        ,  0.32438868,  0.78007718, ..., -0.06792229,
         -0.15979931, -0.22789888],
        [-0.32438868,  0.        ,  0.53492905, ..., -0.38788886,
         -0.47137812, -0.53142732],
        [-0.78007718, -0.53492905,  0.        , ..., -0.82077353,
         -0.87003658, -0.90214182],
        ...,
        [ 0.06792229,  0.38788886,  0.82077353, ...,  0.        ,
         -0.09238082, -0.16123767],
        [ 0.15979931,  0.47137812,  0.87003658, ...,  0.09238082,
          0.        , -0.0693761 ],
        [ 0.22789888,  0.53142732,  0.90214182, ...,  0.16123767,
          0.0693761 ,  0.        ]]]), 'num': array([3.04675350e+07, 6.14535000e+05, 5.35000000e+02, 5.58000000e+04,
       5.60000000e+04, 5.55000000e+04, 5.07160000e+04, 0.00000000e+00,
       5.57400000e+04, 5.71200000e+04, 5.76233333e+04, 3.04878049e+01,
       5.94244305e+04, 5.48155695e+04])}
{'img': array([[[ 0.        ,  0.21625675, -0.21781176, ..., -0.99898078,
         -0.98476907, -0.98476907],
        [-0.21625675,  0.        , -0.42372218, ..., -0.98510272,
         -0.99906602, -0.99906602],
        [ 0.21781176,  0.42372218,  0.        , ..., -0.96516457,
         -0.92325519, -0.92325519],
        ...,
        [ 0.99898078,  0.98510272,  0.96516457, ...,  0.        ,
          0.12924014,  0.12924014],
        [ 0.98476907,  0.99906602,  0.92325519, ..., -0.12924014,
          0.        ,  0.        ],
        [ 0.98476907,  0.99906602,  0.92325519, ..., -0.12924014,
          0.        ,  0.        ]],

       [[ 0.        , -0.45853022,  0.56359179, ..., -0.06498398,
         -0.27981288, -0.6822166 ],
        [ 0.45853022,  0.        ,  0.87962255, ...,  0.39981114,
          0.19155025, -0.27101701],
        [-0.56359179, -0.87962255,  0.        , ..., -0.61608077,
         -0.77221926, -0.97561758],
        ...,
        [ 0.06498398, -0.39981114,  0.61608077, ...,  0.        ,
         -0.21683327, -0.63326156],
        [ 0.27981288, -0.19155025,  0.77221926, ...,  0.21683327,
          0.        , -0.45037994],
        [ 0.6822166 ,  0.27101701,  0.97561758, ...,  0.63326156,
          0.45037994,  0.        ]],

       [[ 0.        ,  0.04883425, -0.08792806, ..., -0.97492013,
         -0.94924988, -0.95533765],
        [-0.04883425,  0.        , -0.13646826, ..., -0.96288864,
         -0.93275784, -0.93976651],
        [ 0.08792806,  0.13646826,  0.        , ..., -0.99071293,
         -0.97322866, -0.97762165],
        ...,
        [ 0.97492013,  0.96288864,  0.99071293, ...,  0.        ,
         -0.09537437, -0.07548973],
        [ 0.94924988,  0.93275784,  0.97322866, ...,  0.09537437,
          0.        ,  0.01995661],
        [ 0.95533765,  0.93976651,  0.97762165, ...,  0.07548973,
         -0.01995661,  0.        ]],

       ...,

       [[ 0.        ,  0.14771775,  0.07624863, ..., -0.02989518,
         -0.64574096, -0.53760265],
        [-0.14771775,  0.        , -0.07187557, ..., -0.17721894,
         -0.75144776, -0.65626028],
        [-0.07624863,  0.07187557,  0.        , ..., -0.1060227 ,
         -0.70208125, -0.60033032],
        ...,
        [ 0.02989518,  0.17721894,  0.1060227 , ...,  0.        ,
         -0.62262568, -0.51215481],
        [ 0.64574096,  0.75144776,  0.70208125, ...,  0.62262568,
          0.        ,  0.13399765],
        [ 0.53760265,  0.65626028,  0.60033032, ...,  0.51215481,
         -0.13399765,  0.        ]],

       [[ 0.        , -0.51712146, -0.53985383, ..., -0.95630701,
         -0.96034072, -0.96345546],
        [ 0.51712146,  0.        , -0.02677586, ..., -0.96970254,
         -0.96615571, -0.96315371],
        [ 0.53985383,  0.02677586,  0.        , ..., -0.96281382,
         -0.95890222, -0.95560697],
        ...,
        [ 0.95630701,  0.96970254,  0.96281382, ...,  0.        ,
          0.01412309,  0.02551539],
        [ 0.96034072,  0.96615571,  0.95890222, ..., -0.01412309,
          0.        ,  0.01139436],
        [ 0.96345546,  0.96315371,  0.95560697, ..., -0.02551539,
         -0.01139436,  0.        ]],

       [[ 0.        ,  0.53492905,  0.6307059 , ..., -0.47137812,
         -0.53142732, -0.58436815],
        [-0.53492905,  0.        ,  0.11776482, ..., -0.87003658,
         -0.90214182, -0.92781975],
        [-0.6307059 , -0.11776482,  0.        , ..., -0.92203899,
         -0.94667269, -0.96529321],
        ...,
        [ 0.47137812,  0.87003658,  0.92203899, ...,  0.        ,
         -0.0693761 , -0.13285451],
        [ 0.53142732,  0.90214182,  0.94667269, ...,  0.0693761 ,
          0.        , -0.06377328],
        [ 0.58436815,  0.92781975,  0.96529321, ...,  0.13285451,
          0.06377328,  0.        ]]]), 'num': array([ 3.01980040e+07,  3.91304000e+05,  5.39000000e+02,  5.53000000e+04,
        5.59000000e+04,  5.52000000e+04,  9.95310000e+04, -5.00000000e+02,
        5.55600000e+04,  5.70150000e+04,  5.75383333e+04,  3.28947368e+01,
        5.94466867e+04,  5.45833133e+04])}
{'img': array([[[ 0.        , -0.42372218,  0.69166109, ..., -0.99906602,
         -0.99906602, -0.96278697],
        [ 0.42372218,  0.        ,  0.9325228 , ..., -0.92325519,
         -0.92325519, -0.9866007 ],
        [-0.69166109, -0.9325228 ,  0.        , ..., -0.69166109,
         -0.69166109, -0.50841681],
        ...,
        [ 0.99906602,  0.92325519,  0.69166109, ...,  0.        ,
          0.        , -0.22840713],
        [ 0.99906602,  0.92325519,  0.69166109, ...,  0.        ,
          0.        , -0.22840713],
        [ 0.96278697,  0.9866007 ,  0.50841681, ...,  0.22840713,
          0.22840713,  0.        ]],

       [[ 0.        ,  0.87962255,  0.82903478, ...,  0.19155025,
         -0.27101701,  0.44658318],
        [-0.87962255,  0.        ,  0.88623124, ..., -0.77221926,
         -0.97561758, -0.57460808],
        [-0.82903478, -0.88623124,  0.        , ..., -0.92079772,
         -0.64645587, -0.99150033],
        ...,
        [-0.19155025,  0.77221926,  0.92079772, ...,  0.        ,
         -0.45037994,  0.26692564],
        [ 0.27101701,  0.97561758,  0.64645587, ...,  0.45037994,
          0.        ,  0.67235994],
        [-0.44658318,  0.57460808,  0.99150033, ..., -0.26692564,
         -0.67235994,  0.        ]],

       [[ 0.        , -0.13646826, -0.01258906, ..., -0.93275784,
         -0.93976651, -0.90347423],
        [ 0.13646826,  0.        ,  0.12398616, ..., -0.97322866,
         -0.97762165, -0.95351781],
        [ 0.01258906, -0.12398616,  0.        , ..., -0.93722233,
         -0.94399519, -0.90879884],
        ...,
        [ 0.93275784,  0.97322866,  0.93722233, ...,  0.        ,
          0.01995661, -0.0741139 ],
        [ 0.93976651,  0.97762165,  0.94399519, ..., -0.01995661,
          0.        , -0.09400086],
        [ 0.90347423,  0.95351781,  0.90879884, ...,  0.0741139 ,
          0.09400086,  0.        ]],

       ...,

       [[ 0.        , -0.07187557,  0.3939774 , ..., -0.75144776,
         -0.65626028, -0.56340821],
        [ 0.07187557,  0.        ,  0.4590207 , ..., -0.70208125,
         -0.60033032, -0.50256895],
        [-0.3939774 , -0.4590207 ,  0.        , ..., -0.95061413,
         -0.90045161, -0.84333555],
        ...,
        [ 0.75144776,  0.70208125,  0.95061413, ...,  0.        ,
          0.13399765,  0.24909754],
        [ 0.65626028,  0.60033032,  0.90045161, ..., -0.13399765,
          0.        ,  0.11707726],
        [ 0.56340821,  0.50256895,  0.84333555, ..., -0.24909754,
         -0.11707726,  0.        ]],

       [[ 0.        , -0.02677586,  0.19759067, ..., -0.96615571,
         -0.96315371, -0.96033706],
        [ 0.02677586,  0.        ,  0.22376779, ..., -0.95890222,
         -0.95560697, -0.95252652],
        [-0.19759067, -0.22376779,  0.        , ..., -0.99807799,
         -0.99730708, -0.99650018],
        ...,
        [ 0.96615571,  0.95890222,  0.99807799, ...,  0.        ,
          0.01139436,  0.02167642],
        [ 0.96315371,  0.95560697,  0.99730708, ..., -0.01139436,
          0.        ,  0.01028333],
        [ 0.96033706,  0.95252652,  0.99650018, ..., -0.02167642,
         -0.01028333,  0.        ]],

       [[ 0.        ,  0.11776482,  0.09240635, ..., -0.90214182,
         -0.92781975, -0.96743075],
        [-0.11776482,  0.        , -0.02549761, ..., -0.94667269,
         -0.96529321, -0.99050939],
        [-0.09240635,  0.02549761,  0.        , ..., -0.93814966,
         -0.9583202 , -0.98668284],
        ...,
        [ 0.90214182,  0.94667269,  0.93814966, ...,  0.        ,
         -0.06377328, -0.18902354],
        [ 0.92781975,  0.96529321,  0.9583202 , ...,  0.06377328,
          0.        , -0.12601516],
        [ 0.96743075,  0.99050939,  0.98668284, ...,  0.18902354,
          0.12601516,  0.        ]]]), 'num': array([3.05214040e+07, 3.91304000e+05, 5.39000000e+02, 5.59000000e+04,
       5.59000000e+04, 5.54000000e+04, 6.34370000e+04, 6.00000000e+02,
       5.56600000e+04, 5.69150000e+04, 5.74533333e+04, 4.13333333e+01,
       5.93573554e+04, 5.44726446e+04])}
{'img': array([[[ 0.        ,  0.9325228 ,  0.6634759 , ..., -0.92325519,
         -0.9866007 , -0.90742145],
        [-0.9325228 ,  0.        , -0.45812285, ..., -0.69166109,
         -0.50841681, -0.71954632],
        [-0.6634759 ,  0.45812285,  0.        , ..., -0.94567636,
         -0.84642073, -0.9577376 ],
        ...,
        [ 0.92325519,  0.69166109,  0.94567636, ...,  0.        ,
         -0.22840713,  0.03935215],
        [ 0.9866007 ,  0.50841681,  0.84642073, ...,  0.22840713,
          0.        ,  0.2665421 ],
        [ 0.90742145,  0.71954632,  0.9577376 , ..., -0.03935215,
         -0.2665421 ,  0.        ]],

       [[ 0.        ,  0.88623124, -0.52683933, ..., -0.97561758,
         -0.57460808, -0.88619956],
        [-0.88623124,  0.        , -0.99732014, ..., -0.64645587,
         -0.99150033, -0.82112009],
        [ 0.52683933,  0.99732014,  0.        , ..., -0.71361136,
         -0.05721626, -0.50915189],
        ...,
        [ 0.97561758,  0.64645587,  0.71361136, ...,  0.        ,
          0.67235994,  0.25750648],
        [ 0.57460808,  0.99150033,  0.05721626, ..., -0.67235994,
          0.        , -0.45907309],
        [ 0.88619956,  0.82112009,  0.50915189, ..., -0.25750648,
          0.45907309,  0.        ]],

       [[ 0.        ,  0.12398616,  0.17553023, ..., -0.97762165,
         -0.95351781, -0.9683219 ],
        [-0.12398616,  0.        ,  0.05211467, ..., -0.94399519,
         -0.90879884, -0.92989029],
        [-0.17553023, -0.05211467,  0.        , ..., -0.92551669,
         -0.88581984, -0.90945696],
        ...,
        [ 0.97762165,  0.94399519,  0.92551669, ...,  0.        ,
         -0.09400086, -0.04041049],
        [ 0.95351781,  0.90879884,  0.88581984, ...,  0.09400086,
          0.        ,  0.05369252],
        [ 0.9683219 ,  0.92989029,  0.90945696, ...,  0.04041049,
         -0.05369252,  0.        ]],

       ...,

       [[ 0.        ,  0.4590207 ,  0.44183763, ..., -0.60033032,
         -0.50256895, -0.18018178],
        [-0.4590207 ,  0.        , -0.01924535, ..., -0.90045161,
         -0.84333555, -0.61158616],
        [-0.44183763,  0.01924535,  0.        , ..., -0.89191395,
         -0.83283715, -0.5962464 ],
        ...,
        [ 0.60033032,  0.90045161,  0.89191395, ...,  0.        ,
          0.11707726,  0.44640415],
        [ 0.50256895,  0.84333555,  0.83283715, ..., -0.11707726,
          0.        ,  0.33856973],
        [ 0.18018178,  0.61158616,  0.5962464 , ..., -0.44640415,
         -0.33856973,  0.        ]],

       [[ 0.        ,  0.22376779,  0.42788953, ..., -0.95560697,
         -0.95252652, -0.96435555],
        [-0.22376779,  0.        ,  0.21479104, ..., -0.99730708,
         -0.99650018, -0.99911305],
        [-0.42788953, -0.21479104,  0.        , ..., -0.98978249,
         -0.99119641, -0.98483827],
        ...,
        [ 0.95560697,  0.99730708,  0.98978249, ...,  0.        ,
          0.01028333, -0.03127893],
        [ 0.95252652,  0.99650018,  0.99119641, ..., -0.01028333,
          0.        , -0.04155557],
        [ 0.96435555,  0.99911305,  0.98483827, ...,  0.03127893,
          0.04155557,  0.        ]],

       [[ 0.        , -0.02549761,  0.00504224, ..., -0.96529321,
         -0.99050939, -0.99732666],
        [ 0.02549761,  0.        ,  0.03053789, ..., -0.9583202 ,
         -0.98668284, -0.99513925],
        [-0.00504224, -0.03053789,  0.        , ..., -0.96659781,
         -0.99118983, -0.99768243],
        ...,
        [ 0.96529321,  0.9583202 ,  0.96659781, ...,  0.        ,
         -0.12601516, -0.18993442],
        [ 0.99050939,  0.98668284,  0.99118983, ...,  0.12601516,
          0.        , -0.06469905],
        [ 0.99732666,  0.99513925,  0.99768243, ...,  0.18993442,
          0.06469905,  0.        ]]]), 'num': array([3.07370040e+07, 3.91304000e+05, 5.39000000e+02, 5.63000000e+04,
       5.64000000e+04, 5.56000000e+04, 7.93670000e+04, 4.00000000e+02,
       5.58200000e+04, 5.68500000e+04, 5.73966667e+04, 3.88888889e+01,
       5.92851591e+04, 5.44148409e+04])}
{'img': array([[[ 0.        , -0.45812285, -0.69166109, ..., -0.50841681,
         -0.71954632, -0.81223286],
        [ 0.45812285,  0.        , -0.28394336, ..., -0.84642073,
         -0.9577376 , -0.98922309],
        [ 0.69166109,  0.28394336,  0.        , ..., -0.96278697,
         -0.99999255, -0.99008159],
        ...,
        [ 0.50841681,  0.84642073,  0.96278697, ...,  0.        ,
          0.2665421 ,  0.40284627],
        [ 0.71954632,  0.9577376 ,  0.99999255, ..., -0.2665421 ,
          0.        ,  0.14431524],
        [ 0.81223286,  0.98922309,  0.99008159, ..., -0.40284627,
         -0.14431524,  0.        ]],

       [[ 0.        , -0.99732014, -0.8427542 , ..., -0.99150033,
         -0.82112009, -0.93095866],
        [ 0.99732014,  0.        , -0.4751992 , ..., -0.05721626,
         -0.50915189, -0.29603618],
        [ 0.8427542 ,  0.4751992 ,  0.        , ...,  0.42407739,
         -0.0389988 ,  0.19342342],
        ...,
        [ 0.99150033,  0.05721626, -0.42407739, ...,  0.        ,
         -0.45907309, -0.24089957],
        [ 0.82112009,  0.50915189,  0.0389988 , ...,  0.45907309,
          0.        ,  0.23153859],
        [ 0.93095866,  0.29603618, -0.19342342, ...,  0.24089957,
         -0.23153859,  0.        ]],

       [[ 0.        ,  0.05211467,  0.14154527, ..., -0.90879884,
         -0.92989029, -0.95601534],
        [-0.05211467,  0.        ,  0.08976296, ..., -0.88581984,
         -0.90945696, -0.93943011],
        [-0.14154527, -0.08976296,  0.        , ..., -0.84059128,
         -0.86846236, -0.90487238],
        ...,
        [ 0.90879884,  0.88581984,  0.84059128, ...,  0.        ,
          0.05369252,  0.13231676],
        [ 0.92989029,  0.90945696,  0.86846236, ..., -0.05369252,
          0.        ,  0.07890547],
        [ 0.95601534,  0.93943011,  0.90487238, ..., -0.13231676,
         -0.07890547,  0.        ]],

       ...,

       [[ 0.        , -0.01924535,  0.14872529, ..., -0.84333555,
         -0.61158616, -0.68263547],
        [ 0.01924535,  0.        ,  0.16772906, ..., -0.83283715,
         -0.5962464 , -0.66844532],
        [-0.14872529, -0.16772906,  0.        , ..., -0.91387952,
         -0.72245259, -0.78372593],
        ...,
        [ 0.84333555,  0.83283715,  0.91387952, ...,  0.        ,
          0.33856973,  0.24943544],
        [ 0.61158616,  0.5962464 ,  0.72245259, ..., -0.33856973,
          0.        , -0.09316392],
        [ 0.68263547,  0.66844532,  0.78372593, ..., -0.24943544,
          0.09316392,  0.        ]],

       [[ 0.        ,  0.21479104,  0.4708635 , ..., -0.99650018,
         -0.99911305, -0.9999687 ],
        [-0.21479104,  0.        ,  0.27038359, ..., -0.99119641,
         -0.98483827, -0.97832897],
        [-0.4708635 , -0.27038359,  0.        , ..., -0.9184783 ,
         -0.90125087, -0.88590414],
        ...,
        [ 0.99650018,  0.99119641,  0.9184783 , ...,  0.        ,
         -0.04155557, -0.07570328],
        [ 0.99911305,  0.98483827,  0.90125087, ...,  0.04155557,
          0.        , -0.03420156],
        [ 0.9999687 ,  0.97832897,  0.88590414, ...,  0.07570328,
          0.03420156,  0.        ]],

       [[ 0.        ,  0.03053789,  0.05702434, ..., -0.98668284,
         -0.99513925, -0.99799791],
        [-0.03053789,  0.        ,  0.02650955, ..., -0.99118983,
         -0.99768243, -0.99946388],
        [-0.05702434, -0.02650955,  0.        , ..., -0.99435265,
         -0.99913558, -0.99998057],
        ...,
        [ 0.98668284,  0.99118983,  0.99435265, ...,  0.        ,
         -0.06469905, -0.09992575],
        [ 0.99513925,  0.99768243,  0.99913558, ...,  0.06469905,
          0.        , -0.03534116],
        [ 0.99799791,  0.99946388,  0.99998057, ...,  0.09992575,
          0.03534116,  0.        ]]]), 'num': array([ 3.04129970e+07,  3.34997000e+05,  5.40000000e+02,  5.57000000e+04,
        5.67000000e+04,  5.56000000e+04,  7.99480000e+04, -6.00000000e+02,
        5.58000000e+04,  5.67850000e+04,  5.72916667e+04,  3.78378378e+01,
        5.92695724e+04,  5.43004276e+04])}
{'img': array([[[ 0.        , -0.56727357, -0.60776407, ..., -0.73646965,
         -0.8292866 , -0.67774815],
        [ 0.56727357,  0.        , -0.05002963, ..., -0.9902483 ,
         -0.99994773, -0.97525846],
        [ 0.60776407,  0.05002963,  0.        , ..., -0.99597806,
         -0.99818398, -0.98509711],
        ...,
        [ 0.73646965,  0.9902483 ,  0.99597806, ...,  0.        ,
          0.14943143, -0.08304511],
        [ 0.8292866 ,  0.99994773,  0.99818398, ..., -0.14943143,
          0.        , -0.23102794],
        [ 0.67774815,  0.97525846,  0.98509711, ...,  0.08304511,
          0.23102794,  0.        ]],

       [[ 0.        , -0.4751992 , -0.57627965, ..., -0.50915189,
         -0.29603618, -0.28875772],
        [ 0.4751992 ,  0.        , -0.11869816, ..., -0.0389988 ,
          0.19342342,  0.20088512],
        [ 0.57627965,  0.11869816,  0.        , ...,  0.07988477,
          0.30851258,  0.31574342],
        ...,
        [ 0.50915189,  0.0389988 , -0.07988477, ...,  0.        ,
          0.23153859,  0.2389361 ],
        [ 0.29603618, -0.19342342, -0.30851258, ..., -0.23153859,
          0.        ,  0.00761104],
        [ 0.28875772, -0.20088512, -0.31574342, ..., -0.2389361 ,
         -0.00761104,  0.        ]],

       [[ 0.        ,  0.08976296,  0.07355198, ..., -0.90945696,
         -0.93943011, -0.93613723],
        [-0.08976296,  0.        , -0.01626477, ..., -0.86846236,
         -0.90487238, -0.9007944 ],
        [-0.07355198,  0.01626477,  0.        , ..., -0.87641082,
         -0.91167631, -0.90773815],
        ...,
        [ 0.90945696,  0.86846236,  0.87641082, ...,  0.        ,
          0.07890547,  0.06944725],
        [ 0.93943011,  0.90487238,  0.91167631, ..., -0.07890547,
          0.        , -0.00948424],
        [ 0.93613723,  0.9007944 ,  0.90773815, ..., -0.06944725,
          0.00948424,  0.        ]],

       ...,

       [[ 0.        ,  0.16772906,  0.31848798, ..., -0.5962464 ,
         -0.66844532, -0.69867272],
        [-0.16772906,  0.        ,  0.15498111, ..., -0.72245259,
         -0.78372593, -0.80877503],
        [-0.31848798, -0.15498111,  0.        , ..., -0.82088062,
         -0.87051633, -0.89015016],
        ...,
        [ 0.5962464 ,  0.72245259,  0.82088062, ...,  0.        ,
         -0.09316392, -0.13431613],
        [ 0.66844532,  0.78372593,  0.87051633, ...,  0.09316392,
          0.        , -0.04141225],
        [ 0.69867272,  0.80877503,  0.89015016, ...,  0.13431613,
          0.04141225,  0.        ]],

       [[ 0.        ,  0.27038359,  0.0400064 , ..., -0.98483827,
         -0.97832897, -0.97675612],
        [-0.27038359,  0.        , -0.23165086, ..., -0.90125087,
         -0.88590414, -0.88241685],
        [-0.0400064 ,  0.23165086,  0.        , ..., -0.97710972,
         -0.96926216, -0.96739863],
        ...,
        [ 0.98483827,  0.90125087,  0.97710972, ...,  0.        ,
         -0.03420156, -0.04166087],
        [ 0.97832897,  0.88590414,  0.96926216, ...,  0.03420156,
          0.        , -0.00746463],
        [ 0.97675612,  0.88241685,  0.96739863, ...,  0.04166087,
          0.00746463,  0.        ]],

       [[ 0.        ,  0.02650955,  0.03564884, ..., -0.99768243,
         -0.99946388, -0.99915539],
        [-0.02650955,  0.        ,  0.00914361, ..., -0.99913558,
         -0.99998057, -0.99771494],
        [-0.03564884, -0.00914361,  0.        , ..., -0.99947391,
         -0.99999577, -0.99705545],
        ...,
        [ 0.99768243,  0.99913558,  0.99947391, ...,  0.        ,
         -0.03534116, -0.10898101],
        [ 0.99946388,  0.99998057,  0.99999577, ...,  0.03534116,
          0.        , -0.07378226],
        [ 0.99915539,  0.99771494,  0.99705545, ...,  0.10898101,
          0.07378226,  0.        ]]]), 'num': array([3.06309580e+07, 5.64580000e+04, 5.45000000e+02, 5.61000000e+04,
       5.62000000e+04, 5.58000000e+04, 6.54340000e+04, 4.00000000e+02,
       5.58600000e+04, 5.66050000e+04, 5.72000000e+04, 3.78378378e+01,
       5.87116324e+04, 5.44983676e+04])}
{'img': array([[[ 0.        , -0.25194354,  0.        , ..., -0.85651084,
         -0.70452676, -0.81415674],
        [ 0.25194354,  0.        ,  0.25194354, ..., -0.95891683,
         -0.86059873, -0.93418342],
        [ 0.        , -0.25194354,  0.        , ..., -0.85651084,
         -0.70452676, -0.81415674],
        ...,
        [ 0.85651084,  0.95891683,  0.85651084, ...,  0.        ,
         -0.24421969, -0.07711895],
        [ 0.70452676,  0.86059873,  0.70452676, ...,  0.24421969,
          0.        ,  0.1687086 ],
        [ 0.81415674,  0.93418342,  0.81415674, ...,  0.07711895,
         -0.1687086 ,  0.        ]],

       [[ 0.        , -0.11869816, -0.02478342, ...,  0.19342342,
          0.20088512, -0.00621818],
        [ 0.11869816,  0.        ,  0.09405349, ...,  0.30851258,
          0.31574342,  0.11252164],
        [ 0.02478342, -0.09405349,  0.        , ...,  0.2176794 ,
          0.22510162,  0.01856667],
        ...,
        [-0.19342342, -0.30851258, -0.2176794 , ...,  0.        ,
          0.00761104, -0.19952043],
        [-0.20088512, -0.31574342, -0.22510162, ..., -0.00761104,
          0.        , -0.20697266],
        [ 0.00621818, -0.11252164, -0.01856667, ...,  0.19952043,
          0.20697266,  0.        ]],

       [[ 0.        , -0.01626477,  0.3828524 , ..., -0.90487238,
         -0.9007944 , -0.91266537],
        [ 0.01626477,  0.        ,  0.39782731, ..., -0.91167631,
         -0.90773815, -0.91919218],
        [-0.3828524 , -0.39782731,  0.        , ..., -0.67295597,
         -0.66591038, -0.68665426],
        ...,
        [ 0.90487238,  0.91167631,  0.67295597, ...,  0.        ,
         -0.00948424,  0.01867786],
        [ 0.9007944 ,  0.90773815,  0.66591038, ...,  0.00948424,
          0.        ,  0.0281596 ],
        [ 0.91266537,  0.91919218,  0.68665426, ..., -0.01867786,
         -0.0281596 ,  0.        ]],

       ...,

       [[ 0.        ,  0.15498111,  0.11333191, ..., -0.78372593,
         -0.80877503, -0.80877503],
        [-0.15498111,  0.        , -0.04202003, ..., -0.87051633,
         -0.89015016, -0.89015016],
        [-0.11333191,  0.04202003,  0.        , ..., -0.84906775,
         -0.8702168 , -0.8702168 ],
        ...,
        [ 0.78372593,  0.87051633,  0.84906775, ...,  0.        ,
         -0.04141225, -0.04141225],
        [ 0.80877503,  0.89015016,  0.8702168 , ...,  0.04141225,
          0.        ,  0.        ],
        [ 0.80877503,  0.89015016,  0.8702168 , ...,  0.04141225,
          0.        ,  0.        ]],

       [[ 0.        , -0.23165086, -0.2928673 , ..., -0.88590414,
         -0.88241685, -0.7074917 ],
        [ 0.23165086,  0.        , -0.06340733, ..., -0.96926216,
         -0.96739863, -0.85195989],
        [ 0.2928673 ,  0.06340733,  0.        , ..., -0.98291186,
         -0.98151041, -0.88344604],
        ...,
        [ 0.88590414,  0.96926216,  0.98291186, ...,  0.        ,
         -0.00746463, -0.29790462],
        [ 0.88241685,  0.96739863,  0.98151041, ...,  0.00746463,
          0.        , -0.29077062],
        [ 0.7074917 ,  0.85195989,  0.88344604, ...,  0.29790462,
          0.29077062,  0.        ]],

       [[ 0.        ,  0.00914361,  0.01517003, ..., -0.99998057,
         -0.99771494, -0.9983786 ],
        [-0.00914361,  0.        ,  0.00602684, ..., -0.99999577,
         -0.99705545, -0.99885734],
        [-0.01517003, -0.00602684,  0.        , ..., -0.99996007,
         -0.99657518, -0.99912723],
        ...,
        [ 0.99998057,  0.99999577,  0.99996007, ...,  0.        ,
         -0.07378226,  0.05069773],
        [ 0.99771494,  0.99705545,  0.99657518, ...,  0.07378226,
          0.        ,  0.12424692],
        [ 0.9983786 ,  0.99885734,  0.99912723, ..., -0.05069773,
         -0.12424692,  0.        ]]]), 'num': array([3.10124580e+07, 5.64580000e+04, 5.45000000e+02, 5.68000000e+04,
       5.73000000e+04, 5.60000000e+04, 1.24630000e+05, 7.00000000e+02,
       5.61600000e+04, 5.64950000e+04, 5.71300000e+04, 4.32098765e+01,
       5.82977479e+04, 5.46922521e+04])}
{'img': array([[[ 0.        ,  0.25194354, -0.54119668, ..., -0.86059873,
         -0.93418342, -0.9941679 ],
        [-0.25194354,  0.        , -0.73559705, ..., -0.70452676,
         -0.81415674, -0.93492753],
        [ 0.54119668,  0.73559705,  0.        , ..., -0.99929668,
         -0.9786464 , -0.89435631],
        ...,
        [ 0.86059873,  0.70452676,  0.99929668, ...,  0.        ,
          0.1687086 ,  0.41350359],
        [ 0.93418342,  0.81415674,  0.9786464 , ..., -0.1687086 ,
          0.        ,  0.25396682],
        [ 0.9941679 ,  0.93492753,  0.89435631, ..., -0.41350359,
         -0.25396682,  0.        ]],

       [[ 0.        ,  0.09405349,  0.81963318, ...,  0.31574342,
          0.11252164,  0.73500803],
        [-0.09405349,  0.        ,  0.76211768, ...,  0.22510162,
          0.01856667,  0.66797609],
        [-0.81963318, -0.76211768,  0.        , ..., -0.59681869,
         -0.74996554, -0.13468137],
        ...,
        [-0.31574342, -0.22510162,  0.59681869, ...,  0.        ,
         -0.20697266,  0.48331593],
        [-0.11252164, -0.01856667,  0.74996554, ...,  0.20697266,
          0.        ,  0.65404395],
        [-0.73500803, -0.66797609,  0.13468137, ..., -0.48331593,
         -0.65404395,  0.        ]],

       [[ 0.        ,  0.39782731, -0.10012831, ..., -0.90773815,
         -0.91919218, -0.96251852],
        [-0.39782731,  0.        , -0.48769179, ..., -0.66591038,
         -0.68665426, -0.77517543],
        [ 0.10012831,  0.48769179,  0.        , ..., -0.94518389,
         -0.95400427, -0.98483781],
        ...,
        [ 0.90773815,  0.66591038,  0.94518389, ...,  0.        ,
          0.0281596 ,  0.15761924],
        [ 0.91919218,  0.68665426,  0.95400427, ..., -0.0281596 ,
          0.        ,  0.12974913],
        [ 0.96251852,  0.77517543,  0.98483781, ..., -0.15761924,
         -0.12974913,  0.        ]],

       ...,

       [[ 0.        , -0.04202003, -0.37636433, ..., -0.89015016,
         -0.89015016, -0.77932426],
        [ 0.04202003,  0.        , -0.33710155, ..., -0.8702168 ,
         -0.8702168 , -0.75230531],
        [ 0.37636433,  0.33710155,  0.        , ..., -0.65320204,
         -0.65320204, -0.48618417],
        ...,
        [ 0.89015016,  0.8702168 ,  0.65320204, ...,  0.        ,
          0.        ,  0.20267406],
        [ 0.89015016,  0.8702168 ,  0.65320204, ...,  0.        ,
          0.        ,  0.20267406],
        [ 0.77932426,  0.75230531,  0.48618417, ..., -0.20267406,
         -0.20267406,  0.        ]],

       [[ 0.        , -0.18293725, -0.22976754, ..., -0.88627093,
         -0.71150807, -0.4743266 ],
        [ 0.18293725,  0.        , -0.04784725, ..., -0.95604528,
         -0.82804705, -0.62737076],
        [ 0.22976754,  0.04784725,  0.        , ..., -0.96898001,
         -0.85392463, -0.66391186],
        ...,
        [ 0.88627093,  0.95604528,  0.96898001, ...,  0.        ,
         -0.29321582, -0.56053517],
        [ 0.71150807,  0.82804705,  0.85392463, ...,  0.29321582,
          0.        , -0.29307656],
        [ 0.4743266 ,  0.62737076,  0.66391186, ...,  0.56053517,
          0.29307656,  0.        ]],

       [[ 0.        ,  0.00602684, -0.00493981, ..., -0.99705545,
         -0.99885734, -0.98757104],
        [-0.00602684,  0.        , -0.01096649, ..., -0.99657518,
         -0.99912723, -0.98850036],
        [ 0.00493981,  0.01096649,  0.        , ..., -0.99742209,
         -0.99860907, -0.98678258],
        ...,
        [ 0.99705545,  0.99657518,  0.99742209, ...,  0.        ,
          0.12424692,  0.23244133],
        [ 0.99885734,  0.99912723,  0.99860907, ..., -0.12424692,
          0.        ,  0.10979636],
        [ 0.98757104,  0.98850036,  0.98678258, ..., -0.23244133,
         -0.10979636,  0.        ]]]), 'num': array([ 3.07944580e+07,  5.64580000e+04,  5.45000000e+02,  5.64000000e+04,
        5.67000000e+04,  5.59000000e+04,  8.38700000e+04, -4.00000000e+02,
        5.62600000e+04,  5.64200000e+04,  5.70550000e+04,  5.00000000e+01,
        5.81035676e+04,  5.47364324e+04])}
{'img': array([[[ 0.        , -0.73559705, -0.76404641, ..., -0.81415674,
         -0.93492753, -0.87513935],
        [ 0.73559705,  0.        , -0.04300108, ..., -0.9786464 ,
         -0.89435631, -0.94877039],
        [ 0.76404641,  0.04300108,  0.        , ..., -0.96890226,
         -0.87429229, -0.93430591],
        ...,
        [ 0.81415674,  0.9786464 ,  0.96890226, ...,  0.        ,
          0.25396682,  0.11419862],
        [ 0.93492753,  0.89435631,  0.87429229, ..., -0.25396682,
          0.        , -0.14185097],
        [ 0.87513935,  0.94877039,  0.93430591, ..., -0.11419862,
          0.14185097,  0.        ]],

       [[ 0.        ,  0.76211768,  0.2668198 , ...,  0.01856667,
          0.66797609,  0.27373494],
        [-0.76211768,  0.        , -0.56173878, ..., -0.74996554,
         -0.13468137, -0.55578218],
        [-0.2668198 ,  0.56173878,  0.        , ..., -0.24888025,
          0.44519688,  0.00718241],
        ...,
        [-0.01856667,  0.74996554,  0.24888025, ...,  0.        ,
          0.65404395,  0.25583024],
        [-0.66797609,  0.13468137, -0.44519688, ..., -0.65404395,
          0.        , -0.43875403],
        [-0.27373494,  0.55578218, -0.00718241, ..., -0.25583024,
          0.43875403,  0.        ]],

       [[ 0.        , -0.48769179, -0.64393599, ..., -0.68665426,
         -0.77517543, -0.8       ],
        [ 0.48769179,  0.        , -0.18904342, ..., -0.95400427,
         -0.98483781, -0.99102777],
        [ 0.64393599,  0.18904342,  0.        , ..., -0.99347626,
         -0.99987474, -0.99842509],
        ...,
        [ 0.68665426,  0.95400427,  0.99347626, ...,  0.        ,
          0.12974913,  0.16959474],
        [ 0.77517543,  0.98483781,  0.99987474, ..., -0.12974913,
          0.        ,  0.04029157],
        [ 0.8       ,  0.99102777,  0.99842509, ..., -0.16959474,
         -0.04029157,  0.        ]],

       ...,

       [[ 0.        , -0.33710155, -0.52363791, ..., -0.8702168 ,
         -0.75230531, -0.57288004],
        [ 0.33710155,  0.        , -0.20579788, ..., -0.65320204,
         -0.48618417, -0.26304675],
        [ 0.52363791,  0.20579788,  0.        , ..., -0.48339315,
         -0.29593937, -0.05886579],
        ...,
        [ 0.8702168 ,  0.65320204,  0.48339315, ...,  0.        ,
          0.20267406,  0.43102359],
        [ 0.75230531,  0.48618417,  0.29593937, ..., -0.20267406,
          0.        ,  0.23919719],
        [ 0.57288004,  0.26304675,  0.05886579, ..., -0.43102359,
         -0.23919719,  0.        ]],

       [[ 0.        , -0.14080828, -0.1312369 , ..., -0.71399788,
         -0.47621148, -0.26807803],
        [ 0.14080828,  0.        ,  0.00966107, ..., -0.80547085,
         -0.59528399, -0.40106144],
        [ 0.1312369 , -0.00966107,  0.        , ..., -0.79970777,
         -0.58749339, -0.39219269],
        ...,
        [ 0.71399788,  0.80547085,  0.79970777, ...,  0.        ,
         -0.29442187, -0.5001693 ],
        [ 0.47621148,  0.59528399,  0.58749339, ...,  0.29442187,
          0.        , -0.22305155],
        [ 0.26807803,  0.40106144,  0.39219269, ...,  0.5001693 ,
          0.22305155,  0.        ]],

       [[ 0.        , -0.01096649, -0.00648548, ..., -0.99912723,
         -0.98850036, -0.98461036],
        [ 0.01096649,  0.        ,  0.00448116, ..., -0.99860907,
         -0.98678258, -0.9826346 ],
        [ 0.00648548, -0.00448116,  0.        , ..., -0.99883532,
         -0.98749885, -0.98345622],
        ...,
        [ 0.99912723,  0.99860907,  0.99883532, ...,  0.        ,
          0.10979636,  0.13348376],
        [ 0.98850036,  0.98678258,  0.98749885, ..., -0.10979636,
          0.        ,  0.02386293],
        [ 0.98461036,  0.9826346 ,  0.98345622, ..., -0.13348376,
         -0.02386293,  0.        ]]]), 'num': array([ 3.04129580e+07,  5.64580000e+04,  5.45000000e+02,  5.57000000e+04,
        5.66000000e+04,  5.57000000e+04,  8.14590000e+04, -7.00000000e+02,
        5.61400000e+04,  5.63450000e+04,  5.69666667e+04,  4.24657534e+01,
        5.80164963e+04,  5.46735037e+04])}
{'img': array([[[ 0.        , -0.27467032, -0.84265009, ..., -0.97300851,
         -0.92307692, -0.75662752],
        [ 0.27467032,  0.        , -0.66234106, ..., -0.99897057,
         -0.9932164 , -0.9071186 ],
        [ 0.84265009,  0.66234106,  0.        , ..., -0.71838537,
         -0.82113761, -0.95837834],
        ...,
        [ 0.97300851,  0.99897057,  0.71838537, ...,  0.        ,
         -0.16121629, -0.46159152],
        [ 0.92307692,  0.9932164 ,  0.82113761, ...,  0.16121629,
          0.        , -0.31253971],
        [ 0.75662752,  0.9071186 ,  0.95837834, ...,  0.46159152,
          0.31253971,  0.        ]],

       [[ 0.        , -0.56173878,  0.40226394, ..., -0.13468137,
         -0.55578218, -0.5809945 ],
        [ 0.56173878,  0.        ,  0.84708405, ...,  0.44519688,
          0.00718241, -0.02346187],
        [-0.40226394, -0.84708405,  0.        , ..., -0.52190289,
         -0.84324504, -0.85931989],
        ...,
        [ 0.13468137, -0.44519688,  0.52190289, ...,  0.        ,
         -0.43875403, -0.46608286],
        [ 0.55578218, -0.00718241,  0.84324504, ...,  0.43875403,
          0.        , -0.0306417 ],
        [ 0.5809945 ,  0.02346187,  0.85931989, ...,  0.46608286,
          0.0306417 ,  0.        ]],

       [[ 0.        , -0.46607396, -0.67742351, ..., -0.79487008,
         -0.81963831, -0.78964863],
        [ 0.46607396,  0.        , -0.25650674, ..., -0.98606213,
         -0.9921766 , -0.9846023 ],
        [ 0.67742351,  0.25650674,  0.        , ..., -0.99574785,
         -0.99100368, -0.99649969],
        ...,
        [ 0.79487008,  0.98606213,  0.99574785, ...,  0.        ,
          0.0419736 , -0.00855722],
        [ 0.81963831,  0.9921766 ,  0.99100368, ..., -0.0419736 ,
          0.        , -0.05052175],
        [ 0.78964863,  0.9846023 ,  0.99649969, ...,  0.00855722,
          0.05052175,  0.        ]],

       ...,

       [[ 0.        , -0.20579788, -0.58711984, ..., -0.48618417,
         -0.26304675, -0.50986381],
        [ 0.20579788,  0.        , -0.40795886, ..., -0.29593937,
         -0.05886579, -0.32191125],
        [ 0.58711984,  0.40795886,  0.        , ...,  0.11949231,
          0.35350694,  0.09233808],
        ...,
        [ 0.48618417,  0.29593937, -0.11949231, ...,  0.        ,
          0.23919719, -0.02730532],
        [ 0.26304675,  0.05886579, -0.35350694, ..., -0.23919719,
          0.        , -0.26562067],
        [ 0.50986381,  0.32191125, -0.09233808, ...,  0.02730532,
          0.26562067,  0.        ]],

       [[ 0.        ,  0.01060876,  0.12916521, ..., -0.5877069 ,
         -0.39402475, -0.12916521],
        [-0.01060876,  0.        ,  0.11863805, ..., -0.57909056,
         -0.38425207, -0.11863805],
        [-0.12916521, -0.11863805,  0.        , ..., -0.47827954,
         -0.27200832, -0.        ],
        ...,
        [ 0.5877069 ,  0.57909056,  0.47827954, ...,  0.        ,
         -0.22136617, -0.47827954],
        [ 0.39402475,  0.38425207,  0.27200832, ...,  0.22136617,
          0.        , -0.27200832],
        [ 0.12916521,  0.11863805,  0.        , ...,  0.47827954,
          0.27200832,  0.        ]],

       [[ 0.        ,  0.00448116, -0.04966332, ..., -0.98678258,
         -0.9826346 , -0.98839131],
        [-0.00448116,  0.        , -0.05413846, ..., -0.98749885,
         -0.98345622, -0.98906221],
        [ 0.04966332,  0.05413846,  0.        , ..., -0.97751698,
         -0.97220696, -0.97962632],
        ...,
        [ 0.98678258,  0.98749885,  0.97751698, ...,  0.        ,
          0.02386293, -0.01024709],
        [ 0.9826346 ,  0.98345622,  0.97220696, ..., -0.02386293,
          0.        , -0.03410585],
        [ 0.98839131,  0.98906221,  0.97962632, ...,  0.01024709,
          0.03410585,  0.        ]]]), 'num': array([ 3.00314580e+07,  5.64580000e+04,  5.45000000e+02,  5.50000000e+04,
        5.53000000e+04,  5.43000000e+04,  1.20584000e+05, -7.00000000e+02,
        5.60000000e+04,  5.62000000e+04,  5.68833333e+04,  4.55882353e+01,
        5.78087262e+04,  5.45912738e+04])}
{'img': array([[[ 0.        , -0.82259518, -0.92801251, ..., -0.92801251,
         -0.76244008, -0.38821549],
        [ 0.82259518,  0.        , -0.22123636, ..., -0.83415042,
         -0.96581183, -0.97882789],
        [ 0.92801251,  0.22123636,  0.        , ..., -0.69146031,
         -0.88452499, -0.99985652],
        ...,
        [ 0.92801251,  0.83415042,  0.69146031, ...,  0.        ,
         -0.31643238, -0.71059792],
        [ 0.76244008,  0.96581183,  0.88452499, ...,  0.31643238,
          0.        , -0.4514426 ],
        [ 0.38821549,  0.97882789,  0.99985652, ...,  0.71059792,
          0.4514426 ,  0.        ]],

       [[ 0.        ,  0.84708405,  0.82865792, ...,  0.00718241,
         -0.02346187,  0.40724494],
        [-0.84708405,  0.        , -0.03376216, ..., -0.84324504,
         -0.85931989, -0.55722397],
        [-0.82865792,  0.03376216,  0.        , ..., -0.82461615,
         -0.84156272, -0.52887147],
        ...,
        [-0.00718241,  0.84324504,  0.82461615, ...,  0.        ,
         -0.0306417 ,  0.4006746 ],
        [ 0.02346187,  0.85931989,  0.84156272, ...,  0.0306417 ,
          0.        ,  0.428561  ],
        [-0.40724494,  0.55722397,  0.52887147, ..., -0.4006746 ,
         -0.428561  ,  0.        ]],

       [[ 0.        , -0.53990397, -0.75590938, ..., -0.83728769,
         -0.80745581, -0.76813513],
        [ 0.53990397,  0.        , -0.28280674, ..., -0.99996663,
         -0.99816155, -0.99225369],
        [ 0.75590938,  0.28280674,  0.        , ..., -0.96145534,
         -0.9745543 , -0.98687936],
        ...,
        [ 0.83728769,  0.99996663,  0.96145534, ...,  0.        ,
         -0.05245287, -0.11611751],
        [ 0.80745581,  0.99816155,  0.9745543 , ...,  0.05245287,
          0.        , -0.06385962],
        [ 0.76813513,  0.99225369,  0.98687936, ...,  0.11611751,
          0.06385962,  0.        ]],

       ...,

       [[ 0.        , -0.40795886, -0.55204553, ..., -0.05886579,
         -0.32191125, -0.21291626],
        [ 0.40795886,  0.        , -0.16385595, ...,  0.35350694,
          0.09233808,  0.20421194],
        [ 0.55204553,  0.16385595,  0.        , ...,  0.50200512,
          0.25424597,  0.36185483],
        ...,
        [ 0.05886579, -0.35350694, -0.50200512, ...,  0.        ,
         -0.26562067, -0.15503102],
        [ 0.32191125, -0.09233808, -0.25424597, ...,  0.26562067,
          0.        ,  0.11294727],
        [ 0.21291626, -0.20421194, -0.36185483, ...,  0.15503102,
         -0.11294727,  0.        ]],

       [[ 0.        ,  0.11606516, -0.01013661, ..., -0.57763917,
         -0.50926553, -0.11606516],
        [-0.11606516,  0.        , -0.1261273 , ..., -0.47899217,
         -0.40593694, -0.        ],
        [ 0.01013661,  0.1261273 ,  0.        , ..., -0.58588393,
         -0.51796303, -0.1261273 ],
        ...,
        [ 0.57763917,  0.47899217,  0.58588393, ...,  0.        ,
         -0.08141224, -0.47899217],
        [ 0.50926553,  0.40593694,  0.51796303, ...,  0.08141224,
          0.        , -0.40593694],
        [ 0.11606516,  0.        ,  0.1261273 , ...,  0.47899217,
          0.40593694,  0.        ]],

       [[ 0.        , -0.05413846, -0.029872  , ..., -0.98345622,
         -0.98906221, -0.99478536],
        [ 0.05413846,  0.        ,  0.02428611, ..., -0.97220696,
         -0.97962632, -0.98780483],
        [ 0.029872  , -0.02428611,  0.        , ..., -0.97760615,
         -0.98421474, -0.99129475],
        ...,
        [ 0.98345622,  0.97220696,  0.97760615, ...,  0.        ,
         -0.03410585, -0.07989803],
        [ 0.98906221,  0.97962632,  0.98421474, ...,  0.03410585,
          0.        , -0.04585473],
        [ 0.99478536,  0.98780483,  0.99129475, ...,  0.07989803,
          0.04585473,  0.        ]]]), 'num': array([3.06854580e+07, 5.64580000e+04, 5.45000000e+02, 5.62000000e+04,
       5.69000000e+04, 5.51000000e+04, 8.63540000e+04, 1.20000000e+03,
       5.60200000e+04, 5.61350000e+04, 5.68216667e+04, 5.00000000e+01,
       5.76293560e+04, 5.46406440e+04])}
{'img': array([[[ 0.        , -0.22990908,  0.10407273, ..., -0.97302495,
         -0.97115102, -0.89079866],
        [ 0.22990908,  0.        ,  0.32994545, ..., -0.89391965,
         -0.99996127, -0.76246577],
        [-0.10407273, -0.32994545,  0.        , ..., -0.99175069,
         -0.94105963, -0.93325181],
        ...,
        [ 0.97302495,  0.89391965,  0.99175069, ...,  0.        ,
         -0.45607717,  0.23663361],
        [ 0.97115102,  0.99996127,  0.94105963, ...,  0.45607717,
          0.        ,  0.65371387],
        [ 0.89079866,  0.76246577,  0.93325181, ..., -0.23663361,
         -0.65371387,  0.        ]],

       [[ 0.        , -0.03376216, -0.78461588, ..., -0.85931989,
         -0.55722397, -0.82624789],
        [ 0.03376216,  0.        , -0.76323663, ..., -0.84156272,
         -0.52887147, -0.80675839],
        [ 0.78461588,  0.76323663,  0.        , ..., -0.13148028,
          0.30604646, -0.07027961],
        ...,
        [ 0.85931989,  0.84156272,  0.13148028, ...,  0.        ,
          0.428561  ,  0.06148567],
        [ 0.55722397,  0.52887147, -0.30604646, ..., -0.428561  ,
          0.        , -0.37219706],
        [ 0.82624789,  0.80675839,  0.07027961, ..., -0.06148567,
          0.37219706,  0.        ]],

       [[ 0.        , -0.60414422, -0.7678539 , ..., -0.83205876,
         -0.79288215, -0.79882574],
        [ 0.60414422,  0.        , -0.22485369, ..., -0.99815807,
         -0.99997835, -0.99999476],
        [ 0.7678539 ,  0.22485369,  0.        , ..., -0.9589566 ,
         -0.9758511 , -0.97365985],
        ...,
        [ 0.83205876,  0.99815807,  0.9589566 , ...,  0.        ,
         -0.06723399, -0.0574367 ],
        [ 0.79288215,  0.99997835,  0.9758511 , ...,  0.06723399,
          0.        ,  0.00981626],
        [ 0.79882574,  0.99999476,  0.97365985, ...,  0.0574367 ,
         -0.00981626,  0.        ]],

       ...,

       [[ 0.        , -0.16385595,  0.01538884, ...,  0.09233808,
          0.20421194,  0.35350694],
        [ 0.16385595,  0.        ,  0.1790174 , ...,  0.25424597,
          0.36185483,  0.50200512],
        [-0.01538884, -0.1790174 ,  0.        , ...,  0.07700405,
          0.1891232 ,  0.33906986],
        ...,
        [-0.09233808, -0.25424597, -0.07700405, ...,  0.        ,
          0.11294727,  0.26562067],
        [-0.20421194, -0.36185483, -0.1891232 , ..., -0.11294727,
          0.        ,  0.15503102],
        [-0.35350694, -0.50200512, -0.33906986, ..., -0.26562067,
         -0.15503102,  0.        ]],

       [[ 0.        , -0.1238558 , -0.38520476, ..., -0.53426082,
         -0.37174872, -0.        ],
        [ 0.1238558 ,  0.        , -0.26794079, ..., -0.63484487,
         -0.48386582, -0.1238558 ],
        [ 0.38520476,  0.26794079,  0.        , ..., -0.81865368,
         -0.70065974, -0.38520476],
        ...,
        [ 0.53426082,  0.63484487,  0.81865368, ...,  0.        ,
         -0.18172564, -0.53426082],
        [ 0.37174872,  0.48386582,  0.70065974, ...,  0.18172564,
          0.        , -0.37174872],
        [ 0.        ,  0.1238558 ,  0.38520476, ...,  0.53426082,
          0.37174872,  0.        ]],

       [[ 0.        ,  0.02428611,  0.26029788, ..., -0.97962632,
         -0.98780483, -0.98310856],
        [-0.02428611,  0.        ,  0.23677218, ..., -0.98421474,
         -0.99129475, -0.98726351],
        [-0.26029788, -0.23677218,  0.        , ..., -0.99813235,
         -0.99428123, -0.9968598 ],
        ...,
        [ 0.97962632,  0.98421474,  0.99813235, ...,  0.        ,
         -0.04585473, -0.01814211],
        [ 0.98780483,  0.99129475,  0.99428123, ...,  0.04585473,
          0.        ,  0.02772415],
        [ 0.98310856,  0.98726351,  0.9968598 , ...,  0.01814211,
         -0.02772415,  0.        ]]]), 'num': array([3.06854580e+07, 5.64580000e+04, 5.45000000e+02, 5.62000000e+04,
       5.66000000e+04, 5.57000000e+04, 8.96770000e+04, 0.00000000e+00,
       5.59000000e+04, 5.60500000e+04, 5.67783333e+04, 5.60606061e+01,
       5.73077758e+04, 5.47922242e+04])}
{'img': array([[[ 0.        ,  0.32994545,  0.04406755, ..., -0.99996127,
         -0.76246577, -0.76246577],
        [-0.32994545,  0.        , -0.28802516, ..., -0.94105963,
         -0.93325181, -0.93325181],
        [-0.04406755,  0.28802516,  0.        , ..., -0.99860203,
         -0.79023804, -0.79023804],
        ...,
        [ 0.99996127,  0.94105963,  0.99860203, ...,  0.        ,
          0.65371387,  0.65371387],
        [ 0.76246577,  0.93325181,  0.79023804, ..., -0.65371387,
          0.        ,  0.        ],
        [ 0.76246577,  0.93325181,  0.79023804, ..., -0.65371387,
          0.        ,  0.        ]],

       [[ 0.        , -0.76323663, -0.86481368, ..., -0.52887147,
         -0.80675839, -0.78228059],
        [ 0.76323663,  0.        , -0.17555691, ...,  0.30604646,
         -0.07027961, -0.03000629],
        [ 0.86481368,  0.17555691,  0.        , ...,  0.46842642,
          0.1059347 ,  0.14593758],
        ...,
        [ 0.52887147, -0.30604646, -0.46842642, ...,  0.        ,
         -0.37219706, -0.33447514],
        [ 0.80675839,  0.07027961, -0.1059347 , ...,  0.37219706,
          0.        ,  0.04031586],
        [ 0.78228059,  0.03000629, -0.14593758, ...,  0.33447514,
         -0.04031586,  0.        ]],

       [[ 0.        , -0.56354267, -0.72669852, ..., -0.824942  ,
         -0.83083305, -0.79340381],
        [ 0.56354267,  0.        , -0.21318686, ..., -0.99999794,
         -0.99996409, -0.99844651],
        [ 0.72669852,  0.21318686,  0.        , ..., -0.97744193,
         -0.9751697 , -0.98737215],
        ...,
        [ 0.824942  ,  0.99999794,  0.97744193, ...,  0.        ,
          0.01050313, -0.05369298],
        [ 0.83083305,  0.99996409,  0.9751697 , ..., -0.01050313,
          0.        , -0.064178  ],
        [ 0.79340381,  0.99844651,  0.98737215, ...,  0.05369298,
          0.064178  ,  0.        ]],

       ...,

       [[ 0.        ,  0.1790174 ,  0.01684366, ...,  0.36185483,
          0.50200512,  0.67300835],
        [-0.1790174 ,  0.        , -0.16242044, ...,  0.1891232 ,
          0.33906986,  0.529729  ],
        [-0.01684366,  0.16242044,  0.        , ...,  0.34610125,
          0.48736642,  0.66045471],
        ...,
        [-0.36185483, -0.1891232 , -0.34610125, ...,  0.        ,
          0.15503102,  0.35976112],
        [-0.50200512, -0.33906986, -0.48736642, ..., -0.15503102,
          0.        ,  0.21076063],
        [-0.67300835, -0.529729  , -0.66045471, ..., -0.35976112,
         -0.21076063,  0.        ]],

       [[ 0.        , -0.35599617, -0.42786301, ..., -0.58470397,
         -0.47713194, -0.        ],
        [ 0.35599617,  0.        , -0.07806774, ..., -0.83519924,
         -0.7587345 , -0.35599617],
        [ 0.42786301,  0.07806774,  0.        , ..., -0.87558341,
         -0.80727221, -0.42786301],
        ...,
        [ 0.58470397,  0.83519924,  0.87558341, ...,  0.        ,
         -0.12678465, -0.58470397],
        [ 0.47713194,  0.7587345 ,  0.80727221, ...,  0.12678465,
          0.        , -0.47713194],
        [ 0.        ,  0.35599617,  0.42786301, ...,  0.58470397,
          0.47713194,  0.        ]],

       [[ 0.        ,  0.23677218,  0.36488384, ..., -0.99129475,
         -0.98726351, -0.9709469 ],
        [-0.23677218,  0.        ,  0.13406098, ..., -0.99428123,
         -0.9968598 , -0.99999663],
        [-0.36488384, -0.13406098,  0.        , ..., -0.9709891 ,
         -0.97724537, -0.99131797],
        ...,
        [ 0.99129475,  0.99428123,  0.9709891 , ...,  0.        ,
          0.02772415,  0.10937577],
        [ 0.98726351,  0.9968598 ,  0.97724537, ..., -0.02772415,
          0.        ,  0.08177591],
        [ 0.9709469 ,  0.99999663,  0.99131797, ..., -0.10937577,
         -0.08177591,  0.        ]]]), 'num': array([3.30834580e+07, 5.64580000e+04, 5.45000000e+02, 6.06000000e+04,
       6.07000000e+04, 5.63000000e+04, 8.51355000e+05, 4.40000000e+03,
       5.67400000e+04, 5.61850000e+04, 5.68166667e+04, 7.33944954e+01,
       5.84132504e+04, 5.39567496e+04])}
{'img': array([[[ 0.        , -0.2192529 ,  0.3381477 , ..., -0.84601184,
         -0.84601184,  0.89389527],
        [ 0.2192529 ,  0.        ,  0.5362573 , ..., -0.70852895,
         -0.70852895,  0.97043085],
        [-0.3381477 , -0.5362573 ,  0.        , ..., -0.97646408,
         -0.97646408,  0.68965517],
        ...,
        [ 0.84601184,  0.70852895,  0.97646408, ...,  0.        ,
          0.        ,  0.85583956],
        [ 0.84601184,  0.70852895,  0.97646408, ...,  0.        ,
          0.        ,  0.85583956],
        [-0.89389527, -0.97043085, -0.68965517, ..., -0.85583956,
         -0.85583956,  0.        ]],

       [[ 0.        , -0.07923545,  0.15490021, ..., -0.03126014,
         -0.01327975,  0.47699238],
        [ 0.07923545,  0.        ,  0.23269228, ...,  0.04803487,
          0.06599047,  0.40585206],
        [-0.15490021, -0.23269228,  0.        , ..., -0.18570735,
         -0.16800602,  0.60737809],
        ...,
        [ 0.03126014, -0.04803487,  0.18570735, ...,  0.        ,
          0.01798412,  0.4492845 ],
        [ 0.01327975, -0.06599047,  0.16800602, ..., -0.01798412,
          0.        ,  0.46527865],
        [-0.47699238, -0.40585206, -0.60737809, ..., -0.4492845 ,
         -0.46527865,  0.        ]],

       [[ 0.        , -0.53060527, -0.54552394, ..., -0.85761892,
         -0.82065181, -0.98519655],
        [ 0.53060527,  0.        , -0.01769874, ..., -0.99981684,
         -0.99880311, -0.92603227],
        [ 0.54552394,  0.01769874,  0.        , ..., -0.9993215 ,
         -0.99951234, -0.91920693],
        ...,
        [ 0.85761892,  0.99981684,  0.9993215 , ...,  0.        ,
         -0.06801845,  0.35965213],
        [ 0.82065181,  0.99880311,  0.99951234, ...,  0.06801845,
          0.        ,  0.42228629],
        [ 0.98519655,  0.92603227,  0.91920693, ..., -0.35965213,
         -0.42228629,  0.        ]],

       ...,

       [[ 0.        , -0.16242044,  0.24577821, ...,  0.33906986,
          0.529729  ,  0.95414085],
        [ 0.16242044,  0.        ,  0.39995304, ...,  0.48736642,
          0.66045471,  0.99009329],
        [-0.24577821, -0.39995304,  0.        , ...,  0.09745067,
          0.30501919,  0.85129793],
        ...,
        [-0.33906986, -0.48736642, -0.09745067, ...,  0.        ,
          0.21076063,  0.79611539],
        [-0.529729  , -0.66045471, -0.30501919, ..., -0.21076063,
          0.        ,  0.6506921 ],
        [-0.95414085, -0.99009329, -0.85129793, ..., -0.79611539,
         -0.6506921 ,  0.        ]],

       [[ 0.        , -0.24971876, -0.33450899, ..., -0.48461377,
         -0.        , -0.82208711],
        [ 0.24971876,  0.        , -0.08857812, ..., -0.68769649,
         -0.24971876, -0.93822239],
        [ 0.33450899,  0.08857812,  0.        , ..., -0.74930088,
         -0.33450899, -0.96518539],
        ...,
        [ 0.48461377,  0.68769649,  0.74930088, ...,  0.        ,
         -0.48461377,  0.44318227],
        [ 0.        ,  0.24971876,  0.33450899, ...,  0.48461377,
          0.        ,  0.82208711],
        [ 0.82208711,  0.93822239,  0.96518539, ..., -0.44318227,
         -0.82208711,  0.        ]],

       [[ 0.        ,  0.13406098,  0.52850066, ..., -0.9968598 ,
         -0.99999663, -0.84589394],
        [-0.13406098,  0.        ,  0.40992116, ..., -0.97724537,
         -0.99131797, -0.76675656],
        [-0.52850066, -0.40992116,  0.        , ..., -0.80441679,
         -0.85030283, -0.43623076],
        ...,
        [ 0.9968598 ,  0.97724537,  0.80441679, ...,  0.        ,
          0.08177591, -0.46469268],
        [ 0.99999663,  0.99131797,  0.85030283, ..., -0.08177591,
          0.        , -0.53554658],
        [ 0.84589394,  0.76675656,  0.43623076, ...,  0.46469268,
          0.53554658,  0.        ]]]), 'num': array([3.31379580e+07, 5.64580000e+04, 5.45000000e+02, 6.07000000e+04,
       6.12000000e+04, 6.01000000e+04, 3.94736000e+05, 1.00000000e+02,
       5.77400000e+04, 5.64000000e+04, 5.68450000e+04, 7.28971963e+01,
       5.93745588e+04, 5.34254412e+04])}
{'img': array([[[ 0.        ,  0.51939265,  0.17734256, ..., -0.69998396,
          0.88547505,  0.97542336],
        [-0.51939265,  0.        , -0.3596143 , ..., -0.96909   ,
          0.51531508,  0.71909164],
        [-0.17734256,  0.3596143 ,  0.        , ..., -0.81553935,
          0.78903078,  0.92088662],
        ...,
        [ 0.69998396,  0.96909   ,  0.81553935, ...,  0.        ,
          0.95764298,  0.8508407 ],
        [-0.88547505, -0.51531508, -0.78903078, ..., -0.95764298,
          0.        ,  0.2581618 ],
        [-0.97542336, -0.71909164, -0.92088662, ..., -0.8508407 ,
         -0.2581618 ,  0.        ]],

       [[ 0.        ,  0.23269228,  0.19607008, ...,  0.06599047,
          0.40585206,  0.85334938],
        [-0.23269228,  0.        , -0.03748766, ..., -0.16800602,
          0.60737809,  0.70861362],
        [-0.19607008,  0.03748766,  0.        , ..., -0.13093312,
          0.57717048,  0.7345667 ],
        ...,
        [-0.06599047,  0.16800602,  0.13093312, ...,  0.        ,
          0.46527865,  0.81708586],
        [-0.40585206, -0.60737809, -0.57717048, ..., -0.46527865,
          0.        , -0.99149579],
        [-0.85334938, -0.70861362, -0.7345667 , ..., -0.81708586,
          0.99149579,  0.        ]],

       [[ 0.        , -0.03067976,  0.        , ..., -0.96605627,
         -0.98154754, -0.76174472],
        [ 0.03067976,  0.        ,  0.03067976, ..., -0.97352707,
         -0.97521897, -0.74150942],
        [ 0.        , -0.03067976,  0.        , ..., -0.96605627,
         -0.98154754, -0.76174472],
        ...,
        [ 0.96605627,  0.97352707,  0.96605627, ...,  0.        ,
          0.43829246,  0.82266875],
        [ 0.98154754,  0.97521897,  0.98154754, ..., -0.43829246,
          0.        ,  0.49026288],
        [ 0.76174472,  0.74150942,  0.76174472, ..., -0.82266875,
         -0.49026288,  0.        ]],

       ...,

       [[ 0.        ,  0.39995304,  0.16752573, ...,  0.66045471,
          0.99009329,  0.98604948],
        [-0.39995304,  0.        , -0.24075749, ...,  0.30501919,
          0.85129793,  0.83717631],
        [-0.16752573,  0.24075749,  0.        , ...,  0.52533162,
          0.95257853,  0.94422927],
        ...,
        [-0.66045471, -0.30501919, -0.52533162, ...,  0.        ,
          0.6506921 ,  0.6304566 ],
        [-0.99009329, -0.85129793, -0.95257853, ..., -0.6506921 ,
          0.        , -0.02635118],
        [-0.98604948, -0.83717631, -0.94422927, ..., -0.6304566 ,
          0.02635118,  0.        ]],

       [[ 0.        , -0.09427634, -0.05390721, ..., -0.22970875,
         -0.93137072, -0.99928944],
        [ 0.09427634,  0.        ,  0.04047214, ..., -0.32044098,
         -0.96154586, -0.99128531],
        [ 0.05390721, -0.04047214,  0.        , ..., -0.28184045,
         -0.94964258, -0.99580461],
        ...,
        [ 0.22970875,  0.32044098,  0.28184045, ...,  0.        ,
          0.82283475,  0.9812258 ],
        [ 0.93137072,  0.96154586,  0.94964258, ..., -0.82283475,
          0.        ,  0.39891777],
        [ 0.99928944,  0.99128531,  0.99580461, ..., -0.9812258 ,
         -0.39891777,  0.        ]],

       [[ 0.        ,  0.39711353,  0.11604762, ..., -0.99941802,
         -0.88576262, -0.39711353],
        [-0.39711353,  0.        , -0.28792552, ..., -0.90368909,
         -0.62861023, -0.        ],
        [-0.11604762,  0.28792552,  0.        , ..., -0.988707  ,
         -0.82591593, -0.28792552],
        ...,
        [ 0.99941802,  0.90368909,  0.988707  , ...,  0.        ,
         -0.43365339, -0.90368909],
        [ 0.88576262,  0.62861023,  0.82591593, ...,  0.43365339,
          0.        , -0.62861023],
        [ 0.39711353,  0.        ,  0.28792552, ...,  0.90368909,
          0.62861023,  0.        ]]]), 'num': array([ 3.30834580e+07,  5.64580000e+04,  5.45000000e+02,  6.06000000e+04,
        6.12000000e+04,  5.95000000e+04,  2.70154000e+05, -1.00000000e+02,
        5.88600000e+04,  5.65900000e+04,  5.68816667e+04,  7.22222222e+01,
        6.00827926e+04,  5.30972074e+04])}
{'img': array([[[ 0.00000000e+00, -3.59614302e-01, -3.93458619e-01, ...,
          5.15315081e-01,  7.19091642e-01,  5.15315081e-01],
        [ 3.59614302e-01,  0.00000000e+00, -3.65279971e-02, ...,
          7.89030783e-01,  9.20886624e-01,  7.89030783e-01],
        [ 3.93458619e-01,  3.65279971e-02,  0.00000000e+00, ...,
          8.10945316e-01,  9.34511780e-01,  8.10945316e-01],
        ...,
        [-5.15315081e-01, -7.89030783e-01, -8.10945316e-01, ...,
          0.00000000e+00,  2.58161800e-01,  0.00000000e+00],
        [-7.19091642e-01, -9.20886624e-01, -9.34511780e-01, ...,
         -2.58161800e-01,  0.00000000e+00, -2.58161800e-01],
        [-5.15315081e-01, -7.89030783e-01, -8.10945316e-01, ...,
          0.00000000e+00,  2.58161800e-01,  0.00000000e+00]],

       [[ 0.00000000e+00, -3.74876586e-02,  4.23673883e-04, ...,
          6.07378088e-01,  7.08613625e-01,  4.47647231e-01],
        [ 3.74876586e-02,  0.00000000e+00,  3.79110313e-02, ...,
          5.77170476e-01,  7.34566702e-01,  4.80854424e-01],
        [-4.23673883e-04, -3.79110313e-02,  0.00000000e+00, ...,
          6.07714605e-01,  7.08314618e-01,  4.47268337e-01],
        ...,
        [-6.07378088e-01, -5.77170476e-01, -6.07714605e-01, ...,
          0.00000000e+00, -9.91495792e-01, -8.98740442e-01],
        [-7.08613625e-01, -7.34566702e-01, -7.08314618e-01, ...,
          9.91495792e-01,  0.00000000e+00, -3.17791143e-01],
        [-4.47647231e-01, -4.80854424e-01, -4.47268337e-01, ...,
          8.98740442e-01,  3.17791143e-01,  0.00000000e+00]],

       [[ 0.00000000e+00,  3.06797565e-02,  3.42004011e-01, ...,
         -9.75218966e-01, -7.41509418e-01,  0.00000000e+00],
        [-3.06797565e-02,  0.00000000e+00,  3.13013297e-01, ...,
         -9.81547544e-01, -7.61744715e-01, -3.06797565e-02],
        [-3.42004011e-01, -3.13013297e-01,  0.00000000e+00, ...,
         -9.92077401e-01, -9.26260294e-01, -3.42004011e-01],
        ...,
        [ 9.75218966e-01,  9.81547544e-01,  9.92077401e-01, ...,
          0.00000000e+00,  4.90262877e-01,  9.75218966e-01],
        [ 7.41509418e-01,  7.61744715e-01,  9.26260294e-01, ...,
         -4.90262877e-01,  0.00000000e+00,  7.41509418e-01],
        [ 0.00000000e+00,  3.06797565e-02,  3.42004011e-01, ...,
         -9.75218966e-01, -7.41509418e-01,  0.00000000e+00]],

       ...,

       [[ 0.00000000e+00, -2.40757488e-01, -6.27912688e-02, ...,
          8.51297933e-01,  8.37176314e-01,  8.17763919e-01],
        [ 2.40757488e-01,  0.00000000e+00,  1.79338114e-01, ...,
          9.52578527e-01,  9.44229267e-01,  9.32278528e-01],
        [ 6.27912688e-02, -1.79338114e-01,  0.00000000e+00, ...,
          8.82563537e-01,  8.69866922e-01,  8.52289964e-01],
        ...,
        [-8.51297933e-01, -9.52578527e-01, -8.82563537e-01, ...,
          0.00000000e+00, -2.63511765e-02, -6.09012584e-02],
        [-8.37176314e-01, -9.44229267e-01, -8.69866922e-01, ...,
          2.63511765e-02,  0.00000000e+00, -3.45778470e-02],
        [-8.17763919e-01, -9.32278528e-01, -8.52289964e-01, ...,
          6.09012584e-02,  3.45778470e-02,  0.00000000e+00]],

       [[ 0.00000000e+00,  4.04721428e-02,  2.52352484e-02, ...,
         -9.61545855e-01, -9.91285311e-01, -9.17114415e-01],
        [-4.04721428e-02,  0.00000000e+00, -1.52446818e-02, ...,
         -9.49642580e-01, -9.95804612e-01, -9.32496164e-01],
        [-2.52352484e-02,  1.52446818e-02,  0.00000000e+00, ...,
         -9.54308921e-01, -9.94293927e-01, -9.26881729e-01],
        ...,
        [ 9.61545855e-01,  9.49642580e-01,  9.54308921e-01, ...,
          0.00000000e+00,  3.98917766e-01,  6.35175698e-01],
        [ 9.91285311e-01,  9.95804612e-01,  9.94293927e-01, ...,
         -3.98917766e-01,  0.00000000e+00,  2.74336480e-01],
        [ 9.17114415e-01,  9.32496164e-01,  9.26881729e-01, ...,
         -6.35175698e-01, -2.74336480e-01,  0.00000000e+00]],

       [[ 0.00000000e+00, -2.78715999e-01, -4.47417030e-01, ...,
         -7.48172959e-01, -4.90391935e-01, -0.00000000e+00],
        [ 2.78715999e-01,  0.00000000e+00, -1.80424680e-01, ...,
         -9.03454645e-01, -7.13861005e-01, -2.78715999e-01],
        [ 4.47417030e-01,  1.80424680e-01,  0.00000000e+00, ...,
         -9.65972991e-01, -8.28494826e-01, -4.47417030e-01],
        ...,
        [ 7.48172959e-01,  9.03454645e-01,  9.65972991e-01, ...,
          0.00000000e+00, -3.26657349e-01, -7.48172959e-01],
        [ 4.90391935e-01,  7.13861005e-01,  8.28494826e-01, ...,
          3.26657349e-01,  0.00000000e+00, -4.90391935e-01],
        [ 0.00000000e+00,  2.78715999e-01,  4.47417030e-01, ...,
          7.48172959e-01,  4.90391935e-01,  0.00000000e+00]]]), 'num': array([3.33559580e+07, 5.64580000e+04, 5.45000000e+02, 6.11000000e+04,
       6.25000000e+04, 5.98000000e+04, 4.39474000e+05, 5.00000000e+02,
       5.98400000e+04, 5.68650000e+04, 5.69033333e+04, 7.68518519e+01,
       6.08360326e+04, 5.28939674e+04])}
{'img': array([[[ 0.        , -0.03312279, -0.19378225, ...,  0.68528535,
          0.63905636,  0.95343857],
        [ 0.03312279,  0.        , -0.16118099, ...,  0.70903182,
          0.66418243,  0.96290482],
        [ 0.19378225,  0.16118099,  0.        , ...,  0.81342217,
          0.77599231,  0.99380799],
        ...,
        [-0.68528535, -0.70903182, -0.81342217, ...,  0.        ,
         -0.06168546,  0.48769179],
        [-0.63905636, -0.66418243, -0.77599231, ...,  0.06168546,
          0.        ,  0.54061544],
        [-0.95343857, -0.96290482, -0.99380799, ..., -0.48769179,
         -0.54061544,  0.        ]],

       [[ 0.        ,  0.03791103,  0.16373621, ...,  0.7345667 ,
          0.48085442,  0.80526605],
        [-0.03791103,  0.        ,  0.12621911, ...,  0.70831462,
          0.44726834,  0.78220919],
        [-0.16373621, -0.12621911,  0.        , ...,  0.61355212,
          0.33080091,  0.69731687],
        ...,
        [-0.7345667 , -0.70831462, -0.61355212, ...,  0.        ,
         -0.31779114,  0.11086777],
        [-0.48085442, -0.44726834, -0.33080091, ...,  0.31779114,
          0.        ,  0.42095248],
        [-0.80526605, -0.78220919, -0.69731687, ..., -0.11086777,
         -0.42095248,  0.        ]],

       [[ 0.        ,  0.05287228, -0.02056567, ..., -0.49255222,
         -0.01032253,  0.79750996],
        [-0.05287228,  0.        , -0.073398  , ..., -0.53787712,
         -0.06317755,  0.76449631],
        [ 0.02056567,  0.073398  ,  0.        , ..., -0.47455009,
          0.01024423,  0.80974868],
        ...,
        [ 0.49255222,  0.53787712,  0.47455009, ...,  0.        ,
          0.48354246,  0.99121887],
        [ 0.01032253,  0.06317755, -0.01024423, ..., -0.48354246,
          0.        ,  0.80369511],
        [-0.79750996, -0.76449631, -0.80974868, ..., -0.99121887,
         -0.80369511,  0.        ]],

       ...,

       [[ 0.        ,  0.17933811, -0.5866105 , ...,  0.94422927,
          0.93227853,  0.99552268],
        [-0.17933811,  0.        , -0.72234049, ...,  0.86986692,
          0.85228996,  0.96243121],
        [ 0.5866105 ,  0.72234049,  0.        , ...,  0.95786645,
          0.96722489,  0.8616913 ],
        ...,
        [-0.94422927, -0.86986692, -0.95786645, ...,  0.        ,
         -0.03457785,  0.23856311],
        [-0.93227853, -0.85228996, -0.96722489, ...,  0.03457785,
          0.        ,  0.27199994],
        [-0.99552268, -0.96243121, -0.8616913 , ..., -0.23856311,
         -0.27199994,  0.        ]],

       [[ 0.        , -0.01524468, -0.04457423, ..., -0.99580461,
         -0.93249616, -0.78181664],
        [ 0.01524468,  0.        , -0.02933952, ..., -0.99429393,
         -0.92688173, -0.7722206 ],
        [ 0.04457423,  0.02933952,  0.        , ..., -0.99073609,
         -0.91547002, -0.75324716],
        ...,
        [ 0.99580461,  0.99429393,  0.99073609, ...,  0.        ,
          0.27433648,  0.54935238],
        [ 0.93249616,  0.92688173,  0.91547002, ..., -0.27433648,
          0.        ,  0.29904276],
        [ 0.78181664,  0.7722206 ,  0.75324716, ..., -0.54935238,
         -0.29904276,  0.        ]],

       [[ 0.        , -0.35400115, -0.53570681, ..., -0.60528282,
         -0.38720724, -0.        ],
        [ 0.35400115,  0.        , -0.2020971 , ..., -0.84787635,
         -0.68852011, -0.35400115],
        [ 0.53570681,  0.2020971 ,  0.        , ..., -0.93753151,
         -0.82087714, -0.53570681],
        ...,
        [ 0.60528282,  0.84787635,  0.93753151, ...,  0.        ,
         -0.24984532, -0.60528282],
        [ 0.38720724,  0.68852011,  0.82087714, ...,  0.24984532,
          0.        , -0.38720724],
        [ 0.        ,  0.35400115,  0.53570681, ...,  0.60528282,
          0.38720724,  0.        ]]]), 'num': array([3.35739580e+07, 5.64580000e+04, 5.45000000e+02, 6.15000000e+04,
       6.21000000e+04, 6.03000000e+04, 3.65778000e+05, 4.00000000e+02,
       6.09000000e+04, 5.71300000e+04, 5.69466667e+04, 7.64150943e+01,
       6.15680626e+04, 5.26919374e+04])}
{'img': array([[[ 0.        , -0.14991007, -0.4087306 , ...,  0.58511435,
          0.77191769,  0.98099563],
        [ 0.14991007,  0.        , -0.2672956 , ...,  0.70007204,
          0.85849594,  0.99899705],
        [ 0.4087306 ,  0.2672956 ,  0.        , ...,  0.86546799,
          0.96433383,  0.97461658],
        ...,
        [-0.58511435, -0.70007204, -0.86546799, ...,  0.        ,
          0.25401691,  0.68200953],
        [-0.77191769, -0.85849594, -0.96433383, ..., -0.25401691,
          0.        ,  0.47386591],
        [-0.98099563, -0.99899705, -0.97461658, ..., -0.68200953,
         -0.47386591,  0.        ]],

       [[ 0.        ,  0.12621911, -0.12492777, ...,  0.44726834,
          0.78220919,  0.65517245],
        [-0.12621911,  0.        , -0.24915894, ...,  0.33080091,
          0.69731687,  0.5545767 ],
        [ 0.12492777,  0.24915894,  0.        , ...,  0.55549974,
          0.85391322,  0.74442007],
        ...,
        [-0.44726834, -0.33080091, -0.55549974, ...,  0.        ,
          0.42095248,  0.24808412],
        [-0.78220919, -0.69731687, -0.85391322, ..., -0.42095248,
          0.        , -0.18276006],
        [-0.65517245, -0.5545767 , -0.74442007, ..., -0.24808412,
          0.18276006,  0.        ]],

       [[ 0.        , -0.05017559, -0.1202893 , ..., -0.04306427,
          0.33227476,  0.9370659 ],
        [ 0.05017559,  0.        , -0.07032652, ...,  0.00711902,
          0.37918098,  0.95340452],
        [ 0.1202893 ,  0.07032652,  0.        , ...,  0.07742613,
          0.44331685,  0.97226107],
        ...,
        [ 0.04306427, -0.00711902, -0.07742613, ...,  0.        ,
          0.37258399,  0.95123259],
        [-0.33227476, -0.37918098, -0.44331685, ..., -0.37258399,
          0.        ,  0.76780971],
        [-0.9370659 , -0.95340452, -0.97226107, ..., -0.95123259,
         -0.76780971,  0.        ]],

       ...,

       [[ 0.        , -0.72234049, -0.79858603, ...,  0.85228996,
          0.96243121,  0.95343716],
        [ 0.72234049,  0.        , -0.11748946, ...,  0.96722489,
          0.8616913 ,  0.87718955],
        [ 0.79858603,  0.11748946,  0.        , ...,  0.93069295,
          0.79610533,  0.81470237],
        ...,
        [-0.85228996, -0.96722489, -0.93069295, ...,  0.        ,
          0.27199994,  0.24167038],
        [-0.96243121, -0.8616913 , -0.79610533, ..., -0.27199994,
          0.        , -0.03137868],
        [-0.95343716, -0.87718955, -0.81470237, ..., -0.24167038,
          0.03137868,  0.        ]],

       [[ 0.        , -0.02933952,  0.03059575, ..., -0.92688173,
         -0.7722206 , -0.51756296],
        [ 0.02933952,  0.        ,  0.05990837, ..., -0.91547002,
         -0.75324716, -0.49223593],
        [-0.03059575, -0.05990837,  0.        , ..., -0.93793202,
         -0.79129823, -0.54349977],
        ...,
        [ 0.92688173,  0.91547002,  0.93793202, ...,  0.        ,
          0.29904276,  0.59881276],
        [ 0.7722206 ,  0.75324716,  0.79129823, ..., -0.29904276,
          0.        ,  0.33191083],
        [ 0.51756296,  0.49223593,  0.54349977, ..., -0.59881276,
         -0.33191083,  0.        ]],

       [[ 0.        , -0.41518673, -0.65116329, ..., -0.53407343,
         -0.38492038, -0.        ],
        [ 0.41518673,  0.        , -0.27728598, ..., -0.83688062,
         -0.73337251, -0.41518673],
        [ 0.65116329,  0.27728598,  0.        , ..., -0.95584669,
         -0.89312159, -0.65116329],
        ...,
        [ 0.53407343,  0.83688062,  0.95584669, ...,  0.        ,
         -0.1674966 , -0.53407343],
        [ 0.38492038,  0.73337251,  0.89312159, ...,  0.1674966 ,
          0.        , -0.38492038],
        [ 0.        ,  0.41518673,  0.65116329, ...,  0.53407343,
          0.38492038,  0.        ]]]), 'num': array([3.47184580e+07, 5.64580000e+04, 5.45000000e+02, 6.36000000e+04,
       6.47000000e+04, 6.12000000e+04, 7.47318000e+05, 2.10000000e+03,
       6.15000000e+04, 5.75400000e+04, 5.70266667e+04, 7.96747967e+01,
       6.27166398e+04, 5.23633602e+04])}
{'img': array([[[ 0.        , -0.2137951 , -0.26274158, ...,  0.60718023,
          0.68605028,  0.97885707],
        [ 0.2137951 ,  0.        , -0.05038293, ...,  0.76301525,
          0.8257353 ,  0.91249363],
        [ 0.26274158,  0.05038293,  0.        , ...,  0.79461275,
          0.85310547,  0.89072354],
        ...,
        [-0.60718023, -0.76301525, -0.79461275, ...,  0.        ,
          0.10335446,  0.90196067],
        [-0.68605028, -0.8257353 , -0.85310547, ..., -0.10335446,
          0.        ,  0.85249997],
        [-0.97885707, -0.91249363, -0.89072354, ..., -0.90196067,
         -0.85249997,  0.        ]],

       [[ 0.        , -0.24915894, -0.29087223, ...,  0.69731687,
          0.5545767 ,  0.99837201],
        [ 0.24915894,  0.        , -0.0433131 , ...,  0.85391322,
          0.74442007,  0.95267447],
        [ 0.29087223,  0.0433131 ,  0.        , ...,  0.87565267,
          0.77264213,  0.93861358],
        ...,
        [-0.69731687, -0.85391322, -0.87565267, ...,  0.        ,
         -0.18276006,  0.75536958],
        [-0.5545767 , -0.74442007, -0.77264213, ...,  0.18276006,
          0.        ,  0.86240979],
        [-0.99837201, -0.95267447, -0.93861358, ..., -0.75536958,
         -0.86240979,  0.        ]],

       [[ 0.        , -0.06222058, -0.22072853, ...,  0.32277207,
          0.69673988,  0.98338385],
        [ 0.06222058,  0.        , -0.15961492, ...,  0.38103701,
          0.7400222 ,  0.99277389],
        [ 0.22072853,  0.15961492,  0.        , ...,  0.5237254 ,
          0.83788883,  0.99919968],
        ...,
        [-0.32277207, -0.38103701, -0.5237254 , ...,  0.        ,
          0.42791597,  0.87215438],
        [-0.69673988, -0.7400222 , -0.83788883, ..., -0.42791597,
          0.        ,  0.57891962],
        [-0.98338385, -0.99277389, -0.99919968, ..., -0.87215438,
         -0.57891962,  0.        ]],

       ...,

       [[ 0.        , -0.11748946, -0.02267939, ...,  0.8616913 ,
          0.87718955,  0.67936317],
        [ 0.11748946,  0.        ,  0.09493693, ...,  0.79610533,
          0.81470237,  0.58844396],
        [ 0.02267939, -0.09493693,  0.        , ...,  0.8499614 ,
          0.86607455,  0.66254624],
        ...,
        [-0.8616913 , -0.79610533, -0.8499614 , ...,  0.        ,
         -0.03137868,  0.2875798 ],
        [-0.87718955, -0.81470237, -0.86607455, ...,  0.03137868,
          0.        ,  0.31749133],
        [-0.67936317, -0.58844396, -0.66254624, ..., -0.2875798 ,
         -0.31749133,  0.        ]],

       [[ 0.        ,  0.03196109,  0.00388268, ..., -0.63832681,
         -0.37916498,  0.53873423],
        [-0.03196109,  0.        , -0.02808015, ..., -0.66260324,
         -0.4085458 ,  0.51153255],
        [-0.00388268,  0.02808015,  0.        , ..., -0.64131075,
         -0.38275489,  0.5354591 ],
        ...,
        [ 0.63832681,  0.66260324,  0.64131075, ...,  0.        ,
          0.29879425,  0.95247388],
        [ 0.37916498,  0.4085458 ,  0.38275489, ..., -0.29879425,
          0.        ,  0.81794377],
        [-0.53873423, -0.51153255, -0.5354591 , ..., -0.95247388,
         -0.81794377,  0.        ]],

       [[ 0.        , -0.5238694 , -0.69730204, ..., -0.59850076,
         -0.48077237, -0.        ],
        [ 0.5238694 ,  0.        , -0.21846315, ..., -0.92948554,
         -0.86887372, -0.5238694 ],
        [ 0.69730204,  0.21846315,  0.        , ..., -0.987616  ,
         -0.95603289, -0.69730204],
        ...,
        [ 0.59850076,  0.92948554,  0.987616  , ...,  0.        ,
         -0.13963523, -0.59850076],
        [ 0.48077237,  0.86887372,  0.95603289, ...,  0.13963523,
          0.        , -0.48077237],
        [ 0.        ,  0.5238694 ,  0.69730204, ...,  0.59850076,
          0.48077237,  0.        ]]]), 'num': array([ 3.44459580e+07,  5.64580000e+04,  5.45000000e+02,  6.31000000e+04,
        6.47000000e+04,  6.23000000e+04,  2.73236000e+05, -5.00000000e+02,
        6.19800000e+04,  5.79200000e+04,  5.71066667e+04,  8.03278689e+01,
        6.35387543e+04,  5.23012457e+04])}
{'img': array([[[ 0.        , -0.05038293, -0.12823532, ...,  0.8257353 ,
          0.91249363,  0.99820607],
        [ 0.05038293,  0.        , -0.0781055 , ...,  0.85310547,
          0.89072354,  0.99995484],
        [ 0.12823532,  0.0781055 ,  0.        , ...,  0.89124997,
          0.85249997,  0.99764234],
        ...,
        [-0.8257353 , -0.85310547, -0.89124997, ...,  0.        ,
          0.85249997,  0.51360761],
        [-0.91249363, -0.89072354, -0.85249997, ..., -0.85249997,
          0.        , -0.46298975],
        [-0.99820607, -0.99995484, -0.99764234, ..., -0.51360761,
          0.46298975,  0.        ]],

       [[ 0.        , -0.0433131 ,  0.08966294, ...,  0.74442007,
          0.95267447,  0.5625227 ],
        [ 0.0433131 ,  0.        ,  0.13271744, ...,  0.77264213,
          0.93861358,  0.59780529],
        [-0.08966294, -0.13271744,  0.        , ...,  0.68155269,
          0.9760941 ,  0.48612526],
        ...,
        [-0.74442007, -0.77264213, -0.68155269, ...,  0.        ,
          0.86240979, -0.23987007],
        [-0.95267447, -0.93861358, -0.9760941 , ..., -0.86240979,
          0.        , -0.95865655],
        [-0.5625227 , -0.59780529, -0.48612526, ...,  0.23987007,
          0.95865655,  0.        ]],

       [[ 0.        , -0.14865695, -0.2623473 , ...,  0.65881934,
          0.83991428,  0.99907594],
        [ 0.14865695,  0.        , -0.1159823 , ...,  0.76333388,
          0.91126081,  0.9943643 ],
        [ 0.2623473 ,  0.1159823 ,  0.        , ...,  0.83310741,
          0.95287593,  0.97535749],
        ...,
        [-0.65881934, -0.76333388, -0.83310741, ...,  0.        ,
          0.27431469,  0.72328999],
        [-0.83991428, -0.91126081, -0.95287593, ..., -0.27431469,
          0.        ,  0.5061181 ],
        [-0.99907594, -0.9943643 , -0.97535749, ..., -0.72328999,
         -0.5061181 ,  0.        ]],

       ...,

       [[ 0.        ,  0.09486613,  0.04854154, ...,  0.81755729,
          0.59913791,  0.4155729 ],
        [-0.09486613,  0.        , -0.04643168, ...,  0.86849855,
          0.67238999,  0.49998511],
        [-0.04854154,  0.04643168,  0.        , ...,  0.84454604,
          0.63729621,  0.45923445],
        ...,
        [-0.81755729, -0.86849855, -0.84454604, ...,  0.        ,
          0.30956193,  0.50431079],
        [-0.59913791, -0.67238999, -0.63729621, ..., -0.30956193,
          0.        ,  0.21222509],
        [-0.4155729 , -0.49998511, -0.45923445, ..., -0.50431079,
         -0.21222509,  0.        ]],

       [[ 0.        , -0.01606856,  0.00280252, ..., -0.2809551 ,
          0.16549668,  0.78934269],
        [ 0.01606856,  0.        ,  0.01887066, ..., -0.2654975 ,
          0.18132229,  0.79910611],
        [-0.00280252, -0.01887066,  0.        , ..., -0.28364364,
          0.16273215,  0.78761897],
        ...,
        [ 0.2809551 ,  0.2654975 ,  0.28364364, ...,  0.        ,
          0.43591146,  0.93004188],
        [-0.16549668, -0.18132229, -0.16273215, ..., -0.43591146,
          0.        ,  0.67685076],
        [-0.78934269, -0.79910611, -0.78761897, ..., -0.93004188,
         -0.67685076,  0.        ]],

       [[ 0.        , -0.51700309, -0.71667122, ..., -0.53664444,
         -0.22146752, -0.        ],
        [ 0.51700309,  0.        , -0.25289503, ..., -0.89561039,
         -0.69373729, -0.51700309],
        [ 0.71667122,  0.25289503,  0.        , ..., -0.97899509,
         -0.85332859, -0.71667122],
        ...,
        [ 0.53664444,  0.89561039,  0.97899509, ...,  0.        ,
         -0.33644217, -0.53664444],
        [ 0.22146752,  0.69373729,  0.85332859, ...,  0.33644217,
          0.        , -0.22146752],
        [ 0.        ,  0.51700309,  0.71667122, ...,  0.53664444,
          0.22146752,  0.        ]]]), 'num': array([3.48274580e+07, 5.64580000e+04, 5.45000000e+02, 6.38000000e+04,
       6.42000000e+04, 6.27000000e+04, 1.72566000e+05, 7.00000000e+02,
       6.26200000e+04, 5.83200000e+04, 5.72133333e+04, 8.08000000e+01,
       6.43983550e+04, 5.22416450e+04])}
{'img': array([[[ 0.00000000e+00, -7.69420023e-02, -1.84988396e-01, ...,
          9.82703642e-01,  9.96821569e-01,  8.84433277e-01],
        [ 7.69420023e-02,  0.00000000e+00, -1.08825973e-01, ...,
          9.65541967e-01,  9.99996266e-01,  8.45905169e-01],
        [ 1.84988396e-01,  1.08825973e-01,  0.00000000e+00, ...,
          9.31485759e-01,  9.94354519e-01,  7.82840665e-01],
        ...,
        [-9.82703642e-01, -9.65541967e-01, -9.31485759e-01, ...,
          0.00000000e+00, -2.62885195e-01,  2.94811092e-01],
        [-9.96821569e-01, -9.99996266e-01, -9.94354519e-01, ...,
          2.62885195e-01,  0.00000000e+00,  5.35643146e-01],
        [-8.84433277e-01, -8.45905169e-01, -7.82840665e-01, ...,
         -2.94811092e-01, -5.35643146e-01,  0.00000000e+00]],

       [[ 0.00000000e+00,  1.32717442e-01,  5.99692771e-02, ...,
          9.38613576e-01,  5.97805288e-01,  3.31995540e-01],
        [-1.32717442e-01,  0.00000000e+00, -7.30397967e-02, ...,
          9.76094104e-01,  4.86125263e-01,  2.03868843e-01],
        [-5.99692771e-02,  7.30397967e-02,  0.00000000e+00, ...,
          9.57611905e-01,  5.48655521e-01,  2.74830145e-01],
        ...,
        [-9.38613576e-01, -9.76094104e-01, -9.57611905e-01, ...,
          0.00000000e+00, -9.58656555e-01, -9.99904935e-01],
        [-5.97805288e-01, -4.86125263e-01, -5.48655521e-01, ...,
          9.58656555e-01,  0.00000000e+00, -2.97756995e-01],
        [-3.31995540e-01, -2.03868843e-01, -2.74830145e-01, ...,
          9.99904935e-01,  2.97756995e-01,  0.00000000e+00]],

       [[ 0.00000000e+00, -1.07825716e-01, -2.34658821e-01, ...,
          8.22614101e-01,  9.18728382e-01,  9.83464252e-01],
        [ 1.07825716e-01,  0.00000000e+00, -1.28475732e-01, ...,
          8.79127816e-01,  9.55951326e-01,  9.58202978e-01],
        [ 2.34658821e-01,  1.28475732e-01,  0.00000000e+00, ...,
          9.33071923e-01,  9.85739895e-01,  9.13506493e-01],
        ...,
        [-8.22614101e-01, -8.79127816e-01, -9.33071923e-01, ...,
          0.00000000e+00,  1.97546890e-01,  7.08175200e-01],
        [-9.18728382e-01, -9.55951326e-01, -9.85739895e-01, ...,
         -1.97546890e-01,  0.00000000e+00,  5.54744139e-01],
        [-9.83464252e-01, -9.58202978e-01, -9.13506493e-01, ...,
         -7.08175200e-01, -5.54744139e-01,  0.00000000e+00]],

       ...,

       [[ 0.00000000e+00, -4.62295006e-02, -2.36184200e-01, ...,
          7.18278124e-01,  6.46033223e-01,  4.98085252e-01],
        [ 4.62295006e-02,  0.00000000e+00, -1.91010093e-01, ...,
          6.85345717e-01,  6.10055105e-01,  4.57465824e-01],
        [ 2.36184200e-01,  1.91010093e-01,  0.00000000e+00, ...,
          5.33630221e-01,  4.47474251e-01,  2.79191626e-01],
        ...,
        [-7.18278124e-01, -6.85345717e-01, -5.33630221e-01, ...,
          0.00000000e+00,  9.87868181e-02,  2.76293273e-01],
        [-6.46033223e-01, -6.10055105e-01, -4.47474251e-01, ...,
         -9.87868181e-02,  0.00000000e+00,  1.80000437e-01],
        [-4.98085252e-01, -4.57465824e-01, -2.79191626e-01, ...,
         -2.76293273e-01, -1.80000437e-01,  0.00000000e+00]],

       [[ 0.00000000e+00,  1.44515485e-02, -8.54133189e-04, ...,
          1.33823967e-01,  4.26194715e-01,  9.13394503e-01],
        [-1.44515485e-02,  0.00000000e+00, -1.53055873e-02, ...,
          1.19488433e-01,  4.13076883e-01,  9.07416246e-01],
        [ 8.54133189e-04,  1.53055873e-02,  0.00000000e+00, ...,
          1.34670369e-01,  4.26967236e-01,  9.13741866e-01],
        ...,
        [-1.33823967e-01, -1.19488433e-01, -1.34670369e-01, ...,
          0.00000000e+00,  3.01299775e-01,  8.50702166e-01],
        [-4.26194715e-01, -4.13076883e-01, -4.26967236e-01, ...,
         -3.01299775e-01,  0.00000000e+00,  6.52791958e-01],
        [-9.13394503e-01, -9.07416246e-01, -9.13741866e-01, ...,
         -8.50702166e-01, -6.52791958e-01,  0.00000000e+00]],

       [[ 0.00000000e+00, -5.55840392e-01, -7.50471876e-01, ...,
         -3.17586496e-01, -2.23738308e-01, -0.00000000e+00],
        [ 5.55840392e-01,  0.00000000e+00, -2.56502800e-01, ...,
         -7.91070321e-01, -7.27740626e-01, -5.55840392e-01],
        [ 7.50471876e-01,  2.56502800e-01,  0.00000000e+00, ...,
         -9.21513099e-01, -8.79316036e-01, -7.50471876e-01],
        ...,
        [ 3.17586496e-01,  7.91070321e-01,  9.21513099e-01, ...,
          0.00000000e+00, -9.73802208e-02, -3.17586496e-01],
        [ 2.23738308e-01,  7.27740626e-01,  8.79316036e-01, ...,
          9.73802208e-02,  0.00000000e+00, -2.23738308e-01],
        [ 0.00000000e+00,  5.55840392e-01,  7.50471876e-01, ...,
          3.17586496e-01,  2.23738308e-01,  0.00000000e+00]]]), 'num': array([ 3.39554580e+07,  5.64580000e+04,  5.45000000e+02,  6.22000000e+04,
        6.38000000e+04,  6.21000000e+04,  1.69851000e+05, -1.60000000e+03,
        6.28400000e+04,  5.86400000e+04,  5.72966667e+04,  7.01492537e+01,
        6.48268894e+04,  5.24531106e+04])}
{'img': array([[[ 0.        , -0.10882597, -0.32270525, ...,  0.99999627,
          0.84590517,  0.95295283],
        [ 0.10882597,  0.        , -0.21778491, ...,  0.99435452,
          0.78284066,  0.98028025],
        [ 0.32270525,  0.21778491,  0.        , ...,  0.94737791,
          0.62853936,  0.99978736],
        ...,
        [-0.99999627, -0.99435452, -0.94737791, ...,  0.        ,
          0.53564315, -0.30051315],
        [-0.84590517, -0.78284066, -0.62853936, ..., -0.53564315,
          0.        , -0.76465113],
        [-0.95295283, -0.98028025, -0.99978736, ...,  0.30051315,
          0.76465113,  0.        ]],

       [[ 0.        , -0.0730398 ,  0.15804816, ...,  0.48612526,
          0.20386884,  0.19484938],
        [ 0.0730398 ,  0.        ,  0.2297478 , ...,  0.54865552,
          0.27483014,  0.2659688 ],
        [-0.15804816, -0.2297478 ,  0.        , ...,  0.34189878,
          0.04657764,  0.03738152],
        ...,
        [-0.48612526, -0.54865552, -0.34189878, ...,  0.        ,
         -0.29775699, -0.30653103],
        [-0.20386884, -0.27483014, -0.04657764, ...,  0.29775699,
          0.        , -0.00920413],
        [-0.19484938, -0.2659688 , -0.03738152, ...,  0.30653103,
          0.00920413,  0.        ]],

       [[ 0.        , -0.12582002, -0.26911044, ...,  0.93446804,
          0.99967491,  0.95199215],
        [ 0.12582002,  0.        , -0.14579341, ...,  0.97183974,
          0.99493857,  0.90591041],
        [ 0.26911044,  0.14579341,  0.        , ...,  0.99581085,
          0.96965765,  0.83449177],
        ...,
        [-0.93446804, -0.97183974, -0.99581085, ...,  0.        ,
          0.33210544,  0.62501562],
        [-0.99967491, -0.99493857, -0.96965765, ..., -0.33210544,
          0.        ,  0.33029558],
        [-0.95199215, -0.90591041, -0.83449177, ..., -0.62501562,
         -0.33029558,  0.        ]],

       ...,

       [[ 0.        , -0.19101009, -0.09971616, ...,  0.61005511,
          0.45746582,  0.97836556],
        [ 0.19101009,  0.        ,  0.09217789, ...,  0.44747425,
          0.27919163,  0.92083511],
        [ 0.09971616, -0.09217789,  0.        , ...,  0.52800355,
          0.36651546,  0.95285967],
        ...,
        [-0.61005511, -0.44747425, -0.52800355, ...,  0.        ,
          0.18000044, -0.64900635],
        [-0.45746582, -0.27919163, -0.36651546, ..., -0.18000044,
          0.        , -0.77534709],
        [-0.97836556, -0.92083511, -0.95285967, ...,  0.64900635,
          0.77534709,  0.        ]],

       [[ 0.        , -0.01393719,  0.02446182, ...,  0.36269844,
          0.67614355,  0.94068178],
        [ 0.01393719,  0.        ,  0.03839246, ...,  0.37565137,
          0.68634638,  0.94531917],
        [-0.02446182, -0.03839246,  0.        , ...,  0.33979378,
          0.65791849,  0.93210064],
        ...,
        [-0.36269844, -0.37565137, -0.33979378, ...,  0.        ,
          0.36287732,  0.75356753],
        [-0.67614355, -0.68634638, -0.65791849, ..., -0.36287732,
          0.        ,  0.46365721],
        [-0.94068178, -0.94531917, -0.93210064, ..., -0.75356753,
         -0.46365721,  0.        ]],

       [[ 0.        , -0.58098235, -0.82179245, ..., -0.23367913,
         -0.        , -0.43222   ],
        [ 0.58098235,  0.        , -0.337834  , ..., -0.75509235,
         -0.58098235, -0.87570224],
        [ 0.82179245,  0.337834  ,  0.        , ..., -0.93218743,
         -0.82179245, -0.98733961],
        ...,
        [ 0.23367913,  0.75509235,  0.93218743, ...,  0.        ,
         -0.23367913,  0.20952905],
        [ 0.        ,  0.58098235,  0.82179245, ...,  0.23367913,
          0.        ,  0.43222   ],
        [ 0.43222   ,  0.87570224,  0.98733961, ..., -0.20952905,
         -0.43222   ,  0.        ]]]), 'num': array([3.43914580e+07, 5.64580000e+04, 5.45000000e+02, 6.30000000e+04,
       6.44000000e+04, 6.25000000e+04, 2.21077000e+05, 8.00000000e+02,
       6.31400000e+04, 5.90250000e+04, 5.73983333e+04, 7.39130435e+01,
       6.52904210e+04, 5.27595790e+04])}
{'img': array([[[ 0.        , -0.21778491,  0.10882597, ...,  0.78284066,
          0.98028025,  0.9978171 ],
        [ 0.21778491,  0.        ,  0.32270525, ...,  0.62853936,
          0.99978736,  0.95948416],
        [-0.10882597, -0.32270525,  0.        , ...,  0.84590517,
          0.95295283,  0.99907755],
        ...,
        [-0.78284066, -0.62853936, -0.84590517, ...,  0.        ,
         -0.76465113, -0.5691666 ],
        [-0.98028025, -0.99978736, -0.95295283, ...,  0.76465113,
          0.        ,  0.2619169 ],
        [-0.9978171 , -0.95948416, -0.99907755, ...,  0.5691666 ,
         -0.2619169 ,  0.        ]],

       [[ 0.        ,  0.2297478 , -0.10960606, ...,  0.27483014,
          0.2659688 ,  0.41857062],
        [-0.2297478 ,  0.        , -0.33503772, ...,  0.04657764,
          0.03738152,  0.1987206 ],
        [ 0.10960606,  0.33503772,  0.        , ...,  0.37855976,
          0.3700246 ,  0.51559128],
        ...,
        [-0.27483014, -0.04657764, -0.37855976, ...,  0.        ,
         -0.00920413,  0.15285623],
        [-0.2659688 , -0.03738152, -0.3700246 , ...,  0.00920413,
          0.        ,  0.16194572],
        [-0.41857062, -0.1987206 , -0.51559128, ..., -0.15285623,
         -0.16194572,  0.        ]],

       [[ 0.        , -0.14220596, -0.1719907 , ...,  0.99874114,
          0.99722564,  0.89567092],
        [ 0.14220596,  0.        , -0.03015589, ...,  0.99572423,
          0.97650538,  0.82332682],
        [ 0.1719907 ,  0.03015589,  0.        , ...,  0.99248572,
          0.96956289,  0.80583688],
        ...,
        [-0.99874114, -0.99572423, -0.99248572, ...,  0.        ,
          0.12436635,  0.48908546],
        [-0.99722564, -0.97650538, -0.96956289, ..., -0.12436635,
          0.        ,  0.37681159],
        [-0.89567092, -0.82332682, -0.80583688, ..., -0.48908546,
         -0.37681159,  0.        ]],

       ...,

       [[ 0.        ,  0.09217789,  0.58280657, ...,  0.27919163,
          0.92083511,  0.83478774],
        [-0.09217789,  0.        ,  0.50542054, ...,  0.36651546,
          0.95285967,  0.88198424],
        [-0.58280657, -0.50542054,  0.        , ...,  0.78650567,
          0.97554735,  0.99923456],
        ...,
        [-0.27919163, -0.36651546, -0.78650567, ...,  0.        ,
         -0.77534709, -0.64787768],
        [-0.92083511, -0.95285967, -0.97554735, ...,  0.77534709,
          0.        ,  0.18145864],
        [-0.83478774, -0.88198424, -0.99923456, ...,  0.64787768,
         -0.18145864,  0.        ]],

       [[ 0.        ,  0.03522453, -0.07412048, ...,  0.59502523,
          0.73946093,  0.96846728],
        [-0.03522453,  0.        , -0.10920212, ...,  0.56634577,
          0.71528891,  0.9590904 ],
        [ 0.07412048,  0.10920212,  0.        , ...,  0.65295964,
          0.78732476,  0.98426975],
        ...,
        [-0.59502523, -0.56634577, -0.65295964, ...,  0.        ,
          0.19373927,  0.6301189 ],
        [-0.73946093, -0.71528891, -0.78732476, ..., -0.19373927,
          0.        ,  0.46774179],
        [-0.96846728, -0.9590904 , -0.98426975, ..., -0.6301189 ,
         -0.46774179,  0.        ]],

       [[ 0.        , -0.68256343, -0.72648531, ..., -0.        ,
         -0.45264482, -0.67836719],
        [ 0.68256343,  0.        , -0.0618893 , ..., -0.68256343,
         -0.93944037, -0.9972637 ],
        [ 0.72648531,  0.0618893 ,  0.        , ..., -0.72648531,
         -0.95884971, -0.99992722],
        ...,
        [ 0.        ,  0.68256343,  0.72648531, ...,  0.        ,
          0.45264482,  0.67836719],
        [ 0.45264482,  0.93944037,  0.95884971, ..., -0.45264482,
          0.        ,  0.27232527],
        [ 0.67836719,  0.9972637 ,  0.99992722, ..., -0.67836719,
         -0.27232527,  0.        ]]]), 'num': array([3.48274580e+07, 5.64580000e+04, 5.45000000e+02, 6.38000000e+04,
       6.50000000e+04, 6.26000000e+04, 2.96689000e+05, 8.00000000e+02,
       6.31800000e+04, 5.94200000e+04, 5.75200000e+04, 7.91366906e+01,
       6.58417132e+04, 5.29982868e+04])}
{'img': array([[[ 0.        ,  0.32270525,  0.37120547, ...,  0.99978736,
          0.95948416,  0.62853936],
        [-0.32270525,  0.        ,  0.0516976 , ...,  0.95295283,
          0.99907755,  0.84590517],
        [-0.37120547, -0.0516976 ,  0.        , ...,  0.93600802,
          0.99552154,  0.87234606],
        ...,
        [-0.99978736, -0.95295283, -0.93600802, ...,  0.        ,
          0.2619169 ,  0.76465113],
        [-0.95948416, -0.99907755, -0.99552154, ..., -0.2619169 ,
          0.        ,  0.5691666 ],
        [-0.62853936, -0.84590517, -0.87234606, ..., -0.76465113,
         -0.5691666 ,  0.        ]],

       [[ 0.        , -0.33503772, -0.36083639, ...,  0.03738152,
          0.1987206 ,  0.40075686],
        [ 0.33503772,  0.        , -0.02751581, ...,  0.3700246 ,
          0.51559128,  0.68455135],
        [ 0.36083639,  0.02751581,  0.        , ...,  0.39544729,
          0.53897256,  0.70435021],
        ...,
        [-0.03738152, -0.3700246 , -0.39544729, ...,  0.        ,
          0.16194572,  0.36622839],
        [-0.1987206 , -0.51559128, -0.53897256, ..., -0.16194572,
          0.        ,  0.21069951],
        [-0.40075686, -0.68455135, -0.70435021, ..., -0.36622839,
         -0.21069951,  0.        ]],

       [[ 0.        , -0.03006255, -0.03615223, ...,  0.98095235,
          0.89330614,  0.8218651 ],
        [ 0.03006255,  0.        , -0.00609299, ...,  0.97466937,
          0.87939081,  0.80436754],
        [ 0.03615223,  0.00609299,  0.        , ...,  0.97328858,
          0.87647361,  0.80073256],
        ...,
        [-0.98095235, -0.97466937, -0.97328858, ...,  0.        ,
          0.26736438,  0.39918497],
        [-0.89330614, -0.87939081, -0.87647361, ..., -0.26736438,
          0.        ,  0.13951435],
        [-0.8218651 , -0.80436754, -0.80073256, ..., -0.39918497,
         -0.13951435,  0.        ]],

       ...,

       [[ 0.        ,  0.50542054,  0.697178  , ...,  0.95285967,
          0.88198424,  0.65648617],
        [-0.50542054,  0.        ,  0.23924117, ...,  0.97554735,
          0.99923456,  0.94772224],
        [-0.697178  , -0.23924117,  0.        , ...,  0.89463497,
          0.96085807,  0.99654157],
        ...,
        [-0.95285967, -0.97554735, -0.89463497, ...,  0.        ,
          0.18145864,  0.51959298],
        [-0.88198424, -0.99923456, -0.96085807, ..., -0.18145864,
          0.        ,  0.3559262 ],
        [-0.65648617, -0.94772224, -0.99654157, ..., -0.51959298,
         -0.3559262 ,  0.        ]],

       [[ 0.        , -0.10057373, -0.19890365, ...,  0.61712259,
          0.75473707,  0.97975265],
        [ 0.10057373,  0.        , -0.09933095, ...,  0.69313169,
          0.81688939,  0.99492096],
        [ 0.19890365,  0.09933095,  0.        , ...,  0.76130261,
          0.87014295,  0.99999911],
        ...,
        [-0.61712259, -0.69313169, -0.76130261, ...,  0.        ,
          0.18902839,  0.64737987],
        [-0.75473707, -0.81688939, -0.87014295, ..., -0.18902839,
          0.        ,  0.49163736],
        [-0.97975265, -0.99492096, -0.99999911, ..., -0.64737987,
         -0.49163736,  0.        ]],

       [[ 0.        , -0.20837623, -0.25008022, ..., -0.5983379 ,
         -0.80724586, -0.9002084 ],
        [ 0.20837623,  0.        , -0.04283554, ..., -0.75216382,
         -0.91251265, -0.97118707],
        [ 0.25008022,  0.04283554,  0.        , ..., -0.77970103,
         -0.9291969 , -0.98050415],
        ...,
        [ 0.5983379 ,  0.75216382,  0.77970103, ...,  0.        ,
          0.29365261,  0.46073465],
        [ 0.80724586,  0.91251265,  0.9291969 , ..., -0.29365261,
          0.        ,  0.17979404],
        [ 0.9002084 ,  0.97118707,  0.98050415, ..., -0.46073465,
         -0.17979404,  0.        ]]]), 'num': array([3.52634580e+07, 5.64580000e+04, 5.45000000e+02, 6.46000000e+04,
       6.57000000e+04, 6.35000000e+04, 3.23137000e+05, 8.00000000e+02,
       6.34800000e+04, 5.98350000e+04, 5.76666667e+04, 8.42857143e+01,
       6.64659200e+04, 5.32040800e+04])}
{'img': array([[[ 0.        ,  0.04890335,  0.20850946, ...,  0.97509251,
          0.99958697,  0.82065181],
        [-0.04890335,  0.        ,  0.16043152, ...,  0.96307913,
          0.99979638,  0.84761468],
        [-0.20850946, -0.16043152,  0.        , ...,  0.90741321,
          0.98360859,  0.92176243],
        ...,
        [-0.97509251, -0.96307913, -0.90741321, ...,  0.        ,
          0.24972938,  0.73921511],
        [-0.99958697, -0.99979638, -0.98360859, ..., -0.24972938,
          0.        ,  0.54760848],
        [-0.82065181, -0.84761468, -0.92176243, ..., -0.73921511,
         -0.54760848,  0.        ]],

       [[ 0.        , -0.02751581,  0.07430733, ...,  0.51559128,
          0.68455135,  0.73360771],
        [ 0.02751581,  0.        ,  0.10171894, ...,  0.53897256,
          0.70435021,  0.75202895],
        [-0.07430733, -0.10171894,  0.        , ...,  0.45049677,
          0.62849141,  0.68108229],
        ...,
        [-0.51559128, -0.53897256, -0.45049677, ...,  0.        ,
          0.21069951,  0.2781985 ],
        [-0.68455135, -0.70435021, -0.62849141, ..., -0.21069951,
          0.        ,  0.06957133],
        [-0.73360771, -0.75202895, -0.68108229, ..., -0.2781985 ,
         -0.06957133,  0.        ]],

       [[ 0.        , -0.00595768,  0.0467154 , ...,  0.96867444,
          0.96222791,  0.79356111],
        [ 0.00595768,  0.        ,  0.05266574, ...,  0.96717776,
          0.96058888,  0.78992183],
        [-0.0467154 , -0.05266574,  0.        , ...,  0.97921791,
          0.97389543,  0.82112061],
        ...,
        [-0.96867444, -0.96717776, -0.97921791, ...,  0.        ,
          0.02476297,  0.39236097],
        [-0.96222791, -0.96058888, -0.97389543, ..., -0.02476297,
          0.        ,  0.3694634 ],
        [-0.79356111, -0.78992183, -0.82112061, ..., -0.39236097,
         -0.3694634 ,  0.        ]],

       ...,

       [[ 0.        ,  0.23041782,  0.4613935 , ...,  0.98812376,
          0.99443695,  0.76893289],
        [-0.23041782,  0.        ,  0.24455255, ...,  0.92612908,
          0.99194915,  0.89555519],
        [-0.4613935 , -0.24455255,  0.        , ...,  0.80576126,
          0.93086029,  0.97717636],
        ...,
        [-0.98812376, -0.92612908, -0.80576126, ...,  0.        ,
          0.25688787,  0.749891  ],
        [-0.99443695, -0.99194915, -0.93086029, ..., -0.25688787,
          0.        ,  0.55477847],
        [-0.76893289, -0.89555519, -0.97717636, ..., -0.749891  ,
         -0.55477847,  0.        ]],

       [[ 0.        , -0.09247499, -0.17172044, ...,  0.72589222,
          0.85047539,  0.99967125],
        [ 0.09247499,  0.        , -0.07988329, ...,  0.78638685,
          0.89547432,  0.9977587 ],
        [ 0.17172044,  0.07988329,  0.        , ...,  0.83322039,
          0.92816969,  0.98922472],
        ...,
        [-0.72589222, -0.78638685, -0.83322039, ...,  0.        ,
          0.20313409,  0.66897065],
        [-0.85047539, -0.89547432, -0.92816969, ..., -0.20313409,
          0.        ,  0.50403594],
        [-0.99967125, -0.9977587 , -0.98922472, ..., -0.66897065,
         -0.50403594,  0.        ]],

       [[ 0.        , -0.04283554,  0.03229601, ..., -0.91251265,
         -0.97118707, -0.9949024 ],
        [ 0.04283554,  0.        ,  0.07507956, ..., -0.9291969 ,
         -0.98050415, -0.99830886],
        [-0.03229601, -0.07507956,  0.        , ..., -0.898826  ,
         -0.96298372, -0.9911266 ],
        ...,
        [ 0.91251265,  0.9291969 ,  0.898826  , ...,  0.        ,
          0.17979404,  0.31494326],
        [ 0.97118707,  0.98050415,  0.96298372, ..., -0.17979404,
          0.        ,  0.13916662],
        [ 0.9949024 ,  0.99830886,  0.9911266 , ..., -0.31494326,
         -0.13916662,  0.        ]]]), 'num': array([3.54269580e+07, 5.64580000e+04, 5.45000000e+02, 6.49000000e+04,
       6.59000000e+04, 6.35000000e+04, 3.14882000e+05, 3.00000000e+02,
       6.37000000e+04, 6.02950000e+04, 5.78000000e+04, 8.32061069e+01,
       6.69908121e+04, 5.35991879e+04])}
{'img': array([[[ 0.        ,  0.1571953 ,  0.1571953 , ...,  0.99532005,
          0.97379455,  0.83872549],
        [-0.1571953 ,  0.        ,  0.        , ...,  0.96775548,
          0.99743873,  0.91389947],
        [-0.1571953 ,  0.        ,  0.        , ...,  0.96775548,
          0.99743873,  0.91389947],
        ...,
        [-0.99532005, -0.96775548, -0.96775548, ...,  0.        ,
          0.32046611,  0.62305476],
        [-0.97379455, -0.99743873, -0.99743873, ..., -0.32046611,
          0.        ,  0.33953323],
        [-0.83872549, -0.91389947, -0.91389947, ..., -0.62305476,
         -0.33953323,  0.        ]],

       [[ 0.        ,  0.10171894,  0.06450076, ...,  0.70435021,
          0.75202895,  0.73765313],
        [-0.10171894,  0.        , -0.03734092, ...,  0.62849141,
          0.68108229,  0.66514847],
        [-0.06450076,  0.03734092,  0.        , ...,  0.65709748,
          0.70794857,  0.69256747],
        ...,
        [-0.70435021, -0.62849141, -0.65709748, ...,  0.        ,
          0.06957133,  0.04806194],
        [-0.75202895, -0.68108229, -0.70794857, ..., -0.06957133,
          0.        , -0.02154545],
        [-0.73765313, -0.66514847, -0.69256747, ..., -0.04806194,
          0.02154545,  0.        ]],

       [[ 0.        ,  0.05182869,  0.12323787, ...,  0.98409477,
          0.93828393,  0.78223099],
        [-0.05182869,  0.        ,  0.07163863, ...,  0.9919792 ,
          0.95494865,  0.81346834],
        [-0.12323787, -0.07163863,  0.        , ...,  0.99848567,
          0.97375533,  0.85304395],
        ...,
        [-0.98409477, -0.9919792 , -0.99848567, ...,  0.        ,
          0.1736841 ,  0.47412086],
        [-0.93828393, -0.95494865, -0.97375533, ..., -0.1736841 ,
          0.        ,  0.31399303],
        [-0.78223099, -0.81346834, -0.85304395, ..., -0.47412086,
         -0.31399303,  0.        ]],

       ...,

       [[ 0.        ,  0.24455255,  0.08910653, ...,  0.99194915,
          0.89555519,  0.98106548],
        [-0.24455255,  0.        , -0.15717884, ...,  0.93086029,
          0.97717636,  0.99864049],
        [-0.08910653,  0.15717884,  0.        , ...,  0.97671911,
          0.93164076,  0.99442073],
        ...,
        [-0.99194915, -0.93086029, -0.97671911, ...,  0.        ,
          0.55477847,  0.31635611],
        [-0.89555519, -0.97717636, -0.93164076, ..., -0.55477847,
          0.        , -0.26307765],
        [-0.98106548, -0.99864049, -0.99442073, ..., -0.31635611,
          0.26307765,  0.        ]],

       [[ 0.        , -0.07604843, -0.15901338, ...,  0.83337073,
          0.93861753,  0.9930735 ],
        [ 0.07604843,  0.        , -0.08347208, ...,  0.87299046,
          0.96213305,  0.98126238],
        [ 0.15901338,  0.08347208,  0.        , ...,  0.91065627,
          0.98152815,  0.9617548 ],
        ...,
        [-0.83337073, -0.87299046, -0.91065627, ...,  0.        ,
          0.23130818,  0.64680278],
        [-0.93861753, -0.96213305, -0.98152815, ..., -0.23130818,
          0.        ,  0.45285295],
        [-0.9930735 , -0.98126238, -0.9617548 , ..., -0.64680278,
         -0.45285295,  0.        ]],

       [[ 0.        ,  0.07507956,  0.37993192, ..., -0.98050415,
         -0.99830886, -0.98237262],
        [-0.07507956,  0.        ,  0.3094099 , ..., -0.96298372,
         -0.9911266 , -0.99363479],
        [-0.37993192, -0.3094099 ,  0.        , ..., -0.83232451,
         -0.90136362, -0.97973077],
        ...,
        [ 0.98050415,  0.96298372,  0.83232451, ...,  0.        ,
          0.13916662,  0.37632341],
        [ 0.99830886,  0.9911266 ,  0.90136362, ..., -0.13916662,
          0.        ,  0.24372514],
        [ 0.98237262,  0.99363479,  0.97973077, ..., -0.37632341,
         -0.24372514,  0.        ]]]), 'num': array([ 3.48274580e+07,  5.64580000e+04,  5.45000000e+02,  6.38000000e+04,
        6.58000000e+04,  6.35000000e+04,  2.19168000e+05, -1.10000000e+03,
        6.40200000e+04,  6.06800000e+04,  5.79116667e+04,  7.67605634e+01,
        6.72510273e+04,  5.41089727e+04])}
{'img': array([[[ 0.        ,  0.        , -0.38000123, ...,  0.99743873,
          0.91389947,  0.96775548],
        [ 0.        ,  0.        , -0.38000123, ...,  0.99743873,
          0.91389947,  0.96775548],
        [ 0.38000123,  0.38000123,  0.        , ...,  0.89543685,
          0.69108627,  0.99087934],
        ...,
        [-0.99743873, -0.99743873, -0.89543685, ...,  0.        ,
          0.33953323, -0.32046611],
        [-0.91389947, -0.91389947, -0.69108627, ..., -0.33953323,
          0.        , -0.62305476],
        [-0.96775548, -0.96775548, -0.99087934, ...,  0.32046611,
          0.62305476,  0.        ]],

       [[ 0.        , -0.03734092, -0.0229398 , ...,  0.68108229,
          0.66514847,  0.44538837],
        [ 0.03734092,  0.        ,  0.0144073 , ...,  0.70794857,
          0.69256747,  0.47851047],
        [ 0.0229398 , -0.0144073 ,  0.        , ...,  0.69769974,
          0.68210284,  0.46581002],
        ...,
        [-0.68108229, -0.70794857, -0.69769974, ...,  0.        ,
         -0.02154545, -0.28368208],
        [-0.66514847, -0.69256747, -0.68210284, ...,  0.02154545,
          0.        , -0.2629559 ],
        [-0.44538837, -0.47851047, -0.46581002, ...,  0.28368208,
          0.2629559 ,  0.        ]],

       [[ 0.        ,  0.07000138,  0.09085097, ...,  0.98954918,
          0.96636302,  0.8026485 ],
        [-0.07000138,  0.        ,  0.02091621, ...,  0.99721561,
          0.98199551,  0.84243201],
        [-0.09085097, -0.02091621,  0.        , ...,  0.99855722,
          0.98573184,  0.85351742],
        ...,
        [-0.98954918, -0.99721561, -0.99855722, ...,  0.        ,
          0.11514866,  0.47448039],
        [-0.96636302, -0.98199551, -0.98573184, ..., -0.11514866,
          0.        ,  0.36996281],
        [-0.8026485 , -0.84243201, -0.85351742, ..., -0.47448039,
         -0.36996281,  0.        ]],

       ...,

       [[ 0.        , -0.15717884, -0.32386862, ...,  0.97717636,
          0.99864049,  0.8766752 ],
        [ 0.15717884,  0.        , -0.17113576, ...,  0.93164076,
          0.99442073,  0.94139429],
        [ 0.32386862,  0.17113576,  0.        , ...,  0.85570926,
          0.96169796,  0.98523182],
        ...,
        [-0.97717636, -0.93164076, -0.85570926, ...,  0.        ,
         -0.26307765, -0.6563345 ],
        [-0.99864049, -0.99442073, -0.96169796, ...,  0.26307765,
          0.        , -0.43473069],
        [-0.8766752 , -0.94139429, -0.98523182, ...,  0.6563345 ,
          0.43473069,  0.        ]],

       [[ 0.        , -0.08171416, -0.17243497, ...,  0.93792549,
          0.99401044,  0.97687659],
        [ 0.08171416,  0.        , -0.09136815, ...,  0.96313036,
          0.99961642,  0.95613892],
        [ 0.17243497,  0.09136815,  0.        , ...,  0.98368301,
          0.99796564,  0.92537659],
        ...,
        [-0.93792549, -0.96313036, -0.98368301, ...,  0.        ,
          0.2422581 ,  0.53934893],
        [-0.99401044, -0.99961642, -0.99796564, ..., -0.2422581 ,
          0.        ,  0.31928144],
        [-0.97687659, -0.95613892, -0.92537659, ..., -0.53934893,
         -0.31928144,  0.        ]],

       [[ 0.        ,  0.3094099 ,  0.06693281, ..., -0.9911266 ,
         -0.99363479, -0.91523022],
        [-0.3094099 ,  0.        , -0.24506772, ..., -0.90136362,
         -0.97973077, -0.99498968],
        [-0.06693281,  0.24506772,  0.        , ..., -0.98000719,
         -0.99894649, -0.94014713],
        ...,
        [ 0.9911266 ,  0.90136362,  0.98000719, ...,  0.        ,
          0.24372514,  0.52100952],
        [ 0.99363479,  0.97973077,  0.99894649, ..., -0.24372514,
          0.        ,  0.29726633],
        [ 0.91523022,  0.99498968,  0.94014713, ..., -0.52100952,
         -0.29726633,  0.        ]]]), 'num': array([3.57539580e+07, 5.64580000e+04, 5.45000000e+02, 6.55000000e+04,
       6.55000000e+04, 6.35000000e+04, 2.71304000e+05, 1.70000000e+03,
       6.45200000e+04, 6.11150000e+04, 5.80400000e+04, 7.13043478e+01,
       6.77525523e+04, 5.44774477e+04])}
{'img': array([[[ 0.        , -0.36702282, -0.70296495, ...,  0.99972675,
          0.93405094,  0.89836373],
        [ 0.36702282,  0.        , -0.39287077, ...,  0.93853714,
          0.99994379,  0.67445303],
        [ 0.70296495,  0.39287077,  0.        , ...,  0.72746237,
          0.91537667,  0.33015928],
        ...,
        [-0.99972675, -0.93853714, -0.72746237, ...,  0.        ,
         -0.33520822,  0.4601321 ],
        [-0.93405094, -0.99994379, -0.91537667, ...,  0.33520822,
          0.        ,  0.7311255 ],
        [-0.89836373, -0.67445303, -0.33015928, ..., -0.4601321 ,
         -0.7311255 ,  0.        ]],

       [[ 0.        ,  0.0144073 ,  0.13515465, ...,  0.69256747,
          0.47851047,  0.60379247],
        [-0.0144073 ,  0.        ,  0.12086552, ...,  0.68210284,
          0.46581002,  0.59224514],
        [-0.13515465, -0.12086552,  0.        , ...,  0.5887186 ,
          0.35544307,  0.49051499],
        ...,
        [-0.69256747, -0.68210284, -0.5887186 , ...,  0.        ,
         -0.2629559 , -0.11652673],
        [-0.47851047, -0.46581002, -0.35544307, ...,  0.2629559 ,
          0.        ,  0.14873862],
        [-0.60379247, -0.59224514, -0.49051499, ...,  0.11652673,
         -0.14873862,  0.        ]],

       [[ 0.        ,  0.02019733, -0.07299441, ...,  0.99999736,
          0.99082277,  0.82643972],
        [-0.02019733,  0.        , -0.09312297, ...,  0.99983978,
          0.99335067,  0.83764274],
        [ 0.07299441,  0.09312297,  0.        , ...,  0.99716201,
          0.97831313,  0.78313737],
        ...,
        [-0.99999736, -0.99983978, -0.99716201, ...,  0.        ,
          0.13289069,  0.56112498],
        [-0.99082277, -0.99335067, -0.97831313, ..., -0.13289069,
          0.        ,  0.44615043],
        [-0.82643972, -0.83764274, -0.78313737, ..., -0.56112498,
         -0.44615043,  0.        ]],

       ...,

       [[ 0.        , -0.17113576, -0.93164076, ...,  0.99442073,
          0.94139429,  0.83397112],
        [ 0.17113576,  0.        , -0.85570926, ...,  0.96169796,
          0.98523182,  0.91610202],
        [ 0.93164076,  0.85570926,  0.        , ...,  0.26307765,
          0.6563345 ,  0.81713588],
        ...,
        [-0.99442073, -0.96169796, -0.26307765, ...,  0.        ,
         -0.43473069, -0.63670217],
        [-0.94139429, -0.98523182, -0.6563345 , ...,  0.43473069,
          0.        , -0.23816372],
        [-0.83397112, -0.91610202, -0.81713588, ...,  0.63670217,
          0.23816372,  0.        ]],

       [[ 0.        , -0.08811061, -0.11307926, ...,  0.97720682,
          0.99408115,  0.94507082],
        [ 0.08811061,  0.        , -0.025094  , ...,  0.99211112,
          0.99978721,  0.91259482],
        [ 0.11307926,  0.025094  ,  0.        , ...,  0.99494453,
          0.99999002,  0.90204738],
        ...,
        [-0.97720682, -0.99211112, -0.99494453, ...,  0.        ,
          0.10486913,  0.52004395],
        [-0.99408115, -0.99978721, -0.99999002, ..., -0.10486913,
          0.        ,  0.42760357],
        [-0.94507082, -0.91259482, -0.90204738, ..., -0.52004395,
         -0.42760357,  0.        ]],

       [[ 0.        , -0.24506772, -0.66039563, ..., -0.97973077,
         -0.99498968, -0.94841434],
        [ 0.24506772,  0.        , -0.45623178, ..., -0.99894649,
         -0.94014713, -0.84179869],
        [ 0.66039563,  0.45623178,  0.        , ..., -0.86798697,
         -0.68113069, -0.50281373],
        ...,
        [ 0.97973077,  0.99894649,  0.86798697, ...,  0.        ,
          0.29726633,  0.50059267],
        [ 0.99498968,  0.94014713,  0.68113069, ..., -0.29726633,
          0.        ,  0.22062479],
        [ 0.94841434,  0.84179869,  0.50281373, ..., -0.50059267,
         -0.22062479,  0.        ]]]), 'num': array([3.57539580e+07, 5.64580000e+04, 5.45000000e+02, 6.55000000e+04,
       6.63000000e+04, 6.47000000e+04, 2.04423000e+05, 0.00000000e+00,
       6.48600000e+04, 6.15700000e+04, 5.81683333e+04, 7.10526316e+01,
       6.80990428e+04, 5.50409572e+04])}
{'img': array([[[ 0.        , -0.39287077, -0.34391049, ...,  0.99994379,
          0.67445303,  0.67445303],
        [ 0.39287077,  0.        ,  0.05264869, ...,  0.91537667,
          0.33015928,  0.33015928],
        [ 0.34391049, -0.05264869,  0.        , ...,  0.93530341,
          0.37939782,  0.37939782],
        ...,
        [-0.99994379, -0.91537667, -0.93530341, ...,  0.        ,
          0.7311255 ,  0.7311255 ],
        [-0.67445303, -0.33015928, -0.37939782, ..., -0.7311255 ,
          0.        ,  0.        ],
        [-0.67445303, -0.33015928, -0.37939782, ..., -0.7311255 ,
          0.        ,  0.        ]],

       [[ 0.        ,  0.12086552, -0.2794451 , ...,  0.46581002,
          0.59224514,  0.42560109],
        [-0.12086552,  0.        , -0.3934469 , ...,  0.35544307,
          0.49051499,  0.31310844],
        [ 0.2794451 ,  0.3934469 ,  0.        , ...,  0.69452964,
          0.79381617,  0.66151877],
        ...,
        [-0.46581002, -0.35544307, -0.69452964, ...,  0.        ,
          0.14873862, -0.04490864],
        [-0.59224514, -0.49051499, -0.79381617, ..., -0.14873862,
          0.        , -0.19299766],
        [-0.42560109, -0.31310844, -0.66151877, ...,  0.04490864,
          0.19299766,  0.        ]],

       [[ 0.        , -0.09109769, -0.19441027, ...,  0.99999092,
          0.97522045,  0.82722818],
        [ 0.09109769,  0.        , -0.10424233, ...,  0.99544478,
          0.95101141,  0.77260383],
        [ 0.19441027,  0.10424233,  0.        , ...,  0.98008308,
          0.91360311,  0.70221237],
        ...,
        [-0.99999092, -0.99544478, -0.98008308, ...,  0.        ,
          0.21707824,  0.55833646],
        [-0.97522045, -0.95101141, -0.91360311, ..., -0.21707824,
          0.        ,  0.36493122],
        [-0.82722818, -0.77260383, -0.70221237, ..., -0.55833646,
         -0.36493122,  0.        ]],

       ...,

       [[ 0.        , -0.85570926, -0.51224049, ...,  0.98523182,
          0.91610202,  0.91204039],
        [ 0.85570926,  0.        ,  0.46985672, ...,  0.6563345 ,
          0.81713588,  0.82286831],
        [ 0.51224049, -0.46985672,  0.        , ...,  0.9338673 ,
          0.99216733,  0.99336867],
        ...,
        [-0.98523182, -0.6563345 , -0.9338673 , ...,  0.        ,
         -0.23816372, -0.24787913],
        [-0.91610202, -0.81713588, -0.99216733, ...,  0.23816372,
          0.        , -0.01001555],
        [-0.91204039, -0.82286831, -0.99336867, ...,  0.24787913,
          0.01001555,  0.        ]],

       [[ 0.        , -0.02452774, -0.0677923 , ...,  0.99205203,
          0.99665745,  0.90385187],
        [ 0.02452774,  0.        , -0.04330059, ...,  0.99483986,
          0.99435383,  0.89308586],
        [ 0.0677923 ,  0.04330059,  0.        , ...,  0.99829996,
          0.98882637,  0.87276789],
        ...,
        [-0.99205203, -0.99483986, -0.99829996, ...,  0.        ,
          0.20645252,  0.53817518],
        [-0.99665745, -0.99435383, -0.98882637, ..., -0.20645252,
          0.        ,  0.35257607],
        [-0.90385187, -0.89308586, -0.87276789, ..., -0.53817518,
         -0.35257607,  0.        ]],

       [[ 0.        , -0.62823027, -0.78433862, ..., -0.99313089,
         -0.94135233, -0.73826706],
        [ 0.62823027,  0.        , -0.22052507, ..., -0.69917468,
         -0.52041722, -0.15064538],
        [ 0.78433862,  0.22052507,  0.        , ..., -0.52429732,
         -0.3192962 ,  0.07107173],
        ...,
        [ 0.99313089,  0.69917468,  0.52429732, ...,  0.        ,
          0.22496098,  0.58349156],
        [ 0.94135233,  0.52041722,  0.3192962 , ..., -0.22496098,
          0.        ,  0.38584024],
        [ 0.73826706,  0.15064538, -0.07107173, ..., -0.58349156,
         -0.38584024,  0.        ]]]), 'num': array([3.64079580e+07, 5.64580000e+04, 5.45000000e+02, 6.67000000e+04,
       6.67000000e+04, 6.49000000e+04, 1.95654000e+05, 1.20000000e+03,
       6.52800000e+04, 6.21200000e+04, 5.83433333e+04, 7.44000000e+01,
       6.84279632e+04, 5.58120368e+04])}
{'img': array([[[ 0.        ,  0.04984137, -0.31352535, ...,  0.82216297,
          0.82216297,  0.31352535],
        [-0.04984137,  0.        , -0.36046404, ...,  0.84951345,
          0.84951345,  0.36046404],
        [ 0.31352535,  0.36046404,  0.        , ...,  0.60223438,
          0.60223438,  0.        ],
        ...,
        [-0.82216297, -0.84951345, -0.60223438, ...,  0.        ,
          0.        ,  0.60223438],
        [-0.82216297, -0.84951345, -0.60223438, ...,  0.        ,
          0.        ,  0.60223438],
        [-0.31352535, -0.36046404, -0.        , ..., -0.60223438,
         -0.60223438,  0.        ]],

       [[ 0.        , -0.3934469 , -0.34982845, ...,  0.49051499,
          0.31310844,  0.28692808],
        [ 0.3934469 ,  0.        ,  0.04697262, ...,  0.79381617,
          0.66151877,  0.64068986],
        [ 0.34982845, -0.04697262,  0.        , ...,  0.76437317,
          0.62556246,  0.60391709],
        ...,
        [-0.49051499, -0.79381617, -0.76437317, ...,  0.        ,
         -0.19299766, -0.21985135],
        [-0.31310844, -0.66151877, -0.62556246, ...,  0.19299766,
          0.        , -0.02744231],
        [-0.28692808, -0.64068986, -0.60391709, ...,  0.21985135,
          0.02744231,  0.        ]],

       [[ 0.        , -0.10169553, -0.28673396, ...,  0.98776429,
          0.95525774,  0.76010057],
        [ 0.10169553,  0.        , -0.18782205, ...,  0.96678345,
          0.92022632,  0.69007757],
        [ 0.28673396,  0.18782205,  0.        , ...,  0.90157095,
          0.83033807,  0.54186285],
        ...,
        [-0.98776429, -0.96678345, -0.90157095, ...,  0.        ,
          0.1431792 ,  0.52331376],
        [-0.95525774, -0.92022632, -0.83033807, ..., -0.1431792 ,
          0.        ,  0.3959132 ],
        [-0.76010057, -0.69007757, -0.54186285, ..., -0.52331376,
         -0.3959132 ,  0.        ]],

       ...,

       [[ 0.        ,  0.46985672,  0.4046445 , ...,  0.81713588,
          0.82286831,  0.73556904],
        [-0.46985672,  0.        , -0.07247481, ...,  0.99216733,
          0.99336867,  0.96762252],
        [-0.4046445 ,  0.07247481,  0.        , ...,  0.98050492,
          0.98242374,  0.94678514],
        ...,
        [-0.81713588, -0.99216733, -0.98050492, ...,  0.        ,
         -0.01001555,  0.12955335],
        [-0.82286831, -0.99336867, -0.98242374, ...,  0.01001555,
          0.        ,  0.13947799],
        [-0.73556904, -0.96762252, -0.94678514, ..., -0.12955335,
         -0.13947799,  0.        ]],

       [[ 0.        , -0.0424297 , -0.04575194, ...,  0.99991436,
          0.99031965,  0.88470154],
        [ 0.0424297 ,  0.        , -0.00332547, ...,  0.99956917,
          0.98353834,  0.86412589],
        [ 0.04575194,  0.00332547,  0.        , ...,  0.99946603,
          0.98293199,  0.86244748],
        ...,
        [-0.99991436, -0.99956917, -0.99946603, ...,  0.        ,
          0.15175386,  0.4776959 ],
        [-0.99031965, -0.98353834, -0.98293199, ..., -0.15175386,
          0.        ,  0.33884378],
        [-0.88470154, -0.86412589, -0.86244748, ..., -0.4776959 ,
         -0.33884378,  0.        ]],

       [[ 0.        , -0.18273568, -0.40820865, ..., -0.45496457,
         -0.12303433,  0.74683543],
        [ 0.18273568,  0.        , -0.23451793, ..., -0.28457604,
          0.06038464,  0.85578112],
        [ 0.40820865,  0.23451793,  0.        , ..., -0.05181829,
          0.2927906 ,  0.95323998],
        ...,
        [ 0.45496457,  0.28457604,  0.05181829, ...,  0.        ,
          0.34194469,  0.96761956],
        [ 0.12303433, -0.06038464, -0.2927906 , ..., -0.34194469,
          0.        ,  0.82298021],
        [-0.74683543, -0.85578112, -0.95323998, ..., -0.96761956,
         -0.82298021,  0.        ]]]), 'num': array([3.65169580e+07, 5.64580000e+04, 5.45000000e+02, 6.69000000e+04,
       6.71000000e+04, 6.61000000e+04, 1.41631000e+05, 2.00000000e+02,
       6.56800000e+04, 6.27150000e+04, 5.85400000e+04, 7.37704918e+01,
       6.84425737e+04, 5.69874263e+04])}
{'img': array([[[ 0.        , -0.35757533, -0.04941576, ...,  0.87226968,
          0.58389128,  0.35757533],
        [ 0.35757533,  0.        ,  0.31098988, ...,  0.63973562,
          0.25499584,  0.        ],
        [ 0.04941576, -0.31098988,  0.        , ...,  0.84703847,
          0.54306065,  0.31098988],
        ...,
        [-0.87226968, -0.63973562, -0.84703847, ...,  0.        ,
          0.42259879,  0.63973562],
        [-0.58389128, -0.25499584, -0.54306065, ..., -0.42259879,
          0.        ,  0.25499584],
        [-0.35757533, -0.        , -0.31098988, ..., -0.63973562,
         -0.25499584,  0.        ]],

       [[ 0.        ,  0.04697262,  0.25990155, ...,  0.66151877,
          0.64068986,  0.48794936],
        [-0.04697262,  0.        ,  0.21425626, ...,  0.62556246,
          0.60391709,  0.44640967],
        [-0.25990155, -0.21425626,  0.        , ...,  0.44387815,
          0.41912028,  0.24432026],
        ...,
        [-0.66151877, -0.62556246, -0.44387815, ...,  0.        ,
         -0.02744231, -0.211494  ],
        [-0.64068986, -0.60391709, -0.41912028, ...,  0.02744231,
          0.        , -0.1845928 ],
        [-0.48794936, -0.44640967, -0.24432026, ...,  0.211494  ,
          0.1845928 ,  0.        ]],

       [[ 0.        , -0.18390027, -0.40886978, ...,  0.96567015,
          0.90695423,  0.67906041],
        [ 0.18390027,  0.        , -0.23407042, ...,  0.90142853,
          0.81402188,  0.53248101],
        [ 0.40886978,  0.23407042,  0.        , ...,  0.7750509 ,
          0.65545196,  0.31956148],
        ...,
        [-0.96567015, -0.90142853, -0.7750509 , ...,  0.        ,
          0.17116771,  0.53248101],
        [-0.90695423, -0.81402188, -0.65545196, ..., -0.17116771,
          0.        ,  0.37973908],
        [-0.67906041, -0.53248101, -0.31956148, ..., -0.53248101,
         -0.37973908,  0.        ]],

       ...,

       [[ 0.        , -0.25534094,  0.29163337, ...,  0.94831932,
          0.89307024,  0.90544887],
        [ 0.25534094,  0.        ,  0.52620735, ...,  0.83585938,
          0.74858363,  0.76705339],
        [-0.29163337, -0.52620735,  0.        , ...,  0.99963645,
          0.98545952,  0.98987451],
        ...,
        [-0.94831932, -0.83585938, -0.99963645, ...,  0.        ,
          0.14327831,  0.11520433],
        [-0.89307024, -0.74858363, -0.98545952, ..., -0.14327831,
          0.        , -0.02830864],
        [-0.90544887, -0.76705339, -0.98987451, ..., -0.11520433,
          0.02830864,  0.        ]],

       [[ 0.        , -0.00332257, -0.01147525, ...,  0.98472425,
          0.89796332,  0.86374596],
        [ 0.00332257,  0.        , -0.00815284, ...,  0.98414029,
          0.8964962 ,  0.86206686],
        [ 0.01147525,  0.00815284,  0.        , ...,  0.98266133,
          0.89285428,  0.85790639],
        ...,
        [-0.98472425, -0.98414029, -0.98266133, ...,  0.        ,
          0.27699357,  0.34583325],
        [-0.89796332, -0.8964962 , -0.89285428, ..., -0.27699357,
          0.        ,  0.07239946],
        [-0.86374596, -0.86206686, -0.85790639, ..., -0.34583325,
         -0.07239946,  0.        ]],

       [[ 0.        , -0.16161029, -0.27748516, ...,  0.03866222,
          0.377386  ,  0.98993277],
        [ 0.16161029,  0.        , -0.11857368, ...,  0.19964345,
          0.52208532,  0.99979382],
        [ 0.27748516,  0.11857368,  0.        , ...,  0.31442165,
          0.61953283,  0.99033283],
        ...,
        [-0.03866222, -0.19964345, -0.31442165, ...,  0.        ,
          0.34130046,  0.98372045],
        [-0.377386  , -0.52208532, -0.61953283, ..., -0.34130046,
          0.        ,  0.86331865],
        [-0.98993277, -0.99979382, -0.99033283, ..., -0.98372045,
         -0.86331865,  0.        ]]]), 'num': array([ 3.58629580e+07,  5.64580000e+04,  5.45000000e+02,  6.57000000e+04,
        6.69000000e+04,  6.52000000e+04,  1.78643000e+05, -1.20000000e+03,
        6.60600000e+04,  6.31900000e+04,  5.87150000e+04,  6.61538462e+01,
        6.82095219e+04,  5.81704781e+04])}
{'img': array([[[ 0.        ,  0.31098988,  0.        , ...,  0.25499584,
          0.        ,  0.5977898 ],
        [-0.31098988,  0.        , -0.31098988, ...,  0.54306065,
          0.31098988,  0.81745326],
        [ 0.        ,  0.31098988,  0.        , ...,  0.25499584,
          0.        ,  0.5977898 ],
        ...,
        [-0.25499584, -0.54306065, -0.25499584, ...,  0.        ,
          0.25499584, -0.37360999],
        [-0.        , -0.31098988, -0.        , ..., -0.25499584,
          0.        , -0.5977898 ],
        [-0.5977898 , -0.81745326, -0.5977898 , ...,  0.37360999,
          0.5977898 ,  0.        ]],

       [[ 0.        ,  0.21425626,  0.18703891, ...,  0.60391709,
          0.44640967,  0.5591461 ],
        [-0.21425626,  0.        , -0.02777978, ...,  0.41912028,
          0.24432026,  0.36852807],
        [-0.18703891,  0.02777978,  0.        , ...,  0.44418064,
          0.27116387,  0.39421039],
        ...,
        [-0.60391709, -0.41912028, -0.44418064, ...,  0.        ,
         -0.1845928 , -0.05502322],
        [-0.44640967, -0.24432026, -0.27116387, ...,  0.1845928 ,
          0.        ,  0.1302355 ],
        [-0.5591461 , -0.36852807, -0.39421039, ...,  0.05502322,
         -0.1302355 ,  0.        ]],

       [[ 0.        , -0.22988559, -0.52400059, ...,  0.88621946,
          0.79826923,  0.52400059],
        [ 0.22988559,  0.        , -0.31416895, ...,  0.75598632,
          0.63842944,  0.31416895],
        [ 0.52400059,  0.31416895,  0.        , ...,  0.5120575 ,
          0.36429423,  0.        ],
        ...,
        [-0.88621946, -0.75598632, -0.5120575 , ...,  0.        ,
          0.16395995,  0.5120575 ],
        [-0.79826923, -0.63842944, -0.36429423, ..., -0.16395995,
          0.        ,  0.36429423],
        [-0.52400059, -0.31416895, -0.        , ..., -0.5120575 ,
         -0.36429423,  0.        ]],

       ...,

       [[ 0.        ,  0.52620735,  0.64111408, ...,  0.74858363,
          0.76705339,  0.92417637],
        [-0.52620735,  0.        ,  0.14133988, ...,  0.98545952,
          0.98987451,  0.98687252],
        [-0.64111408, -0.14133988,  0.        , ...,  0.99958173,
          0.99999981,  0.95413887],
        ...,
        [-0.74858363, -0.98545952, -0.99958173, ...,  0.        ,
         -0.02830864, -0.32683274],
        [-0.76705339, -0.98987451, -0.99999981, ...,  0.02830864,
          0.        , -0.29994777],
        [-0.92417637, -0.98687252, -0.95413887, ...,  0.32683274,
          0.29994777,  0.        ]],

       [[ 0.        , -0.00815284, -0.04365428, ...,  0.8964962 ,
          0.86206686,  0.97107614],
        [ 0.00815284,  0.        , -0.03550776, ...,  0.89285428,
          0.85790639,  0.96909721],
        [ 0.04365428,  0.03550776,  0.        , ...,  0.87630048,
          0.8391213 ,  0.95972707],
        ...,
        [-0.8964962 , -0.89285428, -0.87630048, ...,  0.        ,
          0.07239946, -0.21618022],
        [-0.86206686, -0.85790639, -0.8391213 , ..., -0.07239946,
          0.        , -0.28630036],
        [-0.97107614, -0.96909721, -0.95972707, ...,  0.21618022,
          0.28630036,  0.        ]],

       [[ 0.        , -0.09813273, -0.1881442 , ...,  0.4108391 ,
          0.75924561,  0.97643851],
        [ 0.09813273,  0.        , -0.09085587, ...,  0.4983245 ,
          0.81944618,  0.95054893],
        [ 0.1881442 ,  0.09085587,  0.        , ...,  0.57503464,
          0.86813159,  0.91839996],
        ...,
        [-0.4108391 , -0.4983245 , -0.57503464, ...,  0.        ,
          0.42483438,  0.97888403],
        [-0.75924561, -0.81944618, -0.86813159, ..., -0.42483438,
          0.        ,  0.79931232],
        [-0.97643851, -0.95054893, -0.91839996, ..., -0.97888403,
         -0.79931232,  0.        ]]]), 'num': array([3.59174580e+07, 5.64580000e+04, 5.45000000e+02, 6.58000000e+04,
       6.62000000e+04, 6.48000000e+04, 1.52454000e+05, 1.00000000e+02,
       6.61200000e+04, 6.36700000e+04, 5.88983333e+04, 6.00000000e+01,
       6.76530139e+04, 5.96869861e+04])}
{'img': array([[[ 0.        , -0.31098988,  0.13250189, ...,  0.31098988,
          0.81745326,  0.80089545],
        [ 0.31098988,  0.        ,  0.43417936, ...,  0.        ,
          0.5977898 ,  0.57495957],
        [-0.13250189, -0.43417936,  0.        , ...,  0.43417936,
          0.88656599,  0.87317645],
        ...,
        [-0.31098988, -0.        , -0.43417936, ...,  0.        ,
         -0.5977898 , -0.57495957],
        [-0.81745326, -0.5977898 , -0.88656599, ...,  0.5977898 ,
          0.        ,  0.02818274],
        [-0.80089545, -0.57495957, -0.87317645, ...,  0.57495957,
         -0.02818274,  0.        ]],

       [[ 0.        , -0.02777978, -0.15041464, ...,  0.24432026,
          0.36852807,  0.28294816],
        [ 0.02777978,  0.        , -0.12289286, ...,  0.27116387,
          0.39421039,  0.30948353],
        [ 0.15041464,  0.12289286,  0.        , ...,  0.3873969 ,
          0.50416328,  0.42399704],
        ...,
        [-0.24432026, -0.27116387, -0.3873969 , ...,  0.        ,
          0.1302355 ,  0.04003714],
        [-0.36852807, -0.39421039, -0.50416328, ..., -0.1302355 ,
          0.        , -0.09043493],
        [-0.28294816, -0.30948353, -0.42399704, ..., -0.04003714,
          0.09043493,  0.        ]],

       [[ 0.        , -0.31334218, -0.17082543, ...,  0.65879637,
          0.44909616,  0.31334218],
        [ 0.31334218,  0.        ,  0.14651375, ...,  0.38988558,
          0.14651375,  0.        ],
        [ 0.17082543, -0.14651375,  0.        , ...,  0.52059732,
          0.28986534,  0.14651375],
        ...,
        [-0.65879637, -0.38988558, -0.52059732, ...,  0.        ,
          0.25075904,  0.38988558],
        [-0.44909616, -0.14651375, -0.28986534, ..., -0.25075904,
          0.        ,  0.14651375],
        [-0.31334218, -0.        , -0.14651375, ..., -0.38988558,
         -0.14651375,  0.        ]],

       ...,

       [[ 0.        ,  0.19135193,  0.4945054 , ...,  0.95376845,
          0.99996582,  0.97257128],
        [-0.19135193,  0.        ,  0.31904945, ...,  0.9936536 ,
          0.97990582,  0.91009019],
        [-0.4945054 , -0.31904945,  0.        , ...,  0.97761112,
          0.86505621,  0.73030977],
        ...,
        [-0.95376845, -0.9936536 , -0.97761112, ...,  0.        ,
         -0.30841805, -0.51415027],
        [-0.99996582, -0.97990582, -0.86505621, ...,  0.30841805,
          0.        , -0.22455572],
        [-0.97257128, -0.91009019, -0.73030977, ...,  0.51415027,
          0.22455572,  0.        ]],

       [[ 0.        , -0.03550776, -0.06949762, ...,  0.85790639,
          0.96909721,  0.99999986],
        [ 0.03550776,  0.        , -0.03403189, ...,  0.8391213 ,
          0.95972707,  0.99935023],
        [ 0.06949762,  0.03403189,  0.        , ...,  0.82012378,
          0.94961043,  0.99754474],
        ...,
        [-0.85790639, -0.8391213 , -0.82012378, ...,  0.        ,
         -0.28630036, -0.51334625],
        [-0.96909721, -0.95972707, -0.94961043, ...,  0.28630036,
          0.        , -0.24615985],
        [-0.99999986, -0.99935023, -0.99754474, ...,  0.51334625,
          0.24615985,  0.        ]],

       [[ 0.        , -0.07742427, -0.122694  , ...,  0.67892814,
          0.89220544,  0.89252357],
        [ 0.07742427,  0.        , -0.04548641, ...,  0.73373542,
          0.92449435,  0.85492603],
        [ 0.122694  ,  0.04548641,  0.        , ...,  0.76388105,
          0.94087669,  0.83044507],
        ...,
        [-0.67892814, -0.73373542, -0.76388105, ...,  0.        ,
          0.34843728,  0.96149212],
        [-0.89220544, -0.92449435, -0.94087669, ..., -0.34843728,
          0.        ,  0.80547554],
        [-0.89252357, -0.85492603, -0.83044507, ..., -0.96149212,
         -0.80547554,  0.        ]]]), 'num': array([ 3.56449580e+07,  5.64580000e+04,  5.45000000e+02,  6.53000000e+04,
        6.58000000e+04,  6.39000000e+04,  1.97072000e+05, -5.00000000e+02,
        6.60800000e+04,  6.39050000e+04,  5.90683333e+04,  6.00000000e+01,
        6.76851984e+04,  6.01248016e+04])}
{'img': array([[[ 0.        ,  0.43417936,  0.31098988, ...,  0.5977898 ,
          0.57495957,  0.67748435],
        [-0.43417936,  0.        , -0.13250189, ...,  0.88656599,
          0.87317645,  0.92965088],
        [-0.31098988,  0.13250189,  0.        , ...,  0.81745326,
          0.80089545,  0.87263471],
        ...,
        [-0.5977898 , -0.88656599, -0.81745326, ...,  0.        ,
          0.02818274, -0.10341066],
        [-0.57495957, -0.87317645, -0.80089545, ..., -0.02818274,
          0.        , -0.13140123],
        [-0.67748435, -0.92965088, -0.87263471, ...,  0.10341066,
          0.13140123,  0.        ]],

       [[ 0.        , -0.12289286, -0.42424806, ...,  0.39421039,
          0.30948353,  0.44818827],
        [ 0.12289286,  0.        , -0.30974709, ...,  0.50416328,
          0.42399704,  0.55464973],
        [ 0.42424806,  0.30974709,  0.        , ...,  0.74686819,
          0.68367109,  0.78510707],
        ...,
        [-0.39421039, -0.50416328, -0.74686819, ...,  0.        ,
         -0.09043493,  0.05949398],
        [-0.30948353, -0.42399704, -0.68367109, ...,  0.09043493,
          0.        ,  0.14952493],
        [-0.44818827, -0.55464973, -0.78510707, ..., -0.05949398,
         -0.14952493,  0.        ]],

       [[ 0.        ,  0.14651375,  0.11973609, ...,  0.14651375,
          0.        ,  0.11973609],
        [-0.14651375,  0.        , -0.02701572, ...,  0.28986534,
          0.14651375,  0.26390368],
        [-0.11973609,  0.02701572,  0.        , ...,  0.26390368,
          0.11973609,  0.23774937],
        ...,
        [-0.14651375, -0.28986534, -0.26390368, ...,  0.        ,
          0.14651375,  0.02701572],
        [-0.        , -0.14651375, -0.11973609, ..., -0.14651375,
          0.        , -0.11973609],
        [-0.11973609, -0.26390368, -0.23774937, ..., -0.02701572,
          0.11973609,  0.        ]],

       ...,

       [[ 0.        ,  0.31904945,  0.31904945, ...,  0.97990582,
          0.91009019,  0.91009019],
        [-0.31904945,  0.        ,  0.        , ...,  0.86505621,
          0.73030977,  0.73030977],
        [-0.31904945,  0.        ,  0.        , ...,  0.86505621,
          0.73030977,  0.73030977],
        ...,
        [-0.97990582, -0.86505621, -0.86505621, ...,  0.        ,
         -0.22455572, -0.22455572],
        [-0.91009019, -0.73030977, -0.73030977, ...,  0.22455572,
          0.        ,  0.        ],
        [-0.91009019, -0.73030977, -0.73030977, ...,  0.22455572,
          0.        ,  0.        ]],

       [[ 0.        , -0.03403189, -0.14758457, ...,  0.95972707,
          0.99935023,  0.99887586],
        [ 0.03403189,  0.        , -0.11383985, ...,  0.94961043,
          0.99754474,  0.99668405],
        [ 0.14758457,  0.11383985,  0.        , ...,  0.90775599,
          0.98308736,  0.98094169],
        ...,
        [-0.95972707, -0.94961043, -0.90775599, ...,  0.        ,
         -0.24615985, -0.23512455],
        [-0.99935023, -0.99754474, -0.98308736, ...,  0.24615985,
          0.        ,  0.01136922],
        [-0.99887586, -0.99668405, -0.98094169, ...,  0.23512455,
         -0.01136922,  0.        ]],

       [[ 0.        , -0.04384208, -0.03480842, ...,  0.89363844,
          0.99488841,  0.83812537],
        [ 0.04384208,  0.        ,  0.00904056, ...,  0.91245497,
          0.9895046 ,  0.81340462],
        [ 0.03480842, -0.00904056,  0.        , ...,  0.90871849,
          0.99077054,  0.81863026],
        ...,
        [-0.89363844, -0.91245497, -0.90871849, ...,  0.        ,
          0.53673364,  0.86360009],
        [-0.99488841, -0.9895046 , -0.99077054, ..., -0.53673364,
          0.        ,  0.4580551 ],
        [-0.83812537, -0.81340462, -0.81863026, ..., -0.86360009,
         -0.4580551 ,  0.        ]]]), 'num': array([3.59174580e+07, 5.64580000e+04, 5.45000000e+02, 6.58000000e+04,
       6.61000000e+04, 6.51000000e+04, 1.44670000e+05, 5.00000000e+02,
       6.59000000e+04, 6.41600000e+04, 5.92516667e+04, 5.92592593e+01,
       6.77228079e+04, 6.05971921e+04])}
{'img': array([[[ 0.        , -0.18411155,  0.04410693, ...,  0.83416382,
          0.8999435 ,  0.83416382],
        [ 0.18411155,  0.        ,  0.22728531, ...,  0.71836349,
          0.80428545,  0.71836349],
        [-0.04410693, -0.22728531,  0.        , ...,  0.85767774,
          0.9182986 ,  0.85767774],
        ...,
        [-0.83416382, -0.71836349, -0.85767774, ...,  0.        ,
         -0.13263304,  0.        ],
        [-0.8999435 , -0.80428545, -0.9182986 , ...,  0.13263304,
          0.        ,  0.13263304],
        [-0.83416382, -0.71836349, -0.85767774, ...,  0.        ,
         -0.13263304,  0.        ]],

       [[ 0.        , -0.30974709,  0.10238926, ...,  0.42399704,
          0.55464973,  0.39790632],
        [ 0.30974709,  0.        ,  0.40547285, ...,  0.68367109,
          0.78510707,  0.66250693],
        [-0.10238926, -0.40547285,  0.        , ...,  0.32903846,
          0.46653825,  0.3018805 ],
        ...,
        [-0.42399704, -0.68367109, -0.32903846, ...,  0.        ,
          0.14952493, -0.02861668],
        [-0.55464973, -0.78510707, -0.46653825, ..., -0.14952493,
          0.        , -0.17775866],
        [-0.39790632, -0.66250693, -0.3018805 , ...,  0.02861668,
          0.17775866,  0.        ]],

       [[ 0.        , -0.08489513,  0.13983335, ...,  0.08489513,
          0.20380038,  0.35952449],
        [ 0.08489513,  0.        ,  0.22338958, ...,  0.        ,
          0.11995125,  0.27900789],
        [-0.13983335, -0.22338958,  0.        , ...,  0.22338958,
          0.33869665,  0.48647567],
        ...,
        [-0.08489513, -0.        , -0.22338958, ...,  0.        ,
         -0.11995125, -0.27900789],
        [-0.20380038, -0.11995125, -0.33869665, ...,  0.11995125,
          0.        , -0.16180555],
        [-0.35952449, -0.27900789, -0.48647567, ...,  0.27900789,
          0.16180555,  0.        ]],

       ...,

       [[ 0.        ,  0.        ,  0.21603061, ...,  0.73030977,
          0.73030977,  0.71190817],
        [ 0.        ,  0.        ,  0.21603061, ...,  0.73030977,
          0.73030977,  0.71190817],
        [-0.21603061, -0.21603061,  0.        , ...,  0.56549067,
          0.56549067,  0.54338521],
        ...,
        [-0.73030977, -0.73030977, -0.56549067, ...,  0.        ,
          0.        , -0.02656057],
        [-0.73030977, -0.73030977, -0.56549067, ...,  0.        ,
          0.        , -0.02656057],
        [-0.71190817, -0.71190817, -0.54338521, ...,  0.02656057,
          0.02656057,  0.        ]],

       [[ 0.        , -0.11383985, -0.20405732, ...,  0.99754474,
          0.99668405,  0.9954878 ],
        [ 0.11383985,  0.        , -0.09128622, ...,  0.98308736,
          0.98094169,  0.97821402],
        [ 0.20405732,  0.09128622,  0.        , ...,  0.96226477,
          0.95910884,  0.95517875],
        ...,
        [-0.99754474, -0.98308736, -0.96226477, ...,  0.        ,
          0.01136922,  0.02494054],
        [-0.99668405, -0.98094169, -0.95910884, ..., -0.01136922,
          0.        ,  0.01357325],
        [-0.9954878 , -0.97821402, -0.95517875, ..., -0.02494054,
         -0.01357325,  0.        ]],

       [[ 0.        ,  0.00871566,  0.01634441, ...,  0.99974655,
          0.98557516,  0.79596132],
        [-0.00871566,  0.        ,  0.00762929, ...,  0.99951236,
          0.98701275,  0.80120709],
        [-0.01634441, -0.00762929,  0.        , ...,  0.99924504,
          0.98820961,  0.80574905],
        ...,
        [-0.99974655, -0.99951236, -0.99924504, ...,  0.        ,
          0.1913838 ,  0.62311364],
        [-0.98557516, -0.98701275, -0.98820961, ..., -0.1913838 ,
          0.        ,  0.4619083 ],
        [-0.79596132, -0.80120709, -0.80574905, ..., -0.62311364,
         -0.4619083 ,  0.        ]]]), 'num': array([ 3.50999580e+07,  5.64580000e+04,  5.45000000e+02,  6.43000000e+04,
        6.59000000e+04,  6.22000000e+04,  1.47871000e+05, -1.50000000e+03,
        6.53800000e+04,  6.43450000e+04,  5.94000000e+04,  5.98130841e+01,
        6.75113702e+04,  6.11786298e+04])}
{'img': array([[[ 0.        ,  0.22728531,  0.44636544, ...,  0.80428545,
          0.71836349,  0.91534022],
        [-0.22728531,  0.        ,  0.23129683, ...,  0.9182986 ,
          0.85767774,  0.98290769],
        [-0.44636544, -0.23129683,  0.        , ...,  0.98496506,
          0.95335025,  0.99883594],
        ...,
        [-0.80428545, -0.9182986 , -0.98496506, ...,  0.        ,
          0.13263304, -0.22006388],
        [-0.71836349, -0.85767774, -0.95335025, ..., -0.13263304,
          0.        , -0.34750126],
        [-0.91534022, -0.98290769, -0.99883594, ...,  0.22006388,
          0.34750126,  0.        ]],

       [[ 0.        ,  0.40547285,  0.48520054, ...,  0.78510707,
          0.66250693,  0.67135795],
        [-0.40547285,  0.        ,  0.08897862, ...,  0.46653825,
          0.3018805 ,  0.31318364],
        [-0.48520054, -0.08897862,  0.        , ...,  0.38598607,
          0.21585572,  0.22743908],
        ...,
        [-0.78510707, -0.46653825, -0.38598607, ...,  0.        ,
         -0.17775866, -0.16605667],
        [-0.66250693, -0.3018805 , -0.21585572, ...,  0.17775866,
          0.        ,  0.01187863],
        [-0.67135795, -0.31318364, -0.22743908, ...,  0.16605667,
         -0.01187863,  0.        ]],

       [[ 0.        ,  0.22338958,  0.35460012, ...,  0.11995125,
          0.27900789,  0.49930552],
        [-0.22338958,  0.        ,  0.13676582, ...,  0.33869665,
          0.48647567,  0.68023823],
        [-0.35460012, -0.13676582,  0.        , ...,  0.46419641,
          0.60139594,  0.77409443],
        ...,
        [-0.11995125, -0.33869665, -0.46419641, ...,  0.        ,
         -0.16180555, -0.39177154],
        [-0.27900789, -0.48647567, -0.60139594, ...,  0.16180555,
          0.        , -0.23773781],
        [-0.49930552, -0.68023823, -0.77409443, ...,  0.39177154,
          0.23773781,  0.        ]],

       ...,

       [[ 0.        ,  0.21603061,  0.52554282, ...,  0.73030977,
          0.71190817,  0.72570872],
        [-0.21603061,  0.        ,  0.32934121, ...,  0.56549067,
          0.54338521,  0.55994275],
        [-0.52554282, -0.32934121,  0.        , ...,  0.26231678,
          0.23659377,  0.25583459],
        ...,
        [-0.73030977, -0.56549067, -0.26231678, ...,  0.        ,
         -0.02656057, -0.00671131],
        [-0.71190817, -0.54338521, -0.23659377, ...,  0.02656057,
          0.        ,  0.01985103],
        [-0.72570872, -0.55994275, -0.25583459, ...,  0.00671131,
         -0.01985103,  0.        ]],

       [[ 0.        , -0.09128622, -0.20038416, ...,  0.98094169,
          0.97821402,  0.9906986 ],
        [ 0.09128622,  0.        , -0.11011279, ...,  0.95910884,
          0.95517875,  0.9741404 ],
        [ 0.20038416,  0.11011279,  0.        , ...,  0.92211054,
          0.91677375,  0.94333747],
        ...,
        [-0.98094169, -0.95910884, -0.92211054, ...,  0.        ,
          0.01357325, -0.05901383],
        [-0.97821402, -0.95517875, -0.91677375, ..., -0.01357325,
          0.        , -0.07255798],
        [-0.9906986 , -0.9741404 , -0.94333747, ...,  0.05901383,
          0.07255798,  0.        ]],

       [[ 0.        ,  0.00731682,  0.04547548, ...,  0.99964785,
          0.98743744,  0.78101203],
        [-0.00731682,  0.        ,  0.03816501, ...,  0.99942693,
          0.98856714,  0.78556059],
        [-0.04547548, -0.03816501,  0.        , ...,  0.99740692,
          0.99360149,  0.8086042 ],
        ...,
        [-0.99964785, -0.99942693, -0.99740692, ...,  0.        ,
          0.18415765,  0.64502117],
        [-0.98743744, -0.98856714, -0.99360149, ..., -0.18415765,
          0.        ,  0.49326241],
        [-0.78101203, -0.78556059, -0.8086042 , ..., -0.64502117,
         -0.49326241,  0.        ]]]), 'num': array([ 3.44219000e+07,  6.47590000e+06,  4.45000000e+02,  6.28000000e+04,
        6.43000000e+04,  6.22000000e+04,  1.42647000e+05, -1.50000000e+03,
        6.48000000e+04,  6.44300000e+04,  5.95283333e+04,  4.91228070e+01,
        6.73228187e+04,  6.15371813e+04])}
{'img': array([[[ 0.        ,  0.23129683,  0.35443222, ...,  0.85767774,
          0.98290769,  0.99532616],
        [-0.23129683,  0.        ,  0.12853973, ...,  0.95335025,
          0.99883594,  0.9459997 ],
        [-0.35443222, -0.12853973,  0.        , ...,  0.98424342,
          0.98434965,  0.89648363],
        ...,
        [-0.85767774, -0.95335025, -0.98424342, ...,  0.        ,
         -0.34750126, -0.59461065],
        [-0.98290769, -0.99883594, -0.98434965, ...,  0.34750126,
          0.        , -0.27815842],
        [-0.99532616, -0.9459997 , -0.89648363, ...,  0.59461065,
          0.27815842,  0.        ]],

       [[ 0.        ,  0.09160656, -0.09634027, ...,  0.30791425,
          0.31932635,  0.30059665],
        [-0.09160656,  0.        , -0.18711564, ...,  0.21946378,
          0.23117319,  0.21196284],
        [ 0.09634027,  0.18711564,  0.        , ...,  0.39814147,
          0.40913734,  0.39108308],
        ...,
        [-0.30791425, -0.21946378, -0.39814147, ...,  0.        ,
          0.01201825, -0.00768173],
        [-0.31932635, -0.23117319, -0.40913734, ..., -0.01201825,
          0.        , -0.01969908],
        [-0.30059665, -0.21196284, -0.39108308, ...,  0.00768173,
          0.01969908,  0.        ]],

       [[ 0.        ,  0.28075106,  0.45535338, ...,  0.28075106,
          0.50226003,  0.65145913],
        [-0.28075106,  0.        ,  0.18708366, ...,  0.53891886,
          0.72482956,  0.83825911],
        [-0.45535338, -0.18708366,  0.        , ...,  0.68699505,
          0.84091917,  0.92547029],
        ...,
        [-0.28075106, -0.53891886, -0.68699505, ...,  0.        ,
         -0.23928933, -0.41225659],
        [-0.50226003, -0.72482956, -0.84091917, ...,  0.23928933,
          0.        , -0.18227103],
        [-0.65145913, -0.83825911, -0.92547029, ...,  0.41225659,
          0.18227103,  0.        ]],

       ...,

       [[ 0.        ,  0.32934121,  0.19072438, ...,  0.54338521,
          0.55994275,  0.2092061 ],
        [-0.32934121,  0.        , -0.14321165, ...,  0.23659377,
          0.25583459, -0.12451871],
        [-0.19072438,  0.14321165,  0.        , ...,  0.37330067,
          0.39164312,  0.01886189],
        ...,
        [-0.54338521, -0.23659377, -0.37330067, ...,  0.        ,
          0.01985103, -0.35573588],
        [-0.55994275, -0.25583459, -0.39164312, ..., -0.01985103,
          0.        , -0.37421829],
        [-0.2092061 ,  0.12451871, -0.01886189, ...,  0.35573588,
          0.37421829,  0.        ]],

       [[ 0.        , -0.11011279, -0.19734355, ...,  0.95517875,
          0.9741404 ,  0.98570424],
        [ 0.11011279,  0.        , -0.08819617, ...,  0.91677375,
          0.94333747,  0.96115793],
        [ 0.19734355,  0.08819617,  0.        , ...,  0.87797503,
          0.91039484,  0.93307036],
        ...,
        [-0.95517875, -0.91677375, -0.87797503, ...,  0.        ,
         -0.07255798, -0.13086451],
        [-0.9741404 , -0.94333747, -0.91039484, ...,  0.07255798,
          0.        , -0.05858558],
        [-0.98570424, -0.96115793, -0.93307036, ...,  0.13086451,
          0.05858558,  0.        ]],

       [[ 0.        ,  0.037245  ,  0.06874036, ...,  0.99924658,
          0.95804722,  0.77375158],
        [-0.037245  ,  0.        ,  0.03153576, ...,  0.99999877,
          0.9680573 ,  0.79680903],
        [-0.06874036, -0.03153576,  0.        , ...,  0.99955081,
          0.97548274,  0.81546761],
        ...,
        [-0.99924658, -0.99999877, -0.99955081, ...,  0.        ,
          0.24921208,  0.6029821 ],
        [-0.95804722, -0.9680573 , -0.97548274, ..., -0.24921208,
          0.        ,  0.38514725],
        [-0.77375158, -0.79680903, -0.81546761, ..., -0.6029821 ,
         -0.38514725,  0.        ]]]), 'num': array([3.49233920e+07, 2.89579200e+06, 5.02000000e+02, 6.38000000e+04,
       6.40000000e+04, 6.23000000e+04, 9.79550000e+04, 1.00000000e+03,
       6.44000000e+04, 6.45450000e+04, 5.96666667e+04, 5.00000000e+01,
       6.71291633e+04, 6.19608367e+04])}
{'img': array([[[ 0.        ,  0.12853973,  0.17491496, ...,  0.99883594,
          0.9459997 ,  0.98924547],
        [-0.12853973,  0.        ,  0.04690583, ...,  0.98434965,
          0.89648363,  0.96223821],
        [-0.17491496, -0.04690583,  0.        , ...,  0.97500015,
          0.87471399,  0.9484109 ],
        ...,
        [-0.99883594, -0.98434965, -0.97500015, ...,  0.        ,
         -0.27815842, -0.09837682],
        [-0.9459997 , -0.89648363, -0.87471399, ...,  0.27815842,
          0.        ,  0.18231474],
        [-0.98924547, -0.96223821, -0.9484109 , ...,  0.09837682,
         -0.18231474,  0.        ]],

       [[ 0.        , -0.18711564, -0.36716685, ...,  0.23117319,
          0.21196284,  0.02015775],
        [ 0.18711564,  0.        , -0.18663535, ...,  0.40913734,
          0.39108308,  0.20687934],
        [ 0.36716685,  0.18663535,  0.        , ...,  0.57224818,
          0.55598231,  0.38584209],
        ...,
        [-0.23117319, -0.40913734, -0.57224818, ...,  0.        ,
         -0.01969908, -0.21151448],
        [-0.21196284, -0.39108308, -0.55598231, ...,  0.01969908,
          0.        , -0.19222005],
        [-0.02015775, -0.20687934, -0.38584209, ...,  0.21151448,
          0.19222005,  0.        ]],

       [[ 0.        ,  0.36981735,  0.48747969, ...,  0.50700978,
          0.65718267,  0.73404163],
        [-0.36981735,  0.        ,  0.13001934, ...,  0.78982554,
          0.88933429,  0.93314598],
        [-0.48747969, -0.13001934,  0.        , ...,  0.86286603,
          0.94123747,  0.97196658],
        ...,
        [-0.50700978, -0.78982554, -0.86286603, ...,  0.        ,
         -0.18430306, -0.28838744],
        [-0.65718267, -0.88933429, -0.94123747, ...,  0.18430306,
          0.        , -0.10697449],
        [-0.73404163, -0.93314598, -0.97196658, ...,  0.28838744,
          0.10697449,  0.        ]],

       ...,

       [[ 0.        , -0.14321165, -0.14321165, ...,  0.25583459,
         -0.12451871, -0.09258306],
        [ 0.14321165,  0.        ,  0.        , ...,  0.39164312,
          0.01886189,  0.05096783],
        [ 0.14321165,  0.        ,  0.        , ...,  0.39164312,
          0.01886189,  0.05096783],
        ...,
        [-0.25583459, -0.39164312, -0.39164312, ...,  0.        ,
         -0.37421829, -0.34423772],
        [ 0.12451871, -0.01886189, -0.01886189, ...,  0.37421829,
          0.        ,  0.03212138],
        [ 0.09258306, -0.05096783, -0.05096783, ...,  0.34423772,
         -0.03212138,  0.        ]],

       [[ 0.        , -0.08819617, -0.11429266, ...,  0.94333747,
          0.96115793,  0.97505271],
        [ 0.08819617,  0.        , -0.02622905, ...,  0.91039484,
          0.93307036,  0.95167584],
        [ 0.11429266,  0.02622905,  0.        , ...,  0.8992296 ,
          0.92331492,  0.94329337],
        ...,
        [-0.94333747, -0.91039484, -0.8992296 , ...,  0.        ,
         -0.05858558, -0.11416065],
        [-0.96115793, -0.93307036, -0.92331492, ...,  0.05858558,
          0.        , -0.05576201],
        [-0.97505271, -0.95167584, -0.94329337, ...,  0.11416065,
          0.05576201,  0.        ]],

       [[ 0.        ,  0.03066998,  0.0372255 , ...,  0.9954575 ,
          0.96891816,  0.78342795],
        [-0.03066998,  0.        ,  0.00655927, ...,  0.9979092 ,
          0.97604954,  0.80212026],
        [-0.0372255 , -0.00655927,  0.        , ...,  0.99831167,
          0.9774555 ,  0.80601996],
        ...,
        [-0.9954575 , -0.9979092 , -0.99831167, ...,  0.        ,
          0.15400999,  0.54407174],
        [-0.96891816, -0.97604954, -0.9774555 , ..., -0.15400999,
          0.        ,  0.40836023],
        [-0.78342795, -0.80212026, -0.80601996, ..., -0.54407174,
         -0.40836023,  0.        ]]]), 'num': array([ 3.42498480e+07,  1.87484800e+06,  5.18000000e+02,  6.25000000e+04,
        6.40000000e+04,  6.25000000e+04,  1.69706000e+05, -1.30000000e+03,
        6.38400000e+04,  6.44900000e+04,  5.97716667e+04,  4.13223140e+01,
        6.71962151e+04,  6.17837849e+04])}
{'img': array([[[ 0.        ,  0.04690583,  0.02372727, ...,  0.89648363,
          0.96223821,  0.87193833],
        [-0.04690583,  0.        , -0.02319147, ...,  0.87471399,
          0.9484109 ,  0.84801277],
        [-0.02372727,  0.02319147,  0.        , ...,  0.88571824,
          0.95550853,  0.86007561],
        ...,
        [-0.89648363, -0.87471399, -0.88571824, ...,  0.        ,
          0.18231474, -0.05259677],
        [-0.96223821, -0.9484109 , -0.95550853, ..., -0.18231474,
          0.        , -0.23377765],
        [-0.87193833, -0.84801277, -0.86007561, ...,  0.05259677,
          0.23377765,  0.        ]],

       [[ 0.        , -0.18663535,  0.14747047, ...,  0.39108308,
          0.20687934,  0.47907356],
        [ 0.18663535,  0.        ,  0.32947407, ...,  0.55598231,
          0.38584209,  0.63447968],
        [-0.14747047, -0.32947407,  0.        , ...,  0.25108191,
          0.06033725,  0.34438973],
        ...,
        [-0.39108308, -0.55598231, -0.25108191, ...,  0.        ,
         -0.19222005,  0.09763507],
        [-0.20687934, -0.38584209, -0.06033725, ...,  0.19222005,
          0.        ,  0.28711604],
        [-0.47907356, -0.63447968, -0.34438973, ..., -0.09763507,
         -0.28711604,  0.        ]],

       [[ 0.        ,  0.15719654,  0.28509946, ...,  0.84811712,
          0.90033772,  0.95091785],
        [-0.15719654,  0.        ,  0.13088236, ...,  0.92085688,
          0.95755478,  0.98773885],
        [-0.28509946, -0.13088236,  0.        , ...,  0.96396671,
          0.98704482,  0.99967496],
        ...,
        [-0.84811712, -0.92085688, -0.96396671, ...,  0.        ,
         -0.10791312, -0.24136034],
        [-0.90033772, -0.95755478, -0.98704482, ...,  0.10791312,
          0.        , -0.13522814],
        [-0.95091785, -0.98773885, -0.99967496, ...,  0.24136034,
          0.13522814,  0.        ]],

       ...,

       [[ 0.        ,  0.        , -0.23661124, ...,  0.01886189,
          0.05096783, -0.28063907],
        [ 0.        ,  0.        , -0.23661124, ...,  0.01886189,
          0.05096783, -0.28063907],
        [ 0.23661124,  0.23661124,  0.        , ...,  0.25489544,
          0.28582428, -0.04556753],
        ...,
        [-0.01886189, -0.01886189, -0.25489544, ...,  0.        ,
          0.03212138, -0.29869304],
        [-0.05096783, -0.05096783, -0.28582428, ..., -0.03212138,
          0.        , -0.32919393],
        [ 0.28063907,  0.28063907,  0.04556753, ...,  0.29869304,
          0.32919393,  0.        ]],

       [[ 0.        , -0.02622905, -0.0464468 , ...,  0.93307036,
          0.95167584,  0.94570801],
        [ 0.02622905,  0.        , -0.02023008, ...,  0.92331492,
          0.94329337,  0.93685774],
        [ 0.0464468 ,  0.02023008,  0.        , ...,  0.91535673,
          0.93638474,  0.92959134],
        ...,
        [-0.93307036, -0.92331492, -0.91535673, ...,  0.        ,
         -0.05576201, -0.03690121],
        [-0.95167584, -0.94329337, -0.93638474, ...,  0.05576201,
          0.        ,  0.01888023],
        [-0.94570801, -0.93685774, -0.92959134, ...,  0.03690121,
         -0.01888023,  0.        ]],

       [[ 0.        ,  0.00655927,  0.01065731, ...,  0.97604954,
          0.80212026,  0.93261852],
        [-0.00655927,  0.        ,  0.00409819, ...,  0.9774555 ,
          0.80601996,  0.93496545],
        [-0.01065731, -0.00409819,  0.        , ...,  0.97831259,
          0.80843886,  0.93641139],
        ...,
        [-0.97604954, -0.9774555 , -0.97831259, ...,  0.        ,
          0.40836023,  0.14933131],
        [-0.80212026, -0.80601996, -0.80843886, ..., -0.40836023,
          0.        , -0.26746864],
        [-0.93261852, -0.93496545, -0.93641139, ..., -0.14933131,
          0.26746864,  0.        ]]]), 'num': array([ 3.33840440e+07,  4.37144000e+05,  5.41000000e+02,  6.09000000e+04,
        6.34000000e+04,  6.02000000e+04,  1.69990000e+05, -1.60000000e+03,
        6.28600000e+04,  6.43800000e+04,  5.98416667e+04,  3.50746269e+01,
        6.74567515e+04,  6.13032485e+04])}
{'img': array([[[ 0.00000000e+00, -2.31914717e-02,  1.09155955e-01, ...,
          9.48410905e-01,  8.48012770e-01,  6.74492033e-01],
        [ 2.31914717e-02,  0.00000000e+00,  1.32179491e-01, ...,
          9.55508534e-01,  8.60075608e-01,  6.91432472e-01],
        [-1.09155955e-01, -1.32179491e-01,  0.00000000e+00, ...,
          9.08136589e-01,  7.85095571e-01,  5.89873807e-01],
        ...,
        [-9.48410905e-01, -9.55508534e-01, -9.08136589e-01, ...,
          0.00000000e+00, -2.33777652e-01, -4.86351318e-01],
        [-8.48012770e-01, -8.60075608e-01, -7.85095571e-01, ...,
          2.33777652e-01,  0.00000000e+00, -2.68608220e-01],
        [-6.74492033e-01, -6.91432472e-01, -5.89873807e-01, ...,
          4.86351318e-01,  2.68608220e-01,  0.00000000e+00]],

       [[ 0.00000000e+00,  3.29474072e-01,  2.02735900e-01, ...,
          3.85842086e-01,  6.34479683e-01,  6.35233926e-01],
        [-3.29474072e-01,  0.00000000e+00, -1.31215969e-01, ...,
          6.03372536e-02,  3.44389734e-01,  3.45306054e-01],
        [-2.02735900e-01,  1.31215969e-01,  0.00000000e+00, ...,
          1.90792465e-01,  4.64601138e-01,  4.65465363e-01],
        ...,
        [-3.85842086e-01, -6.03372536e-02, -1.90792465e-01, ...,
          0.00000000e+00,  2.87116043e-01,  2.88051006e-01],
        [-6.34479683e-01, -3.44389734e-01, -4.64601138e-01, ...,
         -2.87116043e-01,  0.00000000e+00,  9.76202379e-04],
        [-6.35233926e-01, -3.45306054e-01, -4.65465363e-01, ...,
         -2.88051006e-01, -9.76202379e-04,  0.00000000e+00]],

       [[ 0.00000000e+00,  1.30882364e-01,  2.49323331e-01, ...,
          9.57554785e-01,  9.87738846e-01,  9.98490315e-01],
        [-1.30882364e-01,  0.00000000e+00,  1.20429490e-01, ...,
          9.87044825e-01,  9.99674956e-01,  9.82712094e-01],
        [-2.49323331e-01, -1.20429490e-01,  0.00000000e+00, ...,
          9.99183275e-01,  9.95469524e-01,  9.53263446e-01],
        ...,
        [-9.57554785e-01, -9.87044825e-01, -9.99183275e-01, ...,
          0.00000000e+00, -1.35228138e-01, -3.40412785e-01],
        [-9.87738846e-01, -9.99674956e-01, -9.95469524e-01, ...,
          1.35228138e-01,  0.00000000e+00, -2.10134134e-01],
        [-9.98490315e-01, -9.82712094e-01, -9.53263446e-01, ...,
          3.40412785e-01,  2.10134134e-01,  0.00000000e+00]],

       ...,

       [[ 0.00000000e+00, -2.36611240e-01, -5.17063594e-02, ...,
          5.09678266e-02, -2.80639074e-01, -5.45654663e-01],
        [ 2.36611240e-01,  0.00000000e+00,  1.86056606e-01, ...,
          2.85824280e-01, -4.55675283e-02, -3.31877857e-01],
        [ 5.17063594e-02, -1.86056606e-01,  0.00000000e+00, ...,
          1.02538805e-01, -2.30635217e-01, -5.01594304e-01],
        ...,
        [-5.09678266e-02, -2.85824280e-01, -1.02538805e-01, ...,
          0.00000000e+00, -3.29193928e-01, -5.87657028e-01],
        [ 2.80639074e-01,  4.55675283e-02,  2.30635217e-01, ...,
          3.29193928e-01,  0.00000000e+00, -2.88548254e-01],
        [ 5.45654663e-01,  3.31877857e-01,  5.01594304e-01, ...,
          5.87657028e-01,  2.88548254e-01,  0.00000000e+00]],

       [[ 0.00000000e+00, -2.02300780e-02,  7.58293523e-03, ...,
          9.43293369e-01,  9.36857743e-01,  9.06743135e-01],
        [ 2.02300780e-02,  0.00000000e+00,  2.78108798e-02, ...,
          9.36384743e-01,  9.29591342e-01,  8.98026883e-01],
        [-7.58293523e-03, -2.78108798e-02,  0.00000000e+00, ...,
          9.45783482e-01,  9.39482641e-01,  9.09914663e-01],
        ...,
        [-9.43293369e-01, -9.36384743e-01, -9.45783482e-01, ...,
          0.00000000e+00,  1.88802290e-02,  9.67684575e-02],
        [-9.36857743e-01, -9.29591342e-01, -9.39482641e-01, ...,
         -1.88802290e-02,  0.00000000e+00,  7.79595862e-02],
        [-9.06743135e-01, -8.98026883e-01, -9.09914663e-01, ...,
         -9.67684575e-02, -7.79595862e-02,  0.00000000e+00]],

       [[ 0.00000000e+00,  4.09819175e-03, -2.94570183e-03, ...,
          8.06019956e-01,  9.34965454e-01,  9.94267994e-01],
        [-4.09819175e-03,  0.00000000e+00, -7.04385106e-03, ...,
          8.08438859e-01,  9.36411390e-01,  9.94697809e-01],
        [ 2.94570183e-03,  7.04385106e-03,  0.00000000e+00, ...,
          8.04272933e-01,  9.33916443e-01,  9.93948736e-01],
        ...,
        [-8.06019956e-01, -8.08438859e-01, -8.04272933e-01, ...,
          0.00000000e+00, -2.67468636e-01, -5.02318749e-01],
        [-9.34965454e-01, -9.36411390e-01, -9.33916443e-01, ...,
          2.67468636e-01,  0.00000000e+00, -2.52742095e-01],
        [-9.94267994e-01, -9.94697809e-01, -9.93948736e-01, ...,
          5.02318749e-01,  2.52742095e-01,  0.00000000e+00]]]), 'num': array([3.43037440e+07, 4.37144000e+05, 5.41000000e+02, 6.26000000e+04,
       6.34000000e+04, 6.02000000e+04, 1.22947000e+05, 1.70000000e+03,
       6.25200000e+04, 6.43200000e+04, 5.99366667e+04, 4.57142857e+01,
       6.74851856e+04, 6.11548144e+04])}
{'img': array([[[ 0.00000000e+00,  1.32179491e-01,  2.31537112e-01, ...,
          8.60075608e-01,  6.91432472e-01,  8.68846485e-01],
        [-1.32179491e-01,  0.00000000e+00,  1.00917904e-01, ...,
          7.85095571e-01,  5.89873807e-01,  7.95783417e-01],
        [-2.31537112e-01, -1.00917904e-01,  0.00000000e+00, ...,
          7.18581477e-01,  5.05371610e-01,  7.30606750e-01],
        ...,
        [-8.60075608e-01, -7.85095571e-01, -7.18581477e-01, ...,
          0.00000000e+00, -2.68608220e-01,  1.74488438e-02],
        [-6.91432472e-01, -5.89873807e-01, -5.05371610e-01, ...,
          2.68608220e-01,  0.00000000e+00,  2.85374916e-01],
        [-8.68846485e-01, -7.95783417e-01, -7.30606750e-01, ...,
         -1.74488438e-02, -2.85374916e-01,  0.00000000e+00]],

       [[ 0.00000000e+00, -1.31215969e-01,  4.97191276e-02, ...,
          3.44389734e-01,  3.45306054e-01,  1.74060631e-01],
        [ 1.31215969e-01,  0.00000000e+00,  1.80342932e-01, ...,
          4.64601138e-01,  4.65465363e-01,  3.01768618e-01],
        [-4.97191276e-02, -1.80342932e-01,  0.00000000e+00, ...,
          2.97286158e-01,  2.98218083e-01,  1.24885198e-01],
        ...,
        [-3.44389734e-01, -4.64601138e-01, -2.97286158e-01, ...,
          0.00000000e+00,  9.76202379e-04, -1.75719822e-01],
        [-3.45306054e-01, -4.65465363e-01, -2.98218083e-01, ...,
         -9.76202379e-04,  0.00000000e+00, -1.76680751e-01],
        [-1.74060631e-01, -3.01768618e-01, -1.24885198e-01, ...,
          1.75719822e-01,  1.76680751e-01,  0.00000000e+00]],

       [[ 0.00000000e+00,  1.20429490e-01,  2.13875226e-01, ...,
          9.99674956e-01,  9.82712094e-01,  9.67666782e-01],
        [-1.20429490e-01,  0.00000000e+00,  9.46757459e-02, ...,
          9.95469524e-01,  9.53263446e-01,  9.30247816e-01],
        [-2.13875226e-01, -9.46757459e-02,  0.00000000e+00, ...,
          9.81996157e-01,  9.20376177e-01,  8.91329745e-01],
        ...,
        [-9.99674956e-01, -9.95469524e-01, -9.81996157e-01, ...,
          0.00000000e+00, -2.10134134e-01, -2.76820457e-01],
        [-9.82712094e-01, -9.53263446e-01, -9.20376177e-01, ...,
          2.10134134e-01,  0.00000000e+00, -6.87173263e-02],
        [-9.67666782e-01, -9.30247816e-01, -8.91329745e-01, ...,
          2.76820457e-01,  6.87173263e-02,  0.00000000e+00]],

       ...,

       [[ 0.00000000e+00,  1.86056606e-01,  7.11217290e-01, ...,
         -4.55675283e-02, -3.31877857e-01,  1.29572479e-01],
        [-1.86056606e-01,  0.00000000e+00,  5.68006115e-01, ...,
         -2.30635217e-01, -5.01594304e-01, -5.71781222e-02],
        [-7.11217290e-01, -5.68006115e-01,  0.00000000e+00, ...,
         -7.42511228e-01, -9.04208097e-01, -6.14135839e-01],
        ...,
        [ 4.55675283e-02,  2.30635217e-01,  7.42511228e-01, ...,
          0.00000000e+00, -2.88548254e-01,  1.74621279e-01],
        [ 3.31877857e-01,  5.01594304e-01,  9.04208097e-01, ...,
          2.88548254e-01,  0.00000000e+00,  4.51308729e-01],
        [-1.29572479e-01,  5.71781222e-02,  6.14135839e-01, ...,
         -1.74621279e-01, -4.51308729e-01,  0.00000000e+00]],

       [[ 0.00000000e+00,  2.78108798e-02,  9.73606488e-02, ...,
          9.29591342e-01,  8.98026883e-01,  8.94009244e-01],
        [-2.78108798e-02,  0.00000000e+00,  6.96442350e-02, ...,
          9.39482641e-01,  9.09914663e-01,  9.06124067e-01],
        [-9.73606488e-02, -6.96442350e-02,  0.00000000e+00, ...,
          9.61061348e-01,  9.36593407e-01,  9.33384249e-01],
        ...,
        [-9.29591342e-01, -9.39482641e-01, -9.61061348e-01, ...,
          0.00000000e+00,  7.79595862e-02,  8.69775168e-02],
        [-8.98026883e-01, -9.09914663e-01, -9.36593407e-01, ...,
         -7.79595862e-02,  0.00000000e+00,  9.04866164e-03],
        [-8.94009244e-01, -9.06124067e-01, -9.33384249e-01, ...,
         -8.69775168e-02, -9.04866164e-03,  0.00000000e+00]],

       [[ 0.00000000e+00, -7.04385106e-03, -2.52183802e-02, ...,
          9.36411390e-01,  9.94697809e-01,  9.98984376e-01],
        [ 7.04385106e-03,  0.00000000e+00, -1.81761437e-02, ...,
          9.33916443e-01,  9.93948736e-01,  9.98642211e-01],
        [ 2.52183802e-02,  1.81761437e-02,  0.00000000e+00, ...,
          9.27264346e-01,  9.91787978e-01,  9.97530376e-01],
        ...,
        [-9.36411390e-01, -9.33916443e-01, -9.27264346e-01, ...,
          0.00000000e+00, -2.52742095e-01, -3.08354980e-01],
        [-9.94697809e-01, -9.93948736e-01, -9.91787978e-01, ...,
          2.52742095e-01,  0.00000000e+00, -5.79175125e-02],
        [-9.98984376e-01, -9.98642211e-01, -9.97530376e-01, ...,
          3.08354980e-01,  5.79175125e-02,  0.00000000e+00]]]), 'num': array([3.55771170e+07, 1.06211700e+06, 5.31000000e+02, 6.50000000e+04,
       6.52000000e+04, 6.28000000e+04, 1.66467000e+05, 2.40000000e+03,
       6.29600000e+04, 6.44600000e+04, 6.00733333e+04, 4.82993197e+01,
       6.74821846e+04, 6.14378154e+04])}
{'img': array([[[ 0.00000000e+00,  1.00917904e-01,  4.12525176e-02, ...,
          5.89873807e-01,  7.95783417e-01,  9.83336663e-01],
        [-1.00917904e-01,  0.00000000e+00, -5.97900842e-02, ...,
          5.05371610e-01,  7.30606750e-01,  9.59970234e-01],
        [-4.12525176e-02,  5.97900842e-02,  0.00000000e+00, ...,
          5.56060459e-01,  7.70124254e-01,  9.75000145e-01],
        ...,
        [-5.89873807e-01, -5.05371610e-01, -5.56060459e-01, ...,
          0.00000000e+00,  2.85374916e-01,  6.86804437e-01],
        [-7.95783417e-01, -7.30606750e-01, -7.70124254e-01, ...,
         -2.85374916e-01,  0.00000000e+00,  4.50821788e-01],
        [-9.83336663e-01, -9.59970234e-01, -9.75000145e-01, ...,
         -6.86804437e-01, -4.50821788e-01,  0.00000000e+00]],

       [[ 0.00000000e+00,  1.80342932e-01,  7.40393113e-02, ...,
          4.65465363e-01,  3.01768618e-01,  4.54655193e-01],
        [-1.80342932e-01,  0.00000000e+00, -1.07022602e-01, ...,
          2.98218083e-01,  1.24885198e-01,  2.86574979e-01],
        [-7.40393113e-02,  1.07022602e-01,  0.00000000e+00, ...,
          3.98658127e-01,  2.30352674e-01,  3.87462901e-01],
        ...,
        [-4.65465363e-01, -2.98218083e-01, -3.98658127e-01, ...,
          0.00000000e+00, -1.76680751e-01, -1.21749897e-02],
        [-3.01768618e-01, -1.24885198e-01, -2.30352674e-01, ...,
          1.76680751e-01,  0.00000000e+00,  1.64684200e-01],
        [-4.54655193e-01, -2.86574979e-01, -3.87462901e-01, ...,
          1.21749897e-02, -1.64684200e-01,  0.00000000e+00]],

       [[ 0.00000000e+00,  9.46757459e-02,  1.41076760e-01, ...,
          9.53263446e-01,  9.30247816e-01,  9.59281472e-01],
        [-9.46757459e-02,  0.00000000e+00,  4.67142041e-02, ...,
          9.20376177e-01,  8.91329745e-01,  9.28231195e-01],
        [-1.41076760e-01, -4.67142041e-02,  0.00000000e+00, ...,
          9.01104551e-01,  8.69178531e-01,  9.09839978e-01],
        ...,
        [-9.53263446e-01, -9.20376177e-01, -9.01104551e-01, ...,
          0.00000000e+00, -6.87173263e-02,  2.05866169e-02],
        [-9.30247816e-01, -8.91329745e-01, -8.69178531e-01, ...,
          6.87173263e-02,  0.00000000e+00,  8.92407169e-02],
        [-9.59281472e-01, -9.28231195e-01, -9.09839978e-01, ...,
         -2.05866169e-02, -8.92407169e-02,  0.00000000e+00]],

       ...,

       [[ 0.00000000e+00,  5.68006115e-01,  8.37359445e-01, ...,
         -5.01594304e-01, -5.71781222e-02,  4.01762412e-02],
        [-5.68006115e-01,  0.00000000e+00,  3.78665129e-01, ...,
         -9.04208097e-01, -6.14135839e-01, -5.34481488e-01],
        [-8.37359445e-01, -3.78665129e-01,  0.00000000e+00, ...,
         -9.98600019e-01, -8.67246093e-01, -8.14720918e-01],
        ...,
        [ 5.01594304e-01,  9.04208097e-01,  9.98600019e-01, ...,
          0.00000000e+00,  4.51308729e-01,  5.35945907e-01],
        [ 5.71781222e-02,  6.14135839e-01,  8.67246093e-01, ...,
         -4.51308729e-01,  0.00000000e+00,  9.72424697e-02],
        [-4.01762412e-02,  5.34481488e-01,  8.14720918e-01, ...,
         -5.35945907e-01, -9.72424697e-02,  0.00000000e+00]],

       [[ 0.00000000e+00,  6.96442350e-02,  1.18915604e-01, ...,
          9.09914663e-01,  9.06124067e-01,  9.06530041e-01],
        [-6.96442350e-02,  0.00000000e+00,  4.94767997e-02, ...,
          9.36593407e-01,  9.33384249e-01,  9.33728597e-01],
        [-1.18915604e-01, -4.94767997e-02,  0.00000000e+00, ...,
          9.52783899e-01,  9.49997273e-01,  9.50296824e-01],
        ...,
        [-9.09914663e-01, -9.36593407e-01, -9.52783899e-01, ...,
          0.00000000e+00,  9.04866164e-03,  8.08798696e-03],
        [-9.06124067e-01, -9.33384249e-01, -9.49997273e-01, ...,
         -9.04866164e-03,  0.00000000e+00, -9.60709833e-04],
        [-9.06530041e-01, -9.33728597e-01, -9.50296824e-01, ...,
         -8.08798696e-03,  9.60709833e-04,  0.00000000e+00]],

       [[ 0.00000000e+00, -1.81761437e-02, -1.37909210e-02, ...,
          9.93948736e-01,  9.98642211e-01,  9.85900014e-01],
        [ 1.81761437e-02,  0.00000000e+00,  4.38577242e-03, ...,
          9.91787978e-01,  9.97530376e-01,  9.82695630e-01],
        [ 1.37909210e-02, -4.38577242e-03,  0.00000000e+00, ...,
          9.92339349e-01,  9.97828823e-01,  9.83498545e-01],
        ...,
        [-9.93948736e-01, -9.91787978e-01, -9.92339349e-01, ...,
          0.00000000e+00, -5.79175125e-02,  5.80267605e-02],
        [-9.98642211e-01, -9.97530376e-01, -9.97828823e-01, ...,
          5.79175125e-02,  0.00000000e+00,  1.15749278e-01],
        [-9.85900014e-01, -9.82695630e-01, -9.83498545e-01, ...,
         -5.80267605e-02, -1.15749278e-01,  0.00000000e+00]]]), 'num': array([ 3.50702360e+07,  2.81423600e+06,  5.04000000e+02,  6.40000000e+04,
        6.53000000e+04,  6.37000000e+04,  7.06030000e+04, -1.00000000e+03,
        6.30000000e+04,  6.45100000e+04,  6.01833333e+04,  4.52229299e+01,
        6.74662814e+04,  6.15537186e+04])}
{'img': array([[[ 0.00000000e+00, -5.97900842e-02, -1.86658558e-01, ...,
          7.30606750e-01,  9.59970234e-01,  8.80270519e-01],
        [ 5.97900842e-02,  0.00000000e+00, -1.27585357e-01, ...,
          7.70124254e-01,  9.75000145e-01,  9.07064420e-01],
        [ 1.86658558e-01,  1.27585357e-01,  0.00000000e+00, ...,
          8.45216408e-01,  9.95382054e-01,  9.53363917e-01],
        ...,
        [-7.30606750e-01, -7.70124254e-01, -8.45216408e-01, ...,
          0.00000000e+00,  4.50821788e-01,  2.54394830e-01],
        [-9.59970234e-01, -9.75000145e-01, -9.95382054e-01, ...,
         -4.50821788e-01,  0.00000000e+00, -2.08913570e-01],
        [-8.80270519e-01, -9.07064420e-01, -9.53363917e-01, ...,
         -2.54394830e-01,  2.08913570e-01,  0.00000000e+00]],

       [[ 0.00000000e+00, -1.07022602e-01, -1.68378784e-01, ...,
          1.24885198e-01,  2.86574979e-01, -1.50264080e-01],
        [ 1.07022602e-01,  0.00000000e+00, -6.19171427e-02, ...,
          2.30352674e-01,  3.87462901e-01, -4.35935962e-02],
        [ 1.68378784e-01,  6.19171427e-02,  0.00000000e+00, ...,
          2.90162713e-01,  4.43799977e-01,  1.83483282e-02],
        ...,
        [-1.24885198e-01, -2.30352674e-01, -2.90162713e-01, ...,
          0.00000000e+00,  1.64684200e-01, -2.72554931e-01],
        [-2.86574979e-01, -3.87462901e-01, -4.43799977e-01, ...,
         -1.64684200e-01,  0.00000000e+00, -4.27282854e-01],
        [ 1.50264080e-01,  4.35935962e-02, -1.83483282e-02, ...,
          2.72554931e-01,  4.27282854e-01,  0.00000000e+00]],

       [[ 0.00000000e+00,  4.67142041e-02,  5.17785430e-02, ...,
          8.91329745e-01,  9.28231195e-01,  9.31282068e-01],
        [-4.67142041e-02,  0.00000000e+00,  5.07047487e-03, ...,
          8.69178531e-01,  9.09839978e-01,  9.13247448e-01],
        [-5.17785430e-02, -5.07047487e-03,  0.00000000e+00, ...,
          8.66660016e-01,  9.07724241e-01,  9.11169970e-01],
        ...,
        [-8.91329745e-01, -8.69178531e-01, -8.66660016e-01, ...,
          0.00000000e+00,  8.92407169e-02,  9.74914530e-02],
        [-9.28231195e-01, -9.09839978e-01, -9.07724241e-01, ...,
         -8.92407169e-02,  0.00000000e+00,  8.28686415e-03],
        [-9.31282068e-01, -9.13247448e-01, -9.11169970e-01, ...,
         -9.74914530e-02, -8.28686415e-03,  0.00000000e+00]],

       ...,

       [[ 0.00000000e+00,  3.78665129e-01,  5.91048103e-02, ...,
         -6.14135839e-01, -5.34481488e-01, -6.28955491e-01],
        [-3.78665129e-01,  0.00000000e+00, -3.23299643e-01, ...,
         -8.67246093e-01, -8.14720918e-01, -8.76509447e-01],
        [-5.91048103e-02,  3.23299643e-01,  0.00000000e+00, ...,
         -6.59707733e-01, -5.83501313e-01, -6.73806461e-01],
        ...,
        [ 6.14135839e-01,  8.67246093e-01,  6.59707733e-01, ...,
          0.00000000e+00,  9.72424697e-02, -1.89173140e-02],
        [ 5.34481488e-01,  8.14720918e-01,  5.83501313e-01, ...,
         -9.72424697e-02,  0.00000000e+00, -1.16052728e-01],
        [ 6.28955491e-01,  8.76509447e-01,  6.73806461e-01, ...,
          1.89173140e-02,  1.16052728e-01,  0.00000000e+00]],

       [[ 0.00000000e+00,  4.94767997e-02,  5.26561396e-02, ...,
          9.33384249e-01,  9.33728597e-01,  9.35531065e-01],
        [-4.94767997e-02,  0.00000000e+00,  3.18348958e-03, ...,
          9.49997273e-01,  9.50296824e-01,  9.51862698e-01],
        [-5.26561396e-02, -3.18348958e-03,  0.00000000e+00, ...,
          9.50986529e-01,  9.51283173e-01,  9.52833693e-01],
        ...,
        [-9.33384249e-01, -9.49997273e-01, -9.50986529e-01, ...,
          0.00000000e+00, -9.60709833e-04, -6.02928347e-03],
        [-9.33728597e-01, -9.50296824e-01, -9.51283173e-01, ...,
          9.60709833e-04,  0.00000000e+00, -5.06858832e-03],
        [-9.35531065e-01, -9.51862698e-01, -9.52833693e-01, ...,
          6.02928347e-03,  5.06858832e-03,  0.00000000e+00]],

       [[ 0.00000000e+00,  4.38577242e-03,  4.16306538e-03, ...,
          9.97530376e-01,  9.82695630e-01,  9.70793948e-01],
        [-4.38577242e-03,  0.00000000e+00, -2.22709072e-04, ...,
          9.97828823e-01,  9.83498545e-01,  9.71836823e-01],
        [-4.16306538e-03,  2.22709072e-04,  0.00000000e+00, ...,
          9.97814131e-01,  9.83458229e-01,  9.71784316e-01],
        ...,
        [-9.97530376e-01, -9.97828823e-01, -9.97814131e-01, ...,
          0.00000000e+00,  1.15749278e-01,  1.71137256e-01],
        [-9.82695630e-01, -9.83498545e-01, -9.83458229e-01, ...,
         -1.15749278e-01,  0.00000000e+00,  5.59452984e-02],
        [-9.70793948e-01, -9.71836823e-01, -9.71784316e-01, ...,
         -1.71137256e-01, -5.59452984e-02,  0.00000000e+00]]]), 'num': array([3.53903640e+07, 8.93964000e+05, 5.34000000e+02, 6.46000000e+04,
       6.49000000e+04, 6.36000000e+04, 9.10230000e+04, 6.00000000e+02,
       6.34200000e+04, 6.45500000e+04, 6.02950000e+04, 4.30463576e+01,
       6.74883669e+04, 6.16116331e+04])}
{'img': array([[[ 0.00000000e+00, -1.27585357e-01,  3.76838574e-01, ...,
          9.75000145e-01,  9.07064420e-01,  9.51617553e-01],
        [ 1.27585357e-01,  0.00000000e+00,  4.91938526e-01, ...,
          9.95382054e-01,  9.53363917e-01,  9.83045606e-01],
        [-3.76838574e-01, -4.91938526e-01,  0.00000000e+00, ...,
          8.19386986e-01,  6.81548709e-01,  7.65666488e-01],
        ...,
        [-9.75000145e-01, -9.95382054e-01, -8.19386986e-01, ...,
          0.00000000e+00, -2.08913570e-01, -8.81494205e-02],
        [-9.07064420e-01, -9.53363917e-01, -6.81548709e-01, ...,
          2.08913570e-01,  0.00000000e+00,  1.21895999e-01],
        [-9.51617553e-01, -9.83045606e-01, -7.65666488e-01, ...,
          8.81494205e-02, -1.21895999e-01,  0.00000000e+00]],

       [[ 0.00000000e+00, -6.19171427e-02,  5.88297374e-01, ...,
          3.87462901e-01, -4.35935962e-02,  8.16912781e-02],
        [ 6.19171427e-02,  0.00000000e+00,  6.37237571e-01, ...,
          4.43799977e-01,  1.83483282e-02,  1.43244732e-01],
        [-5.88297374e-01, -6.37237571e-01,  0.00000000e+00, ...,
         -2.29022890e-01, -6.22989837e-01, -5.20271881e-01],
        ...,
        [-3.87462901e-01, -4.43799977e-01,  2.29022890e-01, ...,
          0.00000000e+00, -4.27282854e-01, -3.10857889e-01],
        [ 4.35935962e-02, -1.83483282e-02,  6.22989837e-01, ...,
          4.27282854e-01,  0.00000000e+00,  1.25061511e-01],
        [-8.16912781e-02, -1.43244732e-01,  5.20271881e-01, ...,
          3.10857889e-01, -1.25061511e-01,  0.00000000e+00]],

       [[ 0.00000000e+00,  5.07047487e-03,  1.43236309e-01, ...,
          9.09839978e-01,  9.13247448e-01,  9.45866401e-01],
        [-5.07047487e-03,  0.00000000e+00,  1.38216277e-01, ...,
          9.07724241e-01,  9.11169970e-01,  9.44208587e-01],
        [-1.43236309e-01, -1.38216277e-01,  0.00000000e+00, ...,
          8.41020941e-01,  8.45475278e-01,  8.89624877e-01],
        ...,
        [-9.09839978e-01, -9.07724241e-01, -8.41020941e-01, ...,
          0.00000000e+00,  8.28686415e-03,  9.72018108e-02],
        [-9.13247448e-01, -9.11169970e-01, -8.45475278e-01, ...,
         -8.28686415e-03,  0.00000000e+00,  8.89508500e-02],
        [-9.45866401e-01, -9.44208587e-01, -8.89624877e-01, ...,
         -9.72018108e-02, -8.89508500e-02,  0.00000000e+00]],

       ...,

       [[ 0.00000000e+00, -3.23299643e-01,  3.52566381e-01, ...,
         -8.14720918e-01, -8.76509447e-01, -9.14536832e-01],
        [ 3.23299643e-01,  0.00000000e+00,  6.36171924e-01, ...,
         -5.83501313e-01, -6.73806461e-01, -7.34647578e-01],
        [-3.52566381e-01, -6.36171924e-01,  0.00000000e+00, ...,
         -9.66841858e-01, -9.89946023e-01, -9.98425532e-01],
        ...,
        [ 8.14720918e-01,  5.83501313e-01,  9.66841858e-01, ...,
          0.00000000e+00, -1.16052728e-01, -2.00740422e-01],
        [ 8.76509447e-01,  6.73806461e-01,  9.89946023e-01, ...,
          1.16052728e-01,  0.00000000e+00, -8.56936174e-02],
        [ 9.14536832e-01,  7.34647578e-01,  9.98425532e-01, ...,
          2.00740422e-01,  8.56936174e-02,  0.00000000e+00]],

       [[ 0.00000000e+00,  3.18348958e-03,  1.54982077e-01, ...,
          9.50296824e-01,  9.51862698e-01,  9.49678300e-01],
        [-3.18348958e-03,  0.00000000e+00,  1.51836268e-01, ...,
          9.51283173e-01,  9.52833693e-01,  9.50670643e-01],
        [-1.54982077e-01, -1.51836268e-01,  0.00000000e+00, ...,
          9.87067609e-01,  9.87867447e-01,  9.86748169e-01],
        ...,
        [-9.50296824e-01, -9.51283173e-01, -9.87067609e-01, ...,
          0.00000000e+00, -5.06858832e-03,  1.98062805e-03],
        [-9.51862698e-01, -9.52833693e-01, -9.87867447e-01, ...,
          5.06858832e-03,  0.00000000e+00,  7.04918099e-03],
        [-9.49678300e-01, -9.50670643e-01, -9.86748169e-01, ...,
         -1.98062805e-03, -7.04918099e-03,  0.00000000e+00]],

       [[ 0.00000000e+00, -2.22709072e-04, -8.29970892e-02, ...,
          9.83498545e-01,  9.71836823e-01,  9.64109226e-01],
        [ 2.22709072e-04,  0.00000000e+00, -8.27751465e-02, ...,
          9.83458229e-01,  9.71784316e-01,  9.64050072e-01],
        [ 8.29970892e-02,  8.27751465e-02,  0.00000000e+00, ...,
          9.65089764e-01,  9.48925118e-01,  9.38746627e-01],
        ...,
        [-9.83498545e-01, -9.83458229e-01, -9.65089764e-01, ...,
          0.00000000e+00,  5.59452984e-02,  8.67018777e-02],
        [-9.71836823e-01, -9.71784316e-01, -9.48925118e-01, ...,
         -5.59452984e-02,  0.00000000e+00,  3.08314630e-02],
        [-9.64109226e-01, -9.64050072e-01, -9.38746627e-01, ...,
         -8.67018777e-02, -3.08314630e-02,  0.00000000e+00]]]), 'num': array([3.74385190e+07, 5.70919000e+05, 5.39000000e+02, 6.84000000e+04,
       6.92000000e+04, 6.37000000e+04, 3.73399000e+05, 3.80000000e+03,
       6.49200000e+04, 6.47400000e+04, 6.04750000e+04, 5.40106952e+01,
       6.81243168e+04, 6.13556832e+04])}
{'img': array([[[ 0.        ,  0.45677026,  0.35481245, ...,  0.90351435,
          0.94084847,  0.7126768 ],
        [-0.45677026,  0.        , -0.11141591, ...,  0.60800006,
          0.68219802,  0.9544073 ],
        [-0.35481245,  0.11141591,  0.        , ...,  0.69267178,
          0.75941425,  0.91520655],
        ...,
        [-0.90351435, -0.60800006, -0.69267178, ...,  0.        ,
          0.09707237,  0.9392318 ],
        [-0.94084847, -0.68219802, -0.75941425, ..., -0.09707237,
          0.        ,  0.90147277],
        [-0.7126768 , -0.9544073 , -0.91520655, ..., -0.9392318 ,
         -0.90147277,  0.        ]],

       [[ 0.        ,  0.63723757,  0.56234904, ...,  0.01834833,
          0.14324473,  0.86635249],
        [-0.63723757,  0.        , -0.09354765, ..., -0.62298984,
         -0.52027188,  0.34941215],
        [-0.56234904,  0.09354765,  0.        , ..., -0.54708213,
         -0.43810063,  0.43553116],
        ...,
        [-0.01834833,  0.62298984,  0.54708213, ...,  0.        ,
          0.12506151,  0.85704288],
        [-0.14324473,  0.52027188,  0.43810063, ..., -0.12506151,
          0.        ,  0.7858769 ],
        [-0.86635249, -0.34941215, -0.43553116, ..., -0.85704288,
         -0.7858769 ,  0.        ]],

       [[ 0.        ,  0.13821628,  0.20824888, ...,  0.91116997,
          0.94420859,  0.99931604],
        [-0.13821628,  0.        ,  0.07106412, ...,  0.84547528,
          0.88962488,  0.99483578],
        [-0.20824888, -0.07106412,  0.        , ...,  0.80538843,
          0.85492127,  0.98510775],
        ...,
        [-0.91116997, -0.84547528, -0.80538843, ...,  0.        ,
          0.08895085,  0.44544309],
        [-0.94420859, -0.88962488, -0.85492127, ..., -0.08895085,
          0.        ,  0.36403876],
        [-0.99931604, -0.99483578, -0.98510775, ..., -0.44544309,
         -0.36403876,  0.        ]],

       ...,

       [[ 0.        ,  0.63617192,  0.29586727, ..., -0.67380646,
         -0.73464758, -0.40412206],
        [-0.63617192,  0.        , -0.37941431, ..., -0.98994602,
         -0.99842553, -0.89370898],
        [-0.29586727,  0.37941431,  0.        , ..., -0.86225817,
         -0.90248755, -0.65666043],
        ...,
        [ 0.67380646,  0.98994602,  0.86225817, ...,  0.        ,
         -0.08569362,  0.31772521],
        [ 0.73464758,  0.99842553,  0.90248755, ...,  0.08569362,
          0.        ,  0.39780968],
        [ 0.40412206,  0.89370898,  0.65666043, ..., -0.31772521,
         -0.39780968,  0.        ]],

       [[ 0.        ,  0.15183627,  0.20669646, ...,  0.95283369,
          0.95067064,  0.84199385],
        [-0.15183627,  0.        ,  0.05574257, ...,  0.98786745,
          0.98674817,  0.9141452 ],
        [-0.20669646, -0.05574257,  0.        , ...,  0.99498827,
          0.99425869,  0.93532117],
        ...,
        [-0.95283369, -0.98786745, -0.99498827, ...,  0.        ,
          0.00704918,  0.25850233],
        [-0.95067064, -0.98674817, -0.99425869, ..., -0.00704918,
          0.        ,  0.25168632],
        [-0.84199385, -0.9141452 , -0.93532117, ..., -0.25850233,
         -0.25168632,  0.        ]],

       [[ 0.        , -0.08277515, -0.1139485 , ...,  0.97178432,
          0.96405007,  0.98936445],
        [ 0.08277515,  0.        , -0.03132145, ...,  0.94892512,
          0.93874663,  0.97392891],
        [ 0.1139485 ,  0.03132145,  0.        , ...,  0.93857758,
          0.92749242,  0.96634568],
        ...,
        [-0.97178432, -0.94892512, -0.93857758, ...,  0.        ,
          0.03083146, -0.09200898],
        [-0.96405007, -0.93874663, -0.92749242, ..., -0.03083146,
          0.        , -0.12266592],
        [-0.98936445, -0.97392891, -0.96634568, ...,  0.09200898,
          0.12266592,  0.        ]]]), 'num': array([3.74858380e+07, 2.68783800e+06, 5.08000000e+02, 6.85000000e+04,
       6.93000000e+04, 6.80000000e+04, 1.96561000e+05, 1.00000000e+02,
       6.61000000e+04, 6.49200000e+04, 6.06666667e+04, 5.79545455e+01,
       6.86811700e+04, 6.11588300e+04])}
{'img': array([[[ 0.        , -0.11080779, -0.29397133, ...,  0.67758429,
          0.9907348 ,  0.95276653],
        [ 0.11080779,  0.        , -0.18624935, ...,  0.75490468,
          0.96958482,  0.91324652],
        [ 0.29397133,  0.18624935,  0.        , ...,  0.86384449,
          0.90703395,  0.82138763],
        ...,
        [-0.67758429, -0.75490468, -0.86384449, ...,  0.        ,
          0.82065431,  0.90649236],
        [-0.9907348 , -0.96958482, -0.90703395, ..., -0.82065431,
          0.        ,  0.17149388],
        [-0.95276653, -0.91324652, -0.82138763, ..., -0.90649236,
         -0.17149388,  0.        ]],

       [[ 0.        , -0.09354765, -0.47786912, ..., -0.52027188,
          0.34941215, -0.130799  ],
        [ 0.09354765,  0.        , -0.39359841, ..., -0.43810063,
          0.43553116, -0.03748145],
        [ 0.47786912,  0.39359841,  0.        , ..., -0.04892242,
          0.75468309,  0.3588658 ],
        ...,
        [ 0.52027188,  0.43810063,  0.04892242, ...,  0.        ,
          0.7858769 ,  0.40409974],
        [-0.34941215, -0.43553116, -0.75468309, ..., -0.7858769 ,
          0.        , -0.46896494],
        [ 0.130799  ,  0.03748145, -0.3588658 , ..., -0.40409974,
          0.46896494,  0.        ]],

       [[ 0.        ,  0.07106412,  0.07106412, ...,  0.88962488,
          0.99483578,  0.87809473],
        [-0.07106412,  0.        ,  0.        , ...,  0.85492127,
          0.98510775,  0.90987793],
        [-0.07106412,  0.        ,  0.        , ...,  0.85492127,
          0.98510775,  0.90987793],
        ...,
        [-0.88962488, -0.85492127, -0.85492127, ...,  0.        ,
          0.36403876,  0.82669262],
        [-0.99483578, -0.98510775, -0.98510775, ..., -0.36403876,
          0.        ,  0.56514032],
        [-0.87809473, -0.90987793, -0.90987793, ..., -0.82669262,
         -0.56514032,  0.        ]],

       ...,

       [[ 0.        , -0.37941431, -0.60184392, ..., -0.99842553,
         -0.89370898, -0.82208599],
        [ 0.37941431,  0.        , -0.25383669, ..., -0.90248755,
         -0.65666043, -0.54459145],
        [ 0.60184392,  0.25383669,  0.        , ..., -0.76359694,
         -0.44371272, -0.3138613 ],
        ...,
        [ 0.99842553,  0.90248755,  0.76359694, ...,  0.        ,
          0.39780968,  0.5223534 ],
        [ 0.89370898,  0.65666043,  0.44371272, ..., -0.39780968,
          0.        ,  0.14001861],
        [ 0.82208599,  0.54459145,  0.3138613 , ..., -0.5223534 ,
         -0.14001861,  0.        ]],

       [[ 0.        ,  0.05503994,  0.0584256 , ...,  0.99431805,
          0.94923514,  0.72052519],
        [-0.05503994,  0.        ,  0.00339112, ...,  0.99866982,
          0.96511002,  0.75759926],
        [-0.0584256 , -0.00339112,  0.        , ...,  0.99883893,
          0.96599241,  0.75980835],
        ...,
        [-0.99431805, -0.99866982, -0.99883893, ...,  0.        ,
          0.21173386,  0.61278875],
        [-0.94923514, -0.96511002, -0.96599241, ..., -0.21173386,
          0.        ,  0.43157322],
        [-0.72052519, -0.75759926, -0.75980835, ..., -0.61278875,
         -0.43157322,  0.        ]],

       [[ 0.        , -0.03132145, -0.03264209, ...,  0.93874663,
          0.97392891,  0.98869609],
        [ 0.03132145,  0.        , -0.00132132, ...,  0.92749242,
          0.96634568,  0.98351486],
        [ 0.03264209,  0.00132132,  0.        , ...,  0.92699764,
          0.96600493,  0.98327507],
        ...,
        [-0.93874663, -0.92749242, -0.92699764, ...,  0.        ,
         -0.12266592, -0.19996316],
        [-0.97392891, -0.96634568, -0.96600493, ...,  0.12266592,
          0.        , -0.07826455],
        [-0.98869609, -0.98351486, -0.98327507, ...,  0.19996316,
          0.07826455,  0.        ]]]), 'num': array([3.75385340e+07, 1.24913400e+06, 5.29000000e+02, 6.86000000e+04,
       7.02000000e+04, 6.80000000e+04, 2.22144000e+05, 1.00000000e+02,
       6.68200000e+04, 6.51600000e+04, 6.08150000e+04, 5.79545455e+01,
       6.92064305e+04, 6.11135695e+04])}
{'img': array([[[ 0.        , -0.18534027, -0.31320881, ...,  0.98361812,
          0.96824584,  0.9112902 ],
        [ 0.18534027,  0.        , -0.13176753, ...,  0.93316602,
          0.90513533,  0.81918497],
        [ 0.31320881,  0.13176753,  0.        , ...,  0.87766614,
          0.84122565,  0.73646965],
        ...,
        [-0.98361812, -0.93316602, -0.87766614, ...,  0.        ,
          0.07136388,  0.24074567],
        [-0.96824584, -0.90513533, -0.84122565, ..., -0.07136388,
          0.        ,  0.17086691],
        [-0.9112902 , -0.81918497, -0.73646965, ..., -0.24074567,
         -0.17086691,  0.        ]],

       [[ 0.        , -0.39359841, -0.41131438, ...,  0.43553116,
         -0.03748145,  0.04146811],
        [ 0.39359841,  0.        , -0.01935169, ...,  0.75468309,
          0.3588658 ,  0.43138076],
        [ 0.41131438,  0.01935169,  0.        , ...,  0.76723821,
          0.37686125,  0.44875849],
        ...,
        [-0.43553116, -0.75468309, -0.76723821, ...,  0.        ,
         -0.46896494, -0.39782803],
        [ 0.03748145, -0.3588658 , -0.37686125, ...,  0.46896494,
          0.        ,  0.07888818],
        [-0.04146811, -0.43138076, -0.44875849, ...,  0.39782803,
         -0.07888818,  0.        ]],

       [[ 0.        ,  0.        , -0.01676969, ...,  0.95677313,
          0.99919109,  0.85173138],
        [ 0.        ,  0.        , -0.01676969, ...,  0.95677313,
          0.99919109,  0.85173138],
        [ 0.01676969,  0.01676969,  0.        , ...,  0.96151581,
          0.99837621,  0.84282464],
        ...,
        [-0.95677313, -0.95677313, -0.96151581, ...,  0.        ,
          0.3290757 ,  0.74904228],
        [-0.99919109, -0.99919109, -0.99837621, ..., -0.3290757 ,
          0.        ,  0.48930332],
        [-0.85173138, -0.85173138, -0.84282464, ..., -0.74904228,
         -0.48930332,  0.        ]],

       ...,

       [[ 0.        , -0.25383669, -0.49514081, ..., -0.65666043,
         -0.54459145, -0.54459145],
        [ 0.25383669,  0.        , -0.25838695, ..., -0.44371272,
         -0.3138613 , -0.3138613 ],
        [ 0.49514081,  0.25838695,  0.        , ..., -0.1970865 ,
         -0.05787268, -0.05787268],
        ...,
        [ 0.65666043,  0.44371272,  0.1970865 , ...,  0.        ,
          0.14001861,  0.14001861],
        [ 0.54459145,  0.3138613 ,  0.05787268, ..., -0.14001861,
          0.        ,  0.        ],
        [ 0.54459145,  0.3138613 ,  0.05787268, ..., -0.14001861,
          0.        ,  0.        ]],

       [[ 0.        ,  0.00330008,  0.01706131, ...,  0.99293866,
          0.95287536,  0.74411595],
        [-0.00330008,  0.        ,  0.01376162, ...,  0.99332474,
          0.95387129,  0.74631652],
        [-0.01706131, -0.01376162,  0.        , ...,  0.9948181 ,
          0.95791241,  0.75540546],
        ...,
        [-0.99293866, -0.99332474, -0.9948181 , ...,  0.        ,
          0.18818141,  0.57505951],
        [-0.95287536, -0.95387129, -0.95791241, ..., -0.18818141,
          0.        ,  0.41083227],
        [-0.74411595, -0.74631652, -0.75540546, ..., -0.57505951,
         -0.41083227,  0.        ]],

       [[ 0.        , -0.00132132,  0.00961918, ...,  0.96634568,
          0.98351486,  0.98639959],
        [ 0.00132132,  0.        ,  0.01094042, ...,  0.96600493,
          0.98327507,  0.98618155],
        [-0.00961918, -0.01094042,  0.        , ...,  0.96877548,
          0.98520877,  0.98793501],
        ...,
        [-0.96634568, -0.96600493, -0.96877548, ...,  0.        ,
         -0.07826455, -0.09491497],
        [-0.98351486, -0.98327507, -0.98520877, ...,  0.07826455,
          0.        , -0.01671261],
        [-0.98639959, -0.98618155, -0.98793501, ...,  0.09491497,
          0.01671261,  0.        ]]]), 'num': array([ 3.72150370e+07,  5.63037000e+05,  5.39000000e+02,  6.80000000e+04,
        6.99000000e+04,  6.76000000e+04,  1.19055000e+05, -6.00000000e+02,
        6.76200000e+04,  6.52850000e+04,  6.09650000e+04,  5.76271186e+01,
        6.95159692e+04,  6.10540308e+04])}
{'img': array([[[ 0.        , -0.13176753,  0.        , ...,  0.90513533,
          0.81918497,  0.98245989],
        [ 0.13176753,  0.        ,  0.13176753, ...,  0.84122565,
          0.73646965,  0.94932226],
        [ 0.        , -0.13176753,  0.        , ...,  0.90513533,
          0.81918497,  0.98245989],
        ...,
        [-0.90513533, -0.84122565, -0.90513533, ...,  0.        ,
          0.17086691, -0.24888263],
        [-0.81918497, -0.73646965, -0.81918497, ..., -0.17086691,
          0.        , -0.41071294],
        [-0.98245989, -0.94932226, -0.98245989, ...,  0.24888263,
          0.41071294,  0.        ]],

       [[ 0.        , -0.01935169, -0.11130255, ...,  0.3588658 ,
          0.43138076,  0.08502019],
        [ 0.01935169,  0.        , -0.09205025, ...,  0.37686125,
          0.44875849,  0.10428589],
        [ 0.11130255,  0.09205025,  0.        , ...,  0.4605246 ,
          0.52911422,  0.19539147],
        ...,
        [-0.3588658 , -0.37686125, -0.4605246 , ...,  0.        ,
          0.07888818, -0.2782095 ],
        [-0.43138076, -0.44875849, -0.52911422, ..., -0.07888818,
          0.        , -0.35311616],
        [-0.08502019, -0.10428589, -0.19539147, ...,  0.2782095 ,
          0.35311616,  0.        ]],

       [[ 0.        , -0.01604187,  0.0198137 , ...,  0.99065313,
          0.99768567,  0.83147942],
        [ 0.01604187,  0.        ,  0.03584988, ...,  0.99271385,
          0.99646653,  0.82246027],
        [-0.0198137 , -0.03584988,  0.        , ...,  0.98775596,
          0.99883705,  0.8423238 ],
        ...,
        [-0.99065313, -0.99271385, -0.98775596, ...,  0.        ,
          0.2034488 ,  0.66378095],
        [-0.99768567, -0.99646653, -0.99883705, ..., -0.2034488 ,
          0.        ,  0.49773351],
        [-0.83147942, -0.82246027, -0.8423238 , ..., -0.66378095,
         -0.49773351,  0.        ]],

       ...,

       [[ 0.        , -0.25838695, -0.08970594, ..., -0.3138613 ,
         -0.3138613 , -0.324922  ],
        [ 0.25838695,  0.        ,  0.17068555, ..., -0.05787268,
         -0.05787268, -0.06952105],
        [ 0.08970594, -0.17068555,  0.        , ..., -0.22742291,
         -0.22742291, -0.23877344],
        ...,
        [ 0.3138613 ,  0.05787268,  0.22742291, ...,  0.        ,
          0.        , -0.01167188],
        [ 0.3138613 ,  0.05787268,  0.22742291, ...,  0.        ,
          0.        , -0.01167188],
        [ 0.324922  ,  0.06952105,  0.23877344, ...,  0.01167188,
          0.01167188,  0.        ]],

       [[ 0.        ,  0.01355096,  0.03799467, ...,  0.97791377,
          0.91313837,  0.73866735],
        [-0.01355096,  0.        ,  0.02445001, ...,  0.98065625,
          0.91857858,  0.74773383],
        [-0.03799467, -0.02445001,  0.        , ...,  0.98514888,
          0.92796755,  0.76374507],
        ...,
        [-0.97791377, -0.98065625, -0.98514888, ...,  0.        ,
          0.20779238,  0.50479453],
        [-0.91313837, -0.91857858, -0.92796755, ..., -0.20779238,
          0.        ,  0.31440175],
        [-0.73866735, -0.74773383, -0.76374507, ..., -0.50479453,
         -0.31440175,  0.        ]],

       [[ 0.        ,  0.01094042,  0.05715858, ...,  0.98327507,
          0.98618155,  0.98949833],
        [-0.01094042,  0.        ,  0.04623262, ...,  0.98520877,
          0.98793501,  0.99102048],
        [-0.05715858, -0.04623262,  0.        , ...,  0.99207763,
          0.99403861,  0.99614256],
        ...,
        [-0.98327507, -0.98520877, -0.99207763, ...,  0.        ,
         -0.01671261, -0.03808724],
        [-0.98618155, -0.98793501, -0.99403861, ...,  0.01671261,
          0.        , -0.02138144],
        [-0.98949833, -0.99102048, -0.99614256, ...,  0.03808724,
          0.02138144,  0.        ]]]), 'num': array([3.74318090e+07, 3.59009000e+05, 5.42000000e+02, 6.84000000e+04,
       6.87000000e+04, 6.62000000e+04, 1.35138000e+05, 4.00000000e+02,
       6.83800000e+04, 6.54300000e+04, 6.11400000e+04, 5.73863636e+01,
       6.98739172e+04, 6.09860828e+04])}
{'img': array([[[ 0.        ,  0.13176753,  0.05833977, ...,  0.73646965,
          0.94932226,  0.87766614],
        [-0.13176753,  0.        , -0.07371202, ...,  0.81918497,
          0.98245989,  0.93316602],
        [-0.05833977,  0.07371202,  0.        , ...,  0.77468042,
          0.96604181,  0.90413194],
        ...,
        [-0.73646965, -0.81918497, -0.77468042, ...,  0.        ,
         -0.41071294, -0.24074567],
        [-0.94932226, -0.98245989, -0.96604181, ...,  0.41071294,
          0.        ,  0.17912975],
        [-0.87766614, -0.93316602, -0.90413194, ...,  0.24074567,
         -0.17912975,  0.        ]],

       [[ 0.        , -0.09205025, -0.18163227, ...,  0.44875849,
          0.10428589,  0.16994547],
        [ 0.09205025,  0.        , -0.09034199, ...,  0.52911422,
          0.19539147,  0.25993518],
        [ 0.18163227,  0.09034199,  0.        , ...,  0.60361031,
          0.28319315,  0.34610883],
        ...,
        [-0.44875849, -0.52911422, -0.60361031, ...,  0.        ,
         -0.35311616, -0.29035832],
        [-0.10428589, -0.19539147, -0.28319315, ...,  0.35311616,
          0.        ,  0.06624992],
        [-0.16994547, -0.25993518, -0.34610883, ...,  0.29035832,
         -0.06624992,  0.        ]],

       [[ 0.        ,  0.03447941, -0.051416  , ...,  0.99710174,
          0.9895643 ,  0.80418153],
        [-0.03447941,  0.        , -0.08581924, ...,  0.99388569,
          0.99394412,  0.82419737],
        [ 0.051416  ,  0.08581924,  0.        , ...,  0.99969461,
          0.98084679,  0.77255702],
        ...,
        [-0.99710174, -0.99388569, -0.99969461, ...,  0.        ,
          0.2189601 ,  0.65384298],
        [-0.9895643 , -0.99394412, -0.98084679, ..., -0.2189601 ,
          0.        ,  0.47230487],
        [-0.80418153, -0.82419737, -0.77255702, ..., -0.65384298,
         -0.47230487,  0.        ]],

       ...,

       [[ 0.        ,  0.17068555,  0.02260342, ..., -0.05787268,
         -0.06952105, -0.07807555],
        [-0.17068555,  0.        , -0.14837021, ..., -0.22742291,
         -0.23877344, -0.24709436],
        [-0.02260342,  0.14837021,  0.        , ..., -0.08042343,
         -0.09205202, -0.10059002],
        ...,
        [ 0.05787268,  0.22742291,  0.08042343, ...,  0.        ,
         -0.01167188, -0.02024867],
        [ 0.06952105,  0.23877344,  0.09205202, ...,  0.01167188,
          0.        , -0.00857781],
        [ 0.07807555,  0.24709436,  0.10059002, ...,  0.02024867,
          0.00857781,  0.        ]],

       [[ 0.        ,  0.02402806,  0.03358365, ...,  0.96272332,
          0.92111798,  0.73912377],
        [-0.02402806,  0.        ,  0.00955946, ...,  0.96894467,
          0.93020577,  0.75509495],
        [-0.03358365, -0.00955946,  0.        , ...,  0.97126424,
          0.93367195,  0.76132777],
        ...,
        [-0.96272332, -0.96894467, -0.97126424, ...,  0.        ,
          0.12562089,  0.44853701],
        [-0.92111798, -0.93020577, -0.93367195, ..., -0.12562089,
          0.        ,  0.33270838],
        [-0.73912377, -0.75509495, -0.76132777, ..., -0.44853701,
         -0.33270838,  0.        ]],

       [[ 0.        ,  0.04623262,  0.09509219, ...,  0.98793501,
          0.99102048,  0.99390506],
        [-0.04623262,  0.        ,  0.04896739, ...,  0.99403861,
          0.99614256,  0.99793893],
        [-0.09509219, -0.04896739,  0.        , ...,  0.99818499,
          0.99924443,  0.99988406],
        ...,
        [-0.98793501, -0.99403861, -0.99818499, ...,  0.        ,
         -0.02138144, -0.04501569],
        [-0.99102048, -0.99614256, -0.99924443, ...,  0.02138144,
          0.        , -0.02364564],
        [-0.99390506, -0.99793893, -0.99988406, ...,  0.04501569,
          0.02364564,  0.        ]]]), 'num': array([ 3.69957800e+07,  1.53780000e+05,  5.45000000e+02,  6.76000000e+04,
        6.95000000e+04,  6.71000000e+04,  1.09392000e+05, -8.00000000e+02,
        6.82200000e+04,  6.54750000e+04,  6.13133333e+04,  5.97633136e+01,
        6.99871503e+04,  6.09628497e+04])}
{'img': array([[[ 0.        , -0.07371202,  0.        , ...,  0.98245989,
          0.93316602,  0.99810298],
        [ 0.07371202,  0.        ,  0.07371202, ...,  0.96604181,
          0.90413194,  0.99084952],
        [ 0.        , -0.07371202,  0.        , ...,  0.98245989,
          0.93316602,  0.99810298],
        ...,
        [-0.98245989, -0.96604181, -0.98245989, ...,  0.        ,
          0.17912975, -0.12563361],
        [-0.93316602, -0.90413194, -0.93316602, ..., -0.17912975,
          0.        , -0.301312  ],
        [-0.99810298, -0.99084952, -0.99810298, ...,  0.12563361,
          0.301312  ,  0.        ]],

       [[ 0.        , -0.09034199, -0.05452938, ...,  0.19539147,
          0.25993518,  0.15304544],
        [ 0.09034199,  0.        ,  0.03590118, ...,  0.28319315,
          0.34610883,  0.24169729],
        [ 0.05452938, -0.03590118,  0.        , ...,  0.2485791 ,
          0.31220343,  0.2067047 ],
        ...,
        [-0.19539147, -0.28319315, -0.2485791 , ...,  0.        ,
          0.06624992, -0.04299406],
        [-0.25993518, -0.34610883, -0.31220343, ..., -0.06624992,
          0.        , -0.10908826],
        [-0.15304544, -0.24169729, -0.2067047 , ...,  0.04299406,
          0.10908826,  0.        ]],

       [[ 0.        , -0.08581924, -0.13083247, ...,  0.99394412,
          0.82419737,  0.92936283],
        [ 0.08581924,  0.        , -0.04526821, ...,  0.98084679,
          0.77255702,  0.89425247],
        [ 0.13083247,  0.04526821,  0.        , ...,  0.97102392,
          0.7430222 ,  0.87307537],
        ...,
        [-0.99394412, -0.98084679, -0.97102392, ...,  0.        ,
          0.47230487,  0.26480737],
        [-0.82419737, -0.77255702, -0.7430222 , ..., -0.47230487,
          0.        , -0.22203366],
        [-0.92936283, -0.89425247, -0.87307537, ..., -0.26480737,
          0.22203366,  0.        ]],

       ...,

       [[ 0.        , -0.14837021, -0.19276473, ..., -0.23877344,
         -0.24709436, -0.16400791],
        [ 0.14837021,  0.        , -0.04504366, ..., -0.09205202,
         -0.10059002, -0.01583151],
        [ 0.19276473,  0.04504366,  0.        , ..., -0.04710618,
         -0.05567273,  0.02922257],
        ...,
        [ 0.23877344,  0.09205202,  0.04710618, ...,  0.        ,
         -0.00857781,  0.07627619],
        [ 0.24709436,  0.10059002,  0.05567273, ...,  0.00857781,
          0.        ,  0.0848262 ],
        [ 0.16400791,  0.01583151, -0.02922257, ..., -0.07627619,
         -0.0848262 ,  0.        ]],

       [[ 0.        ,  0.00950774,  0.01491339, ...,  0.94568403,
          0.86291188,  0.75241358],
        [-0.00950774,  0.        ,  0.00540604, ...,  0.94873213,
          0.86767765,  0.75864223],
        [-0.01491339, -0.00540604,  0.        , ...,  0.95042701,
          0.87035246,  0.76215322],
        ...,
        [-0.94568403, -0.94873213, -0.95042701, ...,  0.        ,
          0.19738394,  0.37831347],
        [-0.86291188, -0.86767765, -0.87035246, ..., -0.19738394,
          0.        ,  0.18815674],
        [-0.75241358, -0.75864223, -0.76215322, ..., -0.37831347,
         -0.18815674,  0.        ]],

       [[ 0.        ,  0.04896739,  0.12068858, ...,  0.99614256,
          0.99793893,  0.99841565],
        [-0.04896739,  0.        ,  0.07193434, ...,  0.99924443,
          0.99988406,  0.99997327],
        [-0.12068858, -0.07193434,  0.        , ...,  0.99945156,
          0.99838909,  0.99790866],
        ...,
        [-0.99614256, -0.99924443, -0.99945156, ...,  0.        ,
         -0.02364564, -0.03155879],
        [-0.99793893, -0.99988406, -0.99838909, ...,  0.02364564,
          0.        , -0.00791611],
        [-0.99841565, -0.99997327, -0.99790866, ...,  0.03155879,
          0.00791611,  0.        ]]]), 'num': array([3.74862800e+07, 1.53780000e+05, 5.45000000e+02, 6.85000000e+04,
       6.89000000e+04, 6.67000000e+04, 8.47100000e+04, 9.00000000e+02,
       6.82200000e+04, 6.55550000e+04, 6.14900000e+04, 6.74846626e+01,
       7.02195364e+04, 6.08904636e+04])}
{'img': array([[[ 0.        ,  0.07371202,  0.07371202, ...,  0.90413194,
          0.99084952,  0.87133626],
        [-0.07371202,  0.        ,  0.        , ...,  0.93316602,
          0.99810298,  0.90513533],
        [-0.07371202,  0.        ,  0.        , ...,  0.93316602,
          0.99810298,  0.90513533],
        ...,
        [-0.90413194, -0.93316602, -0.93316602, ...,  0.        ,
         -0.301312  ,  0.07136388],
        [-0.99084952, -0.99810298, -0.99810298, ...,  0.301312  ,
          0.        ,  0.36859104],
        [-0.87133626, -0.90513533, -0.90513533, ..., -0.07136388,
         -0.36859104,  0.        ]],

       [[ 0.        ,  0.03590118,  0.04612145, ...,  0.34610883,
          0.24169729,  0.11759355],
        [-0.03590118,  0.        ,  0.01022874, ...,  0.31220343,
          0.2067047 ,  0.08186565],
        [-0.04612145, -0.01022874,  0.        , ...,  0.30246963,
          0.19668606,  0.07166696],
        ...,
        [-0.34610883, -0.31220343, -0.30246963, ...,  0.        ,
         -0.10908826, -0.23338186],
        [-0.24169729, -0.2067047 , -0.19668606, ...,  0.10908826,
          0.        , -0.12591324],
        [-0.11759355, -0.08186565, -0.07166696, ...,  0.23338186,
          0.12591324,  0.        ]],

       [[ 0.        , -0.04526821, -0.04526821, ...,  0.77255702,
          0.89425247,  0.89425247],
        [ 0.04526821,  0.        ,  0.        , ...,  0.7430222 ,
          0.87307537,  0.87307537],
        [ 0.04526821,  0.        ,  0.        , ...,  0.7430222 ,
          0.87307537,  0.87307537],
        ...,
        [-0.77255702, -0.7430222 , -0.7430222 , ...,  0.        ,
         -0.22203366, -0.22203366],
        [-0.89425247, -0.87307537, -0.87307537, ...,  0.22203366,
          0.        ,  0.        ],
        [-0.89425247, -0.87307537, -0.87307537, ...,  0.22203366,
          0.        ,  0.        ]],

       ...,

       [[ 0.        , -0.04504366, -0.12605025, ..., -0.10059002,
         -0.01583151,  0.26704789],
        [ 0.04504366,  0.        , -0.08123792, ..., -0.05567273,
          0.02922257,  0.31018466],
        [ 0.12605025,  0.08123792,  0.        , ...,  0.02562321,
          0.11032921,  0.38639039],
        ...,
        [ 0.10059002,  0.05567273, -0.02562321, ...,  0.        ,
          0.0848262 ,  0.36263033],
        [ 0.01583151, -0.02922257, -0.11032921, ..., -0.0848262 ,
          0.        ,  0.28227098],
        [-0.26704789, -0.31018466, -0.38639039, ..., -0.36263033,
         -0.28227098,  0.        ]],

       [[ 0.        ,  0.00534695,  0.00908184, ...,  0.92522349,
          0.90099348,  0.75321043],
        [-0.00534695,  0.        ,  0.00373498, ...,  0.92723902,
          0.90330028,  0.75671678],
        [-0.00908184, -0.00373498,  0.        , ...,  0.92863119,
          0.90489632,  0.75915322],
        ...,
        [-0.92522349, -0.92723902, -0.92863119, ...,  0.        ,
          0.05953487,  0.32280812],
        [-0.90099348, -0.90330028, -0.90489632, ..., -0.05953487,
          0.        ,  0.2658879 ],
        [-0.75321043, -0.75671678, -0.75915322, ..., -0.32280812,
         -0.2658879 ,  0.        ]],

       [[ 0.        ,  0.07193434,  0.13500163, ...,  0.99988406,
          0.99997327,  0.99985813],
        [-0.07193434,  0.        ,  0.06337608, ...,  0.99838909,
          0.99790866,  0.9960562 ],
        [-0.13500163, -0.06337608,  0.        , ...,  0.9927862 ,
          0.99180597,  0.98843083],
        ...,
        [-0.99988406, -0.99838909, -0.9927862 , ...,  0.        ,
         -0.00791611, -0.03206722],
        [-0.99997327, -0.99790866, -0.99180597, ...,  0.00791611,
          0.        , -0.02415417],
        [-0.99985813, -0.9960562 , -0.98843083, ...,  0.03206722,
          0.02415417,  0.        ]]]), 'num': array([3.84672800e+07, 1.53780000e+05, 5.45000000e+02, 7.03000000e+04,
       7.09000000e+04, 6.82000000e+04, 2.54567000e+05, 1.80000000e+03,
       6.85600000e+04, 6.57850000e+04, 6.17033333e+04, 6.90058480e+01,
       7.08884400e+04, 6.06815600e+04])}
{'img': array([[[ 0.        ,  0.        , -0.28237435, ...,  0.9806256 ,
          0.99954093,  0.78387787],
        [ 0.        ,  0.        , -0.28237435, ...,  0.9806256 ,
          0.99954093,  0.78387787],
        [ 0.28237435,  0.28237435,  0.        , ...,  0.99603305,
          0.96741912,  0.57664693],
        ...,
        [-0.9806256 , -0.9806256 , -0.99603305, ...,  0.        ,
          0.16609099,  0.76244008],
        [-0.99954093, -0.99954093, -0.96741912, ..., -0.16609099,
          0.        ,  0.64437948],
        [-0.78387787, -0.78387787, -0.57664693, ..., -0.76244008,
         -0.64437948,  0.        ]],

       [[ 0.        ,  0.01022874,  0.39353735, ...,  0.2067047 ,
          0.08186565,  0.64919444],
        [-0.01022874,  0.        ,  0.38411339, ...,  0.19668606,
          0.07166696,  0.64138027],
        [-0.39353735, -0.38411339,  0.        , ..., -0.19501285,
         -0.31695659,  0.29747669],
        ...,
        [-0.2067047 , -0.19668606,  0.19501285, ...,  0.        ,
         -0.12591324,  0.47794979],
        [-0.08186565, -0.07166696,  0.31695659, ...,  0.12591324,
          0.        ,  0.58474648],
        [-0.64919444, -0.64138027, -0.29747669, ..., -0.47794979,
         -0.58474648,  0.        ]],

       [[ 0.        ,  0.        , -0.03383707, ...,  0.91530483,
          0.91530483,  0.73887168],
        [ 0.        ,  0.        , -0.03383707, ...,  0.91530483,
          0.91530483,  0.73887168],
        [ 0.03383707,  0.03383707,  0.        , ...,  0.90115241,
          0.90115241,  0.71564759],
        ...,
        [-0.91530483, -0.91530483, -0.90115241, ...,  0.        ,
          0.        ,  0.31918535],
        [-0.91530483, -0.91530483, -0.90115241, ...,  0.        ,
          0.        ,  0.31918535],
        [-0.73887168, -0.73887168, -0.71564759, ..., -0.31918535,
         -0.31918535,  0.        ]],

       ...,

       [[ 0.        , -0.08123792, -0.39860587, ...,  0.02922257,
          0.31018466,  0.36658915],
        [ 0.08123792,  0.        , -0.32278326, ...,  0.11032921,
          0.38639039,  0.44095985],
        [ 0.39860587,  0.32278326,  0.        , ...,  0.42523631,
          0.66342244,  0.70706319],
        ...,
        [-0.02922257, -0.11032921, -0.42523631, ...,  0.        ,
          0.28227098,  0.33924441],
        [-0.31018466, -0.38639039, -0.66342244, ..., -0.28227098,
          0.        ,  0.05991711],
        [-0.36658915, -0.44095985, -0.70706319, ..., -0.33924441,
         -0.05991711,  0.        ]],

       [[ 0.        ,  0.00362311, -0.02294716, ...,  0.97715172,
          0.95890152,  0.74164061],
        [-0.00362311,  0.        , -0.02656917, ...,  0.97791538,
          0.95992325,  0.74406612],
        [ 0.02294716,  0.02656917,  0.        , ...,  0.97201716,
          0.95213802,  0.72605243],
        ...,
        [-0.97715172, -0.97791538, -0.97201716, ...,  0.        ,
          0.07344837,  0.49784038],
        [-0.95890152, -0.95992325, -0.95213802, ..., -0.07344837,
          0.        ,  0.43279624],
        [-0.74164061, -0.74406612, -0.72605243, ..., -0.49784038,
         -0.43279624,  0.        ]],

       [[ 0.        ,  0.06337608,  0.13130636, ...,  0.99790866,
          0.9960562 ,  0.9880366 ],
        [-0.06337608,  0.        ,  0.06821504, ...,  0.99180597,
          0.98843083,  0.97627654],
        [-0.13130636, -0.06821504,  0.        , ...,  0.980781  ,
          0.97578209,  0.95923201],
        ...,
        [-0.99790866, -0.99180597, -0.980781  , ...,  0.        ,
         -0.02415417, -0.09003059],
        [-0.9960562 , -0.98843083, -0.97578209, ...,  0.02415417,
          0.        , -0.06594824],
        [-0.9880366 , -0.97627654, -0.95923201, ...,  0.09003059,
          0.06594824,  0.        ]]]), 'num': array([ 3.82492800e+07,  1.53780000e+05,  5.45000000e+02,  6.99000000e+04,
        7.15000000e+04,  6.94000000e+04,  2.04314000e+05, -4.00000000e+02,
        6.89400000e+04,  6.59900000e+04,  6.19033333e+04,  7.28395062e+01,
        7.13995841e+04,  6.05804159e+04])}
{'img': array([[[ 0.        , -0.28237435, -0.19933112, ...,  0.99954093,
          0.78387787,  0.9410407 ],
        [ 0.28237435,  0.        ,  0.08548853, ...,  0.96741912,
          0.57664693,  0.80721901],
        [ 0.19933112, -0.08548853,  0.        , ...,  0.98552156,
          0.64437948,  0.85472369],
        ...,
        [-0.99954093, -0.96741912, -0.98552156, ...,  0.        ,
          0.64437948,  0.36664918],
        [-0.78387787, -0.57664693, -0.64437948, ..., -0.64437948,
          0.        , -0.31912564],
        [-0.9410407 , -0.80721901, -0.85472369, ..., -0.36664918,
          0.31912564,  0.        ]],

       [[ 0.        ,  0.38411339, -0.0573194 , ...,  0.07166696,
          0.64138027,  0.52041871],
        [-0.38411339,  0.        , -0.43640406, ..., -0.31695659,
          0.29747669,  0.15249653],
        [ 0.0573194 ,  0.43640406,  0.        , ...,  0.12872114,
          0.68430254,  0.56850876],
        ...,
        [-0.07166696,  0.31695659, -0.12872114, ...,  0.        ,
          0.58474648,  0.45788329],
        [-0.64138027, -0.29747669, -0.68430254, ..., -0.58474648,
          0.        , -0.14840453],
        [-0.52041871, -0.15249653, -0.56850876, ..., -0.45788329,
          0.14840453,  0.        ]],

       [[ 0.        , -0.03326553, -0.0808373 , ...,  0.95999848,
          0.91578205,  0.73031632],
        [ 0.03326553,  0.        , -0.0476359 , ...,  0.95015264,
          0.90191326,  0.70718814],
        [ 0.0808373 ,  0.0476359 ,  0.        , ...,  0.93422183,
          0.88031461,  0.67270553],
        ...,
        [-0.95999848, -0.95015264, -0.93422183, ...,  0.        ,
          0.12918415,  0.45129132],
        [-0.91578205, -0.90191326, -0.88031461, ..., -0.12918415,
          0.        ,  0.33222886],
        [-0.73031632, -0.70718814, -0.67270553, ..., -0.45129132,
         -0.33222886,  0.        ]],

       ...,

       [[ 0.        , -0.32278326, -0.23681515, ...,  0.38639039,
          0.44095985,  0.57881782],
        [ 0.32278326,  0.        ,  0.08946248, ...,  0.66342244,
          0.70706319,  0.81105122],
        [ 0.23681515, -0.08946248,  0.        , ...,  0.59382239,
          0.64096458,  0.75546574],
        ...,
        [-0.38639039, -0.66342244, -0.59382239, ...,  0.        ,
          0.05991711,  0.21877942],
        [-0.44095985, -0.70706319, -0.64096458, ..., -0.05991711,
          0.        ,  0.15992078],
        [-0.57881782, -0.81105122, -0.75546574, ..., -0.21877942,
         -0.15992078,  0.        ]],

       [[ 0.        , -0.02599264, -0.04126895, ...,  0.98709877,
          0.93422643,  0.73307799],
        [ 0.02599264,  0.        , -0.01528451, ...,  0.98260351,
          0.92463971,  0.71515156],
        [ 0.04126895,  0.01528451,  0.        , ...,  0.97965016,
          0.91871071,  0.70438461],
        ...,
        [-0.98709877, -0.98260351, -0.97965016, ...,  0.        ,
          0.20249754,  0.55399491],
        [-0.93422643, -0.92463971, -0.91871071, ..., -0.20249754,
          0.        ,  0.37393442],
        [-0.73307799, -0.71515156, -0.70438461, ..., -0.55399491,
         -0.37393442,  0.        ]],

       [[ 0.        ,  0.06821504,  0.11703753, ...,  0.98843083,
          0.97627654,  0.96927199],
        [-0.06821504,  0.        ,  0.04901868, ...,  0.97578209,
          0.95923201,  0.95023389],
        [-0.11703753, -0.04901868,  0.        , ...,  0.96388648,
          0.94422524,  0.93382042],
        ...,
        [-0.98843083, -0.97578209, -0.96388648, ...,  0.        ,
         -0.06594824, -0.09613384],
        [-0.97627654, -0.95923201, -0.94422524, ...,  0.06594824,
          0.        , -0.03028176],
        [-0.96927199, -0.95023389, -0.93382042, ...,  0.09613384,
          0.03028176,  0.        ]]]), 'num': array([3.83038710e+07, 8.38710000e+04, 5.46000000e+02, 7.00000000e+04,
       7.09000000e+04, 6.95000000e+04, 1.19417000e+05, 1.00000000e+02,
       6.92600000e+04, 6.62250000e+04, 6.21050000e+04, 8.09523810e+01,
       7.18962873e+04, 6.05537127e+04])}
{'img': array([[[ 0.        ,  0.08548853, -0.2142502 , ...,  0.57664693,
          0.80721901,  0.78058298],
        [-0.08548853,  0.        , -0.29696925, ...,  0.64437948,
          0.85472369,  0.83116017],
        [ 0.2142502 ,  0.29696925,  0.        , ...,  0.38821549,
          0.66201281,  0.62853936],
        ...,
        [-0.57664693, -0.64437948, -0.38821549, ...,  0.        ,
         -0.31912564, -0.27729678],
        [-0.80721901, -0.85472369, -0.66201281, ...,  0.31912564,
          0.        ,  0.04381331],
        [-0.78058298, -0.83116017, -0.62853936, ...,  0.27729678,
         -0.04381331,  0.        ]],

       [[ 0.        , -0.43640406, -0.17756991, ...,  0.29747669,
          0.15249653, -0.15112232],
        [ 0.43640406,  0.        ,  0.26970014, ...,  0.68430254,
          0.56850876,  0.29541957],
        [ 0.17756991, -0.26970014,  0.        , ...,  0.46228041,
          0.32556614,  0.02680982],
        ...,
        [-0.29747669, -0.68430254, -0.46228041, ...,  0.        ,
         -0.14840453, -0.43834107],
        [-0.15249653, -0.56850876, -0.32556614, ...,  0.14840453,
          0.        , -0.30009991],
        [ 0.15112232, -0.29541957, -0.02680982, ...,  0.43834107,
          0.30009991,  0.        ]],

       [[ 0.        , -0.04698882, -0.13431793, ...,  0.94309353,
          0.88320658,  0.70027966],
        [ 0.04698882,  0.        , -0.08760654, ...,  0.92642673,
          0.86019399,  0.6659623 ],
        [ 0.13431793,  0.08760654,  0.        , ...,  0.88988308,
          0.81221024,  0.59804858],
        ...,
        [-0.94309353, -0.92642673, -0.88988308, ...,  0.        ,
          0.14860538,  0.44038257],
        [-0.88320658, -0.86019399, -0.81221024, ..., -0.14860538,
          0.        ,  0.30207339],
        [-0.70027966, -0.6659623 , -0.59804858, ..., -0.44038257,
         -0.30207339,  0.        ]],

       ...,

       [[ 0.        ,  0.08946248, -0.21741197, ...,  0.70706319,
          0.81105122,  0.98376792],
        [-0.08946248,  0.        , -0.30386272, ...,  0.64096458,
          0.75546574,  0.96376956],
        [ 0.21741197,  0.30386272,  0.        , ...,  0.84389315,
          0.91883142,  0.99924972],
        ...,
        [-0.70706319, -0.64096458, -0.84389315, ...,  0.        ,
          0.15992078,  0.56879255],
        [-0.81105122, -0.75546574, -0.91883142, ..., -0.15992078,
          0.        ,  0.4299403 ],
        [-0.98376792, -0.96376956, -0.99924972, ..., -0.56879255,
         -0.4299403 ,  0.        ]],

       [[ 0.        , -0.01497792, -0.02879335, ...,  0.96729402,
          0.9142178 ,  0.70498846],
        [ 0.01497792,  0.        , -0.01381841, ...,  0.96338624,
          0.90804584,  0.69428675],
        [ 0.02879335,  0.01381841,  0.        , ...,  0.9595893 ,
          0.90217102,  0.68427537],
        ...,
        [-0.96729402, -0.96338624, -0.9595893 , ...,  0.        ,
          0.16007146,  0.50719725],
        [-0.9142178 , -0.90804584, -0.90217102, ..., -0.16007146,
          0.        ,  0.36270277],
        [-0.70498846, -0.69428675, -0.68427537, ..., -0.50719725,
         -0.36270277,  0.        ]],

       [[ 0.        ,  0.04901868,  0.07558964, ...,  0.95923201,
          0.95023389,  0.94776252],
        [-0.04901868,  0.        ,  0.02662033, ...,  0.94422524,
          0.93382042,  0.93098736],
        [-0.07558964, -0.02662033,  0.        , ...,  0.93512453,
          0.92396628,  0.92093964],
        ...,
        [-0.95923201, -0.94422524, -0.93512453, ...,  0.        ,
         -0.03028176, -0.03811632],
        [-0.95023389, -0.93382042, -0.92396628, ...,  0.03028176,
          0.        , -0.00783908],
        [-0.94776252, -0.93098736, -0.92093964, ...,  0.03811632,
          0.00783908,  0.        ]]]), 'num': array([3.84130710e+07, 8.38710000e+04, 5.46000000e+02, 7.02000000e+04,
       7.10000000e+04, 6.89000000e+04, 1.10677000e+05, 2.00000000e+02,
       6.97800000e+04, 6.64450000e+04, 6.23350000e+04, 7.87878788e+01,
       7.23690105e+04, 6.05209895e+04])}
{'img': array([[[ 0.        , -0.29696925, -0.13211922, ...,  0.85472369,
          0.83116017,  0.7591971 ],
        [ 0.29696925,  0.        ,  0.16820704, ...,  0.66201281,
          0.62853936,  0.53166184],
        [ 0.13211922, -0.16820704,  0.        , ...,  0.77865016,
          0.75041143,  0.66655063],
        ...,
        [-0.85472369, -0.66201281, -0.77865016, ...,  0.        ,
          0.04381331,  0.16221964],
        [-0.83116017, -0.62853936, -0.75041143, ..., -0.04381331,
          0.        ,  0.11883088],
        [-0.7591971 , -0.53166184, -0.66655063, ..., -0.16221964,
         -0.11883088,  0.        ]],

       [[ 0.        ,  0.26970014, -0.30969757, ...,  0.56850876,
          0.29541957,  0.25824956],
        [-0.26970014,  0.        , -0.55466189, ...,  0.32556614,
          0.02680982, -0.01187149],
        [ 0.30969757,  0.55466189,  0.        , ...,  0.79533922,
          0.57677032,  0.54474483],
        ...,
        [-0.56850876, -0.32556614, -0.79533922, ...,  0.        ,
         -0.30009991, -0.33676792],
        [-0.29541957, -0.02680982, -0.57677032, ...,  0.30009991,
          0.        , -0.03867515],
        [-0.25824956,  0.01187149, -0.54474483, ...,  0.33676792,
          0.03867515,  0.        ]],

       [[ 0.        , -0.08579481, -0.17160165, ...,  0.93410186,
          0.89100332,  0.65540887],
        [ 0.08579481,  0.        , -0.08644676, ...,  0.90002836,
          0.84876747,  0.58819366],
        [ 0.17160165,  0.08644676,  0.        , ...,  0.85898287,
          0.79987995,  0.5160805 ],
        ...,
        [-0.93410186, -0.90002836, -0.85898287, ...,  0.        ,
          0.10598519,  0.47151781],
        [-0.89100332, -0.84876747, -0.79987995, ..., -0.10598519,
          0.        ,  0.37539835],
        [-0.65540887, -0.58819366, -0.5160805 , ..., -0.47151781,
         -0.37539835,  0.        ]],

       ...,

       [[ 0.        , -0.30386272, -0.28372674, ...,  0.75546574,
          0.96376956,  0.91543799],
        [ 0.30386272,  0.        ,  0.02106458, ...,  0.91883142,
          0.99924972,  0.99444456],
        [ 0.28372674, -0.02106458,  0.        , ...,  0.91031441,
          0.99984383,  0.99200662],
        ...,
        [-0.75546574, -0.91883142, -0.91031441, ...,  0.        ,
          0.4299403 ,  0.2957401 ],
        [-0.96376956, -0.99924972, -0.99984383, ..., -0.4299403 ,
          0.        , -0.14369728],
        [-0.91543799, -0.99444456, -0.99200662, ..., -0.2957401 ,
          0.14369728,  0.        ]],

       [[ 0.        , -0.01356587, -0.02747   , ...,  0.95441303,
          0.89608891,  0.6850498 ],
        [ 0.01356587,  0.        , -0.01390672, ...,  0.95027594,
          0.88998491,  0.67510408],
        [ 0.02747   ,  0.01390672,  0.        , ...,  0.94585337,
          0.88355752,  0.6647795 ],
        ...,
        [-0.95441303, -0.95027594, -0.94585337, ...,  0.        ,
          0.1561669 ,  0.49080638],
        [-0.89608891, -0.88998491, -0.88355752, ..., -0.1561669 ,
          0.        ,  0.34872119],
        [-0.6850498 , -0.67510408, -0.6647795 , ..., -0.49080638,
         -0.34872119,  0.        ]],

       [[ 0.        ,  0.02662033,  0.05746879, ...,  0.93382042,
          0.93098736,  0.92746894],
        [-0.02662033,  0.        ,  0.03087208, ...,  0.92396628,
          0.92093964,  0.91718691],
        [-0.05746879, -0.03087208,  0.        , ...,  0.91171809,
          0.90846966,  0.90444852],
        ...,
        [-0.93382042, -0.92396628, -0.91171809, ...,  0.        ,
         -0.00783908, -0.01736095],
        [-0.93098736, -0.92093964, -0.90846966, ...,  0.00783908,
          0.        , -0.00952252],
        [-0.92746894, -0.91718691, -0.90444852, ...,  0.01736095,
          0.00952252,  0.        ]]]), 'num': array([ 3.81946710e+07,  8.38710000e+04,  5.46000000e+02,  6.98000000e+04,
        7.11000000e+04,  6.91000000e+04,  1.01172000e+05, -4.00000000e+02,
        7.00400000e+04,  6.67200000e+04,  6.25516667e+04,  7.14285714e+01,
        7.27301913e+04,  6.07098087e+04])}
{'img': array([[[ 0.        ,  0.16820704, -0.07382046, ...,  0.62853936,
          0.53166184,  0.6905462 ],
        [-0.16820704,  0.        , -0.24051674, ...,  0.75041143,
          0.66655063,  0.80236926],
        [ 0.07382046,  0.24051674,  0.        , ...,  0.56940851,
          0.46768848,  0.6352686 ],
        ...,
        [-0.62853936, -0.75041143, -0.56940851, ...,  0.        ,
          0.11883088, -0.08247633],
        [-0.53166184, -0.66655063, -0.46768848, ..., -0.11883088,
          0.        , -0.20031797],
        [-0.6905462 , -0.80236926, -0.6352686 , ...,  0.08247633,
          0.20031797,  0.        ]],

       [[ 0.        , -0.55466189, -0.06084774, ...,  0.02680982,
         -0.01187149, -0.05671925],
        [ 0.55466189,  0.        ,  0.5030042 , ...,  0.57677032,
          0.54474483,  0.50657426],
        [ 0.06084774, -0.5030042 ,  0.        , ...,  0.08758602,
          0.04899397,  0.00413564],
        ...,
        [-0.02680982, -0.57677032, -0.08758602, ...,  0.        ,
         -0.03867515, -0.08346553],
        [ 0.01187149, -0.54474483, -0.04899397, ...,  0.03867515,
          0.        , -0.04486288],
        [ 0.05671925, -0.50657426, -0.00413564, ...,  0.08346553,
          0.04486288,  0.        ]],

       [[ 0.        , -0.08559927, -0.2393026 , ...,  0.88728248,
          0.77818312,  0.58344216],
        [ 0.08559927,  0.        , -0.15531209, ...,  0.8445452 ,
          0.72156737,  0.51178087],
        [ 0.2393026 ,  0.15531209,  0.        , ...,  0.75112985,
          0.60528205,  0.37213954],
        ...,
        [-0.88728248, -0.8445452 , -0.75112985, ...,  0.        ,
          0.19832803,  0.45151171],
        [-0.77818312, -0.72156737, -0.60528205, ..., -0.19832803,
          0.        ,  0.26558155],
        [-0.58344216, -0.51178087, -0.37213954, ..., -0.45151171,
         -0.26558155,  0.        ]],

       ...,

       [[ 0.        ,  0.02106458, -0.05393823, ...,  0.99924972,
          0.99444456,  0.89305877],
        [-0.02106458,  0.        , -0.07496018, ...,  0.99984383,
          0.99200662,  0.88338282],
        [ 0.05393823,  0.07496018,  0.        , ...,  0.99570607,
          0.99867455,  0.91602769],
        ...,
        [-0.99924972, -0.99984383, -0.99570607, ...,  0.        ,
         -0.14369728, -0.48419042],
        [-0.99444456, -0.99200662, -0.99867455, ...,  0.14369728,
          0.        , -0.35343559],
        [-0.89305877, -0.88338282, -0.91602769, ...,  0.48419042,
          0.35343559,  0.        ]],

       [[ 0.        , -0.0137192 ,  0.00258785, ...,  0.93251699,
          0.86201712,  0.6683301 ],
        [ 0.0137192 ,  0.        ,  0.01630676, ...,  0.92747486,
          0.85498201,  0.65806197],
        [-0.00258785, -0.01630676,  0.        , ...,  0.9334484 ,
          0.86332596,  0.67025287],
        ...,
        [-0.93251699, -0.92747486, -0.9334484 , ...,  0.        ,
          0.16137654,  0.45231513],
        [-0.86201712, -0.85498201, -0.86332596, ..., -0.16137654,
          0.        ,  0.30246161],
        [-0.6683301 , -0.65806197, -0.67025287, ..., -0.45231513,
         -0.30246161,  0.        ]],

       [[ 0.        ,  0.03087208, -0.00518146, ...,  0.92093964,
          0.91718691,  0.93815013],
        [-0.03087208,  0.        , -0.03605066, ...,  0.90846966,
          0.90444852,  0.92701415],
        [ 0.00518146,  0.03605066,  0.        , ...,  0.92294652,
          0.91923919,  0.93993151],
        ...,
        [-0.92093964, -0.90846966, -0.92294652, ...,  0.        ,
         -0.00952252,  0.04674626],
        [-0.91718691, -0.90444852, -0.91923919, ...,  0.00952252,
          0.        ,  0.05625625],
        [-0.93815013, -0.92701415, -0.93993151, ..., -0.04674626,
         -0.05625625,  0.        ]]]), 'num': array([ 3.79828360e+07,  1.68663600e+06,  5.23000000e+02,  6.94000000e+04,
        7.04000000e+04,  6.93000000e+04,  7.89110000e+04, -4.00000000e+02,
        6.98600000e+04,  6.70500000e+04,  6.27816667e+04,  7.54716981e+01,
        7.28852378e+04,  6.12147622e+04])}
{'img': array([[[ 0.        , -0.24051674, -0.20274016, ...,  0.66655063,
          0.80236926,  0.87121024],
        [ 0.24051674,  0.        ,  0.0387331 , ...,  0.46768848,
          0.6352686 ,  0.72756376],
        [ 0.20274016, -0.0387331 ,  0.        , ...,  0.50157345,
          0.66470512,  0.75359025],
        ...,
        [-0.66655063, -0.46768848, -0.50157345, ...,  0.        ,
         -0.20031797, -0.32223574],
        [-0.80236926, -0.6352686 , -0.66470512, ...,  0.20031797,
          0.        , -0.12607142],
        [-0.87121024, -0.72756376, -0.75359025, ...,  0.32223574,
          0.12607142,  0.        ]],

       [[ 0.        ,  0.5030042 ,  0.47955419, ...,  0.54474483,
          0.50657426,  0.39783883],
        [-0.5030042 ,  0.        , -0.02692135, ...,  0.04899397,
          0.00413564, -0.11763816],
        [-0.47955419,  0.02692135,  0.        , ...,  0.07586523,
          0.03105526, -0.09086109],
        ...,
        [-0.54474483, -0.04899397, -0.07586523, ...,  0.        ,
         -0.04486288, -0.16615066],
        [-0.50657426, -0.00413564, -0.03105526, ...,  0.04486288,
          0.        , -0.12174407],
        [-0.39783883,  0.11763816,  0.09086109, ...,  0.16615066,
          0.12174407,  0.        ]],

       [[ 0.        , -0.15531209, -0.22756486, ...,  0.72156737,
          0.51178087,  0.68943537],
        [ 0.15531209,  0.        , -0.07356631, ...,  0.60528205,
          0.37213954,  0.56856951],
        [ 0.22756486,  0.07356631,  0.        , ...,  0.54508233,
          0.30284862,  0.50651063],
        ...,
        [-0.72156737, -0.60528205, -0.54508233, ...,  0.        ,
          0.26558155,  0.0453387 ],
        [-0.51178087, -0.37213954, -0.30284862, ..., -0.26558155,
          0.        , -0.22159793],
        [-0.68943537, -0.56856951, -0.50651063, ..., -0.0453387 ,
          0.22159793,  0.        ]],

       ...,

       [[ 0.        , -0.07496018,  0.03572534, ...,  0.99200662,
          0.88338282,  0.95394573],
        [ 0.07496018,  0.        ,  0.11053715, ...,  0.99867455,
          0.91602769,  0.97374833],
        [-0.03572534, -0.11053715,  0.        , ...,  0.98686534,
          0.86607616,  0.94261992],
        ...,
        [-0.99200662, -0.99867455, -0.98686534, ...,  0.        ,
         -0.35343559, -0.17720696],
        [-0.88338282, -0.91602769, -0.86607616, ...,  0.35343559,
          0.        ,  0.18207216],
        [-0.95394573, -0.97374833, -0.94261992, ...,  0.17720696,
         -0.18207216,  0.        ]],

       [[ 0.        ,  0.01621376,  0.03022129, ...,  0.8822515 ,
          0.79217338,  0.65523791],
        [-0.01621376,  0.        ,  0.01401096, ...,  0.88976861,
          0.80196444,  0.66740002],
        [-0.03022129, -0.01401096,  0.        , ...,  0.89607604,
          0.81025547,  0.67776846],
        ...,
        [-0.8822515 , -0.88976861, -0.89607604, ...,  0.        ,
          0.16549655,  0.35800086],
        [-0.79217338, -0.80196444, -0.81025547, ..., -0.16549655,
          0.        ,  0.19853652],
        [-0.65523791, -0.66740002, -0.67776846, ..., -0.35800086,
         -0.19853652,  0.        ]],

       [[ 0.        , -0.03605066, -0.07932031, ...,  0.90444852,
          0.92701415,  0.97761409],
        [ 0.03605066,  0.        , -0.04333168, ...,  0.91923919,
          0.93993151,  0.98456388],
        [ 0.07932031,  0.04333168,  0.        , ...,  0.93543545,
          0.95384051,  0.99122327],
        ...,
        [-0.90444852, -0.91923919, -0.93543545, ...,  0.        ,
          0.05625625,  0.22673192],
        [-0.92701415, -0.93993151, -0.95384051, ..., -0.05625625,
          0.        ,  0.17158168],
        [-0.97761409, -0.98456388, -0.99122327, ..., -0.22673192,
         -0.17158168,  0.        ]]]), 'num': array([ 3.77167480e+07,  1.06194800e+06,  5.32000000e+02,  6.89000000e+04,
        6.97000000e+04,  6.80000000e+04,  8.72290000e+04, -5.00000000e+02,
        6.96600000e+04,  6.73050000e+04,  6.29933333e+04,  7.04761905e+01,
        7.29937521e+04,  6.16162479e+04])}
{'img': array([[[ 0.        ,  0.0387331 ,  0.1361806 , ...,  0.6352686 ,
          0.72756376,  0.80721901],
        [-0.0387331 ,  0.        ,  0.09770615, ...,  0.66470512,
          0.75359025,  0.82947556],
        [-0.1361806 , -0.09770615,  0.        , ...,  0.73452154,
          0.81421114,  0.88007986],
        ...,
        [-0.6352686 , -0.66470512, -0.73452154, ...,  0.        ,
         -0.12607142, -0.24843961],
        [-0.72756376, -0.75359025, -0.81421114, ...,  0.12607142,
          0.        , -0.1243386 ],
        [-0.80721901, -0.82947556, -0.88007986, ...,  0.24843961,
          0.1243386 ,  0.        ]],

       [[ 0.        , -0.02833609, -0.13596448, ...,  0.00433964,
         -0.12527849, -0.07267884],
        [ 0.02833609,  0.        , -0.10783692, ...,  0.03267373,
         -0.09711533, -0.0443885 ],
        [ 0.13596448,  0.10783692,  0.        , ...,  0.14026254,
          0.01077818,  0.06360098],
        ...,
        [-0.00433964, -0.03267373, -0.14026254, ...,  0.        ,
         -0.12958276, -0.07700632],
        [ 0.12527849,  0.09711533, -0.01077818, ...,  0.12958276,
          0.        ,  0.05284092],
        [ 0.07267884,  0.0443885 , -0.06360098, ...,  0.07700632,
         -0.05284092,  0.        ]],

       [[ 0.        , -0.07356631, -0.18329542, ...,  0.37213954,
          0.56856951,  0.64935924],
        [ 0.07356631,  0.        , -0.11047881, ...,  0.30284862,
          0.50651063,  0.59165385],
        [ 0.18329542,  0.11047881,  0.        , ...,  0.19570415,
          0.40815146,  0.49896489],
        ...,
        [-0.37213954, -0.30284862, -0.19570415, ...,  0.        ,
         -0.22159793, -0.31971484],
        [-0.56856951, -0.50651063, -0.40815146, ...,  0.22159793,
          0.        , -0.10179902],
        [-0.64935924, -0.59165385, -0.49896489, ...,  0.31971484,
          0.10179902,  0.        ]],

       ...,

       [[ 0.        ,  0.11053715, -0.83384914, ...,  0.91602769,
          0.97374833,  0.89932282],
        [-0.11053715,  0.        , -0.88975497, ...,  0.86607616,
          0.94261992,  0.84547549],
        [ 0.83384914,  0.88975497,  0.        , ...,  0.84010975,
          0.72730853,  0.86104937],
        ...,
        [-0.91602769, -0.86607616, -0.84010975, ...,  0.        ,
          0.18207216, -0.03983358],
        [-0.97374833, -0.94261992, -0.72730853, ..., -0.18207216,
          0.        , -0.22109542],
        [-0.89932282, -0.84547549, -0.86104937, ...,  0.03983358,
          0.22109542,  0.        ]],

       [[ 0.        ,  0.0139552 ,  0.01964296, ...,  0.83494937,
          0.77996017,  0.66542405],
        [-0.0139552 ,  0.        ,  0.00568854, ...,  0.84254798,
          0.78861779,  0.67577633],
        [-0.01964296, -0.00568854,  0.        , ...,  0.84559832,
          0.79210282,  0.67995846],
        ...,
        [-0.83494937, -0.84254798, -0.84559832, ...,  0.        ,
          0.0933027 ,  0.25706028],
        [-0.77996017, -0.78861779, -0.79210282, ..., -0.0933027 ,
          0.        ,  0.16577164],
        [-0.66542405, -0.67577633, -0.67995846, ..., -0.25706028,
         -0.16577164,  0.        ]],

       [[ 0.        , -0.04333168, -0.0752463 , ...,  0.93993151,
          0.98456388,  0.99997763],
        [ 0.04333168,  0.        , -0.03196679, ...,  0.95384051,
          0.99122327,  0.99874858],
        [ 0.0752463 ,  0.03196679,  0.        , ...,  0.96295309,
          0.99494265,  0.9966394 ],
        ...,
        [-0.93993151, -0.95384051, -0.96295309, ...,  0.        ,
          0.17158168,  0.34764203],
        [-0.98456388, -0.99122327, -0.99494265, ..., -0.17158168,
          0.        ,  0.18160679],
        [-0.99997763, -0.99874858, -0.9966394 , ..., -0.34764203,
         -0.18160679,  0.        ]]]), 'num': array([3.77704900e+07, 6.48490000e+05, 5.38000000e+02, 6.90000000e+04,
       6.96000000e+04, 6.84000000e+04, 7.24730000e+04, 1.00000000e+02,
       6.94600000e+04, 6.76300000e+04, 6.32200000e+04, 5.44117647e+01,
       7.29117043e+04, 6.23482957e+04])}
{'img': array([[[ 0.        ,  0.09770615,  0.09770615, ...,  0.75359025,
          0.82947556,  0.81638361],
        [-0.09770615,  0.        ,  0.        , ...,  0.81421114,
          0.88007986,  0.86890375],
        [-0.09770615,  0.        ,  0.        , ...,  0.81421114,
          0.88007986,  0.86890375],
        ...,
        [-0.75359025, -0.81421114, -0.81421114, ...,  0.        ,
         -0.1243386 , -0.10143935],
        [-0.82947556, -0.88007986, -0.88007986, ...,  0.1243386 ,
          0.        ,  0.02304507],
        [-0.81638361, -0.86890375, -0.86890375, ...,  0.10143935,
         -0.02304507,  0.        ]],

       [[ 0.        , -0.10783692, -0.45718161, ..., -0.09711533,
         -0.0443885 , -0.1431246 ],
        [ 0.10783692,  0.        , -0.35860831, ...,  0.01077818,
          0.06360098, -0.03556327],
        [ 0.45718161,  0.35860831,  0.        , ...,  0.36864878,
          0.41725303,  0.32518357],
        ...,
        [ 0.09711533, -0.01077818, -0.36864878, ...,  0.        ,
          0.05284092, -0.04633257],
        [ 0.0443885 , -0.06360098, -0.41725303, ..., -0.05284092,
          0.        , -0.09905202],
        [ 0.1431246 ,  0.03556327, -0.32518357, ...,  0.04633257,
          0.09905202,  0.        ]],

       [[ 0.        , -0.11047881, -0.08412783, ...,  0.50651063,
          0.59165385,  0.65234772],
        [ 0.11047881,  0.        ,  0.02647432, ...,  0.40815146,
          0.49896489,  0.56462029],
        [ 0.08412783, -0.02647432,  0.        , ...,  0.43217718,
          0.52173323,  0.58627298],
        ...,
        [-0.50651063, -0.40815146, -0.43217718, ...,  0.        ,
         -0.10179902, -0.17858176],
        [-0.59165385, -0.49896489, -0.52173323, ...,  0.10179902,
          0.        , -0.07749141],
        [-0.65234772, -0.56462029, -0.58627298, ...,  0.17858176,
          0.07749141,  0.        ]],

       ...,

       [[ 0.        , -0.88975497, -0.62931704, ...,  0.94261992,
          0.84547549,  0.39928539],
        [ 0.88975497,  0.        ,  0.40422738, ...,  0.72730853,
          0.86104937,  0.99800032],
        [ 0.62931704, -0.40422738,  0.        , ...,  0.9426645 ,
          0.99312441,  0.88727877],
        ...,
        [-0.94261992, -0.72730853, -0.9426645 , ...,  0.        ,
         -0.22109542, -0.73091057],
        [-0.84547549, -0.86104937, -0.99312441, ...,  0.22109542,
          0.        , -0.56193042],
        [-0.39928539, -0.99800032, -0.88727877, ...,  0.73091057,
          0.56193042,  0.        ]],

       [[ 0.        ,  0.00568854,  0.01027915, ...,  0.78861779,
          0.67577633,  0.77504747],
        [-0.00568854,  0.        ,  0.00459075, ...,  0.79210282,
          0.67995846,  0.77862953],
        [-0.01027915, -0.00459075,  0.        , ...,  0.79489661,
          0.68331746,  0.78150195],
        ...,
        [-0.78861779, -0.79210282, -0.79489661, ...,  0.        ,
          0.16577164,  0.0217659 ],
        [-0.67577633, -0.67995846, -0.68331746, ..., -0.16577164,
          0.        , -0.14426762],
        [-0.77504747, -0.77862953, -0.78150195, ..., -0.0217659 ,
          0.14426762,  0.        ]],

       [[ 0.        , -0.03111168, -0.05914829, ...,  0.97381531,
          0.9958319 ,  0.89885361],
        [ 0.03111168,  0.        , -0.02806245, ...,  0.98041685,
          0.99818745,  0.88478382],
        [ 0.05914829,  0.02806245,  0.        , ...,  0.98555717,
          0.99948318,  0.87135822],
        ...,
        [-0.97381531, -0.98041685, -0.98555717, ...,  0.        ,
          0.13757359,  0.63111949],
        [-0.9958319 , -0.99818745, -0.99948318, ..., -0.13757359,
          0.        ,  0.51840466],
        [-0.89885361, -0.88478382, -0.87135822, ..., -0.63111949,
         -0.51840466,  0.        ]]]), 'num': array([ 3.70658510e+07,  3.72451000e+05,  5.42000000e+02,  6.77000000e+04,
        6.87000000e+04,  6.69000000e+04,  1.26620000e+05, -1.30000000e+03,
        6.89600000e+04,  6.79700000e+04,  6.34233333e+04,  4.50000000e+01,
        7.22567703e+04,  6.36832297e+04])}
{'img': array([[[ 0.        ,  0.        , -0.17945497, ...,  0.88007986,
          0.86890375,  0.96649762],
        [ 0.        ,  0.        , -0.17945497, ...,  0.88007986,
          0.86890375,  0.96649762],
        [ 0.17945497,  0.17945497,  0.        , ...,  0.78058298,
          0.76597131,  0.90474597],
        ...,
        [-0.88007986, -0.88007986, -0.78058298, ...,  0.        ,
          0.02304507, -0.23302289],
        [-0.86890375, -0.86890375, -0.76597131, ..., -0.02304507,
          0.        , -0.25537167],
        [-0.96649762, -0.96649762, -0.90474597, ...,  0.23302289,
          0.25537167,  0.        ]],

       [[ 0.        , -0.35860831,  0.13184186, ...,  0.06360098,
         -0.03556327,  0.25630714],
        [ 0.35860831,  0.        ,  0.47855074, ...,  0.41725303,
          0.32518357,  0.58588881],
        [-0.13184186, -0.47855074,  0.        , ..., -0.06852914,
         -0.16701129,  0.12663204],
        ...,
        [-0.06360098, -0.41725303,  0.06852914, ...,  0.        ,
         -0.09905202,  0.19431181],
        [ 0.03556327, -0.32518357,  0.16701129, ...,  0.09905202,
          0.        ,  0.2905203 ],
        [-0.25630714, -0.58588881, -0.12663204, ..., -0.19431181,
         -0.2905203 ,  0.        ]],

       [[ 0.        ,  0.02647432, -0.19570415, ...,  0.49896489,
          0.56462029,  0.68179333],
        [-0.02647432,  0.        , -0.22159793, ...,  0.52173323,
          0.58627298,  0.70092151],
        [ 0.19570415,  0.22159793,  0.        , ...,  0.31971484,
          0.39217764,  0.52544312],
        ...,
        [-0.49896489, -0.52173323, -0.31971484, ...,  0.        ,
         -0.07749141, -0.22584205],
        [-0.56462029, -0.58627298, -0.39217764, ...,  0.07749141,
          0.        , -0.14967361],
        [-0.68179333, -0.70092151, -0.52544312, ...,  0.22584205,
          0.14967361,  0.        ]],

       ...,

       [[ 0.        ,  0.40422738,  0.5592542 , ...,  0.86104937,
          0.99800032,  0.9173108 ],
        [-0.40422738,  0.        ,  0.17642365, ...,  0.99312441,
          0.88727877,  0.67807414],
        [-0.5592542 , -0.17642365,  0.        , ...,  0.99819939,
          0.7919887 ,  0.53776785],
        ...,
        [-0.86104937, -0.99312441, -0.99819939, ...,  0.        ,
         -0.56193042, -0.80931785],
        [-0.99800032, -0.88727877, -0.7919887 , ...,  0.56193042,
          0.        , -0.33939359],
        [-0.9173108 , -0.67807414, -0.53776785, ...,  0.80931785,
          0.33939359,  0.        ]],

       [[ 0.        ,  0.00459075,  0.00873434, ...,  0.67995846,
          0.77862953,  0.9263816 ],
        [-0.00459075,  0.        ,  0.00414367, ...,  0.68331746,
          0.78150195,  0.92810065],
        [-0.00873434, -0.00414367,  0.        , ...,  0.68633698,
          0.78408049,  0.92963549],
        ...,
        [-0.67995846, -0.68331746, -0.68633698, ...,  0.        ,
         -0.14426762, -0.42320695],
        [-0.77862953, -0.78150195, -0.78408049, ...,  0.14426762,
          0.        , -0.28806843],
        [-0.9263816 , -0.92810065, -0.92963549, ...,  0.42320695,
          0.28806843,  0.        ]],

       [[ 0.        , -0.02584839, -0.07521951, ...,  0.94879445,
          0.99013459,  0.84905445],
        [ 0.02584839,  0.        , -0.04941921, ...,  0.95664279,
          0.99342563,  0.83511492],
        [ 0.07521951,  0.04941921,  0.        , ...,  0.96986792,
          0.99786926,  0.80691021],
        ...,
        [-0.94879445, -0.95664279, -0.96986792, ...,  0.        ,
          0.17983301,  0.76946448],
        [-0.99013459, -0.99342563, -0.99786926, ..., -0.17983301,
          0.        ,  0.64206254],
        [-0.84905445, -0.83511492, -0.80691021, ..., -0.76946448,
         -0.64206254,  0.        ]]]), 'num': array([3.71848710e+07, 2.20684710e+07, 2.21000000e+02, 6.84000000e+04,
       6.90000000e+04, 6.63000000e+04, 1.11419000e+05, 7.00000000e+02,
       6.86800000e+04, 6.82600000e+04, 6.36333333e+04, 4.88372093e+01,
       7.17685040e+04, 6.47514960e+04])}
{'img': array([[[ 0.        , -0.17945497,  0.02854164, ...,  0.86890375,
          0.96649762,  0.92524171],
        [ 0.17945497,  0.        ,  0.20746017, ...,  0.76597131,
          0.90474597,  0.84214022],
        [-0.02854164, -0.20746017,  0.        , ...,  0.88267733,
          0.97342981,  0.93569285],
        ...,
        [-0.86890375, -0.76597131, -0.88267733, ...,  0.        ,
         -0.25537167, -0.12833406],
        [-0.96649762, -0.90474597, -0.97342981, ...,  0.25537167,
          0.        ,  0.12918112],
        [-0.92524171, -0.84214022, -0.93569285, ...,  0.12833406,
         -0.12918112,  0.        ]],

       [[ 0.        ,  0.47855074,  0.25008889, ...,  0.32518357,
          0.58588881,  0.52941399],
        [-0.47855074,  0.        , -0.24375076, ..., -0.16701129,
          0.12663204,  0.05887215],
        [-0.25008889,  0.24375076,  0.        , ...,  0.07835339,
          0.36460106,  0.30042442],
        ...,
        [-0.32518357,  0.16701129, -0.07835339, ...,  0.        ,
          0.2905203 ,  0.22476691],
        [-0.58588881, -0.12663204, -0.36460106, ..., -0.2905203 ,
          0.        , -0.06801418],
        [-0.52941399, -0.05887215, -0.30042442, ..., -0.22476691,
          0.06801418,  0.        ]],

       [[ 0.        , -0.22159793, -0.05702436, ...,  0.58627298,
          0.70092151,  0.74890849],
        [ 0.22159793,  0.        ,  0.16563072, ...,  0.39217764,
          0.52544312,  0.58344216],
        [ 0.05702436, -0.16563072,  0.        , ...,  0.53912278,
          0.65910899,  0.70990133],
        ...,
        [-0.58627298, -0.39217764, -0.53912278, ...,  0.        ,
         -0.14967361, -0.2181934 ],
        [-0.70092151, -0.52544312, -0.65910899, ...,  0.14967361,
          0.        , -0.06966825],
        [-0.74890849, -0.58344216, -0.70990133, ...,  0.2181934 ,
          0.06966825,  0.        ]],

       ...,

       [[ 0.        ,  0.41346613,  0.80238643, ...,  0.99386512,
          0.88766374,  0.94814453],
        [-0.41346613,  0.        ,  0.4838299 , ...,  0.85920467,
          0.6178372 ,  0.73188821],
        [-0.80238643, -0.4838299 ,  0.        , ...,  0.50440045,
          0.16026929,  0.31082714],
        ...,
        [-0.99386512, -0.85920467, -0.50440045, ...,  0.        ,
         -0.35949253, -0.21102585],
        [-0.88766374, -0.6178372 , -0.16026929, ...,  0.35949253,
          0.        ,  0.15447859],
        [-0.94814453, -0.73188821, -0.31082714, ...,  0.21102585,
         -0.15447859,  0.        ]],

       [[ 0.        ,  0.00414367, -0.01260059, ...,  0.78150195,
          0.92810065,  0.96841886],
        [-0.00414367,  0.        , -0.01674382, ...,  0.78408049,
          0.92963549,  0.96944368],
        [ 0.01260059,  0.01674382,  0.        , ...,  0.77357836,
          0.92333539,  0.96520029],
        ...,
        [-0.78150195, -0.78408049, -0.77357836, ...,  0.        ,
         -0.28806843, -0.4093482 ],
        [-0.92810065, -0.92963549, -0.92333539, ...,  0.28806843,
          0.        , -0.12916849],
        [-0.96841886, -0.96944368, -0.96520029, ...,  0.4093482 ,
          0.12916849,  0.        ]],

       [[ 0.        , -0.04672158, -0.06957434, ...,  0.96154875,
          0.99934854,  0.80849985],
        [ 0.04672158,  0.        , -0.02289   , ...,  0.97333004,
          0.99657103,  0.78012146],
        [ 0.06957434,  0.02289   ,  0.        , ...,  0.9783262 ,
          0.99441596,  0.76559643],
        ...,
        [-0.96154875, -0.97333004, -0.9783262 , ...,  0.        ,
          0.30915765,  0.78790974],
        [-0.99934854, -0.99657103, -0.99441596, ..., -0.30915765,
          0.        ,  0.55893426],
        [-0.80849985, -0.78012146, -0.76559643, ..., -0.78790974,
         -0.55893426,  0.        ]]]), 'num': array([ 3.68841850e+07,  1.16017850e+07,  3.74000000e+02,  6.76000000e+04,
        6.99000000e+04,  6.69000000e+04,  9.23140000e+04, -8.00000000e+02,
        6.83200000e+04,  6.83900000e+04,  6.38300000e+04,  4.77272727e+01,
        7.15843074e+04,  6.51956926e+04])}
{'img': array([[[ 0.        ,  0.20746017,  0.30562241, ...,  0.90474597,
          0.84214022,  0.9119678 ],
        [-0.20746017,  0.        ,  0.10143935, ...,  0.97342981,
          0.93569285,  0.97723952],
        [-0.30562241, -0.10143935,  0.        , ...,  0.99163674,
          0.96665568,  0.99371788],
        ...,
        [-0.90474597, -0.97342981, -0.99163674, ...,  0.        ,
          0.12918112, -0.01727141],
        [-0.84214022, -0.93569285, -0.96665568, ..., -0.12918112,
          0.        , -0.14628854],
        [-0.9119678 , -0.97723952, -0.99371788, ...,  0.01727141,
          0.14628854,  0.        ]],

       [[ 0.        , -0.41814275, -0.1455351 , ...,  0.14232765,
          0.06724832, -0.04612272],
        [ 0.41814275,  0.        ,  0.28148946, ...,  0.54317367,
          0.47828331,  0.37580074],
        [ 0.1455351 , -0.28148946,  0.        , ...,  0.28486579,
          0.21173798,  0.09974856],
        ...,
        [-0.14232765, -0.54317367, -0.28486579, ...,  0.        ,
         -0.07544175, -0.18782936],
        [-0.06724832, -0.47828331, -0.21173798, ...,  0.07544175,
          0.        , -0.11319507],
        [ 0.04612272, -0.37580074, -0.09974856, ...,  0.18782936,
          0.11319507,  0.        ]],

       [[ 0.        ,  0.16563072,  0.26558155, ...,  0.52544312,
          0.58344216,  0.6470696 ],
        [-0.16563072,  0.        ,  0.10223065, ...,  0.65910899,
          0.70990133,  0.76441415],
        [-0.26558155, -0.10223065,  0.        , ...,  0.73253803,
          0.77818312,  0.82631988],
        ...,
        [-0.52544312, -0.65910899, -0.73253803, ...,  0.        ,
         -0.06966825, -0.14993131],
        [-0.58344216, -0.70990133, -0.77818312, ...,  0.06966825,
          0.        , -0.08068626],
        [-0.6470696 , -0.76441415, -0.82631988, ...,  0.14993131,
          0.08068626,  0.        ]],

       ...,

       [[ 0.        ,  0.74092091,  0.6419774 , ...,  0.84868702,
          0.92516654,  0.90624299],
        [-0.74092091,  0.        , -0.13693445, ...,  0.17810201,
          0.34010973,  0.29539616],
        [-0.6419774 ,  0.13693445,  0.        , ...,  0.31116945,
          0.46567713,  0.42343729],
        ...,
        [-0.84868702, -0.17810201, -0.31116945, ...,  0.        ,
          0.16718746,  0.12051919],
        [-0.92516654, -0.34010973, -0.46567713, ..., -0.16718746,
          0.        , -0.04714594],
        [-0.90624299, -0.29539616, -0.42343729, ..., -0.12051919,
          0.04714594,  0.        ]],

       [[ 0.        , -0.01674382, -0.03050035, ...,  0.92963549,
          0.96944368,  0.97896283],
        [ 0.01674382,  0.        , -0.01376004, ...,  0.92333539,
          0.96520029,  0.9754092 ],
        [ 0.03050035,  0.01376004,  0.        , ...,  0.9179642 ,
          0.96151049,  0.97228412],
        ...,
        [-0.92963549, -0.92333539, -0.9179642 , ...,  0.        ,
         -0.12916849, -0.17104708],
        [-0.96944368, -0.96520029, -0.96151049, ...,  0.12916849,
          0.        , -0.04234924],
        [-0.97896283, -0.9754092 , -0.97228412, ...,  0.17104708,
          0.04234924,  0.        ]],

       [[ 0.        , -0.02240845, -0.03428322, ...,  0.9999878 ,
          0.94923521,  0.76965055],
        [ 0.02240845,  0.        , -0.01187933, ...,  0.99984738,
          0.94194789,  0.75515027],
        [ 0.03428322,  0.01187933,  0.        , ...,  0.99956928,
          0.93789283,  0.74730946],
        ...,
        [-0.9999878 , -0.99984738, -0.99956928, ...,  0.        ,
          0.31925133,  0.64225865],
        [-0.94923521, -0.94194789, -0.93789283, ..., -0.31925133,
          0.        ,  0.36394701],
        [-0.76965055, -0.75515027, -0.74730946, ..., -0.64225865,
         -0.36394701,  0.        ]]]), 'num': array([3.70630660e+07, 6.53106600e+06, 4.49000000e+02, 6.80000000e+04,
       6.89000000e+04, 6.67000000e+04, 6.31170000e+04, 4.00000000e+02,
       6.81400000e+04, 6.85900000e+04, 6.40416667e+04, 4.77272727e+01,
       7.10839126e+04, 6.60960874e+04])}
{'img': array([[[ 0.        ,  0.10143935, -0.05879968, ...,  0.93569285,
          0.97723952,  0.95979499],
        [-0.10143935,  0.        , -0.15976021, ...,  0.96665568,
          0.99371788,  0.98331833],
        [ 0.05879968,  0.15976021,  0.        , ...,  0.91332847,
          0.963075  ,  0.94162917],
        ...,
        [-0.93569285, -0.96665568, -0.91332847, ...,  0.        ,
         -0.14628854, -0.07597992],
        [-0.97723952, -0.99371788, -0.963075  , ...,  0.14628854,
          0.        ,  0.07070314],
        [-0.95979499, -0.98331833, -0.94162917, ...,  0.07597992,
         -0.07070314,  0.        ]],

       [[ 0.        ,  0.24532852,  0.25031084, ...,  0.44393981,
          0.34011266, -0.04028915],
        [-0.24532852,  0.        ,  0.00514272, ...,  0.21054477,
          0.09901563, -0.28418725],
        [-0.25031084, -0.00514272,  0.        , ...,  0.20551454,
          0.09389687, -0.28911417],
        ...,
        [-0.44393981, -0.21054477, -0.20551454, ...,  0.        ,
         -0.11271401, -0.47968072],
        [-0.34011266, -0.09901563, -0.09389687, ...,  0.11271401,
          0.        , -0.37772381],
        [ 0.04028915,  0.28418725,  0.28911417, ...,  0.47968072,
          0.37772381,  0.        ]],

       [[ 0.        ,  0.20978812,  0.19637677, ...,  0.58525624,
          0.64901119,  0.67725965],
        [-0.20978812,  0.        , -0.01369646, ...,  0.74233883,
          0.79417103,  0.81653888],
        [-0.19637677,  0.01369646,  0.        , ...,  0.73309223,
          0.78577328,  0.80855545],
        ...,
        [-0.58525624, -0.74233883, -0.73309223, ...,  0.        ,
         -0.08099911, -0.11855608],
        [-0.64901119, -0.79417103, -0.78577328, ...,  0.08099911,
          0.        , -0.03773868],
        [-0.67725965, -0.81653888, -0.80855545, ...,  0.11855608,
          0.03773868,  0.        ]],

       ...,

       [[ 0.        , -0.164294  , -0.24821038, ...,  0.37569423,
          0.32804776,  0.32804776],
        [ 0.164294  ,  0.        , -0.08568495, ...,  0.5228475 ,
          0.47879221,  0.47879221],
        [ 0.24821038,  0.08568495,  0.        , ...,  0.59396471,
          0.55225658,  0.55225658],
        ...,
        [-0.37569423, -0.5228475 , -0.59396471, ...,  0.        ,
         -0.05088755, -0.05088755],
        [-0.32804776, -0.47879221, -0.55225658, ...,  0.05088755,
          0.        ,  0.        ],
        [-0.32804776, -0.47879221, -0.55225658, ...,  0.05088755,
          0.        ,  0.        ]],

       [[ 0.        , -0.01376004, -0.01675849, ...,  0.96520029,
          0.9754092 ,  0.9930184 ],
        [ 0.01376004,  0.        , -0.0029988 , ...,  0.96151049,
          0.97228412,  0.99130126],
        [ 0.01675849,  0.0029988 ,  0.        , ...,  0.9606822 ,
          0.97157862,  0.99090212],
        ...,
        [-0.96520029, -0.96151049, -0.9606822 , ...,  0.        ,
         -0.04234924, -0.14583139],
        [-0.9754092 , -0.97228412, -0.97157862, ...,  0.04234924,
          0.        , -0.10380405],
        [-0.9930184 , -0.99130126, -0.99090212, ...,  0.14583139,
          0.10380405,  0.        ]],

       [[ 0.        , -0.01141116, -0.03436351, ...,  0.99380739,
          0.97380274,  0.73511974],
        [ 0.01141116,  0.        , -0.02295685, ...,  0.99247471,
          0.9711445 ,  0.72733582],
        [ 0.03436351,  0.02295685,  0.        , ...,  0.98940209,
          0.96541354,  0.71138927],
        ...,
        [-0.99380739, -0.99247471, -0.98940209, ...,  0.        ,
          0.11778071,  0.59205516],
        [-0.97380274, -0.9711445 , -0.96541354, ..., -0.11778071,
          0.        ,  0.49301506],
        [-0.73511974, -0.72733582, -0.71138927, ..., -0.59205516,
         -0.49301506,  0.        ]]]), 'num': array([3.72178000e+07, 1.83840000e+06, 5.18000000e+02, 6.83000000e+04,
       6.92000000e+04, 6.73000000e+04, 1.17410000e+05, 3.00000000e+02,
       6.80000000e+04, 6.87750000e+04, 6.42483333e+04, 5.42168675e+01,
       7.04824835e+04, 6.70675165e+04])}
{'img': array([[[ 0.        , -0.15976021, -0.0486427 , ...,  0.99371788,
          0.98331833,  0.97148905],
        [ 0.15976021,  0.        ,  0.11155316, ...,  0.963075  ,
          0.94162917,  0.92113445],
        [ 0.0486427 , -0.11155316,  0.        , ...,  0.98709776,
          0.97330655,  0.95880662],
        ...,
        [-0.99371788, -0.963075  , -0.98709776, ...,  0.        ,
          0.07070314,  0.12687169],
        [-0.98331833, -0.94162917, -0.97330655, ..., -0.07070314,
          0.        ,  0.05642238],
        [-0.97148905, -0.92113445, -0.95880662, ..., -0.12687169,
         -0.05642238,  0.        ]],

       [[ 0.        ,  0.00514272, -0.17870658, ...,  0.09901563,
         -0.28418725,  0.24057467],
        [-0.00514272,  0.        , -0.18376415, ...,  0.09389687,
         -0.28911417,  0.2355798 ],
        [ 0.17870658,  0.18376415,  0.        , ...,  0.27525011,
         -0.10827423,  0.41016008],
        ...,
        [-0.09901563, -0.09389687, -0.27525011, ...,  0.        ,
         -0.37772381,  0.14328486],
        [ 0.28418725,  0.28911417,  0.10827423, ...,  0.37772381,
          0.        ,  0.50649633],
        [-0.24057467, -0.2355798 , -0.41016008, ..., -0.14328486,
         -0.50649633,  0.        ]],

       [[ 0.        , -0.07490051,  0.05491567, ...,  0.70673382,
          0.73307391,  0.75214447],
        [ 0.07490051,  0.        ,  0.12954891, ...,  0.65175804,
          0.6800712 ,  0.70067239],
        [-0.05491567, -0.12954891,  0.        , ...,  0.74451908,
          0.76931854,  0.78719881],
        ...,
        [-0.70673382, -0.65175804, -0.74451908, ...,  0.        ,
         -0.0379505 , -0.06639046],
        [-0.73307391, -0.6800712 , -0.76931854, ...,  0.0379505 ,
          0.        , -0.02847587],
        [-0.75214447, -0.70067239, -0.78719881, ...,  0.06639046,
          0.02847587,  0.        ]],

       ...,

       [[ 0.        , -0.08568495, -0.08568495, ...,  0.47879221,
          0.47879221,  0.70514883],
        [ 0.08568495,  0.        ,  0.        , ...,  0.55225658,
          0.55225658,  0.7633112 ],
        [ 0.08568495,  0.        ,  0.        , ...,  0.55225658,
          0.55225658,  0.7633112 ],
        ...,
        [-0.47879221, -0.55225658, -0.55225658, ...,  0.        ,
          0.        ,  0.279578  ],
        [-0.47879221, -0.55225658, -0.55225658, ...,  0.        ,
          0.        ,  0.279578  ],
        [-0.70514883, -0.7633112 , -0.7633112 , ..., -0.279578  ,
         -0.279578  ,  0.        ]],

       [[ 0.        , -0.0029988 , -0.11803213, ...,  0.97228412,
          0.99130126,  0.9997675 ],
        [ 0.0029988 ,  0.        , -0.11505376, ...,  0.97157862,
          0.99090212,  0.99969834],
        [ 0.11803213,  0.11505376,  0.        , ...,  0.93789143,
          0.96883735,  0.99023381],
        ...,
        [-0.97228412, -0.97157862, -0.93789143, ...,  0.        ,
         -0.10380405, -0.21278307],
        [-0.99130126, -0.99090212, -0.96883735, ...,  0.10380405,
          0.        , -0.11020668],
        [-0.9997675 , -0.99969834, -0.99023381, ...,  0.21278307,
          0.11020668,  0.        ]],

       [[ 0.        , -0.02206226,  0.01580407, ...,  0.99828938,
          0.96448559,  0.70737611],
        [ 0.02206226,  0.        ,  0.03785973, ...,  0.9967565 ,
          0.95842341,  0.69160951],
        [-0.01580407, -0.03785973,  0.        , ...,  0.99908871,
          0.96853955,  0.71845867],
        ...,
        [-0.99828938, -0.9967565 , -0.99908871, ...,  0.        ,
          0.20729373,  0.66427056],
        [-0.96448559, -0.95842341, -0.96853955, ..., -0.20729373,
          0.        ,  0.49489132],
        [-0.70737611, -0.69160951, -0.71845867, ..., -0.66427056,
         -0.49489132,  0.        ]]]), 'num': array([ 3.62401580e+07,  1.30658000e+05,  5.43000000e+02,  6.65000000e+04,
        6.76000000e+04,  6.53000000e+04,  1.10062000e+05, -1.80000000e+03,
        6.77600000e+04,  6.86800000e+04,  6.44183333e+04,  3.91304348e+01,
        7.06513954e+04,  6.67086046e+04])}
{'img': array([[[ 0.        ,  0.11155316,  0.26585221, ...,  0.94162917,
          0.92113445,  0.99537128],
        [-0.11155316,  0.        ,  0.1566541 , ...,  0.97330655,
          0.95880662,  0.99987936],
        [-0.26585221, -0.1566541 ,  0.        , ...,  0.99724317,
          0.99146784,  0.98510115],
        ...,
        [-0.94162917, -0.97330655, -0.99724317, ...,  0.        ,
          0.05642238, -0.24459914],
        [-0.92113445, -0.95880662, -0.99146784, ..., -0.05642238,
          0.        , -0.298918  ],
        [-0.99537128, -0.99987936, -0.98510115, ...,  0.24459914,
          0.298918  ,  0.        ]],

       [[ 0.        , -0.18376415,  0.26956472, ..., -0.28911417,
          0.2355798 ,  0.19843772],
        [ 0.18376415,  0.        ,  0.44193575, ..., -0.10827423,
          0.41016008,  0.37516812],
        [-0.26956472, -0.44193575,  0.        , ..., -0.53646468,
         -0.03511865, -0.07311202],
        ...,
        [ 0.28911417,  0.10827423,  0.53646468, ...,  0.        ,
          0.50649633,  0.47332806],
        [-0.2355798 , -0.41016008,  0.03511865, ..., -0.50649633,
          0.        , -0.03804226],
        [-0.19843772, -0.37516812,  0.07311202, ..., -0.47332806,
          0.03804226,  0.        ]],

       [[ 0.        ,  0.12954891,  0.31395398, ...,  0.6800712 ,
          0.70067239,  0.73342046],
        [-0.12954891,  0.        ,  0.18830962, ...,  0.76931854,
          0.78719881,  0.81530409],
        [-0.31395398, -0.18830962,  0.        , ...,  0.87585971,
          0.88924601,  0.90975555],
        ...,
        [-0.6800712 , -0.76931854, -0.87585971, ...,  0.        ,
         -0.02847587, -0.07540873],
        [-0.70067239, -0.78719881, -0.88924601, ...,  0.02847587,
          0.        , -0.04698336],
        [-0.73342046, -0.81530409, -0.90975555, ...,  0.07540873,
          0.04698336,  0.        ]],

       ...,

       [[ 0.        ,  0.        ,  0.35130051, ...,  0.55225658,
          0.7633112 ,  0.10370175],
        [ 0.        ,  0.        ,  0.35130051, ...,  0.55225658,
          0.7633112 ,  0.10370175],
        [-0.35130051, -0.35130051,  0.        , ...,  0.22418709,
          0.48770884, -0.25231437],
        ...,
        [-0.55225658, -0.55225658, -0.22418709, ...,  0.        ,
          0.279578  , -0.46282558],
        [-0.7633112 , -0.7633112 , -0.48770884, ..., -0.279578  ,
          0.        , -0.69220122],
        [-0.10370175, -0.10370175,  0.25231437, ...,  0.46282558,
          0.69220122,  0.        ]],

       [[ 0.        , -0.11505376, -0.21340001, ...,  0.99090212,
          0.99969834,  0.9985237 ],
        [ 0.11505376,  0.        , -0.09957939, ...,  0.96883735,
          0.99023381,  0.98564331],
        [ 0.21340001,  0.09957939,  0.        , ...,  0.93935627,
          0.97142895,  0.96393122],
        ...,
        [-0.99090212, -0.96883735, -0.93935627, ...,  0.        ,
         -0.11020668, -0.08056227],
        [-0.99969834, -0.99023381, -0.97142895, ...,  0.11020668,
          0.        ,  0.02977693],
        [-0.9985237 , -0.98564331, -0.96393122, ...,  0.08056227,
         -0.02977693,  0.        ]],

       [[ 0.        ,  0.03785973,  0.07359394, ...,  0.95842341,
          0.69160951,  0.88014427],
        [-0.03785973,  0.        ,  0.03578411, ...,  0.96853955,
          0.71845867,  0.89748551],
        [-0.07359394, -0.03578411,  0.        , ...,  0.97682447,
          0.74288887,  0.91269308],
        ...,
        [-0.95842341, -0.96853955, -0.97682447, ...,  0.        ,
          0.49489132,  0.20382054],
        [-0.69160951, -0.71845867, -0.74288887, ..., -0.49489132,
          0.        , -0.30739184],
        [-0.88014427, -0.89748551, -0.91269308, ..., -0.20382054,
          0.30739184,  0.        ]]]), 'num': array([3.63487580e+07, 1.30658000e+05, 5.43000000e+02, 6.67000000e+04,
       6.71000000e+04, 6.57000000e+04, 7.84450000e+04, 2.00000000e+02,
       6.74200000e+04, 6.85900000e+04, 6.46016667e+04, 2.63157895e+01,
       7.07421152e+04, 6.64378848e+04])}
{'img': array([[[ 0.        ,  0.1566541 ,  0.07164757, ...,  0.95880662,
          0.99987936,  0.99988754],
        [-0.1566541 ,  0.        , -0.08548853, ...,  0.99146784,
          0.98510115,  0.98989179],
        [-0.07164757,  0.08548853,  0.        , ...,  0.97669468,
          0.99619682,  0.99839233],
        ...,
        [-0.95880662, -0.99146784, -0.97669468, ...,  0.        ,
         -0.298918  , -0.26964852],
        [-0.99987936, -0.98510115, -0.99619682, ...,  0.298918  ,
          0.        ,  0.03052586],
        [-0.99988754, -0.98989179, -0.99839233, ...,  0.26964852,
         -0.03052586,  0.        ]],

       [[ 0.        ,  0.44193575,  0.21576426, ...,  0.41016008,
          0.37516812,  0.17048528],
        [-0.44193575,  0.        , -0.23797555, ..., -0.03511865,
         -0.07311202, -0.28253265],
        [-0.21576426,  0.23797555,  0.        , ...,  0.20371902,
          0.16632706, -0.04613594],
        ...,
        [-0.41016008,  0.03511865, -0.20371902, ...,  0.        ,
         -0.03804226, -0.24867054],
        [-0.37516812,  0.07311202, -0.16632706, ...,  0.03804226,
          0.        , -0.21164326],
        [-0.17048528,  0.28253265,  0.04613594, ...,  0.24867054,
          0.21164326,  0.        ]],

       [[ 0.        ,  0.28781215,  0.3311375 , ...,  0.70190477,
          0.734674  ,  0.77621732],
        [-0.28781215,  0.        ,  0.04555153, ...,  0.87720518,
          0.89884526,  0.92482876],
        [-0.3311375 , -0.04555153,  0.        , ...,  0.89816464,
          0.91787594,  0.94119584],
        ...,
        [-0.70190477, -0.87720518, -0.89816464, ...,  0.        ,
         -0.04710039, -0.11035023],
        [-0.734674  , -0.89884526, -0.91787594, ...,  0.04710039,
          0.        , -0.06341502],
        [-0.77621732, -0.92482876, -0.94119584, ...,  0.11035023,
          0.06341502,  0.        ]],

       ...,

       [[ 0.        ,  0.21462467,  0.44635923, ...,  0.57221453,
          0.05474279, -0.79813258],
        [-0.21462467,  0.        ,  0.24389982, ...,  0.38286543,
         -0.16083574, -0.90884085],
        [-0.44635923, -0.24389982,  0.        , ...,  0.1459874 ,
         -0.39670311, -0.98313536],
        ...,
        [-0.57221453, -0.38286543, -0.1459874 , ...,  0.        ,
         -0.5264617 , -0.99930057],
        [-0.05474279,  0.16083574,  0.39670311, ...,  0.5264617 ,
          0.        , -0.82991731],
        [ 0.79813258,  0.90884085,  0.98313536, ...,  0.99930057,
          0.82991731,  0.        ]],

       [[ 0.        , -0.09957939, -0.1526512 , ...,  0.99023381,
          0.98564331,  0.98274941],
        [ 0.09957939,  0.        , -0.05348013, ...,  0.97142895,
          0.96393122,  0.95944835],
        [ 0.1526512 ,  0.05348013,  0.        , ...,  0.95734629,
          0.94831793,  0.94300007],
        ...,
        [-0.99023381, -0.97142895, -0.95734629, ...,  0.        ,
          0.02977693,  0.04612436],
        [-0.98564331, -0.96393122, -0.94831793, ..., -0.02977693,
          0.        ,  0.01635868],
        [-0.98274941, -0.95944835, -0.94300007, ..., -0.04612436,
         -0.01635868,  0.        ]],

       [[ 0.        ,  0.03578411,  0.04377164, ...,  0.71845867,
          0.89748551,  0.9379657 ],
        [-0.03578411,  0.        ,  0.00799379, ...,  0.74288887,
          0.91269308,  0.94977233],
        [-0.04377164, -0.00799379,  0.        , ...,  0.7482163 ,
          0.91593055,  0.95224357],
        ...,
        [-0.71845867, -0.74288887, -0.7482163 , ...,  0.        ,
         -0.30739184, -0.40331068],
        [-0.89748551, -0.91269308, -0.91593055, ...,  0.30739184,
          0.        , -0.10250066],
        [-0.9379657 , -0.94977233, -0.95224357, ...,  0.40331068,
          0.10250066,  0.        ]]]), 'num': array([ 3.62944580e+07,  1.30658000e+05,  5.43000000e+02,  6.66000000e+04,
        6.72000000e+04,  6.57000000e+04,  1.08147000e+05, -1.00000000e+02,
        6.72200000e+04,  6.84900000e+04,  6.47766667e+04,  2.73972603e+01,
        7.08102586e+04,  6.61697414e+04])}
{'img': array([[[ 0.        , -0.08548853, -0.26585221, ...,  0.98510115,
          0.98989179,  0.98760051],
        [ 0.08548853,  0.        , -0.18246685, ...,  0.99619682,
          0.99839233,  0.99740573],
        [ 0.26585221,  0.18246685,  0.        , ...,  0.99537128,
          0.99197375,  0.99379612],
        ...,
        [-0.98510115, -0.99619682, -0.99537128, ...,  0.        ,
          0.03052586,  0.01519446],
        [-0.98989179, -0.99839233, -0.99197375, ..., -0.03052586,
          0.        , -0.01533496],
        [-0.98760051, -0.99740573, -0.99379612, ..., -0.01519446,
          0.01533496,  0.        ]],

       [[ 0.        , -0.23797555, -0.25704084, ..., -0.07311202,
         -0.28253265, -0.08344581],
        [ 0.23797555,  0.        , -0.01967665, ...,  0.16632706,
         -0.04613594,  0.15609706],
        [ 0.25704084,  0.01967665,  0.        , ...,  0.18569743,
         -0.02647131,  0.17550228],
        ...,
        [ 0.07311202, -0.16632706, -0.18569743, ...,  0.        ,
         -0.21164326, -0.01036546],
        [ 0.28253265,  0.04613594,  0.02647131, ...,  0.21164326,
          0.        ,  0.20150124],
        [ 0.08344581, -0.15609706, -0.17550228, ...,  0.01036546,
         -0.20150124,  0.        ]],

       [[ 0.        ,  0.04843327, -0.01073461, ...,  0.89050916,
          0.91761153,  0.9312832 ],
        [-0.04843327,  0.        , -0.0591525 , ...,  0.91149953,
          0.93578582,  0.94783431],
        [ 0.01073461,  0.0591525 ,  0.        , ...,  0.88557397,
          0.91329188,  0.92731896],
        ...,
        [-0.89050916, -0.91149953, -0.88557397, ...,  0.        ,
         -0.06352327, -0.0992926 ],
        [-0.91761153, -0.93578582, -0.91329188, ...,  0.06352327,
          0.        , -0.0358827 ],
        [-0.9312832 , -0.94783431, -0.92731896, ...,  0.0992926 ,
          0.0358827 ,  0.        ]],

       ...,

       [[ 0.        ,  0.24389982, -0.02843334, ..., -0.16083574,
         -0.90884085, -0.76204685],
        [-0.24389982,  0.        , -0.27137588, ..., -0.39670311,
         -0.98313536, -0.89696384],
        [ 0.02843334,  0.27137588,  0.        , ..., -0.13270754,
         -0.89661262, -0.74332754],
        ...,
        [ 0.16083574,  0.39670311,  0.13270754, ...,  0.        ,
         -0.82991731, -0.64798125],
        [ 0.90884085,  0.98313536,  0.89661262, ...,  0.82991731,
          0.        ,  0.2706118 ],
        [ 0.76204685,  0.89696384,  0.74332754, ...,  0.64798125,
         -0.2706118 ,  0.        ]],

       [[ 0.        , -0.05348013, -0.07941066, ...,  0.96393122,
          0.95944835,  0.95585897],
        [ 0.05348013,  0.        , -0.02598578, ...,  0.94831793,
          0.94300007,  0.93877721],
        [ 0.07941066,  0.02598578,  0.        , ...,  0.93975185,
          0.93403376,  0.92950745],
        ...,
        [-0.96393122, -0.94831793, -0.93975185, ...,  0.        ,
          0.01635868,  0.02882462],
        [-0.95944835, -0.94300007, -0.93403376, ..., -0.01635868,
          0.        ,  0.01246889],
        [-0.95585897, -0.93877721, -0.92950745, ..., -0.02882462,
         -0.01246889,  0.        ]],

       [[ 0.        ,  0.00799379, -0.00340972, ...,  0.91269308,
          0.94977233,  0.97224447],
        [-0.00799379,  0.        , -0.01140336, ...,  0.91593055,
          0.95224357,  0.97408369],
        [ 0.00340972,  0.01140336,  0.        , ...,  0.91129441,
          0.94869976,  0.97144106],
        ...,
        [-0.91269308, -0.91593055, -0.91129441, ...,  0.        ,
         -0.10250066, -0.18376325],
        [-0.94977233, -0.95224357, -0.94869976, ...,  0.10250066,
          0.        , -0.08204022],
        [-0.97224447, -0.97408369, -0.97144106, ...,  0.18376325,
          0.08204022,  0.        ]]]), 'num': array([ 3.58057580e+07,  1.30658000e+05,  5.43000000e+02,  6.57000000e+04,
        6.78000000e+04,  6.50000000e+04,  1.11379000e+05, -9.00000000e+02,
        6.67600000e+04,  6.83750000e+04,  6.49250000e+04,  2.34567901e+01,
        7.09902438e+04,  6.57597562e+04])}
{'img': array([[[ 0.        , -0.18246685, -0.57664693, ...,  0.99839233,
          0.99740573,  0.97915705],
        [ 0.18246685,  0.        , -0.41789196, ...,  0.99197375,
          0.99379612,  0.99977882],
        [ 0.57664693,  0.41789196,  0.        , ...,  0.84836501,
          0.85638376,  0.91708453],
        ...,
        [-0.99839233, -0.99197375, -0.84836501, ...,  0.        ,
         -0.01533496, -0.14727831],
        [-0.99740573, -0.99379612, -0.85638376, ...,  0.01533496,
          0.        , -0.13209326],
        [-0.97915705, -0.99977882, -0.91708453, ...,  0.14727831,
          0.13209326,  0.        ]],

       [[ 0.        , -0.01967665,  0.21905555, ..., -0.04613594,
          0.15609706,  0.17323935],
        [ 0.01967665,  0.        ,  0.2382119 , ..., -0.02647131,
          0.17550228,  0.19258495],
        [-0.21905555, -0.2382119 ,  0.        , ..., -0.26383771,
         -0.06406448, -0.0467116 ],
        ...,
        [ 0.04613594,  0.02647131,  0.26383771, ...,  0.        ,
          0.20150124,  0.21849324],
        [-0.15609706, -0.17550228,  0.06406448, ..., -0.20150124,
          0.        ,  0.01737891],
        [-0.17323935, -0.19258495,  0.0467116 , ..., -0.21849324,
         -0.01737891,  0.        ]],

       [[ 0.        , -0.0591525 , -0.15151508, ...,  0.93578582,
          0.94783431,  0.97006924],
        [ 0.0591525 ,  0.        , -0.09278019, ...,  0.91329188,
          0.92731896,  0.9540067 ],
        [ 0.15151508,  0.09278019,  0.        , ...,  0.87156261,
          0.88859405,  0.92207757],
        ...,
        [-0.93578582, -0.91329188, -0.87156261, ...,  0.        ,
         -0.0358827 , -0.1147809 ],
        [-0.94783431, -0.92731896, -0.88859405, ...,  0.0358827 ,
          0.        , -0.07906144],
        [-0.97006924, -0.9540067 , -0.92207757, ...,  0.1147809 ,
          0.07906144,  0.        ]],

       ...,

       [[ 0.        , -0.25395774, -0.14765085, ..., -0.84475314,
         -0.80070299, -0.99186641],
        [ 0.25395774,  0.        ,  0.10836409, ..., -0.68115112,
         -0.62231587, -0.92702381],
        [ 0.14765085, -0.10836409,  0.        , ..., -0.756478  ,
         -0.70347498, -0.96220162],
        ...,
        [ 0.84475314,  0.68115112,  0.756478  , ...,  0.        ,
          0.07755796, -0.4232805 ],
        [ 0.80070299,  0.62231587,  0.70347498, ..., -0.07755796,
          0.        , -0.49227292],
        [ 0.99186641,  0.92702381,  0.96220162, ...,  0.4232805 ,
          0.49227292,  0.        ]],

       [[ 0.        , -0.02598578, -0.09488979, ...,  0.94300007,
          0.93877721,  0.92661798],
        [ 0.02598578,  0.        , -0.06898922, ...,  0.93403376,
          0.92950745,  0.91653432],
        [ 0.09488979,  0.06898922,  0.        , ...,  0.90716644,
          0.90184936,  0.88675793],
        ...,
        [-0.94300007, -0.93403376, -0.90716644, ...,  0.        ,
          0.01246889,  0.04620039],
        [-0.93877721, -0.92950745, -0.90184936, ..., -0.01246889,
          0.        ,  0.03374123],
        [-0.92661798, -0.91653432, -0.88675793, ..., -0.04620039,
         -0.03374123,  0.        ]],

       [[ 0.        , -0.01140336, -0.02648228, ...,  0.95224357,
          0.97408369,  0.9925268 ],
        [ 0.01140336,  0.        , -0.01508121, ...,  0.94869976,
          0.97144106,  0.99107075],
        [ 0.02648228,  0.01508121,  0.        , ...,  0.94382352,
          0.96775209,  0.98894716],
        ...,
        [-0.95224357, -0.94869976, -0.94382352, ...,  0.        ,
         -0.08204022, -0.18685832],
        [-0.97408369, -0.97144106, -0.96775209, ...,  0.08204022,
          0.        , -0.10563319],
        [-0.9925268 , -0.99107075, -0.98894716, ...,  0.18685832,
          0.10563319,  0.        ]]]), 'num': array([ 3.43396580e+07,  1.30658000e+05,  5.43000000e+02,  6.30000000e+04,
        6.66000000e+04,  6.29000000e+04,  1.12113000e+05, -2.70000000e+03,
        6.57000000e+04,  6.81050000e+04,  6.50350000e+04,  1.60377358e+01,
        7.16158261e+04,  6.45941739e+04])}
{'img': array([[[ 0.        , -0.41789196,  0.13615696, ...,  0.99379612,
          0.99977882,  0.92666464],
        [ 0.41789196,  0.        ,  0.5376984 , ...,  0.85638376,
          0.91708453,  0.99895285],
        [-0.13615696, -0.5376984 ,  0.        , ...,  0.99968417,
          0.98760462,  0.86685494],
        ...,
        [-0.99379612, -0.85638376, -0.99968417, ...,  0.        ,
         -0.13209326, -0.47661823],
        [-0.99977882, -0.91708453, -0.98760462, ...,  0.13209326,
          0.        , -0.3563172 ],
        [-0.92666464, -0.99895285, -0.86685494, ...,  0.47661823,
          0.3563172 ,  0.        ]],

       [[ 0.        ,  0.2382119 ,  0.0388097 , ...,  0.17550228,
          0.19258495,  0.1963814 ],
        [-0.2382119 ,  0.        , -0.20033994, ..., -0.06406448,
         -0.0467116 , -0.04284513],
        [-0.0388097 ,  0.20033994,  0.        , ...,  0.13716273,
          0.15435667,  0.15817947],
        ...,
        [-0.17550228,  0.06406448, -0.13716273, ...,  0.        ,
          0.01737891,  0.02124853],
        [-0.19258495,  0.0467116 , -0.15435667, ..., -0.01737891,
          0.        ,  0.00387034],
        [-0.1963814 ,  0.04284513, -0.15817947, ..., -0.02124853,
         -0.00387034,  0.        ]],

       [[ 0.        , -0.09278019, -0.07672252, ...,  0.92731896,
          0.9540067 ,  0.99088286],
        [ 0.09278019,  0.        ,  0.01611513, ...,  0.88859405,
          0.92207757,  0.97410888],
        [ 0.07672252, -0.01611513,  0.        , ...,  0.89587058,
          0.92819447,  0.97762568],
        ...,
        [-0.92731896, -0.88859405, -0.89587058, ...,  0.        ,
         -0.07906144, -0.24592553],
        [-0.9540067 , -0.92207757, -0.92819447, ...,  0.07906144,
          0.        , -0.16852236],
        [-0.99088286, -0.97410888, -0.97762568, ...,  0.24592553,
          0.16852236,  0.        ]],

       ...,

       [[ 0.        ,  0.09292225,  0.22090989, ..., -0.48191274,
         -0.62202111, -0.9742363 ],
        [-0.09292225,  0.        ,  0.12932757, ..., -0.56124794,
         -0.69208802, -0.99097786],
        [-0.22090989, -0.12932757,  0.        , ..., -0.6635722 ,
         -0.77962615, -0.99998877],
        ...,
        [ 0.48191274,  0.56124794,  0.6635722 , ...,  0.        ,
         -0.16768895, -0.74495895],
        [ 0.62202111,  0.69208802,  0.77962615, ...,  0.16768895,
          0.        , -0.62254327],
        [ 0.9742363 ,  0.99097786,  0.99998877, ...,  0.74495895,
          0.62254327,  0.        ]],

       [[ 0.        , -0.06898922, -0.14056934, ...,  0.92950745,
          0.91653432,  0.85740214],
        [ 0.06898922,  0.        , -0.07193021, ...,  0.90184936,
          0.88675793,  0.81985421],
        [ 0.14056934,  0.07193021,  0.        , ...,  0.86843578,
          0.85121234,  0.77654526],
        ...,
        [-0.92950745, -0.90184936, -0.86843578, ...,  0.        ,
          0.03374123,  0.16215548],
        [-0.91653432, -0.88675793, -0.85121234, ..., -0.03374123,
          0.        ,  0.12876848],
        [-0.85740214, -0.81985421, -0.77654526, ..., -0.16215548,
         -0.12876848,  0.        ]],

       [[ 0.        , -0.01508121, -0.00600168, ...,  0.97144106,
          0.99107075,  0.99452751],
        [ 0.01508121,  0.        ,  0.00907994, ...,  0.96775209,
          0.98894716,  0.99599002],
        [ 0.00600168, -0.00907994,  0.        , ...,  0.96999948,
          0.99025266,  0.99513663],
        ...,
        [-0.97144106, -0.96775209, -0.96999948, ...,  0.        ,
         -0.10563319, -0.33747379],
        [-0.99107075, -0.98894716, -0.99025266, ...,  0.10563319,
          0.        , -0.23614947],
        [-0.99452751, -0.99599002, -0.99513663, ...,  0.33747379,
          0.23614947,  0.        ]]]), 'num': array([3.53170580e+07, 1.30658000e+05, 5.43000000e+02, 6.48000000e+04,
       6.51000000e+04, 6.36000000e+04, 6.61580000e+04, 1.80000000e+03,
       6.53600000e+04, 6.79650000e+04, 6.51866667e+04, 2.91666667e+01,
       7.17572421e+04, 6.41727579e+04])}
{'img': array([[[ 0.        ,  0.5376984 ,  0.5376984 , ...,  0.91708453,
          0.99895285,  0.95969437],
        [-0.5376984 ,  0.        ,  0.        , ...,  0.98760462,
          0.86685494,  0.96027193],
        [-0.5376984 ,  0.        ,  0.        , ...,  0.98760462,
          0.86685494,  0.96027193],
        ...,
        [-0.91708453, -0.98760462, -0.98760462, ...,  0.        ,
         -0.3563172 , -0.12488053],
        [-0.99895285, -0.86685494, -0.86685494, ...,  0.3563172 ,
          0.        ,  0.23684387],
        [-0.95969437, -0.96027193, -0.96027193, ...,  0.12488053,
         -0.23684387,  0.        ]],

       [[ 0.        , -0.20033994, -0.17665598, ..., -0.0467116 ,
         -0.04284513, -0.41004428],
        [ 0.20033994,  0.        ,  0.02411459, ...,  0.15435667,
          0.15817947, -0.21900805],
        [ 0.17665598, -0.02411459,  0.        , ...,  0.1304862 ,
          0.13432247, -0.24247353],
        ...,
        [ 0.0467116 , -0.15435667, -0.1304862 , ...,  0.        ,
          0.00387034, -0.36699265],
        [ 0.04284513, -0.15817947, -0.13432247, ..., -0.00387034,
          0.        , -0.37059018],
        [ 0.41004428,  0.21900805,  0.24247353, ...,  0.36699265,
          0.37059018,  0.        ]],

       [[ 0.        ,  0.01611513, -0.16759619, ...,  0.92207757,
          0.97410888,  0.98447283],
        [-0.01611513,  0.        , -0.18346162, ...,  0.92819447,
          0.97762568,  0.98717379],
        [ 0.16759619,  0.18346162,  0.        , ...,  0.84417487,
          0.92244077,  0.94112884],
        ...,
        [-0.92207757, -0.92819447, -0.84417487, ...,  0.        ,
         -0.16852236, -0.21913725],
        [-0.97410888, -0.97762568, -0.92244077, ...,  0.16852236,
          0.        , -0.05157684],
        [-0.98447283, -0.98717379, -0.94112884, ...,  0.21913725,
          0.05157684,  0.        ]],

       ...,

       [[ 0.        ,  0.12932757,  0.30331442, ..., -0.69208802,
         -0.99097786, -0.50405121],
        [-0.12932757,  0.        ,  0.17753215, ..., -0.77962615,
         -0.99998877, -0.61151498],
        [-0.30331442, -0.17753215,  0.        , ..., -0.87842044,
         -0.98494533, -0.74227033],
        ...,
        [ 0.69208802,  0.77962615,  0.87842044, ...,  0.        ,
         -0.62254327,  0.23390749],
        [ 0.99097786,  0.99998877,  0.98494533, ...,  0.62254327,
          0.        ,  0.78832579],
        [ 0.50405121,  0.61151498,  0.74227033, ..., -0.23390749,
         -0.78832579,  0.        ]],

       [[ 0.        , -0.07193021, -0.35166048, ...,  0.88675793,
          0.81985421,  0.80073819],
        [ 0.07193021,  0.        , -0.28341371, ...,  0.85121234,
          0.77654526,  0.75557677],
        [ 0.35166048,  0.28341371,  0.        , ...,  0.66756911,
          0.56613709,  0.5389434 ],
        ...,
        [-0.88675793, -0.85121234, -0.66756911, ...,  0.        ,
          0.12876848,  0.16105234],
        [-0.81985421, -0.77654526, -0.56613709, ..., -0.12876848,
          0.        ,  0.03262401],
        [-0.80073819, -0.75557677, -0.5389434 , ..., -0.16105234,
         -0.03262401,  0.        ]],

       [[ 0.        ,  0.00907994,  0.03649194, ...,  0.98894716,
          0.99599002,  0.98667086],
        [-0.00907994,  0.        ,  0.02741654, ...,  0.99025266,
          0.99513663,  0.98515261],
        [-0.03649194, -0.02741654,  0.        , ...,  0.99369907,
          0.9920619 ,  0.9800754 ],
        ...,
        [-0.98894716, -0.99025266, -0.99369907, ...,  0.        ,
         -0.23614947, -0.30722219],
        [-0.99599002, -0.99513663, -0.9920619 , ...,  0.23614947,
          0.        , -0.07380418],
        [-0.98667086, -0.98515261, -0.9800754 , ...,  0.30722219,
          0.07380418,  0.        ]]]), 'num': array([ 3.48283580e+07,  1.30658000e+05,  5.43000000e+02,  6.39000000e+04,
        6.47000000e+04,  6.34000000e+04,  7.16710000e+04, -9.00000000e+02,
        6.48000000e+04,  6.77350000e+04,  6.53350000e+04,  2.80000000e+01,
        7.19083799e+04,  6.35616201e+04])}
{'img': array([[[ 0.        ,  0.        ,  0.9266657 , ...,  0.99937106,
          0.97553185,  0.99574064],
        [ 0.        ,  0.        ,  0.9266657 , ...,  0.99937106,
          0.97553185,  0.99574064],
        [-0.9266657 , -0.9266657 ,  0.        , ...,  0.34278963,
          0.57042429,  0.45972275],
        ...,
        [-0.99937106, -0.99937106, -0.34278963, ...,  0.        ,
          0.25431321,  0.12745055],
        [-0.97553185, -0.97553185, -0.57042429, ..., -0.25431321,
          0.        , -0.12897905],
        [-0.99574064, -0.99574064, -0.45972275, ..., -0.12745055,
          0.12897905,  0.        ]],

       [[ 0.        ,  0.02411459,  0.3382935 , ...,  0.15817947,
         -0.21900805, -0.13595549],
        [-0.02411459,  0.        ,  0.36088794, ...,  0.13432247,
         -0.24247353, -0.15980664],
        [-0.3382935 , -0.36088794,  0.        , ..., -0.48288783,
         -0.12398529, -0.20721279],
        ...,
        [-0.15817947, -0.13432247,  0.48288783, ...,  0.        ,
         -0.37059018, -0.29095462],
        [ 0.21900805,  0.24247353,  0.12398529, ...,  0.37059018,
          0.        ,  0.08431965],
        [ 0.13595549,  0.15980664,  0.20721279, ...,  0.29095462,
         -0.08431965,  0.        ]],

       [[ 0.        , -0.18346162,  0.30307729, ...,  0.97762568,
          0.98717379,  0.99701272],
        [ 0.18346162,  0.        ,  0.4727658 , ...,  0.92244077,
          0.94112884,  0.96592017],
        [-0.30307729, -0.4727658 ,  0.        , ...,  0.99539697,
          0.98912912,  0.97352815],
        ...,
        [-0.97762568, -0.92244077, -0.99539697, ...,  0.        ,
         -0.05157684, -0.13421435],
        [-0.98717379, -0.94112884, -0.98912912, ...,  0.05157684,
          0.        , -0.08292552],
        [-0.99701272, -0.96592017, -0.97352815, ...,  0.13421435,
          0.08292552,  0.        ]],

       ...,

       [[ 0.        ,  0.17753215,  0.68429757, ..., -0.99998877,
         -0.61151498, -0.64583596],
        [-0.17753215,  0.        ,  0.54397055, ..., -0.98494533,
         -0.74227033, -0.77111843],
        [-0.68429757, -0.54397055,  0.        , ..., -0.7324378 ,
         -0.9873572 , -0.99339035],
        ...,
        [ 0.99998877,  0.98494533,  0.7324378 , ...,  0.        ,
          0.78832579,  0.76040679],
        [ 0.61151498,  0.74227033,  0.9873572 , ..., -0.78832579,
          0.        , -0.0441295 ],
        [ 0.64583596,  0.77111843,  0.99339035, ..., -0.76040679,
          0.0441295 ,  0.        ]],

       [[ 0.        , -0.28341371,  0.24743773, ...,  0.77654526,
          0.75557677,  0.73094817],
        [ 0.28341371,  0.        ,  0.51189285, ...,  0.56613709,
          0.5389434 ,  0.50756678],
        [-0.24743773, -0.51189285,  0.        , ...,  0.90829864,
          0.89416779,  0.87707813],
        ...,
        [-0.77654526, -0.56613709, -0.90829864, ...,  0.        ,
          0.03262401,  0.06939782],
        [-0.75557677, -0.5389434 , -0.89416779, ..., -0.03262401,
          0.        ,  0.03681552],
        [-0.73094817, -0.50756678, -0.87707813, ..., -0.06939782,
         -0.03681552,  0.        ]],

       [[ 0.        ,  0.02741654, -0.13347064, ...,  0.99513663,
          0.98515261,  0.96301207],
        [-0.02741654,  0.        , -0.16059171, ...,  0.9920619 ,
          0.9800754 ,  0.95526246],
        [ 0.13347064,  0.16059171,  0.        , ...,  0.99938034,
          0.99925258,  0.99036054],
        ...,
        [-0.99513663, -0.9920619 , -0.99938034, ...,  0.        ,
         -0.07380418, -0.17328696],
        [-0.98515261, -0.9800754 , -0.99925258, ...,  0.07380418,
          0.        , -0.10012674],
        [-0.96301207, -0.95526246, -0.99036054, ...,  0.17328696,
          0.10012674,  0.        ]]]), 'num': array([ 3.45025580e+07,  1.30658000e+05,  5.43000000e+02,  6.33000000e+04,
        6.48000000e+04,  6.24000000e+04,  7.90170000e+04, -6.00000000e+02,
        6.41400000e+04,  6.73850000e+04,  6.54533333e+04,  2.77777778e+01,
        7.18059841e+04,  6.29640159e+04])}
{'img': array([[[ 0.        ,  0.9266657 ,  0.93229371, ...,  0.97553185,
          0.99574064,  0.99997485],
        [-0.9266657 ,  0.        ,  0.01525969, ...,  0.57042429,
          0.45972275,  0.38244917],
        [-0.93229371, -0.01525969,  0.        , ...,  0.55782432,
          0.44611767,  0.36830504],
        ...,
        [-0.97553185, -0.57042429, -0.55782432, ...,  0.        ,
         -0.12897905, -0.21293396],
        [-0.99574064, -0.45972275, -0.44611767, ...,  0.12897905,
          0.        , -0.08513427],
        [-0.99997485, -0.38244917, -0.36830504, ...,  0.21293396,
          0.08513427,  0.        ]],

       [[ 0.        ,  0.36088794,  0.86357767, ..., -0.24247353,
         -0.15980664, -0.08410329],
        [-0.36088794,  0.        , -0.98734588, ..., -0.12398529,
         -0.20721279, -0.28117383],
        [-0.86357767,  0.98734588,  0.        , ..., -0.9600658 ,
         -0.9330563 , -0.90292427],
        ...,
        [ 0.24247353,  0.12398529,  0.9600658 , ...,  0.        ,
          0.08431965,  0.16002097],
        [ 0.15980664,  0.20721279,  0.9330563 , ..., -0.08431965,
          0.        ,  0.07621802],
        [ 0.08410329,  0.28117383,  0.90292427, ..., -0.16002097,
         -0.07621802,  0.        ]],

       [[ 0.        ,  0.4727658 ,  0.67288687, ...,  0.94112884,
          0.96592017,  0.98621181],
        [-0.4727658 ,  0.        ,  0.24321359, ...,  0.98912912,
          0.97352815,  0.94727518],
        [-0.67288687, -0.24321359,  0.        , ...,  0.92366385,
          0.88870515,  0.84090034],
        ...,
        [-0.94112884, -0.98912912, -0.92366385, ...,  0.        ,
         -0.08292552, -0.17764151],
        [-0.96592017, -0.97352815, -0.88870515, ...,  0.08292552,
          0.        , -0.09542306],
        [-0.98621181, -0.94727518, -0.84090034, ...,  0.17764151,
          0.09542306,  0.        ]],

       ...,

       [[ 0.        ,  0.54397055,  0.52732079, ..., -0.74227033,
         -0.77111843, -0.77656272],
        [-0.54397055,  0.        , -0.01971629, ..., -0.9873572 ,
         -0.99339035, -0.9943403 ],
        [-0.52732079,  0.01971629,  0.        , ..., -0.98404002,
         -0.99093412, -0.99205232],
        ...,
        [ 0.74227033,  0.9873572 ,  0.98404002, ...,  0.        ,
         -0.0441295 , -0.05271514],
        [ 0.77111843,  0.99339035,  0.99093412, ...,  0.0441295 ,
          0.        , -0.00859565],
        [ 0.77656272,  0.9943403 ,  0.99205232, ...,  0.05271514,
          0.00859565,  0.        ]],

       [[ 0.        ,  0.51189285,  0.67645914, ...,  0.5389434 ,
          0.50756678,  0.52910446],
        [-0.51189285,  0.        ,  0.20411283, ...,  0.89416779,
          0.87707813,  0.88889693],
        [-0.67645914, -0.20411283,  0.        , ...,  0.96673106,
          0.95665846,  0.96368887],
        ...,
        [-0.5389434 , -0.89416779, -0.96673106, ...,  0.        ,
          0.03681552,  0.01163714],
        [-0.50756678, -0.87707813, -0.95665846, ..., -0.03681552,
          0.        , -0.02518378],
        [-0.52910446, -0.88889693, -0.96368887, ..., -0.01163714,
          0.02518378,  0.        ]],

       [[ 0.        , -0.16059171, -0.27869646, ...,  0.9800754 ,
          0.95526246,  0.92391721],
        [ 0.16059171,  0.        , -0.1208503 , ...,  0.99925258,
          0.99036054,  0.97336679],
        [ 0.27869646,  0.1208503 ,  0.        , ...,  0.99660038,
          0.99984134,  0.99393807],
        ...,
        [-0.9800754 , -0.99925258, -0.99660038, ...,  0.        ,
         -0.10012674, -0.19145565],
        [-0.95526246, -0.99036054, -0.99984134, ...,  0.10012674,
          0.        , -0.092219  ],
        [-0.92391721, -0.97336679, -0.99393807, ...,  0.19145565,
          0.092219  ,  0.        ]]]), 'num': array([3.46111580e+07, 1.30658000e+05, 5.43000000e+02, 6.35000000e+04,
       6.63000000e+04, 6.31000000e+04, 1.29844000e+05, 2.00000000e+02,
       6.37000000e+04, 6.70650000e+04, 6.55750000e+04, 2.83464567e+01,
       7.16354595e+04, 6.24945405e+04])}
{'img': array([[[ 0.        ,  0.20201977,  0.        , ...,  0.94755673,
          0.89637382,  0.91561251],
        [-0.20201977,  0.        , -0.20201977, ...,  0.86345645,
          0.78833673,  0.81550945],
        [ 0.        ,  0.20201977,  0.        , ...,  0.94755673,
          0.89637382,  0.91561251],
        ...,
        [-0.94755673, -0.86345645, -0.94755673, ...,  0.        ,
         -0.13358094, -0.08835798],
        [-0.89637382, -0.78833673, -0.89637382, ...,  0.13358094,
          0.        ,  0.04549236],
        [-0.91561251, -0.81550945, -0.91561251, ...,  0.08835798,
         -0.04549236,  0.        ]],

       [[ 0.        , -0.98734588, -0.88015627, ..., -0.20721279,
         -0.28117383, -0.55673036],
        [ 0.98734588,  0.        , -0.32910079, ..., -0.9330563 ,
         -0.90292427, -0.73189442],
        [ 0.88015627,  0.32910079,  0.        , ..., -0.76269266,
         -0.71117927, -0.46686887],
        ...,
        [ 0.20721279,  0.9330563 ,  0.76269266, ...,  0.        ,
          0.07621802,  0.37251676],
        [ 0.28117383,  0.90292427,  0.71117927, ..., -0.07621802,
          0.        ,  0.3007009 ],
        [ 0.55673036,  0.73189442,  0.46686887, ..., -0.37251676,
         -0.3007009 ,  0.        ]],

       [[ 0.        ,  0.52738881,  0.73209457, ...,  0.97726314,
          0.99361976,  0.99891286],
        [-0.52738881,  0.        ,  0.26274632, ...,  0.94212857,
          0.9036832 ,  0.87328544],
        [-0.73209457, -0.26274632,  0.        , ...,  0.82094066,
          0.75942383,  0.71459016],
        ...,
        [-0.97726314, -0.94212857, -0.82094066, ...,  0.        ,
         -0.10045963, -0.16624294],
        [-0.99361976, -0.9036832 , -0.75942383, ...,  0.10045963,
          0.        , -0.06634023],
        [-0.99891286, -0.87328544, -0.71459016, ...,  0.16624294,
          0.06634023,  0.        ]],

       ...,

       [[ 0.        , -0.01971629, -0.0459221 , ..., -0.99339035,
         -0.9943403 , -0.99177884],
        [ 0.01971629,  0.        , -0.02621768, ..., -0.99093412,
         -0.99205232, -0.98906308],
        [ 0.0459221 ,  0.02621768,  0.        , ..., -0.98707118,
         -0.98841244, -0.98485617],
        ...,
        [ 0.99339035,  0.99093412,  0.98707118, ...,  0.        ,
         -0.00859565,  0.01327663],
        [ 0.9943403 ,  0.99205232,  0.98841244, ...,  0.00859565,
          0.        ,  0.02187103],
        [ 0.99177884,  0.98906308,  0.98485617, ..., -0.01327663,
         -0.02187103,  0.        ]],

       [[ 0.        ,  0.4963232 ,  0.63684755, ...,  0.5249711 ,
          0.54708897,  0.58130787],
        [-0.4963232 ,  0.        ,  0.17021134, ...,  0.8781779 ,
          0.89040811,  0.90850545],
        [-0.63684755, -0.17021134,  0.        , ...,  0.94678106,
          0.95488881,  0.96637488],
        ...,
        [-0.5249711 , -0.8781779 , -0.94678106, ...,  0.        ,
         -0.02619849, -0.06760236],
        [-0.54708897, -0.89040811, -0.95488881, ...,  0.02619849,
          0.        , -0.0414406 ],
        [-0.58130787, -0.90850545, -0.96637488, ...,  0.06760236,
          0.0414406 ,  0.        ]],

       [[ 0.        , -0.1208503 , -0.20738548, ...,  0.99036054,
          0.97336679,  0.95505986],
        [ 0.1208503 ,  0.        , -0.08764257, ...,  0.99984134,
          0.99393807,  0.98388158],
        [ 0.20738548,  0.08764257,  0.        , ...,  0.99755511,
          0.99974893,  0.99576794],
        ...,
        [-0.99036054, -0.99984134, -0.99755511, ...,  0.        ,
         -0.092219  , -0.16126704],
        [-0.97336679, -0.99393807, -0.99974893, ...,  0.092219  ,
          0.        , -0.06956791],
        [-0.95505986, -0.98388158, -0.99576794, ...,  0.16126704,
          0.06956791,  0.        ]]]), 'num': array([3.50998580e+07, 1.30658000e+05, 5.43000000e+02, 6.44000000e+04,
       6.47000000e+04, 6.35000000e+04, 5.33710000e+04, 9.00000000e+02,
       6.39800000e+04, 6.67850000e+04, 6.56383333e+04, 3.65853659e+01,
       7.12875659e+04, 6.22824341e+04])}
{'img': array([[[ 0.        , -0.20201977,  0.25190787, ...,  0.78833673,
          0.81550945,  0.91241796],
        [ 0.20201977,  0.        ,  0.44221878, ...,  0.89637382,
          0.91561251,  0.97628376],
        [-0.25190787, -0.44221878,  0.        , ...,  0.60792902,
          0.64342016,  0.77989787],
        ...,
        [-0.78833673, -0.89637382, -0.60792902, ...,  0.        ,
          0.04549236,  0.23872527],
        [-0.81550945, -0.91561251, -0.64342016, ..., -0.04549236,
          0.        ,  0.19430107],
        [-0.91241796, -0.97628376, -0.77989787, ..., -0.23872527,
         -0.19430107,  0.        ]],

       [[ 0.        , -0.36018533,  0.12881995, ..., -0.91986671,
         -0.76937484, -0.99986935],
        [ 0.36018533,  0.        ,  0.47735792, ..., -0.71685006,
         -0.48764947, -0.92693683],
        [-0.12881995, -0.47735792,  0.        , ..., -0.96272957,
         -0.84525428, -0.99362069],
        ...,
        [ 0.91986671,  0.71685006,  0.96272957, ...,  0.        ,
          0.28583589, -0.37731109],
        [ 0.76937484,  0.48764947,  0.84525428, ..., -0.28583589,
          0.        , -0.62627791],
        [ 0.99986935,  0.92693683,  0.99362069, ...,  0.37731109,
          0.62627791,  0.        ]],

       [[ 0.        ,  0.57538005,  0.75254871, ...,  0.99917343,
          0.99952266,  0.99989292],
        [-0.57538005,  0.        ,  0.23659038, ...,  0.84059957,
          0.7997198 ,  0.82621879],
        [-0.75254871, -0.23659038,  0.        , ...,  0.68858367,
          0.63497277,  0.66947897],
        ...,
        [-0.99917343, -0.84059957, -0.68858367, ...,  0.        ,
         -0.07149977, -0.026024  ],
        [-0.99952266, -0.7997198 , -0.63497277, ...,  0.07149977,
          0.        ,  0.04551816],
        [-0.99989292, -0.82621879, -0.66947897, ...,  0.026024  ,
         -0.04551816,  0.        ]],

       ...,

       [[ 0.        , -0.02621768,  0.16812586, ..., -0.99205232,
         -0.98906308, -0.90794717],
        [ 0.02621768,  0.        ,  0.19391255, ..., -0.98841244,
         -0.98485617, -0.89664765],
        [-0.16812586, -0.19391255,  0.        , ..., -0.9990856 ,
         -0.99978171, -0.965482  ],
        ...,
        [ 0.99205232,  0.98841244,  0.9990856 , ...,  0.        ,
          0.02187103,  0.30151049],
        [ 0.98906308,  0.98485617,  0.99978171, ..., -0.02187103,
          0.        ,  0.28058515],
        [ 0.90794717,  0.89664765,  0.965482  , ..., -0.30151049,
         -0.28058515,  0.        ]],

       [[ 0.        ,  0.44406464,  0.6190136 , ...,  0.56429329,
          0.59928921,  0.66206788],
        [-0.44406464,  0.        ,  0.20587333, ...,  0.87221222,
          0.89244821,  0.92601087],
        [-0.6190136 , -0.20587333,  0.        , ...,  0.95422659,
          0.96621049,  0.983891  ],
        ...,
        [-0.56429329, -0.87221222, -0.95422659, ...,  0.        ,
         -0.04302266, -0.12368014],
        [-0.59928921, -0.89244821, -0.96621049, ...,  0.04302266,
          0.        , -0.08087328],
        [-0.66206788, -0.92601087, -0.983891  , ...,  0.12368014,
          0.08087328,  0.        ]],

       [[ 0.        , -0.08764257, -0.14972512, ...,  0.99393807,
          0.98388158,  0.97791131],
        [ 0.08764257,  0.        , -0.06249434, ...,  0.99974893,
          0.99576794,  0.99246736],
        [ 0.14972512,  0.06249434,  0.        , ...,  0.99919505,
          0.99956497,  0.99818354],
        ...,
        [-0.99393807, -0.99974893, -0.99919505, ...,  0.        ,
         -0.06956791, -0.10024027],
        [-0.98388158, -0.99576794, -0.99956497, ...,  0.06956791,
          0.        , -0.0307799 ],
        [-0.97791131, -0.99246736, -0.99818354, ...,  0.10024027,
          0.0307799 ,  0.        ]]]), 'num': array([3.53718490e+07, 6.62490000e+04, 5.44000000e+02, 6.49000000e+04,
       6.56000000e+04, 6.42000000e+04, 6.90610000e+04, 5.00000000e+02,
       6.40000000e+04, 6.65200000e+04, 6.57083333e+04, 3.55371901e+01,
       7.08060705e+04, 6.22339295e+04])}
{'img': array([[[ 0.        ,  0.44221878,  0.58025762, ...,  0.91561251,
          0.97628376,  0.99354918],
        [-0.44221878,  0.        ,  0.16027969, ...,  0.64342016,
          0.77989787,  0.84097291],
        [-0.58025762, -0.16027969,  0.        , ...,  0.51240558,
          0.66949492,  0.74337682],
        ...,
        [-0.91561251, -0.64342016, -0.51240558, ...,  0.        ,
          0.19430107,  0.29563588],
        [-0.97628376, -0.77989787, -0.66949492, ..., -0.19430107,
          0.        ,  0.10438568],
        [-0.99354918, -0.84097291, -0.74337682, ..., -0.29563588,
         -0.10438568,  0.        ]],

       [[ 0.        ,  0.47735792,  0.28100669, ..., -0.48764947,
         -0.92693683, -0.77346452],
        [-0.47735792,  0.        , -0.21120008, ..., -0.84525428,
         -0.99362069, -0.98221855],
        [-0.28100669,  0.21120008,  0.        , ..., -0.71332997,
         -0.99502527, -0.92041156],
        ...,
        [ 0.48764947,  0.84525428,  0.71332997, ...,  0.        ,
         -0.62627791, -0.36617355],
        [ 0.92693683,  0.99362069,  0.99502527, ...,  0.62627791,
          0.        ,  0.29731191],
        [ 0.77346452,  0.98221855,  0.92041156, ...,  0.36617355,
         -0.29731191,  0.        ]],

       [[ 0.        ,  0.56558947,  0.77246067, ...,  0.99095858,
          0.99645912,  0.99675454],
        [-0.56558947,  0.        ,  0.2778535 , ...,  0.7413465 ,
          0.77421279,  0.77647999],
        [-0.77246067, -0.2778535 ,  0.        , ...,  0.52568112,
          0.56786643,  0.57081776],
        ...,
        [-0.99095858, -0.7413465 , -0.52568112, ...,  0.        ,
          0.05037456,  0.05395967],
        [-0.99645912, -0.77421279, -0.56786643, ..., -0.05037456,
          0.        ,  0.00358999],
        [-0.99675454, -0.77647999, -0.57081776, ..., -0.05395967,
         -0.00358999,  0.        ]],

       ...,

       [[ 0.        ,  0.19391255,  0.17397446, ..., -0.98485617,
         -0.89664765, -0.91107009],
        [-0.19391255,  0.        , -0.0202832 , ..., -0.99978171,
         -0.965482  , -0.97371764],
        [-0.17397446,  0.0202832 ,  0.        , ..., -0.99999981,
         -0.96000021, -0.96889765],
        ...,
        [ 0.98485617,  0.99978171,  0.99999981, ...,  0.        ,
          0.28058515,  0.24805312],
        [ 0.89664765,  0.965482  ,  0.96000021, ..., -0.28058515,
          0.        , -0.03372726],
        [ 0.91107009,  0.97371764,  0.96889765, ..., -0.24805312,
          0.03372726,  0.        ]],

       [[ 0.        ,  0.46877477,  0.63813916, ...,  0.61363379,
          0.67730802,  0.75028682],
        [-0.46877477,  0.        ,  0.20276008, ...,  0.91217384,
          0.94315558,  0.97265449],
        [-0.63813916, -0.20276008,  0.        , ...,  0.97631835,
          0.9909524 ,  0.99954336],
        ...,
        [-0.61363379, -0.91217384, -0.97631835, ...,  0.        ,
         -0.08334605, -0.18673859],
        [-0.67730802, -0.94315558, -0.9909524 , ...,  0.08334605,
          0.        , -0.1042089 ],
        [-0.75028682, -0.97265449, -0.99954336, ...,  0.18673859,
          0.1042089 ,  0.        ]],

       [[ 0.        , -0.06249434, -0.1344435 , ...,  0.99576794,
          0.99246736,  0.99158698],
        [ 0.06249434,  0.        , -0.07225374, ...,  0.99956497,
          0.99818354,  0.99773814],
        [ 0.1344435 ,  0.07225374,  0.        , ...,  0.99908342,
          0.99992759,  0.99998727],
        ...,
        [-0.99576794, -0.99956497, -0.99908342, ...,  0.        ,
         -0.0307799 , -0.03776425],
        [-0.99246736, -0.99818354, -0.99992759, ...,  0.0307799 ,
          0.        , -0.00698842],
        [-0.99158698, -0.99773814, -0.99998727, ...,  0.03776425,
          0.00698842,  0.        ]]]), 'num': array([ 3.48278490e+07,  6.62490000e+04,  5.44000000e+02,  6.39000000e+04,
        6.51000000e+04,  6.33000000e+04,  8.37210000e+04, -1.00000000e+03,
        6.40000000e+04,  6.62250000e+04,  6.57633333e+04,  3.49593496e+01,
        7.03775293e+04,  6.20724707e+04])}
{'img': array([[[ 0.        ,  0.21632875,  0.74362251, ...,  0.85202638,
          0.90378379,  0.78823087],
        [-0.21632875,  0.        ,  0.58137662, ...,  0.71860304,
          0.78979631,  0.63644171],
        [-0.74362251, -0.58137662,  0.        , ...,  0.18037906,
          0.28600707,  0.06940077],
        ...,
        [-0.85202638, -0.71860304, -0.18037906, ...,  0.        ,
          0.10847157, -0.11168174],
        [-0.90378379, -0.78979631, -0.28600707, ..., -0.10847157,
          0.        , -0.21881574],
        [-0.78823087, -0.63644171, -0.06940077, ...,  0.11168174,
          0.21881574,  0.        ]],

       [[ 0.        , -0.21120008,  0.99362069, ..., -0.99362069,
         -0.98221855, -0.95283377],
        [ 0.21120008,  0.        ,  0.99502527, ..., -0.99502527,
         -0.92041156, -0.86724287],
        [-0.99362069, -0.99502527,  0.        , ..., -0.        ,
         -0.29731191, -0.40901124],
        ...,
        [ 0.99362069,  0.99502527,  0.        , ...,  0.        ,
          0.29731191,  0.40901124],
        [ 0.98221855,  0.92041156,  0.29731191, ..., -0.29731191,
          0.        ,  0.11921008],
        [ 0.95283377,  0.86724287,  0.40901124, ..., -0.40901124,
         -0.11921008,  0.        ]],

       [[ 0.        ,  0.61031754,  0.73826589, ...,  0.98212396,
          0.98286746,  0.98286746],
        [-0.61031754,  0.        ,  0.17315722, ...,  0.66311293,
          0.66609531,  0.66609531],
        [-0.73826589, -0.17315722,  0.        , ...,  0.52348454,
          0.5268812 ,  0.5268812 ],
        ...,
        [-0.98212396, -0.66311293, -0.52348454, ...,  0.        ,
          0.00399142,  0.00399142],
        [-0.98286746, -0.66609531, -0.5268812 , ..., -0.00399142,
          0.        ,  0.        ],
        [-0.98286746, -0.66609531, -0.5268812 , ..., -0.00399142,
          0.        ,  0.        ]],

       ...,

       [[ 0.        , -0.0202832 ,  0.1462685 , ..., -0.965482  ,
         -0.97371764, -0.97783287],
        [ 0.0202832 ,  0.        ,  0.16630346, ..., -0.96000021,
         -0.96889765, -0.97338467],
        [-0.1462685 , -0.16630346,  0.        , ..., -0.99319669,
         -0.99655914, -0.99794292],
        ...,
        [ 0.965482  ,  0.96000021,  0.99319669, ...,  0.        ,
         -0.03372726, -0.05253664],
        [ 0.97371764,  0.96889765,  0.99655914, ...,  0.03372726,
          0.        , -0.01882607],
        [ 0.97783287,  0.97338467,  0.99794292, ...,  0.05253664,
          0.01882607,  0.        ]],

       [[ 0.        ,  0.47575519,  0.72320676, ...,  0.69467407,
          0.7682779 ,  0.82190853],
        [-0.47575519,  0.        ,  0.30754501, ...,  0.95324228,
          0.98029886,  0.99393188],
        [-0.72320676, -0.30754501,  0.        , ...,  0.99998429,
          0.99353353,  0.97958866],
        ...,
        [-0.69467407, -0.95324228, -0.99998429, ...,  0.        ,
         -0.10796892, -0.19551917],
        [-0.7682779 , -0.98029886, -0.99353353, ...,  0.10796892,
          0.        , -0.0884911 ],
        [-0.82190853, -0.99393188, -0.97958866, ...,  0.19551917,
          0.0884911 ,  0.        ]],

       [[ 0.        , -0.07225374, -0.2388625 , ...,  0.99818354,
          0.99773814,  0.99591612],
        [ 0.07225374,  0.        , -0.16807594, ...,  0.99992759,
          0.99998727,  0.99983639],
        [ 0.2388625 ,  0.16807594,  0.        , ...,  0.9836801 ,
          0.98491347,  0.98865303],
        ...,
        [-0.99818354, -0.99992759, -0.9836801 , ...,  0.        ,
         -0.00698842, -0.0301191 ],
        [-0.99773814, -0.99998727, -0.98491347, ...,  0.00698842,
          0.        , -0.02313312],
        [-0.99591612, -0.99983639, -0.98865303, ...,  0.0301191 ,
          0.02313312,  0.        ]]]), 'num': array([3.50042720e+07, 1.01458720e+07, 3.86000000e+02, 6.44000000e+04,
       6.48000000e+04, 6.38000000e+04, 5.92100000e+04, 5.00000000e+02,
       6.42200000e+04, 6.59750000e+04, 6.58183333e+04, 3.54838710e+01,
       6.99301865e+04, 6.20198135e+04])}
{'img': array([[[ 0.        ,  0.58137662,  0.47864334, ...,  0.78979631,
          0.63644171,  0.71860304],
        [-0.58137662,  0.        , -0.12101338, ...,  0.28600707,
          0.06940077,  0.18037906],
        [-0.47864334,  0.12101338,  0.        , ...,  0.39986352,
          0.18961234,  0.29808185],
        ...,
        [-0.78979631, -0.28600707, -0.39986352, ...,  0.        ,
         -0.21881574, -0.10847157],
        [-0.63644171, -0.06940077, -0.18961234, ...,  0.21881574,
          0.        ,  0.11168174],
        [-0.71860304, -0.18037906, -0.29808185, ...,  0.10847157,
         -0.11168174,  0.        ]],

       [[ 0.        ,  0.99502527, -0.27181507, ..., -0.92041156,
         -0.86724287, -0.96008107],
        [-0.99502527,  0.        , -0.93048307, ..., -0.29731191,
         -0.40901124, -0.1826843 ],
        [ 0.27181507,  0.93048307,  0.        , ..., -0.77949128,
         -0.69925802, -0.84790092],
        ...,
        [ 0.92041156,  0.29731191,  0.77949128, ...,  0.        ,
          0.11921008, -0.11788524],
        [ 0.86724287,  0.40901124,  0.69925802, ..., -0.11921008,
          0.        , -0.23542346],
        [ 0.96008107,  0.1826843 ,  0.84790092, ...,  0.11788524,
          0.23542346,  0.        ]],

       [[ 0.        ,  0.49532285,  0.64559952, ...,  0.94685421,
          0.94685421,  0.96186547],
        [-0.49532285,  0.        ,  0.18257185, ...,  0.66321371,
          0.66321371,  0.70009898],
        [-0.64559952, -0.18257185,  0.        , ...,  0.51542449,
          0.51542449,  0.55796742],
        ...,
        [-0.94685421, -0.66321371, -0.51542449, ...,  0.        ,
          0.        ,  0.05041017],
        [-0.94685421, -0.66321371, -0.51542449, ...,  0.        ,
          0.        ,  0.05041017],
        [-0.96186547, -0.70009898, -0.55796742, ..., -0.05041017,
         -0.05041017,  0.        ]],

       ...,

       [[ 0.        ,  0.16630346,  0.20509192, ..., -0.96889765,
         -0.97338467, -0.96932433],
        [-0.16630346,  0.        ,  0.03946764, ..., -0.99655914,
         -0.99794292, -0.99670105],
        [-0.20509192, -0.03946764,  0.        , ..., -0.99905393,
         -0.99969559, -0.99912768],
        ...,
        [ 0.96889765,  0.99655914,  0.99905393, ...,  0.        ,
         -0.01882607, -0.00173009],
        [ 0.97338467,  0.99794292,  0.99969559, ...,  0.01882607,
          0.        ,  0.01709626],
        [ 0.96932433,  0.99670105,  0.99912768, ...,  0.00173009,
         -0.01709626,  0.        ]],

       [[ 0.        ,  0.60139973,  0.7555925 , ...,  0.78691677,
          0.84034911,  0.88597092],
        [-0.60139973,  0.        ,  0.20973727, ...,  0.99980501,
          0.99738153,  0.98673854],
        [-0.7555925 , -0.20973727,  0.        , ...,  0.98170877,
          0.96002948,  0.9307472 ],
        ...,
        [-0.78691677, -0.99980501, -0.98170877, ...,  0.        ,
         -0.09200038, -0.18177106],
        [-0.84034911, -0.99738153, -0.96002948, ...,  0.09200038,
          0.        , -0.09053243],
        [-0.88597092, -0.98673854, -0.9307472 , ...,  0.18177106,
          0.09053243,  0.        ]],

       [[ 0.        , -0.16807594, -0.22159301, ...,  0.99998727,
          0.99983639,  0.99967248],
        [ 0.16807594,  0.        , -0.05454319, ...,  0.98491347,
          0.98865303,  0.98975252],
        [ 0.22159301,  0.05454319,  0.        , ...,  0.97400878,
          0.97898802,  0.98049078],
        ...,
        [-0.99998727, -0.98491347, -0.97400878, ...,  0.        ,
         -0.02313312, -0.03063511],
        [-0.99983639, -0.98865303, -0.97898802, ...,  0.02313312,
          0.        , -0.00750465],
        [-0.99967248, -0.98975252, -0.98049078, ...,  0.03063511,
          0.00750465,  0.        ]]]), 'num': array([ 3.45477750e+07,  2.41677500e+06,  5.06000000e+02,  6.35000000e+04,
        6.47000000e+04,  6.32000000e+04,  4.10330000e+04, -9.00000000e+02,
        6.42200000e+04,  6.57050000e+04,  6.58516667e+04,  3.15384615e+01,
        6.95606322e+04,  6.18493678e+04])}
{'img': array([[[ 0.        , -0.12101338,  0.04651408, ...,  0.06940077,
          0.18037906, -0.02364297],
        [ 0.12101338,  0.        ,  0.16705465, ...,  0.18961234,
          0.29808185,  0.09751035],
        [-0.04651408, -0.16705465,  0.        , ...,  0.02292373,
          0.1344327 , -0.07011845],
        ...,
        [-0.06940077, -0.18961234, -0.02292373, ...,  0.        ,
          0.11168174, -0.09296733],
        [-0.18037906, -0.29808185, -0.1344327 , ..., -0.11168174,
          0.        , -0.20358379],
        [ 0.02364297, -0.09751035,  0.07011845, ...,  0.09296733,
          0.20358379,  0.        ]],

       [[ 0.        , -0.93953002, -0.77858785, ..., -0.47660119,
         -0.3166937 , -0.        ],
        [ 0.93953002,  0.        , -0.32294825, ..., -0.66273929,
         -0.78271339, -0.93953002],
        [ 0.77858785,  0.32294825,  0.        , ..., -0.38538763,
         -0.53977569, -0.77858785],
        ...,
        [ 0.47660119,  0.66273929,  0.38538763, ...,  0.        ,
         -0.17365787, -0.47660119],
        [ 0.3166937 ,  0.78271339,  0.53977569, ...,  0.17365787,
          0.        , -0.3166937 ],
        [ 0.        ,  0.93953002,  0.77858785, ...,  0.47660119,
          0.3166937 ,  0.        ]],

       [[ 0.        ,  0.46063853,  0.67512329, ...,  0.91004024,
          0.93179005,  0.93179005],
        [-0.46063853,  0.        ,  0.2594159 , ...,  0.6167968 ,
          0.65983479,  0.65983479],
        [-0.67512329, -0.2594159 ,  0.        , ...,  0.39148912,
          0.44231793,  0.44231793],
        ...,
        [-0.91004024, -0.6167968 , -0.39148912, ...,  0.        ,
          0.05590305,  0.05590305],
        [-0.93179005, -0.65983479, -0.44231793, ..., -0.05590305,
          0.        ,  0.        ],
        [-0.93179005, -0.65983479, -0.44231793, ..., -0.05590305,
          0.        ,  0.        ]],

       ...,

       [[ 0.        ,  0.03946764,  0.06990192, ..., -0.99794292,
         -0.99670105, -0.99867945],
        [-0.03946764,  0.        ,  0.03047636, ..., -0.99969559,
         -0.99912768, -0.99587369],
        [-0.06990192, -0.03047636,  0.        , ..., -0.99998314,
         -0.99993626, -0.99264536],
        ...,
        [ 0.99794292,  0.99969559,  0.99998314, ...,  0.        ,
          0.01709626, -0.11529311],
        [ 0.99670105,  0.99912768,  0.99993626, ..., -0.01709626,
          0.        , -0.13225851],
        [ 0.99867945,  0.99587369,  0.99264536, ...,  0.11529311,
          0.13225851,  0.        ]],

       [[ 0.        ,  0.54256998,  0.73989159, ...,  0.87123608,
          0.91484372,  0.94331803],
        [-0.54256998,  0.        ,  0.25651579, ...,  0.99817574,
          0.98757257,  0.9724708 ],
        [-0.73989159, -0.25651579,  0.        , ...,  0.94928958,
          0.91421347,  0.88015743],
        ...,
        [-0.87123608, -0.99817574, -0.94928958, ...,  0.        ,
         -0.09725188, -0.17388639],
        [-0.91484372, -0.98757257, -0.91421347, ...,  0.09725188,
          0.        , -0.07729181],
        [-0.94331803, -0.9724708 , -0.88015743, ...,  0.17388639,
          0.07729181,  0.        ]],

       [[ 0.        , -0.05454319, -0.18046884, ...,  0.98865303,
          0.98975252,  0.99291384],
        [ 0.05454319,  0.        , -0.12655257, ...,  0.97898802,
          0.98049078,  0.98495408],
        [ 0.18046884,  0.12655257,  0.        , ...,  0.94531054,
          0.94773172,  0.95516461],
        ...,
        [-0.98865303, -0.97898802, -0.94531054, ...,  0.        ,
         -0.00750465, -0.03166459],
        [-0.98975252, -0.98049078, -0.94773172, ...,  0.00750465,
          0.        , -0.02416281],
        [-0.99291384, -0.98495408, -0.95516461, ...,  0.03166459,
          0.02416281,  0.        ]]]), 'num': array([ 3.39127680e+07,  9.56068000e+05,  5.29000000e+02,  6.23000000e+04,
        6.38000000e+04,  6.21000000e+04,  9.50560000e+04, -1.20000000e+03,
        6.38000000e+04,  6.53700000e+04,  6.58300000e+04,  3.30645161e+01,
        6.91863333e+04,  6.15536667e+04])}
{'img': array([[[ 0.        ,  0.16705465, -0.24532996, ...,  0.29808185,
          0.09751035, -0.21580959],
        [-0.16705465,  0.        , -0.40383189, ...,  0.1344327 ,
         -0.07011845, -0.37589504],
        [ 0.24532996,  0.40383189,  0.        , ...,  0.5231497 ,
          0.33869124,  0.0303345 ],
        ...,
        [-0.29808185, -0.1344327 , -0.5231497 , ...,  0.        ,
         -0.20358379, -0.49705665],
        [-0.09751035,  0.07011845, -0.33869124, ...,  0.20358379,
          0.        , -0.30999372],
        [ 0.21580959,  0.37589504, -0.0303345 , ...,  0.49705665,
          0.30999372,  0.        ]],

       [[ 0.        , -0.57988656, -0.59343884, ..., -0.99798169,
         -0.91770053, -0.91251772],
        [ 0.57988656,  0.        , -0.01673441, ..., -0.77622879,
         -0.97802128, -0.5062305 ],
        [ 0.59343884,  0.01673441,  0.        , ..., -0.76556986,
         -0.97439512, -0.49172789],
        ...,
        [ 0.99798169,  0.77622879,  0.76556986, ...,  0.        ,
         -0.45474716,  0.35026464],
        [ 0.91770053,  0.97802128,  0.97439512, ...,  0.45474716,
          0.        ,  0.73789218],
        [ 0.91251772,  0.5062305 ,  0.49172789, ..., -0.35026464,
         -0.73789218,  0.        ]],

       [[ 0.        ,  0.540738  ,  0.61746227, ...,  0.89594315,
          0.89594315,  0.83622461],
        [-0.540738  ,  0.        ,  0.09405897, ...,  0.51348046,
          0.51348046,  0.40689092],
        [-0.61746227, -0.09405897,  0.        , ...,  0.43049189,
          0.43049189,  0.31916635],
        ...,
        [-0.89594315, -0.51348046, -0.43049189, ...,  0.        ,
          0.        , -0.11989884],
        [-0.89594315, -0.51348046, -0.43049189, ...,  0.        ,
          0.        , -0.11989884],
        [-0.83622461, -0.40689092, -0.31916635, ...,  0.11989884,
          0.11989884,  0.        ]],

       ...,

       [[ 0.        ,  0.03047636, -0.44269388, ..., -0.99912768,
         -0.99587369, -0.99926363],
        [-0.03047636,  0.        , -0.46981557, ..., -0.99993626,
         -0.99264536, -0.9976301 ],
        [ 0.44269388,  0.46981557,  0.        , ..., -0.8774038 ,
         -0.9331474 , -0.91299837],
        ...,
        [ 0.99912768,  0.99993626,  0.8774038 , ...,  0.        ,
         -0.13225851, -0.08006489],
        [ 0.99587369,  0.99264536,  0.9331474 , ...,  0.13225851,
          0.        ,  0.05247238],
        [ 0.99926363,  0.9976301 ,  0.91299837, ...,  0.08006489,
         -0.05247238,  0.        ]],

       [[ 0.        ,  0.57497627,  0.68608337, ...,  0.93601164,
          0.96178726,  0.98087812],
        [-0.57497627,  0.        ,  0.14302446, ...,  0.96819057,
          0.94433283,  0.91442875],
        [-0.68608337, -0.14302446,  0.        , ...,  0.92245004,
          0.88757044,  0.84713894],
        ...,
        [-0.93601164, -0.96819057, -0.92245004, ...,  0.        ,
         -0.08224137, -0.16306932],
        [-0.96178726, -0.94433283, -0.88757044, ...,  0.08224137,
          0.        , -0.08137638],
        [-0.98087812, -0.91442875, -0.84713894, ...,  0.16306932,
          0.08137638,  0.        ]],

       [[ 0.        , -0.12655257,  0.11229929, ...,  0.98049078,
          0.98495408,  0.9912768 ],
        [ 0.12655257,  0.        ,  0.23714845, ...,  0.94773172,
          0.95516461,  0.96662766],
        [-0.11229929, -0.23714845,  0.        , ...,  0.99636273,
          0.99813083,  0.99980706],
        ...,
        [-0.98049078, -0.94773172, -0.99636273, ...,  0.        ,
         -0.02416281, -0.06562521],
        [-0.98495408, -0.95516461, -0.99813083, ...,  0.02416281,
          0.        , -0.04149532],
        [-0.9912768 , -0.96662766, -0.99980706, ...,  0.06562521,
          0.04149532,  0.        ]]]), 'num': array([3.39667620e+07, 2.08362000e+05, 5.41000000e+02, 6.24000000e+04,
       6.34000000e+04, 6.22000000e+04, 7.02620000e+04, 1.00000000e+02,
       6.33000000e+04, 6.51050000e+04, 6.58183333e+04, 3.25203252e+01,
       6.89730615e+04, 6.12369385e+04])}
{'img': array([[[ 0.        , -0.40383189, -0.1919726 , ..., -0.07011845,
         -0.37589504, -0.34843905],
        [ 0.40383189,  0.        ,  0.22069782, ...,  0.33869124,
          0.0303345 ,  0.05976071],
        [ 0.1919726 , -0.22069782,  0.        , ...,  0.12268582,
         -0.19100974, -0.16201623],
        ...,
        [ 0.07011845, -0.33869124, -0.12268582, ...,  0.        ,
         -0.30999372, -0.28185719],
        [ 0.37589504, -0.0303345 ,  0.19100974, ...,  0.30999372,
          0.        ,  0.02945293],
        [ 0.34843905, -0.05976071,  0.16201623, ...,  0.28185719,
         -0.02945293,  0.        ]],

       [[ 0.        , -0.01673441,  0.28935339, ..., -0.97802128,
         -0.5062305 , -0.68790078],
        [ 0.01673441,  0.        ,  0.30533142, ..., -0.97439512,
         -0.49172789, -0.67565854],
        [-0.28935339, -0.30533142,  0.        , ..., -0.99651548,
         -0.73411299, -0.86848806],
        ...,
        [ 0.97802128,  0.97439512,  0.99651548, ...,  0.        ,
          0.73789218,  0.56642167],
        [ 0.5062305 ,  0.49172789,  0.73411299, ..., -0.73789218,
          0.        , -0.22581992],
        [ 0.68790078,  0.67565854,  0.86848806, ..., -0.56642167,
          0.22581992,  0.        ]],

       [[ 0.        ,  0.18336162,  0.34414043, ...,  0.68879858,
          0.58054413,  0.41201528],
        [-0.18336162,  0.        ,  0.16614415, ...,  0.54419185,
          0.421403  ,  0.2379549 ],
        [-0.34414043, -0.16614415,  0.        , ...,  0.39723997,
          0.2648744 ,  0.07327582],
        ...,
        [-0.68879858, -0.54419185, -0.39723997, ...,  0.        ,
         -0.13997256, -0.32892576],
        [-0.58054413, -0.421403  , -0.2648744 , ...,  0.13997256,
          0.        , -0.19350372],
        [-0.41201528, -0.2379549 , -0.07327582, ...,  0.32892576,
          0.19350372,  0.        ]],

       ...,

       [[ 0.        , -0.46981557, -0.33820795, ..., -0.99264536,
         -0.9976301 , -0.99618415],
        [ 0.46981557,  0.        ,  0.14357198, ..., -0.9331474 ,
         -0.91299837, -0.92039984],
        [ 0.33820795, -0.14357198,  0.        , ..., -0.97509315,
         -0.96211168, -0.96699794],
        ...,
        [ 0.99264536,  0.9331474 ,  0.97509315, ...,  0.        ,
          0.05247238,  0.0339623 ],
        [ 0.9976301 ,  0.91299837,  0.96211168, ..., -0.05247238,
          0.        , -0.0185266 ],
        [ 0.99618415,  0.92039984,  0.96699794, ..., -0.0339623 ,
          0.0185266 ,  0.        ]],

       [[ 0.        ,  0.43529581,  0.60996064, ...,  0.97955583,
          0.99347161,  0.99792062],
        [-0.43529581,  0.        ,  0.20419773, ...,  0.9694514 ,
          0.94406844,  0.92647242],
        [-0.60996064, -0.20419773,  0.        , ...,  0.8989384 ,
          0.85684248,  0.83009893],
        ...,
        [-0.97955583, -0.9694514 , -0.8989384 , ...,  0.        ,
         -0.08811181, -0.13761694],
        [-0.99347161, -0.94406844, -0.85684248, ...,  0.08811181,
          0.        , -0.04980822],
        [-0.99792062, -0.92647242, -0.83009893, ...,  0.13761694,
          0.04980822,  0.        ]],

       [[ 0.        ,  0.23714845,  0.36722777, ...,  0.95516461,
          0.96662766,  0.97695203],
        [-0.23714845,  0.        ,  0.13617289, ...,  0.99813083,
          0.99980706,  0.9997044 ],
        [-0.36722777, -0.13617289,  0.        , ...,  0.99715532,
          0.9931688 ,  0.98708148],
        ...,
        [-0.95516461, -0.99813083, -0.99715532, ...,  0.        ,
         -0.04149532, -0.08536288],
        [-0.96662766, -0.99980706, -0.9931688 , ...,  0.04149532,
          0.        , -0.04394549],
        [-0.97695203, -0.9997044 , -0.98708148, ...,  0.08536288,
          0.04394549,  0.        ]]]), 'num': array([3.40753450e+07, 8.35450000e+04, 5.43000000e+02, 6.26000000e+04,
       6.26000000e+04, 6.14000000e+04, 5.30820000e+04, 2.00000000e+02,
       6.30400000e+04, 6.48150000e+04, 6.57983333e+04, 3.38709677e+01,
       6.85175802e+04, 6.11124198e+04])}
{'img': array([[[ 0.        ,  0.22069782,  0.40383189, ...,  0.0303345 ,
          0.05976071,  0.11617235],
        [-0.22069782,  0.        ,  0.1919726 , ..., -0.19100974,
         -0.16201623, -0.10589569],
        [-0.40383189, -0.1919726 ,  0.        , ..., -0.37589504,
         -0.34843905, -0.29481924],
        ...,
        [-0.0303345 ,  0.19100974,  0.37589504, ...,  0.        ,
          0.02945293,  0.08598978],
        [-0.05976071,  0.16201623,  0.34843905, ..., -0.02945293,
          0.        ,  0.05660864],
        [-0.11617235,  0.10589569,  0.29481924, ..., -0.08598978,
         -0.05660864,  0.        ]],

       [[ 0.        ,  0.30533142,  0.71408708, ..., -0.49172789,
         -0.67565854, -0.81969339],
        [-0.30533142,  0.        ,  0.46623731, ..., -0.73411299,
         -0.86848806, -0.95544449],
        [-0.71408708, -0.46623731,  0.        , ..., -0.96602805,
         -0.99943492, -0.98286289],
        ...,
        [ 0.49172789,  0.73411299,  0.96602805, ...,  0.        ,
         -0.22581992, -0.43208416],
        [ 0.67565854,  0.86848806,  0.99943492, ...,  0.22581992,
          0.        , -0.2172711 ],
        [ 0.81969339,  0.95544449,  0.98286289, ...,  0.43208416,
          0.2172711 ,  0.        ]],

       [[ 0.        ,  0.16614415,  0.18491237, ...,  0.421403  ,
          0.2379549 ,  0.1163654 ],
        [-0.16614415,  0.        ,  0.01906337, ...,  0.2648744 ,
          0.07327582, -0.05026735],
        [-0.18491237, -0.01906337,  0.        , ...,  0.24644378,
          0.05425039, -0.06929748],
        ...,
        [-0.421403  , -0.2648744 , -0.24644378, ...,  0.        ,
         -0.19350372, -0.31301149],
        [-0.2379549 , -0.07327582, -0.05425039, ...,  0.19350372,
          0.        , -0.1233154 ],
        [-0.1163654 ,  0.05026735,  0.06929748, ...,  0.31301149,
          0.1233154 ,  0.        ]],

       ...,

       [[ 0.        ,  0.14357198,  0.37881132, ..., -0.91299837,
         -0.92039984, -0.9016093 ],
        [-0.14357198,  0.        ,  0.24201466, ..., -0.96211168,
         -0.96699794, -0.95437077],
        [-0.37881132, -0.24201466,  0.        , ..., -0.99949726,
         -0.99991311, -0.99827124],
        ...,
        [ 0.91299837,  0.96211168,  0.99949726, ...,  0.        ,
         -0.0185266 ,  0.02709527],
        [ 0.92039984,  0.96699794,  0.99991311, ...,  0.0185266 ,
          0.        ,  0.04561042],
        [ 0.9016093 ,  0.95437077,  0.99827124, ..., -0.02709527,
         -0.04561042,  0.        ]],

       [[ 0.        ,  0.46275775,  0.65975851, ...,  0.99771296,
          0.99988196,  0.99536405],
        [-0.46275775,  0.        ,  0.23711375, ...,  0.91573667,
          0.89349028,  0.83786748],
        [-0.65975851, -0.23711375,  0.        , ...,  0.79435428,
          0.76152599,  0.68453893],
        ...,
        [-0.99771296, -0.91573667, -0.79435428, ...,  0.        ,
         -0.05225573, -0.16323902],
        [-0.99988196, -0.89349028, -0.76152599, ...,  0.05225573,
          0.        , -0.11146119],
        [-0.99536405, -0.83786748, -0.68453893, ...,  0.16323902,
          0.11146119,  0.        ]],

       [[ 0.        ,  0.28656965,  0.37901154, ...,  0.96941618,
          0.97936943,  0.98273147],
        [-0.28656965,  0.        ,  0.09792633, ...,  0.99908897,
          0.99620352,  0.99454125],
        [-0.37901154, -0.09792633,  0.        , ...,  0.99010794,
          0.98289048,  0.97954312],
        ...,
        [-0.96941618, -0.99908897, -0.99010794, ...,  0.        ,
         -0.04446177, -0.06180626],
        [-0.97936943, -0.99620352, -0.98289048, ...,  0.04446177,
          0.        , -0.01736837],
        [-0.98273147, -0.99454125, -0.97954312, ...,  0.06180626,
          0.01736837,  0.        ]]]), 'num': array([ 3.39439990e+07,  1.00830990e+07,  3.83000000e+02,  6.23000000e+04,
        6.29000000e+04,  6.20000000e+04,  4.77900000e+04, -3.00000000e+02,
        6.26200000e+04,  6.45500000e+04,  6.58000000e+04,  3.55932203e+01,
        6.81751897e+04,  6.09248103e+04])}
{'img': array([[[ 0.        ,  0.1919726 ,  0.36327961, ..., -0.16201623,
         -0.10589569, -0.19100974],
        [-0.1919726 ,  0.        ,  0.17766566, ..., -0.34843905,
         -0.29481924, -0.37589504],
        [-0.36327961, -0.17766566,  0.        , ..., -0.5094273 ,
         -0.4598979 , -0.53455095],
        ...,
        [ 0.16201623,  0.34843905,  0.5094273 , ...,  0.        ,
          0.05660864, -0.02945293],
        [ 0.10589569,  0.29481924,  0.4598979 , ..., -0.05660864,
          0.        , -0.08598978],
        [ 0.19100974,  0.37589504,  0.53455095, ...,  0.02945293,
          0.08598978,  0.        ]],

       [[ 0.        ,  0.46623731,  0.63535481, ..., -0.86848806,
         -0.95544449, -0.97953934],
        [-0.46623731,  0.        ,  0.20203484, ..., -0.99943492,
         -0.98286289, -0.96039053],
        [-0.63535481, -0.20203484,  0.        , ..., -0.98561594,
         -0.9253519 , -0.88428715],
        ...,
        [ 0.86848806,  0.99943492,  0.98561594, ...,  0.        ,
         -0.2172711 , -0.31078187],
        [ 0.95544449,  0.98286289,  0.9253519 , ...,  0.2172711 ,
          0.        , -0.09684558],
        [ 0.97953934,  0.96039053,  0.88428715, ...,  0.31078187,
          0.09684558,  0.        ]],

       [[ 0.        ,  0.01906337,  0.14772696, ...,  0.07327582,
         -0.05026735, -0.34414043],
        [-0.01906337,  0.        ,  0.1288459 , ...,  0.05425039,
         -0.06929748, -0.36197683],
        [-0.14772696, -0.1288459 ,  0.        , ..., -0.07485797,
         -0.19725602, -0.47906811],
        ...,
        [-0.07327582, -0.05425039,  0.07485797, ...,  0.        ,
         -0.1233154 , -0.41201528],
        [ 0.05026735,  0.06929748,  0.19725602, ...,  0.1233154 ,
          0.        , -0.29650844],
        [ 0.34414043,  0.36197683,  0.47906811, ...,  0.41201528,
          0.29650844,  0.        ]],

       ...,

       [[ 0.        ,  0.24201466,  0.71801275, ..., -0.96699794,
         -0.95437077, -0.93594983],
        [-0.24201466,  0.        ,  0.52821865, ..., -0.99991311,
         -0.99827124, -0.99334791],
        [-0.71801275, -0.52821865,  0.        , ..., -0.85599783,
         -0.87868665, -0.90428537],
        ...,
        [ 0.96699794,  0.99991311,  0.85599783, ...,  0.        ,
          0.04561042,  0.10204702],
        [ 0.95437077,  0.99827124,  0.87868665, ..., -0.04561042,
          0.        ,  0.0565685 ],
        [ 0.93594983,  0.99334791,  0.90428537, ..., -0.10204702,
         -0.0565685 ,  0.        ]],

       [[ 0.        ,  0.51553397,  0.71919565, ...,  0.99903665,
          0.98676788,  0.96797841],
        [-0.51553397,  0.        ,  0.25805964, ...,  0.83342019,
          0.76194263,  0.70001457],
        [-0.71919565, -0.25805964,  0.        , ...,  0.66257736,
          0.56900395,  0.4920166 ],
        ...,
        [-0.99903665, -0.83342019, -0.66257736, ...,  0.        ,
         -0.11868016, -0.20831322],
        [-0.98676788, -0.76194263, -0.56900395, ...,  0.11868016,
          0.        , -0.0907644 ],
        [-0.96797841, -0.70001457, -0.4920166 , ...,  0.20831322,
          0.0907644 ,  0.        ]],

       [[ 0.        ,  0.25616597,  0.34699624, ...,  0.98274098,
          0.98585824,  0.9899587 ],
        [-0.25616597,  0.        ,  0.09516847, ...,  0.99733704,
          0.99589158,  0.99313739],
        [-0.34699624, -0.09516847,  0.        , ...,  0.98586963,
          0.98275355,  0.97749943],
        ...,
        [-0.98274098, -0.99733704, -0.98586963, ...,  0.        ,
         -0.01768179, -0.04421224],
        [-0.98585824, -0.99589158, -0.98275355, ...,  0.01768179,
          0.        , -0.02654083],
        [-0.9899587 , -0.99313739, -0.97749943, ...,  0.04421224,
          0.02654083,  0.        ]]]), 'num': array([3.43528630e+07, 5.59686300e+06, 4.55000000e+02, 6.32000000e+04,
       6.39000000e+04, 6.23000000e+04, 7.18600000e+04, 9.00000000e+02,
       6.25600000e+04, 6.43100000e+04, 6.58033333e+04, 5.10000000e+01,
       6.76108484e+04, 6.10091516e+04])}
{'img': array([[[ 0.        ,  0.17766566,  0.24112644, ..., -0.29481924,
         -0.37589504, -0.14242235],
        [-0.17766566,  0.        ,  0.06486693, ..., -0.4598979 ,
         -0.53455095, -0.31601107],
        [-0.24112644, -0.06486693,  0.        , ..., -0.51652932,
         -0.58824654, -0.37688838],
        ...,
        [ 0.29481924,  0.4598979 ,  0.51652932, ...,  0.        ,
         -0.08598978,  0.15572174],
        [ 0.37589504,  0.53455095,  0.58824654, ...,  0.08598978,
          0.        ,  0.24008574],
        [ 0.14242235,  0.31601107,  0.37688838, ..., -0.15572174,
         -0.24008574,  0.        ]],

       [[ 0.        ,  0.20203484,  0.13583396, ..., -0.98286289,
         -0.96039053, -0.99873058],
        [-0.20203484,  0.        , -0.06712947, ..., -0.9253519 ,
         -0.88428715, -0.98831177],
        [-0.13583396,  0.06712947,  0.        , ..., -0.94871396,
         -0.91363811, -0.99631604],
        ...,
        [ 0.98286289,  0.9253519 ,  0.94871396, ...,  0.        ,
         -0.09684558,  0.23361181],
        [ 0.96039053,  0.88428715,  0.91363811, ...,  0.09684558,
          0.        ,  0.32667956],
        [ 0.99873058,  0.98831177,  0.99631604, ..., -0.23361181,
         -0.32667956,  0.        ]],

       [[ 0.        ,  0.1288459 ,  0.21144238, ..., -0.06929748,
         -0.36197683, -0.43994739],
        [-0.1288459 ,  0.        ,  0.08374717, ..., -0.19725602,
         -0.47906811, -0.55198692],
        [-0.21144238, -0.08374717,  0.        , ..., -0.27866478,
         -0.55089656, -0.61988062],
        ...,
        [ 0.06929748,  0.19725602,  0.27866478, ...,  0.        ,
         -0.29650844, -0.376659  ],
        [ 0.36197683,  0.47906811,  0.55089656, ...,  0.29650844,
          0.        , -0.08504956],
        [ 0.43994739,  0.55198692,  0.61988062, ...,  0.376659  ,
          0.08504956,  0.        ]],

       ...,

       [[ 0.        ,  0.52821865,  0.29961297, ..., -0.99827124,
         -0.99334791, -0.83587616],
        [-0.52821865,  0.        , -0.24954883, ..., -0.87868665,
         -0.90428537, -0.99969822],
        [-0.29961297,  0.24954883,  0.        , ..., -0.9700213 ,
         -0.9822153 , -0.96193968],
        ...,
        [ 0.99827124,  0.87868665,  0.9700213 , ...,  0.        ,
          0.0565685 ,  0.49884033],
        [ 0.99334791,  0.90428537,  0.9822153 , ..., -0.0565685 ,
          0.        ,  0.44901397],
        [ 0.83587616,  0.99969822,  0.96193968, ..., -0.49884033,
         -0.44901397,  0.        ]],

       [[ 0.        ,  0.56448041,  0.73444764, ...,  0.96780034,
          0.93769281,  0.86295658],
        [-0.56448041,  0.        ,  0.22315392, ...,  0.65677686,
          0.57787782,  0.42710489],
        [-0.73444764, -0.22315392,  0.        , ...,  0.47193805,
          0.38118449,  0.21455844],
        ...,
        [-0.96780034, -0.65677686, -0.47193805, ...,  0.        ,
         -0.10024191, -0.27178563],
        [-0.93769281, -0.57787782, -0.38118449, ...,  0.10024191,
          0.        , -0.17394808],
        [-0.86295658, -0.42710489, -0.21455844, ...,  0.27178563,
          0.17394808,  0.        ]],

       [[ 0.        ,  0.2401102 ,  0.40440639, ...,  0.98815517,
          0.99192977,  0.99032351],
        [-0.2401102 ,  0.        ,  0.1729759 , ...,  0.99609416,
          0.99335472,  0.99467425],
        [-0.40440639, -0.1729759 ,  0.        , ...,  0.96580576,
          0.95847263,  0.9618522 ],
        ...,
        [-0.98815517, -0.99609416, -0.96580576, ...,  0.        ,
         -0.02693282, -0.01483887],
        [-0.99192977, -0.99335472, -0.95847263, ...,  0.02693282,
          0.        ,  0.01209636],
        [-0.99032351, -0.99467425, -0.9618522 , ...,  0.01483887,
         -0.01209636,  0.        ]]]), 'num': array([ 3.34234580e+07,  3.44775800e+06,  4.89000000e+02,  6.13000000e+04,
        6.34000000e+04,  6.09000000e+04,  1.22060000e+05, -1.90000000e+03,
        6.23600000e+04,  6.39600000e+04,  6.57616667e+04,  3.26732673e+01,
        6.69655948e+04,  6.09544052e+04])}
{'img': array([[[ 0.        ,  0.06486693, -0.17766566, ..., -0.53455095,
         -0.31601107, -0.80805292],
        [-0.06486693,  0.        , -0.24112644, ..., -0.58824654,
         -0.37688838, -0.84456485],
        [ 0.17766566,  0.24112644,  0.        , ..., -0.37589504,
         -0.14242235, -0.69053293],
        ...,
        [ 0.53455095,  0.58824654,  0.37589504, ...,  0.        ,
          0.24008574, -0.36800555],
        [ 0.31601107,  0.37688838,  0.14242235, ..., -0.24008574,
          0.        , -0.5804794 ],
        [ 0.80805292,  0.84456485,  0.69053293, ...,  0.36800555,
          0.5804794 ,  0.        ]],

       [[ 0.        , -0.06712947, -0.64421011, ..., -0.88428715,
         -0.98831177, -0.96617903],
        [ 0.06712947,  0.        , -0.59141307, ..., -0.91363811,
         -0.99631604, -0.94668877],
        [ 0.64421011,  0.59141307,  0.        , ..., -0.97715549,
         -0.85411622, -0.57285676],
        ...,
        [ 0.88428715,  0.91363811,  0.97715549, ...,  0.        ,
          0.32667956,  0.67918412],
        [ 0.98831177,  0.99631604,  0.85411622, ..., -0.32667956,
          0.        ,  0.40214846],
        [ 0.96617903,  0.94668877,  0.57285676, ..., -0.67918412,
         -0.40214846,  0.        ]],

       [[ 0.        ,  0.07809869,  0.18238821, ..., -0.40187485,
         -0.44349639, -0.7058781 ],
        [-0.07809869,  0.        ,  0.10504241, ..., -0.47216193,
         -0.51213978, -0.75904199],
        [-0.18238821, -0.10504241,  0.        , ..., -0.56214594,
         -0.59952765, -0.82322977],
        ...,
        [ 0.40187485,  0.47216193,  0.56214594, ...,  0.        ,
         -0.0459164 , -0.36170741],
        [ 0.44349639,  0.51213978,  0.59952765, ...,  0.0459164 ,
          0.        , -0.31851843],
        [ 0.7058781 ,  0.75904199,  0.82322977, ...,  0.36170741,
          0.31851843,  0.        ]],

       ...,

       [[ 0.        , -0.24954883, -0.62643181, ..., -0.90428537,
         -0.99969822, -0.85868874],
        [ 0.24954883,  0.        , -0.41209551, ..., -0.9822153 ,
         -0.96193968, -0.95941487],
        [ 0.62643181,  0.41209551,  0.        , ..., -0.97231056,
         -0.76385235, -0.99037217],
        ...,
        [ 0.90428537,  0.9822153 ,  0.97231056, ...,  0.        ,
          0.44901397, -0.09684523],
        [ 0.99969822,  0.96193968,  0.76385235, ..., -0.44901397,
          0.        , -0.53343697],
        [ 0.85868874,  0.95941487,  0.99037217, ...,  0.09684523,
          0.53343697,  0.        ]],

       [[ 0.        ,  0.54384865,  0.65055577, ...,  0.87927567,
          0.76060379,  0.53173718],
        [-0.54384865,  0.        ,  0.13290509, ...,  0.47883118,
          0.28521059, -0.01436557],
        [-0.65055577, -0.13290509,  0.        , ...,  0.35790505,
          0.15529556, -0.14712951],
        ...,
        [-0.87927567, -0.47883118, -0.35790505, ...,  0.        ,
         -0.2085545 , -0.4913934 ],
        [-0.76060379, -0.28521059, -0.15529556, ...,  0.2085545 ,
          0.        , -0.29895005],
        [-0.53173718,  0.01436557,  0.14712951, ...,  0.4913934 ,
          0.29895005,  0.        ]],

       [[ 0.        ,  0.3327927 ,  0.49401   , ...,  0.99350066,
          0.99203103,  0.9930022 ],
        [-0.3327927 ,  0.        ,  0.17650275, ...,  0.97475171,
          0.97741508,  0.97570252],
        [-0.49401   , -0.17650275,  0.        , ...,  0.92003668,
          0.92476974,  0.92171246],
        ...,
        [-0.99350066, -0.97475171, -0.92003668, ...,  0.        ,
          0.01225564,  0.00429847],
        [-0.99203103, -0.97741508, -0.92476974, ..., -0.01225564,
          0.        , -0.00795738],
        [-0.9930022 , -0.97570252, -0.92171246, ..., -0.00429847,
          0.00795738,  0.        ]]]), 'num': array([ 3.21727800e+07,  1.48588000e+06,  5.21000000e+02,  5.89000000e+04,
        6.17000000e+04,  5.85000000e+04,  1.38413000e+05, -2.40000000e+03,
        6.16600000e+04,  6.35800000e+04,  6.56666667e+04,  2.84482759e+01,
        6.70851961e+04,  6.00748039e+04])}
{'img': array([[[ 0.        , -0.19226697,  0.10570453, ..., -0.29629297,
         -0.62105889, -0.998614  ],
        [ 0.19226697,  0.        ,  0.29492218, ..., -0.1071313 ,
         -0.45877967, -0.99010183],
        [-0.10570453, -0.29492218,  0.        , ..., -0.3955911 ,
         -0.70042685, -0.98745595],
        ...,
        [ 0.29629297,  0.1071313 ,  0.3955911 , ...,  0.        ,
         -0.36094781, -0.9693677 ],
        [ 0.62105889,  0.45877967,  0.70042685, ...,  0.36094781,
          0.        , -0.81536491],
        [ 0.998614  ,  0.99010183,  0.98745595, ...,  0.9693677 ,
          0.81536491,  0.        ]],

       [[ 0.        , -0.59141307, -0.30399549, ..., -0.99631604,
         -0.94668877, -0.90511849],
        [ 0.59141307,  0.        ,  0.31829107, ..., -0.85411622,
         -0.57285676, -0.47841445],
        [ 0.30399549, -0.31829107,  0.        , ..., -0.97523375,
         -0.80395324, -0.73303583],
        ...,
        [ 0.99631604,  0.85411622,  0.97523375, ...,  0.        ,
          0.40214846,  0.50121381],
        [ 0.94668877,  0.57285676,  0.80395324, ..., -0.40214846,
          0.        ,  0.11091006],
        [ 0.90511849,  0.47841445,  0.73303583, ..., -0.50121381,
         -0.11091006,  0.        ]],

       [[ 0.        ,  0.086727  ,  0.21414196, ..., -0.35620209,
         -0.43097061, -0.858313  ],
        [-0.086727  ,  0.        ,  0.12861994, ..., -0.43589844,
         -0.50760626, -0.8995809 ],
        [-0.21414196, -0.12861994,  0.        , ..., -0.54803527,
         -0.61420761, -0.94828424],
        ...,
        [ 0.35620209,  0.43589844,  0.54803527, ...,  0.        ,
         -0.08127816, -0.61923862],
        [ 0.43097061,  0.50760626,  0.61420761, ...,  0.08127816,
          0.        , -0.55337   ],
        [ 0.858313  ,  0.8995809 ,  0.94828424, ...,  0.61923862,
          0.55337   ,  0.        ]],

       ...,

       [[ 0.        , -0.58907548, -0.76366375, ..., -0.99915777,
         -0.86331716, -0.77621787],
        [ 0.58907548,  0.        , -0.23678441, ..., -0.78322557,
         -0.99491148, -0.99863593],
        [ 0.76366375,  0.23678441,  0.        , ..., -0.61373458,
         -0.94276169, -0.98260035],
        ...,
        [ 0.99915777,  0.78322557,  0.61373458, ...,  0.        ,
         -0.53966169, -0.66178475],
        [ 0.86331716,  0.99491148,  0.94276169, ...,  0.53966169,
          0.        , -0.15256357],
        [ 0.77621787,  0.99863593,  0.98260035, ...,  0.66178475,
          0.15256357,  0.        ]],

       [[ 0.        ,  0.30435738,  0.57278898, ...,  0.51170399,
         -0.12908538,  0.15260701],
        [-0.30435738,  0.        ,  0.29613206, ...,  0.22593545,
         -0.42477227, -0.15542541],
        [-0.57278898, -0.29613206,  0.        , ..., -0.07267319,
         -0.67380839, -0.44098747],
        ...,
        [-0.51170399, -0.22593545,  0.07267319, ...,  0.        ,
         -0.61832804, -0.37459626],
        [ 0.12908538,  0.42477227,  0.67380839, ...,  0.61832804,
          0.        ,  0.27890362],
        [-0.15260701,  0.15542541,  0.44098747, ...,  0.37459626,
         -0.27890362,  0.        ]],

       [[ 0.        ,  0.38166983,  0.49378951, ...,  0.99495181,
          0.99573827,  0.9992627 ],
        [-0.38166983,  0.        ,  0.124516  , ...,  0.95793474,
          0.95555881,  0.90896359],
        [-0.49378951, -0.124516  ,  0.        , ...,  0.91474534,
          0.91141489,  0.849982  ],
        ...,
        [-0.99495181, -0.95793474, -0.91474534, ...,  0.        ,
         -0.00816754, -0.13847959],
        [-0.99573827, -0.95555881, -0.91141489, ...,  0.00816754,
          0.        , -0.13038613],
        [-0.9992627 , -0.90896359, -0.849982  , ...,  0.13847959,
          0.13038613,  0.        ]]]), 'num': array([3.21727800e+07, 1.48588000e+06, 5.21000000e+02, 5.89000000e+04,
       5.98000000e+04, 5.89000000e+04, 6.74850000e+04, 0.00000000e+00,
       6.09200000e+04, 6.31900000e+04, 6.55666667e+04, 3.00000000e+01,
       6.69465410e+04, 5.94334590e+04])}
{'img': array([[[ 0.        ,  0.29492218,  0.29492218, ..., -0.45877967,
         -0.99010183, -0.99010183],
        [-0.29492218,  0.        ,  0.        , ..., -0.70042685,
         -0.98745595, -0.98745595],
        [-0.29492218,  0.        ,  0.        , ..., -0.70042685,
         -0.98745595, -0.98745595],
        ...,
        [ 0.45877967,  0.70042685,  0.70042685, ...,  0.        ,
         -0.81536491, -0.81536491],
        [ 0.99010183,  0.98745595,  0.98745595, ...,  0.81536491,
          0.        ,  0.        ],
        [ 0.99010183,  0.98745595,  0.98745595, ...,  0.81536491,
          0.        ,  0.        ]],

       [[ 0.        ,  0.31829107, -0.08867381, ..., -0.57285676,
         -0.47841445, -0.8775797 ],
        [-0.31829107,  0.        , -0.40109939, ..., -0.80395324,
         -0.73303583, -0.98453798],
        [ 0.08867381,  0.40109939,  0.        , ..., -0.49791814,
         -0.39866234, -0.83160972],
        ...,
        [ 0.57285676,  0.80395324,  0.49791814, ...,  0.        ,
          0.11091006, -0.44466787],
        [ 0.47841445,  0.73303583,  0.39866234, ..., -0.11091006,
          0.        , -0.54126612],
        [ 0.8775797 ,  0.98453798,  0.83160972, ...,  0.44466787,
          0.54126612,  0.        ]],

       [[ 0.        ,  0.11355588,  0.18839469, ..., -0.4146935 ,
         -0.61877215, -0.94735827],
        [-0.11355588,  0.        ,  0.0756536 , ..., -0.51534254,
         -0.70397585, -0.97758819],
        [-0.18839469, -0.0756536 ,  0.        , ..., -0.5786996 ,
         -0.75568936, -0.99071365],
        ...,
        [ 0.4146935 ,  0.51534254,  0.5786996 , ...,  0.        ,
         -0.23728764, -0.72928455],
        [ 0.61877215,  0.70397585,  0.75568936, ...,  0.23728764,
          0.        , -0.54610107],
        [ 0.94735827,  0.97758819,  0.99071365, ...,  0.72928455,
          0.54610107,  0.        ]],

       ...,

       [[ 0.        , -0.27412552, -0.28453684, ..., -0.99998904,
         -0.98849026, -0.99573132],
        [ 0.27412552,  0.        , -0.01084279, ..., -0.96040018,
         -0.99209602, -0.98289032],
        [ 0.28453684,  0.01084279,  0.        , ..., -0.95732266,
         -0.99067714, -0.98083539],
        ...,
        [ 0.99998904,  0.96040018,  0.95732266, ...,  0.        ,
         -0.15591006, -0.09695927],
        [ 0.98849026,  0.99209602,  0.99067714, ...,  0.15591006,
          0.        ,  0.05940188],
        [ 0.99573132,  0.98289032,  0.98083539, ...,  0.09695927,
         -0.05940188,  0.        ]],

       [[ 0.        ,  0.29055742,  0.43577971, ..., -0.33378242,
         -0.14807607, -0.43733857],
        [-0.29055742,  0.        ,  0.15546193, ..., -0.59327622,
         -0.42904201, -0.67976811],
        [-0.43577971, -0.15546193,  0.        , ..., -0.7112098 ,
         -0.56425203, -0.78552341],
        ...,
        [ 0.33378242,  0.59327622,  0.7112098 , ...,  0.        ,
          0.19051887, -0.11208776],
        [ 0.14807607,  0.42904201,  0.56425203, ..., -0.19051887,
          0.        , -0.29935298],
        [ 0.43733857,  0.67976811,  0.78552341, ...,  0.11208776,
          0.29935298,  0.        ]],

       [[ 0.        ,  0.33242363,  0.51671235, ...,  0.99840188,
          0.99685528,  0.98398928],
        [-0.33242363,  0.        ,  0.2027195 , ...,  0.96040908,
          0.91382186,  0.86878289],
        [-0.51671235, -0.2027195 ,  0.        , ...,  0.8839916 ,
          0.81252055,  0.7503589 ],
        ...,
        [-0.99840188, -0.96040908, -0.8839916 , ...,  0.        ,
         -0.13545185, -0.23355066],
        [-0.99685528, -0.91382186, -0.81252055, ...,  0.13545185,
          0.        , -0.09969236],
        [-0.98398928, -0.86878289, -0.7503589 , ...,  0.23355066,
          0.09969236,  0.        ]]]), 'num': array([3.27502470e+07, 1.25024700e+06, 5.25000000e+02, 6.00000000e+04,
       6.06000000e+04, 5.91000000e+04, 6.95340000e+04, 1.10000000e+03,
       6.04600000e+04, 6.28600000e+04, 6.55033333e+04, 3.52941176e+01,
       6.65186336e+04, 5.92013664e+04])}
{'img': array([[[ 0.        ,  0.        ,  0.21701129, ..., -0.98745595,
         -0.98745595, -0.89013545],
        [ 0.        ,  0.        ,  0.21701129, ..., -0.98745595,
         -0.98745595, -0.89013545],
        [-0.21701129, -0.21701129,  0.        , ..., -0.92965904,
         -0.92965904, -0.9678139 ],
        ...,
        [ 0.98745595,  0.98745595,  0.92965904, ...,  0.        ,
          0.        ,  0.59052746],
        [ 0.98745595,  0.98745595,  0.92965904, ...,  0.        ,
          0.        ,  0.59052746],
        [ 0.89013545,  0.89013545,  0.9678139 , ..., -0.59052746,
         -0.59052746,  0.        ]],

       [[ 0.        , -0.40109939, -0.44890476, ..., -0.73303583,
         -0.98453798, -0.98036938],
        [ 0.40109939,  0.        , -0.05279803, ..., -0.39866234,
         -0.83160972, -0.81896758],
        [ 0.44890476,  0.05279803,  0.        , ..., -0.34968533,
         -0.80112786, -0.78752768],
        ...,
        [ 0.73303583,  0.39866234,  0.34968533, ...,  0.        ,
         -0.54126612, -0.52230503],
        [ 0.98453798,  0.83160972,  0.80112786, ...,  0.54126612,
          0.        ,  0.02238852],
        [ 0.98036938,  0.81896758,  0.78752768, ...,  0.52230503,
         -0.02238852,  0.        ]],

       [[ 0.        ,  0.07142631,  0.15858773, ..., -0.63982945,
         -0.82824009, -0.98831877],
        [-0.07142631,  0.        ,  0.08766028, ..., -0.69308758,
         -0.86615007, -0.99667991],
        [-0.15858773, -0.08766028,  0.        , ..., -0.7536097 ,
         -0.90662697, -0.99998039],
        ...,
        [ 0.63982945,  0.69308758,  0.7536097 , ...,  0.        ,
         -0.27797311, -0.66202916],
        [ 0.82824009,  0.86615007,  0.90662697, ...,  0.27797311,
          0.        , -0.42760308],
        [ 0.98831877,  0.99667991,  0.99998039, ...,  0.66202916,
          0.42760308,  0.        ]],

       ...,

       [[ 0.        , -0.01084279,  0.14441543, ..., -0.99209602,
         -0.98289032, -0.93135216],
        [ 0.01084279,  0.        ,  0.15513606, ..., -0.99067714,
         -0.98083539, -0.92734934],
        [-0.14441543, -0.15513606,  0.        , ..., -0.99981742,
         -0.99918696, -0.97417343],
        ...,
        [ 0.99209602,  0.99067714,  0.99981742, ...,  0.        ,
          0.05940188,  0.2443747 ],
        [ 0.98289032,  0.98083539,  0.99918696, ..., -0.05940188,
          0.        ,  0.18634231],
        [ 0.93135216,  0.92734934,  0.97417343, ..., -0.2443747 ,
         -0.18634231,  0.        ]],

       [[ 0.        ,  0.12960373,  0.24214193, ..., -0.29828916,
         -0.37417825, -0.78549043],
        [-0.12960373,  0.        ,  0.11435284, ..., -0.41947694,
         -0.49121128, -0.85907385],
        [-0.24214193, -0.11435284,  0.        , ..., -0.52053088,
         -0.58759499, -0.91197019],
        ...,
        [ 0.29828916,  0.41947694,  0.52053088, ...,  0.        ,
         -0.08052351, -0.56512806],
        [ 0.37417825,  0.49121128,  0.58759499, ...,  0.08052351,
          0.        , -0.49686077],
        [ 0.78549043,  0.85907385,  0.91197019, ...,  0.56512806,
          0.49686077,  0.        ]],

       [[ 0.        ,  0.4135454 ,  0.61568373, ...,  0.99383939,
          0.97711516,  0.96835414],
        [-0.4135454 ,  0.        ,  0.23469884, ...,  0.85904115,
          0.80168157,  0.77845774],
        [-0.61568373, -0.23469884,  0.        , ...,  0.71490266,
          0.63899756,  0.60939419],
        ...,
        [-0.99383939, -0.85904115, -0.71490266, ...,  0.        ,
         -0.10310696, -0.14071997],
        [-0.97711516, -0.80168157, -0.63899756, ...,  0.10310696,
          0.        , -0.03788898],
        [-0.96835414, -0.77845774, -0.60939419, ...,  0.14071997,
          0.03788898,  0.        ]]]), 'num': array([ 3.23742450e+07,  5.30145000e+05,  5.37000000e+02,  5.93000000e+04,
        6.03000000e+04,  5.93000000e+04,  5.38360000e+04, -7.00000000e+02,
        5.96800000e+04,  6.25400000e+04,  6.54000000e+04,  2.82051282e+01,
        6.62679485e+04,  5.88120515e+04])}
{'img': array([[[ 0.        ,  0.21701129,  0.25397728, ..., -0.98745595,
         -0.89013545, -0.97626655],
        [-0.21701129,  0.        ,  0.03802924, ..., -0.92965904,
         -0.9678139 , -0.9999999 ],
        [-0.25397728, -0.03802924,  0.        , ..., -0.91497578,
         -0.97668451, -0.99925943],
        ...,
        [ 0.98745595,  0.92965904,  0.91497578, ...,  0.        ,
          0.59052746,  0.3680031 ],
        [ 0.89013545,  0.9678139 ,  0.97668451, ..., -0.59052746,
          0.        , -0.25210198],
        [ 0.97626655,  0.9999999 ,  0.99925943, ..., -0.3680031 ,
          0.25210198,  0.        ]],

       [[ 0.        , -0.05279803, -0.37915699, ..., -0.83160972,
         -0.81896758, -0.91635914],
        [ 0.05279803,  0.        , -0.32977242, ..., -0.80112786,
         -0.78752768, -0.89394294],
        [ 0.37915699,  0.32977242,  0.        , ..., -0.55894657,
         -0.54024183, -0.69613852],
        ...,
        [ 0.83160972,  0.80112786,  0.55894657, ...,  0.        ,
          0.02238852, -0.17596869],
        [ 0.81896758,  0.78752768,  0.54024183, ..., -0.02238852,
          0.        , -0.19796374],
        [ 0.91635914,  0.89394294,  0.69613852, ...,  0.17596869,
          0.19796374,  0.        ]],

       [[ 0.        ,  0.08108108,  0.15830116, ..., -0.76061776,
         -0.84942085, -1.        ],
        [-0.08108108,  0.        ,  0.07772123, ..., -0.81075127,
         -0.88941193, -0.99670751],
        [-0.15830116, -0.07772123,  0.        , ..., -0.85379615,
         -0.92224846, -0.98739088],
        ...,
        [ 0.76061776,  0.81075127,  0.85379615, ...,  0.        ,
         -0.15005381, -0.64919999],
        [ 0.84942085,  0.88941193,  0.92224846, ...,  0.15005381,
          0.        , -0.52771604],
        [ 1.        ,  0.99670751,  0.98739088, ...,  0.64919999,
          0.52771604,  0.        ]],

       ...,

       [[ 0.        ,  0.15513606,  0.12390831, ..., -0.98083539,
         -0.92734934, -0.99193438],
        [-0.15513606,  0.        , -0.03153236, ..., -0.99918696,
         -0.97417343, -0.99958902],
        [-0.12390831,  0.03153236,  0.        , ..., -0.99741883,
         -0.96656897, -0.99999589],
        ...,
        [ 0.98083539,  0.99918696,  0.99741883, ...,  0.        ,
          0.18634231, -0.06894347],
        [ 0.92734934,  0.97417343,  0.96656897, ..., -0.18634231,
          0.        , -0.25363483],
        [ 0.99193438,  0.99958902,  0.99999589, ...,  0.06894347,
          0.25363483,  0.        ]],

       [[ 0.        ,  0.10693436,  0.11155481, ..., -0.43621295,
         -0.65130352, -0.89023491],
        [-0.10693436,  0.        ,  0.00464826, ..., -0.52993593,
         -0.72871264, -0.93383916],
        [-0.11155481, -0.00464826,  0.        , ..., -0.5338721 ,
         -0.73188799, -0.93549173],
        ...,
        [ 0.43621295,  0.52993593,  0.5338721 , ...,  0.        ,
         -0.25506527, -0.60237633],
        [ 0.65130352,  0.72871264,  0.73188799, ...,  0.25506527,
          0.        , -0.37885582],
        [ 0.89023491,  0.93383916,  0.93549173, ...,  0.60237633,
          0.37885582,  0.        ]],

       [[ 0.        ,  0.4899144 ,  0.7366218 , ...,  0.96299113,
          0.95134434,  0.92788267],
        [-0.4899144 ,  0.        ,  0.31083368, ...,  0.70745916,
          0.67839676,  0.62622528],
        [-0.7366218 , -0.31083368,  0.        , ...,  0.45273168,
          0.41642373,  0.35286574],
        ...,
        [-0.96299113, -0.70745916, -0.45273168, ...,  0.        ,
         -0.04030746, -0.10897763],
        [-0.95134434, -0.67839676, -0.41642373, ...,  0.04030746,
          0.        , -0.06882167],
        [-0.92788267, -0.62622528, -0.35286574, ...,  0.10897763,
          0.06882167,  0.        ]]]), 'num': array([3.24829870e+07, 1.14987000e+05, 5.44000000e+02, 5.95000000e+04,
       6.12000000e+04, 5.90000000e+04, 7.46360000e+04, 2.00000000e+02,
       5.93200000e+04, 6.23650000e+04, 6.53000000e+04, 2.63157895e+01,
       6.63122902e+04, 5.84177098e+04])}
{'img': array([[[ 0.        ,  0.03802924, -0.18208767, ..., -0.9678139 ,
         -0.9999999 , -0.99633473],
        [-0.03802924,  0.        , -0.21934943, ..., -0.97668451,
         -0.99925943, -0.99886703],
        [ 0.18208767,  0.21934943,  0.        , ..., -0.90580884,
         -0.98336406, -0.96410252],
        ...,
        [ 0.9678139 ,  0.97668451,  0.90580884, ...,  0.        ,
         -0.25210198, -0.16795768],
        [ 0.9999999 ,  0.99925943,  0.98336406, ...,  0.25210198,
          0.        ,  0.08598791],
        [ 0.99633473,  0.99886703,  0.96410252, ...,  0.16795768,
         -0.08598791,  0.        ]],

       [[ 0.        , -0.32977242, -0.10298252, ..., -0.78752768,
         -0.89394294, -0.75391389],
        [ 0.32977242,  0.        ,  0.23079735, ..., -0.54024183,
         -0.69613852, -0.49508864],
        [ 0.10298252, -0.23079735,  0.        , ..., -0.71987453,
         -0.84303521, -0.6822487 ],
        ...,
        [ 0.78752768,  0.54024183,  0.71987453, ...,  0.        ,
         -0.19796374,  0.0527631 ],
        [ 0.89394294,  0.69613852,  0.84303521, ...,  0.19796374,
          0.        ,  0.24940687],
        [ 0.75391389,  0.49508864,  0.6822487 , ..., -0.0527631 ,
         -0.24940687,  0.        ]],

       [[ 0.        ,  0.0754197 ,  0.14767792, ..., -0.85138224,
         -0.96730517, -0.99371493],
        [-0.0754197 ,  0.        ,  0.07266455, ..., -0.88851849,
         -0.98367775, -0.98244221],
        [-0.14767792, -0.07266455,  0.        , ..., -0.9195111 ,
         -0.99415253, -0.96628824],
        ...,
        [ 0.85138224,  0.88851849,  0.9195111 , ...,  0.        ,
         -0.29147231, -0.61655296],
        [ 0.96730517,  0.98367775,  0.99415253, ...,  0.29147231,
          0.        , -0.36030172],
        [ 0.99371493,  0.98244221,  0.96628824, ...,  0.61655296,
          0.36030172,  0.        ]],

       ...,

       [[ 0.        , -0.03153236, -0.3418673 , ..., -0.97417343,
         -0.99958902, -0.99441895],
        [ 0.03153236,  0.        , -0.31206482, ..., -0.96656897,
         -0.99999589, -0.99725123],
        [ 0.3418673 ,  0.31206482,  0.        , ..., -0.83828376,
         -0.9491623 , -0.97057158],
        ...,
        [ 0.97417343,  0.96656897,  0.83828376, ...,  0.        ,
         -0.25363483, -0.32731936],
        [ 0.99958902,  0.99999589,  0.9491623 , ...,  0.25363483,
          0.        , -0.07695298],
        [ 0.99441895,  0.99725123,  0.97057158, ...,  0.32731936,
          0.07695298,  0.        ]],

       [[ 0.        ,  0.00464826, -0.07051162, ..., -0.72871264,
         -0.93383916, -0.86363133],
        [-0.00464826,  0.        , -0.07514755, ..., -0.73188799,
         -0.93549173, -0.8659653 ],
        [ 0.07051162,  0.07514755,  0.        , ..., -0.6786111 ,
         -0.90629327, -0.82593511],
        ...,
        [ 0.72871264,  0.73188799,  0.6786111 , ...,  0.        ,
         -0.37885582, -0.22407018],
        [ 0.93383916,  0.93549173,  0.90629327, ...,  0.37885582,
          0.        ,  0.16185562],
        [ 0.86363133,  0.8659653 ,  0.82593511, ...,  0.22407018,
         -0.16185562,  0.        ]],

       [[ 0.        ,  0.61163047,  0.81395662, ...,  0.91749563,
          0.88429761,  0.84358558],
        [-0.61163047,  0.        ,  0.28864472, ...,  0.48259729,
          0.41402162,  0.33895496],
        [-0.81395662, -0.28864472,  0.        , ...,  0.20924888,
          0.13365554,  0.05297007],
        ...,
        [-0.91749563, -0.48259729, -0.20924888, ...,  0.        ,
         -0.07667474, -0.15715768],
        [-0.88429761, -0.41402162, -0.13365554, ...,  0.07667474,
          0.        , -0.08097309],
        [-0.84358558, -0.33895496, -0.05297007, ...,  0.15715768,
          0.08097309,  0.        ]]]), 'num': array([ 3.22109870e+07,  1.14987000e+05,  5.44000000e+02,  5.90000000e+04,
        6.04000000e+04,  5.80000000e+04,  1.09511000e+05, -5.00000000e+02,
        5.93400000e+04,  6.20750000e+04,  6.51716667e+04,  2.75229358e+01,
        6.61152351e+04,  5.80347649e+04])}
{'img': array([[[ 0.        , -0.21934943, -0.20183893, ..., -0.99925943,
         -0.99886703, -0.97417545],
        [ 0.21934943,  0.        ,  0.01791152, ..., -0.98336406,
         -0.96410252, -0.99997816],
        [ 0.20183893, -0.01791152,  0.        , ..., -0.98645985,
         -0.96870391, -0.99969937],
        ...,
        [ 0.99925943,  0.98336406,  0.98645985, ...,  0.        ,
          0.08598791, -0.18814041],
        [ 0.99886703,  0.96410252,  0.96870391, ..., -0.08598791,
          0.        , -0.27189592],
        [ 0.97417545,  0.99997816,  0.99969937, ...,  0.18814041,
          0.27189592,  0.        ]],

       [[ 0.        ,  0.23079735,  0.06983186, ..., -0.69613852,
         -0.49508864, -0.22097342],
        [-0.23079735,  0.        , -0.1622874 , ..., -0.84303521,
         -0.6822487 , -0.44009955],
        [-0.06983186,  0.1622874 ,  0.        , ..., -0.7445719 ,
         -0.5545529 , -0.28853958],
        ...,
        [ 0.69613852,  0.84303521,  0.7445719 , ...,  0.        ,
          0.24940687,  0.52029138],
        [ 0.49508864,  0.6822487 ,  0.5545529 , ..., -0.24940687,
          0.        ,  0.29085887],
        [ 0.22097342,  0.44009955,  0.28853958, ..., -0.52029138,
         -0.29085887,  0.        ]],

       [[ 0.        ,  0.07266455,  0.08423149, ..., -0.98367775,
         -0.98244221, -0.99487829],
        [-0.07266455,  0.        ,  0.0116025 , ..., -0.99415253,
         -0.96628824, -0.98490332],
        [-0.08423149, -0.0116025 ,  0.        , ..., -0.99533851,
         -0.96323599, -0.98282857],
        ...,
        [ 0.98367775,  0.99415253,  0.99533851, ...,  0.        ,
         -0.36030172, -0.27844778],
        [ 0.98244221,  0.96628824,  0.96323599, ...,  0.36030172,
          0.        ,  0.08630622],
        [ 0.99487829,  0.98490332,  0.98282857, ...,  0.27844778,
         -0.08630622,  0.        ]],

       ...,

       [[ 0.        , -0.31206482, -0.50578842, ..., -0.99999589,
         -0.99725123, -0.99970327],
        [ 0.31206482,  0.        , -0.21132468, ..., -0.9491623 ,
         -0.97057158, -0.95738059],
        [ 0.50578842,  0.21132468,  0.        , ..., -0.86120406,
         -0.89776243, -0.87472227],
        ...,
        [ 0.99999589,  0.9491623 ,  0.86120406, ...,  0.        ,
         -0.07695298, -0.02722513],
        [ 0.99725123,  0.97057158,  0.89776243, ...,  0.07695298,
          0.        ,  0.04978006],
        [ 0.99970327,  0.95738059,  0.87472227, ...,  0.02722513,
         -0.04978006,  0.        ]],

       [[ 0.        , -0.07250712, -0.25378697, ..., -0.80900777,
         -0.78421375, -0.94629576],
        [ 0.07250712,  0.        , -0.18298573, ..., -0.76425884,
         -0.73715962, -0.9203633 ],
        [ 0.25378697,  0.18298573,  0.        , ..., -0.6333455 ,
         -0.60106623, -0.83326427],
        ...,
        [ 0.80900777,  0.76425884,  0.6333455 , ...,  0.        ,
          0.04102261, -0.29467669],
        [ 0.78421375,  0.73715962,  0.60106623, ..., -0.04102261,
          0.        , -0.33362972],
        [ 0.94629576,  0.9203633 ,  0.83326427, ...,  0.29467669,
          0.33362972,  0.        ]],

       [[ 0.        ,  0.6437099 ,  0.88563717, ...,  0.77005754,
          0.69787853,  0.61026597],
        [-0.6437099 ,  0.        ,  0.37882659, ...,  0.17863117,
          0.07302981, -0.04292679],
        [-0.88563717, -0.37882659,  0.        , ..., -0.2074162 ,
         -0.3102283 , -0.41820475],
        ...,
        [-0.77005754, -0.17863117,  0.2074162 , ...,  0.        ,
         -0.10629898, -0.22070288],
        [-0.69787853, -0.07302981,  0.3102283 , ...,  0.10629898,
          0.        , -0.11577466],
        [-0.61026597,  0.04292679,  0.41820475, ...,  0.22070288,
          0.11577466,  0.        ]]]), 'num': array([3.27549870e+07, 1.14987000e+05, 5.44000000e+02, 6.00000000e+04,
       6.07000000e+04, 5.94000000e+04, 7.19910000e+04, 1.00000000e+03,
       5.95600000e+04, 6.18800000e+04, 6.50566667e+04, 3.07017544e+01,
       6.59255408e+04, 5.78344592e+04])}
{'img': array([[[ 0.        ,  0.01791152, -0.07102317, ..., -0.96410252,
         -0.99997816, -0.90580884],
        [-0.01791152,  0.        , -0.08887806, ..., -0.96870391,
         -0.99969937, -0.91325239],
        [ 0.07102317,  0.08887806,  0.        , ..., -0.94280904,
         -0.99792225, -0.8734298 ],
        ...,
        [ 0.96410252,  0.96870391,  0.94280904, ...,  0.        ,
         -0.27189592,  0.16795768],
        [ 0.99997816,  0.99969937,  0.99792225, ...,  0.27189592,
          0.        ,  0.42966357],
        [ 0.90580884,  0.91325239,  0.8734298 , ..., -0.16795768,
         -0.42966357,  0.        ]],

       [[ 0.        , -0.1622874 ,  0.11148423, ..., -0.6822487 ,
         -0.44009955, -0.70165192],
        [ 0.1622874 ,  0.        ,  0.27128207, ..., -0.5545529 ,
         -0.28853958, -0.5767175 ],
        [-0.11148423, -0.27128207,  0.        , ..., -0.75950407,
         -0.53746321, -0.77671269],
        ...,
        [ 0.6822487 ,  0.5545529 ,  0.75950407, ...,  0.        ,
          0.29085887, -0.02687611],
        [ 0.44009955,  0.28853958,  0.53746321, ..., -0.29085887,
          0.        , -0.31646795],
        [ 0.70165192,  0.5767175 ,  0.77671269, ...,  0.02687611,
          0.31646795,  0.        ]],

       [[ 0.        ,  0.0116025 ,  0.00386351, ..., -0.96628824,
         -0.98490332, -0.99920069],
        [-0.0116025 ,  0.        , -0.00773916, ..., -0.96323599,
         -0.98282857, -0.99959724],
        [-0.00386351,  0.00773916,  0.        , ..., -0.96528632,
         -0.98422717, -0.99934768],
        ...,
        [ 0.96628824,  0.96323599,  0.96528632, ...,  0.        ,
          0.08630622,  0.29588399],
        [ 0.98490332,  0.98282857,  0.98422717, ..., -0.08630622,
          0.        ,  0.21233819],
        [ 0.99920069,  0.99959724,  0.99934768, ..., -0.29588399,
         -0.21233819,  0.        ]],

       ...,

       [[ 0.        , -0.21132468, -0.21132468, ..., -0.97057158,
         -0.95738059, -0.9149921 ],
        [ 0.21132468,  0.        ,  0.        , ..., -0.89776243,
         -0.87472227, -0.80906431],
        [ 0.21132468,  0.        ,  0.        , ..., -0.89776243,
         -0.87472227, -0.80906431],
        ...,
        [ 0.97057158,  0.89776243,  0.89776243, ...,  0.        ,
          0.04978006,  0.17125641],
        [ 0.95738059,  0.87472227,  0.87472227, ..., -0.04978006,
          0.        ,  0.12199946],
        [ 0.9149921 ,  0.80906431,  0.80906431, ..., -0.17125641,
         -0.12199946,  0.        ]],

       [[ 0.        , -0.17412992, -0.1637188 , ..., -0.67209289,
         -0.77080964, -0.93534701],
        [ 0.17412992,  0.        ,  0.01056277, ..., -0.53288769,
         -0.64810157, -0.85946218],
        [ 0.1637188 , -0.01056277,  0.        , ..., -0.54179603,
         -0.65610954, -0.86481391],
        ...,
        [ 0.67209289,  0.53288769,  0.54179603, ...,  0.        ,
         -0.14259176, -0.45485301],
        [ 0.77080964,  0.64810157,  0.65610954, ...,  0.14259176,
          0.        , -0.32321769],
        [ 0.93534701,  0.85946218,  0.86481391, ...,  0.45485301,
          0.32321769,  0.        ]],

       [[ 0.        ,  0.51842139,  0.61218182, ...,  0.1239094 ,
         -0.08812161, -0.37453209],
        [-0.51842139,  0.        ,  0.11356753, ..., -0.40846813,
         -0.59175961, -0.80095941],
        [-0.61218182, -0.11356753,  0.        , ..., -0.50948678,
         -0.67947952, -0.86377242],
        ...,
        [-0.1239094 ,  0.40846813,  0.50948678, ...,  0.        ,
         -0.21086986, -0.4865363 ],
        [ 0.08812161,  0.59175961,  0.67947952, ...,  0.21086986,
          0.        , -0.29136747],
        [ 0.37453209,  0.80095941,  0.86377242, ...,  0.4865363 ,
          0.29136747,  0.        ]]]), 'num': array([3.37885870e+07, 1.14987000e+05, 5.44000000e+02, 6.19000000e+04,
       6.24000000e+04, 6.03000000e+04, 9.97050000e+04, 1.90000000e+03,
       5.99400000e+04, 6.18100000e+04, 6.49933333e+04, 4.35483871e+01,
       6.58029438e+04, 5.78170562e+04])}
{'img': array([[[ 0.        , -0.08887806,  0.        , ..., -0.99969937,
         -0.91325239, -0.64847751],
        [ 0.08887806,  0.        ,  0.08887806, ..., -0.99792225,
         -0.8734298 , -0.57825419],
        [ 0.        , -0.08887806,  0.        , ..., -0.99969937,
         -0.91325239, -0.64847751],
        ...,
        [ 0.99969937,  0.99792225,  0.99969937, ...,  0.        ,
          0.42966357,  0.77690482],
        [ 0.91325239,  0.8734298 ,  0.91325239, ..., -0.42966357,
          0.        ,  0.43101259],
        [ 0.64847751,  0.57825419,  0.64847751, ..., -0.77690482,
         -0.43101259,  0.        ]],

       [[ 0.        ,  0.27128207, -0.05004831, ..., -0.28853958,
         -0.5767175 , -0.35953101],
        [-0.27128207,  0.        , -0.31911359, ..., -0.53746321,
         -0.77671269, -0.59919085],
        [ 0.05004831,  0.31911359,  0.        , ..., -0.24025833,
         -0.53510811, -0.31237872],
        ...,
        [ 0.28853958,  0.53746321,  0.24025833, ...,  0.        ,
         -0.31646795, -0.07499358],
        [ 0.5767175 ,  0.77671269,  0.53510811, ...,  0.31646795,
          0.        ,  0.24443763],
        [ 0.35953101,  0.59919085,  0.31237872, ...,  0.07499358,
         -0.24443763,  0.        ]],

       [[ 0.        , -0.00773916, -0.04236098, ..., -0.98282857,
         -0.99959724, -0.97724344],
        [ 0.00773916,  0.        , -0.0346275 , ..., -0.98422717,
         -0.99934768, -0.97557254],
        [ 0.04236098,  0.0346275 ,  0.        , ..., -0.98976285,
         -0.99749782, -0.96738059],
        ...,
        [ 0.98282857,  0.98422717,  0.98976285, ...,  0.        ,
          0.21233819,  0.38880038],
        [ 0.99959724,  0.99934768,  0.99749782, ..., -0.21233819,
          0.        ,  0.18430243],
        [ 0.97724344,  0.97557254,  0.96738059, ..., -0.38880038,
         -0.18430243,  0.        ]],

       ...,

       [[ 0.        ,  0.        , -0.02429484, ..., -0.87472227,
         -0.80906431, -0.49283253],
        [ 0.        ,  0.        , -0.02429484, ..., -0.87472227,
         -0.80906431, -0.49283253],
        [ 0.02429484,  0.02429484,  0.        , ..., -0.86269021,
         -0.79454694, -0.47154754],
        ...,
        [ 0.87472227,  0.87472227,  0.86269021, ...,  0.        ,
          0.12199946,  0.52227825],
        [ 0.80906431,  0.80906431,  0.79454694, ..., -0.12199946,
          0.        ,  0.41433882],
        [ 0.49283253,  0.49283253,  0.47154754, ..., -0.52227825,
         -0.41433882,  0.        ]],

       [[ 0.        ,  0.01020992,  0.02206836, ..., -0.60045097,
         -0.71877839, -0.87427292],
        [-0.01020992,  0.        ,  0.01185977, ..., -0.60858416,
         -0.72583926, -0.8791836 ],
        [-0.02206836, -0.01185977,  0.        , ..., -0.61795196,
         -0.73394613, -0.88477275],
        ...,
        [ 0.60045097,  0.60858416,  0.61795196, ...,  0.        ,
         -0.15732237, -0.40764271],
        [ 0.71877839,  0.72583926,  0.73394613, ...,  0.15732237,
          0.        , -0.25890887],
        [ 0.87427292,  0.8791836 ,  0.88477275, ...,  0.40764271,
          0.25890887,  0.        ]],

       [[ 0.        ,  0.11309311,  0.22584694, ..., -0.58477902,
         -0.74854851, -0.80319889],
        [-0.11309311,  0.        ,  0.1142269 , ..., -0.67276761,
         -0.8187359 , -0.86541668],
        [-0.22584694, -0.1142269 ,  0.        , ..., -0.75287535,
         -0.87896271, -0.91698597],
        ...,
        [ 0.58477902,  0.67276761,  0.75287535, ...,  0.        ,
         -0.21946174, -0.30318975],
        [ 0.74854851,  0.8187359 ,  0.87896271, ...,  0.21946174,
          0.        , -0.0866666 ],
        [ 0.80319889,  0.86541668,  0.91698597, ...,  0.30318975,
          0.0866666 ,  0.        ]]]), 'num': array([ 3.30269870e+07,  1.14987000e+05,  5.44000000e+02,  6.05000000e+04,
        6.20000000e+04,  6.02000000e+04,  8.07090000e+04, -1.40000000e+03,
        6.01800000e+04,  6.16600000e+04,  6.49050000e+04,  4.28571429e+01,
        6.56129230e+04,  5.77070770e+04])}
{'img': array([[[ 0.        ,  0.08887806, -0.17486999, ..., -0.8734298 ,
         -0.57825419, -0.79916777],
        [-0.08887806,  0.        , -0.26168654, ..., -0.91325239,
         -0.64847751, -0.8494304 ],
        [ 0.17486999,  0.26168654,  0.        , ..., -0.77481862,
         -0.42667533, -0.68173807],
        ...,
        [ 0.8734298 ,  0.91325239,  0.77481862, ...,  0.        ,
          0.43101259,  0.13587085],
        [ 0.57825419,  0.64847751,  0.42667533, ..., -0.43101259,
          0.        , -0.30441312],
        [ 0.79916777,  0.8494304 ,  0.68173807, ..., -0.13587085,
          0.30441312,  0.        ]],

       [[ 0.        , -0.31911359, -0.29942409, ..., -0.77671269,
         -0.59919085, -0.72024904],
        [ 0.31911359,  0.        ,  0.02070356, ..., -0.53510811,
         -0.31237872, -0.46121781],
        [ 0.29942409, -0.02070356,  0.        , ..., -0.55248343,
         -0.33197926, -0.47948895],
        ...,
        [ 0.77671269,  0.53510811,  0.55248343, ...,  0.        ,
          0.24443763,  0.0851652 ],
        [ 0.59919085,  0.31237872,  0.33197926, ..., -0.24443763,
          0.        , -0.16096783],
        [ 0.72024904,  0.46121781,  0.47948895, ..., -0.0851652 ,
          0.16096783,  0.        ]],

       [[ 0.        , -0.0346275 , -0.13289353, ..., -0.99934768,
         -0.97557254, -0.95230951],
        [ 0.0346275 ,  0.        , -0.09849347, ..., -0.99749782,
         -0.96738059, -0.94117239],
        [ 0.13289353,  0.09849347,  0.        , ..., -0.98568447,
         -0.93772579, -0.90331253],
        ...,
        [ 0.99934768,  0.99749782,  0.98568447, ...,  0.        ,
          0.18430243,  0.27054298],
        [ 0.97557254,  0.96738059,  0.93772579, ..., -0.18430243,
          0.        ,  0.08847906],
        [ 0.95230951,  0.94117239,  0.90331253, ..., -0.27054298,
         -0.08847906,  0.        ]],

       ...,

       [[ 0.        , -0.02429484, -0.00615153, ..., -0.80906431,
         -0.49283253, -0.51149906],
        [ 0.02429484,  0.        ,  0.01814466, ..., -0.79454694,
         -0.47154754, -0.49047193],
        [ 0.00615153, -0.01814466,  0.        , ..., -0.80543362,
         -0.48747061, -0.50620347],
        ...,
        [ 0.80906431,  0.79454694,  0.80543362, ...,  0.        ,
          0.41433882,  0.39459758],
        [ 0.49283253,  0.47154754,  0.48747061, ..., -0.41433882,
          0.        , -0.02158468],
        [ 0.51149906,  0.49047193,  0.50620347, ..., -0.39459758,
          0.02158468,  0.        ]],

       [[ 0.        ,  0.01130808, -0.05309754, ..., -0.6459972 ,
         -0.71358381, -0.89874542],
        [-0.01130808,  0.        , -0.06438628, ..., -0.65458781,
         -0.72146028, -0.90364622],
        [ 0.05309754,  0.06438628,  0.        , ..., -0.60455445,
         -0.67537864, -0.87419587],
        ...,
        [ 0.6459972 ,  0.65458781,  0.60455445, ...,  0.        ,
         -0.09214072, -0.40279721],
        [ 0.71358381,  0.72146028,  0.67537864, ...,  0.09214072,
          0.        , -0.31674829],
        [ 0.89874542,  0.90364622,  0.87419587, ...,  0.40279721,
          0.31674829,  0.        ]],

       [[ 0.        ,  0.11183665,  0.24094841, ..., -0.73954829,
         -0.75063809, -0.87539051],
        [-0.11183665,  0.        ,  0.13089513, ..., -0.81018646,
         -0.81982104, -0.92396252],
        [-0.24094841, -0.13089513,  0.        , ..., -0.87994289,
         -0.88772063, -0.96607811],
        ...,
        [ 0.73954829,  0.81018646,  0.87994289, ...,  0.        ,
         -0.01662751, -0.23171861],
        [ 0.75063809,  0.81982104,  0.88772063, ...,  0.01662751,
          0.        , -0.21551162],
        [ 0.87539051,  0.92396252,  0.96607811, ...,  0.23171861,
          0.21551162,  0.        ]]]), 'num': array([ 3.23741870e+07,  1.14987000e+05,  5.44000000e+02,  5.93000000e+04,
        6.04000000e+04,  5.89000000e+04,  6.02420000e+04, -1.20000000e+03,
        6.01400000e+04,  6.14050000e+04,  6.48050000e+04,  3.86861314e+01,
        6.52751292e+04,  5.75348708e+04])}
{'img': array([[[ 0.        , -0.26168654, -0.50846559, ..., -0.64847751,
         -0.8494304 , -0.98645985],
        [ 0.26168654,  0.        , -0.26541341, ..., -0.42667533,
         -0.68173807, -0.90916724],
        [ 0.50846559,  0.26541341,  0.        , ..., -0.17133131,
         -0.46311185, -0.76603327],
        ...,
        [ 0.64847751,  0.42667533,  0.17133131, ...,  0.        ,
         -0.30441312, -0.64457436],
        [ 0.8494304 ,  0.68173807,  0.46311185, ...,  0.30441312,
          0.        , -0.38124644],
        [ 0.98645985,  0.90916724,  0.76603327, ...,  0.64457436,
          0.38124644,  0.        ]],

       [[ 0.        ,  0.02070356, -0.01317473, ..., -0.31237872,
         -0.46121781, -0.64372529],
        [-0.02070356,  0.        , -0.03387366, ..., -0.33197926,
         -0.47948895, -0.65943085],
        [ 0.01317473,  0.03387366,  0.        , ..., -0.29983617,
         -0.44948802, -0.63358737],
        ...,
        [ 0.31237872,  0.33197926,  0.29983617, ...,  0.        ,
         -0.16096783, -0.37246187],
        [ 0.46121781,  0.47948895,  0.44948802, ...,  0.16096783,
          0.        , -0.21821905],
        [ 0.64372529,  0.65943085,  0.63358737, ...,  0.37246187,
          0.21821905,  0.        ]],

       [[ 0.        , -0.09849347, -0.20575447, ..., -0.96738059,
         -0.94117239, -0.94577389],
        [ 0.09849347,  0.        , -0.10836796, ..., -0.93772579,
         -0.90331253, -0.90918203],
        [ 0.20575447,  0.10836796,  0.        , ..., -0.89455892,
         -0.85150477, -0.85870343],
        ...,
        [ 0.96738059,  0.93772579,  0.89455892, ...,  0.        ,
          0.08847906,  0.07463963],
        [ 0.94117239,  0.90331253,  0.85150477, ..., -0.08847906,
          0.        , -0.01388536],
        [ 0.94577389,  0.90918203,  0.85870343, ..., -0.07463963,
          0.01388536,  0.        ]],

       ...,

       [[ 0.        ,  0.01814466, -0.31333348, ..., -0.47154754,
         -0.49047193, -0.60124111],
        [-0.01814466,  0.        , -0.33051285, ..., -0.48747061,
         -0.50620347, -0.61564094],
        [ 0.31333348,  0.33051285,  0.        , ..., -0.1714917 ,
         -0.19271666, -0.32058985],
        ...,
        [ 0.47154754,  0.48747061,  0.1714917 , ...,  0.        ,
         -0.02158468, -0.15340045],
        [ 0.49047193,  0.50620347,  0.19271666, ...,  0.02158468,
          0.        , -0.13203551],
        [ 0.60124111,  0.61564094,  0.32058985, ...,  0.15340045,
          0.13203551,  0.        ]],

       [[ 0.        , -0.0595633 , -0.11391779, ..., -0.6187748 ,
         -0.69959103, -0.93070401],
        [ 0.0595633 ,  0.        , -0.05453998, ..., -0.57088513,
         -0.65578836, -0.90726491],
        [ 0.11391779,  0.05453998,  0.        , ..., -0.52525646,
         -0.6136376 , -0.88297722],
        ...,
        [ 0.6187748 ,  0.57088513,  0.52525646, ...,  0.        ,
         -0.10743513, -0.50480043],
        [ 0.69959103,  0.65578836,  0.6136376 , ...,  0.10743513,
          0.        , -0.40913682],
        [ 0.93070401,  0.90726491,  0.88297722, ...,  0.50480043,
          0.40913682,  0.        ]],

       [[ 0.        ,  0.1274974 ,  0.20318578, ..., -0.75743275,
         -0.80493747, -0.93390984],
        [-0.1274974 ,  0.        ,  0.07668973, ..., -0.834496  ,
         -0.87402011, -0.97186953],
        [-0.20318578, -0.07668973,  0.        , ..., -0.87429553,
         -0.90870888, -0.98706934],
        ...,
        [ 0.75743275,  0.834496  ,  0.87429553, ...,  0.        ,
         -0.07612427, -0.33897331],
        [ 0.80493747,  0.87402011,  0.90870888, ...,  0.07612427,
          0.        , -0.26637232],
        [ 0.93390984,  0.97186953,  0.98706934, ...,  0.33897331,
          0.26637232,  0.        ]]]), 'num': array([3.28637870e+07, 1.14987000e+05, 5.44000000e+02, 6.02000000e+04,
       6.06000000e+04, 5.87000000e+04, 4.30670000e+04, 9.00000000e+02,
       6.03800000e+04, 6.11700000e+04, 6.47116667e+04, 4.16666667e+01,
       6.47202676e+04, 5.76197324e+04])}
{'img': array([[[ 0.        , -0.26541341, -0.08804573, ..., -0.68173807,
         -0.90916724, -0.73740163],
        [ 0.26541341,  0.        ,  0.17949471, ..., -0.46311185,
         -0.76603327, -0.53167981],
        [ 0.08804573, -0.17949471,  0.        , ..., -0.61467656,
         -0.86897144, -0.67506699],
        ...,
        [ 0.68173807,  0.46311185,  0.61467656, ...,  0.        ,
         -0.38124644, -0.07899726],
        [ 0.90916724,  0.76603327,  0.86897144, ...,  0.38124644,
          0.        ,  0.30702411],
        [ 0.73740163,  0.53167981,  0.67506699, ...,  0.07899726,
         -0.30702411,  0.        ]],

       [[ 0.        , -0.03387366, -0.34505113, ..., -0.47948895,
         -0.65943085, -0.86693041],
        [ 0.03387366,  0.        , -0.31305984, ..., -0.44948802,
         -0.63358737, -0.84954928],
        [ 0.34505113,  0.31305984,  0.        , ..., -0.1472417 ,
         -0.35953373, -0.64170336],
        ...,
        [ 0.47948895,  0.44948802,  0.1472417 , ...,  0.        ,
         -0.21821905, -0.52178169],
        [ 0.65943085,  0.63358737,  0.35953373, ...,  0.21821905,
          0.        , -0.32304856],
        [ 0.86693041,  0.84954928,  0.64170336, ...,  0.52178169,
          0.32304856,  0.        ]],

       [[ 0.        , -0.10836796, -0.18221011, ..., -0.90331253,
         -0.90918203, -0.8733349 ],
        [ 0.10836796,  0.        , -0.0745832 , ..., -0.85150477,
         -0.85870343, -0.81540347],
        [ 0.18221011,  0.0745832 ,  0.        , ..., -0.81002569,
         -0.81808989, -0.76995671],
        ...,
        [ 0.90331253,  0.85150477,  0.81002569, ...,  0.        ,
         -0.01388536,  0.06537596],
        [ 0.90918203,  0.85870343,  0.81808989, ...,  0.01388536,
          0.        ,  0.07922531],
        [ 0.8733349 ,  0.81540347,  0.76995671, ..., -0.06537596,
         -0.07922531,  0.        ]],

       ...,

       [[ 0.        , -0.33051285, -0.30487335, ..., -0.50620347,
         -0.61564094, -0.53807625],
        [ 0.33051285,  0.        ,  0.02703817, ..., -0.19271666,
         -0.32058985, -0.22924916],
        [ 0.30487335, -0.02703817,  0.        , ..., -0.21917752,
         -0.34608369, -0.25548343],
        ...,
        [ 0.50620347,  0.19271666,  0.21917752, ...,  0.        ,
         -0.13203551, -0.03736757],
        [ 0.61564094,  0.32058985,  0.34608369, ...,  0.13203551,
          0.        ,  0.09490288],
        [ 0.53807625,  0.22924916,  0.25548343, ...,  0.03736757,
         -0.09490288,  0.        ]],

       [[ 0.        , -0.04860777, -0.09941107, ..., -0.53972348,
         -0.65604663, -0.94561441],
        [ 0.04860777,  0.        , -0.05092657, ..., -0.49816542,
         -0.61858587, -0.92868503],
        [ 0.09941107,  0.05092657,  0.        , ..., -0.45336149,
         -0.57776932, -0.90859286],
        ...,
        [ 0.53972348,  0.49816542,  0.45336149, ...,  0.        ,
         -0.14494755, -0.62049177],
        [ 0.65604663,  0.61858587,  0.57776932, ...,  0.14494755,
          0.        , -0.50026922],
        [ 0.94561441,  0.92868503,  0.90859286, ...,  0.62049177,
          0.50026922,  0.        ]],

       [[ 0.        ,  0.07668973,  0.16551869, ..., -0.87402011,
         -0.97186953, -0.91032091],
        [-0.07668973,  0.        ,  0.08939932, ..., -0.90870888,
         -0.98706934, -0.93938214],
        [-0.16551869, -0.08939932,  0.        , ..., -0.94238828,
         -0.99744714, -0.96627325],
        ...,
        [ 0.87402011,  0.90870888,  0.94238828, ...,  0.        ,
         -0.26637232, -0.08055588],
        [ 0.97186953,  0.98706934,  0.99744714, ...,  0.26637232,
          0.        ,  0.18786122],
        [ 0.91032091,  0.93938214,  0.96627325, ...,  0.08055588,
         -0.18786122,  0.        ]]]), 'num': array([ 3.27315650e+07,  9.37056500e+06,  3.90000000e+02,  5.99000000e+04,
        6.07000000e+04,  5.98000000e+04,  3.59480000e+04, -3.00000000e+02,
        6.03600000e+04,  6.09700000e+04,  6.46383333e+04,  4.16666667e+01,
        6.43280351e+04,  5.76119649e+04])}
{'img': array([[[ 0.        ,  0.17949471, -0.05599214, ..., -0.76603327,
         -0.53167981, -0.60370301],
        [-0.17949471,  0.        , -0.2342959 , ..., -0.86897144,
         -0.67506699, -0.73699309],
        [ 0.05599214,  0.2342959 ,  0.        , ..., -0.72883972,
         -0.48342342, -0.55811847],
        ...,
        [ 0.76603327,  0.86897144,  0.72883972, ...,  0.        ,
          0.30702411,  0.22262799],
        [ 0.53167981,  0.67506699,  0.48342342, ..., -0.30702411,
          0.        , -0.08744343],
        [ 0.60370301,  0.73699309,  0.55811847, ..., -0.22262799,
          0.08744343,  0.        ]],

       [[ 0.        , -0.30346548,  0.16690352, ..., -0.6060333 ,
         -0.78508106, -0.92997696],
        [ 0.30346548,  0.        ,  0.45824159, ..., -0.33606588,
         -0.56009414, -0.77456219],
        [-0.16690352, -0.45824159,  0.        , ..., -0.73029422,
         -0.87744778, -0.97828909],
        ...,
        [ 0.6060333 ,  0.33606588,  0.73029422, ...,  0.        ,
         -0.2491115 , -0.51695156],
        [ 0.78508106,  0.56009414,  0.87744778, ...,  0.2491115 ,
          0.        , -0.28741147],
        [ 0.92997696,  0.77456219,  0.97828909, ...,  0.51695156,
          0.28741147,  0.        ]],

       [[ 0.        , -0.0745832 , -0.17878856, ..., -0.85870343,
         -0.81540347, -0.81902089],
        [ 0.0745832 ,  0.        , -0.10490912, ..., -0.81808989,
         -0.76995671, -0.77394661],
        [ 0.17878856,  0.10490912,  0.        , ..., -0.7532433 ,
         -0.69876584, -0.70324204],
        ...,
        [ 0.85870343,  0.81808989,  0.7532433 , ...,  0.        ,
          0.07922531,  0.07296689],
        [ 0.81540347,  0.76995671,  0.69876584, ..., -0.07922531,
          0.        , -0.00627659],
        [ 0.81902089,  0.77394661,  0.70324204, ..., -0.07296689,
          0.00627659,  0.        ]],

       ...,

       [[ 0.        ,  0.02703817, -0.23981124, ..., -0.32058985,
         -0.22924916, -0.22924916],
        [-0.02703817,  0.        , -0.26597275, ..., -0.34608369,
         -0.25548343, -0.25548343],
        [ 0.23981124,  0.26597275,  0.        , ..., -0.08408134,
          0.01086498,  0.01086498],
        ...,
        [ 0.32058985,  0.34608369,  0.08408134, ...,  0.        ,
          0.09490288,  0.09490288],
        [ 0.22924916,  0.25548343, -0.01086498, ..., -0.09490288,
          0.        ,  0.        ],
        [ 0.22924916,  0.25548343, -0.01086498, ..., -0.09490288,
          0.        ,  0.        ]],

       [[ 0.        , -0.04735581, -0.03087586, ..., -0.5505134 ,
         -0.73662532, -0.95112038],
        [ 0.04735581,  0.        ,  0.01649201, ..., -0.51036189,
         -0.70377211, -0.93542887],
        [ 0.03087586, -0.01649201,  0.        , ..., -0.52447494,
         -0.71539274, -0.94113182],
        ...,
        [ 0.5505134 ,  0.51036189,  0.52447494, ...,  0.        ,
         -0.24264142, -0.6240106 ],
        [ 0.73662532,  0.70377211,  0.71539274, ...,  0.24264142,
          0.        , -0.41575884],
        [ 0.95112038,  0.93542887,  0.94113182, ...,  0.6240106 ,
          0.41575884,  0.        ]],

       [[ 0.        ,  0.08939932,  0.05219518, ..., -0.98706934,
         -0.93938214, -0.94239016],
        [-0.08939932,  0.        , -0.03729127, ..., -0.99744714,
         -0.96627325, -0.96852218],
        [-0.05219518,  0.03729127,  0.        , ..., -0.99409043,
         -0.95599794, -0.9585657 ],
        ...,
        [ 0.98706934,  0.99744714,  0.99409043, ...,  0.        ,
          0.18786122,  0.17913087],
        [ 0.93938214,  0.96627325,  0.95599794, ..., -0.18786122,
          0.        , -0.00888106],
        [ 0.94239016,  0.96852218,  0.9585657 , ..., -0.17913087,
          0.00888106,  0.        ]]]), 'num': array([ 3.21447470e+07,  5.71614700e+06,  4.51000000e+02,  5.86000000e+04,
        5.97000000e+04,  5.85000000e+04,  7.03880000e+04, -1.30000000e+03,
        5.97000000e+04,  6.06800000e+04,  6.45683333e+04,  3.44594595e+01,
        6.37961515e+04,  5.75638485e+04])}
{'img': array([[[ 0.        , -0.22651277, -0.51476608, ..., -0.64564493,
         -0.70312406, -0.99380799],
        [ 0.22651277,  0.        , -0.30719004, ..., -0.45588975,
         -0.5237828 , -0.94280904],
        [ 0.51476608,  0.30719004,  0.        , ..., -0.16043638,
         -0.23677656, -0.79482584],
        ...,
        [ 0.64564493,  0.45588975,  0.16043638, ...,  0.        ,
         -0.07783516, -0.68717098],
        [ 0.70312406,  0.5237828 ,  0.23677656, ...,  0.07783516,
          0.        , -0.62853936],
        [ 0.99380799,  0.94280904,  0.79482584, ...,  0.68717098,
          0.62853936,  0.        ]],

       [[ 0.        ,  0.45824159,  0.45976992, ..., -0.56009414,
         -0.77456219, -0.23351238],
        [-0.45824159,  0.        ,  0.00172025, ..., -0.87744778,
         -0.97828909, -0.65312523],
        [-0.45976992, -0.00172025,  0.        , ..., -0.87827164,
         -0.97864416, -0.65442692],
        ...,
        [ 0.56009414,  0.87744778,  0.87827164, ...,  0.        ,
         -0.28741147,  0.35116126],
        [ 0.77456219,  0.97828909,  0.97864416, ...,  0.28741147,
          0.        ,  0.60545246],
        [ 0.23351238,  0.65312523,  0.65442692, ..., -0.35116126,
         -0.60545246,  0.        ]],

       [[ 0.        , -0.10490912, -0.28995347, ..., -0.76995671,
         -0.77394661, -0.90851708],
        [ 0.10490912,  0.        , -0.18795115, ..., -0.69876584,
         -0.70324204, -0.85966768],
        [ 0.28995347,  0.18795115,  0.        , ..., -0.55186176,
         -0.55708516, -0.74833147],
        ...,
        [ 0.76995671,  0.69876584,  0.55186176, ...,  0.        ,
         -0.00627659, -0.25799658],
        [ 0.77394661,  0.70324204,  0.55708516, ...,  0.00627659,
          0.        , -0.2519274 ],
        [ 0.90851708,  0.85966768,  0.74833147, ...,  0.25799658,
          0.2519274 ,  0.        ]],

       ...,

       [[ 0.        , -0.26597275, -0.45525219, ..., -0.25548343,
         -0.25548343, -0.47377471],
        [ 0.26597275,  0.        , -0.20204208, ...,  0.01086498,
          0.01086498, -0.22248174],
        [ 0.45525219,  0.20204208,  0.        , ...,  0.21267107,
          0.21267107, -0.02091519],
        ...,
        [ 0.25548343, -0.01086498, -0.21267107, ...,  0.        ,
          0.        , -0.23306128],
        [ 0.25548343, -0.01086498, -0.21267107, ...,  0.        ,
          0.        , -0.23306128],
        [ 0.47377471,  0.22248174,  0.02091519, ...,  0.23306128,
          0.23306128,  0.        ]],

       [[ 0.        ,  0.01513328,  0.07332468, ..., -0.60269611,
         -0.72169095, -0.96137463],
        [-0.01513328,  0.        ,  0.05822374, ..., -0.61470301,
         -0.7320838 , -0.96542988],
        [-0.07332468, -0.05822374,  0.        , ..., -0.65958468,
         -0.77050472, -0.97896885],
        ...,
        [ 0.60269611,  0.61470301,  0.65958468, ...,  0.        ,
         -0.15869277, -0.60126088],
        [ 0.72169095,  0.7320838 ,  0.77050472, ...,  0.15869277,
          0.        , -0.46683781],
        [ 0.96137463,  0.96542988,  0.97896885, ...,  0.60126088,
          0.46683781,  0.        ]],

       [[ 0.        , -0.03729127, -0.13901375, ..., -0.96627325,
         -0.96852218, -0.98352075],
        [ 0.03729127,  0.        , -0.10198787, ..., -0.95599794,
         -0.9585657 , -0.97609457],
        [ 0.13901375,  0.10198787,  0.        , ..., -0.92109249,
         -0.92451396, -0.94883818],
        ...,
        [ 0.96627325,  0.95599794,  0.92109249, ...,  0.        ,
         -0.00888106, -0.07857761],
        [ 0.96852218,  0.9585657 ,  0.92451396, ...,  0.00888106,
          0.        , -0.06972091],
        [ 0.98352075,  0.97609457,  0.94883818, ...,  0.07857761,
          0.06972091,  0.        ]]]), 'num': array([ 3.13218230e+07,  2.02382300e+06,  5.14000000e+02,  5.70000000e+04,
        5.87000000e+04,  5.69000000e+04,  9.07040000e+04, -1.60000000e+03,
        5.90000000e+04,  6.03550000e+04,  6.44550000e+04,  3.51724138e+01,
        6.35808177e+04,  5.71291823e+04])}
{'img': array([[[ 0.        , -0.24985047,  0.01524721, ..., -0.41259993,
         -0.63544294, -0.98493371],
        [ 0.24985047,  0.        ,  0.26458506, ..., -0.17192221,
         -0.42236801, -0.91048875],
        [-0.01524721, -0.26458506,  0.        , ..., -0.42644084,
         -0.64714217, -0.98745595],
        ...,
        [ 0.41259993,  0.17192221,  0.42644084, ...,  0.        ,
         -0.26024468, -0.8258364 ],
        [ 0.63544294,  0.42236801,  0.64714217, ...,  0.26024468,
          0.        , -0.65062579],
        [ 0.98493371,  0.91048875,  0.98745595, ...,  0.8258364 ,
          0.65062579,  0.        ]],

       [[ 0.        ,  0.00172025, -0.29254896, ..., -0.97828909,
         -0.65312523, -0.50798851],
        [-0.00172025,  0.        , -0.29419352, ..., -0.97864416,
         -0.65442692, -0.50946952],
        [ 0.29254896,  0.29419352,  0.        , ..., -0.8748602 ,
         -0.40301868, -0.23377319],
        ...,
        [ 0.97828909,  0.97864416,  0.8748602 , ...,  0.        ,
          0.60545246,  0.73738483],
        [ 0.65312523,  0.65442692,  0.40301868, ..., -0.60545246,
          0.        ,  0.17790421],
        [ 0.50798851,  0.50946952,  0.23377319, ..., -0.73738483,
         -0.17790421,  0.        ]],

       [[ 0.        , -0.18094797, -0.24474089, ..., -0.6669105 ,
         -0.80649768, -0.9923833 ],
        [ 0.18094797,  0.        , -0.0652558 , ..., -0.52107042,
         -0.68620138, -0.95371101],
        [ 0.24474089,  0.0652558 ,  0.        , ..., -0.46426307,
         -0.63727096, -0.93205421],
        ...,
        [ 0.6669105 ,  0.52107042,  0.46426307, ...,  0.        ,
         -0.20664959, -0.65730669],
        [ 0.80649768,  0.68620138,  0.63727096, ...,  0.20664959,
          0.        , -0.48738281],
        [ 0.9923833 ,  0.95371101,  0.93205421, ...,  0.65730669,
          0.48738281,  0.        ]],

       ...,

       [[ 0.        , -0.20204208,  0.13662095, ...,  0.01086498,
         -0.22248174, -0.19880276],
        [ 0.20204208,  0.        ,  0.33395101, ...,  0.21267107,
         -0.02091519,  0.0033064 ],
        [-0.13662095, -0.33395101,  0.        , ..., -0.12584979,
         -0.35359242, -0.3308326 ],
        ...,
        [-0.01086498, -0.21267107,  0.12584979, ...,  0.        ,
         -0.23306128, -0.20943914],
        [ 0.22248174,  0.02091519,  0.35359242, ...,  0.23306128,
          0.        ,  0.02422076],
        [ 0.19880276, -0.0033064 ,  0.3308326 , ...,  0.20943914,
         -0.02422076,  0.        ]],

       [[ 0.        ,  0.05652636,  0.06264993, ..., -0.69297938,
         -0.85893197, -0.97275786],
        [-0.05652636,  0.        ,  0.00613444, ..., -0.73262448,
         -0.88650519, -0.98430666],
        [-0.06264993, -0.00613444,  0.        , ..., -0.736786  ,
         -0.88932703, -0.98537067],
        ...,
        [ 0.69297938,  0.73262448,  0.736786  , ...,  0.        ,
         -0.26438574, -0.54066805],
        [ 0.85893197,  0.88650519,  0.88932703, ...,  0.26438574,
          0.        , -0.29901866],
        [ 0.97275786,  0.98430666,  0.98537067, ...,  0.54066805,
          0.29901866,  0.        ]],

       [[ 0.        , -0.09719831, -0.12734544, ..., -0.87381522,
         -0.8848051 , -0.99799434],
        [ 0.09719831,  0.        , -0.0303355 , ..., -0.82241427,
         -0.83532492, -0.9871159 ],
        [ 0.12734544,  0.0303355 ,  0.        , ..., -0.80477824,
         -0.81826334, -0.98180771],
        ...,
        [ 0.87381522,  0.82241427,  0.80477824, ...,  0.        ,
         -0.02307957, -0.4299675 ],
        [ 0.8848051 ,  0.83532492,  0.81826334, ...,  0.02307957,
          0.        , -0.40901571],
        [ 0.99799434,  0.9871159 ,  0.98180771, ...,  0.4299675 ,
          0.40901571,  0.        ]]]), 'num': array([3.18685560e+07, 1.42556000e+05, 5.47000000e+02, 5.80000000e+04,
       5.80000000e+04, 5.64000000e+04, 1.60642000e+05, 1.00000000e+03,
       5.87400000e+04, 6.01400000e+04, 6.43800000e+04, 4.65648855e+01,
       6.33917072e+04, 5.68882928e+04])}
{'img': array([[[ 0.00000000e+00,  2.64585063e-01,  5.89758956e-01, ...,
         -4.22368010e-01, -9.10488752e-01, -5.55480034e-01],
        [-2.64585063e-01,  0.00000000e+00,  3.55067905e-01, ...,
         -6.47142175e-01, -9.87455949e-01, -7.55694416e-01],
        [-5.89758956e-01, -3.55067905e-01,  0.00000000e+00, ...,
         -8.75667605e-01, -9.79177179e-01, -9.38996384e-01],
        ...,
        [ 4.22368010e-01,  6.47142175e-01,  8.75667605e-01, ...,
          0.00000000e+00, -6.50625794e-01, -1.52289060e-01],
        [ 9.10488752e-01,  9.87455949e-01,  9.79177179e-01, ...,
          6.50625794e-01,  0.00000000e+00,  5.27388810e-01],
        [ 5.55480034e-01,  7.55694416e-01,  9.38996384e-01, ...,
          1.52289060e-01, -5.27388810e-01,  0.00000000e+00]],

       [[ 0.00000000e+00, -2.94193516e-01, -2.13837397e-02, ...,
         -6.54426924e-01, -5.09469516e-01, -5.69535521e-02],
        [ 2.94193516e-01,  0.00000000e+00,  2.73688826e-01, ...,
         -4.03018684e-01, -2.33773189e-01,  2.39282868e-01],
        [ 2.13837397e-02, -2.73688826e-01,  0.00000000e+00, ...,
         -6.38108498e-01, -4.90952555e-01, -3.55914990e-02],
        ...,
        [ 6.54426924e-01,  4.03018684e-01,  6.38108498e-01, ...,
          0.00000000e+00,  1.77904209e-01,  6.10300658e-01],
        [ 5.09469516e-01,  2.33773189e-01,  4.90952555e-01, ...,
         -1.77904209e-01,  0.00000000e+00,  4.59634671e-01],
        [ 5.69535521e-02, -2.39282868e-01,  3.55914990e-02, ...,
         -6.10300658e-01, -4.59634671e-01,  0.00000000e+00]],

       [[ 0.00000000e+00, -6.30727775e-02,  1.83387738e-02, ...,
         -6.48068905e-01, -8.37136488e-01, -9.62636628e-01],
        [ 6.30727775e-02,  0.00000000e+00,  8.13644306e-02, ...,
         -5.98743482e-01, -8.00969257e-01, -9.43640066e-01],
        [-1.83387738e-02, -8.13644306e-02,  0.00000000e+00, ...,
         -6.61926395e-01, -8.47026908e-01, -9.67440817e-01],
        ...,
        [ 6.48068905e-01,  5.98743482e-01,  6.61926395e-01, ...,
          0.00000000e+00, -2.83057994e-01, -5.57631679e-01],
        [ 8.37136488e-01,  8.00969257e-01,  8.47026908e-01, ...,
          2.83057994e-01,  0.00000000e+00, -2.99862918e-01],
        [ 9.62636628e-01,  9.43640066e-01,  9.67440817e-01, ...,
          5.57631679e-01,  2.99862918e-01,  0.00000000e+00]],

       ...,

       [[ 0.00000000e+00,  3.33951010e-01,  4.07980811e-01, ...,
         -2.09151903e-02,  3.30640303e-03,  3.58601104e-01],
        [-3.33951010e-01,  0.00000000e+00,  7.96647087e-02, ...,
         -3.53592418e-01, -3.30832601e-01,  2.62737426e-02],
        [-4.07980811e-01, -7.96647087e-02,  0.00000000e+00, ...,
         -4.26986937e-01, -4.04959867e-01, -5.34469701e-02],
        ...,
        [ 2.09151903e-02,  3.53592418e-01,  4.26986937e-01, ...,
          0.00000000e+00,  2.42207557e-02,  3.78046801e-01],
        [-3.30640303e-03,  3.30832601e-01,  4.04959867e-01, ...,
         -2.42207557e-02,  0.00000000e+00,  3.55512646e-01],
        [-3.58601104e-01, -2.62737426e-02,  5.34469701e-02, ...,
         -3.78046801e-01, -3.55512646e-01,  0.00000000e+00]],

       [[ 0.00000000e+00,  5.99056217e-03,  5.35857133e-03, ...,
         -8.43351281e-01, -9.06655444e-01, -9.88180297e-01],
        [-5.99056217e-03,  0.00000000e+00, -6.32000985e-04, ...,
         -8.46555252e-01, -9.09166425e-01, -9.89080895e-01],
        [-5.35857133e-03,  6.32000985e-04,  0.00000000e+00, ...,
         -8.46218668e-01, -9.08903057e-01, -9.88987557e-01],
        ...,
        [ 8.43351281e-01,  8.46555252e-01,  8.46218668e-01, ...,
          0.00000000e+00, -1.31416558e-01, -4.01728702e-01],
        [ 9.06655444e-01,  9.09166425e-01,  9.08903057e-01, ...,
          1.31416558e-01,  0.00000000e+00, -2.77898743e-01],
        [ 9.88180297e-01,  9.89080895e-01,  9.88987557e-01, ...,
          4.01728702e-01,  2.77898743e-01,  0.00000000e+00]],

       [[ 0.00000000e+00, -2.94819074e-02,  2.66274911e-02, ...,
         -7.93622879e-01, -9.03966020e-01, -9.91175582e-01],
        [ 2.94819074e-02,  0.00000000e+00,  5.60873703e-02, ...,
         -7.75340815e-01, -8.90966488e-01, -9.86836742e-01],
        [-2.66274911e-02, -5.60873703e-02,  0.00000000e+00, ...,
         -8.09541913e-01, -9.15031526e-01, -9.94353757e-01],
        ...,
        [ 7.93622879e-01,  7.75340815e-01,  8.09541913e-01, ...,
          0.00000000e+00, -2.10625411e-01, -4.97842040e-01],
        [ 9.03966020e-01,  8.90966488e-01,  9.15031526e-01, ...,
          2.10625411e-01,  0.00000000e+00, -3.04005252e-01],
        [ 9.91175582e-01,  9.86836742e-01,  9.94353757e-01, ...,
          4.97842040e-01,  3.04005252e-01,  0.00000000e+00]]]), 'num': array([ 3.13215560e+07,  1.42556000e+05,  5.47000000e+02,  5.70000000e+04,
        5.75000000e+04,  5.66000000e+04,  5.67410000e+04, -1.00000000e+03,
        5.81000000e+04,  5.98700000e+04,  6.43150000e+04,  4.32624113e+01,
        6.32214773e+04,  5.65185227e+04])}
{'img': array([[[ 0.00000000e+00,  3.55067905e-01,  2.09647260e-01, ...,
         -9.87455949e-01, -7.55694416e-01, -9.87455949e-01],
        [-3.55067905e-01,  0.00000000e+00, -1.51190509e-01, ...,
         -9.79177179e-01, -9.38996384e-01, -9.79177179e-01],
        [-2.09647260e-01,  1.51190509e-01,  0.00000000e+00, ...,
         -9.98613998e-01, -8.76203785e-01, -9.98613998e-01],
        ...,
        [ 9.87455949e-01,  9.79177179e-01,  9.98613998e-01, ...,
          0.00000000e+00,  5.27388810e-01,  0.00000000e+00],
        [ 7.55694416e-01,  9.38996384e-01,  8.76203785e-01, ...,
         -5.27388810e-01,  0.00000000e+00, -5.27388810e-01],
        [ 9.87455949e-01,  9.79177179e-01,  9.98613998e-01, ...,
          0.00000000e+00,  5.27388810e-01,  0.00000000e+00]],

       [[ 0.00000000e+00,  2.73688826e-01, -4.01094303e-01, ...,
         -2.33773189e-01,  2.39282868e-01, -5.34100213e-01],
        [-2.73688826e-01,  0.00000000e+00, -6.36488864e-01, ...,
         -4.90952555e-01, -3.55914990e-02, -7.45089683e-01],
        [ 4.01094303e-01,  6.36488864e-01,  0.00000000e+00, ...,
          1.75835607e-01,  6.08634378e-01, -1.50161817e-01],
        ...,
        [ 2.33773189e-01,  4.90952555e-01, -1.75835607e-01, ...,
          0.00000000e+00,  4.59634671e-01, -3.21664111e-01],
        [-2.39282868e-01,  3.55914990e-02, -6.08634378e-01, ...,
         -4.59634671e-01,  0.00000000e+00, -7.20879352e-01],
        [ 5.34100213e-01,  7.45089683e-01,  1.50161817e-01, ...,
          3.21664111e-01,  7.20879352e-01,  0.00000000e+00]],

       [[ 0.00000000e+00,  7.55506067e-02,  8.23440532e-02, ...,
         -6.83039031e-01, -7.45228069e-01, -9.65707766e-01],
        [-7.55506067e-02,  0.00000000e+00,  6.81467731e-03, ...,
         -7.36267677e-01, -7.93476058e-01, -9.82563060e-01],
        [-8.23440532e-02, -6.81467731e-03,  0.00000000e+00, ...,
         -7.40862008e-01, -7.97605056e-01, -9.83807295e-01],
        ...,
        [ 6.83039031e-01,  7.36267677e-01,  7.40862008e-01, ...,
          0.00000000e+00, -8.88440485e-02, -5.27997006e-01],
        [ 7.45228069e-01,  7.93476058e-01,  7.97605056e-01, ...,
          8.88440485e-02,  0.00000000e+00, -4.50458595e-01],
        [ 9.65707766e-01,  9.82563060e-01,  9.83807295e-01, ...,
          5.27997006e-01,  4.50458595e-01,  0.00000000e+00]],

       ...,

       [[ 0.00000000e+00,  7.96647087e-02, -1.52043257e-02, ...,
         -3.30832601e-01,  2.62737426e-02, -7.60694213e-02],
        [-7.96647087e-02,  0.00000000e+00, -9.48115021e-02, ...,
         -4.04959867e-01, -5.34469701e-02, -1.55261533e-01],
        [ 1.52043257e-02,  9.48115021e-02,  0.00000000e+00, ...,
         -3.16446197e-01,  4.14697825e-02, -6.09003567e-02],
        ...,
        [ 3.30832601e-01,  4.04959867e-01,  3.16446197e-01, ...,
          0.00000000e+00,  3.55512646e-01,  2.58088110e-01],
        [-2.62737426e-02,  5.34469701e-02, -4.14697825e-02, ...,
         -3.55512646e-01,  0.00000000e+00, -1.02240776e-01],
        [ 7.60694213e-02,  1.55261533e-01,  6.09003567e-02, ...,
         -2.58088110e-01,  1.02240776e-01,  0.00000000e+00]],

       [[ 0.00000000e+00, -6.19251522e-04, -3.90169587e-03, ...,
         -8.70961031e-01, -9.23965816e-01, -9.91853125e-01],
        [ 6.19251522e-04,  0.00000000e+00, -3.28244832e-03, ...,
         -8.70656593e-01, -9.23728790e-01, -9.91774050e-01],
        [ 3.90169587e-03,  3.28244832e-03,  0.00000000e+00, ...,
         -8.69037295e-01, -9.22466481e-01, -9.91348551e-01],
        ...,
        [ 8.70961031e-01,  8.70656593e-01,  8.69037295e-01, ...,
          0.00000000e+00, -1.20871668e-01, -3.76400237e-01],
        [ 9.23965816e-01,  9.23728790e-01,  9.22466481e-01, ...,
          1.20871668e-01,  0.00000000e+00, -2.61658101e-01],
        [ 9.91853125e-01,  9.91774050e-01,  9.91348551e-01, ...,
          3.76400237e-01,  2.61658101e-01,  0.00000000e+00]],

       [[ 0.00000000e+00,  5.38746995e-02,  7.58376046e-02, ...,
         -8.21213646e-01, -8.78556227e-01, -9.92652713e-01],
        [-5.38746995e-02,  0.00000000e+00,  2.20079157e-02, ...,
         -8.50763027e-01, -9.03012958e-01, -9.97729835e-01],
        [-7.58376046e-02, -2.20079157e-02,  0.00000000e+00, ...,
         -8.62123218e-01, -9.12249138e-01, -9.98970276e-01],
        ...,
        [ 8.21213646e-01,  8.50763027e-01,  8.62123218e-01, ...,
          0.00000000e+00, -1.09078882e-01, -4.67062865e-01],
        [ 8.78556227e-01,  9.03012958e-01,  9.12249138e-01, ...,
          1.09078882e-01,  0.00000000e+00, -3.67825769e-01],
        [ 9.92652713e-01,  9.97729835e-01,  9.98970276e-01, ...,
          4.67062865e-01,  3.67825769e-01,  0.00000000e+00]]]), 'num': array([3.19779560e+07, 1.42556000e+05, 5.47000000e+02, 5.82000000e+04,
       5.82000000e+04, 5.66000000e+04, 7.23570000e+04, 1.20000000e+03,
       5.77600000e+04, 5.96500000e+04, 6.42416667e+04, 4.36619718e+01,
       6.28289936e+04, 5.64710064e+04])}
{'img': array([[[ 0.        , -0.15119051, -0.06104288, ..., -0.93899638,
         -0.97917718, -0.91880875],
        [ 0.15119051,  0.        ,  0.09056739, ..., -0.87620379,
         -0.998614  , -0.84857136],
        [ 0.06104288, -0.09056739,  0.        , ..., -0.916251  ,
         -0.98974332, -0.89300149],
        ...,
        [ 0.93899638,  0.87620379,  0.916251  , ...,  0.        ,
         -0.52738881,  0.05462158],
        [ 0.97917718,  0.998614  ,  0.98974332, ...,  0.52738881,
          0.        ,  0.57300929],
        [ 0.91880875,  0.84857136,  0.89300149, ..., -0.05462158,
         -0.57300929,  0.        ]],

       [[ 0.        , -0.63648886, -0.48871985, ..., -0.0355915 ,
         -0.74508968, -0.62333588],
        [ 0.63648886,  0.        ,  0.17835611, ...,  0.60863438,
         -0.15016182,  0.01693498],
        [ 0.48871985, -0.17835611,  0.        , ...,  0.45735873,
         -0.32408793, -0.16166709],
        ...,
        [ 0.0355915 , -0.60863438, -0.45735873, ...,  0.        ,
         -0.72087935, -0.59511002],
        [ 0.74508968,  0.15016182,  0.32408793, ...,  0.72087935,
          0.        ,  0.16688325],
        [ 0.62333588, -0.01693498,  0.16166709, ...,  0.59511002,
         -0.16688325,  0.        ]],

       [[ 0.        ,  0.00658901,  0.07537161, ..., -0.74750972,
         -0.8832517 , -0.98821156],
        [-0.00658901,  0.        ,  0.0687997 , ..., -0.75187025,
         -0.88632211, -0.98919885],
        [-0.07537161, -0.0687997 ,  0.        , ..., -0.7954491 ,
         -0.91608099, -0.99693958],
        ...,
        [ 0.74750972,  0.75187025,  0.7954491 , ...,  0.        ,
         -0.23619402, -0.54198078],
        [ 0.8832517 ,  0.88632211,  0.91608099, ...,  0.23619402,
          0.        , -0.32815064],
        [ 0.98821156,  0.98919885,  0.99693958, ...,  0.54198078,
          0.32815064,  0.        ]],

       ...,

       [[ 0.        , -0.0948115 , -0.16192466, ..., -0.05344697,
         -0.15526153, -0.14293977],
        [ 0.0948115 ,  0.        , -0.06763494, ...,  0.04146978,
         -0.06090036, -0.04845794],
        [ 0.16192466,  0.06763494,  0.        , ...,  0.10895158,
          0.0067485 ,  0.0192085 ],
        ...,
        [ 0.05344697, -0.04146978, -0.10895158, ...,  0.        ,
         -0.10224078, -0.08983732],
        [ 0.15526153,  0.06090036, -0.0067485 , ...,  0.10224078,
          0.        ,  0.01246082],
        [ 0.14293977,  0.04845794, -0.0192085 , ...,  0.08983732,
         -0.01246082,  0.        ]],

       [[ 0.        , -0.00314072,  0.00122071, ..., -0.84748256,
         -0.88693911, -0.99642803],
        [ 0.00314072,  0.        ,  0.00436142, ..., -0.84581122,
         -0.88548408, -0.99615789],
        [-0.00122071, -0.00436142,  0.        , ..., -0.84812991,
         -0.88750228, -0.99653037],
        ...,
        [ 0.84748256,  0.84581122,  0.84812991, ...,  0.        ,
         -0.07936725, -0.45736038],
        [ 0.88693911,  0.88548408,  0.88750228, ...,  0.07936725,
          0.        , -0.38533779],
        [ 0.99642803,  0.99615789,  0.99653037, ...,  0.45736038,
          0.38533779,  0.        ]],

       [[ 0.        ,  0.02190362,  0.03283718, ..., -0.89510197,
         -0.98073126, -0.99804136],
        [-0.02190362,  0.        ,  0.01093749, ..., -0.9046532 ,
         -0.9847751 , -0.99917215],
        [-0.03283718, -0.01093749,  0.        , ..., -0.90926009,
         -0.98661749, -0.99955734],
        ...,
        [ 0.89510197,  0.9046532 ,  0.90926009, ...,  0.        ,
         -0.26240165, -0.38899278],
        [ 0.98073126,  0.9847751 ,  0.98661749, ...,  0.26240165,
          0.        , -0.13362687],
        [ 0.99804136,  0.99917215,  0.99955734, ...,  0.38899278,
          0.13362687,  0.        ]]]), 'num': array([ 3.14299480e+07,  8.43480000e+04,  5.48000000e+02,  5.72000000e+04,
        5.79000000e+04,  5.66000000e+04,  9.45360000e+04, -1.00000000e+03,
        5.74800000e+04,  5.93950000e+04,  6.41116667e+04,  4.27586207e+01,
        6.25001409e+04,  5.62898591e+04])}
{'img': array([[[ 0.        ,  0.09056739,  0.67646128, ..., -0.998614  ,
         -0.84857136, -0.98139127],
        [-0.09056739,  0.        ,  0.60698034, ..., -0.98974332,
         -0.89300149, -0.99474871],
        [-0.67646128, -0.60698034,  0.        , ..., -0.69985421,
         -0.98285708, -0.85266648],
        ...,
        [ 0.998614  ,  0.98974332,  0.69985421, ...,  0.        ,
          0.57300929,  0.24340472],
        [ 0.84857136,  0.89300149,  0.98285708, ..., -0.57300929,
          0.        , -0.35629386],
        [ 0.98139127,  0.99474871,  0.85266648, ..., -0.24340472,
          0.35629386,  0.        ]],

       [[ 0.        ,  0.17835611,  0.60712385, ..., -0.15016182,
          0.01693498,  0.20565841],
        [-0.17835611,  0.        ,  0.73911228, ..., -0.32408793,
         -0.16166709,  0.02781734],
        [-0.60712385, -0.73911228,  0.        , ..., -0.48092027,
         -0.62049344, -0.75756353],
        ...,
        [ 0.15016182,  0.32408793,  0.48092027, ...,  0.        ,
          0.16688325,  0.35027847],
        [-0.01693498,  0.16166709,  0.62049344, ..., -0.16688325,
          0.        ,  0.18905594],
        [-0.20565841, -0.02781734,  0.75756353, ..., -0.35027847,
         -0.18905594,  0.        ]],

       [[ 0.        ,  0.06709941,  0.30229243, ..., -0.84221818,
         -0.91265864, -0.99265018],
        [-0.06709941,  0.        ,  0.23765097, ..., -0.87649583,
         -0.93802683, -0.99853335],
        [-0.30229243, -0.23765097,  0.        , ..., -0.96579219,
         -0.99351389, -0.98279243],
        ...,
        [ 0.84221818,  0.87649583,  0.96579219, ...,  0.        ,
         -0.14781425, -0.43324979],
        [ 0.91265864,  0.93802683,  0.99351389, ...,  0.14781425,
          0.        , -0.29526948],
        [ 0.99265018,  0.99853335,  0.98279243, ...,  0.43324979,
          0.29526948,  0.        ]],

       ...,

       [[ 0.        , -0.06763494,  0.26841625, ..., -0.06090036,
         -0.04845794, -0.07661119],
        [ 0.06763494,  0.        ,  0.33295456, ...,  0.0067485 ,
          0.0192085 , -0.0089996 ],
        [-0.26841625, -0.33295456,  0.        , ..., -0.32658353,
         -0.3147806 , -0.34142718],
        ...,
        [ 0.06090036, -0.0067485 ,  0.32658353, ...,  0.        ,
          0.01246082, -0.01574762],
        [ 0.04845794, -0.0192085 ,  0.3147806 , ..., -0.01246082,
          0.        , -0.02820567],
        [ 0.07661119,  0.0089996 ,  0.34142718, ...,  0.01574762,
          0.02820567,  0.        ]],

       [[ 0.        ,  0.00421487,  0.12517486, ..., -0.83421547,
         -0.91734118, -0.99856825],
        [-0.00421487,  0.        ,  0.12099202, ..., -0.8365323 ,
         -0.91901098, -0.99878484],
        [-0.12517486, -0.12099202,  0.        , ..., -0.89668036,
         -0.95995837, -0.99741013],
        ...,
        [ 0.83421547,  0.8365323 ,  0.89668036, ...,  0.        ,
         -0.17375454, -0.50602478],
        [ 0.91734118,  0.91901098,  0.95995837, ...,  0.17375454,
          0.        , -0.34846105],
        [ 0.99856825,  0.99878484,  0.99741013, ...,  0.50602478,
          0.34846105,  0.        ]],

       [[ 0.        ,  0.0107487 , -0.03677481, ..., -0.95062586,
         -0.96016249, -0.99973107],
        [-0.0107487 ,  0.        , -0.04751412, ..., -0.95390669,
         -0.96311066, -0.99992258],
        [ 0.03677481,  0.04751412,  0.        , ..., -0.93857017,
         -0.94923657, -0.998202  ],
        ...,
        [ 0.95062586,  0.95390669,  0.93857017, ...,  0.        ,
         -0.03233107, -0.28821041],
        [ 0.96016249,  0.96311066,  0.94923657, ...,  0.03233107,
          0.        , -0.25710057],
        [ 0.99973107,  0.99992258,  0.998202  , ...,  0.28821041,
          0.25710057,  0.        ]]]), 'num': array([3.17039480e+07, 8.43480000e+04, 5.48000000e+02, 5.77000000e+04,
       5.78000000e+04, 5.66000000e+04, 5.67980000e+04, 5.00000000e+02,
       5.76200000e+04, 5.91200000e+04, 6.40066667e+04, 4.39189189e+01,
       6.17692263e+04, 5.64707737e+04])}
{'img': array([[[ 0.00000000e+00,  6.06980340e-01,  6.24104412e-01, ...,
         -8.93001490e-01, -9.94748705e-01, -9.49358919e-01],
        [-6.06980340e-01,  0.00000000e+00,  2.17276944e-02, ...,
         -9.82857080e-01, -8.52666481e-01, -9.45180888e-01],
        [-6.24104412e-01, -2.17276944e-02,  0.00000000e+00, ...,
         -9.78619138e-01, -8.41113433e-01, -9.37862637e-01],
        ...,
        [ 8.93001490e-01,  9.82857080e-01,  9.78619138e-01, ...,
          0.00000000e+00, -3.56293862e-01, -1.46687113e-01],
        [ 9.94748705e-01,  8.52666481e-01,  8.41113433e-01, ...,
          3.56293862e-01,  0.00000000e+00,  2.15379192e-01],
        [ 9.49358919e-01,  9.45180888e-01,  9.37862637e-01, ...,
          1.46687113e-01, -2.15379192e-01,  0.00000000e+00]],

       [[ 0.00000000e+00,  7.39112284e-01,  6.37265900e-01, ...,
         -1.61667089e-01,  2.78173427e-02, -3.23423732e-01],
        [-7.39112284e-01,  0.00000000e+00, -9.98843437e-01, ...,
         -6.20493444e-01, -7.57563532e-01, -4.81535652e-01],
        [-6.37265900e-01,  9.98843437e-01,  0.00000000e+00, ...,
         -7.53470665e-01, -6.15582025e-01, -8.52260119e-01],
        ...,
        [ 1.61667089e-01,  6.20493444e-01,  7.53470665e-01, ...,
          0.00000000e+00,  1.89055943e-01, -1.66191039e-01],
        [-2.78173427e-02,  7.57563532e-01,  6.15582025e-01, ...,
         -1.89055943e-01,  0.00000000e+00, -3.49620853e-01],
        [ 3.23423732e-01,  4.81535652e-01,  8.52260119e-01, ...,
          1.66191039e-01,  3.49620853e-01,  0.00000000e+00]],

       [[ 0.00000000e+00,  2.37650973e-01,  4.22306332e-01, ...,
         -9.38026826e-01, -9.98533348e-01, -9.64905040e-01],
        [-2.37650973e-01,  0.00000000e+00,  1.94788035e-01, ...,
         -9.93513885e-01, -9.82792434e-01, -9.99668024e-01],
        [-4.22306332e-01, -1.94788035e-01,  0.00000000e+00, ...,
         -9.96633000e-01, -9.27987444e-01, -9.85538483e-01],
        ...,
        [ 9.38026826e-01,  9.93513885e-01,  9.96633000e-01, ...,
          0.00000000e+00, -2.95269477e-01, -8.80750964e-02],
        [ 9.98533348e-01,  9.82792434e-01,  9.27987444e-01, ...,
          2.95269477e-01,  0.00000000e+00,  2.09973831e-01],
        [ 9.64905040e-01,  9.99668024e-01,  9.85538483e-01, ...,
          8.80750964e-02, -2.09973831e-01,  0.00000000e+00]],

       ...,

       [[ 0.00000000e+00,  3.32954556e-01,  4.47892945e-01, ...,
          1.92085039e-02, -8.99959977e-03,  2.72073055e-02],
        [-3.32954556e-01,  0.00000000e+00,  1.24647056e-01, ...,
         -3.14780604e-01, -3.41427181e-01, -3.07176366e-01],
        [-4.47892945e-01, -1.24647056e-01,  0.00000000e+00, ...,
         -4.30636231e-01, -4.55921234e-01, -4.23401437e-01],
        ...,
        [-1.92085039e-02,  3.14780604e-01,  4.30636231e-01, ...,
          0.00000000e+00, -2.82056654e-02,  8.00089261e-03],
        [ 8.99959977e-03,  3.41427181e-01,  4.55921234e-01, ...,
          2.82056654e-02,  0.00000000e+00,  3.62024719e-02],
        [-2.72073055e-02,  3.07176366e-01,  4.23401437e-01, ...,
         -8.00089261e-03, -3.62024719e-02,  0.00000000e+00]],

       [[ 0.00000000e+00,  1.13457886e-01,  2.13010833e-01, ...,
         -8.22159163e-01, -8.79004381e-01, -9.99818654e-01],
        [-1.13457886e-01,  0.00000000e+00,  1.00781372e-01, ...,
         -8.81437095e-01, -9.27426753e-01, -9.91201984e-01],
        [-2.13010833e-01, -1.00781372e-01,  0.00000000e+00, ...,
         -9.24548530e-01, -9.60397569e-01, -9.72816160e-01],
        ...,
        [ 8.22159163e-01,  8.81437095e-01,  9.24548530e-01, ...,
          0.00000000e+00, -1.08363250e-01, -5.84811325e-01],
        [ 8.79004381e-01,  9.27426753e-01,  9.60397569e-01, ...,
          1.08363250e-01,  0.00000000e+00, -4.93466637e-01],
        [ 9.99818654e-01,  9.91201984e-01,  9.72816160e-01, ...,
          5.84811325e-01,  4.93466637e-01,  0.00000000e+00]],

       [[ 0.00000000e+00, -4.75141164e-02, -8.40768307e-02, ...,
         -9.63110662e-01, -9.99922579e-01, -9.63155870e-01],
        [ 4.75141164e-02,  0.00000000e+00, -3.66359895e-02, ...,
         -9.49236575e-01, -9.98202002e-01, -9.49289423e-01],
        [ 8.40768307e-02,  3.66359895e-02,  0.00000000e+00, ...,
         -9.37075001e-01, -9.95335937e-01, -9.37133658e-01],
        ...,
        [ 9.63110662e-01,  9.49236575e-01,  9.37075001e-01, ...,
          0.00000000e+00, -2.57100569e-01, -1.68047018e-04],
        [ 9.99922579e-01,  9.98202002e-01,  9.95335937e-01, ...,
          2.57100569e-01,  0.00000000e+00,  2.56938168e-01],
        [ 9.63155870e-01,  9.49289423e-01,  9.37133658e-01, ...,
          1.68047018e-04, -2.56938168e-01,  0.00000000e+00]]]), 'num': array([ 3.11559480e+07,  8.43480000e+04,  5.48000000e+02,  5.67000000e+04,
        5.76000000e+04,  5.67000000e+04,  3.74510000e+04, -1.00000000e+03,
        5.73600000e+04,  5.88900000e+04,  6.38750000e+04,  4.24836601e+01,
        6.15409621e+04,  5.62390379e+04])}
{'img': array([[[ 0.        ,  0.02144857,  0.04339812, ..., -0.91358641,
         -0.9675502 , -0.69336325],
        [-0.02144857,  0.        ,  0.02195977, ..., -0.9046543 ,
         -0.96190801, -0.67774815],
        [-0.04339812, -0.02195977,  0.        , ..., -0.89507807,
         -0.95567284, -0.66143783],
        ...,
        [ 0.91358641,  0.9046543 ,  0.89507807, ...,  0.        ,
          0.16260511, -0.37636717],
        [ 0.9675502 ,  0.96190801,  0.95567284, ..., -0.16260511,
          0.        , -0.52200704],
        [ 0.69336325,  0.67774815,  0.66143783, ...,  0.37636717,
          0.52200704,  0.        ]],

       [[ 0.        , -0.99884344, -0.99462488, ..., -0.75756353,
         -0.48153565, -0.13317871],
        [ 0.99884344,  0.        ,  0.15124678, ..., -0.61558202,
         -0.85226012, -0.98354241],
        [ 0.99462488, -0.15124678,  0.        , ..., -0.72769387,
         -0.9215757 , -0.99955465],
        ...,
        [ 0.75756353,  0.61558202,  0.72769387, ...,  0.        ,
         -0.34962085, -0.66388126],
        [ 0.48153565,  0.85226012,  0.9215757 , ...,  0.34962085,
          0.        , -0.3605248 ],
        [ 0.13317871,  0.98354241,  0.99955465, ...,  0.66388126,
          0.3605248 ,  0.        ]],

       [[ 0.        ,  0.19336545,  0.31540097, ..., -0.99999924,
         -0.99560958, -0.98131089],
        [-0.19336545,  0.        ,  0.12595256, ..., -0.9813648 ,
         -0.99491888, -0.92558129],
        [-0.31540097, -0.12595256,  0.        , ..., -0.9493472 ,
         -0.97431473, -0.87053101],
        ...,
        [ 0.99999924,  0.9813648 ,  0.9493472 , ...,  0.        ,
          0.09237393, -0.1936405 ],
        [ 0.99560958,  0.99491888,  0.97431473, ..., -0.09237393,
          0.        , -0.28343809],
        [ 0.98131089,  0.92558129,  0.87053101, ...,  0.1936405 ,
          0.28343809,  0.        ]],

       ...,

       [[ 0.        ,  0.12464706,  0.12464706, ..., -0.34142718,
         -0.30717637, -0.34951051],
        [-0.12464706,  0.        ,  0.        , ..., -0.45592123,
         -0.42340144, -0.4635706 ],
        [-0.12464706,  0.        ,  0.        , ..., -0.45592123,
         -0.42340144, -0.4635706 ],
        ...,
        [ 0.34142718,  0.45592123,  0.45592123, ...,  0.        ,
          0.03620247, -0.0086136 ],
        [ 0.30717637,  0.42340144,  0.42340144, ..., -0.03620247,
          0.        , -0.04480908],
        [ 0.34951051,  0.4635706 ,  0.4635706 , ...,  0.0086136 ,
          0.04480908,  0.        ]],

       [[ 0.        ,  0.09909577,  0.19399713, ..., -0.90603442,
         -0.99115727, -0.98873891],
        [-0.09909577,  0.        ,  0.09582909, ..., -0.94351256,
         -0.99942795, -0.96904248],
        [-0.19399713, -0.09582909,  0.        , ..., -0.97092203,
         -0.9980693 , -0.94092312],
        ...,
        [ 0.90603442,  0.94351256,  0.97092203, ...,  0.        ,
         -0.29923785, -0.55402705],
        [ 0.99115727,  0.99942795,  0.9980693 , ...,  0.29923785,
          0.        , -0.27952562],
        [ 0.98873891,  0.96904248,  0.94092312, ...,  0.55402705,
          0.27952562,  0.        ]],

       [[ 0.        , -0.03645006, -0.04484104, ..., -0.98160253,
         -0.93984321, -0.99848828],
        [ 0.03645006,  0.        , -0.00839784, ..., -0.97399062,
         -0.9267671 , -0.99582128],
        [ 0.04484104,  0.00839784,  0.        , ..., -0.97205342,
         -0.92357988, -0.99501924],
        ...,
        [ 0.98160253,  0.97399062,  0.97205342, ...,  0.        ,
          0.15587176, -0.13669328],
        [ 0.93984321,  0.9267671 ,  0.92357988, ..., -0.15587176,
          0.        , -0.28943117],
        [ 0.99848828,  0.99582128,  0.99501924, ...,  0.13669328,
          0.28943117,  0.        ]]]), 'num': array([ 3.03339480e+07,  8.43480000e+04,  5.48000000e+02,  5.52000000e+04,
        5.69000000e+04,  5.50000000e+04,  6.15010000e+04, -1.50000000e+03,
        5.70000000e+04,  5.87050000e+04,  6.36550000e+04,  3.48101266e+01,
        6.18056290e+04,  5.56043710e+04])}
{'img': array([[[ 0.        ,  0.02068953, -0.09668427, ..., -0.99961751,
         -0.97491181, -0.64805986],
        [-0.02068953,  0.        , -0.11725618, ..., -0.99883136,
         -0.97009782, -0.63216422],
        [ 0.09668427,  0.11725618,  0.        , ..., -0.99760826,
         -0.99186554, -0.71865748],
        ...,
        [ 0.99961751,  0.99883136,  0.99760826, ...,  0.        ,
         -0.19554457, -0.74337564],
        [ 0.97491181,  0.97009782,  0.99186554, ...,  0.19554457,
          0.        , -0.59822992],
        [ 0.64805986,  0.63216422,  0.71865748, ...,  0.74337564,
          0.59822992,  0.        ]],

       [[ 0.        ,  0.28748637, -0.66732513, ..., -0.99030445,
         -0.94843858, -0.97817786],
        [-0.28748637,  0.        , -0.85326404, ..., -0.98843436,
         -0.81727803, -0.99661465],
        [ 0.66732513,  0.85326404,  0.        , ..., -0.64484479,
         -0.91788132, -0.58986447],
        ...,
        [ 0.99030445,  0.98843436,  0.64484479, ...,  0.        ,
         -0.44563926,  0.06987223],
        [ 0.94843858,  0.81727803,  0.91788132, ...,  0.44563926,
          0.        ,  0.5071006 ],
        [ 0.97817786,  0.99661465,  0.58986447, ..., -0.06987223,
         -0.5071006 ,  0.        ]],

       [[ 0.        ,  0.12354502,  0.2698307 , ..., -0.99946223,
         -0.99733826, -0.91837745],
        [-0.12354502,  0.        ,  0.14880106, ..., -0.99585649,
         -0.98068951, -0.86245428],
        [-0.2698307 , -0.14880106,  0.        , ..., -0.97123799,
         -0.94067045, -0.77753929],
        ...,
        [ 0.99946223,  0.99585649,  0.97123799, ...,  0.        ,
         -0.10557813, -0.42560728],
        [ 0.99733826,  0.98068951,  0.94067045, ...,  0.10557813,
          0.        , -0.32769007],
        [ 0.91837745,  0.86245428,  0.77753929, ...,  0.42560728,
          0.32769007,  0.        ]],

       ...,

       [[ 0.        ,  0.        , -0.01052884, ..., -0.42340144,
         -0.4635706 , -0.66759688],
        [ 0.        ,  0.        , -0.01052884, ..., -0.42340144,
         -0.4635706 , -0.66759688],
        [ 0.01052884,  0.01052884,  0.        , ..., -0.41383945,
         -0.45421572, -0.65972091],
        ...,
        [ 0.42340144,  0.42340144,  0.41383945, ...,  0.        ,
         -0.04480908, -0.28957208],
        [ 0.4635706 ,  0.4635706 ,  0.45421572, ...,  0.04480908,
          0.        , -0.24639194],
        [ 0.66759688,  0.66759688,  0.65972091, ...,  0.28957208,
          0.24639194,  0.        ]],

       [[ 0.        ,  0.09582909,  0.15345587, ..., -0.99942795,
         -0.96904248, -0.99844665],
        [-0.09582909,  0.        ,  0.05805559, ..., -0.9980693 ,
         -0.94092312, -0.99919083],
        [-0.15345587, -0.05805559,  0.        , ..., -0.99278007,
         -0.91967731, -0.99517052],
        ...,
        [ 0.99942795,  0.9980693 ,  0.99278007, ...,  0.        ,
         -0.27952562,  0.021917  ],
        [ 0.96904248,  0.94092312,  0.91967731, ...,  0.27952562,
          0.        ,  0.30050183],
        [ 0.99844665,  0.99919083,  0.99517052, ..., -0.021917  ,
         -0.30050183,  0.        ]],

       [[ 0.        , -0.00790144, -0.01829844, ..., -0.83209527,
         -0.87470972, -0.99952244],
        [ 0.00790144,  0.        , -0.01039776, ..., -0.8276869 ,
         -0.87085301, -0.99924707],
        [ 0.01829844,  0.01039776,  0.        , ..., -0.82180704,
         -0.86569498, -0.99878964],
        ...,
        [ 0.83209527,  0.8276869 ,  0.82180704, ...,  0.        ,
         -0.08187   , -0.52865492],
        [ 0.87470972,  0.87085301,  0.86569498, ...,  0.08187   ,
          0.        , -0.45738596],
        [ 0.99952244,  0.99924707,  0.99878964, ...,  0.52865492,
          0.45738596,  0.        ]]]), 'num': array([ 2.95667480e+07,  8.43480000e+04,  5.48000000e+02,  5.38000000e+04,
        5.52000000e+04,  5.33000000e+04,  8.23230000e+04, -1.40000000e+03,
        5.61200000e+04,  5.84500000e+04,  6.34100000e+04,  2.35294118e+01,
        6.22127118e+04,  5.46872882e+04])}
{'img': array([[[ 0.        , -0.11147842, -0.038885  , ..., -0.99864533,
         -0.94729378, -0.60799691],
        [ 0.11147842,  0.        ,  0.07275148, ..., -0.99822126,
         -0.97710307, -0.69271428],
        [ 0.038885  , -0.07275148,  0.        , ..., -0.99991338,
         -0.95903477, -0.63840941],
        ...,
        [ 0.99864533,  0.99822126,  0.99991338, ...,  0.        ,
         -0.27064104, -0.76122756],
        [ 0.94729378,  0.97710307,  0.95903477, ...,  0.27064104,
          0.        , -0.55731219],
        [ 0.60799691,  0.69271428,  0.63840941, ...,  0.76122756,
          0.55731219,  0.        ]],

       [[ 0.        , -0.85326404, -0.76616729, ..., -0.81727803,
         -0.99661465, -0.9843528 ],
        [ 0.85326404,  0.        ,  0.14880236, ..., -0.91788132,
         -0.58986447, -0.36296673],
        [ 0.76616729, -0.14880236,  0.        , ..., -0.96671547,
         -0.70345573, -0.49758016],
        ...,
        [ 0.81727803,  0.91788132,  0.96671547, ...,  0.        ,
          0.5071006 ,  0.71123859],
        [ 0.99661465,  0.58986447,  0.70345573, ..., -0.5071006 ,
          0.        ,  0.25654049],
        [ 0.9843528 ,  0.36296673,  0.49758016, ..., -0.71123859,
         -0.25654049,  0.        ]],

       [[ 0.        ,  0.14282409,  0.29391108, ..., -0.99924483,
         -0.99826125, -0.84335531],
        [-0.14282409,  0.        ,  0.15438198, ..., -0.99455019,
         -0.97960845, -0.75796188],
        [-0.29391108, -0.15438198,  0.        , ..., -0.96653107,
         -0.93684632, -0.64817166],
        ...,
        [ 0.99924483,  0.99455019,  0.96653107, ...,  0.        ,
         -0.09768829, -0.56971969],
        [ 0.99826125,  0.97960845,  0.93684632, ...,  0.09768829,
          0.        , -0.4867107 ],
        [ 0.84335531,  0.75796188,  0.64817166, ...,  0.56971969,
          0.4867107 ,  0.        ]],

       ...,

       [[ 0.        , -0.01052884, -0.01824921, ..., -0.4635706 ,
         -0.66759688, -0.92203261],
        [ 0.01052884,  0.        , -0.00772111, ..., -0.45421572,
         -0.65972091, -0.91790566],
        [ 0.01824921,  0.00772111,  0.        , ..., -0.44732351,
         -0.65389875, -0.91481457],
        ...,
        [ 0.4635706 ,  0.45421572,  0.44732351, ...,  0.        ,
         -0.24639194, -0.63752236],
        [ 0.66759688,  0.65972091,  0.65389875, ...,  0.24639194,
          0.        , -0.42803952],
        [ 0.92203261,  0.91790566,  0.91481457, ...,  0.63752236,
          0.42803952,  0.        ]],

       [[ 0.        ,  0.05805559,  0.1267859 , ..., -0.94092312,
         -0.99919083, -0.98968068],
        [-0.05805559,  0.        ,  0.06898497, ..., -0.91967731,
         -0.99517052, -0.99633025],
        [-0.1267859 , -0.06898497,  0.        , ..., -0.89039769,
         -0.98602806, -0.99986127],
        ...,
        [ 0.94092312,  0.91967731,  0.89039769, ...,  0.        ,
          0.30050183,  0.46995121],
        [ 0.99919083,  0.99517052,  0.98602806, ..., -0.30050183,
          0.        ,  0.18297997],
        [ 0.98968068,  0.99633025,  0.99986127, ..., -0.46995121,
         -0.18297997,  0.        ]],

       [[ 0.        , -0.00962358, -0.02060211, ..., -0.77403738,
         -0.8712108 , -0.99927194],
        [ 0.00962358,  0.        , -0.01097961, ..., -0.76790846,
         -0.86644615, -0.99959282],
        [ 0.02060211,  0.01097961,  0.        , ..., -0.76082907,
         -0.86091213, -0.99984586],
        ...,
        [ 0.77403738,  0.76790846,  0.76082907, ...,  0.        ,
         -0.17161633, -0.66221025],
        [ 0.8712108 ,  0.86644615,  0.86091213, ...,  0.17161633,
          0.        , -0.52379039],
        [ 0.99927194,  0.99959282,  0.99984586, ...,  0.66221025,
          0.52379039,  0.        ]]]), 'num': array([ 2.88543480e+07,  8.43480000e+04,  5.48000000e+02,  5.25000000e+04,
        5.41000000e+04,  5.22000000e+04,  9.30690000e+04, -1.30000000e+03,
        5.51800000e+04,  5.80750000e+04,  6.31416667e+04,  2.36842105e+01,
        6.25689404e+04,  5.35810596e+04])}
{'img': array([[[ 0.        ,  0.06967987, -0.06467861, ..., -0.99937688,
         -0.95878207, -0.67087215],
        [-0.06967987,  0.        , -0.13405537, ..., -0.99448832,
         -0.93665264, -0.61756881],
        [ 0.06467861,  0.13405537,  0.        , ..., -0.99956727,
         -0.97515246, -0.71743135],
        ...,
        [ 0.99937688,  0.99448832,  0.99956727, ...,  0.        ,
         -0.25012355, -0.71743135],
        [ 0.95878207,  0.93665264,  0.97515246, ...,  0.25012355,
          0.        , -0.52038365],
        [ 0.67087215,  0.61756881,  0.71743135, ...,  0.71743135,
          0.52038365,  0.        ]],

       [[ 0.        ,  0.14880236, -0.09210463, ..., -0.58986447,
         -0.36296673, -0.25289382],
        [-0.14880236,  0.        , -0.23924908, ..., -0.70345573,
         -0.49758016, -0.39404374],
        [ 0.09210463,  0.23924908,  0.        , ..., -0.51298245,
         -0.2756006 , -0.16270818],
        ...,
        [ 0.58986447,  0.70345573,  0.51298245, ...,  0.        ,
          0.25654049,  0.36647802],
        [ 0.36296673,  0.49758016,  0.2756006 , ..., -0.25654049,
          0.        ,  0.11552116],
        [ 0.25289382,  0.39404374,  0.16270818, ..., -0.36647802,
         -0.11552116,  0.        ]],

       [[ 0.        ,  0.14866083,  0.11546043, ..., -0.99968909,
         -0.97331688, -0.73846354],
        [-0.14866083,  0.        , -0.03348914, ..., -0.984874  ,
         -0.92838914, -0.63001689],
        [-0.11546043,  0.03348914,  0.        , ..., -0.9901243 ,
         -0.94031327, -0.65567055],
        ...,
        [ 0.99968909,  0.984874  ,  0.9901243 , ...,  0.        ,
         -0.20512465, -0.65567055],
        [ 0.97331688,  0.92838914,  0.94031327, ...,  0.20512465,
          0.        , -0.4868495 ],
        [ 0.73846354,  0.63001689,  0.65567055, ...,  0.65567055,
          0.4868495 ,  0.        ]],

       ...,

       [[ 0.        , -0.00772111,  0.06929085, ..., -0.65972091,
         -0.91790566, -0.91493205],
        [ 0.00772111,  0.        ,  0.07699133, ..., -0.65389875,
         -0.91481457, -0.91178848],
        [-0.06929085, -0.07699133,  0.        , ..., -0.71020808,
         -0.94319399, -0.94069934],
        ...,
        [ 0.65972091,  0.65389875,  0.71020808, ...,  0.        ,
         -0.42803952, -0.42131264],
        [ 0.91790566,  0.91481457,  0.94319399, ...,  0.42803952,
          0.        ,  0.00743015],
        [ 0.91493205,  0.91178848,  0.94069934, ...,  0.42131264,
         -0.00743015,  0.        ]],

       [[ 0.        ,  0.06898497,  0.09125001, ..., -0.99517052,
         -0.99633025, -0.97906091],
        [-0.06898497,  0.        ,  0.02233546, ..., -0.98602806,
         -0.99986127, -0.99077159],
        [-0.09125001, -0.02233546,  0.        , ..., -0.98206146,
         -0.99998387, -0.99355182],
        ...,
        [ 0.99517052,  0.98602806,  0.98206146, ...,  0.        ,
          0.18297997,  0.29869033],
        [ 0.99633025,  0.99986127,  0.99998387, ..., -0.18297997,
          0.        ,  0.11902048],
        [ 0.97906091,  0.99077159,  0.99355182, ..., -0.29869033,
         -0.11902048,  0.        ]],

       [[ 0.        , -0.01013043, -0.0135917 , ..., -0.77312737,
         -0.89043131, -0.99412712],
        [ 0.01013043,  0.        , -0.00346152, ..., -0.76666247,
         -0.88577508, -0.99517241],
        [ 0.0135917 ,  0.00346152,  0.        , ..., -0.76443541,
         -0.88416323, -0.99550617],
        ...,
        [ 0.77312737,  0.76666247,  0.76443541, ...,  0.        ,
         -0.21289283, -0.71419268],
        [ 0.89043131,  0.88577508,  0.88416323, ...,  0.21289283,
          0.        , -0.54880605],
        [ 0.99412712,  0.99517241,  0.99550617, ...,  0.71419268,
          0.54880605,  0.        ]]]), 'num': array([2.89913810e+07, 8.94228100e+06, 3.79000000e+02, 5.29000000e+04,
       5.30000000e+04, 5.20000000e+04, 8.11090000e+04, 4.00000000e+02,
       5.42200000e+04, 5.77550000e+04, 6.28900000e+04, 2.77777778e+01,
       6.27391649e+04, 5.27708351e+04])}
{'img': array([[[ 0.        , -0.13405537,  0.01840969, ..., -0.93665264,
         -0.61756881, -0.82295605],
        [ 0.13405537,  0.        ,  0.15227617, ..., -0.97515246,
         -0.71743135, -0.89168545],
        [-0.01840969, -0.15227617,  0.        , ..., -0.93004573,
         -0.60298462, -0.81235795],
        ...,
        [ 0.93665264,  0.97515246,  0.93004573, ...,  0.        ,
         -0.52038365, -0.24386878],
        [ 0.61756881,  0.71743135,  0.60298462, ...,  0.52038365,
          0.        ,  0.29642485],
        [ 0.82295605,  0.89168545,  0.81235795, ...,  0.24386878,
         -0.29642485,  0.        ]],

       [[ 0.        , -0.23924908, -0.47445297, ..., -0.49758016,
         -0.39404374, -0.50937309],
        [ 0.23924908,  0.        , -0.25006763, ..., -0.2756006 ,
         -0.16270818, -0.28869521],
        [ 0.47445297,  0.25006763,  0.        , ..., -0.02646125,
          0.08919662, -0.04010288],
        ...,
        [ 0.49758016,  0.2756006 ,  0.02646125, ...,  0.        ,
          0.11552116, -0.01364887],
        [ 0.39404374,  0.16270818, -0.08919662, ..., -0.11552116,
          0.        , -0.12906789],
        [ 0.50937309,  0.28869521,  0.04010288, ...,  0.01364887,
          0.12906789,  0.        ]],

       [[ 0.        , -0.03232775, -0.03232775, ..., -0.97941745,
         -0.91582663, -0.61292761],
        [ 0.03232775,  0.        ,  0.        , ..., -0.98543073,
         -0.92832993, -0.63815067],
        [ 0.03232775,  0.        ,  0.        , ..., -0.98543073,
         -0.92832993, -0.63815067],
        ...,
        [ 0.97941745,  0.98543073,  0.98543073, ...,  0.        ,
         -0.20845332, -0.65015953],
        [ 0.91582663,  0.92832993,  0.92832993, ...,  0.20845332,
          0.        , -0.47749468],
        [ 0.61292761,  0.63815067,  0.63815067, ...,  0.65015953,
          0.47749468,  0.        ]],

       ...,

       [[ 0.        ,  0.07699133,  0.34052298, ..., -0.91481457,
         -0.91178848, -0.82475247],
        [-0.07699133,  0.        ,  0.26712219, ..., -0.94319399,
         -0.94069934, -0.86584254],
        [-0.34052298, -0.26712219,  0.        , ..., -0.99767019,
         -0.99713575, -0.9680258 ],
        ...,
        [ 0.91481457,  0.94319399,  0.99767019, ...,  0.        ,
          0.00743015,  0.18422589],
        [ 0.91178848,  0.94069934,  0.99713575, ..., -0.00743015,
          0.        ,  0.17691783],
        [ 0.82475247,  0.86584254,  0.9680258 , ..., -0.18422589,
         -0.17691783,  0.        ]],

       [[ 0.        ,  0.02233546,  0.06900335, ..., -0.99986127,
         -0.99077159, -0.98272   ],
        [-0.02233546,  0.        ,  0.04670392, ..., -0.99998387,
         -0.99355182, -0.9866091 ],
        [-0.06900335, -0.04670392,  0.        , ..., -0.99862738,
         -0.99776287, -0.99315002],
        ...,
        [ 0.99986127,  0.99998387,  0.99862738, ...,  0.        ,
          0.11902048,  0.16870398],
        [ 0.99077159,  0.99355182,  0.99776287, ..., -0.11902048,
          0.        ,  0.05019026],
        [ 0.98272   ,  0.9866091 ,  0.99315002, ..., -0.16870398,
         -0.05019026,  0.        ]],

       [[ 0.        , -0.00328614, -0.01351416, ..., -0.82540644,
         -0.94574311, -0.98879913],
        [ 0.00328614,  0.        , -0.01022825, ..., -0.82354683,
         -0.94467029, -0.98928426],
        [ 0.01351416,  0.01022825,  0.        , ..., -0.81770179,
         -0.94126579, -0.99072585],
        ...,
        [ 0.82540644,  0.82354683,  0.81770179, ...,  0.        ,
         -0.26572161, -0.6814095 ],
        [ 0.94574311,  0.94467029,  0.94126579, ...,  0.26572161,
          0.        , -0.46243042],
        [ 0.98879913,  0.98928426,  0.99072585, ...,  0.6814095 ,
          0.46243042,  0.        ]]]), 'num': array([2.95699700e+07, 1.11197000e+06, 5.27000000e+02, 5.40000000e+04,
       5.41000000e+04, 5.17000000e+04, 7.15610000e+04, 1.10000000e+03,
       5.36800000e+04, 5.74800000e+04, 6.26500000e+04, 2.87671233e+01,
       6.26520789e+04, 5.23079211e+04])}
{'img': array([[[ 0.        ,  0.15227617,  0.71743135, ..., -0.71743135,
         -0.89168545, -0.98355173],
        [-0.15227617,  0.        ,  0.60298462, ..., -0.60298462,
         -0.81235795, -0.94457639],
        [-0.71743135, -0.60298462,  0.        , ..., -0.        ,
         -0.29642485, -0.55558361],
        ...,
        [ 0.71743135,  0.60298462,  0.        , ...,  0.        ,
          0.29642485,  0.55558361],
        [ 0.89168545,  0.81235795,  0.29642485, ..., -0.29642485,
          0.        ,  0.28414795],
        [ 0.98355173,  0.94457639,  0.55558361, ..., -0.55558361,
         -0.28414795,  0.        ]],

       [[ 0.        , -0.25006763,  0.94463965, ..., -0.16270818,
         -0.28869521, -0.39455147],
        [ 0.25006763,  0.        ,  0.83257731, ...,  0.08919662,
         -0.04010288, -0.15223532],
        [-0.94463965, -0.83257731,  0.        , ..., -0.87866549,
         -0.80969421, -0.73854853],
        ...,
        [ 0.16270818, -0.08919662,  0.87866549, ...,  0.        ,
         -0.12906789, -0.23978548],
        [ 0.28869521,  0.04010288,  0.80969421, ...,  0.12906789,
          0.        , -0.11247741],
        [ 0.39455147,  0.15223532,  0.73854853, ...,  0.23978548,
          0.11247741,  0.        ]],

       [[ 0.        ,  0.        ,  0.06904426, ..., -0.96230705,
         -0.86517214, -0.62887538],
        [ 0.        ,  0.        ,  0.06904426, ..., -0.96230705,
         -0.86517214, -0.62887538],
        [-0.06904426, -0.06904426,  0.        , ..., -0.94123296,
         -0.82848352, -0.5736923 ],
        ...,
        [ 0.96230705,  0.96230705,  0.94123296, ...,  0.        ,
         -0.2472761 , -0.57716732],
        [ 0.86517214,  0.86517214,  0.82848352, ...,  0.2472761 ,
          0.        , -0.35731135],
        [ 0.62887538,  0.62887538,  0.5736923 , ...,  0.57716732,
          0.35731135,  0.        ]],

       ...,

       [[ 0.        ,  0.26712219,  0.32355958, ..., -0.94069934,
         -0.86584254, -0.84568903],
        [-0.26712219,  0.        ,  0.05904919, ..., -0.99713575,
         -0.9680258 , -0.95751565],
        [-0.32355958, -0.05904919,  0.        , ..., -0.99986187,
         -0.98114919, -0.97287354],
        ...,
        [ 0.94069934,  0.99713575,  0.99986187, ...,  0.        ,
          0.17691783,  0.2151359 ],
        [ 0.86584254,  0.9680258 ,  0.98114919, ..., -0.17691783,
          0.        ,  0.03896712],
        [ 0.84568903,  0.95751565,  0.97287354, ..., -0.2151359 ,
         -0.03896712,  0.        ]],

       [[ 0.        ,  0.04670392,  0.18853166, ..., -0.99355182,
         -0.9866091 , -0.99041374],
        [-0.04670392,  0.        ,  0.14245955, ..., -0.99776287,
         -0.99315002, -0.99578431],
        [-0.18853166, -0.14245955,  0.        , ..., -0.99711009,
         -0.99966637, -0.99869514],
        ...,
        [ 0.99355182,  0.99776287,  0.99711009, ...,  0.        ,
          0.05019026,  0.02494985],
        [ 0.9866091 ,  0.99315002,  0.99966637, ..., -0.05019026,
          0.        , -0.02525623],
        [ 0.99041374,  0.99578431,  0.99869514, ..., -0.02494985,
          0.02525623,  0.        ]],

       [[ 0.        , -0.00994979, -0.03856772, ..., -0.91205539,
         -0.98340842, -0.98495926],
        [ 0.00994979,  0.        , -0.02862342, ..., -0.90793016,
         -0.9815548 , -0.9866297 ],
        [ 0.03856772,  0.02862342,  0.        , ..., -0.89556146,
         -0.97568036, -0.99089043],
        ...,
        [ 0.91205539,  0.90793016,  0.89556146, ...,  0.        ,
         -0.23781169, -0.56149036],
        [ 0.98340842,  0.9815548 ,  0.97568036, ...,  0.23781169,
          0.        , -0.34859673],
        [ 0.98495926,  0.9866297 ,  0.99089043, ...,  0.56149036,
          0.34859673,  0.        ]]]), 'num': array([2.96757550e+07, 1.00395500e+06, 5.29000000e+02, 5.42000000e+04,
       5.46000000e+04, 5.31000000e+04, 4.05700000e+04, 2.00000000e+02,
       5.34800000e+04, 5.72400000e+04, 6.24266667e+04, 3.03448276e+01,
       6.25512710e+04, 5.19287290e+04])}
{'img': array([[[ 0.        ,  0.60298462,  0.33941043, ..., -0.81235795,
         -0.94457639, -0.95674612],
        [-0.60298462,  0.        , -0.29642485, ..., -0.29642485,
         -0.55558361, -0.58782411],
        [-0.33941043,  0.29642485,  0.        , ..., -0.56620478,
         -0.77707917, -0.80120942],
        ...,
        [ 0.81235795,  0.29642485,  0.56620478, ...,  0.        ,
          0.28414795,  0.32160067],
        [ 0.94457639,  0.55558361,  0.77707917, ..., -0.28414795,
          0.        ,  0.03929173],
        [ 0.95674612,  0.58782411,  0.80120942, ..., -0.32160067,
         -0.03929173,  0.        ]],

       [[ 0.        ,  0.83257731,  0.91592564, ..., -0.04010288,
         -0.15223532, -0.63800564],
        [-0.83257731,  0.        , -0.84149257, ..., -0.80969421,
         -0.73854853, -0.28771394],
        [-0.91592564,  0.84149257,  0.        , ..., -0.93128404,
         -0.9663492 , -0.96135406],
        ...,
        [ 0.04010288,  0.80969421,  0.93128404, ...,  0.        ,
         -0.11247741, -0.60661191],
        [ 0.15223532,  0.73854853,  0.9663492 , ...,  0.11247741,
          0.        , -0.5133432 ],
        [ 0.63800564,  0.28771394,  0.96135406, ...,  0.60661191,
          0.5133432 ,  0.        ]],

       [[ 0.        ,  0.06858042,  0.15386235, ..., -0.89202992,
         -0.78087169, -0.62553858],
        [-0.06858042,  0.        ,  0.08573631, ..., -0.85893299,
         -0.7361916 , -0.57055983],
        [-0.15386235, -0.08573631,  0.        , ..., -0.81186575,
         -0.6754568 , -0.49804748],
        ...,
        [ 0.89202992,  0.85893299,  0.81186575, ...,  0.        ,
         -0.20430793, -0.41322707],
        [ 0.78087169,  0.7361916 ,  0.6754568 , ...,  0.20430793,
          0.        , -0.2184622 ],
        [ 0.62553858,  0.57055983,  0.49804748, ...,  0.41322707,
          0.2184622 ,  0.        ]],

       ...,

       [[ 0.        ,  0.05904919,  0.22132327, ..., -0.9680258 ,
         -0.95751565, -0.93854238],
        [-0.05904919,  0.        ,  0.16335228, ..., -0.98114919,
         -0.97287354, -0.95728635],
        [-0.22132327, -0.16335228,  0.        , ..., -0.99953833,
         -0.99759523, -0.99165983],
        ...,
        [ 0.9680258 ,  0.98114919,  0.99953833, ...,  0.        ,
          0.03896712,  0.0986937 ],
        [ 0.95751565,  0.97287354,  0.99759523, ..., -0.03896712,
          0.        ,  0.05984186],
        [ 0.93854238,  0.95728635,  0.99165983, ..., -0.0986937 ,
         -0.05984186,  0.        ]],

       [[ 0.        ,  0.14245955,  0.26141649, ..., -0.99315002,
         -0.99578431, -0.99811047],
        [-0.14245955,  0.        ,  0.12124453, ..., -0.99966637,
         -0.99869514, -0.9966838 ],
        [-0.26141649, -0.12124453,  0.        , ..., -0.98915984,
         -0.98513561, -0.97946501],
        ...,
        [ 0.99315002,  0.99966637,  0.98915984, ...,  0.        ,
         -0.02525623, -0.05560129],
        [ 0.99578431,  0.99869514,  0.98513561, ...,  0.02525623,
          0.        , -0.03036639],
        [ 0.99811047,  0.9966838 ,  0.97946501, ...,  0.05560129,
          0.03036639,  0.        ]],

       [[ 0.        , -0.02800416, -0.04151045, ..., -0.95790246,
         -0.99118589, -0.98293682],
        [ 0.02800416,  0.        , -0.01351415, ..., -0.94948695,
         -0.98708721, -0.9877025 ],
        [ 0.04151045,  0.01351415,  0.        , ..., -0.94515942,
         -0.98483232, -0.98972517],
        ...,
        [ 0.95790246,  0.94948695,  0.94515942, ...,  0.        ,
         -0.15766197, -0.45839506],
        [ 0.99118589,  0.98708721,  0.98483232, ...,  0.15766197,
          0.        , -0.31254014],
        [ 0.98293682,  0.9877025 ,  0.98972517, ...,  0.45839506,
          0.31254014,  0.        ]]]), 'num': array([ 2.95727310e+07,  2.35673100e+06,  5.04000000e+02,  5.40000000e+04,
        5.43000000e+04,  5.30000000e+04,  4.97790000e+04, -2.00000000e+02,
        5.35200000e+04,  5.69400000e+04,  6.21850000e+04,  3.28358209e+01,
        6.22715664e+04,  5.16084336e+04])}
{'img': array([[[ 0.        , -0.29642485, -0.25744807, ..., -0.55558361,
         -0.58782411, -0.55558361],
        [ 0.29642485,  0.        ,  0.04055563, ..., -0.77707917,
         -0.80120942, -0.77707917],
        [ 0.25744807, -0.04055563,  0.        , ..., -0.75091402,
         -0.77628241, -0.75091402],
        ...,
        [ 0.55558361,  0.77707917,  0.75091402, ...,  0.        ,
          0.03929173,  0.        ],
        [ 0.58782411,  0.80120942,  0.77628241, ..., -0.03929173,
          0.        , -0.03929173],
        [ 0.55558361,  0.77707917,  0.75091402, ...,  0.        ,
          0.03929173,  0.        ]],

       [[ 0.        , -0.84149257, -0.97165642, ..., -0.73854853,
         -0.28771394, -0.4868791 ],
        [ 0.84149257,  0.        , -0.72388233, ..., -0.9663492 ,
         -0.96135406, -0.99806352],
        [ 0.97165642,  0.72388233,  0.        , ..., -0.48049999,
         -0.8625564 , -0.73361508],
        ...,
        [ 0.73854853,  0.9663492 ,  0.48049999, ...,  0.        ,
         -0.5133432 , -0.31684547],
        [ 0.28771394,  0.96135406,  0.8625564 , ...,  0.5133432 ,
          0.        ,  0.21498278],
        [ 0.4868791 ,  0.99806352,  0.73361508, ...,  0.31684547,
         -0.21498278,  0.        ]],

       [[ 0.        ,  0.08573631,  0.16883564, ..., -0.7361916 ,
         -0.57055983, -0.64843101],
        [-0.08573631,  0.        ,  0.08370846, ..., -0.6754568 ,
         -0.49804748, -0.58077462],
        [-0.16883564, -0.08370846,  0.        , ..., -0.61135956,
         -0.42371171, -0.51059219],
        ...,
        [ 0.7361916 ,  0.6754568 ,  0.61135956, ...,  0.        ,
         -0.2184622 , -0.12160238],
        [ 0.57055983,  0.49804748,  0.42371171, ...,  0.2184622 ,
          0.        ,  0.09817585],
        [ 0.64843101,  0.58077462,  0.51059219, ...,  0.12160238,
         -0.09817585,  0.        ]],

       ...,

       [[ 0.        ,  0.16335228,  0.77502462, ..., -0.97287354,
         -0.95728635, -0.92743654],
        [-0.16335228,  0.        ,  0.66138696, ..., -0.99759523,
         -0.99165983, -0.97606961],
        [-0.77502462, -0.66138696,  0.        , ..., -0.79408132,
         -0.82903079, -0.87592008],
        ...,
        [ 0.97287354,  0.99759523,  0.79408132, ...,  0.        ,
          0.05984186,  0.14928485],
        [ 0.95728635,  0.99165983,  0.82903079, ..., -0.05984186,
          0.        ,  0.08984603],
        [ 0.92743654,  0.97606961,  0.87592008, ..., -0.14928485,
         -0.08984603,  0.        ]],

       [[ 0.        ,  0.12124453,  0.25394934, ..., -0.99869514,
         -0.9966838 , -0.98491626],
        [-0.12124453,  0.        ,  0.13480603, ..., -0.98513561,
         -0.97946501, -0.95667106],
        [-0.25394934, -0.13480603,  0.        , ..., -0.95298653,
         -0.94334565, -0.90868698],
        ...,
        [ 0.99869514,  0.98513561,  0.95298653, ...,  0.        ,
         -0.03036639, -0.12250737],
        [ 0.9966838 ,  0.97946501,  0.94334565, ...,  0.03036639,
          0.        , -0.09231322],
        [ 0.98491626,  0.95667106,  0.90868698, ...,  0.12250737,
          0.09231322,  0.        ]],

       [[ 0.        , -0.01327213, -0.01677095, ..., -0.96791674,
         -0.99348938, -0.98477662],
        [ 0.01327213,  0.        , -0.00349922, ..., -0.96449659,
         -0.99188985, -0.9869969 ],
        [ 0.01677095,  0.00349922,  0.        , ..., -0.96356656,
         -0.99143903, -0.98755332],
        ...,
        [ 0.96791674,  0.96449659,  0.96356656, ...,  0.        ,
         -0.13936552, -0.41569373],
        [ 0.99348938,  0.99188985,  0.99143903, ...,  0.13936552,
          0.        , -0.28488339],
        [ 0.98477662,  0.9869969 ,  0.98755332, ...,  0.41569373,
          0.28488339,  0.        ]]]), 'num': array([2.98370400e+07, 1.00654000e+06, 5.29000000e+02, 5.45000000e+04,
       5.46000000e+04, 5.37000000e+04, 4.78900000e+04, 5.00000000e+02,
       5.39200000e+04, 5.65700000e+04, 6.19216667e+04, 3.98373984e+01,
       6.14841022e+04, 5.16558978e+04])}
{'img': array([[[ 0.        ,  0.04810043,  0.2581618 , ..., -0.77790134,
         -0.75252999, -0.81152848],
        [-0.04810043,  0.        ,  0.21139307, ..., -0.74677527,
         -0.71998202, -0.78248344],
        [-0.2581618 , -0.21139307,  0.        , ..., -0.58930643,
         -0.55700599, -0.63317178],
        ...,
        [ 0.77790134,  0.74677527,  0.58930643, ...,  0.        ,
         -0.0394135 ,  0.05541573],
        [ 0.75252999,  0.71998202,  0.55700599, ...,  0.0394135 ,
          0.        ,  0.0947256 ],
        [ 0.81152848,  0.78248344,  0.63317178, ..., -0.05541573,
         -0.0947256 ,  0.        ]],

       [[ 0.        , -0.99996403, -0.99367401, ..., -0.32679339,
         -0.5491814 , -0.51341178],
        [ 0.99996403,  0.        , -0.10387105, ..., -0.9422901 ,
         -0.83101522, -0.853757  ],
        [ 0.99367401,  0.10387105,  0.        , ..., -0.90241727,
         -0.76874183, -0.79505612],
        ...,
        [ 0.32679339,  0.9422901 ,  0.90241727, ...,  0.        ,
          0.24592676,  0.20478806],
        [ 0.5491814 ,  0.83101522,  0.76874183, ..., -0.24592676,
          0.        , -0.04221598],
        [ 0.51341178,  0.853757  ,  0.79505612, ..., -0.20478806,
          0.04221598,  0.        ]],

       [[ 0.        ,  0.08370846,  0.26681055, ..., -0.49804748,
         -0.58077462, -0.75049668],
        [-0.08370846,  0.        ,  0.18520018, ..., -0.42371171,
         -0.51059219, -0.69254189],
        [-0.26681055, -0.18520018,  0.        , ..., -0.24862806,
         -0.34251999, -0.54696221],
        ...,
        [ 0.49804748,  0.42371171,  0.24862806, ...,  0.        ,
          0.09817585,  0.32164627],
        [ 0.58077462,  0.51059219,  0.34251999, ..., -0.09817585,
          0.        ,  0.22713365],
        [ 0.75049668,  0.69254189,  0.54696221, ..., -0.32164627,
         -0.22713365,  0.        ]],

       ...,

       [[ 0.        ,  0.66138696,  0.3479654 , ..., -0.99165983,
         -0.97606961, -0.8992879 ],
        [-0.66138696,  0.        , -0.3590655 , ..., -0.82903079,
         -0.87592008, -0.96376858],
        [-0.3479654 ,  0.3590655 ,  0.        , ..., -0.97453518,
         -0.99074043, -0.99527419],
        ...,
        [ 0.99165983,  0.82903079,  0.97453518, ...,  0.        ,
          0.08984603,  0.31780673],
        [ 0.97606961,  0.87592008,  0.99074043, ..., -0.08984603,
          0.        ,  0.2313334 ],
        [ 0.8992879 ,  0.96376858,  0.99527419, ..., -0.31780673,
         -0.2313334 ,  0.        ]],

       [[ 0.        ,  0.1344309 ,  0.28825068, ..., -0.98213804,
         -0.96138031, -0.69086284],
        [-0.1344309 ,  0.        ,  0.15690925, ..., -0.94792838,
         -0.91565532, -0.58740023],
        [-0.28825068, -0.15690925,  0.        , ..., -0.8862134 ,
         -0.84124119, -0.453138  ],
        ...,
        [ 0.98213804,  0.94792838,  0.8862134 , ...,  0.        ,
         -0.08941224, -0.58007788],
        [ 0.96138031,  0.91565532,  0.84124119, ...,  0.08941224,
          0.        , -0.50492277],
        [ 0.69086284,  0.58740023,  0.453138  , ...,  0.58007788,
          0.50492277,  0.        ]],

       [[ 0.        , -0.00349922, -0.00778457, ..., -0.99188985,
         -0.9869969 , -0.99872201],
        [ 0.00349922,  0.        , -0.00428541, ..., -0.99143903,
         -0.98755332, -0.99889275],
        [ 0.00778457,  0.00428541,  0.        , ..., -0.99087038,
         -0.98821828, -0.99908519],
        ...,
        [ 0.99188985,  0.99143903,  0.99087038, ...,  0.        ,
         -0.28488339, -0.1770686 ],
        [ 0.9869969 ,  0.98755332,  0.98821828, ...,  0.28488339,
          0.        ,  0.11065055],
        [ 0.99872201,  0.99889275,  0.99908519, ...,  0.1770686 ,
         -0.11065055,  0.        ]]]), 'num': array([ 2.96783400e+07,  1.00654000e+06,  5.29000000e+02,  5.42000000e+04,
        5.59000000e+04,  5.41000000e+04,  6.37130000e+04, -3.00000000e+02,
        5.41800000e+04,  5.62550000e+04,  6.16600000e+04,  3.36206897e+01,
        6.09225368e+04,  5.15874632e+04])}
{'img': array([[[ 0.        ,  0.21139307, -0.08868582, ..., -0.71998202,
         -0.78248344, -0.74677527],
        [-0.21139307,  0.        , -0.29724173, ..., -0.55700599,
         -0.63317178, -0.58930643],
        [ 0.08868582,  0.29724173,  0.        , ..., -0.77869235,
         -0.83462231, -0.80281556],
        ...,
        [ 0.71998202,  0.55700599,  0.77869235, ...,  0.        ,
          0.0947256 ,  0.0394135 ],
        [ 0.78248344,  0.63317178,  0.83462231, ..., -0.0947256 ,
          0.        , -0.05541573],
        [ 0.74677527,  0.58930643,  0.80281556, ..., -0.0394135 ,
          0.05541573,  0.        ]],

       [[ 0.        , -0.14517906, -0.29500426, ..., -0.94492117,
         -0.96004154, -0.80375948],
        [ 0.14517906,  0.        , -0.15316081, ..., -0.8873933 ,
         -0.90924083, -0.70886905],
        [ 0.29500426,  0.15316081,  0.        , ..., -0.80631404,
         -0.83475663, -0.59247484],
        ...,
        [ 0.94492117,  0.8873933 ,  0.80631404, ...,  0.        ,
         -0.04977636,  0.29911612],
        [ 0.96004154,  0.90924083,  0.83475663, ...,  0.04977636,
          0.        ,  0.34624277],
        [ 0.80375948,  0.70886905,  0.59247484, ..., -0.29911612,
         -0.34624277,  0.        ]],

       [[ 0.        ,  0.18520018,  0.42371171, ..., -0.51059219,
         -0.69254189, -0.75239375],
        [-0.18520018,  0.        ,  0.24862806, ..., -0.34251999,
         -0.54696221, -0.61738407],
        [-0.42371171, -0.24862806,  0.        , ..., -0.09817585,
         -0.32164627, -0.4024114 ],
        ...,
        [ 0.51059219,  0.34251999,  0.09817585, ...,  0.        ,
          0.22713365,  0.31059142],
        [ 0.69254189,  0.54696221,  0.32164627, ..., -0.22713365,
          0.        ,  0.08657327],
        [ 0.75239375,  0.61738407,  0.4024114 , ..., -0.31059142,
         -0.08657327,  0.        ]],

       ...,

       [[ 0.        , -0.3590655 , -0.70763877, ..., -0.87592008,
         -0.96376858, -0.88881063],
        [ 0.3590655 ,  0.        , -0.40674152, ..., -0.99074043,
         -0.99527419, -0.99408857],
        [ 0.70763877,  0.40674152,  0.        , ..., -0.96030743,
         -0.86972963, -0.95230375],
        ...,
        [ 0.87592008,  0.99074043,  0.96030743, ...,  0.        ,
          0.2313334 ,  0.02740024],
        [ 0.96376858,  0.99527419,  0.86972963, ..., -0.2313334 ,
          0.        , -0.20458955],
        [ 0.88881063,  0.99408857,  0.95230375, ..., -0.02740024,
          0.20458955,  0.        ]],

       [[ 0.        ,  0.15296338,  0.31073546, ..., -0.96201812,
         -0.86611141, -0.5749788 ],
        [-0.15296338,  0.        ,  0.16168754, ..., -0.90894015,
         -0.77945999, -0.44306258],
        [-0.31073546, -0.16168754,  0.        , ..., -0.82956848,
         -0.66791438, -0.29228139],
        ...,
        [ 0.96201812,  0.90894015,  0.82956848, ...,  0.        ,
         -0.24442976, -0.6301318 ],
        [ 0.86611141,  0.77945999,  0.66791438, ...,  0.24442976,
          0.        , -0.42122118],
        [ 0.5749788 ,  0.44306258,  0.29228139, ...,  0.6301318 ,
          0.42122118,  0.        ]],

       [[ 0.        , -0.00428039,  0.02045891, ..., -0.99634983,
         -0.99966151, -0.98737082],
        [ 0.00428039,  0.        ,  0.02473821, ..., -0.99670609,
         -0.99976371, -0.98803991],
        [-0.02045891, -0.02473821,  0.        , ..., -0.99439483,
         -0.99892   , -0.98392294],
        ...,
        [ 0.99634983,  0.99670609,  0.99439483, ...,  0.        ,
          0.05941333, -0.07356196],
        [ 0.99966151,  0.99976371,  0.99892   , ..., -0.05941333,
          0.        , -0.13268437],
        [ 0.98737082,  0.98803991,  0.98392294, ...,  0.07356196,
          0.13268437,  0.        ]]]), 'num': array([ 2.96254400e+07,  1.00654000e+06,  5.29000000e+02,  5.41000000e+04,
        5.48000000e+04,  5.37000000e+04,  1.13304000e+05, -1.00000000e+02,
        5.42000000e+04,  5.59950000e+04,  6.13950000e+04,  3.64485981e+01,
        6.05326095e+04,  5.14573905e+04])}
{'img': array([[[ 0.        , -0.29724173, -0.41547517, ..., -0.63317178,
         -0.58930643, -0.57349503],
        [ 0.29724173,  0.        , -0.12632421, ..., -0.83462231,
         -0.80281556, -0.79107746],
        [ 0.41547517,  0.12632421,  0.        , ..., -0.89751839,
         -0.87170218, -0.86201469],
        ...,
        [ 0.63317178,  0.83462231,  0.89751839, ...,  0.        ,
         -0.05541573, -0.07480842],
        [ 0.58930643,  0.80281556,  0.87170218, ...,  0.05541573,
          0.        , -0.01943301],
        [ 0.57349503,  0.79107746,  0.86201469, ...,  0.07480842,
          0.01943301,  0.        ]],

       [[ 0.        , -0.15316081, -0.49346801, ..., -0.90924083,
         -0.70886905,  0.04318049],
        [ 0.15316081,  0.        , -0.35443197, ..., -0.83475663,
         -0.59247484,  0.19568898],
        [ 0.49346801,  0.35443197,  0.        , ..., -0.58540873,
         -0.26848596,  0.53056458],
        ...,
        [ 0.90924083,  0.83475663,  0.58540873, ...,  0.        ,
          0.34624277,  0.92636754],
        [ 0.70886905,  0.59247484,  0.26848596, ..., -0.34624277,
          0.        ,  0.73866481],
        [-0.04318049, -0.19568898, -0.53056458, ..., -0.92636754,
         -0.73866481,  0.        ]],

       [[ 0.        ,  0.24862806,  0.04235689, ..., -0.54696221,
         -0.61738407, -0.6220632 ],
        [-0.24862806,  0.        , -0.20737809, ..., -0.32164627,
         -0.4024114 , -0.40786224],
        [-0.04235689,  0.20737809,  0.        , ..., -0.51101196,
         -0.58350945, -0.58834088],
        ...,
        [ 0.54696221,  0.32164627,  0.51101196, ...,  0.        ,
          0.08657327,  0.09251137],
        [ 0.61738407,  0.4024114 ,  0.58350945, ..., -0.08657327,
          0.        ,  0.00596203],
        [ 0.6220632 ,  0.40786224,  0.58834088, ..., -0.09251137,
         -0.00596203,  0.        ]],

       ...,

       [[ 0.        , -0.64350616, -0.44745742, ..., -0.97041407,
         -0.89819933, -0.93695275],
        [ 0.64350616,  0.        ,  0.2329887 , ..., -0.89816712,
         -0.97039638, -0.94205912],
        [ 0.44745742, -0.2329887 ,  0.        , ..., -0.97588353,
         -0.99996146, -0.99428846],
        ...,
        [ 0.97041407,  0.89816712,  0.97588353, ...,  0.        ,
         -0.20971547, -0.11289289],
        [ 0.89819933,  0.97039638,  0.99996146, ...,  0.20971547,
          0.        ,  0.09799236],
        [ 0.93695275,  0.94205912,  0.99428846, ...,  0.11289289,
         -0.09799236,  0.        ]],

       [[ 0.        ,  0.15906792,  0.26165747, ..., -0.84767519,
         -0.72242708, -0.43644767],
        [-0.15906792,  0.        ,  0.10479983, ..., -0.75249427,
         -0.60324182, -0.28777253],
        [-0.26165747, -0.10479983,  0.        , ..., -0.6793295 ,
         -0.51633599, -0.1858212 ],
        ...,
        [ 0.84767519,  0.75249427,  0.6793295 , ...,  0.        ,
         -0.20286375, -0.53113621],
        [ 0.72242708,  0.60324182,  0.51633599, ...,  0.20286375,
          0.        , -0.34820857],
        [ 0.43644767,  0.28777253,  0.1858212 , ...,  0.53113621,
          0.34820857,  0.        ]],

       [[ 0.        ,  0.02456193,  0.09074013, ..., -0.99794866,
         -0.99978229, -0.98691423],
        [-0.02456193,  0.        ,  0.06625214, ..., -0.99922002,
         -0.99999317, -0.98265597],
        [-0.09074013, -0.06625214,  0.        , ..., -0.99964085,
         -0.99755115, -0.96821132],
        ...,
        [ 0.99794866,  0.99922002,  0.99964085, ...,  0.        ,
         -0.04318245, -0.22409698],
        [ 0.99978229,  0.99999317,  0.99755115, ...,  0.04318245,
          0.        , -0.18180376],
        [ 0.98691423,  0.98265597,  0.96821132, ...,  0.22409698,
          0.18180376,  0.        ]]]), 'num': array([ 2.95173560e+07,  4.11356000e+05,  5.40000000e+02,  5.39000000e+04,
        5.47000000e+04,  5.37000000e+04,  5.45420000e+04, -2.00000000e+02,
        5.41400000e+04,  5.56800000e+04,  6.11233333e+04,  2.78350515e+01,
        5.98674097e+04,  5.14925903e+04])}
{'img': array([[[ 0.        , -0.30057803, -0.44414735, ..., -0.59534766,
         -0.5794203 , -0.54543936],
        [ 0.30057803,  0.        , -0.15430472, ..., -0.80932203,
         -0.79760609, -0.7721463 ],
        [ 0.44414735,  0.15430472,  0.        , ..., -0.89026225,
         -0.88112672, -0.86095067],
        ...,
        [ 0.59534766,  0.80932203,  0.89026225, ...,  0.        ,
         -0.01967976, -0.06074763],
        [ 0.5794203 ,  0.79760609,  0.88112672, ...,  0.01967976,
          0.        , -0.04109245],
        [ 0.54543936,  0.7721463 ,  0.86095067, ...,  0.06074763,
          0.04109245,  0.        ]],

       [[ 0.        , -0.35443197, -0.22271372, ..., -0.59247484,
          0.19568898, -0.73389239],
        [ 0.35443197,  0.        ,  0.13727447, ..., -0.26848596,
          0.53056458, -0.44549593],
        [ 0.22271372, -0.13727447,  0.        , ..., -0.39817846,
          0.40918181, -0.56417807],
        ...,
        [ 0.59247484,  0.26848596,  0.39817846, ...,  0.        ,
          0.73866481, -0.18876774],
        [-0.19568898, -0.53056458, -0.40918181, ..., -0.73866481,
          0.        , -0.85262814],
        [ 0.73389239,  0.44549593,  0.56417807, ...,  0.18876774,
          0.85262814,  0.        ]],

       [[ 0.        , -0.20737809, -0.29946821, ..., -0.4024114 ,
         -0.40786224, -0.39123725],
        [ 0.20737809,  0.        , -0.09509729, ..., -0.58350945,
         -0.58834088, -0.57358004],
        [ 0.29946821,  0.09509729,  0.        , ..., -0.65809409,
         -0.66257142, -0.64887946],
        ...,
        [ 0.4024114 ,  0.58350945,  0.65809409, ...,  0.        ,
          0.00596203, -0.01217349],
        [ 0.40786224,  0.58834088,  0.66257142, ..., -0.00596203,
          0.        , -0.01813487],
        [ 0.39123725,  0.57358004,  0.64887946, ...,  0.01217349,
          0.01813487,  0.        ]],

       ...,

       [[ 0.        ,  0.50358518, -0.06049801, ..., -0.99426695,
         -0.97819181, -0.9928652 ],
        [-0.50358518,  0.        , -0.55492976, ..., -0.91283901,
         -0.94970095, -0.7977329 ],
        [ 0.06049801,  0.55492976,  0.        , ..., -0.98597695,
         -0.96383441, -0.9982605 ],
        ...,
        [ 0.99426695,  0.91283901,  0.98597695, ...,  0.        ,
          0.10191846, -0.22472192],
        [ 0.97819181,  0.94970095,  0.96383441, ..., -0.10191846,
          0.        , -0.32286342],
        [ 0.9928652 ,  0.7977329 ,  0.9982605 , ...,  0.22472192,
          0.32286342,  0.        ]],

       [[ 0.        ,  0.10208146,  0.28053952, ..., -0.75737087,
         -0.6731632 , -0.28053952],
        [-0.10208146,  0.        ,  0.18109188, ..., -0.68675674,
         -0.59415801, -0.18109188],
        [-0.28053952, -0.18109188,  0.        , ..., -0.54376864,
         -0.43867336, -0.        ],
        ...,
        [ 0.75737087,  0.68675674,  0.54376864, ...,  0.        ,
         -0.12050573, -0.54376864],
        [ 0.6731632 ,  0.59415801,  0.43867336, ...,  0.12050573,
          0.        , -0.43867336],
        [ 0.28053952,  0.18109188,  0.        , ...,  0.54376864,
          0.43867336,  0.        ]],

       [[ 0.        ,  0.06625214,  0.1195377 , ..., -0.99999317,
         -0.98265597, -0.99581592],
        [-0.06625214,  0.        ,  0.05349797, ..., -0.99755115,
         -0.96821132, -0.98757378],
        [-0.1195377 , -0.05349797,  0.        , ..., -0.99238094,
         -0.95344316, -0.97775201],
        ...,
        [ 0.99999317,  0.99755115,  0.99238094, ...,  0.        ,
         -0.18180376, -0.08769964],
        [ 0.98265597,  0.96821132,  0.95344316, ...,  0.18180376,
          0.        ,  0.09486515],
        [ 0.99581592,  0.98757378,  0.97775201, ...,  0.08769964,
         -0.09486515,  0.        ]]]), 'num': array([2.97878490e+07, 3.57449000e+05, 5.41000000e+02, 5.44000000e+04,
       5.52000000e+04, 5.40000000e+04, 5.30330000e+04, 5.00000000e+02,
       5.42200000e+04, 5.54050000e+04, 6.08666667e+04, 3.47826087e+01,
       5.91463768e+04, 5.16636232e+04])}
{'img': array([[[ 0.        , -0.33888334, -0.30402917, ..., -0.58552979,
         -0.55128117, -0.63177978],
        [ 0.33888334,  0.        ,  0.03680224, ..., -0.82559914,
         -0.80139797, -0.85708108],
        [ 0.30402917, -0.03680224,  0.        , ..., -0.80427393,
         -0.7788425 , -0.83754063],
        ...,
        [ 0.58552979,  0.82559914,  0.80427393, ...,  0.        ,
         -0.04162237,  0.05828063],
        [ 0.55128117,  0.80139797,  0.7788425 , ...,  0.04162237,
          0.        ,  0.09978175],
        [ 0.63177978,  0.85708108,  0.83754063, ..., -0.05828063,
         -0.09978175,  0.        ]],

       [[ 0.        ,  0.13727447, -0.11065396, ...,  0.53056458,
         -0.44549593, -0.47617293],
        [-0.13727447,  0.        , -0.24603786, ...,  0.40918181,
         -0.56417807, -0.59237756],
        [ 0.11065396,  0.24603786,  0.        , ...,  0.6211016 ,
         -0.34369342, -0.37594501],
        ...,
        [-0.53056458, -0.40918181, -0.6211016 , ...,  0.        ,
         -0.85262814, -0.87017822],
        [ 0.44549593,  0.56417807,  0.34369342, ...,  0.85262814,
          0.        , -0.03456241],
        [ 0.47617293,  0.59237756,  0.37594501, ...,  0.87017822,
          0.03456241,  0.        ]],

       [[ 0.        , -0.21964451, -0.30869847, ..., -0.40999468,
         -0.3932913 , -0.41538454],
        [ 0.21964451,  0.        , -0.09224299, ..., -0.60031771,
         -0.58563134, -0.60503957],
        [ 0.30869847,  0.09224299,  0.        , ..., -0.67153067,
         -0.6579046 , -0.67590345],
        ...,
        [ 0.40999468,  0.60031771,  0.67153067, ...,  0.        ,
         -0.01823858,  0.00591723],
        [ 0.3932913 ,  0.58563134,  0.6579046 , ...,  0.01823858,
          0.        ,  0.02415451],
        [ 0.41538454,  0.60503957,  0.67590345, ..., -0.00591723,
         -0.02415451,  0.        ]],

       ...,

       [[ 0.        , -0.55492976, -0.95662672, ..., -0.94970095,
         -0.7977329 , -0.92934196],
        [ 0.55492976,  0.        , -0.63415488, ..., -0.96383441,
         -0.9982605 , -0.97800823],
        [ 0.95662672,  0.63415488,  0.        , ..., -0.57623916,
         -0.80924918, -0.62393853],
        ...,
        [ 0.94970095,  0.96383441,  0.57623916, ...,  0.        ,
         -0.32286342, -0.05961759],
        [ 0.7977329 ,  0.9982605 ,  0.80924918, ...,  0.32286342,
          0.        ,  0.26586433],
        [ 0.92934196,  0.97800823,  0.62393853, ...,  0.05961759,
         -0.26586433,  0.        ]],

       [[ 0.        ,  0.17635238,  0.023175  , ..., -0.73192341,
         -0.59535946, -0.17635238],
        [-0.17635238,  0.        , -0.15349324, ..., -0.60028784,
         -0.44433646, -0.        ],
        [-0.023175  ,  0.15349324,  0.        , ..., -0.71593569,
         -0.57657939, -0.15349324],
        ...,
        [ 0.73192341,  0.60028784,  0.71593569, ...,  0.        ,
         -0.18240064, -0.60028784],
        [ 0.59535946,  0.44433646,  0.57657939, ...,  0.18240064,
          0.        , -0.44433646],
        [ 0.17635238,  0.        ,  0.15349324, ...,  0.60028784,
          0.44433646,  0.        ]],

       [[ 0.        ,  0.05349797,  0.15304221, ..., -0.96821132,
         -0.98757378, -0.99974853],
        [-0.05349797,  0.        ,  0.0999553 , ..., -0.95344316,
         -0.97775201, -0.99711717],
        [-0.15304221, -0.0999553 ,  0.        , ..., -0.91852445,
         -0.95188831, -0.9845392 ],
        ...,
        [ 0.96821132,  0.95344316,  0.91852445, ...,  0.        ,
          0.09486515,  0.22835875],
        [ 0.98757378,  0.97775201,  0.95188831, ..., -0.09486515,
          0.        ,  0.13497035],
        [ 0.99974853,  0.99711717,  0.9845392 , ..., -0.22835875,
         -0.13497035,  0.        ]]]), 'num': array([ 2.94084420e+07,  3.03042000e+05,  5.42000000e+02,  5.37000000e+04,
        5.42000000e+04,  5.34000000e+04,  5.50510000e+04, -7.00000000e+02,
        5.40600000e+04,  5.51600000e+04,  6.06050000e+04,  2.87234043e+01,
        5.86667934e+04,  5.16532066e+04])}
{'img': array([[[ 0.        ,  0.15522725, -0.40151652, ..., -0.67944255,
         -0.75014906, -0.64572988],
        [-0.15522725,  0.        , -0.53881481, ..., -0.55731219,
         -0.63840941, -0.51937661],
        [ 0.40151652,  0.53881481,  0.        , ..., -0.91687287,
         -0.95253569, -0.89797719],
        ...,
        [ 0.67944255,  0.55731219,  0.91687287, ...,  0.        ,
          0.10111176, -0.04500862],
        [ 0.75014906,  0.63840941,  0.95253569, ..., -0.10111176,
          0.        , -0.14578725],
        [ 0.64572988,  0.51937661,  0.89797719, ...,  0.04500862,
          0.14578725,  0.        ]],

       [[ 0.        , -0.24603786,  0.60521491, ..., -0.56417807,
         -0.59237756, -0.5547325 ],
        [ 0.24603786,  0.        ,  0.78247216, ..., -0.34369342,
         -0.37594501, -0.33296956],
        [-0.60521491, -0.78247216,  0.        , ..., -0.94881838,
         -0.95916708, -0.94515774],
        ...,
        [ 0.56417807,  0.34369342,  0.94881838, ...,  0.        ,
         -0.03456241,  0.01139575],
        [ 0.59237756,  0.37594501,  0.95916708, ...,  0.03456241,
          0.        ,  0.04594911],
        [ 0.5547325 ,  0.33296956,  0.94515774, ..., -0.01139575,
         -0.04594911,  0.        ]],

       [[ 0.        , -0.22098096, -0.40689839, ..., -0.39561186,
         -0.41782169, -0.37181574],
        [ 0.22098096,  0.        , -0.19497886, ..., -0.58878444,
         -0.60825998, -0.56776184],
        [ 0.40689839,  0.19497886,  0.        , ..., -0.73508365,
         -0.75134803, -0.71737025],
        ...,
        [ 0.39561186,  0.58878444,  0.73508365, ...,  0.        ,
          0.02431001, -0.02576689],
        [ 0.41782169,  0.60825998,  0.75134803, ..., -0.02431001,
          0.        , -0.05006121],
        [ 0.37181574,  0.56776184,  0.71737025, ...,  0.02576689,
          0.05006121,  0.        ]],

       ...,

       [[ 0.        , -0.91216942, -0.99794753, ..., -0.82400568,
         -0.95029955, -0.84551948],
        [ 0.91216942,  0.        , -0.35055961, ..., -0.85450684,
         -0.67343755, -0.83355305],
        [ 0.99794753,  0.35055961,  0.        , ..., -0.61818547,
         -0.37155236, -0.58699318],
        ...,
        [ 0.82400568,  0.85450684,  0.61818547, ...,  0.        ,
          0.28187866,  0.03908236],
        [ 0.95029955,  0.67343755,  0.37155236, ..., -0.28187866,
          0.        , -0.24416574],
        [ 0.84551948,  0.83355305,  0.58699318, ..., -0.03908236,
          0.24416574,  0.        ]],

       [[ 0.        , -0.15091739, -0.44178779, ..., -0.55417888,
         -0.35974251, -0.        ],
        [ 0.15091739,  0.        , -0.30133676, ..., -0.6734548 ,
         -0.49643588, -0.15091739],
        [ 0.44178779,  0.30133676,  0.        , ..., -0.86490782,
         -0.73494286, -0.44178779],
        ...,
        [ 0.55417888,  0.6734548 ,  0.86490782, ...,  0.        ,
         -0.21762869, -0.55417888],
        [ 0.35974251,  0.49643588,  0.73494286, ...,  0.21762869,
          0.        , -0.35974251],
        [ 0.        ,  0.15091739,  0.44178779, ...,  0.55417888,
          0.35974251,  0.        ]],

       [[ 0.        ,  0.0999553 ,  0.29149319, ..., -0.97775201,
         -0.99711717, -0.99665058],
        [-0.0999553 ,  0.        ,  0.19441884, ..., -0.95188831,
         -0.9845392 , -0.98348515],
        [-0.29149319, -0.19441884,  0.        , ..., -0.87414625,
         -0.93169757, -0.92953125],
        ...,
        [ 0.97775201,  0.95188831,  0.87414625, ...,  0.        ,
          0.13497035,  0.12910314],
        [ 0.99711717,  0.9845392 ,  0.93169757, ..., -0.13497035,
          0.        , -0.00591901],
        [ 0.99665058,  0.98348515,  0.92953125, ..., -0.12910314,
          0.00591901,  0.        ]]]), 'num': array([ 2.91904200e+07,  1.41920000e+05,  5.45000000e+02,  5.33000000e+04,
        5.38000000e+04,  5.31000000e+04,  4.39140000e+04, -4.00000000e+02,
        5.38800000e+04,  5.49750000e+04,  6.03450000e+04,  3.06818182e+01,
        5.84643409e+04,  5.14856591e+04])}
{'img': array([[[ 0.        , -0.53881481, -0.37438655, ..., -0.63840941,
         -0.51937661, -0.42957685],
        [ 0.53881481,  0.        ,  0.18423597, ..., -0.95253569,
         -0.89797719, -0.84845205],
        [ 0.37438655, -0.18423597,  0.        , ..., -0.88014383,
         -0.80153409, -0.7364173 ],
        ...,
        [ 0.63840941,  0.95253569,  0.88014383, ...,  0.        ,
         -0.14578725, -0.24585904],
        [ 0.51937661,  0.89797719,  0.80153409, ...,  0.14578725,
          0.        , -0.10191987],
        [ 0.42957685,  0.84845205,  0.7364173 , ...,  0.24585904,
          0.10191987,  0.        ]],

       [[ 0.        ,  0.78247216,  0.59648284, ..., -0.37594501,
         -0.33296956, -0.59134016],
        [-0.78247216,  0.        , -0.2566111 , ..., -0.95916708,
         -0.94515774, -0.99922193],
        [-0.59648284,  0.2566111 ,  0.        , ..., -0.85446922,
         -0.82969606, -0.95564191],
        ...,
        [ 0.37594501,  0.95916708,  0.85446922, ...,  0.        ,
          0.04594911, -0.24479019],
        [ 0.33296956,  0.94515774,  0.82969606, ..., -0.04594911,
          0.        , -0.28908279],
        [ 0.59134016,  0.99922193,  0.95564191, ...,  0.24479019,
          0.28908279,  0.        ]],

       [[ 0.        , -0.34819594, -0.43094547, ..., -0.4203021 ,
         -0.37404821, -0.31244023],
        [ 0.34819594,  0.        , -0.08977332, ..., -0.70994785,
         -0.67356107, -0.62365262],
        [ 0.43094547,  0.08977332,  0.        , ..., -0.77030448,
         -0.73719568, -0.6913104 ],
        ...,
        [ 0.4203021 ,  0.70994785,  0.77030448, ...,  0.        ,
         -0.05038662, -0.11575736],
        [ 0.37404821,  0.67356107,  0.73719568, ...,  0.05038662,
          0.        , -0.06556243],
        [ 0.31244023,  0.62365262,  0.6913104 , ...,  0.11575736,
          0.06556243,  0.        ]],

       ...,

       [[ 0.        , -0.86048714, -0.70474362, ..., -0.99973446,
         -0.94084367, -0.97156544],
        [ 0.86048714,  0.        ,  0.25143573, ..., -0.52916576,
         -0.77090193, -0.6987241 ],
        [ 0.70474362, -0.25143573,  0.        , ..., -0.72551365,
         -0.90628889, -0.85615181],
        ...,
        [ 0.99973446,  0.52916576,  0.72551365, ...,  0.        ,
         -0.31707036, -0.21431976],
        [ 0.94084367,  0.77090193,  0.90628889, ...,  0.31707036,
          0.        ,  0.10644148],
        [ 0.97156544,  0.6987241 ,  0.85615181, ...,  0.21431976,
         -0.10644148,  0.        ]],

       [[ 0.        , -0.41606437, -0.53987889, ..., -0.42416836,
         -0.23508928, -0.        ],
        [ 0.41606437,  0.        , -0.14071171, ..., -0.76249217,
         -0.61817861, -0.41606437],
        [ 0.53987889,  0.14071171,  0.        , ..., -0.84594596,
         -0.72263282, -0.53987889],
        ...,
        [ 0.42416836,  0.76249217,  0.84594596, ...,  0.        ,
         -0.19938759, -0.42416836],
        [ 0.23508928,  0.61817861,  0.72263282, ...,  0.19938759,
          0.        , -0.23508928],
        [ 0.        ,  0.41606437,  0.53987889, ...,  0.42416836,
          0.23508928,  0.        ]],

       [[ 0.        ,  0.19441884,  0.36489323, ..., -0.9845392 ,
         -0.98348515, -0.94881655],
        [-0.19441884,  0.        ,  0.17691702, ..., -0.93169757,
         -0.92953125, -0.86930895],
        [-0.36489323, -0.17691702,  0.        , ..., -0.85273831,
         -0.84963164, -0.76815165],
        ...,
        [ 0.9845392 ,  0.93169757,  0.85273831, ...,  0.        ,
         -0.00591901, -0.14474592],
        [ 0.98348515,  0.92953125,  0.84963164, ...,  0.00591901,
          0.        , -0.13888671],
        [ 0.94881655,  0.86930895,  0.76815165, ...,  0.14474592,
          0.13888671,  0.        ]]]), 'num': array([3.03349200e+07, 1.41920000e+05, 5.45000000e+02, 5.54000000e+04,
       5.54000000e+04, 5.35000000e+04, 6.97860000e+04, 2.10000000e+03,
       5.41400000e+04, 5.48450000e+04, 6.01183333e+04, 5.10638298e+01,
       5.80565261e+04, 5.16334739e+04])}
{'img': array([[[ 0.        ,  0.41030205, -0.02967793, ..., -0.8301544 ,
         -0.76770551, -0.96495926],
        [-0.41030205,  0.        , -0.43718609, ..., -0.52830189,
         -0.43718609, -0.77233114],
        [ 0.02967793,  0.43718609,  0.        , ..., -0.84633517,
         -0.78638505, -0.97232169],
        ...,
        [ 0.8301544 ,  0.52830189,  0.84633517, ...,  0.        ,
         -0.10394369,  0.32016486],
        [ 0.76770551,  0.43718609,  0.78638505, ...,  0.10394369,
          0.        ,  0.41690288],
        [ 0.96495926,  0.77233114,  0.97232169, ..., -0.32016486,
         -0.41690288,  0.        ]],

       [[ 0.        , -0.2566111 , -0.53767614, ..., -0.94515774,
         -0.99922193, -0.81138371],
        [ 0.2566111 ,  0.        , -0.30330989, ..., -0.82969606,
         -0.95564191, -0.63422156],
        [ 0.53767614,  0.30330989,  0.        , ..., -0.62129845,
         -0.82128932, -0.36984018],
        ...,
        [ 0.94515774,  0.82969606,  0.62129845, ...,  0.        ,
         -0.28908279,  0.28744837],
        [ 0.99922193,  0.95564191,  0.82128932, ...,  0.28908279,
          0.        ,  0.55205788],
        [ 0.81138371,  0.63422156,  0.36984018, ..., -0.28744837,
         -0.55205788,  0.        ]],

       [[ 0.        , -0.26653844, -0.39816765, ..., -0.3798098 ,
         -0.31731434, -0.40406861],
        [ 0.26653844,  0.        , -0.13926457, ..., -0.61263519,
         -0.55859912, -0.63326149],
        [ 0.39816765,  0.13926457,  0.        , ..., -0.71673514,
         -0.66866698, -0.73487262],
        ...,
        [ 0.3798098 ,  0.61263519,  0.71673514, ...,  0.        ,
         -0.06664512,  0.02636664],
        [ 0.31731434,  0.55859912,  0.66866698, ...,  0.06664512,
          0.        ,  0.09292997],
        [ 0.40406861,  0.63326149,  0.73487262, ..., -0.02636664,
         -0.09292997,  0.        ]],

       ...,

       [[ 0.        ,  0.25480443,  0.17640052, ..., -0.77432636,
         -0.70227142,  0.42980105],
        [-0.25480443,  0.        , -0.0802307 , ..., -0.91000465,
         -0.86048892,  0.1855455 ],
        [-0.17640052,  0.0802307 ,  0.        , ..., -0.8738076 ,
         -0.81683991,  0.26378491],
        ...,
        [ 0.77432636,  0.91000465,  0.8738076 , ...,  0.        ,
          0.10686229,  0.97112984],
        [ 0.70227142,  0.86048892,  0.81683991, ..., -0.10686229,
          0.        ,  0.94007682],
        [-0.42980105, -0.1855455 , -0.26378491, ..., -0.97112984,
         -0.94007682,  0.        ]],

       [[ 0.        , -0.36442876, -0.42479719, ..., -0.40560527,
         -0.33403045, -0.        ],
        [ 0.36442876,  0.        , -0.06567124, ..., -0.71081782,
         -0.65455641, -0.36442876],
        [ 0.42479719,  0.06567124,  0.        , ..., -0.75547497,
         -0.70279175, -0.42479719],
        ...,
        [ 0.40560527,  0.71081782,  0.75547497, ...,  0.        ,
         -0.07698825, -0.40560527],
        [ 0.33403045,  0.65455641,  0.70279175, ...,  0.07698825,
          0.        , -0.33403045],
        [ 0.        ,  0.36442876,  0.42479719, ...,  0.40560527,
          0.33403045,  0.        ]],

       [[ 0.        ,  0.17691702,  0.25848945, ..., -0.92953125,
         -0.86930895, -0.92517024],
        [-0.17691702,  0.        ,  0.08350764, ..., -0.84963164,
         -0.76815165, -0.84342711],
        [-0.25848945, -0.08350764,  0.        , ..., -0.80262402,
         -0.71200133, -0.79561718],
        ...,
        [ 0.92953125,  0.84963164,  0.80262402, ...,  0.        ,
         -0.13888671, -0.01165547],
        [ 0.86930895,  0.76815165,  0.71200133, ...,  0.13888671,
          0.        ,  0.12733476],
        [ 0.92517024,  0.84342711,  0.79561718, ...,  0.01165547,
         -0.12733476,  0.        ]]]), 'num': array([ 2.97354200e+07,  1.41920000e+05,  5.45000000e+02,  5.43000000e+04,
        5.51000000e+04,  5.42000000e+04,  6.67480000e+04, -1.10000000e+03,
        5.42200000e+04,  5.47100000e+04,  5.98950000e+04,  5.27472527e+01,
        5.77713069e+04,  5.16486931e+04])}
{'img': array([[[ 0.        , -0.43718609, -0.31320502, ..., -0.43718609,
         -0.77233114, -0.63369267],
        [ 0.43718609,  0.        ,  0.13350177, ..., -0.78638505,
         -0.97232169, -0.90812541],
        [ 0.31320502, -0.13350177,  0.        , ..., -0.69687684,
         -0.93242585, -0.84409943],
        ...,
        [ 0.43718609,  0.78638505,  0.69687684, ...,  0.        ,
          0.41690288,  0.23172429],
        [ 0.77233114,  0.97232169,  0.93242585, ..., -0.41690288,
          0.        , -0.19492938],
        [ 0.63369267,  0.90812541,  0.84409943, ..., -0.23172429,
          0.19492938,  0.        ]],

       [[ 0.        , -0.30330989, -0.72537917, ..., -0.95564191,
         -0.63422156, -0.67621729],
        [ 0.30330989,  0.        , -0.48242476, ..., -0.82128932,
         -0.36984018, -0.42091295],
        [ 0.72537917,  0.48242476,  0.        , ..., -0.44416896,
          0.12426177,  0.0689146 ],
        ...,
        [ 0.95564191,  0.82128932,  0.44416896, ...,  0.        ,
          0.55205788,  0.50485653],
        [ 0.63422156,  0.36984018, -0.12426177, ..., -0.55205788,
          0.        , -0.05558587],
        [ 0.67621729,  0.42091295, -0.0689146 , ..., -0.50485653,
          0.05558587,  0.        ]],

       [[ 0.        , -0.30412674, -0.37021181, ..., -0.3201454 ,
         -0.40760601, -0.43041402],
        [ 0.30412674,  0.        , -0.07015773, ..., -0.59310069,
         -0.66601409, -0.68454039],
        [ 0.37021181,  0.07015773,  0.        , ..., -0.6481252 ,
         -0.71670637, -0.73399685],
        ...,
        [ 0.3201454 ,  0.59310069,  0.6481252 , ...,  0.        ,
          0.09380977,  0.11878731],
        [ 0.40760601,  0.66601409,  0.71670637, ..., -0.09380977,
          0.        ,  0.02511791],
        [ 0.43041402,  0.68454039,  0.73399685, ..., -0.11878731,
         -0.02511791,  0.        ]],

       ...,

       [[ 0.        , -0.0802307 , -0.0802307 , ..., -0.86048892,
          0.1855455 ,  0.365945  ],
        [ 0.0802307 ,  0.        ,  0.        , ..., -0.81683991,
          0.26378491,  0.43943093],
        [ 0.0802307 ,  0.        ,  0.        , ..., -0.81683991,
          0.26378491,  0.43943093],
        ...,
        [ 0.86048892,  0.81683991,  0.81683991, ...,  0.        ,
          0.94007682,  0.98724007],
        [-0.1855455 , -0.26378491, -0.26378491, ..., -0.94007682,
          0.        ,  0.1869152 ],
        [-0.365945  , -0.43943093, -0.43943093, ..., -0.98724007,
         -0.1869152 ,  0.        ]],

       [[ 0.        , -0.10451917, -0.28455441, ..., -0.60182948,
         -0.46560023, -0.19795323],
        [ 0.10451917,  0.        , -0.18279753, ..., -0.68200476,
         -0.55554904, -0.2993199 ],
        [ 0.28455441,  0.18279753,  0.        , ..., -0.80420194,
         -0.69818154, -0.46869331],
        ...,
        [ 0.60182948,  0.68200476,  0.80420194, ...,  0.        ,
         -0.16077637, -0.43182984],
        [ 0.46560023,  0.55554904,  0.69818154, ...,  0.16077637,
          0.        , -0.28119904],
        [ 0.19795323,  0.2993199 ,  0.46869331, ...,  0.43182984,
          0.28119904,  0.        ]],

       [[ 0.        ,  0.08350764,  0.28266095, ..., -0.76815165,
         -0.84342711, -0.84825077],
        [-0.08350764,  0.        ,  0.20157146, ..., -0.71200133,
         -0.79561718, -0.80106274],
        [-0.28266095, -0.20157146,  0.        , ..., -0.55584759,
         -0.65717426, -0.66396324],
        ...,
        [ 0.76815165,  0.71200133,  0.55584759, ...,  0.        ,
          0.12733476,  0.13629868],
        [ 0.84342711,  0.79561718,  0.65717426, ..., -0.12733476,
          0.        ,  0.00904273],
        [ 0.84825077,  0.80106274,  0.66396324, ..., -0.13629868,
         -0.00904273,  0.        ]]]), 'num': array([ 2.93539200e+07,  1.41920000e+05,  5.45000000e+02,  5.36000000e+04,
        5.42000000e+04,  5.31000000e+04,  5.18140000e+04, -7.00000000e+02,
        5.40600000e+04,  5.44800000e+04,  5.96483333e+04,  5.64705882e+01,
        5.71201515e+04,  5.18398485e+04])}
{'img': array([[[ 0.        ,  0.14713651,  0.41153844, ..., -0.96608945,
         -0.89690355, -0.81814518],
        [-0.14713651,  0.        ,  0.27296024, ..., -0.91758296,
         -0.8220742 , -0.72463543],
        [-0.41153844, -0.27296024,  0.        , ..., -0.77422424,
         -0.63543799, -0.50901188],
        ...,
        [ 0.96608945,  0.91758296,  0.77422424, ...,  0.        ,
         -0.19564277, -0.34426144],
        [ 0.89690355,  0.8220742 ,  0.63543799, ...,  0.19564277,
          0.        , -0.1539248 ],
        [ 0.81814518,  0.72463543,  0.50901188, ...,  0.34426144,
          0.1539248 ,  0.        ]],

       [[ 0.        , -0.48242476,  0.39648749, ..., -0.36984018,
         -0.42091295, -0.67814651],
        [ 0.48242476,  0.        ,  0.79018352, ...,  0.12426177,
          0.0689146 , -0.23946703],
        [-0.39648749, -0.79018352,  0.        , ..., -0.70790283,
         -0.74606919, -0.91395496],
        ...,
        [ 0.36984018, -0.12426177,  0.70790283, ...,  0.        ,
         -0.05558587, -0.35825735],
        [ 0.42091295, -0.0689146 ,  0.74606919, ...,  0.05558587,
          0.        , -0.30580721],
        [ 0.67814651,  0.23946703,  0.91395496, ...,  0.35825735,
          0.30580721,  0.        ]],

       [[ 0.        , -0.218927  , -0.29050552, ..., -0.41229321,
         -0.43533292, -0.38758758],
        [ 0.218927  ,  0.        , -0.07397281, ..., -0.6017452 ,
         -0.6218656 , -0.5799993 ],
        [ 0.29050552,  0.07397281,  0.        , ..., -0.65917777,
         -0.67809173, -0.63866976],
        ...,
        [ 0.41229321,  0.6017452 ,  0.65917777, ...,  0.        ,
          0.02543557, -0.0269533 ],
        [ 0.43533292,  0.6218656 ,  0.67809173, ..., -0.02543557,
          0.        , -0.05237091],
        [ 0.38758758,  0.5799993 ,  0.63866976, ...,  0.0269533 ,
          0.05237091,  0.        ]],

       ...,

       [[ 0.        ,  0.        ,  0.47117853, ...,  0.21684934,
          0.3435297 ,  0.82336355],
        [ 0.        ,  0.        ,  0.47117853, ...,  0.21684934,
          0.3435297 ,  0.82336355],
        [-0.47117853, -0.47117853,  0.        , ..., -0.26869756,
         -0.13949726,  0.45883727],
        ...,
        [-0.21684934, -0.21684934,  0.26869756, ...,  0.        ,
          0.13170316,  0.68070659],
        [-0.3435297 , -0.3435297 ,  0.13949726, ..., -0.13170316,
          0.        ,  0.57829713],
        [-0.82336355, -0.82336355, -0.45883727, ..., -0.68070659,
         -0.57829713,  0.        ]],

       [[ 0.        , -0.17861258, -0.3281206 , ..., -0.72145037,
         -0.65936952, -0.29280701],
        [ 0.17861258,  0.        , -0.1541204 , ..., -0.83353224,
         -0.78305085, -0.4588828 ],
        [ 0.3281206 ,  0.1541204 ,  0.        , ..., -0.90872028,
         -0.86955139, -0.59033558],
        ...,
        [ 0.72145037,  0.83353224,  0.90872028, ...,  0.        ,
         -0.08580903, -0.48707138],
        [ 0.65936952,  0.78305085,  0.86955139, ...,  0.08580903,
          0.        , -0.4103325 ],
        [ 0.29280701,  0.4588828 ,  0.59033558, ...,  0.48707138,
          0.4103325 ,  0.        ]],

       [[ 0.        ,  0.20157146,  0.64971458, ..., -0.79561718,
         -0.80106274, -0.85292089],
        [-0.20157146,  0.        ,  0.48314817, ..., -0.65717426,
         -0.66396324, -0.73018527],
        [-0.64971458, -0.48314817,  0.        , ..., -0.21121396,
         -0.22004405, -0.30919478],
        ...,
        [ 0.79561718,  0.65717426,  0.21121396, ...,  0.        ,
          0.00904273,  0.10135509],
        [ 0.80106274,  0.66396324,  0.22004405, ..., -0.00904273,
          0.        ,  0.09235479],
        [ 0.85292089,  0.73018527,  0.30919478, ..., -0.10135509,
         -0.09235479,  0.        ]]]), 'num': array([2.94084200e+07, 1.41920000e+05, 5.45000000e+02, 5.37000000e+04,
       5.43000000e+04, 5.24000000e+04, 5.48460000e+04, 1.00000000e+02,
       5.40600000e+04, 5.43050000e+04, 5.94166667e+04, 5.48780488e+01,
       5.66480536e+04, 5.19619464e+04])}
{'img': array([[[ 0.        ,  0.27296024, -0.40054067, ..., -0.8220742 ,
         -0.72463543, -0.7412118 ],
        [-0.27296024,  0.        , -0.63543799, ..., -0.63543799,
         -0.50901188, -0.52983417],
        [ 0.40054067,  0.63543799,  0.        , ..., -0.98130931,
         -0.93999378, -0.94802822],
        ...,
        [ 0.8220742 ,  0.63543799,  0.98130931, ...,  0.        ,
         -0.1539248 , -0.12980331],
        [ 0.72463543,  0.50901188,  0.93999378, ...,  0.1539248 ,
          0.        ,  0.02436617],
        [ 0.7412118 ,  0.52983417,  0.94802822, ...,  0.12980331,
         -0.02436617,  0.        ]],

       [[ 0.        ,  0.79018352,  0.70991128, ...,  0.0689146 ,
         -0.23946703, -0.17071222],
        [-0.79018352,  0.        , -0.12143569, ..., -0.74606919,
         -0.91395496, -0.88320881],
        [-0.70991128,  0.12143569,  0.        , ..., -0.65968757,
         -0.85791056, -0.81972154],
        ...,
        [-0.0689146 ,  0.74606919,  0.65968757, ...,  0.        ,
         -0.30580721, -0.23820936],
        [ 0.23946703,  0.91395496,  0.85791056, ...,  0.30580721,
          0.        ,  0.07020662],
        [ 0.17071222,  0.88320881,  0.81972154, ...,  0.23820936,
         -0.07020662,  0.        ]],

       [[ 0.        , -0.19451063, -0.31779856, ..., -0.4378562 ,
         -0.3898624 , -0.3898624 ],
        [ 0.19451063,  0.        , -0.12730188, ..., -0.60436714,
         -0.5615358 , -0.5615358 ],
        [ 0.31779856,  0.12730188,  0.        , ..., -0.70087218,
         -0.6623034 , -0.6623034 ],
        ...,
        [ 0.4378562 ,  0.60436714,  0.70087218, ...,  0.        ,
         -0.05270616, -0.05270616],
        [ 0.3898624 ,  0.5615358 ,  0.6623034 , ...,  0.05270616,
          0.        ,  0.        ],
        [ 0.3898624 ,  0.5615358 ,  0.6623034 , ...,  0.05270616,
          0.        ,  0.        ]],

       ...,

       [[ 0.        ,  0.47117853, -0.44459787, ...,  0.3435297 ,
          0.82336355,  0.53772391],
        [-0.47117853,  0.        , -0.81420104, ..., -0.13949726,
          0.45883727,  0.07703233],
        [ 0.44459787,  0.81420104,  0.        , ...,  0.7252504 ,
          0.98982731,  0.85650538],
        ...,
        [-0.3435297 ,  0.13949726, -0.7252504 , ...,  0.        ,
          0.57829713,  0.21536191],
        [-0.82336355, -0.45883727, -0.98982731, ..., -0.57829713,
          0.        , -0.38902909],
        [-0.53772391, -0.07703233, -0.85650538, ..., -0.21536191,
          0.38902909,  0.        ]],

       [[ 0.        , -0.15154695, -0.11278369, ..., -0.85140636,
         -0.73303852, -0.45214134],
        [ 0.15154695,  0.        ,  0.03909897, ..., -0.92106005,
         -0.82765226, -0.58209088],
        [ 0.11278369, -0.03909897,  0.        , ..., -0.90512981,
         -0.80507543, -0.54985348],
        ...,
        [ 0.85140636,  0.92106005,  0.90512981, ...,  0.        ,
         -0.19463207, -0.52225762],
        [ 0.73303852,  0.82765226,  0.80507543, ...,  0.19463207,
          0.        , -0.34629028],
        [ 0.45214134,  0.58209088,  0.54985348, ...,  0.52225762,
          0.34629028,  0.        ]],

       [[ 0.        ,  0.48314817,  0.19848178, ..., -0.66396324,
         -0.73018527, -0.76160159],
        [-0.48314817,  0.        , -0.29975728, ..., -0.22004405,
         -0.30919478, -0.35370957],
        [-0.19848178,  0.29975728,  0.        , ..., -0.50233564,
         -0.58004541, -0.61782397],
        ...,
        [ 0.66396324,  0.22004405,  0.50233564, ...,  0.        ,
          0.09235479,  0.13922075],
        [ 0.73018527,  0.30919478,  0.58004541, ..., -0.09235479,
          0.        ,  0.04717037],
        [ 0.76160159,  0.35370957,  0.61782397, ..., -0.13922075,
         -0.04717037,  0.        ]]]), 'num': array([3.01714200e+07, 1.41920000e+05, 5.45000000e+02, 5.51000000e+04,
       5.51000000e+04, 5.41000000e+04, 6.73770000e+04, 1.40000000e+03,
       5.44200000e+04, 5.41750000e+04, 5.92016667e+04, 5.64705882e+01,
       5.59759720e+04, 5.23740280e+04])}
{'img': array([[[ 0.        , -0.63543799, -0.60336077, ..., -0.50901188,
         -0.52983417, -0.74156043],
        [ 0.63543799,  0.        ,  0.04085552, ..., -0.93999378,
         -0.94802822, -0.9989038 ],
        [ 0.60336077, -0.04085552,  0.        , ..., -0.92526938,
         -0.93423702, -0.99615732],
        ...,
        [ 0.50901188,  0.93999378,  0.92526938, ...,  0.        ,
          0.02436617,  0.2968162 ],
        [ 0.52983417,  0.94802822,  0.93423702, ..., -0.02436617,
          0.        ,  0.27345998],
        [ 0.74156043,  0.9989038 ,  0.99615732, ..., -0.2968162 ,
         -0.27345998,  0.        ]],

       [[ 0.        , -0.12143569, -0.59368332, ..., -0.91395496,
         -0.88320881, -0.73825671],
        [ 0.12143569,  0.        , -0.4915705 , ..., -0.85791056,
         -0.81972154, -0.65088231],
        [ 0.59368332,  0.4915705 ,  0.        , ..., -0.49453247,
         -0.43229147, -0.19362308],
        ...,
        [ 0.91395496,  0.85791056,  0.49453247, ...,  0.        ,
          0.07020662,  0.31688466],
        [ 0.88320881,  0.81972154,  0.43229147, ..., -0.07020662,
          0.        ,  0.24951429],
        [ 0.73825671,  0.65088231,  0.19362308, ..., -0.31688466,
         -0.24951429,  0.        ]],

       [[ 0.        , -0.25499584, -0.39165959, ..., -0.39165959,
         -0.39165959, -0.492127  ],
        [ 0.25499584,  0.        , -0.14408789, ..., -0.61333644,
         -0.61333644, -0.69783819],
        [ 0.39165959,  0.14408789,  0.        , ..., -0.72073996,
         -0.72073996, -0.79375991],
        ...,
        [ 0.39165959,  0.61333644,  0.72073996, ...,  0.        ,
          0.        ,  0.11186222],
        [ 0.39165959,  0.61333644,  0.72073996, ...,  0.        ,
          0.        ,  0.11186222],
        [ 0.492127  ,  0.69783819,  0.79375991, ..., -0.11186222,
         -0.11186222,  0.        ]],

       ...,

       [[ 0.        , -0.81420104, -0.99930672, ...,  0.45883727,
          0.07703233,  0.45883727],
        [ 0.81420104,  0.        , -0.61049333, ...,  0.98982731,
          0.85650538,  0.98982731],
        [ 0.99930672,  0.61049333,  0.        , ...,  0.87082176,
          0.99346945,  0.87082176],
        ...,
        [-0.45883727, -0.98982731, -0.87082176, ...,  0.        ,
         -0.38902909,  0.        ],
        [-0.07703233, -0.85650538, -0.99346945, ...,  0.38902909,
          0.        ,  0.38902909],
        [-0.45883727, -0.98982731, -0.87082176, ...,  0.        ,
         -0.38902909,  0.        ]],

       [[ 0.        ,  0.03818836,  0.05964672, ..., -0.91285405,
         -0.85280844, -0.57091842],
        [-0.03818836,  0.        ,  0.02148284, ..., -0.89659641,
         -0.83224349, -0.53914906],
        [-0.05964672, -0.02148284,  0.        , ..., -0.88687584,
         -0.82014111, -0.52093157],
        ...,
        [ 0.91285405,  0.89659641,  0.88687584, ...,  0.        ,
         -0.12852441, -0.51636137],
        [ 0.85280844,  0.83224349,  0.82014111, ...,  0.12852441,
          0.        , -0.40201429],
        [ 0.57091842,  0.53914906,  0.52093157, ...,  0.51636137,
          0.40201429,  0.        ]],

       [[ 0.        , -0.29975728, -0.39348661, ..., -0.30919478,
         -0.35370957, -0.47020243],
        [ 0.29975728,  0.        , -0.09981636, ..., -0.58004541,
         -0.61782397, -0.71313377],
        [ 0.39348661,  0.09981636,  0.        , ..., -0.65845741,
         -0.69322573, -0.77954635],
        ...,
        [ 0.30919478,  0.58004541,  0.65845741, ...,  0.        ,
          0.04717037,  0.1742794 ],
        [ 0.35370957,  0.61782397,  0.69322573, ..., -0.04717037,
          0.        ,  0.12763691],
        [ 0.47020243,  0.71313377,  0.77954635, ..., -0.1742794 ,
         -0.12763691,  0.        ]]]), 'num': array([3.06074200e+07, 1.41920000e+05, 5.45000000e+02, 5.59000000e+04,
       5.71000000e+04, 5.54000000e+04, 1.44265000e+05, 8.00000000e+02,
       5.45200000e+04, 5.41350000e+04, 5.89950000e+04, 5.93406593e+01,
       5.57340935e+04, 5.25359065e+04])}
{'img': array([[[ 0.        ,  0.23567888,  0.06982631, ..., -0.73646905,
         -0.90108002, -0.95225619],
        [-0.23567888,  0.        , -0.16724425, ..., -0.55629346,
         -0.77349466, -0.85347929],
        [-0.06982631,  0.16724425,  0.        , ..., -0.68743596,
         -0.86860025, -0.92861391],
        ...,
        [ 0.73646905,  0.55629346,  0.68743596, ...,  0.        ,
          0.29018281,  0.41932986],
        [ 0.90108002,  0.77349466,  0.86860025, ..., -0.29018281,
          0.        ,  0.13784881],
        [ 0.95225619,  0.85347929,  0.92861391, ..., -0.41932986,
         -0.13784881,  0.        ]],

       [[ 0.        , -0.4915705 , -0.03118383, ..., -0.81972154,
         -0.65088231,  0.5965769 ],
        [ 0.4915705 ,  0.        ,  0.46417537, ..., -0.43229147,
         -0.19362308,  0.91403452],
        [ 0.03118383, -0.46417537,  0.        , ..., -0.80146197,
         -0.62689166,  0.62131353],
        ...,
        [ 0.81972154,  0.43229147,  0.80146197, ...,  0.        ,
          0.24951429,  0.9995691 ],
        [ 0.65088231,  0.19362308,  0.62689166, ..., -0.24951429,
          0.        ,  0.97527789],
        [-0.5965769 , -0.91403452, -0.62131353, ..., -0.9995691 ,
         -0.97527789,  0.        ]],

       [[ 0.        , -0.30491068, -0.3814978 , ..., -0.39479902,
         -0.49595655, -0.51971165],
        [ 0.30491068,  0.        , -0.08148103, ..., -0.65614109,
         -0.73710795, -0.75546139],
        [ 0.3814978 ,  0.08148103,  0.        , ..., -0.71544805,
         -0.78971983, -0.80633522],
        ...,
        [ 0.39479902,  0.65614109,  0.71544805, ...,  0.        ,
          0.11284608,  0.14020089],
        [ 0.49595655,  0.73710795,  0.78971983, ..., -0.11284608,
          0.        ,  0.02757385],
        [ 0.51971165,  0.75546139,  0.80633522, ..., -0.14020089,
         -0.02757385,  0.        ]],

       ...,

       [[ 0.        , -0.58077189, -0.53285591, ...,  0.75165199,
          0.83239943,  0.99778207],
        [ 0.58077189,  0.        ,  0.05767259, ...,  0.99494845,
          0.99947828,  0.85092009],
        [ 0.53285591, -0.05767259,  0.        , ...,  0.98750282,
          0.99967741,  0.8797989 ],
        ...,
        [-0.75165199, -0.99494845, -0.98750282, ...,  0.        ,
          0.1324697 ,  0.60806308],
        [-0.83239943, -0.99947828, -0.99967741, ..., -0.1324697 ,
          0.        ,  0.49753805],
        [-0.99778207, -0.85092009, -0.8797989 , ..., -0.60806308,
         -0.49753805,  0.        ]],

       [[ 0.        ,  0.02130852,  0.03781526, ..., -0.8649516 ,
         -0.72444275, -0.53544512],
        [-0.02130852,  0.        ,  0.0165134 , ..., -0.85406142,
         -0.70958956, -0.51732701],
        [-0.03781526, -0.0165134 ,  0.        , ..., -0.84535516,
         -0.69785721, -0.5031245 ],
        ...,
        [ 0.8649516 ,  0.85406142,  0.84535516, ...,  0.        ,
         -0.23267597, -0.46179624],
        [ 0.72444275,  0.70958956,  0.69785721, ...,  0.23267597,
          0.        , -0.24274158],
        [ 0.53544512,  0.51732701,  0.5031245 , ...,  0.46179624,
          0.24274158,  0.        ]],

       [[ 0.        , -0.26408799, -0.36923755, ..., -0.35770668,
         -0.47535365, -0.51270216],
        [ 0.26408799,  0.        , -0.11070287, ..., -0.59162193,
         -0.69082117, -0.72123762],
        [ 0.36923755,  0.11070287,  0.        , ..., -0.67723593,
         -0.76661609, -0.79348709],
        ...,
        [ 0.35770668,  0.59162193,  0.67723593, ...,  0.        ,
          0.12919292,  0.17166372],
        [ 0.47535365,  0.69082117,  0.76661609, ..., -0.12919292,
          0.        ,  0.04294996],
        [ 0.51270216,  0.72123762,  0.79348709, ..., -0.17166372,
         -0.04294996,  0.        ]]]), 'num': array([3.06619200e+07, 1.41920000e+05, 5.45000000e+02, 5.60000000e+04,
       5.66000000e+04, 5.60000000e+04, 5.54360000e+04, 1.00000000e+02,
       5.48600000e+04, 5.41750000e+04, 5.88200000e+04, 6.11111111e+01,
       5.59126709e+04, 5.24373291e+04])}
{'img': array([[[ 0.        , -0.16724425, -0.51171555, ..., -0.77349466,
         -0.85347929, -0.8619212 ],
        [ 0.16724425,  0.        , -0.36081957, ..., -0.86860025,
         -0.92861391, -0.93458137],
        [ 0.51171555,  0.36081957,  0.        , ..., -0.98887851,
         -0.99993961, -0.99998525],
        ...,
        [ 0.77349466,  0.86860025,  0.98887851, ...,  0.        ,
          0.13784881,  0.15409361],
        [ 0.85347929,  0.92861391,  0.99993961, ..., -0.13784881,
          0.        ,  0.01642014],
        [ 0.8619212 ,  0.93458137,  0.99998525, ..., -0.15409361,
         -0.01642014,  0.        ]],

       [[ 0.        ,  0.46417537,  0.51022714, ..., -0.19362308,
          0.91403452, -0.42043125],
        [-0.46417537,  0.        ,  0.05272104, ..., -0.62689166,
          0.62131353, -0.79355181],
        [-0.51022714, -0.05272104,  0.        , ..., -0.66709513,
          0.57913925, -0.8245291 ],
        ...,
        [ 0.19362308,  0.62689166,  0.66709513, ...,  0.        ,
          0.97527789, -0.23679606],
        [-0.91403452, -0.62131353, -0.57913925, ..., -0.97527789,
          0.        , -0.99986804],
        [ 0.42043125,  0.79355181,  0.8245291 , ...,  0.23679606,
          0.99986804,  0.        ]],

       [[ 0.        , -0.2378349 , -0.42475473, ..., -0.50153682,
         -0.52550729, -0.59731247],
        [ 0.2378349 ,  0.        , -0.1972527 , ..., -0.69290513,
         -0.71277551, -0.77091859],
        [ 0.42475473,  0.1972527 ,  0.        , ..., -0.82151627,
         -0.8371229 , -0.88140899],
        ...,
        [ 0.50153682,  0.69290513,  0.82151627, ...,  0.        ,
          0.02793337,  0.11451985],
        [ 0.52550729,  0.71277551,  0.8371229 , ..., -0.02793337,
          0.        ,  0.08672557],
        [ 0.59731247,  0.77091859,  0.88140899, ..., -0.11451985,
         -0.08672557,  0.        ]],

       ...,

       [[ 0.        ,  0.05616402, -0.15947763, ...,  0.99694706,
          0.9845336 ,  0.8391233 ],
        [-0.05616402,  0.        , -0.21467111, ...,  0.99098811,
          0.99281927,  0.86834872],
        [ 0.15947763,  0.21467111,  0.        , ...,  0.99663977,
          0.94399326,  0.74163736],
        ...,
        [-0.99694706, -0.99098811, -0.99663977, ...,  0.        ,
          0.25153392,  0.60779982],
        [-0.9845336 , -0.99281927, -0.94399326, ..., -0.25153392,
          0.        ,  0.38851749],
        [-0.8391233 , -0.86834872, -0.74163736, ..., -0.60779982,
         -0.38851749,  0.        ]],

       [[ 0.        ,  0.0165134 ,  0.06254747, ..., -0.70958956,
         -0.51732701, -0.68475233],
        [-0.0165134 ,  0.        ,  0.04605787, ..., -0.69785721,
         -0.5031245 , -0.6726244 ],
        [-0.06254747, -0.04605787,  0.        , ..., -0.66412827,
         -0.46278672, -0.6378285 ],
        ...,
        [ 0.70958956,  0.69785721,  0.66412827, ...,  0.        ,
         -0.24274158, -0.03464479],
        [ 0.51732701,  0.5031245 ,  0.46278672, ...,  0.24274158,
          0.        ,  0.20898726],
        [ 0.68475233,  0.6726244 ,  0.6378285 , ...,  0.03464479,
         -0.20898726,  0.        ]],

       [[ 0.        , -0.26517246, -0.4157802 , ..., -0.47935238,
         -0.51695823, -0.49451097],
        [ 0.26517246,  0.        , -0.15973058, ..., -0.69491337,
         -0.72544209, -0.70728829],
        [ 0.4157802 ,  0.15973058,  0.        , ..., -0.80085234,
         -0.82606775, -0.81112474],
        ...,
        [ 0.47935238,  0.69491337,  0.80085234, ...,  0.        ,
          0.04336345,  0.01735459],
        [ 0.51695823,  0.72544209,  0.82606775, ..., -0.04336345,
          0.        , -0.02601866],
        [ 0.49451097,  0.70728829,  0.81112474, ..., -0.01735459,
          0.02601866,  0.        ]]]), 'num': array([3.06619130e+07, 8.59130000e+04, 5.46000000e+02, 5.60000000e+04,
       5.73000000e+04, 5.60000000e+04, 7.24940000e+04, 0.00000000e+00,
       5.53400000e+04, 5.42850000e+04, 5.86416667e+04, 5.88235294e+01,
       5.61847631e+04, 5.23852369e+04])}
{'img': array([[[ 0.        , -0.48889895, -0.87208092, ..., -0.85554376,
         -0.86396836, -0.86396836],
        [ 0.48889895,  0.        , -0.52150302, ..., -0.99944331,
         -0.99985768, -0.99985768],
        [ 0.87208092,  0.52150302,  0.        , ..., -0.87017324,
         -0.86192597, -0.86192597],
        ...,
        [ 0.85554376,  0.99944331,  0.87017324, ...,  0.        ,
          0.01649704,  0.01649704],
        [ 0.86396836,  0.99985768,  0.86192597, ..., -0.01649704,
          0.        ,  0.        ],
        [ 0.86396836,  0.99985768,  0.86192597, ..., -0.01649704,
          0.        ,  0.        ]],

       [[ 0.        ,  0.05272104,  0.06475699, ...,  0.62131353,
         -0.79355181, -0.55248292],
        [-0.05272104,  0.        ,  0.01205655, ...,  0.57913925,
         -0.8245291 , -0.59565883],
        [-0.06475699, -0.01205655,  0.        , ...,  0.56926831,
         -0.831291  , -0.60529981],
        ...,
        [-0.62131353, -0.57913925, -0.56926831, ...,  0.        ,
         -0.99986804, -0.95078453],
        [ 0.79355181,  0.8245291 ,  0.831291  , ...,  0.99986804,
          0.        ,  0.32525731],
        [ 0.55248292,  0.59565883,  0.60529981, ...,  0.95078453,
         -0.32525731,  0.        ]],

       [[ 0.        , -0.35976691, -0.62733665, ..., -0.52900746,
         -0.60116272, -0.68423921],
        [ 0.35976691,  0.        , -0.30516375, ..., -0.79889067,
         -0.84840952, -0.90078683],
        [ 0.62733665,  0.30516375,  0.        , ..., -0.94433225,
         -0.9694758 , -0.99034008],
        ...,
        [ 0.52900746,  0.79889067,  0.94433225, ...,  0.        ,
          0.08741306,  0.19487441],
        [ 0.60116272,  0.84840952,  0.9694758 , ..., -0.08741306,
          0.        ,  0.10839127],
        [ 0.68423921,  0.90078683,  0.99034008, ..., -0.19487441,
         -0.10839127,  0.        ]],

       ...,

       [[ 0.        , -0.21467111, -0.86834872, ...,  0.99281927,
          0.86834872,  0.99792276],
        [ 0.21467111,  0.        , -0.74163736, ...,  0.94399326,
          0.74163736,  0.96082808],
        [ 0.86834872,  0.74163736,  0.        , ...,  0.38851749,
          0.        ,  0.43898332],
        ...,
        [-0.99281927, -0.94399326, -0.38851749, ...,  0.        ,
          0.38851749, -0.05541628],
        [-0.86834872, -0.74163736, -0.        , ..., -0.38851749,
          0.        , -0.43898332],
        [-0.99792276, -0.96082808, -0.43898332, ...,  0.05541628,
          0.43898332,  0.        ]],

       [[ 0.        ,  0.04605787,  0.25457933, ..., -0.5031245 ,
         -0.6726244 , -0.7595538 ],
        [-0.04605787,  0.        ,  0.20976881, ..., -0.46278672,
         -0.6378285 , -0.72878965],
        [-0.25457933, -0.20976881,  0.        , ..., -0.2665365 ,
         -0.46207805, -0.56893822],
        ...,
        [ 0.5031245 ,  0.46278672,  0.2665365 , ...,  0.        ,
          0.20898726,  0.32916242],
        [ 0.6726244 ,  0.6378285 ,  0.46207805, ..., -0.20898726,
          0.        ,  0.12455288],
        [ 0.7595538 ,  0.72878965,  0.56893822, ..., -0.32916242,
         -0.12455288,  0.        ]],

       [[ 0.        , -0.32918189, -0.61845905, ..., -0.52127901,
         -0.49867866, -0.48616259],
        [ 0.32918189,  0.        , -0.32531345, ..., -0.77314564,
         -0.75621613, -0.7467287 ],
        [ 0.61845905,  0.32531345,  0.        , ..., -0.93741441,
         -0.92794241, -0.92248665],
        ...,
        [ 0.52127901,  0.77314564,  0.93741441, ...,  0.        ,
         -0.02627229, -0.04064474],
        [ 0.49867866,  0.75621613,  0.92794241, ...,  0.02627229,
          0.        , -0.01438013],
        [ 0.48616259,  0.7467287 ,  0.92248665, ...,  0.04064474,
          0.01438013,  0.        ]]]), 'num': array([3.12079130e+07, 8.59130000e+04, 5.46000000e+02, 5.70000000e+04,
       5.70000000e+04, 5.58000000e+04, 7.92740000e+04, 1.00000000e+03,
       5.60000000e+04, 5.45100000e+04, 5.84816667e+04, 6.52173913e+01,
       5.65700000e+04, 5.24500000e+04])}
{'img': array([[[ 0.        , -0.80673815, -0.5041153 , ..., -0.8828277 ,
         -0.8828277 , -0.94802971],
        [ 0.80673815,  0.        ,  0.39884209, ..., -0.90059338,
         -0.90059338, -0.81688879],
        [ 0.5041153 , -0.39884209,  0.        , ..., -0.99922354,
         -0.99922354, -0.97915325],
        ...,
        [ 0.8828277 ,  0.90059338,  0.99922354, ...,  0.        ,
          0.        ,  0.16438696],
        [ 0.8828277 ,  0.90059338,  0.99922354, ...,  0.        ,
          0.        ,  0.16438696],
        [ 0.94802971,  0.81688879,  0.97915325, ..., -0.16438696,
         -0.16438696,  0.        ]],

       [[ 0.        ,  0.01205655, -0.6838064 , ..., -0.8245291 ,
         -0.59565883, -0.49814217],
        [-0.01205655,  0.        , -0.69255392, ..., -0.831291  ,
         -0.60529981, -0.50856014],
        [ 0.6838064 ,  0.69255392,  0.        , ..., -0.21471774,
          0.11462847,  0.22944921],
        ...,
        [ 0.8245291 ,  0.831291  ,  0.21471774, ...,  0.        ,
          0.32525731,  0.43308678],
        [ 0.59565883,  0.60529981, -0.11462847, ..., -0.32525731,
          0.        ,  0.11636652],
        [ 0.49814217,  0.50856014, -0.22944921, ..., -0.43308678,
         -0.11636652,  0.        ]],

       [[ 0.        , -0.54202642, -0.614192  , ..., -0.61030221,
         -0.69409904, -0.78422075],
        [ 0.54202642,  0.        , -0.08839954, ..., -0.9422508 ,
         -0.97348779, -0.99534648],
        [ 0.614192  ,  0.08839954,  0.        , ..., -0.9681677 ,
         -0.9898971 , -0.99996804],
        ...,
        [ 0.61030221,  0.9422508 ,  0.9681677 , ...,  0.        ,
          0.11049946,  0.24255362],
        [ 0.69409904,  0.97348779,  0.9898971 , ..., -0.11049946,
          0.        ,  0.13386854],
        [ 0.78422075,  0.99534648,  0.99996804, ..., -0.24255362,
         -0.13386854,  0.        ]],

       ...,

       [[ 0.        , -0.71581725,  0.28417364, ...,  0.98261646,
          0.99937893,  0.71581725],
        [ 0.71581725,  0.        ,  0.88474108, ...,  0.55325945,
          0.67262954,  0.        ],
        [-0.28417364, -0.88474108,  0.        , ...,  0.99486201,
          0.96819126,  0.88474108],
        ...,
        [-0.98261646, -0.55325945, -0.99486201, ...,  0.        ,
         -0.15090586,  0.55325945],
        [-0.99937893, -0.67262954, -0.96819126, ...,  0.15090586,
          0.        ,  0.67262954],
        [-0.71581725, -0.        , -0.88474108, ..., -0.55325945,
         -0.67262954,  0.        ]],

       [[ 0.        ,  0.20976881,  0.2835574 , ..., -0.6378285 ,
         -0.72878965, -0.80744988],
        [-0.20976881,  0.        ,  0.07608963, ..., -0.46207805,
         -0.56893822, -0.66573472],
        [-0.2835574 , -0.07608963,  0.        , ..., -0.39325921,
         -0.50471425, -0.60702754],
        ...,
        [ 0.6378285 ,  0.46207805,  0.39325921, ...,  0.        ,
          0.12455288,  0.24560237],
        [ 0.72878965,  0.56893822,  0.50471425, ..., -0.12455288,
          0.        ,  0.12295195],
        [ 0.80744988,  0.66573472,  0.60702754, ..., -0.24560237,
         -0.12295195,  0.        ]],

       [[ 0.        , -0.54718995, -0.62816655, ..., -0.50525804,
         -0.49260548, -0.50827223],
        [ 0.54718995,  0.        , -0.10002375, ..., -0.89511285,
         -0.88850851, -0.8966662 ],
        [ 0.62816655,  0.10002375,  0.        , ..., -0.93521845,
         -0.9299496 , -0.93645071],
        ...,
        [ 0.50525804,  0.89511285,  0.93521845, ...,  0.        ,
         -0.01459927,  0.00349639],
        [ 0.49260548,  0.88850851,  0.9299496 , ...,  0.01459927,
          0.        ,  0.0180952 ],
        [ 0.50827223,  0.8966662 ,  0.93645071, ..., -0.00349639,
         -0.0180952 ,  0.        ]]]), 'num': array([ 3.06619130e+07,  8.59130000e+04,  5.46000000e+02,  5.60000000e+04,
        5.66000000e+04,  5.57000000e+04,  6.41530000e+04, -1.00000000e+03,
        5.61800000e+04,  5.46650000e+04,  5.83200000e+04,  5.94059406e+01,
        5.66831923e+04,  5.26468077e+04])}
{'img': array([[[ 0.        ,  0.58472886,  0.22652312, ..., -0.93805681,
         -0.8644996 , -0.93805681],
        [-0.58472886,  0.        , -0.38576721, ..., -0.96357642,
         -0.99521129, -0.96357642],
        [-0.22652312,  0.38576721,  0.        , ..., -0.99215883,
         -0.95588573, -0.99215883],
        ...,
        [ 0.93805681,  0.96357642,  0.99215883, ...,  0.        ,
          0.17196566,  0.        ],
        [ 0.8644996 ,  0.99521129,  0.95588573, ..., -0.17196566,
          0.        , -0.17196566],
        [ 0.93805681,  0.96357642,  0.99215883, ...,  0.        ,
          0.17196566,  0.        ]],

       [[ 0.        , -0.69255392, -0.61681616, ..., -0.60529981,
         -0.50856014, -0.7194392 ],
        [ 0.69255392,  0.        ,  0.10016394, ...,  0.11462847,
          0.22944921, -0.03796197],
        [ 0.61681616, -0.10016394,  0.        , ...,  0.0145483 ,
          0.13080367, -0.1378628 ],
        ...,
        [ 0.60529981, -0.11462847, -0.0145483 , ...,  0.        ,
          0.11636652, -0.15225759],
        [ 0.50856014, -0.22944921, -0.13080367, ..., -0.11636652,
          0.        , -0.26623299],
        [ 0.7194392 ,  0.03796197,  0.1378628 , ...,  0.15225759,
          0.26623299,  0.        ]],

       [[ 0.        , -0.32893226, -0.52240011, ..., -0.71844767,
         -0.8091796 , -0.82977271],
        [ 0.32893226,  0.        , -0.21284968, ..., -0.90726762,
         -0.9574195 , -0.96717635],
        [ 0.52240011,  0.21284968,  0.        , ..., -0.97599228,
         -0.99692997, -0.99909986],
        ...,
        [ 0.71844767,  0.90726762,  0.97599228, ...,  0.        ,
          0.14071787,  0.17620744],
        [ 0.8091796 ,  0.9574195 ,  0.99692997, ..., -0.14071787,
          0.        ,  0.03593806],
        [ 0.82977271,  0.96717635,  0.99909986, ..., -0.17620744,
         -0.03593806,  0.        ]],

       ...,

       [[ 0.        ,  0.88474108,  0.85807287, ...,  0.67262954,
          0.        ,  0.64561337],
        [-0.88474108,  0.        , -0.05440622, ...,  0.96819126,
          0.88474108,  0.97655462],
        [-0.85807287,  0.05440622,  0.        , ...,  0.98037031,
          0.85807287,  0.98682024],
        ...,
        [-0.67262954, -0.96819126, -0.98037031, ...,  0.        ,
          0.67262954,  0.03592267],
        [-0.        , -0.88474108, -0.85807287, ..., -0.67262954,
          0.        , -0.64561337],
        [-0.64561337, -0.97655462, -0.98682024, ..., -0.03592267,
          0.64561337,  0.        ]],

       [[ 0.        ,  0.07608963,  0.2665365 , ..., -0.56893822,
         -0.66573472, -0.68829966],
        [-0.07608963,  0.        ,  0.19242673, ..., -0.50471425,
         -0.60702754, -0.63110683],
        [-0.2665365 , -0.19242673,  0.        , ..., -0.32916242,
         -0.44276518, -0.47004766],
        ...,
        [ 0.56893822,  0.50471425,  0.32916242, ...,  0.        ,
          0.12295195,  0.15332121],
        [ 0.66573472,  0.60702754,  0.44276518, ..., -0.12295195,
          0.        ,  0.03065969],
        [ 0.68829966,  0.63110683,  0.47004766, ..., -0.15332121,
         -0.03065969,  0.        ]],

       [[ 0.        , -0.35242029, -0.5382275 , ..., -0.51241038,
         -0.52858418, -0.57391048],
        [ 0.35242029,  0.        , -0.20667613, ..., -0.78217272,
         -0.79383404, -0.82569277],
        [ 0.5382275 ,  0.20667613,  0.        , ..., -0.89405712,
         -0.90238157, -0.92445573],
        ...,
        [ 0.51241038,  0.78217272,  0.89405712, ...,  0.        ,
          0.01894137,  0.07321819],
        [ 0.52858418,  0.79383404,  0.90238157, ..., -0.01894137,
          0.        ,  0.05431452],
        [ 0.57391048,  0.82569277,  0.92445573, ..., -0.07321819,
         -0.05431452,  0.        ]]]), 'num': array([ 3.05527130e+07,  8.59130000e+04,  5.46000000e+02,  5.58000000e+04,
        5.64000000e+04,  5.56000000e+04,  5.90480000e+04, -2.00000000e+02,
        5.61600000e+04,  5.47550000e+04,  5.82000000e+04,  5.94059406e+01,
        5.68068041e+04,  5.27031959e+04])}
{'img': array([[[ 0.        , -0.38576721, -0.52694009, ..., -0.99521129,
         -0.96357642, -0.95327869],
        [ 0.38576721,  0.        , -0.15828841, ..., -0.95588573,
         -0.99215883, -0.99602854],
        [ 0.52694009,  0.15828841,  0.        , ..., -0.89733936,
         -0.95986718, -0.9693784 ],
        ...,
        [ 0.99521129,  0.95588573,  0.89733936, ...,  0.        ,
         -0.17196566, -0.2074654 ],
        [ 0.96357642,  0.99215883,  0.95986718, ...,  0.17196566,
          0.        , -0.03615068],
        [ 0.95327869,  0.99602854,  0.9693784 , ...,  0.2074654 ,
          0.03615068,  0.        ]],

       [[ 0.        ,  0.10016394,  0.22523116, ...,  0.22944921,
         -0.03796197, -0.13891267],
        [-0.10016394,  0.        ,  0.1265082 , ...,  0.13080367,
         -0.1378628 , -0.23740689],
        [-0.22523116, -0.1265082 ,  0.        , ...,  0.00433145,
         -0.26205537, -0.35839083],
        ...,
        [-0.22944921, -0.13080367, -0.00433145, ...,  0.        ,
         -0.26623299, -0.36243119],
        [ 0.03796197,  0.1378628 ,  0.26205537, ...,  0.26623299,
          0.        , -0.10121863],
        [ 0.13891267,  0.23740689,  0.35839083, ...,  0.36243119,
          0.10121863,  0.        ]],

       [[ 0.        , -0.42386815, -0.60711655, ..., -0.81762046,
         -0.83814041, -0.83593954],
        [ 0.42386815,  0.        , -0.21306892, ..., -0.98458369,
         -0.99032461, -0.98975839],
        [ 0.60711655,  0.21306892,  0.        , ..., -0.99924363,
         -0.99715157, -0.9974469 ],
        ...,
        [ 0.81762046,  0.98458369,  0.99924363, ...,  0.        ,
          0.03659089,  0.03257079],
        [ 0.83814041,  0.99032461,  0.99715157, ..., -0.03659089,
          0.        , -0.0040225 ],
        [ 0.83593954,  0.98975839,  0.9974469 , ..., -0.03257079,
          0.0040225 ,  0.        ]],

       ...,

       [[ 0.        , -0.08576893, -0.10311224, ...,  0.68392737,
          0.99862793,  0.99862793],
        [ 0.08576893,  0.        , -0.01742052, ...,  0.6188344 ,
          0.99045662,  0.99045662],
        [ 0.10311224,  0.01742052,  0.        , ...,  0.6050563 ,
          0.98790534,  0.98790534],
        ...,
        [-0.68392737, -0.6188344 , -0.6050563 , ...,  0.        ,
         -0.69273421, -0.69273421],
        [-0.99862793, -0.99045662, -0.98790534, ...,  0.69273421,
          0.        ,  0.        ],
        [-0.99862793, -0.99045662, -0.98790534, ...,  0.69273421,
          0.        ,  0.        ]],

       [[ 0.        ,  0.19242673,  0.03432695, ..., -0.60702754,
         -0.63110683, -0.6552895 ],
        [-0.19242673,  0.        , -0.1586279 , ..., -0.44276518,
         -0.47004766, -0.49768813],
        [-0.03432695,  0.1586279 ,  0.        , ..., -0.57939082,
         -0.60410762, -0.62897349],
        ...,
        [ 0.60702754,  0.44276518,  0.57939082, ...,  0.        ,
          0.03065969,  0.06221083],
        [ 0.63110683,  0.47004766,  0.60410762, ..., -0.03065969,
          0.        ,  0.03158128],
        [ 0.6552895 ,  0.49768813,  0.62897349, ..., -0.06221083,
         -0.03158128,  0.        ]],

       [[ 0.        , -0.42779849, -0.58659975, ..., -0.53654382,
         -0.58238015, -0.59456536],
        [ 0.42779849,  0.        , -0.18374819, ..., -0.84597544,
         -0.87416284, -0.88138247],
        [ 0.58659975,  0.18374819,  0.        , ..., -0.92954986,
         -0.94851294, -0.95317874],
        ...,
        [ 0.53654382,  0.84597544,  0.92954986, ...,  0.        ,
          0.05528921,  0.07033074],
        [ 0.58238015,  0.87416284,  0.94851294, ..., -0.05528921,
          0.        ,  0.01507086],
        [ 0.59456536,  0.88138247,  0.95317874, ..., -0.07033074,
         -0.01507086,  0.        ]]]), 'num': array([ 3.04435130e+07,  8.59130000e+04,  5.46000000e+02,  5.56000000e+04,
        5.62000000e+04,  5.50000000e+04,  5.18480000e+04, -2.00000000e+02,
        5.60800000e+04,  5.48250000e+04,  5.80466667e+04,  5.61224490e+01,
        5.68917608e+04,  5.27582392e+04])}
{'img': array([[[ 0.        , -0.15828841, -0.109251  , ..., -0.99215883,
         -0.99602854, -0.99863329],
        [ 0.15828841,  0.        ,  0.04946727, ..., -0.95986718,
         -0.9693784 , -0.97777062],
        [ 0.109251  , -0.04946727,  0.        , ..., -0.9725654 ,
         -0.9803394 , -0.98694575],
        ...,
        [ 0.99215883,  0.95986718,  0.9725654 , ...,  0.        ,
         -0.03615068, -0.07295817],
        [ 0.99602854,  0.9693784 ,  0.9803394 , ...,  0.03615068,
          0.        , -0.03685614],
        [ 0.99863329,  0.97777062,  0.98694575, ...,  0.07295817,
          0.03685614,  0.        ]],

       [[ 0.        ,  0.1265082 ,  0.8258863 , ..., -0.1378628 ,
         -0.23740689, -0.38876745],
        [-0.1265082 ,  0.        ,  0.7479208 , ..., -0.26205537,
         -0.35839083, -0.50220047],
        [-0.8258863 , -0.7479208 ,  0.        , ..., -0.89573229,
         -0.93613317, -0.98012006],
        ...,
        [ 0.1378628 ,  0.26205537,  0.89573229, ...,  0.        ,
         -0.10121863, -0.25803729],
        [ 0.23740689,  0.35839083,  0.93613317, ...,  0.10121863,
          0.        , -0.15892121],
        [ 0.38876745,  0.50220047,  0.98012006, ...,  0.25803729,
          0.15892121,  0.        ]],

       [[ 0.        , -0.46863437, -0.59238678, ..., -0.85235219,
         -0.85017403, -0.8412566 ],
        [ 0.46863437,  0.        , -0.14575286, ..., -0.99804218,
         -0.99777396, -0.99652017],
        [ 0.59238678,  0.14575286,  0.        , ..., -0.99650016,
         -0.99683855, -0.99802715],
        ...,
        [ 0.85235219,  0.99804218,  0.99650016, ...,  0.        ,
         -0.00415095, -0.02086187],
        [ 0.85017403,  0.99777396,  0.99683855, ...,  0.00415095,
          0.        , -0.01671164],
        [ 0.8412566 ,  0.99652017,  0.99802715, ...,  0.02086187,
          0.01671164,  0.        ]],

       ...,

       [[ 0.        , -0.01742052,  0.02641627, ...,  0.99045662,
          0.99045662,  0.99765885],
        [ 0.01742052,  0.        ,  0.0438267 , ...,  0.98790534,
          0.98790534,  0.9986988 ],
        [-0.02641627, -0.0438267 ,  0.        , ...,  0.9937518 ,
          0.9937518 ,  0.99550416],
        ...,
        [-0.99045662, -0.98790534, -0.9937518 , ...,  0.        ,
          0.        , -0.20523675],
        [-0.99045662, -0.98790534, -0.9937518 , ...,  0.        ,
          0.        , -0.20523675],
        [-0.99765885, -0.9986988 , -0.99550416, ...,  0.20523675,
          0.20523675,  0.        ]],

       [[ 0.        , -0.1586279 , -0.25759659, ..., -0.47004766,
         -0.49768813, -0.51556428],
        [ 0.1586279 ,  0.        , -0.1010604 , ..., -0.60410762,
         -0.62897349, -0.64495689],
        [ 0.25759659,  0.1010604 ,  0.        , ..., -0.68155007,
         -0.70432039, -0.71888718],
        ...,
        [ 0.47004766,  0.60410762,  0.68155007, ...,  0.        ,
          0.03158128,  0.05229743],
        [ 0.49768813,  0.62897349,  0.70432039, ..., -0.03158128,
          0.        ,  0.02073328],
        [ 0.51556428,  0.64495689,  0.71888718, ..., -0.05229743,
         -0.02073328,  0.        ]],

       [[ 0.        , -0.43328497, -0.56704786, ..., -0.59534416,
         -0.60771695, -0.61942123],
        [ 0.43328497,  0.        , -0.15416558, ..., -0.8846899 ,
         -0.89180401, -0.89841189],
        [ 0.56704786,  0.15416558,  0.        , ..., -0.94598236,
         -0.9508904 , -0.9553738 ],
        ...,
        [ 0.59534416,  0.8846899 ,  0.94598236, ...,  0.        ,
          0.01548806,  0.0303067 ],
        [ 0.60771695,  0.89180401,  0.9508904 , ..., -0.01548806,
          0.        ,  0.01482212],
        [ 0.61942123,  0.89841189,  0.9553738 , ..., -0.0303067 ,
         -0.01482212,  0.        ]]]), 'num': array([3.04981130e+07, 8.59130000e+04, 5.46000000e+02, 5.57000000e+04,
       5.58000000e+04, 5.48000000e+04, 5.93950000e+04, 1.00000000e+02,
       5.60200000e+04, 5.49100000e+04, 5.79100000e+04, 6.08695652e+01,
       5.69738798e+04, 5.28461202e+04])}
{'img': array([[[ 0.        ,  0.04946727,  0.3245018 , ..., -0.9693784 ,
         -0.97777062, -0.97371853],
        [-0.04946727,  0.        ,  0.27731417, ..., -0.9803394 ,
         -0.98694575, -0.98379285],
        [-0.3245018 , -0.27731417,  0.        , ..., -0.99660906,
         -0.99289934, -0.99493266],
        ...,
        [ 0.9693784 ,  0.9803394 ,  0.99660906, ...,  0.        ,
         -0.03685614, -0.01833728],
        [ 0.97777062,  0.98694575,  0.99289934, ...,  0.03685614,
          0.        ,  0.01852513],
        [ 0.97371853,  0.98379285,  0.99493266, ...,  0.01833728,
         -0.01852513,  0.        ]],

       [[ 0.        ,  0.7479208 , -0.47083346, ..., -0.35839083,
         -0.50220047, -0.35171389],
        [-0.7479208 ,  0.        , -0.97236586, ..., -0.93613317,
         -0.98012006, -0.93359776],
        [ 0.47083346,  0.97236586,  0.        , ...,  0.12337646,
         -0.03589854,  0.13046099],
        ...,
        [ 0.35839083,  0.93613317, -0.12337646, ...,  0.        ,
         -0.15892121,  0.00714225],
        [ 0.50220047,  0.98012006,  0.03589854, ...,  0.15892121,
          0.        ,  0.16596863],
        [ 0.35171389,  0.93359776, -0.13046099, ..., -0.00714225,
         -0.16596863,  0.        ]],

       [[ 0.        , -0.26758042, -0.12692782, ..., -0.93873795,
         -0.9326355 , -0.92783102],
        [ 0.26758042,  0.        ,  0.14311676, ..., -0.99672409,
         -0.99517579, -0.99380586],
        [ 0.12692782, -0.14311676,  0.        , ..., -0.97488876,
         -0.97089039, -0.96767086],
        ...,
        [ 0.93873795,  0.99672409,  0.97488876, ...,  0.        ,
         -0.01729955, -0.03038998],
        [ 0.9326355 ,  0.99517579,  0.97089039, ...,  0.01729955,
          0.        , -0.01309386],
        [ 0.92783102,  0.99380586,  0.96767086, ...,  0.03038998,
          0.01309386,  0.        ]],

       ...,

       [[ 0.        ,  0.0438267 ,  0.51244996, ...,  0.98790534,
          0.9986988 ,  0.96554226],
        [-0.0438267 ,  0.        ,  0.47432284, ...,  0.9937518 ,
          0.99550416,  0.97602025],
        [-0.51244996, -0.47432284,  0.        , ...,  0.92779075,
          0.83146624,  0.96249085],
        ...,
        [-0.98790534, -0.9937518 , -0.92779075, ...,  0.        ,
         -0.20523675,  0.10738352],
        [-0.9986988 , -0.99550416, -0.83146624, ...,  0.20523675,
          0.        ,  0.30914759],
        [-0.96554226, -0.97602025, -0.96249085, ..., -0.10738352,
         -0.30914759,  0.        ]],

       [[ 0.        , -0.20491498, -0.35335952, ..., -0.49915804,
         -0.51707701, -0.53362705],
        [ 0.20491498,  0.        , -0.15416573, ..., -0.66612687,
         -0.68149922, -0.69560405],
        [ 0.35335952,  0.15416573,  0.        , ..., -0.77314606,
         -0.78617328, -0.79804467],
        ...,
        [ 0.49915804,  0.66612687,  0.77314606, ...,  0.        ,
          0.02080412,  0.0402458 ],
        [ 0.51707701,  0.68149922,  0.78617328, ..., -0.02080412,
          0.        ,  0.01944982],
        [ 0.53362705,  0.69560405,  0.79804467, ..., -0.0402458 ,
         -0.01944982,  0.        ]],

       [[ 0.        , -0.39565525, -0.47212377, ..., -0.62143851,
         -0.63331307, -0.65153234],
        [ 0.39565525,  0.        , -0.08481518, ..., -0.8807098 ,
         -0.88783006, -0.89851904],
        [ 0.47212377,  0.08481518,  0.        , ..., -0.91770958,
         -0.92366046, -0.93250972],
        ...,
        [ 0.62143851,  0.8807098 ,  0.91770958, ...,  0.        ,
          0.01524873,  0.03901522],
        [ 0.63331307,  0.88783006,  0.92366046, ..., -0.01524873,
          0.        ,  0.02377356],
        [ 0.65153234,  0.89851904,  0.93250972, ..., -0.03901522,
         -0.02377356,  0.        ]]]), 'num': array([ 3.01705130e+07,  8.59130000e+04,  5.46000000e+02,  5.51000000e+04,
        5.73000000e+04,  5.51000000e+04,  1.21846000e+05, -6.00000000e+02,
        5.56400000e+04,  5.49400000e+04,  5.77733333e+04,  5.95744681e+01,
        5.69965991e+04,  5.28834009e+04])}
{'img': array([[[ 0.        ,  0.27731417,  0.63294893, ..., -0.98694575,
         -0.98379285, -0.99783363],
        [-0.27731417,  0.        ,  0.39342938, ..., -0.99289934,
         -0.99493266, -0.97694181],
        [-0.63294893, -0.39342938,  0.        , ..., -0.8660254 ,
         -0.87513935, -0.81415674],
        ...,
        [ 0.98694575,  0.99289934,  0.8660254 , ...,  0.        ,
          0.01852513, -0.09577509],
        [ 0.98379285,  0.99493266,  0.87513935, ..., -0.01852513,
          0.        , -0.11419862],
        [ 0.99783363,  0.97694181,  0.81415674, ...,  0.09577509,
          0.11419862,  0.        ]],

       [[ 0.        , -0.97236586, -0.85137608, ..., -0.98012006,
         -0.93359776, -0.14272327],
        [ 0.97236586,  0.        ,  0.31129593, ..., -0.03589854,
          0.13046099,  0.92909089],
        [ 0.85137608, -0.31129593,  0.        , ..., -0.34521014,
         -0.18465665,  0.76779391],
        ...,
        [ 0.98012006,  0.03589854,  0.34521014, ...,  0.        ,
          0.16596863,  0.94176916],
        [ 0.93359776, -0.13046099,  0.18465665, ..., -0.16596863,
          0.        ,  0.87289917],
        [ 0.14272327, -0.92909089, -0.76779391, ..., -0.94176916,
         -0.87289917,  0.        ]],

       [[ 0.        ,  0.14311676,  0.15583877, ..., -0.99517579,
         -0.99380586, -0.98065779],
        [-0.14311676,  0.        ,  0.01286631, ..., -0.97089039,
         -0.96767086, -0.94255045],
        [-0.15583877, -0.01286631,  0.        , ..., -0.96772823,
         -0.96434566, -0.93817426],
        ...,
        [ 0.99517579,  0.97089039,  0.96772823, ...,  0.        ,
         -0.01309386, -0.09857571],
        [ 0.99380586,  0.96767086,  0.96434566, ...,  0.01309386,
          0.        , -0.08553717],
        [ 0.98065779,  0.94255045,  0.93817426, ...,  0.09857571,
          0.08553717,  0.        ]],

       ...,

       [[ 0.        ,  0.47432284,  0.42534989, ...,  0.99550416,
          0.97602025,  0.99237259],
        [-0.47432284,  0.        , -0.05481873, ...,  0.83146624,
          0.96249085,  0.93210817],
        [-0.42534989,  0.05481873,  0.        , ...,  0.86067191,
          0.97591667,  0.95056083],
        ...,
        [-0.99550416, -0.83146624, -0.86067191, ...,  0.        ,
          0.30914759,  0.21671581],
        [-0.97602025, -0.96249085, -0.97591667, ..., -0.30914759,
          0.        , -0.09570083],
        [-0.99237259, -0.93210817, -0.95056083, ..., -0.21671581,
          0.09570083,  0.        ]],

       [[ 0.        , -0.29257178, -0.44469251, ..., -0.51962575,
         -0.5362402 , -0.54071182],
        [ 0.29257178,  0.        , -0.16318269, ..., -0.74686035,
         -0.75972597, -0.76316589],
        [ 0.44469251,  0.16318269,  0.        , ..., -0.84536271,
         -0.85565097, -0.8583854 ],
        ...,
        [ 0.51962575,  0.74686035,  0.84536271, ...,  0.        ,
          0.01956227,  0.02486764],
        [ 0.5362402 ,  0.75972597,  0.85565097, ..., -0.01956227,
          0.        ,  0.00530666],
        [ 0.54071182,  0.76316589,  0.8583854 , ..., -0.02486764,
         -0.00530666,  0.        ]],

       [[ 0.        , -0.27457741, -0.303675  , ..., -0.64488675,
         -0.66330003, -0.67084446],
        [ 0.27457741,  0.        , -0.03039258, ..., -0.82995404,
         -0.84328707, -0.84868663],
        [ 0.303675  ,  0.03039258,  0.        , ..., -0.84652458,
         -0.85923241, -0.86436908],
        ...,
        [ 0.64488675,  0.82995404,  0.84652458, ...,  0.        ,
          0.0243424 ,  0.03446498],
        [ 0.66330003,  0.84328707,  0.85923241, ..., -0.0243424 ,
          0.        ,  0.01012682],
        [ 0.67084446,  0.84868663,  0.86436908, ..., -0.03446498,
         -0.01012682,  0.        ]]]), 'num': array([ 3.00613130e+07,  8.59130000e+04,  5.46000000e+02,  5.49000000e+04,
        5.57000000e+04,  5.47000000e+04,  5.51600000e+04, -2.00000000e+02,
        5.54200000e+04,  5.49750000e+04,  5.76300000e+04,  4.66666667e+01,
        5.70036695e+04,  5.29463305e+04])}
{'img': array([[[ 0.        ,  0.39342938, -0.17068813, ..., -0.99493266,
         -0.97694181, -0.9675697 ],
        [-0.39342938,  0.        , -0.54457881, ..., -0.87513935,
         -0.81415674, -0.79015798],
        [ 0.17068813,  0.54457881,  0.        , ..., -0.99749372,
         -0.99904819, -0.99648725],
        ...,
        [ 0.99493266,  0.87513935,  0.99749372, ...,  0.        ,
         -0.11419862, -0.15404123],
        [ 0.97694181,  0.81415674,  0.99904819, ...,  0.11419862,
          0.        , -0.04019788],
        [ 0.9675697 ,  0.79015798,  0.99648725, ...,  0.15404123,
          0.04019788,  0.        ]],

       [[ 0.        ,  0.31129593,  0.53849751, ...,  0.13046099,
          0.92909089,  0.04052789],
        [-0.31129593,  0.        ,  0.24943481, ..., -0.18465665,
          0.76779391, -0.27252599],
        [-0.53849751, -0.24943481,  0.        , ..., -0.42396525,
          0.58371306, -0.50390519],
        ...,
        [-0.13046099,  0.18465665,  0.42396525, ...,  0.        ,
          0.87289917, -0.09017229],
        [-0.92909089, -0.76779391, -0.58371306, ..., -0.87289917,
          0.        , -0.91333826],
        [-0.04052789,  0.27252599,  0.50390519, ...,  0.09017229,
          0.91333826,  0.        ]],

       [[ 0.        ,  0.01286631,  0.01286631, ..., -0.96767086,
         -0.94255045, -0.92385909],
        [-0.01286631,  0.        ,  0.        , ..., -0.96434566,
         -0.93817426, -0.91885826],
        [-0.01286631,  0.        ,  0.        , ..., -0.96434566,
         -0.93817426, -0.91885826],
        ...,
        [ 0.96767086,  0.96434566,  0.96434566, ...,  0.        ,
         -0.08553717, -0.13734694],
        [ 0.94255045,  0.93817426,  0.93817426, ...,  0.08553717,
          0.        , -0.05211703],
        [ 0.92385909,  0.91885826,  0.91885826, ...,  0.13734694,
          0.05211703,  0.        ]],

       ...,

       [[ 0.        , -0.05481873, -0.08557741, ...,  0.96249085,
          0.93210817,  0.47341871],
        [ 0.05481873,  0.        , -0.03083109, ...,  0.97591667,
          0.95056083,  0.52099324],
        [ 0.08557741,  0.03083109,  0.        , ...,  0.98217834,
          0.95968318,  0.54706177],
        ...,
        [-0.96249085, -0.97591667, -0.98217834, ...,  0.        ,
         -0.09570083, -0.71935286],
        [-0.93210817, -0.95056083, -0.95968318, ...,  0.09570083,
          0.        , -0.64957305],
        [-0.47341871, -0.52099324, -0.54706177, ...,  0.71935286,
          0.64957305,  0.        ]],

       [[ 0.        , -0.34640476, -0.46941131, ..., -0.54169123,
         -0.54619799, -0.54758978],
        [ 0.34640476,  0.        , -0.13447944, ..., -0.79933255,
         -0.80254829, -0.80353896],
        [ 0.46941131,  0.13447944,  0.        , ..., -0.87287893,
         -0.87548695, -0.8762891 ],
        ...,
        [ 0.54169123,  0.79933255,  0.87287893, ...,  0.        ,
          0.00537081,  0.0070332 ],
        [ 0.54619799,  0.80254829,  0.87548695, ..., -0.00537081,
          0.        ,  0.00166242],
        [ 0.54758978,  0.80353896,  0.8762891 , ..., -0.0070332 ,
         -0.00166242,  0.        ]],

       [[ 0.        , -0.13357683, -0.27582511, ..., -0.66882175,
         -0.6763995 , -0.68884541],
        [ 0.13357683,  0.        , -0.14495819, ..., -0.76213214,
         -0.76872192, -0.77950324],
        [ 0.27582511,  0.14495819,  0.        , ..., -0.84793138,
         -0.85331533, -0.86207151],
        ...,
        [ 0.66882175,  0.76213214,  0.84793138, ...,  0.        ,
          0.01024022,  0.02726897],
        [ 0.6763995 ,  0.76872192,  0.85331533, ..., -0.01024022,
          0.        ,  0.01703113],
        [ 0.68884541,  0.77950324,  0.86207151, ..., -0.02726897,
         -0.01703113,  0.        ]]]), 'num': array([3.00613130e+07, 8.59130000e+04, 5.46000000e+02, 5.49000000e+04,
       5.58000000e+04, 5.46000000e+04, 6.27330000e+04, 0.00000000e+00,
       5.52400000e+04, 5.50150000e+04, 5.74716667e+04, 5.46875000e+01,
       5.70042461e+04, 5.30257539e+04])}
{'img': array([[[ 0.00000000e+00, -5.44578807e-01, -3.93429384e-01, ...,
         -8.14156740e-01, -7.90157982e-01, -7.90157982e-01],
        [ 5.44578807e-01,  0.00000000e+00,  1.70688129e-01, ...,
         -9.99048186e-01, -9.96487253e-01, -9.96487253e-01],
        [ 3.93429384e-01, -1.70688129e-01,  0.00000000e+00, ...,
         -9.76941806e-01, -9.67569703e-01, -9.67569703e-01],
        ...,
        [ 8.14156740e-01,  9.99048186e-01,  9.76941806e-01, ...,
          0.00000000e+00, -4.01978834e-02, -4.01978834e-02],
        [ 7.90157982e-01,  9.96487253e-01,  9.67569703e-01, ...,
          4.01978834e-02,  0.00000000e+00,  0.00000000e+00],
        [ 7.90157982e-01,  9.96487253e-01,  9.67569703e-01, ...,
          4.01978834e-02,  0.00000000e+00,  0.00000000e+00]],

       [[ 0.00000000e+00,  2.49434807e-01, -1.88392658e-01, ...,
          7.67793908e-01, -2.72525994e-01, -1.18662541e-01],
        [-2.49434807e-01,  0.00000000e+00, -4.27406241e-01, ...,
          5.83713059e-01, -5.03905187e-01, -3.62584268e-01],
        [ 1.88392658e-01,  4.27406241e-01,  0.00000000e+00, ...,
          8.74748219e-01, -8.63843876e-02,  7.05238520e-02],
        ...,
        [-7.67793908e-01, -5.83713059e-01, -8.74748219e-01, ...,
          0.00000000e+00, -9.13338255e-01, -8.38395891e-01],
        [ 2.72525994e-01,  5.03905187e-01,  8.63843876e-02, ...,
          9.13338255e-01,  0.00000000e+00,  1.56429524e-01],
        [ 1.18662541e-01,  3.62584268e-01, -7.05238520e-02, ...,
          8.38395891e-01, -1.56429524e-01,  0.00000000e+00]],

       [[ 0.00000000e+00,  0.00000000e+00,  2.83298924e-01, ...,
         -9.38174259e-01, -9.18858261e-01, -9.00440142e-01],
        [ 0.00000000e+00,  0.00000000e+00,  2.83298924e-01, ...,
         -9.38174259e-01, -9.18858261e-01, -9.00440142e-01],
        [-2.83298924e-01, -2.83298924e-01,  0.00000000e+00, ...,
         -8.01671111e-01, -7.69427874e-01, -7.40321252e-01],
        ...,
        [ 9.38174259e-01,  9.38174259e-01,  8.01671111e-01, ...,
          0.00000000e+00, -5.21170273e-02, -9.63876151e-02],
        [ 9.18858261e-01,  9.18858261e-01,  7.69427874e-01, ...,
          5.21170273e-02,  0.00000000e+00, -4.43822590e-02],
        [ 9.00440142e-01,  9.00440142e-01,  7.40321252e-01, ...,
          9.63876151e-02,  4.43822590e-02,  0.00000000e+00]],

       ...,

       [[ 0.00000000e+00, -3.08310940e-02, -2.82621714e-03, ...,
          9.50560829e-01,  5.20993235e-01,  8.16546104e-01],
        [ 3.08310940e-02,  0.00000000e+00,  2.80060973e-02, ...,
          9.59683180e-01,  5.47061773e-01,  8.33956106e-01],
        [ 2.82621714e-03, -2.80060973e-02,  0.00000000e+00, ...,
          9.51434682e-01,  5.23403503e-01,  8.18174362e-01],
        ...,
        [-9.50560829e-01, -9.59683180e-01, -9.51434682e-01, ...,
          0.00000000e+00, -6.49573051e-01, -2.95171035e-01],
        [-5.20993235e-01, -5.47061773e-01, -5.23403503e-01, ...,
          6.49573051e-01,  0.00000000e+00,  3.96212657e-01],
        [-8.16546104e-01, -8.33956106e-01, -8.18174362e-01, ...,
          2.95171035e-01, -3.96212657e-01,  0.00000000e+00]],

       [[ 0.00000000e+00, -3.32412628e-01, -4.67915559e-01, ...,
         -5.54070418e-01, -5.55477470e-01, -5.55591985e-01],
        [ 3.32412628e-01,  0.00000000e+00, -1.47529733e-01, ...,
         -7.99286155e-01, -8.00301319e-01, -8.00383889e-01],
        [ 4.67915559e-01,  1.47529733e-01,  0.00000000e+00, ...,
         -8.79198147e-01, -8.80002656e-01, -8.80068062e-01],
        ...,
        [ 5.54070418e-01,  7.99286155e-01,  8.79198147e-01, ...,
          0.00000000e+00,  1.69116576e-03,  1.82888755e-03],
        [ 5.55477470e-01,  8.00301319e-01,  8.80002656e-01, ...,
         -1.69116576e-03,  0.00000000e+00,  1.37722001e-04],
        [ 5.55591985e-01,  8.00383889e-01,  8.80068062e-01, ...,
         -1.82888755e-03, -1.37722001e-04,  0.00000000e+00]],

       [[ 0.00000000e+00, -2.42964771e-01, -2.79098200e-01, ...,
         -6.77688497e-01, -6.90146064e-01, -7.05278813e-01],
        [ 2.42964771e-01,  0.00000000e+00, -3.74250797e-02, ...,
         -8.36045563e-01, -8.45292254e-01, -8.56390237e-01],
        [ 2.79098200e-01,  3.74250797e-02,  0.00000000e+00, ...,
         -8.55993505e-01, -8.64696451e-01, -8.75113939e-01],
        ...,
        [ 6.77688497e-01,  8.36045563e-01,  8.55993505e-01, ...,
          0.00000000e+00,  1.70753872e-02,  3.81924111e-02],
        [ 6.90146064e-01,  8.45292254e-01,  8.64696451e-01, ...,
         -1.70753872e-02,  0.00000000e+00,  2.11239138e-02],
        [ 7.05278813e-01,  8.56390237e-01,  8.75113939e-01, ...,
         -3.81924111e-02, -2.11239138e-02,  0.00000000e+00]]]), 'num': array([3.02251130e+07, 8.59130000e+04, 5.46000000e+02, 5.52000000e+04,
       5.57000000e+04, 5.41000000e+04, 6.15980000e+04, 3.00000000e+02,
       5.51600000e+04, 5.50800000e+04, 5.73100000e+04, 6.33333333e+01,
       5.70031225e+04, 5.31568775e+04])}
{'img': array([[[ 0.00000000e+00,  4.01255005e-01, -1.43812299e-01, ...,
         -9.74476440e-01, -9.74476440e-01, -9.86425498e-01],
        [-4.01255005e-01,  0.00000000e+00, -5.28811184e-01, ...,
         -8.02510009e-01, -8.02510009e-01, -8.37642742e-01],
        [ 1.43812299e-01,  5.28811184e-01,  0.00000000e+00, ...,
         -9.96631134e-01, -9.96631134e-01, -9.99786924e-01],
        ...,
        [ 9.74476440e-01,  8.02510009e-01,  9.96631134e-01, ...,
          0.00000000e+00,  0.00000000e+00,  6.14242363e-02],
        [ 9.74476440e-01,  8.02510009e-01,  9.96631134e-01, ...,
          0.00000000e+00,  0.00000000e+00,  6.14242363e-02],
        [ 9.86425498e-01,  8.37642742e-01,  9.99786924e-01, ...,
         -6.14242363e-02, -6.14242363e-02,  0.00000000e+00]],

       [[ 0.00000000e+00, -4.27406241e-01, -8.00530662e-01, ...,
         -5.03905187e-01, -3.62584268e-01, -3.83310587e-01],
        [ 4.27406241e-01,  0.00000000e+00, -4.67586440e-01, ...,
         -8.63843876e-02,  7.05238520e-02,  4.82250950e-02],
        [ 8.00530662e-01,  4.67586440e-01,  0.00000000e+00, ...,
          3.89479296e-01,  5.28761565e-01,  5.09670845e-01],
        ...,
        [ 5.03905187e-01,  8.63843876e-02, -3.89479296e-01, ...,
          0.00000000e+00,  1.56429524e-01,  1.34328703e-01],
        [ 3.62584268e-01, -7.05238520e-02, -5.28761565e-01, ...,
         -1.56429524e-01,  0.00000000e+00, -2.23367780e-02],
        [ 3.83310587e-01, -4.82250950e-02, -5.09670845e-01, ...,
         -1.34328703e-01,  2.23367780e-02,  0.00000000e+00]],

       [[ 0.00000000e+00,  2.83298924e-01,  2.83298924e-01, ...,
         -9.18858261e-01, -9.00440142e-01, -8.91419767e-01],
        [-2.83298924e-01,  0.00000000e+00,  0.00000000e+00, ...,
         -7.69427874e-01, -7.40321252e-01, -7.26514780e-01],
        [-2.83298924e-01,  0.00000000e+00,  0.00000000e+00, ...,
         -7.69427874e-01, -7.40321252e-01, -7.26514780e-01],
        ...,
        [ 9.18858261e-01,  7.69427874e-01,  7.69427874e-01, ...,
          0.00000000e+00, -4.43822590e-02, -6.46635305e-02],
        [ 9.00440142e-01,  7.40321252e-01,  7.40321252e-01, ...,
          4.43822590e-02,  0.00000000e+00, -2.03104400e-02],
        [ 8.91419767e-01,  7.26514780e-01,  7.26514780e-01, ...,
          6.46635305e-02,  2.03104400e-02,  0.00000000e+00]],

       ...,

       [[ 0.00000000e+00,  2.80060973e-02, -1.93517687e-01, ...,
          5.47061773e-01,  8.33956106e-01,  9.99193773e-01],
        [-2.80060973e-02,  0.00000000e+00, -2.20918473e-01, ...,
          5.23403503e-01,  8.18174362e-01,  9.99926210e-01],
        [ 1.93517687e-01,  2.20918473e-01,  0.00000000e+00, ...,
          6.98712702e-01,  9.24980673e-01,  9.72536589e-01],
        ...,
        [-5.47061773e-01, -5.23403503e-01, -6.98712702e-01, ...,
          0.00000000e+00,  3.96212657e-01,  8.58380400e-01],
        [-8.33956106e-01, -8.18174362e-01, -9.24980673e-01, ...,
         -3.96212657e-01,  0.00000000e+00,  5.84866960e-01],
        [-9.99193773e-01, -9.99926210e-01, -9.72536589e-01, ...,
         -8.58380400e-01, -5.84866960e-01,  0.00000000e+00]],

       [[ 0.00000000e+00, -3.44184802e-01, -4.59015576e-01, ...,
         -5.62787893e-01, -5.62903538e-01, -5.62678136e-01],
        [ 3.44184802e-01,  0.00000000e+00, -1.25187116e-01, ...,
         -8.12906256e-01, -8.12987732e-01, -8.12828922e-01],
        [ 4.59015576e-01,  1.25187116e-01,  0.00000000e+00, ...,
         -8.79419539e-01, -8.79486135e-01, -8.79356324e-01],
        ...,
        [ 5.62787893e-01,  8.12906256e-01,  8.79419539e-01, ...,
          0.00000000e+00,  1.39911175e-04, -1.32774476e-04],
        [ 5.62903538e-01,  8.12987732e-01,  8.79486135e-01, ...,
         -1.39911175e-04,  0.00000000e+00, -2.72685648e-04],
        [ 5.62678136e-01,  8.12828922e-01,  8.79356324e-01, ...,
          1.32774476e-04,  2.72685648e-04,  0.00000000e+00]],

       [[ 0.00000000e+00, -1.40513174e-01, -2.86885378e-01, ...,
         -6.94526598e-01, -7.09701242e-01, -7.33399765e-01],
        [ 1.40513174e-01,  0.00000000e+00, -1.49432443e-01, ...,
         -7.88730662e-01, -8.01652080e-01, -8.21644085e-01],
        [ 2.86885378e-01,  1.49432443e-01,  0.00000000e+00, ...,
         -8.71736684e-01, -8.81980433e-01, -8.97595237e-01],
        ...,
        [ 6.94526598e-01,  7.88730662e-01,  8.71736684e-01, ...,
          0.00000000e+00,  2.13107354e-02,  5.55194320e-02],
        [ 7.09701242e-01,  8.01652080e-01,  8.81980433e-01, ...,
         -2.13107354e-02,  0.00000000e+00,  3.42289577e-02],
        [ 7.33399765e-01,  8.21644085e-01,  8.97595237e-01, ...,
         -5.55194320e-02, -3.42289577e-02,  0.00000000e+00]]]), 'num': array([ 2.96245130e+07,  8.59130000e+04,  5.46000000e+02,  5.41000000e+04,
        5.62000000e+04,  5.37000000e+04,  9.32320000e+04, -1.10000000e+03,
        5.48400000e+04,  5.50650000e+04,  5.71466667e+04,  5.28571429e+01,
        5.70136149e+04,  5.31163851e+04])}
{'img': array([[[ 0.00000000e+00, -5.28811184e-01, -7.62440082e-01, ...,
         -8.02510009e-01, -8.37642742e-01, -6.82278425e-01],
        [ 5.28811184e-01,  0.00000000e+00, -3.04941068e-01, ...,
         -9.96631134e-01, -9.99786924e-01, -9.65686503e-01],
        [ 7.62440082e-01,  3.04941068e-01,  0.00000000e+00, ...,
         -9.74172408e-01, -9.58462996e-01, -9.98888452e-01],
        ...,
        [ 8.02510009e-01,  9.96631134e-01,  9.74172408e-01, ...,
          0.00000000e+00,  6.14242363e-02, -1.79635316e-01],
        [ 8.37642742e-01,  9.99786924e-01,  9.58462996e-01, ...,
         -6.14242363e-02,  0.00000000e+00, -2.39721185e-01],
        [ 6.82278425e-01,  9.65686503e-01,  9.98888452e-01, ...,
          1.79635316e-01,  2.39721185e-01,  0.00000000e+00]],

       [[ 0.00000000e+00, -4.67586440e-01,  5.85572724e-01, ...,
          7.05238520e-02,  4.82250950e-02,  5.61555635e-01],
        [ 4.67586440e-01,  0.00000000e+00,  8.96650321e-01, ...,
          5.28761565e-01,  5.09670845e-01,  8.83284864e-01],
        [-5.85572724e-01, -8.96650321e-01,  0.00000000e+00, ...,
         -5.26946666e-01, -5.45799186e-01, -2.93175387e-02],
        ...,
        [-7.05238520e-02, -5.28761565e-01,  5.26946666e-01, ...,
          0.00000000e+00, -2.23367780e-02,  5.01803230e-01],
        [-4.82250950e-02, -5.09670845e-01,  5.45799186e-01, ...,
          2.23367780e-02,  0.00000000e+00,  5.20998938e-01],
        [-5.61555635e-01, -8.83284864e-01,  2.93175387e-02, ...,
         -5.01803230e-01, -5.20998938e-01,  0.00000000e+00]],

       [[ 0.00000000e+00,  0.00000000e+00, -3.87695007e-01, ...,
         -7.40321252e-01, -7.26514780e-01, -6.65114763e-01],
        [ 0.00000000e+00,  0.00000000e+00, -3.87695007e-01, ...,
         -7.40321252e-01, -7.26514780e-01, -6.65114763e-01],
        [ 3.87695007e-01,  3.87695007e-01,  0.00000000e+00, ...,
         -9.43048263e-01, -9.36097344e-01, -9.02602431e-01],
        ...,
        [ 7.40321252e-01,  7.40321252e-01,  9.43048263e-01, ...,
          0.00000000e+00, -2.03104400e-02, -1.05702779e-01],
        [ 7.26514780e-01,  7.26514780e-01,  9.36097344e-01, ...,
          2.03104400e-02,  0.00000000e+00, -8.54843190e-02],
        [ 6.65114763e-01,  6.65114763e-01,  9.02602431e-01, ...,
          1.05702779e-01,  8.54843190e-02,  0.00000000e+00]],

       ...,

       [[ 0.00000000e+00, -2.20918473e-01, -1.32481160e-01, ...,
          8.18174362e-01,  9.99926210e-01,  7.57696766e-01],
        [ 2.20918473e-01,  0.00000000e+00,  8.97633394e-02, ...,
          9.24980673e-01,  9.72536589e-01,  8.83148699e-01],
        [ 1.32481160e-01, -8.97633394e-02,  0.00000000e+00, ...,
          8.87135301e-01,  9.89503000e-01,  8.37476169e-01],
        ...,
        [-8.18174362e-01, -9.24980673e-01, -8.87135301e-01, ...,
          0.00000000e+00,  5.84866960e-01, -9.82930875e-02],
        [-9.99926210e-01, -9.72536589e-01, -9.89503000e-01, ...,
         -5.84866960e-01,  0.00000000e+00, -6.61763144e-01],
        [-7.57696766e-01, -8.83148699e-01, -8.37476169e-01, ...,
          9.82930875e-02,  6.61763144e-01,  0.00000000e+00]],

       [[ 0.00000000e+00, -3.18461535e-01, -4.45658367e-01, ...,
         -5.70847607e-01, -5.70619854e-01, -5.72741384e-01],
        [ 3.18461535e-01,  0.00000000e+00, -1.37367755e-01, ...,
         -8.02601638e-01, -8.02436156e-01, -8.03976476e-01],
        [ 4.45658367e-01,  1.37367755e-01,  0.00000000e+00, ...,
         -8.76935048e-01, -8.76801710e-01, -8.78042133e-01],
        ...,
        [ 5.70847607e-01,  8.02601638e-01,  8.76935048e-01, ...,
          0.00000000e+00, -2.77363886e-04,  2.30836660e-03],
        [ 5.70619854e-01,  8.02436156e-01,  8.76801710e-01, ...,
          2.77363886e-04,  0.00000000e+00,  2.58572965e-03],
        [ 5.72741384e-01,  8.03976476e-01,  8.78042133e-01, ...,
         -2.30836660e-03, -2.58572965e-03,  0.00000000e+00]],

       [[ 0.00000000e+00, -2.52004707e-01, -4.10779183e-01, ...,
         -7.11160572e-01, -7.34876185e-01, -7.27725447e-01],
        [ 2.52004707e-01,  0.00000000e+00, -1.67760221e-01, ...,
         -8.65375354e-01, -8.82068715e-01, -8.77080946e-01],
        [ 4.10779183e-01,  1.67760221e-01,  0.00000000e+00, ...,
         -9.37179819e-01, -9.48603211e-01, -9.45233186e-01],
        ...,
        [ 7.11160572e-01,  8.65375354e-01,  9.37179819e-01, ...,
          0.00000000e+00,  3.43297027e-02,  2.38498680e-02],
        [ 7.34876185e-01,  8.82068715e-01,  9.48603211e-01, ...,
         -3.43297027e-02,  0.00000000e+00, -1.04841277e-02],
        [ 7.27725447e-01,  8.77080946e-01,  9.45233186e-01, ...,
         -2.38498680e-02,  1.04841277e-02,  0.00000000e+00]]]), 'num': array([3.00067130e+07, 8.59130000e+04, 5.46000000e+02, 5.48000000e+04,
       5.50000000e+04, 5.40000000e+04, 7.87040000e+04, 7.00000000e+02,
       5.47800000e+04, 5.51200000e+04, 5.69866667e+04, 4.76190476e+01,
       5.69710538e+04, 5.32689462e+04])}
{'img': array([[[ 0.        , -0.62350648, -0.6       , ..., -0.86071275,
         -0.70511707, -0.81331888],
        [ 0.62350648,  0.        ,  0.02971427, ..., -0.99034236,
         -0.99339612, -0.9986349 ],
        [ 0.6       , -0.02971427,  0.        , ..., -0.99402475,
         -0.9895482 , -0.99974601],
        ...,
        [ 0.86071275,  0.99034236,  0.99402475, ...,  0.        ,
         -0.2513549 , -0.08672508],
        [ 0.70511707,  0.99339612,  0.9895482 , ...,  0.2513549 ,
          0.        ,  0.16646709],
        [ 0.81331888,  0.9986349 ,  0.99974601, ...,  0.08672508,
         -0.16646709,  0.        ]],

       [[ 0.        ,  0.89665032,  0.64251029, ...,  0.50967084,
          0.88328486,  0.74762515],
        [-0.89665032,  0.        , -0.40261792, ..., -0.54579919,
         -0.02931754, -0.26448113],
        [-0.64251029,  0.40261792,  0.        , ..., -0.16224717,
          0.37560852,  0.14618345],
        ...,
        [-0.50967084,  0.54579919,  0.16224717, ...,  0.        ,
          0.52099894,  0.30475077],
        [-0.88328486,  0.02931754, -0.37560852, ..., -0.52099894,
          0.        , -0.23609388],
        [-0.74762515,  0.26448113, -0.14618345, ..., -0.30475077,
          0.23609388,  0.        ]],

       [[ 0.        , -0.38769501, -0.55972586, ..., -0.72651478,
         -0.66511476, -0.65235409],
        [ 0.38769501,  0.        , -0.19467416, ..., -0.93609734,
         -0.90260243, -0.89517158],
        [ 0.55972586,  0.19467416,  0.        , ..., -0.98666279,
         -0.9691362 , -0.96481563],
        ...,
        [ 0.72651478,  0.93609734,  0.98666279, ...,  0.        ,
         -0.08548432, -0.10237031],
        [ 0.66511476,  0.90260243,  0.9691362 , ...,  0.08548432,
          0.        , -0.01696037],
        [ 0.65235409,  0.89517158,  0.96481563, ...,  0.10237031,
          0.01696037,  0.        ]],

       ...,

       [[ 0.        ,  0.08976334,  0.05844755, ...,  0.97253659,
          0.8831487 ,  0.73094143],
        [-0.08976334,  0.        , -0.03139828, ...,  0.989503  ,
          0.83747617,  0.6667326 ],
        [-0.05844755,  0.03139828,  0.        , ...,  0.98447769,
          0.85422159,  0.68980491],
        ...,
        [-0.97253659, -0.989503  , -0.98447769, ...,  0.        ,
         -0.66176314, -0.83382471],
        [-0.8831487 , -0.83747617, -0.85422159, ...,  0.66176314,
          0.        , -0.25981656],
        [-0.73094143, -0.6667326 , -0.68980491, ...,  0.83382471,
          0.25981656,  0.        ]],

       [[ 0.        , -0.32458101, -0.40343508, ..., -0.57743626,
         -0.5795762 , -0.57082106],
        [ 0.32458101,  0.        , -0.08459795, ..., -0.8111722 ,
         -0.81270366, -0.8064208 ],
        [ 0.40343508,  0.08459795,  0.        , ..., -0.85773778,
         -0.85908355, -0.85355624],
        ...,
        [ 0.57743626,  0.8111722 ,  0.85773778, ...,  0.        ,
          0.00262352, -0.00807945],
        [ 0.5795762 ,  0.81270366,  0.85908355, ..., -0.00262352,
          0.        , -0.01070285],
        [ 0.57082106,  0.8064208 ,  0.85355624, ...,  0.00807945,
          0.01070285,  0.        ]],

       [[ 0.        , -0.33253615, -0.47099812, ..., -0.7397123 ,
         -0.73254717, -0.75877318],
        [ 0.33253615,  0.        , -0.15085234, ..., -0.92138696,
         -0.91722105, -0.93219085],
        [ 0.47099812,  0.15085234,  0.        , ..., -0.96947112,
         -0.96682101, -0.97612674],
        ...,
        [ 0.7397123 ,  0.92138696,  0.96947112, ...,  0.        ,
         -0.01058618,  0.02878085],
        [ 0.73254717,  0.91722105,  0.96682101, ...,  0.01058618,
          0.        ,  0.03936103],
        [ 0.75877318,  0.93219085,  0.97612674, ..., -0.02878085,
         -0.03936103,  0.        ]]]), 'num': array([3.04888590e+07, 1.72648590e+07, 2.32000000e+02, 5.70000000e+04,
       5.85000000e+04, 5.55000000e+04, 2.67453000e+05, 2.20000000e+03,
       5.52000000e+04, 5.53050000e+04, 5.68783333e+04, 5.71428571e+01,
       5.71308970e+04, 5.34791030e+04])}
{'img': array([[[ 0.        ,  0.03456723,  0.11012963, ..., -0.9823408 ,
         -0.9998358 , -0.90940595],
        [-0.03456723,  0.        ,  0.07570685, ..., -0.97528619,
         -0.99861187, -0.92323931],
        [-0.11012963, -0.07570685,  0.        , ..., -0.95576016,
         -0.99175835, -0.94967822],
        ...,
        [ 0.9823408 ,  0.97528619,  0.95576016, ...,  0.        ,
          0.16926849,  0.5787152 ],
        [ 0.9998358 ,  0.99861187,  0.99175835, ..., -0.16926849,
          0.        ,  0.43232083],
        [ 0.90940595,  0.92323931,  0.94967822, ..., -0.5787152 ,
         -0.43232083,  0.        ]],

       [[ 0.        , -0.26580267, -0.48677668, ..., -0.01816167,
         -0.17017263,  0.87208257],
        [ 0.26580267,  0.        , -0.23708042, ...,  0.24825049,
          0.09787466,  0.71063867],
        [ 0.48677668,  0.23708042,  0.        , ...,  0.4708317 ,
          0.33102639,  0.52357876],
        ...,
        [ 0.01816167, -0.24825049, -0.4708317 , ...,  0.        ,
         -0.1522478 ,  0.86305116],
        [ 0.17017263, -0.09787466, -0.33102639, ...,  0.1522478 ,
          0.        ,  0.77608713],
        [-0.87208257, -0.71063867, -0.52357876, ..., -0.86305116,
         -0.77608713,  0.        ]],

       [[ 0.        , -0.42942868, -0.5223794 , ..., -0.67650928,
         -0.66362883, -0.74535599],
        [ 0.42942868,  0.        , -0.10558175, ..., -0.92720198,
         -0.92056299, -0.95941736],
        [ 0.5223794 ,  0.10558175,  0.        , ..., -0.96156638,
         -0.95665723, -0.98382781],
        ...,
        [ 0.67650928,  0.92720198,  0.96156638, ...,  0.        ,
         -0.01735199,  0.09789939],
        [ 0.66362883,  0.92056299,  0.95665723, ...,  0.01735199,
          0.        ,  0.11515329],
        [ 0.74535599,  0.95941736,  0.98382781, ..., -0.09789939,
         -0.11515329,  0.        ]],

       ...,

       [[ 0.        , -0.03139828,  0.04539232, ...,  0.83747617,
          0.6667326 ,  0.94343438],
        [ 0.03139828,  0.        ,  0.07673586, ...,  0.85422159,
          0.68980491,  0.95337961],
        [-0.04539232, -0.07673586,  0.        , ...,  0.81180721,
          0.6322146 ,  0.92741167],
        ...,
        [-0.83747617, -0.85422159, -0.81180721, ...,  0.        ,
         -0.25981656,  0.23788919],
        [-0.6667326 , -0.68980491, -0.6322146 , ...,  0.25981656,
          0.        ,  0.48207742],
        [-0.94343438, -0.95337961, -0.92741167, ..., -0.23788919,
         -0.48207742,  0.        ]],

       [[ 0.        , -0.24982113, -0.43470334, ..., -0.58674981,
         -0.57791634, -0.61009087],
        [ 0.24982113,  0.        , -0.19593742, ..., -0.77044238,
         -0.7634698 , -0.78868725],
        [ 0.43470334,  0.19593742,  0.        , ..., -0.88042043,
         -0.87521592, -0.89386092],
        ...,
        [ 0.58674981,  0.77044238,  0.88042043, ...,  0.        ,
         -0.01086587,  0.0291319 ],
        [ 0.57791634,  0.7634698 ,  0.87521592, ...,  0.01086587,
          0.        ,  0.03999143],
        [ 0.61009087,  0.78868725,  0.89386092, ..., -0.0291319 ,
         -0.03999143,  0.        ]],

       [[ 0.        , -0.34863544, -0.40887107, ..., -0.74112682,
         -0.76742078, -0.80036484],
        [ 0.34863544,  0.        , -0.06505588, ..., -0.928689  ,
         -0.94279703, -0.95916024],
        [ 0.40887107,  0.06505588,  0.        , ..., -0.95084828,
         -0.96248733, -0.9755303 ],
        ...,
        [ 0.74112682,  0.928689  ,  0.95084828, ...,  0.        ,
          0.04005064,  0.09302163],
        [ 0.76742078,  0.94279703,  0.96248733, ..., -0.04005064,
          0.        ,  0.05307002],
        [ 0.80036484,  0.95916024,  0.9755303 , ..., -0.09302163,
         -0.05307002,  0.        ]]]), 'num': array([ 2.99508400e+07,  1.00818400e+07,  3.58000000e+02,  5.55000000e+04,
        5.75000000e+04,  5.53000000e+04,  1.13000000e+05, -1.50000000e+03,
        5.53200000e+04,  5.53100000e+04,  5.67650000e+04,  4.72527473e+01,
        5.71374572e+04,  5.34825428e+04])}
{'img': array([[[ 0.00000000e+00,  7.57068501e-02, -3.45672289e-02, ...,
         -9.98611873e-01, -9.23239307e-01, -9.95087963e-01],
        [-7.57068501e-02,  0.00000000e+00, -1.10129631e-01, ...,
         -9.91758352e-01, -9.49678216e-01, -9.99726753e-01],
        [ 3.45672289e-02,  1.10129631e-01,  0.00000000e+00, ...,
         -9.99835798e-01, -9.09405947e-01, -9.91071302e-01],
        ...,
        [ 9.98611873e-01,  9.91758352e-01,  9.99835798e-01, ...,
          0.00000000e+00,  4.32320834e-01,  1.51270415e-01],
        [ 9.23239307e-01,  9.49678216e-01,  9.09405947e-01, ...,
         -4.32320834e-01,  0.00000000e+00, -2.90942330e-01],
        [ 9.95087963e-01,  9.99726753e-01,  9.91071302e-01, ...,
         -1.51270415e-01,  2.90942330e-01,  0.00000000e+00]],

       [[ 0.00000000e+00, -2.37080420e-01, -3.27938366e-01, ...,
          9.78746567e-02,  7.10638674e-01,  4.25475871e-01],
        [ 2.37080420e-01,  0.00000000e+00, -9.46191873e-02, ...,
          3.31026391e-01,  5.23578758e-01,  6.27896179e-01],
        [ 3.27938366e-01,  9.46191873e-02,  0.00000000e+00, ...,
          4.18825953e-01,  4.40616345e-01,  6.98720988e-01],
        ...,
        [-9.78746567e-02, -3.31026391e-01, -4.18825953e-01, ...,
          0.00000000e+00,  7.76087135e-01,  3.34859449e-01],
        [-7.10638674e-01, -5.23578758e-01, -4.40616345e-01, ...,
         -7.76087135e-01,  0.00000000e+00, -9.42453111e-01],
        [-4.25475871e-01, -6.27896179e-01, -6.98720988e-01, ...,
         -3.34859449e-01,  9.42453111e-01,  0.00000000e+00]],

       [[ 0.00000000e+00, -3.21095433e-01, -5.07745475e-01, ...,
         -6.77813136e-01, -7.60195406e-01, -7.80420853e-01],
        [ 3.21095433e-01,  0.00000000e+00, -2.04232746e-01, ...,
         -8.78001140e-01, -9.28554596e-01, -9.39861495e-01],
        [ 5.07745475e-01,  2.04232746e-01,  0.00000000e+00, ...,
         -9.57252695e-01, -9.84793205e-01, -9.89808313e-01],
        ...,
        [ 6.77813136e-01,  8.78001140e-01,  9.57252695e-01, ...,
          0.00000000e+00,  1.18550206e-01,  1.49986344e-01],
        [ 7.60195406e-01,  9.28554596e-01,  9.84793205e-01, ...,
         -1.18550206e-01,  0.00000000e+00,  3.17194752e-02],
        [ 7.80420853e-01,  9.39861495e-01,  9.89808313e-01, ...,
         -1.49986344e-01, -3.17194752e-02,  0.00000000e+00]],

       ...,

       [[ 0.00000000e+00,  7.67358559e-02,  1.69248731e-01, ...,
          6.89804914e-01,  9.53379609e-01,  6.76833876e-01],
        [-7.67358559e-02,  0.00000000e+00,  9.31208779e-02, ...,
          6.32214596e-01,  9.27411671e-01,  6.18350192e-01],
        [-1.69248731e-01, -9.31208779e-02,  0.00000000e+00, ...,
          5.57318069e-01,  8.88550751e-01,  5.42479395e-01],
        ...,
        [-6.89804914e-01, -6.32214596e-01, -5.57318069e-01, ...,
          0.00000000e+00,  4.82077418e-01, -1.77655478e-02],
        [-9.53379609e-01, -9.27411671e-01, -8.88550751e-01, ...,
         -4.82077418e-01,  0.00000000e+00, -4.97566241e-01],
        [-6.76833876e-01, -6.18350192e-01, -5.42479395e-01, ...,
          1.77655478e-02,  4.97566241e-01,  0.00000000e+00]],

       [[ 0.00000000e+00, -3.64532138e-01, -4.75961435e-01, ...,
         -5.82077333e-01, -6.14411126e-01, -6.15681648e-01],
        [ 3.64532138e-01,  0.00000000e+00, -1.22617236e-01, ...,
         -8.38438330e-01, -8.59744760e-01, -8.60566590e-01],
        [ 4.75961435e-01,  1.22617236e-01,  0.00000000e+00, ...,
         -8.98937467e-01, -9.15880715e-01, -9.16526397e-01],
        ...,
        [ 5.82077333e-01,  8.38438330e-01,  8.98937467e-01, ...,
          0.00000000e+00,  4.03473380e-02,  4.19573071e-02],
        [ 6.14411126e-01,  8.59744760e-01,  9.15880715e-01, ...,
         -4.03473380e-02,  0.00000000e+00,  1.61133356e-03],
        [ 6.15681648e-01,  8.60566590e-01,  9.16526397e-01, ...,
         -4.19573071e-02, -1.61133356e-03,  0.00000000e+00]],

       [[ 0.00000000e+00, -2.24235938e-01, -3.51555164e-01, ...,
         -7.76983000e-01, -8.09918263e-01, -8.10427247e-01],
        [ 2.24235938e-01,  0.00000000e+00, -1.32680449e-01, ...,
         -8.98358401e-01, -9.20817567e-01, -9.21155848e-01],
        [ 3.51555164e-01,  1.32680449e-01,  0.00000000e+00, ...,
         -9.48697536e-01, -9.64421022e-01, -9.64650210e-01],
        ...,
        [ 7.76983000e-01,  8.98358401e-01,  9.48697536e-01, ...,
          0.00000000e+00,  5.41272707e-02,  5.49942687e-02],
        [ 8.09918263e-01,  9.20817567e-01,  9.64421022e-01, ...,
         -5.41272707e-02,  0.00000000e+00,  8.68291249e-04],
        [ 8.10427247e-01,  9.21155848e-01,  9.64650210e-01, ...,
         -5.49942687e-02, -8.68291249e-04,  0.00000000e+00]]]), 'num': array([ 2.93257470e+07,  5.19714700e+06,  4.46000000e+02,  5.41000000e+04,
        5.55000000e+04,  5.40000000e+04,  6.33530000e+04, -1.40000000e+03,
        5.51000000e+04,  5.53000000e+04,  5.66266667e+04,  4.09523810e+01,
        5.71514859e+04,  5.34485141e+04])}
{'img': array([[[ 0.00000000e+00, -1.10129631e-01,  4.60132098e-01, ...,
         -9.49678216e-01, -9.99726753e-01, -9.55760155e-01],
        [ 1.10129631e-01,  0.00000000e+00,  5.55111866e-01, ...,
         -9.09405947e-01, -9.91071302e-01, -9.82340801e-01],
        [-4.60132098e-01, -5.55111866e-01,  0.00000000e+00, ...,
         -9.87298142e-01, -8.98363726e-01, -7.13225571e-01],
        ...,
        [ 9.49678216e-01,  9.09405947e-01,  9.87298142e-01, ...,
          0.00000000e+00, -2.90942330e-01, -5.78715196e-01],
        [ 9.99726753e-01,  9.91071302e-01,  8.98363726e-01, ...,
          2.90942330e-01,  0.00000000e+00, -3.16408202e-01],
        [ 9.55760155e-01,  9.82340801e-01,  7.13225571e-01, ...,
          5.78715196e-01,  3.16408202e-01,  0.00000000e+00]],

       [[ 0.00000000e+00, -9.46191873e-02,  2.55731204e-01, ...,
          5.23578758e-01,  6.27896179e-01,  1.50851693e-01],
        [ 9.46191873e-02,  0.00000000e+00,  3.46056779e-01, ...,
          4.40616345e-01,  6.98720988e-01,  2.43711307e-01],
        [-2.55731204e-01, -3.46056779e-01,  0.00000000e+00, ...,
          7.24045853e-01,  4.07982472e-01, -1.06969158e-01],
        ...,
        [-5.23578758e-01, -4.40616345e-01, -7.24045853e-01, ...,
          0.00000000e+00, -9.42453111e-01, -6.46109350e-01],
        [-6.27896179e-01, -6.98720988e-01, -4.07982472e-01, ...,
          9.42453111e-01,  0.00000000e+00, -5.03303353e-01],
        [-1.50851693e-01, -2.43711307e-01,  1.06969158e-01, ...,
          6.46109350e-01,  5.03303353e-01,  0.00000000e+00]],

       [[ 0.00000000e+00, -4.09892382e-01, -4.36752748e-01, ...,
         -7.68235476e-01, -7.88478154e-01, -7.50308492e-01],
        [ 4.09892382e-01,  0.00000000e+00, -2.96453433e-02, ...,
         -9.63133339e-01, -9.71307187e-01, -9.55356684e-01],
        [ 4.36752748e-01,  2.96453433e-02,  0.00000000e+00, ...,
         -9.70685346e-01, -9.77930783e-01, -9.63695649e-01],
        ...,
        [ 7.68235476e-01,  9.63133339e-01,  9.70685346e-01, ...,
          0.00000000e+00,  3.22449483e-02, -2.75481417e-02],
        [ 7.88478154e-01,  9.71307187e-01,  9.77930783e-01, ...,
         -3.22449483e-02,  0.00000000e+00, -5.97665272e-02],
        [ 7.50308492e-01,  9.55356684e-01,  9.63695649e-01, ...,
          2.75481417e-02,  5.97665272e-02,  0.00000000e+00]],

       ...,

       [[ 0.00000000e+00,  9.31208779e-02,  7.52328354e-01, ...,
          9.27411671e-01,  6.18350192e-01,  3.55257648e-01],
        [-9.31208779e-02,  0.00000000e+00,  6.87712398e-01, ...,
          8.88550751e-01,  5.42479395e-01,  2.66667530e-01],
        [-7.52328354e-01, -6.87712398e-01,  0.00000000e+00, ...,
          3.29565397e-01, -1.83894995e-01, -4.69213200e-01],
        ...,
        [-9.27411671e-01, -8.88550751e-01, -3.29565397e-01, ...,
          0.00000000e+00, -4.97566241e-01, -7.34033781e-01],
        [-6.18350192e-01, -5.42479395e-01,  1.83894995e-01, ...,
          4.97566241e-01,  0.00000000e+00, -2.98816292e-01],
        [-3.55257648e-01, -2.66667530e-01,  4.69213200e-01, ...,
          7.34033781e-01,  2.98816292e-01,  0.00000000e+00]],

       [[ 0.00000000e+00, -3.22902099e-01, -5.13415521e-01, ...,
         -6.23945928e-01, -6.25229235e-01, -6.27959086e-01],
        [ 3.22902099e-01,  0.00000000e+00, -2.08817816e-01, ...,
         -8.42860126e-01, -8.43743277e-01, -8.45618188e-01],
        [ 5.13415521e-01,  2.08817816e-01,  0.00000000e+00, ...,
         -9.36650599e-01, -9.37224909e-01, -9.38440656e-01],
        ...,
        [ 6.23945928e-01,  8.42860126e-01,  9.36650599e-01, ...,
          0.00000000e+00,  1.64325430e-03,  5.14598484e-03],
        [ 6.25229235e-01,  8.43743277e-01,  9.37224909e-01, ...,
         -1.64325430e-03,  0.00000000e+00,  3.50274535e-03],
        [ 6.27959086e-01,  8.45618188e-01,  9.38440656e-01, ...,
         -5.14598484e-03, -3.50274535e-03,  0.00000000e+00]],

       [[ 0.00000000e+00, -2.76070241e-01, -2.05731796e-01, ...,
         -8.13753253e-01, -8.14261702e-01, -8.09190148e-01],
        [ 2.76070241e-01,  0.00000000e+00,  7.24281244e-02, ...,
         -9.42583659e-01, -9.42875638e-01, -9.39947167e-01],
        [ 2.05731796e-01, -7.24281244e-02,  0.00000000e+00, ...,
         -9.15919260e-01, -9.16270241e-01, -9.12757356e-01],
        ...,
        [ 8.13753253e-01,  9.42583659e-01,  9.15919260e-01, ...,
          0.00000000e+00,  8.75346192e-04, -7.80835498e-03],
        [ 8.14261702e-01,  9.42875638e-01,  9.16270241e-01, ...,
         -8.75346192e-04,  0.00000000e+00, -8.68367150e-03],
        [ 8.09190148e-01,  9.39947167e-01,  9.12757356e-01, ...,
          7.80835498e-03,  8.68367150e-03,  0.00000000e+00]]]), 'num': array([ 2.88351470e+07,  5.19714700e+06,  4.46000000e+02,  5.30000000e+04,
        5.43000000e+04,  5.29000000e+04,  9.18730000e+04, -1.10000000e+03,
        5.48800000e+04,  5.52700000e+04,  5.64666667e+04,  3.11320755e+01,
        5.72459555e+04,  5.32940445e+04])}
{'img': array([[[ 0.        ,  0.55511187, -0.27775756, ..., -0.9910713 ,
         -0.9823408 , -0.85433767],
        [-0.55511187,  0.        , -0.76430087, ..., -0.89836373,
         -0.71322557, -0.42211551],
        [ 0.27775756,  0.76430087,  0.        , ..., -0.91503961,
         -0.99565542, -0.96507621],
        ...,
        [ 0.9910713 ,  0.89836373,  0.91503961, ...,  0.        ,
         -0.3164082 , -0.62898928],
        [ 0.9823408 ,  0.71322557,  0.99565542, ...,  0.3164082 ,
          0.        , -0.35069362],
        [ 0.85433767,  0.42211551,  0.96507621, ...,  0.62898928,
          0.35069362,  0.        ]],

       [[ 0.        ,  0.34605678,  0.75493756, ...,  0.69872099,
          0.24371131,  0.54075604],
        [-0.34605678,  0.        ,  0.48134978, ...,  0.40798247,
         -0.10696916,  0.2162488 ],
        [-0.75493756, -0.48134978,  0.        , ..., -0.08185912,
         -0.57234949, -0.28041197],
        ...,
        [-0.69872099, -0.40798247,  0.08185912, ...,  0.        ,
         -0.50330335, -0.20089597],
        [-0.24371131,  0.10696916,  0.57234949, ...,  0.50330335,
          0.        ,  0.31944612],
        [-0.54075604, -0.2162488 ,  0.28041197, ...,  0.20089597,
         -0.31944612,  0.        ]],

       [[ 0.        , -0.16151109, -0.33248875, ..., -0.80196265,
         -0.76374825, -0.7203081 ],
        [ 0.16151109,  0.        , -0.1758012 , ..., -0.88791615,
         -0.85797863, -0.82288396],
        [ 0.33248875,  0.1758012 ,  0.        , ..., -0.95495696,
         -0.93492271, -0.90996001],
        ...,
        [ 0.80196265,  0.88791615,  0.95495696, ...,  0.        ,
         -0.06143481, -0.12599135],
        [ 0.76374825,  0.85797863,  0.93492271, ...,  0.06143481,
          0.        , -0.06480811],
        [ 0.7203081 ,  0.82288396,  0.90996001, ...,  0.12599135,
          0.06480811,  0.        ]],

       ...,

       [[ 0.        ,  0.6877124 , -0.16047754, ...,  0.5424794 ,
          0.26666753, -0.2508312 ],
        [-0.6877124 ,  0.        , -0.7953033 , ..., -0.183895  ,
         -0.4692132 , -0.84782606],
        [ 0.16047754,  0.7953033 ,  0.        , ...,  0.67026081,
          0.41787781, -0.09223309],
        ...,
        [-0.5424794 ,  0.183895  , -0.67026081, ...,  0.        ,
         -0.29881629, -0.73585233],
        [-0.26666753,  0.4692132 , -0.41787781, ...,  0.29881629,
          0.        , -0.49989064],
        [ 0.2508312 ,  0.84782606,  0.09223309, ...,  0.73585233,
          0.49989064,  0.        ]],

       [[ 0.        , -0.41618953, -0.59252983, ..., -0.63269792,
         -0.63544822, -0.65346493],
        [ 0.41618953,  0.        , -0.20351342, ..., -0.89759486,
         -0.89915705, -0.9092187 ],
        [ 0.59252983,  0.20351342,  0.        , ..., -0.9685232 ,
         -0.96940241, -0.97491718],
        ...,
        [ 0.63269792,  0.89759486,  0.9685232 , ...,  0.        ,
          0.00355669,  0.0271174 ],
        [ 0.63544822,  0.89915705,  0.96940241, ..., -0.00355669,
          0.        ,  0.02356185],
        [ 0.65346493,  0.9092187 ,  0.97491718, ..., -0.0271174 ,
         -0.02356185,  0.        ]],

       [[ 0.        ,  0.18710373,  0.03664574, ..., -0.91080433,
         -0.90716011, -0.88942069],
        [-0.18710373,  0.        , -0.15097947, ..., -0.81747609,
         -0.81240926, -0.78819051],
        [-0.03664574,  0.15097947,  0.        , ..., -0.8950638 ,
         -0.89113079, -0.8720729 ],
        ...,
        [ 0.91080433,  0.81747609,  0.8950638 , ...,  0.        ,
         -0.00874291, -0.04913218],
        [ 0.90716011,  0.81240926,  0.89113079, ...,  0.00874291,
          0.        , -0.04039796],
        [ 0.88942069,  0.78819051,  0.8720729 , ...,  0.04913218,
          0.04039796,  0.        ]]]), 'num': array([ 2.86773600e+07,  1.06256000e+06,  5.24000000e+02,  5.27000000e+04,
        5.34000000e+04,  5.23000000e+04,  9.57950000e+04, -3.00000000e+02,
        5.44600000e+04,  5.52200000e+04,  5.63066667e+04,  3.33333333e+01,
        5.73931084e+04,  5.30468916e+04])}
{'img': array([[[ 0.        , -0.76430087, -0.98055156, ..., -0.71322557,
         -0.42211551, -0.27086686],
        [ 0.76430087,  0.        , -0.48231532, ..., -0.99565542,
         -0.96507621, -0.91040003],
        [ 0.98055156,  0.48231532,  0.        , ..., -0.82728134,
         -0.97175632, -0.99705621],
        ...,
        [ 0.71322557,  0.99565542,  0.82728134, ...,  0.        ,
         -0.35069362, -0.49670299],
        [ 0.42211551,  0.96507621,  0.97175632, ...,  0.35069362,
          0.        , -0.16078329],
        [ 0.27086686,  0.91040003,  0.99705621, ...,  0.49670299,
          0.16078329,  0.        ]],

       [[ 0.        ,  0.48134978,  0.60207733, ..., -0.10696916,
          0.2162488 ,  0.25427482],
        [-0.48134978,  0.        ,  0.14341015, ..., -0.57234949,
         -0.28041197, -0.24264962],
        [-0.60207733, -0.14341015,  0.        , ..., -0.68403103,
         -0.41516994, -0.37926563],
        ...,
        [ 0.10696916,  0.57234949,  0.68403103, ...,  0.        ,
          0.31944612,  0.35626918],
        [-0.2162488 ,  0.28041197,  0.41516994, ..., -0.31944612,
          0.        ,  0.03911711],
        [-0.25427482,  0.24264962,  0.37926563, ..., -0.35626918,
         -0.03911711,  0.        ]],

       [[ 0.        , -0.29353888, -0.5976433 , ..., -0.7657219 ,
         -0.72225204, -0.62058274],
        [ 0.29353888,  0.        , -0.33596705, ..., -0.92078559,
         -0.89345505, -0.82342016],
        [ 0.5976433 ,  0.33596705,  0.        , ..., -0.99831413,
         -0.99242233, -0.96619633],
        ...,
        [ 0.7657219 ,  0.92078559,  0.99831413, ...,  0.        ,
         -0.06506406, -0.20129259],
        [ 0.72225204,  0.89345505,  0.99242233, ...,  0.06506406,
          0.        , -0.1371338 ],
        [ 0.62058274,  0.82342016,  0.96619633, ...,  0.20129259,
          0.1371338 ,  0.        ]],

       ...,

       [[ 0.        , -0.7953033 , -0.92949537, ..., -0.4692132 ,
         -0.84782606, -0.77183319],
        [ 0.7953033 ,  0.        , -0.27013626, ...,  0.41787781,
         -0.09223309,  0.03777945],
        [ 0.92949537,  0.27013626,  0.        , ...,  0.64776166,
          0.18018073,  0.3063183 ],
        ...,
        [ 0.4692132 , -0.41787781, -0.64776166, ...,  0.        ,
         -0.49989064, -0.38325674],
        [ 0.84782606,  0.09223309, -0.18018073, ...,  0.49989064,
          0.        ,  0.12978566],
        [ 0.77183319, -0.03777945, -0.3063183 , ...,  0.38325674,
         -0.12978566,  0.        ]],

       [[ 0.        , -0.45333194, -0.41133957, ..., -0.64838037,
         -0.66660825, -0.69332166],
        [ 0.45333194,  0.        ,  0.04655985, ..., -0.92305762,
         -0.93209314, -0.94467036],
        [ 0.41133957, -0.04655985,  0.        , ..., -0.90414677,
         -0.91421744, -0.92837325],
        ...,
        [ 0.64838037,  0.92305762,  0.90414677, ...,  0.        ,
          0.02419182,  0.06059604],
        [ 0.66660825,  0.93209314,  0.91421744, ..., -0.02419182,
          0.        ,  0.03643094],
        [ 0.69332166,  0.94467036,  0.92837325, ..., -0.06059604,
         -0.03643094,  0.        ]],

       [[ 0.        , -0.15097947, -0.59414067, ..., -0.81240926,
         -0.78819051, -0.74489514],
        [ 0.15097947,  0.        , -0.46588795, ..., -0.89113079,
         -0.8720729 , -0.83708705],
        [ 0.59414067,  0.46588795,  0.        , ..., -0.99990653,
         -0.99964261, -0.99556441],
        ...,
        [ 0.81240926,  0.89113079,  0.99990653, ...,  0.        ,
         -0.04039796, -0.10768532],
        [ 0.78819051,  0.8720729 ,  0.99964261, ...,  0.04039796,
          0.        , -0.06743437],
        [ 0.74489514,  0.83708705,  0.99556441, ...,  0.10768532,
          0.06743437,  0.        ]]]), 'num': array([2.89477330e+07, 1.66533000e+05, 5.41000000e+02, 5.32000000e+04,
       5.35000000e+04, 5.23000000e+04, 6.98710000e+04, 5.00000000e+02,
       5.37000000e+04, 5.51250000e+04, 5.61400000e+04, 3.72549020e+01,
       5.74701013e+04, 5.27798987e+04])}
{'img': array([[[ 0.        , -0.63644171, -0.63644171, ..., -0.82842122,
         -0.71986072, -0.87411723],
        [ 0.63644171,  0.        ,  0.        , ..., -0.9954564 ,
         -0.99701242, -0.98335759],
        [ 0.63644171,  0.        ,  0.        , ..., -0.9954564 ,
         -0.99701242, -0.98335759],
        ...,
        [ 0.82842122,  0.9954564 ,  0.9954564 , ...,  0.        ,
         -0.1718245 ,  0.08722134],
        [ 0.71986072,  0.99701242,  0.99701242, ...,  0.1718245 ,
          0.        ,  0.25709382],
        [ 0.87411723,  0.98335759,  0.98335759, ..., -0.08722134,
         -0.25709382,  0.        ]],

       [[ 0.        ,  0.14341015, -0.52761355, ..., -0.28041197,
         -0.24264962, -0.50225368],
        [-0.14341015,  0.        , -0.64398449, ..., -0.41516994,
         -0.37926563, -0.62107172],
        [ 0.52761355,  0.64398449,  0.        , ...,  0.26823994,
          0.30571819,  0.02958145],
        ...,
        [ 0.28041197,  0.41516994, -0.26823994, ...,  0.        ,
          0.03911711, -0.23962521],
        [ 0.24264962,  0.37926563, -0.30571819, ..., -0.03911711,
          0.        , -0.27741926],
        [ 0.50225368,  0.62107172, -0.02958145, ...,  0.23962521,
          0.27741926,  0.        ]],

       [[ 0.        , -0.53894283, -0.73719901, ..., -0.72883941,
         -0.62667679, -0.31087609],
        [ 0.53894283,  0.        , -0.25682338, ..., -0.9829382 ,
         -0.94786338, -0.77410255],
        [ 0.73719901,  0.25682338,  0.        , ..., -0.99720793,
         -0.99791418, -0.91072254],
        ...,
        [ 0.72883941,  0.9829382 ,  0.99720793, ...,  0.        ,
         -0.13889345, -0.47987365],
        [ 0.62667679,  0.94786338,  0.99791418, ...,  0.13889345,
          0.        , -0.35336595],
        [ 0.31087609,  0.77410255,  0.91072254, ...,  0.47987365,
          0.35336595,  0.        ]],

       ...,

       [[ 0.        , -0.27013626, -0.16417027, ..., -0.09223309,
          0.03777945,  0.24493492],
        [ 0.27013626,  0.        ,  0.10840429, ...,  0.18018073,
          0.3063183 ,  0.49773654],
        [ 0.16417027, -0.10840429,  0.        , ...,  0.07248881,
          0.20131993,  0.40078122],
        ...,
        [ 0.09223309, -0.18018073, -0.07248881, ...,  0.        ,
          0.12978566,  0.3333145 ],
        [-0.03777945, -0.3063183 , -0.20131993, ..., -0.12978566,
          0.        ,  0.2081314 ],
        [-0.24493492, -0.49773654, -0.40078122, ..., -0.3333145 ,
         -0.2081314 ,  0.        ]],

       [[ 0.        ,  0.2042109 , -0.01583844, ..., -0.815054  ,
         -0.83615171, -0.84643263],
        [-0.2042109 ,  0.        , -0.21968996, ..., -0.67956157,
         -0.70652211, -0.71985424],
        [ 0.01583844,  0.21968996,  0.        , ..., -0.82412832,
         -0.84473419, -0.85476036],
        ...,
        [ 0.815054  ,  0.67956157,  0.82412832, ...,  0.        ,
          0.03739809,  0.05639752],
        [ 0.83615171,  0.70652211,  0.84473419, ..., -0.03739809,
          0.        ,  0.01901951],
        [ 0.84643263,  0.71985424,  0.85476036, ..., -0.05639752,
         -0.01901951,  0.        ]],

       [[ 0.        , -0.57979477, -0.73349008, ..., -0.78991648,
         -0.7466091 , -0.69242517],
        [ 0.57979477,  0.        , -0.20353366, ..., -0.9991329 ,
         -0.99402514, -0.98247806],
        [ 0.73349008,  0.20353366,  0.        , ..., -0.98669307,
         -0.99543413, -0.99984703],
        ...,
        [ 0.78991648,  0.9991329 ,  0.98669307, ...,  0.        ,
         -0.06767071, -0.14531148],
        [ 0.7466091 ,  0.99402514,  0.99543413, ...,  0.06767071,
          0.        , -0.07802593],
        [ 0.69242517,  0.98247806,  0.99984703, ...,  0.14531148,
          0.07802593,  0.        ]]]), 'num': array([ 2.83515260e+07,  1.13326000e+05,  5.42000000e+02,  5.21000000e+04,
        5.28000000e+04,  5.19000000e+04,  7.17930000e+04, -1.10000000e+03,
        5.30200000e+04,  5.49350000e+04,  5.59866667e+04,  3.42342342e+01,
        5.75930256e+04,  5.22769744e+04])}
{'img': array([[[ 0.        ,  0.        ,  0.25775872, ..., -0.99481565,
         -0.95963955, -0.92176243],
        [ 0.        ,  0.        ,  0.25775872, ..., -0.99481565,
         -0.95963955, -0.92176243],
        [-0.25775872, -0.25775872,  0.        , ..., -0.98741286,
         -0.9997029 , -0.79066819],
        ...,
        [ 0.99481565,  0.99481565,  0.98741286, ...,  0.        ,
          0.18218453, -0.47948327],
        [ 0.95963955,  0.95963955,  0.9997029 , ..., -0.18218453,
          0.        , -0.63133503],
        [ 0.92176243,  0.92176243,  0.79066819, ...,  0.47948327,
          0.63133503,  0.        ]],

       [[ 0.        , -0.64398449, -0.62429928, ..., -0.37926563,
         -0.62107172, -0.60271567],
        [ 0.64398449,  0.        ,  0.02545818, ...,  0.30571819,
          0.02958145,  0.05277059],
        [ 0.62429928, -0.02545818,  0.        , ...,  0.28137982,
          0.00412482,  0.02733078],
        ...,
        [ 0.37926563, -0.30571819, -0.28137982, ...,  0.        ,
         -0.27741926, -0.25504819],
        [ 0.62107172, -0.02958145, -0.00412482, ...,  0.27741926,
          0.        ,  0.02320726],
        [ 0.60271567, -0.05277059, -0.02733078, ...,  0.25504819,
         -0.02320726,  0.        ]],

       [[ 0.        , -0.55968757, -0.69166109, ..., -0.74535599,
         -0.5385515 , -0.        ],
        [ 0.55968757,  0.        , -0.16896331, ..., -0.99080432,
         -0.91788822, -0.55968757],
        [ 0.69166109,  0.16896331,  0.        , ..., -0.99942005,
         -0.97174237, -0.69166109],
        ...,
        [ 0.74535599,  0.99080432,  0.99942005, ...,  0.        ,
         -0.2689971 , -0.74535599],
        [ 0.5385515 ,  0.91788822,  0.97174237, ...,  0.2689971 ,
          0.        , -0.5385515 ],
        [ 0.        ,  0.55968757,  0.69166109, ...,  0.74535599,
          0.5385515 ,  0.        ]],

       ...,

       [[ 0.        ,  0.10840429,  0.40669003, ...,  0.3063183 ,
          0.49773654,  0.35368998],
        [-0.10840429,  0.        ,  0.30525886, ...,  0.20131993,
          0.40078122,  0.25020831],
        [-0.40669003, -0.30525886,  0.        , ..., -0.10729805,
          0.10198152, -0.05728347],
        ...,
        [-0.3063183 , -0.20131993,  0.10729805, ...,  0.        ,
          0.2081314 ,  0.05016909],
        [-0.49773654, -0.40078122, -0.10198152, ..., -0.2081314 ,
          0.        , -0.15879888],
        [-0.35368998, -0.25020831,  0.05728347, ..., -0.05016909,
          0.15879888,  0.        ]],

       [[ 0.        , -0.21968996, -0.4355286 , ..., -0.70652211,
         -0.71985424, -0.74012738],
        [ 0.21968996,  0.        , -0.22712914, ..., -0.84473419,
         -0.85476036, -0.86978006],
        [ 0.4355286 ,  0.22712914,  0.        , ..., -0.94421312,
         -0.95030611, -0.95912257],
        ...,
        [ 0.70652211,  0.84473419,  0.94421312, ...,  0.        ,
          0.01901951,  0.04866889],
        [ 0.71985424,  0.85476036,  0.95030611, ..., -0.01901951,
          0.        ,  0.02966311],
        [ 0.74012738,  0.86978006,  0.95912257, ..., -0.04866889,
         -0.02966311,  0.        ]],

       [[ 0.        , -0.52492022, -0.60360243, ..., -0.77570511,
         -0.72087852, -0.58672778],
        [ 0.52492022,  0.        , -0.09524581, ..., -0.99151733,
         -0.97737875, -0.92446631],
        [ 0.60360243,  0.09524581,  0.        , ..., -0.99938921,
         -0.99307953, -0.95657726],
        ...,
        [ 0.77570511,  0.99151733,  0.99938921, ...,  0.        ,
         -0.08266809, -0.25787249],
        [ 0.72087852,  0.97737875,  0.99307953, ...,  0.08266809,
          0.        , -0.17711767],
        [ 0.58672778,  0.92446631,  0.95657726, ...,  0.25787249,
          0.17711767,  0.        ]]]), 'num': array([ 2.78637260e+07,  1.13326000e+05,  5.42000000e+02,  5.12000000e+04,
        5.24000000e+04,  5.10000000e+04,  5.80810000e+04, -9.00000000e+02,
        5.24400000e+04,  5.46950000e+04,  5.58583333e+04,  3.10924370e+01,
        5.77605995e+04,  5.16294005e+04])}
{'img': array([[[ 0.        ,  0.24359772,  0.08499432, ..., -0.90500659,
         -0.9910713 , -0.89836373],
        [-0.24359772,  0.        , -0.16028226, ..., -0.98137037,
         -0.99369623, -0.76430087],
        [-0.08499432,  0.16028226,  0.        , ..., -0.93788814,
         -0.99881759, -0.85777898],
        ...,
        [ 0.90500659,  0.98137037,  0.93788814, ...,  0.        ,
         -0.30093211, -0.77968799],
        [ 0.9910713 ,  0.99369623,  0.99881759, ...,  0.30093211,
          0.        , -0.55511187],
        [ 0.89836373,  0.76430087,  0.85777898, ...,  0.77968799,
          0.55511187,  0.        ]],

       [[ 0.        ,  0.02545818, -0.19150095, ...,  0.02958145,
          0.05277059, -0.12700718],
        [-0.02545818,  0.        , -0.21642589, ...,  0.00412482,
          0.02733078, -0.15221803],
        [ 0.19150095,  0.21642589,  0.        , ...,  0.22045111,
          0.24302806,  0.06529355],
        ...,
        [-0.02958145, -0.00412482, -0.22045111, ...,  0.        ,
          0.02320726, -0.15629349],
        [-0.05277059, -0.02733078, -0.24302806, ..., -0.02320726,
          0.        , -0.17917345],
        [ 0.12700718,  0.15221803, -0.06529355, ...,  0.15629349,
          0.17917345,  0.        ]],

       [[ 0.        , -0.45300213, -0.70666612, ..., -0.71135766,
         -0.50484922, -0.        ],
        [ 0.45300213,  0.        , -0.30947914, ..., -0.95256564,
         -0.8411127 , -0.45300213],
        [ 0.70666612,  0.30947914,  0.        , ..., -0.99998538,
         -0.96720416, -0.70666612],
        ...,
        [ 0.71135766,  0.95256564,  0.99998538, ...,  0.        ,
         -0.25922603, -0.71135766],
        [ 0.50484922,  0.8411127 ,  0.96720416, ...,  0.25922603,
          0.        , -0.50484922],
        [ 0.        ,  0.45300213,  0.70666612, ...,  0.71135766,
          0.50484922,  0.        ]],

       ...,

       [[ 0.        ,  0.30525886, -0.12655619, ...,  0.40078122,
          0.25020831,  0.07003022],
        [-0.30525886,  0.        , -0.42332   , ...,  0.10198152,
         -0.05728347, -0.23782178],
        [ 0.12655619,  0.42332   ,  0.        , ...,  0.51350617,
          0.37072719,  0.19571261],
        ...,
        [-0.40078122, -0.10198152, -0.51350617, ...,  0.        ,
         -0.15879888, -0.33563739],
        [-0.25020831,  0.05728347, -0.37072719, ...,  0.15879888,
          0.        , -0.18179132],
        [-0.07003022,  0.23782178, -0.19571261, ...,  0.33563739,
          0.18179132,  0.        ]],

       [[ 0.        , -0.38318214, -0.47690048, ..., -0.72348247,
         -0.74378732, -0.76960052],
        [ 0.38318214,  0.        , -0.10369927, ..., -0.93278809,
         -0.94314133, -0.95553071],
        [ 0.47690048,  0.10369927,  0.        , ..., -0.96513499,
         -0.97252537, -0.9809592 ],
        ...,
        [ 0.72348247,  0.93278809,  0.96513499, ...,  0.        ,
          0.02988067,  0.06932602],
        [ 0.74378732,  0.94314133,  0.97252537, ..., -0.02988067,
          0.        ,  0.03948628],
        [ 0.76960052,  0.95553071,  0.9809592 , ..., -0.06932602,
         -0.03948628,  0.        ]],

       [[ 0.        , -0.33616603, -0.53605667, ..., -0.74381916,
         -0.60727822, -0.29052151],
        [ 0.33616603,  0.        , -0.22107434, ..., -0.92521788,
         -0.83901658, -0.59528062],
        [ 0.53605667,  0.22107434,  0.        , ..., -0.9862088 ,
         -0.9385446 , -0.75818875],
        ...,
        [ 0.74381916,  0.92521788,  0.9862088 , ...,  0.        ,
         -0.18506314, -0.51755806],
        [ 0.60727822,  0.83901658,  0.9385446 , ...,  0.18506314,
          0.        , -0.35026916],
        [ 0.29052151,  0.59528062,  0.75818875, ...,  0.51755806,
          0.35026916,  0.        ]]]), 'num': array([ 2.68881260e+07,  1.13326000e+05,  5.42000000e+02,  4.94000000e+04,
        5.15000000e+04,  4.94000000e+04,  7.37030000e+04, -1.80000000e+03,
        5.17200000e+04,  5.43650000e+04,  5.57000000e+04,  2.82442748e+01,
        5.81371479e+04,  5.05928521e+04])}
{'img': array([[[ 0.        , -0.14564415, -0.10595758, ..., -0.98067561,
         -0.99996266, -0.71804178],
        [ 0.14564415,  0.        ,  0.0399965 , ..., -0.94172475,
         -0.98804141, -0.81175366],
        [ 0.10595758, -0.0399965 ,  0.        , ..., -0.9544254 ,
         -0.99341781, -0.78774615],
        ...,
        [ 0.98067561,  0.94172475,  0.9544254 , ...,  0.        ,
         -0.18715839, -0.82302855],
        [ 0.99996266,  0.98804141,  0.99341781, ...,  0.18715839,
          0.        , -0.70217946],
        [ 0.71804178,  0.81175366,  0.78774615, ...,  0.82302855,
          0.70217946,  0.        ]],

       [[ 0.        , -0.21642589,  0.06071799, ...,  0.02733078,
         -0.15221803,  0.04987945],
        [ 0.21642589,  0.        ,  0.27530549, ...,  0.24302806,
          0.06529355,  0.26485376],
        [-0.06071799, -0.27530549,  0.        , ..., -0.03341495,
         -0.21194762, -0.01085498],
        ...,
        [-0.02733078, -0.24302806,  0.03341495, ...,  0.        ,
         -0.17917345,  0.02256406],
        [ 0.15221803, -0.06529355,  0.21194762, ...,  0.17917345,
          0.        ,  0.20132676],
        [-0.04987945, -0.26485376,  0.01085498, ..., -0.02256406,
         -0.20132676,  0.        ]],

       [[ 0.        , -0.57019368, -0.67356232, ..., -0.7116668 ,
         -0.54988515, -0.        ],
        [ 0.57019368,  0.        , -0.13189088, ..., -0.98521245,
         -0.92798504, -0.57019368],
        [ 0.67356232,  0.13189088,  0.        , ..., -0.99920368,
         -0.96902323, -0.67356232],
        ...,
        [ 0.7116668 ,  0.98521245,  0.99920368, ...,  0.        ,
         -0.20810902, -0.7116668 ],
        [ 0.54988515,  0.92798504,  0.96902323, ...,  0.20810902,
          0.        , -0.54988515],
        [ 0.        ,  0.57019368,  0.67356232, ...,  0.7116668 ,
          0.54988515,  0.        ]],

       ...,

       [[ 0.        , -0.42332   , -0.5622515 , ..., -0.05728347,
         -0.23782178, -0.42062707],
        [ 0.42332   ,  0.        , -0.15931738, ...,  0.37072719,
          0.19571261,  0.00297033],
        [ 0.5622515 ,  0.15931738,  0.        , ...,  0.51395676,
          0.34944925,  0.16224907],
        ...,
        [ 0.05728347, -0.37072719, -0.51395676, ...,  0.        ,
         -0.18179132, -0.36796688],
        [ 0.23782178, -0.19571261, -0.34944925, ...,  0.18179132,
          0.        , -0.19279886],
        [ 0.42062707, -0.00297033, -0.16224907, ...,  0.36796688,
          0.19279886,  0.        ]],

       [[ 0.        , -0.30136049, -0.27398671, ..., -0.75540357,
         -0.78127805, -0.83228233],
        [ 0.30136049,  0.        ,  0.02857933, ..., -0.91775449,
         -0.9330608 , -0.96064954],
        [ 0.27398671, -0.02857933,  0.        , ..., -0.90602939,
         -0.92239915, -0.95231885],
        ...,
        [ 0.75540357,  0.91775449,  0.90602939, ...,  0.        ,
          0.04042995,  0.12660171],
        [ 0.78127805,  0.9330608 ,  0.92239915, ..., -0.04042995,
          0.        ,  0.08639356],
        [ 0.83228233,  0.96064954,  0.95231885, ..., -0.12660171,
         -0.08639356,  0.        ]],

       [[ 0.        , -0.41559187, -0.57531131, ..., -0.79337668,
         -0.65087999, -0.        ],
        [ 0.41559187,  0.        , -0.18334815, ..., -0.97460038,
         -0.90751798, -0.41559187],
        [ 0.57531131,  0.18334815,  0.        , ..., -0.99914002,
         -0.96914243, -0.57531131],
        ...,
        [ 0.79337668,  0.97460038,  0.99914002, ...,  0.        ,
         -0.20610538, -0.79337668],
        [ 0.65087999,  0.90751798,  0.96914243, ...,  0.20610538,
          0.        , -0.65087999],
        [ 0.        ,  0.41559187,  0.57531131, ...,  0.79337668,
          0.65087999,  0.        ]]]), 'num': array([ 2.67082140e+07,  1.39226140e+07,  2.62000000e+02,  4.88000000e+04,
        5.00000000e+04,  4.85500000e+04,  8.50160000e+04, -6.00000000e+02,
        5.09400000e+04,  5.39550000e+04,  5.55133333e+04,  2.74074074e+01,
        5.82400788e+04,  4.96699212e+04])}
{'img': array([[[ 0.        ,  0.03884864, -0.0562212 , ..., -0.97197832,
         -0.97677093, -0.79770079],
        [-0.03884864,  0.        , -0.09496596, ..., -0.98037675,
         -0.96770884, -0.77367081],
        [ 0.0562212 ,  0.09496596,  0.        , ..., -0.95722503,
         -0.98727343, -0.83034349],
        ...,
        [ 0.97197832,  0.98037675,  0.95722503, ...,  0.        ,
         -0.43789156, -0.77367081],
        [ 0.97677093,  0.96770884,  0.98727343, ...,  0.43789156,
          0.        , -0.41810882],
        [ 0.79770079,  0.77367081,  0.83034349, ...,  0.77367081,
          0.41810882,  0.        ]],

       [[ 0.        ,  0.27530549,  0.59266027, ...,  0.06529355,
          0.26485376,  0.38341259],
        [-0.27530549,  0.        ,  0.34801247, ..., -0.21194762,
         -0.01085498,  0.11433043],
        [-0.59266027, -0.34801247,  0.        , ..., -0.53880474,
         -0.35816841, -0.23854686],
        ...,
        [-0.06529355,  0.21194762,  0.53880474, ...,  0.        ,
          0.20132676,  0.32229079],
        [-0.26485376,  0.01085498,  0.35816841, ..., -0.20132676,
          0.        ,  0.1251075 ],
        [-0.38341259, -0.11433043,  0.23854686, ..., -0.32229079,
         -0.1251075 ,  0.        ]],

       [[ 0.        , -0.13144383, -0.12476093, ..., -0.98022781,
         -0.90641196, -0.52403795],
        [ 0.13144383,  0.        ,  0.00673838, ..., -0.99773207,
         -0.95406877, -0.63144124],
        [ 0.12476093, -0.00673838,  0.        , ..., -0.99725586,
         -0.95202838, -0.6262018 ],
        ...,
        [ 0.98022781,  0.99773207,  0.99725586, ...,  0.        ,
         -0.23468932, -0.73116245],
        [ 0.90641196,  0.95406877,  0.95202838, ...,  0.23468932,
          0.        , -0.55063555],
        [ 0.52403795,  0.63144124,  0.6262018 , ...,  0.73116245,
          0.55063555,  0.        ]],

       ...,

       [[ 0.        , -0.15931738, -0.05362578, ...,  0.19571261,
          0.00297033, -0.06308753],
        [ 0.15931738,  0.        ,  0.1061473 , ...,  0.34944925,
          0.16224907,  0.09671828],
        [ 0.05362578, -0.1061473 ,  0.        , ...,  0.24801972,
          0.0565916 , -0.0094778 ],
        ...,
        [-0.19571261, -0.34944925, -0.24801972, ...,  0.        ,
         -0.19279886, -0.25719025],
        [-0.00297033, -0.16224907, -0.0565916 , ...,  0.19279886,
          0.        , -0.06605167],
        [ 0.06308753, -0.09671828,  0.0094778 , ...,  0.25719025,
          0.06605167,  0.        ]],

       [[ 0.        ,  0.12921658, -0.143748  , ..., -0.86018793,
         -0.90149   , -0.91122648],
        [-0.12921658,  0.        , -0.27041745, ..., -0.78707894,
         -0.83800734, -0.85036207],
        [ 0.143748  ,  0.27041745,  0.        , ..., -0.92456249,
         -0.95434154, -0.9609734 ],
        ...,
        [ 0.86018793,  0.78707894,  0.92456249, ...,  0.        ,
          0.08745006,  0.1103884 ],
        [ 0.90149   ,  0.83800734,  0.95434154, ..., -0.08745006,
          0.        ,  0.02304988],
        [ 0.91122648,  0.85036207,  0.9609734 , ..., -0.1103884 ,
         -0.02304988,  0.        ]],

       [[ 0.        , -0.4063199 , -0.55783031, ..., -0.82072056,
         -0.60253451, -0.        ],
        [ 0.4063199 ,  0.        , -0.17247954, ..., -0.9820604 ,
         -0.87483539, -0.4063199 ],
        [ 0.55783031,  0.17247954,  0.        , ..., -0.99986624,
         -0.94527692, -0.55783031],
        ...,
        [ 0.82072056,  0.9820604 ,  0.99986624, ...,  0.        ,
         -0.31076526, -0.82072056],
        [ 0.60253451,  0.87483539,  0.94527692, ...,  0.31076526,
          0.        , -0.60253451],
        [ 0.        ,  0.4063199 ,  0.55783031, ...,  0.82072056,
          0.60253451,  0.        ]]]), 'num': array([ 2.57358400e+07,  8.11459000e+06,  3.81000000e+02,  4.62500000e+04,
        4.91000000e+04,  4.61500000e+04,  1.19063000e+05, -2.55000000e+03,
        4.95500000e+04,  5.34675000e+04,  5.52958333e+04,  2.30529595e+01,
        5.88011924e+04,  4.81338076e+04])}
{'img': array([[[ 0.        , -0.08517026,  0.09281892, ..., -0.98651003,
         -0.99788978, -0.720658  ],
        [ 0.08517026,  0.        ,  0.17728423, ..., -0.96898302,
         -0.98873369, -0.77708718],
        [-0.09281892, -0.17728423,  0.        , ..., -0.99744581,
         -0.99960869, -0.65319643],
        ...,
        [ 0.98651003,  0.96898302,  0.99744581, ...,  0.        ,
         -0.09930059, -0.80191057],
        [ 0.99788978,  0.98873369,  0.99960869, ...,  0.09930059,
          0.        , -0.73862056],
        [ 0.720658  ,  0.77708718,  0.65319643, ...,  0.80191057,
          0.73862056,  0.        ]],

       [[ 0.        ,  0.34801247, -0.03105456, ..., -0.01085498,
          0.11433043,  0.42837089],
        [-0.34801247,  0.        , -0.37695796, ..., -0.35816841,
         -0.23854686,  0.08712827],
        [ 0.03105456,  0.37695796,  0.        , ...,  0.02020298,
          0.14512621,  0.45622527],
        ...,
        [ 0.01085498,  0.35816841, -0.02020298, ...,  0.        ,
          0.1251075 ,  0.43815425],
        [-0.11433043,  0.23854686, -0.14512621, ..., -0.1251075 ,
          0.        ,  0.32225265],
        [-0.42837089, -0.08712827, -0.45622527, ..., -0.43815425,
         -0.32225265,  0.        ]],

       [[ 0.        ,  0.00624119,  0.07878449, ..., -0.99998084,
         -0.97974541, -0.59429456],
        [-0.00624119,  0.        ,  0.07256116, ..., -0.99992274,
         -0.97847655, -0.58926352],
        [-0.07878449, -0.07256116,  0.        , ..., -0.99638491,
         -0.96092367, -0.52908507],
        ...,
        [ 0.99998084,  0.99992274,  0.99638491, ...,  0.        ,
         -0.19417888, -0.80055348],
        [ 0.97974541,  0.97847655,  0.96092367, ...,  0.19417888,
          0.        , -0.66895197],
        [ 0.59429456,  0.58926352,  0.52908507, ...,  0.80055348,
          0.66895197,  0.        ]],

       ...,

       [[ 0.        ,  0.09932545,  0.3109113 , ...,  0.15263919,
          0.09041431, -0.53439786],
        [-0.09932545,  0.        ,  0.21497106, ...,  0.05372283,
         -0.00895142, -0.61570842],
        [-0.3109113 , -0.21497106,  0.        , ..., -0.16219381,
         -0.22370459, -0.77070504],
        ...,
        [-0.15263919, -0.05372283,  0.16219381, ...,  0.        ,
         -0.06265917, -0.65715146],
        [-0.09041431,  0.00895142,  0.22370459, ...,  0.06265917,
          0.        , -0.60863026],
        [ 0.53439786,  0.61570842,  0.77070504, ...,  0.65715146,
          0.60863026,  0.        ]],

       [[ 0.        , -0.27041745, -0.37536272, ..., -0.83800734,
         -0.85036207, -0.90747351],
        [ 0.27041745,  0.        , -0.11073391, ..., -0.95434154,
         -0.9609734 , -0.98726881],
        [ 0.37536272,  0.11073391,  0.        , ..., -0.9815506 ,
         -0.98569701, -0.9988106 ],
        ...,
        [ 0.83800734,  0.95434154,  0.9815506 , ...,  0.        ,
          0.02304988,  0.14311638],
        [ 0.85036207,  0.9609734 ,  0.98569701, ..., -0.02304988,
          0.        ,  0.12026575],
        [ 0.90747351,  0.98726881,  0.9988106 , ..., -0.14311638,
         -0.12026575,  0.        ]],

       [[ 0.        , -0.37868562, -0.4625941 , ..., -0.8530873 ,
         -0.71290699, -0.        ],
        [ 0.37868562,  0.        , -0.09241119, ..., -0.98714005,
         -0.92537005, -0.37868562],
        [ 0.4625941 ,  0.09241119,  0.        , ..., -0.99768866,
         -0.95644017, -0.4625941 ],
        ...,
        [ 0.8530873 ,  0.98714005,  0.99768866, ...,  0.        ,
         -0.2262626 , -0.8530873 ],
        [ 0.71290699,  0.92537005,  0.95644017, ...,  0.2262626 ,
          0.        , -0.71290699],
        [ 0.        ,  0.37868562,  0.4625941 , ...,  0.8530873 ,
          0.71290699,  0.        ]]]), 'num': array([2.68371060e+07, 5.75550600e+06, 4.32000000e+02, 4.88000000e+04,
       4.88000000e+04, 4.61500000e+04, 7.47420000e+04, 2.55000000e+03,
       4.88900000e+04, 5.31175000e+04, 5.51175000e+04, 3.25136612e+01,
       5.87056370e+04, 4.75293630e+04])}
{'img': array([[[ 0.        ,  0.17728423,  0.77708718, ..., -0.98873369,
         -0.77708718, -0.98873369],
        [-0.17728423,  0.        ,  0.65319643, ..., -0.99960869,
         -0.65319643, -0.99960869],
        [-0.77708718, -0.65319643,  0.        , ..., -0.73862056,
         -0.        , -0.73862056],
        ...,
        [ 0.98873369,  0.99960869,  0.73862056, ...,  0.        ,
         -0.73862056,  0.        ],
        [ 0.77708718,  0.65319643,  0.        , ...,  0.73862056,
          0.        ,  0.73862056],
        [ 0.98873369,  0.99960869,  0.73862056, ...,  0.        ,
         -0.73862056,  0.        ]],

       [[ 0.        , -0.37695796, -0.09265696, ..., -0.23854686,
          0.08712827, -0.34686227],
        [ 0.37695796,  0.        ,  0.28951462, ...,  0.14512621,
          0.45622527,  0.03228055],
        [ 0.09265696, -0.28951462,  0.        , ..., -0.1475386 ,
          0.17905805, -0.25846565],
        ...,
        [ 0.23854686, -0.14512621,  0.1475386 , ...,  0.        ,
          0.32225265, -0.11311177],
        [-0.08712827, -0.45622527, -0.17905805, ..., -0.32225265,
          0.        , -0.4272622 ],
        [ 0.34686227, -0.03228055,  0.25846565, ...,  0.11311177,
          0.4272622 ,  0.        ]],

       [[ 0.        ,  0.07026126,  0.21555231, ..., -0.99617859,
         -0.88903229, -0.57383202],
        [-0.07026126,  0.        ,  0.14641002, ..., -0.98758007,
         -0.85466643, -0.5148718 ],
        [-0.21555231, -0.14641002,  0.        , ..., -0.95393446,
         -0.76944374, -0.38381102],
        ...,
        [ 0.99617859,  0.98758007,  0.95393446, ...,  0.        ,
         -0.37844715, -0.76572512],
        [ 0.88903229,  0.85466643,  0.76944374, ...,  0.37844715,
          0.        , -0.46536762],
        [ 0.57383202,  0.5148718 ,  0.38381102, ...,  0.76572512,
          0.46536762,  0.        ]],

       ...,

       [[ 0.        ,  0.21497106,  0.77053158, ..., -0.00895142,
         -0.61570842,  0.31803221],
        [-0.21497106,  0.        ,  0.61549393, ..., -0.22370459,
         -0.77070504,  0.10678701],
        [-0.77053158, -0.61549393,  0.        , ..., -0.77620636,
         -0.99961258, -0.5278112 ],
        ...,
        [ 0.00895142,  0.22370459,  0.77620636, ...,  0.        ,
         -0.60863026,  0.32650614],
        [ 0.61570842,  0.77070504,  0.99961258, ...,  0.60863026,
          0.        ,  0.83434192],
        [-0.31803221, -0.10678701,  0.5278112 , ..., -0.32650614,
         -0.83434192,  0.        ]],

       [[ 0.        , -0.26787368, -0.34162906, ..., -0.85586197,
         -0.91248875, -0.90401004],
        [ 0.26787368,  0.        , -0.07738687, ..., -0.96312909,
         -0.98872858, -0.98549113],
        [ 0.34162906,  0.07738687,  0.        , ..., -0.98106094,
         -0.99734981, -0.99567042],
        ...,
        [ 0.85586197,  0.96312909,  0.98106094, ...,  0.        ,
          0.12180843,  0.10166727],
        [ 0.91248875,  0.98872858,  0.99734981, ..., -0.12180843,
          0.        , -0.02026705],
        [ 0.90401004,  0.98549113,  0.99567042, ..., -0.10166727,
          0.02026705,  0.        ]],

       [[ 0.        , -0.27352052, -0.28491424, ..., -0.80558202,
         -0.46572994, -0.        ],
        [ 0.27352052,  0.        , -0.01186545, ..., -0.93691869,
         -0.69001553, -0.27352052],
        [ 0.28491424,  0.01186545,  0.        , ..., -0.94100027,
         -0.69855511, -0.28491424],
        ...,
        [ 0.80558202,  0.93691869,  0.94100027, ...,  0.        ,
         -0.43694354, -0.80558202],
        [ 0.46572994,  0.69001553,  0.69855511, ...,  0.43694354,
          0.        , -0.46572994],
        [ 0.        ,  0.27352052,  0.28491424, ...,  0.80558202,
          0.46572994,  0.        ]]]), 'num': array([2.70119780e+07, 2.38782800e+06, 5.01000000e+02, 4.91500000e+04,
       5.03000000e+04, 4.91000000e+04, 6.81780000e+04, 3.50000000e+02,
       4.84800000e+04, 5.27950000e+04, 5.49533333e+04, 3.58974359e+01,
       5.85157430e+04, 4.70742570e+04])}
{'img': array([[[ 0.        ,  0.65319643,  0.1041243 , ..., -0.65319643,
         -0.99960869, -0.99951872],
        [-0.65319643,  0.        , -0.57080413, ..., -0.        ,
         -0.73862056, -0.77708718],
        [-0.1041243 ,  0.57080413,  0.        , ..., -0.57080413,
         -0.99126247, -0.99731571],
        ...,
        [ 0.65319643,  0.        ,  0.57080413, ...,  0.        ,
          0.73862056,  0.77708718],
        [ 0.99960869,  0.73862056,  0.99126247, ..., -0.73862056,
          0.        ,  0.05896851],
        [ 0.99951872,  0.77708718,  0.99731571, ..., -0.77708718,
         -0.05896851,  0.        ]],

       [[ 0.        ,  0.28951462,  0.09918378, ...,  0.45622527,
          0.03228055, -0.04645336],
        [-0.28951462,  0.        , -0.19315097, ...,  0.17905805,
         -0.25846565, -0.33366601],
        [-0.09918378,  0.19315097,  0.        , ...,  0.36571558,
         -0.06701071, -0.14530102],
        ...,
        [-0.45622527, -0.17905805, -0.36571558, ...,  0.        ,
         -0.4272622 , -0.49706995],
        [-0.03228055,  0.25846565,  0.06701071, ...,  0.4272622 ,
          0.        , -0.07867486],
        [ 0.04645336,  0.33366601,  0.14530102, ...,  0.49706995,
          0.07867486,  0.        ]],

       [[ 0.        ,  0.14374296,  0.26790334, ..., -0.90876754,
         -0.78619629, -0.50659377],
        [-0.14374296,  0.        ,  0.12663264, ..., -0.83934571,
         -0.68920186, -0.37739981],
        [-0.26790334, -0.12663264,  0.        , ..., -0.76375146,
         -0.59189944, -0.25709342],
        ...,
        [ 0.90876754,  0.83934571,  0.76375146, ...,  0.        ,
         -0.23351545, -0.57212266],
        [ 0.78619629,  0.68920186,  0.59189944, ...,  0.23351545,
          0.        , -0.36478332],
        [ 0.50659377,  0.37739981,  0.25709342, ...,  0.57212266,
          0.36478332,  0.        ]],

       ...,

       [[ 0.        ,  0.61549393,  0.58929899, ..., -0.77070504,
          0.10678701,  0.28538704],
        [-0.61549393,  0.        , -0.03281573, ..., -0.99961258,
         -0.5278112 , -0.36497158],
        [-0.58929899,  0.03281573,  0.        , ..., -0.99816083,
         -0.49965451, -0.33422296],
        ...,
        [ 0.77070504,  0.99961258,  0.99816083, ...,  0.        ,
          0.83434192,  0.92049959],
        [-0.10678701,  0.5278112 ,  0.49965451, ..., -0.83434192,
          0.        ,  0.18140919],
        [-0.28538704,  0.36497158,  0.33422296, ..., -0.92049959,
         -0.18140919,  0.        ]],

       [[ 0.        , -0.21803387, -0.34486865, ..., -0.91734057,
         -0.90897279, -0.89094011],
        [ 0.21803387,  0.        , -0.13191383, ..., -0.98207047,
         -0.97799261, -0.96851888],
        [ 0.34486865,  0.13191383,  0.        , ..., -0.99835597,
         -0.99696855, -0.99289382],
        ...,
        [ 0.91734057,  0.98207047,  0.99835597, ...,  0.        ,
         -0.02053329, -0.06189719],
        [ 0.90897279,  0.97799261,  0.99696855, ...,  0.02053329,
          0.        , -0.04139023],
        [ 0.89094011,  0.96851888,  0.99289382, ...,  0.06189719,
          0.04139023,  0.        ]],

       [[ 0.        , -0.08036753, -0.21631577, ..., -0.59589653,
         -0.40252407, -0.        ],
        [ 0.08036753,  0.        , -0.13715135, ..., -0.65850903,
         -0.47479122, -0.08036753],
        [ 0.21631577,  0.13715135,  0.        , ..., -0.75550256,
         -0.59101118, -0.21631577],
        ...,
        [ 0.59589653,  0.65850903,  0.75550256, ...,  0.        ,
         -0.22223781, -0.59589653],
        [ 0.40252407,  0.47479122,  0.59101118, ...,  0.22223781,
          0.        , -0.40252407],
        [ 0.        ,  0.08036753,  0.21631577, ...,  0.59589653,
          0.40252407,  0.        ]]]), 'num': array([2.71923190e+07, 6.55871900e+06, 4.16000000e+02, 4.96000000e+04,
       4.97500000e+04, 4.86000000e+04, 5.62680000e+04, 4.50000000e+02,
       4.85200000e+04, 5.24900000e+04, 5.47800000e+04, 3.49710983e+01,
       5.82091433e+04, 4.67708567e+04])}
{'img': array([[[ 0.        , -0.57080413, -0.74440209, ..., -0.73862056,
         -0.77708718, -0.82033381],
        [ 0.57080413,  0.        , -0.23007436, ..., -0.99126247,
         -0.99731571, -0.99999913],
        [ 0.74440209,  0.23007436,  0.        , ..., -0.99501769,
         -0.98740713, -0.97347521],
        ...,
        [ 0.73862056,  0.99126247,  0.99501769, ...,  0.        ,
          0.05896851,  0.13059858],
        [ 0.77708718,  0.99731571,  0.98740713, ..., -0.05896851,
          0.        ,  0.07190785],
        [ 0.82033381,  0.99999913,  0.97347521, ..., -0.13059858,
         -0.07190785,  0.        ]],

       [[ 0.        , -0.19315097, -0.43058604, ..., -0.25846565,
         -0.33366601, -0.48238059],
        [ 0.19315097,  0.        , -0.24814938, ..., -0.06701071,
         -0.14530102, -0.30410405],
        [ 0.43058604,  0.24814938,  0.        , ...,  0.18267686,
          0.10475963, -0.05819549],
        ...,
        [ 0.25846565,  0.06701071, -0.18267686, ...,  0.        ,
         -0.07867486, -0.2395835 ],
        [ 0.33366601,  0.14530102, -0.10475963, ...,  0.07867486,
          0.        , -0.16245736],
        [ 0.48238059,  0.30410405,  0.05819549, ...,  0.2395835 ,
          0.16245736,  0.        ]],

       [[ 0.        ,  0.12663264,  0.10181798, ..., -0.68920186,
         -0.37739981, -0.48206149],
        [-0.12663264,  0.        , -0.02497622, ..., -0.59189944,
         -0.25709342, -0.36723316],
        [-0.10181798,  0.02497622,  0.        , ..., -0.61184592,
         -0.2811499 , -0.3903497 ],
        ...,
        [ 0.68920186,  0.59189944,  0.61184592, ...,  0.        ,
         -0.36478332, -0.25454852],
        [ 0.37739981,  0.25709342,  0.2811499 , ...,  0.36478332,
          0.        ,  0.11575916],
        [ 0.48206149,  0.36723316,  0.3903497 , ...,  0.25454852,
         -0.11575916,  0.        ]],

       ...,

       [[ 0.        , -0.03281573, -0.23147868, ..., -0.5278112 ,
         -0.36497158, -0.40944818],
        [ 0.03281573,  0.        , -0.19942956, ..., -0.49965451,
         -0.33422296, -0.37928877],
        [ 0.23147868,  0.19942956,  0.        , ..., -0.3168667 ,
         -0.13954797, -0.18714183],
        ...,
        [ 0.5278112 ,  0.49965451,  0.3168667 , ...,  0.        ,
          0.18140919,  0.13377017],
        [ 0.36497158,  0.33422296,  0.13954797, ..., -0.18140919,
          0.        , -0.04822814],
        [ 0.40944818,  0.37928877,  0.18714183, ..., -0.13377017,
          0.04822814,  0.        ]],

       [[ 0.        , -0.27214693, -0.44574714, ..., -0.91219555,
         -0.89429681, -0.86113586],
        [ 0.27214693,  0.        , -0.18530798, ..., -0.98927898,
         -0.98232096, -0.96698556],
        [ 0.44574714,  0.18530798,  0.        , ..., -0.99920717,
         -0.99999814, -0.9974601 ],
        ...,
        [ 0.91219555,  0.98927898,  0.99920717, ...,  0.        ,
         -0.0417413 , -0.11088246],
        [ 0.89429681,  0.98232096,  0.99999814, ...,  0.0417413 ,
          0.        , -0.06930191],
        [ 0.86113586,  0.96698556,  0.9974601 , ...,  0.11088246,
          0.06930191,  0.        ]],

       [[ 0.        , -0.19856651, -0.31555243, ..., -0.50577308,
         -0.32687663, -0.        ],
        [ 0.19856651,  0.        , -0.12084759, ..., -0.66699852,
         -0.50802633, -0.19856651],
        [ 0.31555243,  0.12084759,  0.        , ..., -0.75214872,
         -0.60839409, -0.31555243],
        ...,
        [ 0.50577308,  0.66699852,  0.75214872, ...,  0.        ,
         -0.19600392, -0.50577308],
        [ 0.32687663,  0.50802633,  0.60839409, ...,  0.19600392,
          0.        , -0.32687663],
        [ 0.        ,  0.19856651,  0.31555243, ...,  0.50577308,
          0.32687663,  0.        ]]]), 'num': array([ 2.69523760e+07,  3.43347600e+06,  4.79000000e+02,  4.91000000e+04,
        4.96000000e+04,  4.82500000e+04,  5.70560000e+04, -5.00000000e+02,
        4.85800000e+04,  5.21900000e+04,  5.45666667e+04,  2.46794872e+01,
        5.79592807e+04,  4.64207193e+04])}
{'img': array([[[ 0.        , -0.55540657, -0.28711961, ..., -0.80521538,
         -0.84810727, -0.8       ],
        [ 0.55540657,  0.        ,  0.2932584 , ..., -0.99894651,
         -0.99953619, -0.9985071 ],
        [ 0.28711961, -0.2932584 ,  0.        , ..., -0.94156847,
         -0.96452051, -0.93858756],
        ...,
        [ 0.80521538,  0.99894651,  0.94156847, ...,  0.        ,
          0.07628984, -0.00874326],
        [ 0.84810727,  0.99953619,  0.96452051, ..., -0.07628984,
          0.        , -0.08500471],
        [ 0.8       ,  0.9985071 ,  0.93858756, ...,  0.00874326,
          0.08500471,  0.        ]],

       [[ 0.        , -0.24814938, -0.52950526, ..., -0.14530102,
         -0.30410405, -0.29272174],
        [ 0.24814938,  0.        , -0.30243651, ...,  0.10475963,
         -0.05819549, -0.04628606],
        [ 0.52950526,  0.30243651,  0.        , ...,  0.40062607,
          0.24645378,  0.2579939 ],
        ...,
        [ 0.14530102, -0.10475963, -0.40062607, ...,  0.        ,
         -0.16245736, -0.15067873],
        [ 0.30410405,  0.05819549, -0.24645378, ...,  0.16245736,
          0.        ,  0.0119255 ],
        [ 0.29272174,  0.04628606, -0.2579939 , ...,  0.15067873,
         -0.0119255 ,  0.        ]],

       [[ 0.        , -0.02497622,  0.25709342, ..., -0.25709342,
         -0.36723316, -0.42920353],
        [ 0.02497622,  0.        ,  0.2811499 , ..., -0.2811499 ,
         -0.3903497 , -0.45162835],
        [-0.25709342, -0.2811499 ,  0.        , ..., -0.        ,
         -0.11575916, -0.18256774],
        ...,
        [ 0.25709342,  0.2811499 ,  0.        , ...,  0.        ,
          0.11575916,  0.18256774],
        [ 0.36723316,  0.3903497 ,  0.11575916, ..., -0.11575916,
          0.        ,  0.06752676],
        [ 0.42920353,  0.45162835,  0.18256774, ..., -0.18256774,
         -0.06752676,  0.        ]],

       ...,

       [[ 0.        , -0.19942956, -0.05666991, ..., -0.33422296,
         -0.37928877, -0.89780195],
        [ 0.19942956,  0.        ,  0.14357753, ..., -0.13954797,
         -0.18714183, -0.79193839],
        [ 0.05666991, -0.14357753,  0.        , ..., -0.28027479,
         -0.3262438 , -0.87140176],
        ...,
        [ 0.33422296,  0.13954797,  0.28027479, ...,  0.        ,
         -0.04822814, -0.69898138],
        [ 0.37928877,  0.18714183,  0.3262438 , ...,  0.04822814,
          0.        , -0.66367815],
        [ 0.89780195,  0.79193839,  0.87140176, ...,  0.69898138,
          0.66367815,  0.        ]],

       [[ 0.        , -0.36345286, -0.57339491, ..., -0.89953614,
         -0.86664896, -0.83549117],
        [ 0.36345286,  0.        , -0.23641258, ..., -0.99679225,
         -0.98871441, -0.97807285],
        [ 0.57339491,  0.23641258,  0.        , ..., -0.98745665,
         -0.99610467, -0.99958319],
        ...,
        [ 0.89953614,  0.99679225,  0.98745665, ...,  0.        ,
         -0.07020271, -0.12931733],
        [ 0.86664896,  0.98871441,  0.99610467, ...,  0.07020271,
          0.        , -0.05938503],
        [ 0.83549117,  0.97807285,  0.99958319, ...,  0.12931733,
          0.05938503,  0.        ]],

       [[ 0.        , -0.24515388, -0.17526054, ..., -0.46712785,
         -0.34676007, -0.        ],
        [ 0.24515388,  0.        ,  0.07144708, ..., -0.66963561,
         -0.56612143, -0.24515388],
        [ 0.17526054, -0.07144708,  0.        , ..., -0.61486126,
         -0.50577925, -0.17526054],
        ...,
        [ 0.46712785,  0.66963561,  0.61486126, ...,  0.        ,
         -0.13154266, -0.46712785],
        [ 0.34676007,  0.56612143,  0.50577925, ...,  0.13154266,
          0.        , -0.34676007],
        [ 0.        ,  0.24515388,  0.17526054, ...,  0.46712785,
          0.34676007,  0.        ]]]), 'num': array([ 2.68767590e+07,  2.25490900e+06,  5.03000000e+02,  4.89500000e+04,
        4.99000000e+04,  4.84500000e+04,  4.43800000e+04, -1.50000000e+02,
        4.91200000e+04,  5.18925000e+04,  5.43741667e+04,  2.70175439e+01,
        5.76857094e+04,  4.60992906e+04])}
{'img': array([[[ 0.        ,  0.4913402 ,  0.21751918, ..., -0.99945926,
         -0.99290844, -0.98934611],
        [-0.4913402 ,  0.        , -0.29012339, ..., -0.85434076,
         -0.80637993, -0.79015798],
        [-0.21751918,  0.29012339,  0.        , ..., -0.96837589,
         -0.94327527, -0.93399025],
        ...,
        [ 0.99945926,  0.85434076,  0.96837589, ...,  0.        ,
         -0.08616894, -0.11297262],
        [ 0.99290844,  0.80637993,  0.94327527, ...,  0.08616894,
          0.        , -0.02693513],
        [ 0.98934611,  0.79015798,  0.93399025, ...,  0.11297262,
          0.02693513,  0.        ]],

       [[ 0.        , -0.30243651, -0.61295069, ..., -0.05819549,
         -0.04628606, -0.27225907],
        [ 0.30243651,  0.        , -0.34528443, ...,  0.24645378,
          0.2579939 ,  0.03150261],
        [ 0.61295069,  0.34528443,  0.        , ...,  0.56593038,
          0.57572214,  0.3746782 ],
        ...,
        [ 0.05819549, -0.24645378, -0.56593038, ...,  0.        ,
          0.0119255 , -0.21580056],
        [ 0.04628606, -0.2579939 , -0.57572214, ..., -0.0119255 ,
          0.        , -0.22742971],
        [ 0.27225907, -0.03150261, -0.3746782 , ...,  0.21580056,
          0.22742971,  0.        ]],

       [[ 0.        ,  0.2811499 ,  0.20158624, ..., -0.3903497 ,
         -0.45162835, -0.68388211],
        [-0.2811499 ,  0.        , -0.08192308, ..., -0.11575916,
         -0.18256774, -0.45117208],
        [-0.20158624,  0.08192308,  0.        , ..., -0.19674239,
         -0.26250028, -0.52276672],
        ...,
        [ 0.3903497 ,  0.11575916,  0.19674239, ...,  0.        ,
          0.06752676,  0.34483123],
        [ 0.45162835,  0.18256774,  0.26250028, ..., -0.06752676,
          0.        ,  0.28065916],
        [ 0.68388211,  0.45117208,  0.52276672, ..., -0.34483123,
         -0.28065916,  0.        ]],

       ...,

       [[ 0.        ,  0.14357753,  0.14357753, ..., -0.18714183,
         -0.79193839, -0.63348171],
        [-0.14357753,  0.        ,  0.        , ..., -0.3262438 ,
         -0.87140176, -0.73801247],
        [-0.14357753,  0.        ,  0.        , ..., -0.3262438 ,
         -0.87140176, -0.73801247],
        ...,
        [ 0.18714183,  0.3262438 ,  0.3262438 , ...,  0.        ,
         -0.66367815, -0.47748751],
        [ 0.79193839,  0.87140176,  0.87140176, ...,  0.66367815,
          0.        ,  0.22596382],
        [ 0.63348171,  0.73801247,  0.73801247, ...,  0.47748751,
         -0.22596382,  0.        ]],

       [[ 0.        , -0.46807368, -0.59803587, ..., -0.87662293,
         -0.84576577, -0.80674436],
        [ 0.46807368,  0.        , -0.15333127, ..., -0.99988917,
         -0.99713704, -0.9894965 ],
        [ 0.59803587,  0.15333127,  0.        , ..., -0.99034808,
         -0.99693998, -0.99996063],
        ...,
        [ 0.87662293,  0.99988917,  0.99034808, ...,  0.        ,
         -0.06076215, -0.12980943],
        [ 0.84576577,  0.99713704,  0.99693998, ...,  0.06076215,
          0.        , -0.06932154],
        [ 0.80674436,  0.9894965 ,  0.99996063, ...,  0.12980943,
          0.06932154,  0.        ]],

       [[ 0.        ,  0.17101948,  0.11963893, ..., -0.6127723 ,
         -0.48600068, -0.17101948],
        [-0.17101948,  0.        , -0.05191476, ..., -0.46859496,
         -0.32937683, -0.        ],
        [-0.11963893,  0.05191476,  0.        , ..., -0.51382524,
         -0.37795051, -0.05191476],
        ...,
        [ 0.6127723 ,  0.46859496,  0.51382524, ...,  0.        ,
         -0.15147086, -0.46859496],
        [ 0.48600068,  0.32937683,  0.37795051, ...,  0.15147086,
          0.        , -0.32937683],
        [ 0.17101948,  0.        ,  0.05191476, ...,  0.46859496,
          0.32937683,  0.        ]]]), 'num': array([ 2.42015370e+07,  6.88287000e+05,  5.35000000e+02,  4.39500000e+04,
        4.82000000e+04,  4.29500000e+04,  9.36400000e+05, -5.00000000e+03,
        4.81500000e+04,  5.13450000e+04,  5.41183333e+04,  2.15686275e+01,
        5.79153805e+04,  4.47746195e+04])}
{'img': array([[[ 0.        , -0.26922637, -0.59587537, ..., -0.93055433,
         -0.92307692, -0.        ],
        [ 0.26922637,  0.        , -0.35766433, ..., -0.99477367,
         -0.99254269, -0.26922637],
        [ 0.59587537,  0.35766433,  0.        , ..., -0.96548877,
         -0.97048461, -0.59587537],
        ...,
        [ 0.93055433,  0.99477367,  0.96548877, ...,  0.        ,
         -0.01991735, -0.93055433],
        [ 0.92307692,  0.99254269,  0.97048461, ...,  0.01991735,
          0.        , -0.92307692],
        [ 0.        ,  0.26922637,  0.59587537, ...,  0.93055433,
          0.92307692,  0.        ]],

       [[ 0.        , -0.17712735,  0.21394289, ...,  0.12899457,
          0.01577325,  0.17712735],
        [ 0.17712735,  0.        ,  0.38358618, ...,  0.3026024 ,
          0.19262916,  0.        ],
        [-0.21394289, -0.38358618,  0.        , ..., -0.08614761,
         -0.19850823,  0.38358618],
        ...,
        [-0.12899457, -0.3026024 ,  0.08614761, ...,  0.        ,
         -0.11333705,  0.3026024 ],
        [-0.01577325, -0.19262916,  0.19850823, ...,  0.11333705,
          0.        ,  0.19262916],
        [-0.17712735, -0.        , -0.38358618, ..., -0.3026024 ,
         -0.19262916,  0.        ]],

       [[ 0.        , -0.0808121 , -0.45829908, ..., -0.36836535,
         -0.54045383, -0.        ],
        [ 0.0808121 ,  0.        , -0.38497452, ..., -0.44229003,
         -0.60667937, -0.0808121 ],
        [ 0.45829908,  0.38497452,  0.        , ..., -0.7534744 ,
         -0.86595509, -0.45829908],
        ...,
        [ 0.36836535,  0.44229003,  0.7534744 , ...,  0.        ,
          0.19251681, -0.36836535],
        [ 0.54045383,  0.60667937,  0.86595509, ..., -0.19251681,
          0.        , -0.54045383],
        [ 0.        ,  0.0808121 ,  0.45829908, ...,  0.36836535,
          0.54045383,  0.        ]],

       ...,

       [[ 0.        ,  0.        , -0.33588451, ..., -0.81407081,
         -0.69568659, -0.99686656],
        [ 0.        ,  0.        , -0.33588451, ..., -0.81407081,
         -0.69568659, -0.99686656],
        [ 0.33588451,  0.33588451,  0.        , ..., -0.5717057 ,
         -0.41398831, -0.91238279],
        ...,
        [ 0.81407081,  0.81407081,  0.5717057 , ...,  0.        ,
          0.18075318, -0.51455157],
        [ 0.69568659,  0.69568659,  0.41398831, ..., -0.18075318,
          0.        , -0.66106465],
        [ 0.99686656,  0.99686656,  0.91238279, ...,  0.51455157,
          0.66106465,  0.        ]],

       [[ 0.        , -0.4086233 , -0.60749317, ..., -0.86326373,
         -0.82465207, -0.85747612],
        [ 0.4086233 ,  0.        , -0.22988125, ..., -0.9941574 ,
         -0.98379634, -0.99286754],
        [ 0.60749317,  0.22988125,  0.        , ..., -0.99234596,
         -0.9986643 , -0.99368431],
        ...,
        [ 0.86326373,  0.9941574 ,  0.99234596, ...,  0.        ,
         -0.07205104, -0.01135593],
        [ 0.82465207,  0.98379634,  0.9986643 , ...,  0.07205104,
          0.        ,  0.06071998],
        [ 0.85747612,  0.99286754,  0.99368431, ...,  0.01135593,
         -0.06071998,  0.        ]],

       [[ 0.        , -0.04916676, -0.1316308 , ..., -0.66851326,
         -0.60824797, -0.        ],
        [ 0.04916676,  0.        , -0.08273266, ..., -0.70427008,
         -0.64653832, -0.04916676],
        [ 0.1316308 ,  0.08273266,  0.        , ..., -0.76059025,
         -0.70743705, -0.1316308 ],
        ...,
        [ 0.66851326,  0.70427008,  0.76059025, ...,  0.        ,
         -0.07827628, -0.66851326],
        [ 0.60824797,  0.64653832,  0.70743705, ...,  0.07827628,
          0.        , -0.60824797],
        [ 0.        ,  0.04916676,  0.1316308 , ...,  0.66851326,
          0.60824797,  0.        ]]]), 'num': array([ 2.40916500e+07,  7.29000000e+04,  5.49000000e+02,  4.37500000e+04,
        4.43500000e+04,  4.31000000e+04,  2.95787000e+05, -2.00000000e+02,
        4.70700000e+04,  5.07725000e+04,  5.38441667e+04,  2.27138643e+01,
        5.78734489e+04,  4.36715511e+04])}
{'img': array([[[ 0.        , -0.5441171 , -0.76765204, ..., -0.9344718 ,
         -0.22118354, -0.        ],
        [ 0.5441171 ,  0.        , -0.29536057, ..., -0.97775642,
         -0.71621556, -0.5441171 ],
        [ 0.76765204,  0.29536057,  0.        , ..., -0.87218467,
         -0.89038819, -0.76765204],
        ...,
        [ 0.9344718 ,  0.97775642,  0.87218467, ...,  0.        ,
         -0.83257743, -0.9344718 ],
        [ 0.22118354,  0.71621556,  0.89038819, ...,  0.83257743,
          0.        , -0.22118354],
        [ 0.        ,  0.5441171 ,  0.76765204, ...,  0.9344718 ,
          0.22118354,  0.        ]],

       [[ 0.        ,  0.38358618,  0.47796096, ...,  0.19262916,
          0.        ,  0.90619043],
        [-0.38358618,  0.        ,  0.10446453, ..., -0.19850823,
          0.38358618,  0.67466444],
        [-0.47796096, -0.10446453,  0.        , ..., -0.29980772,
          0.47796096,  0.59386525],
        ...,
        [-0.19262916,  0.19850823,  0.29980772, ...,  0.        ,
          0.19262916,  0.80776189],
        [-0.        , -0.38358618, -0.47796096, ..., -0.19262916,
          0.        , -0.90619043],
        [-0.90619043, -0.67466444, -0.59386525, ..., -0.80776189,
          0.90619043,  0.        ]],

       [[ 0.        , -0.43448887, -0.60617035, ..., -0.72237898,
         -0.54648057, -0.        ],
        [ 0.43448887,  0.        , -0.20039968, ..., -0.95107819,
         -0.85607476, -0.43448887],
        [ 0.60617035,  0.20039968,  0.        , ..., -0.99369837,
         -0.9422856 , -0.60617035],
        ...,
        [ 0.72237898,  0.95107819,  0.99369837, ...,  0.        ,
         -0.22708214, -0.72237898],
        [ 0.54648057,  0.85607476,  0.9422856 , ...,  0.22708214,
          0.        , -0.54648057],
        [ 0.        ,  0.43448887,  0.60617035, ...,  0.72237898,
          0.54648057,  0.        ]],

       ...,

       [[ 0.        , -0.33588451, -0.30221446, ..., -0.69568659,
         -0.99686656, -0.91926853],
        [ 0.33588451,  0.        ,  0.03552178, ..., -0.41398831,
         -0.91238279, -0.7336474 ],
        [ 0.30221446, -0.03552178,  0.        , ..., -0.44606188,
         -0.92634741, -0.75732252],
        ...,
        [ 0.69568659,  0.41398831,  0.44606188, ...,  0.        ,
         -0.66106465, -0.38650855],
        [ 0.99686656,  0.91238279,  0.92634741, ...,  0.66106465,
          0.        ,  0.319682  ],
        [ 0.91926853,  0.7336474 ,  0.75732252, ...,  0.38650855,
         -0.319682  ,  0.        ]],

       [[ 0.        , -0.48191327, -0.56351474, ..., -0.83790514,
         -0.87038807, -0.86479519],
        [ 0.48191327,  0.        , -0.09565084, ..., -0.99722425,
         -0.99992837, -0.9997305 ],
        [ 0.56351474,  0.09565084,  0.        , ..., -0.99977377,
         -0.9964885 , -0.99736721],
        ...,
        [ 0.83790514,  0.99722425,  0.99977377, ...,  0.        ,
          0.06251534,  0.05128604],
        [ 0.87038807,  0.99992837,  0.9964885 , ..., -0.06251534,
          0.        , -0.01124735],
        [ 0.86479519,  0.9997305 ,  0.99736721, ..., -0.05128604,
          0.01124735,  0.        ]],

       [[ 0.        , -0.1172972 , -0.36569114, ..., -0.75847886,
         -0.53987493, -0.        ],
        [ 0.1172972 ,  0.        , -0.25399397, ..., -0.82968528,
         -0.63488245, -0.1172972 ],
        [ 0.36569114,  0.25399397,  0.        , ..., -0.94426384,
         -0.81029996, -0.36569114],
        ...,
        [ 0.75847886,  0.82968528,  0.94426384, ...,  0.        ,
         -0.28661076, -0.75847886],
        [ 0.53987493,  0.63488245,  0.81029996, ...,  0.28661076,
          0.        , -0.53987493],
        [ 0.        ,  0.1172972 ,  0.36569114, ...,  0.75847886,
          0.53987493,  0.        ]]]), 'num': array([ 2.33121390e+07,  5.97039000e+05,  5.37000000e+02,  4.23000000e+04,
        4.34000000e+04,  4.20500000e+04,  3.46855000e+05, -1.45000000e+03,
        4.56100000e+04,  5.01825000e+04,  5.35508333e+04,  2.12707182e+01,
        5.80038346e+04,  4.23611654e+04])}
{'img': array([[[ 0.        , -0.5950604 , -0.37658918, ..., -0.60325812,
         -0.5693635 , -0.        ],
        [ 0.5950604 ,  0.        ,  0.24859471, ..., -0.95941513,
         -0.94677737, -0.5950604 ],
        [ 0.37658918, -0.24859471,  0.        , ..., -0.85919368,
         -0.83703582, -0.37658918],
        ...,
        [ 0.60325812,  0.95941513,  0.85919368, ...,  0.        ,
         -0.0418364 , -0.60325812],
        [ 0.5693635 ,  0.94677737,  0.83703582, ...,  0.0418364 ,
          0.        , -0.5693635 ],
        [ 0.        ,  0.5950604 ,  0.37658918, ...,  0.60325812,
          0.5693635 ,  0.        ]],

       [[ 0.        ,  0.10631374,  0.36461212, ...,  0.37574994,
          0.67896625,  0.76347755],
        [-0.10631374,  0.        ,  0.26355068, ...,  0.47214361,
          0.597066  ,  0.69048957],
        [-0.36461212, -0.26355068,  0.        , ...,  0.68777687,
          0.36453878,  0.47544032],
        ...,
        [-0.37574994, -0.47214361, -0.68777687, ...,  0.        ,
         -0.90507648, -0.95020297],
        [-0.67896625, -0.597066  , -0.36453878, ...,  0.90507648,
          0.        ,  0.12202217],
        [-0.76347755, -0.69048957, -0.47544032, ...,  0.95020297,
         -0.12202217,  0.        ]],

       [[ 0.        , -0.43456857, -0.50394946, ..., -0.76882386,
         -0.60953284, -0.        ],
        [ 0.43456857,  0.        , -0.07852513, ..., -0.97032204,
         -0.89347783, -0.43456857],
        [ 0.50394946,  0.07852513,  0.        , ..., -0.98631448,
         -0.9259851 , -0.50394946],
        ...,
        [ 0.76882386,  0.97032204,  0.98631448, ...,  0.        ,
         -0.2197212 , -0.76882386],
        [ 0.60953284,  0.89347783,  0.9259851 , ...,  0.2197212 ,
          0.        , -0.60953284],
        [ 0.        ,  0.43456857,  0.50394946, ...,  0.76882386,
          0.60953284,  0.        ]],

       ...,

       [[ 0.        ,  0.03512902,  0.53371952, ..., -0.83857394,
         -0.7139147 , -0.91660924],
        [-0.03512902,  0.        ,  0.50368284, ..., -0.85719422,
         -0.73807255, -0.93008753],
        [-0.53371952, -0.50368284,  0.        , ..., -0.99991363,
         -0.97745807, -0.98851389],
        ...,
        [ 0.83857394,  0.85719422,  0.99991363, ...,  0.        ,
          0.19826485, -0.16410883],
        [ 0.7139147 ,  0.73807255,  0.97745807, ..., -0.19826485,
          0.        , -0.35642784],
        [ 0.91660924,  0.93008753,  0.98851389, ...,  0.16410883,
          0.35642784,  0.        ]],

       [[ 0.        , -0.32246629, -0.43657627, ..., -0.88850038,
         -0.88305043, -0.89949426],
        [ 0.32246629,  0.        , -0.12314242, ..., -0.98900954,
         -0.98720508, -0.99234016],
        [ 0.43657627,  0.12314242,  0.        , ..., -0.99968901,
         -0.99932724, -0.99999992],
        ...,
        [ 0.88850038,  0.98900954,  0.99968901, ...,  0.        ,
         -0.01174322,  0.02454146],
        [ 0.88305043,  0.98720508,  0.99932724, ...,  0.01174322,
          0.        ,  0.03627945],
        [ 0.89949426,  0.99234016,  0.99999992, ..., -0.02454146,
         -0.03627945,  0.        ]],

       [[ 0.        , -0.33331035, -0.4121262 , ..., -0.73088905,
         -0.56130171, -0.        ],
        [ 0.33331035,  0.        , -0.08487167, ..., -0.91657783,
         -0.80505629, -0.33331035],
        [ 0.4121262 ,  0.08487167,  0.        , ..., -0.94720719,
         -0.8524973 , -0.4121262 ],
        ...,
        [ 0.73088905,  0.91657783,  0.94720719, ...,  0.        ,
         -0.22180567, -0.73088905],
        [ 0.56130171,  0.80505629,  0.8524973 , ...,  0.22180567,
          0.        , -0.56130171],
        [ 0.        ,  0.33331035,  0.4121262 , ...,  0.73088905,
          0.56130171,  0.        ]]]), 'num': array([ 2.30411090e+07,  3.85509000e+05,  5.42000000e+02,  4.18000000e+04,
        4.22500000e+04,  4.13000000e+04,  1.47224000e+05, -5.00000000e+02,
        4.41500000e+04,  4.95325000e+04,  5.32708333e+04,  1.85082873e+01,
        5.78554968e+04,  4.12095032e+04])}
{'img': array([[[ 0.        ,  0.32074138,  0.        , ..., -0.94959003,
         -0.78260592, -0.52083309],
        [-0.32074138,  0.        , -0.32074138, ..., -0.79886952,
         -0.54159125, -0.2195122 ],
        [ 0.        ,  0.32074138,  0.        , ..., -0.94959003,
         -0.78260592, -0.52083309],
        ...,
        [ 0.94959003,  0.79886952,  0.94959003, ...,  0.        ,
         -0.34579375, -0.64734735],
        [ 0.78260592,  0.54159125,  0.78260592, ...,  0.34579375,
          0.        , -0.34385054],
        [ 0.52083309,  0.2195122 ,  0.52083309, ...,  0.64734735,
          0.34385054,  0.        ]],

       [[ 0.        ,  0.26355068, -0.19640408, ...,  0.597066  ,
          0.69048957,  0.220414  ],
        [-0.26355068,  0.        , -0.44787784, ...,  0.36453878,
          0.47544032, -0.04444764],
        [ 0.19640408,  0.44787784,  0.        , ...,  0.74299077,
          0.81910832,  0.40769481],
        ...,
        [-0.597066  , -0.36453878, -0.74299077, ...,  0.        ,
          0.12202217, -0.40556762],
        [-0.69048957, -0.47544032, -0.81910832, ..., -0.12202217,
          0.        , -0.51407317],
        [-0.220414  ,  0.04444764, -0.40769481, ...,  0.40556762,
          0.51407317,  0.        ]],

       [[ 0.        , -0.26231182, -0.4772126 , ..., -0.79490493,
         -0.59548422, -0.        ],
        [ 0.26231182,  0.        , -0.22998568, ..., -0.92622338,
         -0.78536491, -0.26231182],
        [ 0.4772126 ,  0.22998568,  0.        , ..., -0.98809393,
         -0.90668117, -0.4772126 ],
        ...,
        [ 0.79490493,  0.92622338,  0.98809393, ...,  0.        ,
         -0.27729986, -0.79490493],
        [ 0.59548422,  0.78536491,  0.90668117, ...,  0.27729986,
          0.        , -0.59548422],
        [ 0.        ,  0.26231182,  0.4772126 , ...,  0.79490493,
          0.59548422,  0.        ]],

       ...,

       [[ 0.        ,  0.4735009 ,  0.34337268, ..., -0.62156354,
         -0.70961262, -0.95808861],
        [-0.4735009 ,  0.        , -0.14227131, ..., -0.91839246,
         -0.95864703, -0.97952282],
        [-0.34337268,  0.14227131,  0.        , ..., -0.85275772,
         -0.90840528, -0.99820275],
        ...,
        [ 0.62156354,  0.91839246,  0.85275772, ...,  0.        ,
         -0.11793608, -0.57247133],
        [ 0.70961262,  0.95864703,  0.90840528, ...,  0.11793608,
          0.        , -0.47177745],
        [ 0.95808861,  0.97952282,  0.99820275, ...,  0.57247133,
          0.47177745,  0.        ]],

       [[ 0.        , -0.30672285, -0.4180803 , ..., -0.89063764,
         -0.90683742, -0.88828666],
        [ 0.30672285,  0.        , -0.11929822, ..., -0.987179  ,
         -0.99240456, -0.98634482],
        [ 0.4180803 ,  0.11929822,  0.        , ..., -0.99917106,
         -0.99999298, -0.99894843],
        ...,
        [ 0.89063764,  0.987179  ,  0.99917106, ...,  0.        ,
          0.03696497, -0.00514431],
        [ 0.90683742,  0.99240456,  0.99999298, ..., -0.03696497,
          0.        , -0.04210527],
        [ 0.88828666,  0.98634482,  0.99894843, ...,  0.00514431,
          0.04210527,  0.        ]],

       [[ 0.        , -0.24415235, -0.3841218 , ..., -0.72314976,
         -0.51810684, -0.        ],
        [ 0.24415235,  0.        , -0.14707551, ..., -0.86989889,
         -0.7112547 , -0.24415235],
        [ 0.3841218 ,  0.14707551,  0.        , ..., -0.93298104,
         -0.80690443, -0.3841218 ],
        ...,
        [ 0.72314976,  0.86989889,  0.93298104, ...,  0.        ,
         -0.26066962, -0.72314976],
        [ 0.51810684,  0.7112547 ,  0.80690443, ...,  0.26066962,
          0.        , -0.51810684],
        [ 0.        ,  0.24415235,  0.3841218 , ...,  0.72314976,
          0.51810684,  0.        ]]]), 'num': array([ 2.29318860e+07,  2.18286000e+05,  5.46000000e+02,  4.16000000e+04,
        4.22500000e+04,  4.13500000e+04,  1.04859000e+05, -2.00000000e+02,
        4.26800000e+04,  4.87625000e+04,  5.30141667e+04,  1.94767442e+01,
        5.70288701e+04,  4.04961299e+04])}
{'img': array([[[ 0.        , -0.31879711,  0.21820205, ..., -0.59206163,
         -0.42588834, -0.21820205],
        [ 0.31879711,  0.        ,  0.51793217, ..., -0.81808588,
         -0.69210665, -0.51793217],
        [-0.21820205, -0.51793217,  0.        , ..., -0.40194765,
         -0.21820205, -0.        ],
        ...,
        [ 0.59206163,  0.81808588,  0.40194765, ...,  0.        ,
         -0.19246269, -0.40194765],
        [ 0.42588834,  0.69210665,  0.21820205, ...,  0.19246269,
          0.        , -0.21820205],
        [ 0.21820205,  0.51793217,  0.        , ...,  0.40194765,
          0.21820205,  0.        ]],

       [[ 0.        , -0.44787784, -0.35388388, ...,  0.47544032,
         -0.04444764, -0.20226161],
        [ 0.44787784,  0.        ,  0.10248966, ...,  0.81910832,
          0.40769481,  0.25777984],
        [ 0.35388388, -0.10248966,  0.        , ...,  0.7560029 ,
          0.31196274,  0.15739651],
        ...,
        [-0.47544032, -0.81910832, -0.7560029 , ...,  0.        ,
         -0.51407317, -0.64355294],
        [ 0.04444764, -0.40769481, -0.31196274, ...,  0.51407317,
          0.        , -0.15853274],
        [ 0.20226161, -0.25777984, -0.15739651, ...,  0.64355294,
          0.15853274,  0.        ]],

       [[ 0.        , -0.39121602, -0.47873829, ..., -0.77241487,
         -0.57672764, -0.        ],
        [ 0.39121602,  0.        , -0.09711121, ..., -0.959321  ,
         -0.85036044, -0.39121602],
        [ 0.47873829,  0.09711121,  0.        , ..., -0.98220301,
         -0.89744123, -0.47873829],
        ...,
        [ 0.77241487,  0.959321  ,  0.98220301, ...,  0.        ,
         -0.26472361, -0.77241487],
        [ 0.57672764,  0.85036044,  0.89744123, ...,  0.26472361,
          0.        , -0.57672764],
        [ 0.        ,  0.39121602,  0.47873829, ...,  0.77241487,
          0.57672764,  0.        ]],

       ...,

       [[ 0.        , -0.14227131, -0.12527673, ..., -0.95864703,
         -0.97952282, -0.99628101],
        [ 0.14227131,  0.        ,  0.01714809, ..., -0.90840528,
         -0.99820275, -0.97388795],
        [ 0.12527673, -0.01714809,  0.        , ..., -0.91544117,
         -0.99702834, -0.97763787],
        ...,
        [ 0.95864703,  0.90840528,  0.91544117, ...,  0.        ,
         -0.47177745, -0.20093896],
        [ 0.97952282,  0.99820275,  0.99702834, ...,  0.47177745,
          0.        ,  0.28498353],
        [ 0.99628101,  0.97388795,  0.97763787, ...,  0.20093896,
         -0.28498353,  0.        ]],

       [[ 0.        , -0.29486253, -0.52185929, ..., -0.91334186,
         -0.89506475, -0.74965142],
        [ 0.29486253,  0.        , -0.24713022, ..., -0.99280053,
         -0.98675976, -0.91147139],
        [ 0.52185929,  0.24713022,  0.        , ..., -0.99160723,
         -0.99623445, -0.98485997],
        ...,
        [ 0.91334186,  0.99280053,  0.99160723, ...,  0.        ,
         -0.04282754, -0.29922638],
        [ 0.89506475,  0.98675976,  0.99623445, ...,  0.04282754,
          0.        , -0.25808656],
        [ 0.74965142,  0.91147139,  0.98485997, ...,  0.29922638,
          0.25808656,  0.        ]],

       [[ 0.        , -0.29697732, -0.31501378, ..., -0.63507813,
         -0.40804536, -0.        ],
        [ 0.29697732,  0.        , -0.01894445, ..., -0.8358258 ,
         -0.66076511, -0.29697732],
        [ 0.31501378,  0.01894445,  0.        , ..., -0.8460762 ,
         -0.67486609, -0.31501378],
        ...,
        [ 0.63507813,  0.8358258 ,  0.8460762 , ...,  0.        ,
         -0.2646082 , -0.63507813],
        [ 0.40804536,  0.66076511,  0.67486609, ...,  0.2646082 ,
          0.        , -0.40804536],
        [ 0.        ,  0.29697732,  0.31501378, ...,  0.63507813,
          0.40804536,  0.        ]]]), 'num': array([2.31514690e+07, 9.34690000e+04, 5.49000000e+02, 4.20000000e+04,
       4.26000000e+04, 4.16000000e+04, 1.78839000e+05, 4.00000000e+02,
       4.22900000e+04, 4.80875000e+04, 5.27475000e+04, 2.24550898e+01,
       5.62470266e+04, 3.99279734e+04])}
{'img': array([[[ 0.        ,  0.51793217,  0.04846505, ..., -0.69210665,
         -0.51793217, -0.75532678],
        [-0.51793217,  0.        , -0.47586549, ..., -0.21820205,
         -0.        , -0.30669692],
        [-0.04846505,  0.47586549,  0.        , ..., -0.6563115 ,
         -0.47586549, -0.72267769],
        ...,
        [ 0.69210665,  0.21820205,  0.6563115 , ...,  0.        ,
         -0.21820205,  0.09162034],
        [ 0.51793217,  0.        ,  0.47586549, ...,  0.21820205,
          0.        ,  0.30669692],
        [ 0.75532678,  0.30669692,  0.72267769, ..., -0.09162034,
         -0.30669692,  0.        ]],

       [[ 0.        ,  0.10248966,  0.21378961, ...,  0.40769481,
          0.25777984,  0.49823401],
        [-0.10248966,  0.        ,  0.11254374, ...,  0.31196274,
          0.15739651,  0.40674744],
        [-0.21378961, -0.11254374,  0.        , ...,  0.2030536 ,
          0.0452556 ,  0.30135001],
        ...,
        [-0.40769481, -0.31196274, -0.2030536 , ...,  0.        ,
         -0.15853274,  0.1014578 ],
        [-0.25777984, -0.15739651, -0.0452556 , ...,  0.15853274,
          0.        ,  0.25788943],
        [-0.49823401, -0.40674744, -0.30135001, ..., -0.1014578 ,
         -0.25788943,  0.        ]],

       [[ 0.        , -0.29012339, -0.38821549, ..., -0.64437948,
         -0.31022202, -0.        ],
        [ 0.29012339,  0.        , -0.10414943, ..., -0.83852329,
         -0.57268903, -0.29012339],
        [ 0.38821549,  0.10414943,  0.        , ..., -0.89071058,
         -0.65495342, -0.38821549],
        ...,
        [ 0.64437948,  0.83852329,  0.89071058, ...,  0.        ,
         -0.37535986, -0.64437948],
        [ 0.31022202,  0.57268903,  0.65495342, ...,  0.37535986,
          0.        , -0.31022202],
        [ 0.        ,  0.29012339,  0.38821549, ...,  0.64437948,
          0.31022202,  0.        ]],

       ...,

       [[ 0.        ,  0.01714809, -0.02159625, ..., -0.99820275,
         -0.97388795, -0.86284686],
        [-0.01714809,  0.        , -0.03873717, ..., -0.99702834,
         -0.97763787, -0.87138775],
        [ 0.02159625,  0.03873717,  0.        , ..., -0.99926415,
         -0.96875783, -0.85172946],
        ...,
        [ 0.99820275,  0.99702834,  0.99926415, ...,  0.        ,
          0.28498353,  0.55626495],
        [ 0.97388795,  0.97763787,  0.96875783, ..., -0.28498353,
          0.        ,  0.29637525],
        [ 0.86284686,  0.87138775,  0.85172946, ..., -0.55626495,
         -0.29637525,  0.        ]],

       [[ 0.        , -0.44574232, -0.59011457, ..., -0.90123088,
         -0.75636965, -0.50522553],
        [ 0.44574232,  0.        , -0.16839126, ..., -0.99990466,
         -0.96865271, -0.83692834],
        [ 0.59011457,  0.16839126,  0.        , ..., -0.98330108,
         -0.99665214, -0.91713984],
        ...,
        [ 0.90123088,  0.99990466,  0.98330108, ...,  0.        ,
         -0.26177052, -0.5588168 ],
        [ 0.75636965,  0.96865271,  0.99665214, ...,  0.26177052,
          0.        , -0.32224696],
        [ 0.50522553,  0.83692834,  0.91713984, ...,  0.5588168 ,
          0.32224696,  0.        ]],

       [[ 0.        , -0.10688037, -0.23317632, ..., -0.53395823,
         -0.36371977, -0.        ],
        [ 0.10688037,  0.        , -0.1279065 , ..., -0.62126817,
         -0.46119631, -0.10688037],
        [ 0.23317632,  0.1279065 ,  0.        , ..., -0.7163925 ,
         -0.57089935, -0.23317632],
        ...,
        [ 0.53395823,  0.62126817,  0.7163925 , ...,  0.        ,
         -0.18985757, -0.53395823],
        [ 0.36371977,  0.46119631,  0.57089935, ...,  0.18985757,
          0.        , -0.36371977],
        [ 0.        ,  0.10688037,  0.23317632, ...,  0.53395823,
          0.36371977,  0.        ]]]), 'num': array([ 2.30689640e+07,  5.14640000e+04,  5.50000000e+02,  4.18500000e+04,
        4.27000000e+04,  4.18500000e+04,  1.54127000e+05, -1.50000000e+02,
        4.19100000e+04,  4.74750000e+04,  5.24950000e+04,  2.49169435e+01,
        5.55761419e+04,  3.93738581e+04])}
{'img': array([[[ 0.        , -0.47586549, -0.34183761, ..., -0.        ,
         -0.30669692, -0.24358514],
        [ 0.47586549,  0.        ,  0.14654653, ..., -0.47586549,
         -0.72267769, -0.67576972],
        [ 0.34183761, -0.14654653,  0.        , ..., -0.34183761,
         -0.61358471, -0.56045264],
        ...,
        [ 0.        ,  0.47586549,  0.34183761, ...,  0.        ,
          0.30669692,  0.24358514],
        [ 0.30669692,  0.72267769,  0.61358471, ..., -0.30669692,
          0.        , -0.06561296],
        [ 0.24358514,  0.67576972,  0.56045264, ..., -0.24358514,
          0.06561296,  0.        ]],

       [[ 0.        ,  0.11254374, -0.10205469, ...,  0.15739651,
          0.40674744,  0.33386826],
        [-0.11254374,  0.        , -0.21336244, ...,  0.0452556 ,
          0.30135001,  0.22566117],
        [ 0.10205469,  0.21336244,  0.        , ...,  0.25735734,
          0.49785484,  0.42832383],
        ...,
        [-0.15739651, -0.0452556 , -0.25735734, ...,  0.        ,
          0.25788943,  0.1813417 ],
        [-0.40674744, -0.30135001, -0.49785484, ..., -0.25788943,
          0.        , -0.07840595],
        [-0.33386826, -0.22566117, -0.42832383, ..., -0.1813417 ,
          0.07840595,  0.        ]],

       [[ 0.        , -0.26346568, -0.18713406, ..., -0.42997852,
         -0.305941  , -0.        ],
        [ 0.26346568,  0.        ,  0.07828901, ..., -0.65265397,
         -0.54596436, -0.26346568],
        [ 0.18713406, -0.07828901,  0.        , ..., -0.59133464,
         -0.47869744, -0.18713406],
        ...,
        [ 0.42997852,  0.65265397,  0.59133464, ...,  0.        ,
         -0.13314575, -0.42997852],
        [ 0.305941  ,  0.54596436,  0.47869744, ...,  0.13314575,
          0.        , -0.305941  ],
        [ 0.        ,  0.26346568,  0.18713406, ...,  0.42997852,
          0.305941  ,  0.        ]],

       ...,

       [[ 0.        , -0.03873717,  0.01103951, ..., -0.97763787,
         -0.87138775, -0.77644671],
        [ 0.03873717,  0.        ,  0.04976603, ..., -0.96875783,
         -0.85172946, -0.75145244],
        [-0.01103951, -0.04976603,  0.        , ..., -0.97989985,
         -0.87675058, -0.78335631],
        ...,
        [ 0.97763787,  0.96875783,  0.97989985, ...,  0.        ,
          0.29637525,  0.45280742],
        [ 0.87138775,  0.85172946,  0.87675058, ..., -0.29637525,
          0.        ,  0.16821285],
        [ 0.77644671,  0.75145244,  0.78335631, ..., -0.45280742,
         -0.16821285,  0.        ]],

       [[ 0.        , -0.41610255, -0.70644759, ..., -0.80044594,
         -0.57945939, -0.        ],
        [ 0.41610255,  0.        , -0.34788232, ..., -0.97727358,
         -0.86603672, -0.41610255],
        [ 0.70644759,  0.34788232,  0.        , ..., -0.98997609,
         -0.98587686, -0.70644759],
        ...,
        [ 0.80044594,  0.97727358,  0.98997609, ...,  0.        ,
         -0.3050335 , -0.80044594],
        [ 0.57945939,  0.86603672,  0.98587686, ...,  0.3050335 ,
          0.        , -0.57945939],
        [ 0.        ,  0.41610255,  0.70644759, ...,  0.80044594,
          0.57945939,  0.        ]],

       [[ 0.        , -0.20477228, -0.00737922, ..., -0.49530657,
         -0.35417177, -0.        ],
        [ 0.20477228,  0.        ,  0.19754384, ..., -0.66270026,
         -0.53816576, -0.20477228],
        [ 0.00737922, -0.19754384,  0.        , ..., -0.50170355,
         -0.36106303, -0.00737922],
        ...,
        [ 0.49530657,  0.66270026,  0.50170355, ...,  0.        ,
         -0.15552552, -0.49530657],
        [ 0.35417177,  0.53816576,  0.36106303, ...,  0.15552552,
          0.        , -0.35417177],
        [ 0.        ,  0.20477228,  0.00737922, ...,  0.49530657,
          0.35417177,  0.        ]]]), 'num': array([2.30689640e+07, 5.14640000e+04, 5.50000000e+02, 4.18500000e+04,
       4.19000000e+04, 4.12500000e+04, 1.46634000e+05, 0.00000000e+00,
       4.18200000e+04, 4.69175000e+04, 5.22225000e+04, 2.59515571e+01,
       5.49554273e+04, 3.88795727e+04])}
{'img': array([[[ 0.        ,  0.34693764, -0.14889478, ..., -0.62166634,
         -0.56808405, -0.56808405],
        [-0.34693764,  0.        , -0.482717  , ..., -0.31130346,
         -0.24727987, -0.24727987],
        [ 0.14889478,  0.482717  ,  0.        , ..., -0.73136328,
         -0.68428766, -0.68428766],
        ...,
        [ 0.62166634,  0.31130346,  0.73136328, ...,  0.        ,
         -0.06664298, -0.06664298],
        [ 0.56808405,  0.24727987,  0.68428766, ...,  0.06664298,
          0.        ,  0.        ],
        [ 0.56808405,  0.24727987,  0.68428766, ...,  0.06664298,
          0.        ,  0.        ]],

       [[ 0.        , -0.21336244, -0.48772713, ...,  0.30135001,
          0.22566117,  0.20108812],
        [ 0.21336244,  0.        , -0.29023171, ...,  0.49785484,
          0.42832383,  0.40546181],
        [ 0.48772713,  0.29023171,  0.        , ...,  0.72813184,
          0.67214795,  0.65331356],
        ...,
        [-0.30135001, -0.49785484, -0.72813184, ...,  0.        ,
         -0.07840595, -0.10345412],
        [-0.22566117, -0.42832383, -0.67214795, ...,  0.07840595,
          0.        , -0.0251504 ],
        [-0.20108812, -0.40546181, -0.65331356, ...,  0.10345412,
          0.0251504 ,  0.        ]],

       [[ 0.        ,  0.18742728, -0.06867198, ..., -0.51003136,
         -0.33314052, -0.18742728],
        [-0.18742728,  0.        , -0.25443983, ..., -0.33977617,
         -0.15051586, -0.        ],
        [ 0.06867198,  0.25443983,  0.        , ..., -0.56789593,
         -0.39710332, -0.25443983],
        ...,
        [ 0.51003136,  0.33977617,  0.56789593, ...,  0.        ,
         -0.19434418, -0.33977617],
        [ 0.33314052,  0.15051586,  0.39710332, ...,  0.19434418,
          0.        , -0.15051586],
        [ 0.18742728,  0.        ,  0.25443983, ...,  0.33977617,
          0.15051586,  0.        ]],

       ...,

       [[ 0.        ,  0.04976603, -0.01177932, ..., -0.85172946,
         -0.75145244, -0.70886806],
        [-0.04976603,  0.        , -0.06152731, ..., -0.87675058,
         -0.78335631, -0.74309173],
        [ 0.01177932,  0.06152731,  0.        , ..., -0.84549822,
         -0.74362845, -0.70051043],
        ...,
        [ 0.85172946,  0.87675058,  0.84549822, ...,  0.        ,
          0.16821285,  0.22932584],
        [ 0.75145244,  0.78335631,  0.74362845, ..., -0.16821285,
          0.        ,  0.06232818],
        [ 0.70886806,  0.74309173,  0.70051043, ..., -0.22932584,
         -0.06232818,  0.        ]],

       [[ 0.        , -0.36092846, -0.43862797, ..., -0.92888803,
         -0.79854034, -0.34505154],
        [ 0.36092846,  0.        , -0.08470647, ..., -0.99994865,
         -0.96197128, -0.6605544 ],
        [ 0.43862797,  0.08470647,  0.        , ..., -0.99721319,
         -0.98165153, -0.72177611],
        ...,
        [ 0.92888803,  0.99994865,  0.99721319, ...,  0.        ,
         -0.26338812, -0.74404568],
        [ 0.79854034,  0.96197128,  0.98165153, ...,  0.26338812,
          0.        , -0.54179621],
        [ 0.34505154,  0.6605544 ,  0.72177611, ...,  0.74404568,
          0.54179621,  0.        ]],

       [[ 0.        ,  0.20177821, -0.02688143, ..., -0.64146924,
         -0.51414899, -0.20177821],
        [-0.20177821,  0.        , -0.2280338 , ..., -0.47348111,
         -0.33050823, -0.        ],
        [ 0.02688143,  0.2280338 ,  0.        , ..., -0.66185949,
         -0.53701941, -0.2280338 ],
        ...,
        [ 0.64146924,  0.47348111,  0.66185949, ...,  0.        ,
         -0.15575999, -0.47348111],
        [ 0.51414899,  0.33050823,  0.53701941, ...,  0.15575999,
          0.        , -0.33050823],
        [ 0.20177821,  0.        ,  0.2280338 , ...,  0.47348111,
          0.33050823,  0.        ]]]), 'num': array([ 2.28489640e+07,  5.14640000e+04,  5.50000000e+02,  4.14500000e+04,
        4.17500000e+04,  4.08000000e+04,  1.30666000e+05, -4.00000000e+02,
        4.17500000e+04,  4.63550000e+04,  5.19600000e+04,  3.04878049e+01,
        5.42691582e+04,  3.84408418e+04])}
{'img': array([[[ 0.        , -0.48063075, -0.72160242, ..., -0.30989977,
         -0.30989977, -0.        ],
        [ 0.48063075,  0.        , -0.30004545, ..., -0.72872719,
         -0.72872719, -0.48063075],
        [ 0.72160242,  0.30004545,  0.        , ..., -0.90062338,
         -0.90062338, -0.72160242],
        ...,
        [ 0.30989977,  0.72872719,  0.90062338, ...,  0.        ,
          0.        , -0.30989977],
        [ 0.30989977,  0.72872719,  0.90062338, ...,  0.        ,
          0.        , -0.30989977],
        [ 0.        ,  0.48063075,  0.72160242, ...,  0.30989977,
          0.30989977,  0.        ]],

       [[ 0.        , -0.29023171,  0.03413062, ...,  0.42832383,
          0.40546181,  0.35343829],
        [ 0.29023171,  0.        ,  0.32272413, ...,  0.67214795,
          0.65331356,  0.60972456],
        [-0.03413062, -0.32272413,  0.        , ...,  0.39723299,
          0.37402637,  0.32130461],
        ...,
        [-0.42832383, -0.67214795, -0.39723299, ...,  0.        ,
         -0.0251504 , -0.08130311],
        [-0.40546181, -0.65331356, -0.37402637, ...,  0.0251504 ,
          0.        , -0.05621025],
        [-0.35343829, -0.60972456, -0.32130461, ...,  0.08130311,
          0.05621025,  0.        ]],

       [[ 0.        , -0.25388743, -0.38751082, ..., -0.19980261,
         -0.13253502, -0.        ],
        [ 0.25388743,  0.        , -0.14076358, ..., -0.44202391,
         -0.37984006, -0.25388743],
        [ 0.38751082,  0.14076358,  0.        , ..., -0.56388818,
         -0.50627174, -0.38751082],
        ...,
        [ 0.19980261,  0.44202391,  0.56388818, ...,  0.        ,
         -0.06817741, -0.19980261],
        [ 0.13253502,  0.37984006,  0.50627174, ...,  0.06817741,
          0.        , -0.13253502],
        [ 0.        ,  0.25388743,  0.38751082, ...,  0.19980261,
          0.13253502,  0.        ]],

       ...,

       [[ 0.        , -0.06152731, -0.38473935, ..., -0.78335631,
         -0.74309173, -0.56205675],
        [ 0.06152731,  0.        , -0.32721916, ..., -0.74362845,
         -0.70051043, -0.51010273],
        [ 0.38473935,  0.32721916,  0.        , ..., -0.4839141 ,
         -0.42842888, -0.20057518],
        ...,
        [ 0.78335631,  0.74362845,  0.4839141 , ...,  0.        ,
          0.06232818,  0.2985537 ],
        [ 0.74309173,  0.70051043,  0.42842888, ..., -0.06232818,
          0.        ,  0.23848766],
        [ 0.56205675,  0.51010273,  0.20057518, ..., -0.2985537 ,
         -0.23848766,  0.        ]],

       [[ 0.        , -0.08068486,  0.01360883, ..., -0.99733866,
         -0.95441884, -0.63687026],
        [ 0.08068486,  0.        ,  0.09424185, ..., -0.99996958,
         -0.97538917, -0.69699954],
        [-0.01360883, -0.09424185,  0.        , ..., -0.9962541 ,
         -0.95026862, -0.62631927],
        ...,
        [ 0.99733866,  0.99996958,  0.9962541 , ...,  0.        ,
         -0.22809126, -0.72248611],
        [ 0.95441884,  0.97538917,  0.95026862, ...,  0.22809126,
          0.        , -0.54574222],
        [ 0.63687026,  0.69699954,  0.62631927, ...,  0.72248611,
          0.54574222,  0.        ]],

       [[ 0.        , -0.22527887, -0.42775894, ..., -0.4430364 ,
         -0.30816462, -0.        ],
        [ 0.22527887,  0.        , -0.21313515, ..., -0.63361117,
         -0.51455827, -0.22527887],
        [ 0.42775894,  0.21313515,  0.        , ..., -0.78394488,
         -0.68548901, -0.42775894],
        ...,
        [ 0.4430364 ,  0.63361117,  0.78394488, ...,  0.        ,
         -0.14520447, -0.4430364 ],
        [ 0.30816462,  0.51455827,  0.68548901, ...,  0.14520447,
          0.        , -0.30816462],
        [ 0.        ,  0.22527887,  0.42775894, ...,  0.4430364 ,
          0.30816462,  0.        ]]]), 'num': array([ 2.21889640e+07,  5.14640000e+04,  5.50000000e+02,  4.02500000e+04,
        4.10000000e+04,  4.00000000e+04,  2.47254000e+05, -1.20000000e+03,
        4.14800000e+04,  4.57075000e+04,  5.16691667e+04,  1.09589041e+01,
        5.33912670e+04,  3.80237330e+04])}
{'img': array([[[ 0.        , -0.38897102, -0.59418234, ..., -0.78138926,
         -0.72455754, -0.26525206],
        [ 0.38897102,  0.        , -0.23452927, ..., -0.96258985,
         -0.93558302, -0.61940119],
        [ 0.59418234,  0.23452927,  0.        , ..., -0.999291  ,
         -0.99230261, -0.78624848],
        ...,
        [ 0.78138926,  0.96258985,  0.999291  , ...,  0.        ,
         -0.08638893, -0.58787026],
        [ 0.72455754,  0.93558302,  0.99230261, ...,  0.08638893,
          0.        , -0.51578773],
        [ 0.26525206,  0.61940119,  0.78624848, ...,  0.58787026,
          0.51578773,  0.        ]],

       [[ 0.        ,  0.32272413,  0.43554313, ...,  0.65331356,
          0.60972456,  0.84597282],
        [-0.32272413,  0.        ,  0.12173266, ...,  0.37402637,
          0.32130461,  0.6286225 ],
        [-0.43554313, -0.12173266,  0.        , ...,  0.25834763,
          0.20363714,  0.52927461],
        ...,
        [-0.65331356, -0.37402637, -0.25834763, ...,  0.        ,
         -0.05621025,  0.29211161],
        [-0.60972456, -0.32130461, -0.20363714, ...,  0.05621025,
          0.        ,  0.34540837],
        [-0.84597282, -0.6286225 , -0.52927461, ..., -0.29211161,
         -0.34540837,  0.        ]],

       [[ 0.        , -0.29769847, -0.53661262, ..., -0.28949726,
         -0.25856089, -0.        ],
        [ 0.29769847,  0.        , -0.26107605, ..., -0.56132212,
         -0.53441295, -0.29769847],
        [ 0.53661262,  0.26107605,  0.        , ..., -0.75792035,
         -0.73654619, -0.53661262],
        ...,
        [ 0.28949726,  0.56132212,  0.75792035, ...,  0.        ,
         -0.03216389, -0.28949726],
        [ 0.25856089,  0.53441295,  0.73654619, ...,  0.03216389,
          0.        , -0.25856089],
        [ 0.        ,  0.29769847,  0.53661262, ...,  0.28949726,
          0.25856089,  0.        ]],

       ...,

       [[ 0.        , -0.28006741, -0.66626805, ..., -0.5863552 ,
         -0.43198466, -0.98678728],
        [ 0.28006741,  0.        , -0.4307545 , ..., -0.33601971,
         -0.16210932, -0.99267324],
        [ 0.66626805,  0.4307545 ,  0.        , ...,  0.10246084,
          0.27875818, -0.84380899],
        ...,
        [ 0.5863552 ,  0.33601971, -0.10246084, ...,  0.        ,
          0.17889165, -0.89435301],
        [ 0.43198466,  0.16210932, -0.27875818, ..., -0.17889165,
          0.        , -0.95995532],
        [ 0.98678728,  0.99267324,  0.84380899, ...,  0.89435301,
          0.95995532,  0.        ]],

       [[ 0.        ,  0.08912225,  0.25040176, ..., -0.99999059,
         -0.97685387, -0.6685777 ],
        [-0.08912225,  0.        ,  0.16312235, ..., -0.99639799,
         -0.95390273, -0.59964215],
        [-0.25040176, -0.16312235,  0.        , ..., -0.9692193 ,
         -0.89217039, -0.46106882],
        ...,
        [ 0.99999059,  0.99639799,  0.9692193 , ...,  0.        ,
         -0.21814393, -0.746536  ],
        [ 0.97685387,  0.95390273,  0.89217039, ...,  0.21814393,
          0.        , -0.5834159 ],
        [ 0.6685777 ,  0.59964215,  0.46106882, ...,  0.746536  ,
          0.5834159 ,  0.        ]],

       [[ 0.        , -0.36676154, -0.55832647, ..., -0.42321196,
         -0.29916185, -0.        ],
        [ 0.36676154,  0.        , -0.21514629, ..., -0.72601764,
         -0.62827949, -0.36676154],
        [ 0.55832647,  0.21514629,  0.        , ..., -0.8569666 ,
         -0.7809475 , -0.55832647],
        ...,
        [ 0.42321196,  0.72601764,  0.8569666 , ...,  0.        ,
         -0.13278004, -0.42321196],
        [ 0.29916185,  0.62827949,  0.7809475 , ...,  0.13278004,
          0.        , -0.29916185],
        [ 0.        ,  0.36676154,  0.55832647, ...,  0.42321196,
          0.29916185,  0.        ]]]), 'num': array([2.30981620e+07, 3.30636200e+06, 4.69000000e+02, 4.22000000e+04,
       4.23000000e+04, 4.04500000e+04, 2.16660000e+05, 1.95000000e+03,
       4.15200000e+04, 4.52125000e+04, 5.14275000e+04, 2.23107570e+01,
       5.24476831e+04, 3.79773169e+04])}
{'img': array([[[ 0.        , -0.23452927, -0.40939727, ..., -0.93558302,
         -0.61940119, -0.97876915],
        [ 0.23452927,  0.        , -0.18400455, ..., -0.99230261,
         -0.78624848, -0.99954082],
        [ 0.40939727,  0.18400455,  0.        , ..., -0.99814595,
         -0.88652193, -0.97689854],
        ...,
        [ 0.93558302,  0.99230261,  0.99814595, ...,  0.        ,
         -0.51578773,  0.15384756],
        [ 0.61940119,  0.78624848,  0.88652193, ...,  0.51578773,
          0.        ,  0.64145079],
        [ 0.97876915,  0.99954082,  0.97689854, ..., -0.15384756,
         -0.64145079,  0.        ]],

       [[ 0.        ,  0.12793837,  0.18110261, ...,  0.33206557,
          0.64050001,  0.57431579],
        [-0.12793837,  0.        ,  0.05379153, ...,  0.20865802,
          0.53698514,  0.46486146],
        [-0.18110261, -0.05379153,  0.        , ...,  0.15574842,
          0.4908296 ,  0.4165623 ],
        ...,
        [-0.33206557, -0.20865802, -0.15574842, ...,  0.        ,
          0.34914321,  0.26988688],
        [-0.64050001, -0.53698514, -0.4908296 , ..., -0.34914321,
          0.        , -0.08328448],
        [-0.57431579, -0.46486146, -0.4165623 , ..., -0.26988688,
          0.08328448,  0.        ]],

       [[ 0.        , -0.46254091, -0.64347882, ..., -0.26149   ,
         -0.        , -0.10140369],
        [ 0.46254091,  0.        , -0.21644862, ..., -0.67828384,
         -0.46254091, -0.55006098],
        [ 0.64347882,  0.21644862,  0.        , ..., -0.8212509 ,
         -0.64347882, -0.71778278],
        ...,
        [ 0.26149   ,  0.67828384,  0.8212509 , ...,  0.        ,
         -0.26149   , -0.16226664],
        [ 0.        ,  0.46254091,  0.64347882, ...,  0.26149   ,
          0.        ,  0.10140369],
        [ 0.10140369,  0.55006098,  0.71778278, ...,  0.16226664,
         -0.10140369,  0.        ]],

       ...,

       [[ 0.        , -0.4307545 , -0.42465512, ..., -0.16210932,
         -0.99267324, -0.47900787],
        [ 0.4307545 ,  0.        ,  0.00674768, ...,  0.27875818,
         -0.84380899, -0.05416895],
        [ 0.42465512, -0.00674768,  0.        , ...,  0.27227161,
         -0.84741088, -0.06090549],
        ...,
        [ 0.16210932, -0.27875818, -0.27227161, ...,  0.        ,
         -0.95995532, -0.33037066],
        [ 0.99267324,  0.84380899,  0.84741088, ...,  0.95995532,
          0.        ,  0.81350067],
        [ 0.47900787,  0.05416895,  0.06090549, ...,  0.33037066,
         -0.81350067,  0.        ]],

       [[ 0.        ,  0.15493937,  0.34658454, ..., -0.99590748,
         -0.94151963, -0.57439133],
        [-0.15493937,  0.        ,  0.19706315, ..., -0.96987769,
         -0.87794174, -0.44062457],
        [-0.34658454, -0.19706315,  0.        , ..., -0.90285607,
         -0.76637858, -0.25508236],
        ...,
        [ 0.99590748,  0.96987769,  0.90285607, ...,  0.        ,
         -0.25048594, -0.76331813],
        [ 0.94151963,  0.87794174,  0.76637858, ...,  0.25048594,
          0.        , -0.57716411],
        [ 0.57439133,  0.44062457,  0.25508236, ...,  0.76331813,
          0.57716411,  0.        ]],

       [[ 0.        , -0.44416301, -0.63752323, ..., -0.32002957,
         -0.10249488, -0.        ],
        [ 0.44416301,  0.        , -0.22898937, ..., -0.7075326 ,
         -0.53365371, -0.44416301],
        [ 0.63752323,  0.22898937,  0.        , ..., -0.85055506,
         -0.71313097, -0.63752323],
        ...,
        [ 0.32002957,  0.7075326 ,  0.85055506, ...,  0.        ,
         -0.22123972, -0.32002957],
        [ 0.10249488,  0.53365371,  0.71313097, ...,  0.22123972,
          0.        , -0.10249488],
        [ 0.        ,  0.44416301,  0.63752323, ...,  0.32002957,
          0.10249488,  0.        ]]]), 'num': array([ 2.25370730e+07,  5.62973000e+05,  5.34000000e+02,  4.11500000e+04,
        4.18000000e+04,  4.09000000e+04,  1.36463000e+05, -1.05000000e+03,
        4.13800000e+04,  4.47100000e+04,  5.11933333e+04,  1.78707224e+01,
        5.15997460e+04,  3.78202540e+04])}
{'img': array([[[ 0.        , -0.18400455, -0.13000783, ..., -0.78624848,
         -0.99954082, -0.98041738],
        [ 0.18400455,  0.        ,  0.0546549 , ..., -0.88652193,
         -0.97689854, -0.99991331],
        [ 0.13000783, -0.0546549 ,  0.        , ..., -0.85990876,
         -0.98711832, -0.9976991 ],
        ...,
        [ 0.78624848,  0.88652193,  0.85990876, ...,  0.        ,
          0.64145079,  0.45097355],
        [ 0.99954082,  0.97689854,  0.98711832, ..., -0.64145079,
          0.        , -0.22654801],
        [ 0.98041738,  0.99991331,  0.9976991 , ..., -0.45097355,
          0.22654801,  0.        ]],

       [[ 0.        ,  0.05379153, -0.00647382, ...,  0.53698514,
          0.46486146,  0.22936076],
        [-0.05379153,  0.        , -0.06025485, ...,  0.4908296 ,
          0.4165623 ,  0.17667117],
        [ 0.00647382,  0.06025485,  0.        , ...,  0.54243515,
          0.47058353,  0.23565719],
        ...,
        [-0.53698514, -0.4908296 , -0.54243515, ...,  0.        ,
         -0.08328448, -0.32918308],
        [-0.46486146, -0.4165623 , -0.47058353, ...,  0.08328448,
          0.        , -0.24939672],
        [-0.22936076, -0.17667117, -0.23565719, ...,  0.32918308,
          0.24939672,  0.        ]],

       [[ 0.        , -0.3880235 , -0.57899965, ..., -0.28788135,
         -0.3167078 , -0.12708452],
        [ 0.3880235 ,  0.        , -0.21726838, ..., -0.63692264,
         -0.65994286, -0.50200475],
        [ 0.57899965,  0.21726838,  0.        , ..., -0.78920599,
         -0.80741524, -0.67792059],
        ...,
        [ 0.28788135,  0.63692264,  0.78920599, ...,  0.        ,
          0.0302382 , -0.16384264],
        [ 0.3167078 ,  0.65994286,  0.80741524, ..., -0.0302382 ,
          0.        , -0.19359729],
        [ 0.12708452,  0.50200475,  0.67792059, ...,  0.16384264,
          0.19359729,  0.        ]],

       ...,

       [[ 0.        ,  0.00674768,  0.17569137, ..., -0.84380899,
         -0.05416895, -0.2709884 ],
        [-0.00674768,  0.        ,  0.16904464, ..., -0.84741088,
         -0.06090549, -0.27747743],
        [-0.17569137, -0.16904464,  0.        , ..., -0.92496744,
         -0.22875978, -0.43589071],
        ...,
        [ 0.84380899,  0.84741088,  0.92496744, ...,  0.        ,
          0.81350067,  0.66681166],
        [ 0.05416895,  0.06090549,  0.22875978, ..., -0.81350067,
          0.        , -0.21844844],
        [ 0.2709884 ,  0.27747743,  0.43589071, ..., -0.66681166,
          0.21844844,  0.        ]],

       [[ 0.        ,  0.18927105,  0.42439055, ..., -0.95317794,
         -0.84003028, -0.42439055],
        [-0.18927105,  0.        ,  0.24533863, ..., -0.87871167,
         -0.72215961, -0.24533863],
        [-0.42439055, -0.24533863,  0.        , ..., -0.73474288,
         -0.53038135, -0.        ],
        ...,
        [ 0.95317794,  0.87871167,  0.73474288, ...,  0.        ,
         -0.26310312, -0.73474288],
        [ 0.84003028,  0.72215961,  0.53038135, ...,  0.26310312,
          0.        , -0.53038135],
        [ 0.42439055,  0.24533863,  0.        , ...,  0.73474288,
          0.53038135,  0.        ]],

       [[ 0.        , -0.49511139, -0.63470133, ..., -0.21834081,
         -0.19209492, -0.        ],
        [ 0.49511139,  0.        , -0.16884619, ..., -0.67286657,
         -0.65278834, -0.49511139],
        [ 0.63470133,  0.16884619,  0.        , ..., -0.78811213,
         -0.77132367, -0.63470133],
        ...,
        [ 0.21834081,  0.67286657,  0.78811213, ...,  0.        ,
         -0.02681434, -0.21834081],
        [ 0.19209492,  0.65278834,  0.77132367, ...,  0.02681434,
          0.        , -0.19209492],
        [ 0.        ,  0.49511139,  0.63470133, ...,  0.21834081,
          0.19209492,  0.        ]]]), 'num': array([2.33530150e+07, 1.51415000e+05, 5.44000000e+02, 4.26500000e+04,
       4.28500000e+04, 4.13000000e+04, 1.88889000e+05, 1.50000000e+03,
       4.15400000e+04, 4.43725000e+04, 5.10075000e+04, 2.72084806e+01,
       5.09651076e+04, 3.77798924e+04])}
{'img': array([[[ 0.        ,  0.0546549 ,  0.21413697, ..., -0.97689854,
         -0.99991331, -0.95668926],
        [-0.0546549 ,  0.        ,  0.16042979, ..., -0.98711832,
         -0.9976991 , -0.97116995],
        [-0.21413697, -0.16042979,  0.        , ..., -0.9999999 ,
         -0.97389941, -0.9968352 ],
        ...,
        [ 0.97689854,  0.98711832,  0.9999999 , ...,  0.        ,
         -0.22654801,  0.079938  ],
        [ 0.99991331,  0.9976991 ,  0.97389941, ...,  0.22654801,
          0.        ,  0.30368264],
        [ 0.95668926,  0.97116995,  0.9968352 , ..., -0.079938  ,
         -0.30368264,  0.        ]],

       [[ 0.        , -0.06025485, -0.11459801, ...,  0.4165623 ,
          0.17667117,  0.34204183],
        [ 0.06025485,  0.        , -0.05453191, ...,  0.47058353,
          0.23565719,  0.39804091],
        [ 0.11459801,  0.05453191,  0.        , ...,  0.51799984,
          0.28830263,  0.44747444],
        ...,
        [-0.4165623 , -0.47058353, -0.51799984, ...,  0.        ,
         -0.24939672, -0.08048455],
        [-0.17667117, -0.23565719, -0.28830263, ...,  0.24939672,
          0.        ,  0.17064629],
        [-0.34204183, -0.39804091, -0.44747444, ...,  0.08048455,
         -0.17064629,  0.        ]],

       [[ 0.        , -0.21726838, -0.31568708, ..., -0.65994286,
         -0.50200475, -0.67002453],
        [ 0.21726838,  0.        , -0.10198792, ..., -0.80741524,
         -0.67792059, -0.8153057 ],
        [ 0.31568708,  0.10198792,  0.        , ..., -0.86337629,
         -0.74936057, -0.87010854],
        ...,
        [ 0.65994286,  0.80741524,  0.86337629, ...,  0.        ,
         -0.19359729,  0.01349871],
        [ 0.50200475,  0.67792059,  0.74936057, ...,  0.19359729,
          0.        ,  0.20682299],
        [ 0.67002453,  0.8153057 ,  0.87010854, ..., -0.01349871,
         -0.20682299,  0.        ]],

       ...,

       [[ 0.        ,  0.16904464,  0.20746414, ..., -0.06090549,
         -0.27747743,  0.14653512],
        [-0.16904464,  0.        ,  0.03911172, ..., -0.22875978,
         -0.43589071, -0.02279364],
        [-0.20746414, -0.03911172,  0.        , ..., -0.26665934,
         -0.47075772, -0.06187775],
        ...,
        [ 0.06090549,  0.22875978,  0.26665934, ...,  0.        ,
         -0.21844844,  0.20651114],
        [ 0.27747743,  0.43589071,  0.47075772, ...,  0.21844844,
          0.        ,  0.4152632 ],
        [-0.14653512,  0.02279364,  0.06187775, ..., -0.20651114,
         -0.4152632 ,  0.        ]],

       [[ 0.        ,  0.23873478,  0.06879058, ..., -0.82294241,
         -0.65158519, -0.23873478],
        [-0.23873478,  0.        , -0.17136776, ..., -0.66351572,
         -0.45164613, -0.        ],
        [-0.06879058,  0.17136776,  0.        , ..., -0.78191132,
         -0.59785881, -0.17136776],
        ...,
        [ 0.82294241,  0.66351572,  0.78191132, ...,  0.        ,
         -0.25408222, -0.66351572],
        [ 0.65158519,  0.45164613,  0.59785881, ...,  0.25408222,
          0.        , -0.45164613],
        [ 0.23873478,  0.        ,  0.17136776, ...,  0.66351572,
          0.45164613,  0.        ]],

       [[ 0.        , -0.44112127, -0.54435473, ..., -0.2221548 ,
         -0.10095183, -0.        ],
        [ 0.44112127,  0.        , -0.11849295, ..., -0.62947054,
         -0.52946669, -0.44112127],
        [ 0.54435473,  0.11849295,  0.        , ..., -0.71710777,
         -0.62625776, -0.54435473],
        ...,
        [ 0.2221548 ,  0.62947054,  0.71710777, ...,  0.        ,
         -0.12259069, -0.2221548 ],
        [ 0.10095183,  0.52946669,  0.62625776, ...,  0.12259069,
          0.        , -0.10095183],
        [ 0.        ,  0.44112127,  0.54435473, ...,  0.2221548 ,
          0.10095183,  0.        ]]]), 'num': array([2.35162150e+07, 1.51415000e+05, 5.44000000e+02, 4.29500000e+04,
       4.34500000e+04, 4.20500000e+04, 1.79527000e+05, 3.00000000e+02,
       4.18400000e+04, 4.40800000e+04, 5.08483333e+04, 2.90209790e+01,
       5.03732027e+04, 3.77867973e+04])}
{'img': array([[[ 0.        ,  0.16042979,  0.1914979 , ..., -0.9976991 ,
         -0.97116995, -0.95807776],
        [-0.16042979,  0.        ,  0.03155676, ..., -0.97389941,
         -0.9968352 , -0.99163249],
        [-0.1914979 , -0.03155676,  0.        , ..., -0.96625161,
         -0.99884737, -0.99521237],
        ...,
        [ 0.9976991 ,  0.97389941,  0.96625161, ...,  0.        ,
          0.30368264,  0.35080441],
        [ 0.97116995,  0.9968352 ,  0.99884737, ..., -0.30368264,
          0.        ,  0.04985383],
        [ 0.95807776,  0.99163249,  0.99521237, ..., -0.35080441,
         -0.04985383,  0.        ]],

       [[ 0.        , -0.05453191, -0.41571707, ...,  0.23565719,
          0.39804091,  0.3717514 ],
        [ 0.05453191,  0.        , -0.36550205, ...,  0.28830263,
          0.44747444,  0.42182197],
        [ 0.41571707,  0.36550205,  0.        , ...,  0.61833772,
          0.74338121,  0.72402925],
        ...,
        [-0.23565719, -0.28830263, -0.61833772, ...,  0.        ,
          0.17064629,  0.14251329],
        [-0.39804091, -0.44747444, -0.74338121, ..., -0.17064629,
          0.        , -0.02848153],
        [-0.3717514 , -0.42182197, -0.72402925, ..., -0.14251329,
          0.02848153,  0.        ]],

       [[ 0.        , -0.10198792, -0.13724795, ..., -0.67792059,
         -0.8153057 , -0.8909257 ],
        [ 0.10198792,  0.        , -0.03550951, ..., -0.74936057,
         -0.87010854, -0.93259781],
        [ 0.13724795,  0.03550951,  0.        , ..., -0.77240104,
         -0.88706102, -0.94482565],
        ...,
        [ 0.67792059,  0.74936057,  0.77240104, ...,  0.        ,
          0.20682299,  0.34707375],
        [ 0.8153057 ,  0.87010854,  0.88706102, ..., -0.20682299,
          0.        ,  0.14560303],
        [ 0.8909257 ,  0.93259781,  0.94482565, ..., -0.34707375,
         -0.14560303,  0.        ]],

       ...,

       [[ 0.        ,  0.03911172,  0.10022968, ..., -0.43589071,
         -0.02279364,  0.04904791],
        [-0.03911172,  0.        ,  0.06123822, ..., -0.47075772,
         -0.06187775,  0.00994574],
        [-0.10022968, -0.06123822,  0.        , ..., -0.52390238,
         -0.12288249, -0.05130812],
        ...,
        [ 0.43589071,  0.47075772,  0.52390238, ...,  0.        ,
          0.4152632 ,  0.47950919],
        [ 0.02279364,  0.06187775,  0.12288249, ..., -0.4152632 ,
          0.        ,  0.07180137],
        [-0.04904791, -0.00994574,  0.05130812, ..., -0.47950919,
         -0.07180137,  0.        ]],

       [[ 0.        , -0.16724597, -0.24465135, ..., -0.59782599,
         -0.42696387, -0.        ],
        [ 0.16724597,  0.        , -0.07904193, ..., -0.72347444,
         -0.57218546, -0.16724597],
        [ 0.24465135,  0.07904193,  0.        , ..., -0.77577759,
         -0.63521947, -0.24465135],
        ...,
        [ 0.59782599,  0.72347444,  0.77577759, ...,  0.        ,
         -0.19833003, -0.59782599],
        [ 0.42696387,  0.57218546,  0.63521947, ...,  0.19833003,
          0.        , -0.42696387],
        [ 0.        ,  0.16724597,  0.24465135, ...,  0.59782599,
          0.42696387,  0.        ]],

       [[ 0.        , -0.12466862, -0.20936737, ..., -0.50597662,
         -0.41602778, -0.45379124],
        [ 0.12466862,  0.        , -0.08582838, ..., -0.60956178,
         -0.52614976, -0.56134417],
        [ 0.20936737,  0.08582838,  0.        , ..., -0.67535192,
         -0.59719599, -0.63030283],
        ...,
        [ 0.50597662,  0.60956178,  0.67535192, ...,  0.        ,
         -0.10126721, -0.05946346],
        [ 0.41602778,  0.52614976,  0.59719599, ...,  0.10126721,
          0.        ,  0.04193024],
        [ 0.45379124,  0.56134417,  0.63030283, ...,  0.05946346,
         -0.04193024,  0.        ]]]), 'num': array([2.35162090e+07, 1.08459000e+05, 5.45000000e+02, 4.29500000e+04,
       4.38500000e+04, 4.27000000e+04, 1.98994000e+05, 0.00000000e+00,
       4.23800000e+04, 4.39150000e+04, 5.06825000e+04, 4.46236559e+01,
       5.01446950e+04, 3.76853050e+04])}
{'img': array([[[ 0.        ,  0.03155676,  0.        , ..., -0.9968352 ,
         -0.99163249, -0.99163249],
        [-0.03155676,  0.        , -0.03155676, ..., -0.99884737,
         -0.99521237, -0.99521237],
        [ 0.        ,  0.03155676,  0.        , ..., -0.9968352 ,
         -0.99163249, -0.99163249],
        ...,
        [ 0.9968352 ,  0.99884737,  0.9968352 , ...,  0.        ,
          0.04985383,  0.04985383],
        [ 0.99163249,  0.99521237,  0.99163249, ..., -0.04985383,
          0.        ,  0.        ],
        [ 0.99163249,  0.99521237,  0.99163249, ..., -0.04985383,
          0.        ,  0.        ]],

       [[ 0.        , -0.36550205, -0.17021108, ...,  0.44747444,
          0.42182197,  0.474053  ],
        [ 0.36550205,  0.        ,  0.20173425, ...,  0.74338121,
          0.72402925,  0.76307674],
        [ 0.17021108, -0.20173425,  0.        , ...,  0.59316394,
          0.56999334,  0.61700567],
        ...,
        [-0.44747444, -0.74338121, -0.59316394, ...,  0.        ,
         -0.02848153,  0.02994445],
        [-0.42182197, -0.72402925, -0.56999334, ...,  0.02848153,
          0.        ,  0.05840106],
        [-0.474053  , -0.76307674, -0.61700567, ..., -0.02994445,
         -0.05840106,  0.        ]],

       [[ 0.        , -0.03550951, -0.02849462, ..., -0.87010854,
         -0.93259781, -0.98050418],
        [ 0.03550951,  0.        ,  0.00701844, ..., -0.88706102,
         -0.94482565, -0.98686337],
        [ 0.02849462, -0.00701844,  0.        , ..., -0.88379909,
         -0.94250333, -0.98570519],
        ...,
        [ 0.87010854,  0.88706102,  0.88379909, ...,  0.        ,
          0.14560303,  0.31227665],
        [ 0.93259781,  0.94482565,  0.94250333, ..., -0.14560303,
          0.        ,  0.17062715],
        [ 0.98050418,  0.98686337,  0.98570519, ..., -0.31227665,
         -0.17062715,  0.        ]],

       ...,

       [[ 0.        ,  0.06123822,  0.15525986, ..., -0.06187775,
          0.00994574,  0.55969735],
        [-0.06123822,  0.        ,  0.09447284, ..., -0.12288249,
         -0.05130812,  0.50789897],
        [-0.15525986, -0.09447284,  0.        , ..., -0.21608975,
         -0.14542705,  0.42424688],
        ...,
        [ 0.06187775,  0.12288249,  0.21608975, ...,  0.        ,
          0.07180137,  0.60990274],
        [-0.00994574,  0.05130812,  0.14542705, ..., -0.07180137,
          0.        ,  0.55142767],
        [-0.55969735, -0.50789897, -0.42424688, ..., -0.60990274,
         -0.55142767,  0.        ]],

       [[ 0.        , -0.17882847, -0.34349654, ..., -0.49514302,
         -0.26785096, -0.        ],
        [ 0.17882847,  0.        , -0.17001201, ..., -0.64252968,
         -0.43582742, -0.17882847],
        [ 0.34349654,  0.17001201,  0.        , ..., -0.76344926,
         -0.58249859, -0.34349654],
        ...,
        [ 0.49514302,  0.64252968,  0.76344926, ...,  0.        ,
         -0.24433868, -0.49514302],
        [ 0.26785096,  0.43582742,  0.58249859, ...,  0.24433868,
          0.        , -0.26785096],
        [ 0.        ,  0.17882847,  0.34349654, ...,  0.49514302,
          0.26785096,  0.        ]],

       [[ 0.        , -0.08554743, -0.15033923, ..., -0.64976528,
         -0.65398652, -0.52469917],
        [ 0.08554743,  0.        , -0.06521296, ..., -0.71241089,
         -0.71630623, -0.59560115],
        [ 0.15033923,  0.06521296,  0.        , ..., -0.75665845,
         -0.76028617, -0.64671762],
        ...,
        [ 0.64976528,  0.71241089,  0.75665845, ...,  0.        ,
          0.00556652, -0.15429505],
        [ 0.65398652,  0.71630623,  0.76028617, ..., -0.00556652,
          0.        , -0.15979252],
        [ 0.52469917,  0.59560115,  0.64671762, ...,  0.15429505,
          0.15979252,  0.        ]]]), 'num': array([2.42247090e+07, 1.08459000e+05, 5.45000000e+02, 4.42500000e+04,
       4.44000000e+04, 4.29500000e+04, 1.53100000e+05, 1.30000000e+03,
       4.27900000e+04, 4.36875000e+04, 5.05200000e+04, 5.24038462e+01,
       4.95057364e+04, 3.78692636e+04])}
{'img': array([[[ 0.        , -0.03155676,  0.04907641, ..., -0.99521237,
         -0.99521237, -0.95745281],
        [ 0.03155676,  0.        ,  0.0805707 , ..., -0.99163249,
         -0.99163249, -0.947869  ],
        [-0.04907641, -0.0805707 ,  0.        , ..., -0.9988097 ,
         -0.9988097 , -0.97046206],
        ...,
        [ 0.99521237,  0.99163249,  0.9988097 , ...,  0.        ,
          0.        ,  0.19363059],
        [ 0.99521237,  0.99163249,  0.9988097 , ...,  0.        ,
          0.        ,  0.19363059],
        [ 0.95745281,  0.947869  ,  0.97046206, ..., -0.19363059,
         -0.19363059,  0.        ]],

       [[ 0.        ,  0.20173425,  0.18004916, ...,  0.72402925,
          0.76307674,  0.6628307 ],
        [-0.20173425,  0.        , -0.02209003, ...,  0.56999334,
          0.61700567,  0.49815069],
        [-0.18004916,  0.02209003,  0.        , ...,  0.58800451,
          0.63423905,  0.51718318],
        ...,
        [-0.72402925, -0.56999334, -0.58800451, ...,  0.        ,
          0.05840106, -0.08493063],
        [-0.76307674, -0.61700567, -0.63423905, ..., -0.05840106,
          0.        , -0.14297572],
        [-0.6628307 , -0.49815069, -0.51718318, ...,  0.08493063,
          0.14297572,  0.        ]],

       [[ 0.        ,  0.00701844,  0.07958849, ..., -0.94482565,
         -0.98686337, -0.99816329],
        [-0.00701844,  0.        ,  0.07259036, ..., -0.94250333,
         -0.98570519, -0.99771352],
        [-0.07958849, -0.07259036,  0.        , ..., -0.91575739,
         -0.97087476, -0.99017537],
        ...,
        [ 0.94482565,  0.94250333,  0.91575739, ...,  0.        ,
          0.17062715,  0.26973352],
        [ 0.98686337,  0.98570519,  0.97087476, ..., -0.17062715,
          0.        ,  0.1014752 ],
        [ 0.99816329,  0.99771352,  0.99017537, ..., -0.26973352,
         -0.1014752 ,  0.        ]],

       ...,

       [[ 0.        ,  0.09447284,  0.34662565, ..., -0.05130812,
          0.50789897,  0.74818428],
        [-0.09447284,  0.        ,  0.25645948, ..., -0.14542705,
          0.42424688,  0.6821561 ],
        [-0.34662565, -0.25645948,  0.        , ..., -0.3942963 ,
          0.17782193,  0.47181652],
        ...,
        [ 0.05130812,  0.14542705,  0.3942963 , ...,  0.        ,
          0.55142767,  0.7812413 ],
        [-0.50789897, -0.42424688, -0.17782193, ..., -0.55142767,
          0.        ,  0.30751201],
        [-0.74818428, -0.6821561 , -0.47181652, ..., -0.7812413 ,
         -0.30751201,  0.        ]],

       [[ 0.        , -0.289696  , -0.54812988, ..., -0.49829166,
         -0.43164871, -0.        ],
        [ 0.289696  ,  0.        , -0.28232559, ..., -0.72809344,
         -0.67445695, -0.289696  ],
        [ 0.54812988,  0.28232559,  0.        , ..., -0.89200156,
         -0.85546411, -0.54812988],
        ...,
        [ 0.49829166,  0.72809344,  0.89200156, ...,  0.        ,
         -0.07523638, -0.49829166],
        [ 0.43164871,  0.67445695,  0.85546411, ...,  0.07523638,
          0.        , -0.43164871],
        [ 0.        ,  0.289696  ,  0.54812988, ...,  0.49829166,
          0.43164871,  0.        ]],

       [[ 0.        , -0.06521296, -0.05588671, ..., -0.71630623,
         -0.59560115, -0.75408429],
        [ 0.06521296,  0.        ,  0.00934329, ..., -0.76028617,
         -0.64671762, -0.79530954],
        [ 0.05588671, -0.00934329,  0.        , ..., -0.75418369,
         -0.63956299, -0.78961089],
        ...,
        [ 0.71630623,  0.76028617,  0.75418369, ...,  0.        ,
         -0.15979252,  0.05573559],
        [ 0.59560115,  0.64671762,  0.63956299, ...,  0.15979252,
          0.        ,  0.21456355],
        [ 0.75408429,  0.79530954,  0.78961089, ..., -0.05573559,
         -0.21456355,  0.        ]]]), 'num': array([2.44035820e+07, 5.71898200e+06, 4.18000000e+02, 4.47000000e+04,
       4.51000000e+04, 4.39000000e+04, 1.58399000e+05, 4.50000000e+02,
       4.35000000e+04, 4.34650000e+04, 5.03616667e+04, 6.27659574e+01,
       4.87462025e+04, 3.81837975e+04])}
{'img': array([[[ 0.        ,  0.0805707 ,  0.03155676, ..., -0.99163249,
         -0.947869  , -0.92634887],
        [-0.0805707 ,  0.        , -0.04907641, ..., -0.9988097 ,
         -0.97046206, -0.95368551],
        [-0.03155676,  0.04907641,  0.        , ..., -0.99521237,
         -0.95745281, -0.93777389],
        ...,
        [ 0.99163249,  0.9988097 ,  0.99521237, ...,  0.        ,
          0.19363059,  0.25392973],
        [ 0.947869  ,  0.97046206,  0.95745281, ..., -0.19363059,
          0.        ,  0.06184009],
        [ 0.92634887,  0.95368551,  0.93777389, ..., -0.25392973,
         -0.06184009,  0.        ]],

       [[ 0.        , -0.02871366,  0.13626576, ...,  0.64241135,
          0.52468366,  0.53986656],
        [ 0.02871366,  0.        ,  0.1646554 , ...,  0.66415147,
          0.54891118,  0.5638137 ],
        [-0.13626576, -0.1646554 ,  0.        , ...,  0.53199052,
          0.4037869 ,  0.42012907],
        ...,
        [-0.64241135, -0.66415147, -0.53199052, ...,  0.        ,
         -0.14478647, -0.12701801],
        [-0.52468366, -0.54891118, -0.4037869 , ...,  0.14478647,
          0.        ,  0.01793414],
        [-0.53986656, -0.5638137 , -0.42012907, ...,  0.12701801,
         -0.01793414,  0.        ]],

       [[ 0.        ,  0.07259036,  0.12241679, ..., -0.98570519,
         -0.99771352, -0.99671367],
        [-0.07259036,  0.        ,  0.05004945, ..., -0.97087476,
         -0.99017537, -0.99996438],
        [-0.12241679, -0.05004945,  0.        , ..., -0.95766678,
         -0.98193595, -0.99913358],
        ...,
        [ 0.98570519,  0.97087476,  0.95766678, ...,  0.        ,
          0.1014752 ,  0.24777302],
        [ 0.99771352,  0.99017537,  0.98193595, ..., -0.1014752 ,
          0.        ,  0.14818302],
        [ 0.99671367,  0.99996438,  0.99913358, ..., -0.24777302,
         -0.14818302,  0.        ]],

       ...,

       [[ 0.        ,  0.25645948,  0.02940334, ...,  0.42424688,
          0.6821561 ,  0.97285125],
        [-0.25645948,  0.        , -0.22792865, ...,  0.17782193,
          0.47181652,  0.88096147],
        [-0.02940334,  0.22792865,  0.        , ...,  0.39743736,
          0.66036124,  0.96562576],
        ...,
        [-0.42424688, -0.17782193, -0.39743736, ...,  0.        ,
          0.30751201,  0.7827781 ],
        [-0.6821561 , -0.47181652, -0.66036124, ..., -0.30751201,
          0.        ,  0.55348296],
        [-0.97285125, -0.88096147, -0.96562576, ..., -0.7827781 ,
         -0.55348296,  0.        ]],

       [[ 0.        , -0.46832287, -0.59930797, ..., -0.60895541,
         -0.46044647, -0.        ],
        [ 0.46832287,  0.        , -0.15462185, ..., -0.90952285,
         -0.82255523, -0.46832287],
        [ 0.59930797,  0.15462185,  0.        , ..., -0.96285386,
         -0.90059412, -0.59930797],
        ...,
        [ 0.60895541,  0.90952285,  0.96285386, ...,  0.        ,
         -0.1753339 , -0.60895541],
        [ 0.46044647,  0.82255523,  0.90059412, ...,  0.1753339 ,
          0.        , -0.46044647],
        [ 0.        ,  0.46832287,  0.59930797, ...,  0.60895541,
          0.46044647,  0.        ]],

       [[ 0.        ,  0.00934329, -0.00409538, ..., -0.64671762,
         -0.79530954, -0.87257391],
        [-0.00934329,  0.        , -0.01343842, ..., -0.63956299,
         -0.78961089, -0.86797179],
        [ 0.00409538,  0.01343842,  0.        , ..., -0.64983587,
         -0.79778551, -0.87456711],
        ...,
        [ 0.64671762,  0.63956299,  0.64983587, ...,  0.        ,
          0.21456355,  0.34962788],
        [ 0.79530954,  0.78961089,  0.79778551, ..., -0.21456355,
          0.        ,  0.1404629 ],
        [ 0.87257391,  0.86797179,  0.87456711, ..., -0.34962788,
         -0.1404629 ,  0.        ]]]), 'num': array([ 2.41949350e+07,  1.15893500e+06,  5.20000000e+02,  4.43000000e+04,
        4.45500000e+04,  4.35000000e+04,  1.33465000e+05, -4.00000000e+02,
        4.38300000e+04,  4.32000000e+04,  5.02000000e+04,  6.34408602e+01,
        4.76968878e+04,  3.87031122e+04])}
{'img': array([[[ 0.        , -0.04907641, -0.06493899, ..., -0.97046206,
         -0.95368551, -0.96875287],
        [ 0.04907641,  0.        , -0.01588792, ..., -0.95745281,
         -0.93777389, -0.95541322],
        [ 0.06493899,  0.01588792,  0.        , ..., -0.95274687,
         -0.9321385 , -0.95060137],
        ...,
        [ 0.97046206,  0.95745281,  0.95274687, ...,  0.        ,
          0.06184009,  0.00698645],
        [ 0.95368551,  0.93777389,  0.9321385 , ..., -0.06184009,
          0.        , -0.0548655 ],
        [ 0.96875287,  0.95541322,  0.95060137, ..., -0.00698645,
          0.0548655 ,  0.        ]],

       [[ 0.        ,  0.1646554 ,  0.41829891, ...,  0.54891118,
          0.5638137 ,  0.48908396],
        [-0.1646554 ,  0.        ,  0.26303156, ...,  0.4037869 ,
          0.42012907,  0.33879004],
        [-0.41829891, -0.26303156,  0.        , ...,  0.14893322,
          0.1666434 ,  0.07938391],
        ...,
        [-0.54891118, -0.4037869 , -0.14893322, ...,  0.        ,
          0.01793414, -0.06996464],
        [-0.5638137 , -0.42012907, -0.1666434 , ..., -0.01793414,
          0.        , -0.08784359],
        [-0.48908396, -0.33879004, -0.07938391, ...,  0.06996464,
          0.08784359,  0.        ]],

       [[ 0.        ,  0.05004945,  0.05400531, ..., -0.99017537,
         -0.99996438, -0.99753793],
        [-0.05004945,  0.        ,  0.00396122, ..., -0.98193595,
         -0.99913358, -0.99979767],
        [-0.05400531, -0.00396122,  0.        , ..., -0.98117873,
         -0.99896088, -0.99986951],
        ...,
        [ 0.99017537,  0.98193595,  0.98117873, ...,  0.        ,
          0.14818302,  0.20892687],
        [ 0.99996438,  0.99913358,  0.99896088, ..., -0.14818302,
          0.        ,  0.0617075 ],
        [ 0.99753793,  0.99979767,  0.99986951, ..., -0.20892687,
         -0.0617075 ,  0.        ]],

       ...,

       [[ 0.        , -0.22792865, -0.12466957, ...,  0.47181652,
          0.88096147,  0.90962215],
        [ 0.22792865,  0.        ,  0.10476243, ...,  0.66036124,
          0.96562576,  0.98036882],
        [ 0.12466957, -0.10476243,  0.        , ...,  0.57805631,
          0.93308063,  0.95431786],
        ...,
        [-0.47181652, -0.66036124, -0.57805631, ...,  0.        ,
          0.55348296,  0.60600106],
        [-0.88096147, -0.96562576, -0.93308063, ..., -0.55348296,
          0.        ,  0.06443867],
        [-0.90962215, -0.98036882, -0.95431786, ..., -0.60600106,
         -0.06443867,  0.        ]],

       [[ 0.        , -0.39533213, -0.50695141, ..., -0.67523254,
         -0.53034107, -0.        ],
        [ 0.39533213,  0.        , -0.12488799, ..., -0.91182583,
         -0.82229496, -0.39533213],
        [ 0.50695141,  0.12488799,  0.        , ..., -0.95596317,
         -0.88692603, -0.50695141],
        ...,
        [ 0.67523254,  0.91182583,  0.95596317, ...,  0.        ,
         -0.18126942, -0.67523254],
        [ 0.53034107,  0.82229496,  0.88692603, ...,  0.18126942,
          0.        , -0.53034107],
        [ 0.        ,  0.39533213,  0.50695141, ...,  0.67523254,
          0.53034107,  0.        ]],

       [[ 0.        , -0.01343842, -0.03840852, ..., -0.78961089,
         -0.86797179, -0.93462549],
        [ 0.01343842,  0.        , -0.02497655, ..., -0.79778551,
         -0.87456711, -0.93932024],
        [ 0.03840852,  0.02497655,  0.        , ..., -0.81259603,
         -0.88640552, -0.9475952 ],
        ...,
        [ 0.78961089,  0.79778551,  0.81259603, ...,  0.        ,
          0.1404629 ,  0.29268147],
        [ 0.86797179,  0.87456711,  0.88640552, ..., -0.1404629 ,
          0.        ,  0.15546778],
        [ 0.93462549,  0.93932024,  0.9475952 , ..., -0.29268147,
         -0.15546778,  0.        ]]]), 'num': array([ 2.39840910e+07,  8.48791000e+05,  5.27000000e+02,  4.39000000e+04,
        4.55000000e+04,  4.37000000e+04,  1.51826000e+05, -4.00000000e+02,
        4.40200000e+04,  4.29400000e+04,  5.00233333e+04,  6.21052632e+01,
        4.65576788e+04,  3.93223212e+04])}
{'img': array([[[ 0.        , -0.01588792, -0.04701511, ..., -0.93777389,
         -0.95541322, -0.97062912],
        [ 0.01588792,  0.        , -0.03113883, ..., -0.9321385 ,
         -0.95060137, -0.96668428],
        [ 0.04701511,  0.03113883,  0.        , ..., -0.92041105,
         -0.94047446, -0.95824484],
        ...,
        [ 0.93777389,  0.9321385 ,  0.92041105, ...,  0.        ,
         -0.0548655 , -0.11143719],
        [ 0.95541322,  0.95060137,  0.94047446, ...,  0.0548655 ,
          0.        , -0.05674557],
        [ 0.97062912,  0.96668428,  0.95824484, ...,  0.11143719,
          0.05674557,  0.        ]],

       [[ 0.        ,  0.26303156, -0.08022688, ...,  0.42012907,
          0.33879004,  0.39978758],
        [-0.26303156,  0.        , -0.33958558, ...,  0.1666434 ,
          0.07938391,  0.14461317],
        [ 0.08022688,  0.33958558,  0.        , ...,  0.49157787,
          0.41318042,  0.4720355 ],
        ...,
        [-0.42012907, -0.1666434 , -0.49157787, ...,  0.        ,
         -0.08784359, -0.0223006 ],
        [-0.33879004, -0.07938391, -0.41318042, ...,  0.08784359,
          0.        ,  0.06560735],
        [-0.39978758, -0.14461317, -0.4720355 , ...,  0.0223006 ,
         -0.06560735,  0.        ]],

       [[ 0.        ,  0.00396122, -0.00787262, ..., -0.99913358,
         -0.99979767, -0.99853462],
        [-0.00396122,  0.        , -0.01183366, ..., -0.99896088,
         -0.99986951, -0.99874115],
        [ 0.00787262,  0.01183366,  0.        , ..., -0.99943026,
         -0.99960833, -0.99807764],
        ...,
        [ 0.99913358,  0.99896088,  0.99943026, ...,  0.        ,
          0.0617075 ,  0.09562722],
        [ 0.99979767,  0.99986951,  0.99960833, ..., -0.0617075 ,
          0.        ,  0.03402027],
        [ 0.99853462,  0.99874115,  0.99807764, ..., -0.09562722,
         -0.03402027,  0.        ]],

       ...,

       [[ 0.        ,  0.10476243, -0.22031602, ...,  0.96562576,
          0.98036882,  0.9497804 ],
        [-0.10476243,  0.        , -0.32129195, ...,  0.93308063,
          0.95431786,  0.91177205],
        [ 0.22031602,  0.32129195,  0.        , ...,  0.99916707,
          0.99971998,  0.99538359],
        ...,
        [-0.96562576, -0.93308063, -0.99916707, ...,  0.        ,
          0.06443867, -0.05527853],
        [-0.98036882, -0.95431786, -0.99971998, ..., -0.06443867,
          0.        , -0.11950379],
        [-0.9497804 , -0.91177205, -0.99538359, ...,  0.05527853,
          0.11950379,  0.        ]],

       [[ 0.        , -0.32500895, -0.52175388, ..., -0.71872469,
         -0.54042926, -0.        ],
        [ 0.32500895,  0.        , -0.2161645 , ..., -0.90568283,
         -0.78454897, -0.32500895],
        [ 0.52175388,  0.2161645 ,  0.        , ..., -0.97591395,
         -0.90003629, -0.52175388],
        ...,
        [ 0.71872469,  0.90568283,  0.97591395, ...,  0.        ,
         -0.22896974, -0.71872469],
        [ 0.54042926,  0.78454897,  0.90003629, ...,  0.22896974,
          0.        , -0.54042926],
        [ 0.        ,  0.32500895,  0.52175388, ...,  0.71872469,
          0.54042926,  0.        ]],

       [[ 0.        , -0.02497655, -0.01828802, ..., -0.87456711,
         -0.93932024, -0.97845966],
        [ 0.02497655,  0.        ,  0.00669006, ..., -0.88640552,
         -0.9475952 , -0.98331053],
        [ 0.01828802, -0.00669006,  0.        , ..., -0.88328879,
         -0.9454367 , -0.98207137],
        ...,
        [ 0.87456711,  0.88640552,  0.88328879, ...,  0.        ,
          0.15546778,  0.29391552],
        [ 0.93932024,  0.9475952 ,  0.9454367 , ..., -0.15546778,
          0.        ,  0.14174081],
        [ 0.97845966,  0.98331053,  0.98207137, ..., -0.29391552,
         -0.14174081,  0.        ]]]), 'num': array([2.46375540e+07, 1.02410400e+06, 5.23000000e+02, 4.51500000e+04,
       4.54000000e+04, 4.44000000e+04, 1.35624000e+05, 1.25000000e+03,
       4.44600000e+04, 4.27500000e+04, 4.98725000e+04, 6.52173913e+01,
       4.53376630e+04, 4.01623370e+04])}
{'img': array([[[ 0.        , -0.03113883,  0.04834687, ..., -0.95060137,
         -0.96668428, -0.90878614],
        [ 0.03113883,  0.        ,  0.07942583, ..., -0.94047446,
         -0.95824484, -0.89535239],
        [-0.04834687, -0.07942583,  0.        , ..., -0.9644973 ,
         -0.97792927, -0.92789673],
        ...,
        [ 0.95060137,  0.94047446,  0.9644973 , ...,  0.        ,
         -0.05674557,  0.11454982],
        [ 0.96668428,  0.95824484,  0.97792927, ...,  0.05674557,
          0.        ,  0.17073729],
        [ 0.90878614,  0.89535239,  0.92789673, ..., -0.11454982,
         -0.17073729,  0.        ]],

       [[ 0.        , -0.33958558, -0.35475568, ...,  0.07938391,
          0.14461317,  0.08736493],
        [ 0.33958558,  0.        , -0.01617577, ...,  0.41318042,
          0.4720355 ,  0.42046042],
        [ 0.35475568,  0.01617577,  0.        , ...,  0.42785681,
          0.48623398,  0.43508186],
        ...,
        [-0.07938391, -0.41318042, -0.42785681, ...,  0.        ,
          0.06560735,  0.00800885],
        [-0.14461317, -0.4720355 , -0.48623398, ..., -0.06560735,
          0.        , -0.05761365],
        [-0.08736493, -0.42046042, -0.43508186, ..., -0.00800885,
          0.05761365,  0.        ]],

       [[ 0.        , -0.01183366,  0.00397817, ..., -0.99986951,
         -0.99874115, -0.9921318 ],
        [ 0.01183366,  0.        ,  0.01581146, ..., -0.99960833,
         -0.99807764, -0.99058078],
        [-0.00397817, -0.01581146,  0.        , ..., -0.99992586,
         -0.9989328 , -0.992622  ],
        ...,
        [ 0.99986951,  0.99960833,  0.99992586, ...,  0.        ,
          0.03402027,  0.10915426],
        [ 0.99874115,  0.99807764,  0.9989328 , ..., -0.03402027,
          0.        ,  0.07527409],
        [ 0.9921318 ,  0.99058078,  0.992622  , ..., -0.10915426,
         -0.07527409,  0.        ]],

       ...,

       [[ 0.        , -0.32129195, -0.06163693, ...,  0.95431786,
          0.91177205,  0.99817215],
        [ 0.32129195,  0.        ,  0.2623121 , ...,  0.99971998,
          0.99538359,  0.92583205],
        [ 0.06163693, -0.2623121 ,  0.        , ...,  0.97092006,
          0.93535252,  0.99254925],
        ...,
        [-0.95431786, -0.99971998, -0.97092006, ...,  0.        ,
         -0.11950379,  0.35592109],
        [-0.91177205, -0.99538359, -0.93535252, ...,  0.11950379,
          0.        ,  0.46504868],
        [-0.99817215, -0.92583205, -0.99254925, ..., -0.35592109,
         -0.46504868,  0.        ]],

       [[ 0.        , -0.40920026, -0.5758714 , ..., -0.72431191,
         -0.54348602, -0.        ],
        [ 0.40920026,  0.        , -0.19091305, ..., -0.9430268 ,
         -0.83939103, -0.40920026],
        [ 0.5758714 ,  0.19091305,  0.        , ..., -0.98920164,
         -0.92771867, -0.5758714 ],
        ...,
        [ 0.72431191,  0.9430268 ,  0.98920164, ...,  0.        ,
         -0.23328198, -0.72431191],
        [ 0.54348602,  0.83939103,  0.92771867, ...,  0.23328198,
          0.        , -0.54348602],
        [ 0.        ,  0.40920026,  0.5758714 , ...,  0.72431191,
          0.54348602,  0.        ]],

       [[ 0.        ,  0.00669006,  0.03993803, ..., -0.9475952 ,
         -0.98331053, -0.9997078 ],
        [-0.00669006,  0.        ,  0.03325242, ..., -0.9454367 ,
         -0.98207137, -0.99952371],
        [-0.03993803, -0.03325242,  0.        , ..., -0.93408003,
         -0.97525988, -0.99794478],
        ...,
        [ 0.9475952 ,  0.9454367 ,  0.93408003, ...,  0.        ,
          0.14174081,  0.2964742 ],
        [ 0.98331053,  0.98207137,  0.97525988, ..., -0.14174081,
          0.        ,  0.15811267],
        [ 0.9997078 ,  0.99952371,  0.99794478, ..., -0.2964742 ,
         -0.15811267,  0.        ]]]), 'num': array([2.49279220e+07, 7.98322000e+05, 5.28000000e+02, 4.57000000e+04,
       4.57500000e+04, 4.48000000e+04, 1.04224000e+05, 5.50000000e+02,
       4.47500000e+04, 4.28375000e+04, 4.97325000e+04, 6.79069767e+01,
       4.56866885e+04, 3.99883115e+04])}
{'img': array([[[ 0.        ,  0.07942583, -0.0303715 , ..., -0.95824484,
         -0.89535239, -0.86145893],
        [-0.07942583,  0.        , -0.10966474, ..., -0.97792927,
         -0.92789673, -0.89907199],
        [ 0.0303715 ,  0.10966474,  0.        , ..., -0.94911809,
         -0.88141314, -0.84563805],
        ...,
        [ 0.95824484,  0.97792927,  0.94911809, ...,  0.        ,
          0.17073729,  0.24028953],
        [ 0.89535239,  0.92789673,  0.88141314, ..., -0.17073729,
          0.        ,  0.07102636],
        [ 0.86145893,  0.89907199,  0.84563805, ..., -0.24028953,
         -0.07102636,  0.        ]],

       [[ 0.        , -0.01617577,  0.0051969 , ...,  0.4720355 ,
          0.42046042,  0.30244816],
        [ 0.01617577,  0.        ,  0.02137177, ...,  0.48623398,
          0.43508186,  0.31782678],
        [-0.0051969 , -0.02137177,  0.        , ...,  0.46744765,
          0.41573953,  0.29749057],
        ...,
        [-0.4720355 , -0.48623398, -0.46744765, ...,  0.        ,
         -0.05761365, -0.18329601],
        [-0.42046042, -0.43508186, -0.41573953, ...,  0.05761365,
          0.        , -0.126354  ],
        [-0.30244816, -0.31782678, -0.29749057, ...,  0.18329601,
          0.126354  ,  0.        ]],

       [[ 0.        ,  0.01581146, -0.01555305, ..., -0.99807764,
         -0.99058078, -0.98296626],
        [-0.01581146,  0.        , -0.03136065, ..., -0.9989328 ,
         -0.992622  , -0.98574931],
        [ 0.01555305,  0.03136065,  0.        , ..., -0.996993  ,
         -0.98833129, -0.97998893],
        ...,
        [ 0.99807764,  0.9989328 ,  0.996993  , ...,  0.        ,
          0.07527409,  0.12251241],
        [ 0.99058078,  0.992622  ,  0.98833129, ..., -0.07527409,
          0.        ,  0.04745778],
        [ 0.98296626,  0.98574931,  0.97998893, ..., -0.12251241,
         -0.04745778,  0.        ]],

       ...,

       [[ 0.        ,  0.25268905,  0.03390444, ...,  0.97361597,
          0.99982651,  0.91328794],
        [-0.25268905,  0.        , -0.21973961, ...,  0.88435791,
          0.96267289,  0.98657343],
        [-0.03390444,  0.21973961,  0.        , ...,  0.96531946,
          0.99862015,  0.92657265],
        ...,
        [-0.97361597, -0.88435791, -0.96531946, ...,  0.        ,
          0.21001786,  0.60497366],
        [-0.99982651, -0.96267289, -0.99862015, ..., -0.21001786,
          0.        ,  0.4242555 ],
        [-0.91328794, -0.98657343, -0.92657265, ..., -0.60497366,
         -0.4242555 ,  0.        ]],

       [[ 0.        , -0.43433629, -0.55064916, ..., -0.55467592,
         -0.        , -0.30623136],
        [ 0.43433629,  0.        , -0.13344118, ..., -0.86102144,
         -0.43433629, -0.68930766],
        [ 0.55064916,  0.13344118,  0.        , ..., -0.9211851 ,
         -0.55064916, -0.77981696],
        ...,
        [ 0.55467592,  0.86102144,  0.9211851 , ...,  0.        ,
         -0.55467592, -0.27322285],
        [ 0.        ,  0.43433629,  0.55064916, ...,  0.55467592,
          0.        ,  0.30623136],
        [ 0.30623136,  0.68930766,  0.77981696, ...,  0.27322285,
         -0.30623136,  0.        ]],

       [[ 0.        ,  0.03325242,  0.03119022, ..., -0.98207137,
         -0.99952371, -0.99810254],
        [-0.03325242,  0.        , -0.00206326, ..., -0.97525988,
         -0.99794478, -0.99550311],
        [-0.03119022,  0.00206326,  0.        , ..., -0.97571391,
         -0.99807487, -0.99569644],
        ...,
        [ 0.98207137,  0.97525988,  0.97571391, ...,  0.        ,
          0.15811267,  0.12768209],
        [ 0.99952371,  0.99794478,  0.99807487, ..., -0.15811267,
          0.        , -0.03074256],
        [ 0.99810254,  0.99550311,  0.99569644, ..., -0.12768209,
          0.03074256,  0.        ]]]), 'num': array([2.50869100e+07, 7.06910000e+05, 5.30000000e+02, 4.60000000e+04,
       4.70000000e+04, 4.55500000e+04, 1.47518000e+05, 3.00000000e+02,
       4.50100000e+04, 4.29500000e+04, 4.96008333e+04, 6.87782805e+01,
       4.60965855e+04, 3.98034145e+04])}
{'img': array([[[ 0.        , -0.10966474, -0.16784678, ..., -0.92789673,
         -0.89907199, -0.88180528],
        [ 0.10966474,  0.        , -0.0587255 , ..., -0.88141314,
         -0.84563805, -0.82476741],
        [ 0.16784678,  0.0587255 ,  0.        , ..., -0.85215321,
         -0.81283349, -0.79013636],
        ...,
        [ 0.92789673,  0.88141314,  0.85215321, ...,  0.        ,
          0.07102636,  0.10883886],
        [ 0.89907199,  0.84563805,  0.81283349, ..., -0.07102636,
          0.        ,  0.03795956],
        [ 0.88180528,  0.82476741,  0.79013636, ..., -0.10883886,
         -0.03795956,  0.        ]],

       [[ 0.        ,  0.02137177, -0.20112811, ...,  0.43508186,
          0.31782678,  0.47312892],
        [-0.02137177,  0.        , -0.22201722, ...,  0.41573953,
          0.29749057,  0.45419247],
        [ 0.20112811,  0.22201722,  0.        , ...,  0.60728486,
          0.50203135,  0.64065301],
        ...,
        [-0.43508186, -0.41573953, -0.60728486, ...,  0.        ,
         -0.126354  ,  0.04269682],
        [-0.31782678, -0.29749057, -0.50203135, ...,  0.126354  ,
          0.        ,  0.16859338],
        [-0.47312892, -0.45419247, -0.64065301, ..., -0.04269682,
         -0.16859338,  0.        ]],

       [[ 0.        , -0.03136065, -0.06544973, ..., -0.992622  ,
         -0.98574931, -0.97795292],
        [ 0.03136065,  0.        , -0.03412412, ..., -0.98833129,
         -0.97998893, -0.97092299],
        [ 0.06544973,  0.03412412,  0.        , ..., -0.98255791,
         -0.97262571, -0.96218848],
        ...,
        [ 0.992622  ,  0.98833129,  0.98255791, ...,  0.        ,
          0.04745778,  0.08870802],
        [ 0.98574931,  0.97998893,  0.97262571, ..., -0.04745778,
          0.        ,  0.04133738],
        [ 0.97795292,  0.97092299,  0.96218848, ..., -0.08870802,
         -0.04133738,  0.        ]],

       ...,

       [[ 0.        , -0.21717701, -0.14601102, ...,  0.94773804,
          0.99760048,  0.98440328],
        [ 0.21717701,  0.        ,  0.07232346, ...,  0.99440788,
          0.98882591,  0.92270056],
        [ 0.14601102, -0.07232346,  0.        , ...,  0.98416584,
          0.99701801,  0.94816617],
        ...,
        [-0.94773804, -0.99440788, -0.98416584, ...,  0.        ,
          0.25266879,  0.48080576],
        [-0.99760048, -0.98882591, -0.99701801, ..., -0.25266879,
          0.        ,  0.24365813],
        [-0.98440328, -0.92270056, -0.94816617, ..., -0.48080576,
         -0.24365813,  0.        ]],

       [[ 0.        , -0.36619273, -0.43336894, ..., -0.        ,
         -0.31392277, -0.45580307],
        [ 0.36619273,  0.        , -0.07324774, ..., -0.36619273,
         -0.63979854, -0.75008361],
        [ 0.43336894,  0.07324774,  0.        , ..., -0.43336894,
         -0.69437391, -0.7965106 ],
        ...,
        [ 0.        ,  0.36619273,  0.43336894, ...,  0.        ,
          0.31392277,  0.45580307],
        [ 0.31392277,  0.63979854,  0.69437391, ..., -0.31392277,
          0.        ,  0.15334497],
        [ 0.45580307,  0.75008361,  0.7965106 , ..., -0.45580307,
         -0.15334497,  0.        ]],

       [[ 0.        , -0.00206326, -0.03457298, ..., -0.99794478,
         -0.99550311, -0.99174034],
        [ 0.00206326,  0.        , -0.03251088, ..., -0.99807487,
         -0.99569644, -0.99200287],
        [ 0.03457298,  0.03251088,  0.        , ..., -0.99956361,
         -0.99818303, -0.99558185],
        ...,
        [ 0.99794478,  0.99807487,  0.99956361, ...,  0.        ,
         -0.03074256, -0.0644477 ],
        [ 0.99550311,  0.99569644,  0.99818303, ...,  0.03074256,
          0.        , -0.03373859],
        [ 0.99174034,  0.99200287,  0.99558185, ...,  0.0644477 ,
          0.03373859,  0.        ]]]), 'num': array([2.54881280e+07, 4.76878000e+05, 5.35000000e+02, 4.67500000e+04,
       4.76000000e+04, 4.53500000e+04, 1.69573000e+05, 7.50000000e+02,
       4.55000000e+04, 4.31725000e+04, 4.94733333e+04, 7.32456140e+01,
       4.67089495e+04, 3.96360505e+04])}
{'img': array([[[ 0.        , -0.0587255 ,  0.28728184, ..., -0.84563805,
         -0.82476741, -0.76868274],
        [ 0.0587255 ,  0.        ,  0.34303603, ..., -0.81283349,
         -0.79013636, -0.72979352],
        [-0.28728184, -0.34303603,  0.        , ..., -0.96332973,
         -0.95245011, -0.92003392],
        ...,
        [ 0.84563805,  0.81283349,  0.96332973, ...,  0.        ,
          0.03795956,  0.13060605],
        [ 0.82476741,  0.79013636,  0.95245011, ..., -0.03795956,
          0.        ,  0.0928775 ],
        [ 0.76868274,  0.72979352,  0.92003392, ..., -0.13060605,
         -0.0928775 ,  0.        ]],

       [[ 0.        , -0.22201722,  0.11802975, ...,  0.29749057,
          0.45419247,  0.51876372],
        [ 0.22201722,  0.        ,  0.33554938, ...,  0.50203135,
          0.64065301,  0.69562324],
        [-0.11802975, -0.33554938,  0.        , ...,  0.18272521,
          0.34586457,  0.41423188],
        ...,
        [-0.29749057, -0.50203135, -0.18272521, ...,  0.        ,
          0.16859338,  0.24094662],
        [-0.45419247, -0.64065301, -0.34586457, ..., -0.16859338,
          0.        ,  0.07387129],
        [-0.51876372, -0.69562324, -0.41423188, ..., -0.24094662,
         -0.07387129,  0.        ]],

       [[ 0.        , -0.03412412,  0.01555305, ..., -0.97998893,
         -0.97092299, -0.95014909],
        [ 0.03412412,  0.        ,  0.04966399, ..., -0.97262571,
         -0.96218848, -0.93895596],
        [-0.01555305, -0.04966399,  0.        , ..., -0.98296626,
         -0.97452883, -0.95488354],
        ...,
        [ 0.97998893,  0.97262571,  0.98296626, ...,  0.        ,
          0.04133738,  0.11642749],
        [ 0.97092299,  0.96218848,  0.97452883, ..., -0.04133738,
          0.        ,  0.07527172],
        [ 0.95014909,  0.93895596,  0.95488354, ..., -0.11642749,
         -0.07527172,  0.        ]],

       ...,

       [[ 0.        ,  0.0685189 ,  0.67126715, ...,  0.98874204,
          0.99518224,  0.90302434],
        [-0.0685189 ,  0.        ,  0.61890228, ...,  0.97616582,
          0.98612562,  0.93033706],
        [-0.67126715, -0.61890228,  0.        , ...,  0.63242913,
          0.67183185,  0.95770488],
        ...,
        [-0.98874204, -0.97616582, -0.63242913, ...,  0.        ,
          0.05197061,  0.55987275],
        [-0.99518224, -0.98612562, -0.67183185, ..., -0.05197061,
          0.        ,  0.51605441],
        [-0.90302434, -0.93033706, -0.95770488, ..., -0.55987275,
         -0.51605441,  0.        ]],

       [[ 0.        , -0.11725689, -0.27121031, ..., -0.49998669,
         -0.62846534, -0.75115331],
        [ 0.11725689,  0.        , -0.15647728, ..., -0.59808594,
         -0.71533676, -0.8233761 ],
        [ 0.27121031,  0.15647728,  0.        , ..., -0.71612434,
         -0.8158681 , -0.90203363],
        ...,
        [ 0.49998669,  0.59808594,  0.71612434, ...,  0.        ,
          0.15536334,  0.32046851],
        [ 0.62846534,  0.71533676,  0.8158681 , ..., -0.15536334,
          0.        ,  0.16940784],
        [ 0.75115331,  0.8233761 ,  0.90203363, ..., -0.32046851,
         -0.16940784,  0.        ]],

       [[ 0.        , -0.03251088, -0.00389458, ..., -0.99569644,
         -0.99200287, -0.98751431],
        [ 0.03251088,  0.        ,  0.02861812, ..., -0.99818303,
         -0.99558185, -0.99211371],
        [ 0.00389458, -0.02861812,  0.        , ..., -0.99604982,
         -0.9924869 , -0.98812033],
        ...,
        [ 0.99569644,  0.99818303,  0.99604982, ...,  0.        ,
         -0.03373859, -0.06533375],
        [ 0.99200287,  0.99558185,  0.9924869 , ...,  0.03373859,
          0.        , -0.03163005],
        [ 0.98751431,  0.99211371,  0.98812033, ...,  0.06533375,
          0.03163005,  0.        ]]]), 'num': array([ 2.51108020e+07,  2.89852000e+05,  5.39000000e+02,  4.60500000e+04,
        4.77000000e+04,  4.56000000e+04,  1.17412000e+05, -7.00000000e+02,
        4.59300000e+04,  4.33850000e+04,  4.93458333e+04,  7.66055046e+01,
        4.70735092e+04,  3.96964908e+04])}
{'img': array([[[ 0.        ,  0.34303603,  0.15169707, ..., -0.79013636,
         -0.72979352, -0.78627131],
        [-0.34303603,  0.        , -0.19657366, ..., -0.95245011,
         -0.92003392, -0.95051771],
        [-0.15169707,  0.19657366,  0.        , ..., -0.87397199,
         -0.82505802, -0.87090261],
        ...,
        [ 0.79013636,  0.95245011,  0.87397199, ...,  0.        ,
          0.0928775 ,  0.00628044],
        [ 0.72979352,  0.92003392,  0.82505802, ..., -0.0928775 ,
          0.        , -0.08662238],
        [ 0.78627131,  0.95051771,  0.87090261, ..., -0.00628044,
          0.08662238,  0.        ]],

       [[ 0.        ,  0.33554938,  0.31578561, ...,  0.64065301,
          0.69562324,  0.54980048],
        [-0.33554938,  0.        , -0.02090232, ...,  0.34586457,
          0.41423188,  0.23764143],
        [-0.31578561,  0.02090232,  0.        , ...,  0.36540133,
          0.43316607,  0.25789304],
        ...,
        [-0.64065301, -0.34586457, -0.36540133, ...,  0.        ,
          0.07387129, -0.11298131],
        [-0.69562324, -0.41423188, -0.43316607, ..., -0.07387129,
          0.        , -0.18607092],
        [-0.54980048, -0.23764143, -0.25789304, ...,  0.11298131,
          0.18607092,  0.        ]],

       [[ 0.        ,  0.04966399,  0.06544973, ..., -0.96218848,
         -0.93895596, -0.91508704],
        [-0.04966399,  0.        ,  0.01581146, ..., -0.97452883,
         -0.95488354, -0.93398512],
        [-0.06544973, -0.01581146,  0.        , ..., -0.97795292,
         -0.95945987, -0.93951799],
        ...,
        [ 0.96218848,  0.97452883,  0.97795292, ...,  0.        ,
          0.07527172,  0.13875313],
        [ 0.93895596,  0.95488354,  0.95945987, ..., -0.07527172,
          0.        ,  0.06381588],
        [ 0.91508704,  0.93398512,  0.93951799, ..., -0.13875313,
         -0.06381588,  0.        ]],

       ...,

       [[ 0.        ,  0.59258127,  0.63437608, ...,  0.95692893,
          0.99894849,  0.91689936],
        [-0.59258127,  0.        ,  0.05291682, ...,  0.5987769 ,
          0.77749587,  0.97508236],
        [-0.63437608, -0.05291682,  0.        , ...,  0.55555605,
          0.74312778,  0.96197696],
        ...,
        [-0.95692893, -0.5987769 , -0.55555605, ...,  0.        ,
          0.24614513,  0.64812435],
        [-0.99894849, -0.77749587, -0.74312778, ..., -0.24614513,
          0.        ,  0.44073548],
        [-0.91689936, -0.97508236, -0.96197696, ..., -0.64812435,
         -0.44073548,  0.        ]],

       [[ 0.        , -0.15647728, -0.24039582, ..., -0.71533676,
         -0.8233761 , -0.86852713],
        [ 0.15647728,  0.        , -0.08554595, ..., -0.8158681 ,
         -0.90203363, -0.93538488],
        [ 0.24039582,  0.08554595,  0.        , ..., -0.86234324,
         -0.93565424, -0.9622077 ],
        ...,
        [ 0.71533676,  0.8158681 ,  0.86234324, ...,  0.        ,
          0.16940784,  0.25235861],
        [ 0.8233761 ,  0.90203363,  0.93565424, ..., -0.16940784,
          0.        ,  0.08478628],
        [ 0.86852713,  0.93538488,  0.9622077 , ..., -0.25235861,
         -0.08478628,  0.        ]],

       [[ 0.        ,  0.02861812,  0.03161892, ..., -0.99558185,
         -0.99211371, -0.99349557],
        [-0.02861812,  0.        ,  0.00300216, ..., -0.9924869 ,
         -0.98812033, -0.98982988],
        [-0.03161892, -0.00300216,  0.        , ..., -0.99211511,
         -0.9876545 , -0.98939834],
        ...,
        [ 0.99558185,  0.9924869 ,  0.99211511, ...,  0.        ,
         -0.03163005, -0.02008072],
        [ 0.99211371,  0.98812033,  0.9876545 , ...,  0.03163005,
          0.        ,  0.011553  ],
        [ 0.99349557,  0.98982988,  0.98939834, ...,  0.02008072,
         -0.011553  ,  0.        ]]]), 'num': array([2.53555700e+07, 5.95700000e+04, 5.44000000e+02, 4.65000000e+04,
       4.69000000e+04, 4.57500000e+04, 9.79460000e+04, 4.50000000e+02,
       4.62000000e+04, 4.36300000e+04, 4.92325000e+04, 7.28723404e+01,
       4.74599347e+04, 3.98000653e+04])}
{'img': array([[[ 0.        , -0.19657366, -0.30154588, ..., -0.92003392,
         -0.95051771, -0.93164306],
        [ 0.19657366,  0.        , -0.10823896, ..., -0.82505802,
         -0.87090261, -0.84203592],
        [ 0.30154588,  0.10823896,  0.        , ..., -0.75905052,
         -0.81259133, -0.77870247],
        ...,
        [ 0.92003392,  0.82505802,  0.75905052, ...,  0.        ,
         -0.08662238, -0.03073673],
        [ 0.95051771,  0.87090261,  0.81259133, ...,  0.08662238,
          0.        ,  0.05596026],
        [ 0.93164306,  0.84203592,  0.77870247, ...,  0.03073673,
         -0.05596026,  0.        ]],

       [[ 0.        , -0.02110559, -0.15568121, ...,  0.41581955,
          0.23889453,  0.15536176],
        [ 0.02110559,  0.        , -0.13479827, ...,  0.43492135,
          0.25933581,  0.17617647],
        [ 0.15568121,  0.13479827,  0.        , ...,  0.55233344,
          0.38715531,  0.30725836],
        ...,
        [-0.41581955, -0.43492135, -0.55233344, ...,  0.        ,
         -0.18651776, -0.26947722],
        [-0.23889453, -0.25933581, -0.38715531, ...,  0.18651776,
          0.        , -0.08513045],
        [-0.15536176, -0.17617647, -0.30725836, ...,  0.26947722,
          0.08513045,  0.        ]],

       [[ 0.        ,  0.01581146, -0.01555305, ..., -0.95488354,
         -0.93398512, -0.9192546 ],
        [-0.01581146,  0.        , -0.03136065, ..., -0.95945987,
         -0.93951799, -0.92536408],
        [ 0.01555305,  0.03136065,  0.        , ..., -0.95014909,
         -0.92831486, -0.91302074],
        ...,
        [ 0.95488354,  0.95945987,  0.95014909, ...,  0.        ,
          0.06381588,  0.10290215],
        [ 0.93398512,  0.93951799,  0.92831486, ..., -0.06381588,
          0.        ,  0.0392153 ],
        [ 0.9192546 ,  0.92536408,  0.91302074, ..., -0.10290215,
         -0.0392153 ,  0.        ]],

       ...,

       [[ 0.        ,  0.05291682,  0.17233659, ...,  0.77749587,
          0.97508236,  0.7614281 ],
        [-0.05291682,  0.        ,  0.11997005, ...,  0.74312778,
          0.96197696,  0.72605799],
        [-0.17233659, -0.11997005,  0.        , ...,  0.65748264,
          0.92226159,  0.63831862],
        ...,
        [-0.77749587, -0.74312778, -0.65748264, ...,  0.        ,
          0.44073548, -0.02515817],
        [-0.97508236, -0.96197696, -0.92226159, ..., -0.44073548,
          0.        , -0.46317889],
        [-0.7614281 , -0.72605799, -0.63831862, ...,  0.02515817,
          0.46317889,  0.        ]],

       [[ 0.        , -0.08554595, -0.24497968, ..., -0.90203363,
         -0.93538488, -0.96121141],
        [ 0.08554595,  0.        , -0.16114243, ..., -0.93565424,
         -0.9622077 , -0.98128248],
        [ 0.24497968,  0.16114243,  0.        , ..., -0.98029639,
         -0.99351453, -0.99949008],
        ...,
        [ 0.90203363,  0.93565424,  0.98029639, ...,  0.        ,
          0.08478628,  0.16612974],
        [ 0.93538488,  0.9622077 ,  0.99351453, ..., -0.08478628,
          0.        ,  0.08192346],
        [ 0.96121141,  0.98128248,  0.99949008, ..., -0.16612974,
         -0.08192346,  0.        ]],

       [[ 0.        ,  0.00300216,  0.04167169, ..., -0.98812033,
         -0.98982988, -0.99241055],
        [-0.00300216,  0.        ,  0.03867194, ..., -0.9876545 ,
         -0.98939834, -0.99203691],
        [-0.04167169, -0.03867194,  0.        , ..., -0.98085782,
         -0.98304202, -0.98642419],
        ...,
        [ 0.98812033,  0.9876545 ,  0.98085782, ...,  0.        ,
          0.011553  ,  0.03100792],
        [ 0.98982988,  0.98939834,  0.98304202, ..., -0.011553  ,
          0.        ,  0.01945841],
        [ 0.99241055,  0.99203691,  0.98642419, ..., -0.03100792,
         -0.01945841,  0.        ]]]), 'num': array([2.53827700e+07, 5.95700000e+04, 5.44000000e+02, 4.65500000e+04,
       4.66000000e+04, 4.57500000e+04, 8.77990000e+04, 5.00000000e+01,
       4.63700000e+04, 4.38575000e+04, 4.90850000e+04, 8.21428571e+01,
       4.78116466e+04, 3.99033534e+04])}
{'img': array([[[ 0.        , -0.10823896, -0.0933894 , ..., -0.87090261,
         -0.84203592, -0.83869322],
        [ 0.10823896,  0.        ,  0.01492519, ..., -0.81259133,
         -0.77870247, -0.77481843],
        [ 0.0933894 , -0.01492519,  0.        , ..., -0.82119973,
         -0.7879797 , -0.78416759],
        ...,
        [ 0.87090261,  0.81259133,  0.82119973, ...,  0.        ,
          0.05596026,  0.06211667],
        [ 0.84203592,  0.77870247,  0.7879797 , ..., -0.05596026,
          0.        ,  0.00616715],
        [ 0.83869322,  0.77481843,  0.78416759, ..., -0.06211667,
         -0.00616715,  0.        ]],

       [[ 0.        , -0.13479827, -0.10081012, ...,  0.25933581,
          0.17617647,  0.12652345],
        [ 0.13479827,  0.        ,  0.03422153, ...,  0.38715531,
          0.30725836,  0.25908366],
        [ 0.10081012, -0.03422153,  0.        , ...,  0.3553758 ,
          0.27451228,  0.22587887],
        ...,
        [-0.25933581, -0.38715531, -0.3553758 , ...,  0.        ,
         -0.08513045, -0.13505696],
        [-0.17617647, -0.30725836, -0.27451228, ...,  0.08513045,
          0.        , -0.0502162 ],
        [-0.12652345, -0.25908366, -0.22587887, ...,  0.13505696,
          0.0502162 ,  0.        ]],

       [[ 0.        , -0.03136065, -0.03136065, ..., -0.93951799,
         -0.92536408, -0.91583895],
        [ 0.03136065,  0.        ,  0.        , ..., -0.92831486,
         -0.91302074, -0.90279574],
        [ 0.03136065,  0.        ,  0.        , ..., -0.92831486,
         -0.91302074, -0.90279574],
        ...,
        [ 0.93951799,  0.92831486,  0.92831486, ...,  0.        ,
          0.0392153 ,  0.06358505],
        [ 0.92536408,  0.91302074,  0.91302074, ..., -0.0392153 ,
          0.        ,  0.0244002 ],
        [ 0.91583895,  0.90279574,  0.90279574, ..., -0.06358505,
         -0.0244002 ,  0.        ]],

       ...,

       [[ 0.        ,  0.10725377,  0.06112633, ...,  0.73826716,
          0.61105352,  0.98472893],
        [-0.10725377,  0.        , -0.04627947, ...,  0.66166503,
          0.52262783,  0.96037639],
        [-0.06112633,  0.04627947,  0.        , ...,  0.69565641,
          0.56152393,  0.97224575],
        ...,
        [-0.73826716, -0.66166503, -0.69565641, ...,  0.        ,
         -0.17224364,  0.53567959],
        [-0.61105352, -0.52262783, -0.56152393, ...,  0.17224364,
          0.        ,  0.67311973],
        [-0.98472893, -0.96037639, -0.97224575, ..., -0.53567959,
         -0.67311973,  0.        ]],

       [[ 0.        , -0.16114243, -0.25936686, ..., -0.9622077 ,
         -0.98128248, -0.99228397],
        [ 0.16114243,  0.        , -0.10034928, ..., -0.99351453,
         -0.99949008, -0.99929537],
        [ 0.25936686,  0.10034928,  0.        , ..., -0.99990978,
         -0.99764917, -0.99048475],
        ...,
        [ 0.9622077 ,  0.99351453,  0.99990978, ...,  0.        ,
          0.08192346,  0.15091517],
        [ 0.98128248,  0.99949008,  0.99764917, ..., -0.08192346,
          0.        ,  0.06942272],
        [ 0.99228397,  0.99929537,  0.99048475, ..., -0.15091517,
         -0.06942272,  0.        ]],

       [[ 0.        ,  0.03867194,  0.06439116, ..., -0.98939834,
         -0.99203691, -0.99425162],
        [-0.03867194,  0.        ,  0.02575131, ..., -0.98304202,
         -0.98642419, -0.98936732],
        [-0.06439116, -0.02575131,  0.        , ..., -0.97799374,
         -0.98186826, -0.985294  ],
        ...,
        [ 0.98939834,  0.98304202,  0.97799374, ...,  0.        ,
          0.01945841,  0.03845866],
        [ 0.99203691,  0.98642419,  0.98186826, ..., -0.01945841,
          0.        ,  0.01900736],
        [ 0.99425162,  0.98936732,  0.985294  , ..., -0.03845866,
         -0.01900736,  0.        ]]]), 'num': array([ 2.50835700e+07,  5.95700000e+04,  5.44000000e+02,  4.60000000e+04,
        4.65500000e+04,  4.56000000e+04,  9.14210000e+04, -5.50000000e+02,
        4.63700000e+04,  4.40650000e+04,  4.89466667e+04,  7.24832215e+01,
        4.80115301e+04,  4.01184699e+04])}
{'img': array([[[ 0.        ,  0.01492519,  0.24518363, ..., -0.77870247,
         -0.77481843, -0.81623576],
        [-0.01492519,  0.        ,  0.2306867 , ..., -0.7879797 ,
         -0.78416759, -0.82476741],
        [-0.24518363, -0.2306867 ,  0.        , ..., -0.90876045,
         -0.90616951, -0.93296874],
        ...,
        [ 0.77870247,  0.7879797 ,  0.90876045, ...,  0.        ,
          0.00616715, -0.06222975],
        [ 0.77481843,  0.78416759,  0.90616951, ..., -0.00616715,
          0.        , -0.06838376],
        [ 0.81623576,  0.82476741,  0.93296874, ...,  0.06222975,
          0.06838376,  0.        ]],

       [[ 0.        ,  0.03422153,  0.13923543, ...,  0.30725836,
          0.25908366,  0.27691726],
        [-0.03422153,  0.        ,  0.10526569, ...,  0.27451228,
          0.22587887,  0.2438718 ],
        [-0.13923543, -0.10526569,  0.        , ...,  0.17176537,
          0.12207878,  0.14042943],
        ...,
        [-0.30725836, -0.27451228, -0.17176537, ...,  0.        ,
         -0.0502162 , -0.03172094],
        [-0.25908366, -0.22587887, -0.12207878, ...,  0.0502162 ,
          0.        ,  0.01851001],
        [-0.27691726, -0.2438718 , -0.14042943, ...,  0.03172094,
         -0.01851001,  0.        ]],

       [[ 0.        ,  0.        ,  0.07208364, ..., -0.91302074,
         -0.90279574, -0.90279574],
        [ 0.        ,  0.        ,  0.07208364, ..., -0.91302074,
         -0.90279574, -0.90279574],
        [-0.07208364, -0.07208364,  0.        , ..., -0.94004946,
         -0.93144818, -0.93144818],
        ...,
        [ 0.91302074,  0.91302074,  0.94004946, ...,  0.        ,
          0.0244002 ,  0.0244002 ],
        [ 0.90279574,  0.90279574,  0.93144818, ..., -0.0244002 ,
          0.        ,  0.        ],
        [ 0.90279574,  0.90279574,  0.93144818, ..., -0.0244002 ,
          0.        ,  0.        ]],

       ...,

       [[ 0.        , -0.04627947,  0.        , ...,  0.52262783,
          0.96037639,  0.50883425],
        [ 0.04627947,  0.        ,  0.04627947, ...,  0.56152393,
          0.97224575,  0.54812941],
        [ 0.        , -0.04627947,  0.        , ...,  0.52262783,
          0.96037639,  0.50883425],
        ...,
        [-0.52262783, -0.56152393, -0.52262783, ...,  0.        ,
          0.67311973, -0.01609955],
        [-0.96037639, -0.97224575, -0.96037639, ..., -0.67311973,
          0.        , -0.68493864],
        [-0.50883425, -0.54812941, -0.50883425, ...,  0.01609955,
          0.68493864,  0.        ]],

       [[ 0.        , -0.10034928, -0.22736746, ..., -0.99949008,
         -0.99929537, -0.99716603],
        [ 0.10034928,  0.        , -0.12849874, ..., -0.99764917,
         -0.99048475, -0.98458309],
        [ 0.22736746,  0.12849874,  0.        , ..., -0.98057252,
         -0.96458898, -0.95394389],
        ...,
        [ 0.99949008,  0.99764917,  0.98057252, ...,  0.        ,
          0.06942272,  0.10703445],
        [ 0.99929537,  0.99048475,  0.96458898, ..., -0.06942272,
          0.        ,  0.0377523 ],
        [ 0.99716603,  0.98458309,  0.95394389, ..., -0.10703445,
         -0.0377523 ,  0.        ]],

       [[ 0.        ,  0.02575131,  0.12018369, ..., -0.98642419,
         -0.98936732, -0.9942259 ],
        [-0.02575131,  0.        ,  0.09457918, ..., -0.98186826,
         -0.985294  , -0.99113289],
        [-0.12018369, -0.09457918,  0.        , ..., -0.95953802,
         -0.96471675, -0.97412283],
        ...,
        [ 0.98642419,  0.98186826,  0.95953802, ...,  0.        ,
          0.01900736,  0.05741853],
        [ 0.98936732,  0.985294  ,  0.96471675, ..., -0.01900736,
          0.        ,  0.03843215],
        [ 0.9942259 ,  0.99113289,  0.97412283, ..., -0.05741853,
         -0.03843215,  0.        ]]]), 'num': array([2.55459700e+07, 5.95700000e+04, 5.44000000e+02, 4.68500000e+04,
       4.69000000e+04, 4.60000000e+04, 9.79720000e+04, 8.50000000e+02,
       4.63900000e+04, 4.43150000e+04, 4.88341667e+04, 7.43750000e+01,
       4.83018659e+04, 4.03281341e+04])}
{'img': array([[[ 0.        ,  0.2306867 ,  0.39079907, ..., -0.78416759,
         -0.82476741, -0.76079993],
        [-0.2306867 ,  0.        ,  0.1679169 , ..., -0.90616951,
         -0.93296874, -0.88999224],
        [-0.39079907, -0.1679169 ,  0.        , ..., -0.96431747,
         -0.98016459, -0.9539214 ],
        ...,
        [ 0.78416759,  0.90616951,  0.96431747, ...,  0.        ,
         -0.06838376,  0.03680047],
        [ 0.82476741,  0.93296874,  0.98016459, ...,  0.06838376,
          0.        ,  0.10505176],
        [ 0.76079993,  0.88999224,  0.9539214 , ..., -0.03680047,
         -0.10505176,  0.        ]],

       [[ 0.        ,  0.10526569,  0.4487434 , ...,  0.22587887,
          0.2438718 ,  0.27463024],
        [-0.10526569,  0.        ,  0.35217843, ...,  0.12207878,
          0.14042943,  0.17188622],
        [-0.4487434 , -0.35217843,  0.        , ..., -0.23528674,
         -0.21725607, -0.18606294],
        ...,
        [-0.22587887, -0.12207878,  0.23528674, ...,  0.        ,
          0.01851001,  0.05033872],
        [-0.2438718 , -0.14042943,  0.21725607, ..., -0.01851001,
          0.        ,  0.03184355],
        [-0.27463024, -0.17188622,  0.18606294, ..., -0.05033872,
         -0.03184355,  0.        ]],

       [[ 0.        ,  0.07208364,  0.09314953, ..., -0.90279574,
         -0.90279574, -0.90156329],
        [-0.07208364,  0.        ,  0.02113698, ..., -0.93144818,
         -0.93144818, -0.93040474],
        [-0.09314953, -0.02113698,  0.        , ..., -0.93893129,
         -0.93893129, -0.9379443 ],
        ...,
        [ 0.90279574,  0.93144818,  0.93893129, ...,  0.        ,
          0.        ,  0.00285714],
        [ 0.90279574,  0.93144818,  0.93893129, ...,  0.        ,
          0.        ,  0.00285714],
        [ 0.90156329,  0.93040474,  0.9379443 , ..., -0.00285714,
         -0.00285714,  0.        ]],

       ...,

       [[ 0.        ,  0.04627947,  0.13103664, ...,  0.97224575,
          0.54812941,  0.61415959],
        [-0.04627947,  0.        ,  0.08501581, ...,  0.96037639,
          0.50883425,  0.57697862],
        [-0.13103664, -0.08501581,  0.        , ...,  0.933205  ,
          0.43380498,  0.50545227],
        ...,
        [-0.97224575, -0.96037639, -0.933205  , ...,  0.        ,
         -0.68493864, -0.62358873],
        [-0.54812941, -0.50883425, -0.43380498, ...,  0.68493864,
          0.        ,  0.08110533],
        [-0.61415959, -0.57697862, -0.50545227, ...,  0.62358873,
         -0.08110533,  0.        ]],

       [[ 0.        , -0.12849874, -0.17146428, ..., -0.99048475,
         -0.98458309, -0.97393038],
        [ 0.12849874,  0.        , -0.04344706, ..., -0.96458898,
         -0.95394389, -0.93670661],
        [ 0.17146428,  0.04344706,  0.        , ..., -0.95221865,
         -0.94000964, -0.92061062],
        ...,
        [ 0.99048475,  0.96458898,  0.95221865, ...,  0.        ,
          0.0377523 ,  0.09065383],
        [ 0.98458309,  0.95394389,  0.94000964, ..., -0.0377523 ,
          0.        ,  0.05299235],
        [ 0.97393038,  0.93670661,  0.92061062, ..., -0.09065383,
         -0.05299235,  0.        ]],

       [[ 0.        ,  0.09457918,  0.13588254, ..., -0.985294  ,
         -0.99113289, -0.99528767],
        [-0.09457918,  0.        ,  0.04157147, ..., -0.96471675,
         -0.97412283, -0.98165514],
        [-0.13588254, -0.04157147,  0.        , ..., -0.95293743,
         -0.96388478, -0.9728803 ],
        ...,
        [ 0.985294  ,  0.96471675,  0.95293743, ...,  0.        ,
          0.03843215,  0.07452208],
        [ 0.99113289,  0.97412283,  0.96388478, ..., -0.03843215,
          0.        ,  0.03614174],
        [ 0.99528767,  0.98165514,  0.9728803 , ..., -0.07452208,
         -0.03614174,  0.        ]]]), 'num': array([2.55459700e+07, 5.95700000e+04, 5.44000000e+02, 4.68500000e+04,
       4.70000000e+04, 4.59000000e+04, 1.38458000e+05, 0.00000000e+00,
       4.65500000e+04, 4.45850000e+04, 4.87200000e+04, 7.43750000e+01,
       4.84897535e+04, 4.06802465e+04])}
{'img': array([[[ 0.        ,  0.1679169 ,  0.19214989, ..., -0.93296874,
         -0.88999224, -0.88999224],
        [-0.1679169 ,  0.        ,  0.02463371, ..., -0.98016459,
         -0.9539214 , -0.9539214 ],
        [-0.19214989, -0.02463371,  0.        , ..., -0.98474919,
         -0.96102344, -0.96102344],
        ...,
        [ 0.93296874,  0.98016459,  0.98474919, ...,  0.        ,
          0.10505176,  0.10505176],
        [ 0.88999224,  0.9539214 ,  0.96102344, ..., -0.10505176,
          0.        ,  0.        ],
        [ 0.88999224,  0.9539214 ,  0.96102344, ..., -0.10505176,
          0.        ,  0.        ]],

       [[ 0.        ,  0.35217843, -0.09923827, ...,  0.14042943,
          0.17188622,  0.33252776],
        [-0.35217843,  0.        , -0.44332033, ..., -0.21725607,
         -0.18606294, -0.02091352],
        [ 0.09923827,  0.44332033,  0.        , ...,  0.23799112,
          0.26879902,  0.42447727],
        ...,
        [-0.14042943,  0.21725607, -0.23799112, ...,  0.        ,
          0.03184355,  0.19679456],
        [-0.17188622,  0.18606294, -0.26879902, ..., -0.03184355,
          0.        ,  0.16547392],
        [-0.33252776,  0.02091352, -0.42447727, ..., -0.19679456,
         -0.16547392,  0.        ]],

       [[ 0.        ,  0.02113698,  0.09744869, ..., -0.93144818,
         -0.93040474, -0.92182235],
        [-0.02113698,  0.        ,  0.07639054, ..., -0.93893129,
         -0.9379443 , -0.92980937],
        [-0.09744869, -0.07639054,  0.        , ..., -0.96247405,
         -0.96169477, -0.95520733],
        ...,
        [ 0.93144818,  0.93893129,  0.96247405, ...,  0.        ,
          0.00285714,  0.0256139 ],
        [ 0.93040474,  0.9379443 ,  0.96169477, ..., -0.00285714,
          0.        ,  0.0227576 ],
        [ 0.92182235,  0.92980937,  0.95520733, ..., -0.0256139 ,
         -0.0227576 ,  0.        ]],

       ...,

       [[ 0.        ,  0.08501581,  0.13855977, ...,  0.50883425,
          0.57697862,  0.57697862],
        [-0.08501581,  0.        ,  0.05386238, ...,  0.43380498,
          0.50545227,  0.50545227],
        [-0.13855977, -0.05386238,  0.        , ...,  0.38464489,
          0.45824315,  0.45824315],
        ...,
        [-0.50883425, -0.43380498, -0.38464489, ...,  0.        ,
          0.08110533,  0.08110533],
        [-0.57697862, -0.50545227, -0.45824315, ..., -0.08110533,
          0.        ,  0.        ],
        [-0.57697862, -0.50545227, -0.45824315, ..., -0.08110533,
          0.        ,  0.        ]],

       [[ 0.        , -0.04344706, -0.01149934, ..., -0.95394389,
         -0.93670661, -0.92452649],
        [ 0.04344706,  0.        ,  0.0319557 , ..., -0.94000964,
         -0.92061062, -0.90709504],
        [ 0.01149934, -0.0319557 ,  0.        , ..., -0.95043118,
         -0.93261857, -0.92008275],
        ...,
        [ 0.95394389,  0.94000964,  0.95043118, ...,  0.        ,
          0.05299235,  0.08622083],
        [ 0.93670661,  0.92061062,  0.93261857, ..., -0.05299235,
          0.        ,  0.03330467],
        [ 0.92452649,  0.90709504,  0.92008275, ..., -0.08622083,
         -0.03330467,  0.        ]],

       [[ 0.        ,  0.04157147,  0.01590003, ..., -0.97412283,
         -0.98165514, -0.99108888],
        [-0.04157147,  0.        , -0.02567992, ..., -0.96388478,
         -0.9728803 , -0.98469471],
        [-0.01590003,  0.02567992,  0.        , ..., -0.97040597,
         -0.97849946, -0.98884568],
        ...,
        [ 0.97412283,  0.96388478,  0.97040597, ...,  0.        ,
          0.03614174,  0.0942499 ],
        [ 0.98165514,  0.9728803 ,  0.97849946, ..., -0.03614174,
          0.        ,  0.05820747],
        [ 0.99108888,  0.98469471,  0.98884568, ..., -0.0942499 ,
         -0.05820747,  0.        ]]]), 'num': array([2.56003700e+07, 5.95700000e+04, 5.44000000e+02, 4.69500000e+04,
       4.70500000e+04, 4.59000000e+04, 8.24730000e+04, 1.00000000e+02,
       4.66400000e+04, 4.49200000e+04, 4.85841667e+04, 6.98529412e+01,
       4.84068897e+04, 4.14331103e+04])}
{'img': array([[[ 0.        ,  0.02463371,  0.02463371, ..., -0.9539214 ,
         -0.9539214 , -0.95018918],
        [-0.02463371,  0.        ,  0.        , ..., -0.96102344,
         -0.96102344, -0.95757852],
        [-0.02463371,  0.        ,  0.        , ..., -0.96102344,
         -0.96102344, -0.95757852],
        ...,
        [ 0.9539214 ,  0.96102344,  0.96102344, ...,  0.        ,
          0.        ,  0.01220171],
        [ 0.9539214 ,  0.96102344,  0.96102344, ...,  0.        ,
          0.        ,  0.01220171],
        [ 0.95018918,  0.95757852,  0.95757852, ..., -0.01220171,
         -0.01220171,  0.        ]],

       [[ 0.        , -0.44332033, -0.31975216, ..., -0.18606294,
         -0.02091352, -0.26299223],
        [ 0.44332033,  0.        ,  0.13343247, ...,  0.26879902,
          0.42447727,  0.19197798],
        [ 0.31975216, -0.13343247,  0.        , ...,  0.13787373,
          0.29986664,  0.05931076],
        ...,
        [ 0.18606294, -0.26879902, -0.13787373, ...,  0.        ,
          0.16547392, -0.07888668],
        [ 0.02091352, -0.42447727, -0.29986664, ..., -0.16547392,
          0.        , -0.2427574 ],
        [ 0.26299223, -0.19197798, -0.05931076, ...,  0.07888668,
          0.2427574 ,  0.        ]],

       [[ 0.        ,  0.07639054,  0.20054235, ..., -0.9379443 ,
         -0.92980937, -0.92504905],
        [-0.07639054,  0.        ,  0.12511769, ..., -0.96169477,
         -0.95520733, -0.9513628 ],
        [-0.20054235, -0.12511769,  0.        , ..., -0.98843526,
         -0.98472823, -0.98243225],
        ...,
        [ 0.9379443 ,  0.96169477,  0.98843526, ...,  0.        ,
          0.0227576 ,  0.03548196],
        [ 0.92980937,  0.95520733,  0.98472823, ..., -0.0227576 ,
          0.        ,  0.0127295 ],
        [ 0.92504905,  0.9513628 ,  0.98243225, ..., -0.03548196,
         -0.0127295 ,  0.        ]],

       ...,

       [[ 0.        ,  0.05386238, -0.01552296, ...,  0.50545227,
          0.50545227,  0.33934465],
        [-0.05386238,  0.        , -0.06935631, ...,  0.45824315,
          0.45824315,  0.28818575],
        [ 0.01552296,  0.06935631,  0.        , ...,  0.51878543,
          0.51878543,  0.35390562],
        ...,
        [-0.50545227, -0.45824315, -0.51878543, ...,  0.        ,
          0.        , -0.18265473],
        [-0.50545227, -0.45824315, -0.51878543, ...,  0.        ,
          0.        , -0.18265473],
        [-0.33934465, -0.28818575, -0.35390562, ...,  0.18265473,
          0.18265473,  0.        ]],

       [[ 0.        ,  0.0319557 ,  0.08199431, ..., -0.92061062,
         -0.90709504, -0.91314454],
        [-0.0319557 ,  0.        ,  0.05010433, ..., -0.93261857,
         -0.92008275, -0.92570447],
        [-0.08199431, -0.05010433,  0.        , ..., -0.94952803,
         -0.93855419, -0.94349362],
        ...,
        [ 0.92061062,  0.93261857,  0.94952803, ...,  0.        ,
          0.03330467,  0.01870759],
        [ 0.90709504,  0.92008275,  0.93855419, ..., -0.03330467,
          0.        , -0.01460163],
        [ 0.91314454,  0.92570447,  0.94349362, ..., -0.01870759,
          0.01460163,  0.        ]],

       [[ 0.        , -0.02567992, -0.03878942, ..., -0.9728803 ,
         -0.98469471, -0.99827757],
        [ 0.02567992,  0.        , -0.01311602, ..., -0.97849946,
         -0.98884568, -0.99945494],
        [ 0.03878942,  0.01311602,  0.        , ..., -0.98112046,
         -0.99071417, -0.99980196],
        ...,
        [ 0.9728803 ,  0.97849946,  0.98112046, ...,  0.        ,
          0.05820747,  0.1738342 ],
        [ 0.98469471,  0.98884568,  0.99071417, ..., -0.05820747,
          0.        ,  0.11621821],
        [ 0.99827757,  0.99945494,  0.99980196, ..., -0.1738342 ,
         -0.11621821,  0.        ]]]), 'num': array([ 2.55731700e+07,  5.95700000e+04,  5.44000000e+02,  4.69000000e+04,
        4.69500000e+04,  4.62000000e+04,  9.59520000e+04, -5.00000000e+01,
        4.67100000e+04,  4.51550000e+04,  4.84341667e+04,  6.71875000e+01,
        4.85078943e+04,  4.18021057e+04])}
{'img': array([[[ 0.        ,  0.        ,  0.47386591, ..., -0.96102344,
         -0.95757852, -0.95931773],
        [ 0.        ,  0.        ,  0.47386591, ..., -0.96102344,
         -0.95757852, -0.95931773],
        [-0.47386591, -0.47386591,  0.        , ..., -0.97728262,
         -0.9797959 , -0.97855828],
        ...,
        [ 0.96102344,  0.96102344,  0.97728262, ...,  0.        ,
          0.01220171,  0.00610489],
        [ 0.95757852,  0.95757852,  0.9797959 , ..., -0.01220171,
          0.        , -0.00609705],
        [ 0.95931773,  0.95931773,  0.97855828, ..., -0.00610489,
          0.00609705,  0.        ]],

       [[ 0.        ,  0.13343247,  0.17417544, ...,  0.42447727,
          0.19197798,  0.25952543],
        [-0.13343247,  0.        ,  0.04122504, ...,  0.29986664,
          0.05931076,  0.12834414],
        [-0.17417544, -0.04122504,  0.        , ...,  0.26028381,
          0.01810788,  0.08735094],
        ...,
        [-0.42447727, -0.29986664, -0.26028381, ...,  0.        ,
         -0.2427574 , -0.17494876],
        [-0.19197798, -0.05931076, -0.01810788, ...,  0.2427574 ,
          0.        ,  0.06929796],
        [-0.25952543, -0.12834414, -0.08735094, ...,  0.17494876,
         -0.06929796,  0.        ]],

       [[ 0.        ,  0.12511769,  0.3760525 , ..., -0.95520733,
         -0.9513628 , -0.94827674],
        [-0.12511769,  0.        ,  0.2571636 , ..., -0.98472823,
         -0.98243225, -0.98054306],
        [-0.3760525 , -0.2571636 ,  0.        , ..., -0.99638155,
         -0.99738274, -0.9980476 ],
        ...,
        [ 0.95520733,  0.98472823,  0.99638155, ...,  0.        ,
          0.0127295 ,  0.02259506],
        [ 0.9513628 ,  0.98243225,  0.99738274, ..., -0.0127295 ,
          0.        ,  0.00986698],
        [ 0.94827674,  0.98054306,  0.9980476 , ..., -0.02259506,
         -0.00986698,  0.        ]],

       ...,

       [[ 0.        , -0.06935631,  0.13025395, ...,  0.45824315,
          0.28818575,  0.19577034],
        [ 0.06935631,  0.        ,  0.19870573, ...,  0.51878543,
          0.35390562,  0.26331316],
        [-0.13025395, -0.19870573,  0.        , ...,  0.33856601,
          0.16100273,  0.066369  ],
        ...,
        [-0.45824315, -0.51878543, -0.33856601, ...,  0.        ,
         -0.18265473, -0.2753701 ],
        [-0.28818575, -0.35390562, -0.16100273, ...,  0.18265473,
          0.        , -0.0951446 ],
        [-0.19577034, -0.26331316, -0.066369  , ...,  0.2753701 ,
          0.0951446 ,  0.        ]],

       [[ 0.        ,  0.05010433,  0.12432904, ..., -0.92008275,
         -0.92570447, -0.91883289],
        [-0.05010433,  0.        ,  0.0744573 , ..., -0.93855419,
         -0.94349362, -0.93745234],
        [-0.12432904, -0.0744573 ,  0.        , ..., -0.96164654,
         -0.96554913, -0.96076977],
        ...,
        [ 0.92008275,  0.93855419,  0.96164654, ...,  0.        ,
         -0.01460163,  0.0031788 ],
        [ 0.92570447,  0.94349362,  0.96554913, ...,  0.01460163,
          0.        ,  0.01778002],
        [ 0.91883289,  0.93745234,  0.96076977, ..., -0.0031788 ,
         -0.01778002,  0.        ]],

       [[ 0.        , -0.01311602,  0.00323598, ..., -0.98884568,
         -0.99945494, -0.99977917],
        [ 0.01311602,  0.        ,  0.01635166, ..., -0.99071417,
         -0.99980196, -0.99941755],
        [-0.00323598, -0.01635166,  0.        , ..., -0.98835852,
         -0.99934288, -0.99984194],
        ...,
        [ 0.98884568,  0.99071417,  0.98835852, ...,  0.        ,
          0.11621821,  0.16969083],
        [ 0.99945494,  0.99980196,  0.99934288, ..., -0.11621821,
          0.        ,  0.05400821],
        [ 0.99977917,  0.99941755,  0.99984194, ..., -0.16969083,
         -0.05400821,  0.        ]]]), 'num': array([ 2.46755700e+07,  5.95700000e+04,  5.44000000e+02,  4.52500000e+04,
        4.63500000e+04,  4.52000000e+04,  1.26752000e+05, -1.65000000e+03,
        4.65600000e+04,  4.53600000e+04,  4.82550000e+04,  5.62091503e+01,
        4.81649242e+04,  4.25550758e+04])}
{'img': array([[[ 0.        ,  0.47386591,  0.        , ..., -0.95757852,
         -0.95931773, -0.99688904],
        [-0.47386591,  0.        , -0.47386591, ..., -0.9797959 ,
         -0.97855828, -0.91520655],
        [ 0.        ,  0.47386591,  0.        , ..., -0.95757852,
         -0.95931773, -0.99688904],
        ...,
        [ 0.95757852,  0.9797959 ,  0.95757852, ...,  0.        ,
         -0.00609705, -0.21180181],
        [ 0.95931773,  0.97855828,  0.95931773, ...,  0.00609705,
          0.        , -0.20583915],
        [ 0.99688904,  0.91520655,  0.99688904, ...,  0.21180181,
          0.20583915,  0.        ]],

       [[ 0.        ,  0.04122504, -0.05804141, ...,  0.05931076,
          0.12834414,  0.25763318],
        [-0.04122504,  0.        , -0.09914761, ...,  0.01810788,
          0.08735094,  0.21758077],
        [ 0.05804141,  0.09914761,  0.        , ...,  0.11715001,
          0.18568917,  0.31328095],
        ...,
        [-0.05931076, -0.01810788, -0.11715001, ...,  0.        ,
          0.06929796,  0.19987104],
        [-0.12834414, -0.08735094, -0.18568917, ..., -0.06929796,
          0.        ,  0.13149087],
        [-0.25763318, -0.21758077, -0.31328095, ..., -0.19987104,
         -0.13149087,  0.        ]],

       [[ 0.        ,  0.2571636 ,  0.46275448, ..., -0.98243225,
         -0.98054306, -0.98448056],
        [-0.2571636 ,  0.        ,  0.21921901, ..., -0.99738274,
         -0.9980476 , -0.99650098],
        [-0.46275448, -0.21921901,  0.        , ..., -0.95727196,
         -0.96007879, -0.9539392 ],
        ...,
        [ 0.98243225,  0.99738274,  0.95727196, ...,  0.        ,
          0.00986698, -0.01131268],
        [ 0.98054306,  0.9980476 ,  0.96007879, ..., -0.00986698,
          0.        , -0.02117848],
        [ 0.98448056,  0.99650098,  0.9539392 , ...,  0.01131268,
          0.02117848,  0.        ]],

       ...,

       [[ 0.        ,  0.19870573,  0.01748887, ...,  0.35390562,
          0.26331316, -0.07715829],
        [-0.19870573,  0.        , -0.18153521, ...,  0.16100273,
          0.066369  , -0.27373306],
        [-0.01748887,  0.18153521,  0.        , ...,  0.33749448,
          0.2464012 , -0.09458323],
        ...,
        [-0.35390562, -0.16100273, -0.33749448, ...,  0.        ,
         -0.0951446 , -0.42501527],
        [-0.26331316, -0.066369  , -0.2464012 , ...,  0.0951446 ,
          0.        , -0.3369636 ],
        [ 0.07715829,  0.27373306,  0.09458323, ...,  0.42501527,
          0.3369636 ,  0.        ]],

       [[ 0.        ,  0.0744573 ,  0.09721974, ..., -0.94349362,
         -0.93745234, -0.95700198],
        [-0.0744573 ,  0.        ,  0.02284529, ..., -0.96554913,
         -0.96076977, -0.97594422],
        [-0.09721974, -0.02284529,  0.        , ..., -0.97124195,
         -0.96685509, -0.98067025],
        ...,
        [ 0.94349362,  0.96554913,  0.97124195, ...,  0.        ,
          0.01778002, -0.04345162],
        [ 0.93745234,  0.96076977,  0.96685509, ..., -0.01778002,
          0.        , -0.06120798],
        [ 0.95700198,  0.97594422,  0.98067025, ...,  0.04345162,
          0.06120798,  0.        ]],

       [[ 0.        ,  0.01635166,  0.06918588, ..., -0.99980196,
         -0.99941755, -0.9902344 ],
        [-0.01635166,  0.        ,  0.05286415, ..., -0.99934288,
         -0.99984194, -0.99238163],
        [-0.06918588, -0.05286415,  0.        , ..., -0.99602936,
         -0.99938375, -0.99750696],
        ...,
        [ 0.99980196,  0.99934288,  0.99602936, ...,  0.        ,
          0.05400821,  0.15909136],
        [ 0.99941755,  0.99984194,  0.99938375, ..., -0.05400821,
          0.        ,  0.10553881],
        [ 0.9902344 ,  0.99238163,  0.99750696, ..., -0.15909136,
         -0.10553881,  0.        ]]]), 'num': array([ 2.44256850e+07,  1.06306850e+07,  3.10000000e+02,  4.45000000e+04,
        4.56000000e+04,  4.42500000e+04,  1.08743000e+05, -7.50000000e+02,
        4.60900000e+04,  4.54525000e+04,  4.80633333e+04,  5.37500000e+01,
        4.80044551e+04,  4.29005449e+04])}
{'img': array([[[ 0.        , -0.47386591, -0.51578773, ..., -0.97855828,
         -0.91520655, -0.87029133],
        [ 0.47386591,  0.        , -0.04823243, ..., -0.95931773,
         -0.99688904, -0.99977259],
        [ 0.51578773,  0.04823243,  0.        , ..., -0.94458382,
         -0.99192723, -0.99963757],
        ...,
        [ 0.97855828,  0.95931773,  0.94458382, ...,  0.        ,
         -0.20583915, -0.30272243],
        [ 0.91520655,  0.99688904,  0.99192723, ...,  0.20583915,
          0.        , -0.10005896],
        [ 0.87029133,  0.99977259,  0.99963757, ...,  0.30272243,
          0.10005896,  0.        ]],

       [[ 0.        , -0.09914761, -0.14055058, ...,  0.08735094,
          0.21758077,  0.14520475],
        [ 0.09914761,  0.        , -0.04169463, ...,  0.18568917,
          0.31328095,  0.24258609],
        [ 0.14055058,  0.04169463,  0.        , ...,  0.22649719,
          0.35260426,  0.28282434],
        ...,
        [-0.08735094, -0.18568917, -0.22649719, ...,  0.        ,
          0.13149087,  0.05822455],
        [-0.21758077, -0.31328095, -0.35260426, ..., -0.13149087,
          0.        , -0.07354879],
        [-0.14520475, -0.24258609, -0.28282434, ..., -0.05822455,
          0.07354879,  0.        ]],

       [[ 0.        ,  0.21921901,  0.14694191, ..., -0.9980476 ,
         -0.99650098, -0.98861773],
        [-0.21921901,  0.        , -0.07347177, ..., -0.96007879,
         -0.9539392 , -0.93158893],
        [-0.14694191,  0.07347177,  0.        , ..., -0.97803622,
         -0.97340252, -0.9557791 ],
        ...,
        [ 0.9980476 ,  0.96007879,  0.97803622, ...,  0.        ,
         -0.02117848, -0.0884085 ],
        [ 0.99650098,  0.9539392 ,  0.97340252, ...,  0.02117848,
          0.        , -0.06729311],
        [ 0.98861773,  0.93158893,  0.9557791 , ...,  0.0884085 ,
          0.06729311,  0.        ]],

       ...,

       [[ 0.        , -0.18153521, -0.18153521, ...,  0.066369  ,
         -0.27373306, -0.34139963],
        [ 0.18153521,  0.        ,  0.        , ...,  0.2464012 ,
         -0.09458323, -0.16509883],
        [ 0.18153521,  0.        ,  0.        , ...,  0.2464012 ,
         -0.09458323, -0.16509883],
        ...,
        [-0.066369  , -0.2464012 , -0.2464012 , ...,  0.        ,
         -0.3369636 , -0.40302833],
        [ 0.27373306,  0.09458323,  0.09458323, ...,  0.3369636 ,
          0.        , -0.07107342],
        [ 0.34139963,  0.16509883,  0.16509883, ...,  0.40302833,
          0.07107342,  0.        ]],

       [[ 0.        ,  0.02284529,  0.04835428, ..., -0.96076977,
         -0.97594422, -0.98196509],
        [-0.02284529,  0.        ,  0.0255231 , ..., -0.96685509,
         -0.98067025, -0.98602799],
        [-0.04835428, -0.0255231 ,  0.        , ..., -0.97305683,
         -0.98534482, -0.9899584 ],
        ...,
        [ 0.96076977,  0.96685509,  0.97305683, ...,  0.        ,
         -0.06120798, -0.09069986],
        [ 0.97594422,  0.98067025,  0.98534482, ...,  0.06120798,
          0.        , -0.0295741 ],
        [ 0.98196509,  0.98602799,  0.9899584 , ...,  0.09069986,
          0.0295741 ,  0.        ]],

       [[ 0.        ,  0.05286415,  0.06904347, ..., -0.99984194,
         -0.99238163, -0.98551122],
        [-0.05286415,  0.        ,  0.01620893, ..., -0.99938375,
         -0.99750696, -0.99309949],
        [-0.06904347, -0.01620893,  0.        , ..., -0.9986835 ,
         -0.99851975, -0.99486993],
        ...,
        [ 0.99984194,  0.99938375,  0.9986835 , ...,  0.        ,
          0.10553881,  0.15206201],
        [ 0.99238163,  0.99750696,  0.99851975, ..., -0.10553881,
          0.        ,  0.04690128],
        [ 0.98551122,  0.99309949,  0.99486993, ..., -0.15206201,
         -0.04690128,  0.        ]]]), 'num': array([ 2.42623120e+07,  3.77671200e+06,  4.64000000e+02,  4.41500000e+04,
        4.51000000e+04,  4.41500000e+04,  8.46830000e+04, -3.50000000e+02,
        4.55500000e+04,  4.55125000e+04,  4.78491667e+04,  4.29577465e+01,
        4.78757340e+04,  4.31492660e+04])}
{'img': array([[[ 0.        , -0.04823243, -0.09277564, ..., -0.99688904,
         -0.99977259, -0.99754839],
        [ 0.04823243,  0.        , -0.04464326, ..., -0.99192723,
         -0.99963757, -0.99976269],
        [ 0.09277564,  0.04464326,  0.        , ..., -0.98527714,
         -0.99743909, -0.99973845],
        ...,
        [ 0.99688904,  0.99192723,  0.98527714, ...,  0.        ,
         -0.10005896, -0.1483868 ],
        [ 0.99977259,  0.99963757,  0.99743909, ...,  0.10005896,
          0.        , -0.04869087],
        [ 0.99754839,  0.99976269,  0.99973845, ...,  0.1483868 ,
          0.04869087,  0.        ]],

       [[ 0.        , -0.04169463, -0.11536871, ...,  0.31328095,
          0.24258609,  0.12914644],
        [ 0.04169463,  0.        , -0.07385217, ...,  0.35260426,
          0.28282434,  0.17037959],
        [ 0.11536871,  0.07385217,  0.        , ...,  0.4207502 ,
          0.35288891,  0.24268665],
        ...,
        [-0.31328095, -0.35260426, -0.4207502 , ...,  0.        ,
         -0.07354879, -0.18801213],
        [-0.24258609, -0.28282434, -0.35288891, ...,  0.07354879,
          0.        , -0.11526574],
        [-0.12914644, -0.17037959, -0.24268665, ...,  0.18801213,
          0.11526574,  0.        ]],

       [[ 0.        , -0.07347177, -0.16384264, ..., -0.9539392 ,
         -0.93158893, -0.89971081],
        [ 0.07347177,  0.        , -0.09092092, ..., -0.97340252,
         -0.9557791 , -0.9293486 ],
        [ 0.16384264,  0.09092092,  0.        , ..., -0.99020092,
         -0.9785589 , -0.95906766],
        ...,
        [ 0.9539392 ,  0.97340252,  0.99020092, ...,  0.        ,
         -0.06729311, -0.14646833],
        [ 0.93158893,  0.9557791 ,  0.9785589 , ...,  0.06729311,
          0.        , -0.07956894],
        [ 0.89971081,  0.9293486 ,  0.95906766, ...,  0.14646833,
          0.07956894,  0.        ]],

       ...,

       [[ 0.        ,  0.        , -0.09710163, ..., -0.09458323,
         -0.16509883, -0.45347217],
        [ 0.        ,  0.        , -0.09710163, ..., -0.09458323,
         -0.16509883, -0.45347217],
        [ 0.09710163,  0.09710163,  0.        , ...,  0.00253004,
         -0.06854955, -0.36478547],
        ...,
        [ 0.09458323,  0.09458323, -0.00253004, ...,  0.        ,
         -0.07107342, -0.36714   ],
        [ 0.16509883,  0.16509883,  0.06854955, ...,  0.07107342,
          0.        , -0.30010148],
        [ 0.45347217,  0.45347217,  0.36478547, ...,  0.36714   ,
          0.30010148,  0.        ]],

       [[ 0.        ,  0.0255231 ,  0.04343571, ..., -0.98067025,
         -0.98602799, -0.989772  ],
        [-0.0255231 ,  0.        ,  0.01792254, ..., -0.98534482,
         -0.9899584 , -0.99309065],
        [-0.04343571, -0.01792254,  0.        , ..., -0.98824368,
         -0.99233291, -0.99503434],
        ...,
        [ 0.98067025,  0.98534482,  0.98824368, ...,  0.        ,
         -0.0295741 , -0.05376573],
        [ 0.98602799,  0.9899584 ,  0.99233291, ...,  0.0295741 ,
          0.        , -0.02421088],
        [ 0.989772  ,  0.99309065,  0.99503434, ...,  0.05376573,
          0.02421088,  0.        ]],

       [[ 0.        ,  0.01620893,  0.0325726 , ..., -0.99750696,
         -0.99309949, -0.98864642],
        [-0.01620893,  0.        ,  0.01636799, ..., -0.99851975,
         -0.99486993, -0.9909521 ],
        [-0.0325726 , -0.01636799,  0.        , ..., -0.99927624,
         -0.99639247, -0.99301619],
        ...,
        [ 0.99750696,  0.99851975,  0.99927624, ...,  0.        ,
          0.04690128,  0.08011907],
        [ 0.99309949,  0.99486993,  0.99639247, ..., -0.04690128,
          0.        ,  0.03328039],
        [ 0.98864642,  0.9909521 ,  0.99301619, ..., -0.08011907,
         -0.03328039,  0.        ]]]), 'num': array([2.47392310e+07, 3.20268100e+06, 4.77000000e+02, 4.51500000e+04,
       4.52000000e+04, 4.43500000e+04, 9.70510000e+04, 1.00000000e+03,
       4.51900000e+04, 4.56225000e+04, 4.76683333e+04, 4.63576159e+01,
       4.76839255e+04, 4.35610745e+04])}
{'img': array([[[ 0.        , -0.04464326, -0.02272085, ..., -0.99963757,
         -0.99976269, -0.99350151],
        [ 0.04464326,  0.        ,  0.02193354, ..., -0.99743909,
         -0.99973845, -0.98742974],
        [ 0.02272085, -0.02193354,  0.        , ..., -0.99876785,
         -0.99999956, -0.99065898],
        ...,
        [ 0.99963757,  0.99743909,  0.99876785, ...,  0.        ,
         -0.04869087,  0.0870318 ],
        [ 0.99976269,  0.99973845,  0.99999956, ...,  0.04869087,
          0.        ,  0.13543469],
        [ 0.99350151,  0.98742974,  0.99065898, ..., -0.0870318 ,
         -0.13543469,  0.        ]],

       [[ 0.        , -0.07385217,  0.00304126, ...,  0.28282434,
          0.17037959,  0.23161022],
        [ 0.07385217,  0.        ,  0.07688478, ...,  0.35288891,
          0.24268665,  0.30282177],
        [-0.00304126, -0.07688478,  0.        , ...,  0.27990594,
          0.16738201,  0.22865059],
        ...,
        [-0.28282434, -0.35288891, -0.27990594, ...,  0.        ,
         -0.11526574, -0.05298   ],
        [-0.17037959, -0.24268665, -0.16738201, ...,  0.11526574,
          0.        ,  0.062477  ],
        [-0.23161022, -0.30282177, -0.22865059, ...,  0.05298   ,
         -0.062477  ,  0.        ]],

       [[ 0.        , -0.14674362, -0.19372698, ..., -0.93192455,
         -0.90008035, -0.87482536],
        [ 0.14674362,  0.        , -0.04766617, ..., -0.97505295,
         -0.95427629, -0.93644324],
        [ 0.19372698,  0.04766617,  0.        , ..., -0.98452521,
         -0.96744025, -0.95210101],
        ...,
        [ 0.93192455,  0.97505295,  0.98452521, ...,  0.        ,
         -0.0796457 , -0.13420269],
        [ 0.90008035,  0.95427629,  0.96744025, ...,  0.0796457 ,
          0.        , -0.05485115],
        [ 0.87482536,  0.93644324,  0.95210101, ...,  0.13420269,
          0.05485115,  0.        ]],

       ...,

       [[ 0.        , -0.09710163,  0.04448255, ..., -0.16509883,
         -0.45347217, -0.36623673],
        [ 0.09710163,  0.        ,  0.14127786, ..., -0.06854955,
         -0.36478547, -0.2741509 ],
        [-0.04448255, -0.14127786,  0.        , ..., -0.20880752,
         -0.49266929, -0.40726619],
        ...,
        [ 0.16509883,  0.06854955,  0.20880752, ...,  0.        ,
         -0.30010148, -0.20758283],
        [ 0.45347217,  0.36478547,  0.49266929, ...,  0.30010148,
          0.        ,  0.09554973],
        [ 0.36623673,  0.2741509 ,  0.40726619, ...,  0.20758283,
         -0.09554973,  0.        ]],

       [[ 0.        ,  0.01792254,  0.03556005, ..., -0.9899584 ,
         -0.99309065, -0.9967501 ],
        [-0.01792254,  0.        ,  0.01764313, ..., -0.99233291,
         -0.99503434, -0.99803376],
        [-0.03556005, -0.01764313,  0.        , ..., -0.99435903,
         -0.99663552, -0.99898426],
        ...,
        [ 0.9899584 ,  0.99233291,  0.99435903, ...,  0.        ,
         -0.02421088, -0.06115262],
        [ 0.99309065,  0.99503434,  0.99663552, ...,  0.02421088,
          0.        , -0.03696912],
        [ 0.9967501 ,  0.99803376,  0.99898426, ...,  0.06115262,
          0.03696912,  0.        ]],

       [[ 0.        ,  0.01636799,  0.04377134, ..., -0.99486993,
         -0.9909521 , -0.98219714],
        [-0.01636799,  0.        ,  0.02741317, ..., -0.99639247,
         -0.99301619, -0.98514034],
        [-0.04377134, -0.02741317,  0.        , ..., -0.99834443,
         -0.99587716, -0.98947836],
        ...,
        [ 0.99486993,  0.99639247,  0.99834443, ...,  0.        ,
          0.03328039,  0.08752794],
        [ 0.9909521 ,  0.99301619,  0.99587716, ..., -0.03328039,
          0.        ,  0.05432679],
        [ 0.98219714,  0.98514034,  0.98947836, ..., -0.08752794,
         -0.05432679,  0.        ]]]), 'num': array([ 2.42866790e+07,  7.19079000e+05,  5.32000000e+02,  4.43000000e+04,
        4.48500000e+04,  4.42500000e+04,  6.26950000e+04, -8.50000000e+02,
        4.46700000e+04,  4.56250000e+04,  4.74766667e+04,  3.95061728e+01,
        4.76798723e+04,  4.35701277e+04])}
{'img': array([[[ 0.00000000e+00,  2.19335360e-02, -1.00274330e-01, ...,
         -9.99738447e-01, -9.87429740e-01, -9.99035568e-01],
        [-2.19335360e-02,  0.00000000e+00, -1.22073194e-01, ...,
         -9.99999561e-01, -9.90658978e-01, -9.99758294e-01],
        [ 1.00274330e-01,  1.22073194e-01,  0.00000000e+00, ...,
         -9.92406318e-01, -9.66603708e-01, -9.89597388e-01],
        ...,
        [ 9.99738447e-01,  9.99999561e-01,  9.92406318e-01, ...,
          0.00000000e+00,  1.35434693e-01,  2.10488006e-02],
        [ 9.87429740e-01,  9.90658978e-01,  9.66603708e-01, ...,
         -1.35434693e-01,  0.00000000e+00, -1.14549825e-01],
        [ 9.99035568e-01,  9.99758294e-01,  9.89597388e-01, ...,
         -2.10488006e-02,  1.14549825e-01,  0.00000000e+00]],

       [[ 0.00000000e+00,  7.68847770e-02,  4.03201450e-01, ...,
          2.42686650e-01,  3.02821767e-01,  1.04127267e-01],
        [-7.68847770e-02,  0.00000000e+00,  3.31649844e-01, ...,
          1.67382008e-01,  2.28650588e-01,  2.73522190e-02],
        [-4.03201450e-01, -3.31649844e-01,  0.00000000e+00, ...,
         -1.69062352e-01, -1.07154411e-01, -3.05721606e-01],
        ...,
        [-2.42686650e-01, -1.67382008e-01,  1.69062352e-01, ...,
          0.00000000e+00,  6.24769950e-02, -1.40353046e-01],
        [-3.02821767e-01, -2.28650588e-01,  1.07154411e-01, ...,
         -6.24769950e-02,  0.00000000e+00, -2.01937421e-01],
        [-1.04127267e-01, -2.73522190e-02,  3.05721606e-01, ...,
          1.40353046e-01,  2.01937421e-01,  0.00000000e+00]],

       [[ 0.00000000e+00, -1.27514280e-01, -3.40799353e-01, ...,
         -9.01560496e-01, -8.76373201e-01, -8.33591797e-01],
        [ 1.27514280e-01,  0.00000000e+00, -2.18136545e-01, ...,
         -9.49370263e-01, -9.30634175e-01, -8.97223425e-01],
        [ 3.40799353e-01,  2.18136545e-01,  0.00000000e+00, ...,
         -9.95037411e-01, -9.88050140e-01, -9.71940774e-01],
        ...,
        [ 9.01560496e-01,  9.49370263e-01,  9.95037411e-01, ...,
          0.00000000e+00, -5.50554256e-02, -1.37348803e-01],
        [ 8.76373201e-01,  9.30634175e-01,  9.88050140e-01, ...,
          5.50554256e-02,  0.00000000e+00, -8.26068348e-02],
        [ 8.33591797e-01,  8.97223425e-01,  9.71940774e-01, ...,
          1.37348803e-01,  8.26068348e-02,  0.00000000e+00]],

       ...,

       [[ 0.00000000e+00,  1.41277857e-01,  1.02159108e-01, ...,
         -3.64785469e-01, -2.74150898e-01, -4.54242699e-01],
        [-1.41277857e-01,  0.00000000e+00, -3.94042510e-02, ...,
         -4.92669289e-01, -4.07266194e-01, -5.75547968e-01],
        [-1.02159108e-01,  3.94042510e-02,  0.00000000e+00, ...,
         -4.57996424e-01, -3.70961614e-01, -5.42877433e-01],
        ...,
        [ 3.64785469e-01,  4.92669289e-01,  4.57996424e-01, ...,
          0.00000000e+00,  9.55497316e-02, -9.79622194e-02],
        [ 2.74150898e-01,  4.07266194e-01,  3.70961614e-01, ...,
         -9.55497316e-02,  0.00000000e+00, -1.92604159e-01],
        [ 4.54242699e-01,  5.75547968e-01,  5.42877433e-01, ...,
          9.79622194e-02,  1.92604159e-01,  0.00000000e+00]],

       [[ 0.00000000e+00,  1.76431316e-02,  2.25821243e-02, ...,
         -9.95034342e-01, -9.98033763e-01, -9.98083208e-01],
        [-1.76431316e-02,  0.00000000e+00,  4.93997694e-03, ...,
         -9.96635522e-01, -9.98984264e-01, -9.99019722e-01],
        [-2.25821243e-02, -4.93997694e-03,  0.00000000e+00, ...,
         -9.97028248e-01, -9.99194672e-01, -9.99226212e-01],
        ...,
        [ 9.95034342e-01,  9.96635522e-01,  9.97028248e-01, ...,
          0.00000000e+00, -3.69691239e-02, -3.77624604e-02],
        [ 9.98033763e-01,  9.98984264e-01,  9.99194672e-01, ...,
          3.69691239e-02,  0.00000000e+00, -7.93890854e-04],
        [ 9.98083208e-01,  9.99019722e-01,  9.99226212e-01, ...,
          3.77624604e-02,  7.93890854e-04,  0.00000000e+00]],

       [[ 0.00000000e+00,  2.74131671e-02,  3.95817507e-02, ...,
         -9.93016193e-01, -9.85140343e-01, -9.84936033e-01],
        [-2.74131671e-02,  0.00000000e+00,  1.21751910e-02, ...,
         -9.95877161e-01, -9.89478362e-01, -9.89306143e-01],
        [-3.95817507e-02, -1.21751910e-02,  0.00000000e+00, ...,
         -9.96907783e-01, -9.91166540e-01, -9.91008614e-01],
        ...,
        [ 9.93016193e-01,  9.95877161e-01,  9.96907783e-01, ...,
          0.00000000e+00,  5.43267924e-02,  5.55105387e-02],
        [ 9.85140343e-01,  9.89478362e-01,  9.91166540e-01, ...,
         -5.43267924e-02,  0.00000000e+00,  1.18553525e-03],
        [ 9.84936033e-01,  9.89306143e-01,  9.91008614e-01, ...,
         -5.55105387e-02, -1.18553525e-03,  0.00000000e+00]]]), 'num': array([ 2.38937750e+07,  1.11712500e+06,  5.23000000e+02,  4.35500000e+04,
        4.45500000e+04,  4.31500000e+04,  1.98406000e+05, -7.50000000e+02,
        4.43300000e+04,  4.55675000e+04,  4.72758333e+04,  3.02469136e+01,
        4.77809306e+04,  4.33540694e+04])}
{'img': array([[[ 0.00000000e+00, -1.22073194e-01, -1.58540328e-01, ...,
         -9.90658978e-01, -9.99758294e-01, -9.96275431e-01],
        [ 1.22073194e-01,  0.00000000e+00, -3.68253467e-02, ...,
         -9.66603708e-01, -9.89597388e-01, -9.99350513e-01],
        [ 1.58540328e-01,  3.68253467e-02,  0.00000000e+00, ...,
         -9.56510633e-01, -9.83628299e-01, -9.97345653e-01],
        ...,
        [ 9.90658978e-01,  9.66603708e-01,  9.56510633e-01, ...,
          0.00000000e+00, -1.14549825e-01, -2.21277341e-01],
        [ 9.99758294e-01,  9.89597388e-01,  9.83628299e-01, ...,
          1.14549825e-01,  0.00000000e+00, -1.08110545e-01],
        [ 9.96275431e-01,  9.99350513e-01,  9.97345653e-01, ...,
          2.21277341e-01,  1.08110545e-01,  0.00000000e+00]],

       [[ 0.00000000e+00,  3.31649844e-01, -3.98955893e-02, ...,
          2.28650588e-01,  2.73522190e-02,  5.62041403e-01],
        [-3.31649844e-01,  0.00000000e+00, -3.69023403e-01, ...,
         -1.07154411e-01, -3.05721606e-01,  2.55920693e-01],
        [ 3.98955893e-02,  3.69023403e-01,  0.00000000e+00, ...,
          2.67307246e-01,  6.72111054e-02,  5.94591941e-01],
        ...,
        [-2.28650588e-01,  1.07154411e-01, -2.67307246e-01, ...,
          0.00000000e+00, -2.01937421e-01,  3.58033133e-01],
        [-2.73522190e-02,  3.05721606e-01, -6.72111054e-02, ...,
          2.01937421e-01,  0.00000000e+00,  5.39207851e-01],
        [-5.62041403e-01, -2.55920693e-01, -5.94591941e-01, ...,
         -3.58033133e-01, -5.39207851e-01,  0.00000000e+00]],

       [[ 0.00000000e+00, -3.18009783e-01, -3.96504479e-01, ...,
         -8.77537401e-01, -8.34804533e-01, -8.02245302e-01],
        [ 3.18009783e-01,  0.00000000e+00, -8.39775065e-02, ...,
         -9.84470478e-01, -9.66546842e-01, -9.50448790e-01],
        [ 3.96504479e-01,  8.39775065e-02,  0.00000000e+00, ...,
         -9.95735253e-01, -9.84672065e-01, -9.73198498e-01],
        ...,
        [ 8.77537401e-01,  9.84470478e-01,  9.95735253e-01, ...,
          0.00000000e+00, -8.28294826e-02, -1.39201835e-01],
        [ 8.34804533e-01,  9.66546842e-01,  9.84672065e-01, ...,
          8.28294826e-02,  0.00000000e+00, -5.67004430e-02],
        [ 8.02245302e-01,  9.50448790e-01,  9.73198498e-01, ...,
          1.39201835e-01,  5.67004430e-02,  0.00000000e+00]],

       ...,

       [[ 0.00000000e+00, -3.94042510e-02, -3.99320499e-01, ...,
         -4.07266194e-01, -5.75547968e-01, -7.76985257e-01],
        [ 3.94042510e-02,  0.00000000e+00, -3.62884101e-01, ...,
         -3.70961614e-01, -5.42877433e-01, -7.51576096e-01],
        [ 3.99320499e-01,  3.62884101e-01,  0.00000000e+00, ...,
         -8.68308178e-03, -2.01117402e-01, -4.60969181e-01],
        ...,
        [ 4.07266194e-01,  3.70961614e-01,  8.68308178e-03, ...,
          0.00000000e+00, -1.92604159e-01, -4.53246296e-01],
        [ 5.75547968e-01,  5.42877433e-01,  2.01117402e-01, ...,
          1.92604159e-01,  0.00000000e+00, -2.73075434e-01],
        [ 7.76985257e-01,  7.51576096e-01,  4.60969181e-01, ...,
          4.53246296e-01,  2.73075434e-01,  0.00000000e+00]],

       [[ 0.00000000e+00,  4.93997694e-03,  6.48265989e-03, ...,
         -9.98984264e-01, -9.99019722e-01, -9.97957942e-01],
        [-4.93997694e-03,  0.00000000e+00,  1.54270765e-03, ...,
         -9.99194672e-01, -9.99226212e-01, -9.98261303e-01],
        [-6.48265989e-03, -1.54270765e-03,  0.00000000e+00, ...,
         -9.99255384e-01, -9.99285700e-01, -9.98351049e-01],
        ...,
        [ 9.98984264e-01,  9.99194672e-01,  9.99255384e-01, ...,
          0.00000000e+00, -7.93890854e-04,  1.88411769e-02],
        [ 9.99019722e-01,  9.99226212e-01,  9.99285700e-01, ...,
          7.93890854e-04,  0.00000000e+00,  1.96349209e-02],
        [ 9.97957942e-01,  9.98261303e-01,  9.98351049e-01, ...,
         -1.88411769e-02, -1.96349209e-02,  0.00000000e+00]],

       [[ 0.00000000e+00,  1.21751910e-02,  3.35795295e-02, ...,
         -9.89478362e-01, -9.89306143e-01, -9.93048771e-01],
        [-1.21751910e-02,  0.00000000e+00,  2.14087158e-02, ...,
         -9.91166540e-01, -9.91008614e-01, -9.94408229e-01],
        [-3.35795295e-02, -2.14087158e-02,  0.00000000e+00, ...,
         -9.93778662e-01, -9.93645927e-01, -9.96441171e-01],
        ...,
        [ 9.89478362e-01,  9.91166540e-01,  9.93778662e-01, ...,
          0.00000000e+00,  1.18553525e-03, -2.72100448e-02],
        [ 9.89306143e-01,  9.91008614e-01,  9.93645927e-01, ...,
         -1.18553525e-03,  0.00000000e+00, -2.83951220e-02],
        [ 9.93048771e-01,  9.94408229e-01,  9.96441171e-01, ...,
          2.72100448e-02,  2.83951220e-02,  0.00000000e+00]]]), 'num': array([2.40996750e+07, 1.42147500e+06, 5.16000000e+02, 4.39500000e+04,
       4.42000000e+04, 4.32000000e+04, 9.40310000e+04, 4.00000000e+02,
       4.42200000e+04, 4.55500000e+04, 4.70800000e+04, 3.65384615e+01,
       4.78083180e+04, 4.32916820e+04])}
{'img': array([[[ 0.00000000e+00, -3.68253467e-02, -3.68253467e-02, ...,
         -9.89597388e-01, -9.99350513e-01, -9.95509604e-01],
        [ 3.68253467e-02,  0.00000000e+00,  0.00000000e+00, ...,
         -9.83628299e-01, -9.97345653e-01, -9.91348457e-01],
        [ 3.68253467e-02,  0.00000000e+00,  0.00000000e+00, ...,
         -9.83628299e-01, -9.97345653e-01, -9.91348457e-01],
        ...,
        [ 9.89597388e-01,  9.83628299e-01,  9.83628299e-01, ...,
          0.00000000e+00, -1.08110545e-01, -4.95426644e-02],
        [ 9.99350513e-01,  9.97345653e-01,  9.97345653e-01, ...,
          1.08110545e-01,  0.00000000e+00,  5.87254968e-02],
        [ 9.95509604e-01,  9.91348457e-01,  9.91348457e-01, ...,
          4.95426644e-02, -5.87254968e-02,  0.00000000e+00]],

       [[ 0.00000000e+00, -3.69023403e-01, -3.05435722e-01, ...,
         -3.05721606e-01,  2.55920693e-01, -1.21620709e-01],
        [ 3.69023403e-01,  0.00000000e+00,  6.75106695e-02, ...,
          6.72111054e-02,  5.94591941e-01,  2.53247281e-01],
        [ 3.05435722e-01, -6.75106695e-02,  0.00000000e+00, ...,
         -3.00246080e-04,  5.38954968e-01,  1.87359582e-01],
        ...,
        [ 3.05721606e-01, -6.72111054e-02,  3.00246080e-04, ...,
          0.00000000e+00,  5.39207851e-01,  1.87654503e-01],
        [-2.55920693e-01, -5.94591941e-01, -5.38954968e-01, ...,
         -5.39207851e-01,  0.00000000e+00, -3.71591373e-01],
        [ 1.21620709e-01, -2.53247281e-01, -1.87359582e-01, ...,
         -1.87654503e-01,  3.71591373e-01,  0.00000000e+00]],

       [[ 0.00000000e+00, -2.46493439e-01, -3.30234225e-01, ...,
         -8.42581138e-01, -8.10126392e-01, -7.98734957e-01],
        [ 2.46493439e-01,  0.00000000e+00, -8.73797544e-02, ...,
         -9.49336672e-01, -9.29637580e-01, -9.22400478e-01],
        [ 3.30234225e-01,  8.73797544e-02,  0.00000000e+00, ...,
         -9.73165566e-01, -9.58279057e-01, -9.52621471e-01],
        ...,
        [ 8.42581138e-01,  9.49336672e-01,  9.73165566e-01, ...,
          0.00000000e+00, -5.76583188e-02, -7.67925451e-02],
        [ 8.10126392e-01,  9.29637580e-01,  9.58279057e-01, ...,
          5.76583188e-02,  0.00000000e+00, -1.91767320e-02],
        [ 7.98734957e-01,  9.22400478e-01,  9.52621471e-01, ...,
          7.67925451e-02,  1.91767320e-02,  0.00000000e+00]],

       ...,

       [[ 0.00000000e+00, -3.62884101e-01, -1.43469638e-01, ...,
         -5.42877433e-01, -7.51576096e-01, -6.12938623e-01],
        [ 3.62884101e-01,  0.00000000e+00,  2.25440036e-01, ...,
         -2.01117402e-01, -4.60969181e-01, -2.84431417e-01],
        [ 1.43469638e-01, -2.25440036e-01,  0.00000000e+00, ...,
         -4.16773699e-01, -6.49161600e-01, -4.93237861e-01],
        ...,
        [ 5.42877433e-01,  2.01117402e-01,  4.16773699e-01, ...,
          0.00000000e+00, -2.73075434e-01, -8.58091432e-02],
        [ 7.51576096e-01,  4.60969181e-01,  6.49161600e-01, ...,
          2.73075434e-01,  0.00000000e+00,  1.89520458e-01],
        [ 6.12938623e-01,  2.84431417e-01,  4.93237861e-01, ...,
          8.58091432e-02, -1.89520458e-01,  0.00000000e+00]],

       [[ 0.00000000e+00,  1.54270765e-03,  1.66862494e-03, ...,
         -9.99226212e-01, -9.98261303e-01, -9.97937030e-01],
        [-1.54270765e-03,  0.00000000e+00,  1.25917445e-04, ...,
         -9.99285700e-01, -9.98351049e-01, -9.98034885e-01],
        [-1.66862494e-03, -1.25917445e-04,  0.00000000e+00, ...,
         -9.99290450e-01, -9.98358269e-01, -9.98042767e-01],
        ...,
        [ 9.99226212e-01,  9.99285700e-01,  9.99290450e-01, ...,
          0.00000000e+00,  1.96349209e-02,  2.49001639e-02],
        [ 9.98261303e-01,  9.98351049e-01,  9.98358269e-01, ...,
         -1.96349209e-02,  0.00000000e+00,  5.26653060e-03],
        [ 9.97937030e-01,  9.98034885e-01,  9.98042767e-01, ...,
         -2.49001639e-02, -5.26653060e-03,  0.00000000e+00]],

       [[ 0.00000000e+00,  2.14087158e-02,  5.02277661e-02, ...,
         -9.91008614e-01, -9.94408229e-01, -9.95244983e-01],
        [-2.14087158e-02,  0.00000000e+00,  2.88345608e-02, ...,
         -9.93645927e-01, -9.96441171e-01, -9.97102162e-01],
        [-5.02277661e-02, -2.88345608e-02,  0.00000000e+00, ...,
         -9.96478131e-01, -9.98457346e-01, -9.98881130e-01],
        ...,
        [ 9.91008614e-01,  9.93645927e-01,  9.96478131e-01, ...,
          0.00000000e+00, -2.83951220e-02, -3.66342551e-02],
        [ 9.94408229e-01,  9.96441171e-01,  9.98457346e-01, ...,
          2.83951220e-02,  0.00000000e+00, -8.24342192e-03],
        [ 9.95244983e-01,  9.97102162e-01,  9.98881130e-01, ...,
          3.66342551e-02,  8.24342192e-03,  0.00000000e+00]]]), 'num': array([ 2.39642690e+07,  3.22569000e+05,  5.41000000e+02,  4.37000000e+04,
        4.39000000e+04,  4.34000000e+04,  5.37320000e+04, -2.50000000e+02,
        4.41300000e+04,  4.55400000e+04,  4.68900000e+04,  3.15789474e+01,
        4.78290173e+04,  4.32509827e+04])}
{'img': array([[[ 0.00000000e+00,  0.00000000e+00,  5.58529725e-02, ...,
         -9.97345653e-01, -9.91348457e-01, -9.95471524e-01],
        [ 0.00000000e+00,  0.00000000e+00,  5.58529725e-02, ...,
         -9.97345653e-01, -9.91348457e-01, -9.95471524e-01],
        [-5.58529725e-02, -5.58529725e-02,  0.00000000e+00, ...,
         -9.99855591e-01, -9.97132025e-01, -9.99226993e-01],
        ...,
        [ 9.97345653e-01,  9.97345653e-01,  9.99855591e-01, ...,
          0.00000000e+00,  5.87254968e-02,  2.23252023e-02],
        [ 9.91348457e-01,  9.91348457e-01,  9.97132025e-01, ...,
         -5.87254968e-02,  0.00000000e+00, -3.64241874e-02],
        [ 9.95471524e-01,  9.95471524e-01,  9.99226993e-01, ...,
         -2.23252023e-02,  3.64241874e-02,  0.00000000e+00]],

       [[ 0.00000000e+00,  6.75106695e-02,  5.84253709e-02, ...,
          5.94591941e-01,  2.53247281e-01, -1.51646271e-02],
        [-6.75106695e-02,  0.00000000e+00, -9.10326987e-03, ...,
          5.38954968e-01,  1.87359582e-01, -8.26329363e-02],
        [-5.84253709e-02,  9.10326987e-03,  0.00000000e+00, ...,
          5.46600635e-01,  1.96293882e-01, -7.35573752e-02],
        ...,
        [-5.94591941e-01, -5.38954968e-01, -5.46600635e-01, ...,
          0.00000000e+00, -3.71591373e-01, -6.06716349e-01],
        [-2.53247281e-01, -1.87359582e-01, -1.96293882e-01, ...,
          3.71591373e-01,  0.00000000e+00, -2.67888444e-01],
        [ 1.51646271e-02,  8.26329363e-02,  7.35573752e-02, ...,
          6.06716349e-01,  2.67888444e-01,  0.00000000e+00]],

       [[ 0.00000000e+00, -2.24999087e-01, -2.69633700e-01, ...,
         -8.14778703e-01, -8.03398597e-01, -7.93736233e-01],
        [ 2.24999087e-01,  0.00000000e+00, -4.60542277e-02, ...,
         -9.24335130e-01, -9.16772449e-01, -9.10242441e-01],
        [ 2.69633700e-01,  4.60542277e-02,  0.00000000e+00, ...,
         -9.40927805e-01, -9.34194214e-01, -9.28346557e-01],
        ...,
        [ 8.14778703e-01,  9.24335130e-01,  9.40927805e-01, ...,
          0.00000000e+00, -1.93650553e-02, -3.54129053e-02],
        [ 8.03398597e-01,  9.16772449e-01,  9.34194214e-01, ...,
          1.93650553e-02,  0.00000000e+00, -1.60533557e-02],
        [ 7.93736233e-01,  9.10242441e-01,  9.28346557e-01, ...,
          3.54129053e-02,  1.60533557e-02,  0.00000000e+00]],

       ...,

       [[ 0.00000000e+00,  2.25440036e-01,  4.68652185e-01, ...,
         -4.60969181e-01, -2.84431417e-01, -4.23603829e-01],
        [-2.25440036e-01,  0.00000000e+00,  2.57437849e-01, ...,
         -6.49161600e-01, -4.93237861e-01, -6.16913321e-01],
        [-4.68652185e-01, -2.57437849e-01,  0.00000000e+00, ...,
         -8.23101750e-01, -7.00556973e-01, -7.98731764e-01],
        ...,
        [ 4.60969181e-01,  6.49161600e-01,  8.23101750e-01, ...,
          0.00000000e+00,  1.89520458e-01,  4.16549293e-02],
        [ 2.84431417e-01,  4.93237861e-01,  7.00556973e-01, ...,
         -1.89520458e-01,  0.00000000e+00, -1.48455958e-01],
        [ 4.23603829e-01,  6.16913321e-01,  7.98731764e-01, ...,
         -4.16549293e-02,  1.48455958e-01,  0.00000000e+00]],

       [[ 0.00000000e+00,  1.25917445e-04, -1.19454829e-04, ...,
         -9.98351049e-01, -9.98034885e-01, -9.97778561e-01],
        [-1.25917445e-04,  0.00000000e+00, -2.45372272e-04, ...,
         -9.98358269e-01, -9.98042767e-01, -9.97786941e-01],
        [ 1.19454829e-04,  2.45372272e-04,  0.00000000e+00, ...,
         -9.98344184e-01, -9.98027393e-01, -9.97770596e-01],
        ...,
        [ 9.98351049e-01,  9.98358269e-01,  9.98344184e-01, ...,
          0.00000000e+00,  5.26653060e-03,  9.23186573e-03],
        [ 9.98034885e-01,  9.98042767e-01,  9.98027393e-01, ...,
         -5.26653060e-03,  0.00000000e+00,  3.96543153e-03],
        [ 9.97778561e-01,  9.97786941e-01,  9.97770596e-01, ...,
         -9.23186573e-03, -3.96543153e-03,  0.00000000e+00]],

       [[ 0.00000000e+00,  2.88345608e-02,  8.23418284e-02, ...,
         -9.96441171e-01, -9.97102162e-01, -9.97497636e-01],
        [-2.88345608e-02,  0.00000000e+00,  5.35709476e-02, ...,
         -9.98457346e-01, -9.98881130e-01, -9.99121472e-01],
        [-8.23418284e-02, -5.35709476e-02,  0.00000000e+00, ...,
         -9.99998087e-01, -9.99980234e-01, -9.99931833e-01],
        ...,
        [ 9.96441171e-01,  9.98457346e-01,  9.99998087e-01, ...,
          0.00000000e+00, -8.24342192e-03, -1.36319599e-02],
        [ 9.97102162e-01,  9.98881130e-01,  9.99980234e-01, ...,
          8.24342192e-03,  0.00000000e+00, -5.38884075e-03],
        [ 9.97497636e-01,  9.99121472e-01,  9.99931833e-01, ...,
          1.36319599e-02,  5.38884075e-03,  0.00000000e+00]]]), 'num': array([ 2.36119630e+07,  2.78863000e+05,  5.42000000e+02,  4.30500000e+04,
        4.35000000e+04,  4.28500000e+04,  7.61990000e+04, -6.50000000e+02,
        4.37100000e+04,  4.54350000e+04,  4.66925000e+04,  2.86585366e+01,
        4.79658299e+04,  4.29041701e+04])}
{'img': array([[[ 0.00000000e+00,  5.58529725e-02, -1.34025128e-01, ...,
         -9.91348457e-01, -9.95471524e-01, -9.99989732e-01],
        [-5.58529725e-02,  0.00000000e+00, -1.89164979e-01, ...,
         -9.97132025e-01, -9.99226993e-01, -9.98175644e-01],
        [ 1.34025128e-01,  1.89164979e-01,  0.00000000e+00, ...,
         -9.64812793e-01, -9.73749856e-01, -9.91575119e-01],
        ...,
        [ 9.91348457e-01,  9.97132025e-01,  9.64812793e-01, ...,
          0.00000000e+00, -3.64241874e-02, -1.35747514e-01],
        [ 9.95471524e-01,  9.99226993e-01,  9.73749856e-01, ...,
          3.64241874e-02,  0.00000000e+00, -9.95704092e-02],
        [ 9.99989732e-01,  9.98175644e-01,  9.91575119e-01, ...,
          1.35747514e-01,  9.95704092e-02,  0.00000000e+00]],

       [[ 0.00000000e+00, -9.10326987e-03,  1.83505792e-01, ...,
          1.87359582e-01, -8.26329363e-02,  9.20157745e-02],
        [ 9.10326987e-03,  0.00000000e+00,  1.92446873e-01, ...,
          1.96293882e-01, -7.35573752e-02,  1.01076611e-01],
        [-1.83505792e-01, -1.92446873e-01,  0.00000000e+00, ...,
          3.92179811e-03, -2.64107928e-01, -9.22740578e-02],
        ...,
        [-1.87359582e-01, -1.96293882e-01, -3.92179811e-03, ...,
          0.00000000e+00, -2.67888444e-01, -9.61784145e-02],
        [ 8.26329363e-02,  7.35573752e-02,  2.64107928e-01, ...,
          2.67888444e-01,  0.00000000e+00,  1.73983455e-01],
        [-9.20157745e-02, -1.01076611e-01,  9.22740578e-02, ...,
          9.61784145e-02, -1.73983455e-01,  0.00000000e+00]],

       [[ 0.00000000e+00, -6.29828412e-02, -2.19821602e-01, ...,
         -8.85813768e-01, -8.78215838e-01, -8.38218017e-01],
        [ 6.29828412e-02,  0.00000000e+00, -1.57942883e-01, ...,
         -9.13281697e-01, -9.06594695e-01, -8.70900592e-01],
        [ 2.19821602e-01,  1.57942883e-01,  0.00000000e+00, ...,
         -9.66153058e-01, -9.61867627e-01, -9.37591750e-01],
        ...,
        [ 8.85813768e-01,  9.13281697e-01,  9.66153058e-01, ...,
          0.00000000e+00, -1.61252089e-02, -9.40980370e-02],
        [ 8.78215838e-01,  9.06594695e-01,  9.61867627e-01, ...,
          1.61252089e-02,  0.00000000e+00, -7.80321421e-02],
        [ 8.38218017e-01,  8.70900592e-01,  9.37591750e-01, ...,
          9.40980370e-02,  7.80321421e-02,  0.00000000e+00]],

       ...,

       [[ 0.00000000e+00,  2.57437849e-01, -5.25011440e-02, ...,
         -4.93237861e-01, -6.16913321e-01, -6.87016729e-01],
        [-2.57437849e-01,  0.00000000e+00, -3.07814392e-01, ...,
         -7.00556973e-01, -7.98731764e-01, -8.50925784e-01],
        [ 5.25011440e-02,  3.07814392e-01,  0.00000000e+00, ...,
         -4.46887163e-01, -5.74742480e-01, -6.47919725e-01],
        ...,
        [ 4.93237861e-01,  7.00556973e-01,  4.46887163e-01, ...,
          0.00000000e+00, -1.48455958e-01, -2.39224915e-01],
        [ 6.16913321e-01,  7.98731764e-01,  5.74742480e-01, ...,
          1.48455958e-01,  0.00000000e+00, -9.24286515e-02],
        [ 6.87016729e-01,  8.50925784e-01,  6.47919725e-01, ...,
          2.39224915e-01,  9.24286515e-02,  0.00000000e+00]],

       [[ 0.00000000e+00, -2.45372272e-04,  2.04844569e-03, ...,
         -9.98042767e-01, -9.97786941e-01, -9.95730487e-01],
        [ 2.45372272e-04,  0.00000000e+00,  2.29381739e-03, ...,
         -9.98027393e-01, -9.97770596e-01, -9.95707808e-01],
        [-2.04844569e-03, -2.29381739e-03,  0.00000000e+00, ...,
         -9.98168773e-01, -9.97921054e-01, -9.95917487e-01],
        ...,
        [ 9.98042767e-01,  9.98027393e-01,  9.98168773e-01, ...,
          0.00000000e+00,  3.96543153e-03,  2.98594133e-02],
        [ 9.97786941e-01,  9.97770596e-01,  9.97921054e-01, ...,
         -3.96543153e-03,  0.00000000e+00,  2.58955152e-02],
        [ 9.95730487e-01,  9.95707808e-01,  9.95917487e-01, ...,
         -2.98594133e-02, -2.58955152e-02,  0.00000000e+00]],

       [[ 0.00000000e+00,  5.35709476e-02,  3.60664426e-02, ...,
         -9.98881130e-01, -9.99121472e-01, -9.99990381e-01],
        [-5.35709476e-02,  0.00000000e+00, -1.75214412e-02, ...,
         -9.99980234e-01, -9.99931833e-01, -9.98319477e-01],
        [-3.60664426e-02,  1.75214412e-02,  0.00000000e+00, ...,
         -9.99936889e-01, -9.99982912e-01, -9.99181594e-01],
        ...,
        [ 9.98881130e-01,  9.99980234e-01,  9.99936889e-01, ...,
          0.00000000e+00, -5.38884075e-03, -5.16721954e-02],
        [ 9.99121472e-01,  9.99931833e-01,  9.99982912e-01, ...,
          5.38884075e-03,  0.00000000e+00, -4.62898033e-02],
        [ 9.99990381e-01,  9.98319477e-01,  9.99181594e-01, ...,
          5.16721954e-02,  4.62898033e-02,  0.00000000e+00]]]), 'num': array([2.36938390e+07, 1.06639000e+05, 5.46000000e+02, 4.32000000e+04,
       4.38000000e+04, 4.27500000e+04, 8.30660000e+04, 1.50000000e+02,
       4.34900000e+04, 4.53100000e+04, 4.64975000e+04, 3.20512821e+01,
       4.80169540e+04, 4.26030460e+04])}
{'img': array([[[ 0.        , -0.18916498, -0.07366499, ..., -0.99922699,
         -0.99817564, -0.99932801],
        [ 0.18916498,  0.        ,  0.11631604, ..., -0.97374986,
         -0.99157512, -0.98821914],
        [ 0.07366499, -0.11631604,  0.        , ..., -0.99361624,
         -0.99991132, -0.99931301],
        ...,
        [ 0.99922699,  0.97374986,  0.99361624, ...,  0.        ,
         -0.09957041, -0.07591118],
        [ 0.99817564,  0.99157512,  0.99991132, ...,  0.09957041,
          0.        ,  0.02374917],
        [ 0.99932801,  0.98821914,  0.99931301, ...,  0.07591118,
         -0.02374917,  0.        ]],

       [[ 0.        ,  0.19244687,  0.11585405, ..., -0.07355738,
          0.10107661,  0.14034357],
        [-0.19244687,  0.        , -0.07746254, ..., -0.26410793,
         -0.09227406, -0.05282202],
        [-0.11585405,  0.07746254,  0.        , ..., -0.18860226,
         -0.01486474,  0.0246911 ],
        ...,
        [ 0.07355738,  0.26410793,  0.18860226, ...,  0.        ,
          0.17398346,  0.21279274],
        [-0.10107661,  0.09227406,  0.01486474, ..., -0.17398346,
          0.        ,  0.03954858],
        [-0.14034357,  0.05282202, -0.0246911 , ..., -0.21279274,
         -0.03954858,  0.        ]],

       [[ 0.        , -0.15794288, -0.18054716, ..., -0.90659469,
         -0.87090059, -0.8488941 ],
        [ 0.15794288,  0.        , -0.02293368, ..., -0.96186763,
         -0.93759175, -0.92172176],
        [ 0.18054716,  0.02293368,  0.        , ..., -0.96788736,
         -0.94532006, -0.9303742 ],
        ...,
        [ 0.90659469,  0.96186763,  0.96788736, ...,  0.        ,
         -0.07803214, -0.12095699],
        [ 0.87090059,  0.93759175,  0.94532006, ...,  0.07803214,
          0.        , -0.04312896],
        [ 0.8488941 ,  0.92172176,  0.9303742 , ...,  0.12095699,
          0.04312896,  0.        ]],

       ...,

       [[ 0.        , -0.30781439, -0.44484538, ..., -0.79873176,
         -0.85092578, -0.78987505],
        [ 0.30781439,  0.        , -0.1475657 , ..., -0.57474248,
         -0.64791972, -0.56275114],
        [ 0.44484538,  0.1475657 ,  0.        , ..., -0.44769226,
         -0.5284244 , -0.43460858],
        ...,
        [ 0.79873176,  0.57474248,  0.44769226, ...,  0.        ,
         -0.09242865,  0.01457872],
        [ 0.85092578,  0.64791972,  0.5284244 , ...,  0.09242865,
          0.        ,  0.10693514],
        [ 0.78987505,  0.56275114,  0.43460858, ..., -0.01457872,
         -0.10693514,  0.        ]],

       [[ 0.        ,  0.00229382, -0.00697587, ..., -0.9977706 ,
         -0.99570781, -0.99477901],
        [-0.00229382,  0.        , -0.00926961, ..., -0.99792105,
         -0.99591749, -0.99501048],
        [ 0.00697587,  0.00926961,  0.        , ..., -0.99728077,
         -0.99503795, -0.9940429 ],
        ...,
        [ 0.9977706 ,  0.99792105,  0.99728077, ...,  0.        ,
          0.02589552,  0.03543637],
        [ 0.99570781,  0.99591749,  0.99503795, ..., -0.02589552,
          0.        ,  0.00954523],
        [ 0.99477901,  0.99501048,  0.9940429 , ..., -0.03543637,
         -0.00954523,  0.        ]],

       [[ 0.        , -0.01752144,  0.05504077, ..., -0.99993183,
         -0.99831948, -0.99512107],
        [ 0.01752144,  0.        ,  0.0725272 , ..., -0.99998291,
         -0.99918159, -0.996697  ],
        [-0.05504077, -0.0725272 ,  0.        , ..., -0.99777339,
         -0.99361651, -0.98818218],
        ...,
        [ 0.99993183,  0.99998291,  0.99777339, ...,  0.        ,
         -0.0462898 , -0.0870355 ],
        [ 0.99831948,  0.99918159,  0.99361651, ...,  0.0462898 ,
          0.        , -0.04082806],
        [ 0.99512107,  0.996697  ,  0.98818218, ...,  0.0870355 ,
          0.04082806,  0.        ]]]), 'num': array([2.39668390e+07, 1.06639000e+05, 5.46000000e+02, 4.37000000e+04,
       4.39500000e+04, 4.31000000e+04, 4.01630000e+04, 5.00000000e+02,
       4.35200000e+04, 4.51950000e+04, 4.63058333e+04, 2.88590604e+01,
       4.79695090e+04, 4.24204910e+04])}
{'img': array([[[ 0.00000000e+00,  1.16316036e-01,  7.56726721e-01, ...,
         -9.91575119e-01, -9.88219144e-01, -9.73749856e-01],
        [-1.16316036e-01,  0.00000000e+00,  6.75550814e-01, ...,
         -9.99911317e-01, -9.99313008e-01, -9.93616235e-01],
        [-7.56726721e-01, -6.75550814e-01,  0.00000000e+00, ...,
         -7.46244776e-01, -7.61843446e-01, -8.08817524e-01],
        ...,
        [ 9.91575119e-01,  9.99911317e-01,  7.46244776e-01, ...,
          0.00000000e+00,  2.37491702e-02,  9.95704092e-02],
        [ 9.88219144e-01,  9.99313008e-01,  7.61843446e-01, ...,
         -2.37491702e-02,  0.00000000e+00,  7.59111761e-02],
        [ 9.73749856e-01,  9.93616235e-01,  8.08817524e-01, ...,
         -9.95704092e-02, -7.59111761e-02,  0.00000000e+00]],

       [[ 0.00000000e+00, -7.37679787e-02,  5.34479746e-01, ...,
         -8.77211314e-02, -5.04355733e-02, -4.72046342e-01],
        [ 7.37679787e-02,  0.00000000e+00,  5.95370834e-01, ...,
         -1.39985207e-02,  2.33759373e-02, -4.05728306e-01],
        [-5.34479746e-01, -5.95370834e-01,  0.00000000e+00, ...,
         -6.06559624e-01, -5.76426726e-01, -8.70148039e-01],
        ...,
        [ 8.77211314e-02,  1.39985207e-02,  6.06559624e-01, ...,
          0.00000000e+00,  3.73683423e-02, -3.92893991e-01],
        [ 5.04355733e-02, -2.33759373e-02,  5.76426726e-01, ...,
         -3.73683423e-02,  0.00000000e+00, -4.26982900e-01],
        [ 4.72046342e-01,  4.05728306e-01,  8.70148039e-01, ...,
          3.92893991e-01,  4.26982900e-01,  0.00000000e+00]],

       [[ 0.00000000e+00, -2.29336763e-02,  1.86362372e-01, ...,
         -9.37591750e-01, -9.21721755e-01, -9.24027386e-01],
        [ 2.29336763e-02,  0.00000000e+00,  2.08845260e-01, ...,
         -9.45320063e-01, -9.30374199e-01, -9.32552504e-01],
        [-1.86362372e-01, -2.08845260e-01,  0.00000000e+00, ...,
         -8.56360875e-01, -8.33293204e-01, -8.36588188e-01],
        ...,
        [ 9.37591750e-01,  9.45320063e-01,  8.56360875e-01, ...,
          0.00000000e+00, -4.31289618e-02, -3.71465456e-02],
        [ 9.21721755e-01,  9.30374199e-01,  8.33293204e-01, ...,
          4.31289618e-02,  0.00000000e+00,  5.98721423e-03],
        [ 9.24027386e-01,  9.32552504e-01,  8.36588188e-01, ...,
          3.71465456e-02, -5.98721423e-03,  0.00000000e+00]],

       ...,

       [[ 0.00000000e+00, -1.47565704e-01,  1.23731558e-01, ...,
         -6.47919725e-01, -5.62751136e-01, -6.42951071e-01],
        [ 1.47565704e-01,  0.00000000e+00,  2.68808745e-01, ...,
         -5.28424395e-01, -4.34608578e-01, -5.22890564e-01],
        [-1.23731558e-01, -2.68808745e-01,  0.00000000e+00, ...,
         -7.37188327e-01, -6.60706571e-01, -7.32777357e-01],
        ...,
        [ 6.47919725e-01,  5.28424395e-01,  7.37188327e-01, ...,
          0.00000000e+00,  1.06935137e-01,  6.50503930e-03],
        [ 5.62751136e-01,  4.34608578e-01,  6.60706571e-01, ...,
         -1.06935137e-01,  0.00000000e+00, -1.00465135e-01],
        [ 6.42951071e-01,  5.22890564e-01,  7.32777357e-01, ...,
         -6.50503930e-03,  1.00465135e-01,  0.00000000e+00]],

       [[ 0.00000000e+00, -9.26961446e-03,  2.60385614e-02, ...,
         -9.95917487e-01, -9.95010484e-01, -9.95855033e-01],
        [ 9.26961446e-03,  0.00000000e+00,  3.53039142e-02, ...,
         -9.95037946e-01, -9.94042901e-01, -9.94969133e-01],
        [-2.60385614e-02, -3.53039142e-02,  0.00000000e+00, ...,
         -9.97930266e-01, -9.97270993e-01, -9.97885707e-01],
        ...,
        [ 9.95917487e-01,  9.95037946e-01,  9.97930266e-01, ...,
          0.00000000e+00,  9.54523261e-03,  6.89245369e-04],
        [ 9.95010484e-01,  9.94042901e-01,  9.97270993e-01, ...,
         -9.54523261e-03,  0.00000000e+00, -8.85601637e-03],
        [ 9.95855033e-01,  9.94969133e-01,  9.97885707e-01, ...,
         -6.89245369e-04,  8.85601637e-03,  0.00000000e+00]],

       [[ 0.00000000e+00,  7.25272044e-02,  2.72668452e-01, ...,
         -9.99181594e-01, -9.96696998e-01, -9.94346090e-01],
        [-7.25272044e-02,  0.00000000e+00,  2.02171354e-01, ...,
         -9.93616511e-01, -9.88182184e-01, -9.84025908e-01],
        [-2.72668452e-01, -2.02171354e-01,  0.00000000e+00, ...,
         -9.50291423e-01, -9.36786758e-01, -9.27714316e-01],
        ...,
        [ 9.99181594e-01,  9.93616511e-01,  9.50291423e-01, ...,
          0.00000000e+00, -4.08280583e-02, -6.58803491e-02],
        [ 9.96696998e-01,  9.88182184e-01,  9.36786758e-01, ...,
          4.08280583e-02,  0.00000000e+00, -2.50860567e-02],
        [ 9.94346090e-01,  9.84025908e-01,  9.27714316e-01, ...,
          6.58803491e-02,  2.50860567e-02,  0.00000000e+00]]]), 'num': array([ 2.39395390e+07,  1.06639000e+05,  5.46000000e+02,  4.36500000e+04,
        4.39500000e+04,  4.30000000e+04,  6.13380000e+04, -5.00000000e+01,
        4.34600000e+04,  4.50400000e+04,  4.61316667e+04,  2.86666667e+01,
        4.77960116e+04,  4.22839884e+04])}
{'img': array([[[ 0.        ,  0.67555081,  0.13349286, ..., -0.99931301,
         -0.99361624, -0.99442398],
        [-0.67555081,  0.        , -0.5710784 , ..., -0.76184345,
         -0.80881752, -0.804443  ],
        [-0.13349286,  0.5710784 ,  0.        , ..., -0.9953163 ,
         -0.99978288, -0.99960127],
        ...,
        [ 0.99931301,  0.76184345,  0.9953163 , ...,  0.        ,
          0.07591118,  0.06852921],
        [ 0.99361624,  0.80881752,  0.99978288, ..., -0.07591118,
          0.        , -0.00740124],
        [ 0.99442398,  0.804443  ,  0.99960127, ..., -0.06852921,
          0.00740124,  0.        ]],

       [[ 0.        ,  0.59537083,  0.15971436, ...,  0.02337594,
         -0.40572831, -0.10891674],
        [-0.59537083,  0.        , -0.45940555, ..., -0.57642673,
         -0.87014804, -0.67933817],
        [-0.15971436,  0.45940555,  0.        , ..., -0.13659485,
         -0.54649801, -0.26628281],
        ...,
        [-0.02337594,  0.57642673,  0.13659485, ...,  0.        ,
         -0.4269829 , -0.13212385],
        [ 0.40572831,  0.87014804,  0.54649801, ...,  0.4269829 ,
          0.        ,  0.30376536],
        [ 0.10891674,  0.67933817,  0.26628281, ...,  0.13212385,
         -0.30376536,  0.        ]],

       [[ 0.        ,  0.20884526,  0.38593707, ..., -0.9303742 ,
         -0.9325525 , -0.92814949],
        [-0.20884526,  0.        ,  0.18476166, ..., -0.8332932 ,
         -0.83658819, -0.82994878],
        [-0.38593707, -0.18476166,  0.        , ..., -0.71680466,
         -0.72096654, -0.71259248],
        ...,
        [ 0.9303742 ,  0.8332932 ,  0.71680466, ...,  0.        ,
          0.00598721, -0.00602229],
        [ 0.9325525 ,  0.83658819,  0.72096654, ..., -0.00598721,
          0.        , -0.01200929],
        [ 0.92814949,  0.82994878,  0.71259248, ...,  0.00602229,
          0.01200929,  0.        ]],

       ...,

       [[ 0.        ,  0.26880874, -0.0102947 , ..., -0.43460858,
         -0.52289056, -0.52820006],
        [-0.26880874,  0.        , -0.27871029, ..., -0.66070657,
         -0.73277736, -0.73700977],
        [ 0.0102947 ,  0.27871029,  0.        , ..., -0.42531394,
         -0.51408765, -0.51943063],
        ...,
        [ 0.43460858,  0.66070657,  0.42531394, ...,  0.        ,
         -0.10046514, -0.10667243],
        [ 0.52289056,  0.73277736,  0.51408765, ...,  0.10046514,
          0.        , -0.00624082],
        [ 0.52820006,  0.73700977,  0.51943063, ...,  0.10667243,
          0.00624082,  0.        ]],

       [[ 0.        ,  0.03530391,  0.0367823 , ..., -0.9940429 ,
         -0.99496913, -0.99772722],
        [-0.03530391,  0.        ,  0.00147935, ..., -0.99727099,
         -0.99788571, -0.99948412],
        [-0.0367823 , -0.00147935,  0.        , ..., -0.99737912,
         -0.99798076, -0.99953054],
        ...,
        [ 0.9940429 ,  0.99727099,  0.99737912, ...,  0.        ,
         -0.00885602, -0.04176076],
        [ 0.99496913,  0.99788571,  0.99798076, ...,  0.00885602,
          0.        , -0.03291083],
        [ 0.99772722,  0.99948412,  0.99953054, ...,  0.04176076,
          0.03291083,  0.        ]],

       [[ 0.        ,  0.20217135,  0.23098319, ..., -0.98818218,
         -0.98402591, -0.9804778 ],
        [-0.20217135,  0.        ,  0.02950924, ..., -0.93678676,
         -0.92771432, -0.92047818],
        [-0.23098319, -0.02950924,  0.        , ..., -0.92605349,
         -0.91629477, -0.90854528],
        ...,
        [ 0.98818218,  0.93678676,  0.92605349, ...,  0.        ,
         -0.02508606, -0.04401456],
        [ 0.98402591,  0.92771432,  0.91629477, ...,  0.02508606,
          0.        , -0.01893896],
        [ 0.9804778 ,  0.92047818,  0.90854528, ...,  0.04401456,
          0.01893896,  0.        ]]]), 'num': array([2.39942330e+07, 6.29830000e+04, 5.47000000e+02, 4.37500000e+04,
       4.39000000e+04, 4.35000000e+04, 4.77240000e+04, 1.00000000e+02,
       4.34700000e+04, 4.49250000e+04, 4.59475000e+04, 2.86666667e+01,
       4.76947473e+04, 4.21552527e+04])}
{'img': array([[[ 0.        , -0.5710784 , -0.75672672, ..., -0.80881752,
         -0.804443  , -0.81312468],
        [ 0.5710784 ,  0.        , -0.24786173, ..., -0.99978288,
         -0.99960127, -0.99990918],
        [ 0.75672672,  0.24786173,  0.        , ..., -0.97374986,
         -0.97540786, -0.97204781],
        ...,
        [ 0.80881752,  0.99978288,  0.97374986, ...,  0.        ,
         -0.00740124,  0.00736163],
        [ 0.804443  ,  0.99960127,  0.97540786, ...,  0.00740124,
          0.        ,  0.01476247],
        [ 0.81312468,  0.99990918,  0.97204781, ..., -0.00736163,
         -0.01476247,  0.        ]],

       [[ 0.        , -0.45940555, -0.66864544, ..., -0.87014804,
         -0.67933817, -0.7653235 ],
        [ 0.45940555,  0.        , -0.25230327, ..., -0.54649801,
         -0.26628281, -0.38408625],
        [ 0.66864544,  0.25230327,  0.        , ..., -0.31752382,
         -0.01447424, -0.13870946],
        ...,
        [ 0.87014804,  0.54649801,  0.31752382, ...,  0.        ,
          0.30376536,  0.18292307],
        [ 0.67933817,  0.26628281,  0.01447424, ..., -0.30376536,
          0.        , -0.12436062],
        [ 0.7653235 ,  0.38408625,  0.13870946, ..., -0.18292307,
          0.12436062,  0.        ]],

       [[ 0.        ,  0.18476166, -0.06604041, ..., -0.83658819,
         -0.82994878, -0.83106914],
        [-0.18476166,  0.        , -0.24926174, ..., -0.72096654,
         -0.71259248, -0.71400218],
        [ 0.06604041,  0.24926174,  0.        , ..., -0.87094094,
         -0.86497692, -0.86598451],
        ...,
        [ 0.83658819,  0.72096654,  0.87094094, ...,  0.        ,
         -0.01200929, -0.00999802],
        [ 0.82994878,  0.71259248,  0.86497692, ...,  0.01200929,
          0.        ,  0.00201139],
        [ 0.83106914,  0.71400218,  0.86598451, ...,  0.00999802,
         -0.00201139,  0.        ]],

       ...,

       [[ 0.        , -0.27871029, -0.4440598 , ..., -0.73277736,
         -0.73700977, -0.73700977],
        [ 0.27871029,  0.        , -0.17674041, ..., -0.51408765,
         -0.51943063, -0.51943063],
        [ 0.4440598 ,  0.17674041,  0.        , ..., -0.35439773,
         -0.36022659, -0.36022659],
        ...,
        [ 0.73277736,  0.51408765,  0.35439773, ...,  0.        ,
         -0.00624082, -0.00624082],
        [ 0.73700977,  0.51943063,  0.36022659, ...,  0.00624082,
          0.        ,  0.        ],
        [ 0.73700977,  0.51943063,  0.36022659, ...,  0.00624082,
          0.        ,  0.        ]],

       [[ 0.        ,  0.00147935,  0.00465128, ..., -0.99788571,
         -0.99948412, -0.99992195],
        [-0.00147935,  0.        ,  0.00317194, ..., -0.99798076,
         -0.99953054, -0.99993934],
        [-0.00465128, -0.00317194,  0.        , ..., -0.99817721,
         -0.9996227 , -0.99996925],
        ...,
        [ 0.99788571,  0.99798076,  0.99817721, ...,  0.        ,
         -0.03291083, -0.05252078],
        [ 0.99948412,  0.99953054,  0.9996227 , ...,  0.03291083,
          0.        , -0.01962692],
        [ 0.99992195,  0.99993934,  0.99996925, ...,  0.05252078,
          0.01962692,  0.        ]],

       [[ 0.        ,  0.02950924, -0.06330178, ..., -0.92771432,
         -0.92047818, -0.91328916],
        [-0.02950924,  0.        , -0.09272428, ..., -0.91629477,
         -0.90854528, -0.90087197],
        [ 0.06330178,  0.09272428,  0.        , ..., -0.9494837 ,
         -0.94337005, -0.93724106],
        ...,
        [ 0.92771432,  0.91629477,  0.9494837 , ...,  0.        ,
         -0.01893896, -0.03694639],
        [ 0.92047818,  0.90854528,  0.94337005, ...,  0.01893896,
          0.        , -0.01801374],
        [ 0.91328916,  0.90087197,  0.93724106, ...,  0.03694639,
          0.01801374,  0.        ]]]), 'num': array([2.46421090e+07, 1.18124090e+07, 2.78000000e+02, 4.61500000e+04,
       4.62000000e+04, 4.36500000e+04, 2.38620000e+05, 2.40000000e+03,
       4.40900000e+04, 4.49075000e+04, 4.57666667e+04, 4.61928934e+01,
       4.76414120e+04, 4.21735880e+04])}
{'img': array([[[ 0.        , -0.5774961 , -0.74043212, ..., -0.8324512 ,
         -0.84103314, -0.97407403],
        [ 0.5774961 ,  0.        , -0.21633081, ..., -0.99959735,
         -0.99902986, -0.92587431],
        [ 0.74043212,  0.21633081,  0.        , ..., -0.96978861,
         -0.9658462 , -0.82221309],
        ...,
        [ 0.8324512 ,  0.99959735,  0.96978861, ...,  0.        ,
          0.01567263,  0.35140779],
        [ 0.84103314,  0.99902986,  0.9658462 , ..., -0.01567263,
          0.        ,  0.33669157],
        [ 0.97407403,  0.92587431,  0.82221309, ..., -0.35140779,
         -0.33669157,  0.        ]],

       [[ 0.        , -0.25230327, -0.09289571, ..., -0.26628281,
         -0.38408625,  0.3909748 ],
        [ 0.25230327,  0.        ,  0.1613219 , ..., -0.01447424,
         -0.13870946,  0.61054634],
        [ 0.09289571, -0.1613219 ,  0.        , ..., -0.17558965,
         -0.29665505,  0.4747855 ],
        ...,
        [ 0.26628281,  0.01447424,  0.17558965, ...,  0.        ,
         -0.12436062,  0.62194569],
        [ 0.38408625,  0.13870946,  0.29665505, ...,  0.12436062,
          0.        ,  0.71449946],
        [-0.3909748 , -0.61054634, -0.4747855 , ..., -0.62194569,
         -0.71449946,  0.        ]],

       [[ 0.        , -0.24926174, -0.34967167, ..., -0.71259248,
         -0.71400218, -0.79148328],
        [ 0.24926174,  0.        , -0.10510827, ..., -0.86497692,
         -0.86598451, -0.91884751],
        [ 0.34967167,  0.10510827,  0.        , ..., -0.91293018,
         -0.91374921, -0.95523488],
        ...,
        [ 0.71259248,  0.86497692,  0.91293018, ...,  0.        ,
          0.00201139,  0.11975743],
        [ 0.71400218,  0.86598451,  0.91374921, ..., -0.00201139,
          0.        ,  0.11776027],
        [ 0.79148328,  0.91884751,  0.95523488, ..., -0.11975743,
         -0.11776027,  0.        ]],

       ...,

       [[ 0.        , -0.17674041, -0.45089922, ..., -0.51943063,
         -0.51943063, -0.02977493],
        [ 0.17674041,  0.        , -0.28604689, ..., -0.36022659,
         -0.36022659,  0.14735584],
        [ 0.45089922,  0.28604689,  0.        , ..., -0.07833166,
         -0.07833166,  0.42412294],
        ...,
        [ 0.51943063,  0.36022659,  0.07833166, ...,  0.        ,
          0.        ,  0.49375727],
        [ 0.51943063,  0.36022659,  0.07833166, ...,  0.        ,
          0.        ,  0.49375727],
        [ 0.02977493, -0.14735584, -0.42412294, ..., -0.49375727,
         -0.49375727,  0.        ]],

       [[ 0.        ,  0.00317194,  0.02484038, ..., -0.99953054,
         -0.99993934, -0.99999985],
        [-0.00317194,  0.        ,  0.0216693 , ..., -0.9996227 ,
         -0.99996925, -0.99999655],
        [-0.02484038, -0.0216693 ,  0.        , ..., -0.99998318,
         -0.99990439, -0.99970478],
        ...,
        [ 0.99953054,  0.9996227 ,  0.99998318, ...,  0.        ,
         -0.01962692, -0.03009482],
        [ 0.99993934,  0.99996925,  0.99990439, ...,  0.01962692,
          0.        , -0.01047099],
        [ 0.99999985,  0.99999655,  0.99970478, ...,  0.03009482,
          0.01047099,  0.        ]],

       [[ 0.        , -0.09272428, -0.21716327, ..., -0.90854528,
         -0.90087197, -0.90198682],
        [ 0.09272428,  0.        , -0.12571626, ..., -0.94337005,
         -0.93724106, -0.93813586],
        [ 0.21716327,  0.12571626,  0.        , ..., -0.97759098,
         -0.97364022, -0.97422436],
        ...,
        [ 0.90854528,  0.94337005,  0.97759098, ...,  0.        ,
         -0.01801374, -0.01543894],
        [ 0.90087197,  0.93724106,  0.97364022, ...,  0.01801374,
          0.        ,  0.00257515],
        [ 0.90198682,  0.93813586,  0.97422436, ...,  0.01543894,
         -0.00257515,  0.        ]]]), 'num': array([ 2.45708210e+07,  3.08882100e+06,  4.67000000e+02,  4.60000000e+04,
        4.65500000e+04,  4.56000000e+04,  1.17874000e+05, -1.50000000e+02,
        4.46500000e+04,  4.48800000e+04,  4.56083333e+04,  5.44910180e+01,
        4.75577603e+04,  4.22022397e+04])}
{'img': array([[[ 0.        , -0.54079374, -0.60287728, ..., -0.86912936,
         -0.9889852 , -0.98550006],
        [ 0.54079374,  0.        , -0.07564978, ..., -0.99854109,
         -0.91193536, -0.92071776],
        [ 0.60287728,  0.07564978,  0.        , ..., -0.99159486,
         -0.8782805 , -0.88855865],
        ...,
        [ 0.86912936,  0.99854109,  0.99159486, ...,  0.        ,
          0.36049339,  0.33994378],
        [ 0.9889852 ,  0.91193536,  0.8782805 , ..., -0.36049339,
          0.        , -0.02193791],
        [ 0.98550006,  0.92071776,  0.88855865, ..., -0.33994378,
          0.02193791,  0.        ]],

       [[ 0.        ,  0.1613219 ,  0.17949795, ..., -0.13870946,
          0.61054634,  0.27122815],
        [-0.1613219 ,  0.        ,  0.01844509, ..., -0.29665505,
          0.4747855 ,  0.11240079],
        [-0.17949795, -0.01844509,  0.        , ..., -0.31421936,
          0.45847117,  0.09405347],
        ...,
        [ 0.13870946,  0.29665505,  0.31421936, ...,  0.        ,
          0.71449946,  0.40211617],
        [-0.61054634, -0.4747855 , -0.45847117, ..., -0.71449946,
          0.        , -0.37285265],
        [-0.27122815, -0.11240079, -0.09405347, ..., -0.40211617,
          0.37285265,  0.        ]],

       [[ 0.        , -0.25121994, -0.42176423, ..., -0.7186855 ,
         -0.7962587 , -0.85213402],
        [ 0.25121994,  0.        , -0.18045575, ..., -0.87031937,
         -0.92269978, -0.95627544],
        [ 0.42176423,  0.18045575,  0.        , ..., -0.94490367,
         -0.97712109, -0.99335382],
        ...,
        [ 0.7186855 ,  0.87031937,  0.94490367, ...,  0.        ,
          0.11889346,  0.21641375],
        [ 0.7962587 ,  0.92269978,  0.97712109, ..., -0.11889346,
          0.        ,  0.09880284],
        [ 0.85213402,  0.95627544,  0.99335382, ..., -0.21641375,
         -0.09880284,  0.        ]],

       ...,

       [[ 0.        , -0.28604689, -0.22069213, ..., -0.36022659,
          0.14735584,  0.37364325],
        [ 0.28604689,  0.        ,  0.06752334, ..., -0.07833166,
          0.42412294,  0.62336003],
        [ 0.22069213, -0.06752334,  0.        , ..., -0.14546874,
          0.36200552,  0.56913847],
        ...,
        [ 0.36022659,  0.07833166,  0.14546874, ...,  0.        ,
          0.49375727,  0.68269493],
        [-0.14735584, -0.42412294, -0.36200552, ..., -0.49375727,
          0.        ,  0.23288117],
        [-0.37364325, -0.62336003, -0.56913847, ..., -0.68269493,
         -0.23288117,  0.        ]],

       [[ 0.        ,  0.0216693 ,  0.05657549, ..., -0.99996925,
         -0.99999655, -0.99981477],
        [-0.0216693 ,  0.        ,  0.03492761, ..., -0.99990439,
         -0.99970478, -0.99916295],
        [-0.05657549, -0.03492761,  0.        , ..., -0.99881132,
         -0.99824617, -0.99712451],
        ...,
        [ 0.99996925,  0.99990439,  0.99881132, ...,  0.        ,
         -0.01047099, -0.02708717],
        [ 0.99999655,  0.99970478,  0.99824617, ...,  0.01047099,
          0.        , -0.01661854],
        [ 0.99981477,  0.99916295,  0.99712451, ...,  0.02708717,
          0.01661854,  0.        ]],

       [[ 0.        , -0.19701113, -0.31514644, ..., -0.90145961,
         -0.90257298, -0.90429807],
        [ 0.19701113,  0.        , -0.12199792, ..., -0.969071  ,
         -0.96970424, -0.97067933],
        [ 0.31514644,  0.12199792,  0.        , ..., -0.99193929,
         -0.99226279, -0.99275433],
        ...,
        [ 0.90145961,  0.969071  ,  0.99193929, ...,  0.        ,
          0.00257903,  0.00660281],
        [ 0.90257298,  0.96970424,  0.99226279, ..., -0.00257903,
          0.        ,  0.00402381],
        [ 0.90429807,  0.97067933,  0.99275433, ..., -0.00660281,
         -0.00402381,  0.        ]]]), 'num': array([ 2.45469060e+07,  2.62875600e+06,  4.77000000e+02,  4.59500000e+04,
        4.67000000e+04,  4.55000000e+04,  5.86680000e+04, -5.00000000e+01,
        4.51000000e+04,  4.48775000e+04,  4.54725000e+04,  5.94771242e+01,
        4.75511632e+04,  4.22038368e+04])}
{'img': array([[[ 0.00000000e+00, -1.45848361e-01,  2.46621149e-01, ...,
         -9.87183923e-01, -9.90631841e-01, -9.91663558e-01],
        [ 1.45848361e-01,  0.00000000e+00,  3.85327412e-01, ...,
         -9.53352469e-01, -9.60121962e-01, -9.62266492e-01],
        [-2.46621149e-01, -3.85327412e-01,  0.00000000e+00, ...,
         -9.96049201e-01, -9.93711688e-01, -9.92811178e-01],
        ...,
        [ 9.87183923e-01,  9.53352469e-01,  9.96049201e-01, ...,
          0.00000000e+00, -2.32820773e-02, -3.10535449e-02],
        [ 9.90631841e-01,  9.60121962e-01,  9.93711688e-01, ...,
          2.32820773e-02,  0.00000000e+00, -7.77427854e-03],
        [ 9.91663558e-01,  9.62266492e-01,  9.92811178e-01, ...,
          3.10535449e-02,  7.77427854e-03,  0.00000000e+00]],

       [[ 0.00000000e+00,  1.84450941e-02, -1.18695220e-01, ...,
          4.74785502e-01,  1.12400795e-01, -1.95497169e-01],
        [-1.84450941e-02,  0.00000000e+00, -1.36989728e-01, ...,
          4.58471173e-01,  9.40534661e-02, -2.13553092e-01],
        [ 1.18695220e-01,  1.36989728e-01,  0.00000000e+00, ...,
          5.75892964e-01,  2.29549246e-01, -7.77102392e-02],
        ...,
        [-4.74785502e-01, -4.58471173e-01, -5.75892964e-01, ...,
          0.00000000e+00, -3.72852650e-01, -6.37681527e-01],
        [-1.12400795e-01, -9.40534661e-02, -2.29549246e-01, ...,
          3.72852650e-01,  0.00000000e+00, -3.04490233e-01],
        [ 1.95497169e-01,  2.13553092e-01,  7.77102392e-02, ...,
          6.37681527e-01,  3.04490233e-01,  0.00000000e+00]],

       [[ 0.00000000e+00, -3.47236000e-01, -5.64862293e-01, ...,
         -8.01108971e-01, -8.56856154e-01, -8.93587581e-01],
        [ 3.47236000e-01,  0.00000000e+00, -2.43181303e-01, ...,
         -9.59089366e-01, -9.82560109e-01, -9.93856958e-01],
        [ 5.64862293e-01,  2.43181303e-01,  0.00000000e+00, ...,
         -9.99143797e-01, -9.98282898e-01, -9.90935641e-01],
        ...,
        [ 8.01108971e-01,  9.59089366e-01,  9.99143797e-01, ...,
          0.00000000e+00,  9.98280956e-02,  1.75219800e-01],
        [ 8.56856154e-01,  9.82560109e-01,  9.98282898e-01, ...,
         -9.98280956e-02,  0.00000000e+00,  7.60608349e-02],
        [ 8.93587581e-01,  9.93856958e-01,  9.90935641e-01, ...,
         -1.75219800e-01, -7.60608349e-02,  0.00000000e+00]],

       ...,

       [[ 0.00000000e+00,  6.75233370e-02,  1.82771880e-01, ...,
          4.24122944e-01,  6.23360029e-01,  7.30960651e-01],
        [-6.75233370e-02,  0.00000000e+00,  1.15968809e-01, ...,
          3.62005520e-01,  5.69138474e-01,  6.83213126e-01],
        [-1.82771880e-01, -1.15968809e-01,  0.00000000e+00, ...,
          2.51459682e-01,  4.69944025e-01,  5.93920758e-01],
        ...,
        [-4.24122944e-01, -3.62005520e-01, -2.51459682e-01, ...,
          0.00000000e+00,  2.32881168e-01,  3.72531528e-01],
        [-6.23360029e-01, -5.69138474e-01, -4.69944025e-01, ...,
         -2.32881168e-01,  0.00000000e+00,  1.46170574e-01],
        [-7.30960651e-01, -6.83213126e-01, -5.93920758e-01, ...,
         -3.72531528e-01, -1.46170574e-01,  0.00000000e+00]],

       [[ 0.00000000e+00,  3.49276098e-02,  5.38282922e-02, ...,
         -9.99704785e-01, -9.99162947e-01, -9.99108028e-01],
        [-3.49276098e-02,  0.00000000e+00,  1.89184765e-02, ...,
         -9.98246174e-01, -9.97124510e-01, -9.97023517e-01],
        [-5.38282922e-02, -1.89184765e-02,  0.00000000e+00, ...,
         -9.96947554e-01, -9.95512399e-01, -9.95386502e-01],
        ...,
        [ 9.99704785e-01,  9.98246174e-01,  9.96947554e-01, ...,
          0.00000000e+00, -1.66185419e-02, -1.79395580e-02],
        [ 9.99162947e-01,  9.97124510e-01,  9.95512399e-01, ...,
          1.66185419e-02,  0.00000000e+00, -1.32121310e-03],
        [ 9.99108028e-01,  9.97023517e-01,  9.95386502e-01, ...,
          1.79395580e-02,  1.32121310e-03,  0.00000000e+00]],

       [[ 0.00000000e+00, -2.49668103e-01, -3.56957102e-01, ...,
         -9.05239688e-01, -9.06953831e-01, -9.07048844e-01],
        [ 2.49668103e-01,  0.00000000e+00, -1.12432634e-01, ...,
         -9.82656378e-01, -9.83399643e-01, -9.83440557e-01],
        [ 3.56957102e-01,  1.12432634e-01,  0.00000000e+00, ...,
         -9.97274735e-01, -9.97565473e-01, -9.97581181e-01],
        ...,
        [ 9.05239688e-01,  9.82656378e-01,  9.97274735e-01, ...,
          0.00000000e+00,  4.05170037e-03,  4.27731458e-03],
        [ 9.06953831e-01,  9.83399643e-01,  9.97565473e-01, ...,
         -4.05170037e-03,  0.00000000e+00,  2.25616171e-04],
        [ 9.07048844e-01,  9.83440557e-01,  9.97581181e-01, ...,
         -4.27731458e-03, -2.25616171e-04,  0.00000000e+00]]]), 'num': array([ 2.44698780e+07,  1.02027800e+06,  5.12000000e+02,  4.58000000e+04,
        4.62500000e+04,  4.53500000e+04,  7.43150000e+04, -1.50000000e+02,
        4.55300000e+04,  4.48250000e+04,  4.53525000e+04,  6.10738255e+01,
        4.73802886e+04,  4.22697114e+04])}
{'img': array([[[ 0.00000000e+00,  3.85327412e-01, -1.94667384e-01, ...,
         -9.60121962e-01, -9.62266492e-01, -9.68362036e-01],
        [-3.85327412e-01,  0.00000000e+00, -5.57590987e-01, ...,
         -9.93711688e-01, -9.92811178e-01, -9.89743319e-01],
        [ 1.94667384e-01,  5.57590987e-01,  0.00000000e+00, ...,
         -8.87328770e-01, -8.90886965e-01, -9.01257452e-01],
        ...,
        [ 9.60121962e-01,  9.93711688e-01,  8.87328770e-01, ...,
          0.00000000e+00, -7.77427854e-03, -3.11381320e-02],
        [ 9.62266492e-01,  9.92811178e-01,  8.90886965e-01, ...,
          7.77427854e-03,  0.00000000e+00, -2.33666823e-02],
        [ 9.68362036e-01,  9.89743319e-01,  9.01257452e-01, ...,
          3.11381320e-02,  2.33666823e-02,  0.00000000e+00]],

       [[ 0.00000000e+00, -1.36989728e-01, -1.25293779e-01, ...,
          9.40534661e-02, -2.13553092e-01, -1.10429283e-01],
        [ 1.36989728e-01,  0.00000000e+00,  1.17976371e-02, ...,
          2.29549246e-01, -7.77102392e-02,  2.67636885e-02],
        [ 1.25293779e-01, -1.17976371e-02,  0.00000000e+00, ...,
          2.18050666e-01, -8.94667918e-02,  1.49684148e-02],
        ...,
        [-9.40534661e-02, -2.29549246e-01, -2.18050666e-01, ...,
          0.00000000e+00, -3.04490233e-01, -2.03418000e-01],
        [ 2.13553092e-01,  7.77102392e-02,  8.94667918e-02, ...,
          3.04490233e-01,  0.00000000e+00,  1.04365157e-01],
        [ 1.10429283e-01, -2.67636885e-02, -1.49684148e-02, ...,
          2.03418000e-01, -1.04365157e-01,  0.00000000e+00]],

       [[ 0.00000000e+00, -4.67879914e-01, -6.26008151e-01, ...,
         -8.66025404e-01, -9.02259879e-01, -9.30833553e-01],
        [ 4.67879914e-01,  0.00000000e+00, -1.88400543e-01, ...,
         -9.99326323e-01, -9.99156492e-01, -9.93646931e-01],
        [ 6.26008151e-01,  1.88400543e-01,  0.00000000e+00, ...,
         -9.88344987e-01, -9.73527274e-01, -9.54649939e-01],
        ...,
        [ 8.66025404e-01,  9.99326323e-01,  9.88344987e-01, ...,
          0.00000000e+00,  7.77061416e-02,  1.48933487e-01],
        [ 9.02259879e-01,  9.99156492e-01,  9.73527274e-01, ...,
         -7.77061416e-02,  0.00000000e+00,  7.16436556e-02],
        [ 9.30833553e-01,  9.93646931e-01,  9.54649939e-01, ...,
         -1.48933487e-01, -7.16436556e-02,  0.00000000e+00]],

       ...,

       [[ 0.00000000e+00,  1.15968809e-01,  2.71143852e-02, ...,
          5.69138474e-01,  6.83213126e-01,  7.17901190e-01],
        [-1.15968809e-01,  0.00000000e+00, -8.89947307e-02, ...,
          4.69944025e-01,  5.93920758e-01,  6.32326299e-01],
        [-2.71143852e-02,  8.89947307e-02,  0.00000000e+00, ...,
          5.46634645e-01,  6.63162494e-01,  6.98761700e-01],
        ...,
        [-5.69138474e-01, -4.69944025e-01, -5.46634645e-01, ...,
          0.00000000e+00,  1.46170574e-01,  1.94085376e-01],
        [-6.83213126e-01, -5.93920758e-01, -6.63162494e-01, ...,
         -1.46170574e-01,  0.00000000e+00,  4.86096949e-02],
        [-7.17901190e-01, -6.32326299e-01, -6.98761700e-01, ...,
         -1.94085376e-01, -4.86096949e-02,  0.00000000e+00]],

       [[ 0.00000000e+00,  1.89184765e-02,  5.01484094e-02, ...,
         -9.97124510e-01, -9.97023517e-01, -9.93737695e-01],
        [-1.89184765e-02,  0.00000000e+00,  3.12447615e-02, ...,
         -9.95512399e-01, -9.95386502e-01, -9.91445931e-01],
        [-5.01484094e-02, -3.12447615e-02,  0.00000000e+00, ...,
         -9.92069624e-01, -9.91902695e-01, -9.86883865e-01],
        ...,
        [ 9.97124510e-01,  9.95512399e-01,  9.92069624e-01, ...,
          0.00000000e+00, -1.32121310e-03, -3.61106352e-02],
        [ 9.97023517e-01,  9.95386502e-01,  9.91902695e-01, ...,
          1.32121310e-03,  0.00000000e+00, -3.47902523e-02],
        [ 9.93737695e-01,  9.91445931e-01,  9.86883865e-01, ...,
          3.61106352e-02,  3.47902523e-02,  0.00000000e+00]],

       [[ 0.00000000e+00, -2.61369252e-01, -4.36383605e-01, ...,
         -9.11220827e-01, -9.11314792e-01, -9.15141075e-01],
        [ 2.61369252e-01,  0.00000000e+00, -1.86044641e-01, ...,
         -9.87208532e-01, -9.87244884e-01, -9.88696519e-01],
        [ 4.36383605e-01,  1.86044641e-01,  0.00000000e+00, ...,
         -9.99635055e-01, -9.99628865e-01, -9.99328946e-01],
        ...,
        [ 9.11220827e-01,  9.87208532e-01,  9.99635055e-01, ...,
          0.00000000e+00,  2.28172805e-04,  9.61940474e-03],
        [ 9.11314792e-01,  9.87244884e-01,  9.99628865e-01, ...,
         -2.28172805e-04,  0.00000000e+00,  9.39124225e-03],
        [ 9.15141075e-01,  9.88696519e-01,  9.99328946e-01, ...,
         -9.61940474e-03, -9.39124225e-03,  0.00000000e+00]]]), 'num': array([ 2.43912000e+07,  4.70600000e+05,  5.24000000e+02,  4.56500000e+04,
        4.57500000e+04,  4.50000000e+04,  8.37130000e+04, -1.50000000e+02,
        4.59100000e+04,  4.47650000e+04,  4.52350000e+04,  5.37878788e+01,
        4.71797671e+04,  4.23502329e+04])}
{'img': array([[[ 0.        , -0.55759099, -0.72274032, ..., -0.99281118,
         -0.98974332, -0.98612185],
        [ 0.55759099,  0.        , -0.21459607, ..., -0.89088697,
         -0.90125745, -0.91116838],
        [ 0.72274032,  0.21459607,  0.        , ..., -0.77265695,
         -0.78727971, -0.80151987],
        ...,
        [ 0.99281118,  0.89088697,  0.77265695, ...,  0.        ,
         -0.02336668, -0.04679963],
        [ 0.98974332,  0.90125745,  0.78727971, ...,  0.02336668,
          0.        , -0.02344577],
        [ 0.98612185,  0.91116838,  0.80151987, ...,  0.04679963,
          0.02344577,  0.        ]],

       [[ 0.        ,  0.01179764, -0.08233757, ..., -0.07771024,
          0.02676369,  0.0782716 ],
        [-0.01179764,  0.        , -0.09408941, ..., -0.08946679,
          0.01496841,  0.06650471],
        [ 0.08233757,  0.09408941,  0.        , ...,  0.0046422 ,
          0.10898088,  0.16009079],
        ...,
        [ 0.07771024,  0.08946679, -0.0046422 , ...,  0.        ,
          0.10436516,  0.15550674],
        [-0.02676369, -0.01496841, -0.10898088, ..., -0.10436516,
          0.        ,  0.05156198],
        [-0.0782716 , -0.06650471, -0.16009079, ..., -0.15550674,
         -0.05156198,  0.        ]],

       [[ 0.        , -0.45672021, -0.60601326, ..., -0.9182057 ,
         -0.94526671, -0.9643554 ],
        [ 0.45672021,  0.        , -0.17581552, ..., -0.99775399,
         -0.9899463 , -0.9787535 ],
        [ 0.60601326,  0.17581552,  0.        , ..., -0.97043511,
         -0.94965804, -0.92745829],
        ...,
        [ 0.9182057 ,  0.99775399,  0.97043511, ...,  0.        ,
          0.0748145 ,  0.13901816],
        [ 0.94526671,  0.9899463 ,  0.94965804, ..., -0.0748145 ,
          0.        ,  0.06454052],
        [ 0.9643554 ,  0.9787535 ,  0.92745829, ..., -0.13901816,
         -0.06454052,  0.        ]],

       ...,

       [[ 0.        , -0.08899473, -0.18398695, ...,  0.59392076,
          0.6323263 ,  0.45200027],
        [ 0.08899473,  0.        , -0.09578143, ...,  0.66316249,
          0.6987617 ,  0.52959166],
        [ 0.18398695,  0.09578143,  0.        , ...,  0.73180358,
          0.76406675,  0.60840366],
        ...,
        [-0.59392076, -0.66316249, -0.73180358, ...,  0.        ,
          0.04860969, -0.16614303],
        [-0.6323263 , -0.6987617 , -0.76406675, ..., -0.04860969,
          0.        , -0.21388073],
        [-0.45200027, -0.52959166, -0.60840366, ...,  0.16614303,
          0.21388073,  0.        ]],

       [[ 0.        ,  0.03124476,  0.07619467, ..., -0.9953865 ,
         -0.99144593, -0.98502233],
        [-0.03124476,  0.        ,  0.04500354, ..., -0.9919027 ,
         -0.98688387, -0.97915397],
        [-0.07619467, -0.04500354,  0.        , ..., -0.98518227,
         -0.97861898, -0.96902082],
        ...,
        [ 0.9953865 ,  0.9919027 ,  0.98518227, ...,  0.        ,
         -0.03479025, -0.07712201],
        [ 0.99144593,  0.98688387,  0.97861898, ...,  0.03479025,
          0.        , -0.04238869],
        [ 0.98502233,  0.97915397,  0.96902082, ...,  0.07712201,
          0.04238869,  0.        ]],

       [[ 0.        , -0.35893216, -0.53069709, ..., -0.91594465,
         -0.91971941, -0.92420057],
        [ 0.35893216,  0.        , -0.19111628, ..., -0.99895058,
         -0.99934095, -0.99969409],
        [ 0.53069709,  0.19111628,  0.        , ..., -0.98929067,
         -0.98785796, -0.98599405],
        ...,
        [ 0.91594465,  0.99895058,  0.98929067, ...,  0.        ,
          0.00950941,  0.02107987],
        [ 0.91971941,  0.99934095,  0.98785796, ..., -0.00950941,
          0.        ,  0.01157162],
        [ 0.92420057,  0.99969409,  0.98599405, ..., -0.02107987,
         -0.01157162,  0.        ]]]), 'num': array([2.54314020e+07, 1.19980200e+06, 5.08000000e+02, 4.77000000e+04,
       4.85500000e+04, 4.55000000e+04, 3.07919000e+05, 2.05000000e+03,
       4.62200000e+04, 4.48025000e+04, 4.51433333e+04, 7.17948718e+01,
       4.73702763e+04, 4.22347237e+04])}
{'img': array([[[ 0.        , -0.52983417, -0.83888818, ..., -0.99799511,
         -0.99606661, -0.96630921],
        [ 0.52983417,  0.        , -0.42307138, ..., -0.87993472,
         -0.89171268, -0.68315725],
        [ 0.83888818,  0.42307138,  0.        , ..., -0.59630671,
         -0.6164947 , -0.31004941],
        ...,
        [ 0.99799511,  0.87993472,  0.59630671, ...,  0.        ,
         -0.02538776,  0.31802675],
        [ 0.99606661,  0.89171268,  0.6164947 , ...,  0.02538776,
          0.        ,  0.34199391],
        [ 0.96630921,  0.68315725,  0.31004941, ..., -0.31802675,
         -0.34199391,  0.        ]],

       [[ 0.        , -0.09408941,  0.01138653, ...,  0.01496841,
          0.06650471,  0.7022789 ],
        [ 0.09408941,  0.        ,  0.10541933, ...,  0.10898088,
          0.16009079,  0.76614585],
        [-0.01138653, -0.10541933,  0.        , ...,  0.00358219,
          0.05513908,  0.69412729],
        ...,
        [-0.01496841, -0.10898088, -0.00358219, ...,  0.        ,
          0.05156198,  0.69154418],
        [-0.06650471, -0.16009079, -0.05513908, ..., -0.05156198,
          0.        ,  0.65337931],
        [-0.7022789 , -0.76614585, -0.69412729, ..., -0.69154418,
         -0.65337931,  0.        ]],

       [[ 0.        , -0.43517965, -0.62995418, ..., -0.95794808,
         -0.97512641, -0.98572133],
        [ 0.43517965,  0.        , -0.22920067, ..., -0.9873536 ,
         -0.9744062 , -0.9607656 ],
        [ 0.62995418,  0.22920067,  0.        , ..., -0.92473347,
         -0.89694368, -0.87161778],
        ...,
        [ 0.95794808,  0.9873536 ,  0.92473347, ...,  0.        ,
          0.06747561,  0.12154046],
        [ 0.97512641,  0.9744062 ,  0.89694368, ..., -0.06747561,
          0.        ,  0.05428808],
        [ 0.98572133,  0.9607656 ,  0.87161778, ..., -0.12154046,
         -0.05428808,  0.        ]],

       ...,

       [[ 0.        , -0.09578143, -0.18580039, ...,  0.6987617 ,
          0.52959166,  0.909387  ],
        [ 0.09578143,  0.        , -0.09083252, ...,  0.76406675,
          0.60840366,  0.94504638],
        [ 0.18580039,  0.09083252,  0.        , ...,  0.81950767,
          0.67797583,  0.97083618],
        ...,
        [-0.6987617 , -0.76406675, -0.81950767, ...,  0.        ,
         -0.21388073,  0.35988343],
        [-0.52959166, -0.60840366, -0.67797583, ...,  0.21388073,
          0.        ,  0.55110578],
        [-0.909387  , -0.94504638, -0.97083618, ..., -0.35988343,
         -0.55110578,  0.        ]],

       [[ 0.        ,  0.04500354,  0.15986958, ..., -0.98688387,
         -0.97915397, -0.98654676],
        [-0.04500354,  0.        ,  0.11528289, ..., -0.97861898,
         -0.96902082, -0.97819007],
        [-0.15986958, -0.11528289,  0.        , ..., -0.94838267,
         -0.93408761, -0.94772257],
        ...,
        [ 0.98688387,  0.97861898,  0.94838267, ...,  0.        ,
         -0.04238869, -0.00207505],
        [ 0.97915397,  0.96902082,  0.93408761, ...,  0.04238869,
          0.        ,  0.04031541],
        [ 0.98654676,  0.97819007,  0.94772257, ...,  0.00207505,
         -0.04031541,  0.        ]],

       [[ 0.        , -0.41187444, -0.63904831, ..., -0.92837669,
         -0.93271903, -0.92644256],
        [ 0.41187444,  0.        , -0.2655267 , ..., -0.9990438 ,
         -0.99845501, -0.99925651],
        [ 0.63904831,  0.2655267 ,  0.        , ..., -0.95157263,
         -0.94785967, -0.95314956],
        ...,
        [ 0.92837669,  0.9990438 ,  0.95157263, ...,  0.        ,
          0.01185996, -0.00517089],
        [ 0.93271903,  0.99845501,  0.94785967, ..., -0.01185996,
          0.        , -0.01703033],
        [ 0.92644256,  0.99925651,  0.95314956, ...,  0.00517089,
          0.01703033,  0.        ]]]), 'num': array([2.54313960e+07, 1.15209600e+06, 5.09000000e+02, 4.77000000e+04,
       4.88500000e+04, 4.74000000e+04, 1.98328000e+05, 0.00000000e+00,
       4.65600000e+04, 4.48425000e+04, 4.50700000e+04, 7.94326241e+01,
       4.75602702e+04, 4.21247298e+04])}
{'img': array([[[ 0.        , -0.74124653, -0.82737912, ..., -0.99990617,
         -0.93267006, -0.93267006],
        [ 0.74124653,  0.        , -0.13904752, ..., -0.68132396,
         -0.3586485 , -0.3586485 ],
        [ 0.82737912,  0.13904752,  0.        , ..., -0.5729251 ,
         -0.22536743, -0.22536743],
        ...,
        [ 0.99990617,  0.68132396,  0.5729251 , ...,  0.        ,
          0.37347305,  0.37347305],
        [ 0.93267006,  0.3586485 ,  0.22536743, ..., -0.37347305,
          0.        ,  0.        ],
        [ 0.93267006,  0.3586485 ,  0.22536743, ..., -0.37347305,
          0.        ,  0.        ]],

       [[ 0.        ,  0.10541933,  0.16671495, ...,  0.16009079,
          0.76614585,  0.55082435],
        [-0.10541933,  0.        ,  0.06184199, ...,  0.05513908,
          0.69412729,  0.45976988],
        [-0.16671495, -0.06184199,  0.        , ..., -0.00671437,
          0.64828159,  0.40397181],
        ...,
        [-0.16009079, -0.05513908,  0.00671437, ...,  0.        ,
          0.65337931,  0.41010482],
        [-0.76614585, -0.69412729, -0.64828159, ..., -0.65337931,
          0.        , -0.28544508],
        [-0.55082435, -0.45976988, -0.40397181, ..., -0.41010482,
          0.28544508,  0.        ]],

       [[ 0.        , -0.49340255, -0.68477744, ..., -0.98351403,
         -0.99218519, -0.99799511],
        [ 0.49340255,  0.        , -0.23605194, ..., -0.94468446,
         -0.92456755, -0.89928524],
        [ 0.68477744,  0.23605194,  0.        , ..., -0.84056763,
         -0.8084996 , -0.77063153],
        ...,
        [ 0.98351403,  0.94468446,  0.84056763, ...,  0.        ,
          0.05670172,  0.11822155],
        [ 0.99218519,  0.92456755,  0.8084996 , ..., -0.05670172,
          0.        ,  0.06172727],
        [ 0.99799511,  0.89928524,  0.77063153, ..., -0.11822155,
         -0.06172727,  0.        ]],

       ...,

       [[ 0.        , -0.09083252, -0.11833031, ...,  0.60840366,
          0.94504638,  0.99840327],
        [ 0.09083252,  0.        , -0.02764681, ...,  0.67797583,
          0.97083618,  0.98914509],
        [ 0.11833031,  0.02764681,  0.        , ...,  0.69803941,
          0.97709323,  0.98470451],
        ...,
        [-0.60840366, -0.67797583, -0.69803941, ...,  0.        ,
          0.55110578,  0.82672815],
        [-0.94504638, -0.97083618, -0.97709323, ..., -0.55110578,
          0.        ,  0.37979822],
        [-0.99840327, -0.98914509, -0.98470451, ..., -0.82672815,
         -0.37979822,  0.        ]],

       [[ 0.        ,  0.11528289,  0.1516694 , ..., -0.96902082,
         -0.97819007, -0.98549338],
        [-0.11528289,  0.        ,  0.03670896, ..., -0.93408761,
         -0.94772257, -0.95935769],
        [-0.1516694 , -0.03670896,  0.        , ..., -0.92035132,
         -0.93537014, -0.94835208],
        ...,
        [ 0.96902082,  0.93408761,  0.92035132, ...,  0.        ,
          0.04031541,  0.07893993],
        [ 0.97819007,  0.94772257,  0.93537014, ..., -0.04031541,
          0.        ,  0.03868615],
        [ 0.98549338,  0.95935769,  0.94835208, ..., -0.07893993,
         -0.03868615,  0.        ]],

       [[ 0.        , -0.52463386, -0.69505961, ..., -0.94366234,
         -0.93768836, -0.93169022],
        [ 0.52463386,  0.        , -0.21453707, ..., -0.9769727 ,
         -0.98057874, -0.9837492 ],
        [ 0.69505961,  0.21453707,  0.        , ..., -0.90845016,
         -0.91567053, -0.92232371],
        ...,
        [ 0.94366234,  0.9769727 ,  0.90845016, ...,  0.        ,
         -0.01761095, -0.03448341],
        [ 0.93768836,  0.98057874,  0.91567053, ...,  0.01761095,
          0.        , -0.01687758],
        [ 0.93169022,  0.9837492 ,  0.92232371, ...,  0.03448341,
          0.01687758,  0.        ]]]), 'num': array([ 2.53791080e+07,  5.31908000e+05,  5.22000000e+02,  4.76000000e+04,
        4.81500000e+04,  4.70500000e+04,  1.16360000e+05, -1.00000000e+02,
        4.68900000e+04,  4.49600000e+04,  4.50100000e+04,  7.70370370e+01,
        4.79296128e+04,  4.19903872e+04])}
{'img': array([[[ 0.        , -0.29565116, -0.83595648, ..., -0.59858278,
         -0.59858278, -0.61946232],
        [ 0.29565116,  0.        , -0.63633376, ..., -0.33498912,
         -0.33498912, -0.3596759 ],
        [ 0.83595648,  0.63633376,  0.        , ...,  0.34115241,
          0.34115241,  0.31628961],
        ...,
        [ 0.59858278,  0.33498912, -0.34115241, ...,  0.        ,
          0.        , -0.0263238 ],
        [ 0.59858278,  0.33498912, -0.34115241, ...,  0.        ,
          0.        , -0.0263238 ],
        [ 0.61946232,  0.3596759 , -0.31628961, ...,  0.0263238 ,
          0.0263238 ,  0.        ]],

       [[ 0.        ,  0.06184199,  0.21151819, ...,  0.69412729,
          0.45976988,  0.20102103],
        [-0.06184199,  0.        ,  0.15067058, ...,  0.64828159,
          0.40397181,  0.14005666],
        [-0.21151819, -0.15067058,  0.        , ...,  0.52616015,
          0.26153094, -0.01072772],
        ...,
        [-0.69412729, -0.64828159, -0.52616015, ...,  0.        ,
         -0.28544508, -0.53525256],
        [-0.45976988, -0.40397181, -0.26153094, ...,  0.28544508,
          0.        , -0.27187023],
        [-0.20102103, -0.14005666,  0.01072772, ...,  0.53525256,
          0.27187023,  0.        ]],

       [[ 0.        , -0.52818456, -0.8144236 , ..., -0.9979608 ,
         -0.99999813, -0.9978352 ],
        [ 0.52818456,  0.        , -0.38506111, ..., -0.88111196,
         -0.84810637, -0.81255586],
        [ 0.8144236 ,  0.38506111,  0.        , ..., -0.63107199,
         -0.57869442, -0.52545485],
        ...,
        [ 0.9979608 ,  0.88111196,  0.63107199, ...,  0.        ,
          0.06575996,  0.12932153],
        [ 0.99999813,  0.84810637,  0.57869442, ..., -0.06575996,
          0.        ,  0.06383385],
        [ 0.9978352 ,  0.81255586,  0.52545485, ..., -0.12932153,
         -0.06383385,  0.        ]],

       ...,

       [[ 0.        , -0.02764681, -0.17985921, ...,  0.97083618,
          0.98914509,  0.99999798],
        [ 0.02764681,  0.        , -0.15259451, ...,  0.97709323,
          0.98470451,  0.99967136],
        [ 0.17985921,  0.15259451,  0.        , ...,  0.99812427,
          0.94658557,  0.9840523 ],
        ...,
        [-0.97083618, -0.97709323, -0.99812427, ...,  0.        ,
          0.37979822,  0.23778976],
        [-0.98914509, -0.98470451, -0.94658557, ..., -0.37979822,
          0.        , -0.14893231],
        [-0.99999798, -0.99967136, -0.9840523 , ..., -0.23778976,
          0.14893231,  0.        ]],

       [[ 0.        ,  0.03670896,  0.43307779, ..., -0.94772257,
         -0.95935769, -0.97709575],
        [-0.03670896,  0.        ,  0.39969804, ..., -0.93537014,
         -0.94835208, -0.96862551],
        [-0.43307779, -0.39969804,  0.        , ..., -0.71604278,
         -0.74251187, -0.78855263],
        ...,
        [ 0.94772257,  0.93537014,  0.71604278, ...,  0.        ,
          0.03868615,  0.11011134],
        [ 0.95935769,  0.94835208,  0.74251187, ..., -0.03868615,
          0.        ,  0.071578  ],
        [ 0.97709575,  0.96862551,  0.78855263, ..., -0.11011134,
         -0.071578  ,  0.        ]],

       [[ 0.        , -0.51532703, -0.78541013, ..., -0.95547373,
         -0.95004284, -0.94294955],
        [ 0.51532703,  0.        , -0.35411656, ..., -0.97089561,
         -0.97502428, -0.97967248],
        [ 0.78541013,  0.35411656,  0.        , ..., -0.82317084,
         -0.83319528, -0.8451539 ],
        ...,
        [ 0.95547373,  0.97089561,  0.82317084, ...,  0.        ,
         -0.017887  , -0.03986932],
        [ 0.95004284,  0.97502428,  0.83319528, ...,  0.017887  ,
          0.        , -0.02199016],
        [ 0.94294955,  0.97967248,  0.8451539 , ...,  0.03986932,
          0.02199016,  0.        ]]]), 'num': array([ 2.53525540e+07,  1.51054000e+05,  5.30000000e+02,  4.75500000e+04,
        4.79000000e+04,  4.62500000e+04,  1.12414000e+05, -5.00000000e+01,
        4.72400000e+04,  4.51125000e+04,  4.49791667e+04,  7.93893130e+01,
        4.82787083e+04,  4.19462917e+04])}
{'img': array([[[ 0.        , -0.63633376,  0.        , ..., -0.33498912,
         -0.3596759 , -0.371759  ],
        [ 0.63633376,  0.        ,  0.63633376, ...,  0.34115241,
          0.31628961,  0.30394721],
        [ 0.        , -0.63633376,  0.        , ..., -0.33498912,
         -0.3596759 , -0.371759  ],
        ...,
        [ 0.33498912, -0.34115241,  0.33498912, ...,  0.        ,
         -0.0263238 , -0.0392993 ],
        [ 0.3596759 , -0.31628961,  0.3596759 , ...,  0.0263238 ,
          0.        , -0.01298222],
        [ 0.371759  , -0.30394721,  0.371759  , ...,  0.0392993 ,
          0.01298222,  0.        ]],

       [[ 0.        ,  0.15067058, -0.05578918, ...,  0.40397181,
          0.14005666,  0.12422042],
        [-0.15067058,  0.        , -0.20558821, ...,  0.26153094,
         -0.01072772, -0.02670126],
        [ 0.05578918,  0.20558821,  0.        , ...,  0.454377  ,
          0.19507783,  0.17938403],
        ...,
        [-0.40397181, -0.26153094, -0.454377  , ...,  0.        ,
         -0.27187023, -0.28720961],
        [-0.14005666,  0.01072772, -0.19507783, ...,  0.27187023,
          0.        , -0.01597583],
        [-0.12422042,  0.02670126, -0.17938403, ...,  0.28720961,
          0.01597583,  0.        ]],

       [[ 0.        , -0.7050023 , -0.82085983, ..., -0.99649251,
         -0.98826955, -0.97414089],
        [ 0.7050023 ,  0.        , -0.17951016, ..., -0.64772148,
         -0.59321801, -0.53157639],
        [ 0.82085983,  0.17951016,  0.        , ..., -0.50043528,
         -0.43906866, -0.37089456],
        ...,
        [ 0.99649251,  0.64772148,  0.50043528, ...,  0.        ,
          0.06948362,  0.14363087],
        [ 0.98826955,  0.59321801,  0.43906866, ..., -0.06948362,
          0.        ,  0.07452056],
        [ 0.97414089,  0.53157639,  0.37089456, ..., -0.14363087,
         -0.07452056,  0.        ]],

       ...,

       [[ 0.        , -0.15259451,  0.16177461, ...,  0.98470451,
          0.99967136,  0.9852514 ],
        [ 0.15259451,  0.        ,  0.31046454, ...,  0.94658557,
          0.9840523 ,  0.9476021 ],
        [-0.16177461, -0.31046454,  0.        , ...,  0.99992014,
          0.99065055,  0.99995515],
        ...,
        [-0.98470451, -0.94658557, -0.99992014, ...,  0.        ,
         -0.14893231, -0.00316721],
        [-0.99967136, -0.9840523 , -0.99065055, ...,  0.14893231,
          0.        ,  0.14579967],
        [-0.9852514 , -0.9476021 , -0.99995515, ...,  0.00316721,
         -0.14579967,  0.        ]],

       [[ 0.        ,  0.39969804,  0.2401262 , ..., -0.94835208,
         -0.96862551, -0.98257454],
        [-0.39969804,  0.        , -0.16789261, ..., -0.74251187,
         -0.78855263, -0.82638241],
        [-0.2401262 ,  0.16789261,  0.        , ..., -0.84443213,
         -0.88060782, -0.90919405],
        ...,
        [ 0.94835208,  0.74251187,  0.84443213, ...,  0.        ,
          0.071578  ,  0.13542278],
        [ 0.96862551,  0.78855263,  0.88060782, ..., -0.071578  ,
          0.        ,  0.0641568 ],
        [ 0.98257454,  0.82638241,  0.90919405, ..., -0.13542278,
         -0.0641568 ,  0.        ]],

       [[ 0.        , -0.66856643, -0.76604886, ..., -0.96583813,
         -0.95954208, -0.95735205],
        [ 0.66856643,  0.        , -0.13993138, ..., -0.89150425,
         -0.90181088, -0.90510203],
        [ 0.76604886,  0.13993138,  0.        , ..., -0.81934228,
         -0.83246947, -0.83669887],
        ...,
        [ 0.96583813,  0.89150425,  0.81934228, ...,  0.        ,
         -0.02328488, -0.03095972],
        [ 0.95954208,  0.90181088,  0.83246947, ...,  0.02328488,
          0.        , -0.00767761],
        [ 0.95735205,  0.90510203,  0.83669887, ...,  0.03095972,
          0.00767761,  0.        ]]]), 'num': array([ 2.51401480e+07,  1.03498000e+05,  5.31000000e+02,  4.71500000e+04,
        4.78000000e+04,  4.63000000e+04,  9.21580000e+04, -4.00000000e+02,
        4.75400000e+04,  4.52625000e+04,  4.49516667e+04,  8.25396825e+01,
        4.85151720e+04,  4.20098280e+04])}
{'img': array([[[ 0.        ,  0.63633376,  0.74535945, ...,  0.31628961,
          0.30394721,  0.20715577],
        [-0.63633376,  0.        ,  0.15076057, ..., -0.3596759 ,
         -0.371759  , -0.46272756],
        [-0.74535945, -0.15076057,  0.        , ..., -0.49623618,
         -0.50746536, -0.59108805],
        ...,
        [-0.31628961,  0.3596759 ,  0.49623618, ...,  0.        ,
         -0.01298222, -0.1129077 ],
        [-0.30394721,  0.371759  ,  0.50746536, ...,  0.01298222,
          0.        , -0.09999898],
        [-0.20715577,  0.46272756,  0.59108805, ...,  0.1129077 ,
          0.09999898,  0.        ]],

       [[ 0.        , -0.20558821, -0.24450979, ..., -0.01072772,
         -0.02670126, -0.11571517],
        [ 0.20558821,  0.        , -0.03993875, ...,  0.19507783,
          0.17938403,  0.09096383],
        [ 0.24450979,  0.03993875,  0.        , ...,  0.23409362,
          0.21853182,  0.13066443],
        ...,
        [ 0.01072772, -0.19507783, -0.23409362, ...,  0.        ,
         -0.01597583, -0.10505286],
        [ 0.02670126, -0.17938403, -0.21853182, ...,  0.01597583,
          0.        , -0.08915202],
        [ 0.11571517, -0.09096383, -0.13066443, ...,  0.10505286,
          0.08915202,  0.        ]],

       [[ 0.        , -0.54500423, -0.67472842, ..., -0.93718333,
         -0.90066386, -0.86138305],
        [ 0.54500423,  0.        , -0.16346562, ..., -0.59564795,
         -0.51833322, -0.4453741 ],
        [ 0.67472842,  0.16346562,  0.        , ..., -0.45633287,
         -0.37156881, -0.29302532],
        ...,
        [ 0.93718333,  0.59564795,  0.45633287, ...,  0.        ,
          0.09303658,  0.17556538],
        [ 0.90066386,  0.51833322,  0.37156881, ..., -0.09303658,
          0.        ,  0.08321238],
        [ 0.86138305,  0.4453741 ,  0.29302532, ..., -0.17556538,
         -0.08321238,  0.        ]],

       ...,

       [[ 0.        ,  0.30937539,  0.40368801, ...,  0.98695231,
          0.95507566,  0.74942742],
        [-0.30937539,  0.        ,  0.10083654, ...,  0.98834583,
          0.99990677,  0.91749378],
        [-0.40368801, -0.10083654,  0.        , ...,  0.96795837,
          0.9934334 ,  0.95292506],
        ...,
        [-0.98695231, -0.98834583, -0.96795837, ...,  0.        ,
          0.13871581,  0.53278039],
        [-0.95507566, -0.99990677, -0.9934334 , ..., -0.13871581,
          0.        ,  0.41024084],
        [-0.74942742, -0.91749378, -0.95292506, ..., -0.53278039,
         -0.41024084,  0.        ]],

       [[ 0.        , -0.16789261, -0.28811228, ..., -0.78855263,
         -0.82638241, -0.84925508],
        [ 0.16789261,  0.        , -0.12324921, ..., -0.88060782,
         -0.90919405, -0.92584456],
        [ 0.28811228,  0.12324921,  0.        , ..., -0.93229497,
         -0.95357973, -0.96536213],
        ...,
        [ 0.78855263,  0.88060782,  0.93229497, ...,  0.        ,
          0.0641568 ,  0.10592188],
        [ 0.82638241,  0.90919405,  0.95357973, ..., -0.0641568 ,
          0.        ,  0.04190778],
        [ 0.84925508,  0.92584456,  0.96536213, ..., -0.10592188,
         -0.04190778,  0.        ]],

       [[ 0.        , -0.46691869, -0.60373359, ..., -0.9844004 ,
         -0.98285442, -0.98505825],
        [ 0.46691869,  0.        , -0.16166065, ..., -0.95265648,
         -0.95523041, -0.95150069],
        [ 0.60373359,  0.16166065,  0.        , ..., -0.8909729 ,
         -0.89483631, -0.88925068],
        ...,
        [ 0.9844004 ,  0.95265648,  0.8909729 , ...,  0.        ,
         -0.00858088,  0.00377895],
        [ 0.98285442,  0.95523041,  0.89483631, ...,  0.00858088,
          0.        ,  0.01235963],
        [ 0.98505825,  0.95150069,  0.88925068, ..., -0.00377895,
         -0.01235963,  0.        ]]]), 'num': array([2.60162980e+07, 1.03498000e+05, 5.31000000e+02, 4.88000000e+04,
       4.88500000e+04, 4.72500000e+04, 1.22343000e+05, 1.65000000e+03,
       4.77600000e+04, 4.54450000e+04, 4.49941667e+04, 8.58974359e+01,
       4.90431801e+04, 4.18468199e+04])}
{'img': array([[[ 0.        ,  0.15076057,  0.55943088, ..., -0.371759  ,
         -0.46272756,  0.        ],
        [-0.15076057,  0.        ,  0.42807478, ..., -0.50746536,
         -0.59108805, -0.15076057],
        [-0.55943088, -0.42807478,  0.        , ..., -0.82747855,
         -0.87948001, -0.55943088],
        ...,
        [ 0.371759  ,  0.50746536,  0.82747855, ...,  0.        ,
         -0.09999898,  0.371759  ],
        [ 0.46272756,  0.59108805,  0.87948001, ...,  0.09999898,
          0.        ,  0.46272756],
        [ 0.        ,  0.15076057,  0.55943088, ..., -0.371759  ,
         -0.46272756,  0.        ]],

       [[ 0.        , -0.03993875, -0.12617128, ...,  0.17938403,
          0.09096383,  0.21809515],
        [ 0.03993875,  0.        , -0.08645103, ...,  0.21853182,
          0.13066443,  0.25689847],
        [ 0.12617128,  0.08645103,  0.        , ...,  0.30207515,
          0.2158851 ,  0.33948627],
        ...,
        [-0.17938403, -0.21853182, -0.30207515, ...,  0.        ,
         -0.08915202,  0.03949165],
        [-0.09096383, -0.13066443, -0.2158851 , ...,  0.08915202,
          0.        ,  0.12841687],
        [-0.21809515, -0.25689847, -0.33948627, ..., -0.03949165,
         -0.12841687,  0.        ]],

       [[ 0.        , -0.23463995, -0.21608963, ..., -0.63206249,
         -0.55727108, -0.49565133],
        [ 0.23463995,  0.        ,  0.01903933, ..., -0.4325902 ,
         -0.34688464, -0.27802404],
        [ 0.21608963, -0.01903933,  0.        , ..., -0.44967747,
         -0.3646789 , -0.29626233],
        ...,
        [ 0.63206249,  0.4325902 ,  0.44967747, ...,  0.        ,
          0.09298177,  0.16487107],
        [ 0.55727108,  0.34688464,  0.3646789 , ..., -0.09298177,
          0.        ,  0.07244749],
        [ 0.49565133,  0.27802404,  0.29626233, ..., -0.16487107,
         -0.07244749,  0.        ]],

       ...,

       [[ 0.        ,  0.09751678,  0.07125219, ...,  0.98728981,
          0.99992692,  0.90531772],
        [-0.09751678,  0.        , -0.02635633, ...,  0.9670859 ,
          0.99634009,  0.94242166],
        [-0.07125219,  0.02635633,  0.        , ...,  0.97345631,
          0.99824685,  0.93328   ],
        ...,
        [-0.98728981, -0.9670859 , -0.97345631, ...,  0.        ,
          0.17085468,  0.56321895],
        [-0.99992692, -0.99634009, -0.99824685, ..., -0.17085468,
          0.        ,  0.41375897],
        [-0.90531772, -0.94242166, -0.93328   , ..., -0.56321895,
         -0.41375897,  0.        ]],

       [[ 0.        , -0.23667159, -0.37821219, ..., -0.82850181,
         -0.85134345, -0.89522582],
        [ 0.23667159,  0.        , -0.1483757 , ..., -0.9374967 ,
         -0.95131652, -0.97525607],
        [ 0.37821219,  0.1483757 ,  0.        , ..., -0.97875349,
         -0.98651817, -0.99726367],
        ...,
        [ 0.82850181,  0.9374967 ,  0.97875349, ...,  0.        ,
          0.04210144,  0.13212329],
        [ 0.85134345,  0.95131652,  0.98651817, ..., -0.04210144,
          0.        ,  0.09027379],
        [ 0.89522582,  0.97525607,  0.99726367, ..., -0.13212329,
         -0.09027379,  0.        ]],

       [[ 0.        , -0.41997231, -0.5333485 , ..., -0.99094034,
         -0.99260437, -0.98799086],
        [ 0.41997231,  0.        , -0.12878073, ..., -0.9557184 ,
         -0.95180733, -0.96152908],
        [ 0.5333485 ,  0.12878073,  0.        , ..., -0.90986228,
         -0.90438511, -0.91814604],
        ...,
        [ 0.99094034,  0.9557184 ,  0.90986228, ...,  0.        ,
          0.0130151 , -0.02042254],
        [ 0.99260437,  0.95180733,  0.90438511, ..., -0.0130151 ,
          0.        , -0.0334332 ],
        [ 0.98799086,  0.96152908,  0.91814604, ...,  0.02042254,
          0.0334332 ,  0.        ]]]), 'num': array([ 2.55118480e+07,  1.03498000e+05,  5.31000000e+02,  4.78500000e+04,
        4.89000000e+04,  4.75500000e+04,  1.71033000e+05, -9.50000000e+02,
        4.77900000e+04,  4.56225000e+04,  4.49783333e+04,  7.51515152e+01,
        4.93259410e+04,  4.19190590e+04])}
{'img': array([[[ 0.        ,  0.42807478, -0.024358  , ..., -0.59108805,
         -0.15076057, -0.43716742],
        [-0.42807478,  0.        , -0.44996115, ..., -0.87948001,
         -0.55943088, -0.78008909],
        [ 0.024358  ,  0.44996115,  0.        , ..., -0.57126534,
         -0.12663625, -0.41513061],
        ...,
        [ 0.59108805,  0.87948001,  0.57126534, ...,  0.        ,
          0.46272756,  0.17899054],
        [ 0.15076057,  0.55943088,  0.12663625, ..., -0.46272756,
          0.        , -0.29657966],
        [ 0.43716742,  0.78008909,  0.41513061, ..., -0.17899054,
          0.29657966,  0.        ]],

       [[ 0.        , -0.08645103, -0.07993261, ...,  0.13066443,
          0.25689847,  0.41571204],
        [ 0.08645103,  0.        ,  0.00654106, ...,  0.2158851 ,
          0.33948627,  0.49278255],
        [ 0.07993261, -0.00654106,  0.        , ...,  0.20949366,
          0.33332641,  0.48708029],
        ...,
        [-0.13066443, -0.2158851 , -0.20949366, ...,  0.        ,
          0.12841687,  0.29330918],
        [-0.25689847, -0.33948627, -0.33332641, ..., -0.12841687,
          0.        ,  0.16811187],
        [-0.41571204, -0.49278255, -0.48708029, ..., -0.29330918,
         -0.16811187,  0.        ]],

       [[ 0.        ,  0.01903933,  0.04871034, ..., -0.34688464,
         -0.27802404, -0.26818366],
        [-0.01903933,  0.        ,  0.02968479, ..., -0.3646789 ,
         -0.29626233, -0.28647693],
        [-0.04871034, -0.02968479,  0.        , ..., -0.39215868,
         -0.3244839 , -0.31479129],
        ...,
        [ 0.34688464,  0.3646789 ,  0.39215868, ...,  0.        ,
          0.07244749,  0.08264594],
        [ 0.27802404,  0.29626233,  0.3244839 , ..., -0.07244749,
          0.        ,  0.01022912],
        [ 0.26818366,  0.28647693,  0.31479129, ..., -0.08264594,
         -0.01022912,  0.        ]],

       ...,

       [[ 0.        , -0.02635633, -0.33865007, ...,  0.99634009,
          0.94242166,  0.90655953],
        [ 0.02635633,  0.        , -0.31373343, ...,  0.99824685,
          0.93328   ,  0.91736903],
        [ 0.33865007,  0.31373343,  0.        , ...,  0.96641573,
          0.77348249,  0.99592983],
        ...,
        [-0.99634009, -0.99824685, -0.96641573, ...,  0.        ,
          0.41375897, -0.34304268],
        [-0.94242166, -0.93328   , -0.77348249, ..., -0.41375897,
          0.        , -0.70095341],
        [-0.90655953, -0.91736903, -0.99592983, ...,  0.34304268,
          0.70095341,  0.        ]],

       [[ 0.        , -0.30149349, -0.40221033, ..., -0.85552686,
         -0.899158  , -0.91880562],
        [ 0.30149349,  0.        , -0.10746322, ..., -0.97181848,
         -0.98925942, -0.99505456],
        [ 0.40221033,  0.10746322,  0.        , ..., -0.99152309,
         -0.99923863, -0.99996657],
        ...,
        [ 0.85552686,  0.97181848,  0.99152309, ...,  0.        ,
          0.09114744,  0.13803409],
        [ 0.899158  ,  0.98925942,  0.99923863, ..., -0.09114744,
          0.        ,  0.04718458],
        [ 0.91880562,  0.99505456,  0.99996657, ..., -0.13803409,
         -0.04718458,  0.        ]],

       [[ 0.        , -0.35366864, -0.5089674 , ..., -0.99688997,
         -0.99353464, -0.99517249],
        [ 0.35366864,  0.        , -0.1716403 , ..., -0.96033297,
         -0.96947506, -0.96556477],
        [ 0.5089674 ,  0.1716403 ,  0.        , ..., -0.89821842,
         -0.91300327, -0.90658106],
        ...,
        [ 0.99688997,  0.96033297,  0.89821842, ...,  0.        ,
         -0.03487982, -0.01941049],
        [ 0.99353464,  0.96947506,  0.91300327, ...,  0.03487982,
          0.        ,  0.01547457],
        [ 0.99517249,  0.96556477,  0.90658106, ...,  0.01941049,
         -0.01547457,  0.        ]]]), 'num': array([2.66269480e+07, 1.03498000e+05, 5.31000000e+02, 4.99500000e+04,
       4.99500000e+04, 4.72000000e+04, 2.34027000e+05, 2.10000000e+03,
       4.82600000e+04, 4.59425000e+04, 4.49916667e+04, 8.05825243e+01,
       4.99664626e+04, 4.19185374e+04])}
{'img': array([[[ 0.00000000e+00, -2.17077621e-01, -2.68186752e-01, ...,
         -3.15325685e-01, -5.52778041e-01,  3.72990774e-01],
        [ 2.17077621e-01,  0.00000000e+00, -5.26662594e-02, ...,
         -1.01803454e-01, -3.58699713e-01,  5.65508790e-01],
        [ 2.68186752e-01,  5.26662594e-02,  0.00000000e+00, ...,
         -4.92695344e-02, -3.09040421e-01,  6.08160050e-01],
        ...,
        [ 3.15325685e-01,  1.01803454e-01,  4.92695344e-02, ...,
          0.00000000e+00, -2.61807360e-01,  6.46532318e-01],
        [ 5.52778041e-01,  3.58699713e-01,  3.09040421e-01, ...,
          2.61807360e-01,  0.00000000e+00,  8.23710695e-01],
        [-3.72990774e-01, -5.65508790e-01, -6.08160050e-01, ...,
         -6.46532318e-01, -8.23710695e-01,  0.00000000e+00]],

       [[ 0.00000000e+00,  6.54106134e-03, -1.31234017e-01, ...,
          3.39486269e-01,  4.92782553e-01,  6.43117250e-01],
        [-6.54106134e-03,  0.00000000e+00, -1.37715700e-01, ...,
          3.33326412e-01,  4.87080290e-01,  6.38094559e-01],
        [ 1.31234017e-01,  1.37715700e-01,  0.00000000e+00, ...,
          4.59990355e-01,  6.02714289e-01,  7.38049972e-01],
        ...,
        [-3.39486269e-01, -3.33326412e-01, -4.59990355e-01, ...,
          0.00000000e+00,  1.68111873e-01,  3.44955540e-01],
        [-4.92782553e-01, -4.87080290e-01, -6.02714289e-01, ...,
         -1.68111873e-01,  0.00000000e+00,  1.82253104e-01],
        [-6.43117250e-01, -6.38094559e-01, -7.38049972e-01, ...,
         -3.44955540e-01, -1.82253104e-01,  0.00000000e+00]],

       [[ 0.00000000e+00,  2.96847880e-02,  5.34827545e-01, ...,
         -2.96262327e-01, -2.86476925e-01, -1.15114419e-01],
        [-2.96847880e-02,  0.00000000e+00,  5.09509356e-01, ...,
         -3.24483905e-01, -3.14791291e-01, -1.44551140e-01],
        [-5.34827545e-01, -5.09509356e-01,  0.00000000e+00, ...,
         -7.61147506e-01, -7.54473291e-01, -6.28539361e-01],
        ...,
        [ 2.96262327e-01,  3.24483905e-01,  7.61147506e-01, ...,
          0.00000000e+00,  1.02291222e-02,  1.84346304e-01],
        [ 2.86476925e-01,  3.14791291e-01,  7.54473291e-01, ...,
         -1.02291222e-02,  0.00000000e+00,  1.74282850e-01],
        [ 1.15114419e-01,  1.44551140e-01,  6.28539361e-01, ...,
         -1.84346304e-01, -1.74282850e-01,  0.00000000e+00]],

       ...,

       [[ 0.00000000e+00, -3.13733434e-01, -2.38554000e-01, ...,
          9.33280005e-01,  9.17369027e-01,  9.85282217e-01],
        [ 3.13733434e-01,  0.00000000e+00,  7.81660382e-02, ...,
          7.73482489e-01,  9.95929833e-01,  9.89164592e-01],
        [ 2.38554000e-01, -7.81660382e-02,  0.00000000e+00, ...,
          8.20658923e-01,  9.85837383e-01,  9.97613717e-01],
        ...,
        [-9.33280005e-01, -7.73482489e-01, -8.20658923e-01, ...,
          0.00000000e+00, -7.00953410e-01, -5.13394415e-01],
        [-9.17369027e-01, -9.95929833e-01, -9.85837383e-01, ...,
          7.00953410e-01,  0.00000000e+00,  2.35368585e-01],
        [-9.85282217e-01, -9.89164592e-01, -9.97613717e-01, ...,
          5.13394415e-01, -2.35368585e-01,  0.00000000e+00]],

       [[ 0.00000000e+00, -2.75936796e-01, -3.95031340e-01, ...,
         -9.05555273e-01, -9.24866365e-01, -9.59776090e-01],
        [ 2.75936796e-01,  0.00000000e+00, -1.26200351e-01, ...,
         -9.87457995e-01, -9.93895781e-01, -9.99987357e-01],
        [ 3.95031340e-01,  1.26200351e-01,  0.00000000e+00, ...,
         -9.99487802e-01, -9.99872168e-01, -9.92626827e-01],
        ...,
        [ 9.05555273e-01,  9.87457995e-01,  9.99487802e-01, ...,
          0.00000000e+00,  4.79788152e-02,  1.52914544e-01],
        [ 9.24866365e-01,  9.93895781e-01,  9.99872168e-01, ...,
         -4.79788152e-02,  0.00000000e+00,  1.05323884e-01],
        [ 9.59776090e-01,  9.99987357e-01,  9.92626827e-01, ...,
         -1.52914544e-01, -1.05323884e-01,  0.00000000e+00]],

       [[ 0.00000000e+00, -3.84981368e-01, -5.23267732e-01, ...,
         -9.96471917e-01, -9.97683625e-01, -9.97675789e-01],
        [ 3.84981368e-01,  0.00000000e+00, -1.54867596e-01, ...,
         -9.51978471e-01, -9.46974820e-01, -9.47011794e-01],
        [ 5.23267732e-01,  1.54867596e-01,  0.00000000e+00, ...,
         -8.93078041e-01, -8.85789627e-01, -8.85843035e-01],
        ...,
        [ 9.96471917e-01,  9.51978471e-01,  8.93078041e-01, ...,
          0.00000000e+00,  1.59475707e-02,  1.58324915e-02],
        [ 9.97683625e-01,  9.46974820e-01,  8.85789627e-01, ...,
         -1.59475707e-02,  0.00000000e+00, -1.15093693e-04],
        [ 9.97675789e-01,  9.47011794e-01,  8.85843035e-01, ...,
         -1.58324915e-02,  1.15093693e-04,  0.00000000e+00]]]), 'num': array([2.66534980e+07, 1.03498000e+05, 5.31000000e+02, 5.00000000e+04,
       5.09000000e+04, 4.90500000e+04, 1.90034000e+05, 5.00000000e+01,
       4.87500000e+04, 4.62450000e+04, 4.49983333e+04, 8.04878049e+01,
       5.05257593e+04, 4.19642407e+04])}
{'img': array([[[ 0.00000000e+00, -5.12952119e-02, -9.30880529e-01, ...,
         -3.52503419e-01,  4.56500000e-01,  5.78919622e-01],
        [ 5.12952119e-02,  0.00000000e+00, -9.10915698e-01, ...,
         -3.04036761e-01,  5.01537585e-01,  6.19982821e-01],
        [ 9.30880529e-01,  9.10915698e-01,  0.00000000e+00, ...,
          7.42349927e-01,  9.94996491e-01,  9.70518748e-01],
        ...,
        [ 3.52503419e-01,  3.04036761e-01, -7.42349927e-01, ...,
          0.00000000e+00,  7.40828050e-01,  8.29184941e-01],
        [-4.56500000e-01, -5.01537585e-01, -9.94996491e-01, ...,
         -7.40828050e-01,  0.00000000e+00,  1.42855264e-01],
        [-5.78919622e-01, -6.19982821e-01, -9.70518748e-01, ...,
         -8.29184941e-01, -1.42855264e-01,  0.00000000e+00]],

       [[ 0.00000000e+00, -1.37715700e-01,  2.71981848e-01, ...,
          4.87080290e-01,  6.38094559e-01,  5.37194377e-01],
        [ 1.37715700e-01,  0.00000000e+00,  1.36866204e-01, ...,
          6.02714289e-01,  7.38049972e-01,  6.48233356e-01],
        [-2.71981848e-01, -1.36866204e-01,  0.00000000e+00, ...,
         -7.06255827e-01, -8.23454515e-01, -7.46348824e-01],
        ...,
        [-4.87080290e-01, -6.02714289e-01,  7.06255827e-01, ...,
          0.00000000e+00,  1.82253104e-01,  5.83305754e-02],
        [-6.38094559e-01, -7.38049972e-01,  8.23454515e-01, ...,
         -1.82253104e-01,  0.00000000e+00, -1.24589151e-01],
        [-5.37194377e-01, -6.48233356e-01,  7.46348824e-01, ...,
         -5.83305754e-02,  1.24589151e-01,  0.00000000e+00]],

       [[ 0.00000000e+00,  5.09509356e-01, -1.87970963e-01, ...,
         -3.14791291e-01, -1.44551140e-01,  9.36352661e-02],
        [-5.09509356e-01,  0.00000000e+00, -6.62169597e-01, ...,
         -7.54473291e-01, -6.28539361e-01, -4.26700981e-01],
        [ 1.87970963e-01,  6.62169597e-01,  0.00000000e+00, ...,
         -1.30765315e-01,  4.40223099e-02,  2.79111304e-01],
        ...,
        [ 3.14791291e-01,  7.54473291e-01,  1.30765315e-01, ...,
          0.00000000e+00,  1.74282850e-01,  4.02283212e-01],
        [ 1.44551140e-01,  6.28539361e-01, -4.40223099e-02, ...,
         -1.74282850e-01,  0.00000000e+00,  2.36567910e-01],
        [-9.36352661e-02,  4.26700981e-01, -2.79111304e-01, ...,
         -4.02283212e-01, -2.36567910e-01,  0.00000000e+00]],

       ...,

       [[ 0.00000000e+00,  7.81660382e-02, -1.12544425e-01, ...,
          9.95929833e-01,  9.89164592e-01,  9.89872635e-01],
        [-7.81660382e-02,  0.00000000e+00, -1.89869504e-01, ...,
          9.85837383e-01,  9.97613717e-01,  9.97940295e-01],
        [ 1.12544425e-01,  1.89869504e-01,  0.00000000e+00, ...,
          9.99746234e-01,  9.66357389e-01,  9.67607052e-01],
        ...,
        [-9.95929833e-01, -9.85837383e-01, -9.99746234e-01, ...,
          0.00000000e+00,  2.35368585e-01,  2.30599683e-01],
        [-9.89164592e-01, -9.97613717e-01, -9.66357389e-01, ...,
         -2.35368585e-01,  0.00000000e+00, -4.90383984e-03],
        [-9.89872635e-01, -9.97940295e-01, -9.67607052e-01, ...,
         -2.30599683e-01,  4.90383984e-03,  0.00000000e+00]],

       [[ 0.00000000e+00, -1.98292874e-01, -4.86230178e-02, ...,
         -9.66238726e-01, -9.88199203e-01, -9.98009409e-01],
        [ 1.98292874e-01,  0.00000000e+00,  1.50400832e-01, ...,
         -9.98141796e-01, -9.98949700e-01, -9.90697131e-01],
        [ 4.86230178e-02, -1.50400832e-01,  0.00000000e+00, ...,
         -9.77623505e-01, -9.94478154e-01, -9.99895385e-01],
        ...,
        [ 9.66238726e-01,  9.98141796e-01,  9.77623505e-01, ...,
          0.00000000e+00,  1.06605153e-01,  1.96199540e-01],
        [ 9.88199203e-01,  9.98949700e-01,  9.94478154e-01, ...,
         -1.06605153e-01,  0.00000000e+00,  9.05483093e-02],
        [ 9.98009409e-01,  9.90697131e-01,  9.99895385e-01, ...,
         -1.96199540e-01, -9.05483093e-02,  0.00000000e+00]],

       [[ 0.00000000e+00, -3.76521410e-01, -7.82125940e-01, ...,
         -9.99529596e-01, -9.99525925e-01, -9.99793436e-01],
        [ 3.76521410e-01,  0.00000000e+00, -4.89949496e-01, ...,
         -9.37519656e-01, -9.37561223e-01, -9.33869159e-01],
        [ 7.82125940e-01,  4.89949496e-01,  0.00000000e+00, ...,
         -6.46814268e-01, -6.46905388e-01, -6.38887980e-01],
        ...,
        [ 9.99529596e-01,  9.37519656e-01,  6.46814268e-01, ...,
          0.00000000e+00, -1.19485609e-04,  1.03477124e-02],
        [ 9.99525925e-01,  9.37561223e-01,  6.46905388e-01, ...,
          1.19485609e-04,  0.00000000e+00,  1.04671916e-02],
        [ 9.99793436e-01,  9.33869159e-01,  6.38887980e-01, ...,
         -1.03477124e-02, -1.04671916e-02,  0.00000000e+00]]]), 'num': array([2.69373110e+07, 2.64931100e+06, 4.80000000e+02, 5.06000000e+04,
       5.18000000e+04, 5.00000000e+04, 1.60406000e+05, 6.00000000e+02,
       4.94400000e+04, 4.65900000e+04, 4.50233333e+04, 7.63313609e+01,
       5.11007206e+04, 4.20792794e+04])}
{'img': array([[[ 0.        , -0.86158135, -0.88146356, ...,  0.3096689 ,
          0.32889147,  0.73213513],
        [ 0.86158135,  0.        , -0.04056454, ...,  0.97642383,
          0.98060135,  0.95852033],
        [ 0.88146356,  0.04056454,  0.        , ...,  0.9843765 ,
          0.9877454 ,  0.94616952],
        ...,
        [-0.3096689 , -0.97642383, -0.9843765 , ...,  0.        ,
          0.02028332,  0.48521274],
        [-0.32889147, -0.98060135, -0.9877454 , ..., -0.02028332,
          0.        ,  0.46737726],
        [-0.73213513, -0.95852033, -0.94616952, ..., -0.48521274,
         -0.46737726,  0.        ]],

       [[ 0.        ,  0.1368662 ,  0.8357471 , ...,  0.73804997,
          0.64823336,  0.57510169],
        [-0.1368662 ,  0.        , -0.90303756, ..., -0.82345452,
         -0.74634882, -0.68165749],
        [-0.8357471 ,  0.90303756,  0.        , ..., -0.15864308,
         -0.28041835, -0.36791289],
        ...,
        [-0.73804997,  0.82345452,  0.15864308, ...,  0.        ,
         -0.12458915, -0.21573775],
        [-0.64823336,  0.74634882,  0.28041835, ...,  0.12458915,
          0.        , -0.09240157],
        [-0.57510169,  0.68165749,  0.36791289, ...,  0.21573775,
          0.09240157,  0.        ]],

       [[ 0.        , -0.40956343, -0.67801066, ..., -0.3747048 ,
         -0.1914816 ,  0.39051743],
        [ 0.40956343,  0.        , -0.31748623, ...,  0.03788805,
          0.22729981,  0.73330415],
        [ 0.67801066,  0.31748623,  0.        , ...,  0.3531861 ,
          0.52471594,  0.91122423],
        ...,
        [ 0.3747048 , -0.03788805, -0.3531861 , ...,  0.        ,
          0.19024029,  0.70701752],
        [ 0.1914816 , -0.22729981, -0.52471594, ..., -0.19024029,
          0.        ,  0.55956848],
        [-0.39051743, -0.73330415, -0.91122423, ..., -0.70701752,
         -0.55956848,  0.        ]],

       ...,

       [[ 0.        , -0.1898695 , -0.14758414, ...,  0.99761372,
          0.9979403 ,  0.99250811],
        [ 0.1898695 ,  0.        ,  0.04289086, ...,  0.96635739,
          0.96760705,  0.99765175],
        [ 0.14758414, -0.04289086,  0.        , ...,  0.97649977,
          0.9775449 ,  0.9996713 ],
        ...,
        [-0.99761372, -0.96635739, -0.97649977, ...,  0.        ,
         -0.00490384, -0.19041252],
        [-0.9979403 , -0.96760705, -0.9775449 , ...,  0.00490384,
          0.        , -0.18559611],
        [-0.99250811, -0.99765175, -0.9996713 , ...,  0.19041252,
          0.18559611,  0.        ]],

       [[ 0.        ,  0.15040083,  0.11478129, ..., -0.9989497 ,
         -0.99069713, -0.97408118],
        [-0.15040083,  0.        , -0.03593114, ..., -0.99447815,
         -0.99989539, -0.99702158],
        [-0.11478129,  0.03593114,  0.        , ..., -0.99760674,
         -0.99976944, -0.99360665],
        ...,
        [ 0.9989497 ,  0.99447815,  0.99760674, ...,  0.        ,
          0.09054831,  0.18132847],
        [ 0.99069713,  0.99989539,  0.99976944, ..., -0.09054831,
          0.        ,  0.09153633],
        [ 0.97408118,  0.99702158,  0.99360665, ..., -0.18132847,
         -0.09153633,  0.        ]],

       [[ 0.        , -0.72842423, -0.90616348, ..., -0.99998055,
         -0.99985377, -0.99901181],
        [ 0.72842423,  0.        , -0.31276579, ..., -0.68056975,
         -0.67256955, -0.6520742 ],
        [ 0.90616348,  0.31276579,  0.        , ..., -0.41726749,
         -0.40736963, -0.38223482],
        ...,
        [ 0.99998055,  0.68056975,  0.41726749, ...,  0.        ,
          0.01086423,  0.0382136 ],
        [ 0.99985377,  0.67256955,  0.40736963, ..., -0.01086423,
          0.        ,  0.02735504],
        [ 0.99901181,  0.6520742 ,  0.38223482, ..., -0.0382136 ,
         -0.02735504,  0.        ]]]), 'num': array([ 2.67424610e+07,  2.29506100e+06,  4.87000000e+02,  5.02000000e+04,
        5.08000000e+04,  4.95000000e+04,  1.02585000e+05, -4.00000000e+02,
        4.97200000e+04,  4.69475000e+04,  4.50441667e+04,  7.41379310e+01,
        5.14124160e+04,  4.24825840e+04])}
{'img': array([[[ 0.        , -0.04056454, -0.35162763, ...,  0.98060135,
          0.95852033,  0.99431034],
        [ 0.04056454,  0.        , -0.31336412, ...,  0.9877454 ,
          0.94616952,  0.99781296],
        [ 0.35162763,  0.31336412,  0.        , ...,  0.98690359,
          0.79708681,  0.96826974],
        ...,
        [-0.98060135, -0.9877454 , -0.98690359, ...,  0.        ,
          0.46737726,  0.0904418 ],
        [-0.95852033, -0.94616952, -0.79708681, ..., -0.46737726,
          0.        , -0.38550604],
        [-0.99431034, -0.99781296, -0.96826974, ..., -0.0904418 ,
          0.38550604,  0.        ]],

       [[ 0.        , -0.90303756, -0.9488921 , ..., -0.74634882,
         -0.68165749, -0.50910905],
        [ 0.90303756,  0.        ,  0.12260835, ..., -0.28041835,
         -0.36791289, -0.55855256],
        [ 0.9488921 , -0.12260835,  0.        , ..., -0.39599167,
         -0.47914567, -0.65603819],
        ...,
        [ 0.74634882,  0.28041835,  0.39599167, ...,  0.        ,
         -0.09240157, -0.30354388],
        [ 0.68165749,  0.36791289,  0.47914567, ...,  0.09240157,
          0.        , -0.21420344],
        [ 0.50910905,  0.55855256,  0.65603819, ...,  0.30354388,
          0.21420344,  0.        ]],

       [[ 0.        , -0.29562356, -0.61218741, ...,  0.20017983,
          0.50470626,  0.78182239],
        [ 0.29562356,  0.        , -0.3510721 , ...,  0.48087258,
          0.73735737,  0.9312001 ],
        [ 0.61218741,  0.3510721 ,  0.        , ...,  0.75808096,
          0.92757362,  0.99989648],
        ...,
        [-0.20017983, -0.48087258, -0.75808096, ...,  0.        ,
          0.32167712,  0.6411853 ],
        [-0.50470626, -0.73735737, -0.92757362, ..., -0.32167712,
          0.        ,  0.36025539],
        [-0.78182239, -0.9312001 , -0.99989648, ..., -0.6411853 ,
         -0.36025539,  0.        ]],

       ...,

       [[ 0.        ,  0.04289086, -0.01147091, ...,  0.96760705,
          0.99765175,  0.99988231],
        [-0.04289086,  0.        , -0.05434839, ...,  0.9775449 ,
          0.9996713 ,  0.99830416],
        [ 0.01147091,  0.05434839,  0.        , ...,  0.96464743,
          0.99680046,  0.99999251],
        ...,
        [-0.96760705, -0.9775449 , -0.96464743, ...,  0.        ,
         -0.18559611, -0.26727617],
        [-0.99765175, -0.9996713 , -0.99680046, ...,  0.18559611,
          0.        , -0.08378843],
        [-0.99988231, -0.99830416, -0.99999251, ...,  0.26727617,
          0.08378843,  0.        ]],

       [[ 0.        , -0.03593114,  0.16654996, ..., -0.99989539,
         -0.99702158, -0.99200608],
        [ 0.03593114,  0.        ,  0.2018717 , ..., -0.99976944,
         -0.99360665, -0.98683136],
        [-0.16654996, -0.2018717 ,  0.        , ..., -0.98352082,
         -0.99594104, -0.9991677 ],
        ...,
        [ 0.99989539,  0.99976944,  0.98352082, ...,  0.        ,
          0.09153633,  0.14052563],
        [ 0.99702158,  0.99360665,  0.99594104, ..., -0.09153633,
          0.        ,  0.04930765],
        [ 0.99200608,  0.98683136,  0.9991677 , ..., -0.14052563,
         -0.04930765,  0.        ]],

       [[ 0.        , -0.72494366, -0.94771126, ..., -0.97830903,
         -0.97087048, -0.93547872],
        [ 0.72494366,  0.        , -0.42144067, ..., -0.52369462,
         -0.49504348, -0.38818259],
        [ 0.94771126,  0.42144067,  0.        , ..., -0.11588773,
         -0.08275674,  0.03636664],
        ...,
        [ 0.97830903,  0.52369462,  0.11588773, ...,  0.        ,
          0.03329105,  0.15193268],
        [ 0.97087048,  0.49504348,  0.08275674, ..., -0.03329105,
          0.        ,  0.11894389],
        [ 0.93547872,  0.38818259, -0.03636664, ..., -0.15193268,
         -0.11894389,  0.        ]]]), 'num': array([ 2.64690400e+07,  1.79299000e+06,  4.97000000e+02,  4.96500000e+04,
        5.16000000e+04,  4.91000000e+04,  1.75283000e+05, -5.50000000e+02,
        5.00800000e+04,  4.72700000e+04,  4.51391667e+04,  7.01086957e+01,
        5.15327925e+04,  4.30072075e+04])}
{'img': array([[[ 0.        , -0.31336412, -0.43178144, ...,  0.94616952,
          0.99781296,  0.9593811 ],
        [ 0.31336412,  0.        , -0.12738629, ...,  0.79708681,
          0.96826974,  0.99946418],
        [ 0.43178144,  0.12738629,  0.        , ...,  0.713669  ,
          0.92854664,  0.98715218],
        ...,
        [-0.94616952, -0.79708681, -0.713669  , ...,  0.        ,
         -0.38550604, -0.57745132],
        [-0.99781296, -0.96826974, -0.92854664, ...,  0.38550604,
          0.        , -0.21808059],
        [-0.9593811 , -0.99946418, -0.98715218, ...,  0.57745132,
          0.21808059,  0.        ]],

       [[ 0.        ,  0.74507979, -0.86075823, ..., -0.81209062,
         -0.97886565, -0.75080429],
        [-0.74507979,  0.        , -0.95336057, ..., -0.97642183,
         -0.80525134, -0.99291157],
        [ 0.86075823,  0.95336057,  0.        , ...,  0.08891389,
         -0.3222275 ,  0.18638218],
        ...,
        [ 0.81209062,  0.97642183, -0.08891389, ...,  0.        ,
         -0.40512268,  0.0982881 ],
        [ 0.97886565,  0.80525134,  0.3222275 , ...,  0.40512268,
          0.        ,  0.49302219],
        [ 0.75080429,  0.99291157, -0.18638218, ..., -0.0982881 ,
         -0.49302219,  0.        ]],

       [[ 0.        , -0.33417347, -0.63256329, ...,  0.65056338,
          0.74993276,  0.95137147],
        [ 0.33417347,  0.        , -0.33737798, ...,  0.86695222,
          0.92788077,  0.99961943],
        [ 0.63256329,  0.33737798,  0.        , ...,  0.98426842,
          0.99927894,  0.93170403],
        ...,
        [-0.65056338, -0.86695222, -0.98426842, ...,  0.        ,
          0.13918108,  0.5221175 ],
        [-0.74993276, -0.92788077, -0.99927894, ..., -0.13918108,
          0.        ,  0.39833184],
        [-0.95137147, -0.99961943, -0.93170403, ..., -0.5221175 ,
         -0.39833184,  0.        ]],

       ...,

       [[ 0.        , -0.05434839, -0.1676751 , ...,  0.9996713 ,
          0.99830416,  0.98057973],
        [ 0.05434839,  0.        , -0.11384834, ...,  0.99680046,
          0.99999251,  0.98978932],
        [ 0.1676751 ,  0.11384834,  0.        , ...,  0.98121948,
          0.99393143,  0.99958157],
        ...,
        [-0.9996713 , -0.99680046, -0.98121948, ...,  0.        ,
         -0.08378843, -0.2211961 ],
        [-0.99830416, -0.99999251, -0.99393143, ...,  0.08378843,
          0.        , -0.13870534],
        [-0.98057973, -0.98978932, -0.99958157, ...,  0.2211961 ,
          0.13870534,  0.        ]],

       [[ 0.        ,  0.2018717 , -0.01359359, ..., -0.99360665,
         -0.98683136, -0.98357703],
        [-0.2018717 ,  0.        , -0.21516677, ..., -0.99594104,
         -0.9991677 , -0.99976271],
        [ 0.01359359,  0.21516677,  0.        , ..., -0.99198016,
         -0.98454138, -0.98103266],
        ...,
        [ 0.99360665,  0.99594104,  0.99198016, ...,  0.        ,
          0.04930765,  0.06829161],
        [ 0.98683136,  0.9991677 ,  0.98454138, ..., -0.04930765,
          0.        ,  0.01901601],
        [ 0.98357703,  0.99976271,  0.98103266, ..., -0.06829161,
         -0.01901601,  0.        ]],

       [[ 0.        , -0.8270005 , -0.9841331 , ..., -0.88371612,
         -0.79791722, -0.62821062],
        [ 0.8270005 ,  0.        , -0.40654462, ..., -0.10977073,
          0.04989863,  0.29026147],
        [ 0.9841331 ,  0.40654462,  0.        , ...,  0.3037979 ,
          0.45162711,  0.65423366],
        ...,
        [ 0.88371612,  0.10977073, -0.3037979 , ...,  0.        ,
          0.15923108,  0.39355221],
        [ 0.79791722, -0.04989863, -0.45162711, ..., -0.15923108,
          0.        ,  0.24214952],
        [ 0.62821062, -0.29026147, -0.65423366, ..., -0.39355221,
         -0.24214952,  0.        ]]]), 'num': array([2.69666500e+07, 4.52250000e+05, 5.24000000e+02, 5.06000000e+04,
       5.09000000e+04, 4.77500000e+04, 1.74648000e+05, 9.50000000e+02,
       5.02100000e+04, 4.76150000e+04, 4.52533333e+04, 7.40000000e+01,
       5.17820253e+04, 4.34479747e+04])}
{'img': array([[[ 0.        , -0.12738629, -0.18241059, ...,  0.96826974,
          0.99946418,  0.79708681],
        [ 0.12738629,  0.        , -0.05567546, ...,  0.92854664,
          0.98715218,  0.713669  ],
        [ 0.18241059,  0.05567546,  0.        , ...,  0.90643878,
          0.97672504,  0.67356232],
        ...,
        [-0.96826974, -0.92854664, -0.90643878, ...,  0.        ,
         -0.21808059,  0.38550604],
        [-0.99946418, -0.98715218, -0.97672504, ...,  0.21808059,
          0.        ,  0.57745132],
        [-0.79708681, -0.713669  , -0.67356232, ..., -0.38550604,
         -0.57745132,  0.        ]],

       [[ 0.        , -0.95336057, -0.81596279, ..., -0.80525134,
         -0.99291157, -0.99240712],
        [ 0.95336057,  0.        , -0.30485684, ..., -0.3222275 ,
          0.18638218,  0.18228209],
        [ 0.81596279,  0.30485684,  0.        , ..., -0.01829243,
          0.47702498,  0.47335449],
        ...,
        [ 0.80525134,  0.3222275 ,  0.01829243, ...,  0.        ,
          0.49302219,  0.48938857],
        [ 0.99291157, -0.18638218, -0.47702498, ..., -0.49302219,
          0.        , -0.00417157],
        [ 0.99240712, -0.18228209, -0.47335449, ..., -0.48938857,
          0.00417157,  0.        ]],

       [[ 0.        , -0.33338079, -0.67523484, ...,  0.90742021,
          0.97979598,  0.9991217 ],
        [ 0.33338079,  0.        , -0.39070358, ...,  0.9956035 ,
          0.99042009,  0.92799468],
        [ 0.67523484,  0.39070358,  0.        , ...,  0.95306587,
          0.85774695,  0.70866088],
        ...,
        [-0.90742021, -0.9956035 , -0.95306587, ...,  0.        ,
          0.23025055,  0.45787861],
        [-0.97979598, -0.99042009, -0.85774695, ..., -0.23025055,
          0.        ,  0.24087992],
        [-0.9991217 , -0.92799468, -0.70866088, ..., -0.45787861,
         -0.24087992,  0.        ]],

       ...,

       [[ 0.        , -0.11384834, -0.07224197, ...,  0.99999251,
          0.98978932,  0.99996022],
        [ 0.11384834,  0.        ,  0.04177861, ...,  0.99393143,
          0.99958157,  0.99447409],
        [ 0.07224197, -0.04177861,  0.        , ...,  0.99765933,
          0.99750036,  0.99799182],
        ...,
        [-0.99999251, -0.99393143, -0.99765933, ...,  0.        ,
         -0.13870534, -0.00504834],
        [-0.98978932, -0.99958157, -0.99750036, ...,  0.13870534,
          0.        ,  0.13370404],
        [-0.99996022, -0.99447409, -0.99799182, ...,  0.00504834,
         -0.13370404,  0.        ]],

       [[ 0.        , -0.21516677, -0.53310003, ..., -0.9991677 ,
         -0.99976271, -0.99984562],
        [ 0.21516677,  0.        , -0.33857107, ..., -0.98454138,
         -0.98103266, -0.97264594],
        [ 0.53310003,  0.33857107,  0.        , ..., -0.86709373,
         -0.85746421, -0.83655469],
        ...,
        [ 0.9991677 ,  0.98454138,  0.86709373, ...,  0.        ,
          0.01901601,  0.05834072],
        [ 0.99976271,  0.98103266,  0.85746421, ..., -0.01901601,
          0.        ,  0.03934655],
        [ 0.99984562,  0.97264594,  0.83655469, ..., -0.05834072,
         -0.03934655,  0.        ]],

       [[ 0.        , -0.41772493, -0.62467205, ...,  0.05205643,
          0.30690692,  0.60651199],
        [ 0.41772493,  0.        , -0.24136444, ...,  0.46445565,
          0.67641284,  0.88318312],
        [ 0.62467205,  0.24136444,  0.        , ...,  0.66447528,
          0.83418477,  0.97027817],
        ...,
        [-0.05205643, -0.46445565, -0.66447528, ...,  0.        ,
          0.25694664,  0.56430092],
        [-0.30690692, -0.67641284, -0.83418477, ..., -0.25694664,
          0.        ,  0.33322762],
        [-0.60651199, -0.88318312, -0.97027817, ..., -0.56430092,
         -0.33322762,  0.        ]]]), 'num': array([ 2.64941430e+07,  4.01643000e+05,  5.25000000e+02,  4.97000000e+04,
        5.05000000e+04,  4.97000000e+04,  7.21290000e+04, -9.00000000e+02,
        5.01500000e+04,  4.79175000e+04,  4.53766667e+04,  6.88372093e+01,
        5.17545920e+04,  4.40804080e+04])}
{'img': array([[[ 0.        , -0.05567546,  0.05278471, ...,  0.98715218,
          0.713669  ,  0.98430476],
        [ 0.05567546,  0.        ,  0.10830068, ...,  0.97672504,
          0.67356232,  0.97295259],
        [-0.05278471, -0.10830068,  0.        , ...,  0.9942101 ,
          0.74964888,  0.99224785],
        ...,
        [-0.98715218, -0.97672504, -0.9942101 , ...,  0.        ,
          0.57745132,  0.01693461],
        [-0.713669  , -0.67356232, -0.74964888, ..., -0.57745132,
          0.        , -0.56354267],
        [-0.98430476, -0.97295259, -0.99224785, ..., -0.01693461,
          0.56354267,  0.        ]],

       [[ 0.        , -0.33478934,  0.2352928 , ...,  0.2093897 ,
          0.20474927, -0.61590546],
        [ 0.33478934,  0.        ,  0.54710473, ...,  0.52467426,
          0.52063044, -0.31660965],
        [-0.2352928 , -0.54710473,  0.        , ..., -0.02656591,
         -0.03130716, -0.78398202],
        ...,
        [-0.2093897 , -0.52467426,  0.02656591, ...,  0.        ,
         -0.00474322, -0.76721365],
        [-0.20474927, -0.52063044,  0.03130716, ...,  0.00474322,
          0.        , -0.76416275],
        [ 0.61590546,  0.31660965,  0.78398202, ...,  0.76721365,
          0.76416275,  0.        ]],

       [[ 0.        , -0.39070358, -0.51015822, ...,  0.99042009,
          0.92799468,  0.97660131],
        [ 0.39070358,  0.        , -0.13357252, ...,  0.85774695,
          0.70866088,  0.8149538 ],
        [ 0.51015822,  0.13357252,  0.        , ...,  0.78139481,
          0.6080686 ,  0.7302423 ],
        ...,
        [-0.99042009, -0.85774695, -0.78139481, ...,  0.        ,
          0.24087992,  0.07814155],
        [-0.92799468, -0.70866088, -0.6080686 , ..., -0.24087992,
          0.        , -0.16430271],
        [-0.97660131, -0.8149538 , -0.7302423 , ..., -0.07814155,
          0.16430271,  0.        ]],

       ...,

       [[ 0.        ,  0.04177861,  0.15826429, ...,  0.99958157,
          0.99447409,  0.99755445],
        [-0.04177861,  0.        ,  0.11687404, ...,  0.99750036,
          0.99799182,  0.99376342],
        [-0.15826429, -0.11687404,  0.        , ...,  0.98240577,
          0.99855547,  0.97392039],
        ...,
        [-0.99958157, -0.99750036, -0.98240577, ...,  0.        ,
          0.13370404, -0.04100969],
        [-0.99447409, -0.99799182, -0.99855547, ..., -0.13370404,
          0.        , -0.17423304],
        [-0.99755445, -0.99376342, -0.97392039, ...,  0.04100969,
          0.17423304,  0.        ]],

       [[ 0.        , -0.49668974, -0.66927873, ..., -0.99994807,
         -0.99956096, -0.99968127],
        [ 0.49668974,  0.        , -0.21183971, ..., -0.87294507,
         -0.8528307 , -0.85511214],
        [ 0.66927873,  0.21183971,  0.        , ..., -0.74979375,
         -0.72285516, -0.72587805],
        ...,
        [ 0.99994807,  0.87294507,  0.74979375, ...,  0.        ,
          0.03981442,  0.0354328 ],
        [ 0.99956096,  0.8528307 ,  0.72285516, ..., -0.03981442,
          0.        , -0.00438472],
        [ 0.99968127,  0.85511214,  0.72587805, ..., -0.0354328 ,
          0.00438472,  0.        ]],

       [[ 0.        , -0.22171726, -0.39456103, ...,  0.58454094,
          0.7370259 ,  0.99476847],
        [ 0.22171726,  0.        , -0.18101151, ...,  0.74988575,
          0.86853289,  0.99265926],
        [ 0.39456103,  0.18101151,  0.        , ...,  0.85724968,
          0.94390059,  0.95436913],
        ...,
        [-0.58454094, -0.74988575, -0.85724968, ...,  0.        ,
          0.20292597,  0.74740559],
        [-0.7370259 , -0.86853289, -0.94390059, ..., -0.20292597,
          0.        ,  0.5970376 ],
        [-0.99476847, -0.99265926, -0.95436913, ..., -0.74740559,
         -0.5970376 ,  0.        ]]]), 'num': array([ 2.60427510e+07,  1.03401000e+05,  5.31000000e+02,  4.88500000e+04,
        5.02000000e+04,  4.86000000e+04,  8.02450000e+04, -8.50000000e+02,
        4.98000000e+04,  4.81725000e+04,  4.54941667e+04,  5.60209424e+01,
        5.15136787e+04,  4.48313213e+04])}
{'img': array([[[ 0.        ,  0.10830068,  0.06909904, ...,  0.67356232,
          0.97295259,  0.99987592],
        [-0.10830068,  0.        , -0.0393492 , ...,  0.74964888,
          0.99224785,  0.99228885],
        [-0.06909904,  0.0393492 ,  0.        , ...,  0.72302558,
          0.98658926,  0.99639756],
        ...,
        [-0.67356232, -0.74964888, -0.72302558, ...,  0.        ,
         -0.56354267, -0.74964888],
        [-0.97295259, -0.99224785, -0.98658926, ...,  0.56354267,
          0.        , -0.24630248],
        [-0.99987592, -0.99228885, -0.99639756, ...,  0.74964888,
          0.24630248,  0.        ]],

       [[ 0.        ,  0.54710473,  0.38365763, ...,  0.52063044,
         -0.31660965, -0.23108629],
        [-0.54710473,  0.        , -0.18409171, ..., -0.03130716,
         -0.78398202, -0.72573044],
        [-0.38365763,  0.18409171,  0.        , ...,  0.15322938,
         -0.65630194, -0.58667577],
        ...,
        [-0.52063044,  0.03130716, -0.15322938, ...,  0.        ,
         -0.76416275, -0.70383602],
        [ 0.31660965,  0.78398202,  0.65630194, ...,  0.76416275,
          0.        ,  0.08884179],
        [ 0.23108629,  0.72573044,  0.58667577, ...,  0.70383602,
         -0.08884179,  0.        ]],

       [[ 0.        , -0.13357252, -0.28841293, ...,  0.70866088,
          0.8149538 ,  0.93977444],
        [ 0.13357252,  0.        , -0.15793196, ...,  0.6080686 ,
          0.7302423 ,  0.88569871],
        [ 0.28841293,  0.15793196,  0.        , ...,  0.4750576 ,
          0.61318049,  0.80126162],
        ...,
        [-0.70866088, -0.6080686 , -0.4750576 , ...,  0.        ,
         -0.16430271, -0.42084025],
        [-0.8149538 , -0.7302423 , -0.61318049, ...,  0.16430271,
          0.        , -0.26607632],
        [-0.93977444, -0.88569871, -0.80126162, ...,  0.42084025,
          0.26607632,  0.        ]],

       ...,

       [[ 0.        ,  0.11687404,  0.20329845, ...,  0.99799182,
          0.99376342,  0.88527807],
        [-0.11687404,  0.        ,  0.08747185, ...,  0.99855547,
          0.97392039,  0.82485735],
        [-0.20329845, -0.08747185,  0.        , ...,  0.9900281 ,
          0.95034085,  0.77224425],
        ...,
        [-0.99799182, -0.99855547, -0.9900281 , ...,  0.        ,
         -0.17423304, -0.52020428],
        [-0.99376342, -0.97392039, -0.95034085, ...,  0.17423304,
          0.        , -0.36344515],
        [-0.88527807, -0.82485735, -0.77224425, ...,  0.52020428,
          0.36344515,  0.        ]],

       [[ 0.        , -0.49960901, -0.65975175, ..., -0.99474033,
         -0.99521238, -0.99840129],
        [ 0.49960901,  0.        , -0.19606264, ..., -0.81052043,
         -0.813274  , -0.83662665],
        [ 0.65975175,  0.19606264,  0.        , ..., -0.67995342,
         -0.68340436, -0.71299095],
        ...,
        [ 0.99474033,  0.81052043,  0.67995342, ...,  0.        ,
         -0.00471665, -0.04603926],
        [ 0.99521238,  0.813274  ,  0.68340436, ...,  0.00471665,
          0.        , -0.0413271 ],
        [ 0.99840129,  0.83662665,  0.71299095, ...,  0.04603926,
          0.0413271 ,  0.        ]],

       [[ 0.        , -0.16578102, -0.3340388 , ...,  0.76729413,
          0.9024884 ,  0.97698305],
        [ 0.16578102,  0.        , -0.17315812, ...,  0.86299137,
          0.96140453,  0.92810022],
        [ 0.3340388 ,  0.17315812,  0.        , ...,  0.93743777,
          0.9945241 ,  0.84960833],
        ...,
        [-0.76729413, -0.86299137, -0.93743777, ...,  0.        ,
          0.24827715,  0.79021153],
        [-0.9024884 , -0.96140453, -0.9945241 , ..., -0.24827715,
          0.        ,  0.61331652],
        [-0.97698305, -0.92810022, -0.84960833, ..., -0.79021153,
         -0.61331652,  0.        ]]]), 'num': array([2.63885450e+07, 5.45450000e+04, 5.32000000e+02, 4.95000000e+04,
       5.07000000e+04, 4.92500000e+04, 7.82860000e+04, 6.50000000e+02,
       4.96600000e+04, 4.83400000e+04, 4.56258333e+04, 5.88235294e+01,
       5.15935519e+04, 4.50864481e+04])}
{'img': array([[[ 0.        , -0.0393492 , -0.0393492 , ...,  0.99224785,
          0.99228885,  0.99825335],
        [ 0.0393492 ,  0.        ,  0.        , ...,  0.98658926,
          0.99639756,  0.99515554],
        [ 0.0393492 ,  0.        ,  0.        , ...,  0.98658926,
          0.99639756,  0.99515554],
        ...,
        [-0.99224785, -0.98658926, -0.98658926, ...,  0.        ,
         -0.24630248, -0.06543741],
        [-0.99228885, -0.99639756, -0.99639756, ...,  0.24630248,
          0.        ,  0.18235309],
        [-0.99825335, -0.99515554, -0.99515554, ...,  0.06543741,
         -0.18235309,  0.        ]],

       [[ 0.        , -0.18409171, -0.23966431, ..., -0.78398202,
         -0.72573044, -0.73982808],
        [ 0.18409171,  0.        , -0.05684171, ..., -0.65630194,
         -0.58667577, -0.60332757],
        [ 0.23966431,  0.05684171,  0.        , ..., -0.61235385,
         -0.53969557, -0.55702121],
        ...,
        [ 0.78398202,  0.65630194,  0.61235385, ...,  0.        ,
          0.08884179,  0.06818686],
        [ 0.72573044,  0.58667577,  0.53969557, ..., -0.08884179,
          0.        , -0.02071779],
        [ 0.73982808,  0.60332757,  0.55702121, ..., -0.06818686,
          0.02071779,  0.        ]],

       [[ 0.        , -0.15793196, -0.20197957, ...,  0.7302423 ,
          0.88569871,  0.91604594],
        [ 0.15793196,  0.        , -0.04476778, ...,  0.61318049,
          0.80126162,  0.84120726],
        [ 0.20197957,  0.04476778,  0.        , ...,  0.57720174,
          0.77367309,  0.81615736],
        ...,
        [-0.7302423 , -0.61318049, -0.57720174, ...,  0.        ,
         -0.26607632, -0.33295109],
        [-0.88569871, -0.80126162, -0.77367309, ...,  0.26607632,
          0.        , -0.07005377],
        [-0.91604594, -0.84120726, -0.81615736, ...,  0.33295109,
          0.07005377,  0.        ]],

       ...,

       [[ 0.        ,  0.08747185,  0.12225401, ...,  0.97392039,
          0.82485735,  0.86593763],
        [-0.08747185,  0.        ,  0.0349697 , ...,  0.95034085,
          0.77224425,  0.81886926],
        [-0.12225401, -0.0349697 ,  0.        , ...,  0.93887665,
          0.74955477,  0.79829651],
        ...,
        [-0.97392039, -0.95034085, -0.93887665, ...,  0.        ,
         -0.36344515, -0.29063563],
        [-0.82485735, -0.77224425, -0.74955477, ...,  0.36344515,
          0.        ,  0.07699592],
        [-0.86593763, -0.81886926, -0.79829651, ...,  0.29063563,
         -0.07699592,  0.        ]],

       [[ 0.        , -0.48047662, -0.64614733, ..., -0.98431721,
         -0.99121756, -0.98915368],
        [ 0.48047662,  0.        , -0.19997022, ..., -0.7784939 ,
         -0.80576645, -0.79692077],
        [ 0.64614733,  0.19997022,  0.        , ..., -0.63725812,
         -0.67106252, -0.66002576],
        ...,
        [ 0.98431721,  0.7784939 ,  0.63725812, ...,  0.        ,
         -0.04469096, -0.02991346],
        [ 0.99121756,  0.80576645,  0.67106252, ...,  0.04469096,
          0.        ,  0.01478739],
        [ 0.98915368,  0.79692077,  0.66002576, ...,  0.02991346,
         -0.01478739,  0.        ]],

       [[ 0.        , -0.16908514, -0.33264648, ...,  0.9392872 ,
          0.99950556,  0.91912457],
        [ 0.16908514,  0.        , -0.16840084, ...,  0.98378135,
          0.97979765,  0.83927654],
        [ 0.33264648,  0.16840084,  0.        , ...,  0.99993794,
          0.93212605,  0.73573015],
        ...,
        [-0.9392872 , -0.98378135, -0.99993794, ...,  0.        ,
          0.37249594,  0.68542921],
        [-0.99950556, -0.97979765, -0.93212605, ..., -0.37249594,
          0.        ,  0.36487257],
        [-0.91912457, -0.83927654, -0.73573015, ..., -0.68542921,
         -0.36487257,  0.        ]]]), 'num': array([ 2.60427450e+07,  5.45450000e+04,  5.32000000e+02,  4.88500000e+04,
        4.99000000e+04,  4.84000000e+04,  6.85190000e+04, -6.50000000e+02,
        4.95000000e+04,  4.84825000e+04,  4.57400000e+04,  5.58139535e+01,
        5.15584186e+04,  4.54065814e+04])}
{'img': array([[[ 0.        ,  0.        , -0.11302718, ...,  0.99639756,
          0.99515554,  0.99639756],
        [ 0.        ,  0.        , -0.11302718, ...,  0.99639756,
          0.99515554,  0.99639756],
        [ 0.11302718,  0.11302718,  0.        , ...,  0.99959782,
          0.97766645,  0.99959782],
        ...,
        [-0.99639756, -0.99639756, -0.99959782, ...,  0.        ,
          0.18235309,  0.        ],
        [-0.99515554, -0.99515554, -0.97766645, ..., -0.18235309,
          0.        , -0.18235309],
        [-0.99639756, -0.99639756, -0.99959782, ...,  0.        ,
          0.18235309,  0.        ]],

       [[ 0.        , -0.05684171, -0.17966064, ..., -0.58667577,
         -0.60332757, -0.68788384],
        [ 0.05684171,  0.        , -0.12345335, ..., -0.53969557,
         -0.55702121, -0.64551477],
        [ 0.17966064,  0.12345335,  0.        , ..., -0.43163664,
         -0.45023242, -0.54628961],
        ...,
        [ 0.58667577,  0.53969557,  0.43163664, ...,  0.        ,
         -0.02071779, -0.13124194],
        [ 0.60332757,  0.55702121,  0.45023242, ...,  0.02071779,
          0.        , -0.11067518],
        [ 0.68788384,  0.64551477,  0.54628961, ...,  0.13124194,
          0.11067518,  0.        ]],

       [[ 0.        , -0.04476778, -0.08261823, ...,  0.80126162,
          0.84120726,  0.87722146],
        [ 0.04476778,  0.        , -0.03792066, ...,  0.77367309,
          0.81615736,  0.8548496 ],
        [ 0.08261823,  0.03792066,  0.        , ...,  0.74909067,
          0.79365866,  0.83455863],
        ...,
        [-0.80126162, -0.77367309, -0.74909067, ...,  0.        ,
         -0.07005377, -0.14017958],
        [-0.84120726, -0.81615736, -0.79365866, ...,  0.07005377,
          0.        , -0.07047312],
        [-0.87722146, -0.8548496 , -0.83455863, ...,  0.14017958,
          0.07047312,  0.        ]],

       ...,

       [[ 0.        ,  0.0349697 ,  0.17806841, ...,  0.77224425,
          0.81886926,  0.76865002],
        [-0.0349697 ,  0.        ,  0.14354868, ...,  0.74955477,
          0.79829651,  0.74581084],
        [-0.17806841, -0.14354868,  0.        , ...,  0.64677088,
          0.70357446,  0.6424606 ],
        ...,
        [-0.77224425, -0.74955477, -0.64677088, ...,  0.        ,
          0.07699592, -0.00563798],
        [-0.81886926, -0.79829651, -0.70357446, ..., -0.07699592,
          0.        , -0.08261594],
        [-0.76865002, -0.74581084, -0.6424606 , ...,  0.00563798,
          0.08261594,  0.        ]],

       [[ 0.        , -0.4772848 , -0.66740849, ..., -0.97846089,
         -0.97503874, -0.97657621],
        [ 0.4772848 ,  0.        , -0.23105423, ..., -0.76129422,
         -0.75084014, -0.75546679],
        [ 0.66740849,  0.23105423,  0.        , ..., -0.59087717,
         -0.57791544, -0.58364081],
        ...,
        [ 0.97846089,  0.76129422,  0.59087717, ...,  0.        ,
          0.01597293,  0.00894037],
        [ 0.97503874,  0.75084014,  0.57791544, ..., -0.01597293,
          0.        , -0.00703306],
        [ 0.97657621,  0.75546679,  0.58364081, ..., -0.00894037,
          0.00703306,  0.        ]],

       [[ 0.        , -0.16409381, -0.33059751, ...,  0.99900409,
          0.98248316,  0.82671337],
        [ 0.16409381,  0.        , -0.17124906, ...,  0.97814069,
          0.93858623,  0.72318405],
        [ 0.33059751,  0.17124906,  0.        , ...,  0.92808113,
          0.86563262,  0.59422693],
        ...,
        [-0.99900409, -0.97814069, -0.92808113, ...,  0.        ,
          0.14232878,  0.52517619],
        [-0.98248316, -0.93858623, -0.86563262, ..., -0.14232878,
          0.        ,  0.39870873],
        [-0.82671337, -0.72318405, -0.59422693, ..., -0.52517619,
         -0.39870873,  0.        ]]]), 'num': array([2.65747450e+07, 5.45450000e+04, 5.32000000e+02, 4.98500000e+04,
       5.03000000e+04, 4.88500000e+04, 8.54660000e+04, 1.00000000e+03,
       4.93500000e+04, 4.86775000e+04, 4.58733333e+04, 5.98290598e+01,
       5.15758573e+04, 4.57791427e+04])}
{'img': array([[[ 0.        , -0.11302718, -0.72302558, ...,  0.99515554,
          0.99639756,  0.97643597],
        [ 0.11302718,  0.        , -0.64031078, ...,  0.97766645,
          0.99959782,  0.94578678],
        [ 0.72302558,  0.64031078,  0.        , ...,  0.6163918 ,
          0.74964888,  0.51850852],
        ...,
        [-0.99515554, -0.97766645, -0.6163918 , ...,  0.        ,
         -0.18235309,  0.11876551],
        [-0.99639756, -0.99959782, -0.74964888, ...,  0.18235309,
          0.        ,  0.29783664],
        [-0.97643597, -0.94578678, -0.51850852, ..., -0.11876551,
         -0.29783664,  0.        ]],

       [[ 0.        , -0.12345335,  0.70667462, ..., -0.55702121,
         -0.64551477, -0.49409171],
        [ 0.12345335,  0.        ,  0.78861684, ..., -0.45023242,
         -0.54628961, -0.38298055],
        [-0.70667462, -0.78861684,  0.        , ..., -0.9810061 ,
         -0.99644784, -0.96397883],
        ...,
        [ 0.55702121,  0.45023242,  0.9810061 , ...,  0.        ,
         -0.11067518,  0.07393738],
        [ 0.64551477,  0.54628961,  0.99644784, ...,  0.11067518,
          0.        ,  0.18385541],
        [ 0.49409171,  0.38298055,  0.96397883, ..., -0.07393738,
         -0.18385541,  0.        ]],

       [[ 0.        , -0.03792066, -0.23479213, ...,  0.81615736,
          0.8548496 ,  0.88431012],
        [ 0.03792066,  0.        , -0.19776264, ...,  0.79365866,
          0.83455863,  0.86596893],
        [ 0.23479213,  0.19776264,  0.        , ...,  0.65767231,
          0.70912482,  0.74996532],
        ...,
        [-0.81615736, -0.79365866, -0.65767231, ...,  0.        ,
         -0.07047312, -0.12991678],
        [-0.8548496 , -0.83455863, -0.70912482, ...,  0.07047312,
          0.        , -0.05971791],
        [-0.88431012, -0.86596893, -0.74996532, ...,  0.12991678,
          0.05971791,  0.        ]],

       ...,

       [[ 0.        ,  0.14354868, -0.800099  , ...,  0.79829651,
          0.74581084,  0.81487375],
        [-0.14354868,  0.        , -0.87792283, ...,  0.70357446,
          0.6424606 ,  0.72322798],
        [ 0.800099  ,  0.87792283,  0.        , ...,  0.96074384,
          0.98038022,  0.95258484],
        ...,
        [-0.79829651, -0.70357446, -0.96074384, ...,  0.        ,
         -0.08261594,  0.02804626],
        [-0.74581084, -0.6424606 , -0.98038022, ...,  0.08261594,
          0.        ,  0.11053383],
        [-0.81487375, -0.72322798, -0.95258484, ..., -0.02804626,
         -0.11053383,  0.        ]],

       [[ 0.        , -0.51483157, -0.73805994, ..., -0.95365477,
         -0.95592928, -0.95480798],
        [ 0.51483157,  0.        , -0.28535744, ..., -0.66264566,
         -0.6683569 , -0.66552864],
        [ 0.73805994,  0.28535744,  0.        , ..., -0.42138   ,
         -0.4283069 , -0.42487385],
        ...,
        [ 0.95365477,  0.66264566,  0.42138   , ...,  0.        ,
         -0.00765174, -0.00385604],
        [ 0.95592928,  0.6683569 ,  0.4283069 , ...,  0.00765174,
          0.        ,  0.00379576],
        [ 0.95480798,  0.66552864,  0.42487385, ...,  0.00385604,
         -0.00379576,  0.        ]],

       [[ 0.        , -0.16675405, -0.36780926, ...,  0.98228666,
          0.93943465,  0.70931209],
        [ 0.16675405,  0.        , -0.20759459, ...,  0.93728608,
          0.86912988,  0.58183665],
        [ 0.36780926,  0.20759459,  0.        , ...,  0.84450787,
          0.7475229 ,  0.40032346],
        ...,
        [-0.98228666, -0.93728608, -0.84450787, ...,  0.        ,
          0.1606218 ,  0.55949448],
        [-0.93943465, -0.86912988, -0.7475229 , ..., -0.1606218 ,
          0.        ,  0.4191012 ],
        [-0.70931209, -0.58183665, -0.40032346, ..., -0.55949448,
         -0.4191012 ,  0.        ]]]), 'num': array([ 2.56437450e+07,  5.45450000e+04,  5.32000000e+02,  4.81000000e+04,
        4.99500000e+04,  4.80500000e+04,  8.36230000e+04, -1.75000000e+03,
        4.90300000e+04,  4.87925000e+04,  4.59775000e+04,  5.36398467e+01,
        5.13921682e+04,  4.61928318e+04])}
{'img': array([[[ 0.        , -0.64031078,  0.20168752, ...,  0.99959782,
          0.94578678,  0.98852051],
        [ 0.64031078,  0.        ,  0.78207174, ...,  0.74964888,
          0.51850852,  0.85604083],
        [-0.20168752, -0.78207174,  0.        , ...,  0.98477553,
          0.99185651,  0.93773403],
        ...,
        [-0.99959782, -0.74964888, -0.98477553, ...,  0.        ,
          0.29783664, -0.17905876],
        [-0.94578678, -0.51850852, -0.99185651, ..., -0.29783664,
          0.        , -0.46395563],
        [-0.98852051, -0.85604083, -0.93773403, ...,  0.17905876,
          0.46395563,  0.        ]],

       [[ 0.        ,  0.78861684,  0.60830474, ..., -0.54628961,
         -0.38298055, -0.40001357],
        [-0.78861684,  0.        , -0.25189058, ..., -0.99644784,
         -0.96397883, -0.96873692],
        [-0.60830474,  0.25189058,  0.        , ..., -0.94310585,
         -0.86589843, -0.8750091 ],
        ...,
        [ 0.54628961,  0.99644784,  0.94310585, ...,  0.        ,
          0.18385541,  0.16562955],
        [ 0.38298055,  0.96397883,  0.86589843, ..., -0.18385541,
          0.        , -0.0185099 ],
        [ 0.40001357,  0.96873692,  0.8750091 , ..., -0.16562955,
          0.0185099 ,  0.        ]],

       [[ 0.        , -0.19776264, -0.15913372, ...,  0.83455863,
          0.86596893,  0.91711803],
        [ 0.19776264,  0.        ,  0.03925175, ...,  0.70912482,
          0.74996532,  0.82017358],
        [ 0.15913372, -0.03925175,  0.        , ...,  0.73625408,
          0.7753515 ,  0.84199802],
        ...,
        [-0.83455863, -0.70912482, -0.73625408, ...,  0.        ,
         -0.05971791, -0.17258965],
        [-0.86596893, -0.74996532, -0.7753515 , ...,  0.05971791,
          0.        , -0.11345985],
        [-0.91711803, -0.82017358, -0.84199802, ...,  0.17258965,
          0.11345985,  0.        ]],

       ...,

       [[ 0.        , -0.87792283, -0.26862487, ...,  0.6424606 ,
          0.72322798,  0.59626002],
        [ 0.87792283,  0.        ,  0.7170365 , ...,  0.98038022,
          0.95258484,  0.99027946],
        [ 0.26862487, -0.7170365 ,  0.        , ...,  0.82469914,
          0.88216049,  0.78999413],
        ...,
        [-0.6424606 , -0.98038022, -0.82469914, ...,  0.        ,
          0.11053383, -0.05883662],
        [-0.72322798, -0.95258484, -0.88216049, ..., -0.11053383,
          0.        , -0.16881843],
        [-0.59626002, -0.99027946, -0.78999413, ...,  0.05883662,
          0.16881843,  0.        ]],

       [[ 0.        , -0.59541712, -0.80584749, ..., -0.91954142,
         -0.91786268, -0.93457537],
        [ 0.59541712,  0.        , -0.29487111, ..., -0.50478016,
         -0.50110633, -0.5390248 ],
        [ 0.80584749,  0.29487111,  0.        , ..., -0.22778927,
         -0.22364841, -0.26669121],
        ...,
        [ 0.91954142,  0.50478016,  0.22778927, ...,  0.        ,
          0.00425054, -0.04014081],
        [ 0.91786268,  0.50110633,  0.22364841, ..., -0.00425054,
          0.        , -0.04438756],
        [ 0.93457537,  0.5390248 ,  0.26669121, ...,  0.04014081,
          0.04438756,  0.        ]],

       [[ 0.        , -0.20221285, -0.23043062, ...,  0.94012351,
          0.86736836,  0.56893295],
        [ 0.20221285,  0.        , -0.02889924, ...,  0.85178106,
          0.74881531,  0.39088312],
        [ 0.23043062,  0.02889924,  0.        , ...,  0.83628504,
          0.72934875,  0.36411983],
        ...,
        [-0.94012351, -0.85178106, -0.83628504, ...,  0.        ,
          0.17223958,  0.57923079],
        [-0.86736836, -0.74881531, -0.72934875, ..., -0.17223958,
          0.        ,  0.4301708 ],
        [-0.56893295, -0.39088312, -0.36411983, ..., -0.57923079,
         -0.4301708 ,  0.        ]]]), 'num': array([2.56969450e+07, 5.45450000e+04, 5.32000000e+02, 4.82000000e+04,
       4.83500000e+04, 4.68000000e+04, 4.65470000e+04, 1.00000000e+02,
       4.89000000e+04, 4.89200000e+04, 4.60900000e+04, 4.73913043e+01,
       5.11082413e+04, 4.67317587e+04])}
{'img': array([[[ 0.        ,  0.78207174,  0.56354267, ...,  0.51850852,
          0.85604083,  0.84407071],
        [-0.78207174,  0.        , -0.29486601, ...,  0.99185651,
          0.93773403,  0.94538689],
        [-0.56354267,  0.29486601,  0.        , ...,  0.91020294,
          0.998464  ,  0.99946535],
        ...,
        [-0.51850852, -0.99185651, -0.91020294, ...,  0.        ,
         -0.46395563, -0.44370082],
        [-0.85604083, -0.93773403, -0.998464  , ...,  0.46395563,
          0.        ,  0.0227293 ],
        [-0.84407071, -0.94538689, -0.99946535, ...,  0.44370082,
         -0.0227293 ,  0.        ]],

       [[ 0.        , -0.25189058, -0.7598775 , ..., -0.96397883,
         -0.96873692, -0.96415615],
        [ 0.25189058,  0.        , -0.57163022, ..., -0.86589843,
         -0.8750091 , -0.99990314],
        [ 0.7598775 ,  0.57163022,  0.        , ..., -0.42453871,
         -0.44122502, -0.82838787],
        ...,
        [ 0.96397883,  0.86589843,  0.42453871, ...,  0.        ,
         -0.0185099 , -0.51222304],
        [ 0.96873692,  0.8750091 ,  0.44122502, ...,  0.0185099 ,
          0.        , -0.49623802],
        [ 0.96415615,  0.99990314,  0.82838787, ...,  0.51222304,
          0.49623802,  0.        ]],

       [[ 0.        ,  0.03925175, -0.2116296 , ...,  0.74996532,
          0.82017358,  0.84364239],
        [-0.03925175,  0.        , -0.2498292 , ...,  0.7753515 ,
          0.84199802,  0.86406672],
        [ 0.2116296 ,  0.2498292 ,  0.        , ...,  0.59299042,
          0.68052019,  0.71090875],
        ...,
        [-0.74996532, -0.7753515 , -0.59299042, ...,  0.        ,
         -0.11345985, -0.15538966],
        [-0.82017358, -0.84199802, -0.68052019, ...,  0.11345985,
          0.        , -0.04230456],
        [-0.84364239, -0.86406672, -0.71090875, ...,  0.15538966,
          0.04230456,  0.        ]],

       ...,

       [[ 0.        ,  0.7170365 ,  0.57870964, ...,  0.95258484,
          0.99027946,  0.99961704],
        [-0.7170365 ,  0.        , -0.18138617, ...,  0.88216049,
          0.78999413,  0.67692655],
        [-0.57870964,  0.18138617,  0.        , ...,  0.95295078,
          0.88810014,  0.79920705],
        ...,
        [-0.95258484, -0.88216049, -0.95295078, ...,  0.        ,
         -0.16881843, -0.33051692],
        [-0.99027946, -0.78999413, -0.88810014, ...,  0.16881843,
          0.        , -0.16644222],
        [-0.99961704, -0.67692655, -0.79920705, ...,  0.33051692,
          0.16644222,  0.        ]],

       [[ 0.        , -0.64322866, -0.83178309, ..., -0.83571173,
         -0.86396506, -0.90137352],
        [ 0.64322866,  0.        , -0.27981805, ..., -0.28664202,
         -0.33761677, -0.41161306],
        [ 0.83178309,  0.27981805,  0.        , ..., -0.00711529,
         -0.06074185, -0.14015575],
        ...,
        [ 0.83571173,  0.28664202,  0.00711529, ...,  0.        ,
         -0.05363817, -0.13310715],
        [ 0.86396506,  0.33761677,  0.06074185, ...,  0.05363817,
          0.        , -0.07975466],
        [ 0.90137352,  0.41161306,  0.14015575, ...,  0.13310715,
          0.07975466,  0.        ]],

       [[ 0.        , -0.02799342, -0.14390098, ...,  0.86755305,
          0.77227927,  0.37952872],
        [ 0.02799342,  0.        , -0.11614253, ...,  0.85329069,
          0.75419287,  0.35348104],
        [ 0.14390098,  0.11614253,  0.        , ...,  0.78695525,
          0.67282358,  0.24244432],
        ...,
        [-0.86755305, -0.85329069, -0.78695525, ...,  0.        ,
          0.1670529 ,  0.61388611],
        [-0.77227927, -0.75419287, -0.67282358, ..., -0.1670529 ,
          0.        ,  0.47338909],
        [-0.37952872, -0.35348104, -0.24244432, ..., -0.61388611,
         -0.47338909,  0.        ]]]), 'num': array([2.64151450e+07, 5.45450000e+04, 5.32000000e+02, 4.95500000e+04,
       4.98500000e+04, 4.83000000e+04, 1.04462000e+05, 1.35000000e+03,
       4.89100000e+04, 4.90125000e+04, 4.62450000e+04, 5.71428571e+01,
       5.11422594e+04, 4.68827406e+04])}
{'img': array([[[ 0.        , -0.62853936,  0.13943469, ...,  0.9821242 ,
          0.98638296,  0.97772789],
        [ 0.62853936,  0.        ,  0.73084854, ...,  0.88218688,
          0.87055931,  0.62853936],
        [-0.13943469, -0.73084854,  0.        , ...,  0.94628374,
          0.95381516,  0.99744081],
        ...,
        [-0.9821242 , -0.88218688, -0.94628374, ...,  0.        ,
          0.02414604,  0.3901665 ],
        [-0.98638296, -0.87055931, -0.95381516, ..., -0.02414604,
          0.        ,  0.36782042],
        [-0.97772789, -0.62853936, -0.99744081, ..., -0.3901665 ,
         -0.36782042,  0.        ]],

       [[ 0.        , -0.57163022, -0.21124104, ..., -0.8750091 ,
         -0.99990314, -0.76465292],
        [ 0.57163022,  0.        ,  0.38540513, ..., -0.44122502,
         -0.82838787, -0.25902371],
        [ 0.21124104, -0.38540513,  0.        , ..., -0.75300049,
         -0.98027939, -0.6112651 ],
        ...,
        [ 0.8750091 ,  0.44122502,  0.75300049, ...,  0.        ,
         -0.49623802,  0.19371947],
        [ 0.99990314,  0.82838787,  0.98027939, ...,  0.49623802,
          0.        ,  0.65502239],
        [ 0.76465292,  0.25902371,  0.6112651 , ..., -0.19371947,
         -0.65502239,  0.        ]],

       [[ 0.        , -0.2498292 ,  0.01753643, ...,  0.84199802,
          0.86406672,  0.86245599],
        [ 0.2498292 ,  0.        ,  0.26677113, ...,  0.68052019,
          0.71090875,  0.70866088],
        [-0.01753643, -0.26677113,  0.        , ...,  0.85132911,
          0.87276129,  0.87119912],
        ...,
        [-0.84199802, -0.68052019, -0.85132911, ...,  0.        ,
         -0.04230456, -0.03911609],
        [-0.86406672, -0.71090875, -0.87276129, ...,  0.04230456,
          0.        ,  0.00319111],
        [-0.86245599, -0.70866088, -0.87119912, ...,  0.03911609,
         -0.00319111,  0.        ]],

       ...,

       [[ 0.        , -0.49399978,  0.24003148, ...,  0.89380311,
          0.79659202,  0.93538427],
        [ 0.49399978,  0.        ,  0.688256  , ...,  0.9986668 ,
          0.99123792,  0.98797571],
        [-0.24003148, -0.688256  ,  0.        , ...,  0.76002845,
          0.62820056,  0.82315538],
        ...,
        [-0.89380311, -0.9986668 , -0.76002845, ...,  0.        ,
         -0.18308009,  0.10340383],
        [-0.79659202, -0.99123792, -0.62820056, ...,  0.18308009,
          0.        ,  0.28375478],
        [-0.93538427, -0.98797571, -0.82315538, ..., -0.10340383,
         -0.28375478,  0.        ]],

       [[ 0.        , -0.64818713, -0.81249967, ..., -0.7111    ,
         -0.78204324, -0.77432082],
        [ 0.64818713,  0.        , -0.2408349 , ..., -0.08575474,
         -0.19154524, -0.17946223],
        [ 0.81249967,  0.2408349 ,  0.        , ...,  0.15671709,
          0.05046823,  0.06274495],
        ...,
        [ 0.7111    ,  0.08575474, -0.15671709, ...,  0.        ,
         -0.10667276, -0.09443864],
        [ 0.78204324,  0.19154524, -0.05046823, ...,  0.10667276,
          0.        ,  0.01229621],
        [ 0.77432082,  0.17946223, -0.06274495, ...,  0.09443864,
         -0.01229621,  0.        ]],

       [[ 0.        , -0.11516734, -0.15448805, ...,  0.79142242,
          0.57714897,  0.35066369],
        [ 0.11516734,  0.        , -0.03967539, ...,  0.71575808,
          0.47925855,  0.24047602],
        [ 0.15448805,  0.03967539,  0.        , ...,  0.68748727,
          0.44405914,  0.20177556],
        ...,
        [-0.79142242, -0.71575808, -0.68748727, ...,  0.        ,
          0.2935127 ,  0.52681819],
        [-0.57714897, -0.47925855, -0.44405914, ..., -0.2935127 ,
          0.        ,  0.25413525],
        [-0.35066369, -0.24047602, -0.20177556, ..., -0.52681819,
         -0.25413525,  0.        ]]]), 'num': array([ 2.61225450e+07,  5.45450000e+04,  5.32000000e+02,  4.90000000e+04,
        4.99000000e+04,  4.84000000e+04,  4.43880000e+04, -5.50000000e+02,
        4.89400000e+04,  4.90775000e+04,  4.63583333e+04,  4.54106280e+01,
        5.11206532e+04,  4.70343468e+04])}
{'img': array([[[ 0.        ,  0.73084854,  0.78535345, ...,  0.87055931,
          0.62853936,  0.75005482],
        [-0.73084854,  0.        ,  0.08360485, ...,  0.95381516,
          0.99744081,  0.99530761],
        [-0.78535345, -0.08360485,  0.        , ...,  0.92536143,
          0.99992626,  0.98373331],
        ...,
        [-0.87055931, -0.95381516, -0.92536143, ...,  0.        ,
          0.36782042,  0.20669215],
        [-0.62853936, -0.99744081, -0.99992626, ..., -0.36782042,
          0.        , -0.16767534],
        [-0.75005482, -0.99530761, -0.98373331, ..., -0.20669215,
          0.16767534,  0.        ]],

       [[ 0.        ,  0.38540513,  0.31978289, ..., -0.82838787,
         -0.25902371, -0.85954992],
        [-0.38540513,  0.        , -0.07008898, ..., -0.98027939,
         -0.6112651 , -0.99010949],
        [-0.31978289,  0.07008898,  0.        , ..., -0.96401789,
         -0.5542916 , -0.9778413 ],
        ...,
        [ 0.82838787,  0.98027939,  0.96401789, ...,  0.        ,
          0.65502239, -0.05813201],
        [ 0.25902371,  0.6112651 ,  0.5542916 , ..., -0.65502239,
          0.        , -0.69783978],
        [ 0.85954992,  0.99010949,  0.9778413 , ...,  0.05813201,
          0.69783978,  0.        ]],

       [[ 0.        ,  0.26677113,  0.44443775, ...,  0.71090875,
          0.70866088,  0.7018302 ],
        [-0.26677113,  0.        ,  0.1893551 , ...,  0.87276129,
          0.87119912,  0.8664287 ],
        [-0.44443775, -0.1893551 ,  0.        , ...,  0.94940505,
          0.94839804,  0.94529901],
        ...,
        [-0.71090875, -0.87276129, -0.94940505, ...,  0.        ,
          0.00319111,  0.01282565],
        [-0.70866088, -0.87119912, -0.94839804, ..., -0.00319111,
          0.        ,  0.00963474],
        [-0.7018302 , -0.8664287 , -0.94529901, ..., -0.01282565,
         -0.00963474,  0.        ]],

       ...,

       [[ 0.        ,  0.688256  ,  0.74038771, ...,  0.99123792,
          0.98797571,  0.98172194],
        [-0.688256  ,  0.        ,  0.07449556, ...,  0.62820056,
          0.82315538,  0.58121829],
        [-0.74038771, -0.07449556,  0.        , ...,  0.56849363,
          0.77856832,  0.51898269],
        ...,
        [-0.99123792, -0.62820056, -0.56849363, ...,  0.        ,
          0.28375478, -0.05897903],
        [-0.98797571, -0.82315538, -0.77856832, ..., -0.28375478,
          0.        , -0.33981563],
        [-0.98172194, -0.58121829, -0.51898269, ...,  0.05897903,
          0.33981563,  0.        ]],

       [[ 0.        , -0.38026668, -0.59324945, ..., -0.31509957,
         -0.2984917 , -0.30909483],
        [ 0.38026668,  0.        , -0.24256092, ...,  0.06946706,
          0.0868631 ,  0.07577082],
        [ 0.59324945,  0.24256092,  0.        , ...,  0.30936746,
          0.32591314,  0.31537163],
        ...,
        [ 0.31509957, -0.06946706, -0.30936746, ...,  0.        ,
          0.01744877,  0.00632041],
        [ 0.2984917 , -0.0868631 , -0.32591314, ..., -0.01744877,
          0.        , -0.01112897],
        [ 0.30909483, -0.07577082, -0.31537163, ..., -0.00632041,
          0.01112897,  0.        ]],

       [[ 0.        , -0.03934854, -0.03210165, ...,  0.56682635,
          0.47613013,  0.23854704],
        [ 0.03934854,  0.        ,  0.00725147, ...,  0.53397058,
          0.44115927,  0.20014972],
        [ 0.03210165, -0.00725147,  0.        , ...,  0.54008768,
          0.44765535,  0.20724919],
        ...,
        [-0.56682635, -0.53397058, -0.54008768, ...,  0.        ,
          0.10619908,  0.35393866],
        [-0.47613013, -0.44115927, -0.44765535, ..., -0.10619908,
          0.        ,  0.25261243],
        [-0.23854704, -0.20014972, -0.20724919, ..., -0.35393866,
         -0.25261243,  0.        ]]]), 'num': array([ 2.60161450e+07,  5.45450000e+04,  5.32000000e+02,  4.88000000e+04,
        4.94000000e+04,  4.83000000e+04,  2.85880000e+04, -2.00000000e+02,
        4.87300000e+04,  4.91375000e+04,  4.64858333e+04,  4.42857143e+01,
        5.10711171e+04,  4.72038829e+04])}
{'img': array([[[ 0.        ,  0.38111339,  0.38111339, ...,  0.6771456 ,
          0.80188063,  0.83702162],
        [-0.38111339,  0.        ,  0.        , ...,  0.9064822 ,
          0.96907059,  0.98238392],
        [-0.38111339,  0.        ,  0.        , ...,  0.9064822 ,
          0.96907059,  0.98238392],
        ...,
        [-0.6771456 , -0.9064822 , -0.9064822 , ...,  0.        ,
         -0.18547925, -0.24540794],
        [-0.80188063, -0.96907059, -0.96907059, ...,  0.18547925,
          0.        , -0.06134239],
        [-0.83702162, -0.98238392, -0.98238392, ...,  0.24540794,
          0.06134239,  0.        ]],

       [[ 0.        , -0.06743537,  0.07355904, ..., -0.58316958,
         -0.94540131, -0.98902482],
        [ 0.06743537,  0.        ,  0.14064427, ..., -0.52706093,
         -0.92127148, -0.99673699],
        [-0.07355904, -0.14064427,  0.        , ..., -0.64134541,
         -0.96681361, -0.97547711],
        ...,
        [ 0.58316958,  0.52706093,  0.64134541, ...,  0.        ,
         -0.57793724, -0.88959773],
        [ 0.94540131,  0.92127148,  0.96681361, ...,  0.57793724,
          0.        , -0.46201413],
        [ 0.98902482,  0.99673699,  0.97547711, ...,  0.88959773,
          0.46201413,  0.        ]],

       [[ 0.        ,  0.36553945,  0.59160444, ...,  0.71402977,
          0.7071778 ,  0.75249947],
        [-0.36553945,  0.        ,  0.25595468, ...,  0.92053572,
          0.91668762,  0.94116505],
        [-0.59160444, -0.25595468,  0.        , ...,  0.9898624 ,
          0.9884323 ,  0.99631288],
        ...,
        [-0.71402977, -0.92053572, -0.9898624 , ...,  0.        ,
          0.00973855, -0.05658153],
        [-0.7071778 , -0.91668762, -0.9884323 , ..., -0.00973855,
          0.        , -0.06630179],
        [-0.75249947, -0.94116505, -0.99631288, ...,  0.05658153,
          0.06630179,  0.        ]],

       ...,

       [[ 0.        ,  0.34600208,  0.91363907, ...,  0.99979792,
          0.92510643,  0.90842739],
        [-0.34600208,  0.        ,  0.71654806, ...,  0.94499968,
          0.73658635,  0.7076736 ],
        [-0.91363907, -0.71654806,  0.        , ...,  0.42481064,
          0.02916413, -0.01264049],
        ...,
        [-0.99979792, -0.94499968, -0.42481064, ...,  0.        ,
         -0.39822818, -0.43621991],
        [-0.92510643, -0.73658635, -0.02916413, ...,  0.39822818,
          0.        , -0.0417969 ],
        [-0.90842739, -0.7076736 ,  0.01264049, ...,  0.43621991,
          0.0417969 ,  0.        ]],

       [[ 0.        , -0.24256092, -0.32264382, ...,  0.0868631 ,
          0.07577082,  0.05089637],
        [ 0.24256092,  0.        , -0.08341957, ...,  0.32591314,
          0.31537163,  0.29162296],
        [ 0.32264382,  0.08341957,  0.        , ...,  0.403642  ,
          0.39343493,  0.37040011],
        ...,
        [-0.0868631 , -0.32591314, -0.403642  , ...,  0.        ,
         -0.01112897, -0.03604652],
        [-0.07577082, -0.31537163, -0.39343493, ...,  0.01112897,
          0.        , -0.02492256],
        [-0.05089637, -0.29162296, -0.37040011, ...,  0.03604652,
          0.02492256,  0.        ]],

       [[ 0.        ,  0.00718592, -0.19837732, ...,  0.53892507,
          0.45058196,  0.19837732],
        [-0.00718592,  0.        , -0.20541531, ...,  0.54496424,
          0.45698545,  0.20541531],
        [ 0.19837732,  0.20541531,  0.        , ...,  0.36111045,
          0.26452858,  0.        ],
        ...,
        [-0.53892507, -0.54496424, -0.36111045, ...,  0.        ,
          0.10156792,  0.36111045],
        [-0.45058196, -0.45698545, -0.26452858, ..., -0.10156792,
          0.        ,  0.26452858],
        [-0.19837732, -0.20541531, -0.        , ..., -0.36111045,
         -0.26452858,  0.        ]]]), 'num': array([2.62289450e+07, 5.45450000e+04, 5.32000000e+02, 4.92000000e+04,
       4.94000000e+04, 4.80500000e+04, 6.73590000e+04, 4.00000000e+02,
       4.89500000e+04, 4.92200000e+04, 4.65950000e+04, 4.32038835e+01,
       5.10112007e+04, 4.74287993e+04])}
{'img': array([[[ 0.        ,  0.        ,  0.75115074, ...,  0.81340388,
          0.84836501,  0.77334376],
        [ 0.        ,  0.        ,  0.75115074, ...,  0.81340388,
          0.84836501,  0.77334376],
        [-0.75115074, -0.75115074,  0.        , ...,  0.97389678,
          0.95769984,  0.98672772],
        ...,
        [-0.81340388, -0.81340388, -0.97389678, ...,  0.        ,
         -0.06286779,  0.06583387],
        [-0.84836501, -0.84836501, -0.95769984, ...,  0.06286779,
          0.        ,  0.12843504],
        [-0.77334376, -0.77334376, -0.98672772, ..., -0.06583387,
         -0.12843504,  0.        ]],

       [[ 0.        ,  0.14064427, -0.18838584, ..., -0.92127148,
         -0.99673699, -0.77585815],
        [-0.14064427,  0.        , -0.32463937, ..., -0.96681361,
         -0.97547711, -0.85687978],
        [ 0.18838584,  0.32463937,  0.        , ..., -0.83150916,
         -0.99409661, -0.64311247],
        ...,
        [ 0.92127148,  0.96681361,  0.83150916, ...,  0.        ,
         -0.46201413,  0.27949014],
        [ 0.99673699,  0.97547711,  0.99409661, ...,  0.46201413,
          0.        ,  0.69147434],
        [ 0.77585815,  0.85687978,  0.64311247, ..., -0.27949014,
         -0.69147434,  0.        ]],

       [[ 0.        ,  0.4913402 ,  0.63440748, ...,  0.71752258,
          0.76303596,  0.71519523],
        [-0.4913402 ,  0.        ,  0.17274306, ...,  0.96717479,
          0.98216041,  0.96632179],
        [-0.63440748, -0.17274306,  0.        , ...,  0.99653126,
          0.99987899,  0.99624814],
        ...,
        [-0.71752258, -0.96717479, -0.99653126, ...,  0.        ,
         -0.06770639,  0.00333559],
        [-0.76303596, -0.98216041, -0.99987899, ...,  0.06770639,
          0.        ,  0.07103395],
        [-0.71519523, -0.96632179, -0.99624814, ..., -0.00333559,
         -0.07103395,  0.        ]],

       ...,

       [[ 0.        ,  0.81543207,  0.94589308, ...,  0.83266848,
          0.8077155 ,  0.78168369],
        [-0.81543207,  0.        ,  0.28294268, ...,  0.03042918,
         -0.01320793, -0.05608489],
        [-0.94589308, -0.28294268,  0.        , ..., -0.25362591,
         -0.29558621, -0.33629041],
        ...,
        [-0.83266848, -0.03042918,  0.25362591, ...,  0.        ,
         -0.04362834, -0.0864402 ],
        [-0.8077155 ,  0.01320793,  0.29558621, ...,  0.04362834,
          0.        , -0.04289286],
        [-0.78168369,  0.05608489,  0.33629041, ...,  0.0864402 ,
          0.04289286,  0.        ]],

       [[ 0.        , -0.08341957, -0.29532171, ...,  0.31537163,
          0.29162296,  0.2636169 ],
        [ 0.08341957,  0.        , -0.2145935 , ...,  0.39343493,
          0.37040011,  0.34316687],
        [ 0.29532171,  0.2145935 ,  0.        , ...,  0.58155631,
          0.56110102,  0.53673446],
        ...,
        [-0.31537163, -0.39343493, -0.58155631, ...,  0.        ,
         -0.02492256, -0.05405207],
        [-0.29162296, -0.37040011, -0.56110102, ...,  0.02492256,
          0.        , -0.02914916],
        [-0.2636169 , -0.34316687, -0.53673446, ...,  0.05405207,
          0.02914916,  0.        ]],

       [[ 0.        , -0.20305584,  0.07114434, ...,  0.57258446,
          0.48776341,  0.20305584],
        [ 0.20305584,  0.        ,  0.2722035 , ...,  0.39418143,
          0.30033906,  0.        ],
        [-0.07114434, -0.2722035 ,  0.        , ...,  0.62946093,
          0.54863472,  0.2722035 ],
        ...,
        [-0.57258446, -0.39418143, -0.62946093, ...,  0.        ,
          0.09996166,  0.39418143],
        [-0.48776341, -0.30033906, -0.54863472, ..., -0.09996166,
          0.        ,  0.30033906],
        [-0.20305584, -0.        , -0.2722035 , ..., -0.39418143,
         -0.30033906,  0.        ]]]), 'num': array([ 2.58299450e+07,  5.45450000e+04,  5.32000000e+02,  4.84500000e+04,
        4.90000000e+04,  4.78500000e+04,  1.00722000e+05, -7.50000000e+02,
        4.90000000e+04,  4.92850000e+04,  4.66866667e+04,  4.17840376e+01,
        5.08512375e+04,  4.77187625e+04])}
{'img': array([[[ 0.        ,  0.75115074,  0.84006635, ...,  0.84836501,
          0.77334376,  0.89901955],
        [-0.75115074,  0.        ,  0.1470666 , ...,  0.95769984,
          0.98672772,  0.92240571],
        [-0.84006635, -0.1470666 ,  0.        , ...,  0.90496516,
          0.95211744,  0.85557561],
        ...,
        [-0.84836501, -0.95769984, -0.90496516, ...,  0.        ,
          0.12843504, -0.10444528],
        [-0.77334376, -0.98672772, -0.95211744, ..., -0.12843504,
          0.        , -0.23131284],
        [-0.89901955, -0.92240571, -0.85557561, ...,  0.10444528,
          0.23131284,  0.        ]],

       [[ 0.        , -0.32463937, -0.28837991, ..., -0.97547711,
         -0.85687978, -0.664327  ],
        [ 0.32463937,  0.        ,  0.03808677, ..., -0.99409661,
         -0.64311247, -0.38569653],
        [ 0.28837991, -0.03808677,  0.        , ..., -0.99750769,
         -0.67181162, -0.42055651],
        ...,
        [ 0.97547711,  0.99409661,  0.99750769, ...,  0.        ,
          0.69147434,  0.87533158],
        [ 0.85687978,  0.64311247,  0.67181162, ..., -0.69147434,
          0.        ,  0.29799659],
        [ 0.664327  ,  0.38569653,  0.42055651, ..., -0.87533158,
         -0.29799659,  0.        ]],

       [[ 0.        ,  0.44551478,  0.70022644, ...,  0.78304362,
          0.73491344,  0.72291946],
        [-0.44551478,  0.        ,  0.30883266, ...,  0.97813445,
          0.96008004,  0.95503197],
        [-0.70022644, -0.30883266,  0.        , ...,  0.99454873,
          0.99953621,  0.99991632],
        ...,
        [-0.78304362, -0.97813445, -0.99454873, ...,  0.        ,
          0.07393782,  0.09139824],
        [-0.73491344, -0.96008004, -0.99953621, ..., -0.07393782,
          0.        ,  0.01751972],
        [-0.72291946, -0.95503197, -0.99991632, ..., -0.09139824,
         -0.01751972,  0.        ]],

       ...,

       [[ 0.        ,  0.28294268,  0.60594673, ..., -0.01320793,
         -0.05608489, -0.11382464],
        [-0.28294268,  0.        ,  0.35610344, ..., -0.29558621,
         -0.33629041, -0.3902772 ],
        [-0.60594673, -0.35610344,  0.        , ..., -0.61640085,
         -0.64960879, -0.69255669],
        ...,
        [ 0.01320793,  0.29558621,  0.61640085, ...,  0.        ,
         -0.04289286, -0.10069263],
        [ 0.05608489,  0.33629041,  0.64960879, ...,  0.04289286,
          0.        , -0.0579251 ],
        [ 0.11382464,  0.3902772 ,  0.69255669, ...,  0.10069263,
          0.0579251 ,  0.        ]],

       [[ 0.        , -0.2145935 , -0.4406767 , ...,  0.37040011,
          0.34316687,  0.27336065],
        [ 0.2145935 ,  0.        , -0.2377772 , ...,  0.56110102,
          0.53673446,  0.47341227],
        [ 0.4406767 ,  0.2377772 ,  0.        , ...,  0.74182793,
          0.72196556,  0.66927857],
        ...,
        [-0.37040011, -0.56110102, -0.74182793, ...,  0.        ,
         -0.02914916, -0.10237503],
        [-0.34316687, -0.53673446, -0.72196556, ...,  0.02914916,
          0.        , -0.07333552],
        [-0.27336065, -0.47341227, -0.66927857, ...,  0.10237503,
          0.07333552,  0.        ]],

       [[ 0.        ,  0.26831595,  0.43457851, ...,  0.44128406,
          0.33504889,  0.        ],
        [-0.26831595,  0.        ,  0.17698848, ...,  0.66588061,
          0.57557046,  0.26831595],
        [-0.43457851, -0.17698848,  0.        , ...,  0.78741202,
          0.7112166 ,  0.43457851],
        ...,
        [-0.44128406, -0.66588061, -0.78741202, ...,  0.        ,
          0.11511619,  0.44128406],
        [-0.33504889, -0.57557046, -0.7112166 , ..., -0.11511619,
          0.        ,  0.33504889],
        [-0.        , -0.26831595, -0.43457851, ..., -0.44128406,
         -0.33504889,  0.        ]]]), 'num': array([2.59629450e+07, 5.45450000e+04, 5.32000000e+02, 4.87000000e+04,
       4.92000000e+04, 4.85000000e+04, 4.73270000e+04, 2.50000000e+02,
       4.88300000e+04, 4.92800000e+04, 4.67825000e+04, 4.54106280e+01,
       5.08530226e+04, 4.77069774e+04])}
{'img': array([[[ 0.00000000e+00,  1.52156397e-01,  1.79625868e-02, ...,
          9.90258597e-01,  9.30458830e-01,  9.55230030e-01],
        [-1.52156397e-01,  0.00000000e+00, -1.34378410e-01, ...,
          9.57542121e-01,  8.63875401e-01,  8.99090119e-01],
        [-1.79625868e-02,  1.34378410e-01,  0.00000000e+00, ...,
          9.87597709e-01,  9.23727281e-01,  9.49761427e-01],
        ...,
        [-9.90258597e-01, -9.57542121e-01, -9.87597709e-01, ...,
          0.00000000e+00, -2.33269709e-01, -1.59975321e-01],
        [-9.30458830e-01, -8.63875401e-01, -9.23727281e-01, ...,
          2.33269709e-01,  0.00000000e+00,  7.47034981e-02],
        [-9.55230030e-01, -8.99090119e-01, -9.49761427e-01, ...,
          1.59975321e-01, -7.47034981e-02,  0.00000000e+00]],

       [[ 0.00000000e+00,  3.80867694e-02, -1.42535138e-01, ...,
         -6.43112466e-01, -3.85696526e-01, -8.06432028e-01],
        [-3.80867694e-02,  0.00000000e+00, -1.80129613e-01, ...,
         -6.71811618e-01, -4.20556511e-01, -8.28368637e-01],
        [ 1.42535138e-01,  1.80129613e-01,  0.00000000e+00, ...,
         -5.27396741e-01, -2.50251883e-01, -7.13913302e-01],
        ...,
        [ 6.43112466e-01,  6.71811618e-01,  5.27396741e-01, ...,
          0.00000000e+00,  2.97996592e-01, -2.37253220e-01],
        [ 3.85696526e-01,  4.20556511e-01,  2.50251883e-01, ...,
         -2.97996592e-01,  0.00000000e+00, -5.15962225e-01],
        [ 8.06432028e-01,  8.28368637e-01,  7.13913302e-01, ...,
          2.37253220e-01,  5.15962225e-01,  0.00000000e+00]],

       [[ 0.00000000e+00,  5.88323945e-01,  6.94309487e-01, ...,
          7.50933915e-01,  7.38864117e-01,  7.78187236e-01],
        [-5.88323945e-01,  0.00000000e+00,  1.38033296e-01, ...,
          9.95740003e-01,  9.93908953e-01,  9.98748382e-01],
        [-6.94309487e-01, -1.38033296e-01,  0.00000000e+00, ...,
          9.98935794e-01,  9.99606714e-01,  9.96091920e-01],
        ...,
        [-7.50933915e-01, -9.95740003e-01, -9.98935794e-01, ...,
          0.00000000e+00,  1.80910242e-02, -4.22864436e-02],
        [-7.38864117e-01, -9.93908953e-01, -9.99606714e-01, ...,
         -1.80910242e-02,  0.00000000e+00, -6.03543655e-02],
        [-7.78187236e-01, -9.98748382e-01, -9.96091920e-01, ...,
          4.22864436e-02,  6.03543655e-02,  0.00000000e+00]],

       ...,

       [[ 0.00000000e+00,  3.56103436e-01,  3.78505849e-01, ...,
         -3.36290411e-01, -3.90277200e-01, -2.53625911e-01],
        [-3.56103436e-01,  0.00000000e+00,  2.40845344e-02, ...,
         -6.49608791e-01, -6.92556689e-01, -5.81459557e-01],
        [-3.78505849e-01, -2.40845344e-02,  0.00000000e+00, ...,
         -6.67731072e-01, -7.09729499e-01, -6.00885473e-01],
        ...,
        [ 3.36290411e-01,  6.49608791e-01,  6.67731072e-01, ...,
          0.00000000e+00, -5.79250976e-02,  8.64402002e-02],
        [ 3.90277200e-01,  6.92556689e-01,  7.09729499e-01, ...,
          5.79250976e-02,  0.00000000e+00,  1.44003348e-01],
        [ 2.53625911e-01,  5.81459557e-01,  6.00885473e-01, ...,
         -8.64402002e-02, -1.44003348e-01,  0.00000000e+00]],

       [[ 0.00000000e+00, -2.37777195e-01, -5.38850674e-01, ...,
          5.36734456e-01,  4.73412271e-01,  4.74106471e-01],
        [ 2.37777195e-01,  0.00000000e+00, -3.23092470e-01, ...,
          7.21965562e-01,  6.69278573e-01,  6.69864064e-01],
        [ 5.38850674e-01,  3.23092470e-01,  0.00000000e+00, ...,
          9.06801718e-01,  8.73444866e-01,  8.73828424e-01],
        ...,
        [-5.36734456e-01, -7.21965562e-01, -9.06801718e-01, ...,
          0.00000000e+00, -7.33355184e-02, -7.25493414e-02],
        [-4.73412271e-01, -6.69278573e-01, -8.73444866e-01, ...,
          7.33355184e-02,  0.00000000e+00,  7.88276808e-04],
        [-4.74106471e-01, -6.69864064e-01, -8.73828424e-01, ...,
          7.25493414e-02, -7.88276808e-04,  0.00000000e+00]],

       [[ 0.00000000e+00,  3.51648803e-01,  5.56747136e-01, ...,
          3.38069266e-01,  0.00000000e+00,  6.91398531e-02],
        [-3.51648803e-01,  0.00000000e+00,  2.29080470e-01, ...,
          6.47421612e-01,  3.51648803e-01,  4.15531328e-01],
        [-5.56747136e-01, -2.29080470e-01,  0.00000000e+00, ...,
          8.04794612e-01,  5.56747136e-01,  6.12848061e-01],
        ...,
        [-3.38069266e-01, -6.47421612e-01, -8.04794612e-01, ...,
          0.00000000e+00,  3.38069266e-01,  2.72191275e-01],
        [-0.00000000e+00, -3.51648803e-01, -5.56747136e-01, ...,
         -3.38069266e-01,  0.00000000e+00, -6.91398531e-02],
        [-6.91398531e-02, -4.15531328e-01, -6.12848061e-01, ...,
         -2.72191275e-01,  6.91398531e-02,  0.00000000e+00]]]), 'num': array([2.61491450e+07, 5.45450000e+04, 5.32000000e+02, 4.90500000e+04,
       4.97500000e+04, 4.90000000e+04, 3.93950000e+04, 3.50000000e+02,
       4.88400000e+04, 4.93400000e+04, 4.68625000e+04, 4.20512821e+01,
       5.07758273e+04, 4.79041727e+04])}
{'img': array([[[ 0.00000000e+00, -1.34378410e-01, -2.84558672e-01, ...,
          8.63875401e-01,  8.99090119e-01,  9.41895038e-01],
        [ 1.34378410e-01,  0.00000000e+00, -1.53154729e-01, ...,
          9.23727281e-01,  9.49761427e-01,  9.78490828e-01],
        [ 2.84558672e-01,  1.53154729e-01,  0.00000000e+00, ...,
          9.71495391e-01,  9.86489924e-01,  9.98541149e-01],
        ...,
        [-8.63875401e-01, -9.23727281e-01, -9.71495391e-01, ...,
          0.00000000e+00,  7.47034981e-02,  1.84255685e-01],
        [-8.99090119e-01, -9.49761427e-01, -9.86489924e-01, ...,
         -7.47034981e-02,  0.00000000e+00,  1.10316385e-01],
        [-9.41895038e-01, -9.78490828e-01, -9.98541149e-01, ...,
         -1.84255685e-01, -1.10316385e-01,  0.00000000e+00]],

       [[ 0.00000000e+00, -1.80129613e-01, -4.72590667e-02, ...,
         -4.20556511e-01, -8.28368637e-01, -8.93108297e-01],
        [ 1.80129613e-01,  0.00000000e+00,  1.33442304e-01, ...,
         -2.50251883e-01, -7.13913302e-01, -7.97469807e-01],
        [ 4.72590667e-02, -1.33442304e-01,  0.00000000e+00, ...,
         -3.77210048e-01, -8.00969330e-01, -8.70851298e-01],
        ...,
        [ 4.20556511e-01,  2.50251883e-01,  3.77210048e-01, ...,
          0.00000000e+00, -5.15962225e-01, -6.21103239e-01],
        [ 8.28368637e-01,  7.13913302e-01,  8.00969330e-01, ...,
          5.15962225e-01,  0.00000000e+00, -1.27669641e-01],
        [ 8.93108297e-01,  7.97469807e-01,  8.70851298e-01, ...,
          6.21103239e-01,  1.27669641e-01,  0.00000000e+00]],

       [[ 0.00000000e+00,  3.13166750e-01,  4.17081306e-01, ...,
          8.56515978e-01,  8.87768010e-01,  8.86068868e-01],
        [-3.13166750e-01,  0.00000000e+00,  1.11473740e-01, ...,
          9.75063427e-01,  9.87259531e-01,  9.86667551e-01],
        [-4.17081306e-01, -1.11473740e-01,  0.00000000e+00, ...,
          9.93725189e-01,  9.98843824e-01,  9.98660235e-01],
        ...,
        [-8.56515978e-01, -9.75063427e-01, -9.93725189e-01, ...,
          0.00000000e+00, -6.39485352e-02, -6.02772304e-02],
        [-8.87768010e-01, -9.87259531e-01, -9.98843824e-01, ...,
          6.39485352e-02,  0.00000000e+00,  3.67840106e-03],
        [-8.86068868e-01, -9.86667551e-01, -9.98660235e-01, ...,
          6.02772304e-02, -3.67840106e-03,  0.00000000e+00]],

       ...,

       [[ 0.00000000e+00,  2.40845344e-02, -2.34681978e-02, ...,
         -6.92556689e-01, -5.81459557e-01, -6.84531114e-01],
        [-2.40845344e-02,  0.00000000e+00, -4.75392914e-02, ...,
         -7.09729499e-01, -6.00885473e-01, -7.01889781e-01],
        [ 2.34681978e-02,  4.75392914e-02,  0.00000000e+00, ...,
         -6.75436848e-01, -5.62206268e-01, -6.67234651e-01],
        ...,
        [ 6.92556689e-01,  7.09729499e-01,  6.75436848e-01, ...,
          0.00000000e+00,  1.44003348e-01,  1.10667703e-02],
        [ 5.81459557e-01,  6.00885473e-01,  5.62206268e-01, ...,
         -1.44003348e-01,  0.00000000e+00, -1.33043106e-01],
        [ 6.84531114e-01,  7.01889781e-01,  6.67234651e-01, ...,
         -1.10667703e-02,  1.33043106e-01,  0.00000000e+00]],

       [[ 0.00000000e+00, -3.23092470e-01, -6.65645061e-01, ...,
          6.69278573e-01,  6.69864064e-01,  6.44589282e-01],
        [ 3.23092470e-01,  0.00000000e+00, -3.88831058e-01, ...,
          8.73444866e-01,  8.73828424e-01,  8.57031859e-01],
        [ 6.65645061e-01,  3.88831058e-01,  0.00000000e+00, ...,
          9.94043488e-01,  9.94129089e-01,  9.89941649e-01],
        ...,
        [-6.69278573e-01, -8.73444866e-01, -9.94043488e-01, ...,
          0.00000000e+00,  7.88276808e-04, -3.27456131e-02],
        [-6.69864064e-01, -8.73828424e-01, -9.94129089e-01, ...,
         -7.88276808e-04,  0.00000000e+00, -3.35334570e-02],
        [-6.44589282e-01, -8.57031859e-01, -9.89941649e-01, ...,
          3.27456131e-02,  3.35334570e-02,  0.00000000e+00]],

       [[ 0.00000000e+00,  4.49760404e-01,  6.43144414e-01, ...,
          2.73573091e-01,  2.81959167e-01,  0.00000000e+00],
        [-4.49760404e-01,  0.00000000e+00,  2.30022211e-01, ...,
          6.76944193e-01,  6.83343626e-01,  4.49760404e-01],
        [-6.43144414e-01, -2.30022211e-01,  0.00000000e+00, ...,
          8.28096439e-01,  8.32958530e-01,  6.43144414e-01],
        ...,
        [-2.73573091e-01, -6.76944193e-01, -8.28096439e-01, ...,
          0.00000000e+00, -8.72952078e-03,  2.73573091e-01],
        [-2.81959167e-01, -6.83343626e-01, -8.32958530e-01, ...,
          8.72952078e-03,  0.00000000e+00,  2.81959167e-01],
        [-0.00000000e+00, -4.49760404e-01, -6.43144414e-01, ...,
         -2.73573091e-01, -2.81959167e-01,  0.00000000e+00]]]), 'num': array([2.72929450e+07, 5.45450000e+04, 5.32000000e+02, 5.12000000e+04,
       5.16000000e+04, 4.90500000e+04, 3.43589000e+05, 2.15000000e+03,
       4.93200000e+04, 4.94025000e+04, 4.69708333e+04, 5.68181818e+01,
       5.10345156e+04, 4.77704844e+04])}
{'img': array([[[ 0.        , -0.14659273,  0.25709371, ...,  0.91792876,
          0.95147508,  0.72069571],
        [ 0.14659273,  0.        ,  0.39598154, ...,  0.96617228,
          0.9863066 ,  0.61128435],
        [-0.25709371, -0.39598154,  0.        , ...,  0.78507323,
          0.84037829,  0.8747012 ],
        ...,
        [-0.91792876, -0.96617228, -0.78507323, ...,  0.        ,
          0.09502287,  0.92228812],
        [-0.95147508, -0.9863066 , -0.84037829, ..., -0.09502287,
          0.        ,  0.88138822],
        [-0.72069571, -0.61128435, -0.8747012 , ..., -0.92228812,
         -0.88138822,  0.        ]],

       [[ 0.        ,  0.12107743,  0.01450639, ..., -0.67232999,
         -0.75622853,  0.94253182],
        [-0.12107743,  0.        , -0.10666503, ..., -0.75701147,
         -0.82988689,  0.97605163],
        [-0.01450639,  0.10666503,  0.        , ..., -0.68299763,
         -0.7656406 ,  0.94727947],
        ...,
        [ 0.67232999,  0.75701147,  0.68299763, ...,  0.        ,
         -0.11988874,  0.47307418],
        [ 0.75622853,  0.82988689,  0.7656406 , ...,  0.11988874,
          0.        ,  0.36403736],
        [-0.94253182, -0.97605163, -0.94727947, ..., -0.47307418,
         -0.36403736,  0.        ]],

       [[ 0.        ,  0.11147374,  0.31225055, ...,  0.98725953,
          0.98666755,  0.93766658],
        [-0.11147374,  0.        ,  0.20440438, ...,  0.99884382,
          0.99866023,  0.97056362],
        [-0.31225055, -0.20440438,  0.        , ...,  0.98758111,
          0.98815234,  0.99930141],
        ...,
        [-0.98725953, -0.99884382, -0.98758111, ...,  0.        ,
          0.0036784 ,  0.19390852],
        [-0.98666755, -0.99866023, -0.98815234, ..., -0.0036784 ,
          0.        ,  0.19029863],
        [-0.93766658, -0.97056362, -0.99930141, ..., -0.19390852,
         -0.19029863,  0.        ]],

       ...,

       [[ 0.        , -0.04753929,  0.06401787, ..., -0.60088547,
         -0.70188978, -0.2310001 ],
        [ 0.04753929,  0.        ,  0.11138726, ..., -0.56220627,
         -0.66723465, -0.18448539],
        [-0.06401787, -0.11138726,  0.        , ..., -0.65082464,
         -0.74604903, -0.29281268],
        ...,
        [ 0.60088547,  0.56220627,  0.65082464, ...,  0.        ,
         -0.13304311,  0.39998727],
        [ 0.70188978,  0.66723465,  0.74604903, ...,  0.13304311,
          0.        ,  0.51836824],
        [ 0.2310001 ,  0.18448539,  0.29281268, ..., -0.39998727,
         -0.51836824,  0.        ]],

       [[ 0.        , -0.38883106, -0.96346967, ...,  0.87382842,
          0.85703186,  0.9114756 ],
        [ 0.38883106,  0.        , -0.7835176 , ...,  0.99412909,
          0.98994165,  0.99969801],
        [ 0.96346967,  0.7835176 ,  0.        , ...,  0.7024986 ,
          0.72596877,  0.64043632],
        ...,
        [-0.87382842, -0.99412909, -0.7024986 , ...,  0.        ,
         -0.03353346,  0.08373784],
        [-0.85703186, -0.98994165, -0.72596877, ...,  0.03353346,
          0.        ,  0.11710643],
        [-0.9114756 , -0.99969801, -0.64043632, ..., -0.08373784,
         -0.11710643,  0.        ]],

       [[ 0.        ,  0.50107327,  0.73059245, ...,  0.28963755,
          0.        ,  0.23932033],
        [-0.50107327,  0.        ,  0.29011853, ...,  0.73024921,
          0.50107327,  0.69362139],
        [-0.73059245, -0.29011853,  0.        , ...,  0.89704514,
          0.73059245,  0.87277314],
        ...,
        [-0.28963755, -0.73024921, -0.89704514, ...,  0.        ,
          0.28963755,  0.05215867],
        [-0.        , -0.50107327, -0.73059245, ..., -0.28963755,
          0.        , -0.23932033],
        [-0.23932033, -0.69362139, -0.87277314, ..., -0.05215867,
          0.23932033,  0.        ]]]), 'num': array([2.74525450e+07, 5.45450000e+04, 5.32000000e+02, 5.15000000e+04,
       5.20000000e+04, 5.04000000e+04, 1.17909000e+05, 3.00000000e+02,
       4.97800000e+04, 4.94775000e+04, 4.70908333e+04, 6.26794258e+01,
       5.13347762e+04, 4.76202238e+04])}
{'img': array([[[ 0.        ,  0.38785841,  0.51698168, ...,  0.97763409,
          0.85449699,  0.60157468],
        [-0.38785841,  0.        ,  0.14450639, ...,  0.81953219,
          0.9890816 ,  0.86431052],
        [-0.51698168, -0.14450639,  0.        , ...,  0.72812331,
          0.99999581,  0.92791933],
        ...,
        [-0.97763409, -0.81953219, -0.72812331, ...,  0.        ,
          0.68755011,  0.90746933],
        [-0.85449699, -0.9890816 , -0.99999581, ..., -0.68755011,
          0.        ,  0.37009457],
        [-0.60157468, -0.86431052, -0.92791933, ..., -0.90746933,
         -0.37009457,  0.        ]],

       [[ 0.        , -0.10666503, -0.32148071, ..., -0.82988689,
          0.97605163, -0.22641706],
        [ 0.10666503,  0.        , -0.21864384, ..., -0.7656406 ,
          0.94727947, -0.12123037],
        [ 0.32148071,  0.21864384,  0.        , ..., -0.60646901,
          0.85430444,  0.09873404],
        ...,
        [ 0.82988689,  0.7656406 ,  0.60646901, ...,  0.        ,
          0.36403736,  0.68200985],
        [-0.97605163, -0.94727947, -0.85430444, ..., -0.36403736,
          0.        , -0.90144947],
        [ 0.22641706,  0.12123037, -0.09873404, ..., -0.68200985,
          0.90144947,  0.        ]],

       [[ 0.        ,  0.20440438,  0.31507779, ...,  0.99866023,
          0.97056362,  0.88877028],
        [-0.20440438,  0.        ,  0.1144322 , ...,  0.98815234,
          0.99930141,  0.9636946 ],
        [-0.31507779, -0.1144322 ,  0.        , ...,  0.9640986 ,
          0.99701366,  0.98791834],
        ...,
        [-0.99866023, -0.98815234, -0.9640986 , ...,  0.        ,
          0.19029863,  0.41174777],
        [-0.97056362, -0.99930141, -0.99701366, ..., -0.19029863,
          0.        ,  0.23080487],
        [-0.88877028, -0.9636946 , -0.98791834, ..., -0.41174777,
         -0.23080487,  0.        ]],

       ...,

       [[ 0.        ,  0.11138726,  0.20946202, ..., -0.66723465,
         -0.18448539,  0.02038917],
        [-0.11138726,  0.        ,  0.09924222, ..., -0.74604903,
         -0.29281268, -0.09110182],
        [-0.20946202, -0.09924222,  0.        , ..., -0.80845052,
         -0.38625957, -0.18948161],
        ...,
        [ 0.66723465,  0.74604903,  0.80845052, ...,  0.        ,
          0.51836824,  0.68228277],
        [ 0.18448539,  0.29281268,  0.38625957, ..., -0.51836824,
          0.        ,  0.20448623],
        [-0.02038917,  0.09110182,  0.18948161, ..., -0.68228277,
         -0.20448623,  0.        ]],

       [[ 0.        , -0.7835176 , -0.41737467, ...,  0.98994165,
          0.99969801,  0.9905874 ],
        [ 0.7835176 ,  0.        ,  0.45266555, ...,  0.72596877,
          0.64043632,  0.50827167],
        [ 0.41737467, -0.45266555,  0.        , ...,  0.95864273,
          0.91871675,  0.84305   ],
        ...,
        [-0.98994165, -0.72596877, -0.95864273, ...,  0.        ,
          0.11710643,  0.27564949],
        [-0.99969801, -0.64043632, -0.91871675, ..., -0.11710643,
          0.        ,  0.16118333],
        [-0.9905874 , -0.50827167, -0.84305   , ..., -0.27564949,
         -0.16118333,  0.        ]],

       [[ 0.        ,  0.59431227,  0.53509642, ...,  0.        ,
          0.247672  ,  0.3577283 ],
        [-0.59431227,  0.        , -0.07172672, ...,  0.59431227,
          0.77498218,  0.84268147],
        [-0.53509642,  0.07172672,  0.        , ...,  0.53509642,
          0.727656  ,  0.80189244],
        ...,
        [-0.        , -0.59431227, -0.53509642, ...,  0.        ,
         -0.247672  , -0.3577283 ],
        [-0.247672  , -0.77498218, -0.727656  , ...,  0.247672  ,
          0.        , -0.11530041],
        [-0.3577283 , -0.84268147, -0.80189244, ...,  0.3577283 ,
          0.11530041,  0.        ]]]), 'num': array([2.84101450e+07, 5.45450000e+04, 5.32000000e+02, 5.33000000e+04,
       5.41000000e+04, 5.16000000e+04, 3.31296000e+05, 1.80000000e+03,
       5.07500000e+04, 4.96125000e+04, 4.72475000e+04, 6.63793103e+01,
       5.20715394e+04, 4.71534606e+04])}
{'img': array([[[ 0.        ,  0.1270228 ,  0.19187529, ...,  0.95291922,
          0.97287302,  0.80722496],
        [-0.1270228 ,  0.        ,  0.06565843, ...,  0.90668398,
          0.93560712,  0.87566071],
        [-0.19187529, -0.06565843,  0.        , ...,  0.87703208,
          0.91040798,  0.90547939],
        ...,
        [-0.95291922, -0.90668398, -0.87703208, ...,  0.        ,
          0.07455059,  0.80722496],
        [-0.97287302, -0.93560712, -0.91040798, ..., -0.07455059,
          0.        ,  0.76097561],
        [-0.80722496, -0.87566071, -0.90547939, ..., -0.80722496,
         -0.76097561,  0.        ]],

       [[ 0.        , -0.21864384,  0.07867176, ...,  0.94727947,
         -0.12123037,  0.99744128],
        [ 0.21864384,  0.        ,  0.29473444, ...,  0.85430444,
          0.09873404,  0.98893889],
        [-0.07867176, -0.29473444,  0.        , ...,  0.96955054,
         -0.19894613,  0.98872549],
        ...,
        [-0.94727947, -0.85430444, -0.96955054, ...,  0.        ,
         -0.90144947, -0.38731022],
        [ 0.12123037, -0.09873404,  0.19894613, ...,  0.90144947,
          0.        ,  0.99875137],
        [-0.99744128, -0.98893889, -0.98872549, ...,  0.38731022,
         -0.99875137,  0.        ]],

       [[ 0.        ,  0.10931082,  0.19834602, ...,  0.99442136,
          0.99787497,  0.68806234],
        [-0.10931082,  0.        ,  0.09001842, ...,  0.97693224,
          0.99901778,  0.76326078],
        [-0.19834602, -0.09001842,  0.        , ...,  0.95374261,
          0.99097304,  0.81832207],
        ...,
        [-0.99442136, -0.97693224, -0.95374261, ...,  0.        ,
          0.17005069,  0.79418064],
        [-0.99787497, -0.99901778, -0.99097304, ..., -0.17005069,
          0.        ,  0.67927694],
        [-0.68806234, -0.76326078, -0.81832207, ..., -0.79418064,
         -0.67927694,  0.        ]],

       ...,

       [[ 0.        ,  0.09924222,  0.13203284, ..., -0.29281268,
         -0.09110182,  0.04251862],
        [-0.09924222,  0.        ,  0.03300765, ..., -0.38625957,
         -0.18948161, -0.05684375],
        [-0.13203284, -0.03300765,  0.        , ..., -0.41649503,
         -0.22178805, -0.08976705],
        ...,
        [ 0.29281268,  0.38625957,  0.41649503, ...,  0.        ,
          0.20448623,  0.33320291],
        [ 0.09110182,  0.18948161,  0.22178805, ..., -0.20448623,
          0.        ,  0.13336125],
        [-0.04251862,  0.05684375,  0.08976705, ..., -0.33320291,
         -0.13336125,  0.        ]],

       [[ 0.        ,  0.44337253,  0.63245674, ...,  0.72189945,
          0.6243095 ,  0.        ],
        [-0.44337253,  0.        ,  0.22346021, ...,  0.95387839,
          0.90594444,  0.44337253],
        [-0.63245674, -0.22346021,  0.        , ...,  0.99683898,
          0.97764816,  0.63245674],
        ...,
        [-0.72189945, -0.95387839, -0.99683898, ...,  0.        ,
          0.13191041,  0.72189945],
        [-0.6243095 , -0.90594444, -0.97764816, ..., -0.13191041,
          0.        ,  0.6243095 ],
        [-0.        , -0.44337253, -0.63245674, ..., -0.72189945,
         -0.6243095 ,  0.        ]],

       [[ 0.        , -0.09415443, -0.22269996, ...,  0.69261452,
          0.77257793,  0.90108384],
        [ 0.09415443,  0.        , -0.1299207 , ...,  0.62162332,
          0.70936531,  0.85625128],
        [ 0.22269996,  0.1299207 ,  0.        , ...,  0.51458567,
          0.61177956,  0.78188225],
        ...,
        [-0.69261452, -0.62162332, -0.51458567, ...,  0.        ,
         -0.11751181, -0.34961015],
        [-0.77257793, -0.70936531, -0.61177956, ...,  0.11751181,
          0.        , -0.23709162],
        [-0.90108384, -0.85625128, -0.78188225, ...,  0.34961015,
          0.23709162,  0.        ]]]), 'num': array([2.86229450e+07, 5.45450000e+04, 5.32000000e+02, 5.37000000e+04,
       5.50000000e+04, 5.35000000e+04, 2.74460000e+05, 4.00000000e+02,
       5.17500000e+04, 4.97875000e+04, 4.73900000e+04, 7.13656388e+01,
       5.28201350e+04, 4.67548650e+04])}
{'img': array([[[ 0.        ,  0.06396605,  0.21452013, ...,  0.91417993,
          0.99073341,  0.86466587],
        [-0.06396605,  0.        ,  0.15160392, ...,  0.88638177,
          0.99739239,  0.89502828],
        [-0.21452013, -0.15160392,  0.        , ...,  0.80595057,
          0.99680502,  0.95229971],
        ...,
        [-0.91417993, -0.88638177, -0.80595057, ...,  0.        ,
          0.52571747,  0.80969244],
        [-0.99073341, -0.99739239, -0.99680502, ..., -0.52571747,
          0.        ,  0.38025271],
        [-0.86466587, -0.89502828, -0.95229971, ..., -0.80969244,
         -0.38025271,  0.        ]],

       [[ 0.        ,  0.29473444,  0.42732509, ...,  0.09873404,
          0.98893889,  0.90958478],
        [-0.29473444,  0.        ,  0.14187414, ..., -0.19894613,
          0.98872549,  0.74671273],
        [-0.42732509, -0.14187414,  0.        , ..., -0.33597187,
          0.95748009,  0.64479239],
        ...,
        [-0.09873404,  0.19894613,  0.33597187, ...,  0.        ,
          0.99875137,  0.86411462],
        [-0.98893889, -0.98872549, -0.95748009, ..., -0.99875137,
          0.        , -0.54583513],
        [-0.90958478, -0.74671273, -0.64479239, ..., -0.86411462,
          0.54583513,  0.        ]],

       [[ 0.        ,  0.08322642,  0.22518289, ...,  0.96675076,
          0.9987304 ,  0.72496884],
        [-0.08322642,  0.        ,  0.14331278, ...,  0.94211407,
          0.99945796,  0.77977851],
        [-0.22518289, -0.14331278,  0.        , ...,  0.88433735,
          0.984423  ,  0.86145096],
        ...,
        [-0.96675076, -0.94211407, -0.88433735, ...,  0.        ,
          0.30409545,  0.85126959],
        [-0.9987304 , -0.99945796, -0.984423  , ..., -0.30409545,
          0.        ,  0.65138721],
        [-0.72496884, -0.77977851, -0.86145096, ..., -0.85126959,
         -0.65138721,  0.        ]],

       ...,

       [[ 0.        ,  0.03300765,  0.20981166, ..., -0.18948161,
         -0.05684375,  0.13375363],
        [-0.03300765,  0.        ,  0.17742438, ..., -0.22178805,
         -0.08976705,  0.10096969],
        [-0.20981166, -0.17742438,  0.        , ..., -0.39127487,
         -0.26505093, -0.07714991],
        ...,
        [ 0.18948161,  0.22178805,  0.39127487, ...,  0.        ,
          0.13336125,  0.31910963],
        [ 0.05684375,  0.08976705,  0.26505093, ..., -0.13336125,
          0.        ,  0.18987035],
        [-0.13375363, -0.10096969,  0.07714991, ..., -0.31910963,
         -0.18987035,  0.        ]],

       [[ 0.        ,  0.4654438 ,  0.70076793, ...,  0.81207658,
          0.61295641,  0.        ],
        [-0.4654438 ,  0.        ,  0.28819126, ...,  0.9903608 ,
          0.91026881,  0.4654438 ],
        [-0.70076793, -0.28819126,  0.        , ...,  0.98826049,
          0.99096501,  0.70076793],
        ...,
        [-0.81207658, -0.9903608 , -0.98826049, ...,  0.        ,
          0.28394404,  0.81207658],
        [-0.61295641, -0.91026881, -0.99096501, ..., -0.28394404,
          0.        ,  0.61295641],
        [-0.        , -0.4654438 , -0.70076793, ..., -0.81207658,
         -0.61295641,  0.        ]],

       [[ 0.        , -0.1299207 , -0.40392849, ...,  0.70936531,
          0.85625128,  0.92457876],
        [ 0.1299207 ,  0.        , -0.28165471, ...,  0.61177956,
          0.78188225,  0.86724378],
        [ 0.40392849,  0.28165471,  0.        , ...,  0.36421532,
          0.57463749,  0.69190283],
        ...,
        [-0.70936531, -0.61177956, -0.36421532, ...,  0.        ,
         -0.23709162, -0.38141927],
        [-0.85625128, -0.78188225, -0.57463749, ...,  0.23709162,
          0.        , -0.15137597],
        [-0.92457876, -0.86724378, -0.69190283, ...,  0.38141927,
          0.15137597,  0.        ]]]), 'num': array([2.86229450e+07, 5.45450000e+04, 5.32000000e+02, 5.37000000e+04,
       5.52000000e+04, 5.31000000e+04, 1.48294000e+05, 0.00000000e+00,
       5.26800000e+04, 4.99900000e+04, 4.75233333e+04, 6.85990338e+01,
       5.34671540e+04, 4.65128460e+04])}
{'img': array([[[ 0.        ,  0.15160392,  0.01046364, ...,  0.99739239,
          0.89502828,  0.89502828],
        [-0.15160392,  0.        , -0.14125292, ...,  0.99680502,
          0.95229971,  0.95229971],
        [-0.01046364,  0.14125292,  0.        , ...,  0.99809294,
          0.89964616,  0.89964616],
        ...,
        [-0.99739239, -0.99680502, -0.99809294, ...,  0.        ,
          0.38025271,  0.38025271],
        [-0.89502828, -0.95229971, -0.89964616, ..., -0.38025271,
          0.        ,  0.        ],
        [-0.89502828, -0.95229971, -0.89964616, ..., -0.38025271,
          0.        ,  0.        ]],

       [[ 0.        ,  0.14187414, -0.20237834, ...,  0.98872549,
          0.74671273,  0.00507845],
        [-0.14187414,  0.        , -0.33926963, ...,  0.95748009,
          0.64479239, -0.13684524],
        [ 0.20237834,  0.33926963,  0.        , ...,  0.99857022,
          0.86587259,  0.2073491 ],
        ...,
        [-0.98872549, -0.95748009, -0.99857022, ...,  0.        ,
         -0.54583513, -0.9879523 ],
        [-0.74671273, -0.64479239, -0.86587259, ...,  0.54583513,
          0.        , -0.74332519],
        [-0.00507845,  0.13684524, -0.2073491 , ...,  0.9879523 ,
          0.74332519,  0.        ]],

       [[ 0.        ,  0.13409706,  0.24072572, ...,  0.9748918 ,
          0.99684423,  0.74793285],
        [-0.13409706,  0.        ,  0.10839784, ...,  0.93622616,
          0.9984859 ,  0.83018786],
        [-0.24072572, -0.10839784,  0.        , ...,  0.89261875,
          0.98663963,  0.88572609],
        ...,
        [-0.9748918 , -0.93622616, -0.89261875, ...,  0.        ,
          0.29936578,  0.81365724],
        [-0.99684423, -0.9984859 , -0.98663963, ..., -0.29936578,
          0.        ,  0.60230687],
        [-0.74793285, -0.83018786, -0.88572609, ..., -0.81365724,
         -0.60230687,  0.        ]],

       ...,

       [[ 0.        ,  0.17742438,  0.32204586, ..., -0.08976705,
          0.10096969, -0.00682937],
        [-0.17742438,  0.        ,  0.14896449, ..., -0.26505093,
         -0.07714991, -0.18414126],
        [-0.32204586, -0.14896449,  0.        , ..., -0.40573033,
         -0.22480962, -0.32850388],
        ...,
        [ 0.08976705,  0.26505093,  0.40573033, ...,  0.        ,
          0.18987035,  0.08296316],
        [-0.10096969,  0.07714991,  0.22480962, ..., -0.18987035,
          0.        , -0.1077618 ],
        [ 0.00682937,  0.18414126,  0.32850388, ..., -0.08296316,
          0.1077618 ,  0.        ]],

       [[ 0.        ,  0.55201326,  0.67816222, ...,  0.78357223,
          0.56596143,  0.        ],
        [-0.55201326,  0.        ,  0.15979431, ...,  0.99633644,
          0.92701588,  0.55201326],
        [-0.67816222, -0.15979431,  0.        , ...,  0.99719949,
          0.97503043,  0.67816222],
        ...,
        [-0.78357223, -0.99633644, -0.99719949, ...,  0.        ,
          0.29436957,  0.78357223],
        [-0.56596143, -0.92701588, -0.97503043, ..., -0.29436957,
          0.        ,  0.56596143],
        [-0.        , -0.55201326, -0.67816222, ..., -0.78357223,
         -0.56596143,  0.        ]],

       [[ 0.        , -0.28165471, -0.11406284, ...,  0.78188225,
          0.86724378,  0.90479451],
        [ 0.28165471,  0.        ,  0.1703714 , ...,  0.57463749,
          0.69190283,  0.74822243],
        [ 0.11406284, -0.1703714 ,  0.        , ...,  0.70566957,
          0.80479371,  0.85031592],
        ...,
        [-0.78188225, -0.57463749, -0.70566957, ...,  0.        ,
         -0.15137597, -0.23110921],
        [-0.86724378, -0.69190283, -0.80479371, ...,  0.15137597,
          0.        , -0.08116807],
        [-0.90479451, -0.74822243, -0.85031592, ...,  0.23110921,
          0.08116807,  0.        ]]]), 'num': array([2.88889450e+07, 5.45450000e+04, 5.32000000e+02, 5.42000000e+04,
       5.44000000e+04, 5.30000000e+04, 1.33643000e+05, 5.00000000e+02,
       5.32800000e+04, 5.01700000e+04, 4.76600000e+04, 8.35164835e+01,
       5.40982821e+04, 4.62417179e+04])}
{'img': array([[[ 0.        , -0.13667877, -0.04802903, ...,  0.99649544,
          0.99649544,  0.94174674],
        [ 0.13667877,  0.        ,  0.08894273, ...,  0.99857653,
          0.99857653,  0.88694065],
        [ 0.04802903, -0.08894273,  0.        , ...,  0.99936291,
          0.99936291,  0.92450665],
        ...,
        [-0.99649544, -0.99857653, -0.99936291, ...,  0.        ,
          0.        ,  0.41391859],
        [-0.99649544, -0.99857653, -0.99936291, ...,  0.        ,
          0.        ,  0.41391859],
        [-0.94174674, -0.88694065, -0.92450665, ..., -0.41391859,
         -0.41391859,  0.        ]],

       [[ 0.        , -0.33926963, -0.46964617, ...,  0.64479239,
         -0.13684524, -0.23227469],
        [ 0.33926963,  0.        , -0.14226527, ...,  0.86587259,
          0.2073491 ,  0.1114924 ],
        [ 0.46964617,  0.14226527,  0.        , ...,  0.92823571,
          0.34441348,  0.25173665],
        ...,
        [-0.64479239, -0.86587259, -0.92823571, ...,  0.        ,
         -0.74332519, -0.80469843],
        [ 0.13684524, -0.2073491 , -0.34441348, ...,  0.74332519,
          0.        , -0.096987  ],
        [ 0.23227469, -0.1114924 , -0.25173665, ...,  0.80469843,
          0.096987  ,  0.        ]],

       [[ 0.        ,  0.10402676,  0.16574453, ...,  0.98252216,
          0.99222947,  0.8113783 ],
        [-0.10402676,  0.        ,  0.06225735, ...,  0.95782735,
          0.99978928,  0.86778203],
        [-0.16574453, -0.06225735,  0.        , ...,  0.93808   ,
          0.99912783,  0.89703713],
        ...,
        [-0.98252216, -0.95782735, -0.93808   , ...,  0.        ,
          0.30694595,  0.72533977],
        [-0.99222947, -0.99978928, -0.99912783, ..., -0.30694595,
          0.        ,  0.47902656],
        [-0.8113783 , -0.86778203, -0.89703713, ..., -0.72533977,
         -0.47902656,  0.        ]],

       ...,

       [[ 0.        ,  0.14896449, -0.01563399, ..., -0.07714991,
         -0.18414126,  0.53804832],
        [-0.14896449,  0.        , -0.16440584, ..., -0.22480962,
         -0.32850388,  0.40648082],
        [ 0.01563399,  0.16440584,  0.        , ..., -0.06155309,
         -0.16875211,  0.55116067],
        ...,
        [ 0.07714991,  0.22480962,  0.06155309, ...,  0.        ,
         -0.1077618 ,  0.60147541],
        [ 0.18414126,  0.32850388,  0.16875211, ...,  0.1077618 ,
          0.        ,  0.68406283],
        [-0.53804832, -0.40648082, -0.55116067, ..., -0.60147541,
         -0.68406283,  0.        ]],

       [[ 0.        ,  0.43313697,  0.60432487, ...,  0.756446  ,
          0.55898376,  0.        ],
        [-0.43313697,  0.        ,  0.19959831, ...,  0.96510194,
          0.86297568,  0.43313697],
        [-0.60432487, -0.19959831,  0.        , ...,  0.99795168,
          0.94645686,  0.60432487],
        ...,
        [-0.756446  , -0.96510194, -0.99795168, ...,  0.        ,
          0.26162207,  0.756446  ],
        [-0.55898376, -0.86297568, -0.94645686, ..., -0.26162207,
          0.        ,  0.55898376],
        [-0.        , -0.43313697, -0.60432487, ..., -0.756446  ,
         -0.55898376,  0.        ]],

       [[ 0.        ,  0.1703714 ,  0.27887988, ...,  0.69190283,
          0.74822243,  0.80159755],
        [-0.1703714 ,  0.        ,  0.11119054, ...,  0.80479371,
          0.85031592,  0.89173706],
        [-0.27887988, -0.11119054,  0.        , ...,  0.86580093,
          0.90355974,  0.9365272 ],
        ...,
        [-0.69190283, -0.80479371, -0.86580093, ...,  0.        ,
         -0.08116807, -0.16508213],
        [-0.74822243, -0.85031592, -0.90355974, ...,  0.08116807,
          0.        , -0.08448299],
        [-0.80159755, -0.89173706, -0.9365272 , ...,  0.16508213,
          0.08448299,  0.        ]]]), 'num': array([ 2.79845450e+07,  5.45450000e+04,  5.32000000e+02,  5.25000000e+04,
        5.38000000e+04,  5.19000000e+04,  1.24118000e+05, -1.70000000e+03,
        5.34800000e+04,  5.03100000e+04,  4.77558333e+04,  7.00934579e+01,
        5.43590246e+04,  4.62609754e+04])}
{'img': array([[[ 0.        ,  0.08894273,  0.09858184, ...,  0.99857653,
          0.88694065,  0.94855205],
        [-0.08894273,  0.        ,  0.00968165, ...,  0.99936291,
          0.92450665,  0.91663153],
        [-0.09858184, -0.00968165,  0.        , ...,  0.99897054,
          0.92815363,  0.91271849],
        ...,
        [-0.99857653, -0.99936291, -0.99897054, ...,  0.        ,
          0.41391859, -0.3667641 ],
        [-0.88694065, -0.92450665, -0.92815363, ..., -0.41391859,
          0.        , -0.71894471],
        [-0.94855205, -0.91663153, -0.91271849, ...,  0.3667641 ,
          0.71894471,  0.        ]],

       [[ 0.        , -0.14226527, -0.22089529, ...,  0.2073491 ,
          0.1114924 ,  0.04678182],
        [ 0.14226527,  0.        , -0.0798975 , ...,  0.34441348,
          0.25173665,  0.18841549],
        [ 0.22089529,  0.0798975 ,  0.        , ...,  0.41832164,
          0.32825633,  0.26627963],
        ...,
        [-0.2073491 , -0.34441348, -0.41832164, ...,  0.        ,
         -0.096987  , -0.16135697],
        [-0.1114924 , -0.25173665, -0.32825633, ...,  0.096987  ,
          0.        , -0.06488018],
        [-0.04678182, -0.18841549, -0.26627963, ...,  0.16135697,
          0.06488018,  0.        ]],

       [[ 0.        ,  0.06141306,  0.0990003 , ...,  0.99914976,
          0.96936215,  0.86195427],
        [-0.06141306,  0.        ,  0.03770207, ...,  0.99473186,
          0.98261767,  0.89146284],
        [-0.0990003 , -0.03770207,  0.        , ...,  0.99015975,
          0.9889181 ,  0.90791161],
        ...,
        [-0.99914976, -0.99473186, -0.99015975, ...,  0.        ,
          0.28539201,  0.54209166],
        [-0.96936215, -0.98261767, -0.9889181 , ..., -0.28539201,
          0.        ,  0.27972612],
        [-0.86195427, -0.89146284, -0.90791161, ..., -0.54209166,
         -0.27972612,  0.        ]],

       ...,

       [[ 0.        , -0.16440584,  0.30637724, ..., -0.32850388,
          0.40648082, -0.27358528],
        [ 0.16440584,  0.        ,  0.45870788, ..., -0.16875211,
          0.55116067, -0.11172916],
        [-0.30637724, -0.45870788,  0.        , ..., -0.60208029,
          0.10700881, -0.55511687],
        ...,
        [ 0.32850388,  0.16875211,  0.60208029, ...,  0.        ,
          0.68406283,  0.05756871],
        [-0.40648082, -0.55116067, -0.10700881, ..., -0.68406283,
          0.        , -0.6409364 ],
        [ 0.27358528,  0.11172916,  0.55511687, ..., -0.05756871,
          0.6409364 ,  0.        ]],

       [[ 0.        ,  0.44822753,  0.6034927 , ...,  0.65553349,
          0.3715282 ,  0.        ],
        [-0.44822753,  0.        ,  0.18207137, ...,  0.92448041,
          0.74826045,  0.44822753],
        [-0.6034927 , -0.18207137,  0.        , ...,  0.978439  ,
          0.85654059,  0.6034927 ],
        ...,
        [-0.65553349, -0.92448041, -0.978439  , ...,  0.        ,
          0.328046  ,  0.65553349],
        [-0.3715282 , -0.74826045, -0.85654059, ..., -0.328046  ,
          0.        ,  0.3715282 ],
        [-0.        , -0.44822753, -0.6034927 , ..., -0.65553349,
         -0.3715282 ,  0.        ]],

       [[ 0.        ,  0.22324843,  0.31348569, ...,  0.75041265,
          0.8037977 ,  0.80030338],
        [-0.22324843,  0.        ,  0.09357868, ...,  0.87903385,
          0.91632222,  0.91396369],
        [-0.31348569, -0.09357868,  0.        , ...,  0.91979107,
          0.9497741 ,  0.94792697],
        ...,
        [-0.75041265, -0.87903385, -0.91979107, ...,  0.        ,
         -0.08486334, -0.07903234],
        [-0.8037977 , -0.91632222, -0.9497741 , ...,  0.08486334,
          0.        ,  0.00585065],
        [-0.80030338, -0.91396369, -0.94792697, ...,  0.07903234,
         -0.00585065,  0.        ]]]), 'num': array([ 2.72397450e+07,  5.45450000e+04,  5.32000000e+02,  5.11000000e+04,
        5.31000000e+04,  5.11000000e+04,  1.13738000e+05, -1.40000000e+03,
        5.30400000e+04,  5.04225000e+04,  4.78400000e+04,  5.72093023e+01,
        5.44278059e+04,  4.64171941e+04])}
{'img': array([[[ 0.        ,  0.00968165, -0.09903659, ...,  0.92450665,
          0.91663153,  0.75197624],
        [-0.00968165,  0.        , -0.108666  , ...,  0.92815363,
          0.91271849,  0.74555895],
        [ 0.09903659,  0.108666  ,  0.        , ...,  0.88221221,
          0.95171339,  0.81356332],
        ...,
        [-0.92450665, -0.92815363, -0.88221221, ...,  0.        ,
         -0.71894471, -0.89605345],
        [-0.91663153, -0.91271849, -0.95171339, ...,  0.71894471,
          0.        , -0.30364465],
        [-0.75197624, -0.74555895, -0.81356332, ...,  0.89605345,
          0.30364465,  0.        ]],

       [[ 0.        , -0.0798975 , -0.05086373, ...,  0.25173665,
          0.18841549,  0.11639643],
        [ 0.0798975 ,  0.        ,  0.02909296, ...,  0.32825633,
          0.26627963,  0.19537874],
        [ 0.05086373, -0.02909296,  0.        , ...,  0.3006365 ,
          0.23812433,  0.16676376],
        ...,
        [-0.25173665, -0.32825633, -0.3006365 , ...,  0.        ,
         -0.06488018, -0.13737758],
        [-0.18841549, -0.26627963, -0.23812433, ...,  0.06488018,
          0.        , -0.0728231 ],
        [-0.11639643, -0.19537874, -0.16676376, ...,  0.13737758,
          0.0728231 ,  0.        ]],

       [[ 0.        ,  0.03770207,  0.03770207, ...,  0.98261767,
          0.89146284,  0.99884829],
        [-0.03770207,  0.        ,  0.        , ...,  0.9889181 ,
          0.90791161,  0.99994708],
        [-0.03770207,  0.        ,  0.        , ...,  0.9889181 ,
          0.90791161,  0.99994708],
        ...,
        [-0.98261767, -0.9889181 , -0.9889181 , ...,  0.        ,
          0.27972612, -0.13828083],
        [-0.89146284, -0.90791161, -0.90791161, ..., -0.27972612,
          0.        , -0.40979945],
        [-0.99884829, -0.99994708, -0.99994708, ...,  0.13828083,
          0.40979945,  0.        ]],

       ...,

       [[ 0.        ,  0.45870788, -0.01613031, ...,  0.55116067,
         -0.11172916, -0.54689736],
        [-0.45870788,  0.        , -0.47298139, ...,  0.10700881,
         -0.55511687, -0.86999604],
        [ 0.01613031,  0.47298139,  0.        , ...,  0.56454808,
         -0.09568531, -0.53332192],
        ...,
        [-0.55116067, -0.10700881, -0.56454808, ...,  0.        ,
         -0.6409364 , -0.91776221],
        [ 0.11172916,  0.55511687,  0.09568531, ...,  0.6409364 ,
          0.        , -0.44993345],
        [ 0.54689736,  0.86999604,  0.53332192, ...,  0.91776221,
          0.44993345,  0.        ]],

       [[ 0.        ,  0.20226127,  0.29112344, ...,  0.73491171,
          0.55713452,  0.3855392 ],
        [-0.20226127,  0.        ,  0.09160596, ...,  0.85688833,
          0.71358171,  0.56419547],
        [-0.29112344, -0.09160596,  0.        , ...,  0.90050847,
          0.77475791,  0.63745687],
        ...,
        [-0.73491171, -0.85688833, -0.90050847, ...,  0.        ,
          0.23245914,  0.41663842],
        [-0.55713452, -0.71358171, -0.77475791, ..., -0.23245914,
          0.        ,  0.19390294],
        [-0.3855392 , -0.56419547, -0.63745687, ..., -0.41663842,
         -0.19390294,  0.        ]],

       [[ 0.        ,  0.22434548,  0.38856474, ...,  0.80760384,
          0.80411194,  0.77412654],
        [-0.22434548,  0.        ,  0.17194337, ...,  0.91931998,
          0.9169833 ,  0.89641142],
        [-0.38856474, -0.17194337,  0.        , ...,  0.97328998,
          0.97191912,  0.95927026],
        ...,
        [-0.80760384, -0.91931998, -0.97328998, ...,  0.        ,
          0.00589742,  0.0547161 ],
        [-0.80411194, -0.9169833 , -0.97191912, ..., -0.00589742,
          0.        ,  0.04882656],
        [-0.77412654, -0.89641142, -0.95927026, ..., -0.0547161 ,
         -0.04882656,  0.        ]]]), 'num': array([2.72397450e+07, 5.45450000e+04, 5.32000000e+02, 5.11000000e+04,
       5.15000000e+04, 5.02000000e+04, 1.06170000e+05, 0.00000000e+00,
       5.25200000e+04, 5.05025000e+04, 4.79166667e+04, 6.02941176e+01,
       5.44948020e+04, 4.65101980e+04])}
{'img': array([[[ 0.        , -0.108666  ,  0.05731784, ...,  0.91271849,
          0.74555895,  0.74555895],
        [ 0.108666  ,  0.        ,  0.16546577, ...,  0.95171339,
          0.81356332,  0.81356332],
        [-0.05731784, -0.16546577,  0.        , ...,  0.88779853,
          0.70613435,  0.70613435],
        ...,
        [-0.91271849, -0.95171339, -0.88779853, ...,  0.        ,
         -0.30364465, -0.30364465],
        [-0.74555895, -0.81356332, -0.70613435, ...,  0.30364465,
          0.        ,  0.        ],
        [-0.74555895, -0.81356332, -0.70613435, ...,  0.30364465,
          0.        ,  0.        ]],

       [[ 0.        ,  0.02909296,  0.08009604, ...,  0.26627963,
          0.19537874,  0.14126661],
        [-0.02909296,  0.        ,  0.05106265, ...,  0.23812433,
          0.16676376,  0.1124056 ],
        [-0.08009604, -0.05106265,  0.        , ...,  0.18821987,
          0.1161986 ,  0.06151993],
        ...,
        [-0.26627963, -0.23812433, -0.18821987, ...,  0.        ,
         -0.0728231 , -0.12744298],
        [-0.19537874, -0.16676376, -0.1161986 , ...,  0.0728231 ,
          0.        , -0.05487531],
        [-0.14126661, -0.1124056 , -0.06151993, ...,  0.12744298,
          0.05487531,  0.        ]],

       [[ 0.        ,  0.        ,  0.00439247, ...,  0.90791161,
          0.99994708,  0.98068279],
        [ 0.        ,  0.        ,  0.00439247, ...,  0.90791161,
          0.99994708,  0.98068279],
        [-0.00439247, -0.00439247,  0.        , ...,  0.909744  ,
          0.99998262,  0.97981414],
        ...,
        [-0.90791161, -0.90791161, -0.909744  , ...,  0.        ,
         -0.40979945, -0.58865656],
        [-0.99994708, -0.99994708, -0.99998262, ...,  0.40979945,
          0.        , -0.20568318],
        [-0.98068279, -0.98068279, -0.97981414, ...,  0.58865656,
          0.20568318,  0.        ]],

       ...,

       [[ 0.        , -0.47298139, -0.40094671, ..., -0.55511687,
         -0.86999604, -0.81178994],
        [ 0.47298139,  0.        ,  0.08003582, ..., -0.09568531,
         -0.53332192, -0.43904845],
        [ 0.40094671, -0.08003582,  0.        , ..., -0.17504694,
         -0.5993143 , -0.50954923],
        ...,
        [ 0.55511687,  0.09568531,  0.17504694, ...,  0.        ,
         -0.44993345, -0.35106418],
        [ 0.86999604,  0.53332192,  0.5993143 , ...,  0.44993345,
          0.        ,  0.10777371],
        [ 0.81178994,  0.43904845,  0.50954923, ...,  0.35106418,
         -0.10777371,  0.        ]],

       [[ 0.        ,  0.09114005,  0.20674237, ...,  0.76429852,
          0.70916814,  0.56185145],
        [-0.09114005,  0.        ,  0.11671092, ...,  0.81989038,
          0.77047397,  0.63490759],
        [-0.20674237, -0.11671092,  0.        , ...,  0.88110659,
          0.83960838,  0.72073805],
        ...,
        [-0.76429852, -0.81989038, -0.88110659, ...,  0.        ,
          0.08154455,  0.26993991],
        [-0.70916814, -0.77047397, -0.83960838, ..., -0.08154455,
          0.        ,  0.19052354],
        [-0.56185145, -0.63490759, -0.72073805, ..., -0.26993991,
         -0.19052354,  0.        ]],

       [[ 0.        ,  0.32350518,  0.44843445, ...,  0.80795606,
          0.77797646,  0.75861255],
        [-0.32350518,  0.        ,  0.1351665 , ...,  0.95513243,
          0.93939804,  0.92859644],
        [-0.44843445, -0.1351665 ,  0.        , ...,  0.98640057,
          0.97711601,  0.97023371],
        ...,
        [-0.80795606, -0.95513243, -0.98640057, ...,  0.        ,
          0.04921649,  0.07941038],
        [-0.77797646, -0.93939804, -0.97711601, ..., -0.04921649,
          0.        ,  0.03025307],
        [-0.75861255, -0.92859644, -0.97023371, ..., -0.07941038,
         -0.03025307,  0.        ]]]), 'num': array([ 2.70838420e+07,  9.23744200e+06,  3.52000000e+02,  5.07000000e+04,
        5.16000000e+04,  4.98500000e+04,  1.03002000e+05, -4.00000000e+02,
        5.19200000e+04,  5.05950000e+04,  4.79858333e+04,  5.91346154e+01,
        5.45149362e+04,  4.66750638e+04])}
{'img': array([[[ 0.        ,  0.16546577,  0.16546577, ...,  0.81356332,
          0.81356332,  0.76538002],
        [-0.16546577,  0.        ,  0.        , ...,  0.70613435,
          0.70613435,  0.64833943],
        [-0.16546577,  0.        ,  0.        , ...,  0.70613435,
          0.70613435,  0.64833943],
        ...,
        [-0.81356332, -0.70613435, -0.70613435, ...,  0.        ,
          0.        , -0.07854158],
        [-0.81356332, -0.70613435, -0.70613435, ...,  0.        ,
          0.        , -0.07854158],
        [-0.76538002, -0.64833943, -0.64833943, ...,  0.07854158,
          0.07854158,  0.        ]],

       [[ 0.        ,  0.05106265,  0.33122689, ...,  0.16676376,
          0.1124056 ,  0.08901835],
        [-0.05106265,  0.        ,  0.28261457, ...,  0.1161986 ,
          0.06151993,  0.03804229],
        [-0.33122689, -0.28261457,  0.        , ..., -0.16923854,
         -0.22306727, -0.24591855],
        ...,
        [-0.16676376, -0.1161986 ,  0.16923854, ...,  0.        ,
         -0.05487531, -0.0783299 ],
        [-0.1124056 , -0.06151993,  0.22306727, ...,  0.05487531,
          0.        , -0.02350517],
        [-0.08901835, -0.03804229,  0.24591855, ...,  0.0783299 ,
          0.02350517,  0.        ]],

       [[ 0.        ,  0.00439247,  0.03921713, ...,  0.99994708,
          0.98068279,  0.92915102],
        [-0.00439247,  0.        ,  0.03482766, ...,  0.99998262,
          0.97981414,  0.92751816],
        [-0.03921713, -0.03482766,  0.        , ...,  0.99958128,
          0.97225731,  0.91393764],
        ...,
        [-0.99994708, -0.99998262, -0.99958128, ...,  0.        ,
         -0.20568318, -0.37923939],
        [-0.98068279, -0.97981414, -0.97225731, ...,  0.20568318,
          0.        , -0.18081237],
        [-0.92915102, -0.92751816, -0.91393764, ...,  0.37923939,
          0.18081237,  0.        ]],

       ...,

       [[ 0.        ,  0.08003582,  0.08003582, ..., -0.53332192,
         -0.43904845, -0.47521139],
        [-0.08003582,  0.        ,  0.        , ..., -0.5993143 ,
         -0.50954923, -0.54410816],
        [-0.08003582,  0.        ,  0.        , ..., -0.5993143 ,
         -0.50954923, -0.54410816],
        ...,
        [ 0.53332192,  0.5993143 ,  0.5993143 , ...,  0.        ,
          0.10777371,  0.06726765],
        [ 0.43904845,  0.50954923,  0.50954923, ..., -0.10777371,
          0.        , -0.04065375],
        [ 0.47521139,  0.54410816,  0.54410816, ..., -0.06726765,
          0.04065375,  0.        ]],

       [[ 0.        ,  0.11652688,  0.18465095, ...,  0.78662001,
          0.7115745 ,  0.63414725],
        [-0.11652688,  0.        ,  0.06886992, ...,  0.85320925,
          0.78859995,  0.71992716],
        [-0.18465095, -0.06886992,  0.        , ...,  0.88710383,
          0.82907611,  0.76601694],
        ...,
        [-0.78662001, -0.85320925, -0.88710383, ...,  0.        ,
          0.11333488,  0.21667804],
        [-0.7115745 , -0.78859995, -0.82907611, ..., -0.11333488,
          0.        ,  0.10463955],
        [-0.63414725, -0.71992716, -0.76601694, ..., -0.21667804,
         -0.10463955,  0.        ]],

       [[ 0.        ,  0.32375418,  0.51748844, ...,  0.78615979,
          0.76677644,  0.72923332],
        [-0.32375418,  0.        ,  0.21258386, ...,  0.94390581,
          0.93330123,  0.91149141],
        [-0.51748844, -0.21258386,  0.        , ...,  0.99252913,
          0.98830628,  0.9780971 ],
        ...,
        [-0.78615979, -0.94390581, -0.99252913, ...,  0.        ,
          0.03076146,  0.08725855],
        [-0.76677644, -0.93330123, -0.98830628, ..., -0.03076146,
          0.        ,  0.05657314],
        [-0.72923332, -0.91149141, -0.9780971 , ..., -0.08725855,
         -0.05657314,  0.        ]]]), 'num': array([2.76046190e+07, 6.17219000e+05, 5.22000000e+02, 5.17000000e+04,
       5.29000000e+04, 5.08000000e+04, 1.05604000e+05, 1.00000000e+03,
       5.14200000e+04, 5.06875000e+04, 4.80808333e+04, 6.13636364e+01,
       5.46200405e+04, 4.67549595e+04])}
{'img': array([[[ 0.        ,  0.        ,  0.01886214, ...,  0.70613435,
          0.64833943,  0.78844122],
        [ 0.        ,  0.        ,  0.01886214, ...,  0.70613435,
          0.64833943,  0.78844122],
        [-0.01886214, -0.01886214,  0.        , ...,  0.69265287,
          0.63386337,  0.77669866],
        ...,
        [-0.70613435, -0.70613435, -0.69265287, ...,  0.        ,
         -0.07854158,  0.1239274 ],
        [-0.64833943, -0.64833943, -0.63386337, ...,  0.07854158,
          0.        ,  0.2014807 ],
        [-0.78844122, -0.78844122, -0.77669866, ..., -0.1239274 ,
         -0.2014807 ,  0.        ]],

       [[ 0.        ,  0.28261457, -0.12392918, ...,  0.06151993,
          0.03804229,  0.05735177],
        [-0.28261457,  0.        , -0.39931294, ..., -0.22306727,
         -0.24591855, -0.22713566],
        [ 0.12392918,  0.39931294,  0.        , ...,  0.18474012,
          0.1615885 ,  0.18063485],
        ...,
        [-0.06151993,  0.22306727, -0.18474012, ...,  0.        ,
         -0.02350517, -0.00417554],
        [-0.03804229,  0.24591855, -0.1615885 , ...,  0.02350517,
          0.        ,  0.01933058],
        [-0.05735177,  0.22713566, -0.18063485, ...,  0.00417554,
         -0.01933058,  0.        ]],

       [[ 0.        ,  0.03482766,  0.0541805 , ...,  0.97981414,
          0.92751816,  0.87124367],
        [-0.03482766,  0.        ,  0.01937112, ...,  0.97225731,
          0.91393764,  0.85361993],
        [-0.0541805 , -0.01937112,  0.        , ...,  0.9675437 ,
          0.9059043 ,  0.84336941],
        ...,
        [-0.97981414, -0.97225731, -0.9675437 , ...,  0.        ,
         -0.18081237, -0.30677169],
        [-0.92751816, -0.91393764, -0.9059043 , ...,  0.18081237,
          0.        , -0.12962119],
        [-0.87124367, -0.85361993, -0.84336941, ...,  0.30677169,
          0.12962119,  0.        ]],

       ...,

       [[ 0.        ,  0.        , -0.18427139, ..., -0.50954923,
         -0.54410816, -0.47678813],
        [ 0.        ,  0.        , -0.18427139, ..., -0.50954923,
         -0.54410816, -0.47678813],
        [ 0.18427139,  0.18427139,  0.        , ..., -0.34226865,
         -0.38018405, -0.30664541],
        ...,
        [ 0.50954923,  0.50954923,  0.34226865, ...,  0.        ,
         -0.04065375,  0.03765478],
        [ 0.54410816,  0.54410816,  0.38018405, ...,  0.04065375,
          0.        ,  0.07824857],
        [ 0.47678813,  0.47678813,  0.30664541, ..., -0.03765478,
         -0.07824857,  0.        ]],

       [[ 0.        ,  0.06828692,  0.03871217, ...,  0.87132223,
          0.86034638,  0.71573536],
        [-0.06828692,  0.        , -0.02961393, ...,  0.90279749,
          0.89314461,  0.76175428],
        [-0.03871217,  0.02961393,  0.        , ...,  0.88966559,
          0.87943344,  0.74223432],
        ...,
        [-0.87132223, -0.90279749, -0.88966559, ...,  0.        ,
          0.02193983,  0.25728729],
        [-0.86034638, -0.89314461, -0.87943344, ..., -0.02193983,
          0.        ,  0.23602413],
        [-0.71573536, -0.76175428, -0.74223432, ..., -0.25728729,
         -0.23602413,  0.        ]],

       [[ 0.        ,  0.42103203,  0.70591445, ...,  0.77496485,
          0.737335  ,  0.7174413 ],
        [-0.42103203,  0.        ,  0.34208095, ...,  0.96902266,
          0.95321521,  0.944051  ],
        [-0.70591445, -0.34208095,  0.        , ...,  0.99504635,
          0.99911671,  0.99991499],
        ...,
        [-0.77496485, -0.96902266, -0.99504635, ...,  0.        ,
          0.05751098,  0.08642919],
        [-0.737335  , -0.95321521, -0.99911671, ..., -0.05751098,
          0.        ,  0.02899037],
        [-0.7174413 , -0.944051  , -0.99991499, ..., -0.08642919,
         -0.02899037,  0.        ]]]), 'num': array([ 2.73390530e+07,  1.51853000e+05,  5.31000000e+02,  5.12000000e+04,
        5.19000000e+04,  4.97500000e+04,  1.07683000e+05, -5.00000000e+02,
        5.11600000e+04,  5.08425000e+04,  4.81533333e+04,  6.27906977e+01,
        5.45951357e+04,  4.70898643e+04])}
{'img': array([[[ 0.        ,  0.01886214,  0.00944596, ...,  0.64833943,
          0.78844122,  0.72023676],
        [-0.01886214,  0.        , -0.00941702, ...,  0.63386337,
          0.77669866,  0.70702343],
        [-0.00944596,  0.00941702,  0.        , ...,  0.64111881,
          0.78259573,  0.7136517 ],
        ...,
        [-0.64833943, -0.63386337, -0.64111881, ...,  0.        ,
          0.2014807 ,  0.09858184],
        [-0.78844122, -0.77669866, -0.78259573, ..., -0.2014807 ,
          0.        , -0.1039391 ],
        [-0.72023676, -0.70702343, -0.7136517 , ..., -0.09858184,
          0.1039391 ,  0.        ]],

       [[ 0.        , -0.39931294, -0.29750155, ..., -0.24591855,
         -0.22713566, -0.21222174],
        [ 0.39931294,  0.        ,  0.1084788 , ...,  0.1615885 ,
          0.18063485,  0.1956492 ],
        [ 0.29750155, -0.1084788 ,  0.        , ...,  0.05358174,
          0.07287453,  0.0881123 ],
        ...,
        [ 0.24591855, -0.1615885 , -0.05358174, ...,  0.        ,
          0.01933058,  0.03461239],
        [ 0.22713566, -0.18063485, -0.07287453, ..., -0.01933058,
          0.        ,  0.01528693],
        [ 0.21222174, -0.1956492 , -0.0881123 , ..., -0.03461239,
         -0.01528693,  0.        ]],

       [[ 0.        ,  0.01937112,  0.03433136, ...,  0.91393764,
          0.85361993,  0.81923965],
        [-0.01937112,  0.        ,  0.01496522, ...,  0.9059043 ,
          0.84336941,  0.80797754],
        [-0.03433136, -0.01496522,  0.        , ...,  0.89946534,
          0.83523364,  0.79906935],
        ...,
        [-0.91393764, -0.9059043 , -0.89946534, ...,  0.        ,
         -0.12962119, -0.19160653],
        [-0.85361993, -0.84336941, -0.83523364, ...,  0.12962119,
          0.        , -0.0627705 ],
        [-0.81923965, -0.80797754, -0.79906935, ...,  0.19160653,
          0.0627705 ,  0.        ]],

       ...,

       [[ 0.        , -0.18427139, -0.28276198, ..., -0.54410816,
         -0.47678813, -0.4317317 ],
        [ 0.18427139,  0.        , -0.10116851, ..., -0.38018405,
         -0.30664541, -0.25812529],
        [ 0.28276198,  0.10116851,  0.        , ..., -0.28466159,
         -0.20877751, -0.15906087],
        ...,
        [ 0.54410816,  0.38018405,  0.28466159, ...,  0.        ,
          0.07824857,  0.12855728],
        [ 0.47678813,  0.30664541,  0.20877751, ..., -0.07824857,
          0.        ,  0.05056384],
        [ 0.4317317 ,  0.25812529,  0.15906087, ..., -0.12855728,
         -0.05056384,  0.        ]],

       [[ 0.        , -0.02961393,  0.00638417, ...,  0.89314461,
          0.76175428,  0.8314947 ],
        [ 0.02961393,  0.        ,  0.03599469, ...,  0.87943344,
          0.74223432,  0.81467851],
        [-0.00638417, -0.03599469,  0.        , ...,  0.89599781,
          0.76587484,  0.83502437],
        ...,
        [-0.89314461, -0.87943344, -0.89599781, ...,  0.        ,
          0.23602413,  0.12218996],
        [-0.76175428, -0.74223432, -0.76587484, ..., -0.23602413,
          0.        , -0.11551779],
        [-0.8314947 , -0.81467851, -0.83502437, ..., -0.12218996,
          0.11551779,  0.        ]],

       [[ 0.        ,  0.6110865 ,  0.72437652, ...,  0.75151881,
          0.73150936,  0.63250976],
        [-0.6110865 ,  0.        ,  0.15210442, ...,  0.998016  ,
          0.99569431,  0.97399035],
        [-0.72437652, -0.15210442,  0.        , ...,  0.99598014,
          0.99820855,  0.99712268],
        ...,
        [-0.75151881, -0.998016  , -0.99598014, ...,  0.        ,
          0.02982388,  0.16481663],
        [-0.73150936, -0.99569431, -0.99820855, ..., -0.02982388,
          0.        ,  0.1353273 ],
        [-0.63250976, -0.97399035, -0.99712268, ..., -0.16481663,
         -0.1353273 ,  0.        ]]]), 'num': array([ 2.70198460e+07,  1.00646000e+05,  5.32000000e+02,  5.06000000e+04,
        5.20000000e+04,  5.01000000e+04,  9.62900000e+04, -6.00000000e+02,
        5.10600000e+04,  5.09625000e+04,  4.82158333e+04,  5.85585586e+01,
        5.45177602e+04,  4.74072398e+04])}
{'img': array([[[ 0.        , -0.00941702, -0.33827375, ...,  0.77669866,
          0.70702343,  0.61885602],
        [ 0.00941702,  0.        , -0.32939689, ...,  0.78259573,
          0.7136517 ,  0.62622568],
        [ 0.33827375,  0.32939689,  0.        , ...,  0.94397981,
          0.90456666,  0.8480886 ],
        ...,
        [-0.77669866, -0.78259573, -0.94397981, ...,  0.        ,
         -0.1039391 , -0.22029994],
        [-0.70702343, -0.7136517 , -0.90456666, ...,  0.1039391 ,
          0.        , -0.11772118],
        [-0.61885602, -0.62622568, -0.8480886 , ...,  0.22029994,
          0.11772118,  0.        ]],

       [[ 0.        ,  0.1084788 ,  0.32566944, ...,  0.18063485,
          0.1956492 ,  0.11107756],
        [-0.1084788 ,  0.        ,  0.22118266, ...,  0.07287453,
          0.0881123 ,  0.00261456],
        [-0.32566944, -0.22118266,  0.        , ..., -0.14952495,
         -0.13439241, -0.21863209],
        ...,
        [-0.18063485, -0.07287453,  0.14952495, ...,  0.        ,
          0.01528693, -0.07026667],
        [-0.1956492 , -0.0881123 ,  0.13439241, ..., -0.01528693,
          0.        , -0.0855076 ],
        [-0.11107756, -0.00261456,  0.21863209, ...,  0.07026667,
          0.0855076 ,  0.        ]],

       [[ 0.        ,  0.01496522, -0.01721145, ...,  0.84336941,
          0.80797754,  0.79391747],
        [-0.01496522,  0.        , -0.03217253, ...,  0.83523364,
          0.79906935,  0.78472933],
        [ 0.01721145,  0.03217253,  0.        , ...,  0.85249278,
          0.81799907,  0.80426487],
        ...,
        [-0.84336941, -0.83523364, -0.85249278, ...,  0.        ,
         -0.0627705 , -0.08619113],
        [-0.80797754, -0.79906935, -0.81799907, ...,  0.0627705 ,
          0.        , -0.02348425],
        [-0.79391747, -0.78472933, -0.80426487, ...,  0.08619113,
          0.02348425,  0.        ]],

       ...,

       [[ 0.        , -0.10116851, -0.47262671, ..., -0.30664541,
         -0.25812529, -0.39875064],
        [ 0.10116851,  0.        , -0.38104578, ..., -0.20877751,
         -0.15906087, -0.30392724],
        [ 0.47262671,  0.38104578,  0.        , ...,  0.1796222 ,
          0.22913388,  0.08202269],
        ...,
        [ 0.30664541,  0.20877751, -0.1796222 , ...,  0.        ,
          0.05056384, -0.0983283 ],
        [ 0.25812529,  0.15906087, -0.22913388, ..., -0.05056384,
          0.        , -0.14852134],
        [ 0.39875064,  0.30392724, -0.08202269, ...,  0.0983283 ,
          0.14852134,  0.        ]],

       [[ 0.        ,  0.03599469, -0.09141015, ...,  0.74223432,
          0.81467851,  0.87788757],
        [-0.03599469,  0.        , -0.12719491, ...,  0.76587484,
          0.83502437,  0.89455535],
        [ 0.09141015,  0.12719491,  0.        , ...,  0.67786919,
          0.7582578 ,  0.83043885],
        ...,
        [-0.74223432, -0.76587484, -0.67786919, ...,  0.        ,
         -0.11551779, -0.23287659],
        [-0.81467851, -0.83502437, -0.7582578 , ...,  0.11551779,
          0.        , -0.11897579],
        [-0.87788757, -0.89455535, -0.83043885, ...,  0.23287659,
          0.11897579,  0.        ]],

       [[ 0.        ,  0.4637708 ,  0.75715429, ...,  0.76433896,
          0.6633344 ,  0.53252573],
        [-0.4637708 ,  0.        ,  0.36785298, ...,  0.9762163 ,
          0.93473498,  0.86433596],
        [-0.75715429, -0.36785298,  0.        , ...,  0.98751798,
          0.99991002,  0.98873087],
        ...,
        [-0.76433896, -0.9762163 , -0.98751798, ...,  0.        ,
          0.14424475,  0.30356665],
        [-0.6633344 , -0.93473498, -0.99991002, ..., -0.14424475,
          0.        ,  0.16295409],
        [-0.53252573, -0.86433596, -0.98873087, ..., -0.30356665,
         -0.16295409,  0.        ]]]), 'num': array([2.83498460e+07, 1.00646000e+05, 5.32000000e+02, 5.31000000e+04,
       5.35000000e+04, 5.09000000e+04, 1.67060000e+05, 2.50000000e+03,
       5.14600000e+04, 5.11400000e+04, 4.83183333e+04, 6.52830189e+01,
       5.47495152e+04, 4.75304848e+04])}
{'img': array([[[ 0.        , -0.32939689, -0.49545373, ...,  0.7136517 ,
          0.62622568,  0.94783469],
        [ 0.32939689,  0.        , -0.18167778, ...,  0.90456666,
          0.8480886 ,  0.99993682],
        [ 0.49545373,  0.18167778,  0.        , ...,  0.96696806,
          0.93023758,  0.98125372],
        ...,
        [-0.7136517 , -0.90456666, -0.96696806, ...,  0.        ,
         -0.11772118,  0.43647363],
        [-0.62622568, -0.8480886 , -0.93023758, ...,  0.11772118,
          0.        ,  0.53935444],
        [-0.94783469, -0.99993682, -0.98125372, ..., -0.43647363,
         -0.53935444,  0.        ]],

       [[ 0.        ,  0.22118266,  0.09582234, ...,  0.0881123 ,
          0.00261456,  0.46902675],
        [-0.22118266,  0.        , -0.12671583, ..., -0.13439241,
         -0.21863209,  0.26206511],
        [-0.09582234,  0.12671583,  0.        , ..., -0.0077428 ,
         -0.09321948,  0.38223975],
        ...,
        [-0.0881123 ,  0.13439241,  0.0077428 , ...,  0.        ,
         -0.0855076 ,  0.38938312],
        [-0.00261456,  0.21863209,  0.09321948, ...,  0.0855076 ,
          0.        ,  0.46671601],
        [-0.46902675, -0.26206511, -0.38223975, ..., -0.38938312,
         -0.46671601,  0.        ]],

       [[ 0.        , -0.03217253, -0.13564482, ...,  0.79906935,
          0.78472933,  0.84064416],
        [ 0.03217253,  0.        , -0.10369943, ...,  0.81799907,
          0.80426487,  0.85763323],
        [ 0.13564482,  0.10369943,  0.        , ...,  0.87323891,
          0.86155438,  0.90633811],
        ...,
        [-0.79906935, -0.81799907, -0.87323891, ...,  0.        ,
         -0.02348425,  0.07266169],
        [-0.78472933, -0.80426487, -0.86155438, ...,  0.02348425,
          0.        ,  0.09606382],
        [-0.84064416, -0.85763323, -0.90633811, ..., -0.07266169,
         -0.09606382,  0.        ]],

       ...,

       [[ 0.        , -0.38104578, -0.45925706, ..., -0.15906087,
         -0.30392724, -0.07002671],
        [ 0.38104578,  0.        , -0.08612469, ...,  0.22913388,
          0.08202269,  0.31536673],
        [ 0.45925706,  0.08612469,  0.        , ...,  0.31211584,
          0.16755242,  0.39592468],
        ...,
        [ 0.15906087, -0.22913388, -0.31211584, ...,  0.        ,
         -0.14852134,  0.08953522],
        [ 0.30392724, -0.08202269, -0.16755242, ...,  0.14852134,
          0.        ,  0.23646702],
        [ 0.07002671, -0.31536673, -0.39592468, ..., -0.08953522,
         -0.23646702,  0.        ]],

       [[ 0.        , -0.12591168, -0.19047737, ...,  0.913171  ,
          0.93777276,  0.76070645],
        [ 0.12591168,  0.        , -0.06535501, ...,  0.85458482,
          0.88658667,  0.67292355],
        [ 0.19047737,  0.06535501,  0.        , ...,  0.81881816,
          0.85446044,  0.62314101],
        ...,
        [-0.913171  , -0.85458482, -0.81881816, ...,  0.        ,
         -0.06511605,  0.28268952],
        [-0.93777276, -0.88658667, -0.85446044, ...,  0.06511605,
          0.        ,  0.34454963],
        [-0.76070645, -0.67292355, -0.62314101, ..., -0.28268952,
         -0.34454963,  0.        ]],

       [[ 0.        ,  0.65778218,  0.76839322, ...,  0.68011649,
          0.54700954,  0.47953844],
        [-0.65778218,  0.        ,  0.15779395, ...,  0.99449211,
          0.96265889,  0.93840988],
        [-0.76839322, -0.15779395,  0.        , ...,  0.99857179,
          0.99331631,  0.98117515],
        ...,
        [-0.68011649, -0.99449211, -0.99857179, ...,  0.        ,
          0.16832853,  0.24526484],
        [-0.54700954, -0.96265889, -0.99331631, ..., -0.16832853,
          0.        ,  0.07857802],
        [-0.47953844, -0.93840988, -0.98117515, ..., -0.24526484,
         -0.07857802,  0.        ]]]), 'num': array([ 2.77646460e+07,  1.00646000e+05,  5.32000000e+02,  5.20000000e+04,
        5.46000000e+04,  5.19000000e+04,  2.01477000e+05, -1.10000000e+03,
        5.17200000e+04,  5.12900000e+04,  4.84033333e+04,  5.32786885e+01,
        5.47786387e+04,  4.78013613e+04])}
{'img': array([[[ 0.        , -0.18167778, -0.27784337, ...,  0.8480886 ,
          0.99993682,  0.96368897],
        [ 0.18167778,  0.        , -0.09869506, ...,  0.93023758,
          0.98125372,  0.99616429],
        [ 0.27784337,  0.09869506,  0.        , ...,  0.96191283,
          0.95744242,  0.99993682],
        ...,
        [-0.8480886 , -0.93023758, -0.96191283, ...,  0.        ,
          0.53935444,  0.28415209],
        [-0.99993682, -0.98125372, -0.95744242, ..., -0.53935444,
          0.        , -0.27784337],
        [-0.96368897, -0.99616429, -0.99993682, ..., -0.28415209,
          0.27784337,  0.        ]],

       [[ 0.        , -0.12671583, -0.30813936, ..., -0.21863209,
          0.26206511,  0.46544153],
        [ 0.12671583,  0.        , -0.18510548, ..., -0.09321948,
          0.38223975,  0.5738431 ],
        [ 0.30813936,  0.18510548,  0.        , ...,  0.09269093,
          0.54668329,  0.71552128],
        ...,
        [ 0.21863209,  0.09321948, -0.09269093, ...,  0.        ,
          0.46671601,  0.64768786],
        [-0.26206511, -0.38223975, -0.54668329, ..., -0.46671601,
          0.        ,  0.21722621],
        [-0.46544153, -0.5738431 , -0.71552128, ..., -0.64768786,
         -0.21722621,  0.        ]],

       [[ 0.        , -0.10369943, -0.22902682, ...,  0.80426487,
          0.85763323,  0.88984848],
        [ 0.10369943,  0.        , -0.12684896, ...,  0.86155438,
          0.90633811,  0.93236453],
        [ 0.22902682,  0.12684896,  0.        , ...,  0.9189916 ,
          0.95261719,  0.97069131],
        ...,
        [-0.80426487, -0.86155438, -0.9189916 , ...,  0.        ,
          0.09606382,  0.16186035],
        [-0.85763323, -0.90633811, -0.95261719, ..., -0.09606382,
          0.        ,  0.06631468],
        [-0.88984848, -0.93236453, -0.97069131, ..., -0.16186035,
         -0.06631468,  0.        ]],

       ...,

       [[ 0.        , -0.08612469, -0.46768326, ...,  0.08202269,
          0.31536673, -0.10266302],
        [ 0.08612469,  0.        , -0.38982024, ...,  0.16755242,
          0.39592468, -0.01661193],
        [ 0.46768326,  0.38982024,  0.        , ...,  0.53860692,
          0.72256875,  0.37446866],
        ...,
        [-0.08202269, -0.16755242, -0.53860692, ...,  0.        ,
          0.23646702, -0.18390639],
        [-0.31536673, -0.39592468, -0.72256875, ..., -0.23646702,
          0.        , -0.4111245 ],
        [ 0.10266302,  0.01661193, -0.37446866, ...,  0.18390639,
          0.4111245 ,  0.        ]],

       [[ 0.        , -0.0652129 , -0.12145666, ...,  0.89543077,
          0.75821152,  0.67182532],
        [ 0.0652129 ,  0.        , -0.05646801, ...,  0.8644919 ,
          0.71407819,  0.62209144],
        [ 0.12145666,  0.05646801,  0.        , ...,  0.83472906,
          0.67340748,  0.5768875 ],
        ...,
        [-0.89543077, -0.8644919 , -0.83472906, ...,  0.        ,
          0.24627226,  0.36415703],
        [-0.75821152, -0.71407819, -0.67340748, ..., -0.24627226,
          0.        ,  0.12357863],
        [-0.67182532, -0.62209144, -0.5768875 , ..., -0.36415703,
         -0.12357863,  0.        ]],

       [[ 0.        ,  0.1617847 ,  0.26323059, ...,  0.95771412,
          0.93203119,  0.81877329],
        [-0.1617847 ,  0.        ,  0.10368379, ...,  0.99164621,
          0.97837991,  0.90087018],
        [-0.26323059, -0.10368379,  0.        , ...,  0.99967547,
          0.99455019,  0.94102272],
        ...,
        [-0.95771412, -0.99164621, -0.99967547, ...,  0.        ,
          0.07888917,  0.31426124],
        [-0.93203119, -0.97837991, -0.99455019, ..., -0.07888917,
          0.        ,  0.23838944],
        [-0.81877329, -0.90087018, -0.94102272, ..., -0.31426124,
         -0.23838944,  0.        ]]]), 'num': array([2.82966460e+07, 1.00646000e+05, 5.32000000e+02, 5.30000000e+04,
       5.45000000e+04, 5.16000000e+04, 2.72637000e+05, 1.00000000e+03,
       5.19800000e+04, 5.15000000e+04, 4.85325000e+04, 5.58139535e+01,
       5.48673432e+04, 4.81326568e+04])}
{'img': array([[[ 0.        , -0.09869506,  0.15927658, ...,  0.98125372,
          0.99616429,  0.98651038],
        [ 0.09869506,  0.        ,  0.25593407, ...,  0.95744242,
          0.99993682,  0.96553771],
        [-0.15927658, -0.25593407,  0.        , ...,  0.99942287,
          0.96951015,  0.99998996],
        ...,
        [-0.98125372, -0.95744242, -0.99942287, ...,  0.        ,
         -0.27784337, -0.02949065],
        [-0.99616429, -0.99993682, -0.96951015, ...,  0.27784337,
          0.        ,  0.24939303],
        [-0.98651038, -0.96553771, -0.99998996, ...,  0.02949065,
         -0.24939303,  0.        ]],

       [[ 0.        , -0.18510548, -0.08737409, ...,  0.38223975,
          0.5738431 ,  0.88897905],
        [ 0.18510548,  0.        ,  0.0985334 , ...,  0.54668329,
          0.71552128,  0.95838496],
        [ 0.08737409, -0.0985334 ,  0.        , ...,  0.46151708,
          0.64320482,  0.92559199],
        ...,
        [-0.38223975, -0.54668329, -0.46151708, ...,  0.        ,
          0.21722621,  0.64642694],
        [-0.5738431 , -0.71552128, -0.64320482, ..., -0.21722621,
          0.        ,  0.46525273],
        [-0.88897905, -0.95838496, -0.92559199, ..., -0.64642694,
         -0.46525273,  0.        ]],

       [[ 0.        , -0.12684896, -0.21701204, ...,  0.90633811,
          0.93236453,  0.95547255],
        [ 0.12684896,  0.        , -0.09143302, ...,  0.95261719,
          0.97069131,  0.98518487],
        [ 0.21701204,  0.09143302,  0.        , ...,  0.97643824,
          0.98859938,  0.99673853],
        ...,
        [-0.90633811, -0.95261719, -0.97643824, ...,  0.        ,
          0.06631468,  0.13629574],
        [-0.93236453, -0.97069131, -0.98859938, ..., -0.06631468,
          0.        ,  0.07029988],
        [-0.95547255, -0.98518487, -0.99673853, ..., -0.13629574,
         -0.07029988,  0.        ]],

       ...,

       [[ 0.        , -0.38982024, -0.26471589, ...,  0.39592468,
         -0.01661193,  0.07234593],
        [ 0.38982024,  0.        ,  0.13213949, ...,  0.72256875,
          0.37446866,  0.45542146],
        [ 0.26471589, -0.13213949,  0.        , ...,  0.62488474,
          0.24866004,  0.33378732],
        ...,
        [-0.39592468, -0.72256875, -0.62488474, ...,  0.        ,
         -0.4111245 , -0.32845316],
        [ 0.01661193, -0.37446866, -0.24866004, ...,  0.4111245 ,
          0.        ,  0.08890435],
        [-0.07234593, -0.45542146, -0.33378732, ...,  0.32845316,
         -0.08890435,  0.        ]],

       [[ 0.        , -0.05610572, -0.14887378, ...,  0.79293856,
          0.7724098 ,  0.61892622],
        [ 0.05610572,  0.        , -0.09315879, ...,  0.75750425,
          0.73555901,  0.57388311],
        [ 0.14887378,  0.09315879,  0.        , ...,  0.69339319,
          0.66924884,  0.49509625],
        ...,
        [-0.79293856, -0.75750425, -0.69339319, ...,  0.        ,
          0.03298417,  0.24570018],
        [-0.7724098 , -0.73555901, -0.66924884, ..., -0.03298417,
          0.        ,  0.21359341],
        [-0.61892622, -0.57388311, -0.49509625, ..., -0.24570018,
         -0.21359341,  0.        ]],

       [[ 0.        ,  0.10134668,  0.2524854 , ...,  0.99522418,
          0.96539328,  0.74708331],
        [-0.10134668,  0.        ,  0.15312228, ...,  0.99999297,
          0.98685369,  0.81060492],
        [-0.2524854 , -0.15312228,  0.        , ...,  0.98762617,
          0.99996301,  0.89071306],
        ...,
        [-0.99522418, -0.99999297, -0.98762617, ...,  0.        ,
          0.16531526,  0.58862867],
        [-0.96539328, -0.98685369, -0.99996301, ..., -0.16531526,
          0.        ,  0.44688815],
        [-0.74708331, -0.81060492, -0.89071306, ..., -0.58862867,
         -0.44688815,  0.        ]]]), 'num': array([2.82966460e+07, 1.00646000e+05, 5.32000000e+02, 5.30000000e+04,
       5.39000000e+04, 5.16000000e+04, 1.48819000e+05, 0.00000000e+00,
       5.23400000e+04, 5.16900000e+04, 4.86741667e+04, 4.86486486e+01,
       5.49437056e+04, 4.84362944e+04])}
{'img': array([[[ 0.        ,  0.25593407,  0.04382117, ...,  0.99993682,
          0.96553771,  0.96553771],
        [-0.25593407,  0.        , -0.21332654, ...,  0.96951015,
          0.99998996,  0.99998996],
        [-0.04382117,  0.21332654,  0.        , ...,  0.99946887,
          0.97601524,  0.97601524],
        ...,
        [-0.99993682, -0.96951015, -0.99946887, ...,  0.        ,
          0.24939303,  0.24939303],
        [-0.96553771, -0.99998996, -0.97601524, ..., -0.24939303,
          0.        ,  0.        ],
        [-0.96553771, -0.99998996, -0.97601524, ..., -0.24939303,
          0.        ,  0.        ]],

       [[ 0.        ,  0.0985334 , -0.1993415 , ...,  0.71552128,
          0.95838496,  0.44449689],
        [-0.0985334 ,  0.        , -0.2949273 , ...,  0.64320482,
          0.92559199,  0.35406956],
        [ 0.1993415 ,  0.2949273 ,  0.        , ...,  0.84041899,
          0.99605807,  0.61414208],
        ...,
        [-0.71552128, -0.64320482, -0.84041899, ...,  0.        ,
          0.46525273, -0.33042843],
        [-0.95838496, -0.92559199, -0.99605807, ..., -0.46525273,
          0.        , -0.73160792],
        [-0.44449689, -0.35406956, -0.61414208, ...,  0.33042843,
          0.73160792,  0.        ]],

       [[ 0.        , -0.09143302, -0.23650756, ...,  0.97069131,
          0.98518487,  0.9978303 ],
        [ 0.09143302,  0.        , -0.14667786, ...,  0.98859938,
          0.99673853,  0.99967042],
        [ 0.23650756,  0.14667786,  0.        , ...,  0.99999226,
          0.99779485,  0.98509277],
        ...,
        [-0.97069131, -0.98859938, -0.99999226, ...,  0.        ,
          0.07029988,  0.17589961],
        [-0.98518487, -0.99673853, -0.99779485, ..., -0.07029988,
          0.        ,  0.10626065],
        [-0.9978303 , -0.99967042, -0.98509277, ..., -0.17589961,
         -0.10626065,  0.        ]],

       ...,

       [[ 0.        ,  0.13213949, -0.14543858, ...,  0.37446866,
          0.45542146,  0.2160202 ],
        [-0.13213949,  0.        , -0.27489774, ...,  0.24866004,
          0.33378732,  0.08510642],
        [ 0.14543858,  0.27489774,  0.        , ...,  0.50534345,
          0.58005957,  0.35572794],
        ...,
        [-0.37446866, -0.24866004, -0.50534345, ...,  0.        ,
          0.08890435, -0.16532457],
        [-0.45542146, -0.33378732, -0.58005957, ..., -0.08890435,
          0.        , -0.25235087],
        [-0.2160202 , -0.08510642, -0.35572794, ...,  0.16532457,
          0.25235087,  0.        ]],

       [[ 0.        , -0.09266252, -0.09477578, ...,  0.78382025,
          0.72208028,  0.5713334 ],
        [ 0.09266252,  0.        , -0.00212261, ...,  0.72290563,
          0.65486879,  0.49282547],
        [ 0.09477578,  0.00212261,  0.        , ...,  0.7214374 ,
          0.65326318,  0.49097743],
        ...,
        [-0.78382025, -0.72290563, -0.7214374 , ...,  0.        ,
          0.09385109,  0.28850439],
        [-0.72208028, -0.65486879, -0.65326318, ..., -0.09385109,
          0.        ,  0.19737059],
        [-0.5713334 , -0.49282547, -0.49097743, ..., -0.28850439,
         -0.19737059,  0.        ]],

       [[ 0.        ,  0.14851204,  0.15160555, ...,  0.9998358 ,
          0.97661518,  0.79646173],
        [-0.14851204,  0.        ,  0.00312894, ...,  0.99143945,
          0.99771443,  0.87743304],
        [-0.15160555, -0.00312894,  0.        , ...,  0.99102606,
          0.99792097,  0.87892969],
        ...,
        [-0.9998358 , -0.99143945, -0.99102606, ...,  0.        ,
          0.19726205,  0.59015673],
        [-0.97661518, -0.99771443, -0.99792097, ..., -0.19726205,
          0.        ,  0.4193132 ],
        [-0.79646173, -0.87743304, -0.87892969, ..., -0.59015673,
         -0.4193132 ,  0.        ]]]), 'num': array([2.83498460e+07, 1.00646000e+05, 5.32000000e+02, 5.31000000e+04,
       5.47000000e+04, 5.22000000e+04, 1.51960000e+05, 1.00000000e+02,
       5.28400000e+04, 5.19225000e+04, 4.88233333e+04, 4.72222222e+01,
       5.48667274e+04, 4.89782726e+04])}
{'img': array([[[ 0.00000000e+00, -2.13326542e-01, -4.53833410e-01, ...,
          9.99989960e-01,  9.99989960e-01,  9.99422875e-01],
        [ 2.13326542e-01,  0.00000000e+00, -2.53294187e-01, ...,
          9.76015240e-01,  9.76015240e-01,  9.69170549e-01],
        [ 4.53833410e-01,  2.53294187e-01,  0.00000000e+00, ...,
          8.89043994e-01,  8.89043994e-01,  8.75155850e-01],
        ...,
        [-9.99989960e-01, -9.76015240e-01, -8.89043994e-01, ...,
          0.00000000e+00,  0.00000000e+00,  2.94906462e-02],
        [-9.99989960e-01, -9.76015240e-01, -8.89043994e-01, ...,
          0.00000000e+00,  0.00000000e+00,  2.94906462e-02],
        [-9.99422875e-01, -9.69170549e-01, -8.75155850e-01, ...,
         -2.94906462e-02, -2.94906462e-02,  0.00000000e+00]],

       [[ 0.00000000e+00, -2.94927298e-01,  6.28094455e-01, ...,
          9.25591992e-01,  3.54069561e-01,  3.73143648e-01],
        [ 2.94927298e-01,  0.00000000e+00,  8.29650496e-01, ...,
          9.96058067e-01,  6.14142079e-01,  6.30171861e-01],
        [-6.28094455e-01, -8.29650496e-01,  0.00000000e+00, ...,
          4.82489440e-01, -3.11891260e-01, -2.92372523e-01],
        ...,
        [-9.25591992e-01, -9.96058067e-01, -4.82489440e-01, ...,
          0.00000000e+00, -7.31607920e-01, -7.17496441e-01],
        [-3.54069561e-01, -6.14142079e-01,  3.11891260e-01, ...,
          7.31607920e-01,  0.00000000e+00,  2.04746785e-02],
        [-3.73143648e-01, -6.30171861e-01,  2.92372523e-01, ...,
          7.17496441e-01, -2.04746785e-02,  0.00000000e+00]],

       [[ 0.00000000e+00, -1.46677856e-01, -2.55937287e-01, ...,
          9.96738526e-01,  9.99670418e-01,  9.79512015e-01],
        [ 1.46677856e-01,  0.00000000e+00, -1.11376636e-01, ...,
          9.97794855e-01,  9.85092770e-01,  9.39379094e-01],
        [ 2.55937287e-01,  1.11376636e-01,  0.00000000e+00, ...,
          9.84194397e-01,  9.59804339e-01,  8.95345671e-01],
        ...,
        [-9.96738526e-01, -9.97794855e-01, -9.84194397e-01, ...,
          0.00000000e+00,  1.06260649e-01,  2.79774447e-01],
        [-9.99670418e-01, -9.85092770e-01, -9.59804339e-01, ...,
         -1.06260649e-01,  0.00000000e+00,  1.76173240e-01],
        [-9.79512015e-01, -9.39379094e-01, -8.95345671e-01, ...,
         -2.79774447e-01, -1.76173240e-01,  0.00000000e+00]],

       ...,

       [[ 0.00000000e+00, -2.74897736e-01, -7.47687973e-01, ...,
          3.33787325e-01,  8.51064220e-02,  3.24656774e-02],
        [ 2.74897736e-01,  0.00000000e+00, -5.36336249e-01, ...,
          5.80059571e-01,  3.55727938e-01,  3.05967712e-01],
        [ 7.47687973e-01,  5.36336249e-01,  0.00000000e+00, ...,
          9.26458424e-01,  8.01490200e-01,  7.68852671e-01],
        ...,
        [-3.33787325e-01, -5.80059571e-01, -9.26458424e-01, ...,
          0.00000000e+00, -2.52350866e-01, -3.03007650e-01],
        [-8.51064220e-02, -3.55727938e-01, -8.01490200e-01, ...,
          2.52350866e-01,  0.00000000e+00, -5.27136707e-02],
        [-3.24656774e-02, -3.05967712e-01, -7.68852671e-01, ...,
          3.03007650e-01,  5.27136707e-02,  0.00000000e+00]],

       [[ 0.00000000e+00, -2.12260593e-03,  4.86170164e-02, ...,
          6.54868795e-01,  4.92825475e-01,  6.55474747e-01],
        [ 2.12260593e-03,  0.00000000e+00,  5.07370028e-02, ...,
          6.53263176e-01,  4.90977425e-01,  6.53870242e-01],
        [-4.86170164e-02, -5.07370028e-02,  0.00000000e+00, ...,
          6.90836358e-01,  5.34545741e-01,  6.91416045e-01],
        ...,
        [-6.54868795e-01, -6.53263176e-01, -6.90836358e-01, ...,
          0.00000000e+00,  1.97370593e-01, -8.02075309e-04],
        [-4.92825475e-01, -4.90977425e-01, -5.34545741e-01, ...,
         -1.97370593e-01,  0.00000000e+00, -1.98156827e-01],
        [-6.55474747e-01, -6.53870242e-01, -6.91416045e-01, ...,
          8.02075309e-04,  1.98156827e-01,  0.00000000e+00]],

       [[ 0.00000000e+00,  2.96815504e-03, -6.93937570e-02, ...,
          9.87681141e-01,  9.99920282e-01,  8.54627792e-01],
        [-2.96815504e-03,  0.00000000e+00, -7.23544511e-02, ...,
          9.87212333e-01,  9.99878399e-01,  8.56165216e-01],
        [ 6.93937570e-02,  7.23544511e-02,  0.00000000e+00, ...,
          9.96158914e-01,  9.98386027e-01,  8.16535490e-01],
        ...,
        [-9.87681141e-01, -9.87212333e-01, -9.96158914e-01, ...,
          0.00000000e+00,  1.43996420e-01,  6.46576744e-01],
        [-9.99920282e-01, -9.99878399e-01, -9.98386027e-01, ...,
         -1.43996420e-01,  0.00000000e+00,  5.29990740e-01],
        [-8.54627792e-01, -8.56165216e-01, -8.16535490e-01, ...,
         -6.46576744e-01, -5.29990740e-01,  0.00000000e+00]]]), 'num': array([3.09566460e+07, 1.00646000e+05, 5.32000000e+02, 5.80000000e+04,
       5.82000000e+04, 5.33000000e+04, 4.88227000e+05, 4.90000000e+03,
       5.38200000e+04, 5.23875000e+04, 4.90375000e+04, 6.36942675e+01,
       5.60088085e+04, 4.87661915e+04])}
{'img': array([[[ 0.        , -0.21712145, -0.09078955, ...,  0.96910506,
          0.9725128 ,  0.55361021],
        [ 0.21712145,  0.        ,  0.12760103, ...,  0.9995393 ,
          0.99986972,  0.3595901 ],
        [ 0.09078955, -0.12760103,  0.        , ...,  0.98749584,
          0.98963671,  0.47571651],
        ...,
        [-0.96910506, -0.9995393 , -0.98749584, ...,  0.        ,
          0.01421307,  0.94359438],
        [-0.9725128 , -0.99986972, -0.98963671, ..., -0.01421307,
          0.        ,  0.93879307],
        [-0.55361021, -0.3595901 , -0.47571651, ..., -0.94359438,
         -0.93879307,  0.        ]],

       [[ 0.        ,  0.68519647,  0.22022518, ...,  0.49857345,
          0.5119358 ,  0.5242048 ],
        [-0.68519647,  0.        , -0.50797142, ..., -0.23082071,
         -0.21572733,  0.9653169 ],
        [-0.22022518,  0.50797142,  0.        , ...,  0.29543137,
          0.31018865,  0.69887713],
        ...,
        [-0.49857345,  0.23082071, -0.29543137, ...,  0.        ,
          0.01548383,  0.87898688],
        [-0.5119358 ,  0.21572733, -0.31018865, ..., -0.01548383,
          0.        ,  0.8862649 ],
        [-0.5242048 , -0.9653169 , -0.69887713, ..., -0.87898688,
         -0.8862649 ,  0.        ]],

       [[ 0.        , -0.10933518, -0.1484637 , ...,  0.99519802,
          0.96941214,  0.64235258],
        [ 0.10933518,  0.        , -0.03945014, ...,  0.9785298 ,
          0.93676538,  0.55470614],
        [ 0.1484637 ,  0.03945014,  0.        , ...,  0.96963717,
          0.92223025,  0.52144998],
        ...,
        [-0.99519802, -0.9785298 , -0.96963717, ...,  0.        ,
          0.14937199,  0.69985421],
        [-0.96941214, -0.93676538, -0.92223025, ..., -0.14937199,
          0.        ,  0.58530832],
        [-0.64235258, -0.55470614, -0.52144998, ..., -0.69985421,
         -0.58530832,  0.        ]],

       ...,

       [[ 0.        , -0.53633625, -0.14010689, ...,  0.35572794,
          0.30596771,  0.78089308],
        [ 0.53633625,  0.        ,  0.4127952 , ...,  0.8014902 ,
          0.76885267,  0.99410752],
        [ 0.14010689, -0.4127952 ,  0.        , ...,  0.48316161,
          0.4363374 ,  0.86071048],
        ...,
        [-0.35572794, -0.8014902 , -0.48316161, ...,  0.        ,
         -0.05271367,  0.50760383],
        [-0.30596771, -0.76885267, -0.4363374 , ...,  0.05271367,
          0.        ,  0.55231569],
        [-0.78089308, -0.99410752, -0.86071048, ..., -0.50760383,
         -0.55231569,  0.        ]],

       [[ 0.        ,  0.04736362,  0.0595334 , ...,  0.92838678,
          0.93786137,  0.46231916],
        [-0.04736362,  0.        ,  0.01218697, ...,  0.94494591,
          0.95324448,  0.50379827],
        [-0.0595334 , -0.01218697,  0.        , ...,  0.94886364,
          0.95685659,  0.51428822],
        ...,
        [-0.92838678, -0.94494591, -0.94886364, ...,  0.        ,
         -0.02636406,  0.65140827],
        [-0.93786137, -0.95324448, -0.95685659, ...,  0.02636406,
          0.        ,  0.67118498],
        [-0.46231916, -0.50379827, -0.51428822, ..., -0.65140827,
         -0.67118498,  0.        ]],

       [[ 0.        , -0.07235445, -0.09387342, ...,  0.9998784 ,
          0.85616522,  0.98078269],
        [ 0.07235445,  0.        , -0.02159244, ...,  0.99838603,
          0.81653549,  0.96409545],
        [ 0.09387342,  0.02159244,  0.        , ...,  0.99692698,
          0.80387991,  0.95813668],
        ...,
        [-0.9998784 , -0.99838603, -0.99692698, ...,  0.        ,
          0.52999074,  0.21037436],
        [-0.85616522, -0.81653549, -0.80387991, ..., -0.52999074,
          0.        , -0.33973185],
        [-0.98078269, -0.96409545, -0.95813668, ..., -0.21037436,
          0.33973185,  0.        ]]]), 'num': array([ 3.07970460e+07,  1.00646000e+05,  5.32000000e+02,  5.77000000e+04,
        5.85000000e+04,  5.70000000e+04,  2.10187000e+05, -3.00000000e+02,
        5.49600000e+04,  5.28200000e+04,  4.92608333e+04,  6.12903226e+01,
        5.67927069e+04,  4.88472931e+04])}
{'img': array([[[ 0.        ,  0.12760103,  0.05225909, ...,  0.99986972,
          0.3595901 ,  0.60685691],
        [-0.12760103,  0.        , -0.07559477, ...,  0.98963671,
          0.47571651,  0.70331492],
        [-0.05225909,  0.07559477,  0.        , ...,  0.99765993,
          0.40786224,  0.64756378],
        ...,
        [-0.99986972, -0.98963671, -0.99765993, ...,  0.        ,
          0.93879307,  0.80450304],
        [-0.3595901 , -0.47571651, -0.40786224, ..., -0.93879307,
          0.        , -0.28045826],
        [-0.60685691, -0.70331492, -0.64756378, ..., -0.80450304,
          0.28045826,  0.        ]],

       [[ 0.        , -0.50797142, -0.74096365, ..., -0.21572733,
          0.9653169 ,  0.05272754],
        [ 0.50797142,  0.        , -0.29712104, ...,  0.31018865,
          0.69887713,  0.55268293],
        [ 0.74096365,  0.29712104,  0.        , ...,  0.57864602,
          0.45480235,  0.77534185],
        ...,
        [ 0.21572733, -0.31018865, -0.57864602, ...,  0.        ,
          0.8862649 ,  0.26691324],
        [-0.9653169 , -0.69887713, -0.45480235, ..., -0.8862649 ,
          0.        , -0.97774024],
        [-0.05272754, -0.55268293, -0.77534185, ..., -0.26691324,
          0.97774024,  0.        ]],

       [[ 0.        , -0.03728743, -0.06966507, ...,  0.99207856,
          0.93126847,  0.52888155],
        [ 0.03728743,  0.        , -0.03241978, ...,  0.98670464,
          0.91703578,  0.49686807],
        [ 0.06966507,  0.03241978,  0.        , ...,  0.98091698,
          0.90362456,  0.46847216],
        ...,
        [-0.99207856, -0.98670464, -0.98091698, ...,  0.        ,
          0.24446263,  0.77553518],
        [-0.93126847, -0.91703578, -0.90362456, ..., -0.24446263,
          0.        ,  0.59767413],
        [-0.52888155, -0.49686807, -0.46847216, ..., -0.77553518,
         -0.59767413,  0.        ]],

       ...,

       [[ 0.        ,  0.4127952 ,  0.12066943, ...,  0.76885267,
          0.99410752,  0.98122797],
        [-0.4127952 ,  0.        , -0.2998702 , ...,  0.4363374 ,
          0.86071048,  0.8141177 ],
        [-0.12066943,  0.2998702 ,  0.        , ...,  0.6860753 ,
          0.97376294,  0.95078661],
        ...,
        [-0.76885267, -0.4363374 , -0.6860753 , ...,  0.        ,
          0.55231569,  0.4791483 ],
        [-0.99410752, -0.86071048, -0.97376294, ..., -0.55231569,
          0.        , -0.08535144],
        [-0.98122797, -0.8141177 , -0.95078661, ..., -0.4791483 ,
          0.08535144,  0.        ]],

       [[ 0.        ,  0.01164405,  0.0202878 , ...,  0.99061563,
          0.8841635 ,  0.48425631],
        [-0.01164405,  0.        ,  0.00864477, ...,  0.99213995,
          0.8895434 ,  0.49441116],
        [-0.0202878 , -0.00864477,  0.        , ...,  0.99318462,
          0.89345953,  0.50190696],
        ...,
        [-0.99061563, -0.99213995, -0.99318462, ...,  0.        ,
          0.34194838,  0.80052873],
        [-0.8841635 , -0.8895434 , -0.89345953, ..., -0.34194838,
          0.        ,  0.5473441 ],
        [-0.48425631, -0.49441116, -0.50190696, ..., -0.80052873,
         -0.5473441 ,  0.        ]],

       [[ 0.        , -0.02159244, -0.03586096, ...,  0.81653549,
          0.96409545,  0.94157161],
        [ 0.02159244,  0.        , -0.01427405, ...,  0.80387991,
          0.95813668,  0.93407948],
        [ 0.03586096,  0.01427405,  0.        , ...,  0.79530792,
          0.95395224,  0.92888755],
        ...,
        [-0.81653549, -0.80387991, -0.79530792, ...,  0.        ,
         -0.33973185, -0.26854516],
        [-0.96409545, -0.95813668, -0.95395224, ...,  0.33973185,
          0.        ,  0.07467979],
        [-0.94157161, -0.93407948, -0.92888755, ...,  0.26854516,
         -0.07467979,  0.        ]]]), 'num': array([ 3.07438460e+07,  1.00646000e+05,  5.32000000e+02,  5.76000000e+04,
        5.90000000e+04,  5.64000000e+04,  1.89009000e+05, -1.00000000e+02,
        5.58800000e+04,  5.31400000e+04,  4.94950000e+04,  6.83453237e+01,
        5.75465406e+04,  4.87334594e+04])}
{'img': array([[[ 0.        , -0.07559477, -0.47571651, ...,  0.47571651,
          0.70331492,  0.73414014],
        [ 0.07559477,  0.        , -0.40786224, ...,  0.40786224,
          0.64756378,  0.68071079],
        [ 0.47571651,  0.40786224,  0.        , ...,  0.        ,
          0.28045826,  0.32273814],
        ...,
        [-0.47571651, -0.40786224, -0.        , ...,  0.        ,
         -0.28045826, -0.32273814],
        [-0.70331492, -0.64756378, -0.28045826, ...,  0.28045826,
          0.        , -0.04433498],
        [-0.73414014, -0.68071079, -0.32273814, ...,  0.32273814,
          0.04433498,  0.        ]],

       [[ 0.        , -0.29712104, -0.11819679, ...,  0.69887713,
          0.55268293,  0.47081287],
        [ 0.29712104,  0.        ,  0.18217927, ...,  0.45480235,
          0.77534185,  0.71168089],
        [ 0.11819679, -0.18217927,  0.        , ...,  0.60943886,
          0.64731294,  0.57178969],
        ...,
        [-0.69887713, -0.45480235, -0.60943886, ...,  0.        ,
         -0.97774024, -0.95331756],
        [-0.55268293, -0.77534185, -0.64731294, ...,  0.97774024,
          0.        , -0.09522367],
        [-0.47081287, -0.71168089, -0.57178969, ...,  0.95331756,
          0.09522367,  0.        ]],

       [[ 0.        , -0.0311201 , -0.21355831, ...,  0.97321734,
          0.86802678,  0.47936296],
        [ 0.0311201 ,  0.        , -0.1830527 , ...,  0.96559186,
          0.85215468,  0.45181925],
        [ 0.21355831,  0.1830527 ,  0.        , ...,  0.90167126,
          0.74196627,  0.28088186],
        ...,
        [-0.97321734, -0.96559186, -0.90167126, ...,  0.        ,
          0.2836713 ,  0.74391255],
        [-0.86802678, -0.85215468, -0.74196627, ..., -0.2836713 ,
          0.        ,  0.5237828 ],
        [-0.47936296, -0.45181925, -0.28088186, ..., -0.74391255,
         -0.5237828 ,  0.        ]],

       ...,

       [[ 0.        , -0.2998702 , -0.68910091, ...,  0.86071048,
          0.8141177 ,  0.93476843],
        [ 0.2998702 ,  0.        , -0.44008294, ...,  0.97376294,
          0.95078661,  0.99828157],
        [ 0.68910091,  0.44008294,  0.        , ...,  0.97454476,
          0.99012375,  0.92220269],
        ...,
        [-0.86071048, -0.97376294, -0.97454476, ...,  0.        ,
         -0.08535144,  0.17011172],
        [-0.8141177 , -0.95078661, -0.99012375, ...,  0.08535144,
          0.        ,  0.25359839],
        [-0.93476843, -0.99828157, -0.92220269, ..., -0.17011172,
         -0.25359839,  0.        ]],

       [[ 0.        ,  0.00830307,  0.06031373, ...,  0.96036388,
          0.86425372,  0.47730552],
        [-0.00830307,  0.        ,  0.05202369, ...,  0.96264526,
          0.86840084,  0.48458529],
        [-0.06031373, -0.05202369,  0.        , ...,  0.97542793,
          0.89302152,  0.5294365 ],
        ...,
        [-0.96036388, -0.96264526, -0.97542793, ...,  0.        ,
          0.24220679,  0.71085906],
        [-0.86425372, -0.86840084, -0.89302152, ..., -0.24220679,
          0.        ,  0.5193406 ],
        [-0.47730552, -0.48458529, -0.5294365 , ..., -0.71085906,
         -0.5193406 ,  0.        ]],

       [[ 0.        , -0.01427405, -0.14277005, ...,  0.95813668,
          0.93407948,  0.96527744],
        [ 0.01427405,  0.        , -0.12862768, ...,  0.95395224,
          0.92888755,  0.96145033],
        [ 0.14277005,  0.12862768,  0.        , ...,  0.90744475,
          0.87353245,  0.91809365],
        ...,
        [-0.95813668, -0.95395224, -0.90744475, ...,  0.        ,
          0.07467979, -0.02607872],
        [-0.93407948, -0.92888755, -0.87353245, ..., -0.07467979,
          0.        , -0.1006603 ],
        [-0.96527744, -0.96145033, -0.91809365, ...,  0.02607872,
          0.1006603 ,  0.        ]]]), 'num': array([ 3.03159700e+07,  6.71377000e+06,  4.17000000e+02,  5.66000000e+04,
        5.90000000e+04,  5.61000000e+04,  1.89778000e+05, -1.00000000e+03,
        5.66000000e+04,  5.33950000e+04,  4.97058333e+04,  7.03703704e+01,
        5.79790921e+04,  4.88109079e+04])}
{'img': array([[[ 0.        , -0.40786224, -0.21768385, ...,  0.64756378,
          0.68071079,  0.86347614],
        [ 0.40786224,  0.        ,  0.19932661, ...,  0.28045826,
          0.32273814,  0.58266975],
        [ 0.21768385, -0.19932661,  0.        , ...,  0.46615722,
          0.5049221 ,  0.73297192],
        ...,
        [-0.64756378, -0.28045826, -0.46615722, ...,  0.        ,
         -0.04433498, -0.33135404],
        [-0.68071079, -0.32273814, -0.5049221 , ...,  0.04433498,
          0.        , -0.28919789],
        [-0.86347614, -0.58266975, -0.73297192, ...,  0.33135404,
          0.28919789,  0.        ]],

       [[ 0.        ,  0.18217927,  0.22873401, ...,  0.77534185,
          0.71168089,  0.7141409 ],
        [-0.18217927,  0.        ,  0.04755672, ...,  0.64731294,
          0.57178969,  0.57466414],
        [-0.22873401, -0.04755672,  0.        , ...,  0.61033164,
          0.53212719,  0.53509402],
        ...,
        [-0.77534185, -0.64731294, -0.61033164, ...,  0.        ,
         -0.09522367, -0.09173102],
        [-0.71168089, -0.57178969, -0.53212719, ...,  0.09522367,
          0.        ,  0.00350801],
        [-0.7141409 , -0.57466414, -0.53509402, ...,  0.09173102,
         -0.00350801,  0.        ]],

       [[ 0.        , -0.17784313, -0.35222283, ...,  0.92372895,
          0.80047916,  0.43995196],
        [ 0.17784313,  0.        , -0.18016174, ...,  0.84088142,
          0.68112644,  0.27323171],
        [ 0.35222283,  0.18016174,  0.        , ...,  0.72961505,
          0.5380729 ,  0.09545454],
        ...,
        [-0.92372895, -0.84088142, -0.72961505, ...,  0.        ,
          0.24702579,  0.66100611],
        [-0.80047916, -0.68112644, -0.5380729 , ..., -0.24702579,
          0.        ,  0.45515747],
        [-0.43995196, -0.27323171, -0.09545454, ..., -0.66100611,
         -0.45515747,  0.        ]],

       ...,

       [[ 0.        , -0.44008294,  0.03616703, ...,  0.95078661,
          0.99828157,  0.99981084],
        [ 0.44008294,  0.        ,  0.47227146, ...,  0.99012375,
          0.92220269,  0.88922785],
        [-0.03616703, -0.47227146,  0.        , ...,  0.93895834,
          0.99550909,  0.99986015],
        ...,
        [-0.95078661, -0.99012375, -0.93895834, ...,  0.        ,
          0.25359839,  0.32828022],
        [-0.99828157, -0.92220269, -0.99550909, ..., -0.25359839,
          0.        ,  0.07800454],
        [-0.99981084, -0.88922785, -0.99986015, ..., -0.32828022,
         -0.07800454,  0.        ]],

       [[ 0.        ,  0.05089651,  0.06882242, ...,  0.92118372,
          0.78234768,  0.47541628],
        [-0.05089651,  0.        ,  0.01795739, ...,  0.93979506,
          0.81303419,  0.51957687],
        [-0.06882242, -0.01795739,  0.        , ...,  0.94578025,
          0.82335817,  0.53483631],
        ...,
        [-0.92118372, -0.93979506, -0.94578025, ...,  0.        ,
          0.26931854,  0.62542372],
        [-0.78234768, -0.81303419, -0.82335817, ..., -0.26931854,
          0.        ,  0.39216974],
        [-0.47541628, -0.51957687, -0.53483631, ..., -0.62542372,
         -0.39216974,  0.        ]],

       [[ 0.        , -0.12862768, -0.25334812, ...,  0.92888755,
          0.96145033,  0.94152074],
        [ 0.12862768,  0.        , -0.12681233, ...,  0.87353245,
          0.91809365,  0.89035774],
        [ 0.25334812,  0.12681233,  0.        , ...,  0.80475227,
          0.86041785,  0.82543686],
        ...,
        [-0.92888755, -0.87353245, -0.80475227, ...,  0.        ,
         -0.1006603 , -0.03571005],
        [-0.96145033, -0.91809365, -0.86041785, ...,  0.1006603 ,
          0.        ,  0.06506742],
        [-0.94152074, -0.89035774, -0.82543686, ...,  0.03571005,
         -0.06506742,  0.        ]]]), 'num': array([ 3.00244240e+07,  2.86442400e+06,  4.85000000e+02,  5.60000000e+04,
        5.75000000e+04,  5.40000000e+04,  2.76279000e+05, -6.00000000e+02,
        5.71800000e+04,  5.35300000e+04,  4.99108333e+04,  6.73758865e+01,
        5.82519064e+04,  4.88080936e+04])}
{'img': array([[[ 0.        ,  0.19932661,  0.40786224, ...,  0.32273814,
          0.58266975,  0.68083   ],
        [-0.19932661,  0.        ,  0.21768385, ...,  0.5049221 ,
          0.73297192,  0.81316294],
        [-0.40786224, -0.21768385,  0.        , ...,  0.68071079,
          0.86347614,  0.92036261],
        ...,
        [-0.32273814, -0.5049221 , -0.68071079, ...,  0.        ,
         -0.28919789, -0.40801083],
        [-0.58266975, -0.73297192, -0.86347614, ...,  0.28919789,
          0.        , -0.1265452 ],
        [-0.68083   , -0.81316294, -0.92036261, ...,  0.40801083,
          0.1265452 ,  0.        ]],

       [[ 0.        ,  0.04755672, -0.33030187, ...,  0.57178969,
          0.57466414,  0.83782418],
        [-0.04755672,  0.        , -0.37481576, ...,  0.53212719,
          0.53509402,  0.81091309],
        [ 0.33030187,  0.37481576,  0.        , ...,  0.81067792,
          0.81272685,  0.97112664],
        ...,
        [-0.57178969, -0.53212719, -0.81067792, ...,  0.        ,
          0.00350801,  0.37518821],
        [-0.57466414, -0.53509402, -0.81272685, ..., -0.00350801,
          0.        ,  0.37193415],
        [-0.83782418, -0.81091309, -0.97112664, ..., -0.37518821,
         -0.37193415,  0.        ]],

       [[ 0.        , -0.17631865, -0.13800287, ...,  0.78120883,
          0.63264841,  0.26750363],
        [ 0.17631865,  0.        ,  0.0387908 , ...,  0.65889934,
          0.48618873,  0.09341965],
        [ 0.13800287, -0.0387908 ,  0.        , ...,  0.68758307,
          0.51972029,  0.1319705 ],
        ...,
        [-0.78120883, -0.65889934, -0.68758307, ...,  0.        ,
          0.21005542,  0.58574469],
        [-0.63264841, -0.48618873, -0.51972029, ..., -0.21005542,
          0.        ,  0.40242742],
        [-0.26750363, -0.09341965, -0.1319705 , ..., -0.58574469,
         -0.40242742,  0.        ]],

       ...,

       [[ 0.        ,  0.47227146,  0.11816947, ...,  0.92220269,
          0.88922785,  0.93568613],
        [-0.47227146,  0.        , -0.36480162, ...,  0.99550909,
          0.99986015,  0.99139668],
        [-0.11816947,  0.36480162,  0.        , ...,  0.96143817,
          0.93705577,  0.97082433],
        ...,
        [-0.92220269, -0.99550909, -0.96143817, ...,  0.        ,
          0.07800454, -0.03645225],
        [-0.88922785, -0.99986015, -0.93705577, ..., -0.07800454,
          0.        , -0.11429388],
        [-0.93568613, -0.99139668, -0.97082433, ...,  0.03645225,
          0.11429388,  0.        ]],

       [[ 0.        ,  0.01771708,  0.00129245, ...,  0.86729102,
          0.75434574,  0.51363187],
        [-0.01771708,  0.        , -0.01642481, ...,  0.87597448,
          0.7658582 ,  0.52875269],
        [-0.00129245,  0.01642481,  0.        , ...,  0.86793368,
          0.75519358,  0.51474038],
        ...,
        [-0.86729102, -0.87597448, -0.86793368, ...,  0.        ,
          0.1938425 ,  0.48845826],
        [-0.75434574, -0.7658582 , -0.75519358, ..., -0.1938425 ,
          0.        ,  0.31004901],
        [-0.51363187, -0.52875269, -0.51474038, ..., -0.48845826,
         -0.31004901,  0.        ]],

       [[ 0.        , -0.12681233, -0.21372705, ...,  0.91809365,
          0.89035774,  0.8915367 ],
        [ 0.12681233,  0.        , -0.08811945, ...,  0.86041785,
          0.82543686,  0.82689963],
        [ 0.21372705,  0.08811945,  0.        , ...,  0.81216604,
          0.77248291,  0.77412899],
        ...,
        [-0.91809365, -0.86041785, -0.81216604, ...,  0.        ,
          0.06506742,  0.06247648],
        [-0.89035774, -0.82543686, -0.77248291, ..., -0.06506742,
          0.        , -0.00259622],
        [-0.8915367 , -0.82689963, -0.77412899, ..., -0.06247648,
          0.00259622,  0.        ]]]), 'num': array([3.16083180e+07, 1.40821800e+06, 5.11000000e+02, 5.91000000e+04,
       5.99000000e+04, 5.41000000e+04, 3.86180000e+05, 3.10000000e+03,
       5.74000000e+04, 5.38000000e+04, 5.01783333e+04, 7.50000000e+01,
       5.91107438e+04, 4.84892562e+04])}
{'img': array([[[ 0.        ,  0.34904244,  0.33166785, ...,  0.72804006,
          0.79235299,  0.        ],
        [-0.34904244,  0.        , -0.01847709, ...,  0.92153204,
          0.95545731,  0.34904244],
        [-0.33166785,  0.01847709,  0.        , ...,  0.91420002,
          0.94984107,  0.33166785],
        ...,
        [-0.72804006, -0.92153204, -0.91420002, ...,  0.        ,
         -0.09903516,  0.72804006],
        [-0.79235299, -0.95545731, -0.94984107, ...,  0.09903516,
          0.        ,  0.79235299],
        [-0.        , -0.34904244, -0.33166785, ..., -0.72804006,
         -0.79235299,  0.        ]],

       [[ 0.        , -0.37481576, -0.16180101, ...,  0.53509402,
          0.81091309,  0.99357721],
        [ 0.37481576,  0.        ,  0.21987136, ...,  0.81272685,
          0.97112664,  0.96355748],
        [ 0.16180101, -0.21987136,  0.        , ...,  0.66473158,
          0.89490857,  0.99879403],
        ...,
        [-0.53509402, -0.81272685, -0.66473158, ...,  0.        ,
          0.37193415,  0.77881738],
        [-0.81091309, -0.97112664, -0.89490857, ..., -0.37193415,
          0.        ,  0.48964836],
        [-0.99357721, -0.96355748, -0.99879403, ..., -0.77881738,
         -0.48964836,  0.        ]],

       [[ 0.        ,  0.03848266, -0.09268115, ...,  0.54520934,
          0.33794465,  0.09268115],
        [-0.03848266,  0.        , -0.13092952, ...,  0.5770655 ,
          0.37391289,  0.13092952],
        [ 0.09268115,  0.13092952,  0.        , ...,  0.46516807,
          0.24926174,  0.        ],
        ...,
        [-0.54520934, -0.5770655 , -0.46516807, ...,  0.        ,
          0.22983351,  0.46516807],
        [-0.33794465, -0.37391289, -0.24926174, ..., -0.22983351,
          0.        ,  0.24926174],
        [-0.09268115, -0.13092952, -0.        , ..., -0.46516807,
         -0.24926174,  0.        ]],

       ...,

       [[ 0.        , -0.36652747, -0.47177228, ...,  0.99986806,
          0.99145782,  0.9844831 ],
        [ 0.36652747,  0.        , -0.11576558, ...,  0.93623829,
          0.97026486,  0.85165216],
        [ 0.47177228,  0.11576558,  0.        , ...,  0.8892675 ,
          0.93572079,  0.78525253],
        ...,
        [-0.99986806, -0.93623829, -0.8892675 , ...,  0.        ,
         -0.11430539,  0.19144807],
        [-0.99145782, -0.97026486, -0.93572079, ...,  0.11430539,
          0.        ,  0.30238431],
        [-0.9844831 , -0.85165216, -0.78525253, ..., -0.19144807,
         -0.30238431,  0.        ]],

       [[ 0.        , -0.01577771, -0.07756841, ...,  0.91772768,
          0.88169423,  0.51086386],
        [ 0.01577771,  0.        , -0.06182859, ...,  0.91134638,
          0.87414023,  0.49723678],
        [ 0.07756841,  0.06182859,  0.        , ...,  0.88415164,
          0.84243929,  0.44264206],
        ...,
        [-0.91772768, -0.91134638, -0.88415164, ...,  0.        ,
          0.08278552,  0.58601496],
        [-0.88169423, -0.87414023, -0.84243929, ..., -0.08278552,
          0.        ,  0.51692228],
        [-0.51086386, -0.49723678, -0.44264206, ..., -0.58601496,
         -0.51692228,  0.        ]],

       [[ 0.        , -0.08811945, -0.16226818, ...,  0.82543686,
          0.82689963,  0.92958227],
        [ 0.08811945,  0.        , -0.07468537, ...,  0.77248291,
          0.77412899,  0.89348399],
        [ 0.16226818,  0.07468537,  0.        , ...,  0.72289761,
          0.72468904,  0.85744779],
        ...,
        [-0.82543686, -0.77248291, -0.72289761, ...,  0.        ,
         -0.00259622, -0.22047586],
        [-0.82689963, -0.77412899, -0.72468904, ...,  0.00259622,
          0.        , -0.21794278],
        [-0.92958227, -0.89348399, -0.85744779, ...,  0.22047586,
          0.21794278,  0.        ]]]), 'num': array([ 2.78122430e+07,  8.76243000e+05,  5.20000000e+02,  5.18000000e+04,
        5.87000000e+04,  5.18000000e+04,  5.66667000e+05, -7.30000000e+03,
        5.62200000e+04,  5.37050000e+04,  5.03216667e+04,  5.02164502e+01,
        5.90869978e+04,  4.83230022e+04])}
{'img': array([[[ 0.        , -0.11359177,  0.04722263, ...,  0.86379299,
          0.11359177,  0.99827216],
        [ 0.11359177,  0.        ,  0.16038203, ...,  0.80096924,
          0.        ,  0.99848546],
        [-0.04722263, -0.16038203,  0.        , ...,  0.88662231,
          0.16038203,  0.99438369],
        ...,
        [-0.86379299, -0.80096924, -0.88662231, ...,  0.        ,
          0.80096924, -0.55373247],
        [-0.11359177, -0.        , -0.16038203, ..., -0.80096924,
          0.        , -0.99848546],
        [-0.99827216, -0.99848546, -0.99438369, ...,  0.55373247,
          0.99848546,  0.        ]],

       [[ 0.        ,  0.20274802,  0.08493624, ...,  0.93093416,
          0.99915976,  0.29016518],
        [-0.20274802,  0.        , -0.11884317, ...,  0.83755858,
          0.9867178 ,  0.47816382],
        [-0.08493624,  0.11884317,  0.        , ...,  0.89655251,
          0.9990303 ,  0.37039862],
        ...,
        [-0.93093416, -0.83755858, -0.89655251, ...,  0.        ,
          0.40303463,  0.99684675],
        [-0.99915976, -0.9867178 , -0.9990303 , ..., -0.40303463,
          0.        ,  0.94428005],
        [-0.29016518, -0.47816382, -0.37039862, ..., -0.99684675,
         -0.94428005,  0.        ]],

       [[ 0.        , -0.13092952, -0.07765469, ...,  0.37391289,
          0.13092952,  0.66068698],
        [ 0.13092952,  0.        ,  0.05354794, ...,  0.24926174,
          0.        ,  0.55671582],
        [ 0.07765469, -0.05354794,  0.        , ...,  0.30076188,
          0.05354794,  0.60039952],
        ...,
        [-0.37391289, -0.24926174, -0.30076188, ...,  0.        ,
          0.24926174, -0.33208125],
        [-0.13092952, -0.        , -0.05354794, ..., -0.24926174,
          0.        , -0.55671582],
        [-0.66068698, -0.55671582, -0.60039952, ...,  0.33208125,
          0.55671582,  0.        ]],

       ...,

       [[ 0.        , -0.11576558, -0.11576558, ...,  0.97026486,
          0.85165216,  0.93393719],
        [ 0.11576558,  0.        ,  0.        , ...,  0.93572079,
          0.78525253,  0.96903684],
        [ 0.11576558,  0.        ,  0.        , ...,  0.93572079,
          0.78525253,  0.96903684],
        ...,
        [-0.97026486, -0.93572079, -0.93572079, ...,  0.        ,
          0.30238431, -0.57286415],
        [-0.85165216, -0.78525253, -0.78525253, ..., -0.30238431,
          0.        , -0.79389554],
        [-0.93393719, -0.96903684, -0.96903684, ...,  0.57286415,
          0.79389554,  0.        ]],

       [[ 0.        , -0.06182859, -0.10167073, ...,  0.87414023,
          0.49723678,  0.57259357],
        [ 0.06182859,  0.        , -0.03996802, ...,  0.84243929,
          0.44264206,  0.52080857],
        [ 0.10167073,  0.03996802,  0.        , ...,  0.82023173,
          0.40644911,  0.48627278],
        ...,
        [-0.87414023, -0.84243929, -0.82023173, ...,  0.        ,
          0.51692228,  0.43856098],
        [-0.49723678, -0.44264206, -0.40644911, ..., -0.51692228,
          0.        , -0.08913641],
        [-0.57259357, -0.52080857, -0.48627278, ..., -0.43856098,
          0.08913641,  0.        ]],

       [[ 0.        , -0.07468537, -0.15551888, ...,  0.77412899,
          0.89348399,  0.92877037],
        [ 0.07468537,  0.        , -0.08130787, ...,  0.72468904,
          0.85744779,  0.8984939 ],
        [ 0.15551888,  0.08130787,  0.        , ...,  0.66626231,
          0.81277014,  0.859826  ],
        ...,
        [-0.77412899, -0.72468904, -0.66626231, ...,  0.        ,
         -0.21794278, -0.30100227],
        [-0.89348399, -0.85744779, -0.81277014, ...,  0.21794278,
          0.        , -0.0859313 ],
        [-0.92877037, -0.8984939 , -0.859826  , ...,  0.30100227,
          0.0859313 ,  0.        ]]]), 'num': array([2.84374360e+07, 8.24436000e+05, 5.21000000e+02, 5.30000000e+04,
       5.31000000e+04, 5.06000000e+04, 3.09156000e+05, 1.20000000e+03,
       5.53000000e+04, 5.36450000e+04, 5.04766667e+04, 5.37815126e+01,
       5.90303412e+04, 4.82596588e+04])}
{'img': array([[[ 0.        ,  0.16038203,  0.73655707, ...,  0.        ,
          0.99848546,  0.97762486],
        [-0.16038203,  0.        ,  0.61854389, ...,  0.16038203,
          0.99438369,  0.99870684],
        [-0.73655707, -0.61854389,  0.        , ...,  0.73655707,
          0.71587357,  0.8161806 ],
        ...,
        [-0.        , -0.16038203, -0.73655707, ...,  0.        ,
         -0.99848546, -0.97762486],
        [-0.99848546, -0.99438369, -0.71587357, ...,  0.99848546,
          0.        ,  0.15625221],
        [-0.97762486, -0.99870684, -0.8161806 , ...,  0.97762486,
         -0.15625221,  0.        ]],

       [[ 0.        , -0.11884317,  0.75201209, ...,  0.9867178 ,
          0.47816382,  0.89795356],
        [ 0.11884317,  0.        ,  0.825018  , ...,  0.9990303 ,
          0.37039862,  0.94389152],
        [-0.75201209, -0.825018  ,  0.        , ...,  0.52823465,
          0.97565151,  0.26093232],
        ...,
        [-0.9867178 , -0.9990303 , -0.52823465, ...,  0.        ,
          0.94428005, -0.28837785],
        [-0.47816382, -0.37039862, -0.97565151, ..., -0.94428005,
          0.        , -0.99908149],
        [-0.89795356, -0.94389152, -0.26093232, ...,  0.28837785,
          0.99908149,  0.        ]],

       [[ 0.        ,  0.05354794,  0.41545742, ...,  0.        ,
          0.55671582,  0.71540623],
        [-0.05354794,  0.        ,  0.36615348, ...,  0.05354794,
          0.60039952,  0.75179424],
        [-0.41545742, -0.36615348,  0.        , ...,  0.41545742,
          0.85151747,  0.94102628],
        ...,
        [-0.        , -0.05354794, -0.41545742, ...,  0.        ,
         -0.55671582, -0.71540623],
        [-0.55671582, -0.60039952, -0.85151747, ...,  0.55671582,
          0.        , -0.2053079 ],
        [-0.71540623, -0.75179424, -0.94102628, ...,  0.71540623,
          0.2053079 ,  0.        ]],

       ...,

       [[ 0.        ,  0.        ,  0.92185947, ...,  0.78525253,
          0.96903684,  0.9924894 ],
        [ 0.        ,  0.        ,  0.92185947, ...,  0.78525253,
          0.96903684,  0.9924894 ],
        [-0.92185947, -0.92185947,  0.        , ...,  0.87509738,
          0.14790335,  0.27184212],
        ...,
        [-0.78525253, -0.78525253, -0.87509738, ...,  0.        ,
         -0.79389554, -0.7105857 ],
        [-0.96903684, -0.96903684, -0.14790335, ...,  0.79389554,
          0.        ,  0.12651877],
        [-0.9924894 , -0.9924894 , -0.27184212, ...,  0.7105857 ,
         -0.12651877,  0.        ]],

       [[ 0.        , -0.03996802, -0.06250934, ...,  0.44264206,
          0.52080857,  0.5834015 ],
        [ 0.03996802,  0.        , -0.02256954, ...,  0.40644911,
          0.48627278,  0.55047396],
        [ 0.06250934,  0.02256954,  0.        , ...,  0.38572439,
          0.46642749,  0.53149151],
        ...,
        [-0.44264206, -0.40644911, -0.38572439, ...,  0.        ,
         -0.08913641, -0.16362843],
        [-0.52080857, -0.48627278, -0.46642749, ...,  0.08913641,
          0.        , -0.07504207],
        [-0.5834015 , -0.55047396, -0.53149151, ...,  0.16362843,
          0.07504207,  0.        ]],

       [[ 0.        , -0.08130787, -0.0688781 , ...,  0.85744779,
          0.8984939 ,  0.91130378],
        [ 0.08130787,  0.        ,  0.01246472, ...,  0.81277014,
          0.859826  ,  0.87480922],
        [ 0.0688781 , -0.01246472,  0.        , ...,  0.81996875,
          0.86612353,  0.88078001],
        ...,
        [-0.85744779, -0.81277014, -0.81996875, ...,  0.        ,
         -0.0859313 , -0.11588951],
        [-0.8984939 , -0.859826  , -0.86612353, ...,  0.0859313 ,
          0.        , -0.03010853],
        [-0.91130378, -0.87480922, -0.88078001, ...,  0.11588951,
          0.03010853,  0.        ]]]), 'num': array([2.85433690e+07, 3.47369000e+05, 5.30000000e+02, 5.32000000e+04,
       5.51000000e+04, 5.27000000e+04, 1.90384000e+05, 2.00000000e+02,
       5.46200000e+04, 5.36800000e+04, 5.06358333e+04, 5.55555556e+01,
       5.90441775e+04, 4.83158225e+04])}
{'img': array([[[ 0.        ,  0.72637706,  0.70737307, ...,  0.99880564,
          0.9787176 ,  0.97288952],
        [-0.72637706,  0.        , -0.02725767, ...,  0.72196627,
          0.82173019,  0.83665297],
        [-0.70737307,  0.02725767,  0.        , ...,  0.74055837,
          0.83695838,  0.85127203],
        ...,
        [-0.99880564, -0.72196627, -0.74055837, ...,  0.        ,
          0.15714655,  0.18345882],
        [-0.9787176 , -0.82173019, -0.83695838, ..., -0.15714655,
          0.        ,  0.02670003],
        [-0.97288952, -0.83665297, -0.85127203, ..., -0.18345882,
         -0.02670003,  0.        ]],

       [[ 0.        ,  0.825018  ,  0.44364777, ...,  0.37039862,
          0.94389152,  0.70423902],
        [-0.825018  ,  0.        , -0.48867394, ...,  0.97565151,
          0.26093232, -0.18776221],
        [-0.44364777,  0.48867394,  0.        , ...,  0.74404409,
          0.69939956,  0.3161664 ],
        ...,
        [-0.37039862, -0.97565151, -0.74404409, ...,  0.        ,
         -0.99908149, -0.91711784],
        [-0.94389152, -0.26093232, -0.69939956, ...,  0.99908149,
          0.        , -0.43754909],
        [-0.70423902,  0.18776221, -0.3161664 , ...,  0.91711784,
          0.43754909,  0.        ]],

       [[ 0.        ,  0.41244282,  0.55689712, ...,  0.55689712,
          0.71561741,  0.79935319],
        [-0.41244282,  0.        ,  0.16475671, ...,  0.84989146,
          0.94000385,  0.97601855],
        [-0.55689712, -0.16475671,  0.        , ...,  0.92509687,
          0.98336701,  0.99854597],
        ...,
        [-0.55689712, -0.84989146, -0.92509687, ...,  0.        ,
         -0.20539012, -0.32930994],
        [-0.71561741, -0.94000385, -0.98336701, ...,  0.20539012,
          0.        , -0.12835526],
        [-0.79935319, -0.97601855, -0.99854597, ...,  0.32930994,
          0.12835526,  0.        ]],

       ...,

       [[ 0.        ,  0.92185947,  0.99523199, ...,  0.96903684,
          0.9924894 ,  0.99817821],
        [-0.92185947,  0.        ,  0.29576203, ...,  0.14790335,
          0.27184212,  0.33119839],
        [-0.99523199, -0.29576203,  0.        , ..., -0.15122278,
         -0.02494382,  0.03731157],
        ...,
        [-0.96903684, -0.14790335,  0.15122278, ...,  0.        ,
          0.12651877,  0.18799996],
        [-0.9924894 , -0.27184212,  0.02494382, ..., -0.12651877,
          0.        ,  0.06222641],
        [-0.99817821, -0.33119839, -0.03731157, ..., -0.18799996,
         -0.06222641,  0.        ]],

       [[ 0.        , -0.02256954, -0.06063319, ...,  0.48627278,
          0.55047396,  0.53802542],
        [ 0.02256954,  0.        , -0.03808973, ...,  0.46642749,
          0.53149151,  0.51886386],
        [ 0.06063319,  0.03808973,  0.        , ...,  0.43239638,
          0.49884139,  0.48592606],
        ...,
        [-0.48627278, -0.46642749, -0.43239638, ...,  0.        ,
         -0.07504207, -0.06023717],
        [-0.55047396, -0.53149151, -0.49884139, ...,  0.07504207,
          0.        ,  0.01483848],
        [-0.53802542, -0.51886386, -0.48592606, ...,  0.06023717,
         -0.01483848,  0.        ]],

       [[ 0.        ,  0.01246472,  0.0312904 , ...,  0.859826  ,
          0.87480922,  0.86159598],
        [-0.01246472,  0.        ,  0.01882935, ...,  0.86612353,
          0.88078001,  0.86785607],
        [-0.0312904 , -0.01882935,  0.        , ...,  0.87538145,
          0.88954004,  0.87705693],
        ...,
        [-0.859826  , -0.86612353, -0.87538145, ...,  0.        ,
         -0.03010853, -0.00347673],
        [-0.87480922, -0.88078001, -0.88954004, ...,  0.03010853,
          0.        ,  0.02663319],
        [-0.86159598, -0.86785607, -0.87705693, ...,  0.00347673,
         -0.02663319,  0.        ]]]), 'num': array([ 2.79603690e+07,  3.47369000e+05,  5.30000000e+02,  5.21000000e+04,
        5.41000000e+04,  5.19000000e+04,  8.88550000e+04, -1.10000000e+03,
        5.38400000e+04,  5.37300000e+04,  5.07750000e+04,  4.77272727e+01,
        5.90151112e+04,  4.84448888e+04])}
{'img': array([[[ 0.        , -0.06395681, -0.08811285, ...,  0.95680973,
          0.96507715,  0.90940354],
        [ 0.06395681,  0.        , -0.0242244 , ...,  0.97344402,
          0.97985581,  0.93414228],
        [ 0.08811285,  0.0242244 ,  0.        , ...,  0.97870394,
          0.98440603,  0.94251386],
        ...,
        [-0.95680973, -0.97344402, -0.97870394, ...,  0.        ,
          0.02991081, -0.13357428],
        [-0.96507715, -0.97985581, -0.98440603, ..., -0.02991081,
          0.        , -0.16315729],
        [-0.90940354, -0.93414228, -0.94251386, ...,  0.13357428,
          0.16315729,  0.        ]],

       [[ 0.        , -0.48867394, -0.76579536, ...,  0.26093232,
         -0.18776221, -0.61875915],
        [ 0.48867394,  0.        , -0.35387223, ...,  0.69939956,
          0.3161664 , -0.15595379],
        [ 0.76579536,  0.35387223,  0.        , ...,  0.90706747,
          0.63142838,  0.20367977],
        ...,
        [-0.26093232, -0.69939956, -0.90706747, ...,  0.        ,
         -0.43754909, -0.80230694],
        [ 0.18776221, -0.3161664 , -0.63142838, ...,  0.43754909,
          0.        , -0.46025184],
        [ 0.61875915,  0.15595379, -0.20367977, ...,  0.80230694,
          0.46025184,  0.        ]],

       [[ 0.        ,  0.40151433,  0.52962098, ...,  0.72906188,
          0.81299622,  0.88527713],
        [-0.40151433,  0.        ,  0.14447656, ...,  0.94252892,
          0.97837415,  0.99751329],
        [-0.52962098, -0.14447656,  0.        , ...,  0.98091329,
          0.99799323,  0.99723011],
        ...,
        [-0.72906188, -0.94252892, -0.98091329, ...,  0.        ,
         -0.13194334, -0.26686564],
        [-0.81299622, -0.97837415, -0.99799323, ...,  0.13194334,
          0.        , -0.13737425],
        [-0.88527713, -0.99751329, -0.99723011, ...,  0.26686564,
          0.13737425,  0.        ]],

       ...,

       [[ 0.        ,  0.47039799,  0.66562649, ...,  0.43848984,
          0.51619758,  0.10814779],
        [-0.47039799,  0.        ,  0.23633403, ..., -0.03581639,
          0.05263927, -0.37220353],
        [-0.66562649, -0.23633403,  0.        , ..., -0.27098418,
         -0.18485827, -0.5810134 ],
        ...,
        [-0.43848984,  0.03581639,  0.27098418, ...,  0.        ,
          0.08837224, -0.3387217 ],
        [-0.51619758, -0.05263927,  0.18485827, ..., -0.08837224,
          0.        , -0.42054471],
        [-0.10814779,  0.37220353,  0.5810134 , ...,  0.3387217 ,
          0.42054471,  0.        ]],

       [[ 0.        , -0.03808973, -0.04125757, ...,  0.53149151,
          0.51886386,  0.54407939],
        [ 0.03808973,  0.        , -0.00317033, ...,  0.49884139,
          0.48592606,  0.51172599],
        [ 0.04125757,  0.00317033,  0.        , ...,  0.49609118,
          0.48315275,  0.50899963],
        ...,
        [-0.53149151, -0.49884139, -0.49609118, ...,  0.        ,
          0.01483848, -0.01493055],
        [-0.51886386, -0.48592606, -0.48315275, ..., -0.01483848,
          0.        , -0.02976573],
        [-0.54407939, -0.51172599, -0.50899963, ...,  0.01493055,
          0.02976573,  0.        ]],

       [[ 0.        ,  0.01882935,  0.01985716, ...,  0.88078001,
          0.86785607,  0.83353696],
        [-0.01882935,  0.        ,  0.00102801, ...,  0.88954004,
          0.87705693,  0.84379171],
        [-0.01985716, -0.00102801,  0.        , ...,  0.89000922,
          0.8775503 ,  0.84434297],
        ...,
        [-0.88078001, -0.88954004, -0.89000922, ...,  0.        ,
          0.02663319,  0.09189782],
        [-0.86785607, -0.87705693, -0.8775503 , ..., -0.02663319,
          0.        ,  0.06534473],
        [-0.83353696, -0.84379171, -0.84434297, ..., -0.09189782,
         -0.06534473,  0.        ]]]), 'num': array([ 2.71653690e+07,  3.47369000e+05,  5.30000000e+02,  5.06000000e+04,
        5.20000000e+04,  4.99000000e+04,  1.81120000e+05, -1.50000000e+03,
        5.21400000e+04,  5.37050000e+04,  5.08491667e+04,  4.68750000e+01,
        5.90440917e+04,  4.83659083e+04])}
{'img': array([[[ 0.00000000e+00, -2.42243988e-02, -1.12203164e-01, ...,
          9.79855813e-01,  9.34142283e-01,  8.30300406e-01],
        [ 2.42243988e-02,  0.00000000e+00, -8.80988089e-02, ...,
          9.84406034e-01,  9.42513863e-01,  8.43557399e-01],
        [ 1.12203164e-01,  8.80988089e-02,  0.00000000e+00, ...,
          9.96075978e-01,  9.68288844e-01,  8.87589928e-01],
        ...,
        [-9.79855813e-01, -9.84406034e-01, -9.96075978e-01, ...,
          0.00000000e+00, -1.63157291e-01, -3.80273240e-01],
        [-9.34142283e-01, -9.42513863e-01, -9.68288844e-01, ...,
          1.63157291e-01,  0.00000000e+00, -2.24277638e-01],
        [-8.30300406e-01, -8.43557399e-01, -8.87589928e-01, ...,
          3.80273240e-01,  2.24277638e-01,  0.00000000e+00]],

       [[ 0.00000000e+00, -3.53872232e-01, -2.44960627e-01, ...,
          3.16166396e-01, -1.55953787e-01,  2.80024662e-01],
        [ 3.53872232e-01,  0.00000000e+00,  1.13980667e-01, ...,
          6.31428376e-01,  2.03679770e-01,  6.01620120e-01],
        [ 2.44960627e-01, -1.13980667e-01,  0.00000000e+00, ...,
          5.38928829e-01,  9.07610278e-02,  5.06653598e-01],
        ...,
        [-3.16166396e-01, -6.31428376e-01, -5.38928829e-01, ...,
          0.00000000e+00, -4.60251839e-01, -3.78570185e-02],
        [ 1.55953787e-01, -2.03679770e-01, -9.07610278e-02, ...,
          4.60251839e-01,  0.00000000e+00,  4.26312893e-01],
        [-2.80024662e-01, -6.01620120e-01, -5.06653598e-01, ...,
          3.78570185e-02, -4.26312893e-01,  0.00000000e+00]],

       [[ 0.00000000e+00,  3.69044403e-01,  5.06974956e-01, ...,
          8.25828350e-01,  8.97227478e-01,  9.84585854e-01],
        [-3.69044403e-01,  0.00000000e+00,  1.53086685e-01, ...,
          9.75646683e-01,  9.96852204e-01,  9.79632266e-01],
        [-5.06974956e-01, -1.53086685e-01,  0.00000000e+00, ...,
          9.97725765e-01,  9.97239136e-01,  9.37345309e-01],
        ...,
        [-8.25828350e-01, -9.75646683e-01, -9.97725765e-01, ...,
          0.00000000e+00, -1.41306036e-01, -4.10790202e-01],
        [-8.97227478e-01, -9.96852204e-01, -9.97239136e-01, ...,
          1.41306036e-01,  0.00000000e+00, -2.77835379e-01],
        [-9.84585854e-01, -9.79632266e-01, -9.37345309e-01, ...,
          4.10790202e-01,  2.77835379e-01,  0.00000000e+00]],

       ...,

       [[ 0.00000000e+00,  2.36334032e-01,  3.06928868e-01, ...,
          5.26392749e-02, -3.72203533e-01, -4.25783344e-01],
        [-2.36334032e-01,  0.00000000e+00,  7.33073785e-02, ...,
         -1.84858274e-01, -5.81013403e-01, -6.27562673e-01],
        [-3.06928868e-01, -7.33073785e-02,  0.00000000e+00, ...,
         -2.56404833e-01, -6.39114560e-01, -6.82948786e-01],
        ...,
        [-5.26392749e-02,  1.84858274e-01,  2.56404833e-01, ...,
          0.00000000e+00, -4.20544710e-01, -4.72822375e-01],
        [ 3.72203533e-01,  5.81013403e-01,  6.39114560e-01, ...,
          4.20544710e-01,  0.00000000e+00, -5.84121788e-02],
        [ 4.25783344e-01,  6.27562673e-01,  6.82948786e-01, ...,
          4.72822375e-01,  5.84121788e-02,  0.00000000e+00]],

       [[ 0.00000000e+00, -3.17033193e-03, -9.77237485e-02, ...,
          4.85926058e-01,  5.11725991e-01,  4.86010404e-01],
        [ 3.17033193e-03,  0.00000000e+00, -9.45681000e-02, ...,
          4.83152746e-01,  5.08999633e-01,  4.83237240e-01],
        [ 9.77237485e-02,  9.45681000e-02,  0.00000000e+00, ...,
          3.98189663e-01,  4.25317423e-01,  3.98278188e-01],
        ...,
        [-4.85926058e-01, -4.83152746e-01, -3.98189663e-01, ...,
          0.00000000e+00, -2.97657299e-02, -9.65083497e-05],
        [-5.11725991e-01, -5.08999633e-01, -4.25317423e-01, ...,
          2.97657299e-02,  0.00000000e+00,  2.96692642e-02],
        [-4.86010404e-01, -4.83237240e-01, -3.98278188e-01, ...,
          9.65083497e-05, -2.96692642e-02,  0.00000000e+00]],

       [[ 0.00000000e+00,  1.02800653e-03,  4.16796912e-02, ...,
          8.77056927e-01,  8.43791713e-01,  8.64964084e-01],
        [-1.02800653e-03,  0.00000000e+00,  4.06525559e-02, ...,
          8.77550304e-01,  8.44342968e-01,  8.65479515e-01],
        [-4.16796912e-02, -4.06525559e-02,  0.00000000e+00, ...,
          8.96317145e-01,  8.65426752e-01,  8.85128728e-01],
        ...,
        [-8.77056927e-01, -8.77550304e-01, -8.96317145e-01, ...,
          0.00000000e+00,  6.53447293e-02,  2.46197537e-02],
        [-8.43791713e-01, -8.44342968e-01, -8.65426752e-01, ...,
         -6.53447293e-02,  0.00000000e+00, -4.07577874e-02],
        [-8.64964084e-01, -8.65479515e-01, -8.85128728e-01, ...,
         -2.46197537e-02,  4.07577874e-02,  0.00000000e+00]]]), 'num': array([ 2.70585410e+07,  1.44941000e+05,  5.34000000e+02,  5.04000000e+04,
        5.10000000e+04,  4.89500000e+04,  1.37048000e+05, -2.00000000e+02,
        5.18600000e+04,  5.36900000e+04,  5.09225000e+04,  4.39814815e+01,
        5.90643465e+04,  4.83156535e+04])}
{'img': array([[[ 0.        , -0.08809881, -0.29534608, ...,  0.94251386,
          0.8435574 ,  0.82652383],
        [ 0.08809881,  0.        , -0.21002895, ...,  0.96828884,
          0.88758993,  0.87290106],
        [ 0.29534608,  0.21002895,  0.        , ...,  0.99916356,
          0.96453896,  0.9559037 ],
        ...,
        [-0.94251386, -0.96828884, -0.99916356, ...,  0.        ,
         -0.22427764, -0.25434565],
        [-0.8435574 , -0.88758993, -0.96453896, ...,  0.22427764,
          0.        , -0.03096437],
        [-0.82652383, -0.87290106, -0.9559037 , ...,  0.25434565,
          0.03096437,  0.        ]],

       [[ 0.        ,  0.11398067,  0.17334156, ...,  0.20367977,
          0.60162012,  0.43839917],
        [-0.11398067,  0.        ,  0.05995668, ...,  0.09076103,
          0.5066536 ,  0.33309852],
        [-0.17334156, -0.05995668,  0.        , ...,  0.03088852,
          0.45405048,  0.27596659],
        ...,
        [-0.20367977, -0.09076103, -0.03088852, ...,  0.        ,
          0.42631289,  0.24614587],
        [-0.60162012, -0.5066536 , -0.45405048, ..., -0.42631289,
          0.        , -0.19053884],
        [-0.43839917, -0.33309852, -0.27596659, ..., -0.24614587,
          0.19053884,  0.        ]],

       [[ 0.        ,  0.36735374,  0.49605223, ...,  0.90699648,
          0.98947331,  0.99506881],
        [-0.36735374,  0.        ,  0.14239834, ...,  0.99828716,
          0.97345239,  0.96193161],
        [-0.49605223, -0.14239834,  0.        , ...,  0.99644495,
          0.93093886,  0.9132129 ],
        ...,
        [-0.90699648, -0.99828716, -0.99644495, ...,  0.        ,
         -0.28544862, -0.32909925],
        [-0.98947331, -0.97345239, -0.93093886, ...,  0.28544862,
          0.        , -0.04585895],
        [-0.99506881, -0.96193161, -0.9132129 , ...,  0.32909925,
          0.04585895,  0.        ]],

       ...,

       [[ 0.        ,  0.07330738, -0.270672  , ..., -0.5810134 ,
         -0.62756267, -0.7964949 ],
        [-0.07330738,  0.        , -0.34051467, ..., -0.63911456,
         -0.68294879, -0.8386768 ],
        [ 0.270672  ,  0.34051467,  0.        , ..., -0.3390268 ,
         -0.39340075, -0.6031025 ],
        ...,
        [ 0.5810134 ,  0.63911456,  0.3390268 , ...,  0.        ,
         -0.05841218, -0.29695541],
        [ 0.62756267,  0.68294879,  0.39340075, ...,  0.05841218,
          0.        , -0.24067109],
        [ 0.7964949 ,  0.8386768 ,  0.6031025 , ...,  0.29695541,
          0.24067109,  0.        ]],

       [[ 0.        , -0.0945681 , -0.34733115, ...,  0.50899963,
          0.48323724,  0.46135803],
        [ 0.0945681 ,  0.        , -0.25709402, ...,  0.42531742,
          0.39827819,  0.37538826],
        [ 0.34733115,  0.25709402,  0.        , ...,  0.17833951,
          0.14906736,  0.12447798],
        ...,
        [-0.50899963, -0.42531742, -0.17833951, ...,  0.        ,
          0.02966926,  0.05446998],
        [-0.48323724, -0.39827819, -0.14906736, ..., -0.02966926,
          0.        ,  0.02482078],
        [-0.46135803, -0.37538826, -0.12447798, ..., -0.05446998,
         -0.02482078,  0.        ]],

       [[ 0.        ,  0.04065256,  0.08641616, ...,  0.84434297,
          0.86547952,  0.87758944],
        [-0.04065256,  0.        ,  0.04584424, ...,  0.86542675,
          0.88512873,  0.89635334],
        [-0.08641616, -0.04584424,  0.        , ...,  0.88748643,
          0.90553155,  0.91573552],
        ...,
        [-0.84434297, -0.86542675, -0.88748643, ...,  0.        ,
         -0.04075779, -0.06542619],
        [-0.86547952, -0.88512873, -0.90553155, ...,  0.04075779,
          0.        , -0.02470136],
        [-0.87758944, -0.89635334, -0.91573552, ...,  0.06542619,
          0.02470136,  0.        ]]]), 'num': array([2.71655340e+07, 9.45340000e+04, 5.35000000e+02, 5.06000000e+04,
       5.16000000e+04, 4.90000000e+04, 1.71938000e+05, 2.00000000e+02,
       5.13800000e+04, 5.36350000e+04, 5.10000000e+04, 4.44954128e+01,
       5.91112305e+04, 4.81587695e+04])}
{'img': array([[[ 0.        , -0.21002895,  0.55680896, ...,  0.88758993,
          0.87290106,  0.88758993],
        [ 0.21002895,  0.        ,  0.718848  , ...,  0.96453896,
          0.9559037 ,  0.96453896],
        [-0.55680896, -0.718848  ,  0.        , ...,  0.48078282,
          0.45340149,  0.48078282],
        ...,
        [-0.88758993, -0.96453896, -0.48078282, ...,  0.        ,
         -0.03096437,  0.        ],
        [-0.87290106, -0.9559037 , -0.45340149, ...,  0.03096437,
          0.        ,  0.03096437],
        [-0.88758993, -0.96453896, -0.48078282, ...,  0.        ,
         -0.03096437,  0.        ]],

       [[ 0.        ,  0.05995668,  0.85076253, ...,  0.5066536 ,
          0.33309852,  0.47333717],
        [-0.05995668,  0.        ,  0.81772174, ...,  0.45405048,
          0.27596659,  0.4196709 ],
        [-0.85076253, -0.81772174,  0.        , ..., -0.46721272,
         -0.62711718, -0.50065834],
        ...,
        [-0.5066536 , -0.45405048,  0.46721272, ...,  0.        ,
         -0.19053884, -0.0382142 ],
        [-0.33309852, -0.27596659,  0.62711718, ...,  0.19053884,
          0.        ,  0.15288557],
        [-0.47333717, -0.4196709 ,  0.50065834, ...,  0.0382142 ,
         -0.15288557,  0.        ]],

       [[ 0.        ,  0.35207168,  0.46797723, ...,  0.99351145,
          0.9977828 ,  0.99989744],
        [-0.35207168,  0.        ,  0.12687406, ...,  0.96994179,
          0.9573297 ,  0.93083474],
        [-0.46797723, -0.12687406,  0.        , ...,  0.93123036,
          0.91292701,  0.8769476 ],
        ...,
        [-0.99351145, -0.96994179, -0.93123036, ...,  0.        ,
         -0.04735743, -0.12794933],
        [-0.9977828 , -0.9573297 , -0.91292701, ...,  0.04735743,
          0.        , -0.08083758],
        [-0.99989744, -0.93083474, -0.8769476 , ...,  0.12794933,
          0.08083758,  0.        ]],

       ...,

       [[ 0.        , -0.34051467,  0.47477788, ..., -0.68294879,
         -0.8386768 , -0.80988537],
        [ 0.34051467,  0.        ,  0.74609366, ..., -0.39340075,
         -0.6031025 , -0.5617441 ],
        [-0.47477788, -0.74609366,  0.        , ..., -0.94787631,
         -0.9967022 , -0.99128378],
        ...,
        [ 0.68294879,  0.39340075,  0.94787631, ...,  0.        ,
         -0.24067109, -0.19098425],
        [ 0.8386768 ,  0.6031025 ,  0.9967022 , ...,  0.24067109,
          0.        ,  0.05087049],
        [ 0.80988537,  0.5617441 ,  0.99128378, ...,  0.19098425,
         -0.05087049,  0.        ]],

       [[ 0.        , -0.25708886, -0.00661026, ...,  0.39877147,
          0.37598669,  0.25708886],
        [ 0.25708886,  0.        ,  0.25069517, ...,  0.14960444,
          0.12512395,  0.        ],
        [ 0.00661026, -0.25069517,  0.        , ...,  0.39270081,
          0.36985323,  0.25069517],
        ...,
        [-0.39877147, -0.14960444, -0.39270081, ...,  0.        ,
          0.02471292,  0.14960444],
        [-0.37598669, -0.12512395, -0.36985323, ..., -0.02471292,
          0.        ,  0.12512395],
        [-0.25708886, -0.        , -0.25069517, ..., -0.14960444,
         -0.12512395,  0.        ]],

       [[ 0.        ,  0.04584424, -0.02119136, ...,  0.88512873,
          0.89635334,  0.92599459],
        [-0.04584424,  0.        , -0.06700303, ...,  0.90553155,
          0.91573552,  0.94232889],
        [ 0.02119136,  0.06700303,  0.        , ...,  0.87506864,
          0.88675707,  0.91778613],
        ...,
        [-0.88512873, -0.90553155, -0.87506864, ...,  0.        ,
         -0.02470136, -0.09673947],
        [-0.89635334, -0.91573552, -0.88675707, ...,  0.02470136,
          0.        , -0.07212444],
        [-0.92599459, -0.94232889, -0.91778613, ...,  0.09673947,
          0.07212444,  0.        ]]]), 'num': array([ 2.67375340e+07,  9.45340000e+04,  5.35000000e+02,  4.98000000e+04,
        5.15000000e+04,  4.94500000e+04,  1.22750000e+05, -8.00000000e+02,
        5.07000000e+04,  5.35650000e+04,  5.10666667e+04,  4.26666667e+01,
        5.91975039e+04,  4.79324961e+04])}
{'img': array([[[ 0.        ,  0.718848  ,  0.718848  , ...,  0.9559037 ,
          0.96453896,  0.92378995],
        [-0.718848  ,  0.        ,  0.        , ...,  0.45340149,
          0.48078282,  0.36694192],
        [-0.718848  ,  0.        ,  0.        , ...,  0.45340149,
          0.48078282,  0.36694192],
        ...,
        [-0.9559037 , -0.45340149, -0.45340149, ...,  0.        ,
          0.03096437, -0.09471626],
        [-0.96453896, -0.48078282, -0.48078282, ..., -0.03096437,
          0.        , -0.12549601],
        [-0.92378995, -0.36694192, -0.36694192, ...,  0.09471626,
          0.12549601,  0.        ]],

       [[ 0.        ,  0.81772174,  0.51512306, ...,  0.27596659,
          0.4196709 ,  0.21001119],
        [-0.81772174,  0.        , -0.40437066, ..., -0.62711718,
         -0.50065834, -0.67860039],
        [-0.51512306,  0.40437066,  0.        , ..., -0.25858397,
         -0.10785828, -0.3236313 ],
        ...,
        [-0.27596659,  0.62711718,  0.25858397, ...,  0.        ,
          0.15288557, -0.06795638],
        [-0.4196709 ,  0.50065834,  0.10785828, ..., -0.15288557,
          0.        , -0.21968963],
        [-0.21001119,  0.67860039,  0.3236313 , ...,  0.06795638,
          0.21968963,  0.        ]],

       [[ 0.        ,  0.32404977,  0.46204182, ...,  0.99936315,
          0.99885368,  0.98608675],
        [-0.32404977,  0.        ,  0.14972389, ...,  0.95700068,
          0.92944405,  0.87901027],
        [-0.46204182, -0.14972389,  0.        , ...,  0.90278048,
          0.86372463,  0.79771315],
        ...,
        [-0.99936315, -0.95700068, -0.90278048, ...,  0.        ,
         -0.08347953, -0.20131238],
        [-0.99885368, -0.92944405, -0.86372463, ...,  0.08347953,
          0.        , -0.11883924],
        [-0.98608675, -0.87901027, -0.79771315, ...,  0.20131238,
          0.11883924,  0.        ]],

       ...,

       [[ 0.        ,  0.74609366,  0.95158358, ..., -0.6031025 ,
         -0.5617441 , -0.72683526],
        [-0.74609366,  0.        ,  0.40426155, ..., -0.9967022 ,
         -0.99128378, -0.99638268],
        [-0.95158358, -0.40426155,  0.        , ..., -0.94443143,
         -0.9599302 , -0.87698085],
        ...,
        [ 0.6031025 ,  0.9967022 ,  0.94443143, ...,  0.        ,
          0.05087049, -0.16555216],
        [ 0.5617441 ,  0.99128378,  0.9599302 , ..., -0.05087049,
          0.        , -0.21550634],
        [ 0.72683526,  0.99638268,  0.87698085, ...,  0.16555216,
          0.21550634,  0.        ]],

       [[ 0.        ,  0.24980824,  0.35019611, ...,  0.2093543 ,
          0.16884674,  0.        ],
        [-0.24980824,  0.        ,  0.10510377, ...,  0.44698925,
          0.40971509,  0.24980824],
        [-0.35019611, -0.10510377,  0.        , ...,  0.53853294,
          0.50332287,  0.35019611],
        ...,
        [-0.2093543 , -0.44698925, -0.53853294, ...,  0.        ,
          0.04124338,  0.2093543 ],
        [-0.16884674, -0.40971509, -0.50332287, ..., -0.04124338,
          0.        ,  0.16884674],
        [-0.        , -0.24980824, -0.35019611, ..., -0.2093543 ,
         -0.16884674,  0.        ]],

       [[ 0.        , -0.06700303, -0.13995098, ...,  0.91573552,
          0.94232889,  0.96964864],
        [ 0.06700303,  0.        , -0.07329286, ...,  0.88675707,
          0.91778613,  0.95108721],
        [ 0.13995098,  0.07329286,  0.        , ...,  0.85049352,
          0.88621494,  0.92588741],
        ...,
        [-0.91573552, -0.88675707, -0.85049352, ...,  0.        ,
         -0.07212444, -0.16568731],
        [-0.94232889, -0.91778613, -0.88621494, ...,  0.07212444,
          0.        , -0.09412823],
        [-0.96964864, -0.95108721, -0.92588741, ...,  0.16568731,
          0.09412823,  0.        ]]]), 'num': array([2.72627990e+07, 5.41999000e+05, 5.26000000e+02, 5.08000000e+04,
       5.12000000e+04, 4.94000000e+04, 9.27560000e+04, 1.00000000e+03,
       5.04400000e+04, 5.35750000e+04, 5.11525000e+04, 3.06451613e+01,
       5.91870852e+04, 4.79629148e+04])}
{'img': array([[[ 0.        ,  0.        , -0.04183267, ...,  0.64579186,
          0.52116551,  0.67331853],
        [ 0.        ,  0.        , -0.04183267, ...,  0.64579186,
          0.52116551,  0.67331853],
        [ 0.04183267,  0.04183267,  0.        , ...,  0.67716637,
          0.55641163,  0.70365822],
        ...,
        [-0.64579186, -0.64579186, -0.67716637, ...,  0.        ,
         -0.15323779,  0.03661995],
        [-0.52116551, -0.52116551, -0.55641163, ...,  0.15323779,
          0.        ,  0.18932245],
        [-0.67331853, -0.67331853, -0.70365822, ..., -0.03661995,
         -0.18932245,  0.        ]],

       [[ 0.        , -0.40437066, -0.70153177, ..., -0.50065834,
         -0.67860039, -0.78572937],
        [ 0.40437066,  0.        , -0.3534476 , ..., -0.10785828,
         -0.3236313 , -0.46849257],
        [ 0.70153177,  0.3534476 ,  0.        , ...,  0.25048919,
          0.03168391, -0.12599395],
        ...,
        [ 0.50065834,  0.10785828, -0.25048919, ...,  0.        ,
         -0.21968963, -0.37047024],
        [ 0.67860039,  0.3236313 , -0.03168391, ...,  0.21968963,
          0.        , -0.15736212],
        [ 0.78572937,  0.46849257,  0.12599395, ...,  0.37047024,
          0.15736212,  0.        ]],

       [[ 0.        ,  0.34343321,  0.47470844, ...,  0.99703703,
          0.98008694,  0.96950273],
        [-0.34343321,  0.        ,  0.14356492, ...,  0.90997641,
          0.85228006,  0.82636598],
        [-0.47470844, -0.14356492,  0.        , ...,  0.84101924,
          0.76835445,  0.73695937],
        ...,
        [-0.99703703, -0.90997641, -0.84101924, ...,  0.        ,
         -0.12258922, -0.1697772 ],
        [-0.98008694, -0.85228006, -0.76835445, ...,  0.12258922,
          0.        , -0.04768713],
        [-0.96950273, -0.82636598, -0.73695937, ...,  0.1697772 ,
          0.04768713,  0.        ]],

       ...,

       [[ 0.        ,  0.35324601,  0.23307025, ..., -0.85913942,
         -0.89649414, -0.87199153],
        [-0.35324601,  0.        , -0.12547326, ..., -0.98452178,
         -0.9952052 , -0.64285332],
        [-0.23307025,  0.12547326,  0.        , ..., -0.95475038,
         -0.97506768, -0.73388403],
        ...,
        [ 0.85913942,  0.98452178,  0.95475038, ...,  0.        ,
         -0.07812681, -0.86680108],
        [ 0.89649414,  0.9952052 ,  0.97506768, ...,  0.07812681,
          0.        , -0.8251934 ],
        [ 0.87199153,  0.64285332,  0.73388403, ...,  0.86680108,
          0.8251934 ,  0.        ]],

       [[ 0.        ,  0.25144431,  0.42452663, ...,  0.17019126,
          0.        ,  0.05933407],
        [-0.25144431,  0.        ,  0.18322578, ...,  0.41249932,
          0.25144431,  0.30842907],
        [-0.42452663, -0.18322578,  0.        , ...,  0.57242703,
          0.42452663,  0.47750067],
        ...,
        [-0.17019126, -0.41249932, -0.57242703, ...,  0.        ,
          0.17019126,  0.11142297],
        [-0.        , -0.25144431, -0.42452663, ..., -0.17019126,
          0.        , -0.05933407],
        [-0.05933407, -0.30842907, -0.47750067, ..., -0.11142297,
          0.05933407,  0.        ]],

       [[ 0.        , -0.07329286, -0.18497949, ...,  0.91778613,
          0.95108721,  0.9472696 ],
        [ 0.07329286,  0.        , -0.11245398, ...,  0.88621494,
          0.92588741,  0.92123609],
        [ 0.18497949,  0.11245398,  0.        , ...,  0.82849658,
          0.87752938,  0.87164758],
        ...,
        [-0.91778613, -0.88621494, -0.82849658, ...,  0.        ,
         -0.09412823, -0.08204389],
        [-0.95108721, -0.92588741, -0.87752938, ...,  0.09412823,
          0.        ,  0.01213127],
        [-0.9472696 , -0.92123609, -0.87164758, ...,  0.08204389,
         -0.01213127,  0.        ]]]), 'num': array([2.75813630e+07, 2.87963000e+05, 5.31000000e+02, 5.14000000e+04,
       5.20000000e+04, 5.03000000e+04, 6.81780000e+04, 6.00000000e+02,
       5.06000000e+04, 5.34900000e+04, 5.12141667e+04, 3.33333333e+01,
       5.91792530e+04, 4.78007470e+04])}
{'img': array([[[ 0.        , -0.04183267, -0.06440186, ...,  0.52116551,
          0.67331853,  0.74829881],
        [ 0.04183267,  0.        , -0.02259966, ...,  0.55641163,
          0.70365822,  0.77539397],
        [ 0.06440186,  0.02259966,  0.        , ...,  0.57504773,
          0.71953643,  0.78946711],
        ...,
        [-0.52116551, -0.55641163, -0.57504773, ...,  0.        ,
          0.18932245,  0.29291853],
        [-0.67331853, -0.70365822, -0.71953643, ..., -0.18932245,
          0.        ,  0.10660281],
        [-0.74829881, -0.77539397, -0.78946711, ..., -0.29291853,
         -0.10660281,  0.        ]],

       [[ 0.        , -0.3534476 , -0.37211506, ..., -0.3236313 ,
         -0.46849257, -0.59990698],
        [ 0.3534476 ,  0.        , -0.02003131, ...,  0.03168391,
         -0.12599395, -0.27840284],
        [ 0.37211506,  0.02003131,  0.        , ...,  0.0516988 ,
         -0.10609699, -0.25910762],
        ...,
        [ 0.3236313 , -0.03168391, -0.0516988 , ...,  0.        ,
         -0.15736212, -0.30869433],
        [ 0.46849257,  0.12599395,  0.10609699, ...,  0.15736212,
          0.        , -0.15517155],
        [ 0.59990698,  0.27840284,  0.25910762, ...,  0.30869433,
          0.15517155,  0.        ]],

       [[ 0.        ,  0.34360466,  0.48495565, ...,  0.97171361,
          0.95878492,  0.96704315],
        [-0.34360466,  0.        ,  0.15493324, ...,  0.83140375,
          0.80277935,  0.82067808],
        [-0.48495565, -0.15493324,  0.        , ...,  0.73527293,
          0.70070274,  0.72224091],
        ...,
        [-0.97171361, -0.83140375, -0.73527293, ...,  0.        ,
         -0.04966684, -0.01903128],
        [-0.95878492, -0.80277935, -0.70070274, ...,  0.04966684,
          0.        ,  0.03065005],
        [-0.96704315, -0.82067808, -0.72224091, ...,  0.01903128,
         -0.03065005,  0.        ]],

       ...,

       [[ 0.        , -0.12547326, -0.00243522, ..., -0.9952052 ,
         -0.64285332, -0.9098915 ],
        [ 0.12547326,  0.        ,  0.12305692, ..., -0.97506768,
         -0.73388403, -0.95475274],
        [ 0.00243522, -0.12305692,  0.        , ..., -0.99496406,
         -0.64471677, -0.91089904],
        ...,
        [ 0.9952052 ,  0.97506768,  0.99496406, ...,  0.        ,
         -0.8251934 , -0.50185282],
        [ 0.64285332,  0.73388403,  0.64471677, ...,  0.8251934 ,
          0.        ,  0.43028181],
        [ 0.9098915 ,  0.95475274,  0.91089904, ...,  0.50185282,
         -0.43028181,  0.        ]],

       [[ 0.        ,  0.35060349,  0.48135144, ...,  0.        ,
          0.05981603,  0.0791418 ],
        [-0.35060349,  0.        ,  0.14348352, ...,  0.35060349,
          0.40599485,  0.42362197],
        [-0.48135144, -0.14348352,  0.        , ...,  0.48135144,
          0.53291995,  0.5492116 ],
        ...,
        [-0.        , -0.35060349, -0.48135144, ...,  0.        ,
         -0.05981603, -0.0791418 ],
        [-0.05981603, -0.40599485, -0.53291995, ...,  0.05981603,
          0.        , -0.01937168],
        [-0.0791418 , -0.42362197, -0.5492116 , ...,  0.0791418 ,
          0.01937168,  0.        ]],

       [[ 0.        , -0.11245398, -0.15997578, ...,  0.92588741,
          0.92123609,  0.94392656],
        [ 0.11245398,  0.        , -0.04795536, ...,  0.87752938,
          0.87164758,  0.90081187],
        [ 0.15997578,  0.04795536,  0.        , ...,  0.85352407,
          0.84714022,  0.87895279],
        ...,
        [-0.92588741, -0.87752938, -0.85352407, ...,  0.        ,
          0.01213127, -0.05092821],
        [-0.92123609, -0.87164758, -0.84714022, ..., -0.01213127,
          0.        , -0.06304   ],
        [-0.94392656, -0.90081187, -0.87895279, ...,  0.05092821,
          0.06304   ,  0.        ]]]), 'num': array([2.75813630e+07, 2.87963000e+05, 5.31000000e+02, 5.14000000e+04,
       5.26000000e+04, 5.09000000e+04, 6.09770000e+04, 0.00000000e+00,
       5.08000000e+04, 5.34600000e+04, 5.12758333e+04, 3.35106383e+01,
       5.91865697e+04, 4.77334303e+04])}
{'img': array([[[ 0.        , -0.02259966, -0.38073015, ...,  0.70365822,
          0.77539397,  0.77539397],
        [ 0.02259966,  0.        , -0.35973532, ...,  0.71953643,
          0.78946711,  0.78946711],
        [ 0.38073015,  0.35973532,  0.        , ...,  0.92118651,
          0.95741873,  0.95741873],
        ...,
        [-0.70365822, -0.71953643, -0.92118651, ...,  0.        ,
          0.10660281,  0.10660281],
        [-0.77539397, -0.78946711, -0.95741873, ..., -0.10660281,
          0.        ,  0.        ],
        [-0.77539397, -0.78946711, -0.95741873, ..., -0.10660281,
          0.        ,  0.        ]],

       [[ 0.        , -0.02003131, -0.12940197, ..., -0.12599395,
         -0.27840284, -0.32949093],
        [ 0.02003131,  0.        , -0.10951311, ..., -0.10609699,
         -0.25910762, -0.31051209],
        [ 0.12940197,  0.10951311,  0.        , ...,  0.00343614,
         -0.15177611, -0.20454465],
        ...,
        [ 0.12599395,  0.10609699, -0.00343614, ...,  0.        ,
         -0.15517155, -0.20790693],
        [ 0.27840284,  0.25910762,  0.15177611, ...,  0.15517155,
          0.        , -0.05360783],
        [ 0.32949093,  0.31051209,  0.20454465, ...,  0.20790693,
          0.05360783,  0.        ]],

       [[ 0.        ,  0.35884604,  0.48175077, ...,  0.94590185,
          0.95580366,  0.96669089],
        [-0.35884604,  0.        ,  0.13520485, ...,  0.76647309,
          0.78664126,  0.81046068],
        [-0.48175077, -0.13520485,  0.        , ...,  0.67259619,
          0.69594119,  0.7238167 ],
        ...,
        [-0.94590185, -0.76647309, -0.67259619, ...,  0.        ,
          0.03201273,  0.07154519],
        [-0.95580366, -0.78664126, -0.69594119, ..., -0.03201273,
          0.        ,  0.03957783],
        [-0.96669089, -0.81046068, -0.7238167 , ..., -0.07154519,
         -0.03957783,  0.        ]],

       ...,

       [[ 0.        ,  0.12305692,  0.32011426, ..., -0.73388403,
         -0.95475274, -0.95901839],
        [-0.12305692,  0.        ,  0.20109974, ..., -0.64471677,
         -0.91089904, -0.91686207],
        [-0.32011426, -0.20109974,  0.        , ..., -0.47782073,
         -0.80931043, -0.81785143],
        ...,
        [ 0.73388403,  0.64471677,  0.47782073, ...,  0.        ,
          0.43028181,  0.44349551],
        [ 0.95475274,  0.91089904,  0.80931043, ..., -0.43028181,
          0.        ,  0.01468948],
        [ 0.95901839,  0.91686207,  0.81785143, ..., -0.44349551,
         -0.01468948,  0.        ]],

       [[ 0.        ,  0.34653481,  0.44392111, ...,  0.06078757,
          0.08042634,  0.06227188],
        [-0.34653481,  0.        ,  0.10589646, ...,  0.40291497,
          0.42085512,  0.40427559],
        [-0.44392111, -0.10589646,  0.        , ...,  0.49756984,
          0.51455035,  0.49885926],
        ...,
        [-0.06078757, -0.40291497, -0.49756984, ...,  0.        ,
         -0.01968696, -0.00148713],
        [-0.08042634, -0.42085512, -0.51455035, ...,  0.01968696,
          0.        ,  0.0182001 ],
        [-0.06227188, -0.40427559, -0.49885926, ...,  0.00148713,
         -0.0182001 ,  0.        ]],

       [[ 0.        , -0.04795536,  0.01880527, ...,  0.87164758,
          0.90081187,  0.91144256],
        [ 0.04795536,  0.        ,  0.06673051, ...,  0.84714022,
          0.87895279,  0.89066378],
        [-0.01880527, -0.06673051,  0.        , ...,  0.88071053,
          0.908818  ,  0.91901838],
        ...,
        [-0.87164758, -0.84714022, -0.88071053, ...,  0.        ,
         -0.06304   , -0.08810854],
        [-0.90081187, -0.87895279, -0.908818  , ...,  0.06304   ,
          0.        , -0.02513847],
        [-0.91144256, -0.89066378, -0.91901838, ...,  0.08810854,
          0.02513847,  0.        ]]]), 'num': array([ 2.73685560e+07,  2.36556000e+05,  5.32000000e+02,  5.10000000e+04,
        5.15000000e+04,  5.05000000e+04,  7.28230000e+04, -4.00000000e+02,
        5.08800000e+04,  5.33600000e+04,  5.13325000e+04,  3.46153846e+01,
        5.91842253e+04,  4.75357747e+04])}
{'img': array([[[ 0.        , -0.35973532,  0.38337419, ...,  0.78946711,
          0.78946711,  0.74411175],
        [ 0.35973532,  0.        ,  0.68995803, ...,  0.95741873,
          0.95741873,  0.93461977],
        [-0.38337419, -0.68995803,  0.        , ...,  0.49383404,
          0.49383404,  0.43114137],
        ...,
        [-0.78946711, -0.95741873, -0.49383404, ...,  0.        ,
          0.        , -0.0706771 ],
        [-0.78946711, -0.95741873, -0.49383404, ...,  0.        ,
          0.        , -0.0706771 ],
        [-0.74411175, -0.93461977, -0.43114137, ...,  0.0706771 ,
          0.0706771 ,  0.        ]],

       [[ 0.        , -0.10951311,  0.04970897, ..., -0.25910762,
         -0.31051209, -0.22785648],
        [ 0.10951311,  0.        ,  0.15878772, ..., -0.15177611,
         -0.20454465, -0.11985366],
        [-0.04970897, -0.15878772,  0.        , ..., -0.30679863,
         -0.35738004, -0.27597615],
        ...,
        [ 0.25910762,  0.15177611,  0.30679863, ...,  0.        ,
         -0.05360783,  0.0322169 ],
        [ 0.31051209,  0.20454465,  0.35738004, ...,  0.05360783,
          0.        ,  0.08575058],
        [ 0.22785648,  0.11985366,  0.27597615, ..., -0.0322169 ,
         -0.08575058,  0.        ]],

       [[ 0.        ,  0.33855979,  0.44073392, ...,  0.94093665,
          0.95418647,  0.95898271],
        [-0.33855979,  0.        ,  0.11080227, ...,  0.77073904,
          0.79653552,  0.80638017],
        [-0.44073392, -0.11080227,  0.        , ...,  0.69539543,
          0.7246407 ,  0.73588668],
        ...,
        [-0.94093665, -0.77073904, -0.69539543, ...,  0.        ,
          0.04153091,  0.05797273],
        [-0.95418647, -0.79653552, -0.7246407 , ..., -0.04153091,
          0.        ,  0.01646165],
        [-0.95898271, -0.80638017, -0.73588668, ..., -0.05797273,
         -0.01646165,  0.        ]],

       ...,

       [[ 0.        ,  0.20109974,  0.64471677, ..., -0.91089904,
         -0.91686207, -0.94688629],
        [-0.20109974,  0.        ,  0.47782073, ..., -0.80931043,
         -0.81785143, -0.86287477],
        [-0.64471677, -0.47782073,  0.        , ..., -0.43028181,
         -0.44349551, -0.51649961],
        ...,
        [ 0.91089904,  0.80931043,  0.43028181, ...,  0.        ,
          0.01468948,  0.09779651],
        [ 0.91686207,  0.81785143,  0.44349551, ..., -0.01468948,
          0.        ,  0.08316689],
        [ 0.94688629,  0.86287477,  0.51649961, ..., -0.09779651,
         -0.08316689,  0.        ]],

       [[ 0.        ,  0.29111898,  0.51034222, ...,  0.0816998 ,
          0.06325854,  0.06970353],
        [-0.29111898,  0.        ,  0.2378837 , ...,  0.36830689,
          0.35105453,  0.35709535],
        [-0.51034222, -0.2378837 ,  0.        , ...,  0.57889563,
          0.56372063,  0.56904398],
        ...,
        [-0.0816998 , -0.36830689, -0.57889563, ...,  0.        ,
          0.0184891 ,  0.01203058],
        [-0.06325854, -0.35105453, -0.56372063, ..., -0.0184891 ,
          0.        , -0.00645924],
        [-0.06970353, -0.35709535, -0.56904398, ..., -0.01203058,
          0.00645924,  0.        ]],

       [[ 0.        ,  0.06673051, -0.2345529 , ...,  0.87895279,
          0.89066378,  0.92064266],
        [-0.06673051,  0.        , -0.29889905, ...,  0.908818  ,
          0.91901838,  0.9446426 ],
        [ 0.2345529 ,  0.29889905,  0.        , ...,  0.74257261,
          0.75917483,  0.80338889],
        ...,
        [-0.87895279, -0.908818  , -0.74257261, ...,  0.        ,
         -0.02513847, -0.09591387],
        [-0.89066378, -0.91901838, -0.75917483, ...,  0.02513847,
          0.        , -0.07086099],
        [-0.92064266, -0.9446426 , -0.80338889, ...,  0.09591387,
          0.07086099,  0.        ]]]), 'num': array([2.74218490e+07, 1.85549000e+05, 5.33000000e+02, 5.11000000e+04,
       5.18000000e+04, 5.01000000e+04, 8.79710000e+04, 1.00000000e+02,
       5.11400000e+04, 5.32650000e+04, 5.13916667e+04, 3.61581921e+01,
       5.91710224e+04, 4.73589776e+04])}
{'img': array([[[ 0.        ,  0.68995803,  0.46966411, ...,  0.95741873,
          0.93461977,  0.94081803],
        [-0.68995803,  0.        , -0.26916006, ...,  0.49383404,
          0.43114137,  0.44717539],
        [-0.46966411,  0.26916006,  0.        , ...,  0.70965911,
          0.65808922,  0.67142181],
        ...,
        [-0.95741873, -0.49383404, -0.70965911, ...,  0.        ,
         -0.0706771 , -0.0528639 ],
        [-0.93461977, -0.43114137, -0.65808922, ...,  0.0706771 ,
          0.        ,  0.01784657],
        [-0.94081803, -0.44717539, -0.67142181, ...,  0.0528639 ,
         -0.01784657,  0.        ]],

       [[ 0.        ,  0.15878772,  0.37012448, ..., -0.20454465,
         -0.11985366, -0.02446164],
        [-0.15878772,  0.        ,  0.21791766, ..., -0.35738004,
         -0.27597615, -0.18289149],
        [-0.37012448, -0.21791766,  0.        , ..., -0.55231736,
         -0.47879838, -0.39273816],
        ...,
        [ 0.20454465,  0.35738004,  0.55231736, ...,  0.        ,
          0.08575058,  0.18053899],
        [ 0.11985366,  0.27597615,  0.47879838, ..., -0.08575058,
          0.        ,  0.09553249],
        [ 0.02446164,  0.18289149,  0.39273816, ..., -0.18053899,
         -0.09553249,  0.        ]],

       [[ 0.        ,  0.29539486,  0.31440162, ...,  0.94087916,
          0.94656428,  0.96292286],
        [-0.29539486,  0.        ,  0.01995612, ...,  0.7988299 ,
          0.80905475,  0.84026197],
        [-0.31440162, -0.01995612,  0.        , ...,  0.78666608,
          0.79716476,  0.82927481],
        ...,
        [-0.94087916, -0.7988299 , -0.78666608, ...,  0.        ,
          0.01719361,  0.07235535],
        [-0.94656428, -0.80905475, -0.79716476, ..., -0.01719361,
          0.        ,  0.05519612],
        [-0.96292286, -0.84026197, -0.82927481, ..., -0.07235535,
         -0.05519612,  0.        ]],

       ...,

       [[ 0.        ,  0.47782073, -0.40343821, ..., -0.81785143,
         -0.86287477, -0.90902445],
        [-0.47782073,  0.        , -0.79161253, ..., -0.44349551,
         -0.51649961, -0.5994109 ],
        [ 0.40343821,  0.79161253,  0.        , ..., -0.98048992,
         -0.9934412 , -0.9998936 ],
        ...,
        [ 0.81785143,  0.44349551,  0.98048992, ...,  0.        ,
          0.08316689,  0.18224575],
        [ 0.86287477,  0.51649961,  0.9934412 , ..., -0.08316689,
          0.        ,  0.0998403 ],
        [ 0.90902445,  0.5994109 ,  0.9998936 , ..., -0.18224575,
         -0.0998403 ,  0.        ]],

       [[ 0.        ,  0.43352059,  0.52967009, ...,  0.06395414,
          0.07046983,  0.09945567],
        [-0.43352059,  0.        ,  0.10959506, ...,  0.49026498,
          0.49594626,  0.52099504],
        [-0.52967009, -0.10959506,  0.        , ...,  0.58283192,
          0.58812606,  0.61140266],
        ...,
        [-0.06395414, -0.49026498, -0.58283192, ...,  0.        ,
         -0.00653042, -0.03561501],
        [-0.07046983, -0.49594626, -0.58812606, ...,  0.00653042,
          0.        , -0.02908797],
        [-0.09945567, -0.52099504, -0.61140266, ...,  0.03561501,
          0.02908797,  0.        ]],

       [[ 0.        , -0.29889905, -0.10172874, ...,  0.91901838,
          0.9446426 ,  0.96272571],
        [ 0.29889905,  0.        ,  0.20027023, ...,  0.75917483,
          0.80338889,  0.83786836],
        [ 0.10172874, -0.20027023,  0.        , ...,  0.87414772,
          0.90636464,  0.93021571],
        ...,
        [-0.91901838, -0.75917483, -0.87414772, ...,  0.        ,
         -0.07086099, -0.13094488],
        [-0.9446426 , -0.80338889, -0.90636464, ...,  0.07086099,
          0.        , -0.06036487],
        [-0.96272571, -0.83786836, -0.93021571, ...,  0.13094488,
          0.06036487,  0.        ]]]), 'num': array([2.8383042e+07, 1.3444200e+05, 5.3400000e+02, 5.2900000e+04,
       5.3600000e+04, 5.0700000e+04, 1.5806900e+05, 1.8000000e+03,
       5.1560000e+04, 5.3255000e+04, 5.1487500e+04, 3.1097561e+01,
       5.9162783e+04, 4.7347217e+04])}
{'img': array([[[ 0.00000000e+00, -5.56106394e-01,  2.99181097e-01, ...,
          5.01649114e-01,  5.18595394e-01,  7.69910977e-01],
        [ 5.56106394e-01,  0.00000000e+00,  7.79287424e-01, ...,
          8.97997773e-01,  9.06492358e-01,  9.94761588e-01],
        [-2.99181097e-01, -7.79287424e-01,  0.00000000e+00, ...,
          2.19858804e-01,  2.39036077e-01,  5.43723436e-01],
        ...,
        [-5.01649114e-01, -8.97997773e-01, -2.19858804e-01, ...,
          0.00000000e+00,  1.97020223e-02,  3.45899771e-01],
        [-5.18595394e-01, -9.06492358e-01, -2.39036077e-01, ...,
         -1.97020223e-02,  0.00000000e+00,  3.27346785e-01],
        [-7.69910977e-01, -9.94761588e-01, -5.43723436e-01, ...,
         -3.45899771e-01, -3.27346785e-01,  0.00000000e+00]],

       [[ 0.00000000e+00,  2.17917664e-01,  4.53713716e-01, ...,
         -2.75976150e-01, -1.82891488e-01,  1.63485374e-01],
        [-2.17917664e-01,  0.00000000e+00,  2.48612904e-01, ...,
         -4.78798378e-01, -3.92738155e-01, -5.54293911e-02],
        [-4.53713716e-01, -2.48612904e-01,  0.00000000e+00, ...,
         -6.82028965e-01, -6.09044266e-01, -3.01919759e-01],
        ...,
        [ 2.75976150e-01,  4.78798378e-01,  6.82028965e-01, ...,
          0.00000000e+00,  9.55324871e-02,  4.29399435e-01],
        [ 1.82891488e-01,  3.92738155e-01,  6.09044266e-01, ...,
         -9.55324871e-02,  0.00000000e+00,  3.41158705e-01],
        [-1.63485374e-01,  5.54293911e-02,  3.01919759e-01, ...,
         -4.29399435e-01, -3.41158705e-01,  0.00000000e+00]],

       [[ 0.00000000e+00,  1.11397459e-01,  4.43517808e-01, ...,
          9.35737548e-01,  9.54329785e-01,  9.77352400e-01],
        [-1.11397459e-01,  0.00000000e+00,  3.40915618e-01, ...,
          8.90623895e-01,  9.15109404e-01,  9.47695557e-01],
        [-4.43517808e-01, -3.40915618e-01,  0.00000000e+00, ...,
          6.82241895e-01,  7.22829674e-01,  7.82110830e-01],
        ...,
        [-9.35737548e-01, -8.90623895e-01, -6.82241895e-01, ...,
          0.00000000e+00,  5.70328973e-02,  1.46690203e-01],
        [-9.54329785e-01, -9.15109404e-01, -7.22829674e-01, ...,
         -5.70328973e-02,  0.00000000e+00,  9.00354927e-02],
        [-9.77352400e-01, -9.47695557e-01, -7.82110830e-01, ...,
         -1.46690203e-01, -9.00354927e-02,  0.00000000e+00]],

       ...,

       [[ 0.00000000e+00, -7.91612528e-01, -5.89712944e-01, ...,
         -5.16499608e-01, -5.99410895e-01, -1.80231528e-01],
        [ 7.91612528e-01,  0.00000000e+00,  2.78988101e-01, ...,
         -9.93441205e-01, -9.99893599e-01, -8.88774934e-01],
        [ 5.89712944e-01, -2.78988101e-01,  0.00000000e+00, ...,
         -9.22095540e-01, -9.56122696e-01, -7.25613244e-01],
        ...,
        [ 5.16499608e-01,  9.93441205e-01,  9.22095540e-01, ...,
          0.00000000e+00,  9.98402959e-02, -3.53711531e-01],
        [ 5.99410895e-01,  9.99893599e-01,  9.56122696e-01, ...,
         -9.98402959e-02,  0.00000000e+00, -4.45330278e-01],
        [ 1.80231528e-01,  8.88774934e-01,  7.25613244e-01, ...,
          3.53711531e-01,  4.45330278e-01,  0.00000000e+00]],

       [[ 0.00000000e+00,  3.29064932e-01,  5.75005022e-01, ...,
          7.22764327e-02,  1.02002078e-01,  1.16749787e-01],
        [-3.29064932e-01,  0.00000000e+00,  2.73757003e-01, ...,
          3.96455472e-01,  4.23669897e-01,  4.37062251e-01],
        [-5.75005022e-01, -2.73757003e-01,  0.00000000e+00, ...,
          6.32634131e-01,  6.55458890e-01,  6.66591593e-01],
        ...,
        [-7.22764327e-02, -3.96455472e-01, -6.32634131e-01, ...,
          0.00000000e+00, -2.98358533e-02, -4.46622836e-02],
        [-1.02002078e-01, -4.23669897e-01, -6.55458890e-01, ...,
          2.98358533e-02,  0.00000000e+00, -1.48363191e-02],
        [-1.16749787e-01, -4.37062251e-01, -6.66591593e-01, ...,
          4.46622836e-02,  1.48363191e-02,  0.00000000e+00]],

       [[ 0.00000000e+00,  2.00270231e-01,  1.99553227e-01, ...,
          8.03388892e-01,  8.37868357e-01,  8.40007947e-01],
        [-2.00270231e-01,  0.00000000e+00, -7.31775104e-04, ...,
          9.06364642e-01,  9.30215709e-01,  9.31651411e-01],
        [-1.99553227e-01,  7.31775104e-04,  0.00000000e+00, ...,
          9.06055227e-01,  9.29946889e-01,  9.31385269e-01],
        ...,
        [-8.03388892e-01, -9.06364642e-01, -9.06055227e-01, ...,
          0.00000000e+00, -6.03648660e-02, -6.42886710e-02],
        [-8.37868357e-01, -9.30215709e-01, -9.29946889e-01, ...,
          6.03648660e-02,  0.00000000e+00, -3.93144103e-03],
        [-8.40007947e-01, -9.31651411e-01, -9.31385269e-01, ...,
          6.42886710e-02,  3.93144103e-03,  0.00000000e+00]]]), 'num': array([ 2.82760350e+07,  8.15350000e+04,  5.35000000e+02,  5.27000000e+04,
        5.37000000e+04,  5.25000000e+04,  7.81800000e+04, -2.00000000e+02,
        5.18200000e+04,  5.29900000e+04,  5.15525000e+04,  5.48387097e+01,
        5.84835963e+04,  4.74964037e+04])}
{'img': array([[[ 0.        ,  0.77928742,  0.78635273, ...,  0.90649236,
          0.99476159,  0.99046317],
        [-0.77928742,  0.        ,  0.01135459, ...,  0.23903608,
          0.54372344,  0.51332176],
        [-0.78635273, -0.01135459,  0.        , ...,  0.22799524,
          0.53415888,  0.5035442 ],
        ...,
        [-0.90649236, -0.23903608, -0.22799524, ...,  0.        ,
          0.32734679,  0.29330106],
        [-0.99476159, -0.54372344, -0.53415888, ..., -0.32734679,
          0.        , -0.0358087 ],
        [-0.99046317, -0.51332176, -0.5035442 , ..., -0.29330106,
          0.0358087 ,  0.        ]],

       [[ 0.        ,  0.2486129 ,  0.07839847, ..., -0.39273816,
         -0.05542939, -0.44751203],
        [-0.2486129 ,  0.        , -0.17191071, ..., -0.60904427,
         -0.30191976, -0.65579049],
        [-0.07839847,  0.17191071,  0.        , ..., -0.46362853,
         -0.13353673, -0.51624466],
        ...,
        [ 0.39273816,  0.60904427,  0.46362853, ...,  0.        ,
          0.34115871, -0.06033753],
        [ 0.05542939,  0.30191976,  0.13353673, ..., -0.34115871,
          0.        , -0.39725475],
        [ 0.44751203,  0.65579049,  0.51624466, ...,  0.06033753,
          0.39725475,  0.        ]],

       [[ 0.        ,  0.43134884,  0.59972241, ...,  0.95305108,
          0.97652577,  0.986907  ],
        [-0.43134884,  0.        ,  0.19589185, ...,  0.72921204,
          0.78809431,  0.82080052],
        [-0.59972241, -0.19589185,  0.        , ...,  0.58103752,
          0.65224326,  0.69300157],
        ...,
        [-0.95305108, -0.72921204, -0.58103752, ...,  0.        ,
          0.09041355,  0.14512697],
        [-0.97652577, -0.78809431, -0.65224326, ..., -0.09041355,
          0.        ,  0.05507623],
        [-0.986907  , -0.82080052, -0.69300157, ..., -0.14512697,
         -0.05507623,  0.        ]],

       ...,

       [[ 0.        ,  0.33588385,  0.32855824, ..., -0.99548754,
         -0.84331333, -0.74301374],
        [-0.33588385,  0.        , -0.0077667 , ..., -0.90578031,
         -0.61380827, -0.92464623],
        [-0.32855824,  0.0077667 ,  0.        , ..., -0.90904412,
         -0.61992122, -0.92166057],
        ...,
        [ 0.99548754,  0.90578031,  0.90904412, ...,  0.        ,
         -0.45497315,  0.73676238],
        [ 0.84331333,  0.61380827,  0.61992122, ...,  0.45497315,
          0.        ,  0.96372159],
        [ 0.74301374,  0.92464623,  0.92166057, ..., -0.73676238,
         -0.96372159,  0.        ]],

       [[ 0.        ,  0.49264755,  0.65351425, ...,  0.10344876,
          0.11840425,  0.51803277],
        [-0.49264755,  0.        ,  0.19581507, ...,  0.58002849,
          0.59222081,  0.87219849],
        [-0.65351425, -0.19581507,  0.        , ...,  0.72830984,
          0.73853895,  0.95109682],
        ...,
        [-0.10344876, -0.58002849, -0.72830984, ...,  0.        ,
         -0.01504794, -0.4267674 ],
        [-0.11840425, -0.59222081, -0.73853895, ...,  0.01504794,
          0.        , -0.4131103 ],
        [-0.51803277, -0.87219849, -0.95109682, ...,  0.4267674 ,
          0.4131103 ,  0.        ]],

       [[ 0.        , -0.01719102,  0.143406  , ...,  0.85003646,
          0.85211421,  0.82433391],
        [ 0.01719102,  0.        ,  0.16039814, ...,  0.84085592,
          0.84299126,  0.81448018],
        [-0.143406  , -0.16039814,  0.        , ...,  0.91678579,
          0.91835908,  0.89699624],
        ...,
        [-0.85003646, -0.84085592, -0.91678579, ...,  0.        ,
         -0.0039573 ,  0.04701261],
        [-0.85211421, -0.84299126, -0.91835908, ...,  0.0039573 ,
          0.        ,  0.05096516],
        [-0.82433391, -0.81448018, -0.89699624, ..., -0.04701261,
         -0.05096516,  0.        ]]]), 'num': array([2.87575350e+07, 8.15350000e+04, 5.35000000e+02, 5.36000000e+04,
       5.43000000e+04, 5.31000000e+04, 1.19077000e+05, 9.00000000e+02,
       5.22600000e+04, 5.27850000e+04, 5.16483333e+04, 5.33333333e+01,
       5.78494941e+04, 4.77205059e+04])}
{'img': array([[[ 0.        ,  0.01208791,  0.14819027, ...,  0.56303247,
          0.53228197,  0.66363636],
        [-0.01208791,  0.        ,  0.136225  , ...,  0.55300147,
          0.52200986,  0.65454545],
        [-0.14819027, -0.136225  ,  0.        , ...,  0.43434636,
          0.40095197,  0.54545455],
        ...,
        [-0.56303247, -0.55300147, -0.43434636, ...,  0.        ,
         -0.03674845,  0.12727273],
        [-0.53228197, -0.52200986, -0.40095197, ...,  0.03674845,
          0.        ,  0.16363636],
        [-0.66363636, -0.65454545, -0.54545455, ..., -0.12727273,
         -0.16363636,  0.        ]],

       [[ 0.        , -0.17191071, -0.29224777, ..., -0.30191976,
         -0.65579049, -0.46801414],
        [ 0.17191071,  0.        , -0.1234914 , ..., -0.13353673,
         -0.51624466, -0.3091255 ],
        [ 0.29224777,  0.1234914 ,  0.        , ..., -0.0101292 ,
         -0.40653002, -0.1893164 ],
        ...,
        [ 0.30191976,  0.13353673,  0.0101292 , ...,  0.        ,
         -0.39725475, -0.17936066],
        [ 0.65579049,  0.51624466,  0.40653002, ...,  0.39725475,
          0.        ,  0.22621184],
        [ 0.46801414,  0.3091255 ,  0.1893164 , ...,  0.17936066,
         -0.22621184,  0.        ]],

       [[ 0.        ,  0.45049492,  0.67062747, ...,  0.9606102 ,
          0.97527232,  0.99219116],
        [-0.45049492,  0.        ,  0.26454755, ...,  0.73242037,
          0.77114031,  0.82961878],
        [-0.67062747, -0.26454755,  0.        , ...,  0.52620825,
          0.57523839,  0.65235676],
        ...,
        [-0.9606102 , -0.73242037, -0.52620825, ...,  0.        ,
          0.05872638,  0.15591575],
        [-0.97527232, -0.77114031, -0.57523839, ..., -0.05872638,
          0.        ,  0.09763848],
        [-0.99219116, -0.82961878, -0.65235676, ..., -0.15591575,
         -0.09763848,  0.        ]],

       ...,

       [[ 0.        , -0.0077667 , -0.2758681 , ..., -0.61380827,
         -0.92464623, -0.94494538],
        [ 0.0077667 ,  0.        , -0.26839446, ..., -0.61992122,
         -0.92166057, -0.94237539],
        [ 0.2758681 ,  0.26839446,  0.        , ..., -0.80777523,
         -0.78370773, -0.81800544],
        ...,
        [ 0.61380827,  0.61992122,  0.80777523, ...,  0.        ,
          0.96372159,  0.9468473 ],
        [ 0.92464623,  0.92166057,  0.78370773, ..., -0.96372159,
          0.        , -0.05729064],
        [ 0.94494538,  0.94237539,  0.81800544, ..., -0.9468473 ,
          0.05729064,  0.        ]],

       [[ 0.        ,  0.47714861,  0.65658579, ...,  0.12242827,
          0.53425309,  0.70627277],
        [-0.47714861,  0.        ,  0.21713246, ...,  0.58115193,
          0.87285915,  0.95848098],
        [-0.65658579, -0.21713246,  0.        , ...,  0.74398822,
          0.95798922,  0.99753041],
        ...,
        [-0.12242827, -0.58115193, -0.74398822, ...,  0.        ,
         -0.42674247, -0.61428789],
        [-0.53425309, -0.87285915, -0.95798922, ...,  0.42674247,
          0.        , -0.2188107 ],
        [-0.70627277, -0.95848098, -0.99753041, ...,  0.61428789,
          0.2188107 ,  0.        ]],

       [[ 0.        ,  0.16039814,  0.29833154, ...,  0.84299126,
          0.81448018,  0.76529576],
        [-0.16039814,  0.        ,  0.14137489, ...,  0.91835908,
          0.89699624,  0.8586319 ],
        [-0.29833154, -0.14137489,  0.        , ...,  0.96508405,
          0.95048002,  0.92247564],
        ...,
        [-0.84299126, -0.91835908, -0.96508405, ...,  0.        ,
          0.05096516,  0.13094216],
        [-0.81448018, -0.89699624, -0.95048002, ..., -0.05096516,
          0.        ,  0.08024563],
        [-0.76529576, -0.8586319 , -0.92247564, ..., -0.13094216,
         -0.08024563,  0.        ]]]), 'num': array([3.09510350e+07, 8.15350000e+04, 5.35000000e+02, 5.77000000e+04,
       5.78000000e+04, 5.39000000e+04, 4.88464000e+05, 4.10000000e+03,
       5.36000000e+04, 5.27900000e+04, 5.17775000e+04, 6.74418605e+01,
       5.78736601e+04, 4.77063399e+04])}
{'img': array([[[ 0.        ,  0.136225  ,  0.04713627, ...,  0.52200986,
          0.65454545,  0.99987203],
        [-0.136225  ,  0.        , -0.08937672, ...,  0.40095197,
          0.54545455,  0.98837183],
        [-0.04713627,  0.08937672,  0.        , ...,  0.48122524,
          0.61818182,  0.99800655],
        ...,
        [-0.52200986, -0.40095197, -0.48122524, ...,  0.        ,
          0.16363636,  0.84447923],
        [-0.65454545, -0.54545455, -0.61818182, ..., -0.16363636,
          0.        ,  0.74545455],
        [-0.99987203, -0.98837183, -0.99800655, ..., -0.84447923,
         -0.74545455,  0.        ]],

       [[ 0.        , -0.1234914 , -0.38900187, ..., -0.51624466,
         -0.3091255 ,  0.93202707],
        [ 0.1234914 ,  0.        , -0.27225947, ..., -0.40653002,
         -0.1893164 ,  0.96964489],
        [ 0.38900187,  0.27225947,  0.        , ..., -0.14242644,
          0.08517121,  0.99958766],
        ...,
        [ 0.51624466,  0.40653002,  0.14242644, ...,  0.        ,
          0.22621184,  0.98530755],
        [ 0.3091255 ,  0.1893164 , -0.08517121, ..., -0.22621184,
          0.        ,  0.99840113],
        [-0.93202707, -0.96964489, -0.99958766, ..., -0.98530755,
         -0.99840113,  0.        ]],

       [[ 0.        ,  0.46563587,  0.55910587, ...,  0.92589635,
          0.96025628,  0.9996182 ],
        [-0.46563587,  0.        ,  0.10873854, ...,  0.64348959,
          0.71983596,  0.89750433],
        [-0.55910587, -0.10873854,  0.        , ...,  0.55643951,
          0.64008738,  0.84422816],
        ...,
        [-0.92589635, -0.64348959, -0.55643951, ...,  0.        ,
          0.10432735,  0.4032165 ],
        [-0.96025628, -0.71983596, -0.64008738, ..., -0.10432735,
          0.        ,  0.30554572],
        [-0.9996182 , -0.89750433, -0.84422816, ..., -0.4032165 ,
         -0.30554572,  0.        ]],

       ...,

       [[ 0.        , -0.26839446, -0.37657582, ..., -0.92166057,
         -0.94237539, -0.63243281],
        [ 0.26839446,  0.        , -0.11412209, ..., -0.78370773,
         -0.81800544, -0.40132584],
        [ 0.37657582,  0.11412209,  0.        , ..., -0.70770293,
         -0.74701697, -0.29417541],
        ...,
        [ 0.92166057,  0.78370773,  0.70770293, ...,  0.        ,
         -0.05729064,  0.46855018],
        [ 0.94237539,  0.81800544,  0.74701697, ...,  0.05729064,
          0.        ,  0.51839328],
        [ 0.63243281,  0.40132584,  0.29417541, ..., -0.46855018,
         -0.51839328,  0.        ]],

       [[ 0.        ,  0.49762143,  0.60594476, ...,  0.54972064,
          0.72466344,  0.71932231],
        [-0.49762143,  0.        ,  0.12973185, ...,  0.89251191,
          0.97148136,  0.96962199],
        [-0.60594476, -0.12973185,  0.        , ...,  0.94348155,
          0.99403297,  0.99316131],
        ...,
        [-0.54972064, -0.89251191, -0.94348155, ...,  0.        ,
         -0.22653244, -0.21900686],
        [-0.72466344, -0.97148136, -0.99403297, ...,  0.22653244,
          0.        ,  0.00771951],
        [-0.71932231, -0.96962199, -0.99316131, ...,  0.21900686,
         -0.00771951,  0.        ]],

       [[ 0.        ,  0.25402539,  0.5232191 , ...,  0.81642187,
          0.76724258,  0.77060118],
        [-0.25402539,  0.        ,  0.28957625, ...,  0.9363297 ,
          0.90499611,  0.90721845],
        [-0.5232191 , -0.28957625,  0.        , ...,  0.99788921,
          0.98941299,  0.99016172],
        ...,
        [-0.81642187, -0.9363297 , -0.99788921, ...,  0.        ,
          0.08056914,  0.07533189],
        [-0.76724258, -0.90499611, -0.98941299, ..., -0.08056914,
          0.        , -0.00525322],
        [-0.77060118, -0.90721845, -0.99016172, ..., -0.07533189,
          0.00525322,  0.        ]]]), 'num': array([3.11115350e+07, 8.15350000e+04, 5.35000000e+02, 5.80000000e+04,
       5.87000000e+04, 5.63000000e+04, 3.86284000e+05, 3.00000000e+02,
       5.49800000e+04, 5.28600000e+04, 5.19108333e+04, 7.43801653e+01,
       5.81844342e+04, 4.75355658e+04])}
{'img': array([[[ 0.        , -0.08937672, -0.22237965, ...,  0.54545455,
          0.98837183,  0.99778505],
        [ 0.08937672,  0.        , -0.13435093, ...,  0.61818182,
          0.99800655,  0.9997372 ],
        [ 0.22237965,  0.13435093,  0.        , ...,  0.71818182,
          0.99743738,  0.98759349],
        ...,
        [-0.54545455, -0.61818182, -0.71818182, ...,  0.        ,
          0.74545455,  0.8       ],
        [-0.98837183, -0.99800655, -0.99743738, ..., -0.74545455,
          0.        ,  0.08597244],
        [-0.99778505, -0.9997372 , -0.98759349, ..., -0.8       ,
         -0.08597244,  0.        ]],

       [[ 0.        , -0.27225947,  0.06310547, ..., -0.1893164 ,
          0.96964489,  0.76499866],
        [ 0.27225947,  0.        ,  0.33243841, ...,  0.08517121,
          0.99958766,  0.91144375],
        [-0.06310547, -0.33243841,  0.        , ..., -0.25090334,
          0.95228186,  0.72283198],
        ...,
        [ 0.1893164 , -0.08517121,  0.25090334, ...,  0.        ,
          0.99840113,  0.87309032],
        [-0.96964489, -0.99958766, -0.95228186, ..., -0.99840113,
          0.        , -0.43742667],
        [-0.76499866, -0.91144375, -0.72283198, ..., -0.87309032,
          0.43742667,  0.        ]],

       [[ 0.        ,  0.10873854,  0.22877302, ...,  0.71983596,
          0.89750433,  0.99245773],
        [-0.10873854,  0.        ,  0.12156171, ...,  0.64008738,
          0.84422816,  0.97324287],
        [-0.22877302, -0.12156171,  0.        , ...,  0.54194429,
          0.77281213,  0.93809287],
        ...,
        [-0.71983596, -0.64008738, -0.54194429, ...,  0.        ,
          0.30554572,  0.60066602],
        [-0.89750433, -0.84422816, -0.77281213, ..., -0.30554572,
          0.        ,  0.3276568 ],
        [-0.99245773, -0.97324287, -0.93809287, ..., -0.60066602,
         -0.3276568 ,  0.        ]],

       ...,

       [[ 0.        , -0.11412209, -0.29587912, ..., -0.81800544,
         -0.40132584, -0.10213732],
        [ 0.11412209,  0.        , -0.18493374, ..., -0.74701697,
         -0.29417541,  0.01205524],
        [ 0.29587912,  0.18493374,  0.        , ..., -0.6111868 ,
         -0.11235049,  0.1967676 ],
        ...,
        [ 0.81800544,  0.74701697,  0.6111868 , ...,  0.        ,
          0.51839328,  0.75497707],
        [ 0.40132584,  0.29417541,  0.11235049, ..., -0.51839328,
          0.        ,  0.30567584],
        [ 0.10213732, -0.01205524, -0.1967676 , ..., -0.75497707,
         -0.30567584,  0.        ]],

       [[ 0.        ,  0.16094395,  0.21195874, ...,  0.93861958,
          0.93588116,  0.89291654],
        [-0.16094395,  0.        ,  0.05190847, ...,  0.98190157,
          0.9803837 ,  0.95373662],
        [-0.21195874, -0.05190847,  0.        , ...,  0.99040886,
          0.98929307,  0.96805677],
        ...,
        [-0.93861958, -0.98190157, -0.99040886, ...,  0.        ,
          0.00785454,  0.11457223],
        [-0.93588116, -0.9803837 , -0.98929307, ..., -0.00785454,
          0.        ,  0.10676587],
        [-0.89291654, -0.95373662, -0.96805677, ..., -0.11457223,
         -0.10676587,  0.        ]],

       [[ 0.        ,  0.46921668,  0.68238165, ...,  0.77220229,
          0.7755631 ,  0.8133583 ],
        [-0.46921668,  0.        ,  0.25960412, ...,  0.98004814,
          0.98108908,  0.99123588],
        [-0.68238165, -0.25960412,  0.        , ...,  0.99804629,
          0.99770069,  0.99154619],
        ...,
        [-0.77220229, -0.98004814, -0.99804629, ...,  0.        ,
         -0.00530658, -0.06755017],
        [-0.7755631 , -0.98108908, -0.99770069, ...,  0.00530658,
          0.        , -0.06225476],
        [-0.8133583 , -0.99123588, -0.99154619, ...,  0.06755017,
          0.06225476,  0.        ]]]), 'num': array([ 3.10045350e+07,  8.15350000e+04,  5.35000000e+02,  5.78000000e+04,
        5.96000000e+04,  5.70000000e+04,  2.31433000e+05, -2.00000000e+02,
        5.59600000e+04,  5.29500000e+04,  5.20308333e+04,  8.33333333e+01,
        5.85380229e+04,  4.73619771e+04])}
{'img': array([[[ 0.        , -0.13435093,  0.08937672, ...,  0.99800655,
          0.9997372 ,  0.99937199],
        [ 0.13435093,  0.        ,  0.22237965, ...,  0.99743738,
          0.98759349,  0.9950722 ],
        [-0.08937672, -0.22237965,  0.        , ...,  0.98837183,
          0.99778505,  0.99220535],
        ...,
        [-0.99800655, -0.99743738, -0.98837183, ...,  0.        ,
          0.08597244,  0.02770658],
        [-0.9997372 , -0.98759349, -0.99778505, ..., -0.08597244,
          0.        , -0.05833544],
        [-0.99937199, -0.9950722 , -0.99220535, ..., -0.02770658,
          0.05833544,  0.        ]],

       [[ 0.        ,  0.33243841,  0.32993616, ...,  0.99958766,
          0.91144375,  0.53320258],
        [-0.33243841,  0.        , -0.00265191, ...,  0.95228186,
          0.72283198,  0.22163789],
        [-0.32993616,  0.00265191,  0.        , ...,  0.95308793,
          0.72466197,  0.22422307],
        ...,
        [-0.99958766, -0.95228186, -0.95308793, ...,  0.        ,
         -0.43742667, -0.86094938],
        [-0.91144375, -0.72283198, -0.72466197, ...,  0.43742667,
          0.        , -0.55169739],
        [-0.53320258, -0.22163789, -0.22422307, ...,  0.86094938,
          0.55169739,  0.        ]],

       [[ 0.        ,  0.12156171,  0.16173319, ...,  0.84422816,
          0.97324287,  0.99912342],
        [-0.12156171,  0.        ,  0.04057246, ...,  0.77281213,
          0.93809287,  0.99680256],
        [-0.16173319, -0.04057246,  0.        , ...,  0.7464271 ,
          0.9232668 ,  0.99273989],
        ...,
        [-0.84422816, -0.77281213, -0.7464271 , ...,  0.        ,
          0.3276568 ,  0.57085486],
        [-0.97324287, -0.93809287, -0.9232668 , ..., -0.3276568 ,
          0.        ,  0.27031891],
        [-0.99912342, -0.99680256, -0.99273989, ..., -0.57085486,
         -0.27031891,  0.        ]],

       ...,

       [[ 0.        , -0.18493374, -0.00680986, ..., -0.29417541,
          0.01205524,  0.68287423],
        [ 0.18493374,  0.        ,  0.17823706, ..., -0.11235049,
          0.1967676 ,  0.80619608],
        [ 0.00680986, -0.17823706,  0.        , ..., -0.28766005,
          0.01886433,  0.68783325],
        ...,
        [ 0.29417541,  0.11235049,  0.28766005, ...,  0.        ,
          0.30567584,  0.86756375],
        [-0.01205524, -0.1967676 , -0.01886433, ..., -0.30567584,
          0.        ,  0.67401783],
        [-0.68287423, -0.80619608, -0.68783325, ..., -0.86756375,
         -0.67401783,  0.        ]],

       [[ 0.        ,  0.05190847,  0.14827956, ...,  0.9803837 ,
          0.95373662,  0.90196065],
        [-0.05190847,  0.        ,  0.096745  , ...,  0.98929307,
          0.96805677,  0.92315969],
        [-0.14827956, -0.096745  ,  0.        , ...,  0.9987717 ,
          0.98777279,  0.95601973],
        ...,
        [-0.9803837 , -0.98929307, -0.9987717 , ...,  0.        ,
          0.10676587,  0.24557249],
        [-0.95373662, -0.96805677, -0.98777279, ..., -0.10676587,
          0.        ,  0.14067233],
        [-0.90196065, -0.92315969, -0.95601973, ..., -0.24557249,
         -0.14067233,  0.        ]],

       [[ 0.        ,  0.54494738,  0.71142745, ...,  0.79364869,
          0.83131901,  0.86466541],
        [-0.54494738,  0.        ,  0.21354376, ...,  0.9969839 ,
          0.99991559,  0.99874956],
        [-0.71142745, -0.21354376,  0.        , ...,  0.99055982,
          0.97962559,  0.96503619],
        ...,
        [-0.79364869, -0.9969839 , -0.99055982, ...,  0.        ,
         -0.06464839, -0.12735397],
        [-0.83131901, -0.99991559, -0.97962559, ...,  0.06464839,
          0.        , -0.06296558],
        [-0.86466541, -0.99874956, -0.96503619, ...,  0.12735397,
          0.06296558,  0.        ]]]), 'num': array([ 3.07068830e+07,  7.41008300e+06,  4.08000000e+02,  5.71000000e+04,
        5.86000000e+04,  5.70000000e+04,  1.29146000e+05, -7.00000000e+02,
        5.68400000e+04,  5.28500000e+04,  5.21458333e+04,  7.96460177e+01,
        5.80524994e+04,  4.76475006e+04])}
{'img': array([[[ 0.        ,  0.22237965,  0.01297745, ...,  0.98759349,
          0.9950722 ,  0.99681485],
        [-0.22237965,  0.        , -0.20970843, ...,  0.99778505,
          0.99220535,  0.95411983],
        [-0.01297745,  0.20970843,  0.        , ...,  0.9895482 ,
          0.99627515,  0.99569594],
        ...,
        [-0.98759349, -0.99778505, -0.9895482 , ...,  0.        ,
         -0.05833544, -0.23529319],
        [-0.9950722 , -0.99220535, -0.99627515, ...,  0.05833544,
          0.        , -0.17819485],
        [-0.99681485, -0.95411983, -0.99569594, ...,  0.23529319,
          0.17819485,  0.        ]],

       [[ 0.        , -0.00265191, -0.49845604, ...,  0.72283198,
          0.22163789, -0.203201  ],
        [ 0.00265191,  0.        , -0.49615531, ...,  0.72466197,
          0.22422307, -0.2006037 ],
        [ 0.49845604,  0.49615531,  0.        , ...,  0.97107887,
          0.67820017,  0.31189879],
        ...,
        [-0.72283198, -0.72466197, -0.97107887, ...,  0.        ,
         -0.55169739, -0.8481683 ],
        [-0.22163789, -0.22422307, -0.67820017, ...,  0.55169739,
          0.        , -0.41516106],
        [ 0.203201  ,  0.2006037 , -0.31189879, ...,  0.8481683 ,
          0.41516106,  0.        ]],

       [[ 0.        ,  0.04057246,  0.02203712, ...,  0.93809287,
          0.99680256,  0.96999157],
        [-0.04057246,  0.        , -0.01854363, ...,  0.9232668 ,
          0.99273989,  0.9790576 ],
        [-0.02203712,  0.01854363,  0.        , ...,  0.93023176,
          0.99479964,  0.97511408],
        ...,
        [-0.93809287, -0.9232668 , -0.93023176, ...,  0.        ,
          0.27031891,  0.56407596],
        [-0.99680256, -0.99273989, -0.99479964, ..., -0.27031891,
          0.        ,  0.31986736],
        [-0.96999157, -0.9790576 , -0.97511408, ..., -0.56407596,
         -0.31986736,  0.        ]],

       ...,

       [[ 0.        ,  0.17823706, -0.05443604, ...,  0.1967676 ,
          0.80619608,  0.48600741],
        [-0.17823706,  0.        , -0.23153716, ...,  0.01886433,
          0.68783325,  0.32245414],
        [ 0.05443604,  0.23153716,  0.        , ...,  0.24984767,
          0.8372077 ,  0.53286142],
        ...,
        [-0.1967676 , -0.01886433, -0.24984767, ...,  0.        ,
          0.67401783,  0.30454007],
        [-0.80619608, -0.68783325, -0.8372077 , ..., -0.67401783,
          0.        , -0.41703332],
        [-0.48600741, -0.32245414, -0.53286142, ..., -0.30454007,
          0.41703332,  0.        ]],

       [[ 0.        ,  0.096745  ,  0.0866845 , ...,  0.96805677,
          0.92315969,  0.97874572],
        [-0.096745  ,  0.        , -0.01010296, ...,  0.98777279,
          0.95601973,  0.99399485],
        [-0.0866845 ,  0.01010296,  0.        , ...,  0.98614733,
          0.95300771,  0.99283859],
        ...,
        [-0.96805677, -0.98777279, -0.98614733, ...,  0.        ,
          0.14067233, -0.04687526],
        [-0.92315969, -0.95601973, -0.95300771, ..., -0.14067233,
          0.        , -0.18692685],
        [-0.97874572, -0.99399485, -0.99283859, ...,  0.04687526,
          0.18692685,  0.        ]],

       [[ 0.        ,  0.52294629,  0.76793067, ...,  0.85612588,
          0.88863039,  0.83234375],
        [-0.52294629,  0.        ,  0.31959337, ...,  0.99997384,
          0.99727376,  0.9993093 ],
        [-0.76793067, -0.31959337,  0.        , ...,  0.94521834,
          0.92138854,  0.95877668],
        ...,
        [-0.85612588, -0.99997384, -0.94521834, ...,  0.        ,
         -0.06657524,  0.04438806],
        [-0.88863039, -0.99727376, -0.92138854, ...,  0.06657524,
          0.        ,  0.1107992 ],
        [-0.83234375, -0.9993093 , -0.95877668, ..., -0.04438806,
         -0.1107992 ,  0.        ]]]), 'num': array([ 3.04021650e+07,  5.86816500e+06,  4.35000000e+02,  5.64000000e+04,
        5.74000000e+04,  5.57000000e+04,  1.12844000e+05, -7.00000000e+02,
        5.74000000e+04,  5.30800000e+04,  5.22583333e+04,  7.45762712e+01,
        5.84794815e+04,  4.76805185e+04])}
{'img': array([[[ 0.        , -0.20970843, -0.44887655, ...,  0.99220535,
          0.95411983,  0.89616935],
        [ 0.20970843,  0.        , -0.25150117, ...,  0.99627515,
          0.99569594,  0.96929228],
        [ 0.44887655,  0.25150117,  0.        , ...,  0.94256463,
          0.98700042,  0.99998335],
        ...,
        [-0.99220535, -0.99627515, -0.94256463, ...,  0.        ,
         -0.17819485, -0.32857875],
        [-0.95411983, -0.99569594, -0.98700042, ...,  0.17819485,
          0.        , -0.15501906],
        [-0.89616935, -0.96929228, -0.99998335, ...,  0.32857875,
          0.15501906,  0.        ]],

       [[ 0.        , -0.49615531, -0.44931851, ...,  0.22422307,
         -0.2006037 , -0.27863794],
        [ 0.49615531,  0.        ,  0.05313757, ...,  0.67820017,
          0.31189879,  0.2345828 ],
        [ 0.44931851, -0.05313757,  0.        , ...,  0.63819242,
          0.26097132,  0.18259656],
        ...,
        [-0.22422307, -0.67820017, -0.63819242, ...,  0.        ,
         -0.41516106, -0.48688621],
        [ 0.2006037 , -0.31189879, -0.26097132, ...,  0.41516106,
          0.        , -0.08031489],
        [ 0.27863794, -0.2345828 , -0.18259656, ...,  0.48688621,
          0.08031489,  0.        ]],

       [[ 0.        , -0.01854363, -0.13352338, ...,  0.99273989,
          0.9790576 ,  0.75249947],
        [ 0.01854363,  0.        , -0.11512283, ...,  0.99479964,
          0.97511408,  0.74015738],
        [ 0.13352338,  0.11512283,  0.        , ...,  0.99991088,
          0.94310765,  0.6578238 ],
        ...,
        [-0.99273989, -0.99479964, -0.99991088, ...,  0.        ,
          0.31986736,  0.74432275],
        [-0.9790576 , -0.97511408, -0.94310765, ..., -0.31986736,
          0.        ,  0.49160392],
        [-0.75249947, -0.74015738, -0.6578238 , ..., -0.74432275,
         -0.49160392,  0.        ]],

       ...,

       [[ 0.        , -0.23153716, -0.67030468, ...,  0.68783325,
          0.32245414,  0.02871415],
        [ 0.23153716,  0.        , -0.48026937, ...,  0.8372077 ,
          0.53286142,  0.25937556],
        [ 0.67030468,  0.48026937,  0.        , ...,  0.99698464,
          0.87378912,  0.69133665],
        ...,
        [-0.68783325, -0.8372077 , -0.99698464, ...,  0.        ,
         -0.41703332, -0.66670693],
        [-0.32245414, -0.53286142, -0.87378912, ...,  0.41703332,
          0.        , -0.2951408 ],
        [-0.02871415, -0.25937556, -0.69133665, ...,  0.66670693,
          0.2951408 ,  0.        ]],

       [[ 0.        , -0.01010296, -0.10468542, ...,  0.95601973,
          0.99399485,  0.96315288],
        [ 0.01010296,  0.        , -0.09463263, ...,  0.95300771,
          0.99283859,  0.96038649],
        [ 0.10468542,  0.09463263,  0.        , ...,  0.92006228,
          0.97707784,  0.92970511],
        ...,
        [-0.95601973, -0.95300771, -0.92006228, ...,  0.        ,
         -0.18692685, -0.0253692 ],
        [-0.99399485, -0.99283859, -0.97707784, ...,  0.18692685,
          0.        ,  0.16194465],
        [-0.96315288, -0.96038649, -0.92970511, ...,  0.0253692 ,
         -0.16194465,  0.        ]],

       [[ 0.        ,  0.63649094,  0.86618657, ...,  0.90960407,
          0.85493565,  0.84757551],
        [-0.63649094,  0.        ,  0.35000826, ...,  0.96601004,
          0.98956787,  0.99149129],
        [-0.86618657, -0.35000826,  0.        , ...,  0.8144279 ,
          0.87654957,  0.88321447],
        ...,
        [-0.90960407, -0.96601004, -0.8144279 , ...,  0.        ,
          0.11663724,  0.13055656],
        [-0.85493565, -0.98956787, -0.87654957, ..., -0.11663724,
          0.        ,  0.01402653],
        [-0.84757551, -0.99149129, -0.88321447, ..., -0.13055656,
         -0.01402653,  0.        ]]]), 'num': array([ 2.98149330e+07,  2.82213300e+06,  4.89000000e+02,  5.52000000e+04,
        5.64000000e+04,  5.49000000e+04,  1.74088000e+05, -1.20000000e+03,
        5.69000000e+04,  5.31900000e+04,  5.23350000e+04,  7.21311475e+01,
        5.86675542e+04,  4.77124458e+04])}
{'img': array([[[ 0.        , -0.25150117, -0.0529836 , ...,  0.99569594,
          0.96929228,  0.88354819],
        [ 0.25150117,  0.        ,  0.19986736, ...,  0.98700042,
          0.99998335,  0.97293642],
        [ 0.0529836 , -0.19986736,  0.        , ...,  0.99920789,
          0.98096007,  0.90712149],
        ...,
        [-0.99569594, -0.98700042, -0.99920789, ...,  0.        ,
         -0.15501906, -0.38443722],
        [-0.96929228, -0.99998335, -0.98096007, ...,  0.15501906,
          0.        , -0.23668392],
        [-0.88354819, -0.97293642, -0.90712149, ...,  0.38443722,
          0.23668392,  0.        ]],

       [[ 0.        ,  0.05313757,  0.04068608, ...,  0.31189879,
          0.2345828 ,  0.49412081],
        [-0.05313757,  0.        , -0.01246497, ...,  0.26097132,
          0.18259656,  0.44722527],
        [-0.04068608,  0.01246497,  0.        , ...,  0.27298406,
          0.19483778,  0.45833946],
        ...,
        [-0.31189879, -0.26097132, -0.27298406, ...,  0.        ,
         -0.08031489,  0.19830906],
        [-0.2345828 , -0.18259656, -0.19483778, ...,  0.08031489,
          0.        ,  0.27638823],
        [-0.49412081, -0.44722527, -0.45833946, ..., -0.19830906,
         -0.27638823,  0.        ]],

       [[ 0.        , -0.11512283, -0.16519782, ...,  0.97511408,
          0.74015738,  0.96830104],
        [ 0.11512283,  0.        , -0.05055837, ...,  0.94310765,
          0.6578238 ,  0.93310698],
        [ 0.16519782,  0.05055837,  0.        , ...,  0.92509149,
          0.61890338,  0.91373291],
        ...,
        [-0.97511408, -0.94310765, -0.92509149, ...,  0.        ,
          0.49160392,  0.02889402],
        [-0.74015738, -0.6578238 , -0.61890338, ..., -0.49160392,
          0.        , -0.46623721],
        [-0.96830104, -0.93310698, -0.91373291, ..., -0.02889402,
          0.46623721,  0.        ]],

       ...,

       [[ 0.        , -0.48026937, -0.38470463, ...,  0.53286142,
          0.25937556,  0.14431341],
        [ 0.48026937,  0.        ,  0.10587518, ...,  0.87378912,
          0.69133665,  0.60182225],
        [ 0.38470463, -0.10587518,  0.        , ...,  0.81739029,
          0.61095266,  0.51388457],
        ...,
        [-0.53286142, -0.87378912, -0.81739029, ...,  0.        ,
         -0.2951408 , -0.40516507],
        [-0.25937556, -0.69133665, -0.61095266, ...,  0.2951408 ,
          0.        , -0.11728592],
        [-0.14431341, -0.60182225, -0.51388457, ...,  0.40516507,
          0.11728592,  0.        ]],

       [[ 0.        , -0.09463263, -0.06196684, ...,  0.99283859,
          0.96038649,  0.93308269],
        [ 0.09463263,  0.        ,  0.03276202, ...,  0.97707784,
          0.92970511,  0.89485951],
        [ 0.06196684, -0.03276202,  0.        , ...,  0.98352778,
          0.94127243,  0.90900239],
        ...,
        [-0.99283859, -0.97707784, -0.98352778, ...,  0.        ,
          0.16194465,  0.24561687],
        [-0.96038649, -0.92970511, -0.94127243, ..., -0.16194465,
          0.        ,  0.08539089],
        [-0.93308269, -0.89485951, -0.90900239, ..., -0.24561687,
         -0.08539089,  0.        ]],

       [[ 0.        ,  0.72058064,  0.8079928 , ...,  0.88967675,
          0.88262726,  0.87555926],
        [-0.72058064,  0.        ,  0.13567828, ...,  0.94588677,
          0.95071415,  0.95520777],
        [-0.8079928 , -0.13567828,  0.        , ...,  0.89311293,
          0.89985326,  0.90622283],
        ...,
        [-0.88967675, -0.94588677, -0.89311293, ...,  0.        ,
          0.01521388,  0.03003997],
        [-0.88262726, -0.95071415, -0.89985326, ..., -0.01521388,
          0.        ,  0.01482948],
        [-0.87555926, -0.95520777, -0.90622283, ..., -0.03003997,
         -0.01482948,  0.        ]]]), 'num': array([2.98677040e+07, 5.03404000e+05, 5.31000000e+02, 5.53000000e+04,
       5.63000000e+04, 5.50000000e+04, 9.27790000e+04, 1.00000000e+02,
       5.63600000e+04, 5.32950000e+04, 5.24283333e+04, 6.99115044e+01,
       5.88492686e+04, 4.77407314e+04])}
{'img': array([[[ 0.        ,  0.19986736,  0.        , ...,  0.99998335,
          0.97293642,  0.9771637 ],
        [-0.19986736,  0.        , -0.19986736, ...,  0.98096007,
          0.90712149,  0.91497804],
        [ 0.        ,  0.19986736,  0.        , ...,  0.99998335,
          0.97293642,  0.9771637 ],
        ...,
        [-0.99998335, -0.98096007, -0.99998335, ...,  0.        ,
         -0.23668392, -0.21812351],
        [-0.97293642, -0.90712149, -0.97293642, ...,  0.23668392,
          0.        ,  0.01905894],
        [-0.9771637 , -0.91497804, -0.9771637 , ...,  0.21812351,
         -0.01905894,  0.        ]],

       [[ 0.        , -0.01246497, -0.07817028, ...,  0.18259656,
          0.44722527,  0.07518928],
        [ 0.01246497,  0.        , -0.06573738, ...,  0.19483778,
          0.45833946,  0.08761312],
        [ 0.07817028,  0.06573738,  0.        , ...,  0.2588939 ,
          0.51577394,  0.1529082 ],
        ...,
        [-0.18259656, -0.19483778, -0.2588939 , ...,  0.        ,
          0.27638823, -0.10815449],
        [-0.44722527, -0.45833946, -0.51577394, ..., -0.27638823,
          0.        , -0.37870841],
        [-0.07518928, -0.08761312, -0.1529082 , ...,  0.10815449,
          0.37870841,  0.        ]],

       [[ 0.        , -0.05055837, -0.11246562, ...,  0.6578238 ,
          0.93310698,  0.98942928],
        [ 0.05055837,  0.        , -0.06208419, ...,  0.61890338,
          0.91373291,  0.98083212],
        [ 0.11246562,  0.06208419,  0.        , ...,  0.56894437,
          0.88674448,  0.96684262],
        ...,
        [-0.6578238 , -0.61890338, -0.56894437, ...,  0.        ,
         -0.46623721, -0.64981516],
        [-0.93310698, -0.91373291, -0.88674448, ...,  0.46623721,
          0.        , -0.22048201],
        [-0.98942928, -0.98083212, -0.96684262, ...,  0.64981516,
          0.22048201,  0.        ]],

       ...,

       [[ 0.        ,  0.10587518, -0.00783745, ...,  0.69133665,
          0.60182225,  0.52001865],
        [-0.10587518,  0.        , -0.11366532, ...,  0.61095266,
          0.51388457,  0.42666205],
        [ 0.00783745,  0.11366532,  0.        , ...,  0.69697823,
          0.60806299,  0.52669707],
        ...,
        [-0.69133665, -0.61095266, -0.69697823, ...,  0.        ,
         -0.11728592, -0.21477806],
        [-0.60182225, -0.51388457, -0.60806299, ...,  0.11728592,
          0.        , -0.0987469 ],
        [-0.52001865, -0.42666205, -0.52669707, ...,  0.21477806,
          0.0987469 ,  0.        ]],

       [[ 0.        ,  0.03276202,  0.0185391 , ...,  0.92970511,
          0.89485951,  0.84712149],
        [-0.03276202,  0.        , -0.01422725, ...,  0.94127243,
          0.90900239,  0.86407645],
        [-0.0185391 ,  0.01422725,  0.        , ...,  0.93637336,
          0.90298061,  0.85682756],
        ...,
        [-0.92970511, -0.94127243, -0.93637336, ...,  0.        ,
          0.08539089,  0.18204572],
        [-0.89485951, -0.90900239, -0.90298061, ..., -0.08539089,
          0.        ,  0.09741679],
        [-0.84712149, -0.86407645, -0.85682756, ..., -0.18204572,
         -0.09741679,  0.        ]],

       [[ 0.        ,  0.48056895,  0.69130571, ...,  0.92738169,
          0.92102033,  0.91513121],
        [-0.48056895,  0.        ,  0.25900429, ...,  0.99306262,
          0.99488375,  0.99627499],
        [-0.69130571, -0.25900429,  0.        , ...,  0.92872005,
          0.93476826,  0.93994353],
        ...,
        [-0.92738169, -0.99306262, -0.92872005, ...,  0.        ,
          0.01665966,  0.03151387],
        [-0.92102033, -0.99488375, -0.93476826, ..., -0.01665966,
          0.        ,  0.01485811],
        [-0.91513121, -0.99627499, -0.93994353, ..., -0.03151387,
         -0.01485811,  0.        ]]]), 'num': array([3.10468650e+07, 2.26865000e+05, 5.36000000e+02, 5.75000000e+04,
       5.82000000e+04, 5.48000000e+04, 1.40872000e+05, 2.20000000e+03,
       5.63000000e+04, 5.35650000e+04, 5.25725000e+04, 7.36434109e+01,
       5.93795593e+04, 4.77504407e+04])}
{'img': array([[[ 0.        , -0.19986736,  0.09084584, ...,  0.90712149,
          0.91497804,  0.99828185],
        [ 0.19986736,  0.        ,  0.28805375, ...,  0.97293642,
          0.9771637 ,  0.96642832],
        [-0.09084584, -0.28805375,  0.        , ...,  0.86513633,
          0.87453795,  0.99947701],
        ...,
        [-0.90712149, -0.97293642, -0.86513633, ...,  0.        ,
          0.01905894,  0.47329826],
        [-0.91497804, -0.9771637 , -0.87453795, ..., -0.01905894,
          0.        ,  0.45642322],
        [-0.99828185, -0.96642832, -0.99947701, ..., -0.47329826,
         -0.45642322,  0.        ]],

       [[ 0.        , -0.06573738,  0.04468066, ...,  0.45833946,
          0.08761312,  0.32519897],
        [ 0.06573738,  0.        ,  0.11025574, ...,  0.51577394,
          0.1529082 ,  0.38665982],
        [-0.04468066, -0.11025574,  0.        , ...,  0.41817058,
          0.04301678,  0.28262213],
        ...,
        [-0.45833946, -0.51577394, -0.41817058, ...,  0.        ,
         -0.37870841, -0.14439727],
        [-0.08761312, -0.1529082 , -0.04301678, ...,  0.37870841,
          0.        ,  0.24109748],
        [-0.32519897, -0.38665982, -0.28262213, ...,  0.14439727,
         -0.24109748,  0.        ]],

       [[ 0.        , -0.06208419, -0.12559391, ...,  0.91373291,
          0.98083212,  0.98471486],
        [ 0.06208419,  0.        , -0.06375904, ...,  0.88674448,
          0.96684262,  0.9720018 ],
        [ 0.12559391,  0.06375904,  0.        , ...,  0.85546699,
          0.94859307,  0.95504241],
        ...,
        [-0.91373291, -0.88674448, -0.85546699, ...,  0.        ,
         -0.22048201, -0.24095611],
        [-0.98083212, -0.96684262, -0.94859307, ...,  0.22048201,
          0.        , -0.02104069],
        [-0.98471486, -0.9720018 , -0.95504241, ...,  0.24095611,
          0.02104069,  0.        ]],

       ...,

       [[ 0.        , -0.11366532,  0.03816795, ...,  0.51388457,
          0.42666205,  0.57378144],
        [ 0.11366532,  0.        ,  0.15150309, ...,  0.60806299,
          0.52669707,  0.66315567],
        [-0.03816795, -0.15150309,  0.        , ...,  0.48076738,
          0.39183164,  0.54210347],
        ...,
        [-0.51388457, -0.60806299, -0.48076738, ...,  0.        ,
         -0.0987469 ,  0.07134796],
        [-0.42666205, -0.52669707, -0.39183164, ...,  0.0987469 ,
          0.        ,  0.16949449],
        [-0.57378144, -0.66315567, -0.54210347, ..., -0.07134796,
         -0.16949449,  0.        ]],

       [[ 0.        , -0.01406032, -0.0070469 , ...,  0.93575079,
          0.90379949,  0.58654868],
        [ 0.01406032,  0.        ,  0.00701376, ...,  0.93069975,
          0.89769295,  0.57510305],
        [ 0.0070469 , -0.00701376,  0.        , ...,  0.93324238,
          0.90076128,  0.58082673],
        ...,
        [-0.93575079, -0.93069975, -0.93324238, ...,  0.        ,
          0.08172462,  0.55102424],
        [-0.90379949, -0.89769295, -0.90076128, ..., -0.08172462,
          0.        ,  0.48098271],
        [-0.58654868, -0.57510305, -0.58082673, ..., -0.55102424,
         -0.48098271,  0.        ]],

       [[ 0.        ,  0.54951449,  0.76500379, ...,  0.93693845,
          0.9313871 ,  0.92942149],
        [-0.54951449,  0.        ,  0.28524707, ...,  0.9748495 ,
          0.97819912,  0.97929874],
        [-0.76500379, -0.28524707,  0.        , ...,  0.87077706,
          0.87832186,  0.88087302],
        ...,
        [-0.93693845, -0.9748495 , -0.87077706, ...,  0.        ,
          0.0155594 ,  0.02092131],
        [-0.9313871 , -0.97819912, -0.87832186, ..., -0.0155594 ,
          0.        ,  0.00536279],
        [-0.92942149, -0.97929874, -0.88087302, ..., -0.02092131,
         -0.00536279,  0.        ]]]), 'num': array([ 3.05644650e+07,  2.26865000e+05,  5.36000000e+02,  5.66000000e+04,
        5.77000000e+04,  5.62000000e+04,  7.10600000e+04, -9.00000000e+02,
        5.62000000e+04,  5.38650000e+04,  5.26908333e+04,  6.88405797e+01,
        5.96557771e+04,  4.80742229e+04])}
{'img': array([[[ 0.        ,  0.28805375, -0.5041153 , ...,  0.9771637 ,
          0.96642832,  0.99882051],
        [-0.28805375,  0.        , -0.73152168, ...,  0.87453795,
          0.99947701,  0.97047119],
        [ 0.5041153 ,  0.73152168,  0.        , ...,  0.9510325 ,
          0.70511707,  0.83814041],
        ...,
        [-0.9771637 , -0.87453795, -0.9510325 , ...,  0.        ,
          0.45642322,  0.25968342],
        [-0.96642832, -0.99947701, -0.70511707, ..., -0.45642322,
          0.        , -0.20970843],
        [-0.99882051, -0.97047119, -0.83814041, ..., -0.25968342,
          0.20970843,  0.        ]],

       [[ 0.        ,  0.11025574,  0.09909635, ...,  0.1529082 ,
          0.38665982,  0.01776028],
        [-0.11025574,  0.        , -0.01122086, ...,  0.04301678,
          0.28262213, -0.09258635],
        [-0.09909635,  0.01122086,  0.        , ...,  0.05422454,
          0.29336774, -0.08140786],
        ...,
        [-0.1529082 , -0.04301678, -0.05422454, ...,  0.        ,
          0.24109748, -0.13533266],
        [-0.38665982, -0.28262213, -0.29336774, ..., -0.24109748,
          0.        , -0.3702199 ],
        [-0.01776028,  0.09258635,  0.08140786, ...,  0.13533266,
          0.3702199 ,  0.        ]],

       [[ 0.        , -0.06375904, -0.22896019, ...,  0.96684262,
          0.9720018 ,  0.97943009],
        [ 0.06375904,  0.        , -0.166429  , ...,  0.94859307,
          0.95504241,  0.96457172],
        [ 0.22896019,  0.166429  ,  0.        , ...,  0.88268896,
          0.89238179,  0.90721185],
        ...,
        [-0.96684262, -0.94859307, -0.88268896, ...,  0.        ,
         -0.02104069, -0.0550268 ],
        [-0.9720018 , -0.95504241, -0.89238179, ...,  0.02104069,
          0.        , -0.0340058 ],
        [-0.97943009, -0.96457172, -0.90721185, ...,  0.0550268 ,
          0.0340058 ,  0.        ]],

       ...,

       [[ 0.        ,  0.15150309, -0.08249959, ...,  0.52669707,
          0.66315567,  0.48725332],
        [-0.15150309,  0.        , -0.23253391, ...,  0.39183164,
          0.54210347,  0.34932716],
        [ 0.08249959,  0.23253391,  0.        , ...,  0.59503064,
          0.72264446,  0.55763597],
        ...,
        [-0.52669707, -0.39183164, -0.59503064, ...,  0.        ,
          0.16949449, -0.04575267],
        [-0.66315567, -0.54210347, -0.72264446, ..., -0.16949449,
          0.        , -0.21440768],
        [-0.48725332, -0.34932716, -0.55763597, ...,  0.04575267,
          0.21440768,  0.        ]],

       [[ 0.        ,  0.00689297, -0.06956188, ...,  0.93739646,
          0.81770457,  0.56696816],
        [-0.00689297,  0.        , -0.0764365 , ...,  0.93977476,
          0.821653  ,  0.5726327 ],
        [ 0.06956188,  0.0764365 ,  0.        , ...,  0.91089984,
          0.77568133,  0.50829387],
        ...,
        [-0.93739646, -0.93977476, -0.91089984, ...,  0.        ,
          0.25482398,  0.57471603],
        [-0.81770457, -0.821653  , -0.77568133, ..., -0.25482398,
          0.        ,  0.34720725],
        [-0.56696816, -0.5726327 , -0.50829387, ..., -0.57471603,
         -0.34720725,  0.        ]],

       [[ 0.        ,  0.61132321,  0.82867356, ...,  0.95170053,
          0.94992938,  0.8695929 ],
        [-0.61132321,  0.        ,  0.31361925, ...,  0.940851  ,
          0.942773  ,  0.990032  ],
        [-0.82867356, -0.31361925,  0.        , ...,  0.7871233 ,
          0.79063728,  0.89591276],
        ...,
        [-0.95170053, -0.940851  , -0.7871233 , ...,  0.        ,
          0.00571801,  0.20293131],
        [-0.94992938, -0.942773  , -0.79063728, ..., -0.00571801,
          0.        ,  0.19732895],
        [-0.8695929 , -0.990032  , -0.89591276, ..., -0.20293131,
         -0.19732895,  0.        ]]]), 'num': array([3.18532570e+07, 1.70257000e+05, 5.37000000e+02, 5.90000000e+04,
       6.01000000e+04, 5.66000000e+04, 2.61434000e+05, 2.40000000e+03,
       5.67200000e+04, 5.42950000e+04, 5.28600000e+04, 7.53164557e+01,
       6.02670934e+04, 4.83229066e+04])}
{'img': array([[[ 0.        , -0.73152168, -0.588796  , ...,  0.99947701,
          0.97047119,  0.84764657],
        [ 0.73152168,  0.        ,  0.18982375, ...,  0.70511707,
          0.83814041,  0.18982375],
        [ 0.588796  , -0.18982375,  0.        , ...,  0.82689906,
          0.92644172,  0.37274483],
        ...,
        [-0.99947701, -0.70511707, -0.82689906, ...,  0.        ,
         -0.20970843,  0.55769446],
        [-0.97047119, -0.83814041, -0.92644172, ...,  0.20970843,
          0.        ,  0.71936126],
        [-0.84764657, -0.18982375, -0.37274483, ..., -0.55769446,
         -0.71936126,  0.        ]],

       [[ 0.        , -0.01122086, -0.29058623, ...,  0.28262213,
         -0.09258635,  0.69869572],
        [ 0.01122086,  0.        , -0.27983128, ...,  0.29336774,
         -0.08140786,  0.70667934],
        [ 0.29058623,  0.27983128,  0.        , ...,  0.54916607,
          0.20074693,  0.87643706],
        ...,
        [-0.28262213, -0.29336774, -0.54916607, ...,  0.        ,
         -0.3702199 ,  0.46801758],
        [ 0.09258635,  0.08140786, -0.20074693, ...,  0.3702199 ,
          0.        ,  0.76193261],
        [-0.69869572, -0.70667934, -0.87643706, ..., -0.46801758,
         -0.76193261,  0.        ]],

       [[ 0.        , -0.166429  , -0.25750567, ...,  0.95504241,
          0.96457172,  0.89530893],
        [ 0.166429  ,  0.        , -0.09309788, ...,  0.89238179,
          0.90721185,  0.80868737],
        [ 0.25750567,  0.09309788,  0.        , ...,  0.84649281,
          0.86410792,  0.75041143],
        ...,
        [-0.95504241, -0.89238179, -0.84649281, ...,  0.        ,
         -0.0340058 ,  0.15998805],
        [-0.96457172, -0.90721185, -0.86410792, ...,  0.0340058 ,
          0.        ,  0.1934633 ],
        [-0.89530893, -0.80868737, -0.75041143, ..., -0.15998805,
         -0.1934633 ,  0.        ]],

       ...,

       [[ 0.        , -0.23253391, -0.4612705 , ...,  0.54210347,
          0.34932716,  0.61080869],
        [ 0.23253391,  0.        , -0.24230836, ...,  0.72264446,
          0.55763597,  0.77818066],
        [ 0.4612705 ,  0.24230836,  0.        , ...,  0.8685975 ,
          0.7421547 ,  0.90716978],
        ...,
        [-0.54210347, -0.72264446, -0.8685975 , ...,  0.        ,
         -0.21440768,  0.084044  ],
        [-0.34932716, -0.55763597, -0.7421547 , ...,  0.21440768,
          0.        ,  0.2957386 ],
        [-0.61080869, -0.77818066, -0.90716978, ..., -0.084044  ,
         -0.2957386 ,  0.        ]],

       [[ 0.        , -0.07373396, -0.21103408, ...,  0.93585897,
          0.89226222,  0.555648  ],
        [ 0.07373396,  0.        , -0.13838626, ...,  0.90732953,
          0.85654126,  0.49283178],
        [ 0.21103408,  0.13838626,  0.        , ...,  0.84041913,
          0.77688172,  0.36767663],
        ...,
        [-0.93585897, -0.90732953, -0.84041913, ...,  0.        ,
          0.10814609,  0.58229332],
        [-0.89226222, -0.85654126, -0.77688172, ..., -0.10814609,
          0.        ,  0.49095771],
        [-0.555648  , -0.49283178, -0.36767663, ..., -0.58229332,
         -0.49095771,  0.        ]],

       [[ 0.        ,  0.67109206,  0.91455875, ...,  0.97262117,
          0.90051969,  0.80719504],
        [-0.67109206,  0.        ,  0.40660486, ...,  0.87703541,
          0.95942296,  0.99456889],
        [-0.91455875, -0.40660486,  0.        , ...,  0.60591972,
          0.76188203,  0.86632266],
        ...,
        [-0.97262117, -0.87703541, -0.60591972, ...,  0.        ,
          0.21363302,  0.38653435],
        [-0.90051969, -0.95942296, -0.76188203, ..., -0.21363302,
          0.        ,  0.18058241],
        [-0.80719504, -0.99456889, -0.86632266, ..., -0.38653435,
         -0.18058241,  0.        ]]]), 'num': array([ 3.17163300e+07,  7.17973000e+06,  4.18000000e+02,  5.87000000e+04,
        5.94000000e+04,  5.82000000e+04,  8.63660000e+04, -3.00000000e+02,
        5.74200000e+04,  5.47000000e+04,  5.30075000e+04,  7.37500000e+01,
        6.07133186e+04,  4.86866814e+04])}
{'img': array([[[ 0.        ,  0.18982375,  0.67658598, ...,  0.83814041,
          0.18982375,  0.37438655],
        [-0.18982375,  0.        ,  0.52450511, ...,  0.92644172,
          0.37274483,  0.54359791],
        [-0.67658598, -0.52450511,  0.        , ...,  0.98622302,
          0.80406373,  0.90306437],
        ...,
        [-0.83814041, -0.92644172, -0.98622302, ...,  0.        ,
          0.71936126,  0.57297389],
        [-0.18982375, -0.37274483, -0.80406373, ..., -0.71936126,
          0.        , -0.19156113],
        [-0.37438655, -0.54359791, -0.90306437, ..., -0.57297389,
          0.19156113,  0.        ]],

       [[ 0.        , -0.27983128,  0.11855337, ..., -0.08140786,
          0.70667934,  0.01664161],
        [ 0.27983128,  0.        ,  0.39167488, ...,  0.20074693,
          0.87643706,  0.29576929],
        [-0.11855337, -0.39167488,  0.        , ..., -0.19899362,
          0.61781508, -0.10201271],
        ...,
        [ 0.08140786, -0.20074693,  0.19899362, ...,  0.        ,
          0.76193261,  0.09798296],
        [-0.70667934, -0.87643706, -0.61781508, ..., -0.76193261,
          0.        , -0.69480698],
        [-0.01664161, -0.29576929,  0.10201271, ..., -0.09798296,
          0.69480698,  0.        ]],

       [[ 0.        , -0.09298806, -0.08482773, ...,  0.90942414,
          0.81302109,  0.36513362],
        [ 0.09298806,  0.        ,  0.00819271, ...,  0.86681288,
          0.75535762,  0.27698387],
        [ 0.08482773, -0.00819271,  0.        , ...,  0.87086895,
          0.76070105,  0.28484674],
        ...,
        [-0.90942414, -0.86681288, -0.87086895, ...,  0.        ,
          0.19138692,  0.694785  ],
        [-0.81302109, -0.75535762, -0.76070105, ..., -0.19138692,
          0.        ,  0.54429285],
        [-0.36513362, -0.27698387, -0.28484674, ..., -0.694785  ,
         -0.54429285,  0.        ]],

       ...,

       [[ 0.        , -0.24230836,  0.13249047, ...,  0.55763597,
          0.77818066,  0.72621805],
        [ 0.24230836,  0.        ,  0.3687144 , ...,  0.7421547 ,
          0.90716978,  0.87115461],
        [-0.13249047, -0.3687144 ,  0.        , ...,  0.44274157,
          0.68811105,  0.62873343],
        ...,
        [-0.55763597, -0.7421547 , -0.44274157, ...,  0.        ,
          0.2957386 ,  0.21946826],
        [-0.77818066, -0.90716978, -0.68811105, ..., -0.2957386 ,
          0.        , -0.07887718],
        [-0.72621805, -0.87115461, -0.62873343, ..., -0.21946826,
          0.07887718,  0.        ]],

       [[ 0.        , -0.13510677, -0.1166643 , ...,  0.91996259,
          0.80187481,  0.48239023],
        [ 0.13510677,  0.        ,  0.01858956, ...,  0.85856481,
          0.71379723,  0.35961958],
        [ 0.1166643 , -0.01858956,  0.        , ...,  0.86794741,
          0.72669313,  0.37690334],
        ...,
        [-0.91996259, -0.85856481, -0.86794741, ...,  0.        ,
          0.23533049,  0.61674719],
        [-0.80187481, -0.71379723, -0.72669313, ..., -0.23533049,
          0.        ,  0.41418305],
        [-0.48239023, -0.35961958, -0.37690334, ..., -0.61674719,
         -0.41418305,  0.        ]],

       [[ 0.        ,  0.79005179,  0.86333444, ...,  0.93642233,
          0.84835075,  0.61229169],
        [-0.79005179,  0.        ,  0.13057308, ...,  0.85127381,
          0.93835379,  0.99999955],
        [-0.86333444, -0.13057308,  0.        , ...,  0.77547126,
          0.88518422,  0.99156189],
        ...,
        [-0.93642233, -0.85127381, -0.77547126, ...,  0.        ,
          0.19810938,  0.52552762],
        [-0.84835075, -0.93835379, -0.88518422, ..., -0.19810938,
          0.        ,  0.34656481],
        [-0.61229169, -0.99999955, -0.99156189, ..., -0.52552762,
         -0.34656481,  0.        ]]]), 'num': array([3.17584970e+07, 6.94489700e+06, 4.22000000e+02, 5.88000000e+04,
       5.94000000e+04, 5.82000000e+04, 6.36910000e+04, 1.00000000e+02,
       5.81200000e+04, 5.51500000e+04, 5.31858333e+04, 7.06293706e+01,
       6.09732293e+04, 4.93267707e+04])}
{'img': array([[[ 0.        ,  0.65882803,  0.52156589, ...,  0.19068449,
          0.37603489,  0.32720283],
        [-0.65882803,  0.        , -0.16974866, ...,  0.79019016,
          0.89336231,  0.86871486],
        [-0.52156589,  0.16974866,  0.        , ...,  0.67468998,
          0.80412293,  0.7720289 ],
        ...,
        [-0.19068449, -0.79019016, -0.67468998, ...,  0.        ,
         -0.19244587, -0.14101101],
        [-0.37603489, -0.89336231, -0.80412293, ...,  0.19244587,
          0.        ,  0.05214777],
        [-0.32720283, -0.86871486, -0.7720289 , ...,  0.14101101,
         -0.05214777,  0.        ]],

       [[ 0.        ,  0.39167488, -0.02302768, ...,  0.87643706,
          0.29576929,  0.14855876],
        [-0.39167488,  0.        , -0.41275888, ...,  0.61781508,
         -0.10201271, -0.25063924],
        [ 0.02302768,  0.41275888,  0.        , ...,  0.88729287,
          0.31768827,  0.17129152],
        ...,
        [-0.87643706, -0.61781508, -0.88729287, ...,  0.        ,
         -0.69480698, -0.79517827],
        [-0.29576929,  0.10201271, -0.31768827, ...,  0.69480698,
          0.        , -0.15057516],
        [-0.14855876,  0.25063924, -0.17129152, ...,  0.79517827,
          0.15057516,  0.        ]],

       [[ 0.        ,  0.0078754 ,  0.03029136, ...,  0.8737132 ,
          0.73319863,  0.26665782],
        [-0.0078754 ,  0.        ,  0.02241864, ...,  0.87751703,
          0.73853128,  0.27423979],
        [-0.03029136, -0.02241864,  0.        , ...,  0.88804724,
          0.75346074,  0.29573001],
        ...,
        [-0.8737132 , -0.87751703, -0.88804724, ...,  0.        ,
          0.2374795 ,  0.71236375],
        [-0.73319863, -0.73853128, -0.75346074, ..., -0.2374795 ,
          0.        ,  0.52531925],
        [-0.26665782, -0.27423979, -0.29573001, ..., -0.71236375,
         -0.52531925,  0.        ]],

       ...,

       [[ 0.        ,  0.3687144 , -0.08185063, ...,  0.90716978,
          0.87115461,  0.79157651],
        [-0.3687144 ,  0.        , -0.44356087, ...,  0.68811105,
          0.62873343,  0.51049387],
        [ 0.08185063,  0.44356087,  0.        , ...,  0.93856573,
          0.90842093,  0.83893693],
        ...,
        [-0.90716978, -0.68811105, -0.93856573, ...,  0.        ,
         -0.07887718, -0.22127679],
        [-0.87115461, -0.62873343, -0.90842093, ...,  0.07887718,
          0.        , -0.14366547],
        [-0.79157651, -0.51049387, -0.83893693, ...,  0.22127679,
          0.14366547,  0.        ]],

       [[ 0.        ,  0.01834264,  0.00679336, ...,  0.78061905,
          0.6317123 ,  0.35516356],
        [-0.01834264,  0.        , -0.01155   , ...,  0.791952  ,
          0.64582529,  0.37225058],
        [-0.00679336,  0.01155   ,  0.        , ...,  0.78484694,
          0.63696396,  0.36150583],
        ...,
        [-0.78061905, -0.791952  , -0.78484694, ...,  0.        ,
          0.21031348,  0.50774619],
        [-0.6317123 , -0.64582529, -0.63696396, ..., -0.21031348,
          0.        ,  0.31520347],
        [-0.35516356, -0.37225058, -0.36150583, ..., -0.50774619,
         -0.31520347,  0.        ]],

       [[ 0.        ,  0.12640126,  0.24085269, ...,  0.89465004,
          0.9810579 ,  0.73106028],
        [-0.12640126,  0.        ,  0.11624063, ...,  0.83100224,
          0.94870323,  0.8114418 ],
        [-0.24085269, -0.11624063,  0.        , ...,  0.76070787,
          0.90552049,  0.87387599],
        ...,
        [-0.89465004, -0.83100224, -0.76070787, ...,  0.        ,
          0.26499799,  0.9370453 ],
        [-0.9810579 , -0.94870323, -0.90552049, ..., -0.26499799,
          0.        ,  0.81100559],
        [-0.73106028, -0.8114418 , -0.87387599, ..., -0.9370453 ,
         -0.81100559,  0.        ]]]), 'num': array([ 3.13432960e+07,  1.29929600e+06,  5.18000000e+02,  5.80000000e+04,
        5.99000000e+04,  5.75000000e+04,  1.29430000e+05, -8.00000000e+02,
        5.82200000e+04,  5.55100000e+04,  5.33491667e+04,  6.77852349e+01,
        6.10985240e+04,  4.99214760e+04])}
{'img': array([[[ 0.        , -0.19461851, -0.28575429, ...,  0.86464665,
          0.83692792,  0.96586296],
        [ 0.19461851,  0.        , -0.0937869 , ...,  0.75034121,
          0.71440777,  0.8969781 ],
        [ 0.28575429,  0.0937869 ,  0.        , ...,  0.68503603,
          0.64563339,  0.85156364],
        ...,
        [-0.86464665, -0.75034121, -0.68503603, ...,  0.        ,
          0.05277619, -0.26124094],
        [-0.83692792, -0.71440777, -0.64563339, ..., -0.05277619,
          0.        , -0.31182034],
        [-0.96586296, -0.8969781 , -0.85156364, ...,  0.26124094,
          0.31182034,  0.        ]],

       [[ 0.        , -0.41275888, -0.69606174, ..., -0.10201271,
         -0.25063924,  0.12520999],
        [ 0.41275888,  0.        , -0.33764769, ...,  0.31768827,
          0.17129152,  0.52355689],
        [ 0.69606174,  0.33764769,  0.        , ...,  0.61918717,
          0.4938894 ,  0.78048243],
        ...,
        [ 0.10201271, -0.31768827, -0.61918717, ...,  0.        ,
         -0.15057516,  0.22576668],
        [ 0.25063924, -0.17129152, -0.4938894 , ...,  0.15057516,
          0.        ,  0.36988013],
        [-0.12520999, -0.52355689, -0.78048243, ..., -0.22576668,
         -0.36988013,  0.        ]],

       [[ 0.        ,  0.02229774, -0.27281917, ...,  0.76141521,
          0.46354177,  0.27281917],
        [-0.02229774,  0.        , -0.29420322, ...,  0.77568074,
          0.48318399,  0.29420322],
        [ 0.27281917,  0.29420322,  0.        , ...,  0.55567219,
          0.2042192 ,  0.        ],
        ...,
        [-0.76141521, -0.77568074, -0.55567219, ...,  0.        ,
          0.37417336,  0.55567219],
        [-0.46354177, -0.48318399, -0.2042192 , ..., -0.37417336,
          0.        ,  0.2042192 ],
        [-0.27281917, -0.29420322, -0.        , ..., -0.55567219,
         -0.2042192 ,  0.        ]],

       ...,

       [[ 0.        , -0.44356087, -0.4860615 , ...,  0.62873343,
          0.51049387,  0.40277644],
        [ 0.44356087,  0.        , -0.04799106, ...,  0.90842093,
          0.83893693,  0.76697662],
        [ 0.4860615 ,  0.04799106,  0.        , ...,  0.9274372 ,
          0.86408839,  0.79688755],
        ...,
        [-0.62873343, -0.90842093, -0.9274372 , ...,  0.        ,
         -0.14366547, -0.26227131],
        [-0.51049387, -0.83893693, -0.86408839, ...,  0.14366547,
          0.        , -0.12091424],
        [-0.40277644, -0.76697662, -0.79688755, ...,  0.26227131,
          0.12091424,  0.        ]],

       [[ 0.        , -0.01147718, -0.03917314, ...,  0.6946084 ,
          0.56453834,  0.37006822],
        [ 0.01147718,  0.        , -0.02770219, ...,  0.68630611,
          0.55502781,  0.3593815 ],
        [ 0.03917314,  0.02770219,  0.        , ...,  0.66589456,
          0.53177124,  0.33339215],
        ...,
        [-0.6946084 , -0.68630611, -0.66589456, ...,  0.        ,
          0.1672124 ,  0.37907173],
        [-0.56453834, -0.55502781, -0.53177124, ..., -0.1672124 ,
          0.        ,  0.21900186],
        [-0.37006822, -0.3593815 , -0.33339215, ..., -0.37907173,
         -0.21900186,  0.        ]],

       [[ 0.        ,  0.10397062,  0.21079731, ...,  0.86482123,
          0.993076  ,  0.75856687],
        [-0.10397062,  0.        ,  0.10802048, ...,  0.80793265,
          0.97548009,  0.82220247],
        [-0.21079731, -0.10802048,  0.        , ...,  0.73955142,
          0.94599826,  0.87887623],
        ...,
        [-0.86482123, -0.80793265, -0.73955142, ...,  0.        ,
          0.39700983,  0.94437455],
        [-0.993076  , -0.97548009, -0.94599826, ..., -0.39700983,
          0.        ,  0.73619516],
        [-0.75856687, -0.82220247, -0.87887623, ..., -0.94437455,
         -0.73619516,  0.        ]]]), 'num': array([ 3.10703540e+07,  5.64215400e+06,  4.43000000e+02,  5.74000000e+04,
        5.83000000e+04,  5.65000000e+04,  1.15589000e+05, -6.00000000e+02,
        5.83800000e+04,  5.58100000e+04,  5.34800000e+04,  6.30136986e+01,
        6.11210828e+04,  5.04989172e+04])}
{'img': array([[[ 0.        , -0.0937869 ,  0.07859069, ...,  0.71440777,
          0.8969781 ,  0.95816405],
        [ 0.0937869 ,  0.        ,  0.1717411 , ...,  0.64563339,
          0.85156364,  0.92709709],
        [-0.07859069, -0.1717411 ,  0.        , ...,  0.76719032,
          0.92894669,  0.97769461],
        ...,
        [-0.71440777, -0.64563339, -0.76719032, ...,  0.        ,
         -0.31182034, -0.46597826],
        [-0.8969781 , -0.85156364, -0.92894669, ...,  0.31182034,
          0.        , -0.16684764],
        [-0.95816405, -0.92709709, -0.97769461, ...,  0.46597826,
          0.16684764,  0.        ]],

       [[ 0.        , -0.33764769,  0.19779529, ...,  0.17129152,
          0.52355689,  0.46462585],
        [ 0.33764769,  0.        ,  0.51715618, ...,  0.4938894 ,
          0.78048243,  0.73632899],
        [-0.19779529, -0.51715618,  0.        , ..., -0.02696458,
          0.34469341,  0.28029727],
        ...,
        [-0.17129152, -0.4938894 ,  0.02696458, ...,  0.        ,
          0.36988013,  0.306079  ],
        [-0.52355689, -0.78048243, -0.34469341, ..., -0.36988013,
          0.        , -0.06775643],
        [-0.46462585, -0.73632899, -0.28029727, ..., -0.306079  ,
          0.06775643,  0.        ]],

       [[ 0.        , -0.29180876,  0.00702159, ...,  0.58582381,
          0.52640222,  0.29180876],
        [ 0.29180876,  0.        ,  0.29851755, ...,  0.32383378,
          0.25538523,  0.        ],
        [-0.00702159, -0.29851755,  0.        , ...,  0.59149993,
          0.53235925,  0.29851755],
        ...,
        [-0.58582381, -0.32383378, -0.59149993, ...,  0.        ,
          0.07147171,  0.32383378],
        [-0.52640222, -0.25538523, -0.53235925, ..., -0.07147171,
          0.        ,  0.25538523],
        [-0.29180876, -0.        , -0.29851755, ..., -0.32383378,
         -0.25538523,  0.        ]],

       ...,

       [[ 0.        , -0.04799106, -0.09526989, ...,  0.83893693,
          0.76697662,  0.6315698 ],
        [ 0.04799106,  0.        , -0.04738734, ...,  0.86408839,
          0.79688755,  0.66805047],
        [ 0.09526989,  0.04738734,  0.        , ...,  0.88696962,
          0.82462033,  0.70256165],
        ...,
        [-0.83893693, -0.86408839, -0.88696962, ...,  0.        ,
         -0.12091424, -0.30672539],
        [-0.76697662, -0.79688755, -0.82462033, ...,  0.12091424,
          0.        , -0.18938899],
        [-0.6315698 , -0.66805047, -0.70256165, ...,  0.30672539,
          0.18938899,  0.        ]],

       [[ 0.        , -0.02767102, -0.06432503, ...,  0.5702993 ,
          0.4445099 ,  0.35900298],
        [ 0.02767102,  0.        , -0.03668669, ...,  0.54735093,
          0.41955272,  0.33303914],
        [ 0.06432503,  0.03668669,  0.        , ...,  0.51627925,
          0.38596864,  0.29822259],
        ...,
        [-0.5702993 , -0.54735093, -0.51627925, ...,  0.        ,
          0.14572238,  0.23738278],
        [-0.4445099 , -0.41955272, -0.38596864, ..., -0.14572238,
          0.        ,  0.09329177],
        [-0.35900298, -0.33303914, -0.29822259, ..., -0.23738278,
         -0.09329177,  0.        ]],

       [[ 0.        ,  0.09839432,  0.21854391, ...,  0.9105134 ,
          0.99712569,  0.77851261],
        [-0.09839432,  0.        ,  0.12146758, ...,  0.86541109,
          0.98483228,  0.83649001],
        [-0.21854391, -0.12146758,  0.        , ...,  0.79814022,
          0.95646426,  0.8968582 ],
        ...,
        [-0.9105134 , -0.86541109, -0.79814022, ...,  0.        ,
          0.34330588,  0.89336364],
        [-0.99712569, -0.98483228, -0.95646426, ..., -0.34330588,
          0.        ,  0.68480912],
        [-0.77851261, -0.83649001, -0.8968582 , ..., -0.89336364,
         -0.68480912,  0.        ]]]), 'num': array([3.13159550e+07, 2.82915500e+06, 4.92000000e+02, 5.79000000e+04,
       5.90000000e+04, 5.66000000e+04, 9.27740000e+04, 5.00000000e+02,
       5.81600000e+04, 5.61350000e+04, 5.36283333e+04, 5.09090909e+01,
       6.11118564e+04, 5.11581436e+04])}
{'img': array([[[ 0.        ,  0.1717411 , -0.35656033, ...,  0.85156364,
          0.92709709,  0.86703578],
        [-0.1717411 ,  0.        , -0.51171555, ...,  0.92894669,
          0.97769461,  0.93972276],
        [ 0.35656033,  0.51171555,  0.        , ...,  0.60866512,
          0.73251474,  0.6323928 ],
        ...,
        [-0.85156364, -0.92894669, -0.60866512, ...,  0.        ,
         -0.16684764, -0.03025652],
        [-0.92709709, -0.97769461, -0.73251474, ...,  0.16684764,
          0.        ,  0.13693885],
        [-0.86703578, -0.93972276, -0.6323928 , ...,  0.03025652,
         -0.13693885,  0.        ]],

       [[ 0.        ,  0.51715618,  0.68143006, ...,  0.78048243,
          0.73632899,  0.64825258],
        [-0.51715618,  0.        ,  0.20473195, ...,  0.34469341,
          0.28029727,  0.16105775],
        [-0.68143006, -0.20473195,  0.        , ...,  0.14520712,
          0.07783512, -0.04441294],
        ...,
        [-0.78048243, -0.34469341, -0.14520712, ...,  0.        ,
         -0.06775643, -0.18900605],
        [-0.73632899, -0.28029727, -0.07783512, ...,  0.06775643,
          0.        , -0.12203651],
        [-0.64825258, -0.16105775,  0.04441294, ...,  0.18900605,
          0.12203651,  0.        ]],

       [[ 0.        ,  0.29851755,  0.32982683, ...,  0.25538523,
          0.        ,  0.29851755],
        [-0.29851755,  0.        ,  0.03297515, ...,  0.53235925,
          0.29851755,  0.56981277],
        [-0.32982683, -0.03297515,  0.        , ...,  0.55998381,
          0.32982683,  0.59660104],
        ...,
        [-0.25538523, -0.53235925, -0.55998381, ...,  0.        ,
          0.25538523, -0.0448778 ],
        [-0.        , -0.29851755, -0.32982683, ..., -0.25538523,
          0.        , -0.29851755],
        [-0.29851755, -0.56981277, -0.59660104, ...,  0.0448778 ,
          0.29851755,  0.        ]],

       ...,

       [[ 0.        , -0.04738734, -0.11159896, ...,  0.79688755,
          0.66805047,  0.26633998],
        [ 0.04738734,  0.        , -0.06438226, ...,  0.82462033,
          0.70256165,  0.31171644],
        [ 0.11159896,  0.06438226,  0.        , ...,  0.85932968,
          0.74691994,  0.37224415],
        ...,
        [-0.79688755, -0.82462033, -0.85932968, ...,  0.        ,
         -0.18938899, -0.60719995],
        [-0.66805047, -0.70256165, -0.74691994, ...,  0.18938899,
          0.        , -0.44573209],
        [-0.26633998, -0.31171644, -0.37224415, ...,  0.60719995,
          0.44573209,  0.        ]],

       [[ 0.        , -0.03668669, -0.16776423, ...,  0.41955272,
          0.33303914,  0.38873772],
        [ 0.03668669,  0.        , -0.13148456, ...,  0.38596864,
          0.29822259,  0.3546748 ],
        [ 0.16776423,  0.13148456,  0.        , ...,  0.26132167,
          0.17013196,  0.22865888],
        ...,
        [-0.41955272, -0.38596864, -0.26132167, ...,  0.        ,
          0.09329177,  0.03368498],
        [-0.33303914, -0.29822259, -0.17013196, ..., -0.09329177,
          0.        , -0.05970075],
        [-0.38873772, -0.3546748 , -0.22865888, ..., -0.03368498,
          0.05970075,  0.        ]],

       [[ 0.        ,  0.11060336,  0.24130177, ...,  0.92243333,
          0.99544212,  0.79348358],
        [-0.11060336,  0.        ,  0.13248625, ...,  0.87406366,
          0.97878672,  0.85592754],
        [-0.24130177, -0.13248625,  0.        , ...,  0.80199533,
          0.94301454,  0.91689049],
        ...,
        [-0.92243333, -0.87406366, -0.80199533, ...,  0.        ,
          0.296426  ,  0.86779398],
        [-0.99544212, -0.97878672, -0.94301454, ..., -0.296426  ,
          0.        ,  0.68149046],
        [-0.79348358, -0.85592754, -0.91689049, ..., -0.86779398,
         -0.68149046,  0.        ]]]), 'num': array([ 3.08148820e+07,  2.30798200e+06,  5.01000000e+02,  5.69000000e+04,
        5.83000000e+04,  5.68000000e+04,  8.80300000e+04, -1.00000000e+03,
        5.78000000e+04,  5.64300000e+04,  5.37633333e+04,  4.52991453e+01,
        6.08191229e+04,  5.20408771e+04])}
{'img': array([[[ 0.        , -0.51171555, -0.22753253, ...,  0.97769461,
          0.93972276,  0.9959538 ],
        [ 0.51171555,  0.        ,  0.3028078 , ...,  0.73251474,
          0.6323928 ,  0.80969244],
        [ 0.22753253, -0.3028078 ,  0.        , ...,  0.90426114,
          0.83727242,  0.94938282],
        ...,
        [-0.97769461, -0.73251474, -0.90426114, ...,  0.        ,
          0.13693885, -0.12131954],
        [-0.93972276, -0.6323928 , -0.83727242, ..., -0.13693885,
          0.        , -0.256104  ],
        [-0.9959538 , -0.80969244, -0.94938282, ...,  0.12131954,
          0.256104  ,  0.        ]],

       [[ 0.        ,  0.22923541, -0.21709387, ...,  0.30994489,
          0.181834  ,  0.1518169 ],
        [-0.22923541,  0.        , -0.43508119, ...,  0.08374477,
         -0.04842194, -0.07880409],
        [ 0.21709387,  0.43508119,  0.        , ...,  0.50895591,
          0.39097214,  0.36277363],
        ...,
        [-0.30994489, -0.08374477, -0.50895591, ...,  0.        ,
         -0.13189838, -0.1620116 ],
        [-0.181834  ,  0.04842194, -0.39097214, ...,  0.13189838,
          0.        , -0.03044029],
        [-0.1518169 ,  0.07880409, -0.36277363, ...,  0.1620116 ,
          0.03044029,  0.        ]],

       [[ 0.        ,  0.04296241, -0.22277841, ...,  0.22277841,
          0.50501375,  0.66139366],
        [-0.04296241,  0.        , -0.26445544, ...,  0.26445544,
          0.54162881,  0.69300647],
        [ 0.22277841,  0.26445544,  0.        , ...,  0.        ,
          0.30003974,  0.47767976],
        ...,
        [-0.22277841, -0.26445544, -0.        , ...,  0.        ,
         -0.30003974, -0.47767976],
        [-0.50501375, -0.54162881, -0.30003974, ...,  0.30003974,
          0.        , -0.19207635],
        [-0.66139366, -0.69300647, -0.47767976, ...,  0.47767976,
          0.19207635,  0.        ]],

       ...,

       [[ 0.        , -0.06438226,  0.09526989, ...,  0.70256165,
          0.31171644,  0.0905849 ],
        [ 0.06438226,  0.        ,  0.15916165, ...,  0.74691994,
          0.37224415,  0.15451453],
        [-0.09526989, -0.15916165,  0.        , ...,  0.6315698 ,
          0.21977551, -0.00470534],
        ...,
        [-0.70256165, -0.74691994, -0.6315698 , ...,  0.        ,
         -0.44573209, -0.63521095],
        [-0.31171644, -0.37224415, -0.21977551, ...,  0.44573209,
          0.        , -0.22436337],
        [-0.0905849 , -0.15451453,  0.00470534, ...,  0.63521095,
          0.22436337,  0.        ]],

       [[ 0.        , -0.13148456, -0.12948519, ...,  0.29822259,
          0.3546748 ,  0.60216152],
        [ 0.13148456,  0.        ,  0.00201661, ...,  0.17013196,
          0.22865888,  0.4919598 ],
        [ 0.12948519, -0.00201661,  0.        , ...,  0.17211882,
          0.2306216 ,  0.49371449],
        ...,
        [-0.29822259, -0.17013196, -0.17211882, ...,  0.        ,
         -0.05970075, -0.33666773],
        [-0.3546748 , -0.22865888, -0.2306216 , ...,  0.05970075,
          0.        , -0.27985159],
        [-0.60216152, -0.4919598 , -0.49371449, ...,  0.33666773,
          0.27985159,  0.        ]],

       [[ 0.        ,  0.11874542,  0.11410673, ...,  0.89969567,
          0.98562105,  0.80696281],
        [-0.11874542,  0.        , -0.00467044, ...,  0.84149561,
          0.95858301,  0.87138465],
        [-0.11410673,  0.00467044,  0.        , ...,  0.8440097 ,
          0.95990276,  0.86908382],
        ...,
        [-0.89969567, -0.84149561, -0.8440097 , ...,  0.        ,
          0.27821872,  0.88361584],
        [-0.98562105, -0.95858301, -0.95990276, ..., -0.27821872,
          0.        ,  0.71846318],
        [-0.80696281, -0.87138465, -0.86908382, ..., -0.88361584,
         -0.71846318,  0.        ]]]), 'num': array([ 3.04027690e+07,  1.51126900e+06,  5.15000000e+02,  5.61000000e+04,
        5.72000000e+04,  5.51000000e+04,  8.00310000e+04, -8.00000000e+02,
        5.72600000e+04,  5.66800000e+04,  5.38783333e+04,  4.30894309e+01,
        6.03343673e+04,  5.30256327e+04])}
{'img': array([[[ 0.        ,  0.3028078 ,  0.46114664, ...,  0.6323928 ,
          0.80969244,  0.89964616],
        [-0.3028078 ,  0.        ,  0.17080794, ...,  0.83727242,
          0.94938282,  0.98962111],
        [-0.46114664, -0.17080794,  0.        , ...,  0.91836354,
          0.98908545,  0.9996233 ],
        ...,
        [-0.6323928 , -0.83727242, -0.91836354, ...,  0.        ,
         -0.256104  , -0.42079384],
        [-0.80969244, -0.94938282, -0.98908545, ...,  0.256104  ,
          0.        , -0.17443368],
        [-0.89964616, -0.98962111, -0.9996233 , ...,  0.42079384,
          0.17443368,  0.        ]],

       [[ 0.        , -0.43508119, -0.64119256, ..., -0.04842194,
         -0.07880409, -0.13304083],
        [ 0.43508119,  0.        , -0.24345154, ...,  0.39097214,
          0.36277363,  0.31142476],
        [ 0.64119256,  0.24345154,  0.        , ...,  0.60328239,
          0.57872585,  0.53339984],
        ...,
        [ 0.04842194, -0.39097214, -0.60328239, ...,  0.        ,
         -0.03044029, -0.08489328],
        [ 0.07880409, -0.36277363, -0.57872585, ...,  0.03044029,
          0.        , -0.05452353],
        [ 0.13304083, -0.31142476, -0.53339984, ...,  0.08489328,
          0.05452353,  0.        ]],

       [[ 0.        , -0.26445544, -0.20151993, ...,  0.54162881,
          0.69300647,  0.8230174 ],
        [ 0.26445544,  0.        ,  0.06468459, ...,  0.30003974,
          0.47767976,  0.64350129],
        [ 0.20151993, -0.06468459,  0.        , ...,  0.36111574,
          0.533507  ,  0.69166614],
        ...,
        [-0.54162881, -0.30003974, -0.36111574, ...,  0.        ,
         -0.19207635, -0.38418913],
        [-0.69300647, -0.47767976, -0.533507  , ...,  0.19207635,
          0.        , -0.19970019],
        [-0.8230174 , -0.64350129, -0.69166614, ...,  0.38418913,
          0.19970019,  0.        ]],

       ...,

       [[ 0.        ,  0.15916165,  0.0123411 , ...,  0.37224415,
          0.15451453,  0.05929733],
        [-0.15916165,  0.        , -0.14696575, ...,  0.21977551,
         -0.00470534, -0.10034015],
        [-0.0123411 ,  0.14696575,  0.        , ...,  0.3607616 ,
          0.14230987,  0.04697343],
        ...,
        [-0.37224415, -0.21977551, -0.3607616 , ...,  0.        ,
         -0.22436337, -0.31655322],
        [-0.15451453,  0.00470534, -0.14230987, ...,  0.22436337,
          0.        , -0.09565744],
        [-0.05929733,  0.10034015, -0.04697343, ...,  0.31655322,
          0.09565744,  0.        ]],

       [[ 0.        ,  0.00201661, -0.17013196, ...,  0.22865888,
          0.4919598 ,  0.66667089],
        [-0.00201661,  0.        , -0.17211882, ...,  0.2306216 ,
          0.49371449,  0.66817262],
        [ 0.17013196,  0.17211882,  0.        , ...,  0.05970075,
          0.33666773,  0.53014346],
        ...,
        [-0.22865888, -0.2306216 , -0.05970075, ...,  0.        ,
         -0.27985159, -0.47857712],
        [-0.4919598 , -0.49371449, -0.33666773, ...,  0.27985159,
          0.        , -0.2137323 ],
        [-0.66667089, -0.66817262, -0.53014346, ...,  0.47857712,
          0.2137323 ,  0.        ]],

       [[ 0.        , -0.00421543,  0.0647874 , ...,  0.87528075,
          0.98350691,  0.82540224],
        [ 0.00421543,  0.        ,  0.0689934 , ...,  0.87731162,
          0.98426062,  0.8230151 ],
        [-0.0647874 , -0.0689934 ,  0.        , ...,  0.84210969,
          0.96972252,  0.86024355],
        ...,
        [-0.87528075, -0.87731162, -0.84210969, ...,  0.        ,
          0.31732635,  0.89331247],
        [-0.98350691, -0.98426062, -0.96972252, ..., -0.31732635,
          0.        ,  0.70452493],
        [-0.82540224, -0.8230151 , -0.86024355, ..., -0.89331247,
         -0.70452493,  0.        ]]]), 'num': array([3.11842220e+07, 1.17462200e+06, 5.21000000e+02, 5.76000000e+04,
       5.81000000e+04, 5.52000000e+04, 1.58556000e+05, 1.50000000e+03,
       5.71800000e+04, 5.69150000e+04, 5.40308333e+04, 5.19083969e+01,
       6.01468880e+04, 5.36831120e+04])}
{'img': array([[[ 0.        ,  0.36067306,  0.85463408, ...,  0.81679848,
          0.90609377,  0.70264715],
        [-0.36067306,  0.        ,  0.60983808, ...,  0.96990228,
          0.99769914,  0.91198635],
        [-0.85463408, -0.60983808,  0.        , ...,  0.91716503,
          0.83204772,  0.97294104],
        ...,
        [-0.81679848, -0.96990228, -0.91716503, ...,  0.        ,
         -0.17717782,  0.17581018],
        [-0.90609377, -0.99769914, -0.83204772, ...,  0.17717782,
          0.        ,  0.34744677],
        [-0.70264715, -0.91198635, -0.97294104, ..., -0.17581018,
         -0.34744677,  0.        ]],

       [[ 0.        , -0.24345154,  0.99581966, ...,  0.36277363,
          0.31142476,  0.67789158],
        [ 0.24345154,  0.        ,  0.98809563, ...,  0.57872585,
          0.53339984,  0.83647219],
        [-0.99581966, -0.98809563,  0.        , ..., -0.89484559,
         -0.91785248, -0.67016931],
        ...,
        [-0.36277363, -0.57872585,  0.89484559, ...,  0.        ,
         -0.05452353,  0.36501441],
        [-0.31142476, -0.53339984,  0.91785248, ...,  0.05452353,
          0.        ,  0.41523296],
        [-0.67789158, -0.83647219,  0.67016931, ..., -0.36501441,
         -0.41523296,  0.        ]],

       [[ 0.        ,  0.06468459,  0.44125411, ...,  0.47767976,
          0.64350129,  0.66291903],
        [-0.06468459,  0.        ,  0.38228322, ...,  0.533507  ,
          0.69166614,  0.70995949],
        [-0.44125411, -0.38228322,  0.        , ...,  0.81631807,
          0.91522237,  0.92525476],
        ...,
        [-0.47767976, -0.533507  , -0.81631807, ...,  0.        ,
         -0.19970019, -0.22476234],
        [-0.64350129, -0.69166614, -0.91522237, ...,  0.19970019,
          0.        , -0.02564438],
        [-0.66291903, -0.70995949, -0.92525476, ...,  0.22476234,
          0.02564438,  0.        ]],

       ...,

       [[ 0.        , -0.14696575,  0.43252013, ..., -0.00470534,
         -0.10034015,  0.25736072],
        [ 0.14696575,  0.        ,  0.56033153, ...,  0.14230987,
          0.04697343,  0.39658145],
        [-0.43252013, -0.56033153,  0.        , ..., -0.43675779,
         -0.52080639, -0.18590819],
        ...,
        [ 0.00470534, -0.14230987,  0.43675779, ...,  0.        ,
         -0.09565744,  0.26190471],
        [ 0.10034015, -0.04697343,  0.52080639, ...,  0.09565744,
          0.        ,  0.35302209],
        [-0.25736072, -0.39658145,  0.18590819, ..., -0.26190471,
         -0.35302209,  0.        ]],

       [[ 0.        , -0.17211882,  0.14411196, ...,  0.49371449,
          0.66817262,  0.71511052],
        [ 0.17211882,  0.        ,  0.3122834 , ...,  0.33666773,
          0.53014346,  0.58412534],
        [-0.14411196, -0.3122834 ,  0.        , ...,  0.61388402,
          0.76841803,  0.80838166],
        ...,
        [-0.49371449, -0.33666773, -0.61388402, ...,  0.        ,
         -0.2137323 , -0.27676526],
        [-0.66817262, -0.53014346, -0.76841803, ...,  0.2137323 ,
          0.        , -0.06498644],
        [-0.71511052, -0.58412534, -0.80838166, ...,  0.27676526,
          0.06498644,  0.        ]],

       [[ 0.        ,  0.06502597,  0.02128846, ...,  0.94706932,
          0.99886513,  0.79532228],
        [-0.06502597,  0.        , -0.04376783, ...,  0.92418969,
          0.99984818,  0.83305692],
        [-0.02128846,  0.04376783,  0.        , ...,  0.94002048,
          0.99965269,  0.80804682],
        ...,
        [-0.94706932, -0.92418969, -0.94002048, ...,  0.        ,
          0.36577216,  0.82942257],
        [-0.99886513, -0.99984818, -0.99965269, ..., -0.36577216,
          0.        ,  0.56761898],
        [-0.79532228, -0.83305692, -0.80804682, ..., -0.82942257,
         -0.56761898,  0.        ]]]), 'num': array([3.31488410e+07, 5.98541000e+05, 5.31000000e+02, 6.13000000e+04,
       6.15000000e+04, 5.71000000e+04, 3.81460000e+05, 3.70000000e+03,
       5.79600000e+04, 5.73450000e+04, 5.42408333e+04, 6.52173913e+01,
       6.05069456e+04, 5.41830544e+04])}
{'img': array([[[ 0.        ,  0.76080582,  0.8       , ...,  0.98853065,
          0.91828571,  0.        ],
        [-0.76080582,  0.        ,  0.06270018, ...,  0.75643342,
          0.89716568,  0.76080582],
        [-0.8       , -0.06270018,  0.        , ...,  0.71393471,
          0.86770612,  0.8       ],
        ...,
        [-0.98853065, -0.75643342, -0.71393471, ...,  0.        ,
          0.25269756,  0.98853065],
        [-0.91828571, -0.89716568, -0.86770612, ..., -0.25269756,
          0.        ,  0.91828571],
        [-0.        , -0.76080582, -0.8       , ..., -0.98853065,
         -0.91828571,  0.        ]],

       [[ 0.        ,  0.98809563,  0.71199171, ...,  0.53339984,
          0.83647219,  0.95472502],
        [-0.98809563,  0.        , -0.80336221, ..., -0.91785248,
         -0.67016931,  0.14707254],
        [-0.71199171,  0.80336221,  0.        , ..., -0.22770072,
          0.19718248,  0.88220654],
        ...,
        [-0.53339984,  0.91785248,  0.22770072, ...,  0.        ,
          0.41523296,  0.96624776],
        [-0.83647219,  0.67016931, -0.19718248, ..., -0.41523296,
          0.        ,  0.77204014],
        [-0.95472502, -0.14707254, -0.88220654, ..., -0.96624776,
         -0.77204014,  0.        ]],

       [[ 0.        ,  0.43718609,  0.59606658, ...,  0.64379363,
          0.66321642,  0.41030205],
        [-0.43718609,  0.        ,  0.18505302, ...,  0.9135438 ,
          0.92367983,  0.76770551],
        [-0.59606658, -0.18505302,  0.        , ...,  0.9730341 ,
          0.97863241,  0.87302861],
        ...,
        [-0.64379363, -0.9135438 , -0.9730341 , ...,  0.        ,
         -0.02565968,  0.27314462],
        [-0.66321642, -0.92367983, -0.97863241, ...,  0.02565968,
          0.        ,  0.2977386 ],
        [-0.41030205, -0.76770551, -0.87302861, ..., -0.27314462,
         -0.2977386 ,  0.        ]],

       ...,

       [[ 0.        ,  0.56033153,  0.7298616 , ...,  0.04697343,
          0.39658145,  0.79413816],
        [-0.56033153,  0.        ,  0.22148151, ..., -0.52080639,
         -0.18590819,  0.31722521],
        [-0.7298616 , -0.22148151,  0.        , ..., -0.69694513,
         -0.39891154,  0.09930474],
        ...,
        [-0.04697343,  0.52080639,  0.69694513, ...,  0.        ,
          0.35302209,  0.76471404],
        [-0.39658145,  0.18590819,  0.39891154, ..., -0.35302209,
          0.        ,  0.48800114],
        [-0.79413816, -0.31722521, -0.09930474, ..., -0.76471404,
         -0.48800114,  0.        ]],

       [[ 0.        ,  0.3122834 ,  0.45215179, ...,  0.53014346,
          0.58412534,  0.47260992],
        [-0.3122834 ,  0.        ,  0.15100086, ...,  0.76841803,
          0.80838166,  0.72418075],
        [-0.45215179, -0.15100086,  0.        , ...,  0.85623979,
          0.88800043,  0.82000876],
        ...,
        [-0.53014346, -0.76841803, -0.85623979, ...,  0.        ,
         -0.06498644,  0.06647073],
        [-0.58412534, -0.80838166, -0.88800043, ...,  0.06498644,
          0.        ,  0.13117294],
        [-0.47260992, -0.72418075, -0.82000876, ..., -0.06647073,
         -0.13117294,  0.        ]],

       [[ 0.        , -0.04200945, -0.09084077, ...,  0.98673343,
          0.99360982,  0.8136778 ],
        [ 0.04200945,  0.        , -0.04892482, ...,  0.99268254,
          0.98799109,  0.78853873],
        [ 0.09084077,  0.04892482,  0.        , ...,  0.9974016 ,
          0.97924852,  0.75750639],
        ...,
        [-0.98673343, -0.99268254, -0.9974016 , ...,  0.        ,
          0.27268352,  0.7057037 ],
        [-0.99360982, -0.98799109, -0.97924852, ..., -0.27268352,
          0.        ,  0.48576199],
        [-0.8136778 , -0.78853873, -0.75750639, ..., -0.7057037 ,
         -0.48576199,  0.        ]]]), 'num': array([ 3.15498240e+07,  4.75924000e+05,  5.33000000e+02,  5.83000000e+04,
        6.13000000e+04,  5.80000000e+04,  2.67448000e+05, -3.00000000e+03,
        5.80400000e+04,  5.75800000e+04,  5.43950000e+04,  5.86592179e+01,
        6.02547710e+04,  5.49052290e+04])}
{'img': array([[[ 0.        ,  0.07639943,  0.44029696, ...,  0.93996245,
          0.65396855,  0.97715844],
        [-0.07639943,  0.        ,  0.37041471, ...,  0.91114178,
          0.70985501,  0.95806669],
        [-0.44029696, -0.37041471,  0.        , ...,  0.69368374,
          0.92026133,  0.78377543],
        ...,
        [-0.93996245, -0.91114178, -0.69368374, ...,  0.        ,
          0.93428703,  0.13372918],
        [-0.65396855, -0.70985501, -0.92026133, ..., -0.93428703,
          0.        , -0.87821782],
        [-0.97715844, -0.95806669, -0.78377543, ..., -0.13372918,
          0.87821782,  0.        ]],

       [[ 0.        , -0.84386967, -0.04881784, ..., -0.70272212,
          0.15220974, -0.29786455],
        [ 0.84386967,  0.        ,  0.81667039, ...,  0.22333895,
          0.91570494,  0.64574616],
        [ 0.04881784, -0.81667039,  0.        , ..., -0.6671521 ,
          0.20027729, -0.2509075 ],
        ...,
        [ 0.70272212, -0.22333895,  0.6671521 , ...,  0.        ,
          0.80282597,  0.45890422],
        [-0.15220974, -0.91570494, -0.20027729, ..., -0.80282597,
          0.        , -0.43969456],
        [ 0.29786455, -0.64574616,  0.2509075 , ..., -0.45890422,
          0.43969456,  0.        ]],

       [[ 0.        ,  0.43906613,  0.72917553, ...,  0.67795941,
          0.42051676,  0.38010143],
        [-0.43906613,  0.        ,  0.35466653, ...,  0.93187307,
          0.7761733 ,  0.74761587],
        [-0.72917553, -0.35466653,  0.        , ...,  0.99996218,
          0.94934071,  0.93456068],
        ...,
        [-0.67795941, -0.93187307, -0.99996218, ...,  0.        ,
          0.30598065,  0.34766273],
        [-0.42051676, -0.7761733 , -0.94934071, ..., -0.30598065,
          0.        ,  0.04409457],
        [-0.38010143, -0.74761587, -0.93456068, ..., -0.34766273,
         -0.04409457,  0.        ]],

       ...,

       [[ 0.        ,  0.22148151,  0.36102317, ..., -0.18590819,
          0.31722521,  0.06962147],
        [-0.22148151,  0.        ,  0.14551291, ..., -0.39891154,
          0.09930474, -0.15305169],
        [-0.36102317, -0.14551291,  0.        , ..., -0.52809946,
         -0.04654587, -0.29522116],
        ...,
        [ 0.18590819,  0.39891154,  0.52809946, ...,  0.        ,
          0.48800114,  0.25386485],
        [-0.31722521, -0.09930474,  0.04654587, ..., -0.48800114,
          0.        , -0.25042992],
        [-0.06962147,  0.15305169,  0.29522116, ..., -0.25386485,
          0.25042992,  0.        ]],

       [[ 0.        ,  0.33989533,  0.6074273 , ...,  0.59077925,
          0.47824452,  0.56039621],
        [-0.33989533,  0.        ,  0.30125862, ...,  0.82984504,
          0.74827657,  0.80854174],
        [-0.6074273 , -0.30125862,  0.        , ...,  0.95939297,
          0.91336451,  0.94825116],
        ...,
        [-0.59077925, -0.82984504, -0.95939297, ...,  0.        ,
          0.13297456,  0.03715166],
        [-0.47824452, -0.74827657, -0.91336451, ..., -0.13297456,
          0.        , -0.09606102],
        [-0.56039621, -0.80854174, -0.94825116, ..., -0.03715166,
          0.09606102,  0.        ]],

       [[ 0.        , -0.04641186, -0.20482136, ...,  0.99780225,
          0.99304939,  0.76242275],
        [ 0.04641186,  0.        , -0.15917274, ...,  0.99980236,
          0.98651667,  0.73156901],
        [ 0.20482136,  0.15917274,  0.        , ...,  0.99022012,
          0.94788898,  0.61372326],
        ...,
        [-0.99780225, -0.99980236, -0.99022012, ...,  0.        ,
          0.18324128,  0.69617689],
        [-0.99304939, -0.98651667, -0.94788898, ..., -0.18324128,
          0.        ,  0.55284573],
        [-0.76242275, -0.73156901, -0.61372326, ..., -0.69617689,
         -0.55284573,  0.        ]]]), 'num': array([ 3.13883830e+07,  1.84383000e+05,  5.38000000e+02,  5.80000000e+04,
        5.89000000e+04,  5.73000000e+04,  1.47804000e+05, -3.00000000e+02,
        5.82600000e+04,  5.75950000e+04,  5.45083333e+04,  5.74585635e+01,
        6.02756529e+04,  5.49143471e+04])}
{'img': array([[[ 0.        ,  0.37041471,  0.43850836, ...,  0.70985501,
          0.95806669,  0.93967091],
        [-0.37041471,  0.        ,  0.07441397, ...,  0.92026133,
          0.78377543,  0.74611743],
        [-0.43850836, -0.07441397,  0.        , ...,  0.94682835,
          0.73538799,  0.69450288],
        ...,
        [-0.70985501, -0.92026133, -0.94682835, ...,  0.        ,
         -0.87821782, -0.90468221],
        [-0.95806669, -0.78377543, -0.73538799, ...,  0.87821782,
          0.        , -0.05847694],
        [-0.93967091, -0.74611743, -0.69450288, ...,  0.90468221,
          0.05847694,  0.        ]],

       [[ 0.        ,  0.81667039,  0.66697463, ...,  0.91570494,
          0.64574616,  0.16933137],
        [-0.81667039,  0.        , -0.22357115, ...,  0.20027729,
         -0.2509075 , -0.70715512],
        [-0.66697463,  0.22357115,  0.        , ...,  0.41424922,
         -0.02813709, -0.53117747],
        ...,
        [-0.91570494, -0.20027729, -0.41424922, ...,  0.        ,
         -0.43969456, -0.83443538],
        [-0.64574616,  0.2509075 ,  0.02813709, ...,  0.43969456,
          0.        , -0.50712772],
        [-0.16933137,  0.70715512,  0.53117747, ...,  0.83443538,
          0.50712772,  0.        ]],

       [[ 0.        ,  0.63267355,  0.84046846, ...,  0.43105515,
          0.38972748,  0.23459572],
        [-0.63267355,  0.        ,  0.30805363, ...,  0.90469466,
          0.88446041,  0.79669284],
        [-0.84046846, -0.30805363,  0.        , ...,  0.99194794,
          0.98519073,  0.94413168],
        ...,
        [-0.43105515, -0.90469466, -0.99194794, ...,  0.        ,
          0.04531065,  0.20734398],
        [-0.38972748, -0.88446041, -0.98519073, ..., -0.04531065,
          0.        ,  0.16280507],
        [-0.23459572, -0.79669284, -0.94413168, ..., -0.20734398,
         -0.16280507,  0.        ]],

       ...,

       [[ 0.        ,  0.14551291,  0.34990398, ...,  0.09930474,
         -0.15305169, -0.19779566],
        [-0.14551291,  0.        ,  0.20986533, ..., -0.04654587,
         -0.29522116, -0.33832844],
        [-0.34990398, -0.20986533,  0.        , ..., -0.25514718,
         -0.48915809, -0.52828314],
        ...,
        [-0.09930474,  0.04654587,  0.25514718, ...,  0.        ,
         -0.25042992, -0.29416077],
        [ 0.15305169,  0.29522116,  0.48915809, ...,  0.25042992,
          0.        , -0.04543738],
        [ 0.19779566,  0.33832844,  0.52828314, ...,  0.29416077,
          0.04543738,  0.        ]],

       [[ 0.        ,  0.52770168,  0.71761367, ...,  0.48504262,
          0.56810757,  0.5618754 ],
        [-0.52770168,  0.        ,  0.24204912, ...,  0.87347976,
          0.91684186,  0.91380007],
        [-0.71761367, -0.24204912,  0.        , ...,  0.96535011,
          0.98621689,  0.98493902],
        ...,
        [-0.48504262, -0.87347976, -0.96535011, ...,  0.        ,
         -0.09763678, -0.09011685],
        [-0.56810757, -0.91684186, -0.98621689, ...,  0.09763678,
          0.        ,  0.00755323],
        [-0.5618754 , -0.91380007, -0.98493902, ...,  0.09011685,
         -0.00755323,  0.        ]],

       [[ 0.        , -0.15907719, -0.32285201, ...,  0.98700641,
          0.77393018,  0.73125706],
        [ 0.15907719,  0.        , -0.16818234, ...,  0.94887735,
          0.66333611,  0.61343848],
        [ 0.32285201,  0.16818234,  0.        , ...,  0.88227553,
          0.52803302,  0.47187986],
        ...,
        [-0.98700641, -0.94887735, -0.88227553, ...,  0.        ,
          0.50068666,  0.55573997],
        [-0.77393018, -0.66333611, -0.52803302, ..., -0.50068666,
          0.        ,  0.06481547],
        [-0.73125706, -0.61343848, -0.47187986, ..., -0.55573997,
         -0.06481547,  0.        ]]]), 'num': array([ 3.12807830e+07,  1.84383000e+05,  5.38000000e+02,  5.78000000e+04,
        5.80000000e+04,  5.56000000e+04,  1.17379000e+05, -2.00000000e+02,
        5.86000000e+04,  5.75850000e+04,  5.46133333e+04,  5.09316770e+01,
        6.02610232e+04,  5.49089768e+04])}
{'img': array([[[ 0.        ,  0.07441397,  0.07441397, ...,  0.78377543,
          0.74611743,  0.72020452],
        [-0.07441397,  0.        ,  0.        , ...,  0.73538799,
          0.69450288,  0.66658213],
        [-0.07441397,  0.        ,  0.        , ...,  0.73538799,
          0.69450288,  0.66658213],
        ...,
        [-0.78377543, -0.73538799, -0.73538799, ...,  0.        ,
         -0.05847694, -0.09647453],
        [-0.74611743, -0.69450288, -0.69450288, ...,  0.05847694,
          0.        , -0.03810526],
        [-0.72020452, -0.66658213, -0.66658213, ...,  0.09647453,
          0.03810526,  0.        ]],

       [[ 0.        , -0.22357115, -0.7053381 , ..., -0.2509075 ,
         -0.70715512, -0.81858337],
        [ 0.22357115,  0.        , -0.5290012 , ..., -0.02813709,
         -0.53117747, -0.66944654],
        [ 0.7053381 ,  0.5290012 ,  0.        , ...,  0.50491403,
         -0.00256654, -0.17513249],
        ...,
        [ 0.2509075 ,  0.02813709, -0.50491403, ...,  0.        ,
         -0.50712772, -0.64827957],
        [ 0.70715512,  0.53117747,  0.00256654, ...,  0.50712772,
          0.        , -0.17260504],
        [ 0.81858337,  0.66944654,  0.17513249, ...,  0.64827957,
          0.17260504,  0.        ]],

       [[ 0.        ,  0.41884285,  0.65228865, ...,  0.79708679,
          0.71976986,  0.38234509],
        [-0.41884285,  0.        ,  0.27484581, ...,  0.97672606,
          0.94435936,  0.7342108 ],
        [-0.65228865, -0.27484581,  0.        , ...,  0.99806253,
          0.99839153,  0.89253386],
        ...,
        [-0.79708679, -0.97672606, -0.99806253, ...,  0.        ,
          0.11870416,  0.5056391 ],
        [-0.71976986, -0.94435936, -0.99839153, ..., -0.11870416,
          0.        ,  0.39965263],
        [-0.38234509, -0.7342108 , -0.89253386, ..., -0.5056391 ,
         -0.39965263,  0.        ]],

       ...,

       [[ 0.        ,  0.20986533,  0.09126721, ..., -0.29522116,
         -0.33832844, -0.55983605],
        [-0.20986533,  0.        , -0.11975473, ..., -0.48915809,
         -0.52828314, -0.7212638 ],
        [-0.09126721,  0.11975473,  0.        , ..., -0.38118838,
         -0.42280142, -0.63312387],
        ...,
        [ 0.29522116,  0.48915809,  0.38118838, ...,  0.        ,
         -0.04543738, -0.29026231],
        [ 0.33832844,  0.52828314,  0.42280142, ...,  0.04543738,
          0.        , -0.24648135],
        [ 0.55983605,  0.7212638 ,  0.63312387, ...,  0.29026231,
          0.24648135,  0.        ]],

       [[ 0.        ,  0.55092286,  0.72231775, ...,  0.5884409 ,
          0.58204686,  0.58653761],
        [-0.55092286,  0.        ,  0.22181779, ...,  0.93653028,
          0.93373661,  0.93570312],
        [-0.72231775, -0.22181779,  0.        , ...,  0.99096593,
          0.98987757,  0.99064776],
        ...,
        [-0.5884409 , -0.93653028, -0.99096593, ...,  0.        ,
          0.0078855 ,  0.00235197],
        [-0.58204686, -0.93373661, -0.98987757, ..., -0.0078855 ,
          0.        , -0.00553358],
        [-0.58653761, -0.93570312, -0.99064776, ..., -0.00235197,
          0.00553358,  0.        ]],

       [[ 0.        , -0.16818234, -0.3002113 , ...,  0.66333611,
          0.61343848,  0.65197071],
        [ 0.16818234,  0.        , -0.13551052, ...,  0.52803302,
          0.47187986,  0.5151607 ],
        [ 0.3002113 ,  0.13551052,  0.        , ...,  0.40808363,
          0.34805261,  0.39426361],
        ...,
        [-0.66333611, -0.52803302, -0.40808363, ...,  0.        ,
          0.06481547,  0.01508697],
        [-0.61343848, -0.47187986, -0.34805261, ..., -0.06481547,
          0.        , -0.04975284],
        [-0.65197071, -0.5151607 , -0.39426361, ..., -0.01508697,
          0.04975284,  0.        ]]]), 'num': array([ 3.07956750e+07,  1.26575000e+05,  5.39000000e+02,  5.69000000e+04,
        5.83000000e+04,  5.66000000e+04,  1.11859000e+05, -9.00000000e+02,
        5.84600000e+04,  5.75400000e+04,  5.46733333e+04,  5.09316770e+01,
        6.02302788e+04,  5.48497212e+04])}
{'img': array([[[ 0.        ,  0.        ,  0.09044702, ...,  0.69450288,
          0.66658213,  0.53504468],
        [ 0.        ,  0.        ,  0.09044702, ...,  0.69450288,
          0.66658213,  0.53504468],
        [-0.09044702, -0.09044702,  0.        , ...,  0.62658058,
          0.59642793,  0.45643989],
        ...,
        [-0.69450288, -0.69450288, -0.62658058, ...,  0.        ,
         -0.03810526, -0.20177328],
        [-0.66658213, -0.66658213, -0.59642793, ...,  0.03810526,
          0.        , -0.16430522],
        [-0.53504468, -0.53504468, -0.45643989, ...,  0.20177328,
          0.16430522,  0.        ]],

       [[ 0.        , -0.5290012 , -0.59470157, ..., -0.53117747,
         -0.66944654, -0.69536142],
        [ 0.5290012 ,  0.        , -0.0793876 , ..., -0.00256654,
         -0.17513249, -0.20992625],
        [ 0.59470157,  0.0793876 ,  0.        , ...,  0.07682891,
         -0.09641909, -0.13164506],
        ...,
        [ 0.53117747,  0.00256654, -0.07682891, ...,  0.        ,
         -0.17260504, -0.20741621],
        [ 0.66944654,  0.17513249,  0.09641909, ...,  0.17260504,
          0.        , -0.03545176],
        [ 0.69536142,  0.20992625,  0.13164506, ...,  0.20741621,
          0.03545176,  0.        ]],

       [[ 0.        ,  0.27484581,  0.42366408, ...,  0.94435936,
          0.7342108 ,  0.88534098],
        [-0.27484581,  0.        ,  0.1583874 , ...,  0.99839153,
          0.89253386,  0.97903245],
        [-0.42366408, -0.1583874 ,  0.        , ...,  0.99476869,
          0.95269706,  0.99893837],
        ...,
        [-0.94435936, -0.99839153, -0.99476869, ...,  0.        ,
          0.39965263,  0.14787026],
        [-0.7342108 , -0.89253386, -0.95269706, ..., -0.39965263,
          0.        , -0.25971142],
        [-0.88534098, -0.97903245, -0.99893837, ..., -0.14787026,
          0.25971142,  0.        ]],

       ...,

       [[ 0.        , -0.11975473,  0.8414329 , ..., -0.52828314,
         -0.7212638 , -0.7212638 ],
        [ 0.11975473,  0.        ,  0.9000884 , ..., -0.42280142,
         -0.63312387, -0.63312387],
        [-0.8414329 , -0.9000884 ,  0.        , ..., -0.99989791,
         -0.97257058, -0.97257058],
        ...,
        [ 0.52828314,  0.42280142,  0.99989791, ...,  0.        ,
         -0.24648135, -0.24648135],
        [ 0.7212638 ,  0.63312387,  0.97257058, ...,  0.24648135,
          0.        ,  0.        ],
        [ 0.7212638 ,  0.63312387,  0.97257058, ...,  0.24648135,
          0.        ,  0.        ]],

       [[ 0.        ,  0.53617066,  0.72185156, ...,  0.60489502,
          0.60950739,  0.61902288],
        [-0.53617066,  0.        ,  0.23826605, ...,  0.9375532 ,
          0.93955662,  0.94361709],
        [-0.72185156, -0.23826605,  0.        , ...,  0.99343051,
          0.99407808,  0.99531619],
        ...,
        [-0.60489502, -0.9375532 , -0.99343051, ...,  0.        ,
         -0.005805  , -0.01786296],
        [-0.60950739, -0.93955662, -0.99407808, ...,  0.005805  ,
          0.        , -0.01205858],
        [-0.61902288, -0.94361709, -0.99531619, ...,  0.01786296,
          0.01205858,  0.        ]],

       [[ 0.        , -0.13551052, -0.47187986, ...,  0.47187986,
          0.5151607 ,  0.61649509],
        [ 0.13551052,  0.        , -0.34805261, ...,  0.34805261,
          0.39426361,  0.50411309],
        [ 0.47187986,  0.34805261,  0.        , ...,  0.        ,
          0.04975284,  0.17200208],
        ...,
        [-0.47187986, -0.34805261, -0.        , ...,  0.        ,
         -0.04975284, -0.17200208],
        [-0.5151607 , -0.39426361, -0.04975284, ...,  0.04975284,
          0.        , -0.12277771],
        [-0.61649509, -0.50411309, -0.17200208, ...,  0.17200208,
          0.12277771,  0.        ]]]), 'num': array([ 3.02027750e+07,  1.26575000e+05,  5.39000000e+02,  5.58000000e+04,
        5.66000000e+04,  5.55000000e+04,  1.60633000e+05, -1.10000000e+03,
        5.73600000e+04,  5.74750000e+04,  5.47083333e+04,  3.91891892e+01,
        6.02656093e+04,  5.46843907e+04])}
{'img': array([[[ 0.        ,  0.09044702, -0.22948415, ...,  0.66658213,
          0.53504468,  0.36260134],
        [-0.09044702,  0.        , -0.31657676, ...,  0.59642793,
          0.45643989,  0.27682354],
        [ 0.22948415,  0.31657676,  0.        , ...,  0.81985739,
          0.71463928,  0.56679083],
        ...,
        [-0.66658213, -0.59642793, -0.81985739, ...,  0.        ,
         -0.16430522, -0.35092296],
        [-0.53504468, -0.45643989, -0.71463928, ...,  0.16430522,
          0.        , -0.19229764],
        [-0.36260134, -0.27682354, -0.56679083, ...,  0.35092296,
          0.19229764,  0.        ]],

       [[ 0.        , -0.0793876 , -0.13433951, ..., -0.17513249,
         -0.20992625,  0.06284585],
        [ 0.0793876 ,  0.        , -0.05524753, ..., -0.09641909,
         -0.13164506,  0.14187817],
        [ 0.13433951,  0.05524753,  0.        , ..., -0.0412817 ,
         -0.07667729,  0.19635013],
        ...,
        [ 0.17513249,  0.09641909,  0.0412817 , ...,  0.        ,
         -0.03545176,  0.23666085],
        [ 0.20992625,  0.13164506,  0.07667729, ...,  0.03545176,
          0.        ,  0.27095675],
        [-0.06284585, -0.14187817, -0.19635013, ..., -0.23666085,
         -0.27095675,  0.        ]],

       [[ 0.        ,  0.1583874 ,  0.20857448, ...,  0.89253386,
          0.97903245,  0.94506204],
        [-0.1583874 ,  0.        ,  0.05103775, ...,  0.95269706,
          0.99893837,  0.88135715],
        [-0.20857448, -0.05103775,  0.        , ...,  0.9669669 ,
          0.99998761,  0.85609568],
        ...,
        [-0.89253386, -0.95269706, -0.9669669 , ...,  0.        ,
         -0.25971142, -0.71796575],
        [-0.97903245, -0.99893837, -0.99998761, ...,  0.25971142,
          0.        , -0.51255016],
        [-0.94506204, -0.88135715, -0.85609568, ...,  0.71796575,
          0.51255016,  0.        ]],

       ...,

       [[ 0.        ,  0.9000884 ,  0.06379156, ..., -0.63312387,
         -0.63312387, -0.92993274],
        [-0.9000884 ,  0.        , -0.87046068, ..., -0.97257058,
         -0.97257058, -0.73616771],
        [-0.06379156,  0.87046068,  0.        , ..., -0.68121224,
         -0.68121224, -0.95149674],
        ...,
        [ 0.63312387,  0.97257058,  0.68121224, ...,  0.        ,
          0.        , -0.48699648],
        [ 0.63312387,  0.97257058,  0.68121224, ...,  0.        ,
          0.        , -0.48699648],
        [ 0.92993274,  0.73616771,  0.95149674, ...,  0.48699648,
          0.48699648,  0.        ]],

       [[ 0.        ,  0.55012261,  0.64170578, ...,  0.63163828,
          0.64137252,  0.63016457],
        [-0.55012261,  0.        ,  0.11396112, ...,  0.95396079,
          0.95767023,  0.95338937],
        [-0.64170578, -0.11396112,  0.        , ...,  0.98192645,
          0.98423692,  0.98156518],
        ...,
        [-0.63163828, -0.95396079, -0.98192645, ...,  0.        ,
         -0.01262094,  0.00189944],
        [-0.64137252, -0.95767023, -0.98423692, ...,  0.01262094,
          0.        ,  0.01452021],
        [-0.63016457, -0.95338937, -0.98156518, ..., -0.00189944,
         -0.01452021,  0.        ]],

       [[ 0.        , -0.34805261, -0.25825351, ...,  0.39426361,
          0.50411309,  0.63082759],
        [ 0.34805261,  0.        ,  0.09413948, ...,  0.04975284,
          0.17200208,  0.32132306],
        [ 0.25825351, -0.09413948,  0.        , ...,  0.14355478,
          0.2639747 ,  0.4090433 ],
        ...,
        [-0.39426361, -0.04975284, -0.14355478, ...,  0.        ,
         -0.12277771, -0.27381069],
        [-0.50411309, -0.17200208, -0.2639747 , ...,  0.12277771,
          0.        , -0.15365351],
        [-0.63082759, -0.32132306, -0.4090433 , ...,  0.27381069,
          0.15365351,  0.        ]]]), 'num': array([ 2.87987680e+07,  7.07680000e+04,  5.40000000e+02,  5.32000000e+04,
        5.58000000e+04,  5.30000000e+04,  2.00452000e+05, -2.60000000e+03,
        5.63400000e+04,  5.73150000e+04,  5.47000000e+04,  3.39181287e+01,
        6.06480317e+04,  5.39819683e+04])}
{'img': array([[[ 0.        , -0.31657676, -0.60359463, ...,  0.45643989,
          0.27682354, -0.18299254],
        [ 0.31657676,  0.        , -0.32014597, ...,  0.71463928,
          0.56679083,  0.13765047],
        [ 0.60359463,  0.32014597,  0.        , ...,  0.90096647,
          0.80071564,  0.44750415],
        ...,
        [-0.45643989, -0.71463928, -0.90096647, ...,  0.        ,
         -0.19229764, -0.61155097],
        [-0.27682354, -0.56679083, -0.80071564, ...,  0.19229764,
          0.        , -0.44799051],
        [ 0.18299254, -0.13765047, -0.44750415, ...,  0.61155097,
          0.44799051,  0.        ]],

       [[ 0.        , -0.05524753, -0.11948965, ..., -0.13164506,
          0.14187817,  0.32239385],
        [ 0.05524753,  0.        , -0.06445545, ..., -0.07667729,
          0.19635013,  0.37419908],
        [ 0.11948965,  0.06445545,  0.        , ..., -0.01225216,
          0.25914258,  0.43319362],
        ...,
        [ 0.13164506,  0.07667729,  0.01225216, ...,  0.        ,
          0.27095675,  0.44420398],
        [-0.14187817, -0.19635013, -0.25914258, ..., -0.27095675,
          0.        ,  0.18482988],
        [-0.32239385, -0.37419908, -0.43319362, ..., -0.44420398,
         -0.18482988,  0.        ]],

       [[ 0.        ,  0.05103775, -0.0623652 , ...,  0.99893837,
          0.88135715,  0.69698555],
        [-0.05103775,  0.        , -0.11322232, ...,  0.99998761,
          0.85609568,  0.65947877],
        [ 0.0623652 ,  0.11322232,  0.        , ...,  0.99412088,
          0.90910597,  0.74034996],
        ...,
        [-0.99893837, -0.99998761, -0.99412088, ...,  0.        ,
         -0.51255016, -0.74843164],
        [-0.88135715, -0.85609568, -0.90910597, ...,  0.51255016,
          0.        , -0.3027169 ],
        [-0.69698555, -0.65947877, -0.74034996, ...,  0.74843164,
          0.3027169 ,  0.        ]],

       ...,

       [[ 0.        , -0.87046068, -0.99998819, ..., -0.97257058,
         -0.73616771, -0.48196366],
        [ 0.87046068,  0.        , -0.48800161, ..., -0.68121224,
         -0.95149674, -0.9999308 ],
        [ 0.99998819,  0.48800161,  0.        , ..., -0.23733201,
         -0.68036901, -0.87852325],
        ...,
        [ 0.97257058,  0.68121224,  0.23733201, ...,  0.        ,
         -0.48699648, -0.7400492 ],
        [ 0.73616771,  0.95149674,  0.68036901, ...,  0.48699648,
          0.        , -0.31883107],
        [ 0.48196366,  0.9999308 ,  0.87852325, ...,  0.7400492 ,
          0.31883107,  0.        ]],

       [[ 0.        ,  0.3781508 ,  0.42294358, ...,  0.66559749,
          0.65414109,  0.50128652],
        [-0.3781508 ,  0.        ,  0.04887386, ...,  0.89839096,
          0.89159008,  0.79126983],
        [-0.42294358, -0.04887386,  0.        , ...,  0.91878258,
          0.9126568 ,  0.82020899],
        ...,
        [-0.66559749, -0.89839096, -0.91878258, ...,  0.        ,
          0.01524705,  0.2018135 ],
        [-0.65414109, -0.89159008, -0.9126568 , ..., -0.01524705,
          0.        ,  0.18685672],
        [-0.50128652, -0.79126983, -0.82020899, ..., -0.2018135 ,
         -0.18685672,  0.        ]],

       [[ 0.        ,  0.09413948,  0.28159508, ...,  0.17200208,
          0.32132306,  0.61951654],
        [-0.09413948,  0.        ,  0.19001456, ...,  0.2639747 ,
          0.4090433 ,  0.69066323],
        [-0.28159508, -0.19001456,  0.        , ...,  0.44244008,
          0.57498218,  0.81549429],
        ...,
        [-0.17200208, -0.2639747 , -0.44244008, ...,  0.        ,
         -0.15365351, -0.47526482],
        [-0.32132306, -0.4090433 , -0.57498218, ...,  0.15365351,
          0.        , -0.33443002],
        [-0.61951654, -0.69066323, -0.81549429, ...,  0.47526482,
          0.33443002,  0.        ]]]), 'num': array([2.87987680e+07, 7.07680000e+04, 5.40000000e+02, 5.32000000e+04,
       5.41000000e+04, 5.24000000e+04, 7.27090000e+04, 0.00000000e+00,
       5.53800000e+04, 5.72150000e+04, 5.46833333e+04, 3.35294118e+01,
       6.08975399e+04, 5.35324601e+04])}
{'img': array([[[ 0.        , -0.32014597, -0.32014597, ...,  0.56679083,
          0.13765047,  0.13765047],
        [ 0.32014597,  0.        ,  0.        , ...,  0.80071564,
          0.44750415,  0.44750415],
        [ 0.32014597,  0.        ,  0.        , ...,  0.80071564,
          0.44750415,  0.44750415],
        ...,
        [-0.56679083, -0.80071564, -0.80071564, ...,  0.        ,
         -0.44799051, -0.44799051],
        [-0.13765047, -0.44750415, -0.44750415, ...,  0.44799051,
          0.        ,  0.        ],
        [-0.13765047, -0.44750415, -0.44750415, ...,  0.44799051,
          0.        ,  0.        ]],

       [[ 0.        , -0.06445545, -0.11488302, ...,  0.19635013,
          0.37419908, -0.40455566],
        [ 0.06445545,  0.        , -0.05061544, ...,  0.25914258,
          0.43319362, -0.34476905],
        [ 0.11488302,  0.05061544,  0.        , ...,  0.30769679,
          0.4782581 , -0.29681504],
        ...,
        [-0.19635013, -0.25914258, -0.30769679, ...,  0.        ,
          0.18482988, -0.57624533],
        [-0.37419908, -0.43319362, -0.4782581 , ..., -0.18482988,
          0.        , -0.7173741 ],
        [ 0.40455566,  0.34476905,  0.29681504, ...,  0.57624533,
          0.7173741 ,  0.        ]],

       [[ 0.        , -0.11322232, -0.25182773, ...,  0.85609568,
          0.65947877,  0.45299643],
        [ 0.11322232,  0.        , -0.14063499, ...,  0.90910597,
          0.74034996,  0.55102261],
        [ 0.25182773,  0.14063499,  0.        , ...,  0.95865444,
          0.82752988,  0.66290482],
        ...,
        [-0.85609568, -0.90910597, -0.95865444, ...,  0.        ,
         -0.3027169 , -0.52910344],
        [-0.65947877, -0.74034996, -0.82752988, ...,  0.3027169 ,
          0.        , -0.24740554],
        [-0.45299643, -0.55102261, -0.66290482, ...,  0.52910344,
          0.24740554,  0.        ]],

       ...,

       [[ 0.        , -0.4901614 , -0.38466654, ..., -0.95285463,
         -0.99985819, -0.99883328],
        [ 0.4901614 ,  0.        ,  0.11715868, ..., -0.68181001,
         -0.8797627 , -0.8942854 ],
        [ 0.38466654, -0.11715868,  0.        , ..., -0.76281953,
         -0.92940273, -0.94055481],
        ...,
        [ 0.95285463,  0.68181001,  0.76281953, ...,  0.        ,
         -0.3194308 , -0.34908799],
        [ 0.99985819,  0.8797627 ,  0.92940273, ...,  0.3194308 ,
          0.        , -0.03146374],
        [ 0.99883328,  0.8942854 ,  0.94055481, ...,  0.34908799,
          0.03146374,  0.        ]],

       [[ 0.        ,  0.20068071,  0.2805432 , ...,  0.66484834,
          0.51014797,  0.35757823],
        [-0.20068071,  0.        ,  0.08221437, ...,  0.80122728,
          0.67237267,  0.53771625],
        [-0.2805432 , -0.08221437,  0.        , ...,  0.84770866,
          0.7309526 ,  0.60521297],
        ...,
        [-0.66484834, -0.80122728, -0.84770866, ...,  0.        ,
          0.19075769,  0.35378748],
        [-0.51014797, -0.67237267, -0.7309526 , ..., -0.19075769,
          0.        ,  0.16887035],
        [-0.35757823, -0.53771625, -0.60521297, ..., -0.35378748,
         -0.16887035,  0.        ]],

       [[ 0.        ,  0.26628573,  0.33449161, ...,  0.32167066,
          0.62012237,  0.73264307],
        [-0.26628573,  0.        ,  0.07146717, ...,  0.56218953,
          0.80663483,  0.88742791],
        [-0.33449161, -0.07146717,  0.        , ...,  0.61985594,
          0.84681291,  0.91810126],
        ...,
        [-0.32167066, -0.56218953, -0.61985594, ...,  0.        ,
         -0.3348116 , -0.47477103],
        [-0.62012237, -0.80663483, -0.84681291, ...,  0.3348116 ,
          0.        , -0.15269884],
        [-0.73264307, -0.88742791, -0.91810126, ...,  0.47477103,
          0.15269884,  0.        ]]]), 'num': array([2.89067680e+07, 7.07680000e+04, 5.40000000e+02, 5.34000000e+04,
       5.47000000e+04, 5.26000000e+04, 1.38787000e+05, 2.00000000e+02,
       5.45000000e+04, 5.71200000e+04, 5.46983333e+04, 3.59756098e+01,
       6.10826254e+04, 5.31573746e+04])}
{'img': array([[[ 0.        ,  0.        , -0.11845024, ...,  0.44750415,
          0.44750415,  0.48098021],
        [ 0.        ,  0.        , -0.11845024, ...,  0.44750415,
          0.44750415,  0.48098021],
        [ 0.11845024,  0.11845024,  0.        , ...,  0.55028161,
          0.55028161,  0.58144316],
        ...,
        [-0.44750415, -0.44750415, -0.55028161, ...,  0.        ,
          0.        ,  0.03779092],
        [-0.44750415, -0.44750415, -0.55028161, ...,  0.        ,
          0.        ,  0.03779092],
        [-0.48098021, -0.48098021, -0.58144316, ..., -0.03779092,
         -0.03779092,  0.        ]],

       [[ 0.        , -0.05061544, -0.07289297, ...,  0.43319362,
         -0.34476905,  0.14781976],
        [ 0.05061544,  0.        , -0.02231875, ...,  0.4782581 ,
         -0.29681504,  0.19768969],
        [ 0.07289297,  0.02231875,  0.        , ...,  0.49773972,
         -0.27542816,  0.21951872],
        ...,
        [-0.43319362, -0.4782581 , -0.49773972, ...,  0.        ,
         -0.7173741 , -0.29520461],
        [ 0.34476905,  0.29681504,  0.27542816, ...,  0.7173741 ,
          0.        ,  0.4797381 ],
        [-0.14781976, -0.19768969, -0.21951872, ...,  0.29520461,
         -0.4797381 ,  0.        ]],

       [[ 0.        , -0.14063499, -0.31429982, ...,  0.74034996,
          0.55102261,  0.35817266],
        [ 0.14063499,  0.        , -0.17766801, ...,  0.82752988,
          0.66290482,  0.48591758],
        [ 0.31429982,  0.17766801,  0.        , ...,  0.91411096,
          0.78537902,  0.63346953],
        ...,
        [-0.74034996, -0.82752988, -0.91411096, ...,  0.        ,
         -0.24740554, -0.4504603 ],
        [-0.55102261, -0.66290482, -0.78537902, ...,  0.24740554,
          0.        , -0.21557361],
        [-0.35817266, -0.48591758, -0.63346953, ...,  0.4504603 ,
          0.21557361,  0.        ]],

       ...,

       [[ 0.        ,  0.11715868,  0.07310822, ..., -0.8797627 ,
         -0.8942854 , -0.80267051],
        [-0.11715868,  0.        , -0.04424044, ..., -0.92940273,
         -0.94055481, -0.86701879],
        [-0.07310822,  0.04424044,  0.        , ..., -0.91216507,
         -0.92460801, -0.84412598],
        ...,
        [ 0.8797627 ,  0.92940273,  0.91216507, ...,  0.        ,
         -0.03146374,  0.14311039],
        [ 0.8942854 ,  0.94055481,  0.92460801, ...,  0.03146374,
          0.        ,  0.17417941],
        [ 0.80267051,  0.86701879,  0.84412598, ..., -0.14311039,
         -0.17417941,  0.        ]],

       [[ 0.        ,  0.19909068,  0.22669925, ...,  0.51256424,
          0.35934766,  0.15116424],
        [-0.19909068,  0.        ,  0.02825366, ...,  0.67325224,
          0.53794608,  0.34494096],
        [-0.22669925, -0.02825366,  0.        , ...,  0.69387459,
          0.56154857,  0.37132282],
        ...,
        [-0.51256424, -0.67325224, -0.69387459, ...,  0.        ,
          0.16977341,  0.37687718],
        [-0.35934766, -0.53794608, -0.56154857, ..., -0.16977341,
          0.        ,  0.21415124],
        [-0.15116424, -0.34494096, -0.37132282, ..., -0.37687718,
         -0.21415124,  0.        ]],

       [[ 0.        ,  0.20809133,  0.34308472, ...,  0.62510177,
          0.73805443,  0.80998095],
        [-0.20809133,  0.        ,  0.14011328, ...,  0.7738422 ,
          0.86230577,  0.91428643],
        [-0.34308472, -0.14011328,  0.        , ...,  0.85495335,
          0.92475121,  0.96202288],
        ...,
        [-0.62510177, -0.7738422 , -0.85495335, ...,  0.        ,
         -0.15430151, -0.26563036],
        [-0.73805443, -0.86230577, -0.92475121, ...,  0.15430151,
          0.        , -0.11369091],
        [-0.80998095, -0.91428643, -0.96202288, ...,  0.26563036,
          0.11369091,  0.        ]]]), 'num': array([3.11747680e+07, 7.07680000e+04, 5.40000000e+02, 5.76000000e+04,
       5.77000000e+04, 5.44000000e+04, 3.16506000e+05, 4.20000000e+03,
       5.46400000e+04, 5.71250000e+04, 5.48066667e+04, 5.05000000e+01,
       6.10897825e+04, 5.31602175e+04])}
{'img': array([[[ 0.00000000e+00, -1.18450237e-01,  1.50796230e-01, ...,
          4.47504147e-01,  4.80980212e-01,  9.48839238e-01],
        [ 1.18450237e-01,  0.00000000e+00,  2.66830367e-01, ...,
          5.50281611e-01,  5.81443155e-01,  9.79561195e-01],
        [-1.50796230e-01, -2.66830367e-01,  0.00000000e+00, ...,
          3.07532545e-01,  3.43272342e-01,  8.90373784e-01],
        ...,
        [-4.47504147e-01, -5.50281611e-01, -3.07532545e-01, ...,
          0.00000000e+00,  3.77909176e-02,  7.07226002e-01],
        [-4.80980212e-01, -5.81443155e-01, -3.43272342e-01, ...,
         -3.77909176e-02,  0.00000000e+00,  6.80003100e-01],
        [-9.48839238e-01, -9.79561195e-01, -8.90373784e-01, ...,
         -7.07226002e-01, -6.80003100e-01,  0.00000000e+00]],

       [[ 0.00000000e+00, -2.23187455e-02, -3.93458570e-03, ...,
         -2.96815045e-01,  1.97689688e-01,  8.27272280e-01],
        [ 2.23187455e-02,  0.00000000e+00,  1.83849671e-02, ...,
         -2.75428159e-01,  2.19518722e-01,  8.39604909e-01],
        [ 3.93458570e-03, -1.83849671e-02,  0.00000000e+00, ...,
         -2.93055474e-01,  2.01545093e-01,  8.29476332e-01],
        ...,
        [ 2.96815045e-01,  2.75428159e-01,  2.93055474e-01, ...,
          0.00000000e+00,  4.79738096e-01,  9.56742289e-01],
        [-1.97689688e-01, -2.19518722e-01, -2.01545093e-01, ...,
         -4.79738096e-01,  0.00000000e+00,  6.99883472e-01],
        [-8.27272280e-01, -8.39604909e-01, -8.29476332e-01, ...,
         -9.56742289e-01, -6.99883472e-01,  0.00000000e+00]],

       [[ 0.00000000e+00, -1.77668015e-01, -3.43552255e-01, ...,
          6.62904821e-01,  4.85917580e-01,  5.15619663e-01],
        [ 1.77668015e-01,  0.00000000e+00, -1.71232508e-01, ...,
          7.85379021e-01,  6.33469534e-01,  6.59645480e-01],
        [ 3.43552255e-01,  1.71232508e-01,  0.00000000e+00, ...,
          8.79775003e-01,  7.56607772e-01,  7.78597342e-01],
        ...,
        [-6.62904821e-01, -7.85379021e-01, -8.79775003e-01, ...,
          0.00000000e+00, -2.15573608e-01, -1.81942166e-01],
        [-4.85917580e-01, -6.33469534e-01, -7.56607772e-01, ...,
          2.15573608e-01,  0.00000000e+00,  3.43112514e-02],
        [-5.15619663e-01, -6.59645480e-01, -7.78597342e-01, ...,
          1.81942166e-01, -3.43112514e-02,  0.00000000e+00]],

       ...,

       [[ 0.00000000e+00, -4.42404356e-02,  4.10278088e-02, ...,
         -9.40554808e-01, -8.67018789e-01, -3.65965202e-01],
        [ 4.42404356e-02,  0.00000000e+00,  8.51908244e-02, ...,
         -9.24608015e-01, -8.44125979e-01, -3.24435478e-01],
        [-4.10278088e-02, -8.51908244e-02,  0.00000000e+00, ...,
         -9.53697630e-01, -8.86731913e-01, -4.03838711e-01],
        ...,
        [ 9.40554808e-01,  9.24608015e-01,  9.53697630e-01, ...,
          0.00000000e+00,  1.74179414e-01,  7.51010009e-01],
        [ 8.67018789e-01,  8.44125979e-01,  8.86731913e-01, ...,
         -1.74179414e-01,  0.00000000e+00,  6.24520952e-01],
        [ 3.65965202e-01,  3.24435478e-01,  4.03838711e-01, ...,
         -7.51010009e-01, -6.24520952e-01,  0.00000000e+00]],

       [[ 0.00000000e+00,  1.10078388e-01,  2.72345803e-01, ...,
          3.61096628e-01,  1.51922070e-01,  1.37132715e-01],
        [-1.10078388e-01,  0.00000000e+00,  1.64773370e-01, ...,
          4.61553434e-01,  2.59799476e-01,  2.45337789e-01],
        [-2.72345803e-01, -1.64773370e-01,  0.00000000e+00, ...,
          6.01417170e-01,  4.15363873e-01,  4.01721888e-01],
        ...,
        [-3.61096628e-01, -4.61553434e-01, -6.01417170e-01, ...,
          0.00000000e+00,  2.15233544e-01,  2.29805081e-01],
        [-1.51922070e-01, -2.59799476e-01, -4.15363873e-01, ...,
         -2.15233544e-01,  0.00000000e+00,  1.49458702e-02],
        [-1.37132715e-01, -2.45337789e-01, -4.01721888e-01, ...,
         -2.29805081e-01, -1.49458702e-02,  0.00000000e+00]],

       [[ 0.00000000e+00,  2.77361502e-01,  3.36307484e-01, ...,
          7.41329066e-01,  8.13274840e-01,  8.12790356e-01],
        [-2.77361502e-01,  0.00000000e+00,  6.19068568e-02, ...,
          8.98392365e-01,  9.42757554e-01,  9.42479728e-01],
        [-3.36307484e-01, -6.19068568e-02,  0.00000000e+00, ...,
          9.23858291e-01,  9.61593912e-01,  9.61365178e-01],
        ...,
        [-7.41329066e-01, -8.98392365e-01, -9.23858291e-01, ...,
          0.00000000e+00, -1.14458314e-01, -1.13631608e-01],
        [-8.13274840e-01, -9.42757554e-01, -9.61593912e-01, ...,
          1.14458314e-01,  0.00000000e+00,  8.32135163e-04],
        [-8.12790356e-01, -9.42479728e-01, -9.61365178e-01, ...,
          1.13631608e-01, -8.32135163e-04,  0.00000000e+00]]]), 'num': array([ 3.04727680e+07,  7.07680000e+04,  5.40000000e+02,  5.63000000e+04,
        5.81000000e+04,  5.59000000e+04,  1.76274000e+05, -1.30000000e+03,
        5.47400000e+04,  5.71100000e+04,  5.48933333e+04,  4.61538462e+01,
        6.10848711e+04,  5.31351289e+04])}
{'img': array([[[ 0.00000000e+00,  2.66830367e-01,  1.45232528e-01, ...,
          5.81443155e-01,  9.79561195e-01,  9.06337114e-01],
        [-2.66830367e-01,  0.00000000e+00, -1.24034404e-01, ...,
          3.43272342e-01,  8.90373784e-01,  7.60725910e-01],
        [-1.45232528e-01,  1.24034404e-01,  0.00000000e+00, ...,
          4.57119132e-01,  9.39962450e-01,  8.35358937e-01],
        ...,
        [-5.81443155e-01, -3.43272342e-01, -4.57119132e-01, ...,
          0.00000000e+00,  6.80003100e-01,  4.91692198e-01],
        [-9.79561195e-01, -8.90373784e-01, -9.39962450e-01, ...,
         -6.80003100e-01,  0.00000000e+00, -2.31612410e-01],
        [-9.06337114e-01, -7.60725910e-01, -8.35358937e-01, ...,
         -4.91692198e-01,  2.31612410e-01,  0.00000000e+00]],

       [[ 0.00000000e+00,  1.83849671e-02,  3.27248822e-02, ...,
          2.19518722e-01,  8.39604909e-01,  3.99289432e-01],
        [-1.83849671e-02,  0.00000000e+00,  1.43442310e-02, ...,
          2.01545093e-01,  8.29476332e-01,  3.82366149e-01],
        [-3.27248822e-02, -1.43442310e-02,  0.00000000e+00, ...,
          1.87474481e-01,  8.21379138e-01,  3.69072584e-01],
        ...,
        [-2.19518722e-01, -2.01545093e-01, -1.87474481e-01, ...,
          0.00000000e+00,  6.99883472e-01,  1.88289842e-01],
        [-8.39604909e-01, -8.29476332e-01, -8.21379138e-01, ...,
         -6.99883472e-01,  0.00000000e+00, -5.52877663e-01],
        [-3.99289432e-01, -3.82366149e-01, -3.69072584e-01, ...,
         -1.88289842e-01,  5.52877663e-01,  0.00000000e+00]],

       [[ 0.00000000e+00, -1.71232508e-01, -2.73157623e-01, ...,
          6.33469534e-01,  6.59645480e-01,  6.77882631e-01],
        [ 1.71232508e-01,  0.00000000e+00, -1.04402847e-01, ...,
          7.56607772e-01,  7.78597342e-01,  7.93755770e-01],
        [ 2.73157623e-01,  1.04402847e-01,  0.00000000e+00, ...,
          8.20738765e-01,  8.39857654e-01,  8.52919601e-01],
        ...,
        [-6.33469534e-01, -7.56607772e-01, -8.20738765e-01, ...,
          0.00000000e+00,  3.43112514e-02,  5.88157501e-02],
        [-6.59645480e-01, -7.78597342e-01, -8.39857654e-01, ...,
         -3.43112514e-02,  0.00000000e+00,  2.45292654e-02],
        [-6.77882631e-01, -7.93755770e-01, -8.52919601e-01, ...,
         -5.88157501e-02, -2.45292654e-02,  0.00000000e+00]],

       ...,

       [[ 0.00000000e+00,  8.51908244e-02,  1.40049667e-01, ...,
         -8.44125979e-01, -3.24435478e-01, -4.84166046e-01],
        [-8.51908244e-02,  0.00000000e+00,  5.51893135e-02, ...,
         -8.86731913e-01, -4.03838711e-01, -5.56945874e-01],
        [-1.40049667e-01, -5.51893135e-02,  0.00000000e+00, ...,
         -9.10893590e-01, -4.53712074e-01, -6.01934455e-01],
        ...,
        [ 8.44125979e-01,  8.86731913e-01,  9.10893590e-01, ...,
          0.00000000e+00,  6.24520952e-01,  4.79006942e-01],
        [ 3.24435478e-01,  4.03838711e-01,  4.53712074e-01, ...,
         -6.24520952e-01,  0.00000000e+00, -1.74103152e-01],
        [ 4.84166046e-01,  5.56945874e-01,  6.01934455e-01, ...,
         -4.79006942e-01,  1.74103152e-01,  0.00000000e+00]],

       [[ 0.00000000e+00,  2.50255445e-01,  2.19022857e-01, ...,
          1.52152055e-01,  1.37340540e-01,  1.47668102e-01],
        [-2.50255445e-01,  0.00000000e+00, -3.21256593e-02, ...,
          3.94652298e-01,  3.80854340e-01,  3.90481167e-01],
        [-2.19022857e-01,  3.21256593e-02,  0.00000000e+00, ...,
          3.64930557e-01,  3.50953246e-01,  3.60704383e-01],
        ...,
        [-1.52152055e-01, -3.94652298e-01, -3.64930557e-01, ...,
          0.00000000e+00,  1.49687477e-02,  4.53519104e-03],
        [-1.37340540e-01, -3.80854340e-01, -3.50953246e-01, ...,
         -1.49687477e-02,  0.00000000e+00, -1.04339108e-02],
        [-1.47668102e-01, -3.90481167e-01, -3.60704383e-01, ...,
         -4.53519104e-03,  1.04339108e-02,  0.00000000e+00]],

       [[ 0.00000000e+00,  1.95988701e-01,  4.37308589e-01, ...,
          8.19196268e-01,  8.18712707e-01,  8.22950303e-01],
        [-1.95988701e-01,  0.00000000e+00,  2.52572598e-01, ...,
          9.15711023e-01,  9.15372090e-01,  9.18333933e-01],
        [-4.37308589e-01, -2.52572598e-01,  0.00000000e+00, ...,
          9.87514916e-01,  9.87381826e-01,  9.88529538e-01],
        ...,
        [-8.19196268e-01, -9.15711023e-01, -9.87514916e-01, ...,
          0.00000000e+00,  8.42648348e-04, -6.57657116e-03],
        [-8.18712707e-01, -9.15372090e-01, -9.87381826e-01, ...,
         -8.42648348e-04,  0.00000000e+00, -7.41919895e-03],
        [-8.22950303e-01, -9.18333933e-01, -9.88529538e-01, ...,
          6.57657116e-03,  7.41919895e-03,  0.00000000e+00]]]), 'num': array([3.04727680e+07, 7.07680000e+04, 5.40000000e+02, 5.63000000e+04,
       5.73000000e+04, 5.50000000e+04, 1.16337000e+05, 0.00000000e+00,
       5.53600000e+04, 5.69750000e+04, 5.49866667e+04, 4.84848485e+01,
       6.08664650e+04, 5.30835350e+04])}
{'img': array([[[ 0.        , -0.1240344 , -0.29872169, ...,  0.89037378,
          0.76072591,  0.76072591],
        [ 0.1240344 ,  0.        , -0.17804391, ...,  0.93996245,
          0.83535894,  0.83535894],
        [ 0.29872169,  0.17804391,  0.        , ...,  0.98570669,
          0.91988363,  0.91988363],
        ...,
        [-0.89037378, -0.93996245, -0.98570669, ...,  0.        ,
         -0.23161241, -0.23161241],
        [-0.76072591, -0.83535894, -0.91988363, ...,  0.23161241,
          0.        ,  0.        ],
        [-0.76072591, -0.83535894, -0.91988363, ...,  0.23161241,
          0.        ,  0.        ]],

       [[ 0.        ,  0.01434423, -0.06832381, ...,  0.82947633,
          0.38236615,  0.07114581],
        [-0.01434423,  0.        , -0.0826275 , ...,  0.82137914,
          0.36907258,  0.05683061],
        [ 0.06832381,  0.0826275 ,  0.        , ...,  0.86569972,
          0.44460458,  0.13913024],
        ...,
        [-0.82947633, -0.82137914, -0.86569972, ...,  0.        ,
         -0.55287766, -0.78763646],
        [-0.38236615, -0.36907258, -0.44460458, ...,  0.55287766,
          0.        , -0.3156577 ],
        [-0.07114581, -0.05683061, -0.13913024, ...,  0.78763646,
          0.3156577 ,  0.        ]],

       [[ 0.        , -0.10440285, -0.14870911, ...,  0.77859734,
          0.79375577,  0.87738134],
        [ 0.10440285,  0.        , -0.04465443, ...,  0.83985765,
          0.8529196 ,  0.92267835],
        [ 0.14870911,  0.04465443,  0.        , ...,  0.86325862,
          0.87538031,  0.93897541],
        ...,
        [-0.77859734, -0.83985765, -0.86325862, ...,  0.        ,
          0.02452927,  0.17701162],
        [-0.79375577, -0.8529196 , -0.87538031, ..., -0.02452927,
          0.        ,  0.15281644],
        [-0.87738134, -0.92267835, -0.93897541, ..., -0.17701162,
         -0.15281644,  0.        ]],

       ...,

       [[ 0.        ,  0.05518931, -0.10701056, ..., -0.40383871,
         -0.55694587, -0.47549661],
        [-0.05518931,  0.        , -0.16171987, ..., -0.45371207,
         -0.60193445, -0.52332291],
        [ 0.10701056,  0.16171987,  0.        , ..., -0.30362333,
         -0.46487034, -0.37862719],
        ...,
        [ 0.40383871,  0.45371207,  0.30362333, ...,  0.        ,
         -0.17410315, -0.07973465],
        [ 0.55694587,  0.60193445,  0.46487034, ...,  0.17410315,
          0.        ,  0.09503193],
        [ 0.47549661,  0.52332291,  0.37862719, ...,  0.07973465,
         -0.09503193,  0.        ]],

       [[ 0.        , -0.0326313 , -0.24697617, ...,  0.37774906,
          0.38739141,  0.6010836 ],
        [ 0.0326313 ,  0.        , -0.21522422, ...,  0.34733431,
          0.35710181,  0.57468502],
        [ 0.24697617,  0.21522422,  0.        , ...,  0.13736976,
          0.1476995 ,  0.38508302],
        ...,
        [-0.37774906, -0.34733431, -0.13736976, ...,  0.        ,
         -0.01043615, -0.2546563 ],
        [-0.38739141, -0.35710181, -0.1476995 , ...,  0.01043615,
          0.        , -0.24455034],
        [-0.6010836 , -0.57468502, -0.38508302, ...,  0.2546563 ,
          0.24455034,  0.        ]],

       [[ 0.        ,  0.39679019,  0.54240775, ...,  0.82162109,
          0.82585374,  0.83434814],
        [-0.39679019,  0.        ,  0.1645316 , ...,  0.98035758,
          0.98180265,  0.98458172],
        [-0.54240775, -0.1645316 ,  0.        , ...,  0.99944738,
          0.99966768,  0.99994438],
        ...,
        [-0.82162109, -0.98035758, -0.99944738, ...,  0.        ,
         -0.00746542, -0.02269817],
        [-0.82585374, -0.98180265, -0.99966768, ...,  0.00746542,
          0.        , -0.01523404],
        [-0.83434814, -0.98458172, -0.99994438, ...,  0.02269817,
          0.01523404,  0.        ]]]), 'num': array([ 2.92307680e+07,  7.07680000e+04,  5.40000000e+02,  5.40000000e+04,
        5.71000000e+04,  5.36000000e+04,  1.99866000e+05, -2.30000000e+03,
        5.55200000e+04,  5.67400000e+04,  5.50250000e+04,  4.50704225e+01,
        6.07521815e+04,  5.27278185e+04])}
{'img': array([[[ 0.        , -0.17804391,  0.40576429, ...,  0.83535894,
          0.83535894,  0.55222975],
        [ 0.17804391,  0.        ,  0.56200939, ...,  0.91988363,
          0.91988363,  0.6918403 ],
        [-0.40576429, -0.56200939,  0.        , ...,  0.54044888,
          0.54044888,  0.16644327],
        ...,
        [-0.83535894, -0.91988363, -0.54044888, ...,  0.        ,
          0.        , -0.39286866],
        [-0.83535894, -0.91988363, -0.54044888, ...,  0.        ,
          0.        , -0.39286866],
        [-0.55222975, -0.6918403 , -0.16644327, ...,  0.39286866,
          0.39286866,  0.        ]],

       [[ 0.        , -0.0826275 ,  0.32776533, ...,  0.36907258,
          0.05683061,  0.46679701],
        [ 0.0826275 ,  0.        ,  0.40470762, ...,  0.44460458,
          0.13913024,  0.53827362],
        [-0.32776533, -0.40470762,  0.        , ...,  0.04405942,
         -0.27354437,  0.15114673],
        ...,
        [-0.36907258, -0.44460458, -0.04405942, ...,  0.        ,
         -0.3156577 ,  0.10744672],
        [-0.05683061, -0.13913024,  0.27354437, ...,  0.3156577 ,
          0.        ,  0.41578361],
        [-0.46679701, -0.53827362, -0.15114673, ..., -0.10744672,
         -0.41578361,  0.        ]],

       [[ 0.        , -0.04465443,  0.11925832, ...,  0.8529196 ,
          0.92267835,  0.937448  ],
        [ 0.04465443,  0.        ,  0.16347511, ...,  0.87538031,
          0.93897541,  0.95205823],
        [-0.11925832, -0.16347511,  0.        , ...,  0.78457465,
          0.87011094,  0.88924084],
        ...,
        [-0.8529196 , -0.87538031, -0.78457465, ...,  0.        ,
          0.15281644,  0.1924646 ],
        [-0.92267835, -0.93897541, -0.87011094, ..., -0.15281644,
          0.        ,  0.04024465],
        [-0.937448  , -0.95205823, -0.88924084, ..., -0.1924646 ,
         -0.04024465,  0.        ]],

       ...,

       [[ 0.        , -0.16171987,  0.09807587, ..., -0.60193445,
         -0.52332291, -0.63771281],
        [ 0.16171987,  0.        ,  0.25772508, ..., -0.46487034,
         -0.37862719, -0.50474976],
        [-0.09807587, -0.25772508,  0.        , ..., -0.67735053,
         -0.60437377, -0.71018367],
        ...,
        [ 0.60193445,  0.46487034,  0.67735053, ...,  0.        ,
          0.09503193, -0.04558811],
        [ 0.52332291,  0.37862719,  0.60437377, ..., -0.09503193,
          0.        , -0.14031491],
        [ 0.63771281,  0.50474976,  0.71018367, ...,  0.04558811,
          0.14031491,  0.        ]],

       [[ 0.        , -0.21522422,  0.15930639, ...,  0.35710181,
          0.57468502,  0.63973793],
        [ 0.21522422,  0.        ,  0.36804863, ...,  0.1476995 ,
          0.38508302,  0.4593256 ],
        [-0.15930639, -0.36804863,  0.        , ...,  0.50134393,
          0.69771814,  0.75400975],
        ...,
        [-0.35710181, -0.1476995 , -0.50134393, ...,  0.        ,
         -0.24455034, -0.32309111],
        [-0.57468502, -0.38508302, -0.69771814, ...,  0.24455034,
          0.        , -0.08184638],
        [-0.63973793, -0.4593256 , -0.75400975, ...,  0.32309111,
          0.08184638,  0.        ]],

       [[ 0.        ,  0.39454578,  0.46105052, ...,  0.8382945 ,
          0.84672558,  0.89745505],
        [-0.39454578,  0.        ,  0.07353877, ...,  0.98540227,
          0.9879462 ,  0.99868664],
        [-0.46105052, -0.07353877,  0.        , ...,  0.99525355,
          0.99665482,  0.99975029],
        ...,
        [-0.8382945 , -0.98540227, -0.99525355, ...,  0.        ,
         -0.01565206, -0.1195317 ],
        [-0.84672558, -0.9879462 , -0.99665482, ...,  0.01565206,
          0.        , -0.10397722],
        [-0.89745505, -0.99868664, -0.99975029, ...,  0.1195317 ,
          0.10397722,  0.        ]]]), 'num': array([ 2.91227680e+07,  7.07680000e+04,  5.40000000e+02,  5.38000000e+04,
        5.39000000e+04,  5.25000000e+04,  9.26460000e+04, -2.00000000e+02,
        5.56000000e+04,  5.64900000e+04,  5.50683333e+04,  4.05000000e+01,
        6.05799389e+04,  5.24000611e+04])}
{'img': array([[[ 0.        ,  0.56200939,  0.36306382, ...,  0.91988363,
          0.6918403 ,  0.66517075],
        [-0.56200939,  0.        , -0.22335898, ...,  0.54044888,
          0.16644327,  0.13053574],
        [-0.36306382,  0.22335898,  0.        , ...,  0.71472419,
          0.38248165,  0.34868576],
        ...,
        [-0.91988363, -0.54044888, -0.71472419, ...,  0.        ,
         -0.39286866, -0.42599483],
        [-0.6918403 , -0.16644327, -0.38248165, ...,  0.39286866,
          0.        , -0.03630421],
        [-0.66517075, -0.13053574, -0.34868576, ...,  0.42599483,
          0.03630421,  0.        ]],

       [[ 0.        ,  0.40470762,  0.54426444, ...,  0.13913024,
          0.53827362, -0.02898311],
        [-0.40470762,  0.        ,  0.15818573, ..., -0.27354437,
          0.15114673, -0.4310411 ],
        [-0.54426444, -0.15818573,  0.        , ..., -0.42225271,
         -0.00712469, -0.56835012],
        ...,
        [-0.13913024,  0.27354437,  0.42225271, ...,  0.        ,
          0.41578361, -0.16777301],
        [-0.53827362, -0.15114673,  0.00712469, ..., -0.41578361,
          0.        , -0.56247359],
        [ 0.02898311,  0.4310411 ,  0.56835012, ...,  0.16777301,
          0.56247359,  0.        ]],

       [[ 0.        ,  0.16347511,  0.25313523, ...,  0.93897541,
          0.95205823,  0.95806548],
        [-0.16347511,  0.        ,  0.09157905, ...,  0.87011094,
          0.88924084,  0.89833338],
        [-0.25313523, -0.09157905,  0.        , ...,  0.82131929,
          0.84361222,  0.85432642],
        ...,
        [-0.93897541, -0.87011094, -0.82131929, ...,  0.        ,
          0.04024465,  0.06049666],
        [-0.95205823, -0.88924084, -0.84361222, ..., -0.04024465,
          0.        ,  0.02027671],
        [-0.95806548, -0.89833338, -0.85432642, ..., -0.06049666,
         -0.02027671,  0.        ]],

       ...,

       [[ 0.        ,  0.25772508, -0.19957558, ..., -0.37862719,
         -0.50474976, -0.67126461],
        [-0.25772508,  0.        , -0.44537385, ..., -0.60437377,
         -0.71018367, -0.83961856],
        [ 0.19957558,  0.44537385,  0.        , ..., -0.1862931 ,
         -0.32230868, -0.50983144],
        ...,
        [ 0.37862719,  0.60437377,  0.1862931 , ...,  0.        ,
         -0.14031491, -0.34064327],
        [ 0.50474976,  0.71018367,  0.32230868, ...,  0.14031491,
          0.        , -0.20535021],
        [ 0.67126461,  0.83961856,  0.50983144, ...,  0.34064327,
          0.20535021,  0.        ]],

       [[ 0.        ,  0.36804863,  0.38959642, ...,  0.38508302,
          0.4593256 ,  0.54857779],
        [-0.36804863,  0.        ,  0.02328179, ...,  0.69771814,
          0.75400975,  0.8177965 ],
        [-0.38959642, -0.02328179,  0.        , ...,  0.71420745,
          0.76909833,  0.83097368],
        ...,
        [-0.38508302, -0.69771814, -0.71420745, ...,  0.        ,
         -0.08184638, -0.18430481],
        [-0.4593256 , -0.75400975, -0.76909833, ...,  0.08184638,
          0.        , -0.10324218],
        [-0.54857779, -0.8177965 , -0.83097368, ...,  0.18430481,
          0.10324218,  0.        ]],

       [[ 0.        ,  0.13375643,  0.311374  , ...,  0.93449875,
          0.96705555,  0.98662363],
        [-0.13375643,  0.        ,  0.181469  , ...,  0.97371437,
          0.99241558,  0.99956234],
        [-0.311374  , -0.181469  ,  0.        , ...,  0.99888112,
          0.99824581,  0.98833461],
        ...,
        [-0.93449875, -0.97371437, -0.99888112, ...,  0.        ,
         -0.10634818, -0.19886775],
        [-0.96705555, -0.99241558, -0.99824581, ...,  0.10634818,
          0.        , -0.09351595],
        [-0.98662363, -0.99956234, -0.98833461, ...,  0.19886775,
          0.09351595,  0.        ]]]), 'num': array([2.95129000e+07, 5.28080000e+06, 4.43000000e+02, 5.47000000e+04,
       5.60000000e+04, 5.35000000e+04, 1.29568000e+05, 9.00000000e+02,
       5.50200000e+04, 5.63250000e+04, 5.51366667e+04, 3.08139535e+01,
       6.04242072e+04, 5.22257928e+04])}
{'img': array([[[ 0.        , -0.22335898, -0.01931149, ...,  0.16644327,
          0.13053574,  0.28767007],
        [ 0.22335898,  0.        ,  0.20449372, ...,  0.38248165,
          0.34868576,  0.49431995],
        [ 0.01931149, -0.20449372,  0.        , ...,  0.18545435,
          0.14965765,  0.30611161],
        ...,
        [-0.16644327, -0.38248165, -0.18545435, ...,  0.        ,
         -0.03630421,  0.12424972],
        [-0.13053574, -0.34868576, -0.14965765, ...,  0.03630421,
          0.        ,  0.16019071],
        [-0.28767007, -0.49431995, -0.30611161, ..., -0.12424972,
         -0.16019071,  0.        ]],

       [[ 0.        ,  0.15818573,  0.44005211, ...,  0.15114673,
         -0.4310411 , -0.19590815],
        [-0.15818573,  0.        ,  0.29246518, ..., -0.00712469,
         -0.56835012, -0.34856199],
        [-0.44005211, -0.29246518,  0.        , ..., -0.29927093,
         -0.78413617, -0.60744497],
        ...,
        [-0.15114673,  0.00712469,  0.29927093, ...,  0.        ,
         -0.56247359, -0.34187527],
        [ 0.4310411 ,  0.56835012,  0.78413617, ...,  0.56247359,
          0.        ,  0.24591425],
        [ 0.19590815,  0.34856199,  0.60744497, ...,  0.34187527,
         -0.24591425,  0.        ]],

       [[ 0.        ,  0.09157905,  0.17515813, ...,  0.88924084,
          0.89833338,  0.8254054 ],
        [-0.09157905,  0.        ,  0.08425882, ...,  0.84361222,
          0.85432642,  0.77023682],
        [-0.17515813, -0.08425882,  0.        , ...,  0.79536924,
          0.80749594,  0.71376104],
        ...,
        [-0.88924084, -0.84361222, -0.79536924, ...,  0.        ,
          0.02027671, -0.12443954],
        [-0.89833338, -0.85432642, -0.80749594, ..., -0.02027671,
          0.        , -0.14453305],
        [-0.8254054 , -0.77023682, -0.71376104, ...,  0.12443954,
          0.14453305,  0.        ]],

       ...,

       [[ 0.        , -0.44537385, -0.35685594, ..., -0.71018367,
         -0.83961856, -0.97864969],
        [ 0.44537385,  0.        ,  0.0965411 , ..., -0.32230868,
         -0.50983144, -0.96776889],
        [ 0.35685594, -0.0965411 ,  0.        , ..., -0.41219232,
         -0.59050184, -0.98756135],
        ...,
        [ 0.71018367,  0.32230868,  0.41219232, ...,  0.        ,
         -0.20535021, -0.83495332],
        [ 0.83961856,  0.50983144,  0.59050184, ...,  0.20535021,
          0.        , -0.70415077],
        [ 0.97864969,  0.96776889,  0.98756135, ...,  0.83495332,
          0.70415077,  0.        ]],

       [[ 0.        ,  0.13490679,  0.26944975, ...,  0.46710111,
          0.55755811,  0.62421249],
        [-0.13490679,  0.        ,  0.13706933, ...,  0.58211612,
          0.66445232,  0.72390268],
        [-0.26944975, -0.13706933,  0.        , ...,  0.68807364,
          0.76061697,  0.81163451],
        ...,
        [-0.46710111, -0.58211612, -0.68807364, ...,  0.        ,
         -0.10523672, -0.18700623],
        [-0.55755811, -0.66445232, -0.76061697, ...,  0.10523672,
          0.        , -0.08258761],
        [-0.62421249, -0.72390268, -0.81163451, ...,  0.18700623,
          0.08258761,  0.        ]],

       [[ 0.        ,  0.181469  ,  0.33681459, ...,  0.99241558,
          0.99956234,  0.99982129],
        [-0.181469  ,  0.        ,  0.1603564 , ...,  0.99824581,
          0.98833461,  0.97979028],
        [-0.33681459, -0.1603564 ,  0.        , ...,  0.9758337 ,
          0.95112279,  0.93503529],
        ...,
        [-0.99241558, -0.99824581, -0.9758337 , ...,  0.        ,
         -0.09351595, -0.14166758],
        [-0.99956234, -0.98833461, -0.95112279, ...,  0.09351595,
          0.        , -0.04847399],
        [-0.99982129, -0.97979028, -0.93503529, ...,  0.14166758,
          0.04847399,  0.        ]]]), 'num': array([ 2.82624580e+07,  2.16245800e+06,  5.00000000e+02,  5.22000000e+04,
        5.43000000e+04,  5.19000000e+04,  1.21757000e+05, -2.50000000e+03,
        5.42000000e+04,  5.60650000e+04,  5.51216667e+04,  3.17365269e+01,
        6.05040427e+04,  5.16259573e+04])}
{'img': array([[[ 0.        ,  0.20449372,  0.20449372, ...,  0.34868576,
          0.49431995,  0.04347377],
        [-0.20449372,  0.        ,  0.        , ...,  0.14965765,
          0.30611161, -0.16174531],
        [-0.20449372,  0.        ,  0.        , ...,  0.14965765,
          0.30611161, -0.16174531],
        ...,
        [-0.34868576, -0.14965765, -0.14965765, ...,  0.        ,
          0.16019071, -0.30761076],
        [-0.49431995, -0.30611161, -0.30611161, ..., -0.16019071,
          0.        , -0.45606172],
        [-0.04347377,  0.16174531,  0.16174531, ...,  0.30761076,
          0.45606172,  0.        ]],

       [[ 0.        ,  0.29246518, -0.2479588 , ..., -0.56835012,
         -0.34856199, -0.39153827],
        [-0.29246518,  0.        , -0.52044875, ..., -0.78413617,
         -0.60744497, -0.64353401],
        [ 0.2479588 ,  0.52044875,  0.        , ..., -0.34658364,
         -0.10526836, -0.15114853],
        ...,
        [ 0.56835012,  0.78413617,  0.34658364, ...,  0.        ,
          0.24591425,  0.20082156],
        [ 0.34856199,  0.60744497,  0.10526836, ..., -0.24591425,
          0.        , -0.04624979],
        [ 0.39153827,  0.64353401,  0.15114853, ..., -0.20082156,
          0.04624979,  0.        ]],

       [[ 0.        ,  0.08425882,  0.19146926, ...,  0.85432642,
          0.77023682,  0.62711397],
        [-0.08425882,  0.        ,  0.10808846, ...,  0.80749594,
          0.71376104,  0.55925238],
        [-0.19146926, -0.10808846,  0.        , ...,  0.73900657,
          0.63387532,  0.46637082],
        ...,
        [-0.85432642, -0.80749594, -0.73900657, ...,  0.        ,
         -0.14453305, -0.33952412],
        [-0.77023682, -0.71376104, -0.63387532, ...,  0.14453305,
          0.        , -0.2000117 ],
        [-0.62711397, -0.55925238, -0.46637082, ...,  0.33952412,
          0.2000117 ,  0.        ]],

       ...,

       [[ 0.        ,  0.0965411 , -0.17984186, ..., -0.50983144,
         -0.96776889, -0.90889582],
        [-0.0965411 ,  0.        , -0.27396887, ..., -0.59050184,
         -0.98756135, -0.94491025],
        [ 0.17984186,  0.27396887,  0.        , ..., -0.34680557,
         -0.90669856, -0.81907852],
        ...,
        [ 0.50983144,  0.59050184,  0.34680557, ...,  0.        ,
         -0.70415077, -0.56928817],
        [ 0.96776889,  0.98756135,  0.90669856, ...,  0.70415077,
          0.        ,  0.17468581],
        [ 0.90889582,  0.94491025,  0.81907852, ...,  0.56928817,
         -0.17468581,  0.        ]],

       [[ 0.        ,  0.23486375,  0.31842369, ...,  0.55871765,
          0.62546757,  0.59269751],
        [-0.23486375,  0.        ,  0.08687811, ...,  0.73787548,
          0.79122465,  0.76528392],
        [-0.31842369, -0.08687811,  0.        , ...,  0.79372278,
          0.84136118,  0.81831316],
        ...,
        [-0.55871765, -0.73787548, -0.79372278, ...,  0.        ,
         -0.08279695, -0.04155313],
        [-0.62546757, -0.79122465, -0.84136118, ...,  0.08279695,
          0.        ,  0.04131498],
        [-0.59269751, -0.76528392, -0.81831316, ...,  0.04155313,
         -0.04131498,  0.        ]],

       [[ 0.        ,  0.1603564 ,  0.27946144, ...,  0.98833461,
          0.97979028,  0.93457025],
        [-0.1603564 ,  0.        ,  0.12187767, ...,  0.95112279,
          0.93503529,  0.86542476],
        [-0.27946144, -0.12187767,  0.        , ...,  0.90639489,
          0.88485243,  0.79790767],
        ...,
        [-0.98833461, -0.95112279, -0.90639489, ...,  0.        ,
         -0.04847399, -0.20929515],
        [-0.97979028, -0.93503529, -0.88485243, ...,  0.04847399,
          0.        , -0.1616487 ],
        [-0.93457025, -0.86542476, -0.79790767, ...,  0.20929515,
          0.1616487 ,  0.        ]]]), 'num': array([ 2.74222730e+07,  8.57273000e+05,  5.25000000e+02,  5.06000000e+04,
        5.27000000e+04,  5.03000000e+04,  1.38386000e+05, -1.60000000e+03,
        5.30600000e+04,  5.57000000e+04,  5.50983333e+04,  2.94444444e+01,
        6.06469182e+04,  5.07530818e+04])}
{'img': array([[[ 0.        ,  0.        ,  0.01931149, ...,  0.30611161,
         -0.16174531, -0.54593145],
        [ 0.        ,  0.        ,  0.01931149, ...,  0.30611161,
         -0.16174531, -0.54593145],
        [-0.01931149, -0.01931149,  0.        , ...,  0.28767007,
         -0.18077236, -0.56200939],
        ...,
        [-0.30611161, -0.30611161, -0.28767007, ...,  0.        ,
         -0.45606172, -0.7761938 ],
        [ 0.16174531,  0.16174531,  0.18077236, ...,  0.45606172,
          0.        , -0.40322787],
        [ 0.54593145,  0.54593145,  0.56200939, ...,  0.7761938 ,
          0.40322787,  0.        ]],

       [[ 0.        , -0.52044875, -0.50647779, ..., -0.60744497,
         -0.64353401, -0.5672836 ],
        [ 0.52044875,  0.        ,  0.01628071, ..., -0.10526836,
         -0.15114853, -0.05579818],
        [ 0.50647779, -0.01628071,  0.        , ..., -0.12144466,
         -0.16722216, -0.07204613],
        ...,
        [ 0.60744497,  0.10526836,  0.12144466, ...,  0.        ,
         -0.04624979,  0.0496162 ],
        [ 0.64353401,  0.15114853,  0.16722216, ...,  0.04624979,
          0.        ,  0.09575594],
        [ 0.5672836 ,  0.05579818,  0.07204613, ..., -0.0496162 ,
         -0.09575594,  0.        ]],

       [[ 0.        ,  0.10808846,  0.24508366, ...,  0.71376104,
          0.55925238,  0.30128372],
        [-0.10808846,  0.        ,  0.13885582, ...,  0.63387532,
          0.46637082,  0.1964525 ],
        [-0.24508366, -0.13885582,  0.        , ...,  0.52033873,
          0.33902253,  0.05839941],
        ...,
        [-0.71376104, -0.63387532, -0.52033873, ...,  0.        ,
         -0.2000117 , -0.46957991],
        [-0.55925238, -0.46637082, -0.33902253, ...,  0.2000117 ,
          0.        , -0.28350303],
        [-0.30128372, -0.1964525 , -0.05839941, ...,  0.46957991,
          0.28350303,  0.        ]],

       ...,

       [[ 0.        , -0.26676281, -0.3200637 , ..., -0.94224057,
         -0.90611265, -0.99977232],
        [ 0.26676281,  0.        , -0.05573528, ..., -0.81874715,
         -0.76042673, -0.95785065],
        [ 0.3200637 ,  0.05573528,  0.        , ..., -0.78547383,
         -0.7230489 , -0.94035087],
        ...,
        [ 0.94224057,  0.81874715,  0.78547383, ...,  0.        ,
          0.09511159, -0.31475527],
        [ 0.90611265,  0.76042673,  0.7230489 , ..., -0.09511159,
          0.        , -0.40360571],
        [ 0.99977232,  0.95785065,  0.94035087, ...,  0.31475527,
          0.40360571,  0.        ]],

       [[ 0.        ,  0.20111383, -0.01984377, ...,  0.64460685,
          0.6122145 ,  0.54612961],
        [-0.20111383,  0.        , -0.22051255, ...,  0.78519055,
          0.7587247 ,  0.70344422],
        [ 0.01984377,  0.22051255,  0.        , ...,  0.62930907,
          0.59640364,  0.52939893],
        ...,
        [-0.64460685, -0.78519055, -0.62930907, ...,  0.        ,
          0.0416386 ,  0.12246374],
        [-0.6122145 , -0.7587247 , -0.59640364, ..., -0.0416386 ,
          0.        ,  0.08103235],
        [-0.54612961, -0.70344422, -0.52939893, ..., -0.12246374,
         -0.08103235,  0.        ]],

       [[ 0.        ,  0.12187767,  0.30464467, ...,  0.93503529,
          0.86542476,  0.72755586],
        [-0.12187767,  0.        ,  0.18628923, ...,  0.88485243,
          0.79790767,  0.63851804],
        [-0.30464467, -0.18628923,  0.        , ...,  0.78257621,
          0.67164889,  0.48397128],
        ...,
        [-0.93503529, -0.88485243, -0.78257621, ...,  0.        ,
         -0.1616487 , -0.38352119],
        [-0.86542476, -0.79790767, -0.67164889, ...,  0.1616487 ,
          0.        , -0.22918951],
        [-0.72755586, -0.63851804, -0.48397128, ...,  0.38352119,
          0.22918951,  0.        ]]]), 'num': array([2.81060660e+07, 8.06666000e+05, 5.26000000e+02, 5.19000000e+04,
       5.24000000e+04, 5.10000000e+04, 6.33970000e+04, 1.30000000e+03,
       5.26400000e+04, 5.54500000e+04, 5.50800000e+04, 3.45549738e+01,
       6.06289960e+04, 5.02710040e+04])}
{'img': array([[[ 0.        ,  0.01931149,  0.7831023 , ..., -0.16174531,
         -0.54593145, -0.22627465],
        [-0.01931149,  0.        ,  0.77094658, ..., -0.18077236,
         -0.56200939, -0.24504307],
        [-0.7831023 , -0.77094658,  0.        , ..., -0.87337909,
         -0.99561738, -0.90351   ],
        ...,
        [ 0.16174531,  0.18077236,  0.87337909, ...,  0.        ,
         -0.40322787, -0.06574497],
        [ 0.54593145,  0.56200939,  0.99561738, ...,  0.40322787,
          0.        ,  0.34219227],
        [ 0.22627465,  0.24504307,  0.90351   , ...,  0.06574497,
         -0.34219227,  0.        ]],

       [[ 0.        ,  0.01628071,  0.99513974, ..., -0.15114853,
         -0.05579818, -0.66039057],
        [-0.01628071,  0.        ,  0.99340464, ..., -0.16722216,
         -0.07204613, -0.67252859],
        [-0.99513974, -0.99340464,  0.        , ..., -0.99859066,
         -0.99908399, -0.81230313],
        ...,
        [ 0.15114853,  0.16722216,  0.99859066, ...,  0.        ,
          0.09575594, -0.53930258],
        [ 0.05579818,  0.07204613,  0.99908399, ..., -0.09575594,
          0.        , -0.61746163],
        [ 0.66039057,  0.67252859,  0.81230313, ...,  0.53930258,
          0.61746163,  0.        ]],

       [[ 0.        ,  0.13885582,  0.38136641, ...,  0.46637082,
          0.1964525 ,  0.08471528],
        [-0.13885582,  0.        ,  0.24931032, ...,  0.33902253,
          0.05839941, -0.05446205],
        [-0.38136641, -0.24931032,  0.        , ...,  0.09377171,
         -0.19232945, -0.30168264],
        ...,
        [-0.46637082, -0.33902253, -0.09377171, ...,  0.        ,
         -0.28350303, -0.38975608],
        [-0.1964525 , -0.05839941,  0.19232945, ...,  0.28350303,
          0.        , -0.11268183],
        [-0.08471528,  0.05446205,  0.30168264, ...,  0.38975608,
          0.11268183,  0.        ]],

       ...,

       [[ 0.        , -0.05573528,  0.53620624, ..., -0.76042673,
         -0.95785065, -0.60784557],
        [ 0.05573528,  0.        ,  0.58241817, ..., -0.7230489 ,
         -0.94035087, -0.56264383],
        [-0.53620624, -0.58241817,  0.        , ..., -0.99009138,
         -0.96254346, -0.93885193],
        ...,
        [ 0.76042673,  0.7230489 ,  0.99009138, ...,  0.        ,
         -0.40360571,  0.20907151],
        [ 0.95785065,  0.94035087,  0.96254346, ...,  0.40360571,
          0.        ,  0.5859726 ],
        [ 0.60784557,  0.56264383,  0.93885193, ..., -0.20907151,
         -0.5859726 ,  0.        ]],

       [[ 0.        , -0.22051255,  0.61368672, ...,  0.7587247 ,
          0.70344422,  0.71103245],
        [ 0.22051255,  0.        ,  0.77268589, ...,  0.59640364,
          0.52939893,  0.53847434],
        [-0.61368672, -0.77268589,  0.        , ...,  0.99881334,
          0.99158224,  0.99291486],
        ...,
        [-0.7587247 , -0.59640364, -0.99881334, ...,  0.        ,
          0.08103235,  0.0703296 ],
        [-0.70344422, -0.52939893, -0.99158224, ..., -0.08103235,
          0.        , -0.01073338],
        [-0.71103245, -0.53847434, -0.99291486, ..., -0.0703296 ,
          0.01073338,  0.        ]],

       [[ 0.        ,  0.18628923,  0.11720926, ...,  0.79790767,
          0.63851804,  0.53399736],
        [-0.18628923,  0.        , -0.06984769, ...,  0.67164889,
          0.48397128,  0.36714474],
        [-0.11720926,  0.06984769,  0.        , ...,  0.72175653,
          0.54391185,  0.43121784],
        ...,
        [-0.79790767, -0.67164889, -0.72175653, ...,  0.        ,
         -0.22918951, -0.35273712],
        [-0.63851804, -0.48397128, -0.54391185, ...,  0.22918951,
          0.        , -0.12889013],
        [-0.53399736, -0.36714474, -0.43121784, ...,  0.35273712,
          0.12889013,  0.        ]]]), 'num': array([2.81060220e+07, 4.95222000e+05, 5.32000000e+02, 5.19000000e+04,
       5.25000000e+04, 5.13000000e+04, 5.05730000e+04, 0.00000000e+00,
       5.22600000e+04, 5.52400000e+04, 5.50616667e+04, 3.62637363e+01,
       6.06327359e+04, 4.98472641e+04])}
{'img': array([[[ 0.        ,  0.77094658,  0.73345269, ..., -0.56200939,
         -0.24504307, -0.24504307],
        [-0.77094658,  0.        , -0.05690773, ..., -0.99561738,
         -0.90351   , -0.90351   ],
        [-0.73345269,  0.05690773,  0.        , ..., -0.98868189,
         -0.87765703, -0.87765703],
        ...,
        [ 0.56200939,  0.99561738,  0.98868189, ...,  0.        ,
          0.34219227,  0.34219227],
        [ 0.24504307,  0.90351   ,  0.87765703, ..., -0.34219227,
          0.        ,  0.        ],
        [ 0.24504307,  0.90351   ,  0.87765703, ..., -0.34219227,
          0.        ,  0.        ]],

       [[ 0.        ,  0.98898725,  0.25808147, ..., -0.06796477,
         -0.5661316 , -0.79462643],
        [-0.98898725,  0.        , -0.91728725, ..., -0.99675927,
         -0.89902478, -0.71801816],
        [-0.25808147,  0.91728725,  0.        , ..., -0.32314705,
         -0.75969324, -0.92438792],
        ...,
        [ 0.06796477,  0.99675927,  0.32314705, ...,  0.        ,
         -0.50879818, -0.75152771],
        [ 0.5661316 ,  0.89902478,  0.75969324, ...,  0.50879818,
          0.        , -0.31132462],
        [ 0.79462643,  0.71801816,  0.92438792, ...,  0.75152771,
          0.31132462,  0.        ]],

       [[ 0.        ,  0.24931032,  0.50763966, ...,  0.05839941,
         -0.05446205, -0.16196083],
        [-0.24931032,  0.        ,  0.27681208, ..., -0.19232945,
         -0.30168264, -0.40286542],
        [-0.50763966, -0.27681208,  0.        , ..., -0.45645812,
         -0.55380908, -0.64047789],
        ...,
        [-0.05839941,  0.19232945,  0.45645812, ...,  0.        ,
         -0.11268183, -0.21931278],
        [ 0.05446205,  0.30168264,  0.55380908, ...,  0.11268183,
          0.        , -0.10797745],
        [ 0.16196083,  0.40286542,  0.64047789, ...,  0.21931278,
          0.10797745,  0.        ]],

       ...,

       [[ 0.        ,  0.58241817,  0.50558815, ..., -0.94035087,
         -0.56264383, -0.47614963],
        [-0.58241817,  0.        , -0.0915086 , ..., -0.96254346,
         -0.93885193, -0.89921469],
        [-0.50558815,  0.0915086 ,  0.        , ..., -0.98331539,
         -0.90340443, -0.85540613],
        ...,
        [ 0.94035087,  0.96254346,  0.98331539, ...,  0.        ,
          0.5859726 ,  0.66492191],
        [ 0.56264383,  0.93885193,  0.90340443, ..., -0.5859726 ,
          0.        ,  0.10113627],
        [ 0.47614963,  0.89921469,  0.85540613, ..., -0.66492191,
         -0.10113627,  0.        ]],

       [[ 0.        ,  0.77268589,  0.92328495, ...,  0.52939893,
          0.53847434,  0.53659831],
        [-0.77268589,  0.        ,  0.2892899 , ...,  0.99158224,
          0.99291486,  0.99264804],
        [-0.92328495, -0.2892899 ,  0.        , ...,  0.9866405 ,
          0.98483506,  0.98521861],
        ...,
        [-0.52939893, -0.99158224, -0.9866405 , ...,  0.        ,
         -0.01073338, -0.00850869],
        [-0.53847434, -0.99291486, -0.98483506, ...,  0.01073338,
          0.        ,  0.00222479],
        [-0.53659831, -0.99264804, -0.98521861, ...,  0.00850869,
         -0.00222479,  0.        ]],

       [[ 0.        , -0.06984769, -0.0427256 , ...,  0.48397128,
          0.36714474,  0.25618818],
        [ 0.06984769,  0.        ,  0.02716266, ...,  0.54391185,
          0.43121784,  0.32307914],
        [ 0.0427256 , -0.02716266,  0.        , ...,  0.52091782,
          0.40655128,  0.29725396],
        ...,
        [-0.48397128, -0.54391185, -0.52091782, ...,  0.        ,
         -0.12889013, -0.24363352],
        [-0.36714474, -0.43121784, -0.40655128, ...,  0.12889013,
          0.        , -0.11659501],
        [-0.25618818, -0.32307914, -0.29725396, ...,  0.24363352,
          0.11659501,  0.        ]]]), 'num': array([2.83211780e+07, 1.83778000e+05, 5.38000000e+02, 5.23000000e+04,
       5.23000000e+04, 5.01000000e+04, 8.86380000e+04, 4.00000000e+02,
       5.17800000e+04, 5.49750000e+04, 5.50483333e+04, 4.00000000e+01,
       6.03986058e+04, 4.95513942e+04])}
{'img': array([[[ 0.        , -0.05690773, -0.07554864, ..., -0.90351   ,
         -0.90351   , -0.86283915],
        [ 0.05690773,  0.        , -0.01868111, ..., -0.87765703,
         -0.87765703, -0.83267522],
        [ 0.07554864,  0.01868111,  0.        , ..., -0.86855022,
         -0.86855022, -0.82218503],
        ...,
        [ 0.90351   ,  0.87765703,  0.86855022, ...,  0.        ,
          0.        ,  0.08692057],
        [ 0.90351   ,  0.87765703,  0.86855022, ...,  0.        ,
          0.        ,  0.08692057],
        [ 0.86283915,  0.83267522,  0.82218503, ..., -0.08692057,
         -0.08692057,  0.        ]],

       [[ 0.        , -0.91728725, -0.94955499, ..., -0.89902478,
         -0.71801816, -0.97594633],
        [ 0.91728725,  0.        , -0.09047587, ..., -0.75969324,
         -0.92438792, -0.58862605],
        [ 0.94955499,  0.09047587,  0.        , ..., -0.69774268,
         -0.88608432, -0.5130707 ],
        ...,
        [ 0.89902478,  0.75969324,  0.69774268, ...,  0.        ,
         -0.31132462,  0.23136746],
        [ 0.71801816,  0.92438792,  0.88608432, ...,  0.31132462,
          0.        ,  0.52274661],
        [ 0.97594633,  0.58862605,  0.5130707 , ..., -0.23136746,
         -0.52274661,  0.        ]],

       [[ 0.        ,  0.27681208,  0.49014718, ..., -0.30168264,
         -0.40286542, -0.53448826],
        [-0.27681208,  0.        ,  0.22971382, ..., -0.55380908,
         -0.64047789, -0.74755754],
        [-0.49014718, -0.22971382,  0.        , ..., -0.730269  ,
         -0.79976521, -0.88014176],
        ...,
        [ 0.30168264,  0.55380908,  0.730269  , ...,  0.        ,
         -0.10797745, -0.2546107 ],
        [ 0.40286542,  0.64047789,  0.79976521, ...,  0.10797745,
          0.        , -0.14870317],
        [ 0.53448826,  0.74755754,  0.88014176, ...,  0.2546107 ,
          0.14870317,  0.        ]],

       ...,

       [[ 0.        , -0.0915086 ,  0.18415101, ..., -0.93885193,
         -0.89921469, -0.80067131],
        [ 0.0915086 ,  0.        ,  0.27332198, ..., -0.90340443,
         -0.85540613, -0.74248877],
        [-0.18415101, -0.27332198,  0.        , ..., -0.98620274,
         -0.96440376, -0.89730379],
        ...,
        [ 0.93885193,  0.90340443,  0.98620274, ...,  0.        ,
          0.10113627,  0.28678177],
        [ 0.89921469,  0.85540613,  0.96440376, ..., -0.10113627,
          0.        ,  0.18842318],
        [ 0.80067131,  0.74248877,  0.89730379, ..., -0.28678177,
         -0.18842318,  0.        ]],

       [[ 0.        ,  0.72062318,  0.91720498, ...,  0.5898838 ,
          0.58787578,  0.69670685],
        [-0.72062318,  0.        ,  0.34881537, ...,  0.990877  ,
          0.99053911,  0.99998895],
        [-0.91720498, -0.34881537,  0.        , ...,  0.97565108,
          0.97619299,  0.93554136],
        ...,
        [-0.5898838 , -0.990877  , -0.97565108, ...,  0.        ,
          0.0024845 , -0.13942586],
        [-0.58787578, -0.99053911, -0.97619299, ..., -0.0024845 ,
          0.        , -0.14188566],
        [-0.69670685, -0.99998895, -0.93554136, ...,  0.13942586,
          0.14188566,  0.        ]],

       [[ 0.        ,  0.02716266, -0.01113151, ...,  0.43121784,
          0.32307914,  0.24203774],
        [-0.02716266,  0.        , -0.03828837, ...,  0.40655128,
          0.29725396,  0.2155934 ],
        [ 0.01113151,  0.03828837,  0.        , ...,  0.4412345 ,
          0.33359367,  0.25282327],
        ...,
        [-0.43121784, -0.40655128, -0.4412345 , ...,  0.        ,
         -0.11659501, -0.20001834],
        [-0.32307914, -0.29725396, -0.33359367, ...,  0.11659501,
          0.        , -0.08441525],
        [-0.24203774, -0.2155934 , -0.25282327, ...,  0.20001834,
          0.08441525,  0.        ]]]), 'num': array([ 2.69223780e+07,  1.83778000e+05,  5.38000000e+02,  4.97000000e+04,
        5.25000000e+04,  4.95000000e+04,  1.57049000e+05, -2.60000000e+03,
        5.12800000e+04,  5.43950000e+04,  5.49100000e+04,  4.00000000e+01,
        5.94579932e+04,  4.93320068e+04])}
{'img': array([[[ 0.        , -0.01856326, -0.196944  , ..., -0.87170589,
         -0.82684846, -0.92526951],
        [ 0.01856326,  0.        , -0.17871037, ..., -0.86245914,
         -0.81626555, -0.93215131],
        [ 0.196944  ,  0.17871037,  0.        , ..., -0.75812495,
         -0.69988824, -0.98185076],
        ...,
        [ 0.87170589,  0.86245914,  0.75812495, ...,  0.        ,
          0.08508891, -0.78405634],
        [ 0.82684846,  0.81626555,  0.69988824, ..., -0.08508891,
          0.        , -0.83402666],
        [ 0.92526951,  0.93215131,  0.98185076, ...,  0.78405634,
          0.83402666,  0.        ]],

       [[ 0.        , -0.09047587, -0.08712889, ..., -0.92438792,
         -0.58862605, -0.23424913],
        [ 0.09047587,  0.        ,  0.00336024, ..., -0.88608432,
         -0.5130707 , -0.14532987],
        [ 0.08712889, -0.00336024,  0.        , ..., -0.88763687,
         -0.51595206, -0.14865362],
        ...,
        [ 0.92438792,  0.88608432,  0.88763687, ...,  0.        ,
          0.52274661,  0.80931309],
        [ 0.58862605,  0.5130707 ,  0.51595206, ..., -0.52274661,
          0.        ,  0.3828802 ],
        [ 0.23424913,  0.14532987,  0.14865362, ..., -0.80931309,
         -0.3828802 ,  0.        ]],

       [[ 0.        ,  0.22971382,  0.41405427, ..., -0.64047789,
         -0.74755754, -0.85502948],
        [-0.22971382,  0.        ,  0.1938842 , ..., -0.79976521,
         -0.88014176, -0.95128932],
        [-0.41405427, -0.1938842 ,  0.        , ..., -0.9009804 ,
         -0.95547952, -0.99301247],
        ...,
        [ 0.64047789,  0.79976521,  0.9009804 , ...,  0.        ,
         -0.14870317, -0.32450399],
        [ 0.74755754,  0.88014176,  0.95547952, ...,  0.14870317,
          0.        , -0.18024012],
        [ 0.85502948,  0.95128932,  0.99301247, ...,  0.32450399,
          0.18024012,  0.        ]],

       ...,

       [[ 0.        ,  0.27332198,  0.35474067, ..., -0.85540613,
         -0.74248877, -0.74248877],
        [-0.27332198,  0.        ,  0.08568665, ..., -0.96440376,
         -0.89730379, -0.89730379],
        [-0.35474067, -0.08568665,  0.        , ..., -0.98351529,
         -0.93182687, -0.93182687],
        ...,
        [ 0.85540613,  0.96440376,  0.98351529, ...,  0.        ,
          0.18842318,  0.18842318],
        [ 0.74248877,  0.89730379,  0.93182687, ..., -0.18842318,
          0.        ,  0.        ],
        [ 0.74248877,  0.89730379,  0.93182687, ..., -0.18842318,
          0.        ,  0.        ]],

       [[ 0.        ,  0.75849551,  0.89211395, ...,  0.63275633,
          0.74580244,  0.97282513],
        [-0.75849551,  0.        ,  0.23867505, ...,  0.99969528,
          0.99130806,  0.80959184],
        [-0.89211395, -0.23867505,  0.        , ...,  0.97669524,
          0.93125839,  0.64609359],
        ...,
        [-0.63275633, -0.99969528, -0.97669524, ...,  0.        ,
         -0.15599134, -0.60679902],
        [-0.74580244, -0.99130806, -0.93125839, ...,  0.15599134,
          0.        , -0.4753803 ],
        [-0.97282513, -0.80959184, -0.64609359, ...,  0.60679902,
          0.4753803 ,  0.        ]],

       [[ 0.        , -0.03828837, -0.01211644, ...,  0.29725396,
          0.2155934 ,  0.15188957],
        [ 0.03828837,  0.        ,  0.02617801, ...,  0.33359367,
          0.25282327,  0.18962232],
        [ 0.01211644, -0.02617801,  0.        , ...,  0.3088009 ,
          0.22740908,  0.16385428],
        ...,
        [-0.29725396, -0.33359367, -0.3088009 , ...,  0.        ,
         -0.08441525, -0.14878114],
        [-0.2155934 , -0.25282327, -0.22740908, ...,  0.08441525,
          0.        , -0.06477436],
        [-0.15188957, -0.18962232, -0.16385428, ...,  0.14878114,
          0.06477436,  0.        ]]]), 'num': array([ 2.54131710e+07,  1.34071000e+05,  5.39000000e+02,  4.69000000e+04,
        4.92500000e+04,  4.65000000e+04,  1.82286000e+05, -2.80000000e+03,
        5.05400000e+04,  5.38250000e+04,  5.47300000e+04,  3.44827586e+01,
        5.95275871e+04,  4.81224129e+04])}
{'img': array([[[ 0.00000000e+00, -1.52430215e-01, -2.38268260e-01, ...,
         -6.89149312e-01, -9.18826908e-01, -8.73897012e-01],
        [ 1.52430215e-01,  0.00000000e+00, -8.74437837e-02, ...,
         -5.70642191e-01, -8.47931490e-01, -9.37782879e-01],
        [ 2.38268260e-01,  8.74437837e-02,  0.00000000e+00, ...,
         -4.96647589e-01, -7.98328992e-01, -9.64553085e-01],
        ...,
        [ 6.89149312e-01,  5.70642191e-01,  4.96647589e-01, ...,
          0.00000000e+00, -3.93819583e-01, -9.68245837e-01],
        [ 9.18826908e-01,  8.47931490e-01,  7.98328992e-01, ...,
          3.93819583e-01,  0.00000000e+00, -7.91544825e-01],
        [ 8.73897012e-01,  9.37782879e-01,  9.64553085e-01, ...,
          9.68245837e-01,  7.91544825e-01,  0.00000000e+00]],

       [[ 0.00000000e+00,  3.36024498e-03,  3.48816414e-01, ...,
         -5.13070704e-01, -1.45329875e-01, -2.96325588e-02],
        [-3.36024498e-03,  0.00000000e+00,  3.45665253e-01, ...,
         -5.15952062e-01, -1.48653624e-01, -3.29911608e-02],
        [-3.48816414e-01, -3.45665253e-01,  0.00000000e+00, ...,
         -7.80250579e-01, -4.81314981e-01, -3.76434604e-01],
        ...,
        [ 5.13070704e-01,  5.15952062e-01,  7.80250579e-01, ...,
          0.00000000e+00,  3.82880197e-01,  4.87410395e-01],
        [ 1.45329875e-01,  1.48653624e-01,  4.81314981e-01, ...,
         -3.82880197e-01,  0.00000000e+00,  1.15948097e-01],
        [ 2.96325588e-02,  3.29911608e-02,  3.76434604e-01, ...,
         -4.87410395e-01, -1.15948097e-01,  0.00000000e+00]],

       [[ 0.00000000e+00,  1.93884205e-01,  3.61923627e-01, ...,
         -8.80141760e-01, -9.51289320e-01, -9.93048610e-01],
        [-1.93884205e-01,  0.00000000e+00,  1.74315559e-01, ...,
         -9.55479515e-01, -9.93012473e-01, -9.51383804e-01],
        [-3.61923627e-01, -1.74315559e-01,  0.00000000e+00, ...,
         -9.92284077e-01, -9.98380177e-01, -8.83127402e-01],
        ...,
        [ 8.80141760e-01,  9.55479515e-01,  9.92284077e-01, ...,
          0.00000000e+00, -1.80240121e-01, -5.75008099e-01],
        [ 9.51289320e-01,  9.93012473e-01,  9.98380177e-01, ...,
          1.80240121e-01,  0.00000000e+00, -4.18127941e-01],
        [ 9.93048610e-01,  9.51383804e-01,  8.83127402e-01, ...,
          5.75008099e-01,  4.18127941e-01,  0.00000000e+00]],

       ...,

       [[ 0.00000000e+00,  8.56866494e-02, -3.97568911e-02, ...,
         -8.97303785e-01, -8.97303785e-01, -9.86951931e-01],
        [-8.56866494e-02,  0.00000000e+00, -1.25229575e-01, ...,
         -9.31826871e-01, -9.31826871e-01, -9.97118907e-01],
        [ 3.97568911e-02,  1.25229575e-01,  0.00000000e+00, ...,
         -8.79045131e-01, -8.79045131e-01, -9.79770167e-01],
        ...,
        [ 8.97303785e-01,  9.31826871e-01,  8.79045131e-01, ...,
          0.00000000e+00,  0.00000000e+00, -2.91174427e-01],
        [ 8.97303785e-01,  9.31826871e-01,  8.79045131e-01, ...,
          0.00000000e+00,  0.00000000e+00, -2.91174427e-01],
        [ 9.86951931e-01,  9.97118907e-01,  9.79770167e-01, ...,
          2.91174427e-01,  2.91174427e-01,  0.00000000e+00]],

       [[ 0.00000000e+00,  6.52275270e-01,  7.95967607e-01, ...,
          8.03158562e-01,  9.97583270e-01,  9.94105206e-01],
        [-6.52275270e-01,  0.00000000e+00,  2.08481453e-01, ...,
          9.97382860e-01,  8.01471119e-01,  8.24233536e-01],
        [-7.95967607e-01, -2.08481453e-01,  0.00000000e+00, ...,
          9.60393277e-01,  6.59180961e-01,  6.88069466e-01],
        ...,
        [-8.03158562e-01, -9.97382860e-01, -9.60393277e-01, ...,
          0.00000000e+00, -5.38521204e-01, -5.05175173e-01],
        [-9.97583270e-01, -8.01471119e-01, -6.59180961e-01, ...,
          5.38521204e-01,  0.00000000e+00,  3.90862184e-02],
        [-9.94105206e-01, -8.24233536e-01, -6.88069466e-01, ...,
          5.05175173e-01, -3.90862184e-02,  0.00000000e+00]],

       [[ 0.00000000e+00,  2.61780089e-02,  2.52363812e-02, ...,
          2.52823272e-01,  1.89622324e-01, -2.30878470e-01],
        [-2.61780089e-02,  0.00000000e+00, -9.41938976e-04, ...,
          2.27409079e-01,  1.63854276e-01, -2.56270094e-01],
        [-2.52363812e-02,  9.41938976e-04,  0.00000000e+00, ...,
          2.28326237e-01,  1.64783411e-01, -2.55359498e-01],
        ...,
        [-2.52823272e-01, -2.27409079e-01, -2.28326237e-01, ...,
          0.00000000e+00, -6.47743621e-02, -4.69370444e-01],
        [-1.89622324e-01, -1.63854276e-01, -1.64783411e-01, ...,
          6.47743621e-02,  0.00000000e+00, -4.11188887e-01],
        [ 2.30878470e-01,  2.56270094e-01,  2.55359498e-01, ...,
          4.69370444e-01,  4.11188887e-01,  0.00000000e+00]]]), 'num': array([2.56561650e+07, 8.71650000e+04, 5.40000000e+02, 4.73500000e+04,
       4.77000000e+04, 4.60500000e+04, 9.25440000e+04, 4.50000000e+02,
       4.96300000e+04, 5.32925000e+04, 5.45591667e+04, 3.52798054e+01,
       5.93161430e+04, 4.72688570e+04])}
{'img': array([[[ 0.00000000e+00, -8.74437837e-02,  4.01395637e-01, ...,
         -8.47931490e-01, -9.37782879e-01, -9.99999669e-01],
        [ 8.74437837e-02,  0.00000000e+00,  4.79948251e-01, ...,
         -7.98328992e-01, -9.64553085e-01, -9.96097964e-01],
        [-4.01395637e-01, -4.79948251e-01,  0.00000000e+00, ...,
         -9.89406660e-01, -7.19546325e-01, -9.16231119e-01],
        ...,
        [ 8.47931490e-01,  7.98328992e-01,  9.89406660e-01, ...,
          0.00000000e+00, -7.91544825e-01, -5.29415607e-01],
        [ 9.37782879e-01,  9.64553085e-01,  7.19546325e-01, ...,
          7.91544825e-01,  0.00000000e+00,  3.47985273e-01],
        [ 9.99999669e-01,  9.96097964e-01,  9.16231119e-01, ...,
          5.29415607e-01, -3.47985273e-01,  0.00000000e+00]],

       [[ 0.00000000e+00,  3.45665253e-01,  7.06041942e-01, ...,
         -1.48653624e-01, -3.29911608e-02, -4.91500578e-01],
        [-3.45665253e-01,  0.00000000e+00,  4.17730259e-01, ...,
         -4.81314981e-01, -3.76434604e-01, -7.62235451e-01],
        [-7.06041942e-01, -4.17730259e-01,  0.00000000e+00, ...,
         -8.03469381e-01, -7.29020955e-01, -9.62941838e-01],
        ...,
        [ 1.48653624e-01,  4.81314981e-01,  8.03469381e-01, ...,
          0.00000000e+00,  1.15948097e-01, -3.56580617e-01],
        [ 3.29911608e-02,  3.76434604e-01,  7.29020955e-01, ...,
         -1.15948097e-01,  0.00000000e+00, -4.62501775e-01],
        [ 4.91500578e-01,  7.62235451e-01,  9.62941838e-01, ...,
          3.56580617e-01,  4.62501775e-01,  0.00000000e+00]],

       [[ 0.00000000e+00,  1.64400781e-01,  2.32509161e-01, ...,
         -9.55548241e-01, -9.98135670e-01, -8.32470667e-01],
        [-1.64400781e-01,  0.00000000e+00,  6.94503072e-02, ...,
         -9.91017764e-01, -9.94588747e-01, -7.30054363e-01],
        [-2.32509161e-01, -6.94503072e-02,  0.00000000e+00, ...,
         -9.97912475e-01, -9.84972002e-01, -6.80830001e-01],
        ...,
        [ 9.55548241e-01,  9.91017764e-01,  9.97912475e-01, ...,
          0.00000000e+00, -2.35963919e-01, -7.74881095e-01],
        [ 9.98135670e-01,  9.94588747e-01,  9.84972002e-01, ...,
          2.35963919e-01,  0.00000000e+00, -6.03845410e-01],
        [ 8.32470667e-01,  7.30054363e-01,  6.80830001e-01, ...,
          7.74881095e-01,  6.03845410e-01,  0.00000000e+00]],

       ...,

       [[ 0.00000000e+00, -1.25229575e-01,  2.15225262e-01, ...,
         -9.31826871e-01, -9.97118907e-01, -9.92189366e-01],
        [ 1.25229575e-01,  0.00000000e+00,  3.35825712e-01, ...,
         -8.79045131e-01, -9.79770167e-01, -9.68757409e-01],
        [-2.15225262e-01, -3.35825712e-01,  0.00000000e+00, ...,
         -9.88094899e-01, -9.90076635e-01, -9.95784210e-01],
        ...,
        [ 9.31826871e-01,  8.79045131e-01,  9.88094899e-01, ...,
          0.00000000e+00, -2.91174427e-01, -2.43831814e-01],
        [ 9.97118907e-01,  9.79770167e-01,  9.90076635e-01, ...,
          2.91174427e-01,  0.00000000e+00,  4.91194873e-02],
        [ 9.92189366e-01,  9.68757409e-01,  9.95784210e-01, ...,
          2.43831814e-01, -4.91194873e-02,  0.00000000e+00]],

       [[ 0.00000000e+00,  3.10705454e-01,  8.06992541e-01, ...,
          9.14136214e-01,  9.30552988e-01,  8.75500851e-01],
        [-3.10705454e-01,  0.00000000e+00,  5.83560730e-01, ...,
          7.42929958e-01,  7.70729370e-01,  6.82031000e-01],
        [-8.06992541e-01, -5.83560730e-01,  0.00000000e+00, ...,
          2.12693202e-01,  2.54062715e-01,  1.27085036e-01],
        ...,
        [-9.14136214e-01, -7.42929958e-01, -2.12693202e-01, ...,
          0.00000000e+00,  4.25352553e-02, -8.67914415e-02],
        [-9.30552988e-01, -7.70729370e-01, -2.54062715e-01, ...,
         -4.25352553e-02,  0.00000000e+00, -1.29087641e-01],
        [-8.75500851e-01, -6.82031000e-01, -1.27085036e-01, ...,
          8.67914415e-02,  1.29087641e-01,  0.00000000e+00]],

       [[ 0.00000000e+00, -9.17671999e-04, -1.09299245e-01, ...,
          1.60249530e-01, -2.47562346e-01, -8.02530110e-01],
        [ 9.17671999e-04,  0.00000000e+00, -1.08387025e-01, ...,
          1.61155275e-01, -2.46673135e-01, -8.01982279e-01],
        [ 1.09299245e-01,  1.08387025e-01,  0.00000000e+00, ...,
          2.67176177e-01, -1.40182198e-01, -7.32512866e-01],
        ...,
        [-1.60249530e-01, -1.61155275e-01, -2.67176177e-01, ...,
          0.00000000e+00, -3.99624259e-01, -8.87765373e-01],
        [ 2.47562346e-01,  2.46673135e-01,  1.40182198e-01, ...,
          3.99624259e-01,  0.00000000e+00, -6.29850354e-01],
        [ 8.02530110e-01,  8.01982279e-01,  7.32512866e-01, ...,
          8.87765373e-01,  6.29850354e-01,  0.00000000e+00]]]), 'num': array([ 2.46571650e+07,  8.71650000e+04,  5.40000000e+02,  4.55000000e+04,
        4.74000000e+04,  4.48000000e+04,  9.37910000e+04, -1.85000000e+03,
        4.83500000e+04,  5.26775000e+04,  5.43741667e+04,  1.67582418e+01,
        5.92236802e+04,  4.61313198e+04])}
{'img': array([[[ 0.        ,  0.45344661, -0.51354193, ..., -0.96400054,
         -0.93479623, -0.94429022],
        [-0.45344661,  0.        , -0.84679785, ..., -0.9797693 ,
         -0.9942256 , -0.69239465],
        [ 0.51354193,  0.84679785,  0.        , ..., -0.69062371,
         -0.61971334, -0.97927572],
        ...,
        [ 0.96400054,  0.9797693 ,  0.69062371, ...,  0.        ,
          0.09383546, -0.56835302],
        [ 0.93479623,  0.9942256 ,  0.61971334, ..., -0.09383546,
          0.        , -0.64305168],
        [ 0.94429022,  0.69239465,  0.97927572, ...,  0.56835302,
          0.64305168,  0.        ]],

       [[ 0.        ,  0.41773026,  0.99211512, ..., -0.3764346 ,
         -0.76223545, -0.75652224],
        [-0.41773026,  0.        ,  0.95376121, ..., -0.72902095,
         -0.96294184, -0.96053645],
        [-0.99211512, -0.95376121,  0.        , ..., -0.8719598 ,
         -0.54666511, -0.55399667],
        ...,
        [ 0.3764346 ,  0.72902095,  0.8719598 , ...,  0.        ,
         -0.46250178, -0.4546987 ],
        [ 0.76223545,  0.96294184,  0.54666511, ...,  0.46250178,
          0.        ,  0.00878083],
        [ 0.75652224,  0.96053645,  0.55399667, ...,  0.4546987 ,
         -0.00878083,  0.        ]],

       [[ 0.        ,  0.0642944 , -0.2404209 , ..., -0.98831948,
         -0.99633311, -0.6909246 ],
        [-0.0642944 ,  0.        , -0.30233203, ..., -0.99607284,
         -0.98877071, -0.64301491],
        [ 0.2404209 ,  0.30233203,  0.        , ..., -0.92269158,
         -0.98767956, -0.84446562],
        ...,
        [ 0.98831948,  0.99607284,  0.92269158, ...,  0.        ,
         -0.23639695, -0.81977696],
        [ 0.99633311,  0.98877071,  0.98767956, ...,  0.23639695,
          0.        , -0.66116117],
        [ 0.6909246 ,  0.64301491,  0.84446562, ...,  0.81977696,
          0.66116117,  0.        ]],

       ...,

       [[ 0.        ,  0.29548925, -0.51623395, ..., -0.8593886 ,
         -0.84532531, -0.85378966],
        [-0.29548925,  0.        , -0.74625313, ..., -0.97210397,
         -0.96544391, -0.66182755],
        [ 0.51623395,  0.74625313,  0.        , ..., -0.47205901,
         -0.44817787, -0.99998686],
        ...,
        [ 0.8593886 ,  0.97210397,  0.47205901, ...,  0.        ,
          0.02689572, -0.88397557],
        [ 0.84532531,  0.96544391,  0.44817787, ..., -0.02689572,
          0.        , -0.89623043],
        [ 0.85378966,  0.66182755,  0.99998686, ...,  0.88397557,
          0.89623043,  0.        ]],

       [[ 0.        ,  0.58356073,  0.57136414, ...,  0.77072937,
          0.682031  ,  0.63923798],
        [-0.58356073,  0.        , -0.01493895, ...,  0.25406272,
          0.12708504,  0.07034222],
        [-0.57136414,  0.01493895,  0.        , ...,  0.26848313,
          0.14188868,  0.08523632],
        ...,
        [-0.77072937, -0.25406272, -0.26848313, ...,  0.        ,
         -0.12908764, -0.18539924],
        [-0.682031  , -0.12708504, -0.14188868, ...,  0.12908764,
          0.        , -0.05699836],
        [-0.63923798, -0.07034222, -0.08523632, ...,  0.18539924,
          0.05699836,  0.        ]],

       [[ 0.        , -0.08023078, -0.123218  , ..., -0.17624002,
         -0.41993529, -0.92061705],
        [ 0.08023078,  0.        , -0.04320139, ..., -0.09669693,
         -0.34576778, -0.88632182],
        [ 0.123218  ,  0.04320139,  0.        , ..., -0.05360771,
         -0.30490823, -0.86548908],
        ...,
        [ 0.17624002,  0.09669693,  0.05360771, ...,  0.        ,
         -0.25341479, -0.83739098],
        [ 0.41993529,  0.34576778,  0.30490823, ...,  0.25341479,
          0.        , -0.67153898],
        [ 0.92061705,  0.88632182,  0.86548908, ...,  0.83739098,
          0.67153898,  0.        ]]]), 'num': array([2.53321650e+07, 8.71650000e+04, 5.40000000e+02, 4.67500000e+04,
       4.77500000e+04, 4.64000000e+04, 9.51660000e+04, 1.25000000e+03,
       4.72400000e+04, 5.21700000e+04, 5.42200000e+04, 2.36914601e+01,
       5.88992942e+04, 4.54407058e+04])}
{'img': array([[[ 0.        , -0.84679785, -0.75565147, ..., -0.9942256 ,
         -0.69239465, -0.97233828],
        [ 0.84679785,  0.        ,  0.15268828, ..., -0.61971334,
         -0.97927572, -0.71499377],
        [ 0.75565147, -0.15268828,  0.        , ..., -0.73228091,
         -0.99871733, -0.81335912],
        ...,
        [ 0.9942256 ,  0.61971334,  0.73228091, ...,  0.        ,
         -0.64305168, -0.1278866 ],
        [ 0.69239465,  0.97927572,  0.99871733, ...,  0.64305168,
          0.        ,  0.53983298],
        [ 0.97233828,  0.71499377,  0.81335912, ...,  0.1278866 ,
         -0.53983298,  0.        ]],

       [[ 0.        ,  0.95376121, -0.29858366, ..., -0.96294184,
         -0.96053645, -0.95783635],
        [-0.95376121,  0.        , -0.99999784, ..., -0.54666511,
         -0.55399667, -0.56192175],
        [ 0.29858366,  0.99999784,  0.        , ..., -0.83848503,
         -0.83366782, -0.8283558 ],
        ...,
        [ 0.96294184,  0.54666511,  0.83848503, ...,  0.        ,
          0.00878083,  0.0183298 ],
        [ 0.96053645,  0.55399667,  0.83366782, ..., -0.00878083,
          0.        ,  0.00954974],
        [ 0.95783635,  0.56192175,  0.8283558 , ..., -0.0183298 ,
         -0.00954974,  0.        ]],

       [[ 0.        , -0.28480667, -0.45856969, ..., -0.99902007,
         -0.96299022, -0.6147367 ],
        [ 0.28480667,  0.        , -0.18648217, ..., -0.94504021,
         -0.99987371, -0.81391361],
        [ 0.45856969,  0.18648217,  0.        , ..., -0.86749153,
         -0.97937059, -0.90797973],
        ...,
        [ 0.99902007,  0.94504021,  0.86749153, ...,  0.        ,
         -0.31189372, -0.81516746],
        [ 0.96299022,  0.99987371,  0.97937059, ...,  0.31189372,
          0.        , -0.59384771],
        [ 0.6147367 ,  0.81391361,  0.90797973, ...,  0.81516746,
          0.59384771,  0.        ]],

       ...,

       [[ 0.        , -0.74625313, -0.67064614, ..., -0.96544391,
         -0.66182755, -0.98193597],
        [ 0.74625313,  0.        ,  0.1071299 , ..., -0.44817787,
         -0.99998686, -0.79483892],
        [ 0.67064614, -0.1071299 ,  0.        , ..., -0.54136679,
         -0.99368272, -0.85527326],
        ...,
        [ 0.96544391,  0.44817787,  0.54136679, ...,  0.        ,
         -0.89623043, -0.4385783 ],
        [ 0.66182755,  0.99998686,  0.99368272, ...,  0.89623043,
          0.        ,  0.61088758],
        [ 0.98193597,  0.79483892,  0.85527326, ...,  0.4385783 ,
         -0.61088758,  0.        ]],

       [[ 0.        , -0.01493895, -0.05079711, ...,  0.12708504,
          0.07034222, -0.13494342],
        [ 0.01493895,  0.        , -0.03587178, ...,  0.14188868,
          0.08523632, -0.12012606],
        [ 0.05079711,  0.03587178,  0.        , ...,  0.1773062 ,
          0.12092269, -0.08443673],
        ...,
        [-0.12708504, -0.14188868, -0.1773062 , ...,  0.        ,
         -0.05699836, -0.2597719 ],
        [-0.07034222, -0.08523632, -0.12092269, ...,  0.05699836,
          0.        , -0.20430798],
        [ 0.13494342,  0.12012606,  0.08443673, ...,  0.2597719 ,
          0.20430798,  0.        ]],

       [[ 0.        , -0.03783837, -0.05240179, ..., -0.29242443,
         -0.61279201, -0.93432804],
        [ 0.03783837,  0.        , -0.01457788, ..., -0.25603061,
         -0.58245162, -0.92017281],
        [ 0.05240179,  0.01457788,  0.        , ..., -0.24191143,
         -0.57053987, -0.91436761],
        ...,
        [ 0.29242443,  0.25603061,  0.24191143, ...,  0.        ,
         -0.35491931, -0.78926306],
        [ 0.61279201,  0.58245162,  0.57053987, ...,  0.35491931,
          0.        , -0.51993956],
        [ 0.93432804,  0.92017281,  0.91436761, ...,  0.78926306,
          0.51993956,  0.        ]]]), 'num': array([ 2.53051650e+07,  8.71650000e+04,  5.40000000e+02,  4.67000000e+04,
        4.75500000e+04,  4.62000000e+04,  9.77150000e+04, -5.00000000e+01,
        4.66400000e+04,  5.17150000e+04,  5.40133333e+04,  2.36263736e+01,
        5.86290509e+04,  4.48009491e+04])}
{'img': array([[[ 0.        ,  0.15268828,  0.17767494, ..., -0.97927572,
         -0.71499377, -0.72321679],
        [-0.15268828,  0.        ,  0.0253327 , ..., -0.99871733,
         -0.81335912, -0.82018639],
        [-0.17767494, -0.0253327 ,  0.        , ..., -0.99967949,
         -0.8278357 , -0.83441592],
        ...,
        [ 0.97927572,  0.99871733,  0.99967949, ...,  0.        ,
          0.53983298,  0.52983417],
        [ 0.71499377,  0.81335912,  0.8278357 , ..., -0.53983298,
          0.        , -0.01183339],
        [ 0.72321679,  0.82018639,  0.83441592, ..., -0.52983417,
          0.01183339,  0.        ]],

       [[ 0.        , -0.99999784, -0.88885139, ..., -0.55399667,
         -0.56192175, -0.57619486],
        [ 0.99999784,  0.        , -0.46004088, ..., -0.83366782,
         -0.8283558 , -0.81850742],
        [ 0.88885139,  0.46004088,  0.        , ..., -0.48614673,
         -0.47777926, -0.46245927],
        ...,
        [ 0.55399667,  0.83366782,  0.48614673, ...,  0.        ,
          0.00954974,  0.02690478],
        [ 0.56192175,  0.8283558 ,  0.47777926, ..., -0.00954974,
          0.        ,  0.01735727],
        [ 0.57619486,  0.81850742,  0.46245927, ..., -0.02690478,
         -0.01735727,  0.        ]],

       [[ 0.        , -0.18031357, -0.30028576, ..., -0.99162364,
         -0.98119883, -0.79849104],
        [ 0.18031357,  0.        , -0.12337186, ..., -0.95208064,
         -0.99991663, -0.89395309],
        [ 0.30028576,  0.12337186,  0.        , ..., -0.9070743 ,
         -0.99387085, -0.94241415],
        ...,
        [ 0.99162364,  0.95208064,  0.9070743 , ...,  0.        ,
         -0.31811561, -0.70009795],
        [ 0.98119883,  0.99991663,  0.99387085, ...,  0.31811561,
          0.        , -0.43657977],
        [ 0.79849104,  0.89395309,  0.94241415, ...,  0.70009795,
          0.43657977,  0.        ]],

       ...,

       [[ 0.        ,  0.1071299 ,  0.16046202, ..., -0.99998686,
         -0.79483892, -0.79678113],
        [-0.1071299 ,  0.        ,  0.05379686, ..., -0.99368272,
         -0.85527326, -0.85693086],
        [-0.16046202, -0.05379686,  0.        , ..., -0.98620637,
         -0.88191105, -0.88341852],
        ...,
        [ 0.99998686,  0.99368272,  0.98620637, ...,  0.        ,
          0.61088758,  0.6083451 ],
        [ 0.79483892,  0.85527326,  0.88191105, ..., -0.61088758,
          0.        , -0.00320738],
        [ 0.79678113,  0.85693086,  0.88341852, ..., -0.6083451 ,
          0.00320738,  0.        ]],

       [[ 0.        , -0.03587178, -0.02708139, ...,  0.08523632,
         -0.12012606, -0.30022105],
        [ 0.03587178,  0.        ,  0.00879466, ...,  0.12092269,
         -0.08443673, -0.26581083],
        [ 0.02708139, -0.00879466,  0.        , ...,  0.11218789,
         -0.09319672, -0.27427883],
        ...,
        [-0.08523632, -0.12092269, -0.11218789, ...,  0.        ,
         -0.20430798, -0.38043282],
        [ 0.12012606,  0.08443673,  0.09319672, ...,  0.20430798,
          0.        , -0.18346245],
        [ 0.30022105,  0.26581083,  0.27427883, ...,  0.38043282,
          0.18346245,  0.        ]],

       [[ 0.        , -0.01317434, -0.00149048, ..., -0.49699804,
         -0.68453159, -0.95283536],
        [ 0.01317434,  0.        ,  0.01168398, ..., -0.48552286,
         -0.67486831, -0.94875442],
        [ 0.00149048, -0.01168398,  0.        , ..., -0.49570413,
         -0.6834443 , -0.95238196],
        ...,
        [ 0.49699804,  0.48552286,  0.49570413, ...,  0.        ,
         -0.2317002 , -0.67599168],
        [ 0.68453159,  0.67486831,  0.6834443 , ...,  0.2317002 ,
          0.        , -0.48685406],
        [ 0.95283536,  0.94875442,  0.95238196, ...,  0.67599168,
          0.48685406,  0.        ]]]), 'num': array([2.63581650e+07, 8.71650000e+04, 5.40000000e+02, 4.86500000e+04,
       4.91000000e+04, 4.73000000e+04, 8.09090000e+04, 1.95000000e+03,
       4.69900000e+04, 5.14875000e+04, 5.39608333e+04, 3.50140056e+01,
       5.84899906e+04, 4.44850094e+04])}
{'img': array([[[ 0.        ,  0.0253327 , -0.11440323, ..., -0.81335912,
         -0.82018639, -0.56003642],
        [-0.0253327 ,  0.        , -0.13953289, ..., -0.8278357 ,
         -0.83441592, -0.58084402],
        [ 0.11440323,  0.13953289,  0.        , ..., -0.74146349,
         -0.74935169, -0.46158003],
        ...,
        [ 0.81335912,  0.8278357 ,  0.74146349, ...,  0.        ,
         -0.01183339,  0.34803413],
        [ 0.82018639,  0.83441592,  0.74935169, ...,  0.01183339,
          0.        ,  0.35910335],
        [ 0.56003642,  0.58084402,  0.46158003, ..., -0.34803413,
         -0.35910335,  0.        ]],

       [[ 0.        , -0.52426193, -0.91378827, ..., -0.89267344,
         -0.8839444 , -0.93915093],
        [ 0.52426193,  0.        , -0.56519247, ..., -0.5238754 ,
         -0.50758841, -0.61965413],
        [ 0.91378827,  0.56519247,  0.        , ...,  0.0492523 ,
          0.06822999, -0.06758386],
        ...,
        [ 0.89267344,  0.5238754 , -0.0492523 , ...,  0.        ,
          0.01900966, -0.11664153],
        [ 0.8839444 ,  0.50758841, -0.06822999, ..., -0.01900966,
          0.        , -0.13550035],
        [ 0.93915093,  0.61965413,  0.06758386, ...,  0.11664153,
          0.13550035,  0.        ]],

       [[ 0.        , -0.12337186, -0.25635648, ..., -0.99991663,
         -0.89395309, -0.99270293],
        [ 0.12337186,  0.        , -0.13514899, ..., -0.99387085,
         -0.94241415, -0.99999606],
        [ 0.25635648,  0.13514899,  0.        , ..., -0.96981199,
         -0.9789681 , -0.99044199],
        ...,
        [ 0.99991663,  0.99387085,  0.96981199, ...,  0.        ,
         -0.43657977, -0.10775703],
        [ 0.89395309,  0.94241415,  0.9789681 , ...,  0.43657977,
          0.        ,  0.33709239],
        [ 0.99270293,  0.99999606,  0.99044199, ...,  0.10775703,
         -0.33709239,  0.        ]],

       ...,

       [[ 0.        ,  0.05379686, -0.18116447, ..., -0.85527326,
         -0.85693086, -0.54885278],
        [-0.05379686,  0.        , -0.2338088 , ..., -0.88191105,
         -0.88341852, -0.59302781],
        [ 0.18116447,  0.2338088 ,  0.        , ..., -0.74724559,
         -0.74937321, -0.38833198],
        ...,
        [ 0.85527326,  0.88191105,  0.74724559, ...,  0.        ,
         -0.00320738,  0.43053618],
        [ 0.85693086,  0.88341852,  0.74937321, ...,  0.00320738,
          0.        ,  0.43342886],
        [ 0.54885278,  0.59302781,  0.38833198, ..., -0.43053618,
         -0.43342886,  0.        ]],

       [[ 0.        ,  0.00879466, -0.00970655, ..., -0.08443673,
         -0.26581083, -0.36372958],
        [-0.00879466,  0.        , -0.01850043, ..., -0.09319672,
         -0.27427883, -0.37190778],
        [ 0.00970655,  0.01850043,  0.        , ..., -0.07476086,
         -0.25644095, -0.35467075],
        ...,
        [ 0.08443673,  0.09319672,  0.07476086, ...,  0.        ,
         -0.18346245, -0.28377745],
        [ 0.26581083,  0.27427883,  0.25644095, ...,  0.18346245,
          0.        , -0.10304048],
        [ 0.36372958,  0.37190778,  0.35467075, ...,  0.28377745,
          0.10304048,  0.        ]],

       [[ 0.        ,  0.0111881 ,  0.03676384, ..., -0.62562771,
         -0.80822456, -0.96111518],
        [-0.0111881 ,  0.        ,  0.025581  , ..., -0.63431664,
         -0.81476236, -0.96414459],
        [-0.03676384, -0.025581  ,  0.        , ..., -0.65388504,
         -0.82932747, -0.9706177 ],
        ...,
        [ 0.62562771,  0.63431664,  0.65388504, ...,  0.        ,
         -0.26209742, -0.57702114],
        [ 0.80822456,  0.81476236,  0.82932747, ...,  0.26209742,
          0.        , -0.34278667],
        [ 0.96111518,  0.96414459,  0.9706177 , ...,  0.57702114,
          0.34278667,  0.        ]]]), 'num': array([2.69251650e+07, 8.71650000e+04, 5.40000000e+02, 4.97000000e+04,
       5.00000000e+04, 4.83500000e+04, 9.90940000e+04, 1.05000000e+03,
       4.74600000e+04, 5.13125000e+04, 5.39058333e+04, 3.90374332e+01,
       5.83099906e+04, 4.43150094e+04])}
{'img': array([[[ 0.00000000e+00, -1.39532888e-01, -3.30643808e-01, ...,
         -8.34415915e-01, -5.80844019e-01, -4.45836198e-01],
        [ 1.39532888e-01,  0.00000000e+00, -1.95724317e-01, ...,
         -7.49351694e-01, -4.61580029e-01, -3.16576857e-01],
        [ 3.30643808e-01,  1.95724317e-01,  0.00000000e+00, ...,
         -6.05255248e-01, -2.79025828e-01, -1.24796330e-01],
        ...,
        [ 8.34415915e-01,  7.49351694e-01,  6.05255248e-01, ...,
          0.00000000e+00,  3.59103349e-01,  5.01181788e-01],
        [ 5.80844019e-01,  4.61580029e-01,  2.79025828e-01, ...,
         -3.59103349e-01,  0.00000000e+00,  1.57004642e-01],
        [ 4.45836198e-01,  3.16576857e-01,  1.24796330e-01, ...,
         -5.01181788e-01, -1.57004642e-01,  0.00000000e+00]],

       [[ 0.00000000e+00, -5.65192469e-01, -4.57862161e-02, ...,
         -5.07588409e-01, -6.19654131e-01, -4.98863916e-01],
        [ 5.65192469e-01,  0.00000000e+00,  5.26827975e-01, ...,
          6.82299868e-02, -6.75838611e-02,  7.82988809e-02],
        [ 4.57862161e-02, -5.26827975e-01,  0.00000000e+00, ...,
         -4.67606692e-01, -5.83067819e-01, -4.58658726e-01],
        ...,
        [ 5.07588409e-01, -6.82299868e-02,  4.67606692e-01, ...,
          0.00000000e+00, -1.35500350e-01,  1.00958988e-02],
        [ 6.19654131e-01,  6.75838611e-02,  5.83067819e-01, ...,
          1.35500350e-01,  0.00000000e+00,  1.45496232e-01],
        [ 4.98863916e-01, -7.82988809e-02,  4.58658726e-01, ...,
         -1.00958988e-02, -1.45496232e-01,  0.00000000e+00]],

       [[ 0.00000000e+00, -1.35148986e-01, -4.09014298e-01, ...,
         -9.42414149e-01, -9.99996060e-01, -9.82221990e-01],
        [ 1.35148986e-01,  0.00000000e+00, -2.81934478e-01, ...,
         -9.78968100e-01, -9.90441993e-01, -9.47839799e-01],
        [ 4.09014298e-01,  2.81934478e-01,  0.00000000e+00, ...,
         -9.96773354e-01, -9.11376193e-01, -8.19523610e-01],
        ...,
        [ 9.42414149e-01,  9.78968100e-01,  9.96773354e-01, ...,
          0.00000000e+00,  3.37092390e-01,  5.05415245e-01],
        [ 9.99996060e-01,  9.90441993e-01,  9.11376193e-01, ...,
         -3.37092390e-01,  0.00000000e+00,  1.84965067e-01],
        [ 9.82221990e-01,  9.47839799e-01,  8.19523610e-01, ...,
         -5.05415245e-01, -1.84965067e-01,  0.00000000e+00]],

       ...,

       [[ 0.00000000e+00, -2.33808800e-01, -2.58708340e-01, ...,
         -8.83418524e-01, -5.93027807e-01, -4.82350543e-01],
        [ 2.33808800e-01,  0.00000000e+00, -2.56887241e-02, ...,
         -7.49373206e-01, -3.88331983e-01, -2.64169606e-01],
        [ 2.58708340e-01,  2.56887241e-02,  0.00000000e+00, ...,
         -7.32116172e-01, -3.64531168e-01, -2.39306264e-01],
        ...,
        [ 8.83418524e-01,  7.49373206e-01,  7.32116172e-01, ...,
          0.00000000e+00,  4.33428862e-01,  5.47833312e-01],
        [ 5.93027807e-01,  3.88331983e-01,  3.64531168e-01, ...,
         -4.33428862e-01,  0.00000000e+00,  1.31099516e-01],
        [ 4.82350543e-01,  2.64169606e-01,  2.39306264e-01, ...,
         -5.47833312e-01, -1.31099516e-01,  0.00000000e+00]],

       [[ 0.00000000e+00, -1.85004267e-02, -5.44656856e-05, ...,
         -2.74278829e-01, -3.71907785e-01, -5.04310832e-01],
        [ 1.85004267e-02,  0.00000000e+00,  1.84459703e-02, ...,
         -2.56440948e-01, -3.54670749e-01, -4.88248992e-01],
        [ 5.44656856e-05, -1.84459703e-02,  0.00000000e+00, ...,
         -2.74226452e-01, -3.71857226e-01, -5.04263799e-01],
        ...,
        [ 2.74278829e-01,  2.56440948e-01,  2.74226452e-01, ...,
          0.00000000e+00, -1.03040478e-01, -2.48124760e-01],
        [ 3.71907785e-01,  3.54670749e-01,  3.71857226e-01, ...,
          1.03040478e-01,  0.00000000e+00, -1.46985828e-01],
        [ 5.04310832e-01,  4.88248992e-01,  5.04263799e-01, ...,
          2.48124760e-01,  1.46985828e-01,  0.00000000e+00]],

       [[ 0.00000000e+00,  2.50404864e-02,  9.73605188e-03, ...,
         -7.78087470e-01, -8.76826383e-01, -9.69502245e-01],
        [-2.50404864e-02,  0.00000000e+00, -1.53063005e-02, ...,
         -7.93572822e-01, -8.88591088e-01, -9.75335229e-01],
        [-9.73605188e-03,  1.53063005e-02,  0.00000000e+00, ...,
         -7.84166351e-01, -8.81465988e-01, -9.71842429e-01],
        ...,
        [ 7.78087470e-01,  7.93572822e-01,  7.84166351e-01, ...,
          0.00000000e+00, -1.76673702e-01, -4.18303030e-01],
        [ 8.76826383e-01,  8.88591088e-01,  8.81465988e-01, ...,
          1.76673702e-01,  0.00000000e+00, -2.51248850e-01],
        [ 9.69502245e-01,  9.75335229e-01,  9.71842429e-01, ...,
          4.18303030e-01,  2.51248850e-01,  0.00000000e+00]]]), 'num': array([ 2.68456020e+07,  1.12915200e+06,  5.19000000e+02,  4.95500000e+04,
        5.03000000e+04,  4.93000000e+04,  9.17150000e+04, -1.50000000e+02,
        4.82700000e+04,  5.11200000e+04,  5.38450000e+04,  3.56545961e+01,
        5.80889598e+04,  4.41510402e+04])}
{'img': array([[[ 0.        , -0.19572432, -0.22233989, ..., -0.46158003,
         -0.31657686, -0.33700512],
        [ 0.19572432,  0.        , -0.02721442, ..., -0.27902583,
         -0.12479633, -0.1462121 ],
        [ 0.22233989,  0.02721442,  0.        , ..., -0.25278892,
         -0.09774843, -0.11923599],
        ...,
        [ 0.46158003,  0.27902583,  0.25278892, ...,  0.        ,
          0.15700464,  0.13562213],
        [ 0.31657686,  0.12479633,  0.09774843, ..., -0.15700464,
          0.        , -0.02161389],
        [ 0.33700512,  0.1462121 ,  0.11923599, ..., -0.13562213,
          0.02161389,  0.        ]],

       [[ 0.        ,  0.52682798,  0.3151913 , ..., -0.06758386,
          0.07829888,  0.02274547],
        [-0.52682798,  0.        , -0.23207082, ..., -0.58306782,
         -0.45865873, -0.50735867],
        [-0.3151913 ,  0.23207082,  0.        , ..., -0.37860964,
         -0.2399158 , -0.29352367],
        ...,
        [ 0.06758386,  0.58306782,  0.37860964, ...,  0.        ,
          0.14549623,  0.09025984],
        [-0.07829888,  0.45865873,  0.2399158 , ..., -0.14549623,
          0.        , -0.05560298],
        [-0.02274547,  0.50735867,  0.29352367, ..., -0.09025984,
          0.05560298,  0.        ]],

       [[ 0.        , -0.28193448, -0.32677641, ..., -0.99044199,
         -0.9478398 , -0.85211705],
        [ 0.28193448,  0.        , -0.04706354, ..., -0.91137619,
         -0.81952361, -0.66999901],
        [ 0.32677641,  0.04706354,  0.        , ..., -0.89099615,
         -0.79164595, -0.6343184 ],
        ...,
        [ 0.99044199,  0.91137619,  0.89099615, ...,  0.        ,
          0.18496507,  0.40081664],
        [ 0.9478398 ,  0.81952361,  0.79164595, ..., -0.18496507,
          0.        ,  0.22444331],
        [ 0.85211705,  0.66999901,  0.6343184 , ..., -0.40081664,
         -0.22444331,  0.        ]],

       ...,

       [[ 0.        , -0.02568872, -0.11325146, ..., -0.38833198,
         -0.26416961, -0.36847415],
        [ 0.02568872,  0.        , -0.08769063, ..., -0.36453117,
         -0.23930626, -0.34447133],
        [ 0.11325146,  0.08769063,  0.        , ..., -0.28147016,
         -0.15324169, -0.26082066],
        ...,
        [ 0.38833198,  0.36453117,  0.28147016, ...,  0.        ,
          0.13109952,  0.02145204],
        [ 0.26416961,  0.23930626,  0.15324169, ..., -0.13109952,
          0.        , -0.10980246],
        [ 0.36847415,  0.34447133,  0.26082066, ..., -0.02145204,
          0.10980246,  0.        ]],

       [[ 0.        ,  0.01844597,  0.03127797, ..., -0.35467075,
         -0.48824899, -0.66786119],
        [-0.01844597,  0.        ,  0.0128357 , ..., -0.37185723,
         -0.5042638 , -0.68147664],
        [-0.03127797, -0.0128357 ,  0.        , ..., -0.38374184,
         -0.51530652, -0.69081417],
        ...,
        [ 0.35467075,  0.37185723,  0.38374184, ...,  0.        ,
         -0.14698583, -0.36046796],
        [ 0.48824899,  0.5042638 ,  0.51530652, ...,  0.14698583,
          0.        , -0.21944857],
        [ 0.66786119,  0.68147664,  0.69081417, ...,  0.36046796,
          0.21944857,  0.        ]],

       [[ 0.        , -0.01500845, -0.02458256, ..., -0.848485  ,
         -0.90000366, -0.97935827],
        [ 0.01500845,  0.        , -0.00957588, ..., -0.84044667,
         -0.89336037, -0.97621427],
        [ 0.02458256,  0.00957588,  0.        , ..., -0.83521902,
         -0.88901657, -0.97409339],
        ...,
        [ 0.848485  ,  0.84044667,  0.83521902, ...,  0.        ,
         -0.10645979, -0.34678939],
        [ 0.90000366,  0.89336037,  0.88901657, ...,  0.10645979,
          0.        , -0.24496536],
        [ 0.97935827,  0.97621427,  0.97409339, ...,  0.34678939,
          0.24496536,  0.        ]]]), 'num': array([2.68720680e+07, 5.34468000e+05, 5.31000000e+02, 4.96000000e+04,
       5.09000000e+04, 4.95500000e+04, 1.40341000e+05, 5.00000000e+01,
       4.88400000e+04, 5.07200000e+04, 5.38033333e+04, 4.16129032e+01,
       5.70437963e+04, 4.43962037e+04])}
{'img': array([[[ 0.        , -0.02721442,  0.        , ..., -0.12479633,
         -0.1462121 , -0.13905252],
        [ 0.02721442,  0.        ,  0.02721442, ..., -0.09774843,
         -0.11923599, -0.11205098],
        [ 0.        , -0.02721442,  0.        , ..., -0.12479633,
         -0.1462121 , -0.13905252],
        ...,
        [ 0.12479633,  0.09774843,  0.12479633, ...,  0.        ,
         -0.02161389, -0.01438153],
        [ 0.1462121 ,  0.11923599,  0.1462121 , ...,  0.02161389,
          0.        ,  0.00723349],
        [ 0.13905252,  0.11205098,  0.13905252, ...,  0.01438153,
         -0.00723349,  0.        ]],

       [[ 0.        , -0.23207082, -0.04631321, ..., -0.45865873,
         -0.50735867, -0.21378559],
        [ 0.23207082,  0.        ,  0.18677299, ..., -0.2399158 ,
         -0.29352367,  0.01875648],
        [ 0.04631321, -0.18677299,  0.        , ..., -0.41701207,
         -0.46690454, -0.16831371],
        ...,
        [ 0.45865873,  0.2399158 ,  0.41701207, ...,  0.        ,
         -0.05560298,  0.25808227],
        [ 0.50735867,  0.29352367,  0.46690454, ...,  0.05560298,
          0.        ,  0.31140232],
        [ 0.21378559, -0.01875648,  0.16831371, ..., -0.25808227,
         -0.31140232,  0.        ]],

       [[ 0.        , -0.04706354, -0.12816583, ..., -0.81952361,
         -0.66999901, -0.56786962],
        [ 0.04706354,  0.        , -0.08134841, ..., -0.79164595,
         -0.6343184 , -0.52850149],
        [ 0.12816583,  0.08134841,  0.        , ..., -0.73931995,
         -0.56932792, -0.45769059],
        ...,
        [ 0.81952361,  0.79164595,  0.73931995, ...,  0.        ,
          0.22444331,  0.34914997],
        [ 0.66999901,  0.6343184 ,  0.56932792, ..., -0.22444331,
          0.        ,  0.12992377],
        [ 0.56786962,  0.52850149,  0.45769059, ..., -0.34914997,
         -0.12992377,  0.        ]],

       ...,

       [[ 0.        , -0.08769063, -0.07206112, ..., -0.23930626,
         -0.34447133, -0.16003544],
        [ 0.08769063,  0.        ,  0.01567914, ..., -0.15324169,
         -0.26082066, -0.07285853],
        [ 0.07206112, -0.01567914,  0.        , ..., -0.1687168 ,
         -0.27592504, -0.08848705],
        ...,
        [ 0.23930626,  0.15324169,  0.1687168 , ...,  0.        ,
         -0.10980246,  0.08083643],
        [ 0.34447133,  0.26082066,  0.27592504, ...,  0.10980246,
          0.        ,  0.18979077],
        [ 0.16003544,  0.07285853,  0.08848705, ..., -0.08083643,
         -0.18979077,  0.        ]],

       [[ 0.        ,  0.00993626,  0.03292869, ..., -0.3614285 ,
         -0.47081208, -0.99982307],
        [-0.00993626,  0.        ,  0.0229962 , ..., -0.37067522,
         -0.47955493, -0.99996062],
        [-0.03292869, -0.0229962 ,  0.        , ..., -0.3919352 ,
         -0.49960755, -0.99990027],
        ...,
        [ 0.3614285 ,  0.37067522,  0.3919352 , ...,  0.        ,
         -0.12012077, -0.92543621],
        [ 0.47081208,  0.47955493,  0.49960755, ...,  0.12012077,
          0.        , -0.87322122],
        [ 0.99982307,  0.99996062,  0.99990027, ...,  0.92543621,
          0.87322122,  0.        ]],

       [[ 0.        , -0.00957588, -0.03960184, ..., -0.89336037,
         -0.97621427, -0.86704949],
        [ 0.00957588,  0.        , -0.03003165, ..., -0.88901657,
         -0.97409339, -0.86223882],
        [ 0.03960184,  0.03003165,  0.        , ..., -0.87486483,
         -0.96686248, -0.84663882],
        ...,
        [ 0.89336037,  0.88901657,  0.87486483, ...,  0.        ,
         -0.24496536,  0.055491  ],
        [ 0.97621427,  0.97409339,  0.96686248, ...,  0.24496536,
          0.        ,  0.29838821],
        [ 0.86704949,  0.86223882,  0.84663882, ..., -0.055491  ,
         -0.29838821,  0.        ]]]), 'num': array([ 2.61804610e+07,  4.84861000e+05,  5.32000000e+02,  4.83000000e+04,
        4.95500000e+04,  4.82000000e+04,  6.39900000e+04, -1.30000000e+03,
        4.91600000e+04,  5.03200000e+04,  5.37650000e+04,  4.24342105e+01,
        5.61761421e+04,  4.44638579e+04])}
{'img': array([[[ 0.        ,  0.02721442, -0.08353412, ..., -0.11923599,
         -0.11205098, -0.30719709],
        [-0.02721442,  0.        , -0.11062249, ..., -0.1462121 ,
         -0.13905252, -0.33298181],
        [ 0.08353412,  0.11062249,  0.        , ..., -0.03588107,
         -0.0286513 , -0.22662851],
        ...,
        [ 0.11923599,  0.1462121 ,  0.03588107, ...,  0.        ,
          0.00723349, -0.19153509],
        [ 0.11205098,  0.13905252,  0.0286513 , ..., -0.00723349,
          0.        , -0.19862965],
        [ 0.30719709,  0.33298181,  0.22662851, ...,  0.19153509,
          0.19862965,  0.        ]],

       [[ 0.        ,  0.18677299, -0.08475414, ..., -0.29352367,
          0.01875648, -0.53885981],
        [-0.18677299,  0.        , -0.26936369, ..., -0.46690454,
         -0.16831371, -0.68671427],
        [ 0.08475414,  0.26936369,  0.        , ..., -0.21144666,
          0.10342823, -0.46552443],
        ...,
        [ 0.29352367,  0.46690454,  0.21144666, ...,  0.        ,
          0.31140232, -0.26786101],
        [-0.01875648,  0.16831371, -0.10342823, ..., -0.31140232,
          0.        , -0.55456539],
        [ 0.53885981,  0.68671427,  0.46552443, ...,  0.26786101,
          0.55456539,  0.        ]],

       [[ 0.        , -0.08134841, -0.19810517, ..., -0.6343184 ,
         -0.52850149, -0.47024685],
        [ 0.08134841,  0.        , -0.11771245, ..., -0.56932792,
         -0.45769059, -0.39689551],
        [ 0.19810517,  0.11771245,  0.        , ..., -0.46859716,
         -0.34984911, -0.28609219],
        ...,
        [ 0.6343184 ,  0.56932792,  0.46859716, ...,  0.        ,
          0.12992377,  0.19627352],
        [ 0.52850149,  0.45769059,  0.34984911, ..., -0.12992377,
          0.        ,  0.06721325],
        [ 0.47024685,  0.39689551,  0.28609219, ..., -0.19627352,
         -0.06721325,  0.        ]],

       ...,

       [[ 0.        ,  0.01567914, -0.04032163, ..., -0.26082066,
         -0.07285853, -0.04748206],
        [-0.01567914,  0.        , -0.05598306, ..., -0.27592504,
         -0.08848705, -0.06313768],
        [ 0.04032163,  0.05598306,  0.        , ..., -0.22168256,
         -0.03258482, -0.00716729],
        ...,
        [ 0.26082066,  0.27592504,  0.22168256, ...,  0.        ,
          0.18979077,  0.2146879 ],
        [ 0.07285853,  0.08848705,  0.03258482, ..., -0.18979077,
          0.        ,  0.02542049],
        [ 0.04748206,  0.06313768,  0.00716729, ..., -0.2146879 ,
         -0.02542049,  0.        ]],

       [[ 0.        ,  0.01926795,  0.05489105, ..., -0.38691191,
         -0.76774491, -0.98576224],
        [-0.01926795,  0.        ,  0.03564196, ..., -0.40460738,
         -0.77994843, -0.98233942],
        [-0.05489105, -0.03564196,  0.        , ..., -0.43694453,
         -0.80175917, -0.97504638],
        ...,
        [ 0.38691191,  0.40460738,  0.43694453, ...,  0.        ,
         -0.46003441, -0.97404519],
        [ 0.76774491,  0.77994843,  0.80175917, ...,  0.46003441,
          0.        , -0.76072532],
        [ 0.98576224,  0.98233942,  0.97504638, ...,  0.97404519,
          0.76072532,  0.        ]],

       [[ 0.        , -0.03003165, -0.07372225, ..., -0.97409339,
         -0.86223882, -0.84149465],
        [ 0.03003165,  0.        , -0.04373906, ..., -0.96686248,
         -0.84663882, -0.82489002],
        [ 0.07372225,  0.04373906,  0.        , ..., -0.95477069,
         -0.82255205, -0.7993752 ],
        ...,
        [ 0.97409339,  0.96686248,  0.95477069, ...,  0.        ,
          0.29838821,  0.33596824],
        [ 0.86223882,  0.84663882,  0.82255205, ..., -0.29838821,
          0.        ,  0.03961918],
        [ 0.84149465,  0.82489002,  0.7993752 , ..., -0.33596824,
         -0.03961918,  0.        ]]]), 'num': array([2.62606910e+07, 3.39941000e+05, 5.35000000e+02, 4.84500000e+04,
       4.86000000e+04, 4.72500000e+04, 5.36030000e+04, 1.50000000e+02,
       4.91200000e+04, 4.99275000e+04, 5.37325000e+04, 3.77224199e+01,
       5.51453037e+04, 4.47096963e+04])}
{'img': array([[[ 0.        , -0.11062249,  0.0269365 , ..., -0.13905252,
         -0.33298181, -0.30967888],
        [ 0.11062249,  0.        ,  0.13735353, ..., -0.0286513 ,
         -0.22662851, -0.20259381],
        [-0.0269365 , -0.13735353,  0.        , ..., -0.16567688,
         -0.35826031, -0.33517885],
        ...,
        [ 0.13905252,  0.0286513 ,  0.16567688, ...,  0.        ,
         -0.19862965, -0.17445348],
        [ 0.33298181,  0.22662851,  0.35826031, ...,  0.19862965,
          0.        ,  0.02460631],
        [ 0.30967888,  0.20259381,  0.33517885, ...,  0.17445348,
         -0.02460631,  0.        ]],

       [[ 0.        , -0.26936369, -0.45972428, ..., -0.16831371,
         -0.68671427, -0.80891146],
        [ 0.26936369,  0.        , -0.20352061, ...,  0.10342823,
         -0.46552443, -0.62064577],
        [ 0.45972428,  0.20352061,  0.        , ...,  0.30369266,
         -0.27565844, -0.44807737],
        ...,
        [ 0.16831371, -0.10342823, -0.30369266, ...,  0.        ,
         -0.55456539, -0.69841435],
        [ 0.68671427,  0.46552443,  0.27565844, ...,  0.55456539,
          0.        , -0.18427969],
        [ 0.80891146,  0.62064577,  0.44807737, ...,  0.69841435,
          0.18427969,  0.        ]],

       [[ 0.        , -0.11771245, -0.16353669, ..., -0.45769059,
         -0.39689551, -0.40443163],
        [ 0.11771245,  0.        , -0.04627202, ..., -0.34984911,
         -0.28609219, -0.29396384],
        [ 0.16353669,  0.04627202,  0.        , ..., -0.30612647,
         -0.2414478 , -0.24942141],
        ...,
        [ 0.45769059,  0.34984911,  0.30612647, ...,  0.        ,
          0.06721325,  0.05900445],
        [ 0.39689551,  0.28609219,  0.2414478 , ..., -0.06721325,
          0.        , -0.00822513],
        [ 0.40443163,  0.29396384,  0.24942141, ..., -0.05900445,
          0.00822513,  0.        ]],

       ...,

       [[ 0.        , -0.05598306, -0.43916695, ..., -0.08848705,
         -0.06313768, -0.21013385],
        [ 0.05598306,  0.        , -0.38818272, ..., -0.03258482,
         -0.00716729, -0.15507119],
        [ 0.43916695,  0.38818272,  0.        , ...,  0.35794699,
          0.3815675 ,  0.24057611],
        ...,
        [ 0.08848705,  0.03258482, -0.35794699, ...,  0.        ,
          0.02542049, -0.12279819],
        [ 0.06313768,  0.00716729, -0.3815675 , ..., -0.02542049,
          0.        , -0.14798661],
        [ 0.21013385,  0.15507119, -0.24057611, ...,  0.12279819,
          0.14798661,  0.        ]],

       [[ 0.        ,  0.03072135,  0.02699379, ..., -0.64931864,
         -0.86625446, -0.94490877],
        [-0.03072135,  0.        , -0.00372911, ..., -0.67237625,
         -0.88119406, -0.93440662],
        [-0.02699379,  0.00372911,  0.        , ..., -0.66961126,
         -0.87942498, -0.93572846],
        ...,
        [ 0.64931864,  0.67237625,  0.66961126, ...,  0.        ,
         -0.33439921, -0.93116262],
        [ 0.86625446,  0.88119406,  0.87942498, ...,  0.33439921,
          0.        , -0.75563367],
        [ 0.94490877,  0.93440662,  0.93572846, ...,  0.93116262,
          0.75563367,  0.        ]],

       [[ 0.        , -0.04373906, -0.03782935, ..., -0.84663882,
         -0.82489002, -0.75322808],
        [ 0.04373906,  0.        ,  0.00591461, ..., -0.82255205,
         -0.7993752 , -0.72373745],
        [ 0.03782935, -0.00591461,  0.        , ..., -0.82590124,
         -0.8029149 , -0.72780632],
        ...,
        [ 0.84663882,  0.82255205,  0.82590124, ...,  0.        ,
          0.03961918,  0.15604083],
        [ 0.82489002,  0.7993752 ,  0.8029149 , ..., -0.03961918,
          0.        ,  0.11678444],
        [ 0.75322808,  0.72373745,  0.72780632, ..., -0.15604083,
         -0.11678444,  0.        ]]]), 'num': array([ 2.52976910e+07,  3.39941000e+05,  5.35000000e+02,  4.66500000e+04,
        4.89000000e+04,  4.66500000e+04,  8.86600000e+04, -1.80000000e+03,
        4.85100000e+04,  4.95600000e+04,  5.36666667e+04,  3.34384858e+01,
        5.46113958e+04,  4.45086042e+04])}
{'img': array([[[ 0.        ,  0.13735353,  0.21550037, ..., -0.22662851,
         -0.20259381, -0.52379449],
        [-0.13735353,  0.        ,  0.07933164, ..., -0.35826031,
         -0.33517885, -0.63583388],
        [-0.21550037, -0.07933164,  0.        , ..., -0.43119691,
         -0.40886512, -0.69506013],
        ...,
        [ 0.22662851,  0.35826031,  0.43119691, ...,  0.        ,
          0.02460631, -0.31711374],
        [ 0.20259381,  0.33517885,  0.40886512, ..., -0.02460631,
          0.        , -0.34035404],
        [ 0.52379449,  0.63583388,  0.69506013, ...,  0.31711374,
          0.34035404,  0.        ]],

       [[ 0.        , -0.20352061, -0.41902384, ..., -0.46552443,
         -0.62064577, -0.23515759],
        [ 0.20352061,  0.        , -0.22546227, ..., -0.27565844,
         -0.44807737, -0.03242256],
        [ 0.41902384,  0.22546227,  0.        , ..., -0.05183387,
         -0.23497813,  0.193756  ],
        ...,
        [ 0.46552443,  0.27565844,  0.05183387, ...,  0.        ,
         -0.18427969,  0.24434715],
        [ 0.62064577,  0.44807737,  0.23497813, ...,  0.18427969,
          0.        ,  0.41885619],
        [ 0.23515759,  0.03242256, -0.193756  , ..., -0.24434715,
         -0.41885619,  0.        ]],

       [[ 0.        , -0.04627202, -0.01771044, ..., -0.28609219,
         -0.29396384, -0.41768291],
        [ 0.04627202,  0.        ,  0.0285733 , ..., -0.2414478 ,
         -0.24942141, -0.37519309],
        [ 0.01771044, -0.0285733 ,  0.        , ..., -0.26907714,
         -0.27698981, -0.40152582],
        ...,
        [ 0.28609219,  0.2414478 ,  0.26907714, ...,  0.        ,
         -0.00822513, -0.14028332],
        [ 0.29396384,  0.24942141,  0.27698981, ...,  0.00822513,
          0.        , -0.13213478],
        [ 0.41768291,  0.37519309,  0.40152582, ...,  0.14028332,
          0.13213478,  0.        ]],

       ...,

       [[ 0.        , -0.38818272, -0.29785779, ..., -0.00716729,
         -0.15507119, -0.29437265],
        [ 0.38818272,  0.        ,  0.0960627 , ...,  0.3815675 ,
          0.24057611,  0.09969396],
        [ 0.29785779, -0.0960627 ,  0.        , ...,  0.29100817,
          0.14622215,  0.00364877],
        ...,
        [ 0.00716729, -0.3815675 , -0.29100817, ...,  0.        ,
         -0.14798661, -0.28751538],
        [ 0.15507119, -0.24057611, -0.14622215, ...,  0.14798661,
          0.        , -0.14261162],
        [ 0.29437265, -0.09969396, -0.00364877, ...,  0.28751538,
          0.14261162,  0.        ]],

       [[ 0.        , -0.00350506, -0.00613634, ..., -0.82338449,
         -0.98730079, -0.91252975],
        [ 0.00350506,  0.        , -0.0026313 , ..., -0.82139037,
         -0.98673791, -0.91395776],
        [ 0.00613634,  0.0026313 ,  0.        , ..., -0.81988672,
         -0.98630737, -0.9150224 ],
        ...,
        [ 0.82338449,  0.82139037,  0.81988672, ...,  0.        ,
         -0.42947277, -0.85461871],
        [ 0.98730079,  0.98673791,  0.98630737, ...,  0.42947277,
          0.        , -0.54878256],
        [ 0.91252975,  0.91395776,  0.9150224 , ...,  0.85461871,
          0.54878256,  0.        ]],

       [[ 0.        ,  0.00591461, -0.0257441 , ..., -0.7993752 ,
         -0.72373745, -0.78475947],
        [-0.00591461,  0.        , -0.0316563 , ..., -0.8029149 ,
         -0.72780632, -0.78841162],
        [ 0.0257441 ,  0.0316563 ,  0.        , ..., -0.78364237,
         -0.70573221, -0.76854316],
        ...,
        [ 0.7993752 ,  0.8029149 ,  0.78364237, ...,  0.        ,
          0.11678444,  0.02394436],
        [ 0.72373745,  0.72780632,  0.70573221, ..., -0.11678444,
          0.        , -0.09297044],
        [ 0.78475947,  0.78841162,  0.76854316, ..., -0.02394436,
          0.09297044,  0.        ]]]), 'num': array([2.61315720e+07, 1.99972000e+05, 5.38000000e+02, 4.82000000e+04,
       4.91000000e+04, 4.74500000e+04, 6.96290000e+04, 1.55000000e+03,
       4.82400000e+04, 4.92800000e+04, 5.36400000e+04, 3.79411765e+01,
       5.39680060e+04, 4.45919940e+04])}
{'img': array([[[ 0.00000000e+00,  7.93316397e-02,  7.93316397e-02, ...,
         -3.35178846e-01, -6.35833881e-01, -3.73794982e-01],
        [-7.93316397e-02,  0.00000000e+00,  0.00000000e+00, ...,
         -4.08865119e-01, -6.95060127e-01, -4.46197881e-01],
        [-7.93316397e-02,  0.00000000e+00,  0.00000000e+00, ...,
         -4.08865119e-01, -6.95060127e-01, -4.46197881e-01],
        ...,
        [ 3.35178846e-01,  4.08865119e-01,  4.08865119e-01, ...,
          0.00000000e+00, -3.40354039e-01, -4.12904471e-02],
        [ 6.35833881e-01,  6.95060127e-01,  6.95060127e-01, ...,
          3.40354039e-01,  0.00000000e+00,  3.01238482e-01],
        [ 3.73794982e-01,  4.46197881e-01,  4.46197881e-01, ...,
          4.12904471e-02, -3.01238482e-01,  0.00000000e+00]],

       [[ 0.00000000e+00, -2.25462273e-01, -3.16140126e-01, ...,
         -4.48077366e-01, -3.24225555e-02, -2.09309466e-01],
        [ 2.25462273e-01,  0.00000000e+00, -9.41012402e-02, ...,
         -2.34978128e-01,  1.93756000e-01,  1.65480152e-02],
        [ 3.16140126e-01,  9.41012402e-02,  0.00000000e+00, ...,
         -1.42468977e-01,  2.85214232e-01,  1.10562941e-01],
        ...,
        [ 4.48077366e-01,  2.34978128e-01,  1.42468977e-01, ...,
          0.00000000e+00,  4.18856194e-01,  2.51030635e-01],
        [ 3.24225555e-02, -1.93756000e-01, -2.85214232e-01, ...,
         -4.18856194e-01,  0.00000000e+00, -1.77495044e-01],
        [ 2.09309466e-01, -1.65480152e-02, -1.10562941e-01, ...,
         -2.51030635e-01,  1.77495044e-01,  0.00000000e+00]],

       [[ 0.00000000e+00,  2.85732961e-02,  6.38507187e-02, ...,
         -2.49421408e-01, -3.75193089e-01, -4.33842523e-01],
        [-2.85732961e-02,  0.00000000e+00,  3.53096573e-02, ...,
         -2.76989807e-01, -4.01525820e-01, -4.59409603e-01],
        [-6.38507187e-02, -3.53096573e-02,  0.00000000e+00, ...,
         -3.10745173e-01, -4.33613705e-01, -4.90486027e-01],
        ...,
        [ 2.49421408e-01,  2.76989807e-01,  3.10745173e-01, ...,
          0.00000000e+00, -1.32134782e-01, -1.95405075e-01],
        [ 3.75193089e-01,  4.01525820e-01,  4.33613705e-01, ...,
          1.32134782e-01,  0.00000000e+00, -6.41041467e-02],
        [ 4.33842523e-01,  4.59409603e-01,  4.90486027e-01, ...,
          1.95405075e-01,  6.41041467e-02,  0.00000000e+00]],

       ...,

       [[ 0.00000000e+00,  9.60626991e-02,  1.02180447e-01, ...,
          2.40576107e-01,  9.96939576e-02,  2.47427048e-01],
        [-9.60626991e-02,  0.00000000e+00,  6.14799612e-03, ...,
          1.46222146e-01,  3.64877250e-03,  1.53206993e-01],
        [-1.02180447e-01, -6.14799612e-03,  0.00000000e+00, ...,
          1.40137467e-01, -2.49925166e-03,  1.47128684e-01],
        ...,
        [-2.40576107e-01, -1.46222146e-01, -1.40137467e-01, ...,
          0.00000000e+00, -1.42611618e-01,  7.06442501e-03],
        [-9.96939576e-02, -3.64877250e-03,  2.49925166e-03, ...,
          1.42611618e-01,  0.00000000e+00,  1.49600277e-01],
        [-2.47427048e-01, -1.53206993e-01, -1.47128684e-01, ...,
         -7.06442501e-03, -1.49600277e-01,  0.00000000e+00]],

       [[ 0.00000000e+00, -2.46365251e-03, -1.62256661e-04, ...,
         -9.36488539e-01, -9.91295297e-01, -8.88304814e-01],
        [ 2.46365251e-03,  0.00000000e+00,  2.30139631e-03, ...,
         -9.35621699e-01, -9.90967931e-01, -8.89433561e-01],
        [ 1.62256661e-04, -2.30139631e-03,  0.00000000e+00, ...,
         -9.36431624e-01, -9.91273922e-01, -8.88379319e-01],
        ...,
        [ 9.36488539e-01,  9.35621699e-01,  9.36431624e-01, ...,
          0.00000000e+00, -2.24349945e-01, -7.41613319e-01],
        [ 9.91295297e-01,  9.90967931e-01,  9.91273922e-01, ...,
          2.24349945e-01,  0.00000000e+00, -5.72208454e-01],
        [ 8.88304814e-01,  8.89433561e-01,  8.88379319e-01, ...,
          7.41613319e-01,  5.72208454e-01,  0.00000000e+00]],

       [[ 0.00000000e+00, -3.16563025e-02, -4.48880840e-02, ...,
         -7.27806318e-01, -7.88411618e-01, -7.62503414e-01],
        [ 3.16563025e-02,  0.00000000e+00, -1.32411930e-02, ...,
         -7.05732205e-01, -7.68543164e-01, -7.41640131e-01],
        [ 4.48880840e-02,  1.32411930e-02,  0.00000000e+00, ...,
         -6.96289232e-01, -7.60004099e-01, -7.32692947e-01],
        ...,
        [ 7.27806318e-01,  7.05732205e-01,  6.96289232e-01, ...,
          0.00000000e+00, -9.29704421e-02, -5.20324973e-02],
        [ 7.88411618e-01,  7.68543164e-01,  7.60004099e-01, ...,
          9.29704421e-02,  0.00000000e+00,  4.10373659e-02],
        [ 7.62503414e-01,  7.41640131e-01,  7.32692947e-01, ...,
          5.20324973e-02, -4.10373659e-02,  0.00000000e+00]]]), 'num': array([2.61522370e+07, 1.28076370e+07, 2.76000000e+02, 4.83500000e+04,
       4.87000000e+04, 4.71500000e+04, 4.34590000e+04, 1.50000000e+02,
       4.79900000e+04, 4.89625000e+04, 5.35991667e+04, 4.53608247e+01,
       5.29464522e+04, 4.49785478e+04])}
{'img': array([[[ 0.00000000e+00,  0.00000000e+00, -5.27015798e-02, ...,
         -6.95060127e-01, -4.46197881e-01, -4.23730831e-01],
        [ 0.00000000e+00,  0.00000000e+00, -5.27015798e-02, ...,
         -6.95060127e-01, -4.46197881e-01, -4.23730831e-01],
        [ 5.27015798e-02,  5.27015798e-02,  0.00000000e+00, ...,
         -6.56204320e-01, -3.98413350e-01, -3.75405508e-01],
        ...,
        [ 6.95060127e-01,  6.95060127e-01,  6.56204320e-01, ...,
          0.00000000e+00,  3.01238482e-01,  3.24935267e-01],
        [ 4.46197881e-01,  4.46197881e-01,  3.98413350e-01, ...,
         -3.01238482e-01,  0.00000000e+00,  2.49494895e-02],
        [ 4.23730831e-01,  4.23730831e-01,  3.75405508e-01, ...,
         -3.24935267e-01, -2.49494895e-02,  0.00000000e+00]],

       [[ 0.00000000e+00, -7.63063510e-02,  4.37168288e-02, ...,
          1.72022220e-01,  1.40443422e-02, -4.58092325e-01],
        [ 7.63063510e-02,  0.00000000e+00,  1.19822768e-01, ...,
          2.46689534e-01,  9.03022200e-02, -3.88927652e-01],
        [-4.37168288e-02, -1.19822768e-01,  0.00000000e+00, ...,
          1.28792616e-01, -2.96816018e-02, -4.96514463e-01],
        ...,
        [-1.72022220e-01, -2.46689534e-01, -1.28792616e-01, ...,
          0.00000000e+00, -1.58170270e-01, -6.04174921e-01],
        [-1.40443422e-02, -9.03022200e-02,  2.96816018e-02, ...,
          1.58170270e-01,  0.00000000e+00, -4.70531226e-01],
        [ 4.58092325e-01,  3.88927652e-01,  4.96514463e-01, ...,
          6.04174921e-01,  4.70531226e-01,  0.00000000e+00]],

       [[ 0.00000000e+00,  3.53096573e-02,  4.93102502e-02, ...,
         -4.01525820e-01, -4.59409603e-01, -5.14954451e-01],
        [-3.53096573e-02,  0.00000000e+00,  1.40127979e-02, ...,
         -4.33613705e-01, -4.90486027e-01, -5.44901393e-01],
        [-4.93102502e-02, -1.40127979e-02,  0.00000000e+00, ...,
         -4.46198047e-01, -5.02649309e-01, -5.56597625e-01],
        ...,
        [ 4.01525820e-01,  4.33613705e-01,  4.46198047e-01, ...,
          0.00000000e+00, -6.41041467e-02, -1.27424875e-01],
        [ 4.59409603e-01,  4.90486027e-01,  5.02649309e-01, ...,
          6.41041467e-02,  0.00000000e+00, -6.35812054e-02],
        [ 5.14954451e-01,  5.44901393e-01,  5.56597625e-01, ...,
          1.27424875e-01,  6.35812054e-02,  0.00000000e+00]],

       ...,

       [[ 0.00000000e+00,  6.14799612e-03,  4.39725471e-02, ...,
          3.64877250e-03,  1.53206993e-01,  3.75347663e-01],
        [-6.14799612e-03,  0.00000000e+00,  3.78296667e-02, ...,
         -2.49925166e-03,  1.47128684e-01,  3.69642089e-01],
        [-4.39725471e-02, -3.78296667e-02,  0.00000000e+00, ...,
         -4.03270112e-02,  1.09605389e-01,  3.34227149e-01],
        ...,
        [-3.64877250e-03,  2.49925166e-03,  4.03270112e-02, ...,
          0.00000000e+00,  1.49600277e-01,  3.71963175e-01],
        [-1.53206993e-01, -1.47128684e-01, -1.09605389e-01, ...,
         -1.49600277e-01,  0.00000000e+00,  2.28911228e-01],
        [-3.75347663e-01, -3.69642089e-01, -3.34227149e-01, ...,
         -3.71963175e-01, -2.28911228e-01,  0.00000000e+00]],

       [[ 0.00000000e+00,  2.10448411e-03,  1.42987063e-03, ...,
         -9.27236838e-01, -9.85581479e-01, -8.51155791e-01],
        [-2.10448411e-03,  0.00000000e+00, -6.74614494e-04, ...,
         -9.28022862e-01, -9.85935378e-01, -8.50049235e-01],
        [-1.42987063e-03,  6.74614494e-04,  0.00000000e+00, ...,
         -9.27771341e-01, -9.85822408e-01, -8.50404363e-01],
        ...,
        [ 9.27236838e-01,  9.28022862e-01,  9.27771341e-01, ...,
          0.00000000e+00, -2.12186182e-01, -8.05455743e-01],
        [ 9.85581479e-01,  9.85935378e-01,  9.85822408e-01, ...,
          2.12186182e-01,  0.00000000e+00, -6.61361521e-01],
        [ 8.51155791e-01,  8.50049235e-01,  8.50404363e-01, ...,
          8.05455743e-01,  6.61361521e-01,  0.00000000e+00]],

       [[ 0.00000000e+00, -1.32411930e-02, -5.24710346e-02, ...,
         -7.68543164e-01, -7.41640131e-01, -6.29744309e-01],
        [ 1.32411930e-02,  0.00000000e+00, -3.92434819e-02, ...,
         -7.60004099e-01, -7.32692947e-01, -6.19403308e-01],
        [ 5.24710346e-02,  3.92434819e-02,  0.00000000e+00, ...,
         -7.33913595e-01, -7.05421018e-01, -5.88117172e-01],
        ...,
        [ 7.68543164e-01,  7.60004099e-01,  7.33913595e-01, ...,
          0.00000000e+00,  4.10373659e-02,  1.94097130e-01],
        [ 7.41640131e-01,  7.32692947e-01,  7.05421018e-01, ...,
         -4.10373659e-02,  0.00000000e+00,  1.53676695e-01],
        [ 6.29744309e-01,  6.19403308e-01,  5.88117172e-01, ...,
         -1.94097130e-01, -1.53676695e-01,  0.00000000e+00]]]), 'num': array([2.67903760e+07, 8.50387600e+06, 3.65000000e+02, 5.01000000e+04,
       5.03000000e+04, 4.89500000e+04, 8.73010000e+04, 1.75000000e+03,
       4.83500000e+04, 4.88575000e+04, 5.35775000e+04, 6.18518519e+01,
       5.25978576e+04, 4.51171424e+04])}
{'img': array([[[ 0.00000000e+00, -5.27015798e-02, -3.94572216e-02, ...,
         -4.46197881e-01, -4.23730831e-01, -1.74094486e-01],
        [ 5.27015798e-02,  0.00000000e+00,  1.32581509e-02, ...,
         -3.98413350e-01, -3.75405508e-01, -1.21955776e-01],
        [ 3.94572216e-02, -1.32581509e-02,  0.00000000e+00, ...,
         -4.10538787e-01, -3.87660971e-01, -1.35104243e-01],
        ...,
        [ 4.46197881e-01,  3.98413350e-01,  4.10538787e-01, ...,
          0.00000000e+00,  2.49494895e-02,  2.83580840e-01],
        [ 4.23730831e-01,  3.75405508e-01,  3.87660971e-01, ...,
         -2.49494895e-02,  0.00000000e+00,  2.59567294e-01],
        [ 1.74094486e-01,  1.21955776e-01,  1.35104243e-01, ...,
         -2.83580840e-01, -2.59567294e-01,  0.00000000e+00]],

       [[ 0.00000000e+00,  1.19822768e-01,  2.41702442e-01, ...,
          9.03022200e-02, -3.88927652e-01,  2.36813672e-01],
        [-1.19822768e-01,  0.00000000e+00,  1.23690975e-01, ...,
         -2.96816018e-02, -4.96514463e-01,  1.18693080e-01],
        [-2.41702442e-01, -1.23690975e-01,  0.00000000e+00, ...,
         -1.53090148e-01, -6.00068907e-01, -5.03499174e-03],
        ...,
        [-9.03022200e-02,  2.96816018e-02,  1.53090148e-01, ...,
          0.00000000e+00, -4.70531226e-01,  1.48112567e-01],
        [ 3.88927652e-01,  4.96514463e-01,  6.00068907e-01, ...,
          4.70531226e-01,  0.00000000e+00,  5.96033567e-01],
        [-2.36813672e-01, -1.18693080e-01,  5.03499174e-03, ...,
         -1.48112567e-01, -5.96033567e-01,  0.00000000e+00]],

       [[ 0.00000000e+00,  1.40127979e-02,  5.91286987e-02, ...,
         -4.90486027e-01, -5.44901393e-01, -4.67099846e-01],
        [-1.40127979e-02,  0.00000000e+00,  4.51346126e-02, ...,
         -5.02649309e-01, -5.56597625e-01, -4.79444164e-01],
        [-5.91286987e-02, -4.51346126e-02,  0.00000000e+00, ...,
         -5.41155506e-01, -5.93527438e-01, -5.18564459e-01],
        ...,
        [ 4.90486027e-01,  5.02649309e-01,  5.41155506e-01, ...,
          0.00000000e+00, -6.35812054e-02,  2.66362710e-02],
        [ 5.44901393e-01,  5.56597625e-01,  5.93527438e-01, ...,
          6.35812054e-02,  0.00000000e+00,  9.01410233e-02],
        [ 4.67099846e-01,  4.79444164e-01,  5.18564459e-01, ...,
         -2.66362710e-02, -9.01410233e-02,  0.00000000e+00]],

       ...,

       [[ 0.00000000e+00,  3.78296667e-02,  8.93522886e-02, ...,
          1.47128684e-01,  3.69642089e-01,  7.72262642e-01],
        [-3.78296667e-02,  0.00000000e+00,  5.16099793e-02, ...,
          1.09605389e-01,  3.34227149e-01,  7.47676542e-01],
        [-8.93522886e-02, -5.16099793e-02,  0.00000000e+00, ...,
          5.81602814e-02,  2.85139709e-01,  7.12407844e-01],
        ...,
        [-1.47128684e-01, -1.09605389e-01, -5.81602814e-02, ...,
          0.00000000e+00,  2.28911228e-01,  6.70387032e-01],
        [-3.69642089e-01, -3.34227149e-01, -2.85139709e-01, ...,
         -2.28911228e-01,  0.00000000e+00,  4.82731659e-01],
        [-7.72262642e-01, -7.47676542e-01, -7.12407844e-01, ...,
         -6.70387032e-01, -4.82731659e-01,  0.00000000e+00]],

       [[ 0.00000000e+00, -6.56522523e-04, -4.34864445e-03, ...,
         -9.69543707e-01, -9.85521454e-01, -8.37745562e-01],
        [ 6.56522523e-04,  0.00000000e+00, -3.69212720e-03, ...,
         -9.69382704e-01, -9.85632555e-01, -8.38103883e-01],
        [ 4.34864445e-03,  3.69212720e-03,  0.00000000e+00, ...,
         -9.68469477e-01, -9.86249451e-01, -8.40112265e-01],
        ...,
        [ 9.69543707e-01,  9.69382704e-01,  9.68469477e-01, ...,
          0.00000000e+00, -4.05759175e-01, -7.34609055e-01],
        [ 9.85521454e-01,  9.85632555e-01,  9.86249451e-01, ...,
          4.05759175e-01,  0.00000000e+00, -3.96114206e-01],
        [ 8.37745562e-01,  8.38103883e-01,  8.40112265e-01, ...,
          7.34609055e-01,  3.96114206e-01,  0.00000000e+00]],

       [[ 0.00000000e+00, -3.92434819e-02, -7.48223074e-02, ...,
         -7.32692947e-01, -6.19403308e-01, -5.82138997e-01],
        [ 3.92434819e-02,  0.00000000e+00, -3.56311923e-02, ...,
         -7.05421018e-01, -5.88117172e-01, -5.49782108e-01],
        [ 7.48223074e-02,  3.56311923e-02,  0.00000000e+00, ...,
         -6.79718100e-01, -5.58926078e-01, -5.19669976e-01],
        ...,
        [ 7.32692947e-01,  7.05421018e-01,  6.79718100e-01, ...,
          0.00000000e+00,  1.53676695e-01,  1.99564641e-01],
        [ 6.19403308e-01,  5.88117172e-01,  5.58926078e-01, ...,
         -1.53676695e-01,  0.00000000e+00,  4.66086127e-02],
        [ 5.82138997e-01,  5.49782108e-01,  5.19669976e-01, ...,
         -1.99564641e-01, -4.66086127e-02,  0.00000000e+00]]]), 'num': array([ 2.63820500e+07,  4.09445000e+06,  4.53000000e+02,  4.92000000e+04,
        5.09000000e+04,  4.91500000e+04,  6.08200000e+04, -9.00000000e+02,
        4.85000000e+04,  4.87875000e+04,  5.35408333e+04,  5.66308244e+01,
        5.24463079e+04,  4.51286921e+04])}
{'img': array([[[ 0.        ,  0.01325815,  0.2428886 , ..., -0.37540551,
         -0.12195578, -0.2492118 ],
        [-0.01325815,  0.        ,  0.23000613, ..., -0.38766097,
         -0.13510424, -0.26202974],
        [-0.2428886 , -0.23000613,  0.        , ..., -0.58928758,
         -0.35937928, -0.47697417],
        ...,
        [ 0.37540551,  0.38766097,  0.58928758, ...,  0.        ,
          0.25956729,  0.13257647],
        [ 0.12195578,  0.13510424,  0.35937928, ..., -0.25956729,
          0.        , -0.12924362],
        [ 0.2492118 ,  0.26202974,  0.47697417, ..., -0.13257647,
          0.12924362,  0.        ]],

       [[ 0.        ,  0.12369097,  0.51838687, ..., -0.49651446,
          0.11869308, -0.12162763],
        [-0.12369097,  0.        ,  0.4086322 , ..., -0.60006891,
         -0.00503499, -0.24346629],
        [-0.51838687, -0.4086322 ,  0.        , ..., -0.87456702,
         -0.41322245, -0.61854767],
        ...,
        [ 0.49651446,  0.60006891,  0.87456702, ...,  0.        ,
          0.59603357,  0.387252  ],
        [-0.11869308,  0.00503499,  0.41322245, ..., -0.59603357,
          0.        , -0.23857972],
        [ 0.12162763,  0.24346629,  0.61854767, ..., -0.387252  ,
          0.23857972,  0.        ]],

       [[ 0.        ,  0.04513461,  0.11677426, ..., -0.55659763,
         -0.47944416, -0.44825938],
        [-0.04513461,  0.        ,  0.07182944, ..., -0.59352744,
         -0.51856446, -0.48814856],
        [-0.11677426, -0.07182944,  0.        , ..., -0.64980363,
         -0.57864191, -0.54957754],
        ...,
        [ 0.55659763,  0.59352744,  0.64980363, ...,  0.        ,
          0.09014102,  0.12513866],
        [ 0.47944416,  0.51856446,  0.57864191, ..., -0.09014102,
          0.        ,  0.03519677],
        [ 0.44825938,  0.48814856,  0.54957754, ..., -0.12513866,
         -0.03519677,  0.        ]],

       ...,

       [[ 0.        ,  0.05160998, -0.12325704, ...,  0.33422715,
          0.74767654,  0.62967324],
        [-0.05160998,  0.        , -0.17430922, ...,  0.28513971,
          0.71240784,  0.58874035],
        [ 0.12325704,  0.17430922,  0.        , ...,  0.44784744,
          0.82382579,  0.72062532],
        ...,
        [-0.33422715, -0.28513971, -0.44784744, ...,  0.        ,
          0.48273166,  0.3338146 ],
        [-0.74767654, -0.71240784, -0.82382579, ..., -0.48273166,
          0.        , -0.16269732],
        [-0.62967324, -0.58874035, -0.72062532, ..., -0.3338146 ,
          0.16269732,  0.        ]],

       [[ 0.        , -0.00365033, -0.00592386, ..., -0.99484987,
         -0.94880158, -0.83288196],
        [ 0.00365033,  0.        , -0.00227356, ..., -0.99521324,
         -0.9499483 , -0.83489669],
        [ 0.00592386,  0.00227356,  0.        , ..., -0.99543285,
         -0.95065612, -0.83614591],
        ...,
        [ 0.99484987,  0.99521324,  0.99543285, ...,  0.        ,
         -0.2180759 , -0.46617987],
        [ 0.94880158,  0.9499483 ,  0.95065612, ...,  0.2180759 ,
          0.        , -0.2620302 ],
        [ 0.83288196,  0.83489669,  0.83614591, ...,  0.46617987,
          0.2620302 ,  0.        ]],

       [[ 0.        , -0.03563119, -0.03801969, ..., -0.58811717,
         -0.54978211, -0.5466508 ],
        [ 0.03563119,  0.        , -0.00239012, ..., -0.55892608,
         -0.51966998, -0.51646752],
        [ 0.03801969,  0.00239012,  0.        , ..., -0.55694255,
         -0.51762645, -0.51441937],
        ...,
        [ 0.58811717,  0.55892608,  0.55694255, ...,  0.        ,
          0.04660861,  0.05034829],
        [ 0.54978211,  0.51966998,  0.51762645, ..., -0.04660861,
          0.        ,  0.00374407],
        [ 0.5466508 ,  0.51646752,  0.51441937, ..., -0.05034829,
         -0.00374407,  0.        ]]]), 'num': array([ 2.61741140e+07,  1.01361140e+07,  3.30000000e+02,  4.86000000e+04,
        4.98000000e+04,  4.85000000e+04,  7.63070000e+04, -6.00000000e+02,
        4.88900000e+04,  4.86225000e+04,  5.35008333e+04,  6.22047244e+01,
        5.19911013e+04,  4.52538987e+04])}
{'img': array([[[ 0.        ,  0.23000613,  0.2052249 , ..., -0.13510424,
         -0.26202974, -0.35003786],
        [-0.23000613,  0.        , -0.02538776, ..., -0.35937928,
         -0.47697417, -0.55610797],
        [-0.2052249 ,  0.02538776,  0.        , ..., -0.3355718 ,
         -0.4545067 , -0.53482871],
        ...,
        [ 0.13510424,  0.35937928,  0.3355718 , ...,  0.        ,
         -0.12924362, -0.22027155],
        [ 0.26202974,  0.47697417,  0.4545067 , ...,  0.12924362,
          0.        , -0.09235489],
        [ 0.35003786,  0.55610797,  0.53482871, ...,  0.22027155,
          0.09235489,  0.        ]],

       [[ 0.        ,  0.4086322 , -0.0773227 , ..., -0.00503499,
         -0.24346629, -0.0931568 ],
        [-0.4086322 ,  0.        , -0.47798117, ..., -0.41322245,
         -0.61854767, -0.49187937],
        [ 0.0773227 ,  0.47798117,  0.        , ...,  0.07230181,
         -0.16774137, -0.01589143],
        ...,
        [ 0.00503499,  0.41322245, -0.07230181, ...,  0.        ,
         -0.23857972, -0.08814252],
        [ 0.24346629,  0.61854767,  0.16774137, ...,  0.23857972,
          0.        ,  0.15205392],
        [ 0.0931568 ,  0.49187937,  0.01589143, ...,  0.08814252,
         -0.15205392,  0.        ]],

       [[ 0.        ,  0.07182944,  0.11564958, ..., -0.51856446,
         -0.48814856, -0.4108949 ],
        [-0.07182944,  0.        ,  0.04400338, ..., -0.57864191,
         -0.54957754, -0.47531918],
        [-0.11564958, -0.04400338,  0.        , ..., -0.61396978,
         -0.58580751, -0.51357355],
        ...,
        [ 0.51856446,  0.57864191,  0.61396978, ...,  0.        ,
          0.03519677,  0.12143528],
        [ 0.48814856,  0.54957754,  0.58580751, ..., -0.03519677,
          0.        ,  0.08642375],
        [ 0.4108949 ,  0.47531918,  0.51357355, ..., -0.12143528,
         -0.08642375,  0.        ]],

       ...,

       [[ 0.        , -0.17430922,  0.54370965, ...,  0.71240784,
          0.58874035,  0.72033551],
        [ 0.17430922,  0.        ,  0.68167907, ...,  0.82382579,
          0.72062532,  0.83021324],
        [-0.54370965, -0.68167907,  0.        , ...,  0.21634817,
          0.05462151,  0.22742737],
        ...,
        [-0.71240784, -0.82382579, -0.21634817, ...,  0.        ,
         -0.16269732,  0.01136227],
        [-0.58874035, -0.72062532, -0.05462151, ...,  0.16269732,
          0.        ,  0.1738977 ],
        [-0.72033551, -0.83021324, -0.22742737, ..., -0.01136227,
         -0.1738977 ,  0.        ]],

       [[ 0.        , -0.00220027, -0.17315742, ..., -0.99608913,
         -0.98729592, -0.8196793 ],
        [ 0.00220027,  0.        , -0.17098997, ..., -0.99628112,
         -0.98764314, -0.82093768],
        [ 0.17315742,  0.17098997,  0.        , ..., -0.99634154,
         -0.99989537, -0.90648586],
        ...,
        [ 0.99608913,  0.99628112,  0.99634154, ...,  0.        ,
         -0.07103922, -0.49816042],
        [ 0.98729592,  0.98764314,  0.99989537, ...,  0.07103922,
          0.        , -0.43530479],
        [ 0.8196793 ,  0.82093768,  0.90648586, ...,  0.49816042,
          0.43530479,  0.        ]],

       [[ 0.        , -0.00239012,  0.02774444, ..., -0.51966998,
         -0.51646752, -0.48234929],
        [ 0.00239012,  0.        ,  0.03013356, ..., -0.51762645,
         -0.51441937, -0.48025422],
        [-0.02774444, -0.03013356,  0.        , ..., -0.54317386,
         -0.54002646, -0.50646715],
        ...,
        [ 0.51966998,  0.51762645,  0.54317386, ...,  0.        ,
          0.00374407,  0.04311661],
        [ 0.51646752,  0.51441937,  0.54002646, ..., -0.00374407,
          0.        ,  0.03937572],
        [ 0.48234929,  0.48025422,  0.50646715, ..., -0.04311661,
         -0.03937572,  0.        ]]]), 'num': array([2.62717540e+07, 1.47940540e+07, 2.34000000e+02, 4.90500000e+04,
       4.98000000e+04, 4.84500000e+04, 4.85600000e+04, 4.50000000e+02,
       4.90600000e+04, 4.84800000e+04, 5.34666667e+04, 5.96638655e+01,
       5.15056239e+04, 4.54543761e+04])}
{'img': array([[[ 0.        , -0.02538776,  0.08853655, ..., -0.47697417,
         -0.55610797, -0.49669683],
        [ 0.02538776,  0.        ,  0.11379607, ..., -0.4545067 ,
         -0.53482871, -0.47450209],
        [-0.08853655, -0.11379607,  0.        , ..., -0.55291737,
         -0.62750772, -0.57158927],
        ...,
        [ 0.47697417,  0.4545067 ,  0.55291737, ...,  0.        ,
         -0.09235489, -0.02257806],
        [ 0.55610797,  0.53482871,  0.62750772, ...,  0.09235489,
          0.        ,  0.06984979],
        [ 0.49669683,  0.47450209,  0.57158927, ...,  0.02257806,
         -0.06984979,  0.        ]],

       [[ 0.        , -0.47798117, -0.21311406, ..., -0.61854767,
         -0.49187937, -0.75128179],
        [ 0.47798117,  0.        ,  0.27980765, ..., -0.16774137,
         -0.01589143, -0.34444468],
        [ 0.21311406, -0.27980765,  0.        , ..., -0.43688418,
         -0.29502898, -0.59337148],
        ...,
        [ 0.61854767,  0.16774137,  0.43688418, ...,  0.        ,
          0.15205392, -0.18208755],
        [ 0.49187937,  0.01589143,  0.29502898, ..., -0.15205392,
          0.        , -0.32948221],
        [ 0.75128179,  0.34444468,  0.59337148, ...,  0.18208755,
          0.32948221,  0.        ]],

       [[ 0.        ,  0.04400338,  0.11768867, ..., -0.54957754,
         -0.47531918, -0.44346586],
        [-0.04400338,  0.        ,  0.07387709, ..., -0.58580751,
         -0.51357355, -0.48247615],
        [-0.11768867, -0.07387709,  0.        , ..., -0.64408041,
         -0.57556005, -0.54586734],
        ...,
        [ 0.54957754,  0.58580751,  0.64408041, ...,  0.        ,
          0.08642375,  0.12209123],
        [ 0.47531918,  0.51357355,  0.57556005, ..., -0.08642375,
          0.        ,  0.03585722],
        [ 0.44346586,  0.48247615,  0.54586734, ..., -0.12209123,
         -0.03585722,  0.        ]],

       ...,

       [[ 0.        ,  0.68167907,  0.64764588, ...,  0.72062532,
          0.83021324,  0.78250948],
        [-0.68167907,  0.        , -0.0455486 , ...,  0.05462151,
          0.22742737,  0.14808433],
        [-0.64764588,  0.0455486 ,  0.        , ...,  0.10004542,
          0.27154633,  0.19297705],
        ...,
        [-0.72062532, -0.05462151, -0.10004542, ...,  0.        ,
          0.1738977 ,  0.09384397],
        [-0.83021324, -0.22742737, -0.27154633, ..., -0.1738977 ,
          0.        , -0.08071614],
        [-0.78250948, -0.14808433, -0.19297705, ..., -0.09384397,
          0.08071614,  0.        ]],

       [[ 0.        , -0.1652748 , -0.30425931, ..., -0.99999828,
         -0.98364407, -0.80544039],
        [ 0.1652748 ,  0.        , -0.14263601, ..., -0.98593918,
         -0.99988637, -0.89231815],
        [ 0.30425931,  0.14263601,  0.        , ..., -0.95202303,
         -0.99181291, -0.94758128],
        ...,
        [ 0.99999828,  0.98593918,  0.95202303, ...,  0.        ,
         -0.18194807, -0.59417033],
        [ 0.98364407,  0.99988637,  0.99181291, ...,  0.18194807,
          0.        , -0.43790455],
        [ 0.80544039,  0.89231815,  0.94758128, ...,  0.59417033,
          0.43790455,  0.        ]],

       [[ 0.        ,  0.03013356,  0.07466352, ..., -0.51441937,
         -0.48025422, -0.42755267],
        [-0.03013356,  0.        ,  0.04458016, ..., -0.54002646,
         -0.50646715, -0.45459895],
        [-0.07466352, -0.04458016,  0.        , ..., -0.57701037,
         -0.54440329, -0.49385438],
        ...,
        [ 0.51441937,  0.54002646,  0.57701037, ...,  0.        ,
          0.03937572,  0.09838721],
        [ 0.48025422,  0.50646715,  0.54440329, ..., -0.03937572,
          0.        ,  0.05912623],
        [ 0.42755267,  0.45459895,  0.49385438, ..., -0.09838721,
         -0.05912623,  0.        ]]]), 'num': array([2.64940540e+07, 1.47940540e+07, 2.34000000e+02, 5.00000000e+04,
       5.12000000e+04, 4.94000000e+04, 6.87730000e+04, 9.50000000e+02,
       4.93900000e+04, 4.83650000e+04, 5.34183333e+04, 6.28906250e+01,
       5.09428091e+04, 4.57871909e+04])}
{'img': array([[[ 0.        ,  0.11379607,  0.6164947 , ..., -0.53482871,
         -0.47450209, -0.34870543],
        [-0.11379607,  0.        ,  0.52289167, ..., -0.62750772,
         -0.57158927, -0.45309365],
        [-0.6164947 , -0.52289167,  0.        , ..., -0.9420159 ,
         -0.91627568, -0.85235517],
        ...,
        [ 0.53482871,  0.62750772,  0.9420159 , ...,  0.        ,
          0.06984979,  0.20661646],
        [ 0.47450209,  0.57158927,  0.91627568, ..., -0.06984979,
          0.        ,  0.13776923],
        [ 0.34870543,  0.45309365,  0.85235517, ..., -0.20661646,
         -0.13776923,  0.        ]],

       [[ 0.        ,  0.27980765,  0.5364182 , ..., -0.01589143,
         -0.34444468, -0.08443386],
        [-0.27980765,  0.        ,  0.75113587, ..., -0.29502898,
         -0.59337148, -0.35986971],
        [-0.5364182 , -0.75113587,  0.        , ..., -0.52293885,
         -0.21289807, -0.46324455],
        ...,
        [ 0.01589143,  0.29502898,  0.52293885, ...,  0.        ,
         -0.32948221, -0.06858851],
        [ 0.34444468,  0.59337148,  0.21289807, ...,  0.32948221,
          0.        ,  0.26394764],
        [ 0.08443386,  0.35986971,  0.46324455, ...,  0.06858851,
         -0.26394764,  0.        ]],

       [[ 0.        ,  0.07387709,  0.29437713, ..., -0.51357355,
         -0.48247615, -0.42269276],
        [-0.07387709,  0.        ,  0.22296915, ..., -0.57556005,
         -0.54586734, -0.48849051],
        [-0.29437713, -0.22296915,  0.        , ..., -0.74340575,
         -0.71894492, -0.67074902],
        ...,
        [ 0.51357355,  0.57556005,  0.74340575, ...,  0.        ,
          0.03585722,  0.10274821],
        [ 0.48247615,  0.54586734,  0.71894492, ..., -0.03585722,
          0.        ,  0.0670147 ],
        [ 0.42269276,  0.48849051,  0.67074902, ..., -0.10274821,
         -0.0670147 ,  0.        ]],

       ...,

       [[ 0.        , -0.0455486 ,  0.39439563, ...,  0.22742737,
          0.14808433,  0.24902036],
        [ 0.0455486 ,  0.        ,  0.43584276, ...,  0.27154633,
          0.19297705,  0.29287564],
        [-0.39439563, -0.43584276,  0.        , ..., -0.17506823,
         -0.25396659, -0.15313652],
        ...,
        [-0.22742737, -0.27154633,  0.17506823, ...,  0.        ,
         -0.08071614,  0.02223178],
        [-0.14808433, -0.19297705,  0.25396659, ...,  0.08071614,
          0.        ,  0.10285543],
        [-0.24902036, -0.29287564,  0.15313652, ..., -0.02223178,
         -0.10285543,  0.        ]],

       [[ 0.        , -0.13700206, -0.13195949, ..., -0.98865549,
         -0.99961097, -0.87631316],
        [ 0.13700206,  0.        ,  0.00508879, ..., -0.95875539,
         -0.99400655, -0.93404983],
        [ 0.13195949, -0.00508879,  0.        , ..., -0.96018937,
         -0.99454998, -0.93222031],
        ...,
        [ 0.98865549,  0.95875539,  0.96018937, ...,  0.        ,
         -0.17771726, -0.6078998 ],
        [ 0.99961097,  0.99400655,  0.99454998, ...,  0.17771726,
          0.        , -0.45711305],
        [ 0.87631316,  0.93404983,  0.93222031, ...,  0.6078998 ,
          0.45711305,  0.        ]],

       [[ 0.        ,  0.04458016,  0.04178583, ..., -0.50646715,
         -0.45459895, -0.37253301],
        [-0.04458016,  0.        , -0.00279694, ..., -0.54440329,
         -0.49385438, -0.41353387],
        [-0.04178583,  0.00279694,  0.        , ..., -0.54205501,
         -0.49142038, -0.41098567],
        ...,
        [ 0.50646715,  0.54440329,  0.54205501, ...,  0.        ,
          0.05912623,  0.14879108],
        [ 0.45459895,  0.49385438,  0.49142038, ..., -0.05912623,
          0.        ,  0.09006269],
        [ 0.37253301,  0.41353387,  0.41098567, ..., -0.14879108,
         -0.09006269,  0.        ]]]), 'num': array([ 2.63887540e+07,  1.47940540e+07,  2.34000000e+02,  4.95500000e+04,
        5.03000000e+04,  4.90500000e+04,  5.12720000e+04, -4.50000000e+02,
        4.92800000e+04,  4.83575000e+04,  5.33658333e+04,  5.39823009e+01,
        5.09205597e+04,  4.57944403e+04])}
{'img': array([[[ 0.        ,  0.52289167,  0.56150984, ..., -0.57158927,
         -0.45309365, -0.50929219],
        [-0.52289167,  0.        ,  0.04595331, ..., -0.91627568,
         -0.85235517, -0.88411749],
        [-0.56150984, -0.04595331,  0.        , ..., -0.93371423,
         -0.87548664, -0.90465585],
        ...,
        [ 0.57158927,  0.91627568,  0.93371423, ...,  0.        ,
          0.13776923,  0.07401156],
        [ 0.45309365,  0.85235517,  0.87548664, ..., -0.13776923,
          0.        , -0.06408557],
        [ 0.50929219,  0.88411749,  0.90465585, ..., -0.07401156,
          0.06408557,  0.        ]],

       [[ 0.        ,  0.75113587,  0.9614882 , ..., -0.59337148,
         -0.35986971, -0.55135949],
        [-0.75113587,  0.        , -0.84117101, ..., -0.21289807,
         -0.46324455, -0.26266979],
        [-0.9614882 ,  0.84117101,  0.        , ..., -0.93701539,
         -0.99597979, -0.95367768],
        ...,
        [ 0.59337148,  0.21289807,  0.93701539, ...,  0.        ,
          0.26394764,  0.05122561],
        [ 0.35986971,  0.46324455,  0.99597979, ..., -0.26394764,
          0.        , -0.21419211],
        [ 0.55135949,  0.26266979,  0.95367768, ..., -0.05122561,
          0.21419211,  0.        ]],

       [[ 0.        ,  0.22296915,  0.44924736, ..., -0.54586734,
         -0.48849051, -0.50757985],
        [-0.22296915,  0.        ,  0.23873549, ..., -0.71894492,
         -0.67074902, -0.68691305],
        [-0.44924736, -0.23873549,  0.        , ..., -0.86409354,
         -0.82842045, -0.84054924],
        ...,
        [ 0.54586734,  0.71894492,  0.86409354, ...,  0.        ,
          0.0670147 ,  0.04503513],
        [ 0.48849051,  0.67074902,  0.82842045, ..., -0.0670147 ,
          0.        , -0.02201282],
        [ 0.50757985,  0.68691305,  0.84054924, ..., -0.04503513,
          0.02201282,  0.        ]],

       ...,

       [[ 0.        ,  0.43584276,  0.6600723 , ...,  0.19297705,
          0.29287564,  0.01961067],
        [-0.43584276,  0.        ,  0.26667415, ..., -0.25396659,
         -0.15313652, -0.41810889],
        [-0.6600723 , -0.26667415,  0.        , ..., -0.50270033,
         -0.41111969, -0.64521378],
        ...,
        [-0.19297705,  0.25396659,  0.50270033, ...,  0.        ,
          0.10285543, -0.17369788],
        [-0.29287564,  0.15313652,  0.41111969, ..., -0.10285543,
          0.        , -0.27406856],
        [-0.01961067,  0.41810889,  0.64521378, ...,  0.17369788,
          0.27406856,  0.        ]],

       [[ 0.        ,  0.00508062,  0.07132673, ..., -0.99316611,
         -0.96289409, -0.93351248],
        [-0.00508062,  0.        ,  0.06625813, ..., -0.99374625,
         -0.96151051, -0.9316788 ],
        [-0.07132673, -0.06625813,  0.        , ..., -0.99896102,
         -0.94119198, -0.90556099],
        ...,
        [ 0.99316611,  0.99374625,  0.99896102, ...,  0.        ,
         -0.38041396, -0.4650443 ],
        [ 0.96289409,  0.96151051,  0.94119198, ...,  0.38041396,
          0.        , -0.09330486],
        [ 0.93351248,  0.9316788 ,  0.90556099, ...,  0.4650443 ,
          0.09330486,  0.        ]],

       [[ 0.        , -0.00279694, -0.03673775, ..., -0.49385438,
         -0.41353387, -0.41182665],
        [ 0.00279694,  0.        , -0.03394255, ..., -0.49142038,
         -0.41098567, -0.40927629],
        [ 0.03673775,  0.03394255,  0.        , ..., -0.46157589,
         -0.37980541, -0.37807092],
        ...,
        [ 0.49385438,  0.49142038,  0.46157589, ...,  0.        ,
          0.09006269,  0.09192918],
        [ 0.41353387,  0.41098567,  0.37980541, ..., -0.09006269,
          0.        ,  0.00187427],
        [ 0.41182665,  0.40927629,  0.37807092, ..., -0.09192918,
         -0.00187427,  0.        ]]]), 'num': array([2.67982540e+07, 1.47940540e+07, 2.34000000e+02, 5.13000000e+04,
       5.24000000e+04, 4.94000000e+04, 1.12062000e+05, 1.75000000e+03,
       4.97000000e+04, 4.85775000e+04, 5.33275000e+04, 5.66666667e+01,
       5.13492278e+04, 4.58057722e+04])}
{'img': array([[[ 0.        ,  0.04595331,  0.01516389, ..., -0.85235517,
         -0.88411749, -0.74771638],
        [-0.04595331,  0.        , -0.03080016, ..., -0.87548664,
         -0.90465585, -0.77744032],
        [-0.01516389,  0.03080016,  0.        , ..., -0.86018733,
         -0.89110138, -0.75769951],
        ...,
        [ 0.85235517,  0.87548664,  0.86018733, ...,  0.        ,
         -0.06408557,  0.17495112],
        [ 0.88411749,  0.90465585,  0.89110138, ...,  0.06408557,
          0.        ,  0.23768868],
        [ 0.74771638,  0.77744032,  0.75769951, ..., -0.17495112,
         -0.23768868,  0.        ]],

       [[ 0.        , -0.84117101, -0.98788582, ..., -0.46324455,
         -0.26266979, -0.72220854],
        [ 0.84117101,  0.        , -0.66475327, ..., -0.99597979,
         -0.95367768, -0.97236541],
        [ 0.98788582,  0.66475327,  0.        , ..., -0.80360707,
         -0.91243522, -0.57122215],
        ...,
        [ 0.46324455,  0.99597979,  0.80360707, ...,  0.        ,
         -0.21419211,  0.31962838],
        [ 0.26266979,  0.95367768,  0.91243522, ...,  0.21419211,
          0.        ,  0.51516653],
        [ 0.72220854,  0.97236541,  0.57122215, ..., -0.31962838,
         -0.51516653,  0.        ]],

       [[ 0.        ,  0.23873549,  0.41504159, ..., -0.67074902,
         -0.68691305, -0.62470703],
        [-0.23873549,  0.        ,  0.18583838, ..., -0.82842045,
         -0.84054924, -0.79306221],
        [-0.41504159, -0.18583838,  0.        , ..., -0.91807896,
         -0.92658233, -0.89244903],
        ...,
        [ 0.67074902,  0.82842045,  0.91807896, ...,  0.        ,
         -0.02201282,  0.06042509],
        [ 0.68691305,  0.84054924,  0.92658233, ...,  0.02201282,
          0.        ,  0.08238304],
        [ 0.62470703,  0.79306221,  0.89244903, ..., -0.06042509,
         -0.08238304,  0.        ]],

       ...,

       [[ 0.        ,  0.26667415,  0.85257797, ..., -0.15313652,
         -0.41810889, -0.34258102],
        [-0.26667415,  0.        ,  0.68233943, ..., -0.41111969,
         -0.64521378, -0.58071229],
        [-0.85257797, -0.68233943,  0.        , ..., -0.922551  ,
         -0.99298292, -0.98001987],
        ...,
        [ 0.15313652,  0.41111969,  0.922551  , ...,  0.        ,
         -0.27406856, -0.19467032],
        [ 0.41810889,  0.64521378,  0.99298292, ...,  0.27406856,
          0.        ,  0.08160886],
        [ 0.34258102,  0.58071229,  0.98001987, ...,  0.19467032,
         -0.08160886,  0.        ]],

       [[ 0.        ,  0.06625813,  0.14386919, ..., -0.96151051,
         -0.9316788 , -0.99915413],
        [-0.06625813,  0.        ,  0.07798422, ..., -0.94119198,
         -0.90556099, -0.99968318],
        [-0.14386919, -0.07798422,  0.        , ..., -0.91197697,
         -0.86972103, -0.99467585],
        ...,
        [ 0.96151051,  0.94119198,  0.91197697, ...,  0.        ,
         -0.09330486,  0.3140751 ],
        [ 0.9316788 ,  0.90556099,  0.86972103, ...,  0.09330486,
          0.        ,  0.40128844],
        [ 0.99915413,  0.99968318,  0.99467585, ..., -0.3140751 ,
         -0.40128844,  0.        ]],

       [[ 0.        , -0.03394255, -0.06888223, ..., -0.41098567,
         -0.40927629, -0.4066076 ],
        [ 0.03394255,  0.        , -0.03498061, ..., -0.37980541,
         -0.37807092, -0.37536329],
        [ 0.06888223,  0.03498061,  0.        , ..., -0.34721358,
         -0.34545531, -0.34271082],
        ...,
        [ 0.41098567,  0.37980541,  0.34721358, ...,  0.        ,
          0.00187427,  0.00479722],
        [ 0.40927629,  0.37807092,  0.34545531, ..., -0.00187427,
          0.        ,  0.00292296],
        [ 0.4066076 ,  0.37536329,  0.34271082, ..., -0.00479722,
         -0.00292296,  0.        ]]]), 'num': array([2.70759340e+07, 1.25365340e+07, 2.78000000e+02, 5.23000000e+04,
       5.27000000e+04, 5.11000000e+04, 9.09850000e+04, 1.00000000e+03,
       5.04400000e+04, 4.88250000e+04, 5.32375000e+04, 6.07003891e+01,
       5.19726181e+04, 4.56773819e+04])}
{'img': array([[[ 0.        , -0.03080016, -0.13369953, ..., -0.90465585,
         -0.77744032, -0.68980733],
        [ 0.03080016,  0.        , -0.10311247, ..., -0.89110138,
         -0.75769951, -0.66718096],
        [ 0.13369953,  0.10311247,  0.        , ..., -0.83955867,
         -0.68636918, -0.58681665],
        ...,
        [ 0.90465585,  0.89110138,  0.83955867, ...,  0.        ,
          0.23768868,  0.36100799],
        [ 0.77744032,  0.75769951,  0.68636918, ..., -0.23768868,
          0.        ,  0.1290024 ],
        [ 0.68980733,  0.66718096,  0.58681665, ..., -0.36100799,
         -0.1290024 ,  0.        ]],

       [[ 0.        , -0.99532156, -0.86596056, ..., -0.2984672 ,
         -0.80016622, -0.69112107],
        [ 0.99532156,  0.        , -0.58143977, ..., -0.97879194,
         -0.67428259, -0.78613231],
        [ 0.86596056,  0.58143977,  0.        , ..., -0.67722287,
         -0.11921139, -0.28022532],
        ...,
        [ 0.2984672 ,  0.97879194,  0.67722287, ...,  0.        ,
          0.58468041,  0.44390581],
        [ 0.80016622,  0.67428259,  0.11921139, ..., -0.58468041,
          0.        , -0.16379191],
        [ 0.69112107,  0.78613231,  0.28022532, ..., -0.44390581,
          0.16379191,  0.        ]],

       [[ 0.        ,  0.18583838,  0.36878795, ..., -0.84054924,
         -0.79306221, -0.70244967],
        [-0.18583838,  0.        ,  0.1896245 , ..., -0.92658233,
         -0.89244903, -0.82248061],
        [-0.36878795, -0.1896245 ,  0.        , ..., -0.98108731,
         -0.9618058 , -0.9154152 ],
        ...,
        [ 0.84054924,  0.92658233,  0.98108731, ...,  0.        ,
          0.08238304,  0.21770531],
        [ 0.79306221,  0.89244903,  0.9618058 , ..., -0.08238304,
          0.        ,  0.13655823],
        [ 0.70244967,  0.82248061,  0.9154152 , ..., -0.21770531,
         -0.13655823,  0.        ]],

       ...,

       [[ 0.        ,  0.68233943,  0.27233348, ..., -0.64521378,
         -0.58071229, -0.47417502],
        [-0.68233943,  0.        , -0.45746355, ..., -0.99298292,
         -0.98001987, -0.94739129],
        [-0.27233348,  0.45746355,  0.        , ..., -0.82888993,
         -0.78047217, -0.69602333],
        ...,
        [ 0.64521378,  0.99298292,  0.82888993, ...,  0.        ,
          0.08160886,  0.20579525],
        [ 0.58071229,  0.98001987,  0.78047217, ..., -0.08160886,
          0.        ,  0.12524678],
        [ 0.47417502,  0.94739129,  0.69602333, ..., -0.20579525,
         -0.12524678,  0.        ]],

       [[ 0.        ,  0.07798422, -0.02837734, ..., -0.90556099,
         -0.99968318, -0.97680705],
        [-0.07798422,  0.        , -0.10624373, ..., -0.86972103,
         -0.99467585, -0.99053037],
        [ 0.02837734,  0.10624373,  0.        , ..., -0.91723443,
         -0.99999485, -0.97033748],
        ...,
        [ 0.90556099,  0.86972103,  0.91723443, ...,  0.        ,
          0.40128844,  0.60827728],
        [ 0.99968318,  0.99467585,  0.99999485, ..., -0.40128844,
          0.        ,  0.23864013],
        [ 0.97680705,  0.99053037,  0.97033748, ..., -0.60827728,
         -0.23864013,  0.        ]],

       [[ 0.        , -0.03498061,  0.02229939, ..., -0.37807092,
         -0.37536329, -0.40630647],
        [ 0.03498061,  0.        ,  0.05725765, ..., -0.34545531,
         -0.34271082, -0.37409474],
        [-0.02229939, -0.05725765,  0.        , ..., -0.39862116,
         -0.39593876, -0.42658122],
        ...,
        [ 0.37807092,  0.34545531,  0.39862116, ...,  0.        ,
          0.00292296, -0.03069171],
        [ 0.37536329,  0.34271082,  0.39593876, ..., -0.00292296,
          0.        , -0.03361316],
        [ 0.40630647,  0.37409474,  0.42658122, ...,  0.03069171,
          0.03361316,  0.        ]]]), 'num': array([ 2.68658950e+07,  5.21349500e+06,  4.18000000e+02,  5.18000000e+04,
        5.37000000e+04,  5.18000000e+04,  7.01250000e+04, -5.00000000e+02,
        5.09900000e+04,  4.91400000e+04,  5.31341667e+04,  5.82706767e+01,
        5.21515777e+04,  4.61284223e+04])}
{'img': array([[[ 0.        , -0.10311247, -0.19984609, ..., -0.75769951,
         -0.66718096, -0.71362961],
        [ 0.10311247,  0.        , -0.09774843, ..., -0.68636918,
         -0.58681665, -0.63759307],
        [ 0.19984609,  0.09774843,  0.        , ..., -0.61199439,
         -0.50485763, -0.55923695],
        ...,
        [ 0.75769951,  0.68636918,  0.61199439, ...,  0.        ,
          0.1290024 ,  0.06506885],
        [ 0.66718096,  0.58681665,  0.50485763, ..., -0.1290024 ,
          0.        , -0.06420386],
        [ 0.71362961,  0.63759307,  0.55923695, ..., -0.06506885,
          0.06420386,  0.        ]],

       [[ 0.        , -0.5875398 , -0.67640483, ..., -0.68062143,
         -0.792291  , -0.89741802],
        [ 0.5875398 ,  0.        , -0.11460287, ..., -0.12030325,
         -0.28263459, -0.46697487],
        [ 0.67640483,  0.11460287,  0.        , ..., -0.00574009,
         -0.17084218, -0.36255821],
        ...,
        [ 0.68062143,  0.12030325,  0.00574009, ...,  0.        ,
         -0.16518367, -0.35720269],
        [ 0.792291  ,  0.28263459,  0.17084218, ...,  0.16518367,
          0.        , -0.19800975],
        [ 0.89741802,  0.46697487,  0.36255821, ...,  0.35720269,
          0.19800975,  0.        ]],

       [[ 0.        ,  0.1896245 ,  0.32741885, ..., -0.89244903,
         -0.82248061, -0.76347664],
        [-0.1896245 ,  0.        ,  0.14230613, ..., -0.9618058 ,
         -0.9154152 , -0.87209086],
        [-0.32741885, -0.14230613,  0.        , ..., -0.99097105,
         -0.9633785 , -0.93285197],
        ...,
        [ 0.89244903,  0.9618058 ,  0.99097105, ...,  0.        ,
          0.13655823,  0.23193409],
        [ 0.82248061,  0.9154152 ,  0.9633785 , ..., -0.13655823,
          0.        ,  0.09692685],
        [ 0.76347664,  0.87209086,  0.93285197, ..., -0.23193409,
         -0.09692685,  0.        ]],

       ...,

       [[ 0.        , -0.45746355, -0.67597258, ..., -0.98001987,
         -0.94739129, -0.96899353],
        [ 0.45746355,  0.        , -0.26397686, ..., -0.78047217,
         -0.69602333, -0.74862367],
        [ 0.67597258,  0.26397686,  0.        , ..., -0.58775221,
         -0.48179425, -0.54705386],
        ...,
        [ 0.98001987,  0.78047217,  0.58775221, ...,  0.        ,
          0.12524678,  0.04941685],
        [ 0.94739129,  0.69602333,  0.48179425, ..., -0.12524678,
          0.        , -0.07606604],
        [ 0.96899353,  0.74862367,  0.54705386, ..., -0.04941685,
          0.07606604,  0.        ]],

       [[ 0.        , -0.10624373, -0.01314843, ..., -0.99467585,
         -0.99053037, -0.98135272],
        [ 0.10624373,  0.        ,  0.09316054, ..., -0.99999485,
         -0.97033748, -0.95537668],
        [ 0.01314843, -0.09316054,  0.        , ..., -0.99594485,
         -0.98863955, -0.97874055],
        ...,
        [ 0.99467585,  0.99999485,  0.99594485, ...,  0.        ,
          0.23864013,  0.29232373],
        [ 0.99053037,  0.97033748,  0.98863955, ..., -0.23864013,
          0.        ,  0.05566175],
        [ 0.98135272,  0.95537668,  0.97874055, ..., -0.29232373,
         -0.05566175,  0.        ]],

       [[ 0.        ,  0.05725765,  0.06378801, ..., -0.34271082,
         -0.37409474, -0.26642915],
        [-0.05725765,  0.        ,  0.00654232, ..., -0.39593876,
         -0.42658122, -0.32118011],
        [-0.06378801, -0.00654232,  0.        , ..., -0.40193795,
         -0.43248928, -0.32736893],
        ...,
        [ 0.34271082,  0.39593876,  0.40193795, ...,  0.        ,
         -0.03361316,  0.08002891],
        [ 0.37409474,  0.42658122,  0.43248928, ...,  0.03361316,
          0.        ,  0.11348904],
        [ 0.26642915,  0.32118011,  0.32736893, ..., -0.08002891,
         -0.11348904,  0.        ]]]), 'num': array([2.83248160e+07, 3.24481600e+06, 4.56000000e+02, 5.50000000e+04,
       5.52000000e+04, 5.23000000e+04, 2.79953000e+05, 3.20000000e+03,
       5.19900000e+04, 4.95525000e+04, 5.30875000e+04, 7.20394737e+01,
       5.33094236e+04, 4.57955764e+04])}
{'img': array([[[ 0.        , -0.09774843, -0.25472209, ..., -0.58681665,
         -0.63759307, -0.27970317],
        [ 0.09774843,  0.        , -0.15897813, ..., -0.50485763,
         -0.55923695, -0.18451676],
        [ 0.25472209,  0.15897813,  0.        , ..., -0.36120656,
         -0.42033051, -0.02592172],
        ...,
        [ 0.58681665,  0.50485763,  0.36120656, ...,  0.        ,
         -0.06420386,  0.33691355],
        [ 0.63759307,  0.55923695,  0.42033051, ...,  0.06420386,
          0.        ,  0.39666865],
        [ 0.27970317,  0.18451676,  0.02592172, ..., -0.33691355,
         -0.39666865,  0.        ]],

       [[ 0.        , -0.11460287,  0.28256014, ..., -0.28263459,
         -0.46697487,  0.7994248 ],
        [ 0.11460287,  0.        ,  0.39063122, ..., -0.17084218,
         -0.36255821,  0.86300722],
        [-0.28256014, -0.39063122,  0.        , ..., -0.54215662,
         -0.69780507,  0.59709533],
        ...,
        [ 0.28263459,  0.17084218,  0.54215662, ...,  0.        ,
         -0.19800975,  0.93662767],
        [ 0.46697487,  0.36255821,  0.69780507, ...,  0.19800975,
          0.        ,  0.98745054],
        [-0.7994248 , -0.86300722, -0.59709533, ..., -0.93662767,
         -0.98745054,  0.        ]],

       [[ 0.        ,  0.14230613,  0.01426233, ..., -0.9154152 ,
         -0.87209086, -0.77640248],
        [-0.14230613,  0.        , -0.12817447, ..., -0.9633785 ,
         -0.93285197, -0.85818744],
        [-0.01426233,  0.12817447,  0.        , ..., -0.92106283,
         -0.87898135, -0.78531217],
        ...,
        [ 0.9154152 ,  0.9633785 ,  0.92106283, ...,  0.        ,
          0.09692685,  0.26441845],
        [ 0.87209086,  0.93285197,  0.87898135, ..., -0.09692685,
          0.        ,  0.1696964 ],
        [ 0.77640248,  0.85818744,  0.78531217, ..., -0.26441845,
         -0.1696964 ,  0.        ]],

       ...,

       [[ 0.        , -0.54448827, -0.64874371, ..., -0.91761163,
         -0.94734767, -0.65214821],
        [ 0.54448827,  0.        , -0.12978639, ..., -0.55324148,
         -0.62025649, -0.13422943],
        [ 0.64874371,  0.12978639,  0.        , ..., -0.44044737,
         -0.51320602, -0.00448225],
        ...,
        [ 0.91761163,  0.55324148,  0.44044737, ...,  0.        ,
         -0.08272454,  0.43641888],
        [ 0.94734767,  0.62025649,  0.51320602, ...,  0.08272454,
          0.        ,  0.50935391],
        [ 0.65214821,  0.13422943,  0.00448225, ..., -0.43641888,
         -0.50935391,  0.        ]],

       [[ 0.        ,  0.09316054,  0.13547839, ..., -0.97033748,
         -0.95537668, -0.82501356],
        [-0.09316054,  0.        ,  0.04258758, ..., -0.98863955,
         -0.97874055, -0.87407189],
        [-0.13547839, -0.04258758,  0.        , ..., -0.99414375,
         -0.98658739, -0.89396778],
        ...,
        [ 0.97033748,  0.98863955,  0.99414375, ...,  0.        ,
          0.05566175,  0.34889961],
        [ 0.95537668,  0.97874055,  0.98658739, ..., -0.05566175,
          0.        ,  0.29619474],
        [ 0.82501356,  0.87407189,  0.89396778, ..., -0.34889961,
         -0.29619474,  0.        ]],

       [[ 0.        ,  0.00654232,  0.01285337, ..., -0.42658122,
         -0.32118011, -0.39835205],
        [-0.00654232,  0.        ,  0.00631132, ..., -0.43248928,
         -0.32736893, -0.40434435],
        [-0.01285337, -0.00631132,  0.        , ..., -0.4381712 ,
         -0.33332595, -0.41010867],
        ...,
        [ 0.42658122,  0.43248928,  0.4381712 , ...,  0.        ,
          0.11348904,  0.03098498],
        [ 0.32118011,  0.32736893,  0.33332595, ..., -0.11348904,
          0.        , -0.08264975],
        [ 0.39835205,  0.40434435,  0.41010867, ..., -0.03098498,
          0.08264975,  0.        ]]]), 'num': array([2.89646090e+07, 3.18980900e+06, 4.57000000e+02, 5.64000000e+04,
       5.76000000e+04, 5.41000000e+04, 2.05975000e+05, 1.40000000e+03,
       5.33600000e+04, 5.00375000e+04, 5.30758333e+04, 7.41641337e+01,
       5.46117622e+04, 4.54632378e+04])}
{'img': array([[[ 0.        , -0.15897813, -0.14611023, ..., -0.55923695,
         -0.18451676,  0.        ],
        [ 0.15897813,  0.        ,  0.01302001, ..., -0.42033051,
         -0.02592172,  0.15897813],
        [ 0.14611023, -0.01302001,  0.        , ..., -0.43210886,
         -0.03893516,  0.14611023],
        ...,
        [ 0.55923695,  0.42033051,  0.43210886, ...,  0.        ,
          0.39666865,  0.55923695],
        [ 0.18451676,  0.02592172,  0.03893516, ..., -0.39666865,
          0.        ,  0.18451676],
        [ 0.        , -0.15897813, -0.14611023, ..., -0.55923695,
         -0.18451676,  0.        ]],

       [[ 0.        ,  0.39063122, -0.15589525, ..., -0.36255821,
          0.86300722,  0.55800949],
        [-0.39063122,  0.        , -0.52936414, ..., -0.69780507,
          0.59709533,  0.18951481],
        [ 0.15589525,  0.52936414,  0.        , ..., -0.21283711,
          0.93121271,  0.6805543 ],
        ...,
        [ 0.36255821,  0.69780507,  0.21283711, ...,  0.        ,
          0.98745054,  0.82090648],
        [-0.86300722, -0.59709533, -0.93121271, ..., -0.98745054,
          0.        , -0.43425153],
        [-0.55800949, -0.18951481, -0.6805543 , ..., -0.82090648,
          0.43425153,  0.        ]],

       [[ 0.        , -0.12817447, -0.24790197, ..., -0.93285197,
         -0.85818744, -0.71882968],
        [ 0.12817447,  0.        , -0.12168366, ..., -0.87898135,
         -0.78531217, -0.62379538],
        [ 0.24790197,  0.12168366,  0.        , ..., -0.81442397,
         -0.70414211, -0.52405346],
        ...,
        [ 0.93285197,  0.87898135,  0.81442397, ...,  0.        ,
          0.1696964 ,  0.38954034],
        [ 0.85818744,  0.78531217,  0.70414211, ..., -0.1696964 ,
          0.        ,  0.22759862],
        [ 0.71882968,  0.62379538,  0.52405346, ..., -0.38954034,
         -0.22759862,  0.        ]],

       ...,

       [[ 0.        , -0.2430024 , -0.38207898, ..., -0.79220947,
         -0.24964771, -0.05612386],
        [ 0.2430024 ,  0.        , -0.1460607 , ..., -0.62017151,
         -0.00685655,  0.18817779],
        [ 0.38207898,  0.1460607 ,  0.        , ..., -0.49894087,
          0.13927425,  0.32961102],
        ...,
        [ 0.79220947,  0.62017151,  0.49894087, ...,  0.        ,
          0.6147782 ,  0.75671126],
        [ 0.24964771,  0.00685655, -0.13927425, ..., -0.6147782 ,
          0.        ,  0.19490742],
        [ 0.05612386, -0.18817779, -0.32961102, ..., -0.75671126,
         -0.19490742,  0.        ]],

       [[ 0.        ,  0.04258758,  0.0847326 , ..., -0.97874055,
         -0.87407189, -0.70535483],
        [-0.04258758,  0.        ,  0.0422213 , ..., -0.98658739,
         -0.89396778, -0.73490328],
        [-0.0847326 , -0.0422213 ,  0.        , ..., -0.99259958,
         -0.91209129, -0.76288126],
        ...,
        [ 0.97874055,  0.98658739,  0.99259958, ...,  0.        ,
          0.29619474,  0.5491147 ],
        [ 0.87407189,  0.89396778,  0.91209129, ..., -0.29619474,
          0.        ,  0.27693073],
        [ 0.70535483,  0.73490328,  0.76288126, ..., -0.5491147 ,
         -0.27693073,  0.        ]],

       [[ 0.        ,  0.00631132,  0.01189061, ..., -0.32736893,
         -0.40434435, -0.48476493],
        [-0.00631132,  0.        ,  0.0055795 , ..., -0.33332595,
         -0.41010867, -0.49027544],
        [-0.01189061, -0.0055795 ,  0.        , ..., -0.33858118,
         -0.415191  , -0.49513072],
        ...,
        [ 0.32736893,  0.33332595,  0.33858118, ...,  0.        ,
         -0.08264975, -0.17172131],
        [ 0.40434435,  0.41010867,  0.415191  , ...,  0.08264975,
          0.        , -0.08971176],
        [ 0.48476493,  0.49027544,  0.49513072, ...,  0.17172131,
          0.08971176,  0.        ]]]), 'num': array([ 2.76120010e+07,  1.72320100e+06,  4.83000000e+02,  5.36000000e+04,
        5.69000000e+04,  5.35000000e+04,  1.66515000e+05, -2.80000000e+03,
        5.38200000e+04,  5.02850000e+04,  5.30291667e+04,  6.99140401e+01,
        5.50632947e+04,  4.55067053e+04])}
{'img': array([[[ 0.00000000e+00,  1.30200105e-02,  3.10575818e-01, ...,
         -2.59217203e-02,  1.58978134e-01, -2.03124524e-01],
        [-1.30200105e-02,  0.00000000e+00,  2.98173339e-01, ...,
         -3.89351585e-02,  1.46110235e-01, -2.15855888e-01],
        [-3.10575818e-01, -2.98173339e-01,  0.00000000e+00, ...,
         -3.35111312e-01, -1.55509503e-01, -4.97180951e-01],
        ...,
        [ 2.59217203e-02,  3.89351585e-02,  3.35111312e-01, ...,
          0.00000000e+00,  1.84516764e-01, -1.77674941e-01],
        [-1.58978134e-01, -1.46110235e-01,  1.55509503e-01, ...,
         -1.84516764e-01,  0.00000000e+00, -3.56205110e-01],
        [ 2.03124524e-01,  2.15855888e-01,  4.97180951e-01, ...,
          1.77674941e-01,  3.56205110e-01,  0.00000000e+00]],

       [[ 0.00000000e+00, -5.29364144e-01, -2.06857060e-01, ...,
          5.97095328e-01,  1.89514813e-01, -4.62618204e-02],
        [ 5.29364144e-01,  0.00000000e+00,  3.42418182e-01, ...,
          9.31212712e-01,  6.80554301e-01,  4.89549095e-01],
        [ 2.06857060e-01, -3.42418182e-01,  0.00000000e+00, ...,
          7.50115445e-01,  3.88524198e-01,  1.61374357e-01],
        ...,
        [-5.97095328e-01, -9.31212712e-01, -7.50115445e-01, ...,
          0.00000000e+00, -4.34251532e-01, -6.33565905e-01],
        [-1.89514813e-01, -6.80554301e-01, -3.88524198e-01, ...,
          4.34251532e-01,  0.00000000e+00, -2.34735366e-01],
        [ 4.62618204e-02, -4.89549095e-01, -1.61374357e-01, ...,
          6.33565905e-01,  2.34735366e-01,  0.00000000e+00]],

       [[ 0.00000000e+00, -1.21683663e-01, -1.34371660e-01, ...,
         -7.85312170e-01, -6.23795377e-01, -5.61015899e-01],
        [ 1.21683663e-01,  0.00000000e+00, -1.27930209e-02, ...,
         -7.04142109e-01, -5.24053458e-01, -4.56116604e-01],
        [ 1.34371660e-01,  1.27930209e-02,  0.00000000e+00, ...,
         -6.95000685e-01, -5.13114944e-01, -4.44694513e-01],
        ...,
        [ 7.85312170e-01,  7.04142109e-01,  6.95000685e-01, ...,
          0.00000000e+00,  2.27598620e-01,  3.02760425e-01],
        [ 6.23795377e-01,  5.24053458e-01,  5.13114944e-01, ...,
         -2.27598620e-01,  0.00000000e+00,  7.78978241e-02],
        [ 5.61015899e-01,  4.56116604e-01,  4.44694513e-01, ...,
         -3.02760425e-01, -7.78978241e-02,  0.00000000e+00]],

       ...,

       [[ 0.00000000e+00, -1.46060698e-01,  1.30730051e-01, ...,
         -6.85654888e-03,  1.88177789e-01, -1.45912683e-01],
        [ 1.46060698e-01,  0.00000000e+00,  2.74135259e-01, ...,
          1.39274247e-01,  3.29611021e-01,  1.49617033e-04],
        [-1.30730051e-01, -2.74135259e-01,  0.00000000e+00, ...,
         -1.37524684e-01,  5.81682907e-02, -2.73991370e-01],
        ...,
        [ 6.85654888e-03, -1.39274247e-01,  1.37524684e-01, ...,
          0.00000000e+00,  1.94907422e-01, -1.39126087e-01],
        [-1.88177789e-01, -3.29611021e-01, -5.81682907e-02, ...,
         -1.94907422e-01,  0.00000000e+00, -3.29469761e-01],
        [ 1.45912683e-01, -1.49617033e-04,  2.73991370e-01, ...,
          1.39126087e-01,  3.29469761e-01,  0.00000000e+00]],

       [[ 0.00000000e+00,  4.22213002e-02,  1.72403246e-01, ...,
         -8.93967777e-01, -7.34903284e-01, -6.70195823e-01],
        [-4.22213002e-02,  0.00000000e+00,  1.30660414e-01, ...,
         -9.12091295e-01, -7.62881259e-01, -7.00934185e-01],
        [-1.72403246e-01, -1.30660414e-01,  0.00000000e+00, ...,
         -9.57841193e-01, -8.40818220e-01, -7.88115603e-01],
        ...,
        [ 8.93967777e-01,  9.12091295e-01,  9.57841193e-01, ...,
          0.00000000e+00,  2.76930725e-01,  3.63153173e-01],
        [ 7.34903284e-01,  7.62881259e-01,  8.40818220e-01, ...,
         -2.76930725e-01,  0.00000000e+00,  9.09256980e-02],
        [ 6.70195823e-01,  7.00934185e-01,  7.88115603e-01, ...,
         -3.63153173e-01, -9.09256980e-02,  0.00000000e+00]],

       [[ 0.00000000e+00,  5.57950144e-03,  7.49215066e-03, ...,
         -4.10108674e-01, -4.90275437e-01, -4.79556414e-01],
        [-5.57950144e-03,  0.00000000e+00,  1.91268919e-03, ...,
         -4.15191000e-01, -4.95130718e-01, -4.84445024e-01],
        [-7.49215066e-03, -1.91268919e-03,  0.00000000e+00, ...,
         -4.16930279e-01, -4.96791592e-01, -4.86117400e-01],
        ...,
        [ 4.10108674e-01,  4.15191000e-01,  4.16930279e-01, ...,
          0.00000000e+00, -8.97117613e-02, -7.74981387e-02],
        [ 4.90275437e-01,  4.95130718e-01,  4.96791592e-01, ...,
          8.97117613e-02,  0.00000000e+00,  1.22563044e-02],
        [ 4.79556414e-01,  4.84445024e-01,  4.86117400e-01, ...,
          7.74981387e-02, -1.22563044e-02,  0.00000000e+00]]]), 'num': array([2.78399770e+07, 2.95397700e+06, 4.60000000e+02, 5.41000000e+04,
       5.45000000e+04, 5.27000000e+04, 8.65080000e+04, 5.00000000e+02,
       5.41800000e+04, 5.05050000e+04, 5.30108333e+04, 6.79878049e+01,
       5.55528609e+04, 4.54571391e+04])}
{'img': array([[[ 0.00000000e+00,  2.98173339e-01,  1.73281493e-01, ...,
          1.46110235e-01, -2.15855888e-01, -1.53553578e-01],
        [-2.98173339e-01,  0.00000000e+00, -1.28263455e-01, ...,
         -1.55509503e-01, -4.97180951e-01, -4.41205792e-01],
        [-1.73281493e-01,  1.28263455e-01,  0.00000000e+00, ...,
         -2.75219619e-02, -3.81786915e-01, -3.22457102e-01],
        ...,
        [-1.46110235e-01,  1.55509503e-01,  2.75219619e-02, ...,
          0.00000000e+00, -3.56205110e-01, -2.96283104e-01],
        [ 2.15855888e-01,  4.97180951e-01,  3.81786915e-01, ...,
          3.56205110e-01,  0.00000000e+00,  6.33623188e-02],
        [ 1.53553578e-01,  4.41205792e-01,  3.22457102e-01, ...,
          2.96283104e-01, -6.33623188e-02,  0.00000000e+00]],

       [[ 0.00000000e+00,  3.42418182e-01, -2.02878615e-01, ...,
          6.80554301e-01,  4.89549095e-01, -5.40197780e-02],
        [-3.42418182e-01,  0.00000000e+00, -5.25911344e-01, ...,
          3.88524198e-01,  1.61374357e-01, -3.92672361e-01],
        [ 2.02878615e-01,  5.25911344e-01,  0.00000000e+00, ...,
          8.15050106e-01,  6.56273611e-01,  1.49686008e-01],
        ...,
        [-6.80554301e-01, -3.88524198e-01, -8.15050106e-01, ...,
          0.00000000e+00, -2.34735366e-01, -7.19140764e-01],
        [-4.89549095e-01, -1.61374357e-01, -6.56273611e-01, ...,
          2.34735366e-01,  0.00000000e+00, -5.35938224e-01],
        [ 5.40197780e-02,  3.92672361e-01, -1.49686008e-01, ...,
          7.19140764e-01,  5.35938224e-01,  0.00000000e+00]],

       [[ 0.00000000e+00, -1.27930209e-02, -3.38308223e-02, ...,
         -5.24053458e-01, -4.56116604e-01, -4.00208496e-01],
        [ 1.27930209e-02,  0.00000000e+00, -2.10423559e-02, ...,
         -5.13114944e-01, -4.44694513e-01, -3.88451913e-01],
        [ 3.38308223e-02,  2.10423559e-02,  0.00000000e+00, ...,
         -4.94940260e-01, -4.25748785e-01, -3.68976025e-01],
        ...,
        [ 5.24053458e-01,  5.13114944e-01,  4.94940260e-01, ...,
          0.00000000e+00,  7.78978241e-02,  1.39403505e-01],
        [ 4.56116604e-01,  4.44694513e-01,  4.25748785e-01, ...,
         -7.78978241e-02,  0.00000000e+00,  6.18427025e-02],
        [ 4.00208496e-01,  3.88451913e-01,  3.68976025e-01, ...,
         -1.39403505e-01, -6.18427025e-02,  0.00000000e+00]],

       ...,

       [[ 0.00000000e+00,  2.74135259e-01, -6.05944601e-02, ...,
          3.29611021e-01,  1.49617033e-04, -1.05616842e-01],
        [-2.74135259e-01,  0.00000000e+00, -3.31904682e-01, ...,
          5.81682907e-02, -2.73991370e-01, -3.74172775e-01],
        [ 6.05944601e-02,  3.31904682e-01,  0.00000000e+00, ...,
          3.86213599e-01,  6.07438016e-02, -4.51672185e-02],
        ...,
        [-3.29611021e-01, -5.81682907e-02, -3.86213599e-01, ...,
          0.00000000e+00, -3.29469761e-01, -4.27482111e-01],
        [-1.49617033e-04,  2.73991370e-01, -6.07438016e-02, ...,
          3.29469761e-01,  0.00000000e+00, -1.05765621e-01],
        [ 1.05616842e-01,  3.74172775e-01,  4.51672185e-02, ...,
          4.27482111e-01,  1.05765621e-01,  0.00000000e+00]],

       [[ 0.00000000e+00,  1.30660414e-01,  2.04051391e-01, ...,
         -7.62881259e-01, -7.00934185e-01, -6.28580322e-01],
        [-1.30660414e-01,  0.00000000e+00,  7.43907539e-02, ...,
         -8.40818220e-01, -7.88115603e-01, -7.24812058e-01],
        [-2.04051391e-01, -7.43907539e-02,  0.00000000e+00, ...,
         -8.78757478e-01, -8.31721404e-01, -7.74054987e-01],
        ...,
        [ 7.62881259e-01,  8.40818220e-01,  8.78757478e-01, ...,
          0.00000000e+00,  9.09256980e-02,  1.86925384e-01],
        [ 7.00934185e-01,  7.88115603e-01,  8.31721404e-01, ...,
         -9.09256980e-02,  0.00000000e+00,  9.68280270e-02],
        [ 6.28580322e-01,  7.24812058e-01,  7.74054987e-01, ...,
         -1.86925384e-01, -9.68280270e-02,  0.00000000e+00]],

       [[ 0.00000000e+00,  1.91268919e-03,  6.49722912e-02, ...,
         -4.95130718e-01, -4.84445024e-01, -4.96636096e-01],
        [-1.91268919e-03,  0.00000000e+00,  6.30635246e-02, ...,
         -4.96791592e-01, -4.86117400e-01, -4.98295324e-01],
        [-6.49722912e-02, -6.30635246e-02,  0.00000000e+00, ...,
         -5.50533668e-01, -5.40260595e-01, -5.51980014e-01],
        ...,
        [ 4.95130718e-01,  4.96791592e-01,  5.50533668e-01, ...,
          0.00000000e+00,  1.22563044e-02, -1.73352977e-03],
        [ 4.84445024e-01,  4.86117400e-01,  5.40260595e-01, ...,
         -1.22563044e-02,  0.00000000e+00, -1.39896856e-02],
        [ 4.96636096e-01,  4.98295324e-01,  5.51980014e-01, ...,
          1.73352977e-03,  1.39896856e-02,  0.00000000e+00]]]), 'num': array([ 2.77896700e+07,  7.89670000e+05,  5.00000000e+02,  5.40000000e+04,
        5.52000000e+04,  5.33000000e+04,  6.41500000e+04, -1.00000000e+02,
        5.46200000e+04,  5.07275000e+04,  5.29891667e+04,  6.72782875e+01,
        5.59756878e+04,  4.54793122e+04])}
{'img': array([[[ 0.        , -0.12826345,  0.23985445, ..., -0.49718095,
         -0.44120579, -0.45256819],
        [ 0.12826345,  0.        ,  0.36239258, ..., -0.38178692,
         -0.3224571 , -0.33445369],
        [-0.23985445, -0.36239258,  0.        , ..., -0.69077664,
         -0.64357331, -0.65324257],
        ...,
        [ 0.49718095,  0.38178692,  0.69077664, ...,  0.        ,
          0.06336232,  0.05068169],
        [ 0.44120579,  0.3224571 ,  0.64357331, ..., -0.06336232,
          0.        , -0.01270104],
        [ 0.45256819,  0.33445369,  0.65324257, ..., -0.05068169,
          0.01270104,  0.        ]],

       [[ 0.        , -0.52591134,  0.6679234 , ...,  0.16137436,
         -0.39267236, -0.59185499],
        [ 0.52591134,  0.        ,  0.95949417, ...,  0.65627361,
          0.14968601, -0.07948806],
        [-0.6679234 , -0.95949417,  0.        , ..., -0.53906946,
         -0.9065133 , -0.97885221],
        ...,
        [-0.16137436, -0.65627361,  0.53906946, ...,  0.        ,
         -0.53593822, -0.71417261],
        [ 0.39267236, -0.14968601,  0.9065133 , ...,  0.53593822,
          0.        , -0.22780489],
        [ 0.59185499,  0.07948806,  0.97885221, ...,  0.71417261,
          0.22780489,  0.        ]],

       [[ 0.        , -0.02104236,  0.09244729, ..., -0.44469451,
         -0.38845191, -0.3163261 ],
        [ 0.02104236,  0.        ,  0.11337907, ..., -0.42574879,
         -0.36897603, -0.29629422],
        [-0.09244729, -0.11337907,  0.        , ..., -0.52559355,
         -0.47197571, -0.40267163],
        ...,
        [ 0.44469451,  0.42574879,  0.52559355, ...,  0.        ,
          0.0618427 ,  0.13853198],
        [ 0.38845191,  0.36897603,  0.47197571, ..., -0.0618427 ,
          0.        ,  0.07702041],
        [ 0.3163261 ,  0.29629422,  0.40267163, ..., -0.13853198,
         -0.07702041,  0.        ]],

       ...,

       [[ 0.        , -0.33190468,  0.33319271, ..., -0.27399137,
         -0.37417277, -0.40721272],
        [ 0.33190468,  0.        ,  0.62724422, ...,  0.0607438 ,
         -0.04516722, -0.08098941],
        [-0.33319271, -0.62724422,  0.        , ..., -0.5787773 ,
         -0.66178134, -0.68826009],
        ...,
        [ 0.27399137, -0.0607438 ,  0.5787773 , ...,  0.        ,
         -0.10576562, -0.14138411],
        [ 0.37417277,  0.04516722,  0.66178134, ...,  0.10576562,
          0.        , -0.03588792],
        [ 0.40721272,  0.08098941,  0.68826009, ...,  0.14138411,
          0.03588792,  0.        ]],

       [[ 0.        ,  0.07439075,  0.26174769, ..., -0.7881156 ,
         -0.72481206, -0.66517598],
        [-0.07439075,  0.        ,  0.18922521, ..., -0.8317214 ,
         -0.77405499, -0.71887947],
        [-0.26174769, -0.18922521,  0.        , ..., -0.92175184,
         -0.87987265, -0.83742901],
        ...,
        [ 0.7881156 ,  0.8317214 ,  0.92175184, ...,  0.        ,
          0.09682803,  0.17904144],
        [ 0.72481206,  0.77405499,  0.87987265, ..., -0.09682803,
          0.        ,  0.08293671],
        [ 0.66517598,  0.71887947,  0.83742901, ..., -0.17904144,
         -0.08293671,  0.        ]],

       [[ 0.        ,  0.06306352,  0.11058264, ..., -0.4861174 ,
         -0.49829532, -0.49283543],
        [-0.06306352,  0.        ,  0.04768577, ..., -0.5402606 ,
         -0.55198001, -0.54672744],
        [-0.11058264, -0.04768577,  0.        , ..., -0.57977346,
         -0.59111521, -0.58603328],
        ...,
        [ 0.4861174 ,  0.5402606 ,  0.57977346, ...,  0.        ,
         -0.01398969, -0.00770397],
        [ 0.49829532,  0.55198001,  0.59111521, ...,  0.01398969,
          0.        ,  0.00628605],
        [ 0.49283543,  0.54672744,  0.58603328, ...,  0.00770397,
         -0.00628605,  0.        ]]]), 'num': array([2.79920240e+07, 4.65624000e+05, 5.06000000e+02, 5.44000000e+04,
       5.47000000e+04, 5.31000000e+04, 4.39450000e+04, 4.00000000e+02,
       5.45000000e+04, 5.09675000e+04, 5.29375000e+04, 6.43333333e+01,
       5.64224313e+04, 4.55125687e+04])}
{'img': array([[[ 0.        ,  0.36239258,  0.31300461, ..., -0.3224571 ,
         -0.33445369, -0.28607227],
        [-0.36239258,  0.        , -0.05245464, ..., -0.64357331,
         -0.65324257, -0.61387415],
        [-0.31300461,  0.05245464,  0.        , ..., -0.60253933,
         -0.61262729, -0.57162113],
        ...,
        [ 0.3224571 ,  0.64357331,  0.60253933, ...,  0.        ,
         -0.01270104,  0.03818954],
        [ 0.33445369,  0.65324257,  0.61262729, ...,  0.01270104,
          0.        ,  0.05087823],
        [ 0.28607227,  0.61387415,  0.57162113, ..., -0.03818954,
         -0.05087823,  0.        ]],

       [[ 0.        ,  0.95949417,  0.14843903, ...,  0.14968601,
         -0.07948806, -0.48270867],
        [-0.95949417,  0.        , -0.90704498, ..., -0.9065133 ,
         -0.97885221, -0.97629953],
        [-0.14843903,  0.90704498,  0.        , ...,  0.00126106,
         -0.2265768 , -0.60736109],
        ...,
        [-0.14968601,  0.9065133 , -0.00126106, ...,  0.        ,
         -0.22780489, -0.60836243],
        [ 0.07948806,  0.97885221,  0.2265768 , ...,  0.22780489,
          0.        , -0.41156715],
        [ 0.48270867,  0.97629953,  0.60736109, ...,  0.60836243,
          0.41156715,  0.        ]],

       [[ 0.        ,  0.11337907,  0.28589278, ..., -0.36897603,
         -0.29629422, -0.31648822],
        [-0.11337907,  0.        ,  0.17540248, ..., -0.47197571,
         -0.40267163, -0.42199842],
        [-0.28589278, -0.17540248,  0.        , ..., -0.61929543,
         -0.55698263, -0.57447538],
        ...,
        [ 0.36897603,  0.47197571,  0.61929543, ...,  0.        ,
          0.07702041,  0.05585288],
        [ 0.29629422,  0.40267163,  0.55698263, ..., -0.07702041,
          0.        , -0.02121321],
        [ 0.31648822,  0.42199842,  0.57447538, ..., -0.05585288,
          0.02121321,  0.        ]],

       ...,

       [[ 0.        ,  0.62724422,  0.34235529, ..., -0.04516722,
         -0.08098941, -0.21608826],
        [-0.62724422,  0.        , -0.32270616, ..., -0.66178134,
         -0.68826009, -0.78071927],
        [-0.34235529,  0.32270616,  0.        , ..., -0.38444369,
         -0.41732591, -0.53729692],
        ...,
        [ 0.04516722,  0.66178134,  0.38444369, ...,  0.        ,
         -0.03588792, -0.17176764],
        [ 0.08098941,  0.68826009,  0.41732591, ...,  0.03588792,
          0.        , -0.13630246],
        [ 0.21608826,  0.78071927,  0.53729692, ...,  0.17176764,
          0.13630246,  0.        ]],

       [[ 0.        ,  0.18922521,  0.36615089, ..., -0.77405499,
         -0.71887947, -0.65525114],
        [-0.18922521,  0.        ,  0.18345134, ..., -0.87987265,
         -0.83742901, -0.78635601],
        [-0.36615089, -0.18345134,  0.        , ..., -0.95211798,
         -0.92348144, -0.886342  ],
        ...,
        [ 0.77405499,  0.87987265,  0.95211798, ...,  0.        ,
          0.08293671,  0.1698782 ],
        [ 0.71887947,  0.83742901,  0.92348144, ..., -0.08293671,
          0.        ,  0.08756171],
        [ 0.65525114,  0.78635601,  0.886342  , ..., -0.1698782 ,
         -0.08756171,  0.        ]],

       [[ 0.        ,  0.04768577,  0.11631827, ..., -0.55198001,
         -0.54672744, -0.53887953],
        [-0.04768577,  0.        ,  0.06882387, ..., -0.59111521,
         -0.58603328, -0.57843617],
        [-0.11631827, -0.06882387,  0.        , ..., -0.64522602,
         -0.64041078, -0.63320613],
        ...,
        [ 0.55198001,  0.59111521,  0.64522602, ...,  0.        ,
          0.00628605,  0.01562984],
        [ 0.54672744,  0.58603328,  0.64041078, ..., -0.00628605,
          0.        ,  0.00934425],
        [ 0.53887953,  0.57843617,  0.63320613, ..., -0.01562984,
         -0.00934425,  0.        ]]]), 'num': array([ 2.77562960e+07,  1.10018960e+07,  3.12000000e+02,  5.37000000e+04,
        5.53000000e+04,  5.30000000e+04,  6.36770000e+04, -7.00000000e+02,
        5.39600000e+04,  5.12375000e+04,  5.28891667e+04,  6.52027027e+01,
        5.66720998e+04,  4.58029002e+04])}
{'img': array([[[ 0.00000000e+00, -5.24546425e-02, -3.52669566e-02, ...,
         -6.53242572e-01, -6.13874150e-01, -6.81564075e-01],
        [ 5.24546425e-02,  0.00000000e+00,  1.72036071e-02, ...,
         -6.12627294e-01, -5.71621134e-01, -6.42241644e-01],
        [ 3.52669566e-02, -1.72036071e-02,  0.00000000e+00, ...,
         -6.26133878e-01, -5.85652402e-01, -6.55333200e-01],
        ...,
        [ 6.53242572e-01,  6.12627294e-01,  6.26133878e-01, ...,
          0.00000000e+00,  5.08782290e-02, -3.80295846e-02],
        [ 6.13874150e-01,  5.71621134e-01,  5.85652402e-01, ...,
         -5.08782290e-02,  0.00000000e+00, -8.88217555e-02],
        [ 6.81564075e-01,  6.42241644e-01,  6.55333200e-01, ...,
          3.80295846e-02,  8.88217555e-02,  0.00000000e+00]],

       [[ 0.00000000e+00, -9.07044976e-01, -9.80001240e-01, ...,
         -9.78852211e-01, -9.76299531e-01, -9.80035975e-01],
        [ 9.07044976e-01,  0.00000000e+00, -2.32119455e-01, ...,
         -2.26576804e-01, -6.07361091e-01, -2.32289313e-01],
        [ 9.80001240e-01,  2.32119455e-01,  0.00000000e+00, ...,
          5.69441731e-03, -4.06370706e-01, -1.74631759e-04],
        ...,
        [ 9.78852211e-01,  2.26576804e-01, -5.69441731e-03, ...,
          0.00000000e+00, -4.11567154e-01, -5.86904615e-03],
        [ 9.76299531e-01,  6.07361091e-01,  4.06370706e-01, ...,
          4.11567154e-01,  0.00000000e+00,  4.06211138e-01],
        [ 9.80035975e-01,  2.32289313e-01,  1.74631759e-04, ...,
          5.86904615e-03, -4.06211138e-01,  0.00000000e+00]],

       [[ 0.00000000e+00,  1.75402480e-01,  4.00392404e-01, ...,
         -4.02671633e-01, -4.21998418e-01, -5.05062264e-01],
        [-1.75402480e-01,  0.00000000e+00,  2.33456074e-01, ...,
         -5.56982634e-01, -5.74475382e-01, -6.48619070e-01],
        [-4.00392404e-01, -2.33456074e-01,  0.00000000e+00, ...,
         -7.35482632e-01, -7.49690005e-01, -8.08382505e-01],
        ...,
        [ 4.02671633e-01,  5.56982634e-01,  7.35482632e-01, ...,
          0.00000000e+00, -2.12132111e-02, -1.14766961e-01],
        [ 4.21998418e-01,  5.74475382e-01,  7.49690005e-01, ...,
          2.12132111e-02,  0.00000000e+00, -9.36680916e-02],
        [ 5.05062264e-01,  6.48619070e-01,  8.08382505e-01, ...,
          1.14766961e-01,  9.36680916e-02,  0.00000000e+00]],

       ...,

       [[ 0.00000000e+00, -3.22706163e-01, -5.42714756e-01, ...,
         -6.88260090e-01, -7.80719274e-01, -7.55997586e-01],
        [ 3.22706163e-01,  0.00000000e+00, -2.42632664e-01, ...,
         -4.17325912e-01, -5.37296920e-01, -5.04315915e-01],
        [ 5.42714756e-01,  2.42632664e-01,  0.00000000e+00, ...,
         -1.84361372e-01, -3.16606810e-01, -2.79728094e-01],
        ...,
        [ 6.88260090e-01,  4.17325912e-01,  1.84361372e-01, ...,
          0.00000000e+00, -1.36302458e-01, -9.79316128e-02],
        [ 7.80719274e-01,  5.37296920e-01,  3.16606810e-01, ...,
          1.36302458e-01,  0.00000000e+00,  3.86296291e-02],
        [ 7.55997586e-01,  5.04315915e-01,  2.79728094e-01, ...,
          9.79316128e-02, -3.86296291e-02,  0.00000000e+00]],

       [[ 0.00000000e+00,  1.83451341e-01,  3.38865062e-01, ...,
         -8.37429009e-01, -7.86356015e-01, -7.55009078e-01],
        [-1.83451341e-01,  0.00000000e+00,  1.60516673e-01, ...,
         -9.23481444e-01, -8.86341998e-01, -8.62487336e-01],
        [-3.38865062e-01, -1.60516673e-01,  0.00000000e+00, ...,
         -9.73087892e-01, -9.49173138e-01, -9.32537634e-01],
        ...,
        [ 8.37429009e-01,  9.23481444e-01,  9.73087892e-01, ...,
          0.00000000e+00,  8.75617071e-02,  1.36466930e-01],
        [ 7.86356015e-01,  8.86341998e-01,  9.49173138e-01, ...,
         -8.75617071e-02,  0.00000000e+00,  4.92002389e-02],
        [ 7.55009078e-01,  8.62487336e-01,  9.32537634e-01, ...,
         -1.36466930e-01, -4.92002389e-02,  0.00000000e+00]],

       [[ 0.00000000e+00,  6.88238661e-02,  1.87349238e-01, ...,
         -5.86033281e-01, -5.78436170e-01, -5.13265307e-01],
        [-6.88238661e-02,  0.00000000e+00,  1.19299773e-01, ...,
         -6.40410777e-01, -6.33206128e-01, -5.71114972e-01],
        [-1.87349238e-01, -1.19299773e-01,  0.00000000e+00, ...,
         -7.27463254e-01, -7.21019968e-01, -6.64965843e-01],
        ...,
        [ 5.86033281e-01,  6.40410777e-01,  7.27463254e-01, ...,
          0.00000000e+00,  9.34425113e-03,  8.70591428e-02],
        [ 5.78436170e-01,  6.33206128e-01,  7.21019968e-01, ...,
         -9.34425113e-03,  0.00000000e+00,  7.77465695e-02],
        [ 5.13265307e-01,  5.71114972e-01,  6.64965843e-01, ...,
         -8.70591428e-02, -7.77465695e-02,  0.00000000e+00]]]), 'num': array([2.77554580e+07, 5.09405800e+06, 4.22000000e+02, 5.37000000e+04,
       5.44000000e+04, 5.34000000e+04, 8.34260000e+04, 0.00000000e+00,
       5.39800000e+04, 5.15000000e+04, 5.28008333e+04, 6.79577465e+01,
       5.68775459e+04, 4.61224541e+04])}
{'img': array([[[ 0.00000000e+00,  1.72036071e-02, -1.13628589e-01, ...,
         -5.71621134e-01, -6.42241644e-01, -6.42241644e-01],
        [-1.72036071e-02,  0.00000000e+00, -1.30703958e-01, ...,
         -5.85652402e-01, -6.55333200e-01, -6.55333200e-01],
        [ 1.13628589e-01,  1.30703958e-01,  0.00000000e+00, ...,
         -4.74684647e-01, -5.50985469e-01, -5.50985469e-01],
        ...,
        [ 5.71621134e-01,  5.85652402e-01,  4.74684647e-01, ...,
          0.00000000e+00, -8.88217555e-02, -8.88217555e-02],
        [ 6.42241644e-01,  6.55333200e-01,  5.50985469e-01, ...,
          8.88217555e-02,  0.00000000e+00,  0.00000000e+00],
        [ 6.42241644e-01,  6.55333200e-01,  5.50985469e-01, ...,
          8.88217555e-02,  0.00000000e+00,  0.00000000e+00]],

       [[ 0.00000000e+00, -2.32119455e-01,  3.22743351e-01, ...,
         -6.07361091e-01, -2.32289313e-01, -2.65220052e-02],
        [ 2.32119455e-01,  0.00000000e+00,  5.33626289e-01, ...,
         -4.06370706e-01, -1.74631759e-04,  2.06240185e-01],
        [-3.22743351e-01, -5.33626289e-01,  0.00000000e+00, ...,
         -8.31254761e-01, -5.33773970e-01, -3.47732540e-01],
        ...,
        [ 6.07361091e-01,  4.06370706e-01,  8.31254761e-01, ...,
          0.00000000e+00,  4.06211138e-01,  5.86077672e-01],
        [ 2.32289313e-01,  1.74631759e-04,  5.33773970e-01, ...,
         -4.06211138e-01,  0.00000000e+00,  2.06411059e-01],
        [ 2.65220052e-02, -2.06240185e-01,  3.47732540e-01, ...,
         -5.86077672e-01, -2.06411059e-01,  0.00000000e+00]],

       [[ 0.00000000e+00,  2.33456074e-01,  2.76947475e-01, ...,
         -5.74475382e-01, -6.48619070e-01, -6.46002267e-01],
        [-2.33456074e-01,  0.00000000e+00,  4.49702283e-02, ...,
         -7.49690005e-01, -8.08382505e-01, -8.06356819e-01],
        [-2.76947475e-01, -4.49702283e-02,  0.00000000e+00, ...,
         -7.78692374e-01, -8.34036752e-01, -8.32137763e-01],
        ...,
        [ 5.74475382e-01,  7.49690005e-01,  7.78692374e-01, ...,
          0.00000000e+00, -9.36680916e-02, -9.02495297e-02],
        [ 6.48619070e-01,  8.08382505e-01,  8.34036752e-01, ...,
          9.36680916e-02,  0.00000000e+00,  3.43310359e-03],
        [ 6.46002267e-01,  8.06356819e-01,  8.32137763e-01, ...,
          9.02495297e-02, -3.43310359e-03,  0.00000000e+00]],

       ...,

       [[ 0.00000000e+00, -3.25413042e-01, -4.87847885e-01, ...,
         -6.31297683e-01, -5.99025201e-01, -4.79428462e-01],
        [ 3.25413042e-01,  0.00000000e+00, -1.77232917e-01, ...,
         -3.44566366e-01, -3.05853399e-01, -1.67757825e-01],
        [ 4.87847885e-01,  1.77232917e-01,  0.00000000e+00, ...,
         -1.72731994e-01, -1.32271743e-01,  9.61917399e-03],
        ...,
        [ 6.31297683e-01,  3.44566366e-01,  1.72731994e-01, ...,
          0.00000000e+00,  4.09307344e-02,  1.82198589e-01],
        [ 5.99025201e-01,  3.05853399e-01,  1.32271743e-01, ...,
         -4.09307344e-02,  0.00000000e+00,  1.41800278e-01],
        [ 4.79428462e-01,  1.67757825e-01, -9.61917399e-03, ...,
         -1.82198589e-01, -1.41800278e-01,  0.00000000e+00]],

       [[ 0.00000000e+00,  1.60516673e-01,  3.03628653e-01, ...,
         -8.86341998e-01, -8.62487336e-01, -8.41164052e-01],
        [-1.60516673e-01,  0.00000000e+00,  1.46752786e-01, ...,
         -9.49173138e-01, -9.32537634e-01, -9.17060997e-01],
        [-3.03628653e-01, -1.46752786e-01,  0.00000000e+00, ...,
         -9.85087721e-01, -9.75429674e-01, -9.65649386e-01],
        ...,
        [ 8.86341998e-01,  9.49173138e-01,  9.85087721e-01, ...,
          0.00000000e+00,  4.92002389e-02,  8.98308764e-02],
        [ 8.62487336e-01,  9.32537634e-01,  9.75429674e-01, ...,
         -4.92002389e-02,  0.00000000e+00,  4.07207614e-02],
        [ 8.41164052e-01,  9.17060997e-01,  9.65649386e-01, ...,
         -8.98308764e-02, -4.07207614e-02,  0.00000000e+00]],

       [[ 0.00000000e+00,  1.19299773e-01,  2.28136219e-01, ...,
         -6.33206128e-01, -5.71114972e-01, -5.04188134e-01],
        [-1.19299773e-01,  0.00000000e+00,  1.10353189e-01, ...,
         -7.21019968e-01, -6.64965843e-01, -6.03613912e-01],
        [-2.28136219e-01, -1.10353189e-01,  0.00000000e+00, ...,
         -7.93081593e-01, -7.43324424e-01, -6.87909336e-01],
        ...,
        [ 6.33206128e-01,  7.21019968e-01,  7.93081593e-01, ...,
          0.00000000e+00,  7.77465695e-02,  1.56599767e-01],
        [ 5.71114972e-01,  6.64965843e-01,  7.43324424e-01, ...,
         -7.77465695e-02,  0.00000000e+00,  7.93384200e-02],
        [ 5.04188134e-01,  6.03613912e-01,  6.87909336e-01, ...,
         -1.56599767e-01, -7.93384200e-02,  0.00000000e+00]]]), 'num': array([ 2.77087380e+07,  2.83833800e+06,  4.64000000e+02,  5.36000000e+04,
        5.46000000e+04,  5.32000000e+04,  7.31820000e+04, -1.00000000e+02,
        5.38800000e+04,  5.18475000e+04,  5.27158333e+04,  6.64259928e+01,
        5.68085961e+04,  4.68864039e+04])}
{'img': array([[[ 0.00000000e+00, -1.30703958e-01, -2.19873624e-01, ...,
         -6.55333200e-01, -6.55333200e-01, -6.64846510e-01],
        [ 1.30703958e-01,  0.00000000e+00, -9.04820075e-02, ...,
         -5.50985469e-01, -5.50985469e-01, -5.61509843e-01],
        [ 2.19873624e-01,  9.04820075e-02,  0.00000000e+00, ...,
         -4.73216799e-01, -4.73216799e-01, -4.84335428e-01],
        ...,
        [ 6.55333200e-01,  5.50985469e-01,  4.73216799e-01, ...,
          0.00000000e+00,  0.00000000e+00, -1.26643172e-02],
        [ 6.55333200e-01,  5.50985469e-01,  4.73216799e-01, ...,
          0.00000000e+00,  0.00000000e+00, -1.26643172e-02],
        [ 6.64846510e-01,  5.61509843e-01,  4.84335428e-01, ...,
          1.26643172e-02,  1.26643172e-02,  0.00000000e+00]],

       [[ 0.00000000e+00,  5.33626289e-01,  4.49369754e-01, ...,
         -1.74631759e-04,  2.06240185e-01,  1.07597306e-01],
        [-5.33626289e-01,  0.00000000e+00, -9.66716708e-02, ...,
         -5.33773970e-01, -3.47732540e-01, -4.39531117e-01],
        [-4.49369754e-01,  9.66716708e-02,  0.00000000e+00, ...,
         -4.49525753e-01, -2.55465117e-01, -3.50639356e-01],
        ...,
        [ 1.74631759e-04,  5.33773970e-01,  4.49525753e-01, ...,
          0.00000000e+00,  2.06411059e-01,  1.07770922e-01],
        [-2.06240185e-01,  3.47732540e-01,  2.55465117e-01, ...,
         -2.06411059e-01,  0.00000000e+00, -9.97587550e-02],
        [-1.07597306e-01,  4.39531117e-01,  3.50639356e-01, ...,
         -1.07770922e-01,  9.97587550e-02,  0.00000000e+00]],

       [[ 0.00000000e+00,  4.49702283e-02,  1.30928689e-01, ...,
         -8.08382505e-01, -8.06356819e-01, -8.16374366e-01],
        [-4.49702283e-02,  0.00000000e+00,  8.62131173e-02, ...,
         -8.34036752e-01, -8.32137763e-01, -8.41519807e-01],
        [-1.30928689e-01, -8.62131173e-02,  0.00000000e+00, ...,
         -8.78495941e-01, -8.76850599e-01, -8.84961181e-01],
        ...,
        [ 8.08382505e-01,  8.34036752e-01,  8.78495941e-01, ...,
          0.00000000e+00,  3.43310359e-03, -1.37053989e-02],
        [ 8.06356819e-01,  8.32137763e-01,  8.76850599e-01, ...,
         -3.43310359e-03,  0.00000000e+00, -1.71380992e-02],
        [ 8.16374366e-01,  8.41519807e-01,  8.84961181e-01, ...,
          1.37053989e-02,  1.71380992e-02,  0.00000000e+00]],

       ...,

       [[ 0.00000000e+00, -1.77232917e-01, -3.99789157e-01, ...,
         -3.05853399e-01, -1.67757825e-01, -2.47747478e-01],
        [ 1.77232917e-01,  0.00000000e+00, -2.31007114e-01, ...,
         -1.32271743e-01,  9.61917399e-03, -7.21177548e-02],
        [ 3.99789157e-01,  2.31007114e-01,  0.00000000e+00, ...,
          1.00283303e-01,  2.40355422e-01,  1.60238482e-01],
        ...,
        [ 3.05853399e-01,  1.32271743e-01, -1.00283303e-01, ...,
          0.00000000e+00,  1.41800278e-01,  6.04432323e-02],
        [ 1.67757825e-01, -9.61917399e-03, -2.40355422e-01, ...,
         -1.41800278e-01,  0.00000000e+00, -8.17085451e-02],
        [ 2.47747478e-01,  7.21177548e-02, -1.60238482e-01, ...,
         -6.04432323e-02,  8.17085451e-02,  0.00000000e+00]],

       [[ 0.00000000e+00,  1.46752786e-01,  2.39036339e-01, ...,
         -9.32537634e-01, -9.17060997e-01, -9.22436891e-01],
        [-1.46752786e-01,  0.00000000e+00,  9.39498260e-02, ...,
         -9.75429674e-01, -9.65649386e-01, -9.69118128e-01],
        [-2.39036339e-01, -9.39498260e-02,  0.00000000e+00, ...,
         -9.91813467e-01, -9.85790980e-01, -9.87999394e-01],
        ...,
        [ 9.32537634e-01,  9.75429674e-01,  9.91813467e-01, ...,
          0.00000000e+00,  4.07207614e-02,  2.70305628e-02],
        [ 9.17060997e-01,  9.65649386e-01,  9.85790980e-01, ...,
         -4.07207614e-02,  0.00000000e+00, -1.36977396e-02],
        [ 9.22436891e-01,  9.69118128e-01,  9.87999394e-01, ...,
         -2.70305628e-02,  1.36977396e-02,  0.00000000e+00]],

       [[ 0.00000000e+00,  1.10353189e-01,  2.17050929e-01, ...,
         -6.64965843e-01, -6.03613912e-01, -4.58045884e-01],
        [-1.10353189e-01,  0.00000000e+00,  1.08002876e-01, ...,
         -7.43324424e-01, -6.87909336e-01, -5.53344440e-01],
        [-2.17050929e-01, -1.08002876e-01,  0.00000000e+00, ...,
         -8.11222890e-01, -7.62273590e-01, -6.40068967e-01],
        ...,
        [ 6.64965843e-01,  7.43324424e-01,  8.11222890e-01, ...,
          0.00000000e+00,  7.93384200e-02,  2.49004667e-01],
        [ 6.03613912e-01,  6.87909336e-01,  7.62273590e-01, ...,
         -7.93384200e-02,  0.00000000e+00,  1.71380298e-01],
        [ 4.58045884e-01,  5.53344440e-01,  6.40068967e-01, ...,
         -2.49004667e-01, -1.71380298e-01,  0.00000000e+00]]]), 'num': array([2.79417230e+07, 2.73112300e+06, 4.66000000e+02, 5.41000000e+04,
       5.49000000e+04, 5.33000000e+04, 1.22485000e+05, 5.00000000e+02,
       5.39000000e+04, 5.21425000e+04, 5.26375000e+04, 6.52985075e+01,
       5.68983674e+04, 4.73866326e+04])}
{'img': array([[[ 0.        , -0.09048201, -0.01548411, ..., -0.55098547,
         -0.56150984, -0.50795112],
        [ 0.09048201,  0.        ,  0.07505056, ..., -0.4732168 ,
         -0.48433543, -0.42792762],
        [ 0.01548411, -0.07505056,  0.        , ..., -0.53799769,
         -0.54862988, -0.49455242],
        ...,
        [ 0.55098547,  0.4732168 ,  0.53799769, ...,  0.        ,
         -0.01266432,  0.05071837],
        [ 0.56150984,  0.48433543,  0.54862988, ...,  0.01266432,
          0.        ,  0.06336232],
        [ 0.50795112,  0.42792762,  0.49455242, ..., -0.05071837,
         -0.06336232,  0.        ]],

       [[ 0.        , -0.09667167, -0.26996942, ..., -0.34773254,
         -0.43953112, -0.04782682],
        [ 0.09667167,  0.        , -0.17562283, ..., -0.25546512,
         -0.35063936,  0.04895823],
        [ 0.26996942,  0.17562283,  0.        , ..., -0.0816992 ,
         -0.18071692,  0.22360952],
        ...,
        [ 0.34773254,  0.25546512,  0.0816992 , ...,  0.        ,
         -0.09975876,  0.30249248],
        [ 0.43953112,  0.35063936,  0.18071692, ...,  0.09975876,
          0.        ,  0.39606878],
        [ 0.04782682, -0.04895823, -0.22360952, ..., -0.30249248,
         -0.39606878,  0.        ]],

       [[ 0.        ,  0.08621312, -0.02758659, ..., -0.83213776,
         -0.84151981, -0.83966593],
        [-0.08621312,  0.        , -0.11366418, ..., -0.8768506 ,
         -0.88496118, -0.88336224],
        [ 0.02758659,  0.11366418,  0.        , ..., -0.8165224 ,
         -0.82629654, -0.824364  ],
        ...,
        [ 0.83213776,  0.8768506 ,  0.8165224 , ...,  0.        ,
         -0.0171381 , -0.01371595],
        [ 0.84151981,  0.88496118,  0.82629654, ...,  0.0171381 ,
          0.        ,  0.00342255],
        [ 0.83966593,  0.88336224,  0.824364  , ...,  0.01371595,
         -0.00342255,  0.        ]],

       ...,

       [[ 0.        , -0.23100711, -0.64432111, ...,  0.00961917,
         -0.07211775, -0.12770269],
        [ 0.23100711,  0.        , -0.4502297 , ...,  0.24035542,
          0.16023848,  0.10486715],
        [ 0.64432111,  0.4502297 ,  0.        , ...,  0.65164762,
          0.58749097,  0.54138445],
        ...,
        [-0.00961917, -0.24035542, -0.65164762, ...,  0.        ,
         -0.08170855, -0.1372372 ],
        [ 0.07211775, -0.16023848, -0.58749097, ...,  0.08170855,
          0.        , -0.05584288],
        [ 0.12770269, -0.10486715, -0.54138445, ...,  0.1372372 ,
          0.05584288,  0.        ]],

       [[ 0.        ,  0.09394983,  0.03392338, ..., -0.96564939,
         -0.96911813, -0.96456461],
        [-0.09394983,  0.        , -0.06012241, ..., -0.98579098,
         -0.98799939, -0.98508664],
        [-0.03392338,  0.06012241,  0.        , ..., -0.97390854,
         -0.97692574, -0.97296002],
        ...,
        [ 0.96564939,  0.98579098,  0.97390854, ...,  0.        ,
         -0.01369774,  0.00414275],
        [ 0.96911813,  0.98799939,  0.97692574, ...,  0.01369774,
          0.        ,  0.01783998],
        [ 0.96456461,  0.98508664,  0.97296002, ..., -0.00414275,
         -0.01783998,  0.        ]],

       [[ 0.        ,  0.10800288,  0.23237799, ..., -0.68790934,
         -0.55334444, -0.46398126],
        [-0.10800288,  0.        ,  0.12597236, ..., -0.76227359,
         -0.64006897, -0.55694105],
        [-0.23237799, -0.12597236,  0.        , ..., -0.83773736,
         -0.73175678, -0.65713092],
        ...,
        [ 0.68790934,  0.76227359,  0.83773736, ...,  0.        ,
          0.1713803 ,  0.27262502],
        [ 0.55334444,  0.64006897,  0.73175678, ..., -0.1713803 ,
          0.        ,  0.10370304],
        [ 0.46398126,  0.55694105,  0.65713092, ..., -0.27262502,
         -0.10370304,  0.        ]]]), 'num': array([ 2.76432850e+07,  1.05378500e+06,  4.97000000e+02,  5.35000000e+04,
        5.46000000e+04,  5.32000000e+04,  6.68830000e+04, -6.00000000e+02,
        5.37200000e+04,  5.24000000e+04,  5.25625000e+04,  6.45756458e+01,
        5.68547727e+04,  4.79452273e+04])}
{'img': array([[[ 0.        ,  0.07505056, -0.07187598, ..., -0.48433543,
         -0.42792762, -0.49537285],
        [-0.07505056,  0.        , -0.14652972, ..., -0.54862988,
         -0.49455242, -0.55917072],
        [ 0.07187598,  0.14652972,  0.        , ..., -0.4201997 ,
         -0.36185837, -0.43165434],
        ...,
        [ 0.48433543,  0.54862988,  0.4201997 , ...,  0.        ,
          0.06336232, -0.01266026],
        [ 0.42792762,  0.49455242,  0.36185837, ..., -0.06336232,
          0.        , -0.07599206],
        [ 0.49537285,  0.55917072,  0.43165434, ...,  0.01266026,
          0.07599206,  0.        ]],

       [[ 0.        , -0.17562283, -0.21543344, ..., -0.35063936,
          0.04895823, -0.41469887],
        [ 0.17562283,  0.        , -0.04058613, ..., -0.18071692,
          0.22360952, -0.2484439 ],
        [ 0.21543344,  0.04058613,  0.        , ..., -0.14065013,
          0.26298372, -0.20892559],
        ...,
        [ 0.35063936,  0.18071692,  0.14065013, ...,  0.        ,
          0.39606878, -0.06930254],
        [-0.04895823, -0.22360952, -0.26298372, ..., -0.39606878,
          0.        , -0.45875154],
        [ 0.41469887,  0.2484439 ,  0.20892559, ...,  0.06930254,
          0.45875154,  0.        ]],

       [[ 0.        , -0.11366418, -0.24848479, ..., -0.88496118,
         -0.88336224, -0.89733959],
        [ 0.11366418,  0.        , -0.13677523, ..., -0.82629654,
         -0.824364  , -0.8413595 ],
        [ 0.24848479,  0.13677523,  0.        , ..., -0.74149446,
         -0.73919372, -0.75952879],
        ...,
        [ 0.88496118,  0.82629654,  0.74149446, ...,  0.        ,
          0.00342255, -0.02729003],
        [ 0.88336224,  0.824364  ,  0.73919372, ..., -0.00342255,
          0.        , -0.03071115],
        [ 0.89733959,  0.8413595 ,  0.75952879, ...,  0.02729003,
          0.03071115,  0.        ]],

       ...,

       [[ 0.        , -0.4502297 , -0.6159801 , ...,  0.16023848,
          0.10486715,  0.07071096],
        [ 0.4502297 ,  0.        , -0.19534278, ...,  0.58749097,
          0.54138445,  0.51224142],
        [ 0.6159801 ,  0.19534278,  0.        , ...,  0.73425035,
          0.69519405,  0.67014159],
        ...,
        [-0.16023848, -0.58749097, -0.73425035, ...,  0.        ,
         -0.05584288, -0.09004013],
        [-0.10486715, -0.54138445, -0.69519405, ...,  0.05584288,
          0.        , -0.03428358],
        [-0.07071096, -0.51224142, -0.67014159, ...,  0.09004013,
          0.03428358,  0.        ]],

       [[ 0.        , -0.06012241, -0.33897543, ..., -0.98799939,
         -0.98508664, -0.98654143],
        [ 0.06012241,  0.        , -0.28179935, ..., -0.97692574,
         -0.97296002, -0.97492608],
        [ 0.33897543,  0.28179935,  0.        , ..., -0.87714773,
         -0.86844101, -0.87270708],
        ...,
        [ 0.98799939,  0.97692574,  0.87714773, ...,  0.        ,
          0.01783998,  0.00917031],
        [ 0.98508664,  0.97296002,  0.86844101, ..., -0.01783998,
          0.        , -0.00867038],
        [ 0.98654143,  0.97492608,  0.87270708, ..., -0.00917031,
          0.00867038,  0.        ]],

       [[ 0.        ,  0.12597236,  0.29964   , ..., -0.64006897,
         -0.55694105, -0.46173574],
        [-0.12597236,  0.        ,  0.17706876, ..., -0.73175678,
         -0.65713092, -0.56979714],
        [-0.29964   , -0.17706876,  0.        , ..., -0.84087794,
         -0.78021752, -0.706306  ],
        ...,
        [ 0.64006897,  0.73175678,  0.84087794, ...,  0.        ,
          0.10370304,  0.21299276],
        [ 0.55694105,  0.65713092,  0.78021752, ..., -0.10370304,
          0.        ,  0.11052092],
        [ 0.46173574,  0.56979714,  0.706306  , ..., -0.21299276,
         -0.11052092,  0.        ]]]), 'num': array([ 2.73420480e+07,  7.86248000e+05,  5.02000000e+02,  5.29000000e+04,
        5.38000000e+04,  5.23000000e+04,  1.07743000e+05, -6.00000000e+02,
        5.35600000e+04,  5.25400000e+04,  5.24875000e+04,  5.64516129e+01,
        5.68711199e+04,  4.82088801e+04])}
{'img': array([[[ 0.        , -0.14652972, -0.25441407, ..., -0.49455242,
         -0.55917072, -0.62049772],
        [ 0.14652972,  0.        , -0.10995978, ..., -0.36185837,
         -0.43165434, -0.49889042],
        [ 0.25441407,  0.10995978,  0.        , ..., -0.25715593,
         -0.32984878, -0.40056686],
        ...,
        [ 0.49455242,  0.36185837,  0.25715593, ...,  0.        ,
         -0.07599206, -0.15147214],
        [ 0.55917072,  0.43165434,  0.32984878, ...,  0.07599206,
          0.        , -0.07591892],
        [ 0.62049772,  0.49889042,  0.40056686, ...,  0.15147214,
          0.07591892,  0.        ]],

       [[ 0.        , -0.04058613, -0.11325323, ...,  0.22360952,
         -0.2484439 ,  0.11839997],
        [ 0.04058613,  0.        , -0.07283492, ...,  0.26298372,
         -0.20892559,  0.15860305],
        [ 0.11325323,  0.07283492,  0.        , ...,  0.33255638,
         -0.13714313,  0.23009481],
        ...,
        [-0.22360952, -0.26298372, -0.33255638, ...,  0.        ,
         -0.45875154, -0.10663471],
        [ 0.2484439 ,  0.20892559,  0.13714313, ...,  0.45875154,
          0.        ,  0.36138403],
        [-0.11839997, -0.15860305, -0.23009481, ...,  0.10663471,
         -0.36138403,  0.        ]],

       [[ 0.        , -0.13677523, -0.2922913 , ..., -0.824364  ,
         -0.8413595 , -0.85572397],
        [ 0.13677523,  0.        , -0.15874222, ..., -0.73919372,
         -0.75952879, -0.77691001],
        [ 0.2922913 ,  0.15874222,  0.        , ..., -0.62290904,
         -0.64664037, -0.66711289],
        ...,
        [ 0.824364  ,  0.73919372,  0.62290904, ...,  0.        ,
         -0.03071115, -0.05783836],
        [ 0.8413595 ,  0.75952879,  0.64664037, ...,  0.03071115,
          0.        , -0.02715134],
        [ 0.85572397,  0.77691001,  0.66711289, ...,  0.05783836,
          0.02715134,  0.        ]],

       ...,

       [[ 0.        , -0.19534278, -0.27028292, ...,  0.54138445,
          0.51224142,  0.2006042 ],
        [ 0.19534278,  0.        , -0.07700362, ...,  0.69519405,
          0.67014159,  0.38811149],
        [ 0.27028292,  0.07700362,  0.        , ...,  0.7484818 ,
          0.72530646,  0.4579266 ],
        ...,
        [-0.54138445, -0.69519405, -0.7484818 , ...,  0.        ,
         -0.03428358, -0.36171637],
        [-0.51224142, -0.67014159, -0.72530646, ...,  0.03428358,
          0.        , -0.32954156],
        [-0.2006042 , -0.38811149, -0.4579266 , ...,  0.36171637,
          0.32954156,  0.        ]],

       [[ 0.        , -0.33405875, -0.53092159, ..., -0.98490071,
         -0.98636626, -0.98582567],
        [ 0.33405875,  0.        , -0.21733295, ..., -0.87048809,
         -0.87472741, -0.87314618],
        [ 0.53092159,  0.21733295,  0.        , ..., -0.74271228,
         -0.7484964 , -0.74633505],
        ...,
        [ 0.98490071,  0.87048809,  0.74271228, ...,  0.        ,
         -0.00867982, -0.00542659],
        [ 0.98636626,  0.87472741,  0.7484964 , ...,  0.00867982,
          0.        ,  0.0032533 ],
        [ 0.98582567,  0.87314618,  0.74633505, ...,  0.00542659,
         -0.0032533 ,  0.        ]],

       [[ 0.        ,  0.17706876,  0.38895988, ..., -0.65713092,
         -0.56979714, -0.52725289],
        [-0.17706876,  0.        ,  0.21968829, ..., -0.78021752,
         -0.706306  , -0.66937831],
        [-0.38895988, -0.21968829,  0.        , ..., -0.89857375,
         -0.84456983, -0.81623668],
        ...,
        [ 0.65713092,  0.78021752,  0.89857375, ...,  0.        ,
          0.11052092,  0.16093886],
        [ 0.56979714,  0.706306  ,  0.84456983, ..., -0.11052092,
          0.        ,  0.0508727 ],
        [ 0.52725289,  0.66937831,  0.81623668, ..., -0.16093886,
         -0.0508727 ,  0.        ]]]), 'num': array([2.88839580e+07, 1.51358000e+05, 5.14000000e+02, 5.59000000e+04,
       5.65000000e+04, 5.28000000e+04, 2.00519000e+05, 3.00000000e+03,
       5.40000000e+04, 5.28750000e+04, 5.24541667e+04, 6.25000000e+01,
       5.71571140e+04, 4.85928860e+04])}
{'img': array([[[ 0.        , -0.10995978,  0.10138325, ..., -0.43165434,
         -0.49889042, -0.13656562],
        [ 0.10995978,  0.        ,  0.21016167, ..., -0.32984878,
         -0.40056686, -0.02680792],
        [-0.10138325, -0.21016167,  0.        , ..., -0.52088187,
         -0.58418518, -0.23629535],
        ...,
        [ 0.43165434,  0.32984878,  0.52088187, ...,  0.        ,
         -0.07591892,  0.30442265],
        [ 0.49889042,  0.40056686,  0.58418518, ...,  0.07591892,
          0.        ,  0.37585967],
        [ 0.13656562,  0.02680792,  0.23629535, ..., -0.30442265,
         -0.37585967,  0.        ]],

       [[ 0.        , -0.07283492,  0.48197801, ..., -0.20892559,
          0.15860305,  0.68661637],
        [ 0.07283492,  0.        ,  0.54451462, ..., -0.13714313,
          0.23009481,  0.73774516],
        [-0.48197801, -0.54451462,  0.        , ..., -0.65439862,
         -0.33691199,  0.25119419],
        ...,
        [ 0.20892559,  0.13714313,  0.65439862, ...,  0.        ,
          0.36138403,  0.82335687],
        [-0.15860305, -0.23009481,  0.33691199, ..., -0.36138403,
          0.        ,  0.56261789],
        [-0.68661637, -0.73774516, -0.25119419, ..., -0.82335687,
         -0.56261789,  0.        ]],

       [[ 0.        , -0.15874222, -0.17937913, ..., -0.75952879,
         -0.77691001, -0.72753364],
        [ 0.15874222,  0.        , -0.02093719, ..., -0.64664037,
         -0.66711289, -0.60939997],
        [ 0.17937913,  0.02093719,  0.        , ..., -0.63052784,
         -0.65136936, -0.59266607],
        ...,
        [ 0.75952879,  0.64664037,  0.63052784, ...,  0.        ,
         -0.02715134,  0.04784995],
        [ 0.77691001,  0.66711289,  0.65136936, ...,  0.02715134,
          0.        ,  0.07495255],
        [ 0.72753364,  0.60939997,  0.59266607, ..., -0.04784995,
         -0.07495255,  0.        ]],

       ...,

       [[ 0.        , -0.07700362,  0.23011604, ...,  0.67014159,
          0.38811149,  0.59815961],
        [ 0.07700362,  0.        ,  0.30436987, ...,  0.72530646,
          0.4579266 ,  0.65809249],
        [-0.23011604, -0.30436987,  0.        , ...,  0.48135735,
          0.16561801,  0.39769722],
        ...,
        [-0.67014159, -0.72530646, -0.48135735, ...,  0.        ,
         -0.32954156, -0.09306208],
        [-0.38811149, -0.4579266 , -0.16561801, ...,  0.32954156,
          0.        ,  0.24024772],
        [-0.59815961, -0.65809249, -0.39769722, ...,  0.09306208,
         -0.24024772,  0.        ]],

       [[ 0.        , -0.2224609 , -0.28698404, ..., -0.87966892,
         -0.87811298, -0.84922024],
        [ 0.2224609 ,  0.        , -0.06668952, ..., -0.75182642,
         -0.74967173, -0.71047216],
        [ 0.28698404,  0.06668952,  0.        , ..., -0.70618022,
         -0.70386701, -0.66195938],
        ...,
        [ 0.87966892,  0.75182642,  0.70618022, ...,  0.        ,
          0.00326179,  0.0606216 ],
        [ 0.87811298,  0.74967173,  0.70386701, ..., -0.00326179,
          0.        ,  0.05736549],
        [ 0.84922024,  0.71047216,  0.66195938, ..., -0.0606216 ,
         -0.05736549,  0.        ]],

       [[ 0.        ,  0.21968829,  0.38565265, ..., -0.706306  ,
         -0.66937831, -0.61340609],
        [-0.21968829,  0.        ,  0.1735371 , ..., -0.84456983,
         -0.81623668, -0.77192337],
        [-0.38565265, -0.1735371 ,  0.        , ..., -0.9246751 ,
         -0.90410764, -0.87053147],
        ...,
        [ 0.706306  ,  0.84456983,  0.9246751 , ...,  0.        ,
          0.0508727 ,  0.12358338],
        [ 0.66937831,  0.81623668,  0.90410764, ..., -0.0508727 ,
          0.        ,  0.07294064],
        [ 0.61340609,  0.77192337,  0.87053147, ..., -0.12358338,
         -0.07294064,  0.        ]]]), 'num': array([ 2.82671580e+07,  1.51358000e+05,  5.14000000e+02,  5.47000000e+04,
        5.79000000e+04,  5.47000000e+04,  1.23582000e+05, -1.20000000e+03,
        5.42200000e+04,  5.31800000e+04,  5.24175000e+04,  5.96026490e+01,
        5.70498062e+04,  4.93101938e+04])}
{'img': array([[[ 0.        ,  0.21016167,  0.93978285, ..., -0.40056686,
         -0.02680792, -0.18246516],
        [-0.21016167,  0.        ,  0.84696693, ..., -0.58418518,
         -0.23629535, -0.38502365],
        [-0.93978285, -0.84696693,  0.        , ..., -0.99799511,
         -0.94860729, -0.98636758],
        ...,
        [ 0.40056686,  0.58418518,  0.99799511, ...,  0.        ,
          0.37585967,  0.22665537],
        [ 0.02680792,  0.23629535,  0.94860729, ..., -0.37585967,
          0.        , -0.15604171],
        [ 0.18246516,  0.38502365,  0.98636758, ..., -0.22665537,
          0.15604171,  0.        ]],

       [[ 0.        ,  0.54451462,  0.62126785, ...,  0.23009481,
          0.73774516,  0.33976103],
        [-0.54451462,  0.        ,  0.94776997, ..., -0.33691199,
          0.25119419, -0.2271474 ],
        [-0.62126785, -0.94776997,  0.        , ..., -0.78490002,
         -0.99750091, -0.85054591],
        ...,
        [-0.23009481,  0.33691199,  0.78490002, ...,  0.        ,
          0.56261789,  0.11423776],
        [-0.73774516, -0.25119419,  0.99750091, ..., -0.56261789,
          0.        , -0.46449238],
        [-0.33976103,  0.2271474 ,  0.85054591, ..., -0.11423776,
          0.46449238,  0.        ]],

       [[ 0.        , -0.02093719,  0.21407401, ..., -0.66711289,
         -0.60939997, -0.57884656],
        [ 0.02093719,  0.        ,  0.23447889, ..., -0.65136936,
         -0.59266607, -0.56164673],
        [-0.21407401, -0.23447889,  0.        , ..., -0.81112336,
         -0.76500387, -0.73999117],
        ...,
        [ 0.66711289,  0.65136936,  0.81112336, ...,  0.        ,
          0.07495255,  0.1127726 ],
        [ 0.60939997,  0.59266607,  0.76500387, ..., -0.07495255,
          0.        ,  0.03798097],
        [ 0.57884656,  0.56164673,  0.73999117, ..., -0.1127726 ,
         -0.03798097,  0.        ]],

       ...,

       [[ 0.        ,  0.30436987,  0.74588784, ...,  0.4579266 ,
          0.65809249,  0.56290472],
        [-0.30436987,  0.        ,  0.50776628, ...,  0.16561801,
          0.39769722,  0.28462877],
        [-0.74588784, -0.50776628,  0.        , ..., -0.35807495,
         -0.12326993, -0.24155773],
        ...,
        [-0.4579266 , -0.16561801,  0.35807495, ...,  0.        ,
          0.24024772,  0.12193035],
        [-0.65809249, -0.39769722,  0.12326993, ..., -0.24024772,
          0.        , -0.12009594],
        [-0.56290472, -0.28462877,  0.24155773, ..., -0.12193035,
          0.12009594,  0.        ]],

       [[ 0.        , -0.06668952,  0.06853275, ..., -0.74967173,
         -0.71047216, -0.72551614],
        [ 0.06668952,  0.        ,  0.13491291, ..., -0.70386701,
         -0.66195938, -0.67800491],
        [-0.06853275, -0.13491291,  0.        , ..., -0.7932648 ,
         -0.75702998, -0.77097495],
        ...,
        [ 0.74967173,  0.70386701,  0.7932648 , ...,  0.        ,
          0.05736549,  0.0357742 ],
        [ 0.71047216,  0.66195938,  0.75702998, ..., -0.05736549,
          0.        , -0.02161348],
        [ 0.72551614,  0.67800491,  0.77097495, ..., -0.0357742 ,
          0.02161348,  0.        ]],

       [[ 0.        ,  0.1735371 ,  0.33071155, ..., -0.81623668,
         -0.77192337, -0.67994329],
        [-0.1735371 ,  0.        ,  0.16192128, ..., -0.90410764,
         -0.87053147, -0.79687537],
        [-0.33071155, -0.16192128,  0.        , ..., -0.96136648,
         -0.93872718, -0.88418327],
        ...,
        [ 0.81623668,  0.90410764,  0.96136648, ...,  0.        ,
          0.07294064,  0.20570231],
        [ 0.77192337,  0.87053147,  0.93872718, ..., -0.07294064,
          0.        ,  0.1337736 ],
        [ 0.67994329,  0.79687537,  0.88418327, ..., -0.20570231,
         -0.1337736 ,  0.        ]]]), 'num': array([2.87811580e+07, 1.51358000e+05, 5.14000000e+02, 5.57000000e+04,
       5.64000000e+04, 5.42000000e+04, 1.46164000e+05, 1.00000000e+03,
       5.45400000e+04, 5.35125000e+04, 5.24108333e+04, 5.27131783e+01,
       5.70327095e+04, 4.99922905e+04])}
{'img': array([[[ 0.        ,  0.84696693,  0.10831024, ..., -0.23629535,
         -0.38502365, -0.26202974],
        [-0.84696693,  0.        , -0.78440169, ..., -0.94860729,
         -0.98636758, -0.95668069],
        [-0.10831024,  0.78440169,  0.        , ..., -0.34014829,
         -0.48271885, -0.36501411],
        ...,
        [ 0.23629535,  0.94860729,  0.34014829, ...,  0.        ,
         -0.15604171, -0.02657025],
        [ 0.38502365,  0.98636758,  0.48271885, ...,  0.15604171,
          0.        ,  0.12974184],
        [ 0.26202974,  0.95668069,  0.36501411, ...,  0.02657025,
         -0.12974184,  0.        ]],

       [[ 0.        ,  0.94776997,  0.60997925, ...,  0.25119419,
         -0.2271474 , -0.07840196],
        [-0.94776997,  0.        , -0.94558514, ..., -0.99750091,
         -0.85054591, -0.9198459 ],
        [-0.60997925,  0.94558514,  0.        , ..., -0.39137067,
         -0.77403018, -0.6702287 ],
        ...,
        [-0.25119419,  0.99750091,  0.39137067, ...,  0.        ,
         -0.46449238, -0.3263091 ],
        [ 0.2271474 ,  0.85054591,  0.77403018, ...,  0.46449238,
          0.        ,  0.15009564],
        [ 0.07840196,  0.9198459 ,  0.6702287 , ...,  0.3263091 ,
         -0.15009564,  0.        ]],

       [[ 0.        ,  0.23447889,  0.26416836, ..., -0.59266607,
         -0.56164673, -0.51445649],
        [-0.23447889,  0.        ,  0.03065427, ..., -0.76500387,
         -0.73999117, -0.70118358],
        [-0.26416836, -0.03065427,  0.        , ..., -0.78438649,
         -0.76026198, -0.72270996],
        ...,
        [ 0.59266607,  0.76500387,  0.78438649, ...,  0.        ,
          0.03798097,  0.09385283],
        [ 0.56164673,  0.73999117,  0.76026198, ..., -0.03798097,
          0.        ,  0.05597178],
        [ 0.51445649,  0.70118358,  0.72270996, ..., -0.09385283,
         -0.05597178,  0.        ]],

       ...,

       [[ 0.        ,  0.50776628,  0.24860026, ...,  0.39769722,
          0.28462877,  0.02886962],
        [-0.50776628,  0.        , -0.2776577 , ..., -0.12326993,
         -0.24155773, -0.4826836 ],
        [-0.24860026,  0.2776577 ,  0.        , ...,  0.15711709,
          0.03737557, -0.22053335],
        ...,
        [-0.39769722,  0.12326993, -0.15711709, ...,  0.        ,
         -0.12009594, -0.3710431 ],
        [-0.28462877,  0.24155773, -0.03737557, ...,  0.12009594,
          0.        , -0.25683462],
        [-0.02886962,  0.4826836 ,  0.22053335, ...,  0.3710431 ,
          0.25683462,  0.        ]],

       [[ 0.        ,  0.13491291,  0.0375682 , ..., -0.66195938,
         -0.67800491, -0.68052546],
        [-0.13491291,  0.        , -0.09759293, ..., -0.75702998,
         -0.77097495, -0.77315772],
        [-0.0375682 ,  0.09759293,  0.        , ..., -0.68965095,
         -0.70514107, -0.7075722 ],
        ...,
        [ 0.66195938,  0.75702998,  0.68965095, ...,  0.        ,
         -0.02161348, -0.02504704],
        [ 0.67800491,  0.77097495,  0.70514107, ...,  0.02161348,
          0.        , -0.00343449],
        [ 0.68052546,  0.77315772,  0.7075722 , ...,  0.02504704,
          0.00343449,  0.        ]],

       [[ 0.        ,  0.16192128,  0.59062004, ..., -0.87053147,
         -0.79687537, -0.71403493],
        [-0.16192128,  0.        ,  0.45216368, ..., -0.93872718,
         -0.88418327, -0.81797501],
        [-0.59062004, -0.45216368,  0.        , ..., -0.99312684,
         -0.99985781, -0.98968938],
        ...,
        [ 0.87053147,  0.93872718,  0.99312684, ...,  0.        ,
          0.1337736 ,  0.25808217],
        [ 0.79687537,  0.88418327,  0.99985781, ..., -0.1337736 ,
          0.        ,  0.12652075],
        [ 0.71403493,  0.81797501,  0.98968938, ..., -0.25808217,
         -0.12652075,  0.        ]]]), 'num': array([2.89356510e+07, 9.56510000e+04, 5.15000000e+02, 5.60000000e+04,
       5.73000000e+04, 5.55000000e+04, 1.42269000e+05, 3.00000000e+02,
       5.50400000e+04, 5.38125000e+04, 5.23841667e+04, 4.83050847e+01,
       5.70991206e+04, 5.05258794e+04])}
{'img': array([[[ 0.        , -0.78440169, -0.8129894 , ..., -0.98636758,
         -0.95668069, -0.94429022],
        [ 0.78440169,  0.        , -0.04751903, ..., -0.48271885,
         -0.36501411, -0.32754148],
        [ 0.8129894 ,  0.04751903,  0.        , ..., -0.44055755,
         -0.32036146, -0.28227374],
        ...,
        [ 0.98636758,  0.48271885,  0.44055755, ...,  0.        ,
          0.12974184,  0.16923778],
        [ 0.95668069,  0.36501411,  0.32036146, ..., -0.12974184,
          0.        ,  0.039937  ],
        [ 0.94429022,  0.32754148,  0.28227374, ..., -0.16923778,
         -0.039937  ,  0.        ]],

       [[ 0.        , -0.94558514, -0.92392411, ..., -0.85054591,
         -0.9198459 , -0.90967211],
        [ 0.94558514,  0.        , -0.66237958, ..., -0.77403018,
         -0.6702287 , -0.68871156],
        [ 0.92392411,  0.66237958,  0.        , ..., -0.16049417,
         -0.01052609, -0.03571226],
        ...,
        [ 0.85054591,  0.77403018,  0.16049417, ...,  0.        ,
          0.15009564,  0.12514247],
        [ 0.9198459 ,  0.6702287 ,  0.01052609, ..., -0.15009564,
          0.        , -0.02519091],
        [ 0.90967211,  0.68871156,  0.03571226, ..., -0.12514247,
          0.02519091,  0.        ]],

       [[ 0.        ,  0.03065427,  0.1277    , ..., -0.73999117,
         -0.70118358, -0.63444026],
        [-0.03065427,  0.        ,  0.09723668, ..., -0.76026198,
         -0.72270996, -0.65783699],
        [-0.1277    , -0.09723668,  0.        , ..., -0.81982588,
         -0.78649052, -0.7279545 ],
        ...,
        [ 0.73999117,  0.76026198,  0.81982588, ...,  0.        ,
          0.05597178,  0.14525735],
        [ 0.70118358,  0.72270996,  0.78649052, ..., -0.05597178,
          0.        ,  0.08965149],
        [ 0.63444026,  0.65783699,  0.7279545 , ..., -0.14525735,
         -0.08965149,  0.        ]],

       ...,

       [[ 0.        , -0.2776577 , -0.32207094, ..., -0.24155773,
         -0.4826836 , -0.61303643],
        [ 0.2776577 ,  0.        , -0.04654428, ...,  0.03737557,
         -0.22053335, -0.36956712],
        [ 0.32207094,  0.04654428,  0.        , ...,  0.08384682,
         -0.17489601, -0.32591747],
        ...,
        [ 0.24155773, -0.03737557, -0.08384682, ...,  0.        ,
         -0.25683462, -0.40403844],
        [ 0.4826836 ,  0.22053335,  0.17489601, ...,  0.25683462,
          0.        , -0.15554769],
        [ 0.61303643,  0.36956712,  0.32591747, ...,  0.40403844,
          0.15554769,  0.        ]],

       [[ 0.        , -0.09759293, -0.0901033 , ..., -0.77097495,
         -0.77315772, -0.76461899],
        [ 0.09759293,  0.        ,  0.00752278, ..., -0.70514107,
         -0.7075722 , -0.69807208],
        [ 0.0901033 , -0.00752278,  0.        , ..., -0.71045528,
         -0.71286808, -0.70343884],
        ...,
        [ 0.77097495,  0.70514107,  0.71045528, ...,  0.        ,
         -0.00343449,  0.0099205 ],
        [ 0.77315772,  0.7075722 ,  0.71286808, ...,  0.00343449,
          0.        ,  0.01335476],
        [ 0.76461899,  0.69807208,  0.70343884, ..., -0.0099205 ,
         -0.01335476,  0.        ]],

       [[ 0.        ,  0.45216368,  0.50329656, ..., -0.88418327,
         -0.81797501, -0.7563874 ],
        [-0.45216368,  0.        ,  0.05818695, ..., -0.99985781,
         -0.98968938, -0.97041946],
        [-0.50329656, -0.05818695,  0.        , ..., -0.99914497,
         -0.99634669, -0.98282307],
        ...,
        [ 0.88418327,  0.99985781,  0.99914497, ...,  0.        ,
          0.12652075,  0.22502648],
        [ 0.81797501,  0.98968938,  0.99634669, ..., -0.12652075,
          0.        ,  0.09994232],
        [ 0.7563874 ,  0.97041946,  0.98282307, ..., -0.22502648,
         -0.09994232,  0.        ]]]), 'num': array([3.04291510e+07, 9.56510000e+04, 5.15000000e+02, 5.89000000e+04,
       5.90000000e+04, 5.57000000e+04, 2.17573000e+05, 2.90000000e+03,
       5.62400000e+04, 5.42800000e+04, 5.23441667e+04, 7.22689076e+01,
       5.76667979e+04, 5.08932021e+04])}
{'img': array([[[ 0.        , -0.09771866, -0.15412219, ..., -0.5602737 ,
         -0.51525635,  0.41362407],
        [ 0.09771866,  0.        , -0.05683348, ..., -0.47665117,
         -0.42904195,  0.50061223],
        [ 0.15412219,  0.05683348,  0.        , ..., -0.42591886,
         -0.37701167,  0.54900221],
        ...,
        [ 0.5602737 ,  0.47665117,  0.42591886, ...,  0.        ,
          0.05338407,  0.85270787],
        [ 0.51525635,  0.42904195,  0.37701167, ..., -0.05338407,
          0.        ,  0.82360476],
        [-0.41362407, -0.50061223, -0.54900221, ..., -0.85270787,
         -0.82360476,  0.        ]],

       [[ 0.        , -0.80358785, -0.92142384, ..., -0.81089434,
         -0.82783793, -0.40448592],
        [ 0.80358785,  0.        , -0.23617741, ..., -0.01237942,
         -0.04193113,  0.49417221],
        [ 0.92142384,  0.23617741,  0.        , ...,  0.2241301 ,
          0.19522479,  0.6855162 ],
        ...,
        [ 0.81089434,  0.01237942, -0.2241301 , ...,  0.        ,
         -0.02955939,  0.50489657],
        [ 0.82783793,  0.04193113, -0.19522479, ...,  0.02955939,
          0.        ,  0.53019101],
        [ 0.40448592, -0.49417221, -0.6855162 , ..., -0.50489657,
         -0.53019101,  0.        ]],

       [[ 0.        ,  0.09723668,  0.42251804, ..., -0.72270996,
         -0.65783699, -0.46564881],
        [-0.09723668,  0.        ,  0.33238494, ..., -0.78649052,
         -0.7279545 , -0.54949374],
        [-0.42251804, -0.33238494,  0.        , ..., -0.94705539,
         -0.91445736, -0.79595852],
        ...,
        [ 0.72270996,  0.78649052,  0.94705539, ...,  0.        ,
          0.08965149,  0.3177425 ],
        [ 0.65783699,  0.7279545 ,  0.91445736, ..., -0.08965149,
          0.        ,  0.23145753],
        [ 0.46564881,  0.54949374,  0.79595852, ..., -0.3177425 ,
         -0.23145753,  0.        ]],

       ...,

       [[ 0.        , -0.04654428, -0.28213935, ..., -0.22053335,
         -0.36956712,  0.66506615],
        [ 0.04654428,  0.        , -0.23718023, ..., -0.17489601,
         -0.32591747,  0.69910392],
        [ 0.28213935,  0.23718023,  0.        , ...,  0.06361908,
         -0.09238786,  0.84874408],
        ...,
        [ 0.22053335,  0.17489601, -0.06361908, ...,  0.        ,
         -0.15554769,  0.81338272],
        [ 0.36956712,  0.32591747,  0.09238786, ...,  0.15554769,
          0.        ,  0.89396913],
        [-0.66506615, -0.69910392, -0.84874408, ..., -0.81338272,
         -0.89396913,  0.        ]],

       [[ 0.        ,  0.00752278,  0.0022433 , ..., -0.7075722 ,
         -0.69807208, -0.61045528],
        [-0.00752278,  0.        , -0.00527953, ..., -0.71286808,
         -0.70343884, -0.61639643],
        [-0.0022433 ,  0.00527953,  0.        , ..., -0.70915562,
         -0.69967658, -0.61223055],
        ...,
        [ 0.7075722 ,  0.71286808,  0.70915562, ...,  0.        ,
          0.01335476,  0.12906031],
        [ 0.69807208,  0.70343884,  0.69967658, ..., -0.01335476,
          0.        ,  0.11580573],
        [ 0.61045528,  0.61639643,  0.61223055, ..., -0.12906031,
         -0.11580573,  0.        ]],

       [[ 0.        ,  0.05818695,  0.01354169, ..., -0.98968938,
         -0.97041946, -0.95116807],
        [-0.05818695,  0.        , -0.04466286, ..., -0.99634669,
         -0.98282307, -0.96751727],
        [-0.01354169,  0.04466286,  0.        , ..., -0.99153821,
         -0.97359978, -0.95526081],
        ...,
        [ 0.98968938,  0.99634669,  0.99153821, ...,  0.        ,
          0.09994232,  0.16925471],
        [ 0.97041946,  0.98282307,  0.97359978, ..., -0.09994232,
          0.        ,  0.0699069 ],
        [ 0.95116807,  0.96751727,  0.95526081, ..., -0.16925471,
         -0.0699069 ,  0.        ]]]), 'num': array([3.04109700e+07, 1.11506700e+07, 3.27000000e+02, 5.89000000e+04,
       5.95000000e+04, 5.78000000e+04, 1.06796000e+05, 0.00000000e+00,
       5.68400000e+04, 5.46600000e+04, 5.23541667e+04, 7.10526316e+01,
       5.83186336e+04, 5.10013664e+04])}
{'img': array([[[ 0.        , -0.05683348, -0.26576835, ..., -0.42904195,
          0.50061223,  0.50061223],
        [ 0.05683348,  0.        , -0.2105492 , ..., -0.37701167,
          0.54900221,  0.54900221],
        [ 0.26576835,  0.2105492 ,  0.        , ..., -0.17354784,
          0.7126768 ,  0.7126768 ],
        ...,
        [ 0.42904195,  0.37701167,  0.17354784, ...,  0.        ,
          0.82360476,  0.82360476],
        [-0.50061223, -0.54900221, -0.7126768 , ..., -0.82360476,
          0.        ,  0.        ],
        [-0.50061223, -0.54900221, -0.7126768 , ..., -0.82360476,
          0.        ,  0.        ]],

       [[ 0.        , -0.23617741, -0.28066966, ..., -0.04193113,
          0.49417221, -0.32199848],
        [ 0.23617741,  0.        , -0.04604537, ...,  0.19522479,
          0.6855162 , -0.08929048],
        [ 0.28066966,  0.04604537,  0.        , ...,  0.24017712,
          0.71831278, -0.04333432],
        ...,
        [ 0.04193113, -0.19522479, -0.24017712, ...,  0.        ,
          0.53019101, -0.28201739],
        [-0.49417221, -0.6855162 , -0.71831278, ..., -0.53019101,
          0.        , -0.74778659],
        [ 0.32199848,  0.08929048,  0.04333432, ...,  0.28201739,
          0.74778659,  0.        ]],

       [[ 0.        ,  0.33238494,  0.12171856, ..., -0.7279545 ,
         -0.54949374, -0.43368179],
        [-0.33238494,  0.        , -0.21511543, ..., -0.91445736,
         -0.79595852, -0.70852509],
        [-0.12171856,  0.21511543,  0.        , ..., -0.80599525,
         -0.64710366, -0.54013368],
        ...,
        [ 0.7279545 ,  0.91445736,  0.80599525, ...,  0.        ,
          0.23145753,  0.35859186],
        [ 0.54949374,  0.79595852,  0.64710366, ..., -0.23145753,
          0.        ,  0.13278998],
        [ 0.43368179,  0.70852509,  0.54013368, ..., -0.35859186,
         -0.13278998,  0.        ]],

       ...,

       [[ 0.        , -0.23718023, -0.23718023, ..., -0.32591747,
          0.69910392,  0.6206985 ],
        [ 0.23718023,  0.        ,  0.        , ..., -0.09238786,
          0.84874408,  0.78894828],
        [ 0.23718023,  0.        ,  0.        , ..., -0.09238786,
          0.84874408,  0.78894828],
        ...,
        [ 0.32591747,  0.09238786,  0.09238786, ...,  0.        ,
          0.89396913,  0.84234263],
        [-0.69910392, -0.84874408, -0.84874408, ..., -0.89396913,
          0.        , -0.10432008],
        [-0.6206985 , -0.78894828, -0.78894828, ..., -0.84234263,
          0.10432008,  0.        ]],

       [[ 0.        , -0.00527953, -0.01623734, ..., -0.70343884,
         -0.61639643, -0.50095722],
        [ 0.00527953,  0.        , -0.01095828, ..., -0.69967658,
         -0.61223055, -0.49638095],
        [ 0.01623734,  0.01095828,  0.        , ..., -0.69180532,
         -0.6035293 , -0.48683821],
        ...,
        [ 0.70343884,  0.69967658,  0.69180532, ...,  0.        ,
          0.11580573,  0.25274841],
        [ 0.61639643,  0.61223055,  0.6035293 , ..., -0.11580573,
          0.        ,  0.13900214],
        [ 0.50095722,  0.49638095,  0.48683821, ..., -0.25274841,
         -0.13900214,  0.        ]],

       [[ 0.        , -0.04466286, -0.1545086 , ..., -0.98282307,
         -0.96751727, -0.96204138],
        [ 0.04466286,  0.        , -0.11022789, ..., -0.97359978,
         -0.95526081, -0.94889272],
        [ 0.1545086 ,  0.11022789,  0.        , ..., -0.94250618,
         -0.91683825, -0.90832269],
        ...,
        [ 0.98282307,  0.97359978,  0.94250618, ...,  0.        ,
          0.0699069 ,  0.09067095],
        [ 0.96751727,  0.95526081,  0.91683825, ..., -0.0699069 ,
          0.        ,  0.02083018],
        [ 0.96204138,  0.94889272,  0.90832269, ..., -0.09067095,
         -0.02083018,  0.        ]]]), 'num': array([3.06564700e+07, 9.73687000e+06, 3.51000000e+02, 5.96000000e+04,
       6.04000000e+04, 5.81000000e+04, 1.37877000e+05, 7.00000000e+02,
       5.78200000e+04, 5.50250000e+04, 5.23808333e+04, 7.33333333e+01,
       5.91017021e+04, 5.09482979e+04])}
{'img': array([[[ 0.        , -0.17421118, -0.35315641, ...,  0.27764589,
          0.27764589,  0.66742073],
        [ 0.17421118,  0.        , -0.1847703 , ...,  0.44076202,
          0.44076202,  0.78694647],
        [ 0.35315641,  0.1847703 ,  0.        , ...,  0.59902711,
          0.59902711,  0.88740382],
        ...,
        [-0.27764589, -0.44076202, -0.59902711, ...,  0.        ,
          0.        ,  0.43442249],
        [-0.27764589, -0.44076202, -0.59902711, ...,  0.        ,
          0.        ,  0.43442249],
        [-0.66742073, -0.78694647, -0.88740382, ..., -0.43442249,
         -0.43442249,  0.        ]],

       [[ 0.        , -0.04604537,  0.32797498, ...,  0.6855162 ,
         -0.08929048,  0.16212611],
        [ 0.04604537,  0.        ,  0.37112555, ...,  0.71831278,
         -0.04333432,  0.20739035],
        [-0.32797498, -0.37112555,  0.        , ...,  0.40881323,
         -0.41101643, -0.17047755],
        ...,
        [-0.6855162 , -0.71831278, -0.40881323, ...,  0.        ,
         -0.74778659, -0.55840974],
        [ 0.08929048,  0.04333432,  0.41101643, ...,  0.74778659,
          0.        ,  0.24958769],
        [-0.16212611, -0.20739035,  0.17047755, ...,  0.55840974,
         -0.24958769,  0.        ]],

       [[ 0.        , -0.21511543, -0.60968716, ..., -0.79595852,
         -0.70852509, -0.49381812],
        [ 0.21511543,  0.        , -0.42490399, ..., -0.64710366,
         -0.54013368, -0.29520026],
        [ 0.60968716,  0.42490399,  0.        , ..., -0.26183542,
         -0.13135938,  0.1387417 ],
        ...,
        [ 0.79595852,  0.64710366,  0.26183542, ...,  0.        ,
          0.13278998,  0.39320447],
        [ 0.70852509,  0.54013368,  0.13135938, ..., -0.13278998,
          0.        ,  0.26762843],
        [ 0.49381812,  0.29520026, -0.1387417 , ..., -0.39320447,
         -0.26762843,  0.        ]],

       ...,

       [[ 0.        ,  0.        , -0.40049267, ...,  0.84874408,
          0.78894828,  0.9077322 ],
        [ 0.        ,  0.        , -0.40049267, ...,  0.84874408,
          0.78894828,  0.9077322 ],
        [ 0.40049267,  0.40049267,  0.        , ...,  0.98948623,
          0.96899985,  0.9997817 ],
        ...,
        [-0.84874408, -0.84874408, -0.98948623, ...,  0.        ,
         -0.10432008,  0.12392163],
        [-0.78894828, -0.78894828, -0.96899985, ...,  0.10432008,
          0.        ,  0.22676147],
        [-0.9077322 , -0.9077322 , -0.9997817 , ..., -0.12392163,
         -0.22676147,  0.        ]],

       [[ 0.        , -0.01095828,  0.00165041, ..., -0.61223055,
         -0.49638095, -0.33064726],
        [ 0.01095828,  0.        ,  0.01260858, ..., -0.6035293 ,
         -0.48683821, -0.32028549],
        [-0.00165041, -0.01260858,  0.        , ..., -0.61353466,
         -0.497813  , -0.3322044 ],
        ...,
        [ 0.61223055,  0.6035293 ,  0.61353466, ...,  0.        ,
          0.13900214,  0.31635933],
        [ 0.49638095,  0.48683821,  0.497813  , ..., -0.13900214,
          0.        ,  0.18142523],
        [ 0.33064726,  0.32028549,  0.3322044 , ..., -0.31635933,
         -0.18142523,  0.        ]],

       [[ 0.        , -0.14802359, -0.28594052, ..., -0.96735365,
         -0.9618609 , -0.96461209],
        [ 0.14802359,  0.        , -0.14094734, ..., -0.91918345,
         -0.91077465, -0.91495592],
        [ 0.28594052,  0.14094734,  0.        , ..., -0.85449809,
         -0.84348478, -0.84894217],
        ...,
        [ 0.96735365,  0.91918345,  0.85449809, ...,  0.        ,
          0.02084429,  0.01060322],
        [ 0.9618609 ,  0.91077465,  0.84348478, ..., -0.02084429,
          0.        , -0.0102422 ],
        [ 0.96461209,  0.91495592,  0.84894217, ..., -0.01060322,
          0.0102422 ,  0.        ]]]), 'num': array([3.08250610e+07, 5.44506100e+06, 4.23000000e+02, 6.00000000e+04,
       6.09000000e+04, 5.91000000e+04, 9.39830000e+04, 4.00000000e+02,
       5.86800000e+04, 5.54350000e+04, 5.24175000e+04, 7.33333333e+01,
       5.97728681e+04, 5.10971319e+04])}
{'img': array([[[ 0.        , -0.17434568, -0.52041573, ...,  0.39243209,
          0.58722099,  0.81996491],
        [ 0.17434568,  0.        , -0.36356926, ...,  0.54678164,
          0.71934745,  0.90720462],
        [ 0.52041573,  0.36356926,  0.        , ...,  0.81377136,
          0.92267402,  0.99807186],
        ...,
        [-0.39243209, -0.54678164, -0.81377136, ...,  0.        ,
          0.22246971,  0.52955459],
        [-0.58722099, -0.71934745, -0.92267402, ..., -0.22246971,
          0.        ,  0.32756806],
        [-0.81996491, -0.90720462, -0.99807186, ..., -0.52955459,
         -0.32756806,  0.        ]],

       [[ 0.        ,  0.37112555,  0.62328091, ..., -0.04333432,
          0.20739035, -0.15835672],
        [-0.37112555,  0.        ,  0.28854842, ..., -0.41101643,
         -0.17047755, -0.51348999],
        [-0.62328091, -0.28854842,  0.        , ..., -0.65658278,
         -0.44755087, -0.73925098],
        ...,
        [ 0.04333432,  0.41101643,  0.65658278, ...,  0.        ,
          0.24958769, -0.11542044],
        [-0.20739035,  0.17047755,  0.44755087, ..., -0.24958769,
          0.        , -0.35968727],
        [ 0.15835672,  0.51348999,  0.73925098, ...,  0.11542044,
          0.35968727,  0.        ]],

       [[ 0.        , -0.39289756, -0.59873303, ..., -0.50734051,
         -0.26665268,  0.2678697 ],
        [ 0.39289756,  0.        , -0.23589348, ..., -0.12796355,
          0.13346273,  0.6248674 ],
        [ 0.59873303,  0.23589348,  0.        , ...,  0.10960189,
          0.36347941,  0.79140229],
        ...,
        [ 0.50734051,  0.12796355, -0.10960189, ...,  0.        ,
          0.25918428,  0.71963538],
        [ 0.26665268, -0.13346273, -0.36347941, ..., -0.25918428,
          0.        ,  0.51507875],
        [-0.2678697 , -0.6248674 , -0.79140229, ..., -0.71963538,
         -0.51507875,  0.        ]],

       ...,

       [[ 0.        , -0.40049267, -0.56928284, ...,  0.78894828,
          0.9077322 ,  0.9077322 ],
        [ 0.40049267,  0.        , -0.19237209, ...,  0.96899985,
          0.9997817 ,  0.9997817 ],
        [ 0.56928284,  0.19237209,  0.        , ...,  0.99842863,
          0.98512719,  0.98512719],
        ...,
        [-0.78894828, -0.96899985, -0.99842863, ...,  0.        ,
          0.22676147,  0.22676147],
        [-0.9077322 , -0.9997817 , -0.98512719, ..., -0.22676147,
          0.        ,  0.        ],
        [-0.9077322 , -0.9997817 , -0.98512719, ..., -0.22676147,
          0.        ,  0.        ]],

       [[ 0.        ,  0.01260858,  0.16922364, ..., -0.48683821,
         -0.32028549, -0.14575134],
        [-0.01260858,  0.        ,  0.15678346, ..., -0.497813  ,
         -0.3322044 , -0.15821369],
        [-0.16922364, -0.15678346,  0.        , ..., -0.6276324 ,
         -0.47597535, -0.31106581],
        ...,
        [ 0.48683821,  0.497813  ,  0.6276324 , ...,  0.        ,
          0.18142523,  0.35432673],
        [ 0.32028549,  0.3322044 ,  0.47597535, ..., -0.18142523,
          0.        ,  0.17879192],
        [ 0.14575134,  0.15821369,  0.31106581, ..., -0.35432673,
         -0.17879192,  0.        ]],

       [[ 0.        , -0.2466945 , -0.54600302, ..., -0.95982694,
         -0.9626716 , -0.95441121],
        [ 0.2466945 ,  0.        , -0.32245136, ..., -0.8609412 ,
         -0.86614529, -0.85127645],
        [ 0.54600302,  0.32245136,  0.        , ..., -0.65092246,
         -0.65872233, -0.63661054],
        ...,
        [ 0.95982694,  0.8609412 ,  0.65092246, ...,  0.        ,
         -0.01032022,  0.01870272],
        [ 0.9626716 ,  0.86614529,  0.65872233, ...,  0.01032022,
          0.        ,  0.02902014],
        [ 0.95441121,  0.85127645,  0.63661054, ..., -0.01870272,
         -0.02902014,  0.        ]]]), 'num': array([ 3.07365000e+07,  4.30490000e+06,  4.42000000e+02,  5.98000000e+04,
        6.12000000e+04,  5.91000000e+04,  9.82110000e+04, -2.00000000e+02,
        5.94400000e+04,  5.56750000e+04,  5.24658333e+04,  7.65217391e+01,
        6.04035833e+04,  5.09464167e+04])}
