state_0,state_1,state_2,state_3,state_4,state_5,state_6,state_7,state_8,state_9,state_10,state_11,state_12,state_13,state_14,state_15,state_16,state_17,state_18,state_19,state_20,state_21,state_22,state_23,state_24,state_25,state_26,state_27,state_28,state_29,state_30,state_31,state_32,state_33,state_34,state_35,state_36,state_37,state_38,state_39,state_40,state_41,state_42,state_43,state_44,state_45,state_46,state_47,state_48,state_49,state_50,state_51,state_52,state_53,state_54,state_55,state_56,state_57,state_58,state_59,state_60,state_61,state_62,state_63,state_64,state_65,state_66,state_67,state_68,state_69,state_70,state_71,state_72,state_73,state_74,state_75,state_76,state_77
{'img': array([[[ 0.        , -0.17228768, -0.0993547 , ..., -0.72619647,
         -0.72619647, -0.96825618],
        [ 0.17228768,  0.        ,  0.0735662 , ..., -0.59689184,
         -0.59689184, -0.91071251],
        [ 0.0993547 , -0.0735662 ,  0.        , ..., -0.65429823,
         -0.65429823, -0.93863063],
        ...,
        [ 0.72619647,  0.59689184,  0.65429823, ...,  0.        ,
          0.        , -0.48414372],
        [ 0.72619647,  0.59689184,  0.65429823, ...,  0.        ,
          0.        , -0.48414372],
        [ 0.96825618,  0.91071251,  0.93863063, ...,  0.48414372,
          0.48414372,  0.        ]],

       [[ 0.        ,  0.13308122, -0.08104628, ..., -0.47012869,
         -0.78415684, -0.36760973],
        [-0.13308122,  0.        , -0.21296881, ..., -0.58340416,
         -0.85976711, -0.48810279],
        [ 0.08104628,  0.21296881,  0.        , ..., -0.39705085,
         -0.73128293, -0.29102899],
        ...,
        [ 0.47012869,  0.58340416,  0.39705085, ...,  0.        ,
         -0.40035084,  0.11275878],
        [ 0.78415684,  0.85976711,  0.73128293, ...,  0.40035084,
          0.        ,  0.50112541],
        [ 0.36760973,  0.48810279,  0.29102899, ..., -0.11275878,
         -0.50112541,  0.        ]],

       [[ 0.        , -0.4184339 , -0.61088763, ..., -0.99829419,
         -0.99855114, -0.95109361],
        [ 0.4184339 ,  0.        , -0.22355564, ..., -0.88226802,
         -0.92944763, -0.99308357],
        [ 0.61088763,  0.22355564,  0.        , ..., -0.7547006 ,
         -0.82344263, -0.94170219],
        ...,
        [ 0.99829419,  0.88226802,  0.7547006 , ...,  0.        ,
         -0.11201872, -0.36390474],
        [ 0.99855114,  0.92944763,  0.82344263, ...,  0.11201872,
          0.        , -0.25727608],
        [ 0.95109361,  0.99308357,  0.94170219, ...,  0.36390474,
          0.25727608,  0.        ]],

       ...,

       [[ 0.        ,  0.04650837, -0.69595751, ...,  0.2527819 ,
          0.2527819 , -0.05091105],
        [-0.04650837,  0.        , -0.72860128, ...,  0.20751044,
          0.20751044, -0.09730401],
        [ 0.69595751,  0.72860128,  0.        , ...,  0.85487347,
          0.85487347,  0.65849663],
        ...,
        [-0.2527819 , -0.20751044, -0.85487347, ...,  0.        ,
          0.        , -0.30171172],
        [-0.2527819 , -0.20751044, -0.85487347, ...,  0.        ,
          0.        , -0.30171172],
        [ 0.05091105,  0.09730401, -0.65849663, ...,  0.30171172,
          0.30171172,  0.        ]],

       [[ 0.        ,  0.10953004,  0.20123108, ..., -0.93496714,
         -0.90565645, -0.85705248],
        [-0.10953004,  0.        ,  0.0927309 , ..., -0.89048783,
         -0.85376548, -0.79546294],
        [-0.20123108, -0.0927309 ,  0.        , ..., -0.84445768,
         -0.80180572, -0.73584032],
        ...,
        [ 0.93496714,  0.89048783,  0.84445768, ...,  0.        ,
         -0.07517007, -0.17769635],
        [ 0.90565645,  0.85376548,  0.80180572, ...,  0.07517007,
          0.        , -0.10321983],
        [ 0.85705248,  0.79546294,  0.73584032, ...,  0.17769635,
          0.10321983,  0.        ]],

       [[ 0.        , -0.71555578, -0.88732973, ..., -0.95995578,
         -0.93738723, -0.8882175 ],
        [ 0.71555578,  0.        , -0.28988099, ..., -0.87104656,
         -0.90403726, -0.94921223],
        [ 0.88732973,  0.28988099,  0.        , ..., -0.6912565 ,
         -0.74130965, -0.81724848],
        ...,
        [ 0.95995578,  0.87104656,  0.6912565 , ...,  0.        ,
         -0.07173147, -0.19219042],
        [ 0.93738723,  0.90403726,  0.74130965, ...,  0.07173147,
          0.        , -0.12130111],
        [ 0.8882175 ,  0.94921223,  0.81724848, ...,  0.19219042,
          0.12130111,  0.        ]]]), 'num': array([ 8.71765000e+06,  9.61000000e+04,  2.25400000e+03,  3.82500000e+03,
        3.90000000e+03,  3.78500000e+03,  1.54103000e+05, -1.50000000e+01,
        3.88500000e+03,  3.98850000e+03,  4.02225000e+03,  3.14285714e+01,
        4.15436440e+03,  3.82263560e+03])}
{'img': array([[[ 0.00000000e+00,  7.35661992e-02,  7.35661992e-02, ...,
         -5.96891843e-01, -9.10712509e-01, -9.71243962e-01],
        [-7.35661992e-02,  0.00000000e+00,  0.00000000e+00, ...,
         -6.54298226e-01, -9.38630628e-01, -9.86127333e-01],
        [-7.35661992e-02,  0.00000000e+00,  0.00000000e+00, ...,
         -6.54298226e-01, -9.38630628e-01, -9.86127333e-01],
        ...,
        [ 5.96891843e-01,  6.54298226e-01,  6.54298226e-01, ...,
          0.00000000e+00, -4.84143717e-01, -6.37138245e-01],
        [ 9.10712509e-01,  9.38630628e-01,  9.38630628e-01, ...,
          4.84143717e-01,  0.00000000e+00, -1.84335083e-01],
        [ 9.71243962e-01,  9.86127333e-01,  9.86127333e-01, ...,
          6.37138245e-01,  1.84335083e-01,  0.00000000e+00]],

       [[ 0.00000000e+00, -2.12968811e-01, -3.85880030e-01, ...,
         -8.59767110e-01, -4.88102787e-01, -3.21199312e-01],
        [ 2.12968811e-01,  0.00000000e+00, -1.80553399e-01, ...,
         -7.31282933e-01, -2.91028991e-01, -1.12146741e-01],
        [ 3.85880030e-01,  1.80553399e-01,  0.00000000e+00, ...,
         -5.96113609e-01, -1.13507976e-01,  6.91107763e-02],
        ...,
        [ 8.59767110e-01,  7.31282933e-01,  5.96113609e-01, ...,
          0.00000000e+00,  5.01125413e-01,  6.50177346e-01],
        [ 4.88102787e-01,  2.91028991e-01,  1.13507976e-01, ...,
         -5.01125413e-01,  0.00000000e+00,  1.81900697e-01],
        [ 3.21199312e-01,  1.12146741e-01, -6.91107763e-02, ...,
         -6.50177346e-01, -1.81900697e-01,  0.00000000e+00]],

       [[ 0.00000000e+00, -2.23555643e-01, -3.12569415e-01, ...,
         -9.29447631e-01, -9.93083566e-01, -9.86918585e-01],
        [ 2.23555643e-01,  0.00000000e+00, -9.23042782e-02, ...,
         -8.23442634e-01, -9.41702188e-01, -9.97982344e-01],
        [ 3.12569415e-01,  9.23042782e-02,  0.00000000e+00, ...,
         -7.67553828e-01, -9.06626365e-01, -9.87861216e-01],
        ...,
        [ 9.29447631e-01,  8.23442634e-01,  7.67553828e-01, ...,
          0.00000000e+00, -2.57276080e-01, -5.13972645e-01],
        [ 9.93083566e-01,  9.41702188e-01,  9.06626365e-01, ...,
          2.57276080e-01,  0.00000000e+00, -2.75978155e-01],
        [ 9.86918585e-01,  9.97982344e-01,  9.87861216e-01, ...,
          5.13972645e-01,  2.75978155e-01,  0.00000000e+00]],

       ...,

       [[ 0.00000000e+00, -7.28601277e-01, -9.49858778e-01, ...,
          2.07510441e-01, -9.73040098e-02, -6.25473195e-04],
        [ 7.28601277e-01,  0.00000000e+00, -4.22775964e-01, ...,
          8.54873473e-01,  6.58496627e-01,  7.28172724e-01],
        [ 9.49858778e-01,  4.22775964e-01,  0.00000000e+00, ...,
          9.94067220e-01,  9.14926475e-01,  9.49663020e-01],
        ...,
        [-2.07510441e-01, -8.54873473e-01, -9.94067220e-01, ...,
          0.00000000e+00, -3.01711717e-01, -2.08122259e-01],
        [ 9.73040098e-02, -6.58496627e-01, -9.14926475e-01, ...,
          3.01711717e-01,  0.00000000e+00,  9.66814857e-02],
        [ 6.25473195e-04, -7.28172724e-01, -9.49663020e-01, ...,
          2.08122259e-01, -9.66814857e-02,  0.00000000e+00]],

       [[ 0.00000000e+00,  9.27309019e-02,  3.13501563e-01, ...,
         -8.53765479e-01, -7.95462943e-01, -7.57837054e-01],
        [-9.27309019e-02,  0.00000000e+00,  2.24094627e-01, ...,
         -8.01805716e-01, -7.35840325e-01, -6.94069983e-01],
        [-3.13501563e-01, -2.24094627e-01,  0.00000000e+00, ...,
         -6.47498161e-01, -5.65379167e-01, -5.15090562e-01],
        ...,
        [ 8.53765479e-01,  8.01805716e-01,  6.47498161e-01, ...,
          0.00000000e+00, -1.03219828e-01, -1.62460304e-01],
        [ 7.95462943e-01,  7.35840325e-01,  5.65379167e-01, ...,
          1.03219828e-01,  0.00000000e+00, -5.97439718e-02],
        [ 7.57837054e-01,  6.94069983e-01,  5.15090562e-01, ...,
          1.62460304e-01,  5.97439718e-02,  0.00000000e+00]],

       [[ 0.00000000e+00, -6.93512388e-01, -8.75207144e-01, ...,
         -9.72565524e-01, -9.31599474e-01, -8.50776760e-01],
        [ 6.93512388e-01,  0.00000000e+00, -2.95052883e-01, ...,
         -8.62010846e-01, -9.23248280e-01, -9.77397276e-01],
        [ 8.75207144e-01,  2.95052883e-01,  0.00000000e+00, ...,
         -6.74075613e-01, -7.68785660e-01, -8.71507060e-01],
        ...,
        [ 9.72565524e-01,  8.62010846e-01,  6.74075613e-01, ...,
          0.00000000e+00, -1.36797263e-01, -3.13194261e-01],
        [ 9.31599474e-01,  9.23248280e-01,  7.68785660e-01, ...,
          1.36797263e-01,  0.00000000e+00, -1.80335075e-01],
        [ 8.50776760e-01,  9.77397276e-01,  8.71507060e-01, ...,
          3.13194261e-01,  1.80335075e-01,  0.00000000e+00]]]), 'num': array([ 9.70000000e+06,  9.70000000e+06,  0.00000000e+00,  3.77500000e+03,
        3.84500000e+03,  3.74500000e+03,  1.36656000e+05, -5.00000000e+01,
        3.85200000e+03,  3.97025000e+03,  4.01791667e+03,  3.23529412e+01,
        4.14547771e+03,  3.79502229e+03])}
{'img': array([[[ 0.        ,  0.        ,  0.23426348, ..., -0.84957044,
         -0.89800567, -0.97499604],
        [ 0.        ,  0.        ,  0.23426348, ..., -0.84957044,
         -0.89800567, -0.97499604],
        [-0.23426348, -0.23426348,  0.        , ..., -0.94949774,
         -0.97608915, -0.89580642],
        ...,
        [ 0.84957044,  0.84957044,  0.94949774, ...,  0.        ,
         -0.0998784 , -0.70307965],
        [ 0.89800567,  0.89800567,  0.97608915, ...,  0.0998784 ,
          0.        , -0.62853936],
        [ 0.97499604,  0.97499604,  0.89580642, ...,  0.70307965,
          0.62853936,  0.        ]],

       [[ 0.        , -0.1805534 ,  0.0179283 , ..., -0.29102899,
         -0.11214674, -0.17558875],
        [ 0.1805534 ,  0.        ,  0.19815803, ..., -0.11350798,
          0.06911078,  0.00504527],
        [-0.0179283 , -0.19815803,  0.        , ..., -0.30813447,
         -0.12994391, -0.19321028],
        ...,
        [ 0.29102899,  0.11350798,  0.30813447, ...,  0.        ,
          0.1819007 ,  0.11851919],
        [ 0.11214674, -0.06911078,  0.12994391, ..., -0.1819007 ,
          0.        , -0.06407669],
        [ 0.17558875, -0.00504527,  0.19321028, ..., -0.11851919,
          0.06407669,  0.        ]],

       [[ 0.        , -0.08811678, -0.14317181, ..., -0.89898813,
         -0.9688761 , -0.92627243],
        [ 0.08811678,  0.        , -0.05540591, ..., -0.85689843,
         -0.94329434, -0.95587658],
        [ 0.14317181,  0.05540591,  0.        , ..., -0.82702123,
         -0.92345296, -0.97068479],
        ...,
        [ 0.89898813,  0.85689843,  0.82702123, ...,  0.        ,
         -0.20180049, -0.74447011],
        [ 0.9688761 ,  0.94329434,  0.92345296, ...,  0.20180049,
          0.        , -0.59442061],
        [ 0.92627243,  0.95587658,  0.97068479, ...,  0.74447011,
          0.59442061,  0.        ]],

       ...,

       [[ 0.        , -0.42277596,  0.37774839, ...,  0.65849663,
          0.72817272,  0.7497386 ],
        [ 0.42277596,  0.        ,  0.73378029, ...,  0.91492648,
          0.94966302,  0.95920406],
        [-0.37774839, -0.73378029,  0.        , ...,  0.32542022,
          0.41531481,  0.44422019],
        ...,
        [-0.65849663, -0.91492648, -0.32542022, ...,  0.        ,
          0.09668149,  0.12849135],
        [-0.72817272, -0.94966302, -0.41531481, ..., -0.09668149,
          0.        ,  0.03200936],
        [-0.7497386 , -0.95920406, -0.44422019, ..., -0.12849135,
         -0.03200936,  0.        ]],

       [[ 0.        ,  0.22409463, -0.29011856, ..., -0.73584032,
         -0.69406998, -0.64056352],
        [-0.22409463,  0.        , -0.49719656, ..., -0.56537917,
         -0.51509056, -0.45218889],
        [ 0.29011856,  0.49719656,  0.        , ..., -0.90064761,
         -0.87307706, -0.83579689],
        ...,
        [ 0.73584032,  0.56537917,  0.90064761, ...,  0.        ,
         -0.05974397, -0.13129475],
        [ 0.69406998,  0.51509056,  0.87307706, ...,  0.05974397,
          0.        , -0.07183343],
        [ 0.64056352,  0.45218889,  0.83579689, ...,  0.13129475,
          0.07183343,  0.        ]],

       [[ 0.        , -0.49104749, -0.59233179, ..., -0.99977443,
         -0.98431939, -0.896493  ],
        [ 0.49104749,  0.        , -0.12036557, ..., -0.86050705,
         -0.94409144, -0.99852693],
        [ 0.59233179,  0.12036557,  0.        , ..., -0.79293199,
         -0.89754498, -0.98473643],
        ...,
        [ 0.99977443,  0.86050705,  0.79293199, ...,  0.        ,
         -0.19726139, -0.46199838],
        [ 0.98431939,  0.94409144,  0.89754498, ...,  0.19726139,
          0.        , -0.2779732 ],
        [ 0.896493  ,  0.99852693,  0.98473643, ...,  0.46199838,
          0.2779732 ,  0.        ]]]), 'num': array([9.70000000e+06, 9.70000000e+06, 0.00000000e+00, 4.17500000e+03,
       4.90000000e+03, 3.80000000e+03, 1.96554020e+07, 4.00000000e+02,
       3.90500000e+03, 3.97350000e+03, 4.02000000e+03, 6.42045455e+01,
       4.16095933e+03, 3.78604067e+03])}
{'img': array([[[ 0.        ,  0.23426348,  0.30732806, ..., -0.89800567,
         -0.97499604,  0.61865484],
        [-0.23426348,  0.        ,  0.0758501 , ..., -0.97608915,
         -0.89580642,  0.4173875 ],
        [-0.30732806, -0.0758501 ,  0.        , ..., -0.98976484,
         -0.85951465,  0.34725794],
        ...,
        [ 0.89800567,  0.97608915,  0.98976484, ...,  0.        ,
         -0.62853936,  0.97772789],
        [ 0.97499604,  0.89580642,  0.85951465, ...,  0.62853936,
          0.        ,  0.62853936],
        [-0.61865484, -0.4173875 , -0.34725794, ..., -0.97772789,
         -0.62853936,  0.        ]],

       [[ 0.        ,  0.03928095, -0.01649194, ...,  0.013786  ,
          0.00101099,  0.13198298],
        [-0.03928095,  0.        , -0.05575481, ..., -0.02550185,
         -0.03827072,  0.17081843],
        [ 0.01649194,  0.05575481,  0.        , ...,  0.0302745 ,
          0.01750278,  0.11561736],
        ...,
        [-0.013786  ,  0.02550185, -0.0302745 , ...,  0.        ,
         -0.0127751 ,  0.14563584],
        [-0.00101099,  0.03827072, -0.01750278, ...,  0.0127751 ,
          0.        ,  0.13298505],
        [-0.13198298, -0.17081843, -0.11561736, ..., -0.14563584,
         -0.13298505,  0.        ]],

       [[ 0.        , -0.05540591,  0.        , ..., -0.94329434,
         -0.95587658, -0.86911102],
        [ 0.05540591,  0.        ,  0.05540591, ..., -0.92345296,
         -0.97068479, -0.84037129],
        [ 0.        , -0.05540591,  0.        , ..., -0.94329434,
         -0.95587658, -0.86911102],
        ...,
        [ 0.94329434,  0.92345296,  0.94329434, ...,  0.        ,
         -0.59442061,  0.17806155],
        [ 0.95587658,  0.97068479,  0.95587658, ...,  0.59442061,
          0.        ,  0.72811034],
        [ 0.86911102,  0.84037129,  0.86911102, ..., -0.17806155,
         -0.72811034,  0.        ]],

       ...,

       [[ 0.        ,  0.73378029,  0.85551944, ...,  0.94966302,
          0.95920406,  0.63772531],
        [-0.73378029,  0.        ,  0.20129874, ...,  0.41531481,
          0.44422019,  0.99846663],
        [-0.85551944, -0.20129874,  0.        , ...,  0.22369629,
          0.25477986,  0.98917119],
        ...,
        [-0.94966302, -0.41531481, -0.22369629, ...,  0.        ,
          0.03200936,  0.93127341],
        [-0.95920406, -0.44422019, -0.25477986, ..., -0.03200936,
          0.        ,  0.91913452],
        [-0.63772531, -0.99846663, -0.98917119, ..., -0.93127341,
         -0.91913452,  0.        ]],

       [[ 0.        , -0.49719656, -0.66159329, ..., -0.51509056,
         -0.45218889, -0.55579361],
        [ 0.49719656,  0.        , -0.20119419, ..., -0.87307706,
         -0.83579689, -0.89555722],
        [ 0.66159329,  0.20119419,  0.        , ..., -0.95332255,
         -0.9291694 , -0.96676493],
        ...,
        [ 0.51509056,  0.87307706,  0.95332255, ...,  0.        ,
         -0.07183343,  0.04818533],
        [ 0.45218889,  0.83579689,  0.9291694 , ...,  0.07183343,
          0.        ,  0.11981085],
        [ 0.55579361,  0.89555722,  0.96676493, ..., -0.04818533,
         -0.11981085,  0.        ]],

       [[ 0.        , -0.12036557, -0.20322461, ..., -0.94409144,
         -0.99852693, -0.99853532],
        [ 0.12036557,  0.        , -0.08389329, ..., -0.89754498,
         -0.98473643, -0.99778783],
        [ 0.20322461,  0.08389329,  0.        , ..., -0.85739043,
         -0.96666318, -0.98869323],
        ...,
        [ 0.94409144,  0.89754498,  0.85739043, ...,  0.        ,
         -0.2779732 , -0.38027965],
        [ 0.99852693,  0.98473643,  0.96666318, ...,  0.2779732 ,
          0.        , -0.10820288],
        [ 0.99853532,  0.99778783,  0.98869323, ...,  0.38027965,
          0.10820288,  0.        ]]]), 'num': array([9.74288400e+06, 2.36348400e+06, 1.75700000e+03, 4.20000000e+03,
       4.34500000e+03, 4.14000000e+03, 2.66398800e+06, 2.50000000e+01,
       3.96300000e+03, 3.98125000e+03, 4.02250000e+03, 6.37931034e+01,
       4.19134224e+03, 3.77115776e+03])}
{'img': array([[[ 0.00000000e+00,  7.58501021e-02, -2.34263482e-01, ...,
         -8.95806416e-01,  4.17387497e-01,  5.92662216e-01],
        [-7.58501021e-02,  0.00000000e+00, -3.07328056e-01, ...,
         -8.59514649e-01,  3.47257943e-01,  5.29861344e-01],
        [ 2.34263482e-01,  3.07328056e-01,  0.00000000e+00, ...,
         -9.74996043e-01,  6.18654842e-01,  7.64858072e-01],
        ...,
        [ 8.95806416e-01,  8.59514649e-01,  9.74996043e-01, ...,
          0.00000000e+00,  6.28539361e-01,  4.58122847e-01],
        [-4.17387497e-01, -3.47257943e-01, -6.18654842e-01, ...,
         -6.28539361e-01,  0.00000000e+00,  2.02383884e-01],
        [-5.92662216e-01, -5.29861344e-01, -7.64858072e-01, ...,
         -4.58122847e-01, -2.02383884e-01,  0.00000000e+00]],

       [[ 0.00000000e+00, -5.57548146e-02, -3.85001068e-02, ...,
         -3.82707218e-02,  1.70818432e-01,  5.44646842e-01],
        [ 5.57548146e-02,  0.00000000e+00,  1.72732582e-02, ...,
          1.75027777e-02,  1.15617363e-01,  5.90559278e-01],
        [ 3.85001068e-02, -1.72732582e-02,  0.00000000e+00, ...,
          2.29554132e-04,  1.32757534e-01,  5.76531750e-01],
        ...,
        [ 3.82707218e-02, -1.75027777e-02, -2.29554132e-04, ...,
          0.00000000e+00,  1.32985053e-01,  5.76344172e-01],
        [-1.70818432e-01, -1.15617363e-01, -1.32757534e-01, ...,
         -1.32985053e-01,  0.00000000e+00, -6.79901433e-01],
        [-5.44646842e-01, -5.90559278e-01, -5.76531750e-01, ...,
         -5.76344172e-01,  6.79901433e-01,  0.00000000e+00]],

       [[ 0.00000000e+00,  5.54059068e-02,  7.40471656e-02, ...,
         -9.70684786e-01, -8.40371285e-01, -5.57171032e-01],
        [-5.54059068e-02,  0.00000000e+00,  1.86796195e-02, ...,
         -9.55876583e-01, -8.69111022e-01, -6.02324110e-01],
        [-7.40471656e-02, -1.86796195e-02,  0.00000000e+00, ...,
         -9.50222317e-01, -8.78198639e-01, -6.17130053e-01],
        ...,
        [ 9.70684786e-01,  9.55876583e-01,  9.50222317e-01, ...,
          0.00000000e+00,  7.28110342e-01,  9.39973919e-01],
        [ 8.40371285e-01,  8.69111022e-01,  8.78198639e-01, ...,
         -7.28110342e-01,  0.00000000e+00,  3.95849514e-01],
        [ 5.57171032e-01,  6.02324110e-01,  6.17130053e-01, ...,
         -9.39973919e-01, -3.95849514e-01,  0.00000000e+00]],

       ...,

       [[ 0.00000000e+00,  2.82511711e-01, -5.35170349e-02, ...,
          5.65887451e-01,  9.53395009e-01,  9.59894333e-01],
        [-2.82511711e-01,  0.00000000e+00, -3.33443811e-01, ...,
          3.09909413e-01,  9.99798204e-01,  9.99997491e-01],
        [ 5.35170349e-02,  3.33443811e-01,  0.00000000e+00, ...,
          6.09200358e-01,  9.35881307e-01,  9.43514599e-01],
        ...,
        [-5.65887451e-01, -3.09909413e-01, -6.09200358e-01, ...,
          0.00000000e+00,  9.56799874e-01,  9.50069436e-01],
        [-9.53395009e-01, -9.99798204e-01, -9.35881307e-01, ...,
         -9.56799874e-01,  0.00000000e+00, -2.23283259e-02],
        [-9.59894333e-01, -9.99997491e-01, -9.43514599e-01, ...,
         -9.50069436e-01,  2.23283259e-02,  0.00000000e+00]],

       [[ 0.00000000e+00, -4.86145180e-01, -5.74145195e-01, ...,
         -4.66990042e-01, -5.73271111e-01, -7.21892942e-01],
        [ 4.86145180e-01,  0.00000000e+00, -1.03699820e-01, ...,
         -8.37972341e-01, -8.99299757e-01, -9.67261180e-01],
        [ 5.74145195e-01,  1.03699820e-01,  0.00000000e+00, ...,
         -8.90044840e-01, -9.39802638e-01, -9.88363578e-01],
        ...,
        [ 4.66990042e-01,  8.37972341e-01,  8.90044840e-01, ...,
          0.00000000e+00,  1.24286542e-01,  3.15183582e-01],
        [ 5.73271111e-01,  8.99299757e-01,  9.39802638e-01, ...,
         -1.24286542e-01,  0.00000000e+00,  1.94788018e-01],
        [ 7.21892942e-01,  9.67261180e-01,  9.88363578e-01, ...,
         -3.15183582e-01, -1.94788018e-01,  0.00000000e+00]],

       [[ 0.00000000e+00, -8.38932933e-02, -2.81355092e-01, ...,
         -9.84736434e-01, -9.97787827e-01, -9.88011741e-01],
        [ 8.38932933e-02,  0.00000000e+00, -1.99858926e-01, ...,
         -9.66663177e-01, -9.88693231e-01, -9.97480089e-01],
        [ 2.81355092e-01,  1.99858926e-01,  0.00000000e+00, ...,
         -8.95986290e-01, -9.38776724e-01, -9.91534997e-01],
        ...,
        [ 9.84736434e-01,  9.66663177e-01,  8.95986290e-01, ...,
          0.00000000e+00, -1.08202876e-01, -3.23987962e-01],
        [ 9.97787827e-01,  9.88693231e-01,  9.38776724e-01, ...,
          1.08202876e-01,  0.00000000e+00, -2.19719232e-01],
        [ 9.88011741e-01,  9.97480089e-01,  9.91534997e-01, ...,
          3.23987962e-01,  2.19719232e-01,  0.00000000e+00]]]), 'num': array([ 9.58878400e+06,  1.65778400e+06,  1.92500000e+03,  4.12000000e+03,
        4.20500000e+03,  4.00000000e+03,  1.00460400e+06, -8.00000000e+01,
        4.01900000e+03,  3.98500000e+03,  4.02283333e+03,  5.32544379e+01,
        4.20207142e+03,  3.76792858e+03])}
{'img': array([[[ 0.        , -0.30732806, -0.72180708, ...,  0.34725794,
          0.52986134,  0.02605628],
        [ 0.30732806,  0.        , -0.47417424, ...,  0.61865484,
          0.76485807,  0.33201896],
        [ 0.72180708,  0.47417424,  0.        , ...,  0.91722402,
          0.97886727,  0.73959542],
        ...,
        [-0.34725794, -0.61865484, -0.91722402, ...,  0.        ,
          0.20238388, -0.32270525],
        [-0.52986134, -0.76485807, -0.97886727, ..., -0.20238388,
          0.        , -0.50758352],
        [-0.02605628, -0.33201896, -0.73959542, ...,  0.32270525,
          0.50758352,  0.        ]],

       [[ 0.        ,  0.01727326,  0.07025172, ...,  0.11561736,
          0.59055928,  0.32328508],
        [-0.01727326,  0.        ,  0.05301066, ...,  0.13275753,
          0.57653175,  0.30689114],
        [-0.07025172, -0.05301066,  0.        , ...,  0.18511231,
          0.53240745,  0.25600702],
        ...,
        [-0.11561736, -0.13275753, -0.18511231, ...,  0.        ,
         -0.67990143, -0.43052597],
        [-0.59055928, -0.57653175, -0.53240745, ...,  0.67990143,
          0.        , -0.297958  ],
        [-0.32328508, -0.30689114, -0.25600702, ...,  0.43052597,
          0.297958  ,  0.        ]],

       [[ 0.        ,  0.01867962, -0.11589375, ..., -0.86911102,
         -0.60232411, -0.30226619],
        [-0.01867962,  0.        , -0.13442728, ..., -0.87819864,
         -0.61713005, -0.32001931],
        [ 0.11589375,  0.13442728,  0.        , ..., -0.8059316 ,
         -0.50575305, -0.18975676],
        ...,
        [ 0.86911102,  0.87819864,  0.8059316 , ...,  0.        ,
          0.39584951,  0.67895109],
        [ 0.60232411,  0.61713005,  0.50575305, ..., -0.39584951,
          0.        ,  0.33286505],
        [ 0.30226619,  0.32001931,  0.18975676, ..., -0.67895109,
         -0.33286505,  0.        ]],

       ...,

       [[ 0.        , -0.33344381, -0.46989184, ...,  0.9997982 ,
          0.99999749,  0.89179342],
        [ 0.33344381,  0.        , -0.14866106, ...,  0.93588131,
          0.9435146 ,  0.99162031],
        [ 0.46989184,  0.14866106,  0.        , ...,  0.8731064 ,
          0.88377445,  0.99980664],
        ...,
        [-0.9997982 , -0.93588131, -0.8731064 , ...,  0.        ,
         -0.02232833, -0.47026639],
        [-0.99999749, -0.9435146 , -0.88377445, ...,  0.02232833,
          0.        , -0.45044385],
        [-0.89179342, -0.99162031, -0.99980664, ...,  0.47026639,
          0.45044385,  0.        ]],

       [[ 0.        , -0.33794666, -0.30894322, ..., -0.59026695,
         -0.74120835, -0.78200453],
        [ 0.33794666,  0.        ,  0.03064784, ..., -0.82833203,
         -0.92445471, -0.94662844],
        [ 0.30894322, -0.03064784,  0.        , ..., -0.81077285,
         -0.91233467, -0.93630514],
        ...,
        [ 0.59026695,  0.82833203,  0.81077285, ...,  0.        ,
          0.20207792,  0.2633431 ],
        [ 0.74120835,  0.92445471,  0.91233467, ..., -0.20207792,
          0.        ,  0.06296516],
        [ 0.78200453,  0.94662844,  0.93630514, ..., -0.2633431 ,
         -0.06296516,  0.        ]],

       [[ 0.        , -0.19985893, -0.52219049, ..., -0.98869323,
         -0.99748009, -0.99123063],
        [ 0.19985893,  0.        , -0.34120966, ..., -0.93877672,
         -0.991535  , -0.99764225],
        [ 0.52219049,  0.34120966,  0.        , ..., -0.76488247,
         -0.88772766, -0.91435407],
        ...,
        [ 0.98869323,  0.93877672,  0.76488247, ...,  0.        ,
         -0.21971923, -0.27928649],
        [ 0.99748009,  0.991535  ,  0.88772766, ...,  0.21971923,
          0.        , -0.06148549],
        [ 0.99123063,  0.99764225,  0.91435407, ...,  0.27928649,
          0.06148549,  0.        ]]]), 'num': array([9.68325400e+06, 2.95345400e+06, 1.61000000e+03, 4.18000000e+03,
       4.49500000e+03, 4.17000000e+03, 3.27174700e+06, 6.00000000e+01,
       4.09000000e+03, 3.98975000e+03, 4.02391667e+03, 5.86206897e+01,
       4.21917264e+03, 3.76032736e+03])}
{'img': array([[[ 0.        , -0.47417424, -0.68933457, ...,  0.76485807,
          0.33201896,  0.6466635 ],
        [ 0.47417424,  0.        , -0.26339927, ...,  0.97886727,
          0.73959542,  0.93103106],
        [ 0.68933457,  0.26339927,  0.        , ...,  0.9981647 ,
          0.89075934,  0.99427839],
        ...,
        [-0.76485807, -0.97886727, -0.9981647 , ...,  0.        ,
         -0.50758352, -0.16683506],
        [-0.33201896, -0.73959542, -0.89075934, ...,  0.50758352,
          0.        ,  0.35672414],
        [-0.6466635 , -0.93103106, -0.99427839, ...,  0.16683506,
         -0.35672414,  0.        ]],

       [[ 0.        ,  0.05301066,  0.00733338, ...,  0.57653175,
          0.30689114,  0.64549919],
        [-0.05301066,  0.        , -0.04568616, ...,  0.53240745,
          0.25600702,  0.60410411],
        [-0.00733338,  0.04568616,  0.        , ...,  0.57052433,
          0.29990338,  0.63988088],
        ...,
        [-0.57653175, -0.53240745, -0.57052433, ...,  0.        ,
         -0.297958  ,  0.08708864],
        [-0.30689114, -0.25600702, -0.29990338, ...,  0.297958  ,
          0.        ,  0.37995891],
        [-0.64549919, -0.60410411, -0.63988088, ..., -0.08708864,
         -0.37995891,  0.        ]],

       [[ 0.        , -0.13442728, -0.32563666, ..., -0.61713005,
         -0.32001931,  0.10809671],
        [ 0.13442728,  0.        , -0.19558069, ..., -0.50575305,
         -0.18975676,  0.24075515],
        [ 0.32563666,  0.19558069,  0.        , ..., -0.32726253,
          0.00593511,  0.42593345],
        ...,
        [ 0.61713005,  0.50575305,  0.32726253, ...,  0.        ,
          0.33286505,  0.69857101],
        [ 0.32001931,  0.18975676, -0.00593511, ..., -0.33286505,
          0.        ,  0.42055613],
        [-0.10809671, -0.24075515, -0.42593345, ..., -0.69857101,
         -0.42055613,  0.        ]],

       ...,

       [[ 0.        , -0.14866106, -0.46288605, ...,  0.9435146 ,
          0.99162031,  0.99591713],
        [ 0.14866106,  0.        , -0.32596675, ...,  0.88377445,
          0.99980664,  0.97143075],
        [ 0.46288605,  0.32596675,  0.        , ...,  0.68297965,
          0.93878852,  0.84101292],
        ...,
        [-0.9435146 , -0.88377445, -0.68297965, ...,  0.        ,
         -0.45044385, -0.24480503],
        [-0.99162031, -0.99980664, -0.93878852, ...,  0.45044385,
          0.        ,  0.2181748 ],
        [-0.99591713, -0.97143075, -0.84101292, ...,  0.24480503,
         -0.2181748 ,  0.        ]],

       [[ 0.        ,  0.14221231, -0.37920973, ..., -0.83527315,
         -0.86871056, -0.9121558 ],
        [-0.14221231,  0.        , -0.50694608, ..., -0.74859025,
         -0.78944054, -0.8446    ],
        [ 0.37920973,  0.50694608,  0.        , ..., -0.98139009,
         -0.99165741, -0.99944426],
        ...,
        [ 0.83527315,  0.74859025,  0.98139009, ...,  0.        ,
          0.06392011,  0.15920399],
        [ 0.86871056,  0.78944054,  0.99165741, ..., -0.06392011,
          0.        ,  0.09577356],
        [ 0.9121558 ,  0.8446    ,  0.99944426, ..., -0.15920399,
         -0.09577356,  0.        ]],

       [[ 0.        , -0.34120966, -0.58074183, ..., -0.991535  ,
         -0.99764225, -0.9911747 ],
        [ 0.34120966,  0.        , -0.26811528, ..., -0.88772766,
         -0.91435407, -0.97692302],
        [ 0.58074183,  0.26811528,  0.        , ..., -0.73179318,
         -0.77231262, -0.88388758],
        ...,
        [ 0.991535  ,  0.88772766,  0.73179318, ...,  0.        ,
         -0.06148549, -0.26013382],
        [ 0.99764225,  0.91435407,  0.77231262, ...,  0.06148549,
          0.        , -0.20027294],
        [ 0.9911747 ,  0.97692302,  0.88388758, ...,  0.26013382,
          0.20027294,  0.        ]]]), 'num': array([9.84666200e+06, 2.08807200e+06, 1.81700000e+03, 4.27000000e+03,
       4.32500000e+03, 4.13500000e+03, 8.69815000e+05, 9.00000000e+01,
       4.18900000e+03, 4.00225000e+03, 4.02758333e+03, 6.17021277e+01,
       4.26212449e+03, 3.74237551e+03])}
{'img': array([[[ 0.        , -0.24662299, -0.24662299, ...,  0.67778843,
          0.85709913,  0.94280904],
        [ 0.24662299,  0.        ,  0.        , ...,  0.83818384,
          0.95767283,  0.83147942],
        [ 0.24662299,  0.        ,  0.        , ...,  0.83818384,
          0.95767283,  0.83147942],
        ...,
        [-0.67778843, -0.83818384, -0.83818384, ...,  0.        ,
          0.28102439,  0.91913642],
        [-0.85709913, -0.95767283, -0.95767283, ..., -0.28102439,
          0.        ,  0.77138922],
        [-0.94280904, -0.83147942, -0.83147942, ..., -0.91913642,
         -0.77138922,  0.        ]],

       [[ 0.        , -0.04568616, -0.0929815 , ...,  0.25600702,
          0.60410411,  0.22388425],
        [ 0.04568616,  0.        , -0.04739618, ...,  0.29990338,
          0.63988088,  0.26817693],
        [ 0.0929815 ,  0.04739618,  0.        , ...,  0.34478084,
          0.67558449,  0.31353559],
        ...,
        [-0.25600702, -0.29990338, -0.34478084, ...,  0.        ,
          0.37995891, -0.03308518],
        [-0.60410411, -0.63988088, -0.67558449, ..., -0.37995891,
          0.        , -0.4103548 ],
        [-0.22388425, -0.26817693, -0.31353559, ...,  0.03308518,
          0.4103548 ,  0.        ]],

       [[ 0.        , -0.19558069, -0.43985396, ..., -0.18975676,
          0.24075515,  0.98348146],
        [ 0.19558069,  0.        , -0.25571431, ...,  0.00593511,
          0.42593345,  0.99988993],
        [ 0.43985396,  0.25571431,  0.        , ...,  0.26144759,
          0.64313085,  0.962852  ],
        ...,
        [ 0.18975676, -0.00593511, -0.26144759, ...,  0.        ,
          0.42055613,  0.99996038],
        [-0.24075515, -0.42593345, -0.64313085, ..., -0.42055613,
          0.        ,  0.9109744 ],
        [-0.98348146, -0.99988993, -0.962852  , ..., -0.99996038,
         -0.9109744 ,  0.        ]],

       ...,

       [[ 0.        , -0.32596675,  0.01635541, ...,  0.99980664,
          0.97143075,  0.92842559],
        [ 0.32596675,  0.        ,  0.34138525, ...,  0.93878852,
          0.84101292,  0.75661348],
        [-0.01635541, -0.34138525,  0.        , ...,  0.99999452,
          0.97518233,  0.93437774],
        ...,
        [-0.99980664, -0.93878852, -0.99999452, ...,  0.        ,
          0.2181748 ,  0.35318971],
        [-0.97143075, -0.84101292, -0.97518233, ..., -0.2181748 ,
          0.        ,  0.14056746],
        [-0.92842559, -0.75661348, -0.93437774, ..., -0.35318971,
         -0.14056746,  0.        ]],

       [[ 0.        , -0.50694608, -0.76409043, ..., -0.78944054,
         -0.8446    , -0.94099761],
        [ 0.50694608,  0.        , -0.33159341, ..., -0.99165741,
         -0.99944426, -0.98267627],
        [ 0.76409043,  0.33159341,  0.        , ..., -0.97829468,
         -0.95395155, -0.86562446],
        ...,
        [ 0.78944054,  0.99165741,  0.97829468, ...,  0.        ,
          0.09577356,  0.31045267],
        [ 0.8446    ,  0.99944426,  0.95395155, ..., -0.09577356,
          0.        ,  0.21798429],
        [ 0.94099761,  0.98267627,  0.86562446, ..., -0.31045267,
         -0.21798429,  0.        ]],

       [[ 0.        , -0.25091459, -0.3825512 , ..., -0.83574949,
         -0.88947466, -0.99816588],
        [ 0.25091459,  0.        , -0.1384845 , ..., -0.67123328,
         -0.74635559, -0.98142371],
        [ 0.3825512 ,  0.1384845 ,  0.        , ..., -0.56211457,
         -0.64699616, -0.94539867],
        ...,
        [ 0.83574949,  0.67123328,  0.56211457, ...,  0.        ,
         -0.10649567, -0.59869859],
        [ 0.88947466,  0.74635559,  0.64699616, ...,  0.10649567,
          0.        , -0.50999359],
        [ 0.99816588,  0.98142371,  0.94539867, ...,  0.59869859,
          0.50999359,  0.        ]]]), 'num': array([9.87157700e+06, 3.89131700e+06, 1.39400000e+03, 4.29000000e+03,
       4.35000000e+03, 4.20500000e+03, 6.38690000e+05, 2.00000000e+01,
       4.21200000e+03, 4.01900000e+03, 4.03341667e+03, 6.70391061e+01,
       4.30627339e+03, 3.73172661e+03])}
{'img': array([[[ 0.        ,  0.        , -0.04818983, ...,  0.93905581,
          0.97735708,  0.81968431],
        [ 0.        ,  0.        , -0.04818983, ...,  0.93905581,
          0.97735708,  0.81968431],
        [ 0.04818983,  0.04818983,  0.        , ...,  0.95453077,
          0.96602478,  0.79112811],
        ...,
        [-0.93905581, -0.93905581, -0.95453077, ...,  0.        ,
          0.53468193,  0.81968431],
        [-0.97735708, -0.97735708, -0.96602478, ..., -0.53468193,
          0.        ,  0.38640289],
        [-0.81968431, -0.81968431, -0.79112811, ..., -0.81968431,
         -0.38640289,  0.        ]],

       [[ 0.        , -0.04739618, -0.06224029, ...,  0.63988088,
          0.26817693,  0.20646377],
        [ 0.04739618,  0.        , -0.01486605, ...,  0.67558449,
          0.31353559,  0.25260673],
        [ 0.06224029,  0.01486605,  0.        , ...,  0.68647032,
          0.32761739,  0.26696275],
        ...,
        [-0.63988088, -0.67558449, -0.68647032, ...,  0.        ,
         -0.4103548 , -0.4674321 ],
        [-0.26817693, -0.31353559, -0.32761739, ...,  0.4103548 ,
          0.        , -0.06349792],
        [-0.20646377, -0.25260673, -0.26696275, ...,  0.4674321 ,
          0.06349792,  0.        ]],

       [[ 0.        , -0.2419323 , -0.51839259, ...,  0.39487555,
          0.90762189,  0.99697072],
        [ 0.2419323 ,  0.        , -0.29610611, ...,  0.60541661,
          0.98221972,  0.94853689],
        [ 0.51839259,  0.29610611,  0.        , ...,  0.81394018,
          0.9937616 ,  0.81223286],
        ...,
        [-0.39487555, -0.60541661, -0.81394018, ...,  0.        ,
          0.66809938,  0.94666406],
        [-0.90762189, -0.98221972, -0.9937616 , ..., -0.66809938,
          0.        ,  0.4891098 ],
        [-0.99697072, -0.94853689, -0.81223286, ..., -0.94666406,
         -0.4891098 ,  0.        ]],

       ...,

       [[ 0.        ,  0.34138525,  0.22044686, ...,  0.84101292,
          0.75661348,  0.52789217],
        [-0.34138525,  0.        , -0.12578365, ...,  0.97518233,
          0.93437774,  0.78612062],
        [-0.22044686,  0.12578365,  0.        , ...,  0.93958822,
          0.88214194,  0.70213352],
        ...,
        [-0.84101292, -0.97518233, -0.93958822, ...,  0.        ,
          0.14056746,  0.42868426],
        [-0.75661348, -0.93437774, -0.88214194, ..., -0.14056746,
          0.        ,  0.29743161],
        [-0.52789217, -0.78612062, -0.70213352, ..., -0.42868426,
         -0.29743161,  0.        ]],

       [[ 0.        , -0.6415806 , -0.79910366, ..., -0.86547135,
         -0.95721673, -0.99741266],
        [ 0.6415806 ,  0.        , -0.22724303, ..., -0.98526987,
         -0.91989392, -0.81119337],
        [ 0.79910366,  0.22724303,  0.        , ..., -0.92063325,
         -0.80671045, -0.65708428],
        ...,
        [ 0.86547135,  0.98526987,  0.92063325, ...,  0.        ,
          0.22908262,  0.43744468],
        [ 0.95721673,  0.91989392,  0.80671045, ..., -0.22908262,
          0.        ,  0.21981023],
        [ 0.99741266,  0.81119337,  0.65708428, ..., -0.43744468,
         -0.21981023,  0.        ]],

       [[ 0.        , -0.1313527 , -0.30584684, ..., -0.68862048,
         -0.85424825, -0.98952027],
        [ 0.1313527 ,  0.        , -0.17813852, ..., -0.58740735,
         -0.77856108, -0.96198022],
        [ 0.30584684,  0.17813852,  0.        , ..., -0.43384604,
         -0.65431414, -0.89794071],
        ...,
        [ 0.68862048,  0.58740735,  0.43384604, ...,  0.        ,
         -0.26144426, -0.61809015],
        [ 0.85424825,  0.77856108,  0.65431414, ...,  0.26144426,
          0.        , -0.39106888],
        [ 0.98952027,  0.96198022,  0.89794071, ...,  0.61809015,
          0.39106888,  0.        ]]]), 'num': array([ 9.75422700e+06,  2.68994700e+06,  1.67400000e+03,  4.22000000e+03,
        4.28500000e+03,  4.15000000e+03,  4.27719000e+05, -7.00000000e+01,
        4.21600000e+03,  4.03375000e+03,  4.03900000e+03,  6.19791667e+01,
        4.33034526e+03,  3.73715474e+03])}
{'img': array([[[ 0.        , -0.04818983, -0.04818983, ...,  0.97735708,
          0.81968431,  0.98947223],
        [ 0.04818983,  0.        ,  0.        , ...,  0.96602478,
          0.79112811,  0.99529682],
        [ 0.04818983,  0.        ,  0.        , ...,  0.96602478,
          0.79112811,  0.99529682],
        ...,
        [-0.97735708, -0.96602478, -0.96602478, ...,  0.        ,
          0.38640289, -0.35081492],
        [-0.81968431, -0.79112811, -0.79112811, ..., -0.38640289,
          0.        , -0.68541214],
        [-0.98947223, -0.99529682, -0.99529682, ...,  0.35081492,
          0.68541214,  0.        ]],

       [[ 0.        , -0.01486605, -0.03810947, ...,  0.31353559,
          0.25260673,  0.18452039],
        [ 0.01486605,  0.        , -0.02325   , ...,  0.32761739,
          0.26696275,  0.19911078],
        [ 0.03810947,  0.02325   ,  0.        , ...,  0.34949568,
          0.28929677,  0.22184143],
        ...,
        [-0.31353559, -0.32761739, -0.34949568, ...,  0.        ,
         -0.06349792, -0.13293555],
