state_0,state_1,state_2,state_3,state_4,state_5,state_6,state_7,state_8,state_9,state_10,state_11,state_12,state_13,state_14,state_15,state_16,state_17,state_18,state_19,state_20,state_21,state_22,state_23,state_24,state_25,state_26,state_27,state_28,state_29,state_30,state_31,state_32,state_33,state_34,state_35,state_36,state_37,state_38,state_39,state_40,state_41,state_42,state_43,state_44,state_45,state_46,state_47,state_48,state_49,state_50,state_51,state_52,state_53,state_54,state_55,state_56,state_57,state_58,state_59,state_60,state_61,state_62,state_63,state_64,state_65,state_66,state_67,state_68,state_69,state_70,state_71,state_72,state_73,state_74,state_75,state_76,state_77
{'img': array([[[ 0.        , -0.00503131, -0.00503131, ...,  0.97730988,
          0.99744337,  0.63897107],
        [ 0.00503131,  0.        ,  0.        , ...,  0.97836321,
          0.9970712 ,  0.63509274],
        [ 0.00503131,  0.        ,  0.        , ...,  0.97836321,
          0.9970712 ,  0.63509274],
        ...,
        [-0.97730988, -0.97836321, -0.97836321, ...,  0.        ,
          0.28111287,  0.8871202 ],
        [-0.99744337, -0.9970712 , -0.9970712 , ..., -0.28111287,
          0.        ,  0.72160242],
        [-0.63897107, -0.63509274, -0.63509274, ..., -0.8871202 ,
         -0.72160242,  0.        ]],

       [[ 0.        , -0.15840794,  0.11290386, ...,  0.89774854,
          0.20106633,  0.95703034],
        [ 0.15840794,  0.        ,  0.26887338, ...,  0.95619336,
          0.04335475,  0.89901027],
        [-0.11290386, -0.26887338,  0.        , ...,  0.84227318,
          0.3103788 ,  0.98365175],
        ...,
        [-0.89774854, -0.95619336, -0.84227318, ...,  0.        ,
          0.96798578,  0.68191592],
        [-0.20106633, -0.04335475, -0.3103788 , ..., -0.96798578,
          0.        , -0.87917873],
        [-0.95703034, -0.89901027, -0.98365175, ..., -0.68191592,
          0.87917873,  0.        ]],

       [[ 0.        ,  0.02940426,  0.06059837, ...,  0.97625115,
          0.99473994,  0.57919707],
        [-0.02940426,  0.        ,  0.03122194, ...,  0.96945883,
          0.99732177,  0.60291662],
        [-0.06059837, -0.03122194,  0.        , ...,  0.96132888,
          0.99911909,  0.62753167],
        ...,
        [-0.97625115, -0.96945883, -0.96132888, ...,  0.        ,
          0.31550236,  0.92130612],
        [-0.99473994, -0.99732177, -0.99911909, ..., -0.31550236,
          0.        ,  0.75157089],
        [-0.57919707, -0.60291662, -0.62753167, ..., -0.92130612,
         -0.75157089,  0.        ]],

       ...,

       [[ 0.        , -0.0922865 , -0.26535664, ...,  0.28097742,
          0.35254391,  0.41999043],
        [ 0.0922865 ,  0.        , -0.17524618, ...,  0.36834702,
          0.4374007 ,  0.50195074],
        [ 0.26535664,  0.17524618,  0.        , ...,  0.52557106,
          0.58822482,  0.64575263],
        ...,
        [-0.28097742, -0.36834702, -0.52557106, ...,  0.        ,
          0.07540412,  0.14807582],
        [-0.35254391, -0.4374007 , -0.58822482, ..., -0.07540412,
          0.        ,  0.07308139],
        [-0.41999043, -0.50195074, -0.64575263, ..., -0.14807582,
         -0.07308139,  0.        ]],

       [[ 0.        , -0.13677734, -0.18818926, ...,  0.99691274,
          0.97086429,  0.46302211],
        [ 0.13677734,  0.        , -0.05208711, ...,  0.99828298,
          0.92896398,  0.3374384 ],
        [ 0.18818926,  0.05208711,  0.        , ...,  0.99387682,
          0.90842185,  0.28794826],
        ...,
        [-0.99691274, -0.99828298, -0.99387682, ...,  0.        ,
          0.31511993,  0.91996564],
        [-0.97086429, -0.92896398, -0.90842185, ..., -0.31511993,
          0.        ,  0.7495684 ],
        [-0.46302211, -0.3374384 , -0.28794826, ..., -0.91996564,
         -0.7495684 ,  0.        ]],

       [[ 0.        ,  0.90031061,  0.98808785, ...,  0.99882655,
          0.96788101,  0.74257782],
        [-0.90031061,  0.        ,  0.29151365, ...,  0.47833977,
          0.19492233, -0.27978635],
        [-0.98808785, -0.29151365,  0.        , ...,  0.20156392,
         -0.09946583, -0.54750556],
        ...,
        [-0.99882655, -0.47833977, -0.20156392, ...,  0.        ,
         -0.29798869, -0.70493731],
        [-0.96788101, -0.19492233,  0.09946583, ...,  0.29798869,
          0.        , -0.46155726],
        [-0.74257782,  0.27978635,  0.54750556, ...,  0.70493731,
          0.46155726,  0.        ]]]), 'num': array([ 9.32218900e+06,  5.25526900e+06,  5.72000000e+02,  7.11000000e+03,
        8.30000000e+03,  6.82000000e+03,  1.77115000e+06, -1.00000000e+02,
        6.68400000e+03,  5.46675000e+03,  4.78650000e+03,  8.44236760e+01,
        7.03490584e+03,  3.89859416e+03])}
{'img': array([[[ 0.        ,  0.        ,  0.        , ...,  0.9970712 ,
          0.63509274,  0.86648967],
        [ 0.        ,  0.        ,  0.        , ...,  0.9970712 ,
          0.63509274,  0.86648967],
        [ 0.        ,  0.        ,  0.        , ...,  0.9970712 ,
          0.63509274,  0.86648967],
        ...,
        [-0.9970712 , -0.9970712 , -0.9970712 , ...,  0.        ,
          0.72160242,  0.43146482],
        [-0.63509274, -0.63509274, -0.63509274, ..., -0.72160242,
          0.        , -0.35227261],
        [-0.86648967, -0.86648967, -0.86648967, ..., -0.43146482,
          0.35227261,  0.        ]],

       [[ 0.        ,  0.24486314,  0.18570483, ...,  0.78139696,
          0.98316888,  0.03943252],
        [-0.24486314,  0.        , -0.06055235, ...,  0.9104124 ,
          0.99797518,  0.2829048 ],
        [-0.18570483,  0.06055235,  0.        , ...,  0.88369119,
          0.99999532,  0.22430701],
        ...,
        [-0.78139696, -0.9104124 , -0.88369119, ...,  0.        ,
         -0.4707706 ,  0.75618198],
        [-0.98316888, -0.99797518, -0.99999532, ...,  0.4707706 ,
          0.        ,  0.97519993],
        [-0.03943252, -0.2829048 , -0.22430701, ..., -0.75618198,
         -0.97519993,  0.        ]],

       [[ 0.        ,  0.02914884,  0.02505706, ...,  0.99259612,
          0.96446266,  0.57043614],
        [-0.02914884,  0.        , -0.00409328, ...,  0.98863388,
          0.97175453,  0.59413492],
        [-0.02505706,  0.00409328,  0.        , ...,  0.98924099,
          0.9707804 ,  0.59083745],
        ...,
        [-0.99259612, -0.98863388, -0.98924099, ...,  0.        ,
          0.37940823,  0.88454699],
        [-0.96446266, -0.97175453, -0.9707804 , ..., -0.37940823,
          0.        ,  0.64143348],
        [-0.57043614, -0.59413492, -0.59083745, ..., -0.88454699,
         -0.64143348,  0.        ]],

       ...,

       [[ 0.        , -0.17524618, -0.24477528, ...,  0.4374007 ,
          0.50195074,  0.38649263],
        [ 0.17524618,  0.        , -0.07107214, ...,  0.58822482,
          0.64575263,  0.54213975],
        [ 0.24477528,  0.07107214,  0.        , ...,  0.64421316,
          0.69838653,  0.60048987],
        ...,
        [-0.4374007 , -0.58822482, -0.64421316, ...,  0.        ,
          0.07308139, -0.05585143],
        [-0.50195074, -0.64575263, -0.69838653, ..., -0.07308139,
          0.        , -0.1286694 ],
        [-0.38649263, -0.54213975, -0.60048987, ...,  0.05585143,
          0.1286694 ,  0.        ]],

       [[ 0.        , -0.04903322, -0.11507571, ...,  0.9851117 ,
          0.84404187,  0.31862853],
        [ 0.04903322,  0.        , -0.06622981, ...,  0.97549719,
          0.81673121,  0.27176767],
        [ 0.11507571,  0.06622981,  0.        , ...,  0.95878404,
          0.77672218,  0.20743386],
        ...,
        [-0.9851117 , -0.97549719, -0.95878404, ...,  0.        ,
          0.38318916,  0.87899018],
        [-0.84404187, -0.81673121, -0.77672218, ..., -0.38318916,
          0.        ,  0.62917689],
        [-0.31862853, -0.27176767, -0.20743386, ..., -0.87899018,
         -0.62917689,  0.        ]],

       [[ 0.        ,  0.34203464,  0.59999076, ...,  0.23229692,
         -0.37525259, -0.80730732],
        [-0.34203464,  0.        ,  0.29017364, ..., -0.11439179,
         -0.66965975, -0.9604618 ],
        [-0.59999076, -0.29017364,  0.        , ..., -0.39773882,
         -0.85634966, -0.99992475],
        ...,
        [-0.23229692,  0.11439179,  0.39773882, ...,  0.        ,
         -0.58030879, -0.92230904],
        [ 0.37525259,  0.66965975,  0.85634966, ...,  0.58030879,
          0.        , -0.52686312],
        [ 0.80730732,  0.9604618 ,  0.99992475, ...,  0.92230904,
          0.52686312,  0.        ]]]), 'num': array([1.33000000e+07, 1.33000000e+07, 0.00000000e+00, 7.11000000e+03,
       7.80000000e+03, 6.63000000e+03, 1.47117400e+06, 0.00000000e+00,
       6.90600000e+03, 5.58800000e+03, 4.83091667e+03, 8.28178694e+01,
       7.26672988e+03, 3.90927012e+03])}
{'img': array([[[ 0.00000000e+00,  0.00000000e+00,  1.50032313e-02, ...,
          6.35092737e-01,  8.66489671e-01,  8.66489671e-01],
        [ 0.00000000e+00,  0.00000000e+00,  1.50032313e-02, ...,
          6.35092737e-01,  8.66489671e-01,  8.66489671e-01],
        [-1.50032313e-02, -1.50032313e-02,  0.00000000e+00, ...,
          6.46610289e-01,  8.73881682e-01,  8.73881682e-01],
        ...,
        [-6.35092737e-01, -6.35092737e-01, -6.46610289e-01, ...,
          0.00000000e+00, -3.52272607e-01, -3.52272607e-01],
        [-8.66489671e-01, -8.66489671e-01, -8.73881682e-01, ...,
          3.52272607e-01,  0.00000000e+00,  0.00000000e+00],
        [-8.66489671e-01, -8.66489671e-01, -8.73881682e-01, ...,
          3.52272607e-01,  0.00000000e+00,  0.00000000e+00]],

       [[ 0.00000000e+00, -6.05523498e-02, -4.18455391e-02, ...,
          9.97975181e-01,  2.82904797e-01,  9.08461185e-01],
        [ 6.05523498e-02,  0.00000000e+00,  1.87305580e-02, ...,
          9.99995324e-01,  2.24307008e-01,  8.81485160e-01],
        [ 4.18455391e-02, -1.87305580e-02,  0.00000000e+00, ...,
          9.99762613e-01,  2.42520934e-01,  8.90175308e-01],
        ...,
        [-9.97975181e-01, -9.99995324e-01, -9.99762613e-01, ...,
          0.00000000e+00,  9.75199925e-01,  4.74905180e-01],
        [-2.82904797e-01, -2.24307008e-01, -2.42520934e-01, ...,
         -9.75199925e-01,  0.00000000e+00, -7.53103224e-01],
        [-9.08461185e-01, -8.81485160e-01, -8.90175308e-01, ...,
         -4.74905180e-01,  7.53103224e-01,  0.00000000e+00]],

       [[ 0.00000000e+00, -3.90386361e-03, -3.90386361e-03, ...,
          9.98059541e-01,  9.28611230e-01,  5.71682726e-01],
        [ 3.90386361e-03,  0.00000000e+00,  0.00000000e+00, ...,
          9.97808855e-01,  9.27155609e-01,  5.68475348e-01],
        [ 3.90386361e-03,  0.00000000e+00,  0.00000000e+00, ...,
          9.97808855e-01,  9.27155609e-01,  5.68475348e-01],
        ...,
        [-9.98059541e-01, -9.97808855e-01, -9.97808855e-01, ...,
          0.00000000e+00,  3.12512507e-01,  7.83285838e-01],
        [-9.28611230e-01, -9.27155609e-01, -9.27155609e-01, ...,
         -3.12512507e-01,  0.00000000e+00,  5.49776842e-01],
        [-5.71682726e-01, -5.68475348e-01, -5.68475348e-01, ...,
         -7.83285838e-01, -5.49776842e-01,  0.00000000e+00]],

       ...,

       [[ 0.00000000e+00, -7.10721371e-02, -1.38155254e-01, ...,
          6.45752633e-01,  5.42139752e-01,  4.91089793e-01],
        [ 7.10721371e-02,  0.00000000e+00, -6.74152868e-02, ...,
          6.98386534e-01,  6.00489865e-01,  5.51759489e-01],
        [ 1.38155254e-01,  6.74152868e-02,  0.00000000e+00, ...,
          7.45048228e-01,  6.53031197e-01,  6.06728807e-01],
        ...,
        [-6.45752633e-01, -6.98386534e-01, -7.45048228e-01, ...,
          0.00000000e+00, -1.28669396e-01, -1.87550920e-01],
        [-5.42139752e-01, -6.00489865e-01, -6.53031197e-01, ...,
          1.28669396e-01,  0.00000000e+00, -5.96057691e-02],
        [-4.91089793e-01, -5.51759489e-01, -6.06728807e-01, ...,
          1.87550920e-01,  5.96057691e-02,  0.00000000e+00]],

       [[ 0.00000000e+00, -6.33346434e-02, -6.41218129e-02, ...,
          9.15289665e-01,  7.53324251e-01,  2.60245344e-01],
        [ 6.33346434e-02,  0.00000000e+00, -7.88772800e-04, ...,
          8.87941123e-01,  7.10159854e-01,  1.98570570e-01],
        [ 6.41218129e-02,  7.88772800e-04,  0.00000000e+00, ...,
          8.87578045e-01,  7.09604305e-01,  1.97797442e-01],
        ...,
        [-9.15289665e-01, -8.87941123e-01, -8.87578045e-01, ...,
          0.00000000e+00,  2.98503396e-01,  7.78925240e-01],
        [-7.53324251e-01, -7.10159854e-01, -7.09604305e-01, ...,
         -2.98503396e-01,  0.00000000e+00,  5.56216434e-01],
        [-2.60245344e-01, -1.98570570e-01, -1.97797442e-01, ...,
         -7.78925240e-01, -5.56216434e-01,  0.00000000e+00]],

       [[ 0.00000000e+00,  2.90173638e-01,  4.28288429e-01, ...,
         -6.69659747e-01, -9.60461802e-01, -8.30215919e-01],
        [-2.90173638e-01,  0.00000000e+00,  1.47647784e-01, ...,
         -8.56349663e-01, -9.99924747e-01, -9.56250018e-01],
        [-4.28288429e-01, -1.47647784e-01,  0.00000000e+00, ...,
         -9.23208861e-01, -9.87154257e-01, -9.88963983e-01],
        ...,
        [ 6.69659747e-01,  8.56349663e-01,  9.23208861e-01, ...,
          0.00000000e+00, -5.26863118e-01, -2.43278397e-01],
        [ 9.60461802e-01,  9.99924747e-01,  9.87154257e-01, ...,
          5.26863118e-01,  0.00000000e+00,  3.04259798e-01],
        [ 8.30215919e-01,  9.56250018e-01,  9.88963983e-01, ...,
          2.43278397e-01, -3.04259798e-01,  0.00000000e+00]]]), 'num': array([1.33000000e+07, 1.33000000e+07, 0.00000000e+00, 7.40000000e+03,
       7.50000000e+03, 7.02000000e+03, 5.66153000e+05, 2.90000000e+02,
       7.11200000e+03, 5.72375000e+03, 4.88016667e+03, 8.49056604e+01,
       7.52319679e+03, 3.92430321e+03])}
{'img': array([[[ 0.00000000e+00,  1.45116498e-02,  1.45116498e-02, ...,
          9.54592841e-01,  9.54592841e-01,  6.18863574e-01],
        [-1.45116498e-02,  0.00000000e+00,  0.00000000e+00, ...,
          9.58815540e-01,  9.58815540e-01,  6.30197287e-01],
        [-1.45116498e-02,  0.00000000e+00,  0.00000000e+00, ...,
          9.58815540e-01,  9.58815540e-01,  6.30197287e-01],
        ...,
        [-9.54592841e-01, -9.58815540e-01, -9.58815540e-01, ...,
          0.00000000e+00,  0.00000000e+00,  5.65463364e-01],
        [-9.54592841e-01, -9.58815540e-01, -9.58815540e-01, ...,
          0.00000000e+00,  0.00000000e+00,  5.65463364e-01],
        [-6.18863574e-01, -6.30197287e-01, -6.30197287e-01, ...,
         -5.65463364e-01, -5.65463364e-01,  0.00000000e+00]],

       [[ 0.00000000e+00,  1.87305580e-02, -2.24307008e-01, ...,
          2.24307008e-01,  8.81485160e-01,  8.19782990e-01],
        [-1.87305580e-02,  0.00000000e+00, -2.42520934e-01, ...,
          2.42520934e-01,  8.90175308e-01,  8.08912664e-01],
        [ 2.24307008e-01,  2.42520934e-01,  0.00000000e+00, ...,
          0.00000000e+00,  7.53103224e-01,  9.27348573e-01],
        ...,
        [-2.24307008e-01, -2.42520934e-01, -0.00000000e+00, ...,
          0.00000000e+00, -7.53103224e-01, -9.27348573e-01],
        [-8.81485160e-01, -8.90175308e-01, -7.53103224e-01, ...,
          7.53103224e-01,  0.00000000e+00, -8.91915033e-01],
        [-8.19782990e-01, -8.08912664e-01, -9.27348573e-01, ...,
          9.27348573e-01,  8.91915033e-01,  0.00000000e+00]],

       [[ 0.00000000e+00,  0.00000000e+00,  2.50219291e-03, ...,
          9.80002293e-01,  9.00761776e-01,  5.49815680e-01],
        [ 0.00000000e+00,  0.00000000e+00,  2.50219291e-03, ...,
          9.80002293e-01,  9.00761776e-01,  5.49815680e-01],
        [-2.50219291e-03, -2.50219291e-03,  0.00000000e+00, ...,
          9.80497127e-01,  9.01845692e-01,  5.51904006e-01],
        ...,
        [-9.80002293e-01, -9.80002293e-01, -9.80497127e-01, ...,
          0.00000000e+00,  2.46389074e-01,  7.09176474e-01],
        [-9.00761776e-01, -9.00761776e-01, -9.01845692e-01, ...,
         -2.46389074e-01,  0.00000000e+00,  5.13601332e-01],
        [-5.49815680e-01, -5.49815680e-01, -5.51904006e-01, ...,
         -7.09176474e-01, -5.13601332e-01,  0.00000000e+00]],

       ...,

       [[ 0.00000000e+00, -6.74152868e-02, -9.68151658e-02, ...,
          6.00489865e-01,  5.51759489e-01,  6.15107958e-01],
        [ 6.74152868e-02,  0.00000000e+00, -2.94963162e-02, ...,
          6.53031197e-01,  6.06728807e-01,  6.66861692e-01],
        [ 9.68151658e-02,  2.94963162e-02,  0.00000000e+00, ...,
          6.75085531e-01,  6.29911697e-01,  6.88551643e-01],
        ...,
        [-6.00489865e-01, -6.53031197e-01, -6.75085531e-01, ...,
          0.00000000e+00, -5.96057691e-02,  1.84082639e-02],
        [-5.51759489e-01, -6.06728807e-01, -6.29911697e-01, ...,
          5.96057691e-02,  0.00000000e+00,  7.79712030e-02],
        [-6.15107958e-01, -6.66861692e-01, -6.88551643e-01, ...,
         -1.84082639e-02, -7.79712030e-02,  0.00000000e+00]],

       [[ 0.00000000e+00, -7.53987803e-04, -7.20462589e-03, ...,
          8.52945687e-01,  7.06486442e-01,  1.89976415e-01],
        [ 7.53987803e-04,  0.00000000e+00, -6.45065561e-03, ...,
          8.52551864e-01,  7.05952624e-01,  1.89236104e-01],
        [ 7.20462589e-03,  6.45065561e-03,  0.00000000e+00, ...,
          8.49162738e-01,  7.01369201e-01,  1.82898064e-01],
        ...,
        [-8.52945687e-01, -8.52551864e-01, -8.49162738e-01, ...,
          0.00000000e+00,  2.34866642e-01,  7.38244773e-01],
        [-7.06486442e-01, -7.05952624e-01, -7.01369201e-01, ...,
         -2.34866642e-01,  0.00000000e+00,  5.59169016e-01],
        [-1.89976415e-01, -1.89236104e-01, -1.82898064e-01, ...,
         -7.38244773e-01, -5.59169016e-01,  0.00000000e+00]],

       [[ 0.00000000e+00,  1.47647784e-01,  2.89272382e-01, ...,
         -9.99924747e-01, -9.56250018e-01, -8.91454414e-01],
        [-1.47647784e-01,  0.00000000e+00,  1.44766586e-01, ...,
         -9.87154257e-01, -9.88963983e-01, -9.48584823e-01],
        [-2.89272382e-01, -1.44766586e-01,  0.00000000e+00, ...,
         -9.53626043e-01, -9.99994130e-01, -9.84414232e-01],
        ...,
        [ 9.99924747e-01,  9.87154257e-01,  9.53626043e-01, ...,
          0.00000000e+00,  3.04259798e-01,  4.64012520e-01],
        [ 9.56250018e-01,  9.88963983e-01,  9.99994130e-01, ...,
         -3.04259798e-01,  0.00000000e+00,  1.72491221e-01],
        [ 8.91454414e-01,  9.48584823e-01,  9.84414232e-01, ...,
         -4.64012520e-01, -1.72491221e-01,  0.00000000e+00]]]), 'num': array([ 1.33000000e+07,  1.33000000e+07,  0.00000000e+00,  6.59000000e+03,
        7.55000000e+03,  6.58000000e+03,  7.50034000e+05, -8.10000000e+02,
        7.08400000e+03,  5.81900000e+03,  4.91591667e+03,  7.20000000e+01,
        7.58987436e+03,  4.04812564e+03])}
{'img': array([[[ 0.        ,  0.        ,  0.01895455, ...,  0.95881554,
          0.63019729,  0.98936746],
        [ 0.        ,  0.        ,  0.01895455, ...,  0.95881554,
          0.63019729,  0.98936746],
        [-0.01895455, -0.01895455,  0.        , ...,  0.96402694,
          0.64480104,  0.98643302],
        ...,
        [-0.95881554, -0.95881554, -0.96402694, ...,  0.        ,
          0.56546336, -0.42045716],
        [-0.63019729, -0.63019729, -0.64480104, ..., -0.56546336,
          0.        , -0.8598338 ],
        [-0.98936746, -0.98936746, -0.98643302, ...,  0.42045716,
          0.8598338 ,  0.        ]],

       [[ 0.        , -0.24252093, -0.08615775, ...,  0.89017531,
          0.80891266,  0.91703619],
        [ 0.24252093,  0.        ,  0.15803351, ...,  0.75310322,
          0.92734857,  0.98637747],
        [ 0.08615775, -0.15803351,  0.        , ...,  0.84761016,
          0.85655935,  0.94798625],
        ...,
        [-0.89017531, -0.75310322, -0.84761016, ...,  0.        ,
         -0.89191503, -0.77282382],
        [-0.80891266, -0.92734857, -0.85655935, ...,  0.89191503,
          0.        ,  0.21655441],
        [-0.91703619, -0.98637747, -0.94798625, ...,  0.77282382,
         -0.21655441,  0.        ]],

       [[ 0.        ,  0.00250219,  0.01118622, ...,  0.90076178,
          0.54981568,  0.70250737],
        [-0.00250219,  0.        ,  0.00868414, ...,  0.90184569,
          0.55190401,  0.70428593],
        [-0.01118622, -0.00868414,  0.        , ...,  0.90556374,
          0.55912497,  0.71042439],
        ...,
        [-0.90076178, -0.90184569, -0.90556374, ...,  0.        ,
          0.51360133,  0.33594251],
        [-0.54981568, -0.55190401, -0.55912497, ..., -0.51360133,
          0.        , -0.1955037 ],
        [-0.70250737, -0.70428593, -0.71042439, ..., -0.33594251,
          0.1955037 ,  0.        ]],

       ...,

       [[ 0.        , -0.02949632, -0.0606181 , ...,  0.60672881,
          0.66686169,  0.28782427],
        [ 0.02949632,  0.        , -0.03114965, ...,  0.6299117 ,
          0.68855164,  0.31594717],
        [ 0.0606181 ,  0.03114965,  0.        , ...,  0.65379892,
          0.71080684,  0.34534791],
        ...,
        [-0.60672881, -0.6299117 , -0.65379892, ...,  0.        ,
          0.0779712 , -0.35225993],
        [-0.66686169, -0.68855164, -0.71080684, ..., -0.0779712 ,
          0.        , -0.42416094],
        [-0.28782427, -0.31594717, -0.34534791, ...,  0.35225993,
          0.42416094,  0.        ]],

       [[ 0.        , -0.00637955, -0.04650567, ...,  0.75090916,
          0.46555092,  0.18718648],
        [ 0.00637955,  0.        , -0.04013208, ...,  0.74668079,
          0.45989542,  0.18091588],
        [ 0.04650567,  0.04013208,  0.        , ...,  0.71938409,
          0.42388871,  0.14130029],
        ...,
        [-0.75090916, -0.74668079, -0.71938409, ...,  0.        ,
          0.35711805,  0.61401741],
        [-0.46555092, -0.45989542, -0.42388871, ..., -0.35711805,
          0.        ,  0.29165805],
        [-0.18718648, -0.18091588, -0.14130029, ..., -0.61401741,
         -0.29165805,  0.        ]],

       [[ 0.        ,  0.14476659,  0.34854272, ..., -0.98896398,
         -0.94858482, -0.48211449],
        [-0.14476659,  0.        ,  0.20918242, ..., -0.99999413,
         -0.98441423, -0.60386701],
        [-0.34854272, -0.20918242,  0.        , ..., -0.97858766,
         -0.99942362, -0.75724363],
        ...,
        [ 0.98896398,  0.99999413,  0.97858766, ...,  0.        ,
          0.17249122,  0.79501126],
        [ 0.94858482,  0.98441423,  0.99942362, ..., -0.17249122,
          0.        ,  0.67846262],
        [ 0.48211449,  0.60386701,  0.75724363, ..., -0.79501126,
         -0.67846262,  0.        ]]]), 'num': array([1.33000000e+07, 1.33000000e+07, 0.00000000e+00, 6.71000000e+03,
       6.98000000e+03, 6.58000000e+03, 3.38632000e+05, 1.20000000e+02,
       6.98400000e+03, 5.91950000e+03, 4.95341667e+03, 7.08333333e+01,
       7.65268753e+03, 4.18631247e+03])}
{'img': array([[[ 0.        ,  0.01895455,  0.03748584, ...,  0.63019729,
          0.98936746,  0.99824283],
        [-0.01895455,  0.        ,  0.01853788, ...,  0.64480104,
          0.98643302,  0.99694032],
        [-0.03748584, -0.01853788,  0.        , ...,  0.65885968,
          0.98322025,  0.99531996],
        ...,
        [-0.63019729, -0.64480104, -0.65885968, ...,  0.        ,
         -0.8598338 , -0.81241361],
        [-0.98936746, -0.98643302, -0.98322025, ...,  0.8598338 ,
          0.        ,  0.08655596],
        [-0.99824283, -0.99694032, -0.99531996, ...,  0.81241361,
         -0.08655596,  0.        ]],

       [[ 0.        ,  0.15803351,  0.18729268, ...,  0.92734857,
          0.98637747,  0.77360562],
        [-0.15803351,  0.        ,  0.02970213, ...,  0.85655935,
          0.94798625,  0.66374361],
        [-0.18729268, -0.02970213,  0.        , ...,  0.84085369,
          0.93811347,  0.64123475],
        ...,
        [-0.92734857, -0.85655935, -0.84085369, ...,  0.        ,
          0.21655441, -0.29814837],
        [-0.98637747, -0.94798625, -0.93811347, ..., -0.21655441,
          0.        , -0.49777889],
        [-0.77360562, -0.66374361, -0.64123475, ...,  0.29814837,
          0.49777889,  0.        ]],

       [[ 0.        ,  0.00868414,  0.02210787, ...,  0.55190401,
          0.70428593,  0.84567692],
        [-0.00868414,  0.        ,  0.01342502, ...,  0.55912497,
          0.71042439,  0.85027972],
        [-0.02210787, -0.01342502,  0.        , ...,  0.57020504,
          0.71980853,  0.85726909],
        ...,
        [-0.55190401, -0.55912497, -0.57020504, ...,  0.        ,
         -0.1955037 , -0.41066794],
        [-0.70428593, -0.71042439, -0.71980853, ...,  0.1955037 ,
          0.        , -0.22448593],
        [-0.84567692, -0.85027972, -0.85726909, ...,  0.41066794,
          0.22448593,  0.        ]],

       ...,

       [[ 0.        , -0.03114965,  0.07845128, ...,  0.68855164,
          0.31594717,  0.28126284],
        [ 0.03114965,  0.        ,  0.10946686, ...,  0.71080684,
          0.34534791,  0.31101851],
        [-0.07845128, -0.10946686,  0.        , ...,  0.62953762,
          0.24054065,  0.20511171],
        ...,
        [-0.68855164, -0.71080684, -0.62953762, ...,  0.        ,
         -0.42416094, -0.4567871 ],
        [-0.31594717, -0.34534791, -0.24054065, ...,  0.42416094,
          0.        , -0.03633697],
        [-0.28126284, -0.31101851, -0.20511171, ...,  0.4567871 ,
          0.03633697,  0.        ]],

       [[ 0.        , -0.03972494, -0.0639439 , ...,  0.55613658,
          0.44784718,  0.17910634],
        [ 0.03972494,  0.        , -0.02424978, ...,  0.52268256,
          0.4119752 ,  0.13988239],
        [ 0.0639439 ,  0.02424978,  0.        , ...,  0.50185526,
          0.38975777,  0.11582989],
        ...,
        [-0.55613658, -0.52268256, -0.50185526, ...,  0.        ,
          0.12504563,  0.39829005],
        [-0.44784718, -0.4119752 , -0.38975777, ..., -0.12504563,
          0.        ,  0.28046457],
        [-0.17910634, -0.13988239, -0.11582989, ..., -0.39829005,
         -0.28046457,  0.        ]],

       [[ 0.        ,  0.20918242,  0.39210993, ..., -0.98441423,
         -0.60386701, -0.02430359],
        [-0.20918242,  0.        ,  0.19100439, ..., -0.99942362,
         -0.75724363, -0.23288654],
        [-0.39210993, -0.19100439,  0.        , ..., -0.97453928,
         -0.86805333, -0.41435143],
        ...,
        [ 0.98441423,  0.99942362,  0.97453928, ...,  0.        ,
          0.67846262,  0.9798493 ],
        [ 0.60386701,  0.75724363,  0.86805333, ..., -0.67846262,
          0.        ,  0.58431662],
        [ 0.02430359,  0.23288654,  0.41435143, ..., -0.9798493 ,
         -0.58431662,  0.        ]]]), 'num': array([ 1.33000000e+07,  1.33000000e+07,  0.00000000e+00,  6.34000000e+03,
        6.79000000e+03,  6.32000000e+03,  3.67956000e+05, -3.70000000e+02,
        6.83000000e+03,  5.99800000e+03,  4.98475000e+03,  6.25329815e+01,
        7.65642817e+03,  4.33957183e+03])}
{'img': array([[[ 0.        ,  0.01853788,  0.05446521, ...,  0.98643302,
          0.99694032,  0.94506166],
        [-0.01853788,  0.        ,  0.03594549, ...,  0.98322025,
          0.99531996,  0.93883938],
        [-0.05446521, -0.03594549,  0.        , ...,  0.97602758,
          0.99120318,  0.92585463],
        ...,
        [-0.98643302, -0.98322025, -0.97602758, ...,  0.        ,
          0.08655596, -0.16731183],
        [-0.99694032, -0.99531996, -0.99120318, ..., -0.08655596,
          0.        , -0.25201978],
        [-0.94506166, -0.93883938, -0.92585463, ...,  0.16731183,
          0.25201978,  0.        ]],

       [[ 0.        ,  0.10147615,  0.26630936, ...,  0.98512127,
          0.76502817,  0.79213664],
        [-0.10147615,  0.        ,  0.16712306, ...,  0.96259629,
          0.69572875,  0.72611227],
        [-0.26630936, -0.16712306,  0.        , ...,  0.90377809,
          0.56589879,  0.60099043],
        ...,
        [-0.98512127, -0.96259629, -0.90377809, ...,  0.        ,
         -0.50293674, -0.46512555],
        [-0.76502817, -0.69572875, -0.56589879, ...,  0.50293674,
          0.        ,  0.04320328],
        [-0.79213664, -0.72611227, -0.60099043, ...,  0.46512555,
         -0.04320328,  0.        ]],

       [[ 0.        ,  0.01342502,  0.03601609, ...,  0.71042439,
          0.85027972,  0.94160053],
        [-0.01342502,  0.        ,  0.02259654, ...,  0.71980853,
          0.85726909,  0.94603631],
        [-0.03601609, -0.02259654,  0.        , ...,  0.73531064,
          0.86868445,  0.9531174 ],
        ...,
        [-0.71042439, -0.71980853, -0.73531064, ...,  0.        ,
         -0.22448593, -0.42345091],
        [-0.85027972, -0.85726909, -0.86868445, ...,  0.22448593,
          0.        , -0.20927724],
        [-0.94160053, -0.94603631, -0.9531174 , ...,  0.42345091,
          0.20927724,  0.        ]],

       ...,

       [[ 0.        ,  0.10946686,  0.89571019, ...,  0.34534791,
          0.31101851,  0.06162677],
        [-0.10946686,  0.        ,  0.84165421, ...,  0.24054065,
          0.20511171, -0.04800237],
        [-0.89571019, -0.84165421,  0.        , ..., -0.68704646,
         -0.71299566, -0.86660606],
        ...,
        [-0.34534791, -0.24054065,  0.68704646, ...,  0.        ,
         -0.03633697, -0.28685634],
        [-0.31101851, -0.20511171,  0.71299566, ...,  0.03633697,
          0.        , -0.25185703],
        [-0.06162677,  0.04800237,  0.86660606, ...,  0.28685634,
          0.25185703,  0.        ]],

       [[ 0.        , -0.02423524,  0.04099274, ...,  0.41937998,
          0.20784464,  0.13979929],
        [ 0.02423524,  0.        ,  0.06519558, ...,  0.39725579,
          0.1840776 ,  0.11576098],
        [-0.04099274, -0.06519558,  0.        , ...,  0.45624112,
          0.24776747,  0.18027197],
        ...,
        [-0.41937998, -0.39725579, -0.45624112, ...,  0.        ,
          0.2215379 ,  0.28835031],
        [-0.20784464, -0.1840776 , -0.24776747, ..., -0.2215379 ,
          0.        ,  0.06905724],
        [-0.13979929, -0.11576098, -0.18027197, ..., -0.28835031,
         -0.06905724,  0.        ]],

       [[ 0.        ,  0.19100439,  0.24877525, ..., -0.75724363,
         -0.23288654,  0.6922863 ],
        [-0.19100439,  0.        ,  0.05919564, ..., -0.86805333,
         -0.41435143,  0.5417076 ],
        [-0.24877525, -0.05919564,  0.        , ..., -0.89592003,
         -0.46749978,  0.49099975],
        ...,
        [ 0.75724363,  0.86805333,  0.89592003, ...,  0.        ,
          0.58431662,  0.99859907],
        [ 0.23288654,  0.41435143,  0.46749978, ..., -0.58431662,
          0.        ,  0.84130741],
        [-0.6922863 , -0.5417076 , -0.49099975, ..., -0.99859907,
         -0.84130741,  0.        ]]]), 'num': array([1.33000000e+07, 1.33000000e+07, 0.00000000e+00, 6.88000000e+03,
       6.88000000e+03, 6.33000000e+03, 3.47040000e+05, 5.40000000e+02,
       6.78400000e+03, 6.09700000e+03, 5.02475000e+03, 6.86320755e+01,
       7.71738391e+03, 4.47661609e+03])}
{'img': array([[[ 0.        ,  0.03594549,  0.04471232, ...,  0.99531996,
          0.93883938,  0.99933755],
        [-0.03594549,  0.        ,  0.00877388, ...,  0.99120318,
          0.92585463,  0.9999999 ],
        [-0.04471232, -0.00877388,  0.        , ...,  0.99000381,
          0.92250352,  0.99996534],
        ...,
        [-0.99531996, -0.99120318, -0.99000381, ...,  0.        ,
         -0.25201978,  0.13279311],
        [-0.93883938, -0.92585463, -0.92250352, ...,  0.25201978,
          0.        ,  0.37829466],
        [-0.99933755, -0.9999999 , -0.99996534, ..., -0.13279311,
         -0.37829466,  0.        ]],

       [[ 0.        ,  0.24718013,  0.16747442, ...,  0.76142673,
          0.78890835,  0.76955814],
        [-0.24718013,  0.        , -0.08141144, ...,  0.57756456,
          0.6125333 ,  0.58783492],
        [-0.16747442,  0.08141144,  0.        , ...,  0.64210721,
          0.67485129,  0.65174395],
        ...,
        [-0.76142673, -0.57756456, -0.64210721, ...,  0.        ,
          0.04350561,  0.0126374 ],
        [-0.78890835, -0.6125333 , -0.67485129, ..., -0.04350561,
          0.        , -0.0308767 ],
        [-0.76955814, -0.58783492, -0.65174395, ..., -0.0126374 ,
          0.0308767 ,  0.        ]],

       [[ 0.        ,  0.02259654,  0.04336487, ...,  0.85726909,
          0.94603631,  0.96152432],
        [-0.02259654,  0.        ,  0.02077852, ...,  0.86868445,
          0.9531174 ,  0.96748653],
        [-0.04336487, -0.02077852,  0.        , ...,  0.87878987,
          0.95919922,  0.97253301],
        ...,
        [-0.85726909, -0.86868445, -0.87878987, ...,  0.        ,
         -0.20927724, -0.25954991],
        [-0.94603631, -0.9531174 , -0.95919922, ...,  0.20927724,
          0.        , -0.05169728],
        [-0.96152432, -0.96748653, -0.97253301, ...,  0.25954991,
          0.05169728,  0.        ]],

       ...,

       [[ 0.        ,  0.84165421,  0.79765746, ...,  0.20511171,
         -0.04800237,  0.13816341],
        [-0.84165421,  0.        , -0.07686224, ..., -0.71299566,
         -0.86660606, -0.75897171],
        [-0.79765746,  0.07686224,  0.        , ..., -0.65699305,
         -0.82568868, -0.70667965],
        ...,
        [-0.20511171,  0.71299566,  0.65699305, ...,  0.        ,
         -0.25185703, -0.06791872],
        [ 0.04800237,  0.86660606,  0.82568868, ...,  0.25185703,
          0.        ,  0.18554614],
        [-0.13816341,  0.75897171,  0.70667965, ...,  0.06791872,
         -0.18554614,  0.        ]],

       [[ 0.        ,  0.06456802,  0.11526859, ...,  0.38986816,
          0.38208802,  0.11465499],
        [-0.06456802,  0.        ,  0.05089042, ...,  0.44851342,
          0.4409597 ,  0.17855796],
        [-0.11526859, -0.05089042,  0.        , ...,  0.4934169 ,
          0.48606385,  0.22839917],
        ...,
        [-0.38986816, -0.44851342, -0.4934169 , ...,  0.        ,
          0.00843362,  0.2817147 ],
        [-0.38208802, -0.4409597 , -0.48606385, ..., -0.00843362,
          0.        ,  0.27361264],
        [-0.11465499, -0.17855796, -0.22839917, ..., -0.2817147 ,
         -0.27361264,  0.        ]],

       [[ 0.        ,  0.03580958,  0.05943185, ..., -0.29049689,
          0.26036596,  0.95816566],
        [-0.03580958,  0.        ,  0.02364745, ..., -0.3245759 ,
          0.22562446,  0.94730192],
        [-0.05943185, -0.02364745,  0.        , ..., -0.3468523 ,
          0.20252369,  0.93946174],
        ...,
        [ 0.29049689,  0.3245759 ,  0.3468523 , ...,  0.        ,
          0.52961557,  0.99999   ],
        [-0.26036596, -0.22562446, -0.20252369, ..., -0.52961557,
          0.        ,  0.8505981 ],
        [-0.95816566, -0.94730192, -0.93946174, ..., -0.99999   ,
         -0.8505981 ,  0.        ]]]), 'num': array([ 1.31013160e+07,  9.04067600e+06,  6.19000000e+02,  6.56000000e+03,
        6.93000000e+03,  6.45000000e+03,  2.96286000e+05, -3.20000000e+02,
        6.61600000e+03,  6.16500000e+03,  5.05908333e+03,  6.45232816e+01,
        7.74268818e+03,  4.58731182e+03])}
{'img': array([[[ 0.        ,  0.00877388,  0.11228245, ...,  0.92585463,
          0.9999999 ,  0.97125331],
        [-0.00877388,  0.        ,  0.10355974, ...,  0.92250352,
          0.99996534,  0.96912732],
        [-0.11228245, -0.10355974,  0.        , ...,  0.87757055,
          0.99372654,  0.93838277],
        ...,
        [-0.92585463, -0.92250352, -0.87757055, ...,  0.        ,
          0.37829466,  0.14661893],
        [-0.9999999 , -0.99996534, -0.99372654, ..., -0.37829466,
          0.        , -0.23848347],
        [-0.97125331, -0.96912732, -0.93838277, ..., -0.14661893,
          0.23848347,  0.        ]],

       [[ 0.        , -0.08435715,  0.43579793, ...,  0.61594053,
          0.59127437,  0.52604673],
        [ 0.08435715,  0.        ,  0.51016976, ...,  0.68020101,
          0.65719838,  0.5959137 ],
        [-0.43579793, -0.51016976,  0.        , ...,  0.2110555 ,
          0.1807151 ,  0.10283867],
        ...,
        [-0.61594053, -0.68020101, -0.2110555 , ...,  0.        ,
         -0.03093624, -0.10941436],
        [-0.59127437, -0.65719838, -0.1807151 , ...,  0.03093624,
          0.        , -0.07861148],
        [-0.52604673, -0.5959137 , -0.10283867, ...,  0.10941436,
          0.07861148,  0.        ]],

       [[ 0.        ,  0.02077852,  0.06822123, ...,  0.9531174 ,
          0.96748653,  0.99603969],
        [-0.02077852,  0.        ,  0.0474764 , ...,  0.95919922,
          0.97253301,  0.99767206],
        [-0.06822123, -0.0474764 ,  0.        , ...,  0.97154064,
          0.98248719,  0.99978466],
        ...,
        [-0.9531174 , -0.95919922, -0.97154064, ...,  0.        ,
         -0.05169728, -0.21666093],
        [-0.96748653, -0.97253301, -0.98248719, ...,  0.05169728,
          0.        , -0.1659019 ],
        [-0.99603969, -0.99767206, -0.99978466, ...,  0.21666093,
          0.1659019 ,  0.        ]],

       ...,

       [[ 0.        , -0.07686224,  0.07274302, ..., -0.86660606,
         -0.75897171, -0.83464232],
        [ 0.07686224,  0.        ,  0.14918643, ..., -0.82568868,
         -0.70667965, -0.78983808],
        [-0.07274302, -0.14918643,  0.        , ..., -0.90060842,
         -0.80432568, -0.87249741],
        ...,
        [ 0.86660606,  0.82568868,  0.90060842, ...,  0.        ,
          0.18554614,  0.06083936],
        [ 0.75897171,  0.70667965,  0.80432568, ..., -0.18554614,
          0.        , -0.12541951],
        [ 0.83464232,  0.78983808,  0.87249741, ..., -0.06083936,
          0.12541951,  0.        ]],

       [[ 0.        ,  0.05068813,  0.15988148, ...,  0.48611174,
          0.34884631,  0.17786065],
        [-0.05068813,  0.        ,  0.10963988, ...,  0.52978304,
          0.39590177,  0.22751195],
        [-0.15988148, -0.10963988,  0.        , ...,  0.6195784 ,
          0.49419655,  0.33290497],
        ...,
        [-0.48611174, -0.52978304, -0.6195784 , ...,  0.        ,
          0.15071855,  0.3229292 ],
        [-0.34884631, -0.39590177, -0.49419655, ..., -0.15071855,
          0.        ,  0.17659676],
        [-0.17786065, -0.22751195, -0.33290497, ..., -0.3229292 ,
         -0.17659676,  0.        ]],

       [[ 0.        ,  0.01885536, -0.03400963, ...,  0.17514721,
          0.59514147,  0.99413708],
        [-0.01885536,  0.        , -0.05284804, ...,  0.15655217,
          0.57988311,  0.99192156],
        [ 0.03400963,  0.05284804,  0.        , ...,  0.20852981,
          0.62212804,  0.99723934],
        ...,
        [-0.17514721, -0.15655217, -0.20852981, ...,  0.        ,
          0.44518996,  0.9598318 ],
        [-0.59514147, -0.57988311, -0.62212804, ..., -0.44518996,
          0.        ,  0.73455845],
        [-0.99413708, -0.99192156, -0.99723934, ..., -0.9598318 ,
         -0.73455845,  0.        ]]]), 'num': array([1.31682690e+07, 8.70606900e+06, 6.70000000e+02, 6.66000000e+03,
       6.84000000e+03, 6.45000000e+03, 2.85365000e+05, 1.00000000e+02,
       6.63000000e+03, 6.23900000e+03, 5.09441667e+03, 6.45232816e+01,
       7.76286220e+03, 4.71513780e+03])}
{'img': array([[[ 0.        ,  0.10355974,  0.1153101 , ...,  0.99996534,
          0.96912732,  0.98416002],
        [-0.10355974,  0.        ,  0.01182116, ...,  0.99372654,
          0.93838277,  0.96050911],
        [-0.1153101 , -0.01182116,  0.        , ...,  0.99233506,
          0.93423184,  0.95715277],
        ...,
        [-0.99996534, -0.99372654, -0.99233506, ...,  0.        ,
         -0.23848347, -0.16908229],
        [-0.96912732, -0.93838277, -0.93423184, ...,  0.23848347,
          0.        ,  0.07084609],
        [-0.98416002, -0.96050911, -0.95715277, ...,  0.16908229,
         -0.07084609,  0.        ]],

       [[ 0.        ,  0.51016976, -0.03117476, ...,  0.65719838,
          0.5959137 ,  0.58159195],
        [-0.51016976,  0.        , -0.53673439, ...,  0.1807151 ,
          0.10283867,  0.08519872],
        [ 0.03117476,  0.53673439,  0.        , ...,  0.68037591,
          0.6206589 ,  0.60666933],
        ...,
        [-0.65719838, -0.1807151 , -0.68037591, ...,  0.        ,
         -0.07861148, -0.09626205],
