state_0,state_1,state_2,state_3,state_4,state_5,state_6,state_7,state_8,state_9,state_10,state_11,state_12,state_13,state_14,state_15,state_16,state_17,state_18,state_19,state_20,state_21,state_22,state_23,state_24,state_25,state_26,state_27,state_28,state_29,state_30,state_31,state_32,state_33,state_34,state_35,state_36,state_37,state_38,state_39,state_40,state_41,state_42,state_43,state_44,state_45,state_46,state_47,state_48,state_49,state_50,state_51,state_52,state_53,state_54,state_55,state_56,state_57,state_58,state_59,state_60,state_61,state_62,state_63,state_64,state_65,state_66,state_67,state_68,state_69,state_70,state_71,state_72,state_73,state_74,state_75,state_76,state_77
{'img': array([[[ 0.        , -0.53014221, -0.18556726, ...,  0.91095746,
          0.66939816,  0.53014221],
        [ 0.53014221,  0.        ,  0.36359036, ...,  0.55372497,
          0.17374387,  0.        ],
        [ 0.18556726, -0.36359036,  0.        , ...,  0.818589  ,
          0.51991313,  0.36359036],
        ...,
        [-0.91095746, -0.55372497, -0.818589  , ...,  0.        ,
          0.40062684,  0.55372497],
        [-0.66939816, -0.17374387, -0.51991313, ..., -0.40062684,
          0.        ,  0.17374387],
        [-0.53014221, -0.        , -0.36359036, ..., -0.55372497,
         -0.17374387,  0.        ]],

       [[ 0.        ,  0.91522396,  0.24738723, ...,  0.04600994,
         -0.01018642, -0.10552042],
        [-0.91522396,  0.        , -0.7870922 , ..., -0.89571523,
         -0.91928105, -0.95263338],
        [-0.24738723,  0.7870922 ,  0.        , ..., -0.20254545,
         -0.25724419, -0.3482466 ],
        ...,
        [-0.04600994,  0.89571523,  0.20254545, ...,  0.        ,
         -0.05618318, -0.15116175],
        [ 0.01018642,  0.91928105,  0.25724419, ...,  0.05618318,
          0.        , -0.0953854 ],
        [ 0.10552042,  0.95263338,  0.3482466 , ...,  0.15116175,
          0.0953854 ,  0.        ]],

       [[ 0.        , -0.07036686, -0.16674387, ...,  0.81121419,
          0.65727816,  0.54502907],
        [ 0.07036686,  0.        , -0.0969488 , ...,  0.76805637,
          0.60261704,  0.48468125],
        [ 0.16674387,  0.0969488 ,  0.        , ...,  0.70235405,
          0.52241023,  0.39759787],
        ...,
        [-0.81121419, -0.76805637, -0.70235405, ...,  0.        ,
          0.22702717,  0.36143061],
        [-0.65727816, -0.60261704, -0.52241023, ..., -0.22702717,
          0.        ,  0.14031318],
        [-0.54502907, -0.48468125, -0.39759787, ..., -0.36143061,
         -0.14031318,  0.        ]],

       ...,

       [[ 0.        , -0.42062554, -0.26489985, ..., -0.41408076,
         -0.59394086, -0.6414808 ],
        [ 0.42062554,  0.        ,  0.16527285, ...,  0.00720196,
         -0.20044664, -0.25929512],
        [ 0.26489985, -0.16527285,  0.        , ..., -0.15816564,
         -0.35960865, -0.41534947],
        ...,
        [ 0.41408076, -0.00720196,  0.15816564, ...,  0.        ,
         -0.20749724, -0.26624404],
        [ 0.59394086,  0.20044664,  0.35960865, ...,  0.20749724,
          0.        , -0.06044164],
        [ 0.6414808 ,  0.25929512,  0.41534947, ...,  0.26624404,
          0.06044164,  0.        ]],

       [[ 0.        , -0.00215721,  0.01112903, ...,  0.80029193,
          0.72886514,  0.58229294],
        [ 0.00215721,  0.        ,  0.01328608, ...,  0.79899658,
          0.72738649,  0.58053782],
        [-0.01112903, -0.01328608,  0.        , ...,  0.80691545,
          0.73643958,  0.59130455],
        ...,
        [-0.80029193, -0.79899658, -0.80691545, ...,  0.        ,
          0.11089047,  0.30147157],
        [-0.72886514, -0.72738649, -0.73643958, ..., -0.11089047,
          0.        ,  0.19388098],
        [-0.58229294, -0.58053782, -0.59130455, ..., -0.30147157,
         -0.19388098,  0.        ]],

       [[ 0.        ,  0.37169521,  0.49815644, ...,  0.46830809,
          0.34417441,  0.        ],
        [-0.37169521,  0.        ,  0.14017378, ...,  0.76317304,
          0.66850274,  0.37169521],
        [-0.49815644, -0.14017378,  0.        , ...,  0.84621765,
          0.76615115,  0.49815644],
        ...,
        [-0.46830809, -0.76317304, -0.84621765, ...,  0.        ,
          0.13559661,  0.46830809],
        [-0.34417441, -0.66850274, -0.76615115, ..., -0.13559661,
          0.        ,  0.34417441],
        [-0.        , -0.37169521, -0.49815644, ..., -0.46830809,
         -0.34417441,  0.        ]]]), 'num': array([6.63991741e+09, 3.74922200e+06, 1.69290000e+04, 3.92000000e+05,
       3.94000000e+05, 3.78000000e+05, 1.35102900e+06, 1.10000000e+04,
       3.77500000e+05, 3.62900000e+05, 3.16275000e+05, 6.18784530e+01,
       3.93584850e+05, 3.32215150e+05])}
{'img': array([[[ 0.00000000e+00,  3.49752584e-01,  2.04112836e-01, ...,
          5.55406567e-01,  5.33794814e-01,  0.00000000e+00],
        [-3.49752584e-01,  0.00000000e+00, -1.51167872e-01, ...,
          8.11175143e-01,  7.95837151e-01,  3.49752584e-01],
        [-2.04112836e-01,  1.51167872e-01,  0.00000000e+00, ...,
          7.13449734e-01,  6.95157708e-01,  2.04112836e-01],
        ...,
        [-5.55406567e-01, -8.11175143e-01, -7.13449734e-01, ...,
          0.00000000e+00,  2.57670583e-02,  5.55406567e-01],
        [-5.33794814e-01, -7.95837151e-01, -6.95157708e-01, ...,
         -2.57670583e-02,  0.00000000e+00,  5.33794814e-01],
        [-0.00000000e+00, -3.49752584e-01, -2.04112836e-01, ...,
         -5.55406567e-01, -5.33794814e-01,  0.00000000e+00]],

       [[ 0.00000000e+00, -7.87092199e-01, -9.02339711e-01, ...,
         -9.19281052e-01, -9.52633375e-01, -7.14824042e-01],
        [ 7.87092199e-01,  0.00000000e+00, -2.17338180e-01, ...,
         -2.57244189e-01, -3.48246601e-01,  1.09488256e-01],
        [ 9.02339711e-01,  2.17338180e-01,  0.00000000e+00, ...,
         -4.10711430e-02, -1.36188790e-01,  3.22902651e-01],
        ...,
        [ 9.19281052e-01,  2.57244189e-01,  4.10711430e-02, ...,
          0.00000000e+00, -9.53853977e-02,  3.61501246e-01],
        [ 9.52633375e-01,  3.48246601e-01,  1.36188790e-01, ...,
          9.53853977e-02,  0.00000000e+00,  4.48787589e-01],
        [ 7.14824042e-01, -1.09488256e-01, -3.22902651e-01, ...,
         -3.61501246e-01, -4.48787589e-01,  0.00000000e+00]],

       [[ 0.00000000e+00, -9.56722960e-02, -2.13382366e-01, ...,
          7.48749166e-01,  7.28796875e-01,  4.79002558e-01],
        [ 9.56722960e-02,  0.00000000e+00, -1.18934712e-01, ...,
          6.81897857e-01,  6.59944112e-01,  3.92822885e-01],
        [ 2.13382366e-01,  1.18934712e-01,  0.00000000e+00, ...,
          5.90063312e-01,  5.65902484e-01,  2.80660615e-01],
        ...,
        [-7.48749166e-01, -6.81897857e-01, -5.90063312e-01, ...,
          0.00000000e+00,  2.96054681e-02,  3.39753635e-01],
        [-7.28796875e-01, -6.59944112e-01, -5.65902484e-01, ...,
         -2.96054681e-02,  0.00000000e+00,  3.11760337e-01],
        [-4.79002558e-01, -3.92822885e-01, -2.80660615e-01, ...,
         -3.39753635e-01, -3.11760337e-01,  0.00000000e+00]],

       ...,

       [[ 0.00000000e+00,  1.65272846e-01,  9.42734212e-02, ...,
         -2.00446643e-01, -2.59295123e-01, -6.93751158e-02],
        [-1.65272846e-01,  0.00000000e+00, -7.15598150e-02, ...,
         -3.59608648e-01, -4.15349472e-01, -2.33295706e-01],
        [-9.42734212e-02,  7.15598150e-02,  0.00000000e+00, ...,
         -2.91914029e-01, -3.49189406e-01, -1.63112426e-01],
        ...,
        [ 2.00446643e-01,  3.59608648e-01,  2.91914029e-01, ...,
          0.00000000e+00, -6.04416354e-02,  1.31996574e-01],
        [ 2.59295123e-01,  4.15349472e-01,  3.49189406e-01, ...,
          6.04416354e-02,  0.00000000e+00,  1.91668031e-01],
        [ 6.93751158e-02,  2.33295706e-01,  1.63112426e-01, ...,
         -1.31996574e-01, -1.91668031e-01,  0.00000000e+00]],

       [[ 0.00000000e+00,  1.31106613e-02, -6.71213221e-04, ...,
          8.29076251e-01,  7.96539643e-01,  5.74284787e-01],
        [-1.31106613e-02,  0.00000000e+00, -1.37818139e-02, ...,
          8.36335631e-01,  8.04397708e-01,  5.84968545e-01],
        [ 6.71213221e-04,  1.37818139e-02,  0.00000000e+00, ...,
          8.28700765e-01,  7.96133657e-01,  5.73735165e-01],
        ...,
        [-8.29076251e-01, -8.36335631e-01, -8.28700765e-01, ...,
          0.00000000e+00,  5.58745096e-02,  3.57624868e-01],
        [-7.96539643e-01, -8.04397708e-01, -7.96133657e-01, ...,
         -5.58745096e-02,  0.00000000e+00,  3.04886919e-01],
        [-5.74284787e-01, -5.84968545e-01, -5.73735165e-01, ...,
         -3.57624868e-01, -3.04886919e-01,  0.00000000e+00]],

       [[ 0.00000000e+00,  3.46680394e-01,  4.98742419e-01, ...,
          4.55786829e-01,  3.06315183e-01,  0.00000000e+00],
        [-3.46680394e-01,  0.00000000e+00,  1.67326750e-01, ...,
          7.36096835e-01,  6.17334051e-01,  3.46680394e-01],
        [-4.98742419e-01, -1.67326750e-01,  0.00000000e+00, ...,
          8.38978473e-01,  7.40266707e-01,  4.98742419e-01],
        ...,
        [-4.55786829e-01, -7.36096835e-01, -8.38978473e-01, ...,
          0.00000000e+00,  1.61229459e-01,  4.55786829e-01],
        [-3.06315183e-01, -6.17334051e-01, -7.40266707e-01, ...,
         -1.61229459e-01,  0.00000000e+00,  3.06315183e-01],
        [-0.00000000e+00, -3.46680394e-01, -4.98742419e-01, ...,
         -4.55786829e-01, -3.06315183e-01,  0.00000000e+00]]]), 'num': array([4.04746630e+07, 2.32336630e+07, 4.20000000e+01, 4.10500000e+05,
       4.13000000e+05, 3.96000000e+05, 1.98184000e+06, 1.85000000e+04,
       3.86700000e+05, 3.66850000e+05, 3.18958333e+05, 7.26829268e+01,
       4.00541394e+05, 3.33158606e+05])}
{'img': array([[[ 0.        , -0.27169842,  0.0982428 , ...,  0.91850365,
          0.82499994,  0.27169842],
        [ 0.27169842,  0.        ,  0.36493122, ...,  0.77651883,
          0.64041977,  0.        ],
        [-0.0982428 , -0.36493122,  0.        , ...,  0.95290679,
          0.87652921,  0.36493122],
        ...,
        [-0.91850365, -0.77651883, -0.95290679, ...,  0.        ,
          0.19286126,  0.77651883],
        [-0.82499994, -0.64041977, -0.87652921, ..., -0.19286126,
          0.        ,  0.64041977],
        [-0.27169842, -0.        , -0.36493122, ..., -0.77651883,
         -0.64041977,  0.        ]],

       [[ 0.        , -0.21733818,  0.16625149, ..., -0.3482466 ,
          0.10948826,  0.59182948],
        [ 0.21733818,  0.        ,  0.37659105, ..., -0.13618879,
          0.32290265,  0.75287091],
        [-0.16625149, -0.37659105,  0.        , ..., -0.49924483,
         -0.05728745,  0.44958401],
        ...,
        [ 0.3482466 ,  0.13618879,  0.49924483, ...,  0.        ,
          0.44878759,  0.83549147],
        [-0.10948826, -0.32290265,  0.05728745, ..., -0.44878759,
          0.        ,  0.500017  ],
        [-0.59182948, -0.75287091, -0.44958401, ..., -0.83549147,
         -0.500017  ,  0.        ]],

       [[ 0.        , -0.11466544, -0.21443939, ...,  0.84466215,
          0.79585431,  0.37960247],
        [ 0.11466544,  0.        , -0.10102698, ...,  0.77771051,
          0.72117642,  0.27101597],
        [ 0.21443939,  0.10102698,  0.        , ...,  0.71022366,
          0.64750008,  0.17238334],
        ...,
        [-0.84466215, -0.77771051, -0.71022366, ...,  0.        ,
          0.08541229,  0.57823782],
        [-0.79585431, -0.72117642, -0.64750008, ..., -0.08541229,
          0.        ,  0.50643958],
        [-0.37960247, -0.27101597, -0.17238334, ..., -0.57823782,
         -0.50643958,  0.        ]],

       ...,

       [[ 0.        , -0.07155982,  0.03023766, ..., -0.41534947,
         -0.23329571,  0.19146583],
        [ 0.07155982,  0.        ,  0.10168724, ..., -0.34918941,
         -0.16311243,  0.26121088],
        [-0.03023766, -0.10168724,  0.        , ..., -0.4426656 ,
         -0.26259231,  0.16170004],
        ...,
        [ 0.41534947,  0.34918941,  0.4426656 , ...,  0.        ,
          0.19166803,  0.58183438],
        [ 0.23329571,  0.16311243,  0.26259231, ..., -0.19166803,
          0.        ,  0.41516206],
        [-0.19146583, -0.26121088, -0.16170004, ..., -0.58183438,
         -0.41516206,  0.        ]],

       [[ 0.        , -0.01336584, -0.0261465 , ...,  0.92020296,
          0.88067332,  0.57048554],
        [ 0.01336584,  0.        , -0.01278289, ...,  0.91488881,
          0.87426293,  0.55945711],
        [ 0.0261465 ,  0.01278289,  0.        , ...,  0.90965353,
          0.86798601,  0.54881618],
        ...,
        [-0.92020296, -0.91488881, -0.90965353, ...,  0.        ,
          0.09119014,  0.53245797],
        [-0.88067332, -0.87426293, -0.86798601, ..., -0.09119014,
          0.        ,  0.453051  ],
        [-0.57048554, -0.55945711, -0.54881618, ..., -0.53245797,
         -0.453051  ,  0.        ]],

       [[ 0.        ,  0.37507276,  0.52908133, ...,  0.34955617,
          0.16567295,  0.        ],
        [-0.37507276,  0.        ,  0.17218004, ...,  0.6754484 ,
          0.52346759,  0.37507276],
        [-0.52908133, -0.17218004,  0.        , ...,  0.79232773,
          0.66235511,  0.52908133],
        ...,
        [-0.34955617, -0.6754484 , -0.79232773, ...,  0.        ,
          0.18950403,  0.34955617],
        [-0.16567295, -0.52346759, -0.66235511, ..., -0.18950403,
          0.        ,  0.16567295],
        [-0.        , -0.37507276, -0.52908133, ..., -0.34955617,
         -0.16567295,  0.        ]]]), 'num': array([ 4.00926820e+07,  9.27468200e+06,  7.60000000e+01,  4.05500000e+05,
        4.16000000e+05,  4.00000000e+05,  1.50699600e+06, -5.00000000e+03,
        3.93800000e+05,  3.70525000e+05,  3.21483333e+05,  7.72020725e+01,
        4.04243652e+05,  3.36806348e+05])}
{'img': array([[[ 0.        ,  0.36493122,  0.29299866, ...,  0.64041977,
          0.        ,  0.34851265],
        [-0.36493122,  0.        , -0.07612357, ...,  0.87652921,
          0.36493122,  0.66652881],
        [-0.29299866,  0.07612357,  0.        , ...,  0.83734389,
          0.29299866,  0.60784626],
        ...,
        [-0.64041977, -0.87652921, -0.83734389, ...,  0.        ,
          0.64041977,  0.3326016 ],
        [-0.        , -0.36493122, -0.29299866, ..., -0.64041977,
          0.        , -0.34851265],
        [-0.34851265, -0.66652881, -0.60784626, ..., -0.3326016 ,
          0.34851265,  0.        ]],

       [[ 0.        ,  0.37659105, -0.20269096, ...,  0.32290265,
          0.75287091,  0.44615284],
        [-0.37659105,  0.        , -0.55654283, ..., -0.05728745,
          0.44958401,  0.07627418],
        [ 0.20269096,  0.55654283,  0.        , ...,  0.50803333,
          0.87064814,  0.61829159],
        ...,
        [-0.32290265,  0.05728745, -0.50803333, ...,  0.        ,
          0.500017  ,  0.13326949],
        [-0.75287091, -0.44958401, -0.87064814, ..., -0.500017  ,
          0.        , -0.38014332],
        [-0.44615284, -0.07627418, -0.61829159, ..., -0.13326949,
          0.38014332,  0.        ]],

       [[ 0.        , -0.09842164, -0.26421649, ...,  0.82033963,
          0.65978555,  0.26421649],
        [ 0.09842164,  0.        , -0.1680096 , ...,  0.76007168,
          0.58262283,  0.1680096 ],
        [ 0.26421649,  0.1680096 ,  0.        , ...,  0.6400883 ,
          0.43779248,  0.        ],
        ...,
        [-0.82033963, -0.76007168, -0.6400883 , ...,  0.        ,
          0.2391315 ,  0.6400883 ],
        [-0.65978555, -0.58262283, -0.43779248, ..., -0.2391315 ,
          0.        ,  0.43779248],
        [-0.26421649, -0.1680096 , -0.        , ..., -0.6400883 ,
         -0.43779248,  0.        ]],

       ...,

       [[ 0.        ,  0.10168724, -0.11792523, ..., -0.16311243,
          0.26121088,  0.44977911],
        [-0.10168724,  0.        , -0.21829167, ..., -0.26259231,
          0.16170004,  0.35662672],
        [ 0.11792523,  0.21829167,  0.        , ..., -0.04562839,
          0.37321935,  0.55196448],
        ...,
        [ 0.16311243,  0.26259231,  0.04562839, ...,  0.        ,
          0.41516206,  0.58943764],
        [-0.26121088, -0.16170004, -0.37321935, ..., -0.41516206,
          0.        ,  0.20086573],
        [-0.44977911, -0.35662672, -0.55196448, ..., -0.58943764,
         -0.20086573,  0.        ]],

       [[ 0.        , -0.0125861 , -0.02629764, ...,  0.91741958,
          0.79664973,  0.55227433],
        [ 0.0125861 ,  0.        , -0.0137138 , ...,  0.91233863,
          0.78897907,  0.54173802],
        [ 0.02629764,  0.0137138 ,  0.        , ...,  0.90663791,
          0.78047884,  0.53015998],
        ...,
        [-0.91741958, -0.91233863, -0.90663791, ...,  0.        ,
          0.23752236,  0.54505656],
        [-0.79664973, -0.78897907, -0.78047884, ..., -0.23752236,
          0.        ,  0.33031959],
        [-0.55227433, -0.54173802, -0.53015998, ..., -0.54505656,
         -0.33031959,  0.        ]],

       [[ 0.        ,  0.39003366,  0.51951677, ...,  0.36223741,
          0.3240449 ,  0.        ],
        [-0.39003366,  0.        ,  0.1451031 , ...,  0.69709328,
          0.66736884,  0.39003366],
        [-0.51951677, -0.1451031 ,  0.        , ...,  0.79375171,
          0.76836802,  0.51951677],
        ...,
        [-0.36223741, -0.69709328, -0.79375171, ...,  0.        ,
          0.04065402,  0.36223741],
        [-0.3240449 , -0.66736884, -0.76836802, ..., -0.04065402,
          0.        ,  0.3240449 ],
        [-0.        , -0.39003366, -0.51951677, ..., -0.36223741,
         -0.3240449 ,  0.        ]]]), 'num': array([4.02095670e+07, 8.46356700e+06, 7.80000000e+01, 4.07000000e+05,
       4.20500000e+05, 4.01000000e+05, 1.62975100e+06, 1.50000000e+03,
       3.99200000e+05, 3.73700000e+05, 3.24083333e+05, 7.68421053e+01,
       4.08580367e+05, 3.38819633e+05])}
{'img': array([[[ 0.        , -0.09394738,  0.17498025, ...,  0.31416895,
          0.62666707,  0.57970087],
        [ 0.09394738,  0.        ,  0.2667043 , ...,  0.22358888,
          0.55068344,  0.50058586],
        [-0.17498025, -0.2667043 ,  0.        , ...,  0.47544243,
          0.75335867,  0.71333626],
        ...,
        [-0.31416895, -0.22358888, -0.47544243, ...,  0.        ,
         -0.35010928, -0.29435483],
        [-0.62666707, -0.55068344, -0.75335867, ...,  0.35010928,
          0.        ,  0.05887333],
        [-0.57970087, -0.50058586, -0.71333626, ...,  0.29435483,
         -0.05887333,  0.        ]],

       [[ 0.        , -0.55654283,  0.13308819, ...,  0.44958401,
          0.07627418,  0.17741224],
        [ 0.55654283,  0.        ,  0.66216412, ...,  0.87064814,
          0.61829159,  0.69511162],
        [-0.13308819, -0.66216412,  0.        , ...,  0.32670516,
         -0.05710483,  0.04485705],
        ...,
        [-0.44958401, -0.87064814, -0.32670516, ...,  0.        ,
         -0.38014332, -0.28398073],
        [-0.07627418, -0.61829159,  0.05710483, ...,  0.38014332,
          0.        ,  0.10183119],
        [-0.17741224, -0.69511162, -0.04485705, ...,  0.28398073,
         -0.10183119,  0.        ]],

       [[ 0.        , -0.16489728,  0.09656972, ...,  0.68844276,
          0.52487441,  0.16489728],
        [ 0.16489728,  0.        ,  0.25937434, ...,  0.55942003,
          0.37733206,  0.        ],
        [-0.09656972, -0.25937434,  0.        , ...,  0.75526625,
          0.60461945,  0.25937434],
        ...,
        [-0.68844276, -0.55942003, -0.75526625, ...,  0.        ,
          0.20530197,  0.55942003],
        [-0.52487441, -0.37733206, -0.60461945, ..., -0.20530197,
          0.        ,  0.37733206],
        [-0.16489728, -0.        , -0.25937434, ..., -0.55942003,
         -0.37733206,  0.        ]],

       ...,

       [[ 0.        , -0.21829167, -0.1950191 , ...,  0.16170004,
          0.35662672,  0.34059905],
        [ 0.21829167,  0.        ,  0.02378441, ...,  0.37321935,
          0.55196448,  0.53762473],
        [ 0.1950191 , -0.02378441,  0.        , ...,  0.35104795,
          0.53197529,  0.517418  ],
        ...,
        [-0.16170004, -0.37321935, -0.35104795, ...,  0.        ,
          0.20086573,  0.18408497],
        [-0.35662672, -0.55196448, -0.53197529, ..., -0.20086573,
          0.        , -0.0170999 ],
        [-0.34059905, -0.53762473, -0.517418  , ..., -0.18408497,
          0.0170999 ,  0.        ]],

       [[ 0.        , -0.0134757 , -0.01507184, ...,  0.86929588,
          0.7966896 ,  0.53378133],
        [ 0.0134757 ,  0.        , -0.0015963 , ...,  0.86255601,
          0.78847269,  0.5223375 ],
        [ 0.01507184,  0.0015963 ,  0.        , ...,  0.86174725,
          0.78748985,  0.52097561],
        ...,
        [-0.86929588, -0.86255601, -0.86174725, ...,  0.        ,
          0.13159522,  0.4712523 ],
        [-0.7966896 , -0.78847269, -0.78748985, ..., -0.13159522,
          0.        ,  0.35108729],
        [-0.53378133, -0.5223375 , -0.52097561, ..., -0.4712523 ,
         -0.35108729,  0.        ]],

       [[ 0.        ,  0.3625125 ,  0.5067236 , ...,  0.40540059,
          0.24523178,  0.        ],
        [-0.3625125 ,  0.        ,  0.15973057, ...,  0.70921167,
          0.57999384,  0.3625125 ],
        [-0.5067236 , -0.15973057,  0.        , ...,  0.8127152 ,
          0.70266695,  0.5067236 ],
        ...,
        [-0.40540059, -0.70921167, -0.8127152 , ...,  0.        ,
          0.16884551,  0.40540059],
        [-0.24523178, -0.57999384, -0.70266695, ..., -0.16884551,
          0.        ,  0.24523178],
        [-0.        , -0.3625125 , -0.5067236 , ..., -0.40540059,
         -0.24523178,  0.        ]]]), 'num': array([ 3.98482110e+07,  1.41522110e+07,  6.40000000e+01,  4.01500000e+05,
        4.16000000e+05,  4.00000000e+05,  1.10073600e+06, -5.50000000e+03,
        4.03300000e+05,  3.75475000e+05,  3.26500000e+05,  7.52577320e+01,
        4.12173059e+05,  3.38776941e+05])}
{'img': array([[[ 0.        ,  0.2667043 ,  0.33795543, ...,  0.55068344,
          0.50058586,  0.64992163],
        [-0.2667043 ,  0.        ,  0.07470216, ...,  0.75335867,
          0.71333626,  0.82907603],
        [-0.33795543, -0.07470216,  0.        , ...,  0.80037858,
          0.76369603,  0.86852815],
        ...,
        [-0.55068344, -0.75335867, -0.80037858, ...,  0.        ,
          0.05887333, -0.12397869],
        [-0.50058586, -0.71333626, -0.76369603, ..., -0.05887333,
          0.        , -0.18218276],
        [-0.64992163, -0.82907603, -0.86852815, ...,  0.12397869,
          0.18218276,  0.        ]],

       [[ 0.        ,  0.66216412,  0.74881979, ...,  0.61829159,
          0.69511162,  0.2960379 ],
        [-0.66216412,  0.        ,  0.1222698 , ..., -0.05710483,
          0.04485705, -0.41064478],
        [-0.74881979, -0.1222698 ,  0.        , ..., -0.17874664,
         -0.07762624, -0.51904871],
        ...,
        [-0.61829159,  0.05710483,  0.17874664, ...,  0.        ,
          0.10183119, -0.35790677],
        [-0.69511162, -0.04485705,  0.07762624, ..., -0.10183119,
          0.        , -0.45113188],
        [-0.2960379 ,  0.41064478,  0.51904871, ...,  0.35790677,
          0.45113188,  0.        ]],

       [[ 0.        ,  0.25587056,  0.3482094 , ...,  0.48682056,
          0.32589455,  0.        ],
        [-0.25587056,  0.        ,  0.09676052, ...,  0.69411826,
          0.55694746,  0.25587056],
        [-0.3482094 , -0.09676052,  0.        , ...,  0.76051537,
          0.63469832,  0.3482094 ],
        ...,
        [-0.48682056, -0.69411826, -0.76051537, ...,  0.        ,
          0.1755736 ,  0.48682056],
        [-0.32589455, -0.55694746, -0.63469832, ..., -0.1755736 ,
          0.        ,  0.32589455],
        [-0.        , -0.25587056, -0.3482094 , ..., -0.48682056,
         -0.32589455,  0.        ]],

       ...,

       [[ 0.        ,  0.02378441, -0.08523186, ...,  0.55196448,
          0.53762473,  0.47473451],
        [-0.02378441,  0.        , -0.10890561, ...,  0.53197529,
          0.517418  ,  0.45366686],
        [ 0.08523186,  0.10890561,  0.        , ...,  0.62102805,
          0.60753455,  0.54802206],
        ...,
        [-0.55196448, -0.53197529, -0.62102805, ...,  0.        ,
         -0.0170999 , -0.08993424],
        [-0.53762473, -0.517418  , -0.60753455, ...,  0.0170999 ,
          0.        , -0.07289049],
        [-0.47473451, -0.45366686, -0.54802206, ...,  0.08993424,
          0.07289049,  0.        ]],

       [[ 0.        , -0.00157406,  0.01826429, ...,  0.85376002,
          0.76061369,  0.5161104 ],
        [ 0.00157406,  0.        ,  0.01983806, ...,  0.8529394 ,
          0.75959087,  0.51476155],
        [-0.01826429, -0.01983806,  0.        , ...,  0.86312721,
          0.77234408,  0.53166808],
        ...,
        [-0.85376002, -0.8529394 , -0.86312721, ...,  0.        ,
          0.15823882,  0.46254279],
        [-0.76061369, -0.75959087, -0.77234408, ..., -0.15823882,
          0.        ,  0.31642109],
        [-0.5161104 , -0.51476155, -0.53166808, ..., -0.46254279,
         -0.31642109,  0.        ]],

       [[ 0.        ,  0.3734019 ,  0.481835  , ...,  0.24944338,
          0.        ,  0.03660809],
        [-0.3734019 ,  0.        ,  0.11978583, ...,  0.59299949,
          0.3734019 ,  0.40711182],
        [-0.481835  , -0.11978583,  0.        , ...,  0.68518164,
          0.481835  ,  0.5135903 ],
        ...,
        [-0.24944338, -0.59299949, -0.68518164, ...,  0.        ,
          0.24944338,  0.2138253 ],
        [-0.        , -0.3734019 , -0.481835  , ..., -0.24944338,
          0.        , -0.03660809],
        [-0.03660809, -0.40711182, -0.5135903 , ..., -0.2138253 ,
          0.03660809,  0.        ]]]), 'num': array([4.02189120e+07, 2.49749120e+07, 3.70000000e+01, 4.12000000e+05,
       4.12500000e+05, 4.01500000e+05, 9.21655000e+05, 1.05000000e+04,
       4.07300000e+05, 3.77575000e+05, 3.29125000e+05, 7.73584906e+01,
       4.17448895e+05, 3.37701105e+05])}
{'img': array([[[ 0.        ,  0.07432468,  0.09715825, ...,  0.75066416,
          0.84791335,  0.47334385],
        [-0.07432468,  0.        ,  0.02291647, ...,  0.79769302,
          0.8849702 ,  0.53750559],
        [-0.09715825, -0.02291647,  0.        , ...,  0.81130363,
          0.8954088 ,  0.55668898],
        ...,
        [-0.75066416, -0.79769302, -0.81130363, ...,  0.        ,
         -0.16224953,  0.34851265],
        [-0.84791335, -0.8849702 , -0.8954088 , ...,  0.16224953,
          0.        ,  0.49597192],
        [-0.47334385, -0.53750559, -0.55668898, ..., -0.34851265,
         -0.49597192,  0.        ]],

       [[ 0.        ,  0.1222698 ,  0.09335179, ...,  0.04485705,
         -0.41064478, -0.57737235],
        [-0.1222698 ,  0.        , -0.02908451, ..., -0.07762624,
         -0.51904871, -0.67287123],
        [-0.09335179,  0.02908451,  0.        , ..., -0.04859666,
         -0.49396931, -0.65107103],
        ...,
        [-0.04485705,  0.07762624,  0.04859666, ...,  0.        ,
         -0.45113188, -0.6134161 ],
        [ 0.41064478,  0.51904871,  0.49396931, ...,  0.45113188,
          0.        , -0.1911618 ],
        [ 0.57737235,  0.67287123,  0.65107103, ...,  0.6134161 ,
          0.1911618 ,  0.        ]],

       [[ 0.        ,  0.23909822,  0.36388562, ...,  0.44963918,
          0.32045323,  0.        ],
        [-0.23909822,  0.        ,  0.13062474, ...,  0.65016256,
          0.53764783,  0.23909822],
        [-0.36388562, -0.13062474,  0.        , ...,  0.74383993,
          0.64318   ,  0.36388562],
        ...,
        [-0.44963918, -0.65016256, -0.74383993, ...,  0.        ,
          0.13969503,  0.44963918],
        [-0.32045323, -0.53764783, -0.64318   , ..., -0.13969503,
          0.        ,  0.32045323],
        [-0.        , -0.23909822, -0.36388562, ..., -0.44963918,
         -0.32045323,  0.        ]],

       ...,

       [[ 0.        , -0.10890561, -0.57315705, ...,  0.517418  ,
          0.45366686,  0.53830997],
        [ 0.10890561,  0.        , -0.48050575, ...,  0.60753455,
          0.54802206,  0.62688802],
        [ 0.57315705,  0.48050575,  0.        , ...,  0.91446516,
          0.88253643,  0.92414205],
        ...,
        [-0.517418  , -0.60753455, -0.91446516, ...,  0.        ,
         -0.07289049,  0.02459707],
        [-0.45366686, -0.54802206, -0.88253643, ...,  0.07289049,
          0.        ,  0.09740007],
        [-0.53830997, -0.62688802, -0.92414205, ..., -0.02459707,
         -0.09740007,  0.        ]],

       [[ 0.        ,  0.01944597,  0.01263252, ...,  0.85738222,
          0.79210855,  0.50602294],
        [-0.01944597,  0.        , -0.0068143 , ...,  0.86722855,
          0.80382821,  0.5226998 ],
        [-0.01263252,  0.0068143 ,  0.        , ...,  0.86381551,
          0.79975598,  0.51687836],
        ...,
        [-0.85738222, -0.86722855, -0.86381551, ...,  0.        ,
          0.11564656,  0.47906932],
        [-0.79210855, -0.80382821, -0.79975598, ..., -0.11564656,
          0.        ,  0.37434307],
        [-0.50602294, -0.5226998 , -0.51687836, ..., -0.47906932,
         -0.37434307,  0.        ]],

       [[ 0.        ,  0.32222426,  0.49307739, ...,  0.        ,
          0.03728834,  0.19002624],
        [-0.32222426,  0.        ,  0.18644789, ...,  0.32222426,
          0.35729967,  0.49624389],
        [-0.49307739, -0.18644789,  0.        , ...,  0.49307739,
          0.52517479,  0.6494131 ],
        ...,
        [-0.        , -0.32222426, -0.49307739, ...,  0.        ,
         -0.03728834, -0.19002624],
        [-0.03728834, -0.35729967, -0.52517479, ...,  0.03728834,
          0.        , -0.15328518],
        [-0.19002624, -0.49624389, -0.6494131 , ...,  0.19002624,
          0.15328518,  0.        ]]]), 'num': array([ 4.00234610e+07,  6.63461000e+05,  9.60000000e+01,  4.10000000e+05,
        4.16000000e+05,  4.04000000e+05,  7.39215000e+05, -2.00000000e+03,
        4.07200000e+05,  3.79550000e+05,  3.31591667e+05,  7.43842365e+01,
        4.21675883e+05,  3.37424117e+05])}
{'img': array([[[ 0.        ,  0.02291647, -0.53750559, ...,  0.8849702 ,
          0.53750559,  0.71169207],
        [-0.02291647,  0.        , -0.55668898, ...,  0.8954088 ,
          0.55668898,  0.7276038 ],
        [ 0.53750559,  0.55668898,  0.        , ...,  0.49597192,
          0.        ,  0.22254846],
        ...,
        [-0.8849702 , -0.8954088 , -0.49597192, ...,  0.        ,
          0.49597192,  0.29028635],
        [-0.53750559, -0.55668898, -0.        , ..., -0.49597192,
          0.        , -0.22254846],
        [-0.71169207, -0.7276038 , -0.22254846, ..., -0.29028635,
          0.22254846,  0.        ]],

       [[ 0.        , -0.02908451, -0.14387733, ..., -0.51904871,
         -0.67287123, -0.83426233],
        [ 0.02908451,  0.        , -0.11503456, ..., -0.49396931,
         -0.65107103, -0.81787314],
        [ 0.14387733,  0.11503456,  0.        , ..., -0.39066991,
         -0.55943572, -0.74625296],
        ...,
        [ 0.51904871,  0.49396931,  0.39066991, ...,  0.        ,
         -0.1911618 , -0.42689456],
        [ 0.67287123,  0.65107103,  0.55943572, ...,  0.1911618 ,
          0.        , -0.24615411],
        [ 0.83426233,  0.81787314,  0.74625296, ...,  0.42689456,
          0.24615411,  0.        ]],

       [[ 0.        ,  0.28045826,  0.24082497, ...,  0.32273814,
          0.        ,  0.05170876],
        [-0.28045826,  0.        , -0.04104422, ...,  0.57523591,
          0.28045826,  0.32971656],
        [-0.24082497,  0.04104422,  0.        , ...,  0.54117751,
          0.24082497,  0.29068969],
        ...,
        [-0.32273814, -0.57523591, -0.54117751, ...,  0.        ,
          0.32273814,  0.27336465],
        [-0.        , -0.28045826, -0.24082497, ..., -0.32273814,
          0.        , -0.05170876],
        [-0.05170876, -0.32971656, -0.29068969, ..., -0.27336465,
          0.05170876,  0.        ]],

       ...,

       [[ 0.        , -0.48050575, -0.88229976, ...,  0.54802206,
          0.62688802,  0.51513376],
        [ 0.48050575,  0.        , -0.5476012 , ...,  0.88253643,
          0.92414205,  0.86361416],
        [ 0.88229976,  0.5476012 ,  0.        , ...,  0.99595925,
          0.98247664,  0.99869502],
        ...,
        [-0.54802206, -0.88253643, -0.99595925, ...,  0.        ,
          0.09740007, -0.03882429],
        [-0.62688802, -0.92414205, -0.98247664, ..., -0.09740007,
          0.        , -0.13596633],
        [-0.51513376, -0.86361416, -0.99869502, ...,  0.03882429,
          0.13596633,  0.        ]],

       [[ 0.        , -0.00670972, -0.07463406, ...,  0.8684072 ,
          0.77077324,  0.51582988],
        [ 0.00670972,  0.        , -0.06794138, ...,  0.86506062,
          0.76648107,  0.51007012],
        [ 0.07463406,  0.06794138,  0.        , ...,  0.82897777,
          0.72107347,  0.4504529 ],
        ...,
        [-0.8684072 , -0.86506062, -0.82897777, ...,  0.        ,
          0.17108129,  0.48818152],
        [-0.77077324, -0.76648107, -0.72107347, ..., -0.17108129,
          0.        ,  0.33167437],
        [-0.51582988, -0.51007012, -0.4504529 , ..., -0.48818152,
         -0.33167437,  0.        ]],

       [[ 0.        ,  0.38903923,  0.56120864, ...,  0.03779554,
          0.19258765,  0.21486402],
        [-0.38903923,  0.        ,  0.19499949, ...,  0.42357931,
          0.55917215,  0.57789011],
        [-0.56120864, -0.19499949,  0.        , ...,  0.59209005,
          0.71010255,  0.72593848],
        ...,
        [-0.03779554, -0.42357931, -0.59209005, ...,  0.        ,
         -0.15536205, -0.17779772],
        [-0.19258765, -0.55917215, -0.71010255, ...,  0.15536205,
          0.        , -0.02275215],
        [-0.21486402, -0.57789011, -0.72593848, ...,  0.17779772,
          0.02275215,  0.        ]]]), 'num': array([ 3.92554610e+07,  6.63461000e+05,  9.60000000e+01,  4.02000000e+05,
        4.04500000e+05,  3.89500000e+05,  1.16852900e+06, -8.00000000e+03,
        4.06500000e+05,  3.81450000e+05,  3.33875000e+05,  6.83720930e+01,
        4.24024523e+05,  3.38875477e+05])}
{'img': array([[[ 0.        , -0.55668898, -0.07138021, ...,  0.55668898,
          0.7276038 ,  0.88964357],
        [ 0.55668898,  0.        ,  0.49597192, ...,  0.        ,
          0.22254846,  0.48483047],
        [ 0.07138021, -0.49597192,  0.        , ...,  0.49597192,
          0.67678116,  0.85477808],
        ...,
        [-0.55668898, -0.        , -0.49597192, ...,  0.        ,
         -0.22254846, -0.48483047],
        [-0.7276038 , -0.22254846, -0.67678116, ...,  0.22254846,
          0.        , -0.27802902],
        [-0.88964357, -0.48483047, -0.85477808, ...,  0.48483047,
          0.27802902,  0.        ]],

       [[ 0.        , -0.11503456, -0.65659984, ..., -0.65107103,
         -0.81787314, -0.43555461],
        [ 0.11503456,  0.        , -0.56547743, ..., -0.55943572,
         -0.74625296, -0.3291134 ],
        [ 0.65659984,  0.56547743,  0.        , ...,  0.00730707,
         -0.2390653 ,  0.2625341 ],
        ...,
        [ 0.65107103,  0.55943572, -0.00730707, ...,  0.        ,
         -0.24615411,  0.25547633],
        [ 0.81787314,  0.74625296,  0.2390653 , ...,  0.24615411,
          0.        ,  0.48560107],
        [ 0.43555461,  0.3291134 , -0.2625341 , ..., -0.25547633,
         -0.48560107,  0.        ]],

       [[ 0.        , -0.1469911 ,  0.06769676, ...,  0.1469911 ,
          0.19831889,  0.29078892],
        [ 0.1469911 ,  0.        ,  0.21361532, ...,  0.        ,
          0.05209321,  0.1469911 ],
        [-0.06769676, -0.21361532,  0.        , ...,  0.21361532,
          0.26421607,  0.35489323],
        ...,
        [-0.1469911 , -0.        , -0.21361532, ...,  0.        ,
         -0.05209321, -0.1469911 ],
        [-0.19831889, -0.05209321, -0.26421607, ...,  0.05209321,
          0.        , -0.09526416],
        [-0.29078892, -0.1469911 , -0.35489323, ...,  0.1469911 ,
          0.09526416,  0.        ]],

       ...,

       [[ 0.        , -0.5476012 ,  0.13854181, ...,  0.92414205,
          0.86361416,  0.71237484],
        [ 0.5476012 ,  0.        ,  0.65824386, ...,  0.98247664,
          0.99869502,  0.98037821],
        [-0.13854181, -0.65824386,  0.        , ...,  0.86230039,
          0.78543965,  0.60827658],
        ...,
        [-0.92414205, -0.98247664, -0.86230039, ...,  0.        ,
         -0.13596633, -0.3764    ],
        [-0.86361416, -0.99869502, -0.78543965, ...,  0.13596633,
          0.        , -0.24693755],
        [-0.71237484, -0.98037821, -0.60827658, ...,  0.3764    ,
          0.24693755,  0.        ]],

       [[ 0.        , -0.06737999, -0.17937498, ...,  0.8136915 ,
          0.70364175,  0.50640064],
        [ 0.06737999,  0.        , -0.1126802 , ...,  0.77267451,
          0.65416546,  0.44714813],
        [ 0.17937498,  0.1126802 ,  0.        , ...,  0.69622392,
          0.56477345,  0.34351246],
        ...,
        [-0.8136915 , -0.77267451, -0.69622392, ...,  0.        ,
          0.16914769,  0.40727567],
        [-0.70364175, -0.65416546, -0.56477345, ..., -0.16914769,
          0.        ,  0.24692364],
        [-0.50640064, -0.44714813, -0.34351246, ..., -0.40727567,
         -0.24692364,  0.        ]],

       [[ 0.        ,  0.43034458,  0.63954061, ...,  0.20120502,
          0.22340544,  0.        ],
        [-0.43034458,  0.        ,  0.24646018, ...,  0.60316433,
          0.62112808,  0.43034458],
        [-0.63954061, -0.24646018,  0.        , ...,  0.78113929,
          0.79512117,  0.63954061],
        ...,
        [-0.20120502, -0.60316433, -0.78113929, ...,  0.        ,
         -0.02271692,  0.20120502],
        [-0.22340544, -0.62112808, -0.79512117, ...,  0.02271692,
          0.        ,  0.22340544],
        [-0.        , -0.43034458, -0.63954061, ..., -0.20120502,
         -0.22340544,  0.        ]]]), 'num': array([ 3.82954610e+07,  6.63461000e+05,  9.60000000e+01,  3.92000000e+05,
        4.01500000e+05,  3.91000000e+05,  9.28939000e+05, -1.00000000e+04,
        4.03500000e+05,  3.83400000e+05,  3.35975000e+05,  5.68627451e+01,
        4.24115599e+05,  3.42684401e+05])}
{'img': array([[[ 0.        ,  0.49597192,  0.49597192, ...,  0.22254846,
          0.48483047,  0.6623254 ],
        [-0.49597192,  0.        ,  0.        , ...,  0.67678116,
          0.85477808,  0.94671293],
        [-0.49597192,  0.        ,  0.        , ...,  0.67678116,
          0.85477808,  0.94671293],
        ...,
        [-0.22254846, -0.67678116, -0.67678116, ...,  0.        ,
         -0.27802902, -0.47897843],
        [-0.48483047, -0.85477808, -0.85477808, ...,  0.27802902,
          0.        , -0.2160323 ],
        [-0.6623254 , -0.94671293, -0.94671293, ...,  0.47897843,
          0.2160323 ,  0.        ]],

       [[ 0.        , -0.56547743, -0.33481147, ..., -0.74625296,
         -0.3291134 , -0.55235686],
        [ 0.56547743,  0.        ,  0.2567006 , ..., -0.2390653 ,
          0.2625341 ,  0.01582244],
        [ 0.33481147, -0.2567006 ,  0.        , ..., -0.48031164,
          0.00604059, -0.24137622],
        ...,
        [ 0.74625296,  0.2390653 ,  0.48031164, ...,  0.        ,
          0.48560107,  0.25439902],
        [ 0.3291134 , -0.2625341 , -0.00604059, ..., -0.48560107,
          0.        , -0.2472338 ],
        [ 0.55235686, -0.01582244,  0.24137622, ..., -0.25439902,
          0.2472338 ,  0.        ]],

       [[ 0.        ,  0.21361532,  0.22567646, ...,  0.05209321,
          0.1469911 ,  0.31706259],
        [-0.21361532,  0.        ,  0.01236282, ...,  0.26421607,
          0.35489323,  0.51233786],
        [-0.22567646, -0.01236282,  0.        , ...,  0.27611937,
          0.36642419,  0.5229157 ],
        ...,
        [-0.05209321, -0.26421607, -0.27611937, ...,  0.        ,
         -0.09526416, -0.26722664],
        [-0.1469911 , -0.35489323, -0.36642419, ...,  0.09526416,
          0.        , -0.17421155],
        [-0.31706259, -0.51233786, -0.5229157 , ...,  0.26722664,
          0.17421155,  0.        ]],

       ...,

       [[ 0.        ,  0.65824386,  0.49698055, ...,  0.99869502,
