state_0,state_1,state_2,state_3,state_4,state_5,state_6,state_7,state_8,state_9,state_10,state_11,state_12,state_13,state_14,state_15,state_16,state_17,state_18,state_19,state_20,state_21,state_22,state_23,state_24,state_25,state_26,state_27,state_28,state_29,state_30,state_31,state_32,state_33,state_34,state_35,state_36,state_37,state_38,state_39,state_40,state_41,state_42,state_43,state_44,state_45,state_46,state_47,state_48,state_49,state_50,state_51,state_52,state_53,state_54,state_55,state_56,state_57,state_58,state_59,state_60,state_61,state_62,state_63,state_64,state_65,state_66,state_67,state_68,state_69,state_70,state_71,state_72,state_73,state_74,state_75,state_76,state_77
{'img': array([[[ 0.        , -0.04810324, -0.04810324, ..., -0.99401771,
         -0.85365839, -0.99928345],
        [ 0.04810324,  0.        ,  0.        , ..., -0.98761322,
         -0.87772393, -0.99630595],
        [ 0.04810324,  0.        ,  0.        , ..., -0.98761322,
         -0.87772393, -0.99630595],
        ...,
        [ 0.99401771,  0.98761322,  0.98761322, ...,  0.        ,
         -0.61095326, -0.0715175 ],
        [ 0.85365839,  0.87772393,  0.87772393, ...,  0.61095326,
          0.        ,  0.5527708 ],
        [ 0.99928345,  0.99630595,  0.99630595, ...,  0.0715175 ,
         -0.5527708 ,  0.        ]],

       [[ 0.        , -0.03309291,  0.482636  , ...,  0.92201054,
          0.7626044 ,  0.08763021],
        [ 0.03309291,  0.        ,  0.51135512, ...,  0.93431794,
          0.78359335,  0.12054782],
        [-0.482636  , -0.51135512,  0.        , ...,  0.62065656,
          0.35570456, -0.40403095],
        ...,
        [-0.92201054, -0.93431794, -0.62065656, ...,  0.        ,
         -0.30116293, -0.8845363 ],
        [-0.7626044 , -0.78359335, -0.35570456, ...,  0.30116293,
          0.        , -0.70298579],
        [-0.08763021, -0.12054782,  0.40403095, ...,  0.8845363 ,
          0.70298579,  0.        ]],

       [[ 0.        ,  0.05973384,  0.06650202, ..., -0.79767242,
         -0.97213328, -0.86846487],
        [-0.05973384,  0.        ,  0.00678167, ..., -0.83227299,
         -0.98440071, -0.83730099],
        [-0.06650202, -0.00678167,  0.        , ..., -0.83601338,
         -0.98557125, -0.83357392],
        ...,
        [ 0.79767242,  0.83227299,  0.83601338, ...,  0.        ,
         -0.39928735, -0.91920998],
        [ 0.97213328,  0.98440071,  0.98557125, ...,  0.39928735,
          0.        , -0.685529  ],
        [ 0.86846487,  0.83730099,  0.83357392, ...,  0.91920998,
          0.685529  ,  0.        ]],

       ...,

       [[ 0.        , -0.05086591,  0.05517843, ..., -0.9514262 ,
         -0.7778477 , -0.99270107],
        [ 0.05086591,  0.        ,  0.10589542, ..., -0.96585501,
         -0.80880759, -0.98528153],
        [-0.05517843, -0.10589542,  0.        , ..., -0.93298854,
         -0.74198562, -0.99784327],
        ...,
        [ 0.9514262 ,  0.96585501,  0.93298854, ...,  0.        ,
         -0.35844514,  0.42037263],
        [ 0.7778477 ,  0.80880759,  0.74198562, ...,  0.35844514,
          0.        ,  0.71767496],
        [ 0.99270107,  0.98528153,  0.99784327, ..., -0.42037263,
         -0.71767496,  0.        ]],

       [[ 0.        ,  0.24500775,  0.23264296, ...,  0.96089144,
          0.99361168,  0.99383349],
        [-0.24500775,  0.        , -0.01273302, ...,  0.86375569,
          0.9909774 ,  0.99070971],
        [-0.23264296,  0.01273302,  0.        , ...,  0.87010197,
          0.99260366,  0.992361  ],
        ...,
        [-0.96089144, -0.86375569, -0.87010197, ...,  0.        ,
          0.38359586,  0.38176404],
        [-0.99361168, -0.9909774 , -0.99260366, ..., -0.38359586,
          0.        , -0.00198274],
        [-0.99383349, -0.99070971, -0.992361  , ..., -0.38176404,
          0.00198274,  0.        ]],

       [[ 0.        ,  0.06460937,  0.16256669, ..., -0.86111199,
         -0.9999991 , -0.75048768],
        [-0.06460937,  0.        ,  0.09847712, ..., -0.8921612 ,
         -0.9979965 , -0.7062203 ],
        [-0.16256669, -0.09847712,  0.        , ..., -0.93230849,
         -0.986915  , -0.63306656],
        ...,
        [ 0.86111199,  0.8921612 ,  0.93230849, ...,  0.        ,
         -0.50725838, -0.95065496],
        [ 0.9999991 ,  0.9979965 ,  0.986915  , ...,  0.50725838,
          0.        , -0.66189177],
        [ 0.75048768,  0.7062203 ,  0.63306656, ...,  0.95065496,
          0.66189177,  0.        ]]]), 'num': array([ 9.37650000e+06,  8.20000000e+05,  1.57000000e+02,  5.45000000e+04,
        5.62000000e+04,  5.39000000e+04,  1.13028000e+05, -5.00000000e+02,
        5.51600000e+04,  5.87550000e+04,  6.03950000e+04,  2.17391304e+01,
        6.31347146e+04,  5.43752854e+04])}
{'img': array([[[ 0.        ,  0.        , -0.06987263, ..., -0.87772393,
         -0.99630595, -0.98960913],
        [ 0.        ,  0.        , -0.06987263, ..., -0.87772393,
         -0.99630595, -0.98960913],
        [ 0.06987263,  0.06987263,  0.        , ..., -0.90905934,
         -0.98787062, -0.997237  ],
        ...,
        [ 0.87772393,  0.87772393,  0.90905934, ...,  0.        ,
          0.5527708 ,  0.34798527],
        [ 0.99630595,  0.99630595,  0.98787062, ..., -0.5527708 ,
          0.        , -0.2282349 ],
        [ 0.98960913,  0.98960913,  0.997237  , ..., -0.34798527,
          0.2282349 ,  0.        ]],

       [[ 0.        ,  0.51135512, -0.19292098, ...,  0.78359335,
          0.12054782,  0.95190531],
        [-0.51135512,  0.        , -0.66753936, ...,  0.35570456,
         -0.40403095,  0.66136309],
        [ 0.19292098,  0.66753936,  0.        , ...,  0.8887298 ,
          0.30979735,  0.99313261],
        ...,
        [-0.78359335, -0.35570456, -0.8887298 , ...,  0.        ,
         -0.70298579,  0.35130705],
        [-0.12054782,  0.40403095, -0.30979735, ...,  0.70298579,
          0.        ,  0.90802863],
        [-0.95190531, -0.66136309, -0.99313261, ..., -0.35130705,
         -0.90802863,  0.        ]],

       [[ 0.        ,  0.00626472, -0.05511021, ..., -0.93066134,
         -0.99841817, -0.8       ],
        [-0.00626472,  0.        , -0.06136432, ..., -0.93293522,
         -0.9987508 , -0.79622547],
        [ 0.05511021,  0.06136432,  0.        , ..., -0.90908317,
         -0.99380232, -0.83185035],
        ...,
        [ 0.93066134,  0.93293522,  0.90908317, ...,  0.        ,
         -0.31297731, -0.85110223],
        [ 0.99841817,  0.9987508 ,  0.99380232, ...,  0.31297731,
          0.        , -0.64403028],
        [ 0.8       ,  0.79622547,  0.83185035, ...,  0.85110223,
          0.64403028,  0.        ]],

       ...,

       [[ 0.        ,  0.10589542, -0.15876035, ..., -0.80880759,
         -0.98528153, -0.98732904],
        [-0.10589542,  0.        , -0.26242005, ..., -0.74198562,
         -0.99784327, -0.99858172],
        [ 0.15876035,  0.26242005,  0.        , ..., -0.89191234,
         -0.94564694, -0.94961378],
        ...,
        [ 0.80880759,  0.74198562,  0.89191234, ...,  0.        ,
          0.71767496,  0.70896866],
        [ 0.98528153,  0.99784327,  0.94564694, ..., -0.71767496,
          0.        , -0.01242273],
        [ 0.98732904,  0.99858172,  0.94961378, ..., -0.70896866,
          0.01242273,  0.        ]],

       [[ 0.        , -0.01579802,  0.05491401, ...,  0.99558064,
          0.99539162,  0.99135962],
        [ 0.01579802,  0.        ,  0.07068134, ...,  0.99694   ,
          0.99678232,  0.99330816],
        [-0.05491401, -0.07068134,  0.        , ...,  0.9889214 ,
          0.98862377,  0.98266056],
        ...,
        [-0.99558064, -0.99694   , -0.9889214 , ...,  0.        ,
         -0.00199183, -0.0374933 ],
        [-0.99539162, -0.99678232, -0.98862377, ...,  0.00199183,
          0.        , -0.03550279],
        [-0.99135962, -0.99330816, -0.98266056, ...,  0.0374933 ,
          0.03550279,  0.        ]],

       [[ 0.        ,  0.09209414,  0.11573246, ..., -0.98894187,
         -0.98825398, -0.67205196],
        [-0.09209414,  0.        ,  0.02376533, ..., -0.99839707,
         -0.96998034, -0.60099987],
        [-0.11573246, -0.02376533,  0.        , ..., -0.99946015,
         -0.96392705, -0.5818357 ],
        ...,
        [ 0.98894187,  0.99839707,  0.99946015, ...,  0.        ,
         -0.29769215, -0.83198316],
        [ 0.98825398,  0.96998034,  0.96392705, ...,  0.29769215,
          0.        , -0.62910278],
        [ 0.67205196,  0.60099987,  0.5818357 , ...,  0.83198316,
          0.62910278,  0.        ]]]), 'num': array([7.43234920e+07, 1.69844920e+07, 1.03500000e+03, 5.54000000e+04,
       5.62000000e+04, 5.50000000e+04, 1.04065000e+05, 9.00000000e+02,
       5.48600000e+04, 5.84450000e+04, 6.02966667e+04, 2.92929293e+01,
       6.28529360e+04, 5.40370640e+04])}
{'img': array([[[ 0.        , -0.06987263, -0.04687127, ..., -0.99630595,
         -0.98960913, -0.97523191],
        [ 0.06987263,  0.        ,  0.02303912, ..., -0.98787062,
         -0.997237  , -0.9573936 ],
        [ 0.04687127, -0.02303912,  0.        , ..., -0.9911859 ,
         -0.99526082, -0.96379286],
        ...,
        [ 0.99630595,  0.98787062,  0.9911859 , ...,  0.        ,
         -0.2282349 ,  0.13662009],
        [ 0.98960913,  0.997237  ,  0.99526082, ...,  0.2282349 ,
          0.        ,  0.35910901],
        [ 0.97523191,  0.9573936 ,  0.96379286, ..., -0.13662009,
         -0.35910901,  0.        ]],

       [[ 0.        , -0.66753936, -0.51863001, ..., -0.40403095,
          0.66136309,  0.54716937],
        [ 0.66753936,  0.        ,  0.18458665, ...,  0.30979735,
          0.99313261,  0.96615344],
        [ 0.51863001, -0.18458665,  0.        , ...,  0.1289684 ,
          0.95447132,  0.90193382],
        ...,
        [ 0.40403095, -0.30979735, -0.1289684 , ...,  0.        ,
          0.90802863,  0.83870338],
        [-0.66136309, -0.99313261, -0.95447132, ..., -0.90802863,
          0.        , -0.14316231],
        [-0.54716937, -0.96615344, -0.90193382, ..., -0.83870338,
          0.14316231,  0.        ]],

       [[ 0.        , -0.05995953, -0.1003614 , ..., -0.99208648,
         -0.95958894, -0.78517251],
        [ 0.05995953,  0.        , -0.04052403, ..., -0.98277323,
         -0.9747354 , -0.82089139],
        [ 0.1003614 ,  0.04052403,  0.        , ..., -0.97447647,
         -0.98298628, -0.84335972],
        ...,
        [ 0.99208648,  0.98277323,  0.97447647, ...,  0.        ,
         -0.39966114, -0.71295989],
        [ 0.95958894,  0.9747354 ,  0.98298628, ...,  0.39966114,
          0.        , -0.3732996 ],
        [ 0.78517251,  0.82089139,  0.84335972, ...,  0.71295989,
          0.3732996 ,  0.        ]],

       ...,

       [[ 0.        , -0.26242005, -0.33719707, ..., -0.99784327,
         -0.99858172, -0.92221253],
        [ 0.26242005,  0.        , -0.07832839, ..., -0.94564694,
         -0.94961378, -0.78841896],
        [ 0.33719707,  0.07832839,  0.        , ..., -0.91726954,
         -0.92214632, -0.73781381],
        ...,
        [ 0.99784327,  0.94564694,  0.91726954, ...,  0.        ,
         -0.01242273,  0.32531398],
        [ 0.99858172,  0.94961378,  0.92214632, ...,  0.01242273,
          0.        ,  0.33703589],
        [ 0.92221253,  0.78841896,  0.73781381, ..., -0.32531398,
         -0.33703589,  0.        ]],

       [[ 0.        ,  0.07068134,  0.10942318, ...,  0.99678232,
          0.99330816,  0.93780169],
        [-0.07068134,  0.        ,  0.03889259, ...,  0.98862377,
          0.98266056,  0.91091765],
        [-0.10942318, -0.03889259,  0.        , ...,  0.98202596,
          0.97470586,  0.89418183],
        ...,
        [-0.99678232, -0.98862377, -0.98202596, ...,  0.        ,
         -0.03550279, -0.27088376],
        [-0.99330816, -0.98266056, -0.97470586, ...,  0.03550279,
          0.        , -0.23653757],
        [-0.93780169, -0.91091765, -0.89418183, ...,  0.27088376,
          0.23653757,  0.        ]],

       [[ 0.        ,  0.02304661,  0.06814578, ..., -0.99246296,
         -0.88940306, -0.58627197],
        [-0.02304661,  0.        ,  0.04513464, ..., -0.9893751 ,
         -0.87863167, -0.56744586],
        [-0.06814578, -0.04513464,  0.        , ..., -0.98180493,
         -0.85618447, -0.52970324],
        ...,
        [ 0.99246296,  0.9893751 ,  0.98180493, ...,  0.        ,
         -0.34468655, -0.73216372],
        [ 0.88940306,  0.87863167,  0.85618447, ...,  0.34468655,
          0.        , -0.45251925],
        [ 0.58627197,  0.56744586,  0.52970324, ...,  0.73216372,
          0.45251925,  0.        ]]]), 'num': array([ 7.42064010e+07,  1.00031010e+07,  1.16100000e+03,  5.53000000e+04,
        5.58000000e+04,  5.50000000e+04,  6.57870000e+04, -1.00000000e+02,
        5.48800000e+04,  5.82100000e+04,  6.01966667e+04,  3.05263158e+01,
        6.27601209e+04,  5.36598791e+04])}
{'img': array([[[ 0.        ,  0.02303912, -0.1334077 , ..., -0.997237  ,
         -0.9573936 , -0.96616527],
        [-0.02303912,  0.        , -0.15620547, ..., -0.99526082,
         -0.96379286, -0.97185115],
        [ 0.1334077 ,  0.15620547,  0.        , ..., -0.99823323,
         -0.91030938, -0.92311994],
        ...,
        [ 0.997237  ,  0.99526082,  0.99823323, ...,  0.        ,
          0.35910901,  0.32898342],
        [ 0.9573936 ,  0.96379286,  0.91030938, ..., -0.35910901,
          0.        , -0.03208067],
        [ 0.96616527,  0.97185115,  0.92311994, ..., -0.32898342,
          0.03208067,  0.        ]],

       [[ 0.        ,  0.18458665, -0.07962741, ...,  0.99313261,
          0.96615344,  0.67284014],
        [-0.18458665,  0.        , -0.26225964, ...,  0.95447132,
          0.90193382,  0.52472325],
        [ 0.07962741,  0.26225964,  0.        , ...,  0.99929505,
          0.98362694,  0.72961106],
        ...,
        [-0.99313261, -0.95447132, -0.99929505, ...,  0.        ,
         -0.14316231, -0.65598919],
        [-0.96615344, -0.90193382, -0.98362694, ...,  0.14316231,
          0.        , -0.54117734],
        [-0.67284014, -0.52472325, -0.72961106, ...,  0.65598919,
          0.54117734,  0.        ]],

       [[ 0.        , -0.04052403, -0.10204266, ..., -0.9747354 ,
         -0.82089139, -0.87293455],
        [ 0.04052403,  0.        , -0.06164634, ..., -0.98298628,
         -0.84335972, -0.89198663],
        [ 0.10204266,  0.06164634,  0.        , ..., -0.99243983,
         -0.87488132, -0.91815808],
        ...,
        [ 0.9747354 ,  0.98298628,  0.99243983, ...,  0.        ,
         -0.3732996 , -0.2805313 ],
        [ 0.82089139,  0.84335972,  0.87488132, ...,  0.3732996 ,
          0.        ,  0.09805778],
        [ 0.87293455,  0.89198663,  0.91815808, ...,  0.2805313 ,
         -0.09805778,  0.        ]],

       ...,

       [[ 0.        , -0.07832839, -0.15682713, ..., -0.94961378,
         -0.78841896, -0.75670258],
        [ 0.07832839,  0.        , -0.07898613, ..., -0.92214632,
         -0.73781381, -0.70316978],
        [ 0.15682713,  0.07898613,  0.        , ..., -0.88871018,
         -0.68219269, -0.644812  ],
        ...,
        [ 0.94961378,  0.92214632,  0.88871018, ...,  0.        ,
          0.33703589,  0.38365121],
        [ 0.78841896,  0.73781381,  0.68219269, ..., -0.33703589,
          0.        ,  0.04995922],
        [ 0.75670258,  0.70316978,  0.644812  , ..., -0.38365121,
         -0.04995922,  0.        ]],

       [[ 0.        ,  0.03889259,  0.03889259, ...,  0.98266056,
          0.91091765,  0.87497184],
        [-0.03889259,  0.        ,  0.        , ...,  0.97470586,
          0.89418183,  0.85547906],
        [-0.03889259,  0.        ,  0.        , ...,  0.97470586,
          0.89418183,  0.85547906],
        ...,
        [-0.98266056, -0.97470586, -0.97470586, ...,  0.        ,
         -0.23653757, -0.31354678],
        [-0.91091765, -0.89418183, -0.89418183, ...,  0.23653757,
          0.        , -0.08003942],
        [-0.87497184, -0.85547906, -0.85547906, ...,  0.31354678,
          0.08003942,  0.        ]],

       [[ 0.        ,  0.04372108,  0.04372108, ..., -0.95056434,
         -0.87588423, -0.55257599],
        [-0.04372108,  0.        ,  0.        , ..., -0.93607879,
         -0.85395033, -0.51560772],
        [-0.04372108,  0.        ,  0.        , ..., -0.93607879,
         -0.85395033, -0.51560772],
        ...,
        [ 0.95056434,  0.93607879,  0.93607879, ...,  0.        ,
         -0.18668127, -0.62066963],
        [ 0.87588423,  0.85395033,  0.85395033, ...,  0.18668127,
          0.        , -0.46338699],
        [ 0.55257599,  0.51560772,  0.51560772, ...,  0.62066963,
          0.46338699,  0.        ]]]), 'num': array([7.43273850e+07, 7.07178500e+06, 1.21400000e+03, 5.54000000e+04,
       5.55000000e+04, 5.48000000e+04, 5.94140000e+04, 1.00000000e+02,
       5.51200000e+04, 5.79550000e+04, 6.01033333e+04, 2.74725275e+01,
       6.25347271e+04, 5.33752729e+04])}
{'img': array([[[ 0.        , -0.15620547,  0.        , ..., -0.96379286,
         -0.97185115, -0.96379286],
        [ 0.15620547,  0.        ,  0.15620547, ..., -0.91030938,
         -0.92311994, -0.91030938],
        [ 0.        , -0.15620547,  0.        , ..., -0.96379286,
         -0.97185115, -0.96379286],
        ...,
        [ 0.96379286,  0.91030938,  0.96379286, ...,  0.        ,
         -0.03208067,  0.        ],
        [ 0.97185115,  0.92311994,  0.97185115, ...,  0.03208067,
          0.        ,  0.03208067],
        [ 0.96379286,  0.91030938,  0.96379286, ...,  0.        ,
         -0.03208067,  0.        ]],

       [[ 0.        , -0.26225964, -0.70290806, ...,  0.90193382,
          0.52472325,  0.43902585],
        [ 0.26225964,  0.        , -0.49176419, ...,  0.98362694,
          0.72961106,  0.65929236],
        [ 0.70290806,  0.49176419,  0.        , ...,  0.94509604,
          0.9715921 ,  0.94381554],
        ...,
        [-0.90193382, -0.98362694, -0.94509604, ...,  0.        ,
         -0.54117734, -0.62076052],
        [-0.52472325, -0.72961106, -0.9715921 , ...,  0.54117734,
          0.        , -0.09771963],
        [-0.43902585, -0.65929236, -0.94381554, ...,  0.62076052,
          0.09771963,  0.        ]],

       [[ 0.        , -0.06164634, -0.07260532, ..., -0.84335972,
         -0.89198663, -0.97773028],
        [ 0.06164634,  0.        , -0.01098359, ..., -0.87488132,
         -0.91815808, -0.98880813],
        [ 0.07260532,  0.01098359,  0.        , ..., -0.88014831,
         -0.92245455, -0.99038716],
        ...,
        [ 0.84335972,  0.87488132,  0.88014831, ...,  0.        ,
          0.09805778,  0.34839074],
        [ 0.89198663,  0.91815808,  0.92245455, ..., -0.09805778,
          0.        ,  0.25479734],
        [ 0.97773028,  0.98880813,  0.99038716, ..., -0.34839074,
         -0.25479734,  0.        ]],

       ...,

       [[ 0.        , -0.07898613,  0.2150562 , ..., -0.73781381,
         -0.70316978, -0.78695467],
        [ 0.07898613,  0.        ,  0.29152229, ..., -0.68219269,
         -0.644812  , -0.7357607 ],
        [-0.2150562 , -0.29152229,  0.        , ..., -0.86571405,
         -0.83962647, -0.90123325],
        ...,
        [ 0.73781381,  0.68219269,  0.86571405, ...,  0.        ,
          0.04995922, -0.07595867],
        [ 0.70316978,  0.644812  ,  0.83962647, ..., -0.04995922,
          0.        , -0.1256787 ],
        [ 0.78695467,  0.7357607 ,  0.90123325, ...,  0.07595867,
          0.1256787 ,  0.        ]],

       [[ 0.        ,  0.        ,  0.05782404, ...,  0.89418183,
          0.85547906,  0.73356432],
        [ 0.        ,  0.        ,  0.05782404, ...,  0.89418183,
          0.85547906,  0.73356432],
        [-0.05782404, -0.05782404,  0.        , ...,  0.86679762,
          0.82410421,  0.69303853],
        ...,
        [-0.89418183, -0.89418183, -0.86679762, ...,  0.        ,
         -0.08003942, -0.27928422],
        [-0.85547906, -0.85547906, -0.82410421, ...,  0.08003942,
          0.        , -0.20153367],
        [-0.73356432, -0.73356432, -0.69303853, ...,  0.27928422,
          0.20153367,  0.        ]],

       [[ 0.        ,  0.        ,  0.01045316, ..., -0.91656369,
         -0.8068943 , -0.50568022],
        [ 0.        ,  0.        ,  0.01045316, ..., -0.91656369,
         -0.8068943 , -0.50568022],
        [-0.01045316, -0.01045316,  0.        , ..., -0.91233351,
         -0.80067558, -0.49663443],
        ...,
        [ 0.91656369,  0.91656369,  0.91233351, ...,  0.        ,
         -0.21874243, -0.58852292],
        [ 0.8068943 ,  0.8068943 ,  0.80067558, ...,  0.21874243,
          0.        , -0.39742145],
        [ 0.50568022,  0.50568022,  0.49663443, ...,  0.58852292,
          0.39742145,  0.        ]]]), 'num': array([ 7.32907480e+07,  2.58374800e+06,  1.29500000e+03,  5.46000000e+04,
        5.54000000e+04,  5.44000000e+04,  7.78920000e+04, -8.00000000e+02,
        5.50400000e+04,  5.76600000e+04,  5.99950000e+04,  2.12765957e+01,
        6.23056001e+04,  5.30143999e+04])}
{'img': array([[[ 0.        ,  0.15620547,  0.24920382, ..., -0.92311994,
         -0.91030938, -0.99337537],
        [-0.15620547,  0.        ,  0.09486738, ..., -0.97185115,
         -0.96379286, -0.99913157],
        [-0.24920382, -0.09486738,  0.        , ..., -0.98981837,
         -0.98474266, -0.9906726 ],
        ...,
        [ 0.92311994,  0.97185115,  0.98981837, ...,  0.        ,
          0.03208067, -0.2758849 ],
        [ 0.91030938,  0.96379286,  0.98474266, ..., -0.03208067,
          0.        , -0.30657854],
        [ 0.99337537,  0.99913157,  0.9906726 , ...,  0.2758849 ,
          0.30657854,  0.        ]],

       [[ 0.        , -0.49176419,  0.01579341, ...,  0.72961106,
          0.65929236,  0.84048234],
        [ 0.49176419,  0.        ,  0.50545462, ...,  0.9715921 ,
          0.94381554,  0.99828885],
        [-0.01579341, -0.50545462,  0.        , ...,  0.71871955,
          0.64733528,  0.83182003],
        ...,
        [-0.72961106, -0.9715921 , -0.71871955, ...,  0.        ,
         -0.09771963,  0.17944254],
        [-0.65929236, -0.94381554, -0.64733528, ...,  0.09771963,
          0.        ,  0.27471721],
        [-0.84048234, -0.99828885, -0.83182003, ..., -0.17944254,
         -0.27471721,  0.        ]],

       [[ 0.        , -0.01098359,  0.        , ..., -0.91815808,
         -0.98880813, -0.97803048],
        [ 0.01098359,  0.        ,  0.01098359, ..., -0.92245455,
         -0.99038716, -0.98026114],
        [ 0.        , -0.01098359,  0.        , ..., -0.91815808,
         -0.98880813, -0.97803048],
        ...,
        [ 0.91815808,  0.92245455,  0.91815808, ...,  0.        ,
          0.25479734,  0.19610862],
        [ 0.98880813,  0.99038716,  0.98880813, ..., -0.25479734,
          0.        , -0.06021379],
        [ 0.97803048,  0.98026114,  0.97803048, ..., -0.19610862,
          0.06021379,  0.        ]],

       ...,

       [[ 0.        ,  0.29152229,  0.74944078, ..., -0.644812  ,
         -0.7357607 , -0.89967579],
        [-0.29152229,  0.        ,  0.52387953, ..., -0.83962647,
         -0.90123325, -0.98786409],
        [-0.74944078, -0.52387953,  0.        , ..., -0.99974005,
         -0.99467858, -0.92282446],
        ...,
        [ 0.644812  ,  0.83962647,  0.99974005, ...,  0.        ,
         -0.1256787 , -0.40616101],
        [ 0.7357607 ,  0.90123325,  0.99467858, ...,  0.1256787 ,
          0.        , -0.28809517],
        [ 0.89967579,  0.98786409,  0.92282446, ...,  0.40616101,
          0.28809517,  0.        ]],

       [[ 0.        ,  0.05782404,  0.1980383 , ...,  0.85547906,
          0.73356432,  0.55956125],
        [-0.05782404,  0.        ,  0.14102816, ...,  0.82410421,
          0.69303853,  0.51070107],
        [-0.1980383 , -0.14102816,  0.        , ...,  0.73598404,
          0.58444475,  0.38434677],
        ...,
        [-0.85547906, -0.82410421, -0.73598404, ...,  0.        ,
         -0.20153367, -0.41924988],
        [-0.73356432, -0.69303853, -0.58444475, ...,  0.20153367,
          0.        , -0.22768099],
        [-0.55956125, -0.51070107, -0.38434677, ...,  0.41924988,
          0.22768099,  0.        ]],

       [[ 0.        ,  0.01017229,  0.02218813, ..., -0.90079351,
         -0.82253131, -0.49387374],
        [-0.01017229,  0.        ,  0.01201719, ..., -0.89632961,
         -0.81670357, -0.48500304],
        [-0.02218813, -0.01201719,  0.        , ..., -0.8909366 ,
         -0.80970999, -0.47445883],
        ...,
        [ 0.90079351,  0.89632961,  0.8909366 , ...,  0.        ,
         -0.1551168 , -0.56880671],
        [ 0.82253131,  0.81670357,  0.80970999, ...,  0.1551168 ,
          0.        , -0.43434285],
        [ 0.49387374,  0.48500304,  0.47445883, ...,  0.56880671,
          0.43434285,  0.        ]]]), 'num': array([ 7.25070630e+07,  1.98306300e+06,  1.30600000e+03,  5.40000000e+04,
        5.47000000e+04,  5.39000000e+04,  6.96650000e+04, -6.00000000e+02,
        5.49400000e+04,  5.73550000e+04,  5.98883333e+04,  2.02020202e+01,
        6.21192313e+04,  5.25907687e+04])}
{'img': array([[[ 0.        ,  0.09356264,  0.16692746, ..., -0.95246455,
         -0.99940691, -0.89354201],
        [-0.09356264,  0.        ,  0.07394533, ..., -0.97679027,
         -0.99824482, -0.84761468],
        [-0.16692746, -0.07394533,  0.        , ..., -0.98995505,
         -0.99113271, -0.80605786],
        ...,
        [ 0.95246455,  0.97679027,  0.98995505, ...,  0.        ,
         -0.27166973, -0.69985421],
        [ 0.99940691,  0.99824482,  0.99113271, ...,  0.27166973,
          0.        , -0.47948327],
        [ 0.89354201,  0.84761468,  0.80605786, ...,  0.69985421,
          0.47948327,  0.        ]],

       [[ 0.        ,  0.50545462,  0.44351343, ...,  0.94381554,
          0.99828885,  0.98374385],
        [-0.50545462,  0.        , -0.07033569, ...,  0.64733528,
          0.83182003,  0.7580583 ],
        [-0.44351343,  0.07033569,  0.        , ...,  0.69934231,
          0.86879943,  0.80205288],
        ...,
        [-0.94381554, -0.64733528, -0.69934231, ...,  0.        ,
          0.27471721,  0.15561259],
        [-0.99828885, -0.83182003, -0.86879943, ..., -0.27471721,
          0.        , -0.12174525],
        [-0.98374385, -0.7580583 , -0.80205288, ..., -0.15561259,
          0.12174525,  0.        ]],

       [[ 0.        ,  0.01098359,  0.05558925, ..., -0.99038716,
         -0.98026114, -0.9559395 ],
        [-0.01098359,  0.        ,  0.04461929, ..., -0.98880813,
         -0.97803048, -0.95265746],
        [-0.05558925, -0.04461929,  0.        , ..., -0.98116646,
         -0.967755  , -0.93814237],
        ...,
        [ 0.99038716,  0.98880813,  0.98116646, ...,  0.        ,
         -0.06021379, -0.15851322],
        [ 0.98026114,  0.97803048,  0.967755  , ...,  0.06021379,
          0.        , -0.09877311],
        [ 0.9559395 ,  0.95265746,  0.93814237, ...,  0.15851322,
          0.09877311,  0.        ]],

       ...,

       [[ 0.        ,  0.52387953,  0.29587938, ..., -0.90123325,
         -0.98786409, -0.99535528],
        [-0.52387953,  0.        , -0.24839519, ..., -0.99467858,
         -0.92282446, -0.89826981],
        [-0.29587938,  0.24839519,  0.        , ..., -0.9890955 ,
         -0.98958899, -0.9792728 ],
        ...,
        [ 0.90123325,  0.99467858,  0.9890955 , ...,  0.        ,
         -0.28809517, -0.34456005],
        [ 0.98786409,  0.92282446,  0.98958899, ...,  0.28809517,
          0.        , -0.05949787],
        [ 0.99535528,  0.89826981,  0.9792728 , ...,  0.34456005,
          0.05949787,  0.        ]],

       [[ 0.        ,  0.14102816,  0.29883235, ...,  0.69303853,
          0.51070107,  0.30627098],
        [-0.14102816,  0.        ,  0.16126173, ...,  0.58444475,
          0.38434677,  0.16895902],
        [-0.29883235, -0.16126173,  0.        , ...,  0.44594217,
          0.2304413 ,  0.00780435],
        ...,
        [-0.69303853, -0.58444475, -0.44594217, ...,  0.        ,
         -0.22768099, -0.43894322],
        [-0.51070107, -0.38434677, -0.2304413 , ...,  0.22768099,
          0.        , -0.22283998],
        [-0.30627098, -0.16895902, -0.00780435, ...,  0.43894322,
          0.22283998,  0.        ]],

       [[ 0.        ,  0.01166082,  0.03203659, ..., -0.90942024,
         -0.82239237, -0.47233242],
        [-0.01166082,  0.        ,  0.02037958, ..., -0.90450893,
         -0.81570238, -0.46202222],
        [-0.03203659, -0.02037958,  0.        , ..., -0.89563011,
         -0.80374395, -0.44385226],
        ...,
        [ 0.90942024,  0.90450893,  0.89563011, ...,  0.        ,
         -0.17537282, -0.6051488 ],
        [ 0.82239237,  0.81570238,  0.80374395, ...,  0.17537282,
          0.        , -0.45615379],
        [ 0.47233242,  0.46202222,  0.44385226, ...,  0.6051488 ,
          0.45615379,  0.        ]]]), 'num': array([7.25069870e+07, 1.44298700e+06, 1.31600000e+03, 5.40000000e+04,
       5.48000000e+04, 5.39000000e+04, 5.26820000e+04, 0.00000000e+00,
       5.46600000e+04, 5.70700000e+04, 5.97700000e+04, 2.02020202e+01,
       6.19201959e+04, 5.22198041e+04])}
{'img': array([[[ 0.        ,  0.07394533,  0.12532114, ..., -0.99824482,
         -0.84761468, -0.84761468],
        [-0.07394533,  0.        ,  0.05161569, ..., -0.99113271,
         -0.80605786, -0.80605786],
        [-0.12532114, -0.05161569,  0.        , ..., -0.98295309,
         -0.77443535, -0.77443535],
        ...,
        [ 0.99824482,  0.99113271,  0.98295309, ...,  0.        ,
         -0.47948327, -0.47948327],
        [ 0.84761468,  0.80605786,  0.77443535, ...,  0.47948327,
          0.        ,  0.        ],
        [ 0.84761468,  0.80605786,  0.77443535, ...,  0.47948327,
          0.        ,  0.        ]],

       [[ 0.        , -0.14263712,  0.43424671, ...,  0.91036354,
          0.84970225,  0.66907962],
        [ 0.14263712,  0.        ,  0.55829322, ...,  0.9600797 ,
          0.91622134,  0.7682449 ],
        [-0.43424671, -0.55829322,  0.        , ...,  0.64035463,
          0.53644453,  0.27997477],
        ...,
        [-0.91036354, -0.9600797 , -0.64035463, ...,  0.        ,
         -0.12838607, -0.3997023 ],
        [-0.84970225, -0.91622134, -0.53644453, ...,  0.12838607,
          0.        , -0.27871002],
        [-0.66907962, -0.7682449 , -0.27997477, ...,  0.3997023 ,
          0.27871002,  0.        ]],

       [[ 0.        ,  0.04392144,  0.09473233, ..., -0.99563795,
         -0.9880869 , -0.86805354],
        [-0.04392144,  0.        ,  0.050917  , ..., -0.99057924,
         -0.98037401, -0.84541016],
        [-0.09473233, -0.050917  ,  0.        , ..., -0.98232173,
         -0.96906424, -0.8171179 ],
        ...,
        [ 0.99563795,  0.99057924,  0.98232173, ...,  0.        ,
         -0.06103619, -0.41331473],
        [ 0.9880869 ,  0.98037401,  0.96906424, ...,  0.06103619,
          0.        , -0.35696529],
        [ 0.86805354,  0.84541016,  0.8171179 , ...,  0.41331473,
          0.35696529,  0.        ]],

       ...,

       [[ 0.        , -0.24839519, -0.15649314, ..., -0.92282446,
         -0.89826981, -0.89826981],
        [ 0.24839519,  0.        ,  0.09374628, ..., -0.98958899,
         -0.9792728 , -0.9792728 ],
        [ 0.15649314, -0.09374628,  0.        , ..., -0.97173879,
         -0.95597229, -0.95597229],
        ...,
        [ 0.92282446,  0.98958899,  0.97173879, ...,  0.        ,
         -0.05949787, -0.05949787],
        [ 0.89826981,  0.9792728 ,  0.95597229, ...,  0.05949787,
          0.        ,  0.        ],
        [ 0.89826981,  0.9792728 ,  0.95597229, ...,  0.05949787,
          0.        ,  0.        ]],

       [[ 0.        ,  0.16126173,  0.32680379, ...,  0.38434677,
          0.16895902, -0.19225987],
        [-0.16126173,  0.        ,  0.17011927, ...,  0.2304413 ,
          0.00780435, -0.34799675],
        [-0.32680379, -0.17011927,  0.        , ...,  0.06154154,
         -0.1624235 , -0.50241026],
        ...,
        [-0.38434677, -0.2304413 , -0.06154154, ...,  0.        ,
         -0.22283998, -0.55466857],
        [-0.16895902, -0.00780435,  0.1624235 , ...,  0.22283998,
          0.        , -0.35530269],
        [ 0.19225987,  0.34799675,  0.50241026, ...,  0.55466857,
          0.35530269,  0.        ]],

       [[ 0.        ,  0.01987931,  0.01600209, ..., -0.89453727,
         -0.78403848, -0.45189501],
        [-0.01987931,  0.        , -0.00387784, ..., -0.88547458,
         -0.77154421, -0.43407194],
        [-0.01600209,  0.00387784,  0.        , ..., -0.88726991,
         -0.7740054 , -0.43756214],
        ...,
        [ 0.89453727,  0.88547458,  0.88726991, ...,  0.        ,
         -0.20479022, -0.59599681],
        [ 0.78403848,  0.77154421,  0.7740054 , ...,  0.20479022,
          0.        , -0.41892134],
        [ 0.45189501,  0.43407194,  0.43756214, ...,  0.59599681,
          0.41892134,  0.        ]]]), 'num': array([7.37003110e+07, 9.02911000e+05, 1.32600000e+03, 5.49000000e+04,
       5.52000000e+04, 5.40000000e+04, 6.25770000e+04, 9.00000000e+02,
       5.45800000e+04, 5.68400000e+04, 5.96600000e+04, 2.54716981e+01,
       6.16434987e+04, 5.20365013e+04])}
{'img': array([[[ 0.        ,  0.05161569,  0.10536064, ..., -0.80605786,
         -0.80605786, -0.9998458 ],
        [-0.05161569,  0.        ,  0.05389179, ..., -0.77443535,
         -0.77443535, -0.99760663],
        [-0.10536064, -0.05389179,  0.        , ..., -0.73921511,
         -0.73921511, -0.99243055],
        ...,
        [ 0.80605786,  0.77443535,  0.73921511, ...,  0.        ,
          0.        ,  0.57759068],
        [ 0.80605786,  0.77443535,  0.73921511, ...,  0.        ,
          0.        ,  0.57759068],
        [ 0.9998458 ,  0.99760663,  0.99243055, ..., -0.57759068,
         -0.57759068,  0.        ]],

       [[ 0.        ,  0.55829322,  0.684572  , ...,  0.91622134,
          0.7682449 ,  0.86462114],
        [-0.55829322,  0.        ,  0.16098566, ...,  0.53644453,
          0.27997477,  0.43682736],
        [-0.684572  , -0.16098566,  0.        , ...,  0.39358602,
          0.12177557,  0.2863158 ],
        ...,
        [-0.91622134, -0.53644453, -0.39358602, ...,  0.        ,
         -0.27871002, -0.11390204],
        [-0.7682449 , -0.27997477, -0.12177557, ...,  0.27871002,
          0.        ,  0.16750747],
        [-0.86462114, -0.43682736, -0.2863158 , ...,  0.11390204,
         -0.16750747,  0.        ]],

       [[ 0.        ,  0.05061192,  0.15733785, ..., -0.98785406,
         -0.93043908, -0.84265009],
        [-0.05061192,  0.        ,  0.10715467, ..., -0.97872371,
         -0.91070005, -0.81431757],
        [-0.15733785, -0.10715467,  0.        , ..., -0.9511023 ,
         -0.86119438, -0.74743436],
        ...,
        [ 0.98785406,  0.97872371,  0.9511023 , ...,  0.        ,
         -0.21741992, -0.40098661],
        [ 0.93043908,  0.91070005,  0.86119438, ...,  0.21741992,
          0.        , -0.19221938],
        [ 0.84265009,  0.81431757,  0.74743436, ...,  0.40098661,
          0.19221938,  0.        ]],

       ...,

       [[ 0.        ,  0.09374628,  0.47081986, ..., -0.9792728 ,
         -0.9792728 , -0.99818561],
        [-0.09374628,  0.        ,  0.38604071, ..., -0.95597229,
         -0.95597229, -0.99943438],
        [-0.47081986, -0.38604071,  0.        , ..., -0.76858067,
         -0.76858067, -0.90897769],
        ...,
        [ 0.9792728 ,  0.95597229,  0.76858067, ...,  0.        ,
          0.        ,  0.26114228],
        [ 0.9792728 ,  0.95597229,  0.76858067, ...,  0.        ,
          0.        ,  0.26114228],
        [ 0.99818561,  0.99943438,  0.90897769, ..., -0.26114228,
         -0.26114228,  0.        ]],

       [[ 0.        ,  0.12999835,  0.26570438, ...,  0.00567336,
         -0.21252475, -0.77069129],
        [-0.12999835,  0.        ,  0.13812417, ..., -0.12437104,
         -0.33774993, -0.84698745],
        [-0.26570438, -0.13812417,  0.        , ..., -0.26023068,
         -0.46451999, -0.91229759],
        ...,
        [-0.00567336,  0.12437104,  0.26023068, ...,  0.        ,
         -0.21806508, -0.774294  ],
        [ 0.21252475,  0.33774993,  0.46451999, ...,  0.21806508,
          0.        , -0.61766276],
        [ 0.77069129,  0.84698745,  0.91229759, ...,  0.774294  ,
          0.61766276,  0.        ]],

       [[ 0.        , -0.00383228, -0.02475587, ..., -0.82392391,
         -0.67660688, -0.42947106],
        [ 0.00383228,  0.        , -0.02092459, ..., -0.82608961,
         -0.67942379, -0.43292876],
        [ 0.02475587,  0.02092459,  0.        , ..., -0.83770056,
         -0.69462837, -0.45169598],
        ...,
        [ 0.82392391,  0.82608961,  0.83770056, ...,  0.        ,
         -0.22325836, -0.50068828],
        [ 0.67660688,  0.67942379,  0.69462837, ...,  0.22325836,
          0.        , -0.29479194],
        [ 0.42947106,  0.43292876,  0.45169598, ...,  0.50068828,
          0.29479194,  0.        ]]]), 'num': array([ 7.21030770e+07,  6.28373000e+05,  1.33100000e+03,  5.37000000e+04,
        5.50000000e+04,  5.37000000e+04,  6.67770000e+04, -1.20000000e+03,
        5.42400000e+04,  5.65750000e+04,  5.95250000e+04,  2.34782609e+01,
        6.14567517e+04,  5.16932483e+04])}
{'img': array([[[ 0.        ,  0.05292165, -0.05066356, ..., -0.93843466,
         -0.99998908, -0.765392  ],
        [-0.05292165,  0.        , -0.10344625, ..., -0.91883746,
         -0.99883507, -0.73026095],
        [ 0.05066356,  0.10344625,  0.        , ..., -0.95473157,
         -0.99846812, -0.79701433],
        ...,
        [ 0.93843466,  0.91883746,  0.95473157, ...,  0.        ,
          0.34983837, -0.33953323],
        [ 0.99998908,  0.99883507,  0.99846812, ..., -0.34983837,
          0.        , -0.64713405],
        [ 0.765392  ,  0.73026095,  0.79701433, ...,  0.33953323,
          0.64713405,  0.        ]],

       [[ 0.        ,  0.16098566, -0.41923486, ...,  0.27997477,
          0.43682736,  0.49703376],
        [-0.16098566,  0.        , -0.55992198, ...,  0.12177557,
          0.2863158 ,  0.35085853],
        [ 0.41923486,  0.55992198,  0.        , ...,  0.65665143,
          0.77370664,  0.81502909],
        ...,
        [-0.27997477, -0.12177557, -0.65665143, ...,  0.        ,
          0.16750747,  0.23421321],
        [-0.43682736, -0.2863158 , -0.77370664, ..., -0.16750747,
          0.        ,  0.06805568],
        [-0.49703376, -0.35085853, -0.81502909, ..., -0.23421321,
         -0.06805568,  0.        ]],

       [[ 0.        ,  0.10463927,  0.14783089, ..., -0.97975509,
         -0.96988679, -0.80267806],
        [-0.10463927,  0.        ,  0.04352977, ..., -0.95342771,
         -0.9390768 , -0.73586337],
        [-0.14783089, -0.04352977,  0.        , ..., -0.93939446,
         -0.92322517, -0.70569055],
        ...,
        [ 0.97975509,  0.95342771,  0.93939446, ...,  0.        ,
         -0.04445427, -0.42364223],
        [ 0.96988679,  0.9390768 ,  0.92322517, ...,  0.04445427,
          0.        , -0.38295544],
        [ 0.80267806,  0.73586337,  0.70569055, ...,  0.42364223,
          0.38295544,  0.        ]],

       ...,

       [[ 0.        ,  0.38604071, -0.37953852, ..., -0.95597229,
         -0.99943438, -0.99201101],
        [-0.38604071,  0.        , -0.70727294, ..., -0.76858067,
         -0.90897769, -0.86641252],
        [ 0.37953852,  0.70727294,  0.        , ..., -0.99582077,
         -0.93741624, -0.96566399],
        ...,
        [ 0.95597229,  0.76858067,  0.99582077, ...,  0.        ,
          0.26114228,  0.17051538],
        [ 0.99943438,  0.90897769,  0.93741624, ..., -0.26114228,
          0.        , -0.0927193 ],
        [ 0.99201101,  0.86641252,  0.96566399, ..., -0.17051538,
          0.0927193 ,  0.        ]],

       [[ 0.        ,  0.12247378,  0.16974408, ..., -0.28241058,
         -0.56732707, -0.90346829],
        [-0.12247378,  0.        ,  0.04776974, ..., -0.39777284,
         -0.66391233, -0.94916575],
        [-0.16974408, -0.04776974,  0.        , ..., -0.4411467 ,
