state_0,state_1,state_2,state_3,state_4,state_5,state_6,state_7,state_8,state_9,state_10,state_11,state_12,state_13,state_14,state_15,state_16,state_17,state_18,state_19,state_20,state_21,state_22,state_23,state_24,state_25,state_26,state_27,state_28,state_29,state_30,state_31,state_32,state_33,state_34,state_35,state_36,state_37,state_38,state_39,state_40,state_41,state_42,state_43,state_44,state_45,state_46,state_47,state_48,state_49,state_50,state_51,state_52,state_53,state_54,state_55,state_56,state_57,state_58,state_59,state_60,state_61,state_62,state_63,state_64,state_65,state_66,state_67,state_68,state_69,state_70,state_71,state_72,state_73,state_74,state_75,state_76,state_77
{'img': array([[[ 0.        , -0.38180616,  0.21901518, ...,  0.9888554 ,
          0.99865283,  0.99800518],
        [ 0.38180616,  0.        ,  0.57495957, ...,  0.85709913,
          0.94280904,  0.89829448],
        [-0.21901518, -0.57495957,  0.        , ...,  0.99745422,
          0.96304241,  0.98760196],
        ...,
        [-0.9888554 , -0.85709913, -0.99745422, ...,  0.        ,
         -0.1999898 , -0.0861536 ],
        [-0.99865283, -0.94280904, -0.96304241, ...,  0.1999898 ,
          0.        ,  0.11483309],
        [-0.99800518, -0.89829448, -0.98760196, ...,  0.0861536 ,
         -0.11483309,  0.        ]],

       [[ 0.        , -0.09548674,  0.19473166, ...,  0.28896501,
          0.22301976,  0.22161549],
        [ 0.09548674,  0.        ,  0.28750068, ...,  0.37905789,
          0.31508252,  0.31371525],
        [-0.19473166, -0.28750068,  0.        , ...,  0.09700888,
          0.02892325,  0.02748352],
        ...,
        [-0.28896501, -0.37905789, -0.09700888, ...,  0.        ,
         -0.06818146, -0.06961835],
        [-0.22301976, -0.31508252, -0.02892325, ...,  0.06818146,
          0.        , -0.00144031],
        [-0.22161549, -0.31371525, -0.02748352, ...,  0.06961835,
          0.00144031,  0.        ]],

       [[ 0.        , -0.11654263, -0.11654263, ...,  0.96778191,
          0.94764249,  0.92336136],
        [ 0.11654263,  0.        ,  0.        , ...,  0.93184288,
          0.90396902,  0.87232485],
        [ 0.11654263,  0.        ,  0.        , ...,  0.93184288,
          0.90396902,  0.87232485],
        ...,
        [-0.96778191, -0.93184288, -0.93184288, ...,  0.        ,
          0.0704381 ,  0.13906936],
        [-0.94764249, -0.90396902, -0.90396902, ..., -0.0704381 ,
          0.        ,  0.06897031],
        [-0.92336136, -0.87232485, -0.87232485, ..., -0.13906936,
         -0.06897031,  0.        ]],

       ...,

       [[ 0.        , -0.24337654, -0.29245352, ..., -0.37805554,
         -0.31687718, -0.24076777],
        [ 0.24337654,  0.        , -0.05092394, ..., -0.14137428,
         -0.07651476,  0.00268873],
        [ 0.29245352,  0.05092394,  0.        , ..., -0.09077838,
         -0.02564084,  0.053609  ],
        ...,
        [ 0.37805554,  0.14137428,  0.09077838, ...,  0.        ,
          0.06521357,  0.14403549],
        [ 0.31687718,  0.07651476,  0.02564084, ..., -0.06521357,
          0.        ,  0.07919533],
        [ 0.24076777, -0.00268873, -0.053609  , ..., -0.14403549,
         -0.07919533,  0.        ]],

       [[ 0.        ,  0.20400685,  0.34529079, ...,  0.99963023,
          0.99999497,  0.99902674],
        [-0.20400685,  0.        ,  0.14656958, ...,  0.97306009,
          0.97961186,  0.98701513],
        [-0.34529079, -0.14656958,  0.        , ...,  0.92875953,
          0.93958666,  0.95281264],
        ...,
        [-0.99963023, -0.97306009, -0.92875953, ...,  0.        ,
          0.03036389,  0.07125794],
        [-0.99999497, -0.97961186, -0.93958666, ..., -0.03036389,
          0.        ,  0.04093838],
        [-0.99902674, -0.98701513, -0.95281264, ..., -0.07125794,
         -0.04093838,  0.        ]],

       [[ 0.        ,  0.04818813,  0.07683149, ...,  0.99075144,
          0.99151039,  0.99090316],
        [-0.04818813,  0.        ,  0.02869654, ...,  0.98306184,
          0.98409275,  0.98326699],
        [-0.07683149, -0.02869654,  0.        , ...,  0.97739765,
          0.97858937,  0.97763439],
        ...,
        [-0.99075144, -0.98306184, -0.97739765, ...,  0.        ,
          0.00571246,  0.00112274],
        [-0.99151039, -0.98409275, -0.97858937, ..., -0.00571246,
          0.        , -0.00458973],
        [-0.99090316, -0.98326699, -0.97763439, ..., -0.00112274,
          0.00458973,  0.        ]]]), 'num': array([ 2.14239520e+07,  9.51152000e+05,  1.25600000e+03,  1.63000000e+04,
        1.67500000e+04,  1.63000000e+04,  9.01421000e+05, -3.50000000e+02,
        1.65800000e+04,  1.54325000e+04,  1.61000000e+04,  6.10738255e+01,
        1.73908858e+04,  1.34741142e+04])}
{'img': array([[[ 0.00000000e+00,  5.74959575e-01,  9.52980921e-01, ...,
          9.42809042e-01,  8.98294476e-01,  9.42809042e-01],
        [-5.74959575e-01,  0.00000000e+00,  6.05481488e-01, ...,
          9.63042407e-01,  9.87601960e-01,  9.63042407e-01],
        [-9.52980921e-01, -6.05481488e-01,  0.00000000e+00, ...,
          6.03360017e-01,  6.90944488e-01,  6.03360017e-01],
        ...,
        [-9.42809042e-01, -9.63042407e-01, -6.03360017e-01, ...,
          0.00000000e+00,  1.14833087e-01,  0.00000000e+00],
        [-8.98294476e-01, -9.87601960e-01, -6.90944488e-01, ...,
         -1.14833087e-01,  0.00000000e+00, -1.14833087e-01],
        [-9.42809042e-01, -9.63042407e-01, -6.03360017e-01, ...,
          0.00000000e+00,  1.14833087e-01,  0.00000000e+00]],

       [[ 0.00000000e+00,  2.87500676e-01,  6.62444872e-01, ...,
          3.15082523e-01,  3.13715248e-01,  1.41169039e-01],
        [-2.87500676e-01,  0.00000000e+00,  4.19106914e-01, ...,
          2.89232549e-02,  2.74835156e-02, -1.49412559e-01],
        [-6.62444872e-01, -4.19106914e-01,  0.00000000e+00, ...,
         -3.92671085e-01, -3.93995302e-01, -5.50059589e-01],
        ...,
        [-3.15082523e-01, -2.89232549e-02,  3.92671085e-01, ...,
          0.00000000e+00, -1.44031181e-03, -1.77948640e-01],
        [-3.13715248e-01, -2.74835156e-02,  3.93995302e-01, ...,
          1.44031181e-03,  0.00000000e+00, -1.76531131e-01],
        [-1.41169039e-01,  1.49412559e-01,  5.50059589e-01, ...,
          1.77948640e-01,  1.76531131e-01,  0.00000000e+00]],

       [[ 0.00000000e+00,  0.00000000e+00,  5.15483526e-01, ...,
          9.03969020e-01,  8.72324846e-01,  8.64545027e-01],
        [ 0.00000000e+00,  0.00000000e+00,  5.15483526e-01, ...,
          9.03969020e-01,  8.72324846e-01,  8.64545027e-01],
        [-5.15483526e-01, -5.15483526e-01,  0.00000000e+00, ...,
          9.95030293e-01,  9.99528398e-01,  9.99887204e-01],
        ...,
        [-9.03969020e-01, -9.03969020e-01, -9.95030293e-01, ...,
          0.00000000e+00,  6.89703105e-02,  8.46167955e-02],
        [-8.72324846e-01, -8.72324846e-01, -9.99528398e-01, ...,
         -6.89703105e-02,  0.00000000e+00,  1.56923455e-02],
        [-8.64545027e-01, -8.64545027e-01, -9.99887204e-01, ...,
         -8.46167955e-02, -1.56923455e-02,  0.00000000e+00]],

       ...,

       [[ 0.00000000e+00, -5.09239358e-02,  2.93617018e-01, ...,
         -7.65147618e-02,  2.68873189e-03, -1.64686306e-01],
        [ 5.09239358e-02,  0.00000000e+00,  3.41915428e-01, ...,
         -2.56408369e-02,  5.36089950e-02, -1.14244011e-01],
        [-2.93617018e-01, -3.41915428e-01,  0.00000000e+00, ...,
         -3.65898495e-01, -2.91045735e-01, -4.47035419e-01],
        ...,
        [ 7.65147618e-02,  2.56408369e-02,  3.65898495e-01, ...,
          0.00000000e+00,  7.91953349e-02, -8.87334907e-02],
        [-2.68873189e-03, -5.36089950e-02,  2.91045735e-01, ...,
         -7.91953349e-02,  0.00000000e+00, -1.67337730e-01],
        [ 1.64686306e-01,  1.14244011e-01,  4.47035419e-01, ...,
          8.87334907e-02,  1.67337730e-01,  0.00000000e+00]],

       [[ 0.00000000e+00,  2.83080435e-01,  5.50150990e-01, ...,
          9.99972470e-01,  9.99423522e-01,  9.98432462e-01],
        [-2.83080435e-01,  0.00000000e+00,  2.91257088e-01, ...,
          9.56969250e-01,  9.68153946e-01,  9.73436710e-01],
        [-5.50150990e-01, -2.91257088e-01,  0.00000000e+00, ...,
          8.30959970e-01,  8.53261606e-01,  8.64548049e-01],
        ...,
        [-9.99972470e-01, -9.56969250e-01, -8.30959970e-01, ...,
          0.00000000e+00,  4.13653277e-02,  6.33768538e-02],
        [-9.99423522e-01, -9.68153946e-01, -8.53261606e-01, ...,
         -4.13653277e-02,  0.00000000e+00,  2.20404392e-02],
        [-9.98432462e-01, -9.73436710e-01, -8.64548049e-01, ...,
         -6.33768538e-02, -2.20404392e-02,  0.00000000e+00]],

       [[ 0.00000000e+00,  2.86965442e-02, -6.28406392e-04, ...,
          9.84092748e-01,  9.83266992e-01,  9.83477771e-01],
        [-2.86965442e-02,  0.00000000e+00, -2.93246861e-02, ...,
          9.78589371e-01,  9.77634394e-01,  9.77877841e-01],
        [ 6.28406392e-04,  2.93246861e-02,  0.00000000e+00, ...,
          9.84204194e-01,  9.83381275e-01,  9.83591337e-01],
        ...,
        [-9.84092748e-01, -9.78589371e-01, -9.84204194e-01, ...,
          0.00000000e+00, -4.58973004e-03, -3.42905785e-03],
        [-9.83266992e-01, -9.77634394e-01, -9.83381275e-01, ...,
          4.58973004e-03,  0.00000000e+00,  1.16068132e-03],
        [-9.83477771e-01, -9.77877841e-01, -9.83591337e-01, ...,
          3.42905785e-03, -1.16068132e-03,  0.00000000e+00]]]), 'num': array([ 7.67000000e+07,  7.67000000e+07,  0.00000000e+00,  1.59000000e+04,
        1.66000000e+04,  1.57500000e+04,  1.02473500e+06, -4.00000000e+02,
        1.64100000e+04,  1.54750000e+04,  1.61666667e+04,  5.90909091e+01,
        1.74352296e+04,  1.35147704e+04])}
{'img': array([[[ 0.        ,  0.90123372,  0.85618664, ...,  0.92361007,
          0.96378882,  0.99107125],
        [-0.90123372,  0.        , -0.09462321, ...,  0.74570396,
          0.65797081,  0.5496287 ],
        [-0.85618664,  0.09462321,  0.        , ...,  0.80540341,
          0.72627399,  0.6262117 ],
        ...,
        [-0.92361007, -0.74570396, -0.80540341, ...,  0.        ,
         -0.12315636, -0.25676264],
        [-0.96378882, -0.65797081, -0.72627399, ...,  0.12315636,
          0.        , -0.13578049],
        [-0.99107125, -0.5496287 , -0.6262117 , ...,  0.25676264,
          0.13578049,  0.        ]],

       [[ 0.        ,  0.41910691,  0.03664441, ...,  0.02748352,
         -0.14941256, -0.11835009],
        [-0.41910691,  0.        , -0.38555462, ..., -0.3939953 ,
         -0.55005959, -0.52361581],
        [-0.03664441,  0.38555462,  0.        , ..., -0.00916551,
         -0.18554528, -0.15465747],
        ...,
        [-0.02748352,  0.3939953 ,  0.00916551, ...,  0.        ,
         -0.17653113, -0.14559574],
        [ 0.14941256,  0.55005959,  0.18554528, ...,  0.17653113,
          0.        ,  0.03134088],
        [ 0.11835009,  0.52361581,  0.15465747, ...,  0.14559574,
         -0.03134088,  0.        ]],

       [[ 0.        ,  0.51548353,  0.67518432, ...,  0.87232485,
          0.86454503,  0.89571248],
        [-0.51548353,  0.        ,  0.19831915, ...,  0.9995284 ,
          0.9998872 ,  0.99673693],
        [-0.67518432, -0.19831915,  0.        , ...,  0.97358528,
          0.97704833,  0.96093119],
        ...,
        [-0.87232485, -0.9995284 , -0.97358528, ...,  0.        ,
          0.01569235, -0.05007274],
        [-0.86454503, -0.9998872 , -0.97704833, ..., -0.01569235,
          0.        , -0.06573923],
        [-0.89571248, -0.99673693, -0.96093119, ...,  0.05007274,
          0.06573923,  0.        ]],

       ...,

       [[ 0.        ,  0.34191543,  0.24894861, ...,  0.053609  ,
         -0.11424401, -0.17402824],
        [-0.34191543,  0.        , -0.09720614, ..., -0.29104574,
         -0.44703542, -0.50023771],
        [-0.24894861,  0.09720614,  0.        , ..., -0.19666941,
         -0.3579659 , -0.41369907],
        ...,
        [-0.053609  ,  0.29104574,  0.19666941, ...,  0.        ,
         -0.16733773, -0.22656894],
        [ 0.11424401,  0.44703542,  0.3579659 , ...,  0.16733773,
          0.        , -0.0603881 ],
        [ 0.17402824,  0.50023771,  0.41369907, ...,  0.22656894,
          0.0603881 ,  0.        ]],

       [[ 0.        ,  0.48704048,  0.56744185, ...,  0.99990505,
          0.99934241,  0.99885366],
        [-0.48704048,  0.        ,  0.09455632, ...,  0.880008  ,
          0.8904649 ,  0.89569194],
        [-0.56744185, -0.09455632,  0.        , ...,  0.83115478,
          0.84344715,  0.84963196],
        ...,
        [-0.99990505, -0.880008  , -0.83115478, ...,  0.        ,
          0.02248485,  0.03409917],
        [-0.99934241, -0.8904649 , -0.84344715, ..., -0.02248485,
          0.        ,  0.01161878],
        [-0.99885366, -0.89569194, -0.84963196, ..., -0.03409917,
         -0.01161878,  0.        ]],

       [[ 0.        , -0.02932469,  0.12069122, ...,  0.97763439,
          0.97787784,  0.98020795],
        [ 0.02932469,  0.        ,  0.14974964, ...,  0.98338127,
          0.98359134,  0.98559183],
        [-0.12069122, -0.14974964,  0.        , ...,  0.94510521,
          0.94548385,  0.94914941],
        ...,
        [-0.97763439, -0.98338127, -0.94510521, ...,  0.        ,
          0.00116068,  0.01260625],
        [-0.97787784, -0.98359134, -0.94548385, ..., -0.00116068,
          0.        ,  0.01144565],
        [-0.98020795, -0.98559183, -0.94914941, ..., -0.01260625,
         -0.01144565,  0.        ]]]), 'num': array([7.67918960e+07, 6.68087960e+07, 6.22000000e+02, 1.60500000e+04,
       1.61000000e+04, 1.53500000e+04, 1.04422300e+06, 1.50000000e+02,
       1.62400000e+04, 1.56025000e+04, 1.62258333e+04, 6.02564103e+01,
       1.73527785e+04, 1.38522215e+04])}
{'img': array([[[ 0.        , -0.156957  ,  0.92970041, ...,  0.79807409,
          0.69166481,  0.73373547],
        [ 0.156957  ,  0.        ,  0.97598706, ...,  0.88275821,
          0.7964492 ,  0.83128325],
        [-0.92970041, -0.97598706,  0.        , ..., -0.2662557 ,
         -0.41669534, -0.36142426],
        ...,
        [-0.79807409, -0.88275821,  0.2662557 , ...,  0.        ,
         -0.15961492, -0.10012052],
        [-0.69166481, -0.7964492 ,  0.41669534, ...,  0.15961492,
          0.        ,  0.05997599],
        [-0.73373547, -0.83128325,  0.36142426, ...,  0.10012052,
         -0.05997599,  0.        ]],

       [[ 0.        , -0.38555462,  0.55412231, ..., -0.55005959,
         -0.52361581, -0.51968241],
        [ 0.38555462,  0.        ,  0.83222961, ..., -0.18554528,
         -0.15465747, -0.15010091],
        [-0.55412231, -0.83222961,  0.        , ..., -0.92065062,
         -0.90796326, -0.90602163],
        ...,
        [ 0.55005959,  0.18554528,  0.92065062, ...,  0.        ,
          0.03134088,  0.03594867],
        [ 0.52361581,  0.15465747,  0.90796326, ..., -0.03134088,
          0.        ,  0.00461039],
        [ 0.51968241,  0.15010091,  0.90602163, ..., -0.03594867,
         -0.00461039,  0.        ]],

       [[ 0.        ,  0.49028951,  0.85461264, ...,  0.88571983,
          0.91571215,  0.94062427],
        [-0.49028951,  0.        ,  0.49025518, ...,  0.99955994,
          0.99511317,  0.98623869],
        [-0.85461264, -0.49025518,  0.        , ...,  0.85665268,
          0.81891139,  0.77853212],
        ...,
        [-0.88571983, -0.99955994, -0.85665268, ...,  0.        ,
         -0.06917896, -0.13599958],
        [-0.91571215, -0.99511317, -0.81891139, ...,  0.06917896,
          0.        , -0.06713755],
        [-0.94062427, -0.98623869, -0.77853212, ...,  0.13599958,
          0.06713755,  0.        ]],

       ...,

       [[ 0.        , -0.09720614,  0.2523546 , ..., -0.44703542,
         -0.50023771, -0.46924009],
        [ 0.09720614,  0.        ,  0.34521957, ..., -0.3579659 ,
         -0.41369907, -0.381178  ],
        [-0.2523546 , -0.34521957,  0.        , ..., -0.65830233,
         -0.70255828, -0.67689999],
        ...,
        [ 0.44703542,  0.3579659 ,  0.65830233, ...,  0.        ,
         -0.0603881 , -0.02497904],
        [ 0.50023771,  0.41369907,  0.70255828, ...,  0.0603881 ,
          0.        ,  0.03543581],
        [ 0.46924009,  0.381178  ,  0.67689999, ...,  0.02497904,
         -0.03543581,  0.        ]],

       [[ 0.        ,  0.32224321,  0.7733191 , ...,  0.99958291,
          0.9998641 ,  0.9992184 ],
        [-0.32224321,  0.        ,  0.52776019, ...,  0.93695595,
          0.9412158 ,  0.9331789 ],
        [-0.7733191 , -0.52776019,  0.        , ...,  0.61141975,
          0.62118202,  0.60295255],
        ...,
        [-0.99958291, -0.93695595, -0.61141975, ...,  0.        ,
          0.01239627, -0.01065641],
        [-0.9998641 , -0.9412158 , -0.62118202, ..., -0.01239627,
          0.        , -0.02305115],
        [-0.9992184 , -0.9331789 , -0.60295255, ...,  0.01065641,
          0.02305115,  0.        ]],

       [[ 0.        ,  0.14974964, -0.04098968, ...,  0.98359134,
          0.98559183,  0.9973459 ],
        [-0.14974964,  0.        , -0.19015126, ...,  0.94548385,
          0.94914941,  0.97519666],
        [ 0.04098968,  0.19015126,  0.        , ...,  0.99015968,
          0.99169655,  0.99949212],
        ...,
        [-0.98359134, -0.94548385, -0.99015968, ...,  0.        ,
          0.01144565,  0.10831776],
        [-0.98559183, -0.94914941, -0.99169655, ..., -0.01144565,
          0.        ,  0.09693235],
        [-0.9973459 , -0.97519666, -0.99949212, ..., -0.10831776,
         -0.09693235,  0.        ]]]), 'num': array([ 7.66379890e+07,  6.04199890e+07,  1.02000000e+03,  1.59000000e+04,
        1.61000000e+04,  1.57000000e+04,  5.88844000e+05, -1.50000000e+02,
        1.61600000e+04,  1.56425000e+04,  1.62541667e+04,  4.09090909e+01,
        1.73815443e+04,  1.39034557e+04])}
{'img': array([[[ 0.        ,  0.97598706,  0.9679332 , ...,  0.7964492 ,
          0.83128325,  0.7964492 ],
        [-0.97598706,  0.        ,  0.45601896, ..., -0.41669534,
         -0.36142426, -0.41669534],
        [-0.9679332 , -0.45601896,  0.        , ..., -0.78538868,
         -0.74684952, -0.78538868],
        ...,
        [-0.7964492 ,  0.41669534,  0.78538868, ...,  0.        ,
          0.05997599,  0.        ],
        [-0.83128325,  0.36142426,  0.74684952, ..., -0.05997599,
          0.        , -0.05997599],
        [-0.7964492 ,  0.41669534,  0.78538868, ...,  0.        ,
          0.05997599,  0.        ]],

       [[ 0.        ,  0.83222961,  0.95107424, ..., -0.15465747,
         -0.15010091, -0.2964232 ],
        [-0.83222961,  0.        ,  0.78443286, ..., -0.90796326,
         -0.90602163, -0.95917271],
        [-0.95107424, -0.78443286,  0.        , ..., -0.89184771,
         -0.89392367, -0.81674618],
        ...,
        [ 0.15465747,  0.90796326,  0.89184771, ...,  0.        ,
          0.00461039, -0.14515003],
        [ 0.15010091,  0.90602163,  0.89392367, ..., -0.00461039,
          0.        , -0.14971004],
        [ 0.2964232 ,  0.95917271,  0.81674618, ...,  0.14515003,
          0.14971004,  0.        ]],

       [[ 0.        ,  0.78179989,  0.98823529, ...,  0.93264928,
          0.95576922,  0.96486528],
        [-0.78179989,  0.        ,  0.49662438, ...,  0.86359539,
          0.82589137,  0.80703597],
        [-0.98823529, -0.49662438,  0.        , ...,  0.49918027,
          0.43683391,  0.40722161],
        ...,
        [-0.93264928, -0.86359539, -0.49918027, ...,  0.        ,
         -0.07051793, -0.10305923],
        [-0.95576922, -0.82589137, -0.43683391, ...,  0.07051793,
          0.        , -0.03266023],
        [-0.96486528, -0.80703597, -0.40722161, ...,  0.10305923,
          0.03266023,  0.        ]],

       ...,

       [[ 0.        ,  0.34521957,  0.27662266, ..., -0.41369907,
         -0.381178  , -0.8342272 ],
        [-0.34521957,  0.        , -0.07213218, ..., -0.70255828,
         -0.67689999, -0.97330181],
        [-0.27662266,  0.07213218,  0.        , ..., -0.64939701,
         -0.62204202, -0.95421001],
        ...,
        [ 0.41369907,  0.70255828,  0.64939701, ...,  0.        ,
          0.03543581, -0.53136956],
        [ 0.381178  ,  0.67689999,  0.62204202, ..., -0.03543581,
          0.        , -0.56105493],
        [ 0.8342272 ,  0.97330181,  0.95421001, ...,  0.53136956,
          0.56105493,  0.        ]],

       [[ 0.        ,  0.73432965,  0.93021394, ...,  0.9990165 ,
          0.99768429,  0.99821306],
        [-0.73432965,  0.        ,  0.36191071, ...,  0.64556522,
          0.62727561,  0.63369997],
        [-0.93021394, -0.36191071,  0.        , ...,  0.32541108,
          0.30289924,  0.31077671],
        ...,
        [-0.9990165 , -0.64556522, -0.32541108, ...,  0.        ,
         -0.02371087, -0.01543572],
        [-0.99768429, -0.62727561, -0.30289924, ...,  0.02371087,
          0.        ,  0.00827666],
        [-0.99821306, -0.63369997, -0.31077671, ...,  0.01543572,
         -0.00827666,  0.        ]],

       [[ 0.        , -0.19015126, -0.3355129 , ...,  0.94914941,
          0.97519666,  0.97843125],
        [ 0.19015126,  0.        , -0.15026214, ...,  0.99169655,
          0.99949212,  0.99985964],
        [ 0.3355129 ,  0.15026214,  0.        , ...,  0.99976072,
          0.99293247,  0.9910249 ],
        ...,
        [-0.94914941, -0.99169655, -0.99976072, ...,  0.        ,
          0.09693235,  0.11196719],
        [-0.97519666, -0.99949212, -0.99293247, ..., -0.09693235,
          0.        ,  0.01511711],
        [-0.97843125, -0.99985964, -0.9910249 , ..., -0.11196719,
         -0.01511711,  0.        ]]]), 'num': array([ 7.65451530e+07,  6.23883530e+07,  8.96000000e+02,  1.58000000e+04,
        1.60500000e+04,  1.57000000e+04,  1.10913900e+06, -1.00000000e+02,
        1.59900000e+04,  1.57200000e+04,  1.62850000e+04,  5.29411765e+01,
        1.73378381e+04,  1.41021619e+04])}
{'img': array([[[ 0.        ,  0.45601896,  0.66684968, ..., -0.36142426,
         -0.41669534, -0.45278097],
        [-0.45601896,  0.        ,  0.25365445, ..., -0.74684952,
         -0.78538868, -0.80955794],
        [-0.66684968, -0.25365445,  0.        , ..., -0.89110218,
         -0.91671531, -0.93198657],
        ...,
        [ 0.36142426,  0.74684952,  0.89110218, ...,  0.        ,
         -0.05997599, -0.0999199 ],
        [ 0.41669534,  0.78538868,  0.91671531, ...,  0.05997599,
          0.        , -0.04006418],
        [ 0.45278097,  0.80955794,  0.93198657, ...,  0.0999199 ,
          0.04006418,  0.        ]],

       [[ 0.        ,  0.78443286, -0.09518375, ..., -0.90602163,
         -0.95917271, -0.89965628],
        [-0.78443286,  0.        , -0.83990558, ..., -0.89392367,
         -0.81674618, -0.90046169],
        [ 0.09518375,  0.83990558,  0.        , ..., -0.86162329,
         -0.92789783, -0.85401447],
        ...,
        [ 0.90602163,  0.89392367,  0.86162329, ...,  0.        ,
         -0.14971004,  0.01480526],
        [ 0.95917271,  0.81674618,  0.92789783, ...,  0.14971004,
          0.        ,  0.16433204],
        [ 0.89965628,  0.90046169,  0.85401447, ..., -0.01480526,
         -0.16433204,  0.        ]],

       [[ 0.        ,  0.9073899 ,  0.99080936, ...,  0.99145689,
          0.99577862,  0.99995332],
        [-0.9073899 ,  0.        ,  0.53916585, ...,  0.53505448,
          0.50180265,  0.42903729],
        [-0.99080936, -0.53916585,  0.        , ..., -0.00487411,
         -0.04375084, -0.12568635],
        ...,
        [-0.99145689, -0.53505448,  0.00487411, ...,  0.        ,
         -0.03888088, -0.1208494 ],
        [-0.99577862, -0.50180265,  0.04375084, ...,  0.03888088,
          0.        , -0.08216211],
        [-0.99995332, -0.42903729,  0.12568635, ...,  0.1208494 ,
          0.08216211,  0.        ]],

       ...,

       [[ 0.        , -0.07213218,  0.61376538, ..., -0.67689999,
         -0.97330181, -0.82166637],
        [ 0.07213218,  0.        ,  0.6691141 , ..., -0.62204202,
         -0.95421001, -0.77841291],
        [-0.61376538, -0.6691141 ,  0.        , ..., -0.98618209,
         -0.90928754, -0.99852322],
        ...,
        [ 0.67689999,  0.62204202,  0.98618209, ...,  0.        ,
         -0.56105493, -0.21899624],
        [ 0.97330181,  0.95421001,  0.90928754, ...,  0.56105493,
          0.        ,  0.36615532],
        [ 0.82166637,  0.77841291,  0.99852322, ...,  0.21899624,
         -0.36615532,  0.        ]],

       [[ 0.        ,  0.7777513 ,  0.95785721, ...,  0.96219523,
          0.96492642,  0.96073386],
        [-0.7777513 ,  0.        ,  0.37867733, ...,  0.39298022,
          0.40235019,  0.38808668],
        [-0.95785721, -0.37867733,  0.        , ...,  0.01550292,
          0.02571295,  0.01018769],
        ...,
        [-0.96219523, -0.39298022, -0.01550292, ...,  0.        ,
          0.01021206, -0.00531565],
        [-0.96492642, -0.40235019, -0.02571295, ..., -0.01021206,
          0.        , -0.01552729],
        [-0.96073386, -0.38808668, -0.01018769, ...,  0.00531565,
          0.01552729,  0.        ]],

       [[ 0.        , -0.15026214, -0.36542216, ...,  0.99949212,
          0.99985964,  0.99907441],
        [ 0.15026214,  0.        , -0.22140294, ...,  0.99293247,
          0.9910249 ,  0.98126752],
        [ 0.36542216,  0.22140294,  0.        , ...,  0.94201402,
          0.93683347,  0.91426153],
        ...,
        [-0.99949212, -0.99293247, -0.94201402, ...,  0.        ,
          0.01511711,  0.07483098],
        [-0.99985964, -0.9910249 , -0.93683347, ..., -0.01511711,
          0.        ,  0.05974771],
        [-0.99907441, -0.98126752, -0.91426153, ..., -0.07483098,
         -0.05974771,  0.        ]]]), 'num': array([ 7.60759360e+07,  3.97279360e+07,  2.33000000e+03,  1.56000000e+04,
        1.57500000e+04,  1.54000000e+04,  8.69013000e+05, -2.00000000e+02,
        1.58500000e+04,  1.57925000e+04,  1.62625000e+04,  5.35714286e+01,
        1.72438011e+04,  1.43411989e+04])}
{'img': array([[[ 0.        ,  0.25365445, -0.16801416, ..., -0.78538868,
         -0.80955794, -0.85419662],
        [-0.25365445,  0.        , -0.41256789, ..., -0.91671531,
         -0.93198657, -0.9581477 ],
        [ 0.16801416,  0.41256789,  0.        , ..., -0.67022279,
         -0.69941871, -0.75469487],
        ...,
        [ 0.78538868,  0.91671531,  0.67022279, ...,  0.        ,
         -0.04006418, -0.12038727],
        [ 0.80955794,  0.93198657,  0.69941871, ...,  0.04006418,
          0.        , -0.08051782],
        [ 0.85419662,  0.9581477 ,  0.75469487, ...,  0.12038727,
          0.08051782,  0.        ]],

       [[ 0.        , -0.83990558, -0.92942916, ..., -0.81674618,
         -0.90046169, -0.87288081],
        [ 0.83990558,  0.        , -0.8143571 , ..., -0.92789783,
         -0.85401447, -0.88355888],
        [ 0.92942916,  0.8143571 ,  0.        , ..., -0.23489813,
         -0.07197068, -0.13140607],
        ...,
        [ 0.81674618,  0.92789783,  0.23489813, ...,  0.        ,
          0.16433204,  0.10513191],
        [ 0.90046169,  0.85401447,  0.07197068, ..., -0.16433204,
          0.        , -0.05971871],
        [ 0.87288081,  0.88355888,  0.13140607, ..., -0.10513191,
          0.05971871,  0.        ]],

       [[ 0.        ,  0.61296781,  0.86141334, ...,  0.57392125,
          0.49640092,  0.42880938],
        [-0.61296781,  0.        ,  0.36928032, ..., -0.04850606,
         -0.13990302, -0.21494638],
        [-0.86141334, -0.36928032,  0.        , ..., -0.4139232 ,
         -0.49566293, -0.56040226],
        ...,
        [-0.57392125,  0.04850606,  0.4139232 , ...,  0.        ,
         -0.09170933, -0.16732109],
        [-0.49640092,  0.13990302,  0.49566293, ...,  0.09170933,
          0.        , -0.07619952],
        [-0.42880938,  0.21494638,  0.56040226, ...,  0.16732109,
          0.07619952,  0.        ]],

       ...,

       [[ 0.        ,  0.6691141 ,  0.08785681, ..., -0.95421001,
         -0.77841291, -0.76636318],
        [-0.6691141 ,  0.        , -0.60123507, ..., -0.90928754,
         -0.99852322, -0.99937418],
        [-0.08785681,  0.60123507,  0.        , ..., -0.97680146,
         -0.83055522, -0.81983962],
        ...,
        [ 0.95421001,  0.90928754,  0.97680146, ...,  0.        ,
          0.36615532,  0.38374375],
        [ 0.77841291,  0.99852322,  0.83055522, ..., -0.36615532,
          0.        ,  0.01897186],
        [ 0.76636318,  0.99937418,  0.81983962, ..., -0.38374375,
         -0.01897186,  0.        ]],

       [[ 0.        ,  0.81402755,  0.95631905, ...,  0.8348595 ,
          0.82245926,  0.79368512],
        [-0.81402755,  0.        ,  0.31749465, ...,  0.03681619,
          0.01466751, -0.03420325],
        [-0.95631905, -0.31749465,  0.        , ..., -0.28236808,
         -0.30355188, -0.34974246],
        ...,
        [-0.8348595 , -0.03681619,  0.28236808, ...,  0.        ,
         -0.02215466, -0.07097471],
        [-0.82245926, -0.01466751,  0.30355188, ...,  0.02215466,
          0.        , -0.0488585 ],
        [-0.79368512,  0.03420325,  0.34974246, ...,  0.07097471,
          0.0488585 ,  0.        ]],

       [[ 0.        , -0.22140294, -0.32462514, ...,  0.9910249 ,
          0.98126752,  0.96412545],
        [ 0.22140294,  0.        , -0.10715637, ...,  0.93683347,
          0.91426153,  0.88142743],
        [ 0.32462514,  0.10715637,  0.        , ...,  0.89395866,
          0.86558571,  0.82574029],
        ...,
        [-0.9910249 , -0.93683347, -0.89395866, ...,  0.        ,
          0.05974771,  0.13418279],
        [-0.98126752, -0.91426153, -0.86558571, ..., -0.05974771,
          0.        ,  0.07473569],
        [-0.96412545, -0.88142743, -0.82574029, ..., -0.13418279,
         -0.07473569,  0.        ]]]), 'num': array([7.69604560e+07, 3.00077560e+07, 2.95300000e+03, 1.59000000e+04,
       1.59500000e+04, 1.56000000e+04, 9.69474000e+05, 3.00000000e+02,
       1.58500000e+04, 1.58550000e+04, 1.62291667e+04, 5.86206897e+01,
       1.72084770e+04, 1.45015230e+04])}
{'img': array([[[ 0.        , -0.41256789, -0.54208689, ..., -0.93198657,
         -0.9581477 , -0.91671531],
        [ 0.41256789,  0.        , -0.14711145, ..., -0.69941871,
         -0.75469487, -0.67022279],
        [ 0.54208689,  0.14711145,  0.        , ..., -0.58666663,
         -0.64996745, -0.55375048],
        ...,
        [ 0.93198657,  0.69941871,  0.58666663, ...,  0.        ,
         -0.08051782,  0.04006418],
        [ 0.9581477 ,  0.75469487,  0.64996745, ...,  0.08051782,
          0.        ,  0.12038727],
        [ 0.91671531,  0.67022279,  0.55375048, ..., -0.04006418,
         -0.12038727,  0.        ]],

       [[ 0.        , -0.8143571 , -0.85835427, ..., -0.85401447,
         -0.88355888, -0.87069649],
        [ 0.8143571 ,  0.        , -0.08034604, ..., -0.07197068,
         -0.13140607, -0.1048033 ],
        [ 0.85835427,  0.08034604,  0.        , ...,  0.00839969,
         -0.05133191, -0.0245609 ],
        ...,
        [ 0.85401447,  0.07197068, -0.00839969, ...,  0.        ,
         -0.05971871, -0.03295719],
        [ 0.88355888,  0.13140607,  0.05133191, ...,  0.05971871,
          0.        ,  0.0267879 ],
        [ 0.87069649,  0.1048033 ,  0.0245609 , ...,  0.03295719,
         -0.0267879 ,  0.        ]],

       [[ 0.        ,  0.36928032,  0.73967658, ..., -0.13990302,
         -0.21494638, -0.21494638],
        [-0.36928032,  0.        ,  0.43888298, ..., -0.49566293,
         -0.56040226, -0.56040226],
        [-0.73967658, -0.43888298,  0.        , ..., -0.82655151,
         -0.86703813, -0.86703813],
        ...,
        [ 0.13990302,  0.49566293,  0.82655151, ...,  0.        ,
         -0.07619952, -0.07619952],
        [ 0.21494638,  0.56040226,  0.86703813, ...,  0.07619952,
          0.        ,  0.        ],
        [ 0.21494638,  0.56040226,  0.86703813, ...,  0.07619952,
          0.        ,  0.        ]],

       ...,

       [[ 0.        , -0.60123507, -0.66540702, ..., -0.99852322,
         -0.99937418, -0.99319376],
        [ 0.60123507,  0.        , -0.08289784, ..., -0.83055522,
         -0.81983962, -0.72360539],
        [ 0.66540702,  0.08289784,  0.        , ..., -0.78152767,
         -0.76955103, -0.66389754],
        ...,
        [ 0.99852322,  0.83055522,  0.78152767, ...,  0.        ,
          0.01897186,  0.17025866],
        [ 0.99937418,  0.81983962,  0.76955103, ..., -0.01897186,
          0.        ,  0.15153316],
        [ 0.99319376,  0.72360539,  0.66389754, ..., -0.17025866,
         -0.15153316,  0.        ]],

       [[ 0.        ,  0.37672827,  0.58773706, ...,  0.01868178,
         -0.0442441 , -0.06903087],
        [-0.37672827,  0.        ,  0.23964207, ..., -0.35935714,
         -0.41734372, -0.43977453],
        [-0.58773706, -0.23964207,  0.        , ..., -0.57251995,
         -0.62295729, -0.64218458],
        ...,
        [-0.01868178,  0.35935714,  0.57251995, ...,  0.        ,
         -0.06289987, -0.08765604],
        [ 0.0442441 ,  0.41734372,  0.62295729, ...,  0.06289987,
          0.        , -0.02482471],
        [ 0.06903087,  0.43977453,  0.64218458, ...,  0.08765604,
          0.02482471,  0.        ]],

       [[ 0.        , -0.10715637,  0.17028776, ...,  0.91426153,
          0.88142743,  0.85549622],
        [ 0.10715637,  0.        ,  0.27489856, ...,  0.86558571,
          0.82574029,  0.7950839 ],
        [-0.17028776, -0.27489856,  0.        , ...,  0.96989592,
          0.94898386,  0.93117771],
        ...,
        [-0.91426153, -0.86558571, -0.96989592, ...,  0.        ,
          0.07473569,  0.12683042],
        [-0.88142743, -0.82574029, -0.94898386, ..., -0.07473569,
          0.        ,  0.05234357],
        [-0.85549622, -0.7950839 , -0.93117771, ..., -0.12683042,
         -0.05234357,  0.        ]]]), 'num': array([ 7.57943640e+07,  1.52663640e+07,  3.88000000e+03,  1.56000000e+04,
        1.58000000e+04,  1.54000000e+04,  6.67291000e+05, -3.00000000e+02,
        1.57600000e+04,  1.59100000e+04,  1.61850000e+04,  5.28089888e+01,
        1.71206197e+04,  1.46993803e+04])}
{'img': array([[[ 0.        , -0.14711145,  0.19883354, ..., -0.75469487,
         -0.67022279, -0.75469487],
        [ 0.14711145,  0.        ,  0.34084434, ..., -0.64996745,
         -0.55375048, -0.64996745],
        [-0.19883354, -0.34084434,  0.        , ..., -0.87007599,
         -0.80440693, -0.87007599],
        ...,
        [ 0.75469487,  0.64996745,  0.87007599, ...,  0.        ,
          0.12038727,  0.        ],
        [ 0.67022279,  0.55375048,  0.80440693, ..., -0.12038727,
          0.        , -0.12038727],
        [ 0.75469487,  0.64996745,  0.87007599, ...,  0.        ,
          0.12038727,  0.        ]],

       [[ 0.        , -0.08034604, -0.03648697, ..., -0.13140607,
         -0.1048033 , -0.19837439],
        [ 0.08034604,  0.        ,  0.04392354, ..., -0.05133191,
         -0.0245609 , -0.11898378],
        [ 0.03648697, -0.04392354,  0.        , ..., -0.095148  ,
         -0.06844748, -0.16248046],
        ...,
        [ 0.13140607,  0.05133191,  0.095148  , ...,  0.        ,
          0.0267879 , -0.06785966],
        [ 0.1048033 ,  0.0245609 ,  0.06844748, ..., -0.0267879 ,
          0.        , -0.09456146],
        [ 0.19837439,  0.11898378,  0.16248046, ...,  0.06785966,
          0.09456146,  0.        ]],

       [[ 0.        ,  0.43888298,  0.59974228, ..., -0.56040226,
         -0.56040226, -0.60075555],
        [-0.43888298,  0.        ,  0.18770377, ..., -0.86703813,
         -0.86703813, -0.89066287],
        [-0.59974228, -0.18770377,  0.        , ..., -0.94514898,
         -0.94514898, -0.96017416],
        ...,
        [ 0.56040226,  0.86703813,  0.94514898, ...,  0.        ,
          0.        , -0.04955416],
        [ 0.56040226,  0.86703813,  0.94514898, ...,  0.        ,
          0.        , -0.04955416],
        [ 0.60075555,  0.89066287,  0.96017416, ...,  0.04955416,
          0.04955416,  0.        ]],

       ...,

       [[ 0.        , -0.18521129, -0.09891172, ..., -0.96059134,
         -0.90030305, -0.96729121],
        [ 0.18521129,  0.        ,  0.08710264, ..., -0.89248971,
         -0.80411092, -0.90357356],
        [ 0.09891172, -0.08710264,  0.        , ..., -0.92838685,
         -0.85283549, -0.93745703],
        ...,
        [ 0.96059134,  0.89248971,  0.92838685, ...,  0.        ,
          0.16785813, -0.02520087],
        [ 0.90030305,  0.80411092,  0.85283549, ..., -0.16785813,
          0.        , -0.19264812],
        [ 0.96729121,  0.90357356,  0.93745703, ...,  0.02520087,
          0.19264812,  0.        ]],

       [[ 0.        ,  0.23964207,  0.47190107, ..., -0.41734372,
         -0.43977453, -0.4974012 ],
        [-0.23964207,  0.        ,  0.24686969, ..., -0.62295729,
         -0.64218458, -0.69080202],
        [-0.47190107, -0.24686969,  0.        , ..., -0.79679121,
         -0.8115461 , -0.84791843],
        ...,
        [ 0.41734372,  0.62295729,  0.79679121, ...,  0.        ,
         -0.02482471, -0.08995841],
        [ 0.43977453,  0.64218458,  0.8115461 , ...,  0.02482471,
          0.        , -0.06520663],
        [ 0.4974012 ,  0.69080202,  0.84791843, ...,  0.08995841,
          0.06520663,  0.        ]],

       [[ 0.        ,  0.27489856,  0.40120716, ...,  0.82574029,
          0.7950839 ,  0.75224275],
        [-0.27489856,  0.        ,  0.13394634, ...,  0.94898386,
          0.93117771,  0.9043881 ],
        [-0.40120716, -0.13394634,  0.        , ...,  0.98266876,
          0.97161871,  0.95339464],
        ...,
        [-0.82574029, -0.94898386, -0.98266876, ...,  0.        ,
          0.05234357,  0.11976587],
        [-0.7950839 , -0.93117771, -0.97161871, ..., -0.05234357,
          0.        ,  0.06763488],
        [-0.75224275, -0.9043881 , -0.95339464, ..., -0.11976587,
         -0.06763488,  0.        ]]]), 'num': array([7.65247910e+07, 1.84123910e+07, 3.67800000e+03, 1.58000000e+04,
       1.59000000e+04, 1.56000000e+04, 6.59909000e+05, 2.00000000e+02,
       1.57400000e+04, 1.59775000e+04, 1.61550000e+04, 5.05882353e+01,
       1.69891694e+04, 1.49658306e+04])}
{'img': array([[[ 0.        ,  0.34084434,  0.46923009, ..., -0.55375048,
         -0.64996745, -0.58666663],
        [-0.34084434,  0.        ,  0.14014104, ..., -0.80440693,
         -0.87007599, -0.82756235],
        [-0.46923009, -0.14014104,  0.        , ..., -0.87972349,
         -0.93056768, -0.89806711],
        ...,
        [ 0.55375048,  0.80440693,  0.87972349, ...,  0.        ,
         -0.12038727, -0.04006418],
        [ 0.64996745,  0.87007599,  0.93056768, ...,  0.12038727,
          0.        ,  0.08051782],
        [ 0.58666663,  0.82756235,  0.89806711, ...,  0.04006418,
         -0.08051782,  0.        ]],

       [[ 0.        ,  0.04392354,  0.71579779, ..., -0.0245609 ,
         -0.11898378, -0.1220598 ],
        [-0.04392354,  0.        ,  0.68443483, ..., -0.06844748,
         -0.16248046, -0.16553711],
        [-0.71579779, -0.68443483,  0.        , ..., -0.73273293,
         -0.79380018, -0.79568088],
        ...,
        [ 0.0245609 ,  0.06844748,  0.73273293, ...,  0.        ,
         -0.09456146, -0.09764572],
        [ 0.11898378,  0.16248046,  0.79380018, ...,  0.09456146,
          0.        , -0.00309861],
        [ 0.1220598 ,  0.16553711,  0.79568088, ...,  0.09764572,
          0.00309861,  0.        ]],

       [[ 0.        ,  0.18770377,  0.2441068 , ..., -0.86703813,
         -0.89066287, -0.89565067],
        [-0.18770377,  0.        ,  0.05774254, ..., -0.94514898,
         -0.96017416, -0.96321389],
        [-0.2441068 , -0.05774254,  0.        , ..., -0.96243301,
         -0.97470551, -0.97712427],
        ...,
        [ 0.86703813,  0.94514898,  0.96243301, ...,  0.        ,
         -0.04955416, -0.06062826],
        [ 0.89066287,  0.96017416,  0.97470551, ...,  0.04955416,
          0.        , -0.01109077],
        [ 0.89565067,  0.96321389,  0.97712427, ...,  0.06062826,
          0.01109077,  0.        ]],

       ...,

