state_0,state_1,state_2,state_3,state_4,state_5,state_6,state_7,state_8,state_9,state_10,state_11,state_12,state_13,state_14,state_15,state_16,state_17,state_18,state_19,state_20,state_21,state_22,state_23,state_24,state_25,state_26,state_27,state_28,state_29,state_30,state_31,state_32,state_33,state_34,state_35,state_36,state_37,state_38,state_39,state_40,state_41,state_42,state_43,state_44,state_45,state_46,state_47,state_48,state_49,state_50,state_51,state_52,state_53,state_54,state_55,state_56,state_57,state_58,state_59,state_60,state_61,state_62,state_63,state_64,state_65,state_66,state_67,state_68,state_69,state_70,state_71,state_72,state_73,state_74,state_75,state_76,state_77
{'img': array([[[ 0.        , -0.38888095,  0.11349614, ...,  0.97479196,
          0.85333517,  0.85708331],
        [ 0.38888095,  0.        ,  0.4909308 , ...,  0.98482961,
          0.9889155 ,  0.98996343],
        [-0.11349614, -0.4909308 ,  0.        , ...,  0.9431705 ,
          0.78864864,  0.79307452],
        ...,
        [-0.97479196, -0.98482961, -0.9431705 , ...,  0.        ,
         -0.31782766, -0.31096242],
        [-0.85333517, -0.9889155 , -0.78864864, ...,  0.31782766,
          0.        ,  0.00723191],
        [-0.85708331, -0.98996343, -0.79307452, ...,  0.31096242,
         -0.00723191,  0.        ]],

       [[ 0.        , -0.27335675,  0.0969544 , ..., -0.10068275,
          0.8581098 ,  0.19527953],
        [ 0.27335675,  0.        ,  0.3653306 , ...,  0.17511969,
          0.68506726,  0.45593585],
        [-0.0969544 , -0.3653306 ,  0.        , ..., -0.19667016,
          0.9038499 ,  0.09927173],
        ...,
        [ 0.10068275, -0.17511969,  0.19667016, ...,  0.        ,
          0.80205219,  0.29303161],
        [-0.8581098 , -0.68506726, -0.9038499 , ..., -0.80205219,
          0.        , -0.94185859],
        [-0.19527953, -0.45593585, -0.09927173, ..., -0.29303161,
          0.94185859,  0.        ]],

       [[ 0.        , -0.06788438,  0.16053167, ...,  0.91386073,
          0.97353044,  0.99880844],
        [ 0.06788438,  0.        ,  0.22716532, ...,  0.88418969,
          0.95576922,  0.99319144],
        [-0.16053167, -0.22716532,  0.        , ...,  0.96718891,
          0.99759512,  0.99368897],
        ...,
        [-0.91386073, -0.88418969, -0.96718891, ...,  0.        ,
         -0.1864108 , -0.36094507],
        [-0.97353044, -0.95576922, -0.99759512, ...,  0.1864108 ,
          0.        , -0.18077408],
        [-0.99880844, -0.99319144, -0.99368897, ...,  0.36094507,
          0.18077408,  0.        ]],

       ...,

       [[ 0.        , -0.22772398, -0.33616052, ..., -0.97079238,
         -0.95197508, -0.98594073],
        [ 0.22772398,  0.        , -0.11285662, ..., -0.89064972,
         -0.99668613, -0.99808749],
        [ 0.33616052,  0.11285662,  0.        , ..., -0.83364483,
         -0.99949873, -0.9847345 ],
        ...,
        [ 0.97079238,  0.89064972,  0.83364483, ...,  0.        ,
         -0.52563179, -0.39876298],
        [ 0.95197508,  0.99668613,  0.99949873, ...,  0.52563179,
          0.        ,  0.14280022],
        [ 0.98594073,  0.99808749,  0.9847345 , ...,  0.39876298,
         -0.14280022,  0.        ]],

       [[ 0.        , -0.08258214, -0.16454629, ...,  0.74010037,
          0.61279303,  0.37231013],
        [ 0.08258214,  0.        , -0.08252775, ...,  0.68203619,
          0.54543989,  0.29439324],
        [ 0.16454629,  0.08252775,  0.        , ...,  0.61935554,
          0.47440864,  0.21451851],
        ...,
        [-0.74010037, -0.68203619, -0.61935554, ...,  0.        ,
          0.17275835,  0.43651613],
        [-0.61279303, -0.54543989, -0.47440864, ..., -0.17275835,
          0.        ,  0.2745227 ],
        [-0.37231013, -0.29439324, -0.21451851, ..., -0.43651613,
         -0.2745227 ,  0.        ]],

       [[ 0.        , -0.00649172,  0.00365083, ...,  0.97614282,
          0.9997506 ,  0.98228915],
        [ 0.00649172,  0.        ,  0.01014243, ...,  0.97471271,
          0.99987451,  0.98348482],
        [-0.00365083, -0.01014243,  0.        , ...,  0.97692902,
          0.9996624 ,  0.98159855],
        ...,
        [-0.97614282, -0.97471271, -0.97692902, ...,  0.        ,
         -0.238875  , -0.39618506],
        [-0.9997506 , -0.99987451, -0.9996624 , ...,  0.238875  ,
          0.        , -0.16538762],
        [-0.98228915, -0.98348482, -0.98159855, ...,  0.39618506,
          0.16538762,  0.        ]]]), 'num': array([2.77648789e+09, 6.69487000e+06, 1.07900000e+03, 2.56700000e+06,
       2.56700000e+06, 2.50100000e+06, 2.97301000e+05, 2.50000000e+04,
       2.58860000e+06, 2.73385000e+06, 2.66066667e+06, 2.64887064e+01,
       2.92632678e+06, 2.54137322e+06])}
{'img': array([[[ 0.        ,  0.4909308 ,  0.56033694, ...,  0.9889155 ,
          0.98996343,  0.99865341],
        [-0.4909308 ,  0.        ,  0.08154406, ...,  0.78864864,
          0.79307452,  0.84455674],
        [-0.56033694, -0.08154406,  0.        , ...,  0.73588535,
          0.74076288,  0.79808007],
        ...,
        [-0.9889155 , -0.78864864, -0.73588535, ...,  0.        ,
          0.00723191,  0.09697618],
        [-0.98996343, -0.79307452, -0.74076288, ..., -0.00723191,
          0.        ,  0.08977581],
        [-0.99865341, -0.84455674, -0.79808007, ..., -0.09697618,
         -0.08977581,  0.        ]],

       [[ 0.        ,  0.3653306 ,  0.28838033, ...,  0.68506726,
          0.45593585,  0.5957887 ],
        [-0.3653306 ,  0.        , -0.08136301, ...,  0.9038499 ,
          0.09927173,  0.26119443],
        [-0.28838033,  0.08136301,  0.        , ...,  0.86604208,
          0.17990371,  0.33886704],
        ...,
        [-0.68506726, -0.9038499 , -0.86604208, ...,  0.        ,
         -0.94185859, -0.9842258 ],
        [-0.45593585, -0.09927173, -0.17990371, ...,  0.94185859,
          0.        ,  0.16407859],
        [-0.5957887 , -0.26119443, -0.33886704, ...,  0.9842258 ,
         -0.16407859,  0.        ]],

       [[ 0.        ,  0.22716532,  0.33251261, ...,  0.95576922,
          0.99319144,  0.99778557],
        [-0.22716532,  0.        ,  0.10958013, ...,  0.99759512,
          0.99368897,  0.98680909],
        [-0.33251261, -0.10958013,  0.        , ...,  0.99918264,
          0.97541327,  0.96312675],
        ...,
        [-0.95576922, -0.99759512, -0.99918264, ...,  0.        ,
         -0.18077408, -0.22989538],
        [-0.99319144, -0.99368897, -0.97541327, ...,  0.18077408,
          0.        , -0.05017567],
        [-0.99778557, -0.98680909, -0.96312675, ...,  0.22989538,
          0.05017567,  0.        ]],

       ...,

       [[ 0.        , -0.11285662, -0.28877417, ..., -0.99668613,
         -0.99808749, -0.8896799 ],
        [ 0.11285662,  0.        , -0.17888065, ..., -0.99949873,
         -0.9847345 , -0.83246736],
        [ 0.28877417,  0.17888065,  0.        , ..., -0.97771443,
         -0.93771499, -0.71992719],
        ...,
        [ 0.99668613,  0.99949873,  0.97771443, ...,  0.        ,
          0.14280022,  0.52744134],
        [ 0.99808749,  0.9847345 ,  0.93771499, ..., -0.14280022,
          0.        ,  0.40071403],
        [ 0.8896799 ,  0.83246736,  0.71992719, ..., -0.52744134,
         -0.40071403,  0.        ]],

       [[ 0.        , -0.0825144 , -0.29434737, ...,  0.54730012,
          0.32828302,  0.29434737],
        [ 0.0825144 ,  0.        , -0.21448472, ...,  0.47637446,
          0.24922213,  0.21448472],
        [ 0.29434737,  0.21448472,  0.        , ...,  0.27670388,
          0.03570513,  0.        ],
        ...,
        [-0.54730012, -0.47637446, -0.27670388, ...,  0.        ,
          0.24221641,  0.27670388],
        [-0.32828302, -0.24922213, -0.03570513, ..., -0.24221641,
          0.        ,  0.03570513],
        [-0.29434737, -0.21448472, -0.        , ..., -0.27670388,
         -0.03570513,  0.        ]],

       [[ 0.        ,  0.01014243,  0.02736062, ...,  0.99987451,
          0.98348482,  0.95929086],
        [-0.01014243,  0.        ,  0.01722058, ...,  0.9996624 ,
          0.98159855,  0.9563771 ],
        [-0.02736062, -0.01722058,  0.        , ...,  0.99906674,
          0.97816461,  0.95120455],
        ...,
        [-0.99987451, -0.9996624 , -0.99906674, ...,  0.        ,
         -0.16538762, -0.2671875 ],
        [-0.98348482, -0.98159855, -0.97816461, ...,  0.16538762,
          0.        , -0.10413308],
        [-0.95929086, -0.9563771 , -0.95120455, ...,  0.2671875 ,
          0.10413308,  0.        ]]]), 'num': array([ 5.85912710e+07,  5.34652710e+07,  2.00000000e+00,  2.56300000e+06,
        2.56500000e+06,  2.51400000e+06,  1.86531000e+05, -4.00000000e+03,
        2.56840000e+06,  2.72175000e+06,  2.66501667e+06,  2.79220779e+01,
        2.92494240e+06,  2.51855760e+06])}
{'img': array([[[ 0.        ,  0.29945349,  0.67264894, ...,  0.97552574,
          0.99224681,  0.99021089],
        [-0.29945349,  0.        ,  0.42019755, ...,  0.86491432,
          0.90949653,  0.90297348],
        [-0.67264894, -0.42019755,  0.        , ...,  0.57394614,
          0.65062588,  0.63883029],
        ...,
        [-0.97552574, -0.86491432, -0.57394614, ...,  0.        ,
          0.09693922,  0.08156955],
        [-0.99224681, -0.90949653, -0.65062588, ..., -0.09693922,
          0.        , -0.0154308 ],
        [-0.99021089, -0.90297348, -0.63883029, ..., -0.08156955,
          0.0154308 ,  0.        ]],

       [[ 0.        , -0.08136301, -0.18828763, ...,  0.09927173,
          0.26119443, -0.22254513],
        [ 0.08136301,  0.        , -0.10775562, ...,  0.17990371,
          0.33886704, -0.14248466],
        [ 0.18828763,  0.10775562,  0.        , ...,  0.28485371,
          0.43827414, -0.03499884],
        ...,
        [-0.09927173, -0.17990371, -0.28485371, ...,  0.        ,
          0.16407859, -0.31822807],
        [-0.26119443, -0.33886704, -0.43827414, ..., -0.16407859,
          0.        , -0.46946404],
        [ 0.22254513,  0.14248466,  0.03499884, ...,  0.31822807,
          0.46946404,  0.        ]],

       [[ 0.        ,  0.24770612,  0.4385343 , ...,  0.9944942 ,
          0.99853288,  0.99969879],
        [-0.24770612,  0.        ,  0.2022504 , ...,  0.98945853,
          0.98082681,  0.96246413],
        [-0.4385343 , -0.2022504 ,  0.        , ...,  0.93972102,
          0.92114204,  0.88768113],
        ...,
        [-0.9944942 , -0.98945853, -0.93972102, ...,  0.        ,
         -0.05078716, -0.12916716],
        [-0.99853288, -0.98082681, -0.92114204, ...,  0.05078716,
          0.        , -0.07863876],
        [-0.99969879, -0.96246413, -0.88768113, ...,  0.12916716,
          0.07863876,  0.        ]],

       ...,

       [[ 0.        , -0.17888065,  0.16711096, ..., -0.9847345 ,
         -0.83246736, -0.7907912 ],
        [ 0.17888065,  0.        ,  0.34078084, ..., -0.93771499,
         -0.71992719, -0.66854601],
        [-0.16711096, -0.34078084,  0.        , ..., -0.99997511,
         -0.91335314, -0.88195745],
        ...,
        [ 0.9847345 ,  0.93771499,  0.99997511, ...,  0.        ,
          0.40071403,  0.46509466],
        [ 0.83246736,  0.71992719,  0.91335314, ..., -0.40071403,
          0.        ,  0.07138472],
        [ 0.7907912 ,  0.66854601,  0.88195745, ..., -0.46509466,
         -0.07138472,  0.        ]],

       [[ 0.        , -0.21448472,  0.10043664, ...,  0.24922213,
          0.21448472,  0.31282769],
        [ 0.21448472,  0.        ,  0.31149938, ...,  0.03570513,
          0.        ,  0.10182765],
        [-0.10043664, -0.31149938,  0.        , ...,  0.34522942,
          0.31149938,  0.40664158],
        ...,
        [-0.24922213, -0.03570513, -0.34522942, ...,  0.        ,
          0.03570513, -0.06624319],
        [-0.21448472, -0.        , -0.31149938, ..., -0.03570513,
          0.        , -0.10182765],
        [-0.31282769, -0.10182765, -0.40664158, ...,  0.06624319,
          0.10182765,  0.        ]],

       [[ 0.        ,  0.01722058, -0.00981627, ...,  0.98159855,
          0.9563771 ,  0.92592566],
        [-0.01722058,  0.        , -0.02703457, ...,  0.97816461,
          0.95120455,  0.91928404],
        [ 0.00981627,  0.02703457,  0.        , ...,  0.98342573,
          0.95919869,  0.92958871],
        ...,
        [-0.98159855, -0.97816461, -0.98342573, ...,  0.        ,
         -0.10413308, -0.19394417],
        [-0.9563771 , -0.95120455, -0.95919869, ...,  0.10413308,
          0.        , -0.09073391],
        [-0.92592566, -0.91928404, -0.92958871, ...,  0.19394417,
          0.09073391,  0.        ]]]), 'num': array([ 5.82178160e+07,  4.32118160e+07,  6.00000000e+00,  2.50100000e+06,
        2.57800000e+06,  2.50100000e+06,  2.17784000e+05, -6.20000000e+04,
        2.54260000e+06,  2.70490000e+06,  2.66773333e+06,  2.13147410e+01,
        2.92214355e+06,  2.48765645e+06])}
{'img': array([[[ 0.00000000e+00,  6.24753658e-01,  8.05235605e-01, ...,
          9.88581839e-01,  9.86068372e-01,  9.12533506e-01],
        [-6.24753658e-01,  0.00000000e+00,  2.58294810e-01, ...,
          6.77765405e-01,  6.66021956e-01,  4.57000694e-01],
        [-8.05235605e-01, -2.58294810e-01,  0.00000000e+00, ...,
          4.64847662e-01,  4.50750862e-01,  2.11748358e-01],
        ...,
        [-9.88581839e-01, -6.77765405e-01, -4.64847662e-01, ...,
          0.00000000e+00, -1.58555609e-02, -2.66826858e-01],
        [-9.86068372e-01, -6.66021956e-01, -4.50750862e-01, ...,
          1.58555609e-02,  0.00000000e+00, -2.51512606e-01],
        [-9.12533506e-01, -4.57000694e-01, -2.11748358e-01, ...,
          2.66826858e-01,  2.51512606e-01,  0.00000000e+00]],

       [[ 0.00000000e+00, -1.07755619e-01,  7.52418532e-03, ...,
          3.38867042e-01, -1.42484664e-01,  7.17601049e-03],
        [ 1.07755619e-01,  0.00000000e+00,  1.15232944e-01, ...,
          4.38274138e-01, -3.49988450e-02,  1.14887072e-01],
        [-7.52418532e-03, -1.15232944e-01,  0.00000000e+00, ...,
          3.31778439e-01, -1.49928046e-01, -3.48184232e-04],
        ...,
        [-3.38867042e-01, -4.38274138e-01, -3.31778439e-01, ...,
          0.00000000e+00, -4.69464040e-01, -3.32106881e-01],
        [ 1.42484664e-01,  3.49988450e-02,  1.49928046e-01, ...,
          4.69464040e-01,  0.00000000e+00,  1.49583789e-01],
        [-7.17601049e-03, -1.14887072e-01,  3.48184232e-04, ...,
          3.32106881e-01, -1.49583789e-01,  0.00000000e+00]],

       [[ 0.00000000e+00,  3.70658337e-01,  5.63845205e-01, ...,
          9.99232291e-01,  9.99168974e-01,  9.89743319e-01],
        [-3.70658337e-01,  0.00000000e+00,  2.17562622e-01, ...,
          9.42577508e-01,  9.12889503e-01,  8.66292010e-01],
        [-5.63845205e-01, -2.17562622e-01,  0.00000000e+00, ...,
          8.47336156e-01,  8.02211948e-01,  7.36860383e-01],
        ...,
        [-9.99232291e-01, -9.42577508e-01, -8.47336156e-01, ...,
          0.00000000e+00, -7.98728352e-02, -1.81522535e-01],
        [-9.99168974e-01, -9.12889503e-01, -8.02211948e-01, ...,
          7.98728352e-02,  0.00000000e+00, -1.02396691e-01],
        [-9.89743319e-01, -8.66292010e-01, -7.36860383e-01, ...,
          1.81522535e-01,  1.02396691e-01,  0.00000000e+00]],

       ...,

       [[ 0.00000000e+00,  3.40780841e-01,  5.13673504e-01, ...,
         -7.19927186e-01, -6.68546011e-01, -9.46965838e-01],
        [-3.40780841e-01,  0.00000000e+00,  1.90541326e-01, ...,
         -9.13353141e-01, -8.81957450e-01, -9.99787638e-01],
        [-5.13673504e-01, -1.90541326e-01,  0.00000000e+00, ...,
         -9.74202150e-01, -9.55606921e-01, -9.77544077e-01],
        ...,
        [ 7.19927186e-01,  9.13353141e-01,  9.74202150e-01, ...,
          0.00000000e+00,  7.13847209e-02, -4.25903997e-01],
        [ 6.68546011e-01,  8.81957450e-01,  9.55606921e-01, ...,
         -7.13847209e-02,  0.00000000e+00, -4.89404092e-01],
        [ 9.46965838e-01,  9.99787638e-01,  9.77544077e-01, ...,
          4.25903997e-01,  4.89404092e-01,  0.00000000e+00]],

       [[ 0.00000000e+00,  3.11499380e-01,  5.08737423e-01, ...,
          0.00000000e+00,  1.01827649e-01,  1.76541427e-01],
        [-3.11499380e-01,  0.00000000e+00,  2.15249295e-01, ...,
          3.11499380e-01,  4.06641575e-01,  4.74364572e-01],
        [-5.08737423e-01, -2.15249295e-01,  0.00000000e+00, ...,
          5.08737423e-01,  5.93758670e-01,  6.52735143e-01],
        ...,
        [-0.00000000e+00, -3.11499380e-01, -5.08737423e-01, ...,
          0.00000000e+00, -1.01827649e-01, -1.76541427e-01],
        [-1.01827649e-01, -4.06641575e-01, -5.93758670e-01, ...,
          1.01827649e-01,  0.00000000e+00, -7.53955110e-02],
        [-1.76541427e-01, -4.74364572e-01, -6.52735143e-01, ...,
          1.76541427e-01,  7.53955110e-02,  0.00000000e+00]],

       [[ 0.00000000e+00, -2.70345674e-02, -8.29639442e-02, ...,
          9.51204546e-01,  9.19284043e-01,  8.65410996e-01],
        [ 2.70345674e-02,  0.00000000e+00, -5.59922537e-02, ...,
          9.59198694e-01,  9.29588708e-01,  8.78640701e-01],
        [ 8.29639442e-02,  5.59922537e-02,  0.00000000e+00, ...,
          9.73524756e-01,  9.48769032e-01,  9.03997671e-01],
        ...,
        [-9.51204546e-01, -9.59198694e-01, -9.73524756e-01, ...,
          0.00000000e+00, -9.07339061e-02, -2.09580986e-01],
        [-9.19284043e-01, -9.29588708e-01, -9.48769032e-01, ...,
          9.07339061e-02,  0.00000000e+00, -1.19997677e-01],
        [-8.65410996e-01, -8.78640701e-01, -9.03997671e-01, ...,
          2.09580986e-01,  1.19997677e-01,  0.00000000e+00]]]), 'num': array([5.85763960e+07, 3.32063960e+07, 1.00000000e+01, 2.53700000e+06,
       2.54900000e+06, 2.50100000e+06, 2.21312000e+05, 3.60000000e+04,
       2.54200000e+06, 2.69090000e+06, 2.67085000e+06, 2.63059701e+01,
       2.91346586e+06, 2.46833414e+06])}
{'img': array([[[ 0.00000000e+00,  6.14379084e-01,  7.75970475e-01, ...,
          9.50772381e-01,  8.12889759e-01,  9.05579853e-01],
        [-6.14379084e-01,  0.00000000e+00,  2.24717809e-01, ...,
          5.59779854e-01,  2.83553771e-01,  4.53907701e-01],
        [-7.75970475e-01, -2.24717809e-01,  0.00000000e+00, ...,
          3.59252388e-01,  6.08069999e-02,  2.42063992e-01],
        ...,
        [-9.50772381e-01, -5.59779854e-01, -3.59252388e-01, ...,
          0.00000000e+00, -3.01840055e-01, -1.22664418e-01],
        [-8.12889759e-01, -2.83553771e-01, -6.08069999e-02, ...,
          3.01840055e-01,  0.00000000e+00,  1.82617445e-01],
        [-9.05579853e-01, -4.53907701e-01, -2.42063992e-01, ...,
          1.22664418e-01, -1.82617445e-01,  0.00000000e+00]],

       [[ 0.00000000e+00,  1.15232944e-01,  6.72810809e-02, ...,
         -3.49988450e-02,  1.14887072e-01,  1.30856816e-01],
        [-1.15232944e-01,  0.00000000e+00, -4.81389450e-02, ...,
         -1.49928046e-01, -3.48184232e-04,  1.57430253e-02],
        [-6.72810809e-02,  4.81389450e-02,  0.00000000e+00, ...,
         -1.02159401e-01,  4.77911615e-02,  6.38577528e-02],
        ...,
        [ 3.49988450e-02,  1.49928046e-01,  1.02159401e-01, ...,
          0.00000000e+00,  1.49583789e-01,  1.65474546e-01],
        [-1.14887072e-01,  3.48184232e-04, -4.77911615e-02, ...,
         -1.49583789e-01,  0.00000000e+00,  1.60911654e-02],
        [-1.30856816e-01, -1.57430253e-02, -6.38577528e-02, ...,
         -1.65474546e-01, -1.60911654e-02,  0.00000000e+00]],

       [[ 0.00000000e+00,  4.49438156e-01,  6.73679768e-01, ...,
          9.96859085e-01,  9.82726545e-01,  9.82259707e-01],
        [-4.49438156e-01,  0.00000000e+00,  2.69660540e-01, ...,
          8.54912049e-01,  7.94706229e-01,  7.93182661e-01],
        [-6.73679768e-01, -2.69660540e-01,  0.00000000e+00, ...,
          6.83349617e-01,  6.01584297e-01,  5.99580664e-01],
        ...,
        [-9.96859085e-01, -8.54912049e-01, -6.83349617e-01, ...,
          0.00000000e+00, -1.06654585e-01, -1.09145867e-01],
        [-9.82726545e-01, -7.94706229e-01, -6.01584297e-01, ...,
          1.06654585e-01,  0.00000000e+00, -2.50591029e-03],
        [-9.82259707e-01, -7.93182661e-01, -5.99580664e-01, ...,
          1.09145867e-01,  2.50591029e-03,  0.00000000e+00]],

       ...,

       [[ 0.00000000e+00,  1.90541326e-01,  2.68046341e-01, ...,
         -8.81957450e-01, -9.99787638e-01, -9.17259821e-01],
        [-1.90541326e-01,  0.00000000e+00,  7.95668502e-02, ...,
         -9.55606921e-01, -9.77544077e-01, -9.76345449e-01],
        [-2.68046341e-01, -7.95668502e-02,  0.00000000e+00, ...,
         -9.76021139e-01, -9.57677599e-01, -9.90453641e-01],
        ...,
        [ 8.81957450e-01,  9.55606921e-01,  9.76021139e-01, ...,
          0.00000000e+00, -4.89404092e-01, -8.10569095e-02],
        [ 9.99787638e-01,  9.77544077e-01,  9.57677599e-01, ...,
          4.89404092e-01,  0.00000000e+00,  4.17107440e-01],
        [ 9.17259821e-01,  9.76345449e-01,  9.90453641e-01, ...,
          8.10569095e-02, -4.17107440e-01,  0.00000000e+00]],

       [[ 0.00000000e+00,  4.18109624e-01,  5.72290824e-01, ...,
          1.03114927e-01,  1.78761108e-01,  3.10788484e-01],
        [-4.18109624e-01,  0.00000000e+00,  1.76995920e-01, ...,
          5.09550116e-01,  5.73760905e-01,  6.79723654e-01],
        [-5.72290824e-01, -1.76995920e-01,  0.00000000e+00, ...,
          6.53799670e-01,  7.09665832e-01,  7.98812792e-01],
        ...,
        [-1.03114927e-01, -5.09550116e-01, -6.53799670e-01, ...,
          0.00000000e+00, -7.63542082e-02, -2.11123227e-01],
        [-1.78761108e-01, -5.73760905e-01, -7.09665832e-01, ...,
          7.63542082e-02,  0.00000000e+00, -1.35873764e-01],
        [-3.10788484e-01, -6.79723654e-01, -7.98812792e-01, ...,
          2.11123227e-01,  1.35873764e-01,  0.00000000e+00]],

       [[ 0.00000000e+00, -5.59922537e-02, -3.44478253e-02, ...,
          9.29588708e-01,  8.78640701e-01,  8.40739855e-01],
        [ 5.59922537e-02,  0.00000000e+00,  2.15652385e-02, ...,
          9.48769032e-01,  9.03997671e-01,  8.69737311e-01],
        [ 3.44478253e-02, -2.15652385e-02,  0.00000000e+00, ...,
          9.41734411e-01,  8.94567494e-01,  8.58892280e-01],
        ...,
        [-9.29588708e-01, -9.48769032e-01, -9.41734411e-01, ...,
          0.00000000e+00, -1.19997677e-01, -1.93420417e-01],
        [-8.78640701e-01, -9.03997671e-01, -8.94567494e-01, ...,
          1.19997677e-01,  0.00000000e+00, -7.42911580e-02],
        [-8.40739855e-01, -8.69737311e-01, -8.58892280e-01, ...,
          1.93420417e-01,  7.42911580e-02,  0.00000000e+00]]]), 'num': array([5.93316760e+07, 2.81316760e+07, 1.20000000e+01, 2.60000000e+06,
       2.60000000e+06, 2.55200000e+06, 2.25809000e+05, 6.30000000e+04,
       2.55360000e+06, 2.67990000e+06, 2.67408333e+06, 3.59154930e+01,
       2.89754825e+06, 2.46225175e+06])}
{'img': array([[[ 0.00000000e+00,  5.67902515e-01,  4.89085456e-01, ...,
          6.39198527e-01,  8.05836877e-01,  9.59251016e-01],
        [-5.67902515e-01,  0.00000000e+00, -9.27807492e-02, ...,
          8.93808836e-02,  3.27004540e-01,  6.29091649e-01],
        [-4.89085456e-01,  9.27807492e-02,  0.00000000e+00, ...,
          1.81404741e-01,  4.13273947e-01,  6.98499468e-01],
        ...,
        [-6.39198527e-01, -8.93808836e-02, -1.81404741e-01, ...,
          0.00000000e+00,  2.41228740e-01,  5.57095178e-01],
        [-8.05836877e-01, -3.27004540e-01, -4.13273947e-01, ...,
         -2.41228740e-01,  0.00000000e+00,  3.40315121e-01],
        [-9.59251016e-01, -6.29091649e-01, -6.98499468e-01, ...,
         -5.57095178e-01, -3.40315121e-01,  0.00000000e+00]],

       [[ 0.00000000e+00, -4.81389450e-02,  1.01232755e-01, ...,
         -3.48184232e-04,  1.57430253e-02,  3.60450629e-02],
        [ 4.81389450e-02,  0.00000000e+00,  1.49007035e-01, ...,
          4.77911615e-02,  6.38577528e-02,  8.41109367e-02],
        [-1.01232755e-01, -1.49007035e-01,  0.00000000e+00, ...,
         -1.01579144e-01, -8.55580593e-02, -6.53070791e-02],
        ...,
        [ 3.48184232e-04, -4.77911615e-02,  1.01579144e-01, ...,
          0.00000000e+00,  1.60911654e-02,  3.63930187e-02],
        [-1.57430253e-02, -6.38577528e-02,  8.55580593e-02, ...,
         -1.60911654e-02,  0.00000000e+00,  2.03078010e-02],
        [-3.60450629e-02, -8.41109367e-02,  6.53070791e-02, ...,
         -3.63930187e-02, -2.03078010e-02,  0.00000000e+00]],

       [[ 0.00000000e+00,  5.47175702e-01,  7.00233212e-01, ...,
          9.67768307e-01,  9.67087773e-01,  9.78937273e-01],
        [-5.47175702e-01,  0.00000000e+00,  1.95471154e-01, ...,
          6.72237329e-01,  6.70244626e-01,  7.07675821e-01],
        [-7.00233212e-01, -1.95471154e-01,  0.00000000e+00, ...,
          5.14555226e-01,  5.12248230e-01,  5.55916708e-01],
        ...,
        [-9.67768307e-01, -6.72237329e-01, -5.14555226e-01, ...,
          0.00000000e+00, -2.68834004e-03,  4.89569497e-02],
        [-9.67087773e-01, -6.70244626e-01, -5.12248230e-01, ...,
          2.68834004e-03,  0.00000000e+00,  5.16418892e-02],
        [-9.78937273e-01, -7.07675821e-01, -5.55916708e-01, ...,
         -4.89569497e-02, -5.16418892e-02,  0.00000000e+00]],

       ...,

       [[ 0.00000000e+00,  7.95668502e-02, -5.19968736e-02, ...,
         -9.77544077e-01, -9.76345449e-01, -8.16996612e-01],
        [-7.95668502e-02,  0.00000000e+00, -1.31291235e-01, ...,
         -9.57677599e-01, -9.90453641e-01, -8.60287975e-01],
        [ 5.19968736e-02,  1.31291235e-01,  0.00000000e+00, ...,
         -9.87179058e-01, -9.63782115e-01, -7.85907812e-01],
        ...,
        [ 9.77544077e-01,  9.57677599e-01,  9.87179058e-01, ...,
          0.00000000e+00,  4.17107440e-01,  7.35859986e-01],
        [ 9.76345449e-01,  9.90453641e-01,  9.63782115e-01, ...,
         -4.17107440e-01,  0.00000000e+00,  3.86354122e-01],
        [ 8.16996612e-01,  8.60287975e-01,  7.85907812e-01, ...,
         -7.35859986e-01, -3.86354122e-01,  0.00000000e+00]],

       [[ 0.00000000e+00,  4.20238817e-01,  5.41259450e-01, ...,
          1.82965446e-01,  3.17966090e-01,  4.67733629e-01],
        [-4.20238817e-01,  0.00000000e+00,  1.37785975e-01, ...,
          5.79170234e-01,  6.86956035e-01,  7.95864093e-01],
        [-5.41259450e-01, -1.37785975e-01,  0.00000000e+00, ...,
          6.85970162e-01,  7.80532793e-01,  8.71699167e-01],
        ...,
        [-1.82965446e-01, -5.79170234e-01, -6.85970162e-01, ...,
          0.00000000e+00, -1.39128693e-01, -2.98120406e-01],
        [-3.17966090e-01, -6.86956035e-01, -7.80532793e-01, ...,
          1.39128693e-01,  0.00000000e+00, -1.62418708e-01],
        [-4.67733629e-01, -7.95864093e-01, -8.71699167e-01, ...,
          2.98120406e-01,  1.62418708e-01,  0.00000000e+00]],

       [[ 0.00000000e+00,  2.15652385e-02,  6.65888992e-02, ...,
          9.03997671e-01,  8.69737311e-01,  8.57974218e-01],
        [-2.15652385e-02,  0.00000000e+00,  4.50560391e-02, ...,
          8.94567494e-01,  8.58892280e-01,  8.46696784e-01],
        [-6.65888992e-02, -4.50560391e-02,  0.00000000e+00, ...,
          8.73522001e-01,  8.34944308e-01,  8.21863706e-01],
        ...,
        [-9.03997671e-01, -8.94567494e-01, -8.73522001e-01, ...,
          0.00000000e+00, -7.42911580e-02, -9.75609999e-02],
        [-8.69737311e-01, -8.58892280e-01, -8.34944308e-01, ...,
          7.42911580e-02,  0.00000000e+00, -2.33546436e-02],
        [-8.57974218e-01, -8.46696784e-01, -8.21863706e-01, ...,
          9.75609999e-02,  2.33546436e-02,  0.00000000e+00]]]), 'num': array([ 5.92064070e+07,  3.07274070e+07,  1.10000000e+01,  2.58900000e+06,
        2.60200000e+06,  2.57500000e+06,  1.62517000e+05, -1.10000000e+04,
        2.55800000e+06,  2.66840000e+06,  2.67633333e+06,  3.47826087e+01,
        2.87964526e+06,  2.45715474e+06])}
{'img': array([[[ 0.        , -0.31973632, -0.22110094, ...,  0.45185574,
          0.76190635,  0.71962626],
        [ 0.31973632,  0.        ,  0.10232855, ...,  0.71337018,
          0.92900039,  0.90386323],
        [ 0.22110094, -0.10232855,  0.        , ...,  0.6379149 ,
          0.88625413,  0.85534019],
        ...,
        [-0.45185574, -0.71337018, -0.6379149 , ...,  0.        ,
          0.38702863,  0.32822085],
        [-0.76190635, -0.92900039, -0.88625413, ..., -0.38702863,
          0.        , -0.06294579],
        [-0.71962626, -0.90386323, -0.85534019, ..., -0.32822085,
          0.06294579,  0.        ]],

       [[ 0.        ,  0.14900703, -0.09909152, ...,  0.06385775,
          0.08411094, -0.228876  ],
        [-0.14900703,  0.        , -0.24625895, ..., -0.08555806,
         -0.06530708, -0.37137258],
        [ 0.09909152,  0.24625895,  0.        , ...,  0.16243274,
          0.18243735, -0.13128835],
        ...,
        [-0.06385775,  0.08555806, -0.16243274, ...,  0.        ,
          0.0203078 , -0.29057155],
        [-0.08411094,  0.06530708, -0.18243735, ..., -0.0203078 ,
          0.        , -0.30994321],
        [ 0.228876  ,  0.37137258,  0.13128835, ...,  0.29057155,
          0.30994321,  0.        ]],

       [[ 0.        ,  0.50008813,  0.67003303, ...,  0.93071763,
          0.9504113 ,  0.95695654],
        [-0.50008813,  0.        ,  0.20900046, ...,  0.62307624,
          0.66750668,  0.68355878],
        [-0.67003303, -0.20900046,  0.        , ...,  0.44584391,
          0.49714262,  0.51591427],
        ...,
        [-0.93071763, -0.62307624, -0.44584391, ...,  0.        ,
          0.05815283,  0.07987257],
        [-0.9504113 , -0.66750668, -0.49714262, ..., -0.05815283,
          0.        ,  0.02177037],
        [-0.95695654, -0.68355878, -0.51591427, ..., -0.07987257,
         -0.02177037,  0.        ]],

       ...,

       [[ 0.        , -0.13129124, -0.13431803, ..., -0.99045364,
         -0.86028798, -0.87973693],
        [ 0.13129124,  0.        , -0.00305384, ..., -0.96378211,
         -0.78590781, -0.80969796],
        [ 0.13431803,  0.00305384,  0.        , ..., -0.96296319,
         -0.78401582, -0.80790205],
        ...,
        [ 0.99045364,  0.96378211,  0.96296319, ...,  0.        ,
          0.38635412,  0.34965341],
        [ 0.86028798,  0.78590781,  0.78401582, ..., -0.38635412,
          0.        , -0.0394641 ],
        [ 0.87973693,  0.80969796,  0.80790205, ..., -0.34965341,
          0.0394641 ,  0.        ]],

       [[ 0.        ,  0.36702429,  0.52067443, ...,  0.32538115,
          0.47823398,  0.59667706],
        [-0.36702429,  0.        ,  0.17098833, ...,  0.64972516,
          0.76719133,  0.84956597],
        [-0.52067443, -0.17098833,  0.        , ...,  0.77013675,
          0.86556799,  0.92724779],
        ...,
        [-0.32538115, -0.64972516, -0.77013675, ...,  0.        ,
         -0.1664496 , -0.30309532],
        [-0.47823398, -0.76719133, -0.86556799, ...,  0.1664496 ,
          0.        , -0.14024727],
        [-0.59667706, -0.84956597, -0.92724779, ...,  0.30309532,
          0.14024727,  0.        ]],

       [[ 0.        ,  0.04505604,  0.03853302, ...,  0.85889228,
          0.84669678,  0.83612223],
        [-0.04505604,  0.        , -0.00652869, ...,  0.83494431,
          0.82186371,  0.81055793],
        [-0.03853302,  0.00652869,  0.        , ...,  0.83851947,
          0.82556548,  0.81436424],
        ...,
        [-0.85889228, -0.83494431, -0.83851947, ...,  0.        ,
         -0.02335464, -0.04291425],
        [-0.84669678, -0.82186371, -0.82556548, ...,  0.02335464,
          0.        , -0.01956942],
        [-0.83612223, -0.81055793, -0.81436424, ...,  0.04291425,
          0.01956942,  0.        ]]]), 'num': array([5.92811520e+07, 4.36511520e+07, 6.00000000e+00, 2.60500000e+06,
       2.60500000e+06, 2.58300000e+06, 1.75301000e+05, 1.60000000e+04,
       2.56640000e+06, 2.65885000e+06, 2.67825000e+06, 3.26750449e+01,
       2.86331836e+06, 2.45438164e+06])}
{'img': array([[[ 0.        ,  0.10232855,  0.57766638, ...,  0.92900039,
          0.90386323,  0.93903117],
        [-0.10232855,  0.        ,  0.49110598, ...,  0.88625413,
          0.85534019,  0.89891804],
        [-0.57766638, -0.49110598,  0.        , ...,  0.54453586,
          0.49066101,  0.56788556],
        ...,
        [-0.92900039, -0.88625413, -0.54453586, ...,  0.        ,
         -0.06294579,  0.02809539],
        [-0.90386323, -0.85534019, -0.49066101, ...,  0.06294579,
          0.        ,  0.09096062],
        [-0.93903117, -0.89891804, -0.56788556, ..., -0.02809539,
         -0.09096062,  0.        ]],

       [[ 0.        , -0.24625895,  0.18201483, ..., -0.06530708,
         -0.37137258, -0.30524987],
        [ 0.24625895,  0.        ,  0.4185549 , ...,  0.18243735,
         -0.13128835, -0.06134385],
        [-0.18201483, -0.4185549 ,  0.        , ..., -0.24584245,
         -0.53416694, -0.4734786 ],
        ...,
        [ 0.06530708, -0.18243735,  0.24584245, ...,  0.        ,
         -0.30994321, -0.24240811],
        [ 0.37137258,  0.13128835,  0.53416694, ...,  0.30994321,
          0.        ,  0.07022822],
        [ 0.30524987,  0.06134385,  0.4734786 , ...,  0.24240811,
         -0.07022822,  0.        ]],

       [[ 0.        ,  0.49747908,  0.65317395, ...,  0.91424609,
          0.92378839,  0.94027538],
        [-0.49747908,  0.        ,  0.18991762, ...,  0.59152823,
          0.61087781,  0.64631707],
        [-0.65317395, -0.18991762,  0.        , ...,  0.42763483,
          0.44939734,  0.48963387],
        ...,
        [-0.91424609, -0.59152823, -0.42763483, ...,  0.        ,
          0.02421356,  0.06973847],
        [-0.92378839, -0.61087781, -0.44939734, ..., -0.02421356,
          0.        ,  0.04556342],
        [-0.94027538, -0.64631707, -0.48963387, ..., -0.06973847,
         -0.04556342,  0.        ]],

       ...,

       [[ 0.        , -0.00305384,  0.25746431, ..., -0.78590781,
         -0.80969796, -0.85242596],
        [ 0.00305384,  0.        ,  0.260414  , ..., -0.78401582,
         -0.80790205, -0.85082529],
        [-0.25746431, -0.260414  ,  0.        , ..., -0.91861457,
         -0.93349338, -0.9583035 ],
        ...,
        [ 0.78590781,  0.78401582,  0.91861457, ...,  0.        ,
         -0.0394641 , -0.11618193],
        [ 0.80969796,  0.80790205,  0.93349338, ...,  0.0394641 ,
          0.        , -0.07689457],
        [ 0.85242596,  0.85082529,  0.9583035 , ...,  0.11618193,
          0.07689457,  0.        ]],

       [[ 0.        ,  0.3900832 ,  0.57776165, ...,  0.48623184,
          0.60616361,  0.69005182],
        [-0.3900832 ,  0.        ,  0.21360308, ...,  0.78857871,
          0.86839185,  0.91771225],
        [-0.57776165, -0.21360308,  0.        , ...,  0.90173049,
          0.95427103,  0.98138487],
        ...,
        [-0.48623184, -0.78857871, -0.90173049, ...,  0.        ,
         -0.14296422, -0.25107273],
        [-0.60616361, -0.86839185, -0.95427103, ...,  0.14296422,
          0.        , -0.11010885],
        [-0.69005182, -0.91771225, -0.98138487, ...,  0.25107273,
          0.11010885,  0.        ]],

       [[ 0.        , -0.00652869, -0.05966314, ...,  0.82186371,
          0.81055793,  0.80427498],
        [ 0.00652869,  0.        , -0.05314481, ...,  0.82556548,
          0.81436424,  0.80813756],
        [ 0.05966314,  0.05314481,  0.        , ...,  0.85438876,
          0.8440562 ,  0.83829748],
        ...,
        [-0.82186371, -0.82556548, -0.85438876, ...,  0.        ,
         -0.01956942, -0.03021579],
        [-0.81055793, -0.81436424, -0.8440562 , ...,  0.01956942,
          0.        , -0.01064953],
        [-0.80427498, -0.80813756, -0.83829748, ...,  0.03021579,
          0.01064953,  0.        ]]]), 'num': array([ 5.90471520e+07,  4.36511520e+07,  6.00000000e+00,  2.56600000e+06,
        2.60500000e+06,  2.55500000e+06,  2.26674000e+05, -3.90000000e+04,
        2.57940000e+06,  2.64880000e+06,  2.67968333e+06,  3.23268206e+01,
        2.85076099e+06,  2.44683901e+06])}
{'img': array([[[ 0.        ,  0.5708525 ,  0.60695416, ...,  0.90207517,
          0.93772873,  0.83342566],
        [-0.5708525 ,  0.        ,  0.0446638 , ...,  0.49428327,
          0.57162851,  0.36881522],
        [-0.60695416, -0.0446638 ,  0.        , ...,  0.45496373,
          0.53441087,  0.32693205],
        ...,
        [-0.90207517, -0.49428327, -0.45496373, ...,  0.        ,
          0.09135155, -0.13882625],
        [-0.93772873, -0.57162851, -0.53441087, ..., -0.09135155,
          0.        , -0.22871275],
        [-0.83342566, -0.36881522, -0.32693205, ...,  0.13882625,
          0.22871275,  0.        ]],

       [[ 0.        ,  0.4185549 ,  0.13452577, ..., -0.13128835,
         -0.06134385,  0.18625247],
        [-0.4185549 ,  0.        , -0.29257512, ..., -0.53416694,
         -0.4734786 , -0.24207808],
        [-0.13452577,  0.29257512,  0.        , ..., -0.26345629,
         -0.19505866,  0.05238763],
        ...,
        [ 0.13128835,  0.53416694,  0.26345629, ...,  0.        ,
          0.07022822,  0.31363137],
        [ 0.06134385,  0.4734786 ,  0.19505866, ..., -0.07022822,
          0.        ,  0.24617215],
        [-0.18625247,  0.24207808, -0.05238763, ..., -0.31363137,
         -0.24617215,  0.        ]],

       [[ 0.        ,  0.47142375,  0.58587578, ...,  0.8766986 ,
          0.90017117,  0.93096291],
        [-0.47142375,  0.        ,  0.13464564, ...,  0.54639276,
          0.58854495,  0.64889925],
        [-0.58587578, -0.13464564,  0.        , ...,  0.42864757,
          0.47432933,  0.54054184],
        ...,
        [-0.8766986 , -0.54639276, -0.42864757, ...,  0.        ,
          0.05118436,  0.12773576],
        [-0.90017117, -0.58854495, -0.47432933, ..., -0.05118436,
          0.        ,  0.07680326],
        [-0.93096291, -0.64889925, -0.54054184, ..., -0.12773576,
         -0.07680326,  0.        ]],

       ...,

       [[ 0.        ,  0.260414  ,  0.69961676, ..., -0.80790205,
         -0.85082529, -0.85770592],
        [-0.260414  ,  0.        ,  0.48940735, ..., -0.93349338,
         -0.9583035 , -0.96200194],
        [-0.69961676, -0.48940735,  0.        , ..., -0.9895567 ,
         -0.97554294, -0.97254795],
        ...,
        [ 0.80790205,  0.93349338,  0.9895567 , ...,  0.        ,
         -0.07689457, -0.09008527],
        [ 0.85082529,  0.9583035 ,  0.97554294, ...,  0.07689457,
          0.        , -0.01323662],
        [ 0.85770592,  0.96200194,  0.97254795, ...,  0.09008527,
          0.01323662,  0.        ]],

       [[ 0.        ,  0.4537817 ,  0.60990625, ...,  0.6170818 ,
          0.70180739,  0.75559214],
        [-0.4537817 ,  0.        ,  0.18388531, ...,  0.90696991,
          0.9486486 ,  0.97056413],
        [-0.60990625, -0.18388531,  0.        , ...,  0.96895565,
          0.99064074,  0.99830124],
        ...,
        [-0.6170818 , -0.90696991, -0.96895565, ...,  0.        ,
         -0.11266298, -0.19035997],
        [-0.70180739, -0.9486486 , -0.99064074, ...,  0.11266298,
          0.        , -0.07854514],
        [-0.75559214, -0.97056413, -0.99830124, ...,  0.19035997,
          0.07854514,  0.        ]],

       [[ 0.        , -0.05314481, -0.08401306, ...,  0.81436424,
          0.80813756,  0.79072846],
        [ 0.05314481,  0.        , -0.03093741, ...,  0.8440562 ,
          0.83829748,  0.82214452],
        [ 0.08401306,  0.03093741,  0.        , ...,  0.86024251,
          0.85476369,  0.83936299],
        ...,
        [-0.81436424, -0.8440562 , -0.86024251, ...,  0.        ,
         -0.01064953, -0.03962445],
        [-0.80813756, -0.83829748, -0.85476369, ...,  0.01064953,
          0.        , -0.02898104],
        [-0.79072846, -0.82214452, -0.83936299, ...,  0.03962445,
          0.02898104,  0.        ]]]), 'num': array([ 5.88488730e+07,  2.05538730e+07,  1.50000000e+01,  2.55300000e+06,
        2.61400000e+06,  2.55300000e+06,  4.06208000e+05, -1.30000000e+04,
        2.58260000e+06,  2.63700000e+06,  2.68088333e+06,  3.06338028e+01,
        2.83228338e+06,  2.44171662e+06])}
{'img': array([[[ 0.        ,  0.06655235,  0.75231937, ...,  0.67273083,
          0.4624317 ,  0.37343725],
        [-0.06655235,  0.        ,  0.70680684, ...,  0.62199811,
          0.40239749,  0.31087167],
