state_0,state_1,state_2,state_3,state_4,state_5,state_6,state_7,state_8,state_9,state_10,state_11,state_12,state_13,state_14,state_15,state_16,state_17,state_18,state_19,state_20,state_21,state_22,state_23,state_24,state_25,state_26,state_27,state_28,state_29,state_30,state_31,state_32,state_33,state_34,state_35,state_36,state_37,state_38,state_39,state_40,state_41,state_42,state_43,state_44,state_45,state_46,state_47,state_48,state_49,state_50,state_51,state_52,state_53,state_54,state_55,state_56,state_57,state_58,state_59,state_60,state_61,state_62,state_63,state_64,state_65,state_66,state_67,state_68,state_69,state_70,state_71,state_72,state_73,state_74,state_75,state_76,state_77
{'img': array([[[ 0.        ,  0.07441397, -0.19549113, ..., -0.63816159,
         -0.41083009, -0.83766167],
        [-0.07441397,  0.        , -0.26792731, ..., -0.69368374,
         -0.47753514, -0.87598333],
        [ 0.19549113,  0.26792731,  0.        , ..., -0.47533946,
         -0.22467172, -0.71472419],
        ...,
        [ 0.63816159,  0.69368374,  0.47533946, ...,  0.        ,
          0.26552044, -0.29636065],
        [ 0.41083009,  0.47753514,  0.22467172, ..., -0.26552044,
          0.        , -0.53931508],
        [ 0.83766167,  0.87598333,  0.71472419, ...,  0.29636065,
          0.53931508,  0.        ]],

       [[ 0.        , -0.28067001, -0.26414162, ..., -0.60408909,
         -0.47595354, -0.33186504],
        [ 0.28067001,  0.        ,  0.01717744, ..., -0.35613667,
         -0.20998129, -0.05376193],
        [ 0.26414162, -0.01717744,  0.        , ..., -0.37213531,
         -0.22674478, -0.07090659],
        ...,
        [ 0.60408909,  0.35613667,  0.37213531, ...,  0.        ,
          0.15198312,  0.30538465],
        [ 0.47595354,  0.20998129,  0.22674478, ..., -0.15198312,
          0.        ,  0.15711428],
        [ 0.33186504,  0.05376193,  0.07090659, ..., -0.30538465,
         -0.15711428,  0.        ]],

       [[ 0.        , -0.27097866, -0.45499343, ..., -0.97808162,
         -0.94616314, -0.98610504],
        [ 0.27097866,  0.        , -0.19666492, ..., -0.88506337,
         -0.82304966, -0.90419448],
        [ 0.45499343,  0.19666492,  0.        , ..., -0.77623703,
         -0.69527646, -0.80253654],
        ...,
        [ 0.97808162,  0.88506337,  0.77623703, ...,  0.        ,
          0.11958355, -0.04284677],
        [ 0.94616314,  0.82304966,  0.69527646, ..., -0.11958355,
          0.        , -0.16201304],
        [ 0.98610504,  0.90419448,  0.80253654, ...,  0.04284677,
          0.16201304,  0.        ]],

       ...,

       [[ 0.        ,  0.        , -0.97704547, ..., -0.94131437,
         -0.83008912, -0.92407422],
        [ 0.        ,  0.        , -0.97704547, ..., -0.94131437,
         -0.83008912, -0.92407422],
        [ 0.97704547,  0.97704547,  0.        , ...,  0.12925425,
          0.367996  ,  0.17658324],
        ...,
        [ 0.94131437,  0.94131437, -0.12925425, ...,  0.        ,
          0.24472492,  0.04787886],
        [ 0.83008912,  0.83008912, -0.367996  , ..., -0.24472492,
          0.        , -0.19802128],
        [ 0.92407422,  0.92407422, -0.17658324, ..., -0.04787886,
          0.19802128,  0.        ]],

       [[ 0.        , -0.09932623, -0.205555  , ..., -0.        ,
         -0.19820068, -0.1384777 ],
        [ 0.09932623,  0.        , -0.10733334, ..., -0.09932623,
         -0.2945763 , -0.23616219],
        [ 0.205555  ,  0.10733334,  0.        , ..., -0.205555  ,
         -0.3954453 , -0.33909517],
        ...,
        [ 0.        ,  0.09932623,  0.205555  , ...,  0.        ,
          0.19820068,  0.1384777 ],
        [ 0.19820068,  0.2945763 ,  0.3954453 , ..., -0.19820068,
          0.        , -0.06056062],
        [ 0.1384777 ,  0.23616219,  0.33909517, ..., -0.1384777 ,
          0.06056062,  0.        ]],

       [[ 0.        ,  0.50794837,  0.66040054, ...,  0.97059819,
          0.96885197,  0.96344392],
        [-0.50794837,  0.        ,  0.18743548, ...,  0.71379518,
          0.70876835,  0.69381407],
        [-0.66040054, -0.18743548,  0.        , ...,  0.56987325,
          0.56398206,  0.5465351 ],
        ...,
        [-0.97059819, -0.71379518, -0.56987325, ...,  0.        ,
         -0.00715149, -0.02812677],
        [-0.96885197, -0.70876835, -0.56398206, ...,  0.00715149,
          0.        , -0.02097738],
        [-0.96344392, -0.69381407, -0.5465351 , ...,  0.02812677,
          0.02097738,  0.        ]]]), 'num': array([6.63753810e+07, 3.84579810e+07, 8.67000000e+02, 3.22000000e+04,
       3.26000000e+04, 3.10000000e+04, 2.88401000e+05, 1.00000000e+02,
       3.26800000e+04, 3.26050000e+04, 3.42383333e+04, 5.69767442e+01,
       3.41943080e+04, 3.10156920e+04])}
{'img': array([[[ 0.        , -0.26792731,  0.56602608, ..., -0.47753514,
         -0.87598333, -0.85418595],
        [ 0.26792731,  0.        ,  0.76620755, ..., -0.22467172,
         -0.71472419, -0.68364264],
        [-0.56602608, -0.76620755,  0.        , ..., -0.8909916 ,
         -0.99516736, -0.99849533],
        ...,
        [ 0.47753514,  0.22467172,  0.8909916 , ...,  0.        ,
         -0.53931508, -0.50219576],
        [ 0.87598333,  0.71472419,  0.99516736, ...,  0.53931508,
          0.        ,  0.04347377],
        [ 0.85418595,  0.68364264,  0.99849533, ...,  0.50219576,
         -0.04347377,  0.        ]],

       [[ 0.        ,  0.01717744,  0.48937748, ..., -0.20998129,
         -0.05376193,  0.1182527 ],
        [-0.01717744,  0.        ,  0.47432532, ..., -0.22674478,
         -0.07090659,  0.10117833],
        [-0.48937748, -0.47432532,  0.        , ..., -0.66158583,
         -0.53555401, -0.38281891],
        ...,
        [ 0.20998129,  0.22674478,  0.66158583, ...,  0.        ,
          0.15711428,  0.32412426],
        [ 0.05376193,  0.07090659,  0.53555401, ..., -0.15711428,
          0.        ,  0.17146639],
        [-0.1182527 , -0.10117833,  0.38281891, ..., -0.32412426,
         -0.17146639,  0.        ]],

       [[ 0.        , -0.19666492, -0.11742962, ..., -0.82304966,
         -0.90419448, -0.95175391],
        [ 0.19666492,  0.        ,  0.08016793, ..., -0.69527646,
         -0.80253654, -0.87281782],
        [ 0.11742962, -0.08016793,  0.        , ..., -0.75065872,
         -0.8477819 , -0.90913419],
        ...,
        [ 0.82304966,  0.69527646,  0.75065872, ...,  0.        ,
         -0.16201304, -0.28800416],
        [ 0.90419448,  0.80253654,  0.8477819 , ...,  0.16201304,
          0.        , -0.12905082],
        [ 0.95175391,  0.87281782,  0.90913419, ...,  0.28800416,
          0.12905082,  0.        ]],

       ...,

       [[ 0.        , -0.97704547, -0.88265053, ..., -0.83008912,
         -0.92407422, -0.78077308],
        [ 0.97704547,  0.        ,  0.27120872, ...,  0.367996  ,
          0.17658324,  0.44414361],
        [ 0.88265053, -0.27120872,  0.        , ...,  0.10202642,
         -0.09698187,  0.18450638],
        ...,
        [ 0.83008912, -0.367996  , -0.10202642, ...,  0.        ,
         -0.19802128,  0.08326881],
        [ 0.92407422, -0.17658324,  0.09698187, ...,  0.19802128,
          0.        ,  0.27895347],
        [ 0.78077308, -0.44414361, -0.18450638, ..., -0.08326881,
         -0.27895347,  0.        ]],

       [[ 0.        , -0.18063626, -0.14902709, ..., -0.1984437 ,
         -0.13864838, -0.12998437],
        [ 0.18063626,  0.        ,  0.03204353, ..., -0.37222312,
         -0.31525923, -0.30694987],
        [ 0.14902709, -0.03204353,  0.        , ..., -0.34229099,
         -0.28468785, -0.2762956 ],
        ...,
        [ 0.1984437 ,  0.37222312,  0.34229099, ...,  0.        ,
         -0.06063609, -0.06936084],
        [ 0.13864838,  0.31525923,  0.28468785, ...,  0.06063609,
          0.        , -0.00874316],
        [ 0.12998437,  0.30694987,  0.2762956 , ...,  0.06936084,
          0.00874316,  0.        ]],

       [[ 0.        ,  0.47255848,  0.72312041, ...,  0.94022676,
          0.93205069,  0.92867786],
        [-0.47255848,  0.        ,  0.31087899, ...,  0.66769188,
          0.6501945 ,  0.6431772 ],
        [-0.72312041, -0.31087899,  0.        , ...,  0.40317735,
          0.38178119,  0.373262  ],
        ...,
        [-0.94022676, -0.66769188, -0.40317735, ...,  0.        ,
         -0.02326146, -0.03245788],
        [-0.93205069, -0.6501945 , -0.38178119, ...,  0.02326146,
          0.        , -0.0091999 ],
        [-0.92867786, -0.6431772 , -0.373262  , ...,  0.03245788,
          0.0091999 ,  0.        ]]]), 'num': array([7.21000000e+07, 7.21000000e+07, 0.00000000e+00, 3.32000000e+04,
       3.34500000e+04, 3.22500000e+04, 2.50641000e+05, 1.00000000e+03,
       3.27900000e+04, 3.25825000e+04, 3.42083333e+04, 6.06382979e+01,
       3.41240171e+04, 3.10409829e+04])}
{'img': array([[[ 0.        ,  0.76620755,  0.64496001, ..., -0.71472419,
         -0.68364264, -0.35956569],
        [-0.76620755,  0.        , -0.17110142, ..., -0.99516736,
         -0.99849533, -0.94601788],
        [-0.64496001,  0.17110142,  0.        , ..., -0.99729306,
         -0.99315359, -0.87661091],
        ...,
        [ 0.71472419,  0.99516736,  0.99729306, ...,  0.        ,
          0.04347377,  0.41544073],
        [ 0.68364264,  0.99849533,  0.99315359, ..., -0.04347377,
          0.        ,  0.37550334],
        [ 0.35956569,  0.94601788,  0.87661091, ..., -0.41544073,
         -0.37550334,  0.        ]],

       [[ 0.        ,  0.47432532,  0.15132186, ..., -0.07090659,
          0.10117833,  0.0044886 ],
        [-0.47432532,  0.        , -0.3356471 , ..., -0.53555401,
         -0.38281891, -0.470369  ],
        [-0.15132186,  0.3356471 ,  0.        , ..., -0.22103105,
         -0.0505321 , -0.14688342],
        ...,
        [ 0.07090659,  0.53555401,  0.22103105, ...,  0.        ,
          0.17146639,  0.07538318],
        [-0.10117833,  0.38281891,  0.0505321 , ..., -0.17146639,
          0.        , -0.09671175],
        [-0.0044886 ,  0.470369  ,  0.14688342, ..., -0.07538318,
          0.09671175,  0.        ]],

       [[ 0.        ,  0.08016793,  0.13213845, ..., -0.80253654,
         -0.87281782, -0.8441817 ],
        [-0.08016793,  0.        ,  0.05224819, ..., -0.8477819 ,
         -0.90913419, -0.88443918],
        [-0.13213845, -0.05224819,  0.        , ..., -0.87433351,
         -0.92965398, -0.90761306],
        ...,
        [ 0.80253654,  0.8477819 ,  0.87433351, ...,  0.        ,
         -0.12905082, -0.07343586],
        [ 0.87281782,  0.90913419,  0.92965398, ...,  0.12905082,
          0.        ,  0.05588059],
        [ 0.8441817 ,  0.88443918,  0.90761306, ...,  0.07343586,
         -0.05588059,  0.        ]],

       ...,

       [[ 0.        ,  0.3281095 ,  0.04888447, ...,  0.21067791,
          0.55619726,  0.93485824],
        [-0.3281095 ,  0.        , -0.28153901, ..., -0.12173054,
          0.25273051,  0.76661837],
        [-0.04888447,  0.28153901,  0.        , ...,  0.16263874,
          0.51490684,  0.91638554],
        ...,
        [-0.21067791,  0.12173054, -0.16263874, ...,  0.        ,
          0.36862977,  0.83908072],
        [-0.55619726, -0.25273051, -0.51490684, ..., -0.36862977,
          0.        ,  0.5794524 ],
        [-0.93485824, -0.76661837, -0.91638554, ..., -0.83908072,
         -0.5794524 ,  0.        ]],

       [[ 0.        ,  0.10255064, -0.27031487, ..., -0.32067705,
         -0.31560942, -0.10255064],
        [-0.10255064,  0.        , -0.3676226 , ..., -0.22185157,
         -0.21663627, -0.        ],
        [ 0.27031487,  0.3676226 ,  0.        , ..., -0.56477804,
         -0.56035877, -0.3676226 ],
        ...,
        [ 0.32067705,  0.22185157,  0.56477804, ...,  0.        ,
         -0.00534534, -0.22185157],
        [ 0.31560942,  0.21663627,  0.56035877, ...,  0.00534534,
          0.        , -0.21663627],
        [ 0.10255064,  0.        ,  0.3676226 , ...,  0.22185157,
          0.21663627,  0.        ]],

       [[ 0.        ,  0.6034535 ,  0.87985162, ...,  0.89389115,
          0.88926952,  0.89468624],
        [-0.6034535 ,  0.        ,  0.41480172, ...,  0.44226859,
          0.43309218,  0.44386145],
        [-0.87985162, -0.41480172,  0.        , ...,  0.03039695,
          0.02019432,  0.03217286],
        ...,
        [-0.89389115, -0.44226859, -0.03039695, ...,  0.        ,
         -0.01020577,  0.00177678],
        [-0.88926952, -0.43309218, -0.02019432, ...,  0.01020577,
          0.        ,  0.01198243],
        [-0.89468624, -0.44386145, -0.03217286, ..., -0.00177678,
         -0.01198243,  0.        ]]]), 'num': array([7.21013340e+07, 7.16351340e+07, 1.40000000e+01, 3.33000000e+04,
       3.37000000e+04, 3.31500000e+04, 1.59663000e+05, 1.00000000e+02,
       3.28800000e+04, 3.25725000e+04, 3.41925000e+04, 5.97826087e+01,
       3.40925247e+04, 3.10524753e+04])}
{'img': array([[[ 0.        , -0.17110142, -0.0617553 , ..., -0.99849533,
         -0.94601788, -0.9338692 ],
        [ 0.17110142,  0.        ,  0.10993023, ..., -0.99315359,
         -0.87661091, -0.85890943],
        [ 0.0617553 , -0.10993023,  0.        , ..., -0.99997599,
         -0.92419645, -0.91000214],
        ...,
        [ 0.99849533,  0.99315359,  0.99997599, ...,  0.        ,
          0.37550334,  0.40828705],
        [ 0.94601788,  0.87661091,  0.92419645, ..., -0.37550334,
          0.        ,  0.03562946],
        [ 0.9338692 ,  0.85890943,  0.91000214, ..., -0.40828705,
         -0.03562946,  0.        ]],

       [[ 0.        , -0.3356471 , -0.23876901, ..., -0.38281891,
         -0.470369  , -0.70734138],
        [ 0.3356471 ,  0.        ,  0.10102148, ..., -0.0505321 ,
         -0.14688342, -0.42904738],
        [ 0.23876901, -0.10102148,  0.        , ..., -0.15116601,
         -0.24605778, -0.51810336],
        ...,
        [ 0.38281891,  0.0505321 ,  0.15116601, ...,  0.        ,
         -0.09671175, -0.38285451],
        [ 0.470369  ,  0.14688342,  0.24605778, ...,  0.09671175,
          0.        , -0.2917167 ],
        [ 0.70734138,  0.42904738,  0.51810336, ...,  0.38285451,
          0.2917167 ,  0.        ]],

       [[ 0.        ,  0.05224819,  0.20930481, ..., -0.90913419,
         -0.88443918, -0.86283548],
        [-0.05224819,  0.        ,  0.15792801, ..., -0.92965398,
         -0.90761306, -0.88806762],
        [-0.20930481, -0.15792801,  0.        , ..., -0.97617342,
         -0.96252248, -0.94952447],
        ...,
        [ 0.90913419,  0.92965398,  0.97617342, ...,  0.        ,
          0.05588059,  0.10017972],
        [ 0.88443918,  0.90761306,  0.96252248, ..., -0.05588059,
          0.        ,  0.04442371],
        [ 0.86283548,  0.88806762,  0.94952447, ..., -0.10017972,
         -0.04442371,  0.        ]],

       ...,

       [[ 0.        , -0.28153901, -0.50792498, ...,  0.25273051,
          0.76661837,  0.54671808],
        [ 0.28153901,  0.        , -0.24486123, ...,  0.51490684,
          0.91638554,  0.76034054],
        [ 0.50792498,  0.24486123,  0.        , ...,  0.70913846,
          0.98650623,  0.89623776],
        ...,
        [-0.25273051, -0.51490684, -0.70913846, ...,  0.        ,
          0.5794524 ,  0.31735432],
        [-0.76661837, -0.91638554, -0.98650623, ..., -0.5794524 ,
          0.        , -0.29085309],
        [-0.54671808, -0.76034054, -0.89623776, ..., -0.31735432,
          0.29085309,  0.        ]],

       [[ 0.        , -0.36668384, -0.61262651, ..., -0.25930787,
         -0.14510229, -0.        ],
        [ 0.36668384,  0.        , -0.28013754, ..., -0.59538725,
         -0.49779838, -0.36668384],
        [ 0.61262651,  0.28013754,  0.        , ..., -0.79662126,
         -0.72082774, -0.61262651],
        ...,
        [ 0.25930787,  0.59538725,  0.79662126, ...,  0.        ,
         -0.1164245 , -0.25930787],
        [ 0.14510229,  0.49779838,  0.72082774, ...,  0.1164245 ,
          0.        , -0.14510229],
        [ 0.        ,  0.36668384,  0.61262651, ...,  0.25930787,
          0.14510229,  0.        ]],

       [[ 0.        ,  0.76709146,  0.98730876, ...,  0.78328791,
          0.7925816 ,  0.79671026],
        [-0.76709146,  0.        ,  0.51157215, ...,  0.02563938,
          0.04072483,  0.0475192 ],
        [-0.98730876, -0.51157215,  0.        , ..., -0.48937358,
         -0.47615532, -0.47016383],
        ...,
        [-0.78328791, -0.02563938,  0.48937358, ...,  0.        ,
          0.01509334,  0.02189316],
        [-0.7925816 , -0.04072483,  0.47615532, ..., -0.01509334,
          0.        ,  0.00680095],
        [-0.79671026, -0.0475192 ,  0.47016383, ..., -0.02189316,
         -0.00680095,  0.        ]]]), 'num': array([7.22442620e+07, 6.33755620e+07, 2.62000000e+02, 3.38500000e+04,
       3.42500000e+04, 3.31000000e+04, 2.95087000e+05, 5.50000000e+02,
       3.29300000e+04, 3.26275000e+04, 3.41516667e+04, 5.69767442e+01,
       3.42456703e+04, 3.10093297e+04])}
{'img': array([[[ 0.00000000e+00,  1.09930230e-01,  2.38124699e-01, ...,
         -8.76610908e-01, -8.58909432e-01, -7.44959553e-01],
        [-1.09930230e-01,  0.00000000e+00,  1.29913457e-01, ...,
         -9.24196450e-01, -9.10002140e-01, -8.13780097e-01],
        [-2.38124699e-01, -1.29913457e-01,  0.00000000e+00, ...,
         -9.65980410e-01, -9.56152759e-01, -8.82385767e-01],
        ...,
        [ 8.76610908e-01,  9.24196450e-01,  9.65980410e-01, ...,
          0.00000000e+00,  3.56294560e-02,  2.26321142e-01],
        [ 8.58909432e-01,  9.10002140e-01,  9.56152759e-01, ...,
         -3.56294560e-02,  0.00000000e+00,  1.91472474e-01],
        [ 7.44959553e-01,  8.13780097e-01,  8.82385767e-01, ...,
         -2.26321142e-01, -1.91472474e-01,  0.00000000e+00]],

       [[ 0.00000000e+00,  1.01021477e-01, -3.46673892e-02, ...,
         -1.46883422e-01, -4.29047378e-01, -3.42711224e-02],
        [-1.01021477e-01,  0.00000000e+00, -1.35450793e-01, ...,
         -2.46057782e-01, -5.18103358e-01, -1.35057934e-01],
        [ 3.46673892e-02,  1.35450793e-01,  0.00000000e+00, ...,
         -1.12503751e-01, -3.97475052e-01,  3.96502395e-04],
        ...,
        [ 1.46883422e-01,  2.46057782e-01,  1.12503751e-01, ...,
          0.00000000e+00, -2.91716700e-01,  1.12897727e-01],
        [ 4.29047378e-01,  5.18103358e-01,  3.97475052e-01, ...,
          2.91716700e-01,  0.00000000e+00,  3.97838856e-01],
        [ 3.42711224e-02,  1.35057934e-01, -3.96502395e-04, ...,
         -1.12897727e-01, -3.97838856e-01,  0.00000000e+00]],

       [[ 0.00000000e+00,  1.57928009e-01,  3.40471098e-01, ...,
         -9.07613057e-01, -8.88067625e-01, -8.76660276e-01],
        [-1.57928009e-01,  0.00000000e+00,  1.87705803e-01, ...,
         -9.62522484e-01, -9.49524467e-01, -9.41639473e-01],
        [-3.40471098e-01, -1.87705803e-01,  0.00000000e+00, ...,
         -9.96320101e-01, -9.91528944e-01, -9.88088217e-01],
        ...,
        [ 9.07613057e-01,  9.62522484e-01,  9.96320101e-01, ...,
          0.00000000e+00,  4.44237118e-02,  6.86328796e-02],
        [ 8.88067625e-01,  9.49524467e-01,  9.91528944e-01, ...,
         -4.44237118e-02,  0.00000000e+00,  2.42461639e-02],
        [ 8.76660276e-01,  9.41639473e-01,  9.88088217e-01, ...,
         -6.86328796e-02, -2.42461639e-02,  0.00000000e+00]],

       ...,

       [[ 0.00000000e+00, -2.44861233e-01, -5.07755773e-01, ...,
          9.16385539e-01,  7.60340543e-01,  5.14906838e-01],
        [ 2.44861233e-01,  0.00000000e+00, -2.81350528e-01, ...,
          9.86506227e-01,  8.96237763e-01,  7.09138461e-01],
        [ 5.07755773e-01,  2.81350528e-01,  0.00000000e+00, ...,
          9.92720134e-01,  9.84834069e-01,  8.78864464e-01],
        ...,
        [-9.16385539e-01, -9.86506227e-01, -9.92720134e-01, ...,
          0.00000000e+00, -2.90853086e-01, -5.79452397e-01],
        [-7.60340543e-01, -8.96237763e-01, -9.84834069e-01, ...,
          2.90853086e-01,  0.00000000e+00, -3.17354318e-01],
        [-5.14906838e-01, -7.09138461e-01, -8.78864464e-01, ...,
          5.79452397e-01,  3.17354318e-01,  0.00000000e+00]],

       [[ 0.00000000e+00, -5.18667297e-01, -6.90277149e-01, ...,
         -1.47682839e-01, -0.00000000e+00, -3.22184674e-01],
        [ 5.18667297e-01,  0.00000000e+00, -2.14891344e-01, ...,
         -6.39245298e-01, -5.18667297e-01, -7.66470532e-01],
        [ 6.90277149e-01,  2.14891344e-01,  0.00000000e+00, ...,
         -7.89563291e-01, -6.90277149e-01, -8.86584519e-01],
        ...,
        [ 1.47682839e-01,  6.39245298e-01,  7.89563291e-01, ...,
          0.00000000e+00, -1.47682839e-01,  1.78843922e-01],
        [ 0.00000000e+00,  5.18667297e-01,  6.90277149e-01, ...,
          1.47682839e-01,  0.00000000e+00,  3.22184674e-01],
        [ 3.22184674e-01,  7.66470532e-01,  8.86584519e-01, ...,
         -1.78843922e-01, -3.22184674e-01,  0.00000000e+00]],

       [[ 0.00000000e+00,  5.72375209e-01,  8.75005399e-01, ...,
          4.96584516e-02,  5.78447250e-02,  2.67304469e-02],
        [-5.72375209e-01,  0.00000000e+00,  4.40402917e-01, ...,
         -5.30949520e-01, -5.23984616e-01, -5.50251938e-01],
        [-8.75005399e-01, -4.40402917e-01,  0.00000000e+00, ...,
         -8.49885558e-01, -8.45536890e-01, -8.61752179e-01],
        ...,
        [-4.96584516e-02,  5.30949520e-01,  8.49885558e-01, ...,
          0.00000000e+00,  8.19805645e-03, -2.29432391e-02],
        [-5.78447250e-02,  5.23984616e-01,  8.45536890e-01, ...,
         -8.19805645e-03,  0.00000000e+00, -3.11383666e-02],
        [-2.67304469e-02,  5.50251938e-01,  8.61752179e-01, ...,
          2.29432391e-02,  3.11383666e-02,  0.00000000e+00]]]), 'num': array([7.24438560e+07, 2.59998560e+07, 1.36600000e+03, 3.40000000e+04,
       3.44500000e+04, 3.36500000e+04, 1.95721000e+05, 1.50000000e+02,
       3.33100000e+04, 3.26950000e+04, 3.41183333e+04, 5.97633136e+01,
       3.44203695e+04, 3.09696305e+04])}
{'img': array([[[ 0.00000000e+00,  1.29913457e-01,  3.01923834e-02, ...,
         -9.10002140e-01, -8.13780097e-01, -7.82355829e-01],
        [-1.29913457e-01,  0.00000000e+00, -9.99177174e-02, ...,
         -9.56152759e-01, -8.82385767e-01, -8.56639849e-01],
        [-3.01923834e-02,  9.99177174e-02,  0.00000000e+00, ...,
         -9.22105145e-01, -8.30956095e-01, -8.00803931e-01],
        ...,
        [ 9.10002140e-01,  9.56152759e-01,  9.22105145e-01, ...,
          0.00000000e+00,  1.91472474e-01,  2.42410696e-01],
        [ 8.13780097e-01,  8.82385767e-01,  8.30956095e-01, ...,
         -1.91472474e-01,  0.00000000e+00,  5.21640464e-02],
        [ 7.82355829e-01,  8.56639849e-01,  8.00803931e-01, ...,
         -2.42410696e-01, -5.21640464e-02,  0.00000000e+00]],

       [[ 0.00000000e+00, -1.35450793e-01, -2.89231005e-01, ...,
         -5.18103358e-01, -1.35057934e-01, -3.99961601e-01],
        [ 1.35450793e-01,  0.00000000e+00, -1.56903938e-01, ...,
         -3.97475052e-01,  3.96502395e-04, -2.72130613e-01],
        [ 2.89231005e-01,  1.56903938e-01,  0.00000000e+00, ...,
         -2.48574784e-01,  1.57295516e-01, -1.17777534e-01],
        ...,
        [ 5.18103358e-01,  3.97475052e-01,  2.48574784e-01, ...,
          0.00000000e+00,  3.97838856e-01,  1.32763889e-01],
        [ 1.35057934e-01, -3.96502395e-04, -1.57295516e-01, ...,
         -3.97838856e-01,  0.00000000e+00, -2.72512130e-01],
        [ 3.99961601e-01,  2.72130613e-01,  1.17777534e-01, ...,
         -1.32763889e-01,  2.72512130e-01,  0.00000000e+00]],

       [[ 0.00000000e+00,  1.87705803e-01,  6.45214632e-01, ...,
         -9.49524467e-01, -9.41639473e-01, -8.67868900e-01],
        [-1.87705803e-01,  0.00000000e+00,  4.90338644e-01, ...,
         -9.91528944e-01, -9.88088217e-01, -9.45693770e-01],
        [-6.45214632e-01, -4.90338644e-01,  0.00000000e+00, ...,
         -9.27837285e-01, -9.36607979e-01, -9.83591320e-01],
        ...,
        [ 9.49524467e-01,  9.91528944e-01,  9.27837285e-01, ...,
          0.00000000e+00,  2.42461639e-02,  1.99473002e-01],
        [ 9.41639473e-01,  9.88088217e-01,  9.36607979e-01, ...,
         -2.42461639e-02,  0.00000000e+00,  1.75655464e-01],
        [ 8.67868900e-01,  9.45693770e-01,  9.83591320e-01, ...,
         -1.99473002e-01, -1.75655464e-01,  0.00000000e+00]],

       ...,

       [[ 0.00000000e+00, -2.81350528e-01, -2.11782597e-01, ...,
          8.96237763e-01,  7.09138461e-01,  8.94754164e-01],
        [ 2.81350528e-01,  0.00000000e+00,  7.17409463e-02, ...,
          9.84834069e-01,  8.78864464e-01,  9.84250252e-01],
        [ 2.11782597e-01, -7.17409463e-02,  0.00000000e+00, ...,
          9.69849473e-01,  8.42374329e-01,  9.69031713e-01],
        ...,
        [-8.96237763e-01, -9.84834069e-01, -9.69849473e-01, ...,
          0.00000000e+00, -3.17354318e-01, -3.33342340e-03],
        [-7.09138461e-01, -8.78864464e-01, -8.42374329e-01, ...,
          3.17354318e-01,  0.00000000e+00,  3.14191446e-01],
        [-8.94754164e-01, -9.84250252e-01, -9.69031713e-01, ...,
          3.33342340e-03, -3.14191446e-01,  0.00000000e+00]],

       [[ 0.00000000e+00, -5.13159120e-01, -7.75748980e-01, ...,
         -0.00000000e+00, -3.34183639e-01, -4.80628059e-01],
        [ 5.13159120e-01,  0.00000000e+00, -3.41995541e-01, ...,
         -5.13159120e-01, -7.70484209e-01, -8.62521766e-01],
        [ 7.75748980e-01,  3.41995541e-01,  0.00000000e+00, ...,
         -7.75748980e-01, -9.42033389e-01, -9.83569633e-01],
        ...,
        [ 0.00000000e+00,  5.13159120e-01,  7.75748980e-01, ...,
          0.00000000e+00,  3.34183639e-01,  4.80628059e-01],
        [ 3.34183639e-01,  7.70484209e-01,  9.42033389e-01, ...,
         -3.34183639e-01,  0.00000000e+00,  1.59941944e-01],
        [ 4.80628059e-01,  8.62521766e-01,  9.83569633e-01, ...,
         -4.80628059e-01, -1.59941944e-01,  0.00000000e+00]],

       [[ 0.00000000e+00,  4.40402917e-01,  8.95608762e-01, ...,
         -5.23984616e-01, -5.50251938e-01, -5.74724748e-01],
        [-4.40402917e-01,  0.00000000e+00,  6.08167778e-01, ...,
         -8.45536890e-01, -8.61752179e-01, -8.76390329e-01],
        [-8.95608762e-01, -6.08167778e-01,  0.00000000e+00, ...,
         -9.95905499e-01, -9.92607646e-01, -9.88580608e-01],
        ...,
        [ 5.23984616e-01,  8.45536890e-01,  9.95905499e-01, ...,
          0.00000000e+00, -3.11383666e-02, -6.07078765e-02],
        [ 5.50251938e-01,  8.61752179e-01,  9.92607646e-01, ...,
          3.11383666e-02,  0.00000000e+00, -2.95975040e-02],
        [ 5.74724748e-01,  8.76390329e-01,  9.88580608e-01, ...,
          6.07078765e-02,  2.95975040e-02,  0.00000000e+00]]]), 'num': array([ 7.23735260e+07,  2.47416780e+07,  1.40300000e+03,  3.39500000e+04,
        3.41500000e+04,  3.36000000e+04,  2.14773000e+05, -5.00000000e+01,
        3.36600000e+04,  3.28025000e+04,  3.40808333e+04,  5.60509554e+01,
        3.45590520e+04,  3.10459480e+04])}
{'img': array([[[ 0.00000000e+00, -9.99177174e-02, -6.21114890e-01, ...,
         -8.82385767e-01, -8.56639849e-01, -8.65487669e-01],
        [ 9.99177174e-02,  0.00000000e+00, -5.39699181e-01, ...,
         -8.30956095e-01, -8.00803931e-01, -8.11104707e-01],
        [ 6.21114890e-01,  5.39699181e-01,  0.00000000e+00, ...,
         -3.99291826e-01, -3.50922958e-01, -3.67164361e-01],
        ...,
        [ 8.82385767e-01,  8.30956095e-01,  3.99291826e-01, ...,
          0.00000000e+00,  5.21640464e-02,  3.47786631e-02],
        [ 8.56639849e-01,  8.00803931e-01,  3.50922958e-01, ...,
         -5.21640464e-02,  0.00000000e+00, -1.74011762e-02],
        [ 8.65487669e-01,  8.11104707e-01,  3.67164361e-01, ...,
         -3.47786631e-02,  1.74011762e-02,  0.00000000e+00]],

       [[ 0.00000000e+00, -1.56903938e-01,  1.39698244e-01, ...,
          3.96502395e-04, -2.72130613e-01, -2.13517272e-01],
        [ 1.56903938e-01,  0.00000000e+00,  2.93333280e-01, ...,
          1.57295516e-01, -1.17777534e-01, -5.75869977e-02],
        [-1.39698244e-01, -2.93333280e-01,  0.00000000e+00, ...,
         -1.39305619e-01, -4.03888211e-01, -3.47900251e-01],
        ...,
        [-3.96502395e-04, -1.57295516e-01,  1.39305619e-01, ...,
          0.00000000e+00, -2.72512130e-01, -2.13904614e-01],
        [ 2.72130613e-01,  1.17777534e-01,  4.03888211e-01, ...,
          2.72512130e-01,  0.00000000e+00,  6.03958882e-02],
        [ 2.13517272e-01,  5.75869977e-02,  3.47900251e-01, ...,
          2.13904614e-01, -6.03958882e-02,  0.00000000e+00]],

       [[ 0.00000000e+00,  4.90338644e-01,  1.16524329e-01, ...,
         -9.88088217e-01, -9.45693770e-01, -8.84175342e-01],
        [-4.90338644e-01,  0.00000000e+00, -3.85443697e-01, ...,
         -9.36607979e-01, -9.83591320e-01, -9.99651336e-01],
        [-1.16524329e-01,  3.85443697e-01,  0.00000000e+00, ...,
         -9.99288956e-01, -9.77128822e-01, -9.32587140e-01],
        ...,
        [ 9.88088217e-01,  9.36607979e-01,  9.99288956e-01, ...,
          0.00000000e+00,  1.75655464e-01,  3.25526100e-01],
        [ 9.45693770e-01,  9.83591320e-01,  9.77128822e-01, ...,
         -1.75655464e-01,  0.00000000e+00,  1.54376676e-01],
        [ 8.84175342e-01,  9.99651336e-01,  9.32587140e-01, ...,
         -3.25526100e-01, -1.54376676e-01,  0.00000000e+00]],

       ...,

       [[ 0.00000000e+00,  7.17409463e-02, -2.74887915e-01, ...,
          8.78864464e-01,  9.84250252e-01,  8.39744262e-01],
        [-7.17409463e-02,  0.00000000e+00, -3.43156829e-01, ...,
          8.42374329e-01,  9.69031713e-01,  7.98626441e-01],
        [ 2.74887915e-01,  3.43156829e-01,  0.00000000e+00, ...,
          9.76148535e-01,  9.94928167e-01,  9.56653409e-01],
        ...,
        [-8.78864464e-01, -8.42374329e-01, -9.76148535e-01, ...,
          0.00000000e+00,  3.14191446e-01, -7.65895947e-02],
        [-9.84250252e-01, -9.69031713e-01, -9.94928167e-01, ...,
         -3.14191446e-01,  0.00000000e+00, -3.85979643e-01],
        [-8.39744262e-01, -7.98626441e-01, -9.56653409e-01, ...,
          7.65895947e-02,  3.85979643e-01,  0.00000000e+00]],

       [[ 0.00000000e+00, -6.55242336e-01, -6.67673435e-01, ...,
         -3.46299916e-01, -4.97368677e-01, -5.84343076e-01],
        [ 6.55242336e-01,  0.00000000e+00, -1.65750628e-02, ...,
         -8.76299915e-01, -9.44170085e-01, -9.73157278e-01],
        [ 6.67673435e-01,  1.65750628e-02,  0.00000000e+00, ...,
         -8.84164834e-01, -9.49501173e-01, -9.76838192e-01],
        ...,
        [ 3.46299916e-01,  8.76299915e-01,  8.84164834e-01, ...,
          0.00000000e+00,  1.66164641e-01,  2.67161467e-01],
        [ 4.97368677e-01,  9.44170085e-01,  9.49501173e-01, ...,
         -1.66164641e-01,  0.00000000e+00,  1.03322543e-01],
        [ 5.84343076e-01,  9.73157278e-01,  9.76838192e-01, ...,
         -2.67161467e-01, -1.03322543e-01,  0.00000000e+00]],

       [[ 0.00000000e+00,  6.08167778e-01,  6.47054201e-01, ...,
         -8.61752179e-01, -8.76390329e-01, -8.48009356e-01],
        [-6.08167778e-01,  0.00000000e+00,  4.99432557e-02, ...,
         -9.92607646e-01, -9.88580608e-01, -9.95474568e-01],
        [-6.47054201e-01, -4.99432557e-02,  0.00000000e+00, ...,
         -9.85307442e-01, -9.79820817e-01, -9.89486248e-01],
        ...,
        [ 8.61752179e-01,  9.92607646e-01,  9.85307442e-01, ...,
          0.00000000e+00, -2.95975040e-02,  2.64923725e-02],
        [ 8.76390329e-01,  9.88580608e-01,  9.79820817e-01, ...,
          2.95975040e-02,  0.00000000e+00,  5.60678819e-02],
        [ 8.48009356e-01,  9.95474568e-01,  9.89486248e-01, ...,
         -2.64923725e-02, -5.60678819e-02,  0.00000000e+00]]]), 'num': array([7.83236640e+07, 3.85946400e+06, 2.01800000e+03, 3.69000000e+04,
       3.78000000e+04, 3.47500000e+04, 1.07936800e+06, 2.95000000e+03,
       3.44000000e+04, 3.30975000e+04, 3.40891667e+04, 6.80555556e+01,
       3.54310542e+04, 3.07639458e+04])}
{'img': array([[[ 0.        , -0.50571702, -0.45751469, ..., -0.76893543,
         -0.77966102,  0.6262018 ],
        [ 0.50571702,  0.        ,  0.05498695, ..., -0.34004189,
         -0.3559322 ,  0.93451178],
        [ 0.45751469, -0.05498695,  0.        , ..., -0.39123773,
         -0.40677966,  0.9135263 ],
        ...,
        [ 0.76893543,  0.34004189,  0.39123773, ...,  0.        ,
         -0.01694915,  0.99985635],
        [ 0.77966102,  0.3559322 ,  0.40677966, ...,  0.01694915,
          0.        ,  1.        ],
        [-0.6262018 , -0.93451178, -0.9135263 , ..., -0.99985635,
         -1.        ,  0.        ]],

       [[ 0.        ,  0.29333328,  0.65777938, ..., -0.11777753,
         -0.057587  ,  0.97830947],
        [-0.29333328,  0.        ,  0.40790208, ..., -0.40388821,
         -0.34790025,  0.99603748],
        [-0.65777938, -0.40790208,  0.        , ..., -0.74191253,
         -0.70006293,  0.87313125],
        ...,
        [ 0.11777753,  0.40388821,  0.74191253, ...,  0.        ,
          0.06039589,  0.94710298],
        [ 0.057587  ,  0.34790025,  0.70006293, ..., -0.06039589,
          0.        ,  0.96475689],
        [-0.97830947, -0.99603748, -0.87313125, ..., -0.94710298,
         -0.96475689,  0.        ]],

       [[ 0.        , -0.3854437 , -0.50982058, ..., -0.98359132,
         -0.99965134, -0.95641976],
        [ 0.3854437 ,  0.        , -0.13883764, ..., -0.97712882,
         -0.93258714, -0.76997076],
        [ 0.50982058,  0.13883764,  0.        , ..., -0.93814191,
         -0.87344244, -0.6739243 ],
        ...,
        [ 0.98359132,  0.97712882,  0.93814191, ...,  0.        ,
          0.15437668,  0.45975264],
        [ 0.99965134,  0.93258714,  0.87344244, ..., -0.15437668,
          0.        ,  0.31714741],
        [ 0.95641976,  0.76997076,  0.6739243 , ..., -0.45975264,
         -0.31714741,  0.        ]],

       ...,

       [[ 0.        , -0.30144351,  0.0053246 , ...,  0.78592549,
          0.652976  ,  0.97999947],
        [ 0.30144351,  0.        ,  0.30651616, ...,  0.93575633,
          0.85090906,  0.87442657],
        [-0.0053246 , -0.30651616,  0.        , ...,  0.78262204,
          0.64893401,  0.98104518],
        ...,
        [-0.78592549, -0.93575633, -0.78262204, ...,  0.        ,
         -0.19149423,  0.7623537 ],
        [-0.652976  , -0.85090906, -0.64893401, ...,  0.19149423,
          0.        ,  0.87217291],
        [-0.97999947, -0.87442657, -0.98104518, ..., -0.7623537 ,
         -0.87217291,  0.        ]],

       [[ 0.        , -0.07028966, -0.04265115, ..., -0.64235883,
         -0.72319682, -0.96769925],
        [ 0.07028966,  0.        ,  0.02768004, ..., -0.69464031,
         -0.76995308, -0.98302631],
        [ 0.04265115, -0.02768004,  0.        , ..., -0.67446231,
         -0.75199541, -0.97757134],
        ...,
        [ 0.64235883,  0.69464031,  0.67446231, ...,  0.        ,
          0.11062098,  0.57970516],
        [ 0.72319682,  0.76995308,  0.75199541, ..., -0.11062098,
          0.        ,  0.48601043],
        [ 0.96769925,  0.98302631,  0.97757134, ..., -0.57970516,
         -0.48601043,  0.        ]],

       [[ 0.        ,  0.04994326,  0.00798394, ..., -0.98858061,
         -0.99547457, -0.94758415],
        [-0.04994326,  0.        , -0.04196768, ..., -0.97982082,
         -0.98948625, -0.93044443],
        [-0.00798394,  0.04196768,  0.        , ..., -0.98734598,
         -0.99468414, -0.94500302],
        ...,
        [ 0.98858061,  0.97982082,  0.98734598, ...,  0.        ,
          0.05606788, -0.17306345],
        [ 0.99547457,  0.98948625,  0.99468414, ..., -0.05606788,
          0.        , -0.22801307],
        [ 0.94758415,  0.93044443,  0.94500302, ...,  0.17306345,
          0.22801307,  0.        ]]]), 'num': array([7.91517910e+07, 1.90348700e+06, 2.07100000e+03, 3.73000000e+04,
       3.77000000e+04, 3.68000000e+04, 5.40443000e+05, 4.00000000e+02,
       3.52000000e+04, 3.34025000e+04, 3.41066667e+04, 7.38095238e+01,
       3.62106088e+04, 3.05943912e+04])}
{'img': array([[[ 0.        ,  0.04980127,  0.64243888, ..., -0.33043364,
          0.70903182,  0.96290482],
        [-0.04980127,  0.        ,  0.60347716, ..., -0.37702751,
          0.67303333,  0.94827156],
        [-0.64243888, -0.60347716,  0.        , ..., -0.85957609,
          0.09032446,  0.56455299],
        ...,
        [ 0.33043364,  0.37702751,  0.85957609, ...,  0.        ,
          0.90221899,  0.99798234],
        [-0.70903182, -0.67303333, -0.09032446, ..., -0.90221899,
          0.        ,  0.48769179],
        [-0.96290482, -0.94827156, -0.56455299, ..., -0.99798234,
         -0.48769179,  0.        ]],

       [[ 0.        ,  0.40790208, -0.11115257, ..., -0.34790025,
          0.99603748,  0.35913524],
        [-0.40790208,  0.        , -0.50685961, ..., -0.70006293,
          0.87313125, -0.05278941],
        [ 0.11115257,  0.50685961,  0.        , ..., -0.24153539,
          0.99975068,  0.4606469 ],
        ...,
        [ 0.34790025,  0.70006293,  0.24153539, ...,  0.        ,
          0.96475689,  0.66139089],
        [-0.99603748, -0.87313125, -0.99975068, ..., -0.96475689,
          0.        , -0.89764787],
        [-0.35913524,  0.05278941, -0.4606469 , ..., -0.66139089,
          0.89764787,  0.        ]],

       [[ 0.        , -0.13883764, -0.05280466, ..., -0.93258714,
         -0.76997076, -0.48029264],
        [ 0.13883764,  0.        ,  0.08635069, ..., -0.87344244,
         -0.6739243 , -0.35386544],
        [ 0.05280466, -0.08635069,  0.        , ..., -0.91222648,
         -0.73520299, -0.43330716],
        ...,
        [ 0.93258714,  0.87344244,  0.91222648, ...,  0.        ,
          0.31714741,  0.64462074],
        [ 0.76997076,  0.6739243 ,  0.73520299, ..., -0.31714741,
          0.        ,  0.36888301],
        [ 0.48029264,  0.35386544,  0.43330716, ..., -0.64462074,
         -0.36888301,  0.        ]],

       ...,

       [[ 0.        ,  0.28251768,  0.55383989, ...,  0.78635437,
          0.99488918,  0.84082341],
        [-0.28251768,  0.        ,  0.29604684, ...,  0.57978739,
          0.92583287,  0.95949953],
        [-0.55383989, -0.29604684,  0.        , ...,  0.31258806,
          0.77244502,  0.99988787],
        ...,
        [-0.78635437, -0.57978739, -0.31258806, ...,  0.        ,
          0.53521792,  0.94510136],
        [-0.99488918, -0.92583287, -0.77244502, ..., -0.53521792,
          0.        ,  0.6234433 ],
        [-0.84082341, -0.95949953, -0.99988787, ..., -0.94510136,
         -0.6234433 ,  0.        ]],

       [[ 0.        ,  0.02768004,  0.21121768, ..., -0.76995308,
         -0.98302631, -0.98332193],
        [-0.02768004,  0.        ,  0.1840812 , ..., -0.75199541,
         -0.97757134, -0.98797942],
        [-0.21121768, -0.1840812 ,  0.        , ..., -0.61780409,
         -0.92209732, -0.99955216],
        ...,
        [ 0.76995308,  0.75199541,  0.61780409, ...,  0.        ,
          0.48601043,  0.76749232],
        [ 0.98302631,  0.97757134,  0.92209732, ..., -0.48601043,
          0.        ,  0.35919129],
        [ 0.98332193,  0.98797942,  0.99955216, ..., -0.76749232,
         -0.35919129,  0.        ]],

       [[ 0.        , -0.04196768, -0.03192399, ..., -0.98948625,
         -0.93044443, -0.84153685],
        [ 0.04196768,  0.        ,  0.01005043, ..., -0.99468414,
         -0.94500302, -0.86346636],
        [ 0.03192399, -0.01005043,  0.        , ..., -0.99359898,
         -0.94166819, -0.85835325],
        ...,
        [ 0.98948625,  0.99468414,  0.99359898, ...,  0.        ,
         -0.22801307, -0.41281126],
        [ 0.93044443,  0.94500302,  0.94166819, ...,  0.22801307,
          0.        , -0.19425892],
        [ 0.84153685,  0.86346636,  0.85835325, ...,  0.41281126,
          0.19425892,  0.        ]]]), 'num': array([8.07229120e+07, 1.00816000e+06, 2.09500000e+03, 3.80500000e+04,
       3.83500000e+04, 3.71000000e+04, 5.60342000e+05, 7.50000000e+02,
       3.60400000e+04, 3.37300000e+04, 3.41575000e+04, 7.16494845e+01,
       3.70545150e+04, 3.04054850e+04])}
{'img': array([[[ 0.        ,  0.48368435,  0.26591598, ...,  0.53206407,
          0.6654252 ,  0.98415596],
        [-0.48368435,  0.        , -0.2335289 , ...,  0.05614758,
          0.22135521,  0.7756155 ],
        [-0.26591598,  0.2335289 ,  0.        , ...,  0.28775559,
