state_0,state_1,state_2,state_3,state_4,state_5,state_6,state_7,state_8,state_9,state_10,state_11,state_12,state_13,state_14,state_15,state_16,state_17,state_18,state_19,state_20,state_21,state_22,state_23,state_24,state_25,state_26,state_27,state_28,state_29,state_30,state_31,state_32,state_33,state_34,state_35,state_36,state_37,state_38,state_39,state_40,state_41,state_42,state_43,state_44,state_45,state_46,state_47,state_48,state_49,state_50,state_51,state_52,state_53,state_54,state_55,state_56,state_57,state_58,state_59,state_60,state_61,state_62,state_63,state_64,state_65,state_66,state_67,state_68,state_69,state_70,state_71,state_72,state_73,state_74,state_75,state_76,state_77
{'img': array([[[ 0.        , -0.14853879, -0.13425302, ...,  0.93159242,
          0.95929508,  0.91349344],
        [ 0.14853879,  0.        ,  0.01443038, ...,  0.9752524 ,
          0.99060141,  0.9637932 ],
        [ 0.13425302, -0.01443038,  0.        , ...,  0.97196038,
          0.98852447,  0.95984497],
        ...,
        [-0.93159242, -0.9752524 , -0.97196038, ...,  0.        ,
          0.08562117, -0.04696256],
        [-0.95929508, -0.99060141, -0.98852447, ..., -0.08562117,
          0.        , -0.13231681],
        [-0.91349344, -0.9637932 , -0.95984497, ...,  0.04696256,
          0.13231681,  0.        ]],

       [[ 0.        , -0.55982065, -0.4036303 , ..., -0.01820211,
         -0.09490775, -0.08493418],
        [ 0.55982065,  0.        ,  0.17773869, ...,  0.54464538,
          0.47865179,  0.48742014],
        [ 0.4036303 , -0.17773869,  0.        , ...,  0.38690991,
          0.31497513,  0.32446364],
        ...,
        [ 0.01820211, -0.54464538, -0.38690991, ...,  0.        ,
         -0.07677208, -0.06678376],
        [ 0.09490775, -0.47865179, -0.31497513, ...,  0.07677208,
          0.        ,  0.01001402],
        [ 0.08493418, -0.48742014, -0.32446364, ...,  0.06678376,
         -0.01001402,  0.        ]],

       [[ 0.        ,  0.08051149,  0.10403645, ...,  0.96412311,
          0.93087341,  0.97013386],
        [-0.08051149,  0.        ,  0.02362412, ...,  0.98236547,
          0.95726572,  0.98651418],
        [-0.10403645, -0.02362412,  0.        , ...,  0.98650833,
          0.96383089,  0.99010555],
        ...,
        [-0.96412311, -0.98236547, -0.98650833, ...,  0.        ,
          0.10512905, -0.02365988],
        [-0.93087341, -0.95726572, -0.96383089, ..., -0.10512905,
          0.        , -0.12862839],
        [-0.97013386, -0.98651418, -0.99010555, ...,  0.02365988,
          0.12862839,  0.        ]],

       ...,

       [[ 0.        , -0.17483867, -0.07617058, ...,  0.71973497,
          0.75119302,  0.77519896],
        [ 0.17483867,  0.        ,  0.0993334 , ...,  0.83003052,
          0.85503043,  0.87370723],
        [ 0.07617058, -0.0993334 ,  0.        , ...,  0.77052534,
          0.79928953,  0.82106511],
        ...,
        [-0.71973497, -0.83003052, -0.77052534, ...,  0.        ,
          0.04643041,  0.08351211],
        [-0.75119302, -0.85503043, -0.79928953, ..., -0.04643041,
          0.        ,  0.03715383],
        [-0.77519896, -0.87370723, -0.82106511, ..., -0.08351211,
         -0.03715383,  0.        ]],

       [[ 0.        , -0.14141448, -0.24861537, ...,  0.51993405,
          0.47796134,  0.45151655],
        [ 0.14141448,  0.        , -0.10914251, ...,  0.63550611,
          0.59737383,  0.57315789],
        [ 0.24861537,  0.10914251,  0.        , ...,  0.71597815,
          0.68133343,  0.65917019],
        ...,
        [-0.51993405, -0.63550611, -0.71597815, ...,  0.        ,
         -0.04842248, -0.07822945],
        [-0.47796134, -0.59737383, -0.68133343, ...,  0.04842248,
          0.        , -0.0298636 ],
        [-0.45151655, -0.57315789, -0.65917019, ...,  0.07822945,
          0.0298636 ,  0.        ]],

       [[ 0.        , -0.00522431, -0.02616298, ...,  0.83870157,
          0.84890647,  0.85347894],
        [ 0.00522431,  0.        , -0.02094011, ...,  0.84153524,
          0.85165615,  0.85618982],
        [ 0.02616298,  0.02094011,  0.        , ...,  0.85266261,
          0.86244414,  0.86682103],
        ...,
        [-0.83870157, -0.84153524, -0.85266261, ...,  0.        ,
          0.01901714,  0.02772688],
        [-0.84890647, -0.85165615, -0.86244414, ..., -0.01901714,
          0.        ,  0.00871203],
        [-0.85347894, -0.85618982, -0.86682103, ..., -0.02772688,
         -0.00871203,  0.        ]]]), 'num': array([5.40635270e+07, 1.91895270e+07, 4.70000000e+02, 7.42000000e+04,
       7.49000000e+04, 7.27000000e+04, 3.21417000e+06, 1.90000000e+03,
       7.31000000e+04, 7.01500000e+04, 6.98033333e+04, 7.00000000e+01,
       7.62663715e+04, 6.40336285e+04])}
{'img': array([[[ 0.00000000e+00,  1.44303827e-02, -6.98370904e-01, ...,
          9.90601411e-01,  9.63793196e-01,  9.99488615e-01],
        [-1.44303827e-02,  0.00000000e+00, -7.08626533e-01, ...,
          9.88524475e-01,  9.59844969e-01,  9.98923109e-01],
        [ 6.98370904e-01,  7.08626533e-01,  0.00000000e+00, ...,
          8.04532498e-01,  8.76042721e-01,  7.37701609e-01],
        ...,
        [-9.90601411e-01, -9.88524475e-01, -8.04532498e-01, ...,
          0.00000000e+00, -1.32316807e-01,  1.05034182e-01],
        [-9.63793196e-01, -9.59844969e-01, -8.76042721e-01, ...,
          1.32316807e-01,  0.00000000e+00,  2.35695579e-01],
        [-9.99488615e-01, -9.98923109e-01, -7.37701609e-01, ...,
         -1.05034182e-01, -2.35695579e-01,  0.00000000e+00]],

       [[ 0.00000000e+00,  1.77738692e-01,  6.27616838e-01, ...,
          4.78651787e-01,  4.87420145e-01,  5.99769845e-01],
        [-1.77738692e-01,  0.00000000e+00,  4.79250196e-01, ...,
          3.14975130e-01,  3.24463643e-01,  4.47998516e-01],
        [-6.27616838e-01, -4.79250196e-01,  0.00000000e+00, ...,
         -1.78409479e-01, -1.68547174e-01, -3.52675249e-02],
        ...,
        [-4.78651787e-01, -3.14975130e-01,  1.78409479e-01, ...,
          0.00000000e+00,  1.00140203e-02,  1.43596787e-01],
        [-4.87420145e-01, -3.24463643e-01,  1.68547174e-01, ...,
         -1.00140203e-02,  0.00000000e+00,  1.33679349e-01],
        [-5.99769845e-01, -4.47998516e-01,  3.52675249e-02, ...,
         -1.43596787e-01, -1.33679349e-01,  0.00000000e+00]],

       [[ 0.00000000e+00,  2.36241204e-02, -8.95836925e-02, ...,
          9.57265720e-01,  9.86514182e-01,  9.94716286e-01],
        [-2.36241204e-02,  0.00000000e+00, -1.13087826e-01, ...,
          9.63830887e-01,  9.90105554e-01,  9.96863975e-01],
        [ 8.95836925e-02,  1.13087826e-01,  0.00000000e+00, ...,
          9.27508353e-01,  9.67885020e-01,  9.81519977e-01],
        ...,
        [-9.57265720e-01, -9.63830887e-01, -9.27508353e-01, ...,
          0.00000000e+00, -1.28628390e-01, -1.89406830e-01],
        [-9.86514182e-01, -9.90105554e-01, -9.67885020e-01, ...,
          1.28628390e-01,  0.00000000e+00, -6.15333535e-02],
        [-9.94716286e-01, -9.96863975e-01, -9.81519977e-01, ...,
          1.89406830e-01,  6.15333535e-02,  0.00000000e+00]],

       ...,

       [[ 0.00000000e+00,  9.93333970e-02, -4.56049095e-02, ...,
          8.55030429e-01,  8.73707230e-01,  9.28732445e-01],
        [-9.93333970e-02,  0.00000000e+00, -1.44609403e-01, ...,
          7.99289528e-01,  8.21065113e-01,  8.87311206e-01],
        [ 4.56049095e-02,  1.44609403e-01,  0.00000000e+00, ...,
          8.77790511e-01,  8.94982791e-01,  9.44674200e-01],
        ...,
        [-8.55030429e-01, -7.99289528e-01, -8.77790511e-01, ...,
          0.00000000e+00,  3.71538260e-02,  1.64616968e-01],
        [-8.73707230e-01, -8.21065113e-01, -8.94982791e-01, ...,
         -3.71538260e-02,  0.00000000e+00,  1.27856352e-01],
        [-9.28732445e-01, -8.87311206e-01, -9.44674200e-01, ...,
         -1.64616968e-01, -1.27856352e-01,  0.00000000e+00]],

       [[ 0.00000000e+00, -1.09142514e-01, -2.48848823e-01, ...,
          5.97373828e-01,  5.73157891e-01,  6.29369653e-01],
        [ 1.09142514e-01,  0.00000000e+00, -1.41653082e-01, ...,
          6.81333432e-01,  6.59170192e-01,  7.10425179e-01],
        [ 2.48848823e-01,  1.41653082e-01,  0.00000000e+00, ...,
          7.78149371e-01,  7.59045596e-01,  8.02953087e-01],
        ...,
        [-5.97373828e-01, -6.81333432e-01, -7.78149371e-01, ...,
          0.00000000e+00, -2.98635984e-02,  4.05082935e-02],
        [-5.73157891e-01, -6.59170192e-01, -7.59045596e-01, ...,
          2.98635984e-02,  0.00000000e+00,  7.03293126e-02],
        [-6.29369653e-01, -7.10425179e-01, -8.02953087e-01, ...,
         -4.05082935e-02, -7.03293126e-02,  0.00000000e+00]],

       [[ 0.00000000e+00, -2.09401063e-02, -8.77058545e-02, ...,
          8.51656155e-01,  8.56189817e-01,  8.51316252e-01],
        [ 2.09401063e-02,  0.00000000e+00, -6.68272115e-02, ...,
          8.62444143e-01,  8.66821027e-01,  8.62115872e-01],
        [ 8.77058545e-02,  6.68272115e-02,  0.00000000e+00, ...,
          8.94340947e-01,  8.98204647e-01,  8.94050762e-01],
        ...,
        [-8.51656155e-01, -8.62444143e-01, -8.94340947e-01, ...,
          0.00000000e+00,  8.71202984e-03, -6.48204176e-04],
        [-8.56189817e-01, -8.66821027e-01, -8.98204647e-01, ...,
         -8.71202984e-03,  0.00000000e+00, -9.36020759e-03],
        [-8.51316252e-01, -8.62115872e-01, -8.94050762e-01, ...,
          6.48204176e-04,  9.36020759e-03,  0.00000000e+00]]]), 'num': array([9.64000000e+07, 9.64000000e+07, 0.00000000e+00, 7.66000000e+04,
       7.71000000e+04, 7.55000000e+04, 3.57907000e+06, 2.40000000e+03,
       7.38400000e+04, 7.04750000e+04, 7.00716667e+04, 7.19211823e+01,
       7.72060846e+04, 6.37439154e+04])}
{'img': array([[[ 0.        , -0.70862653, -0.42296542, ...,  0.95984497,
          0.99892311,  0.92961354],
        [ 0.70862653,  0.        ,  0.34368144, ...,  0.87604272,
          0.73770161,  0.39476593],
        [ 0.42296542, -0.34368144,  0.        , ...,  0.98841442,
          0.92479406,  0.6864875 ],
        ...,
        [-0.95984497, -0.87604272, -0.98841442, ...,  0.        ,
          0.23569558,  0.61452269],
        [-0.99892311, -0.73770161, -0.92479406, ..., -0.23569558,
          0.        ,  0.41126966],
        [-0.92961354, -0.39476593, -0.6864875 , ..., -0.61452269,
         -0.41126966,  0.        ]],

       [[ 0.        ,  0.4792502 ,  0.49164397, ...,  0.32446364,
          0.44799852,  0.53667251],
        [-0.4792502 ,  0.        ,  0.01417596, ..., -0.16854717,
         -0.03526752,  0.06663901],
        [-0.49164397, -0.01417596,  0.        , ..., -0.18250339,
         -0.04943112,  0.05248787],
        ...,
        [-0.32446364,  0.16854717,  0.18250339, ...,  0.        ,
          0.13367935,  0.23385816],
        [-0.44799852,  0.03526752,  0.04943112, ..., -0.13367935,
          0.        ,  0.10178668],
        [-0.53667251, -0.06663901, -0.05248787, ..., -0.23385816,
         -0.10178668,  0.        ]],

       [[ 0.        , -0.11308783, -0.20134017, ...,  0.99010555,
          0.99686397,  0.97948812],
        [ 0.11308783,  0.        , -0.08927663, ...,  0.96788502,
          0.98151998,  0.95041729],
        [ 0.20134017,  0.08927663,  0.        , ...,  0.94157658,
          0.96051669,  0.91885913],
        ...,
        [-0.99010555, -0.96788502, -0.94157658, ...,  0.        ,
         -0.06153335,  0.0620619 ],
        [-0.99686397, -0.98151998, -0.96051669, ...,  0.06153335,
          0.        ,  0.12335903],
        [-0.97948812, -0.95041729, -0.91885913, ..., -0.0620619 ,
         -0.12335903,  0.        ]],

       ...,

       [[ 0.        , -0.1446094 , -0.24674142, ...,  0.82106511,
          0.88731121,  0.91793324],
        [ 0.1446094 ,  0.        , -0.1040096 , ...,  0.89498279,
          0.9446742 ,  0.96565627],
        [ 0.24674142,  0.1040096 ,  0.        , ...,  0.93652742,
          0.97366677,  0.98744292],
        ...,
        [-0.82106511, -0.89498279, -0.93652742, ...,  0.        ,
          0.12785635,  0.19824284],
        [-0.88731121, -0.9446742 , -0.97366677, ..., -0.12785635,
          0.        ,  0.07129703],
        [-0.91793324, -0.96565627, -0.98744292, ..., -0.19824284,
         -0.07129703,  0.        ]],

       [[ 0.        , -0.14165308, -0.27641261, ...,  0.65917019,
          0.71042518,  0.80143753],
        [ 0.14165308,  0.        , -0.13749122, ...,  0.7590456 ,
          0.80295309,  0.87807578],
        [ 0.27641261,  0.13749122,  0.        , ...,  0.84134887,
          0.877278  ,  0.93552921],
        ...,
        [-0.65917019, -0.7590456 , -0.84134887, ...,  0.        ,
          0.07032931,  0.20844052],
        [-0.71042518, -0.80295309, -0.877278  , ..., -0.07032931,
          0.        ,  0.13913986],
        [-0.80143753, -0.87807578, -0.93552921, ..., -0.20844052,
         -0.13913986,  0.        ]],

       [[ 0.        , -0.06682721, -0.11199657, ...,  0.86682103,
          0.86211587,  0.84423838],
        [ 0.06682721,  0.        , -0.04533944, ...,  0.89820465,
          0.89405076,  0.87816838],
        [ 0.11199657,  0.04533944,  0.        , ...,  0.91721117,
          0.91344187,  0.8989535 ],
        ...,
        [-0.86682103, -0.89820465, -0.91721117, ...,  0.        ,
         -0.00936021, -0.04363458],
        [-0.86211587, -0.89405076, -0.91344187, ...,  0.00936021,
          0.        , -0.03428138],
        [-0.84423838, -0.87816838, -0.8989535 , ...,  0.04363458,
          0.03428138,  0.        ]]]), 'num': array([ 9.64000000e+07,  9.64000000e+07,  0.00000000e+00,  7.64000000e+04,
        7.80000000e+04,  7.61000000e+04,  2.71944000e+06, -2.00000000e+02,
        7.45800000e+04,  7.08100000e+04,  7.03350000e+04,  7.44897959e+01,
        7.80044145e+04,  6.36155855e+04])}
{'img': array([[[ 0.        ,  0.34368144,  0.43902027, ...,  0.73770161,
          0.39476593,  0.43902027],
        [-0.34368144,  0.        ,  0.103488  , ...,  0.92479406,
          0.6864875 ,  0.72106784],
        [-0.43902027, -0.103488  ,  0.        , ...,  0.95920244,
          0.75805197,  0.78889937],
        ...,
        [-0.73770161, -0.92479406, -0.95920244, ...,  0.        ,
          0.41126966,  0.36641365],
        [-0.39476593, -0.6864875 , -0.75805197, ..., -0.41126966,
          0.        , -0.04867563],
        [-0.43902027, -0.72106784, -0.78889937, ..., -0.36641365,
          0.04867563,  0.        ]],

       [[ 0.        ,  0.01417596, -0.34103694, ..., -0.03526752,
          0.06663901, -0.1863986 ],
        [-0.01417596,  0.        , -0.35432878, ..., -0.04943112,
          0.05248787, -0.20030739],
        [ 0.34103694,  0.35432878,  0.        , ...,  0.30767155,
          0.40292286,  0.15983601],
        ...,
        [ 0.03526752,  0.04943112, -0.30767155, ...,  0.        ,
          0.10178668, -0.15163321],
        [-0.06663901, -0.05248787, -0.40292286, ..., -0.10178668,
          0.        , -0.25145538],
        [ 0.1863986 ,  0.20030739, -0.15983601, ...,  0.15163321,
          0.25145538,  0.        ]],

       [[ 0.        , -0.08927663, -0.28547258, ...,  0.98151998,
          0.95041729,  0.89569909],
        [ 0.08927663,  0.        , -0.1987711 , ...,  0.96051669,
          0.91885913,  0.85242464],
        [ 0.28547258,  0.1987711 ,  0.        , ...,  0.88604792,
          0.82209192,  0.73148782],
        ...,
        [-0.98151998, -0.96051669, -0.88604792, ...,  0.        ,
          0.12335903,  0.26504265],
        [-0.95041729, -0.91885913, -0.82209192, ..., -0.12335903,
          0.        ,  0.14407098],
        [-0.89569909, -0.85242464, -0.73148782, ..., -0.26504265,
         -0.14407098,  0.        ]],

       ...,

       [[ 0.        , -0.1040096 , -0.00142692, ...,  0.9446742 ,
          0.96565627,  0.98731322],
        [ 0.1040096 ,  0.        ,  0.10259031, ...,  0.97366677,
          0.98744292,  0.99847346],
        [ 0.00142692, -0.10259031,  0.        , ...,  0.94514128,
          0.96602604,  0.98753879],
        ...,
        [-0.9446742 , -0.97366677, -0.94514128, ...,  0.        ,
          0.07129703,  0.17384887],
        [-0.96565627, -0.98744292, -0.96602604, ..., -0.07129703,
          0.        ,  0.10319511],
        [-0.98731322, -0.99847346, -0.98753879, ..., -0.17384887,
         -0.10319511,  0.        ]],

       [[ 0.        , -0.13749122, -0.29094733, ...,  0.80295309,
          0.87807578,  0.93246802],
        [ 0.13749122,  0.        , -0.15664097, ...,  0.877278  ,
          0.93552921,  0.97328141],
        [ 0.29094733,  0.15664097,  0.        , ...,  0.94163349,
          0.97931399,  0.99723405],
        ...,
        [-0.80295309, -0.877278  , -0.94163349, ...,  0.        ,
          0.13913986,  0.26572149],
        [-0.87807578, -0.93552921, -0.97931399, ..., -0.13913986,
          0.        ,  0.12899899],
        [-0.93246802, -0.97328141, -0.99723405, ..., -0.26572149,
         -0.12899899,  0.        ]],

       [[ 0.        , -0.04533944, -0.05473791, ...,  0.89405076,
          0.87816838,  0.87080199],
        [ 0.04533944,  0.        , -0.00941016, ...,  0.91344187,
          0.8989535 ,  0.8921969 ],
        [ 0.05473791,  0.00941016,  0.        , ...,  0.91723107,
          0.90303576,  0.89640746],
        ...,
        [-0.89405076, -0.91344187, -0.91723107, ...,  0.        ,
         -0.03428138, -0.04945627],
        [-0.87816838, -0.8989535 , -0.90303576, ...,  0.03428138,
          0.        , -0.01518777],
        [-0.87080199, -0.8921969 , -0.89640746, ...,  0.04945627,
          0.01518777,  0.        ]]]), 'num': array([9.64000000e+07, 9.64000000e+07, 0.00000000e+00, 7.99000000e+04,
       7.99000000e+04, 7.65000000e+04, 4.67414200e+06, 3.50000000e+03,
       7.58800000e+04, 7.14000000e+04, 7.07050000e+04, 7.78761062e+01,
       7.94885104e+04, 6.33114896e+04])}
{'img': array([[[ 0.        ,  0.2696337 ,  0.39965263, ...,  0.71954632,
          0.73696957,  0.        ],
        [-0.2696337 ,  0.        ,  0.13768645, ...,  0.88014209,
          0.89192681,  0.2696337 ],
        [-0.39965263, -0.13768645,  0.        , ...,  0.93712068,
          0.94569101,  0.39965263],
        ...,
        [-0.71954632, -0.88014209, -0.93712068, ...,  0.        ,
         -0.02542441,  0.71954632],
        [-0.73696957, -0.89192681, -0.94569101, ...,  0.02542441,
          0.        ,  0.73696957],
        [-0.        , -0.2696337 , -0.39965263, ..., -0.71954632,
         -0.73696957,  0.        ]],

       [[ 0.        , -0.35432878, -0.09403796, ...,  0.05248787,
         -0.20030739,  0.32400241],
        [ 0.35432878,  0.        ,  0.26482175, ...,  0.40292286,
          0.15983601,  0.63819639],
        [ 0.09403796, -0.26482175,  0.        , ...,  0.14616361,
         -0.10728764,  0.41153183],
        ...,
        [-0.05248787, -0.40292286, -0.14616361, ...,  0.        ,
         -0.25145538,  0.27389932],
        [ 0.20030739, -0.15983601,  0.10728764, ...,  0.25145538,
          0.        ,  0.50693794],
        [-0.32400241, -0.63819639, -0.41153183, ..., -0.27389932,
         -0.50693794,  0.        ]],

       [[ 0.        , -0.1987711 , -0.43296975, ...,  0.91885913,
          0.85242464,  0.53670966],
        [ 0.1987711 ,  0.        , -0.2451563 , ...,  0.82209192,
          0.73148782,  0.35828364],
        [ 0.43296975,  0.2451563 ,  0.        , ...,  0.65742369,
          0.5420045 ,  0.11846904],
        ...,
        [-0.91885913, -0.82209192, -0.65742369, ...,  0.        ,
          0.14407098,  0.56352502],
        [-0.85242464, -0.73148782, -0.5420045 , ..., -0.14407098,
          0.        ,  0.43862907],
        [-0.53670966, -0.35828364, -0.11846904, ..., -0.56352502,
         -0.43862907,  0.        ]],

       ...,

       [[ 0.        ,  0.10259031,  0.42748623, ...,  0.98744292,
          0.99847346,  0.99468954],
        [-0.10259031,  0.        ,  0.3324868 , ...,  0.96602604,
          0.98753879,  0.99999994],
        [-0.42748623, -0.3324868 ,  0.        , ...,  0.82513732,
          0.87903027,  0.94321838],
        ...,
        [-0.98744292, -0.96602604, -0.82513732, ...,  0.        ,
          0.10319511,  0.25876587],
        [-0.99847346, -0.98753879, -0.87903027, ..., -0.10319511,
          0.        ,  0.15770406],
        [-0.99468954, -0.99999994, -0.94321838, ..., -0.25876587,
         -0.15770406,  0.        ]],

       [[ 0.        , -0.15664097, -0.26517234, ...,  0.93552921,
          0.97328141,  0.99807758],
        [ 0.15664097,  0.        , -0.11086556, ...,  0.97931399,
          0.99723405,  0.97604879],
        [ 0.26517234,  0.11086556,  0.        , ...,  0.99571018,
          0.99932663,  0.94591286],
        ...,
        [-0.93552921, -0.97931399, -0.99571018, ...,  0.        ,
          0.12899899,  0.41055151],
        [-0.97328141, -0.99723405, -0.99932663, ..., -0.12899899,
          0.        ,  0.28949514],
        [-0.99807758, -0.97604879, -0.94591286, ..., -0.41055151,
         -0.28949514,  0.        ]],

       [[ 0.        , -0.00941016, -0.04224487, ...,  0.8989535 ,
          0.8921969 ,  0.87535439],
        [ 0.00941016,  0.        , -0.03284124, ...,  0.90303576,
          0.89640746,  0.87986527],
        [ 0.04224487,  0.03284124,  0.        , ...,  0.9166561 ,
          0.91048017,  0.89499758],
        ...,
        [-0.8989535 , -0.90303576, -0.9166561 , ...,  0.        ,
         -0.01518777, -0.05118388],
        [-0.8921969 , -0.89640746, -0.91048017, ...,  0.01518777,
          0.        , -0.03601012],
        [-0.87535439, -0.87986527, -0.89499758, ...,  0.05118388,
          0.03601012,  0.        ]]]), 'num': array([ 9.60659920e+07,  7.87395920e+07,  2.21000000e+02,  7.84000000e+04,
        8.14000000e+04,  7.78000000e+04,  5.43623600e+06, -1.50000000e+03,
        7.71000000e+04,  7.19150000e+04,  7.10400000e+04,  7.21030043e+01,
        8.03994033e+04,  6.34305967e+04])}
{'img': array([[[ 0.        ,  0.30350392,  0.84311337, ...,  0.74253134,
          0.        ,  0.51282936],
        [-0.30350392,  0.        ,  0.64013893, ...,  0.91079664,
          0.30350392,  0.74919455],
        [-0.84311337, -0.64013893,  0.        , ...,  0.9640126 ,
          0.84311337,  0.9995716 ],
        ...,
        [-0.74253134, -0.91079664, -0.9640126 , ...,  0.        ,
          0.74253134,  0.29395724],
        [-0.        , -0.30350392, -0.84311337, ..., -0.74253134,
          0.        , -0.51282936],
        [-0.51282936, -0.74919455, -0.9995716 , ..., -0.29395724,
          0.51282936,  0.        ]],

       [[ 0.        ,  0.26482175,  0.68388435, ...,  0.15983601,
          0.63819639,  0.76604752],
        [-0.26482175,  0.        ,  0.46625648, ..., -0.10728764,
          0.41153183,  0.56847446],
        [-0.68388435, -0.46625648,  0.        , ..., -0.55847722,
         -0.06088254,  0.11931106],
        ...,
        [-0.15983601,  0.10728764,  0.55847722, ...,  0.        ,
          0.50693794,  0.65345888],
        [-0.63819639, -0.41153183,  0.06088254, ..., -0.50693794,
          0.        ,  0.17953738],
        [-0.76604752, -0.56847446, -0.11931106, ..., -0.65345888,
         -0.17953738,  0.        ]],

       [[ 0.        , -0.23733211,  0.12521388, ...,  0.84264067,
          0.69138189,  0.23733211],
        [ 0.23733211,  0.        ,  0.35710059, ...,  0.69076752,
          0.50015817,  0.        ],
        [-0.12521388, -0.35710059,  0.        , ...,  0.9034336 ,
          0.77640627,  0.35710059],
        ...,
        [-0.84264067, -0.69076752, -0.9034336 , ...,  0.        ,
          0.2365063 ,  0.69076752],
        [-0.69138189, -0.50015817, -0.77640627, ..., -0.2365063 ,
          0.        ,  0.50015817],
        [-0.23733211, -0.        , -0.35710059, ..., -0.69076752,
         -0.50015817,  0.        ]],

       ...,

       [[ 0.        ,  0.3324868 ,  0.67284054, ...,  0.98753879,
          0.99999994,  0.96780807],
        [-0.3324868 ,  0.        ,  0.38859164, ...,  0.87903027,
          0.94321838,  0.82906406],
        [-0.67284054, -0.38859164,  0.        , ...,  0.62468008,
          0.74001117,  0.54662555],
        ...,
        [-0.98753879, -0.87903027, -0.62468008, ...,  0.        ,
          0.15770406, -0.09624344],
        [-0.99999994, -0.94321838, -0.74001117, ..., -0.15770406,
          0.        , -0.25201106],
        [-0.96780807, -0.82906406, -0.54662555, ...,  0.09624344,
          0.25201106,  0.        ]],

       [[ 0.        , -0.11086556, -0.25218645, ...,  0.99723405,
          0.97604879,  0.8754514 ],
        [ 0.11086556,  0.        , -0.14334959, ...,  0.99932663,
          0.94591286,  0.8164726 ],
        [ 0.25218645,  0.14334959,  0.        , ...,  0.98374595,
          0.88963799,  0.72527237],
        ...,
        [-0.99723405, -0.99932663, -0.98374595, ...,  0.        ,
          0.28949514,  0.54703757],
        [-0.97604879, -0.94591286, -0.88963799, ..., -0.28949514,
          0.        ,  0.28127443],
        [-0.8754514 , -0.8164726 , -0.72527237, ..., -0.54703757,
         -0.28127443,  0.        ]],

       [[ 0.        , -0.03284124,  0.05011829, ...,  0.89640746,
          0.87986527,  0.88648461],
        [ 0.03284124,  0.        ,  0.08289122, ...,  0.91048017,
          0.89499758,  0.90120398],
        [-0.05011829, -0.08289122,  0.        , ...,  0.87306696,
          0.85494217,  0.86217792],
        ...,
        [-0.89640746, -0.91048017, -0.87306696, ...,  0.        ,
         -0.03601012, -0.02190238],
        [-0.87986527, -0.89499758, -0.85494217, ...,  0.03601012,
          0.        ,  0.01411331],
        [-0.88648461, -0.90120398, -0.86217792, ...,  0.02190238,
         -0.01411331,  0.        ]]]), 'num': array([9.67515390e+07, 5.11153900e+06, 1.16000000e+03, 7.90000000e+04,
       7.93000000e+04, 7.79000000e+04, 2.19172000e+06, 6.00000000e+02,
       7.80600000e+04, 7.25300000e+04, 7.13783333e+04, 7.37288136e+01,
       8.11944330e+04, 6.38655670e+04])}
{'img': array([[[ 0.        ,  0.81823827,  0.91180296, ...,  0.        ,
          0.51850852,  0.40786224],
        [-0.81823827,  0.        ,  0.18818502, ...,  0.81823827,
          0.99773279,  0.98155865],
        [-0.91180296, -0.18818502,  0.        , ...,  0.91180296,
          0.99257172,  0.99999541],
        ...,
        [-0.        , -0.81823827, -0.91180296, ...,  0.        ,
         -0.51850852, -0.40786224],
        [-0.51850852, -0.99773279, -0.99257172, ...,  0.51850852,
          0.        ,  0.12466905],
        [-0.40786224, -0.98155865, -0.99999541, ...,  0.40786224,
         -0.12466905,  0.        ]],

       [[ 0.        ,  0.46625648,  0.67752948, ...,  0.41153183,
          0.56847446, -0.29694648],
        [-0.46625648,  0.        ,  0.25644658, ..., -0.06088254,
          0.11931106, -0.70791915],
        [-0.67752948, -0.25644658,  0.        , ..., -0.31481738,
         -0.13929365, -0.86537176],
        ...,
        [-0.41153183,  0.06088254,  0.31481738, ...,  0.        ,
          0.17953738, -0.66360498],
        [-0.56847446, -0.11931106,  0.13929365, ..., -0.17953738,
          0.        , -0.78713106],
        [ 0.29694648,  0.70791915,  0.86537176, ...,  0.66360498,
          0.78713106,  0.        ]],

       [[ 0.        ,  0.34833659,  0.62738946, ...,  0.6350846 ,
          0.43632068,  0.        ],
        [-0.34833659,  0.        ,  0.31684408, ...,  0.86437897,
          0.72242392,  0.34833659],
        [-0.62738946, -0.31684408,  0.        , ...,  0.97916629,
          0.90428491,  0.62738946],
        ...,
        [-0.6350846 , -0.86437897, -0.97916629, ...,  0.        ,
          0.23441087,  0.6350846 ],
        [-0.43632068, -0.72242392, -0.90428491, ..., -0.23441087,
          0.        ,  0.43632068],
        [-0.        , -0.34833659, -0.62738946, ..., -0.6350846 ,
         -0.43632068,  0.        ]],

       ...,

       [[ 0.        ,  0.38859164,  0.58772882, ...,  0.94321838,
          0.82906406,  0.86344179],
        [-0.38859164,  0.        ,  0.22714609, ...,  0.74001117,
          0.54662555,  0.59955951],
        [-0.58772882, -0.22714609,  0.        , ...,  0.56789056,
          0.34213019,  0.40209557],
        ...,
        [-0.94321838, -0.74001117, -0.56789056, ...,  0.        ,
         -0.25201106, -0.18899278],
        [-0.82906406, -0.54662555, -0.34213019, ...,  0.25201106,
          0.        ,  0.06457652],
        [-0.86344179, -0.59955951, -0.40209557, ...,  0.18899278,
         -0.06457652,  0.        ]],

       [[ 0.        , -0.14097725, -0.15182259, ...,  0.97012984,
          0.89537977,  0.61158744],
        [ 0.14097725,  0.        , -0.01096331, ...,  0.92624185,
          0.82365982,  0.49394148],
        [ 0.15182259,  0.01096331,  0.        , ...,  0.92205379,
          0.8173932 ,  0.48437925],
        ...,
        [-0.97012984, -0.92624185, -0.92205379, ...,  0.        ,
          0.21479524,  0.61918156],
        [-0.89537977, -0.82365982, -0.8173932 , ..., -0.21479524,
          0.        ,  0.4360618 ],
        [-0.61158744, -0.49394148, -0.48437925, ..., -0.61918156,
         -0.4360618 ,  0.        ]],

       [[ 0.        ,  0.08289122,  0.08855456, ...,  0.89499758,
          0.90120398,  0.92231482],
        [-0.08289122,  0.        ,  0.00568424, ...,  0.85494217,
          0.86217792,  0.88710833],
        [-0.08855456, -0.00568424,  0.        , ...,  0.85197981,
          0.85928432,  0.88447038],
        ...,
        [-0.89499758, -0.85494217, -0.85197981, ...,  0.        ,
          0.01411331,  0.0655556 ],
        [-0.90120398, -0.86217792, -0.85928432, ..., -0.01411331,
          0.        ,  0.05146612],
        [-0.92231482, -0.88710833, -0.88447038, ..., -0.0655556 ,
         -0.05146612,  0.        ]]]), 'num': array([ 9.54277530e+07,  1.71405700e+06,  1.20300000e+03,  7.79000000e+04,
        7.92000000e+04,  7.76000000e+04,  2.66349300e+06, -1.10000000e+03,
        7.83200000e+04,  7.30950000e+04,  7.16900000e+04,  7.02040816e+01,
        8.16114488e+04,  6.45785512e+04])}
{'img': array([[[ 0.00000000e+00,  2.82738867e-01,  2.54197262e-01, ...,
          9.23891845e-01,  8.63748933e-01,  9.55897723e-01],
        [-2.82738867e-01,  0.00000000e+00, -2.96263405e-02, ...,
          9.94385288e-01,  9.70983764e-01,  9.99934487e-01],
        [-2.54197262e-01,  2.96263405e-02,  0.00000000e+00, ...,
          9.90813734e-01,  9.63472541e-01,  9.99156443e-01],
        ...,
        [-9.23891845e-01, -9.94385288e-01, -9.90813734e-01, ...,
          0.00000000e+00,  1.35053062e-01, -9.44310027e-02],
        [-8.63748933e-01, -9.70983764e-01, -9.63472541e-01, ...,
         -1.35053062e-01,  0.00000000e+00, -2.28015425e-01],
        [-9.55897723e-01, -9.99934487e-01, -9.99156443e-01, ...,
          9.44310027e-02,  2.28015425e-01,  0.00000000e+00]],

       [[ 0.00000000e+00,  2.56446580e-01, -5.12044645e-01, ...,
          1.19311064e-01, -7.07919155e-01, -5.73831101e-01],
        [-2.56446580e-01,  0.00000000e+00, -7.15198112e-01, ...,
         -1.39293650e-01, -8.65371756e-01, -7.64664271e-01],
        [ 5.12044645e-01,  7.15198112e-01,  0.00000000e+00, ...,
          6.10870364e-01, -2.46419622e-01, -7.35462141e-02],
        ...,
        [-1.19311064e-01,  1.39293650e-01, -6.10870364e-01, ...,
          0.00000000e+00, -7.87131060e-01, -6.67444802e-01],
        [ 7.07919155e-01,  8.65371756e-01,  2.46419622e-01, ...,
          7.87131060e-01,  0.00000000e+00,  1.74473985e-01],
        [ 5.73831101e-01,  7.64664271e-01,  7.35462141e-02, ...,
          6.67444802e-01, -1.74473985e-01,  0.00000000e+00]],

       [[ 0.00000000e+00,  5.44948200e-01,  7.20030311e-01, ...,
          4.92432407e-01,  2.33445785e-01,  0.00000000e+00],
        [-5.44948200e-01,  0.00000000e+00,  2.25560830e-01, ...,
          8.87185701e-01,  7.25628403e-01,  5.44948200e-01],
        [-7.20030311e-01, -2.25560830e-01,  0.00000000e+00, ...,
          9.68398710e-01,  8.62133721e-01,  7.20030311e-01],
        ...,
        [-4.92432407e-01, -8.87185701e-01, -9.68398710e-01, ...,
          0.00000000e+00,  2.75646710e-01,  4.92432407e-01],
        [-2.33445785e-01, -7.25628403e-01, -8.62133721e-01, ...,
         -2.75646710e-01,  0.00000000e+00,  2.33445785e-01],
        [-0.00000000e+00, -5.44948200e-01, -7.20030311e-01, ...,
         -4.92432407e-01, -2.33445785e-01,  0.00000000e+00]],

       ...,

       [[ 0.00000000e+00,  2.27146092e-01,  2.92173683e-01, ...,
          5.46625550e-01,  5.99559515e-01,  4.85879788e-01],
        [-2.27146092e-01,  0.00000000e+00,  6.73018303e-02, ...,
          3.42130188e-01,  4.02095574e-01,  2.74647718e-01],
        [-2.92173683e-01, -6.73018303e-02,  0.00000000e+00, ...,
          2.78114126e-01,  3.39562486e-01,  2.09311265e-01],
        ...,
        [-5.46625550e-01, -3.42130188e-01, -2.78114126e-01, ...,
          0.00000000e+00,  6.45765217e-02, -7.09001129e-02],
        [-5.99559515e-01, -4.02095574e-01, -3.39562486e-01, ...,
         -6.45765217e-02,  0.00000000e+00, -1.35166137e-01],
        [-4.85879788e-01, -2.74647718e-01, -2.09311265e-01, ...,
          7.09001129e-02,  1.35166137e-01,  0.00000000e+00]],

       [[ 0.00000000e+00, -1.08127653e-02, -8.04570557e-04, ...,
          8.73386802e-01,  7.38642075e-01,  4.88018903e-01],
        [ 1.08127653e-02,  0.00000000e+00,  1.00082382e-02, ...,
          8.68069633e-01,  7.31310033e-01,  4.78552635e-01],
        [ 8.04570557e-04, -1.00082382e-02,  0.00000000e+00, ...,
          8.72994672e-01,  7.38099477e-01,  4.87316490e-01],
        ...,
        [-8.73386802e-01, -8.68069633e-01, -8.72994672e-01, ...,
          0.00000000e+00,  2.29009366e-01,  5.24642395e-01],
        [-7.38642075e-01, -7.31310033e-01, -7.38099477e-01, ...,
         -2.29009366e-01,  0.00000000e+00,  3.15738739e-01],
        [-4.88018903e-01, -4.78552635e-01, -4.87316490e-01, ...,
         -5.24642395e-01, -3.15738739e-01,  0.00000000e+00]],

       [[ 0.00000000e+00,  5.68423767e-03,  8.08137336e-04, ...,
          8.62177918e-01,  8.87108333e-01,  9.22900013e-01],
        [-5.68423767e-03,  0.00000000e+00, -4.87611153e-03, ...,
          8.59284322e-01,  8.84470378e-01,  9.20696446e-01],
        [-8.08137336e-04,  4.87611153e-03,  0.00000000e+00, ...,
          8.61768229e-01,  8.86735039e-01,  9.22588547e-01],
        ...,
        [-8.62177918e-01, -8.59284322e-01, -8.61768229e-01, ...,
          0.00000000e+00,  5.14661193e-02,  1.35573597e-01],
        [-8.87108333e-01, -8.84470378e-01, -8.86735039e-01, ...,
         -5.14661193e-02,  0.00000000e+00,  8.44029804e-02],
        [-9.22900013e-01, -9.20696446e-01, -9.22588547e-01, ...,
         -1.35573597e-01, -8.44029804e-02,  0.00000000e+00]]]), 'num': array([ 9.53072350e+07,  1.55823500e+06,  1.20500000e+03,  7.78000000e+04,
        7.87000000e+04,  7.74000000e+04,  2.32286000e+06, -1.00000000e+02,
        7.86000000e+04,  7.36000000e+04,  7.19266667e+04,  6.65158371e+01,
        8.19735297e+04,  6.52264703e+04])}
{'img': array([[[ 0.        , -0.02962634, -0.76800034, ...,  0.97098376,
          0.99993449,  0.99998107],
        [ 0.02962634,  0.        , -0.74868904, ...,  0.96347254,
          0.99915644,  0.99972442],
        [ 0.76800034,  0.74868904,  0.        , ...,  0.43820225,
          0.6316166 ,  0.64516302],
        ...,
        [-0.97098376, -0.96347254, -0.43820225, ...,  0.        ,
         -0.22801543, -0.24511561],
        [-0.99993449, -0.99915644, -0.6316166 , ...,  0.22801543,
          0.        , -0.0175991 ],
        [-0.99998107, -0.99972442, -0.64516302, ...,  0.24511561,
          0.0175991 ,  0.        ]],

       [[ 0.        , -0.71519811, -0.62873693, ..., -0.86537176,
         -0.76466427, -0.83772391],
        [ 0.71519811,  0.        ,  0.11671304, ..., -0.24641962,
         -0.07354621, -0.1949381 ],
        [ 0.62873693, -0.11671304,  0.        , ..., -0.3578495 ,
         -0.18944054, -0.3080798 ],
        ...,
        [ 0.86537176,  0.24641962,  0.3578495 , ...,  0.        ,
          0.17447398,  0.05276535],
        [ 0.76466427,  0.07354621,  0.18944054, ..., -0.17447398,
          0.        , -0.1222749 ],
        [ 0.83772391,  0.1949381 ,  0.3080798 , ..., -0.05276535,
          0.1222749 ,  0.        ]],

       [[ 0.        ,  0.53432563,  0.64054805, ...,  0.34509828,
          0.25038782,  0.        ],
        [-0.53432563,  0.        ,  0.13112333, ...,  0.7932044 ,
          0.72895251,  0.53432563],
        [-0.64054805, -0.13112333,  0.        , ...,  0.86620419,
          0.81242113,  0.64054805],
        ...,
        [-0.34509828, -0.7932044 , -0.86620419, ...,  0.        ,
          0.09909976,  0.34509828],
        [-0.25038782, -0.72895251, -0.81242113, ..., -0.09909976,
          0.        ,  0.25038782],
        [-0.        , -0.53432563, -0.64054805, ..., -0.34509828,
         -0.25038782,  0.        ]],

       ...,

       [[ 0.        ,  0.06730183, -0.07094936, ...,  0.40209557,
          0.27464772,  0.14990981],
        [-0.06730183,  0.        , -0.13792072, ...,  0.33956249,
          0.20931127,  0.08302862],
        [ 0.07094936,  0.13792072,  0.        , ...,  0.46604333,
          0.34217658,  0.21967964],
        ...,
        [-0.40209557, -0.33956249, -0.46604333, ...,  0.        ,
         -0.13516614, -0.26029468],
        [-0.27464772, -0.20931127, -0.34217658, ...,  0.13516614,
          0.        , -0.12739909],
        [-0.14990981, -0.08302862, -0.21967964, ...,  0.26029468,
          0.12739909,  0.        ]],

       [[ 0.        ,  0.00989181, -0.21136913, ...,  0.80120214,
          0.70986619,  0.4736595 ],
        [-0.00989181,  0.        , -0.2210271 , ...,  0.80708214,
          0.71679862,  0.48234812],
        [ 0.21136913,  0.2210271 ,  0.        , ...,  0.65661805,
          0.54495268,  0.27680329],
        ...,
        [-0.80120214, -0.80708214, -0.65661805, ...,  0.        ,
          0.13953644,  0.42219027],
        [-0.70986619, -0.71679862, -0.54495268, ..., -0.13953644,
          0.        ,  0.29156916],
        [-0.4736595 , -0.48234812, -0.27680329, ..., -0.42219027,
         -0.29156916,  0.        ]],

       [[ 0.        , -0.00487611,  0.06564794, ...,  0.88447038,
          0.92069645,  0.94810206],
        [ 0.00487611,  0.        ,  0.07051275, ...,  0.88673504,
          0.92258855,  0.94964123],
        [-0.06564794, -0.07051275,  0.        , ...,  0.85193135,
          0.89308932,  0.92518304],
        ...,
        [-0.88447038, -0.88673504, -0.85193135, ...,  0.        ,
          0.08440298,  0.16114931],
        [-0.92069645, -0.92258855, -0.89308932, ..., -0.08440298,
          0.        ,  0.07727445],
        [-0.94810206, -0.94964123, -0.92518304, ..., -0.16114931,
         -0.07727445,  0.        ]]]), 'num': array([9.62846480e+07, 2.35448000e+05, 1.22200000e+03, 7.86000000e+04,
       7.88000000e+04, 7.62000000e+04, 2.68959100e+06, 8.00000000e+02,
       7.83400000e+04, 7.41900000e+04, 7.21483333e+04, 5.77142857e+01,
       8.22196700e+04, 6.61603300e+04])}
{'img': array([[[ 0.        , -0.74868904, -0.179457  , ...,  0.99915644,
          0.99972442,  0.9843034 ],
        [ 0.74868904,  0.        ,  0.61756881, ...,  0.6316166 ,
          0.64516302,  0.52038365],
        [ 0.179457  , -0.61756881,  0.        , ...,  0.9755664 ,
          0.97928192,  0.93665264],
        ...,
        [-0.99915644, -0.6316166 , -0.9755664 , ...,  0.        ,
         -0.0175991 ,  0.13591449],
        [-0.99972442, -0.64516302, -0.97928192, ...,  0.0175991 ,
          0.        ,  0.15332923],
        [-0.9843034 , -0.52038365, -0.93665264, ..., -0.13591449,
         -0.15332923,  0.        ]],

       [[ 0.        ,  0.11671304, -0.1609444 , ..., -0.07354621,
         -0.1949381 , -0.06483405],
        [-0.11671304,  0.        , -0.27503597, ..., -0.18944054,
         -0.3080798 , -0.18085843],
        [ 0.1609444 ,  0.27503597,  0.        , ...,  0.08792111,
         -0.03454001,  0.09661695],
        ...,
        [ 0.07354621,  0.18944054, -0.08792111, ...,  0.        ,
         -0.1222749 ,  0.00873301],
