state_0,state_1,state_2,state_3,state_4,state_5,state_6,state_7,state_8,state_9,state_10,state_11,state_12,state_13,state_14,state_15,state_16,state_17,state_18,state_19,state_20,state_21,state_22,state_23,state_24,state_25,state_26,state_27,state_28,state_29,state_30,state_31,state_32,state_33,state_34,state_35,state_36,state_37,state_38,state_39,state_40,state_41,state_42,state_43,state_44,state_45,state_46,state_47,state_48,state_49,state_50,state_51,state_52,state_53,state_54,state_55,state_56,state_57,state_58,state_59,state_60,state_61,state_62,state_63,state_64,state_65,state_66,state_67,state_68,state_69,state_70,state_71,state_72,state_73,state_74,state_75,state_76,state_77
{'img': array([[[ 0.        , -0.1304688 , -0.02197276, ..., -0.95464925,
         -0.96780194, -0.87087648],
        [ 0.1304688 ,  0.        ,  0.10865236, ..., -0.90764446,
         -0.92668888, -0.79930692],
        [ 0.02197276, -0.10865236,  0.        , ..., -0.94787675,
         -0.96203745, -0.85986657],
        ...,
        [ 0.95464925,  0.90764446,  0.94787675, ...,  0.        ,
         -0.0478488 ,  0.20992348],
        [ 0.96780194,  0.92668888,  0.96203745, ...,  0.0478488 ,
          0.        ,  0.25646566],
        [ 0.87087648,  0.79930692,  0.85986657, ..., -0.20992348,
         -0.25646566,  0.        ]],

       [[ 0.        ,  0.07504441, -0.00607431, ..., -0.19476395,
         -0.10835971, -0.04221588],
        [-0.07504441,  0.        , -0.08110022, ..., -0.26782207,
         -0.18265669, -0.11707435],
        [ 0.00607431,  0.08110022,  0.        , ..., -0.18880236,
         -0.10231916, -0.0361462 ],
        ...,
        [ 0.19476395,  0.26782207,  0.18880236, ...,  0.        ,
          0.08733249,  0.15318286],
        [ 0.10835971,  0.18265669,  0.10231916, ..., -0.08733249,
          0.        ,  0.06629581],
        [ 0.04221588,  0.11707435,  0.0361462 , ..., -0.15318286,
         -0.06629581,  0.        ]],

       [[ 0.        ,  0.0025794 ,  0.07531552, ..., -0.98120192,
         -0.9874926 , -0.97986841],
        [-0.0025794 ,  0.        ,  0.0727432 , ..., -0.98169644,
         -0.987896  , -0.98038011],
        [-0.07531552, -0.0727432 ,  0.        , ..., -0.99294975,
         -0.99656253, -0.99212167],
        ...,
        [ 0.98120192,  0.98169644,  0.99294975, ...,  0.        ,
         -0.03586863,  0.00679268],
        [ 0.9874926 ,  0.987896  ,  0.99656253, ...,  0.03586863,
          0.        ,  0.04265611],
        [ 0.97986841,  0.98038011,  0.99212167, ..., -0.00679268,
         -0.04265611,  0.        ]],

       ...,

       [[ 0.        ,  0.03618959,  0.22510166, ..., -0.38949553,
         -0.16993024,  0.05539662],
        [-0.03618959,  0.        ,  0.18969341, ..., -0.42257203,
         -0.20548218,  0.01922631],
        [-0.22510166, -0.18969341,  0.        , ..., -0.58682425,
         -0.38739683, -0.17078111],
        ...,
        [ 0.38949553,  0.42257203,  0.58682425, ...,  0.        ,
          0.22732018,  0.43991929],
        [ 0.16993024,  0.20548218,  0.38739683, ..., -0.22732018,
          0.        ,  0.22426024],
        [-0.05539662, -0.01922631,  0.17078111, ..., -0.43991929,
         -0.22426024,  0.        ]],

       [[ 0.        , -0.09160809, -0.18629437, ..., -0.94917752,
         -0.86880645, -0.64165329],
        [ 0.09160809,  0.        , -0.09550662, ..., -0.97401921,
         -0.91051316, -0.70921816],
        [ 0.18629437,  0.09550662,  0.        , ..., -0.99119571,
         -0.9458411 , -0.7733073 ],
        ...,
        [ 0.94917752,  0.97401921,  0.99119571, ...,  0.        ,
         -0.19653782, -0.52605952],
        [ 0.86880645,  0.91051316,  0.9458411 , ...,  0.19653782,
          0.        , -0.34865424],
        [ 0.64165329,  0.70921816,  0.7733073 , ...,  0.52605952,
          0.34865424,  0.        ]],

       [[ 0.        ,  0.20377638,  0.48172817, ..., -0.9590169 ,
         -0.96222786, -0.97897004],
        [-0.20377638,  0.        ,  0.29304683, ..., -0.88115448,
         -0.88656069, -0.91685755],
        [-0.48172817, -0.29304683,  0.        , ..., -0.70390922,
         -0.71207191, -0.7596172 ],
        ...,
        [ 0.9590169 ,  0.88115448,  0.70390922, ...,  0.        ,
          0.01155825,  0.08174671],
        [ 0.96222786,  0.88656069,  0.71207191, ..., -0.01155825,
          0.        ,  0.07022168],
        [ 0.97897004,  0.91685755,  0.7596172 , ..., -0.08174671,
         -0.07022168,  0.        ]]]), 'num': array([2.74232900e+06, 9.22259000e+05, 4.86000000e+02, 3.74500000e+03,
       3.77500000e+03, 3.72000000e+03, 4.76980000e+04, 1.00000000e+01,
       3.70500000e+03, 3.74100000e+03, 4.00300000e+03, 3.64583333e+01,
       3.89418616e+03, 3.58781384e+03])}
{'img': array([[[ 0.        ,  0.10865236,  0.19609597, ..., -0.92668888,
         -0.79930692, -0.77918777],
        [-0.10865236,  0.        ,  0.0883922 , ..., -0.96203745,
         -0.85986657, -0.8426771 ],
        [-0.19609597, -0.0883922 ,  0.        , ..., -0.98239557,
         -0.90162672, -0.88697071],
        ...,
        [ 0.92668888,  0.96203745,  0.98239557, ...,  0.        ,
          0.25646566,  0.28799821],
        [ 0.79930692,  0.85986657,  0.90162672, ..., -0.25646566,
          0.        ,  0.03276618],
        [ 0.77918777,  0.8426771 ,  0.88697071, ..., -0.28799821,
         -0.03276618,  0.        ]],

       [[ 0.        , -0.08110022,  0.03939703, ..., -0.18265669,
         -0.11707435, -0.15631917],
        [ 0.08110022,  0.        ,  0.1203045 , ..., -0.10231916,
         -0.0361462 , -0.07570103],
        [-0.03939703, -0.1203045 ,  0.        , ..., -0.22124912,
         -0.15610956, -0.19511051],
        ...,
        [ 0.18265669,  0.10231916,  0.22124912, ...,  0.        ,
          0.06629581,  0.02672184],
        [ 0.11707435,  0.0361462 ,  0.15610956, ..., -0.06629581,
          0.        , -0.03960908],
        [ 0.15631917,  0.07570103,  0.19511051, ..., -0.02672184,
          0.03960908,  0.        ]],

       [[ 0.        ,  0.0727432 ,  0.0963432 , ..., -0.987896  ,
         -0.98038011, -0.95998614],
        [-0.0727432 ,  0.        ,  0.02368315, ..., -0.99656253,
         -0.99212167, -0.9778144 ],
        [-0.0963432 , -0.02368315,  0.        , ..., -0.99824501,
         -0.99481037, -0.98250112],
        ...,
        [ 0.987896  ,  0.99656253,  0.99824501, ...,  0.        ,
          0.04265611,  0.12774702],
        [ 0.98038011,  0.99212167,  0.99481037, ..., -0.04265611,
          0.        ,  0.08532412],
        [ 0.95998614,  0.9778144 ,  0.98250112, ..., -0.12774702,
         -0.08532412,  0.        ]],

       ...,

       [[ 0.        ,  0.18969341,  0.04024158, ..., -0.20548218,
          0.01922631, -0.28315978],
        [-0.18969341,  0.        , -0.15002882, ..., -0.38739683,
         -0.17078111, -0.45994833],
        [-0.04024158,  0.15002882,  0.        , ..., -0.2446986 ,
         -0.0210234 , -0.32152502],
        ...,
        [ 0.20548218,  0.38739683,  0.2446986 , ...,  0.        ,
          0.22426024, -0.08004504],
        [-0.01922631,  0.17078111,  0.0210234 , ..., -0.22426024,
          0.        , -0.30154688],
        [ 0.28315978,  0.45994833,  0.32152502, ...,  0.08004504,
          0.30154688,  0.        ]],

       [[ 0.        , -0.0948973 , -0.10004001, ..., -0.93032875,
         -0.83653796, -0.70607417],
        [ 0.0948973 ,  0.        , -0.00516729, ..., -0.96093161,
         -0.8847578 , -0.77008808],
        [ 0.10004001,  0.00516729,  0.        , ..., -0.96234901,
         -0.88715421, -0.77337421],
        ...,
        [ 0.93032875,  0.96093161,  0.96234901, ...,  0.        ,
         -0.20295473, -0.39986484],
        [ 0.83653796,  0.8847578 ,  0.88715421, ...,  0.20295473,
          0.        , -0.20551985],
        [ 0.70607417,  0.77008808,  0.77337421, ...,  0.39986484,
          0.20551985,  0.        ]],

       [[ 0.        ,  0.29304683,  0.38068843, ..., -0.88656069,
         -0.91685755, -0.91611439],
        [-0.29304683,  0.        ,  0.09299409, ..., -0.71207191,
         -0.7596172 , -0.75840776],
        [-0.38068843, -0.09299409,  0.        , ..., -0.64369451,
         -0.69584492, -0.6945096 ],
        ...,
        [ 0.88656069,  0.71207191,  0.64369451, ...,  0.        ,
          0.07022168,  0.06836854],
        [ 0.91685755,  0.7596172 ,  0.69584492, ..., -0.07022168,
          0.        , -0.0018576 ],
        [ 0.91611439,  0.75840776,  0.6945096 , ..., -0.06836854,
          0.0018576 ,  0.        ]]]), 'num': array([ 3.24515870e+07,  2.36680370e+07,  2.35800000e+03,  3.72500000e+03,
        3.76500000e+03,  3.69500000e+03,  5.10660000e+04, -2.00000000e+01,
        3.71100000e+03,  3.74025000e+03,  3.99650000e+03,  3.64583333e+01,
        3.89359520e+03,  3.58690480e+03])}
{'img': array([[[ 0.        ,  0.0883922 ,  0.1331027 , ..., -0.85986657,
         -0.8426771 , -0.87676667],
        [-0.0883922 ,  0.        ,  0.04497599, ..., -0.90162672,
         -0.88697071, -0.91584401],
        [-0.1331027 , -0.04497599,  0.        , ..., -0.92016712,
         -0.90684423, -0.93297664],
        ...,
        [ 0.85986657,  0.90162672,  0.92016712, ...,  0.        ,
          0.03276618, -0.03408231],
        [ 0.8426771 ,  0.88697071,  0.90684423, ..., -0.03276618,
          0.        , -0.06681116],
        [ 0.87676667,  0.91584401,  0.93297664, ...,  0.03408231,
          0.06681116,  0.        ]],

       [[ 0.        ,  0.1203045 ,  0.0830618 , ..., -0.0361462 ,
         -0.07570103, -0.06482993],
        [-0.1203045 ,  0.        , -0.03743025, ..., -0.15610956,
         -0.19511051, -0.18441049],
        [-0.0830618 ,  0.03743025,  0.        , ..., -0.11902882,
         -0.1582629 , -0.14749297],
        ...,
        [ 0.0361462 ,  0.15610956,  0.11902882, ...,  0.        ,
         -0.03960908, -0.0287174 ],
        [ 0.07570103,  0.19511051,  0.1582629 , ...,  0.03960908,
          0.        ,  0.01089787],
        [ 0.06482993,  0.18441049,  0.14749297, ...,  0.0287174 ,
         -0.01089787,  0.        ]],

       [[ 0.        ,  0.02368315,  0.05017547, ..., -0.99212167,
         -0.9778144 , -0.97049827],
        [-0.02368315,  0.        ,  0.02650808, ..., -0.99481037,
         -0.98250112, -0.97593625],
        [-0.05017547, -0.02650808,  0.        , ..., -0.99715789,
         -0.98709318, -0.98137356],
        ...,
        [ 0.99212167,  0.99481037,  0.99715789, ...,  0.        ,
          0.08532412,  0.11762641],
        [ 0.9778144 ,  0.98250112,  0.98709318, ..., -0.08532412,
          0.        ,  0.03246566],
        [ 0.97049827,  0.97593625,  0.98137356, ..., -0.11762641,
         -0.03246566,  0.        ]],

       ...,

       [[ 0.        , -0.15002882, -0.42382218, ..., -0.17078111,
         -0.45994833, -0.45994833],
        [ 0.15002882,  0.        , -0.28313729, ..., -0.0210234 ,
         -0.32152502, -0.32152502],
        [ 0.42382218,  0.28313729,  0.        , ...,  0.2629116 ,
         -0.04026502, -0.04026502],
        ...,
        [ 0.17078111,  0.0210234 , -0.2629116 , ...,  0.        ,
         -0.30154688, -0.30154688],
        [ 0.45994833,  0.32152502,  0.04026502, ...,  0.30154688,
          0.        ,  0.        ],
        [ 0.45994833,  0.32152502,  0.04026502, ...,  0.30154688,
          0.        ,  0.        ]],

       [[ 0.        , -0.00516439, -0.00516439, ..., -0.88856109,
         -0.80705215, -0.76981272],
        [ 0.00516439,  0.        ,  0.        , ..., -0.89091845,
         -0.81009086, -0.77309874],
        [ 0.00516439,  0.        ,  0.        , ..., -0.89091845,
         -0.81009086, -0.77309874],
        ...,
        [ 0.88856109,  0.89091845,  0.89091845, ...,  0.        ,
         -0.1544358 , -0.21398374],
        [ 0.80705215,  0.81009086,  0.81009086, ...,  0.1544358 ,
          0.        , -0.0605579 ],
        [ 0.76981272,  0.77309874,  0.77309874, ...,  0.21398374,
          0.0605579 ,  0.        ]],

       [[ 0.        ,  0.09299409,  0.09299409, ..., -0.7596172 ,
         -0.75840776, -0.74984586],
        [-0.09299409,  0.        ,  0.        , ..., -0.69584492,
         -0.6945096 , -0.68507047],
        [-0.09299409,  0.        ,  0.        , ..., -0.69584492,
         -0.6945096 , -0.68507047],
        ...,
        [ 0.7596172 ,  0.69584492,  0.69584492, ...,  0.        ,
         -0.0018576 , -0.01489469],
        [ 0.75840776,  0.6945096 ,  0.6945096 , ...,  0.0018576 ,
          0.        , -0.01303728],
        [ 0.74984586,  0.68507047,  0.68507047, ...,  0.01489469,
          0.01303728,  0.        ]]]), 'num': array([3.28866290e+07, 1.07516290e+07, 5.82500000e+03, 3.80000000e+03,
       3.80000000e+03, 3.70500000e+03, 7.29040000e+04, 7.50000000e+01,
       3.73500000e+03, 3.73850000e+03, 3.99041667e+03, 5.10204082e+01,
       3.88823644e+03, 3.58876356e+03])}
{'img': array([[[ 0.00000000e+00,  4.49759899e-02,  3.36816748e-02, ...,
         -8.86970715e-01, -9.15844009e-01, -8.00231257e-01],
        [-4.49759899e-02,  0.00000000e+00, -1.13028798e-02, ...,
         -9.06844228e-01, -9.32976638e-01, -8.26393198e-01],
        [-3.36816748e-02,  1.13028798e-02,  0.00000000e+00, ...,
         -9.02022520e-01, -9.28848716e-01, -8.19975830e-01],
        ...,
        [ 8.86970715e-01,  9.06844228e-01,  9.02022520e-01, ...,
          0.00000000e+00, -6.68111573e-02,  1.62341490e-01],
        [ 9.15844009e-01,  9.32976638e-01,  9.28848716e-01, ...,
          6.68111573e-02,  0.00000000e+00,  2.27903643e-01],
        [ 8.00231257e-01,  8.26393198e-01,  8.19975830e-01, ...,
         -1.62341490e-01, -2.27903643e-01,  0.00000000e+00]],

       [[ 0.00000000e+00, -3.74302487e-02, -1.39030369e-04, ...,
         -1.95110512e-01, -1.84410494e-01, -1.29688840e-01],
        [ 3.74302487e-02,  0.00000000e+00,  3.72913154e-02, ...,
         -1.58262900e-01, -1.47492973e-01, -9.24838193e-02],
        [ 1.39030369e-04, -3.72913154e-02,  0.00000000e+00, ...,
         -1.94974152e-01, -1.84273847e-01, -1.29550983e-01],
        ...,
        [ 1.95110512e-01,  1.58262900e-01,  1.94974152e-01, ...,
          0.00000000e+00,  1.08978745e-02,  6.62663684e-02],
        [ 1.84410494e-01,  1.47492973e-01,  1.84273847e-01, ...,
         -1.08978745e-02,  0.00000000e+00,  5.53885127e-02],
        [ 1.29688840e-01,  9.24838193e-02,  1.29550983e-01, ...,
         -6.62663684e-02, -5.53885127e-02,  0.00000000e+00]],

       [[ 0.00000000e+00,  2.65080775e-02,  5.05434729e-02, ...,
         -9.82501123e-01, -9.75936254e-01, -9.44658605e-01],
        [-2.65080775e-02,  0.00000000e+00,  2.40515154e-02, ...,
         -9.87093178e-01, -9.81373555e-01, -9.53022760e-01],
        [-5.05434729e-02, -2.40515154e-02,  0.00000000e+00, ...,
         -9.90659410e-01, -9.85710182e-01, -9.60032243e-01],
        ...,
        [ 9.82501123e-01,  9.87093178e-01,  9.90659410e-01, ...,
          0.00000000e+00,  3.24656587e-02,  1.46365507e-01],
        [ 9.75936254e-01,  9.81373555e-01,  9.85710182e-01, ...,
         -3.24656587e-02,  0.00000000e+00,  1.14172328e-01],
        [ 9.44658605e-01,  9.53022760e-01,  9.60032243e-01, ...,
         -1.46365507e-01, -1.14172328e-01,  0.00000000e+00]],

       ...,

       [[ 0.00000000e+00, -2.83137287e-01, -2.02075718e-01, ...,
         -3.21525022e-01, -3.21525022e-01,  2.51757800e-01],
        [ 2.83137287e-01,  0.00000000e+00,  8.34894798e-02, ...,
         -4.02650185e-02, -4.02650185e-02,  5.15473229e-01],
        [ 2.02075718e-01, -8.34894798e-02,  0.00000000e+00, ...,
         -1.23546212e-01, -1.23546212e-01,  4.42130926e-01],
        ...,
        [ 3.21525022e-01,  4.02650185e-02,  1.23546212e-01, ...,
          0.00000000e+00,  0.00000000e+00,  5.49558522e-01],
        [ 3.21525022e-01,  4.02650185e-02,  1.23546212e-01, ...,
          0.00000000e+00,  0.00000000e+00,  5.49558522e-01],
        [-2.51757800e-01, -5.15473229e-01, -4.42130926e-01, ...,
         -5.49558522e-01, -5.49558522e-01,  0.00000000e+00]],

       [[ 0.00000000e+00,  0.00000000e+00, -7.49837767e-03, ...,
         -8.77938103e-01, -8.73204540e-01, -7.70612692e-01],
        [ 0.00000000e+00,  0.00000000e+00, -7.49837767e-03, ...,
         -8.77938103e-01, -8.73204540e-01, -7.70612692e-01],
        [ 7.49837767e-03,  7.49837767e-03,  0.00000000e+00, ...,
         -8.81503451e-01, -8.76834355e-01, -7.75369772e-01],
        ...,
        [ 8.77938103e-01,  8.77938103e-01,  8.81503451e-01, ...,
          0.00000000e+00, -9.79880300e-03, -1.90563815e-01],
        [ 8.73204540e-01,  8.73204540e-01,  8.76834355e-01, ...,
          9.79880300e-03,  0.00000000e+00, -1.80935428e-01],
        [ 7.70612692e-01,  7.70612692e-01,  7.75369772e-01, ...,
          1.90563815e-01,  1.80935428e-01,  0.00000000e+00]],

       [[ 0.00000000e+00,  0.00000000e+00, -1.04336148e-02, ...,
         -6.94509604e-01, -6.85070472e-01, -7.03851702e-01],
        [ 0.00000000e+00,  0.00000000e+00, -1.04336148e-02, ...,
         -6.94509604e-01, -6.85070472e-01, -7.03851702e-01],
        [ 1.04336148e-02,  1.04336148e-02,  0.00000000e+00, ...,
         -7.01978613e-01, -6.92633829e-01, -7.11224876e-01],
        ...,
        [ 6.94509604e-01,  6.94509604e-01,  7.01978613e-01, ...,
          0.00000000e+00, -1.30372779e-02,  1.30668639e-02],
        [ 6.85070472e-01,  6.85070472e-01,  6.92633829e-01, ...,
          1.30372779e-02,  0.00000000e+00,  2.61019183e-02],
        [ 7.03851702e-01,  7.03851702e-01,  7.11224876e-01, ...,
         -1.30668639e-02, -2.61019183e-02,  0.00000000e+00]]]), 'num': array([3.30031000e+07, 3.10494400e+06, 7.83700000e+03, 3.81500000e+03,
       3.91000000e+03, 3.80500000e+03, 1.08368000e+05, 1.50000000e+01,
       3.76400000e+03, 3.73550000e+03, 3.98391667e+03, 5.63829787e+01,
       3.87631548e+03, 3.59468452e+03])}
{'img': array([[[ 0.        , -0.01130288, -0.08933711, ..., -0.93297664,
         -0.8263932 , -0.80276374],
        [ 0.01130288,  0.        , -0.07807372, ..., -0.92884872,
         -0.81997583, -0.79597258],
        [ 0.08933711,  0.07807372,  0.        , ..., -0.89709036,
         -0.77278368, -0.74628237],
        ...,
        [ 0.93297664,  0.92884872,  0.89709036, ...,  0.        ,
          0.22790364,  0.26738706],
        [ 0.8263932 ,  0.81997583,  0.77278368, ..., -0.22790364,
          0.        ,  0.04074493],
        [ 0.80276374,  0.79597258,  0.74628237, ..., -0.26738706,
         -0.04074493,  0.        ]],

       [[ 0.        ,  0.03729132, -0.06538185, ..., -0.14749297,
         -0.09248382, -0.02779083],
        [-0.03729132,  0.        , -0.10254789, ..., -0.18427385,
         -0.12955098, -0.06504841],
        [ 0.06538185,  0.10254789,  0.        , ..., -0.08251061,
         -0.0271843 ,  0.03762522],
        ...,
        [ 0.14749297,  0.18427385,  0.08251061, ...,  0.        ,
          0.05538851,  0.11994912],
        [ 0.09248382,  0.12955098,  0.0271843 , ..., -0.05538851,
          0.        ,  0.06477637],
        [ 0.02779083,  0.06504841, -0.03762522, ..., -0.11994912,
         -0.06477637,  0.        ]],

       [[ 0.        ,  0.02405152,  0.06184183, ..., -0.98137356,
         -0.95302276, -0.91097096],
        [-0.02405152,  0.        ,  0.03781846, ..., -0.98571018,
         -0.96003224, -0.92062797],
        [-0.06184183, -0.03781846,  0.        , ..., -0.99137555,
         -0.96993045, -0.93473525],
        ...,
        [ 0.98137356,  0.98571018,  0.99137555, ...,  0.        ,
          0.11417233,  0.22978174],
        [ 0.95302276,  0.96003224,  0.96993045, ..., -0.11417233,
          0.        ,  0.11716187],
        [ 0.91097096,  0.92062797,  0.93473525, ..., -0.22978174,
         -0.11716187,  0.        ]],

       ...,

       [[ 0.        ,  0.08348948, -0.04172096, ..., -0.04026502,
          0.51547323,  0.69129726],
        [-0.08348948,  0.        , -0.12499208, ..., -0.12354621,
          0.44213093,  0.62855668],
        [ 0.04172096,  0.12499208,  0.        , ...,  0.00145716,
          0.55077533,  0.72084168],
        ...,
        [ 0.04026502,  0.12354621, -0.00145716, ...,  0.        ,
          0.54955852,  0.71983096],
        [-0.51547323, -0.44213093, -0.55077533, ..., -0.54955852,
          0.        ,  0.21991082],
        [-0.69129726, -0.62855668, -0.72084168, ..., -0.71983096,
         -0.21991082,  0.        ]],

       [[ 0.        , -0.00741555, -0.04880846, ..., -0.93058743,
         -0.90889745, -0.76515829],
        [ 0.00741555,  0.        , -0.04140041, ..., -0.93327645,
         -0.91196489, -0.76991169],
        [ 0.04880846,  0.04140041,  0.        , ..., -0.94734561,
         -0.92816827, -0.79567129],
        ...,
        [ 0.93058743,  0.93327645,  0.94734561, ...,  0.        ,
         -0.05535346, -0.31905019],
        [ 0.90889745,  0.91196489,  0.92816827, ...,  0.05535346,
          0.        , -0.26610046],
        [ 0.76515829,  0.76991169,  0.79567129, ...,  0.31905019,
          0.26610046,  0.        ]],

       [[ 0.        , -0.01043361, -0.03107569, ..., -0.68507047,
         -0.7038517 , -0.75314407],
        [ 0.01043361,  0.        , -0.02064542, ..., -0.69263383,
         -0.71122488, -0.75996689],
        [ 0.03107569,  0.02064542,  0.        , ..., -0.70737753,
         -0.72558629, -0.77322364],
        ...,
        [ 0.68507047,  0.69263383,  0.70737753, ...,  0.        ,
          0.02610192,  0.09797052],
        [ 0.7038517 ,  0.71122488,  0.72558629, ..., -0.02610192,
          0.        ,  0.07196079],
        [ 0.75314407,  0.75996689,  0.77322364, ..., -0.09797052,
         -0.07196079,  0.        ]]]), 'num': array([3.31614930e+07, 2.78062300e+06, 7.92200000e+03, 3.83500000e+03,
       3.85000000e+03, 3.79000000e+03, 7.16030000e+04, 2.00000000e+01,
       3.78400000e+03, 3.73800000e+03, 3.97741667e+03, 7.50000000e+01,
       3.88392464e+03, 3.59207536e+03])}
{'img': array([[[ 0.        , -0.07807372, -0.02249191, ..., -0.81997583,
         -0.79597258, -0.76308645],
        [ 0.07807372,  0.        ,  0.05563071, ..., -0.77278368,
         -0.74628237, -0.71029844],
        [ 0.02249191, -0.05563071,  0.        , ..., -0.80689407,
         -0.78215613, -0.74835697],
        ...,
        [ 0.81997583,  0.77278368,  0.80689407, ...,  0.        ,
          0.04074493,  0.09315817],
        [ 0.79597258,  0.74628237,  0.78215613, ..., -0.04074493,
          0.        ,  0.05251307],
        [ 0.76308645,  0.71029844,  0.74835697, ..., -0.09315817,
         -0.05251307,  0.        ]],

       [[ 0.        , -0.10254789, -0.06096866, ..., -0.12955098,
         -0.06504841, -0.13234706],
        [ 0.10254789,  0.        ,  0.04170988, ..., -0.0271843 ,
          0.03762522, -0.03000352],
        [ 0.06096866, -0.04170988,  0.        , ..., -0.06885511,
         -0.00408787, -0.07166851],
        ...,
        [ 0.12955098,  0.0271843 ,  0.06885511, ...,  0.        ,
          0.06477637, -0.00282036],
        [ 0.06504841, -0.03762522,  0.00408787, ..., -0.06477637,
          0.        , -0.06759056],
        [ 0.13234706,  0.03000352,  0.07166851, ...,  0.00282036,
          0.06759056,  0.        ]],

       [[ 0.        ,  0.03781846,  0.06239912, ..., -0.96003224,
         -0.92062797, -0.88983683],
        [-0.03781846,  0.        ,  0.02460972, ..., -0.96993045,
         -0.93473525, -0.90645603],
        [-0.06239912, -0.02460972,  0.        , ..., -0.97562626,
         -0.94319709, -0.91657418],
        ...,
        [ 0.96003224,  0.96993045,  0.97562626, ...,  0.        ,
          0.11716187,  0.18898652],
        [ 0.92062797,  0.93473525,  0.94319709, ..., -0.11716187,
          0.        ,  0.07263436],
        [ 0.88983683,  0.90645603,  0.91657418, ..., -0.18898652,
         -0.07263436,  0.        ]],

       ...,

       [[ 0.        , -0.11872248,  0.16252116, ...,  0.41565009,
          0.58946239,  0.95335211],
        [ 0.11872248,  0.        ,  0.2785158 , ...,  0.52069142,
          0.68119693,  0.91077187],
        [-0.16252116, -0.2785158 ,  0.        , ...,  0.26230705,
          0.45034161,  0.98973606],
        ...,
        [-0.41565009, -0.52069142, -0.26230705, ...,  0.        ,
          0.20037014,  0.99256554],
        [-0.58946239, -0.68119693, -0.45034161, ..., -0.20037014,
          0.        ,  0.94804926],
        [-0.95335211, -0.91077187, -0.98973606, ..., -0.99256554,
         -0.94804926,  0.        ]],

       [[ 0.        , -0.04140041, -0.04691496, ..., -0.91196489,
         -0.76991169, -0.88831209],
        [ 0.04140041,  0.        , -0.00551992, ..., -0.92816827,
         -0.79567129, -0.90656322],
        [ 0.04691496,  0.00551992,  0.        , ..., -0.93020843,
         -0.79900274, -0.9088792 ],
        ...,
        [ 0.91196489,  0.92816827,  0.93020843, ...,  0.        ,
         -0.26610046, -0.05436475],
        [ 0.76991169,  0.79567129,  0.79900274, ...,  0.26610046,
          0.        ,  0.21330229],
        [ 0.88831209,  0.90656322,  0.9088792 , ...,  0.05436475,
         -0.21330229,  0.        ]],

       [[ 0.        , -0.02064542, -0.02984244, ..., -0.71122488,
         -0.75996689, -0.7401079 ],
        [ 0.02064542,  0.        , -0.00919985, ..., -0.72558629,
         -0.77322364, -0.75383395],
        [ 0.02984244,  0.00919985,  0.        , ..., -0.73188628,
         -0.77902485, -0.75984695],
        ...,
        [ 0.71122488,  0.72558629,  0.73188628, ...,  0.        ,
          0.07196079,  0.04197933],
        [ 0.75996689,  0.77322364,  0.77902485, ..., -0.07196079,
          0.        , -0.03002686],
        [ 0.7401079 ,  0.75383395,  0.75984695, ..., -0.04197933,
          0.03002686,  0.        ]]]), 'num': array([ 3.21712430e+07,  2.78062300e+06,  7.92200000e+03,  3.71000000e+03,
        3.75000000e+03,  3.69500000e+03,  1.71392000e+05, -1.25000000e+02,
        3.77700000e+03,  3.73350000e+03,  3.96891667e+03,  5.70000000e+01,
        3.87703048e+03,  3.58996952e+03])}
{'img': array([[[ 0.        ,  0.05563071,  0.77650939, ..., -0.74628237,
         -0.71029844, -0.91966851],
        [-0.05563071,  0.        ,  0.74025367, ..., -0.78215613,
         -0.74835697, -0.94009026],
        [-0.77650939, -0.74025367,  0.        , ..., -0.98710431,
         -0.99414855, -0.88442017],
        ...,
        [ 0.74628237,  0.78215613,  0.98710431, ...,  0.        ,
          0.05251307, -0.31909668],
        [ 0.71029844,  0.74835697,  0.99414855, ..., -0.05251307,
          0.        , -0.3684242 ],
        [ 0.91966851,  0.94009026,  0.88442017, ...,  0.31909668,
          0.3684242 ,  0.        ]],

       [[ 0.        ,  0.04170988,  0.20618202, ...,  0.03762522,
         -0.03000352,  0.12298644],
        [-0.04170988,  0.        ,  0.24681628, ..., -0.00408787,
         -0.07166851,  0.08148618],
        [-0.20618202, -0.24681628,  0.        , ..., -0.24285282,
         -0.17673034, -0.32496067],
        ...,
        [-0.03762522,  0.00408787,  0.24285282, ...,  0.        ,
         -0.06759056,  0.08555977],
        [ 0.03000352,  0.07166851,  0.17673034, ...,  0.06759056,
          0.        ,  0.15270681],
        [-0.12298644, -0.08148618,  0.32496067, ..., -0.08555977,
         -0.15270681,  0.        ]],

       [[ 0.        ,  0.02460972,  0.19233767, ..., -0.93473525,
         -0.90645603, -0.91666367],
        [-0.02460972,  0.        ,  0.16812919, ..., -0.94319709,
         -0.91657418, -0.92622155],
        [-0.19233767, -0.16812919,  0.        , ..., -0.98562884,
         -0.97075565, -0.97641804],
        ...,
        [ 0.93473525,  0.94319709,  0.98562884, ...,  0.        ,
          0.07263436,  0.04784405],
        [ 0.90645603,  0.91657418,  0.97075565, ..., -0.07263436,
          0.        , -0.02483351],
        [ 0.91666367,  0.92622155,  0.97641804, ..., -0.04784405,
          0.02483351,  0.        ]],

       ...,

       [[ 0.        ,  0.2785158 ,  0.98491642, ...,  0.68119693,
          0.91077187,  0.69852377],
        [-0.2785158 ,  0.        ,  0.89775311, ...,  0.45034161,
          0.98973606,  0.47158209],
        [-0.98491642, -0.89775311,  0.        , ..., -0.60318953,
          0.56427329, -0.58392716],
        ...,
        [-0.68119693, -0.45034161,  0.60318953, ...,  0.        ,
          0.94804926,  0.02393384],
        [-0.91077187, -0.98973606, -0.56427329, ..., -0.94804926,
          0.        , -0.94016377],
        [-0.69852377, -0.47158209,  0.58392716, ..., -0.02393384,
          0.94016377,  0.        ]],

       [[ 0.        , -0.00551992,  0.20804678, ..., -0.79567129,
         -0.90656322, -0.83376479],
        [ 0.00551992,  0.        ,  0.21344274, ..., -0.79900274,
         -0.9088792 , -0.83679974],
        [-0.20804678, -0.21344274,  0.        , ..., -0.65224121,
         -0.79891628, -0.70065433],
        ...,
        [ 0.79567129,  0.79900274,  0.65224121, ...,  0.        ,
          0.21330229,  0.06572934],
        [ 0.90656322,  0.9088792 ,  0.79891628, ..., -0.21330229,
          0.        , -0.14862436],
        [ 0.83376479,  0.83679974,  0.70065433, ..., -0.06572934,
          0.14862436,  0.        ]],

       [[ 0.        , -0.00919985, -0.17111084, ..., -0.77322364,
         -0.75383395, -0.73642166],
        [ 0.00919985,  0.        , -0.16203942, ..., -0.77902485,
         -0.75984695, -0.7426144 ],
        [ 0.17111084,  0.16203942,  0.        , ..., -0.87032708,
         -0.85514719, -0.84132114],
        ...,
        [ 0.77322364,  0.77902485,  0.87032708, ...,  0.        ,
         -0.03002686, -0.05611386],
        [ 0.75383395,  0.75984695,  0.85514719, ...,  0.03002686,
          0.        , -0.02610901],
        [ 0.73642166,  0.7426144 ,  0.84132114, ...,  0.05611386,
          0.02610901,  0.        ]]]), 'num': array([ 3.18045110e+07,  1.94575500e+06,  8.14700000e+03,  3.66500000e+03,
        3.74000000e+03,  3.63000000e+03,  9.37800000e+04, -4.50000000e+01,
        3.76500000e+03,  3.72300000e+03,  3.96025000e+03,  5.37735849e+01,
        3.85374402e+03,  3.59225598e+03])}
{'img': array([[[ 0.        ,  0.74025367,  0.43033842, ..., -0.74835697,
         -0.94009026, -0.98863712],
        [-0.74025367,  0.        , -0.3788746 , ..., -0.99414855,
         -0.88442017, -0.77596436],
        [-0.43033842,  0.3788746 ,  0.        , ..., -0.96095945,
         -0.99530245, -0.95709997],
        ...,
        [ 0.74835697,  0.99414855,  0.96095945, ...,  0.        ,
         -0.3684242 , -0.54326487],
        [ 0.94009026,  0.88442017,  0.99530245, ...,  0.3684242 ,
          0.        , -0.19573569],
        [ 0.98863712,  0.77596436,  0.95709997, ...,  0.54326487,
          0.19573569,  0.        ]],

       [[ 0.        ,  0.24681628,  0.42826479, ..., -0.07166851,
          0.08148618, -0.02846867],
        [-0.24681628,  0.        , -0.6380516 , ..., -0.17673034,
         -0.32496067, -0.21912833],
        [-0.42826479,  0.6380516 ,  0.        , ..., -0.491927  ,
         -0.35320533, -0.45381702],
        ...,
        [ 0.07166851,  0.17673034,  0.491927  , ...,  0.        ,
          0.15270681,  0.043244  ],
        [-0.08148618,  0.32496067,  0.35320533, ..., -0.15270681,
          0.        , -0.10982715],
        [ 0.02846867,  0.21912833,  0.45381702, ..., -0.043244  ,
          0.10982715,  0.        ]],

       [[ 0.        ,  0.16812919,  0.26822259, ..., -0.91657418,
         -0.92622155, -0.94193794],
        [-0.16812919,  0.        ,  0.10243601, ..., -0.97075565,
         -0.97641804, -0.98498502],
        [-0.26822259, -0.10243601,  0.        , ..., -0.99024086,
         -0.99339644, -0.99748814],
        ...,
        [ 0.91657418,  0.97075565,  0.99024086, ...,  0.        ,
         -0.02483351, -0.06887401],
        [ 0.92622155,  0.97641804,  0.99339644, ...,  0.02483351,
          0.        , -0.04407823],
        [ 0.94193794,  0.98498502,  0.99748814, ...,  0.06887401,
          0.04407823,  0.        ]],

       ...,

       [[ 0.        ,  0.89775311,  0.62356536, ...,  0.98973606,
          0.47158209,  0.35958978],
        [-0.89775311,  0.        , -0.42715764, ...,  0.56427329,
         -0.58392716, -0.67930392],
        [-0.62356536,  0.42715764,  0.        , ...,  0.86285927,
         -0.18120445, -0.30073844],
        ...,
        [-0.98973606, -0.56427329, -0.86285927, ...,  0.        ,
         -0.94016377, -0.97492115],
        [-0.47158209,  0.58392716,  0.18120445, ...,  0.94016377,
          0.        , -0.12294396],
        [-0.35958978,  0.67930392,  0.30073844, ...,  0.97492115,
          0.12294396,  0.        ]],

       [[ 0.        ,  0.20929983,  0.27025984, ..., -0.97171242,
         -0.95808891, -0.78892748],
        [-0.20929983,  0.        ,  0.06276275, ..., -0.90076069,
         -0.87691035, -0.64284205],
        [-0.27025984, -0.06276275,  0.        , ..., -0.87172596,
         -0.84501434, -0.59349849],
        ...,
        [ 0.97171242,  0.90076069,  0.87172596, ...,  0.        ,
         -0.05209821, -0.41078513],
        [ 0.95808891,  0.87691035,  0.84501434, ...,  0.05209821,
          0.        , -0.36272766],
        [ 0.78892748,  0.64284205,  0.59349849, ...,  0.41078513,
          0.36272766,  0.        ]],

       [[ 0.        , -0.16203942, -0.19023954, ..., -0.75984695,
         -0.7426144 , -0.7612464 ],
        [ 0.16203942,  0.        , -0.02864517, ..., -0.85514719,
         -0.84132114, -0.85626251],
        [ 0.19023954,  0.02864517,  0.        , ..., -0.86964551,
         -0.85645964, -0.87070754],
        ...,
        [ 0.75984695,  0.85514719,  0.86964551, ...,  0.        ,
         -0.02610901,  0.00215538],
        [ 0.7426144 ,  0.84132114,  0.85645964, ...,  0.02610901,
          0.        ,  0.02826359],
        [ 0.7612464 ,  0.85626251,  0.87070754, ..., -0.00215538,
         -0.02826359,  0.        ]]]), 'num': array([ 3.14761520e+07,  8.51728800e+06,  6.35100000e+03,  3.61500000e+03,
        3.68000000e+03,  3.61000000e+03,  6.95790000e+04, -5.00000000e+01,
        3.72800000e+03,  3.71100000e+03,  3.95033333e+03,  4.21568627e+01,
        3.83495967e+03,  3.58704033e+03])}
{'img': array([[[ 0.        , -0.37670939,  0.44996115, ..., -0.89815347,
         -0.80367393, -0.44996115],
        [ 0.37670939,  0.        ,  0.75323281, ..., -0.99762022,
         -0.9686369 , -0.75323281],
        [-0.44996115, -0.75323281,  0.        , ..., -0.60425441,
         -0.44996115, -0.        ],
        ...,
        [ 0.89815347,  0.99762022,  0.60425441, ...,  0.        ,
         -0.18110307, -0.60425441],
        [ 0.80367393,  0.9686369 ,  0.44996115, ...,  0.18110307,
          0.        , -0.44996115],
        [ 0.44996115,  0.75323281,  0.        , ...,  0.60425441,
          0.44996115,  0.        ]],

       [[ 0.        , -0.6380516 , -0.74317944, ..., -0.32496067,
         -0.21912833, -0.17232105],
        [ 0.6380516 ,  0.        ,  0.14532809, ..., -0.35320533,
         -0.45381702, -0.49582079],
        [ 0.74317944, -0.14532809,  0.        , ..., -0.48541662,
         -0.5785002 , -0.61676344],
        ...,
        [ 0.32496067,  0.35320533,  0.48541662, ...,  0.        ,
         -0.10982715, -0.15713078],
        [ 0.21912833,  0.45381702,  0.5785002 , ...,  0.10982715,
          0.        , -0.04771739],
        [ 0.17232105,  0.49582079,  0.61676344, ...,  0.15713078,
          0.04771739,  0.        ]],

       [[ 0.        ,  0.10243601,  0.33368727, ..., -0.97641804,
         -0.98498502, -0.99977961],
        [-0.10243601,  0.        ,  0.23536717, ..., -0.99339644,
         -0.99748814, -0.99667086],
        [-0.33368727, -0.23536717,  0.        , ..., -0.99249272,
         -0.98613716, -0.94948133],
        ...,
        [ 0.97641804,  0.99339644,  0.99249272, ...,  0.        ,
         -0.04407823, -0.19534243],
        [ 0.98498502,  0.99748814,  0.98613716, ...,  0.04407823,
          0.        , -0.15192351],
        [ 0.99977961,  0.99667086,  0.94948133, ...,  0.19534243,
          0.15192351,  0.        ]],

       ...,

       [[ 0.        , -0.42715764,  0.07712999, ..., -0.58392716,
         -0.67930392, -0.92291799],
        [ 0.42715764,  0.        ,  0.49562433, ..., -0.18120445,
         -0.30073844, -0.67002713],
        [-0.07712999, -0.49562433,  0.        , ..., -0.64480226,
         -0.73388269, -0.94986344],
        ...,
        [ 0.58392716,  0.18120445,  0.64480226, ...,  0.        ,
         -0.12294396, -0.52442044],
        [ 0.67930392,  0.30073844,  0.73388269, ...,  0.12294396,
          0.        , -0.41576018],
        [ 0.92291799,  0.67002713,  0.94986344, ...,  0.52442044,
          0.41576018,  0.        ]],

       [[ 0.        ,  0.06182018,  0.23957589, ..., -0.9256795 ,
         -0.85048281, -0.63531311],
        [-0.06182018,  0.        ,  0.17909782, ..., -0.90052185,
         -0.81633851, -0.58635702],
        [-0.23957589, -0.17909782,  0.        , ..., -0.8080879 ,
         -0.69969715, -0.43179769],
        ...,
        [ 0.9256795 ,  0.90052185,  0.8080879 , ...,  0.        ,
         -0.16516502, -0.47451585],
        [ 0.85048281,  0.81633851,  0.69969715, ...,  0.16516502,
          0.        , -0.32261281],
        [ 0.63531311,  0.58635702,  0.43179769, ...,  0.47451585,
          0.32261281,  0.        ]],

       [[ 0.        , -0.02864517, -0.14687239, ..., -0.84132114,
         -0.85626251, -0.81902955],
        [ 0.02864517,  0.        , -0.11847759, ..., -0.85645964,
         -0.87070754, -0.83512866],
        [ 0.14687239,  0.11847759,  0.        , ..., -0.91158715,
         -0.92284233, -0.89441577],
        ...,
        [ 0.84132114,  0.85645964,  0.91158715, ...,  0.        ,
          0.02826359, -0.0399945 ],
        [ 0.85626251,  0.87070754,  0.92284233, ..., -0.02826359,
          0.        , -0.06821949],
        [ 0.81902955,  0.83512866,  0.89441577, ...,  0.0399945 ,
          0.06821949,  0.        ]]]), 'num': array([3.16250930e+07, 1.67748280e+07, 4.06300000e+03, 3.65500000e+03,
       3.66500000e+03, 3.61000000e+03, 5.14080000e+04, 4.00000000e+01,
       3.69600000e+03, 3.70425000e+03, 3.93625000e+03, 4.53703704e+01,
       3.82492622e+03, 3.58357378e+03])}
{'img': array([[[ 0.        ,  0.75323281,  0.22022562, ..., -0.9686369 ,
         -0.75323281, -0.95499449],
        [-0.75323281,  0.        , -0.58988587, ..., -0.44996115,
         -0.        , -0.40472488],
        [-0.22022562,  0.58988587,  0.        , ..., -0.89013409,
         -0.58988587, -0.86622428],
        ...,
        [ 0.9686369 ,  0.44996115,  0.89013409, ...,  0.        ,
         -0.44996115, -0.05002301],
        [ 0.75323281,  0.        ,  0.58988587, ...,  0.44996115,
          0.        ,  0.40472488],
        [ 0.95499449,  0.40472488,  0.86622428, ...,  0.05002301,
         -0.40472488,  0.        ]],

       [[ 0.        ,  0.9207497 , -0.49792681, ..., -0.98905541,
         -0.99961615, -0.99598072],
        [-0.9207497 ,  0.        , -0.99275972, ..., -0.5217353 ,
         -0.41551319, -0.30611602],
        [ 0.49792681,  0.99275972,  0.        , ..., -0.78426133,
         -0.85309123, -0.90833173],
        ...,
        [ 0.98905541,  0.5217353 ,  0.78426133, ...,  0.        ,
         -0.12008634, -0.23553913],
        [ 0.99961615,  0.41551319,  0.85309123, ...,  0.12008634,
          0.        , -0.11712695],
        [ 0.99598072,  0.30611602,  0.90833173, ...,  0.23553913,
          0.11712695,  0.        ]],

       [[ 0.        ,  0.23536717,  0.49385875, ..., -0.99748814,
         -0.99667086, -0.968854  ],
        [-0.23536717,  0.        ,  0.27532287, ..., -0.98613716,
         -0.94948133, -0.88335093],
        [-0.49385875, -0.27532287,  0.        , ..., -0.90233983,
         -0.82638281, -0.72016383],
        ...,
        [ 0.99748814,  0.98613716,  0.90233983, ...,  0.        ,
         -0.15192351, -0.31563817],
        [ 0.99667086,  0.94948133,  0.82638281, ...,  0.15192351,
          0.        , -0.1678172 ],
        [ 0.968854  ,  0.88335093,  0.72016383, ...,  0.31563817,
          0.1678172 ,  0.        ]],

       ...,

       [[ 0.        ,  0.49562433,  0.47395479, ..., -0.30073844,
