state_0,state_1,state_2,state_3,state_4,state_5,state_6,state_7,state_8,state_9,state_10,state_11,state_12,state_13,state_14,state_15,state_16,state_17,state_18,state_19,state_20,state_21,state_22,state_23,state_24,state_25,state_26,state_27,state_28,state_29,state_30,state_31,state_32,state_33,state_34,state_35,state_36,state_37,state_38,state_39,state_40,state_41,state_42,state_43,state_44,state_45,state_46,state_47,state_48,state_49,state_50,state_51,state_52,state_53,state_54,state_55,state_56,state_57,state_58,state_59,state_60,state_61,state_62,state_63,state_64,state_65,state_66,state_67,state_68,state_69,state_70,state_71,state_72,state_73,state_74,state_75,state_76,state_77
{'img': array([[[ 0.        , -0.33839836, -0.4484552 , ..., -0.95082308,
         -0.89822888, -0.79643833],
        [ 0.33839836,  0.        , -0.11953542, ..., -0.99954097,
         -0.99397158, -0.95408699],
        [ 0.4484552 ,  0.11953542,  0.        , ..., -0.98875277,
         -0.99995037, -0.98305053],
        ...,
        [ 0.95082308,  0.99954097,  0.98875277, ...,  0.        ,
         -0.13970091, -0.32829707],
        [ 0.89822888,  0.99397158,  0.99995037, ...,  0.13970091,
          0.        , -0.19311979],
        [ 0.79643833,  0.95408699,  0.98305053, ...,  0.32829707,
          0.19311979,  0.        ]],

       [[ 0.        ,  0.13036679,  0.14157725, ...,  0.81245855,
          0.46666811,  0.72417094],
        [-0.13036679,  0.        ,  0.01131537, ...,  0.72951858,
          0.34738486,  0.62808713],
        [-0.14157725, -0.01131537,  0.        , ...,  0.72173261,
          0.33675194,  0.61924194],
        ...,
        [-0.81245855, -0.72951858, -0.72173261, ...,  0.        ,
         -0.4464884 , -0.1380827 ],
        [-0.46666811, -0.34738486, -0.33675194, ...,  0.4464884 ,
          0.        ,  0.31865642],
        [-0.72417094, -0.62808713, -0.61924194, ...,  0.1380827 ,
         -0.31865642,  0.        ]],

       [[ 0.        , -0.33299656, -0.40762064, ..., -0.59130009,
         -0.72515506, -0.74572569],
        [ 0.33299656,  0.        , -0.08028066, ..., -0.82609905,
         -0.91306568, -0.92502566],
        [ 0.40762064,  0.08028066,  0.        , ..., -0.86867281,
         -0.94285804, -0.95253895],
        ...,
        [ 0.59130009,  0.82609905,  0.86867281, ...,  0.        ,
          0.17764174,  0.20743617],
        [ 0.72515506,  0.91306568,  0.94285804, ..., -0.17764174,
          0.        ,  0.03035917],
        [ 0.74572569,  0.92502566,  0.95253895, ..., -0.20743617,
         -0.03035917,  0.        ]],

       ...,

       [[ 0.        , -0.65657562, -0.63085085, ..., -0.66930994,
         -0.84045943, -0.92911727],
        [ 0.65657562,  0.        ,  0.03361403, ..., -0.01700912,
         -0.27814353, -0.45800423],
        [ 0.63085085, -0.03361403,  0.        , ..., -0.05060868,
         -0.31027395, -0.48762659],
        ...,
        [ 0.66930994,  0.01700912,  0.05060868, ...,  0.        ,
         -0.26176536, -0.44281771],
        [ 0.84045943,  0.27814353,  0.31027395, ...,  0.26176536,
          0.        , -0.19267547],
        [ 0.92911727,  0.45800423,  0.48762659, ...,  0.44281771,
          0.19267547,  0.        ]],

       [[ 0.        , -0.00463881, -0.03562801, ..., -0.6344408 ,
         -0.54588329, -0.40832221],
        [ 0.00463881,  0.        , -0.03099176, ..., -0.63801964,
         -0.54976409, -0.41255229],
        [ 0.03562801,  0.03099176,  0.        , ..., -0.66157744,
         -0.57538805, -0.44058556],
        ...,
        [ 0.6344408 ,  0.63801964,  0.66157744, ...,  0.        ,
         -0.10962114, -0.26352018],
        [ 0.54588329,  0.54976409,  0.57538805, ...,  0.10962114,
          0.        , -0.1561856 ],
        [ 0.40832221,  0.41255229,  0.44058556, ...,  0.26352018,
          0.1561856 ,  0.        ]],

       [[ 0.        ,  0.05400073,  0.16735167, ..., -0.58306605,
         -0.60482488, -0.53313809],
        [-0.05400073,  0.        ,  0.11386832, ..., -0.53834376,
         -0.56093844, -0.48667404],
        [-0.16735167, -0.11386832,  0.        , ..., -0.43888258,
         -0.46302327, -0.38403514],
        ...,
        [ 0.58306605,  0.53834376,  0.43888258, ...,  0.        ,
          0.02704511, -0.06015576],
        [ 0.60482488,  0.56093844,  0.46302327, ..., -0.02704511,
          0.        , -0.08712988],
        [ 0.53313809,  0.48667404,  0.38403514, ...,  0.06015576,
          0.08712988,  0.        ]]]), 'num': array([ 1.94463890e+07,  1.24088900e+06,  5.30000000e+02,  3.43500000e+04,
        3.46000000e+04,  3.33500000e+04,  4.16107000e+06, -5.00000000e+01,
        3.53900000e+04,  3.49200000e+04,  3.90516667e+04,  4.53376206e+01,
        3.83178523e+04,  3.15221477e+04])}
{'img': array([[[ 0.        , -0.30805737, -0.46654307, ..., -0.90636647,
         -0.80541951, -0.80091041],
        [ 0.30805737,  0.        , -0.17137777, ..., -0.99243975,
         -0.94883737, -0.94642025],
        [ 0.46654307,  0.17137777,  0.        , ..., -0.99879066,
         -0.98891482, -0.98776266],
        ...,
        [ 0.90636647,  0.99243975,  0.99879066, ...,  0.        ,
         -0.19692447, -0.20433935],
        [ 0.80541951,  0.94883737,  0.98891482, ...,  0.19692447,
          0.        , -0.00756873],
        [ 0.80091041,  0.94642025,  0.98776266, ...,  0.20433935,
          0.00756873,  0.        ]],

       [[ 0.        ,  0.01131537, -0.09014791, ...,  0.34738486,
          0.62808713,  0.30612222],
        [-0.01131537,  0.        , -0.10141144, ...,  0.33675194,
          0.61924194,  0.29533048],
        [ 0.09014791,  0.10141144,  0.        , ...,  0.43050418,
          0.69567777,  0.39069592],
        ...,
        [-0.34738486, -0.33675194, -0.43050418, ...,  0.        ,
          0.31865642, -0.04364995],
        [-0.62808713, -0.61924194, -0.69567777, ..., -0.31865642,
          0.        , -0.35972719],
        [-0.30612222, -0.29533048, -0.39069592, ...,  0.04364995,
          0.35972719,  0.        ]],

       [[ 0.        , -0.24568919, -0.42436398, ..., -0.73373287,
         -0.75436993, -0.77377458],
        [ 0.24568919,  0.        , -0.18888713, ..., -0.87817356,
         -0.89253003, -0.90569188],
        [ 0.42436398,  0.18888713,  0.        , ..., -0.95271806,
         -0.96164925, -0.96946451],
        ...,
        [ 0.73373287,  0.87817356,  0.95271806, ...,  0.        ,
          0.03088902,  0.06094071],
        [ 0.75436993,  0.89253003,  0.96164925, ..., -0.03088902,
          0.        ,  0.03008001],
        [ 0.77377458,  0.90569188,  0.96946451, ..., -0.06094071,
         -0.03008001,  0.        ]],

       ...,

       [[ 0.        ,  0.21944483, -0.73535693, ..., -0.49840653,
         -0.70041653, -0.66698508],
        [-0.21944483,  0.        , -0.86614591, ..., -0.67650408,
         -0.83996912, -0.81422925],
        [ 0.73535693,  0.86614591,  0.        , ...,  0.29975273,
          0.05019121,  0.09589073],
        ...,
        [ 0.49840653,  0.67650408, -0.29975273, ...,  0.        ,
         -0.25149167, -0.20689005],
        [ 0.70041653,  0.83996912, -0.05019121, ...,  0.25149167,
          0.        ,  0.04580995],
        [ 0.66698508,  0.81422925, -0.09589073, ...,  0.20689005,
         -0.04580995,  0.        ]],

       [[ 0.        , -0.03066312, -0.05135607, ..., -0.67840495,
         -0.64841212, -0.40857359],
        [ 0.03066312,  0.        , -0.02070926, ..., -0.70061378,
         -0.67145073, -0.43636848],
        [ 0.05135607,  0.02070926,  0.        , ..., -0.71524042,
         -0.68665331, -0.45490842],
        ...,
        [ 0.67840495,  0.70061378,  0.71524042, ...,  0.        ,
         -0.04008185, -0.31902323],
        [ 0.64841212,  0.67145073,  0.68665331, ...,  0.04008185,
          0.        , -0.28077941],
        [ 0.40857359,  0.43636848,  0.45490842, ...,  0.31902323,
          0.28077941,  0.        ]],

       [[ 0.        ,  0.11386832,  0.20606917, ..., -0.56093844,
         -0.48667404, -0.46774114],
        [-0.11386832,  0.        ,  0.09330445, ..., -0.46302327,
         -0.38403514, -0.36405461],
        [-0.20606917, -0.09330445,  0.        , ..., -0.37830335,
         -0.29621011, -0.27556479],
        ...,
        [ 0.56093844,  0.46302327,  0.37830335, ...,  0.        ,
         -0.08712988, -0.10857111],
        [ 0.48667404,  0.38403514,  0.29621011, ...,  0.08712988,
          0.        , -0.02154338],
        [ 0.46774114,  0.36405461,  0.27556479, ...,  0.10857111,
          0.02154338,  0.        ]]]), 'num': array([2.39762450e+07, 1.12322450e+07, 3.60000000e+02, 3.54000000e+04,
       3.57000000e+04, 3.47000000e+04, 4.22256500e+06, 1.05000000e+03,
       3.53700000e+04, 3.48250000e+04, 3.88500000e+04, 4.51612903e+01,
       3.80533897e+04, 3.15966103e+04])}
{'img': array([[[ 0.        , -0.36383305, -0.47196005, ..., -0.81279163,
         -0.80828966, -0.88898108],
        [ 0.36383305,  0.        , -0.1188514 , ..., -0.96903887,
         -0.96711232, -0.99466917],
        [ 0.47196005,  0.1188514 ,  0.        , ..., -0.99151576,
         -0.99048729, -0.99987468],
        ...,
        [ 0.81279163,  0.96903887,  0.99151576, ...,  0.        ,
         -0.00768677,  0.14566695],
        [ 0.80828966,  0.96711232,  0.99048729, ...,  0.00768677,
          0.        ,  0.15326743],
        [ 0.88898108,  0.99466917,  0.99987468, ..., -0.14566695,
         -0.15326743,  0.        ]],

       [[ 0.        , -0.10141144, -0.27587096, ...,  0.61924194,
          0.29533048,  0.30580129],
        [ 0.10141144,  0.        , -0.17697259, ...,  0.69567777,
          0.39069592,  0.40077812],
        [ 0.27587096,  0.17697259,  0.        , ...,  0.81182601,
          0.54743587,  0.55659004],
        ...,
        [-0.61924194, -0.69567777, -0.81182601, ...,  0.        ,
         -0.35972719, -0.34946213],
        [-0.29533048, -0.39069592, -0.54743587, ...,  0.35972719,
          0.        ,  0.0109783 ],
        [-0.30580129, -0.40077812, -0.55659004, ...,  0.34946213,
         -0.0109783 ,  0.        ]],

       [[ 0.        , -0.35425422, -0.46394784, ..., -0.75898984,
         -0.77841005, -0.77631091],
        [ 0.35425422,  0.        , -0.1200399 , ..., -0.94042451,
         -0.95031477, -0.94927071],
        [ 0.46394784,  0.1200399 ,  0.        , ..., -0.97443824,
         -0.9808104 , -0.98015435],
        ...,
        [ 0.75898984,  0.94042451,  0.97443824, ...,  0.        ,
          0.03036415,  0.02702855],
        [ 0.77841005,  0.95031477,  0.9808104 , ..., -0.03036415,
          0.        , -0.00333697],
        [ 0.77631091,  0.94927071,  0.98015435, ..., -0.02702855,
          0.00333697,  0.        ]],

       ...,

       [[ 0.        , -0.86614591, -0.92814688, ..., -0.83996912,
         -0.81422925, -0.82079331],
        [ 0.86614591,  0.        , -0.14148788, ...,  0.05019121,
          0.09589073,  0.08453918],
        [ 0.92814688,  0.14148788,  0.        , ...,  0.19099584,
          0.23576196,  0.22467009],
        ...,
        [ 0.83996912, -0.05019121, -0.19099584, ...,  0.        ,
          0.04580995,  0.0344211 ],
        [ 0.81422925, -0.09589073, -0.23576196, ..., -0.04580995,
          0.        , -0.01139785],
        [ 0.82079331, -0.08453918, -0.22467009, ..., -0.0344211 ,
          0.01139785,  0.        ]],

       [[ 0.        , -0.02050487, -0.04394742, ..., -0.74570274,
         -0.66023053, -0.43249621],
        [ 0.02050487,  0.        , -0.02345312, ..., -0.75920791,
         -0.67549217, -0.4508932 ],
        [ 0.04394742,  0.02345312,  0.        , ..., -0.7742635 ,
         -0.69259993, -0.47170291],
        ...,
        [ 0.74570274,  0.75920791,  0.7742635 , ...,  0.        ,
         -0.12017214, -0.3841892 ],
        [ 0.66023053,  0.67549217,  0.69259993, ...,  0.12017214,
          0.        , -0.27045555],
        [ 0.43249621,  0.4508932 ,  0.47170291, ...,  0.3841892 ,
          0.27045555,  0.        ]],

       [[ 0.        ,  0.09330445,  0.30937858, ..., -0.38403514,
         -0.36405461, -0.45758256],
        [-0.09330445,  0.        ,  0.21930212, ..., -0.29621011,
         -0.27556479, -0.37262316],
        [-0.30937858, -0.21930212,  0.        , ..., -0.07953902,
         -0.05804543, -0.16004381],
        ...,
        [ 0.38403514,  0.29621011,  0.07953902, ...,  0.        ,
         -0.02154338,  0.081023  ],
        [ 0.36405461,  0.27556479,  0.05804543, ...,  0.02154338,
          0.        ,  0.10247675],
        [ 0.45758256,  0.37262316,  0.16004381, ..., -0.081023  ,
         -0.10247675,  0.        ]]]), 'num': array([ 2.37099770e+07,  6.87742700e+06,  4.83000000e+02,  3.48500000e+04,
        3.59500000e+04,  3.46500000e+04,  2.43812600e+06, -5.50000000e+02,
        3.49600000e+04,  3.47625000e+04,  3.86458333e+04,  4.72972973e+01,
        3.79376968e+04,  3.15873032e+04])}
{'img': array([[[ 0.        , -0.31711499, -0.71729054, ..., -0.81871959,
         -0.89862885, -0.86036558],
        [ 0.31711499,  0.        , -0.45931156, ..., -0.95854848,
         -0.99136942, -0.97758596],
        [ 0.71729054,  0.45931156,  0.        , ..., -0.98232629,
         -0.9408237 , -0.96506732],
        ...,
        [ 0.81871959,  0.95854848,  0.98232629, ...,  0.        ,
          0.15680668,  0.07673348],
        [ 0.89862885,  0.99136942,  0.9408237 , ..., -0.15680668,
          0.        , -0.08056013],
        [ 0.86036558,  0.97758596,  0.96506732, ..., -0.07673348,
          0.08056013,  0.        ]],

       [[ 0.        , -0.17697259,  0.66465651, ...,  0.39069592,
          0.40077812,  0.03599503],
        [ 0.17697259,  0.        ,  0.78639034, ...,  0.54743587,
          0.55659004,  0.21228478],
        [-0.66465651, -0.78639034,  0.        , ..., -0.31992139,
         -0.30950079, -0.63733215],
        ...,
        [-0.39069592, -0.54743587,  0.31992139, ...,  0.        ,
          0.0109783 , -0.3573086 ],
        [-0.40077812, -0.55659004,  0.30950079, ..., -0.0109783 ,
          0.        , -0.36754065],
        [-0.03599503, -0.21228478,  0.63733215, ...,  0.3573086 ,
          0.36754065,  0.        ]],

       [[ 0.        , -0.3150904 , -0.53129803, ..., -0.78830747,
         -0.7862076 , -0.73971322],
        [ 0.3150904 ,  0.        , -0.23729474, ..., -0.9420217 ,
         -0.94087353, -0.9140648 ],
        [ 0.53129803,  0.23729474,  0.        , ..., -0.99474011,
         -0.99438552, -0.9841962 ],
        ...,
        [ 0.78830747,  0.9420217 ,  0.99474011, ...,  0.        ,
         -0.00340544, -0.07533778],
        [ 0.7862076 ,  0.94087353,  0.99438552, ...,  0.00340544,
          0.        , -0.07194158],
        [ 0.73971322,  0.9140648 ,  0.9841962 , ...,  0.07533778,
          0.07194158,  0.        ]],

       ...,

       [[ 0.        , -0.14637615, -0.58835857, ...,  0.10000961,
          0.08813103,  0.2392029 ],
        [ 0.14637615,  0.        , -0.46366159, ...,  0.2445747 ,
          0.23298836,  0.37875324],
        [ 0.58835857,  0.46366159,  0.        , ...,  0.66627661,
          0.65733197,  0.76469779],
        ...,
        [-0.10000961, -0.2445747 , -0.66627661, ...,  0.        ,
         -0.01193128,  0.14089736],
        [-0.08813103, -0.23298836, -0.65733197, ...,  0.01193128,
          0.        ,  0.15269958],
        [-0.2392029 , -0.37875324, -0.76469779, ..., -0.14089736,
         -0.15269958,  0.        ]],

       [[ 0.        , -0.02335249,  0.03153285, ..., -0.71266898,
         -0.60193329, -0.44916965],
        [ 0.02335249,  0.        ,  0.05486513, ..., -0.72885641,
         -0.62041718, -0.46991135],
        [-0.03153285, -0.05486513,  0.        , ..., -0.69019427,
         -0.57645351, -0.42077336],
        ...,
        [ 0.71266898,  0.72885641,  0.69019427, ...,  0.        ,
         -0.14684273, -0.32163887],
        [ 0.60193329,  0.62041718,  0.57645351, ...,  0.14684273,
          0.        , -0.17911239],
        [ 0.44916965,  0.46991135,  0.42077336, ...,  0.32163887,
          0.17911239,  0.        ]],

       [[ 0.        ,  0.21930212, -0.08038796, ..., -0.27556479,
         -0.37262316, -0.3642563 ],
        [-0.21930212,  0.        , -0.29702345, ..., -0.05804543,
         -0.16004381, -0.15115342],
        [ 0.08038796,  0.29702345,  0.        , ..., -0.3519485 ,
         -0.44601586, -0.43794264],
        ...,
        [ 0.27556479,  0.05804543,  0.3519485 , ...,  0.        ,
          0.10247675,  0.09352006],
        [ 0.37262316,  0.16004381,  0.44601586, ..., -0.10247675,
          0.        , -0.00899992],
        [ 0.3642563 ,  0.15115342,  0.43794264, ..., -0.09352006,
          0.00899992,  0.        ]]]), 'num': array([ 2.36543310e+07,  4.43758100e+06,  5.53000000e+02,  3.47500000e+04,
        3.51000000e+04,  3.43000000e+04,  1.62461300e+06, -1.00000000e+02,
        3.47500000e+04,  3.46900000e+04,  3.84491667e+04,  4.89510490e+01,
        3.77960586e+04,  3.15839414e+04])}
{'img': array([[[ 0.        , -0.6707076 , -0.54094246, ..., -0.90573658,
         -0.86792874, -0.86021366],
        [ 0.6707076 ,  0.        ,  0.16287623, ..., -0.95607804,
         -0.97689463, -0.98005573],
        [ 0.54094246, -0.16287623,  0.        , ..., -0.99105208,
         -0.99865983, -0.99933579],
        ...,
        [ 0.90573658,  0.95607804,  0.99105208, ...,  0.        ,
         -0.08200533, -0.0972718 ],
        [ 0.86792874,  0.97689463,  0.99865983, ...,  0.08200533,
          0.        , -0.01532774],
        [ 0.86021366,  0.98005573,  0.99933579, ...,  0.0972718 ,
          0.01532774,  0.        ]],

       [[ 0.        ,  0.78639034,  0.43237554, ...,  0.55659004,
          0.21228478, -0.06843741],
        [-0.78639034,  0.        , -0.44199185, ..., -0.30950079,
         -0.63733215, -0.82682241],
        [-0.43237554,  0.44199185,  0.        , ...,  0.14266159,
         -0.23110493, -0.49307137],
        ...,
        [-0.55659004,  0.30950079, -0.14266159, ...,  0.        ,
         -0.36754065, -0.612142  ],
        [-0.21228478,  0.63733215,  0.23110493, ...,  0.36754065,
          0.        , -0.27866464],
        [ 0.06843741,  0.82682241,  0.49307137, ...,  0.612142  ,
          0.27866464,  0.        ]],

       [[ 0.        , -0.44514038, -0.56468066, ..., -0.79395388,
         -0.74740016, -0.7206876 ],
        [ 0.44514038,  0.        , -0.13827081, ..., -0.98159013,
         -0.9650073 , -0.9539455 ],
        [ 0.56468066,  0.13827081,  0.        , ..., -0.99857108,
         -0.99199567, -0.98626081],
        ...,
        [ 0.79395388,  0.98159013,  0.99857108, ...,  0.        ,
         -0.07307958, -0.11225425],
        [ 0.74740016,  0.9650073 ,  0.99199567, ...,  0.07307958,
          0.        , -0.03933641],
        [ 0.7206876 ,  0.9539455 ,  0.98626081, ...,  0.11225425,
          0.03933641,  0.        ]],

       ...,

       [[ 0.        , -0.46366159, -0.58261333, ...,  0.23298836,
          0.37875324,  0.50218098],
        [ 0.46366159,  0.        , -0.13936191, ...,  0.65733197,
          0.76469779,  0.84589574],
        [ 0.58261333,  0.13936191,  0.        , ...,  0.7559407 ,
          0.84703879,  0.91196951],
        ...,
        [-0.23298836, -0.65733197, -0.7559407 , ...,  0.        ,
          0.15269958,  0.28688111],
        [-0.37875324, -0.76469779, -0.84703879, ..., -0.15269958,
          0.        ,  0.13723572],
        [-0.50218098, -0.84589574, -0.91196951, ..., -0.28688111,
         -0.13723572,  0.        ]],

       [[ 0.        ,  0.05458106,  0.08906991, ..., -0.68487565,
         -0.63272945, -0.46774539],
        [-0.05458106,  0.        ,  0.03457303, ..., -0.64408371,
         -0.58952017, -0.41880596],
        [-0.08906991, -0.03457303,  0.        , ..., -0.61725185,
         -0.56124126, -0.38716066],
        ...,
        [ 0.68487565,  0.64408371,  0.61725185, ...,  0.        ,
         -0.06930455, -0.26450908],
        [ 0.63272945,  0.58952017,  0.56124126, ...,  0.06930455,
          0.        , -0.19703693],
        [ 0.46774539,  0.41880596,  0.38716066, ...,  0.26450908,
          0.19703693,  0.        ]],

       [[ 0.        , -0.29702345, -0.38619743, ..., -0.16004381,
         -0.15115342, -0.14780755],
        [ 0.29702345,  0.        , -0.09478918, ..., -0.44601586,
         -0.43794264, -0.43489801],
        [ 0.38619743,  0.09478918,  0.        , ..., -0.52884631,
         -0.5211865 , -0.51829556],
        ...,
        [ 0.16004381,  0.44601586,  0.52884631, ...,  0.        ,
         -0.00899992, -0.01238362],
        [ 0.15115342,  0.43794264,  0.5211865 , ...,  0.00899992,
          0.        , -0.00338389],
        [ 0.14780755,  0.43489801,  0.51829556, ...,  0.01238362,
          0.00338389,  0.        ]]]), 'num': array([2.36542230e+07, 3.67297300e+06, 5.75000000e+02, 3.47500000e+04,
       3.51000000e+04, 3.46000000e+04, 1.49492900e+06, 0.00000000e+00,
       3.48200000e+04, 3.46125000e+04, 3.82591667e+04, 5.71428571e+01,
       3.76300942e+04, 3.15949058e+04])}
{'img': array([[[ 0.        ,  0.451865  ,  0.03291198, ..., -0.99999882,
         -0.99984251, -0.99984251],
        [-0.451865  ,  0.        , -0.42225987, ..., -0.89138984,
         -0.88392648, -0.88392648],
        [-0.03291198,  0.42225987,  0.        , ..., -0.99940642,
         -0.99871675, -0.99871675],
        ...,
        [ 0.99999882,  0.89138984,  0.99940642, ...,  0.        ,
         -0.01620843, -0.01620843],
        [ 0.99984251,  0.88392648,  0.99871675, ...,  0.01620843,
          0.        ,  0.        ],
        [ 0.99984251,  0.88392648,  0.99871675, ...,  0.01620843,
          0.        ,  0.        ]],

       [[ 0.        , -0.44199185, -0.68211221, ..., -0.63733215,
         -0.82682241, -0.86672684],
        [ 0.44199185,  0.        , -0.28866221, ..., -0.23110493,
         -0.49307137, -0.55701242],
        [ 0.68211221,  0.28866221,  0.        , ...,  0.05958077,
         -0.22094891, -0.2935658 ],
        ...,
        [ 0.63733215,  0.23110493, -0.05958077, ...,  0.        ,
         -0.27866464, -0.34999984],
        [ 0.82682241,  0.49307137,  0.22094891, ...,  0.27866464,
          0.        , -0.07509678],
        [ 0.86672684,  0.55701242,  0.2935658 , ...,  0.34999984,
          0.07509678,  0.        ]],

       [[ 0.        , -0.37757335, -0.53523616, ..., -0.76345285,
         -0.73658726, -0.74578843],
        [ 0.37757335,  0.        , -0.17668067, ..., -0.95080269,
         -0.93743374, -0.94211783],
        [ 0.53523616,  0.17668067,  0.        , ..., -0.99058004,
         -0.98420005, -0.98653448],
        ...,
        [ 0.76345285,  0.95080269,  0.99058004, ...,  0.        ,
         -0.04062075, -0.02692163],
        [ 0.73658726,  0.93743374,  0.98420005, ...,  0.04062075,
          0.        ,  0.01370661],
        [ 0.74578843,  0.94211783,  0.98653448, ...,  0.02692163,
         -0.01370661,  0.        ]],

       ...,

       [[ 0.        , -0.12646988, -0.71322969, ...,  0.66779991,
          0.73634058,  0.9847159 ],
        [ 0.12646988,  0.        , -0.61885619, ...,  0.75657447,
          0.81599902,  0.95478203],
        [ 0.71322969,  0.61885619,  0.        , ...,  0.99896723,
          0.9987026 ,  0.5659953 ],
        ...,
        [-0.66779991, -0.75657447, -0.99896723, ...,  0.        ,
          0.09624754,  0.84927383],
        [-0.73634058, -0.81599902, -0.9987026 , ..., -0.09624754,
          0.        ,  0.79451688],
        [-0.9847159 , -0.95478203, -0.5659953 , ..., -0.84927383,
         -0.79451688,  0.        ]],

       [[ 0.        ,  0.03436761,  0.10536926, ..., -0.65998665,
         -0.59972402, -0.41653528],
        [-0.03436761,  0.        ,  0.07113072, ..., -0.63377716,
         -0.57186854, -0.38504495],
        [-0.10536926, -0.07113072,  0.        , ..., -0.57715108,
         -0.51206824, -0.31842324],
        ...,
        [ 0.65998665,  0.63377716,  0.57715108, ...,  0.        ,
         -0.07756682, -0.28707326],
        [ 0.59972402,  0.57186854,  0.51206824, ...,  0.07756682,
          0.        , -0.21190642],
        [ 0.41653528,  0.38504495,  0.31842324, ...,  0.28707326,
          0.21190642,  0.        ]],

       [[ 0.        , -0.25554662, -0.43720762, ..., -0.15287802,
         -0.14949441, -0.16026066],
        [ 0.25554662,  0.        , -0.19286233, ..., -0.40034466,
         -0.39720564, -0.40718309],
        [ 0.43720762,  0.19286233,  0.        , ..., -0.56956074,
         -0.56674391, -0.57568871],
        ...,
        [ 0.15287802,  0.40034466,  0.56956074, ...,  0.        ,
         -0.00342295,  0.00747477],
        [ 0.14949441,  0.39720564,  0.56674391, ...,  0.00342295,
          0.        ,  0.01089758],
        [ 0.16026066,  0.40718309,  0.57568871, ..., -0.00747477,
         -0.01089758,  0.        ]]]), 'num': array([2.43879140e+07, 3.25591400e+06, 5.87000000e+02, 3.60000000e+04,
       3.65000000e+04, 3.56500000e+04, 3.03580900e+06, 1.25000000e+03,
       3.51500000e+04, 3.46075000e+04, 3.81225000e+04, 6.09665428e+01,
       3.76155351e+04, 3.15994649e+04])}
{'img': array([[[ 0.        , -0.42225987, -0.60191369, ..., -0.88392648,
         -0.88392648, -0.95769961],
        [ 0.42225987,  0.        , -0.20841927, ..., -0.99871675,
         -0.99871675, -0.98964422],
        [ 0.60191369,  0.20841927,  0.        , ..., -0.98733978,
         -0.98733978, -0.93799428],
        ...,
        [ 0.88392648,  0.99871675,  0.98733978, ...,  0.        ,
          0.        ,  0.19347781],
        [ 0.88392648,  0.99871675,  0.98733978, ...,  0.        ,
          0.        ,  0.19347781],
        [ 0.95769961,  0.98964422,  0.93799428, ..., -0.19347781,
         -0.19347781,  0.        ]],

       [[ 0.        , -0.28866221,  0.07668509, ..., -0.49307137,
         -0.55701242, -0.08914257],
        [ 0.28866221,  0.        ,  0.36123289, ..., -0.22094891,
         -0.2935658 ,  0.20216515],
        [-0.07668509, -0.36123289,  0.        , ..., -0.55833463,
         -0.61905951, -0.16525988],
        ...,
        [ 0.49307137,  0.22094891,  0.55833463, ...,  0.        ,
         -0.07509678,  0.41355535],
        [ 0.55701242,  0.2935658 ,  0.61905951, ...,  0.07509678,
          0.        ,  0.48076161],
        [ 0.08914257, -0.20216515,  0.16525988, ..., -0.41355535,
         -0.48076161,  0.        ]],

       [[ 0.        , -0.4020924 , -0.56488513, ..., -0.74781822,
         -0.75705303, -0.79727429],
        [ 0.4020924 ,  0.        , -0.18541391, ..., -0.95165225,
         -0.95586552, -0.9726935 ],
        [ 0.56488513,  0.18541391,  0.        , ..., -0.99210606,
         -0.99376675, -0.99886084],
        ...,
        [ 0.74781822,  0.95165225,  0.99210606, ...,  0.        ,
          0.01402059,  0.0779173 ],
        [ 0.75705303,  0.95586552,  0.99376675, ..., -0.01402059,
          0.        ,  0.06393167],
        [ 0.79727429,  0.9726935 ,  0.99886084, ..., -0.0779173 ,
         -0.06393167,  0.        ]],

       ...,

       [[ 0.        , -0.59028143, -0.61834022, ...,  0.75535706,
          0.97509247,  0.9343679 ],
        [ 0.59028143,  0.        , -0.03521429, ...,  0.9965417 ,
          0.91801589,  0.54389642],
        [ 0.61834022,  0.03521429,  0.        , ...,  0.99884973,
          0.90348252,  0.51400894],
        ...,
        [-0.75535706, -0.9965417 , -0.99884973, ...,  0.        ,
          0.47145397,  0.88144493],
        [-0.97509247, -0.91801589, -0.90348252, ..., -0.47145397,
          0.        ,  0.55467656],
        [-0.9343679 , -0.54389642, -0.51400894, ..., -0.88144493,
         -0.55467656,  0.        ]],

       [[ 0.        ,  0.07109421,  0.19653571, ..., -0.57914322,
         -0.44229759, -0.38486099],
        [-0.07109421,  0.        ,  0.12633076, ..., -0.51971993,
         -0.37741625, -0.318269  ],
        [-0.19653571, -0.12633076,  0.        , ..., -0.40762701,
         -0.25740465, -0.19595746],
        ...,
        [ 0.57914322,  0.51971993,  0.40762701, ...,  0.        ,
         -0.15884282, -0.22078584],
        [ 0.44229759,  0.37741625,  0.25740465, ...,  0.15884282,
          0.        , -0.06305977],
        [ 0.38486099,  0.318269  ,  0.19595746, ...,  0.22078584,
          0.06305977,  0.        ]],

       [[ 0.        , -0.36393225, -0.52637825, ..., -0.15074382,
         -0.16159887, -0.16589843],
        [ 0.36393225,  0.        , -0.18084849, ..., -0.50018017,
         -0.50966622, -0.5134112 ],
        [ 0.52637825,  0.18084849,  0.        , ..., -0.64853326,
         -0.65685933, -0.66013937],
        ...,
        [ 0.15074382,  0.50018017,  0.64853326, ...,  0.        ,
          0.01098974,  0.01534775],
        [ 0.16159887,  0.50966622,  0.65685933, ..., -0.01098974,
          0.        ,  0.00435838],
        [ 0.16589843,  0.5134112 ,  0.66013937, ..., -0.01534775,
         -0.00435838,  0.        ]]]), 'num': array([ 2.43576830e+07,  2.67983300e+06,  6.03000000e+02,  3.59500000e+04,
        3.59500000e+04,  3.54000000e+04,  3.07922400e+06, -5.00000000e+01,
        3.52600000e+04,  3.46150000e+04,  3.79725000e+04,  6.58634538e+01,
        3.76356125e+04,  3.15943875e+04])}
{'img': array([[[ 0.00000000e+00, -4.62167876e-01, -3.62264151e-01, ...,
         -8.97256608e-01, -9.67510670e-01, -9.65506930e-01],
        [ 4.62167876e-01,  0.00000000e+00,  1.09522226e-01, ...,
         -9.99731865e-01, -9.74831151e-01, -9.76542309e-01],
        [ 3.62264151e-01, -1.09522226e-01,  0.00000000e+00, ...,
         -9.96253916e-01, -9.93384277e-01, -9.94250710e-01],
        ...,
        [ 8.97256608e-01,  9.99731865e-01,  9.96253916e-01, ...,
          0.00000000e+00,  2.00311531e-01,  1.92655113e-01],
        [ 9.67510670e-01,  9.74831151e-01,  9.93384277e-01, ...,
         -2.00311531e-01,  0.00000000e+00, -7.80857326e-03],
        [ 9.65506930e-01,  9.76542309e-01,  9.94250710e-01, ...,
         -1.92655113e-01,  7.80857326e-03,  0.00000000e+00]],

       [[ 0.00000000e+00,  3.61232894e-01,  1.59504346e-01, ...,
         -2.93565795e-01,  2.02165153e-01,  2.11464524e-01],
        [-3.61232894e-01,  0.00000000e+00, -2.07874195e-01, ...,
         -6.19059513e-01, -1.65259878e-01, -1.55878341e-01],
        [-1.59504346e-01,  2.07874195e-01,  0.00000000e+00, ...,
         -4.42283743e-01,  4.33660664e-02,  5.28599283e-02],
        ...,
        [ 2.93565795e-01,  6.19059513e-01,  4.42283743e-01, ...,
          0.00000000e+00,  4.80761613e-01,  4.89074160e-01],
        [-2.02165153e-01,  1.65259878e-01, -4.33660664e-02, ...,
         -4.80761613e-01,  0.00000000e+00,  9.50476241e-03],
        [-2.11464524e-01,  1.55878341e-01, -5.28599283e-02, ...,
         -4.89074160e-01, -9.50476241e-03,  0.00000000e+00]],

       [[ 0.00000000e+00, -4.24162375e-01, -5.52968434e-01, ...,
         -7.69969865e-01, -8.10200647e-01, -8.22445835e-01],
        [ 4.24162375e-01,  0.00000000e+00, -1.47347532e-01, ...,
         -9.67923682e-01, -9.82330380e-01, -9.86077540e-01],
        [ 5.52968434e-01,  1.47347532e-01,  0.00000000e+00, ...,
         -9.94378825e-01, -9.99184869e-01, -9.99816143e-01],
        ...,
        [ 7.69969865e-01,  9.67923682e-01,  9.94378825e-01, ...,
          0.00000000e+00,  6.56531670e-02,  8.67941465e-02],
        [ 8.10200647e-01,  9.82330380e-01,  9.99184869e-01, ...,
         -6.56531670e-02,  0.00000000e+00,  2.12014789e-02],
        [ 8.22445835e-01,  9.86077540e-01,  9.99816143e-01, ...,
         -8.67941465e-02, -2.12014789e-02,  0.00000000e+00]],

       ...,

       [[ 0.00000000e+00, -3.33295119e-02, -2.58763070e-01, ...,
          9.86019034e-01,  9.24392351e-01,  5.19007548e-01],
        [ 3.33295119e-02,  0.00000000e+00, -2.26424969e-01, ...,
          9.79917431e-01,  9.11165465e-01,  4.90230142e-01],
        [ 2.58763070e-01,  2.26424969e-01,  0.00000000e+00, ...,
          9.09317641e-01,  7.94204940e-01,  2.80147759e-01],
        ...,
        [-9.86019034e-01, -9.79917431e-01, -9.09317641e-01, ...,
          0.00000000e+00,  2.22076066e-01,  7.56335507e-01],
        [-9.24392351e-01, -9.11165465e-01, -7.94204940e-01, ...,
         -2.22076066e-01,  0.00000000e+00,  5.92170722e-01],
        [-5.19007548e-01, -4.90230142e-01, -2.80147759e-01, ...,
         -7.56335507e-01, -5.92170722e-01,  0.00000000e+00]],

       [[ 0.00000000e+00,  1.26330764e-01,  2.30415322e-01, ...,
         -3.77416254e-01, -3.18268996e-01, -3.87583807e-01],
        [-1.26330764e-01,  0.00000000e+00,  1.05637771e-01, ...,
         -2.57404650e-01, -1.95957459e-01, -2.68022500e-01],
        [-2.30415322e-01, -1.05637771e-01,  0.00000000e+00, ...,
         -1.53886219e-01, -9.12713064e-02, -1.64750062e-01],
        ...,
        [ 3.77416254e-01,  2.57404650e-01,  1.53886219e-01, ...,
          0.00000000e+00, -6.30597725e-02,  1.10042369e-02],
        [ 3.18268996e-01,  1.95957459e-01,  9.12713064e-02, ...,
          6.30597725e-02,  0.00000000e+00,  7.40382901e-02],
        [ 3.87583807e-01,  2.68022500e-01,  1.64750062e-01, ...,
         -1.10042369e-02, -7.40382901e-02,  0.00000000e+00]],

       [[ 0.00000000e+00, -4.01308364e-01, -5.53175239e-01, ...,
         -1.64423295e-01, -1.68796914e-01, -1.63918510e-01],
        [ 4.01308364e-01,  0.00000000e+00, -1.72361074e-01, ...,
         -5.46448874e-01, -5.50158285e-01, -5.46020234e-01],
        [ 5.53175239e-01,  1.72361074e-01,  0.00000000e+00, ...,
         -6.82621732e-01, -6.85856433e-01, -6.82247686e-01],
        ...,
        [ 1.64423295e-01,  5.46448874e-01,  6.82621732e-01, ...,
          0.00000000e+00,  4.43560625e-03, -5.11728172e-04],
        [ 1.68796914e-01,  5.50158285e-01,  6.85856433e-01, ...,
         -4.43560625e-03,  0.00000000e+00, -4.94732881e-03],
        [ 1.63918510e-01,  5.46020234e-01,  6.82247686e-01, ...,
          5.11728172e-04,  4.94732881e-03,  0.00000000e+00]]]), 'num': array([ 2.37781480e+07,  2.42814800e+06,  6.10000000e+02,  3.50000000e+04,
        3.57500000e+04,  3.50000000e+04,  3.24206700e+06, -9.50000000e+02,
        3.52900000e+04,  3.45200000e+04,  3.78175000e+04,  6.58634538e+01,
        3.73613729e+04,  3.16786271e+04])}
{'img': array([[[ 0.        ,  0.12718976,  0.41810882, ..., -0.98301147,
         -0.98442725, -0.99973148],
        [-0.12718976,  0.        ,  0.29917432, ..., -0.99837278,
         -0.99879113, -0.99455939],
        [-0.41810882, -0.29917432,  0.        , ..., -0.96970605,
         -0.96775108, -0.91784172],
        ...,
        [ 0.98301147,  0.99837278,  0.96970605, ...,  0.        ,
         -0.00787988, -0.16071587],
        [ 0.98442725,  0.99879113,  0.96775108, ...,  0.00787988,
          0.        , -0.15293343],
        [ 0.99973148,  0.99455939,  0.91784172, ...,  0.16071587,
          0.15293343,  0.        ]],

       [[ 0.        , -0.2078742 , -0.24660495, ..., -0.16525988,
         -0.15587834, -0.12143158],
        [ 0.2078742 ,  0.        , -0.03976378, ...,  0.04336607,
          0.05285993,  0.08755691],
        [ 0.24660495,  0.03976378,  0.        , ...,  0.08305814,
          0.09252631,  0.12709873],
        ...,
        [ 0.16525988, -0.04336607, -0.08305814, ...,  0.        ,
          0.00950476,  0.04427502],
        [ 0.15587834, -0.05285993, -0.09252631, ..., -0.00950476,
          0.        ,  0.03477758],
        [ 0.12143158, -0.08755691, -0.12709873, ..., -0.04427502,
         -0.03477758,  0.        ]],

       [[ 0.        , -0.38232063, -0.38628805, ..., -0.82464664,
         -0.83681784, -0.84003847],
        [ 0.38232063,  0.        , -0.00429743, ..., -0.978257  ,
         -0.982558  , -0.98363972],
        [ 0.38628805,  0.00429743,  0.        , ..., -0.97913924,
         -0.98334806, -0.9844048 ],
        ...,
        [ 0.82464664,  0.978257  ,  0.97913924, ...,  0.        ,
          0.02186581,  0.02777333],
        [ 0.83681784,  0.982558  ,  0.98334806, ..., -0.02186581,
          0.        ,  0.00590932],
        [ 0.84003847,  0.98363972,  0.9844048 , ..., -0.02777333,
         -0.00590932,  0.        ]],

       ...,

       [[ 0.        , -0.22642497,  0.18419345, ...,  0.91116546,
          0.49023014,  0.49023014],
        [ 0.22642497,  0.        ,  0.40196053, ...,  0.79420494,
          0.28014776,  0.28014776],
        [-0.18419345, -0.40196053,  0.        , ...,  0.97147062,
          0.64238404,  0.64238404],
        ...,
        [-0.91116546, -0.79420494, -0.97147062, ...,  0.        ,
          0.59217072,  0.59217072],
        [-0.49023014, -0.28014776, -0.64238404, ..., -0.59217072,
          0.        ,  0.        ],
        [-0.49023014, -0.28014776, -0.64238404, ..., -0.59217072,
          0.        ,  0.        ]],

       [[ 0.        ,  0.10473046,  0.15055917, ..., -0.44182562,
         -0.4509684 , -0.19429346],
        [-0.10473046,  0.        ,  0.04619456, ..., -0.34544208,
         -0.35501225, -0.09049032],
        [-0.15055917, -0.04619456,  0.        , ..., -0.30172248,
         -0.31144774, -0.04438868],
        ...,
        [ 0.44182562,  0.34544208,  0.30172248, ...,  0.        ,
          0.01021717, -0.2591051 ],
        [ 0.4509684 ,  0.35501225,  0.31144774, ..., -0.01021717,
          0.        , -0.26895982],
        [ 0.19429346,  0.09049032,  0.04438868, ...,  0.2591051 ,
          0.26895982,  0.        ]],

       [[ 0.        , -0.4068705 , -0.5356881 , ..., -0.17243259,
         -0.16745064, -0.23652038],
        [ 0.4068705 ,  0.        , -0.14577556, ..., -0.55829085,
         -0.55408947, -0.61138419],
        [ 0.5356881 ,  0.14577556,  0.        , ..., -0.67326902,
         -0.66952242, -0.72021034],
        ...,
        [ 0.17243259,  0.55829085,  0.67326902, ...,  0.        ,
         -0.00505547,  0.06543754],
        [ 0.16745064,  0.55408947,  0.66952242, ...,  0.00505547,
          0.        ,  0.07048133],
        [ 0.23652038,  0.61138419,  0.72021034, ..., -0.06543754,
         -0.07048133,  0.        ]]]), 'num': array([ 2.35284790e+07,  1.93807900e+06,  6.24000000e+02,  3.46000000e+04,
        3.54500000e+04,  3.43500000e+04,  2.16345200e+06, -4.00000000e+02,
        3.52600000e+04,  3.44675000e+04,  3.76683333e+04,  5.52884615e+01,
        3.72618291e+04,  3.16731709e+04])}
{'img': array([[[ 0.        ,  0.29917432, -0.19434371, ..., -0.99879113,
         -0.99455939, -0.98525572],
        [-0.29917432,  0.        , -0.47891258, ..., -0.96775108,
         -0.91784172, -0.88894433],
        [ 0.19434371,  0.47891258,  0.        , ..., -0.97019458,
         -0.99584162, -0.99972025],
        ...,
        [ 0.99879113,  0.96775108,  0.97019458, ...,  0.        ,
         -0.15293343, -0.21931223],
        [ 0.99455939,  0.91784172,  0.99584162, ...,  0.15293343,
          0.        , -0.06752212],
        [ 0.98525572,  0.88894433,  0.99972025, ...,  0.21931223,
          0.06752212,  0.        ]],

       [[ 0.        , -0.03976378, -0.03531858, ...,  0.05285993,
          0.08755691, -0.17775267],
        [ 0.03976378,  0.        ,  0.00444832, ...,  0.09252631,
          0.12709873, -0.13848154],
        [ 0.03531858, -0.00444832,  0.        , ...,  0.08809615,
          0.12268523, -0.14288563],
        ...,
        [-0.05285993, -0.09252631, -0.08809615, ...,  0.        ,
          0.03477758, -0.22952231],
        [-0.08755691, -0.12709873, -0.12268523, ..., -0.03477758,
          0.        , -0.2632326 ],
        [ 0.17775267,  0.13848154,  0.14288563, ...,  0.22952231,
          0.2632326 ,  0.        ]],

       [[ 0.        , -0.05857072, -0.33180601, ..., -0.84823894,
         -0.85143292, -0.84823894],
        [ 0.05857072,  0.        , -0.27598384, ..., -0.87780259,
         -0.88068944, -0.87780259],
        [ 0.33180601,  0.27598384,  0.        , ..., -0.97591322,
         -0.97721739, -0.97591322],
        ...,
        [ 0.84823894,  0.87780259,  0.97591322, ...,  0.        ,
          0.00606019,  0.        ],
        [ 0.85143292,  0.88068944,  0.97721739, ..., -0.00606019,
          0.        , -0.00606019],
        [ 0.84823894,  0.87780259,  0.97591322, ...,  0.        ,
          0.00606019,  0.        ]],

       ...,

