state_0,state_1,state_2,state_3,state_4,state_5,state_6,state_7,state_8,state_9,state_10,state_11,state_12,state_13,state_14,state_15,state_16,state_17,state_18,state_19,state_20,state_21,state_22,state_23,state_24,state_25,state_26,state_27,state_28,state_29,state_30,state_31,state_32,state_33,state_34,state_35,state_36,state_37,state_38,state_39,state_40,state_41,state_42,state_43,state_44,state_45,state_46,state_47,state_48,state_49,state_50,state_51,state_52,state_53,state_54,state_55,state_56,state_57,state_58,state_59,state_60,state_61,state_62,state_63,state_64,state_65,state_66,state_67,state_68,state_69,state_70,state_71,state_72,state_73,state_74,state_75,state_76,state_77
{'img': array([[[ 0.        , -0.88751215, -0.9587313 , ..., -0.72734263,
         -0.64437948, -0.38821549],
        [ 0.88751215,  0.        , -0.18943646, ..., -0.94422504,
         -0.97560572, -0.99678696],
        [ 0.9587313 ,  0.18943646,  0.        , ..., -0.86474634,
         -0.9163534 , -0.99391168],
        ...,
        [ 0.72734263,  0.94422504,  0.86474634, ...,  0.        ,
         -0.11398197, -0.40387375],
        [ 0.64437948,  0.97560572,  0.9163534 , ...,  0.11398197,
          0.        , -0.29696925],
        [ 0.38821549,  0.99678696,  0.99391168, ...,  0.40387375,
          0.29696925,  0.        ]],

       [[ 0.        ,  0.99595372,  0.98915306, ...,  0.59198791,
          0.74237136,  0.66656216],
        [-0.99595372,  0.        , -0.05740129, ..., -0.74948522,
         -0.60056252, -0.6825308 ],
        [-0.98915306,  0.05740129,  0.        , ..., -0.7102486 ,
         -0.55367551, -0.63945331],
        ...,
        [-0.59198791,  0.74948522,  0.7102486 , ...,  0.        ,
          0.2016867 ,  0.09591661],
        [-0.74237136,  0.60056252,  0.55367551, ..., -0.2016867 ,
          0.        , -0.10681126],
        [-0.66656216,  0.6825308 ,  0.63945331, ..., -0.09591661,
          0.10681126,  0.        ]],

       [[ 0.        , -0.5237828 , -0.72375361, ..., -0.43468037,
         -0.50426706, -0.53007107],
        [ 0.5237828 ,  0.        , -0.25509009, ..., -0.84199411,
         -0.88187229, -0.89568534],
        [ 0.72375361,  0.25509009,  0.        , ..., -0.95175638,
         -0.97296957, -0.97948924],
        ...,
        [ 0.43468037,  0.84199411,  0.95175638, ...,  0.        ,
          0.07876799,  0.10878533],
        [ 0.50426706,  0.88187229,  0.97296957, ..., -0.07876799,
          0.        ,  0.03014681],
        [ 0.53007107,  0.89568534,  0.97948924, ..., -0.10878533,
         -0.03014681,  0.        ]],

       ...,

       [[ 0.        , -0.37733977, -0.92449559, ..., -0.08342017,
         -0.32703165, -0.39463731],
        [ 0.37733977,  0.        , -0.71231296, ...,  0.29877121,
          0.05373533, -0.01874996],
        [ 0.92449559,  0.71231296,  0.        , ...,  0.88947406,
          0.74899861,  0.69902785],
        ...,
        [ 0.08342017, -0.29877121, -0.88947406, ...,  0.        ,
         -0.24705859, -0.31661224],
        [ 0.32703165, -0.05373533, -0.74899861, ...,  0.24705859,
          0.        , -0.07244876],
        [ 0.39463731,  0.01874996, -0.69902785, ...,  0.31661224,
          0.07244876,  0.        ]],

       [[ 0.        ,  0.15094027,  0.34674002, ..., -0.98528073,
         -0.9753853 , -0.94025369],
        [-0.15094027,  0.        ,  0.20119125, ..., -0.9481899 ,
         -0.93092674, -0.87808976],
        [-0.34674002, -0.20119125,  0.        , ..., -0.864882  ,
         -0.83841489, -0.76386537],
        ...,
        [ 0.98528073,  0.9481899 ,  0.864882  , ...,  0.        ,
         -0.05052534, -0.17473228],
        [ 0.9753853 ,  0.93092674,  0.83841489, ...,  0.05052534,
          0.        , -0.12476105],
        [ 0.94025369,  0.87808976,  0.76386537, ...,  0.17473228,
          0.12476105,  0.        ]],

       [[ 0.        , -0.5563492 , -0.75696342, ..., -0.39079047,
         -0.29763571, -0.        ],
        [ 0.5563492 ,  0.        , -0.26544728, ..., -0.83683492,
         -0.77845516, -0.5563492 ],
        [ 0.75696342,  0.26544728,  0.        , ..., -0.9521343 ,
         -0.91714969, -0.75696342],
        ...,
        [ 0.39079047,  0.83683492,  0.9521343 , ...,  0.        ,
         -0.09911205, -0.39079047],
        [ 0.29763571,  0.77845516,  0.91714969, ...,  0.09911205,
          0.        , -0.29763571],
        [ 0.        ,  0.5563492 ,  0.75696342, ...,  0.39079047,
          0.29763571,  0.        ]]]), 'num': array([8.67311740e+07, 2.98932600e+06, 2.51100000e+03, 3.33500000e+04,
       3.34500000e+04, 3.29000000e+04, 2.33607000e+05, 2.00000000e+02,
       3.37900000e+04, 3.52125000e+04, 3.77066667e+04, 2.86516854e+01,
       3.93214993e+04, 3.11035007e+04])}
{'img': array([[[ 0.        , -0.32507213, -0.48648475, ..., -0.97882124,
         -0.85347047, -0.90257273],
        [ 0.32507213,  0.        , -0.17605142, ..., -0.99220843,
         -0.97652631, -0.99350902],
        [ 0.48648475,  0.17605142,  0.        , ..., -0.95477703,
         -0.99919507, -0.99801782],
        ...,
        [ 0.97882124,  0.99220843,  0.95477703, ...,  0.        ,
         -0.33538432, -0.23664736],
        [ 0.85347047,  0.97652631,  0.99919507, ...,  0.33538432,
          0.        ,  0.10291686],
        [ 0.90257273,  0.99350902,  0.99801782, ...,  0.23664736,
         -0.10291686,  0.        ]],

       [[ 0.        , -0.05740129, -0.57704477, ..., -0.60056252,
         -0.6825308 , -0.94298663],
        [ 0.05740129,  0.        , -0.52921298, ..., -0.55367551,
         -0.63945331, -0.92232691],
        [ 0.57704477,  0.52921298,  0.        , ..., -0.02909473,
         -0.13569433, -0.57809081],
        ...,
        [ 0.60056252,  0.55367551,  0.02909473, ...,  0.        ,
         -0.10681126, -0.55410558],
        [ 0.6825308 ,  0.63945331,  0.13569433, ...,  0.10681126,
          0.        , -0.46202106],
        [ 0.94298663,  0.92232691,  0.57809081, ...,  0.55410558,
          0.46202106,  0.        ]],

       [[ 0.        , -0.56474837, -0.76837491, ..., -0.52251257,
         -0.54905005, -0.5585458 ],
        [ 0.56474837,  0.        , -0.27267255, ..., -0.91273267,
         -0.92512152, -0.92939118],
        [ 0.76837491,  0.27267255,  0.        , ..., -0.98954876,
         -0.99359169, -0.99481608],
        ...,
        [ 0.52251257,  0.91273267,  0.98954876, ...,  0.        ,
          0.0314269 ,  0.04282335],
        [ 0.54905005,  0.92512152,  0.99359169, ..., -0.0314269 ,
          0.        ,  0.01140413],
        [ 0.5585458 ,  0.92939118,  0.99481608, ..., -0.04282335,
         -0.01140413,  0.        ]],

       ...,

       [[ 0.        , -0.71231296, -0.82377917, ...,  0.05373533,
         -0.01874996,  0.13865652],
        [ 0.71231296,  0.        , -0.17436136, ...,  0.74899861,
          0.69902785,  0.80275014],
        [ 0.82377917,  0.17436136,  0.        , ...,  0.85305213,
          0.8130048 ,  0.89442779],
        ...,
        [-0.05373533, -0.74899861, -0.85305213, ...,  0.        ,
         -0.07244876,  0.08523991],
        [ 0.01874996, -0.69902785, -0.8130048 , ...,  0.07244876,
          0.        ,  0.15720099],
        [-0.13865652, -0.80275014, -0.89442779, ..., -0.08523991,
         -0.15720099,  0.        ]],

       [[ 0.        ,  0.20044162,  0.48289898, ..., -0.94000575,
         -0.89460342, -0.6714138 ],
        [-0.20044162,  0.        ,  0.29757693, ..., -0.85254655,
         -0.78687849, -0.50924409],
        [-0.48289898, -0.29757693,  0.        , ..., -0.65839539,
         -0.5675941 , -0.23007294],
        ...,
        [ 0.94000575,  0.85254655,  0.65839539, ...,  0.        ,
         -0.11485021, -0.46756335],
        [ 0.89460342,  0.78687849,  0.5675941 , ...,  0.11485021,
          0.        , -0.36294646],
        [ 0.6714138 ,  0.50924409,  0.23007294, ...,  0.46756335,
          0.36294646,  0.        ]],

       [[ 0.        , -0.58756213, -0.77219192, ..., -0.39255446,
         -0.24919702, -0.        ],
        [ 0.58756213,  0.        , -0.25151081, ..., -0.85804464,
         -0.77067121, -0.58756213],
        [ 0.77219192,  0.25151081,  0.        , ..., -0.95963205,
         -0.90616857, -0.77219192],
        ...,
        [ 0.39255446,  0.85804464,  0.95963205, ...,  0.        ,
         -0.1509768 , -0.39255446],
        [ 0.24919702,  0.77067121,  0.90616857, ...,  0.1509768 ,
          0.        , -0.24919702],
        [ 0.        ,  0.58756213,  0.77219192, ...,  0.39255446,
          0.24919702,  0.        ]]]), 'num': array([2.14027630e+07, 2.04327130e+07, 2.90000000e+01, 3.34500000e+04,
       3.36500000e+04, 3.32000000e+04, 2.47027000e+05, 1.00000000e+02,
       3.36500000e+04, 3.49750000e+04, 3.75941667e+04, 2.70114943e+01,
       3.89113054e+04, 3.10386946e+04])}
{'img': array([[[ 0.        , -0.17605142,  0.11505589, ..., -0.97652631,
         -0.99350902, -0.99765306],
        [ 0.17605142,  0.        ,  0.2881411 , ..., -0.99919507,
         -0.99801782, -0.99412523],
        [-0.11505589, -0.2881411 ,  0.        , ..., -0.94525839,
         -0.97382315, -0.98314959],
        ...,
        [ 0.97652631,  0.99919507,  0.94525839, ...,  0.        ,
          0.10291686,  0.14802821],
        [ 0.99350902,  0.99801782,  0.97382315, ..., -0.10291686,
          0.        ,  0.04545913],
        [ 0.99765306,  0.99412523,  0.98314959, ..., -0.14802821,
         -0.04545913,  0.        ]],

       [[ 0.        , -0.52921298, -0.32078324, ..., -0.63945331,
         -0.92232691, -0.9006251 ],
        [ 0.52921298,  0.        ,  0.22906441, ..., -0.13569433,
         -0.57809081, -0.5341762 ],
        [ 0.32078324, -0.22906441,  0.        , ..., -0.35903213,
         -0.74963035, -0.71361804],
        ...,
        [ 0.63945331,  0.13569433,  0.35903213, ...,  0.        ,
         -0.46202106, -0.41452312],
        [ 0.92232691,  0.57809081,  0.74963035, ...,  0.46202106,
          0.        ,  0.0528294 ],
        [ 0.9006251 ,  0.5341762 ,  0.71361804, ...,  0.41452312,
         -0.0528294 ,  0.        ]],

       [[ 0.        , -0.60397778, -0.75451218, ..., -0.57226436,
         -0.58205588, -0.53406399],
        [ 0.60397778,  0.        , -0.20496489, ..., -0.95139894,
         -0.95502301, -0.93627904],
        [ 0.75451218,  0.20496489,  0.        , ..., -0.99432132,
         -0.99552582, -0.98839658],
        ...,
        [ 0.57226436,  0.95139894,  0.99432132, ...,  0.        ,
          0.01199003, -0.04584808],
        [ 0.58205588,  0.95502301,  0.99552582, ..., -0.01199003,
          0.        , -0.0578222 ],
        [ 0.53406399,  0.93627904,  0.98839658, ...,  0.04584808,
          0.0578222 ,  0.        ]],

       ...,

       [[ 0.        , -0.17436136,  0.59644117, ...,  0.69902785,
          0.80275014,  0.74899861],
        [ 0.17436136,  0.        ,  0.72725705, ...,  0.8130048 ,
          0.89442779,  0.85305213],
        [-0.59644117, -0.72725705,  0.        , ...,  0.13456769,
          0.28866572,  0.20600386],
        ...,
        [-0.69902785, -0.8130048 , -0.13456769, ...,  0.        ,
          0.15720099,  0.07244876],
        [-0.80275014, -0.89442779, -0.28866572, ..., -0.15720099,
          0.        , -0.08523991],
        [-0.74899861, -0.85305213, -0.20600386, ..., -0.07244876,
          0.08523991,  0.        ]],

       [[ 0.        ,  0.29047446,  0.37408623, ..., -0.88769183,
         -0.81775868, -0.49805374],
        [-0.29047446,  0.        ,  0.08857241, ..., -0.7156715 ,
         -0.61531334, -0.22469522],
        [-0.37408623, -0.08857241,  0.        , ..., -0.65099647,
         -0.5430749 , -0.13750457],
        ...,
        [ 0.88769183,  0.7156715 ,  0.65099647, ...,  0.        ,
         -0.13439378, -0.54043567],
        [ 0.81775868,  0.61531334,  0.5430749 , ...,  0.13439378,
          0.        , -0.42245589],
        [ 0.49805374,  0.22469522,  0.13750457, ...,  0.54043567,
          0.42245589,  0.        ]],

       [[ 0.        , -0.58755354, -0.72520115, ..., -0.30679847,
         -0.16428954, -0.        ],
        [ 0.58755354,  0.        , -0.18226972, ..., -0.80747528,
         -0.71251064, -0.58755354],
        [ 0.72520115,  0.18226972,  0.        , ..., -0.90147008,
         -0.82846667, -0.72520115],
        ...,
        [ 0.30679847,  0.80747528,  0.90147008, ...,  0.        ,
         -0.14626314, -0.30679847],
        [ 0.16428954,  0.71251064,  0.82846667, ...,  0.14626314,
          0.        , -0.16428954],
        [ 0.        ,  0.58755354,  0.72520115, ...,  0.30679847,
          0.16428954,  0.        ]]]), 'num': array([2.17201700e+07, 3.57152000e+06, 5.33000000e+02, 3.40500000e+04,
       3.44500000e+04, 3.33500000e+04, 3.79100000e+05, 6.00000000e+02,
       3.35900000e+04, 3.47750000e+04, 3.75066667e+04, 3.47058824e+01,
       3.84647832e+04, 3.10852168e+04])}
{'img': array([[[ 0.        ,  0.2881411 ,  0.20724682, ..., -0.99801782,
         -0.99412523, -0.94405867],
        [-0.2881411 ,  0.        , -0.08342812, ..., -0.97382315,
         -0.98314959, -0.99904168],
        [-0.20724682,  0.08342812,  0.        , ..., -0.989392  ,
         -0.99497303, -0.99190726],
        ...,
        [ 0.99801782,  0.97382315,  0.989392  , ...,  0.        ,
          0.04545913,  0.26971233],
        [ 0.99412523,  0.98314959,  0.99497303, ..., -0.04545913,
          0.        ,  0.22565904],
        [ 0.94405867,  0.99904168,  0.99190726, ..., -0.26971233,
         -0.22565904,  0.        ]],

       [[ 0.        ,  0.22906441, -0.09306249, ..., -0.57809081,
         -0.5341762 , -0.19958495],
        [-0.22906441,  0.        , -0.31865841, ..., -0.74963035,
         -0.71361804, -0.418734  ],
        [ 0.09306249,  0.31865841,  0.        , ..., -0.49964563,
         -0.45318549, -0.10752869],
        ...,
        [ 0.57809081,  0.74963035,  0.49964563, ...,  0.        ,
          0.0528294 ,  0.40360411],
        [ 0.5341762 ,  0.71361804,  0.45318549, ..., -0.0528294 ,
          0.        ,  0.3547051 ],
        [ 0.19958495,  0.418734  ,  0.10752869, ..., -0.40360411,
         -0.3547051 ,  0.        ]],

       [[ 0.        , -0.53730351, -0.75029429, ..., -0.6104678 ,
         -0.56075084, -0.53730351],
        [ 0.53730351,  0.        , -0.27757644, ..., -0.94042825,
         -0.9178101 , -0.9063117 ],
        [ 0.75029429,  0.27757644,  0.        , ..., -0.99784659,
         -0.99194673, -0.98800341],
        ...,
        [ 0.6104678 ,  0.94042825,  0.99784659, ...,  0.        ,
         -0.06132023, -0.08929535],
        [ 0.56075084,  0.9178101 ,  0.99194673, ...,  0.06132023,
          0.        , -0.02805204],
        [ 0.53730351,  0.9063117 ,  0.98800341, ...,  0.08929535,
          0.02805204,  0.        ]],

       ...,

       [[ 0.        ,  0.72725705,  0.78982691, ...,  0.89442779,
          0.85305213,  0.98513128],
        [-0.72725705,  0.        ,  0.09606127, ...,  0.28866572,
          0.20600386,  0.55121466],
        [-0.78982691, -0.09606127,  0.        , ...,  0.19535883,
          0.11105031,  0.46851551],
        ...,
        [-0.89442779, -0.28866572, -0.19535883, ...,  0.        ,
         -0.08523991,  0.28689729],
        [-0.85305213, -0.20600386, -0.11105031, ...,  0.08523991,
          0.        ,  0.36750966],
        [-0.98513128, -0.55121466, -0.46851551, ..., -0.28689729,
         -0.36750966,  0.        ]],

       [[ 0.        ,  0.08638629,  0.21924936, ..., -0.7452517 ,
         -0.61710811, -0.21924936],
        [-0.08638629,  0.        ,  0.13414533, ..., -0.68486481,
         -0.54682569, -0.13414533],
        [-0.21924936, -0.13414533,  0.        , ..., -0.58092707,
         -0.42957059, -0.        ],
        ...,
        [ 0.7452517 ,  0.68486481,  0.58092707, ...,  0.        ,
         -0.17494509, -0.58092707],
        [ 0.61710811,  0.54682569,  0.42957059, ...,  0.17494509,
          0.        , -0.42957059],
        [ 0.21924936,  0.13414533,  0.        , ...,  0.58092707,
          0.42957059,  0.        ]],

       [[ 0.        , -0.49895654, -0.67395681, ..., -0.17267389,
         -0.        , -0.14645759],
        [ 0.49895654,  0.        , -0.21545468, ..., -0.6411056 ,
         -0.49895654, -0.62050037],
        [ 0.67395681,  0.21545468,  0.        , ..., -0.79139976,
         -0.67395681, -0.77488808],
        ...,
        [ 0.17267389,  0.6411056 ,  0.79139976, ...,  0.        ,
         -0.17267389, -0.02655429],
        [ 0.        ,  0.49895654,  0.67395681, ...,  0.17267389,
          0.        ,  0.14645759],
        [ 0.14645759,  0.62050037,  0.77488808, ...,  0.02655429,
         -0.14645759,  0.        ]]]), 'num': array([2.25421120e+07, 1.45516120e+07, 2.10000000e+02, 3.80500000e+04,
       3.81000000e+04, 3.48500000e+04, 1.46157100e+06, 4.00000000e+03,
       3.44100000e+04, 3.48025000e+04, 3.74958333e+04, 5.94017094e+01,
       3.85802606e+04, 3.10247394e+04])}
{'img': array([[[ 0.        , -0.08342812,  0.        , ..., -0.98314959,
         -0.99904168, -0.45005955],
        [ 0.08342812,  0.        ,  0.08342812, ..., -0.99497303,
         -0.99190726, -0.37398936],
        [ 0.        , -0.08342812,  0.        , ..., -0.98314959,
         -0.99904168, -0.45005955],
        ...,
        [ 0.98314959,  0.99497303,  0.98314959, ...,  0.        ,
          0.22565904,  0.96022332],
        [ 0.99904168,  0.99190726,  0.99904168, ..., -0.22565904,
          0.        ,  0.87244416],
        [ 0.45005955,  0.37398936,  0.45005955, ..., -0.96022332,
         -0.87244416,  0.        ]],

       [[ 0.        , -0.31446986, -0.46829232, ..., -0.70675205,
         -0.41353078,  0.9408812 ],
        [ 0.31446986,  0.        , -0.16667739, ..., -0.44842145,
         -0.1062296 ,  0.78662541],
        [ 0.46829232,  0.16667739,  0.        , ..., -0.29316874,
          0.06099066,  0.67270998],
        ...,
        [ 0.70675205,  0.44842145,  0.29316874, ...,  0.        ,
          0.35093374,  0.42623419],
        [ 0.41353078,  0.1062296 , -0.06099066, ..., -0.35093374,
          0.        ,  0.71658499],
        [-0.9408812 , -0.78662541, -0.67270998, ..., -0.42623419,
         -0.71658499,  0.        ]],

       [[ 0.        , -0.59701723, -0.63612291, ..., -0.58174606,
         -0.55763902, -0.79874379],
        [ 0.59701723,  0.        , -0.04966469, ..., -0.9522894 ,
         -0.94292806, -0.9999831 ],
        [ 0.63612291,  0.04966469,  0.        , ..., -0.96627172,
         -0.9583026 , -0.99903782],
        ...,
        [ 0.58174606,  0.9522894 ,  0.96627172, ...,  0.        ,
         -0.02933073,  0.2996547 ],
        [ 0.55763902,  0.94292806,  0.9583026 , ...,  0.02933073,
          0.        ,  0.32750869],
        [ 0.79874379,  0.9999831 ,  0.99903782, ..., -0.2996547 ,
         -0.32750869,  0.        ]],

       ...,

       [[ 0.        ,  0.11590745,  0.18649975, ...,  0.24258669,
          0.61227915,  0.83671546],
        [-0.11590745,  0.        ,  0.07136889, ...,  0.1285064 ,
          0.51651114,  0.89455132],
        [-0.18649975, -0.07136889,  0.        , ...,  0.05740156,
          0.45408225,  0.92416962],
        ...,
        [-0.24258669, -0.1285064 , -0.05740156, ...,  0.        ,
          0.40219107,  0.9445722 ],
        [-0.61227915, -0.51651114, -0.45408225, ..., -0.40219107,
          0.        ,  0.99684936],
        [-0.83671546, -0.89455132, -0.92416962, ..., -0.9445722 ,
         -0.99684936,  0.        ]],

       [[ 0.        ,  0.13414533, -0.14415112, ..., -0.54682569,
         -0.13414533, -0.35131266],
        [-0.13414533,  0.        , -0.27559251, ..., -0.42957059,
         -0.        , -0.22254272],
        [ 0.14415112,  0.27559251,  0.        , ..., -0.66180449,
         -0.27559251, -0.48260611],
        ...,
        [ 0.54682569,  0.42957059,  0.66180449, ...,  0.        ,
         -0.42957059, -0.21783474],
        [ 0.13414533,  0.        ,  0.27559251, ...,  0.42957059,
          0.        ,  0.22254272],
        [ 0.35131266,  0.22254272,  0.48260611, ...,  0.21783474,
         -0.22254272,  0.        ]],

       [[ 0.        , -0.50478481, -0.6441441 , ..., -0.08311094,
         -0.17251566, -0.        ],
        [ 0.50478481,  0.        , -0.16994231, ..., -0.57478353,
         -0.64613978, -0.50478481],
        [ 0.6441441 ,  0.16994231,  0.        , ..., -0.70548746,
         -0.76644425, -0.6441441 ],
        ...,
        [ 0.08311094,  0.57478353,  0.70548746, ...,  0.        ,
          0.09005398, -0.08311094],
        [ 0.17251566,  0.64613978,  0.76644425, ..., -0.09005398,
          0.        , -0.17251566],
        [ 0.        ,  0.50478481,  0.6441441 , ...,  0.08311094,
          0.17251566,  0.        ]]]), 'num': array([ 2.23413720e+07,  1.35621720e+07,  2.36000000e+02,  3.72000000e+04,
        3.81000000e+04,  3.70000000e+04,  6.77077000e+05, -8.50000000e+02,
        3.52200000e+04,  3.47650000e+04,  3.74550000e+04,  6.49532710e+01,
        3.84302558e+04,  3.10997442e+04])}
{'img': array([[[ 0.        ,  0.08342812,  0.10088256, ..., -0.99190726,
         -0.37398936, -0.56311057],
        [-0.08342812,  0.        ,  0.01752837, ..., -0.99904168,
         -0.45005955, -0.63009091],
        [-0.10088256, -0.01752837,  0.        , ..., -0.99965539,
         -0.46564321, -0.64360526],
        ...,
        [ 0.99190726,  0.99904168,  0.99965539, ...,  0.        ,
          0.87244416,  0.74819884],
        [ 0.37398936,  0.45005955,  0.46564321, ..., -0.87244416,
          0.        , -0.21318941],
        [ 0.56311057,  0.63009091,  0.64360526, ..., -0.74819884,
          0.21318941,  0.        ]],

       [[ 0.        , -0.16667739, -0.49368784, ..., -0.1062296 ,
          0.78662541,  0.4197478 ],
        [ 0.16667739,  0.        , -0.34183269, ...,  0.06099066,
          0.67270998,  0.56515934],
        [ 0.49368784,  0.34183269,  0.        , ...,  0.39851295,
          0.37926233,  0.81312035],
        ...,
        [ 0.1062296 , -0.06099066, -0.39851295, ...,  0.        ,
          0.71658499,  0.51379102],
        [-0.78662541, -0.67270998, -0.37926233, ..., -0.71658499,
          0.        , -0.97313841],
        [-0.4197478 , -0.56515934, -0.81312035, ..., -0.51379102,
          0.97313841,  0.        ]],

       [[ 0.        , -0.05540463, -0.01557244, ..., -0.92085307,
         -0.9980325 , -0.97985614],
        [ 0.05540463,  0.        ,  0.03984939, ..., -0.94104143,
         -0.99997331, -0.9672865 ],
        [ 0.01557244, -0.03984939,  0.        , ..., -0.92681326,
         -0.99888786, -0.97662743],
        ...,
        [ 0.92085307,  0.94104143,  0.92681326, ...,  0.        ,
          0.33140635,  0.56595411],
        [ 0.9980325 ,  0.99997331,  0.99888786, ..., -0.33140635,
          0.        ,  0.26074741],
        [ 0.97985614,  0.9672865 ,  0.97662743, ..., -0.56595411,
         -0.26074741,  0.        ]],

       ...,

       [[ 0.        ,  0.06718908,  0.24860623, ...,  0.48546693,
          0.99319233,  0.67787054],
        [-0.06718908,  0.        ,  0.1829648 , ...,  0.42562951,
          0.99877456,  0.72573488],
        [-0.24860623, -0.1829648 ,  0.        , ...,  0.25288027,
          0.99096985,  0.8393592 ],
        ...,
        [-0.48546693, -0.42562951, -0.25288027, ...,  0.        ,
          0.92485352,  0.94953793],
        [-0.99319233, -0.99877456, -0.99096985, ..., -0.92485352,
          0.        ,  0.65121395],
        [-0.67787054, -0.72573488, -0.8393592 , ..., -0.94953793,
         -0.65121395,  0.        ]],

       [[ 0.        , -0.27508751, -0.382965  , ..., -0.12200051,
         -0.2526925 , -0.        ],
        [ 0.27508751,  0.        , -0.11407428, ..., -0.39032625,
         -0.50910341, -0.27508751],
        [ 0.382965  ,  0.11407428,  0.        , ..., -0.49280381,
         -0.60396444, -0.382965  ],
        ...,
        [ 0.12200051,  0.39032625,  0.49280381, ...,  0.        ,
          0.13276371, -0.12200051],
        [ 0.2526925 ,  0.50910341,  0.60396444, ..., -0.13276371,
          0.        , -0.2526925 ],
        [ 0.        ,  0.27508751,  0.382965  , ...,  0.12200051,
          0.2526925 ,  0.        ]],

       [[ 0.        , -0.44718576, -0.59681188, ..., -0.17868501,
         -0.        , -0.19879825],
        [ 0.44718576,  0.        , -0.17499964, ..., -0.59981212,
         -0.44718576, -0.61607345],
        [ 0.59681188,  0.17499964,  0.        , ..., -0.73058048,
         -0.59681188, -0.74441175],
        ...,
        [ 0.17868501,  0.59981212,  0.73058048, ...,  0.        ,
         -0.17868501,  0.02048032],
        [ 0.        ,  0.44718576,  0.59681188, ...,  0.17868501,
          0.        ,  0.19879825],
        [ 0.19879825,  0.61607345,  0.74441175, ..., -0.02048032,
         -0.19879825,  0.        ]]]), 'num': array([ 2.19232520e+07,  8.83710200e+06,  3.63000000e+02,  3.60500000e+04,
        3.74500000e+04,  3.58000000e+04,  4.67993000e+05, -1.15000000e+03,
        3.57600000e+04,  3.46875000e+04,  3.73991667e+04,  6.55660377e+01,
        3.81707277e+04,  3.12042723e+04])}
{'img': array([[[ 0.        ,  0.01752837,  0.13004404, ..., -0.45005955,
         -0.63009091, -0.82310507],
        [-0.01752837,  0.        ,  0.11264454, ..., -0.46564321,
         -0.64360526, -0.83293279],
        [-0.13004404, -0.11264454,  0.        , ..., -0.56236688,
         -0.72572229, -0.88996604],
        ...,
        [ 0.45005955,  0.46564321,  0.56236688, ...,  0.        ,
         -0.21318941, -0.47944772],
        [ 0.63009091,  0.64360526,  0.72572229, ...,  0.21318941,
          0.        , -0.28133692],
        [ 0.82310507,  0.83293279,  0.88996604, ...,  0.47944772,
          0.28133692,  0.        ]],

       [[ 0.        , -0.34183269, -0.13421988, ...,  0.67270998,
          0.56515934,  0.23851492],
        [ 0.34183269,  0.        ,  0.21260506, ...,  0.37926233,
          0.81312035,  0.55611398],
        [ 0.13421988, -0.21260506,  0.        , ...,  0.56731288,
          0.6707745 ,  0.36670287],
        ...,
        [-0.67270998, -0.37926233, -0.56731288, ...,  0.        ,
         -0.97313841, -0.82977346],
        [-0.56515934, -0.81312035, -0.6707745 , ...,  0.97313841,
          0.        , -0.35207773],
        [-0.23851492, -0.55611398, -0.36670287, ...,  0.82977346,
          0.35207773,  0.        ]],

       [[ 0.        ,  0.03984939,  0.1897447 , ..., -0.99997331,
         -0.9672865 , -0.91429675],
        [-0.03984939,  0.        ,  0.15046852, ..., -0.99888786,
         -0.97662743, -0.92971132],
        [-0.1897447 , -0.15046852,  0.        , ..., -0.98042084,
         -0.99784992, -0.97454229],
        ...,
        [ 0.99997331,  0.99888786,  0.98042084, ...,  0.        ,
          0.26074741,  0.41171471],
        [ 0.9672865 ,  0.97662743,  0.99784992, ..., -0.26074741,
          0.        ,  0.15984984],
        [ 0.91429675,  0.92971132,  0.97454229, ..., -0.41171471,
         -0.15984984,  0.        ]],

       ...,

       [[ 0.        ,  0.18149364, -0.01460567, ...,  0.99979188,
          0.86043956,  0.72182861],
        [-0.18149364,  0.        , -0.19583738, ...,  0.98689006,
          0.93863002,  0.8354472 ],
        [ 0.01460567,  0.19583738,  0.        , ...,  0.99938727,
          0.85290543,  0.71164343],
        ...,
        [-0.99979188, -0.98689006, -0.99938727, ...,  0.        ,
          0.49189289,  0.67720202],
        [-0.86043956, -0.93863002, -0.85290543, ..., -0.49189289,
          0.        ,  0.22767644],
        [-0.72182861, -0.8354472 , -0.71164343, ..., -0.67720202,
         -0.22767644,  0.        ]],

       [[ 0.        , -0.27067229, -0.48445207, ..., -0.40981307,
         -0.32897019, -0.        ],
        [ 0.27067229,  0.        , -0.22957929, ..., -0.64141439,
         -0.57229699, -0.27067229],
        [ 0.48445207,  0.22957929,  0.        , ..., -0.80041418,
         -0.74527659, -0.48445207],
        ...,
        [ 0.40981307,  0.64141439,  0.80041418, ...,  0.        ,
         -0.08692641, -0.40981307],
        [ 0.32897019,  0.57229699,  0.74527659, ...,  0.08692641,
          0.        , -0.32897019],
        [ 0.        ,  0.27067229,  0.48445207, ...,  0.40981307,
          0.32897019,  0.        ]],

       [[ 0.        , -0.43003866, -0.51871004, ..., -0.        ,
         -0.20420435, -0.31357834],
        [ 0.43003866,  0.        , -0.10063521, ..., -0.43003866,
         -0.60533483, -0.69145032],
        [ 0.51871004,  0.10063521,  0.        , ..., -0.51871004,
         -0.68236448, -0.76064139],
        ...,
        [ 0.        ,  0.43003866,  0.51871004, ...,  0.        ,
          0.20420435,  0.31357834],
        [ 0.20420435,  0.60533483,  0.68236448, ..., -0.20420435,
          0.        ,  0.11306595],
        [ 0.31357834,  0.69145032,  0.76064139, ..., -0.31357834,
         -0.11306595,  0.        ]]]), 'num': array([2.19665640e+07, 1.29040640e+07, 2.50000000e+02, 3.62500000e+04,
       3.65500000e+04, 3.56000000e+04, 3.65264000e+05, 2.00000000e+02,
       3.63200000e+04, 3.46425000e+04, 3.73425000e+04, 6.47342995e+01,
       3.80189293e+04, 3.12660707e+04])}
{'img': array([[[ 0.        ,  0.11264454,  0.09286227, ..., -0.64360526,
         -0.83293279, -0.80421272],
        [-0.11264454,  0.        , -0.01988657, ..., -0.72572229,
         -0.88996604, -0.86604352],
        [-0.09286227,  0.01988657,  0.        , ..., -0.71189706,
         -0.88072123, -0.85592959],
        ...,
        [ 0.64360526,  0.72572229,  0.71189706, ...,  0.        ,
         -0.28133692, -0.23298896],
        [ 0.83293279,  0.88996604,  0.88072123, ...,  0.28133692,
          0.        ,  0.05001604],
        [ 0.80421272,  0.86604352,  0.85592959, ...,  0.23298896,
         -0.05001604,  0.        ]],

       [[ 0.        ,  0.21260506,  0.62763131, ...,  0.81312035,
          0.55611398,  0.37013235],
        [-0.21260506,  0.        ,  0.44776722, ...,  0.6707745 ,
          0.36670287,  0.16416482],
        [-0.62763131, -0.44776722,  0.        , ...,  0.26768148,
         -0.08868748, -0.29490433],
        ...,
        [-0.81312035, -0.6707745 , -0.26768148, ...,  0.        ,
         -0.35207773, -0.53991935],
        [-0.55611398, -0.36670287,  0.08868748, ...,  0.35207773,
          0.        , -0.208999  ],
        [-0.37013235, -0.16416482,  0.29490433, ...,  0.53991935,
          0.208999  ,  0.        ]],

       [[ 0.        ,  0.15046852,  0.19211813, ..., -0.97662743,
         -0.92971132, -0.85872533],
        [-0.15046852,  0.        ,  0.04226526, ..., -0.99784992,
         -0.97454229, -0.92605408],
        [-0.19211813, -0.04226526,  0.        , ..., -0.99972834,
         -0.98314749, -0.9411771 ],
        ...,
        [ 0.97662743,  0.99784992,  0.99972834, ...,  0.        ,
          0.15984984,  0.31588547],
        [ 0.92971132,  0.97454229,  0.98314749, ..., -0.15984984,
          0.        ,  0.16015851],
        [ 0.85872533,  0.92605408,  0.9411771 , ..., -0.31588547,
         -0.16015851,  0.        ]],

       ...,

       [[ 0.        , -0.19583738, -0.50679017, ...,  0.93863002,
          0.8354472 ,  0.95109443],
        [ 0.19583738,  0.        , -0.32815145, ...,  0.85290543,
          0.71164343,  0.87218358],
        [ 0.50679017,  0.32815145,  0.        , ...,  0.63435936,
          0.44169647,  0.66336182],
        ...,
        [-0.93863002, -0.85290543, -0.63435936, ...,  0.        ,
          0.22767644, -0.03811374],
        [-0.8354472 , -0.71164343, -0.44169647, ..., -0.22767644,
          0.        , -0.26462376],
        [-0.95109443, -0.87218358, -0.66336182, ...,  0.03811374,
          0.26462376,  0.        ]],

       [[ 0.        , -0.41033226, -0.56418068, ..., -0.41113638,
         -0.25338052, -0.        ],
        [ 0.41033226,  0.        , -0.17570533, ..., -0.74897826,
         -0.6280086 , -0.41033226],
        [ 0.56418068,  0.17570533,  0.        , ..., -0.85374766,
         -0.75497356, -0.56418068],
        ...,
        [ 0.41113638,  0.74897826,  0.85374766, ...,  0.        ,
         -0.16674459, -0.41113638],
        [ 0.25338052,  0.6280086 ,  0.75497356, ...,  0.16674459,
          0.        , -0.25338052],
        [ 0.        ,  0.41033226,  0.56418068, ...,  0.41113638,
          0.25338052,  0.        ]],

       [[ 0.        , -0.3131757 , -0.42052347, ..., -0.20929752,
         -0.32127443, -0.37073712],
        [ 0.3131757 ,  0.        , -0.11523056, ..., -0.50500834,
         -0.60168582, -0.64294539],
        [ 0.42052347,  0.11523056,  0.        , ..., -0.60110153,
         -0.68971629, -0.72691906],
        ...,
        [ 0.20929752,  0.50500834,  0.60110153, ...,  0.        ,
          0.11595699,  0.16814351],
        [ 0.32127443,  0.60168582,  0.68971629, ..., -0.11595699,
          0.        ,  0.0527032 ],
        [ 0.37073712,  0.64294539,  0.72691906, ..., -0.16814351,
         -0.0527032 ,  0.        ]]]), 'num': array([2.21329000e+07, 6.81320000e+06, 4.18000000e+02, 3.66500000e+04,
       3.69500000e+04, 3.56000000e+04, 3.66298000e+05, 4.00000000e+02,
       3.68400000e+04, 3.46025000e+04, 3.72916667e+04, 6.72985782e+01,
       3.78618673e+04, 3.13431327e+04])}
{'img': array([[[ 0.        , -0.01988657,  0.18286882, ..., -0.88996604,
         -0.86604352, -0.81228312],
        [ 0.01988657,  0.        ,  0.20238388, ..., -0.88072123,
         -0.85592959, -0.80052338],
        [-0.18286882, -0.20238388,  0.        , ..., -0.95835191,
         -0.94286838, -0.90524653],
        ...,
        [ 0.88996604,  0.88072123,  0.95835191, ...,  0.        ,
          0.05001604,  0.1486617 ],
        [ 0.86604352,  0.85592959,  0.94286838, ..., -0.05001604,
          0.        ,  0.09901537],
        [ 0.81228312,  0.80052338,  0.90524653, ..., -0.1486617 ,
         -0.09901537,  0.        ]],

       [[ 0.        ,  0.44776722, -0.14375002, ...,  0.36670287,
          0.16416482,  0.16646367],
        [-0.44776722,  0.        , -0.57165083, ..., -0.08868748,
         -0.29490433, -0.29267628],
        [ 0.14375002,  0.57165083,  0.        , ...,  0.49663043,
          0.30425956,  0.30647914],
        ...,
        [-0.36670287,  0.08868748, -0.49663043, ...,  0.        ,
         -0.208999  , -0.20671899],
        [-0.16416482,  0.29490433, -0.30425956, ...,  0.208999  ,
          0.        ,  0.00233092],
        [-0.16646367,  0.29267628, -0.30647914, ...,  0.20671899,
         -0.00233092,  0.        ]],

       [[ 0.        ,  0.04226526,  0.23466981, ..., -0.97454229,
         -0.92605408, -0.86022099],
        [-0.04226526,  0.        ,  0.19337511, ..., -0.98314749,
         -0.9411771 , -0.88100427],
        [-0.23466981, -0.19337511,  0.        , ..., -0.99994219,
         -0.98875639, -0.9558626 ],
        ...,
        [ 0.97454229,  0.98314749,  0.99994219, ...,  0.        ,
          0.16015851,  0.3040752 ],
        [ 0.92605408,  0.9411771 ,  0.98875639, ..., -0.16015851,
          0.        ,  0.1475753 ],
        [ 0.86022099,  0.88100427,  0.9558626 , ..., -0.3040752 ,
         -0.1475753 ,  0.        ]],

       ...,

       [[ 0.        , -0.32184373,  0.10811818, ...,  0.91578845,
          0.94620353,  0.70097116],
        [ 0.32184373,  0.        ,  0.42232261, ...,  0.73778986,
          0.79171906,  0.43413885],
        [-0.10811818, -0.42232261,  0.        , ...,  0.95384699,
          0.97564096,  0.77397087],
        ...,
        [-0.91578845, -0.73778986, -0.95384699, ...,  0.        ,
         -0.08372945,  0.37157808],
        [-0.94620353, -0.79171906, -0.97564096, ...,  0.08372945,
          0.        ,  0.44800786],
        [-0.70097116, -0.43413885, -0.77397087, ..., -0.37157808,
         -0.44800786,  0.        ]],

       [[ 0.        , -0.41172685, -0.59736558, ..., -0.3631035 ,
         -0.26116999, -0.        ],
        [ 0.41172685,  0.        , -0.21419143, ..., -0.71452488,
         -0.63544309, -0.41172685],
        [ 0.59736558,  0.21419143,  0.        , ..., -0.84779244,
         -0.78608296, -0.59736558],
        ...,
        [ 0.3631035 ,  0.71452488,  0.84779244, ...,  0.        ,
         -0.10715638, -0.3631035 ],
        [ 0.26116999,  0.63544309,  0.78608296, ...,  0.10715638,
          0.        , -0.26116999],
        [ 0.        ,  0.41172685,  0.59736558, ...,  0.3631035 ,
          0.26116999,  0.        ]],

       [[ 0.        , -0.13597594, -0.14386643, ..., -0.54809768,
         -0.59162944, -0.63705076],
        [ 0.13597594,  0.        , -0.00796882, ..., -0.65673925,
         -0.69575964, -0.73594715],
        [ 0.14386643,  0.00796882,  0.        , ..., -0.66272783,
         -0.70146135, -0.74131898],
        ...,
        [ 0.54809768,  0.65673925,  0.66272783, ...,  0.        ,
          0.0529655 ,  0.11035271],
        [ 0.59162944,  0.69575964,  0.70146135, ..., -0.0529655 ,
          0.        ,  0.0575558 ],
        [ 0.63705076,  0.73594715,  0.74131898, ..., -0.11035271,
         -0.0575558 ,  0.        ]]]), 'num': array([2.23383930e+07, 8.27679300e+06, 3.78000000e+02, 3.72000000e+04,
       3.78000000e+04, 3.65000000e+04, 4.10114000e+05, 5.50000000e+02,
       3.66700000e+04, 3.46300000e+04, 3.72450000e+04, 7.05069124e+01,
       3.79663753e+04, 3.12936247e+04])}
{'img': array([[[ 0.        ,  0.20238388, -0.0569194 , ..., -0.85592959,
         -0.80052338, -0.71189706],
        [-0.20238388,  0.        , -0.2577973 , ..., -0.94286838,
         -0.90524653, -0.83929618],
        [ 0.0569194 ,  0.2577973 ,  0.        , ..., -0.82510935,
         -0.76511366, -0.67076934],
        ...,
        [ 0.85592959,  0.94286838,  0.82510935, ...,  0.        ,
          0.09901537,  0.23298896],
        [ 0.80052338,  0.90524653,  0.76511366, ..., -0.09901537,
          0.        ,  0.13555362],
        [ 0.71189706,  0.83929618,  0.67076934, ..., -0.23298896,
         -0.13555362,  0.        ]],

       [[ 0.        , -0.57165083, -0.39789489, ..., -0.29490433,
         -0.29267628, -0.20141342],
        [ 0.57165083,  0.        ,  0.19797863, ...,  0.30425956,
          0.30647914,  0.39467649],
        [ 0.39789489, -0.19797863,  0.        , ...,  0.10964485,
          0.11196142,  0.20495765],
        ...,
        [ 0.29490433, -0.30425956, -0.10964485, ...,  0.        ,
          0.00233092,  0.09640474],
        [ 0.29267628, -0.30647914, -0.11196142, ..., -0.00233092,
          0.        ,  0.09408442],
        [ 0.20141342, -0.39467649, -0.20495765, ..., -0.09640474,
         -0.09408442,  0.        ]],

       [[ 0.        ,  0.19337511,  0.24110108, ..., -0.9411771 ,
         -0.88100427, -0.90290586],
        [-0.19337511,  0.        ,  0.04887972, ..., -0.98875639,
         -0.9558626 , -0.96898346],
        [-0.24110108, -0.04887972,  0.        , ..., -0.99488374,
         -0.96908158, -0.97990463],
        ...,
        [ 0.9411771 ,  0.98875639,  0.99488374, ...,  0.        ,
          0.1475753 ,  0.09944977],
        [ 0.88100427,  0.9558626 ,  0.96908158, ..., -0.1475753 ,
          0.        , -0.04848283],
        [ 0.90290586,  0.96898346,  0.97990463, ..., -0.09944977,
          0.04848283,  0.        ]],

       ...,

       [[ 0.        ,  0.40829972,  0.40026506, ...,  0.89867014,
          0.80677224,  0.42110793],
        [-0.40829972,  0.        , -0.00878449, ...,  0.99943968,
          0.97770938,  0.75473964],
        [-0.40026506,  0.00878449,  0.        , ...,  0.99910709,
          0.97582724,  0.74894768],
        ...,
        [-0.89867014, -0.99943968, -0.99910709, ...,  0.        ,
          0.17711996,  0.63039478],
        [-0.80677224, -0.97770938, -0.97582724, ..., -0.17711996,
          0.        ,  0.48293403],
        [-0.42110793, -0.75473964, -0.74894768, ..., -0.63039478,
         -0.48293403,  0.        ]],

       [[ 0.        , -0.46447164, -0.59423378, ..., -0.26705147,
         -0.        , -0.21851125],
        [ 0.46447164,  0.        , -0.15267531, ..., -0.68410066,
         -0.46447164, -0.64675835],
        [ 0.59423378,  0.15267531,  0.        , ..., -0.78744002,
         -0.59423378, -0.75562071],
        ...,
