state_0,state_1,state_2,state_3,state_4,state_5,state_6,state_7,state_8,state_9,state_10,state_11,state_12,state_13,state_14,state_15,state_16,state_17,state_18,state_19,state_20,state_21,state_22,state_23,state_24,state_25,state_26,state_27,state_28,state_29,state_30,state_31,state_32,state_33,state_34,state_35,state_36,state_37,state_38,state_39,state_40,state_41,state_42,state_43,state_44,state_45,state_46,state_47,state_48,state_49,state_50,state_51,state_52,state_53,state_54,state_55,state_56,state_57,state_58,state_59,state_60,state_61,state_62,state_63,state_64,state_65,state_66,state_67,state_68,state_69,state_70,state_71,state_72,state_73,state_74,state_75,state_76,state_77
{'img': array([[[ 0.        , -0.03506683,  0.02626657, ...,  0.93660294,
          0.87228783,  0.78985697],
        [ 0.03506683,  0.        ,  0.06130515, ...,  0.94831406,
          0.88889877,  0.81087736],
        [-0.02626657, -0.06130515,  0.        , ...,  0.92707618,
          0.8591427 ,  0.77347539],
        ...,
        [-0.93660294, -0.94831406, -0.92707618, ...,  0.        ,
         -0.15234895, -0.29765027],
        [-0.87228783, -0.88889877, -0.8591427 , ...,  0.15234895,
          0.        , -0.148732  ],
        [-0.78985697, -0.81087736, -0.77347539, ...,  0.29765027,
          0.148732  ,  0.        ]],

       [[ 0.        , -0.10434744, -0.34114482, ...,  0.83044843,
          0.45734556,  0.35871331],
        [ 0.10434744,  0.        , -0.24119477, ...,  0.88404643,
          0.5476439 ,  0.45415795],
        [ 0.34114482,  0.24119477,  0.        , ...,  0.9706807 ,
          0.7332861 ,  0.65563525],
        ...,
        [-0.83044843, -0.88404643, -0.9706807 , ...,  0.        ,
         -0.48372356, -0.57534268],
        [-0.45734556, -0.5476439 , -0.7332861 , ...,  0.48372356,
          0.        , -0.10790837],
        [-0.35871331, -0.45415795, -0.65563525, ...,  0.57534268,
          0.10790837,  0.        ]],

       [[ 0.        , -0.09537218, -0.17511558, ...,  0.43222377,
          0.68875324,  0.97110491],
        [ 0.09537218,  0.        , -0.08041887, ...,  0.51625698,
          0.75475812,  0.98943916],
        [ 0.17511558,  0.08041887,  0.        , ...,  0.58345833,
          0.80506861,  0.99789114],
        ...,
        [-0.43222377, -0.51625698, -0.58345833, ...,  0.        ,
          0.30773408,  0.77255827],
        [-0.68875324, -0.75475812, -0.80506861, ..., -0.30773408,
          0.        ,  0.539674  ],
        [-0.97110491, -0.98943916, -0.99789114, ..., -0.77255827,
         -0.539674  ,  0.        ]],

       ...,

       [[ 0.        , -0.07110836,  0.08182569, ...,  0.99943346,
          0.96934032,  0.91256398],
        [ 0.07110836,  0.        ,  0.15248847, ...,  0.99451025,
          0.98435942,  0.93933254],
        [-0.08182569, -0.15248847,  0.        , ...,  0.99883597,
          0.9459834 ,  0.87604253],
        ...,
        [-0.99943346, -0.99451025, -0.99883597, ...,  0.        ,
         -0.27820734, -0.43941586],
        [-0.96934032, -0.98435942, -0.9459834 , ...,  0.27820734,
          0.        , -0.17215904],
        [-0.91256398, -0.93933254, -0.87604253, ...,  0.43941586,
          0.17215904,  0.        ]],

       [[ 0.        ,  0.00138498, -0.00225435, ...,  0.73802123,
          0.91947252,  0.97902301],
        [-0.00138498,  0.        , -0.00363933, ...,  0.73708596,
          0.91892713,  0.97930426],
        [ 0.00225435,  0.00363933,  0.        , ...,  0.73954054,
          0.92035649,  0.9785612 ],
        ...,
        [-0.73802123, -0.73708596, -0.73954054, ...,  0.        ,
          0.33028317,  0.81099431],
        [-0.91947252, -0.91892713, -0.92035649, ..., -0.33028317,
          0.        ,  0.57224934],
        [-0.97902301, -0.97930426, -0.9785612 , ..., -0.81099431,
         -0.57224934,  0.        ]],

       [[ 0.        , -0.03294894,  0.13916547, ..., -0.24305358,
         -0.13916547, -0.38028663],
        [ 0.03294894,  0.        ,  0.17171823, ..., -0.27488251,
         -0.17171823, -0.41055359],
        [-0.13916547, -0.17171823,  0.        , ..., -0.10569617,
         -0.        , -0.24787633],
        ...,
        [ 0.24305358,  0.27488251,  0.10569617, ...,  0.        ,
         -0.10569617,  0.14409028],
        [ 0.13916547,  0.17171823,  0.        , ...,  0.10569617,
          0.        ,  0.24787633],
        [ 0.38028663,  0.41055359,  0.24787633, ..., -0.14409028,
         -0.24787633,  0.        ]]]), 'num': array([5.42321900e+06, 3.83019000e+05, 7.90000000e+01, 6.38000000e+04,
       6.47000000e+04, 6.05000000e+04, 1.88728000e+06, 2.00000000e+03,
       6.33000000e+04, 5.18025000e+04, 5.16175000e+04, 8.80859375e+01,
       6.85082617e+04, 3.50967383e+04])}
{'img': array([[[ 0.        ,  0.06130515,  0.00877556, ...,  0.88889877,
          0.81087736,  0.96236935],
        [-0.06130515,  0.        , -0.05254373, ...,  0.8591427 ,
          0.77347539,  0.94389984],
        [-0.00877556,  0.05254373,  0.        , ...,  0.88484443,
          0.80571053,  0.95994758],
        ...,
        [-0.88889877, -0.8591427 , -0.88484443, ...,  0.        ,
         -0.148732  ,  0.19931131],
        [-0.81087736, -0.77347539, -0.80571053, ...,  0.148732  ,
          0.        ,  0.34284236],
        [-0.96236935, -0.94389984, -0.95994758, ..., -0.19931131,
         -0.34284236,  0.        ]],

       [[ 0.        , -0.24119477, -0.1002761 , ...,  0.5476439 ,
          0.45415795,  0.5541617 ],
        [ 0.24119477,  0.        ,  0.14266344, ...,  0.7332861 ,
          0.65563525,  0.73857374],
        [ 0.1002761 , -0.14266344,  0.        , ...,  0.62878575,
          0.54120693,  0.63483926],
        ...,
        [-0.5476439 , -0.7332861 , -0.62878575, ...,  0.        ,
         -0.10790837,  0.00780974],
        [-0.45415795, -0.65563525, -0.54120693, ...,  0.10790837,
          0.        ,  0.11566922],
        [-0.5541617 , -0.73857374, -0.63483926, ..., -0.00780974,
         -0.11566922,  0.        ]],

       [[ 0.        , -0.08041887, -0.15411741, ...,  0.75475812,
          0.98943916,  0.95572965],
        [ 0.08041887,  0.        , -0.07416018, ...,  0.80506861,
          0.99789114,  0.97629714],
        [ 0.15411741,  0.07416018,  0.        , ...,  0.84684219,
          0.99995701,  0.98965958],
        ...,
        [-0.75475812, -0.80506861, -0.84684219, ...,  0.        ,
          0.539674  ,  0.40487699],
        [-0.98943916, -0.99789114, -0.99995701, ..., -0.539674  ,
          0.        , -0.1526069 ],
        [-0.95572965, -0.97629714, -0.98965958, ..., -0.40487699,
          0.1526069 ,  0.        ]],

       ...,

       [[ 0.        ,  0.15248847,  0.16444788, ...,  0.98435942,
          0.93933254,  0.94608568],
        [-0.15248847,  0.        ,  0.01211225, ...,  0.9459834 ,
          0.87604253,  0.88562791],
        [-0.16444788, -0.01211225,  0.        , ...,  0.94198704,
          0.87013734,  0.87993807],
        ...,
        [-0.98435942, -0.9459834 , -0.94198704, ...,  0.        ,
         -0.17215904, -0.15217656],
        [-0.93933254, -0.87604253, -0.87013734, ...,  0.17215904,
          0.        ,  0.02024952],
        [-0.94608568, -0.88562791, -0.87993807, ...,  0.15217656,
         -0.02024952,  0.        ]],

       [[ 0.        , -0.00337001, -0.00190734, ...,  0.83715703,
          0.9446612 ,  0.96145722],
        [ 0.00337001,  0.        ,  0.00146268, ...,  0.83899555,
          0.94576136,  0.96052516],
        [ 0.00190734, -0.00146268,  0.        , ...,  0.83819875,
          0.94528518,  0.96093104],
        ...,
        [-0.83715703, -0.83899555, -0.83819875, ...,  0.        ,
          0.24206701,  0.75606132],
        [-0.9446612 , -0.94576136, -0.94528518, ..., -0.24206701,
          0.        ,  0.57514265],
        [-0.96145722, -0.96052516, -0.96093104, ..., -0.75606132,
         -0.57514265,  0.        ]],

       [[ 0.        ,  0.17171823,  0.01240707, ..., -0.17171823,
         -0.41055359, -0.51413322],
        [-0.17171823,  0.        , -0.15948224, ..., -0.        ,
         -0.24787633, -0.35921184],
        [-0.01240707,  0.15948224,  0.        , ..., -0.15948224,
         -0.39920878, -0.50345197],
        ...,
        [ 0.17171823,  0.        ,  0.15948224, ...,  0.        ,
          0.24787633,  0.35921184],
        [ 0.41055359,  0.24787633,  0.39920878, ..., -0.24787633,
          0.        ,  0.11666935],
        [ 0.51413322,  0.35921184,  0.50345197, ..., -0.35921184,
         -0.11666935,  0.        ]]]), 'num': array([6.92000000e+07, 6.92000000e+07, 0.00000000e+00, 6.96000000e+04,
       7.06000000e+04, 6.40000000e+04, 4.02202700e+06, 5.80000000e+03,
       6.43200000e+04, 5.30775000e+04, 5.19075000e+04, 8.98163606e+01,
       7.10792909e+04, 3.50757091e+04])}
{'img': array([[[ 0.        , -0.0439663 , -0.0439663 , ...,  0.60830228,
          0.73189263,  0.98080502],
        [ 0.0439663 ,  0.        ,  0.        , ...,  0.64261035,
          0.76114441,  0.97128356],
        [ 0.0439663 ,  0.        ,  0.        , ...,  0.64261035,
          0.76114441,  0.97128356],
        ...,
        [-0.60830228, -0.64261035, -0.64261035, ...,  0.        ,
          0.16639785,  0.89708379],
        [-0.73189263, -0.76114441, -0.76114441, ..., -0.16639785,
          0.        ,  0.81105265],
        [-0.98080502, -0.97128356, -0.97128356, ..., -0.89708379,
         -0.81105265,  0.        ]],

       [[ 0.        ,  0.14266344,  0.09127157, ...,  0.65563525,
          0.73857374,  0.96425616],
        [-0.14266344,  0.        , -0.05173   , ...,  0.54120693,
          0.63483926,  0.91659124],
        [-0.09127157,  0.05173   ,  0.        , ...,  0.58398152,
          0.67395816,  0.936047  ],
        ...,
        [-0.65563525, -0.54120693, -0.58398152, ...,  0.        ,
          0.11566922,  0.55436351],
        [-0.73857374, -0.63483926, -0.67395816, ..., -0.11566922,
          0.        ,  0.45437395],
        [-0.96425616, -0.91659124, -0.936047  , ..., -0.55436351,
         -0.45437395,  0.        ]],

       [[ 0.        , -0.07102483, -0.12889062, ...,  0.90759167,
          0.89587766,  0.99979792],
        [ 0.07102483,  0.        , -0.05813272, ...,  0.93511965,
          0.92517155,  0.99870078],
        [ 0.12889062,  0.05813272,  0.        , ...,  0.95413652,
          0.94567119,  0.99404949],
        ...,
        [-0.90759167, -0.93511965, -0.95413652, ...,  0.        ,
         -0.02710594,  0.40152394],
        [-0.89587766, -0.92517155, -0.94567119, ...,  0.02710594,
          0.        ,  0.42620134],
        [-0.99979792, -0.99870078, -0.99404949, ..., -0.40152394,
         -0.42620134,  0.        ]],

       ...,

       [[ 0.        ,  0.01211225, -0.08315754, ...,  0.87604253,
          0.88562791,  0.92067736],
        [-0.01211225,  0.        , -0.09522173, ...,  0.87013734,
          0.87993807,  0.91588212],
        [ 0.08315754,  0.09522173,  0.        , ...,  0.91310966,
          0.92117845,  0.94994694],
        ...,
        [-0.87604253, -0.87013734, -0.91310966, ...,  0.        ,
          0.02024952,  0.10204094],
        [-0.88562791, -0.87993807, -0.92117845, ..., -0.02024952,
          0.        ,  0.0818762 ],
        [-0.92067736, -0.91588212, -0.94994694, ..., -0.10204094,
         -0.0818762 ,  0.        ]],

       [[ 0.        ,  0.0013221 , -0.00298418, ...,  0.84637194,
          0.94081899,  0.92961769],
        [-0.0013221 ,  0.        , -0.00430627, ...,  0.84566705,
          0.9403701 ,  0.9301041 ],
        [ 0.00298418,  0.00430627,  0.        , ...,  0.84795752,
          0.94182617,  0.9285138 ],
        ...,
        [-0.84637194, -0.84566705, -0.84795752, ...,  0.        ,
          0.21422948,  0.80701675],
        [-0.94081899, -0.9403701 , -0.94182617, ..., -0.21422948,
          0.        ,  0.66177191],
        [-0.92961769, -0.9301041 , -0.9285138 , ..., -0.80701675,
         -0.66177191,  0.        ]],

       [[ 0.        , -0.15948224, -0.2485006 , ..., -0.24787633,
         -0.35921184, -0.35232241],
        [ 0.15948224,  0.        , -0.09084044, ..., -0.39920878,
         -0.50345197, -0.49706899],
        [ 0.2485006 ,  0.09084044,  0.        , ..., -0.4808462 ,
         -0.57985868, -0.57383709],
        ...,
        [ 0.24787633,  0.39920878,  0.4808462 , ...,  0.        ,
          0.11666935,  0.10934485],
        [ 0.35921184,  0.50345197,  0.57985868, ..., -0.11666935,
          0.        , -0.00737168],
        [ 0.35232241,  0.49706899,  0.57383709, ..., -0.10934485,
          0.00737168,  0.        ]]]), 'num': array([6.93388820e+07, 4.44188820e+07, 3.56000000e+02, 7.00000000e+04,
       7.38000000e+04, 6.82000000e+04, 3.04776600e+06, 4.00000000e+02,
       6.56000000e+04, 5.44600000e+04, 5.21925000e+04, 8.99339934e+01,
       7.31863878e+04, 3.57336122e+04])}
{'img': array([[[ 0.00000000e+00,  0.00000000e+00, -5.13226716e-02, ...,
          7.50523642e-01,  9.99913058e-01,  9.68586406e-01],
        [ 0.00000000e+00,  0.00000000e+00, -5.13226716e-02, ...,
          7.50523642e-01,  9.99913058e-01,  9.68586406e-01],
        [ 5.13226716e-02,  5.13226716e-02,  0.00000000e+00, ...,
          7.83450804e-01,  9.97918545e-01,  9.54547148e-01],
        ...,
        [-7.50523642e-01, -7.50523642e-01, -7.83450804e-01, ...,
          0.00000000e+00,  6.70682704e-01,  8.26722281e-01],
        [-9.99913058e-01, -9.99913058e-01, -9.97918545e-01, ...,
         -6.70682704e-01,  0.00000000e+00,  2.35883647e-01],
        [-9.68586406e-01, -9.68586406e-01, -9.54547148e-01, ...,
         -8.26722281e-01, -2.35883647e-01,  0.00000000e+00]],

       [[ 0.00000000e+00, -1.09991254e-01,  3.43115837e-02, ...,
          6.56362503e-01,  9.28243585e-01,  8.35190674e-01],
        [ 1.09991254e-01,  0.00000000e+00,  1.44029890e-01, ...,
          7.35362484e-01,  9.63525285e-01,  8.90614044e-01],
        [-3.43115837e-02, -1.44029890e-01,  0.00000000e+00, ...,
          6.30089800e-01,  9.14934041e-01,  8.15828885e-01],
        ...,
        [-6.56362503e-01, -7.35362484e-01, -6.30089800e-01, ...,
          0.00000000e+00,  4.56160280e-01,  2.69132544e-01],
        [-9.28243585e-01, -9.63525285e-01, -9.14934041e-01, ...,
         -4.56160280e-01,  0.00000000e+00, -1.99828988e-01],
        [-8.35190674e-01, -8.90614044e-01, -8.15828885e-01, ...,
         -2.69132544e-01,  1.99828988e-01,  0.00000000e+00]],

       [[ 0.00000000e+00, -5.51592537e-02, -7.30215301e-02, ...,
          8.55850719e-01,  9.30474359e-01,  9.94520320e-01],
        [ 5.51592537e-02,  0.00000000e+00, -1.78983612e-02, ...,
          8.83077376e-01,  9.49265756e-01,  9.87239693e-01],
        [ 7.30215301e-02,  1.78983612e-02,  0.00000000e+00, ...,
          8.91334319e-01,  9.54742282e-01,  9.84231391e-01],
        ...,
        [-8.55850719e-01, -8.83077376e-01, -8.91334319e-01, ...,
          0.00000000e+00,  1.67715741e-01,  6.03862288e-01],
        [-9.30474359e-01, -9.49265756e-01, -9.54742282e-01, ...,
         -1.67715741e-01,  0.00000000e+00,  4.61624503e-01],
        [-9.94520320e-01, -9.87239693e-01, -9.84231391e-01, ...,
         -6.03862288e-01, -4.61624503e-01,  0.00000000e+00]],

       ...,

       [[ 0.00000000e+00, -9.52217289e-02, -1.66117195e-01, ...,
          8.79938073e-01,  9.15882121e-01,  9.18258942e-01],
        [ 9.52217289e-02,  0.00000000e+00, -7.14636535e-02, ...,
          9.21178451e-01,  9.49946939e-01,  9.51792396e-01],
        [ 1.66117195e-01,  7.14636535e-02,  0.00000000e+00, ...,
          9.46632581e-01,  9.69844171e-01,  9.71279829e-01],
        ...,
        [-8.79938073e-01, -9.21178451e-01, -9.46632581e-01, ...,
          0.00000000e+00,  8.18762001e-02,  8.78158974e-02],
        [-9.15882121e-01, -9.49946939e-01, -9.69844171e-01, ...,
         -8.18762001e-02,  0.00000000e+00,  5.96116664e-03],
        [-9.18258942e-01, -9.51792396e-01, -9.71279829e-01, ...,
         -8.78158974e-02, -5.96116664e-03,  0.00000000e+00]],

       [[ 0.00000000e+00, -4.01596002e-03, -4.50476251e-03, ...,
          8.76002560e-01,  9.83908474e-01,  9.04651259e-01],
        [ 4.01596002e-03,  0.00000000e+00, -4.88806918e-04, ...,
          8.77932420e-01,  9.84618084e-01,  9.02932552e-01],
        [ 4.50476251e-03,  4.88806918e-04,  0.00000000e+00, ...,
          8.78166348e-01,  9.84703371e-01,  9.02722364e-01],
        ...,
        [-8.76002560e-01, -8.77932420e-01, -8.78166348e-01, ...,
          0.00000000e+00,  3.18027219e-01,  8.09629970e-01],
        [-9.83908474e-01, -9.84618084e-01, -9.84703371e-01, ...,
         -3.18027219e-01,  0.00000000e+00,  5.80932165e-01],
        [-9.04651259e-01, -9.02932552e-01, -9.02722364e-01, ...,
         -8.09629970e-01, -5.80932165e-01,  0.00000000e+00]],

       [[ 0.00000000e+00, -1.92426735e-01, -3.06674482e-01, ...,
         -3.60326721e-01, -3.53417508e-01, -5.22095123e-01],
        [ 1.92426735e-01,  0.00000000e+00, -1.17788599e-01, ...,
         -5.33093391e-01, -5.26821218e-01, -6.76456177e-01],
        [ 3.06674482e-01,  1.17788599e-01,  0.00000000e+00, ...,
         -6.29038163e-01, -6.23271350e-01, -7.58496446e-01],
        ...,
        [ 3.60326721e-01,  5.33093391e-01,  6.29038163e-01, ...,
          0.00000000e+00, -7.39618776e-03,  1.79705921e-01],
        [ 3.53417508e-01,  5.26821218e-01,  6.23271350e-01, ...,
          7.39618776e-03,  0.00000000e+00,  1.86976787e-01],
        [ 5.22095123e-01,  6.76456177e-01,  7.58496446e-01, ...,
         -1.79705921e-01, -1.86976787e-01,  0.00000000e+00]]]), 'num': array([6.96826210e+07, 3.48275210e+07, 4.93000000e+02, 7.07000000e+04,
       7.25000000e+04, 6.90000000e+04, 1.44930100e+06, 7.00000000e+02,
       6.71800000e+04, 5.59125000e+04, 5.24991667e+04, 9.05996759e+01,
       7.49431825e+04, 3.68818175e+04])}
{'img': array([[[ 0.00000000e+00, -5.03562919e-02, -1.08796962e-01, ...,
          9.92612241e-01,  9.99131977e-01,  9.63757064e-01],
        [ 5.03562919e-02,  0.00000000e+00, -5.86015561e-02, ...,
          9.97462653e-01,  9.99962080e-01,  9.49100239e-01],
        [ 1.08796962e-01,  5.86015561e-02,  0.00000000e+00, ...,
          9.99920409e-01,  9.97733260e-01,  9.29011188e-01],
        ...,
        [-9.92612241e-01, -9.97462653e-01, -9.99920409e-01, ...,
          0.00000000e+00,  7.98754679e-02,  3.81743022e-01],
        [-9.99131977e-01, -9.99962080e-01, -9.97733260e-01, ...,
         -7.98754679e-02,  0.00000000e+00,  3.06696917e-01],
        [-9.63757064e-01, -9.49100239e-01, -9.29011188e-01, ...,
         -3.81743022e-01, -3.06696917e-01,  0.00000000e+00]],

       [[ 0.00000000e+00,  1.44029890e-01,  1.59830950e-01, ...,
          9.63525285e-01,  8.90614044e-01,  6.47807644e-01],
        [-1.44029890e-01,  0.00000000e+00,  1.59861473e-02, ...,
          9.14934041e-01,  8.15828885e-01,  5.31330634e-01],
        [-1.59830950e-01, -1.59861473e-02,  0.00000000e+00, ...,
          9.08365061e-01,  8.06479950e-01,  5.17719840e-01],
        ...,
        [-9.63525285e-01, -9.14934041e-01, -9.08365061e-01, ...,
          0.00000000e+00, -1.99828988e-01, -5.60652827e-01],
        [-8.90614044e-01, -8.15828885e-01, -8.06479950e-01, ...,
          1.99828988e-01,  0.00000000e+00, -3.83876315e-01],
        [-6.47807644e-01, -5.31330634e-01, -5.17719840e-01, ...,
          5.60652827e-01,  3.83876315e-01,  0.00000000e+00]],

       [[ 0.00000000e+00, -1.69174662e-02, -4.07082818e-02, ...,
          8.84476532e-01,  9.55179189e-01,  9.76829143e-01],
        [ 1.69174662e-02,  0.00000000e+00, -2.37990132e-02, ...,
          8.92243385e-01,  9.60050540e-01,  9.73068662e-01],
        [ 4.07082818e-02,  2.37990132e-02,  0.00000000e+00, ...,
          9.02737228e-01,  9.66438217e-01,  9.67307013e-01],
        ...,
        [-8.84476532e-01, -8.92243385e-01, -9.02737228e-01, ...,
          0.00000000e+00,  1.83841947e-01,  6.45069728e-01],
        [-9.55179189e-01, -9.60050540e-01, -9.66438217e-01, ...,
         -1.83841947e-01,  0.00000000e+00,  4.93597051e-01],
        [-9.76829143e-01, -9.73068662e-01, -9.67307013e-01, ...,
         -6.45069728e-01, -4.93597051e-01,  0.00000000e+00]],

       ...,

       [[ 0.00000000e+00, -7.14636535e-02, -2.41928632e-01, ...,
          9.49946939e-01,  9.51792396e-01,  9.61914967e-01],
        [ 7.14636535e-02,  0.00000000e+00, -1.71969313e-01, ...,
          9.69844171e-01,  9.71279829e-01,  9.78990055e-01],
        [ 2.41928632e-01,  1.71969313e-01,  0.00000000e+00, ...,
          9.97309095e-01,  9.97728397e-01,  9.99471280e-01],
        ...,
        [-9.49946939e-01, -9.69844171e-01, -9.97309095e-01, ...,
          0.00000000e+00,  5.96116664e-03,  4.08461862e-02],
        [-9.51792396e-01, -9.71279829e-01, -9.97728397e-01, ...,
         -5.96116664e-03,  0.00000000e+00,  3.48892688e-02],
        [-9.61914967e-01, -9.78990055e-01, -9.99471280e-01, ...,
         -4.08461862e-02, -3.48892688e-02,  0.00000000e+00]],

       [[ 0.00000000e+00, -4.64274297e-04,  8.09929873e-03, ...,
          9.46632173e-01,  9.98595932e-01,  8.82226873e-01],
        [ 4.64274297e-04,  0.00000000e+00,  8.56355692e-03, ...,
          9.46781714e-01,  9.98620418e-01,  8.82008186e-01],
        [-8.09929873e-03, -8.56355692e-03,  0.00000000e+00, ...,
          9.43990591e-01,  9.98134132e-01,  8.86011285e-01],
        ...,
        [-9.46632173e-01, -9.46781714e-01, -9.43990591e-01, ...,
          0.00000000e+00,  2.71717145e-01,  7.30053389e-01],
        [-9.98595932e-01, -9.98620418e-01, -9.98134132e-01, ...,
         -2.71717145e-01,  0.00000000e+00,  5.16897894e-01],
        [-8.82226873e-01, -8.82008186e-01, -8.86011285e-01, ...,
         -7.30053389e-01, -5.16897894e-01,  0.00000000e+00]],

       [[ 0.00000000e+00, -2.42205841e-01, -3.59412582e-01, ...,
         -3.55024553e-01, -5.24355210e-01, -7.08191682e-01],
        [ 2.42205841e-01,  0.00000000e+00, -1.22689685e-01, ...,
         -5.70881477e-01, -7.14980658e-01, -8.58107414e-01],
        [ 3.59412582e-01,  1.22689685e-01,  0.00000000e+00, ...,
         -6.67300731e-01, -7.95356823e-01, -9.14621983e-01],
        ...,
        [ 3.55024553e-01,  5.70881477e-01,  6.67300731e-01, ...,
          0.00000000e+00,  1.87893852e-01,  4.11403424e-01],
        [ 5.24355210e-01,  7.14980658e-01,  7.95356823e-01, ...,
         -1.87893852e-01,  0.00000000e+00,  2.32819575e-01],
        [ 7.08191682e-01,  8.58107414e-01,  9.14621983e-01, ...,
         -4.11403424e-01, -2.32819575e-01,  0.00000000e+00]]]), 'num': array([6.96821300e+07, 3.13627300e+07, 5.42000000e+02, 7.07000000e+04,
       7.16000000e+04, 6.92000000e+04, 1.12745400e+06, 0.00000000e+00,
       6.89600000e+04, 5.72825000e+04, 5.28058333e+04, 8.90977444e+01,
       7.64287340e+04, 3.81362660e+04])}
{'img': array([[[ 0.        , -0.05860156, -0.02915671, ...,  0.99996208,
          0.94910024,  0.94910024],
        [ 0.05860156,  0.        ,  0.02947004, ...,  0.99773326,
          0.92901119,  0.92901119],
        [ 0.02915671, -0.02947004,  0.        , ...,  0.99928303,
          0.93951312,  0.93951312],
        ...,
        [-0.99996208, -0.99773326, -0.99928303, ...,  0.        ,
          0.30669692,  0.30669692],
        [-0.94910024, -0.92901119, -0.93951312, ..., -0.30669692,
          0.        ,  0.        ],
        [-0.94910024, -0.92901119, -0.93951312, ..., -0.30669692,
          0.        ,  0.        ]],

       [[ 0.        ,  0.01736413, -0.01997288, ...,  0.82231736,
          0.54006916,  0.45145585],
        [-0.01736413,  0.        , -0.03733053, ...,  0.81231268,
          0.52537373,  0.43589389],
        [ 0.01997288,  0.03733053,  0.        , ...,  0.83351847,
          0.55677102,  0.46918747],
        ...,
        [-0.82231736, -0.81231268, -0.83351847, ...,  0.        ,
         -0.38476417, -0.47685686],
        [-0.54006916, -0.52537373, -0.55677102, ...,  0.38476417,
          0.        , -0.10194562],
        [-0.45145585, -0.43589389, -0.46918747, ...,  0.47685686,
          0.10194562,  0.        ]],

       [[ 0.        , -0.02250631, -0.05003966, ...,  0.90134532,
          0.9708385 ,  0.95908011],
        [ 0.02250631,  0.        , -0.02754887, ...,  0.91086452,
          0.97598813,  0.95246486],
        [ 0.05003966,  0.02754887,  0.        , ...,  0.92188838,
          0.9816185 ,  0.94371063],
        ...,
        [-0.90134532, -0.91086452, -0.92188838, ...,  0.        ,
          0.20438777,  0.67058097],
        [-0.9708385 , -0.97598813, -0.9816185 , ..., -0.20438777,
          0.        ,  0.50480274],
        [-0.95908011, -0.95246486, -0.94371063, ..., -0.67058097,
         -0.50480274,  0.        ]],

       ...,

       [[ 0.        , -0.17196931, -0.15693695, ...,  0.97127983,
          0.97899006,  0.96065178],
        [ 0.17196931,  0.        ,  0.01523942, ...,  0.9977284 ,
          0.99947128,  0.99410572],
        [ 0.15693695, -0.01523942,  0.        , ...,  0.99658593,
          0.99885972,  0.99233809],
        ...,
        [-0.97127983, -0.9977284 , -0.99658593, ...,  0.        ,
          0.03488927, -0.04120082],
        [-0.97899006, -0.99947128, -0.99885972, ..., -0.03488927,
          0.        , -0.07603538],
        [-0.96065178, -0.99410572, -0.99233809, ...,  0.04120082,
          0.07603538,  0.        ]],

       [[ 0.        ,  0.00822906,  0.01152872, ...,  0.98046539,
          0.99913226,  0.8651169 ],
        [-0.00822906,  0.        ,  0.00329982, ...,  0.97881361,
          0.99944117,  0.86921506],
        [-0.01152872, -0.00329982,  0.        , ...,  0.97813263,
          0.99954603,  0.87084187],
        ...,
        [-0.98046539, -0.97881361, -0.97813263, ...,  0.        ,
          0.23735736,  0.6619336 ],
        [-0.99913226, -0.99944117, -0.99954603, ..., -0.23735736,
          0.        ,  0.46510295],
        [-0.8651169 , -0.86921506, -0.87084187, ..., -0.6619336 ,
         -0.46510295,  0.        ]],

       [[ 0.        , -0.27165745, -0.3560616 , ..., -0.52798225,
         -0.71259323, -0.8415143 ],
        [ 0.27165745,  0.        , -0.08881786, ..., -0.73883351,
         -0.87638419, -0.95662714],
        [ 0.3560616 ,  0.08881786,  0.        , ..., -0.79576684,
         -0.91569642, -0.97872043],
        ...,
        [ 0.52798225,  0.73883351,  0.79576684, ...,  0.        ,
          0.23475323,  0.42942616],
        [ 0.71259323,  0.87638419,  0.91569642, ..., -0.23475323,
          0.        ,  0.20541975],
        [ 0.8415143 ,  0.95662714,  0.97872043, ..., -0.42942616,
         -0.20541975,  0.        ]]]), 'num': array([ 6.93738920e+07,  1.55943920e+07,  7.65000000e+02,  7.03000000e+04,
        7.23000000e+04,  6.99000000e+04,  9.14963000e+05, -4.00000000e+02,
        7.02600000e+04,  5.86350000e+04,  5.31175000e+04,  8.69047619e+01,
        7.74437772e+04,  3.98262228e+04])}
{'img': array([[[ 0.00000000e+00,  2.94700429e-02,  9.45552519e-02, ...,
          9.29011188e-01,  9.29011188e-01,  9.89673310e-01],
        [-2.94700429e-02,  0.00000000e+00,  6.51761774e-02, ...,
          9.39513122e-01,  9.39513122e-01,  9.93467735e-01],
        [-9.45552519e-02, -6.51761774e-02,  0.00000000e+00, ...,
          9.59839186e-01,  9.59839186e-01,  9.98792869e-01],
        ...,
        [-9.29011188e-01, -9.39513122e-01, -9.59839186e-01, ...,
          0.00000000e+00,  0.00000000e+00, -2.33064522e-01],
        [-9.29011188e-01, -9.39513122e-01, -9.59839186e-01, ...,
          0.00000000e+00,  0.00000000e+00, -2.33064522e-01],
        [-9.89673310e-01, -9.93467735e-01, -9.98792869e-01, ...,
          2.33064522e-01,  2.33064522e-01,  0.00000000e+00]],

       [[ 0.00000000e+00, -3.73305348e-02, -3.93232332e-02, ...,
          5.25373728e-01,  4.35893889e-01,  3.65646093e-01],
        [ 3.73305348e-02,  0.00000000e+00, -1.99416262e-03, ...,
          5.56771020e-01,  4.69187468e-01,  4.00136771e-01],
        [ 3.93232332e-02,  1.99416262e-03,  0.00000000e+00, ...,
          5.58426396e-01,  4.70947577e-01,  4.01963536e-01],
        ...,
        [-5.25373728e-01, -5.56771020e-01, -5.58426396e-01, ...,
          0.00000000e+00, -1.01945617e-01, -1.77875809e-01],
        [-4.35893889e-01, -4.69187468e-01, -4.70947577e-01, ...,
          1.01945617e-01,  0.00000000e+00, -7.66291868e-02],
        [-3.65646093e-01, -4.00136771e-01, -4.01963536e-01, ...,
          1.77875809e-01,  7.66291868e-02,  0.00000000e+00]],

       [[ 0.00000000e+00, -2.65608088e-02, -2.97024408e-02, ...,
          9.42686109e-01,  9.95468807e-01,  9.41245145e-01],
        [ 2.65608088e-02,  0.00000000e+00, -3.14287201e-03, ...,
          9.51216362e-01,  9.97643237e-01,  9.31942848e-01],
        [ 2.97024408e-02,  3.14287201e-03,  0.00000000e+00, ...,
          9.52181317e-01,  9.97853957e-01,  9.30798624e-01],
        ...,
        [-9.42686109e-01, -9.51216362e-01, -9.52181317e-01, ...,
          0.00000000e+00,  2.42530100e-01,  6.32443297e-01],
        [-9.95468807e-01, -9.97643237e-01, -9.97853957e-01, ...,
         -2.42530100e-01,  0.00000000e+00,  4.25695564e-01],
        [-9.41245145e-01, -9.31942848e-01, -9.30798624e-01, ...,
         -6.32443297e-01, -4.25695564e-01,  0.00000000e+00]],

       ...,

       [[ 0.00000000e+00,  1.52394229e-02, -3.16692770e-02, ...,
          9.99471280e-01,  9.94105718e-01,  9.78772374e-01],
        [-1.52394229e-02,  0.00000000e+00, -4.68973782e-02, ...,
          9.98859721e-01,  9.92338093e-01,  9.75535388e-01],
        [ 3.16692770e-02,  4.68973782e-02,  0.00000000e+00, ...,
          9.99999643e-01,  9.97040503e-01,  9.84772053e-01],
        ...,
        [-9.99471280e-01, -9.98859721e-01, -9.99999643e-01, ...,
          0.00000000e+00, -7.60353779e-02, -1.73018175e-01],
        [-9.94105718e-01, -9.92338093e-01, -9.97040503e-01, ...,
          7.60353779e-02,  0.00000000e+00, -9.76286483e-02],
        [-9.78772374e-01, -9.75535388e-01, -9.84772053e-01, ...,
          1.73018175e-01,  9.76286483e-02,  0.00000000e+00]],

       [[ 0.00000000e+00,  3.21644707e-03,  3.43792311e-03, ...,
          9.96779010e-01,  9.89018239e-01,  8.58086498e-01],
        [-3.21644707e-03,  0.00000000e+00,  2.21477264e-04, ...,
          9.96515903e-01,  9.89488493e-01,  8.59733721e-01],
        [-3.43792311e-03, -2.21477264e-04,  0.00000000e+00, ...,
          9.96497407e-01,  9.89520497e-01,  8.59846818e-01],
        ...,
        [-9.96779010e-01, -9.96515903e-01, -9.96497407e-01, ...,
          0.00000000e+00,  2.26634062e-01,  5.80667393e-01],
        [-9.89018239e-01, -9.89488493e-01, -9.89520497e-01, ...,
         -2.26634062e-01,  0.00000000e+00,  3.81046360e-01],
        [-8.58086498e-01, -8.59733721e-01, -8.59846818e-01, ...,
         -5.80667393e-01, -3.81046360e-01,  0.00000000e+00]],

       [[ 0.00000000e+00, -2.36903388e-01, -2.53768627e-01, ...,
         -7.18178754e-01, -8.47105839e-01, -9.50768217e-01],
        [ 2.36903388e-01,  0.00000000e+00, -1.73963059e-02, ...,
         -8.62585787e-01, -9.48887655e-01, -9.97119944e-01],
        [ 2.53768627e-01,  1.73963059e-02,  0.00000000e+00, ...,
         -8.71256234e-01, -9.54234581e-01, -9.98288401e-01],
        ...,
        [ 7.18178754e-01,  8.62585787e-01,  8.71256234e-01, ...,
          0.00000000e+00,  2.07808353e-01,  4.39034631e-01],
        [ 8.47105839e-01,  9.48887655e-01,  9.54234581e-01, ...,
         -2.07808353e-01,  0.00000000e+00,  2.42740711e-01],
        [ 9.50768217e-01,  9.97119944e-01,  9.98288401e-01, ...,
         -4.39034631e-01, -2.42740711e-01,  0.00000000e+00]]]), 'num': array([6.96659760e+07, 1.74893760e+07, 7.38000000e+02, 7.07000000e+04,
       7.40000000e+04, 7.01000000e+04, 1.39074700e+06, 4.00000000e+02,
       7.04800000e+04, 5.99550000e+04, 5.34491667e+04, 8.77952756e+01,
       7.82529480e+04, 4.16570520e+04])}
{'img': array([[[ 0.00000000e+00,  6.51761774e-02, -1.46952156e-02, ...,
          9.39513122e-01,  9.93467735e-01,  9.39513122e-01],
        [-6.51761774e-02,  0.00000000e+00, -7.98331098e-02, ...,
          9.59839186e-01,  9.98792869e-01,  9.59839186e-01],
        [ 1.46952156e-02,  7.98331098e-02,  0.00000000e+00, ...,
          9.34378372e-01,  9.91683539e-01,  9.34378372e-01],
        ...,
        [-9.39513122e-01, -9.59839186e-01, -9.34378372e-01, ...,
          0.00000000e+00, -2.33064522e-01,  0.00000000e+00],
        [-9.93467735e-01, -9.98792869e-01, -9.91683539e-01, ...,
          2.33064522e-01,  0.00000000e+00,  2.33064522e-01],
        [-9.39513122e-01, -9.59839186e-01, -9.34378372e-01, ...,
          0.00000000e+00, -2.33064522e-01,  0.00000000e+00]],

       [[ 0.00000000e+00, -1.99416262e-03, -1.11572621e-01, ...,
          4.69187468e-01,  4.00136771e-01,  5.42056463e-01],
        [ 1.99416262e-03,  0.00000000e+00, -1.09590687e-01, ...,
          4.70947577e-01,  4.01963536e-01,  5.43731164e-01],
        [ 1.11572621e-01,  1.09590687e-01,  0.00000000e+00, ...,
          5.64787618e-01,  4.99889765e-01,  6.32431183e-01],
        ...,
        [-4.69187468e-01, -4.70947577e-01, -5.64787618e-01, ...,
          0.00000000e+00, -7.66291868e-02,  8.44113320e-02],
        [-4.00136771e-01, -4.01963536e-01, -4.99889765e-01, ...,
          7.66291868e-02,  0.00000000e+00,  1.60518831e-01],
        [-5.42056463e-01, -5.43731164e-01, -6.32431183e-01, ...,
         -8.44113320e-02, -1.60518831e-01,  0.00000000e+00]],

       [[ 0.00000000e+00, -3.12448765e-03, -2.35286419e-02, ...,
          9.95233335e-01,  9.80546939e-01,  9.29946404e-01],
        [ 3.12448765e-03,  0.00000000e+00, -2.04049044e-02, ...,
          9.95533185e-01,  9.79928863e-01,  9.28793006e-01],
        [ 2.35286419e-02,  2.04049044e-02,  0.00000000e+00, ...,
          9.97252387e-01,  9.75657174e-01,  9.21037594e-01],
        ...,
        [-9.95233335e-01, -9.95533185e-01, -9.97252387e-01, ...,
          0.00000000e+00,  2.90974359e-01,  4.56632975e-01],
        [-9.80546939e-01, -9.79928863e-01, -9.75657174e-01, ...,
         -2.90974359e-01,  0.00000000e+00,  1.78008011e-01],
        [-9.29946404e-01, -9.28793006e-01, -9.21037594e-01, ...,
         -4.56632975e-01, -1.78008011e-01,  0.00000000e+00]],

       ...,

       [[ 0.00000000e+00, -4.68973782e-02, -4.69968523e-01, ...,
          9.92338093e-01,  9.75535388e-01,  9.83217059e-01],
        [ 4.68973782e-02,  0.00000000e+00, -4.28055896e-01, ...,
          9.97040503e-01,  9.84772053e-01,  9.90691178e-01],
        [ 4.69968523e-01,  4.28055896e-01,  0.00000000e+00, ...,
          9.33985714e-01,  9.64407710e-01,  9.53610034e-01],
        ...,
        [-9.92338093e-01, -9.97040503e-01, -9.33985714e-01, ...,
          0.00000000e+00, -9.76286483e-02, -5.95632968e-02],
        [-9.75535388e-01, -9.84772053e-01, -9.64407710e-01, ...,
          9.76286483e-02,  0.00000000e+00,  3.81765539e-02],
        [-9.83217059e-01, -9.90691178e-01, -9.53610034e-01, ...,
          5.95632968e-02, -3.81765539e-02,  0.00000000e+00]],

       [[ 0.00000000e+00,  2.17195922e-04,  3.40401275e-03, ...,
          9.99426861e-01,  9.78168449e-01,  8.51086449e-01],
        [-2.17195922e-04,  0.00000000e+00,  3.18681801e-03, ...,
          9.99434190e-01,  9.78213562e-01,  8.51200462e-01],
        [-3.40401275e-03, -3.18681801e-03,  0.00000000e+00, ...,
          9.99536303e-01,  9.78870182e-01,  8.52868712e-01],
        ...,
        [-9.99426861e-01, -9.99434190e-01, -9.99536303e-01, ...,
          0.00000000e+00,  1.74581652e-01,  4.95913800e-01],
        [-9.78168449e-01, -9.78213562e-01, -9.78870182e-01, ...,
         -1.74581652e-01,  0.00000000e+00,  3.36696128e-01],
        [-8.51086449e-01, -8.51200462e-01, -8.52868712e-01, ...,
         -4.95913800e-01, -3.36696128e-01,  0.00000000e+00]],

       [[ 0.00000000e+00, -9.29571757e-02, -1.92188381e-01, ...,
         -8.51312789e-01, -9.53958497e-01, -9.98403366e-01],
        [ 9.29571757e-02,  0.00000000e+00, -1.00131953e-01, ...,
         -8.96397468e-01, -9.77709408e-01, -9.99331207e-01],
        [ 1.92188381e-01,  1.00131953e-01,  0.00000000e+00, ...,
         -9.36275927e-01, -9.93819573e-01, -9.90647220e-01],
        ...,
        [ 8.51312789e-01,  8.96397468e-01,  9.36275927e-01, ...,
          0.00000000e+00,  2.45160831e-01,  4.75733178e-01],
        [ 9.53958497e-01,  9.77709408e-01,  9.93819573e-01, ...,
         -2.45160831e-01,  0.00000000e+00,  2.45574025e-01],
        [ 9.98403366e-01,  9.99331207e-01,  9.90647220e-01, ...,
         -4.75733178e-01, -2.45574025e-01,  0.00000000e+00]]]), 'num': array([ 6.85348160e+07,  1.63580160e+07,  7.54000000e+02,  6.92000000e+04,
        7.11000000e+04,  6.81000000e+04,  1.15754500e+06, -1.50000000e+03,
        7.03200000e+04,  6.11275000e+04,  5.37491667e+04,  8.24427481e+01,
        7.86218841e+04,  4.36331159e+04])}
{'img': array([[[ 0.        , -0.07983311, -0.03605376, ...,  0.99879287,
          0.95983919,  0.98488211],
        [ 0.07983311,  0.        ,  0.04384253, ...,  0.99168354,
          0.93437837,  0.99556777],
        [ 0.03605376, -0.04384253,  0.        , ...,  0.99637253,
          0.94910024,  0.99048724],
        ...,
        [-0.99879287, -0.99168354, -0.99637253, ...,  0.        ,
          0.23306452, -0.22139453],
        [-0.95983919, -0.93437837, -0.94910024, ..., -0.23306452,
          0.        , -0.44257848],
        [-0.98488211, -0.99556777, -0.99048724, ...,  0.22139453,
          0.44257848,  0.        ]],

       [[ 0.        , -0.10959069,  0.08309789, ...,  0.40196354,
          0.54373116,  0.47989268],
        [ 0.10959069,  0.        ,  0.19180903, ...,  0.49988976,
          0.63243118,  0.57314909],
        [-0.08309789, -0.19180903,  0.        , ...,  0.32448425,
          0.47210992,  0.40532888],
        ...,
        [-0.40196354, -0.49988976, -0.32448425, ...,  0.        ,
          0.16051883,  0.08676292],
        [-0.54373116, -0.63243118, -0.47210992, ..., -0.16051883,
          0.        , -0.07427567],
        [-0.47989268, -0.57314909, -0.40532888, ..., -0.08676292,
          0.07427567,  0.        ]],

       [[ 0.        , -0.0204049 , -0.0204049 , ...,  0.97992886,
          0.92879301,  0.97432561],
        [ 0.0204049 ,  0.        ,  0.        , ...,  0.97565717,
          0.92103759,  0.96952872],
        [ 0.0204049 ,  0.        ,  0.        , ...,  0.97565717,
          0.92103759,  0.96952872],
        ...,
        [-0.97992886, -0.97565717, -0.97565717, ...,  0.        ,
          0.17800801,  0.02639526],
        [-0.92879301, -0.92103759, -0.92103759, ..., -0.17800801,
          0.        , -0.15197229],
        [-0.97432561, -0.96952872, -0.96952872, ..., -0.02639526,
          0.15197229,  0.        ]],

       ...,

       [[ 0.        , -0.4280559 , -0.55144327, ...,  0.98477205,
          0.99069118,  0.94110665],
        [ 0.4280559 ,  0.        , -0.14127857, ...,  0.96440771,
          0.95361003,  0.99525718],
        [ 0.55144327,  0.14127857,  0.        , ...,  0.91737775,
          0.90151405,  0.97153123],
        ...,
        [-0.98477205, -0.96440771, -0.91737775, ...,  0.        ,
          0.03817655, -0.16934924],
        [-0.99069118, -0.95361003, -0.90151405, ..., -0.03817655,
          0.        , -0.20685092],
        [-0.94110665, -0.99525718, -0.97153123, ...,  0.16934924,
          0.20685092,  0.        ]],

       [[ 0.        ,  0.00315933,  0.00420383, ...,  0.98916417,
          0.94599351,  0.84732028],
        [-0.00315933,  0.        ,  0.0010445 , ...,  0.98962306,
          0.947013  ,  0.84899391],
        [-0.00420383, -0.0010445 ,  0.        , ...,  0.98977261,
          0.94734797,  0.84954537],
        ...,
        [-0.98916417, -0.98962306, -0.98977261, ...,  0.        ,
          0.18178797,  0.40092934],
        [-0.94599351, -0.947013  , -0.94734797, ..., -0.18178797,
          0.        ,  0.22771136],
        [-0.84732028, -0.84899391, -0.84954537, ..., -0.40092934,
         -0.22771136,  0.        ]],

       [[ 0.        , -0.16876164, -0.23496759, ..., -0.95443473,
         -0.99851708, -0.977938  ],
        [ 0.16876164,  0.        , -0.06756057, ..., -0.99110697,
         -0.99338252, -0.92865781],
        [ 0.23496759,  0.06756057,  0.        , ..., -0.99783259,
         -0.98335328, -0.90147524],
