state_0,state_1,state_2,state_3,state_4,state_5,state_6,state_7,state_8,state_9,state_10,state_11,state_12,state_13,state_14,state_15,state_16,state_17,state_18,state_19,state_20,state_21,state_22,state_23,state_24,state_25,state_26,state_27,state_28,state_29,state_30,state_31,state_32,state_33,state_34,state_35,state_36,state_37,state_38,state_39,state_40,state_41,state_42,state_43,state_44,state_45,state_46,state_47,state_48,state_49,state_50,state_51,state_52,state_53,state_54,state_55,state_56,state_57,state_58,state_59,state_60,state_61,state_62,state_63,state_64,state_65,state_66,state_67,state_68,state_69,state_70,state_71,state_72,state_73,state_74,state_75,state_76,state_77
{'img': array([[[ 0.        ,  0.79036862,  0.2613386 , ..., -0.99694717,
         -0.99959577, -0.99801644],
        [-0.79036862,  0.        , -0.60279681, ..., -0.54905005,
         -0.63485466, -0.56165959],
        [-0.2613386 ,  0.60279681,  0.        , ..., -0.94189537,
         -0.97228704, -0.94688027],
        ...,
        [ 0.99694717,  0.54905005,  0.94189537, ...,  0.        ,
          0.10639144,  0.0151625 ],
        [ 0.99959577,  0.63485466,  0.97228704, ..., -0.10639144,
          0.        , -0.09130276],
        [ 0.99801644,  0.56165959,  0.94688027, ..., -0.0151625 ,
          0.09130276,  0.        ]],

       [[ 0.        ,  0.64979562,  0.2561196 , ..., -0.64979562,
         -0.27479742, -0.3111141 ],
        [-0.64979562,  0.        , -0.82280056, ..., -0.        ,
         -0.4159039 , -0.38106731],
        [-0.2561196 ,  0.82280056,  0.        , ..., -0.82280056,
         -0.51189113, -0.54414597],
        ...,
        [ 0.64979562,  0.        ,  0.82280056, ...,  0.        ,
          0.4159039 ,  0.38106731],
        [ 0.27479742,  0.4159039 ,  0.51189113, ..., -0.4159039 ,
          0.        , -0.03797695],
        [ 0.3111141 ,  0.38106731,  0.54414597, ..., -0.38106731,
          0.03797695,  0.        ]],

       [[ 0.        ,  0.14372974,  0.19272787, ..., -0.60930412,
         -0.7955401 , -0.86423927],
        [-0.14372974,  0.        ,  0.04969164, ..., -0.48900913,
         -0.700194  , -0.78295816],
        [-0.19272787, -0.04969164,  0.        , ..., -0.44506005,
         -0.66385151, -0.751079  ],
        ...,
        [ 0.60930412,  0.48900913,  0.44506005, ...,  0.        ,
          0.26163493,  0.37875766],
        [ 0.7955401 ,  0.700194  ,  0.66385151, ..., -0.26163493,
          0.        ,  0.1234223 ],
        [ 0.86423927,  0.78295816,  0.751079  , ..., -0.37875766,
         -0.1234223 ,  0.        ]],

       ...,

       [[ 0.        ,  0.00888303, -0.01219457, ..., -0.21281035,
         -0.05936008, -0.03021658],
        [-0.00888303,  0.        , -0.02107645, ..., -0.2214815 ,
         -0.0682251 , -0.03909436],
        [ 0.01219457,  0.02107645,  0.        , ..., -0.20087929,
         -0.0471826 , -0.01802533],
        ...,
        [ 0.21281035,  0.2214815 ,  0.20087929, ...,  0.        ,
          0.15443474,  0.18318875],
        [ 0.05936008,  0.0682251 ,  0.0471826 , ..., -0.15443474,
          0.        ,  0.02916967],
        [ 0.03021658,  0.03909436,  0.01802533, ..., -0.18318875,
         -0.02916967,  0.        ]],

       [[ 0.        , -0.19659016, -0.24598947, ..., -0.28726305,
         -0.10304174, -0.        ],
        [ 0.19659016,  0.        , -0.05063974, ..., -0.46996156,
         -0.29657468, -0.19659016],
        [ 0.24598947,  0.05063974,  0.        , ..., -0.51405762,
         -0.34455561, -0.24598947],
        ...,
        [ 0.28726305,  0.46996156,  0.51405762, ...,  0.        ,
         -0.18703525, -0.28726305],
        [ 0.10304174,  0.29657468,  0.34455561, ...,  0.18703525,
          0.        , -0.10304174],
        [ 0.        ,  0.19659016,  0.24598947, ...,  0.28726305,
          0.10304174,  0.        ]],

       [[ 0.        , -0.08160491, -0.2288303 , ..., -0.27840045,
         -0.23144584, -0.        ],
        [ 0.08160491,  0.        , -0.14862746, ..., -0.35585058,
         -0.31006307, -0.08160491],
        [ 0.2288303 ,  0.14862746,  0.        , ..., -0.49079698,
         -0.44792178, -0.2288303 ],
        ...,
        [ 0.27840045,  0.35585058,  0.49079698, ...,  0.        ,
         -0.04854561, -0.27840045],
        [ 0.23144584,  0.31006307,  0.44792178, ...,  0.04854561,
          0.        , -0.23144584],
        [ 0.        ,  0.08160491,  0.2288303 , ...,  0.27840045,
          0.23144584,  0.        ]]]), 'num': array([ 5.34565840e+07,  8.97480000e+04,  1.13910000e+04,  4.68500000e+03,
        4.75000000e+03,  4.63000000e+03,  1.12338000e+05, -5.00000000e+00,
        4.69200000e+03,  4.88950000e+03,  5.67350000e+03,  3.33333333e+01,
        5.41526516e+03,  4.36373484e+03])}
{'img': array([[[ 0.        , -0.60279681, -0.45493173, ..., -0.63485466,
         -0.56165959, -0.55540657],
        [ 0.60279681,  0.        ,  0.17381878, ..., -0.97228704,
         -0.94688027, -0.94442911],
        [ 0.45493173, -0.17381878,  0.        , ..., -0.91684941,
         -0.87656879, -0.87291581],
        ...,
        [ 0.63485466,  0.97228704,  0.91684941, ...,  0.        ,
         -0.09130276, -0.09880712],
        [ 0.56165959,  0.94688027,  0.87656879, ...,  0.09130276,
          0.        , -0.00753844],
        [ 0.55540657,  0.94442911,  0.87291581, ...,  0.09880712,
          0.00753844,  0.        ]],

       [[ 0.        , -0.83737255, -0.28206223, ..., -0.46938766,
         -0.44015566, -0.        ],
        [ 0.83737255,  0.        ,  0.95755638, ..., -0.48281083,
         -0.51129137, -0.83737255],
        [ 0.28206223, -0.95755638,  0.        , ..., -0.69938744,
         -0.67555336, -0.28206223],
        ...,
        [ 0.46938766,  0.48281083,  0.69938744, ...,  0.        ,
         -0.03281925, -0.46938766],
        [ 0.44015566,  0.51129137,  0.67555336, ...,  0.03281925,
          0.        , -0.44015566],
        [ 0.        ,  0.83737255,  0.28206223, ...,  0.46938766,
          0.44015566,  0.        ]],

       [[ 0.        ,  0.04969164,  0.25102399, ..., -0.700194  ,
         -0.78295816, -0.82975844],
        [-0.04969164,  0.        ,  0.20261332, ..., -0.66385151,
         -0.751079  , -0.80099932],
        [-0.25102399, -0.20261332,  0.        , ..., -0.49855516,
         -0.60173293, -0.6630881 ],
        ...,
        [ 0.700194  ,  0.66385151,  0.49855516, ...,  0.        ,
          0.1234223 ,  0.20161406],
        [ 0.78295816,  0.751079  ,  0.60173293, ..., -0.1234223 ,
          0.        ,  0.07918474],
        [ 0.82975844,  0.80099932,  0.6630881 , ..., -0.20161406,
         -0.07918474,  0.        ]],

       ...,

       [[ 0.        , -0.02107645, -0.00363521, ..., -0.0682251 ,
         -0.03909436, -0.1517997 ],
        [ 0.02107645,  0.        ,  0.01744191, ..., -0.0471826 ,
         -0.01802533, -0.13093377],
        [ 0.00363521, -0.01744191,  0.        , ..., -0.0645979 ,
         -0.03546167, -0.14820561],
        ...,
        [ 0.0682251 ,  0.0471826 ,  0.0645979 , ...,  0.        ,
          0.02916967, -0.08401154],
        [ 0.03909436,  0.01802533,  0.03546167, ..., -0.02916967,
          0.        , -0.11304235],
        [ 0.1517997 ,  0.13093377,  0.14820561, ...,  0.08401154,
          0.11304235,  0.        ]],

       [[ 0.        , -0.14974767, -0.22126828, ..., -0.16572313,
         -0.12991636, -0.        ],
        [ 0.14974767,  0.        , -0.07273744, ..., -0.31153149,
         -0.27693001, -0.14974767],
        [ 0.22126828,  0.07273744,  0.        , ..., -0.379824  ,
         -0.34608914, -0.22126828],
        ...,
        [ 0.16572313,  0.31153149,  0.379824  , ...,  0.        ,
         -0.0361987 , -0.16572313],
        [ 0.12991636,  0.27693001,  0.34608914, ...,  0.0361987 ,
          0.        , -0.12991636],
        [ 0.        ,  0.14974767,  0.22126828, ...,  0.16572313,
          0.12991636,  0.        ]],

       [[ 0.        , -0.21294988, -0.25796351, ..., -0.3203266 ,
         -0.22588813, -0.        ],
        [ 0.21294988,  0.        , -0.04630411, ..., -0.51470825,
         -0.42815278, -0.21294988],
        [ 0.25796351,  0.04630411,  0.        , ..., -0.55385571,
         -0.46953886, -0.25796351],
        ...,
        [ 0.3203266 ,  0.51470825,  0.55385571, ...,  0.        ,
         -0.09806175, -0.3203266 ],
        [ 0.22588813,  0.42815278,  0.46953886, ...,  0.09806175,
          0.        , -0.22588813],
        [ 0.        ,  0.21294988,  0.25796351, ...,  0.3203266 ,
          0.22588813,  0.        ]]]), 'num': array([1.93878260e+07, 1.49376460e+07, 9.31000000e+02, 4.78000000e+03,
       4.88000000e+03, 4.62000000e+03, 1.88873000e+05, 9.50000000e+01,
       4.71800000e+03, 4.87350000e+03, 5.63883333e+03, 3.75000000e+01,
       5.39209522e+03, 4.35490478e+03])}
{'img': array([[[ 0.        ,  0.43172672, -0.11091817, ..., -0.8725354 ,
         -0.86871072, -0.92773388],
        [-0.43172672,  0.        , -0.52911145, ..., -0.57611033,
         -0.56973815, -0.6756814 ],
        [ 0.11091817,  0.52911145,  0.        , ..., -0.92134062,
         -0.91829034, -0.9634087 ],
        ...,
        [ 0.8725354 ,  0.57611033,  0.92134062, ...,  0.        ,
         -0.00777463,  0.12757807],
        [ 0.86871072,  0.56973815,  0.91829034, ...,  0.00777463,
          0.        ,  0.13528532],
        [ 0.92773388,  0.6756814 ,  0.9634087 , ..., -0.12757807,
         -0.13528532,  0.        ]],

       [[ 0.        ,  0.84343092,  0.30197728, ..., -0.51677804,
         -0.84343092, -0.51773402],
        [-0.84343092,  0.        , -0.96628901, ..., -0.44444498,
         -0.        , -0.44344407],
        [-0.30197728,  0.96628901,  0.        , ..., -0.75118093,
         -0.96628901, -0.7519178 ],
        ...,
        [ 0.51677804,  0.44444498,  0.75118093, ...,  0.        ,
         -0.44444498, -0.00111702],
        [ 0.84343092,  0.        ,  0.96628901, ...,  0.44444498,
          0.        ,  0.44344407],
        [ 0.51773402,  0.44344407,  0.7519178 , ...,  0.00111702,
         -0.44344407,  0.        ]],

       [[ 0.        ,  0.20261332,  0.29213383, ..., -0.751079  ,
         -0.80099932, -0.83161112],
        [-0.20261332,  0.        ,  0.09229983, ..., -0.60173293,
         -0.6630881 , -0.70183952],
        [-0.29213383, -0.09229983,  0.        , ..., -0.52544466,
         -0.59116732, -0.63309514],
        ...,
        [ 0.751079  ,  0.60173293,  0.52544466, ...,  0.        ,
          0.07918474,  0.13192189],
        [ 0.80099932,  0.6630881 ,  0.59116732, ..., -0.07918474,
          0.        ,  0.05301498],
        [ 0.83161112,  0.70183952,  0.63309514, ..., -0.13192189,
         -0.05301498,  0.        ]],

       ...,

       [[ 0.        ,  0.01744191,  0.02267274, ..., -0.01802533,
         -0.13093377,  0.01397711],
        [-0.01744191,  0.        ,  0.00523187, ..., -0.03546167,
         -0.14820561, -0.00346522],
        [-0.02267274, -0.00523187,  0.        , ..., -0.04068976,
         -0.15337767, -0.00869701],
        ...,
        [ 0.01802533,  0.03546167,  0.04068976, ...,  0.        ,
         -0.11304235,  0.03199841],
        [ 0.13093377,  0.14820561,  0.15337767, ...,  0.11304235,
          0.        ,  0.14477777],
        [-0.01397711,  0.00346522,  0.00869701, ..., -0.03199841,
         -0.14477777,  0.        ]],

       [[ 0.        , -0.16341477, -0.18602466, ..., -0.24239935,
         -0.20573141, -0.        ],
        [ 0.16341477,  0.        , -0.02296164, ..., -0.39768206,
         -0.36288494, -0.16341477],
        [ 0.18602466,  0.02296164,  0.        , ..., -0.41864505,
         -0.3841857 , -0.18602466],
        ...,
        [ 0.24239935,  0.39768206,  0.41864505, ...,  0.        ,
         -0.03761826, -0.24239935],
        [ 0.20573141,  0.36288494,  0.3841857 , ...,  0.03761826,
          0.        , -0.20573141],
        [ 0.        ,  0.16341477,  0.18602466, ...,  0.24239935,
          0.20573141,  0.        ]],

       [[ 0.        , -0.14777073, -0.25792682, ..., -0.26692073,
         -0.14294352, -0.        ],
        [ 0.14777073,  0.        , -0.11232438, ..., -0.40639977,
         -0.28762749, -0.14777073],
        [ 0.25792682,  0.11232438,  0.        , ..., -0.50645817,
         -0.39338508, -0.25792682],
        ...,
        [ 0.26692073,  0.40639977,  0.50645817, ...,  0.        ,
         -0.12642237, -0.26692073],
        [ 0.14294352,  0.28762749,  0.39338508, ...,  0.12642237,
          0.        , -0.14294352],
        [ 0.        ,  0.14777073,  0.25792682, ...,  0.26692073,
          0.14294352,  0.        ]]]), 'num': array([1.97227140e+07, 9.35859400e+06, 2.09800000e+03, 4.94000000e+03,
       5.04000000e+03, 4.70000000e+03, 4.32551000e+05, 1.60000000e+02,
       4.77000000e+03, 4.86100000e+03, 5.61083333e+03, 4.80263158e+01,
       5.36016530e+03, 4.36183470e+03])}
{'img': array([[[ 0.        , -0.52911145, -0.64000089, ..., -0.56973815,
         -0.6756814 , -0.80398115],
        [ 0.52911145,  0.        , -0.13651868, ..., -0.91829034,
         -0.9634087 , -0.99685874],
        [ 0.64000089,  0.13651868,  0.        , ..., -0.96374163,
         -0.9909808 , -0.99833794],
        ...,
        [ 0.56973815,  0.91829034,  0.96374163, ...,  0.        ,
          0.13528532,  0.32193531],
        [ 0.6756814 ,  0.9634087 ,  0.9909808 , ..., -0.13528532,
          0.        ,  0.19089271],
        [ 0.80398115,  0.99685874,  0.99833794, ..., -0.32193531,
         -0.19089271,  0.        ]],

       [[ 0.        , -0.96628901, -0.92376959, ..., -0.        ,
         -0.44344407, -0.82430872],
        [ 0.96628901,  0.        , -0.13220564, ..., -0.96628901,
         -0.7519178 , -0.33482905],
        [ 0.92376959,  0.13220564,  0.        , ..., -0.92376959,
         -0.65816023, -0.20731544],
        ...,
        [ 0.        ,  0.96628901,  0.92376959, ...,  0.        ,
          0.44344407,  0.82430872],
        [ 0.44344407,  0.7519178 ,  0.65816023, ..., -0.44344407,
          0.        ,  0.48777793],
        [ 0.82430872,  0.33482905,  0.20731544, ..., -0.82430872,
         -0.48777793,  0.        ]],

       [[ 0.        ,  0.09229983,  0.25438861, ..., -0.6630881 ,
         -0.70183952, -0.76536205],
        [-0.09229983,  0.        ,  0.16403934, ..., -0.59116732,
         -0.63309514, -0.70269075],
        [-0.25438861, -0.16403934,  0.        , ..., -0.45085349,
         -0.49754052, -0.57645872],
        ...,
        [ 0.6630881 ,  0.59116732,  0.45085349, ...,  0.        ,
          0.05301498,  0.14614166],
        [ 0.70183952,  0.63309514,  0.49754052, ..., -0.05301498,
          0.        ,  0.09349035],
        [ 0.76536205,  0.70269075,  0.57645872, ..., -0.14614166,
         -0.09349035,  0.        ]],

       ...,

       [[ 0.        ,  0.00523187,  0.04303877, ..., -0.14820561,
         -0.00346522,  0.35907193],
        [-0.00523187,  0.        ,  0.03781116, ..., -0.15337767,
         -0.00869701,  0.35418406],
        [-0.04303877, -0.03781116,  0.        , ..., -0.19063175,
         -0.04650052,  0.31857071],
        ...,
        [ 0.14820561,  0.15337767,  0.19063175, ...,  0.        ,
          0.14477777,  0.4934283 ],
        [ 0.00346522,  0.00869701,  0.04650052, ..., -0.14477777,
          0.        ,  0.3623039 ],
        [-0.35907193, -0.35418406, -0.31857071, ..., -0.4934283 ,
         -0.3623039 ,  0.        ]],

       [[ 0.        , -0.0891352 , -0.34608925, ..., -0.31366399,
         -0.24007076, -0.        ],
        [ 0.0891352 ,  0.        , -0.26108487, ..., -0.39705236,
         -0.32564364, -0.0891352 ],
        [ 0.34608925,  0.26108487,  0.        , ..., -0.62290358,
         -0.56120278, -0.34608925],
        ...,
        [ 0.31366399,  0.39705236,  0.62290358, ...,  0.        ,
         -0.07653565, -0.31366399],
        [ 0.24007076,  0.32564364,  0.56120278, ...,  0.07653565,
          0.        , -0.24007076],
        [ 0.        ,  0.0891352 ,  0.34608925, ...,  0.31366399,
          0.24007076,  0.        ]],

       [[ 0.        , -0.21316299, -0.29298855, ..., -0.14333543,
         -0.        , -0.12705097],
        [ 0.21316299,  0.        , -0.08244616, ..., -0.351003  ,
         -0.21316299, -0.33556647],
        [ 0.29298855,  0.08244616,  0.        , ..., -0.42700848,
         -0.29298855, -0.41208969],
        ...,
        [ 0.14333543,  0.351003  ,  0.42700848, ...,  0.        ,
         -0.14333543, -0.0164348 ],
        [ 0.        ,  0.21316299,  0.29298855, ...,  0.14333543,
          0.        ,  0.12705097],
        [ 0.12705097,  0.33556647,  0.41208969, ...,  0.0164348 ,
         -0.12705097,  0.        ]]]), 'num': array([ 1.94577280e+07,  7.83191800e+06,  2.40700000e+03,  4.83000000e+03,
        4.99500000e+03,  4.61000000e+03,  3.32351000e+05, -1.10000000e+02,
        4.78500000e+03,  4.84050000e+03,  5.57916667e+03,  3.79310345e+01,
        5.30841986e+03,  4.37258014e+03])}
{'img': array([[[ 0.        , -0.22325353,  0.27243235, ..., -0.86311918,
         -0.94595505, -0.89455411],
        [ 0.22325353,  0.        ,  0.48036522, ..., -0.95407751,
         -0.99448016, -0.97176126],
        [-0.27243235, -0.48036522,  0.        , ..., -0.69289324,
         -0.82182503, -0.73895128],
        ...,
        [ 0.86311918,  0.95407751,  0.69289324, ...,  0.        ,
          0.19779991,  0.0659706 ],
        [ 0.94595505,  0.99448016,  0.82182503, ..., -0.19779991,
          0.        , -0.13270184],
        [ 0.89455411,  0.97176126,  0.73895128, ..., -0.0659706 ,
          0.13270184,  0.        ]],

       [[ 0.        , -0.16228266, -0.22752555, ..., -0.84363261,
         -0.40146322, -0.58089979],
        [ 0.16228266,  0.        , -0.06648322, ..., -0.74531674,
         -0.2475109 , -0.44110552],
        [ 0.22752555,  0.06648322,  0.        , ..., -0.69934269,
         -0.1825487 , -0.38046388],
        ...,
        [ 0.84363261,  0.74531674,  0.69934269, ...,  0.        ,
          0.55710816,  0.37479871],
        [ 0.40146322,  0.2475109 ,  0.1825487 , ..., -0.55710816,
          0.        , -0.20525062],
        [ 0.58089979,  0.44110552,  0.38046388, ..., -0.37479871,
          0.20525062,  0.        ]],

       [[ 0.        ,  0.16403934, -0.1531765 , ..., -0.63309514,
         -0.70269075, -0.7200805 ],
        [-0.16403934,  0.        , -0.31320502, ..., -0.49754052,
         -0.57645872, -0.5965008 ],
        [ 0.1531765 ,  0.31320502,  0.        , ..., -0.74419383,
         -0.80338256, -0.81787044],
        ...,
        [ 0.63309514,  0.49754052,  0.74419383, ...,  0.        ,
          0.09349035,  0.11809686],
        [ 0.70269075,  0.57645872,  0.80338256, ..., -0.09349035,
          0.        ,  0.02474351],
        [ 0.7200805 ,  0.5965008 ,  0.81787044, ..., -0.11809686,
         -0.02474351,  0.        ]],

       ...,

       [[ 0.        ,  0.03781116,  0.12971659, ..., -0.00869701,
          0.35418406,  0.00623656],
        [-0.03781116,  0.        ,  0.09213214, ..., -0.04650052,
          0.31857071, -0.03157832],
        [-0.12971659, -0.09213214,  0.        , ..., -0.13833522,
          0.22988379, -0.1235302 ],
        ...,
        [ 0.00869701,  0.04650052,  0.13833522, ...,  0.        ,
          0.3623039 ,  0.01493317],
        [-0.35418406, -0.31857071, -0.22988379, ..., -0.3623039 ,
          0.        , -0.34834489],
        [-0.00623656,  0.03157832,  0.1235302 , ..., -0.01493317,
          0.34834489,  0.        ]],

       [[ 0.        , -0.33162746, -0.39522927, ..., -0.37999155,
         -0.30103449, -0.        ],
        [ 0.33162746,  0.        , -0.06823623, ..., -0.66524006,
         -0.60024342, -0.33162746],
        [ 0.39522927,  0.06823623,  0.        , ..., -0.7146367 ,
         -0.65342089, -0.39522927],
        ...,
        [ 0.37999155,  0.66524006,  0.7146367 , ...,  0.        ,
         -0.0839111 , -0.37999155],
        [ 0.30103449,  0.60024342,  0.65342089, ...,  0.0839111 ,
          0.        , -0.30103449],
        [ 0.        ,  0.33162746,  0.39522927, ...,  0.37999155,
          0.30103449,  0.        ]],

       [[ 0.        , -0.20454902, -0.26907966, ..., -0.        ,
         -0.12778432, -0.20342643],
        [ 0.20454902,  0.        , -0.06638549, ..., -0.20454902,
         -0.32795461, -0.3993972 ],
        [ 0.26907966,  0.06638549,  0.        , ..., -0.26907966,
         -0.3899451 , -0.45937691],
        ...,
        [ 0.        ,  0.20454902,  0.26907966, ...,  0.        ,
          0.12778432,  0.20342643],
        [ 0.12778432,  0.32795461,  0.3899451 , ..., -0.12778432,
          0.        ,  0.07664636],
        [ 0.20342643,  0.3993972 ,  0.45937691, ..., -0.20342643,
         -0.07664636,  0.        ]]]), 'num': array([1.96123470e+07, 8.69024700e+06, 2.22900000e+03, 4.90000000e+03,
       4.94000000e+03, 4.70000000e+03, 1.94637000e+05, 7.00000000e+01,
       4.82700000e+03, 4.82600000e+03, 5.55150000e+03, 4.27586207e+01,
       5.26689228e+03, 4.38510772e+03])}
{'img': array([[[ 0.        ,  0.48036522, -0.1995172 , ..., -0.99448016,
         -0.97176126, -0.9884823 ],
        [-0.48036522,  0.        , -0.64569741, ..., -0.82182503,
         -0.73895128, -0.79426995],
        [ 0.1995172 ,  0.64569741,  0.        , ..., -0.99541977,
         -0.99930266, -0.99880243],
        ...,
        [ 0.99448016,  0.82182503,  0.99541977, ...,  0.        ,
         -0.13270184, -0.04678481],
        [ 0.97176126,  0.73895128,  0.99930266, ...,  0.13270184,
          0.        ,  0.08618548],
        [ 0.9884823 ,  0.79426995,  0.99880243, ...,  0.04678481,
         -0.08618548,  0.        ]],

       [[ 0.        , -0.06648322, -0.28155067, ..., -0.2475109 ,
         -0.44110552, -0.73196964],
        [ 0.06648322,  0.        , -0.21713403, ..., -0.1825487 ,
         -0.38046388, -0.6850527 ],
        [ 0.28155067,  0.21713403,  0.        , ...,  0.03529207,
         -0.17058207, -0.51052784],
        ...,
        [ 0.2475109 ,  0.1825487 , -0.03529207, ...,  0.        ,
         -0.20525062, -0.54055609],
        [ 0.44110552,  0.38046388,  0.17058207, ...,  0.20525062,
          0.        , -0.35636837],
        [ 0.73196964,  0.6850527 ,  0.51052784, ...,  0.54055609,
          0.35636837,  0.        ]],

       [[ 0.        , -0.31320502, -0.44114489, ..., -0.57645872,
         -0.5965008 , -0.64760776],
        [ 0.31320502,  0.        , -0.13786749, ..., -0.80338256,
         -0.81787044, -0.85367777],
        [ 0.44114489,  0.13786749,  0.        , ..., -0.87780583,
         -0.88938962, -0.91732733],
        ...,
        [ 0.57645872,  0.80338256,  0.87780583, ...,  0.        ,
          0.02474351,  0.08993083],
        [ 0.5965008 ,  0.81787044,  0.88938962, ..., -0.02474351,
          0.        ,  0.06526005],
        [ 0.64760776,  0.85367777,  0.91732733, ..., -0.08993083,
         -0.06526005,  0.        ]],

       ...,

       [[ 0.        ,  0.09213214,  0.08646821, ...,  0.31857071,
         -0.03157832,  0.13570381],
        [-0.09213214,  0.        , -0.00568662, ...,  0.22988379,
         -0.1235302 ,  0.04384676],
        [-0.08646821,  0.00568662,  0.        , ...,  0.23541439,
         -0.11788513,  0.04952721],
        ...,
        [-0.31857071, -0.22988379, -0.23541439, ...,  0.        ,
         -0.34834489, -0.18699024],
        [ 0.03157832,  0.1235302 ,  0.11788513, ...,  0.34834489,
          0.        ,  0.16692233],
        [-0.13570381, -0.04384676, -0.04952721, ...,  0.18699024,
         -0.16692233,  0.        ]],

       [[ 0.        , -0.22251456, -0.50072218, ..., -0.40216136,
         -0.27160424, -0.        ],
        [ 0.22251456,  0.        , -0.29555836, ..., -0.59580631,
         -0.47894497, -0.22251456],
        [ 0.50072218,  0.29555836,  0.        , ..., -0.80655972,
         -0.71700236, -0.50072218],
        ...,
        [ 0.40216136,  0.59580631,  0.80655972, ...,  0.        ,
         -0.13837135, -0.40216136],
        [ 0.27160424,  0.47894497,  0.71700236, ...,  0.13837135,
          0.        , -0.27160424],
        [ 0.        ,  0.22251456,  0.50072218, ...,  0.40216136,
          0.27160424,  0.        ]],

       [[ 0.        , -0.17765161, -0.09183339, ..., -0.12846235,
         -0.20449879, -0.26630629],
        [ 0.17765161,  0.        ,  0.0865283 , ..., -0.30259862,
         -0.37514318, -0.43330662],
        [ 0.09183339, -0.0865283 ,  0.        , ..., -0.21899201,
         -0.29352731, -0.35369812],
        ...,
        [ 0.12846235,  0.30259862,  0.21899201, ...,  0.        ,
          0.07705685,  0.1402764 ],
        [ 0.20449879,  0.37514318,  0.29352731, ..., -0.07705685,
          0.        ,  0.06356437],
        [ 0.26630629,  0.43330662,  0.35369812, ..., -0.1402764 ,
         -0.06356437,  0.        ]]]), 'num': array([1.98688910e+07, 1.05247310e+07, 1.85400000e+03, 5.04000000e+03,
       5.21000000e+03, 4.75500000e+03, 6.11395000e+05, 1.40000000e+02,
       4.89800000e+03, 4.82350000e+03, 5.52766667e+03, 6.69603524e+01,
       5.25890900e+03, 4.38809100e+03])}
{'img': array([[[ 0.        , -0.64569741, -0.88242709, ..., -0.73895128,
         -0.79426995, -0.87989007],
        [ 0.64569741,  0.        , -0.37004767, ..., -0.99930266,
         -0.99880243, -0.97869899],
        [ 0.88242709,  0.37004767,  0.        , ..., -0.94218209,
         -0.90979547, -0.83325288],
        ...,
        [ 0.73895128,  0.99930266,  0.94218209, ...,  0.        ,
          0.08618548,  0.24170086],
        [ 0.79426995,  0.99880243,  0.90979547, ..., -0.08618548,
          0.        ,  0.15717136],
        [ 0.87989007,  0.97869899,  0.83325288, ..., -0.24170086,
         -0.15717136,  0.        ]],

       [[ 0.        , -0.21713403, -0.00272928, ..., -0.38046388,
         -0.6850527 ,  0.14326195],
        [ 0.21713403,  0.        ,  0.21446906, ..., -0.17058207,
         -0.51052784,  0.35473822],
        [ 0.00272928, -0.21446906,  0.        , ..., -0.37793844,
         -0.68306189,  0.14596254],
        ...,
        [ 0.38046388,  0.17058207,  0.37793844, ...,  0.        ,
         -0.35636837,  0.50902737],
        [ 0.6850527 ,  0.51052784,  0.68306189, ...,  0.35636837,
          0.        ,  0.78235165],
        [-0.14326195, -0.35473822, -0.14596254, ..., -0.50902737,
         -0.78235165,  0.        ]],

       [[ 0.        , -0.32299115, -0.58721737, ..., -0.60329434,
         -0.65476645, -0.7282046 ],
        [ 0.32299115,  0.        , -0.29430519, ..., -0.82855042,
         -0.86379907, -0.91053943],
        [ 0.58721737,  0.29430519,  0.        , ..., -0.95664089,
         -0.97382438, -0.99188531],
        ...,
        [ 0.60329434,  0.82855042,  0.95664089, ...,  0.        ,
          0.0661997 ,  0.16728303],
        [ 0.65476645,  0.86379907,  0.97382438, ..., -0.0661997 ,
          0.        ,  0.1016492 ],
        [ 0.7282046 ,  0.91053943,  0.99188531, ..., -0.16728303,
         -0.1016492 ,  0.        ]],

       ...,

       [[ 0.        , -0.00568662,  0.13859302, ..., -0.1235302 ,
          0.04384676,  0.96032436],
        [ 0.00568662,  0.        ,  0.14422252, ..., -0.11788513,
          0.04952721,  0.96189475],
        [-0.13859302, -0.14422252,  0.        , ..., -0.25986957,
         -0.09503612,  0.91240508],
        ...,
        [ 0.1235302 ,  0.11788513,  0.25986957, ...,  0.        ,
          0.16692233,  0.98741984],
        [-0.04384676, -0.04952721,  0.09503612, ..., -0.16692233,
          0.        ,  0.94717256],
        [-0.96032436, -0.96189475, -0.91240508, ..., -0.98741984,
         -0.94717256,  0.        ]],

       [[ 0.        , -0.45655628, -0.55411592, ..., -0.29731623,
         -0.12054021, -0.        ],
        [ 0.45655628,  0.        , -0.11293841, ..., -0.700431  ,
         -0.56047124, -0.45655628],
        [ 0.55411592,  0.11293841,  0.        , ..., -0.77655605,
         -0.65041798, -0.55411592],
        ...,
        [ 0.29731623,  0.700431  ,  0.77655605, ...,  0.        ,
         -0.18005906, -0.29731623],
        [ 0.12054021,  0.56047124,  0.65041798, ...,  0.18005906,
          0.        , -0.12054021],
        [ 0.        ,  0.45655628,  0.55411592, ...,  0.29731623,
          0.12054021,  0.        ]],

       [[ 0.        ,  0.15255926, -0.22419673, ..., -0.35164492,
         -0.41050079, -0.42240933],
        [-0.15255926,  0.        , -0.37024805, ..., -0.20471285,
         -0.26658288, -0.27918424],
        [ 0.22419673,  0.37024805,  0.        , ..., -0.55257147,
         -0.60448713, -0.61486951],
        ...,
        [ 0.35164492,  0.20471285,  0.55257147, ...,  0.        ,
          0.0636325 ,  0.07669873],
        [ 0.41050079,  0.26658288,  0.60448713, ..., -0.0636325 ,
          0.        ,  0.01309823],
        [ 0.42240933,  0.27918424,  0.61486951, ..., -0.07669873,
         -0.01309823,  0.        ]]]), 'num': array([ 1.97292510e+07,  1.11335710e+07,  1.73300000e+03,  4.96000000e+03,
        5.08000000e+03,  4.80500000e+03,  2.66513000e+05, -8.00000000e+01,
        4.93400000e+03,  4.81350000e+03,  5.50033333e+03,  6.17647059e+01,
        5.22612695e+03,  4.40087305e+03])}
{'img': array([[[ 0.        , -0.37004767, -0.21999381, ..., -0.99880243,
         -0.97869899, -0.99297751],
        [ 0.37004767,  0.        ,  0.15660492, ..., -0.90979547,
         -0.83325288, -0.87871094],
        [ 0.21999381, -0.15660492,  0.        , ..., -0.96356975,
         -0.90955727, -0.94262484],
        ...,
        [ 0.99880243,  0.90979547,  0.96356975, ...,  0.        ,
          0.15717136,  0.06957973],
        [ 0.97869899,  0.83325288,  0.90955727, ..., -0.15717136,
          0.        , -0.08807549],
        [ 0.99297751,  0.87871094,  0.94262484, ..., -0.06957973,
          0.08807549,  0.        ]],

       [[ 0.        ,  0.21446906, -0.15382195, ..., -0.51052784,
          0.35473822, -0.32154081],
        [-0.21446906,  0.        , -0.3621592 , ..., -0.68306189,
          0.14596254, -0.51713864],
        [ 0.15382195,  0.3621592 ,  0.        , ..., -0.37218631,
          0.49433457, -0.17206068],
        ...,
        [ 0.51052784,  0.68306189,  0.37218631, ...,  0.        ,
          0.78235165,  0.20693616],
        [-0.35473822, -0.14596254, -0.49433457, ..., -0.78235165,
          0.        , -0.63652972],
        [ 0.32154081,  0.51713864,  0.17206068, ..., -0.20693616,
          0.63652972,  0.        ]],

       [[ 0.        , -0.51154669, -0.62359948, ..., -0.66244834,
         -0.73626294, -0.7683919 ],
        [ 0.51154669,  0.        , -0.13593271, ..., -0.95241588,
         -0.97879934, -0.9876244 ],
        [ 0.62359948,  0.13593271,  0.        , ..., -0.98500813,
         -0.99755614, -0.99977671],
        ...,
        [ 0.66244834,  0.95241588,  0.98500813, ...,  0.        ,
          0.10326431,  0.15165478],
        [ 0.73626294,  0.97879934,  0.99755614, ..., -0.10326431,
          0.        ,  0.04877413],
        [ 0.7683919 ,  0.9876244 ,  0.99977671, ..., -0.15165478,
         -0.04877413,  0.        ]],

       ...,

       [[ 0.        ,  0.14422252,  0.2166806 , ...,  0.04952721,
          0.96189475,  0.7427213 ],
        [-0.14422252,  0.        ,  0.0736191 , ..., -0.09503612,
          0.91240508,  0.63838485],
        [-0.2166806 , -0.0736191 ,  0.        , ..., -0.16806412,
          0.87979777,  0.57998665],
        ...,
        [-0.04952721,  0.09503612,  0.16806412, ...,  0.        ,
          0.94717256,  0.70864636],
        [-0.96189475, -0.91240508, -0.87979777, ..., -0.94717256,
          0.        , -0.44101052],
        [-0.7427213 , -0.63838485, -0.57998665, ..., -0.70864636,
          0.44101052,  0.        ]],

       [[ 0.        , -0.34021395, -0.57250675, ..., -0.2758242 ,
         -0.24782464, -0.        ],
        [ 0.34021395,  0.        , -0.25941418, ..., -0.58638716,
         -0.56264237, -0.34021395],
        [ 0.57250675,  0.25941418,  0.        , ..., -0.77644639,
         -0.75783877, -0.57250675],
        ...,
        [ 0.2758242 ,  0.58638716,  0.77644639, ...,  0.        ,
         -0.02900879, -0.2758242 ],
        [ 0.24782464,  0.56264237,  0.75783877, ...,  0.02900879,
          0.        , -0.24782464],
        [ 0.        ,  0.34021395,  0.57250675, ...,  0.2758242 ,
          0.24782464,  0.        ]],

       [[ 0.        , -0.37024805, -0.340054  , ..., -0.26658288,
         -0.27918424, -0.3272939 ],
        [ 0.37024805,  0.        ,  0.0322961 , ..., -0.60448713,
         -0.61486951, -0.65388983],
        [ 0.340054  , -0.0322961 ,  0.        , ..., -0.57844424,
         -0.58907913, -0.62911382],
        ...,
        [ 0.26658288,  0.60448713,  0.57844424, ...,  0.        ,
          0.01309823,  0.0635496 ],
        [ 0.27918424,  0.61486951,  0.58907913, ..., -0.01309823,
          0.        ,  0.0504724 ],
        [ 0.3272939 ,  0.65388983,  0.62911382, ..., -0.0635496 ,
         -0.0504724 ,  0.        ]]]), 'num': array([ 1.91132030e+07,  8.82188300e+06,  2.19900000e+03,  4.68000000e+03,
        4.92000000e+03,  4.65500000e+03,  2.25336000e+05, -2.80000000e+02,
        4.88200000e+03,  4.78950000e+03,  5.47250000e+03,  5.38461538e+01,
        5.17356900e+03,  4.40543100e+03])}
{'img': array([[[ 0.        ,  0.15660492,  0.21621907, ..., -0.83325288,
         -0.87871094, -0.99191765],
        [-0.15660492,  0.        ,  0.0606508 , ..., -0.90955727,
         -0.94262484, -0.99954926],
        [-0.21621907, -0.0606508 ,  0.        , ..., -0.93308799,
         -0.96113801, -0.99588831],
        ...,
        [ 0.83325288,  0.90955727,  0.93308799, ...,  0.        ,
         -0.08807549, -0.44269748],
        [ 0.87871094,  0.94262484,  0.96113801, ...,  0.08807549,
          0.        , -0.36200232],
        [ 0.99191765,  0.99954926,  0.99588831, ...,  0.44269748,
          0.36200232,  0.        ]],

       [[ 0.        , -0.3621592 , -0.42885379, ...,  0.14596254,
         -0.51713864, -0.60975106],
        [ 0.3621592 ,  0.        , -0.07257642, ...,  0.49433457,
         -0.17206068, -0.28131404],
        [ 0.42885379,  0.07257642,  0.        , ...,  0.55611957,
         -0.10011289, -0.21092669],
        ...,
        [-0.14596254, -0.49433457, -0.55611957, ...,  0.        ,
         -0.63652972, -0.71890958],
        [ 0.51713864,  0.17206068,  0.10011289, ...,  0.63652972,
          0.        , -0.11200648],
        [ 0.60975106,  0.28131404,  0.21092669, ...,  0.71890958,
          0.11200648,  0.        ]],

       [[ 0.        , -0.25493315, -0.35673372, ..., -0.86934451,
         -0.89327303, -0.85761695],
        [ 0.25493315,  0.        , -0.10678667, ..., -0.96660986,
         -0.97835426, -0.96038946],
        [ 0.35673372,  0.10678667,  0.        , ..., -0.9884471 ,
         -0.9948581 , -0.98465522],
        ...,
        [ 0.86934451,  0.96660986,  0.9884471 , ...,  0.        ,
          0.0506784 , -0.0232544 ],
        [ 0.89327303,  0.97835426,  0.9948581 , ..., -0.0506784 ,
          0.        , -0.07388922],
        [ 0.85761695,  0.96038946,  0.98465522, ...,  0.0232544 ,
          0.07388922,  0.        ]],

       ...,

       [[ 0.        ,  0.0736191 , -0.00844932, ...,  0.91240508,
          0.63838485,  0.31153642],
        [-0.0736191 ,  0.        , -0.08204287, ...,  0.87979777,
          0.57998665,  0.24073565],
        [ 0.00844932,  0.08204287,  0.        , ...,  0.91583072,
          0.64486566,  0.31955413],
        ...,
        [-0.91240508, -0.87979777, -0.91583072, ...,  0.        ,
         -0.44101052, -0.7394903 ],
        [-0.63838485, -0.57998665, -0.64486566, ...,  0.44101052,
          0.        , -0.36682015],
        [-0.31153642, -0.24073565, -0.31955413, ...,  0.7394903 ,
          0.36682015,  0.        ]],

       [[ 0.        , -0.47687949, -0.62601031, ..., -0.3956578 ,
         -0.3130272 , -0.        ],
        [ 0.47687949,  0.        , -0.17836578, ..., -0.785736  ,
         -0.72805462, -0.47687949],
        [ 0.62601031,  0.17836578,  0.        , ..., -0.88346643,
         -0.83865287, -0.62601031],
        ...,
        [ 0.3956578 ,  0.785736  ,  0.88346643, ...,  0.        ,
         -0.08829014, -0.3956578 ],
        [ 0.3130272 ,  0.72805462,  0.83865287, ...,  0.08829014,
          0.        , -0.3130272 ],
        [ 0.        ,  0.47687949,  0.62601031, ...,  0.3956578 ,
          0.3130272 ,  0.        ]],

       [[ 0.        ,  0.05819691,  0.1515912 , ..., -0.49538508,
         -0.53909486, -0.55291325],
        [-0.05819691,  0.        ,  0.09380993, ..., -0.44399135,
         -0.4891651 , -0.50348421],
        [-0.1515912 , -0.09380993,  0.        , ..., -0.35797679,
         -0.40518775, -0.42021172],
        ...,
        [ 0.49538508,  0.44399135,  0.35797679, ...,  0.        ,
          0.05106178,  0.06752701],
        [ 0.53909486,  0.4891651 ,  0.40518775, ..., -0.05106178,
          0.        ,  0.01649369],
        [ 0.55291325,  0.50348421,  0.42021172, ..., -0.06752701,
         -0.01649369,  0.        ]]]), 'num': array([ 1.81279800e+07,  4.00548000e+06,  3.22800000e+03,  4.37500000e+03,
        4.68500000e+03,  4.37500000e+03,  2.14117000e+05, -3.05000000e+02,
        4.79100000e+03,  4.75825000e+03,  5.44475000e+03,  4.65189873e+01,
        5.16947105e+03,  4.34702895e+03])}
{'img': array([[[ 0.        ,  0.05880198,  0.07091321, ..., -0.91914475,
         -0.99624906, -0.78264214],
        [-0.05880198,  0.        ,  0.01213656, ..., -0.94071759,
         -0.99961348, -0.74468533],
        [-0.07091321, -0.01213656,  0.        , ..., -0.94476492,
         -0.99987726, -0.73653035],
        ...,
        [ 0.91914475,  0.94071759,  0.94476492, ...,  0.        ,
         -0.31290686, -0.88044015],
        [ 0.99624906,  0.99961348,  0.99987726, ...,  0.31290686,
          0.        , -0.68786073],
        [ 0.78264214,  0.74468533,  0.73653035, ...,  0.88044015,
          0.68786073,  0.        ]],

       [[ 0.        , -0.07257642,  0.04822174, ..., -0.17206068,
         -0.28131404, -0.31338524],
        [ 0.07257642,  0.        ,  0.12058656, ..., -0.10011289,
         -0.21092669, -0.24363834],
        [-0.04822174, -0.12058656,  0.        , ..., -0.21936309,
         -0.32726111, -0.35881329],
        ...,
        [ 0.17206068,  0.10011289,  0.21936309, ...,  0.        ,
         -0.11200648, -0.14531822],
        [ 0.28131404,  0.21092669,  0.32726111, ...,  0.11200648,
          0.        , -0.03358627],
        [ 0.31338524,  0.24363834,  0.35881329, ...,  0.14531822,
          0.03358627,  0.        ]],

       [[ 0.        , -0.10678667, -0.23767736, ..., -0.97835426,
         -0.96038946, -0.91066575],
        [ 0.10678667,  0.        , -0.13259171, ..., -0.9948581 ,
         -0.98465522, -0.94957678],
        [ 0.23767736,  0.13259171,  0.        , ..., -0.99950295,
         -0.99910016, -0.98276481],
        ...,
        [ 0.97835426,  0.9948581 ,  0.99950295, ...,  0.        ,
         -0.07388922, -0.21575062],
        [ 0.96038946,  0.98465522,  0.99910016, ...,  0.07388922,
          0.        , -0.14301184],
        [ 0.91066575,  0.94957678,  0.98276481, ...,  0.21575062,
          0.14301184,  0.        ]],

       ...,

       [[ 0.        , -0.08204287, -0.11624877, ...,  0.57998665,
          0.24073565, -0.03552658],
        [ 0.08204287,  0.        , -0.03437025, ...,  0.64486566,
          0.31955413,  0.04658427],
        [ 0.11624877,  0.03437025,  0.        , ...,  0.67075369,
          0.35193347,  0.08088968],
        ...,
        [-0.57998665, -0.64486566, -0.67075369, ...,  0.        ,
         -0.36682015, -0.6085614 ],
        [-0.24073565, -0.31955413, -0.35193347, ...,  0.36682015,
          0.        , -0.27506545],
        [ 0.03552658, -0.04658427, -0.08088968, ...,  0.6085614 ,
          0.27506545,  0.        ]],

       [[ 0.        , -0.44670989, -0.58110596, ..., -0.33432981,
         -0.09114298, -0.        ],
        [ 0.44670989,  0.        , -0.15635825, ..., -0.7201223 ,
         -0.5263943 , -0.44670989],
        [ 0.58110596,  0.15635825,  0.        , ..., -0.81975382,
