state_0,state_1,state_2,state_3,state_4,state_5,state_6,state_7,state_8,state_9,state_10,state_11,state_12,state_13,state_14,state_15,state_16,state_17,state_18,state_19,state_20,state_21,state_22,state_23,state_24,state_25,state_26,state_27,state_28,state_29,state_30,state_31,state_32,state_33,state_34,state_35,state_36,state_37,state_38,state_39,state_40,state_41,state_42,state_43,state_44,state_45,state_46,state_47,state_48,state_49,state_50,state_51,state_52,state_53,state_54,state_55,state_56,state_57,state_58,state_59,state_60,state_61,state_62,state_63,state_64,state_65,state_66,state_67,state_68,state_69,state_70,state_71,state_72,state_73,state_74,state_75,state_76,state_77
{'img': array([[[ 0.        , -0.45898074, -0.14080917, ...,  0.82532315,
          0.81555941,  0.86701733],
        [ 0.45898074,  0.        ,  0.32930643, ...,  0.47408685,
          0.45898074,  0.54159826],
        [ 0.14080917, -0.32930643,  0.        , ...,  0.73759085,
          0.72595127,  0.78821691],
        ...,
        [-0.82532315, -0.47408685, -0.73759085, ...,  0.        ,
          0.01707818, -0.07833024],
        [-0.81555941, -0.45898074, -0.72595127, ..., -0.01707818,
          0.        , -0.09534452],
        [-0.86701733, -0.54159826, -0.78821691, ...,  0.07833024,
          0.09534452,  0.        ]],

       [[ 0.        ,  0.1721634 , -0.05064092, ...,  0.08433988,
          0.04874709,  0.11758137],
        [-0.1721634 ,  0.        , -0.22182726, ..., -0.08846944,
         -0.1239395 , -0.05514345],
        [ 0.05064092,  0.22182726,  0.        , ...,  0.13469215,
          0.09926526,  0.16772014],
        ...,
        [-0.08433988,  0.08846944, -0.13469215, ...,  0.        ,
         -0.0356662 ,  0.0334076 ],
        [-0.04874709,  0.1239395 , -0.09926526, ...,  0.0356662 ,
          0.        ,  0.06903264],
        [-0.11758137,  0.05514345, -0.16772014, ..., -0.0334076 ,
         -0.06903264,  0.        ]],

       [[ 0.        , -0.10427782, -0.16142365, ...,  0.60207123,
          0.4842978 ,  0.62350191],
        [ 0.10427782,  0.        , -0.05763337, ...,  0.51552903,
          0.3904245 ,  0.53857603],
        [ 0.16142365,  0.05763337,  0.        , ...,  0.4652877 ,
          0.33671625,  0.48912028],
        ...,
        [-0.60207123, -0.51552903, -0.4652877 , ...,  0.        ,
          0.14007017, -0.02711793],
        [-0.4842978 , -0.3904245 , -0.33671625, ..., -0.14007017,
          0.        , -0.16686925],
        [-0.62350191, -0.53857603, -0.48912028, ...,  0.02711793,
          0.16686925,  0.        ]],

       ...,

       [[ 0.        , -0.62556026, -0.34634227, ...,  0.13522136,
          0.12479368,  0.1570075 ],
        [ 0.62556026,  0.        ,  0.31663535, ...,  0.72531119,
          0.7180311 ,  0.74029515],
        [ 0.34634227, -0.31663535,  0.        , ...,  0.47001353,
          0.46070479,  0.48933675],
        ...,
        [-0.13522136, -0.72531119, -0.47001353, ...,  0.        ,
         -0.01051679,  0.02202118],
        [-0.12479368, -0.7180311 , -0.46070479, ...,  0.01051679,
          0.        ,  0.0325342 ],
        [-0.1570075 , -0.74029515, -0.48933675, ..., -0.02202118,
         -0.0325342 ,  0.        ]],

       [[ 0.        , -0.02767073, -0.11868309, ...,  0.72231521,
          0.70787042,  0.69932586],
        [ 0.02767073,  0.        , -0.09116248, ...,  0.70290255,
          0.68805436,  0.67927896],
        [ 0.11868309,  0.09116248,  0.        , ...,  0.63513307,
          0.61903643,  0.60954813],
        ...,
        [-0.72231521, -0.70290255, -0.63513307, ...,  0.        ,
          0.02066412,  0.03268451],
        [-0.70787042, -0.68805436, -0.61903643, ..., -0.02066412,
          0.        ,  0.01202445],
        [-0.69932586, -0.67927896, -0.60954813, ..., -0.03268451,
         -0.01202445,  0.        ]],

       [[ 0.        ,  0.02762762,  0.0925918 , ...,  0.76069404,
          0.75381647,  0.67736043],
        [-0.02762762,  0.        ,  0.06504752, ...,  0.77833706,
          0.77168242,  0.69742617],
        [-0.0925918 , -0.06504752,  0.        , ...,  0.81752854,
          0.81141888,  0.74256588],
        ...,
        [-0.76069404, -0.77833706, -0.81752854, ...,  0.        ,
          0.0105304 ,  0.11992373],
        [-0.75381647, -0.77168242, -0.81141888, ..., -0.0105304 ,
          0.        ,  0.10946268],
        [-0.67736043, -0.69742617, -0.74256588, ..., -0.11992373,
         -0.10946268,  0.        ]]]), 'num': array([ 3.66207690e+08,  1.65566820e+07,  1.10300000e+03,  3.17000000e+05,
        3.21000000e+05,  3.16500000e+05,  5.07367000e+05, -2.00000000e+03,
        3.20200000e+05,  3.16575000e+05,  2.70666667e+05,  5.71428571e+01,
        3.33252155e+05,  2.99897845e+05])}
{'img': array([[[ 0.        ,  0.32930643,  0.12598716, ...,  0.45898074,
          0.54159826,  0.58813202],
        [-0.32930643,  0.        , -0.20772249, ...,  0.72595127,
          0.78821691,  0.82165934],
        [-0.12598716,  0.20772249,  0.        , ...,  0.56725634,
          0.64319226,  0.6853397 ],
        ...,
        [-0.45898074, -0.72595127, -0.56725634, ...,  0.        ,
         -0.09534452, -0.15131613],
        [-0.54159826, -0.78821691, -0.64319226, ...,  0.09534452,
          0.        , -0.05638011],
        [-0.58813202, -0.82165934, -0.6853397 , ...,  0.15131613,
          0.05638011,  0.        ]],

       [[ 0.        , -0.22182726, -0.50422846, ..., -0.1239395 ,
         -0.05514345, -0.33168443],
        [ 0.22182726,  0.        , -0.30010266, ...,  0.09926526,
          0.16772014, -0.11415113],
        [ 0.50422846,  0.30010266,  0.        , ...,  0.39331027,
          0.455841  ,  0.18925146],
        ...,
        [ 0.1239395 , -0.09926526, -0.39331027, ...,  0.        ,
          0.06903264, -0.21220374],
        [ 0.05514345, -0.16772014, -0.455841  , ..., -0.06903264,
          0.        , -0.27915796],
        [ 0.33168443,  0.11415113, -0.18925146, ...,  0.21220374,
          0.27915796,  0.        ]],

       [[ 0.        , -0.05763337, -0.29518116, ...,  0.3904245 ,
          0.53857603,  0.59524442],
        [ 0.05763337,  0.        , -0.23962522, ...,  0.33671625,
          0.48912028,  0.54794403],
        [ 0.29518116,  0.23962522,  0.        , ...,  0.1012736 ,
          0.26586496,  0.33152985],
        ...,
        [-0.3904245 , -0.33671625, -0.1012736 , ...,  0.        ,
         -0.16686925, -0.23427928],
        [-0.53857603, -0.48912028, -0.26586496, ...,  0.16686925,
          0.        , -0.06876929],
        [-0.59524442, -0.54794403, -0.33152985, ...,  0.23427928,
          0.06876929,  0.        ]],

       ...,

       [[ 0.        ,  0.31663535, -0.65835184, ...,  0.7180311 ,
          0.74029515,  0.64549829],
        [-0.31663535,  0.        , -0.86281259, ...,  0.46070479,
          0.48933675,  0.37045172],
        [ 0.65835184,  0.86281259,  0.        , ...,  0.99868957,
          0.99982591,  0.98869717],
        ...,
        [-0.7180311 , -0.46070479, -0.99868957, ...,  0.        ,
          0.0325342 , -0.09913074],
        [-0.74029515, -0.48933675, -0.99982591, ..., -0.0325342 ,
          0.        , -0.13145222],
        [-0.64549829, -0.37045172, -0.98869717, ...,  0.09913074,
          0.13145222,  0.        ]],

       [[ 0.        , -0.09116248, -0.32537501, ...,  0.68805436,
          0.67927896,  0.67544058],
        [ 0.09116248,  0.        , -0.23781828, ...,  0.61903643,
          0.60954813,  0.60540354],
        [ 0.32537501,  0.23781828,  0.        , ...,  0.41450257,
          0.40352977,  0.3987503 ],
        ...,
        [-0.68805436, -0.61903643, -0.41450257, ...,  0.        ,
          0.01202445,  0.01724157],
        [-0.67927896, -0.60954813, -0.40352977, ..., -0.01202445,
          0.        ,  0.00521765],
        [-0.67544058, -0.60540354, -0.3987503 , ..., -0.01724157,
         -0.00521765,  0.        ]],

       [[ 0.        ,  0.06489343,  0.12115864, ...,  0.8062522 ,
          0.78144986,  0.69625515],
        [-0.06489343,  0.        ,  0.05648789, ...,  0.84294192,
          0.82029415,  0.74136772],
        [-0.12115864, -0.05648789,  0.        , ...,  0.87198672,
          0.85129216,  0.77809294],
        ...,
        [-0.8062522 , -0.84294192, -0.87198672, ...,  0.        ,
          0.04079178,  0.16683827],
        [-0.78144986, -0.82029415, -0.85129216, ..., -0.04079178,
          0.        ,  0.12647935],
        [-0.69625515, -0.74136772, -0.77809294, ..., -0.16683827,
         -0.12647935,  0.        ]]]), 'num': array([5.50555080e+07, 1.63205080e+07, 1.22000000e+02, 3.17500000e+05,
       3.24000000e+05, 3.16000000e+05, 6.66062000e+05, 5.00000000e+02,
       3.19400000e+05, 3.17150000e+05, 2.72566667e+05, 5.52631579e+01,
       3.33106503e+05, 3.01193497e+05])}
{'img': array([[[ 0.00000000e+00, -3.06098024e-01,  1.48475627e-01, ...,
          7.73664591e-01,  8.08228928e-01,  8.00081397e-01],
        [ 3.06098024e-01,  0.00000000e+00,  4.44054051e-01, ...,
          5.42586399e-01,  5.89182484e-01,  5.78051901e-01],
        [-1.48475627e-01, -4.44054051e-01,  0.00000000e+00, ...,
          8.59162816e-01,  8.86703179e-01,  8.80282609e-01],
        ...,
        [-7.73664591e-01, -5.42586399e-01, -8.59162816e-01, ...,
          0.00000000e+00, -5.65034768e-02, -4.28130954e-02],
        [-8.08228928e-01, -5.89182484e-01, -8.86703179e-01, ...,
          5.65034768e-02,  0.00000000e+00,  1.37069715e-02],
        [-8.00081397e-01, -5.78051901e-01, -8.80282609e-01, ...,
          4.28130954e-02, -1.37069715e-02,  0.00000000e+00]],

       [[ 0.00000000e+00, -3.00102661e-01,  2.47249279e-01, ...,
          1.67720138e-01, -1.14151130e-01,  6.16343310e-02],
        [ 3.00102661e-01,  0.00000000e+00,  5.26637840e-01, ...,
          4.55840999e-01,  1.89251457e-01,  3.58325519e-01],
        [-2.47249279e-01, -5.26637840e-01,  0.00000000e+00, ...,
         -8.12341589e-02, -3.56240063e-01, -1.87058505e-01],
        ...,
        [-1.67720138e-01, -4.55840999e-01,  8.12341589e-02, ...,
          0.00000000e+00, -2.79157956e-01, -1.06640009e-01],
        [ 1.14151130e-01, -1.89251457e-01,  3.56240063e-01, ...,
          2.79157956e-01,  0.00000000e+00,  1.75165557e-01],
        [-6.16343310e-02, -3.58325519e-01,  1.87058505e-01, ...,
          1.06640009e-01, -1.75165557e-01,  0.00000000e+00]],

       [[ 0.00000000e+00, -2.39625218e-01, -1.40070168e-01, ...,
          4.89120278e-01,  5.47944031e-01,  5.80290491e-01],
        [ 2.39625218e-01,  0.00000000e+00,  1.01273602e-01, ...,
          2.65864956e-01,  3.31529850e-01,  3.68230929e-01],
        [ 1.40070168e-01, -1.01273602e-01,  0.00000000e+00, ...,
          3.62126835e-01,  4.25371372e-01,  4.60495258e-01],
        ...,
        [-4.89120278e-01, -2.65864956e-01, -3.62126835e-01, ...,
          0.00000000e+00, -6.87692928e-02, -1.07794617e-01],
        [-5.47944031e-01, -3.31529850e-01, -4.25371372e-01, ...,
          6.87692928e-02,  0.00000000e+00, -3.91708359e-02],
        [-5.80290491e-01, -3.68230929e-01, -4.60495258e-01, ...,
          1.07794617e-01,  3.91708359e-02,  0.00000000e+00]],

       ...,

       [[ 0.00000000e+00, -8.62812587e-01, -1.50835312e-01, ...,
          4.89336749e-01,  3.70451721e-01,  3.11705699e-01],
        [ 8.62812587e-01,  0.00000000e+00,  7.76690207e-01, ...,
          9.99825907e-01,  9.88697166e-01,  9.77400829e-01],
        [ 1.50835312e-01, -7.76690207e-01,  0.00000000e+00, ...,
          6.15280909e-01,  5.06316987e-01,  4.51459945e-01],
        ...,
        [-4.89336749e-01, -9.99825907e-01, -6.15280909e-01, ...,
          0.00000000e+00, -1.31452218e-01, -1.93120398e-01],
        [-3.70451721e-01, -9.88697166e-01, -5.06316987e-01, ...,
          1.31452218e-01,  0.00000000e+00, -6.24669582e-02],
        [-3.11705699e-01, -9.77400829e-01, -4.51459945e-01, ...,
          1.93120398e-01,  6.24669582e-02,  0.00000000e+00]],

       [[ 0.00000000e+00, -2.37818278e-01, -2.05903863e-01, ...,
          6.09548128e-01,  6.05403541e-01,  6.10173145e-01],
        [ 2.37818278e-01,  0.00000000e+00,  3.27259488e-02, ...,
          4.03529771e-01,  3.98750300e-01,  4.04251240e-01],
        [ 2.05903863e-01, -3.27259488e-02,  0.00000000e+00, ...,
          4.33256772e-01,  4.28548358e-01,  4.33967431e-01],
        ...,
        [-6.09548128e-01, -4.03529771e-01, -4.33256772e-01, ...,
          0.00000000e+00,  5.21765278e-03, -7.88656672e-04],
        [-6.05403541e-01, -3.98750300e-01, -4.28548358e-01, ...,
         -5.21765278e-03,  0.00000000e+00, -6.00629709e-03],
        [-6.10173145e-01, -4.04251240e-01, -4.33967431e-01, ...,
          7.88656672e-04,  6.00629709e-03,  0.00000000e+00]],

       [[ 0.00000000e+00,  5.61158501e-02,  5.86558652e-02, ...,
          8.79353215e-01,  8.61965884e-01,  7.38116876e-01],
        [-5.61158501e-02,  0.00000000e+00,  2.54420576e-03, ...,
          9.04688274e-01,  8.89056498e-01,  7.74813640e-01],
        [-5.86558652e-02, -2.54420576e-03,  0.00000000e+00, ...,
          9.05769366e-01,  8.90218351e-01,  7.76419553e-01],
        ...,
        [-8.79353215e-01, -9.04688274e-01, -9.05769366e-01, ...,
          0.00000000e+00,  3.53600894e-02,  2.41806600e-01],
        [-8.61965884e-01, -8.89056498e-01, -8.90218351e-01, ...,
         -3.53600894e-02,  0.00000000e+00,  2.07344623e-01],
        [-7.38116876e-01, -7.74813640e-01, -7.76419553e-01, ...,
         -2.41806600e-01, -2.07344623e-01,  0.00000000e+00]]]), 'num': array([ 5.31035080e+07,  1.63205080e+07,  1.22000000e+02,  3.01500000e+05,
        3.17000000e+05,  2.98000000e+05,  1.90340600e+06, -1.60000000e+04,
        3.15400000e+05,  3.17350000e+05,  2.74141667e+05,  3.14049587e+01,
        3.32390279e+05,  3.02309721e+05])}
{'img': array([[[ 0.00000000e+00,  4.44054051e-01,  4.44054051e-01, ...,
          5.89182484e-01,  5.78051901e-01,  8.28492607e-01],
        [-4.44054051e-01,  0.00000000e+00,  0.00000000e+00, ...,
          8.86703179e-01,  8.80282609e-01,  9.90999644e-01],
        [-4.44054051e-01,  0.00000000e+00,  0.00000000e+00, ...,
          8.86703179e-01,  8.80282609e-01,  9.90999644e-01],
        ...,
        [-5.89182484e-01, -8.86703179e-01, -8.86703179e-01, ...,
          0.00000000e+00,  1.37069715e-02, -3.39479835e-01],
        [-5.78051901e-01, -8.80282609e-01, -8.80282609e-01, ...,
         -1.37069715e-02,  0.00000000e+00, -3.52340903e-01],
        [-8.28492607e-01, -9.90999644e-01, -9.90999644e-01, ...,
          3.39479835e-01,  3.52340903e-01,  0.00000000e+00]],

       [[ 0.00000000e+00,  5.26637840e-01,  3.83137818e-01, ...,
          1.89251457e-01,  3.58325519e-01,  9.07434171e-01],
        [-5.26637840e-01,  0.00000000e+00, -1.60749200e-01, ...,
         -3.56240063e-01, -1.87058505e-01,  5.50110285e-01],
        [-3.83137818e-01,  1.60749200e-01,  0.00000000e+00, ...,
         -2.01404100e-01, -2.67140832e-02,  6.77196632e-01],
        ...,
        [-1.89251457e-01,  3.56240063e-01,  2.01404100e-01, ...,
          0.00000000e+00,  1.75165557e-01,  8.11513238e-01],
        [-3.58325519e-01,  1.87058505e-01,  2.67140832e-02, ...,
         -1.75165557e-01,  0.00000000e+00,  6.96611229e-01],
        [-9.07434171e-01, -5.50110285e-01, -6.77196632e-01, ...,
         -8.11513238e-01, -6.96611229e-01,  0.00000000e+00]],

       [[ 0.00000000e+00,  1.01273602e-01,  1.01273602e-01, ...,
          3.31529850e-01,  3.68230929e-01,  5.08295847e-01],
        [-1.01273602e-01,  0.00000000e+00,  0.00000000e+00, ...,
          4.25371372e-01,  4.60495258e-01,  5.92897557e-01],
        [-1.01273602e-01,  0.00000000e+00,  0.00000000e+00, ...,
          4.25371372e-01,  4.60495258e-01,  5.92897557e-01],
        ...,
        [-3.31529850e-01, -4.25371372e-01, -4.25371372e-01, ...,
          0.00000000e+00, -3.91708359e-02, -1.94041327e-01],
        [-3.68230929e-01, -4.60495258e-01, -4.60495258e-01, ...,
          3.91708359e-02,  0.00000000e+00, -1.55466076e-01],
        [-5.08295847e-01, -5.92897557e-01, -5.92897557e-01, ...,
          1.94041327e-01,  1.55466076e-01,  0.00000000e+00]],

       ...,

       [[ 0.00000000e+00,  7.76690207e-01,  8.06843521e-01, ...,
          9.88697166e-01,  9.77400829e-01,  1.29478910e-01],
        [-7.76690207e-01,  0.00000000e+00,  4.93752908e-02, ...,
          5.06316987e-01,  4.51459945e-01, -6.88595629e-01],
        [-8.06843521e-01, -4.93752908e-02,  0.00000000e+00, ...,
          4.63120775e-01,  4.06852151e-01, -7.23560018e-01],
        ...,
        [-9.88697166e-01, -5.06316987e-01, -4.63120775e-01, ...,
          0.00000000e+00, -6.24669582e-02, -9.60962185e-01],
        [-9.77400829e-01, -4.51459945e-01, -4.06852151e-01, ...,
          6.24669582e-02,  0.00000000e+00, -9.41802116e-01],
        [-1.29478910e-01,  6.88595629e-01,  7.23560018e-01, ...,
          9.60962185e-01,  9.41802116e-01,  0.00000000e+00]],

       [[ 0.00000000e+00,  3.27259488e-02,  4.05813856e-02, ...,
          3.98750300e-01,  4.04251240e-01,  4.30082771e-01],
        [-3.27259488e-02,  0.00000000e+00,  7.86065838e-03, ...,
          4.28548358e-01,  4.33967431e-01,  4.59397044e-01],
        [-4.05813856e-02, -7.86065838e-03,  0.00000000e+00, ...,
          4.35637371e-01,  4.41035915e-01,  4.66364931e-01],
        ...,
        [-3.98750300e-01, -4.28548358e-01, -4.35637371e-01, ...,
          0.00000000e+00, -6.00629709e-03, -3.44239390e-02],
        [-4.04251240e-01, -4.33967431e-01, -4.41035915e-01, ...,
          6.00629709e-03,  0.00000000e+00, -2.84205808e-02],
        [-4.30082771e-01, -4.59397044e-01, -4.66364931e-01, ...,
          3.44239390e-02,  2.84205808e-02,  0.00000000e+00]],

       [[ 0.00000000e+00,  2.52972945e-03,  3.22973193e-03, ...,
          9.19216877e-01,  8.79550309e-01,  7.72017780e-01],
        [-2.52972945e-03,  0.00000000e+00,  7.00005341e-04, ...,
          9.20210021e-01,  8.80751155e-01,  7.73623209e-01],
        [-3.22973193e-03, -7.00005341e-04,  0.00000000e+00, ...,
          9.20483795e-01,  8.81082447e-01,  7.74066575e-01],
        ...,
        [-9.19216877e-01, -9.20210021e-01, -9.20483795e-01, ...,
          0.00000000e+00,  9.10444593e-02,  2.80271858e-01],
        [-8.79550309e-01, -8.80751155e-01, -8.81082447e-01, ...,
         -9.10444593e-02,  0.00000000e+00,  1.91712383e-01],
        [-7.72017780e-01, -7.73623209e-01, -7.74066575e-01, ...,
         -2.80271858e-01, -1.91712383e-01,  0.00000000e+00]]]), 'num': array([ 5.29245280e+07,  1.75245280e+07,  1.18000000e+02,  3.00000000e+05,
        3.11000000e+05,  2.87000000e+05,  2.72383000e+06, -1.50000000e+03,
        3.11000000e+05,  3.16925000e+05,  2.75741667e+05,  3.00813008e+01,
        3.33357514e+05,  3.00492486e+05])}
{'img': array([[[ 0.00000000e+00,  0.00000000e+00,  1.29639591e-01, ...,
          5.92041914e-01,  8.44303692e-01,  8.59848943e-01],
        [ 0.00000000e+00,  0.00000000e+00,  1.29639591e-01, ...,
          5.92041914e-01,  8.44303692e-01,  8.59848943e-01],
        [-1.29639591e-01, -1.29639591e-01,  0.00000000e+00, ...,
          6.91523256e-01,  9.06648083e-01,  9.18780136e-01],
        ...,
        [-5.92041914e-01, -5.92041914e-01, -6.91523256e-01, ...,
          0.00000000e+00, -3.63175874e-01, -3.90692306e-01],
        [-8.44303692e-01, -8.44303692e-01, -9.06648083e-01, ...,
          3.63175874e-01,  0.00000000e+00, -2.97049328e-02],
        [-8.59848943e-01, -8.59848943e-01, -9.18780136e-01, ...,
          3.90692306e-01,  2.97049328e-02,  0.00000000e+00]],

       [[ 0.00000000e+00, -1.60749200e-01,  6.14239302e-02, ...,
         -1.87058505e-01,  5.50110285e-01,  8.33086084e-01],
        [ 1.60749200e-01,  0.00000000e+00,  2.21070798e-01, ...,
         -2.67140832e-02,  6.77196632e-01,  9.11169391e-01],
        [-6.14239302e-02, -2.21070798e-01,  0.00000000e+00, ...,
         -2.47045018e-01,  4.97776916e-01,  7.97536785e-01],
        ...,
        [ 1.87058505e-01,  2.67140832e-02,  2.47045018e-01, ...,
          0.00000000e+00,  6.96611229e-01,  9.21851264e-01],
        [-5.50110285e-01, -6.77196632e-01, -4.97776916e-01, ...,
         -6.96611229e-01,  0.00000000e+00,  3.91413685e-01],
        [-8.33086084e-01, -9.11169391e-01, -7.97536785e-01, ...,
         -9.21851264e-01, -3.91413685e-01,  0.00000000e+00]],

       [[ 0.00000000e+00,  0.00000000e+00,  2.25570685e-01, ...,
          3.68687847e-01,  5.08901526e-01,  6.19212615e-01],
        [ 0.00000000e+00,  0.00000000e+00,  2.25570685e-01, ...,
          3.68687847e-01,  5.08901526e-01,  6.19212615e-01],
        [-2.25570685e-01, -2.25570685e-01,  0.00000000e+00, ...,
          5.68865550e-01,  6.89962334e-01,  7.80376900e-01],
        ...,
        [-3.68687847e-01, -3.68687847e-01, -5.68865550e-01, ...,
          0.00000000e+00, -1.55675454e-01, -2.86088795e-01],
        [-5.08901526e-01, -5.08901526e-01, -6.89962334e-01, ...,
          1.55675454e-01,  0.00000000e+00, -1.33432170e-01],
        [-6.19212615e-01, -6.19212615e-01, -7.80376900e-01, ...,
          2.86088795e-01,  1.33432170e-01,  0.00000000e+00]],

       ...,

       [[ 0.00000000e+00,  4.73037241e-02,  2.74331659e-01, ...,
          4.38685755e-01, -5.90847593e-01, -7.98530025e-01],
        [-4.73037241e-02,  0.00000000e+00,  2.28535635e-01, ...,
          3.95685625e-01, -6.28350019e-01, -8.26110825e-01],
        [-2.74331659e-01, -2.28535635e-01,  0.00000000e+00, ...,
          1.75330089e-01, -7.89505979e-01, -9.33029840e-01],
        ...,
        [-4.38685755e-01, -3.95685625e-01, -1.75330089e-01, ...,
          0.00000000e+00, -8.84883891e-01, -9.81660523e-01],
        [ 5.90847593e-01,  6.28350019e-01,  7.89505979e-01, ...,
          8.84883891e-01,  0.00000000e+00, -2.88576953e-01],
        [ 7.98530025e-01,  8.26110825e-01,  9.33029840e-01, ...,
          9.81660523e-01,  2.88576953e-01,  0.00000000e+00]],

       [[ 0.00000000e+00,  1.23468841e-02, -1.71677250e-02, ...,
          4.19931295e-01,  4.45557520e-01,  4.10466206e-01],
        [-1.23468841e-02,  0.00000000e+00, -2.95114809e-02, ...,
          4.31104773e-01,  4.56577146e-01,  4.21693743e-01],
        [ 1.71677250e-02,  2.95114809e-02,  0.00000000e+00, ...,
          4.04288737e-01,  4.30122392e-01,  3.94750880e-01],
        ...,
        [-4.19931295e-01, -4.31104773e-01, -4.04288737e-01, ...,
          0.00000000e+00, -2.84234712e-02,  1.04041637e-02],
        [-4.45557520e-01, -4.56577146e-01, -4.30122392e-01, ...,
          2.84234712e-02,  0.00000000e+00,  3.88218928e-02],
        [-4.10466206e-01, -4.21693743e-01, -3.94750880e-01, ...,
         -1.04041637e-02, -3.88218928e-02,  0.00000000e+00]],

       [[ 0.00000000e+00,  7.00005341e-04,  9.81772531e-03, ...,
          8.80751155e-01,  7.73623209e-01,  9.04803298e-01],
        [-7.00005341e-04,  0.00000000e+00,  9.11775130e-03, ...,
          8.81082447e-01,  7.74066575e-01,  9.05101160e-01],
        [-9.81772531e-03, -9.11775130e-03,  0.00000000e+00, ...,
          8.85358179e-01,  7.79806885e-01,  9.08940371e-01],
        ...,
        [-8.80751155e-01, -8.81082447e-01, -8.85358179e-01, ...,
          0.00000000e+00,  1.91712383e-01, -5.34461003e-02],
        [-7.73623209e-01, -7.74066575e-01, -7.79806885e-01, ...,
         -1.91712383e-01,  0.00000000e+00, -2.43893112e-01],
        [-9.04803298e-01, -9.05101160e-01, -9.08940371e-01, ...,
          5.34461003e-02,  2.43893112e-01,  0.00000000e+00]]]), 'num': array([ 5.25115280e+07,  1.75245280e+07,  1.18000000e+02,  2.96500000e+05,
        3.06000000e+05,  2.96000000e+05,  8.23746000e+05, -3.50000000e+03,
        3.06500000e+05,  3.16275000e+05,  2.77175000e+05,  2.31404959e+01,
        3.34734347e+05,  2.97815653e+05])}
{'img': array([[[ 0.00000000e+00,  1.29639591e-01,  3.82270098e-01, ...,
          8.44303692e-01,  8.59848943e-01,  8.92282862e-01],
        [-1.29639591e-01,  0.00000000e+00,  2.59250644e-01, ...,
          9.06648083e-01,  9.18780136e-01,  9.43282315e-01],
        [-3.82270098e-01, -2.59250644e-01,  0.00000000e+00, ...,
          9.85024519e-01,  9.89711394e-01,  9.97100621e-01],
        ...,
        [-8.44303692e-01, -9.06648083e-01, -9.85024519e-01, ...,
          0.00000000e+00, -2.97049328e-02, -9.69596134e-02],
        [-8.59848943e-01, -9.18780136e-01, -9.89711394e-01, ...,
          2.97049328e-02,  0.00000000e+00, -6.73518536e-02],
        [-8.92282862e-01, -9.43282315e-01, -9.97100621e-01, ...,
          9.69596134e-02,  6.73518536e-02,  0.00000000e+00]],

       [[ 0.00000000e+00,  2.21070798e-01,  5.89397820e-02, ...,
          6.77196632e-01,  9.11169391e-01,  1.07131922e-01],
        [-2.21070798e-01,  0.00000000e+00, -1.63204995e-01, ...,
          4.97776916e-01,  7.97536785e-01, -1.15317256e-01],
        [-5.89397820e-02,  1.63204995e-01,  0.00000000e+00, ...,
          6.32651338e-01,  8.85300285e-01,  4.83451050e-02],
        ...,
        [-6.77196632e-01, -4.97776916e-01, -6.32651338e-01, ...,
          0.00000000e+00,  3.91413685e-01, -5.94471347e-01],
        [-9.11169391e-01, -7.97536785e-01, -8.85300285e-01, ...,
         -3.91413685e-01,  0.00000000e+00, -8.61783665e-01],
        [-1.07131922e-01,  1.15317256e-01, -4.83451050e-02, ...,
          5.94471347e-01,  8.61783665e-01,  0.00000000e+00]],

       [[ 0.00000000e+00,  2.25570685e-01,  3.22012564e-01, ...,
          5.08901526e-01,  6.19212615e-01,  7.06308883e-01],
        [-2.25570685e-01,  0.00000000e+00,  1.00157519e-01, ...,
          6.89962334e-01,  7.80376900e-01,  8.47787387e-01],
        [-3.22012564e-01, -1.00157519e-01,  0.00000000e+00, ...,
          7.58991470e-01,  8.39082290e-01,  8.96641531e-01],
        ...,
        [-5.08901526e-01, -6.89962334e-01, -7.58991470e-01, ...,
          0.00000000e+00, -1.33432170e-01, -2.47754848e-01],
        [-6.19212615e-01, -7.80376900e-01, -8.39082290e-01, ...,
          1.33432170e-01,  0.00000000e+00, -1.16267289e-01],
        [-7.06308883e-01, -8.47787387e-01, -8.96641531e-01, ...,
          2.47754848e-01,  1.16267289e-01,  0.00000000e+00]],

       ...,

       [[ 0.00000000e+00,  1.92292470e-01,  3.13765581e-01, ...,
         -4.31500455e-01, -4.85899722e-01, -9.13600733e-01],
        [-1.92292470e-01,  0.00000000e+00,  1.25328190e-01, ...,
         -5.96917130e-01, -6.44898116e-01, -9.74739323e-01],
        [-3.13765581e-01, -1.25328190e-01,  0.00000000e+00, ...,
         -6.92761810e-01, -7.35597707e-01, -9.95045332e-01],
        ...,
        [ 4.31500455e-01,  5.96917130e-01,  6.92761810e-01, ...,
          0.00000000e+00, -6.11986375e-02, -6.48717376e-01],
        [ 4.85899722e-01,  6.44898116e-01,  7.35597707e-01, ...,
          6.11986375e-02,  0.00000000e+00, -6.00927462e-01],
        [ 9.13600733e-01,  9.74739323e-01,  9.95045332e-01, ...,
          6.48717376e-01,  6.00927462e-01,  0.00000000e+00]],

       [[ 0.00000000e+00, -2.95114809e-02,  9.26112483e-02, ...,
          4.56577146e-01,  4.21693743e-01,  3.64405644e-01],
        [ 2.95114809e-02,  0.00000000e+00,  1.21955561e-01, ...,
          4.30122392e-01,  3.94750880e-01,  3.36764643e-01],
        [-9.26112483e-02, -1.21955561e-01,  0.00000000e+00, ...,
          5.37009664e-01,  5.03855616e-01,  4.49082882e-01],
        ...,
        [-4.56577146e-01, -4.30122392e-01, -5.37009664e-01, ...,
          0.00000000e+00,  3.88218928e-02,  1.00977238e-01],
        [-4.21693743e-01, -3.94750880e-01, -5.03855616e-01, ...,
         -3.88218928e-02,  0.00000000e+00,  6.22776521e-02],
        [-3.64405644e-01, -3.36764643e-01, -4.49082882e-01, ...,
         -1.00977238e-01, -6.22776521e-02,  0.00000000e+00]],

       [[ 0.00000000e+00,  9.11775130e-03,  9.10187132e-03, ...,
          7.74066575e-01,  9.05101160e-01,  9.56324383e-01],
        [-9.11775130e-03,  0.00000000e+00, -1.58806390e-05, ...,
          7.79806885e-01,  9.08940371e-01,  9.58949818e-01],
        [-9.10187132e-03,  1.58806390e-05,  0.00000000e+00, ...,
          7.79796944e-01,  9.08933750e-01,  9.58945314e-01],
        ...,
        [-7.74066575e-01, -7.79806885e-01, -7.79796944e-01, ...,
          0.00000000e+00, -2.43893112e-01, -3.79187525e-01],
        [-9.05101160e-01, -9.08940371e-01, -9.08933750e-01, ...,
          2.43893112e-01,  0.00000000e+00, -1.42057728e-01],
        [-9.56324383e-01, -9.58949818e-01, -9.58945314e-01, ...,
          3.79187525e-01,  1.42057728e-01,  0.00000000e+00]]]), 'num': array([5.29466290e+07, 6.21629000e+05, 1.75000000e+02, 2.99000000e+05,
       3.01500000e+05, 2.83500000e+05, 1.52154800e+06, 2.50000000e+03,
       3.02900000e+05, 3.15950000e+05, 2.78650000e+05, 2.84482759e+01,
       3.35361079e+05, 2.96538921e+05])}
{'img': array([[[ 0.00000000e+00,  3.61934856e-01,  4.39372251e-01, ...,
          8.61077003e-01,  8.93455088e-01,  8.70863226e-01],
        [-3.61934856e-01,  0.00000000e+00,  8.44563800e-02, ...,
          9.86733574e-01,  9.95445822e-01,  9.89721835e-01],
        [-4.39372251e-01, -8.44563800e-02,  0.00000000e+00, ...,
          9.96919469e-01,  9.99940412e-01,  9.98263495e-01],
        ...,
        [-8.61077003e-01, -9.86733574e-01, -9.96919469e-01, ...,
          0.00000000e+00, -6.75442720e-02, -1.95705708e-02],
        [-8.93455088e-01, -9.95445822e-01, -9.99940412e-01, ...,
          6.75442720e-02,  0.00000000e+00,  4.80054587e-02],
        [-8.70863226e-01, -9.89721835e-01, -9.98263495e-01, ...,
          1.95705708e-02, -4.80054587e-02,  0.00000000e+00]],

       [[ 0.00000000e+00, -1.63204995e-01, -1.62431010e-02, ...,
          7.97536785e-01, -1.15317256e-01,  3.17013163e-01],
        [ 1.63204995e-01,  0.00000000e+00,  1.47158147e-01, ...,
          8.85300285e-01,  4.83451050e-02,  4.67549775e-01],
        [ 1.62431010e-02, -1.47158147e-01,  0.00000000e+00, ...,
          8.07230548e-01, -9.91673035e-02,  3.32376641e-01],
        ...,
        [-7.97536785e-01, -8.85300285e-01, -8.07230548e-01, ...,
          0.00000000e+00, -8.61783665e-01, -5.65156113e-01],
        [ 1.15317256e-01, -4.83451050e-02,  9.91673035e-02, ...,
          8.61783665e-01,  0.00000000e+00,  4.24267600e-01],
        [-3.17013163e-01, -4.67549775e-01, -3.32376641e-01, ...,
          5.65156113e-01, -4.24267600e-01,  0.00000000e+00]],

       [[ 0.00000000e+00,  2.34360768e-01,  3.75325803e-01, ...,
          6.22751743e-01,  7.10110237e-01,  7.67183800e-01],
        [-2.34360768e-01,  0.00000000e+00,  1.47645521e-01, ...,
          7.88776351e-01,  8.55344644e-01,  8.96142899e-01],
        [-3.75325803e-01, -1.47645521e-01,  0.00000000e+00, ...,
          8.70886426e-01,  9.22459510e-01,  9.51841483e-01],
        ...,
        [-6.22751743e-01, -7.88776351e-01, -8.70886426e-01, ...,
          0.00000000e+00, -1.17130499e-01, -2.00809575e-01],
        [-7.10110237e-01, -8.55344644e-01, -9.22459510e-01, ...,
          1.17130499e-01,  0.00000000e+00, -8.46827235e-02],
        [-7.67183800e-01, -8.96142899e-01, -9.51841483e-01, ...,
          2.00809575e-01,  8.46827235e-02,  0.00000000e+00]],

       ...,

       [[ 0.00000000e+00,  1.25328190e-01,  1.95993781e-01, ...,
         -6.44898116e-01, -9.74739323e-01, -7.06241018e-01],
        [-1.25328190e-01,  0.00000000e+00,  7.15509698e-02, ...,
         -7.35597707e-01, -9.95045332e-01, -7.89401331e-01],
        [-1.95993781e-01, -7.15509698e-02,  0.00000000e+00, ...,
         -7.82182290e-01, -9.99608735e-01, -8.31301580e-01],
        ...,
        [ 6.44898116e-01,  7.35597707e-01,  7.82182290e-01, ...,
          0.00000000e+00, -6.00927462e-01, -8.31883224e-02],
        [ 9.74739323e-01,  9.95045332e-01,  9.99608735e-01, ...,
          6.00927462e-01,  0.00000000e+00,  5.32351831e-01],
        [ 7.06241018e-01,  7.89401331e-01,  8.31301580e-01, ...,
          8.31883224e-02, -5.32351831e-01,  0.00000000e+00]],

       [[ 0.00000000e+00,  1.21955561e-01,  2.00659281e-01, ...,
          3.94750880e-01,  3.36764643e-01,  3.06198538e-01],
        [-1.21955561e-01,  0.00000000e+00,  7.96863542e-02, ...,
          5.03855616e-01,  4.49082882e-01,  4.20010690e-01],
        [-2.00659281e-01, -7.96863542e-02,  0.00000000e+00, ...,
          5.71085456e-01,  5.18853761e-01,  4.90991943e-01],
        ...,
        [-3.94750880e-01, -5.03855616e-01, -5.71085456e-01, ...,
          0.00000000e+00,  6.22776521e-02,  9.44584766e-02],
        [-3.36764643e-01, -4.49082882e-01, -5.18853761e-01, ...,
         -6.22776521e-02,  0.00000000e+00,  3.22759234e-02],
        [-3.06198538e-01, -4.20010690e-01, -4.90991943e-01, ...,
         -9.44584766e-02, -3.22759234e-02,  0.00000000e+00]],

       [[ 0.00000000e+00, -1.58806390e-05, -6.00631575e-04, ...,
          9.08940371e-01,  9.58949818e-01,  9.72532877e-01],
        [ 1.58806390e-05,  0.00000000e+00, -5.84750939e-04, ...,
          9.08933750e-01,  9.58945314e-01,  9.72529181e-01],
        [ 6.00631575e-04,  5.84750939e-04,  0.00000000e+00, ...,
          9.08689788e-01,  9.58779320e-01,  9.72392895e-01],
        ...,
        [-9.08940371e-01, -9.08933750e-01, -9.08689788e-01, ...,
          0.00000000e+00, -1.42057728e-01, -1.93904366e-01],
        [-9.58949818e-01, -9.58945314e-01, -9.58779320e-01, ...,
          1.42057728e-01,  0.00000000e+00, -5.25763262e-02],
        [-9.72532877e-01, -9.72529181e-01, -9.72392895e-01, ...,
          1.93904366e-01,  5.25763262e-02,  0.00000000e+00]]]), 'num': array([5.34716290e+07, 6.21629000e+05, 1.75000000e+02, 3.02000000e+05,
       3.07000000e+05, 2.97000000e+05, 8.91486000e+05, 3.00000000e+03,
       2.99800000e+05, 3.15625000e+05, 2.80166667e+05, 3.67924528e+01,
       3.35729415e+05, 2.95520585e+05])}
{'img': array([[[ 0.00000000e+00,  8.44563800e-02,  1.03295534e-01, ...,
          9.95445822e-01,  9.89721835e-01,  9.79483030e-01],
        [-8.44563800e-02,  0.00000000e+00,  1.89218787e-02, ...,
          9.99940412e-01,  9.98263495e-01,  9.93003723e-01],
        [-1.03295534e-01, -1.89218787e-02,  0.00000000e+00, ...,
          9.99967951e-01,  9.99199396e-01,  9.95060294e-01],
        ...,
        [-9.95445822e-01, -9.99940412e-01, -9.99967951e-01, ...,
          0.00000000e+00,  4.80054587e-02,  1.07235745e-01],
        [-9.89721835e-01, -9.98263495e-01, -9.99199396e-01, ...,
         -4.80054587e-02,  0.00000000e+00,  5.93834695e-02],
        [-9.79483030e-01, -9.93003723e-01, -9.95060294e-01, ...,
         -1.07235745e-01, -5.93834695e-02,  0.00000000e+00]],

       [[ 0.00000000e+00,  1.47158147e-01,  5.12821005e-02, ...,
          4.83451050e-02,  4.67549775e-01,  9.92151640e-02],
        [-1.47158147e-01,  0.00000000e+00, -9.62407267e-02, ...,
         -9.91673035e-02,  3.32376641e-01, -4.82970634e-02],
        [-5.12821005e-02,  9.62407267e-02,  0.00000000e+00, ...,
         -2.94064310e-03,  4.21602905e-01,  4.80555426e-02],
        ...,
        [-4.83451050e-02,  9.91673035e-02,  2.94064310e-03, ...,
          0.00000000e+00,  4.24267600e-01,  5.09925805e-02],
        [-4.67549775e-01, -3.32376641e-01, -4.21602905e-01, ...,
         -4.24267600e-01,  0.00000000e+00, -3.77539980e-01],
        [-9.92151640e-02,  4.82970634e-02, -4.80555426e-02, ...,
         -5.09925805e-02,  3.77539980e-01,  0.00000000e+00]],

       [[ 0.00000000e+00,  2.99474998e-01,  3.69096700e-01, ...,
          7.14229345e-01,  7.71389216e-01,  8.13445130e-01],
        [-2.99474998e-01,  0.00000000e+00,  7.38273259e-02, ...,
          8.91055248e-01,  9.26560649e-01,  9.50298508e-01],
        [-3.69096700e-01, -7.38273259e-02,  0.00000000e+00, ...,
          9.22133437e-01,  9.51801911e-01,  9.70690598e-01],
        ...,
        [-7.14229345e-01, -8.91055248e-01, -9.22133437e-01, ...,
          0.00000000e+00, -8.53947838e-02, -1.53914254e-01],
        [-7.71389216e-01, -9.26560649e-01, -9.51801911e-01, ...,
          8.53947838e-02,  0.00000000e+00, -6.89747977e-02],
        [-8.13445130e-01, -9.50298508e-01, -9.70690598e-01, ...,
          1.53914254e-01,  6.89747977e-02,  0.00000000e+00]],

       ...,

       [[ 0.00000000e+00,  7.15509698e-02,  1.86928330e-02, ...,
         -9.95045332e-01, -7.89401331e-01, -5.23105011e-01],
        [-7.15509698e-02,  0.00000000e+00, -5.28935457e-02, ...,
         -9.99608735e-01, -8.31301580e-01, -5.82744883e-01],
        [-1.86928330e-02,  5.28935457e-02,  0.00000000e+00, ...,
         -9.96729955e-01, -8.00738511e-01, -5.38944919e-01],
        ...,
        [ 9.95045332e-01,  9.99608735e-01,  9.96729955e-01, ...,
          0.00000000e+00,  5.32351831e-01,  7.96037243e-01],
        [ 7.89401331e-01,  8.31301580e-01,  8.00738511e-01, ...,
         -5.32351831e-01,  0.00000000e+00,  3.51659304e-01],
        [ 5.23105011e-01,  5.82744883e-01,  5.38944919e-01, ...,
         -7.96037243e-01, -3.51659304e-01,  0.00000000e+00]],

       [[ 0.00000000e+00,  1.60244832e-01,  1.94204573e-01, ...,
          3.37375835e-01,  3.06757402e-01,  2.87067670e-01],
        [-1.60244832e-01,  0.00000000e+00,  3.45009867e-02, ...,
          4.83865711e-01,  4.55312334e-01,  4.36858156e-01],
        [-1.94204573e-01, -3.45009867e-02,  0.00000000e+00, ...,
          5.13770919e-01,  4.85758595e-01,  4.67632765e-01],
        ...,
        [-3.37375835e-01, -4.83865711e-01, -5.13770919e-01, ...,
          0.00000000e+00,  3.23379548e-02,  5.29388858e-02],
        [-3.06757402e-01, -4.55312334e-01, -4.85758595e-01, ...,
         -3.23379548e-02,  0.00000000e+00,  2.06185893e-02],
        [-2.87067670e-01, -4.36858156e-01, -4.67632765e-01, ...,
         -5.29388858e-02, -2.06185893e-02,  0.00000000e+00]],

       [[ 0.00000000e+00, -5.84750939e-04, -4.17072993e-03, ...,
          9.58945314e-01,  9.72529181e-01,  9.80685707e-01],
        [ 5.84750939e-04,  0.00000000e+00, -3.58598337e-03, ...,
          9.58779320e-01,  9.72392895e-01,  9.80571168e-01],
        [ 4.17072993e-03,  3.58598337e-03,  0.00000000e+00, ...,
          9.57754192e-01,  9.71549855e-01,  9.79861424e-01],
        ...,
        [-9.58945314e-01, -9.58779320e-01, -9.57754192e-01, ...,
          0.00000000e+00, -5.25763262e-02, -9.05533435e-02],
        [-9.72529181e-01, -9.72392895e-01, -9.71549855e-01, ...,
          5.25763262e-02,  0.00000000e+00, -3.80677780e-02],
        [-9.80685707e-01, -9.80571168e-01, -9.79861424e-01, ...,
          9.05533435e-02,  3.80677780e-02,  0.00000000e+00]]]), 'num': array([5.57595870e+07, 3.19587000e+05, 1.76000000e+02, 3.15000000e+05,
       3.15000000e+05, 3.03500000e+05, 1.06321100e+06, 1.30000000e+04,
       3.02500000e+05, 3.15800000e+05, 2.81833333e+05, 5.00000000e+01,
       3.35818491e+05, 2.95781509e+05])}
{'img': array([[[ 0.        ,  0.01892188, -0.19257022, ...,  0.9982635 ,
          0.99300372,  0.91608286],
        [-0.01892188,  0.        , -0.21110346, ...,  0.9991994 ,
          0.99506029,  0.92350631],
        [ 0.19257022,  0.21110346,  0.        , ...,  0.96823553,
          0.95167859,  0.82171817],
        ...,
        [-0.9982635 , -0.9991994 , -0.96823553, ...,  0.        ,
          0.05938347,  0.34632933],
        [-0.99300372, -0.99506029, -0.95167859, ..., -0.05938347,
          0.        ,  0.29000974],
        [-0.91608286, -0.92350631, -0.82171817, ..., -0.34632933,
         -0.29000974,  0.        ]],

       [[ 0.        , -0.09624073,  0.02037627, ...,  0.33237664,
         -0.04829706,  0.06964876],
        [ 0.09624073,  0.        ,  0.11650243, ...,  0.42160291,
          0.04805554,  0.16533247],
        [-0.02037627, -0.11650243,  0.        , ...,  0.31308982,
         -0.06863953,  0.04930751],
        ...,
        [-0.33237664, -0.42160291, -0.31308982, ...,  0.        ,
         -0.37753998, -0.26588049],
        [ 0.04829706, -0.04805554,  0.06863953, ...,  0.37753998,
          0.        ,  0.11774726],
        [-0.06964876, -0.16533247, -0.04930751, ...,  0.26588049,
         -0.11774726,  0.        ]],

       [[ 0.        ,  0.22348917,  0.25976081, ...,  0.77835618,
          0.8203821 ,  0.78413031],
        [-0.22348917,  0.        ,  0.03737307, ...,  0.89898039,
          0.92742631,  0.90299337],
        [-0.25976081, -0.03737307,  0.        , ...,  0.91472134,
          0.94075614,  0.91842004],
        ...,
        [-0.77835618, -0.89898039, -0.91472134, ...,  0.        ,
         -0.0699784 , -0.00925011],
