state_0,state_1,state_2,state_3,state_4,state_5,state_6,state_7,state_8,state_9,state_10,state_11,state_12,state_13,state_14,state_15,state_16,state_17,state_18,state_19,state_20,state_21,state_22,state_23,state_24,state_25,state_26,state_27,state_28,state_29,state_30,state_31,state_32,state_33,state_34,state_35,state_36,state_37,state_38,state_39,state_40,state_41,state_42,state_43,state_44,state_45,state_46,state_47,state_48,state_49,state_50,state_51,state_52,state_53,state_54,state_55,state_56,state_57,state_58,state_59,state_60,state_61,state_62,state_63,state_64,state_65,state_66,state_67,state_68,state_69,state_70,state_71,state_72,state_73,state_74,state_75,state_76,state_77
{'img': array([[[ 0.00000000e+00, -1.66526913e-01, -3.07364692e-01, ...,
         -9.97407449e-01, -9.97407449e-01, -9.46127339e-01],
        [ 1.66526913e-01,  0.00000000e+00, -1.44607286e-01, ...,
         -9.95463997e-01, -9.95463997e-01, -8.78995932e-01],
        [ 3.07364692e-01,  1.44607286e-01,  0.00000000e+00, ...,
         -9.71243007e-01, -9.71243007e-01, -8.00803931e-01],
        ...,
        [ 9.97407449e-01,  9.95463997e-01,  9.71243007e-01, ...,
          0.00000000e+00,  0.00000000e+00,  3.91039565e-01],
        [ 9.97407449e-01,  9.95463997e-01,  9.71243007e-01, ...,
          0.00000000e+00,  0.00000000e+00,  3.91039565e-01],
        [ 9.46127339e-01,  8.78995932e-01,  8.00803931e-01, ...,
         -3.91039565e-01, -3.91039565e-01,  0.00000000e+00]],

       [[ 0.00000000e+00,  1.22532297e-01,  2.27383814e-01, ...,
          7.59677663e-01,  5.97830992e-02,  1.33515839e-01],
        [-1.22532297e-01,  0.00000000e+00,  1.06347779e-01, ...,
          6.74270402e-01, -6.29805297e-02,  1.10745077e-02],
        [-2.27383814e-01, -1.06347779e-01,  0.00000000e+00, ...,
          5.91910420e-01, -1.68760020e-01, -9.53295533e-02],
        ...,
        [-7.59677663e-01, -6.74270402e-01, -5.91910420e-01, ...,
          0.00000000e+00, -7.19441959e-01, -6.66050700e-01],
        [-5.97830992e-02,  6.29805297e-02,  1.68760020e-01, ...,
          7.19441959e-01,  0.00000000e+00,  7.40291896e-02],
        [-1.33515839e-01, -1.10745077e-02,  9.53295533e-02, ...,
          6.66050700e-01, -7.40291896e-02,  0.00000000e+00]],

       [[ 0.00000000e+00, -2.51159755e-02, -1.59800996e-01, ...,
         -9.82698665e-01, -9.97068415e-01, -8.74783909e-01],
        [ 2.51159755e-02,  0.00000000e+00, -1.34957370e-01, ...,
         -9.77736897e-01, -9.98675638e-01, -8.86676977e-01],
        [ 1.59800996e-01,  1.34957370e-01,  0.00000000e+00, ...,
         -9.40473253e-01, -9.96482543e-01, -9.40967983e-01],
        ...,
        [ 9.82698665e-01,  9.77736897e-01,  9.40473253e-01, ...,
          0.00000000e+00, -2.59860013e-01, -6.38150668e-01],
        [ 9.97068415e-01,  9.98675638e-01,  9.96482543e-01, ...,
          2.59860013e-01,  0.00000000e+00, -4.16158617e-01],
        [ 8.74783909e-01,  8.86676977e-01,  9.40967983e-01, ...,
          6.38150668e-01,  4.16158617e-01,  0.00000000e+00]],

       ...,

       [[ 0.00000000e+00, -3.42074871e-01, -7.88044765e-01, ...,
         -7.71773740e-01, -9.62338538e-01, -7.82545155e-01],
        [ 3.42074871e-01,  0.00000000e+00, -5.29916724e-01, ...,
         -5.07690248e-01, -8.11288867e-01, -5.22362613e-01],
        [ 7.88044765e-01,  5.29916724e-01,  0.00000000e+00, ...,
          2.59977276e-02, -3.78199833e-01,  8.88297420e-03],
        ...,
        [ 7.71773740e-01,  5.07690248e-01, -2.59977276e-02, ...,
          0.00000000e+00, -4.02138723e-01, -1.71167302e-02],
        [ 9.62338538e-01,  8.11288867e-01,  3.78199833e-01, ...,
          4.02138723e-01,  0.00000000e+00,  3.86408094e-01],
        [ 7.82545155e-01,  5.22362613e-01, -8.88297420e-03, ...,
          1.71167302e-02, -3.86408094e-01,  0.00000000e+00]],

       [[ 0.00000000e+00, -1.40370710e-04, -1.00759039e-01, ...,
         -9.97298741e-01, -9.99999939e-01, -9.60370602e-01],
        [ 1.40370710e-04,  0.00000000e+00, -1.00619381e-01, ...,
         -9.97309042e-01, -9.99999880e-01, -9.60409717e-01],
        [ 1.00759039e-01,  1.00619381e-01,  0.00000000e+00, ...,
         -9.99624316e-01, -9.94875502e-01, -9.83567326e-01],
        ...,
        [ 9.97298741e-01,  9.97309042e-01,  9.99624316e-01, ...,
          0.00000000e+00,  7.38015078e-02, -2.07432013e-01],
        [ 9.99999939e-01,  9.99999880e-01,  9.94875502e-01, ...,
         -7.38015078e-02,  0.00000000e+00, -2.79062619e-01],
        [ 9.60370602e-01,  9.60409717e-01,  9.83567326e-01, ...,
          2.07432013e-01,  2.79062619e-01,  0.00000000e+00]],

       [[ 0.00000000e+00,  3.78394006e-03,  6.54372885e-01, ...,
         -9.91286017e-01, -8.86709659e-01, -6.54372885e-01],
        [-3.78394006e-03,  0.00000000e+00,  6.51506890e-01, ...,
         -9.90780473e-01, -8.84953895e-01, -6.51506890e-01],
        [-6.54372885e-01, -6.51506890e-01,  0.00000000e+00, ...,
         -6.63384102e-01, -3.67970978e-01, -0.00000000e+00],
        ...,
        [ 9.91286017e-01,  9.90780473e-01,  6.63384102e-01, ...,
          0.00000000e+00, -3.41494293e-01, -6.63384102e-01],
        [ 8.86709659e-01,  8.84953895e-01,  3.67970978e-01, ...,
          3.41494293e-01,  0.00000000e+00, -3.67970978e-01],
        [ 6.54372885e-01,  6.51506890e-01,  0.00000000e+00, ...,
          6.63384102e-01,  3.67970978e-01,  0.00000000e+00]]]), 'num': array([ 1.98188280e+07,  7.32428000e+05,  3.02000000e+02,  6.32000000e+04,
        6.39000000e+04,  6.25000000e+04,  2.32160000e+04, -7.00000000e+02,
        6.27600000e+04,  6.66100000e+04,  7.12033333e+04,  3.39181287e+01,
        7.14934005e+04,  6.17265995e+04])}
{'img': array([[[ 0.        , -0.14460729, -0.47344409, ..., -0.995464  ,
         -0.87899593, -0.93462159],
        [ 0.14460729,  0.        , -0.34109423, ..., -0.97124301,
         -0.80080393, -0.87336922],
        [ 0.47344409,  0.34109423,  0.        , ..., -0.83178545,
         -0.5484886 , -0.65485957],
        ...,
        [ 0.995464  ,  0.97124301,  0.83178545, ...,  0.        ,
          0.39103956,  0.26511159],
        [ 0.87899593,  0.80080393,  0.5484886 , ..., -0.39103956,
          0.        , -0.13304551],
        [ 0.93462159,  0.87336922,  0.65485957, ..., -0.26511159,
          0.13304551,  0.        ]],

       [[ 0.        ,  0.10634778,  0.57024684, ..., -0.06298053,
          0.01107451, -0.55266681],
        [-0.10634778,  0.        ,  0.47965109, ..., -0.16876002,
         -0.09532955, -0.63816312],
        [-0.57024684, -0.47965109,  0.        , ..., -0.62085159,
         -0.56111445, -0.92924611],
        ...,
        [ 0.06298053,  0.16876002,  0.62085159, ...,  0.        ,
          0.07402919, -0.49908151],
        [-0.01107451,  0.09532955,  0.56111445, ..., -0.07402919,
          0.        , -0.56186244],
        [ 0.55266681,  0.63816312,  0.92924611, ...,  0.49908151,
          0.56186244,  0.        ]],

       [[ 0.        , -0.13258415, -0.33845825, ..., -0.99935351,
         -0.98394332, -0.87959236],
        [ 0.13258415,  0.        , -0.21071104, ..., -0.98576426,
         -0.99892061, -0.93490111],
        [ 0.33845825,  0.21071104,  0.        , ..., -0.92820471,
         -0.98628081, -0.98869418],
        ...,
        [ 0.99935351,  0.98576426,  0.92820471, ...,  0.        ,
         -0.21374087, -0.507044  ],
        [ 0.98394332,  0.99892061,  0.98628081, ...,  0.21374087,
          0.        , -0.31109884],
        [ 0.87959236,  0.93490111,  0.98869418, ...,  0.507044  ,
          0.31109884,  0.        ]],

       ...,

       [[ 0.        , -0.52991672, -0.83437826, ..., -0.81128887,
         -0.52236261, -0.54983339],
        [ 0.52991672,  0.        , -0.41550821, ..., -0.37819983,
          0.00888297, -0.02366019],
        [ 0.83437826,  0.41550821,  0.        , ...,  0.04063935,
          0.42357168,  0.39387084],
        ...,
        [ 0.81128887,  0.37819983, -0.04063935, ...,  0.        ,
          0.38640809,  0.35619115],
        [ 0.52236261, -0.00888297, -0.42357168, ..., -0.38640809,
          0.        , -0.03253974],
        [ 0.54983339,  0.02366019, -0.39387084, ..., -0.35619115,
          0.03253974,  0.        ]],

       [[ 0.        , -0.10061938, -0.0176701 , ..., -0.99999988,
         -0.96040972, -0.99462628],
        [ 0.10061938,  0.        ,  0.08302325, ..., -0.9948755 ,
         -0.98356733, -0.99999572],
        [ 0.0176701 , -0.08302325,  0.        , ..., -0.99983508,
         -0.96518251, -0.99630039],
        ...,
        [ 0.99999988,  0.9948755 ,  0.99983508, ...,  0.        ,
         -0.27906262, -0.10401848],
        [ 0.96040972,  0.98356733,  0.96518251, ...,  0.27906262,
          0.        ,  0.17766268],
        [ 0.99462628,  0.99999572,  0.99630039, ...,  0.10401848,
         -0.17766268,  0.        ]],

       [[ 0.        ,  0.64039796,  0.06196005, ..., -0.94607354,
         -0.88770342, -0.64039796],
        [-0.64039796,  0.        , -0.59157952, ..., -0.51916724,
         -0.38694535, -0.        ],
        [-0.06196005,  0.59157952,  0.        , ..., -0.9241837 ,
         -0.85747044, -0.59157952],
        ...,
        [ 0.94607354,  0.51916724,  0.9241837 , ...,  0.        ,
         -0.14801388, -0.51916724],
        [ 0.88770342,  0.38694535,  0.85747044, ...,  0.14801388,
          0.        , -0.38694535],
        [ 0.64039796,  0.        ,  0.59157952, ...,  0.51916724,
          0.38694535,  0.        ]]]), 'num': array([4.51028400e+06, 3.67828400e+06, 1.30000000e+01, 6.40000000e+04,
       6.43000000e+04, 6.22000000e+04, 3.57220000e+04, 8.00000000e+02,
       6.31400000e+04, 6.64650000e+04, 7.10450000e+04, 4.04907975e+01,
       7.14758981e+04, 6.14541019e+04])}
{'img': array([[[ 0.        , -0.34109423, -0.39029069, ..., -0.80080393,
         -0.87336922, -0.79054651],
        [ 0.34109423,  0.        , -0.05284199, ..., -0.5484886 ,
         -0.65485957, -0.53424994],
        [ 0.39029069,  0.05284199,  0.        , ..., -0.50353805,
         -0.6140093 , -0.4888348 ],
        ...,
        [ 0.80080393,  0.5484886 ,  0.50353805, ...,  0.        ,
         -0.13304551,  0.01693461],
        [ 0.87336922,  0.65485957,  0.6140093 , ...,  0.13304551,
          0.        ,  0.14981049],
        [ 0.79054651,  0.53424994,  0.4888348 , ..., -0.01693461,
         -0.14981049,  0.        ]],

       [[ 0.        ,  0.47965109,  0.01288667, ..., -0.09532955,
         -0.63816312, -0.40738393],
        [-0.47965109,  0.        , -0.46830374, ..., -0.56111445,
         -0.92924611, -0.79550754],
        [-0.01288667,  0.46830374,  0.        , ..., -0.10814962,
         -0.64803159, -0.41911895],
        ...,
        [ 0.09532955,  0.56111445,  0.10814962, ...,  0.        ,
         -0.56186244, -0.31846823],
        [ 0.63816312,  0.92924611,  0.64803159, ...,  0.56186244,
          0.        ,  0.26916155],
        [ 0.40738393,  0.79550754,  0.41911895, ...,  0.31846823,
         -0.26916155,  0.        ]],

       [[ 0.        , -0.21071104, -0.41369162, ..., -0.99892061,
         -0.93490111, -0.99715133],
        [ 0.21071104,  0.        , -0.21256865, ..., -0.98628081,
         -0.98869418, -0.99065698],
        [ 0.41369162,  0.21256865,  0.        , ..., -0.92865045,
         -0.99797253, -0.9390271 ],
        ...,
        [ 0.99892061,  0.98628081,  0.92865045, ...,  0.        ,
         -0.31109884, -0.02902766],
        [ 0.93490111,  0.98869418,  0.99797253, ...,  0.31109884,
          0.        ,  0.28338052],
        [ 0.99715133,  0.99065698,  0.9390271 , ...,  0.02902766,
         -0.28338052,  0.        ]],

       ...,

       [[ 0.        , -0.41550821, -0.60753795, ...,  0.00888297,
         -0.02366019,  0.22203797],
        [ 0.41550821,  0.        , -0.2225758 , ...,  0.42357168,
          0.39387084,  0.60709969],
        [ 0.60753795,  0.2225758 ,  0.        , ...,  0.61456964,
          0.5885748 ,  0.76873528],
        ...,
        [-0.00888297, -0.42357168, -0.61456964, ...,  0.        ,
         -0.03253974,  0.21336797],
        [ 0.02366019, -0.39387084, -0.5885748 , ...,  0.03253974,
          0.        ,  0.2450454 ],
        [-0.22203797, -0.60709969, -0.76873528, ..., -0.21336797,
         -0.2450454 ,  0.        ]],

       [[ 0.        ,  0.08302325,  0.1668163 , ..., -0.98356733,
         -0.99999572, -0.999837  ],
        [-0.08302325,  0.        ,  0.08438046, ..., -0.96518251,
         -0.99630039, -0.99488618],
        [-0.1668163 , -0.08438046,  0.        , ..., -0.93966827,
         -0.98549561, -0.9828154 ],
        ...,
        [ 0.98356733,  0.96518251,  0.93966827, ...,  0.        ,
          0.17766268,  0.16275398],
        [ 0.99999572,  0.99630039,  0.98549561, ..., -0.17766268,
          0.        , -0.01512904],
        [ 0.999837  ,  0.99488618,  0.9828154 , ..., -0.16275398,
          0.01512904,  0.        ]],

       [[ 0.        , -0.58390286, -0.79592955, ..., -0.49869415,
         -0.33439441, -0.        ],
        [ 0.58390286,  0.        , -0.29266583, ..., -0.91096582,
         -0.8217587 , -0.58390286],
        [ 0.79592955,  0.29266583,  0.        , ..., -0.99179833,
         -0.95254924, -0.79592955],
        ...,
        [ 0.49869415,  0.91096582,  0.99179833, ...,  0.        ,
         -0.18014021, -0.49869415],
        [ 0.33439441,  0.8217587 ,  0.95254924, ...,  0.18014021,
          0.        , -0.33439441],
        [ 0.        ,  0.58390286,  0.79592955, ...,  0.49869415,
          0.33439441,  0.        ]]]), 'num': array([4.51665700e+06, 3.48625700e+06, 1.60000000e+01, 6.44000000e+04,
       6.46000000e+04, 6.32000000e+04, 2.99270000e+04, 4.00000000e+02,
       6.35600000e+04, 6.63250000e+04, 7.09183333e+04, 4.01234568e+01,
       7.14019578e+04, 6.12480422e+04])}
{'img': array([[[ 0.        , -0.05284199,  0.20066241, ..., -0.65485957,
         -0.53424994, -0.47903044],
        [ 0.05284199,  0.        ,  0.25214927, ..., -0.6140093 ,
         -0.4888348 , -0.43197658],
        [-0.20066241, -0.25214927,  0.        , ..., -0.79319076,
         -0.69300881, -0.6454283 ],
        ...,
        [ 0.65485957,  0.6140093 ,  0.79319076, ...,  0.        ,
          0.14981049,  0.21280707],
        [ 0.53424994,  0.4888348 ,  0.69300881, ..., -0.14981049,
          0.        ,  0.06402652],
        [ 0.47903044,  0.43197658,  0.6454283 , ..., -0.21280707,
         -0.06402652,  0.        ]],

       [[ 0.        , -0.46830374, -0.55152315, ..., -0.92924611,
         -0.79550754, -0.85834697],
        [ 0.46830374,  0.        , -0.0966679 , ..., -0.64803159,
         -0.41911895, -0.51813508],
        [ 0.55152315,  0.0966679 ,  0.        , ..., -0.57137308,
         -0.32938827, -0.43302856],
        ...,
        [ 0.92924611,  0.64803159,  0.57137308, ...,  0.        ,
          0.26916155,  0.15964199],
        [ 0.79550754,  0.41911895,  0.32938827, ..., -0.26916155,
          0.        , -0.11195915],
        [ 0.85834697,  0.51813508,  0.43302856, ..., -0.15964199,
          0.11195915,  0.        ]],

       [[ 0.        , -0.21256865, -0.31107215, ..., -0.98869418,
         -0.99065698, -0.96430643],
        [ 0.21256865,  0.        , -0.10194062, ..., -0.99797253,
         -0.9390271 , -0.88598249],
        [ 0.31107215,  0.10194062,  0.        , ..., -0.98628544,
         -0.89908365, -0.83409519],
        ...,
        [ 0.98869418,  0.99797253,  0.98628544, ...,  0.        ,
          0.28338052,  0.40638912],
        [ 0.99065698,  0.9390271 ,  0.89908365, ..., -0.28338052,
          0.        ,  0.13080542],
        [ 0.96430643,  0.88598249,  0.83409519, ..., -0.40638912,
         -0.13080542,  0.        ]],

       ...,

       [[ 0.        , -0.2225758 ,  0.31074271, ...,  0.39387084,
          0.60709969,  0.59664876],
        [ 0.2225758 ,  0.        ,  0.51450483, ...,  0.5885748 ,
          0.76873528,  0.76029969],
        [-0.31074271, -0.51450483,  0.        , ...,  0.08874782,
          0.33012052,  0.3177393 ],
        ...,
        [-0.39387084, -0.5885748 , -0.08874782, ...,  0.        ,
          0.2450454 ,  0.2323368 ],
        [-0.60709969, -0.76873528, -0.33012052, ..., -0.2450454 ,
          0.        , -0.0130866 ],
        [-0.59664876, -0.76029969, -0.3177393 , ..., -0.2323368 ,
          0.0130866 ,  0.        ]],

       [[ 0.        ,  0.08438046,  0.10420816, ..., -0.99630039,
         -0.99488618, -0.98112799],
        [-0.08438046,  0.        ,  0.01991546, ..., -0.98549561,
         -0.9828154 , -0.96131315],
        [-0.10420816, -0.01991546,  0.        , ..., -0.98192048,
         -0.97894426, -0.95563662],
        ...,
        [ 0.99630039,  0.98549561,  0.98192048, ...,  0.        ,
         -0.01512904, -0.10832676],
        [ 0.99488618,  0.9828154 ,  0.97894426, ...,  0.01512904,
          0.        , -0.09327435],
        [ 0.98112799,  0.96131315,  0.95563662, ...,  0.10832676,
          0.09327435,  0.        ]],

       [[ 0.        , -0.62891766, -0.73293807, ..., -0.45396369,
         -0.30273454, -0.        ],
        [ 0.62891766,  0.        , -0.14198899, ..., -0.91332235,
         -0.83477325, -0.62891766],
        [ 0.73293807,  0.14198899,  0.        , ..., -0.96189201,
         -0.90449379, -0.73293807],
        ...,
        [ 0.45396369,  0.91332235,  0.96189201, ...,  0.        ,
         -0.16291882, -0.45396369],
        [ 0.30273454,  0.83477325,  0.90449379, ...,  0.16291882,
          0.        , -0.30273454],
        [ 0.        ,  0.62891766,  0.73293807, ...,  0.45396369,
          0.30273454,  0.        ]]]), 'num': array([ 4.49794800e+06,  3.42184800e+06,  1.70000000e+01,  6.33000000e+04,
        6.47000000e+04,  6.32000000e+04,  3.04640000e+04, -1.10000000e+03,
        6.37600000e+04,  6.61050000e+04,  7.08316667e+04,  3.33333333e+01,
        7.13044134e+04,  6.09055866e+04])}
{'img': array([[[ 0.00000000e+00,  2.52149270e-01,  3.72402127e-01, ...,
         -4.88834797e-01, -4.31976579e-01, -5.97223771e-01],
        [-2.52149270e-01,  0.00000000e+00,  1.26356657e-01, ...,
         -6.93008805e-01, -6.45428303e-01, -7.80169027e-01],
        [-3.72402127e-01, -1.26356657e-01,  0.00000000e+00, ...,
         -7.78548448e-01, -7.36768966e-01, -8.52960655e-01],
        ...,
        [ 4.88834797e-01,  6.93008805e-01,  7.78548448e-01, ...,
          0.00000000e+00,  6.40265225e-02, -1.28921902e-01],
        [ 4.31976579e-01,  6.45428303e-01,  7.36768966e-01, ...,
         -6.40265225e-02,  0.00000000e+00, -1.92149585e-01],
        [ 5.97223771e-01,  7.80169027e-01,  8.52960655e-01, ...,
          1.28921902e-01,  1.92149585e-01,  0.00000000e+00]],

       [[ 0.00000000e+00, -9.66679008e-02, -1.38012610e-01, ...,
         -4.19118945e-01, -5.18135082e-01, -5.08565444e-01],
        [ 9.66679008e-02,  0.00000000e+00, -4.16234198e-02, ...,
         -3.29388266e-01, -4.33028556e-01, -4.22950356e-01],
        [ 1.38012610e-01,  4.16234198e-02,  0.00000000e+00, ...,
         -2.89802202e-01, -3.95134754e-01, -3.84866634e-01],
        ...,
        [ 4.19118945e-01,  3.29388266e-01,  2.89802202e-01, ...,
          0.00000000e+00, -1.11959146e-01, -1.00871309e-01],
        [ 5.18135082e-01,  4.33028556e-01,  3.95134754e-01, ...,
          1.11959146e-01,  0.00000000e+00,  1.11509845e-02],
        [ 5.08565444e-01,  4.22950356e-01,  3.84866634e-01, ...,
          1.00871309e-01, -1.11509845e-02,  0.00000000e+00]],

       [[ 0.00000000e+00, -1.01940621e-01, -1.38979272e-01, ...,
         -9.39027105e-01, -8.85982495e-01, -8.61561775e-01],
        [ 1.01940621e-01,  0.00000000e+00, -3.73039405e-02, ...,
         -8.99083648e-01, -8.34095186e-01, -8.05323020e-01],
        [ 1.38979272e-01,  3.73039405e-02,  0.00000000e+00, ...,
         -8.82127052e-01, -8.12937007e-01, -7.82647359e-01],
        ...,
        [ 9.39027105e-01,  8.99083648e-01,  8.82127052e-01, ...,
          0.00000000e+00,  1.30805422e-01,  1.80457591e-01],
        [ 8.85982495e-01,  8.34095186e-01,  8.12937007e-01, ...,
         -1.30805422e-01,  0.00000000e+00,  5.02491510e-02],
        [ 8.61561775e-01,  8.05323020e-01,  7.82647359e-01, ...,
         -1.80457591e-01, -5.02491510e-02,  0.00000000e+00]],

       ...,

       [[ 0.00000000e+00,  5.14504831e-01,  6.99825559e-01, ...,
          7.68735280e-01,  7.60299692e-01,  5.69096222e-01],
        [-5.14504831e-01,  0.00000000e+00,  2.32573761e-01, ...,
          3.30120519e-01,  3.17739300e-01,  6.49305180e-02],
        [-6.99825559e-01, -2.32573761e-01,  0.00000000e+00, ...,
          1.01532810e-01,  8.85051441e-02, -1.68932938e-01],
        ...,
        [-7.68735280e-01, -3.30120519e-01, -1.01532810e-01, ...,
          0.00000000e+00, -1.30866007e-02, -2.68133460e-01],
        [-7.60299692e-01, -3.17739300e-01, -8.85051441e-02, ...,
          1.30866007e-02,  0.00000000e+00, -2.55503106e-01],
        [-5.69096222e-01, -6.49305180e-02,  1.68932938e-01, ...,
          2.68133460e-01,  2.55503106e-01,  0.00000000e+00]],

       [[ 0.00000000e+00,  1.98283758e-02,  2.04952651e-02, ...,
         -9.91712278e-01, -9.83091058e-01, -9.38242647e-01],
        [-1.98283758e-02,  0.00000000e+00,  6.67024853e-04, ...,
         -9.88969783e-01, -9.79266861e-01, -9.31198007e-01],
        [-2.04952651e-02, -6.67024853e-04,  0.00000000e+00, ...,
         -9.88870765e-01, -9.79131520e-01, -9.30954660e-01],
        ...,
        [ 9.91712278e-01,  9.88969783e-01,  9.88870765e-01, ...,
          0.00000000e+00, -5.52935560e-02, -2.22566443e-01],
        [ 9.83091058e-01,  9.79266861e-01,  9.79131520e-01, ...,
          5.52935560e-02,  0.00000000e+00, -1.68319291e-01],
        [ 9.38242647e-01,  9.31198007e-01,  9.30954660e-01, ...,
          2.22566443e-01,  1.68319291e-01,  0.00000000e+00]],

       [[ 0.00000000e+00, -1.41418111e-01, -1.45755575e-01, ...,
         -9.12782531e-01, -8.64575830e-01, -6.07960768e-01],
        [ 1.41418111e-01,  0.00000000e+00, -4.38287096e-03, ...,
         -9.61370675e-01, -9.26949742e-01, -7.14132059e-01],
        [ 1.45755575e-01,  4.38287096e-03,  0.00000000e+00, ...,
         -9.62567857e-01, -9.28585229e-01, -7.17193258e-01],
        ...,
        [ 9.12782531e-01,  9.61370675e-01,  9.62567857e-01, ...,
          0.00000000e+00, -1.05542937e-01, -4.76400189e-01],
        [ 8.64575830e-01,  9.26949742e-01,  9.28585229e-01, ...,
          1.05542937e-01,  0.00000000e+00, -3.80943009e-01],
        [ 6.07960768e-01,  7.14132059e-01,  7.17193258e-01, ...,
          4.76400189e-01,  3.80943009e-01,  0.00000000e+00]]]), 'num': array([4.50770500e+06, 2.40890500e+06, 3.30000000e+01, 6.36000000e+04,
       6.39000000e+04, 6.29000000e+04, 1.44570000e+04, 3.00000000e+02,
       6.37000000e+04, 6.57900000e+04, 7.07583333e+04, 3.72549020e+01,
       7.07911599e+04, 6.07888401e+04])}
{'img': array([[[ 0.00000000e+00,  1.26356657e-01,  1.55087225e-01, ...,
         -6.45428303e-01, -7.80169027e-01, -7.42069188e-01],
        [-1.26356657e-01,  0.00000000e+00,  2.90163417e-02, ...,
         -7.36768966e-01, -8.52960655e-01, -8.20821223e-01],
        [-1.55087225e-01, -2.90163417e-02,  0.00000000e+00, ...,
         -7.56077982e-01, -8.67747316e-01, -8.37049310e-01],
        ...,
        [ 6.45428303e-01,  7.36768966e-01,  7.56077982e-01, ...,
          0.00000000e+00, -1.92149585e-01, -1.34162298e-01],
        [ 7.80169027e-01,  8.52960655e-01,  8.67747316e-01, ...,
          1.92149585e-01,  0.00000000e+00,  5.87501612e-02],
        [ 7.42069188e-01,  8.20821223e-01,  8.37049310e-01, ...,
          1.34162298e-01, -5.87501612e-02,  0.00000000e+00]],

       [[ 0.00000000e+00, -4.11511013e-02, -1.29042154e-01, ...,
         -4.25646036e-01, -4.15836744e-01, -8.66438462e-01],
        [ 4.11511013e-02,  0.00000000e+00, -8.81258054e-02, ...,
         -3.88048276e-01, -3.78060075e-01, -8.45158450e-01],
        [ 1.29042154e-01,  8.81258054e-02,  0.00000000e+00, ...,
         -3.05318334e-01, -2.95003975e-01, -7.94765597e-01],
        ...,
        [ 4.25646036e-01,  3.88048276e-01,  3.05318334e-01, ...,
          0.00000000e+00,  1.08128188e-02, -5.71513075e-01],
        [ 4.15836744e-01,  3.78060075e-01,  2.95003975e-01, ...,
         -1.08128188e-02,  0.00000000e+00, -5.80352587e-01],
        [ 8.66438462e-01,  8.45158450e-01,  7.94765597e-01, ...,
          5.71513075e-01,  5.80352587e-01,  0.00000000e+00]],

       [[ 0.00000000e+00, -3.73039405e-02, -3.51031003e-02, ...,
         -8.34095186e-01, -8.05323020e-01, -8.13854810e-01],
        [ 3.73039405e-02,  0.00000000e+00,  2.20228265e-03, ...,
         -8.12937007e-01, -7.82647359e-01, -7.91612202e-01],
        [ 3.51031003e-02, -2.20228265e-03,  0.00000000e+00, ...,
         -8.14217538e-01, -7.84016306e-01, -7.92955930e-01],
        ...,
        [ 8.34095186e-01,  8.12937007e-01,  8.14217538e-01, ...,
          0.00000000e+00,  5.02491510e-02,  3.57272258e-02],
        [ 8.05323020e-01,  7.82647359e-01,  7.84016306e-01, ...,
         -5.02491510e-02,  0.00000000e+00, -1.45349788e-02],
        [ 8.13854810e-01,  7.91612202e-01,  7.92955930e-01, ...,
         -3.57272258e-02,  1.45349788e-02,  0.00000000e+00]],

       ...,

       [[ 0.00000000e+00,  2.32573761e-01,  2.72344669e-01, ...,
          3.17739300e-01,  6.49305180e-02,  2.16816430e-01],
        [-2.32573761e-01,  0.00000000e+00,  4.10942235e-02, ...,
          8.85051441e-02, -1.68932938e-01, -1.61703327e-02],
        [-2.72344669e-01, -4.10942235e-02,  0.00000000e+00, ...,
          4.74974233e-02, -2.09293835e-01, -5.72455237e-02],
        ...,
        [-3.17739300e-01, -8.85051441e-02, -4.74974233e-02, ...,
          0.00000000e+00, -2.55503106e-01, -1.04600448e-01],
        [-6.49305180e-02,  1.68932938e-01,  2.09293835e-01, ...,
          2.55503106e-01,  0.00000000e+00,  1.52972925e-01],
        [-2.16816430e-01,  1.61703327e-02,  5.72455237e-02, ...,
          1.04600448e-01, -1.52972925e-01,  0.00000000e+00]],

       [[ 0.00000000e+00,  6.49403773e-04,  2.81533097e-03, ...,
         -9.99797975e-01, -9.99884772e-01, -9.21867882e-01],
        [-6.49403773e-04,  0.00000000e+00,  2.16592918e-03, ...,
         -9.99810817e-01, -9.99874703e-01, -9.21616040e-01],
        [-2.81533097e-03, -2.16592918e-03,  0.00000000e+00, ...,
         -9.99850601e-01, -9.99838071e-01, -9.20773275e-01],
        ...,
        [ 9.99797975e-01,  9.99810817e-01,  9.99850601e-01, ...,
          0.00000000e+00, -3.52749689e-02, -4.05955584e-01],
        [ 9.99884772e-01,  9.99874703e-01,  9.99838071e-01, ...,
          3.52749689e-02,  0.00000000e+00, -3.73465395e-01],
        [ 9.21867882e-01,  9.21616040e-01,  9.20773275e-01, ...,
          4.05955584e-01,  3.73465395e-01,  0.00000000e+00]],

       [[ 0.00000000e+00, -4.35007667e-03, -4.73602657e-02, ...,
         -9.45998415e-01, -8.49909250e-01, -7.10380636e-01],
        [ 4.35007667e-03,  0.00000000e+00, -4.30146223e-02, ...,
         -9.47399634e-01, -8.52193390e-01, -7.13435575e-01],
        [ 4.73602657e-02,  4.30146223e-02,  0.00000000e+00, ...,
         -9.60289721e-01, -8.73911045e-01, -7.42916492e-01],
        ...,
        [ 9.45998415e-01,  9.47399634e-01,  9.60289721e-01, ...,
          0.00000000e+00, -2.22957943e-01, -4.35525450e-01],
        [ 8.49909250e-01,  8.52193390e-01,  8.73911045e-01, ...,
          2.22957943e-01,  0.00000000e+00, -2.23860949e-01],
        [ 7.10380636e-01,  7.13435575e-01,  7.42916492e-01, ...,
          4.35525450e-01,  2.23860949e-01,  0.00000000e+00]]]), 'num': array([4.51737500e+06, 2.85337500e+06, 2.60000000e+01, 6.40000000e+04,
       6.48000000e+04, 6.35000000e+04, 4.19230000e+04, 4.00000000e+02,
       6.38600000e+04, 6.55400000e+04, 7.06500000e+04, 4.06666667e+01,
       7.03713145e+04, 6.07086855e+04])}
{'img': array([[[ 0.        ,  0.02901634, -0.22426459, ..., -0.85296065,
         -0.82082122, -0.77854845],
        [-0.02901634,  0.        , -0.25244741, ..., -0.86774732,
         -0.83704931, -0.79643084],
        [ 0.22426459,  0.25244741,  0.        , ..., -0.71417373,
         -0.67181689, -0.61797251],
        ...,
        [ 0.85296065,  0.86774732,  0.71417373, ...,  0.        ,
          0.05875016,  0.1289219 ],
        [ 0.82082122,  0.83704931,  0.67181689, ..., -0.05875016,
          0.        ,  0.07043934],
        [ 0.77854845,  0.79643084,  0.61797251, ..., -0.1289219 ,
         -0.07043934,  0.        ]],

       [[ 0.        , -0.08812581, -0.126983  , ..., -0.37806008,
         -0.84515845, -0.18477249],
        [ 0.08812581,  0.        , -0.03907653, ..., -0.29500397,
         -0.7947656 , -0.09744521],
        [ 0.126983  ,  0.03907653,  0.        , ..., -0.25744119,
         -0.77044238, -0.05848022],
        ...,
        [ 0.37806008,  0.29500397,  0.25744119, ...,  0.        ,
         -0.58035259,  0.20049151],
        [ 0.84515845,  0.7947656 ,  0.77044238, ...,  0.58035259,
          0.        ,  0.73184212],
        [ 0.18477249,  0.09744521,  0.05848022, ..., -0.20049151,
         -0.73184212,  0.        ]],

       [[ 0.        ,  0.00220228,  0.02417043, ..., -0.78264736,
         -0.7916122 , -0.7679062 ],
        [-0.00220228,  0.        ,  0.02196873, ..., -0.78401631,
         -0.79295593, -0.76931503],
        [-0.02417043, -0.02196873,  0.        , ..., -0.79746397,
         -0.80614965, -0.78316452],
        ...,
        [ 0.78264736,  0.78401631,  0.79746397, ...,  0.        ,
         -0.01453498,  0.0233394 ],
        [ 0.7916122 ,  0.79295593,  0.80614965, ...,  0.01453498,
          0.        ,  0.03786796],
        [ 0.7679062 ,  0.76931503,  0.78316452, ..., -0.0233394 ,
         -0.03786796,  0.        ]],

       ...,

       [[ 0.        ,  0.04109422, -0.02037079, ..., -0.16893294,
         -0.01617033,  0.1077412 ],
        [-0.04109422,  0.        , -0.06143928, ..., -0.20929384,
         -0.05724552,  0.06679517],
        [ 0.02037079,  0.06143928,  0.        , ..., -0.14881987,
          0.00420115,  0.12797105],
        ...,
        [ 0.16893294,  0.20929384,  0.14881987, ...,  0.        ,
          0.15297293,  0.27414227],
        [ 0.01617033,  0.05724552, -0.00420115, ..., -0.15297293,
          0.        ,  0.12380332],
        [-0.1077412 , -0.06679517, -0.12797105, ..., -0.27414227,
         -0.12380332,  0.        ]],

       [[ 0.        ,  0.00212121, -0.00201694, ..., -0.99565041,
         -0.99703602, -0.91401038],
        [-0.00212121,  0.        , -0.00413814, ..., -0.9958458 ,
         -0.99687058, -0.91314777],
        [ 0.00201694,  0.00413814,  0.        , ..., -0.99546047,
         -0.99718917, -0.91482677],
        ...,
        [ 0.99565041,  0.9958458 ,  0.99546047, ...,  0.        ,
         -0.16949335, -0.48908268],
        [ 0.99703602,  0.99687058,  0.99718917, ...,  0.16949335,
          0.        , -0.33416787],
        [ 0.91401038,  0.91314777,  0.91482677, ...,  0.48908268,
          0.33416787,  0.        ]],

       [[ 0.        , -0.04279408, -0.22021482, ..., -0.88342374,
         -0.82876574, -0.71088755],
        [ 0.04279408,  0.        , -0.17826954, ..., -0.90266668,
         -0.8519539 , -0.74033363],
        [ 0.22021482,  0.17826954,  0.        , ..., -0.96492407,
         -0.93165197, -0.84831459],
        ...,
        [ 0.88342374,  0.90266668,  0.96492407, ...,  0.        ,
         -0.10602125, -0.28821283],
        [ 0.82876574,  0.8519539 ,  0.93165197, ...,  0.10602125,
          0.        , -0.18506604],
        [ 0.71088755,  0.74033363,  0.84831459, ...,  0.28821283,
          0.18506604,  0.        ]]]), 'num': array([ 4.47572100e+06,  2.46932100e+06,  3.20000000e+01,  6.27000000e+04,
        6.45000000e+04,  6.18000000e+04,  4.69940000e+04, -1.30000000e+03,
        6.36000000e+04,  6.52400000e+04,  7.04983333e+04,  2.66187050e+01,
        6.99936933e+04,  6.04863067e+04])}
{'img': array([[[ 0.        , -0.25244741, -0.18425928, ..., -0.83704931,
         -0.79643084, -0.93014373],
        [ 0.25244741,  0.        ,  0.06983368, ..., -0.67181689,
         -0.61797251, -0.80731935],
        [ 0.18425928, -0.06983368,  0.        , ..., -0.72190377,
         -0.67136704, -0.84655829],
        ...,
        [ 0.83704931,  0.67181689,  0.72190377, ...,  0.        ,
          0.07043934, -0.2015463 ],
        [ 0.79643084,  0.61797251,  0.67136704, ..., -0.07043934,
          0.        , -0.27003953],
        [ 0.93014373,  0.80731935,  0.84655829, ...,  0.2015463 ,
          0.27003953,  0.        ]],

       [[ 0.        , -0.03907653, -0.16050271, ..., -0.7947656 ,
         -0.09744521, -0.01996798],
        [ 0.03907653,  0.        , -0.1218102 , ..., -0.77044238,
         -0.05848022,  0.01911602],
        [ 0.16050271,  0.1218102 ,  0.        , ..., -0.68705003,
          0.063557  ,  0.14076161],
        ...,
        [ 0.7947656 ,  0.77044238,  0.68705003, ...,  0.        ,
          0.73184212,  0.78248824],
        [ 0.09744521,  0.05848022, -0.063557  , ..., -0.73184212,
          0.        ,  0.07755283],
        [ 0.01996798, -0.01911602, -0.14076161, ..., -0.78248824,
         -0.07755283,  0.        ]],

       [[ 0.        ,  0.02196873,  0.06995824, ..., -0.79295593,
         -0.76931503, -0.80808026],
        [-0.02196873,  0.        ,  0.04802645, ..., -0.80614965,
         -0.78316452, -0.82082641],
        [-0.06995824, -0.04802645,  0.        , ..., -0.83363721,
         -0.81212435, -0.84731087],
        ...,
        [ 0.79295593,  0.80614965,  0.83363721, ...,  0.        ,
          0.03786796, -0.02523787],
        [ 0.76931503,  0.78316452,  0.81212435, ..., -0.03786796,
          0.        , -0.06307566],
        [ 0.80808026,  0.82082641,  0.84731087, ...,  0.02523787,
          0.06307566,  0.        ]],

       ...,

       [[ 0.        , -0.06143928, -0.00734703, ..., -0.05724552,
          0.06679517, -0.5053115 ],
        [ 0.06143928,  0.        ,  0.05410447, ...,  0.00420115,
          0.12797105, -0.45133865],
        [ 0.00734703, -0.05410447,  0.        , ..., -0.049909  ,
          0.07412399, -0.49895784],
        ...,
        [ 0.05724552, -0.00420115,  0.049909  , ...,  0.        ,
          0.12380332, -0.45508357],
        [-0.06679517, -0.12797105, -0.07412399, ..., -0.12380332,
          0.        , -0.56182302],
        [ 0.5053115 ,  0.45133865,  0.49895784, ...,  0.45508357,
          0.56182302,  0.        ]],

       [[ 0.        , -0.00406407, -0.03787188, ..., -0.99957027,
         -0.99311424, -0.90633633],
        [ 0.00406407,  0.        , -0.03381041, ..., -0.99944289,
         -0.99358215, -0.90804615],
        [ 0.03787188,  0.03381041,  0.        , ..., -0.99774304,
         -0.99683847, -0.92168916],
        ...,
        [ 0.99957027,  0.99944289,  0.99774304, ...,  0.        ,
         -0.14621099, -0.44894314],
        [ 0.99311424,  0.99358215,  0.99683847, ...,  0.14621099,
          0.        , -0.3134702 ],
        [ 0.90633633,  0.90804615,  0.92168916, ...,  0.44894314,
          0.3134702 ,  0.        ]],

       [[ 0.        , -0.17568792, -0.27904381, ..., -0.92534029,
         -0.90454573, -0.73329588],
        [ 0.17568792,  0.        , -0.10599424, ..., -0.97755737,
         -0.96538557, -0.84134204],
        [ 0.27904381,  0.10599424,  0.        , ..., -0.99438028,
         -0.98759346, -0.89389276],
        ...,
        [ 0.92534029,  0.97755737,  0.99438028, ...,  0.        ,
         -0.05159615, -0.35112775],
        [ 0.90454573,  0.96538557,  0.98759346, ...,  0.05159615,
          0.        , -0.30234917],
        [ 0.73329588,  0.84134204,  0.89389276, ...,  0.35112775,
          0.30234917,  0.        ]]]), 'num': array([4.47562400e+06, 1.77952400e+06, 4.30000000e+01, 6.27000000e+04,
       6.30000000e+04, 6.19000000e+04, 2.69300000e+04, 0.00000000e+00,
       6.32600000e+04, 6.50200000e+04, 7.03416667e+04, 2.78195489e+01,
       6.98160817e+04, 6.02239183e+04])}
{'img': array([[[ 0.        ,  0.06983368, -0.09198009, ..., -0.61797251,
         -0.80731935, -0.80731935],
        [-0.06983368,  0.        , -0.16129318, ..., -0.67136704,
         -0.84655829, -0.84655829],
        [ 0.09198009,  0.16129318,  0.        , ..., -0.54303811,
         -0.7496182 , -0.7496182 ],
        ...,
        [ 0.61797251,  0.67136704,  0.54303811, ...,  0.        ,
         -0.27003953, -0.27003953],
        [ 0.80731935,  0.84655829,  0.7496182 , ...,  0.27003953,
          0.        ,  0.        ],
        [ 0.80731935,  0.84655829,  0.7496182 , ...,  0.27003953,
          0.        ,  0.        ]],

       [[ 0.        , -0.1218102 ,  0.52204594, ..., -0.05848022,
          0.01911602, -0.32873466],
        [ 0.1218102 ,  0.        ,  0.62205252, ...,  0.063557  ,
          0.14076161, -0.21124643],
        [-0.52204594, -0.62205252,  0.        , ..., -0.57103128,
         -0.50564616, -0.77341534],
        ...,
        [ 0.05848022, -0.063557  ,  0.57103128, ...,  0.        ,
          0.07755283, -0.27294203],
        [-0.01911602, -0.14076161,  0.50564616, ..., -0.07755283,
          0.        , -0.34672819],
        [ 0.32873466,  0.21124643,  0.77341534, ...,  0.27294203,
          0.34672819,  0.        ]],

       [[ 0.        ,  0.04802645,  0.00657362, ..., -0.78316452,
         -0.82082641, -0.87328847],
        [-0.04802645,  0.        , -0.04145938, ..., -0.81212435,
         -0.84731087, -0.8956794 ],
        [-0.00657362,  0.04145938,  0.        , ..., -0.78723517,
         -0.82456338, -0.87647229],
        ...,
        [ 0.78316452,  0.81212435,  0.78723517, ...,  0.        ,
         -0.06307566, -0.16146297],
        [ 0.82082641,  0.84731087,  0.82456338, ...,  0.06307566,
          0.        , -0.09889342],
        [ 0.87328847,  0.8956794 ,  0.87647229, ...,  0.16146297,
          0.09889342,  0.        ]],

       ...,

       [[ 0.        ,  0.05410447, -0.00955695, ...,  0.12797105,
         -0.45133865, -0.39177088],
        [-0.05410447,  0.        , -0.06364495, ...,  0.07412399,
         -0.49895784, -0.44097656],
        [ 0.00955695,  0.06364495,  0.        , ...,  0.13744357,
         -0.44278987, -0.38296   ],
        ...,
        [-0.12797105, -0.07412399, -0.13744357, ...,  0.        ,
         -0.56182302, -0.5062911 ],
        [ 0.45133865,  0.49895784,  0.44278987, ...,  0.56182302,
          0.        ,  0.06566209],
        [ 0.39177088,  0.44097656,  0.38296   , ...,  0.5062911 ,
         -0.06566209,  0.        ]],

       [[ 0.        , -0.03352851, -0.07108885, ..., -0.99850935,
         -0.97527796, -0.90487488],
        [ 0.03352851,  0.        , -0.0376052 , ..., -0.99977797,
         -0.98213881, -0.91863846],
        [ 0.07108885,  0.0376052 ,  0.        , ..., -0.99986321,
         -0.98851983, -0.93284647],
        ...,
        [ 0.99850935,  0.99977797,  0.99986321, ...,  0.        ,
         -0.16742059, -0.37565411],
        [ 0.97527796,  0.98213881,  0.98851983, ...,  0.16742059,
          0.        , -0.21519327],
        [ 0.90487488,  0.91863846,  0.93284647, ...,  0.37565411,
          0.21519327,  0.        ]],

       [[ 0.        , -0.10409544, -0.23975168, ..., -0.99071232,
         -0.96729551, -0.83328103],
        [ 0.10409544,  0.        , -0.13738977, ..., -0.99948443,
         -0.98844452, -0.8863032 ],
        [ 0.23975168,  0.13738977,  0.        , ..., -0.99441759,
         -0.99989713, -0.94152439],
        ...,
        [ 0.99071232,  0.99948443,  0.99441759, ...,  0.        ,
         -0.11976864, -0.43440988],
        [ 0.96729551,  0.98844452,  0.99989713, ...,  0.11976864,
          0.        , -0.32340547],
        [ 0.83328103,  0.8863032 ,  0.94152439, ...,  0.43440988,
          0.32340547,  0.        ]]]), 'num': array([ 4.43418200e+06,  7.76182000e+05,  5.90000000e+01,  6.20000000e+04,
        6.30000000e+04,  6.13000000e+04,  3.46600000e+04, -7.00000000e+02,
        6.30000000e+04,  6.47400000e+04,  7.02166667e+04,  2.76119403e+01,
        6.95547274e+04,  5.99252726e+04])}
{'img': array([[[ 0.        , -0.16020386, -0.17041223, ..., -0.83528895,
         -0.83528895, -0.97736967],
        [ 0.16020386,  0.        , -0.01035064, ..., -0.73641844,
         -0.73641844, -0.93085664],
