state_0,state_1,state_2,state_3,state_4,state_5,state_6,state_7,state_8,state_9,state_10,state_11,state_12,state_13,state_14,state_15,state_16,state_17,state_18,state_19,state_20,state_21,state_22,state_23,state_24,state_25,state_26,state_27,state_28,state_29,state_30,state_31,state_32,state_33,state_34,state_35,state_36,state_37,state_38,state_39,state_40,state_41,state_42,state_43,state_44,state_45,state_46,state_47,state_48,state_49,state_50,state_51,state_52,state_53,state_54,state_55,state_56,state_57,state_58,state_59,state_60,state_61,state_62,state_63,state_64,state_65,state_66,state_67,state_68,state_69,state_70,state_71,state_72,state_73,state_74,state_75,state_76,state_77
{'img': array([[[ 0.        , -0.03527831,  0.21502662, ...,  0.51245823,
          0.43668622,  0.74883911],
        [ 0.03527831,  0.        ,  0.24934586, ...,  0.54243315,
          0.46815125,  0.77175375],
        [-0.21502662, -0.24934586,  0.        , ...,  0.31582492,
          0.2330304 ,  0.58881312],
        ...,
        [-0.51245823, -0.54243315, -0.31582492, ...,  0.        ,
         -0.08602677,  0.30340463],
        [-0.43668622, -0.46815125, -0.2330304 , ...,  0.08602677,
          0.        ,  0.38425148],
        [-0.74883911, -0.77175375, -0.58881312, ..., -0.30340463,
         -0.38425148,  0.        ]],

       [[ 0.        , -0.31003338,  0.22426665, ...,  0.28258684,
          0.22597507,  0.51986758],
        [ 0.31003338,  0.        ,  0.51535221, ...,  0.56605951,
          0.51685408,  0.7590965 ],
        [-0.22426665, -0.51535221,  0.        , ...,  0.06026281,
          0.00175343,  0.31504634],
        ...,
        [-0.28258684, -0.56605951, -0.06026281, ...,  0.        ,
         -0.05851247,  0.25727976],
        [-0.22597507, -0.51685408, -0.00175343, ...,  0.05851247,
          0.        ,  0.31338172],
        [-0.51986758, -0.7590965 , -0.31504634, ..., -0.25727976,
         -0.31338172,  0.        ]],

       [[ 0.        , -0.05770989, -0.11299087, ...,  0.32675156,
          0.43165319,  0.53683846],
        [ 0.05770989,  0.        , -0.05546224, ...,  0.3807492 ,
          0.4829904 ,  0.58463274],
        [ 0.11299087,  0.05546224,  0.        , ...,  0.43144788,
          0.53081114,  0.62872927],
        ...,
        [-0.32675156, -0.3807492 , -0.43144788, ...,  0.        ,
          0.113217  ,  0.23169614],
        [-0.43165319, -0.4829904 , -0.53081114, ..., -0.113217  ,
          0.        ,  0.12007024],
        [-0.53683846, -0.58463274, -0.62872927, ..., -0.23169614,
         -0.12007024,  0.        ]],

       ...,

       [[ 0.        , -0.03416882,  0.50541261, ...,  0.99768848,
          0.99998615,  0.99990495],
        [ 0.03416882,  0.        ,  0.53460101, ...,  0.994784  ,
          0.99958209,  0.99885   ],
        [-0.50541261, -0.53460101,  0.        , ...,  0.89522789,
          0.86020539,  0.86976395],
        ...,
        [-0.99768848, -0.994784  , -0.89522789, ...,  0.        ,
         -0.0732045 , -0.05419202],
        [-0.99998615, -0.99958209, -0.86020539, ...,  0.0732045 ,
          0.        ,  0.01905031],
        [-0.99990495, -0.99885   , -0.86976395, ...,  0.05419202,
         -0.01905031,  0.        ]],

       [[ 0.        ,  0.20971929,  0.0291516 , ..., -0.49544995,
         -0.45016197, -0.3985757 ],
        [-0.20971929,  0.        , -0.18112684, ..., -0.66660178,
         -0.62741929, -0.58205302],
        [-0.0291516 ,  0.18112684,  0.        , ..., -0.52056153,
         -0.47600148, -0.42514227],
        ...,
        [ 0.49544995,  0.66660178,  0.52056153, ...,  0.        ,
          0.0513834 ,  0.10817732],
        [ 0.45016197,  0.62741929,  0.47600148, ..., -0.0513834 ,
          0.        ,  0.05695255],
        [ 0.3985757 ,  0.58205302,  0.42514227, ..., -0.10817732,
         -0.05695255,  0.        ]],

       [[ 0.        , -0.48626264, -0.57072985, ..., -0.90479104,
         -0.94953774, -0.98878057],
        [ 0.48626264,  0.        , -0.09942231, ..., -0.99769568,
         -0.98223578, -0.93664466],
        [ 0.57072985,  0.09942231,  0.        , ..., -0.98600683,
         -0.95871244, -0.89717815],
        ...,
        [ 0.90479104,  0.99769568,  0.98600683, ...,  0.        ,
          0.12057591,  0.28592451],
        [ 0.94953774,  0.98223578,  0.95871244, ..., -0.12057591,
          0.        ,  0.16829631],
        [ 0.98878057,  0.93664466,  0.89717815, ..., -0.28592451,
         -0.16829631,  0.        ]]]), 'num': array([ 1.82486322e+08,  4.90837000e+06,  1.26390000e+04,  1.40500000e+04,
        1.44500000e+04,  1.40000000e+04,  2.82452000e+05, -1.50000000e+02,
        1.39500000e+04,  1.34650000e+04,  1.31600000e+04,  5.29411765e+01,
        1.48025724e+04,  1.21274276e+04])}
{'img': array([[[ 0.        ,  0.24934586, -0.14002642, ...,  0.46815125,
          0.77175375,  0.6555868 ],
        [-0.24934586,  0.        , -0.38249286, ...,  0.2330304 ,
          0.58881312,  0.44659376],
        [ 0.14002642,  0.38249286,  0.        , ...,  0.58727303,
          0.85319606,  0.75486453],
        ...,
        [-0.46815125, -0.2330304 , -0.58727303, ...,  0.        ,
          0.38425148,  0.2257979 ],
        [-0.77175375, -0.58881312, -0.85319606, ..., -0.38425148,
          0.        , -0.16586481],
        [-0.6555868 , -0.44659376, -0.75486453, ..., -0.2257979 ,
          0.16586481,  0.        ]],

       [[ 0.        ,  0.51535221,  0.6870054 , ...,  0.51685408,
          0.7590965 ,  0.91699157],
        [-0.51535221,  0.        ,  0.21426696, ...,  0.00175343,
          0.31504634,  0.58026465],
        [-0.6870054 , -0.21426696,  0.        , ..., -0.21255392,
          0.10437375,  0.39228308],
        ...,
        [-0.51685408, -0.00175343,  0.21255392, ...,  0.        ,
          0.31338172,  0.57883572],
        [-0.7590965 , -0.31504634, -0.10437375, ..., -0.31338172,
          0.        ,  0.29413286],
        [-0.91699157, -0.58026465, -0.39228308, ..., -0.57883572,
         -0.29413286,  0.        ]],

       [[ 0.        , -0.05546224, -0.29642863, ...,  0.4829904 ,
          0.58463274,  0.6336876 ],
        [ 0.05546224,  0.        , -0.24300287, ...,  0.53081114,
          0.62872927,  0.67561721],
        [ 0.29642863,  0.24300287,  0.        , ...,  0.72084291,
          0.7988484 ,  0.83452046],
        ...,
        [-0.4829904 , -0.53081114, -0.72084291, ...,  0.        ,
          0.12007024,  0.18123703],
        [-0.58463274, -0.62872927, -0.7988484 , ..., -0.12007024,
          0.        ,  0.06184405],
        [-0.6336876 , -0.67561721, -0.83452046, ..., -0.18123703,
         -0.06184405,  0.        ]],

       ...,

       [[ 0.        ,  0.53460101,  0.23371457, ...,  0.99958209,
          0.99885   ,  0.89833329],
        [-0.53460101,  0.        , -0.32228211, ...,  0.86020539,
          0.86976395,  0.52432757],
        [-0.23371457,  0.32228211,  0.        , ...,  0.97865502,
          0.98239245,  0.77077996],
        ...,
        [-0.99958209, -0.86020539, -0.97865502, ...,  0.        ,
          0.01905031, -0.46509955],
        [-0.99885   , -0.86976395, -0.98239245, ..., -0.01905031,
          0.        , -0.4818796 ],
        [-0.89833329, -0.52432757, -0.77077996, ...,  0.46509955,
          0.4818796 ,  0.        ]],

       [[ 0.        , -0.18112684, -0.13063833, ..., -0.62741929,
         -0.58205302, -0.63509125],
        [ 0.18112684,  0.        ,  0.05109706, ..., -0.47600148,
         -0.42514227, -0.48467758],
        [ 0.13063833, -0.05109706,  0.        , ..., -0.5203167 ,
         -0.4708362 , -0.52873868],
        ...,
        [ 0.62741929,  0.47600148,  0.5203167 , ...,  0.        ,
          0.05695255, -0.00989192],
        [ 0.58205302,  0.42514227,  0.4708362 , ..., -0.05695255,
          0.        , -0.06682563],
        [ 0.63509125,  0.48467758,  0.52873868, ...,  0.00989192,
          0.06682563,  0.        ]],

       [[ 0.        , -0.33058011, -0.5973188 , ..., -0.96357661,
         -0.99575049, -0.98992992],
        [ 0.33058011,  0.        , -0.29860977, ..., -0.99781019,
         -0.97021116, -0.88747765],
        [ 0.5973188 ,  0.29860977,  0.        , ..., -0.93253463,
         -0.85360411, -0.7093722 ],
        ...,
        [ 0.96357661,  0.99781019,  0.93253463, ...,  0.        ,
          0.17755822,  0.40114168],
        [ 0.99575049,  0.97021116,  0.85360411, ..., -0.17755822,
          0.        ,  0.23212148],
        [ 0.98992992,  0.88747765,  0.7093722 , ..., -0.40114168,
         -0.23212148,  0.        ]]]), 'num': array([2.11018630e+07, 2.08330130e+07, 1.90000000e+01, 1.41500000e+04,
       1.43500000e+04, 1.40000000e+04, 1.76133000e+05, 1.00000000e+02,
       1.40200000e+04, 1.35800000e+04, 1.31766667e+04, 6.22950820e+01,
       1.47238531e+04, 1.24361469e+04])}
{'img': array([[[ 0.        , -0.38249286, -0.2832498 , ...,  0.58881312,
          0.44659376,  0.53972812],
        [ 0.38249286,  0.        ,  0.10511726, ...,  0.85319606,
          0.75486453,  0.82068391],
        [ 0.2832498 , -0.10511726,  0.        , ...,  0.79364106,
          0.68173807,  0.75607503],
        ...,
        [-0.58881312, -0.85319606, -0.79364106, ...,  0.        ,
         -0.16586481, -0.05944046],
        [-0.44659376, -0.75486453, -0.68173807, ...,  0.16586481,
          0.        ,  0.10695442],
        [-0.53972812, -0.82068391, -0.75607503, ...,  0.05944046,
         -0.10695442,  0.        ]],

       [[ 0.        ,  0.22143014,  0.87761078, ...,  0.32411701,
          0.59146055,  0.19426022],
        [-0.22143014,  0.        ,  0.74967736, ...,  0.10659453,
          0.39823164, -0.02777395],
        [-0.87761078, -0.74967736,  0.        , ..., -0.67486149,
         -0.42411662, -0.76776905],
        ...,
        [-0.32411701, -0.10659453,  0.67486149, ...,  0.        ,
          0.2981852 , -0.13416912],
        [-0.59146055, -0.39823164,  0.42411662, ..., -0.2981852 ,
          0.        , -0.42355464],
        [-0.19426022,  0.02777395,  0.76776905, ...,  0.13416912,
          0.42355464,  0.        ]],

       [[ 0.        , -0.23744182, -0.29216633, ...,  0.58995115,
          0.62861497,  0.86203467],
        [ 0.23744182,  0.        , -0.05672924, ...,  0.76479936,
          0.79530015,  0.95772922],
        [ 0.29216633,  0.05672924,  0.        , ...,  0.8001166 ,
          0.82840957,  0.97250627],
        ...,
        [-0.58995115, -0.76479936, -0.8001166 , ...,  0.        ,
          0.04875336,  0.39702402],
        [-0.62861497, -0.79530015, -0.82840957, ..., -0.04875336,
          0.        ,  0.35180567],
        [-0.86203467, -0.95772922, -0.97250627, ..., -0.39702402,
         -0.35180567,  0.        ]],

       ...,

       [[ 0.        , -0.32228211, -0.11857807, ...,  0.86976395,
          0.52432757,  0.80394097],
        [ 0.32228211,  0.        ,  0.20775714, ...,  0.98239245,
          0.77077996,  0.95270974],
        [ 0.11857807, -0.20775714,  0.        , ...,  0.92214202,
          0.62159951,  0.86878841],
        ...,
        [-0.86976395, -0.98239245, -0.92214202, ...,  0.        ,
         -0.4818796 , -0.12053738],
        [-0.52432757, -0.77077996, -0.62159951, ...,  0.4818796 ,
          0.        ,  0.37274674],
        [-0.80394097, -0.95270974, -0.86878841, ...,  0.12053738,
         -0.37274674,  0.        ]],

       [[ 0.        ,  0.05109706,  0.27604415, ..., -0.42514227,
         -0.48467758, -0.58293167],
        [-0.05109706,  0.        ,  0.22657187, ..., -0.4708362 ,
         -0.52873868, -0.62368763],
        [-0.27604415, -0.22657187,  0.        , ..., -0.65847823,
         -0.70729927, -0.78457356],
        ...,
        [ 0.42514227,  0.4708362 ,  0.65847823, ...,  0.        ,
         -0.06682563, -0.18218984],
        [ 0.48467758,  0.52873868,  0.70729927, ...,  0.06682563,
          0.        , -0.11607539],
        [ 0.58293167,  0.62368763,  0.78457356, ...,  0.18218984,
          0.11607539,  0.        ]],

       [[ 0.        , -0.52006732, -0.64914525, ..., -0.99783074,
         -0.98464354, -0.89141848],
        [ 0.52006732,  0.        , -0.15885463, ..., -0.88650935,
         -0.7502172 , -0.52569838],
        [ 0.64914525,  0.15885463,  0.        , ..., -0.8017487 ,
         -0.6356576 , -0.38389002],
        ...,
        [ 0.99783074,  0.88650935,  0.8017487 , ...,  0.        ,
          0.2390189 ,  0.51088157],
        [ 0.98464354,  0.7502172 ,  0.6356576 , ..., -0.2390189 ,
          0.        ,  0.29060076],
        [ 0.89141848,  0.52569838,  0.38389002, ..., -0.51088157,
         -0.29060076,  0.        ]]]), 'num': array([2.11086170e+07, 2.08612670e+07, 1.70000000e+01, 1.45500000e+04,
       1.47000000e+04, 1.42000000e+04, 2.64792000e+05, 4.00000000e+02,
       1.41500000e+04, 1.37025000e+04, 1.31941667e+04, 6.10169492e+01,
       1.47017372e+04, 1.27032628e+04])}
{'img': array([[[ 0.        ,  0.10162177,  0.8449727 , ...,  0.72222977,
          0.78421819,  0.99640261],
        [-0.10162177,  0.        ,  0.78625009, ...,  0.64820384,
          0.71710358,  0.99985635],
        [-0.8449727 , -0.78625009,  0.        , ..., -0.19817278,
         -0.10488573,  0.60449337],
        ...,
        [-0.72222977, -0.64820384,  0.19817278, ...,  0.        ,
          0.09427417,  0.75037097],
        [-0.78421819, -0.71710358,  0.10488573, ..., -0.09427417,
          0.        ,  0.6847122 ],
        [-0.99640261, -0.99985635, -0.60449337, ..., -0.75037097,
         -0.6847122 ,  0.        ]],

       [[ 0.        ,  0.74967736,  0.97640729, ...,  0.39823164,
         -0.02777395,  0.33843263],
        [-0.74967736,  0.        ,  0.48430665, ..., -0.42411662,
         -0.76776905, -0.48146347],
        [-0.97640729, -0.48430665,  0.        , ..., -0.80965069,
         -0.98202805, -0.84570997],
        ...,
        [-0.39823164,  0.42411662,  0.80965069, ...,  0.        ,
         -0.42355464, -0.0642931 ],
        [ 0.02777395,  0.76776905,  0.98202805, ...,  0.42355464,
          0.        ,  0.3644371 ],
        [-0.33843263,  0.48146347,  0.84570997, ...,  0.0642931 ,
         -0.3644371 ,  0.        ]],

       [[ 0.        , -0.05266265,  0.13442543, ...,  0.6871598 ,
          0.7679318 ,  0.97650004],
        [ 0.05266265,  0.        ,  0.18642357, ...,  0.72446602,
          0.80059828,  0.98649471],
        [-0.13442543, -0.18642357,  0.        , ...,  0.58326202,
          0.67485809,  0.93866604],
        ...,
        [-0.6871598 , -0.72446602, -0.58326202, ...,  0.        ,
          0.11775971,  0.56133864],
        [-0.7679318 , -0.80059828, -0.67485809, ..., -0.11775971,
          0.        ,  0.45997661],
        [-0.97650004, -0.98649471, -0.93866604, ..., -0.56133864,
         -0.45997661,  0.        ]],

       ...,

       [[ 0.        ,  0.20775714,  0.74039407, ...,  0.77077996,
          0.95270974,  0.93492116],
        [-0.20775714,  0.        ,  0.58459025, ...,  0.62159951,
          0.86878841,  0.84079782],
        [-0.74039407, -0.58459025,  0.        , ...,  0.04639139,
          0.41539352,  0.36569589],
        ...,
        [-0.77077996, -0.62159951, -0.04639139, ...,  0.        ,
          0.37274674,  0.3221241 ],
        [-0.95270974, -0.86878841, -0.41539352, ..., -0.37274674,
          0.        , -0.05396877],
        [-0.93492116, -0.84079782, -0.36569589, ..., -0.3221241 ,
          0.05396877,  0.        ]],

       [[ 0.        ,  0.22657187, -0.15970958, ..., -0.52873868,
         -0.62368763, -0.64741908],
        [-0.22657187,  0.        , -0.37921984, ..., -0.70729927,
         -0.78457356, -0.80326076],
        [ 0.15970958,  0.37921984,  0.        , ..., -0.38639277,
         -0.49084123, -0.51738871],
        ...,
        [ 0.52873868,  0.70729927,  0.38639277, ...,  0.        ,
         -0.11607539, -0.14654956],
        [ 0.62368763,  0.78457356,  0.49084123, ...,  0.11607539,
          0.        , -0.03073679],
        [ 0.64741908,  0.80326076,  0.51738871, ...,  0.14654956,
          0.03073679,  0.        ]],

       [[ 0.        , -0.38410719, -0.33482182, ..., -0.9454278 ,
         -0.78721075, -0.51102738],
        [ 0.38410719,  0.        ,  0.05279994, ..., -0.74774835,
         -0.48994985, -0.14166083],
        [ 0.33482182, -0.05279994,  0.        , ..., -0.78176354,
         -0.53529481, -0.1937307 ],
        ...,
        [ 0.9454278 ,  0.74774835,  0.78176354, ...,  0.        ,
          0.32653208,  0.64614722],
        [ 0.78721075,  0.48994985,  0.53529481, ..., -0.32653208,
          0.        ,  0.36151592],
        [ 0.51102738,  0.14166083,  0.1937307 , ..., -0.64614722,
         -0.36151592,  0.        ]]]), 'num': array([ 2.10398990e+07,  1.86202490e+07,  1.71000000e+02,  1.41500000e+04,
        1.45000000e+04,  1.41000000e+04,  1.25079000e+05, -4.00000000e+02,
        1.42200000e+04,  1.37800000e+04,  1.32141667e+04,  5.23076923e+01,
        1.46582938e+04,  1.29017062e+04])}
{'img': array([[[ 0.        ,  0.78625009,  0.92593499, ...,  0.71710358,
          0.99985635,  0.71710358],
        [-0.78625009,  0.        ,  0.27518978, ..., -0.10488573,
          0.60449337, -0.10488573],
        [-0.92593499, -0.27518978,  0.        , ..., -0.374508  ,
          0.36193486, -0.374508  ],
        ...,
        [-0.71710358,  0.10488573,  0.374508  , ...,  0.        ,
          0.6847122 ,  0.        ],
        [-0.99985635, -0.60449337, -0.36193486, ..., -0.6847122 ,
          0.        , -0.6847122 ],
        [-0.71710358,  0.10488573,  0.374508  , ...,  0.        ,
          0.6847122 ,  0.        ]],

       [[ 0.        ,  0.48430665,  0.13183266, ..., -0.76776905,
         -0.48146347, -0.93017939],
        [-0.48430665,  0.        , -0.36473944, ..., -0.98202805,
         -0.84570997, -0.99160392],
        [-0.13183266,  0.36473944,  0.        , ..., -0.84553666,
         -0.59280811, -0.97045724],
        ...,
        [ 0.76776905,  0.98202805,  0.84553666, ...,  0.        ,
          0.3644371 , -0.31413866],
        [ 0.48146347,  0.84570997,  0.59280811, ..., -0.3644371 ,
          0.        , -0.63852296],
        [ 0.93017939,  0.99160392,  0.97045724, ...,  0.31413866,
          0.63852296,  0.        ]],

       [[ 0.        ,  0.17935048,  0.40804171, ...,  0.75376769,
          0.88972877,  0.99155235],
        [-0.17935048,  0.        ,  0.23768502, ...,  0.62368698,
          0.79343041,  0.95221154],
        [-0.40804171, -0.23768502,  0.        , ...,  0.42002129,
          0.62602291,  0.85232498],
        ...,
        [-0.75376769, -0.62368698, -0.42002129, ...,  0.        ,
          0.24059015,  0.55382066],
        [-0.88972877, -0.79343041, -0.62602291, ..., -0.24059015,
          0.        ,  0.33722915],
        [-0.99155235, -0.95221154, -0.85232498, ..., -0.55382066,
         -0.33722915,  0.        ]],

       ...,

       [[ 0.        ,  0.58459025,  0.65164799, ...,  0.86878841,
          0.84079782,  0.60148237],
        [-0.58459025,  0.        ,  0.08527642, ...,  0.41539352,
          0.36569589,  0.02097889],
        [-0.65164799, -0.08527642,  0.        , ...,  0.33630938,
          0.28499408, -0.06435518],
        ...,
        [-0.86878841, -0.41539352, -0.33630938, ...,  0.        ,
         -0.05396877, -0.39621883],
        [-0.84079782, -0.36569589, -0.28499408, ...,  0.05396877,
          0.        , -0.34608963],
        [-0.60148237, -0.02097889,  0.06435518, ...,  0.39621883,
          0.34608963,  0.        ]],

       [[ 0.        , -0.37921984, -0.52135516, ..., -0.78457356,
         -0.80326076, -0.83668708],
        [ 0.37921984,  0.        , -0.15880999, ..., -0.49084123,
         -0.51738871, -0.56650048],
        [ 0.52135516,  0.15880999,  0.        , ..., -0.34624899,
         -0.37492089, -0.42844194],
        ...,
        [ 0.78457356,  0.49084123,  0.34624899, ...,  0.        ,
         -0.03073679, -0.08907969],
        [ 0.80326076,  0.51738871,  0.37492089, ...,  0.03073679,
          0.        , -0.058423  ],
        [ 0.83668708,  0.56650048,  0.42844194, ...,  0.08907969,
          0.058423  ,  0.        ]],

       [[ 0.        ,  0.04809391,  0.12068579, ..., -0.47166542,
         -0.13276425,  0.47549114],
        [-0.04809391,  0.        ,  0.07280376, ..., -0.51352775,
         -0.18027878,  0.43263171],
        [-0.12068579, -0.07280376,  0.        , ..., -0.57463593,
         -0.25141128,  0.36584589],
        ...,
        [ 0.47166542,  0.51352775,  0.57463593, ...,  0.        ,
          0.35042154,  0.83421118],
        [ 0.13276425,  0.18027878,  0.25141128, ..., -0.35042154,
          0.        ,  0.58807735],
        [-0.47549114, -0.43263171, -0.36584589, ..., -0.83421118,
         -0.58807735,  0.        ]]]), 'num': array([ 2.10315370e+07,  1.87191370e+07,  1.64000000e+02,  1.41000000e+04,
        1.44000000e+04,  1.38000000e+04,  1.26756000e+05, -5.00000000e+01,
        1.42000000e+04,  1.38550000e+04,  1.32308333e+04,  5.31250000e+01,
        1.45556426e+04,  1.31543574e+04])}
{'img': array([[[ 0.        ,  0.27518978, -0.52928293, ...,  0.60449337,
         -0.10488573, -0.15276405],
        [-0.27518978,  0.        , -0.74233078, ...,  0.36193486,
         -0.374508  , -0.41882561],
        [ 0.52928293,  0.74233078,  0.        , ...,  0.93451178,
          0.43737373,  0.39345862],
        ...,
        [-0.60449337, -0.36193486, -0.93451178, ...,  0.        ,
         -0.6847122 , -0.71909164],
        [ 0.10488573,  0.374508  , -0.43737373, ...,  0.6847122 ,
          0.        , -0.04826679],
        [ 0.15276405,  0.41882561, -0.39345862, ...,  0.71909164,
          0.04826679,  0.        ]],

       [[ 0.        , -0.36473944,  0.16402374, ..., -0.84570997,
         -0.99160392, -0.99332667],
        [ 0.36473944,  0.        ,  0.51252364, ..., -0.59280811,
         -0.97045724, -0.96696319],
        [-0.16402374, -0.51252364,  0.        , ..., -0.92178609,
         -0.95696375, -0.9609558 ],
        ...,
        [ 0.84570997,  0.59280811,  0.92178609, ...,  0.        ,
         -0.63852296, -0.62762144],
        [ 0.99160392,  0.97045724,  0.95696375, ...,  0.63852296,
          0.        ,  0.01408285],
        [ 0.99332667,  0.96696319,  0.9609558 , ...,  0.62762144,
         -0.01408285,  0.        ]],

       [[ 0.        ,  0.23768502,  0.2568284 , ...,  0.79343041,
          0.95221154,  0.88062737],
        [-0.23768502,  0.        ,  0.01975593, ...,  0.62602291,
          0.85232498,  0.74277319],
        [-0.2568284 , -0.01975593,  0.        , ...,  0.61049497,
          0.84182603,  0.72940077],
        ...,
        [-0.79343041, -0.62602291, -0.61049497, ...,  0.        ,
          0.33722915,  0.16006866],
        [-0.95221154, -0.85232498, -0.84182603, ..., -0.33722915,
          0.        , -0.18218863],
        [-0.88062737, -0.74277319, -0.72940077, ..., -0.16006866,
          0.18218863,  0.        ]],

       ...,

       [[ 0.        ,  0.08527642, -0.16578474, ...,  0.36569589,
          0.02097889,  0.05375573],
        [-0.08527642,  0.        , -0.2492772 , ...,  0.28499408,
         -0.06435518, -0.0315932 ],
        [ 0.16578474,  0.2492772 ,  0.        , ...,  0.51493694,
          0.18643684,  0.21855689],
        ...,
        [-0.36569589, -0.28499408, -0.51493694, ...,  0.        ,
         -0.34608963, -0.31513483],
        [-0.02097889,  0.06435518, -0.18643684, ...,  0.34608963,
          0.        ,  0.03279534],
        [-0.05375573,  0.0315932 , -0.21855689, ...,  0.31513483,
         -0.03279534,  0.        ]],

       [[ 0.        , -0.37937941, -0.64766287, ..., -0.75342764,
         -0.79414798, -0.87170091],
        [ 0.37937941,  0.        , -0.31018494, ..., -0.44764863,
         -0.50422029, -0.62062316],
        [ 0.64766287,  0.31018494,  0.        , ..., -0.14819859,
         -0.21148226, -0.3467929 ],
        ...,
        [ 0.75342764,  0.44764863,  0.14819859, ...,  0.        ,
         -0.06430039, -0.20396184],
        [ 0.79414798,  0.50422029,  0.21148226, ...,  0.06430039,
          0.        , -0.14059104],
        [ 0.87170091,  0.62062316,  0.3467929 , ...,  0.20396184,
          0.14059104,  0.        ]],

       [[ 0.        ,  0.03675182,  0.06496958, ..., -0.10926575,
          0.13033135,  0.71877736],
        [-0.03675182,  0.        ,  0.02825151, ..., -0.1457237 ,
          0.09380495,  0.69274043],
        [-0.06496958, -0.02825151,  0.        , ..., -0.17361548,
          0.06564057,  0.67208929],
        ...,
        [ 0.10926575,  0.1457237 ,  0.17361548, ...,  0.        ,
          0.23788477,  0.79043969],
        [-0.13033135, -0.09380495, -0.06564057, ..., -0.23788477,
          0.        ,  0.62203494],
        [-0.71877736, -0.69274043, -0.67208929, ..., -0.79043969,
         -0.62203494,  0.        ]]]), 'num': array([2.11021550e+07, 1.60256550e+07, 3.55000000e+02, 1.43000000e+04,
       1.45000000e+04, 1.41000000e+04, 3.55910000e+05, 2.00000000e+02,
       1.42500000e+04, 1.39225000e+04, 1.32316667e+04, 5.84615385e+01,
       1.45128177e+04, 1.33321823e+04])}
{'img': array([[[ 0.        , -0.74233078, -0.63392147, ..., -0.374508  ,
         -0.41882561, -0.21865291],
        [ 0.74233078,  0.        ,  0.14936803, ...,  0.43737373,
          0.39345862,  0.57786358],
        [ 0.63392147, -0.14936803,  0.        , ...,  0.29814347,
          0.25172432,  0.44947668],
        ...,
        [ 0.374508  , -0.43737373, -0.29814347, ...,  0.        ,
         -0.04826679,  0.16270577],
        [ 0.41882561, -0.39345862, -0.25172432, ...,  0.04826679,
          0.        ,  0.21013974],
        [ 0.21865291, -0.57786358, -0.44947668, ..., -0.16270577,
         -0.21013974,  0.        ]],

       [[ 0.        ,  0.51252364, -0.17907409, ..., -0.97045724,
         -0.96696319, -0.31274249],
        [-0.51252364,  0.        , -0.6580051 , ..., -0.95696375,
         -0.9609558 , -0.75535797],
        [ 0.17907409,  0.6580051 ,  0.        , ..., -0.9115646 ,
         -0.90568394, -0.13759583],
        ...,
        [ 0.97045724,  0.95696375,  0.9115646 , ...,  0.        ,
          0.01408285,  0.84632074],
        [ 0.96696319,  0.9609558 ,  0.90568394, ..., -0.01408285,
          0.        ,  0.83873525],
        [ 0.31274249,  0.75535797,  0.13759583, ..., -0.84632074,
         -0.83873525,  0.        ]],

       [[ 0.        ,  0.01924711,  0.19276874, ...,  0.73065164,
          0.68451661,  0.86362648],
        [-0.01924711,  0.        ,  0.17384692, ...,  0.71737532,
          0.67035872,  0.85376341],
        [-0.19276874, -0.17384692,  0.        , ...,  0.58533475,
          0.53115008,  0.75024755],
        ...,
        [-0.73065164, -0.71737532, -0.58533475, ...,  0.        ,
         -0.06528902,  0.22129633],
        [-0.68451661, -0.67035872, -0.53115008, ...,  0.06528902,
          0.        ,  0.28449445],
        [-0.86362648, -0.85376341, -0.75024755, ..., -0.22129633,
         -0.28449445,  0.        ]],

       ...,

       [[ 0.        , -0.2492772 , -0.35061976, ..., -0.06435518,
         -0.0315932 ,  0.18243511],
        [ 0.2492772 ,  0.        , -0.10609889, ...,  0.18643684,
          0.21855689,  0.42176984],
        [ 0.35061976,  0.10609889,  0.        , ...,  0.28962316,
          0.32085713,  0.51558937],
        ...,
        [ 0.06435518, -0.18643684, -0.28962316, ...,  0.        ,
          0.03279534,  0.2453321 ],
        [ 0.0315932 , -0.21855689, -0.32085713, ..., -0.03279534,
          0.        ,  0.21340704],
        [-0.18243511, -0.42176984, -0.51558937, ..., -0.2453321 ,
         -0.21340704,  0.        ]],

       [[ 0.        , -0.55725083, -0.6486743 , ..., -0.74222227,
         -0.83654529, -0.86781121],
        [ 0.55725083,  0.        , -0.11451821, ..., -0.24285621,
         -0.38930405, -0.4436874 ],
        [ 0.6486743 ,  0.11451821,  0.        , ..., -0.13016869,
         -0.28125908, -0.33813932],
        ...,
        [ 0.74222227,  0.24285621,  0.13016869, ...,  0.        ,
         -0.15395207, -0.21276114],
        [ 0.83654529,  0.38930405,  0.28125908, ...,  0.15395207,
          0.        , -0.05979746],
        [ 0.86781121,  0.4436874 ,  0.33813932, ...,  0.21276114,
          0.05979746,  0.        ]],

       [[ 0.        ,  0.02256462,  0.02578084, ...,  0.07374649,
          0.37946509,  0.80069922],
        [-0.02256462,  0.        ,  0.00321716, ...,  0.05122454,
          0.35849155,  0.78697764],
        [-0.02578084, -0.00321716,  0.        , ...,  0.04801134,
          0.35548637,  0.78498864],
        ...,
        [-0.07374649, -0.05122454, -0.04801134, ...,  0.        ,
          0.31020111,  0.75433987],
        [-0.37946509, -0.35849155, -0.35548637, ..., -0.31020111,
          0.        ,  0.51348692],
        [-0.80069922, -0.78697764, -0.78498864, ..., -0.75433987,
         -0.51348692,  0.        ]]]), 'num': array([2.12095620e+07, 1.07911120e+07, 7.21000000e+02, 1.44500000e+04,
       1.47500000e+04, 1.42000000e+04, 2.11590000e+05, 1.50000000e+02,
       1.43100000e+04, 1.39525000e+04, 1.32316667e+04, 7.06896552e+01,
       1.45845403e+04, 1.33204597e+04])}
{'img': array([[[ 0.        ,  0.14936803,  0.18817306, ...,  0.39345862,
          0.57786358,  0.74233078],
        [-0.14936803,  0.        ,  0.03936237, ...,  0.25172432,
          0.44947668,  0.63392147],
        [-0.18817306, -0.03936237,  0.        , ...,  0.21343437,
          0.41396625,  0.60298743],
        ...,
        [-0.39345862, -0.25172432, -0.21343437, ...,  0.        ,
          0.21013974,  0.41882561],
        [-0.57786358, -0.44947668, -0.41396625, ..., -0.21013974,
          0.        ,  0.21865291],
        [-0.74233078, -0.63392147, -0.60298743, ..., -0.41882561,
         -0.21865291,  0.        ]],

       [[ 0.        , -0.6580051 , -0.95254889, ..., -0.9609558 ,
         -0.75535797, -0.98237035],
        [ 0.6580051 ,  0.        , -0.51699484, ..., -0.90568394,
         -0.13759583, -0.61672725],
        [ 0.95254889,  0.51699484,  0.        , ..., -0.55607325,
          0.39429697, -0.12094504],
        ...,
        [ 0.9609558 ,  0.90568394,  0.55607325, ...,  0.        ,
          0.83873525,  0.45146978],
        [ 0.75535797,  0.13759583, -0.39429697, ..., -0.83873525,
          0.        , -0.50254897],
        [ 0.98237035,  0.61672725,  0.12094504, ..., -0.45146978,
          0.50254897,  0.        ]],

       [[ 0.        ,  0.16415777,  0.32487535, ...,  0.59826517,
          0.68410067,  0.87513935],
        [-0.16415777,  0.        ,  0.16521479, ...,  0.45860984,
          0.55508559,  0.78383612],
        [-0.32487535, -0.16521479,  0.        , ...,  0.30549135,
          0.41003284,  0.67047128],
        ...,
        [-0.59826517, -0.45860984, -0.30549135, ...,  0.        ,
          0.11180144,  0.41176443],
        [-0.68410067, -0.55508559, -0.41003284, ..., -0.11180144,
          0.        ,  0.30729934],
        [-0.87513935, -0.78383612, -0.67047128, ..., -0.41176443,
         -0.30729934,  0.        ]],

       ...,

       [[ 0.        , -0.10609889, -0.00796098, ...,  0.21855689,
          0.42176984,  0.83667212],
        [ 0.10609889,  0.        ,  0.09817948, ...,  0.32085713,
          0.51558937,  0.89006039],
        [ 0.00796098, -0.09817948,  0.        , ...,  0.22631849,
          0.42897472,  0.84100587],
        ...,
        [-0.21855689, -0.32085713, -0.22631849, ...,  0.        ,
          0.21340704,  0.69674041],
        [-0.42176984, -0.51558937, -0.42897472, ..., -0.21340704,
          0.        ,  0.52760801],
        [-0.83667212, -0.89006039, -0.84100587, ..., -0.69674041,
         -0.52760801,  0.        ]],

       [[ 0.        , -0.16922342, -0.33464549, ..., -0.49634902,
         -0.55426869, -0.45395922],
        [ 0.16922342,  0.        , -0.17035244, ..., -0.34228378,
         -0.40542382, -0.29663023],
        [ 0.33464549,  0.17035244,  0.        , ..., -0.17721811,
         -0.24377374, -0.12960915],
        ...,
        [ 0.49634902,  0.34228378,  0.17721811, ...,  0.        ,
         -0.06804337,  0.04816565],
        [ 0.55426869,  0.40542382,  0.24377374, ...,  0.06804337,
          0.        ,  0.11601842],
        [ 0.45395922,  0.29663023,  0.12960915, ..., -0.04816565,
         -0.11601842,  0.        ]],

       [[ 0.        ,  0.00321716,  0.02216944, ...,  0.35849155,
          0.78697764,  0.69542191],
        [-0.00321716,  0.        ,  0.01895296, ...,  0.35548637,
          0.78498864,  0.69310646],
        [-0.02216944, -0.01895296,  0.        , ...,  0.33770754,
          0.77310609,  0.67932   ],
        ...,
        [-0.35849155, -0.35548637, -0.33770754, ...,  0.        ,
          0.51348692,  0.39158665],
        [-0.78697764, -0.78498864, -0.77310609, ..., -0.51348692,
          0.        , -0.13646099],
        [-0.69542191, -0.69310646, -0.67932   , ..., -0.39158665,
          0.13646099,  0.        ]]]), 'num': array([ 2.08588930e+07,  9.95289300e+06,  7.79000000e+02,  1.40000000e+04,
        1.43000000e+04,  1.38500000e+04,  1.40744000e+05, -4.50000000e+02,
        1.42000000e+04,  1.39825000e+04,  1.32383333e+04,  5.80645161e+01,
        1.45615294e+04,  1.34034706e+04])}
{'img': array([[[ 0.        ,  0.03936237,  0.07964277, ...,  0.44947668,
          0.63392147,  0.16327374],
        [-0.03936237,  0.        ,  0.04034371, ...,  0.41396625,
          0.60298743,  0.12431305],
        [-0.07964277, -0.04034371,  0.        , ...,  0.37690466,
          0.57031229,  0.08418107],
        ...,
        [-0.44947668, -0.41396625, -0.37690466, ...,  0.        ,
          0.21865291, -0.29759393],
        [-0.63392147, -0.60298743, -0.57031229, ..., -0.21865291,
          0.        , -0.49913926],
        [-0.16327374, -0.12431305, -0.08418107, ...,  0.29759393,
          0.49913926,  0.        ]],

       [[ 0.        , -0.51699484, -0.78695204, ..., -0.13759583,
         -0.61672725, -0.85709924],
        [ 0.51699484,  0.        , -0.35462877, ...,  0.39429697,
         -0.12094504, -0.46733652],
        [ 0.78695204,  0.35462877,  0.        , ...,  0.69456834,
          0.23894103, -0.12344297],
        ...,
        [ 0.13759583, -0.39429697, -0.69456834, ...,  0.        ,
         -0.50254897, -0.77806423],
        [ 0.61672725,  0.12094504, -0.23894103, ...,  0.50254897,
          0.        , -0.35698086],
        [ 0.85709924,  0.46733652,  0.12344297, ...,  0.77806423,
          0.35698086,  0.        ]],

       [[ 0.        ,  0.16521479,  0.08518797, ...,  0.55508559,
          0.78383612,  0.45860984],
        [-0.16521479,  0.        , -0.08059693, ...,  0.41003284,
          0.67047128,  0.30549135],
        [-0.08518797,  0.08059693,  0.        , ...,  0.48220902,
          0.72808781,  0.3812415 ],
        ...,
        [-0.55508559, -0.41003284, -0.48220902, ...,  0.        ,
          0.30729934, -0.11180144],
        [-0.78383612, -0.67047128, -0.72808781, ..., -0.30729934,
          0.        , -0.41176443],
        [-0.45860984, -0.30549135, -0.3812415 , ...,  0.11180144,
          0.41176443,  0.        ]],

       ...,

       [[ 0.        ,  0.09817948,  0.38062597, ...,  0.51558937,
          0.89006039,  0.50166047],
        [-0.09817948,  0.        ,  0.28799764, ...,  0.42897472,
          0.84100587,  0.41430521],
        [-0.38062597, -0.28799764,  0.        , ...,  0.15064652,
          0.64955919,  0.13463397],
        ...,
        [-0.51558937, -0.42897472, -0.15064652, ...,  0.        ,
          0.52760801, -0.01617746],
        [-0.89006039, -0.84100587, -0.64955919, ..., -0.52760801,
          0.        , -0.54128152],
        [-0.50166047, -0.41430521, -0.13463397, ...,  0.01617746,
          0.54128152,  0.        ]],

       [[ 0.        , -0.17035244, -0.24851603, ..., -0.40542382,
         -0.29663023, -0.33319596],
        [ 0.17035244,  0.        , -0.07987541, ..., -0.24377374,
         -0.12960915, -0.1677076 ],
        [ 0.24851603,  0.07987541,  0.        , ..., -0.16552911,
         -0.04999336, -0.08842764],
        ...,
        [ 0.40542382,  0.24377374,  0.16552911, ...,  0.        ,
          0.11601842,  0.07767289],
        [ 0.29663023,  0.12960915,  0.04999336, ..., -0.11601842,
          0.        , -0.03851955],
        [ 0.33319596,  0.1677076 ,  0.08842764, ..., -0.07767289,
          0.03851955,  0.        ]],

       [[ 0.        ,  0.01765472,  0.02526037, ...,  0.58458991,
          0.56271415,  0.81835063],
        [-0.01765472,  0.        ,  0.00760735, ...,  0.57017501,
          0.54803215,  0.80807657],
        [-0.02526037, -0.00760735,  0.        , ...,  0.5639089 ,
          0.54165307,  0.80357187],
        ...,
        [-0.58458991, -0.57017501, -0.5639089 , ...,  0.        ,
         -0.02670587,  0.32797645],
        [-0.56271415, -0.54803215, -0.54165307, ...,  0.02670587,
          0.        ,  0.35308814],
        [-0.81835063, -0.80807657, -0.80357187, ..., -0.32797645,
         -0.35308814,  0.        ]]]), 'num': array([2.09308900e+07, 1.06237900e+07, 7.31000000e+02, 1.41000000e+04,
       1.41500000e+04, 1.37500000e+04, 8.53190000e+04, 1.00000000e+02,
       1.41900000e+04, 1.39925000e+04, 1.32433333e+04, 5.27272727e+01,
       1.45723922e+04, 1.34126078e+04])}
{'img': array([[[ 0.        ,  0.04034371, -0.22343388, ...,  0.60298743,
          0.12431305,  0.21343437],
        [-0.04034371,  0.        , -0.26257576, ...,  0.57031229,
          0.08418107,  0.17384652],
        [ 0.22343388,  0.26257576,  0.        , ...,  0.76598789,
          0.34287102,  0.42632394],
        ...,
        [-0.60298743, -0.57031229, -0.76598789, ...,  0.        ,
         -0.49913926, -0.41882561],
        [-0.12431305, -0.08418107, -0.34287102, ...,  0.49913926,
          0.        ,  0.09033022],
        [-0.21343437, -0.17384652, -0.42632394, ...,  0.41882561,
         -0.09033022,  0.        ]],

       [[ 0.        , -0.32786353, -0.31492112, ..., -0.11369213,
         -0.42682446, -0.86482526],
        [ 0.32786353,  0.        ,  0.01366724, ...,  0.21832986,
         -0.10673348, -0.6524107 ],
        [ 0.31492112, -0.01366724,  0.        , ...,  0.20497196,
         -0.12031268, -0.6627077 ],
        ...,
        [ 0.11369213, -0.21832986, -0.20497196, ...,  0.        ,
         -0.32124123, -0.80213601],
        [ 0.42682446,  0.10673348,  0.12031268, ...,  0.32124123,
          0.        , -0.56779428],
        [ 0.86482526,  0.6524107 ,  0.6627077 , ...,  0.80213601,
          0.56779428,  0.        ]],

       [[ 0.        , -0.08059693, -0.26203675, ...,  0.67047128,
          0.30549135,  0.28717375],
        [ 0.08059693,  0.        , -0.18340358, ...,  0.72808781,
          0.3812415 ,  0.36344158],
        [ 0.26203675,  0.18340358,  0.        , ...,  0.84145797,
          0.54432688,  0.52813867],
        ...,
        [-0.67047128, -0.72808781, -0.84145797, ...,  0.        ,
         -0.41176443, -0.42916564],
        [-0.30549135, -0.3812415 , -0.54432688, ...,  0.41176443,
          0.        , -0.01917823],
        [-0.28717375, -0.36344158, -0.52813867, ...,  0.42916564,
          0.01917823,  0.        ]],

       ...,

       [[ 0.        ,  0.28799764,  0.02532758, ...,  0.84100587,
          0.41430521,  0.21074812],
        [-0.28799764,  0.        , -0.26365077, ...,  0.64955919,
          0.13463397, -0.07971037],
        [-0.02532758,  0.26365077,  0.        , ...,  0.82703321,
          0.39112071,  0.18592178],
        ...,
        [-0.84100587, -0.64955919, -0.82703321, ...,  0.        ,
         -0.54128152, -0.708097  ],
        [-0.41430521, -0.13463397, -0.39112071, ...,  0.54128152,
          0.        , -0.21319021],
        [-0.21074812,  0.07971037, -0.18592178, ...,  0.708097  ,
          0.21319021,  0.        ]],

       [[ 0.        , -0.07987541, -0.13610491, ..., -0.12960915,
         -0.1677076 , -0.14990988],
        [ 0.07987541,  0.        , -0.05653791, ..., -0.04999336,
         -0.08842764, -0.07045811],
        [ 0.13610491,  0.05653791,  0.        , ...,  0.00655382,
         -0.03196976, -0.01394801],
