state_0,state_1,state_2,state_3,state_4,state_5,state_6,state_7,state_8,state_9,state_10,state_11,state_12,state_13,state_14,state_15,state_16,state_17,state_18,state_19,state_20,state_21,state_22,state_23,state_24,state_25,state_26,state_27,state_28,state_29,state_30,state_31,state_32,state_33,state_34,state_35,state_36,state_37,state_38,state_39,state_40,state_41,state_42,state_43,state_44,state_45,state_46,state_47,state_48,state_49,state_50,state_51,state_52,state_53,state_54,state_55,state_56,state_57,state_58,state_59,state_60,state_61,state_62,state_63,state_64,state_65,state_66,state_67,state_68,state_69,state_70,state_71,state_72,state_73,state_74,state_75,state_76,state_77
{'img': array([[[ 0.        ,  0.05208162,  0.02624854, ...,  0.39838717,
          0.49916546,  0.41908498],
        [-0.05208162,  0.        , -0.02585076, ...,  0.35007632,
          0.45335893,  0.37122885],
        [-0.02624854,  0.02585076,  0.        , ...,  0.37417429,
          0.47624894,  0.3951083 ],
        ...,
        [-0.39838717, -0.35007632, -0.37417429, ...,  0.        ,
          0.11263807,  0.02267757],
        [-0.49916546, -0.45335893, -0.47624894, ..., -0.11263807,
          0.        , -0.09007585],
        [-0.41908498, -0.37122885, -0.3951083 , ..., -0.02267757,
          0.09007585,  0.        ]],

       [[ 0.        , -0.21199776,  0.10551442, ...,  0.12137216,
         -0.09298317, -0.54042373],
        [ 0.21199776,  0.        ,  0.31393043, ...,  0.32904386,
          0.12020964, -0.34976655],
        [-0.10551442, -0.31393043,  0.        , ...,  0.01596027,
         -0.19752142, -0.62618606],
        ...,
        [-0.12137216, -0.32904386, -0.01596027, ...,  0.        ,
         -0.21314209, -0.6385501 ],
        [ 0.09298317, -0.12020964,  0.19752142, ...,  0.21314209,
          0.        , -0.45984705],
        [ 0.54042373,  0.34976655,  0.62618606, ...,  0.6385501 ,
          0.45984705,  0.        ]],

       [[ 0.        , -0.04718858, -0.10872059, ...,  0.69823375,
          0.63272309,  0.45461668],
        [ 0.04718858,  0.        , -0.06169062, ...,  0.7312368 ,
          0.66856004,  0.4961405 ],
        [ 0.10872059,  0.06169062,  0.        , ...,  0.77192466,
          0.71316337,  0.54875791],
        ...,
        [-0.69823375, -0.7312368 , -0.77192466, ...,  0.        ,
         -0.08774957, -0.29646149],
        [-0.63272309, -0.66856004, -0.71316337, ...,  0.08774957,
          0.        , -0.21151314],
        [-0.45461668, -0.4961405 , -0.54875791, ...,  0.29646149,
          0.21151314,  0.        ]],

       ...,

       [[ 0.        ,  0.08359992,  0.23321254, ...,  0.55630992,
          0.36090611,  0.3790484 ],
        [-0.08359992,  0.        ,  0.15110144, ...,  0.48489307,
          0.28167725,  0.30036007],
        [-0.23321254, -0.15110144,  0.        , ...,  0.34717635,
          0.13345989,  0.15278695],
        ...,
        [-0.55630992, -0.48489307, -0.34717635, ...,  0.        ,
         -0.21891192, -0.19981662],
        [-0.36090611, -0.28167725, -0.13345989, ...,  0.21891192,
          0.        ,  0.0195272 ],
        [-0.3790484 , -0.30036007, -0.15278695, ...,  0.19981662,
         -0.0195272 ,  0.        ]],

       [[ 0.        ,  0.02232854, -0.31806588, ..., -0.33024148,
         -0.39413818, -0.40237439],
        [-0.02232854,  0.        , -0.33915557, ..., -0.35123497,
         -0.41456098, -0.42271529],
        [ 0.31806588,  0.33915557,  0.        , ..., -0.01287032,
         -0.08135121, -0.0902971 ],
        ...,
        [ 0.33024148,  0.35123497,  0.01287032, ...,  0.        ,
         -0.06851681, -0.07747188],
        [ 0.39413818,  0.41456098,  0.08135121, ...,  0.06851681,
          0.        , -0.00897893],
        [ 0.40237439,  0.42271529,  0.0902971 , ...,  0.07747188,
          0.00897893,  0.        ]],

       [[ 0.        , -0.12473953, -0.09905309, ...,  0.5035679 ,
          0.79132794,  0.91156543],
        [ 0.12473953,  0.        ,  0.02584665, ...,  0.60740422,
          0.86141204,  0.95573295],
        [ 0.09905309, -0.02584665,  0.        , ...,  0.5866689 ,
          0.84799657,  0.94780866],
        ...,
        [-0.5035679 , -0.60740422, -0.5866689 , ...,  0.        ,
          0.3757949 ,  0.58050762],
        [-0.79132794, -0.86141204, -0.84799657, ..., -0.3757949 ,
          0.        ,  0.23196526],
        [-0.91156543, -0.95573295, -0.94780866, ..., -0.58050762,
         -0.23196526,  0.        ]]]), 'num': array([ 2.21967968e+08,  1.87968000e+05,  6.82400000e+03,  3.25000000e+04,
        3.28500000e+04,  3.23500000e+04,  1.14614000e+05, -5.00000000e+01,
        3.27600000e+04,  3.30175000e+04,  3.25091667e+04,  4.85981308e+01,
        3.39631611e+04,  3.20718389e+04])}
{'img': array([[[ 0.00000000e+00, -2.58507633e-02,  9.99046224e-02, ...,
          4.53358933e-01,  3.71228853e-01,  3.50076320e-01],
        [ 2.58507633e-02,  0.00000000e+00,  1.25592668e-01, ...,
          4.76248937e-01,  3.95108297e-01,  3.74174287e-01],
        [-9.99046224e-02, -1.25592668e-01,  0.00000000e+00, ...,
          3.62042995e-01,  2.76606023e-01,  2.54742119e-01],
        ...,
        [-4.53358933e-01, -4.76248937e-01, -3.62042995e-01, ...,
          0.00000000e+00, -9.00758536e-02, -1.12638074e-01],
        [-3.71228853e-01, -3.95108297e-01, -2.76606023e-01, ...,
          9.00758536e-02,  0.00000000e+00, -2.26775712e-02],
        [-3.50076320e-01, -3.74174287e-01, -2.54742119e-01, ...,
          1.12638074e-01,  2.26775712e-02,  0.00000000e+00]],

       [[ 0.00000000e+00,  2.97253870e-01,  6.88171133e-01, ...,
          1.11200097e-01, -2.24125527e-01, -3.84595506e-01],
        [-2.97253870e-01,  0.00000000e+00,  4.41392679e-01, ...,
         -1.89236630e-01, -5.03686529e-01, -6.41601854e-01],
        [-6.88171133e-01, -4.41392679e-01,  0.00000000e+00, ...,
         -6.03222068e-01, -8.33278174e-01, -9.14283248e-01],
        ...,
        [-1.11200097e-01,  1.89236630e-01,  6.03222068e-01, ...,
          0.00000000e+00, -3.31106707e-01, -4.84857423e-01],
        [ 2.24125527e-01,  5.03686529e-01,  8.33278174e-01, ...,
          3.31106707e-01,  0.00000000e+00, -1.67924547e-01],
        [ 3.84595506e-01,  6.41601854e-01,  9.14283248e-01, ...,
          4.84857423e-01,  1.67924547e-01,  0.00000000e+00]],

       [[ 0.00000000e+00, -6.16906168e-02, -2.17821908e-01, ...,
          6.68560036e-01,  4.96140497e-01,  3.83969809e-01],
        [ 6.16906168e-02,  0.00000000e+00, -1.57197693e-01, ...,
          7.13163374e-01,  5.48757908e-01,  4.40200232e-01],
        [ 2.17821908e-01,  1.57197693e-01,  0.00000000e+00, ...,
          8.14491971e-01,  6.73349620e-01,  5.75875042e-01],
        ...,
        [-6.68560036e-01, -7.13163374e-01, -8.14491971e-01, ...,
          0.00000000e+00, -2.11513135e-01, -3.31769712e-01],
        [-4.96140497e-01, -5.48757908e-01, -6.73349620e-01, ...,
          2.11513135e-01,  0.00000000e+00, -1.24730357e-01],
        [-3.83969809e-01, -4.40200232e-01, -5.75875042e-01, ...,
          3.31769712e-01,  1.24730357e-01,  0.00000000e+00]],

       ...,

       [[ 0.00000000e+00,  1.51101441e-01,  3.76821086e-01, ...,
          2.81677254e-01,  3.00360074e-01,  3.76598511e-01],
        [-1.51101441e-01,  0.00000000e+00,  2.32531365e-01, ...,
          1.33459885e-01,  1.52786952e-01,  2.32297669e-01],
        [-3.76821086e-01, -2.32531365e-01,  0.00000000e+00, ...,
         -1.00649588e-01, -8.12023565e-02, -2.40275671e-04],
        ...,
        [-2.81677254e-01, -1.33459885e-01,  1.00649588e-01, ...,
          0.00000000e+00,  1.95272003e-02,  1.00410529e-01],
        [-3.00360074e-01, -1.52786952e-01,  8.12023565e-02, ...,
         -1.95272003e-02,  0.00000000e+00,  8.09628719e-02],
        [-3.76598511e-01, -2.32297669e-01,  2.40275671e-04, ...,
         -1.00410529e-01, -8.09628719e-02,  0.00000000e+00]],

       [[ 0.00000000e+00, -3.39155567e-01, -3.32590295e-01, ...,
         -4.14560979e-01, -4.22715291e-01, -5.11062467e-01],
        [ 3.39155567e-01,  0.00000000e+00,  6.97015277e-03, ...,
         -8.13512052e-02, -9.02970991e-02, -1.89252960e-01],
        [ 3.32590295e-01, -6.97015277e-03,  0.00000000e+00, ...,
         -8.82962793e-02, -9.72365844e-02, -1.96092554e-01],
        ...,
        [ 4.14560979e-01,  8.13512052e-02,  8.82962793e-02, ...,
          0.00000000e+00, -8.97893392e-03, -1.08744625e-01],
        [ 4.22715291e-01,  9.02970991e-02,  9.72365844e-02, ...,
          8.97893392e-03,  0.00000000e+00, -9.98145550e-02],
        [ 5.11062467e-01,  1.89252960e-01,  1.96092554e-01, ...,
          1.08744625e-01,  9.98145550e-02,  0.00000000e+00]],

       [[ 0.00000000e+00,  2.31610551e-02, -1.38415401e-02, ...,
          6.91839253e-01,  7.23738507e-01,  9.81246788e-01],
        [-2.31610551e-02,  0.00000000e+00, -3.69966634e-02, ...,
          6.74930189e-01,  7.07561512e-01,  9.76519142e-01],
        [ 1.38415401e-02,  3.69966634e-02,  0.00000000e+00, ...,
          7.01767281e-01,  7.33220865e-01,  9.83820821e-01],
        ...,
        [-6.91839253e-01, -6.74930189e-01, -7.01767281e-01, ...,
          0.00000000e+00,  4.51560095e-02,  5.75154846e-01],
        [-7.23738507e-01, -7.07561512e-01, -7.33220865e-01, ...,
         -4.51560095e-02,  0.00000000e+00,  5.37628529e-01],
        [-9.81246788e-01, -9.76519142e-01, -9.83820821e-01, ...,
         -5.75154846e-01, -5.37628529e-01,  0.00000000e+00]]]), 'num': array([1.69993100e+06, 1.21243100e+06, 1.50000000e+01, 3.25000000e+04,
       3.27000000e+04, 3.21500000e+04, 2.32361000e+05, 0.00000000e+00,
       3.25600000e+04, 3.30175000e+04, 3.25216667e+04, 4.14893617e+01,
       3.39631611e+04, 3.20718389e+04])}
{'img': array([[[ 0.00000000e+00,  1.25592668e-01,  5.13209383e-02, ...,
          3.95108297e-01,  3.74174287e-01,  3.74174287e-01],
        [-1.25592668e-01,  0.00000000e+00, -7.45125900e-02, ...,
          2.76606023e-01,  2.54742119e-01,  2.54742119e-01],
        [-5.13209383e-02,  7.45125900e-02,  0.00000000e+00, ...,
          3.47442441e-01,  3.26088302e-01,  3.26088302e-01],
        ...,
        [-3.95108297e-01, -2.76606023e-01, -3.47442441e-01, ...,
          0.00000000e+00, -2.26775712e-02, -2.26775712e-02],
        [-3.74174287e-01, -2.54742119e-01, -3.26088302e-01, ...,
          2.26775712e-02,  0.00000000e+00,  0.00000000e+00],
        [-3.74174287e-01, -2.54742119e-01, -3.26088302e-01, ...,
          2.26775712e-02,  0.00000000e+00,  0.00000000e+00]],

       [[ 0.00000000e+00,  4.41392679e-01, -1.98881767e-01, ...,
         -5.03686529e-01, -6.41601854e-01,  2.02099542e-01],
        [-4.41392679e-01,  0.00000000e+00, -6.11034597e-01, ...,
         -8.33278174e-01, -9.14283248e-01, -2.50937777e-01],
        [ 1.98881767e-01,  6.11034597e-01,  0.00000000e+00, ...,
         -3.21813358e-01, -4.76235047e-01,  3.92840137e-01],
        ...,
        [ 5.03686529e-01,  8.33278174e-01,  3.21813358e-01, ...,
          0.00000000e+00, -1.67924547e-01,  6.67884016e-01],
        [ 6.41601854e-01,  9.14283248e-01,  4.76235047e-01, ...,
          1.67924547e-01,  0.00000000e+00,  7.83380388e-01],
        [-2.02099542e-01,  2.50937777e-01, -3.92840137e-01, ...,
         -6.67884016e-01, -7.83380388e-01,  0.00000000e+00]],

       [[ 0.00000000e+00, -1.57197693e-01, -2.16928516e-01, ...,
          5.48757908e-01,  4.40200232e-01,  3.20058419e-01],
        [ 1.57197693e-01,  0.00000000e+00, -6.07770558e-02, ...,
          6.73349620e-01,  5.75875042e-01,  4.65007932e-01],
        [ 2.16928516e-01,  6.07770558e-02,  0.00000000e+00, ...,
          7.17038791e-01,  6.24497996e-01,  5.17954626e-01],
        ...,
        [-5.48757908e-01, -6.73349620e-01, -7.17038791e-01, ...,
          0.00000000e+00, -1.24730357e-01, -2.52329181e-01],
        [-4.40200232e-01, -5.75875042e-01, -6.24497996e-01, ...,
          1.24730357e-01,  0.00000000e+00, -1.29664397e-01],
        [-3.20058419e-01, -4.65007932e-01, -5.17954626e-01, ...,
          2.52329181e-01,  1.29664397e-01,  0.00000000e+00]],

       ...,

       [[ 0.00000000e+00,  2.32531365e-01, -4.63265201e-01, ...,
          1.52786952e-01,  2.32297669e-01, -1.05446719e-01],
        [-2.32531365e-01,  0.00000000e+00, -6.56640468e-01, ...,
         -8.12023565e-02, -2.40275671e-04, -3.33791301e-01],
        [ 4.63265201e-01,  6.56640468e-01,  0.00000000e+00, ...,
          5.93228880e-01,  6.56459232e-01,  3.67233517e-01],
        ...,
        [-1.52786952e-01,  8.12023565e-02, -5.93228880e-01, ...,
          0.00000000e+00,  8.09628719e-02, -2.56143843e-01],
        [-2.32297669e-01,  2.40275671e-04, -6.56459232e-01, ...,
         -8.09628719e-02,  0.00000000e+00, -3.33564796e-01],
        [ 1.05446719e-01,  3.33791301e-01, -3.67233517e-01, ...,
          2.56143843e-01,  3.33564796e-01,  0.00000000e+00]],

       [[ 0.00000000e+00,  6.97015277e-03,  5.17292211e-03, ...,
         -9.02970991e-02, -1.89252960e-01, -1.89252960e-01],
        [-6.97015277e-03,  0.00000000e+00, -1.79726306e-03, ...,
         -9.72365844e-02, -1.96092554e-01, -1.96092554e-01],
        [-5.17292211e-03,  1.79726306e-03,  0.00000000e+00, ...,
         -9.54476810e-02, -1.94329867e-01, -1.94329867e-01],
        ...,
        [ 9.02970991e-02,  9.72365844e-02,  9.54476810e-02, ...,
          0.00000000e+00, -9.98145550e-02, -9.98145550e-02],
        [ 1.89252960e-01,  1.96092554e-01,  1.94329867e-01, ...,
          9.98145550e-02,  0.00000000e+00,  0.00000000e+00],
        [ 1.89252960e-01,  1.96092554e-01,  1.94329867e-01, ...,
          9.98145550e-02,  0.00000000e+00,  0.00000000e+00]],

       [[ 0.00000000e+00, -3.69966634e-02, -1.13850209e-01, ...,
          7.07561512e-01,  9.76519142e-01,  9.76519142e-01],
        [ 3.69966634e-02,  0.00000000e+00, -7.70161577e-02, ...,
          7.33220865e-01,  9.83820821e-01,  9.83820821e-01],
        [ 1.13850209e-01,  7.70161577e-02,  0.00000000e+00, ...,
          7.83413346e-01,  9.94696567e-01,  9.94696567e-01],
        ...,
        [-7.07561512e-01, -7.33220865e-01, -7.83413346e-01, ...,
          0.00000000e+00,  5.37628529e-01,  5.37628529e-01],
        [-9.76519142e-01, -9.83820821e-01, -9.94696567e-01, ...,
         -5.37628529e-01,  0.00000000e+00,  0.00000000e+00],
        [-9.76519142e-01, -9.83820821e-01, -9.94696567e-01, ...,
         -5.37628529e-01,  0.00000000e+00,  0.00000000e+00]]]), 'num': array([1.73860800e+06, 6.92358000e+05, 3.10000000e+01, 3.37500000e+04,
       3.38000000e+04, 3.24500000e+04, 3.63503000e+05, 1.25000000e+03,
       3.28100000e+04, 3.30850000e+04, 3.25558333e+04, 5.33898305e+01,
       3.40374180e+04, 3.21325820e+04])}
{'img': array([[[ 0.00000000e+00, -7.45125900e-02, -9.99046224e-02, ...,
          2.54742119e-01,  2.54742119e-01,  7.39897895e-01],
        [ 7.45125900e-02,  0.00000000e+00, -2.54870900e-02, ...,
          3.26088302e-01,  3.26088302e-01,  7.87967082e-01],
        [ 9.99046224e-02,  2.54870900e-02,  0.00000000e+00, ...,
          3.50076320e-01,  3.50076320e-01,  8.03403956e-01],
        ...,
        [-2.54742119e-01, -3.26088302e-01, -3.50076320e-01, ...,
          0.00000000e+00,  0.00000000e+00,  5.44118030e-01],
        [-2.54742119e-01, -3.26088302e-01, -3.50076320e-01, ...,
          0.00000000e+00,  0.00000000e+00,  5.44118030e-01],
        [-7.39897895e-01, -7.87967082e-01, -8.03403956e-01, ...,
         -5.44118030e-01, -5.44118030e-01,  0.00000000e+00]],

       [[ 0.00000000e+00, -6.11034597e-01, -5.80096066e-01, ...,
         -9.14283248e-01, -2.50937777e-01,  2.14003237e-01],
        [ 6.11034597e-01,  0.00000000e+00,  3.85107474e-02, ...,
         -4.76235047e-01,  3.92840137e-01,  7.66284524e-01],
        [ 5.80096066e-01, -3.85107474e-02,  0.00000000e+00, ...,
         -5.09744963e-01,  3.57133978e-01,  7.40972875e-01],
        ...,
        [ 9.14283248e-01,  4.76235047e-01,  5.09744963e-01, ...,
          0.00000000e+00,  7.83380388e-01,  9.79789467e-01],
        [ 2.50937777e-01, -3.92840137e-01, -3.57133978e-01, ...,
         -7.83380388e-01,  0.00000000e+00,  4.52280111e-01],
        [-2.14003237e-01, -7.66284524e-01, -7.40972875e-01, ...,
         -9.79789467e-01, -4.52280111e-01,  0.00000000e+00]],

       [[ 0.00000000e+00, -6.07770558e-02, -4.53806535e-02, ...,
          5.75875042e-01,  4.65007932e-01,  6.02280514e-01],
        [ 6.07770558e-02,  0.00000000e+00,  1.54176800e-02, ...,
          6.24497996e-01,  5.17954626e-01,  6.49684501e-01],
        [ 4.53806535e-02, -1.54176800e-02,  0.00000000e+00, ...,
          6.12382153e-01,  5.04704654e-01,  6.37886699e-01],
        ...,
        [-5.75875042e-01, -6.24497996e-01, -6.12382153e-01, ...,
          0.00000000e+00, -1.29664397e-01,  3.26749094e-02],
        [-4.65007932e-01, -5.17954626e-01, -5.04704654e-01, ...,
          1.29664397e-01,  0.00000000e+00,  1.61994226e-01],
        [-6.02280514e-01, -6.49684501e-01, -6.37886699e-01, ...,
         -3.26749094e-02, -1.61994226e-01,  0.00000000e+00]],

       ...,

       [[ 0.00000000e+00, -6.56640468e-01, -3.18765366e-01, ...,
         -2.40275671e-04, -3.33791301e-01,  2.17592927e-01],
        [ 6.56640468e-01,  0.00000000e+00,  3.81971902e-01, ...,
          6.56459232e-01,  3.67233517e-01,  8.05016507e-01],
        [ 3.18765366e-01, -3.81971902e-01,  0.00000000e+00, ...,
          3.18537615e-01, -1.58954137e-02,  5.17369523e-01],
        ...,
        [ 2.40275671e-04, -6.56459232e-01, -3.18537615e-01, ...,
          0.00000000e+00, -3.33564796e-01,  2.17827440e-01],
        [ 3.33791301e-01, -3.67233517e-01,  1.58954137e-02, ...,
          3.33564796e-01,  0.00000000e+00,  5.30906851e-01],
        [-2.17592927e-01, -8.05016507e-01, -5.17369523e-01, ...,
         -2.17827440e-01, -5.30906851e-01,  0.00000000e+00]],

       [[ 0.00000000e+00, -1.79726306e-03, -1.22989656e-01, ...,
         -1.96092554e-01, -1.96092554e-01, -1.23819737e-01],
        [ 1.79726306e-03,  0.00000000e+00, -1.21205839e-01, ...,
         -1.94329867e-01, -1.94329867e-01, -1.22036104e-01],
        [ 1.22989656e-01,  1.21205839e-01,  0.00000000e+00, ...,
         -7.40019498e-02, -7.40019498e-02, -8.36474339e-04],
        ...,
        [ 1.96092554e-01,  1.94329867e-01,  7.40019498e-02, ...,
          0.00000000e+00,  0.00000000e+00,  7.31677431e-02],
        [ 1.96092554e-01,  1.94329867e-01,  7.40019498e-02, ...,
          0.00000000e+00,  0.00000000e+00,  7.31677431e-02],
        [ 1.23819737e-01,  1.22036104e-01,  8.36474339e-04, ...,
         -7.31677431e-02, -7.31677431e-02,  0.00000000e+00]],

       [[ 0.00000000e+00, -7.47663101e-02, -1.27589025e-01, ...,
          8.91160784e-01,  8.91160784e-01,  9.88841624e-01],
        [ 7.47663101e-02,  0.00000000e+00, -5.30766592e-02, ...,
          9.22587048e-01,  9.22587048e-01,  9.97211921e-01],
        [ 1.27589025e-01,  5.30766592e-02,  0.00000000e+00, ...,
          9.41762997e-01,  9.41762997e-01,  9.99766957e-01],
        ...,
        [-8.91160784e-01, -9.22587048e-01, -9.41762997e-01, ...,
          0.00000000e+00,  0.00000000e+00,  3.15868437e-01],
        [-8.91160784e-01, -9.22587048e-01, -9.41762997e-01, ...,
          0.00000000e+00,  0.00000000e+00,  3.15868437e-01],
        [-9.88841624e-01, -9.97211921e-01, -9.99766957e-01, ...,
         -3.15868437e-01, -3.15868437e-01,  0.00000000e+00]]]), 'num': array([1.78449400e+06, 5.91094000e+05, 3.40000000e+01, 3.51000000e+04,
       3.51500000e+04, 3.35500000e+04, 5.76039000e+05, 1.35000000e+03,
       3.32800000e+04, 3.32225000e+04, 3.26083333e+04, 6.29370629e+01,
       3.44616428e+04, 3.19833572e+04])}
{'img': array([[[ 0.00000000e+00, -2.52947727e-02,  5.24590693e-01, ...,
          3.23407491e-01,  7.81480376e-01,  8.84433277e-01],
        [ 2.52947727e-02,  0.00000000e+00,  5.45957664e-01, ...,
          3.47239439e-01,  7.97012493e-01,  8.72346063e-01],
        [-5.24590693e-01, -5.45957664e-01,  0.00000000e+00, ...,
         -2.21064635e-01,  3.38009112e-01,  9.97775303e-01],
        ...,
        [-3.23407491e-01, -3.47239439e-01,  2.21064635e-01, ...,
          0.00000000e+00,  5.37699880e-01,  9.87827145e-01],
        [-7.81480376e-01, -7.97012493e-01, -3.38009112e-01, ...,
         -5.37699880e-01,  0.00000000e+00,  9.16515139e-01],
        [-8.84433277e-01, -8.72346063e-01, -9.97775303e-01, ...,
         -9.87827145e-01, -9.16515139e-01,  0.00000000e+00]],

       [[ 0.00000000e+00,  3.85107474e-02,  9.89261317e-01, ...,
          3.92840137e-01,  7.66284524e-01,  9.99969459e-01],
        [-3.85107474e-02,  0.00000000e+00,  9.82898831e-01, ...,
          3.57133978e-01,  7.40972875e-01,  9.99528645e-01],
        [-9.89261317e-01, -9.82898831e-01,  0.00000000e+00, ...,
         -8.52314839e-01, -5.23603454e-01,  1.53884618e-01],
        ...,
        [-3.92840137e-01, -3.57133978e-01,  8.52314839e-01, ...,
          0.00000000e+00,  4.52280111e-01,  9.22648897e-01],
        [-7.66284524e-01, -7.40972875e-01,  5.23603454e-01, ...,
         -4.52280111e-01,  0.00000000e+00,  6.48470584e-01],
        [-9.99969459e-01, -9.99528645e-01, -1.53884618e-01, ...,
         -9.22648897e-01, -6.48470584e-01,  0.00000000e+00]],

       [[ 0.00000000e+00,  1.54176800e-02,  1.96495576e-01, ...,
          5.17954626e-01,  6.49684501e-01,  8.55772272e-01],
        [-1.54176800e-02,  0.00000000e+00,  1.81355112e-01, ...,
          5.04704654e-01,  6.37886699e-01,  8.47694177e-01],
        [-1.96495576e-01, -1.81355112e-01,  0.00000000e+00, ...,
          3.39773045e-01,  4.87642001e-01,  7.37431227e-01],
        ...,
        [-5.17954626e-01, -5.04704654e-01, -3.39773045e-01, ...,
          0.00000000e+00,  1.61994226e-01,  4.64069301e-01],
        [-6.49684501e-01, -6.37886699e-01, -4.87642001e-01, ...,
         -1.61994226e-01,  0.00000000e+00,  3.14445430e-01],
        [-8.55772272e-01, -8.47694177e-01, -7.37431227e-01, ...,
         -4.64069301e-01, -3.14445430e-01,  0.00000000e+00]],

       ...,

       [[ 0.00000000e+00,  3.81971902e-01,  5.01892441e-01, ...,
          3.67233517e-01,  8.05016507e-01,  9.86025396e-01],
        [-3.81971902e-01,  0.00000000e+00,  1.33456941e-01, ...,
         -1.58954137e-02,  5.17369523e-01,  8.47624336e-01],
        [-5.01892441e-01, -1.33456941e-01,  0.00000000e+00, ...,
         -1.49193303e-01,  3.98534060e-01,  7.69230180e-01],
        ...,
        [-3.67233517e-01,  1.58954137e-02,  1.49193303e-01, ...,
          0.00000000e+00,  5.30906851e-01,  8.55951303e-01],
        [-8.05016507e-01, -5.17369523e-01, -3.98534060e-01, ...,
         -5.30906851e-01,  0.00000000e+00,  4.50850160e-01],
        [-9.86025396e-01, -8.47624336e-01, -7.69230180e-01, ...,
         -8.55951303e-01, -4.50850160e-01,  0.00000000e+00]],

       [[ 0.00000000e+00, -1.21205839e-01, -2.78658525e-01, ...,
         -1.94329867e-01, -1.22036104e-01,  3.12949608e-01],
        [ 1.21205839e-01,  0.00000000e+00, -1.60199180e-01, ...,
         -7.40019498e-02, -8.36474339e-04,  4.25759992e-01],
        [ 2.78658525e-01,  1.60199180e-01,  0.00000000e+00, ...,
          8.67137359e-02,  1.59373453e-01,  5.65215184e-01],
        ...,
        [ 1.94329867e-01,  7.40019498e-02, -8.67137359e-02, ...,
          0.00000000e+00,  7.31677431e-02,  4.91552237e-01],
        [ 1.22036104e-01,  8.36474339e-04, -1.59373453e-01, ...,
         -7.31677431e-02,  0.00000000e+00,  4.26516715e-01],
        [-3.12949608e-01, -4.25759992e-01, -5.65215184e-01, ...,
         -4.91552237e-01, -4.26516715e-01,  0.00000000e+00]],

       [[ 0.00000000e+00, -5.30766592e-02,  8.63182588e-03, ...,
          9.22587048e-01,  9.97211921e-01,  8.35559205e-01],
        [ 5.30766592e-02,  0.00000000e+00,  6.16943406e-02, ...,
          9.41762997e-01,  9.99766957e-01,  8.63541774e-01],
        [-8.63182588e-03, -6.16943406e-02,  0.00000000e+00, ...,
          9.19222614e-01,  9.96530649e-01,  8.30785748e-01],
        ...,
        [-9.22587048e-01, -9.41762997e-01, -9.19222614e-01, ...,
          0.00000000e+00,  3.15868437e-01, -1.84520170e-01],
        [-9.97211921e-01, -9.99766957e-01, -9.96530649e-01, ...,
         -3.15868437e-01,  0.00000000e+00, -4.85517864e-01],
        [-8.35559205e-01, -8.63541774e-01, -8.30785748e-01, ...,
          1.84520170e-01,  4.85517864e-01,  0.00000000e+00]]]), 'num': array([ 1.77307500e+06,  4.50675000e+05,  3.80000000e+01,  3.48000000e+04,
        3.54000000e+04,  3.45000000e+04,  2.01989000e+05, -3.00000000e+02,
        3.37300000e+04,  3.33050000e+04,  3.26583333e+04,  6.08108108e+01,
        3.47209449e+04,  3.18890551e+04])}
{'img': array([[[ 0.00000000e+00,  5.45957664e-01,  3.68210914e-01, ...,
          7.97012493e-01,  8.72346063e-01,  9.99933885e-01],
        [-5.45957664e-01,  0.00000000e+00, -1.99108124e-01, ...,
          3.38009112e-01,  9.97775303e-01,  8.31479419e-01],
        [-3.68210914e-01,  1.99108124e-01,  0.00000000e+00, ...,
          5.18630518e-01,  9.91071250e-01,  9.25446770e-01],
        ...,
        [-7.97012493e-01, -3.38009112e-01, -5.18630518e-01, ...,
          0.00000000e+00,  9.16515139e-01,  5.94758060e-01],
        [-8.72346063e-01, -9.97775303e-01, -9.91071250e-01, ...,
         -9.16515139e-01,  0.00000000e+00, -4.98887652e-01],
        [-9.99933885e-01, -8.31479419e-01, -9.25446770e-01, ...,
         -5.94758060e-01,  4.98887652e-01,  0.00000000e+00]],

       [[ 0.00000000e+00,  9.82898831e-01,  3.92398158e-01, ...,
          7.40972875e-01,  9.99528645e-01,  2.31200150e-01],
        [-9.82898831e-01,  0.00000000e+00, -8.31807182e-01, ...,
         -5.23603454e-01,  1.53884618e-01, -9.13693705e-01],
        [-3.92398158e-01,  8.31807182e-01,  0.00000000e+00, ...,
          4.18034405e-01,  9.07315299e-01, -1.69109756e-01],
        ...,
        [-7.40972875e-01,  5.23603454e-01, -4.18034405e-01, ...,
          0.00000000e+00,  6.48470584e-01, -5.65638128e-01],
        [-9.99528645e-01, -1.53884618e-01, -9.07315299e-01, ...,
         -6.48470584e-01,  0.00000000e+00, -9.65349788e-01],
        [-2.31200150e-01,  9.13693705e-01,  1.69109756e-01, ...,
          5.65638128e-01,  9.65349788e-01,  0.00000000e+00]],

       [[ 0.00000000e+00,  1.81355112e-01,  2.94335203e-01, ...,
          6.37886699e-01,  8.47694177e-01,  9.81058649e-01],
        [-1.81355112e-01,  0.00000000e+00,  1.16132952e-01, ...,
          4.87642001e-01,  7.37431227e-01,  9.29659946e-01],
        [-2.94335203e-01, -1.16132952e-01,  0.00000000e+00, ...,
          3.82953317e-01,  6.54002752e-01,  8.80584008e-01],
        ...,
        [-6.37886699e-01, -4.87642001e-01, -3.82953317e-01, ...,
          0.00000000e+00,  3.14445430e-01,  6.31977284e-01],
        [-8.47694177e-01, -7.37431227e-01, -6.54002752e-01, ...,
         -3.14445430e-01,  0.00000000e+00,  3.56229492e-01],
        [-9.81058649e-01, -9.29659946e-01, -8.80584008e-01, ...,
         -6.31977284e-01, -3.56229492e-01,  0.00000000e+00]],

       ...,

       [[ 0.00000000e+00,  1.33456941e-01,  3.41954838e-01, ...,
          5.17369523e-01,  8.47624336e-01,  7.82951537e-01],
        [-1.33456941e-01,  0.00000000e+00,  2.13484245e-01, ...,
          3.98534060e-01,  7.69230180e-01,  6.92926478e-01],
        [-3.41954838e-01, -2.13484245e-01,  0.00000000e+00, ...,
          1.93548628e-01,  6.15086329e-01,  5.23028200e-01],
        ...,
        [-5.17369523e-01, -3.98534060e-01, -1.93548628e-01, ...,
          0.00000000e+00,  4.50850160e-01,  3.48173622e-01],
        [-8.47624336e-01, -7.69230180e-01, -6.15086329e-01, ...,
         -4.50850160e-01,  0.00000000e+00, -1.11860843e-01],
        [-7.82951537e-01, -6.92926478e-01, -5.23028200e-01, ...,
         -3.48173622e-01,  1.11860843e-01,  0.00000000e+00]],

       [[ 0.00000000e+00, -1.60199180e-01, -3.18124350e-01, ...,
         -8.36474339e-04,  4.25759992e-01,  6.96541258e-01],
        [ 1.60199180e-01,  0.00000000e+00, -1.62139010e-01, ...,
          1.59373453e-01,  5.65215184e-01,  8.02490819e-01],
        [ 3.18124350e-01,  1.62139010e-01,  0.00000000e+00, ...,
          3.17331220e-01,  6.91491740e-01,  8.88614787e-01],
        ...,
        [ 8.36474339e-04, -1.59373453e-01, -3.17331220e-01, ...,
          0.00000000e+00,  4.26516715e-01,  6.97141199e-01],
        [-4.25759992e-01, -5.65215184e-01, -6.91491740e-01, ...,
         -4.26516715e-01,  0.00000000e+00,  3.24765777e-01],
        [-6.96541258e-01, -8.02490819e-01, -8.88614787e-01, ...,
         -6.97141199e-01, -3.24765777e-01,  0.00000000e+00]],

       [[ 0.00000000e+00,  6.16943406e-02,  1.06358589e-01, ...,
          9.99766957e-01,  8.63541774e-01,  7.81457078e-01],
        [-6.16943406e-02,  0.00000000e+00,  4.48115855e-02, ...,
          9.96530649e-01,  8.30785748e-01,  7.41473733e-01],
        [-1.06358589e-01, -4.48115855e-02,  0.00000000e+00, ...,
          9.91800075e-01,  8.05009402e-01,  7.10661128e-01],
        ...,
        [-9.99766957e-01, -9.96530649e-01, -9.91800075e-01, ...,
          0.00000000e+00, -4.85517864e-01, -6.06943689e-01],
        [-8.63541774e-01, -8.30785748e-01, -8.05009402e-01, ...,
          4.85517864e-01,  0.00000000e+00, -1.44743590e-01],
        [-7.81457078e-01, -7.41473733e-01, -7.10661128e-01, ...,
          6.06943689e-01,  1.44743590e-01,  0.00000000e+00]]]), 'num': array([ 1.75942100e+06,  4.15871000e+05,  3.90000000e+01,  3.44500000e+04,
        3.46500000e+04,  3.39000000e+04,  1.93351000e+05, -3.50000000e+02,
        3.41200000e+04,  3.33825000e+04,  3.27033333e+04,  5.54794521e+01,
        3.48691994e+04,  3.18958006e+04])}
{'img': array([[[ 0.        , -0.19910812,  0.04461006, ...,  0.9977753 ,
          0.83147942,  0.66265713],
        [ 0.19910812,  0.        ,  0.24262676, ...,  0.99107125,
          0.92544677,  0.79850573],
        [-0.04461006, -0.24262676,  0.        , ...,  0.99380799,
          0.8058683 ,  0.62858794],
        ...,
        [-0.9977753 , -0.99107125, -0.99380799, ...,  0.        ,
         -0.49888765, -0.70307965],
        [-0.83147942, -0.92544677, -0.8058683 , ...,  0.49888765,
          0.        , -0.25457114],
        [-0.66265713, -0.79850573, -0.62858794, ...,  0.70307965,
          0.25457114,  0.        ]],

       [[ 0.        , -0.83180718, -0.88758903, ...,  0.15388462,
         -0.91369371, -0.92952148],
        [ 0.83180718,  0.        , -0.10950882, ...,  0.9073153 ,
         -0.16910976, -0.2092007 ],
        [ 0.88758903,  0.10950882,  0.        , ...,  0.94790162,
         -0.06016111, -0.10085685],
        ...,
        [-0.15388462, -0.9073153 , -0.94790162, ...,  0.        ,
         -0.96534979, -0.9751975 ],
        [ 0.91369371,  0.16910976,  0.06016111, ...,  0.96534979,
          0.        , -0.04081982],
        [ 0.92952148,  0.2092007 ,  0.10085685, ...,  0.9751975 ,
          0.04081982,  0.        ]],

       [[ 0.        ,  0.11613295,  0.26531804, ...,  0.73743123,
          0.92965995,  0.98358461],
        [-0.11613295,  0.        ,  0.15155195, ...,  0.65400275,
          0.88058401,  0.99788526],
        [-0.26531804, -0.15155195,  0.        , ...,  0.53180069,
          0.79859367,  0.99620986],
        ...,
        [-0.73743123, -0.65400275, -0.53180069, ...,  0.        ,
          0.35622949,  0.79740257],
        [-0.92965995, -0.88058401, -0.79859367, ..., -0.35622949,
          0.        ,  0.53012589],
        [-0.98358461, -0.99788526, -0.99620986, ..., -0.79740257,
         -0.53012589,  0.        ]],

       ...,

       [[ 0.        ,  0.21348425,  0.47732658, ...,  0.76923018,
          0.69292648,  0.48529917],
        [-0.21348425,  0.        ,  0.27872838, ...,  0.61508633,
          0.5230282 ,  0.28745177],
        [-0.47732658, -0.27872838,  0.        , ...,  0.37094433,
          0.2647361 ,  0.00909537],
        ...,
        [-0.76923018, -0.61508633, -0.37094433, ...,  0.        ,
         -0.11186084, -0.36248252],
        [-0.69292648, -0.5230282 , -0.2647361 , ...,  0.11186084,
          0.        , -0.25595429],
        [-0.48529917, -0.28745177, -0.00909537, ...,  0.36248252,
          0.25595429,  0.        ]],

       [[ 0.        , -0.16213901, -0.13417592, ...,  0.56521518,
          0.80249082,  0.92992685],
        [ 0.16213901,  0.        ,  0.02827238, ...,  0.69149174,
          0.88861479,  0.97724773],
        [ 0.13417592, -0.02827238,  0.        , ...,  0.67079179,
          0.87529232,  0.97086047],
        ...,
        [-0.56521518, -0.69149174, -0.67079179, ...,  0.        ,
          0.32476578,  0.55928231],
        [-0.80249082, -0.88861479, -0.87529232, ..., -0.32476578,
          0.        ,  0.25974268],
        [-0.92992685, -0.97724773, -0.97086047, ..., -0.55928231,
         -0.25974268,  0.        ]],

       [[ 0.        ,  0.04481159,  0.03808107, ...,  0.83078575,
          0.74147373,  0.74776514],
        [-0.04481159,  0.        , -0.00673627, ...,  0.8050094 ,
          0.71066113,  0.71726072],
        [-0.03808107,  0.00673627,  0.        , ...,  0.80898751,
          0.7153842 ,  0.72193831],
        ...,
        [-0.83078575, -0.8050094 , -0.80898751, ...,  0.        ,
         -0.14474359, -0.13541092],
        [-0.74147373, -0.71066113, -0.7153842 , ...,  0.14474359,
          0.        ,  0.0094255 ],
        [-0.74776514, -0.71726072, -0.72193831, ...,  0.13541092,
         -0.0094255 ,  0.        ]]]), 'num': array([ 1.70480700e+06,  3.12507000e+05,  4.20000000e+01,  3.31500000e+04,
        3.47000000e+04,  3.31500000e+04,  3.03984000e+05, -1.30000000e+03,
        3.42500000e+04,  3.34075000e+04,  3.27058333e+04,  5.12658228e+01,
        3.48605227e+04,  3.19544773e+04])}
{'img': array([[[ 0.        ,  0.24262676,  0.3715503 , ...,  0.92544677,
          0.79850573,  0.26428567],
        [-0.24262676,  0.        ,  0.13519048, ...,  0.8058683 ,
          0.62858794,  0.0223887 ],
        [-0.3715503 , -0.13519048,  0.        , ...,  0.71842454,
          0.51767443, -0.11297342],
        ...,
        [-0.92544677, -0.8058683 , -0.71842454, ...,  0.        ,
         -0.25457114, -0.79241006],
        [-0.79850573, -0.62858794, -0.51767443, ...,  0.25457114,
          0.        , -0.61101782],
        [-0.26428567, -0.0223887 ,  0.11297342, ...,  0.79241006,
          0.61101782,  0.        ]],

       [[ 0.        , -0.10950882,  0.03255984, ..., -0.16910976,
         -0.2092007 ,  0.22855077],
        [ 0.10950882,  0.        ,  0.14181478, ..., -0.06016111,
         -0.10085685,  0.33378657],
        [-0.03255984, -0.14181478,  0.        , ..., -0.20111098,
         -0.24092917,  0.19673154],
        ...,
        [ 0.16910976,  0.06016111,  0.20111098, ...,  0.        ,
         -0.04081982,  0.38989277],
        [ 0.2092007 ,  0.10085685,  0.24092917, ...,  0.04081982,
          0.        ,  0.42715715],
        [-0.22855077, -0.33378657, -0.19673154, ..., -0.38989277,
         -0.42715715,  0.        ]],

       [[ 0.        ,  0.14758896,  0.34278022, ...,  0.85478584,
          0.99277922,  0.95911434],
        [-0.14758896,  0.        ,  0.20037899, ...,  0.76882905,
          0.96420291,  0.99038133],
        [-0.34278022, -0.20037899,  0.        , ...,  0.62510279,
          0.89151379,  0.99802027],
        ...,
        [-0.85478584, -0.76882905, -0.62510279, ...,  0.        ,
          0.41269681,  0.73968254],
        [-0.99277922, -0.96420291, -0.89151379, ..., -0.41269681,
          0.        ,  0.3960267 ],
        [-0.95911434, -0.99038133, -0.99802027, ..., -0.73968254,
         -0.3960267 ,  0.        ]],

       ...,

       [[ 0.        ,  0.27872838,  0.65177237, ...,  0.5230282 ,
          0.28745177,  0.0972732 ],
        [-0.27872838,  0.        ,  0.41455093, ...,  0.2647361 ,
          0.00909537, -0.18398831],
        [-0.65177237, -0.41455093,  0.        , ..., -0.15884337,
         -0.40625676, -0.57490807],
        ...,
        [-0.5230282 , -0.2647361 ,  0.15884337, ...,  0.        ,
         -0.25595429, -0.43764041],
        [-0.28745177, -0.00909537,  0.40625676, ...,  0.25595429,
          0.        , -0.1929208 ],
        [-0.0972732 ,  0.18398831,  0.57490807, ...,  0.43764041,
          0.1929208 ,  0.        ]],

       [[ 0.        ,  0.02827238,  0.15026993, ...,  0.88861479,
          0.97724773,  0.97306543],
        [-0.02827238,  0.        ,  0.12225851, ...,  0.87529232,
          0.97086047,  0.96615885],
        [-0.15026993, -0.12225851,  0.        , ...,  0.80960262,
          0.93427866,  0.92737469],
        ...,
        [-0.88861479, -0.87529232, -0.80960262, ...,  0.        ,
          0.25974268,  0.24144907],
        [-0.97724773, -0.97086047, -0.93427866, ..., -0.25974268,
          0.        , -0.01889577],
        [-0.97306543, -0.96615885, -0.92737469, ..., -0.24144907,
          0.01889577,  0.        ]],

       [[ 0.        , -0.00673627, -0.00911749, ...,  0.71066113,
          0.71726072,  0.77557058],
        [ 0.00673627,  0.        , -0.00238129, ...,  0.7153842 ,
          0.72193831,  0.77980533],
        [ 0.00911749,  0.00238129,  0.        , ...,  0.71704606,
          0.72358402,  0.78129386],
        ...,
        [-0.71066113, -0.7153842 , -0.71704606, ...,  0.        ,
          0.0094255 ,  0.09702809],
        [-0.71726072, -0.72193831, -0.72358402, ..., -0.0094255 ,
          0.        ,  0.08764275],
        [-0.77557058, -0.77980533, -0.78129386, ..., -0.09702809,
         -0.08764275,  0.        ]]]), 'num': array([1.73920300e+06, 2.79353000e+05, 4.30000000e+01, 3.39500000e+04,
       3.43000000e+04, 3.28000000e+04, 2.45343000e+05, 8.00000000e+02,
       3.42900000e+04, 3.34400000e+04, 3.27291667e+04, 5.36144578e+01,
       3.49109181e+04, 3.19690819e+04])}
{'img': array([[[ 0.        ,  0.13519048, -0.15517056, ...,  0.62858794,
          0.0223887 ,  0.38893434],
        [-0.13519048,  0.        , -0.28729905, ...,  0.51767443,
         -0.11297342,  0.26081746],
        [ 0.15517056,  0.28729905,  0.        , ...,  0.74165642,
          0.17724919,  0.52717673],
        ...,
        [-0.62858794, -0.51767443, -0.74165642, ...,  0.        ,
         -0.61101782, -0.27660715],
        [-0.0223887 ,  0.11297342, -0.17724919, ...,  0.61101782,
          0.        ,  0.36821091],
        [-0.38893434, -0.26081746, -0.52717673, ...,  0.27660715,
         -0.36821091,  0.        ]],

       [[ 0.        ,  0.14181478, -0.26287072, ..., -0.10085685,
          0.33378657,  0.12357944],
        [-0.14181478,  0.        , -0.39704125, ..., -0.24092917,
          0.19673154, -0.01839727],
        [ 0.26287072,  0.39704125,  0.        , ...,  0.16422051,
          0.56984239,  0.38008902],
        ...,
        [ 0.10085685,  0.24092917, -0.16422051, ...,  0.        ,
          0.42715715,  0.22303305],
        [-0.33378657, -0.19673154, -0.56984239, ..., -0.42715715,
          0.        , -0.21473599],
        [-0.12357944,  0.01839727, -0.38008902, ..., -0.22303305,
          0.21473599,  0.        ]],

       [[ 0.        ,  0.19801844,  0.31876657, ...,  0.95108713,
          0.99728175,  0.9888269 ],
        [-0.19801844,  0.        ,  0.12476599, ...,  0.87108158,
          0.96294336,  0.99876472],
        [-0.31876657, -0.12476599,  0.        , ...,  0.80299776,
          0.92176926,  0.98476101],
        ...,
        [-0.95108713, -0.87108158, -0.80299776, ...,  0.        ,
          0.2380045 ,  0.4472481 ],
        [-0.99728175, -0.96294336, -0.92176926, ..., -0.2380045 ,
          0.        ,  0.22152242],
        [-0.9888269 , -0.99876472, -0.98476101, ..., -0.4472481 ,
         -0.22152242,  0.        ]],

       ...,

       [[ 0.        ,  0.41455093,  0.        , ...,  0.00909537,
         -0.18398831, -0.07727526],
        [-0.41455093,  0.        , -0.41455093, ..., -0.40625676,
         -0.57490807, -0.48363385],
        [ 0.        ,  0.41455093,  0.        , ...,  0.00909537,
         -0.18398831, -0.07727526],
        ...,
        [-0.00909537,  0.40625676, -0.00909537, ...,  0.        ,
         -0.1929208 , -0.08634025],
        [ 0.18398831,  0.57490807,  0.18398831, ...,  0.1929208 ,
          0.        ,  0.10748209],
        [ 0.07727526,  0.48363385,  0.07727526, ...,  0.08634025,
         -0.10748209,  0.        ]],

