state_0,state_1,state_2,state_3,state_4,state_5,state_6,state_7,state_8,state_9,state_10,state_11,state_12,state_13,state_14,state_15,state_16,state_17,state_18,state_19,state_20,state_21,state_22,state_23,state_24,state_25,state_26,state_27,state_28,state_29,state_30,state_31,state_32,state_33,state_34,state_35,state_36,state_37,state_38,state_39,state_40,state_41,state_42,state_43,state_44,state_45,state_46,state_47,state_48,state_49,state_50,state_51,state_52,state_53,state_54,state_55,state_56,state_57,state_58,state_59,state_60,state_61,state_62,state_63,state_64,state_65,state_66,state_67,state_68,state_69,state_70,state_71,state_72,state_73,state_74,state_75,state_76,state_77
{'img': array([[[ 0.        ,  0.08151719,  0.08151719, ...,  0.99102993,
          0.82802333,  0.99399785],
        [-0.08151719,  0.        ,  0.        , ...,  0.97683775,
          0.87097379,  0.99960771],
        [-0.08151719,  0.        ,  0.        , ...,  0.97683775,
          0.87097379,  0.99960771],
        ...,
        [-0.99102993, -0.97683775, -0.97683775, ...,  0.        ,
          0.66632132,  0.24125625],
        [-0.82802333, -0.87097379, -0.87097379, ..., -0.66632132,
          0.        , -0.46674287],
        [-0.99399785, -0.99960771, -0.99960771, ..., -0.24125625,
          0.46674287,  0.        ]],

       [[ 0.        , -0.17685367, -0.23271799, ...,  0.25647344,
          0.20406155,  0.94336762],
        [ 0.17685367,  0.        , -0.05705168, ...,  0.42336882,
          0.37397729,  0.98716853],
        [ 0.23271799,  0.05705168,  0.        , ...,  0.47436564,
          0.42628005,  0.99467077],
        ...,
        [-0.25647344, -0.42336882, -0.47436564, ...,  0.        ,
         -0.05384078,  0.82672832],
        [-0.20406155, -0.37397729, -0.42628005, ...,  0.05384078,
          0.        ,  0.85582007],
        [-0.94336762, -0.98716853, -0.99467077, ..., -0.82672832,
         -0.85582007,  0.        ]],

       [[ 0.        ,  0.10378972,  0.20630792, ...,  0.94866877,
          0.84929398,  0.55988337],
        [-0.10378972,  0.        ,  0.1036368 , ...,  0.97637097,
          0.89949985,  0.64285678],
        [-0.20630792, -0.1036368 ,  0.        , ...,  0.99350945,
          0.93993734,  0.71877951],
        ...,
        [-0.94866877, -0.97637097, -0.99350945, ...,  0.        ,
          0.23221404,  0.60896476],
        [-0.84929398, -0.89949985, -0.93993734, ..., -0.23221404,
          0.        ,  0.40812698],
        [-0.55988337, -0.64285678, -0.71877951, ..., -0.60896476,
         -0.40812698,  0.        ]],

       ...,

       [[ 0.        ,  0.06400622,  0.27295109, ...,  0.2307276 ,
          0.43440638,  0.22545496],
        [-0.06400622,  0.        ,  0.21081563, ...,  0.16797526,
          0.37586414,  0.16263437],
        [-0.27295109, -0.21081563,  0.        , ..., -0.04362004,
          0.17205938, -0.04902961],
        ...,
        [-0.2307276 , -0.16797526,  0.04362004, ...,  0.        ,
          0.21486513, -0.00541537],
        [-0.43440638, -0.37586414, -0.17205938, ..., -0.21486513,
          0.        , -0.22015087],
        [-0.22545496, -0.16263437,  0.04902961, ...,  0.00541537,
          0.22015087,  0.        ]],

       [[ 0.        ,  0.38468025,  0.53458417, ...,  0.51233119,
          0.25514722,  0.        ],
        [-0.38468025,  0.        ,  0.16834873, ...,  0.80326601,
          0.6074618 ,  0.38468025],
        [-0.53458417, -0.16834873,  0.        , ...,  0.89207334,
          0.73251942,  0.53458417],
        ...,
        [-0.51233119, -0.80326601, -0.89207334, ...,  0.        ,
          0.27625681,  0.51233119],
        [-0.25514722, -0.6074618 , -0.73251942, ..., -0.27625681,
          0.        ,  0.25514722],
        [-0.        , -0.38468025, -0.53458417, ..., -0.51233119,
         -0.25514722,  0.        ]],

       [[ 0.        , -0.15474484, -0.44776216, ...,  0.95541678,
          0.89614045,  0.44776216],
        [ 0.15474484,  0.        , -0.30400312, ...,  0.89821823,
          0.81667476,  0.30400312],
        [ 0.44776216,  0.30400312,  0.        , ...,  0.72208199,
          0.60258274,  0.        ],
        ...,
        [-0.95541678, -0.89821823, -0.72208199, ...,  0.        ,
          0.15939092,  0.72208199],
        [-0.89614045, -0.81667476, -0.60258274, ..., -0.15939092,
          0.        ,  0.60258274],
        [-0.44776216, -0.30400312, -0.        , ..., -0.72208199,
         -0.60258274,  0.        ]]]), 'num': array([2.70795666e+08, 5.82166600e+06, 3.61000000e+03, 7.34000000e+04,
       7.38000000e+04, 7.31000000e+04, 1.84866720e+07, 5.00000000e+02,
       7.29600000e+04, 6.87050000e+04, 6.26500000e+04, 6.90322581e+01,
       7.46727383e+04, 6.27372617e+04])}
{'img': array([[[ 0.        ,  0.        , -0.2119111 , ...,  0.87097379,
          0.99960771,  0.9852537 ],
        [ 0.        ,  0.        , -0.2119111 , ...,  0.87097379,
          0.99960771,  0.9852537 ],
        [ 0.2119111 ,  0.2119111 ,  0.        , ...,  0.74707489,
          0.97097045,  0.9266196 ],
        ...,
        [-0.87097379, -0.87097379, -0.74707489, ...,  0.        ,
         -0.46674287, -0.33506073],
        [-0.99960771, -0.99960771, -0.97097045, ...,  0.46674287,
          0.        ,  0.14343813],
        [-0.9852537 , -0.9852537 , -0.9266196 , ...,  0.33506073,
         -0.14343813,  0.        ]],

       [[ 0.        , -0.05705168,  0.42905725, ...,  0.37397729,
          0.98716853,  0.04044887],
        [ 0.05705168,  0.        ,  0.4798919 , ...,  0.42628005,
          0.99467077,  0.09738797],
        [-0.42905725, -0.4798919 ,  0.        , ..., -0.06011874,
          0.82317425, -0.39216957],
        ...,
        [-0.37397729, -0.42628005,  0.06011874, ...,  0.        ,
          0.85582007, -0.33615742],
        [-0.98716853, -0.99467077, -0.82317425, ..., -0.85582007,
          0.        , -0.97990169],
        [-0.04044887, -0.09738797,  0.39216957, ...,  0.33615742,
          0.97990169,  0.        ]],

       [[ 0.        ,  0.1021283 ,  0.11319042, ...,  0.93743869,
          0.84567594,  0.63576426],
        [-0.1021283 ,  0.        ,  0.01112663, ...,  0.96809305,
          0.89575964,  0.71127112],
        [-0.11319042, -0.01112663,  0.        , ...,  0.97082136,
          0.90065041,  0.71904819],
        ...,
        [-0.93743869, -0.96809305, -0.97082136, ...,  0.        ,
          0.20588555,  0.50225168],
        [-0.84567594, -0.89575964, -0.90065041, ..., -0.20588555,
          0.        ,  0.31345783],
        [-0.63576426, -0.71127112, -0.71904819, ..., -0.50225168,
         -0.31345783,  0.        ]],

       ...,

       [[ 0.        ,  0.21081563, -0.10782503, ...,  0.37586414,
          0.16263437, -0.0053876 ],
        [-0.21081563,  0.        , -0.3149883 , ...,  0.17205938,
         -0.04902961, -0.21607908],
        [ 0.10782503,  0.3149883 ,  0.        , ...,  0.47359155,
          0.26807569,  0.10246728],
        ...,
        [-0.37586414, -0.17205938, -0.47359155, ...,  0.        ,
         -0.22015087, -0.38085124],
        [-0.16263437,  0.04902961, -0.26807569, ...,  0.22015087,
          0.        , -0.16794788],
        [ 0.0053876 ,  0.21607908, -0.10246728, ...,  0.38085124,
          0.16794788,  0.        ]],

       [[ 0.        ,  0.38808601,  0.46993457, ...,  0.43449307,
          0.3573756 ,  0.        ],
        [-0.38808601,  0.        ,  0.09053858, ...,  0.74997831,
          0.69182273,  0.38808601],
        [-0.46993457, -0.09053858,  0.        , ...,  0.80678597,
          0.75435633,  0.46993457],
        ...,
        [-0.43449307, -0.74997831, -0.80678597, ...,  0.        ,
          0.08392014,  0.43449307],
        [-0.3573756 , -0.69182273, -0.75435633, ..., -0.08392014,
          0.        ,  0.3573756 ],
        [-0.        , -0.38808601, -0.46993457, ..., -0.43449307,
         -0.3573756 ,  0.        ]],

       [[ 0.        , -0.29560007, -0.06391666, ...,  0.89059514,
          0.70115239,  0.29560007],
        [ 0.29560007,  0.        ,  0.2339353 , ...,  0.71635801,
          0.45905291,  0.        ],
        [ 0.06391666, -0.2339353 ,  0.        , ...,  0.85970498,
          0.65414539,  0.2339353 ],
        ...,
        [-0.89059514, -0.71635801, -0.85970498, ...,  0.        ,
          0.31612254,  0.71635801],
        [-0.70115239, -0.45905291, -0.65414539, ..., -0.31612254,
          0.        ,  0.45905291],
        [-0.29560007, -0.        , -0.2339353 , ..., -0.71635801,
         -0.45905291,  0.        ]]]), 'num': array([9.44000000e+07, 9.44000000e+07, 0.00000000e+00, 7.38000000e+04,
       7.45000000e+04, 7.32000000e+04, 2.15104150e+07, 4.00000000e+02,
       7.31400000e+04, 6.90800000e+04, 6.28633333e+04, 6.94267516e+01,
       7.53319117e+04, 6.28280883e+04])}
{'img': array([[[ 0.        , -0.2119111 , -0.24248148, ...,  0.99960771,
          0.9852537 ,  0.93539867],
        [ 0.2119111 ,  0.        , -0.03138763, ...,  0.97097045,
          0.9266196 ,  0.8392241 ],
        [ 0.24248148,  0.03138763,  0.        , ...,  0.96298414,
          0.91436129,  0.82174246],
        ...,
        [-0.99960771, -0.97097045, -0.96298414, ...,  0.        ,
          0.14343813,  0.32725791],
        [-0.9852537 , -0.9266196 , -0.91436129, ..., -0.14343813,
          0.        ,  0.18833412],
        [-0.93539867, -0.8392241 , -0.82174246, ..., -0.32725791,
         -0.18833412,  0.        ]],

       [[ 0.        ,  0.4798919 ,  0.12317207, ...,  0.99467077,
          0.09738797,  0.28366681],
        [-0.4798919 ,  0.        , -0.36817541, ...,  0.82317425,
         -0.39216957, -0.2113106 ],
        [-0.12317207,  0.36817541,  0.        , ...,  0.97439737,
         -0.02594018,  0.16339426],
        ...,
        [-0.99467077, -0.82317425, -0.97439737, ...,  0.        ,
         -0.97990169, -0.92456592],
        [-0.09738797,  0.39216957,  0.02594018, ...,  0.97990169,
          0.        ,  0.18893084],
        [-0.28366681,  0.2113106 , -0.16339426, ...,  0.92456592,
         -0.18893084,  0.        ]],

       [[ 0.        ,  0.01104927,  0.02197929, ...,  0.92148225,
          0.84363082,  0.70779088],
        [-0.01104927,  0.        ,  0.01093134, ...,  0.92571776,
          0.84951194,  0.71555312],
        [-0.02197929, -0.01093134,  0.        , ...,  0.92979685,
          0.85522822,  0.72314655],
        ...,
        [-0.92148225, -0.92571776, -0.92979685, ...,  0.        ,
          0.16708217,  0.37603489],
        [-0.84363082, -0.84951194, -0.85522822, ..., -0.16708217,
          0.        ,  0.2159297 ],
        [-0.70779088, -0.71555312, -0.72314655, ..., -0.37603489,
         -0.2159297 ,  0.        ]],

       ...,

       [[ 0.        , -0.3149883 , -0.03019886, ..., -0.04902961,
         -0.21607908, -0.20056817],
        [ 0.3149883 ,  0.        ,  0.28618304, ...,  0.26807569,
          0.10246728,  0.1182293 ],
        [ 0.03019886, -0.28618304,  0.        , ..., -0.01884472,
         -0.1864951 , -0.17089149],
        ...,
        [ 0.04902961, -0.26807569,  0.01884472, ...,  0.        ,
         -0.16794788, -0.15229363],
        [ 0.21607908, -0.10246728,  0.1864951 , ...,  0.16794788,
          0.        ,  0.01585838],
        [ 0.20056817, -0.1182293 ,  0.17089149, ...,  0.15229363,
         -0.01585838,  0.        ]],

       [[ 0.        ,  0.10065379,  0.16736416, ...,  0.78089009,
          0.69078655,  0.32538668],
        [-0.10065379,  0.        ,  0.06728012, ...,  0.83979959,
          0.760057  ,  0.41891053],
        [-0.16736416, -0.06728012,  0.        , ...,  0.87442286,
          0.80205723,  0.47905353],
        ...,
        [-0.78089009, -0.83979959, -0.87442286, ...,  0.        ,
          0.13311684,  0.53513607],
        [-0.69078655, -0.760057  , -0.80205723, ..., -0.13311684,
          0.        ,  0.41792098],
        [-0.32538668, -0.41891053, -0.47905353, ..., -0.53513607,
         -0.41792098,  0.        ]],

       [[ 0.        ,  0.23290056,  0.31702203, ...,  0.4903872 ,
          0.1883768 ,  0.        ],
        [-0.23290056,  0.        ,  0.08741697, ...,  0.67987575,
          0.41192744,  0.23290056],
        [-0.31702203, -0.08741697,  0.        , ...,  0.74137831,
          0.49000631,  0.31702203],
        ...,
        [-0.4903872 , -0.67987575, -0.74137831, ...,  0.        ,
          0.31743645,  0.4903872 ],
        [-0.1883768 , -0.41192744, -0.49000631, ..., -0.31743645,
          0.        ,  0.1883768 ],
        [-0.        , -0.23290056, -0.31702203, ..., -0.4903872 ,
         -0.1883768 ,  0.        ]]]), 'num': array([9.43946440e+07, 5.66828440e+07, 5.11000000e+02, 7.38000000e+04,
       7.41000000e+04, 7.33000000e+04, 2.08636710e+07, 0.00000000e+00,
       7.35600000e+04, 6.94850000e+04, 6.30766667e+04, 7.46575342e+01,
       7.58568992e+04, 6.31131008e+04])}
{'img': array([[[ 0.        , -0.03138763, -0.04742503, ...,  0.9266196 ,
          0.8392241 ,  0.8392241 ],
        [ 0.03138763,  0.        , -0.01604934, ...,  0.91436129,
          0.82174246,  0.82174246],
        [ 0.04742503,  0.01604934,  0.        , ...,  0.90774515,
          0.81249075,  0.81249075],
        ...,
        [-0.9266196 , -0.91436129, -0.90774515, ...,  0.        ,
          0.18833412,  0.18833412],
        [-0.8392241 , -0.82174246, -0.81249075, ..., -0.18833412,
          0.        ,  0.        ],
        [-0.8392241 , -0.82174246, -0.81249075, ..., -0.18833412,
          0.        ,  0.        ]],

       [[ 0.        , -0.36817541, -0.59689618, ..., -0.39216957,
         -0.2113106 , -0.24972246],
        [ 0.36817541,  0.        , -0.25957407, ..., -0.02594018,
          0.16339426,  0.12432964],
        [ 0.59689618,  0.25957407,  0.        , ...,  0.23443569,
          0.41387925,  0.37762805],
        ...,
        [ 0.39216957,  0.02594018, -0.23443569, ...,  0.        ,
          0.18893084,  0.15002671],
        [ 0.2113106 , -0.16339426, -0.41387925, ..., -0.18893084,
          0.        , -0.03946772],
        [ 0.24972246, -0.12432964, -0.37762805, ..., -0.15002671,
          0.03946772,  0.        ]],

       [[ 0.        ,  0.01075802, -0.03299107, ...,  0.92454426,
          0.89785553,  0.70758059],
        [-0.01075802,  0.        , -0.04374133, ...,  0.92859037,
          0.90254022,  0.71514162],
        [ 0.03299107,  0.04374133,  0.        , ...,  0.91146892,
          0.88284113,  0.68388285],
        ...,
        [-0.92454426, -0.92859037, -0.91146892, ...,  0.        ,
          0.06491776,  0.38367211],
        [-0.89785553, -0.90254022, -0.88284113, ..., -0.06491776,
          0.        ,  0.32291324],
        [-0.70758059, -0.71514162, -0.68388285, ..., -0.38367211,
         -0.32291324,  0.        ]],

       ...,

       [[ 0.        ,  0.28618304,  0.23758877, ...,  0.10246728,
          0.1182293 ,  0.33953514],
        [-0.28618304,  0.        , -0.05033682, ..., -0.1864951 ,
         -0.17089149,  0.0561522 ],
        [-0.23758877,  0.05033682,  0.        , ..., -0.13680497,
         -0.12107849,  0.10633842],
        ...,
        [-0.10246728,  0.1864951 ,  0.13680497, ...,  0.        ,
          0.01585838,  0.24136791],
        [-0.1182293 ,  0.17089149,  0.12107849, ..., -0.01585838,
          0.        ,  0.22594805],
        [-0.33953514, -0.0561522 , -0.10633842, ..., -0.24136791,
         -0.22594805,  0.        ]],

       [[ 0.        ,  0.06602309,  0.11543483, ...,  0.83899262,
          0.71855583,  0.41182832],
        [-0.06602309,  0.        ,  0.04960124, ...,  0.87308801,
          0.76290504,  0.47109404],
        [-0.11543483, -0.04960124,  0.        , ...,  0.89619704,
          0.79403371,  0.51426658],
        ...,
        [-0.83899262, -0.87308801, -0.89619704, ...,  0.        ,
          0.19249662,  0.54044823],
        [-0.71855583, -0.76290504, -0.79403371, ..., -0.19249662,
          0.        ,  0.36837829],
        [-0.41182832, -0.47109404, -0.51426658, ..., -0.54044823,
         -0.36837829,  0.        ]],

       [[ 0.        ,  0.2166106 ,  0.30767918, ...,  0.3751496 ,
          0.32818248,  0.        ],
        [-0.2166106 ,  0.        ,  0.09427143, ...,  0.56703312,
          0.52500428,  0.2166106 ],
        [-0.30767918, -0.09427143,  0.        , ...,  0.64215876,
          0.60290057,  0.30767918],
        ...,
        [-0.3751496 , -0.56703312, -0.64215876, ...,  0.        ,
          0.05015826,  0.3751496 ],
        [-0.32818248, -0.52500428, -0.60290057, ..., -0.05015826,
          0.        ,  0.32818248],
        [-0.        , -0.2166106 , -0.30767918, ..., -0.3751496 ,
         -0.32818248,  0.        ]]]), 'num': array([9.4391794e+07, 3.6606394e+07, 7.8300000e+02, 7.3800000e+04,
       7.4500000e+04, 7.3400000e+04, 1.7512081e+07, 0.0000000e+00,
       7.3540000e+04, 6.9935000e+04, 6.3315000e+04, 7.1969697e+01,
       7.6190006e+04, 6.3679994e+04])}
{'img': array([[[ 0.        , -0.01604934, -0.19302157, ...,  0.82174246,
          0.82174246,  0.82174246],
        [ 0.01604934,  0.        , -0.17724918, ...,  0.81249075,
          0.81249075,  0.81249075],
        [ 0.19302157,  0.17724918,  0.        , ...,  0.6962941 ,
          0.6962941 ,  0.6962941 ],
        ...,
        [-0.82174246, -0.81249075, -0.6962941 , ...,  0.        ,
          0.        ,  0.        ],
        [-0.82174246, -0.81249075, -0.6962941 , ...,  0.        ,
          0.        ,  0.        ],
        [-0.82174246, -0.81249075, -0.6962941 , ...,  0.        ,
          0.        ,  0.        ]],

       [[ 0.        , -0.25957407,  0.12229894, ...,  0.16339426,
          0.12432964, -0.0909618 ],
        [ 0.25957407,  0.        ,  0.37573245, ...,  0.41387925,
          0.37762805,  0.17065406],
        [-0.12229894, -0.37573245,  0.        , ...,  0.04151236,
          0.00204632, -0.21207091],
        ...,
        [-0.16339426, -0.41387925, -0.04151236, ...,  0.        ,
         -0.03946772, -0.25245624],
        [-0.12432964, -0.37762805, -0.00204632, ...,  0.03946772,
          0.        , -0.21407024],
        [ 0.0909618 , -0.17065406,  0.21207091, ...,  0.25245624,
          0.21407024,  0.        ]],

       [[ 0.        , -0.04374133, -0.15440795, ...,  0.90254022,
          0.71514162,  0.76321254],
        [ 0.04374133,  0.        , -0.11104342, ...,  0.88284113,
          0.68388285,  0.73421871],
        [ 0.15440795,  0.11104342,  0.        , ...,  0.82522729,
          0.59863704,  0.65428915],
        ...,
        [-0.90254022, -0.88284113, -0.82522729, ...,  0.        ,
          0.32291324,  0.25453057],
        [-0.71514162, -0.68388285, -0.59863704, ..., -0.32291324,
          0.        , -0.071383  ],
        [-0.76321254, -0.73421871, -0.65428915, ..., -0.25453057,
          0.071383  ,  0.        ]],

       ...,

       [[ 0.        , -0.05033682, -0.30670215, ..., -0.17089149,
          0.0561522 , -0.0656011 ],
        [ 0.05033682,  0.        , -0.25840248, ..., -0.12107849,
          0.10633842, -0.01528955],
        [ 0.30670215,  0.25840248,  0.        , ...,  0.13953505,
          0.35966422,  0.243602  ],
        ...,
        [ 0.17089149,  0.12107849, -0.13953505, ...,  0.        ,
          0.22594805,  0.10588728],
        [-0.0561522 , -0.10633842, -0.35966422, ..., -0.22594805,
          0.        , -0.12152884],
        [ 0.0656011 ,  0.01528955, -0.243602  , ..., -0.10588728,
          0.12152884,  0.        ]],

       [[ 0.        ,  0.04902032,  0.06617987, ...,  0.82136896,
          0.70440257,  0.46624364],
        [-0.04902032,  0.        ,  0.01718746, ...,  0.84834255,
          0.73835038,  0.50904924],
        [-0.06617987, -0.01718746,  0.        , ...,  0.85731709,
          0.74983283,  0.52376793],
        ...,
        [-0.82136896, -0.84834255, -0.85731709, ...,  0.        ,
          0.18121896,  0.46068518],
        [-0.70440257, -0.73835038, -0.74983283, ..., -0.18121896,
          0.        ,  0.29221416],
        [-0.46624364, -0.50904924, -0.52376793, ..., -0.46068518,
         -0.29221416,  0.        ]],

       [[ 0.        ,  0.21661109,  0.29548625, ...,  0.54055494,
          0.44726744,  0.        ],
        [-0.21661109,  0.        ,  0.08153206, ...,  0.70995787,
          0.63038542,  0.21661109],
        [-0.29548625, -0.08153206,  0.        , ...,  0.76501269,
          0.69157859,  0.29548625],
        ...,
        [-0.54055494, -0.70995787, -0.76501269, ...,  0.        ,
          0.10718248,  0.54055494],
        [-0.44726744, -0.63038542, -0.69157859, ..., -0.10718248,
          0.        ,  0.44726744],
        [-0.        , -0.21661109, -0.29548625, ..., -0.54055494,
         -0.44726744,  0.        ]]]), 'num': array([ 9.39849800e+07,  3.43920800e+07,  8.13000000e+02,  7.33000000e+04,
        7.37000000e+04,  7.26000000e+04,  2.42932140e+07, -5.00000000e+02,
        7.36200000e+04,  7.03700000e+04,  6.35483333e+04,  6.88888889e+01,
        7.62810405e+04,  6.44589595e+04])}
{'img': array([[[ 0.        , -0.17724918, -0.10217382, ...,  0.81249075,
          0.81249075,  0.92108489],
        [ 0.17724918,  0.        ,  0.07576556, ...,  0.6962941 ,
          0.6962941 ,  0.83748638],
        [ 0.10217382, -0.07576556,  0.        , ...,  0.74867395,
          0.74867395,  0.87648187],
        ...,
        [-0.81249075, -0.6962941 , -0.74867395, ...,  0.        ,
          0.        , -0.22061575],
        [-0.81249075, -0.6962941 , -0.74867395, ...,  0.        ,
          0.        , -0.22061575],
        [-0.92108489, -0.83748638, -0.87648187, ...,  0.22061575,
          0.22061575,  0.        ]],

       [[ 0.        ,  0.37573245,  0.33406248, ...,  0.37762805,
          0.17065406,  0.55808252],
        [-0.37573245,  0.        , -0.04456185, ...,  0.00204632,
         -0.21207091,  0.20541347],
        [-0.33406248,  0.04456185,  0.        , ...,  0.04660605,
         -0.16831199,  0.24882101],
        ...,
        [-0.37762805, -0.00204632, -0.04660605, ...,  0.        ,
         -0.21407024,  0.20341036],
        [-0.17065406,  0.21207091,  0.16831199, ...,  0.21407024,
          0.        ,  0.40828976],
        [-0.55808252, -0.20541347, -0.24882101, ..., -0.20341036,
         -0.40828976,  0.        ]],

       [[ 0.        , -0.11080456, -0.21968311, ...,  0.7676226 ,
          0.77975137,  0.68278151],
        [ 0.11080456,  0.        , -0.1102326 , ...,  0.69188087,
          0.70557628,  0.59762077],
        [ 0.21968311,  0.1102326 ,  0.        , ...,  0.60807519,
          0.6231618 ,  0.50559658],
        ...,
        [-0.7676226 , -0.69188087, -0.60807519, ...,  0.        ,
         -0.01914402,  0.12324631],
        [-0.77975137, -0.70557628, -0.6231618 , ...,  0.01914402,
          0.        ,  0.14222179],
        [-0.68278151, -0.59762077, -0.50559658, ..., -0.12324631,
         -0.14222179,  0.        ]],

       ...,

       [[ 0.        , -0.25840248, -0.43827055, ...,  0.10633842,
         -0.01528955, -0.14247813],
        [ 0.25840248,  0.        , -0.19112244, ...,  0.35966422,
          0.243602  ,  0.11812704],
        [ 0.43827055,  0.19112244,  0.        , ...,  0.53136711,
          0.42447641,  0.3057338 ],
        ...,
        [-0.10633842, -0.35966422, -0.53136711, ...,  0.        ,
         -0.12152884, -0.24692383],
        [ 0.01528955, -0.243602  , -0.42447641, ...,  0.12152884,
          0.        , -0.12732792],
        [ 0.14247813, -0.11812704, -0.3057338 , ...,  0.24692383,
          0.12732792,  0.        ]],

       [[ 0.        ,  0.0171325 ,  0.03979931, ...,  0.76200801,
          0.63391545,  0.50765057],
        [-0.0171325 ,  0.        ,  0.02267454, ...,  0.77299062,
          0.64707273,  0.52233679],
        [-0.03979931, -0.02267454,  0.        , ...,  0.78717701,
          0.66419407,  0.54153797],
        ...,
        [-0.76200801, -0.77299062, -0.78717701, ...,  0.        ,
          0.17883568,  0.32777989],
        [-0.63391545, -0.64707273, -0.66419407, ..., -0.17883568,
          0.        ,  0.15353998],
        [-0.50765057, -0.52233679, -0.54153797, ..., -0.32777989,
         -0.15353998,  0.        ]],

       [[ 0.        ,  0.19758716,  0.28705791, ...,  0.64564371,
          0.50486688,  0.        ],
        [-0.19758716,  0.        ,  0.0921273 , ...,  0.78380027,
          0.66547028,  0.19758716],
        [-0.28705791, -0.0921273 ,  0.        , ...,  0.8376792 ,
          0.73140625,  0.28705791],
        ...,
        [-0.64564371, -0.78380027, -0.8376792 , ...,  0.        ,
          0.17178192,  0.64564371],
        [-0.50486688, -0.66547028, -0.73140625, ..., -0.17178192,
          0.        ,  0.50486688],
        [-0.        , -0.19758716, -0.28705791, ..., -0.64564371,
         -0.50486688,  0.        ]]]), 'num': array([ 9.36510620e+07,  1.31320620e+07,  1.10300000e+03,  7.30000000e+04,
        7.37000000e+04,  7.30000000e+04,  1.76130290e+07, -3.00000000e+02,
        7.35400000e+04,  7.07850000e+04,  6.37783333e+04,  7.56097561e+01,
        7.61891743e+04,  6.53808257e+04])}
{'img': array([[[ 0.00000000e+00,  7.57655596e-02, -8.48856293e-02, ...,
          6.96294103e-01,  8.37486382e-01,  8.81126722e-01],
        [-7.57655596e-02,  0.00000000e+00, -1.60133738e-01, ...,
          7.48673946e-01,  8.76481871e-01,  9.14422098e-01],
        [ 8.48856293e-02,  1.60133738e-01,  0.00000000e+00, ...,
          6.32853749e-01,  7.88077195e-01,  8.37805738e-01],
        ...,
        [-6.96294103e-01, -7.48673946e-01, -6.32853749e-01, ...,
          0.00000000e+00, -2.20615750e-01, -3.03170806e-01],
        [-8.37486382e-01, -8.76481871e-01, -7.88077195e-01, ...,
          2.20615750e-01,  0.00000000e+00, -8.54681786e-02],
        [-8.81126722e-01, -9.14422098e-01, -8.37805738e-01, ...,
          3.03170806e-01,  8.54681786e-02,  0.00000000e+00]],

       [[ 0.00000000e+00, -4.45618550e-02, -2.08614806e-01, ...,
         -2.12070914e-01,  2.05413473e-01, -2.05358125e-01],
        [ 4.45618550e-02,  0.00000000e+00, -1.64826174e-01, ...,
         -1.68311985e-01,  2.48821007e-01, -1.61542024e-01],
        [ 2.08614806e-01,  1.64826174e-01,  0.00000000e+00, ...,
         -3.53519354e-03,  4.05060096e-01,  3.32876474e-03],
        ...,
        [ 2.12070914e-01,  1.68311985e-01,  3.53519354e-03, ...,
          0.00000000e+00,  4.08289757e-01,  6.86391790e-03],
        [-2.05413473e-01, -2.48821007e-01, -4.05060096e-01, ...,
         -4.08289757e-01,  0.00000000e+00, -4.02014395e-01],
        [ 2.05358125e-01,  1.61542024e-01, -3.32876474e-03, ...,
         -6.86391790e-03,  4.02014395e-01,  0.00000000e+00]],

       [[ 0.00000000e+00, -1.10232603e-01, -2.02004620e-01, ...,
          7.05576275e-01,  5.97620769e-01,  7.05576275e-01],
        [ 1.10232603e-01,  0.00000000e+00, -9.28134571e-02, ...,
          6.23161796e-01,  5.05596583e-01,  6.23161796e-01],
        [ 2.02004620e-01,  9.28134571e-02,  0.00000000e+00, ...,
          5.47883178e-01,  4.23337516e-01,  5.47883178e-01],
        ...,
        [-7.05576275e-01, -6.23161796e-01, -5.47883178e-01, ...,
          0.00000000e+00,  1.42221790e-01,  0.00000000e+00],
        [-5.97620769e-01, -5.05596583e-01, -4.23337516e-01, ...,
         -1.42221790e-01,  0.00000000e+00, -1.42221790e-01],
        [-7.05576275e-01, -6.23161796e-01, -5.47883178e-01, ...,
          0.00000000e+00,  1.42221790e-01,  0.00000000e+00]],

       ...,

       [[ 0.00000000e+00, -1.91122437e-01, -1.91122437e-01, ...,
          2.43601996e-01,  1.18127042e-01,  4.02641627e-01],
        [ 1.91122437e-01,  0.00000000e+00,  0.00000000e+00, ...,
          4.24476415e-01,  3.05733803e-01,  5.70164808e-01],
        [ 1.91122437e-01,  0.00000000e+00,  0.00000000e+00, ...,
          4.24476415e-01,  3.05733803e-01,  5.70164808e-01],
        ...,
        [-2.43601996e-01, -4.24476415e-01, -4.24476415e-01, ...,
          0.00000000e+00, -1.27327916e-01,  1.67529200e-01],
        [-1.18127042e-01, -3.05733803e-01, -3.05733803e-01, ...,
          1.27327916e-01,  0.00000000e+00,  2.91694031e-01],
        [-4.02641627e-01, -5.70164808e-01, -5.70164808e-01, ...,
         -1.67529200e-01, -2.91694031e-01,  0.00000000e+00]],

       [[ 0.00000000e+00,  2.26745383e-02,  2.28251760e-02, ...,
          6.47072727e-01,  5.22336794e-01,  6.47609279e-01],
        [-2.26745383e-02,  0.00000000e+00,  1.50676725e-04, ...,
          6.64194074e-01,  5.41537971e-01,  6.64720155e-01],
        [-2.28251760e-02, -1.50676725e-04,  0.00000000e+00, ...,
          6.64306706e-01,  5.41664635e-01,  6.64832717e-01],
        ...,
        [-6.47072727e-01, -6.64194074e-01, -6.64306706e-01, ...,
          0.00000000e+00,  1.53539984e-01, -7.03951729e-04],
        [-5.22336794e-01, -5.41537971e-01, -5.41664635e-01, ...,
         -1.53539984e-01,  0.00000000e+00, -1.54235551e-01],
        [-6.47609279e-01, -6.64720155e-01, -6.64832717e-01, ...,
          7.03951729e-04,  1.54235551e-01,  0.00000000e+00]],

       [[ 0.00000000e+00,  2.03317673e-01,  3.32386225e-01, ...,
          6.92806052e-01,  5.28639148e-01,  0.00000000e+00],
        [-2.03317673e-01,  0.00000000e+00,  1.33685902e-01, ...,
          8.24952537e-01,  6.90182898e-01,  2.03317673e-01],
        [-3.32386225e-01, -1.33685902e-01,  0.00000000e+00, ...,
          8.93107100e-01,  7.80727439e-01,  3.32386225e-01],
        ...,
        [-6.92806052e-01, -8.24952537e-01, -8.93107100e-01, ...,
          0.00000000e+00,  2.06871743e-01,  6.92806052e-01],
        [-5.28639148e-01, -6.90182898e-01, -7.80727439e-01, ...,
         -2.06871743e-01,  0.00000000e+00,  5.28639148e-01],
        [-0.00000000e+00, -2.03317673e-01, -3.32386225e-01, ...,
         -6.92806052e-01, -5.28639148e-01,  0.00000000e+00]]]), 'num': array([9.36508760e+07, 1.18178760e+07, 1.12100000e+03, 7.30000000e+04,
       7.34000000e+04, 7.20000000e+04, 2.03673550e+07, 0.00000000e+00,
       7.33800000e+04, 7.10600000e+04, 6.40250000e+04, 7.32142857e+01,
       7.63255104e+04, 6.57944896e+04])}
{'img': array([[[ 0.00000000e+00, -1.60133738e-01, -1.38053724e-01, ...,
          8.76481871e-01,  9.14422098e-01,  9.14422098e-01],
        [ 1.60133738e-01,  0.00000000e+00,  2.23282306e-02, ...,
          7.88077195e-01,  8.37805738e-01,  8.37805738e-01],
        [ 1.38053724e-01, -2.23282306e-02,  0.00000000e+00, ...,
          8.01625455e-01,  8.49787378e-01,  8.49787378e-01],
        ...,
        [-8.76481871e-01, -7.88077195e-01, -8.01625455e-01, ...,
          0.00000000e+00, -8.54681786e-02, -8.54681786e-02],
        [-9.14422098e-01, -8.37805738e-01, -8.49787378e-01, ...,
          8.54681786e-02,  0.00000000e+00,  0.00000000e+00],
        [-9.14422098e-01, -8.37805738e-01, -8.49787378e-01, ...,
          8.54681786e-02,  0.00000000e+00,  0.00000000e+00]],

       [[ 0.00000000e+00, -1.64826174e-01, -6.33239937e-01, ...,
          2.48821007e-01, -1.61542024e-01,  1.59553346e-02],
        [ 1.64826174e-01,  0.00000000e+00, -4.97010750e-01, ...,
          4.05060096e-01,  3.32876474e-03,  1.80542300e-01],
        [ 6.33239937e-01,  4.97010750e-01,  0.00000000e+00, ...,
          8.05900613e-01,  4.99896513e-01,  6.45508049e-01],
        ...,
        [-2.48821007e-01, -4.05060096e-01, -8.05900613e-01, ...,
          0.00000000e+00, -4.02014395e-01, -2.33335802e-01],
        [ 1.61542024e-01, -3.32876474e-03, -4.99896513e-01, ...,
          4.02014395e-01,  0.00000000e+00,  1.77267236e-01],
        [-1.59553346e-02, -1.80542300e-01, -6.45508049e-01, ...,
          2.33335802e-01, -1.77267236e-01,  0.00000000e+00]],

       [[ 0.00000000e+00, -9.28134571e-02, -1.85400867e-01, ...,
          5.05596583e-01,  6.23161796e-01,  7.01620390e-01],
        [ 9.28134571e-02,  0.00000000e+00, -9.33962392e-02, ...,
          4.23337516e-01,  5.47883178e-01,  6.32457541e-01],
        [ 1.85400867e-01,  9.33962392e-02,  0.00000000e+00, ...,
          3.36872734e-01,  4.67357313e-01,  5.57348818e-01],
        ...,
        [-5.05596583e-01, -4.23337516e-01, -3.36872734e-01, ...,
          0.00000000e+00, -1.42221790e-01, -2.45073717e-01],
        [-6.23161796e-01, -5.47883178e-01, -4.67357313e-01, ...,
          1.42221790e-01,  0.00000000e+00, -1.04697840e-01],
        [-7.01620390e-01, -6.32457541e-01, -5.57348818e-01, ...,
          2.45073717e-01,  1.04697840e-01,  0.00000000e+00]],

       ...,

       [[ 0.00000000e+00,  0.00000000e+00, -1.16025766e-01, ...,
          3.05733803e-01,  5.70164808e-01,  4.73534728e-01],
        [ 0.00000000e+00,  0.00000000e+00, -1.16025766e-01, ...,
          3.05733803e-01,  5.70164808e-01,  4.73534728e-01],
        [ 1.16025766e-01,  1.16025766e-01,  0.00000000e+00, ...,
          4.14139048e-01,  6.61632718e-01,  5.72529182e-01],
        ...,
        [-3.05733803e-01, -3.05733803e-01, -4.14139048e-01, ...,
          0.00000000e+00,  2.91694031e-01,  1.81577743e-01],
        [-5.70164808e-01, -5.70164808e-01, -6.61632718e-01, ...,
         -2.91694031e-01,  0.00000000e+00, -1.13163850e-01],
        [-4.73534728e-01, -4.73534728e-01, -5.72529182e-01, ...,
         -1.81577743e-01,  1.13163850e-01,  0.00000000e+00]],

       [[ 0.00000000e+00,  1.50440198e-04, -5.35462906e-03, ...,
          6.27971491e-01,  6.88834479e-01,  5.40823054e-01],
        [-1.50440198e-04,  0.00000000e+00, -5.50506704e-03, ...,
          6.28088562e-01,  6.88943528e-01,  5.40949588e-01],
        [ 5.35462906e-03,  5.50506704e-03,  0.00000000e+00, ...,
          6.23795322e-01,  6.84942933e-01,  5.36311327e-01],
        ...,
        [-6.27971491e-01, -6.28088562e-01, -6.23795322e-01, ...,
          0.00000000e+00, -8.08477754e-02,  1.07321517e-01],
        [-6.88834479e-01, -6.88943528e-01, -6.84942933e-01, ...,
          8.08477754e-02,  0.00000000e+00,  1.87351024e-01],
        [-5.40823054e-01, -5.40949588e-01, -5.36311327e-01, ...,
         -1.07321517e-01, -1.87351024e-01,  0.00000000e+00]],

       [[ 0.00000000e+00,  2.62781524e-01,  3.89215808e-01, ...,
          6.18173154e-01,  3.57980278e-01,  0.00000000e+00],
        [-2.62781524e-01,  0.00000000e+00,  1.33476653e-01, ...,
          8.03004985e-01,  5.90765959e-01,  2.62781524e-01],
        [-3.89215808e-01, -1.33476653e-01,  0.00000000e+00, ...,
          8.75368052e-01,  6.93174460e-01,  3.89215808e-01],
        ...,
        [-6.18173154e-01, -8.03004985e-01, -8.75368052e-01, ...,
          0.00000000e+00,  2.95818775e-01,  6.18173154e-01],
        [-3.57980278e-01, -5.90765959e-01, -6.93174460e-01, ...,
         -2.95818775e-01,  0.00000000e+00,  3.57980278e-01],
        [-0.00000000e+00, -2.62781524e-01, -3.89215808e-01, ...,
         -6.18173154e-01, -3.57980278e-01,  0.00000000e+00]]]), 'num': array([ 9.27837780e+07,  3.34867400e+06,  1.23700000e+03,  7.23000000e+04,
        7.32000000e+04,  7.21000000e+04,  1.63049100e+07, -7.00000000e+02,
        7.30800000e+04,  7.12900000e+04,  6.42533333e+04,  6.37254902e+01,
        7.63460459e+04,  6.62339541e+04])}
{'img': array([[[ 0.        ,  0.02232823,  0.08488563, ...,  0.83780574,
          0.83780574,  0.91319096],
        [-0.02232823,  0.        ,  0.06261683, ...,  0.84978738,
          0.84978738,  0.92206277],
        [-0.08488563, -0.06261683,  0.        , ...,  0.88112672,
          0.88112672,  0.94448859],
        ...,
        [-0.83780574, -0.84978738, -0.88112672, ...,  0.        ,
          0.        , -0.15714088],
        [-0.83780574, -0.84978738, -0.88112672, ...,  0.        ,
          0.        , -0.15714088],
        [-0.91319096, -0.92206277, -0.94448859, ...,  0.15714088,
          0.15714088,  0.        ]],

       [[ 0.        , -0.49701075, -0.38329887, ...,  0.00332876,
          0.1805423 , -0.08798139],
        [ 0.49701075,  0.        ,  0.1264458 , ...,  0.49989651,
          0.64550805,  0.41873805],
        [ 0.38329887, -0.1264458 ,  0.        , ...,  0.38637127,
          0.54375347,  0.30055073],
        ...,
        [-0.00332876, -0.49989651, -0.38637127, ...,  0.        ,
          0.17726724, -0.09129676],
        [-0.1805423 , -0.64550805, -0.54375347, ..., -0.17726724,
          0.        , -0.26637779],
        [ 0.08798139, -0.41873805, -0.30055073, ...,  0.09129676,
          0.26637779,  0.        ]],

       [[ 0.        , -0.09339624, -0.17840484, ...,  0.54788318,
          0.63245754,  0.72409636],
        [ 0.09339624,  0.        , -0.08572713, ...,  0.46735731,
          0.55734882,  0.65651607],
        [ 0.17840484,  0.08572713,  0.        , ...,  0.38984815,
          0.48411963,  0.5894342 ],
        ...,
        [-0.54788318, -0.46735731, -0.38984815, ...,  0.        ,
         -0.10469784, -0.22787194],
        [-0.63245754, -0.55734882, -0.48411963, ...,  0.10469784,
          0.        , -0.12467622],
        [-0.72409636, -0.65651607, -0.5894342 , ...,  0.22787194,
          0.12467622,  0.        ]],

       ...,

       [[ 0.        , -0.11602577, -0.47140417, ...,  0.57016481,
          0.47353473,  0.1136257 ],
        [ 0.11602577,  0.        , -0.36589527, ...,  0.66163272,
          0.57252918,  0.22813264],
        [ 0.47140417,  0.36589527,  0.        , ...,  0.89011103,
          0.83281954,  0.56855965],
        ...,
        [-0.57016481, -0.66163272, -0.89011103, ...,  0.        ,
         -0.11316385, -0.47312525],
        [-0.47353473, -0.57252918, -0.83281954, ...,  0.11316385,
          0.        , -0.37038924],
        [-0.1136257 , -0.22813264, -0.56855965, ...,  0.47312525,
          0.37038924,  0.        ]],

       [[ 0.        , -0.00550109, -0.05816224, ...,  0.69846128,
          0.60054087,  0.54062033],
        [ 0.00550109,  0.        , -0.05266959, ...,  0.69451387,
          0.59613315,  0.53598427],
        [ 0.05816224,  0.05266959,  0.        , ...,  0.6556552 ,
          0.55301806,  0.49077518],
        ...,
        [-0.69846128, -0.69451387, -0.6556552 , ...,  0.        ,
          0.12870971,  0.20069843],
        [-0.60054087, -0.59613315, -0.55301806, ..., -0.12870971,
          0.        ,  0.07293823],
        [-0.54062033, -0.53598427, -0.49077518, ..., -0.20069843,
         -0.07293823,  0.        ]],

       [[ 0.        ,  0.28992799,  0.51350577, ...,  0.50057578,
          0.36548947,  0.        ],
        [-0.28992799,  0.        ,  0.24266671, ...,  0.73006383,
          0.6196606 ,  0.28992799],
        [-0.51350577, -0.24266671,  0.        , ...,  0.87407534,
          0.79160056,  0.51350577],
        ...,
        [-0.50057578, -0.73006383, -0.87407534, ...,  0.        ,
          0.14954211,  0.50057578],
        [-0.36548947, -0.6196606 , -0.79160056, ..., -0.14954211,
          0.        ,  0.36548947],
        [-0.        , -0.28992799, -0.51350577, ..., -0.50057578,
         -0.36548947,  0.        ]]]), 'num': array([9.47915860e+07, 2.04709000e+06, 1.25500000e+03, 7.39000000e+04,
       7.40000000e+04, 7.23000000e+04, 1.94113260e+07, 1.60000000e+03,
       7.31000000e+04, 7.16550000e+04, 6.45216667e+04, 6.81034483e+01,
       7.63447655e+04, 6.69652345e+04])}
{'img': array([[[ 0.        ,  0.06261683,  0.06261683, ...,  0.84978738,
          0.92206277,  0.52724875],
        [-0.06261683,  0.        ,  0.        , ...,  0.88112672,
          0.94448859,  0.5794203 ],
        [-0.06261683,  0.        ,  0.        , ...,  0.88112672,
          0.94448859,  0.5794203 ],
        ...,
        [-0.84978738, -0.88112672, -0.88112672, ...,  0.        ,
         -0.15714088,  0.44414735],
        [-0.92206277, -0.94448859, -0.94448859, ...,  0.15714088,
          0.        ,  0.5794203 ],
        [-0.52724875, -0.5794203 , -0.5794203 , ..., -0.44414735,
         -0.5794203 ,  0.        ]],

       [[ 0.        ,  0.1264458 ,  0.36432088, ...,  0.64550805,
          0.41873805,  0.59843285],
        [-0.1264458 ,  0.        ,  0.24364105, ...,  0.54375347,
          0.30055073,  0.49232458],
        [-0.36432088, -0.24364105,  0.        , ...,  0.32289319,
          0.05911727,  0.2654206 ],
        ...,
        [-0.64550805, -0.54375347, -0.32289319, ...,  0.        ,
         -0.26637779, -0.06010844],
        [-0.41873805, -0.30055073, -0.05911727, ...,  0.26637779,
