state_0,state_1,state_2,state_3,state_4,state_5,state_6,state_7,state_8,state_9,state_10,state_11,state_12,state_13,state_14,state_15,state_16,state_17,state_18,state_19,state_20,state_21,state_22,state_23,state_24,state_25,state_26,state_27,state_28,state_29,state_30,state_31,state_32,state_33,state_34,state_35,state_36,state_37,state_38,state_39,state_40,state_41,state_42,state_43,state_44,state_45,state_46,state_47,state_48,state_49,state_50,state_51,state_52,state_53,state_54,state_55,state_56,state_57,state_58,state_59,state_60,state_61,state_62,state_63,state_64,state_65,state_66,state_67,state_68,state_69,state_70,state_71,state_72,state_73,state_74,state_75,state_76,state_77,state_78,state_79,state_80,state_81,state_82,state_83,state_84,state_85,state_86,state_87,state_88,state_89,state_90,state_91,state_92,state_93,state_94,state_95,state_96,state_97,state_98,state_99,state_100,state_101,state_102,state_103,state_104,state_105,state_106,state_107,state_108,state_109,state_110,state_111,state_112,state_113,state_114,state_115,state_116,state_117,state_118,state_119,state_120,state_121,state_122,state_123,state_124,state_125,state_126,state_127,state_128,state_129,state_130,state_131,state_132,state_133,state_134,state_135,state_136,state_137,state_138,state_139,state_140,state_141,state_142,state_143,state_144,state_145,state_146,state_147,state_148,state_149,state_150,state_151,state_152,state_153,state_154,state_155,state_156,state_157,state_158,state_159,state_160,state_161,state_162,state_163,state_164,state_165,state_166,state_167,state_168,state_169,state_170,state_171,state_172,state_173,state_174,state_175,state_176,state_177,state_178,state_179,state_180,state_181,state_182,state_183,state_184,state_185,state_186,state_187,state_188,state_189,state_190,state_191,state_192,state_193,state_194,state_195,state_196,state_197,state_198,state_199,state_200,state_201,state_202,state_203,state_204,state_205,state_206,state_207,state_208,state_209,state_210,state_211,state_212,state_213,state_214,state_215,state_216,state_217,state_218,state_219,state_220,state_221,state_222,state_223,state_224,state_225,state_226,state_227,state_228,state_229,state_230,state_231,state_232,state_233,state_234,state_235,state_236,state_237,state_238,state_239,state_240,state_241,state_242,state_243,state_244,state_245,state_246,state_247,state_248,state_249,state_250,state_251,state_252,state_253,state_254,state_255,state_256,state_257,state_258,state_259,state_260,state_261,state_262,state_263,state_264,state_265,state_266,state_267,state_268,state_269,state_270,state_271,state_272,state_273,state_274,state_275,state_276,state_277,state_278,state_279,state_280,state_281,state_282,state_283,state_284,state_285,state_286,state_287
{'img': array([[[ 0.00000000e+00,  1.43458726e-02, -7.11613611e-02, ...,
         -1.41395863e-01, -2.10718738e-01,  1.74787533e-01],
        [-1.43458726e-02,  0.00000000e+00, -8.54635413e-02, ...,
         -1.55583054e-01, -2.24720814e-01,  1.60644512e-01],
        [ 7.11613611e-02,  8.54635413e-02,  0.00000000e+00, ...,
         -7.05909865e-02, -1.40620971e-01,  2.44410330e-01],
        ...,
        [ 1.41395863e-01,  1.55583054e-01,  7.05909865e-02, ...,
          0.00000000e+00, -7.03806108e-02,  3.12250707e-01],
        [ 2.10718738e-01,  2.24720814e-01,  1.40620971e-01, ...,
          7.03806108e-02,  0.00000000e+00,  3.78337952e-01],
        [-1.74787533e-01, -1.60644512e-01, -2.44410330e-01, ...,
         -3.12250707e-01, -3.78337952e-01,  0.00000000e+00]],

       [[ 0.00000000e+00, -1.96760660e-01, -2.28595995e-01, ...,
         -7.91287358e-01, -5.88283479e-01, -5.89967029e-01],
        [ 1.96760660e-01,  0.00000000e+00, -3.25765883e-02, ...,
         -6.55510703e-01, -4.17672000e-01, -4.19564152e-01],
        [ 2.28595995e-01,  3.25765883e-02,  0.00000000e+00, ...,
         -6.30561405e-01, -3.87851299e-01, -3.89770859e-01],
        ...,
        [ 7.91287358e-01,  6.55510703e-01,  6.30561405e-01, ...,
          0.00000000e+00,  2.80175633e-01,  2.78174978e-01],
        [ 5.88283479e-01,  4.17672000e-01,  3.87851299e-01, ...,
         -2.80175633e-01,  0.00000000e+00, -2.08349400e-03],
        [ 5.89967029e-01,  4.19564152e-01,  3.89770859e-01, ...,
         -2.78174978e-01,  2.08349400e-03,  0.00000000e+00]],

       [[ 0.00000000e+00, -8.52917928e-02, -2.12573351e-01, ...,
          9.43543048e-02, -9.28306475e-02, -1.94967226e-01],
        [ 8.52917928e-02,  0.00000000e+00, -1.28456279e-01, ...,
          1.78921758e-01, -7.56887877e-03, -1.10601746e-01],
        [ 2.12573351e-01,  1.28456279e-01,  0.00000000e+00, ...,
          3.03822841e-01,  1.20946427e-01,  1.79827448e-02],
        ...,
        [-9.43543048e-02, -1.78921758e-01, -3.03822841e-01, ...,
          0.00000000e+00, -1.86363375e-01, -2.86641038e-01],
        [ 9.28306475e-02,  7.56887877e-03, -1.20946427e-01, ...,
          1.86363375e-01,  0.00000000e+00, -1.03076136e-01],
        [ 1.94967226e-01,  1.10601746e-01, -1.79827448e-02, ...,
          2.86641038e-01,  1.03076136e-01,  0.00000000e+00]],

       ...,

       [[ 0.00000000e+00,  1.36618147e-01, -5.25175970e-02, ...,
         -7.97078141e-01, -8.04689574e-01, -5.81291207e-01],
        [-1.36618147e-01,  0.00000000e+00, -1.88454795e-01, ...,
         -8.72105008e-01, -8.78254250e-01, -6.87006480e-01],
        [ 5.25175970e-02,  1.88454795e-01,  0.00000000e+00, ...,
         -7.64264046e-01, -7.72399626e-01, -5.37755687e-01],
        ...,
        [ 7.97078141e-01,  8.72105008e-01,  7.64264046e-01, ...,
          0.00000000e+00, -1.27109293e-02,  2.97551066e-01],
        [ 8.04689574e-01,  8.78254250e-01,  7.72399626e-01, ...,
          1.27109293e-02,  0.00000000e+00,  3.09662227e-01],
        [ 5.81291207e-01,  6.87006480e-01,  5.37755687e-01, ...,
         -2.97551066e-01, -3.09662227e-01,  0.00000000e+00]],

       [[ 0.00000000e+00,  2.86374900e-03,  2.72744152e-03, ...,
          9.22560281e-01,  9.83250731e-01,  9.57885507e-01],
        [-2.86374900e-03,  0.00000000e+00, -1.36308008e-04, ...,
          9.21451512e-01,  9.82724758e-01,  9.57059253e-01],
        [-2.72744152e-03,  1.36308008e-04,  0.00000000e+00, ...,
          9.21504458e-01,  9.82749976e-01,  9.57098759e-01],
        ...,
        [-9.22560281e-01, -9.21451512e-01, -9.21504458e-01, ...,
          0.00000000e+00,  2.11246187e-01,  1.04689428e-01],
        [-9.83250731e-01, -9.82724758e-01, -9.82749976e-01, ...,
         -2.11246187e-01,  0.00000000e+00, -1.07758492e-01],
        [-9.57885507e-01, -9.57059253e-01, -9.57098759e-01, ...,
         -1.04689428e-01,  1.07758492e-01,  0.00000000e+00]],

       [[ 0.00000000e+00,  2.82339115e-03,  1.71671771e-02, ...,
          3.12002550e-01,  2.71538021e-01,  3.15424807e-01],
        [-2.82339115e-03,  0.00000000e+00,  1.43441336e-02, ...,
          3.09318855e-01,  2.68819629e-01,  3.12744291e-01],
        [-1.71671771e-02, -1.43441336e-02,  0.00000000e+00, ...,
          2.95646358e-01,  2.54975838e-01,  2.99087521e-01],
        ...,
        [-3.12002550e-01, -3.09318855e-01, -2.95646358e-01, ...,
          0.00000000e+00, -4.22967146e-02,  3.60420041e-03],
        [-2.71538021e-01, -2.68819629e-01, -2.54975838e-01, ...,
          4.22967146e-02,  0.00000000e+00,  4.58974148e-02],
        [-3.15424807e-01, -3.12744291e-01, -2.99087521e-01, ...,
         -3.60420041e-03, -4.58974148e-02,  0.00000000e+00]]]), 'num': array([ 9.99999105e-01,  1.30580728e-03,  2.05281257e-05,  9.45642759e-05,
        9.56333479e-05,  9.38839574e-05,  1.04984812e-04, -1.06907198e-06,
        9.42338355e-05,  9.64740272e-05,  9.36604241e-05,  7.60604569e-08,
        1.00666565e-04,  9.22814898e-05])}
{'img': array([[[ 0.00000000e+00, -8.54635413e-02, -9.95665498e-02, ...,
         -2.24720814e-01,  1.60644512e-01,  0.00000000e+00],
        [ 8.54635413e-02,  0.00000000e+00, -1.41634007e-02, ...,
         -1.40620971e-01,  2.44410330e-01,  8.54635413e-02],
        [ 9.95665498e-02,  1.41634007e-02,  0.00000000e+00, ...,
         -1.26584200e-01,  2.58119666e-01,  9.95665498e-02],
        ...,
        [ 2.24720814e-01,  1.40620971e-01,  1.26584200e-01, ...,
          0.00000000e+00,  3.78337952e-01,  2.24720814e-01],
        [-1.60644512e-01, -2.44410330e-01, -2.58119666e-01, ...,
         -3.78337952e-01,  0.00000000e+00, -1.60644512e-01],
        [ 0.00000000e+00, -8.54635413e-02, -9.95665498e-02, ...,
         -2.24720814e-01,  1.60644512e-01,  0.00000000e+00]],

       [[ 0.00000000e+00, -3.25765883e-02, -5.28698552e-01, ...,
         -4.17672000e-01, -4.19564152e-01, -3.98771516e-01],
        [ 3.25765883e-02,  0.00000000e+00, -5.00766618e-01, ...,
         -3.87851299e-01, -3.89770859e-01, -3.68685494e-01],
        [ 5.28698552e-01,  5.00766618e-01,  0.00000000e+00, ...,
          1.25850352e-01,  1.23783151e-01,  1.46362058e-01],
        ...,
        [ 4.17672000e-01,  3.87851299e-01, -1.25850352e-01, ...,
          0.00000000e+00, -2.08349400e-03,  2.07032867e-02],
        [ 4.19564152e-01,  3.89770859e-01, -1.23783151e-01, ...,
          2.08349400e-03,  0.00000000e+00,  2.27862892e-02],
        [ 3.98771516e-01,  3.68685494e-01, -1.46362058e-01, ...,
         -2.07032867e-02, -2.27862892e-02,  0.00000000e+00]],

       [[ 0.00000000e+00, -1.28456279e-01, -1.81094740e-01, ...,
         -7.56887877e-03, -1.10601746e-01, -2.25633789e-01],
        [ 1.28456279e-01,  0.00000000e+00, -5.32620629e-02, ...,
          1.20946427e-01,  1.79827448e-02, -9.86207790e-02],
        [ 1.81094740e-01,  5.32620629e-02,  0.00000000e+00, ...,
          1.73645820e-01,  7.12106697e-02, -4.54783786e-02],
        ...,
        [ 7.56887877e-03, -1.20946427e-01, -1.73645820e-01, ...,
          0.00000000e+00, -1.03076136e-01, -2.18253632e-01],
        [ 1.10601746e-01, -1.79827448e-02, -7.12106697e-02, ...,
          1.03076136e-01,  0.00000000e+00, -1.16499912e-01],
        [ 2.25633789e-01,  9.86207790e-02,  4.54783786e-02, ...,
          2.18253632e-01,  1.16499912e-01,  0.00000000e+00]],

       ...,

       [[ 0.00000000e+00, -1.88454795e-01, -6.53857623e-01, ...,
         -8.78254250e-01, -6.87006480e-01, -8.48601851e-01],
        [ 1.88454795e-01,  0.00000000e+00, -4.99553498e-01, ...,
         -7.72399626e-01, -5.37755687e-01, -7.33697865e-01],
        [ 6.53857623e-01,  4.99553498e-01,  0.00000000e+00, ...,
         -3.51831860e-01, -4.46747174e-02, -2.96155474e-01],
        ...,
        [ 8.78254250e-01,  7.72399626e-01,  3.51831860e-01, ...,
          0.00000000e+00,  3.09662227e-01,  5.88283485e-02],
        [ 6.87006480e-01,  5.37755687e-01,  4.46747174e-02, ...,
         -3.09662227e-01,  0.00000000e+00, -2.53189190e-01],
        [ 8.48601851e-01,  7.33697865e-01,  2.96155474e-01, ...,
         -5.88283485e-02,  2.53189190e-01,  0.00000000e+00]],

       [[ 0.00000000e+00, -1.36308008e-04, -1.73105750e-02, ...,
          9.82724758e-01,  9.57059253e-01,  8.56902329e-01],
        [ 1.36308008e-04,  0.00000000e+00, -1.71742872e-02, ...,
          9.82749976e-01,  9.57098759e-01,  8.56972585e-01],
        [ 1.73105750e-02,  1.71742872e-02,  0.00000000e+00, ...,
          9.85781229e-01,  9.61934051e-01,  8.65697166e-01],
        ...,
        [-9.82724758e-01, -9.82749976e-01, -9.85781229e-01, ...,
          0.00000000e+00, -1.07758492e-01, -3.47984218e-01],
        [-9.57059253e-01, -9.57098759e-01, -9.61934051e-01, ...,
          1.07758492e-01,  0.00000000e+00, -2.44934313e-01],
        [-8.56902329e-01, -8.56972585e-01, -8.65697166e-01, ...,
          3.47984218e-01,  2.44934313e-01,  0.00000000e+00]],

       [[ 0.00000000e+00,  1.43441336e-02,  6.22455233e-02, ...,
          2.68819629e-01,  3.12744291e-01,  4.20236658e-01],
        [-1.43441336e-02,  0.00000000e+00,  4.79228009e-02, ...,
          2.54975838e-01,  2.99087521e-01,  4.07177348e-01],
        [-6.22455233e-02, -4.79228009e-02,  0.00000000e+00, ...,
          2.08344053e-01,  2.53014715e-01,  3.62939270e-01],
        ...,
        [-2.68819629e-01, -2.54975838e-01, -2.08344053e-01, ...,
          0.00000000e+00,  4.58974148e-02,  1.60837131e-01],
        [-3.12744291e-01, -2.99087521e-01, -2.53014715e-01, ...,
         -4.58974148e-02,  0.00000000e+00,  1.15367760e-01],
        [-4.20236658e-01, -4.07177348e-01, -3.62939270e-01, ...,
         -1.60837131e-01, -1.15367760e-01,  0.00000000e+00]]]), 'num': array([ 8.04639214e-01,  5.93762529e-01,  4.38869272e-06,  4.33902645e-04,
        4.42029853e-04,  4.29387529e-04,  4.91443283e-04, -5.41813916e-06,
        4.36792319e-04,  4.48509045e-04,  4.35031424e-04,  3.40661444e-07,
        4.66807858e-04,  4.30210232e-04])}
{'img': array([[[ 0.        , -0.0141634 ,  0.11413929, ...,  0.24441033,
          0.08546354, -0.08464172],
        [ 0.0141634 ,  0.        ,  0.12819868, ...,  0.25811967,
          0.09956655, -0.07052065],
        [-0.11413929, -0.12819868,  0.        , ...,  0.13213539,
         -0.02881667, -0.19781825],
        ...,
        [-0.24441033, -0.25811967, -0.13213539, ...,  0.        ,
         -0.16064451, -0.32560795],
        [-0.08546354, -0.09956655,  0.02881667, ...,  0.16064451,
          0.        , -0.16948889],
        [ 0.08464172,  0.07052065,  0.19781825, ...,  0.32560795,
          0.16948889,  0.        ]],

       [[ 0.        , -0.50076662, -0.42623124, ..., -0.38977086,
         -0.36868549, -0.36346071],
        [ 0.50076662,  0.        ,  0.08406238, ...,  0.12378315,
          0.14636206,  0.15191378],
        [ 0.42623124, -0.08406238,  0.        , ...,  0.03992914,
          0.06268689,  0.06828935],
        ...,
        [ 0.38977086, -0.12378315, -0.03992914, ...,  0.        ,
          0.02278629,  0.02839897],
        [ 0.36868549, -0.14636206, -0.06268689, ..., -0.02278629,
          0.        ,  0.00561449],
        [ 0.36346071, -0.15191378, -0.06828935, ..., -0.02839897,
         -0.00561449,  0.        ]],

       [[ 0.        , -0.05326206, -0.08126113, ...,  0.01798274,
         -0.09862078, -0.13644167],
        [ 0.05326206,  0.        , -0.02805987, ...,  0.07121067,
         -0.04547838, -0.08348404],
        [ 0.08126113,  0.02805987,  0.        , ...,  0.09917126,
         -0.01742964, -0.05548926],
        ...,
        [-0.01798274, -0.07121067, -0.09917126, ...,  0.        ,
         -0.11649991, -0.15423418],
        [ 0.09862078,  0.04547838,  0.01742964, ...,  0.11649991,
          0.        , -0.03807804],
        [ 0.13644167,  0.08348404,  0.05548926, ...,  0.15423418,
          0.03807804,  0.        ]],

       ...,

       [[ 0.        , -0.4995535 , -0.34337598, ..., -0.53775569,
         -0.73369786, -0.77633146],
        [ 0.4995535 ,  0.        ,  0.17171887, ..., -0.04467472,
         -0.29615547, -0.35764178],
        [ 0.34337598, -0.17171887,  0.        , ..., -0.21555854,
         -0.4557719 , -0.51269055],
        ...,
        [ 0.53775569,  0.04467472,  0.21555854, ...,  0.        ,
         -0.25318919, -0.31556482],
        [ 0.73369786,  0.29615547,  0.4557719 , ...,  0.25318919,
          0.        , -0.06503046],
        [ 0.77633146,  0.35764178,  0.51269055, ...,  0.31556482,
          0.06503046,  0.        ]],

       [[ 0.        , -0.01717429, -0.07844184, ...,  0.95709876,
          0.85697258,  0.76485006],
        [ 0.01717429,  0.        , -0.0613089 , ...,  0.96193405,
          0.86569717,  0.77580107],
        [ 0.07844184,  0.0613089 ,  0.        , ...,  0.9768791 ,
          0.89475793,  0.81302621],
        ...,
        [-0.95709876, -0.96193405, -0.9768791 , ...,  0.        ,
         -0.24493431, -0.39494659],
        [-0.85697258, -0.86569717, -0.89475793, ...,  0.24493431,
          0.        , -0.15789423],
        [-0.76485006, -0.77580107, -0.81302621, ...,  0.39494659,
          0.15789423,  0.        ]],

       [[ 0.        ,  0.0479228 ,  0.18102999, ...,  0.29908752,
          0.40717735,  0.51634983],
        [-0.0479228 ,  0.        ,  0.13369099, ...,  0.25301471,
          0.36293927,  0.47471654],
        [-0.18102999, -0.13369099,  0.        , ...,  0.12140241,
          0.23510621,  0.35278842],
        ...,
        [-0.29908752, -0.25301471, -0.12140241, ...,  0.        ,
          0.11536776,  0.23658237],
        [-0.40717735, -0.36293927, -0.23510621, ..., -0.11536776,
          0.        ,  0.12291004],
        [-0.51634983, -0.47471654, -0.35278842, ..., -0.23658237,
         -0.12291004,  0.        ]]]), 'num': array([ 8.69006810e-01,  4.94797941e-01,  7.79601811e-06,  4.68346520e-04,
        4.76152295e-04,  4.63955771e-04,  5.93424312e-04, -4.87860958e-07,
        4.71761546e-04,  4.84323966e-04,  4.69997116e-04,  3.65895719e-07,
        5.04862565e-04,  4.63785367e-04])}
{'img': array([[[ 0.        ,  0.12819868,  0.15691542, ...,  0.09956655,
         -0.07052065, -0.08456588],
        [-0.12819868,  0.        ,  0.02901008, ..., -0.02881667,
         -0.19781825, -0.21160754],
        [-0.15691542, -0.02901008,  0.        , ..., -0.05780257,
         -0.22617179, -0.23987162],
        ...,
        [-0.09956655,  0.02881667,  0.05780257, ...,  0.        ,
         -0.16948889, -0.18335556],
        [ 0.07052065,  0.19781825,  0.22617179, ...,  0.16948889,
          0.        , -0.0140873 ],
        [ 0.08456588,  0.21160754,  0.23987162, ...,  0.18335556,
          0.0140873 ,  0.        ]],

       [[ 0.        ,  0.08406238,  0.26767081, ...,  0.14636206,
          0.15191378,  0.23431282],
        [-0.08406238,  0.        ,  0.1857284 , ...,  0.06268689,
          0.06828935,  0.15176128],
        [-0.26767081, -0.1857284 ,  0.        , ..., -0.12376692,
         -0.11819364, -0.03445634],
        ...,
        [-0.14636206, -0.06268689,  0.12376692, ...,  0.        ,
          0.00561449,  0.089502  ],
        [-0.15191378, -0.06828935,  0.11819364, ..., -0.00561449,
          0.        ,  0.08390863],
        [-0.23431282, -0.15176128,  0.03445634, ..., -0.089502  ,
         -0.08390863,  0.        ]],

       [[ 0.        , -0.02805987, -0.01055016, ..., -0.04547838,
         -0.08348404, -0.09034829],
        [ 0.02805987,  0.        ,  0.0175123 , ..., -0.01742964,
         -0.05548926, -0.06236761],
        [ 0.01055016, -0.0175123 ,  0.        , ..., -0.03493661,
         -0.07296607, -0.07983626],
        ...,
        [ 0.04547838,  0.01742964,  0.03493661, ...,  0.        ,
         -0.03807804, -0.04496243],
        [ 0.08348404,  0.05548926,  0.07296607, ...,  0.03807804,
          0.        , -0.00689029],
        [ 0.09034829,  0.06236761,  0.07983626, ...,  0.04496243,
          0.00689029,  0.        ]],

       ...,

       [[ 0.        ,  0.17171887, -0.1120171 , ..., -0.29615547,
         -0.35764178, -0.36748655],
        [-0.17171887,  0.        , -0.28099132, ..., -0.4557719 ,
         -0.51269055, -0.52173141],
        [ 0.1120171 ,  0.28099132,  0.        , ..., -0.18729957,
         -0.25078272, -0.26099456],
        ...,
        [ 0.29615547,  0.4557719 ,  0.18729957, ...,  0.        ,
         -0.06503046, -0.07556788],
        [ 0.35764178,  0.51269055,  0.25078272, ...,  0.06503046,
          0.        , -0.01056341],
        [ 0.36748655,  0.52173141,  0.26099456, ...,  0.07556788,
          0.01056341,  0.        ]],

       [[ 0.        , -0.0613089 , -0.11570227, ...,  0.86569717,
          0.77580107,  0.82026441],
        [ 0.0613089 ,  0.        , -0.05458747, ...,  0.89475793,
          0.81302621,  0.8537891 ],
        [ 0.11570227,  0.05458747,  0.        , ...,  0.91779996,
          0.84359628,  0.88093537],
        ...,
        [-0.86569717, -0.89475793, -0.91779996, ...,  0.        ,
         -0.15789423, -0.0845672 ],
        [-0.77580107, -0.81302621, -0.84359628, ...,  0.15789423,
          0.        ,  0.07382223],
        [-0.82026441, -0.8537891 , -0.88093537, ...,  0.0845672 ,
         -0.07382223,  0.        ]],

       [[ 0.        ,  0.13369099,  0.26639524, ...,  0.36293927,
          0.47471654,  0.3998977 ],
        [-0.13369099,  0.        ,  0.13514391, ...,  0.23510621,
          0.35278842,  0.27377206],
        [-0.26639524, -0.13514391,  0.        , ...,  0.10159356,
          0.22309736,  0.14127979],
        ...,
        [-0.36293927, -0.23510621, -0.10159356, ...,  0.        ,
          0.12291004,  0.03997426],
        [-0.47471654, -0.35278842, -0.22309736, ..., -0.12291004,
          0.        , -0.08314063],
        [-0.3998977 , -0.27377206, -0.14127979, ..., -0.03997426,
          0.08314063,  0.        ]]]), 'num': array([ 9.23799896e-01,  3.82872694e-01,  1.14603221e-05,  4.94448997e-04,
        5.04400830e-04,  4.92877654e-04,  4.38278752e-04, -8.38049147e-06,
        5.05134123e-04,  5.18647666e-04,  5.04409560e-04,  3.27362948e-07,
        5.43330134e-04,  4.93965198e-04])}
{'img': array([[[ 0.        ,  0.02901008,  0.08762793, ..., -0.19781825,
         -0.21160754, -0.42609877],
        [-0.02901008,  0.        ,  0.05869257, ..., -0.22617179,
         -0.23987162, -0.45216417],
        [-0.08762793, -0.05869257,  0.        , ..., -0.28295359,
         -0.29643712, -0.50373463],
        ...,
        [ 0.19781825,  0.22617179,  0.28295359, ...,  0.        ,
         -0.0140873 , -0.23871696],
        [ 0.21160754,  0.23987162,  0.29643712, ...,  0.0140873 ,
          0.        , -0.22501324],
        [ 0.42609877,  0.45216417,  0.50373463, ...,  0.23871696,
          0.22501324,  0.        ]],

       [[ 0.        ,  0.1857284 ,  0.33926038, ...,  0.06828935,
          0.15176128, -0.12036862],
        [-0.1857284 ,  0.        ,  0.15864431, ..., -0.11819364,
         -0.03445634, -0.30265237],
        [-0.33926038, -0.15864431,  0.        , ..., -0.27422911,
         -0.19257009, -0.45002357],
        ...,
        [-0.06828935,  0.11819364,  0.27422911, ...,  0.        ,
          0.08390863, -0.18788047],
        [-0.15176128,  0.03445634,  0.19257009, ..., -0.08390863,
          0.        , -0.26963228],
        [ 0.12036862,  0.30265237,  0.45002357, ...,  0.18788047,
          0.26963228,  0.        ]],

       [[ 0.        ,  0.0175123 ,  0.04570703, ..., -0.05548926,
         -0.06236761, -0.10677083],
        [-0.0175123 ,  0.        ,  0.02820602, ..., -0.07296607,
         -0.07983626, -0.12416665],
        [-0.04570703, -0.02820602,  0.        , ..., -0.10106787,
         -0.10792048, -0.15210499],
        ...,
        [ 0.05548926,  0.07296607,  0.10106787, ...,  0.        ,
         -0.00689029, -0.05143427],
        [ 0.06236761,  0.07983626,  0.10792048, ...,  0.00689029,
          0.        , -0.04455188],
        [ 0.10677083,  0.12416665,  0.15210499, ...,  0.05143427,
          0.04455188,  0.        ]],

       ...,

       [[ 0.        , -0.28099132, -0.59697779, ..., -0.51269055,
         -0.52173141, -0.76647176],
        [ 0.28099132,  0.        , -0.34749827, ..., -0.25078272,
         -0.26099456, -0.55511631],
        [ 0.59697779,  0.34749827,  0.        , ...,  0.10123932,
          0.09072454, -0.23148222],
        ...,
        [ 0.51269055,  0.25078272, -0.10123932, ...,  0.        ,
         -0.01056341, -0.32878245],
        [ 0.52173141,  0.26099456, -0.09072454, ...,  0.01056341,
          0.        , -0.31878797],
        [ 0.76647176,  0.55511631,  0.23148222, ...,  0.32878245,
          0.31878797,  0.        ]],

       [[ 0.        , -0.05458747, -0.0820855 , ...,  0.81302621,
          0.8537891 ,  0.97112071],
        [ 0.05458747,  0.        , -0.02755986, ...,  0.84359628,
          0.88093537,  0.98269671],
        [ 0.0820855 ,  0.02755986,  0.        , ...,  0.85807488,
          0.89364308,  0.98742813],
        ...,
        [-0.81302621, -0.84359628, -0.85807488, ...,  0.        ,
          0.07382223,  0.37143392],
        [-0.8537891 , -0.88093537, -0.89364308, ..., -0.07382223,
          0.        ,  0.30187948],
        [-0.97112071, -0.98269671, -0.98742813, ..., -0.37143392,
         -0.30187948,  0.        ]],

       [[ 0.        ,  0.13514391,  0.24932755, ...,  0.35278842,
          0.27377206,  0.04062998],
        [-0.13514391,  0.        ,  0.11616426, ...,  0.22309736,
          0.14127979, -0.09477508],
        [-0.24932755, -0.11616426,  0.        , ...,  0.10835052,
          0.02532423, -0.20977482],
        ...,
        [-0.35278842, -0.22309736, -0.10835052, ...,  0.        ,
         -0.08314063, -0.31447951],
        [-0.27377206, -0.14127979, -0.02532423, ...,  0.08314063,
          0.        , -0.23446831],
        [-0.04062998,  0.09477508,  0.20977482, ...,  0.31447951,
          0.23446831,  0.        ]]]), 'num': array([9.40225764e-01, 3.40548012e-01, 1.24543670e-05, 5.06912742e-04,
       5.10071077e-04, 4.94805791e-04, 6.89201301e-04, 1.00013937e-05,
       5.05438852e-04, 5.20493581e-04, 5.06816237e-04, 3.99515860e-07,
       5.46068944e-04, 4.94918219e-04])}
{'img': array([[[ 0.        ,  0.05869257,  0.13338356, ..., -0.23987162,
         -0.45216417, -0.19862102],
        [-0.05869257,  0.        ,  0.07498551, ..., -0.29643712,
         -0.50373463, -0.25580181],
        [-0.13338356, -0.07498551,  0.        , ..., -0.36721762,
         -0.56709329, -0.32757232],
        ...,
        [ 0.23987162,  0.29643712,  0.36721762, ...,  0.        ,
         -0.22501324,  0.0422703 ],
        [ 0.45216417,  0.50373463,  0.56709329, ...,  0.22501324,
          0.        ,  0.26599844],
        [ 0.19862102,  0.25580181,  0.32757232, ..., -0.0422703 ,
         -0.26599844,  0.        ]],

       [[ 0.        ,  0.15864431,  0.20301291, ..., -0.03445634,
         -0.30265237,  0.02322289],
        [-0.15864431,  0.        ,  0.04510121, ..., -0.19257009,
         -0.45002357, -0.13567274],
        [-0.20301291, -0.04510121,  0.        , ..., -0.23663119,
         -0.48984177, -0.18021887],
        ...,
        [ 0.03445634,  0.19257009,  0.23663119, ...,  0.        ,
         -0.26963228,  0.05765615],
        [ 0.30265237,  0.45002357,  0.48984177, ...,  0.26963228,
          0.        ,  0.3247045 ],
        [-0.02322289,  0.13567274,  0.18021887, ..., -0.05765615,
         -0.3247045 ,  0.        ]],

       [[ 0.        ,  0.02820602,  0.09614843, ..., -0.07983626,
         -0.12416665, -0.19460818],
        [-0.02820602,  0.        ,  0.06803484, ..., -0.10792048,
         -0.15210499, -0.2221975 ],
        [-0.09614843, -0.06803484,  0.        , ..., -0.1753079 ,
         -0.21899576, -0.28801673],
        ...,
        [ 0.07983626,  0.10792048,  0.1753079 , ...,  0.        ,
         -0.04455188, -0.11567712],
        [ 0.12416665,  0.15210499,  0.21899576, ...,  0.04455188,
          0.        , -0.07130946],
        [ 0.19460818,  0.2221975 ,  0.28801673, ...,  0.11567712,
          0.07130946,  0.        ]],

       ...,

       [[ 0.        , -0.34749827, -0.06470919, ..., -0.26099456,
         -0.55511631, -0.24060863],
        [ 0.34749827,  0.        ,  0.28609342, ...,  0.09072454,
         -0.23148222,  0.1116755 ],
        [ 0.06470919, -0.28609342,  0.        , ..., -0.19798117,
         -0.50012954, -0.17729618],
        ...,
        [ 0.26099456, -0.09072454,  0.19798117, ...,  0.        ,
         -0.31878797,  0.02105792],
        [ 0.55511631,  0.23148222,  0.50012954, ...,  0.31878797,
          0.        ,  0.33867653],
        [ 0.24060863, -0.1116755 ,  0.17729618, ..., -0.02105792,
         -0.33867653,  0.        ]],

       [[ 0.        , -0.02755986, -0.08437849, ...,  0.88093537,
          0.98269671,  0.98580916],
        [ 0.02755986,  0.        , -0.05688486, ...,  0.89364308,
          0.98742813,  0.99006118],
        [ 0.08437849,  0.05688486,  0.        , ...,  0.91772475,
          0.99482094,  0.99645815],
        ...,
        [-0.88093537, -0.89364308, -0.91772475, ...,  0.        ,
          0.30187948,  0.31863845],
        [-0.98269671, -0.98742813, -0.99482094, ..., -0.30187948,
          0.        ,  0.01762831],
        [-0.98580916, -0.99006118, -0.99645815, ..., -0.31863845,
         -0.01762831,  0.        ]],

       [[ 0.        ,  0.11616426,  0.32919407, ...,  0.14127979,
         -0.09477508, -0.17114358],
        [-0.11616426,  0.        ,  0.21727591, ...,  0.02532423,
         -0.20977482, -0.28443532],
        [-0.32919407, -0.21727591,  0.        , ..., -0.19248698,
         -0.41720481, -0.4859416 ],
        ...,
        [-0.14127979, -0.02532423,  0.19248698, ...,  0.        ,
         -0.23446831, -0.30862232],
        [ 0.09477508,  0.20977482,  0.41720481, ...,  0.23446831,
          0.        , -0.07699644],
        [ 0.17114358,  0.28443532,  0.4859416 , ...,  0.30862232,
          0.07699644,  0.        ]]]), 'num': array([9.90379616e-01, 1.38367926e-01, 1.75672513e-05, 5.34511725e-04,
       5.36164854e-04, 5.26797123e-04, 4.81556491e-04, 3.85730111e-06,
       5.28780878e-04, 5.44044769e-04, 5.30489111e-04, 3.69380483e-07,
       5.71024727e-04, 5.17064812e-04])}
{'img': array([[[ 0.        ,  0.07498551, -0.25580181, ..., -0.50373463,
         -0.25580181, -0.15881344],
        [-0.07498551,  0.        , -0.32757232, ..., -0.56709329,
         -0.32757232, -0.23240016],
        [ 0.25580181,  0.32757232,  0.        , ..., -0.26599844,
          0.        ,  0.09902574],
        ...,
        [ 0.50373463,  0.56709329,  0.26599844, ...,  0.        ,
          0.26599844,  0.36014921],
        [ 0.25580181,  0.32757232,  0.        , ..., -0.26599844,
          0.        ,  0.09902574],
        [ 0.15881344,  0.23240016, -0.09902574, ..., -0.36014921,
         -0.09902574,  0.        ]],

       [[ 0.        ,  0.04510121,  0.40160406, ..., -0.45002357,
         -0.13567274, -0.42244764],
        [-0.04510121,  0.        ,  0.3598911 , ..., -0.48984177,
         -0.18021887, -0.46289693],
        [-0.40160406, -0.3598911 ,  0.        , ..., -0.77077673,
         -0.52214162, -0.75089204],
        ...,
        [ 0.45002357,  0.48984177,  0.77077673, ...,  0.        ,
          0.3247045 ,  0.03064287],
        [ 0.13567274,  0.18021887,  0.52214162, ..., -0.3247045 ,
          0.        , -0.29556951],
        [ 0.42244764,  0.46289693,  0.75089204, ..., -0.03064287,
          0.29556951,  0.        ]],

       [[ 0.        ,  0.06803484,  0.05719172, ..., -0.15210499,
         -0.2221975 , -0.23208351],
        [-0.06803484,  0.        , -0.01086428, ..., -0.21899576,
         -0.28801673, -0.29772296],
        [-0.05719172,  0.01086428,  0.        , ..., -0.20838228,
         -0.27759583, -0.28733379],
        ...,
        [ 0.15210499,  0.21899576,  0.20838228, ...,  0.        ,
         -0.07130946, -0.08143117],
        [ 0.2221975 ,  0.28801673,  0.27759583, ...,  0.07130946,
          0.        , -0.01015122],
        [ 0.23208351,  0.29772296,  0.28733379, ...,  0.08143117,
          0.01015122,  0.        ]],

       ...,

       [[ 0.        ,  0.28609342, -0.13571094, ..., -0.23148222,
          0.1116755 , -0.10711382],
        [-0.28609342,  0.        , -0.41348508, ..., -0.50012954,
         -0.17729618, -0.38708411],
        [ 0.13571094,  0.41348508,  0.        , ..., -0.09731574,
          0.24550436,  0.0288073 ],
        ...,
        [ 0.23148222,  0.50012954,  0.09731574, ...,  0.        ,
          0.33867653,  0.12594593],
        [-0.1116755 ,  0.17729618, -0.24550436, ..., -0.33867653,
          0.        , -0.2174768 ],
        [ 0.10711382,  0.38708411, -0.0288073 , ..., -0.12594593,
          0.2174768 ,  0.        ]],

       [[ 0.        , -0.05688486, -0.12632783, ...,  0.98742813,
          0.99006118,  0.94613805],
        [ 0.05688486,  0.        , -0.06969414, ...,  0.99482094,
          0.99645815,  0.96302325],
        [ 0.12632783,  0.06969414,  0.        , ...,  0.99948586,
          0.99989576,  0.97945845],
        ...,
        [-0.98742813, -0.99482094, -0.99948586, ...,  0.        ,
          0.01762831, -0.17013844],
        [-0.99006118, -0.99645815, -0.99989576, ..., -0.01762831,
          0.        , -0.18748329],
        [-0.94613805, -0.96302325, -0.97945845, ...,  0.17013844,
          0.18748329,  0.        ]],

       [[ 0.        ,  0.21727591,  0.42646671, ..., -0.20977482,
         -0.28443532, -0.3302712 ],
        [-0.21727591,  0.        ,  0.21975175, ..., -0.41720481,
         -0.4859416 , -0.52746481],
        [-0.42646671, -0.21975175,  0.        , ..., -0.60671971,
         -0.66612427, -0.70126737],
        ...,
        [ 0.20977482,  0.41720481,  0.60671971, ...,  0.        ,
         -0.07699644, -0.12491905],
        [ 0.28443532,  0.4859416 ,  0.66612427, ...,  0.07699644,
          0.        , -0.04815489],
        [ 0.3302712 ,  0.52746481,  0.70126737, ...,  0.12491905,
          0.04815489,  0.        ]]]), 'num': array([ 9.94585462e-01,  1.03907328e-01,  1.84405411e-05,  5.36553093e-04,
        5.44329225e-04,  5.29332399e-04,  8.30857464e-04, -2.22175194e-06,
        5.33553728e-04,  5.47217502e-04,  5.34581288e-04,  3.93973454e-07,
        5.74341081e-04,  5.20093924e-04])}
{'img': array([[[ 0.        , -0.32757232,  0.06169783, ..., -0.32757232,
         -0.23240016, -0.28724452],
        [ 0.32757232,  0.        ,  0.38524197, ...,  0.        ,
          0.09902574,  0.04237141],
        [-0.06169783, -0.38524197,  0.        , ..., -0.38524197,
         -0.29196596, -0.34579499],
        ...,
        [ 0.32757232,  0.        ,  0.38524197, ...,  0.        ,
          0.09902574,  0.04237141],
        [ 0.23240016, -0.09902574,  0.29196596, ..., -0.09902574,
          0.        , -0.05677365],
        [ 0.28724452, -0.04237141,  0.34579499, ..., -0.04237141,
          0.05677365,  0.        ]],

       [[ 0.        ,  0.3598911 , -0.09335762, ..., -0.18021887,
         -0.46289693, -0.07159944],
        [-0.3598911 ,  0.        , -0.44542146, ..., -0.52214162,
         -0.75089204, -0.4257693 ],
        [ 0.09335762,  0.44542146,  0.        , ..., -0.08760275,
         -0.37812197,  0.02183128],
        ...,
        [ 0.18021887,  0.52214162,  0.08760275, ...,  0.        ,
         -0.29556951,  0.10932922],
        [ 0.46289693,  0.75089204,  0.37812197, ...,  0.29556951,
          0.        ,  0.39824228],
        [ 0.07159944,  0.4257693 , -0.02183128, ..., -0.10932922,
         -0.39824228,  0.        ]],

       [[ 0.        , -0.01086428,  0.04393466, ..., -0.28801673,
         -0.29772296, -0.28152468],
        [ 0.01086428,  0.        ,  0.05478585, ..., -0.27759583,
         -0.28733379, -0.2710832 ],
        [-0.04393466, -0.05478585,  0.        , ..., -0.32981157,
         -0.33937781, -0.32341052],
        ...,
        [ 0.28801673,  0.27759583,  0.32981157, ...,  0.        ,
         -0.01015122,  0.00677243],
        [ 0.29772296,  0.28733379,  0.33937781, ...,  0.01015122,
          0.        ,  0.01692307],
        [ 0.28152468,  0.2710832 ,  0.32341052, ..., -0.00677243,
         -0.01692307,  0.        ]],

       ...,

       [[ 0.        , -0.41348508,  0.27439266, ..., -0.17729618,
         -0.38708411, -0.29326789],
        [ 0.41348508,  0.        ,  0.64745209, ...,  0.24550436,
          0.0288073 ,  0.12828066],
        [-0.27439266, -0.64745209,  0.        , ..., -0.44053676,
         -0.62522916, -0.5443393 ],
        ...,
        [ 0.17729618, -0.24550436,  0.44053676, ...,  0.        ,
         -0.2174768 , -0.11912129],
        [ 0.38708411, -0.0288073 ,  0.62522916, ...,  0.2174768 ,
          0.        ,  0.09965812],
        [ 0.29326789, -0.12828066,  0.5443393 , ...,  0.11912129,
         -0.09965812,  0.        ]],

       [[ 0.        , -0.06969414, -0.04610807, ...,  0.99645815,
          0.96302325,  0.89099595],
        [ 0.06969414,  0.        ,  0.02362407, ...,  0.99989576,
          0.97945845,  0.92047134],
        [ 0.04610807, -0.02362407,  0.        , ...,  0.99927561,
          0.97442139,  0.91098192],
        ...,
        [-0.99645815, -0.99989576, -0.99927561, ...,  0.        ,
         -0.18748329, -0.37747923],
        [-0.96302325, -0.97945845, -0.97442139, ...,  0.18748329,
          0.        , -0.19717278],
        [-0.89099595, -0.92047134, -0.91098192, ...,  0.37747923,
          0.19717278,  0.        ]],

       [[ 0.        ,  0.21975175,  0.41672747, ..., -0.4859416 ,
         -0.52746481, -0.5684721 ],
        [-0.21975175,  0.        ,  0.20677966, ..., -0.66612427,
         -0.70126737, -0.73536659],
        [-0.41672747, -0.20677966,  0.        , ..., -0.80595239,
         -0.83352414, -0.85960178],
        ...,
        [ 0.4859416 ,  0.66612427,  0.80595239, ...,  0.        ,
         -0.04815489, -0.09705426],
        [ 0.52746481,  0.70126737,  0.83352414, ...,  0.04815489,
          0.        , -0.04901412],
        [ 0.5684721 ,  0.73536659,  0.85960178, ...,  0.09705426,
          0.04901412,  0.        ]]]), 'num': array([ 9.95666865e-01,  9.29753865e-02,  1.89840484e-05,  5.36358586e-04,
        5.42562524e-04,  5.32974620e-04,  8.34260379e-04, -8.45991461e-06,
        5.40757742e-04,  5.54209006e-04,  5.42487324e-04,  3.93184603e-07,
        5.82611650e-04,  5.25806362e-04])}
{'img': array([[[ 0.        ,  0.38524197, -0.0141013 , ...,  0.09902574,
          0.04237141, -0.16847635],
        [-0.38524197,  0.        , -0.39821656, ..., -0.29196596,
         -0.34579499, -0.53520781],
        [ 0.0141013 ,  0.39821656,  0.        , ...,  0.11304788,
          0.05645584, -0.15455987],
        ...,
        [-0.09902574,  0.29196596, -0.11304788, ...,  0.        ,
         -0.05677365, -0.2652585 ],
        [-0.04237141,  0.34579499, -0.05645584, ...,  0.05677365,
          0.        , -0.21009079],
        [ 0.16847635,  0.53520781,  0.15455987, ...,  0.2652585 ,
          0.21009079,  0.        ]],

       [[ 0.        , -0.44542146,  0.39564953, ..., -0.75089204,
         -0.4257693 , -0.43434549],
        [ 0.44542146,  0.        ,  0.76330911, ..., -0.37812197,
          0.02183128,  0.01233311],
        [-0.39564953, -0.76330911,  0.        , ..., -0.95091726,
         -0.74902345, -0.75528345],
        ...,
        [ 0.75089204,  0.37812197,  0.95091726, ...,  0.        ,
          0.39824228,  0.38951065],
        [ 0.4257693 , -0.02183128,  0.74902345, ..., -0.39824228,
          0.        , -0.00949945],
        [ 0.43434549, -0.01233311,  0.75528345, ..., -0.38951065,
          0.00949945,  0.        ]],

       [[ 0.        ,  0.05478585,  0.        , ..., -0.28733379,
         -0.2710832 , -0.30026004],
        [-0.05478585,  0.        , -0.05478585, ..., -0.33937781,
         -0.32341052, -0.35206698],
        [ 0.        ,  0.05478585,  0.        , ..., -0.28733379,
         -0.2710832 , -0.30026004],
        ...,
        [ 0.28733379,  0.33937781,  0.28733379, ...,  0.        ,
          0.01692307, -0.01352278],
        [ 0.2710832 ,  0.32341052,  0.2710832 , ..., -0.01692307,
          0.        , -0.03044237],
        [ 0.30026004,  0.35206698,  0.30026004, ...,  0.01352278,
          0.03044237,  0.        ]],

       ...,

       [[ 0.        ,  0.64745209,  0.28245471, ...,  0.0288073 ,
          0.12828066,  0.09801829],
        [-0.64745209,  0.        , -0.40582779, ..., -0.62522916,
         -0.5443393 , -0.56963402],
        [-0.28245471,  0.40582779,  0.        , ..., -0.25470319,
         -0.15706389, -0.18706753],
        ...,
        [-0.0288073 ,  0.62522916,  0.25470319, ...,  0.        ,
          0.09965812,  0.06930902],
        [-0.12828066,  0.5443393 ,  0.15706389, ..., -0.09965812,
          0.        , -0.03045449],
        [-0.09801829,  0.56963402,  0.18706753, ..., -0.06930902,
          0.03045449,  0.        ]],

       [[ 0.        ,  0.02362407,  0.05441537, ...,  0.97945845,
          0.92047134,  0.89099586],
        [-0.02362407,  0.        ,  0.03081112, ...,  0.97442139,
          0.91098192,  0.8800216 ],
        [-0.05441537, -0.03081112,  0.        , ...,  0.96703462,
          0.89784148,  0.86497055],
        ...,
        [-0.97945845, -0.97442139, -0.96703462, ...,  0.        ,
         -0.19717278, -0.2650195 ],
        [-0.92047134, -0.91098192, -0.89784148, ...,  0.19717278,
          0.        , -0.06969435],
