state_0,state_1,state_2,state_3,state_4,state_5,state_6,state_7,state_8,state_9,state_10,state_11,state_12,state_13,state_14,state_15,state_16,state_17,state_18,state_19,state_20,state_21,state_22,state_23,state_24,state_25,state_26,state_27,state_28,state_29,state_30,state_31,state_32,state_33,state_34,state_35,state_36,state_37,state_38,state_39,state_40,state_41,state_42,state_43,state_44,state_45,state_46,state_47,state_48,state_49,state_50,state_51,state_52,state_53,state_54,state_55,state_56,state_57,state_58,state_59,state_60,state_61,state_62,state_63,state_64,state_65,state_66,state_67,state_68,state_69,state_70,state_71,state_72,state_73,state_74,state_75,state_76,state_77,state_78,state_79,state_80,state_81,state_82,state_83,state_84,state_85,state_86,state_87,state_88,state_89,state_90,state_91,state_92,state_93,state_94,state_95,state_96,state_97,state_98,state_99,state_100,state_101,state_102,state_103,state_104,state_105,state_106,state_107,state_108,state_109,state_110,state_111,state_112,state_113,state_114,state_115,state_116,state_117,state_118,state_119,state_120,state_121,state_122,state_123,state_124,state_125,state_126,state_127,state_128,state_129,state_130,state_131,state_132,state_133,state_134,state_135,state_136,state_137,state_138,state_139,state_140,state_141,state_142,state_143,state_144,state_145,state_146,state_147,state_148,state_149,state_150,state_151,state_152,state_153,state_154,state_155,state_156,state_157,state_158,state_159,state_160,state_161,state_162,state_163,state_164,state_165,state_166,state_167,state_168,state_169,state_170,state_171,state_172,state_173,state_174,state_175,state_176,state_177,state_178,state_179,state_180,state_181,state_182,state_183,state_184,state_185,state_186,state_187,state_188,state_189,state_190,state_191,state_192,state_193,state_194,state_195,state_196,state_197,state_198,state_199,state_200,state_201,state_202,state_203,state_204,state_205,state_206,state_207,state_208,state_209,state_210,state_211,state_212,state_213,state_214,state_215,state_216,state_217,state_218,state_219,state_220,state_221,state_222,state_223,state_224,state_225,state_226,state_227,state_228,state_229,state_230,state_231,state_232,state_233,state_234,state_235,state_236,state_237,state_238,state_239,state_240,state_241,state_242,state_243,state_244,state_245,state_246,state_247,state_248,state_249,state_250,state_251,state_252,state_253,state_254,state_255,state_256,state_257,state_258,state_259,state_260,state_261,state_262,state_263,state_264,state_265,state_266,state_267,state_268,state_269,state_270,state_271,state_272,state_273,state_274,state_275,state_276,state_277,state_278,state_279,state_280,state_281,state_282,state_283,state_284,state_285,state_286,state_287
{'img': array([[[ 0.        , -0.68048865, -0.8163297 , ..., -0.82825942,
         -0.72413793, -0.88951984],
        [ 0.68048865,  0.        , -0.20513176, ..., -0.98822253,
         -0.99992083, -0.96271625],
        [ 0.8163297 ,  0.20513176,  0.        , ..., -0.93581734,
         -0.98123808, -0.88675261],
        ...,
        [ 0.82825942,  0.98822253,  0.93581734, ...,  0.        ,
         -0.16544645,  0.12000896],
        [ 0.72413793,  0.99992083,  0.98123808, ...,  0.16544645,
          0.        ,  0.28260583],
        [ 0.88951984,  0.96271625,  0.88675261, ..., -0.12000896,
         -0.28260583,  0.        ]],

       [[ 0.        , -0.22620094, -0.40122502, ..., -0.77563983,
         -0.77187511, -0.65650036],
        [ 0.22620094,  0.        , -0.1836301 , ..., -0.61276321,
         -0.6080559 , -0.46885512],
        [ 0.40122502,  0.1836301 ,  0.        , ..., -0.45722669,
         -0.45193329, -0.29868654],
        ...,
        [ 0.77563983,  0.61276321,  0.45722669, ...,  0.        ,
          0.00594291,  0.17071794],
        [ 0.77187511,  0.6080559 ,  0.45193329, ..., -0.00594291,
          0.        ,  0.16485926],
        [ 0.65650036,  0.46885512,  0.29868654, ..., -0.17071794,
         -0.16485926,  0.        ]],

       [[ 0.        , -0.62916382, -0.83516465, ..., -0.63840941,
         -0.54352352, -0.54352352],
        [ 0.62916382,  0.        , -0.30311061, ..., -0.98048371,
         -0.9505823 , -0.9505823 ],
        [ 0.83516465,  0.30311061,  0.        , ..., -0.99394888,
         -0.99997008, -0.99997008],
        ...,
        [ 0.63840941,  0.98048371,  0.99394888, ...,  0.        ,
         -0.11752858, -0.11752858],
        [ 0.54352352,  0.9505823 ,  0.99997008, ...,  0.11752858,
          0.        ,  0.        ],
        [ 0.54352352,  0.9505823 ,  0.99997008, ...,  0.11752858,
          0.        ,  0.        ]],

       ...,

       [[ 0.        , -0.14063406, -0.43802899, ..., -0.99034716,
         -0.70628991, -0.99938004],
        [ 0.14063406,  0.        , -0.30725119, ..., -0.99999791,
         -0.7988286 , -0.99439916],
        [ 0.43802899,  0.30725119,  0.        , ..., -0.95099816,
         -0.94501765, -0.91382524],
        ...,
        [ 0.99034716,  0.99999791,  0.95099816, ...,  0.        ,
         -0.60319098,  0.10365604],
        [ 0.70628991,  0.7988286 ,  0.94501765, ...,  0.60319098,
          0.        ,  0.68261743],
        [ 0.99938004,  0.99439916,  0.91382524, ..., -0.10365604,
         -0.68261743,  0.        ]],

       [[ 0.        ,  0.14259525,  0.26491905, ..., -0.99988349,
         -0.99999743, -0.98711063],
        [-0.14259525,  0.        ,  0.12471145, ..., -0.99184241,
         -0.98945497, -0.95420258],
        [-0.26491905, -0.12471145,  0.        , ..., -0.96820217,
         -0.96366704, -0.90944434],
        ...,
        [ 0.99988349,  0.99184241,  0.96820217, ...,  0.        ,
         -0.01753333, -0.17508849],
        [ 0.99999743,  0.98945497,  0.96366704, ...,  0.01753333,
          0.        , -0.15779909],
        [ 0.98711063,  0.95420258,  0.90944434, ...,  0.17508849,
          0.15779909,  0.        ]],

       [[ 0.        ,  0.3579477 ,  0.49091041, ...,  0.73625049,
          0.7843092 ,  0.77285759],
        [-0.3579477 ,  0.        ,  0.14653586, ...,  0.92969421,
          0.95440221,  0.94879558],
        [-0.49091041, -0.14653586,  0.        , ...,  0.97363238,
          0.98784421,  0.98484299],
        ...,
        [-0.73625049, -0.92969421, -0.97363238, ...,  0.        ,
         -0.07400137, -0.05579029],
        [-0.7843092 , -0.95440221, -0.98784421, ...,  0.07400137,
          0.        ,  0.0182488 ],
        [-0.77285759, -0.94879558, -0.98484299, ...,  0.05579029,
         -0.0182488 ,  0.        ]]]), 'num': array([ 7.20648679e-01,  6.92858853e-01,  4.38325338e-06,  1.15790943e-03,
        1.18165206e-03,  1.15243037e-03,  2.45100571e-02, -1.09581334e-05,
        1.15133455e-03,  1.20923003e-03,  1.24667032e-03,  5.58472366e-06,
        1.30038621e-03,  1.11807384e-03])}
{'img': array([[[ 0.        , -0.21636475,  0.64621206, ..., -0.99870436,
         -0.97162495, -0.98402015],
        [ 0.21636475,  0.        ,  0.79602545, ..., -0.98605806,
         -0.89743361, -0.92218599],
        [-0.64621206, -0.79602545,  0.        , ..., -0.72928455,
         -0.89434976, -0.8660254 ],
        ...,
        [ 0.99870436,  0.98605806,  0.72928455, ...,  0.        ,
          0.28566464,  0.22790142],
        [ 0.97162495,  0.89743361,  0.89434976, ..., -0.28566464,
          0.        , -0.05974246],
        [ 0.98402015,  0.92218599,  0.8660254 , ..., -0.22790142,
          0.05974246,  0.        ]],

       [[ 0.        , -0.18140542,  0.38302197, ..., -0.59138166,
         -0.46008622, -0.79200282],
        [ 0.18140542,  0.        ,  0.54423832, ..., -0.43528585,
         -0.29138746, -0.66811106],
        [-0.38302197, -0.54423832,  0.        , ..., -0.85514821,
         -0.76507504, -0.96544567],
        ...,
        [ 0.59138166,  0.43528585,  0.85514821, ...,  0.        ,
          0.15406278, -0.27761578],
        [ 0.46008622,  0.29138746,  0.76507504, ..., -0.15406278,
          0.        , -0.42230825],
        [ 0.79200282,  0.66811106,  0.96544567, ...,  0.27761578,
          0.42230825,  0.        ]],

       [[ 0.        , -0.66790613, -0.74306053, ..., -0.57341246,
         -0.57341246, -0.56850921],
        [ 0.66790613,  0.        , -0.10604052, ..., -0.973953  ,
         -0.973953  , -0.97258138],
        [ 0.74306053,  0.10604052,  0.        , ..., -0.99250635,
         -0.99250635, -0.99175886],
        ...,
        [ 0.57341246,  0.973953  ,  0.99250635, ...,  0.        ,
          0.        , -0.00597244],
        [ 0.57341246,  0.973953  ,  0.99250635, ...,  0.        ,
          0.        , -0.00597244],
        [ 0.56850921,  0.97258138,  0.99175886, ...,  0.00597244,
          0.00597244,  0.        ]],

       ...,

       [[ 0.        , -0.30725119,  0.07162083, ..., -0.7988286 ,
         -0.99439916, -0.9909479 ],
        [ 0.30725119,  0.        ,  0.37461857, ..., -0.94501765,
         -0.91382524, -0.90176667],
        [-0.07162083, -0.37461857,  0.        , ..., -0.75369302,
         -0.99941506, -0.99801796],
        ...,
        [ 0.7988286 ,  0.94501765,  0.75369302, ...,  0.        ,
          0.68261743,  0.70335366],
        [ 0.99439916,  0.91382524,  0.99941506, ..., -0.68261743,
          0.        ,  0.02876208],
        [ 0.9909479 ,  0.90176667,  0.99801796, ..., -0.70335366,
         -0.02876208,  0.        ]],

       [[ 0.        ,  0.12471145,  0.29633937, ..., -0.98945497,
         -0.95420258, -0.74592432],
        [-0.12471145,  0.        ,  0.17491611, ..., -0.96366704,
         -0.90944434, -0.65703927],
        [-0.29633937, -0.17491611,  0.        , ..., -0.90208931,
         -0.82268914, -0.5150483 ],
        ...,
        [ 0.98945497,  0.96366704,  0.90208931, ...,  0.        ,
         -0.15779909, -0.55096713],
        [ 0.95420258,  0.90944434,  0.82268914, ...,  0.15779909,
          0.        , -0.4123766 ],
        [ 0.74592432,  0.65703927,  0.5150483 , ...,  0.55096713,
          0.4123766 ,  0.        ]],

       [[ 0.        ,  0.35378753,  0.59489571, ...,  0.79442493,
          0.78297067,  0.73718335],
        [-0.35378753,  0.        ,  0.27204588, ...,  0.95792337,
          0.95240926,  0.92855829],
        [-0.59489571, -0.27204588,  0.        , ...,  0.99987832,
          0.9994141 ,  0.99451684],
        ...,
        [-0.79442493, -0.95792337, -0.99987832, ...,  0.        ,
          0.01863197,  0.08904976],
        [-0.78297067, -0.95240926, -0.9994141 , ..., -0.01863197,
          0.        ,  0.07047636],
        [-0.73718335, -0.92855829, -0.99451684, ..., -0.08904976,
         -0.07047636,  0.        ]]]), 'num': array([ 8.94179187e-01,  4.47700235e-01,  7.31932708e-05,  7.21407258e-05,
        7.50973129e-05,  7.20224623e-05,  2.83356945e-03, -2.83832364e-06,
        7.39146781e-05,  7.76991096e-05,  8.03955170e-05,  2.95658712e-07,
        8.35313102e-05,  7.18669089e-05])}
{'img': array([[[ 0.        ,  0.79602545,  0.29933585, ..., -0.89743361,
         -0.92218599, -0.99150293],
        [-0.79602545,  0.        , -0.57834897, ..., -0.89434976,
         -0.8660254 , -0.70367063],
        [-0.29933585,  0.57834897,  0.        , ..., -0.98833619,
         -0.99566889, -0.98497926],
        ...,
        [ 0.89743361,  0.89434976,  0.98833619, ...,  0.        ,
         -0.05974246, -0.32065902],
        [ 0.92218599,  0.8660254 ,  0.99566889, ...,  0.05974246,
          0.        , -0.26349852],
        [ 0.99150293,  0.70367063,  0.98497926, ...,  0.32065902,
          0.26349852,  0.        ]],

       [[ 0.        ,  0.54423832,  0.02938548, ..., -0.29138746,
         -0.66811106, -0.36536484],
        [-0.54423832,  0.        , -0.51935091, ..., -0.76507504,
         -0.96544567, -0.81312785],
        [-0.02938548,  0.51935091,  0.        , ..., -0.31937193,
         -0.68968715, -0.39256096],
        ...,
        [ 0.29138746,  0.76507504,  0.31937193, ...,  0.        ,
         -0.42230825, -0.07826766],
        [ 0.66811106,  0.96544567,  0.68968715, ...,  0.42230825,
          0.        ,  0.35006687],
        [ 0.36536484,  0.81312785,  0.39256096, ...,  0.07826766,
         -0.35006687,  0.        ]],

       [[ 0.        , -0.40576263, -0.67690501, ..., -0.60952562,
         -0.60440603, -0.52764921],
        [ 0.40576263,  0.        , -0.32000677, ..., -0.87876827,
         -0.87567564, -0.82694011],
        [ 0.67690501,  0.32000677,  0.        , ..., -0.98528128,
         -0.98415965, -0.96339229],
        ...,
        [ 0.60952562,  0.87876827,  0.98528128, ...,  0.        ,
         -0.00644192, -0.09946652],
        [ 0.60440603,  0.87567564,  0.98415965, ...,  0.00644192,
          0.        , -0.09305448],
        [ 0.52764921,  0.82694011,  0.96339229, ...,  0.09946652,
          0.09305448,  0.        ]],

       ...,

       [[ 0.        ,  0.37461857,  0.19854511, ..., -0.91382524,
         -0.90176667, -0.97688191],
        [-0.37461857,  0.        , -0.18307371, ..., -0.99941506,
         -0.99801796, -0.98583023],
        [-0.19854511,  0.18307371,  0.        , ..., -0.97626327,
         -0.96962987, -0.9998788 ],
        ...,
        [ 0.91382524,  0.99941506,  0.97626327, ...,  0.        ,
          0.02876208, -0.201362  ],
        [ 0.90176667,  0.99801796,  0.96962987, ..., -0.02876208,
          0.        , -0.22945164],
        [ 0.97688191,  0.98583023,  0.9998788 , ...,  0.201362  ,
          0.22945164,  0.        ]],

       [[ 0.        ,  0.1735749 ,  0.28176847, ..., -0.92640334,
         -0.74717819, -0.52696616],
        [-0.1735749 ,  0.        ,  0.11094934, ..., -0.84698454,
         -0.62047452, -0.37144825],
        [-0.28176847, -0.11094934,  0.        , ..., -0.7827727 ,
         -0.52963432, -0.26614362],
        ...,
        [ 0.92640334,  0.84698454,  0.7827727 , ...,  0.        ,
         -0.33437269, -0.5889175 ],
        [ 0.74717819,  0.62047452,  0.52963432, ...,  0.33437269,
          0.        , -0.28478224],
        [ 0.52696616,  0.37144825,  0.26614362, ...,  0.5889175 ,
          0.28478224,  0.        ]],

       [[ 0.        ,  0.50335127,  0.71324155, ...,  0.79284089,
          0.7469723 ,  0.7736523 ],
        [-0.50335127,  0.        ,  0.26349097, ...,  0.99183615,
          0.98010092,  0.98742753],
        [-0.71324155, -0.26349097,  0.        , ...,  0.99038657,
          0.99776889,  0.99418432],
        ...,
        [-0.79284089, -0.99183615, -0.99038657, ...,  0.        ,
          0.07189801,  0.03086632],
        [-0.7469723 , -0.98010092, -0.99776889, ..., -0.07189801,
          0.        , -0.04107732],
        [-0.7736523 , -0.98742753, -0.99418432, ..., -0.03086632,
          0.04107732,  0.        ]]]), 'num': array([9.28133457e-01, 3.72244792e-01, 9.06833099e-05, 7.50288419e-05,
       7.56408227e-05, 7.46616535e-05, 1.42983186e-03, 3.67188460e-07,
       7.61304073e-05, 7.99491673e-05, 8.29050344e-05, 3.36158449e-07,
       8.61379118e-05, 7.37604227e-05])}
{'img': array([[[ 0.        , -0.57834897, -0.5108849 , ..., -0.8660254 ,
         -0.70367063, -0.72928455],
        [ 0.57834897,  0.        ,  0.08040266, ..., -0.99566889,
         -0.98497926, -0.99065511],
        [ 0.5108849 , -0.08040266,  0.        , ..., -0.99992043,
         -0.96790701, -0.97648165],
        ...,
        [ 0.8660254 ,  0.99566889,  0.99992043, ...,  0.        ,
         -0.26349852, -0.22790142],
        [ 0.70367063,  0.98497926,  0.96790701, ...,  0.26349852,
          0.        ,  0.03671701],
        [ 0.72928455,  0.99065511,  0.97648165, ...,  0.22790142,
         -0.03671701,  0.        ]],

       [[ 0.        , -0.51411345, -0.74259905, ..., -0.92063452,
         -0.80077185, -0.96718817],
        [ 0.51411345,  0.        , -0.29262327, ..., -0.58892565,
         -0.37890152, -0.69896254],
        [ 0.74259905,  0.29262327,  0.        , ..., -0.3266527 ,
         -0.09151177, -0.45909546],
        ...,
        [ 0.92063452,  0.58892565,  0.3266527 , ...,  0.        ,
          0.23879023, -0.14371753],
        [ 0.80077185,  0.37890152,  0.09151177, ..., -0.23879023,
          0.        , -0.37587123],
        [ 0.96718817,  0.69896254,  0.45909546, ...,  0.14371753,
          0.37587123,  0.        ]],

       [[ 0.        , -0.5807303 , -0.63411592, ..., -0.6162657 ,
         -0.5383887 , -0.48711086],
        [ 0.5807303 ,  0.        , -0.06718851, ..., -0.95904681,
         -0.92767956, -0.90373009],
        [ 0.63411592,  0.06718851,  0.        , ..., -0.97591064,
         -0.95066995, -0.93045152],
        ...,
        [ 0.6162657 ,  0.95904681,  0.97591064, ...,  0.        ,
         -0.09532331, -0.15459111],
        [ 0.5383887 ,  0.92767956,  0.95066995, ...,  0.09532331,
          0.        , -0.05970978],
        [ 0.48711086,  0.90373009,  0.93045152, ...,  0.15459111,
          0.05970978,  0.        ]],

       ...,

       [[ 0.        , -0.18307371, -0.17536576, ..., -0.99801796,
         -0.98583023, -0.99810256],
        [ 0.18307371,  0.        ,  0.00783474, ..., -0.96962987,
         -0.9998788 , -0.99250627],
        [ 0.17536576, -0.00783474,  0.        , ..., -0.97151631,
         -0.99997009, -0.99343317],
        ...,
        [ 0.99801796,  0.96962987,  0.97151631, ...,  0.        ,
         -0.22945164, -0.12426156],
        [ 0.98583023,  0.9998788 ,  0.99997009, ...,  0.22945164,
          0.        ,  0.10672701],
        [ 0.99810256,  0.99250627,  0.99343317, ...,  0.12426156,
         -0.10672701,  0.        ]],

       [[ 0.        ,  0.11042668,  0.23204684, ..., -0.66330225,
         -0.54032717, -0.36980039],
        [-0.11042668,  0.        ,  0.12321516, ..., -0.5766077 ,
         -0.44410359, -0.26494013],
        [-0.23204684, -0.12321516,  0.        , ..., -0.47154454,
         -0.33032175, -0.14410922],
        ...,
        [ 0.66330225,  0.5766077 ,  0.47154454, ...,  0.        ,
         -0.1537843 , -0.33954085],
        [ 0.54032717,  0.44410359,  0.33032175, ...,  0.1537843 ,
          0.        , -0.19085365],
        [ 0.36980039,  0.26494013,  0.14410922, ...,  0.33954085,
          0.19085365,  0.        ]],

       [[ 0.        ,  0.56522104,  0.76300568, ...,  0.76802628,
          0.79478175,  0.82211441],
        [-0.56522104,  0.        ,  0.26407929, ...,  0.99555313,
          0.99867688,  0.9999876 ],
        [-0.76300568, -0.26407929,  0.        , ...,  0.98508869,
          0.97680499,  0.96580416],
        ...,
        [-0.76802628, -0.99555313, -0.98508869, ...,  0.        ,
         -0.04288121, -0.08924263],
        [-0.79478175, -0.99867688, -0.97680499, ...,  0.04288121,
          0.        , -0.04645043],
        [-0.82211441, -0.9999876 , -0.96580416, ...,  0.08924263,
          0.04645043,  0.        ]]]), 'num': array([9.44543141e-01, 3.28383165e-01, 1.00351788e-04, 7.63992532e-05,
       7.75191119e-05, 7.52793944e-05, 1.64038155e-03, 1.24428751e-07,
       7.74195689e-05, 8.09097954e-05, 8.38857164e-05, 3.58068348e-07,
       8.74357839e-05, 7.43838069e-05])}
{'img': array([[[ 0.        ,  0.09427117,  0.5161433 , ..., -0.97164081,
         -0.97976477, -0.9821187 ],
        [-0.09427117,  0.        ,  0.43310122, ..., -0.94502214,
         -0.95653283, -0.95999715],
        [-0.5161433 , -0.43310122,  0.        , ..., -0.71016441,
         -0.73586337, -0.74401633],
        ...,
        [ 0.97164081,  0.94502214,  0.71016441, ...,  0.        ,
          0.03720055,  0.04930972],
        [ 0.97976477,  0.95653283,  0.73586337, ..., -0.03720055,
          0.        ,  0.01212028],
        [ 0.9821187 ,  0.95999715,  0.74401633, ..., -0.04930972,
         -0.01212028,  0.        ]],

       [[ 0.        , -0.29262327, -0.09299995, ..., -0.37890152,
         -0.69896254, -0.59714109],
        [ 0.29262327,  0.        ,  0.20242593, ..., -0.09151177,
         -0.45909546, -0.3362792 ],
        [ 0.09299995, -0.20242593,  0.        , ..., -0.29119381,
         -0.62942363, -0.51995452],
        ...,
        [ 0.37890152,  0.09151177,  0.29119381, ...,  0.        ,
         -0.37587123, -0.24868583],
        [ 0.69896254,  0.45909546,  0.62942363, ...,  0.37587123,
          0.        ,  0.13361277],
        [ 0.59714109,  0.3362792 ,  0.51995452, ...,  0.24868583,
         -0.13361277,  0.        ]],

       [[ 0.        , -0.14049806,  0.01861664, ..., -0.74651938,
         -0.70354139, -0.70663717],
        [ 0.14049806,  0.        ,  0.15890569, ..., -0.83259692,
         -0.79640848, -0.79904107],
        [-0.01861664, -0.15890569,  0.        , ..., -0.73400317,
         -0.69018947, -0.69334202],
        ...,
        [ 0.74651938,  0.83259692,  0.73400317, ...,  0.        ,
         -0.06240631, -0.05804855],
        [ 0.70354139,  0.79640848,  0.69018947, ...,  0.06240631,
          0.        ,  0.00436568],
        [ 0.70663717,  0.79904107,  0.69334202, ...,  0.05804855,
         -0.00436568,  0.        ]],

       ...,

       [[ 0.        ,  0.00783474,  0.09175303, ..., -0.9998788 ,
         -0.99250627, -0.98452024],
        [-0.00783474,  0.        ,  0.08394852, ..., -0.99997009,
         -0.99343317, -0.98586323],
        [-0.09175303, -0.08394852,  0.        , ..., -0.99708957,
         -0.99953132, -0.99644897],
        ...,
        [ 0.9998788 ,  0.99997009,  0.99708957, ...,  0.        ,
          0.10672701,  0.15992212],
        [ 0.99250627,  0.99343317,  0.99953132, ..., -0.10672701,
          0.        ,  0.05365531],
        [ 0.98452024,  0.98586323,  0.99644897, ..., -0.15992212,
         -0.05365531,  0.        ]],

       [[ 0.        ,  0.12297803,  0.26444241, ..., -0.47588378,
         -0.38145052, -0.26444241],
        [-0.12297803,  0.        ,  0.14383494, ..., -0.36411135,
         -0.26487552, -0.14383494],
        [-0.26444241, -0.14383494,  0.        , ..., -0.22636376,
         -0.12342373, -0.        ],
        ...,
        [ 0.47588378,  0.36411135,  0.22636376, ...,  0.        ,
         -0.104413  , -0.22636376],
        [ 0.38145052,  0.26487552,  0.12342373, ...,  0.104413  ,
          0.        , -0.12342373],
        [ 0.26444241,  0.14383494,  0.        , ...,  0.22636376,
          0.12342373,  0.        ]],

       [[ 0.        ,  0.59418991,  0.81199532, ...,  0.82220872,
          0.84923889,  0.87252274],
        [-0.59418991,  0.        ,  0.30630073, ...,  0.99952749,
          0.99680139,  0.99209711],
        [-0.81199532, -0.30630073,  0.        , ...,  0.94207004,
          0.9244108 ,  0.90597946],
        ...,
        [-0.82220872, -0.99952749, -0.94207004, ...,  0.        ,
         -0.04924154, -0.09491844],
        [-0.84923889, -0.99680139, -0.9244108 , ...,  0.04924154,
          0.        , -0.04578407],
        [-0.87252274, -0.99209711, -0.90597946, ...,  0.09491844,
          0.04578407,  0.        ]]]), 'num': array([9.58407297e-01, 2.85398316e-01, 1.09077635e-04, 7.76339839e-05,
       7.81372836e-05, 7.49916603e-05, 1.78646240e-03, 3.77474800e-07,
       7.77094789e-05, 8.14024407e-05, 8.44767632e-05, 3.81019164e-07,
       8.79571710e-05, 7.48477103e-05])}
{'img': array([[[ 0.        ,  0.43310122, -0.27298732, ..., -0.95653283,
         -0.95999715, -0.96935547],
        [-0.43310122,  0.        , -0.66270684, ..., -0.73586337,
         -0.74401633, -0.76732734],
        [ 0.27298732,  0.66270684,  0.        , ..., -0.99981128,
         -0.9999733 , -0.99959975],
        ...,
        [ 0.95653283,  0.73586337,  0.99981128, ...,  0.        ,
          0.01212028,  0.04770388],
        [ 0.95999715,  0.74401633,  0.9999733 , ..., -0.01212028,
          0.        ,  0.0355939 ],
        [ 0.96935547,  0.76732734,  0.99959975, ..., -0.04770388,
         -0.0355939 ,  0.        ]],

       [[ 0.        ,  0.20242593,  0.08064817, ..., -0.45909546,
         -0.3362792 , -0.29876701],
        [-0.20242593,  0.        , -0.122788  , ..., -0.62942363,
         -0.51995452, -0.48576215],
        [-0.08064817,  0.122788  ,  0.        , ..., -0.5292468 ,
         -0.41113522, -0.37475847],
        ...,
        [ 0.45909546,  0.62942363,  0.5292468 , ...,  0.        ,
          0.13361277,  0.17270607],
        [ 0.3362792 ,  0.51995452,  0.41113522, ..., -0.13361277,
          0.        ,  0.03955249],
        [ 0.29876701,  0.48576215,  0.37475847, ..., -0.17270607,
         -0.03955249,  0.        ]],

       [[ 0.        ,  0.15890569,  0.38091036, ..., -0.79640848,
         -0.79904107, -0.72781246],
        [-0.15890569,  0.        ,  0.22914431, ..., -0.69018947,
         -0.69334202, -0.60959096],
        [-0.38091036, -0.22914431,  0.        , ..., -0.50600982,
         -0.50977052, -0.41172486],
        ...,
        [ 0.79640848,  0.69018947,  0.50600982, ...,  0.        ,
          0.00436568, -0.1060068 ],
        [ 0.79904107,  0.69334202,  0.50977052, ..., -0.00436568,
          0.        , -0.11034687],
        [ 0.72781246,  0.60959096,  0.41172486, ...,  0.1060068 ,
          0.11034687,  0.        ]],

       ...,

       [[ 0.        ,  0.08394852, -0.09568582, ..., -0.99343317,
         -0.98586323, -0.97417421],
        [-0.08394852,  0.        , -0.17891138, ..., -0.99953132,
         -0.99644897, -0.98969085],
        [ 0.09568582,  0.17891138,  0.        , ..., -0.9779271 ,
         -0.96530733, -0.94809865],
        ...,
        [ 0.99343317,  0.99953132,  0.9779271 , ...,  0.        ,
          0.05365531,  0.11285588],
        [ 0.98586323,  0.99644897,  0.96530733, ..., -0.05365531,
          0.        ,  0.05938079],
        [ 0.97417421,  0.98969085,  0.94809865, ..., -0.11285588,
         -0.05938079,  0.        ]],

       [[ 0.        ,  0.14290631, -0.15385986, ..., -0.39187172,
         -0.36289904, -0.14290631],
        [-0.14290631,  0.        , -0.29348535, ..., -0.256373  ,
         -0.22601016, -0.        ],
        [ 0.15385986,  0.29348535,  0.        , ..., -0.52875971,
         -0.50194888, -0.29348535],
        ...,
        [ 0.39187172,  0.256373  ,  0.52875971, ...,  0.        ,
         -0.0312829 , -0.256373  ],
        [ 0.36289904,  0.22601016,  0.50194888, ...,  0.0312829 ,
          0.        , -0.22601016],
        [ 0.14290631,  0.        ,  0.29348535, ...,  0.256373  ,
          0.22601016,  0.        ]],

       [[ 0.        ,  0.65525362,  0.88813851, ...,  0.87899968,
          0.90134089,  0.9136647 ],
        [-0.65525362,  0.        ,  0.36976904, ...,  0.97644381,
          0.96467812,  0.9565306 ],
        [-0.88813851, -0.36976904,  0.        , ...,  0.82745134,
          0.79889653,  0.78089877],
        ...,
        [-0.87899968, -0.97644381, -0.82745134, ...,  0.        ,
         -0.04907561, -0.07836988],
        [-0.90134089, -0.96467812, -0.79889653, ...,  0.04907561,
          0.        , -0.02935078],
        [-0.9136647 , -0.9565306 , -0.78089877, ...,  0.07836988,
          0.02935078,  0.        ]]]), 'num': array([9.83336454e-01, 1.81774552e-01, 1.26230217e-04, 8.00841120e-05,
       8.09669290e-05, 7.73095443e-05, 2.71347672e-03, 2.27010081e-06,
       7.79149046e-05, 8.12443857e-05, 8.43489588e-05, 5.34244404e-07,
       8.73469752e-05, 7.51417963e-05])}
{'img': array([[[ 0.        , -0.66270684, -0.71894471, ..., -0.74401633,
         -0.76732734, -0.87736661],
        [ 0.66270684,  0.        , -0.07777671, ..., -0.9999733 ,
         -0.99959975, -0.97502177],
        [ 0.71894471,  0.07777671,  0.        , ..., -0.99751252,
         -0.99437144, -0.95479331],
        ...,
        [ 0.74401633,  0.9999733 ,  0.99751252, ...,  0.        ,
          0.0355939 ,  0.22922815],
        [ 0.76732734,  0.99959975,  0.99437144, ..., -0.0355939 ,
          0.        ,  0.19443677],
        [ 0.87736661,  0.97502177,  0.95479331, ..., -0.22922815,
         -0.19443677,  0.        ]],

       [[ 0.        , -0.122788  , -0.20520365, ..., -0.51995452,
         -0.48576215, -0.33007781],
        [ 0.122788  ,  0.        , -0.08347587, ..., -0.41113522,
         -0.37475847, -0.2116739 ],
        [ 0.20520365,  0.08347587,  0.        , ..., -0.33360581,
         -0.29605813, -0.12935078],
        ...,
        [ 0.51995452,  0.41113522,  0.33360581, ...,  0.        ,
          0.03955249,  0.20886254],
        [ 0.48576215,  0.37475847,  0.29605813, ..., -0.03955249,
          0.        ,  0.17001894],
        [ 0.33007781,  0.2116739 ,  0.12935078, ..., -0.20886254,
         -0.17001894,  0.        ]],

       [[ 0.        ,  0.22914431, -0.18662884, ..., -0.69334202,
         -0.60959096, -0.61382616],
        [-0.22914431,  0.        , -0.40678147, ..., -0.50977052,
         -0.41172486, -0.41659779],
        [ 0.18662884,  0.40678147,  0.        , ..., -0.8156467 ,
         -0.74682444, -0.75037404],
        ...,
        [ 0.69334202,  0.50977052,  0.8156467 , ...,  0.        ,
         -0.11034687, -0.10502432],
        [ 0.60959096,  0.41172486,  0.74682444, ...,  0.11034687,
          0.        ,  0.00535366],
        [ 0.61382616,  0.41659779,  0.75037404, ...,  0.10502432,
         -0.00535366,  0.        ]],

       ...,

       [[ 0.        , -0.17891138, -0.46927005, ..., -0.99644897,
         -0.98969085, -0.83887143],
        [ 0.17891138,  0.        , -0.30370992, ..., -0.96530733,
         -0.94809865, -0.72794963],
        [ 0.46927005,  0.30370992,  0.        , ..., -0.84040696,
         -0.80674221, -0.48533178],
        ...,
        [ 0.99644897,  0.96530733,  0.84040696, ...,  0.        ,
          0.05938079,  0.47176467],
        [ 0.98969085,  0.94809865,  0.80674221, ..., -0.05938079,
          0.        ,  0.4185747 ],
        [ 0.83887143,  0.72794963,  0.48533178, ..., -0.47176467,
         -0.4185747 ,  0.        ]],

       [[ 0.        , -0.29026026, -0.28445524, ..., -0.3675465 ,
         -0.29563195, -0.        ],
        [ 0.29026026,  0.        ,  0.00606062, ..., -0.62166633,
         -0.56019051, -0.29026026],
        [ 0.28445524, -0.00606062,  0.        , ..., -0.61690774,
         -0.55515982, -0.28445524],
        ...,
        [ 0.3675465 ,  0.62166633,  0.61690774, ...,  0.        ,
         -0.07617865, -0.3675465 ],
        [ 0.29563195,  0.56019051,  0.55515982, ...,  0.07617865,
          0.        , -0.29563195],
        [ 0.        ,  0.29026026,  0.28445524, ...,  0.3675465 ,
          0.29563195,  0.        ]],

       [[ 0.        ,  0.74866649,  0.86739581, ...,  0.93519907,
          0.94613628,  0.94271002],
        [-0.74866649,  0.        ,  0.20248674, ...,  0.88510685,
          0.86963278,  0.87473168],
        [-0.86739581, -0.20248674,  0.        , ...,  0.772537  ,
          0.75165082,  0.75848502],
        ...,
        [-0.93519907, -0.88510685, -0.772537  , ...,  0.        ,
         -0.03225994, -0.02183996],
        [-0.94613628, -0.86963278, -0.75165082, ...,  0.03225994,
          0.        ,  0.01042366],
        [-0.94271002, -0.87473168, -0.75848502, ...,  0.02183996,
         -0.01042366,  0.        ]]]), 'num': array([ 9.93763841e-01,  1.11492353e-01,  1.42531743e-04,  8.07054051e-05,
        8.20092081e-05,  8.00535036e-05,  1.67560849e-03, -2.08608478e-06,
        8.07836333e-05,  8.35868097e-05,  8.68072031e-05,  4.54615516e-07,
        8.96451601e-05,  7.75284593e-05])}
{'img': array([[[ 0.        , -0.34538376, -0.44114489, ..., -0.80759055,
         -0.91425989, -0.8221778 ],
        [ 0.34538376,  0.        , -0.10403772, ..., -0.96158053,
         -0.99792244, -0.9681853 ],
        [ 0.44114489,  0.10403772,  0.        , ..., -0.98492312,
         -0.99920988, -0.98896511],
        ...,
        [ 0.80759055,  0.96158053,  0.98492312, ...,  0.        ,
          0.2120012 ,  0.0251687 ],
        [ 0.91425989,  0.99792244,  0.99920988, ..., -0.2120012 ,
          0.        , -0.18733744],
        [ 0.8221778 ,  0.9681853 ,  0.98896511, ..., -0.0251687 ,
          0.18733744,  0.        ]],

       [[ 0.        , -0.08347587, -0.01140825, ..., -0.37475847,
         -0.2116739 , -0.42543368],
        [ 0.08347587,  0.        ,  0.072102  , ..., -0.29605813,
         -0.12935078, -0.34840404],
        [ 0.01140825, -0.072102  ,  0.        , ..., -0.36415723,
         -0.20051038, -0.41508165],
        ...,
        [ 0.37475847,  0.29605813,  0.36415723, ...,  0.        ,
          0.17001894, -0.05527661],
        [ 0.2116739 ,  0.12935078,  0.20051038, ..., -0.17001894,
          0.        , -0.22423082],
        [ 0.42543368,  0.34840404,  0.41508165, ...,  0.05527661,
          0.22423082,  0.        ]],

       [[ 0.        , -0.40678147, -0.50221118, ..., -0.41172486,
         -0.41659779, -0.45764451],
        [ 0.40678147,  0.        , -0.10702047, ..., -0.74682444,
         -0.75037404, -0.77975367],
        [ 0.50221118,  0.10702047,  0.        , ..., -0.81370618,
         -0.81680648, -0.84227947],
        ...,
        [ 0.41172486,  0.74682444,  0.81370618, ...,  0.        ,
          0.00535366,  0.05097611],
        [ 0.41659779,  0.75037404,  0.81680648, ..., -0.00535366,
          0.        ,  0.04562868],
        [ 0.45764451,  0.77975367,  0.84227947, ..., -0.05097611,
         -0.04562868,  0.        ]],

       ...,

       [[ 0.        , -0.30370992, -0.51146906, ..., -0.94809865,
         -0.72794963, -0.88020899],
        [ 0.30370992,  0.        , -0.22633113, ..., -0.80674221,
         -0.48533178, -0.69449536],
        [ 0.51146906,  0.22633113,  0.        , ..., -0.65206773,
         -0.27484951, -0.51362888],
        ...,
        [ 0.94809865,  0.80674221,  0.65206773, ...,  0.        ,
          0.4185747 ,  0.17006898],
        [ 0.72794963,  0.48533178,  0.27484951, ..., -0.4185747 ,
          0.        , -0.25802332],
        [ 0.88020899,  0.69449536,  0.51362888, ..., -0.17006898,
          0.25802332,  0.        ]],

       [[ 0.        ,  0.05908924, -0.2628568 , ..., -0.44497456,
         -0.31839174, -0.05908924],
        [-0.05908924,  0.        , -0.31940887, ..., -0.39128009,
         -0.26182122, -0.        ],
        [ 0.2628568 ,  0.31940887,  0.        , ..., -0.66472659,
         -0.55637297, -0.31940887],
        ...,
        [ 0.44497456,  0.39128009,  0.66472659, ...,  0.        ,
         -0.13668418, -0.39128009],
        [ 0.31839174,  0.26182122,  0.55637297, ...,  0.13668418,
          0.        , -0.26182122],
        [ 0.05908924,  0.        ,  0.31940887, ...,  0.39128009,
          0.26182122,  0.        ]],

       [[ 0.        ,  0.59844667,  0.89549581, ...,  0.98241561,
          0.98009134,  0.98293601],
        [-0.59844667,  0.        ,  0.45108717, ...,  0.89880898,
          0.90403245,  0.89757458],
        [-0.89549581, -0.45108717,  0.        , ...,  0.60443916,
          0.61400733,  0.60219977],
        ...,
        [-0.98241561, -0.89880898, -0.60443916, ...,  0.        ,
          0.01206572, -0.00280801],
        [-0.98009134, -0.90403245, -0.61400733, ..., -0.01206572,
          0.        , -0.01487347],
        [-0.98293601, -0.89757458, -0.60219977, ...,  0.00280801,
          0.01487347,  0.        ]]]), 'num': array([ 9.98550696e-01,  5.37982603e-02,  1.53120330e-04,  8.10807103e-05,
        8.27890559e-05,  8.04236543e-05,  1.47478847e-03, -2.62822400e-07,
        8.15275084e-05,  8.38206338e-05,  8.71540979e-05,  4.70594161e-07,
        8.95464687e-05,  7.80947989e-05])}
{'img': array([[[ 0.00000000e+00, -2.87861810e-01, -2.04646345e-01, ...,
         -9.22396903e-01, -8.31479419e-01, -8.16942183e-01],
        [ 2.87861810e-01,  0.00000000e+00,  8.57854304e-02, ...,
         -9.94538368e-01, -9.56207751e-01, -9.48378160e-01],
        [ 2.04646345e-01, -8.57854304e-02,  0.00000000e+00, ...,
         -9.81918573e-01, -9.27574385e-01, -9.17675955e-01],
        ...,
        [ 9.22396903e-01,  9.94538368e-01,  9.81918573e-01, ...,
          0.00000000e+00, -1.91289297e-01, -2.16425836e-01],
        [ 8.31479419e-01,  9.56207751e-01,  9.27574385e-01, ...,
          1.91289297e-01,  0.00000000e+00, -2.56736906e-02],
        [ 8.16942183e-01,  9.48378160e-01,  9.17675955e-01, ...,
          2.16425836e-01,  2.56736906e-02,  0.00000000e+00]],

       [[ 0.00000000e+00,  7.13355568e-02,  7.70830192e-04, ...,
         -1.27216373e-01, -3.33739305e-01, -4.61581774e-01],
        [-7.13355568e-02,  0.00000000e+00, -7.05666692e-02, ...,
         -1.97648228e-01, -4.00134624e-01, -5.23687442e-01],
        [-7.70830192e-04,  7.05666692e-02,  0.00000000e+00, ...,
         -1.27980902e-01, -3.34465841e-01, -4.62265439e-01],
        ...,
        [ 1.27216373e-01,  1.97648228e-01,  1.27980902e-01, ...,
          0.00000000e+00, -2.11105195e-01, -3.44978070e-01],
        [ 3.33739305e-01,  4.00134624e-01,  3.34465841e-01, ...,
          2.11105195e-01,  0.00000000e+00, -1.39057815e-01],
        [ 4.61581774e-01,  5.23687442e-01,  4.62265439e-01, ...,
          3.44978070e-01,  1.39057815e-01,  0.00000000e+00]],

       [[ 0.00000000e+00, -3.15230723e-01, -4.53850908e-01, ...,
         -4.25448539e-01, -4.67250177e-01, -4.84384615e-01],
        [ 3.15230723e-01,  0.00000000e+00, -1.49816300e-01, ...,
         -6.89035398e-01, -7.22130866e-01, -7.35469520e-01],
        [ 4.53850908e-01,  1.49816300e-01,  0.00000000e+00, ...,
         -7.89834862e-01, -8.17617183e-01, -8.28678105e-01],
        ...,
        [ 4.25448539e-01,  6.89035398e-01,  7.89834862e-01, ...,
          0.00000000e+00,  4.67035376e-02,  6.61538089e-02],
        [ 4.67250177e-01,  7.22130866e-01,  8.17617183e-01, ...,
         -4.67035376e-02,  0.00000000e+00,  1.94803909e-02],
        [ 4.84384615e-01,  7.35469520e-01,  8.28678105e-01, ...,
         -6.61538089e-02, -1.94803909e-02,  0.00000000e+00]],

       ...,

       [[ 0.00000000e+00, -2.26331130e-01, -8.92623046e-01, ...,
         -4.85331782e-01, -6.94495359e-01, -6.69839250e-01],
        [ 2.26331130e-01,  0.00000000e+00, -7.67428911e-01, ...,
         -2.74849514e-01, -5.13628885e-01, -4.84404947e-01],
        [ 8.92623046e-01,  7.67428911e-01,  0.00000000e+00, ...,
          5.61657737e-01,  3.29158597e-01,  3.60811996e-01],
        ...,
        [ 4.85331782e-01,  2.74849514e-01, -5.61657737e-01, ...,
          0.00000000e+00, -2.58023322e-01, -2.25298764e-01],
        [ 6.94495359e-01,  5.13628885e-01, -3.29158597e-01, ...,
          2.58023322e-01,  0.00000000e+00,  3.37196190e-02],
        [ 6.69839250e-01,  4.84404947e-01, -3.60811996e-01, ...,
          2.25298764e-01, -3.37196190e-02,  0.00000000e+00]],

       [[ 0.00000000e+00, -3.16142706e-01, -4.46258824e-01, ...,
         -3.82268480e-01, -2.86079294e-01, -0.00000000e+00],
        [ 3.16142706e-01,  0.00000000e+00, -1.40453591e-01, ...,
         -6.54794639e-01, -5.74336580e-01, -3.16142706e-01],
        [ 4.46258824e-01,  1.40453591e-01,  0.00000000e+00, ...,
         -7.54459617e-01, -6.83621347e-01, -4.46258824e-01],
        ...,
        [ 3.82268480e-01,  6.54794639e-01,  7.54459617e-01, ...,
          0.00000000e+00, -1.01939987e-01, -3.82268480e-01],
        [ 2.86079294e-01,  5.74336580e-01,  6.83621347e-01, ...,
          1.01939987e-01,  0.00000000e+00, -2.86079294e-01],
        [ 0.00000000e+00,  3.16142706e-01,  4.46258824e-01, ...,
          3.82268480e-01,  2.86079294e-01,  0.00000000e+00]],

       [[ 0.00000000e+00,  7.96531651e-01,  9.72808056e-01, ...,
          9.93923655e-01,  9.95585345e-01,  9.96033869e-01],
        [-7.96531651e-01,  0.00000000e+00,  4.03669747e-01, ...,
          6.88598647e-01,  6.76690723e-01,  6.73070242e-01],
        [-9.72808056e-01, -4.03669747e-01,  0.00000000e+00, ...,
          3.37284024e-01,  3.21898699e-01,  3.17249682e-01],
        ...,
        [-9.93923655e-01, -6.88598647e-01, -3.37284024e-01, ...,
          0.00000000e+00, -1.62954027e-02, -2.12008393e-02],
        [-9.95585345e-01, -6.76690723e-01, -3.21898699e-01, ...,
          1.62954027e-02,  0.00000000e+00, -4.90628418e-03],
        [-9.96033869e-01, -6.73070242e-01, -3.17249682e-01, ...,
          2.12008393e-02,  4.90628418e-03,  0.00000000e+00]]]), 'num': array([ 9.99170947e-01,  4.06702772e-02,  1.57907862e-04,  8.10777130e-05,
        8.36155657e-05,  8.10777130e-05,  1.80704457e-03, -1.33571191e-06,
