state_0,state_1,state_2,state_3,state_4,state_5,state_6,state_7,state_8,state_9,state_10,state_11,state_12,state_13,state_14,state_15,state_16,state_17,state_18,state_19,state_20,state_21,state_22,state_23,state_24,state_25,state_26,state_27,state_28,state_29,state_30,state_31,state_32,state_33,state_34,state_35,state_36,state_37,state_38,state_39,state_40,state_41,state_42,state_43,state_44,state_45,state_46,state_47,state_48,state_49,state_50,state_51,state_52,state_53,state_54,state_55,state_56,state_57,state_58,state_59,state_60,state_61,state_62,state_63,state_64,state_65,state_66,state_67,state_68,state_69,state_70,state_71,state_72,state_73,state_74,state_75,state_76,state_77,state_78,state_79,state_80,state_81,state_82,state_83,state_84,state_85,state_86,state_87,state_88,state_89,state_90,state_91,state_92,state_93,state_94,state_95,state_96,state_97,state_98,state_99,state_100,state_101,state_102,state_103,state_104,state_105,state_106,state_107,state_108,state_109,state_110,state_111,state_112,state_113,state_114,state_115,state_116,state_117,state_118,state_119,state_120,state_121,state_122,state_123,state_124,state_125,state_126,state_127,state_128,state_129,state_130,state_131,state_132,state_133,state_134,state_135,state_136,state_137,state_138,state_139,state_140,state_141,state_142,state_143,state_144,state_145,state_146,state_147,state_148,state_149,state_150,state_151,state_152,state_153,state_154,state_155,state_156,state_157,state_158,state_159,state_160,state_161,state_162,state_163,state_164,state_165,state_166,state_167,state_168,state_169,state_170,state_171,state_172,state_173,state_174,state_175,state_176,state_177,state_178,state_179,state_180,state_181,state_182,state_183,state_184,state_185,state_186,state_187,state_188,state_189,state_190,state_191,state_192,state_193,state_194,state_195,state_196,state_197,state_198,state_199,state_200,state_201,state_202,state_203,state_204,state_205,state_206,state_207,state_208,state_209,state_210,state_211,state_212,state_213,state_214,state_215,state_216,state_217,state_218,state_219,state_220,state_221,state_222,state_223,state_224,state_225,state_226,state_227,state_228,state_229,state_230,state_231,state_232,state_233,state_234,state_235,state_236,state_237,state_238,state_239,state_240,state_241,state_242,state_243,state_244,state_245,state_246,state_247,state_248,state_249,state_250,state_251,state_252,state_253,state_254,state_255,state_256,state_257,state_258,state_259,state_260,state_261,state_262,state_263,state_264,state_265,state_266,state_267,state_268,state_269,state_270,state_271,state_272,state_273,state_274,state_275,state_276,state_277,state_278,state_279,state_280,state_281,state_282,state_283,state_284,state_285,state_286,state_287
{'img': array([[[ 0.        ,  0.26374015,  0.46614531, ...,  0.38704534,
         -0.16574365, -0.31670558],
        [-0.26374015,  0.        ,  0.2163078 , ...,  0.1301571 ,
         -0.41996762, -0.55565606],
        [-0.46614531, -0.2163078 ,  0.        , ..., -0.08739209,
         -0.60633276, -0.72234198],
        ...,
        [-0.38704534, -0.1301571 ,  0.08739209, ...,  0.        ,
         -0.53451777, -0.65914351],
        [ 0.16574365,  0.41996762,  0.60633276, ...,  0.53451777,
          0.        , -0.15511337],
        [ 0.31670558,  0.55565606,  0.72234198, ...,  0.65914351,
          0.15511337,  0.        ]],

       [[ 0.        ,  0.00925979, -0.20859181, ..., -0.46326611,
          0.94999804,  0.61622838],
        [-0.00925979,  0.        , -0.21763897, ..., -0.47145245,
          0.94706589,  0.60890925],
        [ 0.20859181,  0.21763897,  0.        , ..., -0.26821748,
          0.99423475,  0.76695321],
        ...,
        [ 0.46326611,  0.47145245,  0.26821748, ...,  0.        ,
          0.98656408,  0.91096677],
        [-0.94999804, -0.94706589, -0.99423475, ..., -0.98656408,
          0.        , -0.55576667],
        [-0.61622838, -0.60890925, -0.76695321, ..., -0.91096677,
          0.55576667,  0.        ]],

       [[ 0.        , -0.13033904, -0.17689061, ...,  0.31669287,
          0.04220746, -0.25728873],
        [ 0.13033904,  0.        , -0.04709797, ...,  0.43762156,
          0.1720703 , -0.1291428 ],
        [ 0.17689061,  0.04709797,  0.        , ...,  0.4794845 ,
          0.21827485, -0.08229591],
        ...,
        [-0.31669287, -0.43762156, -0.4794845 , ...,  0.        ,
         -0.27637569, -0.55007687],
        [-0.04220746, -0.1720703 , -0.21827485, ...,  0.27637569,
          0.        , -0.29784598],
        [ 0.25728873,  0.1291428 ,  0.08229591, ...,  0.55007687,
          0.29784598,  0.        ]],

       ...,

       [[ 0.        ,  0.08995817,  0.38383631, ..., -0.26569502,
         -0.2496263 , -0.95359115],
        [-0.08995817,  0.        ,  0.29921258, ..., -0.35134259,
         -0.3357245 , -0.97681167],
        [-0.38383631, -0.29921258,  0.        , ..., -0.61538322,
         -0.60219013, -0.99612201],
        ...,
        [ 0.26569502,  0.35134259,  0.61538322, ...,  0.        ,
          0.0166297 , -0.83931438],
        [ 0.2496263 ,  0.3357245 ,  0.60219013, ..., -0.0166297 ,
          0.        , -0.84823899],
        [ 0.95359115,  0.97681167,  0.99612201, ...,  0.83931438,
          0.84823899,  0.        ]],

       [[ 0.        , -0.0115395 , -0.0202804 , ...,  0.61198478,
          0.73358571,  0.96803614],
        [ 0.0115395 ,  0.        , -0.00874192, ...,  0.62107027,
          0.74137907,  0.97086592],
        [ 0.0202804 ,  0.00874192,  0.        , ...,  0.62789807,
          0.74721733,  0.97292359],
        ...,
        [-0.61198478, -0.62107027, -0.62789807, ...,  0.        ,
          0.1642676 ,  0.61209793],
        [-0.73358571, -0.74137907, -0.74721733, ..., -0.1642676 ,
          0.        ,  0.47388322],
        [-0.96803614, -0.97086592, -0.97292359, ..., -0.61209793,
         -0.47388322,  0.        ]],

       [[ 0.        ,  0.07053598,  0.18667176, ...,  0.99922308,
          0.83507228,  0.62954523],
        [-0.07053598,  0.        ,  0.11691068, ...,  0.99395435,
          0.79418763,  0.57317327],
        [-0.18667176, -0.11691068,  0.        , ...,  0.97430214,
          0.71769802,  0.47344209],
        ...,
        [-0.99922308, -0.99395435, -0.97430214, ...,  0.        ,
         -0.51680173, -0.75154914],
        [-0.83507228, -0.79418763, -0.71769802, ...,  0.51680173,
          0.        , -0.3024828 ],
        [-0.62954523, -0.57317327, -0.47344209, ...,  0.75154914,
          0.3024828 ,  0.        ]]]), 'num': array([ 8.66573272e-01,  4.98990609e-01,  1.18004065e-05,  7.82090772e-04,
        7.94644396e-04,  7.79580048e-04,  7.33442969e-03, -8.78753677e-06,
        8.07449093e-04,  8.47306849e-04,  8.24208181e-04,  5.95765205e-07,
        9.02807356e-04,  7.91806342e-04])}
{'img': array([[[ 0.        ,  0.2163078 , -0.30817813, ..., -0.41996762,
         -0.55565606, -0.71692985],
        [-0.2163078 ,  0.        , -0.50666189, ..., -0.60633276,
         -0.72234198, -0.85075466],
        [ 0.30817813,  0.50666189,  0.        , ..., -0.11984353,
         -0.27238847, -0.46719099],
        ...,
        [ 0.41996762,  0.60633276,  0.11984353, ...,  0.        ,
         -0.15511337, -0.35786341],
        [ 0.55565606,  0.72234198,  0.27238847, ...,  0.15511337,
          0.        , -0.20869125],
        [ 0.71692985,  0.85075466,  0.46719099, ...,  0.35786341,
          0.20869125,  0.        ]],

       [[ 0.        , -0.21763897,  0.10342389, ...,  0.94706589,
          0.60890925,  0.28168013],
        [ 0.21763897,  0.        ,  0.3174166 , ...,  0.99423475,
          0.76695321,  0.48375448],
        [-0.10342389, -0.3174166 ,  0.        , ...,  0.90878399,
          0.52360394,  0.1809335 ],
        ...,
        [-0.94706589, -0.99423475, -0.90878399, ...,  0.        ,
         -0.55576667, -0.81828726],
        [-0.60890925, -0.76695321, -0.52360394, ...,  0.55576667,
          0.        , -0.36081361],
        [-0.28168013, -0.48375448, -0.1809335 , ...,  0.81828726,
          0.36081361,  0.        ]],

       [[ 0.        , -0.04709797, -0.16998496, ...,  0.1720703 ,
         -0.1291428 , -0.4238159 ],
        [ 0.04709797,  0.        , -0.12338378, ...,  0.21827485,
         -0.08229591, -0.38068667],
        [ 0.16998496,  0.12338378,  0.        , ...,  0.33701569,
          0.04129817, -0.26368436],
        ...,
        [-0.1720703 , -0.21827485, -0.33701569, ...,  0.        ,
         -0.29784598, -0.57334694],
        [ 0.1291428 ,  0.08229591, -0.04129817, ...,  0.29784598,
          0.        , -0.30329599],
        [ 0.4238159 ,  0.38068667,  0.26368436, ...,  0.57334694,
          0.30329599,  0.        ]],

       ...,

       [[ 0.        ,  0.26724107,  0.25503213, ..., -0.28571479,
         -0.72920734, -0.99659411],
        [-0.26724107,  0.        , -0.01264757, ..., -0.5314243 ,
         -0.885557  , -0.98238524],
        [-0.25503213,  0.01264757,  0.        , ..., -0.52066797,
         -0.87961098, -0.98467008],
        ...,
        [ 0.28571479,  0.5314243 ,  0.52066797, ...,  0.        ,
         -0.50329753, -0.93148984],
        [ 0.72920734,  0.885557  ,  0.87961098, ...,  0.50329753,
          0.        , -0.62182944],
        [ 0.99659411,  0.98238524,  0.98467008, ...,  0.93148984,
          0.62182944,  0.        ]],

       [[ 0.        , -0.00796743, -0.02688179, ...,  0.6360676 ,
          0.76801808,  0.98868729],
        [ 0.00796743,  0.        , -0.01891639, ...,  0.64219534,
          0.77309627,  0.98985095],
        [ 0.02688179,  0.01891639,  0.        , ...,  0.65658062,
          0.78495639,  0.99236203],
        ...,
        [-0.6360676 , -0.64219534, -0.65658062, ...,  0.        ,
          0.18527276,  0.66749935],
        [-0.76801808, -0.77309627, -0.78495639, ..., -0.18527276,
          0.        ,  0.517987  ],
        [-0.98868729, -0.98985095, -0.99236203, ..., -0.66749935,
         -0.517987  ,  0.        ]],

       [[ 0.        ,  0.11691068,  0.16071844, ...,  0.79418763,
          0.57317327,  0.20166425],
        [-0.11691068,  0.        ,  0.04422543, ...,  0.71769802,
          0.47344209,  0.08577262],
        [-0.16071844, -0.04422543,  0.        , ...,  0.68619923,
          0.43402401,  0.04162625],
        ...,
        [-0.79418763, -0.71769802, -0.68619923, ...,  0.        ,
         -0.3024828 , -0.65532497],
        [-0.57317327, -0.47344209, -0.43402401, ...,  0.3024828 ,
          0.        , -0.39614667],
        [-0.20166425, -0.08577262, -0.04162625, ...,  0.65532497,
          0.39614667,  0.        ]]]), 'num': array([7.07098456e-01, 7.07098456e-01, 0.00000000e+00, 4.84867512e-04,
       4.88752669e-04, 4.79428294e-04, 4.63926520e-03, 7.77031270e-07,
       4.93259450e-04, 5.21426834e-04, 5.09758414e-04, 3.58629817e-07,
       5.58420296e-04, 4.84433371e-04])}
{'img': array([[[ 0.        , -0.50666189, -0.98835373, ..., -0.72234198,
         -0.85075466, -0.83302094],
        [ 0.50666189,  0.        , -0.92920479, ..., -0.27238847,
         -0.46719099, -0.43787834],
        [ 0.98835373,  0.92920479,  0.        , ...,  0.79340381,
          0.64890485,  0.67356232],
        ...,
        [ 0.72234198,  0.27238847, -0.79340381, ...,  0.        ,
         -0.20869125, -0.17643445],
        [ 0.85075466,  0.46719099, -0.64890485, ...,  0.20869125,
          0.        ,  0.03286775],
        [ 0.83302094,  0.43787834, -0.67356232, ...,  0.17643445,
         -0.03286775,  0.        ]],

       [[ 0.        ,  0.3174166 ,  0.58263557, ...,  0.76695321,
          0.48375448,  0.50346198],
        [-0.3174166 ,  0.        ,  0.81048038, ...,  0.52360394,
          0.1809335 ,  0.20317258],
        [-0.58263557, -0.81048038,  0.        , ..., -0.9972076 ,
         -0.90308832, -0.91258769],
        ...,
        [-0.76695321, -0.52360394,  0.9972076 , ...,  0.        ,
         -0.36081361, -0.33958783],
        [-0.48375448, -0.1809335 ,  0.90308832, ...,  0.36081361,
          0.        ,  0.02265953],
        [-0.50346198, -0.20317258,  0.91258769, ...,  0.33958783,
         -0.02265953,  0.        ]],

       [[ 0.        , -0.12338378, -0.38068667, ..., -0.08229591,
         -0.38068667, -0.62443354],
        [ 0.12338378,  0.        , -0.26368436, ...,  0.04129817,
         -0.26368436, -0.5232899 ],
        [ 0.38068667,  0.26368436,  0.        , ...,  0.30329599,
          0.        , -0.28007029],
        ...,
        [ 0.08229591, -0.04129817, -0.30329599, ...,  0.        ,
         -0.30329599, -0.5580359 ],
        [ 0.38068667,  0.26368436,  0.        , ...,  0.30329599,
          0.        , -0.28007029],
        [ 0.62443354,  0.5232899 ,  0.28007029, ...,  0.5580359 ,
          0.28007029,  0.        ]],

       ...,

       [[ 0.        , -0.01250789, -0.51333521, ..., -0.87325872,
         -0.99953594, -0.98030155],
        [ 0.01250789,  0.        , -0.50256093, ..., -0.86709585,
         -0.99907675, -0.98269526],
        [ 0.51333521,  0.50256093,  0.        , ..., -0.49929423,
         -0.84215304, -0.94267031],
        ...,
        [ 0.87325872,  0.86709585,  0.49929423, ...,  0.        ,
         -0.46043004, -0.650133  ],
        [ 0.99953594,  0.99907675,  0.84215304, ...,  0.46043004,
          0.        , -0.22727631],
        [ 0.98030155,  0.98269526,  0.94267031, ...,  0.650133  ,
          0.22727631,  0.        ]],

       [[ 0.        , -0.01891639,  0.12333766, ...,  0.77309627,
          0.98985095,  0.94752805],
        [ 0.01891639,  0.        ,  0.14208754, ...,  0.78495639,
          0.99236203,  0.95340556],
        [-0.12333766, -0.14208754,  0.        , ...,  0.68896182,
          0.96476576,  0.90086577],
        ...,
        [-0.77309627, -0.78495639, -0.68896182, ...,  0.        ,
          0.517987  ,  0.35386861],
        [-0.98985095, -0.99236203, -0.96476576, ..., -0.517987  ,
          0.        , -0.18177559],
        [-0.94752805, -0.95340556, -0.90086577, ..., -0.35386861,
          0.18177559,  0.        ]],

       [[ 0.        ,  0.04422543, -0.2866313 , ...,  0.47344209,
          0.08577262, -0.18664288],
        [-0.04422543,  0.        , -0.32872062, ...,  0.43402401,
          0.04162625, -0.22990856],
        [ 0.2866313 ,  0.32872062,  0.        , ...,  0.70604892,
          0.36774867,  0.10278303],
        ...,
        [-0.47344209, -0.43402401, -0.70604892, ...,  0.        ,
         -0.39614667, -0.62952239],
        [-0.08577262, -0.04162625, -0.36774867, ...,  0.39614667,
          0.        , -0.27022046],
        [ 0.18664288,  0.22990856, -0.10278303, ...,  0.62952239,
          0.27022046,  0.        ]]]), 'num': array([7.07102662e-01, 7.07102662e-01, 0.00000000e+00, 4.86424469e-04,
       4.87978541e-04, 4.78654110e-04, 3.10455367e-03, 1.55407179e-06,
       4.87823133e-04, 5.18710310e-04, 5.09256374e-04, 3.91896363e-07,
       5.57554256e-04, 4.79866364e-04])}
{'img': array([[[ 0.        , -0.92920479, -0.2989309 , ..., -0.46719099,
         -0.43787834, -0.38091553],
        [ 0.92920479,  0.        ,  0.77624222, ...,  0.64890485,
          0.67356232,  0.71837877],
        [ 0.2989309 , -0.77624222,  0.        , ..., -0.18152689,
         -0.14910713, -0.08710363],
        ...,
        [ 0.46719099, -0.64890485,  0.18152689, ...,  0.        ,
          0.03286775,  0.09518047],
        [ 0.43787834, -0.67356232,  0.14910713, ..., -0.03286775,
          0.        ,  0.06241052],
        [ 0.38091553, -0.71837877,  0.08710363, ..., -0.09518047,
         -0.06241052,  0.        ]],

       [[ 0.        ,  0.81048038,  0.09346554, ...,  0.1809335 ,
          0.20317258, -0.18600719],
        [-0.81048038,  0.        , -0.86168143, ..., -0.90308832,
         -0.91258769, -0.68737954],
        [-0.09346554,  0.86168143,  0.        , ...,  0.08821854,
          0.11076707, -0.27702736],
        ...,
        [-0.1809335 ,  0.90308832, -0.08821854, ...,  0.        ,
          0.02265953, -0.36071312],
        [-0.20317258,  0.91258769, -0.11076707, ..., -0.02265953,
          0.        , -0.38175452],
        [ 0.18600719,  0.68737954,  0.27702736, ...,  0.36071312,
          0.38175452,  0.        ]],

       [[ 0.        , -0.26368436, -0.34922301, ..., -0.26368436,
         -0.5232899 , -0.74929722],
        [ 0.26368436,  0.        , -0.08978096, ...,  0.        ,
         -0.28007029, -0.54815814],
        [ 0.34922301,  0.08978096,  0.        , ...,  0.08978096,
         -0.19275135, -0.4708539 ],
        ...,
        [ 0.26368436,  0.        , -0.08978096, ...,  0.        ,
         -0.28007029, -0.54815814],
        [ 0.5232899 ,  0.28007029,  0.19275135, ...,  0.28007029,
          0.        , -0.29197688],
        [ 0.74929722,  0.54815814,  0.4708539 , ...,  0.54815814,
          0.29197688,  0.        ]],

       ...,

       [[ 0.        , -0.50256093, -0.31035474, ..., -0.99907675,
         -0.98269526, -0.9733747 ],
        [ 0.50256093,  0.        ,  0.20943024, ..., -0.84215304,
         -0.94267031, -0.72632621],
        [ 0.31035474, -0.20943024,  0.        , ..., -0.93640998,
         -0.99165747, -0.85417081],
        ...,
        [ 0.99907675,  0.84215304,  0.93640998, ...,  0.        ,
         -0.22727631,  0.18719089],
        [ 0.98269526,  0.94267031,  0.99165747, ...,  0.22727631,
          0.        ,  0.40555104],
        [ 0.9733747 ,  0.72632621,  0.85417081, ..., -0.18719089,
         -0.40555104,  0.        ]],

       [[ 0.        ,  0.14208754,  0.17448537, ...,  0.99236203,
          0.95340556,  0.89907173],
        [-0.14208754,  0.        ,  0.03280717, ...,  0.96476576,
          0.90086577,  0.82774372],
        [-0.17448537, -0.03280717,  0.        , ...,  0.95561452,
          0.88613932,  0.80888983],
        ...,
        [-0.99236203, -0.96476576, -0.95561452, ...,  0.        ,
         -0.18177559, -0.32354831],
        [-0.95340556, -0.90086577, -0.88613932, ...,  0.18177559,
          0.        , -0.14615982],
        [-0.89907173, -0.82774372, -0.80888983, ...,  0.32354831,
          0.14615982,  0.        ]],

       [[ 0.        , -0.32872062, -0.43656213, ...,  0.04162625,
         -0.22990856, -0.43437146],
        [ 0.32872062,  0.        , -0.11655972, ...,  0.36774867,
          0.10278303, -0.11414243],
        [ 0.43656213,  0.11655972,  0.        , ...,  0.4736338 ,
          0.21802483,  0.00243352],
        ...,
        [-0.04162625, -0.36774867, -0.4736338 , ...,  0.        ,
         -0.27022046, -0.47148914],
        [ 0.22990856, -0.10278303, -0.21802483, ...,  0.27022046,
          0.        , -0.2156492 ],
        [ 0.43437146,  0.11414243, -0.00243352, ...,  0.47148914,
          0.2156492 ,  0.        ]]]), 'num': array([ 7.42374345e-01,  6.69976602e-01,  2.33541106e-06,  5.06277923e-04,
        5.11993964e-04,  5.03828191e-04,  3.07901901e-03, -4.89946377e-06,
        5.10034179e-04,  5.42288982e-04,  5.34885348e-04,  4.04799001e-07,
        5.85587295e-04,  4.98990669e-04])}
{'img': array([[[ 0.        ,  0.77624222,  0.62251396, ...,  0.67356232,
          0.71837877,  0.56354267],
        [-0.77624222,  0.        , -0.21503946, ..., -0.14910713,
         -0.08710363, -0.28596667],
        [-0.62251396,  0.21503946,  0.        , ...,  0.06701672,
          0.12915628, -0.07321727],
        ...,
        [-0.67356232,  0.14910713, -0.06701672, ...,  0.        ,
          0.06241052, -0.13988951],
        [-0.71837877,  0.08710363, -0.12915628, ..., -0.06241052,
          0.        , -0.20141365],
        [-0.56354267,  0.28596667,  0.07321727, ...,  0.13988951,
          0.20141365,  0.        ]],

       [[ 0.        , -0.86168143, -0.39388269, ..., -0.91258769,
         -0.68737954, -0.64708733],
        [ 0.86168143,  0.        , -0.59214811, ...,  0.11076707,
         -0.27702736, -0.3285954 ],
        [ 0.39388269,  0.59214811,  0.        , ...,  0.6777636 ,
          0.34573591,  0.29447483],
        ...,
        [ 0.91258769, -0.11076707, -0.6777636 , ...,  0.        ,
         -0.38175452, -0.43118962],
        [ 0.68737954,  0.27702736, -0.34573591, ...,  0.38175452,
          0.        , -0.05409059],
        [ 0.64708733,  0.3285954 , -0.29447483, ...,  0.43118962,
          0.05409059,  0.        ]],

       [[ 0.        , -0.08978096, -0.31587822, ..., -0.28007029,
         -0.54815814, -0.69358318],
        [ 0.08978096,  0.        , -0.22941841, ..., -0.19275135,
         -0.4708539 , -0.62610607],
        [ 0.31587822,  0.22941841,  0.        , ...,  0.03750601,
         -0.25589975, -0.43052027],
        ...,
        [ 0.28007029,  0.19275135, -0.03750601, ...,  0.        ,
         -0.29197688, -0.46406956],
        [ 0.54815814,  0.4708539 ,  0.25589975, ...,  0.29197688,
          0.        , -0.18521515],
        [ 0.69358318,  0.62610607,  0.43052027, ...,  0.46406956,
          0.18521515,  0.        ]],

       ...,

       [[ 0.        ,  0.20943024,  0.04351118, ..., -0.94267031,
         -0.72632621, -0.75648712],
        [-0.20943024,  0.        , -0.16668564, ..., -0.99165747,
         -0.85417081, -0.87668013],
        [-0.04351118,  0.16668564,  0.        , ..., -0.95629834,
         -0.75554575, -0.78422737],
        ...,
        [ 0.94267031,  0.99165747,  0.95629834, ...,  0.        ,
          0.40555104,  0.36405548],
        [ 0.72632621,  0.85417081,  0.75554575, ..., -0.40555104,
          0.        , -0.04494795],
        [ 0.75648712,  0.87668013,  0.78422737, ..., -0.36405548,
          0.04494795,  0.        ]],

       [[ 0.        ,  0.03280717,  0.06158021, ...,  0.90086577,
          0.82774372,  0.80447636],
        [-0.03280717,  0.        ,  0.02880216, ...,  0.88613932,
          0.80888983,  0.78455636],
        [-0.06158021, -0.02880216,  0.        , ...,  0.87242422,
          0.79161972,  0.76637187],
        ...,
        [-0.90086577, -0.88613932, -0.87242422, ...,  0.        ,
         -0.14615982, -0.18587907],
        [-0.82774372, -0.80888983, -0.79161972, ...,  0.14615982,
          0.        , -0.04027028],
        [-0.80447636, -0.78455636, -0.76637187, ...,  0.18587907,
          0.04027028,  0.        ]],

       [[ 0.        , -0.11655972, -0.29692463, ...,  0.10278303,
         -0.11414243, -0.35700014],
        [ 0.11655972,  0.        , -0.18359772, ...,  0.21802483,
          0.00243352, -0.24568778],
        [ 0.29692463,  0.18359772,  0.        , ...,  0.39349968,
          0.18598934, -0.06354118],
        ...,
        [-0.10278303, -0.21802483, -0.39349968, ...,  0.        ,
         -0.2156492 , -0.45111948],
        [ 0.11414243, -0.00243352, -0.18598934, ...,  0.2156492 ,
          0.        , -0.24804599],
        [ 0.35700014,  0.24568778,  0.06354118, ...,  0.45111948,
          0.24804599,  0.        ]]]), 'num': array([7.16323503e-01, 6.97757865e-01, 5.98891568e-07, 4.88569437e-04,
       4.93297528e-04, 4.85417376e-04, 3.54337348e-03, 0.00000000e+00,
       4.90618277e-04, 5.21626676e-04, 5.16281306e-04, 2.91857489e-07,
       5.66076532e-04, 4.77176819e-04])}
{'img': array([[[ 0.        , -0.24462104,  0.2728835 , ..., -0.09702267,
         -0.33070688, -0.33070688],
        [ 0.24462104,  0.        ,  0.49992992, ...,  0.14939196,
         -0.08980251, -0.08980251],
        [-0.2728835 , -0.49992992,  0.        , ..., -0.36493646,
         -0.5756849 , -0.5756849 ],
        ...,
        [ 0.09702267, -0.14939196,  0.36493646, ...,  0.        ,
         -0.23758311, -0.23758311],
        [ 0.33070688,  0.08980251,  0.5756849 , ...,  0.23758311,
          0.        ,  0.        ],
        [ 0.33070688,  0.08980251,  0.5756849 , ...,  0.23758311,
          0.        ,  0.        ]],

       [[ 0.        , -0.68474993, -0.174371  , ..., -0.33244608,
         -0.39233832, -0.20475851],
        [ 0.68474993,  0.        ,  0.54718181, ...,  0.40352348,
          0.34391978,  0.52101829],
        [ 0.174371  , -0.54718181,  0.        , ..., -0.16289984,
         -0.2259376 , -0.0309451 ],
        ...,
        [ 0.33244608, -0.40352348,  0.16289984, ...,  0.        ,
         -0.06423212,  0.13229008],
        [ 0.39233832, -0.34391978,  0.2259376 , ...,  0.06423212,
          0.        ,  0.19568449],
        [ 0.20475851, -0.52101829,  0.0309451 , ..., -0.13229008,
         -0.19568449,  0.        ]],

       [[ 0.        , -0.22941841, -0.43588989, ..., -0.4708539 ,
         -0.62610607, -0.74957182],
        [ 0.22941841,  0.        , -0.21778723, ..., -0.25589975,
         -0.43052027, -0.57772184],
        [ 0.43588989,  0.21778723,  0.        , ..., -0.03922156,
         -0.22361559, -0.38608908],
        ...,
        [ 0.4708539 ,  0.25589975,  0.03922156, ...,  0.        ,
         -0.18521515, -0.34961162],
        [ 0.62610607,  0.43052027,  0.22361559, ...,  0.18521515,
          0.        , -0.17003554],
        [ 0.74957182,  0.57772184,  0.38608908, ...,  0.34961162,
          0.17003554,  0.        ]],

       ...,

       [[ 0.        , -0.15026406, -0.1838596 , ..., -0.73065372,
         -0.74713717, -0.99941266],
        [ 0.15026406,  0.        , -0.0340696 , ..., -0.61976529,
         -0.6387781 , -0.9829159 ],
        [ 0.1838596 ,  0.0340696 ,  0.        , ..., -0.5926681 ,
         -0.61219442, -0.9760746 ],
        ...,
        [ 0.73065372,  0.61976529,  0.5926681 , ...,  0.        ,
         -0.02446305, -0.65730881],
        [ 0.74713717,  0.6387781 ,  0.61219442, ...,  0.02446305,
          0.        , -0.63867622],
        [ 0.99941266,  0.9829159 ,  0.9760746 , ...,  0.65730881,
          0.63867622,  0.        ]],

       [[ 0.        ,  0.02880216, -0.0147577 , ...,  0.80888983,
          0.78455636,  0.86256021],
        [-0.02880216,  0.        , -0.0435506 , ...,  0.79161972,
          0.76637187,  0.84762978],
        [ 0.0147577 ,  0.0435506 ,  0.        , ...,  0.81747868,
          0.79362154,  0.869933  ],
        ...,
        [-0.80888983, -0.79161972, -0.81747868, ...,  0.        ,
         -0.04027028,  0.09788971],
        [-0.78455636, -0.76637187, -0.79362154, ...,  0.04027028,
          0.        ,  0.13788717],
        [-0.86256021, -0.84762978, -0.869933  , ..., -0.09788971,
         -0.13788717,  0.        ]],

       [[ 0.        , -0.18359772, -0.24784104, ...,  0.00243352,
         -0.24568778, -0.46828744],
        [ 0.18359772,  0.        , -0.0657585 , ...,  0.18598934,
         -0.06354118, -0.29810467],
        [ 0.24784104,  0.0657585 ,  0.        , ...,  0.25019791,
          0.00222197, -0.23469077],
        ...,
        [-0.00243352, -0.18598934, -0.25019791, ...,  0.        ,
         -0.24804599, -0.47043626],
        [ 0.24568778,  0.06354118, -0.00222197, ...,  0.24804599,
          0.        , -0.2368501 ],
        [ 0.46828744,  0.29810467,  0.23469077, ...,  0.47043626,
          0.2368501 ,  0.        ]]]), 'num': array([ 7.16282717e-01,  6.97805646e-01,  5.98932580e-07,  4.86238686e-04,
        4.90179032e-04,  4.85450617e-04,  2.07796506e-03, -2.36420755e-06,
        4.89706191e-04,  5.19219382e-04,  5.16159046e-04,  6.63637207e-08,
        5.65770929e-04,  4.72667834e-04])}
{'img': array([[[ 0.        ,  0.49992992, -0.04320044, ..., -0.08980251,
         -0.08980251, -0.26439523],
        [-0.49992992,  0.        , -0.53687763, ..., -0.5756849 ,
         -0.5756849 , -0.71112331],
        [ 0.04320044,  0.53687763,  0.        , ..., -0.04669278,
         -0.04669278, -0.22248527],
        ...,
        [ 0.08980251,  0.5756849 ,  0.04669278, ...,  0.        ,
          0.        , -0.17672013],
        [ 0.08980251,  0.5756849 ,  0.04669278, ...,  0.        ,
          0.        , -0.17672013],
        [ 0.26439523,  0.71112331,  0.22248527, ...,  0.17672013,
          0.17672013,  0.        ]],

       [[ 0.        ,  0.54718181,  0.6128349 , ...,  0.34391978,
          0.52101829, -0.08206583],
        [-0.54718181,  0.        ,  0.08056218, ..., -0.2259376 ,
         -0.0309451 , -0.61402635],
        [-0.6128349 , -0.08056218,  0.        , ..., -0.3036822 ,
         -0.11136811, -0.67561707],
        ...,
        [-0.34391978,  0.2259376 ,  0.3036822 , ...,  0.        ,
          0.19568449, -0.41981944],
        [-0.52101829,  0.0309451 ,  0.11136811, ..., -0.19568449,
          0.        , -0.58930777],
        [ 0.08206583,  0.61402635,  0.67561707, ...,  0.41981944,
          0.58930777,  0.        ]],

       [[ 0.        , -0.21778723, -0.43052027, ..., -0.43052027,
         -0.57772184, -0.77227028],
        [ 0.21778723,  0.        , -0.22361559, ..., -0.22361559,
         -0.38608908, -0.61537397],
        [ 0.43052027,  0.22361559,  0.        , ...,  0.        ,
         -0.17003554, -0.42352941],
        ...,
        [ 0.43052027,  0.22361559,  0.        , ...,  0.        ,
         -0.17003554, -0.42352941],
        [ 0.57772184,  0.38608908,  0.17003554, ...,  0.17003554,
          0.        , -0.26332976],
        [ 0.77227028,  0.61537397,  0.42352941, ...,  0.42352941,
          0.26332976,  0.        ]],

       ...,

       [[ 0.        , -0.0264572 , -0.33300736, ..., -0.45743684,
         -0.63307771, -0.99803913],
        [ 0.0264572 ,  0.        , -0.30794366, ..., -0.43374985,
         -0.61237589, -0.9993458 ],
        [ 0.33300736,  0.30794366,  0.        , ..., -0.13520411,
         -0.33916722, -0.96191924],
        ...,
        [ 0.45743684,  0.43374985,  0.13520411, ...,  0.        ,
         -0.20886288, -0.91613082],
        [ 0.63307771,  0.61237589,  0.33916722, ...,  0.20886288,
          0.        , -0.81219667],
        [ 0.99803913,  0.9993458 ,  0.96191924, ...,  0.91613082,
          0.81219667,  0.        ]],

       [[ 0.        , -0.0435506 , -0.02073118, ...,  0.76637187,
          0.84762978,  0.81632403],
        [ 0.0435506 ,  0.        ,  0.02282973, ...,  0.79362154,
          0.869933  ,  0.84070409],
        [ 0.02073118, -0.02282973,  0.        , ...,  0.77952482,
          0.85844733,  0.8281228 ],
        ...,
        [-0.76637187, -0.79362154, -0.77952482, ...,  0.        ,
          0.13788717,  0.0817523 ],
        [-0.84762978, -0.869933  , -0.85844733, ..., -0.13788717,
          0.        , -0.05645422],
        [-0.81632403, -0.84070409, -0.8281228 , ..., -0.0817523 ,
          0.05645422,  0.        ]],

       [[ 0.        , -0.0657585 , -0.23553848, ..., -0.06354118,
         -0.29810467, -0.57805486],
        [ 0.0657585 ,  0.        , -0.17112028, ...,  0.00222197,
         -0.23469077, -0.5231449 ],
        [ 0.23553848,  0.17112028,  0.        , ...,  0.17330906,
         -0.06488821, -0.3695924 ],
        ...,
        [ 0.06354118, -0.00222197, -0.17330906, ...,  0.        ,
         -0.2368501 , -0.52503727],
        [ 0.29810467,  0.23469077,  0.06488821, ...,  0.2368501 ,
          0.        , -0.30851977],
        [ 0.57805486,  0.5231449 ,  0.3695924 , ...,  0.52503727,
          0.30851977,  0.        ]]]), 'num': array([7.96504219e-01, 6.04621035e-01, 6.19977977e-06, 5.42042892e-04,
       5.56053694e-04, 5.41167217e-04, 3.45250674e-03, 1.75135022e-06,
       5.43268837e-04, 5.74048817e-04, 5.73494223e-04, 1.22187224e-07,
       6.26783002e-04, 5.21314633e-04])}
{'img': array([[[ 0.        , -0.53687763, -0.39714611, ..., -0.5756849 ,
         -0.71112331, -0.61690216],
        [ 0.53687763,  0.        ,  0.15766601, ..., -0.04669278,
         -0.22248527, -0.09791167],
        [ 0.39714611, -0.15766601,  0.        , ..., -0.20360281,
         -0.37341681, -0.25359548],
        ...,
        [ 0.5756849 ,  0.04669278,  0.20360281, ...,  0.        ,
         -0.17672013, -0.05133645],
        [ 0.71112331,  0.22248527,  0.37341681, ...,  0.17672013,
          0.        ,  0.12595864],
        [ 0.61690216,  0.09791167,  0.25359548, ...,  0.05133645,
         -0.12595864,  0.        ]],

       [[ 0.        ,  0.08056218, -0.21404215, ..., -0.0309451 ,
         -0.61402635, -0.17743997],
        [-0.08056218,  0.        , -0.29204153, ..., -0.11136811,
         -0.67561707, -0.25614701],
        [ 0.21404215,  0.29204153,  0.        , ...,  0.18371172,
         -0.43085556,  0.03731795],
        ...,
        [ 0.0309451 ,  0.11136811, -0.18371172, ...,  0.        ,
         -0.58930777, -0.14690095],
        [ 0.61402635,  0.67561707,  0.43085556, ...,  0.58930777,
          0.        ,  0.46423194],
        [ 0.17743997,  0.25614701, -0.03731795, ...,  0.14690095,
         -0.46423194,  0.        ]],

       [[ 0.        , -0.20388489, -0.06520705, ..., -0.33806511,
         -0.44623227, -0.64720166],
        [ 0.20388489,  0.        ,  0.1396136 , ..., -0.13908331,
         -0.25439902, -0.47818181],
        [ 0.06520705, -0.1396136 ,  0.        , ..., -0.27597779,
         -0.38692767, -0.59611569],
        ...,
        [ 0.33806511,  0.13908331,  0.27597779, ...,  0.        ,
         -0.11741905, -0.35138278],
        [ 0.44623227,  0.25439902,  0.38692767, ...,  0.11741905,
          0.        , -0.23902062],
        [ 0.64720166,  0.47818181,  0.59611569, ...,  0.35138278,
          0.23902062,  0.        ]],

       ...,

       [[ 0.        , -0.30794366, -0.18765608, ..., -0.61237589,
         -0.9993458 , -0.93307284],
        [ 0.30794366,  0.        ,  0.12393611, ..., -0.33916722,
         -0.96191924, -0.77696632],
        [ 0.18765608, -0.12393611,  0.        , ..., -0.45314225,
         -0.98837897, -0.84899907],
        ...,
        [ 0.61237589,  0.33916722,  0.45314225, ...,  0.        ,
         -0.81219667, -0.51739243],
        [ 0.9993458 ,  0.96191924,  0.98837897, ...,  0.81219667,
          0.        ,  0.39319756],
        [ 0.93307284,  0.77696632,  0.84899907, ...,  0.51739243,
         -0.39319756,  0.        ]],

       [[ 0.        ,  0.02282973,  0.03599106, ...,  0.869933  ,
          0.84070409,  0.72264852],
        [-0.02282973,  0.        ,  0.01316674, ...,  0.85844733,
          0.8281228 ,  0.70667991],
        [-0.03599106, -0.01316674,  0.        , ...,  0.85161967,
          0.82067044,  0.69730274],
        ...,
        [-0.869933  , -0.85844733, -0.85161967, ...,  0.        ,
         -0.05645422, -0.2449228 ],
        [-0.84070409, -0.8281228 , -0.82067044, ...,  0.05645422,
          0.        , -0.18979742],
        [-0.72264852, -0.70667991, -0.69730274, ...,  0.2449228 ,
          0.18979742,  0.        ]],

       [[ 0.        , -0.17112028, -0.21914445, ..., -0.23469077,
         -0.5231449 , -0.86244509],
        [ 0.17112028,  0.        , -0.04895134, ..., -0.06488821,
         -0.3695924 , -0.76311151],
        [ 0.21914445,  0.04895134,  0.        , ..., -0.01596224,
         -0.32366403, -0.73056104],
        ...,
        [ 0.23469077,  0.06488821,  0.01596224, ...,  0.        ,
         -0.30851977, -0.71956818],
        [ 0.5231449 ,  0.3695924 ,  0.32366403, ...,  0.30851977,
          0.        , -0.47022331],
        [ 0.86244509,  0.76311151,  0.73056104, ...,  0.71956818,
          0.47022331,  0.        ]]]), 'num': array([8.86637555e-01, 4.62446349e-01, 1.37056932e-05, 6.03401430e-04,
       6.05351031e-04, 5.94628227e-04, 3.76107228e-03, 0.00000000e+00,
       6.03401430e-04, 6.35716063e-04, 6.38088077e-04, 1.60241157e-07,
       6.94606512e-04, 5.76825614e-04])}
{'img': array([[[ 0.        ,  0.15766601,  0.        , ..., -0.22248527,
         -0.09791167, -0.09791167],
        [-0.15766601,  0.        , -0.15766601, ..., -0.37341681,
         -0.25359548, -0.25359548],
        [ 0.        ,  0.15766601,  0.        , ..., -0.22248527,
         -0.09791167, -0.09791167],
        ...,
        [ 0.22248527,  0.37341681,  0.22248527, ...,  0.        ,
          0.12595864,  0.12595864],
        [ 0.09791167,  0.25359548,  0.09791167, ..., -0.12595864,
          0.        ,  0.        ],
        [ 0.09791167,  0.25359548,  0.09791167, ..., -0.12595864,
          0.        ,  0.        ]],

       [[ 0.        , -0.29204153, -0.25780901, ..., -0.67561707,
         -0.25614701, -0.27928669],
        [ 0.29204153,  0.        ,  0.03559935, ..., -0.43085556,
          0.03731795,  0.01330918],
        [ 0.25780901, -0.03559935,  0.        , ..., -0.46270805,
          0.00171975, -0.02229544],
        ...,
        [ 0.67561707,  0.43085556,  0.46270805, ...,  0.        ,
          0.46423194,  0.44282789],
        [ 0.25614701, -0.03731795, -0.00171975, ..., -0.46423194,
          0.        , -0.02401473],
        [ 0.27928669, -0.01330918,  0.02229544, ..., -0.44282789,
          0.02401473,  0.        ]],

       [[ 0.        ,  0.12441428,  0.05051154, ..., -0.19909071,
         -0.28485404, -0.5411764 ],
        [-0.12441428,  0.        , -0.07413639, ..., -0.31946749,
         -0.40190074, -0.64159276],
        [-0.05051154,  0.07413639,  0.        , ..., -0.24833692,
         -0.33290931, -0.58296119],
        ...,
        [ 0.19909071,  0.31946749,  0.24833692, ...,  0.        ,
         -0.08830901, -0.36292544],
        [ 0.28485404,  0.40190074,  0.33290931, ...,  0.08830901,
          0.        , -0.2792196 ],
        [ 0.5411764 ,  0.64159276,  0.58296119, ...,  0.36292544,
          0.2792196 ,  0.        ]],

       ...,

       [[ 0.        ,  0.12393611,  0.14601364, ..., -0.96191924,
         -0.77696632, -0.7214884 ],
        [-0.12393611,  0.        ,  0.02228007, ..., -0.98837897,
         -0.84899907, -0.80174252],
        [-0.14601364, -0.02228007,  0.        , ..., -0.99152041,
         -0.86056099, -0.81485962],
        ...,
        [ 0.96191924,  0.98837897,  0.99152041, ...,  0.        ,
          0.39319756,  0.46885122],
        [ 0.77696632,  0.84899907,  0.86056099, ..., -0.39319756,
          0.        ,  0.08378471],
        [ 0.7214884 ,  0.80174252,  0.81485962, ..., -0.46885122,
         -0.08378471,  0.        ]],

       [[ 0.        ,  0.01316674,  0.03101668, ...,  0.8281228 ,
          0.70667991,  0.55570248],
        [-0.01316674,  0.        ,  0.01785359, ...,  0.82067044,
          0.69730274,  0.54470773],
        [-0.03101668, -0.01785359,  0.        , ...,  0.81033806,
          0.68439456,  0.52964842],
        ...,
        [-0.8281228 , -0.82067044, -0.81033806, ...,  0.        ,
         -0.18979742, -0.37698855],
        [-0.70667991, -0.69730274, -0.68439456, ...,  0.18979742,
          0.        , -0.19434235],
        [-0.55570248, -0.54470773, -0.52964842, ...,  0.37698855,
          0.19434235,  0.        ]],

       [[ 0.        , -0.04280548, -0.18552591, ..., -0.3082688 ,
         -0.54299792, -0.88093484],
        [ 0.04280548,  0.        , -0.14329352, ..., -0.26726543,
         -0.506555  , -0.85987024],
        [ 0.18552591,  0.14329352,  0.        , ..., -0.12642639,
         -0.37777871, -0.77784343],
        ...,
        [ 0.3082688 ,  0.26726543,  0.12642639, ...,  0.        ,
         -0.25768973, -0.69214832],
        [ 0.54299792,  0.506555  ,  0.37777871, ...,  0.25768973,
          0.        , -0.48278396],
        [ 0.88093484,  0.85987024,  0.77784343, ...,  0.69214832,
          0.48278396,  0.        ]]]), 'num': array([8.47487182e-01, 5.30792750e-01, 1.02324534e-05, 5.76856888e-04,
       5.87107980e-04, 5.70333466e-04, 4.66068680e-03, 0.00000000e+00,
       5.76670505e-04, 6.04767815e-04, 6.09986553e-04, 1.29432976e-07,
       6.60978661e-04, 5.48556969e-04])}
{'img': array([[[ 0.        , -0.15766601, -0.30919626, ..., -0.25359548,
         -0.25359548, -0.25359548],
        [ 0.15766601,  0.        , -0.15538889, ..., -0.09791167,
         -0.09791167, -0.09791167],
        [ 0.30919626,  0.15538889,  0.        , ...,  0.05791989,
          0.05791989,  0.05791989],
        ...,
        [ 0.25359548,  0.09791167, -0.05791989, ...,  0.        ,
          0.        ,  0.        ],
        [ 0.25359548,  0.09791167, -0.05791989, ...,  0.        ,
          0.        ,  0.        ],
        [ 0.25359548,  0.09791167, -0.05791989, ...,  0.        ,
          0.        ,  0.        ]],

       [[ 0.        ,  0.03559935, -0.24907915, ...,  0.03731795,
          0.01330918,  0.30325952],
