state_0,state_1,state_2,state_3,state_4,state_5,state_6,state_7,state_8,state_9,state_10,state_11,state_12,state_13,state_14,state_15,state_16,state_17,state_18,state_19,state_20,state_21,state_22,state_23,state_24,state_25,state_26,state_27,state_28,state_29,state_30,state_31,state_32,state_33,state_34,state_35,state_36,state_37,state_38,state_39,state_40,state_41,state_42,state_43,state_44,state_45,state_46,state_47,state_48,state_49,state_50,state_51,state_52,state_53,state_54,state_55,state_56,state_57,state_58,state_59,state_60,state_61,state_62,state_63,state_64,state_65,state_66,state_67,state_68,state_69,state_70,state_71,state_72,state_73,state_74,state_75,state_76,state_77,state_78,state_79,state_80,state_81,state_82,state_83,state_84,state_85,state_86,state_87,state_88,state_89,state_90,state_91,state_92,state_93,state_94,state_95,state_96,state_97,state_98,state_99,state_100,state_101,state_102,state_103,state_104,state_105,state_106,state_107,state_108,state_109,state_110,state_111,state_112,state_113,state_114,state_115,state_116,state_117,state_118,state_119,state_120,state_121,state_122,state_123,state_124,state_125,state_126,state_127,state_128,state_129,state_130,state_131,state_132,state_133,state_134,state_135,state_136,state_137,state_138,state_139,state_140,state_141,state_142,state_143,state_144,state_145,state_146,state_147,state_148,state_149,state_150,state_151,state_152,state_153,state_154,state_155,state_156,state_157,state_158,state_159,state_160,state_161,state_162,state_163,state_164,state_165,state_166,state_167,state_168,state_169,state_170,state_171,state_172,state_173,state_174,state_175,state_176,state_177,state_178,state_179,state_180,state_181,state_182,state_183,state_184,state_185,state_186,state_187,state_188,state_189,state_190,state_191,state_192,state_193,state_194,state_195,state_196,state_197,state_198,state_199,state_200,state_201,state_202,state_203,state_204,state_205,state_206,state_207,state_208,state_209,state_210,state_211,state_212,state_213,state_214,state_215,state_216,state_217,state_218,state_219,state_220,state_221,state_222,state_223,state_224,state_225,state_226,state_227,state_228,state_229,state_230,state_231,state_232,state_233,state_234,state_235,state_236,state_237,state_238,state_239,state_240,state_241,state_242,state_243,state_244,state_245,state_246,state_247,state_248,state_249,state_250,state_251,state_252,state_253,state_254,state_255,state_256,state_257,state_258,state_259,state_260,state_261,state_262,state_263,state_264,state_265,state_266,state_267,state_268,state_269,state_270,state_271,state_272,state_273,state_274,state_275,state_276,state_277,state_278,state_279,state_280,state_281,state_282,state_283,state_284,state_285,state_286,state_287
{'img': array([[[ 0.        ,  0.07984356,  0.16292835, ..., -0.9122926 ,
         -0.90691214, -0.987001  ],
        [-0.07984356,  0.        ,  0.0836315 , ..., -0.94207907,
         -0.87037707, -0.9966819 ],
        [-0.16292835, -0.0836315 ,  0.        , ..., -0.96682797,
         -0.82614895, -0.99999748],
        ...,
        [ 0.9122926 ,  0.94207907,  0.96682797, ...,  0.        ,
         -0.75578285, -0.25759716],
        [ 0.90691214,  0.87037707,  0.82614895, ...,  0.75578285,
          0.        ,  0.56159662],
        [ 0.987001  ,  0.9966819 ,  0.99999748, ...,  0.25759716,
         -0.56159662,  0.        ]],

       [[ 0.        ,  0.03356302,  0.06807781, ...,  0.22624622,
          0.14360671,  0.05614379],
        [-0.03356302,  0.        ,  0.0345543 , ...,  0.19342601,
          0.11031067,  0.02260207],
        [-0.06807781, -0.0345543 ,  0.        , ...,  0.15940877,
          0.07590138, -0.0119569 ],
        ...,
        [-0.22624622, -0.19342601, -0.15940877, ...,  0.        ,
         -0.08401812, -0.17120137],
        [-0.14360671, -0.11031067, -0.07590138, ...,  0.08401812,
          0.        , -0.08781836],
        [-0.05614379, -0.02260207,  0.0119569 , ...,  0.17120137,
          0.08781836,  0.        ]],

       [[ 0.        ,  0.04100762,  0.12122492, ..., -0.42691103,
         -0.7614885 , -0.97448979],
        [-0.04100762,  0.        ,  0.08041775, ..., -0.46363486,
         -0.78742822, -0.96446667],
        [-0.12122492, -0.08041775,  0.        , ..., -0.53338551,
         -0.83444795, -0.94009627],
        ...,
        [ 0.42691103,  0.46363486,  0.53338551, ...,  0.        ,
         -0.41189468, -0.97703733],
        [ 0.7614885 ,  0.78742822,  0.83444795, ...,  0.41189468,
          0.        , -0.8025455 ],
        [ 0.97448979,  0.96446667,  0.94009627, ...,  0.97703733,
          0.8025455 ,  0.        ]],

       ...,

       [[ 0.        ,  0.30655667,  0.78429459, ..., -0.71620812,
         -0.97993606, -0.64735815],
        [-0.30655667,  0.        ,  0.55634844, ..., -0.89566627,
         -0.99385496, -0.8498426 ],
        [-0.78429459, -0.55634844,  0.        , ..., -0.99167615,
         -0.76426056, -0.99939193],
        ...,
        [ 0.71620812,  0.89566627,  0.99167615, ...,  0.        ,
         -0.54113543,  0.09410109],
        [ 0.97993606,  0.99385496,  0.76426056, ...,  0.54113543,
          0.        ,  0.61786717],
        [ 0.64735815,  0.8498426 ,  0.99939193, ..., -0.09410109,
         -0.61786717,  0.        ]],

       [[ 0.        , -0.04929895,  0.01516257, ...,  0.99616736,
          0.85928625,  0.45209335],
        [ 0.04929895,  0.        ,  0.06443741, ...,  0.99064402,
          0.83302524,  0.40757042],
        [-0.01516257, -0.06443741,  0.        , ...,  0.99737907,
          0.86694304,  0.46556595],
        ...,
        [-0.99616736, -0.99064402, -0.99737907, ...,  0.        ,
          0.43437485,  0.84900846],
        [-0.85928625, -0.83302524, -0.86694304, ..., -0.43437485,
          0.        ,  0.53521459],
        [-0.45209335, -0.40757042, -0.46556595, ..., -0.84900846,
         -0.53521459,  0.        ]],

       [[ 0.        ,  0.00520332, -0.00165198, ..., -0.65390706,
         -0.93201431, -0.92860172],
        [-0.00520332,  0.        , -0.00685527, ..., -0.65783491,
         -0.93388749, -0.92665831],
        [ 0.00165198,  0.00685527,  0.        , ..., -0.65265633,
         -0.93141433, -0.92921346],
        ...,
        [ 0.65390706,  0.65783491,  0.65265633, ...,  0.        ,
         -0.46814865, -0.94520723],
        [ 0.93201431,  0.93388749,  0.93141433, ...,  0.46814865,
          0.        , -0.68239517],
        [ 0.92860172,  0.92665831,  0.92921346, ...,  0.94520723,
          0.68239517,  0.        ]]]), 'num': array([9.30093183e-01, 3.65029356e-01, 1.58281184e-04, 8.22509209e-04,
       8.23661182e-04, 7.90253945e-04, 4.09171836e-02, 4.14710525e-05,
       8.04768814e-04, 9.08216050e-04, 9.25457257e-04, 7.41035702e-06,
       1.04907827e-03, 7.67353832e-04])}
{'img': array([[[ 0.00000000e+00,  8.36315011e-02,  1.33359748e-01, ...,
         -8.70377066e-01, -9.96681896e-01, -8.38757646e-01],
        [-8.36315011e-02,  0.00000000e+00,  5.00080768e-02, ...,
         -8.26148955e-01, -9.99997483e-01, -8.81357032e-01],
        [-1.33359748e-01, -5.00080768e-02,  0.00000000e+00, ...,
         -7.96938148e-01, -9.98634089e-01, -9.03880647e-01],
        ...,
        [ 8.70377066e-01,  8.26148955e-01,  7.96938148e-01, ...,
          0.00000000e+00,  5.61596617e-01,  8.86916941e-01],
        [ 9.96681896e-01,  9.99997483e-01,  9.98634089e-01, ...,
         -5.61596617e-01,  0.00000000e+00,  4.74427255e-01],
        [ 8.38757646e-01,  8.81357032e-01,  9.03880647e-01, ...,
         -8.86916941e-01, -4.74427255e-01,  0.00000000e+00]],

       [[ 0.00000000e+00,  3.45542982e-02,  3.38277626e-02, ...,
          1.10310672e-01,  2.26020719e-02,  4.72319825e-02],
        [-3.45542982e-02,  0.00000000e+00, -7.26960650e-04, ...,
          7.59013779e-02, -1.19568966e-02,  1.26880427e-02],
        [-3.38277626e-02,  7.26960650e-04,  0.00000000e+00, ...,
          7.66262214e-02, -1.12299848e-02,  1.34149415e-02],
        ...,
        [-1.10310672e-01, -7.59013779e-02, -7.66262214e-02, ...,
          0.00000000e+00, -8.78183568e-02, -6.32438261e-02],
        [-2.26020719e-02,  1.19568966e-02,  1.12299848e-02, ...,
          8.78183568e-02,  0.00000000e+00,  2.46430698e-02],
        [-4.72319825e-02, -1.26880427e-02, -1.34149415e-02, ...,
          6.32438261e-02, -2.46430698e-02,  0.00000000e+00]],

       [[ 0.00000000e+00,  7.63693715e-02,  1.69549540e-01, ...,
         -7.38780340e-01, -9.79557203e-01, -9.49754000e-01],
        [-7.63693715e-02,  0.00000000e+00,  9.37907166e-02, ...,
         -7.88091658e-01, -9.92059407e-01, -9.23076923e-01],
        [-1.69549540e-01, -9.37907166e-02,  0.00000000e+00, ...,
         -8.42351316e-01, -9.99482418e-01, -8.82934588e-01],
        ...,
        [ 7.38780340e-01,  7.88091658e-01,  8.42351316e-01, ...,
          0.00000000e+00, -5.11551598e-01, -8.71319477e-01],
        [ 9.79557203e-01,  9.92059407e-01,  9.99482418e-01, ...,
          5.11551598e-01,  0.00000000e+00, -4.97656845e-01],
        [ 9.49754000e-01,  9.23076923e-01,  8.82934588e-01, ...,
          8.71319477e-01,  4.97656845e-01,  0.00000000e+00]],

       ...,

       [[ 0.00000000e+00,  5.56348437e-01,  9.47535255e-01, ...,
         -9.93854957e-01, -8.49842604e-01, -6.65647889e-01],
        [-5.56348437e-01,  0.00000000e+00,  6.09516084e-01, ...,
         -7.64260561e-01, -9.99391925e-01, -9.68303420e-01],
        [-9.47535255e-01, -6.09516084e-01,  0.00000000e+00, ...,
         -2.12804128e-01, -7.71039008e-01, -9.19888509e-01],
        ...,
        [ 9.93854957e-01,  7.64260561e-01,  2.12804128e-01, ...,
          0.00000000e+00,  6.17867169e-01,  8.15360835e-01],
        [ 8.49842604e-01,  9.99391925e-01,  7.71039008e-01, ...,
         -6.17867169e-01,  0.00000000e+00,  2.83387828e-01],
        [ 6.65647889e-01,  9.68303420e-01,  9.19888509e-01, ...,
         -8.15360835e-01, -2.83387828e-01,  0.00000000e+00]],

       [[ 0.00000000e+00,  6.37796098e-02,  1.32916323e-01, ...,
          8.64383641e-01,  6.40131893e-01,  4.03787726e-01],
        [-6.37796098e-02,  0.00000000e+00,  6.94319961e-02, ...,
          8.94694249e-01,  6.87828234e-01,  4.61314566e-01],
        [-1.32916323e-01, -6.94319961e-02,  0.00000000e+00, ...,
          9.23548892e-01,  7.36567134e-01,  5.21803881e-01],
        ...,
        [-8.64383641e-01, -8.94694249e-01, -9.23548892e-01, ...,
          0.00000000e+00,  3.42196352e-01,  5.87745961e-01],
        [-6.40131893e-01, -6.87828234e-01, -7.36567134e-01, ...,
         -3.42196352e-01,  0.00000000e+00,  2.75410404e-01],
        [-4.03787726e-01, -4.61314566e-01, -5.21803881e-01, ...,
         -5.87745961e-01, -2.75410404e-01,  0.00000000e+00]],

       [[ 0.00000000e+00, -6.59187622e-03, -1.61849689e-02, ...,
         -8.97856468e-01, -9.99067108e-01, -9.12547414e-01],
        [ 6.59187622e-03,  0.00000000e+00, -9.59360449e-03, ...,
         -8.94934635e-01, -9.98760733e-01, -9.15223473e-01],
        [ 1.61849689e-02,  9.59360449e-03,  0.00000000e+00, ...,
         -8.90612811e-01, -9.98237302e-01, -9.19047066e-01],
        ...,
        [ 8.97856468e-01,  8.94934635e-01,  8.90612811e-01, ...,
          0.00000000e+00, -4.01103908e-01, -7.68981113e-01],
        [ 9.99067108e-01,  9.98760733e-01,  9.98237302e-01, ...,
          4.01103908e-01,  0.00000000e+00, -4.47997443e-01],
        [ 9.12547414e-01,  9.15223473e-01,  9.19047066e-01, ...,
          7.68981113e-01,  4.47997443e-01,  0.00000000e+00]]]), 'num': array([ 7.07085078e-01,  7.07085078e-01,  0.00000000e+00,  2.07706242e-04,
        2.13893236e-04,  2.05643910e-04,  7.80987253e-03, -2.65156904e-06,
        2.03463731e-04,  2.31393592e-04,  2.36181147e-04,  1.62792360e-06,
        2.68889848e-04,  1.93897335e-04])}
{'img': array([[[ 0.00000000e+00,  5.00080768e-02, -3.64137379e-02, ...,
         -9.99997483e-01, -8.81357032e-01, -9.26453208e-01],
        [-5.00080768e-02,  0.00000000e+00, -8.63430890e-02, ...,
         -9.98634089e-01, -9.03880647e-01, -9.44117580e-01],
        [ 3.64137379e-02,  8.63430890e-02,  0.00000000e+00, ...,
         -9.99415991e-01, -8.63568815e-01, -9.12132291e-01],
        ...,
        [ 9.99997483e-01,  9.98634089e-01,  9.99415991e-01, ...,
          0.00000000e+00,  4.74427255e-01,  3.78487814e-01],
        [ 8.81357032e-01,  9.03880647e-01,  8.63568815e-01, ...,
         -4.74427255e-01,  0.00000000e+00, -1.05952023e-01],
        [ 9.26453208e-01,  9.44117580e-01,  9.12132291e-01, ...,
         -3.78487814e-01,  1.05952023e-01,  0.00000000e+00]],

       [[ 0.00000000e+00, -7.26960650e-04, -3.91044096e-02, ...,
         -1.19568966e-02,  1.26880427e-02, -1.89066005e-02],
        [ 7.26960650e-04,  0.00000000e+00, -3.83779946e-02, ...,
         -1.12299848e-02,  1.34149415e-02, -1.81797648e-02],
        [ 3.91044096e-02,  3.83779946e-02,  0.00000000e+00, ...,
          2.71538630e-02,  5.17795999e-02,  2.02052805e-02],
        ...,
        [ 1.19568966e-02,  1.12299848e-02, -2.71538630e-02, ...,
          0.00000000e+00,  2.46430698e-02, -6.95048954e-03],
        [-1.26880427e-02, -1.34149415e-02, -5.17795999e-02, ...,
         -2.46430698e-02,  0.00000000e+00, -3.15908534e-02],
        [ 1.89066005e-02,  1.81797648e-02, -2.02052805e-02, ...,
          6.95048954e-03,  3.15908534e-02,  0.00000000e+00]],

       [[ 0.00000000e+00,  9.04962120e-02,  1.13742033e-01, ...,
         -9.66864933e-01, -9.99708738e-01, -9.09539665e-01],
        [-9.04962120e-02,  0.00000000e+00,  2.33664068e-02, ...,
         -9.86000332e-01, -9.97790749e-01, -8.68195866e-01],
        [-1.13742033e-01, -2.33664068e-02,  0.00000000e+00, ...,
         -9.89627315e-01, -9.95965971e-01, -8.56363904e-01],
        ...,
        [ 9.66864933e-01,  9.86000332e-01,  9.89627315e-01, ...,
          0.00000000e+00, -2.31879992e-01, -6.34040614e-01],
        [ 9.99708738e-01,  9.97790749e-01,  9.95965971e-01, ...,
          2.31879992e-01,  0.00000000e+00, -4.37446717e-01],
        [ 9.09539665e-01,  8.68195866e-01,  8.56363904e-01, ...,
          6.34040614e-01,  4.37446717e-01,  0.00000000e+00]],

       ...,

       [[ 0.00000000e+00,  6.09516084e-01,  2.13997581e-01, ...,
         -9.99391925e-01, -9.68303420e-01, -9.99996886e-01],
        [-6.09516084e-01,  0.00000000e+00, -4.25744496e-01, ...,
         -7.71039008e-01, -9.19888509e-01, -7.94292313e-01],
        [-2.13997581e-01,  4.25744496e-01,  0.00000000e+00, ...,
         -9.68778527e-01, -9.99323534e-01, -9.77365191e-01],
        ...,
        [ 9.99391925e-01,  7.71039008e-01,  9.68778527e-01, ...,
          0.00000000e+00,  2.83387828e-01,  3.73619620e-02],
        [ 9.68303420e-01,  9.19888509e-01,  9.99323534e-01, ...,
         -2.83387828e-01,  0.00000000e+00, -2.47359643e-01],
        [ 9.99996886e-01,  7.94292313e-01,  9.77365191e-01, ...,
         -3.73619620e-02,  2.47359643e-01,  0.00000000e+00]],

       [[ 0.00000000e+00,  6.85999186e-02,  8.07918449e-02, ...,
          7.72683896e-01,  6.99082350e-01,  4.56434509e-01],
        [-6.85999186e-02,  0.00000000e+00,  1.22258544e-02, ...,
          8.14410257e-01,  7.46487253e-01,  5.16396522e-01],
        [-8.07918449e-02, -1.22258544e-02,  0.00000000e+00, ...,
          8.21443924e-01,  7.54566542e-01,  5.26827533e-01],
        ...,
        [-7.72683896e-01, -8.14410257e-01, -8.21443924e-01, ...,
          0.00000000e+00,  1.08729619e-01,  3.97760402e-01],
        [-6.99082350e-01, -7.46487253e-01, -7.54566542e-01, ...,
         -1.08729619e-01,  0.00000000e+00,  2.95643959e-01],
        [-4.56434509e-01, -5.16396522e-01, -5.26827533e-01, ...,
         -3.97760402e-01, -2.95643959e-01,  0.00000000e+00]],

       [[ 0.00000000e+00, -9.20817471e-03, -1.05213373e-02, ...,
         -9.77470022e-01, -9.99616332e-01, -8.99647017e-01],
        [ 9.20817471e-03,  0.00000000e+00, -1.31322625e-03, ...,
         -9.75484972e-01, -9.99318902e-01, -9.03629330e-01],
        [ 1.05213373e-02,  1.31322625e-03,  0.00000000e+00, ...,
         -9.75195134e-01, -9.99269581e-01, -9.04191026e-01],
        ...,
        [ 9.77470022e-01,  9.75484972e-01,  9.75195134e-01, ...,
          0.00000000e+00, -1.83919174e-01, -6.16673326e-01],
        [ 9.99616332e-01,  9.99318902e-01,  9.99269581e-01, ...,
          1.83919174e-01,  0.00000000e+00, -4.61369026e-01],
        [ 8.99647017e-01,  9.03629330e-01,  9.04191026e-01, ...,
          6.16673326e-01,  4.61369026e-01,  0.00000000e+00]]]), 'num': array([7.07096483e-01, 7.07096483e-01, 0.00000000e+00, 2.08004215e-04,
       2.10950451e-04, 2.07120345e-04, 5.36079306e-03, 2.94623534e-07,
       2.04115185e-04, 2.30675496e-04, 2.35649724e-04, 1.58918149e-06,
       2.69370896e-04, 1.91980096e-04])}
{'img': array([[[ 0.        , -0.08634309, -0.14487289, ..., -0.90388065,
         -0.94411758, -0.94004692],
        [ 0.08634309,  0.        , -0.05889967, ..., -0.86356882,
         -0.91213229, -0.90708939],
        [ 0.14487289,  0.05889967,  0.        , ..., -0.83237054,
         -0.88640601, -0.88072148],
        ...,
        [ 0.90388065,  0.86356882,  0.83237054, ...,  0.        ,
         -0.10595202, -0.09387361],
        [ 0.94411758,  0.91213229,  0.88640601, ...,  0.10595202,
          0.        ,  0.01213893],
        [ 0.94004692,  0.90708939,  0.88072148, ...,  0.09387361,
         -0.01213893,  0.        ]],

       [[ 0.        , -0.03837799,  0.00464924, ...,  0.01341494,
         -0.01817976, -0.05641123],
        [ 0.03837799,  0.        ,  0.0430234 , ...,  0.0517796 ,
          0.02020528, -0.01805279],
        [-0.00464924, -0.0430234 ,  0.        , ...,  0.00876597,
         -0.02282804, -0.06105246],
        ...,
        [-0.01341494, -0.0517796 , -0.00876597, ...,  0.        ,
         -0.03159085, -0.06979973],
        [ 0.01817976, -0.02020528,  0.02282804, ...,  0.03159085,
          0.        , -0.03825109],
        [ 0.05641123,  0.01805279,  0.06105246, ...,  0.06979973,
          0.03825109,  0.        ]],

       [[ 0.        ,  0.02336641,  0.04110109, ..., -0.99779075,
         -0.86819587, -0.96014125],
        [-0.02336641,  0.        ,  0.0177432 , ..., -0.99596597,
         -0.8563639 , -0.95334783],
        [-0.04110109, -0.0177432 ,  0.        , ..., -0.99421706,
         -0.84706698, -0.94784154],
        ...,
        [ 0.99779075,  0.99596597,  0.99421706, ...,  0.        ,
         -0.43744672, -0.21511068],
        [ 0.86819587,  0.8563639 ,  0.84706698, ...,  0.43744672,
          0.        ,  0.23376889],
        [ 0.96014125,  0.95334783,  0.94784154, ...,  0.21511068,
         -0.23376889,  0.        ]],

       ...,

       [[ 0.        , -0.4257445 , -0.52256522, ..., -0.91988851,
         -0.79429231, -0.76791794],
        [ 0.4257445 ,  0.        , -0.10985023, ..., -0.99932353,
         -0.97736519, -0.96755538],
        [ 0.52256522,  0.10985023,  0.        , ..., -0.98923593,
         -0.99469015, -0.98945454],
        ...,
        [ 0.91988851,  0.99932353,  0.98923593, ...,  0.        ,
         -0.24735964, -0.28807093],
        [ 0.79429231,  0.97736519,  0.99469015, ...,  0.24735964,
          0.        , -0.04224492],
        [ 0.76791794,  0.96755538,  0.98945454, ...,  0.28807093,
          0.04224492,  0.        ]],

       [[ 0.        ,  0.01210778, -0.08288589, ...,  0.8071401 ,
          0.72122032,  0.51212351],
        [-0.01210778,  0.        , -0.09494594, ...,  0.81422888,
          0.72955459,  0.52248549],
        [ 0.08288589,  0.09494594,  0.        , ...,  0.75543025,
          0.6613231 ,  0.43916965],
        ...,
        [-0.8071401 , -0.81422888, -0.75543025, ...,  0.        ,
          0.13333099,  0.39092495],
        [-0.72122032, -0.72955459, -0.6613231 , ..., -0.13333099,
          0.        ,  0.26471376],
        [-0.51212351, -0.52248549, -0.43916965, ..., -0.39092495,
         -0.26471376,  0.        ]],

       [[ 0.        , -0.00127286,  0.01049348, ..., -0.98628662,
         -0.99884363, -0.89127896],
        [ 0.00127286,  0.        ,  0.01176626, ..., -0.98607574,
         -0.99890401, -0.89185542],
        [-0.01049348, -0.01176626,  0.        , ..., -0.98796417,
         -0.99828414, -0.88647156],
        ...,
        [ 0.98628662,  0.98607574,  0.98796417, ...,  0.        ,
         -0.2122685 , -0.59433507],
        [ 0.99884363,  0.99890401,  0.99828414, ...,  0.2122685 ,
          0.        , -0.41008095],
        [ 0.89127896,  0.89185542,  0.88647156, ...,  0.59433507,
          0.41008095,  0.        ]]]), 'num': array([7.41530263e-01, 6.70891618e-01, 1.99544196e-05, 2.18695496e-04,
       2.20857740e-04, 2.13753225e-04, 6.07287739e-03, 6.17783888e-07,
       2.16903923e-04, 2.39885484e-04, 2.46490623e-04, 1.76787213e-06,
       2.80946228e-04, 1.98824739e-04])}
{'img': array([[[ 0.        , -0.05889967, -0.14895502, ..., -0.91213229,
         -0.90708939, -0.89672724],
        [ 0.05889967,  0.        , -0.09045384, ..., -0.88640601,
         -0.88072148, -0.86910242],
        [ 0.14895502,  0.09045384,  0.        , ..., -0.84090046,
         -0.83426904, -0.82079828],
        ...,
        [ 0.91213229,  0.88640601,  0.84090046, ...,  0.        ,
          0.01213893,  0.03612994],
        [ 0.90708939,  0.88072148,  0.83426904, ..., -0.01213893,
          0.        ,  0.02399627],
        [ 0.89672724,  0.86910242,  0.82079828, ..., -0.03612994,
         -0.02399627,  0.        ]],

       [[ 0.        ,  0.0430234 ,  0.01444033, ...,  0.02020528,
         -0.01805279, -0.01024527],
        [-0.0430234 ,  0.        , -0.02859196, ..., -0.02282804,
         -0.06105246, -0.05325692],
        [-0.01444033,  0.02859196,  0.        , ...,  0.00576579,
         -0.03248888, -0.02468377],
        ...,
        [-0.02020528,  0.02282804, -0.00576579, ...,  0.        ,
         -0.03825109, -0.0304474 ],
        [ 0.01805279,  0.06105246,  0.03248888, ...,  0.03825109,
          0.        ,  0.00780824],
        [ 0.01024527,  0.05325692,  0.02468377, ...,  0.0304474 ,
         -0.00780824,  0.        ]],

       [[ 0.        ,  0.0177432 , -0.00880079, ..., -0.8563639 ,
         -0.95334783, -0.99998874],
        [-0.0177432 ,  0.        , -0.02654192, ..., -0.84706698,
         -0.94784154, -0.99991551],
        [ 0.00880079,  0.02654192,  0.        , ..., -0.86087523,
         -0.95596764, -0.99990826],
        ...,
        [ 0.8563639 ,  0.84706698,  0.86087523, ...,  0.        ,
          0.23376889,  0.52043009],
        [ 0.95334783,  0.94784154,  0.95596764, ..., -0.23376889,
          0.        ,  0.30639385],
        [ 0.99998874,  0.99991551,  0.99990826, ..., -0.52043009,
         -0.30639385,  0.        ]],

       ...,

       [[ 0.        , -0.10985023, -0.32992548, ..., -0.97736519,
         -0.96755538, -0.9882663 ],
        [ 0.10985023,  0.        , -0.22422943, ..., -0.99469015,
         -0.98945454, -0.99906406],
        [ 0.32992548,  0.22422943,  0.        , ..., -0.99243832,
         -0.99673768, -0.98332334],
        ...,
        [ 0.97736519,  0.99469015,  0.99243832, ...,  0.        ,
         -0.04224492,  0.05979333],
        [ 0.96755538,  0.98945454,  0.99673768, ...,  0.04224492,
          0.        ,  0.10190928],
        [ 0.9882663 ,  0.99906406,  0.98332334, ..., -0.05979333,
         -0.10190928,  0.        ]],

       [[ 0.        , -0.09494594, -0.34869378, ...,  0.72955459,
          0.52248549,  0.84787731],
        [ 0.09494594,  0.        , -0.25813171, ...,  0.6613231 ,
          0.43916965,  0.79370735],
        [ 0.34869378,  0.25813171,  0.        , ...,  0.44528579,
          0.19237947,  0.60978693],
        ...,
        [-0.72955459, -0.6613231 , -0.44528579, ...,  0.        ,
          0.26471376, -0.19307809],
        [-0.52248549, -0.43916965, -0.19237947, ..., -0.26471376,
          0.        , -0.44592317],
        [-0.84787731, -0.79370735, -0.60978693, ...,  0.19307809,
          0.44592317,  0.        ]],

       [[ 0.        ,  0.01135627,  0.03146168, ..., -0.99310183,
         -0.99894499, -0.87717554],
        [-0.01135627,  0.        ,  0.020109  , ..., -0.99436937,
         -0.99835906, -0.87166603],
        [-0.03146168, -0.020109  ,  0.        , ..., -0.99629925,
         -0.99700566, -0.86163435],
        ...,
        [ 0.99310183,  0.99436937,  0.99629925, ...,  0.        ,
         -0.16273746, -0.57971084],
        [ 0.99894499,  0.99835906,  0.99700566, ...,  0.16273746,
          0.        , -0.43938084],
        [ 0.87717554,  0.87166603,  0.86163435, ...,  0.57971084,
          0.43938084,  0.        ]]]), 'num': array([7.30658989e-01, 6.82717038e-01, 1.33172086e-05, 2.18913019e-04,
       2.20129202e-04, 2.15568514e-04, 5.87118635e-03, 3.64855031e-06,
       2.16054988e-04, 2.34297739e-04, 2.42157325e-04, 1.75374414e-06,
       2.74361432e-04, 1.94234046e-04])}
{'img': array([[[ 0.        , -0.09045384, -0.03443985, ..., -0.88072148,
         -0.86910242, -0.79306679],
        [ 0.09045384,  0.        ,  0.05610151, ..., -0.83426904,
         -0.82079828, -0.73471715],
        [ 0.03443985, -0.05610151,  0.        , ..., -0.86388711,
         -0.85155178, -0.77161781],
        ...,
        [ 0.88072148,  0.83426904,  0.86388711, ...,  0.        ,
          0.02399627,  0.1608542 ],
        [ 0.86910242,  0.82079828,  0.85155178, ..., -0.02399627,
          0.        ,  0.13712408],
        [ 0.79306679,  0.73471715,  0.77161781, ..., -0.1608542 ,
         -0.13712408,  0.        ]],

       [[ 0.        , -0.02859196, -0.03965743, ..., -0.06105246,
         -0.05325692, -0.05506354],
        [ 0.02859196,  0.        , -0.01107175, ..., -0.03248888,
         -0.02468377, -0.02649245],
        [ 0.03965743,  0.01107175,  0.        , ..., -0.02142098,
         -0.01361388, -0.01542296],
        ...,
        [ 0.06105246,  0.03248888,  0.02142098, ...,  0.        ,
          0.00780824,  0.00599901],
        [ 0.05325692,  0.02468377,  0.01361388, ..., -0.00780824,
          0.        , -0.00180927],
        [ 0.05506354,  0.02649245,  0.01542296, ..., -0.00599901,
          0.00180927,  0.        ]],

       [[ 0.        , -0.02654192, -0.05840229, ..., -0.94784154,
         -0.99991551, -0.98638027],
        [ 0.02654192,  0.        , -0.0318851 , ..., -0.95596764,
         -0.99990826, -0.98166713],
        [ 0.05840229,  0.0318851 ,  0.        , ..., -0.96483896,
         -0.99896796, -0.97509058],
        ...,
        [ 0.94784154,  0.95596764,  0.96483896, ...,  0.        ,
          0.30639385,  0.47030258],
        [ 0.99991551,  0.99990826,  0.99896796, ..., -0.30639385,
          0.        ,  0.17728912],
        [ 0.98638027,  0.98166713,  0.97509058, ..., -0.47030258,
         -0.17728912,  0.        ]],

       ...,

       [[ 0.        , -0.22422943, -0.23997898, ..., -0.98945454,
         -0.99906406, -0.99954258],
        [ 0.22422943,  0.        , -0.01619123, ..., -0.99673768,
         -0.98332334, -0.98087194],
        [ 0.23997898,  0.01619123,  0.        , ..., -0.99530024,
         -0.98024981, -0.97759167],
        ...,
        [ 0.98945454,  0.99673768,  0.99530024, ...,  0.        ,
          0.10190928,  0.11485365],
        [ 0.99906406,  0.98332334,  0.98024981, ..., -0.10190928,
          0.        ,  0.0130208 ],
        [ 0.99954258,  0.98087194,  0.97759167, ..., -0.11485365,
         -0.0130208 ,  0.        ]],

       [[ 0.        , -0.25813171, -0.43916965, ...,  0.43916965,
          0.79370735,  0.9307839 ],
        [ 0.25813171,  0.        , -0.19237947, ...,  0.19237947,
          0.60978693,  0.80487421],
        [ 0.43916965,  0.19237947,  0.        , ...,  0.        ,
          0.44592317,  0.67567293],
        ...,
        [-0.43916965, -0.19237947, -0.        , ...,  0.        ,
         -0.44592317, -0.67567293],
        [-0.79370735, -0.60978693, -0.44592317, ...,  0.44592317,
          0.        , -0.27604016],
        [-0.9307839 , -0.80487421, -0.67567293, ...,  0.67567293,
          0.27604016,  0.        ]],

       [[ 0.        ,  0.01970574,  0.02331072, ..., -0.9991454 ,
         -0.9835979 , -0.86286926],
        [-0.01970574,  0.        ,  0.0036058 , ..., -0.9997659 ,
         -0.97985249, -0.8527419 ],
        [-0.02331072, -0.0036058 ,  0.        , ..., -0.99983742,
         -0.97912596, -0.85085293],
        ...,
        [ 0.9991454 ,  0.9997659 ,  0.99983742, ...,  0.        ,
         -0.22087667, -0.54066083],
        [ 0.9835979 ,  0.97985249,  0.97912596, ...,  0.22087667,
          0.        , -0.34149701],
        [ 0.86286926,  0.8527419 ,  0.85085293, ...,  0.54066083,
          0.34149701,  0.        ]]]), 'num': array([ 7.27072771e-01,  6.86548188e-01,  1.13833099e-05,  2.15556294e-04,
        2.17978275e-04,  2.14648051e-04,  4.04501073e-03, -2.42198083e-06,
        2.15011348e-04,  2.31601917e-04,  2.40643978e-04,  1.84455494e-06,
        2.71484246e-04,  1.91719588e-04])}
{'img': array([[[ 0.00000000e+00,  5.61015146e-02,  1.72823208e-01, ...,
         -8.20798280e-01, -7.34717153e-01, -7.93066786e-01],
        [-5.61015146e-02,  0.00000000e+00,  1.17293676e-01, ...,
         -8.51551784e-01, -7.71617810e-01, -8.25991140e-01],
        [-1.72823208e-01, -1.17293676e-01,  0.00000000e+00, ...,
         -9.07167369e-01, -8.40900459e-01, -8.86406011e-01],
        ...,
        [ 8.20798280e-01,  8.51551784e-01,  9.07167369e-01, ...,
          0.00000000e+00,  1.37124084e-01,  4.69625605e-02],
        [ 7.34717153e-01,  7.71617810e-01,  8.40900459e-01, ...,
         -1.37124084e-01,  0.00000000e+00, -9.04538418e-02],
        [ 7.93066786e-01,  8.25991140e-01,  8.86406011e-01, ...,
         -4.69625605e-02,  9.04538418e-02,  0.00000000e+00]],

       [[ 0.00000000e+00, -1.10717487e-02,  7.45918689e-03, ...,
         -2.46837719e-02, -2.64924485e-02, -6.50966393e-02],
        [ 1.10717487e-02,  0.00000000e+00,  1.85301703e-02, ...,
         -1.36138838e-02, -1.54229620e-02, -5.40443842e-02],
        [-7.45918689e-03, -1.85301703e-02,  0.00000000e+00, ...,
         -3.21399994e-02, -3.39482803e-02, -7.25381940e-02],
        ...,
        [ 2.46837719e-02,  1.36138838e-02,  3.21399994e-02, ...,
          0.00000000e+00, -1.80926818e-03, -4.04453882e-02],
        [ 2.64924485e-02,  1.54229620e-02,  3.39482803e-02, ...,
          1.80926818e-03,  0.00000000e+00, -3.86375342e-02],
        [ 6.50966393e-02,  5.40443842e-02,  7.25381940e-02, ...,
          4.04453882e-02,  3.86375342e-02,  0.00000000e+00]],

       [[ 0.00000000e+00, -3.18851042e-02, -4.61847612e-02, ...,
         -9.99908261e-01, -9.81667126e-01, -9.83091879e-01],
        [ 3.18851042e-02,  0.00000000e+00, -1.43101980e-02, ...,
         -9.98967961e-01, -9.75090580e-01, -9.76753441e-01],
        [ 4.61847612e-02,  1.43101980e-02,  0.00000000e+00, ...,
         -9.98215696e-01, -9.71816632e-01, -9.73585807e-01],
        ...,
        [ 9.99908261e-01,  9.98967961e-01,  9.98215696e-01, ...,
          0.00000000e+00,  1.77289121e-01,  1.69780083e-01],
        [ 9.81667126e-01,  9.75090580e-01,  9.71816632e-01, ...,
         -1.77289121e-01,  0.00000000e+00, -7.62466757e-03],
        [ 9.83091879e-01,  9.76753441e-01,  9.73585807e-01, ...,
         -1.69780083e-01,  7.62466757e-03,  0.00000000e+00]],

       ...,

       [[ 0.00000000e+00, -1.61912267e-02,  2.24229431e-01, ...,
         -9.83323339e-01, -9.80871938e-01, -9.59448971e-01],
        [ 1.61912267e-02,  0.00000000e+00,  2.39978977e-01, ...,
         -9.80249806e-01, -9.77591670e-01, -9.54759179e-01],
        [-2.24229431e-01, -2.39978977e-01,  0.00000000e+00, ...,
         -9.99064061e-01, -9.99542582e-01, -9.98224254e-01],
        ...,
        [ 9.83323339e-01,  9.80249806e-01,  9.99064061e-01, ...,
          0.00000000e+00,  1.30208001e-02,  1.02690449e-01],
        [ 9.80871938e-01,  9.77591670e-01,  9.99542582e-01, ...,
         -1.30208001e-02,  0.00000000e+00,  8.97297800e-02],
        [ 9.59448971e-01,  9.54759179e-01,  9.98224254e-01, ...,
         -1.02690449e-01, -8.97297800e-02,  0.00000000e+00]],

       [[ 0.00000000e+00, -1.92379473e-01,  1.44473466e-01, ...,
          6.09786927e-01,  8.04874209e-01,  8.93259999e-01],
        [ 1.92379473e-01,  0.00000000e+00,  3.32135947e-01, ...,
          4.45923166e-01,  6.75672926e-01,  7.90092101e-01],
        [-1.44473466e-01, -3.32135947e-01,  0.00000000e+00, ...,
          7.17894123e-01,  8.82167134e-01,  9.48835178e-01],
        ...,
        [-6.09786927e-01, -4.45923166e-01, -7.17894123e-01, ...,
          0.00000000e+00, -2.76040164e-01, -4.33843102e-01],
        [-8.04874209e-01, -6.75672926e-01, -8.82167134e-01, ...,
          2.76040164e-01,  0.00000000e+00, -1.68277610e-01],
        [-8.93259999e-01, -7.90092101e-01, -9.48835178e-01, ...,
          4.33843102e-01,  1.68277610e-01,  0.00000000e+00]],

       [[ 0.00000000e+00,  3.52668291e-03,  3.88552112e-03, ...,
         -9.98005177e-01, -9.79918748e-01, -8.42756916e-01],
        [-3.52668291e-03,  0.00000000e+00,  3.58840664e-04, ...,
         -9.97776324e-01, -9.79209443e-01, -8.40853282e-01],
        [-3.88552112e-03, -3.58840664e-04,  0.00000000e+00, ...,
         -9.97752343e-01, -9.79136589e-01, -8.40659000e-01],
        ...,
        [ 9.98005177e-01,  9.97776324e-01,  9.97752343e-01, ...,
          0.00000000e+00, -1.37135091e-01, -4.84015484e-01],
        [ 9.79918748e-01,  9.79209443e-01,  9.79136589e-01, ...,
          1.37135091e-01,  0.00000000e+00, -3.59441323e-01],
        [ 8.42756916e-01,  8.40853282e-01,  8.40659000e-01, ...,
          4.84015484e-01,  3.59441323e-01,  0.00000000e+00]]]), 'num': array([7.19093504e-01, 6.94882442e-01, 6.64226647e-06, 2.18117669e-04,
       2.18416870e-04, 2.13031249e-04, 6.52103015e-03, 5.08642027e-06,
       2.13928853e-04, 2.27288186e-04, 2.37475986e-04, 2.26478680e-06,
       2.65710221e-04, 1.88866151e-04])}
{'img': array([[[ 0.00000000e+00,  1.17293676e-01,  4.60566275e-02, ...,
         -7.71617810e-01, -8.25991140e-01, -7.05816519e-01],
        [-1.17293676e-01,  0.00000000e+00, -7.14304964e-02, ...,
         -8.40900459e-01, -8.86406011e-01, -7.84034678e-01],
        [-4.60566275e-02,  7.14304964e-02,  0.00000000e+00, ...,
         -8.00094989e-01, -8.51075966e-01, -7.37693798e-01],
        ...,
        [ 7.71617810e-01,  8.40900459e-01,  8.00094989e-01, ...,
          0.00000000e+00, -9.04538418e-02,  9.76496471e-02],
        [ 8.25991140e-01,  8.86406011e-01,  8.51075966e-01, ...,
          9.04538418e-02,  0.00000000e+00,  1.87270896e-01],
        [ 7.05816519e-01,  7.84034678e-01,  7.37693798e-01, ...,
         -9.76496471e-02, -1.87270896e-01,  0.00000000e+00]],

       [[ 0.00000000e+00,  1.85301703e-02, -2.03703853e-02, ...,
         -1.54229620e-02, -5.40443842e-02, -3.21931469e-03],
        [-1.85301703e-02,  0.00000000e+00, -3.88932131e-02, ...,
         -3.39482803e-02, -7.25381940e-02, -2.17488362e-02],
        [ 2.03703853e-02,  3.88932131e-02,  0.00000000e+00, ...,
          4.94820066e-03, -3.36925554e-02,  1.71516331e-02],
        ...,
        [ 1.54229620e-02,  3.39482803e-02, -4.94820066e-03, ...,
          0.00000000e+00, -3.86375342e-02,  1.22039503e-02],
        [ 5.40443842e-02,  7.25381940e-02,  3.36925554e-02, ...,
          3.86375342e-02,  0.00000000e+00,  5.08294944e-02],
        [ 3.21931469e-03,  2.17488362e-02, -1.71516331e-02, ...,
         -1.22039503e-02, -5.08294944e-02,  0.00000000e+00]],

       [[ 0.00000000e+00, -1.43101980e-02, -2.56785422e-02, ...,
         -9.75090580e-01, -9.76753441e-01, -9.54248948e-01],
        [ 1.43101980e-02,  0.00000000e+00, -1.13704336e-02, ...,
         -9.71816632e-01, -9.73585807e-01, -9.49872298e-01],
        [ 2.56785422e-02,  1.13704336e-02,  0.00000000e+00, ...,
         -9.69073364e-01, -9.70926755e-01, -9.46256061e-01],
        ...,
        [ 9.75090580e-01,  9.71816632e-01,  9.69073364e-01, ...,
          0.00000000e+00, -7.62466757e-03,  7.99059068e-02],
        [ 9.76753441e-01,  9.73585807e-01,  9.70926755e-01, ...,
          7.62466757e-03,  0.00000000e+00,  8.75038711e-02],
        [ 9.54248948e-01,  9.49872298e-01,  9.46256061e-01, ...,
         -7.99059068e-02, -8.75038711e-02,  0.00000000e+00]],

       ...,

       [[ 0.00000000e+00,  2.39978977e-01,  5.72359142e-01, ...,
         -9.77591670e-01, -9.54759179e-01, -7.95864924e-01],
        [-2.39978977e-01,  0.00000000e+00,  3.58850217e-01, ...,
         -9.99542582e-01, -9.98224254e-01, -9.17909310e-01],
        [-5.72359142e-01, -3.58850217e-01,  0.00000000e+00, ...,
         -9.22115572e-01, -9.53113651e-01, -9.99160371e-01],
        ...,
        [ 9.77591670e-01,  9.99542582e-01,  9.22115572e-01, ...,
          0.00000000e+00,  8.97297800e-02,  4.24368894e-01],
        [ 9.54759179e-01,  9.98224254e-01,  9.53113651e-01, ...,
         -8.97297800e-02,  0.00000000e+00,  3.41407688e-01],
        [ 7.95864924e-01,  9.17909310e-01,  9.99160371e-01, ...,
         -4.24368894e-01, -3.41407688e-01,  0.00000000e+00]],

       [[ 0.00000000e+00,  3.32135947e-01,  3.95796344e-01, ...,
          6.75672926e-01,  7.90092101e-01,  9.06662150e-01],
        [-3.32135947e-01,  0.00000000e+00,  6.83144261e-02, ...,
          8.82167134e-01,  9.48835178e-01,  9.95306362e-01],
        [-3.95796344e-01, -6.83144261e-02,  0.00000000e+00, ...,
          9.12278005e-01,  9.68190315e-01,  9.99592242e-01],
        ...,
        [-6.75672926e-01, -8.82167134e-01, -9.12278005e-01, ...,
          0.00000000e+00, -1.68277610e-01, -3.83355037e-01],
        [-7.90092101e-01, -9.48835178e-01, -9.68190315e-01, ...,
          1.68277610e-01,  0.00000000e+00, -2.22466880e-01],
        [-9.06662150e-01, -9.95306362e-01, -9.99592242e-01, ...,
          3.83355037e-01,  2.22466880e-01,  0.00000000e+00]],

       [[ 0.00000000e+00,  3.56035572e-04,  2.85463435e-02, ...,
         -9.88662100e-01, -9.36396527e-01, -8.37270612e-01],
        [-3.56035572e-04,  0.00000000e+00,  2.81904512e-02, ...,
         -9.88608576e-01, -9.36271519e-01, -8.37075883e-01],
        [-2.85463435e-02, -2.81904512e-02,  0.00000000e+00, ...,
         -9.83972746e-01, -9.25996756e-01, -8.21320580e-01],
        ...,
        [ 9.88662100e-01,  9.88608576e-01,  9.83972746e-01, ...,
          0.00000000e+00, -2.06357936e-01, -4.14866904e-01],
        [ 9.36396527e-01,  9.36271519e-01,  9.25996756e-01, ...,
          2.06357936e-01,  0.00000000e+00, -2.18176152e-01],
        [ 8.37270612e-01,  8.37075883e-01,  8.21320580e-01, ...,
          4.14866904e-01,  2.18176152e-01,  0.00000000e+00]]]), 'num': array([ 9.65166479e-01,  2.61532858e-01,  1.96271582e-04,  2.91480373e-04,
        2.98797872e-04,  2.89041207e-04,  7.31172621e-03, -4.87833260e-06,
        2.91561679e-04,  3.06034065e-04,  3.22071584e-04,  2.98394082e-06,
        3.55634179e-04,  2.56433952e-04])}
{'img': array([[[ 0.        , -0.0714305 , -0.03612994, ..., -0.88640601,
         -0.78403468, -0.85855467],
        [ 0.0714305 ,  0.        ,  0.03534621, ..., -0.85107597,
         -0.7376938 , -0.81973757],
        [ 0.03612994, -0.03534621,  0.        , ..., -0.86910242,
         -0.76109631, -0.8394695 ],
        ...,
        [ 0.88640601,  0.85107597,  0.86910242, ...,  0.        ,
          0.1872709 ,  0.05704754],
        [ 0.78403468,  0.7376938 ,  0.76109631, ..., -0.1872709 ,
          0.        , -0.13092764],
        [ 0.85855467,  0.81973757,  0.8394695 , ..., -0.05704754,
          0.13092764,  0.        ]],

       [[ 0.        , -0.03889321, -0.06621136, ..., -0.07253819,
         -0.02174884, -0.04111432],
        [ 0.03889321,  0.        , -0.02735339, ..., -0.03369256,
          0.01715163, -0.00222288],
        [ 0.06621136,  0.02735339,  0.        , ..., -0.00634208,
          0.04449459,  0.02513127],
        ...,
        [ 0.07253819,  0.03369256,  0.00634208, ...,  0.        ,
          0.05082949,  0.03147085],
        [ 0.02174884, -0.01715163, -0.04449459, ..., -0.05082949,
          0.        , -0.01937415],
        [ 0.04111432,  0.00222288, -0.02513127, ..., -0.03147085,
          0.01937415,  0.        ]],

       [[ 0.        , -0.01137043,  0.        , ..., -0.97358581,
         -0.9498723 , -0.93739893],
