state_0,state_1,state_2,state_3,state_4,state_5,state_6,state_7,state_8,state_9,state_10,state_11,state_12,state_13,state_14,state_15,state_16,state_17,state_18,state_19,state_20,state_21,state_22,state_23,state_24,state_25,state_26,state_27,state_28,state_29,state_30,state_31,state_32,state_33,state_34,state_35,state_36,state_37,state_38,state_39,state_40,state_41,state_42,state_43,state_44,state_45,state_46,state_47,state_48,state_49,state_50,state_51,state_52,state_53,state_54,state_55,state_56,state_57,state_58,state_59,state_60,state_61,state_62,state_63,state_64,state_65,state_66,state_67,state_68,state_69,state_70,state_71,state_72,state_73,state_74,state_75,state_76,state_77,state_78,state_79,state_80,state_81,state_82,state_83,state_84,state_85,state_86,state_87,state_88,state_89,state_90,state_91,state_92,state_93,state_94,state_95,state_96,state_97,state_98,state_99,state_100,state_101,state_102,state_103,state_104,state_105,state_106,state_107,state_108,state_109,state_110,state_111,state_112,state_113,state_114,state_115,state_116,state_117,state_118,state_119,state_120,state_121,state_122,state_123,state_124,state_125,state_126,state_127,state_128,state_129,state_130,state_131,state_132,state_133,state_134,state_135,state_136,state_137,state_138,state_139,state_140,state_141,state_142,state_143,state_144,state_145,state_146,state_147,state_148,state_149,state_150,state_151,state_152,state_153,state_154,state_155,state_156,state_157,state_158,state_159,state_160,state_161,state_162,state_163,state_164,state_165,state_166,state_167,state_168,state_169,state_170,state_171,state_172,state_173,state_174,state_175,state_176,state_177,state_178,state_179,state_180,state_181,state_182,state_183,state_184,state_185,state_186,state_187,state_188,state_189,state_190,state_191,state_192,state_193,state_194,state_195,state_196,state_197,state_198,state_199,state_200,state_201,state_202,state_203,state_204,state_205,state_206,state_207,state_208,state_209,state_210,state_211,state_212,state_213,state_214,state_215,state_216,state_217,state_218,state_219,state_220,state_221,state_222,state_223,state_224,state_225,state_226,state_227,state_228,state_229,state_230,state_231,state_232,state_233,state_234,state_235,state_236,state_237,state_238,state_239,state_240,state_241,state_242,state_243,state_244,state_245,state_246,state_247,state_248,state_249,state_250,state_251,state_252,state_253,state_254,state_255,state_256,state_257,state_258,state_259,state_260,state_261,state_262,state_263,state_264,state_265,state_266,state_267,state_268,state_269,state_270,state_271,state_272,state_273,state_274,state_275,state_276,state_277,state_278,state_279,state_280,state_281,state_282,state_283,state_284,state_285,state_286,state_287
{'img': array([[[ 0.        , -0.05777523, -0.06288701, ..., -0.98395627,
         -0.99809549, -0.99922101],
        [ 0.05777523,  0.        , -0.00512108, ..., -0.97200502,
         -0.99286426, -0.99983194],
        [ 0.06288701,  0.00512108,  0.        , ..., -0.97078902,
         -0.99224055, -0.99972495],
        ...,
        [ 0.98395627,  0.97200502,  0.97078902, ...,  0.        ,
         -0.11737191, -0.21710114],
        [ 0.99809549,  0.99286426,  0.99224055, ...,  0.11737191,
          0.        , -0.10102805],
        [ 0.99922101,  0.99983194,  0.99972495, ...,  0.21710114,
          0.10102805,  0.        ]],

       [[ 0.        , -0.4401632 , -0.24695963, ...,  0.4703051 ,
          0.09822433,  0.15024705],
        [ 0.4401632 ,  0.        ,  0.20478004, ...,  0.81074105,
          0.52623208,  0.57007618],
        [ 0.24695963, -0.20478004,  0.        , ...,  0.67368059,
          0.34094731,  0.38974952],
        ...,
        [-0.4703051 , -0.81074105, -0.67368059, ...,  0.        ,
         -0.38134749, -0.33237282],
        [-0.09822433, -0.52623208, -0.34094731, ...,  0.38134749,
          0.        ,  0.05241116],
        [-0.15024705, -0.57007618, -0.38974952, ...,  0.33237282,
         -0.05241116,  0.        ]],

       [[ 0.        ,  0.01449334,  0.01085118, ..., -0.99219443,
         -0.99603777, -0.99707574],
        [-0.01449334,  0.        , -0.00364244, ..., -0.99028289,
         -0.99464425, -0.99586344],
        [-0.01085118,  0.00364244,  0.        , ..., -0.99078286,
         -0.99501412, -0.99618779],
        ...,
        [ 0.99219443,  0.99028289,  0.99078286, ...,  0.        ,
          0.03596941,  0.04851271],
        [ 0.99603777,  0.99464425,  0.99501412, ..., -0.03596941,
          0.        ,  0.01255426],
        [ 0.99707574,  0.99586344,  0.99618779, ..., -0.04851271,
         -0.01255426,  0.        ]],

       ...,

       [[ 0.        , -0.49177438, -0.46917979, ...,  0.79863728,
          0.09300699, -0.29493144],
        [ 0.49177438,  0.        ,  0.02576179, ...,  0.99134763,
          0.57062605,  0.21309599],
        [ 0.46917979, -0.02576179,  0.        , ...,  0.98763706,
          0.54928082,  0.18785519],
        ...,
        [-0.79863728, -0.99134763, -0.98763706, ...,  0.        ,
         -0.73920276, -0.9406061 ],
        [-0.09300699, -0.57062605, -0.54928082, ...,  0.73920276,
          0.        , -0.38252293],
        [ 0.29493144, -0.21309599, -0.18785519, ...,  0.9406061 ,
          0.38252293,  0.        ]],

       [[ 0.        , -0.0449233 , -0.14114491, ..., -0.96263931,
         -0.93534623, -0.78776211],
        [ 0.0449233 ,  0.        , -0.09652885, ..., -0.97383211,
         -0.95029282, -0.81463865],
        [ 0.14114491,  0.09652885,  0.        , ..., -0.99122247,
         -0.97591012, -0.86681816],
        ...,
        [ 0.96263931,  0.97383211,  0.99122247, ...,  0.        ,
         -0.08723831, -0.3796505 ],
        [ 0.93534623,  0.95029282,  0.97591012, ...,  0.08723831,
          0.        , -0.29749629],
        [ 0.78776211,  0.81463865,  0.86681816, ...,  0.3796505 ,
          0.29749629,  0.        ]],

       [[ 0.        ,  0.14242217,  0.42465691, ..., -0.99353864,
         -0.99557986, -0.99785856],
        [-0.14242217,  0.        ,  0.29138542, ..., -0.96724639,
         -0.97205481, -0.97837075],
        [-0.42465691, -0.29138542,  0.        , ..., -0.85130835,
         -0.86146931, -0.87563934],
        ...,
        [ 0.99353864,  0.96724639,  0.85130835, ...,  0.        ,
          0.0196808 ,  0.0482653 ],
        [ 0.99557986,  0.97205481,  0.86146931, ..., -0.0196808 ,
          0.        ,  0.02859809],
        [ 0.99785856,  0.97837075,  0.87563934, ..., -0.0482653 ,
         -0.02859809,  0.        ]]]), 'num': array([ 9.33825104e-01,  3.57695742e-01,  9.04441699e-06,  1.39498635e-03,
        1.49134333e-03,  1.39498635e-03,  2.49652188e-03, -9.19771219e-05,
        1.49878910e-03,  1.46145077e-03,  1.84322882e-03,  1.03733596e-06,
        1.56612193e-03,  1.35677960e-03])}
{'img': array([[[ 0.        , -0.00512108, -0.04536476, ..., -0.99286426,
         -0.99983194, -0.94827202],
        [ 0.00512108,  0.        , -0.04024835, ..., -0.99224055,
         -0.99972495, -0.94988531],
        [ 0.04536476,  0.04024835,  0.        , ..., -0.98643235,
         -0.99797095, -0.96169721],
        ...,
        [ 0.99286426,  0.99224055,  0.98643235, ...,  0.        ,
         -0.10102805, -0.42827506],
        [ 0.99983194,  0.99972495,  0.99797095, ...,  0.10102805,
          0.        , -0.33478998],
        [ 0.94827202,  0.94988531,  0.96169721, ...,  0.42827506,
          0.33478998,  0.        ]],

       [[ 0.        ,  0.20478004,  0.166444  , ...,  0.52623208,
          0.57007618,  0.8335497 ],
        [-0.20478004,  0.        , -0.03900682, ...,  0.34094731,
          0.38974952,  0.70275553],
        [-0.166444  ,  0.03900682,  0.        , ...,  0.37735746,
          0.4253751 ,  0.72997137],
        ...,
        [-0.52623208, -0.34094731, -0.37735746, ...,  0.        ,
          0.05241116,  0.41808747],
        [-0.57007618, -0.38974952, -0.4253751 , ..., -0.05241116,
          0.        ,  0.3699022 ],
        [-0.8335497 , -0.70275553, -0.72997137, ..., -0.41808747,
         -0.3699022 ,  0.        ]],

       [[ 0.        , -0.00364244, -0.02404451, ..., -0.99464425,
         -0.99586344, -0.98965628],
        [ 0.00364244,  0.        , -0.02040296, ..., -0.99501412,
         -0.99618779, -0.99017226],
        [ 0.02404451,  0.02040296,  0.        , ..., -0.99684187,
         -0.99776027, -0.99281956],
        ...,
        [ 0.99464425,  0.99501412,  0.99684187, ...,  0.        ,
          0.01255426, -0.04040187],
        [ 0.99586344,  0.99618779,  0.99776027, ..., -0.01255426,
          0.        , -0.0529427 ],
        [ 0.98965628,  0.99017226,  0.99281956, ...,  0.04040187,
          0.0529427 ,  0.        ]],

       ...,

       [[ 0.        ,  0.02576179, -0.32137015, ...,  0.57062605,
          0.21309599, -0.15106481],
        [-0.02576179,  0.        , -0.34565871, ...,  0.54928082,
          0.18785519, -0.17648082],
        [ 0.32137015,  0.34565871,  0.        , ...,  0.80426881,
          0.51578071,  0.17463068],
        ...,
        [-0.57062605, -0.54928082, -0.80426881, ...,  0.        ,
         -0.38252293, -0.6881334 ],
        [-0.21309599, -0.18785519, -0.51578071, ...,  0.38252293,
          0.        , -0.35824551],
        [ 0.15106481,  0.17648082, -0.17463068, ...,  0.6881334 ,
          0.35824551,  0.        ]],

       [[ 0.        , -0.09463665, -0.10933732, ..., -0.98500778,
         -0.9597187 , -0.80544476],
        [ 0.09463665,  0.        , -0.01477732, ..., -0.99691271,
         -0.98200073, -0.85791821],
        [ 0.10933732,  0.01477732,  0.        , ..., -0.99796414,
         -0.98468461, -0.86541692],
        ...,
        [ 0.98500778,  0.99691271,  0.99796414, ...,  0.        ,
         -0.11118941, -0.4448382 ],
        [ 0.9597187 ,  0.98200073,  0.98468461, ...,  0.11118941,
          0.        , -0.3424974 ],
        [ 0.80544476,  0.85791821,  0.86541692, ...,  0.4448382 ,
          0.3424974 ,  0.        ]],

       [[ 0.        ,  0.29138542,  0.40272256, ..., -0.97205481,
         -0.97837075, -0.98241889],
        [-0.29138542,  0.        ,  0.11853519, ..., -0.86146931,
         -0.87563934, -0.88538882],
        [-0.40272256, -0.11853519,  0.        , ..., -0.79520251,
         -0.81221754, -0.82404547],
        ...,
        [ 0.97205481,  0.86146931,  0.79520251, ...,  0.        ,
          0.02859809,  0.04915394],
        [ 0.97837075,  0.87563934,  0.81221754, ..., -0.02859809,
          0.        ,  0.02057032],
        [ 0.98241889,  0.88538882,  0.82404547, ..., -0.04915394,
         -0.02057032,  0.        ]]]), 'num': array([7.07106023e-01, 7.07106023e-01, 0.00000000e+00, 4.67372895e-04,
       4.69507017e-04, 4.48877164e-04, 4.94113453e-04, 1.42274854e-05,
       4.81884930e-04, 4.73206164e-04, 5.94376914e-04, 3.52423950e-07,
       5.05604869e-04, 4.40807458e-04])}
{'img': array([[[ 0.00000000e+00, -4.02483504e-02, -1.31188401e-01, ...,
         -9.99724948e-01, -9.49885314e-01, -9.91539624e-01],
        [ 4.02483504e-02,  0.00000000e+00, -9.11815973e-02, ...,
         -9.97970946e-01, -9.61697207e-01, -9.95960598e-01],
        [ 1.31188401e-01,  9.11815973e-02,  0.00000000e+00, ...,
         -9.88008061e-01, -9.82685199e-01, -9.99999026e-01],
        ...,
        [ 9.99724948e-01,  9.97970946e-01,  9.88008061e-01, ...,
          0.00000000e+00, -3.34789984e-01, -1.53022929e-01],
        [ 9.49885314e-01,  9.61697207e-01,  9.82685199e-01, ...,
          3.34789984e-01,  0.00000000e+00,  1.86654641e-01],
        [ 9.91539624e-01,  9.95960598e-01,  9.99999026e-01, ...,
          1.53022929e-01, -1.86654641e-01,  0.00000000e+00]],

       [[ 0.00000000e+00, -1.20558383e-01,  9.00499848e-02, ...,
          4.46568393e-01,  7.52277055e-01,  5.26883257e-01],
        [ 1.20558383e-01,  0.00000000e+00,  2.09461766e-01, ...,
          5.51180783e-01,  8.26219642e-01,  6.25507407e-01],
        [-9.00499848e-02, -2.09461766e-01,  0.00000000e+00, ...,
          3.64181917e-01,  6.89891586e-01,  4.48205787e-01],
        ...,
        [-4.46568393e-01, -5.51180783e-01, -3.64181917e-01, ...,
          0.00000000e+00,  3.78879320e-01,  9.18732344e-02],
        [-7.52277055e-01, -8.26219642e-01, -6.89891586e-01, ...,
         -3.78879320e-01,  0.00000000e+00, -2.92253205e-01],
        [-5.26883257e-01, -6.25507407e-01, -4.48205787e-01, ...,
         -9.18732344e-02,  2.92253205e-01,  0.00000000e+00]],

       [[ 0.00000000e+00, -2.04029637e-02, -5.31730414e-02, ...,
         -9.96187795e-01, -9.90172258e-01, -9.81192812e-01],
        [ 2.04029637e-02,  0.00000000e+00, -3.27878729e-02, ...,
         -9.97760271e-01, -9.92819560e-01, -9.84926953e-01],
        [ 5.31730414e-02,  3.27878729e-02,  0.00000000e+00, ...,
         -9.99417031e-01, -9.96207891e-01, -9.90068735e-01],
        ...,
        [ 9.96187795e-01,  9.97760271e-01,  9.99417031e-01, ...,
          0.00000000e+00, -5.29426956e-02, -1.06700374e-01],
        [ 9.90172258e-01,  9.92819560e-01,  9.96207891e-01, ...,
          5.29426956e-02,  0.00000000e+00, -5.39102751e-02],
        [ 9.81192812e-01,  9.84926953e-01,  9.90068735e-01, ...,
          1.06700374e-01,  5.39102751e-02,  0.00000000e+00]],

       ...,

       [[ 0.00000000e+00, -3.45658710e-01, -4.59682218e-01, ...,
          1.87855188e-01, -1.76480819e-01, -1.11589065e-01],
        [ 3.45658710e-01,  0.00000000e+00, -1.24373756e-01, ...,
          5.15780707e-01,  1.74630684e-01,  2.38789128e-01],
        [ 4.59682218e-01,  1.24373756e-01,  0.00000000e+00, ...,
          6.18329462e-01,  2.95737384e-01,  3.57710839e-01],
        ...,
        [-1.87855188e-01, -5.15780707e-01, -6.18329462e-01, ...,
          0.00000000e+00, -3.58245512e-01, -2.96284342e-01],
        [ 1.76480819e-01, -1.74630684e-01, -2.95737384e-01, ...,
          3.58245512e-01,  0.00000000e+00,  6.55410248e-02],
        [ 1.11589065e-01, -2.38789128e-01, -3.57710839e-01, ...,
          2.96284342e-01, -6.55410248e-02,  0.00000000e+00]],

       [[ 0.00000000e+00, -1.46813934e-02, -3.26976274e-02, ...,
         -9.89677299e-01, -9.40405241e-01, -8.55050756e-01],
        [ 1.46813934e-02,  0.00000000e+00, -1.80205602e-02, ...,
         -9.91674680e-01, -9.45296380e-01, -8.62571554e-01],
        [ 3.26976274e-02,  1.80205602e-02,  0.00000000e+00, ...,
         -9.93834129e-01, -9.51021416e-01, -8.71548721e-01],
        ...,
        [ 9.89677299e-01,  9.91674680e-01,  9.93834129e-01, ...,
          0.00000000e+00, -2.01772510e-01, -3.90650963e-01],
        [ 9.40405241e-01,  9.45296380e-01,  9.51021416e-01, ...,
          2.01772510e-01,  0.00000000e+00, -1.96876776e-01],
        [ 8.55050756e-01,  8.62571554e-01,  8.71548721e-01, ...,
          3.90650963e-01,  1.96876776e-01,  0.00000000e+00]],

       [[ 0.00000000e+00,  1.18535194e-01,  3.48425708e-01, ...,
         -8.75639344e-01, -8.85388823e-01, -8.85726508e-01],
        [-1.18535194e-01,  0.00000000e+00,  2.34861903e-01, ...,
         -8.12217540e-01, -8.24045474e-01, -8.24457086e-01],
        [-3.48425708e-01, -2.34861903e-01,  0.00000000e+00, ...,
         -6.52491011e-01, -6.67941065e-01, -6.68481889e-01],
        ...,
        [ 8.75639344e-01,  8.12217540e-01,  6.52491011e-01, ...,
          0.00000000e+00,  2.05703206e-02,  2.12971027e-02],
        [ 8.85388823e-01,  8.24045474e-01,  6.67941065e-01, ...,
         -2.05703206e-02,  0.00000000e+00,  7.26941364e-04],
        [ 8.85726508e-01,  8.24457086e-01,  6.68481889e-01, ...,
         -2.12971027e-02, -7.26941364e-04,  0.00000000e+00]]]), 'num': array([ 8.37139642e-01,  5.46986598e-01,  4.55499285e-06,  5.42342140e-04,
        5.60221551e-04,  5.40639338e-04,  4.51667983e-04, -1.70280107e-05,
        5.62946032e-04,  5.65244814e-04,  7.05867802e-04,  3.86349822e-07,
        6.05410350e-04,  5.25079277e-04])}
{'img': array([[[ 0.00000000e+00, -9.11815973e-02,  3.47541702e-01, ...,
         -9.61697207e-01, -9.95960598e-01, -9.61697207e-01],
        [ 9.11815973e-02,  0.00000000e+00,  4.31591690e-01, ...,
         -9.82685199e-01, -9.99999026e-01, -9.82685199e-01],
        [-3.47541702e-01, -4.31591690e-01,  0.00000000e+00, ...,
         -8.06483313e-01, -9.02670682e-01, -8.06483313e-01],
        ...,
        [ 9.61697207e-01,  9.82685199e-01,  8.06483313e-01, ...,
          0.00000000e+00,  1.86654641e-01,  0.00000000e+00],
        [ 9.95960598e-01,  9.99999026e-01,  9.02670682e-01, ...,
         -1.86654641e-01,  0.00000000e+00, -1.86654641e-01],
        [ 9.61697207e-01,  9.82685199e-01,  8.06483313e-01, ...,
          0.00000000e+00,  1.86654641e-01,  0.00000000e+00]],

       [[ 0.00000000e+00,  2.09461766e-01,  8.43174623e-01, ...,
          8.26219642e-01,  6.25507407e-01,  5.10102462e-01],
        [-2.09461766e-01,  0.00000000e+00,  7.11855361e-01, ...,
          6.89891586e-01,  4.48205787e-01,  3.18625854e-01],
        [-8.43174623e-01, -7.11855361e-01,  0.00000000e+00, ...,
         -3.07922734e-02, -3.21562533e-01, -4.50974609e-01],
        ...,
        [-8.26219642e-01, -6.89891586e-01,  3.07922734e-02, ...,
          0.00000000e+00, -2.92253205e-01, -4.23277523e-01],
        [-6.25507407e-01, -4.48205787e-01,  3.21562533e-01, ...,
          2.92253205e-01,  0.00000000e+00, -1.40016214e-01],
        [-5.10102462e-01, -3.18625854e-01,  4.50974609e-01, ...,
          4.23277523e-01,  1.40016214e-01,  0.00000000e+00]],

       [[ 0.00000000e+00, -3.27878729e-02,  1.55669984e-02, ...,
         -9.92819560e-01, -9.84926953e-01, -9.48899396e-01],
        [ 3.27878729e-02,  0.00000000e+00,  4.83425284e-02, ...,
         -9.96207891e-01, -9.90068735e-01, -9.58736359e-01],
        [-1.55669984e-02, -4.83425284e-02,  0.00000000e+00, ...,
         -9.90837108e-01, -9.82114970e-01, -9.43871801e-01],
        ...,
        [ 9.92819560e-01,  9.96207891e-01,  9.90837108e-01, ...,
          0.00000000e+00, -5.39102751e-02, -1.99803897e-01],
        [ 9.84926953e-01,  9.90068735e-01,  9.82114970e-01, ...,
          5.39102751e-02,  0.00000000e+00, -1.46690115e-01],
        [ 9.48899396e-01,  9.58736359e-01,  9.43871801e-01, ...,
          1.99803897e-01,  1.46690115e-01,  0.00000000e+00]],

       ...,

       [[ 0.00000000e+00, -1.24373756e-01,  7.07830190e-01, ...,
          1.74630684e-01,  2.38789128e-01,  1.15129606e-01],
        [ 1.24373756e-01,  0.00000000e+00,  7.90189661e-01, ...,
          2.95737384e-01,  3.57710839e-01,  2.37782405e-01],
        [-7.07830190e-01, -7.90189661e-01,  0.00000000e+00, ...,
         -5.73597593e-01, -5.18677193e-01, -6.21797904e-01],
        ...,
        [-1.74630684e-01, -2.95737384e-01,  5.73597593e-01, ...,
          0.00000000e+00,  6.55410248e-02, -6.01089490e-02],
        [-2.38789128e-01, -3.57710839e-01,  5.18677193e-01, ...,
         -6.55410248e-02,  0.00000000e+00, -1.25402222e-01],
        [-1.15129606e-01, -2.37782405e-01,  6.21797904e-01, ...,
          6.01089490e-02,  1.25402222e-01,  0.00000000e+00]],

       [[ 0.00000000e+00, -1.80205602e-02,  4.49790969e-02, ...,
         -9.45296380e-01, -8.62571554e-01, -8.88776344e-01],
        [ 1.80205602e-02,  0.00000000e+00,  6.29741151e-02, ...,
         -9.51021416e-01, -8.71548721e-01, -8.96891586e-01],
        [-4.49790969e-02, -6.29741151e-02,  0.00000000e+00, ...,
         -9.29666918e-01, -8.38942067e-01, -8.67261068e-01],
        ...,
        [ 9.45296380e-01,  9.51021416e-01,  9.29666918e-01, ...,
          0.00000000e+00, -1.96876776e-01, -1.43338062e-01],
        [ 8.62571554e-01,  8.71548721e-01,  8.38942067e-01, ...,
          1.96876776e-01,  0.00000000e+00,  5.43111002e-02],
        [ 8.88776344e-01,  8.96891586e-01,  8.67261068e-01, ...,
          1.43338062e-01, -5.43111002e-02,  0.00000000e+00]],

       [[ 0.00000000e+00,  2.34861903e-01,  6.20989917e-02, ...,
         -8.24045474e-01, -8.24457086e-01, -8.12399213e-01],
        [-2.34861903e-01,  0.00000000e+00, -1.74046613e-01, ...,
         -6.67941065e-01, -6.68481889e-01, -6.52727030e-01],
        [-6.20989917e-02,  1.74046613e-01,  0.00000000e+00, ...,
         -7.87274514e-01, -7.87722540e-01, -7.74621255e-01],
        ...,
        [ 8.24045474e-01,  6.67941065e-01,  7.87274514e-01, ...,
          0.00000000e+00,  7.26941364e-04, -2.02588888e-02],
        [ 8.24457086e-01,  6.68481889e-01,  7.87722540e-01, ...,
         -7.26941364e-04,  0.00000000e+00, -2.09856756e-02],
        [ 8.12399213e-01,  6.52727030e-01,  7.74621255e-01, ...,
          2.02588888e-02,  2.09856756e-02,  0.00000000e+00]]]), 'num': array([ 7.58874678e-01,  6.51234287e-01,  1.73613534e-06,  4.80537460e-04,
        4.91388306e-04,  4.59610829e-04,  9.94627286e-04, -1.31760271e-05,
        5.00689031e-04,  5.14485107e-04,  6.37448442e-04,  2.75350412e-07,
        5.51329754e-04,  4.77640459e-04])}
{'img': array([[[ 0.        ,  0.43063077,  0.55762623, ..., -0.999909  ,
         -0.98615307, -0.85898545],
        [-0.43063077,  0.        ,  0.14581017, ..., -0.9082556 ,
         -0.81861617, -0.55477563],
        [-0.55762623, -0.14581017,  0.        , ..., -0.83753942,
         -0.72612253, -0.42753245],
        ...,
        [ 0.999909  ,  0.9082556 ,  0.83753942, ...,  0.        ,
         -0.17912649, -0.52354178],
        [ 0.98615307,  0.81861617,  0.72612253, ...,  0.17912649,
          0.        , -0.36245827],
        [ 0.85898545,  0.55477563,  0.42753245, ...,  0.52354178,
          0.36245827,  0.        ]],

       [[ 0.        ,  0.83192643,  0.53374604, ...,  0.59975308,
          0.47315975,  0.85997735],
        [-0.83192643,  0.        , -0.4073461 , ..., -0.3329006 ,
         -0.47035807,  0.0526305 ],
        [-0.53374604,  0.4073461 ,  0.        , ...,  0.08008244,
         -0.07009271,  0.45484761],
        ...,
        [-0.59975308,  0.3329006 , -0.08008244, ...,  0.        ,
         -0.14975307,  0.38206778],
        [-0.47315975,  0.47035807,  0.07009271, ...,  0.14975307,
          0.        ,  0.51615131],
        [-0.85997735, -0.0526305 , -0.45484761, ..., -0.38206778,
         -0.51615131,  0.        ]],

       [[ 0.        ,  0.04834253,  0.13622662, ..., -0.99006874,
         -0.95873636, -0.87861199],
        [-0.04834253,  0.        ,  0.08817548, ..., -0.98211497,
         -0.9438718 , -0.85449942],
        [-0.13622662, -0.08817548,  0.        , ..., -0.96168772,
         -0.91106996, -0.80536815],
        ...,
        [ 0.99006874,  0.98211497,  0.96168772, ...,  0.        ,
         -0.14669012, -0.3492749 ],
        [ 0.95873636,  0.9438718 ,  0.91106996, ...,  0.14669012,
          0.        , -0.208045  ],
        [ 0.87861199,  0.85449942,  0.80536815, ...,  0.3492749 ,
          0.208045  ,  0.        ]],

       ...,

       [[ 0.        ,  0.79018966,  0.83326833, ...,  0.35771084,
          0.23778241, -0.06666746],
        [-0.79018966,  0.        ,  0.07380763, ..., -0.51867719,
         -0.6217979 , -0.82928967],
        [-0.83326833, -0.07380763,  0.        , ..., -0.58036582,
         -0.67790644, -0.86827288],
        ...,
        [-0.35771084,  0.51867719,  0.58036582, ...,  0.        ,
         -0.12540222, -0.41917126],
        [-0.23778241,  0.6217979 ,  0.67790644, ...,  0.12540222,
          0.        , -0.30200874],
        [ 0.06666746,  0.82928967,  0.86827288, ...,  0.41917126,
          0.30200874,  0.        ]],

       [[ 0.        ,  0.06297412,  0.13789162, ..., -0.87154872,
         -0.89689159, -0.90485385],
        [-0.06297412,  0.        ,  0.07524538, ..., -0.83894207,
         -0.86726107, -0.87624837],
        [-0.13789162, -0.07524538,  0.        , ..., -0.79561361,
         -0.82734124, -0.83750653],
        ...,
        [ 0.87154872,  0.83894207,  0.79561361, ...,  0.        ,
          0.0543111 ,  0.07262015],
        [ 0.89689159,  0.86726107,  0.82734124, ..., -0.0543111 ,
          0.        ,  0.01834526],
        [ 0.90485385,  0.87624837,  0.83750653, ..., -0.07262015,
         -0.01834526,  0.        ]],

       [[ 0.        , -0.17404661, -0.23023187, ..., -0.66848189,
         -0.65272703, -0.65018312],
        [ 0.17404661,  0.        , -0.05734695, ..., -0.78772254,
         -0.77462126, -0.77249635],
        [ 0.23023187,  0.05734695,  0.        , ..., -0.82175364,
         -0.80961413, -0.80764147],
        ...,
        [ 0.66848189,  0.78772254,  0.82175364, ...,  0.        ,
         -0.02098568, -0.02433786],
        [ 0.65272703,  0.77462126,  0.80961413, ...,  0.02098568,
          0.        , -0.00335304],
        [ 0.65018312,  0.77249635,  0.80764147, ...,  0.02433786,
          0.00335304,  0.        ]]]), 'num': array([7.41708633e-01, 6.70720479e-01, 1.09380823e-06, 4.89573479e-04,
       4.96362633e-04, 4.61662510e-04, 5.22802619e-04, 2.18761647e-05,
       4.82784324e-04, 5.01605369e-04, 6.16027769e-04, 3.33247212e-07,
       5.35446966e-04, 4.67763773e-04])}
{'img': array([[[ 0.        ,  0.14581017,  0.55477563, ..., -0.81861617,
         -0.55477563, -0.87937076],
        [-0.14581017,  0.        ,  0.42753245, ..., -0.72612253,
         -0.42753245, -0.80054685],
        [-0.55477563, -0.42753245,  0.        , ..., -0.36245827,
         -0.        , -0.4674869 ],
        ...,
        [ 0.81861617,  0.72612253,  0.36245827, ...,  0.        ,
         -0.36245827,  0.11528468],
        [ 0.55477563,  0.42753245,  0.        , ...,  0.36245827,
          0.        ,  0.4674869 ],
        [ 0.87937076,  0.80054685,  0.4674869 , ..., -0.11528468,
         -0.4674869 ,  0.        ]],

       [[ 0.        , -0.41108139, -0.39286458, ..., -0.4751553 ,
          0.05291841, -0.33685099],
        [ 0.41108139,  0.        ,  0.01989412, ..., -0.07143961,
          0.45874575,  0.07998405],
        [ 0.39286458, -0.01989412,  0.        , ..., -0.09126876,
          0.44097769,  0.06013784],
        ...,
        [ 0.4751553 ,  0.07143961,  0.09126876, ...,  0.        ,
          0.52105254,  0.15099042],
        [-0.05291841, -0.45874575, -0.44097769, ..., -0.52105254,
          0.        , -0.38620476],
        [ 0.33685099, -0.07998405, -0.06013784, ..., -0.15099042,
          0.38620476,  0.        ]],

       [[ 0.        ,  0.0881088 ,  0.2230411 , ..., -0.94565   ,
         -0.86021252, -0.72198759],
        [-0.0881088 ,  0.        ,  0.13628441, ..., -0.91332046,
         -0.8119372 , -0.65821667],
        [-0.2230411 , -0.13628441,  0.        , ..., -0.84929827,
         -0.72480632, -0.54947655],
        ...,
        [ 0.94565   ,  0.91332046,  0.84929827, ...,  0.        ,
         -0.20249143, -0.41952049],
        [ 0.86021252,  0.8119372 ,  0.72480632, ...,  0.20249143,
          0.        , -0.22701896],
        [ 0.72198759,  0.65821667,  0.54947655, ...,  0.41952049,
          0.22701896,  0.        ]],

       ...,

       [[ 0.        ,  0.07380763,  0.37491925, ..., -0.6217979 ,
         -0.82928967, -0.6499135 ],
        [-0.07380763,  0.        ,  0.30547275, ..., -0.67790644,
         -0.86827288, -0.70423526],
        [-0.37491925, -0.30547275,  0.        , ..., -0.8700708 ,
         -0.97831117, -0.88744887],
        ...,
        [ 0.6217979 ,  0.67790644,  0.8700708 , ...,  0.        ,
         -0.30200874, -0.03642629],
        [ 0.82928967,  0.86827288,  0.97831117, ...,  0.30200874,
          0.        ,  0.26708294],
        [ 0.6499135 ,  0.70423526,  0.88744887, ...,  0.03642629,
         -0.26708294,  0.        ]],

       [[ 0.        ,  0.07514681,  0.19327394, ..., -0.89127967,
         -0.89597961, -0.83833015],
        [-0.07514681,  0.        ,  0.11899755, ..., -0.85468394,
         -0.86007387, -0.7949925 ],
        [-0.19327394, -0.11899755,  0.        , ..., -0.7868336 ,
         -0.79325373, -0.71715752],
        ...,
        [ 0.89127967,  0.85468394,  0.7868336 , ...,  0.        ,
          0.01047253, -0.10574842],
        [ 0.89597961,  0.86007387,  0.79325373, ..., -0.01047253,
          0.        , -0.11615643],
        [ 0.83833015,  0.7949925 ,  0.71715752, ...,  0.10574842,
          0.11615643,  0.        ]],

       [[ 0.        , -0.15246306, -0.34398895, ..., -0.65488439,
         -0.65233562, -0.6729373 ],
        [ 0.15246306,  0.        , -0.19680863, ..., -0.76244902,
         -0.76026564, -0.77784696],
        [ 0.34398895,  0.19680863,  0.        , ..., -0.87488167,
         -0.87324561, -0.88631889],
        ...,
        [ 0.65488439,  0.76244902,  0.87488167, ...,  0.        ,
         -0.00336769,  0.02414061],
        [ 0.65233562,  0.76026564,  0.87324561, ...,  0.00336769,
          0.        ,  0.02750719],
        [ 0.6729373 ,  0.77784696,  0.88631889, ..., -0.02414061,
         -0.02750719,  0.        ]]]), 'num': array([8.46963716e-01, 5.31648076e-01, 4.85848444e-06, 5.59070284e-04,
       5.62516018e-04, 5.47871650e-04, 2.77510774e-04, 0.00000000e+00,
       5.53384824e-04, 5.72853219e-04, 6.97315989e-04, 4.13788975e-07,
       6.11435435e-04, 5.34271002e-04])}
{'img': array([[[ 0.00000000e+00,  4.27532455e-01,  2.20407125e-01, ...,
         -4.27532455e-01, -8.00546846e-01, -8.00546846e-01],
        [-4.27532455e-01,  0.00000000e+00, -2.17770521e-01, ...,
         -0.00000000e+00, -4.67486898e-01, -4.67486898e-01],
        [-2.20407125e-01,  2.17770521e-01,  0.00000000e+00, ...,
         -2.17770521e-01, -6.48776354e-01, -6.48776354e-01],
        ...,
        [ 4.27532455e-01,  0.00000000e+00,  2.17770521e-01, ...,
          0.00000000e+00,  4.67486898e-01,  4.67486898e-01],
        [ 8.00546846e-01,  4.67486898e-01,  6.48776354e-01, ...,
         -4.67486898e-01,  0.00000000e+00,  0.00000000e+00],
        [ 8.00546846e-01,  4.67486898e-01,  6.48776354e-01, ...,
         -4.67486898e-01,  0.00000000e+00,  0.00000000e+00]],

       [[ 0.00000000e+00,  1.98941214e-02, -1.42489524e-01, ...,
          4.58745750e-01,  7.99840525e-02, -3.92223592e-01],
        [-1.98941214e-02,  0.00000000e+00, -1.62152452e-01, ...,
          4.40977689e-01,  6.01378396e-02, -4.10445971e-01],
        [ 1.42489524e-01,  1.62152452e-01,  0.00000000e+00, ...,
          5.80676421e-01,  2.21200928e-01, -2.57149638e-01],
        ...,
        [-4.58745750e-01, -4.40977689e-01, -5.80676421e-01, ...,
          0.00000000e+00, -3.86204758e-01, -7.70503578e-01],
        [-7.99840525e-02, -6.01378396e-02, -2.21200928e-01, ...,
          3.86204758e-01,  0.00000000e+00, -4.64541887e-01],
        [ 3.92223592e-01,  4.10445971e-01,  2.57149638e-01, ...,
          7.70503578e-01,  4.64541887e-01,  0.00000000e+00]],

       [[ 0.00000000e+00,  1.36284407e-01,  3.10343162e-01, ...,
         -8.11937204e-01, -6.58216666e-01, -7.59861091e-01],
        [-1.36284407e-01,  0.00000000e+00,  1.77892275e-01, ...,
         -7.24806317e-01, -5.49476551e-01, -6.64174887e-01],
        [-3.10343162e-01, -1.77892275e-01,  0.00000000e+00, ...,
         -5.90686272e-01, -3.92081760e-01, -5.20593061e-01],
        ...,
        [ 8.11937204e-01,  7.24806317e-01,  5.90686272e-01, ...,
          0.00000000e+00, -2.27018957e-01, -8.42636292e-02],
        [ 6.58216666e-01,  5.49476551e-01,  3.92081760e-01, ...,
          2.27018957e-01,  0.00000000e+00,  1.44148029e-01],
        [ 7.59861091e-01,  6.64174887e-01,  5.20593061e-01, ...,
          8.42636292e-02, -1.44148029e-01,  0.00000000e+00]],

       ...,

       [[ 0.00000000e+00,  3.05472747e-01,  2.87847904e-01, ...,
         -8.68272880e-01, -7.04235261e-01, -6.16784483e-01],
        [-3.05472747e-01,  0.00000000e+00, -1.84549496e-02, ...,
         -9.78311174e-01, -8.87448867e-01, -8.27750087e-01],
        [-2.87847904e-01,  1.84549496e-02,  0.00000000e+00, ...,
         -9.74321790e-01, -8.78791728e-01, -8.17254099e-01],
        ...,
        [ 8.68272880e-01,  9.78311174e-01,  9.74321790e-01, ...,
          0.00000000e+00,  2.67082937e-01,  3.77466734e-01],
        [ 7.04235261e-01,  8.87448867e-01,  8.78791728e-01, ...,
         -2.67082937e-01,  0.00000000e+00,  1.16429724e-01],
        [ 6.16784483e-01,  8.27750087e-01,  8.17254099e-01, ...,
         -3.77466734e-01, -1.16429724e-01,  0.00000000e+00]],

       [[ 0.00000000e+00,  1.18993812e-01,  2.08976723e-01, ...,
         -8.60515110e-01, -8.03654567e-01, -7.94976852e-01],
        [-1.18993812e-01,  0.00000000e+00,  9.11254409e-02, ...,
         -7.93782733e-01, -7.27131848e-01, -7.17142160e-01],
        [-2.08976723e-01, -9.11254409e-02,  0.00000000e+00, ...,
         -7.35057515e-01, -6.61549142e-01, -6.50650662e-01],
        ...,
        [ 8.60515110e-01,  7.93782733e-01,  7.35057515e-01, ...,
          0.00000000e+00, -1.02687501e-01, -1.17041667e-01],
        [ 8.03654567e-01,  7.27131848e-01,  6.61549142e-01, ...,
          1.02687501e-01,  0.00000000e+00, -1.44412146e-02],
        [ 7.94976852e-01,  7.17142160e-01,  6.50650662e-01, ...,
          1.17041667e-01,  1.44412146e-02,  0.00000000e+00]],

       [[ 0.00000000e+00, -3.11108367e-01, -3.69101298e-01, ...,
         -6.53985688e-01, -6.74615822e-01, -6.75263010e-01],
        [ 3.11108367e-01,  0.00000000e+00, -6.16436940e-02, ...,
         -8.56886917e-01, -8.70788193e-01, -8.71219091e-01],
        [ 3.69101298e-01,  6.16436940e-02,  0.00000000e+00, ...,
         -8.87034903e-01, -8.99439781e-01, -8.99822766e-01],
        ...,
        [ 6.53985688e-01,  8.56886917e-01,  8.87034903e-01, ...,
          0.00000000e+00,  2.75995665e-02,  2.84763207e-02],
        [ 6.74615822e-01,  8.70788193e-01,  8.99439781e-01, ...,
         -2.75995665e-02,  0.00000000e+00,  8.77098992e-04],
        [ 6.75263010e-01,  8.71219091e-01,  8.99822766e-01, ...,
         -2.84763207e-02, -8.77098992e-04,  0.00000000e+00]]]), 'num': array([ 8.42572727e-01,  5.38579873e-01,  4.82528341e-06,  5.45768141e-04,
        5.75222295e-04,  5.44901843e-04,  4.59320200e-04, -1.64596741e-05,
        5.51832232e-04,  5.75308925e-04,  6.94526056e-04,  3.74326572e-07,
        6.15849110e-04,  5.34768740e-04])}
{'img': array([[[ 0.00000000e+00, -2.17770521e-01, -5.54775630e-01, ...,
         -4.67486898e-01, -4.67486898e-01, -2.80000000e-01],
        [ 2.17770521e-01,  0.00000000e+00, -3.60275941e-01, ...,
         -6.48776354e-01, -6.48776354e-01, -4.82339701e-01],
        [ 5.54775630e-01,  3.60275941e-01,  0.00000000e+00, ...,
         -8.79370757e-01, -8.79370757e-01, -7.65544605e-01],
        ...,
        [ 4.67486898e-01,  6.48776354e-01,  8.79370757e-01, ...,
          0.00000000e+00,  0.00000000e+00, -2.01267422e-01],
        [ 4.67486898e-01,  6.48776354e-01,  8.79370757e-01, ...,
          0.00000000e+00,  0.00000000e+00, -2.01267422e-01],
        [ 2.80000000e-01,  4.82339701e-01,  7.65544605e-01, ...,
          2.01267422e-01,  2.01267422e-01,  0.00000000e+00]],

       [[ 0.00000000e+00, -1.62152452e-01, -1.37912292e-01, ...,
          6.01378396e-02, -4.10445971e-01, -9.15759713e-02],
        [ 1.62152452e-01,  0.00000000e+00,  2.45158738e-02, ...,
          2.21200928e-01, -2.57149638e-01,  7.11070732e-02],
        [ 1.37912292e-01, -2.45158738e-02,  0.00000000e+00, ...,
          1.97225871e-01, -2.80763794e-01,  4.66318848e-02],
        ...,
        [-6.01378396e-02, -2.21200928e-01, -1.97225871e-01, ...,
          0.00000000e+00, -4.64541887e-01, -1.51295372e-01],
        [ 4.10445971e-01,  2.57149638e-01,  2.80763794e-01, ...,
          4.64541887e-01,  0.00000000e+00,  3.25214568e-01],
        [ 9.15759713e-02, -7.11070732e-02, -4.66318848e-02, ...,
          1.51295372e-01, -3.25214568e-01,  0.00000000e+00]],

       [[ 0.00000000e+00,  1.77284277e-01,  4.21965350e-01, ...,
         -6.75046696e-01, -7.14773864e-01, -5.47851079e-01],
        [-1.77284277e-01,  0.00000000e+00,  2.54553239e-01, ...,
         -5.33557835e-01, -5.79466860e-01, -3.90861195e-01],
        [-4.21965350e-01, -2.54553239e-01,  0.00000000e+00, ...,
         -3.00689920e-01, -3.52918682e-01, -1.43682308e-01],
        ...,
        [ 6.75046696e-01,  5.33557835e-01,  3.00689920e-01, ...,
          0.00000000e+00,  5.52445709e-02, -1.60536949e-01],
        [ 7.14773864e-01,  5.79466860e-01,  3.52918682e-01, ...,
         -5.52445709e-02,  0.00000000e+00, -2.14819825e-01],
        [ 5.47851079e-01,  3.90861195e-01,  1.43682308e-01, ...,
          1.60536949e-01,  2.14819825e-01,  0.00000000e+00]],

       ...,

       [[ 0.00000000e+00, -1.84549496e-02, -4.86223525e-01, ...,
         -8.87448867e-01, -8.27750087e-01, -9.00627342e-01],
        [ 1.84549496e-02,  0.00000000e+00, -4.70014146e-01, ...,
         -8.78791728e-01, -8.17254099e-01, -8.92453581e-01],
        [ 4.86223525e-01,  4.70014146e-01,  0.00000000e+00, ...,
         -5.51379983e-01, -4.50498021e-01, -5.75690260e-01],
        ...,
        [ 8.87448867e-01,  8.78791728e-01,  5.51379983e-01, ...,
          0.00000000e+00,  1.16429724e-01, -2.94263438e-02],
        [ 8.27750087e-01,  8.17254099e-01,  4.50498021e-01, ...,
         -1.16429724e-01,  0.00000000e+00, -1.45605518e-01],
        [ 9.00627342e-01,  8.92453581e-01,  5.75690260e-01, ...,
          2.94263438e-02,  1.45605518e-01,  0.00000000e+00]],

       [[ 0.00000000e+00,  9.11254409e-02,  1.21074256e-01, ...,
         -7.27131848e-01, -7.17142160e-01, -7.82647665e-01],
        [-9.11254409e-02,  0.00000000e+00,  3.01154445e-02, ...,
         -6.61549142e-01, -6.50650662e-01, -7.22669004e-01],
        [-1.21074256e-01, -3.01154445e-02,  0.00000000e+00, ...,
         -6.38665454e-01, -6.27486563e-01, -7.01525598e-01],
        ...,
        [ 7.27131848e-01,  6.61549142e-01,  6.38665454e-01, ...,
          0.00000000e+00, -1.44412146e-02,  8.46718261e-02],
        [ 7.17142160e-01,  6.50650662e-01,  6.27486563e-01, ...,
          1.44412146e-02,  0.00000000e+00,  9.90523512e-02],
        [ 7.82647665e-01,  7.22669004e-01,  7.01525598e-01, ...,
         -8.46718261e-02, -9.90523512e-02,  0.00000000e+00]],

       [[ 0.00000000e+00, -8.54598904e-02, -8.77819121e-02, ...,
         -8.16134562e-01, -8.16645253e-01, -8.04312480e-01],
        [ 8.54598904e-02,  0.00000000e+00, -2.33078075e-03, ...,
         -8.62532840e-01, -8.62979965e-01, -8.52150820e-01],
        [ 8.77819121e-02,  2.33078075e-03,  0.00000000e+00, ...,
         -8.63709874e-01, -8.64155220e-01, -8.53368194e-01],
        ...,
        [ 8.16134562e-01,  8.62532840e-01,  8.63709874e-01, ...,
          0.00000000e+00,  8.84311242e-04, -2.01709712e-02],
        [ 8.16645253e-01,  8.62979965e-01,  8.64155220e-01, ...,
         -8.84311242e-04,  0.00000000e+00, -2.10550946e-02],
        [ 8.04312480e-01,  8.52150820e-01,  8.53368194e-01, ...,
          2.01709712e-02,  2.10550946e-02,  0.00000000e+00]]]), 'num': array([9.15240456e-01, 4.02904065e-01, 7.98031762e-06, 5.97825427e-04,
       6.01550196e-04, 5.78270390e-04, 3.48740811e-04, 1.11743070e-05,
       5.94100658e-04, 6.17613262e-04, 7.39133851e-04, 4.10930995e-07,
       6.62072695e-04, 5.73153830e-04])}
{'img': array([[[ 0.        , -0.51986076, -0.42998925, ..., -0.47014143,
         -0.28166036, -0.41255835],
        [ 0.51986076,  0.        ,  0.10202922, ..., -0.86044327,
         -0.73942241, -0.82598576],
        [ 0.42998925, -0.10202922,  0.        , ..., -0.80396435,
         -0.66687333, -0.76416232],
        ...,
        [ 0.47014143,  0.86044327,  0.80396435, ...,  0.        ,
         -0.20251644, -0.06414615],
        [ 0.28166036,  0.73942241,  0.66687333, ...,  0.20251644,
          0.        ,  0.13928239],
        [ 0.41255835,  0.82598576,  0.76416232, ...,  0.06414615,
         -0.13928239,  0.        ]],

       [[ 0.        ,  0.02451587, -0.06844674, ..., -0.25714964,
          0.07110707, -0.13698767],
        [-0.02451587,  0.        , -0.09288455, ..., -0.28076379,
          0.04663188, -0.16123126],
        [ 0.06844674,  0.09288455,  0.        , ..., -0.19040158,
          0.13921379, -0.06886493],
        ...,
        [ 0.25714964,  0.28076379,  0.19040158, ...,  0.        ,
          0.32521457,  0.12234443],
        [-0.07110707, -0.04663188, -0.13921379, ..., -0.32521457,
          0.        , -0.20707764],
        [ 0.13698767,  0.16123126,  0.06886493, ..., -0.12234443,
          0.20707764,  0.        ]],

       [[ 0.        ,  0.25455324,  0.3908612 , ..., -0.57946686,
