state_0,state_1,state_2,state_3,state_4,state_5,state_6,state_7,state_8,state_9,state_10,state_11,state_12,state_13,state_14,state_15,state_16,state_17,state_18,state_19,state_20,state_21,state_22,state_23,state_24,state_25,state_26,state_27,state_28,state_29,state_30,state_31,state_32,state_33,state_34,state_35,state_36,state_37,state_38,state_39,state_40,state_41,state_42,state_43,state_44,state_45,state_46,state_47,state_48,state_49,state_50,state_51,state_52,state_53,state_54,state_55,state_56,state_57,state_58,state_59,state_60,state_61,state_62,state_63,state_64,state_65,state_66,state_67,state_68,state_69,state_70,state_71,state_72,state_73,state_74,state_75,state_76,state_77,state_78,state_79,state_80,state_81,state_82,state_83,state_84,state_85,state_86,state_87,state_88,state_89,state_90,state_91,state_92,state_93,state_94,state_95,state_96,state_97,state_98,state_99,state_100,state_101,state_102,state_103,state_104,state_105,state_106,state_107,state_108,state_109,state_110,state_111,state_112,state_113,state_114,state_115,state_116,state_117,state_118,state_119,state_120,state_121,state_122,state_123,state_124,state_125,state_126,state_127,state_128,state_129,state_130,state_131,state_132,state_133,state_134,state_135,state_136,state_137,state_138,state_139,state_140,state_141,state_142,state_143,state_144,state_145,state_146,state_147,state_148,state_149,state_150,state_151,state_152,state_153,state_154,state_155,state_156,state_157,state_158,state_159,state_160,state_161,state_162,state_163,state_164,state_165,state_166,state_167,state_168,state_169,state_170,state_171,state_172,state_173,state_174,state_175,state_176,state_177,state_178,state_179,state_180,state_181,state_182,state_183,state_184,state_185,state_186,state_187,state_188,state_189,state_190,state_191,state_192,state_193,state_194,state_195,state_196,state_197,state_198,state_199,state_200,state_201,state_202,state_203,state_204,state_205,state_206,state_207,state_208,state_209,state_210,state_211,state_212,state_213,state_214,state_215,state_216,state_217,state_218,state_219,state_220,state_221,state_222,state_223,state_224,state_225,state_226,state_227,state_228,state_229,state_230,state_231,state_232,state_233,state_234,state_235,state_236,state_237,state_238,state_239,state_240,state_241,state_242,state_243,state_244,state_245,state_246,state_247,state_248,state_249,state_250,state_251,state_252,state_253,state_254,state_255,state_256,state_257,state_258,state_259,state_260,state_261,state_262,state_263,state_264,state_265,state_266,state_267,state_268,state_269,state_270,state_271,state_272,state_273,state_274,state_275,state_276,state_277,state_278,state_279,state_280,state_281,state_282,state_283,state_284,state_285,state_286,state_287
{'img': array([[[ 0.00000000e+00,  0.00000000e+00, -8.02484314e-02, ...,
         -8.14098173e-01, -8.14098173e-01,  9.80153937e-01],
        [ 0.00000000e+00,  0.00000000e+00, -8.02484314e-02, ...,
         -8.14098173e-01, -8.14098173e-01,  9.80153937e-01],
        [ 8.02484314e-02,  8.02484314e-02,  0.00000000e+00, ...,
         -7.64870168e-01, -7.64870168e-01,  9.92901116e-01],
        ...,
        [ 8.14098173e-01,  8.14098173e-01,  7.64870168e-01, ...,
          0.00000000e+00,  0.00000000e+00,  7.30587223e-01],
        [ 8.14098173e-01,  8.14098173e-01,  7.64870168e-01, ...,
          0.00000000e+00,  0.00000000e+00,  7.30587223e-01],
        [-9.80153937e-01, -9.80153937e-01, -9.92901116e-01, ...,
         -7.30587223e-01, -7.30587223e-01,  0.00000000e+00]],

       [[ 0.00000000e+00, -2.08002857e-02, -5.40207303e-02, ...,
         -9.59269789e-02, -1.06848415e-01,  2.58551600e-01],
        [ 2.08002857e-02,  0.00000000e+00, -3.32391296e-02, ...,
         -7.52018627e-02, -8.61440874e-02,  2.38402640e-01],
        [ 5.40207303e-02,  3.32391296e-02,  0.00000000e+00, ...,
         -4.20153008e-02, -5.29809172e-02,  2.05990179e-01],
        ...,
        [ 9.59269789e-02,  7.52018627e-02,  4.20153008e-02, ...,
          0.00000000e+00, -1.09778419e-02,  1.64694040e-01],
        [ 1.06848415e-01,  8.61440874e-02,  5.29809172e-02, ...,
          1.09778419e-02,  0.00000000e+00,  1.53856180e-01],
        [-2.58551600e-01, -2.38402640e-01, -2.05990179e-01, ...,
         -1.64694040e-01, -1.53856180e-01,  0.00000000e+00]],

       [[ 0.00000000e+00,  9.46006756e-02,  1.14503159e-01, ...,
         -9.23066338e-01, -9.52356883e-01, -9.02002507e-01],
        [-9.46006756e-02,  0.00000000e+00,  2.00111710e-02, ...,
         -8.82539384e-01, -9.19233980e-01, -9.38799321e-01],
        [-1.14503159e-01, -2.00111710e-02,  0.00000000e+00, ...,
         -8.72952638e-01, -9.11171278e-01, -9.45504472e-01],
        ...,
        [ 9.23066338e-01,  8.82539384e-01,  8.72952638e-01, ...,
          0.00000000e+00,  8.47931312e-02,  7.45463116e-01],
        [ 9.52356883e-01,  9.19233980e-01,  9.11171278e-01, ...,
         -8.47931312e-02,  0.00000000e+00,  6.86259792e-01],
        [ 9.02002507e-01,  9.38799321e-01,  9.45504472e-01, ...,
         -7.45463116e-01, -6.86259792e-01,  0.00000000e+00]],

       ...,

       [[ 0.00000000e+00, -1.04375782e-02, -1.92623105e-01, ...,
         -3.57332378e-01, -4.91713273e-01,  9.47695215e-01],
        [ 1.04375782e-02,  0.00000000e+00, -1.82370500e-01, ...,
         -3.47564452e-01, -4.82597892e-01,  9.50975023e-01],
        [ 1.92623105e-01,  1.82370500e-01,  0.00000000e+00, ...,
         -1.70734944e-01, -3.14776918e-01,  9.91428363e-01],
        ...,
        [ 3.57332378e-01,  3.47564452e-01,  1.70734944e-01, ...,
          0.00000000e+00, -1.48099297e-01,  9.99177982e-01],
        [ 4.91713273e-01,  4.82597892e-01,  3.14776918e-01, ...,
          1.48099297e-01,  0.00000000e+00,  9.82155838e-01],
        [-9.47695215e-01, -9.50975023e-01, -9.91428363e-01, ...,
         -9.99177982e-01, -9.82155838e-01,  0.00000000e+00]],

       [[ 0.00000000e+00, -2.25334480e-02, -3.02182252e-03, ...,
         -8.71165552e-01, -9.11517098e-01, -5.00269260e-01],
        [ 2.25334480e-02,  0.00000000e+00,  1.95122899e-02, ...,
         -8.82008037e-01, -9.20552809e-01, -4.80631202e-01],
        [ 3.02182252e-03, -1.95122899e-02,  0.00000000e+00, ...,
         -8.72645257e-01, -9.12755698e-01, -4.97650471e-01],
        ...,
        [ 8.71165552e-01,  8.82008037e-01,  8.72645257e-01, ...,
          0.00000000e+00,  8.92677819e-02,  9.99942920e-01],
        [ 9.11517098e-01,  9.20552809e-01,  9.12755698e-01, ...,
         -8.92677819e-02,  0.00000000e+00,  9.94997036e-01],
        [ 5.00269260e-01,  4.80631202e-01,  4.97650471e-01, ...,
         -9.99942920e-01, -9.94997036e-01,  0.00000000e+00]],

       [[ 0.00000000e+00,  7.56817929e-03,  4.90339642e-02, ...,
         -8.02903204e-01, -8.03339894e-01, -7.73627973e-01],
        [-7.56817929e-03,  0.00000000e+00,  4.14734843e-02, ...,
         -8.07391673e-01, -8.07823895e-01, -7.68810316e-01],
        [-4.90339642e-02, -4.14734843e-02,  0.00000000e+00, ...,
         -8.31167009e-01, -8.31574311e-01, -7.41627500e-01],
        ...,
        [ 8.02903204e-01,  8.07391673e-01,  8.31167009e-01, ...,
          0.00000000e+00, -7.32928337e-04, -9.69918581e-01],
        [ 8.03339894e-01,  8.07823895e-01,  8.31574311e-01, ...,
          7.32928337e-04,  0.00000000e+00, -9.69739904e-01],
        [ 7.73627973e-01,  7.68810316e-01,  7.41627500e-01, ...,
          9.69918581e-01,  9.69739904e-01,  0.00000000e+00]]]), 'num': array([1.00033943e-01, 1.34112293e-03, 2.19317378e-05, 1.27510104e-04,
       1.43661383e-04, 1.20709565e-04, 9.94983072e-01, 9.91745251e-06,
       1.03113170e-04, 9.18497780e-05, 9.33114216e-05, 2.60687323e-06,
       1.12742555e-04, 7.09570007e-05])}
{'img': array([[[ 0.        , -0.06097912, -0.0270629 , ..., -0.69994205,
          0.59819621,  0.99645098],
        [ 0.06097912,  0.        ,  0.03394425, ..., -0.65508822,
          0.6459486 ,  0.9894637 ],
        [ 0.0270629 , -0.03394425,  0.        , ..., -0.68035737,
          0.61966396,  0.99380799],
        ...,
        [ 0.69994205,  0.65508822,  0.68035737, ...,  0.        ,
          0.98812985,  0.65274725],
        [-0.59819621, -0.6459486 , -0.61966396, ..., -0.98812985,
          0.        ,  0.84885888],
        [-0.99645098, -0.9894637 , -0.99380799, ..., -0.65274725,
         -0.84885888,  0.        ]],

       [[ 0.        , -0.01171674, -0.00899314, ..., -0.03042932,
          0.59671062,  0.08502628],
        [ 0.01171674,  0.        ,  0.00272374, ..., -0.01871591,
          0.60607184,  0.07334613],
        [ 0.00899314, -0.00272374,  0.        , ..., -0.02143911,
          0.6039031 ,  0.07606227],
        ...,
        [ 0.03042932,  0.01871591,  0.02143911, ...,  0.        ,
          0.6208525 ,  0.05466778],
        [-0.59671062, -0.60607184, -0.6039031 , ..., -0.6208525 ,
          0.        ,  0.66277965],
        [-0.08502628, -0.07334613, -0.07606227, ..., -0.05466778,
         -0.66277965,  0.        ]],

       [[ 0.        ,  0.02001117,  0.33980512, ..., -0.91923398,
         -0.93879932, -0.12442051],
        [-0.02001117,  0.        ,  0.32091666, ..., -0.91117128,
         -0.94550447, -0.14425127],
        [-0.33980512, -0.32091666,  0.        , ..., -0.73075051,
         -0.99998771, -0.45418167],
        ...,
        [ 0.91923398,  0.91117128,  0.73075051, ...,  0.        ,
          0.68625979,  0.96107695],
        [ 0.93879932,  0.94550447,  0.99998771, ..., -0.68625979,
          0.        ,  0.888646  ],
        [ 0.12442051,  0.14425127,  0.45418167, ..., -0.96107695,
         -0.888646  ,  0.        ]],

       ...,

       [[ 0.        , -0.16875092, -0.24376297, ..., -0.4537078 ,
          0.74317678,  0.97359345],
        [ 0.16875092,  0.        , -0.07660658, ..., -0.29681859,
          0.8454291 ,  0.99815483],
        [ 0.24376297,  0.07660658,  0.        , ..., -0.22279214,
          0.88385935,  0.99987321],
        ...,
        [ 0.4537078 ,  0.29681859,  0.22279214, ...,  0.        ,
          0.96585604,  0.97119472],
        [-0.74317678, -0.8454291 , -0.88385935, ..., -0.96585604,
          0.        ,  0.48176767],
        [-0.97359345, -0.99815483, -0.99987321, ..., -0.97119472,
         -0.48176767,  0.        ]],

       [[ 0.        ,  0.01376377, -0.07090541, ..., -0.98835118,
         -0.38446007,  0.87674625],
        [-0.01376377,  0.        , -0.08462783, ..., -0.98616284,
         -0.39712956,  0.87004347],
        [ 0.07090541,  0.08462783,  0.        , ..., -0.99665467,
         -0.31803666,  0.90864171],
        ...,
        [ 0.98835118,  0.98616284,  0.99665467, ...,  0.        ,
          0.97089928,  0.34191826],
        [ 0.38446007,  0.39712956,  0.31803666, ..., -0.97089928,
          0.        ,  0.99426827],
        [-0.87674625, -0.87004347, -0.90864171, ..., -0.34191826,
         -0.99426827,  0.        ]],

       [[ 0.        ,  0.03625503,  0.25250809, ..., -0.70645796,
         -0.98985995, -0.70131284],
        [-0.03625503,  0.        ,  0.21726191, ..., -0.73165319,
         -0.99435909, -0.67500725],
        [-0.25250809, -0.21726191,  0.        , ..., -0.8622789 ,
         -0.99365128, -0.49858534],
        ...,
        [ 0.70645796,  0.73165319,  0.8622789 , ...,  0.        ,
         -0.60022827, -0.9999588 ],
        [ 0.98985995,  0.99435909,  0.99365128, ...,  0.60022827,
          0.        , -0.80524448],
        [ 0.70131284,  0.67500725,  0.49858534, ...,  0.9999588 ,
          0.80524448,  0.        ]]]), 'num': array([7.06039522e-01, 7.06039522e-01, 0.00000000e+00, 3.32731269e-05,
       3.48593181e-05, 3.10967250e-05, 5.49215897e-02, 7.37763346e-08,
       2.88465468e-05, 2.44476329e-05, 2.43953746e-05, 6.89648345e-07,
       3.12027769e-05, 1.76924888e-05])}
{'img': array([[[ 0.        ,  0.03374346, -0.06801281, ...,  0.64119023,
          0.99991962,  0.98860975],
        [-0.03374346,  0.        , -0.1016394 , ...,  0.61493097,
          0.99892236,  0.99312521],
        [ 0.06801281,  0.1016394 ,  0.        , ...,  0.69189733,
          0.99846659,  0.97608454],
        ...,
        [-0.64119023, -0.61493097, -0.69189733, ...,  0.        ,
          0.75919062,  0.8551415 ],
        [-0.99991962, -0.99892236, -0.99846659, ..., -0.75919062,
          0.        ,  0.16302418],
        [-0.98860975, -0.99312521, -0.97608454, ..., -0.8551415 ,
         -0.16302418,  0.        ]],

       [[ 0.        ,  0.00272374,  0.00467623, ...,  0.60607184,
          0.07334613,  0.77216728],
        [-0.00272374,  0.        ,  0.0019525 , ...,  0.6039031 ,
          0.07606227,  0.77043369],
        [-0.00467623, -0.0019525 ,  0.        , ...,  0.60234569,
          0.07800896,  0.76918747],
        ...,
        [-0.60607184, -0.6039031 , -0.60234569, ...,  0.        ,
          0.66277965,  0.22907975],
        [-0.07334613, -0.07606227, -0.07800896, ..., -0.66277965,
          0.        , -0.81669303],
        [-0.77216728, -0.77043369, -0.76918747, ..., -0.22907975,
          0.81669303,  0.        ]],

       [[ 0.        ,  0.04174365,  0.01816919, ..., -0.63744713,
         -0.04354089,  0.9176497 ],
        [-0.04174365,  0.        , -0.02358341, ..., -0.66905474,
         -0.085207  ,  0.90026131],
        [-0.01816919,  0.02358341,  0.        , ..., -0.65134116,
         -0.06168566,  0.91027796],
        ...,
        [ 0.63744713,  0.66905474,  0.65134116, ...,  0.        ,
          0.60329461,  0.96035897],
        [ 0.04354089,  0.085207  ,  0.06168566, ..., -0.60329461,
          0.        ,  0.93408217],
        [-0.9176497 , -0.90026131, -0.91027796, ..., -0.96035897,
         -0.93408217,  0.        ]],

       ...,

       [[ 0.        , -0.07498065, -0.17407611, ...,  0.81522219,
          0.94624946,  0.99926109],
        [ 0.07498065,  0.        , -0.09975022, ...,  0.85635224,
          0.96783733,  0.99933006],
        [ 0.17407611,  0.09975022,  0.        , ...,  0.90359143,
          0.98810509,  0.99069523],
        ...,
        [-0.81522219, -0.85635224, -0.90359143, ...,  0.        ,
          0.28434519,  0.54738713],
        [-0.94624946, -0.96783733, -0.98810509, ..., -0.28434519,
          0.        ,  0.28682939],
        [-0.99926109, -0.99933006, -0.99069523, ..., -0.54738713,
         -0.28682939,  0.        ]],

       [[ 0.        , -0.0572913 , -0.11433969, ..., -0.28889031,
          0.39742641,  0.99162699],
        [ 0.0572913 ,  0.        , -0.05723633, ..., -0.23356729,
          0.44934609,  0.99739657],
        [ 0.11433969,  0.05723633,  0.        , ..., -0.17753119,
          0.49974197,  0.9998889 ],
        ...,
        [ 0.28889031,  0.23356729,  0.17753119, ...,  0.        ,
          0.64557661,  0.98665212],
        [-0.39742641, -0.44934609, -0.49974197, ..., -0.64557661,
          0.        ,  0.85862893],
        [-0.99162699, -0.99739657, -0.9998889 , ..., -0.98665212,
         -0.85862893,  0.        ]],

       [[ 0.        ,  0.20598488,  0.43588931, ..., -0.97041271,
         -0.97005682, -0.64718768],
        [-0.20598488,  0.        ,  0.24115529, ..., -0.99933788,
         -0.89922491, -0.47628025],
        [-0.43588931, -0.24115529,  0.        , ..., -0.97861816,
         -0.76718346, -0.25017728],
        ...,
        [ 0.97041271,  0.99933788,  0.97861816, ...,  0.        ,
         -0.46991435, -0.89604031],
        [ 0.97005682,  0.89922491,  0.76718346, ...,  0.46991435,
          0.        , -0.58231641],
        [ 0.64718768,  0.47628025,  0.25017728, ...,  0.89604031,
          0.58231641,  0.        ]]]), 'num': array([8.18386105e-01, 5.73546809e-01, 5.20934671e-05, 3.97079623e-05,
       4.22425131e-05, 3.73001391e-05, 3.58919173e-02, 1.60521550e-06,
       3.55766445e-05, 2.86763300e-05, 2.80842308e-05, 8.27757915e-07,
       3.78800527e-05, 1.94726073e-05])}
{'img': array([[[ 0.00000000e+00, -9.21295033e-02, -9.83404027e-02, ...,
          8.84624675e-01,  8.93123432e-01,  9.76256618e-01],
        [ 9.21295033e-02,  0.00000000e+00, -6.23922790e-03, ...,
          9.23822728e-01,  9.30765933e-01,  9.52147795e-01],
        [ 9.83404027e-02,  6.23922790e-03,  0.00000000e+00, ...,
          9.26193251e-01,  9.33028976e-01,  9.50222317e-01],
        ...,
        [-8.84624675e-01, -9.23822728e-01, -9.26193251e-01, ...,
          0.00000000e+00,  1.85523035e-02,  6.46857049e-01],
        [-8.93123432e-01, -9.30765933e-01, -9.33028976e-01, ...,
         -1.85523035e-02,  0.00000000e+00,  6.32597523e-01],
        [-9.76256618e-01, -9.52147795e-01, -9.50222317e-01, ...,
         -6.46857049e-01, -6.32597523e-01,  0.00000000e+00]],

       [[ 0.00000000e+00,  1.95249973e-03, -3.04837893e-04, ...,
          7.60622656e-02,  7.70433693e-01,  5.91185336e-01],
        [-1.95249973e-03,  0.00000000e+00, -2.25733695e-03, ...,
          7.80089641e-02,  7.69187466e-01,  5.89609448e-01],
        [ 3.04837893e-04,  2.25733695e-03,  0.00000000e+00, ...,
          7.57583072e-02,  7.70627997e-01,  5.91431171e-01],
        ...,
        [-7.60622656e-02, -7.80089641e-02, -7.57583072e-02, ...,
          0.00000000e+00, -8.16693026e-01, -6.50819649e-01],
        [-7.70433693e-01, -7.69187466e-01, -7.70627997e-01, ...,
          8.16693026e-01,  0.00000000e+00, -2.44489752e-01],
        [-5.91185336e-01, -5.89609448e-01, -5.91431171e-01, ...,
          6.50819649e-01,  2.44489752e-01,  0.00000000e+00]],

       [[ 0.00000000e+00, -1.57533452e-02, -5.07095375e-02, ...,
         -5.76923077e-02,  4.22180650e-01,  9.98334412e-01],
        [ 1.57533452e-02,  0.00000000e+00, -3.49701673e-02, ...,
         -4.19580420e-02,  4.36408853e-01,  9.99119374e-01],
        [ 5.07095375e-02,  3.49701673e-02,  0.00000000e+00, ...,
         -6.99300699e-03,  4.67606281e-01,  9.99975549e-01],
        ...,
        [ 5.76923077e-02,  4.19580420e-02,  6.99300699e-03, ...,
          0.00000000e+00,  4.73776224e-01,  1.00000000e+00],
        [-4.22180650e-01, -4.36408853e-01, -4.67606281e-01, ...,
         -4.73776224e-01,  0.00000000e+00,  8.80645269e-01],
        [-9.98334412e-01, -9.99119374e-01, -9.99975549e-01, ...,
         -1.00000000e+00, -8.80645269e-01,  0.00000000e+00]],

       ...,

       [[ 0.00000000e+00, -9.43654687e-02, -3.30351758e-01, ...,
          8.87784222e-01,  9.20791478e-01,  9.95525658e-01],
        [ 9.43654687e-02,  0.00000000e+00, -2.39810012e-01, ...,
          9.27255235e-01,  9.53490300e-01,  9.82166502e-01],
        [ 3.30351758e-01,  2.39810012e-01,  0.00000000e+00, ...,
          9.89989809e-01,  9.97951720e-01,  9.08419277e-01],
        ...,
        [-8.87784222e-01, -9.27255235e-01, -9.89989809e-01, ...,
          0.00000000e+00,  7.75185463e-02,  5.42088700e-01],
        [-9.20791478e-01, -9.53490300e-01, -9.97951720e-01, ...,
         -7.75185463e-02,  0.00000000e+00,  4.75317023e-01],
        [-9.95525658e-01, -9.82166502e-01, -9.08419277e-01, ...,
         -5.42088700e-01, -4.75317023e-01,  0.00000000e+00]],

       [[ 0.00000000e+00, -4.64751828e-02, -4.72954975e-02, ...,
          3.47822507e-01,  7.09462389e-01,  9.90084780e-01],
        [ 4.64751828e-02,  0.00000000e+00, -8.21217714e-04, ...,
          3.91019957e-01,  7.41448849e-01,  9.82486518e-01],
        [ 4.72954975e-02,  8.21217714e-04,  0.00000000e+00, ...,
          3.91775659e-01,  7.41999644e-01,  9.82333167e-01],
        ...,
        [-3.47822507e-01, -3.91019957e-01, -3.91775659e-01, ...,
          0.00000000e+00,  4.20038260e-01,  9.77123291e-01],
        [-7.09462389e-01, -7.41448849e-01, -7.41999644e-01, ...,
         -4.20038260e-01,  0.00000000e+00,  7.97414575e-01],
        [-9.90084780e-01, -9.82486518e-01, -9.82333167e-01, ...,
         -9.77123291e-01, -7.97414575e-01,  0.00000000e+00]],

       [[ 0.00000000e+00,  2.31662647e-01,  2.52384559e-01, ...,
         -9.65249438e-01, -8.60067740e-01, -4.58939767e-01],
        [-2.31662647e-01,  0.00000000e+00,  2.13557009e-02, ...,
         -8.78450504e-01, -7.18481002e-01, -2.40630149e-01],
        [-2.52384559e-01, -2.13557009e-02,  0.00000000e+00, ...,
         -8.68045700e-01, -7.03463261e-01, -2.19847067e-01],
        ...,
        [ 9.65249438e-01,  8.78450504e-01,  8.68045700e-01, ...,
          0.00000000e+00, -2.67689062e-01, -7.37657779e-01],
        [ 8.60067740e-01,  7.18481002e-01,  7.03463261e-01, ...,
          2.67689062e-01,  0.00000000e+00, -5.30000312e-01],
        [ 4.58939767e-01,  2.40630149e-01,  2.19847067e-01, ...,
          7.37657779e-01,  5.30000312e-01,  0.00000000e+00]]]), 'num': array([9.34988408e-01, 3.53965539e-01, 1.18334597e-04, 4.61348952e-05,
       4.61348952e-05, 4.50073621e-05, 2.24732470e-02, 1.97318289e-06,
       4.27898804e-05, 3.27149025e-05, 3.14276356e-05, 9.34704315e-07,
       4.46174873e-05, 2.08123177e-05])}
{'img': array([[[ 0.00000000e+00, -5.71835242e-03,  7.31414596e-02, ...,
          8.46122970e-01,  9.59338515e-01,  9.23919987e-01],
        [ 5.71835242e-03,  0.00000000e+00,  7.88433000e-02, ...,
          8.49156947e-01,  9.60936881e-01,  9.21717121e-01],
        [-7.31414596e-02, -7.88433000e-02,  0.00000000e+00, ...,
          8.04873193e-01,  9.36124234e-01,  9.49428218e-01],
        ...,
        [-8.46122970e-01, -8.49156947e-01, -8.04873193e-01, ...,
          0.00000000e+00,  2.72490629e-01,  8.16152609e-01],
        [-9.59338515e-01, -9.60936881e-01, -9.36124234e-01, ...,
         -2.72490629e-01,  0.00000000e+00,  6.27813111e-01],
        [-9.23919987e-01, -9.21717121e-01, -9.49428218e-01, ...,
         -8.16152609e-01, -6.27813111e-01,  0.00000000e+00]],

       [[ 0.00000000e+00, -2.25733695e-03,  4.97024180e-02, ...,
          7.69187466e-01,  5.89609448e-01,  4.32678012e-01],
        [ 2.25733695e-03,  0.00000000e+00,  5.19568384e-02, ...,
          7.70627997e-01,  5.91431171e-01,  4.34712008e-01],
        [-4.97024180e-02, -5.19568384e-02,  0.00000000e+00, ...,
          7.36475807e-01,  5.48736662e-01,  3.87334111e-01],
        ...,
        [-7.69187466e-01, -7.70627997e-01, -7.36475807e-01, ...,
          0.00000000e+00, -2.44489752e-01, -4.16968539e-01],
        [-5.89609448e-01, -5.91431171e-01, -5.48736662e-01, ...,
          2.44489752e-01,  0.00000000e+00, -1.82092476e-01],
        [-4.32678012e-01, -4.34712008e-01, -3.87334111e-01, ...,
          4.16968539e-01,  1.82092476e-01,  0.00000000e+00]],

       [[ 0.00000000e+00, -2.75219748e-02, -3.58087051e-02, ...,
          3.27768042e-01,  6.95105620e-01,  9.80123967e-01],
        [ 2.75219748e-02,  0.00000000e+00, -8.29081677e-03, ...,
          3.53645495e-01,  7.14628070e-01,  9.74292720e-01],
        [ 3.58087051e-02,  8.29081677e-03,  0.00000000e+00, ...,
          3.61388401e-01,  7.20402974e-01,  9.72391430e-01],
        ...,
        [-3.27768042e-01, -3.53645495e-01, -3.61388401e-01, ...,
          0.00000000e+00,  4.21071808e-01,  9.91004777e-01],
        [-6.95105620e-01, -7.14628070e-01, -7.20402974e-01, ...,
         -4.21071808e-01,  0.00000000e+00,  8.42517828e-01],
        [-9.80123967e-01, -9.74292720e-01, -9.72391430e-01, ...,
         -9.91004777e-01, -8.42517828e-01,  0.00000000e+00]],

       ...,

       [[ 0.00000000e+00, -2.36267490e-01,  1.18683061e-01, ...,
          9.34908814e-01,  9.97120418e-01,  9.78976493e-01],
        [ 2.36267490e-01,  0.00000000e+00,  3.49920508e-01, ...,
          9.92288228e-01,  9.86807225e-01,  9.03067549e-01],
        [-1.18683061e-01, -3.49920508e-01,  0.00000000e+00, ...,
          8.86181857e-01,  9.81072689e-01,  9.96265424e-01],
        ...,
        [-9.34908814e-01, -9.92288228e-01, -8.86181857e-01, ...,
          0.00000000e+00,  2.82967755e-01,  5.38123286e-01],
        [-9.97120418e-01, -9.86807225e-01, -9.81072689e-01, ...,
         -2.82967755e-01,  0.00000000e+00,  2.77625938e-01],
        [-9.78976493e-01, -9.03067549e-01, -9.96265424e-01, ...,
         -5.38123286e-01, -2.77625938e-01,  0.00000000e+00]],

       [[ 0.00000000e+00, -7.07290324e-04, -2.09114091e-03, ...,
          6.18516800e-01,  8.67088223e-01,  9.45498775e-01],
        [ 7.07290324e-04,  0.00000000e+00, -1.38385161e-03, ...,
          6.19072414e-01,  8.67440346e-01,  9.45268227e-01],
        [ 2.09114091e-03,  1.38385161e-03,  0.00000000e+00, ...,
          6.20158607e-01,  8.68128038e-01,  9.44815779e-01],
        ...,
        [-6.18516800e-01, -6.19072414e-01, -6.20158607e-01, ...,
          0.00000000e+00,  3.73216284e-01,  9.44350999e-01],
        [-8.67088223e-01, -8.67440346e-01, -8.68128038e-01, ...,
         -3.73216284e-01,  0.00000000e+00,  7.53350741e-01],
        [-9.45498775e-01, -9.45268227e-01, -9.44815779e-01, ...,
         -9.44350999e-01, -7.53350741e-01,  0.00000000e+00]],

       [[ 0.00000000e+00,  2.06047726e-02,  2.32393720e-01, ...,
         -8.40815196e-01, -6.91165512e-01, -2.32393720e-01],
        [-2.06047726e-02,  0.00000000e+00,  2.12303732e-01, ...,
         -8.29482867e-01, -6.76127780e-01, -2.12303732e-01],
        [-2.32393720e-01, -2.12303732e-01,  0.00000000e+00, ...,
         -6.91995288e-01, -5.04292513e-01, -0.00000000e+00],
        ...,
        [ 8.40815196e-01,  8.29482867e-01,  6.91995288e-01, ...,
          0.00000000e+00, -2.33510913e-01, -6.91995288e-01],
        [ 6.91165512e-01,  6.76127780e-01,  5.04292513e-01, ...,
          2.33510913e-01,  0.00000000e+00, -5.04292513e-01],
        [ 2.32393720e-01,  2.12303732e-01,  0.00000000e+00, ...,
          6.91995288e-01,  5.04292513e-01,  0.00000000e+00]]]), 'num': array([ 9.60495035e-01,  2.77631797e-01,  1.40651544e-04,  4.72406260e-05,
        4.93326413e-05,  4.60243380e-05,  1.92312161e-02, -5.35166720e-07,
        4.56837773e-05,  3.46836686e-05,  3.27489599e-05,  9.39566392e-07,
        4.82314145e-05,  2.11359228e-05])}
{'img': array([[[ 0.        ,  0.0788433 , -0.09344497, ...,  0.96093688,
          0.92171712,  0.99843719],
        [-0.0788433 ,  0.        , -0.1716524 , ...,  0.93612423,
          0.94942822,  0.99973527],
        [ 0.09344497,  0.1716524 ,  0.        , ...,  0.98259479,
          0.88144027,  0.98884627],
        ...,
        [-0.96093688, -0.93612423, -0.98259479, ...,  0.        ,
          0.62781311,  0.33003738],
        [-0.92171712, -0.94942822, -0.88144027, ..., -0.62781311,
          0.        , -0.33574615],
        [-0.99843719, -0.99973527, -0.98884627, ..., -0.33003738,
          0.33574615,  0.        ]],

       [[ 0.        ,  0.05195684,  0.04370942, ...,  0.59143117,
          0.43471201,  0.38980322],
        [-0.05195684,  0.        , -0.0082568 , ...,  0.54873666,
          0.38733411,  0.34142976],
        [-0.04370942,  0.0082568 ,  0.        , ...,  0.5556206 ,
          0.39493318,  0.34917875],
        ...,
        [-0.59143117, -0.54873666, -0.5556206 , ...,  0.        ,
         -0.18209248, -0.23032793],
        [-0.43471201, -0.38733411, -0.39493318, ...,  0.18209248,
          0.        , -0.0492806 ],
        [-0.38980322, -0.34142976, -0.34917875, ...,  0.23032793,
          0.0492806 ,  0.        ]],

       [[ 0.        , -0.00771693, -0.04267155, ...,  0.65496807,
          0.95512445,  0.95630121],
        [ 0.00771693,  0.        , -0.03496038, ...,  0.66077992,
          0.9573818 ,  0.95401644],
        [ 0.04267155,  0.03496038,  0.        , ...,  0.68661653,
          0.96689399,  0.94295372],
        ...,
        [-0.65496807, -0.66077992, -0.68661653, ...,  0.        ,
          0.52774135,  0.914137  ],
        [-0.95512445, -0.9573818 , -0.96689399, ..., -0.52774135,
          0.        ,  0.56252346],
        [-0.95630121, -0.95401644, -0.94295372, ..., -0.914137  ,
         -0.56252346,  0.        ]],

       ...,

       [[ 0.        ,  0.34992051, -0.21296676, ...,  0.98680723,
          0.90306755,  0.99872445],
        [-0.34992051,  0.        , -0.54139601, ...,  0.98107269,
          0.99626542,  0.95325278],
        [ 0.21296676,  0.54139601,  0.        , ...,  0.92969007,
          0.79088176,  0.96505997],
        ...,
        [-0.98680723, -0.98107269, -0.92969007, ...,  0.        ,
          0.27762594, -0.11186698],
        [-0.90306755, -0.99626542, -0.79088176, ..., -0.27762594,
          0.        , -0.38335273],
        [-0.99872445, -0.95325278, -0.96505997, ...,  0.11186698,
          0.38335273,  0.        ]],

       [[ 0.        , -0.00126174,  0.00183559, ...,  0.78168563,
          0.95965326,  0.91376662],
        [ 0.00126174,  0.        ,  0.00309732, ...,  0.78247192,
          0.96000727,  0.91325333],
        [-0.00183559, -0.00309732,  0.        , ...,  0.78053951,
          0.9591355 ,  0.91451077],
        ...,
        [-0.78168563, -0.78247192, -0.78053951, ...,  0.        ,
          0.37871035,  0.88744286],
        [-0.95965326, -0.96000727, -0.9591355 , ..., -0.37871035,
          0.        ,  0.64678757],
        [-0.91376662, -0.91325333, -0.91451077, ..., -0.88744286,
         -0.64678757,  0.        ]],

       [[ 0.        ,  0.20897247,  0.10203147, ..., -0.74856114,
         -0.53736339, -0.20897247],
        [-0.20897247,  0.        , -0.10810311, ..., -0.59347156,
         -0.34926213, -0.        ],
        [-0.10203147,  0.10810311,  0.        , ..., -0.67700096,
         -0.44851067, -0.10810311],
        ...,
        [ 0.74856114,  0.59347156,  0.67700096, ...,  0.        ,
         -0.27499237, -0.59347156],
        [ 0.53736339,  0.34926213,  0.44851067, ...,  0.27499237,
          0.        , -0.34926213],
        [ 0.20897247,  0.        ,  0.10810311, ...,  0.59347156,
          0.34926213,  0.        ]]]), 'num': array([9.45807451e-01, 1.88001366e-01, 1.42444753e-04, 4.74043591e-05,
       5.39090926e-05, 4.21471087e-05, 2.64771069e-01, 4.14342612e-06,
       4.32965753e-05, 3.27219281e-05, 3.02462681e-05, 8.66465386e-07,
       4.67446232e-05, 1.86992330e-05])}
{'img': array([[[ 0.        , -0.15011212, -0.18690526, ...,  0.91325476,
          0.88677881,  0.89994246],
        [ 0.15011212,  0.        , -0.0373206 , ...,  0.96406067,
          0.94611163,  0.82429501],
        [ 0.18690526,  0.0373206 ,  0.        , ...,  0.97330447,
          0.95753844,  0.80259131],
        ...,
        [-0.91325476, -0.96406067, -0.97330447, ...,  0.        ,
         -0.06083705,  0.7648136 ],
        [-0.88677881, -0.94611163, -0.95753844, ...,  0.06083705,
          0.        ,  0.80259131],
        [-0.89994246, -0.82429501, -0.80259131, ..., -0.7648136 ,
         -0.80259131,  0.        ]],

       [[ 0.        , -0.0082568 , -0.02916564, ...,  0.38733411,
          0.34142976,  0.80403459],
        [ 0.0082568 ,  0.        , -0.02091136, ...,  0.39493318,
          0.34917875,  0.79909784],
        [ 0.02916564,  0.02091136,  0.        , ...,  0.41405829,
          0.36869751,  0.78635117],
        ...,
        [-0.38733411, -0.39493318, -0.41405829, ...,  0.        ,
         -0.0492806 ,  0.97157328],
        [-0.34142976, -0.34917875, -0.36869751, ...,  0.0492806 ,
          0.        ,  0.95872615],
        [-0.80403459, -0.79909784, -0.78635117, ..., -0.97157328,
         -0.95872615,  0.        ]],

       [[ 0.        , -0.03255831, -0.08034353, ...,  0.8878588 ,
          0.97079282,  0.93146174],
        [ 0.03255831,  0.        , -0.04784787, ...,  0.90236869,
          0.97808951,  0.91912192],
        [ 0.08034353,  0.04784787,  0.        , ...,  0.9219559 ,
          0.98693044,  0.89921841],
        ...,
        [-0.8878588 , -0.90236869, -0.9219559 , ...,  0.        ,
          0.23366283,  0.75161838],
        [-0.97079282, -0.97808951, -0.98693044, ..., -0.23366283,
          0.        ,  0.57668827],
        [-0.93146174, -0.91912192, -0.89921841, ..., -0.75161838,
         -0.57668827,  0.        ]],

       ...,

       [[ 0.        , -0.54139601, -0.59355517, ...,  0.99626542,
          0.95325278,  0.96699781],
        [ 0.54139601,  0.        , -0.06333014, ...,  0.79088176,
          0.96505997,  0.95095996],
        [ 0.59355517,  0.06333014,  0.        , ...,  0.75053809,
          0.9465284 ,  0.92946213],
        ...,
        [-0.99626542, -0.79088176, -0.75053809, ...,  0.        ,
         -0.38335273, -0.33732719],
        [-0.95325278, -0.96505997, -0.9465284 , ...,  0.38335273,
          0.        ,  0.04932739],
        [-0.96699781, -0.95095996, -0.92946213, ...,  0.33732719,
         -0.04932739,  0.        ]],

       [[ 0.        ,  0.0027879 ,  0.01412564, ...,  0.86872032,
          0.96700631,  0.87105068],
        [-0.0027879 ,  0.        ,  0.01133796, ...,  0.86733609,
          0.96629233,  0.87241669],
        [-0.01412564, -0.01133796,  0.        , ...,  0.86163718,
          0.96331129,  0.87790219],
        ...,
        [-0.86872032, -0.86733609, -0.86163718, ...,  0.        ,
          0.25765248,  0.85814344],
        [-0.96700631, -0.96629233, -0.96331129, ..., -0.25765248,
          0.        ,  0.69688914],
        [-0.87105068, -0.87241669, -0.87790219, ..., -0.85814344,
         -0.69688914,  0.        ]],

       [[ 0.        , -0.10529793, -0.23532773, ..., -0.54640095,
         -0.44149488, -0.        ],
        [ 0.10529793,  0.        , -0.13167873, ..., -0.63155287,
         -0.5335205 , -0.10529793],
        [ 0.23532773,  0.13167873,  0.        , ..., -0.72814843,
         -0.64024702, -0.23532773],
        ...,
        [ 0.54640095,  0.63155287,  0.72814843, ...,  0.        ,
         -0.12050333, -0.54640095],
        [ 0.44149488,  0.5335205 ,  0.64024702, ...,  0.12050333,
          0.        , -0.44149488],
        [ 0.        ,  0.10529793,  0.23532773, ...,  0.54640095,
          0.44149488,  0.        ]]]), 'num': array([9.88400832e-01, 1.42973466e-01, 1.54840184e-04, 4.97280985e-05,
       5.20961032e-05, 4.78154794e-05, 5.12088301e-02, 1.27507945e-06,
       4.59848296e-05, 3.45045607e-05, 3.11878362e-05, 8.88824745e-07,
       5.02900673e-05, 1.87190541e-05])}
{'img': array([[[ 0.        , -0.0359654 ,  0.00506082, ...,  0.91752551,
          0.98891537,  0.80667006],
        [ 0.0359654 ,  0.        ,  0.04102249, ...,  0.93123451,
          0.98293542,  0.78489254],
        [-0.00506082, -0.04102249,  0.        , ...,  0.91550119,
          0.98965413,  0.80965068],
        ...,
        [-0.91752551, -0.93123451, -0.91550119, ...,  0.        ,
          0.52950328,  0.86305353],
        [-0.98891537, -0.98293542, -0.98965413, ..., -0.52950328,
          0.        ,  0.4646764 ],
        [-0.80667006, -0.78489254, -0.80965068, ..., -0.86305353,
         -0.4646764 ,  0.        ]],

       [[ 0.        , -0.02091136, -0.04263986, ...,  0.34917875,
          0.79909784,  0.64593264],
        [ 0.02091136,  0.        , -0.0217382 , ...,  0.36869751,
          0.78635117,  0.661755  ],
        [ 0.04263986,  0.0217382 ,  0.        , ...,  0.38881712,
          0.77273594,  0.6778962 ],
        ...,
        [-0.34917875, -0.36869751, -0.38881712, ...,  0.        ,
          0.95872615,  0.33871403],
        [-0.79909784, -0.78635117, -0.77273594, ..., -0.95872615,
          0.        , -0.99836217],
        [-0.64593264, -0.661755  , -0.6778962 , ..., -0.33871403,
          0.99836217,  0.        ]],

       [[ 0.        , -0.04462475, -0.06323463, ...,  0.91965907,
          0.98714789,  0.89198316],
        [ 0.04462475,  0.        , -0.01863619, ...,  0.93626786,
          0.99329596,  0.87092114],
        [ 0.06323463,  0.01863619,  0.        , ...,  0.94265191,
          0.99527778,  0.86161164],
        ...,
        [-0.91965907, -0.93626786, -0.94265191, ...,  0.        ,
          0.24070026,  0.76604658],
        [-0.98714789, -0.99329596, -0.99527778, ..., -0.24070026,
          0.        ,  0.58880589],
        [-0.89198316, -0.87092114, -0.86161164, ..., -0.76604658,
         -0.58880589,  0.        ]],

       ...,

       [[ 0.        , -0.06333014, -0.01100948, ...,  0.96505997,
          0.95095996,  0.94181551],
        [ 0.06333014,  0.        ,  0.05233892, ...,  0.9465284 ,
          0.92946213,  0.91863777],
        [ 0.01100948, -0.05233892,  0.        , ...,  0.96211668,
          0.94749694,  0.93805781],
        ...,
        [-0.96505997, -0.9465284 , -0.96211668, ...,  0.        ,
          0.04932739,  0.07760277],
        [-0.95095996, -0.92946213, -0.94749694, ..., -0.04932739,
          0.        ,  0.02832967],
        [-0.94181551, -0.91863777, -0.93805781, ..., -0.07760277,
         -0.02832967,  0.        ]],

       [[ 0.        ,  0.01042962,  0.01499498, ...,  0.90036132,
          0.99255457,  0.83548368],
        [-0.01042962,  0.        ,  0.00456572, ...,  0.89577397,
          0.99123025,  0.84116948],
        [-0.01499498, -0.00456572,  0.        , ...,  0.89373513,
          0.99061658,  0.84362972],
        ...,
        [-0.90036132, -0.89577397, -0.89373513, ...,  0.        ,
          0.32223855,  0.85831721],
        [-0.99255457, -0.99123025, -0.99061658, ..., -0.32223855,
          0.        ,  0.64718642],
        [-0.83548368, -0.84116948, -0.84362972, ..., -0.85831721,
         -0.64718642,  0.        ]],

       [[ 0.        , -0.20824933, -0.27602028, ..., -0.54060086,
         -0.33763558, -0.        ],
        [ 0.20824933,  0.        , -0.06980953, ..., -0.70394443,
         -0.52625347, -0.20824933],
        [ 0.27602028,  0.06980953,  0.        , ..., -0.75180962,
         -0.58433057, -0.27602028],
        ...,
        [ 0.54060086,  0.70394443,  0.75180962, ...,  0.        ,
         -0.22480931, -0.54060086],
        [ 0.33763558,  0.52625347,  0.58433057, ...,  0.22480931,
          0.        , -0.33763558],
        [ 0.        ,  0.20824933,  0.27602028, ...,  0.54060086,
          0.33763558,  0.        ]]]), 'num': array([ 9.86740774e-01,  1.42410396e-01,  1.55493621e-04,  4.96052147e-05,
        5.14322945e-05,  4.63164712e-05,  7.78581069e-02, -2.74061960e-07,
        4.74583960e-05,  3.56691641e-05,  3.15742216e-05,  8.80718074e-07,
        5.25065712e-05,  1.88317569e-05])}
{'img': array([[[ 0.        ,  0.04102249, -0.03701721, ...,  0.98293542,
          0.78489254,  0.90205956],
        [-0.04102249,  0.        , -0.07798043, ...,  0.98965413,
          0.80965068,  0.91900601],
        [ 0.03701721,  0.07798043,  0.        , ...,  0.97545239,
          0.76141755,  0.88546426],
        ...,
        [-0.98293542, -0.98965413, -0.97545239, ...,  0.        ,
          0.4646764 ,  0.25831157],
        [-0.78489254, -0.80965068, -0.76141755, ..., -0.4646764 ,
          0.        , -0.22017618],
        [-0.90205956, -0.91900601, -0.88546426, ..., -0.25831157,
          0.22017618,  0.        ]],

       [[ 0.        , -0.0217382 , -0.01782195, ...,  0.78635117,
          0.661755  ,  0.80187946],
        [ 0.0217382 ,  0.        ,  0.00391701, ...,  0.77273594,
          0.6778962 ,  0.81467824],
        [ 0.01782195, -0.00391701,  0.        , ...,  0.77521624,
          0.67501138,  0.81240047],
        ...,
        [-0.78635117, -0.77273594, -0.77521624, ...,  0.        ,
         -0.99836217, -0.96521859],
        [-0.661755  , -0.6778962 , -0.67501138, ...,  0.99836217,
          0.        ,  0.20579595],
        [-0.80187946, -0.81467824, -0.81240047, ...,  0.96521859,
         -0.20579595,  0.        ]],

       [[ 0.        , -0.01778315, -0.05167205, ...,  0.96561078,
          0.9997069 ,  0.85028918],
        [ 0.01778315,  0.        , -0.03390448, ...,  0.97008156,
          0.99911829,  0.84079517],
        [ 0.05167205,  0.03390448,  0.        , ...,  0.97775515,
          0.99712043,  0.82195747],
        ...,
        [-0.96561078, -0.97008156, -0.97775515, ...,  0.        ,
          0.28329299,  0.72928455],
        [-0.9997069 , -0.99911829, -0.99712043, ..., -0.28329299,
          0.        ,  0.5055762 ],
        [-0.85028918, -0.84079517, -0.82195747, ..., -0.72928455,
         -0.5055762 ,  0.        ]],

       ...,

       [[ 0.        ,  0.05233892, -0.02566761, ...,  0.92946213,
          0.91863777,  0.94982268],
        [-0.05233892,  0.        , -0.0779541 , ...,  0.94749694,
          0.93805781,  0.96489187],
        [ 0.02566761,  0.0779541 ,  0.        , ...,  0.91968667,
          0.90819381,  0.9414812 ],
        ...,
