state_0,state_1,state_2,state_3,state_4,state_5,state_6,state_7,state_8,state_9,state_10,state_11,state_12,state_13,state_14,state_15,state_16,state_17,state_18,state_19,state_20,state_21,state_22,state_23,state_24,state_25,state_26,state_27,state_28,state_29,state_30,state_31,state_32,state_33,state_34,state_35,state_36,state_37,state_38,state_39,state_40,state_41,state_42,state_43,state_44,state_45,state_46,state_47,state_48,state_49,state_50,state_51,state_52,state_53,state_54,state_55,state_56,state_57,state_58,state_59,state_60,state_61,state_62,state_63,state_64,state_65,state_66,state_67,state_68,state_69,state_70,state_71,state_72,state_73,state_74,state_75,state_76,state_77,state_78,state_79,state_80,state_81,state_82,state_83,state_84,state_85,state_86,state_87,state_88,state_89,state_90,state_91,state_92,state_93,state_94,state_95,state_96,state_97,state_98,state_99,state_100,state_101,state_102,state_103,state_104,state_105,state_106,state_107,state_108,state_109,state_110,state_111,state_112,state_113,state_114,state_115,state_116,state_117,state_118,state_119,state_120,state_121,state_122,state_123,state_124,state_125,state_126,state_127,state_128,state_129,state_130,state_131,state_132,state_133,state_134,state_135,state_136,state_137,state_138,state_139,state_140,state_141,state_142,state_143,state_144,state_145,state_146,state_147,state_148,state_149,state_150,state_151,state_152,state_153,state_154,state_155,state_156,state_157,state_158,state_159,state_160,state_161,state_162,state_163,state_164,state_165,state_166,state_167,state_168,state_169,state_170,state_171,state_172,state_173,state_174,state_175,state_176,state_177,state_178,state_179,state_180,state_181,state_182,state_183,state_184,state_185,state_186,state_187,state_188,state_189,state_190,state_191,state_192,state_193,state_194,state_195,state_196,state_197,state_198,state_199,state_200,state_201,state_202,state_203,state_204,state_205,state_206,state_207,state_208,state_209,state_210,state_211,state_212,state_213,state_214,state_215,state_216,state_217,state_218,state_219,state_220,state_221,state_222,state_223,state_224,state_225,state_226,state_227,state_228,state_229,state_230,state_231,state_232,state_233,state_234,state_235,state_236,state_237,state_238,state_239,state_240,state_241,state_242,state_243,state_244,state_245,state_246,state_247,state_248,state_249,state_250,state_251,state_252,state_253,state_254,state_255,state_256,state_257,state_258,state_259,state_260,state_261,state_262,state_263,state_264,state_265,state_266,state_267,state_268,state_269,state_270,state_271,state_272,state_273,state_274,state_275,state_276,state_277,state_278,state_279,state_280,state_281,state_282,state_283,state_284,state_285,state_286,state_287
{'img': array([[[ 0.00000000e+00,  2.83603828e-01,  2.83603828e-01, ...,
          6.57462363e-02,  2.83603828e-01,  2.38438599e-01],
        [-2.83603828e-01,  0.00000000e+00,  0.00000000e+00, ...,
         -2.19943419e-01,  0.00000000e+00, -4.67753295e-02],
        [-2.83603828e-01,  0.00000000e+00,  0.00000000e+00, ...,
         -2.19943419e-01,  0.00000000e+00, -4.67753295e-02],
        ...,
        [-6.57462363e-02,  2.19943419e-01,  2.19943419e-01, ...,
          0.00000000e+00,  2.19943419e-01,  1.74072752e-01],
        [-2.83603828e-01,  0.00000000e+00,  0.00000000e+00, ...,
         -2.19943419e-01,  0.00000000e+00, -4.67753295e-02],
        [-2.38438599e-01,  4.67753295e-02,  4.67753295e-02, ...,
         -1.74072752e-01,  4.67753295e-02,  0.00000000e+00]],

       [[ 0.00000000e+00,  3.15231650e-02, -1.47879217e-01, ...,
          3.28897491e-01, -1.65246593e-01, -4.42783056e-01],
        [-3.15231650e-02,  0.00000000e+00, -1.78982306e-01, ...,
          2.98964643e-01, -1.96254262e-01, -4.70827579e-01],
        [ 1.47879217e-01,  1.78982306e-01,  0.00000000e+00, ...,
          4.64933454e-01, -1.75835622e-02, -3.05322084e-01],
        ...,
        [-3.28897491e-01, -2.98964643e-01, -4.64933454e-01, ...,
          0.00000000e+00, -4.80429104e-01, -7.13048055e-01],
        [ 1.65246593e-01,  1.96254262e-01,  1.75835622e-02, ...,
          4.80429104e-01,  0.00000000e+00, -2.88530949e-01],
        [ 4.42783056e-01,  4.70827579e-01,  3.05322084e-01, ...,
          7.13048055e-01,  2.88530949e-01,  0.00000000e+00]],

       [[ 0.00000000e+00, -3.63901116e-03, -1.09184797e-02, ...,
          5.81587320e-02,  4.36305919e-02,  1.81878322e-02],
        [ 3.63901116e-03,  0.00000000e+00, -7.27961316e-03, ...,
          6.17911985e-02,  4.72658489e-02,  2.18261210e-02],
        [ 1.09184797e-02,  7.27961316e-03,  0.00000000e+00, ...,
          6.90552638e-02,  5.45360736e-02,  2.91034217e-02],
        ...,
        [-5.81587320e-02, -6.17911985e-02, -6.90552638e-02, ...,
          0.00000000e+00, -1.45466088e-02, -3.99920653e-02],
        [-4.36305919e-02, -4.72658489e-02, -5.45360736e-02, ...,
          1.45466088e-02,  0.00000000e+00, -2.54528624e-02],
        [-1.81878322e-02, -2.18261210e-02, -2.91034217e-02, ...,
          3.99920653e-02,  2.54528624e-02,  0.00000000e+00]],

       ...,

       [[ 0.00000000e+00,  3.39445407e-01,  3.06421357e-01, ...,
         -8.96177689e-01, -6.28497478e-01, -9.45987248e-01],
        [-3.39445407e-01,  0.00000000e+00, -3.48888960e-02, ...,
         -9.93578161e-01, -8.55205499e-01, -9.99869474e-01],
        [-3.06421357e-01,  3.48888960e-02,  0.00000000e+00, ...,
         -9.89025664e-01, -8.36602314e-01, -9.99824435e-01],
        ...,
        [ 8.96177689e-01,  9.93578161e-01,  9.89025664e-01, ...,
          0.00000000e+00,  4.18196023e-01, -1.29185884e-01],
        [ 6.28497478e-01,  8.55205499e-01,  8.36602314e-01, ...,
         -4.18196023e-01,  0.00000000e+00, -5.32038582e-01],
        [ 9.45987248e-01,  9.99869474e-01,  9.99824435e-01, ...,
          1.29185884e-01,  5.32038582e-01,  0.00000000e+00]],

       [[ 0.00000000e+00,  8.69727468e-02,  1.44562659e-01, ...,
          9.58846457e-01,  9.58870569e-01,  9.55810220e-01],
        [-8.69727468e-02,  0.00000000e+00,  5.79557118e-02, ...,
          9.30519344e-01,  9.30550449e-01,  9.26619729e-01],
        [-1.44562659e-01, -5.79557118e-02,  0.00000000e+00, ...,
          9.07729426e-01,  9.07765059e-01,  9.03270887e-01],
        ...,
        [-9.58846457e-01, -9.30519344e-01, -9.07729426e-01, ...,
          0.00000000e+00,  8.49383334e-05, -1.05073647e-02],
        [-9.58870569e-01, -9.30550449e-01, -9.07765059e-01, ...,
         -8.49383334e-05,  0.00000000e+00, -1.05922984e-02],
        [-9.55810220e-01, -9.26619729e-01, -9.03270887e-01, ...,
          1.05073647e-02,  1.05922984e-02,  0.00000000e+00]],

       [[ 0.00000000e+00,  2.65770062e-04,  9.35084555e-02, ...,
          9.71581686e-01,  9.53901310e-01,  9.29676059e-01],
        [-2.65770062e-04,  0.00000000e+00,  9.32438466e-02, ...,
          9.71518742e-01,  9.53821513e-01,  9.29578123e-01],
        [-9.35084555e-02, -9.32438466e-02,  0.00000000e+00, ...,
          9.45190813e-01,  9.21657977e-01,  8.91156203e-01],
        ...,
        [-9.71581686e-01, -9.71518742e-01, -9.45190813e-01, ...,
          0.00000000e+00, -6.57987952e-02, -1.37850893e-01],
        [-9.53901310e-01, -9.53821513e-01, -9.21657977e-01, ...,
          6.57987952e-02,  0.00000000e+00, -7.23815447e-02],
        [-9.29676059e-01, -9.29578123e-01, -8.91156203e-01, ...,
          1.37850893e-01,  7.23815447e-02,  0.00000000e+00]]]), 'num': array([9.99150504e-01, 3.64473224e-02, 3.70983885e-05, 1.10023221e-03,
       1.10447202e-03, 1.05995396e-03, 1.89743206e-02, 1.27194475e-05,
       1.09048063e-03, 1.13860254e-03, 1.08927935e-03, 8.84831129e-07,
       1.23573875e-03, 1.04146633e-03])}
{'img': array([[[ 0.        ,  0.        ,  0.10841937, ...,  0.        ,
         -0.04677533,  0.04658872],
        [ 0.        ,  0.        ,  0.10841937, ...,  0.        ,
         -0.04677533,  0.04658872],
        [-0.10841937, -0.10841937,  0.        , ..., -0.10841937,
         -0.1548003 , -0.06198755],
        ...,
        [ 0.        ,  0.        ,  0.10841937, ...,  0.        ,
         -0.04677533,  0.04658872],
        [ 0.04677533,  0.04677533,  0.1548003 , ...,  0.04677533,
          0.        ,  0.09326227],
        [-0.04658872, -0.04658872,  0.06198755, ..., -0.04658872,
         -0.09326227,  0.        ]],

       [[ 0.        , -0.17898231, -0.10039729, ..., -0.19625426,
         -0.47082758, -0.1399121 ],
        [ 0.17898231,  0.        ,  0.07930188, ..., -0.01758356,
         -0.30532208,  0.03956898],
        [ 0.10039729, -0.07930188,  0.        , ..., -0.09681781,
         -0.37987567, -0.03979541],
        ...,
        [ 0.19625426,  0.01758356,  0.09681781, ...,  0.        ,
         -0.28853095,  0.05713265],
        [ 0.47082758,  0.30532208,  0.37987567, ...,  0.28853095,
          0.        ,  0.34276249],
        [ 0.1399121 , -0.03956898,  0.03979541, ..., -0.05713265,
         -0.34276249,  0.        ]],

       [[ 0.        , -0.00727961, -0.01092022, ...,  0.04726585,
          0.02182612,  0.01091544],
        [ 0.00727961,  0.        , -0.00364075, ...,  0.05453607,
          0.02910342,  0.01819433],
        [ 0.01092022,  0.00364075,  0.        , ...,  0.05817104,
          0.03274243,  0.02183436],
        ...,
        [-0.04726585, -0.05453607, -0.05817104, ...,  0.        ,
         -0.02545286, -0.03635979],
        [-0.02182612, -0.02910342, -0.03274243, ...,  0.02545286,
          0.        , -0.01091198],
        [-0.01091544, -0.01819433, -0.02183436, ...,  0.03635979,
          0.01091198,  0.        ]],

       ...,

       [[ 0.        , -0.0348889 ,  0.0169746 , ..., -0.8552055 ,
         -0.99986947, -0.99554302],
        [ 0.0348889 ,  0.        ,  0.05184814, ..., -0.83660231,
         -0.99982444, -0.99822725],
        [-0.0169746 , -0.05184814,  0.        , ..., -0.86388003,
         -0.99945116, -0.99379873],
        ...,
        [ 0.8552055 ,  0.83660231,  0.86388003, ...,  0.        ,
         -0.53203858, -0.59663223],
        [ 0.99986947,  0.99982444,  0.99945116, ...,  0.53203858,
          0.        , -0.07821168],
        [ 0.99554302,  0.99822725,  0.99379873, ...,  0.59663223,
          0.07821168,  0.        ]],

       [[ 0.        ,  0.05795571,  0.12458349, ...,  0.93055045,
          0.92661973,  0.92774867],
        [-0.05795571,  0.        ,  0.0668699 , ...,  0.90776506,
          0.90327089,  0.90455987],
        [-0.12458349, -0.0668699 ,  0.        , ...,  0.87768269,
          0.87255718,  0.87402544],
        ...,
        [-0.93055045, -0.90776506, -0.87768269, ...,  0.        ,
         -0.0105923 , -0.00757873],
        [-0.92661973, -0.90327089, -0.87255718, ...,  0.0105923 ,
          0.        ,  0.00301369],
        [-0.92774867, -0.90455987, -0.87402544, ...,  0.00757873,
         -0.00301369,  0.        ]],

       [[ 0.        ,  0.09324385,  0.18510743, ...,  0.95382151,
          0.92957812,  0.92051627],
        [-0.09324385,  0.        ,  0.09266854, ...,  0.92165798,
          0.8911562 ,  0.88007509],
        [-0.18510743, -0.09266854,  0.        , ...,  0.88173639,
          0.84527816,  0.83228591],
        ...,
        [-0.95382151, -0.92165798, -0.88173639, ...,  0.        ,
         -0.07238154, -0.09616299],
        [-0.92957812, -0.8911562 , -0.84527816, ...,  0.07238154,
          0.        , -0.02386465],
        [-0.92051627, -0.88007509, -0.83228591, ...,  0.09616299,
          0.02386465,  0.        ]]]), 'num': array([ 7.07070055e-01,  7.07070055e-01,  0.00000000e+00,  4.84929062e-04,
        4.95327151e-04,  4.80202658e-04,  1.00954479e-02, -5.67168493e-06,
        4.84550950e-04,  5.06765049e-04,  4.85669532e-04,  4.67767830e-07,
        5.51186811e-04,  4.62343287e-04])}
{'img': array([[[ 0.        ,  0.10841937,  0.03107976, ..., -0.04677533,
          0.04658872, -0.04677533],
        [-0.10841937,  0.        , -0.07747044, ..., -0.1548003 ,
         -0.06198755, -0.1548003 ],
        [-0.03107976,  0.07747044,  0.        , ..., -0.07779847,
          0.01552021, -0.07779847],
        ...,
        [ 0.04677533,  0.1548003 ,  0.07779847, ...,  0.        ,
          0.09326227,  0.        ],
        [-0.04658872,  0.06198755, -0.01552021, ..., -0.09326227,
          0.        , -0.09326227],
        [ 0.04677533,  0.1548003 ,  0.07779847, ...,  0.        ,
          0.09326227,  0.        ]],

       [[ 0.        ,  0.07930188, -0.54996483, ..., -0.30532208,
          0.03956898,  0.17528184],
        [-0.07930188,  0.        , -0.61446476, ..., -0.37987567,
         -0.03979541,  0.09665566],
        [ 0.54996483,  0.61446476,  0.        , ...,  0.26870225,
          0.58258165,  0.68784369],
        ...,
        [ 0.30532208,  0.37987567, -0.26870225, ...,  0.        ,
          0.34276249,  0.46750716],
        [-0.03956898,  0.03979541, -0.58258165, ..., -0.34276249,
          0.        ,  0.13618818],
        [-0.17528184, -0.09665566, -0.68784369, ..., -0.46750716,
         -0.13618818,  0.        ]],

       [[ 0.        , -0.00364075,  0.01455672, ...,  0.02910342,
          0.01819433, -0.01456676],
        [ 0.00364075,  0.        ,  0.01819698, ...,  0.03274243,
          0.02183436, -0.0109263 ],
        [-0.01455672, -0.01819698,  0.        , ...,  0.01454978,
          0.0036381 , -0.02912039],
        ...,
        [-0.02910342, -0.03274243, -0.01454978, ...,  0.        ,
         -0.01091198, -0.04366092],
        [-0.01819433, -0.02183436, -0.0036381 , ...,  0.01091198,
          0.        , -0.03275675],
        [ 0.01456676,  0.0109263 ,  0.02912039, ...,  0.04366092,
          0.03275675,  0.        ]],

       ...,

       [[ 0.        ,  0.05184814,  0.29749521, ..., -0.99982444,
         -0.99822725, -0.98959785],
        [-0.05184814,  0.        ,  0.24759445, ..., -0.99945116,
         -0.99379873, -0.99572576],
        [-0.29749521, -0.24759445,  0.        , ..., -0.96013005,
         -0.93532459, -0.98759021],
        ...,
        [ 0.99982444,  0.99945116,  0.96013005, ...,  0.        ,
         -0.07821168,  0.12529342],
        [ 0.99822725,  0.99379873,  0.93532459, ...,  0.07821168,
          0.        ,  0.20250497],
        [ 0.98959785,  0.99572576,  0.98759021, ..., -0.12529342,
         -0.20250497,  0.        ]],

       [[ 0.        ,  0.0668699 ,  0.11568151, ...,  0.90327089,
          0.90455987,  0.90685447],
        [-0.0668699 ,  0.        ,  0.04900162, ...,  0.87255718,
          0.87402544,  0.87664274],
        [-0.11568151, -0.04900162,  0.        , ...,  0.8475711 ,
          0.84916655,  0.8520129 ],
        ...,
        [-0.90327089, -0.87255718, -0.8475711 , ...,  0.        ,
          0.00301369,  0.0084267 ],
        [-0.90455987, -0.87402544, -0.84916655, ..., -0.00301369,
          0.        ,  0.00541308],
        [-0.90685447, -0.87664274, -0.8520129 , ..., -0.0084267 ,
         -0.00541308,  0.        ]],

       [[ 0.        ,  0.09266854,  0.16106214, ...,  0.8911562 ,
          0.88007509,  0.85456124],
        [-0.09266854,  0.        ,  0.0689104 , ...,  0.84527816,
          0.83228591,  0.80275661],
        [-0.16106214, -0.0689104 ,  0.        , ...,  0.80644816,
          0.7921072 ,  0.7597566 ],
        ...,
        [-0.8911562 , -0.84527816, -0.80644816, ...,  0.        ,
         -0.02386465, -0.07511099],
        [-0.88007509, -0.83228591, -0.7921072 , ...,  0.02386465,
          0.        , -0.05129236],
        [-0.85456124, -0.80275661, -0.7597566 , ...,  0.07511099,
          0.05129236,  0.        ]]]), 'num': array([7.07031002e-01, 7.07031002e-01, 0.00000000e+00, 5.07587765e-04,
       5.08532994e-04, 4.78285678e-04, 1.45713607e-02, 2.26854867e-05,
       4.91140787e-04, 5.07209674e-04, 4.85973538e-04, 8.03026078e-07,
       5.51453643e-04, 4.62965704e-04])}
{'img': array([[[ 0.        , -0.07747044, -0.23198644, ..., -0.06198755,
         -0.1548003 ,  0.21767076],
        [ 0.07747044,  0.        , -0.15593227, ...,  0.01552021,
         -0.07779847,  0.29262945],
        [ 0.23198644,  0.15593227,  0.        , ...,  0.17124385,
          0.07861283,  0.43815641],
        ...,
        [ 0.06198755, -0.01552021, -0.17124385, ...,  0.        ,
         -0.09326227,  0.27775338],
        [ 0.1548003 ,  0.07779847, -0.07861283, ...,  0.09326227,
          0.        ,  0.36613544],
        [-0.21767076, -0.29262945, -0.43815641, ..., -0.27775338,
         -0.36613544,  0.        ]],

       [[ 0.        , -0.61446476,  0.24653543, ..., -0.03979541,
          0.09665566,  0.38893715],
        [ 0.61446476,  0.        ,  0.79000127, ...,  0.58258165,
          0.68784369,  0.87293417],
        [-0.24653543, -0.79000127,  0.        , ..., -0.28490722,
         -0.15170886,  0.14980783],
        ...,
        [ 0.03979541, -0.58258165,  0.28490722, ...,  0.        ,
          0.13618818,  0.42529114],
        [-0.09665566, -0.68784369,  0.15170886, ..., -0.13618818,
          0.        ,  0.29807069],
        [-0.38893715, -0.87293417, -0.14980783, ..., -0.42529114,
         -0.29807069,  0.        ]],

       [[ 0.        ,  0.01819698,  0.0545404 , ...,  0.02183436,
         -0.0109263 ,  0.11616959],
        [-0.01819698,  0.        ,  0.03636147, ...,  0.0036381 ,
         -0.02912039,  0.09807657],
        [-0.0545404 , -0.03636147,  0.        , ..., -0.03272554,
         -0.06544718,  0.06182555],
        ...,
        [-0.02183436, -0.0036381 ,  0.03272554, ...,  0.        ,
         -0.03275675,  0.09445537],
        [ 0.0109263 ,  0.02912039,  0.06544718, ...,  0.03275675,
          0.        ,  0.12701497],
        [-0.11616959, -0.09807657, -0.06182555, ..., -0.09445537,
         -0.12701497,  0.        ]],

       ...,

       [[ 0.        ,  0.24759445, -0.18744006, ..., -0.99379873,
         -0.99572576, -0.74731525],
        [-0.24759445,  0.        , -0.42480997, ..., -0.93532459,
         -0.98759021, -0.88856566],
        [ 0.18744006,  0.42480997,  0.        , ..., -0.99702687,
         -0.96076577, -0.60952164],
        ...,
        [ 0.99379873,  0.93532459,  0.99702687, ...,  0.        ,
          0.20250497,  0.74344599],
        [ 0.99572576,  0.98759021,  0.96076577, ..., -0.20250497,
          0.        ,  0.59260819],
        [ 0.74731525,  0.88856566,  0.60952164, ..., -0.74344599,
         -0.59260819,  0.        ]],

       [[ 0.        ,  0.04900162,  0.07229294, ...,  0.87402544,
          0.87664274,  0.88139703],
        [-0.04900162,  0.        ,  0.02333269, ...,  0.84916655,
          0.8520129 ,  0.857191  ],
        [-0.07229294, -0.02333269,  0.        , ...,  0.83661279,
          0.8395658 ,  0.84494133],
        ...,
        [-0.87402544, -0.84916655, -0.83661279, ...,  0.        ,
          0.00541308,  0.01538451],
        [-0.87664274, -0.8520129 , -0.8395658 , ..., -0.00541308,
          0.        ,  0.00997184],
        [-0.88139703, -0.857191  , -0.84494133, ..., -0.01538451,
         -0.00997184,  0.        ]],

       [[ 0.        ,  0.0689104 ,  0.11483675, ...,  0.83228591,
          0.80275661,  0.81224971],
        [-0.0689104 ,  0.        ,  0.04610925, ...,  0.7921072 ,
          0.7597566 ,  0.77012276],
        [-0.11483675, -0.04610925,  0.        , ...,  0.76312046,
          0.72896794,  0.73989077],
        ...,
        [-0.83228591, -0.7921072 , -0.76312046, ...,  0.        ,
         -0.05129236, -0.03521271],
        [-0.80275661, -0.7597566 , -0.72896794, ...,  0.05129236,
          0.        ,  0.01609419],
        [-0.81224971, -0.77012276, -0.73989077, ...,  0.03521271,
         -0.01609419,  0.        ]]]), 'num': array([7.85755846e-01, 6.17452602e-01, 5.91575551e-06, 5.90537699e-04,
       6.02991922e-04, 5.52137181e-04, 3.65717610e-02, 3.32112590e-05,
       5.50269048e-04, 5.56599944e-04, 5.34389915e-04, 1.26760531e-06,
       6.04224114e-04, 5.08975774e-04])}
{'img': array([[[ 0.        , -0.15593227, -0.28168204, ..., -0.07779847,
          0.29262945,  0.77205889],
        [ 0.15593227,  0.        , -0.1286182 , ...,  0.07861283,
          0.43815641,  0.86171778],
        [ 0.28168204,  0.1286182 ,  0.        , ...,  0.20618005,
          0.55013191,  0.91981983],
        ...,
        [ 0.07779847, -0.07861283, -0.20618005, ...,  0.        ,
          0.36613544,  0.81916375],
        [-0.29262945, -0.43815641, -0.55013191, ..., -0.36613544,
          0.        ,  0.55228178],
        [-0.77205889, -0.86171778, -0.91981983, ..., -0.81916375,
         -0.55228178,  0.        ]],

       [[ 0.        ,  0.79000127,  0.45634181, ...,  0.68784369,
          0.87293417,  0.86111327],
        [-0.79000127,  0.        , -0.42316119, ..., -0.15170886,
          0.14980783,  0.92960006],
        [-0.45634181,  0.42316119,  0.        , ...,  0.28080671,
          0.55411992,  0.99823269],
        ...,
        [-0.68784369,  0.15170886, -0.28080671, ...,  0.        ,
          0.29807069,  0.97475546],
        [-0.87293417, -0.14980783, -0.55411992, ..., -0.29807069,
          0.        ,  0.863895  ],
        [-0.86111327, -0.92960006, -0.99823269, ..., -0.97475546,
         -0.863895  ,  0.        ]],

       [[ 0.        ,  0.03636147, -0.02183768, ..., -0.02912039,
          0.09807657,  0.28966121],
        [-0.03636147,  0.        , -0.05817604, ..., -0.06544718,
          0.06182555,  0.25466703],
        [ 0.02183768,  0.05817604,  0.        , ..., -0.00728502,
          0.11978559,  0.31049362],
        ...,
        [ 0.02912039,  0.06544718,  0.00728502, ...,  0.        ,
          0.12701497,  0.31741035],
        [-0.09807657, -0.06182555, -0.11978559, ..., -0.12701497,
          0.        ,  0.19439276],
        [-0.28966121, -0.25466703, -0.31049362, ..., -0.31741035,
         -0.19439276,  0.        ]],

       ...,

       [[ 0.        , -0.42480997, -0.57949727, ..., -0.98759021,
         -0.88856566, -0.50125232],
        [ 0.42480997,  0.        , -0.17839961, ..., -0.96076577,
         -0.60952164, -0.08618642],
        [ 0.57949727,  0.17839961,  0.        , ..., -0.89587218,
         -0.45831401,  0.09293196],
        ...,
        [ 0.98759021,  0.96076577,  0.89587218, ...,  0.        ,
          0.59260819,  0.93328604],
        [ 0.88856566,  0.60952164,  0.45831401, ..., -0.59260819,
          0.        ,  0.53892767],
        [ 0.50125232,  0.08618642, -0.09293196, ..., -0.93328604,
         -0.53892767,  0.        ]],

       [[ 0.        ,  0.02333269,  0.02748096, ...,  0.8520129 ,
          0.857191  ,  0.83696111],
        [-0.02333269,  0.        ,  0.0041496 , ...,  0.8395658 ,
          0.84494133,  0.82396415],
        [-0.02748096, -0.0041496 ,  0.        , ...,  0.83730426,
          0.84271461,  0.82160572],
        ...,
        [-0.8520129 , -0.8395658 , -0.83730426, ...,  0.        ,
          0.00997184, -0.02810805],
        [-0.857191  , -0.84494133, -0.84271461, ..., -0.00997184,
          0.        , -0.03807455],
        [-0.83696111, -0.82396415, -0.82160572, ...,  0.02810805,
          0.03807455,  0.        ]],

       [[ 0.        ,  0.04610925,  0.09872567, ...,  0.7597566 ,
          0.77012276,  0.77938101],
        [-0.04610925,  0.        ,  0.05273668, ...,  0.72896794,
          0.73989077,  0.7496623 ],
        [-0.09872567, -0.05273668,  0.        , ...,  0.69185277,
          0.70338379,  0.71371689],
        ...,
        [-0.7597566 , -0.72896794, -0.69185277, ...,  0.        ,
          0.01609419,  0.03073375],
        [-0.77012276, -0.73989077, -0.70338379, ..., -0.01609419,
          0.        ,  0.01464317],
        [-0.77938101, -0.7496623 , -0.71371689, ..., -0.03073375,
         -0.01464317,  0.        ]]]), 'num': array([7.28090872e-01, 6.83707450e-01, 1.49691136e-06, 5.69018228e-04,
       5.94926309e-04, 5.38312354e-04, 4.92494776e-02, 2.30294055e-05,
       5.24110887e-04, 5.16482397e-04, 4.95276153e-04, 1.34856879e-06,
       5.66071711e-04, 4.66893082e-04])}
{'img': array([[[ 0.        , -0.12348138, -0.18680301, ...,  0.41694339,
          0.81712203,  0.96824584],
        [ 0.12348138,  0.        , -0.0640656 , ...,  0.52598871,
          0.88205117,  0.9299654 ],
        [ 0.18680301,  0.0640656 ,  0.        , ...,  0.57939542,
          0.9104239 ,  0.90450143],
        ...,
        [-0.41694339, -0.52598871, -0.57939542, ...,  0.        ,
          0.50235558,  0.98430591],
        [-0.81712203, -0.88205117, -0.9104239 , ..., -0.50235558,
          0.        ,  0.76244008],
        [-0.96824584, -0.9299654 , -0.90450143, ..., -0.98430591,
         -0.76244008,  0.        ]],

       [[ 0.        , -0.4299668 , -0.62720065, ...,  0.14256961,
          0.87264047,  0.72103235],
        [ 0.4299668 ,  0.        , -0.23138182, ...,  0.55429281,
          0.99783878,  0.35305564],
        [ 0.62720065,  0.23138182,  0.        , ...,  0.7318351 ,
          0.98596448,  0.1269934 ],
        ...,
        [-0.14256961, -0.55429281, -0.7318351 , ...,  0.        ,
          0.79410051,  0.81245353],
        [-0.87264047, -0.99783878, -0.98596448, ..., -0.79410051,
          0.        ,  0.95677946],
        [-0.72103235, -0.35305564, -0.1269934 , ..., -0.81245353,
         -0.95677946,  0.        ]],

       [[ 0.        , -0.05817604, -0.13087868, ...,  0.06182555,
          0.25466703,  0.54604814],
        [ 0.05817604,  0.        , -0.07298138, ...,  0.11978559,
          0.31049362,  0.59386052],
        [ 0.13087868,  0.07298138,  0.        , ...,  0.19192205,
          0.37903994,  0.65099536],
        ...,
        [-0.06182555, -0.11978559, -0.19192205, ...,  0.        ,
          0.19439276,  0.49320895],
        [-0.25466703, -0.31049362, -0.37903994, ..., -0.19439276,
          0.        ,  0.31469601],
        [-0.54604814, -0.59386052, -0.65099536, ..., -0.49320895,
         -0.31469601,  0.        ]],

       ...,

       [[ 0.        , -0.17839961, -0.29213717, ..., -0.60952164,
         -0.08618642,  0.22987201],
        [ 0.17839961,  0.        , -0.11683356, ..., -0.45831401,
          0.09293196,  0.39980665],
        [ 0.29213717,  0.11683356,  0.        , ..., -0.35133471,
          0.20862347,  0.50415816],
        ...,
        [ 0.60952164,  0.45831401,  0.35133471, ...,  0.        ,
          0.53892767,  0.77543468],
        [ 0.08618642, -0.09293196, -0.20862347, ..., -0.53892767,
          0.        ,  0.31289508],
        [-0.22987201, -0.39980665, -0.50415816, ..., -0.77543468,
         -0.31289508,  0.        ]],

       [[ 0.        ,  0.0041496 , -0.01872994, ...,  0.84494133,
          0.82396415,  0.94958857],
        [-0.0041496 ,  0.        , -0.02287865, ...,  0.84271461,
          0.82160572,  0.9482795 ],
        [ 0.01872994,  0.02287865,  0.        , ...,  0.85481099,
          0.83443278,  0.95529381],
        ...,
        [-0.84494133, -0.84271461, -0.85481099, ...,  0.        ,
         -0.03807455,  0.24300782],
        [-0.82396415, -0.82160572, -0.83443278, ...,  0.03807455,
          0.        ,  0.27976486],
        [-0.94958857, -0.9482795 , -0.95529381, ..., -0.24300782,
         -0.27976486,  0.        ]],

       [[ 0.        ,  0.05273668,  0.15128407, ...,  0.73989077,
          0.7496623 ,  0.68743416],
        [-0.05273668,  0.        ,  0.09894386, ...,  0.70338379,
          0.71371689,  0.64817773],
        [-0.15128407, -0.09894386,  0.        , ...,  0.62960199,
          0.64091102,  0.56965246],
        ...,
        [-0.73989077, -0.70338379, -0.62960199, ...,  0.        ,
          0.01464317, -0.07488769],
        [-0.7496623 , -0.71371689, -0.64091102, ..., -0.01464317,
          0.        , -0.08948172],
        [-0.68743416, -0.64817773, -0.56965246, ...,  0.07488769,
          0.08948172,  0.        ]]]), 'num': array([7.26949077e-01, 6.85914282e-01, 1.33881876e-06, 5.86211358e-04,
       5.99599546e-04, 5.68041675e-04, 3.26231307e-02, 1.91259823e-05,
       5.40309001e-04, 5.16401523e-04, 4.95267312e-04, 1.42013282e-06,
       5.72652724e-04, 4.60150321e-04])}
{'img': array([[[ 0.        , -0.05823557, -0.11829224, ...,  0.79339447,
          0.96455544,  0.89367343],
        [ 0.05823557,  0.        , -0.06026479, ...,  0.82749643,
          0.97828568,  0.8660254 ],
        [ 0.11829224,  0.06026479,  0.        , ...,  0.85982932,
          0.98899811,  0.83431894],
        ...,
        [-0.79339447, -0.82749643, -0.85982932, ...,  0.        ,
          0.37777127,  0.89999635],
        [-0.96455544, -0.97828568, -0.98899811, ..., -0.37777127,
          0.        ,  0.66863614],
        [-0.89367343, -0.8660254 , -0.83431894, ..., -0.89999635,
         -0.66863614,  0.        ]],

       [[ 0.        , -0.23138182, -0.17629794, ...,  0.99783878,
          0.35305564,  0.99314383],
        [ 0.23138182,  0.        ,  0.05624391, ...,  0.98596448,
          0.1269934 ,  0.99324116],
        [ 0.17629794, -0.05624391,  0.        , ...,  0.99379397,
          0.18258091,  0.99819709],
        ...,
        [-0.99783878, -0.98596448, -0.99379397, ...,  0.        ,
          0.95677946, -0.05138699],
        [-0.35305564, -0.1269934 , -0.18258091, ..., -0.95677946,
          0.        , -0.97045946],
        [-0.99314383, -0.99324116, -0.99819709, ...,  0.05138699,
          0.97045946,  0.        ]],

       [[ 0.        , -0.07298138, -0.18669146, ...,  0.31049362,
          0.59386052,  0.91435633],
        [ 0.07298138,  0.        , -0.11449535, ...,  0.37903994,
          0.65099536,  0.94146894],
        [ 0.18669146,  0.11449535,  0.        , ...,  0.48249903,
          0.7336256 ,  0.97387399],
        ...,
        [-0.31049362, -0.37903994, -0.48249903, ...,  0.        ,
          0.31469601,  0.74344257],
        [-0.59386052, -0.65099536, -0.7336256 , ..., -0.31469601,
          0.        ,  0.4952015 ],
        [-0.91435633, -0.94146894, -0.97387399, ..., -0.74344257,
         -0.4952015 ,  0.        ]],

       ...,

       [[ 0.        , -0.11683356, -0.23221268, ...,  0.09293196,
          0.39980665,  0.54369809],
        [ 0.11683356,  0.        , -0.11698245, ...,  0.20862347,
          0.50415816,  0.63803075],
        [ 0.23221268,  0.11698245,  0.        , ...,  0.32159944,
          0.60172397,  0.72372779],
        ...,
        [-0.09293196, -0.20862347, -0.32159944, ...,  0.        ,
          0.31289508,  0.4633492 ],
        [-0.39980665, -0.50415816, -0.60172397, ..., -0.31289508,
          0.        ,  0.16280333],
        [-0.54369809, -0.63803075, -0.72372779, ..., -0.4633492 ,
         -0.16280333,  0.        ]],

       [[ 0.        , -0.02212802, -0.0438337 , ...,  0.786109  ,
          0.90809426,  0.98512773],
        [ 0.02212802,  0.        , -0.02171621, ...,  0.79959358,
          0.91713837,  0.9810844 ],
        [ 0.0438337 ,  0.02171621,  0.        , ...,  0.8124465 ,
          0.92557749,  0.9766492 ],
        ...,
        [-0.786109  , -0.79959358, -0.8124465 , ...,  0.        ,
          0.23208648,  0.74396761],
        [-0.90809426, -0.91713837, -0.92557749, ..., -0.23208648,
          0.        ,  0.56856987],
        [-0.98512773, -0.9810844 , -0.9766492 , ..., -0.74396761,
         -0.56856987,  0.        ]],

       [[ 0.        ,  0.09894386,  0.17475114, ...,  0.71371689,
          0.64817773,  0.55027287],
        [-0.09894386,  0.        ,  0.07647226, ...,  0.64091102,
          0.56965246,  0.46495607],
        [-0.17475114, -0.07647226,  0.        , ...,  0.58033298,
          0.5051329 ,  0.39589107],
        ...,
        [-0.71371689, -0.64091102, -0.58033298, ...,  0.        ,
         -0.08948172, -0.21051283],
        [-0.64817773, -0.56965246, -0.5051329 , ...,  0.08948172,
          0.        , -0.12219182],
        [-0.55027287, -0.46495607, -0.39589107, ...,  0.21051283,
          0.12219182,  0.        ]]]), 'num': array([ 7.23182510e-01,  6.90458758e-01,  1.08536489e-06,  5.74100902e-04,
        6.01711061e-04,  5.73148827e-04,  1.64737825e-02, -9.52074464e-06,
        5.55059412e-04,  5.14929474e-04,  4.94713759e-04,  1.32746382e-06,
        5.73832883e-04,  4.56026065e-04])}
{'img': array([[[ 0.        , -0.06026479, -0.30964954, ...,  0.97828568,
          0.8660254 ,  0.99993206],
        [ 0.06026479,  0.        , -0.2517839 , ...,  0.98899811,
          0.83431894,  0.99741213],
        [ 0.30964954,  0.2517839 ,  0.        , ...,  0.99438196,
          0.66863614,  0.94717669],
        ...,
        [-0.97828568, -0.98899811, -0.99438196, ...,  0.        ,
          0.66863614,  0.21865043],
        [-0.8660254 , -0.83431894, -0.66863614, ..., -0.66863614,
          0.        , -0.48987111],
        [-0.99993206, -0.99741213, -0.94717669, ..., -0.21865043,
          0.48987111,  0.        ]],

       [[ 0.        ,  0.05624391,  0.56304198, ...,  0.1269934 ,
          0.99324116,  0.79563957],
        [-0.05624391,  0.        ,  0.51566917, ...,  0.18258091,
          0.99819709,  0.76030923],
        [-0.56304198, -0.51566917,  0.        , ...,  0.66343429,
          0.88619427,  0.31646492],
        ...,
        [-0.1269934 , -0.18258091, -0.66343429, ...,  0.        ,
         -0.97045946, -0.86612655],
        [-0.99324116, -0.99819709, -0.88619427, ...,  0.97045946,
          0.        , -0.69402504],
        [-0.79563957, -0.76030923, -0.31646492, ...,  0.86612655,
          0.69402504,  0.        ]],

       [[ 0.        , -0.10524048, -0.2484559 , ...,  0.58323387,
          0.83988398,  0.97702718],
        [ 0.10524048,  0.        , -0.1451357 , ...,  0.66548235,
          0.89234089,  0.94917325],
        [ 0.2484559 ,  0.1451357 ,  0.        , ...,  0.76676732,
          0.94840132,  0.89344112],
        ...,
        [-0.58323387, -0.66548235, -0.76676732, ...,  0.        ,
          0.36568186,  0.91793911],
        [-0.83988398, -0.89234089, -0.94840132, ..., -0.36568186,
          0.        ,  0.70928878],
        [-0.97702718, -0.94917325, -0.89344112, ..., -0.91793911,
         -0.70928878,  0.        ]],

       ...,

       [[ 0.        , -0.11698245, -0.56006939, ...,  0.50415816,
          0.63803075,  0.48581978],
        [ 0.11698245,  0.        , -0.45931034, ...,  0.60172397,
          0.72372779,  0.5847337 ],
        [ 0.56006939,  0.45931034,  0.        , ...,  0.90134994,
          0.95983336,  0.892009  ],
        ...,
        [-0.50415816, -0.60172397, -0.90134994, ...,  0.        ,
          0.16280333, -0.0211045 ],
        [-0.63803075, -0.72372779, -0.95983336, ..., -0.16280333,
          0.        , -0.18359   ],
        [-0.48581978, -0.5847337 , -0.892009  , ...,  0.0211045 ,
          0.18359   ,  0.        ]],

       [[ 0.        , -0.02104769, -0.03224123, ...,  0.88218393,
          0.98664466,  0.97464736],
        [ 0.02104769,  0.        , -0.01119734, ...,  0.89189996,
          0.9898545 ,  0.9697221 ],
        [ 0.03224123,  0.01119734,  0.        , ...,  0.89690785,
          0.99138341,  0.96692679],
        ...,
        [-0.88218393, -0.89189996, -0.89690785, ...,  0.        ,
          0.32091923,  0.65635194],
        [-0.98664466, -0.9898545 , -0.99138341, ..., -0.32091923,
          0.        ,  0.37951616],
        [-0.97464736, -0.9697221 , -0.96692679, ..., -0.65635194,
         -0.37951616,  0.        ]],

       [[ 0.        ,  0.07647226,  0.10324099, ...,  0.56965246,
          0.46495607,  0.42082044],
        [-0.07647226,  0.        ,  0.02687504, ...,  0.5051329 ,
          0.39589107,  0.3502168 ],
        [-0.10324099, -0.02687504,  0.        , ...,  0.48175616,
          0.37106879,  0.32491729],
        ...,
        [-0.56965246, -0.5051329 , -0.48175616, ...,  0.        ,
         -0.12219182, -0.1708905 ],
        [-0.46495607, -0.39589107, -0.37106879, ...,  0.12219182,
          0.        , -0.04921555],
        [-0.42082044, -0.3502168 , -0.32491729, ...,  0.1708905 ,
          0.04921555,  0.        ]]]), 'num': array([9.17888740e-01, 3.96426945e-01, 1.70412351e-05, 7.33420246e-04,
       7.54991429e-04, 7.14245860e-04, 1.79479918e-02, 1.07855918e-05,
       7.16642658e-04, 6.51150148e-04, 6.25025048e-04, 1.84694449e-06,
       7.33532655e-04, 5.68767641e-04])}
{'img': array([[[ 0.        , -0.2517839 , -0.2517839 , ...,  0.83431894,
          0.99741213,  0.91161493],
        [ 0.2517839 ,  0.        ,  0.        , ...,  0.66863614,
          0.94717669,  0.77875129],
        [ 0.2517839 ,  0.        ,  0.        , ...,  0.66863614,
          0.94717669,  0.77875129],
        ...,
        [-0.83431894, -0.66863614, -0.66863614, ...,  0.        ,
         -0.48987111, -0.1596141 ],
        [-0.99741213, -0.94717669, -0.94717669, ...,  0.48987111,
          0.        ,  0.34443996],
        [-0.91161493, -0.77875129, -0.77875129, ...,  0.1596141 ,
         -0.34443996,  0.        ]],

       [[ 0.        ,  0.51566917,  0.36542872, ...,  0.99819709,
          0.76030923,  0.67480783],
        [-0.51566917,  0.        , -0.16691028, ...,  0.88619427,
          0.31646492,  0.19760662],
        [-0.36542872,  0.16691028,  0.        , ...,  0.95109466,
          0.47035737,  0.35845365],
        ...,
        [-0.99819709, -0.88619427, -0.95109466, ...,  0.        ,
         -0.69402504, -0.77716588],
        [-0.76030923, -0.31646492, -0.47035737, ...,  0.69402504,
          0.        , -0.12277421],
        [-0.67480783, -0.19760662, -0.35845365, ...,  0.77716588,
          0.12277421,  0.        ]],

       [[ 0.        , -0.13379467, -0.24071973, ...,  0.8106112 ,
          0.96266865,  0.92090757],
        [ 0.13379467,  0.        , -0.10869504, ...,  0.88167117,
          0.99022925,  0.86047714],
        [ 0.24071973,  0.10869504,  0.        , ...,  0.92773671,
          0.9995197 ,  0.8       ],
        ...,
        [-0.8106112 , -0.88167117, -0.92773671, ...,  0.        ,
          0.3443057 ,  0.85523028],
        [-0.96266865, -0.99022925, -0.9995197 , ..., -0.3443057 ,
          0.        ,  0.62450364],
        [-0.92090757, -0.86047714, -0.8       , ..., -0.85523028,
         -0.62450364,  0.        ]],

       ...,

       [[ 0.        , -0.45931034, -0.58950196, ...,  0.72372779,
          0.5847337 ,  0.81025212],
        [ 0.45931034,  0.        , -0.15262466, ...,  0.95983336,
          0.892009  ,  0.98892069],
        [ 0.58950196,  0.15262466,  0.        , ...,  0.99141018,
          0.95054747,  0.99999106],
        ...,
        [-0.72372779, -0.95983336, -0.99141018, ...,  0.        ,
         -0.18359   ,  0.13497984],
        [-0.5847337 , -0.892009  , -0.95054747, ...,  0.18359   ,
          0.        ,  0.31459543],
        [-0.81025212, -0.98892069, -0.99999106, ..., -0.13497984,
         -0.31459543,  0.        ]],

       [[ 0.        , -0.01046875, -0.07496598, ...,  0.92634102,
          0.96342898,  0.95183335],
        [ 0.01046875,  0.        , -0.06452258, ...,  0.93023369,
          0.96618143,  0.9485713 ],
        [ 0.07496598,  0.06452258,  0.        , ...,  0.95197301,
          0.98080615,  0.92616922],
        ...,
        [-0.92634102, -0.93023369, -0.95197301, ...,  0.        ,
          0.11468431,  0.6425731 ],
        [-0.96342898, -0.96618143, -0.98080615, ..., -0.11468431,
          0.        ,  0.55045948],
        [-0.95183335, -0.9485713 , -0.92616922, ..., -0.6425731 ,
         -0.55045948,  0.        ]],

       [[ 0.        ,  0.02687504,  0.15415773, ...,  0.39589107,
          0.3502168 ,  0.25728387],
        [-0.02687504,  0.        ,  0.12754826, ...,  0.37106879,
          0.32491729,  0.23122062],
        [-0.15415773, -0.12754826,  0.        , ...,  0.24959603,
          0.20163569,  0.10524022],
        ...,
        [-0.39589107, -0.37106879, -0.24959603, ...,  0.        ,
         -0.04921555, -0.14630061],
        [-0.3502168 , -0.32491729, -0.20163569, ...,  0.04921555,
          0.        , -0.09743732],
        [-0.25728387, -0.23122062, -0.10524022, ...,  0.14630061,
          0.09743732,  0.        ]]]), 'num': array([9.38706393e-01, 3.43650146e-01, 1.81419587e-05, 7.69801096e-04,
       7.72148050e-04, 7.12300709e-04, 2.70374563e-02, 5.16330003e-05,
