state_0,state_1,state_2,state_3,state_4,state_5,state_6,state_7,state_8,state_9,state_10,state_11,state_12,state_13,state_14,state_15,state_16,state_17,state_18,state_19,state_20,state_21,state_22,state_23,state_24,state_25,state_26,state_27,state_28,state_29,state_30,state_31,state_32,state_33,state_34,state_35,state_36,state_37,state_38,state_39,state_40,state_41,state_42,state_43,state_44,state_45,state_46,state_47,state_48,state_49,state_50,state_51,state_52,state_53,state_54,state_55,state_56,state_57,state_58,state_59,state_60,state_61,state_62,state_63,state_64,state_65,state_66,state_67,state_68,state_69,state_70,state_71,state_72,state_73,state_74,state_75,state_76,state_77,state_78,state_79,state_80,state_81,state_82,state_83,state_84,state_85,state_86,state_87,state_88,state_89,state_90,state_91,state_92,state_93,state_94,state_95,state_96,state_97,state_98,state_99,state_100,state_101,state_102,state_103,state_104,state_105,state_106,state_107,state_108,state_109,state_110,state_111,state_112,state_113,state_114,state_115,state_116,state_117,state_118,state_119,state_120,state_121,state_122,state_123,state_124,state_125,state_126,state_127,state_128,state_129,state_130,state_131,state_132,state_133,state_134,state_135,state_136,state_137,state_138,state_139,state_140,state_141,state_142,state_143,state_144,state_145,state_146,state_147,state_148,state_149,state_150,state_151,state_152,state_153,state_154,state_155,state_156,state_157,state_158,state_159,state_160,state_161,state_162,state_163,state_164,state_165,state_166,state_167,state_168,state_169,state_170,state_171,state_172,state_173,state_174,state_175,state_176,state_177,state_178,state_179,state_180,state_181,state_182,state_183,state_184,state_185,state_186,state_187,state_188,state_189,state_190,state_191,state_192,state_193,state_194,state_195,state_196,state_197,state_198,state_199,state_200,state_201,state_202,state_203,state_204,state_205,state_206,state_207,state_208,state_209,state_210,state_211,state_212,state_213,state_214,state_215,state_216,state_217,state_218,state_219,state_220,state_221,state_222,state_223,state_224,state_225,state_226,state_227,state_228,state_229,state_230,state_231,state_232,state_233,state_234,state_235,state_236,state_237,state_238,state_239,state_240,state_241,state_242,state_243,state_244,state_245,state_246,state_247,state_248,state_249,state_250,state_251,state_252,state_253,state_254,state_255,state_256,state_257,state_258,state_259,state_260,state_261,state_262,state_263,state_264,state_265,state_266,state_267,state_268,state_269,state_270,state_271,state_272,state_273,state_274,state_275,state_276,state_277,state_278,state_279,state_280,state_281,state_282,state_283,state_284,state_285,state_286,state_287
{'img': array([[[ 0.00000000e+00,  3.01130370e-01,  4.76577992e-01, ...,
         -8.67530130e-01, -8.61692656e-01, -9.06498003e-01],
        [-3.01130370e-01,  0.00000000e+00,  1.89723258e-01, ...,
         -9.77039586e-01, -9.74498201e-01, -9.91561352e-01],
        [-4.76577992e-01, -1.89723258e-01,  0.00000000e+00, ...,
         -9.99716238e-01, -9.99371991e-01, -9.98147623e-01],
        ...,
        [ 8.67530130e-01,  9.77039586e-01,  9.99716238e-01, ...,
          0.00000000e+00,  1.16186095e-02, -8.45981919e-02],
        [ 8.61692656e-01,  9.74498201e-01,  9.99371991e-01, ...,
         -1.16186095e-02,  0.00000000e+00, -9.61694402e-02],
        [ 9.06498003e-01,  9.91561352e-01,  9.98147623e-01, ...,
          8.45981919e-02,  9.61694402e-02,  0.00000000e+00]],

       [[ 0.00000000e+00,  4.84090292e-01,  8.64926672e-01, ...,
         -1.00852847e-01, -2.62679116e-01,  8.25330719e-02],
        [-4.84090292e-01,  0.00000000e+00,  5.13862380e-01, ...,
         -5.69870148e-01, -6.96939582e-01, -4.10220806e-01],
        [-8.64926672e-01, -5.13862380e-01,  0.00000000e+00, ...,
         -9.11134584e-01, -9.66391445e-01, -8.20552620e-01],
        ...,
        [ 1.00852847e-01,  5.69870148e-01,  9.11134584e-01, ...,
          0.00000000e+00, -1.64028586e-01,  1.82621035e-01],
        [ 2.62679116e-01,  6.96939582e-01,  9.66391445e-01, ...,
          1.64028586e-01,  0.00000000e+00,  3.41417719e-01],
        [-8.25330719e-02,  4.10220806e-01,  8.20552620e-01, ...,
         -1.82621035e-01, -3.41417719e-01,  0.00000000e+00]],

       [[ 0.00000000e+00,  3.14277474e-02,  1.18283016e-01, ...,
         -8.63096410e-01, -9.95751308e-01, -9.98725488e-01],
        [-3.14277474e-02,  0.00000000e+00,  8.70174655e-02, ...,
         -8.46797819e-01, -9.92365463e-01, -9.99818358e-01],
        [-1.18283016e-01, -8.70174655e-02,  0.00000000e+00, ...,
         -7.97299848e-01, -9.77869168e-01, -9.97684312e-01],
        ...,
        [ 8.63096410e-01,  8.46797819e-01,  7.97299848e-01, ...,
          0.00000000e+00,  4.23416679e-01,  5.47957522e-01],
        [ 9.95751308e-01,  9.92365463e-01,  9.77869168e-01, ...,
         -4.23416679e-01,  0.00000000e+00,  1.42223265e-01],
        [ 9.98725488e-01,  9.99818358e-01,  9.97684312e-01, ...,
         -5.47957522e-01, -1.42223265e-01,  0.00000000e+00]],

       ...,

       [[ 0.00000000e+00,  4.54606999e-01,  1.66092199e-01, ...,
         -6.79479210e-01, -6.05071363e-01, -6.95918784e-01],
        [-4.54606999e-01,  0.00000000e+00, -3.00355596e-01, ...,
         -9.38749561e-01, -9.00877322e-01, -9.46311990e-01],
        [-1.66092199e-01,  3.00355596e-01,  0.00000000e+00, ...,
         -7.91902375e-01, -7.28904892e-01, -8.05526843e-01],
        ...,
        [ 6.79479210e-01,  9.38749561e-01,  7.91902375e-01, ...,
          0.00000000e+00,  9.70441164e-02, -2.26440202e-02],
        [ 6.05071363e-01,  9.00877322e-01,  7.28904892e-01, ...,
         -9.70441164e-02,  0.00000000e+00, -1.19556376e-01],
        [ 6.95918784e-01,  9.46311990e-01,  8.05526843e-01, ...,
          2.26440202e-02,  1.19556376e-01,  0.00000000e+00]],

       [[ 0.00000000e+00, -5.23742087e-01, -6.34416820e-01, ...,
         -9.92741817e-01, -9.92318766e-01, -9.92733719e-01],
        [ 5.23742087e-01,  0.00000000e+00, -1.35597033e-01, ...,
         -9.08681681e-01, -9.10124075e-01, -9.08709783e-01],
        [ 6.34416820e-01,  1.35597033e-01,  0.00000000e+00, ...,
         -8.43678804e-01, -8.45535527e-01, -8.43714942e-01],
        ...,
        [ 9.92741817e-01,  9.08681681e-01,  8.43678804e-01, ...,
          0.00000000e+00, -3.46801109e-03, -6.73178333e-05],
        [ 9.92318766e-01,  9.10124075e-01,  8.45535527e-01, ...,
          3.46801109e-03,  0.00000000e+00,  3.40069365e-03],
        [ 9.92733719e-01,  9.08709783e-01,  8.43714942e-01, ...,
          6.73178333e-05, -3.40069365e-03,  0.00000000e+00]],

       [[ 0.00000000e+00,  3.48749979e-01,  6.50237272e-01, ...,
         -8.47893511e-01, -7.94955888e-01, -6.50237272e-01],
        [-3.48749979e-01,  0.00000000e+00,  3.44456406e-01, ...,
         -6.09763613e-01, -5.33470031e-01, -3.44456406e-01],
        [-6.50237272e-01, -3.44456406e-01,  0.00000000e+00, ...,
         -2.99437086e-01, -2.09475138e-01, -0.00000000e+00],
        ...,
        [ 8.47893511e-01,  6.09763613e-01,  2.99437086e-01, ...,
          0.00000000e+00, -9.29301753e-02, -2.99437086e-01],
        [ 7.94955888e-01,  5.33470031e-01,  2.09475138e-01, ...,
          9.29301753e-02,  0.00000000e+00, -2.09475138e-01],
        [ 6.50237272e-01,  3.44456406e-01,  0.00000000e+00, ...,
          2.99437086e-01,  2.09475138e-01,  0.00000000e+00]]]), 'num': array([ 9.97470591e-01,  2.16760809e-02,  8.79094153e-06,  2.03290523e-02,
        2.05488258e-02,  2.03107378e-02,  3.37323078e-02, -7.32578461e-05,
        2.04426019e-02,  2.09728056e-02,  2.13284114e-02,  4.43402753e-06,
        2.24334353e-02,  1.95121759e-02])}
{'img': array([[[ 0.        ,  0.18972326,  0.77879967, ..., -0.9744982 ,
         -0.99156135, -0.99692751],
        [-0.18972326,  0.        ,  0.64564658, ..., -0.99937199,
         -0.99814762, -0.99368189],
        [-0.77879967, -0.64564658,  0.        , ..., -0.78603514,
         -0.72294165, -0.68634859],
        ...,
        [ 0.9744982 ,  0.99937199,  0.78603514, ...,  0.        ,
         -0.09616944, -0.1473737 ],
        [ 0.99156135,  0.99814762,  0.72294165, ...,  0.09616944,
          0.        , -0.05157127],
        [ 0.99692751,  0.99368189,  0.68634859, ...,  0.1473737 ,
          0.05157127,  0.        ]],

       [[ 0.        ,  0.51386238,  0.05150394, ..., -0.69693958,
         -0.41022081, -0.44176959],
        [-0.51386238,  0.        , -0.46899656, ..., -0.96639144,
         -0.82055262, -0.83998265],
        [-0.05150394,  0.46899656,  0.        , ..., -0.73294961,
         -0.45664724, -0.48738892],
        ...,
        [ 0.69693958,  0.96639144,  0.73294961, ...,  0.        ,
          0.34141772,  0.30843824],
        [ 0.41022081,  0.82055262,  0.45664724, ..., -0.34141772,
          0.        , -0.03486698],
        [ 0.44176959,  0.83998265,  0.48738892, ..., -0.30843824,
          0.03486698,  0.        ]],

       [[ 0.        ,  0.08701747,  0.28530112, ..., -0.99236546,
         -0.99981836, -0.99994131],
        [-0.08701747,  0.        ,  0.20081807, ..., -0.97786917,
         -0.99768431, -0.99709105],
        [-0.28530112, -0.20081807,  0.        , ..., -0.91593394,
         -0.96370144, -0.96147259],
        ...,
        [ 0.99236546,  0.97786917,  0.91593394, ...,  0.        ,
          0.14222327,  0.13407591],
        [ 0.99981836,  0.99768431,  0.96370144, ..., -0.14222327,
          0.        , -0.00822616],
        [ 0.99994131,  0.99709105,  0.96147259, ..., -0.13407591,
          0.00822616,  0.        ]],

       ...,

       [[ 0.        , -0.3003556 ,  0.32775197, ..., -0.90087732,
         -0.94631199, -0.99385481],
        [ 0.3003556 ,  0.        ,  0.59638387, ..., -0.72890489,
         -0.80552684, -0.91471902],
        [-0.32775197, -0.59638387,  0.        , ..., -0.99338482,
         -0.99998869, -0.97523742],
        ...,
        [ 0.90087732,  0.72890489,  0.99338482, ...,  0.        ,
         -0.11955638, -0.33168682],
        [ 0.94631199,  0.80552684,  0.99998869, ...,  0.11955638,
          0.        , -0.21651953],
        [ 0.99385481,  0.91471902,  0.97523742, ...,  0.33168682,
          0.21651953,  0.        ]],

       [[ 0.        , -0.13559703, -0.05008332, ..., -0.91012407,
         -0.90870978, -0.90665383],
        [ 0.13559703,  0.        ,  0.08580611, ..., -0.84553553,
         -0.84371494, -0.84107499],
        [ 0.05008332, -0.08580611,  0.        , ..., -0.88823059,
         -0.88666319, -0.88438709],
        ...,
        [ 0.91012407,  0.84553553,  0.88823059, ...,  0.        ,
          0.00340069,  0.00829979],
        [ 0.90870978,  0.84371494,  0.88666319, ..., -0.00340069,
          0.        ,  0.00489917],
        [ 0.90665383,  0.84107499,  0.88438709, ..., -0.00829979,
         -0.00489917,  0.        ]],

       [[ 0.        ,  0.34286565,  0.06565234, ..., -0.5950347 ,
         -0.51870815, -0.34286565],
        [-0.34286565,  0.        , -0.28045315, ..., -0.28340522,
         -0.19413291, -0.        ],
        [-0.06565234,  0.28045315,  0.        , ..., -0.54098616,
         -0.46145951, -0.28045315],
        ...,
        [ 0.5950347 ,  0.28340522,  0.54098616, ...,  0.        ,
         -0.09183999, -0.28340522],
        [ 0.51870815,  0.19413291,  0.46145951, ...,  0.09183999,
          0.        , -0.19413291],
        [ 0.34286565,  0.        ,  0.28045315, ...,  0.28340522,
          0.19413291,  0.        ]]]), 'num': array([ 7.39449546e-01,  6.73194429e-01,  5.99051690e-07,  1.44032863e-03,
        1.45725835e-03,  1.44032863e-03,  2.50520812e-03, -5.20914513e-06,
        1.45152829e-03,  1.49020619e-03,  1.51327836e-03,  3.54468455e-07,
        1.59573189e-03,  1.38468050e-03])}
{'img': array([[[ 0.        ,  0.64564658,  0.48895123, ..., -0.99814762,
         -0.99368189, -0.98607841],
        [-0.64564658,  0.        , -0.18982375, ..., -0.72294165,
         -0.68634859, -0.64564658],
        [-0.48895123,  0.18982375,  0.        , ..., -0.84094821,
         -0.81192316, -0.77886387],
        ...,
        [ 0.99814762,  0.72294165,  0.84094821, ...,  0.        ,
         -0.05157127, -0.10598144],
        [ 0.99368189,  0.68634859,  0.81192316, ...,  0.05157127,
          0.        , -0.05455959],
        [ 0.98607841,  0.64564658,  0.77886387, ...,  0.10598144,
          0.05455959,  0.        ]],

       [[ 0.        , -0.46899656, -0.68307991, ..., -0.82055262,
         -0.83998265, -0.82989441],
        [ 0.46899656,  0.        , -0.26076752, ..., -0.45664724,
         -0.48738892, -0.47129995],
        [ 0.68307991,  0.26076752,  0.        , ..., -0.20885672,
         -0.24282777, -0.22500382],
        ...,
        [ 0.82055262,  0.45664724,  0.20885672, ...,  0.        ,
         -0.03486698, -0.01654045],
        [ 0.83998265,  0.48738892,  0.24282777, ...,  0.03486698,
          0.        ,  0.01833182],
        [ 0.82989441,  0.47129995,  0.22500382, ...,  0.01654045,
         -0.01833182,  0.        ]],

       [[ 0.        ,  0.20081807,  0.46673459, ..., -0.99768431,
         -0.99709105, -0.99392151],
        [-0.20081807,  0.        ,  0.27962354, ..., -0.96370144,
         -0.96147259, -0.95156563],
        [-0.46673459, -0.27962354,  0.        , ..., -0.85060459,
         -0.84625044, -0.82763836],
        ...,
        [ 0.99768431,  0.96370144,  0.85060459, ...,  0.        ,
         -0.00822616, -0.04223469],
        [ 0.99709105,  0.96147259,  0.84625044, ...,  0.00822616,
          0.        , -0.03401444],
        [ 0.99392151,  0.95156563,  0.82763836, ...,  0.04223469,
          0.03401444,  0.        ]],

       ...,

       [[ 0.        ,  0.59638387,  0.73965509, ..., -0.80552684,
         -0.91471902, -0.84172732],
        [-0.59638387,  0.        ,  0.19236259, ..., -0.99998869,
         -0.97523742, -0.99764336],
        [-0.73965509, -0.19236259,  0.        , ..., -0.98039789,
         -0.9144808 , -0.96581274],
        ...,
        [ 0.80552684,  0.99998869,  0.98039789, ...,  0.        ,
         -0.21651953, -0.06386707],
        [ 0.91471902,  0.97523742,  0.9144808 , ...,  0.21651953,
          0.        ,  0.15372545],
        [ 0.84172732,  0.99764336,  0.96581274, ...,  0.06386707,
         -0.15372545,  0.        ]],

       [[ 0.        ,  0.08580611,  0.10528565, ..., -0.84371494,
         -0.84107499, -0.83700883],
        [-0.08580611,  0.        ,  0.01956815, ..., -0.88666319,
         -0.88438709, -0.88087401],
        [-0.10528565, -0.01956815,  0.        , ..., -0.89554203,
         -0.89335127, -0.88996794],
        ...,
        [ 0.84371494,  0.88666319,  0.89554203, ...,  0.        ,
          0.00489917,  0.01237265],
        [ 0.84107499,  0.88438709,  0.89335127, ..., -0.00489917,
          0.        ,  0.00747371],
        [ 0.83700883,  0.88087401,  0.88996794, ..., -0.01237265,
         -0.00747371,  0.        ]],

       [[ 0.        , -0.27845926, -0.30771268, ..., -0.30507082,
         -0.23875707, -0.        ],
        [ 0.27845926,  0.        , -0.03059381, ..., -0.55818969,
         -0.4997198 , -0.27845926],
        [ 0.30771268,  0.03059381,  0.        , ..., -0.58331249,
         -0.52598584, -0.30771268],
        ...,
        [ 0.30507082,  0.55818969,  0.58331249, ...,  0.        ,
         -0.06887252, -0.30507082],
        [ 0.23875707,  0.4997198 ,  0.52598584, ...,  0.06887252,
          0.        , -0.23875707],
        [ 0.        ,  0.27845926,  0.30771268, ...,  0.30507082,
          0.23875707,  0.        ]]]), 'num': array([7.38728692e-01, 6.73976884e-01, 5.85459392e-07, 1.43892908e-03,
       1.46234746e-03, 1.43892908e-03, 4.21828696e-03, 0.00000000e+00,
       1.44621480e-03, 1.48518037e-03, 1.50816508e-03, 3.31168949e-07,
       1.59225518e-03, 1.37810557e-03])}
{'img': array([[[ 0.        , -0.18982375, -0.66655646, ..., -0.68634859,
         -0.64564658, -0.64564658],
        [ 0.18982375,  0.        , -0.51293228, ..., -0.81192316,
         -0.77886387, -0.77886387],
        [ 0.66655646,  0.51293228,  0.        , ..., -0.99641001,
         -0.99030693, -0.99030693],
        ...,
        [ 0.68634859,  0.81192316,  0.99641001, ...,  0.        ,
         -0.05455959, -0.05455959],
        [ 0.64564658,  0.77886387,  0.99030693, ...,  0.05455959,
          0.        ,  0.        ],
        [ 0.64564658,  0.77886387,  0.99030693, ...,  0.05455959,
          0.        ,  0.        ]],

       [[ 0.        , -0.26076752, -0.24082377, ..., -0.48738892,
         -0.47129995, -0.26790779],
        [ 0.26076752,  0.        ,  0.02060118, ..., -0.24282777,
         -0.22500382, -0.00740357],
        [ 0.24082377, -0.02060118,  0.        , ..., -0.26276081,
         -0.24502899, -0.02800261],
        ...,
        [ 0.48738892,  0.24282777,  0.26276081, ...,  0.        ,
          0.01833182,  0.23563914],
        [ 0.47129995,  0.22500382,  0.24502899, ..., -0.01833182,
          0.        ,  0.21778393],
        [ 0.26790779,  0.00740357,  0.02800261, ..., -0.23563914,
         -0.21778393,  0.        ]],

       [[ 0.        ,  0.27962354,  0.65984724, ..., -0.96147259,
         -0.95156563, -0.92783288],
        [-0.27962354,  0.        ,  0.42341668, ..., -0.84625044,
         -0.82763836, -0.78652286],
        [-0.65984724, -0.42341668,  0.        , ..., -0.54105775,
         -0.51213901, -0.45105293],
        ...,
        [ 0.96147259,  0.84625044,  0.54105775, ...,  0.        ,
         -0.03401444, -0.10356358],
        [ 0.95156563,  0.82763836,  0.51213901, ...,  0.03401444,
          0.        , -0.06967211],
        [ 0.92783288,  0.78652286,  0.45105293, ...,  0.10356358,
          0.06967211,  0.        ]],

       ...,

       [[ 0.        ,  0.19236259,  0.05525105, ..., -0.97523742,
         -0.99764336, -0.98774126],
        [-0.19236259,  0.        , -0.13784957, ..., -0.9144808 ,
         -0.96581274, -0.93926633],
        [-0.05525105,  0.13784957,  0.        , ..., -0.96152839,
         -0.99232852, -0.97760779],
        ...,
        [ 0.97523742,  0.9144808 ,  0.96152839, ...,  0.        ,
          0.15372545,  0.06621484],
        [ 0.99764336,  0.96581274,  0.99232852, ..., -0.15372545,
          0.        , -0.0879603 ],
        [ 0.98774126,  0.93926633,  0.97760779, ..., -0.06621484,
          0.0879603 ,  0.        ]],

       [[ 0.        ,  0.01956815,  0.0620426 , ..., -0.88438709,
         -0.88087401, -0.89286727],
        [-0.01956815,  0.        ,  0.04250028, ..., -0.89335127,
         -0.88996794, -0.90150824],
        [-0.0620426 , -0.04250028,  0.        , ..., -0.91164197,
         -0.90854492, -0.91908619],
        ...,
        [ 0.88438709,  0.89335127,  0.91164197, ...,  0.        ,
          0.00747371, -0.01849241],
        [ 0.88087401,  0.88996794,  0.90854492, ..., -0.00747371,
          0.        , -0.02596432],
        [ 0.89286727,  0.90150824,  0.91908619, ...,  0.01849241,
          0.02596432,  0.        ]],

       [[ 0.        , -0.03707499, -0.02387742, ..., -0.58788171,
         -0.52236997, -0.21908858],
        [ 0.03707499,  0.        ,  0.01320342, ..., -0.61746923,
         -0.55362538, -0.25511221],
        [ 0.02387742, -0.01320342,  0.        , ..., -0.60702967,
         -0.54258177, -0.24232343],
        ...,
        [ 0.58788171,  0.61746923,  0.60702967, ...,  0.        ,
         -0.07872831, -0.39636808],
        [ 0.52236997,  0.55362538,  0.54258177, ...,  0.07872831,
          0.        , -0.32285799],
        [ 0.21908858,  0.25511221,  0.24232343, ...,  0.39636808,
          0.32285799,  0.        ]]]), 'num': array([7.53466231e-01, 6.57462102e-01, 8.46597261e-07, 1.50006452e-03,
       1.50667856e-03, 1.47493117e-03, 3.76774143e-03, 3.70386302e-05,
       1.47360836e-03, 1.50528961e-03, 1.52976157e-03, 5.23144494e-07,
       1.60691530e-03, 1.40366393e-03])}
{'img': array([[[ 0.        , -0.64820263, -0.76653559, ..., -0.64820263,
         -0.64820263, -0.86336076],
        [ 0.64820263,  0.        , -0.16741531, ..., -0.98717098,
         -0.98717098, -0.98449622],
        [ 0.76653559,  0.16741531,  0.        , ..., -0.99996915,
         -0.99996915, -0.94123588],
        ...,
        [ 0.64820263,  0.98717098,  0.99996915, ...,  0.        ,
          0.        ,  0.33034677],
        [ 0.64820263,  0.98717098,  0.99996915, ...,  0.        ,
          0.        ,  0.33034677],
        [ 0.86336076,  0.98449622,  0.94123588, ..., -0.33034677,
         -0.33034677,  0.        ]],

       [[ 0.        ,  0.02060118,  0.02228102, ..., -0.22500382,
         -0.00740357, -0.0633522 ],
        [-0.02060118,  0.        ,  0.00168023, ..., -0.24502899,
         -0.02800261, -0.08389855],
        [-0.02228102, -0.00168023,  0.        , ..., -0.24665765,
         -0.02968214, -0.08557274],
        ...,
        [ 0.22500382,  0.24502899,  0.24665765, ...,  0.        ,
          0.21778393,  0.16282413],
        [ 0.00740357,  0.02800261,  0.02968214, ..., -0.21778393,
          0.        , -0.05596177],
        [ 0.0633522 ,  0.08389855,  0.08557274, ..., -0.16282413,
          0.05596177,  0.        ]],

       [[ 0.        ,  0.42341668,  0.42341668, ..., -0.82763836,
         -0.78652286, -0.82011929],
        [-0.42341668,  0.        ,  0.        , ..., -0.51213901,
         -0.45105293, -0.50069893],
        [-0.42341668,  0.        ,  0.        , ..., -0.51213901,
         -0.45105293, -0.50069893],
        ...,
        [ 0.82763836,  0.51213901,  0.51213901, ...,  0.        ,
         -0.06967211, -0.01326694],
        [ 0.78652286,  0.45105293,  0.45105293, ...,  0.06967211,
          0.        ,  0.05643128],
        [ 0.82011929,  0.50069893,  0.50069893, ...,  0.01326694,
         -0.05643128,  0.        ]],

       ...,

       [[ 0.        , -0.13784957, -0.48267992, ..., -0.96581274,
         -0.93926633, -0.96597634],
        [ 0.13784957,  0.        , -0.35734364, ..., -0.99232852,
         -0.97760779, -0.92110224],
        [ 0.48267992,  0.35734364,  0.        , ..., -0.97098603,
         -0.98825697, -0.72116329],
        ...,
        [ 0.96581274,  0.99232852,  0.97098603, ...,  0.        ,
         -0.0879603 ,  0.500209  ],
        [ 0.93926633,  0.97760779,  0.98825697, ...,  0.0879603 ,
          0.        ,  0.57443542],
        [ 0.96597634,  0.92110224,  0.72116329, ..., -0.500209  ,
         -0.57443542,  0.        ]],

       [[ 0.        ,  0.04250028,  0.05692727, ..., -0.88996794,
         -0.90150824, -0.9615552 ],
        [-0.04250028,  0.        ,  0.01444448, ..., -0.90854492,
         -0.91908619, -0.97235746],
        [-0.05692727, -0.01444448,  0.        , ..., -0.91448486,
         -0.92468224, -0.97562877],
        ...,
        [ 0.88996794,  0.90854492,  0.91448486, ...,  0.        ,
         -0.02596432, -0.19409574],
        [ 0.90150824,  0.91908619,  0.92468224, ...,  0.02596432,
          0.        , -0.16855975],
        [ 0.9615552 ,  0.97235746,  0.97562877, ...,  0.19409574,
          0.16855975,  0.        ]],

       [[ 0.        ,  0.01320342,  0.08747126, ..., -0.55362538,
         -0.25511221, -0.46350541],
        [-0.01320342,  0.        ,  0.07431082, ..., -0.54258177,
         -0.24232343, -0.45176553],
        [-0.08747126, -0.07431082,  0.        , ..., -0.47866029,
         -0.16955741, -0.38422105],
        ...,
        [ 0.55362538,  0.54258177,  0.47866029, ...,  0.        ,
         -0.32285799, -0.10457271],
        [ 0.25511221,  0.24232343,  0.16955741, ...,  0.32285799,
          0.        ,  0.22211527],
        [ 0.46350541,  0.45176553,  0.38422105, ...,  0.10457271,
         -0.22211527,  0.        ]]]), 'num': array([8.24245248e-01, 5.66189363e-01, 2.22846188e-06, 1.66487668e-03,
       1.68500472e-03, 1.63612233e-03, 5.26312375e-03, 3.45052161e-05,
       1.61426903e-03, 1.63346256e-03, 1.65929354e-03, 7.07567696e-07,
       1.73853707e-03, 1.52838804e-03])}
{'img': array([[[ 0.        , -0.50248946, -0.80464957, ..., -0.68433615,
         -0.89921841, -0.9822646 ],
        [ 0.50248946,  0.        , -0.39733349, ..., -0.9580642 ,
         -0.99728839, -0.94346638],
        [ 0.80464957,  0.39733349,  0.        , ..., -0.99304824,
         -0.88594512, -0.7340914 ],
        ...,
        [ 0.68433615,  0.9580642 ,  0.99304824, ...,  0.        ,
          0.35628302,  0.58792158],
        [ 0.89921841,  0.99728839,  0.88594512, ..., -0.35628302,
          0.        ,  0.26113731],
        [ 0.9822646 ,  0.94346638,  0.7340914 , ..., -0.58792158,
         -0.26113731,  0.        ]],

       [[ 0.        ,  0.00168023,  0.124034  , ..., -0.02800261,
         -0.08389855,  0.02634621],
        [-0.00168023,  0.        ,  0.12236657, ..., -0.02968214,
         -0.08557274,  0.02466652],
        [-0.124034  , -0.12236657,  0.        , ..., -0.15177173,
         -0.20684738, -0.09784818],
        ...,
        [ 0.02800261,  0.02968214,  0.15177173, ...,  0.        ,
         -0.05596177,  0.05432877],
        [ 0.08389855,  0.08557274,  0.20684738, ...,  0.05596177,
          0.        ,  0.11012275],
        [-0.02634621, -0.02466652,  0.09784818, ..., -0.05432877,
         -0.11012275,  0.        ]],

       [[ 0.        ,  0.        , -0.41859136, ..., -0.45105293,
         -0.50069893, -0.64155473],
        [ 0.        ,  0.        , -0.41859136, ..., -0.45105293,
         -0.50069893, -0.64155473],
        [ 0.41859136,  0.41859136,  0.        , ..., -0.78322648,
         -0.81706378, -0.90373568],
        ...,
        [ 0.45105293,  0.45105293,  0.78322648, ...,  0.        ,
          0.05643128,  0.22659335],
        [ 0.50069893,  0.50069893,  0.81706378, ..., -0.05643128,
          0.        ,  0.1712688 ],
        [ 0.64155473,  0.64155473,  0.90373568, ..., -0.22659335,
         -0.1712688 ,  0.        ]],

       ...,

       [[ 0.        , -0.35734364, -0.88109457, ..., -0.97760779,
         -0.92110224, -0.70753839],
        [ 0.35734364,  0.        , -0.65391637, ..., -0.98825697,
         -0.72116329, -0.40829596],
        [ 0.88109457,  0.65391637,  0.        , ..., -0.64776332,
         -0.09259778,  0.28802413],
        ...,
        [ 0.97760779,  0.98825697,  0.64776332, ...,  0.        ,
          0.57443542,  0.83974192],
        [ 0.92110224,  0.72116329,  0.09259778, ..., -0.57443542,
          0.        ,  0.37546044],
        [ 0.70753839,  0.40829596, -0.28802413, ..., -0.83974192,
         -0.37546044,  0.        ]],

       [[ 0.        ,  0.01444448,  0.0069729 , ..., -0.91908619,
         -0.97235746, -0.99284357],
        [-0.01444448,  0.        , -0.00747195, ..., -0.92468224,
         -0.97562877, -0.99446498],
        [-0.0069729 ,  0.00747195,  0.        , ..., -0.92181156,
         -0.97396198, -0.99365215],
        ...,
        [ 0.91908619,  0.92468224,  0.92181156, ...,  0.        ,
         -0.16855975, -0.28147733],
        [ 0.97235746,  0.97562877,  0.97396198, ...,  0.16855975,
          0.        , -0.11570527],
        [ 0.99284357,  0.99446498,  0.99365215, ...,  0.28147733,
          0.11570527,  0.        ]],

       [[ 0.        ,  0.07431082,  0.24232343, ..., -0.24232343,
         -0.45176553, -0.53543112],
        [-0.07431082,  0.        ,  0.16955741, ..., -0.16955741,
         -0.38422105, -0.47118937],
        [-0.24232343, -0.16955741,  0.        , ..., -0.        ,
         -0.22211527, -0.31481161],
        ...,
        [ 0.24232343,  0.16955741,  0.        , ...,  0.        ,
          0.22211527,  0.31481161],
        [ 0.45176553,  0.38422105,  0.22211527, ..., -0.22211527,
          0.        ,  0.09612612],
        [ 0.53543112,  0.47118937,  0.31481161, ..., -0.31481161,
         -0.09612612,  0.        ]]]), 'num': array([ 8.71465361e-01,  4.90411239e-01,  3.30489265e-06,  1.75600978e-03,
        1.78951561e-03,  1.75600978e-03,  4.53374921e-03, -7.61496003e-06,
        1.72311316e-03,  1.72692064e-03,  1.75468986e-03,  8.78289868e-07,
        1.83035814e-03,  1.62348313e-03])}
{'img': array([[[ 0.        , -0.70470825, -0.80988247, ..., -0.91797077,
         -0.99171059, -0.98285925],
        [ 0.70470825,  0.        , -0.161233  , ..., -0.93081884,
         -0.794165  , -0.82725417],
        [ 0.80988247,  0.161233  ,  0.        , ..., -0.85971277,
         -0.68579279, -0.72584549],
        ...,
        [ 0.91797077,  0.93081884,  0.85971277, ...,  0.        ,
          0.27540852,  0.22061436],
        [ 0.99171059,  0.794165  ,  0.68579279, ..., -0.27540852,
          0.        , -0.05654015],
        [ 0.98285925,  0.82725417,  0.72584549, ..., -0.22061436,
          0.05654015,  0.        ]],

       [[ 0.        ,  0.12236657,  0.03344716, ..., -0.08557274,
          0.02466652, -0.06674733],
        [-0.12236657,  0.        , -0.0891023 , ..., -0.20684738,
         -0.09784818, -0.18833941],
        [-0.03344716,  0.0891023 ,  0.        , ..., -0.11884933,
         -0.00878426, -0.10008255],
        ...,
        [ 0.08557274,  0.20684738,  0.11884933, ...,  0.        ,
          0.11012275,  0.01887941],
        [-0.02466652,  0.09784818,  0.00878426, ..., -0.11012275,
          0.        , -0.09133854],
        [ 0.06674733,  0.18833941,  0.10008255, ..., -0.01887941,
          0.09133854,  0.        ]],

       [[ 0.        , -0.41859136, -0.67970818, ..., -0.50069893,
         -0.64155473, -0.74166301],
        [ 0.41859136,  0.        , -0.31026427, ..., -0.81706378,
         -0.90373568, -0.95433922],
        [ 0.67970818,  0.31026427,  0.        , ..., -0.95562399,
         -0.99195795, -0.99992662],
        ...,
        [ 0.50069893,  0.81706378,  0.95562399, ...,  0.        ,
          0.1712688 ,  0.30614428],
        [ 0.64155473,  0.90373568,  0.99195795, ..., -0.1712688 ,
          0.        ,  0.13857545],
        [ 0.74166301,  0.95433922,  0.99992662, ..., -0.30614428,
         -0.13857545,  0.        ]],

       ...,

       [[ 0.        , -0.65391637, -0.65391637, ..., -0.72116329,
         -0.40829596, -0.04299197],
        [ 0.65391637,  0.        ,  0.        , ..., -0.09259778,
          0.28802413,  0.62078547],
        [ 0.65391637,  0.        ,  0.        , ..., -0.09259778,
          0.28802413,  0.62078547],
        ...,
        [ 0.72116329,  0.09259778,  0.09259778, ...,  0.        ,
          0.37546044,  0.69071318],
        [ 0.40829596, -0.28802413, -0.28802413, ..., -0.37546044,
          0.        ,  0.36867325],
        [ 0.04299197, -0.62078547, -0.62078547, ..., -0.69071318,
         -0.36867325,  0.        ]],

       [[ 0.        , -0.00747195, -0.02794679, ..., -0.97562877,
         -0.99446498, -0.99700945],
        [ 0.00747195,  0.        , -0.02047697, ..., -0.97396198,
         -0.99365215, -0.99755904],
        [ 0.02794679,  0.02047697,  0.        , ..., -0.9691154 ,
         -0.99114023, -0.99877975],
        ...,
        [ 0.97562877,  0.97396198,  0.9691154 , ...,  0.        ,
         -0.11570527, -0.29416786],
        [ 0.99446498,  0.99365215,  0.99114023, ...,  0.11570527,
          0.        , -0.18160636],
        [ 0.99700945,  0.99755904,  0.99877975, ...,  0.29416786,
          0.18160636,  0.        ]],

       [[ 0.        ,  0.16955741, -0.14136109, ..., -0.38422105,
         -0.47118937, -0.56232156],
        [-0.16955741,  0.        , -0.30716896, ..., -0.22211527,
         -0.31481161, -0.41396913],
        [ 0.14136109,  0.30716896,  0.        , ..., -0.51087311,
         -0.59114275, -0.6735689 ],
        ...,
        [ 0.38422105,  0.22211527,  0.51087311, ...,  0.        ,
          0.09612612,  0.20143884],
        [ 0.47118937,  0.31481161,  0.59114275, ..., -0.09612612,
          0.        ,  0.10635037],
        [ 0.56232156,  0.41396913,  0.6735689 , ..., -0.20143884,
         -0.10635037,  0.        ]]]), 'num': array([8.35379197e-01, 5.49634456e-01, 2.44017712e-06, 1.70086155e-03,
       1.70667150e-03, 1.65292950e-03, 4.61942959e-03, 2.61447549e-05,
       1.66222541e-03, 1.64428721e-03, 1.67132766e-03, 9.03769304e-07,
       1.73354353e-03, 1.55503089e-03])}
{'img': array([[[ 0.        , -0.51662936, -0.70175506, ..., -0.99980775,
         -0.99895285, -0.98187252],
        [ 0.51662936,  0.        , -0.2327929 , ..., -0.84591455,
         -0.8789492 , -0.74276503],
        [ 0.70175506,  0.2327929 ,  0.        , ..., -0.69852143,
         -0.74377873, -0.56649156],
        ...,
        [ 0.99980775,  0.84591455,  0.69852143, ...,  0.        ,
         -0.06533015,  0.17025364],
        [ 0.99895285,  0.8789492 ,  0.74377873, ...,  0.06533015,
          0.        ,  0.23426628],
        [ 0.98187252,  0.74276503,  0.56649156, ..., -0.17025364,
         -0.23426628,  0.        ]],

       [[ 0.        , -0.0891023 , -0.12579053, ..., -0.09784818,
         -0.18833941, -0.16012223],
        [ 0.0891023 ,  0.        , -0.03689565, ..., -0.00878426,
         -0.10008255, -0.0715327 ],
        [ 0.12579053,  0.03689565,  0.        , ...,  0.02811595,
         -0.06330401, -0.03468287],
        ...,
        [ 0.09784818,  0.00878426, -0.02811595, ...,  0.        ,
         -0.09133854, -0.06276819],
        [ 0.18833941,  0.10008255,  0.06330401, ...,  0.09133854,
          0.        ,  0.02865262],
        [ 0.16012223,  0.0715327 ,  0.03468287, ...,  0.06276819,
         -0.02865262,  0.        ]],

       [[ 0.        , -0.57677733, -0.79033414, ..., -0.65472341,
         -0.75568992, -0.86466587],
        [ 0.57677733,  0.        , -0.29224741, ..., -0.97081232,
         -0.99507269, -0.99608937],
        [ 0.79033414,  0.29224741,  0.        , ..., -0.99852207,
         -0.98060632, -0.92678239],
        ...,
        [ 0.65472341,  0.97081232,  0.99852207, ...,  0.        ,
          0.14240451,  0.32467512],
        [ 0.75568992,  0.99507269,  0.98060632, ..., -0.14240451,
          0.        ,  0.18667638],
        [ 0.86466587,  0.99608937,  0.92678239, ..., -0.32467512,
         -0.18667638,  0.        ]],

       ...,

       [[ 0.        ,  0.        , -0.14678652, ...,  0.28802413,
          0.62078547,  0.79994273],
        [ 0.        ,  0.        , -0.14678652, ...,  0.28802413,
          0.62078547,  0.79994273],
        [ 0.14678652,  0.14678652,  0.        , ...,  0.42547048,
          0.72913901,  0.87936102],
        ...,
        [-0.28802413, -0.28802413, -0.42547048, ...,  0.        ,
          0.36867325,  0.59320721],
        [-0.62078547, -0.62078547, -0.72913901, ..., -0.36867325,
          0.        ,  0.2546208 ],
        [-0.79994273, -0.79994273, -0.87936102, ..., -0.59320721,
         -0.2546208 ,  0.        ]],

       [[ 0.        , -0.02047697,  0.00308435, ..., -0.99365215,
         -0.99755904, -0.92909269],
        [ 0.02047697,  0.        ,  0.02356058, ..., -0.99114023,
         -0.99877975, -0.93647123],
        [-0.00308435, -0.02356058,  0.        , ..., -0.99399441,
         -0.99733893, -0.92794753],
        ...,
        [ 0.99365215,  0.99114023,  0.99399441, ...,  0.        ,
         -0.18160636, -0.47201863],
        [ 0.99755904,  0.99877975,  0.99733893, ...,  0.18160636,
          0.        , -0.30406748],
        [ 0.92909269,  0.93647123,  0.92794753, ...,  0.47201863,
          0.30406748,  0.        ]],

       [[ 0.        , -0.30716896, -0.46882754, ..., -0.31481161,
         -0.41396913, -0.528741  ],
        [ 0.30716896,  0.        , -0.17484288, ..., -0.59114275,
         -0.6735689 , -0.76389887],
        [ 0.46882754,  0.17484288,  0.        , ..., -0.72305948,
         -0.79242413, -0.86496444],
        ...,
        [ 0.31481161,  0.59114275,  0.72305948, ...,  0.        ,
          0.10635037,  0.23464991],
        [ 0.41396913,  0.6735689 ,  0.79242413, ..., -0.10635037,
          0.        ,  0.12993808],
        [ 0.528741  ,  0.76389887,  0.86496444, ..., -0.23464991,
         -0.12993808,  0.        ]]]), 'num': array([9.66895032e-01, 2.54956111e-01, 5.97765677e-06, 1.97760812e-03,
       2.01081732e-03, 1.94771983e-03, 9.03517840e-03, 3.32092043e-05,
       1.92845849e-03, 1.88038817e-03, 1.90947390e-03, 1.43255391e-06,
       1.98476484e-03, 1.77601150e-03])}
{'img': array([[[ 0.        , -0.53465501, -0.28761377, ..., -0.99960317,
         -0.95950543, -0.82619771],
        [ 0.53465501,  0.        ,  0.26901006, ..., -0.82967437,
         -0.66024261, -0.39698116],
        [ 0.28761377, -0.26901006,  0.        , ..., -0.94926462,
         -0.83794498, -0.62925202],
        ...,
        [ 0.99960317,  0.82967437,  0.94926462, ...,  0.        ,
          0.25455004,  0.53988354],
        [ 0.95950543,  0.66024261,  0.83794498, ..., -0.25455004,
          0.        ,  0.30783469],
        [ 0.82619771,  0.39698116,  0.62925202, ..., -0.53988354,
         -0.30783469,  0.        ]],

       [[ 0.        , -0.03689565, -0.16908135, ..., -0.10008255,
         -0.0715327 ,  0.1859026 ],
        [ 0.03689565,  0.        , -0.1326018 , ..., -0.06330401,
         -0.03468287,  0.22202851],
        [ 0.16908135,  0.1326018 ,  0.        , ...,  0.06959084,
          0.09814542,  0.34935994],
        ...,
        [ 0.10008255,  0.06330401, -0.06959084, ...,  0.        ,
          0.02865262,  0.28330714],
        [ 0.0715327 ,  0.03468287, -0.09814542, ..., -0.02865262,
          0.        ,  0.25571212],
        [-0.1859026 , -0.22202851, -0.34935994, ..., -0.28330714,
         -0.25571212,  0.        ]],

       [[ 0.        , -0.6317235 , -0.76983505, ..., -0.78447927,
         -0.8919184 , -0.9725825 ],
        [ 0.6317235 ,  0.        , -0.19357833, ..., -0.99988998,
         -0.97707269, -0.90085236],
        [ 0.76983505,  0.19357833,  0.        , ..., -0.97810541,
         -0.91737721, -0.79977527],
        ...,
        [ 0.78447927,  0.99988998,  0.97810541, ...,  0.        ,
          0.198389  ,  0.4207149 ],
        [ 0.8919184 ,  0.97707269,  0.91737721, ..., -0.198389  ,
          0.        ,  0.2323754 ],
        [ 0.9725825 ,  0.90085236,  0.79977527, ..., -0.4207149 ,
         -0.2323754 ,  0.        ]],

       ...,

       [[ 0.        , -0.11289143,  0.01705516, ...,  0.44093575,
          0.55755417,  0.96217842],
        [ 0.11289143,  0.        ,  0.12982115, ...,  0.53944141,
          0.64770566,  0.92527364],
        [-0.01705516, -0.12982115,  0.        , ...,  0.42556394,
          0.54331489,  0.96668464],
        ...,
        [-0.44093575, -0.53944141, -0.42556394, ...,  0.        ,
          0.13438778,  0.98371208],
        [-0.55755417, -0.64770566, -0.54331489, ..., -0.13438778,
          0.        ,  0.95063228],
        [-0.96217842, -0.92527364, -0.96668464, ..., -0.98371208,
         -0.95063228,  0.        ]],

       [[ 0.        ,  0.02356058,  0.03297989, ..., -0.99877975,
         -0.93647123, -0.96393584],
        [-0.02356058,  0.        ,  0.00942296, ..., -0.99733893,
         -0.92794753, -0.95739797],
        [-0.03297989, -0.00942296,  0.        , ..., -0.99660767,
         -0.92439429, -0.95463438],
        ...,
        [ 0.99877975,  0.99733893,  0.99660767, ...,  0.        ,
         -0.30406748, -0.21820468],
        [ 0.93647123,  0.92794753,  0.92439429, ...,  0.30406748,
          0.        ,  0.08886758],
        [ 0.96393584,  0.95739797,  0.95463438, ...,  0.21820468,
         -0.08886758,  0.        ]],

       [[ 0.        , -0.36770817, -0.45223355, ..., -0.41882122,
         -0.53470722, -0.51227991],
        [ 0.36770817,  0.        , -0.09259188, ..., -0.72338341,
         -0.80797345, -0.79218481],
        [ 0.45223355,  0.09259188,  0.        , ..., -0.7842056 ,
         -0.85905939, -0.84528878],
        ...,
        [ 0.41882122,  0.72338341,  0.7842056 , ...,  0.        ,
          0.13163131,  0.10549392],
        [ 0.53470722,  0.80797345,  0.85905939, ..., -0.13163131,
          0.        , -0.02632081],
        [ 0.51227991,  0.79218481,  0.84528878, ..., -0.10549392,
          0.02632081,  0.        ]]]), 'num': array([ 9.98172229e-01,  5.98695143e-02,  7.99917063e-06,  2.03978851e-03,
        2.09543491e-03,  2.02761586e-03,  5.95058303e-03, -3.13011025e-05,
