state_0,state_1,state_2,state_3,state_4,state_5,state_6,state_7,state_8,state_9,state_10,state_11,state_12,state_13,state_14,state_15,state_16,state_17,state_18,state_19,state_20,state_21,state_22,state_23,state_24,state_25,state_26,state_27,state_28,state_29,state_30,state_31,state_32,state_33,state_34,state_35,state_36,state_37,state_38,state_39,state_40,state_41,state_42,state_43,state_44,state_45,state_46,state_47,state_48,state_49,state_50,state_51,state_52,state_53,state_54,state_55,state_56,state_57,state_58,state_59,state_60,state_61,state_62,state_63,state_64,state_65,state_66,state_67,state_68,state_69,state_70,state_71,state_72,state_73,state_74,state_75,state_76,state_77,state_78,state_79,state_80,state_81,state_82,state_83,state_84,state_85,state_86,state_87,state_88,state_89,state_90,state_91,state_92,state_93,state_94,state_95,state_96,state_97,state_98,state_99,state_100,state_101,state_102,state_103,state_104,state_105,state_106,state_107,state_108,state_109,state_110,state_111,state_112,state_113,state_114,state_115,state_116,state_117,state_118,state_119,state_120,state_121,state_122,state_123,state_124,state_125,state_126,state_127,state_128,state_129,state_130,state_131,state_132,state_133,state_134,state_135,state_136,state_137,state_138,state_139,state_140,state_141,state_142,state_143,state_144,state_145,state_146,state_147,state_148,state_149,state_150,state_151,state_152,state_153,state_154,state_155,state_156,state_157,state_158,state_159,state_160,state_161,state_162,state_163,state_164,state_165,state_166,state_167,state_168,state_169,state_170,state_171,state_172,state_173,state_174,state_175,state_176,state_177,state_178,state_179,state_180,state_181,state_182,state_183,state_184,state_185,state_186,state_187,state_188,state_189,state_190,state_191,state_192,state_193,state_194,state_195,state_196,state_197,state_198,state_199,state_200,state_201,state_202,state_203,state_204,state_205,state_206,state_207,state_208,state_209,state_210,state_211,state_212,state_213,state_214,state_215,state_216,state_217,state_218,state_219,state_220,state_221,state_222,state_223,state_224,state_225,state_226,state_227,state_228,state_229,state_230,state_231,state_232,state_233,state_234,state_235,state_236,state_237,state_238,state_239,state_240,state_241,state_242,state_243,state_244,state_245,state_246,state_247,state_248,state_249,state_250,state_251,state_252,state_253,state_254,state_255,state_256,state_257,state_258,state_259,state_260,state_261,state_262,state_263,state_264,state_265,state_266,state_267,state_268,state_269,state_270,state_271,state_272,state_273,state_274,state_275,state_276,state_277,state_278,state_279,state_280,state_281,state_282,state_283,state_284,state_285,state_286,state_287
{'img': array([[[ 0.        , -0.08008195, -0.08008195, ..., -0.63698381,
         -0.63698381, -0.63698381],
        [ 0.08008195,  0.        ,  0.        , ..., -0.57320465,
         -0.57320465, -0.57320465],
        [ 0.08008195,  0.        ,  0.        , ..., -0.57320465,
         -0.57320465, -0.57320465],
        ...,
        [ 0.63698381,  0.57320465,  0.57320465, ...,  0.        ,
          0.        ,  0.        ],
        [ 0.63698381,  0.57320465,  0.57320465, ...,  0.        ,
          0.        ,  0.        ],
        [ 0.63698381,  0.57320465,  0.57320465, ...,  0.        ,
          0.        ,  0.        ]],

       [[ 0.        ,  0.96933607,  0.21275148, ..., -0.05927689,
         -0.39654502, -0.18682958],
        [-0.96933607,  0.        , -0.89486312, ..., -0.98219821,
         -0.98731183, -0.99817962],
        [-0.21275148,  0.89486312,  0.        , ..., -0.2702972 ,
         -0.58277577, -0.39155779],
        ...,
        [ 0.05927689,  0.98219821,  0.2702972 , ...,  0.        ,
         -0.34143064, -0.12826789],
        [ 0.39654502,  0.98731183,  0.58277577, ...,  0.34143064,
          0.        ,  0.21805039],
        [ 0.18682958,  0.99817962,  0.39155779, ...,  0.12826789,
         -0.21805039,  0.        ]],

       [[ 0.        ,  0.01743586, -0.13245004, ..., -0.99627736,
         -0.96707845, -0.95712419],
        [-0.01743586,  0.        , -0.14971215, ..., -0.99762898,
         -0.97136849, -0.96202948],
        [ 0.13245004,  0.14971215,  0.        , ..., -0.97608188,
         -0.92485251, -0.91032378],
        ...,
        [ 0.99627736,  0.99762898,  0.97608188, ...,  0.        ,
          0.17016337,  0.20608991],
        [ 0.96707845,  0.97136849,  0.92485251, ..., -0.17016337,
          0.        ,  0.03657378],
        [ 0.95712419,  0.96202948,  0.91032378, ..., -0.20608991,
         -0.03657378,  0.        ]],

       ...,

       [[ 0.        ,  0.49393593,  0.53725591, ...,  0.18324658,
          0.23195032,  0.57792833],
        [-0.49393593,  0.        ,  0.05054801, ..., -0.32623952,
         -0.27878472,  0.09941275],
        [-0.53725591, -0.05054801,  0.        , ..., -0.37360485,
         -0.3269723 ,  0.04898806],
        ...,
        [-0.18324658,  0.32623952,  0.37360485, ...,  0.        ,
          0.04977369,  0.41859702],
        [-0.23195032,  0.27878472,  0.3269723 , ..., -0.04977369,
          0.        ,  0.3728751 ],
        [-0.57792833, -0.09941275, -0.04898806, ..., -0.41859702,
         -0.3728751 ,  0.        ]],

       [[ 0.        ,  0.03572976,  0.05115727, ..., -0.99933604,
         -0.99607493, -0.99176851],
        [-0.03572976,  0.        ,  0.01544163, ..., -0.99999975,
         -0.99860151, -0.99571023],
        [-0.05115727, -0.01544163,  0.        , ..., -0.99989141,
         -0.99929881, -0.99702027],
        ...,
        [ 0.99933604,  0.99999975,  0.99989141, ...,  0.        ,
          0.05216361,  0.09182404],
        [ 0.99607493,  0.99860151,  0.99929881, ..., -0.05216361,
          0.        ,  0.03975579],
        [ 0.99176851,  0.99571023,  0.99702027, ..., -0.09182404,
         -0.03975579,  0.        ]],

       [[ 0.        ,  0.03672023,  0.12890433, ..., -0.83947639,
         -0.83792976, -0.83628538],
        [-0.03672023,  0.        ,  0.09240352, ..., -0.85886386,
         -0.85740575, -0.85585487],
        [-0.12890433, -0.09240352,  0.        , ..., -0.90251878,
         -0.9012921 , -0.8999858 ],
        ...,
        [ 0.83947639,  0.85886386,  0.90251878, ...,  0.        ,
          0.00283998,  0.00584594],
        [ 0.83792976,  0.85740575,  0.9012921 , ..., -0.00283998,
          0.        ,  0.00300599],
        [ 0.83628538,  0.85585487,  0.8999858 , ..., -0.00584594,
         -0.00300599,  0.        ]]]), 'num': array([ 7.11786502e-01,  7.02394397e-01,  2.51125788e-06,  1.38119183e-04,
        1.41442907e-04,  1.36641973e-04,  1.38979658e-03, -1.66186183e-06,
        1.39227091e-04,  1.38839323e-04,  1.41919923e-04,  1.88070783e-06,
        1.43002627e-04,  1.34676020e-04])}
{'img': array([[[ 0.        ,  0.        ,  0.        , ..., -0.57320465,
         -0.57320465, -0.77444278],
        [ 0.        ,  0.        ,  0.        , ..., -0.57320465,
         -0.57320465, -0.77444278],
        [ 0.        ,  0.        ,  0.        , ..., -0.57320465,
         -0.57320465, -0.77444278],
        ...,
        [ 0.57320465,  0.57320465,  0.57320465, ...,  0.        ,
          0.        , -0.27195344],
        [ 0.57320465,  0.57320465,  0.57320465, ...,  0.        ,
          0.        , -0.27195344],
        [ 0.77444278,  0.77444278,  0.77444278, ...,  0.27195344,
          0.27195344,  0.        ]],

       [[ 0.        , -0.89486312, -0.85715314, ..., -0.98731183,
         -0.99817962, -0.99984243],
        [ 0.89486312,  0.        ,  0.07832736, ..., -0.58277577,
         -0.39155779, -0.46215535],
        [ 0.85715314, -0.07832736,  0.        , ..., -0.6446367 ,
         -0.462428  , -0.53019609],
        ...,
        [ 0.98731183,  0.58277577,  0.6446367 , ...,  0.        ,
          0.21805039,  0.14124227],
        [ 0.99817962,  0.39155779,  0.462428  , ..., -0.21805039,
          0.        , -0.07802082],
        [ 0.99984243,  0.46215535,  0.53019609, ..., -0.14124227,
          0.07802082,  0.        ]],

       [[ 0.        , -0.14971215, -0.24162258, ..., -0.97136849,
         -0.96202948, -0.96682595],
        [ 0.14971215,  0.        , -0.09362318, ..., -0.92485251,
         -0.91032378, -0.91768757],
        [ 0.24162258,  0.09362318,  0.        , ..., -0.88518295,
         -0.86757503, -0.87646006],
        ...,
        [ 0.97136849,  0.92485251,  0.88518295, ...,  0.        ,
          0.03657378,  0.01842609],
        [ 0.96202948,  0.91032378,  0.86757503, ..., -0.03657378,
          0.        , -0.01815381],
        [ 0.96682595,  0.91768757,  0.87646006, ..., -0.01842609,
          0.01815381,  0.        ]],

       ...,

       [[ 0.        ,  0.05054801, -0.00531018, ..., -0.27878472,
          0.09941275, -0.23514232],
        [-0.05054801,  0.        , -0.05585069, ..., -0.3269723 ,
          0.04898806, -0.28397242],
        [ 0.00531018,  0.05585069,  0.        , ..., -0.27368114,
          0.10469523, -0.22997772],
        ...,
        [ 0.27878472,  0.3269723 ,  0.27368114, ...,  0.        ,
          0.3728751 ,  0.04514808],
        [-0.09941275, -0.04898806, -0.10469523, ..., -0.3728751 ,
          0.        , -0.33060281],
        [ 0.23514232,  0.28397242,  0.22997772, ..., -0.04514808,
          0.33060281,  0.        ]],

       [[ 0.        ,  0.01544163,  0.03686339, ..., -0.99860151,
         -0.99571023, -0.99973645],
        [-0.01544163,  0.        ,  0.02142786, ..., -0.99929881,
         -0.99702027, -0.99926275],
        [-0.03686339, -0.02142786,  0.        , ..., -0.99987167,
         -0.9984443 , -0.99821066],
        ...,
        [ 0.99860151,  0.99929881,  0.99987167, ...,  0.        ,
          0.03975579, -0.07577923],
        [ 0.99571023,  0.99702027,  0.9984443 , ..., -0.03975579,
          0.        , -0.1153608 ],
        [ 0.99973645,  0.99926275,  0.99821066, ...,  0.07577923,
          0.1153608 ,  0.        ]],

       [[ 0.        ,  0.09240352,  0.15420605, ..., -0.85740575,
         -0.85585487, -0.87474313],
        [-0.09240352,  0.        ,  0.06224805, ..., -0.9012921 ,
         -0.8999858 , -0.9157782 ],
        [-0.15420605, -0.06224805,  0.        , ..., -0.92651083,
         -0.92537559, -0.9390063 ],
        ...,
        [ 0.85740575,  0.9012921 ,  0.92651083, ...,  0.        ,
          0.00300599, -0.0346911 ],
        [ 0.85585487,  0.8999858 ,  0.92537559, ..., -0.00300599,
          0.        , -0.03769512],
        [ 0.87474313,  0.9157782 ,  0.9390063 , ...,  0.0346911 ,
          0.03769512,  0.        ]]]), 'num': array([7.07106511e-01, 7.07106511e-01, 0.00000000e+00, 1.18692879e-04,
       1.19482060e-04, 1.17430188e-04, 8.06574931e-04, 6.31345099e-07,
       1.19040118e-04, 1.18803364e-04, 1.21236673e-04, 1.75704532e-06,
       1.22171015e-04, 1.15435713e-04])}
{'img': array([[[ 0.        ,  0.        ,  0.65815049, ..., -0.57320465,
         -0.77444278, -0.68715943],
        [ 0.        ,  0.        ,  0.65815049, ..., -0.57320465,
         -0.77444278, -0.68715943],
        [-0.65815049, -0.65815049,  0.        , ..., -0.97085456,
         -0.99944237, -0.9955037 ],
        ...,
        [ 0.57320465,  0.57320465,  0.97085456, ...,  0.        ,
         -0.27195344, -0.14662987],
        [ 0.77444278,  0.77444278,  0.99944237, ...,  0.27195344,
          0.        ,  0.12791056],
        [ 0.68715943,  0.68715943,  0.9955037 , ...,  0.14662987,
         -0.12791056,  0.        ]],

       [[ 0.        ,  0.07832736,  0.99330807, ..., -0.39155779,
         -0.46215535, -0.6781058 ],
        [-0.07832736,  0.        ,  0.98120991, ..., -0.462428  ,
         -0.53019609, -0.73359027],
        [-0.99330807, -0.98120991,  0.        , ..., -0.95921885,
         -0.93424118, -0.80836375],
        ...,
        [ 0.39155779,  0.462428  ,  0.95921885, ...,  0.        ,
         -0.07802082, -0.33618044],
        [ 0.46215535,  0.53019609,  0.93424118, ...,  0.07802082,
          0.        , -0.26167585],
        [ 0.6781058 ,  0.73359027,  0.80836375, ...,  0.33618044,
          0.26167585,  0.        ]],

       [[ 0.        , -0.09362318,  0.01605108, ..., -0.91032378,
         -0.91768757, -0.91402998],
        [ 0.09362318,  0.        ,  0.10959169, ..., -0.86757503,
         -0.87646006, -0.87203736],
        [-0.01605108, -0.10959169,  0.        , ..., -0.91684999,
         -0.92394648, -0.92042329],
        ...,
        [ 0.91032378,  0.86757503,  0.91684999, ...,  0.        ,
         -0.01815381, -0.00904437],
        [ 0.91768757,  0.87646006,  0.92394648, ...,  0.01815381,
          0.        ,  0.00911019],
        [ 0.91402998,  0.87203736,  0.92042329, ...,  0.00904437,
         -0.00911019,  0.        ]],

       ...,

       [[ 0.        , -0.05585069,  0.26760058, ...,  0.04898806,
         -0.28397242, -0.12142172],
        [ 0.05585069,  0.        ,  0.32099671, ...,  0.10469523,
         -0.22997772, -0.06579474],
        [-0.26760058, -0.32099671,  0.        , ..., -0.22007783,
         -0.53020005, -0.38261407],
        ...,
        [-0.04898806, -0.10469523,  0.22007783, ...,  0.        ,
         -0.33060281, -0.16990153],
        [ 0.28397242,  0.22997772,  0.53020005, ...,  0.33060281,
          0.        ,  0.16544822],
        [ 0.12142172,  0.06579474,  0.38261407, ...,  0.16990153,
         -0.16544822,  0.        ]],

       [[ 0.        ,  0.0212985 ,  0.23018257, ..., -0.99188517,
         -0.99881543, -0.98910314],
        [-0.0212985 ,  0.        ,  0.20940377, ..., -0.994368  ,
         -0.99962523, -0.98574312],
        [-0.23018257, -0.20940377,  0.        , ..., -0.99451525,
         -0.98319526, -0.92865477],
        ...,
        [ 0.99188517,  0.994368  ,  0.99451525, ...,  0.        ,
         -0.07872178, -0.2717811 ],
        [ 0.99881543,  0.99962523,  0.98319526, ...,  0.07872178,
          0.        , -0.19517904],
        [ 0.98910314,  0.98574312,  0.92865477, ...,  0.2717811 ,
          0.19517904,  0.        ]],

       [[ 0.        ,  0.06224805,  0.04099263, ..., -0.8999858 ,
         -0.9157782 , -0.835135  ],
        [-0.06224805,  0.        , -0.02128259, ..., -0.92537559,
         -0.9390063 , -0.86775466],
        [-0.04099263,  0.02128259,  0.        , ..., -0.91709879,
         -0.93147454, -0.85698082],
        ...,
        [ 0.8999858 ,  0.92537559,  0.91709879, ...,  0.        ,
         -0.03769512,  0.13098132],
        [ 0.9157782 ,  0.9390063 ,  0.93147454, ...,  0.03769512,
          0.        ,  0.16825861],
        [ 0.835135  ,  0.86775466,  0.85698082, ..., -0.13098132,
         -0.16825861,  0.        ]]]), 'num': array([ 7.07104179e-01,  7.07104179e-01,  0.00000000e+00,  1.16009279e-04,
        1.17429801e-04,  1.12852564e-04,  2.69258326e-03, -2.68320782e-06,
        1.18345248e-04,  1.18779297e-04,  1.21117897e-04,  1.51419667e-06,
        1.22217762e-04,  1.15340831e-04])}
{'img': array([[[ 0.        ,  0.65815049,  0.65815049, ..., -0.77444278,
         -0.68715943, -0.99947651],
        [-0.65815049,  0.        ,  0.        , ..., -0.99944237,
         -0.9955037 , -0.77378536],
        [-0.65815049,  0.        ,  0.        , ..., -0.99944237,
         -0.9955037 , -0.77378536],
        ...,
        [ 0.77444278,  0.99944237,  0.99944237, ...,  0.        ,
          0.12791056, -0.6072573 ],
        [ 0.68715943,  0.9955037 ,  0.9955037 , ..., -0.12791056,
          0.        , -0.70389472],
        [ 0.99947651,  0.77378536,  0.77378536, ...,  0.6072573 ,
          0.70389472,  0.        ]],

       [[ 0.        ,  0.98120991,  0.39847315, ..., -0.53019609,
         -0.73359027,  0.02732321],
        [-0.98120991,  0.        , -0.82306338, ..., -0.93424118,
         -0.80836375, -0.97557175],
        [-0.39847315,  0.82306338,  0.        , ..., -0.82414069,
         -0.9436335 , -0.37326409],
        ...,
        [ 0.53019609,  0.93424118,  0.82414069, ...,  0.        ,
         -0.26167585,  0.55316481],
        [ 0.73359027,  0.80836375,  0.9436335 , ...,  0.26167585,
          0.        ,  0.75188501],
        [-0.02732321,  0.97557175,  0.37326409, ..., -0.55316481,
         -0.75188501,  0.        ]],

       [[ 0.        ,  0.10959169,  0.27596988, ..., -0.87646006,
         -0.87203736, -0.9580863 ],
        [-0.10959169,  0.        ,  0.16897179, ..., -0.92394648,
         -0.92042329, -0.98371125],
        [-0.27596988, -0.16897179,  0.        , ..., -0.97529634,
         -0.97324342, -0.99994003],
        ...,
        [ 0.87646006,  0.92394648,  0.97529634, ...,  0.        ,
          0.00911019, -0.21020615],
        [ 0.87203736,  0.92042329,  0.97324342, ..., -0.00911019,
          0.        , -0.21910407],
        [ 0.9580863 ,  0.98371125,  0.99994003, ...,  0.21020615,
          0.21910407,  0.        ]],

       ...,

       [[ 0.        ,  0.32099671,  0.43249575, ..., -0.22997772,
         -0.06579474, -0.32894033],
        [-0.32099671,  0.        ,  0.12018603, ..., -0.53020005,
         -0.38261407, -0.61466638],
        [-0.43249575, -0.12018603,  0.        , ..., -0.62825927,
         -0.49088152, -0.7050121 ],
        ...,
        [ 0.22997772,  0.53020005,  0.62825927, ...,  0.        ,
          0.16544822, -0.10294376],
        [ 0.06579474,  0.38261407,  0.49088152, ..., -0.16544822,
          0.        , -0.26609426],
        [ 0.32894033,  0.61466638,  0.7050121 , ...,  0.10294376,
          0.26609426,  0.        ]],

       [[ 0.        ,  0.20940377,  0.39004748, ..., -0.99962523,
         -0.98574312, -0.99999879],
        [-0.20940377,  0.        ,  0.18858194, ..., -0.98319526,
         -0.92865477, -0.97750244],
        [-0.39004748, -0.18858194,  0.        , ..., -0.93112727,
         -0.84203878, -0.92018709],
        ...,
        [ 0.99962523,  0.98319526,  0.93112727, ...,  0.        ,
         -0.19517904, -0.02892958],
        [ 0.98574312,  0.92865477,  0.84203878, ...,  0.19517904,
          0.        ,  0.16672416],
        [ 0.99999879,  0.97750244,  0.92018709, ...,  0.02892958,
         -0.16672416,  0.        ]],

       [[ 0.        , -0.02128259, -0.00609537, ..., -0.9390063 ,
         -0.86775466, -0.88988995],
        [ 0.02128259,  0.        ,  0.01518821, ..., -0.93147454,
         -0.85698082, -0.8799798 ],
        [ 0.00609537, -0.01518821,  0.        , ..., -0.93689266,
         -0.86470919, -0.88709286],
        ...,
        [ 0.9390063 ,  0.93147454,  0.93689266, ...,  0.        ,
          0.16825861,  0.12231836],
        [ 0.86775466,  0.85698082,  0.86470919, ..., -0.16825861,
          0.        , -0.04642068],
        [ 0.88988995,  0.8799798 ,  0.88709286, ..., -0.12231836,
          0.04642068,  0.        ]]]), 'num': array([ 9.67997596e-01,  2.50945136e-01,  1.97535113e-04,  1.58324677e-04,
        1.62686238e-04,  1.57234286e-04,  2.63512451e-03, -1.96270260e-06,
        1.62162850e-04,  1.63722109e-04,  1.67149569e-04,  1.41346895e-06,
        1.68995586e-04,  1.58448631e-04])}
{'img': array([[[ 0.        ,  0.        ,  0.58398464, ..., -0.97481356,
         -0.95985617, -0.58398464],
        [ 0.        ,  0.        ,  0.58398464, ..., -0.97481356,
         -0.95985617, -0.58398464],
        [-0.58398464, -0.58398464,  0.        , ..., -0.92156028,
         -0.61537397, -0.        ],
        ...,
        [ 0.97481356,  0.97481356,  0.92156028, ...,  0.        ,
         -0.48749645, -0.92156028],
        [ 0.95985617,  0.95985617,  0.61537397, ...,  0.48749645,
          0.        , -0.61537397],
        [ 0.58398464,  0.58398464,  0.        , ...,  0.92156028,
          0.61537397,  0.        ]],

       [[ 0.        , -0.82306338,  0.4428341 , ..., -0.80836375,
         -0.97557175, -0.99885991],
        [ 0.82306338,  0.        ,  0.98946898, ..., -0.9436335 ,
         -0.37326409, -0.60659311],
        [-0.4428341 , -0.98946898,  0.        , ..., -0.46409278,
         -0.97198337, -0.87444152],
        ...,
        [ 0.80836375,  0.9436335 ,  0.46409278, ...,  0.        ,
          0.75188501,  0.5494228 ],
        [ 0.97557175,  0.37326409,  0.97198337, ..., -0.75188501,
          0.        , -0.26600207],
        [ 0.99885991,  0.60659311,  0.87444152, ..., -0.5494228 ,
          0.26600207,  0.        ]],

       [[ 0.        ,  0.16897179,  0.4762559 , ..., -0.92042329,
         -0.98371125, -0.87989007],
        [-0.16897179,  0.        ,  0.32082973, ..., -0.97324342,
         -0.99994003, -0.78694647],
        [-0.4762559 , -0.32082973,  0.        , ..., -0.99551388,
         -0.95059372, -0.54738726],
        ...,
        [ 0.92042329,  0.97324342,  0.99551388, ...,  0.        ,
         -0.21910407, -0.78133371],
        [ 0.98371125,  0.99994003,  0.95059372, ...,  0.21910407,
          0.        , -0.62560267],
        [ 0.87989007,  0.78694647,  0.54738726, ...,  0.78133371,
          0.62560267,  0.        ]],

       ...,

       [[ 0.        ,  0.12018603,  0.83066809, ..., -0.38261407,
         -0.61466638, -0.94927663],
        [-0.12018603,  0.        ,  0.75773118, ..., -0.49088152,
         -0.7050121 , -0.98018725],
        [-0.83066809, -0.75773118,  0.        , ..., -0.98048835,
         -0.99744688, -0.78972386],
        ...,
        [ 0.38261407,  0.49088152,  0.98048835, ...,  0.        ,
         -0.26609426, -0.75673452],
        [ 0.61466638,  0.7050121 ,  0.99744688, ...,  0.26609426,
          0.        , -0.55550022],
        [ 0.94927663,  0.98018725,  0.78972386, ...,  0.75673452,
          0.55550022,  0.        ]],

       [[ 0.        ,  0.18858194,  0.34360381, ..., -0.92865477,
         -0.97750244, -0.9960094 ],
        [-0.18858194,  0.        ,  0.16033861, ..., -0.84203878,
         -0.92018709, -0.96130784],
        [-0.34360381, -0.16033861,  0.        , ..., -0.74465517,
         -0.84551259, -0.904701  ],
        ...,
        [ 0.92865477,  0.84203878,  0.74465517, ...,  0.        ,
          0.16672416,  0.28658398],
        [ 0.97750244,  0.92018709,  0.84551259, ..., -0.16672416,
          0.        ,  0.1228419 ],
        [ 0.9960094 ,  0.96130784,  0.904701  , ..., -0.28658398,
         -0.1228419 ,  0.        ]],

       [[ 0.        ,  0.01518821, -0.06093483, ..., -0.85698082,
         -0.8799798 , -0.99813611],
        [-0.01518821,  0.        , -0.07608779, ..., -0.86470919,
         -0.88709286, -0.99709409],
        [ 0.06093483,  0.07608779,  0.        , ..., -0.82398567,
         -0.84939985, -1.        ],
        ...,
        [ 0.85698082,  0.86470919,  0.82398567, ...,  0.        ,
         -0.04642068, -0.56668679],
        [ 0.8799798 ,  0.88709286,  0.84939985, ...,  0.04642068,
          0.        , -0.52782834],
        [ 0.99813611,  0.99709409,  1.        , ...,  0.56668679,
          0.52782834,  0.        ]]]), 'num': array([9.80954298e-01, 1.94236203e-01, 2.15539204e-04, 1.60620273e-04,
       1.62600522e-04, 1.59740161e-04, 8.37645723e-04, 8.80111082e-07,
       1.62424500e-04, 1.64877810e-04, 1.68376251e-04, 1.21995596e-06,
       1.70498260e-04, 1.59257360e-04])}
{'img': array([[[ 0.        ,  0.58398464, -0.11211028, ..., -0.95985617,
         -0.58398464, -0.87282761],
        [-0.58398464,  0.        , -0.67131024, ..., -0.61537397,
         -0.        , -0.42352941],
        [ 0.11211028,  0.67131024,  0.        , ..., -0.98525113,
         -0.67131024, -0.92203814],
        ...,
        [ 0.95985617,  0.61537397,  0.98525113, ...,  0.        ,
         -0.61537397, -0.22361559],
        [ 0.58398464,  0.        ,  0.67131024, ...,  0.61537397,
          0.        ,  0.42352941],
        [ 0.87282761,  0.42352941,  0.92203814, ...,  0.22361559,
         -0.42352941,  0.        ]],

       [[ 0.        ,  0.98843997, -0.23829877, ..., -0.36986159,
         -0.60034881, -0.99959232],
        [-0.98843997,  0.        , -0.99609402, ..., -0.97442233,
         -0.88151382, -0.17977254],
        [ 0.23829877,  0.99609402,  0.        , ..., -0.13780632,
         -0.39247725, -0.96399214],
        ...,
        [ 0.36986159,  0.97442233,  0.13780632, ...,  0.        ,
         -0.26198372, -0.91814794],
        [ 0.60034881,  0.88151382,  0.39247725, ...,  0.26198372,
          0.        , -0.78227129],
        [ 0.99959232,  0.17977254,  0.96399214, ...,  0.91814794,
          0.78227129,  0.        ]],

       [[ 0.        ,  0.30497848,  0.61720611, ..., -0.98238756,
         -0.99416732, -0.75951873],
        [-0.30497848,  0.        ,  0.34784442, ..., -0.99257254,
         -0.91391289, -0.52495062],
        [-0.61720611, -0.34784442,  0.        , ..., -0.88827189,
         -0.71564745, -0.19610689],
        ...,
        [ 0.98238756,  0.99257254,  0.88827189, ...,  0.        ,
         -0.2917141 , -0.78094846],
        [ 0.99416732,  0.91391289,  0.71564745, ...,  0.2917141 ,
          0.        , -0.56477824],
        [ 0.75951873,  0.52495062,  0.19610689, ...,  0.78094846,
          0.56477824,  0.        ]],

       ...,

       [[ 0.        ,  0.75773118, -0.03213978, ..., -0.7050121 ,
         -0.98018725, -0.99956459],
        [-0.75773118,  0.        , -0.77831307, ..., -0.99744688,
         -0.78972386, -0.62992462],
        [ 0.03213978,  0.77831307,  0.        , ..., -0.6818545 ,
         -0.97331484, -0.99999653],
        ...,
        [ 0.7050121 ,  0.99744688,  0.6818545 , ...,  0.        ,
         -0.55550022, -0.72968899],
        [ 0.98018725,  0.78972386,  0.97331484, ...,  0.55550022,
          0.        , -0.22690887],
        [ 0.99956459,  0.62992462,  0.99999653, ...,  0.72968899,
          0.22690887,  0.        ]],

       [[ 0.        ,  0.16033861,  0.31736391, ..., -0.92018709,
         -0.96130784, -0.95959086],
        [-0.16033861,  0.        ,  0.16120816, ..., -0.84551259,
         -0.904701  , -0.90205662],
        [-0.31736391, -0.16120816,  0.        , ..., -0.74837567,
         -0.82418564, -0.82067781],
        ...,
        [ 0.92018709,  0.84551259,  0.74837567, ...,  0.        ,
          0.1228419 ,  0.11671987],
        [ 0.96130784,  0.904701  ,  0.82418564, ..., -0.1228419 ,
          0.        , -0.0061664 ],
        [ 0.95959086,  0.90205662,  0.82067781, ..., -0.11671987,
          0.0061664 ,  0.        ]],

       [[ 0.        , -0.07210844, -0.02877674, ..., -0.83086703,
         -0.96215689, -0.97262262],
        [ 0.07210844,  0.        ,  0.04337675, ..., -0.78857785,
         -0.94000293, -0.98684799],
        [ 0.02877674, -0.04337675,  0.        , ..., -0.81450951,
         -0.95391687, -0.97890726],
        ...,
        [ 0.83086703,  0.78857785,  0.81450951, ...,  0.        ,
         -0.30900439, -0.73432171],
        [ 0.96215689,  0.94000293,  0.95391687, ...,  0.30900439,
          0.        , -0.48863177],
        [ 0.97262262,  0.98684799,  0.97890726, ...,  0.73432171,
          0.48863177,  0.        ]]]), 'num': array([8.40087468e-01, 5.42448637e-01, 7.97959332e-05, 1.39605455e-04,
       1.39605455e-04, 1.35862682e-04, 1.53607171e-03, 2.99421888e-06,
       1.38070918e-04, 1.40344653e-04, 1.43030093e-04, 1.52483369e-06,
       1.44952181e-04, 1.35737126e-04])}
{'img': array([[[ 0.        , -0.67131024, -0.93999926, ..., -0.        ,
         -0.42352941, -0.84836501],
        [ 0.67131024,  0.        , -0.46767008, ..., -0.67131024,
         -0.92203814, -0.98418772],
        [ 0.93999926,  0.46767008,  0.        , ..., -0.93999926,
         -0.99602701, -0.78708885],
        ...,
        [ 0.        ,  0.67131024,  0.93999926, ...,  0.        ,
          0.42352941,  0.84836501],
        [ 0.42352941,  0.92203814,  0.99602701, ..., -0.42352941,
          0.        ,  0.54429743],
        [ 0.84836501,  0.98418772,  0.78708885, ..., -0.84836501,
         -0.54429743,  0.        ]],

       [[ 0.        , -0.99609402, -0.97869963, ..., -0.88151382,
         -0.17977254, -0.73462298],
        [ 0.99609402,  0.        ,  0.2909137 , ..., -0.39247725,
         -0.96399214, -0.61095901],
        [ 0.97869963, -0.2909137 ,  0.        , ..., -0.64307362,
         -0.9996617 , -0.81483999],
        ...,
        [ 0.88151382,  0.39247725,  0.64307362, ...,  0.        ,
         -0.78227129, -0.25122729],
        [ 0.17977254,  0.96399214,  0.9996617 , ...,  0.78227129,
          0.        ,  0.60068338],
        [ 0.73462298,  0.61095901,  0.81483999, ...,  0.25122729,
         -0.60068338,  0.        ]],

       [[ 0.        ,  0.34672977,  0.52339524, ..., -0.92132447,
         -0.65288612, -0.52339524],
        [-0.34672977,  0.        ,  0.19548147, ..., -0.72936351,
         -0.3497518 , -0.19548147],
        [-0.52339524, -0.19548147,  0.        , ..., -0.58155817,
         -0.15986885, -0.        ],
        ...,
        [ 0.92132447,  0.72936351,  0.58155817, ...,  0.        ,
         -0.44402424, -0.58155817],
        [ 0.65288612,  0.3497518 ,  0.15986885, ...,  0.44402424,
          0.        , -0.15986885],
        [ 0.52339524,  0.19548147,  0.        , ...,  0.58155817,
          0.15986885,  0.        ]],

       ...,

       [[ 0.        , -0.77831307, -0.95059694, ..., -0.78972386,
         -0.62992462, -0.9463434 ],
        [ 0.77831307,  0.        , -0.3552473 , ..., -0.97331484,
         -0.99999653, -0.84570849],
        [ 0.95059694,  0.3552473 ,  0.        , ..., -0.82830786,
         -0.93383324, -0.60096891],
        ...,
        [ 0.78972386,  0.97331484,  0.82830786, ...,  0.        ,
         -0.22690887,  0.32533682],
        [ 0.62992462,  0.99999653,  0.93383324, ...,  0.22690887,
          0.        ,  0.53141535],
        [ 0.9463434 ,  0.84570849,  0.60096891, ..., -0.32533682,
         -0.53141535,  0.        ]],

       [[ 0.        ,  0.16120816,  0.16341303, ..., -0.904701  ,
         -0.90205662, -0.87444996],
        [-0.16120816,  0.        ,  0.0022345 , ..., -0.82418564,
         -0.82067781, -0.78480792],
        [-0.16341303, -0.0022345 ,  0.        , ..., -0.82291814,
         -0.81939899, -0.78342115],
        ...,
        [ 0.904701  ,  0.82418564,  0.82291814, ...,  0.        ,
         -0.0061664 , -0.06632784],
        [ 0.90205662,  0.82067781,  0.81939899, ...,  0.0061664 ,
          0.        , -0.06017376],
        [ 0.87444996,  0.78480792,  0.78342115, ...,  0.06632784,
          0.06017376,  0.        ]],

       [[ 0.        ,  0.04337675,  0.1273443 , ..., -0.94000293,
         -0.98684799, -0.97700598],
        [-0.04337675,  0.        ,  0.08420085, ..., -0.95391687,
         -0.97890726, -0.98533485],
        [-0.1273443 , -0.08420085,  0.        , ..., -0.97579556,
         -0.9582283 , -0.99620308],
        ...,
        [ 0.94000293,  0.95391687,  0.97579556, ...,  0.        ,
         -0.48863177, -0.13290177],
        [ 0.98684799,  0.97890726,  0.9582283 , ...,  0.48863177,
          0.        ,  0.36834174],
        [ 0.97700598,  0.98533485,  0.99620308, ...,  0.13290177,
         -0.36834174,  0.        ]]]), 'num': array([7.95017317e-01, 6.06584018e-01, 5.05183106e-05, 1.32141163e-04,
       1.33912492e-04, 1.30015568e-04, 1.77543875e-03, 0.00000000e+00,
       1.30476113e-04, 1.32840838e-04, 1.35190801e-04, 1.44330532e-06,
       1.37202015e-04, 1.28479661e-04])}
{'img': array([[[ 0.        , -0.84131797, -0.94594595, ..., -0.45224866,
         -0.88819874, -0.88819874],
        [ 0.84131797,  0.        , -0.23846225, ..., -0.99482341,
         -0.86665893, -0.86665893],
        [ 0.94594595,  0.23846225,  0.        , ..., -0.99035676,
         -0.72268827, -0.72268827],
        ...,
        [ 0.45224866,  0.99482341,  0.99035676, ...,  0.        ,
          0.58438733,  0.58438733],
        [ 0.88819874,  0.86665893,  0.72268827, ..., -0.58438733,
          0.        ,  0.        ],
        [ 0.88819874,  0.86665893,  0.72268827, ..., -0.58438733,
          0.        ,  0.        ]],

       [[ 0.        ,  0.2909137 ,  0.02372273, ..., -0.96399214,
         -0.61095901, -0.50555915],
        [-0.2909137 ,  0.        , -0.26813512, ..., -0.9996617 ,
         -0.81483999, -0.73469136],
        [-0.02372273,  0.26813512,  0.        , ..., -0.97002945,
         -0.62956747, -0.52588466],
        ...,
        [ 0.96399214,  0.9996617 ,  0.97002945, ...,  0.        ,
          0.60068338,  0.69728093],
        [ 0.61095901,  0.81483999,  0.62956747, ..., -0.60068338,
          0.        ,  0.12689843],
        [ 0.50555915,  0.73469136,  0.52588466, ..., -0.69728093,
         -0.12689843,  0.        ]],

       [[ 0.        ,  0.1936405 , -0.39736802, ..., -0.49161545,
         -0.45368949, -0.1936405 ],
        [-0.1936405 ,  0.        , -0.56754287, ..., -0.31368588,
         -0.27253768, -0.        ],
        [ 0.39736802,  0.56754287,  0.        , ..., -0.79716851,
         -0.77045082, -0.56754287],
        ...,
        [ 0.49161545,  0.31368588,  0.79716851, ...,  0.        ,
         -0.0430295 , -0.31368588],
        [ 0.45368949,  0.27253768,  0.77045082, ...,  0.0430295 ,
          0.        , -0.27253768],
        [ 0.1936405 ,  0.        ,  0.56754287, ...,  0.31368588,
          0.27253768,  0.        ]],

       ...,

       [[ 0.        , -0.56581644, -0.74226814, ..., -0.9045207 ,
         -0.982795  , -0.982795  ],
        [ 0.56581644,  0.        , -0.23286798, ..., -0.98708651,
         -0.70583902, -0.70583902],
        [ 0.74226814,  0.23286798,  0.        , ..., -0.92264721,
         -0.52147712, -0.52147712],
        ...,
        [ 0.9045207 ,  0.98708651,  0.92264721, ...,  0.        ,
          0.58615773,  0.58615773],
        [ 0.982795  ,  0.70583902,  0.52147712, ..., -0.58615773,
          0.        ,  0.        ],
        [ 0.982795  ,  0.70583902,  0.52147712, ..., -0.58615773,
          0.        ,  0.        ]],

       [[ 0.        ,  0.0022345 , -0.00834815, ..., -0.82067781,
         -0.78480792, -0.78480792],
        [-0.0022345 ,  0.        , -0.01058255, ..., -0.81939899,
         -0.78342115, -0.78342115],
        [ 0.00834815,  0.01058255,  0.        , ..., -0.82541927,
         -0.78995424, -0.78995424],
        ...,
        [ 0.82067781,  0.81939899,  0.82541927, ...,  0.        ,
         -0.06017376, -0.06017376],
        [ 0.78480792,  0.78342115,  0.78995424, ...,  0.06017376,
          0.        ,  0.        ],
        [ 0.78480792,  0.78342115,  0.78995424, ...,  0.06017376,
          0.        ,  0.        ]],

       [[ 0.        ,  0.08420085,  0.12480181, ..., -0.97890726,
         -0.98533485, -0.98533485],
        [-0.08420085,  0.        ,  0.04081607, ..., -0.9582283 ,
         -0.99620308, -0.99620308],
        [-0.12480181, -0.04081607,  0.        , ..., -0.94575621,
         -0.99892636, -0.99892636],
        ...,
        [ 0.97890726,  0.9582283 ,  0.94575621, ...,  0.        ,
          0.36834174,  0.36834174],
        [ 0.98533485,  0.99620308,  0.99892636, ..., -0.36834174,
          0.        ,  0.        ],
        [ 0.98533485,  0.99620308,  0.99892636, ..., -0.36834174,
          0.        ,  0.        ]]]), 'num': array([ 7.58057888e-01,  6.52186668e-01,  2.85752281e-05,  1.25291385e-04,
        1.27489479e-04,  1.25122300e-04,  8.12990602e-04, -8.45420949e-07,
        1.24750315e-04,  1.26813142e-04,  1.28881606e-04,  1.71027686e-06,
        1.30963117e-04,  1.22663167e-04])}
{'img': array([[[ 0.        , -0.2443324 , -0.92938476, ..., -0.87500148,
         -0.87500148, -0.94122641],
        [ 0.2443324 ,  0.        , -0.81103042, ..., -0.73019527,
         -0.73019527, -0.83016959],
        [ 0.92938476,  0.81103042,  0.        , ...,  0.12696008,
          0.12696008, -0.03349419],
        ...,
        [ 0.87500148,  0.73019527, -0.12696008, ...,  0.        ,
          0.        , -0.160112  ],
        [ 0.87500148,  0.73019527, -0.12696008, ...,  0.        ,
          0.        , -0.160112  ],
        [ 0.94122641,  0.83016959,  0.03349419, ...,  0.160112  ,
          0.160112  ,  0.        ]],

       [[ 0.        , -0.26813512,  0.43910595, ..., -0.81483999,
         -0.73469136, -0.96182949],
        [ 0.26813512,  0.        ,  0.66392852, ..., -0.62956747,
         -0.52588466, -0.85323352],
        [-0.43910595, -0.66392852,  0.        , ..., -0.98662455,
         -0.95796278, -0.98430266],
        ...,
        [ 0.81483999,  0.62956747,  0.98662455, ...,  0.        ,
          0.12689843, -0.33457849],
        [ 0.73469136,  0.52588466,  0.95796278, ..., -0.12689843,
          0.        , -0.45145866],
        [ 0.96182949,  0.85323352,  0.98430266, ...,  0.33457849,
          0.45145866,  0.        ]],

       [[ 0.        , -0.56754287, -0.89873811, ..., -0.27253768,
         -0.        , -0.27253768],
        [ 0.56754287,  0.        , -0.49111101, ..., -0.77045082,
         -0.56754287, -0.77045082],
        [ 0.89873811,  0.49111101,  0.        , ..., -0.98422039,
         -0.89873811, -0.98422039],
        ...,
        [ 0.27253768,  0.77045082,  0.98422039, ...,  0.        ,
         -0.27253768,  0.        ],
        [ 0.        ,  0.56754287,  0.89873811, ...,  0.27253768,
          0.        ,  0.27253768],
        [ 0.27253768,  0.77045082,  0.98422039, ...,  0.        ,
         -0.27253768,  0.        ]],

       ...,

       [[ 0.        , -0.23286798, -0.81119035, ..., -0.70583902,
         -0.70583902, -0.36663125],
        [ 0.23286798,  0.        , -0.65271235, ..., -0.52147712,
         -0.52147712, -0.13989942],
        [ 0.81119035,  0.65271235,  0.        , ...,  0.16186267,
          0.16186267,  0.54030478],
        ...,
        [ 0.70583902,  0.52147712, -0.16186267, ...,  0.        ,
          0.        ,  0.39697746],
        [ 0.70583902,  0.52147712, -0.16186267, ...,  0.        ,
          0.        ,  0.39697746],
        [ 0.36663125,  0.13989942, -0.54030478, ..., -0.39697746,
         -0.39697746,  0.        ]],

       [[ 0.        , -0.01058255,  0.26475234, ..., -0.78342115,
         -0.78342115, -0.77981612],
        [ 0.01058255,  0.        ,  0.27494244, ..., -0.78995424,
         -0.78995424, -0.78639722],
        [-0.26475234, -0.27494244,  0.        , ..., -0.59092465,
         -0.59092465, -0.58625225],
        ...,
        [ 0.78342115,  0.78995424,  0.59092465, ...,  0.        ,
          0.        , -0.00577956],
        [ 0.78342115,  0.78995424,  0.59092465, ...,  0.        ,
          0.        , -0.00577956],
        [ 0.77981612,  0.78639722,  0.58625225, ...,  0.00577956,
          0.00577956,  0.        ]],

       [[ 0.        ,  0.04081607, -0.23896653, ..., -0.99620308,
         -0.99620308, -0.994722  ],
        [-0.04081607,  0.        , -0.27840093, ..., -0.99892636,
         -0.99892636, -0.99808108],
        [ 0.23896653,  0.27840093,  0.        , ..., -0.94653649,
         -0.94653649, -0.94138314],
        ...,
        [ 0.99620308,  0.99892636,  0.94653649, ...,  0.        ,
          0.        ,  0.01561676],
        [ 0.99620308,  0.99892636,  0.94653649, ...,  0.        ,
          0.        ,  0.01561676],
        [ 0.994722  ,  0.99808108,  0.94138314, ..., -0.01561676,
         -0.01561676,  0.        ]]]), 'num': array([7.50071064e-01, 6.61356103e-01, 2.36573230e-05, 1.25303618e-04,
       1.26138975e-04, 1.23131688e-04, 1.17344332e-03, 1.50364341e-06,
       1.24067289e-04, 1.25387153e-04, 1.27255570e-04, 1.61032762e-06,
       1.29415621e-04, 1.21358686e-04])}
{'img': array([[[ 0.        , -0.81103042, -0.68752094, ..., -0.73019527,
         -0.83016959, -0.64351391],
        [ 0.81103042,  0.        ,  0.18673905, ...,  0.12696008,
         -0.03349419,  0.2443324 ],
        [ 0.68752094, -0.18673905,  0.        , ..., -0.06050113,
         -0.21953929,  0.0589552 ],
        ...,
        [ 0.73019527, -0.12696008,  0.06050113, ...,  0.        ,
         -0.160112  ,  0.1192431 ],
        [ 0.83016959,  0.03349419,  0.21953929, ...,  0.160112  ,
          0.        ,  0.27667433],
        [ 0.64351391, -0.2443324 , -0.0589552 , ..., -0.1192431 ,
         -0.27667433,  0.        ]],

       [[ 0.        ,  0.66392852, -0.43303962, ..., -0.52588466,
         -0.85323352, -0.70124077],
