state_0,state_1,state_2,state_3,state_4,state_5,state_6,state_7,state_8,state_9,state_10,state_11,state_12,state_13,state_14,state_15,state_16,state_17,state_18,state_19,state_20,state_21,state_22,state_23,state_24,state_25,state_26,state_27,state_28,state_29,state_30,state_31,state_32,state_33,state_34,state_35,state_36,state_37,state_38,state_39,state_40,state_41,state_42,state_43,state_44,state_45,state_46,state_47,state_48,state_49,state_50,state_51,state_52,state_53,state_54,state_55,state_56,state_57,state_58,state_59,state_60,state_61,state_62,state_63,state_64,state_65,state_66,state_67,state_68,state_69,state_70,state_71,state_72,state_73,state_74,state_75,state_76,state_77,state_78,state_79,state_80,state_81,state_82,state_83,state_84,state_85,state_86,state_87,state_88,state_89,state_90,state_91,state_92,state_93,state_94,state_95,state_96,state_97,state_98,state_99,state_100,state_101,state_102,state_103,state_104,state_105,state_106,state_107,state_108,state_109,state_110,state_111,state_112,state_113,state_114,state_115,state_116,state_117,state_118,state_119,state_120,state_121,state_122,state_123,state_124,state_125,state_126,state_127,state_128,state_129,state_130,state_131,state_132,state_133,state_134,state_135,state_136,state_137,state_138,state_139,state_140,state_141,state_142,state_143,state_144,state_145,state_146,state_147,state_148,state_149,state_150,state_151,state_152,state_153,state_154,state_155,state_156,state_157,state_158,state_159,state_160,state_161,state_162,state_163,state_164,state_165,state_166,state_167,state_168,state_169,state_170,state_171,state_172,state_173,state_174,state_175,state_176,state_177,state_178,state_179,state_180,state_181,state_182,state_183,state_184,state_185,state_186,state_187,state_188,state_189,state_190,state_191,state_192,state_193,state_194,state_195,state_196,state_197,state_198,state_199,state_200,state_201,state_202,state_203,state_204,state_205,state_206,state_207,state_208,state_209,state_210,state_211,state_212,state_213,state_214,state_215,state_216,state_217,state_218,state_219,state_220,state_221,state_222,state_223,state_224,state_225,state_226,state_227,state_228,state_229,state_230,state_231,state_232,state_233,state_234,state_235,state_236,state_237,state_238,state_239,state_240,state_241,state_242,state_243,state_244,state_245,state_246,state_247,state_248,state_249,state_250,state_251,state_252,state_253,state_254,state_255,state_256,state_257,state_258,state_259,state_260,state_261,state_262,state_263,state_264,state_265,state_266,state_267,state_268,state_269,state_270,state_271,state_272,state_273,state_274,state_275,state_276,state_277,state_278,state_279,state_280,state_281,state_282,state_283,state_284,state_285,state_286,state_287
{'img': array([[[ 0.        ,  0.        ,  0.7287474 , ..., -0.61020756,
         -0.85117938, -0.98689451],
        [ 0.        ,  0.        ,  0.7287474 , ..., -0.61020756,
         -0.85117938, -0.98689451],
        [-0.7287474 , -0.7287474 ,  0.        , ..., -0.99520353,
         -0.96537406, -0.79340381],
        ...,
        [ 0.61020756,  0.61020756,  0.99520353, ...,  0.        ,
         -0.35405708, -0.68339165],
        [ 0.85117938,  0.85117938,  0.96537406, ...,  0.35405708,
          0.        , -0.38064408],
        [ 0.98689451,  0.98689451,  0.79340381, ...,  0.68339165,
          0.38064408,  0.        ]],

       [[ 0.        , -0.75935613, -0.91509872, ..., -0.83100185,
         -0.81178457, -0.69181987],
        [ 0.75935613,  0.        , -0.90162716, ..., -0.9631191 ,
         -0.97163947, -0.99845844],
        [ 0.91509872,  0.90162716,  0.        , ..., -0.17395687,
         -0.20704253, -0.381803  ],
        ...,
        [ 0.83100185,  0.9631191 ,  0.17395687, ...,  0.        ,
         -0.03369824, -0.2152032 ],
        [ 0.81178457,  0.97163947,  0.20704253, ...,  0.03369824,
          0.        , -0.18217231],
        [ 0.69181987,  0.99845844,  0.381803  , ...,  0.2152032 ,
          0.18217231,  0.        ]],

       [[ 0.        ,  0.40316324,  0.9497526 , ..., -0.51701464,
         -0.51701464, -0.59454817],
        [-0.40316324,  0.        ,  0.74295453, ..., -0.8182329 ,
         -0.8182329 , -0.86825516],
        [-0.9497526 , -0.74295453,  0.        , ..., -0.97479237,
         -0.97479237, -0.9497526 ],
        ...,
        [ 0.51701464,  0.8182329 ,  0.97479237, ...,  0.        ,
          0.        , -0.09320851],
        [ 0.51701464,  0.8182329 ,  0.97479237, ...,  0.        ,
          0.        , -0.09320851],
        [ 0.59454817,  0.86825516,  0.9497526 , ...,  0.09320851,
          0.09320851,  0.        ]],

       ...,

       [[ 0.        , -0.180129  ,  0.16549616, ..., -0.87264272,
         -0.95880546, -0.98513032],
        [ 0.180129  ,  0.        ,  0.34043424, ..., -0.77040125,
         -0.8919542 , -0.9380688 ],
        [-0.16549616, -0.34043424,  0.        , ..., -0.94143093,
         -0.99259537, -0.99997949],
        ...,
        [ 0.87264272,  0.77040125,  0.94143093, ...,  0.        ,
         -0.22035547, -0.33116977],
        [ 0.95880546,  0.8919542 ,  0.99259537, ...,  0.22035547,
          0.        , -0.11510843],
        [ 0.98513032,  0.9380688 ,  0.99997949, ...,  0.33116977,
          0.11510843,  0.        ]],

       [[ 0.        ,  0.31785536,  0.66983469, ..., -0.59659763,
         -0.58391317, -0.64869934],
        [-0.31785536,  0.        ,  0.39908567, ..., -0.82074941,
         -0.81167108, -0.85695945],
        [-0.66983469, -0.39908567,  0.        , ..., -0.98054933,
         -0.97734412, -0.99144012],
        ...,
        [ 0.59659763,  0.82074941,  0.98054933, ...,  0.        ,
          0.0157136 , -0.06656999],
        [ 0.58391317,  0.81167108,  0.97734412, ..., -0.0157136 ,
          0.        , -0.08224051],
        [ 0.64869934,  0.85695945,  0.99144012, ...,  0.06656999,
          0.08224051,  0.        ]],

       [[ 0.        ,  0.13843923,  0.21409883, ...,  0.82573367,
          0.81004687,  0.74990639],
        [-0.13843923,  0.        ,  0.07680815, ...,  0.89587068,
          0.88342281,  0.83426913],
        [-0.21409883, -0.07680815,  0.        , ...,  0.92735119,
          0.91680359,  0.87415335],
        ...,
        [-0.82573367, -0.89587068, -0.92735119, ...,  0.        ,
          0.02726623,  0.12326676],
        [-0.81004687, -0.88342281, -0.91680359, ..., -0.02726623,
          0.        ,  0.09616264],
        [-0.74990639, -0.83426913, -0.87415335, ..., -0.12326676,
         -0.09616264,  0.        ]]]), 'num': array([7.08561030e-01, 7.05232278e-01, 5.57579796e-07, 6.65750276e-04,
       6.78017031e-04, 6.46792563e-04, 2.41863618e-02, 5.57579796e-06,
       6.90729851e-04, 6.86659518e-04, 7.09984940e-04, 5.67293729e-06,
       7.30607985e-04, 6.42711052e-04])}
{'img': array([[[ 0.        ,  0.7287474 , -0.59273738, ..., -0.85117938,
         -0.98689451, -0.9739139 ],
        [-0.7287474 ,  0.        , -0.99282635, ..., -0.96537406,
         -0.79340381, -0.8322851 ],
        [ 0.59273738,  0.99282635,  0.        , ..., -0.37442334,
         -0.69919258, -0.64988348],
        ...,
        [ 0.85117938,  0.96537406,  0.37442334, ...,  0.        ,
         -0.38064408, -0.31803516],
        [ 0.98689451,  0.79340381,  0.69919258, ...,  0.38064408,
          0.        ,  0.06678665],
        [ 0.9739139 ,  0.8322851 ,  0.64988348, ...,  0.31803516,
         -0.06678665,  0.        ]],

       [[ 0.        , -0.96088774, -0.99984701, ..., -0.86837291,
         -0.74839516, -0.63836405],
        [ 0.96088774,  0.        ,  0.26008842, ..., -0.23602993,
         -0.43005258, -0.56284114],
        [ 0.99984701, -0.26008842,  0.        , ..., -0.48064674,
         -0.65006106, -0.75845086],
        ...,
        [ 0.86837291,  0.23602993,  0.48064674, ...,  0.        ,
         -0.20481306, -0.35184441],
        [ 0.74839516,  0.43005258,  0.65006106, ...,  0.20481306,
          0.        , -0.15266869],
        [ 0.63836405,  0.56284114,  0.75845086, ...,  0.35184441,
          0.15266869,  0.        ]],

       [[ 0.        ,  0.74295453,  0.51115374, ..., -0.8182329 ,
         -0.86825516, -0.94134701],
        [-0.74295453,  0.        , -0.29642485, ..., -0.97479237,
         -0.9497526 , -0.88078562],
        [-0.51115374,  0.29642485,  0.        , ..., -0.997118  ,
         -0.99984854, -0.98156144],
        ...,
        [ 0.8182329 ,  0.97479237,  0.997118  , ...,  0.        ,
         -0.09320851, -0.26506348],
        [ 0.86825516,  0.9497526 ,  0.99984854, ...,  0.09320851,
          0.        , -0.17403502],
        [ 0.94134701,  0.88078562,  0.98156144, ...,  0.26506348,
          0.17403502,  0.        ]],

       ...,

       [[ 0.        ,  0.34043424, -0.51488502, ..., -0.8919542 ,
         -0.9380688 , -0.93100021],
        [-0.34043424,  0.        , -0.77597047, ..., -0.99259537,
         -0.99997949, -0.99965485],
        [ 0.51488502,  0.77597047,  0.        , ..., -0.5318432 ,
         -0.62578675, -0.61016591],
        ...,
        [ 0.8919542 ,  0.99259537,  0.5318432 , ...,  0.        ,
         -0.11510843, -0.09534928],
        [ 0.9380688 ,  0.99997949,  0.62578675, ...,  0.11510843,
          0.        ,  0.01986849],
        [ 0.93100021,  0.99965485,  0.61016591, ...,  0.09534928,
         -0.01986849,  0.        ]],

       [[ 0.        ,  0.39908567,  0.51590147, ..., -0.81167108,
         -0.85695945, -0.86580245],
        [-0.39908567,  0.        ,  0.13116118, ..., -0.97734412,
         -0.99144012, -0.99356295],
        [-0.51590147, -0.13116118,  0.        , ..., -0.99666201,
         -0.99999982, -0.99983773],
        ...,
        [ 0.81167108,  0.97734412,  0.99666201, ...,  0.        ,
         -0.08224051, -0.09957917],
        [ 0.85695945,  0.99144012,  0.99999982, ...,  0.08224051,
          0.        , -0.0174101 ],
        [ 0.86580245,  0.99356295,  0.99983773, ...,  0.09957917,
          0.0174101 ,  0.        ]],

       [[ 0.        ,  0.16450962,  0.48564717, ...,  0.81149163,
          0.75134768,  0.73283909],
        [-0.16450962,  0.        ,  0.33522356, ...,  0.89656895,
          0.8496719 ,  0.83478719],
        [-0.48564717, -0.33522356,  0.        , ...,  0.99316415,
          0.97727602,  0.9710502 ],
        ...,
        [-0.81149163, -0.89656895, -0.99316415, ...,  0.        ,
          0.09644809,  0.1238957 ],
        [-0.75134768, -0.8496719 , -0.97727602, ..., -0.09644809,
          0.        ,  0.02761313],
        [-0.73283909, -0.83478719, -0.9710502 , ..., -0.1238957 ,
         -0.02761313,  0.        ]]]), 'num': array([ 8.44840942e-01,  5.34862532e-01,  5.26279135e-05,  4.71808844e-04,
        4.94237788e-04,  4.71808844e-04,  1.28036424e-02, -6.40826953e-06,
        4.90072412e-04,  4.92595669e-04,  5.08362682e-04,  3.65435078e-06,
        5.25336200e-04,  4.59855137e-04])}
{'img': array([[[ 0.00000000e+00, -9.92826349e-01, -9.68245837e-01, ...,
         -7.93403808e-01, -8.32285100e-01, -7.67286605e-01],
        [ 9.92826349e-01,  0.00000000e+00,  1.32438063e-01, ...,
         -6.99192581e-01, -6.49883477e-01, -7.28444644e-01],
        [ 9.68245837e-01, -1.32438063e-01,  0.00000000e+00, ...,
         -7.87717983e-01, -7.44816250e-01, -8.12761916e-01],
        ...,
        [ 7.93403808e-01,  6.99192581e-01,  7.87717983e-01, ...,
          0.00000000e+00,  6.67866454e-02, -4.17692917e-02],
        [ 8.32285100e-01,  6.49883477e-01,  7.44816250e-01, ...,
         -6.67866454e-02,  0.00000000e+00, -1.08404392e-01],
        [ 7.67286605e-01,  7.28444644e-01,  8.12761916e-01, ...,
          4.17692917e-02,  1.08404392e-01,  0.00000000e+00]],

       [[ 0.00000000e+00,  4.28804644e-01, -4.94197185e-01, ...,
         -5.89613294e-01, -7.40170809e-01, -8.48113597e-01],
        [-4.28804644e-01,  0.00000000e+00, -8.19237622e-01, ...,
         -8.78994396e-01, -9.57004614e-01, -9.93370371e-01],
        [ 4.94197185e-01,  8.19237622e-01,  0.00000000e+00, ...,
         -1.13424231e-01, -3.11159847e-01, -4.75474620e-01],
        ...,
        [ 5.89613294e-01,  8.78994396e-01,  1.13424231e-01, ...,
          0.00000000e+00, -2.01358245e-01, -3.72623581e-01],
        [ 7.40170809e-01,  9.57004614e-01,  3.11159847e-01, ...,
          2.01358245e-01,  0.00000000e+00, -1.78134437e-01],
        [ 8.48113597e-01,  9.93370371e-01,  4.75474620e-01, ...,
          3.72623581e-01,  1.78134437e-01,  0.00000000e+00]],

       [[ 0.00000000e+00, -2.96424853e-01, -6.07208497e-01, ...,
         -9.49752597e-01, -8.80785620e-01, -8.03351143e-01],
        [ 2.96424853e-01,  0.00000000e+00, -3.44396073e-01, ...,
         -9.99848542e-01, -9.81561438e-01, -9.43768139e-01],
        [ 6.07208497e-01,  3.44396073e-01,  0.00000000e+00, ...,
         -9.44676071e-01, -9.87344123e-01, -9.99892726e-01],
        ...,
        [ 9.49752597e-01,  9.99848542e-01,  9.44676071e-01, ...,
          0.00000000e+00, -1.74035024e-01, -3.14132810e-01],
        [ 8.80785620e-01,  9.81561438e-01,  9.87344123e-01, ...,
          1.74035024e-01,  0.00000000e+00, -1.44113769e-01],
        [ 8.03351143e-01,  9.43768139e-01,  9.99892726e-01, ...,
          3.14132810e-01,  1.44113769e-01,  0.00000000e+00]],

       ...,

       [[ 0.00000000e+00, -7.75970475e-01, -8.01950184e-01, ...,
         -9.99979492e-01, -9.99654855e-01, -9.92288504e-01],
        [ 7.75970475e-01,  0.00000000e+00, -4.22877899e-02, ...,
         -6.25786751e-01, -6.10165911e-01, -7.22086351e-01],
        [ 8.01950184e-01,  4.22877899e-02,  0.00000000e+00, ...,
         -5.92242736e-01, -5.76116598e-01, -6.92185607e-01],
        ...,
        [ 9.99979492e-01,  6.25786751e-01,  5.92242736e-01, ...,
          0.00000000e+00,  1.98684948e-02, -1.30302050e-01],
        [ 9.99654855e-01,  6.10165911e-01,  5.76116598e-01, ...,
         -1.98684948e-02,  0.00000000e+00, -1.49975432e-01],
        [ 9.92288504e-01,  7.22086351e-01,  6.92185607e-01, ...,
          1.30302050e-01,  1.49975432e-01,  0.00000000e+00]],

       [[ 0.00000000e+00,  1.31161180e-01,  2.74267816e-01, ...,
         -9.91440115e-01, -9.93562947e-01, -9.92128146e-01],
        [-1.31161180e-01,  0.00000000e+00,  1.45766844e-01, ...,
         -9.99999818e-01, -9.99837732e-01, -9.99982097e-01],
        [-2.74267816e-01, -1.45766844e-01,  0.00000000e+00, ...,
         -9.89230728e-01, -9.86532572e-01, -9.88429025e-01],
        ...,
        [ 9.91440115e-01,  9.99999818e-01,  9.89230728e-01, ...,
          0.00000000e+00, -1.74101035e-02, -5.37964040e-03],
        [ 9.93562947e-01,  9.99837732e-01,  9.86532572e-01, ...,
          1.74101035e-02,  0.00000000e+00,  1.20310265e-02],
        [ 9.92128146e-01,  9.99982097e-01,  9.88429025e-01, ...,
          5.37964040e-03, -1.20310265e-02,  0.00000000e+00]],

       [[ 0.00000000e+00,  4.61750740e-01,  6.48855483e-01, ...,
          7.53390081e-01,  7.34868272e-01,  7.53401182e-01],
        [-4.61750740e-01,  0.00000000e+00,  2.24189600e-01, ...,
          9.71899548e-01,  9.64999212e-01,  9.71903521e-01],
        [-6.48855483e-01, -2.24189600e-01,  0.00000000e+00, ...,
          9.99933708e-01,  9.99230031e-01,  9.99933902e-01],
        ...,
        [-7.53390081e-01, -9.71899548e-01, -9.99933708e-01, ...,
          0.00000000e+00,  2.77264186e-02, -1.68821280e-05],
        [-7.34868272e-01, -9.64999212e-01, -9.99230031e-01, ...,
         -2.77264186e-02,  0.00000000e+00, -2.77432942e-02],
        [-7.53401182e-01, -9.71903521e-01, -9.99933902e-01, ...,
          1.68821280e-05,  2.77432942e-02,  0.00000000e+00]]]), 'num': array([8.94344066e-01, 4.47196110e-01, 7.40311185e-05, 5.05823480e-04,
       5.12523128e-04, 4.88236902e-04, 1.27372047e-02, 1.25618414e-05,
       5.03478603e-04, 5.15244861e-04, 5.29579317e-04, 4.09943542e-06,
       5.49125627e-04, 4.81364095e-04])}
{'img': array([[[ 0.        ,  0.16209636, -0.31356963, ..., -0.72125829,
         -0.79852725, -0.64992375],
        [-0.16209636,  0.        , -0.46334371, ..., -0.82399827,
         -0.88554198, -0.7645216 ],
        [ 0.31356963,  0.46334371,  0.        , ..., -0.46768269,
         -0.56949774, -0.37883224],
        ...,
        [ 0.72125829,  0.82399827,  0.46768269, ...,  0.        ,
         -0.11894517,  0.09797567],
        [ 0.79852725,  0.88554198,  0.56949774, ...,  0.11894517,
          0.        ,  0.21565302],
        [ 0.64992375,  0.7645216 ,  0.37883224, ..., -0.09797567,
         -0.21565302,  0.        ]],

       [[ 0.        , -0.81923762, -0.77750607, ..., -0.95700461,
         -0.99337037, -0.99612827],
        [ 0.81923762,  0.        ,  0.0693343 , ..., -0.31115985,
         -0.47547462, -0.49921335],
        [ 0.77750607, -0.0693343 ,  0.        , ..., -0.37630341,
         -0.53532581, -0.55808871],
        ...,
        [ 0.95700461,  0.31115985,  0.37630341, ...,  0.        ,
         -0.17813444, -0.20481769],
        [ 0.99337037,  0.47547462,  0.53532581, ...,  0.17813444,
          0.        , -0.02718386],
        [ 0.99612827,  0.49921335,  0.55808871, ...,  0.20481769,
          0.02718386,  0.        ]],

       [[ 0.        , -0.54903952, -0.81252753, ..., -0.8871859 ,
         -0.81016139, -0.64961572],
        [ 0.54903952,  0.        , -0.3590599 , ..., -0.99484028,
         -0.99898072, -0.96036076],
        [ 0.81252753,  0.3590599 ,  0.        , ..., -0.89207099,
         -0.9485708 , -0.99641022],
        ...,
        [ 0.8871859 ,  0.99484028,  0.89207099, ...,  0.        ,
         -0.14625619, -0.37475378],
        [ 0.81016139,  0.99898072,  0.9485708 , ...,  0.14625619,
          0.        , -0.23512629],
        [ 0.64961572,  0.96036076,  0.99641022, ...,  0.37475378,
          0.23512629,  0.        ]],

       ...,

       [[ 0.        , -0.2831883 , -0.7443193 , ..., -0.96597529,
         -0.99722838, -0.98153846],
        [ 0.2831883 ,  0.        , -0.52473017, ..., -0.8531902 ,
         -0.93533658, -0.88719455],
        [ 0.7443193 ,  0.52473017,  0.        , ..., -0.45259483,
         -0.61059461, -0.51313272],
        ...,
        [ 0.96597529,  0.8531902 ,  0.45259483, ...,  0.        ,
         -0.18604771, -0.06910246],
        [ 0.99722838,  0.93533658,  0.61059461, ...,  0.18604771,
          0.        ,  0.11770699],
        [ 0.98153846,  0.88719455,  0.51313272, ...,  0.06910246,
         -0.11770699,  0.        ]],

       [[ 0.        ,  0.14576684,  0.15543495, ..., -0.99983773,
         -0.9999821 , -0.99996734],
        [-0.14576684,  0.        ,  0.00977953, ..., -0.98653257,
         -0.98842902, -0.9881086 ],
        [-0.15543495, -0.00977953,  0.        , ..., -0.98488581,
         -0.98689836, -0.98655768],
        ...,
        [ 0.99983773,  0.98653257,  0.98488581, ...,  0.        ,
          0.01203103,  0.00993308],
        [ 0.9999821 ,  0.98842902,  0.98689836, ..., -0.01203103,
          0.        , -0.00209807],
        [ 0.99996734,  0.9881086 ,  0.98655768, ..., -0.00993308,
          0.00209807,  0.        ]],

       [[ 0.        ,  0.49943485,  0.69591375, ...,  0.75219399,
          0.77081702,  0.76504041],
        [-0.49943485,  0.        ,  0.24424904, ...,  0.98076281,
          0.98596671,  0.98442106],
        [-0.69591375, -0.24424904,  0.        , ...,  0.9987362 ,
          0.99687971,  0.99755105],
        ...,
        [-0.75219399, -0.98076281, -0.9987362 , ...,  0.        ,
         -0.02873335, -0.01971745],
        [-0.77081702, -0.98596671, -0.99687971, ...,  0.02873335,
          0.        ,  0.00901846],
        [-0.76504041, -0.98442106, -0.99755105, ...,  0.01971745,
         -0.00901846,  0.        ]]]), 'num': array([7.94808548e-01, 6.06757745e-01, 3.08280005e-05, 4.53134465e-04,
       4.62048585e-04, 4.49420248e-04, 1.10789148e-02, 4.45706031e-06,
       4.44517481e-04, 4.57294388e-04, 4.69142740e-04, 3.77892454e-06,
       4.87117121e-04, 4.27471654e-04])}
{'img': array([[[ 0.00000000e+00, -4.63343715e-01,  2.55558688e-01, ...,
         -8.85541982e-01, -7.64521603e-01, -7.09946212e-01],
        [ 4.63343715e-01,  0.00000000e+00,  6.74428366e-01, ...,
         -5.69497740e-01, -3.78832242e-01, -3.02826631e-01],
        [-2.55558688e-01, -6.74428366e-01,  0.00000000e+00, ...,
         -9.74858451e-01, -9.03867197e-01, -8.66350129e-01],
        ...,
        [ 8.85541982e-01,  5.69497740e-01,  9.74858451e-01, ...,
          0.00000000e+00,  2.15653018e-01,  2.93836009e-01],
        [ 7.64521603e-01,  3.78832242e-01,  9.03867197e-01, ...,
         -2.15653018e-01,  0.00000000e+00,  8.07888677e-02],
        [ 7.09946212e-01,  3.02826631e-01,  8.66350129e-01, ...,
         -2.93836009e-01, -8.07888677e-02,  0.00000000e+00]],

       [[ 0.00000000e+00,  6.93342978e-02,  2.00709787e-02, ...,
         -4.75474620e-01, -4.99213351e-01, -5.08376072e-01],
        [-6.93342978e-02,  0.00000000e+00, -4.92976534e-02, ...,
         -5.35325805e-01, -5.58088705e-01, -5.66858858e-01],
        [-2.00709787e-02,  4.92976534e-02,  0.00000000e+00, ...,
         -4.93035870e-01, -5.16503872e-01, -5.25557489e-01],
        ...,
        [ 4.75474620e-01,  5.35325805e-01,  4.93035870e-01, ...,
          0.00000000e+00, -2.71838605e-02, -3.77854819e-02],
        [ 4.99213351e-01,  5.58088705e-01,  5.16503872e-01, ...,
          2.71838605e-02,  0.00000000e+00, -1.06070705e-02],
        [ 5.08376072e-01,  5.66858858e-01,  5.25557489e-01, ...,
          3.77854819e-02,  1.06070705e-02,  0.00000000e+00]],

       [[ 0.00000000e+00, -6.89266338e-01, -7.66521835e-01, ...,
         -8.35694239e-01, -6.73903563e-01, -6.14510341e-01],
        [ 6.89266338e-01,  0.00000000e+00, -1.12691820e-01, ...,
         -9.84008824e-01, -9.97491844e-01, -9.88985945e-01],
        [ 7.66521835e-01,  1.12691820e-01,  0.00000000e+00, ...,
         -9.57668042e-01, -9.99114306e-01, -9.99365549e-01],
        ...,
        [ 8.35694239e-01,  9.84008824e-01,  9.57668042e-01, ...,
          0.00000000e+00, -2.47322589e-01, -3.21800510e-01],
        [ 6.73903563e-01,  9.97491844e-01,  9.99114306e-01, ...,
          2.47322589e-01,  0.00000000e+00, -7.76363154e-02],
        [ 6.14510341e-01,  9.88985945e-01,  9.99365549e-01, ...,
          3.21800510e-01,  7.76363154e-02,  0.00000000e+00]],

       ...,

       [[ 0.00000000e+00, -7.11511981e-01, -3.89210189e-01, ...,
         -9.95298842e-01, -9.76358623e-01, -9.58547074e-01],
        [ 7.11511981e-01,  0.00000000e+00,  3.81920663e-01, ...,
         -6.30459575e-01, -5.32263506e-01, -4.70811967e-01],
        [ 3.89210189e-01, -3.81920663e-01,  0.00000000e+00, ...,
         -8.79122911e-01, -8.15241244e-01, -7.72065353e-01],
        ...,
        [ 9.95298842e-01,  6.30459575e-01,  8.79122911e-01, ...,
          0.00000000e+00,  1.20578983e-01,  1.90757963e-01],
        [ 9.76358623e-01,  5.32263506e-01,  8.15241244e-01, ...,
         -1.20578983e-01,  0.00000000e+00,  7.10013386e-02],
        [ 9.58547074e-01,  4.70811967e-01,  7.72065353e-01, ...,
         -1.90757963e-01, -7.10013386e-02,  0.00000000e+00]],

       [[ 0.00000000e+00,  9.77953200e-03,  2.00410260e-01, ...,
         -9.88429025e-01, -9.88108605e-01, -9.88219471e-01],
        [-9.77953200e-03,  0.00000000e+00,  1.90819551e-01, ...,
         -9.86898358e-01, -9.86557676e-01, -9.86675521e-01],
        [-2.00410260e-01, -1.90819551e-01,  0.00000000e+00, ...,
         -9.37976792e-01, -9.37247330e-01, -9.37499072e-01],
        ...,
        [ 9.88429025e-01,  9.86898358e-01,  9.37976792e-01, ...,
          0.00000000e+00, -2.09807415e-03, -1.37535450e-03],
        [ 9.88108605e-01,  9.86557676e-01,  9.37247330e-01, ...,
          2.09807415e-03,  0.00000000e+00,  7.22720700e-04],
        [ 9.88219471e-01,  9.86675521e-01,  9.37499072e-01, ...,
          1.37535450e-03, -7.22720700e-04,  0.00000000e+00]],

       [[ 0.00000000e+00,  5.40787058e-01,  7.14999814e-01, ...,
          7.91579341e-01,  7.85794231e-01,  7.80361435e-01],
        [-5.40787058e-01,  0.00000000e+00,  2.23351350e-01, ...,
          9.96301309e-01,  9.95448622e-01,  9.94578148e-01],
        [-7.14999814e-01, -2.23351350e-01,  0.00000000e+00, ...,
          9.90324987e-01,  9.91586928e-01,  9.92679841e-01],
        ...,
        [-7.91579341e-01, -9.96301309e-01, -9.90324987e-01, ...,
          0.00000000e+00,  9.40988482e-03,  1.81446575e-02],
        [-7.85794231e-01, -9.95448622e-01, -9.91586928e-01, ...,
         -9.40988482e-03,  0.00000000e+00,  8.73551850e-03],
        [-7.80361435e-01, -9.94578148e-01, -9.92679841e-01, ...,
         -1.81446575e-02, -8.73551850e-03,  0.00000000e+00]]]), 'num': array([ 7.70031743e-01,  6.37938978e-01,  2.20154609e-05,  4.33091033e-04,
        4.46083764e-04,  4.30203760e-04,  9.13316808e-03, -7.21818389e-06,
        4.33091033e-04,  4.44279218e-04,  4.55010252e-04,  2.84089165e-06,
        4.73362319e-04,  4.15196117e-04])}
{'img': array([[[ 0.00000000e+00,  6.74428366e-01,  2.76045578e-01, ...,
         -3.78832242e-01, -3.02826631e-01, -4.29579064e-01],
        [-6.74428366e-01,  0.00000000e+00, -4.44407574e-01, ...,
         -9.03867197e-01, -8.66350129e-01, -9.26204071e-01],
        [-2.76045578e-01,  4.44407574e-01,  0.00000000e+00, ...,
         -6.19583164e-01, -5.54144205e-01, -6.62164807e-01],
        ...,
        [ 3.78832242e-01,  9.03867197e-01,  6.19583164e-01, ...,
          0.00000000e+00,  8.07888677e-02, -5.54639473e-02],
        [ 3.02826631e-01,  8.66350129e-01,  5.54144205e-01, ...,
         -8.07888677e-02,  0.00000000e+00, -1.35947157e-01],
        [ 4.29579064e-01,  9.26204071e-01,  6.62164807e-01, ...,
          5.54639473e-02,  1.35947157e-01,  0.00000000e+00]],

       [[ 0.00000000e+00, -4.92976534e-02, -1.72295957e-01, ...,
         -5.58088705e-01, -5.66858858e-01, -6.36062806e-01],
        [ 4.92976534e-02,  0.00000000e+00, -1.23526049e-01, ...,
         -5.16503872e-01, -5.25557489e-01, -5.97249529e-01],
        [ 1.72295957e-01,  1.23526049e-01,  0.00000000e+00, ...,
         -4.06774654e-01, -4.16441632e-01, -4.93600647e-01],
        ...,
        [ 5.58088705e-01,  5.16503872e-01,  4.06774654e-01, ...,
          0.00000000e+00, -1.06070705e-02, -9.71509621e-02],
        [ 5.66858858e-01,  5.25557489e-01,  4.16441632e-01, ...,
          1.06070705e-02,  0.00000000e+00, -8.65886013e-02],
        [ 6.36062806e-01,  5.97249529e-01,  4.93600647e-01, ...,
          9.71509621e-02,  8.65886013e-02,  0.00000000e+00]],

       [[ 0.00000000e+00, -1.90959823e-01, -6.06922570e-01, ...,
         -9.26268346e-01, -8.91999609e-01, -9.12713590e-01],
        [ 1.90959823e-01,  0.00000000e+00, -4.43986479e-01, ...,
         -9.81189024e-01, -9.61905648e-01, -9.73943871e-01],
        [ 6.06922570e-01,  4.43986479e-01,  0.00000000e+00, ...,
         -9.64889577e-01, -9.83277424e-01, -9.73377654e-01],
        ...,
        [ 9.26268346e-01,  9.81189024e-01,  9.64889577e-01, ...,
          0.00000000e+00, -8.25436881e-02, -3.45037079e-02],
        [ 8.91999609e-01,  9.61905648e-01,  9.83277424e-01, ...,
          8.25436881e-02,  0.00000000e+00,  4.81085769e-02],
        [ 9.12713590e-01,  9.73943871e-01,  9.73377654e-01, ...,
          3.45037079e-02, -4.81085769e-02,  0.00000000e+00]],

       ...,

       [[ 0.00000000e+00,  6.34944231e-01,  1.26698247e-01, ...,
         -5.75768362e-01, -5.12777410e-01, -8.27518440e-01],
        [-6.34944231e-01,  0.00000000e+00, -5.31945668e-01, ...,
         -9.63953010e-01, -9.41263611e-01, -9.95788130e-01],
        [-1.26698247e-01,  5.31945668e-01,  0.00000000e+00, ...,
         -6.74718537e-01, -6.17418275e-01, -8.91983000e-01],
        ...,
        [ 5.75768362e-01,  9.63953010e-01,  6.74718537e-01, ...,
          0.00000000e+00,  7.50561652e-02, -3.53331173e-01],
        [ 5.12777410e-01,  9.41263611e-01,  6.17418275e-01, ...,
         -7.50561652e-02,  0.00000000e+00, -4.22549450e-01],
        [ 8.27518440e-01,  9.95788130e-01,  8.91983000e-01, ...,
          3.53331173e-01,  4.22549450e-01,  0.00000000e+00]],

       [[ 0.00000000e+00,  1.90819551e-01,  3.06229327e-01, ...,
         -9.86557676e-01, -9.86675521e-01, -9.86806656e-01],
        [-1.90819551e-01,  0.00000000e+00,  1.18950249e-01, ...,
         -9.37247330e-01, -9.37499072e-01, -9.37779931e-01],
        [-3.06229327e-01, -1.18950249e-01,  0.00000000e+00, ...,
         -8.89119260e-01, -8.89449799e-01, -8.89818779e-01],
        ...,
        [ 9.86557676e-01,  9.37247330e-01,  8.89119260e-01, ...,
          0.00000000e+00,  7.22720700e-04,  1.53069379e-03],
        [ 9.86675521e-01,  9.37499072e-01,  8.89449799e-01, ...,
         -7.22720700e-04,  0.00000000e+00,  8.07973537e-04],
        [ 9.86806656e-01,  9.37779931e-01,  8.89818779e-01, ...,
         -1.53069379e-03, -8.07973537e-04,  0.00000000e+00]],

       [[ 0.00000000e+00,  5.33640414e-01,  6.92844593e-01, ...,
          8.10618793e-01,  8.05198697e-01,  8.07220414e-01],
        [-5.33640414e-01,  0.00000000e+00,  2.01145495e-01, ...,
          9.98035691e-01,  9.97417274e-01,  9.97656889e-01],
        [-6.92844593e-01, -2.01145495e-01,  0.00000000e+00, ...,
          9.90238557e-01,  9.91478645e-01,  9.91027699e-01],
        ...,
        [-8.10618793e-01, -9.98035691e-01, -9.90238557e-01, ...,
          0.00000000e+00,  9.19748280e-03,  5.78037148e-03],
        [-8.05198697e-01, -9.97417274e-01, -9.91478645e-01, ...,
         -9.19748280e-03,  0.00000000e+00, -3.41720216e-03],
        [-8.07220414e-01, -9.97656889e-01, -9.91027699e-01, ...,
         -5.78037148e-03,  3.41720216e-03,  0.00000000e+00]]]), 'num': array([9.67200611e-01, 2.44629172e-01, 1.12200534e-04, 5.54119202e-04,
       5.59281803e-04, 5.11957958e-04, 6.83902695e-02, 3.78590759e-05,
       5.24348201e-04, 5.31876995e-04, 5.42532030e-04, 4.69929089e-06,
       5.66697561e-04, 4.97056428e-04])}
{'img': array([[[ 0.00000000e+00, -4.44407574e-01, -3.21750802e-01, ...,
         -8.66350129e-01, -9.26204071e-01, -5.76303422e-01],
        [ 4.44407574e-01,  0.00000000e+00,  1.32543611e-01, ...,
         -5.54144205e-01, -6.62164807e-01, -1.53081062e-01],
        [ 3.21750802e-01, -1.32543611e-01,  0.00000000e+00, ...,
         -6.59587131e-01, -7.55645289e-01, -2.82711858e-01],
        ...,
        [ 8.66350129e-01,  5.54144205e-01,  6.59587131e-01, ...,
          0.00000000e+00, -1.35947157e-01,  4.20185016e-01],
        [ 9.26204071e-01,  6.62164807e-01,  7.55645289e-01, ...,
          1.35947157e-01,  0.00000000e+00,  5.39647735e-01],
        [ 5.76303422e-01,  1.53081062e-01,  2.82711858e-01, ...,
         -4.20185016e-01, -5.39647735e-01,  0.00000000e+00]],

       [[ 0.00000000e+00, -1.23526049e-01, -1.50894181e-01, ...,
         -5.25557489e-01, -5.97249529e-01,  8.75150703e-01],
        [ 1.23526049e-01,  0.00000000e+00, -2.76268659e-02, ...,
         -4.16441632e-01, -4.93600647e-01,  9.28216346e-01],
        [ 1.50894181e-01,  2.76268659e-02,  0.00000000e+00, ...,
         -3.91165369e-01, -4.69385469e-01,  9.38140374e-01],
        ...,
        [ 5.25557489e-01,  4.16441632e-01,  3.91165369e-01, ...,
          0.00000000e+00, -8.65886013e-02,  9.98832761e-01],
        [ 5.97249529e-01,  4.93600647e-01,  4.69385469e-01, ...,
          8.65886013e-02,  0.00000000e+00,  9.90898868e-01],
        [-8.75150703e-01, -9.28216346e-01, -9.38140374e-01, ...,
         -9.98832761e-01, -9.90898868e-01,  0.00000000e+00]],

       [[ 0.00000000e+00, -4.43986479e-01, -4.14745690e-01, ...,
         -9.61905648e-01, -9.73943871e-01, -9.99860923e-01],
        [ 4.43986479e-01,  0.00000000e+00,  3.23738611e-02, ...,
         -9.83277424e-01, -9.73377654e-01, -8.88504337e-01],
        [ 4.14745690e-01, -3.23738611e-02,  0.00000000e+00, ...,
         -9.88657752e-01, -9.80287760e-01, -9.02893944e-01],
        ...,
        [ 9.61905648e-01,  9.83277424e-01,  9.88657752e-01, ...,
          0.00000000e+00,  4.81085769e-02,  2.89385689e-01],
        [ 9.73943871e-01,  9.73377654e-01,  9.80287760e-01, ...,
         -4.81085769e-02,  0.00000000e+00,  2.43000478e-01],
        [ 9.99860923e-01,  8.88504337e-01,  9.02893944e-01, ...,
         -2.89385689e-01, -2.43000478e-01,  0.00000000e+00]],

       ...,

       [[ 0.00000000e+00, -5.31945668e-01, -5.31945668e-01, ...,
         -9.41263611e-01, -9.95788130e-01, -8.78739356e-01],
        [ 5.31945668e-01,  0.00000000e+00,  0.00000000e+00, ...,
         -6.17418275e-01, -8.91983000e-01, -4.90198882e-01],
        [ 5.31945668e-01,  0.00000000e+00,  0.00000000e+00, ...,
         -6.17418275e-01, -8.91983000e-01, -4.90198882e-01],
        ...,
        [ 9.41263611e-01,  6.17418275e-01,  6.17418275e-01, ...,
          0.00000000e+00, -4.22549450e-01,  1.52540706e-01],
        [ 9.95788130e-01,  8.91983000e-01,  8.91983000e-01, ...,
          4.22549450e-01,  0.00000000e+00,  5.55858157e-01],
        [ 8.78739356e-01,  4.90198882e-01,  4.90198882e-01, ...,
         -1.52540706e-01, -5.55858157e-01,  0.00000000e+00]],

       [[ 0.00000000e+00,  1.18950249e-01,  3.47533280e-01, ...,
         -9.37499072e-01, -9.37779931e-01, -9.53969200e-01],
        [-1.18950249e-01,  0.00000000e+00,  2.33530068e-01, ...,
         -8.89449799e-01, -8.89818779e-01, -9.11522498e-01],
        [-3.47533280e-01, -2.33530068e-01,  0.00000000e+00, ...,
         -7.58125219e-01, -7.58651858e-01, -7.90279229e-01],
        ...,
        [ 9.37499072e-01,  8.89449799e-01,  7.58125219e-01, ...,
          0.00000000e+00,  8.07973537e-04,  5.08093370e-02],
        [ 9.37779931e-01,  8.89818779e-01,  7.58651858e-01, ...,
         -8.07973537e-04,  0.00000000e+00,  5.00023905e-02],
        [ 9.53969200e-01,  9.11522498e-01,  7.90279229e-01, ...,
         -5.08093370e-02, -5.00023905e-02,  0.00000000e+00]],

       [[ 0.00000000e+00,  5.01844741e-01,  7.05190859e-01, ...,
          8.29178985e-01,  8.31183691e-01,  8.10191905e-01],
        [-5.01844741e-01,  0.00000000e+00,  2.54143560e-01, ...,
          9.97727540e-01,  9.97963375e-01,  9.94945424e-01],
        [-7.05190859e-01, -2.54143560e-01,  0.00000000e+00, ...,
          9.82092271e-01,  9.81408446e-01,  9.87798261e-01],
        ...,
        [-8.29178985e-01, -9.97727540e-01, -9.82092271e-01, ...,
          0.00000000e+00, -3.59593384e-03,  3.31518071e-02],
        [-8.31183691e-01, -9.97963375e-01, -9.81408446e-01, ...,
          3.59593384e-03,  0.00000000e+00,  3.67455500e-02],
        [-8.10191905e-01, -9.94945424e-01, -9.87798261e-01, ...,
         -3.31518071e-02, -3.67455500e-02,  0.00000000e+00]]]), 'num': array([ 9.00247126e-01,  4.27034906e-01,  7.97996999e-05,  4.96550074e-04,
        5.63538280e-04,  4.91525959e-04,  8.48182888e-02, -4.27049811e-05,
        5.10952538e-04,  5.17651359e-04,  5.26652899e-04,  3.59269515e-06,
        5.51431453e-04,  4.83871265e-04])}
{'img': array([[[ 0.        ,  0.13254361, -0.02594792, ..., -0.66216481,
         -0.15308106, -0.73443396],
        [-0.13254361,  0.        , -0.15821797, ..., -0.75564529,
         -0.28271186, -0.8179089 ],
        [ 0.02594792,  0.15821797,  0.        , ..., -0.64249757,
         -0.12738743, -0.71657634],
        ...,
        [ 0.66216481,  0.75564529,  0.64249757, ...,  0.        ,
          0.53964774, -0.10095603],
        [ 0.15308106,  0.28271186,  0.12738743, ..., -0.53964774,
          0.        , -0.62188458],
        [ 0.73443396,  0.8179089 ,  0.71657634, ...,  0.10095603,
          0.62188458,  0.        ]],

       [[ 0.        , -0.02638981, -0.2349269 , ..., -0.47550317,
          0.88829264,  0.86935379],
        [ 0.02638981,  0.        , -0.20919385, ..., -0.45212208,
          0.90010353,  0.85600944],
        [ 0.2349269 ,  0.20919385,  0.        , ..., -0.25552679,
          0.97132876,  0.72892464],
        ...,
        [ 0.47550317,  0.45212208,  0.25552679, ...,  0.        ,
          0.99983157,  0.52979369],
        [-0.88829264, -0.90010353, -0.97132876, ..., -0.99983157,
          0.        ,  0.83826052],
        [-0.86935379, -0.85600944, -0.72892464, ..., -0.52979369,
         -0.83826052,  0.        ]],

       [[ 0.        ,  0.03237386, -0.04524111, ..., -0.97337765,
         -0.88850434, -0.8796717 ],
        [-0.03237386,  0.        , -0.07755811, ..., -0.98028776,
         -0.90289394, -0.89460701],
        [ 0.04524111,  0.07755811,  0.        , ..., -0.96201142,
         -0.86683489, -0.85725517],
        ...,
        [ 0.97337765,  0.98028776,  0.96201142, ...,  0.        ,
          0.24300048,  0.26129326],
        [ 0.88850434,  0.90289394,  0.86683489, ..., -0.24300048,
          0.        ,  0.01890279],
        [ 0.8796717 ,  0.89460701,  0.85725517, ..., -0.26129326,
         -0.01890279,  0.        ]],

       ...,

       [[ 0.        ,  0.        , -0.33522054, ..., -0.95093776,
         -0.5876765 , -0.89900515],
        [ 0.        ,  0.        , -0.33522054, ..., -0.95093776,
         -0.5876765 , -0.89900515],
        [ 0.33522054,  0.33522054,  0.        , ..., -0.79220492,
         -0.28244776, -0.7001826 ],
        ...,
        [ 0.95093776,  0.95093776,  0.79220492, ...,  0.        ,
          0.58758325,  0.13831559],
        [ 0.5876765 ,  0.5876765 ,  0.28244776, ..., -0.58758325,
          0.        , -0.47001557],
        [ 0.89900515,  0.89900515,  0.7001826 , ..., -0.13831559,
          0.47001557,  0.        ]],

       [[ 0.        ,  0.23353007, -0.08720067, ..., -0.88981878,
         -0.9115225 , -0.91097158],
        [-0.23353007,  0.        , -0.31743004, ..., -0.75865186,
         -0.79027923, -0.78945888],
        [ 0.08720067,  0.31743004,  0.        , ..., -0.92622015,
         -0.94391159, -0.94346906],
        ...,
        [ 0.88981878,  0.75865186,  0.92622015, ...,  0.        ,
          0.05000239,  0.04866637],
        [ 0.9115225 ,  0.79027923,  0.94391159, ..., -0.05000239,
          0.        , -0.00133764],
        [ 0.91097158,  0.78945888,  0.94346906, ..., -0.04866637,
          0.00133764,  0.        ]],

       [[ 0.        ,  0.55362195,  0.81880138, ...,  0.85181204,
          0.83104931,  0.82949405],
        [-0.55362195,  0.        ,  0.36405012, ...,  0.99937541,
          0.9999952 ,  0.99998267],
        [-0.81880138, -0.36405012,  0.        , ...,  0.91793272,
          0.93250252,  0.93350669],
        ...,
        [-0.85181204, -0.99937541, -0.91793272, ...,  0.        ,
          0.03843365,  0.04122185],
        [-0.83104931, -0.9999952 , -0.93250252, ..., -0.03843365,
          0.        ,  0.00279041],
        [-0.82949405, -0.99998267, -0.93350669, ..., -0.04122185,
         -0.00279041,  0.        ]]]), 'num': array([7.72770933e-01, 6.32469167e-01, 2.29626458e-05, 4.37077153e-04,
       4.46376666e-04, 4.22054861e-04, 5.29743947e-02, 1.28762500e-05,
       4.37506361e-04, 4.42156118e-04, 4.49381125e-04, 3.42327878e-06,
       4.71057916e-04, 4.13254319e-04])}
{'img': array([[[ 0.00000000e+00, -1.58217969e-01,  3.05961539e-01, ...,
         -2.82711858e-01, -8.17908899e-01, -6.49569711e-01],
        [ 1.58217969e-01,  0.00000000e+00,  4.52738160e-01, ...,
         -1.27387431e-01, -7.16576338e-01, -5.21094423e-01],
        [-3.05961539e-01, -4.52738160e-01,  0.00000000e+00, ...,
         -5.62633895e-01, -9.54719439e-01, -8.51042045e-01],
        ...,
        [ 2.82711858e-01,  1.27387431e-01,  5.62633895e-01, ...,
          0.00000000e+00, -6.21884578e-01, -4.08124035e-01],
        [ 8.17908899e-01,  7.16576338e-01,  9.54719439e-01, ...,
          6.21884578e-01,  0.00000000e+00,  2.48129333e-01],
        [ 6.49569711e-01,  5.21094423e-01,  8.51042045e-01, ...,
          4.08124035e-01, -2.48129333e-01,  0.00000000e+00]],

       [[ 0.00000000e+00, -2.09193848e-01, -1.11085787e-01, ...,
          9.00103530e-01,  8.56009437e-01,  8.36070517e-01],
        [ 2.09193848e-01,  0.00000000e+00,  9.92711859e-02, ...,
          9.71328764e-01,  7.28924643e-01,  9.32340127e-01],
        [ 1.11085787e-01, -9.92711859e-02,  0.00000000e+00, ...,
          9.42930047e-01,  7.93284511e-01,  8.91840033e-01],
        ...,
        [-9.00103530e-01, -9.71328764e-01, -9.42930047e-01, ...,
          0.00000000e+00,  8.38260522e-01, -1.29560677e-01],
        [-8.56009437e-01, -7.28924643e-01, -7.93284511e-01, ...,
