state_0,state_1,state_2,state_3,state_4,state_5,state_6,state_7,state_8,state_9,state_10,state_11,state_12,state_13,state_14,state_15,state_16,state_17,state_18,state_19,state_20,state_21,state_22,state_23,state_24,state_25,state_26,state_27,state_28,state_29,state_30,state_31,state_32,state_33,state_34,state_35,state_36,state_37,state_38,state_39,state_40,state_41,state_42,state_43,state_44,state_45,state_46,state_47,state_48,state_49,state_50,state_51,state_52,state_53,state_54,state_55,state_56,state_57,state_58,state_59,state_60,state_61,state_62,state_63,state_64,state_65,state_66,state_67,state_68,state_69,state_70,state_71,state_72,state_73,state_74,state_75,state_76,state_77,state_78,state_79,state_80,state_81,state_82,state_83,state_84,state_85,state_86,state_87,state_88,state_89,state_90,state_91,state_92,state_93,state_94,state_95,state_96,state_97,state_98,state_99,state_100,state_101,state_102,state_103,state_104,state_105,state_106,state_107,state_108,state_109,state_110,state_111,state_112,state_113,state_114,state_115,state_116,state_117,state_118,state_119,state_120,state_121,state_122,state_123,state_124,state_125,state_126,state_127,state_128,state_129,state_130,state_131,state_132,state_133,state_134,state_135,state_136,state_137,state_138,state_139,state_140,state_141,state_142,state_143,state_144,state_145,state_146,state_147,state_148,state_149,state_150,state_151,state_152,state_153,state_154,state_155,state_156,state_157,state_158,state_159,state_160,state_161,state_162,state_163,state_164,state_165,state_166,state_167,state_168,state_169,state_170,state_171,state_172,state_173,state_174,state_175,state_176,state_177,state_178,state_179,state_180,state_181,state_182,state_183,state_184,state_185,state_186,state_187,state_188,state_189,state_190,state_191,state_192,state_193,state_194,state_195,state_196,state_197,state_198,state_199,state_200,state_201,state_202,state_203,state_204,state_205,state_206,state_207,state_208,state_209,state_210,state_211,state_212,state_213,state_214,state_215,state_216,state_217,state_218,state_219,state_220,state_221,state_222,state_223,state_224,state_225,state_226,state_227,state_228,state_229,state_230,state_231,state_232,state_233,state_234,state_235,state_236,state_237,state_238,state_239,state_240,state_241,state_242,state_243,state_244,state_245,state_246,state_247,state_248,state_249,state_250,state_251,state_252,state_253,state_254,state_255,state_256,state_257,state_258,state_259,state_260,state_261,state_262,state_263,state_264,state_265,state_266,state_267,state_268,state_269,state_270,state_271,state_272,state_273,state_274,state_275,state_276,state_277,state_278,state_279,state_280,state_281,state_282,state_283,state_284,state_285,state_286,state_287
{'img': array([[[ 0.        ,  0.15535695,  0.18945298, ...,  0.98134559,
          0.99155551,  0.96258045],
        [-0.15535695,  0.        ,  0.03460931, ...,  0.93956279,
          0.99966359,  0.90879206],
        [-0.18945298, -0.03460931,  0.        , ...,  0.9271505 ,
          0.99816706,  0.8938069 ],
        ...,
        [-0.98134559, -0.93956279, -0.9271505 , ...,  0.        ,
          0.31789239, -0.08088278],
        [-0.99155551, -0.99966359, -0.99816706, ..., -0.31789239,
          0.        , -0.39353798],
        [-0.96258045, -0.90879206, -0.8938069 , ...,  0.08088278,
          0.39353798,  0.        ]],

       [[ 0.        ,  0.10033411,  0.06685357, ...,  0.80817252,
          0.81790462,  0.80750029],
        [-0.10033411,  0.        , -0.03359343, ...,  0.86318567,
          0.7560497 ,  0.74424168],
        [-0.06685357,  0.03359343,  0.        , ...,  0.8457376 ,
          0.77761035,  0.76625902],
        ...,
        [-0.80817252, -0.86318567, -0.8457376 , ...,  0.        ,
         -0.94668666, -0.95228836],
        [-0.81790462, -0.7560497 , -0.77761035, ...,  0.94668666,
          0.        , -0.0178567 ],
        [-0.80750029, -0.74424168, -0.76625902, ...,  0.95228836,
          0.0178567 ,  0.        ]],

       [[ 0.        ,  0.02680114,  0.05350642, ...,  0.82011863,
          0.96217139,  0.99110889],
        [-0.02680114,  0.        ,  0.02672445, ...,  0.80448859,
          0.95452393,  0.99431885],
        [-0.05350642, -0.02672445,  0.        , ...,  0.78832779,
          0.94621553,  0.99680834],
        ...,
        [-0.82011863, -0.80448859, -0.78832779, ...,  0.        ,
          0.3271111 ,  0.67622552],
        [-0.96217139, -0.95452393, -0.94621553, ..., -0.3271111 ,
          0.        ,  0.39804257],
        [-0.99110889, -0.99431885, -0.99680834, ..., -0.67622552,
         -0.39804257,  0.        ]],

       ...,

       [[ 0.        ,  0.39736747,  0.44569889, ...,  0.99216059,
          0.98555155,  0.94801069],
        [-0.39736747,  0.        ,  0.05328327, ...,  0.86080688,
          0.83709642,  0.74349346],
        [-0.44569889, -0.05328327,  0.        , ...,  0.8324665 ,
          0.80675837,  0.70680445],
        ...,
        [-0.99216059, -0.86080688, -0.8324665 , ...,  0.        ,
         -0.0448841 , -0.19727134],
        [-0.98555155, -0.83709642, -0.80675837, ...,  0.0448841 ,
          0.        , -0.15307044],
        [-0.94801069, -0.74349346, -0.70680445, ...,  0.19727134,
          0.15307044,  0.        ]],

       [[ 0.        , -0.07885435, -0.10571918, ...,  0.62434607,
          0.84019272,  0.99248677],
        [ 0.07885435,  0.        , -0.02697753, ...,  0.68399886,
          0.88033824,  0.9990443 ],
        [ 0.10571918,  0.02697753,  0.        , ...,  0.70342956,
          0.89281453,  0.99985985],
        ...,
        [-0.62434607, -0.68399886, -0.70342956, ...,  0.        ,
          0.31773941,  0.69888892],
        [-0.84019272, -0.88033824, -0.89281453, ..., -0.31773941,
          0.        ,  0.43541433],
        [-0.99248677, -0.9990443 , -0.99985985, ..., -0.69888892,
         -0.43541433,  0.        ]],

       [[ 0.        ,  0.01486852,  0.01333103, ...,  0.52429724,
          0.47033352,  0.56271009],
        [-0.01486852,  0.        , -0.00153764, ...,  0.51157822,
          0.45716023,  0.55035676],
        [-0.01333103,  0.00153764,  0.        , ...,  0.51289881,
          0.45852724,  0.55163993],
        ...,
        [-0.52429724, -0.51157822, -0.51289881, ...,  0.        ,
         -0.06218081,  0.04575493],
        [-0.47033352, -0.45716023, -0.45852724, ...,  0.06218081,
          0.        ,  0.10778208],
        [-0.56271009, -0.55035676, -0.55163993, ..., -0.04575493,
         -0.10778208,  0.        ]]]), 'num': array([ 9.99842454e-01,  1.77444135e-02,  8.61489509e-06,  1.38557850e-04,
        1.43054903e-04,  1.37463972e-04,  2.37240209e-04, -3.03854934e-06,
        1.40478213e-04,  1.32073586e-04,  1.22765496e-04,  8.10279825e-08,
        1.44683828e-04,  1.19463344e-04])}
{'img': array([[[ 0.        ,  0.03460931, -0.08638743, ...,  0.99966359,
          0.90879206,  0.7585713 ],
        [-0.03460931,  0.        , -0.12081561, ...,  0.99816706,
          0.8938069 ,  0.73556577],
        [ 0.08638743,  0.12081561,  0.        , ...,  0.99816706,
          0.94143974,  0.81202466],
        ...,
        [-0.99966359, -0.99816706, -0.99816706, ...,  0.        ,
         -0.39353798, -0.63169608],
        [-0.90879206, -0.8938069 , -0.94143974, ...,  0.39353798,
          0.        , -0.27564649],
        [-0.7585713 , -0.73556577, -0.81202466, ...,  0.63169608,
          0.27564649,  0.        ]],

       [[ 0.        , -0.03359343, -0.35214938, ...,  0.7560497 ,
          0.74424168,  0.80813857],
        [ 0.03359343,  0.        , -0.32050906, ...,  0.77761035,
          0.76625902,  0.82746872],
        [ 0.35214938,  0.32050906,  0.        , ...,  0.93810681,
          0.93177263,  0.9637856 ],
        ...,
        [-0.7560497 , -0.77761035, -0.93810681, ...,  0.        ,
         -0.0178567 ,  0.08363066],
        [-0.74424168, -0.76625902, -0.93177263, ...,  0.0178567 ,
          0.        ,  0.10141147],
        [-0.80813857, -0.82746872, -0.9637856 , ..., -0.08363066,
         -0.10141147,  0.        ]],

       [[ 0.        ,  0.02637209,  0.03883506, ...,  0.93775231,
          0.99260625,  0.99284711],
        [-0.02637209,  0.        ,  0.01246935, ...,  0.928267  ,
          0.98906   ,  0.99565043],
        [-0.03883506, -0.01246935,  0.        , ...,  0.9235573 ,
          0.9871437 ,  0.99673476],
        ...,
        [-0.93775231, -0.928267  , -0.9235573 , ...,  0.        ,
          0.23091355,  0.45678131],
        [-0.99260625, -0.98906   , -0.9871437 , ..., -0.23091355,
          0.        ,  0.23902062],
        [-0.99284711, -0.99565043, -0.99673476, ..., -0.45678131,
         -0.23902062,  0.        ]],

       ...,

       [[ 0.        ,  0.05328327, -0.00219763, ...,  0.83709642,
          0.74349346,  0.65306264],
        [-0.05328327,  0.        , -0.05547765, ...,  0.80675837,
          0.70680445,  0.61178329],
        [ 0.00219763,  0.05547765,  0.        , ...,  0.83829662,
          0.74496132,  0.65472534],
        ...,
        [-0.83709642, -0.80675837, -0.83829662, ...,  0.        ,
         -0.15307044, -0.27667495],
        [-0.74349346, -0.70680445, -0.74496132, ...,  0.15307044,
          0.        , -0.12631929],
        [-0.65306264, -0.61178329, -0.65472534, ...,  0.27667495,
          0.12631929,  0.        ]],

       [[ 0.        , -0.0261233 , -0.10124841, ...,  0.8348204 ,
          0.93361753,  0.99993822],
        [ 0.0261233 ,  0.        , -0.07522479, ...,  0.84891696,
          0.94265814,  0.99988734],
        [ 0.10124841,  0.07522479,  0.        , ...,  0.88626992,
          0.96509423,  0.99592511],
        ...,
        [-0.8348204 , -0.84891696, -0.88626992, ...,  0.        ,
          0.21488518,  0.54120921],
        [-0.93361753, -0.94265814, -0.96509423, ..., -0.21488518,
          0.        ,  0.34787183],
        [-0.99993822, -0.99988734, -0.99592511, ..., -0.54120921,
         -0.34787183,  0.        ]],

       [[ 0.        , -0.00153764,  0.00401502, ...,  0.45716023,
          0.55035676,  0.58711478],
        [ 0.00153764,  0.        ,  0.00555264, ...,  0.45852724,
          0.55163993,  0.5883588 ],
        [-0.00401502, -0.00555264,  0.        , ...,  0.45358565,
          0.54700006,  0.58385987],
        ...,
        [-0.45716023, -0.45852724, -0.45358565, ...,  0.        ,
          0.10778208,  0.15209779],
        [-0.55035676, -0.55163993, -0.54700006, ..., -0.10778208,
          0.        ,  0.04468367],
        [-0.58711478, -0.5883588 , -0.58385987, ..., -0.15209779,
         -0.04468367,  0.        ]]]), 'num': array([ 7.07026136e-01,  7.07026136e-01,  0.00000000e+00,  4.99309762e-03,
        5.11605868e-03,  4.94479148e-03,  6.12925788e-03, -1.31744000e-05,
        5.08619671e-03,  4.79306631e-03,  4.44496938e-03,  2.80882772e-06,
        5.24864981e-03,  4.33748281e-03])}
{'img': array([[[ 0.        , -0.12081561, -0.24073636, ...,  0.8938069 ,
          0.73556577,  0.71705695],
        [ 0.12081561,  0.        , -0.12171047, ...,  0.94143974,
          0.81202466,  0.79601473],
        [ 0.24073636,  0.12171047,  0.        , ...,  0.97547924,
          0.87702083,  0.86376545],
        ...,
        [-0.8938069 , -0.94143974, -0.97547924, ...,  0.        ,
         -0.27564649, -0.3014308 ],
        [-0.73556577, -0.81202466, -0.87702083, ...,  0.27564649,
          0.        , -0.02692745],
        [-0.71705695, -0.79601473, -0.86376545, ...,  0.3014308 ,
          0.02692745,  0.        ]],

       [[ 0.        , -0.32050906, -0.20102729, ...,  0.76625902,
          0.82746872,  0.42136244],
        [ 0.32050906,  0.        ,  0.12354388, ...,  0.93177263,
          0.9637856 ,  0.68980085],
        [ 0.20102729, -0.12354388,  0.        , ...,  0.87978276,
          0.92345567,  0.5950707 ],
        ...,
        [-0.76625902, -0.93177263, -0.87978276, ...,  0.        ,
          0.10141147, -0.42417567],
        [-0.82746872, -0.9637856 , -0.92345567, ..., -0.10141147,
          0.        , -0.51382505],
        [-0.42136244, -0.68980085, -0.5950707 , ...,  0.42417567,
          0.51382505,  0.        ]],

       [[ 0.        ,  0.01237542, -0.01239093, ...,  0.97987982,
          0.99674393,  0.99492533],
        [-0.01237542,  0.        , -0.02476446, ...,  0.97733479,
          0.99566974,  0.99609431],
        [ 0.01239093,  0.02476446,  0.        , ...,  0.98227768,
          0.99766651,  0.99360223],
        ...,
        [-0.97987982, -0.97733479, -0.98227768, ...,  0.        ,
          0.11992873,  0.29716719],
        [-0.99674393, -0.99566974, -0.99766651, ..., -0.11992873,
          0.        ,  0.18051138],
        [-0.99492533, -0.99609431, -0.99360223, ..., -0.29716719,
         -0.18051138,  0.        ]],

       ...,

       [[ 0.        , -0.05547765, -0.02062647, ...,  0.70680445,
          0.61178329,  0.53572202],
        [ 0.05547765,  0.        ,  0.03487114, ...,  0.74496132,
          0.65472534,  0.58174199],
        [ 0.02062647, -0.03487114,  0.        , ...,  0.72124543,
          0.6279692 ,  0.55302493],
        ...,
        [-0.70680445, -0.74496132, -0.72124543, ...,  0.        ,
         -0.12631929, -0.21784716],
        [-0.61178329, -0.65472534, -0.6279692 , ...,  0.12631929,
          0.        , -0.09281666],
        [-0.53572202, -0.58174199, -0.55302493, ...,  0.21784716,
          0.09281666,  0.        ]],

       [[ 0.        , -0.07360484, -0.10665958, ...,  0.90940981,
          0.96473663,  0.99929342],
        [ 0.07360484,  0.        , -0.0331853 , ...,  0.93755536,
          0.98149382,  0.99381636],
        [ 0.10665958,  0.0331853 ,  0.        , ...,  0.94858201,
          0.98730801,  0.98958421],
        ...,
        [-0.90940981, -0.93755536, -0.94858201, ...,  0.        ,
          0.16186293,  0.44978781],
        [-0.96473663, -0.98149382, -0.98730801, ..., -0.16186293,
          0.        ,  0.29929105],
        [-0.99929342, -0.99381636, -0.98958421, ..., -0.44978781,
         -0.29929105,  0.        ]],

       [[ 0.        ,  0.00555264, -0.03221212, ...,  0.55163993,
          0.5883588 ,  0.66501361],
        [-0.00555264,  0.        , -0.03776139, ...,  0.54700006,
          0.58385987,  0.66085647],
        [ 0.03221212,  0.03776139,  0.        , ...,  0.57822122,
          0.6141002 ,  0.68872553],
        ...,
        [-0.55163993, -0.54700006, -0.57822122, ...,  0.        ,
          0.04468367,  0.1426942 ],
        [-0.5883588 , -0.58385987, -0.6141002 , ..., -0.04468367,
          0.        ,  0.09832526],
        [-0.66501361, -0.66085647, -0.68872553, ..., -0.1426942 ,
         -0.09832526,  0.        ]]]), 'num': array([7.48297084e-01, 6.63149669e-01, 7.42996639e-07, 5.32171343e-03,
       5.38672563e-03, 5.27527614e-03, 8.33628298e-03, 4.17935609e-05,
       5.35607702e-03, 5.09997537e-03, 4.71036650e-03, 2.94256095e-06,
       5.56075755e-03, 4.63919318e-03])}
{'img': array([[[ 0.        , -0.12171047, -0.40951615, ...,  0.81202466,
          0.79601473,  0.84382081],
        [ 0.12171047,  0.        , -0.29543485, ...,  0.87702083,
          0.86376545,  0.90286043],
        [ 0.40951615,  0.29543485,  0.        , ...,  0.97981552,
          0.97407733,  0.98957677],
        ...,
        [-0.81202466, -0.87702083, -0.97981552, ...,  0.        ,
         -0.02692745,  0.05672056],
        [-0.79601473, -0.86376545, -0.97407733, ...,  0.02692745,
          0.        ,  0.0835841 ],
        [-0.84382081, -0.90286043, -0.98957677, ..., -0.05672056,
         -0.0835841 ,  0.        ]],

       [[ 0.        ,  0.12354388,  0.63647424, ...,  0.9637856 ,
          0.68980085,  0.9100115 ],
        [-0.12354388,  0.        ,  0.53630913, ...,  0.92345567,
          0.5950707 ,  0.85182081],
        [-0.63647424, -0.53630913,  0.        , ...,  0.57363201,
          0.07123518,  0.43801862],
        ...,
        [-0.9637856 , -0.92345567, -0.57363201, ...,  0.        ,
         -0.51382505, -0.15688881],
        [-0.68980085, -0.5950707 , -0.07123518, ...,  0.51382505,
          0.        ,  0.37286786],
        [-0.9100115 , -0.85182081, -0.43801862, ...,  0.15688881,
         -0.37286786,  0.        ]],

       [[ 0.        , -0.02476446, -0.10493566, ...,  0.99566974,
          0.99609431,  0.98581516],
        [ 0.02476446,  0.        , -0.08027574, ...,  0.99766651,
          0.99360223,  0.98966916],
        [ 0.10493566,  0.08027574,  0.        , ...,  0.9999276 ,
          0.98132952,  0.99798433],
        ...,
        [-0.99566974, -0.99766651, -0.9999276 , ...,  0.        ,
          0.18051138, -0.07546542],
        [-0.99609431, -0.99360223, -0.98132952, ..., -0.18051138,
          0.        , -0.25422238],
        [-0.98581516, -0.98966916, -0.99798433, ...,  0.07546542,
          0.25422238,  0.        ]],

       ...,

       [[ 0.        ,  0.03487114, -0.02874571, ...,  0.65472534,
          0.58174199,  0.56544261],
        [-0.03487114,  0.        , -0.06358496, ...,  0.6279692 ,
          0.55302493,  0.53633743],
        [ 0.02874571,  0.06358496,  0.        , ...,  0.6761827 ,
          0.60488258,  0.58891805],
        ...,
        [-0.65472534, -0.6279692 , -0.6761827 , ...,  0.        ,
         -0.09281666, -0.11261002],
        [-0.58174199, -0.55302493, -0.60488258, ...,  0.09281666,
          0.        , -0.01989764],
        [-0.56544261, -0.53633743, -0.58891805, ...,  0.11261002,
          0.01989764,  0.        ]],

       [[ 0.        , -0.03286841, -0.13208145, ...,  0.9696303 ,
          0.99618652,  0.99269583],
        [ 0.03286841,  0.        , -0.09942964, ...,  0.9771452 ,
          0.99851601,  0.98819408],
        [ 0.13208145,  0.09942964,  0.        , ...,  0.9934391 ,
          0.99898279,  0.96806384],
        ...,
        [-0.9696303 , -0.9771452 , -0.9934391 , ...,  0.        ,
          0.15904318,  0.35976905],
        [-0.99618652, -0.99851601, -0.99898279, ..., -0.15904318,
          0.        ,  0.2067959 ],
        [-0.99269583, -0.98819408, -0.96806384, ..., -0.35976905,
         -0.2067959 ,  0.        ]],

       [[ 0.        , -0.03776139, -0.10490163, ...,  0.58385987,
          0.66085647,  0.90036926],
        [ 0.03776139,  0.        , -0.06727377, ...,  0.6141002 ,
          0.68872553,  0.91615809],
        [ 0.10490163,  0.06727377,  0.        , ...,  0.66580334,
          0.73594023,  0.94104706],
        ...,
        [-0.58385987, -0.6141002 , -0.66580334, ...,  0.        ,
          0.09832526,  0.47691581],
        [-0.66085647, -0.68872553, -0.73594023, ..., -0.09832526,
          0.        ,  0.38818195],
        [-0.90036926, -0.91615809, -0.94104706, ..., -0.47691581,
         -0.38818195,  0.        ]]]), 'num': array([ 7.48109469e-01,  6.63312709e-01,  7.43179310e-07,  5.29979745e-03,
        5.50881663e-03,  5.18367569e-03,  1.15411102e-02, -2.32243534e-05,
        5.32209283e-03,  5.13049192e-03,  4.72282710e-03,  2.72056712e-06,
        5.56290393e-03,  4.69807990e-03])}
{'img': array([[[ 0.        , -0.29543485, -0.38335415, ...,  0.86376545,
          0.90286043,  0.88139245],
        [ 0.29543485,  0.        , -0.09337828, ...,  0.97407733,
          0.98957677,  0.98160855],
        [ 0.38335415,  0.09337828,  0.        , ...,  0.99094489,
          0.99870008,  0.99514598],
        ...,
        [-0.86376545, -0.97407733, -0.99094489, ...,  0.        ,
          0.0835841 ,  0.0360988 ],
        [-0.90286043, -0.98957677, -0.99870008, ..., -0.0835841 ,
          0.        , -0.04755714],
        [-0.88139245, -0.98160855, -0.99514598, ..., -0.0360988 ,
          0.04755714,  0.        ]],

       [[ 0.        ,  0.53630913, -0.09873647, ...,  0.5950707 ,
          0.85182081,  0.94682956],
        [-0.53630913,  0.        , -0.61702423, ...,  0.07123518,
          0.43801862,  0.97169436],
        [ 0.09873647,  0.61702423,  0.        , ...,  0.67151482,
          0.89937994,  0.91043595],
        ...,
        [-0.5950707 , -0.07123518, -0.67151482, ...,  0.        ,
          0.37286786,  0.95239711],
        [-0.85182081, -0.43801862, -0.89937994, ..., -0.37286786,
          0.        ,  0.7700419 ],
        [-0.94682956, -0.97169436, -0.91043595, ..., -0.95239711,
         -0.7700419 ,  0.        ]],

       [[ 0.        , -0.08027574, -0.21906604, ...,  0.99360223,
          0.98966916,  0.95480401],
        [ 0.08027574,  0.        , -0.14003321, ...,  0.98132952,
          0.99798433,  0.97558341],
        [ 0.21906604,  0.14003321,  0.        , ...,  0.94472714,
          0.99703763,  0.99672619],
        ...,
        [-0.99360223, -0.98132952, -0.94472714, ...,  0.        ,
         -0.25422238, -0.40316654],
        [-0.98966916, -0.99798433, -0.99703763, ...,  0.25422238,
          0.        , -0.15727515],
        [-0.95480401, -0.97558341, -0.99672619, ...,  0.40316654,
          0.15727515,  0.        ]],

       ...,

       [[ 0.        , -0.06358496, -0.47135299, ...,  0.55302493,
          0.53633743,  0.39925967],
        [ 0.06358496,  0.        , -0.41432076, ...,  0.60488258,
          0.58891805,  0.45674884],
        [ 0.47135299,  0.41432076,  0.        , ...,  0.88045205,
          0.87084357,  0.78427921],
        ...,
        [-0.55302493, -0.60488258, -0.88045205, ...,  0.        ,
         -0.01989764, -0.17438514],
        [-0.53633743, -0.58891805, -0.87084357, ...,  0.01989764,
          0.        , -0.15475786],
        [-0.39925967, -0.45674884, -0.78427921, ...,  0.17438514,
          0.15475786,  0.        ]],

       [[ 0.        , -0.09936422, -0.21424854, ...,  0.99812397,
          0.99518664,  0.9880897 ],
        [ 0.09936422,  0.        , -0.11613134, ...,  0.99926799,
          0.98052413,  0.96790971],
        [ 0.21424854,  0.11613134,  0.        , ...,  0.98806416,
          0.95108173,  0.9321771 ],
        ...,
        [-0.99812397, -0.99926799, -0.98806416, ...,  0.        ,
          0.15874456,  0.21408649],
        [-0.99518664, -0.98052413, -0.95108173, ..., -0.15874456,
          0.        ,  0.05630779],
        [-0.9880897 , -0.96790971, -0.9321771 , ..., -0.21408649,
         -0.05630779,  0.        ]],

       [[ 0.        , -0.06208973, -0.12229227, ...,  0.60042893,
          0.74971605,  0.97804285],
        [ 0.06208973,  0.        , -0.06043262, ...,  0.64892224,
          0.78935801,  0.98909553],
        [ 0.12229227,  0.06043262,  0.        , ...,  0.69371664,
          0.82501687,  0.99618798],
        ...,
        [-0.60042893, -0.64892224, -0.69371664, ...,  0.        ,
          0.20219189,  0.65698775],
        [-0.74971605, -0.78935801, -0.82501687, ..., -0.20219189,
          0.        ,  0.49098556],
        [-0.97804285, -0.98909553, -0.99618798, ..., -0.65698775,
         -0.49098556,  0.        ]]]), 'num': array([7.12191928e-01, 7.01768390e-01, 8.84099836e-08, 5.21176853e-03,
       5.25155303e-03, 4.99074357e-03, 1.02567958e-02, 1.67978969e-04,
       5.07738536e-03, 4.91426894e-03, 4.50979326e-03, 2.66441046e-06,
       5.32494354e-03, 4.50359433e-03])}
{'img': array([[[ 0.        , -0.09337828, -0.12792522, ...,  0.98957677,
          0.98160855,  0.88584727],
        [ 0.09337828,  0.        , -0.03475521, ...,  0.99870008,
          0.99514598,  0.83865138],
        [ 0.12792522,  0.03475521,  0.        , ...,  0.99986826,
          0.99796502,  0.81921464],
        ...,
        [-0.98957677, -0.99870008, -0.99986826, ...,  0.        ,
         -0.04755714,  0.58670841],
        [-0.98160855, -0.99514598, -0.99796502, ...,  0.04755714,
          0.        ,  0.62455625],
        [-0.88584727, -0.83865138, -0.81921464, ..., -0.58670841,
         -0.62455625,  0.        ]],

       [[ 0.        , -0.61702423,  0.26622255, ...,  0.43801862,
          0.97169436,  0.86584547],
        [ 0.61702423,  0.        ,  0.80425909, ...,  0.89937994,
          0.91043595,  0.99007636],
        [-0.26622255, -0.80425909,  0.        , ...,  0.18288623,
          0.87373463,  0.70140428],
        ...,
        [-0.43801862, -0.89937994, -0.18288623, ...,  0.        ,
          0.7700419 ,  0.55921979],
        [-0.97169436, -0.91043595, -0.87373463, ..., -0.7700419 ,
          0.        , -0.28160121],
        [-0.86584547, -0.99007636, -0.70140428, ..., -0.55921979,
          0.28160121,  0.        ]],

       [[ 0.        , -0.14003321, -0.30061428, ...,  0.99798433,
          0.97558341,  0.98541687],
        [ 0.14003321,  0.        , -0.16409618, ...,  0.99703763,
          0.99672619,  0.99953508],
        [ 0.30061428,  0.16409618,  0.        , ...,  0.97090061,
          0.99648227,  0.99098899],
        ...,
        [-0.99798433, -0.99703763, -0.97090061, ...,  0.        ,
         -0.15727515, -0.10727913],
        [-0.97558341, -0.99672619, -0.99648227, ...,  0.15727515,
          0.        ,  0.05042349],
        [-0.98541687, -0.99953508, -0.99098899, ...,  0.10727913,
         -0.05042349,  0.        ]],

       ...,

       [[ 0.        , -0.41432076, -0.22009705, ...,  0.58891805,
          0.45674884,  0.50435281],
        [ 0.41432076,  0.        ,  0.20384364, ...,  0.87084357,
          0.78427921,  0.81679211],
        [ 0.22009705, -0.20384364,  0.        , ...,  0.75235743,
          0.64134582,  0.68203836],
        ...,
        [-0.58891805, -0.87084357, -0.75235743, ...,  0.        ,
         -0.15475786, -0.10091508],
        [-0.45674884, -0.78427921, -0.64134582, ...,  0.15475786,
          0.        ,  0.05426853],
        [-0.50435281, -0.81679211, -0.68203836, ...,  0.10091508,
         -0.05426853,  0.        ]],

       [[ 0.        , -0.11332469, -0.13403158, ...,  0.99643418,
          0.99679164,  0.9614024 ],
        [ 0.11332469,  0.        , -0.02086599, ...,  0.99957678,
          0.99944084,  0.92402819],
        [ 0.13403158,  0.02086599,  0.        , ...,  0.99875216,
          0.99852556,  0.91584944],
        ...,
        [-0.99643418, -0.99957678, -0.99875216, ...,  0.        ,
          0.00434822,  0.35528214],
        [-0.99679164, -0.99944084, -0.99852556, ..., -0.00434822,
          0.        ,  0.35121425],
        [-0.9614024 , -0.92402819, -0.91584944, ..., -0.35528214,
         -0.35121425,  0.        ]],

       [[ 0.        , -0.05798721, -0.17107934, ...,  0.73536382,
          0.88201316,  0.99444798],
        [ 0.05798721,  0.        , -0.11365914, ...,  0.77342278,
          0.90785403,  0.9988766 ],
        [ 0.17107934,  0.11365914,  0.        , ...,  0.8404583 ,
          0.94962669,  0.99778966],
        ...,
        [-0.73536382, -0.77342278, -0.8404583 , ...,  0.        ,
          0.25119445,  0.59652819],
        [-0.88201316, -0.90785403, -0.94962669, ..., -0.25119445,
          0.        ,  0.37579481],
        [-0.99444798, -0.9988766 , -0.99778966, ..., -0.59652819,
         -0.37579481,  0.        ]]]), 'num': array([ 7.12189928e-01,  7.01809981e-01,  8.84152232e-08,  5.18997360e-03,
        5.34027948e-03,  5.13692447e-03,  6.79475411e-03, -2.21038058e-05,
        5.10774745e-03,  4.94395825e-03,  4.52840670e-03,  2.64644206e-06,
        5.34501924e-03,  4.54289725e-03])}
{'img': array([[[ 0.        , -0.03475521,  0.01368432, ...,  0.99514598,
          0.83865138,  0.94429955],
        [ 0.03475521,  0.        ,  0.04842801, ...,  0.99796502,
          0.81921464,  0.93229156],
        [-0.01368432, -0.04842801,  0.        , ...,  0.99370613,
          0.84602627,  0.94871447],
        ...,
        [-0.99514598, -0.99796502, -0.99370613, ...,  0.        ,
          0.62455625,  0.42041808],
        [-0.83865138, -0.81921464, -0.84602627, ..., -0.62455625,
          0.        , -0.2383409 ],
        [-0.94429955, -0.93229156, -0.94871447, ..., -0.42041808,
          0.2383409 ,  0.        ]],

       [[ 0.        ,  0.80425909, -0.21777248, ...,  0.91043595,
          0.99007636,  0.76475672],
        [-0.80425909,  0.        , -0.91437409, ...,  0.87373463,
          0.70140428, -0.06372081],
        [ 0.21777248,  0.91437409,  0.        , ...,  0.79850349,
          0.93571044,  0.8867172 ],
        ...,
        [-0.91043595, -0.87373463, -0.79850349, ...,  0.        ,
         -0.28160121, -0.90295298],
        [-0.99007636, -0.70140428, -0.93571044, ...,  0.28160121,
          0.        , -0.74539674],
        [-0.76475672,  0.06372081, -0.8867172 , ...,  0.90295298,
          0.74539674,  0.        ]],

       [[ 0.        , -0.16409618, -0.29349457, ...,  0.99672619,
          0.99953508,  0.99050126],
        [ 0.16409618,  0.        , -0.13264654, ...,  0.99648227,
          0.99098899,  0.95451054],
        [ 0.29349457,  0.13264654,  0.        , ...,  0.97656047,
          0.9644649 ,  0.90652375],
        ...,
        [-0.99672619, -0.99648227, -0.97656047, ...,  0.        ,
          0.05042349,  0.21713662],
        [-0.99953508, -0.99098899, -0.9644649 , ..., -0.05042349,
          0.        ,  0.16763996],
        [-0.99050126, -0.95451054, -0.90652375, ..., -0.21713662,
         -0.16763996,  0.        ]],

       ...,

       [[ 0.        ,  0.20384364,  0.31861513, ...,  0.78427921,
          0.81679211,  0.80913452],
        [-0.20384364,  0.        ,  0.11870515, ...,  0.64134582,
          0.68203836,  0.67236218],
        [-0.31861513, -0.11870515,  0.        , ...,  0.54573446,
          0.59040501,  0.57974007],
        ...,
        [-0.78427921, -0.64134582, -0.54573446, ...,  0.        ,
          0.05426853,  0.04113269],
        [-0.81679211, -0.68203836, -0.59040501, ..., -0.05426853,
          0.        , -0.01315053],
        [-0.80913452, -0.67236218, -0.57974007, ..., -0.04113269,
          0.01315053,  0.        ]],

       [[ 0.        , -0.02056588, -0.07176841, ...,  0.99869726,
          0.99261774,  0.91880566],
        [ 0.02056588,  0.        , -0.05124039, ...,  0.99953546,
          0.98991347,  0.91049377],
        [ 0.07176841,  0.05124039,  0.        , ...,  0.99978409,
          0.98135367,  0.88810864],
        ...,
        [-0.99869726, -0.99953546, -0.99978409, ...,  0.        ,
          0.17177741,  0.44108008],
        [-0.99261774, -0.98991347, -0.98135367, ..., -0.17177741,
          0.        ,  0.28035909],
        [-0.91880566, -0.91049377, -0.88810864, ..., -0.44108008,
         -0.28035909,  0.        ]],

       [[ 0.        , -0.10901449, -0.17936258, ...,  0.84366869,
          0.91428994,  0.99999497],
        [ 0.10901449,  0.        , -0.071047  , ...,  0.89716653,
          0.95299837,  0.99438091],
        [ 0.17936258,  0.071047  ,  0.        , ...,  0.92628029,
          0.97211561,  0.98434696],
        ...,
        [-0.84366869, -0.89716653, -0.92628029, ...,  0.        ,
          0.14911277,  0.53418568],
        [-0.91428994, -0.95299837, -0.97211561, ..., -0.14911277,
          0.        ,  0.40215855],
        [-0.99999497, -0.99438091, -0.98434696, ..., -0.53418568,
         -0.40215855,  0.        ]]]), 'num': array([ 7.43551301e-01,  6.68504484e-01,  6.46955326e-07,  5.36048699e-03,
        5.42980363e-03,  5.33738144e-03,  3.72073250e-03, -6.46955326e-05,
        5.36048699e-03,  5.19759288e-03,  4.75281109e-03,  3.22744153e-06,
        5.58207224e-03,  4.81311351e-03])}
{'img': array([[[ 0.        ,  0.04842801, -0.18843098, ...,  0.81921464,
          0.93229156,  0.99044068],
        [-0.04842801,  0.        , -0.23577038, ...,  0.84602627,
          0.94871447,  0.9959587 ],
        [ 0.18843098,  0.23577038,  0.        , ...,  0.69647686,
          0.84743397,  0.94670632],
        ...,
        [-0.81921464, -0.84602627, -0.69647686, ...,  0.        ,
         -0.2383409 , -0.45500298],
        [-0.93229156, -0.94871447, -0.84743397, ...,  0.2383409 ,
          0.        , -0.22965034],
        [-0.99044068, -0.9959587 , -0.94670632, ...,  0.45500298,
          0.22965034,  0.        ]],

       [[ 0.        , -0.91437409, -0.63770703, ...,  0.70140428,
         -0.06372081, -0.73717565],
        [ 0.91437409,  0.        ,  0.44613449, ...,  0.93571044,
          0.8867172 ,  0.31938307],
        [ 0.63770703, -0.44613449,  0.        , ...,  0.99481139,
          0.58732825, -0.13693154],
        ...,
        [-0.70140428, -0.93571044, -0.99481139, ...,  0.        ,
         -0.74539674, -0.9993717 ],
        [ 0.06372081, -0.8867172 , -0.58732825, ...,  0.74539674,
          0.        , -0.6926213 ],
        [ 0.73717565, -0.31938307,  0.13693154, ...,  0.9993717 ,
          0.6926213 ,  0.        ]],

       [[ 0.        , -0.1321204 , -0.29637375, ...,  0.99437708,
          0.968493  ,  0.8763732 ],
        [ 0.1321204 ,  0.        , -0.16759115, ...,  0.97166887,
          0.92709951,  0.80505713],
        [ 0.29637375,  0.16759115,  0.        , ...,  0.9183166 ,
          0.85117143,  0.69425627],
        ...,
        [-0.99437708, -0.97166887, -0.9183166 , ...,  0.        ,
          0.14507975,  0.386119  ],
        [-0.968493  , -0.92709951, -0.85117143, ..., -0.14507975,
          0.        ,  0.24820518],
        [-0.8763732 , -0.80505713, -0.69425627, ..., -0.386119  ,
         -0.24820518,  0.        ]],

       ...,

       [[ 0.        ,  0.11870515, -0.43191549, ...,  0.68203836,
          0.67236218,  0.88203681],
        [-0.11870515,  0.        , -0.5359235 , ...,  0.59040501,
          0.57974007,  0.81986886],
        [ 0.43191549,  0.5359235 ,  0.        , ...,  0.93100688,
          0.92612641,  0.99903158],
        ...,
        [-0.68203836, -0.59040501, -0.93100688, ...,  0.        ,
         -0.01315053,  0.32368481],
        [-0.67236218, -0.57974007, -0.92612641, ...,  0.01315053,
          0.        ,  0.33609939],
        [-0.88203681, -0.81986886, -0.99903158, ..., -0.32368481,
         -0.33609939,  0.        ]],

       [[ 0.        , -0.05124039, -0.05625244, ...,  0.98991347,
          0.91049377,  0.95984742],
        [ 0.05124039,  0.        , -0.0050193 , ...,  0.98135367,
          0.88810864,  0.94421243],
        [ 0.05625244,  0.0050193 ,  0.        , ...,  0.98037654,
          0.88579041,  0.9425475 ],
        ...,
        [-0.98991347, -0.98135367, -0.98037654, ...,  0.        ,
          0.28035909,  0.14170832],
        [-0.91049377, -0.88810864, -0.88579041, ..., -0.28035909,
          0.        , -0.1415047 ],
        [-0.95984742, -0.94421243, -0.9425475 , ..., -0.14170832,
          0.1415047 ,  0.        ]],

       [[ 0.        , -0.06723861, -0.19918309, ...,  0.88340727,
          0.94188887,  0.98684692],
        [ 0.06723861,  0.        , -0.13284102, ...,  0.91291647,
          0.96234441,  0.97374398],
        [ 0.19918309,  0.13284102,  0.        , ...,  0.95904421,
          0.98992608,  0.93487332],
        ...,
        [-0.88340727, -0.91291647, -0.95904421, ...,  0.        ,
          0.14461653,  0.60525185],
        [-0.94188887, -0.96234441, -0.98992608, ..., -0.14461653,
          0.        ,  0.48376962],
        [-0.98684692, -0.97374398, -0.93487332, ..., -0.60525185,
         -0.48376962,  0.        ]]]), 'num': array([ 8.87833548e-01,  4.59540047e-01,  3.70175887e-06,  6.39244031e-03,
        6.67421599e-03,  6.34824021e-03,  1.60540862e-02, -1.65750397e-05,
        6.42117038e-03,  6.24354120e-03,  5.70558908e-03,  3.96898910e-06,
        6.66900991e-03,  5.81807249e-03])}
{'img': array([[[ 0.        , -0.23577038, -0.21978909, ...,  0.94871447,
          0.9959587 ,  0.99858305],
        [ 0.23577038,  0.        ,  0.01641221, ...,  0.84743397,
          0.94670632,  0.95788516],
        [ 0.21978909, -0.01641221,  0.        , ...,  0.85603308,
          0.95186515,  0.96246894],
        ...,
        [-0.94871447, -0.84743397, -0.85603308, ...,  0.        ,
         -0.22965034, -0.26520003],
        [-0.9959587 , -0.94670632, -0.95186515, ...,  0.22965034,
          0.        , -0.03668474],
        [-0.99858305, -0.95788516, -0.96246894, ...,  0.26520003,
          0.03668474,  0.        ]],

       [[ 0.        ,  0.41376358,  0.31573041, ...,  0.836349  ,
          0.29598292,  0.43776653],
        [-0.41376358,  0.        , -0.10516311, ...,  0.53457495,
         -0.12576595,  0.77054596],
        [-0.31573041,  0.10516311,  0.        , ...,  0.62048629,
         -0.02074046,  0.69924394],
        ...,
        [-0.836349  , -0.53457495, -0.62048629, ...,  0.        ,
         -0.63661785,  0.99193438],
        [-0.29598292,  0.12576595,  0.02074046, ...,  0.63661785,
          0.        ,  0.68426652],
        [-0.43776653, -0.77054596, -0.69924394, ..., -0.99193438,
         -0.68426652,  0.        ]],

       [[ 0.        , -0.16684656, -0.25082666, ...,  0.94454933,
          0.89328105,  0.80282201],
        [ 0.16684656,  0.        , -0.08579798, ...,  0.87652214,
          0.80576253,  0.6920917 ],
        [ 0.25082666,  0.08579798,  0.        , ...,  0.83199016,
          0.75197843,  0.62760985],
        ...,
        [-0.94454933, -0.87652214, -0.83199016, ...,  0.        ,
          0.13124729,  0.29953575],
        [-0.89328105, -0.80576253, -0.75197843, ..., -0.13124729,
          0.        ,  0.17172359],
        [-0.80282201, -0.6920917 , -0.62760985, ..., -0.29953575,
         -0.17172359,  0.        ]],

       ...,

       [[ 0.        , -0.5359235 , -0.55052744, ...,  0.57974007,
          0.81986886,  0.86189823],
        [ 0.5359235 ,  0.        , -0.01739382, ...,  0.92612641,
          0.99903158,  0.99942863],
        [ 0.55052744,  0.01739382,  0.        , ...,  0.93254748,
          0.99964575,  0.99868952],
        ...,
        [-0.57974007, -0.92612641, -0.93254748, ...,  0.        ,
          0.33609939,  0.4083006 ],
        [-0.81986886, -0.99903158, -0.99964575, ..., -0.33609939,
          0.        ,  0.07774084],
        [-0.86189823, -0.99942863, -0.99868952, ..., -0.4083006 ,
         -0.07774084,  0.        ]],

       [[ 0.        , -0.0050193 ,  0.00498297, ...,  0.88810864,
          0.94421243,  0.95904977],
        [ 0.0050193 ,  0.        ,  0.01000214, ...,  0.88579041,
          0.9425475 ,  0.95761603],
        [-0.00498297, -0.01000214,  0.        , ...,  0.89038795,
          0.94584179,  0.96044922],
        ...,
        [-0.88810864, -0.88579041, -0.89038795, ...,  0.        ,
         -0.1415047 , -0.18926573],
        [-0.94421243, -0.9425475 , -0.94584179, ...,  0.1415047 ,
          0.        , -0.04841413],
        [-0.95904977, -0.95761603, -0.96044922, ...,  0.18926573,
          0.04841413,  0.        ]],

       [[ 0.        , -0.12786476, -0.24630609, ...,  0.92024425,
          0.98425739,  0.96411486],
        [ 0.12786476,  0.        , -0.1203588 , ...,  0.9627297 ,
          0.99877717,  0.9222548 ],
        [ 0.24630609,  0.1203588 ,  0.        , ...,  0.98828398,
          0.99746687,  0.86902181],
        ...,
        [-0.92024425, -0.9627297 , -0.98828398, ...,  0.        ,
          0.22253882,  0.62161253],
        [-0.98425739, -0.99877717, -0.99746687, ..., -0.22253882,
          0.        ,  0.43170468],
        [-0.96411486, -0.9222548 , -0.86902181, ..., -0.62161253,
         -0.43170468,  0.        ]]]), 'num': array([ 7.90879398e-01,  6.11686410e-01,  1.64850954e-06,  5.43009053e-03,
        5.71483309e-03,  5.38013570e-03,  1.01189512e-02, -3.49683843e-04,
        5.75179967e-03,  5.65064113e-03,  5.17323942e-03,  2.31450972e-06,
        6.01941846e-03,  5.28186379e-03])}
{'img': array([[[ 0.        ,  0.01641221, -0.69647686, ...,  0.94670632,
          0.95788516,  0.96064565],
        [-0.01641221,  0.        , -0.70816012, ...,  0.95186515,
          0.96246894,  0.95595733],
        [ 0.69647686,  0.70816012,  0.        , ...,  0.45500298,
          0.48736411,  0.88280447],
        ...,
        [-0.94670632, -0.95186515, -0.45500298, ...,  0.        ,
         -0.03668474, -0.57239509],
        [-0.95788516, -0.96246894, -0.48736411, ...,  0.03668474,
          0.        , -0.54192912],
        [-0.96064565, -0.95595733, -0.88280447, ...,  0.57239509,
          0.54192912,  0.        ]],

       [[ 0.        , -0.10516311,  0.22277   , ..., -0.12576595,
