state_0,state_1,state_2,state_3,state_4,state_5,state_6,state_7,state_8,state_9,state_10,state_11,state_12,state_13,state_14,state_15,state_16,state_17,state_18,state_19,state_20,state_21,state_22,state_23,state_24,state_25,state_26,state_27,state_28,state_29,state_30,state_31,state_32,state_33,state_34,state_35,state_36,state_37,state_38,state_39,state_40,state_41,state_42,state_43,state_44,state_45,state_46,state_47,state_48,state_49,state_50,state_51,state_52,state_53,state_54,state_55,state_56,state_57,state_58,state_59,state_60,state_61,state_62,state_63,state_64,state_65,state_66,state_67,state_68,state_69,state_70,state_71,state_72,state_73,state_74,state_75,state_76,state_77,state_78,state_79,state_80,state_81,state_82,state_83,state_84,state_85,state_86,state_87,state_88,state_89,state_90,state_91,state_92,state_93,state_94,state_95,state_96,state_97,state_98,state_99,state_100,state_101,state_102,state_103,state_104,state_105,state_106,state_107,state_108,state_109,state_110,state_111,state_112,state_113,state_114,state_115,state_116,state_117,state_118,state_119,state_120,state_121,state_122,state_123,state_124,state_125,state_126,state_127,state_128,state_129,state_130,state_131,state_132,state_133,state_134,state_135,state_136,state_137,state_138,state_139,state_140,state_141,state_142,state_143,state_144,state_145,state_146,state_147,state_148,state_149,state_150,state_151,state_152,state_153,state_154,state_155,state_156,state_157,state_158,state_159,state_160,state_161,state_162,state_163,state_164,state_165,state_166,state_167,state_168,state_169,state_170,state_171,state_172,state_173,state_174,state_175,state_176,state_177,state_178,state_179,state_180,state_181,state_182,state_183,state_184,state_185,state_186,state_187,state_188,state_189,state_190,state_191,state_192,state_193,state_194,state_195,state_196,state_197,state_198,state_199,state_200,state_201,state_202,state_203,state_204,state_205,state_206,state_207,state_208,state_209,state_210,state_211,state_212,state_213,state_214,state_215,state_216,state_217,state_218,state_219,state_220,state_221,state_222,state_223,state_224,state_225,state_226,state_227,state_228,state_229,state_230,state_231,state_232,state_233,state_234,state_235,state_236,state_237,state_238,state_239,state_240,state_241,state_242,state_243,state_244,state_245,state_246,state_247,state_248,state_249,state_250,state_251,state_252,state_253,state_254,state_255,state_256,state_257,state_258,state_259,state_260,state_261,state_262,state_263,state_264,state_265,state_266,state_267,state_268,state_269,state_270,state_271,state_272,state_273,state_274,state_275,state_276,state_277,state_278,state_279,state_280,state_281,state_282,state_283,state_284,state_285,state_286,state_287
{'img': array([[[ 0.        ,  0.50856489,  0.34752863, ..., -0.79482844,
         -0.79482844, -0.99991111],
        [-0.50856489,  0.        , -0.17763534, ..., -0.99298067,
         -0.99298067, -0.85416626],
        [-0.34752863,  0.17763534,  0.        , ..., -0.95617855,
         -0.95617855, -0.9329523 ],
        ...,
        [ 0.79482844,  0.99298067,  0.95617855, ...,  0.        ,
          0.        , -0.61737797],
        [ 0.79482844,  0.99298067,  0.95617855, ...,  0.        ,
          0.        , -0.61737797],
        [ 0.99991111,  0.85416626,  0.9329523 , ...,  0.61737797,
          0.61737797,  0.        ]],

       [[ 0.        ,  0.99168614,  0.3425954 , ...,  0.47676831,
         -0.23026071,  0.34884226],
        [-0.99168614,  0.        , -0.88758706, ..., -0.81037022,
         -0.99466852, -0.88450075],
        [-0.3425954 ,  0.88758706,  0.        , ...,  0.14676445,
         -0.54971555,  0.00665733],
        ...,
        [-0.47676831,  0.81037022, -0.14676445, ...,  0.        ,
         -0.6663629 , -0.14017596],
        [ 0.23026071,  0.99466852,  0.54971555, ...,  0.6663629 ,
          0.        ,  0.55526458],
        [-0.34884226,  0.88450075, -0.00665733, ...,  0.14017596,
         -0.55526458,  0.        ]],

       [[ 0.        ,  0.12718012,  0.10693432, ..., -0.89266313,
         -0.94649661, -0.98905594],
        [-0.12718012,  0.        , -0.02038491, ..., -0.94273757,
         -0.97985349, -0.96226017],
        [-0.10693432,  0.02038491,  0.        , ..., -0.93574259,
         -0.97557865, -0.96760759],
        ...,
        [ 0.89266313,  0.94273757,  0.93574259, ...,  0.        ,
         -0.1385345 , -0.5774961 ],
        [ 0.94649661,  0.97985349,  0.97557865, ...,  0.1385345 ,
          0.        , -0.458829  ],
        [ 0.98905594,  0.96226017,  0.96760759, ...,  0.5774961 ,
          0.458829  ,  0.        ]],

       ...,

       [[ 0.        ,  0.99113866,  0.77124298, ..., -0.13810391,
         -0.13810391, -0.46466499],
        [-0.99113866,  0.        , -0.52845507, ..., -0.99998584,
         -0.99998584, -0.93936201],
        [-0.77124298,  0.52845507,  0.        , ..., -0.85176151,
         -0.85176151, -0.97870354],
        ...,
        [ 0.13810391,  0.99998584,  0.85176151, ...,  0.        ,
          0.        , -0.3379233 ],
        [ 0.13810391,  0.99998584,  0.85176151, ...,  0.        ,
          0.        , -0.3379233 ],
        [ 0.46466499,  0.93936201,  0.97870354, ...,  0.3379233 ,
          0.3379233 ,  0.        ]],

       [[ 0.        , -0.1700914 , -0.43230058, ..., -0.90263957,
         -0.93589889, -0.98286376],
        [ 0.1700914 ,  0.        , -0.27262478, ..., -0.96269344,
         -0.98217912, -0.99989529],
        [ 0.43230058,  0.27262478,  0.        , ..., -0.99999777,
         -0.99621368, -0.96596477],
        ...,
        [ 0.90263957,  0.96269344,  0.99999777, ...,  0.        ,
          0.0848366 ,  0.25663519],
        [ 0.93589889,  0.98217912,  0.99621368, ..., -0.0848366 ,
          0.        ,  0.17371471],
        [ 0.98286376,  0.99989529,  0.96596477, ..., -0.25663519,
         -0.17371471,  0.        ]],

       [[ 0.        ,  0.11147025,  0.32648856, ..., -0.45708092,
         -0.58085625, -0.95034056],
        [-0.11147025,  0.        ,  0.219092  , ..., -0.55337673,
         -0.66797369, -0.97910868],
        [-0.32648856, -0.219092  ,  0.        , ..., -0.72242054,
         -0.81478969, -0.9998701 ],
        ...,
        [ 0.45708092,  0.55337673,  0.72242054, ...,  0.        ,
         -0.14456145, -0.70300776],
        [ 0.58085625,  0.66797369,  0.81478969, ...,  0.14456145,
          0.        , -0.59281372],
        [ 0.95034056,  0.97910868,  0.9998701 , ...,  0.70300776,
          0.59281372,  0.        ]]]), 'num': array([ 9.79355777e-01,  2.01976062e-01,  7.51091512e-06,  1.51241190e-03,
        1.54894358e-03,  1.50510556e-03,  6.87368557e-03, -7.30633766e-06,
        1.56501753e-03,  1.64246471e-03,  1.77958031e-03,  2.92253506e-07,
        1.75236135e-03,  1.53256806e-03])}
{'img': array([[[ 0.        , -0.1760298 , -0.03065825, ..., -0.98901651,
         -0.94786127, -0.85028918],
        [ 0.1760298 ,  0.        ,  0.14576753, ..., -0.94755476,
         -0.98915801, -0.92965904],
        [ 0.03065825, -0.14576753,  0.        , ..., -0.98402015,
         -0.95718597, -0.8660254 ],
        ...,
        [ 0.98901651,  0.94755476,  0.98402015, ...,  0.        ,
         -0.45528171, -0.64621206],
        [ 0.94786127,  0.98915801,  0.95718597, ...,  0.45528171,
          0.        , -0.22790142],
        [ 0.85028918,  0.92965904,  0.8660254 , ...,  0.64621206,
          0.22790142,  0.        ]],

       [[ 0.        , -0.88758706, -0.95651735, ..., -0.99466852,
         -0.88450075, -0.97156039],
        [ 0.88758706,  0.        , -0.18172283, ..., -0.54971555,
          0.00665733, -0.23736617],
        [ 0.95651735,  0.18172283,  0.        , ..., -0.38876015,
          0.18826529, -0.05688473],
        ...,
        [ 0.99466852,  0.54971555,  0.38876015, ...,  0.        ,
          0.55526458,  0.33572053],
        [ 0.88450075, -0.00665733, -0.18826529, ..., -0.55526458,
          0.        , -0.24382797],
        [ 0.97156039,  0.23736617,  0.05688473, ..., -0.33572053,
          0.24382797,  0.        ]],

       [[ 0.        , -0.01944784,  0.03269494, ..., -0.9361037 ,
         -0.9857663 , -0.94915311],
        [ 0.01944784,  0.        ,  0.0521262 , ..., -0.92908638,
         -0.98231027, -0.95509607],
        [-0.03269494, -0.0521262 ,  0.        , ..., -0.94710284,
         -0.99073601, -0.93835282],
        ...,
        [ 0.9361037 ,  0.92908638,  0.94710284, ...,  0.        ,
         -0.18933874, -0.62853936],
        [ 0.9857663 ,  0.98231027,  0.99073601, ...,  0.18933874,
          0.        , -0.46990677],
        [ 0.94915311,  0.95509607,  0.93835282, ...,  0.62853936,
          0.46990677,  0.        ]],

       ...,

       [[ 0.        , -0.52845507, -0.45392294, ..., -0.99998584,
         -0.93936201, -0.46818345],
        [ 0.52845507,  0.        ,  0.0855121 , ..., -0.85176151,
         -0.97870354, -0.86442905],
        [ 0.45392294, -0.0855121 ,  0.        , ..., -0.89344395,
         -0.9926725 , -0.81827114],
        ...,
        [ 0.99998584,  0.85176151,  0.89344395, ...,  0.        ,
         -0.3379233 , -0.88112726],
        [ 0.93936201,  0.97870354,  0.9926725 , ...,  0.3379233 ,
          0.        , -0.66949686],
        [ 0.46818345,  0.86442905,  0.81827114, ...,  0.88112726,
          0.66949686,  0.        ]],

       [[ 0.        , -0.27262478, -0.31279711, ..., -0.98217912,
         -0.99989529, -0.99565896],
        [ 0.27262478,  0.        , -0.04200402, ..., -0.99621368,
         -0.96596477, -0.93256887],
        [ 0.31279711,  0.04200402,  0.        , ..., -0.9916827 ,
         -0.95424692, -0.9165827 ],
        ...,
        [ 0.98217912,  0.99621368,  0.9916827 , ...,  0.        ,
          0.17371471,  0.27854915],
        [ 0.99989529,  0.96596477,  0.95424692, ..., -0.17371471,
          0.        ,  0.10747467],
        [ 0.99565896,  0.93256887,  0.9165827 , ..., -0.27854915,
         -0.10747467,  0.        ]],

       [[ 0.        ,  0.20255174,  0.23214604, ..., -0.58437369,
         -0.78932841, -0.9932103 ],
        [-0.20255174,  0.        ,  0.0303158 , ..., -0.73662817,
         -0.8973278 , -0.996186  ],
        [-0.23214604, -0.0303158 ,  0.        , ..., -0.75679211,
         -0.91029569, -0.99308291],
        ...,
        [ 0.58437369,  0.73662817,  0.75679211, ...,  0.        ,
         -0.28173928, -0.73799316],
        [ 0.78932841,  0.8973278 ,  0.91029569, ...,  0.28173928,
          0.        , -0.51797782],
        [ 0.9932103 ,  0.996186  ,  0.99308291, ...,  0.73799316,
          0.51797782,  0.        ]]]), 'num': array([9.65745332e-01, 2.58998428e-01, 6.76312826e-06, 3.04632286e-03,
       3.11920140e-03, 3.01717145e-03, 1.31770517e-02, 2.91514149e-05,
       3.07838942e-03, 3.26204333e-03, 3.53655249e-03, 6.82267158e-07,
       3.50094269e-03, 3.02314397e-03])}
{'img': array([[[ 0.        ,  0.14576753,  0.26941583, ..., -0.98915801,
         -0.92965904, -0.99867792],
        [-0.14576753,  0.        ,  0.12616055, ..., -0.95718597,
         -0.8660254 , -0.98051782],
        [-0.26941583, -0.12616055,  0.        , ..., -0.91301774,
         -0.79602545, -0.94790158],
        ...,
        [ 0.98915801,  0.95718597,  0.91301774, ...,  0.        ,
         -0.22790142,  0.09581391],
        [ 0.92965904,  0.8660254 ,  0.79602545, ...,  0.22790142,
          0.        ,  0.3201454 ],
        [ 0.99867792,  0.98051782,  0.94790158, ..., -0.09581391,
         -0.3201454 ,  0.        ]],

       [[ 0.        , -0.18172283,  0.27390811, ...,  0.00665733,
         -0.23736617, -0.27330354],
        [ 0.18172283,  0.        ,  0.44412048, ...,  0.18826529,
         -0.05688473, -0.09394873],
        [-0.27390811, -0.44412048,  0.        , ..., -0.26749931,
         -0.49436819, -0.52633112],
        ...,
        [-0.00665733, -0.18826529,  0.26749931, ...,  0.        ,
         -0.24382797, -0.27970135],
        [ 0.23736617,  0.05688473,  0.49436819, ...,  0.24382797,
          0.        , -0.03716347],
        [ 0.27330354,  0.09394873,  0.52633112, ...,  0.27970135,
          0.03716347,  0.        ]],

       [[ 0.        ,  0.0503915 ,  0.13425948, ..., -0.95205938,
         -0.99592726, -0.94487418],
        [-0.0503915 ,  0.        ,  0.08415364, ..., -0.96626526,
         -0.99920529, -0.92717388],
        [-0.13425948, -0.08415364,  0.        , ..., -0.98451139,
         -0.99901523, -0.89235842],
        ...,
        [ 0.95205938,  0.96626526,  0.98451139, ...,  0.        ,
         -0.21882937, -0.60078582],
        [ 0.99592726,  0.99920529,  0.99901523, ...,  0.21882937,
          0.        , -0.41129027],
        [ 0.94487418,  0.92717388,  0.89235842, ...,  0.60078582,
          0.41129027,  0.        ]],

       ...,

       [[ 0.        ,  0.0855121 ,  0.        , ..., -0.97870354,
         -0.86442905, -0.96660695],
        [-0.0855121 ,  0.        , -0.0855121 , ..., -0.9926725 ,
         -0.81827114, -0.94115277],
        [ 0.        ,  0.0855121 ,  0.        , ..., -0.97870354,
         -0.86442905, -0.96660695],
        ...,
        [ 0.97870354,  0.9926725 ,  0.97870354, ...,  0.        ,
         -0.66949686, -0.44922991],
        [ 0.86442905,  0.81827114,  0.86442905, ...,  0.66949686,
          0.        ,  0.26444467],
        [ 0.96660695,  0.94115277,  0.96660695, ...,  0.44922991,
         -0.26444467,  0.        ]],

       [[ 0.        , -0.04200402,  0.00453983, ..., -0.96596477,
         -0.93256887, -0.92445059],
        [ 0.04200402,  0.        ,  0.04653942, ..., -0.95424692,
         -0.9165827 , -0.9076185 ],
        [-0.00453983, -0.04653942,  0.        , ..., -0.96712915,
         -0.9341981 , -0.92617211],
        ...,
        [ 0.96596477,  0.95424692,  0.96712915, ...,  0.        ,
          0.10747467,  0.12919315],
        [ 0.93256887,  0.9165827 ,  0.9341981 , ..., -0.10747467,
          0.        ,  0.02187087],
        [ 0.92445059,  0.9076185 ,  0.92617211, ..., -0.12919315,
         -0.02187087,  0.        ]],

       [[ 0.        ,  0.02889435, -0.00100659, ..., -0.83904153,
         -0.94690982, -0.99080306],
        [-0.02889435,  0.        , -0.02990051, ..., -0.85441168,
         -0.95580397, -0.98647962],
        [ 0.00100659,  0.02990051,  0.        , ..., -0.83849345,
         -0.94658573, -0.99093876],
        ...,
        [ 0.83904153,  0.85441168,  0.83849345, ...,  0.        ,
         -0.2454315 , -0.65259589],
        [ 0.94690982,  0.95580397,  0.94658573, ...,  0.2454315 ,
          0.        , -0.4466706 ],
        [ 0.99080306,  0.98647962,  0.99093876, ...,  0.65259589,
          0.4466706 ,  0.        ]]]), 'num': array([9.29721529e-01, 3.67970456e-01, 5.20139883e-06, 2.97222790e-03,
       2.98598822e-03, 2.86214539e-03, 1.19049011e-02, 9.63222005e-05,
       2.90617839e-03, 3.07199018e-03, 3.32884938e-03, 1.07689417e-06,
       3.30123471e-03, 2.84274566e-03])}
{'img': array([[[ 0.        ,  0.12616055,  0.19319861, ..., -0.8660254 ,
         -0.98051782, -0.98402015],
        [-0.12616055,  0.        ,  0.06787128, ..., -0.79602545,
         -0.94790158, -0.99862146],
        [-0.19319861, -0.06787128,  0.        , ..., -0.7531099 ,
         -0.9240945 , -0.99988128],
        ...,
        [ 0.8660254 ,  0.79602545,  0.7531099 , ...,  0.        ,
          0.3201454 ,  0.64621206],
        [ 0.98051782,  0.94790158,  0.9240945 , ..., -0.3201454 ,
          0.        ,  0.36787941],
        [ 0.98402015,  0.99862146,  0.99988128, ..., -0.64621206,
         -0.36787941,  0.        ]],

       [[ 0.        ,  0.44412048, -0.23701389, ..., -0.05688473,
         -0.09394873, -0.13395537],
        [-0.44412048,  0.        , -0.64382247, ..., -0.49436819,
         -0.52633112, -0.56013738],
        [ 0.23701389,  0.64382247,  0.        , ...,  0.18136624,
          0.14469382,  0.1047393 ],
        ...,
        [ 0.05688473,  0.49436819, -0.18136624, ...,  0.        ,
         -0.03716347, -0.07736641],
        [ 0.09394873,  0.52633112, -0.14469382, ...,  0.03716347,
          0.        , -0.04026089],
        [ 0.13395537,  0.56013738, -0.1047393 , ...,  0.07736641,
          0.04026089,  0.        ]],

       [[ 0.        ,  0.08415364,  0.24806428, ..., -0.99920529,
         -0.92717388, -0.92717388],
        [-0.08415364,  0.        ,  0.16566104, ..., -0.99901523,
         -0.89235842, -0.89235842],
        [-0.24806428, -0.16566104,  0.        , ..., -0.97786143,
         -0.80526111, -0.80526111],
        ...,
        [ 0.99920529,  0.99901523,  0.97786143, ...,  0.        ,
         -0.41129027, -0.41129027],
        [ 0.92717388,  0.89235842,  0.80526111, ...,  0.41129027,
          0.        ,  0.        ],
        [ 0.92717388,  0.89235842,  0.80526111, ...,  0.41129027,
          0.        ,  0.        ]],

       ...,

       [[ 0.        , -0.0855121 , -0.11326473, ..., -0.81827114,
         -0.94115277, -0.92800241],
        [ 0.0855121 ,  0.        , -0.02788804, ..., -0.86442905,
         -0.96660695, -0.89274366],
        [ 0.11326473,  0.02788804,  0.        , ..., -0.87811368,
         -0.97337768, -0.87983106],
        ...,
        [ 0.81827114,  0.86442905,  0.87811368, ...,  0.        ,
          0.26444467,  0.8383126 ],
        [ 0.94115277,  0.96660695,  0.97337768, ..., -0.26444467,
          0.        ,  0.66429684],
        [ 0.92800241,  0.89274366,  0.87983106, ..., -0.8383126 ,
         -0.66429684,  0.        ]],

       [[ 0.        ,  0.04653942,  0.14583228, ..., -0.9165827 ,
         -0.9076185 , -0.91483425],
        [-0.04653942,  0.        ,  0.09963238, ..., -0.9341981 ,
         -0.92617211, -0.93263698],
        [-0.14583228, -0.09963238,  0.        , ..., -0.96509415,
         -0.95913525, -0.96394544],
        ...,
        [ 0.9165827 ,  0.9341981 ,  0.96509415, ...,  0.        ,
          0.02187087,  0.00435111],
        [ 0.9076185 ,  0.92617211,  0.95913525, ..., -0.02187087,
          0.        , -0.01752059],
        [ 0.91483425,  0.93263698,  0.96394544, ..., -0.00435111,
          0.01752059,  0.        ]],

       [[ 0.        , -0.02943377, -0.071504  , ..., -0.93779535,
         -0.99599766, -0.98385509],
        [ 0.02943377,  0.        , -0.04211458, ..., -0.92716997,
         -0.99293535, -0.98869649],
        [ 0.071504  ,  0.04211458,  0.        , ..., -0.91056952,
         -0.98705723, -0.99413358],
        ...,
        [ 0.93779535,  0.92716997,  0.91056952, ...,  0.        ,
         -0.26197943, -0.50941755],
        [ 0.99599766,  0.99293535,  0.98705723, ...,  0.26197943,
          0.        , -0.26618696],
        [ 0.98385509,  0.98869649,  0.99413358, ...,  0.50941755,
          0.26618696,  0.        ]]]), 'num': array([9.61098929e-01, 2.75744478e-01, 6.14667669e-06, 3.10115136e-03,
       3.11505787e-03, 2.97599279e-03, 1.32905613e-02, 9.73455585e-05,
       2.95652368e-03, 3.10393267e-03, 3.35471337e-03, 1.22377274e-06,
       3.33556684e-03, 2.87229849e-03])}
{'img': array([[[ 0.        ,  0.06787128,  0.56035716, ..., -0.94790158,
         -0.99862146, -0.95436718],
        [-0.06787128,  0.        ,  0.50285056, ..., -0.9240945 ,
         -0.99988128, -0.97243528],
        [-0.56035716, -0.50285056,  0.        , ..., -0.60659128,
         -0.85652239, -0.95779831],
        ...,
        [ 0.94790158,  0.9240945 ,  0.60659128, ...,  0.        ,
          0.36787941,  0.58710364],
        [ 0.99862146,  0.99988128,  0.85652239, ..., -0.36787941,
          0.        ,  0.2481294 ],
        [ 0.95436718,  0.97243528,  0.95779831, ..., -0.58710364,
         -0.2481294 ,  0.        ]],

       [[ 0.        , -0.64382247,  0.99995776, ..., -0.52633112,
         -0.56013738, -0.48138125],
        [ 0.64382247,  0.        ,  0.77105976, ...,  0.14469382,
          0.1047393 ,  0.19597683],
        [-0.99995776, -0.77105976,  0.        , ..., -0.85508113,
         -0.8335128 , -0.88089853],
        ...,
        [ 0.52633112, -0.14469382,  0.85508113, ...,  0.        ,
         -0.04026089,  0.05202648],
        [ 0.56013738, -0.1047393 ,  0.8335128 , ...,  0.04026089,
          0.        ,  0.09219066],
        [ 0.48138125, -0.19597683,  0.88089853, ..., -0.05202648,
         -0.09219066,  0.        ]],

       [[ 0.        ,  0.16566104,  0.2855062 , ..., -0.89235842,
         -0.89235842, -0.98386893],
        [-0.16566104,  0.        ,  0.12279559, ..., -0.80526111,
         -0.80526111, -0.94063932],
        [-0.2855062 , -0.12279559,  0.        , ..., -0.72635888,
         -0.72635888, -0.89184277],
        ...,
        [ 0.89235842,  0.80526111,  0.72635888, ...,  0.        ,
          0.        ,  0.28441229],
        [ 0.89235842,  0.80526111,  0.72635888, ...,  0.        ,
          0.        ,  0.28441229],
        [ 0.98386893,  0.94063932,  0.89184277, ..., -0.28441229,
         -0.28441229,  0.        ]],

       ...,

       [[ 0.        , -0.02788804,  0.62043666, ..., -0.96660695,
         -0.89274366, -0.79328851],
        [ 0.02788804,  0.        ,  0.64206672, ..., -0.97337768,
         -0.87983106, -0.77600045],
        [-0.62043666, -0.64206672,  0.        , ..., -0.59907255,
         -0.97968707, -0.99989204],
        ...,
        [ 0.96660695,  0.97337768,  0.59907255, ...,  0.        ,
          0.66429684,  0.7918056 ],
        [ 0.89274366,  0.87983106,  0.97968707, ..., -0.66429684,
          0.        ,  0.18611534],
        [ 0.79328851,  0.77600045,  0.99989204, ..., -0.7918056 ,
         -0.18611534,  0.        ]],

       [[ 0.        ,  0.09963238,  0.29940802, ..., -0.92617211,
         -0.93263698, -0.93385143],
        [-0.09963238,  0.        ,  0.20285649, ..., -0.95913525,
         -0.96394544, -0.96483951],
        [-0.29940802, -0.20285649,  0.        , ..., -0.99659121,
         -0.99788365, -0.99809777],
        ...,
        [ 0.92617211,  0.95913525,  0.99659121, ...,  0.        ,
         -0.01752059, -0.02090058],
        [ 0.93263698,  0.96394544,  0.99788365, ...,  0.01752059,
          0.        , -0.00338062],
        [ 0.93385143,  0.96483951,  0.99809777, ...,  0.02090058,
          0.00338062,  0.        ]],

       [[ 0.        , -0.04207632, -0.14336405, ..., -0.99213165,
         -0.99619322, -0.98856374],
        [ 0.04207632,  0.        , -0.10159542, ..., -0.9859851 ,
         -0.9989789 , -0.99403353],
        [ 0.14336405,  0.10159542,  0.        , ..., -0.96393391,
         -0.99839998, -0.99997171],
        ...,
        [ 0.99213165,  0.9859851 ,  0.96393391, ...,  0.        ,
         -0.21120908, -0.27338426],
        [ 0.99619322,  0.9989789 ,  0.99839998, ...,  0.21120908,
          0.        , -0.06405391],
        [ 0.98856374,  0.99403353,  0.99997171, ...,  0.27338426,
          0.06405391,  0.        ]]]), 'num': array([9.01333657e-01, 4.32947120e-01, 4.20077612e-06, 2.90923315e-03,
       2.96141670e-03, 2.84400371e-03, 9.26466822e-03, 0.00000000e+00,
       2.81269358e-03, 2.91119003e-03, 3.13731877e-03, 9.85689358e-07,
       3.12843836e-03, 2.69394171e-03])}
{'img': array([[[ 0.        ,  0.50285056,  0.14960225, ..., -0.99988128,
         -0.97243528, -0.97243528],
        [-0.50285056,  0.        , -0.36787941, ..., -0.85652239,
         -0.95779831, -0.95779831],
        [-0.14960225,  0.36787941,  0.        , ..., -0.98632367,
         -0.99637494, -0.99637494],
        ...,
        [ 0.99988128,  0.85652239,  0.98632367, ...,  0.        ,
          0.2481294 ,  0.2481294 ],
        [ 0.97243528,  0.95779831,  0.99637494, ..., -0.2481294 ,
          0.        ,  0.        ],
        [ 0.97243528,  0.95779831,  0.99637494, ..., -0.2481294 ,
          0.        ,  0.        ]],

       [[ 0.        ,  0.77105976,  0.57457656, ...,  0.1047393 ,
          0.19597683, -0.0684809 ],
        [-0.77105976,  0.        , -0.99694348, ..., -0.8335128 ,
         -0.88089853, -0.72564355],
        [-0.57457656,  0.99694348,  0.        , ..., -0.48569226,
         -0.40303727, -0.62927595],
        ...,
        [-0.1047393 ,  0.8335128 ,  0.48569226, ...,  0.        ,
          0.09219066, -0.17259765],
        [-0.19597683,  0.88089853,  0.40303727, ..., -0.09219066,
          0.        , -0.26266972],
        [ 0.0684809 ,  0.72564355,  0.62927595, ...,  0.17259765,
          0.26266972,  0.        ]],

       [[ 0.        ,  0.12279559,  0.25061854, ..., -0.80526111,
         -0.94063932, -0.99286771],
        [-0.12279559,  0.        ,  0.12984518, ..., -0.72635888,
         -0.89184277, -0.97071382],
        [-0.25061854, -0.12984518,  0.        , ..., -0.63096511,
         -0.82555779, -0.93130217],
        ...,
        [ 0.80526111,  0.72635888,  0.63096511, ...,  0.        ,
          0.28441229,  0.49268719],
        [ 0.94063932,  0.89184277,  0.82555779, ..., -0.28441229,
          0.        ,  0.2248428 ],
        [ 0.99286771,  0.97071382,  0.93130217, ..., -0.49268719,
         -0.2248428 ,  0.        ]],

       ...,

       [[ 0.        ,  0.64206672, -0.02510714, ..., -0.87983106,
         -0.77600045, -0.90377591],
        [-0.64206672,  0.        , -0.66111268, ..., -0.97968707,
         -0.99989204, -0.96768707],
        [ 0.02510714,  0.66111268,  0.        , ..., -0.86762062,
         -0.75991994, -0.89274501],
        ...,
        [ 0.87983106,  0.97968707,  0.86762062, ...,  0.        ,
          0.18611534, -0.05297961],
        [ 0.77600045,  0.99989204,  0.75991994, ..., -0.18611534,
          0.        , -0.2379079 ],
        [ 0.90377591,  0.96768707,  0.89274501, ...,  0.05297961,
          0.2379079 ,  0.        ]],

       [[ 0.        ,  0.20285649,  0.29417236, ..., -0.96394544,
         -0.96483951, -0.96573685],
        [-0.20285649,  0.        ,  0.09417549, ..., -0.99788365,
         -0.99809777, -0.9983037 ],
        [-0.29417236, -0.09417549,  0.        , ..., -0.99957241,
         -0.99946784, -0.99934988],
        ...,
        [ 0.96394544,  0.99788365,  0.99957241, ...,  0.        ,
         -0.00338062, -0.00681625],
        [ 0.96483951,  0.99809777,  0.99946784, ...,  0.00338062,
          0.        , -0.00343567],
        [ 0.96573685,  0.9983037 ,  0.99934988, ...,  0.00681625,
          0.00343567,  0.        ]],

       [[ 0.        , -0.10149853, -0.02999908, ..., -0.9998025 ,
         -0.99891681, -0.99393413],
        [ 0.10149853,  0.        ,  0.07160868, ..., -0.99665634,
         -0.998481  , -0.99996365],
        [ 0.02999908, -0.07160868,  0.        , ..., -0.9999487 ,
         -0.99986314, -0.99678599],
        ...,
        [ 0.9998025 ,  0.99665634,  0.9999487 , ...,  0.        ,
         -0.0266706 , -0.09020248],
        [ 0.99891681,  0.998481  ,  0.99986314, ...,  0.0266706 ,
          0.        , -0.06360851],
        [ 0.99393413,  0.99996365,  0.99678599, ...,  0.09020248,
          0.06360851,  0.        ]]]), 'num': array([9.00229526e-01, 4.35218400e-01, 4.11514272e-06, 2.92459828e-03,
       2.93753898e-03, 2.85989478e-03, 1.01776797e-02, 3.88221011e-05,
       2.83918966e-03, 2.88771729e-03, 3.10253291e-03, 1.10133620e-06,
       3.10321395e-03, 2.67222062e-03])}
{'img': array([[[ 0.        , -0.36787941,  0.3201454 , ..., -0.95779831,
         -0.95779831, -0.98051782],
        [ 0.36787941,  0.        ,  0.64621206, ..., -0.99637494,
         -0.99637494, -0.98402015],
        [-0.3201454 , -0.64621206,  0.        , ..., -0.81536491,
         -0.81536491, -0.8660254 ],
        ...,
        [ 0.95779831,  0.99637494,  0.81536491, ...,  0.        ,
          0.        ,  0.09370067],
        [ 0.95779831,  0.99637494,  0.81536491, ...,  0.        ,
          0.        ,  0.09370067],
        [ 0.98051782,  0.98402015,  0.8660254 , ..., -0.09370067,
         -0.09370067,  0.        ]],

       [[ 0.        , -0.99694348, -0.93519801, ..., -0.88089853,
         -0.72564355, -0.78356233],
        [ 0.99694348,  0.        ,  0.42610628, ..., -0.40303727,
         -0.62927595, -0.5581974 ],
        [ 0.93519801, -0.42610628,  0.        , ..., -0.75458245,
         -0.90045114, -0.85853004],
        ...,
        [ 0.88089853,  0.40303727,  0.75458245, ...,  0.        ,
         -0.26266972, -0.17644976],
        [ 0.72564355,  0.62927595,  0.90045114, ...,  0.26266972,
          0.        ,  0.08829447],
        [ 0.78356233,  0.5581974 ,  0.85853004, ...,  0.17644976,
         -0.08829447,  0.        ]],

       [[ 0.        ,  0.12984518,  0.32875527, ..., -0.89184277,
         -0.97071382, -0.99887665],
        [-0.12984518,  0.        ,  0.20334437, ..., -0.82555779,
         -0.93130217, -0.98426759],
        [-0.32875527, -0.20334437,  0.        , ..., -0.69355885,
         -0.83777706, -0.92777583],
        ...,
        [ 0.89184277,  0.82555779,  0.69355885, ...,  0.        ,
          0.2248428 ,  0.40957648],
        [ 0.97071382,  0.93130217,  0.83777706, ..., -0.2248428 ,
          0.        ,  0.19397065],
        [ 0.99887665,  0.98426759,  0.92777583, ..., -0.40957648,
         -0.19397065,  0.        ]],

       ...,

       [[ 0.        , -0.66111268, -0.36794656, ..., -0.99989204,
         -0.96768707, -0.99755339],
        [ 0.66111268,  0.        ,  0.33866821, ..., -0.75991994,
         -0.89274501, -0.79466857],
        [ 0.36794656, -0.33866821,  0.        , ..., -0.93515311,
         -0.99258013, -0.95329467],
        ...,
        [ 0.99989204,  0.75991994,  0.93515311, ...,  0.        ,
         -0.2379079 , -0.05524334],
        [ 0.96768707,  0.89274501,  0.99258013, ...,  0.2379079 ,
          0.        ,  0.18388742],
        [ 0.99755339,  0.79466857,  0.95329467, ...,  0.05524334,
         -0.18388742,  0.        ]],

       [[ 0.        ,  0.09417549,  0.26378413, ..., -0.99809777,
         -0.9983037 , -0.9983037 ],
        [-0.09417549,  0.        ,  0.17177181, ..., -0.99946784,
         -0.99934988, -0.99934988],
        [-0.26378413, -0.17177181,  0.        , ..., -0.97900942,
         -0.9783034 , -0.9783034 ],
        ...,
        [ 0.99809777,  0.99946784,  0.97900942, ...,  0.        ,
         -0.00343567, -0.00343567],
        [ 0.9983037 ,  0.99934988,  0.9783034 , ...,  0.00343567,
          0.        ,  0.        ],
        [ 0.9983037 ,  0.99934988,  0.9783034 , ...,  0.00343567,
          0.        ,  0.        ]],

       [[ 0.        ,  0.07160868,  0.12082   , ..., -0.998481  ,
         -0.99996365, -0.99996365],
        [-0.07160868,  0.        ,  0.04942573, ..., -0.99986314,
         -0.99678599, -0.99678599],
        [-0.12082   , -0.04942573,  0.        , ..., -0.9978234 ,
         -0.99160821, -0.99160821],
        ...,
        [ 0.998481  ,  0.99986314,  0.9978234 , ...,  0.        ,
         -0.06360851, -0.06360851],
        [ 0.99996365,  0.99678599,  0.99160821, ...,  0.06360851,
          0.        ,  0.        ],
        [ 0.99996365,  0.99678599,  0.99160821, ...,  0.06360851,
          0.        ,  0.        ]]]), 'num': array([8.25786561e-01, 5.63900294e-01, 2.29724796e-06, 2.69985843e-03,
       2.71169991e-03, 2.65249249e-03, 5.94864070e-03, 2.36829686e-05,
       2.64301930e-03, 2.63887478e-03, 2.82853589e-03, 1.21168677e-06,
       2.82911773e-03, 2.44863184e-03])}
{'img': array([[[ 0.        ,  0.64621206,  0.45528171, ..., -0.99637494,
         -0.98402015, -0.97162495],
        [-0.64621206,  0.        , -0.22790142, ..., -0.81536491,
         -0.8660254 , -0.89434976],
        [-0.45528171,  0.22790142,  0.        , ..., -0.92585087,
         -0.95718597, -0.97277014],
        ...,
        [ 0.99637494,  0.81536491,  0.92585087, ...,  0.        ,
          0.09370067,  0.15301293],
        [ 0.98402015,  0.8660254 ,  0.95718597, ..., -0.09370067,
          0.        ,  0.05974246],
        [ 0.97162495,  0.89434976,  0.97277014, ..., -0.15301293,
         -0.05974246,  0.        ]],

       [[ 0.        ,  0.46732469,  0.60686398, ..., -0.66053754,
         -0.58816073, -0.85780043],
        [-0.46732469,  0.        ,  0.16508748, ..., -0.93483595,
         -0.89793059, -0.99856605],
        [-0.60686398, -0.16508748,  0.        , ..., -0.98062825,
         -0.95827115, -0.99370238],
        ...,
        [ 0.66053754,  0.93483595,  0.98062825, ...,  0.        ,
          0.09261884, -0.30452557],
        [ 0.58816073,  0.89793059,  0.95827115, ..., -0.09261884,
          0.        , -0.39143644],
        [ 0.85780043,  0.99856605,  0.99370238, ...,  0.30452557,
          0.39143644,  0.        ]],

       [[ 0.        ,  0.20334437,  0.42530822, ..., -0.93130217,
         -0.98426759, -0.99980872],
        [-0.20334437,  0.        ,  0.23238585, ..., -0.83777706,
         -0.92777583, -0.974943  ],
        [-0.42530822, -0.23238585,  0.        , ..., -0.68795624,
         -0.81566473, -0.8965573 ],
        ...,
        [ 0.93130217,  0.83777706,  0.68795624, ...,  0.        ,
          0.19397065,  0.34596349],
        [ 0.98426759,  0.92777583,  0.81566473, ..., -0.19397065,
          0.        ,  0.15740015],
        [ 0.99980872,  0.974943  ,  0.8965573 , ..., -0.34596349,
         -0.15740015,  0.        ]],

       ...,

       [[ 0.        ,  0.58098763,  0.37333998, ..., -0.92375261,
         -0.83435469, -0.59842152],
        [-0.58098763,  0.        , -0.23511306, ..., -0.97436597,
         -0.99934824, -0.95253919],
        [-0.37333998,  0.23511306,  0.        , ..., -0.99994567,
         -0.97982176, -0.85426546],
        ...,
        [ 0.92375261,  0.97436597,  0.99994567, ...,  0.        ,
          0.18964902,  0.51090417],
        [ 0.83435469,  0.99934824,  0.97982176, ..., -0.18964902,
          0.        ,  0.33860281],
        [ 0.59842152,  0.95253919,  0.85426546, ..., -0.51090417,
         -0.33860281,  0.        ]],

       [[ 0.        ,  0.17177181,  0.32121688, ..., -0.99934988,
         -0.99934988, -0.99545998],
        [-0.17177181,  0.        ,  0.15377368, ..., -0.9783034 ,
         -0.9783034 , -0.9643148 ],
        [-0.32121688, -0.15377368,  0.        , ..., -0.93480913,
         -0.93480913, -0.91213248],
        ...,
        [ 0.99934988,  0.9783034 ,  0.93480913, ...,  0.        ,
          0.        , -0.05922976],
        [ 0.99934988,  0.9783034 ,  0.93480913, ...,  0.        ,
          0.        , -0.05922976],
        [ 0.99545998,  0.9643148 ,  0.91213248, ...,  0.05922976,
          0.05922976,  0.        ]],

       [[ 0.        ,  0.04942573,  0.12485904, ..., -0.99678599,
         -0.99678599, -0.99690332],
        [-0.04942573,  0.        ,  0.07566749, ..., -0.99160821,
         -0.99160821, -0.9995716 ],
        [-0.12485904, -0.07566749,  0.        , ..., -0.97898312,
         -0.97898312, -0.99892058],
        ...,
        [ 0.99678599,  0.99160821,  0.97898312, ...,  0.        ,
          0.        ,  0.15824659],
        [ 0.99678599,  0.99160821,  0.97898312, ...,  0.        ,
          0.        ,  0.15824659],
        [ 0.99690332,  0.9995716 ,  0.99892058, ..., -0.15824659,
         -0.15824659,  0.        ]]]), 'num': array([8.29564066e-01, 5.58342818e-01, 2.37913376e-06, 2.71221248e-03,
       2.72410815e-03, 2.68842114e-03, 4.29357511e-03, 0.00000000e+00,
       2.68366288e-03, 2.64738109e-03, 2.83235874e-03, 1.21723122e-06,
       2.83097177e-03, 2.46379041e-03])}
{'img': array([[[ 0.        , -0.22790142, -0.61378441, ..., -0.8660254 ,
         -0.89434976, -0.89434976],
        [ 0.22790142,  0.        , -0.41771001, ..., -0.95718597,
         -0.97277014, -0.97277014],
        [ 0.61378441,  0.41771001,  0.        , ..., -0.99059647,
         -0.98065336, -0.98065336],
        ...,
        [ 0.8660254 ,  0.95718597,  0.99059647, ...,  0.        ,
          0.05974246,  0.05974246],
        [ 0.89434976,  0.97277014,  0.98065336, ..., -0.05974246,
          0.        ,  0.        ],
        [ 0.89434976,  0.97277014,  0.98065336, ..., -0.05974246,
          0.        ,  0.        ]],

       [[ 0.        ,  0.16508748, -0.61667533, ..., -0.89793059,
         -0.99856605, -0.93409759],
        [-0.16508748,  0.        , -0.73817365, ..., -0.95827115,
         -0.99370238, -0.8623416 ],
        [ 0.61667533,  0.73817365,  0.        , ..., -0.43544508,
         -0.75307588, -0.95550211],
        ...,
        [ 0.89793059,  0.95827115,  0.43544508, ...,  0.        ,
         -0.39143644, -0.73170817],
        [ 0.99856605,  0.99370238,  0.75307588, ...,  0.39143644,
          0.        , -0.40651149],
        [ 0.93409759,  0.8623416 ,  0.95550211, ...,  0.73170817,
          0.40651149,  0.        ]],

       [[ 0.        ,  0.23238585,  0.46002569, ..., -0.92777583,
         -0.974943  , -0.99092145],
        [-0.23238585,  0.        ,  0.24109518, ..., -0.81566473,
         -0.8965573 , -0.93255122],
        [-0.46002569, -0.24109518,  0.        , ..., -0.65212426,
         -0.76332243, -0.81799788],
        ...,
        [ 0.92777583,  0.81566473,  0.65212426, ...,  0.        ,
          0.15740015,  0.24501836],
        [ 0.974943  ,  0.8965573 ,  0.76332243, ..., -0.15740015,
          0.        ,  0.08936183],
        [ 0.99092145,  0.93255122,  0.81799788, ..., -0.24501836,
         -0.08936183,  0.        ]],

       ...,

       [[ 0.        , -0.23511306, -0.5791701 , ..., -0.99934824,
         -0.95253919, -0.95253919],
        [ 0.23511306,  0.        , -0.37126908, ..., -0.97982176,
         -0.85426546, -0.85426546],
        [ 0.5791701 ,  0.37126908,  0.        , ..., -0.83558257,
         -0.60020771, -0.60020771],
        ...,
        [ 0.99934824,  0.97982176,  0.83558257, ...,  0.        ,
          0.33860281,  0.33860281],
        [ 0.95253919,  0.85426546,  0.60020771, ..., -0.33860281,
          0.        ,  0.        ],
        [ 0.95253919,  0.85426546,  0.60020771, ..., -0.33860281,
          0.        ,  0.        ]],

       [[ 0.        ,  0.15377368,  0.2475409 , ..., -0.9783034 ,
         -0.9643148 , -0.94363249],
        [-0.15377368,  0.        ,  0.09560882, ..., -0.93480913,
         -0.91213248, -0.8815107 ],
        [-0.2475409 , -0.09560882,  0.        , ..., -0.89657123,
         -0.86876435, -0.83232943],
        ...,
        [ 0.9783034 ,  0.93480913,  0.89657123, ...,  0.        ,
         -0.05922976, -0.12831428],
        [ 0.9643148 ,  0.91213248,  0.86876435, ...,  0.05922976,
          0.        , -0.06934887],
        [ 0.94363249,  0.8815107 ,  0.83232943, ...,  0.12831428,
          0.06934887,  0.        ]],

       [[ 0.        ,  0.07566749,  0.14730653, ..., -0.99160821,
         -0.9995716 , -0.99458237],
        [-0.07566749,  0.        ,  0.07204218, ..., -0.97898312,
         -0.99892058, -0.99959676],
        [-0.14730653, -0.07204218,  0.        , ..., -0.96174694,
         -0.99297855, -0.99904509],
        ...,
        [ 0.99160821,  0.97898312,  0.96174694, ...,  0.        ,
          0.15824659,  0.23165812],
        [ 0.9995716 ,  0.99892058,  0.99297855, ..., -0.15824659,
          0.        ,  0.07479729],
        [ 0.99458237,  0.99959676,  0.99904509, ..., -0.23165812,
         -0.07479729,  0.        ]]]), 'num': array([ 7.82031004e-01,  6.23172579e-01,  1.41837879e-06,  2.52156229e-03,
        2.56659019e-03,  2.52156229e-03,  5.62873492e-03, -4.50278981e-05,
        2.54182485e-03,  2.50411398e-03,  2.66921628e-03,  1.10068195e-06,
        2.67711651e-03,  2.33111146e-03])}
{'img': array([[[ 0.        , -0.58179798, -0.44939465, ..., -0.89799777,
         -0.89799777, -0.83735032],
        [ 0.58179798,  0.        ,  0.15423188, ..., -0.98636263,
         -0.98636263, -0.99909449],
        [ 0.44939465, -0.15423188,  0.        , ..., -0.99994499,
         -0.99994499, -0.99370203],
        ...,
        [ 0.89799777,  0.98636263,  0.99994499, ...,  0.        ,
          0.        , -0.12247131],
        [ 0.89799777,  0.98636263,  0.99994499, ...,  0.        ,
          0.        , -0.12247131],
        [ 0.83735032,  0.99909449,  0.99370203, ...,  0.12247131,
          0.12247131,  0.        ]],

       [[ 0.        , -0.73817365, -0.80445395, ..., -0.99370238,
         -0.8623416 , -0.99320767],
