state_0,state_1,state_2,state_3,state_4,state_5,state_6,state_7,state_8,state_9,state_10,state_11,state_12,state_13,state_14,state_15,state_16,state_17,state_18,state_19,state_20,state_21,state_22,state_23,state_24,state_25,state_26,state_27,state_28,state_29,state_30,state_31,state_32,state_33,state_34,state_35,state_36,state_37,state_38,state_39,state_40,state_41,state_42,state_43,state_44,state_45,state_46,state_47,state_48,state_49,state_50,state_51,state_52,state_53,state_54,state_55,state_56,state_57,state_58,state_59,state_60,state_61,state_62,state_63,state_64,state_65,state_66,state_67,state_68,state_69,state_70,state_71,state_72,state_73,state_74,state_75,state_76,state_77,state_78,state_79,state_80,state_81,state_82,state_83,state_84,state_85,state_86,state_87,state_88,state_89,state_90,state_91,state_92,state_93,state_94,state_95,state_96,state_97,state_98,state_99,state_100,state_101,state_102,state_103,state_104,state_105,state_106,state_107,state_108,state_109,state_110,state_111,state_112,state_113,state_114,state_115,state_116,state_117,state_118,state_119,state_120,state_121,state_122,state_123,state_124,state_125,state_126,state_127,state_128,state_129,state_130,state_131,state_132,state_133,state_134,state_135,state_136,state_137,state_138,state_139,state_140,state_141,state_142,state_143,state_144,state_145,state_146,state_147,state_148,state_149,state_150,state_151,state_152,state_153,state_154,state_155,state_156,state_157,state_158,state_159,state_160,state_161,state_162,state_163,state_164,state_165,state_166,state_167,state_168,state_169,state_170,state_171,state_172,state_173,state_174,state_175,state_176,state_177,state_178,state_179,state_180,state_181,state_182,state_183,state_184,state_185,state_186,state_187,state_188,state_189,state_190,state_191,state_192,state_193,state_194,state_195,state_196,state_197,state_198,state_199,state_200,state_201,state_202,state_203,state_204,state_205,state_206,state_207,state_208,state_209,state_210,state_211,state_212,state_213,state_214,state_215,state_216,state_217,state_218,state_219,state_220,state_221,state_222,state_223,state_224,state_225,state_226,state_227,state_228,state_229,state_230,state_231,state_232,state_233,state_234,state_235,state_236,state_237,state_238,state_239,state_240,state_241,state_242,state_243,state_244,state_245,state_246,state_247,state_248,state_249,state_250,state_251,state_252,state_253,state_254,state_255,state_256,state_257,state_258,state_259,state_260,state_261,state_262,state_263,state_264,state_265,state_266,state_267,state_268,state_269,state_270,state_271,state_272,state_273,state_274,state_275,state_276,state_277,state_278,state_279,state_280,state_281,state_282,state_283,state_284,state_285,state_286,state_287
{'img': array([[[ 0.        , -0.76108799, -0.74936057, ..., -0.88107694,
         -0.81384567, -0.76108799],
        [ 0.76108799,  0.        ,  0.01789195, ..., -0.93148341,
         -0.97015373, -0.98735739],
        [ 0.74936057, -0.01789195,  0.        , ..., -0.93784311,
         -0.97433706, -0.99003539],
        ...,
        [ 0.88107694,  0.93148341,  0.93784311, ...,  0.        ,
         -0.12705013, -0.21153531],
        [ 0.81384567,  0.97015373,  0.97433706, ...,  0.12705013,
          0.        , -0.08564606],
        [ 0.76108799,  0.98735739,  0.99003539, ...,  0.21153531,
          0.08564606,  0.        ]],

       [[ 0.        ,  0.02191231, -0.14645909, ...,  0.11265166,
          0.08400393, -0.16331066],
        [-0.02191231,  0.        , -0.16809995, ...,  0.09085178,
          0.0621489 , -0.18488958],
        [ 0.14645909,  0.16809995,  0.        , ...,  0.25696371,
          0.22903951, -0.0170568 ],
        ...,
        [-0.11265166, -0.09085178, -0.25696371, ...,  0.        ,
         -0.02878427, -0.27341038],
        [-0.08400393, -0.0621489 , -0.22903951, ...,  0.02878427,
          0.        , -0.24560958],
        [ 0.16331066,  0.18488958,  0.0170568 , ...,  0.27341038,
          0.24560958,  0.        ]],

       [[ 0.        , -0.53225675, -0.7234502 , ..., -0.61208112,
         -0.55799162, -0.47487031],
        [ 0.53225675,  0.        , -0.24500304, ..., -0.93908343,
         -0.91407766, -0.87043276],
        [ 0.7234502 ,  0.24500304,  0.        , ..., -0.99466725,
         -0.98557702, -0.96451587],
        ...,
        [ 0.61208112,  0.93908343,  0.99466725, ...,  0.        ,
         -0.06667646, -0.16314048],
        [ 0.55799162,  0.91407766,  0.98557702, ...,  0.06667646,
          0.        , -0.09699425],
        [ 0.47487031,  0.87043276,  0.96451587, ...,  0.16314048,
          0.09699425,  0.        ]],

       ...,

       [[ 0.        , -0.17974491, -0.50067227, ...,  0.5944751 ,
          0.65659818,  0.74757661],
        [ 0.17974491,  0.        , -0.33692411, ...,  0.72932843,
          0.78147523,  0.8547832 ],
        [ 0.50067227,  0.33692411,  0.        , ...,  0.91719718,
          0.94600296,  0.97966421],
        ...,
        [-0.5944751 , -0.72932843, -0.91719718, ...,  0.        ,
          0.07960256,  0.20630099],
        [-0.65659818, -0.78147523, -0.94600296, ..., -0.07960256,
          0.        ,  0.12775613],
        [-0.74757661, -0.8547832 , -0.97966421, ..., -0.20630099,
         -0.12775613,  0.        ]],

       [[ 0.        ,  0.11092781,  0.22399524, ..., -0.86327046,
         -0.75037201, -0.51819787],
        [-0.11092781,  0.        ,  0.11450368, ..., -0.80195287,
         -0.67241603, -0.42012759],
        [-0.22399524, -0.11450368,  0.        , ..., -0.72827524,
         -0.58324085, -0.31345625],
        ...,
        [ 0.86327046,  0.80195287,  0.72827524, ...,  0.        ,
         -0.19189139, -0.47676531],
        [ 0.75037201,  0.67241603,  0.58324085, ...,  0.19189139,
          0.        , -0.29922677],
        [ 0.51819787,  0.42012759,  0.31345625, ...,  0.47676531,
          0.29922677,  0.        ]],

       [[ 0.        , -0.40347249, -0.54255943, ..., -0.6075054 ,
         -0.6156813 , -0.59951827],
        [ 0.40347249,  0.        , -0.15751349, ..., -0.87634692,
         -0.88127774, -0.87147796],
        [ 0.54255943,  0.15751349,  0.        , ..., -0.94127851,
         -0.94471728, -0.93784924],
        ...,
        [ 0.6075054 ,  0.87634692,  0.94127851, ...,  0.        ,
          0.01033386, -0.01001698],
        [ 0.6156813 ,  0.88127774,  0.94471728, ..., -0.01033386,
          0.        , -0.02034979],
        [ 0.59951827,  0.87147796,  0.93784924, ...,  0.01001698,
          0.02034979,  0.        ]]]), 'num': array([9.99962728e-01, 8.59928928e-03, 4.63253960e-06, 1.57734841e-04,
       1.60314616e-04, 1.54786526e-04, 6.23281115e-04, 3.68539347e-07,
       1.58324504e-04, 1.61844054e-04, 1.69564954e-04, 3.66161674e-08,
       1.73508252e-04, 1.50179857e-04])}
{'img': array([[[ 0.        ,  0.01904754,  0.16361691, ..., -0.97806882,
         -0.99244871, -0.99010183],
        [-0.01904754,  0.        ,  0.14479637, ..., -0.98185863,
         -0.99460504, -0.99259554],
        [-0.16361691, -0.14479637,  0.        , ..., -0.99896677,
         -0.99914373, -0.99972294],
        ...,
        [ 0.97806882,  0.98185863,  0.99896677, ...,  0.        ,
         -0.08673896, -0.06894758],
        [ 0.99244871,  0.99460504,  0.99914373, ...,  0.08673896,
          0.        ,  0.01784482],
        [ 0.99010183,  0.99259554,  0.99972294, ...,  0.06894758,
         -0.01784482,  0.        ]],

       [[ 0.        , -0.16809995, -0.20816749, ...,  0.0621489 ,
         -0.18488958, -0.05683124],
        [ 0.16809995,  0.        , -0.04078784, ...,  0.22903951,
         -0.0170568 ,  0.11180573],
        [ 0.20816749,  0.04078784,  0.        , ...,  0.2685525 ,
          0.0237393 ,  0.1522448 ],
        ...,
        [-0.0621489 , -0.22903951, -0.2685525 , ...,  0.        ,
         -0.24560958, -0.11876984],
        [ 0.18488958,  0.0170568 , -0.0237393 , ...,  0.24560958,
          0.        ,  0.12873932],
        [ 0.05683124, -0.11180573, -0.1522448 , ...,  0.11876984,
         -0.12873932,  0.        ]],

       [[ 0.        , -0.55654762, -0.71027184, ..., -0.5784611 ,
         -0.49289176, -0.48752007],
        [ 0.55654762,  0.        , -0.19833583, ..., -0.93457601,
         -0.89374909, -0.89096762],
        [ 0.71027184,  0.19833583,  0.        , ..., -0.98657049,
         -0.96496094, -0.96332549],
        ...,
        [ 0.5784611 ,  0.93457601,  0.98657049, ...,  0.        ,
         -0.10125686, -0.10738622],
        [ 0.49289176,  0.89374909,  0.96496094, ...,  0.10125686,
          0.        , -0.00616296],
        [ 0.48752007,  0.89096762,  0.96332549, ...,  0.10738622,
          0.00616296,  0.        ]],

       ...,

       [[ 0.        , -0.33692411,  0.08047045, ...,  0.78147523,
          0.8547832 ,  0.79115462],
        [ 0.33692411,  0.        ,  0.41159696, ...,  0.94600296,
          0.97966421,  0.95096548],
        [-0.08047045, -0.41159696,  0.        , ...,  0.72873247,
          0.81024816,  0.73937186],
        ...,
        [-0.78147523, -0.94600296, -0.72873247, ...,  0.        ,
          0.12775613,  0.01566714],
        [-0.8547832 , -0.97966421, -0.81024816, ..., -0.12775613,
          0.        , -0.11220169],
        [-0.79115462, -0.95096548, -0.73937186, ..., -0.01566714,
          0.11220169,  0.        ]],

       [[ 0.        ,  0.11081798,  0.20948051, ..., -0.8437904 ,
         -0.79623186, -0.40761082],
        [-0.11081798,  0.        ,  0.09983101, ..., -0.77912026,
         -0.7242837 , -0.30390615],
        [-0.20948051, -0.09983101,  0.        , ..., -0.71264657,
         -0.65183178, -0.20727876],
        ...,
        [ 0.8437904 ,  0.77912026,  0.71264657, ...,  0.        ,
         -0.08317007, -0.55175839],
        [ 0.79623186,  0.7242837 ,  0.65183178, ...,  0.08317007,
          0.        , -0.48048258],
        [ 0.40761082,  0.30390615,  0.20727876, ...,  0.55175839,
          0.48048258,  0.        ]],

       [[ 0.        , -0.3879095 , -0.5432034 , ..., -0.62754018,
         -0.61117057, -0.67055982],
        [ 0.3879095 ,  0.        , -0.17497995, ..., -0.88042239,
         -0.87034431, -0.90582607],
        [ 0.5432034 ,  0.17497995,  0.        , ..., -0.94981302,
         -0.94308441, -0.9659812 ],
        ...,
        [ 0.62754018,  0.88042239,  0.94981302, ...,  0.        ,
         -0.02084964,  0.05654316],
        [ 0.61117057,  0.87034431,  0.94308441, ...,  0.02084964,
          0.        ,  0.07734715],
        [ 0.67055982,  0.90582607,  0.9659812 , ..., -0.05654316,
         -0.07734715,  0.        ]]]), 'num': array([7.07068304e-01, 7.07068304e-01, 0.00000000e+00, 2.07425864e-03,
       2.12216300e-03, 2.05509690e-03, 8.57663313e-03, 2.39521783e-05,
       2.06946821e-03, 2.09030660e-03, 2.19689379e-03, 4.66437157e-07,
       2.19535923e-03, 1.98525397e-03])}
{'img': array([[[ 0.        ,  0.14479637, -0.05613995, ..., -0.99460504,
         -0.99259554, -0.97855022],
        [-0.14479637,  0.        , -0.20011634, ..., -0.99914373,
         -0.99972294, -0.99806701],
        [ 0.05613995,  0.20011634,  0.        , ..., -0.98721281,
         -0.98421101, -0.96544165],
        ...,
        [ 0.99460504,  0.99914373,  0.98721281, ...,  0.        ,
          0.01784482,  0.10338774],
        [ 0.99259554,  0.99972294,  0.98421101, ..., -0.01784482,
          0.        ,  0.08562208],
        [ 0.97855022,  0.99806701,  0.96544165, ..., -0.10338774,
         -0.08562208,  0.        ]],

       [[ 0.        , -0.04078784, -0.17885795, ..., -0.0170568 ,
          0.11180573,  0.13956631],
        [ 0.04078784,  0.        , -0.13857897, ...,  0.0237393 ,
          0.1522448 ,  0.17983881],
        [ 0.17885795,  0.13857897,  0.        , ...,  0.16205017,
          0.28773938,  0.31442321],
        ...,
        [ 0.0170568 , -0.0237393 , -0.16205017, ...,  0.        ,
          0.12873932,  0.15643587],
        [-0.11180573, -0.1522448 , -0.28773938, ..., -0.12873932,
          0.        ,  0.02797979],
        [-0.13956631, -0.17983881, -0.31442321, ..., -0.15643587,
         -0.02797979,  0.        ]],

       [[ 0.        , -0.50795071, -0.61467705, ..., -0.51350632,
         -0.50795071, -0.56980177],
        [ 0.50795071,  0.        , -0.12881351, ..., -0.87819252,
         -0.8750834 , -0.90824418],
        [ 0.61467705,  0.12881351,  0.        , ..., -0.9324886 ,
         -0.93013508, -0.95457825],
        ...,
        [ 0.51350632,  0.87819252,  0.9324886 , ...,  0.        ,
         -0.00646194,  0.06694846],
        [ 0.50795071,  0.8750834 ,  0.93013508, ...,  0.00646194,
          0.        ,  0.0733945 ],
        [ 0.56980177,  0.90824418,  0.95457825, ..., -0.06694846,
         -0.0733945 ,  0.        ]],

       ...,

       [[ 0.        ,  0.41159696, -0.34521394, ...,  0.97966421,
          0.95096548,  0.94101009],
        [-0.41159696,  0.        , -0.70090987, ...,  0.81024816,
          0.73937186,  0.71832903],
        [ 0.34521394,  0.70090987,  0.        , ...,  0.98870351,
          0.99927759,  0.99997355],
        ...,
        [-0.97966421, -0.81024816, -0.98870351, ...,  0.        ,
         -0.11220169, -0.14268923],
        [-0.95096548, -0.73937186, -0.99927759, ...,  0.11220169,
          0.        , -0.03073463],
        [-0.94101009, -0.71832903, -0.99997355, ...,  0.14268923,
          0.03073463,  0.        ]],

       [[ 0.        ,  0.09611524,  0.22250472, ..., -0.85868298,
         -0.7454416 , -0.29299541],
        [-0.09611524,  0.        ,  0.12776879, ..., -0.80544771,
         -0.67792274, -0.19974179],
        [-0.22250472, -0.12776879,  0.        , ..., -0.72312193,
         -0.5784394 , -0.07291064],
        ...,
        [ 0.85868298,  0.80544771,  0.72312193, ...,  0.        ,
         -0.19032899, -0.67083646],
        [ 0.7454416 ,  0.67792274,  0.5784394 , ...,  0.19032899,
          0.        , -0.51742482],
        [ 0.29299541,  0.19974179,  0.07291064, ...,  0.67083646,
          0.51742482,  0.        ]],

       [[ 0.        , -0.40445359, -0.60242153, ..., -0.62201765,
         -0.68201631, -0.77486496],
        [ 0.40445359,  0.        , -0.22812374, ..., -0.88556001,
         -0.91953569, -0.96432531],
        [ 0.60242153,  0.22812374,  0.        , ..., -0.96817887,
         -0.98494362, -0.99928705],
        ...,
        [ 0.62201765,  0.88556001,  0.96817887, ...,  0.        ,
          0.07911646,  0.21352772],
        [ 0.68201631,  0.91953569,  0.98494362, ..., -0.07911646,
          0.        ,  0.13556659],
        [ 0.77486496,  0.96432531,  0.99928705, ..., -0.21352772,
         -0.13556659,  0.        ]]]), 'num': array([7.07087270e-01, 7.07087270e-01, 0.00000000e+00, 2.07431428e-03,
       2.09347654e-03, 2.05036146e-03, 4.48738851e-03, 0.00000000e+00,
       2.06281693e-03, 2.08868597e-03, 2.18968703e-03, 4.16570796e-07,
       2.19364198e-03, 1.98372997e-03])}
{'img': array([[[ 0.        , -0.20011634,  0.60908696, ..., -0.99972294,
         -0.99806701, -0.99806701],
        [ 0.20011634,  0.        ,  0.75547939, ..., -0.98421101,
         -0.96544165, -0.96544165],
        [-0.60908696, -0.75547939,  0.        , ..., -0.77854708,
         -0.82942325, -0.82942325],
        ...,
        [ 0.99972294,  0.98421101,  0.77854708, ...,  0.        ,
          0.08562208,  0.08562208],
        [ 0.99806701,  0.96544165,  0.82942325, ..., -0.08562208,
          0.        ,  0.        ],
        [ 0.99806701,  0.96544165,  0.82942325, ..., -0.08562208,
          0.        ,  0.        ]],

       [[ 0.        , -0.13857897,  0.11768325, ...,  0.1522448 ,
          0.17983881, -0.1407742 ],
        [ 0.13857897,  0.        ,  0.25416378, ...,  0.28773938,
          0.31442321, -0.00221696],
        [-0.11768325, -0.25416378,  0.        , ...,  0.03487548,
          0.06282459, -0.25630731],
        ...,
        [-0.1522448 , -0.28773938, -0.03487548, ...,  0.        ,
          0.02797979, -0.28986187],
        [-0.17983881, -0.31442321, -0.06282459, ..., -0.02797979,
          0.        , -0.31652696],
        [ 0.1407742 ,  0.00221696,  0.25630731, ...,  0.28986187,
          0.31652696,  0.        ]],

       [[ 0.        , -0.38722365, -0.41163783, ..., -0.52506224,
         -0.58848156, -0.5527708 ],
        [ 0.38722365,  0.        , -0.02662893, ..., -0.81365198,
         -0.85564609, -0.83233321],
        [ 0.41163783,  0.02662893,  0.        , ..., -0.82884424,
         -0.86912477, -0.84679782],
        ...,
        [ 0.52506224,  0.81365198,  0.82884424, ...,  0.        ,
          0.07631696,  0.03289136],
        [ 0.58848156,  0.85564609,  0.86912477, ..., -0.07631696,
          0.        , -0.04348023],
        [ 0.5527708 ,  0.83233321,  0.84679782, ..., -0.03289136,
          0.04348023,  0.        ]],

       ...,

       [[ 0.        , -0.70090987,  0.21555867, ...,  0.73937186,
          0.71832903,  0.59696268],
        [ 0.70090987,  0.        ,  0.83817929, ...,  0.99927759,
          0.99997355,  0.98810181],
        [-0.21555867, -0.83817929,  0.        , ...,  0.57685482,
          0.55147683,  0.40999258],
        ...,
        [-0.73937186, -0.99927759, -0.57685482, ...,  0.        ,
         -0.03073463, -0.19124177],
        [-0.71832903, -0.99997355, -0.55147683, ...,  0.03073463,
          0.        , -0.16098407],
        [-0.59696268, -0.98810181, -0.40999258, ...,  0.19124177,
          0.16098407,  0.        ]],

       [[ 0.        ,  0.1276326 ,  0.04472308, ..., -0.68333103,
         -0.28906543, -0.19953096],
        [-0.1276326 ,  0.        , -0.08314758, ..., -0.58455675,
         -0.16451744, -0.072833  ],
        [-0.04472308,  0.08314758,  0.        , ..., -0.6499946 ,
         -0.24596238, -0.15550755],
        ...,
        [ 0.68333103,  0.58455675,  0.6499946 , ...,  0.        ,
         -0.44311   , -0.523911  ],
        [ 0.28906543,  0.16451744,  0.24596238, ...,  0.44311   ,
          0.        , -0.09223992],
        [ 0.19953096,  0.072833  ,  0.15550755, ...,  0.523911  ,
          0.09223992,  0.        ]],

       [[ 0.        , -0.47787866, -0.5473605 , ..., -0.69465064,
         -0.78797312, -0.7840953 ],
        [ 0.47787866,  0.        , -0.08088043, ..., -0.95395979,
         -0.98641046, -0.98536041],
        [ 0.5473605 ,  0.08088043,  0.        , ..., -0.97509327,
         -0.99646743, -0.99592102],
        ...,
        [ 0.69465064,  0.95395979,  0.97509327, ...,  0.        ,
          0.13912322,  0.13290854],
        [ 0.78797312,  0.98641046,  0.99646743, ..., -0.13912322,
          0.        , -0.00627295],
        [ 0.7840953 ,  0.98536041,  0.99592102, ..., -0.13290854,
          0.00627295,  0.        ]]]), 'num': array([ 7.07078237e-01,  7.07078237e-01,  0.00000000e+00,  2.02159225e-03,
        2.06949728e-03,  2.01201124e-03,  6.80622206e-03, -5.26955326e-05,
        2.05320957e-03,  2.08123401e-03,  2.18095632e-03,  3.93739970e-07,
        2.18305784e-03,  1.97941018e-03])}
{'img': array([[[ 0.        ,  0.75547939,  0.34553473, ..., -0.96544165,
         -0.96544165, -0.9977965 ],
        [-0.75547939,  0.        , -0.48256154, ..., -0.82942325,
         -0.82942325, -0.70385384],
        [-0.34553473,  0.48256154,  0.        , ..., -0.99602922,
         -0.99602922, -0.95926397],
        ...,
        [ 0.96544165,  0.82942325,  0.99602922, ...,  0.        ,
          0.        , -0.1959892 ],
        [ 0.96544165,  0.82942325,  0.99602922, ...,  0.        ,
          0.        , -0.1959892 ],
        [ 0.9977965 ,  0.70385384,  0.95926397, ...,  0.1959892 ,
          0.1959892 ,  0.        ]],

       [[ 0.        ,  0.25416378, -0.18532904, ...,  0.31442321,
         -0.00221696,  0.20623598],
        [-0.25416378,  0.        , -0.42900383, ...,  0.06282459,
         -0.25630731, -0.0492364 ],
        [ 0.18532904,  0.42900383,  0.        , ...,  0.48490599,
          0.18315003,  0.38400815],
        ...,
        [-0.31442321, -0.06282459, -0.48490599, ...,  0.        ,
         -0.31652696, -0.11188753],
        [ 0.00221696,  0.25630731, -0.18315003, ...,  0.31652696,
          0.        ,  0.20840477],
        [-0.20623598,  0.0492364 , -0.38400815, ...,  0.11188753,
         -0.20840477,  0.        ]],

       [[ 0.        , -0.03655493,  0.27925493, ..., -0.794778  ,
         -0.76733469, -0.72173017],
        [ 0.03655493,  0.        ,  0.31416895, ..., -0.816432  ,
         -0.79026257, -0.74655018],
        [-0.27925493, -0.31416895,  0.        , ..., -0.59367945,
         -0.55773648, -0.49972443],
        ...,
        [ 0.794778  ,  0.816432  ,  0.59367945, ...,  0.        ,
         -0.04395323, -0.11210685],
        [ 0.76733469,  0.79026257,  0.55773648, ...,  0.04395323,
          0.        , -0.06832236],
        [ 0.72173017,  0.74655018,  0.49972443, ...,  0.11210685,
          0.06832236,  0.        ]],

       ...,

       [[ 0.        ,  0.83817929,  0.8339221 , ...,  0.99997355,
          0.98810181,  0.97377506],
        [-0.83817929,  0.        , -0.00775944, ...,  0.55147683,
          0.40999258,  0.3403952 ],
        [-0.8339221 ,  0.00775944,  0.        , ...,  0.55793308,
          0.41705754,  0.34768102],
        ...,
        [-0.99997355, -0.55147683, -0.55793308, ...,  0.        ,
         -0.16098407, -0.23458965],
        [-0.98810181, -0.40999258, -0.41705754, ...,  0.16098407,
          0.        , -0.07503817],
        [-0.97377506, -0.3403952 , -0.34768102, ...,  0.23458965,
          0.07503817,  0.        ]],

       [[ 0.        , -0.08262527, -0.25714112, ..., -0.30964544,
         -0.29227835, -0.07237658],
        [ 0.08262527,  0.        , -0.17641497, ..., -0.38715108,
         -0.37029625, -0.15453767],
        [ 0.25714112,  0.17641497,  0.        , ..., -0.54373643,
         -0.52836277, -0.32640957],
        ...,
        [ 0.30964544,  0.38715108,  0.54373643, ...,  0.        ,
         -0.01821076, -0.24001394],
        [ 0.29227835,  0.37029625,  0.52836277, ...,  0.01821076,
          0.        , -0.22229568],
        [ 0.07237658,  0.15453767,  0.32640957, ...,  0.24001394,
          0.22229568,  0.        ]],

       [[ 0.        , -0.29407198, -0.42026853, ..., -0.80679031,
         -0.80291926, -0.79210708],
        [ 0.29407198,  0.        , -0.13484477, ..., -0.94486555,
         -0.94270952, -0.93657899],
        [ 0.42026853,  0.13484477,  0.        , ..., -0.98039192,
         -0.9790857 , -0.9752822 ],
        ...,
        [ 0.80679031,  0.94486555,  0.98039192, ...,  0.        ,
         -0.00652276, -0.02444355],
        [ 0.80291926,  0.94270952,  0.9790857 , ...,  0.00652276,
          0.        , -0.01792222],
        [ 0.79210708,  0.93657899,  0.9752822 , ...,  0.02444355,
          0.01792222,  0.        ]]]), 'num': array([ 7.07062431e-01,  7.07062431e-01,  0.00000000e+00,  1.98801429e-03,
        2.05028944e-03,  1.96885271e-03,  9.56850918e-03, -3.35327711e-05,
        2.04166672e-03,  2.07639709e-03,  2.17244453e-03,  3.96446555e-07,
        2.18599042e-03,  1.96680377e-03])}
{'img': array([[[ 0.        , -0.48256154, -0.96314981, ..., -0.82942325,
         -0.70385384, -0.59069278],
        [ 0.48256154,  0.        , -0.71379397, ..., -0.99602922,
         -0.95926397, -0.90674264],
        [ 0.96314981,  0.71379397,  0.        , ..., -0.76112166,
         -0.8734809 , -0.93603825],
        ...,
        [ 0.82942325,  0.99602922,  0.76112166, ...,  0.        ,
         -0.1959892 , -0.33928555],
        [ 0.70385384,  0.95926397,  0.8734809 , ...,  0.1959892 ,
          0.        , -0.14834168],
        [ 0.59069278,  0.90674264,  0.93603825, ...,  0.33928555,
          0.14834168,  0.        ]],

       [[ 0.        , -0.42900383,  0.48218532, ..., -0.25630731,
         -0.0492364 ,  0.11740801],
        [ 0.42900383,  0.        ,  0.05972223, ...,  0.18315003,
          0.38400815,  0.53209171],
        [-0.48218532, -0.05972223,  0.        , ..., -0.24153514,
         -0.43846601, -0.58170796],
        ...,
        [ 0.25630731, -0.18315003,  0.24153514, ...,  0.        ,
          0.20840477,  0.36802066],
        [ 0.0492364 , -0.38400815,  0.43846601, ..., -0.20840477,
          0.        ,  0.16616148],
        [-0.11740801, -0.53209171,  0.58170796, ..., -0.36802066,
         -0.16616148,  0.        ]],

       [[ 0.        ,  0.31416895, -0.15782668, ..., -0.79026257,
         -0.74655018, -0.680244  ],
        [-0.31416895,  0.        , -0.46006687, ..., -0.55773648,
         -0.49972443, -0.4155199 ],
        [ 0.15782668,  0.46006687,  0.        , ..., -0.87706927,
         -0.84220023, -0.78740309],
        ...,
        [ 0.79026257,  0.55773648,  0.87706927, ...,  0.        ,
         -0.06832236, -0.16241919],
        [ 0.74655018,  0.49972443,  0.84220023, ...,  0.06832236,
          0.        , -0.09462451],
        [ 0.680244  ,  0.4155199 ,  0.78740309, ...,  0.16241919,
          0.09462451,  0.        ]],

       ...,

       [[ 0.        , -0.00942691, -0.31127094, ...,  0.46434859,
          0.38937678,  0.39854895],
        [ 0.00942691,  0.        , -0.30229852, ...,  0.47267692,
          0.3980424 ,  0.4071771 ],
        [ 0.31127094,  0.30229852,  0.        , ...,  0.71695821,
          0.65673801,  0.66423076],
        ...,
        [-0.46434859, -0.47267692, -0.71695821, ...,  0.        ,
         -0.08284901, -0.07290006],
        [-0.38937678, -0.3980424 , -0.65673801, ...,  0.08284901,
          0.        ,  0.00997913],
        [-0.39854895, -0.4071771 , -0.66423076, ...,  0.07290006,
         -0.00997913,  0.        ]],

       [[ 0.        , -0.17641497, -0.14671201, ..., -0.37029625,
         -0.15453767, -0.2706945 ],
        [ 0.17641497,  0.        ,  0.03009507, ..., -0.52836277,
         -0.32640957, -0.43627747],
        [ 0.14671201, -0.03009507,  0.        , ..., -0.50257217,
         -0.29781501, -0.40899995],
        ...,
        [ 0.37029625,  0.52836277,  0.50257217, ...,  0.        ,
         -0.22229568, -0.10501952],
        [ 0.15453767,  0.32640957,  0.29781501, ...,  0.22229568,
          0.        ,  0.11867457],
        [ 0.2706945 ,  0.43627747,  0.40899995, ...,  0.10501952,
         -0.11867457,  0.        ]],

       [[ 0.        , -0.31065528, -0.64883894, ..., -0.80961878,
         -0.79881738, -0.76474427],
        [ 0.31065528,  0.        , -0.38035049, ..., -0.95190198,
         -0.94617602, -0.92707248],
        [ 0.64883894,  0.38035049,  0.        , ..., -0.99689975,
         -0.99816511, -0.99998256],
        ...,
        [ 0.80961878,  0.95190198,  0.99689975, ...,  0.        ,
         -0.01817456, -0.07279355],
        [ 0.79881738,  0.94617602,  0.99816511, ...,  0.01817456,
          0.        , -0.05465517],
        [ 0.76474427,  0.92707248,  0.99998256, ...,  0.07279355,
          0.05465517,  0.        ]]]), 'num': array([ 7.35685287e-01,  6.77161860e-01,  2.89719933e-07,  2.01804919e-03,
        2.09297676e-03,  2.00306368e-03,  1.35255151e-02, -5.49468839e-05,
        2.10496517e-03,  2.16215988e-03,  2.25348826e-03,  4.37533249e-07,
        2.28798566e-03,  2.03633410e-03])}
{'img': array([[[ 0.        , -0.93564551, -0.96432919, ..., -0.72268602,
         -0.60776407, -0.29374977],
        [ 0.93564551,  0.        , -0.58802235, ..., -0.90176182,
         -0.95751758, -0.99804342],
        [ 0.96432919,  0.58802235,  0.        , ..., -0.47522241,
         -0.60491211, -0.84402797],
        ...,
        [ 0.72268602,  0.90176182,  0.47522241, ...,  0.        ,
         -0.1538255 , -0.48776989],
        [ 0.60776407,  0.95751758,  0.60491211, ...,  0.1538255 ,
          0.        , -0.34767907],
        [ 0.29374977,  0.99804342,  0.84402797, ...,  0.48776989,
          0.34767907,  0.        ]],

       [[ 0.        ,  0.05972223,  0.9276971 , ...,  0.38400815,
          0.53209171,  0.66238108],
        [-0.05972223,  0.        , -0.94833752, ..., -0.43846601,
         -0.58170796, -0.70594068],
        [-0.9276971 ,  0.94833752,  0.        , ..., -0.71320709,
         -0.58682103, -0.44771091],
        ...,
        [-0.38400815,  0.43846601,  0.71320709, ...,  0.        ,
          0.16616148,  0.32390987],
        [-0.53209171,  0.58170796,  0.58682103, ..., -0.16616148,
          0.        ,  0.16220368],
        [-0.66238108,  0.70594068,  0.44771091, ..., -0.32390987,
         -0.16220368,  0.        ]],

       [[ 0.        , -0.46006687, -0.80108295, ..., -0.49972443,
         -0.4155199 , -0.08497172],
        [ 0.46006687,  0.        , -0.43589438, ..., -0.84220023,
         -0.78740309, -0.53384803],
        [ 0.80108295,  0.43589438,  0.        , ..., -0.99299732,
         -0.97736313, -0.84904583],
        ...,
        [ 0.49972443,  0.84220023,  0.99299732, ...,  0.        ,
         -0.09462451, -0.42431592],
        [ 0.4155199 ,  0.78740309,  0.97736313, ...,  0.09462451,
          0.        , -0.33672819],
        [ 0.08497172,  0.53384803,  0.84904583, ...,  0.42431592,
          0.33672819,  0.        ]],

       ...,

       [[ 0.        , -0.30229852, -0.7390162 , ...,  0.3980424 ,
          0.4071771 ,  0.48225962],
        [ 0.30229852,  0.        , -0.50078529, ...,  0.65673801,
          0.66423076,  0.72451836],
        [ 0.7390162 ,  0.50078529,  0.        , ...,  0.94610534,
          0.94929006,  0.97229149],
        ...,
        [-0.3980424 , -0.65673801, -0.94610534, ...,  0.        ,
          0.00997913,  0.09371265],
        [-0.4071771 , -0.66423076, -0.94929006, ..., -0.00997913,
          0.        ,  0.08377277],
        [-0.48225962, -0.72451836, -0.97229149, ..., -0.09371265,
         -0.08377277,  0.        ]],

       [[ 0.        ,  0.03009507,  0.32640957, ..., -0.32640957,
         -0.43627747, -0.53393375],
        [-0.03009507,  0.        ,  0.29781501, ..., -0.29781501,
         -0.40899995, -0.50824573],
        [-0.32640957, -0.29781501,  0.        , ..., -0.        ,
         -0.11867457, -0.22870148],
        ...,
        [ 0.32640957,  0.29781501,  0.        , ...,  0.        ,
          0.11867457,  0.22870148],
        [ 0.43627747,  0.40899995,  0.11867457, ..., -0.11867457,
          0.        ,  0.11155601],
        [ 0.53393375,  0.50824573,  0.22870148, ..., -0.22870148,
         -0.11155601,  0.        ]],

       [[ 0.        , -0.59246828, -0.88288365, ..., -0.80632918,
         -0.77225555, -0.7294861 ],
        [ 0.59246828,  0.        , -0.43302734, ..., -0.99999923,
         -0.99852649, -0.99291518],
        [ 0.88288365,  0.43302734,  0.        , ..., -0.90084214,
         -0.92355147, -0.94644925],
        ...,
        [ 0.80632918,  0.99999923,  0.90084214, ...,  0.        ,
         -0.05550693, -0.12005866],
        [ 0.77225555,  0.99852649,  0.92355147, ...,  0.05550693,
          0.        , -0.06476813],
        [ 0.7294861 ,  0.99291518,  0.94644925, ...,  0.12005866,
          0.06476813,  0.        ]]]), 'num': array([ 7.26057201e-01,  6.87436434e-01,  1.97548682e-07,  1.93103837e-03,
        2.01993528e-03,  1.93103837e-03,  1.54220824e-02, -6.42033218e-05,
        2.03969014e-03,  2.12834012e-03,  2.21600234e-03,  2.14726829e-07,
        2.28194851e-03,  1.97473172e-03])}
{'img': array([[[ 0.        , -0.98430591, -0.79405713, ..., -0.84836501,
         -0.66695495, -0.        ],
        [ 0.98430591,  0.        ,  0.45817587, ..., -0.6708146 ,
         -0.85110234, -0.98430591],
        [ 0.79405713, -0.45817587,  0.        , ..., -0.93605603,
         -0.9970544 , -0.79405713],
        ...,
        [ 0.84836501,  0.6708146 ,  0.93605603, ...,  0.        ,
         -0.2790213 , -0.84836501],
        [ 0.66695495,  0.85110234,  0.9970544 , ...,  0.2790213 ,
          0.        , -0.66695495],
        [ 0.        ,  0.98430591,  0.79405713, ...,  0.84836501,
          0.66695495,  0.        ]],

       [[ 0.        , -0.94833752, -0.99882253, ..., -0.58170796,
         -0.70594068, -0.76261541],
        [ 0.94833752,  0.        ,  0.27088252, ..., -0.58682103,
         -0.44771091, -0.37148436],
        [ 0.99882253, -0.27088252,  0.        , ..., -0.7842193 ,
         -0.67318937, -0.60909341],
        ...,
        [ 0.58170796,  0.58682103,  0.7842193 , ...,  0.        ,
          0.16220368,  0.24403058],
        [ 0.70594068,  0.44771091,  0.67318937, ..., -0.16220368,
          0.        ,  0.08349909],
        [ 0.76261541,  0.37148436,  0.60909341, ..., -0.24403058,
         -0.08349909,  0.        ]],

       [[ 0.        , -0.69829697, -0.83824547, ..., -0.64338623,
         -0.52549079, -0.        ],
        [ 0.69829697,  0.        , -0.21924645, ..., -0.9951166 ,
         -0.97026117, -0.69829697],
        [ 0.83824547,  0.21924645,  0.        , ..., -0.99254595,
         -0.99972514, -0.83824547],
        ...,
        [ 0.64338623,  0.9951166 ,  0.99254595, ...,  0.        ,
         -0.14510742, -0.64338623],
        [ 0.52549079,  0.97026117,  0.99972514, ...,  0.14510742,
          0.        , -0.52549079],
        [ 0.        ,  0.69829697,  0.83824547, ...,  0.64338623,
          0.52549079,  0.        ]],

       ...,

       [[ 0.        , -0.50078529,  0.12400399, ...,  0.66423076,
          0.72451836, -0.27444671],
        [ 0.50078529,  0.        ,  0.60425441, ...,  0.94929006,
          0.97229149,  0.24400302],
        [-0.12400399, -0.60425441,  0.        , ...,  0.56640763,
          0.63345589, -0.39157098],
        ...,
        [-0.66423076, -0.94929006, -0.56640763, ...,  0.        ,
          0.08377277, -0.84388232],
        [-0.72451836, -0.97229149, -0.63345589, ..., -0.08377277,
          0.        , -0.88586244],
        [ 0.27444671, -0.24400302,  0.39157098, ...,  0.84388232,
          0.88586244,  0.        ]],

       [[ 0.        ,  0.29781501,  0.18975186, ..., -0.40899995,
         -0.50824573, -0.63220125],
        [-0.29781501,  0.        , -0.11126272, ..., -0.11867457,
         -0.22870148, -0.37276591],
        [-0.18975186,  0.11126272,  0.        , ..., -0.22841416,
         -0.33559536, -0.47369492],
        ...,
        [ 0.40899995,  0.11867457,  0.22841416, ...,  0.        ,
          0.11155601,  0.2600105 ],
        [ 0.50824573,  0.22870148,  0.33559536, ..., -0.11155601,
          0.        ,  0.15066843],
        [ 0.63220125,  0.37276591,  0.47369492, ..., -0.2600105 ,
         -0.15066843,  0.        ]],

       [[ 0.        , -0.7783577 , -0.90949709, ..., -0.80294993,
         -0.75995833, -0.60703548],
        [ 0.7783577 ,  0.        , -0.24743014, ..., -0.96804625,
         -0.9830284 , -0.99965086],
        [ 0.90949709,  0.24743014,  0.        , ..., -0.87589708,
         -0.90706995, -0.97510525],
        ...,
        [ 0.80294993,  0.96804625,  0.87589708, ...,  0.        ,
         -0.06892432, -0.27626266],
        [ 0.75995833,  0.9830284 ,  0.90706995, ...,  0.06892432,
          0.        , -0.20936374],
        [ 0.60703548,  0.99965086,  0.97510525, ...,  0.27626266,
          0.20936374,  0.        ]]]), 'num': array([7.23639169e-01, 6.90042675e-01, 1.67146736e-07, 1.97626435e-03,
       1.99101259e-03, 1.91235530e-03, 1.23971062e-02, 5.40768851e-05,
       1.99986153e-03, 2.10998174e-03, 2.19838925e-03, 3.05136029e-07,
       2.27416999e-03, 1.94579348e-03])}
{'img': array([[[ 0.        ,  0.47339439,  0.10315093, ..., -0.85957034,
         -0.9797959 , -0.8893967 ],
        [-0.47339439,  0.        , -0.38000862, ..., -0.99906583,
         -0.76837491, -0.99983132],
        [-0.10315093,  0.38000862,  0.        , ..., -0.90769707,
         -0.9539392 , -0.93180643],
        ...,
        [ 0.85957034,  0.99906583,  0.90769707, ...,  0.        ,
         -0.67260687, -0.06155652],
        [ 0.9797959 ,  0.76837491,  0.9539392 , ...,  0.67260687,
          0.        ,  0.62577951],
        [ 0.8893967 ,  0.99983132,  0.93180643, ...,  0.06155652,
         -0.62577951,  0.        ]],

       [[ 0.        ,  0.663304  , -0.63327296, ..., -0.7143801 ,
         -0.61717754, -0.75573651],
        [-0.663304  ,  0.        , -0.98725974, ..., -0.99875858,
         -0.9837683 , -0.9999372 ],
        [ 0.63327296,  0.98725974,  0.        , ..., -0.10974141,
          0.020623  , -0.1701709 ],
        ...,
        [ 0.7143801 ,  0.99875858,  0.10974141, ...,  0.        ,
          0.13021652, -0.06100231],
        [ 0.61717754,  0.9837683 , -0.020623  , ..., -0.13021652,
          0.        , -0.19045692],
        [ 0.75573651,  0.9999372 ,  0.1701709 , ...,  0.06100231,
          0.19045692,  0.        ]],

       [[ 0.        , -0.58194301, -0.88633999, ..., -0.69814817,
         -0.47612533, -0.        ],
        [ 0.58194301,  0.        , -0.4513379 , ..., -0.98439875,
         -0.89894675, -0.58194301],
        [ 0.88633999,  0.4513379 ,  0.        , ..., -0.95784509,
         -0.99989008, -0.88633999],
        ...,
        [ 0.69814817,  0.98439875,  0.95784509, ...,  0.        ,
         -0.27305223, -0.69814817],
        [ 0.47612533,  0.89894675,  0.99989008, ...,  0.27305223,
          0.        , -0.47612533],
        [ 0.        ,  0.58194301,  0.88633999, ...,  0.69814817,
          0.47612533,  0.        ]],

       ...,

       [[ 0.        ,  0.60425441,  0.53078369, ...,  0.97229149,
          0.24400302,  0.75161856],
        [-0.60425441,  0.        , -0.08918614, ...,  0.63345589,
         -0.39157098,  0.20031823],
        [-0.53078369,  0.08918614,  0.        , ...,  0.6999419 ,
         -0.30794612,  0.28689838],
        ...,
        [-0.97229149, -0.63345589, -0.6999419 , ...,  0.        ,
         -0.88586244, -0.4656143 ],
        [-0.24400302,  0.39157098,  0.30794612, ...,  0.88586244,
          0.        ,  0.56795659],
        [-0.75161856, -0.20031823, -0.28689838, ...,  0.4656143 ,
         -0.56795659,  0.        ]],

       [[ 0.        , -0.11126272, -0.26331898, ..., -0.22870148,
         -0.37276591, -0.38782369],
        [ 0.11126272,  0.        , -0.15434792, ..., -0.33559536,
         -0.47369492, -0.48797029],
        [ 0.26331898,  0.15434792,  0.        , ..., -0.47697047,
         -0.60395094, -0.61684689],
        ...,
        [ 0.22870148,  0.33559536,  0.47697047, ...,  0.        ,
          0.15066843,  0.16674321],
        [ 0.37276591,  0.47369492,  0.60395094, ..., -0.15066843,
          0.        ,  0.01628061],
        [ 0.38782369,  0.48797029,  0.61684689, ..., -0.16674321,
         -0.01628061,  0.        ]],

       [[ 0.        , -0.67327409, -0.88862449, ..., -0.82168447,
         -0.66400298, -0.5429309 ],
        [ 0.67327409,  0.        , -0.34825532, ..., -0.99127536,
         -0.99438634, -0.96683965],
        [ 0.88862449,  0.34825532,  0.        , ..., -0.88331867,
         -0.96898646, -0.99525412],
        ...,
        [ 0.82168447,  0.99127536,  0.88331867, ...,  0.        ,
         -0.23595444, -0.38059254],
        [ 0.66400298,  0.99438634,  0.96898646, ...,  0.23595444,
          0.        , -0.15164899],
        [ 0.5429309 ,  0.96683965,  0.99525412, ...,  0.38059254,
          0.15164899,  0.        ]]]), 'num': array([ 7.94151377e-01,  6.07612515e-01,  9.42115461e-07,  2.14412484e-03,
        2.18202604e-03,  2.11163810e-03,  9.49586329e-03, -3.24867400e-05,
        2.17444580e-03,  2.30899505e-03,  2.41629153e-03,  3.22182546e-07,
        2.49738313e-03,  2.12060697e-03])}
{'img': array([[[ 0.        , -0.38000862, -0.71362945, ..., -0.76837491,
         -0.99983132, -0.97050695],
        [ 0.38000862,  0.        , -0.39389015, ..., -0.9539392 ,
         -0.93180643, -0.98931225],
        [ 0.71362945,  0.39389015,  0.        , ..., -0.99498744,
         -0.71351225, -0.8518997 ],
        ...,
        [ 0.76837491,  0.9539392 ,  0.99498744, ...,  0.        ,
          0.62577951,  0.43588989],
        [ 0.99983132,  0.93180643,  0.71351225, ..., -0.62577951,
          0.        , -0.22320744],
        [ 0.97050695,  0.98931225,  0.8518997 , ..., -0.43588989,
          0.22320744,  0.        ]],

       [[ 0.        , -0.98725974, -0.99376461, ..., -0.9837683 ,
         -0.9999372 , -0.95760007],
