state_0,state_1,state_2,state_3,state_4,state_5,state_6,state_7,state_8,state_9,state_10,state_11,state_12,state_13,state_14,state_15,state_16,state_17,state_18,state_19,state_20,state_21,state_22,state_23,state_24,state_25,state_26,state_27,state_28,state_29,state_30,state_31,state_32,state_33,state_34,state_35,state_36,state_37,state_38,state_39,state_40,state_41,state_42,state_43,state_44,state_45,state_46,state_47,state_48,state_49,state_50,state_51,state_52,state_53,state_54,state_55,state_56,state_57,state_58,state_59,state_60,state_61,state_62,state_63,state_64,state_65,state_66,state_67,state_68,state_69,state_70,state_71,state_72,state_73,state_74,state_75,state_76,state_77,state_78,state_79,state_80,state_81,state_82,state_83,state_84,state_85,state_86,state_87,state_88,state_89,state_90,state_91,state_92,state_93,state_94,state_95,state_96,state_97,state_98,state_99,state_100,state_101,state_102,state_103,state_104,state_105,state_106,state_107,state_108,state_109,state_110,state_111,state_112,state_113,state_114,state_115,state_116,state_117,state_118,state_119,state_120,state_121,state_122,state_123,state_124,state_125,state_126,state_127,state_128,state_129,state_130,state_131,state_132,state_133,state_134,state_135,state_136,state_137,state_138,state_139,state_140,state_141,state_142,state_143,state_144,state_145,state_146,state_147,state_148,state_149,state_150,state_151,state_152,state_153,state_154,state_155,state_156,state_157,state_158,state_159,state_160,state_161,state_162,state_163,state_164,state_165,state_166,state_167,state_168,state_169,state_170,state_171,state_172,state_173,state_174,state_175,state_176,state_177,state_178,state_179,state_180,state_181,state_182,state_183,state_184,state_185,state_186,state_187,state_188,state_189,state_190,state_191,state_192,state_193,state_194,state_195,state_196,state_197,state_198,state_199,state_200,state_201,state_202,state_203,state_204,state_205,state_206,state_207,state_208,state_209,state_210,state_211,state_212,state_213,state_214,state_215,state_216,state_217,state_218,state_219,state_220,state_221,state_222,state_223,state_224,state_225,state_226,state_227,state_228,state_229,state_230,state_231,state_232,state_233,state_234,state_235,state_236,state_237,state_238,state_239,state_240,state_241,state_242,state_243,state_244,state_245,state_246,state_247,state_248,state_249,state_250,state_251,state_252,state_253,state_254,state_255,state_256,state_257,state_258,state_259,state_260,state_261,state_262,state_263,state_264,state_265,state_266,state_267,state_268,state_269,state_270,state_271,state_272,state_273,state_274,state_275,state_276,state_277,state_278,state_279,state_280,state_281,state_282,state_283,state_284,state_285,state_286,state_287
{'img': array([[[ 0.00000000e+00, -2.24584583e-01,  4.25309953e-02, ...,
          5.49493190e-01,  4.08572064e-01,  4.08572064e-01],
        [ 2.24584583e-01,  0.00000000e+00,  2.65825891e-01, ...,
          7.23096180e-01,  6.03119129e-01,  6.03119129e-01],
        [-4.25309953e-02, -2.65825891e-01,  0.00000000e+00, ...,
          5.13461410e-01,  3.69383218e-01,  3.69383218e-01],
        ...,
        [-5.49493190e-01, -7.23096180e-01, -5.13461410e-01, ...,
          0.00000000e+00, -1.60175535e-01, -1.60175535e-01],
        [-4.08572064e-01, -6.03119129e-01, -3.69383218e-01, ...,
          1.60175535e-01,  0.00000000e+00,  0.00000000e+00],
        [-4.08572064e-01, -6.03119129e-01, -3.69383218e-01, ...,
          1.60175535e-01,  0.00000000e+00,  0.00000000e+00]],

       [[ 0.00000000e+00,  7.52461101e-02,  5.86975810e-02, ...,
          1.04369367e-01,  1.09118459e-01,  5.85909950e-02],
        [-7.52461101e-02,  0.00000000e+00, -1.65851987e-02, ...,
          2.92383172e-02,  3.40123101e-02, -1.66919536e-02],
        [-5.86975810e-02,  1.65851987e-02,  0.00000000e+00, ...,
          4.58124037e-02,  5.05832347e-02, -1.06769675e-04],
        ...,
        [-1.04369367e-01, -2.92383172e-02, -4.58124037e-02, ...,
          0.00000000e+00,  4.77636844e-03, -4.59190610e-02],
        [-1.09118459e-01, -3.40123101e-02, -5.05832347e-02, ...,
         -4.77636844e-03,  0.00000000e+00, -5.06898674e-02],
        [-5.85909950e-02,  1.66919536e-02,  1.06769675e-04, ...,
          4.59190610e-02,  5.06898674e-02,  0.00000000e+00]],

       [[ 0.00000000e+00, -1.49762172e-01, -1.76439385e-01, ...,
          7.53703367e-01,  7.34092539e-01,  6.82589063e-01],
        [ 1.49762172e-01,  0.00000000e+00, -2.70368809e-02, ...,
          8.43629047e-01,  8.27509400e-01,  7.84337415e-01],
        [ 1.76439385e-01,  2.70368809e-02,  0.00000000e+00, ...,
          8.57837464e-01,  8.42386800e-01,  8.00822598e-01],
        ...,
        [-7.53703367e-01, -8.43629047e-01, -8.57837464e-01, ...,
          0.00000000e+00, -2.93454013e-02, -1.02200637e-01],
        [-7.34092539e-01, -8.27509400e-01, -8.42386800e-01, ...,
          2.93454013e-02,  0.00000000e+00, -7.29648790e-02],
        [-6.82589063e-01, -7.84337415e-01, -8.00822598e-01, ...,
          1.02200637e-01,  7.29648790e-02,  0.00000000e+00]],

       ...,

       [[ 0.00000000e+00, -3.85188926e-01,  3.56538666e-01, ...,
          6.40901756e-01,  4.79943768e-01,  4.20549177e-01],
        [ 3.85188926e-01,  0.00000000e+00,  6.88901865e-01, ...,
          8.87128173e-01,  7.80836178e-01,  7.37568910e-01],
        [-3.56538666e-01, -6.88901865e-01,  0.00000000e+00, ...,
          3.25094807e-01,  1.35611030e-01,  6.94341799e-02],
        ...,
        [-6.40901756e-01, -8.87128173e-01, -3.25094807e-01, ...,
          0.00000000e+00, -1.93846799e-01, -2.58647588e-01],
        [-4.79943768e-01, -7.80836178e-01, -1.35611030e-01, ...,
          1.93846799e-01,  0.00000000e+00, -6.64909802e-02],
        [-4.20549177e-01, -7.37568910e-01, -6.94341799e-02, ...,
          2.58647588e-01,  6.64909802e-02,  0.00000000e+00]],

       [[ 0.00000000e+00,  8.63493231e-02,  7.31520628e-02, ...,
          7.15605691e-01,  7.08409464e-01,  7.11992983e-01],
        [-8.63493231e-02,  0.00000000e+00, -1.32391417e-02, ...,
          6.52617460e-01,  6.44818000e-01,  6.48700298e-01],
        [-7.31520628e-02,  1.32391417e-02,  0.00000000e+00, ...,
          6.62591396e-01,  6.54880642e-01,  6.58719014e-01],
        ...,
        [-7.15605691e-01, -6.52617460e-01, -6.62591396e-01, ...,
          0.00000000e+00, -1.02485320e-02, -5.15843026e-03],
        [-7.08409464e-01, -6.44818000e-01, -6.54880642e-01, ...,
          1.02485320e-02,  0.00000000e+00,  5.09023628e-03],
        [-7.11992983e-01, -6.48700298e-01, -6.58719014e-01, ...,
          5.15843026e-03, -5.09023628e-03,  0.00000000e+00]],

       [[ 0.00000000e+00, -1.37748824e-01, -1.57505486e-01, ...,
          6.02052351e-01,  6.50256864e-01,  6.13256465e-01],
        [ 1.37748824e-01,  0.00000000e+00, -1.99745580e-02, ...,
          7.06299562e-01,  7.48707861e-01,  7.16215982e-01],
        [ 1.57505486e-01,  1.99745580e-02,  0.00000000e+00, ...,
          7.20298898e-01,  7.61799621e-01,  7.30012908e-01],
        ...,
        [-6.02052351e-01, -7.06299562e-01, -7.20298898e-01, ...,
          0.00000000e+00,  6.18140387e-02,  1.41072484e-02],
        [-6.50256864e-01, -7.48707861e-01, -7.61799621e-01, ...,
         -6.18140387e-02,  0.00000000e+00, -4.77276166e-02],
        [-6.13256465e-01, -7.16215982e-01, -7.30012908e-01, ...,
         -1.41072484e-02,  4.77276166e-02,  0.00000000e+00]]]), 'num': array([7.07265696e-01, 7.06946052e-01, 6.12343140e-08, 3.99553899e-05,
       4.07973617e-05, 3.91899610e-05, 1.58178184e-03, 4.59257355e-07,
       4.00013156e-05, 4.03993387e-05, 3.81936276e-05, 3.25457968e-07,
       4.19892213e-05, 3.88094560e-05])}
{'img': array([[[ 0.00000000e+00,  2.65825891e-01,  2.65825891e-01, ...,
          6.03119129e-01,  6.03119129e-01,  6.64958475e-01],
        [-2.65825891e-01,  0.00000000e+00,  0.00000000e+00, ...,
          3.69383218e-01,  3.69383218e-01,  4.42493842e-01],
        [-2.65825891e-01,  0.00000000e+00,  0.00000000e+00, ...,
          3.69383218e-01,  3.69383218e-01,  4.42493842e-01],
        ...,
        [-6.03119129e-01, -3.69383218e-01, -3.69383218e-01, ...,
          0.00000000e+00,  0.00000000e+00,  7.99470619e-02],
        [-6.03119129e-01, -3.69383218e-01, -3.69383218e-01, ...,
          0.00000000e+00,  0.00000000e+00,  7.99470619e-02],
        [-6.64958475e-01, -4.42493842e-01, -4.42493842e-01, ...,
         -7.99470619e-02, -7.99470619e-02,  0.00000000e+00]],

       [[ 0.00000000e+00, -1.65851987e-02, -7.54063843e-02, ...,
          3.40123101e-02, -1.66919536e-02,  1.07045170e-02],
        [ 1.65851987e-02,  0.00000000e+00, -5.88580339e-02, ...,
          5.05832347e-02, -1.06769675e-04,  2.72872931e-02],
        [ 7.54063843e-02,  5.88580339e-02,  0.00000000e+00, ...,
          1.09278228e-01,  5.87514489e-02,  8.60761039e-02],
        ...,
        [-3.40123101e-02, -5.05832347e-02, -1.09278228e-01, ...,
          0.00000000e+00, -5.06898674e-02, -2.33120379e-02],
        [ 1.66919536e-02,  1.06769675e-04, -5.87514489e-02, ...,
          5.06898674e-02,  0.00000000e+00,  2.73940229e-02],
        [-1.07045170e-02, -2.72872931e-02, -8.60761039e-02, ...,
          2.33120379e-02, -2.73940229e-02,  0.00000000e+00]],

       [[ 0.00000000e+00, -2.70368809e-02, -3.60915435e-02, ...,
          8.27509400e-01,  7.84337415e-01,  7.39578388e-01],
        [ 2.70368809e-02,  0.00000000e+00, -9.05908370e-03, ...,
          8.42386800e-01,  8.00822598e-01,  7.57505751e-01],
        [ 3.60915435e-02,  9.05908370e-03,  0.00000000e+00, ...,
          8.47233932e-01,  8.06215237e-01,  7.63388695e-01],
        ...,
        [-8.27509400e-01, -8.42386800e-01, -8.47233932e-01, ...,
          0.00000000e+00, -7.29648790e-02, -1.41734446e-01],
        [-7.84337415e-01, -8.00822598e-01, -8.06215237e-01, ...,
          7.29648790e-02,  0.00000000e+00, -6.91283770e-02],
        [-7.39578388e-01, -7.57505751e-01, -7.63388695e-01, ...,
          1.41734446e-01,  6.91283770e-02,  0.00000000e+00]],

       ...,

       [[ 0.00000000e+00,  6.88901865e-01,  7.61516728e-01, ...,
          7.80836178e-01,  7.37568910e-01,  7.25553627e-01],
        [-6.88901865e-01,  0.00000000e+00,  1.05480443e-01, ...,
          1.35611030e-01,  6.94341799e-02,  5.18423129e-02],
        [-7.61516728e-01, -1.05480443e-01,  0.00000000e+00, ...,
          3.03484767e-02, -3.61790367e-02, -5.37854974e-02],
        ...,
        [-7.80836178e-01, -1.35611030e-01, -3.03484767e-02, ...,
          0.00000000e+00, -6.64909802e-02, -8.40652703e-02],
        [-7.37568910e-01, -6.94341799e-02,  3.61790367e-02, ...,
          6.64909802e-02,  0.00000000e+00, -1.76236173e-02],
        [-7.25553627e-01, -5.18423129e-02,  5.37854974e-02, ...,
          8.40652703e-02,  1.76236173e-02,  0.00000000e+00]],

       [[ 0.00000000e+00, -1.32391417e-02, -2.40441615e-02, ...,
          6.44818000e-01,  6.48700298e-01,  6.40693667e-01],
        [ 1.32391417e-02,  0.00000000e+00, -1.08067399e-02, ...,
          6.54880642e-01,  6.58719014e-01,  6.50802484e-01],
        [ 2.40441615e-02,  1.08067399e-02,  0.00000000e+00, ...,
          6.63009404e-01,  6.66811421e-01,  6.58969467e-01],
        ...,
        [-6.44818000e-01, -6.54880642e-01, -6.63009404e-01, ...,
          0.00000000e+00,  5.09023628e-03, -5.38374140e-03],
        [-6.48700298e-01, -6.58719014e-01, -6.66811421e-01, ...,
         -5.09023628e-03,  0.00000000e+00, -1.04738342e-02],
        [-6.40693667e-01, -6.50802484e-01, -6.58969467e-01, ...,
          5.38374140e-03,  1.04738342e-02,  0.00000000e+00]],

       [[ 0.00000000e+00, -1.99745580e-02, -3.81069435e-02, ...,
          7.48707861e-01,  7.16215982e-01,  6.91471046e-01],
        [ 1.99745580e-02,  0.00000000e+00, -1.81392910e-02, ...,
          7.61799621e-01,  7.30012908e-01,  7.05762794e-01],
        [ 3.81069435e-02,  1.81392910e-02,  0.00000000e+00, ...,
          7.73425146e-01,  7.42289795e-01,  7.18497422e-01],
        ...,
        [-7.48707861e-01, -7.61799621e-01, -7.73425146e-01, ...,
          0.00000000e+00, -4.77276166e-02, -8.24934609e-02],
        [-7.16215982e-01, -7.30012908e-01, -7.42289795e-01, ...,
          4.77276166e-02,  0.00000000e+00, -3.48345084e-02],
        [-6.91471046e-01, -7.05762794e-01, -7.18497422e-01, ...,
          8.24934609e-02,  3.48345084e-02,  0.00000000e+00]]]), 'num': array([7.07101861e-01, 7.07101861e-01, 0.00000000e+00, 3.90074787e-05,
       3.92266219e-05, 3.77656676e-05, 3.72870590e-03, 8.76572556e-07,
       3.82185634e-05, 3.85691924e-05, 3.65275089e-05, 3.00438174e-07,
       4.00979678e-05, 3.70404171e-05])}
{'img': array([[[ 0.00000000e+00,  0.00000000e+00, -2.82832317e-02, ...,
          3.69383218e-01,  4.42493842e-01,  5.82197694e-01],
        [ 0.00000000e+00,  0.00000000e+00, -2.82832317e-02, ...,
          3.69383218e-01,  4.42493842e-01,  5.82197694e-01],
        [ 2.82832317e-02,  2.82832317e-02,  0.00000000e+00, ...,
          3.95518408e-01,  4.67680420e-01,  6.04960389e-01],
        ...,
        [-3.69383218e-01, -3.69383218e-01, -3.95518408e-01, ...,
          0.00000000e+00,  7.99470619e-02,  2.40697006e-01],
        [-4.42493842e-01, -4.42493842e-01, -4.67680420e-01, ...,
         -7.99470619e-02,  0.00000000e+00,  1.62329918e-01],
        [-5.82197694e-01, -5.82197694e-01, -6.04960389e-01, ...,
         -2.40697006e-01, -1.62329918e-01,  0.00000000e+00]],

       [[ 0.00000000e+00, -5.88580339e-02, -8.99760836e-02, ...,
         -1.06769675e-04,  2.72872931e-02,  1.33369193e-01],
        [ 5.88580339e-02,  0.00000000e+00, -3.12007964e-02, ...,
          5.87514489e-02,  8.60761039e-02,  1.91470201e-01],
        [ 8.99760836e-02,  3.12007964e-02,  0.00000000e+00, ...,
          8.98697465e-02,  1.17119193e-01,  2.22000513e-01],
        ...,
        [ 1.06769675e-04, -5.87514489e-02, -8.98697465e-02, ...,
          0.00000000e+00,  2.73940229e-02,  1.33475008e-01],
        [-2.72872931e-02, -8.60761039e-02, -1.17119193e-01, ...,
         -2.73940229e-02,  0.00000000e+00,  1.06276011e-01],
        [-1.33369193e-01, -1.91470201e-01, -2.22000513e-01, ...,
         -1.33475008e-01, -1.06276011e-01,  0.00000000e+00]],

       [[ 0.00000000e+00, -9.05908370e-03, -2.95289770e-02, ...,
          8.00822598e-01,  7.57505751e-01,  7.67643603e-01],
        [ 9.05908370e-03,  0.00000000e+00, -2.04726321e-02, ...,
          8.06215237e-01,  7.63388695e-01,  7.73417861e-01],
        [ 2.95289770e-02,  2.04726321e-02,  0.00000000e+00, ...,
          8.18158332e-01,  7.76452779e-01,  7.86233294e-01],
        ...,
        [-8.00822598e-01, -8.06215237e-01, -8.18158332e-01, ...,
          0.00000000e+00, -6.91283770e-02, -5.34857580e-02],
        [-7.57505751e-01, -7.63388695e-01, -7.76452779e-01, ...,
          6.91283770e-02,  0.00000000e+00,  1.56716196e-02],
        [-7.67643603e-01, -7.73417861e-01, -7.86233294e-01, ...,
          5.34857580e-02, -1.56716196e-02,  0.00000000e+00]],

       ...,

       [[ 0.00000000e+00,  1.05480443e-01, -6.40288575e-02, ...,
          6.94341799e-02,  5.18423129e-02, -3.74500721e-03],
        [-1.05480443e-01,  0.00000000e+00, -1.68935667e-01, ...,
         -3.61790367e-02, -5.37854974e-02, -1.09203818e-01],
        [ 6.40288575e-02,  1.68935667e-01,  0.00000000e+00, ...,
          1.33166030e-01,  1.15678692e-01,  6.02910859e-02],
        ...,
        [-6.94341799e-02,  3.61790367e-02, -1.33166030e-01, ...,
          0.00000000e+00, -1.76236173e-02, -7.31696617e-02],
        [-5.18423129e-02,  5.37854974e-02, -1.15678692e-01, ...,
          1.76236173e-02,  0.00000000e+00, -5.55819206e-02],
        [ 3.74500721e-03,  1.09203818e-01, -6.02910859e-02, ...,
          7.31696617e-02,  5.55819206e-02,  0.00000000e+00]],

       [[ 0.00000000e+00, -1.08067399e-02, -3.93700217e-02, ...,
          6.58719014e-01,  6.50802484e-01,  6.56590678e-01],
        [ 1.08067399e-02,  0.00000000e+00, -2.85693612e-02, ...,
          6.66811421e-01,  6.58969467e-01,  6.64703289e-01],
        [ 3.93700217e-02,  2.85693612e-02,  0.00000000e+00, ...,
          6.87829882e-01,  6.80189491e-01,  6.85776348e-01],
        ...,
        [-6.58719014e-01, -6.66811421e-01, -6.87829882e-01, ...,
          0.00000000e+00, -1.04738342e-02, -2.82527619e-03],
        [-6.50802484e-01, -6.58969467e-01, -6.80189491e-01, ...,
          1.04738342e-02,  0.00000000e+00,  7.64867114e-03],
        [-6.56590678e-01, -6.64703289e-01, -6.85776348e-01, ...,
          2.82527619e-03, -7.64867114e-03,  0.00000000e+00]],

       [[ 0.00000000e+00, -1.81392910e-02, -3.31742476e-02, ...,
          7.30012908e-01,  7.05762794e-01,  7.07408575e-01],
        [ 1.81392910e-02,  0.00000000e+00, -1.50394826e-02, ...,
          7.42289795e-01,  7.18497422e-01,  7.20113123e-01],
        [ 3.31742476e-02,  1.50394826e-02,  0.00000000e+00, ...,
          7.52283484e-01,  7.28876566e-01,  7.30466924e-01],
        ...,
        [-7.30012908e-01, -7.42289795e-01, -7.52283484e-01, ...,
          0.00000000e+00, -3.48345084e-02, -3.25100525e-02],
        [-7.05762794e-01, -7.18497422e-01, -7.28876566e-01, ...,
          3.48345084e-02,  0.00000000e+00,  2.32577315e-03],
        [-7.07408575e-01, -7.20113123e-01, -7.30466924e-01, ...,
          3.25100525e-02, -2.32577315e-03,  0.00000000e+00]]]), 'num': array([8.17788403e-01, 5.75511905e-01, 4.51166662e-05, 4.52937928e-05,
       4.55468307e-05, 4.43659869e-05, 2.85615741e-03, 2.53037948e-07,
       4.42816410e-05, 4.45684173e-05, 4.22460912e-05, 4.37950295e-07,
       4.63643332e-05, 4.27725014e-05])}
{'img': array([[[ 0.        , -0.02828323, -0.10756016, ...,  0.44249384,
          0.58219769,  0.6156869 ],
        [ 0.02828323,  0.        , -0.07939798, ...,  0.46768042,
          0.60496039,  0.63772752],
        [ 0.10756016,  0.07939798,  0.        , ...,  0.53638364,
          0.66627161,  0.69687146],
        ...,
        [-0.44249384, -0.46768042, -0.53638364, ...,  0.        ,
          0.16232992,  0.20344937],
        [-0.58219769, -0.60496039, -0.66627161, ..., -0.16232992,
          0.        ,  0.04181606],
        [-0.6156869 , -0.63772752, -0.69687146, ..., -0.20344937,
         -0.04181606,  0.        ]],

       [[ 0.        , -0.0312008 ,  0.00341854, ...,  0.0860761 ,
          0.1914702 ,  0.13844961],
        [ 0.0312008 ,  0.        ,  0.03461748, ...,  0.11711919,
          0.22200051,  0.16928252],
        [-0.00341854, -0.03461748,  0.        , ...,  0.08266975,
          0.18811379,  0.13506319],
        ...,
        [-0.0860761 , -0.11711919, -0.08266975, ...,  0.        ,
          0.10627601,  0.05268862],
        [-0.1914702 , -0.22200051, -0.18811379, ..., -0.10627601,
          0.        , -0.05373816],
        [-0.13844961, -0.16928252, -0.13506319, ..., -0.05268862,
          0.05373816,  0.        ]],

       [[ 0.        , -0.02047263, -0.04107141, ...,  0.76338869,
          0.77341786,  0.80298136],
        [ 0.02047263,  0.        , -0.02060744, ...,  0.77645278,
          0.78623329,  0.81501484],
        [ 0.04107141,  0.02060744,  0.        , ...,  0.7892742 ,
          0.79880029,  0.82678255],
        ...,
        [-0.76338869, -0.77645278, -0.7892742 , ...,  0.        ,
          0.01567162,  0.06369448],
        [-0.77341786, -0.78623329, -0.79880029, ..., -0.01567162,
          0.        ,  0.04804686],
        [-0.80298136, -0.81501484, -0.82678255, ..., -0.06369448,
         -0.04804686,  0.        ]],

       ...,

       [[ 0.        , -0.16893567, -0.35564155, ..., -0.0537855 ,
         -0.10920382,  0.28987114],
        [ 0.16893567,  0.        , -0.19263888, ...,  0.11567869,
          0.06029109,  0.44738737],
        [ 0.35564155,  0.19263888,  0.        , ...,  0.30485763,
          0.25145025,  0.61129239],
        ...,
        [ 0.0537855 , -0.11567869, -0.30485763, ...,  0.        ,
         -0.05558192,  0.34092781],
        [ 0.10920382, -0.06029109, -0.25145025, ...,  0.05558192,
          0.        ,  0.39265276],
        [-0.28987114, -0.44738737, -0.61129239, ..., -0.34092781,
         -0.39265276,  0.        ]],

       [[ 0.        , -0.02856936, -0.05466184, ...,  0.65896947,
          0.66470329,  0.67689129],
        [ 0.02856936,  0.        , -0.02611288, ...,  0.68018949,
          0.68577635,  0.69764441],
        [ 0.05466184,  0.02611288,  0.        , ...,  0.69909924,
          0.70454777,  0.71611494],
        ...,
        [-0.65896947, -0.68018949, -0.69909924, ...,  0.        ,
          0.00764867,  0.02408089],
        [-0.66470329, -0.68577635, -0.70454777, ..., -0.00764867,
          0.        ,  0.01643374],
        [-0.67689129, -0.69764441, -0.71611494, ..., -0.02408089,
         -0.01643374,  0.        ]],

       [[ 0.        , -0.01503948, -0.0437098 , ...,  0.71849742,
          0.72011312,  0.7214883 ],
        [ 0.01503948,  0.        , -0.02867975, ...,  0.72887657,
          0.73046692,  0.73182044],
        [ 0.0437098 ,  0.02867975,  0.        , ...,  0.7482122 ,
          0.74975323,  0.75106458],
        ...,
        [-0.71849742, -0.72887657, -0.7482122 , ...,  0.        ,
          0.00232577,  0.00430974],
        [-0.72011312, -0.73046692, -0.74975323, ..., -0.00232577,
          0.        ,  0.00198397],
        [-0.7214883 , -0.73182044, -0.75106458, ..., -0.00430974,
         -0.00198397,  0.        ]]]), 'num': array([8.12227172e-01, 5.83334091e-01, 4.26244099e-05, 4.49868477e-05,
       4.56570428e-05, 4.45679757e-05, 2.88828128e-03, 0.00000000e+00,
       4.43334074e-05, 4.43040864e-05, 4.20282155e-05, 4.71230946e-07,
       4.61150671e-05, 4.24931057e-05])}
{'img': array([[[ 0.        , -0.07939798, -0.1765892 , ...,  0.60496039,
          0.63772752,  0.63772752],
        [ 0.07939798,  0.        , -0.0978815 , ...,  0.66627161,
          0.69687146,  0.69687146],
        [ 0.1765892 ,  0.0978815 ,  0.        , ...,  0.73606335,
          0.76372536,  0.76372536],
        ...,
        [-0.60496039, -0.66627161, -0.73606335, ...,  0.        ,
          0.04181606,  0.04181606],
        [-0.63772752, -0.69687146, -0.76372536, ..., -0.04181606,
          0.        ,  0.        ],
        [-0.63772752, -0.69687146, -0.76372536, ..., -0.04181606,
          0.        ,  0.        ]],

       [[ 0.        ,  0.03461748,  0.03228455, ...,  0.22200051,
          0.16928252,  0.17139852],
        [-0.03461748,  0.        , -0.00233424, ...,  0.18811379,
          0.13506319,  0.13719058],
        [-0.03228455,  0.00233424,  0.        , ...,  0.19040585,
          0.13737568,  0.13950238],
        ...,
        [-0.22200051, -0.18811379, -0.19040585, ...,  0.        ,
         -0.05373816, -0.05159376],
        [-0.16928252, -0.13506319, -0.13737568, ...,  0.05373816,
          0.        ,  0.00214738],
        [-0.17139852, -0.13719058, -0.13950238, ...,  0.05159376,
         -0.00214738,  0.        ]],

       [[ 0.        , -0.02060744, -0.00228301, ...,  0.78623329,
          0.81501484,  0.87842023],
        [ 0.02060744,  0.        ,  0.01832487, ...,  0.79880029,
          0.82678255,  0.88808176],
        [ 0.00228301, -0.01832487,  0.        , ...,  0.78764199,
          0.81633559,  0.87950897],
        ...,
        [-0.78623329, -0.79880029, -0.78764199, ...,  0.        ,
          0.04804686,  0.16706977],
        [-0.81501484, -0.82678255, -0.81633559, ..., -0.04804686,
          0.        ,  0.11950526],
        [-0.87842023, -0.88808176, -0.87950897, ..., -0.16706977,
         -0.11950526,  0.        ]],

       ...,

       [[ 0.        , -0.19263888, -0.38661488, ...,  0.06029109,
          0.44738737,  0.57848845],
        [ 0.19263888,  0.        , -0.20171396, ...,  0.25145025,
          0.61129239,  0.72478692],
        [ 0.38661488,  0.20171396,  0.        , ...,  0.44151449,
          0.75836436,  0.84886403],
        ...,
        [-0.06029109, -0.25145025, -0.44151449, ...,  0.        ,
          0.39265276,  0.52825722],
        [-0.44738737, -0.61129239, -0.75836436, ..., -0.39265276,
          0.        ,  0.15243586],
        [-0.57848845, -0.72478692, -0.84886403, ..., -0.52825722,
         -0.15243586,  0.        ]],

       [[ 0.        , -0.02611288, -0.01817692, ...,  0.68577635,
          0.69764441,  0.70958245],
        [ 0.02611288,  0.        ,  0.00793784, ...,  0.70454777,
          0.71611494,  0.7277402 ],
        [ 0.01817692, -0.00793784,  0.        , ...,  0.69889244,
          0.71055191,  0.72227309],
        ...,
        [-0.68577635, -0.70454777, -0.69889244, ...,  0.        ,
          0.01643374,  0.03322948],
        [-0.69764441, -0.71611494, -0.71055191, ..., -0.01643374,
          0.        ,  0.01680033],
        [-0.70958245, -0.7277402 , -0.72227309, ..., -0.03322948,
         -0.01680033,  0.        ]],

       [[ 0.        , -0.02867975, -0.08785237, ...,  0.73046692,
          0.73182044,  0.73652592],
        [ 0.02867975,  0.        , -0.05924737, ...,  0.74975323,
          0.75106458,  0.75562221],
        [ 0.08785237,  0.05924737,  0.        , ...,  0.78764119,
          0.78886203,  0.79310231],
        ...,
        [-0.73046692, -0.74975323, -0.78764119, ...,  0.        ,
          0.00198397,  0.00891433],
        [-0.73182044, -0.75106458, -0.78886203, ..., -0.00198397,
          0.        ,  0.00693042],
        [-0.73652592, -0.75562221, -0.79310231, ..., -0.00891433,
         -0.00693042,  0.        ]]]), 'num': array([ 8.28184528e-01,  5.60442641e-01,  5.01389302e-05,  4.56975400e-05,
        4.68956029e-05,  4.53552364e-05,  3.79676385e-03, -2.56727753e-07,
        4.55948489e-05,  4.52739392e-05,  4.30004724e-05,  4.66777733e-07,
        4.71334982e-05,  4.34143803e-05])}
{'img': array([[[ 0.        , -0.0978815 , -0.31021169, ...,  0.69687146,
          0.69687146,  0.66627161],
        [ 0.0978815 ,  0.        , -0.21566932, ...,  0.76372536,
          0.76372536,  0.73606335],
        [ 0.31021169,  0.21566932,  0.        , ...,  0.88497565,
          0.88497565,  0.86473046],
        ...,
        [-0.69687146, -0.76372536, -0.88497565, ...,  0.        ,
          0.        , -0.04181606],
        [-0.69687146, -0.76372536, -0.88497565, ...,  0.        ,
          0.        , -0.04181606],
        [-0.66627161, -0.73606335, -0.86473046, ...,  0.04181606,
          0.04181606,  0.        ]],

       [[ 0.        , -0.00233424, -0.01089978, ...,  0.13506319,
          0.13719058,  0.16888529],
        [ 0.00233424,  0.        , -0.00856565, ...,  0.13737568,
          0.13950238,  0.17118554],
        [ 0.01089978,  0.00856565,  0.        , ...,  0.14585507,
          0.14797915,  0.17961847],
        ...,
        [-0.13506319, -0.13737568, -0.14585507, ...,  0.        ,
          0.00214738,  0.03421469],
        [-0.13719058, -0.13950238, -0.14797915, ..., -0.00214738,
          0.        ,  0.03206849],
        [-0.16888529, -0.17118554, -0.17961847, ..., -0.03421469,
         -0.03206849,  0.        ]],

       [[ 0.        ,  0.01832487, -0.10768958, ...,  0.82678255,
          0.88808176,  0.93491611],
        [-0.01832487,  0.        , -0.12588979, ...,  0.81633559,
          0.87950897,  0.92825621],
        [ 0.10768958,  0.12588979,  0.        , ...,  0.88255217,
          0.93242052,  0.96769484],
        ...,
        [-0.82678255, -0.81633559, -0.88255217, ...,  0.        ,
          0.11950526,  0.23251124],
        [-0.88808176, -0.87950897, -0.93242052, ..., -0.11950526,
          0.        ,  0.1146149 ],
        [-0.93491611, -0.92825621, -0.96769484, ..., -0.23251124,
         -0.1146149 ,  0.        ]],

       ...,

       [[ 0.        , -0.20171396, -0.71767985, ...,  0.61129239,
          0.72478692,  0.68202307],
        [ 0.20171396,  0.        , -0.56245937, ...,  0.75836436,
          0.84886403,  0.81552333],
        [ 0.71767985,  0.56245937,  0.        , ...,  0.99366294,
          0.99918429,  0.99980386],
        ...,
        [-0.61129239, -0.75836436, -0.99366294, ...,  0.        ,
          0.15243586,  0.09269949],
        [-0.72478692, -0.84886403, -0.99918429, ..., -0.15243586,
          0.        , -0.06016335],
        [-0.68202307, -0.81552333, -0.99980386, ..., -0.09269949,
          0.06016335,  0.        ]],

       [[ 0.        ,  0.00793784,  0.0655886 , ...,  0.71611494,
          0.7277402 ,  0.73239558],
        [-0.00793784,  0.        ,  0.05766579, ...,  0.71055191,
          0.72227309,  0.72696779],
        [-0.0655886 , -0.05766579,  0.        , ...,  0.66879328,
          0.68118906,  0.68616062],
        ...,
        [-0.71611494, -0.71055191, -0.66879328, ...,  0.        ,
          0.01680033,  0.02361132],
        [-0.7277402 , -0.72227309, -0.68118906, ..., -0.01680033,
          0.        ,  0.00681234],
        [-0.73239558, -0.72696779, -0.68616062, ..., -0.02361132,
         -0.00681234,  0.        ]],

       [[ 0.        , -0.05924737, -0.17486724, ...,  0.75106458,
          0.75562221,  0.75884374],
        [ 0.05924737,  0.        , -0.11622557, ...,  0.78886203,
          0.79310231,  0.79609691],
        [ 0.17486724,  0.11622557,  0.        , ...,  0.85494457,
          0.85851898,  0.86103776],
        ...,
        [-0.75106458, -0.78886203, -0.85494457, ...,  0.        ,
          0.00693042,  0.01186257],
        [-0.75562221, -0.79310231, -0.85851898, ..., -0.00693042,
          0.        ,  0.00493235],
        [-0.75884374, -0.79609691, -0.86103776, ..., -0.01186257,
         -0.00493235,  0.        ]]]), 'num': array([8.22078196e-01, 5.69348557e-01, 4.71510522e-05, 4.54795105e-05,
       4.70068075e-05, 4.53098108e-05, 5.44440651e-03, 1.69699666e-07,
       4.54455706e-05, 4.48982891e-05, 4.27141130e-05, 4.70454520e-07,
       4.67512626e-05, 4.30453156e-05])}
{'img': array([[[ 0.00000000e+00, -2.15669316e-01, -7.12895924e-02, ...,
          7.63725358e-01,  7.36063351e-01,  7.54609941e-01],
        [ 2.15669316e-01,  0.00000000e+00,  1.45508684e-01, ...,
          8.84975648e-01,  8.64730464e-01,  8.78367816e-01],
        [ 7.12895924e-02, -1.45508684e-01,  0.00000000e+00, ...,
          8.07802557e-01,  7.82447383e-01,  7.99468308e-01],
        ...,
        [-7.63725358e-01, -8.84975648e-01, -8.07802557e-01, ...,
          0.00000000e+00, -4.18160624e-02, -1.40045552e-02],
        [-7.36063351e-01, -8.64730464e-01, -7.82447383e-01, ...,
          4.18160624e-02,  0.00000000e+00,  2.78196559e-02],
        [-7.54609941e-01, -8.78367816e-01, -7.99468308e-01, ...,
          1.40045552e-02, -2.78196559e-02,  0.00000000e+00]],

       [[ 0.00000000e+00, -8.56564834e-03, -7.76252472e-02, ...,
          1.39502380e-01,  1.71185541e-01,  2.24489879e-01],
        [ 8.56564834e-03,  0.00000000e+00, -6.90825971e-02, ...,
          1.47979153e-01,  1.79618470e-01,  2.32828666e-01],
        [ 7.76252472e-02,  6.90825971e-02,  0.00000000e+00, ...,
          2.15947654e-01,  2.47148414e-01,  2.99456478e-01],
        ...,
        [-1.39502380e-01, -1.47979153e-01, -2.15947654e-01, ...,
          0.00000000e+00,  3.20684853e-02,  8.63529779e-02],
        [-1.71185541e-01, -1.79618470e-01, -2.47148414e-01, ...,
         -3.20684853e-02,  0.00000000e+00,  5.43598674e-02],
        [-2.24489879e-01, -2.32828666e-01, -2.99456478e-01, ...,
         -8.63529779e-02, -5.43598674e-02,  0.00000000e+00]],

       [[ 0.00000000e+00, -1.25889794e-01, -2.15388664e-01, ...,
          8.79508967e-01,  9.28256205e-01,  9.61228810e-01],
        [ 1.25889794e-01,  0.00000000e+00, -9.07401220e-02, ...,
          9.32420525e-01,  9.67694843e-01,  9.88295862e-01],
        [ 2.15388664e-01,  9.07401220e-02,  0.00000000e+00, ...,
          9.61365143e-01,  9.86580515e-01,  9.98061094e-01],
        ...,
        [-8.79508967e-01, -9.32420525e-01, -9.61365143e-01, ...,
          0.00000000e+00,  1.14614901e-01,  2.14905418e-01],
        [-9.28256205e-01, -9.67694843e-01, -9.86580515e-01, ...,
         -1.14614901e-01,  0.00000000e+00,  1.01552283e-01],
        [-9.61228810e-01, -9.88295862e-01, -9.98061094e-01, ...,
         -2.14905418e-01, -1.01552283e-01,  0.00000000e+00]],

       ...,

       [[ 0.00000000e+00, -5.62459372e-01,  6.56772941e-02, ...,
          8.48864032e-01,  8.15523331e-01,  8.33502353e-01],
        [ 5.62459372e-01,  0.00000000e+00,  6.15548598e-01, ...,
          9.99184291e-01,  9.99803865e-01,  9.99928270e-01],
        [-6.56772941e-02, -6.15548598e-01,  0.00000000e+00, ...,
          8.12313506e-01,  7.75753508e-01,  7.95415001e-01],
        ...,
        [-8.48864032e-01, -9.99184291e-01, -8.12313506e-01, ...,
          0.00000000e+00, -6.01633461e-02, -2.84121581e-02],
        [-8.15523331e-01, -9.99803865e-01, -7.75753508e-01, ...,
          6.01633461e-02,  0.00000000e+00,  3.17783670e-02],
        [-8.33502353e-01, -9.99928270e-01, -7.95415001e-01, ...,
          2.84121581e-02, -3.17783670e-02,  0.00000000e+00]],

       [[ 0.00000000e+00,  5.76657891e-02,  5.39090828e-02, ...,
          7.22273086e-01,  7.26967793e-01,  7.30086447e-01],
        [-5.76657891e-02,  0.00000000e+00, -3.76255920e-03, ...,
          6.81189063e-01,  6.86160621e-01,  6.89465348e-01],
        [-5.39090828e-02,  3.76255920e-03,  0.00000000e+00, ...,
          6.83938840e-01,  6.88892838e-01,  6.92185760e-01],
        ...,
        [-7.22273086e-01, -6.81189063e-01, -6.83938840e-01, ...,
          0.00000000e+00,  6.81233794e-03,  1.13648295e-02],
        [-7.26967793e-01, -6.86160621e-01, -6.88892838e-01, ...,
         -6.81233794e-03,  0.00000000e+00,  4.55266780e-03],
        [-7.30086447e-01, -6.89465348e-01, -6.92185760e-01, ...,
         -1.13648295e-02, -4.55266780e-03,  0.00000000e+00]],

       [[ 0.00000000e+00, -1.16225566e-01, -1.69358011e-01, ...,
          7.93102313e-01,  7.96096906e-01,  7.95810383e-01],
        [ 1.16225566e-01,  0.00000000e+00, -5.36636043e-02, ...,
          8.58518983e-01,  8.61037761e-01,  8.60796967e-01],
        [ 1.69358011e-01,  5.36636043e-02,  0.00000000e+00, ...,
          8.84799637e-01,  8.87087211e-01,  8.86868630e-01],
        ...,
        [-7.93102313e-01, -8.58518983e-01, -8.84799637e-01, ...,
          0.00000000e+00,  4.93235435e-03,  4.45904808e-03],
        [-7.96096906e-01, -8.61037761e-01, -8.87087211e-01, ...,
         -4.93235435e-03,  0.00000000e+00, -4.73311477e-04],
        [-7.95810383e-01, -8.60796967e-01, -8.86868630e-01, ...,
         -4.45904808e-03,  4.73311477e-04,  0.00000000e+00]]]), 'num': array([ 7.93323478e-01,  6.08795975e-01,  3.45557123e-05,  4.37683833e-05,
        4.46699792e-05,  4.35224935e-05,  2.30292184e-03, -1.63926529e-07,
        4.38995245e-05,  4.33421743e-05,  4.13429537e-05,  5.73742852e-07,
        4.50867408e-05,  4.15976078e-05])}
{'img': array([[[ 0.00000000e+00,  1.45508684e-01,  3.31002341e-01, ...,
          8.64730464e-01,  8.78367816e-01,  8.64730464e-01],
        [-1.45508684e-01,  0.00000000e+00,  1.90173125e-01, ...,
          7.82447383e-01,  7.99468308e-01,  7.82447383e-01],
        [-3.31002341e-01, -1.90173125e-01,  0.00000000e+00, ...,
          6.49744183e-01,  6.70639899e-01,  6.49744183e-01],
        ...,
        [-8.64730464e-01, -7.82447383e-01, -6.49744183e-01, ...,
          0.00000000e+00,  2.78196559e-02,  0.00000000e+00],
        [-8.78367816e-01, -7.99468308e-01, -6.70639899e-01, ...,
         -2.78196559e-02,  0.00000000e+00, -2.78196559e-02],
        [-8.64730464e-01, -7.82447383e-01, -6.49744183e-01, ...,
          0.00000000e+00,  2.78196559e-02,  0.00000000e+00]],

       [[ 0.00000000e+00, -6.90825971e-02,  1.28456896e-02, ...,
          1.79618470e-01,  2.32828666e-01,  1.24769085e-01],
        [ 6.90825971e-02,  0.00000000e+00,  8.18918976e-02, ...,
          2.47148414e-01,  2.99456478e-01,  1.93013777e-01],
        [-1.28456896e-02, -8.18918976e-02,  0.00000000e+00, ...,
          1.66966878e-01,  2.20316794e-01,  1.12013479e-01],
        ...,
        [-1.79618470e-01, -2.47148414e-01, -1.66966878e-01, ...,
          0.00000000e+00,  5.43598674e-02, -5.54750129e-02],
        [-2.32828666e-01, -2.99456478e-01, -2.20316794e-01, ...,
         -5.43598674e-02,  0.00000000e+00, -1.09669145e-01],
        [-1.24769085e-01, -1.93013777e-01, -1.12013479e-01, ...,
          5.54750129e-02,  1.09669145e-01,  0.00000000e+00]],

       [[ 0.00000000e+00, -9.07401220e-02, -1.10898269e-01, ...,
          9.67694843e-01,  9.88295862e-01,  9.88295862e-01],
        [ 9.07401220e-02,  0.00000000e+00, -2.02603542e-02, ...,
          9.86580515e-01,  9.98061094e-01,  9.98061094e-01],
        [ 1.10898269e-01,  2.02603542e-02,  0.00000000e+00, ...,
          9.89686027e-01,  9.99117273e-01,  9.99117273e-01],
        ...,
        [-9.67694843e-01, -9.86580515e-01, -9.89686027e-01, ...,
          0.00000000e+00,  1.01552283e-01,  1.01552283e-01],
        [-9.88295862e-01, -9.98061094e-01, -9.99117273e-01, ...,
         -1.01552283e-01,  0.00000000e+00,  0.00000000e+00],
        [-9.88295862e-01, -9.98061094e-01, -9.99117273e-01, ...,
         -1.01552283e-01,  0.00000000e+00,  0.00000000e+00]],

       ...,

       [[ 0.00000000e+00,  6.15548598e-01,  8.25180940e-01, ...,
          9.99803865e-01,  9.99928270e-01,  8.50549845e-01],
        [-6.15548598e-01,  0.00000000e+00,  3.02620205e-01, ...,
          7.75753508e-01,  7.95415001e-01,  9.94031007e-01],
        [-8.25180940e-01, -3.02620205e-01,  0.00000000e+00, ...,
          5.48415120e-01,  5.74711406e-01,  9.14406878e-01],
        ...,
        [-9.99803865e-01, -7.75753508e-01, -5.48415120e-01, ...,
          0.00000000e+00,  3.17783670e-02,  5.42636304e-01],
        [-9.99928270e-01, -7.95415001e-01, -5.74711406e-01, ...,
         -3.17783670e-02,  0.00000000e+00,  5.15669436e-01],
        [-8.50549845e-01, -9.94031007e-01, -9.14406878e-01, ...,
         -5.42636304e-01, -5.15669436e-01,  0.00000000e+00]],

       [[ 0.00000000e+00, -3.76255920e-03, -1.81420463e-02, ...,
          6.86160621e-01,  6.89465348e-01,  6.75082061e-01],
        [ 3.76255920e-03,  0.00000000e+00, -1.43799779e-02, ...,
          6.88892838e-01,  6.92185760e-01,  6.77853083e-01],
        [ 1.81420463e-02,  1.43799779e-02,  0.00000000e+00, ...,
          6.99245125e-01,  7.02492499e-01,  6.88355117e-01],
        ...,
        [-6.86160621e-01, -6.88892838e-01, -6.99245125e-01, ...,
          0.00000000e+00,  4.55266780e-03, -1.51214603e-02],
        [-6.89465348e-01, -6.92185760e-01, -7.02492499e-01, ...,
         -4.55266780e-03,  0.00000000e+00, -1.96734508e-02],
        [-6.75082061e-01, -6.77853083e-01, -6.88355117e-01, ...,
          1.51214603e-02,  1.96734508e-02,  0.00000000e+00]],

       [[ 0.00000000e+00, -5.36636043e-02, -6.61410645e-02, ...,
          8.61037761e-01,  8.60796967e-01,  8.66715481e-01],
        [ 5.36636043e-02,  0.00000000e+00, -1.24996638e-02, ...,
          8.87087211e-01,  8.86868630e-01,  8.92234164e-01],
        [ 6.61410645e-02,  1.24996638e-02,  0.00000000e+00, ...,
          8.92787777e-01,  8.92574460e-01,  8.97808970e-01],
        ...,
        [-8.61037761e-01, -8.87087211e-01, -8.92787777e-01, ...,
          0.00000000e+00, -4.73311477e-04,  1.12722964e-02],
        [-8.60796967e-01, -8.86868630e-01, -8.92574460e-01, ...,
          4.73311477e-04,  0.00000000e+00,  1.17455766e-02],
        [-8.66715481e-01, -8.92234164e-01, -8.97808970e-01, ...,
         -1.12722964e-02, -1.17455766e-02,  0.00000000e+00]]]), 'num': array([ 7.69073517e-01,  6.39155369e-01,  2.47935396e-05,  4.17743240e-05,
        4.27309879e-05,  4.15351581e-05,  2.51506144e-03, -7.97219924e-07,
        4.24918220e-05,  4.20294344e-05,  4.02961454e-05,  4.15452637e-07,
        4.34089704e-05,  4.06498984e-05])}
{'img': array([[[ 0.        ,  0.19017312, -0.16375363, ...,  0.79946831,
          0.78244738,  0.69063294],
        [-0.19017312,  0.        , -0.34837125, ...,  0.6706399 ,
          0.64974418,  0.54049504],
        [ 0.16375363,  0.34837125,  0.        , ...,  0.88704466,
          0.87385745,  0.79973779],
        ...,
        [-0.79946831, -0.6706399 , -0.88704466, ...,  0.        ,
         -0.02781966, -0.16331092],
        [-0.78244738, -0.64974418, -0.87385745, ...,  0.02781966,
