state_0,state_1,state_2,state_3,state_4,state_5,state_6,state_7,state_8,state_9,state_10,state_11,state_12,state_13,state_14,state_15,state_16,state_17,state_18,state_19,state_20,state_21,state_22,state_23,state_24,state_25,state_26,state_27,state_28,state_29,state_30,state_31,state_32,state_33,state_34,state_35,state_36,state_37,state_38,state_39,state_40,state_41,state_42,state_43,state_44,state_45,state_46,state_47,state_48,state_49,state_50,state_51,state_52,state_53,state_54,state_55,state_56,state_57,state_58,state_59,state_60,state_61,state_62,state_63,state_64,state_65,state_66,state_67,state_68,state_69,state_70,state_71,state_72,state_73,state_74,state_75,state_76,state_77,state_78,state_79,state_80,state_81,state_82,state_83,state_84,state_85,state_86,state_87,state_88,state_89,state_90,state_91,state_92,state_93,state_94,state_95,state_96,state_97,state_98,state_99,state_100,state_101,state_102,state_103,state_104,state_105,state_106,state_107,state_108,state_109,state_110,state_111,state_112,state_113,state_114,state_115,state_116,state_117,state_118,state_119,state_120,state_121,state_122,state_123,state_124,state_125,state_126,state_127,state_128,state_129,state_130,state_131,state_132,state_133,state_134,state_135,state_136,state_137,state_138,state_139,state_140,state_141,state_142,state_143,state_144,state_145,state_146,state_147,state_148,state_149,state_150,state_151,state_152,state_153,state_154,state_155,state_156,state_157,state_158,state_159,state_160,state_161,state_162,state_163,state_164,state_165,state_166,state_167,state_168,state_169,state_170,state_171,state_172,state_173,state_174,state_175,state_176,state_177,state_178,state_179,state_180,state_181,state_182,state_183,state_184,state_185,state_186,state_187,state_188,state_189,state_190,state_191,state_192,state_193,state_194,state_195,state_196,state_197,state_198,state_199,state_200,state_201,state_202,state_203,state_204,state_205,state_206,state_207,state_208,state_209,state_210,state_211,state_212,state_213,state_214,state_215,state_216,state_217,state_218,state_219,state_220,state_221,state_222,state_223,state_224,state_225,state_226,state_227,state_228,state_229,state_230,state_231,state_232,state_233,state_234,state_235,state_236,state_237,state_238,state_239,state_240,state_241,state_242,state_243,state_244,state_245,state_246,state_247,state_248,state_249,state_250,state_251,state_252,state_253,state_254,state_255,state_256,state_257,state_258,state_259,state_260,state_261,state_262,state_263,state_264,state_265,state_266,state_267,state_268,state_269,state_270,state_271,state_272,state_273,state_274,state_275,state_276,state_277,state_278,state_279,state_280,state_281,state_282,state_283,state_284,state_285,state_286,state_287
{'img': array([[[ 0.        ,  0.07569229,  0.11014387, ..., -0.25358264,
         -0.21940861, -0.21257017],
        [-0.07569229,  0.        ,  0.03459614, ..., -0.32607336,
         -0.29262708, -0.28592275],
        [-0.11014387, -0.03459614,  0.        , ..., -0.35858343,
         -0.32553365, -0.31890344],
        ...,
        [ 0.25358264,  0.32607336,  0.35858343, ...,  0.        ,
          0.03516664,  0.04216517],
        [ 0.21940861,  0.29262708,  0.32553365, ..., -0.03516664,
          0.        ,  0.00700372],
        [ 0.21257017,  0.28592275,  0.31890344, ..., -0.04216517,
         -0.00700372,  0.        ]],

       [[ 0.        , -0.12531155, -0.33289484, ..., -0.17015773,
         -0.12376531, -0.14551142],
        [ 0.12531155,  0.        , -0.2121065 , ..., -0.04533234,
          0.00155838, -0.02038661],
        [ 0.33289484,  0.2121065 ,  0.        , ...,  0.16758757,
          0.21362916,  0.19213967],
        ...,
        [ 0.17015773,  0.04533234, -0.16758757, ...,  0.        ,
          0.04688906,  0.02495727],
        [ 0.12376531, -0.00155838, -0.21362916, ..., -0.04688906,
          0.        , -0.02194464],
        [ 0.14551142,  0.02038661, -0.19213967, ..., -0.02495727,
          0.02194464,  0.        ]],

       [[ 0.        , -0.77322842, -0.96545528, ..., -0.95131367,
         -0.94566778, -0.933355  ],
        [ 0.77322842,  0.        , -0.41074264, ..., -0.84158215,
         -0.85107728, -0.8694201 ],
        [ 0.96545528,  0.41074264,  0.        , ..., -0.54545957,
         -0.56031434, -0.58975785],
        ...,
        [ 0.95131367,  0.84158215,  0.54545957, ...,  0.        ,
         -0.01782698, -0.05379564],
        [ 0.94566778,  0.85107728,  0.56031434, ...,  0.01782698,
          0.        , -0.03598592],
        [ 0.933355  ,  0.8694201 ,  0.58975785, ...,  0.05379564,
          0.03598592,  0.        ]],

       ...,

       [[ 0.        ,  0.15614219,  0.20033029, ...,  0.96553868,
          0.96122601,  0.96122601],
        [-0.15614219,  0.        ,  0.04489622, ...,  0.91305844,
          0.90637813,  0.90637813],
        [-0.20033029, -0.04489622,  0.        , ...,  0.8938278 ,
          0.886497  ,  0.886497  ],
        ...,
        [-0.96553868, -0.91305844, -0.8938278 , ...,  0.        ,
         -0.01609037, -0.01609037],
        [-0.96122601, -0.90637813, -0.886497  , ...,  0.01609037,
          0.        ,  0.        ],
        [-0.96122601, -0.90637813, -0.886497  , ...,  0.01609037,
          0.        ,  0.        ]],

       [[ 0.        ,  0.14790817,  0.25829038, ..., -0.99995802,
         -0.99999985, -0.99978885],
        [-0.14790817,  0.        ,  0.11256022, ..., -0.99031491,
         -0.9889202 , -0.98575291],
        [-0.25829038, -0.11256022,  0.        , ..., -0.96839356,
         -0.96592617, -0.96055574],
        ...,
        [ 0.99995802,  0.99031491,  0.96839356, ...,  0.        ,
         -0.00970925, -0.02970949],
        [ 0.99999985,  0.9889202 ,  0.96592617, ...,  0.00970925,
          0.        , -0.02000312],
        [ 0.99978885,  0.98575291,  0.96055574, ...,  0.02970949,
          0.02000312,  0.        ]],

       [[ 0.        , -0.65635735, -0.83073738, ..., -0.85699684,
         -0.890416  , -0.92731373],
        [ 0.65635735,  0.        , -0.26137907, ..., -0.98479656,
         -0.97051396, -0.94527668],
        [ 0.83073738,  0.26137907,  0.        , ..., -0.90515672,
         -0.87377114, -0.82713519],
        ...,
        [ 0.85699684,  0.98479656,  0.90515672, ...,  0.        ,
          0.0687906 ,  0.15710382],
        [ 0.890416  ,  0.97051396,  0.87377114, ..., -0.0687906 ,
          0.        ,  0.08879529],
        [ 0.92731373,  0.94527668,  0.82713519, ..., -0.15710382,
         -0.08879529,  0.        ]]]), 'num': array([7.20270007e-01, 6.93688719e-01, 6.95845247e-06, 8.07941897e-05,
       8.22747115e-05, 8.05826866e-05, 2.65038783e-03, 0.00000000e+00,
       8.06672879e-05, 8.32740638e-05, 8.03130202e-05, 1.98594474e-07,
       9.64392577e-05, 7.01088698e-05])}
{'img': array([[[ 0.00000000e+00,  3.45961406e-02,  6.23600633e-02, ...,
         -2.92627075e-01, -2.85922755e-01, -2.85922755e-01],
        [-3.45961406e-02,  0.00000000e+00,  2.77939263e-02, ...,
         -3.25533653e-01, -3.18903438e-01, -3.18903438e-01],
        [-6.23600633e-02, -2.77939263e-02,  0.00000000e+00, ...,
         -3.51687894e-01, -3.45122965e-01, -3.45122965e-01],
        ...,
        [ 2.92627075e-01,  3.25533653e-01,  3.51687894e-01, ...,
          0.00000000e+00,  7.00371986e-03,  7.00371986e-03],
        [ 2.85922755e-01,  3.18903438e-01,  3.45122965e-01, ...,
         -7.00371986e-03,  0.00000000e+00,  0.00000000e+00],
        [ 2.85922755e-01,  3.18903438e-01,  3.45122965e-01, ...,
         -7.00371986e-03,  0.00000000e+00,  0.00000000e+00]],

       [[ 0.00000000e+00, -2.12106497e-01, -1.85981797e-01, ...,
          1.55837516e-03, -2.03866091e-02, -1.98513222e-02],
        [ 2.12106497e-01,  0.00000000e+00,  2.66558438e-02, ...,
          2.13629156e-01,  1.92139671e-01,  1.92665064e-01],
        [ 1.85981797e-01, -2.66558438e-02,  0.00000000e+00, ...,
          1.87512758e-01,  1.65912217e-01,  1.66440168e-01],
        ...,
        [-1.55837516e-03, -2.13629156e-01, -1.87512758e-01, ...,
          0.00000000e+00, -2.19446356e-02, -2.14093661e-02],
        [ 2.03866091e-02, -1.92139671e-01, -1.65912217e-01, ...,
          2.19446356e-02,  0.00000000e+00,  5.35395279e-04],
        [ 1.98513222e-02, -1.92665064e-01, -1.66440168e-01, ...,
          2.14093661e-02, -5.35395279e-04,  0.00000000e+00]],

       [[ 0.00000000e+00, -8.39859800e-01, -9.92837427e-01, ...,
         -9.84739335e-01, -9.76519719e-01, -9.67451270e-01],
        [ 8.39859800e-01,  0.00000000e+00, -4.38574789e-01, ...,
         -6.80685475e-01, -7.10987556e-01, -7.37668550e-01],
        [ 9.92837427e-01,  4.38574789e-01,  0.00000000e+00, ...,
         -2.90439153e-01, -3.30552940e-01, -3.66829331e-01],
        ...,
        [ 9.84739335e-01,  6.80685475e-01,  2.90439153e-01, ...,
          0.00000000e+00, -4.21911192e-02, -8.08244555e-02],
        [ 9.76519719e-01,  7.10987556e-01,  3.30552940e-01, ...,
          4.21911192e-02,  0.00000000e+00, -3.86994014e-02],
        [ 9.67451270e-01,  7.37668550e-01,  3.66829331e-01, ...,
          8.08244555e-02,  3.86994014e-02,  0.00000000e+00]],

       ...,

       [[ 0.00000000e+00,  4.01944753e-02, -7.95345515e-02, ...,
          8.80911237e-01,  8.80911237e-01, -7.23013500e-01],
        [-4.01944753e-02,  0.00000000e+00, -1.19537421e-01, ...,
          8.61176049e-01,  8.61176049e-01, -7.50196921e-01],
        [ 7.95345515e-02,  1.19537421e-01,  0.00000000e+00, ...,
          9.15762840e-01,  9.15762840e-01, -6.65777908e-01],
        ...,
        [-8.80911237e-01, -8.61176049e-01, -9.15762840e-01, ...,
          0.00000000e+00,  0.00000000e+00, -9.50752271e-01],
        [-8.80911237e-01, -8.61176049e-01, -9.15762840e-01, ...,
          0.00000000e+00,  0.00000000e+00, -9.50752271e-01],
        [ 7.23013500e-01,  7.50196921e-01,  6.65777908e-01, ...,
          9.50752271e-01,  9.50752271e-01,  0.00000000e+00]],

       [[ 0.00000000e+00,  1.12560220e-01,  2.60448360e-01, ...,
         -9.88920201e-01, -9.85752910e-01, -9.83502703e-01],
        [-1.12560220e-01,  0.00000000e+00,  1.50117669e-01, ...,
         -9.65926169e-01, -9.60555740e-01, -9.56891046e-01],
        [-2.60448360e-01, -1.50117669e-01,  0.00000000e+00, ...,
         -9.16127306e-01, -9.07925003e-01, -9.02446443e-01],
        ...,
        [ 9.88920201e-01,  9.65926169e-01,  9.16127306e-01, ...,
          0.00000000e+00, -2.00031242e-02, -3.28900665e-02],
        [ 9.85752910e-01,  9.60555740e-01,  9.07925003e-01, ...,
          2.00031242e-02,  0.00000000e+00, -1.28911838e-02],
        [ 9.83502703e-01,  9.56891046e-01,  9.02446443e-01, ...,
          3.28900665e-02,  1.28911838e-02,  0.00000000e+00]],

       [[ 0.00000000e+00, -6.32533921e-01, -8.10311583e-01, ...,
         -9.25441308e-01, -9.58017129e-01, -9.75364027e-01],
        [ 6.32533921e-01,  0.00000000e+00, -2.56948372e-01, ...,
         -9.56445922e-01, -9.23369968e-01, -8.94989215e-01],
        [ 8.10311583e-01,  2.56948372e-01,  0.00000000e+00, ...,
         -8.49327687e-01, -7.93722553e-01, -7.50318542e-01],
        ...,
        [ 9.25441308e-01,  9.56445922e-01,  8.49327687e-01, ...,
          0.00000000e+00,  9.76498865e-02,  1.65402917e-01],
        [ 9.58017129e-01,  9.23369968e-01,  7.93722553e-01, ...,
         -9.76498865e-02,  0.00000000e+00,  6.83075640e-02],
        [ 9.75364027e-01,  8.94989215e-01,  7.50318542e-01, ...,
         -1.65402917e-01, -6.83075640e-02,  0.00000000e+00]]]), 'num': array([7.75880818e-01, 6.30856624e-01, 3.63014253e-05, 7.06745585e-05,
       7.13821886e-05, 6.72248616e-05, 5.36999271e-03, 3.09588179e-06,
       6.80740178e-05, 6.99934645e-05, 6.71658925e-05, 4.67784336e-07,
       8.06846088e-05, 5.93023202e-05])}
{'img': array([[[ 0.00000000e+00,  2.77939263e-02,  6.26847458e-02, ...,
         -3.18903438e-01, -3.18903438e-01, -8.27610835e-02],
        [-2.77939263e-02,  0.00000000e+00,  3.49212629e-02, ...,
         -3.45122965e-01, -3.45122965e-01, -1.10427688e-01],
        [-6.26847458e-02, -3.49212629e-02,  0.00000000e+00, ...,
         -3.77688076e-01, -3.77688076e-01, -1.45068024e-01],
        ...,
        [ 3.18903438e-01,  3.45122965e-01,  3.77688076e-01, ...,
          0.00000000e+00,  0.00000000e+00,  2.39369517e-01],
        [ 3.18903438e-01,  3.45122965e-01,  3.77688076e-01, ...,
          0.00000000e+00,  0.00000000e+00,  2.39369517e-01],
        [ 8.27610835e-02,  1.10427688e-01,  1.45068024e-01, ...,
         -2.39369517e-01, -2.39369517e-01,  0.00000000e+00]],

       [[ 0.00000000e+00,  2.66558438e-02,  5.50081263e-02, ...,
          1.92139671e-01,  1.92665064e-01,  4.19292598e-01],
        [-2.66558438e-02,  0.00000000e+00,  2.83730959e-02, ...,
          1.65912217e-01,  1.66440168e-01,  3.94944072e-01],
        [-5.50081263e-02, -2.83730959e-02,  0.00000000e+00, ...,
          1.37865562e-01,  1.38395825e-01,  3.68718559e-01],
        ...,
        [-1.92139671e-01, -1.65912217e-01, -1.37865562e-01, ...,
          0.00000000e+00,  5.35395279e-04,  2.37045944e-01],
        [-1.92665064e-01, -1.66440168e-01, -1.38395825e-01, ...,
         -5.35395279e-04,  0.00000000e+00,  2.36525774e-01],
        [-4.19292598e-01, -3.94944072e-01, -3.68718559e-01, ...,
         -2.37045944e-01, -2.36525774e-01,  0.00000000e+00]],

       [[ 0.00000000e+00, -4.94974504e-01, -4.30017034e-01, ...,
         -7.71608641e-01, -7.97176885e-01, -7.53033142e-01],
        [ 4.94974504e-01,  0.00000000e+00,  7.32282388e-02, ...,
         -3.55604460e-01, -3.93834186e-01, -3.28631539e-01],
        [ 4.30017034e-01, -7.32282388e-02,  0.00000000e+00, ...,
         -4.23091524e-01, -4.60086865e-01, -3.96910243e-01],
        ...,
        [ 7.71608641e-01,  3.55604460e-01,  4.23091524e-01, ...,
          0.00000000e+00, -4.12267799e-02,  2.87025064e-02],
        [ 7.97176885e-01,  3.93834186e-01,  4.60086865e-01, ...,
          4.12267799e-02,  0.00000000e+00,  6.98878983e-02],
        [ 7.53033142e-01,  3.28631539e-01,  3.96910243e-01, ...,
         -2.87025064e-02, -6.98878983e-02,  0.00000000e+00]],

       ...,

       [[ 0.00000000e+00, -1.19537421e-01, -7.42531471e-02, ...,
          8.61176049e-01, -7.50196921e-01,  1.85742643e-01],
        [ 1.19537421e-01,  0.00000000e+00,  4.54866998e-02, ...,
          9.15762840e-01, -6.65777908e-01,  3.01868094e-01],
        [ 7.42531471e-02, -4.54866998e-02,  0.00000000e+00, ...,
          8.96542088e-01, -6.99028690e-01,  2.58190912e-01],
        ...,
        [-8.61176049e-01, -9.15762840e-01, -8.96542088e-01, ...,
          0.00000000e+00, -9.50752271e-01, -7.51775981e-01],
        [ 7.50196921e-01,  6.65777908e-01,  6.99028690e-01, ...,
          9.50752271e-01,  0.00000000e+00,  8.59958039e-01],
        [-1.85742643e-01, -3.01868094e-01, -2.58190912e-01, ...,
          7.51775981e-01, -8.59958039e-01,  0.00000000e+00]],

       [[ 0.00000000e+00,  1.50117669e-01,  2.51235922e-02, ...,
         -9.60555740e-01, -9.56891046e-01, -9.57245637e-01],
        [-1.50117669e-01,  0.00000000e+00, -1.25231390e-01, ...,
         -9.07925003e-01, -9.02446443e-01, -9.02972773e-01],
        [-2.51235922e-02,  1.25231390e-01,  0.00000000e+00, ...,
         -9.53265986e-01, -9.49291931e-01, -9.49675825e-01],
        ...,
        [ 9.60555740e-01,  9.07925003e-01,  9.53265986e-01, ...,
          0.00000000e+00, -1.28911838e-02, -1.16679639e-02],
        [ 9.56891046e-01,  9.02446443e-01,  9.49291931e-01, ...,
          1.28911838e-02,  0.00000000e+00,  1.22331188e-03],
        [ 9.57245637e-01,  9.02972773e-01,  9.49675825e-01, ...,
          1.16679639e-02, -1.22331188e-03,  0.00000000e+00]],

       [[ 0.00000000e+00, -6.16299240e-01, -7.92385824e-01, ...,
         -9.80587425e-01, -9.92582467e-01, -9.98224723e-01],
        [ 6.16299240e-01,  0.00000000e+00, -2.48058376e-01, ...,
         -8.93069850e-01, -8.56596141e-01, -8.22820834e-01],
        [ 7.92385824e-01,  2.48058376e-01,  0.00000000e+00, ...,
         -7.53551090e-01, -7.01828293e-01, -6.56131850e-01],
        ...,
        [ 9.80587425e-01,  8.93069850e-01,  7.53551090e-01, ...,
          0.00000000e+00,  7.54147788e-02,  1.37330432e-01],
        [ 9.92582467e-01,  8.56596141e-01,  7.01828293e-01, ...,
         -7.54147788e-02,  0.00000000e+00,  6.22391037e-02],
        [ 9.98224723e-01,  8.22820834e-01,  6.56131850e-01, ...,
         -1.37330432e-01, -6.22391037e-02,  0.00000000e+00]]]), 'num': array([ 7.83567065e-01,  6.21300619e-01,  4.23119807e-05,  6.91083671e-05,
        7.18114323e-05,  6.84776519e-05,  2.85540996e-03, -2.88326955e-06,
        6.95048167e-05,  7.15276105e-05,  6.83515089e-05,  4.83475078e-07,
        8.20224485e-05,  6.10327725e-05])}
{'img': array([[[ 0.        ,  0.03492126,  0.04192966, ..., -0.34512297,
         -0.11042769, -0.32537996],
        [-0.03492126,  0.        ,  0.00701353, ..., -0.37768808,
         -0.14506802, -0.35820247],
        [-0.04192966, -0.00701353,  0.        , ..., -0.38417285,
         -0.1520038 , -0.3647418 ],
        ...,
        [ 0.34512297,  0.37768808,  0.38417285, ...,  0.        ,
          0.23936952,  0.02095474],
        [ 0.11042769,  0.14506802,  0.1520038 , ..., -0.23936952,
          0.        , -0.21897141],
        [ 0.32537996,  0.35820247,  0.3647418 , ..., -0.02095474,
          0.21897141,  0.        ]],

       [[ 0.        ,  0.0283731 ,  0.04472118, ...,  0.16644017,
          0.39494407,  0.21916762],
        [-0.0283731 ,  0.        ,  0.01635847, ...,  0.13839582,
          0.36871856,  0.19139611],
        [-0.04472118, -0.01635847,  0.        , ...,  0.12217626,
          0.35346335,  0.17531445],
        ...,
        [-0.16644017, -0.13839582, -0.12217626, ...,  0.        ,
          0.23652577,  0.05371702],
        [-0.39494407, -0.36871856, -0.35346335, ..., -0.23652577,
          0.        , -0.18399146],
        [-0.21916762, -0.19139611, -0.17531445, ..., -0.05371702,
          0.18399146,  0.        ]],

       [[ 0.        ,  0.07322824,  0.12839179, ..., -0.39383419,
         -0.32863154, -0.31120075],
        [-0.07322824,  0.        ,  0.05542492, ..., -0.46008687,
         -0.39691024, -0.37995727],
        [-0.12839179, -0.05542492,  0.        , ..., -0.50858998,
         -0.44717231, -0.43064149],
        ...,
        [ 0.39383419,  0.46008687,  0.50858998, ...,  0.        ,
          0.0698879 ,  0.08822806],
        [ 0.32863154,  0.39691024,  0.44717231, ..., -0.0698879 ,
          0.        ,  0.01839698],
        [ 0.31120075,  0.37995727,  0.43064149, ..., -0.08822806,
         -0.01839698,  0.        ]],

       ...,

       [[ 0.        ,  0.0454867 , -0.0192177 , ..., -0.66577791,
          0.30186809,  0.31411373],
        [-0.0454867 ,  0.        , -0.06467611, ..., -0.69902869,
          0.25819091,  0.2706042 ],
        [ 0.0192177 ,  0.06467611,  0.        , ..., -0.65131566,
          0.32013354,  0.33230073],
        ...,
        [ 0.66577791,  0.69902869,  0.65131566, ...,  0.        ,
          0.85995804,  0.86645575],
        [-0.30186809, -0.25819091, -0.32013354, ..., -0.85995804,
          0.        ,  0.01287108],
        [-0.31411373, -0.2706042 , -0.33230073, ..., -0.86645575,
         -0.01287108,  0.        ]],

       [[ 0.        , -0.12523139, -0.21523699, ..., -0.90244644,
         -0.90297277, -0.89862582],
        [ 0.12523139,  0.        , -0.09124635, ..., -0.94929193,
         -0.94967582, -0.94649244],
        [ 0.21523699,  0.09124635,  0.        , ..., -0.9740193 ,
         -0.97429561, -0.97199158],
        ...,
        [ 0.90244644,  0.94929193,  0.9740193 , ...,  0.        ,
          0.00122331, -0.00878775],
        [ 0.90297277,  0.94967582,  0.97429561, ..., -0.00122331,
          0.        , -0.010011  ],
        [ 0.89862582,  0.94649244,  0.97199158, ...,  0.00878775,
          0.010011  ,  0.        ]],

       [[ 0.        , -0.59811658, -0.7785363 , ..., -0.9998529 ,
         -0.99863491, -0.99317256],
        [ 0.59811658,  0.        , -0.24854836, ..., -0.81154981,
         -0.76907345, -0.72616456],
        [ 0.7785363 ,  0.24854836,  0.        , ..., -0.64086031,
         -0.58607726, -0.53249494],
        ...,
        [ 0.9998529 ,  0.81154981,  0.64086031, ...,  0.        ,
          0.06935377,  0.1336717 ],
        [ 0.99863491,  0.76907345,  0.58607726, ..., -0.06935377,
          0.        ,  0.06461847],
        [ 0.99317256,  0.72616456,  0.53249494, ..., -0.1336717 ,
         -0.06461847,  0.        ]]]), 'num': array([ 8.50425089e-01,  5.26094167e-01,  8.47923977e-05,  7.48859204e-05,
        7.59627114e-05,  7.48859204e-05,  1.42899956e-03, -1.95780184e-07,
        7.55515730e-05,  7.79792473e-05,  7.41778487e-05,  5.06163403e-07,
        8.88344420e-05,  6.71240526e-05])}
{'img': array([[[ 0.        ,  0.00701353, -0.24616376, ..., -0.14506802,
         -0.35820247, -0.37120259],
        [-0.00701353,  0.        , -0.25295542, ..., -0.1520038 ,
         -0.3647418 , -0.37770589],
        [ 0.24616376,  0.25295542,  0.        , ...,  0.10295573,
         -0.11735065, -0.13120422],
        ...,
        [ 0.14506802,  0.1520038 , -0.10295573, ...,  0.        ,
         -0.21897141, -0.2325727 ],
        [ 0.35820247,  0.3647418 ,  0.11735065, ...,  0.21897141,
          0.        , -0.01396147],
        [ 0.37120259,  0.37770589,  0.13120422, ...,  0.2325727 ,
          0.01396147,  0.        ]],

       [[ 0.        ,  0.01635847,  0.36021453, ...,  0.36871856,
          0.19139611,  0.03413667],
        [-0.01635847,  0.        ,  0.34490601, ...,  0.35346335,
          0.17531445,  0.01778316],
        [-0.36021453, -0.34490601,  0.        , ...,  0.00913209,
         -0.1750076 , -0.32815953],
        ...,
        [-0.36871856, -0.35346335, -0.00913209, ...,  0.        ,
         -0.18399146, -0.33677223],
        [-0.19139611, -0.17531445,  0.1750076 , ...,  0.18399146,
          0.        , -0.15777898],
        [-0.03413667, -0.01778316,  0.32815953, ...,  0.33677223,
          0.15777898,  0.        ]],

       [[ 0.        ,  0.05542492,  0.00846858, ..., -0.39691024,
         -0.37995727, -0.37617704],
        [-0.05542492,  0.        , -0.04696737, ..., -0.44717231,
         -0.43064149, -0.42695264],
        [-0.00846858,  0.04696737,  0.        , ..., -0.40466896,
         -0.38777711, -0.38401009],
        ...,
        [ 0.39691024,  0.44717231,  0.40466896, ...,  0.        ,
          0.01839698,  0.02247942],
        [ 0.37995727,  0.43064149,  0.38777711, ..., -0.01839698,
          0.        ,  0.00408329],
        [ 0.37617704,  0.42695264,  0.38401009, ..., -0.02247942,
         -0.00408329,  0.        ]],

       ...,

       [[ 0.        , -0.06467611, -0.29744785, ...,  0.25819091,
          0.2706042 ,  0.23904036],
        [ 0.06467611,  0.        , -0.23507634, ...,  0.32013354,
          0.33230073,  0.30134101],
        [ 0.29744785,  0.23507634,  0.        , ...,  0.53386725,
          0.5447064 ,  0.51704566],
        ...,
        [-0.25819091, -0.32013354, -0.53386725, ...,  0.        ,
          0.01287108, -0.01977043],
        [-0.2706042 , -0.33230073, -0.5447064 , ..., -0.01287108,
          0.        , -0.03263735],
        [-0.23904036, -0.30134101, -0.51704566, ...,  0.01977043,
          0.03263735,  0.        ]],

       [[ 0.        , -0.17609726, -0.26613764, ..., -0.9040418 ,
         -0.89970531, -0.89280169],
        [ 0.17609726,  0.        , -0.09223232, ..., -0.96518586,
         -0.96251148, -0.95817268],
        [ 0.26613764,  0.09223232,  0.        , ..., -0.98519652,
         -0.98342597, -0.98048451],
        ...,
        [ 0.9040418 ,  0.96518586,  0.98519652, ...,  0.        ,
         -0.01003859, -0.02560278],
        [ 0.89970531,  0.96251148,  0.98342597, ...,  0.01003859,
          0.        , -0.01556619],
        [ 0.89280169,  0.95817268,  0.98048451, ...,  0.02560278,
          0.01556619,  0.        ]],

       [[ 0.        , -0.5905113 , -0.8191112 , ..., -0.98574714,
         -0.97083301, -0.9454865 ],
        [ 0.5905113 ,  0.        , -0.32230899, ..., -0.69618302,
         -0.64191173, -0.5707287 ],
        [ 0.8191112 ,  0.32230899,  0.        , ..., -0.42765674,
         -0.36051619, -0.2756111 ],
        ...,
        [ 0.98574714,  0.69618302,  0.42765674, ...,  0.        ,
          0.07301265,  0.16195704],
        [ 0.97083301,  0.64191173,  0.36051619, ..., -0.07301265,
          0.        ,  0.08947605],
        [ 0.9454865 ,  0.5707287 ,  0.2756111 , ..., -0.16195704,
         -0.08947605,  0.        ]]]), 'num': array([8.54993625e-01, 5.18635305e-01, 8.75933123e-05, 7.54674264e-05,
       7.69413995e-05, 7.49761020e-05, 1.80752347e-03, 2.94794634e-07,
       7.59194448e-05, 7.85136376e-05, 7.43766862e-05, 5.91702492e-07,
       8.89426850e-05, 6.80845902e-05])}
{'img': array([[[ 0.        , -0.25295542, -0.27951111, ..., -0.3647418 ,
         -0.37770589, -0.35824473],
        [ 0.25295542,  0.        , -0.02754759, ..., -0.11735065,
         -0.13120422, -0.11042769],
        [ 0.27951111,  0.02754759,  0.        , ..., -0.08994886,
         -0.10384497, -0.08300666],
        ...,
        [ 0.3647418 ,  0.11735065,  0.08994886, ...,  0.        ,
         -0.01396147,  0.00696826],
        [ 0.37770589,  0.13120422,  0.10384497, ...,  0.01396147,
          0.        ,  0.02092871],
        [ 0.35824473,  0.11042769,  0.08300666, ..., -0.00696826,
         -0.02092871,  0.        ]],

       [[ 0.        ,  0.34490601,  0.15022655, ...,  0.17531445,
          0.01778316,  0.05967374],
        [-0.34490601,  0.        , -0.19998365, ..., -0.1750076 ,
         -0.32815953, -0.28827938],
        [-0.15022655,  0.19998365,  0.        , ...,  0.025425  ,
         -0.13262144, -0.0909623 ],
        ...,
        [-0.17531445,  0.1750076 , -0.025425  , ...,  0.        ,
         -0.15777898, -0.11625249],
        [-0.01778316,  0.32815953,  0.13262144, ...,  0.15777898,
          0.        ,  0.04191283],
        [-0.05967374,  0.28827938,  0.0909623 , ...,  0.11625249,
         -0.04191283,  0.        ]],

       [[ 0.        , -0.04696737, -0.11187496, ..., -0.43064149,
         -0.42695264, -0.41955825],
        [ 0.04696737,  0.        , -0.06507898, ..., -0.38777711,
         -0.38401009, -0.37646162],
        [ 0.11187496,  0.06507898,  0.        , ..., -0.32696832,
         -0.32310674, -0.31537231],
        ...,
        [ 0.43064149,  0.38777711,  0.32696832, ...,  0.        ,
          0.00408329,  0.01224452],
        [ 0.42695264,  0.38401009,  0.32310674, ..., -0.00408329,
          0.        ,  0.00816143],
        [ 0.41955825,  0.37646162,  0.31537231, ..., -0.01224452,
         -0.00816143,  0.        ]],

       ...,

       [[ 0.        , -0.23507634, -0.21435753, ...,  0.33230073,
          0.30134101,  0.42988384],
        [ 0.23507634,  0.        ,  0.02126148, ...,  0.5447064 ,
          0.51704566,  0.63008388],
        [ 0.21435753, -0.02126148,  0.        , ...,  0.52675283,
          0.49872985,  0.61343134],
        ...,
        [-0.33230073, -0.5447064 , -0.52675283, ...,  0.        ,
         -0.03263735,  0.10542597],
        [-0.30134101, -0.51704566, -0.49872985, ...,  0.03263735,
          0.        ,  0.13782527],
        [-0.42988384, -0.63008388, -0.61343134, ..., -0.10542597,
         -0.13782527,  0.        ]],

       [[ 0.        , -0.20192341, -0.29251324, ..., -0.90184478,
         -0.89497209, -0.88904251],
        [ 0.20192341,  0.        , -0.09339628, ..., -0.97051103,
         -0.96661934, -0.96317492],
        [ 0.29251324,  0.09339628,  0.        , ..., -0.98878274,
         -0.98632396, -0.98407687],
        ...,
        [ 0.90184478,  0.97051103,  0.98878274, ...,  0.        ,
         -0.01565114, -0.02876693],
        [ 0.89497209,  0.96661934,  0.98632396, ...,  0.01565114,
          0.        , -0.01311874],
        [ 0.88904251,  0.96317492,  0.98407687, ...,  0.02876693,
          0.01311874,  0.        ]],

       [[ 0.        , -0.67075229, -0.86301595, ..., -0.92817305,
         -0.8841373 , -0.83589185],
        [ 0.67075229,  0.        , -0.30123451, ..., -0.43878901,
         -0.34235453, -0.25179345],
        [ 0.86301595,  0.30123451,  0.        , ..., -0.14772094,
         -0.04342103,  0.05143137],
        ...,
        [ 0.92817305,  0.43878901,  0.14772094, ...,  0.        ,
          0.10463696,  0.19839256],
        [ 0.8841373 ,  0.34235453,  0.04342103, ..., -0.10463696,
          0.        ,  0.09474642],
        [ 0.83589185,  0.25179345, -0.05143137, ..., -0.19839256,
         -0.09474642,  0.        ]]]), 'num': array([9.40029873e-01, 3.41090040e-01, 1.55367012e-04, 8.30937615e-05,
       8.35248575e-05, 8.23393434e-05, 1.15775152e-03, 3.23322029e-07,
       8.34170835e-05, 8.63808688e-05, 8.14843363e-05, 7.61516955e-07,
       9.72542997e-05, 7.55074379e-05])}
{'img': array([[[ 0.        , -0.02754759,  0.05497795, ..., -0.13120422,
         -0.11042769, -0.08967396],
        [ 0.02754759,  0.        ,  0.08246301, ..., -0.10384497,
         -0.08300666, -0.06220332],
        [-0.05497795, -0.08246301,  0.        , ..., -0.18550846,
         -0.16490238, -0.14429479],
        ...,
        [ 0.13120422,  0.10384497,  0.18550846, ...,  0.        ,
          0.02092871,  0.04177685],
        [ 0.11042769,  0.08300666,  0.16490238, ..., -0.02092871,
          0.        ,  0.02085726],
        [ 0.08967396,  0.06220332,  0.14429479, ..., -0.04177685,
         -0.02085726,  0.        ]],

       [[ 0.        , -0.19998365, -0.14772803, ..., -0.32815953,
         -0.28827938, -0.37532228],
        [ 0.19998365,  0.        ,  0.05304562, ..., -0.13262144,
         -0.0909623 , -0.18237676],
        [ 0.14772803, -0.05304562,  0.        , ..., -0.18501178,
         -0.14365994, -0.23427597],
        ...,
        [ 0.32815953,  0.13262144,  0.18501178, ...,  0.        ,
          0.04191283, -0.05036858],
        [ 0.28827938,  0.0909623 ,  0.14365994, ..., -0.04191283,
          0.        , -0.09218395],
        [ 0.37532228,  0.18237676,  0.23427597, ...,  0.05036858,
          0.09218395,  0.        ]],

       [[ 0.        , -0.06507898, -0.11256462, ..., -0.38401009,
         -0.37646162, -0.3632056 ],
        [ 0.06507898,  0.        , -0.04766064, ..., -0.32310674,
         -0.31537231, -0.30180097],
        [ 0.11256462,  0.04766064,  0.        , ..., -0.27763531,
         -0.26978549, -0.25601973],
        ...,
        [ 0.38401009,  0.32310674,  0.27763531, ...,  0.        ,
          0.00816143,  0.02242745],
        [ 0.37646162,  0.31537231,  0.26978549, ..., -0.00816143,
          0.        ,  0.01426732],
        [ 0.3632056 ,  0.30180097,  0.25601973, ..., -0.02242745,
         -0.01426732,  0.        ]],

       ...,

       [[ 0.        ,  0.02126148,  0.1191698 , ...,  0.51704566,
          0.63008388,  0.74513177],
        [-0.02126148,  0.        ,  0.0980329 , ...,  0.49872985,
          0.61343134,  0.73078368],
        [-0.1191698 , -0.0980329 ,  0.        , ...,  0.41135681,
          0.53305525,  0.66034547],
        ...,
        [-0.51704566, -0.49872985, -0.41135681, ...,  0.        ,
          0.13782527,  0.29297468],
        [-0.63008388, -0.61343134, -0.53305525, ..., -0.13782527,
          0.        ,  0.15840117],
        [-0.74513177, -0.73078368, -0.66034547, ..., -0.29297468,
         -0.15840117,  0.        ]],

       [[ 0.        , -0.21497592, -0.3526214 , ..., -0.89782217,
         -0.89192544, -0.88482817],
        [ 0.21497592,  0.        , -0.14320971, ..., -0.97149692,
         -0.96827999, -0.96430135],
        [ 0.3526214 ,  0.14320971,  0.        , ..., -0.99543126,
         -0.99408279, -0.99228466],
        ...,
        [ 0.89782217,  0.97149692,  0.99543126, ...,  0.        ,
         -0.0132128 , -0.02866971],
        [ 0.89192544,  0.96827999,  0.99408279, ...,  0.0132128 ,
          0.        , -0.01545984],
        [ 0.88482817,  0.96430135,  0.99228466, ...,  0.02866971,
          0.01545984,  0.        ]],

       [[ 0.        , -0.68513313, -0.855244  , ..., -0.72869358,
         -0.62749652, -0.47494984],
        [ 0.68513313,  0.        , -0.26792154, ..., -0.06158694,
          0.07637825,  0.25696402],
        [ 0.855244  ,  0.26792154,  0.        , ...,  0.20807759,
          0.34072484,  0.5064946 ],
        ...,
        [ 0.72869358,  0.06158694, -0.20807759, ...,  0.        ,
          0.1376403 ,  0.31599514],
        [ 0.62749652, -0.07637825, -0.34072484, ..., -0.1376403 ,
          0.        ,  0.18239987],
        [ 0.47494984, -0.25696402, -0.5064946 , ..., -0.31599514,
         -0.18239987,  0.        ]]]), 'num': array([ 9.54714675e-01,  2.97517824e-01,  1.71368149e-04,  8.42560065e-05,
        8.59037772e-05,  8.42560065e-05,  1.71662551e-03, -4.39405510e-07,
        8.43219174e-05,  8.71121423e-05,  8.30238402e-05,  9.89500957e-07,
        9.59386168e-05,  7.82856679e-05])}
{'img': array([[[ 0.        ,  0.08246301, -0.99687162, ..., -0.08300666,
         -0.06220332, -0.08994886],
        [-0.08246301,  0.        , -0.9999941 , ..., -0.16490238,
         -0.14429479, -0.17177124],
        [ 0.99687162,  0.9999941 ,  0.        , ...,  0.98687074,
          0.99002476,  0.98572133],
        ...,
        [ 0.08300666,  0.16490238, -0.98687074, ...,  0.        ,
          0.02085726, -0.00696826],
        [ 0.06220332,  0.14429479, -0.99002476, ..., -0.02085726,
          0.        , -0.0278235 ],
        [ 0.08994886,  0.17177124, -0.98572133, ...,  0.00696826,
          0.0278235 ,  0.        ]],

       [[ 0.        ,  0.05304562,  0.01086915, ..., -0.0909623 ,
         -0.18237676, -0.12075814],
        [-0.05304562,  0.        , -0.04218864, ..., -0.14365994,
         -0.23427597, -0.17324556],
        [-0.01086915,  0.04218864,  0.        , ..., -0.10178102,
         -0.19305285, -0.13154062],
        ...,
        [ 0.0909623 ,  0.14365994,  0.10178102, ...,  0.        ,
         -0.09218395, -0.02996089],
        [ 0.18237676,  0.23427597,  0.19305285, ...,  0.09218395,
          0.        ,  0.06230925],
        [ 0.12075814,  0.17324556,  0.13154062, ...,  0.02996089,
         -0.06230925,  0.        ]],

       [[ 0.        , -0.04766064, -0.39203455, ..., -0.31537231,
         -0.30180097, -0.36346484],
        [ 0.04766064,  0.        , -0.3477436 , ..., -0.26978549,
         -0.25601973, -0.31865076],
        [ 0.39203455,  0.3477436 ,  0.        , ...,  0.08190134,
          0.09611239,  0.03085283],
        ...,
        [ 0.31537231,  0.26978549, -0.08190134, ...,  0.        ,
          0.01426732, -0.05111317],
        [ 0.30180097,  0.25601973, -0.09611239, ..., -0.01426732,
          0.        , -0.06535664],
        [ 0.36346484,  0.31865076, -0.03085283, ...,  0.05111317,
          0.06535664,  0.        ]],

       ...,

       [[ 0.        ,  0.0980329 , -0.13242851, ...,  0.61343134,
          0.73078368,  0.89170437],
        [-0.0980329 ,  0.        , -0.22896011, ...,  0.53305525,
          0.66034547,  0.8430377 ],
        [ 0.13242851,  0.22896011,  0.        , ...,  0.71261374,
          0.81474426,  0.9437903 ],
        ...,
        [-0.61343134, -0.53305525, -0.71261374, ...,  0.        ,
          0.15840117,  0.42657156],
        [-0.73078368, -0.66034547, -0.81474426, ..., -0.15840117,
          0.        ,  0.27791948],
        [-0.89170437, -0.8430377 , -0.9437903 , ..., -0.42657156,
         -0.27791948,  0.        ]],

       [[ 0.        , -0.28454229, -0.27309242, ..., -0.8951811 ,
         -0.88812601, -0.79481633],
        [ 0.28454229,  0.        ,  0.01192248, ..., -0.98499867,
         -0.98218963, -0.9346359 ],
        [ 0.27309242, -0.01192248,  0.        , ..., -0.9828713 ,
         -0.97987967, -0.93032977],
        ...,
        [ 0.8951811 ,  0.98499867,  0.9828713 , ...,  0.        ,
         -0.01558521, -0.18898902],
        [ 0.88812601,  0.98218963,  0.97987967, ...,  0.01558521,
          0.        , -0.17366171],
        [ 0.79481633,  0.9346359 ,  0.93032977, ...,  0.18898902,
          0.17366171,  0.        ]],

       [[ 0.        , -0.25530723, -0.72473717, ...,  0.0711142 ,
          0.23435012,  0.71764733],
        [ 0.25530723,  0.        , -0.52480619, ...,  0.32341831,
          0.47478125,  0.87166215],
        [ 0.72473717,  0.52480619,  0.        , ...,  0.77190176,
          0.86602807,  0.99918909],
        ...,
        [-0.0711142 , -0.32341831, -0.77190176, ...,  0.        ,
          0.16462295,  0.66630596],
        [-0.23435012, -0.47478125, -0.86602807, ..., -0.16462295,
          0.        ,  0.53445948],
        [-0.71764733, -0.87166215, -0.99918909, ..., -0.66630596,
         -0.53445948,  0.        ]]]), 'num': array([ 9.50958502e-01,  3.09307316e-01,  1.69524752e-04,  8.35700946e-05,
        8.52260409e-05,  8.34596981e-05,  2.61264182e-03, -1.10396426e-06,
        8.45195038e-05,  8.67715909e-05,  8.33934603e-05,  9.64946539e-07,
        9.40577550e-05,  7.94854268e-05])}
{'img': array([[[ 0.        , -0.9999941 , -0.70690215, ..., -0.14429479,
         -0.17177124, -0.24045043],
        [ 0.9999941 ,  0.        ,  0.70973639, ...,  0.99002476,
          0.98572133,  0.97148198],
        [ 0.70690215, -0.70973639,  0.        , ...,  0.5974429 ,
          0.57489962,  0.51608933],
        ...,
        [ 0.14429479, -0.99002476, -0.5974429 , ...,  0.        ,
         -0.0278235 , -0.09787267],
        [ 0.17177124, -0.98572133, -0.57489962, ...,  0.0278235 ,
          0.        , -0.07014486],
        [ 0.24045043, -0.97148198, -0.51608933, ...,  0.09787267,
          0.07014486,  0.        ]],

       [[ 0.        , -0.04218864,  0.9307219 , ..., -0.23427597,
         -0.17324556, -0.09352995],
        [ 0.04218864,  0.        ,  0.9453228 , ..., -0.19305285,
         -0.13154062, -0.05144298],
        [-0.9307219 , -0.9453228 ,  0.        , ..., -0.99050124,
         -0.98000884, -0.96084854],
        ...,
        [ 0.23427597,  0.19305285,  0.99050124, ...,  0.        ,
          0.06230925,  0.14232199],
        [ 0.17324556,  0.13154062,  0.98000884, ..., -0.06230925,
          0.        ,  0.08037048],
        [ 0.09352995,  0.05144298,  0.96084854, ..., -0.14232199,
         -0.08037048,  0.        ]],

       [[ 0.        , -0.3477436 , -0.59581968, ..., -0.25601973,
         -0.31865076, -0.33806505],
        [ 0.3477436 ,  0.        , -0.27935515, ...,  0.09611239,
          0.03085283,  0.01030312],
        [ 0.59581968,  0.27935515,  0.        , ...,  0.37034782,
          0.30884667,  0.28923325],
        ...,
        [ 0.25601973, -0.09611239, -0.37034782, ...,  0.        ,
         -0.06535664, -0.08585187],
        [ 0.31865076, -0.03085283, -0.30884667, ...,  0.06535664,
          0.        , -0.02055298],
        [ 0.33806505, -0.01030312, -0.28923325, ...,  0.08585187,
          0.02055298,  0.        ]],

       ...,

       [[ 0.        , -0.22896011,  0.13244807, ...,  0.66034547,
          0.8430377 ,  0.8218136 ],
        [ 0.22896011,  0.        ,  0.35587265, ...,  0.81474426,
          0.9437903 ,  0.93043428],
        [-0.13244807, -0.35587265,  0.        , ...,  0.55506433,
          0.76437271,  0.73911024],
        ...,
        [-0.66034547, -0.81474426, -0.55506433, ...,  0.        ,
          0.27791948,  0.24091466],
        [-0.8430377 , -0.9437903 , -0.76437271, ..., -0.27791948,
          0.        , -0.03831004],
        [-0.8218136 , -0.93043428, -0.73911024, ..., -0.24091466,
          0.03831004,  0.        ]],

       [[ 0.        ,  0.08225542, -0.25294308, ..., -0.92738203,
         -0.84715188, -0.76060679],
        [-0.08225542,  0.        , -0.3316665 , ..., -0.89346635,
         -0.80057464, -0.70462803],
        [ 0.25294308,  0.3316665 ,  0.        , ..., -0.99185463,
         -0.954005  , -0.90008663],
        ...,
        [ 0.92738203,  0.89346635,  0.99185463, ...,  0.        ,
         -0.17583236, -0.31751337],
        [ 0.84715188,  0.80057464,  0.954005  , ...,  0.17583236,
          0.        , -0.14583285],
