state_0,state_1,state_2,state_3,state_4,state_5,state_6,state_7,state_8,state_9,state_10,state_11,state_12,state_13,state_14,state_15,state_16,state_17,state_18,state_19,state_20,state_21,state_22,state_23,state_24,state_25,state_26,state_27,state_28,state_29,state_30,state_31,state_32,state_33,state_34,state_35,state_36,state_37,state_38,state_39,state_40,state_41,state_42,state_43,state_44,state_45,state_46,state_47,state_48,state_49,state_50,state_51,state_52,state_53,state_54,state_55,state_56,state_57,state_58,state_59,state_60,state_61,state_62,state_63,state_64,state_65,state_66,state_67,state_68,state_69,state_70,state_71,state_72,state_73,state_74,state_75,state_76,state_77,state_78,state_79,state_80,state_81,state_82,state_83,state_84,state_85,state_86,state_87,state_88,state_89,state_90,state_91,state_92,state_93,state_94,state_95,state_96,state_97,state_98,state_99,state_100,state_101,state_102,state_103,state_104,state_105,state_106,state_107,state_108,state_109,state_110,state_111,state_112,state_113,state_114,state_115,state_116,state_117,state_118,state_119,state_120,state_121,state_122,state_123,state_124,state_125,state_126,state_127,state_128,state_129,state_130,state_131,state_132,state_133,state_134,state_135,state_136,state_137,state_138,state_139,state_140,state_141,state_142,state_143,state_144,state_145,state_146,state_147,state_148,state_149,state_150,state_151,state_152,state_153,state_154,state_155,state_156,state_157,state_158,state_159,state_160,state_161,state_162,state_163,state_164,state_165,state_166,state_167,state_168,state_169,state_170,state_171,state_172,state_173,state_174,state_175,state_176,state_177,state_178,state_179,state_180,state_181,state_182,state_183,state_184,state_185,state_186,state_187,state_188,state_189,state_190,state_191,state_192,state_193,state_194,state_195,state_196,state_197,state_198,state_199,state_200,state_201,state_202,state_203,state_204,state_205,state_206,state_207,state_208,state_209,state_210,state_211,state_212,state_213,state_214,state_215,state_216,state_217,state_218,state_219,state_220,state_221,state_222,state_223,state_224,state_225,state_226,state_227,state_228,state_229,state_230,state_231,state_232,state_233,state_234,state_235,state_236,state_237,state_238,state_239,state_240,state_241,state_242,state_243,state_244,state_245,state_246,state_247,state_248,state_249,state_250,state_251,state_252,state_253,state_254,state_255,state_256,state_257,state_258,state_259,state_260,state_261,state_262,state_263,state_264,state_265,state_266,state_267,state_268,state_269,state_270,state_271,state_272,state_273,state_274,state_275,state_276,state_277,state_278,state_279,state_280,state_281,state_282,state_283,state_284,state_285,state_286,state_287
{'img': array([[[ 0.        ,  0.14183766,  0.16916979, ..., -0.08968536,
         -0.05937148, -0.91057979],
        [-0.14183766,  0.        ,  0.02766613, ..., -0.2300447 ,
         -0.20035868, -0.96      ],
        [-0.16916979, -0.02766613,  0.        , ..., -0.25688078,
         -0.22738713, -0.96737905],
        ...,
        [ 0.08968536,  0.2300447 ,  0.25688078, ...,  0.        ,
          0.03039492, -0.86984034],
        [ 0.05937148,  0.20035868,  0.22738713, ..., -0.03039492,
          0.        , -0.88443328],
        [ 0.91057979,  0.96      ,  0.96737905, ...,  0.86984034,
          0.88443328,  0.        ]],

       [[ 0.        ,  0.12689405,  0.06748755, ..., -0.30354626,
         -0.20515395, -0.11827382],
        [-0.12689405,  0.        , -0.05966275, ..., -0.42199925,
         -0.32769052, -0.24332112],
        [-0.06748755,  0.05966275,  0.        , ..., -0.36715748,
         -0.27073829, -0.18501803],
        ...,
        [ 0.30354626,  0.42199925,  0.36715748, ...,  0.        ,
          0.10161564,  0.1887224 ],
        [ 0.20515395,  0.32769052,  0.27073829, ..., -0.10161564,
          0.        ,  0.08795587],
        [ 0.11827382,  0.24332112,  0.18501803, ..., -0.1887224 ,
         -0.08795587,  0.        ]],

       [[ 0.        , -0.09134071, -0.27653749, ..., -0.34480085,
         -0.53564684, -0.99551059],
        [ 0.09134071,  0.        , -0.18760277, ..., -0.25762016,
         -0.45627574, -0.98270364],
        [ 0.27653749,  0.18760277,  0.        , ..., -0.07177563,
         -0.28123839, -0.93051446],
        ...,
        [ 0.34480085,  0.25762016,  0.07177563, ...,  0.        ,
         -0.2116344 , -0.90182629],
        [ 0.53564684,  0.45627574,  0.28123839, ...,  0.2116344 ,
          0.        , -0.78995197],
        [ 0.99551059,  0.98270364,  0.93051446, ...,  0.90182629,
          0.78995197,  0.        ]],

       ...,

       [[ 0.        , -0.01579995, -0.01579995, ..., -0.84438703,
         -0.75708357, -0.8197796 ],
        [ 0.01579995,  0.        ,  0.        , ..., -0.83581707,
         -0.74666667, -0.81062897],
        [ 0.01579995,  0.        ,  0.        , ..., -0.83581707,
         -0.74666667, -0.81062897],
        ...,
        [ 0.84438703,  0.83581707,  0.83581707, ...,  0.        ,
          0.14605815,  0.04437934],
        [ 0.75708357,  0.74666667,  0.74666667, ..., -0.14605815,
          0.        , -0.10201084],
        [ 0.8197796 ,  0.81062897,  0.81062897, ..., -0.04437934,
          0.10201084,  0.        ]],

       [[ 0.        , -0.23550343, -0.40503115, ..., -0.48297717,
         -0.49478584, -0.57925436],
        [ 0.23550343,  0.        , -0.17831759, ..., -0.67560729,
         -0.68552525, -0.75493185],
        [ 0.40503115,  0.17831759,  0.        , ..., -0.79624604,
         -0.80436225, -0.8597738 ],
        ...,
        [ 0.48297717,  0.67560729,  0.79624604, ...,  0.        ,
          0.0135364 ,  0.11351688],
        [ 0.49478584,  0.68552525,  0.80436225, ..., -0.0135364 ,
          0.        ,  0.10005758],
        [ 0.57925436,  0.75493185,  0.8597738 , ..., -0.11351688,
         -0.10005758,  0.        ]],

       [[ 0.        ,  0.50699688,  0.73650526, ...,  0.58842684,
          0.64205808,  0.75493763],
        [-0.50699688,  0.        ,  0.29188034, ...,  0.91712584,
          0.9421128 ,  0.98320372],
        [-0.73650526, -0.29188034,  0.        , ...,  0.99353231,
          0.99895469,  0.99366147],
        ...,
        [-0.58842684, -0.91712584, -0.99353231, ...,  0.        ,
         -0.06801539, -0.22451685],
        [-0.64205808, -0.9421128 , -0.99895469, ...,  0.06801539,
          0.        , -0.15771796],
        [-0.75493763, -0.98320372, -0.99366147, ...,  0.22451685,
          0.15771796,  0.        ]]]), 'num': array([7.25548586e-01, 6.88170689e-01, 1.01295114e-05, 6.12752409e-05,
       6.22715862e-05, 6.04449530e-05, 5.66023810e-04, 1.66057563e-07,
       6.21055287e-05, 6.39446162e-05, 6.43057914e-05, 3.53893168e-07,
       6.64844149e-05, 6.14048175e-05])}
{'img': array([[[ 0.        ,  0.02766613,  0.02766613, ..., -0.20035868,
         -0.96      , -0.81857992],
        [-0.02766613,  0.        ,  0.        , ..., -0.22738713,
         -0.96737905, -0.83415781],
        [-0.02766613,  0.        ,  0.        , ..., -0.22738713,
         -0.96737905, -0.83415781],
        ...,
        [ 0.20035868,  0.22738713,  0.22738713, ...,  0.        ,
         -0.88443328, -0.68689671],
        [ 0.96      ,  0.96737905,  0.96737905, ...,  0.88443328,
          0.        ,  0.32221456],
        [ 0.81857992,  0.83415781,  0.83415781, ...,  0.68689671,
         -0.32221456,  0.        ]],

       [[ 0.        , -0.05966275, -0.05821302, ..., -0.32769052,
         -0.24332112, -0.64197978],
        [ 0.05966275,  0.        ,  0.00145225, ..., -0.27073829,
         -0.18501803, -0.59509144],
        [ 0.05821302, -0.00145225,  0.        , ..., -0.27213602,
         -0.18644501, -0.59625792],
        ...,
        [ 0.32769052,  0.27073829,  0.27213602, ...,  0.        ,
          0.08795587, -0.35528556],
        [ 0.24332112,  0.18501803,  0.18644501, ..., -0.08795587,
          0.        , -0.43612604],
        [ 0.64197978,  0.59509144,  0.59625792, ...,  0.35528556,
          0.43612604,  0.        ]],

       [[ 0.        , -0.17183188, -0.33107577, ..., -0.41195864,
         -0.81093177, -0.99418427],
        [ 0.17183188,  0.        , -0.16401016, ..., -0.24925764,
         -0.69832438, -0.96089209],
        [ 0.33107577,  0.16401016,  0.        , ..., -0.08704881,
         -0.5714727 , -0.90246212],
        ...,
        [ 0.41195864,  0.24925764,  0.08704881, ...,  0.        ,
         -0.49786932, -0.86153846],
        [ 0.81093177,  0.69832438,  0.5714727 , ...,  0.49786932,
          0.        , -0.49440658],
        [ 0.99418427,  0.96089209,  0.90246212, ...,  0.86153846,
          0.49440658,  0.        ]],

       ...,

       [[ 0.        ,  0.        , -0.94875547, ..., -0.74666667,
         -0.81062897, -0.86096642],
        [ 0.        ,  0.        , -0.94875547, ..., -0.74666667,
         -0.81062897, -0.86096642],
        [ 0.94875547,  0.94875547,  0.        , ...,  0.86706561,
          0.8117212 ,  0.75467067],
        ...,
        [ 0.74666667,  0.74666667, -0.86706561, ...,  0.        ,
         -0.10201084, -0.19291266],
        [ 0.81062897,  0.81062897, -0.8117212 , ...,  0.10201084,
          0.        , -0.09181164],
        [ 0.86096642,  0.86096642, -0.75467067, ...,  0.19291266,
          0.09181164,  0.        ]],

       [[ 0.        , -0.33671059, -0.42697905, ..., -0.49805299,
         -0.58294707, -0.54249293],
        [ 0.33671059,  0.        , -0.09757255, ..., -0.76094821,
         -0.8224885 , -0.79367301],
        [ 0.42697905,  0.09757255,  0.        , ..., -0.82062358,
         -0.87406141, -0.84924366],
        ...,
        [ 0.49805299,  0.76094821,  0.82062358, ...,  0.        ,
          0.10082746,  0.05202632],
        [ 0.58294707,  0.8224885 ,  0.87406141, ..., -0.10082746,
          0.        , -0.04892972],
        [ 0.54249293,  0.79367301,  0.84924366, ..., -0.05202632,
          0.04892972,  0.        ]],

       [[ 0.        ,  0.59902672,  0.75317842, ...,  0.66216851,
          0.77637115,  0.82771028],
        [-0.59902672,  0.        ,  0.2090423 , ...,  0.9791012 ,
          0.99921509,  0.9989189 ],
        [-0.75317842, -0.2090423 ,  0.        , ...,  0.99998322,
          0.98541987,  0.96713165],
        ...,
        [-0.66216851, -0.9791012 , -0.99998322, ...,  0.        ,
         -0.16442864, -0.24866919],
        [-0.77637115, -0.99921509, -0.98541987, ...,  0.16442864,
          0.        , -0.08602086],
        [-0.82771028, -0.9989189 , -0.96713165, ...,  0.24866919,
          0.08602086,  0.        ]]]), 'num': array([7.07106345e-01, 7.07106345e-01, 0.00000000e+00, 4.23596725e-05,
       4.27488034e-05, 4.14702306e-05, 1.10462019e-03, 1.33416291e-06,
       4.16592370e-05, 4.27432444e-05, 4.30536226e-05, 4.76486755e-07,
       4.43978888e-05, 4.10885999e-05])}
{'img': array([[[ 0.        ,  0.        ,  0.84356482, ..., -0.96737905,
         -0.83415781, -0.05553594],
        [ 0.        ,  0.        ,  0.84356482, ..., -0.96737905,
         -0.83415781, -0.05553594],
        [-0.84356482, -0.84356482,  0.        , ..., -0.73321211,
         -0.91321337, -0.87208726],
        ...,
        [ 0.96737905,  0.96737905,  0.73321211, ...,  0.        ,
          0.32221456,  0.95181698],
        [ 0.83415781,  0.83415781,  0.91321337, ..., -0.32221456,
          0.        ,  0.80224094],
        [ 0.05553594,  0.05553594,  0.87208726, ..., -0.95181698,
         -0.80224094,  0.        ]],

       [[ 0.        ,  0.00145225,  0.64117701, ..., -0.18501803,
         -0.59509144, -0.12759509],
        [-0.00145225,  0.        ,  0.64006189, ..., -0.18644501,
         -0.59625792, -0.12903534],
        [-0.64117701, -0.64006189,  0.        , ..., -0.77208872,
         -0.97195605, -0.73385183],
        ...,
        [ 0.18501803,  0.18644501,  0.77208872, ...,  0.        ,
         -0.43612604,  0.05811358],
        [ 0.59509144,  0.59625792,  0.97195605, ...,  0.43612604,
          0.        ,  0.48768455],
        [ 0.12759509,  0.12903534,  0.73385183, ..., -0.05811358,
         -0.48768455,  0.        ]],

       [[ 0.        , -0.16401016,  0.11031636, ..., -0.69832438,
         -0.96089209, -0.81950695],
        [ 0.16401016,  0.        ,  0.27183165, ..., -0.5714727 ,
         -0.90246212, -0.71442054],
        [-0.11031636, -0.27183165,  0.        , ..., -0.77302457,
         -0.98557645, -0.87772402],
        ...,
        [ 0.69832438,  0.5714727 ,  0.77302457, ...,  0.        ,
         -0.49440658, -0.18639964],
        [ 0.96089209,  0.90246212,  0.98557645, ...,  0.49440658,
          0.        ,  0.32371731],
        [ 0.81950695,  0.71442054,  0.87772402, ...,  0.18639964,
         -0.32371731,  0.        ]],

       ...,

       [[ 0.        , -0.94875547, -0.75424237, ..., -0.81062897,
         -0.86096642, -0.34864677],
        [ 0.94875547,  0.        ,  0.86129816, ...,  0.8117212 ,
          0.75467067,  0.99940132],
        [ 0.75424237, -0.86129816,  0.        , ..., -0.09060156,
         -0.18165292,  0.47799671],
        ...,
        [ 0.81062897, -0.8117212 ,  0.09060156, ...,  0.        ,
         -0.09181164,  0.55561175],
        [ 0.86096642, -0.75467067,  0.18165292, ...,  0.09181164,
          0.        ,  0.6296011 ],
        [ 0.34864677, -0.99940132, -0.47799671, ..., -0.55561175,
         -0.6296011 ,  0.        ]],

       [[ 0.        , -0.27469936, -0.26162119, ..., -0.59072689,
         -0.54986985, -0.49522222],
        [ 0.27469936,  0.        ,  0.01357509, ..., -0.78964884,
         -0.75815919, -0.71482067],
        [ 0.26162119, -0.01357509,  0.        , ..., -0.78124695,
         -0.74923742, -0.70526163],
        ...,
        [ 0.59072689,  0.78964884,  0.78124695, ...,  0.        ,
         -0.04973049, -0.11362291],
        [ 0.54986985,  0.75815919,  0.74923742, ...,  0.04973049,
          0.        , -0.06407388],
        [ 0.49522222,  0.71482067,  0.70526163, ...,  0.11362291,
          0.06407388,  0.        ]],

       [[ 0.        ,  0.54061155,  0.70504244, ...,  0.80786916,
          0.85863195,  0.86307911],
        [-0.54061155,  0.        ,  0.20974985, ...,  0.99825382,
          0.99945679,  0.99913059],
        [-0.70504244, -0.20974985,  0.        , ...,  0.98843776,
          0.97031136,  0.9681605 ],
        ...,
        [-0.80786916, -0.99825382, -0.98843776, ...,  0.        ,
         -0.09193719, -0.10063646],
        [-0.85863195, -0.99945679, -0.97031136, ...,  0.09193719,
          0.        , -0.0087398 ],
        [-0.86307911, -0.99913059, -0.9681605 , ...,  0.10063646,
          0.0087398 ,  0.        ]]]), 'num': array([ 8.46672120e-01,  5.32113953e-01,  8.29968778e-05,  5.05557967e-05,
        5.11560634e-05,  5.01556188e-05,  1.01758547e-03, -2.66785207e-07,
        5.00222262e-05,  5.11827419e-05,  5.16485044e-05,  5.36636910e-07,
        5.31016491e-05,  4.92638347e-05])}
{'img': array([[[ 0.        ,  0.84356482,  0.08181965, ..., -0.83415781,
         -0.05553594, -0.16916979],
        [-0.84356482,  0.        , -0.79679709, ..., -0.91321337,
         -0.87208726, -0.92225526],
        [-0.08181965,  0.79679709,  0.        , ..., -0.87648665,
         -0.13704311, -0.24924297],
        ...,
        [ 0.83415781,  0.91321337,  0.87648665, ...,  0.        ,
          0.80224094,  0.72883352],
        [ 0.05553594,  0.87208726,  0.13704311, ..., -0.80224094,
          0.        , -0.11417321],
        [ 0.16916979,  0.92225526,  0.24924297, ..., -0.72883352,
          0.11417321,  0.        ]],

       [[ 0.        ,  0.64006189,  0.14648815, ..., -0.59625792,
         -0.12903534, -0.25939744],
        [-0.64006189,  0.        , -0.52060691, ..., -0.97195605,
         -0.73385183, -0.8174541 ],
        [-0.14648815,  0.52060691,  0.        , ..., -0.7074254 ,
         -0.27290687, -0.39807313],
        ...,
        [ 0.59625792,  0.97195605,  0.7074254 , ...,  0.        ,
          0.48768455,  0.36760598],
        [ 0.12903534,  0.73385183,  0.27290687, ..., -0.48768455,
          0.        , -0.13261033],
        [ 0.25939744,  0.8174541 ,  0.39807313, ..., -0.36760598,
          0.13261033,  0.        ]],

       [[ 0.        ,  0.27183165,  0.33836376, ..., -0.90246212,
         -0.71442054, -0.66736148],
        [-0.27183165,  0.        ,  0.06982484, ..., -0.98557645,
         -0.87772402, -0.84467412],
        [-0.33836376, -0.06982484,  0.        , ..., -0.99498744,
         -0.90903946, -0.8799884 ],
        ...,
        [ 0.90246212,  0.98557645,  0.99498744, ...,  0.        ,
          0.32371731,  0.38461538],
        [ 0.71442054,  0.87772402,  0.90903946, ..., -0.32371731,
          0.        ,  0.06508934],
        [ 0.66736148,  0.84467412,  0.8799884 , ..., -0.38461538,
         -0.06508934,  0.        ]],

       ...,

       [[ 0.        ,  0.86129816,  0.86778627, ...,  0.75467067,
          0.99940132,  0.99388906],
        [-0.86129816,  0.        ,  0.01291064, ..., -0.18165292,
          0.47799671,  0.40992172],
        [-0.86778627, -0.01291064,  0.        , ..., -0.19433363,
          0.46661666,  0.39811149],
        ...,
        [-0.75467067,  0.18165292,  0.19433363, ...,  0.        ,
          0.6296011 ,  0.56879113],
        [-0.99940132, -0.47799671, -0.46661666, ..., -0.6296011 ,
          0.        , -0.07593119],
        [-0.99388906, -0.40992172, -0.39811149, ..., -0.56879113,
          0.07593119,  0.        ]],

       [[ 0.        ,  0.08600146, -0.15982205, ..., -0.62380778,
         -0.57194576, -0.49663222],
        [-0.08600146,  0.        , -0.2441259 , ..., -0.55427975,
         -0.49928045, -0.42014628],
        [ 0.15982205,  0.2441259 ,  0.        , ..., -0.74070263,
         -0.69569454, -0.62896775],
        ...,
        [ 0.62380778,  0.55427975,  0.74070263, ...,  0.        ,
         -0.06468408, -0.15328417],
        [ 0.57194576,  0.49928045,  0.69569454, ...,  0.06468408,
          0.        , -0.08904351],
        [ 0.49663222,  0.42014628,  0.62896775, ...,  0.15328417,
          0.08904351,  0.        ]],

       [[ 0.        ,  0.5161397 ,  0.69056068, ...,  0.88235976,
          0.88666988,  0.8916659 ],
        [-0.5161397 ,  0.        ,  0.21815761, ...,  0.9986277 ,
          0.99810121,  0.99736916],
        [-0.69056068, -0.21815761,  0.        , ...,  0.96314918,
          0.96062301,  0.9575319 ],
        ...,
        [-0.88235976, -0.9986277 , -0.96314918, ...,  0.        ,
         -0.00923927, -0.02015704],
        [-0.88666988, -0.99810121, -0.96062301, ...,  0.00923927,
          0.        , -0.01091879],
        [-0.8916659 , -0.99736916, -0.9575319 , ...,  0.02015704,
          0.01091879,  0.        ]]]), 'num': array([ 9.92617018e-01,  1.21285356e-01,  2.37420063e-04,  5.90453093e-05,
        6.15390486e-05,  5.90453093e-05,  1.10979440e-03, -1.93063682e-06,
        5.99784505e-05,  6.15108934e-05,  6.22536523e-05,  4.87087271e-07,
        6.39605309e-05,  5.90612560e-05])}
{'img': array([[[ 0.        , -0.78488262, -0.8164396 , ..., -0.86005922,
         -0.91083714, -0.72541507],
        [ 0.78488262,  0.        , -0.05268686, ..., -0.13248837,
         -0.2404224 , -0.98974332],
        [ 0.8164396 ,  0.05268686,  0.        , ..., -0.08008195,
         -0.18894701, -0.98084195],
        ...,
        [ 0.86005922,  0.13248837,  0.08008195, ...,  0.        ,
         -0.10970071, -0.96209139],
        [ 0.91083714,  0.2404224 ,  0.18894701, ...,  0.10970071,
          0.        , -0.92636647],
        [ 0.72541507,  0.98974332,  0.98084195, ...,  0.96209139,
          0.92636647,  0.        ]],

       [[ 0.        , -0.52060691, -0.82942229, ..., -0.73385183,
         -0.8174541 , -0.84399929],
        [ 0.52060691,  0.        , -0.41733531, ..., -0.27290687,
         -0.39807313, -0.44137909],
        [ 0.82942229,  0.41733531,  0.        , ...,  0.15348864,
          0.02109411, -0.02662076],
        ...,
        [ 0.73385183,  0.27290687, -0.15348864, ...,  0.        ,
         -0.13261033, -0.17973955],
        [ 0.8174541 ,  0.39807313, -0.02109411, ...,  0.13261033,
          0.        , -0.04770147],
        [ 0.84399929,  0.44137909,  0.02662076, ...,  0.17973955,
          0.04770147,  0.        ]],

       [[ 0.        ,  0.06637797,  0.08105813, ..., -0.79434354,
         -0.76826018, -0.99305547],
        [-0.06637797,  0.        ,  0.01471982, ..., -0.8329142 ,
         -0.80905686, -0.99867451],
        [-0.08105813, -0.01471982,  0.        , ..., -0.84096994,
         -0.81762049, -0.99932395],
        ...,
        [ 0.79434354,  0.8329142 ,  0.84096994, ...,  0.        ,
          0.04179518, -0.50979803],
        [ 0.76826018,  0.80905686,  0.81762049, ..., -0.04179518,
          0.        , -0.54530871],
        [ 0.99305547,  0.99867451,  0.99932395, ...,  0.50979803,
          0.54530871,  0.        ]],

       ...,

       [[ 0.        ,  0.02323787, -0.03692251, ...,  0.65298772,
          0.57751667,  0.2038123 ],
        [-0.02323787,  0.        , -0.06013455, ...,  0.63521176,
          0.55838982,  0.18100716],
        [ 0.03692251,  0.06013455,  0.        , ...,  0.68050641,
          0.60726564,  0.23982083],
        ...,
        [-0.65298772, -0.63521176, -0.68050641, ...,  0.        ,
         -0.09569245, -0.48492048],
        [-0.57751667, -0.55838982, -0.60726564, ...,  0.09569245,
          0.        , -0.39900653],
        [-0.2038123 , -0.18100716, -0.23982083, ...,  0.48492048,
          0.39900653,  0.        ]],

       [[ 0.        , -0.2441259 , -0.3845179 , ..., -0.49928045,
         -0.42014628, -0.37987935],
        [ 0.2441259 ,  0.        , -0.14752686, ..., -0.69569454,
         -0.62896775, -0.5942108 ],
        [ 0.3845179 ,  0.14752686,  0.        , ..., -0.79405639,
         -0.73677762, -0.70636621],
        ...,
        [ 0.49928045,  0.69569454,  0.79405639, ...,  0.        ,
         -0.08904351, -0.13270958],
        [ 0.42014628,  0.62896775,  0.73677762, ...,  0.08904351,
          0.        , -0.0439265 ],
        [ 0.37987935,  0.5942108 ,  0.70636621, ...,  0.13270958,
          0.0439265 ,  0.        ]],

       [[ 0.        ,  0.51619308,  0.7294029 , ...,  0.90713011,
          0.91190969,  0.94783785],
        [-0.51619308,  0.        ,  0.27159373, ...,  0.99417177,
          0.9928663 ,  0.97633485],
        [-0.7294029 , -0.27159373,  0.        , ...,  0.92752294,
          0.92316349,  0.88090034],
        ...,
        [-0.90713011, -0.99417177, -0.92752294, ...,  0.        ,
         -0.01149949, -0.10974748],
        [-0.91190969, -0.9928663 , -0.92316349, ...,  0.01149949,
          0.        , -0.0983102 ],
        [-0.94783785, -0.97633485, -0.88090034, ...,  0.10974748,
          0.0983102 ,  0.        ]]]), 'num': array([9.93326042e-01, 1.15335477e-01, 2.35386202e-04, 5.91996853e-05,
       5.91996853e-05, 5.79299870e-05, 1.00841030e-03, 9.52273759e-07,
       5.93266552e-05, 6.05368364e-05, 6.13423013e-05, 5.90252330e-07,
       6.29486759e-05, 5.81249970e-05])}
{'img': array([[[ 0.        , -0.05268686,  0.02619367, ..., -0.2404224 ,
         -0.98974332, -0.57762117],
        [ 0.05268686,  0.        ,  0.07882607, ..., -0.18894701,
         -0.98084195, -0.53381036],
        [-0.02619367, -0.07882607,  0.        , ..., -0.26576528,
         -0.99314568, -0.598805  ],
        ...,
        [ 0.2404224 ,  0.18894701,  0.26576528, ...,  0.        ,
         -0.92636647, -0.3644206 ],
        [ 0.98974332,  0.98084195,  0.99314568, ...,  0.92636647,
          0.        ,  0.72541507],
        [ 0.57762117,  0.53381036,  0.598805  , ...,  0.3644206 ,
         -0.72541507,  0.        ]],

       [[ 0.        , -0.41733531, -0.31136951, ..., -0.39807313,
         -0.44137909, -0.47522549],
        [ 0.41733531,  0.        ,  0.11363128, ...,  0.02109411,
         -0.02662076, -0.06466405],
        [ 0.31136951, -0.11363128,  0.        , ..., -0.09264851,
         -0.14003934, -0.17763868],
        ...,
        [ 0.39807313, -0.02109411,  0.09264851, ...,  0.        ,
         -0.04770147, -0.08569963],
        [ 0.44137909,  0.02662076,  0.14003934, ...,  0.04770147,
          0.        , -0.03807609],
        [ 0.47522549,  0.06466405,  0.17763868, ...,  0.08569963,
          0.03807609,  0.        ]],

       [[ 0.        ,  0.01471982,  0.044126  , ..., -0.80905686,
         -0.99867451, -0.90587072],
        [-0.01471982,  0.        ,  0.02941574, ..., -0.81762049,
         -0.99932395, -0.91200722],
        [-0.044126  , -0.02941574,  0.        , ..., -0.83420301,
         -0.99997297, -0.92367814],
        ...,
        [ 0.80905686,  0.81762049,  0.83420301, ...,  0.        ,
         -0.54530871, -0.18972824],
        [ 0.99867451,  0.99932395,  0.99997297, ...,  0.54530871,
          0.        ,  0.37636717],
        [ 0.90587072,  0.91200722,  0.92367814, ...,  0.18972824,
         -0.37636717,  0.        ]],

       ...,

       [[ 0.        , -0.06013455,  0.17305638, ...,  0.55838982,
          0.18100716,  0.45923641],
        [ 0.06013455,  0.        ,  0.23197043, ...,  0.60726564,
          0.23982083,  0.51182369],
        [-0.17305638, -0.23197043,  0.        , ...,  0.40640091,
          0.00807832,  0.298579  ],
        ...,
        [-0.55838982, -0.60726564, -0.40640091, ...,  0.        ,
         -0.39900653, -0.1150528 ],
        [-0.18100716, -0.23982083, -0.00807832, ...,  0.39900653,
          0.        ,  0.29085943],
        [-0.45923641, -0.51182369, -0.298579  , ...,  0.1150528 ,
         -0.29085943,  0.        ]],

       [[ 0.        , -0.30404464, -0.40737917, ..., -0.42320305,
         -0.38267132, -0.29684221],
        [ 0.30404464,  0.        , -0.1104214 , ..., -0.67864273,
         -0.64545696, -0.57312934],
        [ 0.40737917,  0.1104214 ,  0.        , ..., -0.75559377,
         -0.72584939, -0.66011104],
        ...,
        [ 0.42320305,  0.67864273,  0.75559377, ...,  0.        ,
         -0.0442772 , -0.13517843],
        [ 0.38267132,  0.64545696,  0.72584939, ...,  0.0442772 ,
          0.        , -0.09117507],
        [ 0.29684221,  0.57312934,  0.66011104, ...,  0.13517843,
          0.09117507,  0.        ]],

       [[ 0.        ,  0.58046605,  0.75583247, ...,  0.93108316,
          0.96394977,  0.97382525],
        [-0.58046605,  0.        ,  0.23539374, ...,  0.96992462,
          0.93938219,  0.92490953],
        [-0.75583247, -0.23539374,  0.        , ...,  0.8853737 ,
          0.83227575,  0.80942595],
        ...,
        [-0.93108316, -0.96992462, -0.8853737 , ...,  0.        ,
         -0.10390907, -0.14362494],
        [-0.96394977, -0.93938219, -0.83227575, ...,  0.10390907,
          0.        , -0.0400157 ],
        [-0.97382525, -0.92490953, -0.80942595, ...,  0.14362494,
          0.0400157 ,  0.        ]]]), 'num': array([ 9.81756743e-01,  1.90137776e-01,  2.13951072e-04,  5.84263759e-05,
        6.00054671e-05,  5.79526485e-05,  1.11818609e-03, -4.73727372e-07,
        5.90580124e-05,  6.01160035e-05,  6.09963468e-05,  5.51428687e-07,
        6.26279004e-05,  5.76041066e-05])}
{'img': array([[[ 0.        ,  0.07882607,  0.15644266, ..., -0.98084195,
         -0.53381036, -0.72354882],
        [-0.07882607,  0.        ,  0.07810038, ..., -0.99314568,
         -0.598805  , -0.77570894],
        [-0.15644266, -0.07810038,  0.        , ..., -0.99924073,
         -0.65952615, -0.82262797],
        ...,
        [ 0.98084195,  0.99314568,  0.99924073, ...,  0.        ,
          0.72541507,  0.53609786],
        [ 0.53381036,  0.598805  ,  0.65952615, ..., -0.72541507,
          0.        , -0.24336095],
        [ 0.72354882,  0.77570894,  0.82262797, ..., -0.53609786,
          0.24336095,  0.        ]],

       [[ 0.        ,  0.11363128, -0.1404412 , ..., -0.02662076,
         -0.06466405, -0.01432232],
        [-0.11363128,  0.        , -0.25203665, ..., -0.14003934,
         -0.17763868, -0.12784918],
        [ 0.1404412 ,  0.25203665,  0.        , ...,  0.11403451,
          0.07612411,  0.12624643],
        ...,
        [ 0.02662076,  0.14003934, -0.11403451, ...,  0.        ,
         -0.03807609,  0.01230078],
        [ 0.06466405,  0.17763868, -0.07612411, ...,  0.03807609,
          0.        ,  0.05036507],
        [ 0.01432232,  0.12784918, -0.12624643, ..., -0.01230078,
         -0.05036507,  0.        ]],

       [[ 0.        ,  0.02941574,  0.08081673, ..., -0.99932395,
         -0.91200722, -0.89604857],
        [-0.02941574,  0.        ,  0.05146224, ..., -0.99997297,
         -0.92367814, -0.90872011],
        [-0.08081673, -0.05146224,  0.        , ..., -0.99902634,
         -0.94217296, -0.92899665],
        ...,
        [ 0.99932395,  0.99997297,  0.99902634, ...,  0.        ,
          0.37636717,  0.41071294],
        [ 0.91200722,  0.92367814,  0.94217296, ..., -0.37636717,
          0.        ,  0.03735516],
        [ 0.89604857,  0.90872011,  0.92899665, ..., -0.41071294,
         -0.03735516,  0.        ]],

       ...,

       [[ 0.        ,  0.23197043,  0.44700914, ...,  0.23982083,
          0.51182369,  0.43204979],
        [-0.23197043,  0.        ,  0.22731163, ...,  0.00807832,
          0.298579  ,  0.21106222],
        [-0.44700914, -0.22731163,  0.        , ..., -0.21943737,
          0.07382002, -0.01665384],
        ...,
        [-0.23982083, -0.00807832,  0.21943737, ...,  0.        ,
          0.29085943,  0.203159  ],
        [-0.51182369, -0.298579  , -0.07382002, ..., -0.29085943,
          0.        , -0.09041819],
        [-0.43204979, -0.21106222,  0.01665384, ..., -0.203159  ,
          0.09041819,  0.        ]],

       [[ 0.        , -0.2812105 , -0.40847066, ..., -0.38709668,
         -0.30033515, -0.29880273],
        [ 0.2812105 ,  0.        , -0.13530637, ..., -0.63076291,
         -0.55644352, -0.55510825],
        [ 0.40847066,  0.13530637,  0.        , ..., -0.72995674,
         -0.66375045, -0.66254824],
        ...,
        [ 0.38709668,  0.63076291,  0.72995674, ...,  0.        ,
         -0.09230511, -0.09390432],
        [ 0.30033515,  0.55644352,  0.66375045, ...,  0.09230511,
          0.        , -0.00160618],
        [ 0.29880273,  0.55510825,  0.66254824, ...,  0.09390432,
          0.00160618,  0.        ]],

       [[ 0.        ,  0.56636908,  0.77331155, ...,  0.98159812,
          0.98895712,  0.99697942],
        [-0.56636908,  0.        ,  0.27823319, ...,  0.91713875,
          0.89898771,  0.86565003],
        [-0.77331155, -0.27823319,  0.        , ...,  0.77002933,
          0.74163101,  0.69217125],
        ...,
        [-0.98159812, -0.91713875, -0.77002933, ...,  0.        ,
         -0.04337499, -0.11414468],
        [-0.98895712, -0.89898771, -0.74163101, ...,  0.04337499,
          0.        , -0.07094575],
        [-0.99697942, -0.86565003, -0.69217125, ...,  0.11414468,
          0.07094575,  0.        ]]]), 'num': array([9.83578367e-01, 1.80479974e-01, 2.17053620e-04, 5.85348683e-05,
       5.93258800e-05, 5.77438565e-05, 7.07465074e-04, 0.00000000e+00,
       5.88196325e-05, 6.00971164e-05, 6.10766526e-05, 5.52452639e-07,
       6.26796819e-05, 5.75145509e-05])}
{'img': array([[[ 0.        ,  0.07810038, -0.02619367, ..., -0.598805  ,
         -0.77570894, -0.77570894],
        [-0.07810038,  0.        , -0.10418725, ..., -0.65952615,
         -0.82262797, -0.82262797],
        [ 0.02619367,  0.10418725,  0.        , ..., -0.57762117,
         -0.7589122 , -0.7589122 ],
        ...,
        [ 0.598805  ,  0.65952615,  0.57762117, ...,  0.        ,
         -0.24336095, -0.24336095],
        [ 0.77570894,  0.82262797,  0.7589122 , ...,  0.24336095,
          0.        ,  0.        ],
        [ 0.77570894,  0.82262797,  0.7589122 , ...,  0.24336095,
          0.        ,  0.        ]],

       [[ 0.        , -0.25203665, -0.0811331 , ..., -0.17763868,
         -0.12784918, -0.33102755],
        [ 0.25203665,  0.        ,  0.17269182, ...,  0.07612411,
          0.12624643, -0.08251412],
        [ 0.0811331 , -0.17269182,  0.        , ..., -0.09721032,
         -0.04696041, -0.25337734],
        ...,
        [ 0.17763868, -0.07612411,  0.09721032, ...,  0.        ,
          0.05036507, -0.1581392 ],
        [ 0.12784918, -0.12624643,  0.04696041, ..., -0.05036507,
          0.        , -0.20766983],
        [ 0.33102755,  0.08251412,  0.25337734, ...,  0.1581392 ,
          0.20766983,  0.        ]],

       [[ 0.        ,  0.04970045, -0.17692862, ..., -0.87237487,
         -0.85884863, -0.99959752],
        [-0.04970045,  0.        , -0.22562633, ..., -0.8955922 ,
         -0.88324527, -0.99695225],
        [ 0.17692862,  0.22562633,  0.        , ..., -0.77212267,
         -0.75467111, -0.98884681],
        ...,
        [ 0.87237487,  0.8955922 ,  0.77212267, ...,  0.        ,
          0.02701871, -0.51338897],
        [ 0.85884863,  0.88324527,  0.75467111, ..., -0.02701871,
          0.        , -0.53638781],
        [ 0.99959752,  0.99695225,  0.98884681, ...,  0.51338897,
          0.53638781,  0.        ]],

       ...,

       [[ 0.        ,  0.22731163,  0.55811202, ...,  0.298579  ,
          0.21106222,  0.21106222],
        [-0.22731163,  0.        ,  0.35488643, ...,  0.07382002,
         -0.01665384, -0.01665384],
        [-0.55811202, -0.35488643,  0.        , ..., -0.28490312,
         -0.37040705, -0.37040705],
        ...,
        [-0.298579  , -0.07382002,  0.28490312, ...,  0.        ,
         -0.09041819, -0.09041819],
        [-0.21106222,  0.01665384,  0.37040705, ...,  0.09041819,
          0.        ,  0.        ],
        [-0.21106222,  0.01665384,  0.37040705, ...,  0.09041819,
          0.        ,  0.        ]],

       [[ 0.        , -0.30559972, -0.89539458, ..., -0.30333789,
         -0.30179093, -0.25245406],
        [ 0.30559972,  0.        , -0.71648349, ..., -0.58002702,
         -0.57870414, -0.53607768],
        [ 0.89539458,  0.71648349,  0.        , ..., -0.98827467,
         -0.98802555, -0.97880287],
        ...,
        [ 0.30333789,  0.58002702,  0.98827467, ...,  0.        ,
         -0.00162303, -0.05295323],
        [ 0.30179093,  0.57870414,  0.98802555, ...,  0.00162303,
          0.        , -0.05133241],
        [ 0.25245406,  0.53607768,  0.97880287, ...,  0.05295323,
          0.05133241,  0.        ]],

       [[ 0.        ,  0.61110908,  0.88411081, ...,  0.99781376,
          0.99993675,  0.99694168],
        [-0.61110908,  0.        ,  0.41425733, ...,  0.83020321,
          0.7846233 ,  0.74136798],
        [-0.88411081, -0.41425733,  0.        , ...,  0.52468534,
          0.4573043 ,  0.39675577],
        ...,
        [-0.99781376, -0.83020321, -0.52468534, ...,  0.        ,
         -0.07730663, -0.14386468],
        [-0.99993675, -0.7846233 , -0.4573043 , ...,  0.07730663,
          0.        , -0.06693171],
        [-0.99694168, -0.74136798, -0.39675577, ...,  0.14386468,
          0.06693171,  0.        ]]]), 'num': array([9.97886443e-01, 6.49068634e-02, 2.44235492e-04, 5.95126350e-05,
       6.03694924e-05, 5.81105049e-05, 3.10777473e-03, 1.86950686e-06,
       5.80170296e-05, 5.91426285e-05, 6.01409971e-05, 7.06258147e-07,
       6.16401073e-05, 5.66451496e-05])}
{'img': array([[[ 0.        , -0.10418725, -0.36662768, ..., -0.82262797,
         -0.82262797, -0.18261196],
        [ 0.10418725,  0.        , -0.26769992, ..., -0.7589122 ,
         -0.7589122 , -0.07918279],
        [ 0.36662768,  0.26769992,  0.        , ..., -0.55688937,
         -0.55688937,  0.19056658],
        ...,
        [ 0.82262797,  0.7589122 ,  0.55688937, ...,  0.        ,
          0.        ,  0.70496603],
        [ 0.82262797,  0.7589122 ,  0.55688937, ...,  0.        ,
          0.        ,  0.70496603],
        [ 0.18261196,  0.07918279, -0.19056658, ..., -0.70496603,
         -0.70496603,  0.        ]],

       [[ 0.        ,  0.17269182,  0.38123329, ...,  0.12624643,
         -0.08251412,  0.67183071],
        [-0.17269182,  0.        ,  0.21585567, ..., -0.04696041,
         -0.25337734,  0.53382341],
        [-0.38123329, -0.21585567,  0.        , ..., -0.26147085,
         -0.4562158 ,  0.33871199],
        ...,
        [-0.12624643,  0.04696041,  0.26147085, ...,  0.        ,
         -0.20766983,  0.572944  ],
        [ 0.08251412,  0.25337734,  0.4562158 , ...,  0.20766983,
          0.        ,  0.73065829],
        [-0.67183071, -0.53382341, -0.33871199, ..., -0.572944  ,
         -0.73065829,  0.        ]],

       [[ 0.        , -0.22562633, -0.2952934 , ..., -0.88324527,
         -0.99695225, -0.97704441],
        [ 0.22562633,  0.        , -0.07211406, ..., -0.75467111,
         -0.98884681, -0.90378379],
        [ 0.2952934 ,  0.07211406,  0.        , ..., -0.70539197,
         -0.97553185, -0.87056664],
        ...,
        [ 0.88324527,  0.75467111,  0.70539197, ...,  0.        ,
         -0.53638781, -0.26998433],
        [ 0.99695225,  0.98884681,  0.97553185, ...,  0.53638781,
          0.        ,  0.28860979],
        [ 0.97704441,  0.90378379,  0.87056664, ...,  0.26998433,
         -0.28860979,  0.        ]],

       ...,

       [[ 0.        ,  0.35488643,  0.31017201, ..., -0.01665384,
         -0.01665384,  0.36461922],
        [-0.35488643,  0.        , -0.04740086, ..., -0.37040705,
         -0.37040705,  0.01043106],
        [-0.31017201,  0.04740086,  0.        , ..., -0.32596148,
         -0.32596148,  0.05781761],
        ...,
        [ 0.01665384,  0.37040705,  0.32596148, ...,  0.        ,
          0.        ,  0.38007599],
        [ 0.01665384,  0.37040705,  0.32596148, ...,  0.        ,
          0.        ,  0.38007599],
        [-0.36461922, -0.01043106, -0.05781761, ..., -0.38007599,
         -0.38007599,  0.        ]],

       [[ 0.        , -0.87688969, -0.99509369, ..., -0.30537706,
         -0.25547713, -0.16522251],
        [ 0.87688969,  0.        , -0.39157633, ..., -0.9817942 ,
         -0.97059592, -0.94425908],
        [ 0.99509369,  0.39157633,  0.        , ..., -0.97777268,
         -0.98734777, -0.99776407],
        ...,
        [ 0.30537706,  0.9817942 ,  0.97777268, ...,  0.        ,
         -0.05196978, -0.14384998],
        [ 0.25547713,  0.97059592,  0.98734777, ...,  0.05196978,
          0.        , -0.09222632],
        [ 0.16522251,  0.94425908,  0.99776407, ...,  0.14384998,
          0.09222632,  0.        ]],

       [[ 0.        ,  0.77003562,  0.90887488, ...,  0.99165637,
          0.97905498,  0.97959663],
        [-0.77003562,  0.        ,  0.25870509, ...,  0.53341278,
          0.46786174,  0.47022659],
        [-0.90887488, -0.25870509,  0.        , ...,  0.29642645,
          0.22329003,  0.22589929],
        ...,
        [-0.99165637, -0.53341278, -0.29642645, ...,  0.        ,
         -0.07568788, -0.07301763],
        [-0.97905498, -0.46786174, -0.22329003, ...,  0.07568788,
          0.        ,  0.00267766],
        [-0.97959663, -0.47022659, -0.22589929, ...,  0.07301763,
         -0.00267766,  0.        ]]]), 'num': array([9.98730768e-01, 5.03344910e-02, 2.44747430e-04, 5.96063285e-05,
       5.99139740e-05, 5.87603032e-05, 1.79015879e-03, 8.46025307e-07,
       5.79142779e-05, 5.83949741e-05, 5.93858491e-05, 7.29672176e-07,
       6.08608809e-05, 5.59290672e-05])}
{'img': array([[[ 0.        , -0.26769992, -0.05268686, ..., -0.7589122 ,
         -0.07918279,  0.20682469],
        [ 0.26769992,  0.        ,  0.2165642 , ..., -0.55688937,
          0.19056658,  0.46118779],
        [ 0.05268686, -0.2165642 ,  0.        , ..., -0.72354882,
         -0.02655138,  0.25808509],
        ...,
        [ 0.7589122 ,  0.55688937,  0.72354882, ...,  0.        ,
          0.70496603,  0.8771858 ],
        [ 0.07918279, -0.19056658,  0.02655138, ..., -0.70496603,
          0.        ,  0.28364598],
        [-0.20682469, -0.46118779, -0.25808509, ..., -0.8771858 ,
         -0.28364598,  0.        ]],

       [[ 0.        ,  0.21585567, -0.08252459, ..., -0.25337734,
          0.53382341,  0.20658778],
