state_0,state_1,state_2,state_3,state_4,state_5,state_6,state_7,state_8,state_9,state_10,state_11,state_12,state_13,state_14,state_15,state_16,state_17,state_18,state_19,state_20,state_21,state_22,state_23,state_24,state_25,state_26,state_27,state_28,state_29,state_30,state_31,state_32,state_33,state_34,state_35,state_36,state_37,state_38,state_39,state_40,state_41,state_42,state_43,state_44,state_45,state_46,state_47,state_48,state_49,state_50,state_51,state_52,state_53,state_54,state_55,state_56,state_57,state_58,state_59,state_60,state_61,state_62,state_63,state_64,state_65,state_66,state_67,state_68,state_69,state_70,state_71,state_72,state_73,state_74,state_75,state_76,state_77,state_78,state_79,state_80,state_81,state_82,state_83,state_84,state_85,state_86,state_87,state_88,state_89,state_90,state_91,state_92,state_93,state_94,state_95,state_96,state_97,state_98,state_99,state_100,state_101,state_102,state_103,state_104,state_105,state_106,state_107,state_108,state_109,state_110,state_111,state_112,state_113,state_114,state_115,state_116,state_117,state_118,state_119,state_120,state_121,state_122,state_123,state_124,state_125,state_126,state_127,state_128,state_129,state_130,state_131,state_132,state_133,state_134,state_135,state_136,state_137,state_138,state_139,state_140,state_141,state_142,state_143,state_144,state_145,state_146,state_147,state_148,state_149,state_150,state_151,state_152,state_153,state_154,state_155,state_156,state_157,state_158,state_159,state_160,state_161,state_162,state_163,state_164,state_165,state_166,state_167,state_168,state_169,state_170,state_171,state_172,state_173,state_174,state_175,state_176,state_177,state_178,state_179,state_180,state_181,state_182,state_183,state_184,state_185,state_186,state_187,state_188,state_189,state_190,state_191,state_192,state_193,state_194,state_195,state_196,state_197,state_198,state_199,state_200,state_201,state_202,state_203,state_204,state_205,state_206,state_207,state_208,state_209,state_210,state_211,state_212,state_213,state_214,state_215,state_216,state_217,state_218,state_219,state_220,state_221,state_222,state_223,state_224,state_225,state_226,state_227,state_228,state_229,state_230,state_231,state_232,state_233,state_234,state_235,state_236,state_237,state_238,state_239,state_240,state_241,state_242,state_243,state_244,state_245,state_246,state_247,state_248,state_249,state_250,state_251,state_252,state_253,state_254,state_255,state_256,state_257,state_258,state_259,state_260,state_261,state_262,state_263,state_264,state_265,state_266,state_267,state_268,state_269,state_270,state_271,state_272,state_273,state_274,state_275,state_276,state_277,state_278,state_279,state_280,state_281,state_282,state_283,state_284,state_285,state_286,state_287
{'img': array([[[ 0.00000000e+00,  1.34915241e-02,  1.11962694e-01, ...,
         -9.41815517e-01, -9.20682130e-01, -9.27987297e-01],
        [-1.34915241e-02,  0.00000000e+00,  9.85458088e-02, ...,
         -9.46264707e-01, -9.25864254e-01, -9.32929938e-01],
        [-1.11962694e-01, -9.85458088e-02,  0.00000000e+00, ...,
         -9.73527814e-01, -9.58593779e-01, -9.63871118e-01],
        ...,
        [ 9.41815517e-01,  9.46264707e-01,  9.73527814e-01, ...,
          0.00000000e+00,  5.81339574e-02,  3.90070204e-02],
        [ 9.20682130e-01,  9.25864254e-01,  9.58593779e-01, ...,
         -5.81339574e-02,  0.00000000e+00, -1.91486623e-02],
        [ 9.27987297e-01,  9.32929938e-01,  9.63871118e-01, ...,
         -3.90070204e-02,  1.91486623e-02,  0.00000000e+00]],

       [[ 0.00000000e+00, -1.28834215e-01, -3.13513094e-01, ...,
         -8.54611592e-02, -4.26315991e-01, -4.15761529e-01],
        [ 1.28834215e-01,  0.00000000e+00, -1.88561429e-01, ...,
          4.36139368e-02, -3.06223016e-01, -2.95125307e-01],
        [ 3.13513094e-01,  1.88561429e-01,  0.00000000e+00, ...,
          2.31213569e-01, -1.21226902e-01, -1.09668541e-01],
        ...,
        [ 8.54611592e-02, -4.36139368e-02, -2.31213569e-01, ...,
          0.00000000e+00, -3.47450347e-01, -3.36515793e-01],
        [ 4.26315991e-01,  3.06223016e-01,  1.21226902e-01, ...,
          3.47450347e-01,  0.00000000e+00,  1.16359715e-02],
        [ 4.15761529e-01,  2.95125307e-01,  1.09668541e-01, ...,
          3.36515793e-01, -1.16359715e-02,  0.00000000e+00]],

       [[ 0.00000000e+00, -4.48281066e-01, -5.79560725e-01, ...,
         -5.96529712e-01, -6.71614610e-01, -7.33943650e-01],
        [ 4.48281066e-01,  0.00000000e+00, -1.52747811e-01, ...,
         -8.93019877e-01, -9.32483116e-01, -9.60543987e-01],
        [ 5.79560725e-01,  1.52747811e-01,  0.00000000e+00, ...,
         -9.51279613e-01, -9.76715194e-01, -9.91755657e-01],
        ...,
        [ 5.96529712e-01,  8.93019877e-01,  9.51279613e-01, ...,
          0.00000000e+00,  9.70625683e-02,  1.83887400e-01],
        [ 6.71614610e-01,  9.32483116e-01,  9.76715194e-01, ...,
         -9.70625683e-02,  0.00000000e+00,  8.76117446e-02],
        [ 7.33943650e-01,  9.60543987e-01,  9.91755657e-01, ...,
         -1.83887400e-01, -8.76117446e-02,  0.00000000e+00]],

       ...,

       [[ 0.00000000e+00,  2.17665128e-01,  8.67990425e-01, ...,
         -4.22426160e-01, -3.89451033e-01,  1.37607810e-01],
        [-2.17665128e-01,  0.00000000e+00,  7.39090708e-01, ...,
         -6.09588957e-01, -5.80593215e-01, -8.12859777e-02],
        [-8.67990425e-01, -7.39090708e-01,  0.00000000e+00, ...,
         -9.96512989e-01, -9.92854083e-01, -7.91399639e-01],
        ...,
        [ 4.22426160e-01,  6.09588957e-01,  9.96512989e-01, ...,
          0.00000000e+00,  3.60770393e-02,  5.43134886e-01],
        [ 3.89451033e-01,  5.80593215e-01,  9.92854083e-01, ...,
         -3.60770393e-02,  0.00000000e+00,  5.12489390e-01],
        [-1.37607810e-01,  8.12859777e-02,  7.91399639e-01, ...,
         -5.43134886e-01, -5.12489390e-01,  0.00000000e+00]],

       [[ 0.00000000e+00, -7.17144166e-03,  3.96818993e-02, ...,
         -7.78484976e-01, -7.14255999e-01, -5.23994761e-01],
        [ 7.17144166e-03,  0.00000000e+00,  4.68466720e-02, ...,
         -7.82966208e-01, -7.19256813e-01, -5.30089357e-01],
        [-3.96818993e-02, -4.68466720e-02,  0.00000000e+00, ...,
         -7.52964944e-01, -6.85920677e-01, -4.89784117e-01],
        ...,
        [ 7.78484976e-01,  7.82966208e-01,  7.52964944e-01, ...,
          0.00000000e+00, -9.65373646e-02, -3.34160133e-01],
        [ 7.14255999e-01,  7.19256813e-01,  6.85920677e-01, ...,
          9.65373646e-02,  0.00000000e+00, -2.41611350e-01],
        [ 5.23994761e-01,  5.30089357e-01,  4.89784117e-01, ...,
          3.34160133e-01,  2.41611350e-01,  0.00000000e+00]],

       [[ 0.00000000e+00,  3.76713131e-05,  6.00567770e-03, ...,
         -9.42819856e-01, -9.26172965e-01, -9.08115512e-01],
        [-3.76713131e-05,  0.00000000e+00,  5.96800706e-03, ...,
         -9.42832411e-01, -9.26187170e-01, -9.08131285e-01],
        [-6.00567770e-03, -5.96800706e-03,  0.00000000e+00, ...,
         -9.44804562e-01, -9.28420997e-01, -9.10613831e-01],
        ...,
        [ 9.42819856e-01,  9.42832411e-01,  9.44804562e-01, ...,
          0.00000000e+00,  4.68404120e-02,  9.20998871e-02],
        [ 9.26172965e-01,  9.26187170e-01,  9.28420997e-01, ...,
         -4.68404120e-02,  0.00000000e+00,  4.53574673e-02],
        [ 9.08115512e-01,  9.08131285e-01,  9.10613831e-01, ...,
         -9.20998871e-02, -4.53574673e-02,  0.00000000e+00]]]), 'num': array([7.54645333e-01, 6.55994031e-01, 1.94578505e-05, 2.21191260e-04,
       2.21191260e-04, 2.14647140e-04, 1.34861227e-02, 6.10784545e-06,
       2.15170670e-04, 2.07972137e-04, 2.35697393e-04, 3.22623289e-06,
       2.21665464e-04, 1.94278810e-04])}
{'img': array([[[ 0.        ,  0.09854581,  0.66022315, ..., -0.92586425,
         -0.93292994, -0.85784055],
        [-0.09854581,  0.        ,  0.58299477, ..., -0.95859378,
         -0.96387112, -0.90430928],
        [-0.66022315, -0.58299477,  0.        , ..., -0.94485788,
         -0.93841382, -0.98359707],
        ...,
        [ 0.92586425,  0.95859378,  0.94485788, ...,  0.        ,
         -0.01914866,  0.15167595],
        [ 0.93292994,  0.96387112,  0.93841382, ...,  0.01914866,
          0.        ,  0.17057525],
        [ 0.85784055,  0.90430928,  0.98359707, ..., -0.15167595,
         -0.17057525,  0.        ]],

       [[ 0.        , -0.18856143,  0.42861873, ..., -0.30622302,
         -0.29512531, -0.16731761],
        [ 0.18856143,  0.        ,  0.59129242, ..., -0.1212269 ,
         -0.10966854,  0.02158712],
        [-0.42861873, -0.59129242,  0.        , ..., -0.68469585,
         -0.67616886, -0.57374554],
        ...,
        [ 0.30622302,  0.1212269 ,  0.68469585, ...,  0.        ,
          0.01163597,  0.14262656],
        [ 0.29512531,  0.10966854,  0.67616886, ..., -0.01163597,
          0.        ,  0.1310999 ],
        [ 0.16731761, -0.02158712,  0.57374554, ..., -0.14262656,
         -0.1310999 ,  0.        ]],

       [[ 0.        , -0.31604195, -0.22789105, ..., -0.75700768,
         -0.81292733, -0.87853716],
        [ 0.31604195,  0.        ,  0.09151528, ..., -0.92471111,
         -0.95531273, -0.98447295],
        [ 0.22789105, -0.09151528,  0.        , ..., -0.88599364,
         -0.92425228, -0.96427753],
        ...,
        [ 0.75700768,  0.92471111,  0.88599364, ...,  0.        ,
          0.09031669,  0.21243854],
        [ 0.81292733,  0.95531273,  0.92425228, ..., -0.09031669,
          0.        ,  0.12331517],
        [ 0.87853716,  0.98447295,  0.96427753, ..., -0.21243854,
         -0.12331517,  0.        ]],

       ...,

       [[ 0.        ,  0.73909071,  0.39457162, ..., -0.58059322,
         -0.08128598,  0.47668726],
        [-0.73909071,  0.        , -0.41333894, ..., -0.99285408,
         -0.79139964, -0.32861529],
        [-0.39457162,  0.41333894,  0.        , ..., -0.85474466,
         -0.46795677,  0.09115409],
        ...,
        [ 0.58059322,  0.99285408,  0.85474466, ...,  0.        ,
          0.51248939,  0.8984996 ],
        [ 0.08128598,  0.79139964,  0.46795677, ..., -0.51248939,
          0.        ,  0.54656612],
        [-0.47668726,  0.32861529, -0.09115409, ..., -0.8984996 ,
         -0.54656612,  0.        ]],

       [[ 0.        ,  0.04684667,  0.23418013, ..., -0.71925681,
         -0.53008936, -0.71547577],
        [-0.04684667,  0.        ,  0.18837901, ..., -0.68592068,
         -0.48978412, -0.6819614 ],
        [-0.23418013, -0.18837901,  0.        , ..., -0.53656129,
         -0.31677816, -0.53197366],
        ...,
        [ 0.71925681,  0.68592068,  0.53656129, ...,  0.        ,
         -0.24161135, -0.00542711],
        [ 0.53008936,  0.48978412,  0.31677816, ...,  0.24161135,
          0.        ,  0.23634147],
        [ 0.71547577,  0.6819614 ,  0.53197366, ...,  0.00542711,
         -0.23634147,  0.        ]],

       [[ 0.        ,  0.00596801,  0.0239321 , ..., -0.92618717,
         -0.90813129, -0.92690008],
        [-0.00596801,  0.        ,  0.01796538, ..., -0.928421  ,
         -0.91061383, -0.92912341],
        [-0.0239321 , -0.01796538,  0.        , ..., -0.93494583,
         -0.91789121, -0.93561652],
        ...,
        [ 0.92618717,  0.928421  ,  0.93494583, ...,  0.        ,
          0.04535747, -0.00189509],
        [ 0.90813129,  0.91061383,  0.91789121, ..., -0.04535747,
          0.        , -0.04725053],
        [ 0.92690008,  0.92912341,  0.93561652, ...,  0.00189509,
          0.04725053,  0.        ]]]), 'num': array([7.07085689e-01, 7.07085689e-01, 0.00000000e+00, 6.25924549e-05,
       6.57897119e-05, 6.17316549e-05, 7.72187990e-03, 2.45942848e-07,
       6.13258492e-05, 5.87864893e-05, 6.62549538e-05, 8.64918629e-07,
       6.30122892e-05, 5.45606894e-05])}
{'img': array([[[ 0.        ,  0.58299477,  0.51013429, ..., -0.96387112,
         -0.90430928, -0.89407538],
        [-0.58299477,  0.        , -0.08695893, ..., -0.93841382,
         -0.98359707, -0.98754769],
        [-0.51013429,  0.08695893,  0.        , ..., -0.96490449,
         -0.99555672, -0.99748713],
        ...,
        [ 0.96387112,  0.93841382,  0.96490449, ...,  0.        ,
          0.17057525,  0.19357979],
        [ 0.90430928,  0.98359707,  0.99555672, ..., -0.17057525,
          0.        ,  0.02339407],
        [ 0.89407538,  0.98754769,  0.99748713, ..., -0.19357979,
         -0.02339407,  0.        ]],

       [[ 0.        ,  0.59129242,  0.40828341, ..., -0.10966854,
          0.02158712,  0.41025926],
        [-0.59129242,  0.        , -0.21050127, ..., -0.67616886,
         -0.57374554, -0.20838376],
        [-0.40828341,  0.21050127,  0.        , ..., -0.50593223,
         -0.38848235,  0.00216553],
        ...,
        [ 0.10966854,  0.67616886,  0.50593223, ...,  0.        ,
          0.1310999 ,  0.50779897],
        [-0.02158712,  0.57374554,  0.38848235, ..., -0.1310999 ,
          0.        ,  0.39047688],
        [-0.41025926,  0.20838376, -0.00216553, ..., -0.50779897,
         -0.39047688,  0.        ]],

       [[ 0.        ,  0.09151528,  0.20537061, ..., -0.95531273,
         -0.98447295, -0.99575471],
        [-0.09151528,  0.        ,  0.11494424, ..., -0.92425228,
         -0.96427753, -0.98315253],
        [-0.20537061, -0.11494424,  0.        , ..., -0.87424261,
         -0.9274382 , -0.95562583],
        ...,
        [ 0.95531273,  0.92425228,  0.87424261, ...,  0.        ,
          0.12331517,  0.2064089 ],
        [ 0.98447295,  0.96427753,  0.9274382 , ..., -0.12331517,
          0.        ,  0.08417382],
        [ 0.99575471,  0.98315253,  0.95562583, ..., -0.2064089 ,
         -0.08417382,  0.        ]],

       ...,

       [[ 0.        , -0.41333894, -0.68591827, ..., -0.79139964,
         -0.32861529, -0.57373425],
        [ 0.41333894,  0.        , -0.32380367, ..., -0.46795677,
          0.09115409, -0.1838876 ],
        [ 0.68591827,  0.32380367,  0.        , ..., -0.15658333,
          0.40869871,  0.14430142],
        ...,
        [ 0.79139964,  0.46795677,  0.15658333, ...,  0.        ,
          0.54656612,  0.29746592],
        [ 0.32861529, -0.09115409, -0.40869871, ..., -0.54656612,
          0.        , -0.2727217 ],
        [ 0.57373425,  0.1838876 , -0.14430142, ..., -0.29746592,
          0.2727217 ,  0.        ]],

       [[ 0.        ,  0.18837901,  0.48978412, ..., -0.48978412,
         -0.6819614 , -0.7959985 ],
        [-0.18837901,  0.        ,  0.31677816, ..., -0.31677816,
         -0.53197366, -0.66772172],
        [-0.48978412, -0.31677816,  0.        , ..., -0.        ,
         -0.23634147, -0.39752068],
        ...,
        [ 0.48978412,  0.31677816,  0.        , ...,  0.        ,
          0.23634147,  0.39752068],
        [ 0.6819614 ,  0.53197366,  0.23634147, ..., -0.23634147,
          0.        ,  0.16939361],
        [ 0.7959985 ,  0.66772172,  0.39752068, ..., -0.39752068,
         -0.16939361,  0.        ]],

       [[ 0.        ,  0.01796538,  0.0931514 , ..., -0.91061383,
         -0.92912341, -0.95381139],
        [-0.01796538,  0.        ,  0.0752491 , ..., -0.91789121,
         -0.93561652, -0.95905437],
        [-0.0931514 , -0.0752491 ,  0.        , ..., -0.94515003,
         -0.95952811, -0.97764743],
        ...,
        [ 0.91061383,  0.91789121,  0.94515003, ...,  0.        ,
         -0.04725053, -0.12061656],
        [ 0.92912341,  0.93561652,  0.95952811, ...,  0.04725053,
          0.        , -0.07357627],
        [ 0.95381139,  0.95905437,  0.97764743, ...,  0.12061656,
          0.07357627,  0.        ]]]), 'num': array([ 7.07061982e-01,  7.07061982e-01,  0.00000000e+00,  6.04384286e-05,
        6.06228795e-05,  5.71797951e-05,  1.12550741e-02, -2.15192777e-06,
        6.13606834e-05,  5.87845184e-05,  6.60221688e-05,  7.32680170e-07,
        6.30101766e-05,  5.45588602e-05])}
{'img': array([[[ 0.        , -0.08695893, -0.72636206, ..., -0.98359707,
         -0.98754769, -0.9315407 ],
        [ 0.08695893,  0.        , -0.66384258, ..., -0.99555672,
         -0.99748713, -0.95963342],
        [ 0.72636206,  0.66384258,  0.        , ..., -0.80705924,
         -0.79302486, -0.90439153],
        ...,
        [ 0.98359707,  0.99555672,  0.80705924, ...,  0.        ,
          0.02339407, -0.18964142],
        [ 0.98754769,  0.99748713,  0.79302486, ..., -0.02339407,
          0.        , -0.21255906],
        [ 0.9315407 ,  0.95963342,  0.90439153, ...,  0.18964142,
          0.21255906,  0.        ]],

       [[ 0.        , -0.21050127, -0.39246639, ..., -0.57374554,
         -0.20838376,  0.07288046],
        [ 0.21050127,  0.        , -0.19006064, ..., -0.38848235,
          0.00216553,  0.28118895],
        [ 0.39246639,  0.19006064,  0.        , ..., -0.20626868,
          0.19218625,  0.45845569],
        ...,
        [ 0.57374554,  0.38848235,  0.20626868, ...,  0.        ,
          0.39047688,  0.63191132],
        [ 0.20838376, -0.00216553, -0.19218625, ..., -0.39047688,
          0.        ,  0.27911014],
        [-0.07288046, -0.28118895, -0.45845569, ..., -0.63191132,
         -0.27911014,  0.        ]],

       [[ 0.        ,  0.11494424,  0.05174365, ..., -0.96427753,
         -0.98315253, -0.98396082],
        [-0.11494424,  0.        , -0.06338957, ..., -0.9274382 ,
         -0.95562583, -0.95693477],
        [-0.05174365,  0.06338957,  0.        , ..., -0.9492792 ,
         -0.97237743, -0.97341243],
        ...,
        [ 0.96427753,  0.9274382 ,  0.9492792 , ...,  0.        ,
          0.08417382,  0.08863297],
        [ 0.98315253,  0.95562583,  0.97237743, ..., -0.08417382,
          0.        ,  0.00447588],
        [ 0.98396082,  0.95693477,  0.97341243, ..., -0.08863297,
         -0.00447588,  0.        ]],

       ...,

       [[ 0.        , -0.40417457, -0.87114671, ...,  0.26171375,
         -0.24621592, -0.71528296],
        [ 0.40417457,  0.        , -0.59836317, ...,  0.6294721 ,
          0.16652282, -0.37180504],
        [ 0.87114671,  0.59836317,  0.        , ...,  0.96929079,
          0.72343083,  0.25756752],
        ...,
        [-0.26171375, -0.6294721 , -0.96929079, ...,  0.        ,
         -0.49129109, -0.87324687],
        [ 0.24621592, -0.16652282, -0.72343083, ...,  0.49129109,
          0.        , -0.52119869],
        [ 0.71528296,  0.37180504, -0.25756752, ...,  0.87324687,
          0.52119869,  0.        ]],

       [[ 0.        ,  0.31677816,  0.1922865 , ..., -0.53197366,
         -0.66772172, -0.66772172],
        [-0.31677816,  0.        , -0.12848303, ..., -0.23634147,
         -0.39752068, -0.39752068],
        [-0.1922865 ,  0.12848303,  0.        , ..., -0.35922572,
         -0.51212106, -0.51212106],
        ...,
        [ 0.53197366,  0.23634147,  0.35922572, ...,  0.        ,
          0.16939361,  0.16939361],
        [ 0.66772172,  0.39752068,  0.51212106, ..., -0.16939361,
          0.        ,  0.        ],
        [ 0.66772172,  0.39752068,  0.51212106, ..., -0.16939361,
          0.        ,  0.        ]],

       [[ 0.        ,  0.0752491 ,  0.15966789, ..., -0.93561652,
         -0.95905437, -0.95905437],
        [-0.0752491 ,  0.        ,  0.08493148, ..., -0.95952811,
         -0.97764743, -0.97764743],
        [-0.15966789, -0.08493148,  0.        , ..., -0.97997894,
         -0.99197192, -0.99197192],
        ...,
        [ 0.93561652,  0.95952811,  0.97997894, ...,  0.        ,
         -0.07357627, -0.07357627],
        [ 0.95905437,  0.97764743,  0.99197192, ...,  0.07357627,
          0.        ,  0.        ],
        [ 0.95905437,  0.97764743,  0.99197192, ...,  0.07357627,
          0.        ,  0.        ]]]), 'num': array([7.07082791e-01, 7.07082791e-01, 0.00000000e+00, 6.16084310e-05,
       6.18543728e-05, 5.97638672e-05, 8.23555927e-03, 1.16822374e-06,
       6.15223513e-05, 5.88385110e-05, 6.57556253e-05, 8.69925286e-07,
       6.31753024e-05, 5.45017196e-05])}
{'img': array([[[ 0.        , -0.66384258, -0.55861929, ..., -0.99748713,
         -0.95963342, -0.98626357],
        [ 0.66384258,  0.        ,  0.13283118, ..., -0.79302486,
         -0.90439153, -0.84725224],
        [ 0.55861929, -0.13283118,  0.        , ..., -0.86691694,
         -0.95305697, -0.91030316],
        ...,
        [ 0.99748713,  0.79302486,  0.86691694, ...,  0.        ,
         -0.21255906, -0.09488949],
        [ 0.95963342,  0.90439153,  0.95305697, ...,  0.21255906,
          0.        ,  0.11887886],
        [ 0.98626357,  0.84725224,  0.91030316, ...,  0.09488949,
         -0.11887886,  0.        ]],

       [[ 0.        , -0.19006064, -0.2801824 , ...,  0.00216553,
          0.28118895,  0.04589502],
        [ 0.19006064,  0.        , -0.09262723, ...,  0.19218625,
          0.45845569,  0.23491883],
        [ 0.2801824 ,  0.09262723,  0.        , ...,  0.28226054,
          0.53880415,  0.32394394],
        ...,
        [-0.00216553, -0.19218625, -0.28226054, ...,  0.        ,
          0.27911014,  0.04373167],
        [-0.28118895, -0.45845569, -0.53880415, ..., -0.27911014,
          0.        , -0.23684938],
        [-0.04589502, -0.23491883, -0.32394394, ..., -0.04373167,
          0.23684938,  0.        ]],

       [[ 0.        , -0.06338957, -0.03368449, ..., -0.95562583,
         -0.95693477, -0.96235041],
        [ 0.06338957,  0.        ,  0.02973685, ..., -0.97237743,
         -0.97341243, -0.97764502],
        [ 0.03368449, -0.02973685,  0.        , ..., -0.96500641,
         -0.96617044, -0.97096013],
        ...,
        [ 0.95562583,  0.97237743,  0.96500641, ...,  0.        ,
          0.00447588,  0.02374184],
        [ 0.95693477,  0.97341243,  0.96617044, ..., -0.00447588,
          0.        ,  0.01926698],
        [ 0.96235041,  0.97764502,  0.97096013, ..., -0.02374184,
         -0.01926698,  0.        ]],

       ...,

       [[ 0.        , -0.59836317, -0.65573169, ...,  0.16652282,
         -0.37180504,  0.19643875],
        [ 0.59836317,  0.        , -0.07362802, ...,  0.72343083,
          0.25756752,  0.74409635],
        [ 0.65573169,  0.07362802,  0.        , ...,  0.77229983,
          0.32801226,  0.79126555],
        ...,
        [-0.16652282, -0.72343083, -0.77229983, ...,  0.        ,
         -0.52119869,  0.03041768],
        [ 0.37180504, -0.25756752, -0.32801226, ...,  0.52119869,
          0.        ,  0.54691704],
        [-0.19643875, -0.74409635, -0.79126555, ..., -0.03041768,
         -0.54691704,  0.        ]],

       [[ 0.        , -0.12848303, -0.16954408, ..., -0.39752068,
         -0.39752068, -0.43381811],
        [ 0.12848303,  0.        , -0.04151592, ..., -0.51212106,
         -0.51212106, -0.54598577],
        [ 0.16954408,  0.04151592,  0.        , ..., -0.54733811,
         -0.54733811, -0.58029685],
        ...,
        [ 0.39752068,  0.51212106,  0.54733811, ...,  0.        ,
          0.        ,  0.03990224],
        [ 0.39752068,  0.51212106,  0.54733811, ...,  0.        ,
          0.        ,  0.03990224],
        [ 0.43381811,  0.54598577,  0.58029685, ..., -0.03990224,
         -0.03990224,  0.        ]],

       [[ 0.        ,  0.08493148,  0.18213631, ..., -0.97764743,
         -0.97764743, -0.9826092 ],
        [-0.08493148,  0.        ,  0.09796735, ..., -0.99197192,
         -0.99197192, -0.99482939],
        [-0.18213631, -0.09796735,  0.        , ..., -0.99958896,
         -0.99958896, -0.99999348],
        ...,
        [ 0.97764743,  0.99197192,  0.99958896, ...,  0.        ,
          0.        , -0.02505954],
        [ 0.97764743,  0.99197192,  0.99958896, ...,  0.        ,
          0.        , -0.02505954],
        [ 0.9826092 ,  0.99482939,  0.99999348, ...,  0.02505954,
          0.02505954,  0.        ]]]), 'num': array([7.02401493e-01, 7.02401493e-01, 0.00000000e+00, 6.46209374e-05,
       7.25611282e-05, 6.41323102e-05, 1.15170537e-01, 3.42038988e-06,
       6.19945666e-05, 5.86627404e-05, 6.51146544e-05, 9.18438023e-07,
       6.36902711e-05, 5.36352096e-05])}
{'img': array([[[ 0.        ,  0.13283118,  0.13283118, ..., -0.90439153,
         -0.84725224, -0.63705156],
        [-0.13283118,  0.        ,  0.        , ..., -0.95305697,
         -0.91030316, -0.73379553],
        [-0.13283118,  0.        ,  0.        , ..., -0.95305697,
         -0.91030316, -0.73379553],
        ...,
        [ 0.90439153,  0.95305697,  0.95305697, ...,  0.        ,
          0.11887886,  0.42529196],
        [ 0.84725224,  0.91030316,  0.91030316, ..., -0.11887886,
          0.        ,  0.31468406],
        [ 0.63705156,  0.73379553,  0.73379553, ..., -0.42529196,
         -0.31468406,  0.        ]],

       [[ 0.        , -0.04312084, -0.12155038, ...,  0.2077714 ,
          0.10687704,  0.37502801],
        [ 0.04312084,  0.        , -0.07863621, ...,  0.24975798,
          0.14965148,  0.33470559],
        [ 0.12155038,  0.07863621,  0.        , ...,  0.32512867,
          0.22693874,  0.25956844],
        ...,
        [-0.2077714 , -0.24975798, -0.32512867, ...,  0.        ,
         -0.10203664,  0.55945082],
        [-0.10687704, -0.14965148, -0.22693874, ...,  0.10203664,
          0.        ,  0.4719564 ],
        [-0.37502801, -0.33470559, -0.25956844, ..., -0.55945082,
         -0.4719564 ,  0.        ]],

       [[ 0.        ,  0.02973685, -0.0092512 , ..., -0.97341243,
         -0.97764502, -0.99413405],
        [-0.02973685,  0.        , -0.03898269, ..., -0.96617044,
         -0.97096013, -0.99047821],
        [ 0.0092512 ,  0.03898269,  0.        , ..., -0.97548985,
         -0.97954836, -0.99509207],
        ...,
        [ 0.97341243,  0.96617044,  0.97548985, ...,  0.        ,
          0.01926698,  0.12243644],
        [ 0.97764502,  0.97096013,  0.97954836, ..., -0.01926698,
          0.        ,  0.10329169],
        [ 0.99413405,  0.99047821,  0.99509207, ..., -0.12243644,
         -0.10329169,  0.        ]],

       ...,

       [[ 0.        , -0.07165746, -0.07165746, ...,  0.24910805,
          0.70715931,  0.97571614],
        [ 0.07165746,  0.        ,  0.        , ...,  0.31786617,
          0.75600713,  0.98890363],
        [ 0.07165746,  0.        ,  0.        , ...,  0.31786617,
          0.75600713,  0.98890363],
        ...,
        [-0.24910805, -0.31786617, -0.31786617, ...,  0.        ,
          0.5087337 ,  0.89039303],
        [-0.70715931, -0.75600713, -0.75600713, ..., -0.5087337 ,
          0.        ,  0.53498888],
        [-0.97571614, -0.98890363, -0.98890363, ..., -0.89039303,
         -0.53498888,  0.        ]],

       [[ 0.        , -0.11131528, -0.32281488, ..., -0.39831132,
         -0.43467271, -0.59365669],
        [ 0.11131528,  0.        , -0.21545294, ..., -0.49793984,
         -0.53222054, -0.67954465],
        [ 0.32281488,  0.21545294,  0.        , ..., -0.67308862,
         -0.70212463, -0.82164865],
        ...,
        [ 0.39831132,  0.49793984,  0.67308862, ...,  0.        ,
          0.03998908,  0.22400331],
        [ 0.43467271,  0.53222054,  0.70212463, ..., -0.03998908,
          0.        ,  0.18485124],
        [ 0.59365669,  0.67954465,  0.82164865, ..., -0.22400331,
         -0.18485124,  0.        ]],

       [[ 0.        ,  0.09705585,  0.27878659, ..., -0.98314281,
         -0.98664666, -0.98136488],
        [-0.09705585,  0.        ,  0.18426254, ..., -0.99624696,
         -0.99779664, -0.95808217],
        [-0.27878659, -0.18426254,  0.        , ..., -0.99513737,
         -0.99293661, -0.88888695],
        ...,
        [ 0.98314281,  0.99624696,  0.99513737, ...,  0.        ,
         -0.02026809, -0.36834644],
        [ 0.98664666,  0.99779664,  0.99293661, ...,  0.02026809,
          0.        , -0.34942777],
        [ 0.98136488,  0.95808217,  0.88888695, ...,  0.36834644,
          0.34942777,  0.        ]]]), 'num': array([ 7.06771573e-01,  7.06771573e-01,  0.00000000e+00,  6.20729816e-05,
        6.79729878e-05,  6.15813144e-05,  3.07872893e-02, -2.95000309e-06,
        6.23311069e-05,  5.93042808e-05,  6.53456413e-05,  7.89623716e-07,
        6.43939082e-05,  5.42146534e-05])}
{'img': array([[[ 0.        ,  0.        , -0.33200721, ..., -0.91030316,
         -0.73379553, -0.88938732],
        [ 0.        ,  0.        , -0.33200721, ..., -0.91030316,
         -0.73379553, -0.88938732],
        [ 0.33200721,  0.33200721,  0.        , ..., -0.72123609,
         -0.46661647, -0.68715989],
        ...,
        [ 0.91030316,  0.91030316,  0.72123609, ...,  0.        ,
          0.31468406,  0.04799419],
        [ 0.73379553,  0.73379553,  0.46661647, ..., -0.31468406,
          0.        , -0.26876551],
        [ 0.88938732,  0.88938732,  0.68715989, ..., -0.04799419,
          0.26876551,  0.        ]],

       [[ 0.        , -0.07863621, -0.03909293, ...,  0.14965148,
          0.33470559,  0.65968581],
        [ 0.07863621,  0.        ,  0.03960423, ...,  0.22693874,
          0.25956844,  0.71674139],
        [ 0.03909293, -0.03960423,  0.        , ...,  0.18818978,
          0.29761158,  0.68856149],
        ...,
        [-0.14965148, -0.22693874, -0.18818978, ...,  0.        ,
          0.4719564 ,  0.53978767],
        [-0.33470559, -0.25956844, -0.29761158, ..., -0.4719564 ,
          0.        , -0.87318209],
        [-0.65968581, -0.71674139, -0.68856149, ..., -0.53978767,
          0.87318209,  0.        ]],

       [[ 0.        , -0.03898269, -0.37518458, ..., -0.97096013,
         -0.99047821, -0.9896884 ],
        [ 0.03898269,  0.        , -0.33876439, ..., -0.97954836,
         -0.99509207, -0.99451989],
        [ 0.37518458,  0.33876439,  0.        , ..., -0.98979128,
         -0.9697754 , -0.97113214],
        ...,
        [ 0.97096013,  0.97954836,  0.98979128, ...,  0.        ,
          0.10329169,  0.09769687],
        [ 0.99047821,  0.99509207,  0.9697754 , ..., -0.10329169,
          0.        , -0.00562326],
        [ 0.9896884 ,  0.99451989,  0.97113214, ..., -0.09769687,
          0.00562326,  0.        ]],

       ...,

       [[ 0.        ,  0.        , -0.17869556, ...,  0.75600713,
          0.98890363,  0.49414814],
        [ 0.        ,  0.        , -0.17869556, ...,  0.75600713,
          0.98890363,  0.49414814],
        [ 0.17869556,  0.17869556,  0.        , ...,  0.86080632,
          0.99953338,  0.64154847],
        ...,
        [-0.75600713, -0.75600713, -0.86080632, ...,  0.        ,
          0.53498888, -0.33380447],
        [-0.98890363, -0.98890363, -0.99953338, ..., -0.53498888,
          0.        , -0.78632091],
        [-0.49414814, -0.49414814, -0.64154847, ...,  0.33380447,
          0.78632091,  0.        ]],

       [[ 0.        , -0.3044464 , -0.62166558, ..., -0.43531416,
         -0.59448093, -0.63485652],
        [ 0.3044464 ,  0.        , -0.35368717, ..., -0.68873614,
         -0.81106891, -0.83994398],
        [ 0.62166558,  0.35368717,  0.        , ..., -0.90064631,
         -0.965534  , -0.97758969],
        ...,
        [ 0.43531416,  0.68873614,  0.90064631, ...,  0.        ,
          0.18515813,  0.23521095],
        [ 0.59448093,  0.81106891,  0.965534  , ..., -0.18515813,
          0.        ,  0.05118046],
        [ 0.63485652,  0.83994398,  0.97758969, ..., -0.23521095,
         -0.05118046,  0.        ]],

       [[ 0.        ,  0.18426254,  0.56118099, ..., -0.99779664,
         -0.95808217, -0.99906803],
        [-0.18426254,  0.        ,  0.39905909, ..., -0.99293661,
         -0.88888695, -0.97400768],
        [-0.56118099, -0.39905909,  0.        , ..., -0.86310183,
         -0.63222327, -0.80269932],
        ...,
        [ 0.99779664,  0.99293661,  0.86310183, ...,  0.        ,
         -0.34942777, -0.10935289],
        [ 0.95808217,  0.88888695,  0.63222327, ...,  0.34942777,
          0.        ,  0.2448726 ],
        [ 0.99906803,  0.97400768,  0.80269932, ...,  0.10935289,
         -0.2448726 ,  0.        ]]]), 'num': array([ 7.07072352e-01,  7.07072352e-01,  0.00000000e+00,  6.05622841e-05,
        6.17304906e-05,  6.01318922e-05,  9.86646301e-03, -1.53711381e-06,
        6.19518350e-05,  5.95908282e-05,  6.51531307e-05,  6.60236804e-07,
        6.43623780e-05,  5.48192783e-05])}
{'img': array([[[ 0.        , -0.33200721, -0.38536248, ..., -0.73379553,
         -0.88938732, -0.94905631],
        [ 0.33200721,  0.        , -0.05713879, ..., -0.46661647,
         -0.68715989, -0.79060522],
        [ 0.38536248,  0.05713879,  0.        , ..., -0.41531717,
         -0.64452555, -0.75432599],
        ...,
        [ 0.73379553,  0.46661647,  0.41531717, ...,  0.        ,
         -0.26876551, -0.41353701],
        [ 0.88938732,  0.68715989,  0.64452555, ...,  0.26876551,
          0.        , -0.1536136 ],
        [ 0.94905631,  0.79060522,  0.75432599, ...,  0.41353701,
          0.1536136 ,  0.        ]],

       [[ 0.        ,  0.03960423, -0.1081706 , ...,  0.25956844,
          0.71674139,  0.2823777 ],
        [-0.03960423,  0.        , -0.14745758, ...,  0.29761158,
          0.68856149,  0.24416369],
        [ 0.1081706 ,  0.14745758,  0.        , ...,  0.15358236,
          0.78796739,  0.38448922],
        ...,
        [-0.25956844, -0.29761158, -0.15358236, ...,  0.        ,
         -0.87318209, -0.52170399],
        [-0.71674139, -0.68856149, -0.78796739, ...,  0.87318209,
          0.        , -0.49065939],
        [-0.2823777 , -0.24416369, -0.38448922, ...,  0.52170399,
          0.49065939,  0.        ]],

       [[ 0.        , -0.33876439, -0.54950939, ..., -0.99509207,
         -0.99451989, -0.98852164],
        [ 0.33876439,  0.        , -0.23398415, ..., -0.9697754 ,
         -0.97113214, -0.98125188],
        [ 0.54950939,  0.23398415,  0.        , ..., -0.88576286,
         -0.88835882, -0.90891703],
        ...,
        [ 0.99509207,  0.9697754 ,  0.88576286, ...,  0.        ,
         -0.00562326, -0.05252025],
        [ 0.99451989,  0.97113214,  0.88835882, ...,  0.00562326,
          0.        , -0.04690392],
        [ 0.98852164,  0.98125188,  0.90891703, ...,  0.05252025,
          0.04690392,  0.        ]],

       ...,

       [[ 0.        , -0.17869556, -0.41910252, ...,  0.98890363,
          0.49414814,  0.10281509],
        [ 0.17869556,  0.        , -0.25011217, ...,  0.99953338,
          0.64154847,  0.27890878],
        [ 0.41910252,  0.25011217,  0.        , ...,  0.96012531,
          0.81301472,  0.5102313 ],
        ...,
        [-0.98890363, -0.99953338, -0.96012531, ...,  0.        ,
         -0.78632091, -0.96838888],
        [-0.49414814, -0.64154847, -0.81301472, ...,  0.78632091,
          0.        , -0.40214425],
        [-0.10281509, -0.27890878, -0.5102313 , ...,  0.96838888,
          0.40214425,  0.        ]],

       [[ 0.        , -0.56273329, -0.61942354, ..., -0.60086947,
         -0.64152496, -0.6340624 ],
        [ 0.56273329,  0.        , -0.07026165, ..., -0.94652111,
         -0.96198317, -0.95929186],
        [ 0.61942354,  0.07026165,  0.        , ..., -0.96685122,
         -0.97879479, -0.97676412],
        ...,
        [ 0.60086947,  0.94652111,  0.96685122, ...,  0.        ,
          0.05187288,  0.0421945 ],
        [ 0.64152496,  0.96198317,  0.97879479, ..., -0.05187288,
          0.        , -0.00968899],
        [ 0.6340624 ,  0.95929186,  0.97676412, ..., -0.0421945 ,
          0.00968899,  0.        ]],

       [[ 0.        ,  0.39905909,  0.5238349 , ..., -0.88888695,
         -0.97400768, -0.9998148 ],
        [-0.39905909,  0.        ,  0.14039098, ..., -0.63222327,
         -0.80269932, -0.90907554],
        [-0.5238349 , -0.14039098,  0.        , ..., -0.51718882,
         -0.71102258, -0.8415809 ],
        ...,
        [ 0.88888695,  0.63222327,  0.51718882, ...,  0.        ,
          0.2448726 ,  0.4409352 ],
        [ 0.97400768,  0.80269932,  0.71102258, ..., -0.2448726 ,
          0.        ,  0.20772835],
        [ 0.9998148 ,  0.90907554,  0.8415809 , ..., -0.4409352 ,
         -0.20772835,  0.        ]]]), 'num': array([ 8.26064404e-01,  5.63494053e-01,  5.34222485e-05,  7.06594056e-05,
        7.38940681e-05,  7.05875242e-05,  9.59214010e-03, -1.43762778e-07,
        7.24276878e-05,  6.98471459e-05,  7.59103411e-05,  8.33407411e-07,
        7.53090153e-05,  6.43852765e-05])}
{'img': array([[[ 0.00000000e+00, -5.71387860e-02,  3.05756670e-01, ...,
         -6.87159889e-01, -7.90605217e-01, -7.98467758e-01],
        [ 5.71387860e-02,  0.00000000e+00,  3.59659530e-01, ...,
         -6.44525555e-01, -7.54325986e-01, -7.62763561e-01],
        [-3.05756670e-01, -3.59659530e-01,  0.00000000e+00, ...,
         -8.76385710e-01, -9.39965711e-01, -9.44305892e-01],
        ...,
        [ 6.87159889e-01,  6.44525555e-01,  8.76385710e-01, ...,
          0.00000000e+00, -1.53613596e-01, -1.66395721e-01],
        [ 7.90605217e-01,  7.54325986e-01,  9.39965711e-01, ...,
          1.53613596e-01,  0.00000000e+00, -1.29486918e-02],
        [ 7.98467758e-01,  7.62763561e-01,  9.44305892e-01, ...,
          1.66395721e-01,  1.29486918e-02,  0.00000000e+00]],

       [[ 0.00000000e+00, -1.47457580e-01, -1.16896938e-02, ...,
          6.88561493e-01,  2.44163687e-01,  1.87072578e-01],
        [ 1.47457580e-01,  0.00000000e+00,  1.35885598e-01, ...,
          7.87967388e-01,  3.84489216e-01,  3.29881950e-01],
        [ 1.16896938e-02, -1.35885598e-01,  0.00000000e+00, ...,
          6.96991554e-01,  2.55482898e-01,  1.98543121e-01],
        ...,
        [-6.88561493e-01, -7.87967388e-01, -6.96991554e-01, ...,
          0.00000000e+00, -4.90659389e-01, -5.40744784e-01],
        [-2.44163687e-01, -3.84489216e-01, -2.55482898e-01, ...,
          4.90659389e-01,  0.00000000e+00, -5.84425989e-02],
        [-1.87072578e-01, -3.29881950e-01, -1.98543121e-01, ...,
          5.40744784e-01,  5.84425989e-02,  0.00000000e+00]],

       [[ 0.00000000e+00, -2.33984148e-01, -2.07163881e-01, ...,
         -9.71132138e-01, -9.81251878e-01, -9.81251878e-01],
        [ 2.33984148e-01,  0.00000000e+00,  2.74950586e-02, ...,
         -8.88358822e-01, -9.08917027e-01, -9.08917027e-01],
        [ 2.07163881e-01, -2.74950586e-02,  0.00000000e+00, ...,
         -9.00647321e-01, -9.20038209e-01, -9.20038209e-01],
        ...,
        [ 9.71132138e-01,  8.88358822e-01,  9.00647321e-01, ...,
          0.00000000e+00, -4.69039182e-02, -4.69039182e-02],
        [ 9.81251878e-01,  9.08917027e-01,  9.20038209e-01, ...,
          4.69039182e-02,  0.00000000e+00,  0.00000000e+00],
        [ 9.81251878e-01,  9.08917027e-01,  9.20038209e-01, ...,
          4.69039182e-02,  0.00000000e+00,  0.00000000e+00]],

       ...,

       [[ 0.00000000e+00, -2.50112169e-01, -2.27809477e-01, ...,
          6.41548471e-01,  2.78908776e-01,  4.26715263e-01],
        [ 2.50112169e-01,  0.00000000e+00,  2.29666730e-02, ...,
          8.13014718e-01,  5.10231300e-01,  6.39350866e-01],
        [ 2.27809477e-01, -2.29666730e-02,  0.00000000e+00, ...,
          7.99428083e-01,  4.90344523e-01,  6.21522803e-01],
        ...,
        [-6.41548471e-01, -8.13014718e-01, -7.99428083e-01, ...,
          0.00000000e+00, -4.02144247e-01, -2.52881662e-01],
        [-2.78908776e-01, -5.10231300e-01, -4.90344523e-01, ...,
          4.02144247e-01,  0.00000000e+00,  1.57540978e-01],
        [-4.26715263e-01, -6.39350866e-01, -6.21522803e-01, ...,
          2.52881662e-01, -1.57540978e-01,  0.00000000e+00]],

       [[ 0.00000000e+00, -1.17422909e-01, -1.46128039e-01, ...,
         -8.66181471e-01, -8.61117601e-01, -8.65765852e-01],
        [ 1.17422909e-01,  0.00000000e+00, -2.89546712e-02, ...,
         -9.18868930e-01, -9.14858880e-01, -9.18540696e-01],
        [ 1.46128039e-01,  2.89546712e-02,  0.00000000e+00, ...,
         -9.29908111e-01, -9.26166439e-01, -9.29602122e-01],
        ...,
        [ 8.66181471e-01,  9.18868930e-01,  9.29908111e-01, ...,
          0.00000000e+00, -1.00457574e-02, -8.31088006e-04],
        [ 8.61117601e-01,  9.14858880e-01,  9.26166439e-01, ...,
          1.00457574e-02,  0.00000000e+00,  9.21470786e-03],
        [ 8.65765852e-01,  9.18540696e-01,  9.29602122e-01, ...,
          8.31088006e-04, -9.21470786e-03,  0.00000000e+00]],

       [[ 0.00000000e+00,  1.40390982e-01,  2.49851258e-01, ...,
