state_0,state_1,state_2,state_3,state_4,state_5,state_6,state_7,state_8,state_9,state_10,state_11,state_12,state_13,state_14,state_15,state_16,state_17,state_18,state_19,state_20,state_21,state_22,state_23,state_24,state_25,state_26,state_27,state_28,state_29,state_30,state_31,state_32,state_33,state_34,state_35,state_36,state_37,state_38,state_39,state_40,state_41,state_42,state_43,state_44,state_45,state_46,state_47,state_48,state_49,state_50,state_51,state_52,state_53,state_54,state_55,state_56,state_57,state_58,state_59,state_60,state_61,state_62,state_63,state_64,state_65,state_66,state_67,state_68,state_69,state_70,state_71,state_72,state_73,state_74,state_75,state_76,state_77,state_78,state_79,state_80,state_81,state_82,state_83,state_84,state_85,state_86,state_87,state_88,state_89,state_90,state_91,state_92,state_93,state_94,state_95,state_96,state_97,state_98,state_99,state_100,state_101,state_102,state_103,state_104,state_105,state_106,state_107,state_108,state_109,state_110,state_111,state_112,state_113,state_114,state_115,state_116,state_117,state_118,state_119,state_120,state_121,state_122,state_123,state_124,state_125,state_126,state_127,state_128,state_129,state_130,state_131,state_132,state_133,state_134,state_135,state_136,state_137,state_138,state_139,state_140,state_141,state_142,state_143,state_144,state_145,state_146,state_147,state_148,state_149,state_150,state_151,state_152,state_153,state_154,state_155,state_156,state_157,state_158,state_159,state_160,state_161,state_162,state_163,state_164,state_165,state_166,state_167,state_168,state_169,state_170,state_171,state_172,state_173,state_174,state_175,state_176,state_177,state_178,state_179,state_180,state_181,state_182,state_183,state_184,state_185,state_186,state_187,state_188,state_189,state_190,state_191,state_192,state_193,state_194,state_195,state_196,state_197,state_198,state_199,state_200,state_201,state_202,state_203,state_204,state_205,state_206,state_207,state_208,state_209,state_210,state_211,state_212,state_213,state_214,state_215,state_216,state_217,state_218,state_219,state_220,state_221,state_222,state_223,state_224,state_225,state_226,state_227,state_228,state_229,state_230,state_231,state_232,state_233,state_234,state_235,state_236,state_237,state_238,state_239,state_240,state_241,state_242,state_243,state_244,state_245,state_246,state_247,state_248,state_249,state_250,state_251,state_252,state_253,state_254,state_255,state_256,state_257,state_258,state_259,state_260,state_261,state_262,state_263,state_264,state_265,state_266,state_267,state_268,state_269,state_270,state_271,state_272,state_273,state_274,state_275,state_276,state_277,state_278,state_279,state_280,state_281,state_282,state_283,state_284,state_285,state_286,state_287
{'img': array([[[ 0.00000000e+00, -8.25238844e-02, -2.61605829e-01, ...,
          7.72744496e-01,  7.64562490e-01,  8.30485190e-01],
        [ 8.25238844e-02,  0.00000000e+00, -1.81063541e-01, ...,
          8.22488062e-01,  8.15145372e-01,  8.73621640e-01],
        [ 2.61605829e-01,  1.81063541e-01,  0.00000000e+00, ...,
          9.11879236e-01,  9.06554382e-01,  9.47288471e-01],
        ...,
        [-7.72744496e-01, -8.22488062e-01, -9.11879236e-01, ...,
          0.00000000e+00, -1.27911877e-02,  9.66731075e-02],
        [-7.64562490e-01, -8.15145372e-01, -9.06554382e-01, ...,
          1.27911877e-02,  0.00000000e+00,  1.09396475e-01],
        [-8.30485190e-01, -8.73621640e-01, -9.47288471e-01, ...,
         -9.66731075e-02, -1.09396475e-01,  0.00000000e+00]],

       [[ 0.00000000e+00,  3.77327815e-01,  7.44251355e-01, ...,
         -6.25143401e-02, -5.12729699e-01,  4.44408486e-02],
        [-3.77327815e-01,  0.00000000e+00,  4.37219006e-01, ...,
         -4.34483052e-01, -7.98783425e-01, -3.35799251e-01],
        [-7.44251355e-01, -4.37219006e-01,  0.00000000e+00, ...,
         -7.84548953e-01, -9.81429045e-01, -7.13834021e-01],
        ...,
        [ 6.25143401e-02,  4.34483052e-01,  7.84548953e-01, ...,
          0.00000000e+00, -4.58055141e-01,  1.06806502e-01],
        [ 5.12729699e-01,  7.98783425e-01,  9.81429045e-01, ...,
          4.58055141e-01,  0.00000000e+00,  5.50377825e-01],
        [-4.44408486e-02,  3.35799251e-01,  7.13834021e-01, ...,
         -1.06806502e-01, -5.50377825e-01,  0.00000000e+00]],

       [[ 0.00000000e+00, -3.82240079e-02, -1.37873978e-01, ...,
          9.32546739e-01,  9.10436721e-01,  9.00044983e-01],
        [ 3.82240079e-02,  0.00000000e+00, -9.99142588e-02, ...,
          9.45665980e-01,  9.25582669e-01,  9.16045134e-01],
        [ 1.37873978e-01,  9.99142588e-02,  0.00000000e+00, ...,
          9.73420012e-01,  9.58773197e-01,  9.51534422e-01],
        ...,
        [-9.32546739e-01, -9.45665980e-01, -9.73420012e-01, ...,
          0.00000000e+00, -5.70339217e-02, -8.14404852e-02],
        [-9.10436721e-01, -9.25582669e-01, -9.58773197e-01, ...,
          5.70339217e-02,  0.00000000e+00, -2.44634529e-02],
        [-9.00044983e-01, -9.16045134e-01, -9.51534422e-01, ...,
          8.14404852e-02,  2.44634529e-02,  0.00000000e+00]],

       ...,

       [[ 0.00000000e+00, -2.28632176e-02, -4.74891672e-01, ...,
         -3.80957815e-01, -2.74512261e-01,  5.58821623e-02],
        [ 2.28632176e-02,  0.00000000e+00, -4.54646893e-01, ...,
         -3.59719076e-01, -2.52455609e-01,  7.86950457e-02],
        [ 4.74891672e-01,  4.54646893e-01,  0.00000000e+00, ...,
          1.03821503e-01,  2.15065104e-01,  5.23328369e-01],
        ...,
        [ 3.80957815e-01,  3.59719076e-01, -1.03821503e-01, ...,
          0.00000000e+00,  1.12510831e-01,  4.32030743e-01],
        [ 2.74512261e-01,  2.52455609e-01, -2.15065104e-01, ...,
         -1.12510831e-01,  0.00000000e+00,  3.27818671e-01],
        [-5.58821623e-02, -7.86950457e-02, -5.23328369e-01, ...,
         -4.32030743e-01, -3.27818671e-01,  0.00000000e+00]],

       [[ 0.00000000e+00, -1.79856857e-01, -4.14409695e-01, ...,
          7.88016613e-01,  7.93612945e-01,  7.93960984e-01],
        [ 1.79856857e-01,  0.00000000e+00, -2.43965825e-01, ...,
          6.64436674e-01,  6.71242293e-01,  6.71666356e-01],
        [ 4.14409695e-01,  2.43965825e-01,  0.00000000e+00, ...,
          4.62033409e-01,  4.70123180e-01,  4.70628171e-01],
        ...,
        [-7.88016613e-01, -6.64436674e-01, -4.62033409e-01, ...,
          0.00000000e+00, -9.14356618e-03, -9.71579008e-03],
        [-7.93612945e-01, -6.71242293e-01, -4.70123180e-01, ...,
          9.14356618e-03,  0.00000000e+00, -5.72249311e-04],
        [-7.93960984e-01, -6.71666356e-01, -4.70628171e-01, ...,
          9.71579008e-03,  5.72249311e-04,  0.00000000e+00]],

       [[ 0.00000000e+00,  1.17811622e-01,  1.64498679e-01, ...,
          9.52803437e-01,  9.26926735e-01,  8.77640490e-01],
        [-1.17811622e-01,  0.00000000e+00,  4.71463943e-02, ...,
          9.81934260e-01,  9.64679493e-01,  9.27997974e-01],
        [-1.64498679e-01, -4.71463943e-02,  0.00000000e+00, ...,
          9.89763493e-01,  9.76026366e-01,  9.44532082e-01],
        ...,
        [-9.52803437e-01, -9.81934260e-01, -9.89763493e-01, ...,
          0.00000000e+00,  7.61284709e-02,  1.90256224e-01],
        [-9.26926735e-01, -9.64679493e-01, -9.76026366e-01, ...,
         -7.61284709e-02,  0.00000000e+00,  1.14966159e-01],
        [-8.77640490e-01, -9.27997974e-01, -9.44532082e-01, ...,
         -1.90256224e-01, -1.14966159e-01,  0.00000000e+00]]]), 'num': array([9.99147154e-01, 3.97151830e-02, 8.27096527e-06, 3.50157654e-03,
       3.66759956e-03, 3.48044633e-03, 5.54021855e-03, 4.52790070e-05,
       3.42671525e-03, 3.51500931e-03, 3.18839674e-03, 1.39446217e-06,
       3.80836059e-03, 3.22165803e-03])}
{'img': array([[[ 0.00000000e+00, -1.81063541e-01, -8.92459349e-01, ...,
          8.15145372e-01,  8.73621640e-01,  9.05421189e-01],
        [ 1.81063541e-01,  0.00000000e+00, -7.96025445e-01, ...,
          9.06554382e-01,  9.47288471e-01,  9.67319924e-01],
        [ 8.92459349e-01,  7.96025445e-01,  0.00000000e+00, ...,
          8.84697580e-01,  8.28390944e-01,  7.87322526e-01],
        ...,
        [-8.15145372e-01, -9.06554382e-01, -8.84697580e-01, ...,
          0.00000000e+00,  1.09396475e-01,  1.78430112e-01],
        [-8.73621640e-01, -9.47288471e-01, -8.28390944e-01, ...,
         -1.09396475e-01,  0.00000000e+00,  6.97182650e-02],
        [-9.05421189e-01, -9.67319924e-01, -7.87322526e-01, ...,
         -1.78430112e-01, -6.97182650e-02,  0.00000000e+00]],

       [[ 0.00000000e+00,  4.37219006e-01,  8.94719155e-01, ...,
         -7.98783425e-01, -3.35799251e-01,  2.28802600e-01],
        [-4.37219006e-01,  0.00000000e+00,  6.09395437e-01, ...,
         -9.81429045e-01, -7.13834021e-01, -2.19846049e-01],
        [-8.94719155e-01, -6.09395437e-01,  0.00000000e+00, ...,
         -8.95039754e-01, -9.92743761e-01, -7.68794876e-01],
        ...,
        [ 7.98783425e-01,  9.81429045e-01,  8.95039754e-01, ...,
          0.00000000e+00,  5.50377825e-01,  9.15245888e-01],
        [ 3.35799251e-01,  7.13834021e-01,  9.92743761e-01, ...,
         -5.50377825e-01,  0.00000000e+00,  5.42408302e-01],
        [-2.28802600e-01,  2.19846049e-01,  7.68794876e-01, ...,
         -9.15245888e-01, -5.42408302e-01,  0.00000000e+00]],

       [[ 0.00000000e+00, -9.99142588e-02, -3.48260784e-01, ...,
          9.25582669e-01,  9.16045134e-01,  9.28111819e-01],
        [ 9.99142588e-02,  0.00000000e+00, -2.52858709e-01, ...,
          9.58773197e-01,  9.51534422e-01,  9.60665829e-01],
        [ 3.48260784e-01,  2.52858709e-01,  0.00000000e+00, ...,
          9.99471620e-01,  9.98377353e-01,  9.99667907e-01],
        ...,
        [-9.25582669e-01, -9.58773197e-01, -9.99471620e-01, ...,
          0.00000000e+00, -2.44634529e-02,  6.73671651e-03],
        [-9.16045134e-01, -9.51534422e-01, -9.98377353e-01, ...,
          2.44634529e-02,  0.00000000e+00,  3.11975981e-02],
        [-9.28111819e-01, -9.60665829e-01, -9.99667907e-01, ...,
         -6.73671651e-03, -3.11975981e-02,  0.00000000e+00]],

       ...,

       [[ 0.00000000e+00, -4.54646893e-01, -9.66803976e-01, ...,
         -2.52455609e-01,  7.86950457e-02,  9.90664888e-02],
        [ 4.54646893e-01,  0.00000000e+00, -7.44933989e-01, ...,
          2.15065104e-01,  5.23328369e-01,  5.40646127e-01],
        [ 9.66803976e-01,  7.44933989e-01,  0.00000000e+00, ...,
          8.70980463e-01,  9.83913758e-01,  9.87361482e-01],
        ...,
        [ 2.52455609e-01, -2.15065104e-01, -8.70980463e-01, ...,
          0.00000000e+00,  3.27818671e-01,  3.47071308e-01],
        [-7.86950457e-02, -5.23328369e-01, -9.83913758e-01, ...,
         -3.27818671e-01,  0.00000000e+00,  2.04513271e-02],
        [-9.90664888e-02, -5.40646127e-01, -9.87361482e-01, ...,
         -3.47071308e-01, -2.04513271e-02,  0.00000000e+00]],

       [[ 0.00000000e+00, -2.43965825e-01,  3.17521525e-01, ...,
          6.71242293e-01,  6.71666356e-01,  7.00272366e-01],
        [ 2.43965825e-01,  0.00000000e+00,  5.39268093e-01, ...,
          4.70123180e-01,  4.70628171e-01,  5.04951526e-01],
        [-3.17521525e-01, -5.39268093e-01,  0.00000000e+00, ...,
          8.71865241e-01,  8.72145355e-01,  8.90704939e-01],
        ...,
        [-6.71242293e-01, -4.70123180e-01, -8.71865241e-01, ...,
          0.00000000e+00, -5.72249311e-04, -3.98848848e-02],
        [-6.71666356e-01, -4.70628171e-01, -8.72145355e-01, ...,
          5.72249311e-04,  0.00000000e+00, -3.93130843e-02],
        [-7.00272366e-01, -5.04951526e-01, -8.90704939e-01, ...,
          3.98848848e-02,  3.93130843e-02,  0.00000000e+00]],

       [[ 0.00000000e+00,  4.71463943e-02, -1.85671109e-01, ...,
          9.64679493e-01,  9.27997974e-01,  9.59685075e-01],
        [-4.71463943e-02,  0.00000000e+00, -2.31791251e-01, ...,
          9.76026366e-01,  9.44532082e-01,  9.71869687e-01],
        [ 1.85671109e-01,  2.31791251e-01,  0.00000000e+00, ...,
          8.98994921e-01,  8.42683583e-01,  8.90810052e-01],
        ...,
        [-9.64679493e-01, -9.76026366e-01, -8.98994921e-01, ...,
          0.00000000e+00,  1.14966159e-01,  1.83432931e-02],
        [-9.27997974e-01, -9.44532082e-01, -8.42683583e-01, ...,
         -1.14966159e-01,  0.00000000e+00, -9.67251497e-02],
        [-9.59685075e-01, -9.71869687e-01, -8.90810052e-01, ...,
         -1.83432931e-02,  9.67251497e-02,  0.00000000e+00]]]), 'num': array([ 8.39877035e-01,  5.37854051e-01,  2.72583921e-06,  2.01348656e-02,
        2.03529327e-02,  1.97169036e-02,  4.44955089e-02, -9.44957591e-04,
        2.05564621e-02,  2.10598337e-02,  1.92647172e-02,  7.49826319e-06,
        2.28182439e-02,  1.93014235e-02])}
{'img': array([[[ 0.        , -0.79602545, -0.26287801, ...,  0.94728847,
          0.96731992,  0.88416421],
        [ 0.79602545,  0.        ,  0.60891812, ...,  0.82839094,
          0.78732253,  0.90703621],
        [ 0.26287801, -0.60891812,  0.        , ...,  0.99819282,
          0.99995348,  0.9758777 ],
        ...,
        [-0.94728847, -0.82839094, -0.99819282, ...,  0.        ,
          0.06971827, -0.15928049],
        [-0.96731992, -0.78732253, -0.99995348, ..., -0.06971827,
          0.        , -0.22772111],
        [-0.88416421, -0.90703621, -0.9758777 , ...,  0.15928049,
          0.22772111,  0.        ]],

       [[ 0.        ,  0.60939544, -0.17634058, ..., -0.71383402,
         -0.21984605,  0.06284485],
        [-0.60939544,  0.        , -0.73966026, ..., -0.99274376,
         -0.76879488, -0.55836328],
        [ 0.17634058,  0.73966026,  0.        , ..., -0.57915374,
         -0.04437456,  0.23785203],
        ...,
        [ 0.71383402,  0.99274376,  0.57915374, ...,  0.        ,
          0.5424083 ,  0.75643418],
        [ 0.21984605,  0.76879488,  0.04437456, ..., -0.5424083 ,
          0.        ,  0.2807188 ],
        [-0.06284485,  0.55836328, -0.23785203, ..., -0.75643418,
         -0.2807188 ,  0.        ]],

       [[ 0.        , -0.25285871, -0.48878724, ...,  0.95153442,
          0.96066583,  0.95422035],
        [ 0.25285871,  0.        , -0.25230853, ...,  0.99837735,
          0.99966791,  0.99884244],
        [ 0.48878724,  0.25230853,  0.        , ...,  0.98044424,
          0.9738274 ,  0.9786632 ],
        ...,
        [-0.95153442, -0.99837735, -0.98044424, ...,  0.        ,
          0.0311976 ,  0.00885483],
        [-0.96066583, -0.99966791, -0.9738274 , ..., -0.0311976 ,
          0.        , -0.02234585],
        [-0.95422035, -0.99884244, -0.9786632 , ..., -0.00885483,
          0.02234585,  0.        ]],

       ...,

       [[ 0.        , -0.74493399,  0.09042698, ...,  0.52332837,
          0.54064613,  0.38716167],
        [ 0.74493399,  0.        ,  0.80220935, ...,  0.98391376,
          0.98736148,  0.94512829],
        [-0.09042698, -0.80220935,  0.        , ...,  0.4441287 ,
          0.46235944,  0.30220075],
        ...,
        [-0.52332837, -0.98391376, -0.4441287 , ...,  0.        ,
          0.02045133, -0.15260245],
        [-0.54064613, -0.98736148, -0.46235944, ..., -0.02045133,
          0.        , -0.17278233],
        [-0.38716167, -0.94512829, -0.30220075, ...,  0.15260245,
          0.17278233,  0.        ]],

       [[ 0.        ,  0.53926809,  0.59835922, ...,  0.47062817,
          0.50495153,  0.56181338],
        [-0.53926809,  0.        ,  0.07182205, ...,  0.87214536,
          0.89070494,  0.91923931],
        [-0.59835922, -0.07182205,  0.        , ...,  0.90503172,
          0.92105367,  0.94514163],
        ...,
        [-0.47062817, -0.87214536, -0.90503172, ...,  0.        ,
         -0.03931308, -0.10637198],
        [-0.50495153, -0.89070494, -0.92105367, ...,  0.03931308,
          0.        , -0.06719971],
        [-0.56181338, -0.91923931, -0.94514163, ...,  0.10637198,
          0.06719971,  0.        ]],

       [[ 0.        , -0.23179125, -0.32525871, ...,  0.94453208,
          0.97186969,  0.99744381],
        [ 0.23179125,  0.        , -0.09721285, ...,  0.84268358,
          0.89081005,  0.95371628],
        [ 0.32525871,  0.09721285,  0.        , ...,  0.78635202,
          0.84241966,  0.91996643],
        ...,
        [-0.94453208, -0.84268358, -0.78635202, ...,  0.        ,
         -0.09672515, -0.2600879 ],
        [-0.97186969, -0.89081005, -0.84241966, ...,  0.09672515,
          0.        , -0.16547203],
        [-0.99744381, -0.95371628, -0.91996643, ...,  0.2600879 ,
          0.16547203,  0.        ]]]), 'num': array([ 8.64943421e-01,  4.97704298e-01,  3.40983401e-06,  2.04021735e-02,
        2.08757616e-02,  2.03642865e-02,  2.46834095e-02, -5.87249191e-04,
        2.12546320e-02,  2.17784204e-02,  2.01587492e-02,  7.89313429e-06,
        2.34976439e-02,  2.00591969e-02])}
{'img': array([[[ 0.        ,  0.60891812,  0.85941527, ...,  0.78732253,
          0.90703621,  0.95250873],
        [-0.60891812,  0.        ,  0.37039007, ...,  0.99995348,
          0.9758777 ,  0.94098387],
        [-0.85941527, -0.37039007,  0.        , ...,  0.93240589,
          0.8256069 ,  0.74869859],
        ...,
        [-0.78732253, -0.99995348, -0.93240589, ...,  0.        ,
         -0.22772111, -0.34751243],
        [-0.90703621, -0.9758777 , -0.8256069 , ...,  0.22772111,
          0.        , -0.12485355],
        [-0.95250873, -0.94098387, -0.74869859, ...,  0.34751243,
          0.12485355,  0.        ]],

       [[ 0.        , -0.73966026, -0.34672555, ..., -0.76879488,
         -0.55836328, -0.91552244],
        [ 0.73966026,  0.        ,  0.46043712, ..., -0.04437456,
          0.23785203, -0.31858788],
        [ 0.34672555, -0.46043712,  0.        , ..., -0.49937453,
         -0.2360838 , -0.71925329],
        ...,
        [ 0.76879488,  0.04437456,  0.49937453, ...,  0.        ,
          0.2807188 , -0.27621171],
        [ 0.55836328, -0.23785203,  0.2360838 , ..., -0.2807188 ,
          0.        , -0.5349032 ],
        [ 0.91552244,  0.31858788,  0.71925329, ...,  0.27621171,
          0.5349032 ,  0.        ]],

       [[ 0.        , -0.25230853, -0.37450794, ...,  0.99966791,
          0.99884244,  0.99515945],
        [ 0.25230853,  0.        , -0.12844498, ...,  0.9738274 ,
          0.9786632 ,  0.98775813],
        [ 0.37450794,  0.12844498,  0.        , ...,  0.93656673,
          0.94416485,  0.95953963],
        ...,
        [-0.99966791, -0.9738274 , -0.93656673, ...,  0.        ,
         -0.02234585, -0.07259592],
        [-0.99884244, -0.9786632 , -0.94416485, ...,  0.02234585,
          0.        , -0.0502909 ],
        [-0.99515945, -0.98775813, -0.95953963, ...,  0.07259592,
          0.0502909 ,  0.        ]],

       ...,

       [[ 0.        ,  0.80220935,  0.99896132, ...,  0.98736148,
          0.94512829,  0.94978397],
        [-0.80220935,  0.        ,  0.5598691 , ...,  0.46235944,
          0.30220075,  0.31604529],
        [-0.99896132, -0.5598691 ,  0.        , ..., -0.1133295 ,
         -0.2832942 , -0.26930336],
        ...,
        [-0.98736148, -0.46235944,  0.1133295 , ...,  0.        ,
         -0.17278233, -0.15842577],
        [-0.94512829, -0.30220075,  0.2832942 , ...,  0.17278233,
          0.        ,  0.01455719],
        [-0.94978397, -0.31604529,  0.26930336, ...,  0.15842577,
         -0.01455719,  0.        ]],

       [[ 0.        ,  0.08745937,  0.04325988, ...,  0.8390324 ,
          0.87422117,  0.93704511],
        [-0.08745937,  0.        , -0.04428338, ...,  0.88340233,
          0.9133352 ,  0.96399597],
        [-0.04325988,  0.04428338,  0.        , ...,  0.86178385,
          0.89440665,  0.95127461],
        ...,
        [-0.8390324 , -0.88340233, -0.86178385, ...,  0.        ,
         -0.06827388, -0.21683174],
        [-0.87422117, -0.9133352 , -0.89440665, ...,  0.06827388,
          0.        , -0.14967621],
        [-0.93704511, -0.96399597, -0.95127461, ...,  0.21683174,
          0.14967621,  0.        ]],

       [[ 0.        , -0.09721285, -0.11508596, ...,  0.89081005,
          0.95371628,  0.97111897],
        [ 0.09721285,  0.        , -0.01797394, ...,  0.84241966,
          0.91996643,  0.94332481],
        [ 0.11508596,  0.01797394,  0.        , ...,  0.83259881,
          0.91277208,  0.93720739],
        ...,
        [-0.89081005, -0.84241966, -0.83259881, ...,  0.        ,
         -0.16547203, -0.22870955],
        [-0.95371628, -0.91996643, -0.91277208, ...,  0.16547203,
          0.        , -0.06447052],
        [-0.97111897, -0.94332481, -0.93720739, ...,  0.22870955,
          0.06447052,  0.        ]]]), 'num': array([ 8.90742318e-01,  4.49926838e-01,  4.10060911e-06,  2.09912133e-02,
        2.15184345e-02,  2.07959462e-02,  2.01589849e-02, -3.90534201e-05,
        2.17332283e-02,  2.22682602e-02,  2.08916271e-02,  6.58082494e-06,
        2.38514128e-02,  2.06851075e-02])}
{'img': array([[[ 0.        ,  0.72804006,  0.70350347, ...,  0.93513269,
          0.97451585,  0.9764082 ],
        [-0.72804006,  0.        , -0.03513615, ...,  0.89900872,
          0.83137729,  0.82656941],
        [-0.70350347,  0.03513615,  0.        , ...,  0.91384081,
          0.8503894 ,  0.84583488],
        ...,
        [-0.93513269, -0.89900872, -0.91384081, ...,  0.        ,
         -0.13550101, -0.14401325],
        [-0.97451585, -0.83137729, -0.8503894 , ...,  0.13550101,
          0.        , -0.00859653],
        [-0.9764082 , -0.82656941, -0.84583488, ...,  0.14401325,
          0.00859653,  0.        ]],

       [[ 0.        ,  0.46043712, -0.51696184, ...,  0.23785203,
         -0.31858788, -0.47405765],
        [-0.46043712,  0.        , -0.85304112, ..., -0.2360838 ,
         -0.71925329, -0.82622937],
        [ 0.51696184,  0.85304112,  0.        , ...,  0.70572911,
          0.21731077,  0.04938436],
        ...,
        [-0.23785203,  0.2360838 , -0.70572911, ...,  0.        ,
         -0.5349032 , -0.66988009],
        [ 0.31858788,  0.71925329, -0.21731077, ...,  0.5349032 ,
          0.        , -0.16884143],
        [ 0.47405765,  0.82622937, -0.04938436, ...,  0.66988009,
          0.16884143,  0.        ]],

       [[ 0.        , -0.12844498, -0.32760591, ...,  0.9786632 ,
          0.98775813,  0.99409892],
        [ 0.12844498,  0.        , -0.20353556, ...,  0.94416485,
          0.95953963,  0.97193107],
        [ 0.32760591,  0.20353556,  0.        , ...,  0.85734161,
          0.88214388,  0.90370121],
        ...,
        [-0.9786632 , -0.94416485, -0.85734161, ...,  0.        ,
         -0.0502909 , -0.09809575],
        [-0.98775813, -0.95953963, -0.88214388, ...,  0.0502909 ,
          0.        , -0.04792327],
        [-0.99409892, -0.97193107, -0.90370121, ...,  0.09809575,
          0.04792327,  0.        ]],

       ...,

       [[ 0.        ,  0.95093923,  0.90622886, ...,  0.74999368,
          0.76488085,  0.17665527],
        [-0.95093923,  0.        , -0.12167815, ..., -0.39696264,
         -0.37593111, -0.8813304 ],
        [-0.90622886,  0.12167815,  0.        , ..., -0.28233261,
         -0.26038502, -0.81728878],
        ...,
        [-0.74999368,  0.39696264,  0.28233261, ...,  0.        ,
          0.02280185, -0.62135063],
        [-0.76488085,  0.37593111,  0.26038502, ..., -0.02280185,
          0.        , -0.63905507],
        [-0.17665527,  0.8813304 ,  0.81728878, ...,  0.62135063,
          0.63905507,  0.        ]],

       [[ 0.        , -0.04428338, -0.097786  , ...,  0.9133352 ,
          0.96399597,  0.99385768],
        [ 0.04428338,  0.        , -0.05361893, ...,  0.89440665,
          0.95127461,  0.98798206],
        [ 0.097786  ,  0.05361893,  0.        , ...,  0.86913871,
          0.93337304,  0.97827302],
        ...,
        [-0.9133352 , -0.89440665, -0.86913871, ...,  0.        ,
         -0.14967621, -0.30363242],
        [-0.96399597, -0.95127461, -0.93337304, ...,  0.14967621,
          0.        , -0.15760214],
        [-0.99385768, -0.98798206, -0.97827302, ...,  0.30363242,
          0.15760214,  0.        ]],

       [[ 0.        , -0.01797394, -0.03786216, ...,  0.91996643,
          0.94332481,  0.9407039 ],
        [ 0.01797394,  0.        , -0.01989499, ...,  0.91277208,
          0.93720739,  0.93445466],
        [ 0.03786216,  0.01989499,  0.        , ...,  0.90446493,
          0.93008306,  0.92718546],
        ...,
        [-0.91996643, -0.91277208, -0.90446493, ...,  0.        ,
         -0.06447052, -0.05667415],
        [-0.94332481, -0.93720739, -0.93008306, ...,  0.06447052,
          0.        ,  0.00781065],
        [-0.9407039 , -0.93445466, -0.92718546, ...,  0.05667415,
         -0.00781065,  0.        ]]]), 'num': array([ 9.20240267e-01,  3.84608346e-01,  5.13057395e-06,  2.14252768e-02,
        2.17536336e-02,  2.10763978e-02,  3.52930130e-02, -6.36191170e-04,
        2.24267649e-02,  2.32178994e-02,  2.20453922e-02,  8.69347253e-06,
        2.48943222e-02,  2.15414765e-02])}
{'img': array([[[ 0.        , -0.16273911, -0.04080285, ...,  0.98610441,
          0.98442548,  0.94653933],
        [ 0.16273911,  0.        ,  0.12234468, ...,  0.9999941 ,
          0.99991216,  0.9864189 ],
        [ 0.04080285, -0.12234468,  0.        , ...,  0.99206164,
          0.99077891,  0.9589136 ],
        ...,
        [-0.98610441, -0.9999941 , -0.99206164, ...,  0.        ,
         -0.0098201 , -0.16086039],
        [-0.98442548, -0.99991216, -0.99077891, ...,  0.0098201 ,
          0.        , -0.15116042],
        [-0.94653933, -0.9864189 , -0.9589136 , ...,  0.16086039,
          0.15116042,  0.        ]],

       [[ 0.        , -0.85304112, -0.85034874, ..., -0.71925329,
         -0.82622937, -0.54793381],
        [ 0.85304112,  0.        ,  0.00513778, ...,  0.21731077,
          0.04938436,  0.42765159],
        [ 0.85034874, -0.00513778,  0.        , ...,  0.2122929 ,
          0.04425219,  0.42300168],
        ...,
        [ 0.71925329, -0.21731077, -0.2122929 , ...,  0.        ,
         -0.16884143,  0.22099509],
        [ 0.82622937, -0.04938436, -0.04425219, ...,  0.16884143,
          0.        ,  0.38248912],
        [ 0.54793381, -0.42765159, -0.42300168, ..., -0.22099509,
         -0.38248912,  0.        ]],

       [[ 0.        , -0.20353556,  0.00462332, ...,  0.95953963,
          0.97193107,  0.99109892],
        [ 0.20353556,  0.        ,  0.20805993, ...,  0.88214388,
          0.90370121,  0.94325661],
        [-0.00462332, -0.20805993,  0.        , ...,  0.96083118,
          0.97300839,  0.99170382],
        ...,
        [-0.95953963, -0.88214388, -0.96083118, ...,  0.        ,
         -0.04792327, -0.15132617],
        [-0.97193107, -0.90370121, -0.97300839, ...,  0.04792327,
          0.        , -0.10378092],
        [-0.99109892, -0.94325661, -0.99170382, ...,  0.15132617,
          0.10378092,  0.        ]],

       ...,

       [[ 0.        , -0.12300149, -0.42185951, ..., -0.38089555,
         -0.92505305, -0.34466457],
        [ 0.12300149,  0.        , -0.30713544, ..., -0.26427381,
         -0.87130801, -0.22658267],
        [ 0.42185951,  0.30713544,  0.        , ...,  0.04471571,
         -0.67847147,  0.08351646],
        ...,
        [ 0.38089555,  0.26427381, -0.04471571, ...,  0.        ,
         -0.71064219,  0.03887343],
        [ 0.92505305,  0.87130801,  0.67847147, ...,  0.71064219,
          0.        ,  0.73745459],
        [ 0.34466457,  0.22658267, -0.08351646, ..., -0.03887343,
         -0.73745459,  0.        ]],

       [[ 0.        , -0.05361893, -0.08847737, ...,  0.95127461,
          0.98798206,  0.99588227],
        [ 0.05361893,  0.        , -0.03494145, ...,  0.93337304,
          0.97827302,  0.98958878],
        [ 0.08847737,  0.03494145,  0.        , ...,  0.92026233,
          0.97043156,  0.9839556 ],
        ...,
        [-0.95127461, -0.93337304, -0.92026233, ...,  0.        ,
         -0.15760214, -0.22083653],
        [-0.98798206, -0.97827302, -0.97043156, ...,  0.15760214,
          0.        , -0.0643656 ],
        [-0.99588227, -0.98958878, -0.9839556 , ...,  0.22083653,
          0.0643656 ,  0.        ]],

       [[ 0.        , -0.01989499, -0.03630198, ...,  0.93720739,
          0.93445466,  0.97637553],
        [ 0.01989499,  0.        , -0.01641292, ...,  0.93008306,
          0.92718546,  0.97188336],
        [ 0.03630198,  0.01641292,  0.        , ...,  0.92392851,
          0.92091224,  0.96788782],
        ...,
        [-0.93720739, -0.93008306, -0.92392851, ...,  0.        ,
          0.00781065, -0.1380207 ],
        [-0.93445466, -0.92718546, -0.92091224, ..., -0.00781065,
          0.        , -0.14575239],
        [-0.97637553, -0.97188336, -0.96788782, ...,  0.1380207 ,
          0.14575239,  0.        ]]]), 'num': array([9.50004822e-01, 3.04044105e-01, 6.05398985e-06, 2.22745075e-02,
       2.29007823e-02, 2.19613701e-02, 2.95405479e-02, 4.80144023e-04,
       2.24248134e-02, 2.35030499e-02, 2.24971830e-02, 9.16843757e-06,
       2.52450636e-02, 2.17610363e-02])}
{'img': array([[[ 0.00000000e+00,  1.22344677e-01,  4.42950199e-01, ...,
          9.99912159e-01,  9.86418899e-01,  9.98624159e-01],
        [-1.22344677e-01,  0.00000000e+00,  3.29934954e-01, ...,
          9.90778907e-01,  9.58913598e-01,  9.84706606e-01],
        [-4.42950199e-01, -3.29934954e-01,  0.00000000e+00, ...,
          8.90596501e-01,  8.11615977e-01,  8.72085103e-01],
        ...,
        [-9.99912159e-01, -9.90778907e-01, -8.90596501e-01, ...,
          0.00000000e+00, -1.51160417e-01, -3.91978245e-02],
        [-9.86418899e-01, -9.58913598e-01, -8.11615977e-01, ...,
          1.51160417e-01,  0.00000000e+00,  1.12296834e-01],
        [-9.98624159e-01, -9.84706606e-01, -8.72085103e-01, ...,
          3.91978245e-02, -1.12296834e-01,  0.00000000e+00]],

       [[ 0.00000000e+00,  5.13778484e-03,  5.14286861e-01, ...,
          4.93843557e-02,  4.27651594e-01,  2.78655296e-01],
        [-5.13778484e-03,  0.00000000e+00,  5.09873815e-01, ...,
          4.42521880e-02,  4.23001681e-01,  2.73717335e-01],
        [-5.14286861e-01, -5.09873815e-01,  0.00000000e+00, ...,
         -4.71306429e-01, -9.81245376e-02, -2.54936706e-01],
        ...,
        [-4.93843557e-02, -4.42521880e-02,  4.71306429e-01, ...,
          0.00000000e+00,  3.82489119e-01,  2.30886994e-01],
        [-4.27651594e-01, -4.23001681e-01,  9.81245376e-02, ...,
         -3.82489119e-01,  0.00000000e+00, -1.58824136e-01],
        [-2.78655296e-01, -2.73717335e-01,  2.54936706e-01, ...,
         -2.30886994e-01,  1.58824136e-01,  0.00000000e+00]],

       [[ 0.00000000e+00,  2.08059929e-01,  5.55391571e-01, ...,
          9.03701215e-01,  9.43256611e-01,  9.69881425e-01],
        [-2.08059929e-01,  0.00000000e+00,  3.70217085e-01, ...,
          9.73008389e-01,  9.91703817e-01,  9.99335345e-01],
        [-5.55391571e-01, -3.70217085e-01,  0.00000000e+00, ...,
          9.89306440e-01,  9.68827723e-01,  9.41823604e-01],
        ...,
        [-9.03701215e-01, -9.73008389e-01, -9.89306440e-01, ...,
          0.00000000e+00, -1.03780924e-01, -1.95146651e-01],
        [-9.43256611e-01, -9.91703817e-01, -9.68827723e-01, ...,
          1.03780924e-01,  0.00000000e+00, -9.23072550e-02],
        [-9.69881425e-01, -9.99335345e-01, -9.41823604e-01, ...,
          1.95146651e-01,  9.23072550e-02,  0.00000000e+00]],

       ...,

       [[ 0.00000000e+00, -3.07135440e-01, -4.74949507e-02, ...,
         -8.71308013e-01, -2.26582667e-01, -1.44888464e-01],
        [ 3.07135440e-01,  0.00000000e+00,  2.61589510e-01, ...,
         -6.78471468e-01,  8.35164644e-02,  1.66009147e-01],
        [ 4.74949507e-02, -2.61589510e-01,  0.00000000e+00, ...,
         -8.47017215e-01, -1.80067264e-01, -9.77311705e-02],
        ...,
        [ 8.71308013e-01,  6.78471468e-01,  8.47017215e-01, ...,
          0.00000000e+00,  7.37454587e-01,  7.91011903e-01],
        [ 2.26582667e-01, -8.35164644e-02,  1.80067264e-01, ...,
         -7.37454587e-01,  0.00000000e+00,  8.30715692e-02],
        [ 1.44888464e-01, -1.66009147e-01,  9.77311705e-02, ...,
         -7.91011903e-01, -8.30715692e-02,  0.00000000e+00]],

       [[ 0.00000000e+00, -3.49414526e-02, -9.54072510e-02, ...,
          9.78273019e-01,  9.89588782e-01,  9.93191383e-01],
        [ 3.49414526e-02,  0.00000000e+00, -6.05669306e-02, ...,
          9.70431558e-01,  9.83955596e-01,  9.88514428e-01],
        [ 9.54072510e-02,  6.05669306e-02,  0.00000000e+00, ...,
          9.54030549e-01,  9.71343230e-01,  9.77546383e-01],
        ...,
        [-9.78273019e-01, -9.70431558e-01, -9.54030549e-01, ...,
          0.00000000e+00, -6.43655961e-02, -9.19461603e-02],
        [-9.89588782e-01, -9.83955596e-01, -9.71343230e-01, ...,
          6.43655961e-02,  0.00000000e+00, -2.76625572e-02],
        [-9.93191383e-01, -9.88514428e-01, -9.77546383e-01, ...,
          9.19461603e-02,  2.76625572e-02,  0.00000000e+00]],

       [[ 0.00000000e+00, -1.64129196e-02, -1.60020342e-02, ...,
          9.27185457e-01,  9.71883365e-01,  9.88556756e-01],
        [ 1.64129196e-02,  0.00000000e+00,  4.10939345e-04, ...,
          9.20912241e-01,  9.67887819e-01,  9.85947717e-01],
        [ 1.60020342e-02, -4.10939345e-04,  0.00000000e+00, ...,
          9.21072335e-01,  9.67991040e-01,  9.86016283e-01],
        ...,
        [-9.27185457e-01, -9.20912241e-01, -9.21072335e-01, ...,
          0.00000000e+00, -1.45752388e-01, -2.30450593e-01],
        [-9.71883365e-01, -9.67887819e-01, -9.67991040e-01, ...,
          1.45752388e-01,  0.00000000e+00, -8.61603137e-02],
        [-9.88556756e-01, -9.85947717e-01, -9.86016283e-01, ...,
          2.30450593e-01,  8.61603137e-02,  0.00000000e+00]]]), 'num': array([ 9.61039170e-01,  2.67237717e-01,  6.66475939e-06,  2.23806920e-02,
        2.26601819e-02,  2.19937060e-02,  2.62230333e-02, -5.58979820e-04,
        2.28063766e-02,  2.40468819e-02,  2.32360028e-02,  8.63987500e-06,
        2.58981386e-02,  2.21956252e-02])}
{'img': array([[[ 0.00000000e+00,  3.29934954e-01, -2.19777067e-01, ...,
          9.58913598e-01,  9.84706606e-01,  9.54636896e-01],
        [-3.29934954e-01,  0.00000000e+00, -5.29338442e-01, ...,
          8.11615977e-01,  8.72085103e-01,  8.02935211e-01],
        [ 2.19777067e-01,  5.29338442e-01,  0.00000000e+00, ...,
          9.97818653e-01,  9.98920395e-01,  9.96739683e-01],
        ...,
        [-9.58913598e-01, -8.11615977e-01, -9.97818653e-01, ...,
          0.00000000e+00,  1.12296834e-01, -1.47091543e-02],
        [-9.84706606e-01, -8.72085103e-01, -9.98920395e-01, ...,
         -1.12296834e-01,  0.00000000e+00, -1.26900800e-01],
        [-9.54636896e-01, -8.02935211e-01, -9.96739683e-01, ...,
          1.47091543e-02,  1.26900800e-01,  0.00000000e+00]],

       [[ 0.00000000e+00,  5.09873815e-01,  3.81726840e-01, ...,
          4.23001681e-01,  2.73717335e-01,  1.63867170e-01],
        [-5.09873815e-01,  0.00000000e+00, -1.42883505e-01, ...,
         -9.81245376e-02, -2.54936706e-01, -3.62014948e-01],
        [-3.81726840e-01,  1.42883505e-01,  0.00000000e+00, ...,
          4.50762376e-02, -1.14158620e-01, -2.25108455e-01],
        ...,
        [-4.23001681e-01,  9.81245376e-02, -4.50762376e-02, ...,
          0.00000000e+00, -1.58824136e-01, -2.68798941e-01],
        [-2.73717335e-01,  2.54936706e-01,  1.14158620e-01, ...,
          1.58824136e-01,  0.00000000e+00, -1.12408224e-01],
        [-1.63867170e-01,  3.62014948e-01,  2.25108455e-01, ...,
          2.68798941e-01,  1.12408224e-01,  0.00000000e+00]],

       [[ 0.00000000e+00,  5.23782801e-01,  6.17672044e-01, ...,
          9.45825530e-01,  9.71944760e-01,  9.85313489e-01],
        [-5.23782801e-01,  0.00000000e+00,  1.14243536e-01, ...,
          9.75762580e-01,  9.51151495e-01,  9.28779742e-01],
        [-6.17672044e-01, -1.14243536e-01,  0.00000000e+00, ...,
          9.44373916e-01,  9.09654310e-01,  8.80356484e-01],
        ...,
        [-9.45825530e-01, -9.75762580e-01, -9.44373916e-01, ...,
          0.00000000e+00, -9.30995808e-02, -1.58402377e-01],
        [-9.71944760e-01, -9.51151495e-01, -9.09654310e-01, ...,
          9.30995808e-02,  0.00000000e+00, -6.57902388e-02],
        [-9.85313489e-01, -9.28779742e-01, -8.80356484e-01, ...,
          1.58402377e-01,  6.57902388e-02,  0.00000000e+00]],

       ...,

       [[ 0.00000000e+00,  2.61589510e-01,  1.40974882e-01, ...,
          8.35164644e-02,  1.66009147e-01, -4.29325686e-02],
        [-2.61589510e-01,  0.00000000e+00, -1.22911034e-01, ...,
         -1.80067264e-01, -9.77311705e-02, -3.02785940e-01],
        [-1.40974882e-01,  1.22911034e-01,  0.00000000e+00, ...,
         -5.77999715e-02,  2.53324980e-02, -1.83348707e-01],
        ...,
        [-8.35164644e-02,  1.80067264e-01,  5.77999715e-02, ...,
          0.00000000e+00,  8.30715692e-02, -1.26222039e-01],
        [-1.66009147e-01,  9.77311705e-02, -2.53324980e-02, ...,
         -8.30715692e-02,  0.00000000e+00, -2.08192927e-01],
        [ 4.29325686e-02,  3.02785940e-01,  1.83348707e-01, ...,
          1.26222039e-01,  2.08192927e-01,  0.00000000e+00]],

       [[ 0.00000000e+00, -6.05669306e-02, -1.57938513e-01, ...,
          9.83955596e-01,  9.88514428e-01,  9.93080513e-01],
        [ 6.05669306e-02,  0.00000000e+00, -9.78418073e-02, ...,
          9.71343230e-01,  9.77546383e-01,  9.84144648e-01],
        [ 1.57938513e-01,  9.78418073e-02,  0.00000000e+00, ...,
          9.43427552e-01,  9.52238835e-01,  9.62068723e-01],
        ...,
        [-9.83955596e-01, -9.71343230e-01, -9.43427552e-01, ...,
          0.00000000e+00, -2.76625572e-02, -6.16276875e-02],
        [-9.88514428e-01, -9.77546383e-01, -9.52238835e-01, ...,
          2.76625572e-02,  0.00000000e+00, -3.39941273e-02],
        [-9.93080513e-01, -9.84144648e-01, -9.62068723e-01, ...,
          6.16276875e-02,  3.39941273e-02,  0.00000000e+00]],

       [[ 0.00000000e+00,  4.10939345e-04, -1.33461836e-02, ...,
          9.67887819e-01,  9.85947717e-01,  9.97848082e-01],
        [-4.10939345e-04,  0.00000000e+00, -1.37570852e-02, ...,
          9.67991040e-01,  9.86016283e-01,  9.97874943e-01],
        [ 1.33461836e-02,  1.37570852e-02,  0.00000000e+00, ...,
          9.64446618e-01,  9.83630369e-01,  9.96884123e-01],
        ...,
        [-9.67887819e-01, -9.67991040e-01, -9.64446618e-01, ...,
          0.00000000e+00, -8.61603137e-02, -1.87378786e-01],
        [-9.85947717e-01, -9.86016283e-01, -9.83630369e-01, ...,
          8.61603137e-02,  0.00000000e+00, -1.02047759e-01],
        [-9.97848082e-01, -9.97874943e-01, -9.96884123e-01, ...,
          1.87378786e-01,  1.02047759e-01,  0.00000000e+00]]]), 'num': array([9.68381712e-01, 2.38859884e-01, 6.71133236e-06, 2.27975571e-02,
       2.30282592e-02, 2.16440469e-02, 3.17173373e-02, 9.64754027e-04,
       2.22900126e-02, 2.33606799e-02, 2.27472221e-02, 7.59484248e-06,
       2.50863454e-02, 2.16350143e-02])}
{'img': array([[[ 0.        , -0.52933844,  0.01821003, ...,  0.8720851 ,
          0.80293521,  0.91589627],
        [ 0.52933844,  0.        ,  0.54470026, ...,  0.99892039,
          0.99673968,  0.98954065],
        [-0.01821003, -0.54470026,  0.        , ...,  0.86302934,
          0.79194768,  0.90843462],
        ...,
        [-0.8720851 , -0.99892039, -0.86302934, ...,  0.        ,
         -0.1269008 ,  0.09812966],
        [-0.80293521, -0.99673968, -0.79194768, ...,  0.1269008 ,
          0.        ,  0.22362465],
        [-0.91589627, -0.98954065, -0.90843462, ..., -0.09812966,
         -0.22362465,  0.        ]],

       [[ 0.        , -0.14288351,  0.54486867, ..., -0.25493671,
         -0.36201495, -0.2036853 ],
        [ 0.14288351,  0.        ,  0.65908893, ..., -0.11415862,
         -0.22510845, -0.06170724],
        [-0.54486867, -0.65908893,  0.        , ..., -0.74063486,
         -0.81146876, -0.70424075],
        ...,
        [ 0.25493671,  0.11415862,  0.74063486, ...,  0.        ,
         -0.11240822,  0.05263724],
        [ 0.36201495,  0.22510845,  0.81146876, ...,  0.11240822,
          0.        ,  0.16455602],
        [ 0.2036853 ,  0.06170724,  0.70424075, ..., -0.05263724,
         -0.16455602,  0.        ]],

       [[ 0.        ,  0.36919828,  0.43102986, ...,  0.98474106,
