state_0,state_1,state_2,state_3,state_4,state_5,state_6,state_7,state_8,state_9,state_10,state_11,state_12,state_13,state_14,state_15,state_16,state_17,state_18,state_19,state_20,state_21,state_22,state_23,state_24,state_25,state_26,state_27,state_28,state_29,state_30,state_31,state_32,state_33,state_34,state_35,state_36,state_37,state_38,state_39,state_40,state_41,state_42,state_43,state_44,state_45,state_46,state_47,state_48,state_49,state_50,state_51,state_52,state_53,state_54,state_55,state_56,state_57,state_58,state_59,state_60,state_61,state_62,state_63,state_64,state_65,state_66,state_67,state_68,state_69,state_70,state_71,state_72,state_73,state_74,state_75,state_76,state_77,state_78,state_79,state_80,state_81,state_82,state_83,state_84,state_85,state_86,state_87,state_88,state_89,state_90,state_91,state_92,state_93,state_94,state_95,state_96,state_97,state_98,state_99,state_100,state_101,state_102,state_103,state_104,state_105,state_106,state_107,state_108,state_109,state_110,state_111,state_112,state_113,state_114,state_115,state_116,state_117,state_118,state_119,state_120,state_121,state_122,state_123,state_124,state_125,state_126,state_127,state_128,state_129,state_130,state_131,state_132,state_133,state_134,state_135,state_136,state_137,state_138,state_139,state_140,state_141,state_142,state_143,state_144,state_145,state_146,state_147,state_148,state_149,state_150,state_151,state_152,state_153,state_154,state_155,state_156,state_157,state_158,state_159,state_160,state_161,state_162,state_163,state_164,state_165,state_166,state_167,state_168,state_169,state_170,state_171,state_172,state_173,state_174,state_175,state_176,state_177,state_178,state_179,state_180,state_181,state_182,state_183,state_184,state_185,state_186,state_187,state_188,state_189,state_190,state_191,state_192,state_193,state_194,state_195,state_196,state_197,state_198,state_199,state_200,state_201,state_202,state_203,state_204,state_205,state_206,state_207,state_208,state_209,state_210,state_211,state_212,state_213,state_214,state_215,state_216,state_217,state_218,state_219,state_220,state_221,state_222,state_223,state_224,state_225,state_226,state_227,state_228,state_229,state_230,state_231,state_232,state_233,state_234,state_235,state_236,state_237,state_238,state_239,state_240,state_241,state_242,state_243,state_244,state_245,state_246,state_247,state_248,state_249,state_250,state_251,state_252,state_253,state_254,state_255,state_256,state_257,state_258,state_259,state_260,state_261,state_262,state_263,state_264,state_265,state_266,state_267,state_268,state_269,state_270,state_271,state_272,state_273,state_274,state_275,state_276,state_277,state_278,state_279,state_280,state_281,state_282,state_283,state_284,state_285,state_286,state_287
{'img': array([[[ 0.        ,  0.36312453,  0.64054805, ...,  0.62381759,
          0.66432901,  0.80204052],
        [-0.36312453,  0.        ,  0.31797474, ...,  0.86504342,
          0.89039622,  0.96417698],
        [-0.64054805, -0.31797474,  0.        , ...,  0.97967393,
          0.98892168,  0.99848132],
        ...,
        [-0.62381759, -0.86504342, -0.97967393, ...,  0.        ,
         -0.05295321, -0.25426348],
        [-0.66432901, -0.89039622, -0.98892168, ...,  0.05295321,
          0.        , -0.20269384],
        [-0.80204052, -0.96417698, -0.99848132, ...,  0.25426348,
          0.20269384,  0.        ]],

       [[ 0.        , -0.58800493, -0.62211234, ..., -0.9999785 ,
         -0.95260303, -0.9837954 ],
        [ 0.58800493,  0.        , -0.04283462, ..., -0.81269544,
         -0.94940056, -0.69032393],
        [ 0.62211234,  0.04283462,  0.        , ..., -0.78699027,
         -0.9350762 , -0.65869946],
        ...,
        [ 0.9999785 ,  0.81269544,  0.78699027, ...,  0.        ,
         -0.29796351,  0.18574154],
        [ 0.95260303,  0.94940056,  0.9350762 , ...,  0.29796351,
          0.        ,  0.47008319],
        [ 0.9837954 ,  0.69032393,  0.65869946, ..., -0.18574154,
         -0.47008319,  0.        ]],

       [[ 0.        ,  0.41264685,  0.62227712, ...,  0.40713872,
          0.415368  ,  0.5162538 ],
        [-0.41264685,  0.        ,  0.24380795, ...,  0.74775677,
          0.75372065,  0.82365646],
        [-0.62227712, -0.24380795,  0.        , ...,  0.88707395,
          0.89120537,  0.93706225],
        ...,
        [-0.40713872, -0.74775677, -0.88707395, ...,  0.        ,
         -0.009028  , -0.12284073],
        [-0.415368  , -0.75372065, -0.89120537, ...,  0.009028  ,
          0.        , -0.1138761 ],
        [-0.5162538 , -0.82365646, -0.93706225, ...,  0.12284073,
          0.1138761 ,  0.        ]],

       ...,

       [[ 0.        ,  0.48528343,  0.62701303, ..., -0.61971456,
         -0.81409349, -0.78646891],
        [-0.48528343,  0.        ,  0.17019313, ..., -0.92271538,
         -0.99362877, -0.38792899],
        [-0.62701303, -0.17019313,  0.        , ..., -0.97486001,
         -0.99831365, -0.2254042 ],
        ...,
        [ 0.61971456,  0.92271538,  0.97486001, ...,  0.        ,
         -0.27903356, -0.99999648],
        [ 0.81409349,  0.99362877,  0.99831365, ...,  0.27903356,
          0.        , -0.95953756],
        [ 0.78646891,  0.38792899,  0.2254042 , ...,  0.99999648,
          0.95953756,  0.        ]],

       [[ 0.        ,  0.3339728 ,  0.44595826, ...,  0.20687869,
          0.25143905,  0.32089074],
        [-0.3339728 ,  0.        ,  0.12142894, ...,  0.5217481 ,
          0.5602454 ,  0.61877712],
        [-0.44595826, -0.12142894,  0.        , ...,  0.62147821,
          0.65668249,  0.70958877],
        ...,
        [-0.20687869, -0.5217481 , -0.62147821, ...,  0.        ,
         -0.04576725, -0.11801063],
        [-0.25143905, -0.5602454 , -0.65668249, ...,  0.04576725,
          0.        , -0.07243953],
        [-0.32089074, -0.61877712, -0.70958877, ...,  0.11801063,
          0.07243953,  0.        ]],

       [[ 0.        , -0.062512  , -0.13637168, ...,  0.79327516,
          0.71434129,  0.4873544 ],
        [ 0.062512  ,  0.        , -0.07417697, ...,  0.75366242,
          0.66919845,  0.43181549],
        [ 0.13637168,  0.07417697,  0.        , ...,  0.70283247,
          0.61223517,  0.36372108],
        ...,
        [-0.79327516, -0.75366242, -0.70283247, ...,  0.        ,
          0.12019577,  0.39595904],
        [-0.71434129, -0.66919845, -0.61223517, ..., -0.12019577,
          0.        ,  0.28271648],
        [-0.4873544 , -0.43181549, -0.36372108, ..., -0.39595904,
         -0.28271648,  0.        ]]]), 'num': array([9.29748974e-01, 3.68157165e-01, 7.69303848e-06, 1.79422303e-03,
       1.81634359e-03, 1.73523488e-03, 1.44031868e-03, 4.91567954e-05,
       1.79373146e-03, 1.81413153e-03, 1.55949933e-03, 9.80024719e-07,
       1.91067052e-03, 1.71759254e-03])}
{'img': array([[[ 0.        ,  0.55718455,  0.64190467, ...,  0.67423606,
          0.81244426,  0.6893992 ],
        [-0.55718455,  0.        ,  0.10578993, ...,  0.97136765,
          0.99950478,  0.97608355],
        [-0.64190467, -0.10578993,  0.        , ...,  0.99105053,
          0.997225  ,  0.99360454],
        ...,
        [-0.67423606, -0.97136765, -0.99105053, ...,  0.        ,
         -0.20689718, -0.02072806],
        [-0.81244426, -0.99950478, -0.997225  , ...,  0.20689718,
          0.        ,  0.18657316],
        [-0.6893992 , -0.97608355, -0.99360454, ...,  0.02072806,
         -0.18657316,  0.        ]],

       [[ 0.        , -0.04283462, -0.23816717, ..., -0.94940056,
         -0.69032393, -0.92271599],
        [ 0.04283462,  0.        , -0.19634656, ..., -0.9350762 ,
         -0.65869946, -0.90535719],
        [ 0.23816717,  0.19634656,  0.        , ..., -0.84728013,
         -0.49814523, -0.80435528],
        ...,
        [ 0.94940056,  0.9350762 ,  0.84728013, ...,  0.        ,
          0.47008319,  0.07618   ],
        [ 0.69032393,  0.65869946,  0.49814523, ..., -0.47008319,
          0.        , -0.40147901],
        [ 0.92271599,  0.90535719,  0.80435528, ..., -0.07618   ,
          0.40147901,  0.        ]],

       [[ 0.        ,  0.50016063,  0.63795008, ...,  0.42447339,
          0.52720048,  0.56494358],
        [-0.50016063,  0.        ,  0.16725924, ...,  0.82043101,
          0.88152707,  0.9019004 ],
        [-0.63795008, -0.16725924,  0.        , ...,  0.90450328,
          0.94807764,  0.96144192],
        ...,
        [-0.42447339, -0.82043101, -0.90450328, ...,  0.        ,
         -0.11665621, -0.16127723],
        [-0.52720048, -0.88152707, -0.94807764, ...,  0.11665621,
          0.        , -0.045047  ],
        [-0.56494358, -0.9019004 , -0.96144192, ...,  0.16127723,
          0.045047  ,  0.        ]],

       ...,

       [[ 0.        ,  0.17019313,  0.38792899, ..., -0.99362877,
         -0.38792899, -0.91716454],
        [-0.17019313,  0.        ,  0.2254042 , ..., -0.99831365,
         -0.2254042 , -0.83596033],
        [-0.38792899, -0.2254042 ,  0.        , ..., -0.95953756,
         -0.        , -0.69074762],
        ...,
        [ 0.99362877,  0.99831365,  0.95953756, ...,  0.        ,
         -0.95953756, -0.49933653],
        [ 0.38792899,  0.2254042 ,  0.        , ...,  0.95953756,
          0.        ,  0.69074762],
        [ 0.91716454,  0.83596033,  0.69074762, ...,  0.49933653,
         -0.69074762,  0.        ]],

       [[ 0.        ,  0.30898712,  0.52494231, ...,  0.25506635,
          0.32546781,  0.48651793],
        [-0.30898712,  0.        ,  0.23626429, ...,  0.54135191,
          0.60170517,  0.73266373],
        [-0.52494231, -0.23626429,  0.        , ...,  0.7246757 ,
          0.7733788 ,  0.87272047],
        ...,
        [-0.25506635, -0.54135191, -0.7246757 , ...,  0.        ,
         -0.07352371, -0.24758168],
        [-0.32546781, -0.60170517, -0.7733788 , ...,  0.07352371,
          0.        , -0.1756769 ],
        [-0.48651793, -0.73266373, -0.87272047, ...,  0.24758168,
          0.1756769 ,  0.        ]],

       [[ 0.        , -0.07209274, -0.2396551 , ...,  0.83050305,
          0.78350916,  0.42072141],
        [ 0.07209274,  0.        , -0.16903968, ...,  0.78818535,
          0.73667342,  0.35422485],
        [ 0.2396551 ,  0.16903968,  0.        , ...,  0.67280934,
          0.61175927,  0.1910481 ],
        ...,
        [-0.83050305, -0.78818535, -0.67280934, ...,  0.        ,
          0.07963254,  0.51907622],
        [-0.78350916, -0.73667342, -0.61175927, ..., -0.07963254,
          0.        ,  0.44936363],
        [-0.42072141, -0.35422485, -0.1910481 , ..., -0.51907622,
         -0.44936363,  0.        ]]]), 'num': array([ 7.07086810e-01,  7.07086810e-01,  0.00000000e+00,  2.52531003e-03,
        2.63353761e-03,  2.52531003e-03,  1.83406053e-03, -1.08227573e-04,
        2.60395540e-03,  2.66510398e-03,  2.30188022e-03,  1.33692884e-06,
        2.79563429e-03,  2.53457367e-03])}
{'img': array([[[ 0.        ,  0.15508604, -0.02129969, ...,  0.97469714,
          0.91332351,  0.99051274],
        [-0.15508604,  0.        , -0.17609284, ...,  0.99757057,
          0.96542961,  0.99984056],
        [ 0.02129969,  0.17609284,  0.        , ...,  0.9697149 ,
          0.90444234,  0.987361  ],
        ...,
        [-0.97469714, -0.99757057, -0.9697149 , ...,  0.        ,
          0.19277572, -0.08746513],
        [-0.91332351, -0.96542961, -0.90444234, ..., -0.19277572,
          0.        , -0.27786146],
        [-0.99051274, -0.99984056, -0.987361  , ...,  0.08746513,
          0.27786146,  0.        ]],

       [[ 0.        , -0.19634656, -0.72807651, ..., -0.65869946,
         -0.90535719, -0.95722867],
        [ 0.19634656,  0.        , -0.57930943, ..., -0.49814523,
         -0.80435528, -0.88178636],
        [ 0.72807651,  0.57930943,  0.        , ...,  0.09627348,
         -0.31144029, -0.44552013],
        ...,
        [ 0.65869946,  0.49814523, -0.09627348, ...,  0.        ,
         -0.40147901, -0.52964159],
        [ 0.90535719,  0.80435528,  0.31144029, ...,  0.40147901,
          0.        , -0.14453876],
        [ 0.95722867,  0.88178636,  0.44552013, ...,  0.52964159,
          0.14453876,  0.        ]],

       [[ 0.        ,  0.44150681,  0.62238113, ...,  0.54421651,
          0.58287047,  0.6533815 ],
        [-0.44150681,  0.        ,  0.21286267, ...,  0.85870241,
          0.88173816,  0.92048509],
        [-0.62238113, -0.21286267,  0.        , ...,  0.94810948,
          0.96194625,  0.98257151],
        ...,
        [-0.54421651, -0.85870241, -0.94810948, ...,  0.        ,
         -0.04678483, -0.13616344],
        [-0.58287047, -0.88173816, -0.96194625, ...,  0.04678483,
          0.        , -0.08966525],
        [-0.6533815 , -0.92048509, -0.98257151, ...,  0.13616344,
          0.08966525,  0.        ]],

       ...,

       [[ 0.        ,  0.2254042 , -0.36460668, ..., -0.2254042 ,
         -0.83596033, -0.72034416],
        [-0.2254042 ,  0.        , -0.56511139, ..., -0.        ,
         -0.69074762, -0.5454622 ],
        [ 0.36460668,  0.56511139,  0.        , ..., -0.56511139,
         -0.97850663, -0.92365416],
        ...,
        [ 0.2254042 ,  0.        ,  0.56511139, ...,  0.        ,
          0.69074762,  0.5454622 ],
        [ 0.83596033,  0.69074762,  0.97850663, ..., -0.69074762,
          0.        , -0.18451856],
        [ 0.72034416,  0.5454622 ,  0.92365416, ..., -0.5454622 ,
          0.18451856,  0.        ]],

       [[ 0.        ,  0.44088149,  0.58173906, ...,  0.32940832,
          0.49216456,  0.51912699],
        [-0.44088149,  0.        ,  0.16354662, ...,  0.7119403 ,
          0.82553814,  0.84277052],
        [-0.58173906, -0.16354662,  0.        , ...,  0.81720344,
          0.9067197 ,  0.91945586],
        ...,
        [-0.32940832, -0.7119403 , -0.81720344, ...,  0.        ,
         -0.17794499, -0.2086089 ],
        [-0.49216456, -0.82553814, -0.9067197 , ...,  0.17794499,
          0.        , -0.03124955],
        [-0.51912699, -0.84277052, -0.91945586, ...,  0.2086089 ,
          0.03124955,  0.        ]],

       [[ 0.        , -0.16816294, -0.31358623, ...,  0.76285444,
          0.53369161,  0.35246664],
        [ 0.16816294,  0.        , -0.14943976, ...,  0.64326163,
          0.38387952,  0.19007625],
        [ 0.31358623,  0.14943976,  0.        , ...,  0.52162032,
          0.24157872,  0.04122649],
        ...,
        [-0.76285444, -0.64326163, -0.52162032, ...,  0.        ,
          0.30006099,  0.48600334],
        [-0.53369161, -0.38387952, -0.24157872, ..., -0.30006099,
          0.        ,  0.20136792],
        [-0.35246664, -0.19007625, -0.04122649, ..., -0.48600334,
         -0.20136792,  0.        ]]]), 'num': array([9.37419250e-01, 3.48061467e-01, 8.28913899e-06, 3.36775876e-03,
       3.40091531e-03, 3.27302574e-03, 2.68634416e-03, 5.21031594e-05,
       3.39428400e-03, 3.49825349e-03, 3.03816680e-03, 1.82388280e-06,
       3.67230140e-03, 3.32420558e-03])}
{'img': array([[[ 0.        , -0.17609284, -0.50061223, ...,  0.96542961,
          0.99984056,  0.99690061],
        [ 0.17609284,  0.        , -0.34035087, ...,  0.90444234,
          0.987361  ,  0.96746915],
        [ 0.50061223,  0.34035087,  0.        , ...,  0.70525349,
          0.87447276,  0.82360476],
        ...,
        [-0.96542961, -0.90444234, -0.70525349, ...,  0.        ,
         -0.27786146, -0.18390438],
        [-0.99984056, -0.987361  , -0.87447276, ...,  0.27786146,
          0.        ,  0.09645985],
        [-0.99690061, -0.96746915, -0.82360476, ...,  0.18390438,
         -0.09645985,  0.        ]],

       [[ 0.        , -0.57930943, -0.44276354, ..., -0.80435528,
         -0.88178636, -0.8232138 ],
        [ 0.57930943,  0.        ,  0.15853111, ..., -0.31144029,
         -0.44552013, -0.34211572],
        [ 0.44276354, -0.15853111,  0.        , ..., -0.45814849,
         -0.58181452, -0.48675432],
        ...,
        [ 0.80435528,  0.31144029,  0.45814849, ...,  0.        ,
         -0.14453876, -0.03245354],
        [ 0.88178636,  0.44552013,  0.58181452, ...,  0.14453876,
          0.        ,  0.11234987],
        [ 0.8232138 ,  0.34211572,  0.48675432, ...,  0.03245354,
         -0.11234987,  0.        ]],

       [[ 0.        ,  0.47635403,  0.53844018, ...,  0.59676652,
          0.668323  ,  0.70839343],
        [-0.47635403,  0.        ,  0.07201917, ...,  0.90694268,
          0.94197143,  0.9590766 ],
        [-0.53844018, -0.07201917,  0.        , ...,  0.93492594,
          0.9637017 ,  0.97697811],
        ...,
        [-0.59676652, -0.90694268, -0.93492594, ...,  0.        ,
         -0.09235492, -0.14721704],
        [-0.668323  , -0.94197143, -0.9637017 , ...,  0.09235492,
          0.        , -0.05523922],
        [-0.70839343, -0.9590766 , -0.97697811, ...,  0.14721704,
          0.05523922,  0.        ]],

       ...,

       [[ 0.        , -0.56511139, -0.58752711, ..., -0.69074762,
         -0.5454622 , -0.62702884],
        [ 0.56511139,  0.        , -0.02742778, ..., -0.97850663,
         -0.92365416, -0.95752749],
        [ 0.58752711,  0.02742778,  0.        , ..., -0.98379453,
         -0.93381774, -0.96507584],
        ...,
        [ 0.69074762,  0.97850663,  0.98379453, ...,  0.        ,
         -0.18451856, -0.08468766],
        [ 0.5454622 ,  0.92365416,  0.93381774, ...,  0.18451856,
          0.        ,  0.10062219],
        [ 0.62702884,  0.95752749,  0.96507584, ...,  0.08468766,
         -0.10062219,  0.        ]],

       [[ 0.        ,  0.41181959,  0.53233657, ...,  0.50432896,
          0.53182647,  0.52787181],
        [-0.41181959,  0.        ,  0.13648111, ...,  0.81518852,
          0.83338586,  0.8307996 ],
        [-0.53233657, -0.13648111,  0.        , ...,  0.88660981,
          0.90101956,  0.89898706],
        ...,
        [-0.50432896, -0.81518852, -0.88660981, ...,  0.        ,
         -0.03214565, -0.02748472],
        [-0.53182647, -0.83338586, -0.90101956, ...,  0.03214565,
          0.        ,  0.00466299],
        [-0.52787181, -0.8307996 , -0.89898706, ...,  0.02748472,
         -0.00466299,  0.        ]],

       [[ 0.        , -0.14943976, -0.06731184, ...,  0.38387952,
          0.19007625,  0.27886143],
        [ 0.14943976,  0.        ,  0.08254484, ...,  0.24157872,
          0.04122649,  0.13221836],
        [ 0.06731184, -0.08254484,  0.        , ...,  0.32085426,
          0.12356046,  0.2135873 ],
        ...,
        [-0.38387952, -0.24157872, -0.32085426, ...,  0.        ,
          0.20136792,  0.11115559],
        [-0.19007625, -0.04122649, -0.12356046, ..., -0.20136792,
          0.        , -0.09124141],
        [-0.27886143, -0.13221836, -0.2135873 , ..., -0.11115559,
          0.09124141,  0.        ]]]), 'num': array([ 9.61564815e-01,  2.74386064e-01,  9.67857396e-06,  3.45315955e-03,
        3.46775037e-03,  3.34129664e-03,  3.11387447e-03, -4.86360500e-06,
        3.46385948e-03,  3.59128593e-03,  3.13507979e-03,  1.73700179e-06,
        3.77212835e-03,  3.41044352e-03])}
{'img': array([[[ 0.        , -0.34035087,  0.37191169, ...,  0.987361  ,
          0.96746915,  0.9697149 ],
        [ 0.34035087,  0.        ,  0.66564487, ...,  0.87447276,
          0.82360476,  0.8286943 ],
        [-0.37191169, -0.66564487,  0.        , ...,  0.97547905,
          0.99216034,  0.99099101],
        ...,
        [-0.987361  , -0.87447276, -0.97547905, ...,  0.        ,
          0.09645985,  0.08746513],
        [-0.96746915, -0.82360476, -0.99216034, ..., -0.09645985,
          0.        , -0.00903291],
        [-0.9697149 , -0.8286943 , -0.99099101, ..., -0.08746513,
          0.00903291,  0.        ]],

       [[ 0.        ,  0.15853111,  0.23225574, ..., -0.44552013,
         -0.34211572, -0.22825525],
        [-0.15853111,  0.        ,  0.0751226 , ..., -0.58181452,
         -0.48675432, -0.37971483],
        [-0.23225574, -0.0751226 ,  0.        , ..., -0.64126932,
         -0.55100141, -0.44813805],
        ...,
        [ 0.44552013,  0.58181452,  0.64126932, ...,  0.        ,
          0.11234987,  0.22940847],
        [ 0.34211572,  0.48675432,  0.55100141, ..., -0.11234987,
          0.        ,  0.11860249],
        [ 0.22825525,  0.37971483,  0.44813805, ..., -0.22940847,
         -0.11860249,  0.        ]],

       [[ 0.        ,  0.2763426 ,  0.466094  , ...,  0.68619851,
          0.72673693,  0.75766128],
        [-0.2763426 ,  0.        ,  0.2034539 , ...,  0.86049295,
          0.88826133,  0.90851178],
        [-0.466094  , -0.2034539 ,  0.        , ...,  0.94614743,
          0.96313712,  0.97452492],
        ...,
        [-0.68619851, -0.86049295, -0.94614743, ...,  0.        ,
         -0.0572782 , -0.10328761],
        [-0.72673693, -0.88826133, -0.96313712, ...,  0.0572782 ,
          0.        , -0.04614619],
        [-0.75766128, -0.90851178, -0.97452492, ...,  0.10328761,
          0.04614619,  0.        ]],

       ...,

       [[ 0.        , -0.03398742,  0.46544061, ..., -0.87756864,
         -0.92206545, -0.81834333],
        [ 0.03398742,  0.        ,  0.49525327, ..., -0.89335694,
         -0.93468702, -0.83740412],
        [-0.46544061, -0.49525327,  0.        , ..., -0.55356169,
         -0.63595953, -0.45679606],
        ...,
        [ 0.87756864,  0.89335694,  0.55356169, ...,  0.        ,
          0.10243633, -0.11200918],
        [ 0.92206545,  0.93468702,  0.63595953, ..., -0.10243633,
          0.        , -0.21321169],
        [ 0.81834333,  0.83740412,  0.45679606, ...,  0.11200918,
          0.21321169,  0.        ]],

       [[ 0.        ,  0.36178374,  0.56825698, ...,  0.54298376,
          0.53896431,  0.53574438],
        [-0.36178374,  0.        ,  0.23207024, ...,  0.81000859,
          0.80719677,  0.80493719],
        [-0.56825698, -0.23207024,  0.        , ...,  0.92398474,
          0.9221465 ,  0.92066283],
        ...,
        [-0.54298376, -0.81000859, -0.92398474, ...,  0.        ,
          0.00477914,  0.00859705],
        [-0.53896431, -0.80719677, -0.9221465 , ..., -0.00477914,
          0.        ,  0.003818  ],
        [-0.53574438, -0.80493719, -0.92066283, ..., -0.00859705,
         -0.003818  ,  0.        ]],

       [[ 0.        ,  0.08254484, -0.04122649, ...,  0.04122649,
          0.13221836,  0.16213409],
        [-0.08254484,  0.        , -0.12356046, ...,  0.12356046,
          0.2135873 ,  0.24303346],
        [ 0.04122649,  0.12356046,  0.        , ...,  0.        ,
          0.09124141,  0.12131524],
        ...,
        [-0.04122649, -0.12356046, -0.        , ...,  0.        ,
         -0.09124141, -0.12131524],
        [-0.13221836, -0.2135873 , -0.09124141, ...,  0.09124141,
          0.        , -0.03024171],
        [-0.16213409, -0.24303346, -0.12131524, ...,  0.12131524,
          0.03024171,  0.        ]]]), 'num': array([ 9.53845329e-01,  3.00135874e-01,  9.23318440e-06,  3.42256259e-03,
        3.46606974e-03,  3.37422131e-03,  1.61213333e-03, -9.66825591e-06,
        3.44093228e-03,  3.56420254e-03,  3.13211207e-03,  1.48976270e-06,
        3.75442655e-03,  3.37397853e-03])}
{'img': array([[[ 0.        ,  0.66564487,  0.51330049, ...,  0.82360476,
          0.8286943 ,  0.83858153],
        [-0.66564487,  0.        , -0.18820232, ...,  0.99216034,
          0.99099101,  0.98843454],
        [-0.51330049,  0.18820232,  0.        , ...,  0.99795063,
          0.99848792,  0.99931202],
        ...,
        [-0.82360476, -0.99216034, -0.99795063, ...,  0.        ,
         -0.00903291, -0.0269332 ],
        [-0.8286943 , -0.99099101, -0.99848792, ...,  0.00903291,
          0.        , -0.01790247],
        [-0.83858153, -0.98843454, -0.99931202, ...,  0.0269332 ,
          0.01790247,  0.        ]],

       [[ 0.        ,  0.07194942, -0.01904593, ..., -0.45381593,
         -0.35667124, -0.91836667],
        [-0.07194942,  0.        , -0.09093294, ..., -0.51675358,
         -0.42296416, -0.94445911],
        [ 0.01904593,  0.09093294,  0.        , ..., -0.43676187,
         -0.33881327, -0.91066304],
        ...,
        [ 0.45381593,  0.51675358,  0.43676187, ...,  0.        ,
          0.10614032, -0.63876354],
        [ 0.35667124,  0.42296416,  0.33881327, ..., -0.10614032,
          0.        , -0.71681997],
        [ 0.91836667,  0.94445911,  0.91066304, ...,  0.63876354,
          0.71681997,  0.        ]],

       [[ 0.        ,  0.38680759,  0.42268895, ...,  0.73256325,
          0.76354841,  0.76622408],
        [-0.38680759,  0.        ,  0.03923305, ...,  0.93884038,
          0.95389537,  0.95513383],
        [-0.42268895, -0.03923305,  0.        , ...,  0.95162756,
          0.96493634,  0.96601829],
        ...,
        [-0.73256325, -0.93884038, -0.95162756, ...,  0.        ,
         -0.04669346, -0.05084223],
        [-0.76354841, -0.95389537, -0.96493634, ...,  0.04669346,
          0.        , -0.0041537 ],
        [-0.76622408, -0.95513383, -0.96601829, ...,  0.05084223,
          0.0041537 ,  0.        ]],

       ...,

       [[ 0.        ,  0.48452405, -0.1897404 , ..., -0.967377  ,
         -0.91058159, -0.48452405],
        [-0.48452405,  0.        , -0.64170305, ..., -0.72349017,
         -0.59628868, -0.        ],
        [ 0.1897404 ,  0.64170305,  0.        , ..., -0.99787296,
         -0.97246552, -0.64170305],
        ...,
        [ 0.967377  ,  0.72349017,  0.99787296, ...,  0.        ,
         -0.16915751, -0.72349017],
        [ 0.91058159,  0.59628868,  0.97246552, ...,  0.16915751,
          0.        , -0.59628868],
        [ 0.48452405,  0.        ,  0.64170305, ...,  0.72349017,
          0.59628868,  0.        ]],

       [[ 0.        ,  0.4622425 ,  0.57265521, ...,  0.54750681,
          0.5442474 ,  0.53191266],
        [-0.4622425 ,  0.        ,  0.12885935, ...,  0.8723087 ,
          0.8704    ,  0.86310203],
        [-0.57265521, -0.12885935,  0.        , ...,  0.92804265,
          0.92658666,  0.92098403],
        ...,
        [-0.54750681, -0.8723087 , -0.92804265, ...,  0.        ,
          0.00389014,  0.01852317],
        [-0.5442474 , -0.8704    , -0.92658666, ..., -0.00389014,
          0.        ,  0.01463356],
        [-0.53191266, -0.86310203, -0.92098403, ..., -0.01852317,
         -0.01463356,  0.        ]],

       [[ 0.        , -0.12356046,  0.10492249, ...,  0.2135873 ,
          0.24303346,  0.3420463 ],
        [ 0.12356046,  0.        ,  0.22699693, ...,  0.09124141,
          0.12131524,  0.22331754],
        [-0.10492249, -0.22699693,  0.        , ...,  0.31490968,
          0.34346871,  0.43875224],
        ...,
        [-0.2135873 , -0.09124141, -0.31490968, ...,  0.        ,
         -0.03024171, -0.13344886],
        [-0.24303346, -0.12131524, -0.34346871, ...,  0.03024171,
          0.        , -0.10341661],
        [-0.3420463 , -0.22331754, -0.43875224, ...,  0.13344886,
          0.10341661,  0.        ]]]), 'num': array([9.35614228e-01, 3.52890400e-01, 8.03757004e-06, 3.38792923e-03,
       3.41129426e-03, 3.29446912e-03, 2.14056378e-03, 7.94410992e-05,
       3.32157255e-03, 3.43769674e-03, 3.04516425e-03, 1.98979603e-06,
       3.61759897e-03, 3.25779452e-03])}
{'img': array([[[ 0.        , -0.47586549, -0.18318673, ...,  0.99831468,
          0.9992285 ,  0.9786204 ],
        [ 0.47586549,  0.        ,  0.30669692, ...,  0.85041998,
          0.86015059,  0.76284081],
        [ 0.18318673, -0.30669692,  0.        , ...,  0.97079049,
          0.97512529,  0.92438343],
        ...,
        [-0.99831468, -0.85041998, -0.97079049, ...,  0.        ,
         -0.01878068,  0.14853603],
        [-0.9992285 , -0.86015059, -0.97512529, ...,  0.01878068,
          0.        ,  0.16708218],
        [-0.9786204 , -0.76284081, -0.92438343, ..., -0.14853603,
         -0.16708218,  0.        ]],

       [[ 0.        , -0.09093294, -0.57114304, ..., -0.42296416,
         -0.94445911, -0.67046154],
        [ 0.09093294,  0.        , -0.49413445, ..., -0.33881327,
         -0.91066304, -0.60021666],
        [ 0.57114304,  0.49413445,  0.        , ...,  0.17034885,
         -0.58756564, -0.12659242],
        ...,
        [ 0.42296416,  0.33881327, -0.17034885, ...,  0.        ,
         -0.71681997, -0.29372048],
        [ 0.94445911,  0.91066304,  0.58756564, ...,  0.71681997,
          0.        ,  0.48040296],
        [ 0.67046154,  0.60021666,  0.12659242, ...,  0.29372048,
         -0.48040296,  0.        ]],

       [[ 0.        ,  0.18106531,  0.2353907 , ...,  0.77545327,
          0.7781333 ,  0.78473239],
        [-0.18106531,  0.        ,  0.05552243, ...,  0.8769614 ,
          0.87899856,  0.88399217],
        [-0.2353907 , -0.05552243,  0.        , ...,  0.90229053,
          0.9041171 ,  0.90858539],
        ...,
        [-0.77545327, -0.8769614 , -0.90229053, ...,  0.        ,
         -0.00425566, -0.01483107],
        [-0.7781333 , -0.87899856, -0.9041171 , ...,  0.00425566,
          0.        , -0.01057574],
        [-0.78473239, -0.88399217, -0.90858539, ...,  0.01483107,
          0.01057574,  0.        ]],

       ...,

       [[ 0.        , -0.64170305, -0.5855892 , ..., -0.59628868,
         -0.        , -0.85035799],
        [ 0.64170305,  0.        ,  0.0710501 , ..., -0.97246552,
         -0.64170305, -0.98985187],
        [ 0.5855892 , -0.0710501 ,  0.        , ..., -0.95344985,
         -0.5855892 , -0.9974467 ],
        ...,
        [ 0.59628868,  0.97246552,  0.95344985, ...,  0.        ,
         -0.59628868,  0.36887211],
        [ 0.        ,  0.64170305,  0.5855892 , ...,  0.59628868,
          0.        ,  0.85035799],
        [ 0.85035799,  0.98985187,  0.9974467 , ..., -0.36887211,
         -0.85035799,  0.        ]],

       [[ 0.        ,  0.37001981,  0.5151081 , ...,  0.55886784,
          0.54627816,  0.57516363],
        [-0.37001981,  0.        ,  0.1613944 , ...,  0.82604298,
          0.81743546,  0.83703114],
        [-0.5151081 , -0.1613944 ,  0.        , ...,  0.90617658,
          0.8996853 ,  0.91436545],
        ...,
        [-0.55886784, -0.82604298, -0.90617658, ...,  0.        ,
          0.01510499, -0.01978297],
        [-0.54627816, -0.81743546, -0.8996853 , ..., -0.01510499,
          0.        , -0.03488275],
        [-0.57516363, -0.83703114, -0.91436545, ...,  0.01978297,
          0.03488275,  0.        ]],

       [[ 0.        ,  0.22699693,  0.30697604, ...,  0.12131524,
          0.22331754,  0.2415755 ],
        [-0.22699693,  0.        ,  0.08292568, ...,  0.34346871,
          0.43875224,  0.45554303],
        [-0.30697604, -0.08292568,  0.        , ...,  0.42016654,
          0.51175875,  0.52779561],
        ...,
        [-0.12131524, -0.34346871, -0.42016654, ...,  0.        ,
         -0.10341661, -0.1220691 ],
        [-0.22331754, -0.43875224, -0.51175875, ...,  0.10341661,
          0.        , -0.01877137],
        [-0.2415755 , -0.45554303, -0.52779561, ...,  0.1220691 ,
          0.01877137,  0.        ]]]), 'num': array([ 9.81155922e-01,  1.92935033e-01,  1.11646018e-05,  3.53462282e-03,
        3.59970794e-03,  3.51960317e-03,  2.71620243e-03, -9.51244101e-05,
        3.56466210e-03,  3.66904863e-03,  3.27678560e-03,  1.97863570e-06,
        3.86215541e-03,  3.47594185e-03])}
{'img': array([[[ 0.        ,  0.30669692,  0.30669692, ...,  0.86015059,
          0.76284081,  0.86947559],
        [-0.30669692,  0.        ,  0.        , ...,  0.97512529,
          0.92438343,  0.97907404],
        [-0.30669692,  0.        ,  0.        , ...,  0.97512529,
          0.92438343,  0.97907404],
        ...,
        [-0.86015059, -0.97512529, -0.97512529, ...,  0.        ,
          0.16708218, -0.01857381],
        [-0.76284081, -0.92438343, -0.92438343, ..., -0.16708218,
          0.        , -0.18536607],
        [-0.86947559, -0.97907404, -0.97907404, ...,  0.01857381,
          0.18536607,  0.        ]],

       [[ 0.        , -0.49413445, -0.25913561, ..., -0.91066304,
         -0.60021666, -0.471458  ],
        [ 0.49413445,  0.        ,  0.25196654, ..., -0.58756564,
         -0.12659242,  0.02589274],
        [ 0.25913561, -0.25196654,  0.        , ..., -0.7724938 ,
         -0.37244746, -0.22682473],
        ...,
        [ 0.91066304,  0.58756564,  0.7724938 , ...,  0.        ,
          0.48040296,  0.60832045],
        [ 0.60021666,  0.12659242,  0.37244746, ..., -0.48040296,
          0.        ,  0.1522344 ],
        [ 0.471458  , -0.02589274,  0.22682473, ..., -0.60832045,
         -0.1522344 ,  0.        ]],

       [[ 0.        ,  0.15230634,  0.28      , ...,  0.78062475,
          0.78722438,  0.77928742],
        [-0.15230634,  0.        ,  0.13051924, ...,  0.86670893,
          0.87196234,  0.86564105],
        [-0.28      , -0.13051924,  0.        , ...,  0.92439976,
          0.92840207,  0.92358259],
        ...,
        [-0.78062475, -0.86670893, -0.92439976, ...,  0.        ,
         -0.01062997,  0.00213687],
        [-0.78722438, -0.87196234, -0.92840207, ...,  0.01062997,
          0.        ,  0.0127667 ],
        [-0.77928742, -0.86564105, -0.92358259, ..., -0.00213687,
         -0.0127667 ,  0.        ]],

       ...,

       [[ 0.        ,  0.08967388,  0.08081067, ..., -0.54432155,
         -0.99903332, -0.99366123],
        [-0.08967388,  0.        , -0.0088955 , ..., -0.46690325,
         -0.9989504 , -0.97957718],
        [-0.08081067,  0.0088955 ,  0.        , ..., -0.47475114,
         -0.99931834, -0.98132702],
        ...,
        [ 0.54432155,  0.46690325,  0.47475114, ...,  0.        ,
          0.86199378,  0.77236878],
        [ 0.99903332,  0.9989504 ,  0.99931834, ..., -0.86199378,
          0.        , -0.15598805],
        [ 0.99366123,  0.97957718,  0.98132702, ..., -0.77236878,
          0.15598805,  0.        ]],

       [[ 0.        ,  0.37885527,  0.50508271, ...,  0.55533214,
          0.58456994,  0.61409592],
        [-0.37885527,  0.        ,  0.14045282, ...,  0.82900232,
          0.84837541,  0.86732319],
        [-0.50508271, -0.14045282,  0.        , ...,  0.89933229,
          0.91432081,  0.92863548],
        ...,
        [-0.55533214, -0.82900232, -0.89933229, ...,  0.        ,
         -0.03558008, -0.0724142 ],
        [-0.58456994, -0.84837541, -0.91432081, ...,  0.03558008,
          0.        , -0.03688168],
        [-0.61409592, -0.86732319, -0.92863548, ...,  0.0724142 ,
          0.03688168,  0.        ]],

       [[ 0.        ,  0.21080347,  0.31787607, ...,  0.22477036,
          0.24314349,  0.29957381],
        [-0.21080347,  0.        ,  0.11086334, ...,  0.4251288 ,
          0.44215701,  0.49396385],
        [-0.31787607, -0.11086334,  0.        , ...,  0.52285421,
          0.5388689 ,  0.58731261],
        ...,
        [-0.22477036, -0.4251288 , -0.52285421, ...,  0.        ,
         -0.0188968 , -0.07746089],
        [-0.24314349, -0.44215701, -0.5388689 , ...,  0.0188968 ,
          0.        , -0.05860703],
        [-0.29957381, -0.49396385, -0.58731261, ...,  0.07746089,
          0.05860703,  0.        ]]]), 'num': array([ 9.47713595e-01,  3.18966232e-01,  9.03372647e-06,  3.39863439e-03,
        3.45234844e-03,  3.36933582e-03,  2.02951211e-03, -4.88309539e-05,
        3.46211463e-03,  3.56685703e-03,  3.21030968e-03,  1.88470348e-06,
        3.76886556e-03,  3.36484850e-03])}
{'img': array([[[ 0.        ,  0.        ,  0.67630086, ...,  0.77015227,
          0.87645626,  0.91687391],
        [ 0.        ,  0.        ,  0.67630086, ...,  0.77015227,
          0.87645626,  0.91687391],
        [-0.67630086, -0.67630086,  0.        , ...,  0.99869913,
          0.97124639,  0.94535643],
        ...,
        [-0.77015227, -0.77015227, -0.99869913, ...,  0.        ,
         -0.18824241, -0.27741023],
        [-0.87645626, -0.87645626, -0.97124639, ...,  0.18824241,
          0.        , -0.09159666],
        [-0.91687391, -0.91687391, -0.94535643, ...,  0.27741023,
          0.09159666,  0.        ]],

       [[ 0.        ,  0.25196654,  0.83712564, ..., -0.12659242,
          0.02589274, -0.22080839],
        [-0.25196654,  0.        ,  0.67228818, ..., -0.37244746,
         -0.22682473, -0.45943152],
        [-0.83712564, -0.67228818,  0.        , ..., -0.89963821,
         -0.82268137, -0.93724758],
        ...,
        [ 0.12659242,  0.37244746,  0.89963821, ...,  0.        ,
          0.1522344 , -0.09556418],
        [-0.02589274,  0.22682473,  0.82268137, ..., -0.1522344 ,
          0.        , -0.24598799],
        [ 0.22080839,  0.45943152,  0.93724758, ...,  0.09556418,
          0.24598799,  0.        ]],

       [[ 0.        ,  0.23703784,  0.48241461, ...,  0.78898112,
          0.78104391,  0.80050249],
        [-0.23703784,  0.        ,  0.26103437, ...,  0.91213567,
          0.90680895,  0.91975226],
        [-0.48241461, -0.26103437,  0.        , ...,  0.98750644,
          0.98540635,  0.99031983],
        ...,
        [-0.78898112, -0.91213567, -0.98750644, ...,  0.        ,
          0.01281287, -0.01898309],
        [-0.78104391, -0.90680895, -0.98540635, ..., -0.01281287,
          0.        , -0.03179209],
        [-0.80050249, -0.91975226, -0.99031983, ...,  0.01898309,
          0.03179209,  0.        ]],

       ...,

       [[ 0.        , -0.0088955 ,  0.18701819, ..., -0.9989504 ,
         -0.97957718, -0.96798427],
        [ 0.0088955 ,  0.        ,  0.19574934, ..., -0.99931834,
         -0.98132702, -0.97017883],
        [-0.18701819, -0.19574934,  0.        , ..., -0.97275902,
         -0.92469049, -0.90396199],
        ...,
        [ 0.9989504 ,  0.99931834,  0.97275902, ...,  0.        ,
         -0.15598805, -0.20640898],
        [ 0.97957718,  0.98132702,  0.92469049, ...,  0.15598805,
          0.        , -0.05125334],
        [ 0.96798427,  0.97017883,  0.90396199, ...,  0.20640898,
          0.05125334,  0.        ]],

       [[ 0.        ,  0.35412057,  0.55483137, ...,  0.59457591,
          0.62444162,  0.62022483],
        [-0.35412057,  0.        ,  0.22426301, ...,  0.84077418,
          0.86057114,  0.85781483],
        [-0.55483137, -0.22426301,  0.        , ...,  0.94077138,
          0.95287518,  0.9512271 ],
        ...,
        [-0.59457591, -0.84077418, -0.94077138, ...,  0.        ,
         -0.03766942, -0.03228558],
        [-0.62444162, -0.86057114, -0.95287518, ...,  0.03766942,
          0.        ,  0.00538712],
        [-0.62022483, -0.85781483, -0.9512271 , ...,  0.03228558,
         -0.00538712,  0.        ]],

       [[ 0.        ,  0.24202599,  0.31435654, ...,  0.2444999 ,
          0.30123086,  0.38137205],
        [-0.24202599,  0.        ,  0.07525417, ...,  0.4719112 ,
          0.52305939,  0.59376784],
        [-0.31435654, -0.07525417,  0.        , ...,  0.53692058,
          0.58571503,  0.65263638],
        ...,
        [-0.2444999 , -0.4719112 , -0.53692058, ...,  0.        ,
         -0.05894512, -0.14377616],
        [-0.30123086, -0.52305939, -0.58571503, ...,  0.05894512,
          0.        , -0.08519347],
        [-0.38137205, -0.59376784, -0.65263638, ...,  0.14377616,
          0.08519347,  0.        ]]]), 'num': array([ 9.64824320e-01,  2.62651407e-01,  1.06713209e-05,  3.40860637e-03,
        3.63135724e-03,  3.40860637e-03,  4.94838473e-03, -1.96849608e-04,
        3.61892464e-03,  3.75982751e-03,  3.41706745e-03,  1.30184365e-06,
        4.02347338e-03,  3.49618165e-03])}
{'img': array([[[ 0.        ,  0.67630086,  0.63858979, ...,  0.87645626,
          0.91687391,  0.99625881],
        [-0.67630086,  0.        , -0.05004399, ...,  0.97124639,
          0.94535643,  0.79231542],
        [-0.63858979,  0.05004399,  0.        , ...,  0.98194373,
          0.96048819,  0.82185508],
        ...,
        [-0.87645626, -0.97124639, -0.98194373, ...,  0.        ,
         -0.09159666, -0.40393704],
        [-0.91687391, -0.94535643, -0.96048819, ...,  0.09159666,
          0.        , -0.31844754],
        [-0.99625881, -0.79231542, -0.82185508, ...,  0.40393704,
          0.31844754,  0.        ]],

       [[ 0.        ,  0.67228818,  0.03832436, ..., -0.22682473,
         -0.45943152,  0.28723593],
