state_0,state_1,state_2,state_3,state_4,state_5,state_6,state_7,state_8,state_9,state_10,state_11,state_12,state_13,state_14,state_15,state_16,state_17,state_18,state_19,state_20,state_21,state_22,state_23,state_24,state_25,state_26,state_27,state_28,state_29,state_30,state_31,state_32,state_33,state_34,state_35,state_36,state_37,state_38,state_39,state_40,state_41,state_42,state_43,state_44,state_45,state_46,state_47,state_48,state_49,state_50,state_51,state_52,state_53,state_54,state_55,state_56,state_57,state_58,state_59,state_60,state_61,state_62,state_63,state_64,state_65,state_66,state_67,state_68,state_69,state_70,state_71,state_72,state_73,state_74,state_75,state_76,state_77,state_78,state_79,state_80,state_81,state_82,state_83,state_84,state_85,state_86,state_87,state_88,state_89,state_90,state_91,state_92,state_93,state_94,state_95,state_96,state_97,state_98,state_99,state_100,state_101,state_102,state_103,state_104,state_105,state_106,state_107,state_108,state_109,state_110,state_111,state_112,state_113,state_114,state_115,state_116,state_117,state_118,state_119,state_120,state_121,state_122,state_123,state_124,state_125,state_126,state_127,state_128,state_129,state_130,state_131,state_132,state_133,state_134,state_135,state_136,state_137,state_138,state_139,state_140,state_141,state_142,state_143,state_144,state_145,state_146,state_147,state_148,state_149,state_150,state_151,state_152,state_153,state_154,state_155,state_156,state_157,state_158,state_159,state_160,state_161,state_162,state_163,state_164,state_165,state_166,state_167,state_168,state_169,state_170,state_171,state_172,state_173,state_174,state_175,state_176,state_177,state_178,state_179,state_180,state_181,state_182,state_183,state_184,state_185,state_186,state_187,state_188,state_189,state_190,state_191,state_192,state_193,state_194,state_195,state_196,state_197,state_198,state_199,state_200,state_201,state_202,state_203,state_204,state_205,state_206,state_207,state_208,state_209,state_210,state_211,state_212,state_213,state_214,state_215,state_216,state_217,state_218,state_219,state_220,state_221,state_222,state_223,state_224,state_225,state_226,state_227,state_228,state_229,state_230,state_231,state_232,state_233,state_234,state_235,state_236,state_237,state_238,state_239,state_240,state_241,state_242,state_243,state_244,state_245,state_246,state_247,state_248,state_249,state_250,state_251,state_252,state_253,state_254,state_255,state_256,state_257,state_258,state_259,state_260,state_261,state_262,state_263,state_264,state_265,state_266,state_267,state_268,state_269,state_270,state_271,state_272,state_273,state_274,state_275,state_276,state_277,state_278,state_279,state_280,state_281,state_282,state_283,state_284,state_285,state_286,state_287
{'img': array([[[ 0.        , -0.08025765, -0.04127045, ...,  0.85186665,
          0.57462857,  0.95801071],
        [ 0.08025765,  0.        ,  0.03905195, ...,  0.80708301,
          0.50709089,  0.93190784],
        [ 0.04127045, -0.03905195,  0.        , ...,  0.82952511,
          0.54036267,  0.94536092],
        ...,
        [-0.85186665, -0.80708301, -0.82952511, ...,  0.        ,
          0.39621313, -0.2575087 ],
        [-0.57462857, -0.50709089, -0.54036267, ..., -0.39621313,
          0.        , -0.61928505],
        [-0.95801071, -0.93190784, -0.94536092, ...,  0.2575087 ,
          0.61928505,  0.        ]],

       [[ 0.        , -0.02431469, -0.00720727, ...,  0.86038144,
          0.85103719,  0.69894019],
        [ 0.02431469,  0.        ,  0.01710893, ...,  0.84773507,
          0.86355336,  0.71612293],
        [ 0.00720727, -0.01710893,  0.        , ...,  0.8566859 ,
          0.85479966,  0.70407653],
        ...,
        [-0.86038144, -0.84773507, -0.8566859 , ...,  0.        ,
         -0.88552261, -0.97154303],
        [-0.85103719, -0.86355336, -0.85479966, ...,  0.88552261,
          0.        , -0.2416276 ],
        [-0.69894019, -0.71612293, -0.70407653, ...,  0.97154303,
          0.2416276 ,  0.        ]],

       [[ 0.        , -0.06115439, -0.09999537, ...,  0.98634502,
          0.98519644,  0.68454355],
        [ 0.06115439,  0.        , -0.03896033, ...,  0.99457055,
          0.97286882,  0.63868247],
        [ 0.09999537,  0.03896033,  0.        , ...,  0.99786982,
          0.96311642,  0.60821873],
        ...,
        [-0.98634502, -0.99457055, -0.99786982, ...,  0.        ,
          0.33134242,  0.8317568 ],
        [-0.98519644, -0.97286882, -0.96311642, ..., -0.33134242,
          0.        ,  0.60082984],
        [-0.68454355, -0.63868247, -0.60821873, ..., -0.8317568 ,
         -0.60082984,  0.        ]],

       ...,

       [[ 0.        , -0.12676641, -0.42698582, ...,  0.89040121,
          0.94744701,  0.87420139],
        [ 0.12676641,  0.        , -0.30891158, ...,  0.94091908,
          0.98035776,  0.928702  ],
        [ 0.42698582,  0.30891158,  0.        , ...,  0.99950663,
          0.99333505,  0.99783262],
        ...,
        [-0.89040121, -0.94091908, -0.99950663, ...,  0.        ,
          0.14640495, -0.03443037],
        [-0.94744701, -0.98035776, -0.99333505, ..., -0.14640495,
          0.        , -0.18037752],
        [-0.87420139, -0.928702  , -0.99783262, ...,  0.03443037,
          0.18037752,  0.        ]],

       [[ 0.        ,  0.01425664,  0.00664052, ...,  0.99589828,
          0.88056016,  0.48580146],
        [-0.01425664,  0.        , -0.00761648, ...,  0.99708701,
          0.88722738,  0.49821338],
        [-0.00664052,  0.00761648,  0.        , ...,  0.99647716,
          0.88368792,  0.49159502],
        ...,
        [-0.99589828, -0.99708701, -0.99647716, ...,  0.        ,
          0.39231742,  0.82652872],
        [-0.88056016, -0.88722738, -0.88368792, ..., -0.39231742,
          0.        ,  0.53943249],
        [-0.48580146, -0.49821338, -0.49159502, ..., -0.82652872,
         -0.53943249,  0.        ]],

       [[ 0.        , -0.0557075 , -0.08689439, ...,  0.16215886,
         -0.11728141, -0.18916837],
        [ 0.0557075 ,  0.        , -0.03126267, ...,  0.21687725,
         -0.06177624, -0.13417293],
        [ 0.08689439,  0.03126267,  0.        , ...,  0.24728982,
         -0.03054309, -0.10312736],
        ...,
        [-0.16215886, -0.21687725, -0.24728982, ...,  0.        ,
         -0.27676891, -0.34589569],
        [ 0.11728141,  0.06177624,  0.03054309, ...,  0.27676891,
          0.        , -0.07269901],
        [ 0.18916837,  0.13417293,  0.10312736, ...,  0.34589569,
          0.07269901,  0.        ]]]), 'num': array([ 7.15761567e-01,  6.96997381e-01,  2.55991629e-06,  1.75366228e-04,
        1.80151119e-04,  1.67949648e-04,  4.33569912e-02, -7.17733540e-07,
        1.77328033e-04,  1.40771472e-04,  1.21919004e-04,  1.93389315e-06,
        1.84777741e-04,  9.67652024e-05])}
{'img': array([[[ 0.        ,  0.03905195,  0.12322295, ...,  0.50709089,
          0.93190784,  0.94048066],
        [-0.03905195,  0.        ,  0.08437461, ...,  0.54036267,
          0.94536092,  0.95303494],
        [-0.12322295, -0.08437461,  0.        , ...,  0.60943131,
          0.96949815,  0.97519024],
        ...,
        [-0.50709089, -0.54036267, -0.60943131, ...,  0.        ,
         -0.61928505, -0.63825988],
        [-0.93190784, -0.94536092, -0.96949815, ...,  0.61928505,
          0.        , -0.02440149],
        [-0.94048066, -0.95303494, -0.97519024, ...,  0.63825988,
          0.02440149,  0.        ]],

       [[ 0.        ,  0.01710893, -0.00687449, ...,  0.86355336,
          0.71612293,  0.56177795],
        [-0.01710893,  0.        , -0.02398201, ...,  0.85479966,
          0.70407653,  0.54754171],
        [ 0.00687449,  0.02398201,  0.        , ...,  0.86699947,
          0.72090423,  0.56745186],
        ...,
        [-0.86355336, -0.85479966, -0.86699947, ...,  0.        ,
         -0.2416276 , -0.43112666],
        [-0.71612293, -0.70407653, -0.72090423, ...,  0.2416276 ,
          0.        , -0.20033346],
        [-0.56177795, -0.54754171, -0.56745186, ...,  0.43112666,
          0.20033346,  0.        ]],

       [[ 0.        , -0.03699534, -0.04383353, ...,  0.99941163,
          0.95348405,  0.61324584],
        [ 0.03699534,  0.        , -0.00684374, ...,  0.99745858,
          0.94167933,  0.58360371],
        [ 0.04383353,  0.00684374,  0.        , ...,  0.99694761,
          0.93935428,  0.57803266],
        ...,
        [-0.99941163, -0.99745858, -0.99694761, ...,  0.        ,
          0.26856285,  0.76839383],
        [-0.95348405, -0.94167933, -0.93935428, ..., -0.26856285,
          0.        ,  0.56829058],
        [-0.61324584, -0.58360371, -0.57803266, ..., -0.76839383,
         -0.56829058,  0.        ]],

       ...,

       [[ 0.        , -0.30891158, -0.16602988, ...,  0.98035776,
          0.928702  ,  0.91259726],
        [ 0.30891158,  0.        ,  0.14671462, ...,  0.99333505,
          0.99783262,  0.99426431],
        [ 0.16602988, -0.14671462,  0.        , ...,  0.99949675,
          0.97738064,  0.96781399],
        ...,
        [-0.98035776, -0.99333505, -0.99949675, ...,  0.        ,
         -0.18037752, -0.22083955],
        [-0.928702  , -0.99783262, -0.97738064, ...,  0.18037752,
          0.        , -0.04129319],
        [-0.91259726, -0.99426431, -0.96781399, ...,  0.22083955,
          0.04129319,  0.        ]],

       [[ 0.        , -0.00735911, -0.02716534, ...,  0.9524766 ,
          0.84652588,  0.48349922],
        [ 0.00735911,  0.        , -0.01980821, ...,  0.95020913,
          0.84258535,  0.47704437],
        [ 0.02716534,  0.01980821,  0.        , ...,  0.9438502 ,
          0.83175207,  0.45954175],
        ...,
        [-0.9524766 , -0.95020913, -0.9438502 , ...,  0.        ,
          0.24918684,  0.68646587],
        [-0.84652588, -0.84258535, -0.83175207, ..., -0.24918684,
          0.        ,  0.48361239],
        [-0.48349922, -0.47704437, -0.45954175, ..., -0.68646587,
         -0.48361239,  0.        ]],

       [[ 0.        , -0.03126267, -0.03646819, ..., -0.06177624,
         -0.13417293, -0.16642945],
        [ 0.03126267,  0.        , -0.0052085 , ..., -0.03054309,
         -0.10312736, -0.13552144],
        [ 0.03646819,  0.0052085 ,  0.        , ..., -0.02533661,
         -0.09794524, -0.13035916],
        ...,
        [ 0.06177624,  0.03054309,  0.02533661, ...,  0.        ,
         -0.07269901, -0.1051969 ],
        [ 0.13417293,  0.10312736,  0.09794524, ...,  0.07269901,
          0.        , -0.03262291],
        [ 0.16642945,  0.13552144,  0.13035916, ...,  0.1051969 ,
          0.03262291,  0.        ]]]), 'num': array([ 7.75541851e-01,  6.31175721e-01,  2.07125007e-05,  7.80779503e-05,
        8.16625908e-05,  7.75178503e-05,  1.23289788e-02, -4.03272053e-06,
        8.30292350e-05,  6.68255398e-05,  5.76137606e-05,  8.29461179e-07,
        8.78824990e-05,  4.57685807e-05])}
{'img': array([[[ 0.        ,  0.08437461,  0.05010714, ...,  0.94536092,
          0.95303494,  0.99849623],
        [-0.08437461,  0.        , -0.03434017, ...,  0.96949815,
          0.97519024,  0.99956115],
        [-0.05010714,  0.03434017,  0.        , ...,  0.96050962,
          0.96701325,  0.99998886],
        ...,
        [-0.94536092, -0.96949815, -0.96050962, ...,  0.        ,
         -0.02440149, -0.27371031],
        [-0.95303494, -0.97519024, -0.96701325, ...,  0.02440149,
          0.        , -0.25015916],
        [-0.99849623, -0.99956115, -0.99998886, ...,  0.27371031,
          0.25015916,  0.        ]],

       [[ 0.        , -0.02398201, -0.05995506, ...,  0.70407653,
          0.54754171,  0.40832328],
        [ 0.02398201,  0.        , -0.03599895, ...,  0.72090423,
          0.56745186,  0.43009752],
        [ 0.05995506,  0.03599895,  0.        , ...,  0.74538548,
          0.59672582,  0.46231796],
        ...,
        [-0.70407653, -0.72090423, -0.74538548, ...,  0.        ,
         -0.20033346, -0.35274718],
        [-0.54754171, -0.56745186, -0.59672582, ...,  0.20033346,
          0.        , -0.15814045],
        [-0.40832328, -0.43009752, -0.46231796, ...,  0.35274718,
          0.15814045,  0.        ]],

       [[ 0.        , -0.00684374, -0.009797  , ...,  0.94167933,
          0.58360371,  0.58360371],
        [ 0.00684374,  0.        , -0.00295336, ...,  0.93935428,
          0.57803266,  0.57803266],
        [ 0.009797  ,  0.00295336,  0.        , ...,  0.93833734,
          0.57562016,  0.57562016],
        ...,
        [-0.94167933, -0.93935428, -0.93833734, ...,  0.        ,
          0.56829058,  0.56829058],
        [-0.58360371, -0.57803266, -0.57562016, ..., -0.56829058,
          0.        ,  0.        ],
        [-0.58360371, -0.57803266, -0.57562016, ..., -0.56829058,
          0.        ,  0.        ]],

       ...,

       [[ 0.        ,  0.14671462,  0.17588411, ...,  0.99783262,
          0.99426431,  0.94016748],
        [-0.14671462,  0.        ,  0.02955337, ...,  0.97738064,
          0.96781399,  0.88000627],
        [-0.17588411, -0.02955337,  0.        , ...,  0.97070354,
          0.95995366,  0.86558516],
        ...,
        [-0.99783262, -0.97738064, -0.97070354, ...,  0.        ,
         -0.04129319, -0.27810812],
        [-0.99426431, -0.96781399, -0.95995366, ...,  0.04129319,
          0.        , -0.23820675],
        [-0.94016748, -0.88000627, -0.86558516, ...,  0.27810812,
          0.23820675,  0.        ]],

       [[ 0.        , -0.01943941, -0.03003103, ...,  0.89793271,
          0.7603078 ,  0.46919073],
        [ 0.01943941,  0.        , -0.01059471, ...,  0.88920712,
          0.74753701,  0.45193519],
        [ 0.03003103,  0.01059471,  0.        , ...,  0.88431008,
          0.74045784,  0.44245881],
        ...,
        [-0.89793271, -0.88920712, -0.88431008, ...,  0.        ,
          0.24862747,  0.58645535],
        [-0.7603078 , -0.74753701, -0.74045784, ..., -0.24862747,
          0.        ,  0.36665651],
        [-0.46919073, -0.45193519, -0.44245881, ..., -0.58645535,
         -0.36665651,  0.        ]],

       [[ 0.        , -0.0052085 , -0.01909389, ..., -0.10312736,
         -0.13552144, -0.07919403],
        [ 0.0052085 ,  0.        , -0.01388608, ..., -0.09794524,
         -0.13035916, -0.07400082],
        [ 0.01909389,  0.01388608,  0.        , ..., -0.08411648,
         -0.116579  , -0.06014567],
        ...,
        [ 0.10312736,  0.09794524,  0.08411648, ...,  0.        ,
         -0.03262291,  0.02403168],
        [ 0.13552144,  0.13035916,  0.116579  , ...,  0.03262291,
          0.        ,  0.05663238],
        [ 0.07919403,  0.07400082,  0.06014567, ..., -0.02403168,
         -0.05663238,  0.        ]]]), 'num': array([7.31443812e-01, 6.81791840e-01, 7.04283291e-06, 7.44407376e-05,
       7.49686861e-05, 7.08506879e-05, 1.22391976e-02, 8.44717590e-07,
       7.70593622e-05, 6.39767985e-05, 5.48116126e-05, 7.82542945e-07,
       8.40397193e-05, 4.39138777e-05])}
{'img': array([[[ 0.        , -0.03434017, -0.09387361, ...,  0.97519024,
          0.99956115,  0.99976157],
        [ 0.03434017,  0.        , -0.05962972, ...,  0.96701325,
          0.99998886,  0.99842205],
        [ 0.09387361,  0.05962972,  0.        , ...,  0.95010327,
          0.99792801,  0.99329691],
        ...,
        [-0.97519024, -0.96701325, -0.95010327, ...,  0.        ,
         -0.25015916, -0.20002136],
        [-0.99956115, -0.99998886, -0.99792801, ...,  0.25015916,
          0.        ,  0.0514422 ],
        [-0.99976157, -0.99842205, -0.99329691, ...,  0.20002136,
         -0.0514422 ,  0.        ]],

       [[ 0.        , -0.03599895, -0.05519618, ...,  0.56745186,
          0.43009752,  0.44328472],
        [ 0.03599895,  0.        , -0.01921633, ...,  0.59672582,
          0.46231796,  0.47526616],
        [ 0.05519618,  0.01921633,  0.        , ...,  0.61203569,
          0.47927198,  0.49208574],
        ...,
        [-0.56745186, -0.59672582, -0.61203569, ...,  0.        ,
         -0.15814045, -0.14364944],
        [-0.43009752, -0.46231796, -0.47927198, ...,  0.15814045,
          0.        ,  0.01465847],
        [-0.44328472, -0.47526616, -0.49208574, ...,  0.14364944,
         -0.01465847,  0.        ]],

       [[ 0.        , -0.00295336, -0.01388978, ...,  0.57803266,
          0.57803266,  0.82944182],
        [ 0.00295336,  0.        , -0.01093665, ...,  0.57562016,
          0.57562016,  0.82778848],
        [ 0.01388978,  0.01093665,  0.        , ...,  0.56664265,
          0.56664265,  0.82160307],
        ...,
        [-0.57803266, -0.57562016, -0.56664265, ...,  0.        ,
          0.        , -0.35395077],
        [-0.57803266, -0.57562016, -0.56664265, ...,  0.        ,
          0.        , -0.35395077],
        [-0.82944182, -0.82778848, -0.82160307, ...,  0.35395077,
          0.35395077,  0.        ]],

       ...,

       [[ 0.        ,  0.02955337,  0.17397116, ...,  0.96781399,
          0.88000627,  0.88102709],
        [-0.02955337,  0.        ,  0.14479246, ...,  0.95995366,
          0.86558516,  0.86666157],
        [-0.17397116, -0.14479246,  0.        , ...,  0.90927283,
          0.78395714,  0.78529227],
        ...,
        [-0.96781399, -0.95995366, -0.90927283, ...,  0.        ,
         -0.23820675, -0.23611464],
        [-0.88000627, -0.86558516, -0.78395714, ...,  0.23820675,
          0.        ,  0.00215355],
        [-0.88102709, -0.86666157, -0.78529227, ...,  0.23611464,
         -0.00215355,  0.        ]],

       [[ 0.        , -0.01041736, -0.00926313, ...,  0.82930696,
          0.72993025,  0.44515927],
        [ 0.01041736,  0.        ,  0.00115429, ...,  0.8234408 ,
          0.72277015,  0.43580687],
        [ 0.00926313, -0.00115429,  0.        , ...,  0.8240952 ,
          0.72356739,  0.43684549],
        ...,
        [-0.82930696, -0.8234408 , -0.8240952 , ...,  0.        ,
          0.1589691 ,  0.49385206],
        [-0.72993025, -0.72277015, -0.72356739, ..., -0.1589691 ,
          0.        ,  0.34934108],
        [-0.44515927, -0.43580687, -0.43684549, ..., -0.49385206,
         -0.34934108,  0.        ]],

       [[ 0.        , -0.01388608, -0.04169071, ..., -0.13035916,
         -0.07400082,  0.02564738],
        [ 0.01388608,  0.        , -0.02781268, ..., -0.116579  ,
         -0.06014567,  0.03952642],
        [ 0.04169071,  0.02781268,  0.        , ..., -0.08891086,
         -0.03236007,  0.06730207],
        ...,
        [ 0.13035916,  0.116579  ,  0.08891086, ...,  0.        ,
          0.05663238,  0.1557448 ],
        [ 0.07400082,  0.06014567,  0.03236007, ..., -0.05663238,
          0.        ,  0.09955353],
        [-0.02564738, -0.03952642, -0.06730207, ..., -0.1557448 ,
         -0.09955353,  0.        ]]]), 'num': array([ 7.08436582e-01,  7.05727731e-01,  3.98947111e-07,  6.94577150e-05,
        7.36517743e-05,  6.85370678e-05,  8.12047638e-03, -2.65964741e-06,
        7.26288330e-05,  6.26960729e-05,  5.35296663e-05,  7.08944937e-07,
        8.21267778e-05,  4.32653680e-05])}
{'img': array([[[ 0.00000000e+00, -5.96297235e-02, -4.40915963e-03, ...,
          9.99988862e-01,  9.98422055e-01,  9.94517185e-01],
        [ 5.96297235e-02,  0.00000000e+00,  5.52278300e-02, ...,
          9.97928008e-01,  9.93296912e-01,  9.98983181e-01],
        [ 4.40915963e-03, -5.52278300e-02,  0.00000000e+00, ...,
          9.99958331e-01,  9.98164753e-01,  9.94968598e-01],
        ...,
        [-9.99988862e-01, -9.97928008e-01, -9.99958331e-01, ...,
          0.00000000e+00,  5.14422032e-02, -1.09265991e-01],
        [-9.98422055e-01, -9.93296912e-01, -9.98164753e-01, ...,
         -5.14422032e-02,  0.00000000e+00, -1.60255515e-01],
        [-9.94517185e-01, -9.98983181e-01, -9.94968598e-01, ...,
          1.09265991e-01,  1.60255515e-01,  0.00000000e+00]],

       [[ 0.00000000e+00, -1.92163286e-02,  1.44131438e-01, ...,
          4.62317957e-01,  4.75266162e-01,  3.86043772e-01],
        [ 1.92163286e-02,  0.00000000e+00,  1.63120507e-01, ...,
          4.79271981e-01,  4.92085738e-01,  4.03699176e-01],
        [-1.44131438e-01, -1.63120507e-01,  0.00000000e+00, ...,
          3.29687292e-01,  3.43490792e-01,  2.49054480e-01],
        ...,
        [-4.62317957e-01, -4.79271981e-01, -3.29687292e-01, ...,
          0.00000000e+00,  1.46584736e-02, -8.41687818e-02],
        [-4.75266162e-01, -4.92085738e-01, -3.43490792e-01, ...,
         -1.46584736e-02,  0.00000000e+00, -9.87661968e-02],
        [-3.86043772e-01, -4.03699176e-01, -2.49054480e-01, ...,
          8.41687818e-02,  9.87661968e-02,  0.00000000e+00]],

       [[ 0.00000000e+00, -1.09366497e-02,  6.87207591e-03, ...,
          5.75620162e-01,  8.27788482e-01,  9.38337337e-01],
        [ 1.09366497e-02,  0.00000000e+00,  1.78080563e-02, ...,
          5.66642649e-01,  8.21603073e-01,  9.34500188e-01],
        [-6.87207591e-03, -1.78080563e-02,  0.00000000e+00, ...,
          5.81225985e-01,  8.31624447e-01,  9.40691001e-01],
        ...,
        [-5.75620162e-01, -5.66642649e-01, -5.81225985e-01, ...,
          0.00000000e+00, -3.53950771e-01, -5.68290580e-01],
        [-8.27788482e-01, -8.21603073e-01, -8.31624447e-01, ...,
          3.53950771e-01,  0.00000000e+00, -2.40261169e-01],
        [-9.38337337e-01, -9.34500188e-01, -9.40691001e-01, ...,
          5.68290580e-01,  2.40261169e-01,  0.00000000e+00]],

       ...,

       [[ 0.00000000e+00,  1.44792465e-01,  1.55944553e-01, ...,
          8.65585159e-01,  8.66661568e-01,  7.81582850e-01],
        [-1.44792465e-01,  0.00000000e+00,  1.12801704e-02, ...,
          7.83957135e-01,  7.85292273e-01,  6.83024817e-01],
        [-1.55944553e-01, -1.12801704e-02,  0.00000000e+00, ...,
          7.76904359e-01,  7.78258472e-01,  6.74742379e-01],
        ...,
        [-8.65585159e-01, -7.83957135e-01, -7.76904359e-01, ...,
          0.00000000e+00,  2.15354973e-03, -1.48566480e-01],
        [-8.66661568e-01, -7.85292273e-01, -7.78258472e-01, ...,
         -2.15354973e-03,  0.00000000e+00, -1.50695786e-01],
        [-7.81582850e-01, -6.83024817e-01, -6.74742379e-01, ...,
          1.48566480e-01,  1.50695786e-01,  0.00000000e+00]],

       [[ 0.00000000e+00,  1.14279700e-03,  1.84533010e-03, ...,
          7.81142698e-01,  6.60907868e-01,  4.31894551e-01],
        [-1.14279700e-03,  0.00000000e+00,  7.02533848e-04, ...,
          7.81855696e-01,  6.61765068e-01,  4.32924985e-01],
        [-1.84533010e-03, -7.02533848e-04,  0.00000000e+00, ...,
          7.82293504e-01,  6.62291603e-01,  4.33558164e-01],
        ...,
        [-7.81142698e-01, -7.81855696e-01, -7.82293504e-01, ...,
          0.00000000e+00,  1.73582352e-01,  4.34876974e-01],
        [-6.60907868e-01, -6.61765068e-01, -6.62291603e-01, ...,
         -1.73582352e-01,  0.00000000e+00,  2.71966111e-01],
        [-4.31894551e-01, -4.32924985e-01, -4.33558164e-01, ...,
         -4.34876974e-01, -2.71966111e-01,  0.00000000e+00]],

       [[ 0.00000000e+00, -2.78126840e-02, -3.40367578e-02, ...,
         -6.01456729e-02,  3.95264164e-02,  1.34851019e-01],
        [ 2.78126840e-02,  0.00000000e+00, -6.22702202e-03, ...,
         -3.23600735e-02,  6.73020747e-02,  1.62357492e-01],
        [ 3.40367578e-02,  6.22702202e-03,  0.00000000e+00, ...,
         -2.61356853e-02,  7.35136730e-02,  1.68498746e-01],
        ...,
        [ 6.01456729e-02,  3.23600735e-02,  2.61356853e-02, ...,
          0.00000000e+00,  9.95535287e-02,  1.94203182e-01],
        [-3.95264164e-02, -6.73020747e-02, -7.35136730e-02, ...,
         -9.95535287e-02,  0.00000000e+00,  9.55802591e-02],
        [-1.34851019e-01, -1.62357492e-01, -1.68498746e-01, ...,
         -1.94203182e-01, -9.55802591e-02,  0.00000000e+00]]]), 'num': array([9.99889532e-01, 3.90384108e-03, 1.42080702e-04, 9.80590449e-05,
       9.98775436e-05, 9.49815855e-05, 1.43386244e-02, 3.07745933e-06,
       9.83388139e-05, 8.69382259e-05, 7.38473668e-05, 9.65304763e-07,
       1.13453409e-04, 6.04230433e-05])}
{'img': array([[[ 0.00000000e+00,  5.52278300e-02, -2.45002963e-02, ...,
          9.93296912e-01,  9.98983181e-01,  9.95964862e-01],
        [-5.52278300e-02,  0.00000000e+00, -7.96741554e-02, ...,
          9.98164753e-01,  9.94968598e-01,  9.99401168e-01],
        [ 2.45002963e-02,  7.96741554e-02,  0.00000000e+00, ...,
          9.90166736e-01,  9.99787891e-01,  9.93467140e-01],
        ...,
        [-9.93296912e-01, -9.98164753e-01, -9.90166736e-01, ...,
          0.00000000e+00, -1.60255515e-01, -2.59819429e-02],
        [-9.98983181e-01, -9.94968598e-01, -9.99787891e-01, ...,
          1.60255515e-01,  0.00000000e+00,  1.34555274e-01],
        [-9.95964862e-01, -9.99401168e-01, -9.93467140e-01, ...,
          2.59819429e-02, -1.34555274e-01,  0.00000000e+00]],

       [[ 0.00000000e+00,  1.63120507e-01,  8.32656120e-02, ...,
          4.92085738e-01,  4.03699176e-01,  4.62052380e-01],
        [-1.63120507e-01,  0.00000000e+00, -8.04036875e-02, ...,
          3.43490792e-01,  2.49054480e-01,  3.11199870e-01],
        [-8.32656120e-02,  8.04036875e-02,  0.00000000e+00, ...,
          4.17890309e-01,  3.26118262e-01,  3.86603525e-01],
        ...,
        [-4.92085738e-01, -3.43490792e-01, -4.17890309e-01, ...,
          0.00000000e+00, -9.87661968e-02, -3.41693405e-02],
        [-4.03699176e-01, -2.49054480e-01, -3.26118262e-01, ...,
          9.87661968e-02,  0.00000000e+00,  6.47062477e-02],
        [-4.62052380e-01, -3.11199870e-01, -3.86603525e-01, ...,
          3.41693405e-02, -6.47062477e-02,  0.00000000e+00]],

       [[ 0.00000000e+00,  1.78080563e-02,  1.09366497e-02, ...,
          8.21603073e-01,  9.34500188e-01,  9.56167854e-01],
        [-1.78080563e-02,  0.00000000e+00, -6.87207591e-03, ...,
          8.31624447e-01,  9.40691001e-01,  9.61230768e-01],
        [-1.09366497e-02,  6.87207591e-03,  0.00000000e+00, ...,
          8.27788482e-01,  9.38337337e-01,  9.59313128e-01],
        ...,
        [-8.21603073e-01, -8.31624447e-01, -8.27788482e-01, ...,
          0.00000000e+00, -2.40261169e-01, -3.04491948e-01],
        [-9.34500188e-01, -9.40691001e-01, -9.38337337e-01, ...,
          2.40261169e-01,  0.00000000e+00, -6.67205109e-02],
        [-9.56167854e-01, -9.61230768e-01, -9.59313128e-01, ...,
          3.04491948e-01,  6.67205109e-02,  0.00000000e+00]],

       ...,

       [[ 0.00000000e+00,  1.12801704e-02, -1.85693905e-01, ...,
          7.85292273e-01,  6.83024817e-01,  6.76401501e-01],
        [-1.12801704e-02,  0.00000000e+00, -1.96766072e-01, ...,
          7.78258472e-01,  6.74742379e-01,  6.68050248e-01],
        [ 1.85693905e-01,  1.96766072e-01,  0.00000000e+00, ...,
          8.86601968e-01,  8.06775334e-01,  8.01406990e-01],
        ...,
        [-7.85292273e-01, -7.78258472e-01, -8.86601968e-01, ...,
          0.00000000e+00, -1.50695786e-01, -1.59616520e-01],
        [-6.83024817e-01, -6.74742379e-01, -8.06775334e-01, ...,
          1.50695786e-01,  0.00000000e+00, -9.02999993e-03],
        [-6.76401501e-01, -6.68050248e-01, -8.01406990e-01, ...,
          1.59616520e-01,  9.02999993e-03,  0.00000000e+00]],

       [[ 0.00000000e+00,  6.94447443e-04,  7.93493700e-03, ...,
          7.49020121e-01,  6.73558947e-01,  4.28425507e-01],
        [-6.94447443e-04,  0.00000000e+00,  7.24050950e-03, ...,
          7.49480045e-01,  6.74072074e-01,  4.29052891e-01],
        [-7.93493700e-03, -7.24050950e-03,  0.00000000e+00, ...,
          7.54253811e-01,  6.79402720e-01,  4.35581847e-01],
        ...,
        [-7.49020121e-01, -7.49480045e-01, -7.54253811e-01, ...,
          0.00000000e+00,  1.07361243e-01,  3.92945291e-01],
        [-6.73558947e-01, -6.74072074e-01, -6.79402720e-01, ...,
         -1.07361243e-01,  0.00000000e+00,  2.91948795e-01],
        [-4.28425507e-01, -4.29052891e-01, -4.35581847e-01, ...,
         -3.92945291e-01, -2.91948795e-01,  0.00000000e+00]],

       [[ 0.00000000e+00, -6.22702202e-03, -3.13873060e-02, ...,
          6.73020747e-02,  1.62357492e-01,  2.81971981e-01],
        [ 6.22702202e-03,  0.00000000e+00, -2.51627436e-02, ...,
          7.35136730e-02,  1.68498746e-01,  2.87940860e-01],
        [ 3.13873060e-02,  2.51627436e-02,  0.00000000e+00, ...,
          9.85850547e-02,  1.93248358e-01,  3.11946745e-01],
        ...,
        [-6.73020747e-02, -7.35136730e-02, -9.85850547e-02, ...,
          0.00000000e+00,  9.55802591e-02,  2.16761516e-01],
        [-1.62357492e-01, -1.68498746e-01, -1.93248358e-01, ...,
         -9.55802591e-02,  0.00000000e+00,  1.22461324e-01],
        [-2.81971981e-01, -2.87940860e-01, -3.11946745e-01, ...,
         -2.16761516e-01, -1.22461324e-01,  0.00000000e+00]]]), 'num': array([ 9.99526294e-01,  2.37095683e-03,  1.44515275e-04,  9.80197969e-05,
        1.03133873e-04,  9.67412779e-05,  3.06834496e-02, -1.56263444e-06,
        9.86448507e-05,  8.96099825e-05,  7.56409776e-05,  9.35416643e-07,
        1.15711758e-04,  6.35082074e-05])}
{'img': array([[[ 0.        , -0.07967416, -0.0648942 , ...,  0.9949686 ,
          0.99940117,  0.99940921],
        [ 0.07967416,  0.        ,  0.01481832, ...,  0.99978789,
          0.99346714,  0.99897038],
        [ 0.0648942 , -0.01481832,  0.        , ...,  0.99937293,
          0.9950491 ,  0.99953296],
        ...,
        [-0.9949686 , -0.99978789, -0.99937293, ...,  0.        ,
          0.13455527,  0.06593189],
        [-0.99940117, -0.99346714, -0.9950491 , ..., -0.13455527,
          0.        , -0.06893019],
        [-0.99940921, -0.99897038, -0.99953296, ..., -0.06593189,
          0.06893019,  0.        ]],

       [[ 0.        , -0.08040369,  0.16466043, ...,  0.24905448,
          0.31119987,  0.53247309],
        [ 0.08040369,  0.        ,  0.24343352, ...,  0.32611826,
          0.38660352,  0.5988066 ],
        [-0.16466043, -0.24343352,  0.        , ...,  0.08618307,
          0.15046796,  0.38582868],
        ...,
        [-0.24905448, -0.32611826, -0.08618307, ...,  0.        ,
          0.06470625,  0.30488318],
        [-0.31119987, -0.38660352, -0.15046796, ..., -0.06470625,
          0.        ,  0.24261869],
        [-0.53247309, -0.5988066 , -0.38582868, ..., -0.30488318,
         -0.24261869,  0.        ]],

       [[ 0.        , -0.00687208, -0.02993761, ...,  0.940691  ,
          0.96123077,  0.97920023],
        [ 0.00687208,  0.        , -0.02306791, ...,  0.93833734,
          0.95931313,  0.97778279],
        [ 0.02993761,  0.02306791,  0.        , ...,  0.93011258,
          0.95254476,  0.97268709],
        ...,
        [-0.940691  , -0.93833734, -0.93011258, ...,  0.        ,
         -0.06672051, -0.1413452 ],
        [-0.96123077, -0.95931313, -0.95254476, ...,  0.06672051,
          0.        , -0.07497958],
        [-0.97920023, -0.97778279, -0.97268709, ...,  0.1413452 ,
          0.07497958,  0.        ]],

       ...,

       [[ 0.        , -0.19676607, -0.41404931, ...,  0.67474238,
          0.66805025,  0.59503976],
        [ 0.19676607,  0.        , -0.22684765, ...,  0.80677533,
          0.80140699,  0.74154716],
        [ 0.41404931,  0.22684765,  0.        , ...,  0.91977773,
          0.9161965 ,  0.87440747],
        ...,
        [-0.67474238, -0.80677533, -0.91977773, ...,  0.        ,
         -0.00903   , -0.10311686],
        [-0.66805025, -0.80140699, -0.9161965 , ...,  0.00903   ,
          0.        , -0.09413079],
        [-0.59503976, -0.74154716, -0.87440747, ...,  0.10311686,
          0.09413079,  0.        ]],

       [[ 0.        ,  0.00720547, -0.01029176, ...,  0.71316957,
          0.59184098,  0.42717757],
        [-0.00720547,  0.        , -0.01749658, ...,  0.71820203,
          0.59763362,  0.43368143],
        [ 0.01029176,  0.01749658,  0.        , ...,  0.70591736,
          0.58351392,  0.41784947],
        ...,
        [-0.71316957, -0.71820203, -0.70591736, ...,  0.        ,
          0.15997818,  0.34537706],
        [-0.59184098, -0.59763362, -0.58351392, ..., -0.15997818,
          0.        ,  0.19079503],
        [-0.42717757, -0.43368143, -0.41784947, ..., -0.34537706,
         -0.19079503,  0.        ]],

       [[ 0.        , -0.02516274, -0.04484371, ...,  0.16849875,
          0.28794086,  0.48408981],
        [ 0.02516274,  0.        , -0.01969208, ...,  0.19324836,
          0.31194674,  0.5059544 ],
        [ 0.04484371,  0.01969208,  0.        , ...,  0.21253177,
          0.33059569,  0.52284189],
        ...,
        [-0.16849875, -0.19324836, -0.21253177, ...,  0.        ,
          0.12246132,  0.32972874],
        [-0.28794086, -0.31194674, -0.33059569, ..., -0.12246132,
          0.        ,  0.21163421],
        [-0.48408981, -0.5059544 , -0.52284189, ..., -0.32972874,
         -0.21163421,  0.        ]]]), 'num': array([9.94644500e-01, 3.47490109e-02, 1.30954360e-04, 9.77589838e-05,
       1.03760559e-04, 9.54917222e-05, 9.73382867e-02, 5.73483807e-06,
       9.35712183e-05, 8.56091292e-05, 7.17032583e-05, 9.51319948e-07,
       1.09647400e-04, 6.15708580e-05])}
{'img': array([[[ 0.        ,  0.01481832, -0.06339073, ...,  0.99346714,
          0.99897038,  0.94217556],
        [-0.01481832,  0.        , -0.07817228, ...,  0.9950491 ,
          0.99953296,  0.94703802],
        [ 0.06339073,  0.07817228,  0.        , ...,  0.98423501,
          0.99408537,  0.91903716],
        ...,
        [-0.99346714, -0.9950491 , -0.98423501, ...,  0.        ,
         -0.06893019,  0.22541072],
        [-0.99897038, -0.99953296, -0.99408537, ...,  0.06893019,
          0.        ,  0.29203077],
        [-0.94217556, -0.94703802, -0.91903716, ..., -0.22541072,
         -0.29203077,  0.        ]],

       [[ 0.        ,  0.24343352,  0.08380244, ...,  0.38660352,
          0.5988066 ,  0.98051316],
        [-0.24343352,  0.        , -0.16129576, ...,  0.15046796,
          0.38582868,  0.9031936 ],
        [-0.08380244,  0.16129576,  0.        , ...,  0.30795714,
          0.52958339,  0.96060081],
        ...,
        [-0.38660352, -0.15046796, -0.30795714, ...,  0.        ,
          0.24261869,  0.82832476],
        [-0.5988066 , -0.38582868, -0.52958339, ..., -0.24261869,
          0.        ,  0.66764916],
        [-0.98051316, -0.9031936 , -0.96060081, ..., -0.82832476,
         -0.66764916,  0.        ]],

       [[ 0.        , -0.02306791, -0.05438805, ...,  0.95931313,
          0.97778279,  0.96281659],
        [ 0.02306791,  0.        , -0.03133981, ...,  0.95254476,
          0.97268709,  0.95632846],
        [ 0.05438805,  0.03133981,  0.        , ...,  0.94253707,
          0.96493469,  0.94669825],
        ...,
        [-0.95931313, -0.95254476, -0.94253707, ...,  0.        ,
         -0.07497958, -0.01268171],
        [-0.97778279, -0.97268709, -0.96493469, ...,  0.07497958,
          0.        ,  0.06232753],
        [-0.96281659, -0.95632846, -0.94669825, ...,  0.01268171,
         -0.06232753,  0.        ]],

       ...,

       [[ 0.        , -0.22684765, -0.42717387, ...,  0.80140699,
          0.74154716,  0.84206869],
        [ 0.22684765,  0.        , -0.21092883, ...,  0.9161965 ,
          0.87440747,  0.94247106],
        [ 0.42717387,  0.21092883,  0.        , ...,  0.98010874,
          0.95707559,  0.99177773],
        ...,
        [-0.80140699, -0.9161965 , -0.98010874, ...,  0.        ,
         -0.09413079,  0.07140251],
        [-0.74154716, -0.87440747, -0.95707559, ...,  0.09413079,
          0.        ,  0.164976  ],
        [-0.84206869, -0.94247106, -0.99177773, ..., -0.07140251,
         -0.164976  ,  0.        ]],

       [[ 0.        , -0.01731575, -0.0426091 , ...,  0.70612605,
          0.66317195,  0.42962797],
        [ 0.01731575,  0.        , -0.02530269, ...,  0.69375913,
          0.65011225,  0.41392733],
        [ 0.0426091 ,  0.02530269,  0.        , ...,  0.67531384,
          0.63067815,  0.39076151],
        ...,
        [-0.70612605, -0.69375913, -0.67531384, ...,  0.        ,
          0.05892923,  0.33342243],
        [-0.66317195, -0.65011225, -0.63067815, ..., -0.05892923,
          0.        ,  0.27728585],
        [-0.42962797, -0.41392733, -0.39076151, ..., -0.33342243,
         -0.27728585,  0.        ]],

       [[ 0.        , -0.01969208, -0.04761367, ...,  0.31194674,
          0.5059544 ,  0.68590525],
        [ 0.01969208,  0.        , -0.02793469, ...,  0.33059569,
          0.52284189,  0.700102  ],
        [ 0.04761367,  0.02793469,  0.        , ...,  0.35683067,
          0.54645021,  0.71977535],
        ...,
        [-0.31194674, -0.33059569, -0.35683067, ...,  0.        ,
          0.21163421,  0.4246775 ],
        [-0.5059544 , -0.52284189, -0.54645021, ..., -0.21163421,
          0.        ,  0.2234562 ],
        [-0.68590525, -0.700102  , -0.71977535, ..., -0.4246775 ,
         -0.2234562 ,  0.        ]]]), 'num': array([ 9.98759006e-01,  4.45831452e-02,  1.33825506e-04,  9.80451974e-05,
        1.01895500e-04,  9.61200463e-05,  2.21969239e-02, -2.75021592e-06,
        9.66975916e-05,  8.96776655e-05,  7.46145037e-05,  9.01495953e-07,
        1.13292441e-04,  6.60628896e-05])}
{'img': array([[[ 0.        , -0.07817228, -0.34196952, ...,  0.99953296,
          0.94703802,  0.98398218],
        [ 0.07817228,  0.        , -0.26746369, ...,  0.99408537,
          0.91903716,  0.96703553],
        [ 0.34196952,  0.26746369,  0.        , ...,  0.92882185,
          0.78012833,  0.86369708],
        ...,
        [-0.99953296, -0.99408537, -0.92882185, ...,  0.        ,
          0.29203077,  0.14811392],
        [-0.94703802, -0.91903716, -0.78012833, ..., -0.29203077,
          0.        , -0.14715229],
        [-0.98398218, -0.96703553, -0.86369708, ..., -0.14811392,
          0.14715229,  0.        ]],

       [[ 0.        , -0.16129576, -0.08796797, ...,  0.38582868,
          0.9031936 ,  0.2847274 ],
        [ 0.16129576,  0.        ,  0.07385434, ...,  0.52958339,
          0.96060081,  0.43561871],
        [ 0.08796797, -0.07385434,  0.        , ...,  0.46548959,
          0.93745098,  0.36795045],
        ...,
        [-0.38582868, -0.52958339, -0.46548959, ...,  0.        ,
          0.66764916, -0.10717758],
        [-0.9031936 , -0.96060081, -0.93745098, ..., -0.66764916,
          0.        , -0.74359457],
        [-0.2847274 , -0.43561871, -0.36795045, ...,  0.10717758,
          0.74359457,  0.        ]],

       [[ 0.        , -0.03133981, -0.08967112, ...,  0.97268709,
          0.95632846,  0.95198666],
        [ 0.03133981,  0.        , -0.05841351, ...,  0.96493469,
          0.94669825,  0.94192467],
        [ 0.08967112,  0.05841351,  0.        , ...,  0.94795407,
          0.92626547,  0.92069964],
        ...,
        [-0.97268709, -0.96493469, -0.94795407, ...,  0.        ,
          0.06232753,  0.07680255],
        [-0.95632846, -0.94669825, -0.92626547, ..., -0.06232753,
          0.        ,  0.01450978],
        [-0.95198666, -0.94192467, -0.92069964, ..., -0.07680255,
         -0.01450978,  0.        ]],

       ...,

       [[ 0.        , -0.21092883, -0.61283436, ...,  0.87440747,
          0.94247106,  0.87025029],
        [ 0.21092883,  0.        , -0.43236809, ...,  0.95707559,
          0.99177773,  0.95457651],
        [ 0.61283436,  0.43236809,  0.        , ...,  0.98830926,
          0.94961439,  0.98956992],
        ...,
        [-0.87440747, -0.95707559, -0.98830926, ...,  0.        ,
          0.164976  , -0.00850296],
        [-0.94247106, -0.99177773, -0.94961439, ..., -0.164976  ,
          0.        , -0.17335648],
        [-0.87025029, -0.95457651, -0.98956992, ...,  0.00850296,
          0.17335648,  0.        ]],

       [[ 0.        , -0.02524358, -0.00654728, ...,  0.67193409,
          0.53086699,  0.41304433],
        [ 0.02524358,  0.        ,  0.01869785, ...,  0.65302429,
          0.50930502,  0.38992309],
        [ 0.00654728, -0.01869785,  0.        , ...,  0.6670707 ,
          0.52530709,  0.4070728 ],
        ...,
        [-0.67193409, -0.65302429, -0.6670707 , ...,  0.        ,
          0.17626809,  0.30603256],
        [-0.53086699, -0.50930502, -0.52530709, ..., -0.17626809,
          0.        ,  0.13342983],
