state_0,state_1,state_2,state_3,state_4,state_5,state_6,state_7,state_8,state_9,state_10,state_11,state_12,state_13,state_14,state_15,state_16,state_17,state_18,state_19,state_20,state_21,state_22,state_23,state_24,state_25,state_26,state_27,state_28,state_29,state_30,state_31,state_32,state_33,state_34,state_35,state_36,state_37,state_38,state_39,state_40,state_41,state_42,state_43,state_44,state_45,state_46,state_47,state_48,state_49,state_50,state_51,state_52,state_53,state_54,state_55,state_56,state_57,state_58,state_59,state_60,state_61,state_62,state_63,state_64,state_65,state_66,state_67,state_68,state_69,state_70,state_71,state_72,state_73,state_74,state_75,state_76,state_77,state_78,state_79,state_80,state_81,state_82,state_83,state_84,state_85,state_86,state_87,state_88,state_89,state_90,state_91,state_92,state_93,state_94,state_95,state_96,state_97,state_98,state_99,state_100,state_101,state_102,state_103,state_104,state_105,state_106,state_107,state_108,state_109,state_110,state_111,state_112,state_113,state_114,state_115,state_116,state_117,state_118,state_119,state_120,state_121,state_122,state_123,state_124,state_125,state_126,state_127,state_128,state_129,state_130,state_131,state_132,state_133,state_134,state_135,state_136,state_137,state_138,state_139,state_140,state_141,state_142,state_143,state_144,state_145,state_146,state_147,state_148,state_149,state_150,state_151,state_152,state_153,state_154,state_155,state_156,state_157,state_158,state_159,state_160,state_161,state_162,state_163,state_164,state_165,state_166,state_167,state_168,state_169,state_170,state_171,state_172,state_173,state_174,state_175,state_176,state_177,state_178,state_179,state_180,state_181,state_182,state_183,state_184,state_185,state_186,state_187,state_188,state_189,state_190,state_191,state_192,state_193,state_194,state_195,state_196,state_197,state_198,state_199,state_200,state_201,state_202,state_203,state_204,state_205,state_206,state_207,state_208,state_209,state_210,state_211,state_212,state_213,state_214,state_215,state_216,state_217,state_218,state_219,state_220,state_221,state_222,state_223,state_224,state_225,state_226,state_227,state_228,state_229,state_230,state_231,state_232,state_233,state_234,state_235,state_236,state_237,state_238,state_239,state_240,state_241,state_242,state_243,state_244,state_245,state_246,state_247,state_248,state_249,state_250,state_251,state_252,state_253,state_254,state_255,state_256,state_257,state_258,state_259,state_260,state_261,state_262,state_263,state_264,state_265,state_266,state_267,state_268,state_269,state_270,state_271,state_272,state_273,state_274,state_275,state_276,state_277,state_278,state_279,state_280,state_281,state_282,state_283,state_284,state_285,state_286,state_287
{'img': array([[[ 0.        ,  0.20049155, -0.58736566, ..., -0.74023586,
         -0.84342985, -0.20049155],
        [-0.20049155,  0.        , -0.73770161, ..., -0.59040574,
         -0.71859242, -0.        ],
        [ 0.58736566,  0.73770161,  0.        , ..., -0.99400264,
         -0.99816199, -0.73770161],
        ...,
        [ 0.74023586,  0.59040574,  0.99400264, ...,  0.        ,
          0.16939395, -0.59040574],
        [ 0.84342985,  0.71859242,  0.99816199, ..., -0.16939395,
          0.        , -0.71859242],
        [ 0.20049155,  0.        ,  0.73770161, ...,  0.59040574,
          0.71859242,  0.        ]],

       [[ 0.        ,  0.52827046, -0.05233988, ...,  0.04818876,
         -0.18902721,  0.19833814],
        [-0.52827046,  0.        , -0.57198692, ..., -0.48674081,
         -0.67924522, -0.34937148],
        [ 0.05233988,  0.57198692,  0.        , ...,  0.10040179,
         -0.13737183,  0.24936636],
        ...,
        [-0.04818876,  0.48674081, -0.10040179, ...,  0.        ,
         -0.23612762,  0.15087629],
        [ 0.18902721,  0.67924522,  0.13737183, ...,  0.23612762,
          0.        ,  0.3800344 ],
        [-0.19833814,  0.34937148, -0.24936636, ..., -0.15087629,
         -0.3800344 ,  0.        ]],

       [[ 0.        ,  0.39262449,  0.15680412, ..., -0.69376956,
         -0.74318251, -0.39262449],
        [-0.39262449,  0.        , -0.24355504, ..., -0.35529209,
         -0.42080349, -0.        ],
        [-0.15680412,  0.24355504,  0.        , ..., -0.57225758,
         -0.62907327, -0.24355504],
        ...,
        [ 0.69376956,  0.35529209,  0.57225758, ...,  0.        ,
          0.07104444, -0.35529209],
        [ 0.74318251,  0.42080349,  0.62907327, ..., -0.07104444,
          0.        , -0.42080349],
        [ 0.39262449,  0.        ,  0.24355504, ...,  0.35529209,
          0.42080349,  0.        ]],

       ...,

       [[ 0.        ,  0.0992957 ,  0.00863541, ...,  0.81922094,
          0.87303333,  0.77180286],
        [-0.0992957 ,  0.        , -0.09069926, ...,  0.75822842,
          0.82029618,  0.70485024],
        [-0.00863541,  0.09069926,  0.        , ...,  0.81423818,
          0.86878963,  0.76628316],
        ...,
        [-0.81922094, -0.75822842, -0.81423818, ...,  0.        ,
          0.10116371, -0.07829939],
        [-0.87303333, -0.82029618, -0.86878963, ..., -0.10116371,
          0.        , -0.17875082],
        [-0.77180286, -0.70485024, -0.76628316, ...,  0.07829939,
          0.17875082,  0.        ]],

       [[ 0.        ,  0.01412043,  0.21442626, ..., -0.51614067,
         -0.21442626, -0.45218119],
        [-0.01412043,  0.        ,  0.2006129 , ..., -0.50399501,
         -0.2006129 , -0.43954173],
        [-0.21442626, -0.2006129 ,  0.        , ..., -0.32047842,
         -0.        , -0.25041115],
        ...,
        [ 0.51614067,  0.50399501,  0.32047842, ...,  0.        ,
         -0.32047842, -0.07306442],
        [ 0.21442626,  0.2006129 ,  0.        , ...,  0.32047842,
          0.        ,  0.25041115],
        [ 0.45218119,  0.43954173,  0.25041115, ...,  0.07306442,
         -0.25041115,  0.        ]],

       [[ 0.        , -0.27311147, -0.50939462, ..., -0.55469609,
         -0.50383555, -0.        ],
        [ 0.27311147,  0.        , -0.25500722, ..., -0.7608511 ,
         -0.72059451, -0.27311147],
        [ 0.50939462,  0.25500722,  0.        , ..., -0.90117766,
         -0.87358201, -0.50939462],
        ...,
        [ 0.55469609,  0.7608511 ,  0.90117766, ...,  0.        ,
         -0.05992836, -0.55469609],
        [ 0.50383555,  0.72059451,  0.87358201, ...,  0.05992836,
          0.        , -0.50383555],
        [ 0.        ,  0.27311147,  0.50939462, ...,  0.55469609,
          0.50383555,  0.        ]]]), 'num': array([9.98815696e-01, 4.86252812e-02, 2.14248121e-05, 5.10855062e-04,
       5.17766291e-04, 4.99912281e-04, 7.42404294e-04, 3.45561485e-06,
       5.20876345e-04, 5.39479071e-04, 5.56689953e-04, 4.31022927e-07,
       5.75523820e-04, 5.03434323e-04])}
{'img': array([[[ 0.        , -0.73770161, -0.65417274, ..., -0.71859242,
         -0.        , -0.34368144],
        [ 0.73770161,  0.        ,  0.11630744, ..., -0.99816199,
         -0.73770161, -0.92479406],
        [ 0.65417274, -0.11630744,  0.        , ..., -0.99843622,
         -0.65417274, -0.87426645],
        ...,
        [ 0.71859242,  0.99816199,  0.99843622, ...,  0.        ,
         -0.71859242, -0.4358134 ],
        [ 0.        ,  0.73770161,  0.65417274, ...,  0.71859242,
          0.        ,  0.34368144],
        [ 0.34368144,  0.92479406,  0.87426645, ...,  0.4358134 ,
         -0.34368144,  0.        ]],

       [[ 0.        , -0.57198692, -0.76194452, ..., -0.67924522,
         -0.34937148, -0.60583045],
        [ 0.57198692,  0.        , -0.25455176, ..., -0.13737183,
          0.24936636, -0.04187091],
        [ 0.76194452,  0.25455176,  0.        , ...,  0.11929182,
          0.4876623 ,  0.21383689],
        ...,
        [ 0.67924522,  0.13737183, -0.11929182, ...,  0.        ,
          0.3800344 ,  0.0957774 ],
        [ 0.34937148, -0.24936636, -0.4876623 , ..., -0.3800344 ,
          0.        , -0.28969585],
        [ 0.60583045,  0.04187091, -0.21383689, ..., -0.0957774 ,
          0.28969585,  0.        ]],

       [[ 0.        , -0.23789096, -0.33396992, ..., -0.57495957,
         -0.42177922, -0.        ],
        [ 0.23789096,  0.        , -0.10015011, ..., -0.75309162,
         -0.62536612, -0.23789096],
        [ 0.33396992,  0.10015011,  0.        , ..., -0.81519566,
         -0.70037228, -0.33396992],
        ...,
        [ 0.57495957,  0.75309162,  0.81519566, ...,  0.        ,
         -0.17622293, -0.57495957],
        [ 0.42177922,  0.62536612,  0.70037228, ...,  0.17622293,
          0.        , -0.42177922],
        [ 0.        ,  0.23789096,  0.33396992, ...,  0.57495957,
          0.42177922,  0.        ]],

       ...,

       [[ 0.        , -0.09069926,  0.08746296, ...,  0.82029618,
          0.70485024,  0.68077976],
        [ 0.09069926,  0.        ,  0.17745415, ...,  0.86878963,
          0.76628316,  0.74440994],
        [-0.08746296, -0.17745415,  0.        , ...,  0.76712914,
          0.6401067 ,  0.61410527],
        ...,
        [-0.82029618, -0.86878963, -0.76712914, ...,  0.        ,
         -0.17875082, -0.21149278],
        [-0.70485024, -0.76628316, -0.6401067 , ...,  0.17875082,
          0.        , -0.03337916],
        [-0.68077976, -0.74440994, -0.61410527, ...,  0.21149278,
          0.03337916,  0.        ]],

       [[ 0.        ,  0.2006129 , -0.02110805, ..., -0.2006129 ,
         -0.43954173, -0.39026673],
        [-0.2006129 ,  0.        , -0.22124713, ..., -0.        ,
         -0.25041115, -0.19762817],
        [ 0.02110805,  0.22124713,  0.        , ..., -0.22124713,
         -0.45840351, -0.40961399],
        ...,
        [ 0.2006129 ,  0.        ,  0.22124713, ...,  0.        ,
          0.25041115,  0.19762817],
        [ 0.43954173,  0.25041115,  0.45840351, ..., -0.25041115,
          0.        , -0.05414065],
        [ 0.39026673,  0.19762817,  0.40961399, ..., -0.19762817,
          0.05414065,  0.        ]],

       [[ 0.        , -0.43290436, -0.59496672, ..., -0.63344833,
         -0.42304965, -0.        ],
        [ 0.43290436,  0.        , -0.18837969, ..., -0.90599047,
         -0.77361127, -0.43290436],
        [ 0.59496672,  0.18837969,  0.        , ..., -0.96951063,
         -0.87912951, -0.59496672],
        ...,
        [ 0.63344833,  0.90599047,  0.96951063, ...,  0.        ,
         -0.24662219, -0.63344833],
        [ 0.42304965,  0.77361127,  0.87912951, ...,  0.24662219,
          0.        , -0.42304965],
        [ 0.        ,  0.43290436,  0.59496672, ...,  0.63344833,
          0.42304965,  0.        ]]]), 'num': array([ 7.07106253e-01,  7.07106253e-01,  0.00000000e+00,  3.25238266e-04,
        3.35951997e-04,  3.22559833e-04,  7.32788597e-04, -1.41574304e-05,
        3.38936536e-04,  3.56767246e-04,  3.68392920e-04,  2.63415178e-07,
        3.84744410e-04,  3.28790082e-04])}
{'img': array([[[ 0.        ,  0.12675655,  0.09290494, ..., -0.9918235 ,
         -0.99862483, -0.62350648],
        [-0.12675655,  0.        , -0.03405277, ..., -0.96764699,
         -0.98392449, -0.51937661],
        [-0.09290494,  0.03405277,  0.        , ..., -0.97567758,
         -0.98943516, -0.54817503],
        ...,
        [ 0.9918235 ,  0.96764699,  0.97567758, ...,  0.        ,
          0.07544472, -0.6958555 ],
        [ 0.99862483,  0.98392449,  0.98943516, ..., -0.07544472,
          0.        , -0.74805533],
        [ 0.62350648,  0.51937661,  0.54817503, ...,  0.6958555 ,
          0.74805533,  0.        ]],

       [[ 0.        , -0.25455176, -0.46447121, ...,  0.24936636,
         -0.04187091,  0.32368247],
        [ 0.25455176,  0.        , -0.22374309, ...,  0.4876623 ,
          0.21383689,  0.55386826],
        [ 0.46447121,  0.22374309,  0.        , ...,  0.67063412,
          0.42698351,  0.72611614],
        ...,
        [-0.24936636, -0.4876623 , -0.67063412, ...,  0.        ,
         -0.28969585,  0.07751517],
        [ 0.04187091, -0.21383689, -0.42698351, ...,  0.28969585,
          0.        ,  0.36301543],
        [-0.32368247, -0.55386826, -0.72611614, ..., -0.07751517,
         -0.36301543,  0.        ]],

       [[ 0.        , -0.22728751, -0.40849849, ..., -0.7020733 ,
         -0.60376195, -0.        ],
        [ 0.22728751,  0.        , -0.19034842, ..., -0.84555092,
         -0.76914568, -0.22728751],
        [ 0.40849849,  0.19034842,  0.        , ..., -0.9317174 ,
         -0.87672971, -0.40849849],
        ...,
        [ 0.7020733 ,  0.84555092,  0.9317174 , ...,  0.        ,
         -0.12972631, -0.7020733 ],
        [ 0.60376195,  0.76914568,  0.87672971, ...,  0.12972631,
          0.        , -0.60376195],
        [ 0.        ,  0.22728751,  0.40849849, ...,  0.7020733 ,
          0.60376195,  0.        ]],

       ...,

       [[ 0.        ,  0.17745415,  0.36262995, ...,  0.76628316,
          0.74440994,  0.67224311],
        [-0.17745415,  0.        ,  0.19149926, ...,  0.6401067 ,
          0.61410527,  0.53019927],
        [-0.36262995, -0.19149926,  0.        , ...,  0.48113389,
          0.45160404,  0.35801968],
        ...,
        [-0.76628316, -0.6401067 , -0.48113389, ...,  0.        ,
         -0.03337916, -0.13538455],
        [-0.74440994, -0.61410527, -0.45160404, ...,  0.03337916,
          0.        , -0.10223726],
        [-0.67224311, -0.53019927, -0.35801968, ...,  0.13538455,
          0.10223726,  0.        ]],

       [[ 0.        , -0.22124713, -0.29365753, ..., -0.25041115,
         -0.19762817, -0.38055767],
        [ 0.22124713,  0.        , -0.07488755, ..., -0.45840351,
         -0.40961399, -0.57572648],
        [ 0.29365753,  0.07488755,  0.        , ..., -0.52367218,
         -0.47678063, -0.63534106],
        ...,
        [ 0.25041115,  0.45840351,  0.52367218, ...,  0.        ,
         -0.05414065,  0.13686343],
        [ 0.19762817,  0.40961399,  0.47678063, ...,  0.05414065,
          0.        ,  0.19029388],
        [ 0.38055767,  0.57572648,  0.63534106, ..., -0.13686343,
         -0.19029388,  0.        ]],

       [[ 0.        , -0.42100273, -0.57367839, ..., -0.69430816,
         -0.58779905, -0.        ],
        [ 0.42100273,  0.        , -0.17552516, ..., -0.93276506,
         -0.87376278, -0.42100273],
        [ 0.57367839,  0.17552516,  0.        , ..., -0.98155799,
         -0.94556464, -0.57367839],
        ...,
        [ 0.69430816,  0.93276506,  0.98155799, ...,  0.        ,
         -0.1386742 , -0.69430816],
        [ 0.58779905,  0.87376278,  0.94556464, ...,  0.1386742 ,
          0.        , -0.58779905],
        [ 0.        ,  0.42100273,  0.57367839, ...,  0.69430816,
          0.58779905,  0.        ]]]), 'num': array([ 7.93676018e-01,  6.08339296e-01,  4.46594512e-06,  3.58484956e-04,
        3.68418877e-04,  3.54165860e-04,  7.01265680e-04, -8.63819172e-06,
        3.76538777e-04,  4.00552950e-04,  4.14280476e-04,  2.00824202e-07,
        4.37561730e-04,  3.63544170e-04])}
{'img': array([[[ 0.        , -0.03249049, -0.26970244, ..., -0.99953795,
         -0.89480773, -0.49888765],
        [ 0.03249049,  0.        , -0.23827354, ..., -0.9999978 ,
         -0.90884075, -0.52678269],
        [ 0.26970244,  0.23827354,  0.        , ..., -0.97069655,
         -0.98205859, -0.71414284],
        ...,
        [ 0.99953795,  0.9999978 ,  0.97069655, ...,  0.        ,
         -0.41904719, -0.85110223],
        [ 0.89480773,  0.90884075,  0.98205859, ...,  0.41904719,
          0.        , -0.5527708 ],
        [ 0.49888765,  0.52678269,  0.71414284, ...,  0.85110223,
          0.5527708 ,  0.        ]],

       [[ 0.        , -0.22374309, -0.36034447, ...,  0.21383689,
          0.55386826,  0.40924501],
        [ 0.22374309,  0.        , -0.14249719, ...,  0.42698351,
          0.72611614,  0.60301858],
        [ 0.36034447,  0.14249719,  0.        , ...,  0.55148065,
          0.81668337,  0.71053878],
        ...,
        [-0.21383689, -0.42698351, -0.55148065, ...,  0.        ,
          0.36301543,  0.2046689 ],
        [-0.55386826, -0.72611614, -0.81668337, ..., -0.36301543,
          0.        , -0.16462382],
        [-0.40924501, -0.60301858, -0.71053878, ..., -0.2046689 ,
          0.16462382,  0.        ]],

       [[ 0.        , -0.33402532, -0.51629592, ..., -0.74627209,
         -0.51629592, -0.        ],
        [ 0.33402532,  0.        , -0.20057929, ..., -0.92575023,
         -0.7727047 , -0.33402532],
        [ 0.51629592,  0.20057929,  0.        , ..., -0.98278281,
         -0.88432224, -0.51629592],
        ...,
        [ 0.74627209,  0.92575023,  0.98278281, ...,  0.        ,
         -0.29544732, -0.74627209],
        [ 0.51629592,  0.7727047 ,  0.88432224, ...,  0.29544732,
          0.        , -0.51629592],
        [ 0.        ,  0.33402532,  0.51629592, ...,  0.74627209,
          0.51629592,  0.        ]],

       ...,

       [[ 0.        ,  0.19149926,  0.21488897, ...,  0.61410527,
          0.53019927,  0.12820534],
        [-0.19149926,  0.        ,  0.02388642, ...,  0.45160404,
          0.35801968, -0.06408633],
        [-0.21488897, -0.02388642,  0.        , ...,  0.43016328,
          0.33561444, -0.08790536],
        ...,
        [-0.61410527, -0.45160404, -0.43016328, ...,  0.        ,
         -0.10223726, -0.5078547 ],
        [-0.53019927, -0.35801968, -0.33561444, ...,  0.10223726,
          0.        , -0.41712202],
        [-0.12820534,  0.06408633,  0.08790536, ...,  0.5078547 ,
          0.41712202,  0.        ]],

       [[ 0.        , -0.19676499, -0.4773627 , ..., -0.19885166,
         -0.38284366, -0.51772851],
        [ 0.19676499,  0.        , -0.29513194, ..., -0.38779977,
         -0.55713341, -0.67594857],
        [ 0.4773627 ,  0.29513194,  0.        , ..., -0.6425618 ,
         -0.77740109, -0.86333659],
        ...,
        [ 0.19885166,  0.38779977,  0.6425618 , ...,  0.        ,
          0.19149634,  0.33726272],
        [ 0.38284366,  0.55713341,  0.77740109, ..., -0.19149634,
          0.        ,  0.15074444],
        [ 0.51772851,  0.67594857,  0.86333659, ..., -0.33726272,
         -0.15074444,  0.        ]],

       [[ 0.        , -0.39769409, -0.51343199, ..., -0.79328624,
         -0.6157918 , -0.        ],
        [ 0.39769409,  0.        , -0.12980978, ..., -0.96999006,
         -0.87834682, -0.39769409],
        [ 0.51343199,  0.12980978,  0.        , ..., -0.99334543,
         -0.93296724, -0.51343199],
        ...,
        [ 0.79328624,  0.96999006,  0.99334543, ...,  0.        ,
         -0.25011316, -0.79328624],
        [ 0.6157918 ,  0.87834682,  0.93296724, ...,  0.25011316,
          0.        , -0.6157918 ],
        [ 0.        ,  0.39769409,  0.51343199, ...,  0.79328624,
          0.6157918 ,  0.        ]]]), 'num': array([8.49819463e-01, 5.27072168e-01, 7.55848465e-06, 3.90735224e-04,
       3.95768113e-04, 3.71976273e-04, 6.91024851e-04, 1.09808494e-05,
       3.93663450e-04, 4.22053521e-04, 4.37335203e-04, 2.71443015e-07,
       4.63461333e-04, 3.80645709e-04])}
{'img': array([[[ 0.        , -0.23827354, -0.45558759, ..., -0.90884075,
         -0.52678269, -0.93142615],
        [ 0.23827354,  0.        , -0.23035684, ..., -0.98205859,
         -0.71414284, -0.99131427],
        [ 0.45558759,  0.23035684,  0.        , ..., -0.99908711,
         -0.85618664, -0.99494931],
        ...,
        [ 0.90884075,  0.98205859,  0.99908711, ...,  0.        ,
         -0.5527708 ,  0.05778336],
        [ 0.52678269,  0.71414284,  0.85618664, ...,  0.5527708 ,
          0.        ,  0.6       ],
        [ 0.93142615,  0.99131427,  0.99494931, ..., -0.05778336,
         -0.6       ,  0.        ]],

       [[ 0.        , -0.14249719,  0.12533703, ...,  0.72611614,
          0.60301858,  0.54802709],
        [ 0.14249719,  0.        ,  0.26543148, ...,  0.81668337,
          0.71053878,  0.66162787],
        [-0.12533703, -0.26543148,  0.        , ...,  0.63421191,
          0.49827857,  0.43886599],
        ...,
        [-0.72611614, -0.81668337, -0.63421191, ...,  0.        ,
         -0.16462382, -0.23055941],
        [-0.60301858, -0.71053878, -0.49827857, ...,  0.16462382,
          0.        , -0.06722519],
        [-0.54802709, -0.66162787, -0.43886599, ...,  0.23055941,
          0.06722519,  0.        ]],

       [[ 0.        , -0.40041327, -0.61967242, ..., -0.66481061,
         -0.46281636, -0.        ],
        [ 0.40041327,  0.        , -0.25355873, ..., -0.9083025 ,
         -0.77904269, -0.40041327],
        [ 0.61967242,  0.25355873,  0.        , ..., -0.98468633,
         -0.91255751, -0.61967242],
        ...,
        [ 0.66481061,  0.9083025 ,  0.98468633, ...,  0.        ,
         -0.24359479, -0.66481061],
        [ 0.46281636,  0.77904269,  0.91255751, ...,  0.24359479,
          0.        , -0.46281636],
        [ 0.        ,  0.40041327,  0.61967242, ...,  0.66481061,
          0.46281636,  0.        ]],

       ...,

       [[ 0.        ,  0.02388642, -0.06814605, ...,  0.35801968,
         -0.06408633,  0.19438356],
        [-0.02388642,  0.        , -0.0919575 , ...,  0.33561444,
         -0.08790536,  0.1708973 ],
        [ 0.06814605,  0.0919575 ,  0.        , ...,  0.42081633,
          0.00406862,  0.2607779 ],
        ...,
        [-0.35801968, -0.33561444, -0.42081633, ...,  0.        ,
         -0.41712202, -0.16969201],
        [ 0.06408633,  0.08790536, -0.00406862, ...,  0.41712202,
          0.        ,  0.2568479 ],
        [-0.19438356, -0.1708973 , -0.2607779 , ...,  0.16969201,
         -0.2568479 ,  0.        ]],

       [[ 0.        , -0.44152015, -0.64061422, ..., -0.38465336,
         -0.52007757, -0.51805985],
        [ 0.44152015,  0.        , -0.23576503, ..., -0.75268082,
         -0.84375106, -0.84248167],
        [ 0.64061422,  0.23576503,  0.        , ..., -0.88668711,
         -0.94650907, -0.9457447 ],
        ...,
        [ 0.38465336,  0.75268082,  0.88668711, ...,  0.        ,
          0.15152362,  0.14918981],
        [ 0.52007757,  0.84375106,  0.94650907, ..., -0.15152362,
          0.        , -0.00236064],
        [ 0.51805985,  0.84248167,  0.9457447 , ..., -0.14918981,
          0.00236064,  0.        ]],

       [[ 0.        , -0.33660686, -0.47050474, ..., -0.73712084,
         -0.46717913, -0.        ],
        [ 0.33660686,  0.        , -0.14602752, ..., -0.92157213,
         -0.73753224, -0.33660686],
        [ 0.47050474,  0.14602752,  0.        , ..., -0.9683823 ,
         -0.82824042, -0.47050474],
        ...,
        [ 0.73712084,  0.92157213,  0.9683823 , ...,  0.        ,
         -0.33603334, -0.73712084],
        [ 0.46717913,  0.73753224,  0.82824042, ...,  0.33603334,
          0.        , -0.46717913],
        [ 0.        ,  0.33660686,  0.47050474, ...,  0.73712084,
          0.46717913,  0.        ]]]), 'num': array([7.75956970e-01, 6.30784821e-01, 3.39187266e-06, 3.57566871e-04,
       3.58820026e-04, 3.49212505e-04, 4.25696727e-04, 8.35436616e-07,
       3.57316240e-04, 3.83423635e-04, 3.97911498e-04, 2.56857841e-07,
       4.22765426e-04, 3.44081843e-04])}
{'img': array([[[ 0.        , -0.23035684, -0.51404444, ..., -0.71414284,
         -0.99131427, -0.9945332 ],
        [ 0.23035684,  0.        , -0.30262814, ..., -0.85618664,
         -0.99494931, -0.9918405 ],
        [ 0.51404444,  0.30262814,  0.        , ..., -0.97239681,
         -0.91791745, -0.90675127],
        ...,
        [ 0.71414284,  0.85618664,  0.97239681, ...,  0.        ,
          0.6       ,  0.62160187],
        [ 0.99131427,  0.99494931,  0.91791745, ..., -0.6       ,
          0.        ,  0.0272815 ],
        [ 0.9945332 ,  0.9918405 ,  0.90675127, ..., -0.62160187,
         -0.0272815 ,  0.        ]],

       [[ 0.        ,  0.26543148,  0.79212161, ...,  0.71053878,
          0.66162787,  0.38323688],
        [-0.26543148,  0.        ,  0.60169835, ...,  0.49827857,
          0.43886599,  0.12432425],
        [-0.79212161, -0.60169835,  0.        , ..., -0.12369594,
         -0.19012503, -0.49772947],
        ...,
        [-0.71053878, -0.49827857,  0.12369594, ...,  0.        ,
         -0.06722519, -0.3866215 ],
        [-0.66162787, -0.43886599,  0.19012503, ...,  0.06722519,
          0.        , -0.32374924],
        [-0.38323688, -0.12432425,  0.49772947, ...,  0.3866215 ,
          0.32374924,  0.        ]],

       [[ 0.        , -0.49959102, -0.68507758, ..., -0.55200633,
         -0.31424645, -0.        ],
        [ 0.49959102,  0.        , -0.22951914, ..., -0.89476071,
         -0.74650203, -0.49959102],
        [ 0.68507758,  0.22951914,  0.        , ..., -0.97336515,
         -0.87929169, -0.68507758],
        ...,
        [ 0.55200633,  0.89476071,  0.97336515, ...,  0.        ,
         -0.26201125, -0.55200633],
        [ 0.31424645,  0.74650203,  0.87929169, ...,  0.26201125,
          0.        , -0.31424645],
        [ 0.        ,  0.49959102,  0.68507758, ...,  0.55200633,
          0.31424645,  0.        ]],

       ...,

       [[ 0.        , -0.0919575 , -0.26206496, ..., -0.08790536,
          0.1708973 ,  0.21007633],
        [ 0.0919575 ,  0.        , -0.17221096, ...,  0.00406862,
          0.2607779 ,  0.29909169],
        [ 0.26206496,  0.17221096,  0.        , ...,  0.17621737,
          0.42313416,  0.45895119],
        ...,
        [ 0.08790536, -0.00406862, -0.17621737, ...,  0.        ,
          0.2568479 ,  0.29520685],
        [-0.1708973 , -0.2607779 , -0.42313416, ..., -0.2568479 ,
          0.        ,  0.03990215],
        [-0.21007633, -0.29909169, -0.45895119, ..., -0.29520685,
         -0.03990215,  0.        ]],

       [[ 0.        , -0.50417019, -0.65864866, ..., -0.53283586,
         -0.53077893, -0.51721242],
        [ 0.50417019,  0.        , -0.18944865, ..., -0.88679755,
         -0.88567241, -0.8781645 ],
        [ 0.65864866,  0.18944865,  0.        , ..., -0.95829343,
         -0.95759647, -0.95288592],
        ...,
        [ 0.53283586,  0.88679755,  0.95829343, ...,  0.        ,
         -0.00242888, -0.01835656],
        [ 0.53077893,  0.88567241,  0.95759647, ...,  0.00242888,
          0.        , -0.01592804],
        [ 0.51721242,  0.8781645 ,  0.95288592, ...,  0.01835656,
          0.01592804,  0.        ]],

       [[ 0.        , -0.33591212, -0.56810408, ..., -0.61227854,
         -0.42700689, -0.        ],
        [ 0.33591212,  0.        , -0.25865231, ..., -0.84228735,
         -0.70594293, -0.33591212],
        [ 0.56810408,  0.25865231,  0.        , ..., -0.95304576,
         -0.86511538, -0.56810408],
        ...,
        [ 0.61227854,  0.84228735,  0.95304576, ...,  0.        ,
         -0.21604223, -0.61227854],
        [ 0.42700689,  0.70594293,  0.86511538, ...,  0.21604223,
          0.        , -0.42700689],
        [ 0.        ,  0.33591212,  0.56810408, ...,  0.61227854,
          0.42700689,  0.        ]]]), 'num': array([7.70816218e-01, 6.37056379e-01, 3.02966792e-06, 3.64468225e-04,
       3.66944793e-04, 3.50021579e-04, 6.54969625e-04, 1.11445550e-05,
       3.52745804e-04, 3.77408291e-04, 3.92150749e-04, 3.53795397e-07,
       4.16135135e-04, 3.38681448e-04])}
{'img': array([[[ 0.        , -0.30262814, -0.3745864 , ..., -0.99494931,
         -0.9918405 , -0.90667284],
        [ 0.30262814,  0.        , -0.07642717, ..., -0.91791745,
         -0.90675127, -0.73649878],
        [ 0.3745864 ,  0.07642717,  0.        , ..., -0.88490857,
         -0.87187244, -0.68264634],
        ...,
        [ 0.99494931,  0.91791745,  0.88490857, ...,  0.        ,
          0.0272815 ,  0.32869337],
        [ 0.9918405 ,  0.90675127,  0.87187244, ..., -0.0272815 ,
          0.        ,  0.30280538],
        [ 0.90667284,  0.73649878,  0.68264634, ..., -0.32869337,
         -0.30280538,  0.        ]],

       [[ 0.        ,  0.60169835,  0.5030915 , ...,  0.43886599,
          0.12432425,  0.47939861],
        [-0.60169835,  0.        , -0.1181767 , ..., -0.19012503,
         -0.49772947, -0.14514194],
        [-0.5030915 ,  0.1181767 ,  0.        , ..., -0.0727716 ,
         -0.3917432 , -0.02719956],
        ...,
        [-0.43886599,  0.19012503,  0.0727716 , ...,  0.        ,
         -0.32374924,  0.04561724],
        [-0.12432425,  0.49772947,  0.3917432 , ...,  0.32374924,
          0.        ,  0.36657264],
        [-0.47939861,  0.14514194,  0.02719956, ..., -0.04561724,
         -0.36657264,  0.        ]],

       [[ 0.        , -0.52195508, -0.74309207, ..., -0.34853088,
         -0.13123452, -0.        ],
        [ 0.52195508,  0.        , -0.28455076, ..., -0.78651451,
         -0.62938037, -0.52195508],
        [ 0.74309207,  0.28455076,  0.        , ..., -0.92973129,
         -0.82448605, -0.74309207],
        ...,
        [ 0.34853088,  0.78651451,  0.92973129, ...,  0.        ,
         -0.2225108 , -0.34853088],
        [ 0.13123452,  0.62938037,  0.82448605, ...,  0.2225108 ,
          0.        , -0.13123452],
        [ 0.        ,  0.52195508,  0.74309207, ...,  0.34853088,
          0.13123452,  0.        ]],

       ...,

       [[ 0.        , -0.17221096, -0.11926171, ...,  0.2607779 ,
          0.29909169,  0.65758193],
        [ 0.17221096,  0.        ,  0.05350191, ...,  0.42313416,
          0.45895119,  0.77749853],
        [ 0.11926171, -0.05350191,  0.        , ...,  0.3740518 ,
          0.41075947,  0.74273842],
        ...,
        [-0.2607779 , -0.42313416, -0.3740518 , ...,  0.        ,
          0.03990215,  0.43836318],
        [-0.29909169, -0.45895119, -0.41075947, ..., -0.03990215,
          0.        ,  0.4021501 ],
        [-0.65758193, -0.77749853, -0.74273842, ..., -0.43836318,
         -0.4021501 ,  0.        ]],

       [[ 0.        , -0.47365392, -0.63443033, ..., -0.54819627,
         -0.53428033, -0.46447652],
        [ 0.47365392,  0.        , -0.19262477, ..., -0.87894284,
         -0.87092973, -0.82853062],
        [ 0.63443033,  0.19262477,  0.        , ..., -0.95435041,
         -0.94927666, -0.92087334],
        ...,
        [ 0.54819627,  0.87894284,  0.95435041, ...,  0.        ,
         -0.01654914, -0.09700983],
        [ 0.53428033,  0.87092973,  0.94927666, ...,  0.01654914,
          0.        , -0.08052545],
        [ 0.46447652,  0.82853062,  0.92087334, ...,  0.09700983,
          0.08052545,  0.        ]],

       [[ 0.        , -0.47533957, -0.65613014, ..., -0.50053811,
         -0.27134805, -0.        ],
        [ 0.47533957,  0.        , -0.21855093, ..., -0.851883  ,
         -0.69623812, -0.47533957],
        [ 0.65613014,  0.21855093,  0.        , ..., -0.94575134,
         -0.83628518, -0.65613014],
        ...,
        [ 0.50053811,  0.851883  ,  0.94575134, ...,  0.        ,
         -0.24684862, -0.50053811],
        [ 0.27134805,  0.69623812,  0.83628518, ...,  0.24684862,
          0.        , -0.27134805],
        [ 0.        ,  0.47533957,  0.65613014, ...,  0.50053811,
          0.27134805,  0.        ]]]), 'num': array([7.72993637e-01, 6.34411588e-01, 2.86919357e-06, 3.93699004e-04,
       3.98182119e-04, 3.55796305e-04, 1.27877186e-03, 3.38271401e-05,
       3.57752573e-04, 3.72669119e-04, 3.86892820e-04, 4.38906359e-07,
       4.10951963e-04, 3.34386276e-04])}
{'img': array([[[ 0.        , -0.07642717, -0.08483388, ..., -0.90675127,
         -0.73649878, -0.10159705],
        [ 0.07642717,  0.        , -0.00843409, ..., -0.87187244,
         -0.68264634, -0.02526819],
        [ 0.08483388,  0.00843409,  0.        , ..., -0.86771098,
         -0.67645885, -0.01683589],
        ...,
        [ 0.90675127,  0.87187244,  0.86771098, ...,  0.        ,
          0.30280538,  0.8592194 ],
        [ 0.73649878,  0.68264634,  0.67645885, ..., -0.30280538,
          0.        ,  0.66396368],
        [ 0.10159705,  0.02526819,  0.01683589, ..., -0.8592194 ,
         -0.66396368,  0.        ]],

       [[ 0.        , -0.1181767 ,  0.99227664, ..., -0.49772947,
         -0.14514194,  0.65557375],
        [ 0.1181767 ,  0.        ,  0.99998253, ..., -0.3917432 ,
         -0.02719956,  0.74021878],
        [-0.99227664, -0.99998253,  0.        , ..., -0.92237428,
         -0.99977335, -0.66797861],
        ...,
        [ 0.49772947,  0.3917432 ,  0.92237428, ...,  0.        ,
          0.36657264,  0.94445134],
        [ 0.14514194,  0.02719956,  0.99977335, ..., -0.36657264,
          0.        ,  0.75823297],
        [-0.65557375, -0.74021878,  0.66797861, ..., -0.94445134,
         -0.75823297,  0.        ]],

       [[ 0.        , -0.59781566, -0.7957685 , ..., -0.13631815,
         -0.        , -0.68420662],
        [ 0.59781566,  0.        , -0.27587705, ..., -0.70151233,
         -0.59781566, -0.98446294],
        [ 0.7957685 ,  0.27587705,  0.        , ..., -0.87089449,
         -0.7957685 , -0.99470076],
        ...,
        [ 0.13631815,  0.70151233,  0.87089449, ...,  0.        ,
         -0.13631815,  0.57840441],
        [ 0.        ,  0.59781566,  0.7957685 , ...,  0.13631815,
          0.        ,  0.68420662],
        [ 0.68420662,  0.98446294,  0.99470076, ..., -0.57840441,
         -0.68420662,  0.        ]],

       ...,

       [[ 0.        ,  0.05350191,  0.14018894, ...,  0.45895119,
          0.77749853,  0.95185331],
        [-0.05350191,  0.        ,  0.08701458, ...,  0.41075947,
          0.74273842,  0.93408879],
        [-0.14018894, -0.08701458,  0.        , ...,  0.32986647,
          0.68165787,  0.89947807],
        ...,
        [-0.45895119, -0.41075947, -0.32986647, ...,  0.        ,
          0.4021501 ,  0.70499173],
        [-0.77749853, -0.74273842, -0.68165787, ..., -0.4021501 ,
          0.        ,  0.36026083],
        [-0.95185331, -0.93408879, -0.89947807, ..., -0.70499173,
         -0.36026083,  0.        ]],

       [[ 0.        , -0.46476155, -0.69151877, ..., -0.54949717,
         -0.47805777, -0.48124351],
        [ 0.46476155,  0.        , -0.27657108, ..., -0.87485073,
         -0.83150277, -0.83351418],
        [ 0.69151877,  0.27657108,  0.        , ..., -0.97469482,
         -0.95270966, -0.95380667],
        ...,
        [ 0.54949717,  0.87485073,  0.97469482, ...,  0.        ,
         -0.08322381, -0.07960522],
        [ 0.47805777,  0.83150277,  0.95270966, ...,  0.08322381,
          0.        ,  0.00363064],
        [ 0.48124351,  0.83351418,  0.95380667, ...,  0.07960522,
         -0.00363064,  0.        ]],

       [[ 0.        , -0.49849633, -0.6158161 , ..., -0.28218406,
         -0.03837788, -0.        ],
        [ 0.49849633,  0.        , -0.14108569, ..., -0.72286063,
         -0.53139856, -0.49849633],
        [ 0.6158161 ,  0.14108569,  0.        , ..., -0.81311949,
         -0.64559998, -0.6158161 ],
        ...,
        [ 0.28218406,  0.72286063,  0.81311949, ...,  0.        ,
         -0.24515795, -0.28218406],
        [ 0.03837788,  0.53139856,  0.64559998, ...,  0.24515795,
          0.        , -0.03837788],
        [ 0.        ,  0.49849633,  0.6158161 , ...,  0.28218406,
          0.03837788,  0.        ]]]), 'num': array([ 8.30108675e-01,  5.57599083e-01,  6.13069949e-06,  4.00160928e-04,
        4.45623531e-04,  3.99710803e-04,  1.21702937e-03, -3.46596080e-05,
        4.00431003e-04,  4.10108686e-04,  4.26635767e-04,  4.37838494e-07,
        4.51800933e-04,  3.68416439e-04])}
{'img': array([[[ 0.        , -0.00843409, -0.10876601, ..., -0.68264634,
         -0.02526819, -0.63827147],
        [ 0.00843409,  0.        , -0.10037808, ..., -0.67645885,
         -0.01683589, -0.63175611],
        [ 0.10876601,  0.10037808,  0.        , ..., -0.59911582,
          0.083613  , -0.55075554],
        ...,
        [ 0.68264634,  0.67645885,  0.59911582, ...,  0.        ,
          0.66396368,  0.05909272],
        [ 0.02526819,  0.01683589, -0.083613  , ..., -0.66396368,
          0.        , -0.61861594],
        [ 0.63827147,  0.63175611,  0.55075554, ..., -0.05909272,
          0.61861594,  0.        ]],

       [[ 0.        ,  0.99998253,  0.56985486, ..., -0.02719956,
          0.74021878,  0.55422089],
        [-0.99998253,  0.        , -0.81836235, ..., -0.99977335,
         -0.66797861, -0.82907886],
        [-0.56985486,  0.81836235,  0.        , ..., -0.59199514,
          0.22512026, -0.01890144],
        ...,
        [ 0.02719956,  0.99977335,  0.59199514, ...,  0.        ,
          0.75823297,  0.57665593],
        [-0.74021878,  0.66797861, -0.22512026, ..., -0.75823297,
          0.        , -0.2434963 ],
        [-0.55422089,  0.82907886,  0.01890144, ..., -0.57665593,
          0.2434963 ,  0.        ]],

       [[ 0.        , -0.32296118, -0.53255452, ..., -0.48630989,
         -0.95717789, -0.99448845],
        [ 0.32296118,  0.        , -0.23066315, ..., -0.74244871,
         -0.99938224, -0.97505726],
        [ 0.53255452,  0.23066315,  0.        , ..., -0.87694951,
         -0.964326  , -0.89756704],
        ...,
        [ 0.48630989,  0.74244871,  0.87694951, ...,  0.        ,
          0.69558212,  0.81798277],
        [ 0.95717789,  0.99938224,  0.964326  , ..., -0.69558212,
          0.        ,  0.1875484 ],
        [ 0.99448845,  0.97505726,  0.89756704, ..., -0.81798277,
         -0.1875484 ,  0.        ]],

       ...,

       [[ 0.        ,  0.08701458,  0.18664415, ...,  0.74273842,
          0.93408879,  0.85641647],
        [-0.08701458,  0.        ,  0.10045069, ...,  0.68165787,
          0.89947807,  0.80824374],
        [-0.18664415, -0.10045069,  0.        , ...,  0.60471321,
          0.85103502,  0.74500547],
        ...,
        [-0.74273842, -0.68165787, -0.60471321, ...,  0.        ,
          0.36026083,  0.18997563],
        [-0.93408879, -0.89947807, -0.85103502, ..., -0.36026083,
          0.        , -0.17648099],
        [-0.85641647, -0.80824374, -0.74500547, ..., -0.18997563,
          0.17648099,  0.        ]],

       [[ 0.        , -0.56218192, -0.67013899, ..., -0.4913977 ,
         -0.49465742, -0.38560759],
        [ 0.56218192,  0.        , -0.13694259, ..., -0.89601666,
         -0.897674  , -0.83760711],
        [ 0.67013899,  0.13694259,  0.        , ..., -0.94838058,
         -0.94956215, -0.90452406],
        ...,
        [ 0.4913977 ,  0.89601666,  0.94838058, ...,  0.        ,
          0.00374675, -0.11755515],
        [ 0.49465742,  0.897674  ,  0.94956215, ..., -0.00374675,
          0.        , -0.1212751 ],
        [ 0.38560759,  0.83760711,  0.90452406, ...,  0.11755515,
          0.1212751 ,  0.        ]],

       [[ 0.        , -0.40008255, -0.64162965, ..., -0.23121955,
         -0.22791753, -0.        ],
        [ 0.40008255,  0.        , -0.28117102, ..., -0.60114884,
         -0.59843421, -0.40008255],
        [ 0.64162965,  0.28117102,  0.        , ..., -0.80159129,
         -0.79955832, -0.64162965],
        ...,
        [ 0.23121955,  0.60114884,  0.80159129, ...,  0.        ,
         -0.00339263, -0.23121955],
        [ 0.22791753,  0.59843421,  0.79955832, ...,  0.00339263,
          0.        , -0.22791753],
        [ 0.        ,  0.40008255,  0.64162965, ...,  0.23121955,
          0.22791753,  0.        ]]]), 'num': array([ 8.16439804e-01,  5.77428480e-01,  5.82244394e-06,  3.72291781e-04,
        4.06301384e-04,  3.72291781e-04,  1.05112345e-03, -3.08353729e-05,
        4.00406386e-04,  4.09135517e-04,  4.28679702e-04,  3.56362574e-07,
        4.50644327e-04,  3.67626708e-04])}
{'img': array([[[ 0.        , -0.09713037, -0.51297718, ..., -0.01630876,
         -0.60738417, -0.98353405],
        [ 0.09713037,  0.        , -0.42717473, ...,  0.0808858 ,
         -0.52735109, -0.99643726],
        [ 0.51297718,  0.42717473,  0.        , ...,  0.49890948,
         -0.11386663, -0.93697456],
        ...,
        [ 0.01630876, -0.0808858 , -0.49890948, ...,  0.        ,
         -0.59434758, -0.98635061],
        [ 0.60738417,  0.52735109,  0.11386663, ...,  0.59434758,
          0.        , -0.89109579],
        [ 0.98353405,  0.99643726,  0.93697456, ...,  0.98635061,
          0.89109579,  0.        ]],

       [[ 0.        , -0.81836235, -0.93133283, ..., -0.66797861,
         -0.82907886, -0.92692019],
