state_0,state_1,state_2,state_3,state_4,state_5,state_6,state_7,state_8,state_9,state_10,state_11,state_12,state_13,state_14,state_15,state_16,state_17,state_18,state_19,state_20,state_21,state_22,state_23,state_24,state_25,state_26,state_27,state_28,state_29,state_30,state_31,state_32,state_33,state_34,state_35,state_36,state_37,state_38,state_39,state_40,state_41,state_42,state_43,state_44,state_45,state_46,state_47,state_48,state_49,state_50,state_51,state_52,state_53,state_54,state_55,state_56,state_57,state_58,state_59,state_60,state_61,state_62,state_63,state_64,state_65,state_66,state_67,state_68,state_69,state_70,state_71,state_72,state_73,state_74,state_75,state_76,state_77,state_78,state_79,state_80,state_81,state_82,state_83,state_84,state_85,state_86,state_87,state_88,state_89,state_90,state_91,state_92,state_93,state_94,state_95,state_96,state_97,state_98,state_99,state_100,state_101,state_102,state_103,state_104,state_105,state_106,state_107,state_108,state_109,state_110,state_111,state_112,state_113,state_114,state_115,state_116,state_117,state_118,state_119,state_120,state_121,state_122,state_123,state_124,state_125,state_126,state_127,state_128,state_129,state_130,state_131,state_132,state_133,state_134,state_135,state_136,state_137,state_138,state_139,state_140,state_141,state_142,state_143,state_144,state_145,state_146,state_147,state_148,state_149,state_150,state_151,state_152,state_153,state_154,state_155,state_156,state_157,state_158,state_159,state_160,state_161,state_162,state_163,state_164,state_165,state_166,state_167,state_168,state_169,state_170,state_171,state_172,state_173,state_174,state_175,state_176,state_177,state_178,state_179,state_180,state_181,state_182,state_183,state_184,state_185,state_186,state_187,state_188,state_189,state_190,state_191,state_192,state_193,state_194,state_195,state_196,state_197,state_198,state_199,state_200,state_201,state_202,state_203,state_204,state_205,state_206,state_207,state_208,state_209,state_210,state_211,state_212,state_213,state_214,state_215,state_216,state_217,state_218,state_219,state_220,state_221,state_222,state_223,state_224,state_225,state_226,state_227,state_228,state_229,state_230,state_231,state_232,state_233,state_234,state_235,state_236,state_237,state_238,state_239,state_240,state_241,state_242,state_243,state_244,state_245,state_246,state_247,state_248,state_249,state_250,state_251,state_252,state_253,state_254,state_255,state_256,state_257,state_258,state_259,state_260,state_261,state_262,state_263,state_264,state_265,state_266,state_267,state_268,state_269,state_270,state_271,state_272,state_273,state_274,state_275,state_276,state_277,state_278,state_279,state_280,state_281,state_282,state_283,state_284,state_285,state_286,state_287
{'img': array([[[ 0.        ,  0.776659  ,  0.86828654, ...,  0.73583088,
          0.88962441,  0.89362274],
        [-0.776659  ,  0.        ,  0.16168036, ...,  0.98944208,
          0.91508799,  0.9114912 ],
        [-0.86828654, -0.16168036,  0.        , ...,  0.95299203,
          0.83785005,  0.83299657],
        ...,
        [-0.73583088, -0.98944208, -0.95299203, ...,  0.        ,
         -0.26637408, -0.27487555],
        [-0.88962441, -0.91508799, -0.83785005, ...,  0.26637408,
          0.        , -0.00883093],
        [-0.89362274, -0.9114912 , -0.83299657, ...,  0.27487555,
          0.00883093,  0.        ]],

       [[ 0.        ,  0.82741121,  0.70318617, ...,  0.39057598,
          0.70240326,  0.17836283],
        [-0.82741121,  0.        , -0.19338722, ..., -0.5423444 ,
         -0.19446686, -0.71397554],
        [-0.70318617,  0.19338722,  0.        , ..., -0.36963081,
         -0.00110053, -0.56509342],
        ...,
        [-0.39057598,  0.5423444 ,  0.36963081, ...,  0.        ,
          0.36860799, -0.22011741],
        [-0.70240326,  0.19446686,  0.00110053, ..., -0.36860799,
          0.        , -0.56418511],
        [-0.17836283,  0.71397554,  0.56509342, ...,  0.22011741,
          0.56418511,  0.        ]],

       [[ 0.        ,  0.39519937,  0.599361  , ...,  0.47444099,
          0.61808239,  0.72952092],
        [-0.39519937,  0.        ,  0.2342215 , ...,  0.78370829,
          0.87843911,  0.94043451],
        [-0.599361  , -0.2342215 ,  0.        , ...,  0.90738986,
          0.96592755,  0.99390412],
        ...,
        [-0.47444099, -0.78370829, -0.90738986, ...,  0.        ,
         -0.1711257 , -0.31769006],
        [-0.61808239, -0.87843911, -0.96592755, ...,  0.1711257 ,
          0.        , -0.15074342],
        [-0.72952092, -0.94043451, -0.99390412, ...,  0.31769006,
          0.15074342,  0.        ]],

       ...,

       [[ 0.        ,  0.63168854,  0.79535655, ..., -0.2499851 ,
         -0.41505007, -0.37848036],
        [-0.63168854,  0.        ,  0.23368524, ..., -0.80542625,
         -0.8964654 , -0.87810321],
        [-0.79535655, -0.23368524,  0.        , ..., -0.92163016,
         -0.97519347, -0.96560223],
        ...,
        [ 0.2499851 ,  0.80542625,  0.92163016, ...,  0.        ,
         -0.17443601, -0.13507495],
        [ 0.41505007,  0.8964654 ,  0.97519347, ...,  0.17443601,
          0.        ,  0.03983333],
        [ 0.37848036,  0.87810321,  0.96560223, ...,  0.13507495,
         -0.03983333,  0.        ]],

       [[ 0.        ,  0.39539341,  0.57290648, ...,  0.70740271,
          0.72174384,  0.7453765 ],
        [-0.39539341,  0.        ,  0.20214877, ...,  0.92922609,
          0.93660589,  0.9482237 ],
        [-0.57290648, -0.20214877,  0.        , ...,  0.98473838,
          0.98809932,  0.99285056],
        ...,
        [-0.70740271, -0.92922609, -0.98473838, ...,  0.        ,
         -0.02050023, -0.05525452],
        [-0.72174384, -0.93660589, -0.98809932, ...,  0.02050023,
          0.        , -0.03477399],
        [-0.7453765 , -0.9482237 , -0.99285056, ...,  0.05525452,
          0.03477399,  0.        ]],

       [[ 0.        , -0.1389186 , -0.34902176, ...,  0.78743581,
          0.85252943,  0.88608944],
        [ 0.1389186 ,  0.        , -0.21545492, ...,  0.69417171,
          0.77165327,  0.81310698],
        [ 0.34902176,  0.21545492,  0.        , ...,  0.52278176,
          0.61649138,  0.66859079],
        ...,
        [-0.78743581, -0.69417171, -0.52278176, ...,  0.        ,
         -0.11391997, -0.18119481],
        [-0.85252943, -0.77165327, -0.61649138, ...,  0.11391997,
          0.        , -0.06798095],
        [-0.88608944, -0.81310698, -0.66859079, ...,  0.18119481,
          0.06798095,  0.        ]]]), 'num': array([ 9.76835868e-01,  2.12155011e-01,  7.15993312e-06,  4.13341004e-03,
        4.24177660e-03,  4.12566957e-03,  2.52863294e-02, -6.57939800e-05,
        4.24796897e-03,  4.31221486e-03,  4.06516491e-03,  1.81308265e-06,
        4.51165174e-03,  4.11277797e-03])}
{'img': array([[[ 0.        ,  0.26226045,  0.08897037, ...,  0.99404947,
          0.99293688,  0.96093174],
        [-0.26226045,  0.        , -0.17536425, ...,  0.93068697,
          0.92706565,  0.85470649],
        [-0.08897037,  0.17536425,  0.        , ...,  0.98041584,
          0.97844338,  0.93249524],
        ...,
        [-0.99404947, -0.93068697, -0.98041584, ...,  0.        ,
         -0.00977766, -0.17046457],
        [-0.99293688, -0.92706565, -0.97844338, ...,  0.00977766,
          0.        , -0.16082187],
        [-0.96093174, -0.85470649, -0.93249524, ...,  0.17046457,
          0.16082187,  0.        ]],

       [[ 0.        , -0.19338722, -0.42808344, ..., -0.19446686,
         -0.71397554, -0.51011375],
        [ 0.19338722,  0.        , -0.24523068, ..., -0.00110053,
         -0.56509342, -0.33415039],
        [ 0.42808344,  0.24523068,  0.        , ...,  0.2441636 ,
         -0.34551625, -0.09281226],
        ...,
        [ 0.19446686,  0.00110053, -0.2441636 , ...,  0.        ,
         -0.56418511, -0.33311291],
        [ 0.71397554,  0.56509342,  0.34551625, ...,  0.56418511,
          0.        ,  0.25692866],
        [ 0.51011375,  0.33415039,  0.09281226, ...,  0.33311291,
         -0.25692866,  0.        ]],

       [[ 0.        ,  0.48072415,  0.62324085, ...,  0.62945336,
          0.74186517,  0.7995004 ],
        [-0.48072415,  0.        ,  0.1705617 , ...,  0.92549101,
          0.97286984,  0.98981386],
        [-0.62324085, -0.1705617 ,  0.        , ...,  0.97653337,
          0.99807436,  0.99959257],
        ...,
        [-0.62945336, -0.92549101, -0.97653337, ...,  0.        ,
         -0.15437825, -0.24315146],
        [-0.74186517, -0.97286984, -0.99807436, ...,  0.15437825,
          0.        , -0.09049141],
        [-0.7995004 , -0.98981386, -0.99959257, ...,  0.24315146,
          0.09049141,  0.        ]],

       ...,

       [[ 0.        ,  0.23368524, -0.12630315, ..., -0.8964654 ,
         -0.87810321, -0.73204812],
        [-0.23368524,  0.        , -0.35461993, ..., -0.97519347,
         -0.96560223, -0.87097815],
        [ 0.12630315,  0.35461993,  0.        , ..., -0.83331956,
         -0.81063866, -0.64014126],
        ...,
        [ 0.8964654 ,  0.97519347,  0.83331956, ...,  0.        ,
          0.03983333,  0.28633909],
        [ 0.87810321,  0.96560223,  0.81063866, ..., -0.03983333,
          0.        ,  0.24794639],
        [ 0.73204812,  0.87097815,  0.64014126, ..., -0.28633909,
         -0.24794639,  0.        ]],

       [[ 0.        ,  0.44221616,  0.54011187, ...,  0.73405976,
          0.75780203,  0.750456  ],
        [-0.44221616,  0.        ,  0.11226481, ...,  0.95868675,
          0.9682183 ,  0.96536005],
        [-0.54011187, -0.11226481,  0.        , ...,  0.98456153,
          0.99017571,  0.98854965],
        ...,
        [-0.73405976, -0.95868675, -0.98456153, ...,  0.        ,
         -0.03564926, -0.02446824],
        [-0.75780203, -0.9682183 , -0.99017571, ...,  0.03564926,
          0.        ,  0.0111859 ],
        [-0.750456  , -0.96536005, -0.98854965, ...,  0.02446824,
         -0.0111859 ,  0.        ]],

       [[ 0.        , -0.21545492, -0.33862946, ...,  0.77165327,
          0.81310698,  0.88121893],
        [ 0.21545492,  0.        , -0.12795054, ...,  0.61649138,
          0.66859079,  0.75867509],
        [ 0.33862946,  0.12795054,  0.        , ...,  0.51068081,
          0.56794742,  0.66908337],
        ...,
        [-0.77165327, -0.61649138, -0.51068081, ...,  0.        ,
         -0.06798095, -0.19572654],
        [-0.81310698, -0.66859079, -0.56794742, ...,  0.06798095,
          0.        , -0.12860766],
        [-0.88121893, -0.75867509, -0.66908337, ...,  0.19572654,
          0.12860766,  0.        ]]]), 'num': array([ 8.02210664e-01,  5.96913120e-01,  1.93130333e-06,  1.91866864e-03,
        1.92949838e-03,  1.90242403e-03,  1.10552315e-02, -9.02478194e-06,
        1.95512876e-03,  2.00711150e-03,  1.89932552e-03,  8.57148239e-07,
        2.10841443e-03,  1.90580858e-03])}
{'img': array([[[ 0.        , -0.17536425, -0.14340552, ...,  0.92706565,
          0.85470649,  0.8297812 ],
        [ 0.17536425,  0.        ,  0.03236843, ...,  0.97844338,
          0.93249524,  0.91479143],
        [ 0.14340552, -0.03236843,  0.        , ...,  0.9712461 ,
          0.92031572,  0.90123761],
        ...,
        [-0.92706565, -0.97844338, -0.9712461 , ...,  0.        ,
         -0.16082187, -0.20630083],
        [-0.85470649, -0.93249524, -0.92031572, ...,  0.16082187,
          0.        , -0.04625314],
        [-0.8297812 , -0.91479143, -0.90123761, ...,  0.20630083,
          0.04625314,  0.        ]],

       [[ 0.        , -0.24523068, -0.64050408, ..., -0.56509342,
         -0.33415039, -0.37811031],
        [ 0.24523068,  0.        , -0.43262006, ..., -0.34551625,
         -0.09281226, -0.13953973],
        [ 0.64050408,  0.43262006,  0.        , ...,  0.09446692,
          0.34707537,  0.30258179],
        ...,
        [ 0.56509342,  0.34551625, -0.09446692, ...,  0.        ,
          0.25692866,  0.21119001],
        [ 0.33415039,  0.09281226, -0.34707537, ..., -0.25692866,
          0.        , -0.0470332 ],
        [ 0.37811031,  0.13953973, -0.30258179, ..., -0.21119001,
          0.0470332 ,  0.        ]],

       [[ 0.        ,  0.43807963,  0.62115474, ...,  0.76084285,
          0.81852698,  0.89462962],
        [-0.43807963,  0.        ,  0.21506074, ...,  0.96823488,
          0.98746628,  0.99995263],
        [-0.62115474, -0.21506074,  0.        , ...,  0.99935315,
          0.9983033 ,  0.97864767],
        ...,
        [-0.76084285, -0.96823488, -0.99935315, ...,  0.        ,
         -0.09409183, -0.24060646],
        [-0.81852698, -0.98746628, -0.9983033 , ...,  0.09409183,
          0.        , -0.14821134],
        [-0.89462962, -0.99995263, -0.97864767, ...,  0.24060646,
          0.14821134,  0.        ]],

       ...,

       [[ 0.        , -0.35461993, -0.35461993, ..., -0.96560223,
         -0.87097815, -0.85634462],
        [ 0.35461993,  0.        ,  0.        , ..., -0.81063866,
         -0.64014126, -0.61756382],
        [ 0.35461993,  0.        ,  0.        , ..., -0.81063866,
         -0.64014126, -0.61756382],
        ...,
        [ 0.96560223,  0.81063866,  0.81063866, ...,  0.        ,
          0.24794639,  0.27597168],
        [ 0.87097815,  0.64014126,  0.64014126, ..., -0.24794639,
          0.        ,  0.02903653],
        [ 0.85634462,  0.61756382,  0.61756382, ..., -0.27597168,
         -0.02903653,  0.        ]],

       [[ 0.        ,  0.33651391,  0.45520567, ...,  0.77366238,
          0.76629204,  0.7511048 ],
        [-0.33651391,  0.        ,  0.12903001, ...,  0.94175579,
          0.93780837,  0.92946   ],
        [-0.45520567, -0.12903001,  0.        , ...,  0.97727583,
          0.97476214,  0.96929248],
        ...,
        [-0.77366238, -0.94175579, -0.97727583, ...,  0.        ,
          0.01155105,  0.03486017],
        [-0.76629204, -0.93780837, -0.97476214, ..., -0.01155105,
          0.        ,  0.02331382],
        [-0.7511048 , -0.92946   , -0.96929248, ..., -0.03486017,
         -0.02331382,  0.        ]],

       [[ 0.        , -0.12795054, -0.13087519, ...,  0.66859079,
          0.75867509,  0.82063176],
        [ 0.12795054,  0.        , -0.00294945, ...,  0.56794742,
          0.66908337,  0.74076835],
        [ 0.13087519,  0.00294945,  0.        , ...,  0.56551736,
          0.66688846,  0.7387838 ],
        ...,
        [-0.66859079, -0.56794742, -0.56551736, ...,  0.        ,
         -0.12860766, -0.2281757 ],
        [-0.75867509, -0.66908337, -0.66688846, ...,  0.12860766,
          0.        , -0.10106584],
        [-0.82063176, -0.74076835, -0.7387838 , ...,  0.2281757 ,
          0.10106584,  0.        ]]]), 'num': array([ 8.89342950e-01,  4.56682881e-01,  4.21285365e-06,  2.09014526e-03,
        2.17562345e-03,  2.08811007e-03,  2.17219619e-02, -7.32670200e-05,
        2.16911083e-03,  2.25204503e-03,  2.14370481e-03,  7.33015148e-07,
        2.38644481e-03,  2.11764524e-03])}
{'img': array([[[ 0.        ,  0.03236843,  0.09290494, ...,  0.93249524,
          0.91479143,  0.73538869],
        [-0.03236843,  0.        ,  0.06062782, ...,  0.92031572,
          0.90123761,  0.71306903],
        [-0.09290494, -0.06062782,  0.        , ...,  0.89490657,
          0.87330817,  0.66925151],
        ...,
        [-0.93249524, -0.92031572, -0.89490657, ...,  0.        ,
         -0.04625314, -0.36629189],
        [-0.91479143, -0.90123761, -0.87330817, ...,  0.04625314,
          0.        , -0.32286133],
        [-0.73538869, -0.71306903, -0.66925151, ...,  0.36629189,
          0.32286133,  0.        ]],

       [[ 0.        , -0.43262006, -0.6054052 , ..., -0.09281226,
         -0.13953973,  0.31433304],
        [ 0.43262006,  0.        , -0.20148916, ...,  0.34707537,
          0.30258179,  0.69408698],
        [ 0.6054052 ,  0.20148916,  0.        , ...,  0.52892115,
          0.4884201 ,  0.82490204],
        ...,
        [ 0.09281226, -0.34707537, -0.52892115, ...,  0.        ,
         -0.0470332 ,  0.40108413],
        [ 0.13953973, -0.30258179, -0.4884201 , ...,  0.0470332 ,
          0.        ,  0.44372461],
        [-0.31433304, -0.69408698, -0.82490204, ..., -0.40108413,
         -0.44372461,  0.        ]],

       [[ 0.        ,  0.47752509,  0.63767186, ...,  0.83396276,
          0.90873804,  0.9669669 ],
        [-0.47752509,  0.        ,  0.19242859, ...,  0.99624303,
          0.99773689,  0.97131672],
        [-0.63767186, -0.19242859,  0.        , ...,  0.99428884,
          0.96615145,  0.90740627],
        ...,
        [-0.83396276, -0.99624303, -0.99428884, ...,  0.        ,
         -0.153392  , -0.32101364],
        [-0.90873804, -0.99773689, -0.96615145, ...,  0.153392  ,
          0.        , -0.17194091],
        [-0.9669669 , -0.97131672, -0.90740627, ...,  0.32101364,
          0.17194091,  0.        ]],

       ...,

       [[ 0.        ,  0.        , -0.00889026, ..., -0.64014126,
         -0.61756382, -0.99898902],
        [ 0.        ,  0.        , -0.00889026, ..., -0.64014126,
         -0.61756382, -0.99898902],
        [ 0.00889026,  0.00889026,  0.        , ..., -0.63328596,
         -0.61054704, -0.99854988],
        ...,
        [ 0.64014126,  0.64014126,  0.63328596, ...,  0.        ,
          0.02903653, -0.73870308],
        [ 0.61756382,  0.61756382,  0.61054704, ..., -0.02903653,
          0.        , -0.75796313],
        [ 0.99898902,  0.99898902,  0.99854988, ...,  0.73870308,
          0.75796313,  0.        ]],

       [[ 0.        ,  0.32074029,  0.44914958, ...,  0.77516886,
          0.75995472,  0.72953166],
        [-0.32074029,  0.        ,  0.13885222, ...,  0.9368435 ,
          0.92827766,  0.91035782],
        [-0.44914958, -0.13885222,  0.        , ...,  0.9763318 ,
          0.970923  ,  0.95899938],
        ...,
        [-0.77516886, -0.9368435 , -0.9763318 , ...,  0.        ,
          0.02373667,  0.06928984],
        [-0.75995472, -0.92827766, -0.970923  , ..., -0.02373667,
          0.        ,  0.0455907 ],
        [-0.72953166, -0.91035782, -0.95899938, ..., -0.06928984,
         -0.0455907 ,  0.        ]],

       [[ 0.        , -0.00294945, -0.12740168, ...,  0.66908337,
          0.74076835,  0.8564652 ],
        [ 0.00294945,  0.        , -0.12447571, ...,  0.66688846,
          0.7387838 ,  0.85493895],
        [ 0.12740168,  0.12447571,  0.        , ...,  0.56894783,
          0.64914855,  0.78372068],
        ...,
        [-0.66908337, -0.66688846, -0.56894783, ...,  0.        ,
         -0.10106584, -0.29113008],
        [-0.74076835, -0.7387838 , -0.64914855, ...,  0.10106584,
          0.        , -0.19295139],
        [-0.8564652 , -0.85493895, -0.78372068, ...,  0.29113008,
          0.19295139,  0.        ]]]), 'num': array([ 8.46461350e-01,  5.32274831e-01,  3.06224678e-06,  1.98852227e-03,
        2.01177984e-03,  1.96138844e-03,  1.23609335e-02, -1.93813087e-06,
        2.04240231e-03,  2.13359137e-03,  2.04382361e-03,  6.17073058e-07,
        2.27475477e-03,  1.99242797e-03])}
{'img': array([[[ 0.        ,  0.06062782, -0.10233995, ...,  0.90123761,
          0.71306903,  0.70657309],
        [-0.06062782,  0.        , -0.16246117, ...,  0.87330817,
          0.66925151,  0.66237064],
        [ 0.10233995,  0.16246117,  0.        , ...,  0.94085213,
          0.78107495,  0.77528306],
        ...,
        [-0.90123761, -0.87330817, -0.94085213, ...,  0.        ,
         -0.32286133, -0.33157589],
        [-0.71306903, -0.66925151, -0.78107495, ...,  0.32286133,
          0.        , -0.00922218],
        [-0.70657309, -0.66237064, -0.77528306, ...,  0.33157589,
          0.00922218,  0.        ]],

       [[ 0.        , -0.20148916, -0.10226486, ...,  0.30258179,
          0.69408698,  0.33040124],
        [ 0.20148916,  0.        ,  0.10026531, ...,  0.4884201 ,
          0.82490204,  0.5137986 ],
        [ 0.10226486, -0.10026531,  0.        , ...,  0.39846645,
          0.76406759,  0.42519073],
        ...,
        [-0.30258179, -0.4884201 , -0.39846645, ...,  0.        ,
          0.44372461,  0.02932419],
        [-0.69408698, -0.82490204, -0.76406759, ..., -0.44372461,
          0.        , -0.41725453],
        [-0.33040124, -0.5137986 , -0.42519073, ..., -0.02932419,
          0.41725453,  0.        ]],

       [[ 0.        ,  0.2596499 ,  0.26308155, ...,  0.99566939,
          0.99641117,  0.97948895],
        [-0.2596499 ,  0.        ,  0.00355523, ...,  0.98565905,
          0.94025901,  0.89357633],
        [-0.26308155, -0.00355523,  0.        , ...,  0.98505288,
          0.93904265,  0.8919747 ],
        ...,
        [-0.99566939, -0.98565905, -0.98505288, ...,  0.        ,
         -0.17690966, -0.29168334],
        [-0.99641117, -0.94025901, -0.93904265, ...,  0.17690966,
          0.        , -0.11786591],
        [-0.97948895, -0.89357633, -0.8919747 , ...,  0.29168334,
          0.11786591,  0.        ]],

       ...,

       [[ 0.        , -0.00832142, -0.08118784, ..., -0.5677421 ,
         -0.91244768, -0.99293269],
        [ 0.00832142,  0.        , -0.07289108, ..., -0.5608722 ,
         -0.90901102, -0.99388588],
        [ 0.08118784,  0.07289108,  0.        , ..., -0.49903352,
         -0.876214  , -0.99929012],
        ...,
        [ 0.5677421 ,  0.5608722 ,  0.49903352, ...,  0.        ,
         -0.51881652, -0.88476763],
        [ 0.91244768,  0.90901102,  0.876214  , ...,  0.51881652,
          0.        , -0.51458979],
        [ 0.99293269,  0.99388588,  0.99929012, ...,  0.88476763,
          0.51458979,  0.        ]],

       [[ 0.        ,  0.32755516,  0.41096676, ...,  0.76797588,
          0.73747766,  0.72953037],
        [-0.32755516,  0.        ,  0.0896788 , ...,  0.93540036,
          0.91801396,  0.91331451],
        [-0.41096676, -0.0896788 ,  0.        , ...,  0.96334095,
          0.949877  ,  0.94615667],
        ...,
        [-0.76797588, -0.93540036, -0.96334095, ...,  0.        ,
          0.04633027,  0.05800719],
        [-0.73747766, -0.91801396, -0.949877  , ..., -0.04633027,
          0.        ,  0.01169264],
        [-0.72953037, -0.91331451, -0.94615667, ..., -0.05800719,
         -0.01169264,  0.        ]],

       [[ 0.        , -0.12447571, -0.02425952, ...,  0.7387838 ,
          0.85493895,  0.91807696],
        [ 0.12447571,  0.        ,  0.10036823, ...,  0.64914855,
          0.78372068,  0.86159431],
        [ 0.02425952, -0.10036823,  0.        , ...,  0.72221685,
          0.84210323,  0.90819024],
        ...,
        [-0.7387838 , -0.64914855, -0.72221685, ...,  0.        ,
         -0.19295139, -0.32587556],
        [-0.85493895, -0.78372068, -0.84210323, ...,  0.19295139,
          0.        , -0.13733312],
        [-0.91807696, -0.86159431, -0.90819024, ...,  0.32587556,
          0.13733312,  0.        ]]]), 'num': array([8.34668768e-01, 5.50256640e-01, 2.62857790e-06, 2.03151520e-03,
       2.06343365e-03, 1.93200475e-03, 2.26474141e-02, 1.05143116e-04,
       1.97744160e-03, 2.06240099e-03, 1.98391917e-03, 8.60828760e-07,
       2.19757183e-03, 1.92723016e-03])}
{'img': array([[[ 0.        , -0.16246117, -0.2004001 , ...,  0.66925151,
          0.66237064,  0.94598825],
        [ 0.16246117,  0.        , -0.03857226, ...,  0.78107495,
          0.77528306,  0.9860908 ],
        [ 0.2004001 ,  0.03857226,  0.        , ...,  0.80457964,
          0.79906889,  0.99176796],
        ...,
        [-0.66925151, -0.78107495, -0.80457964, ...,  0.        ,
         -0.00922218,  0.48593133],
        [-0.66237064, -0.77528306, -0.79906889, ...,  0.00922218,
          0.        ,  0.49397082],
        [-0.94598825, -0.9860908 , -0.99176796, ..., -0.48593133,
         -0.49397082,  0.        ]],

       [[ 0.        ,  0.10026531, -0.10116722, ...,  0.82490204,
          0.5137986 ,  0.8891371 ],
        [-0.10026531,  0.        , -0.20040831, ...,  0.76406759,
          0.42519073,  0.83877099],
        [ 0.10116722,  0.20040831,  0.        , ...,  0.8778572 ,
          0.59795498,  0.93087359],
        ...,
        [-0.82490204, -0.76406759, -0.8778572 , ...,  0.        ,
         -0.41725453,  0.12509867],
        [-0.5137986 , -0.42519073, -0.59795498, ...,  0.41725453,
          0.        ,  0.52766508],
        [-0.8891371 , -0.83877099, -0.93087359, ..., -0.12509867,
         -0.52766508,  0.        ]],

       [[ 0.        ,  0.00355523, -0.0637399 , ...,  0.94025901,
          0.89357633,  0.89093355],
        [-0.00355523,  0.        , -0.06728751, ...,  0.93904265,
          0.8919747 ,  0.88931337],
        [ 0.0637399 ,  0.06728751,  0.        , ...,  0.96004792,
          0.92037284,  0.91806832],
        ...,
        [-0.94025901, -0.93904265, -0.96004792, ...,  0.        ,
         -0.11786591, -0.12367607],
        [-0.89357633, -0.8919747 , -0.92037284, ...,  0.11786591,
          0.        , -0.00585298],
        [-0.89093355, -0.88931337, -0.91806832, ...,  0.12367607,
          0.00585298,  0.        ]],

       ...,

       [[ 0.        , -0.07289108,  0.03075024, ..., -0.90901102,
         -0.99388588, -0.61297957],
        [ 0.07289108,  0.        ,  0.10352505, ..., -0.876214  ,
         -0.99929012, -0.55375784],
        [-0.03075024, -0.10352505,  0.        , ..., -0.92139699,
         -0.99002067, -0.63698542],
        ...,
        [ 0.90901102,  0.876214  ,  0.92139699, ...,  0.        ,
         -0.51458979,  0.4627357 ],
        [ 0.99388588,  0.99929012,  0.99002067, ...,  0.51458979,
          0.        ,  0.85294842],
        [ 0.61297957,  0.55375784,  0.63698542, ..., -0.4627357 ,
         -0.85294842,  0.        ]],

       [[ 0.        ,  0.25900111,  0.34365092, ...,  0.7458062 ,
          0.73783313,  0.76085796],
        [-0.25900111,  0.        ,  0.08869723, ...,  0.89289402,
          0.88747746,  0.90296583],
        [-0.34365092, -0.08869723,  0.        , ...,  0.92931223,
          0.9248558 ,  0.9375212 ],
        ...,
        [-0.7458062 , -0.89289402, -0.92931223, ...,  0.        ,
          0.01188952, -0.022888  ],
        [-0.73783313, -0.88747746, -0.9248558 , ..., -0.01188952,
          0.        , -0.03477279],
        [-0.76085796, -0.90296583, -0.9375212 , ...,  0.022888  ,
          0.03477279,  0.        ]],

       [[ 0.        ,  0.10036823,  0.2044387 , ...,  0.78372068,
          0.86159431,  0.8697776 ],
        [-0.10036823,  0.        ,  0.10515797, ...,  0.84210323,
          0.90819024,  0.91491163],
        [-0.2044387 , -0.10515797,  0.        , ...,  0.89414763,
          0.94716947,  0.95228638],
        ...,
        [-0.78372068, -0.84210323, -0.89414763, ...,  0.        ,
         -0.13733312, -0.15350831],
        [-0.86159431, -0.90819024, -0.94716947, ...,  0.13733312,
          0.        , -0.01634844],
        [-0.8697776 , -0.91491163, -0.95228638, ...,  0.15350831,
          0.01634844,  0.        ]]]), 'num': array([8.21657913e-01, 5.69739425e-01, 2.30272841e-06, 2.01534791e-03,
       2.03192755e-03, 1.97666207e-03, 1.55972085e-02, 2.21061928e-05,
       1.94976620e-03, 2.02069024e-03, 1.95068729e-03, 7.23448279e-07,
       2.15142500e-03, 1.88995547e-03])}
{'img': array([[[ 0.        , -0.03857226, -0.20588699, ...,  0.77528306,
          0.9860908 ,  0.9988312 ],
        [ 0.03857226,  0.        , -0.16798789, ...,  0.79906889,
          0.99176796,  0.99995226],
        [ 0.20588699,  0.16798789,  0.        , ...,  0.88871432,
          0.99918453,  0.98738348],
        ...,
        [-0.77528306, -0.79906889, -0.88871432, ...,  0.        ,
          0.49397082,  0.59340274],
        [-0.9860908 , -0.99176796, -0.99918453, ..., -0.49397082,
          0.        ,  0.11835099],
        [-0.9988312 , -0.99995226, -0.98738348, ..., -0.59340274,
         -0.11835099,  0.        ]],

       [[ 0.        , -0.20040831, -0.02536448, ...,  0.42519073,
          0.83877099,  0.61337338],
        [ 0.20040831,  0.        ,  0.17549394, ...,  0.59795498,
          0.93087359,  0.75921064],
        [ 0.02536448, -0.17549394,  0.        , ...,  0.44801142,
          0.8523117 ,  0.63320873],
        ...,
        [-0.42519073, -0.59795498, -0.44801142, ...,  0.        ,
          0.52766508,  0.21935386],
        [-0.83877099, -0.93087359, -0.8523117 , ..., -0.52766508,
          0.        , -0.3284833 ],
        [-0.61337338, -0.75921064, -0.63320873, ..., -0.21935386,
          0.3284833 ,  0.        ]],

       [[ 0.        , -0.06728751, -0.12118873, ...,  0.8919747 ,
          0.88931337,  0.91141454],
        [ 0.06728751,  0.        , -0.05412251, ...,  0.92037284,
          0.91806832,  0.93703703],
        [ 0.12118873,  0.05412251,  0.        , ...,  0.94018803,
          0.93817807,  0.95456482],
        ...,
        [-0.8919747 , -0.92037284, -0.94018803, ...,  0.        ,
         -0.00585298,  0.044999  ],
        [-0.88931337, -0.91806832, -0.93817807, ...,  0.00585298,
          0.        ,  0.05084527],
        [-0.91141454, -0.93703703, -0.95456482, ..., -0.044999  ,
         -0.05084527,  0.        ]],

       ...,

       [[ 0.        ,  0.10352505,  0.21811114, ..., -0.99929012,
         -0.55375784, -0.77094329],
        [-0.10352505,  0.        ,  0.11590662, ..., -0.99002067,
         -0.63698542, -0.83273639],
        [-0.21811114, -0.11590662,  0.        , ..., -0.96701423,
         -0.72204182, -0.89129782],
        ...,
        [ 0.99929012,  0.99002067,  0.96701423, ...,  0.        ,
          0.85294842,  0.66549547],
        [ 0.55375784,  0.63698542,  0.72204182, ..., -0.85294842,
          0.        , -0.28925686],
        [ 0.77094329,  0.83273639,  0.89129782, ..., -0.66549547,
          0.28925686,  0.        ]],

       [[ 0.        ,  0.23183295,  0.28084679, ...,  0.74295475,
          0.76601348,  0.78321074],
        [-0.23183295,  0.        ,  0.05069301, ...,  0.87788886,
          0.89417182,  0.90601625],
        [-0.28084679, -0.05069301,  0.        , ...,  0.90103522,
          0.91571864,  0.92630682],
        ...,
        [-0.74295475, -0.87788886, -0.90103522, ...,  0.        ,
         -0.0351352 , -0.06229874],
        [-0.76601348, -0.89417182, -0.91571864, ...,  0.0351352 ,
          0.        , -0.02719332],
        [-0.78321074, -0.90601625, -0.92630682, ...,  0.06229874,
          0.02719332,  0.        ]],

       [[ 0.        ,  0.1787841 ,  0.303497  , ...,  0.86232739,
          0.87050377,  0.87318609],
        [-0.1787841 ,  0.        ,  0.12825587, ...,  0.93896139,
          0.94446919,  0.94625464],
        [-0.303497  , -0.12825587,  0.        , ...,  0.97532952,
          0.9788138 ,  0.97992047],
        ...,
        [-0.86232739, -0.93896139, -0.97532952, ...,  0.        ,
         -0.01637602, -0.02185164],
        [-0.87050377, -0.94446919, -0.9788138 , ...,  0.01637602,
          0.        , -0.0054766 ],
        [-0.87318609, -0.94625464, -0.97992047, ...,  0.02185164,
          0.0054766 ,  0.        ]]]), 'num': array([ 8.28476429e-01,  5.59879580e-01,  2.47783071e-06,  2.01952518e-03,
        2.05492276e-03,  2.01021003e-03,  1.13545754e-02, -1.86303061e-05,
        1.97965633e-03,  2.04374458e-03,  1.97695493e-03,  7.05913942e-07,
        2.17581230e-03,  1.91167686e-03])}
{'img': array([[[ 0.00000000e+00, -1.67987888e-01,  1.96377516e-02, ...,
          9.91767962e-01,  9.99952259e-01,  9.94062597e-01],
        [ 1.67987888e-01,  0.00000000e+00,  1.87314174e-01, ...,
          9.99184532e-01,  9.87383476e-01,  9.98214746e-01],
        [-1.96377516e-02, -1.87314174e-01,  0.00000000e+00, ...,
          9.89062134e-01,  9.99567540e-01,  9.91734125e-01],
        ...,
        [-9.91767962e-01, -9.99184532e-01, -9.89062134e-01, ...,
          0.00000000e+00,  1.18350985e-01,  1.93738205e-02],
        [-9.99952259e-01, -9.87383476e-01, -9.99567540e-01, ...,
         -1.18350985e-01,  0.00000000e+00, -9.90911141e-02],
        [-9.94062597e-01, -9.98214746e-01, -9.91734125e-01, ...,
         -1.93738205e-02,  9.90911141e-02,  0.00000000e+00]],

       [[ 0.00000000e+00,  1.75493937e-01, -2.39711175e-01, ...,
          9.30873586e-01,  7.59210639e-01,  5.71276248e-01],
        [-1.75493937e-01,  0.00000000e+00, -4.06368259e-01, ...,
          8.52311697e-01,  6.33208729e-01,  4.18372307e-01],
        [ 2.39711175e-01,  4.06368259e-01,  0.00000000e+00, ...,
          9.91309691e-01,  8.93090100e-01,  7.51365088e-01],
        ...,
        [-9.30873586e-01, -8.52311697e-01, -9.91309691e-01, ...,
          0.00000000e+00, -3.28483304e-01, -5.55310916e-01],
        [-7.59210639e-01, -6.33208729e-01, -8.93090100e-01, ...,
          3.28483304e-01,  0.00000000e+00, -2.51315806e-01],
        [-5.71276248e-01, -4.18372307e-01, -7.51365088e-01, ...,
          5.55310916e-01,  2.51315806e-01,  0.00000000e+00]],

       [[ 0.00000000e+00, -5.41225064e-02, -8.58203306e-02, ...,
          9.18068319e-01,  9.37037032e-01,  9.50680609e-01],
        [ 5.41225064e-02,  0.00000000e+00, -3.17717156e-02, ...,
          9.38178072e-01,  9.54564823e-01,  9.66074460e-01],
        [ 8.58203306e-02,  3.17717156e-02,  0.00000000e+00, ...,
          9.48702309e-01,  9.63550990e-01,  9.73792220e-01],
        ...,
        [-9.18068319e-01, -9.38178072e-01, -9.48702309e-01, ...,
          0.00000000e+00,  5.08452729e-02,  9.21122435e-02],
        [-9.37037032e-01, -9.54564823e-01, -9.63550990e-01, ...,
         -5.08452729e-02,  0.00000000e+00,  4.13639894e-02],
        [-9.50680609e-01, -9.66074460e-01, -9.73792220e-01, ...,
         -9.21122435e-02, -4.13639894e-02,  0.00000000e+00]],

       ...,

       [[ 0.00000000e+00,  1.15906616e-01,  1.76870969e-01, ...,
         -6.36985422e-01, -8.32736391e-01, -8.71348923e-01],
        [-1.15906616e-01,  0.00000000e+00,  6.15996410e-02, ...,
         -7.22041825e-01, -8.91297822e-01, -9.22347323e-01],
        [-1.76870969e-01, -6.15996410e-02,  0.00000000e+00, ...,
         -7.63288298e-01, -9.17535600e-01, -9.44395475e-01],
        ...,
        [ 6.36985422e-01,  7.22041825e-01,  7.63288298e-01, ...,
          0.00000000e+00, -2.89256863e-01, -3.59156093e-01],
        [ 8.32736391e-01,  8.91297822e-01,  9.17535600e-01, ...,
          2.89256863e-01,  0.00000000e+00, -7.38457916e-02],
        [ 8.71348923e-01,  9.22347323e-01,  9.44395475e-01, ...,
          3.59156093e-01,  7.38457916e-02,  0.00000000e+00]],

       [[ 0.00000000e+00,  7.08873584e-02,  1.60302931e-01, ...,
          8.55634801e-01,  8.69459641e-01,  8.69349021e-01],
        [-7.08873584e-02,  0.00000000e+00,  8.99290277e-02, ...,
          8.90172185e-01,  9.02291002e-01,  9.02194458e-01],
        [-1.60302931e-01, -8.99290277e-02,  0.00000000e+00, ...,
          9.27539212e-01,  9.37405958e-01,  9.37327970e-01],
        ...,
        [-8.55634801e-01, -8.90172185e-01, -9.27539212e-01, ...,
          0.00000000e+00, -2.73279486e-02, -2.71041496e-02],
        [-8.69459641e-01, -9.02291002e-01, -9.37405958e-01, ...,
          2.73279486e-02,  0.00000000e+00,  2.23881957e-04],
        [-8.69349021e-01, -9.02194458e-01, -9.37327970e-01, ...,
          2.71041496e-02, -2.23881957e-04,  0.00000000e+00]],

       [[ 0.00000000e+00,  2.48266184e-01,  2.79355468e-01, ...,
          8.72822680e-01,  8.75496804e-01,  8.74589461e-01],
        [-2.48266184e-01,  0.00000000e+00,  3.22272156e-02, ...,
          9.66659417e-01,  9.68054775e-01,  9.67583064e-01],
        [-2.79355468e-01, -3.22272156e-02,  0.00000000e+00, ...,
          9.74409584e-01,  9.75632551e-01,  9.75219551e-01],
        ...,
        [-8.72822680e-01, -9.66659417e-01, -9.74409584e-01, ...,
          0.00000000e+00, -5.50645466e-03, -3.63197105e-03],
        [-8.75496804e-01, -9.68054775e-01, -9.75632551e-01, ...,
          5.50645466e-03,  0.00000000e+00,  1.87450236e-03],
        [-8.74589461e-01, -9.67583064e-01, -9.75219551e-01, ...,
          3.63197105e-03, -1.87450236e-03,  0.00000000e+00]]]), 'num': array([ 8.19535586e-01,  5.72926407e-01,  2.28977882e-06,  1.98878370e-03,
        2.01648264e-03,  1.97585753e-03,  9.20343357e-03, -1.29261707e-05,
        1.98065868e-03,  2.02599260e-03,  1.96351611e-03,  6.83663338e-07,
        2.15655764e-03,  1.89542757e-03])}
{'img': array([[[ 0.00000000e+00,  1.87314174e-01, -3.21558134e-02, ...,
          9.87383476e-01,  9.98214746e-01,  9.99971962e-01],
        [-1.87314174e-01,  0.00000000e+00, -2.18803965e-01, ...,
          9.99567540e-01,  9.91734125e-01,  9.80869847e-01],
        [ 3.21558134e-02,  2.18803965e-01,  0.00000000e+00, ...,
          9.81781082e-01,  9.95777965e-01,  9.99695638e-01],
        ...,
        [-9.87383476e-01, -9.99567540e-01, -9.81781082e-01, ...,
          0.00000000e+00, -9.90911141e-02, -1.65736713e-01],
        [-9.98214746e-01, -9.91734125e-01, -9.95777965e-01, ...,
          9.90911141e-02,  0.00000000e+00, -6.72003301e-02],
        [-9.99971962e-01, -9.80869847e-01, -9.99695638e-01, ...,
          1.65736713e-01,  6.72003301e-02,  0.00000000e+00]],

       [[ 0.00000000e+00, -4.06368259e-01, -2.47219037e-01, ...,
          6.33208729e-01,  4.18372307e-01,  2.87618271e-01],
        [ 4.06368259e-01,  0.00000000e+00,  1.67868081e-01, ...,
          8.93090100e-01,  7.51365088e-01,  6.51996734e-01],
        [ 2.47219037e-01, -1.67868081e-01,  0.00000000e+00, ...,
          8.04896546e-01,  6.29928898e-01,  5.15463319e-01],
        ...,
        [-6.33208729e-01, -8.93090100e-01, -8.04896546e-01, ...,
          0.00000000e+00, -2.51315806e-01, -3.83841476e-01],
        [-4.18372307e-01, -7.51365088e-01, -6.29928898e-01, ...,
          2.51315806e-01,  0.00000000e+00, -1.39457374e-01],
        [-2.87618271e-01, -6.51996734e-01, -5.15463319e-01, ...,
          3.83841476e-01,  1.39457374e-01,  0.00000000e+00]],

       [[ 0.00000000e+00, -3.17717156e-02, -1.38039956e-01, ...,
          9.54564823e-01,  9.66074460e-01,  9.87039745e-01],
        [ 3.17717156e-02,  0.00000000e+00, -1.06502713e-01, ...,
          9.63550990e-01,  9.73792220e-01,  9.91640037e-01],
        [ 1.38039956e-01,  1.06502713e-01,  0.00000000e+00, ...,
          9.86562820e-01,  9.92476611e-01,  9.99742577e-01],
        ...,
        [-9.54564823e-01, -9.63550990e-01, -9.86562820e-01, ...,
          0.00000000e+00,  4.13639894e-02,  1.40956424e-01],
        [-9.66074460e-01, -9.73792220e-01, -9.92476611e-01, ...,
         -4.13639894e-02,  0.00000000e+00,  9.98847825e-02],
        [-9.87039745e-01, -9.91640037e-01, -9.99742577e-01, ...,
         -1.40956424e-01, -9.98847825e-02,  0.00000000e+00]],

       ...,

       [[ 0.00000000e+00,  6.15996410e-02, -1.46394795e-01, ...,
         -8.91297822e-01, -9.22347323e-01, -9.40613791e-01],
        [-6.15996410e-02,  0.00000000e+00, -2.07052764e-01, ...,
         -9.17535600e-01, -9.44395475e-01, -9.59739266e-01],
        [ 1.46394795e-01,  2.07052764e-01,  0.00000000e+00, ...,
         -8.15317112e-01, -8.55848827e-01, -8.80781954e-01],
        ...,
        [ 8.91297822e-01,  9.17535600e-01,  8.15317112e-01, ...,
          0.00000000e+00, -7.38457916e-02, -1.23915041e-01],
        [ 9.22347323e-01,  9.44395475e-01,  8.55848827e-01, ...,
          7.38457916e-02,  0.00000000e+00, -5.03000630e-02],
        [ 9.40613791e-01,  9.59739266e-01,  8.80781954e-01, ...,
          1.23915041e-01,  5.03000630e-02,  0.00000000e+00]],

       [[ 0.00000000e+00,  8.99290277e-02,  1.28444582e-01, ...,
          9.02291002e-01,  9.02194458e-01,  9.02343110e-01],
        [-8.99290277e-02,  0.00000000e+00,  3.87400295e-02, ...,
          9.37405958e-01,  9.37327970e-01,  9.37448046e-01],
        [-1.28444582e-01, -3.87400295e-02,  0.00000000e+00, ...,
          9.50193040e-01,  9.50123240e-01,  9.50230706e-01],
        ...,
        [-9.02291002e-01, -9.37405958e-01, -9.50193040e-01, ...,
          0.00000000e+00,  2.23881957e-04, -1.20880228e-04],
        [-9.02194458e-01, -9.37327970e-01, -9.50123240e-01, ...,
         -2.23881957e-04,  0.00000000e+00, -3.44762180e-04],
        [-9.02343110e-01, -9.37448046e-01, -9.50230706e-01, ...,
          1.20880228e-04,  3.44762180e-04,  0.00000000e+00]],

