state_0,state_1,state_2,state_3,state_4,state_5,state_6,state_7,state_8,state_9,state_10,state_11,state_12,state_13,state_14,state_15,state_16,state_17,state_18,state_19,state_20,state_21,state_22,state_23,state_24,state_25,state_26,state_27,state_28,state_29,state_30,state_31,state_32,state_33,state_34,state_35,state_36,state_37,state_38,state_39,state_40,state_41,state_42,state_43,state_44,state_45,state_46,state_47,state_48,state_49,state_50,state_51,state_52,state_53,state_54,state_55,state_56,state_57,state_58,state_59,state_60,state_61,state_62,state_63,state_64,state_65,state_66,state_67,state_68,state_69,state_70,state_71,state_72,state_73,state_74,state_75,state_76,state_77,state_78,state_79,state_80,state_81,state_82,state_83,state_84,state_85,state_86,state_87,state_88,state_89,state_90,state_91,state_92,state_93,state_94,state_95,state_96,state_97,state_98,state_99,state_100,state_101,state_102,state_103,state_104,state_105,state_106,state_107,state_108,state_109,state_110,state_111,state_112,state_113,state_114,state_115,state_116,state_117,state_118,state_119,state_120,state_121,state_122,state_123,state_124,state_125,state_126,state_127,state_128,state_129,state_130,state_131,state_132,state_133,state_134,state_135,state_136,state_137,state_138,state_139,state_140,state_141,state_142,state_143,state_144,state_145,state_146,state_147,state_148,state_149,state_150,state_151,state_152,state_153,state_154,state_155,state_156,state_157,state_158,state_159,state_160,state_161,state_162,state_163,state_164,state_165,state_166,state_167,state_168,state_169,state_170,state_171,state_172,state_173,state_174,state_175,state_176,state_177,state_178,state_179,state_180,state_181,state_182,state_183,state_184,state_185,state_186,state_187,state_188,state_189,state_190,state_191,state_192,state_193,state_194,state_195,state_196,state_197,state_198,state_199,state_200,state_201,state_202,state_203,state_204,state_205,state_206,state_207,state_208,state_209,state_210,state_211,state_212,state_213,state_214,state_215,state_216,state_217,state_218,state_219,state_220,state_221,state_222,state_223,state_224,state_225,state_226,state_227,state_228,state_229,state_230,state_231,state_232,state_233,state_234,state_235,state_236,state_237,state_238,state_239,state_240,state_241,state_242,state_243,state_244,state_245,state_246,state_247,state_248,state_249,state_250,state_251,state_252,state_253,state_254,state_255,state_256,state_257,state_258,state_259,state_260,state_261,state_262,state_263,state_264,state_265,state_266,state_267,state_268,state_269,state_270,state_271,state_272,state_273,state_274,state_275,state_276,state_277,state_278,state_279,state_280,state_281,state_282,state_283,state_284,state_285,state_286,state_287
{'img': array([[[ 0.        ,  0.11334933,  0.03775602, ..., -0.2259673 ,
         -0.26353089, -0.37604059],
        [-0.11334933,  0.        , -0.07575581, ..., -0.33492852,
         -0.37117502, -0.47864693],
        [-0.03775602,  0.07575581,  0.        , ..., -0.26258564,
         -0.29976438, -0.41075732],
        ...,
        [ 0.2259673 ,  0.33492852,  0.26258564, ...,  0.        ,
         -0.03873507, -0.15693223],
        [ 0.26353089,  0.37117502,  0.29976438, ...,  0.03873507,
          0.        , -0.11855934],
        [ 0.37604059,  0.47864693,  0.41075732, ...,  0.15693223,
          0.11855934,  0.        ]],

       [[ 0.        ,  0.731944  , -0.91444049, ..., -0.99455338,
         -0.98146907, -0.97453512],
        [-0.731944  ,  0.        , -0.91930022, ..., -0.75394303,
         -0.52848289, -0.49988651],
        [ 0.91444049,  0.91930022,  0.        , ..., -0.30720535,
         -0.57244622, -0.59946373],
        ...,
        [ 0.99455338,  0.75394303,  0.30720535, ...,  0.        ,
         -0.29287393, -0.32458786],
        [ 0.98146907,  0.52848289,  0.57244622, ...,  0.29287393,
          0.        , -0.03333859],
        [ 0.97453512,  0.49988651,  0.59946373, ...,  0.32458786,
          0.03333859,  0.        ]],

       [[ 0.        ,  0.2645788 ,  0.43364075, ...,  0.14233785,
          0.19426155,  0.21462841],
        [-0.2645788 ,  0.        ,  0.17977934, ..., -0.12461939,
         -0.07219966, -0.05143308],
        [-0.43364075, -0.17977934,  0.        , ..., -0.30096686,
         -0.25033346, -0.23013647],
        ...,
        [-0.14233785,  0.12461939,  0.30096686, ...,  0.        ,
          0.05265732,  0.07342231],
        [-0.19426155,  0.07219966,  0.25033346, ..., -0.05265732,
          0.        ,  0.02080525],
        [-0.21462841,  0.05143308,  0.23013647, ..., -0.07342231,
         -0.02080525,  0.        ]],

       ...,

       [[ 0.        ,  0.04380125, -0.18669834, ..., -0.824316  ,
         -0.8831155 , -0.79489791],
        [-0.04380125,  0.        , -0.22955026, ..., -0.84832208,
         -0.90281754, -0.82071113],
        [ 0.18669834,  0.22955026,  0.        , ..., -0.70412677,
         -0.77999736, -0.6676435 ],
        ...,
        [ 0.824316  ,  0.84832208,  0.70412677, ...,  0.        ,
         -0.11322564,  0.05013261],
        [ 0.8831155 ,  0.90281754,  0.77999736, ...,  0.11322564,
          0.        ,  0.16289349],
        [ 0.79489791,  0.82071113,  0.6676435 , ..., -0.05013261,
         -0.16289349,  0.        ]],

       [[ 0.        , -0.47605814, -0.93470166, ..., -0.80940041,
         -0.80940041, -0.78855706],
        [ 0.47605814,  0.        , -0.65278265, ..., -0.99136645,
         -0.99136645, -0.98622544],
        [ 0.93470166,  0.65278265,  0.        , ..., -0.83659808,
         -0.83659808, -0.85508503],
        ...,
        [ 0.80940041,  0.99136645,  0.83659808, ...,  0.        ,
          0.        , -0.03466438],
        [ 0.80940041,  0.99136645,  0.83659808, ...,  0.        ,
          0.        , -0.03466438],
        [ 0.78855706,  0.98622544,  0.85508503, ...,  0.03466438,
          0.03466438,  0.        ]],

       [[ 0.        ,  0.68270189,  0.96739835, ...,  0.2024691 ,
          0.2024691 ,  0.        ],
        [-0.68270189,  0.        ,  0.53397427, ...,  0.81650578,
          0.81650578,  0.68270189],
        [-0.96739835, -0.53397427,  0.        , ...,  0.99863947,
          0.99863947,  0.96739835],
        ...,
        [-0.2024691 , -0.81650578, -0.99863947, ...,  0.        ,
          0.        ,  0.2024691 ],
        [-0.2024691 , -0.81650578, -0.99863947, ...,  0.        ,
          0.        ,  0.2024691 ],
        [-0.        , -0.68270189, -0.96739835, ..., -0.2024691 ,
         -0.2024691 ,  0.        ]]]), 'num': array([ 7.31895930e-01,  6.81250864e-01,  3.24647857e-06,  1.58265831e-04,
        1.60802142e-04,  1.57251306e-04,  1.50134213e-02, -1.52178683e-06,
        1.60294880e-04,  1.60168064e-04,  1.61089591e-04,  4.25445781e-07,
        1.63576550e-04,  1.56759579e-04])}
{'img': array([[[ 0.        , -0.07575581,  0.07652946, ..., -0.37117502,
         -0.47864693, -0.58402476],
        [ 0.07575581,  0.        ,  0.15184319, ..., -0.29976438,
         -0.41075732, -0.5208528 ],
        [-0.07652946, -0.15184319,  0.        , ..., -0.4411489 ,
         -0.54443664, -0.64443371],
        ...,
        [ 0.37117502,  0.29976438,  0.4411489 , ...,  0.        ,
         -0.11855934, -0.24100767],
        [ 0.47864693,  0.41075732,  0.54443664, ...,  0.11855934,
          0.        , -0.12424324],
        [ 0.58402476,  0.5208528 ,  0.64443371, ...,  0.24100767,
          0.12424324,  0.        ]],

       [[ 0.        , -0.91930022, -0.89339429, ..., -0.52848289,
         -0.49988651, -0.7132687 ],
        [ 0.91930022,  0.        , -0.0614156 , ..., -0.57244622,
         -0.59946373, -0.36361708],
        [ 0.89339429,  0.0614156 ,  0.        , ..., -0.52100836,
         -0.54917494, -0.30571905],
        ...,
        [ 0.52848289,  0.57244622,  0.52100836, ...,  0.        ,
         -0.03333859,  0.23511642],
        [ 0.49988651,  0.59946373,  0.54917494, ...,  0.03333859,
          0.        ,  0.26738974],
        [ 0.7132687 ,  0.36361708,  0.30571905, ..., -0.23511642,
         -0.26738974,  0.        ]],

       [[ 0.        ,  0.17977934,  0.32349015, ..., -0.07219966,
         -0.05143308, -0.0618023 ],
        [-0.17977934,  0.        ,  0.14810663, ..., -0.25033346,
         -0.23013647, -0.24023103],
        [-0.32349015, -0.14810663,  0.        , ..., -0.3909635 ,
         -0.3717296 , -0.38135106],
        ...,
        [ 0.07219966,  0.25033346,  0.3909635 , ...,  0.        ,
          0.02080525,  0.01042064],
        [ 0.05143308,  0.23013647,  0.3717296 , ..., -0.02080525,
          0.        , -0.01038574],
        [ 0.0618023 ,  0.24023103,  0.38135106, ..., -0.01042064,
          0.01038574,  0.        ]],

       ...,

       [[ 0.        , -0.22955026, -0.18735982, ..., -0.90281754,
         -0.82071113, -0.92973367],
        [ 0.22955026,  0.        ,  0.04312852, ..., -0.77999736,
         -0.6676435 , -0.82037891],
        [ 0.18735982, -0.04312852,  0.        , ..., -0.80626068,
         -0.69913065, -0.84427734],
        ...,
        [ 0.90281754,  0.77999736,  0.80626068, ...,  0.        ,
          0.16289349, -0.0673607 ],
        [ 0.82071113,  0.6676435 ,  0.69913065, ..., -0.16289349,
          0.        , -0.22898452],
        [ 0.92973367,  0.82037891,  0.84427734, ...,  0.0673607 ,
          0.22898452,  0.        ]],

       [[ 0.        , -0.64291253, -0.54165988, ..., -0.9980271 ,
         -0.99818065, -0.98417164],
        [ 0.64291253,  0.        ,  0.12555207, ..., -0.72406343,
         -0.72578222, -0.86775165],
        [ 0.54165988, -0.12555207,  0.        , ..., -0.8049314 ,
         -0.80640948, -0.9232843 ],
        ...,
        [ 0.9980271 ,  0.72406343,  0.8049314 , ...,  0.        ,
         -0.00249522, -0.23865917],
        [ 0.99818065,  0.72578222,  0.80640948, ...,  0.00249522,
          0.        , -0.23623531],
        [ 0.98417164,  0.86775165,  0.9232843 , ...,  0.23865917,
          0.23623531,  0.        ]],

       [[ 0.        ,  0.88495252,  0.84777927, ...,  0.40636385,
          0.34962369,  0.        ],
        [-0.88495252,  0.        , -0.07453896, ...,  0.99782719,
          0.99191656,  0.88495252],
        [-0.84777927,  0.07453896,  0.        , ...,  0.99014029,
          0.97969876,  0.84777927],
        ...,
        [-0.40636385, -0.99782719, -0.99014029, ...,  0.        ,
          0.06126319,  0.40636385],
        [-0.34962369, -0.99191656, -0.97969876, ..., -0.06126319,
          0.        ,  0.34962369],
        [-0.        , -0.88495252, -0.84777927, ..., -0.40636385,
         -0.34962369,  0.        ]]]), 'num': array([ 7.09401841e-01,  7.04749767e-01,  3.02082753e-07,  1.32916411e-04,
        1.35074145e-04,  1.32484864e-04,  8.75491918e-03, -1.72618716e-06,
        1.35678311e-04,  1.36023548e-04,  1.36901027e-04,  3.74007218e-07,
        1.39190055e-04,  1.32857041e-04])}
{'img': array([[[ 0.        ,  0.15184319,  0.34362024, ..., -0.41075732,
         -0.5208528 , -0.6659361 ],
        [-0.15184319,  0.        ,  0.19703857, ..., -0.54443664,
         -0.64443371, -0.77149066],
        [-0.34362024, -0.19703857,  0.        , ..., -0.6990397 ,
         -0.78246761, -0.8817301 ],
        ...,
        [ 0.41075732,  0.54443664,  0.6990397 , ...,  0.        ,
         -0.12424324, -0.30073516],
        [ 0.5208528 ,  0.64443371,  0.78246761, ...,  0.12424324,
          0.        , -0.17991327],
        [ 0.6659361 ,  0.77149066,  0.8817301 , ...,  0.30073516,
          0.17991327,  0.        ]],

       [[ 0.        , -0.08387406,  0.80712606, ..., -0.73964228,
         -0.47208328, -0.71727993],
        [ 0.08387406,  0.        ,  0.85379953, ..., -0.68058879,
         -0.39648032, -0.6563103 ],
        [-0.80712606, -0.85379953,  0.        , ..., -0.97986539,
         -0.99023329, -0.98586053],
        ...,
        [ 0.73964228,  0.68058879,  0.97986539, ...,  0.        ,
          0.33432242,  0.03264217],
        [ 0.47208328,  0.39648032,  0.99023329, ..., -0.33432242,
          0.        , -0.30338036],
        [ 0.71727993,  0.6563103 ,  0.98586053, ..., -0.03264217,
          0.30338036,  0.        ]],

       [[ 0.        ,  0.14810663,  0.39145015, ..., -0.23013647,
         -0.24023103, -0.32127856],
        [-0.14810663,  0.        ,  0.25084538, ..., -0.3717296 ,
         -0.38135106, -0.45799003],
        [-0.39145015, -0.25084538,  0.        , ..., -0.59271441,
         -0.60104725, -0.66633763],
        ...,
        [ 0.23013647,  0.3717296 ,  0.59271441, ...,  0.        ,
         -0.01038574, -0.09471919],
        [ 0.24023103,  0.38135106,  0.60104725, ...,  0.01038574,
          0.        , -0.08437504],
        [ 0.32127856,  0.45799003,  0.66633763, ...,  0.09471919,
          0.08437504,  0.        ]],

       ...,

       [[ 0.        ,  0.04312852,  0.25069069, ..., -0.6676435 ,
         -0.82037891, -0.78951697],
        [-0.04312852,  0.        ,  0.20870613, ..., -0.69913065,
         -0.84427734, -0.81525156],
        [-0.25069069, -0.20870613,  0.        , ..., -0.83295829,
         -0.93753197, -0.91816159],
        ...,
        [ 0.6676435 ,  0.69913065,  0.83295829, ...,  0.        ,
         -0.22898452, -0.17802848],
        [ 0.82037891,  0.84427734,  0.93753197, ...,  0.22898452,
          0.        ,  0.05202829],
        [ 0.78951697,  0.81525156,  0.91816159, ...,  0.17802848,
         -0.05202829,  0.        ]],

       [[ 0.        ,  0.12555207,  0.31825306, ..., -0.72578222,
         -0.86775165, -0.81756459],
        [-0.12555207,  0.        ,  0.19671064, ..., -0.80640948,
         -0.9232843 , -0.88339274],
        [-0.31825306, -0.19671064,  0.        , ..., -0.90697984,
         -0.98080475, -0.95831782],
        ...,
        [ 0.72578222,  0.80640948,  0.90697984, ...,  0.        ,
         -0.23623531, -0.14449056],
        [ 0.86775165,  0.9232843 ,  0.98080475, ...,  0.23623531,
          0.        ,  0.09335542],
        [ 0.81756459,  0.88339274,  0.95831782, ...,  0.14449056,
         -0.09335542,  0.        ]],

       [[ 0.        , -0.08015954, -0.22554657, ...,  0.98382246,
          0.85586244,  0.99344783],
        [ 0.08015954,  0.        , -0.14672676, ...,  0.96629628,
          0.81164952,  0.98108981],
        [ 0.22554657,  0.14672676,  0.        , ...,  0.91806588,
          0.71715543,  0.94207212],
        ...,
        [-0.98382246, -0.96629628, -0.91806588, ...,  0.        ,
          0.3555119 , -0.06553481],
        [-0.85586244, -0.81164952, -0.71715543, ..., -0.3555119 ,
          0.        , -0.41600119],
        [-0.99344783, -0.98108981, -0.94207212, ...,  0.06553481,
          0.41600119,  0.        ]]]), 'num': array([ 7.94984818e-01,  6.06575913e-01,  1.22741957e-05,  1.48587464e-04,
        1.51007455e-04,  1.48587464e-04,  8.03856244e-03, -4.83998254e-07,
        1.51007455e-04,  1.52217451e-04,  1.53387113e-04,  4.05934019e-07,
        1.55922488e-04,  1.48512413e-04])}
{'img': array([[[ 0.        ,  0.19703857,  0.97822501, ..., -0.64443371,
         -0.77149066, -0.80185186],
        [-0.19703857,  0.        ,  0.91815283, ..., -0.78246761,
         -0.8817301 , -0.9038672 ],
        [-0.97822501, -0.91815283,  0.        , ..., -0.88176011,
         -0.78250722, -0.75093391],
        ...,
        [ 0.64443371,  0.78246761,  0.88176011, ...,  0.        ,
         -0.17991327, -0.2280803 ],
        [ 0.77149066,  0.8817301 ,  0.78250722, ...,  0.17991327,
          0.        , -0.04918743],
        [ 0.80185186,  0.9038672 ,  0.75093391, ...,  0.2280803 ,
          0.04918743,  0.        ]],

       [[ 0.        ,  0.85379953,  0.98403235, ..., -0.39648032,
         -0.6563103 , -0.7678955 ],
        [-0.85379953,  0.        ,  0.66425664, ..., -0.99023329,
         -0.98586053, -0.94669062],
        [-0.98403235, -0.66425664,  0.        , ..., -0.83281482,
         -0.62562717, -0.49366917],
        ...,
        [ 0.39648032,  0.99023329,  0.83281482, ...,  0.        ,
         -0.30338036, -0.45098582],
        [ 0.6563103 ,  0.98586053,  0.62562717, ...,  0.30338036,
          0.        , -0.15895425],
        [ 0.7678955 ,  0.94669062,  0.49366917, ...,  0.45098582,
          0.15895425,  0.        ]],

       [[ 0.        ,  0.25084538,  0.51803477, ..., -0.38135106,
         -0.45799003, -0.57173218],
        [-0.25084538,  0.        ,  0.28690873, ..., -0.60104725,
         -0.66633763, -0.75925595],
        [-0.51803477, -0.28690873,  0.        , ..., -0.80507931,
         -0.85225695, -0.9140532 ],
        ...,
        [ 0.38135106,  0.60104725,  0.80507931, ...,  0.        ,
         -0.08437504, -0.21565077],
        [ 0.45799003,  0.66633763,  0.85225695, ...,  0.08437504,
          0.        , -0.13249203],
        [ 0.57173218,  0.75925595,  0.9140532 , ...,  0.21565077,
          0.13249203,  0.        ]],

       ...,

       [[ 0.        ,  0.20870613,  0.41908909, ..., -0.84427734,
         -0.81525156, -0.84427734],
        [-0.20870613,  0.        ,  0.22036637, ..., -0.93753197,
         -0.91816159, -0.93753197],
        [-0.41908909, -0.22036637,  0.        , ..., -0.99115005,
         -0.98290109, -0.99115005],
        ...,
        [ 0.84427734,  0.93753197,  0.99115005, ...,  0.        ,
          0.05202829,  0.        ],
        [ 0.81525156,  0.91816159,  0.98290109, ..., -0.05202829,
          0.        , -0.05202829],
        [ 0.84427734,  0.93753197,  0.99115005, ...,  0.        ,
          0.05202829,  0.        ]],

       [[ 0.        ,  0.19399808,  0.58418278, ..., -0.83683204,
         -0.82531539, -0.92890142],
        [-0.19399808,  0.        ,  0.41563129, ..., -0.92713996,
         -0.91918126, -0.98309681],
        [-0.58418278, -0.41563129,  0.        , ..., -0.99900794,
         -0.99971591, -0.97025566],
        ...,
        [ 0.83683204,  0.92713996,  0.99900794, ...,  0.        ,
          0.02070872, -0.19863453],
        [ 0.82531539,  0.91918126,  0.99971591, ..., -0.02070872,
          0.        , -0.218888  ],
        [ 0.92890142,  0.98309681,  0.97025566, ...,  0.19863453,
          0.218888  ,  0.        ]],

       [[ 0.        , -0.14672676, -0.81164952, ...,  0.81164952,
          0.98108981,  0.99945908],
        [ 0.14672676,  0.        , -0.71715543, ...,  0.71715543,
          0.94207212,  0.98381662],
        [ 0.81164952,  0.71715543,  0.        , ...,  0.        ,
          0.41600119,  0.55713616],
        ...,
        [-0.81164952, -0.71715543, -0.        , ...,  0.        ,
         -0.41600119, -0.55713616],
        [-0.98108981, -0.94207212, -0.41600119, ...,  0.41600119,
          0.        , -0.16118342],
        [-0.99945908, -0.98381662, -0.55713616, ...,  0.55713616,
          0.16118342,  0.        ]]]), 'num': array([8.61031699e-01, 5.08442180e-01, 2.26018923e-05, 1.62483649e-04,
       1.63004430e-04, 1.59879745e-04, 1.05238160e-02, 2.60390464e-06,
       1.61858712e-04, 1.63551250e-04, 1.64887921e-04, 5.35660383e-07,
       1.67255390e-04, 1.59847110e-04])}
{'img': array([[[ 0.        ,  0.91815283,  0.40731892, ..., -0.8817301 ,
         -0.9038672 , -0.78246761],
        [-0.91815283,  0.        , -0.6771456 , ..., -0.78250722,
         -0.75093391, -0.88176011],
        [-0.40731892,  0.6771456 ,  0.        , ..., -0.99742616,
         -0.99974564, -0.96825065],
        ...,
        [ 0.8817301 ,  0.78250722,  0.99742616, ...,  0.        ,
         -0.04918743,  0.17991327],
        [ 0.9038672 ,  0.75093391,  0.99974564, ...,  0.04918743,
          0.        ,  0.2280803 ],
        [ 0.78246761,  0.88176011,  0.96825065, ..., -0.17991327,
         -0.2280803 ,  0.        ]],

       [[ 0.        ,  0.66425664, -0.83792148, ..., -0.98586053,
         -0.94669062, -0.98533631],
        [-0.66425664,  0.        , -0.98889532, ..., -0.62562717,
         -0.49366917, -0.62320568],
        [ 0.83792148,  0.98889532,  0.        , ..., -0.67848237,
         -0.78662655, -0.68075652],
        ...,
        [ 0.98586053,  0.62562717,  0.67848237, ...,  0.        ,
         -0.15895425, -0.00310013],
        [ 0.94669062,  0.49366917,  0.78662655, ...,  0.15895425,
          0.        ,  0.15589277],
        [ 0.98533631,  0.62320568,  0.68075652, ...,  0.00310013,
         -0.15589277,  0.        ]],

       [[ 0.        ,  0.28690873,  0.48298571, ..., -0.66633763,
         -0.75925595, -0.80311077],
        [-0.28690873,  0.        ,  0.21145459, ..., -0.85225695,
         -0.9140532 , -0.94029508],
        [-0.48298571, -0.21145459,  0.        , ..., -0.94360241,
         -0.97914925, -0.99100372],
        ...,
        [ 0.66633763,  0.85225695,  0.94360241, ...,  0.        ,
         -0.13249203, -0.2018159 ],
        [ 0.75925595,  0.9140532 ,  0.97914925, ...,  0.13249203,
          0.        , -0.0702709 ],
        [ 0.80311077,  0.94029508,  0.99100372, ...,  0.2018159 ,
          0.0702709 ,  0.        ]],

       ...,

       [[ 0.        ,  0.22036637,  0.03653905, ..., -0.91816159,
         -0.93753197, -0.76579732],
        [-0.22036637,  0.        , -0.1845784 , ..., -0.98290109,
         -0.99115005, -0.8886855 ],
        [-0.03653905,  0.1845784 ,  0.        , ..., -0.93202546,
         -0.94961781, -0.78878354],
        ...,
        [ 0.91816159,  0.98290109,  0.93202546, ...,  0.        ,
         -0.05202829,  0.28703961],
        [ 0.93753197,  0.99115005,  0.94961781, ...,  0.05202829,
          0.        ,  0.33648972],
        [ 0.76579732,  0.8886855 ,  0.78878354, ..., -0.28703961,
         -0.33648972,  0.        ]],

       [[ 0.        ,  0.40405739,  0.65392981, ..., -0.84640241,
         -0.87824635, -0.98913581],
        [-0.40405739,  0.        ,  0.29247986, ..., -0.98941104,
         -0.99658515, -0.96419408],
        [-0.65392981, -0.29247986,  0.        , ..., -0.98859647,
         -0.97715664, -0.84446654],
        ...,
        [ 0.84640241,  0.98941104,  0.98859647, ...,  0.        ,
         -0.06294789, -0.40233317],
        [ 0.87824635,  0.99658515,  0.97715664, ...,  0.06294789,
          0.        , -0.34390689],
        [ 0.98913581,  0.96419408,  0.84446654, ...,  0.40233317,
          0.34390689,  0.        ]],

       [[ 0.        , -0.71715543, -0.52250139, ...,  0.94207212,
          0.98381662,  0.98140548],
        [ 0.71715543,  0.        ,  0.24733614, ...,  0.41600119,
          0.55713616,  0.54629933],
        [ 0.52250139, -0.24733614,  0.        , ...,  0.62799452,
          0.74521896,  0.73649195],
        ...,
        [-0.94207212, -0.41600119, -0.62799452, ...,  0.        ,
         -0.16118342, -0.14834654],
        [-0.98381662, -0.55713616, -0.74521896, ...,  0.16118342,
          0.        ,  0.01299317],
        [-0.98140548, -0.54629933, -0.73649195, ...,  0.14834654,
         -0.01299317,  0.        ]]]), 'num': array([8.13805915e-01, 5.78584912e-01, 1.44307363e-05, 1.58504719e-04,
       1.61421983e-04, 1.50239135e-04, 5.43989070e-02, 6.80695111e-06,
       1.52183978e-04, 1.52791742e-04, 1.53869509e-04, 6.20694630e-07,
       1.56752197e-04, 1.48831287e-04])}
{'img': array([[[ 0.        , -0.6771456 , -0.75093391, ..., -0.75093391,
         -0.88176011, -0.99839672],
        [ 0.6771456 ,  0.        , -0.10540239, ..., -0.99974564,
         -0.96825065, -0.69634029],
        [ 0.75093391,  0.10540239,  0.        , ..., -0.99179951,
         -0.93650852, -0.6168129 ],
        ...,
        [ 0.75093391,  0.99974564,  0.99179951, ...,  0.        ,
          0.2280803 ,  0.70182428],
        [ 0.88176011,  0.96825065,  0.93650852, ..., -0.2280803 ,
          0.        ,  0.5208528 ],
        [ 0.99839672,  0.69634029,  0.6168129 , ..., -0.70182428,
         -0.5208528 ,  0.        ]],

       [[ 0.        , -0.83899293, -0.68660573, ..., -0.97585886,
         -0.99680706,  0.77392549],
        [ 0.83899293,  0.        ,  0.23636176, ..., -0.71424395,
         -0.60939671,  0.95244026],
        [ 0.68660573, -0.23636176,  0.        , ..., -0.85943479,
         -0.77953261,  0.99747841],
        ...,
        [ 0.97585886,  0.71424395,  0.85943479, ...,  0.        ,
          0.13978453,  0.44896167],
        [ 0.99680706,  0.60939671,  0.77953261, ..., -0.13978453,
          0.        ,  0.56945835],
        [-0.77392549, -0.95244026, -0.99747841, ..., -0.44896167,
         -0.56945835,  0.        ]],

       [[ 0.        ,  0.21145459,  0.47784822, ..., -0.9140532 ,
         -0.94029508, -0.88971267],
        [-0.21145459,  0.        ,  0.28129235, ..., -0.97914925,
         -0.99100372, -0.96612778],
        [-0.47784822, -0.28129235,  0.        , ..., -0.99675562,
         -0.98863566, -0.99970906],
        ...,
        [ 0.9140532 ,  0.97914925,  0.99675562, ...,  0.        ,
         -0.0702709 ,  0.05642202],
        [ 0.94029508,  0.99100372,  0.98863566, ...,  0.0702709 ,
          0.        ,  0.1264415 ],
        [ 0.88971267,  0.96612778,  0.99970906, ..., -0.05642202,
         -0.1264415 ,  0.        ]],

       ...,

       [[ 0.        , -0.1845784 ,  0.44712034, ..., -0.99115005,
         -0.8886855 , -0.59462517],
        [ 0.1845784 ,  0.        ,  0.60453837, ..., -0.94961781,
         -0.78878354, -0.4360066 ],
        [-0.44712034, -0.60453837,  0.        , ..., -0.94591132,
         -0.9999183 , -0.89136276],
        ...,
        [ 0.99115005,  0.94961781,  0.94591132, ...,  0.        ,
          0.33648972,  0.7179534 ],
        [ 0.8886855 ,  0.78878354,  0.9999183 , ..., -0.33648972,
          0.        ,  0.44185995],
        [ 0.59462517,  0.4360066 ,  0.89136276, ..., -0.7179534 ,
         -0.44185995,  0.        ]],

       [[ 0.        ,  0.29247986,  0.52819146, ..., -0.99658515,
         -0.96419408, -0.99239676],
        [-0.29247986,  0.        ,  0.25674249, ..., -0.97715664,
         -0.84446654, -0.98499932],
        [-0.52819146, -0.25674249,  0.        , ..., -0.8898392 ,
         -0.67864648, -0.90767897],
        ...,
        [ 0.99658515,  0.97715664,  0.8898392 , ...,  0.        ,
         -0.34390689,  0.040716  ],
        [ 0.96419408,  0.84446654,  0.67864648, ...,  0.34390689,
          0.        ,  0.38185419],
        [ 0.99239676,  0.98499932,  0.90767897, ..., -0.040716  ,
         -0.38185419,  0.        ]],

       [[ 0.        ,  0.24733614,  0.49161631, ...,  0.55713616,
          0.54629933,  0.63444292],
        [-0.24733614,  0.        ,  0.2609584 , ...,  0.74521896,
          0.73649195,  0.80591396],
        [-0.49161631, -0.2609584 ,  0.        , ...,  0.89340939,
          0.88749688,  0.93248498],
        ...,
        [-0.55713616, -0.74521896, -0.89340939, ...,  0.        ,
          0.01299317, -0.09620545],
        [-0.54629933, -0.73649195, -0.88749688, ..., -0.01299317,
          0.        , -0.10913022],
        [-0.63444292, -0.80591396, -0.93248498, ...,  0.09620545,
          0.10913022,  0.        ]]]), 'num': array([9.15511918e-01, 4.01234534e-01, 3.15507597e-05, 1.78320868e-04,
       1.83243837e-04, 1.76132882e-04, 2.91295343e-02, 0.00000000e+00,
       1.72741504e-04, 1.72167157e-04, 1.72878253e-04, 6.89691275e-07,
       1.77423734e-04, 1.66910580e-04])}
{'img': array([[[ 0.        , -0.40786224, -0.79340381, ..., -0.92026133,
         -0.97608454, -0.97608454],
        [ 0.40786224,  0.        , -0.4761482 , ..., -0.99983687,
         -0.80254192, -0.80254192],
        [ 0.79340381,  0.4761482 ,  0.        , ..., -0.87062143,
         -0.42165932, -0.42165932],
        ...,
        [ 0.92026133,  0.99983687,  0.87062143, ...,  0.        ,
          0.58200293,  0.58200293],
        [ 0.97608454,  0.80254192,  0.42165932, ..., -0.58200293,
          0.        ,  0.        ],
        [ 0.97608454,  0.80254192,  0.42165932, ..., -0.58200293,
          0.        ,  0.        ]],

       [[ 0.        ,  0.23636176, -0.16818316, ..., -0.60939671,
          0.95244026,  0.14314926],
        [-0.23636176,  0.        , -0.39641268, ..., -0.77953261,
          0.99747841, -0.09483436],
        [ 0.16818316,  0.39641268,  0.        , ..., -0.4673697 ,
          0.8876238 ,  0.30756126],
        ...,
        [ 0.60939671,  0.77953261,  0.4673697 , ...,  0.        ,
          0.56945835,  0.71661871],
        [-0.95244026, -0.99747841, -0.8876238 , ..., -0.56945835,
          0.        , -0.98625239],
        [-0.14314926,  0.09483436, -0.30756126, ..., -0.71661871,
          0.98625239,  0.        ]],

       [[ 0.        ,  0.28129235,  0.40585982, ..., -0.99100372,
         -0.96612778, -0.91652053],
        [-0.28129235,  0.        ,  0.13238905, ..., -0.98863566,
         -0.99970906, -0.99202684],
        [-0.40585982, -0.13238905,  0.        , ..., -0.9600313 ,
         -0.9877162 , -0.99997942],
        ...,
        [ 0.99100372,  0.98863566,  0.9600313 , ...,  0.        ,
          0.1264415 ,  0.27372735],
        [ 0.96612778,  0.99970906,  0.9877162 , ..., -0.1264415 ,
          0.        ,  0.14991807],
        [ 0.91652053,  0.99202684,  0.99997942, ..., -0.27372735,
         -0.14991807,  0.        ]],

       ...,

       [[ 0.        ,  0.60453837, -0.12200727, ..., -0.78878354,
         -0.4360066 , -0.46377428],
        [-0.60453837,  0.        , -0.69721005, ..., -0.9999183 ,
         -0.89136276, -0.90502429],
        [ 0.12200727,  0.69721005,  0.        , ..., -0.70789637,
         -0.32294964, -0.35221677],
        ...,
        [ 0.78878354,  0.9999183 ,  0.70789637, ...,  0.        ,
          0.44185995,  0.41375682],
        [ 0.4360066 ,  0.89136276,  0.32294964, ..., -0.44185995,
          0.        , -0.0310891 ],
        [ 0.46377428,  0.90502429,  0.35221677, ..., -0.41375682,
          0.0310891 ,  0.        ]],

       [[ 0.        ,  0.25674249,  0.42812981, ..., -0.84446654,
         -0.98499932, -0.99737752],
        [-0.25674249,  0.        ,  0.18175621, ..., -0.67864648,
         -0.90767897, -0.98252691],
        [-0.42812981, -0.18175621,  0.        , ..., -0.5338491 ,
         -0.81628357, -0.93233299],
        ...,
        [ 0.84446654,  0.67864648,  0.5338491 , ...,  0.        ,
          0.38185419,  0.59532161],
        [ 0.98499932,  0.90767897,  0.81628357, ..., -0.38185419,
          0.        ,  0.24339461],
        [ 0.99737752,  0.98252691,  0.93233299, ..., -0.59532161,
         -0.24339461,  0.        ]],

       [[ 0.        ,  0.43519989,  0.61231292, ...,  0.55020875,
          0.6387828 ,  0.72056521],
        [-0.43519989,  0.        ,  0.20721027, ...,  0.85877528,
          0.90995497,  0.95051128],
        [-0.61231292, -0.20721027,  0.        , ...,  0.94630148,
          0.97613726,  0.99425996],
        ...,
        [-0.55020875, -0.85877528, -0.94630148, ...,  0.        ,
         -0.11007746, -0.22018382],
        [-0.6387828 , -0.90995497, -0.97613726, ...,  0.11007746,
          0.        , -0.11146978],
        [-0.72056521, -0.95051128, -0.99425996, ...,  0.22018382,
          0.11146978,  0.        ]]]), 'num': array([ 9.36757167e-01,  3.48993955e-01,  3.61700452e-05,  1.82252166e-04,
        1.86738373e-04,  1.81130614e-04,  2.62482485e-02, -5.60775895e-07,
        1.78999666e-04,  1.76728523e-04,  1.77055643e-04,  6.52064994e-07,
        1.82655529e-04,  1.70801517e-04])}
{'img': array([[[ 0.        , -0.73152168, -0.41659779, ..., -0.96209139,
         -0.96209139, -0.97383115],
        [ 0.73152168,  0.        ,  0.38097576, ..., -0.45646549,
         -0.45646549, -0.49772086],
        [ 0.41659779, -0.38097576,  0.        , ..., -0.76101095,
         -0.76101095, -0.79061973],
        ...,
        [ 0.96209139,  0.45646549,  0.76101095, ...,  0.        ,
          0.        , -0.04693318],
        [ 0.96209139,  0.45646549,  0.76101095, ...,  0.        ,
          0.        , -0.04693318],
        [ 0.97383115,  0.49772086,  0.79061973, ...,  0.04693318,
          0.04693318,  0.        ]],

       [[ 0.        , -0.39641268, -0.51857892, ...,  0.99747841,
         -0.09483436, -0.22478185],
        [ 0.39641268,  0.        , -0.13714837, ...,  0.8876238 ,
          0.30756126,  0.17990211],
        [ 0.51857892,  0.13714837,  0.        , ...,  0.8160699 ,
          0.43515552,  0.31311285],
        ...,
        [-0.99747841, -0.8876238 , -0.8160699 , ...,  0.        ,
         -0.98625239, -0.95599916],
        [ 0.09483436, -0.30756126, -0.43515552, ...,  0.98625239,
          0.        , -0.13136131],
        [ 0.22478185, -0.17990211, -0.31311285, ...,  0.95599916,
          0.13136131,  0.        ]],

       [[ 0.        ,  0.13238905,  0.43383965, ..., -0.99970906,
         -0.99202684, -0.95542991],
        [-0.13238905,  0.        ,  0.3107397 , ..., -0.9877162 ,
         -0.99997942, -0.98610369],
        [-0.43383965, -0.3107397 ,  0.        , ..., -0.89026364,
         -0.94848178, -0.98891018],
        ...,
        [ 0.99970906,  0.9877162 ,  0.89026364, ...,  0.        ,
          0.14991807,  0.31817736],
        [ 0.99202684,  0.99997942,  0.94848178, ..., -0.14991807,
          0.        ,  0.17245445],
        [ 0.95542991,  0.98610369,  0.98891018, ..., -0.31817736,
         -0.17245445,  0.        ]],

       ...,

       [[ 0.        , -0.69721005, -0.65712781, ..., -0.89136276,
         -0.90502429, -0.96794428],
        [ 0.69721005,  0.        ,  0.05446925, ..., -0.32294964,
         -0.35221677, -0.51877243],
        [ 0.65712781, -0.05446925,  0.        , ..., -0.37402078,
         -0.40267266, -0.56456872],
        ...,
        [ 0.89136276,  0.32294964,  0.37402078, ...,  0.        ,
         -0.0310891 , -0.21488095],
        [ 0.90502429,  0.35221677,  0.40267266, ...,  0.0310891 ,
          0.        , -0.18441421],
        [ 0.96794428,  0.51877243,  0.56456872, ...,  0.21488095,
          0.18441421,  0.        ]],

       [[ 0.        ,  0.18175621,  0.57369388, ..., -0.90767897,
         -0.98252691, -0.99833069],
        [-0.18175621,  0.        ,  0.4152672 , ..., -0.81628357,
         -0.93233299, -0.97120449],
        [-0.57369388, -0.4152672 ,  0.        , ..., -0.50269307,
         -0.69798186, -0.78456789],
        ...,
        [ 0.90767897,  0.81628357,  0.50269307, ...,  0.        ,
          0.24339461,  0.36654018],
        [ 0.98252691,  0.93233299,  0.69798186, ..., -0.24339461,
          0.        ,  0.12906246],
        [ 0.99833069,  0.97120449,  0.78456789, ..., -0.36654018,
         -0.12906246,  0.        ]],

       [[ 0.        ,  0.46648844,  0.61265636, ...,  0.65307615,
          0.73570109,  0.77585821],
        [-0.46648844,  0.        ,  0.17322242, ...,  0.93093176,
          0.96670328,  0.98057873],
        [-0.61265636, -0.17322242,  0.        , ...,  0.98011826,
          0.99641697,  0.99972845],
        ...,
        [-0.65307615, -0.93093176, -0.98011826, ...,  0.        ,
         -0.11480809, -0.17552088],
        [-0.73570109, -0.96670328, -0.99641697, ...,  0.11480809,
          0.        , -0.06133451],
        [-0.77585821, -0.98057873, -0.99972845, ...,  0.17552088,
          0.06133451,  0.        ]]]), 'num': array([9.75771650e-01, 2.06552471e-01, 4.51154970e-05, 1.91825243e-04,
       1.92950318e-04, 1.82824645e-04, 7.21491078e-02, 9.00059790e-06,
       1.83387182e-04, 1.78099331e-04, 1.77602423e-04, 8.54223412e-07,
       1.86722132e-04, 1.69476530e-04])}
{'img': array([[[ 0.        ,  0.44346488, -0.519661  , ..., -0.47768016,
         -0.519661  ,  0.69300765],
        [-0.44346488,  0.        , -0.84465208, ..., -0.81773968,
         -0.84465208,  0.3014298 ],
        [ 0.519661  ,  0.84465208,  0.        , ...,  0.04842294,
          0.        ,  0.96672603],
        ...,
        [ 0.47768016,  0.81773968, -0.04842294, ...,  0.        ,
         -0.04842294,  0.95320472],
        [ 0.519661  ,  0.84465208,  0.        , ...,  0.04842294,
          0.        ,  0.96672603],
        [-0.69300765, -0.3014298 , -0.96672603, ..., -0.95320472,
         -0.96672603,  0.        ]],

       [[ 0.        , -0.12453555,  0.15658268, ...,  0.27618086,
          0.16196125,  0.84418271],
        [ 0.12453555,  0.        ,  0.27836309, ...,  0.39372265,
          0.28359172,  0.7708529 ],
        [-0.15658268, -0.27836309,  0.        , ...,  0.12228162,
          0.00544809,  0.91770661],
        ...,
        [-0.27618086, -0.39372265, -0.12228162, ...,  0.        ,
         -0.1168726 ,  0.95939708],
        [-0.16196125, -0.28359172, -0.00544809, ...,  0.1168726 ,
          0.        ,  0.91985729],
        [-0.84418271, -0.7708529 , -0.91770661, ..., -0.95939708,
         -0.91985729,  0.        ]],

       [[ 0.        ,  0.3107397 , -0.40585982, ..., -0.99997942,
         -0.98610369, -0.87506919],
        [-0.3107397 ,  0.        , -0.66976374, ..., -0.94848178,
         -0.98891018, -0.98214628],
        [ 0.40585982,  0.66976374,  0.        , ..., -0.91652053,
         -0.8338091 , -0.60332138],
        ...,
        [ 0.99997942,  0.94848178,  0.91652053, ...,  0.        ,
          0.17245445,  0.48960232],
        [ 0.98610369,  0.98891018,  0.8338091 , ..., -0.17245445,
          0.        ,  0.33189592],
        [ 0.87506919,  0.98214628,  0.60332138, ..., -0.48960232,
         -0.33189592,  0.        ]],

       ...,

       [[ 0.        ,  0.07299693, -0.4848201 , ..., -0.41496716,
         -0.59118102,  0.56719899],
        [-0.07299693,  0.        , -0.54737081, ..., -0.48027536,
         -0.64847871,  0.50556692],
        [ 0.4848201 ,  0.54737081,  0.        , ...,  0.07817092,
         -0.12602886,  0.89536864],
        ...,
        [ 0.41496716,  0.48027536, -0.07817092, ...,  0.        ,
         -0.20319084,  0.85781726],
        [ 0.59118102,  0.64847871,  0.12602886, ...,  0.20319084,
          0.        ,  0.94435338],
        [-0.56719899, -0.50556692, -0.89536864, ..., -0.85781726,
         -0.94435338,  0.        ]],

       [[ 0.        ,  0.4152672 ,  0.5338491 , ..., -0.93233299,
         -0.97120449, -0.97632425],
        [-0.4152672 ,  0.        ,  0.13450071, ..., -0.69798186,
         -0.78456789, -0.97798902],
        [-0.5338491 , -0.13450071,  0.        , ..., -0.59532161,
         -0.69404269, -0.94103809],
        ...,
        [ 0.93233299,  0.69798186,  0.59532161, ...,  0.        ,
          0.12906246,  0.55471468],
        [ 0.97120449,  0.78456789,  0.69404269, ..., -0.12906246,
          0.        ,  0.44269009],
        [ 0.97632425,  0.97798902,  0.94103809, ..., -0.55471468,
         -0.44269009,  0.        ]],

       [[ 0.        ,  0.43578366,  0.69458803, ...,  0.75342522,
          0.79371371,  0.94842423],
        [-0.43578366,  0.        ,  0.31165882, ...,  0.96466386,
          0.97946667,  0.99177572],
        [-0.69458803, -0.31165882,  0.        , ...,  0.99873489,
          0.99351576,  0.90249084],
        ...,
        [-0.75342522, -0.96466386, -0.99873489, ...,  0.        ,
         -0.06359129, -0.38478206],
        [-0.79371371, -0.97946667, -0.99351576, ...,  0.06359129,
          0.        , -0.32530804],
        [-0.94842423, -0.99177572, -0.90249084, ...,  0.38478206,
          0.32530804,  0.        ]]]), 'num': array([ 9.78091548e-01,  2.07039815e-01,  4.57597468e-05,  1.91803914e-04,
        1.95787971e-04,  1.91234763e-04,  2.17061814e-02, -2.27660432e-06,
        1.88389007e-04,  1.80904671e-04,  1.79709453e-04,  8.04661871e-07,
        1.90888528e-04,  1.70920813e-04])}
{'img': array([[[ 0.        , -0.84465208, -0.9949786 , ..., -0.84465208,
          0.3014298 , -0.30856021],
        [ 0.84465208,  0.        , -0.61716707, ...,  0.        ,
          0.96672603,  0.63826001],
        [ 0.9949786 ,  0.61716707,  0.        , ...,  0.61716707,
          0.91853105,  0.97731157],
        ...,
        [ 0.84465208,  0.        , -0.61716707, ...,  0.        ,
          0.96672603,  0.63826001],
        [-0.3014298 , -0.96672603, -0.91853105, ..., -0.96672603,
          0.        , -0.58093005],
        [ 0.30856021, -0.63826001, -0.97731157, ..., -0.63826001,
          0.58093005,  0.        ]],

       [[ 0.        ,  0.27836309,  0.22373071, ...,  0.28359172,
          0.7708529 ,  0.11937243],
