state_0,state_1,state_2,state_3,state_4,state_5,state_6,state_7,state_8,state_9,state_10,state_11,state_12,state_13,state_14,state_15,state_16,state_17,state_18,state_19,state_20,state_21,state_22,state_23,state_24,state_25,state_26,state_27,state_28,state_29,state_30,state_31,state_32,state_33,state_34,state_35,state_36,state_37,state_38,state_39,state_40,state_41,state_42,state_43,state_44,state_45,state_46,state_47,state_48,state_49,state_50,state_51,state_52,state_53,state_54,state_55,state_56,state_57,state_58,state_59,state_60,state_61,state_62,state_63,state_64,state_65,state_66,state_67,state_68,state_69,state_70,state_71,state_72,state_73,state_74,state_75,state_76,state_77,state_78,state_79,state_80,state_81,state_82,state_83,state_84,state_85,state_86,state_87,state_88,state_89,state_90,state_91,state_92,state_93,state_94,state_95,state_96,state_97,state_98,state_99,state_100,state_101,state_102,state_103,state_104,state_105,state_106,state_107,state_108,state_109,state_110,state_111,state_112,state_113,state_114,state_115,state_116,state_117,state_118,state_119,state_120,state_121,state_122,state_123,state_124,state_125,state_126,state_127,state_128,state_129,state_130,state_131,state_132,state_133,state_134,state_135,state_136,state_137,state_138,state_139,state_140,state_141,state_142,state_143,state_144,state_145,state_146,state_147,state_148,state_149,state_150,state_151,state_152,state_153,state_154,state_155,state_156,state_157,state_158,state_159,state_160,state_161,state_162,state_163,state_164,state_165,state_166,state_167,state_168,state_169,state_170,state_171,state_172,state_173,state_174,state_175,state_176,state_177,state_178,state_179,state_180,state_181,state_182,state_183,state_184,state_185,state_186,state_187,state_188,state_189,state_190,state_191,state_192,state_193,state_194,state_195,state_196,state_197,state_198,state_199,state_200,state_201,state_202,state_203,state_204,state_205,state_206,state_207,state_208,state_209,state_210,state_211,state_212,state_213,state_214,state_215,state_216,state_217,state_218,state_219,state_220,state_221,state_222,state_223,state_224,state_225,state_226,state_227,state_228,state_229,state_230,state_231,state_232,state_233,state_234,state_235,state_236,state_237,state_238,state_239,state_240,state_241,state_242,state_243,state_244,state_245,state_246,state_247,state_248,state_249,state_250,state_251,state_252,state_253,state_254,state_255,state_256,state_257,state_258,state_259,state_260,state_261,state_262,state_263,state_264,state_265,state_266,state_267,state_268,state_269,state_270,state_271,state_272,state_273,state_274,state_275,state_276,state_277,state_278,state_279,state_280,state_281,state_282,state_283,state_284,state_285,state_286,state_287
{'img': array([[[ 0.        ,  0.36585366,  0.2195122 , ..., -0.31707317,
         -0.58536585, -0.53658537],
        [-0.36585366,  0.        , -0.15263646, ..., -0.64206725,
         -0.84140674, -0.80810935],
        [-0.2195122 ,  0.15263646,  0.        , ..., -0.51752528,
         -0.74906238, -0.70873242],
        ...,
        [ 0.31707317,  0.64206725,  0.51752528, ...,  0.        ,
         -0.29808842, -0.2413372 ],
        [ 0.58536585,  0.84140674,  0.74906238, ...,  0.29808842,
          0.        ,  0.05891173],
        [ 0.53658537,  0.80810935,  0.70873242, ...,  0.2413372 ,
         -0.05891173,  0.        ]],

       [[ 0.        ,  0.53673626,  0.02569562, ..., -0.24714651,
         -0.04654688, -0.20309928],
        [-0.53673626,  0.        , -0.51487835, ..., -0.72861558,
         -0.57542843, -0.69691472],
        [-0.02569562,  0.51487835,  0.        , ..., -0.27196341,
         -0.07219928, -0.2281923 ],
        ...,
        [ 0.24714651,  0.72861558,  0.27196341, ...,  0.        ,
          0.20177573,  0.04519676],
        [ 0.04654688,  0.57542843,  0.07219928, ..., -0.20177573,
          0.        , -0.15730239],
        [ 0.20309928,  0.69691472,  0.2281923 , ..., -0.04519676,
          0.15730239,  0.        ]],

       [[ 0.        ,  0.13119166,  0.25266267, ...,  0.03972316,
         -0.18289399, -0.41733085],
        [-0.13119166,  0.        ,  0.12354384, ..., -0.09170828,
         -0.31029205, -0.53294489],
        [-0.25266267, -0.12354384,  0.        , ..., -0.21402893,
         -0.42536081, -0.63339868],
        ...,
        [-0.03972316,  0.09170828,  0.21402893, ...,  0.        ,
         -0.22180278, -0.45310006],
        [ 0.18289399,  0.31029205,  0.42536081, ...,  0.22180278,
          0.        , -0.24408582],
        [ 0.41733085,  0.53294489,  0.63339868, ...,  0.45310006,
          0.24408582,  0.        ]],

       ...,

       [[ 0.        ,  0.26816685,  0.10692711, ..., -0.96207844,
         -0.99941858, -0.98001998],
        [-0.26816685,  0.        , -0.16361878, ..., -0.99998855,
         -0.97195563, -0.99746242],
        [-0.10692711,  0.16361878,  0.        , ..., -0.98572953,
         -0.99733451, -0.99566909],
        ...,
        [ 0.96207844,  0.99998855,  0.98572953, ...,  0.        ,
         -0.23981184, -0.07596644],
        [ 0.99941858,  0.97195563,  0.99733451, ...,  0.23981184,
          0.        ,  0.16536918],
        [ 0.98001998,  0.99746242,  0.99566909, ...,  0.07596644,
         -0.16536918,  0.        ]],

       [[ 0.        ,  0.13693776,  0.20832853, ...,  0.99578808,
          0.99519401,  0.91295159],
        [-0.13693776,  0.        ,  0.07243281, ...,  0.97385231,
          0.99922827,  0.96023117],
        [-0.20832853, -0.07243281,  0.        , ...,  0.95483885,
          0.99375849,  0.97793262],
        ...,
        [-0.99578808, -0.97385231, -0.95483885, ...,  0.        ,
          0.18875454,  0.49005288],
        [-0.99519401, -0.99922827, -0.99375849, ..., -0.18875454,
          0.        ,  0.31670788],
        [-0.91295159, -0.96023117, -0.97793262, ..., -0.49005288,
         -0.31670788,  0.        ]],

       [[ 0.        , -0.09374294, -0.08824896, ...,  0.44953596,
          0.06794937, -0.21846681],
        [ 0.09374294,  0.        ,  0.00551686, ...,  0.53129343,
          0.16117644, -0.12602625],
        [ 0.08824896, -0.00551686,  0.        , ...,  0.52661153,
          0.15572926, -0.1314972 ],
        ...,
        [-0.44953596, -0.53129343, -0.52661153, ...,  0.        ,
         -0.38780037, -0.63382529],
        [-0.06794937, -0.16117644, -0.15572926, ...,  0.38780037,
          0.        , -0.28426989],
        [ 0.21846681,  0.12602625,  0.1314972 , ...,  0.63382529,
          0.28426989,  0.        ]]]), 'num': array([9.99104525e-01, 4.22619080e-02, 3.51134899e-06, 5.70228009e-04,
       5.76505749e-04, 5.55579951e-04, 1.20589727e-03, 1.98795086e-05,
       5.58300304e-04, 5.83358948e-04, 5.68431878e-04, 8.33485195e-08,
       6.24876887e-04, 5.41841009e-04])}
{'img': array([[[ 0.        , -0.15263646, -0.71881106, ..., -0.84140674,
         -0.80810935, -0.43297094],
        [ 0.15263646,  0.        , -0.60427463, ..., -0.74906238,
         -0.70873242, -0.29030986],
        [ 0.71881106,  0.60427463,  0.        , ..., -0.19650339,
         -0.13839897,  0.34693819],
        ...,
        [ 0.84140674,  0.74906238,  0.19650339, ...,  0.        ,
          0.05891173,  0.52447216],
        [ 0.80810935,  0.70873242,  0.13839897, ..., -0.05891173,
          0.        ,  0.47340218],
        [ 0.43297094,  0.29030986, -0.34693819, ..., -0.52447216,
         -0.47340218,  0.        ]],

       [[ 0.        , -0.51487835,  0.19322522, ..., -0.57542843,
         -0.69691472, -0.48123335],
        [ 0.51487835,  0.        ,  0.67082006, ..., -0.07219928,
         -0.2281923 ,  0.03879485],
        [-0.19322522, -0.67082006,  0.        , ..., -0.72261381,
         -0.8223532 , -0.64154401],
        ...,
        [ 0.57542843,  0.07219928,  0.72261381, ...,  0.        ,
         -0.15730239,  0.11083854],
        [ 0.69691472,  0.2281923 ,  0.8223532 , ...,  0.15730239,
          0.        ,  0.26579181],
        [ 0.48123335, -0.03879485,  0.64154401, ..., -0.11083854,
         -0.26579181,  0.        ]],

       [[ 0.        ,  0.12354384,  0.06515385, ..., -0.31029205,
         -0.53294489, -0.5466054 ],
        [-0.12354384,  0.        , -0.05862663, ..., -0.42536081,
         -0.63339868, -0.64587234],
        [-0.06515385,  0.05862663,  0.        , ..., -0.37157069,
         -0.58694243, -0.60000319],
        ...,
        [ 0.31029205,  0.42536081,  0.37157069, ...,  0.        ,
         -0.24408582, -0.2597901 ],
        [ 0.53294489,  0.63339868,  0.58694243, ...,  0.24408582,
          0.        , -0.01622724],
        [ 0.5466054 ,  0.64587234,  0.60000319, ...,  0.2597901 ,
          0.01622724,  0.        ]],

       ...,

       [[ 0.        , -0.16361878, -0.51903988, ..., -0.97195563,
         -0.99746242, -0.89211984],
        [ 0.16361878,  0.        , -0.37219196, ..., -0.99733451,
         -0.99566909, -0.80617454],
        [ 0.51903988,  0.37219196,  0.        , ..., -0.95283875,
         -0.88953406, -0.52803784],
        ...,
        [ 0.97195563,  0.99733451,  0.95283875, ...,  0.        ,
          0.16536918,  0.64892316],
        [ 0.99746242,  0.99566909,  0.88953406, ..., -0.16536918,
          0.        ,  0.51416682],
        [ 0.89211984,  0.80617454,  0.52803784, ..., -0.64892316,
         -0.51416682,  0.        ]],

       [[ 0.        ,  0.07241211,  0.05918245, ...,  0.99915115,
          0.97001891,  0.96015649],
        [-0.07241211,  0.        , -0.0132581 , ...,  0.99354519,
          0.98507069,  0.97787238],
        [-0.05918245,  0.0132581 ,  0.        , ...,  0.99496183,
          0.98270173,  0.97501281],
        ...,
        [-0.99915115, -0.99354519, -0.99496183, ...,  0.        ,
          0.28278256,  0.31877884],
        [-0.97001891, -0.98507069, -0.98270173, ..., -0.28278256,
          0.        ,  0.03773803],
        [-0.96015649, -0.97787238, -0.97501281, ..., -0.31877884,
         -0.03773803,  0.        ]],

       [[ 0.        ,  0.00551686, -0.09740613, ...,  0.16117644,
         -0.12602625, -0.15220847],
        [-0.00551686,  0.        , -0.10289527, ...,  0.15572926,
         -0.1314972 , -0.15765873],
        [ 0.09740613,  0.10289527,  0.        , ...,  0.2565426 ,
         -0.02879745, -0.05521348],
        ...,
        [-0.16117644, -0.15572926, -0.2565426 , ...,  0.        ,
         -0.28426989, -0.30951691],
        [ 0.12602625,  0.1314972 ,  0.02879745, ...,  0.28426989,
          0.        , -0.02643705],
        [ 0.15220847,  0.15765873,  0.05521348, ...,  0.30951691,
          0.02643705,  0.        ]]]), 'num': array([ 7.07066647e-01,  7.07066647e-01,  0.00000000e+00,  3.34728360e-03,
        3.46011338e-03,  3.34101527e-03,  4.44060420e-03, -6.89515348e-05,
        3.33976161e-03,  3.49239524e-03,  3.40244482e-03,  3.10540690e-07,
        3.74597266e-03,  3.23881781e-03])}
{'img': array([[[ 0.        , -0.60427463, -0.58283316, ..., -0.70873242,
         -0.29030986, -0.53945347],
        [ 0.60427463,  0.        ,  0.02664109, ..., -0.13839897,
          0.34693819,  0.07898491],
        [ 0.58283316, -0.02664109,  0.        , ..., -0.16473455,
          0.32182869,  0.05239902],
        ...,
        [ 0.70873242,  0.13839897,  0.16473455, ...,  0.        ,
          0.47340218,  0.21619139],
        [ 0.29030986, -0.34693819, -0.32182869, ..., -0.47340218,
          0.        , -0.27177529],
        [ 0.53945347, -0.07898491, -0.05239902, ..., -0.21619139,
          0.27177529,  0.        ]],

       [[ 0.        ,  0.67082006, -0.05199108, ..., -0.2281923 ,
          0.03879485, -0.35504039],
        [-0.67082006,  0.        , -0.70847044, ..., -0.8223532 ,
         -0.64154401, -0.89042188],
        [ 0.05199108,  0.70847044,  0.        , ..., -0.17726433,
          0.09069433, -0.3059563 ],
        ...,
        [ 0.2281923 ,  0.8223532 ,  0.17726433, ...,  0.        ,
          0.26579181, -0.13234723],
        [-0.03879485,  0.64154401, -0.09069433, ..., -0.26579181,
          0.        , -0.39104052],
        [ 0.35504039,  0.89042188,  0.3059563 , ...,  0.13234723,
          0.39104052,  0.        ]],

       [[ 0.        , -0.05862663, -0.2462299 , ..., -0.63339868,
         -0.64587234, -0.67076343],
        [ 0.05862663,  0.        , -0.18898478, ..., -0.58694243,
         -0.60000319, -0.62612801],
        [ 0.2462299 ,  0.18898478,  0.        , ..., -0.42335824,
         -0.43800377, -0.46748993],
        ...,
        [ 0.63339868,  0.58694243,  0.42335824, ...,  0.        ,
         -0.01622724, -0.04928027],
        [ 0.64587234,  0.60000319,  0.43800377, ...,  0.01622724,
          0.        , -0.03306626],
        [ 0.67076343,  0.62612801,  0.46748993, ...,  0.04928027,
          0.03306626,  0.        ]],

       ...,

       [[ 0.        , -0.3505125 , -0.45520727, ..., -0.9639385 ,
         -0.76014551, -0.84839461],
        [ 0.3505125 ,  0.        , -0.11423678, ..., -0.80950418,
         -0.48417389, -0.98011961],
        [ 0.45520727,  0.11423678,  0.        , ..., -0.73713478,
         -0.38105031, -0.99636875],
        ...,
        [ 0.9639385 ,  0.80950418,  0.73713478, ...,  0.        ,
          0.42402801, -0.73605377],
        [ 0.76014551,  0.48417389,  0.38105031, ..., -0.42402801,
          0.        , -0.95364076],
        [ 0.84839461,  0.98011961,  0.99636875, ...,  0.73605377,
          0.95364076,  0.        ]],

       [[ 0.        , -0.01318084, -0.04069948, ...,  0.99904685,
          0.99885651,  0.97665504],
        [ 0.01318084,  0.        , -0.02752602, ...,  0.99838471,
          0.99813958,  0.97373877],
        [ 0.04069948,  0.02752602,  0.        , ...,  0.99644251,
          0.9960831 ,  0.967103  ],
        ...,
        [-0.99904685, -0.99838471, -0.99644251, ...,  0.        ,
          0.00416225,  0.17197721],
        [-0.99885651, -0.99813958, -0.9960831 , ..., -0.00416225,
          0.        ,  0.16787548],
        [-0.97665504, -0.97373877, -0.967103  , ..., -0.17197721,
         -0.16787548,  0.        ]],

       [[ 0.        , -0.10289527, -0.18487867, ..., -0.1314972 ,
         -0.15765873, -0.25446104],
        [ 0.10289527,  0.        , -0.08277587, ..., -0.02879745,
         -0.05521348, -0.15360214],
        [ 0.18487867,  0.08277587,  0.        , ...,  0.05404292,
          0.02762561, -0.07128145],
        ...,
        [ 0.1314972 ,  0.02879745, -0.05404292, ...,  0.        ,
         -0.02643705, -0.12508273],
        [ 0.15765873,  0.05521348, -0.02762561, ...,  0.02643705,
          0.        , -0.09880958],
        [ 0.25446104,  0.15360214,  0.07128145, ...,  0.12508273,
          0.09880958,  0.        ]]]), 'num': array([9.17334008e-01, 3.97780418e-01, 1.88585695e-06, 4.40299652e-03,
       4.41098744e-03, 4.31509641e-03, 1.07033409e-02, 1.35845628e-04,
       4.28313273e-03, 4.45973205e-03, 4.33667189e-03, 5.90925123e-07,
       4.77065583e-03, 4.14880827e-03])}
{'img': array([[[ 0.        ,  0.02664109, -0.02696854, ...,  0.34693819,
          0.07898491,  0.48010719],
        [-0.02664109,  0.        , -0.05359037, ...,  0.32182869,
          0.05239902,  0.45656696],
        [ 0.02696854,  0.05359037,  0.        , ...,  0.37210547,
          0.10584047,  0.50358964],
        ...,
        [-0.34693819, -0.32182869, -0.37210547, ...,  0.        ,
         -0.27177529,  0.14594918],
        [-0.07898491, -0.05239902, -0.10584047, ...,  0.27177529,
          0.        ,  0.40932091],
        [-0.48010719, -0.45656696, -0.50358964, ..., -0.14594918,
         -0.40932091,  0.        ]],

       [[ 0.        , -0.70847044, -0.90381941, ..., -0.64154401,
         -0.89042188, -0.53291331],
        [ 0.70847044,  0.        , -0.33469747, ...,  0.09069433,
         -0.3059563 ,  0.22338782],
        [ 0.90381941,  0.33469747,  0.        , ...,  0.41878169,
          0.03033677,  0.53674361],
        ...,
        [ 0.64154401, -0.09069433, -0.41878169, ...,  0.        ,
         -0.39104052,  0.13406474],
        [ 0.89042188,  0.3059563 , -0.03033677, ...,  0.39104052,
          0.        ,  0.51090006],
        [ 0.53291331, -0.22338782, -0.53674361, ..., -0.13406474,
         -0.51090006,  0.        ]],

       [[ 0.        , -0.18898478, -0.30634716, ..., -0.60000319,
         -0.62612801, -0.52165372],
        [ 0.18898478,  0.        , -0.12092843, ..., -0.43800377,
         -0.46748993, -0.35101978],
        [ 0.30634716,  0.12092843,  0.        , ..., -0.32607795,
         -0.35715859, -0.23521021],
        ...,
        [ 0.60000319,  0.43800377,  0.32607795, ...,  0.        ,
         -0.03306626,  0.09457538],
        [ 0.62612801,  0.46748993,  0.35715859, ...,  0.03306626,
          0.        ,  0.12744171],
        [ 0.52165372,  0.35101978,  0.23521021, ..., -0.09457538,
         -0.12744171,  0.        ]],

       ...,

       [[ 0.        , -0.11423678,  0.08410637, ..., -0.48417389,
         -0.98011961, -0.60368175],
        [ 0.11423678,  0.        ,  0.19738779, ..., -0.38105031,
         -0.99636875, -0.50865731],
        [-0.08410637, -0.19738779,  0.        , ..., -0.55604906,
         -0.9599595 , -0.66859451],
        ...,
        [ 0.48417389,  0.38105031,  0.55604906, ...,  0.        ,
         -0.95364076, -0.14220877],
        [ 0.98011961,  0.99636875,  0.9599595 , ...,  0.95364076,
          0.        ,  0.90115125],
        [ 0.60368175,  0.50865731,  0.66859451, ...,  0.14220877,
         -0.90115125,  0.        ]],

       [[ 0.        , -0.02752602, -0.04104357, ...,  0.99813958,
          0.97373877,  0.9998629 ],
        [ 0.02752602,  0.        , -0.01352519, ...,  0.9960831 ,
          0.967103  ,  0.99902824],
        [ 0.04104357,  0.01352519,  0.        , ...,  0.99479606,
          0.96357394,  0.99834075],
        ...,
        [-0.99813958, -0.9960831 , -0.99479606, ...,  0.        ,
          0.16787548, -0.04443419],
        [-0.97373877, -0.967103  , -0.96357394, ..., -0.16787548,
          0.        , -0.21151327],
        [-0.9998629 , -0.99902824, -0.99834075, ...,  0.04443419,
          0.21151327,  0.        ]],

       [[ 0.        , -0.08277587, -0.18036429, ..., -0.05521348,
         -0.15360214,  0.05353195],
        [ 0.08277587,  0.        , -0.09832697, ...,  0.02762561,
         -0.07128145,  0.13600542],
        [ 0.18036429,  0.09832697,  0.        , ...,  0.12578119,
          0.02714082,  0.23275969],
        ...,
        [ 0.05521348, -0.02762561, -0.12578119, ...,  0.        ,
         -0.09880958,  0.1085846 ],
        [ 0.15360214,  0.07128145, -0.02714082, ...,  0.09880958,
          0.        ,  0.20627857],
        [-0.05353195, -0.13600542, -0.23275969, ..., -0.1085846 ,
         -0.20627857,  0.        ]]]), 'num': array([9.59503415e-01, 2.80676629e-01, 2.38603440e-06, 4.64949853e-03,
       4.75572609e-03, 4.61681313e-03, 2.01520053e-02, 1.47084312e-04,
       4.45338612e-03, 4.56083938e-03, 4.43976720e-03, 7.12689232e-07,
       4.87921915e-03, 4.24245961e-03])}
{'img': array([[[ 0.00000000e+00, -5.35903656e-02,  1.28916402e-01, ...,
          5.23990204e-02,  4.56566961e-01,  8.06752383e-01],
        [ 5.35903656e-02,  0.00000000e+00,  1.81874328e-01, ...,
          1.05840468e-01,  5.03589638e-01,  8.37259076e-01],
        [-1.28916402e-01, -1.81874328e-01,  0.00000000e+00, ...,
         -7.67775249e-02,  3.38061611e-01,  7.23845040e-01],
        ...,
        [-5.23990204e-02, -1.05840468e-01,  7.67775249e-02, ...,
          0.00000000e+00,  4.09320908e-01,  7.74682049e-01],
        [-4.56566961e-01, -5.03589638e-01, -3.38061611e-01, ...,
         -4.09320908e-01,  0.00000000e+00,  4.47978065e-01],
        [-8.06752383e-01, -8.37259076e-01, -7.23845040e-01, ...,
         -7.74682049e-01, -4.47978065e-01,  0.00000000e+00]],

       [[ 0.00000000e+00, -3.34697466e-01, -2.30222278e-01, ...,
         -3.05956298e-01,  2.23387820e-01,  8.04489745e-01],
        [ 3.34697466e-01,  0.00000000e+00,  1.08762492e-01, ...,
          3.03367719e-02,  5.36743612e-01,  9.56890407e-01],
        [ 2.30222278e-01, -1.08762492e-01,  0.00000000e+00, ...,
         -7.85556252e-02,  4.41791671e-01,  9.19623927e-01],
        ...,
        [ 3.05956298e-01, -3.03367719e-02,  7.85556252e-02, ...,
          0.00000000e+00,  5.10900056e-01,  9.47638692e-01],
        [-2.23387820e-01, -5.36743612e-01, -4.41791671e-01, ...,
         -5.10900056e-01,  0.00000000e+00,  6.51475114e-01],
        [-8.04489745e-01, -9.56890407e-01, -9.19623927e-01, ...,
         -9.47638692e-01, -6.51475114e-01,  0.00000000e+00]],

       [[ 0.00000000e+00, -1.20928426e-01, -3.01182963e-01, ...,
         -4.67489929e-01, -3.51019782e-01, -3.99870454e-02],
        [ 1.20928426e-01,  0.00000000e+00, -1.83659370e-01, ...,
         -3.57158592e-01, -2.35210214e-01,  8.11381180e-02],
        [ 3.01182963e-01,  1.83659370e-01,  0.00000000e+00, ...,
         -1.79537418e-01, -5.27025576e-02,  2.62811775e-01],
        ...,
        [ 4.67489929e-01,  3.57158592e-01,  1.79537418e-01, ...,
          0.00000000e+00,  1.27441705e-01,  4.31767545e-01],
        [ 3.51019782e-01,  2.35210214e-01,  5.27025576e-02, ...,
         -1.27441705e-01,  0.00000000e+00,  3.13296444e-01],
        [ 3.99870454e-02, -8.11381180e-02, -2.62811775e-01, ...,
         -4.31767545e-01, -3.13296444e-01,  0.00000000e+00]],

       ...,

       [[ 0.00000000e+00,  1.97387795e-01,  1.82136318e-01, ...,
         -9.96368747e-01, -5.08657308e-01, -2.09568579e-01],
        [-1.97387795e-01,  0.00000000e+00, -1.55332724e-02, ...,
         -9.59959499e-01, -6.68594509e-01, -3.98450011e-01],
        [-1.82136318e-01,  1.55332724e-02,  0.00000000e+00, ...,
         -9.64195154e-01, -6.56962881e-01, -3.84154976e-01],
        ...,
        [ 9.96368747e-01,  9.59959499e-01,  9.64195154e-01, ...,
          0.00000000e+00,  9.01151253e-01,  9.92086618e-01],
        [ 5.08657308e-01,  6.68594509e-01,  6.56962881e-01, ...,
         -9.01151253e-01,  0.00000000e+00,  3.16929974e-01],
        [ 2.09568579e-01,  3.98450011e-01,  3.84154976e-01, ...,
         -9.92086618e-01, -3.16929974e-01,  0.00000000e+00]],

       [[ 0.00000000e+00, -1.35251916e-02, -1.28376073e-02, ...,
          9.67103005e-01,  9.99028245e-01,  9.97980629e-01],
        [ 1.35251916e-02,  0.00000000e+00,  6.87643991e-04, ...,
          9.63573937e-01,  9.98340747e-01,  9.97030238e-01],
        [ 1.28376073e-02, -6.87643991e-04,  0.00000000e+00, ...,
          9.63757614e-01,  9.98380108e-01,  9.97082958e-01],
        ...,
        [-9.67103005e-01, -9.63573937e-01, -9.63757614e-01, ...,
          0.00000000e+00, -2.11513266e-01, -1.92441986e-01],
        [-9.99028245e-01, -9.98340747e-01, -9.98380108e-01, ...,
          2.11513266e-01,  0.00000000e+00,  1.94717245e-02],
        [-9.97980629e-01, -9.97030238e-01, -9.97082958e-01, ...,
          1.92441986e-01, -1.94717245e-02,  0.00000000e+00]],

       [[ 0.00000000e+00, -9.83269741e-02, -6.55183925e-02, ...,
         -7.12814509e-02,  1.36005420e-01,  1.35739286e-01],
        [ 9.83269741e-02,  0.00000000e+00,  3.29148040e-02, ...,
          2.71408215e-02,  2.32759689e-01,  2.32498433e-01],
        [ 6.55183925e-02, -3.29148040e-02,  0.00000000e+00, ...,
         -5.77656327e-03,  2.00622795e-01,  2.00359625e-01],
        ...,
        [ 7.12814509e-02, -2.71408215e-02,  5.77656327e-03, ...,
          0.00000000e+00,  2.06278566e-01,  2.06015710e-01],
        [-1.36005420e-01, -2.32759689e-01, -2.00622795e-01, ...,
         -2.06278566e-01,  0.00000000e+00, -2.68625035e-04],
        [-1.35739286e-01, -2.32498433e-01, -2.00359625e-01, ...,
         -2.06015710e-01,  2.68625035e-04,  0.00000000e+00]]]), 'num': array([ 9.35167890e-01,  3.53823559e-01,  2.11782999e-06,  4.47187947e-03,
        4.65108047e-03,  4.46373397e-03,  1.03268160e-02, -1.62909999e-04,
        4.47676677e-03,  4.53989439e-03,  4.42802953e-03,  6.38431077e-07,
        4.85776829e-03,  4.22202050e-03])}
{'img': array([[[ 0.00000000e+00,  1.81874328e-01,  1.31488842e-01, ...,
          5.03589638e-01,  8.37259076e-01,  4.60807814e-01],
        [-1.81874328e-01,  0.00000000e+00, -5.09993891e-02, ...,
          3.38061611e-01,  7.23845040e-01,  2.91708905e-01],
        [-1.31488842e-01,  5.09993891e-02,  0.00000000e+00, ...,
          3.85618434e-01,  7.58090759e-01,  3.40110579e-01],
        ...,
        [-5.03589638e-01, -3.38061611e-01, -3.85618434e-01, ...,
          0.00000000e+00,  4.47978065e-01, -4.88241003e-02],
        [-8.37259076e-01, -7.23845040e-01, -7.58090759e-01, ...,
         -4.47978065e-01,  0.00000000e+00, -4.91094724e-01],
        [-4.60807814e-01, -2.91708905e-01, -3.40110579e-01, ...,
          4.88241003e-02,  4.91094724e-01,  0.00000000e+00]],

       [[ 0.00000000e+00,  1.08762492e-01,  2.59162426e-01, ...,
          5.36743612e-01,  9.56890407e-01,  4.93686828e-01],
        [-1.08762492e-01,  0.00000000e+00,  1.52578528e-01, ...,
          4.41791671e-01,  9.19623927e-01,  3.96173974e-01],
        [-2.59162426e-01, -1.52578528e-01,  0.00000000e+00, ...,
          2.99737993e-01,  8.48923528e-01,  2.51441452e-01],
        ...,
        [-5.36743612e-01, -4.41791671e-01, -2.99737993e-01, ...,
          0.00000000e+00,  6.51475114e-01, -5.02275978e-02],
        [-9.56890407e-01, -9.19623927e-01, -8.48923528e-01, ...,
         -6.51475114e-01,  0.00000000e+00, -6.88758992e-01],
        [-4.93686828e-01, -3.96173974e-01, -2.51441452e-01, ...,
          5.02275978e-02,  6.88758992e-01,  0.00000000e+00]],

       [[ 0.00000000e+00, -1.83659370e-01, -3.49347903e-01, ...,
         -2.35210214e-01,  8.11381180e-02,  2.30982289e-01],
        [ 1.83659370e-01,  0.00000000e+00, -1.71317917e-01, ...,
         -5.27025576e-02,  2.62811775e-01,  4.05746112e-01],
        [ 3.49347903e-01,  1.71317917e-01,  0.00000000e+00, ...,
          1.19156436e-01,  4.24221912e-01,  5.56329628e-01],
        ...,
        [ 2.35210214e-01,  5.27025576e-02, -1.19156436e-01, ...,
          0.00000000e+00,  3.13296444e-01,  4.53351619e-01],
        [-8.11381180e-02, -2.62811775e-01, -4.24221912e-01, ...,
         -3.13296444e-01,  0.00000000e+00,  1.51276732e-01],
        [-2.30982289e-01, -4.05746112e-01, -5.56329628e-01, ...,
         -4.53351619e-01, -1.51276732e-01,  0.00000000e+00]],

       ...,

       [[ 0.00000000e+00, -1.55332724e-02, -4.87644319e-02, ...,
         -6.68594509e-01, -3.98450011e-01, -5.81849698e-01],
        [ 1.55332724e-02,  0.00000000e+00, -3.32437559e-02, ...,
         -6.56962881e-01, -3.84154976e-01, -5.69146345e-01],
        [ 4.87644319e-02,  3.32437559e-02,  0.00000000e+00, ...,
         -6.31536530e-01, -3.53249726e-01, -5.41497542e-01],
        ...,
        [ 6.68594509e-01,  6.56962881e-01,  6.31536530e-01, ...,
          0.00000000e+00,  3.16929974e-01,  1.11086215e-01],
        [ 3.98450011e-01,  3.84154976e-01,  3.53249726e-01, ...,
         -3.16929974e-01,  0.00000000e+00, -2.09608820e-01],
        [ 5.81849698e-01,  5.69146345e-01,  5.41497542e-01, ...,
         -1.11086215e-01,  2.09608820e-01,  0.00000000e+00]],

       [[ 0.00000000e+00,  6.87643991e-04,  2.43192812e-04, ...,
          9.98340747e-01,  9.97030238e-01,  9.99335932e-01],
        [-6.87643991e-04,  0.00000000e+00, -4.44451216e-04, ...,
          9.98380108e-01,  9.97082958e-01,  9.99310640e-01],
        [-2.43192812e-04,  4.44451216e-04,  0.00000000e+00, ...,
          9.98354721e-01,  9.97048937e-01,  9.99327041e-01],
        ...,
        [-9.98340747e-01, -9.98380108e-01, -9.98354721e-01, ...,
          0.00000000e+00,  1.94717245e-02, -9.39214212e-02],
        [-9.97030238e-01, -9.97082958e-01, -9.97048937e-01, ...,
         -1.94717245e-02,  0.00000000e+00, -1.13289266e-01],
        [-9.99335932e-01, -9.99310640e-01, -9.99327041e-01, ...,
          9.39214212e-02,  1.13289266e-01,  0.00000000e+00]],

       [[ 0.00000000e+00,  3.29148040e-02,  5.09151924e-02, ...,
          2.32759689e-01,  2.32498433e-01,  1.63231796e-01],
        [-3.29148040e-02,  0.00000000e+00,  1.80154917e-02, ...,
          2.00622795e-01,  2.00359625e-01,  1.30670009e-01],
        [-5.09151924e-02, -1.80154917e-02,  0.00000000e+00, ...,
          1.82941025e-01,  1.82676927e-01,  1.12787777e-01],
        ...,
        [-2.32759689e-01, -2.00622795e-01, -1.82941025e-01, ...,
          0.00000000e+00, -2.68625035e-04, -7.08893394e-02],
        [-2.32498433e-01, -2.00359625e-01, -1.82676927e-01, ...,
          2.68625035e-04,  0.00000000e+00, -7.06213876e-02],
        [-1.63231796e-01, -1.30670009e-01, -1.12787777e-01, ...,
          7.08893394e-02,  7.06213876e-02,  0.00000000e+00]]]), 'num': array([ 8.62939352e-01,  5.05110573e-01,  1.33767768e-06,  4.06623613e-03,
        4.14224054e-03,  4.05863569e-03,  7.78905391e-03, -1.06406179e-04,
        4.16200169e-03,  4.22508535e-03,  4.13235997e-03,  5.61561273e-07,
        4.52963078e-03,  3.92053993e-03])}
{'img': array([[[ 0.00000000e+00, -5.09993891e-02, -1.28916402e-01, ...,
          7.23845040e-01,  2.91708905e-01, -5.09993891e-02],
        [ 5.09993891e-02,  0.00000000e+00, -7.81748178e-02, ...,
          7.58090759e-01,  3.40110579e-01,  0.00000000e+00],
        [ 1.28916402e-01,  7.81748178e-02,  0.00000000e+00, ...,
          8.06752383e-01,  4.12584189e-01,  7.81748178e-02],
        ...,
        [-7.23845040e-01, -7.58090759e-01, -8.06752383e-01, ...,
          0.00000000e+00, -4.91094724e-01, -7.58090759e-01],
        [-2.91708905e-01, -3.40110579e-01, -4.12584189e-01, ...,
          4.91094724e-01,  0.00000000e+00, -3.40110579e-01],
        [ 5.09993891e-02,  0.00000000e+00, -7.81748178e-02, ...,
          7.58090759e-01,  3.40110579e-01,  0.00000000e+00]],

       [[ 0.00000000e+00,  1.52578528e-01, -8.18998552e-02, ...,
          9.19623927e-01,  3.96173974e-01,  2.21494395e-01],
        [-1.52578528e-01,  0.00000000e+00, -2.33006869e-01, ...,
          8.48923528e-01,  2.51441452e-01,  7.01122666e-02],
        [ 8.18998552e-02,  2.33006869e-01,  0.00000000e+00, ...,
          9.48704772e-01,  4.70041491e-01,  3.00615896e-01],
        ...,
        [-9.19623927e-01, -8.48923528e-01, -9.48704772e-01, ...,
          0.00000000e+00, -6.88758992e-01, -8.09778985e-01],
        [-3.96173974e-01, -2.51441452e-01, -4.70041491e-01, ...,
          6.88758992e-01,  0.00000000e+00, -1.82962946e-01],
        [-2.21494395e-01, -7.01122666e-02, -3.00615896e-01, ...,
          8.09778985e-01,  1.82962946e-01,  0.00000000e+00]],

       [[ 0.00000000e+00, -1.71317917e-01, -1.63140768e-01, ...,
          2.62811775e-01,  4.05746112e-01,  3.44971733e-01],
        [ 1.71317917e-01,  0.00000000e+00,  8.29387440e-03, ...,
          4.24221912e-01,  5.56329628e-01,  5.00672838e-01],
        [ 1.63140768e-01, -8.29387440e-03,  0.00000000e+00, ...,
          4.16696734e-01,  5.49418602e-01,  4.93476136e-01],
        ...,
        [-2.62811775e-01, -4.24221912e-01, -4.16696734e-01, ...,
          0.00000000e+00,  1.51276732e-01,  8.61664161e-02],
        [-4.05746112e-01, -5.56329628e-01, -5.49418602e-01, ...,
         -1.51276732e-01,  0.00000000e+00, -6.55393316e-02],
        [-3.44971733e-01, -5.00672838e-01, -4.93476136e-01, ...,
         -8.61664161e-02,  6.55393316e-02,  0.00000000e+00]],

       ...,

       [[ 0.00000000e+00, -3.32437559e-02, -6.28404192e-01, ...,
         -3.84154976e-01, -5.69146345e-01, -6.58209639e-01],
        [ 3.32437559e-02,  0.00000000e+00, -6.02196971e-01, ...,
         -3.53249726e-01, -5.41497542e-01, -6.32818777e-01],
        [ 6.28404192e-01,  6.02196971e-01,  0.00000000e+00, ...,
          2.81356716e-01,  7.39651631e-02, -3.89282413e-02],
        ...,
        [ 3.84154976e-01,  3.53249726e-01, -2.81356716e-01, ...,
          0.00000000e+00, -2.09608820e-01, -3.18499117e-01],
        [ 5.69146345e-01,  5.41497542e-01, -7.39651631e-02, ...,
          2.09608820e-01,  0.00000000e+00, -1.12730708e-01],
        [ 6.58209639e-01,  6.32818777e-01,  3.89282413e-02, ...,
          3.18499117e-01,  1.12730708e-01,  0.00000000e+00]],

       [[ 0.00000000e+00, -4.44451216e-04,  6.64129139e-04, ...,
          9.97082958e-01,  9.99310640e-01,  9.96422971e-01],
        [ 4.44451216e-04,  0.00000000e+00,  1.10858019e-03, ...,
          9.97048937e-01,  9.99327041e-01,  9.96460431e-01],
        [-6.64129139e-04, -1.10858019e-03,  0.00000000e+00, ...,
          9.97133428e-01,  9.99285764e-01,  9.96366628e-01],
        ...,
        [-9.97082958e-01, -9.97048937e-01, -9.97133428e-01, ...,
          0.00000000e+00, -1.13289266e-01, -1.60311921e-01],
        [-9.99310640e-01, -9.99327041e-01, -9.99285764e-01, ...,
          1.13289266e-01,  0.00000000e+00, -4.74558110e-02],
        [-9.96422971e-01, -9.96460431e-01, -9.96366628e-01, ...,
          1.60311921e-01,  4.74558110e-02,  0.00000000e+00]],

       [[ 0.00000000e+00,  1.80154917e-02, -1.43839387e-03, ...,
          2.00359625e-01,  1.30670009e-01, -8.09461063e-02],
        [-1.80154917e-02,  0.00000000e+00, -1.94536335e-02, ...,
          1.82676927e-01,  1.12787777e-01, -9.88893429e-02],
        [ 1.43839387e-03,  1.94536335e-02,  0.00000000e+00, ...,
          2.01768644e-01,  1.32095934e-01, -7.95123488e-02],
        ...,
        [-2.00359625e-01, -1.82676927e-01, -2.01768644e-01, ...,
          0.00000000e+00, -7.06213876e-02, -2.79006856e-01],
        [-1.30670009e-01, -1.12787777e-01, -1.32095934e-01, ...,
          7.06213876e-02,  0.00000000e+00, -2.10493280e-01],
        [ 8.09461063e-02,  9.88893429e-02,  7.95123488e-02, ...,
          2.79006856e-01,  2.10493280e-01,  0.00000000e+00]]]), 'num': array([ 8.41955927e-01,  5.39369761e-01,  1.14833459e-06,  3.92969046e-03,
        4.01917108e-03,  3.92223374e-03,  7.68950197e-03, -5.96537452e-05,
        4.07285945e-03,  4.12953051e-03,  4.05297487e-03,  5.58051164e-07,
        4.43883964e-03,  3.82022138e-03])}
{'img': array([[[ 0.        , -0.07817482,  0.27043224, ...,  0.34011058,
          0.        , -0.21344205],
        [ 0.07817482,  0.        ,  0.34486657, ...,  0.41258419,
          0.07817482, -0.13641551],
        [-0.27043224, -0.34486657,  0.        , ...,  0.07312718,
         -0.27043224, -0.46968931],
        ...,
        [-0.34011058, -0.41258419, -0.07312718, ...,  0.        ,
         -0.34011058, -0.53299078],
        [ 0.        , -0.07817482,  0.27043224, ...,  0.34011058,
          0.        , -0.21344205],
        [ 0.21344205,  0.13641551,  0.46968931, ...,  0.53299078,
          0.21344205,  0.        ]],

       [[ 0.        , -0.23300687,  0.19436613, ...,  0.25144145,
          0.07011227,  0.07529875],
        [ 0.23300687,  0.        ,  0.41757943, ...,  0.47004149,
          0.3006159 ,  0.30557153],
        [-0.19436613, -0.41757943,  0.        , ...,  0.05852459,
         -0.12511266, -0.11995159],
        ...,
        [-0.25144145, -0.47004149, -0.05852459, ...,  0.        ,
         -0.18296295, -0.17784802],
        [-0.07011227, -0.3006159 ,  0.12511266, ...,  0.18296295,
          0.        ,  0.00520023],
        [-0.07529875, -0.30557153,  0.11995159, ...,  0.17784802,
         -0.00520023,  0.        ]],

       [[ 0.        ,  0.00829387,  0.11915644, ...,  0.55632963,
          0.50067284,  0.46009322],
        [-0.00829387,  0.        ,  0.11091755, ...,  0.5494186 ,
          0.49347614,  0.45271351],
        [-0.11915644, -0.11091755,  0.        , ...,  0.45335162,
          0.39395962,  0.35101978],
        ...,
        [-0.55632963, -0.5494186 , -0.45335162, ...,  0.        ,
         -0.06553933, -0.11162889],
        [-0.50067284, -0.49347614, -0.39395962, ...,  0.06553933,
          0.        , -0.04625918],
        [-0.46009322, -0.45271351, -0.35101978, ...,  0.11162889,
          0.04625918,  0.        ]],

       ...,

       [[ 0.        , -0.60219697, -0.13832629, ..., -0.54149754,
         -0.63281878, -0.61371442],
        [ 0.60219697,  0.        ,  0.48597542, ...,  0.07396516,
         -0.03892824, -0.01450597],
        [ 0.13832629, -0.48597542,  0.        , ..., -0.42000073,
         -0.51962927, -0.49860211],
        ...,
        [ 0.54149754, -0.07396516,  0.42000073, ...,  0.        ,
         -0.11273071, -0.08842362],
        [ 0.63281878,  0.03892824,  0.51962927, ...,  0.11273071,
          0.        ,  0.02442917],
        [ 0.61371442,  0.01450597,  0.49860211, ...,  0.08842362,
         -0.02442917,  0.        ]],

       [[ 0.        ,  0.00110858,  0.01484345, ...,  0.99932704,
          0.99646043,  0.98827269],
        [-0.00110858,  0.        ,  0.01373499, ...,  0.99928576,
          0.99636663,  0.9881028 ],
        [-0.01484345, -0.01373499,  0.        , ...,  0.99867248,
          0.99510286,  0.98589723],
        ...,
        [-0.99932704, -0.99928576, -0.99867248, ...,  0.        ,
         -0.04745581, -0.11634617],
        [-0.99646043, -0.99636663, -0.99510286, ...,  0.04745581,
          0.        , -0.06908157],
        [-0.98827269, -0.9881028 , -0.98589723, ...,  0.11634617,
          0.06908157,  0.        ]],

       [[ 0.        , -0.01945363,  0.09411024, ...,  0.11278778,
         -0.09888934, -0.42673087],
        [ 0.01945363,  0.        ,  0.11345972, ...,  0.13209593,
         -0.07951235, -0.40905666],
        [-0.09411024, -0.11345972,  0.        , ...,  0.01877747,
         -0.1920994 , -0.50994824],
        ...,
        [-0.11278778, -0.13209593, -0.01877747, ...,  0.        ,
         -0.21049328, -0.5260108 ],
        [ 0.09888934,  0.07951235,  0.1920994 , ...,  0.21049328,
          0.        , -0.33520581],
        [ 0.42673087,  0.40905666,  0.50994824, ...,  0.5260108 ,
          0.33520581,  0.        ]]]), 'num': array([ 9.84078923e-01,  1.77033113e-01,  3.09212954e-06,  4.58548756e-03,
        4.65576323e-03,  4.55913418e-03,  8.29159807e-03, -4.39222946e-05,
        4.74712160e-03,  4.83540541e-03,  4.77274294e-03,  6.74832606e-07,
        5.19008331e-03,  4.48072751e-03])}
{'img': array([[[ 0.00000000e+00,  3.44866569e-01,  5.23990204e-02, ...,
          7.81748178e-02, -1.36415512e-01, -2.82124162e-01],
        [-3.44866569e-01,  0.00000000e+00, -2.95208371e-01, ...,
         -2.70432235e-01, -4.69689311e-01, -5.95673695e-01],
        [-5.23990204e-02,  2.95208371e-01,  0.00000000e+00, ...,
          2.58287615e-02, -1.88137288e-01, -3.32007050e-01],
        ...,
        [-7.81748178e-02,  2.70432235e-01, -2.58287615e-02, ...,
          0.00000000e+00, -2.13442052e-01, -3.56259961e-01],
        [ 1.36415512e-01,  4.69689311e-01,  1.88137288e-01, ...,
          2.13442052e-01,  0.00000000e+00, -1.48612756e-01],
        [ 2.82124162e-01,  5.95673695e-01,  3.32007050e-01, ...,
          3.56259961e-01,  1.48612756e-01,  0.00000000e+00]],

       [[ 0.00000000e+00,  4.17579426e-01,  3.07148823e-01, ...,
          3.00615896e-01,  3.05571527e-01,  2.35149403e-01],
        [-4.17579426e-01,  0.00000000e+00, -1.18306423e-01, ...,
         -1.25112655e-01, -1.19951594e-01, -1.92203926e-01],
        [-3.07148823e-01,  1.18306423e-01,  0.00000000e+00, ...,
         -6.85717117e-03, -1.65697054e-03, -7.47535033e-02],
        ...,
        [-3.00615896e-01,  1.25112655e-01,  6.85717117e-03, ...,
          0.00000000e+00,  5.20023017e-03, -6.79137607e-02],
        [-3.05571527e-01,  1.19951594e-01,  1.65697054e-03, ...,
         -5.20023017e-03,  0.00000000e+00, -7.31010662e-02],
        [-2.35149403e-01,  1.92203926e-01,  7.47535033e-02, ...,
          6.79137607e-02,  7.31010662e-02,  0.00000000e+00]],

       [[ 0.00000000e+00,  1.10917553e-01,  1.41001126e-01, ...,
          4.93476136e-01,  4.52713506e-01,  2.68849013e-01],
        [-1.10917553e-01,  0.00000000e+00,  3.03216705e-02, ...,
          3.93959619e-01,  3.51019782e-01,  1.60356283e-01],
        [-1.41001126e-01, -3.03216705e-02,  0.00000000e+00, ...,
          3.65908985e-01,  3.22466137e-01,  1.30353266e-01],
        ...,
        [-4.93476136e-01, -3.93959619e-01, -3.65908985e-01, ...,
          0.00000000e+00, -4.62591761e-02, -2.41473557e-01],
        [-4.52713506e-01, -3.51019782e-01, -3.22466137e-01, ...,
          4.62591761e-02,  0.00000000e+00, -1.96324806e-01],
