state_0,state_1,state_2,state_3,state_4,state_5,state_6,state_7,state_8,state_9,state_10,state_11,state_12,state_13,state_14,state_15,state_16,state_17,state_18,state_19,state_20,state_21,state_22,state_23,state_24,state_25,state_26,state_27,state_28,state_29,state_30,state_31,state_32,state_33,state_34,state_35,state_36,state_37,state_38,state_39,state_40,state_41,state_42,state_43,state_44,state_45,state_46,state_47,state_48,state_49,state_50,state_51,state_52,state_53,state_54,state_55,state_56,state_57,state_58,state_59,state_60,state_61,state_62,state_63,state_64,state_65,state_66,state_67,state_68,state_69,state_70,state_71,state_72,state_73,state_74,state_75,state_76,state_77,state_78,state_79,state_80,state_81,state_82,state_83,state_84,state_85,state_86,state_87,state_88,state_89,state_90,state_91,state_92,state_93,state_94,state_95,state_96,state_97,state_98,state_99,state_100,state_101,state_102,state_103,state_104,state_105,state_106,state_107,state_108,state_109,state_110,state_111,state_112,state_113,state_114,state_115,state_116,state_117,state_118,state_119,state_120,state_121,state_122,state_123,state_124,state_125,state_126,state_127,state_128,state_129,state_130,state_131,state_132,state_133,state_134,state_135,state_136,state_137,state_138,state_139,state_140,state_141,state_142,state_143,state_144,state_145,state_146,state_147,state_148,state_149,state_150,state_151,state_152,state_153,state_154,state_155,state_156,state_157,state_158,state_159,state_160,state_161,state_162,state_163,state_164,state_165,state_166,state_167,state_168,state_169,state_170,state_171,state_172,state_173,state_174,state_175,state_176,state_177,state_178,state_179,state_180,state_181,state_182,state_183,state_184,state_185,state_186,state_187,state_188,state_189,state_190,state_191,state_192,state_193,state_194,state_195,state_196,state_197,state_198,state_199,state_200,state_201,state_202,state_203,state_204,state_205,state_206,state_207,state_208,state_209,state_210,state_211,state_212,state_213,state_214,state_215,state_216,state_217,state_218,state_219,state_220,state_221,state_222,state_223,state_224,state_225,state_226,state_227,state_228,state_229,state_230,state_231,state_232,state_233,state_234,state_235,state_236,state_237,state_238,state_239,state_240,state_241,state_242,state_243,state_244,state_245,state_246,state_247,state_248,state_249,state_250,state_251,state_252,state_253,state_254,state_255,state_256,state_257,state_258,state_259,state_260,state_261,state_262,state_263,state_264,state_265,state_266,state_267,state_268,state_269,state_270,state_271,state_272,state_273,state_274,state_275,state_276,state_277,state_278,state_279,state_280,state_281,state_282,state_283,state_284,state_285,state_286,state_287
{'img': array([[[ 0.00000000e+00,  6.50512479e-01,  6.50512479e-01, ...,
          9.99913433e-01,  9.98087697e-01,  9.96086178e-01],
        [-6.50512479e-01,  0.00000000e+00,  0.00000000e+00, ...,
          7.50870540e-01,  7.17832520e-01,  8.14020121e-01],
        [-6.50512479e-01,  0.00000000e+00,  0.00000000e+00, ...,
          7.50870540e-01,  7.17832520e-01,  8.14020121e-01],
        ...,
        [-9.99913433e-01, -7.50870540e-01, -7.50870540e-01, ...,
          0.00000000e+00, -4.86758819e-02,  1.01485967e-01],
        [-9.98087697e-01, -7.17832520e-01, -7.17832520e-01, ...,
          4.86758819e-02,  0.00000000e+00,  1.49790235e-01],
        [-9.96086178e-01, -8.14020121e-01, -8.14020121e-01, ...,
         -1.01485967e-01, -1.49790235e-01,  0.00000000e+00]],

       [[ 0.00000000e+00, -8.10156153e-01, -9.67202408e-01, ...,
         -9.78224246e-01, -9.08093409e-01, -9.60601914e-01],
        [ 8.10156153e-01,  0.00000000e+00, -3.61202471e-01, ...,
         -4.05300339e-01, -8.71604393e-01, -7.88283480e-01],
        [ 9.67202408e-01,  3.61202471e-01,  0.00000000e+00, ...,
         -4.77320932e-02, -6.35695085e-01, -5.12812121e-01],
        ...,
        [ 9.78224246e-01,  4.05300339e-01,  4.77320932e-02, ...,
          0.00000000e+00, -5.98124180e-01, -4.71249561e-01],
        [ 9.08093409e-01,  8.71604393e-01,  6.35695085e-01, ...,
          5.98124180e-01,  0.00000000e+00,  1.49884459e-01],
        [ 9.60601914e-01,  7.88283480e-01,  5.12812121e-01, ...,
          4.71249561e-01, -1.49884459e-01,  0.00000000e+00]],

       [[ 0.00000000e+00, -9.62879531e-02, -1.65250989e-01, ...,
          7.10785873e-01,  7.28102225e-01,  7.47322473e-01],
        [ 9.62879531e-02,  0.00000000e+00, -6.95190112e-02, ...,
          7.75212981e-01,  7.90721477e-01,  8.07829694e-01],
        [ 1.65250989e-01,  6.95190112e-02,  0.00000000e+00, ...,
          8.17252607e-01,  8.31366302e-01,  8.46850868e-01],
        ...,
        [-7.10785873e-01, -7.75212981e-01, -8.17252607e-01, ...,
          0.00000000e+00,  2.49318839e-02,  5.33830722e-02],
        [-7.28102225e-01, -7.90721477e-01, -8.31366302e-01, ...,
         -2.49318839e-02,  0.00000000e+00,  2.84701445e-02],
        [-7.47322473e-01, -8.07829694e-01, -8.46850868e-01, ...,
         -5.33830722e-02, -2.84701445e-02,  0.00000000e+00]],

       ...,

       [[ 0.00000000e+00,  7.97345175e-01,  8.56703568e-01, ...,
          5.68835390e-01,  5.06284797e-01,  9.93551496e-01],
        [-7.97345175e-01,  0.00000000e+00,  1.05762904e-01, ...,
         -3.12472099e-01, -3.82048844e-01,  5.09227323e-01],
        [-8.56703568e-01, -1.05762904e-01,  0.00000000e+00, ...,
         -4.11186592e-01, -4.77646031e-01,  4.15348313e-01],
        ...,
        [-5.68835390e-01,  3.12472099e-01,  4.11186592e-01, ...,
          0.00000000e+00, -7.41498558e-02,  7.52652257e-01],
        [-5.06284797e-01,  3.82048844e-01,  4.77646031e-01, ...,
          7.41498558e-02,  0.00000000e+00,  7.99401906e-01],
        [-9.93551496e-01, -5.09227323e-01, -4.15348313e-01, ...,
         -7.52652257e-01, -7.99401906e-01,  0.00000000e+00]],

       [[ 0.00000000e+00,  3.73831388e-03,  4.33475176e-03, ...,
          8.97145247e-01,  8.96218444e-01,  9.01570554e-01],
        [-3.73831388e-03,  0.00000000e+00,  5.96442716e-04, ...,
          8.95487631e-01,  8.94553817e-01,  8.99946940e-01],
        [-4.33475176e-03, -5.96442716e-04,  0.00000000e+00, ...,
          8.95222003e-01,  8.94287072e-01,  8.99686731e-01],
        ...,
        [-8.97145247e-01, -8.95487631e-01, -8.95222003e-01, ...,
          0.00000000e+00, -2.09364161e-03,  1.01220431e-02],
        [-8.96218444e-01, -8.94553817e-01, -8.94287072e-01, ...,
          2.09364161e-03,  0.00000000e+00,  1.22155553e-02],
        [-9.01570554e-01, -8.99946940e-01, -8.99686731e-01, ...,
         -1.01220431e-02, -1.22155553e-02,  0.00000000e+00]],

       [[ 0.00000000e+00, -2.24421564e-02, -4.99456216e-02, ...,
          9.98832994e-01,  9.99841768e-01,  9.76560239e-01],
        [ 2.24421564e-02,  0.00000000e+00, -2.75188952e-02, ...,
          9.97497531e-01,  9.99190732e-01,  9.71483739e-01],
        [ 4.99456216e-02,  2.75188952e-02,  0.00000000e+00, ...,
          9.95174141e-01,  9.97705433e-01,  9.64590922e-01],
        ...,
        [-9.98832994e-01, -9.97497531e-01, -9.95174141e-01, ...,
          0.00000000e+00, -3.05218658e-02,  1.67827665e-01],
        [-9.99841768e-01, -9.99190732e-01, -9.97705433e-01, ...,
          3.05218658e-02,  0.00000000e+00,  1.97838429e-01],
        [-9.76560239e-01, -9.71483739e-01, -9.64590922e-01, ...,
         -1.67827665e-01, -1.97838429e-01,  0.00000000e+00]]]), 'num': array([7.47577212e-01, 6.63267852e-01, 9.43057718e-07, 1.20441943e-02,
       1.24887786e-02, 1.19364163e-02, 8.14114784e-03, 1.07778025e-04,
       1.18205549e-02, 1.18906106e-02, 1.13968525e-02, 6.51307601e-06,
       1.23884208e-02, 1.13928004e-02])}
{'img': array([[[ 0.00000000e+00,  0.00000000e+00,  2.73628516e-01, ...,
          7.17832520e-01,  8.14020121e-01,  8.72562282e-01],
        [ 0.00000000e+00,  0.00000000e+00,  2.73628516e-01, ...,
          7.17832520e-01,  8.14020121e-01,  8.72562282e-01],
        [-2.73628516e-01, -2.73628516e-01,  0.00000000e+00, ...,
          4.99932263e-01,  6.24019933e-01,  7.05593018e-01],
        ...,
        [-7.17832520e-01, -7.17832520e-01, -4.99932263e-01, ...,
          0.00000000e+00,  1.49790235e-01,  2.56828414e-01],
        [-8.14020121e-01, -8.14020121e-01, -6.24019933e-01, ...,
         -1.49790235e-01,  0.00000000e+00,  1.09165000e-01],
        [-8.72562282e-01, -8.72562282e-01, -7.05593018e-01, ...,
         -2.56828414e-01, -1.09165000e-01,  0.00000000e+00]],

       [[ 0.00000000e+00, -3.61202471e-01, -5.25636705e-01, ...,
         -8.71604393e-01, -7.88283480e-01, -4.21861709e-01],
        [ 3.61202471e-01,  0.00000000e+00, -1.82871366e-01, ...,
         -6.35695085e-01, -5.12812121e-01, -6.58928339e-02],
        [ 5.25636705e-01,  1.82871366e-01,  0.00000000e+00, ...,
         -4.83809494e-01, -3.47169268e-01,  1.17692259e-01],
        ...,
        [ 8.71604393e-01,  6.35695085e-01,  4.83809494e-01, ...,
          0.00000000e+00,  1.49884459e-01,  5.83448202e-01],
        [ 7.88283480e-01,  5.12812121e-01,  3.47169268e-01, ...,
         -1.49884459e-01,  0.00000000e+00,  4.55128575e-01],
        [ 4.21861709e-01,  6.58928339e-02, -1.17692259e-01, ...,
         -5.83448202e-01, -4.55128575e-01,  0.00000000e+00]],

       [[ 0.00000000e+00, -6.95190112e-02, -9.42046695e-02, ...,
          7.90721477e-01,  8.07829694e-01,  8.88894878e-01],
        [ 6.95190112e-02,  0.00000000e+00, -2.47669034e-02, ...,
          8.31366302e-01,  8.46850868e-01,  9.18591749e-01],
        [ 9.42046695e-02,  2.47669034e-02,  0.00000000e+00, ...,
          8.44874866e-01,  8.59762892e-01,  9.28098047e-01],
        ...,
        [-7.90721477e-01, -8.31366302e-01, -8.44874866e-01, ...,
          0.00000000e+00,  2.84701445e-02,  1.81921790e-01],
        [-8.07829694e-01, -8.46850868e-01, -8.59762892e-01, ...,
         -2.84701445e-02,  0.00000000e+00,  1.53852984e-01],
        [-8.88894878e-01, -9.18591749e-01, -9.28098047e-01, ...,
         -1.81921790e-01, -1.53852984e-01,  0.00000000e+00]],

       ...,

       [[ 0.00000000e+00,  1.05762904e-01,  3.02570604e-01, ...,
         -3.82048844e-01,  5.09227323e-01,  3.19761518e-01],
        [-1.05762904e-01,  0.00000000e+00,  2.00068122e-01, ...,
         -4.77646031e-01,  4.15348313e-01,  2.17757949e-01],
        [-3.02570604e-01, -2.00068122e-01,  0.00000000e+00, ...,
         -6.43759301e-01,  2.24956338e-01,  1.80882682e-02],
        ...,
        [ 3.82048844e-01,  4.77646031e-01,  6.43759301e-01, ...,
          0.00000000e+00,  7.99401906e-01,  6.57495629e-01],
        [-5.09227323e-01, -4.15348313e-01, -2.24956338e-01, ...,
         -7.99401906e-01,  0.00000000e+00, -2.07294889e-01],
        [-3.19761518e-01, -2.17757949e-01, -1.80882682e-02, ...,
         -6.57495629e-01,  2.07294889e-01,  0.00000000e+00]],

       [[ 0.00000000e+00,  5.96442716e-04, -1.74827110e-02, ...,
          8.94553817e-01,  8.99946940e-01,  9.08159295e-01],
        [-5.96442716e-04,  0.00000000e+00, -1.80790594e-02, ...,
          8.94287072e-01,  8.99686731e-01,  9.07909447e-01],
        [ 1.74827110e-02,  1.80790594e-02,  0.00000000e+00, ...,
          9.02231176e-01,  9.07431849e-01,  9.15339193e-01],
        ...,
        [-8.94553817e-01, -8.94287072e-01, -9.02231176e-01, ...,
          0.00000000e+00,  1.22155553e-02,  3.14287248e-02],
        [-8.99946940e-01, -8.99686731e-01, -9.07431849e-01, ...,
         -1.22155553e-02,  0.00000000e+00,  1.92168591e-02],
        [-9.08159295e-01, -9.07909447e-01, -9.15339193e-01, ...,
         -3.14287248e-02, -1.92168591e-02,  0.00000000e+00]],

       [[ 0.00000000e+00, -2.75055503e-02, -2.88631352e-02, ...,
          9.99397071e-01,  9.81890857e-01,  9.71370678e-01],
        [ 2.75055503e-02,  0.00000000e+00, -1.35812406e-03, ...,
          9.98063951e-01,  9.76308502e-01,  9.64468696e-01],
        [ 2.88631352e-02,  1.35812406e-03,  0.00000000e+00, ...,
          9.97978561e-01,  9.76013726e-01,  9.64108994e-01],
        ...,
        [-9.99397071e-01, -9.98063951e-01, -9.97978561e-01, ...,
          0.00000000e+00,  1.55241782e-01,  2.03699507e-01],
        [-9.81890857e-01, -9.76308502e-01, -9.76013726e-01, ...,
         -1.55241782e-01,  0.00000000e+00,  4.92430583e-02],
        [-9.71370678e-01, -9.64468696e-01, -9.64108994e-01, ...,
         -2.03699507e-01, -4.92430583e-02,  0.00000000e+00]]]), 'num': array([8.47556989e-01, 5.30691788e-01, 3.47059366e-06, 1.31479336e-03,
       1.32199377e-03, 1.28599176e-03, 4.94509193e-04, 2.73615268e-05,
       1.28023144e-03, 1.27339105e-03, 1.22090013e-03, 8.02953895e-07,
       1.32986626e-03, 1.21691585e-03])}
{'img': array([[[ 0.        ,  0.27362852,  0.36582776, ...,  0.81402012,
          0.87256228,  0.98217508],
        [-0.27362852,  0.        ,  0.09720482, ...,  0.62401993,
          0.70559302,  0.8932573 ],
        [-0.36582776, -0.09720482,  0.        , ...,  0.54510816,
          0.63337059,  0.84532918],
        ...,
        [-0.81402012, -0.62401993, -0.54510816, ...,  0.        ,
          0.109165  ,  0.41747327],
        [-0.87256228, -0.70559302, -0.63337059, ..., -0.109165  ,
          0.        ,  0.31578124],
        [-0.98217508, -0.8932573 , -0.84532918, ..., -0.41747327,
         -0.31578124,  0.        ]],

       [[ 0.        , -0.18287137,  0.03436566, ..., -0.51281212,
         -0.06589283, -0.51566982],
        [ 0.18287137,  0.        ,  0.21654949, ..., -0.34716927,
          0.11769226, -0.35029212],
        [-0.03436566, -0.21654949,  0.        , ..., -0.54201216,
         -0.10014488, -0.54480929],
        ...,
        [ 0.51281212,  0.34716927,  0.54201216, ...,  0.        ,
          0.45512857, -0.00333203],
        [ 0.06589283, -0.11769226,  0.10014488, ..., -0.45512857,
          0.        , -0.45809297],
        [ 0.51566982,  0.35029212,  0.54480929, ...,  0.00333203,
          0.45809297,  0.        ]],

       [[ 0.        , -0.0247669 ,  0.09607858, ...,  0.84685087,
          0.91859175,  0.98456734],
        [ 0.0247669 ,  0.        ,  0.12070144, ...,  0.85976289,
          0.92809805,  0.98859968],
        [-0.09607858, -0.12070144,  0.        , ...,  0.79183561,
          0.87637111,  0.96319814],
        ...,
        [-0.84685087, -0.85976289, -0.79183561, ...,  0.        ,
          0.15385298,  0.37541874],
        [-0.91859175, -0.92809805, -0.87637111, ..., -0.15385298,
          0.        ,  0.22834946],
        [-0.98456734, -0.98859968, -0.96319814, ..., -0.37541874,
         -0.22834946,  0.        ]],

       ...,

       [[ 0.        ,  0.20006812,  0.53086573, ...,  0.41534831,
          0.21775795,  0.5843197 ],
        [-0.20006812,  0.        ,  0.35058377, ...,  0.22495634,
          0.01808827,  0.41014593],
        [-0.53086573, -0.35058377,  0.        , ..., -0.13091923,
         -0.33358618,  0.06437515],
        ...,
        [-0.41534831, -0.22495634,  0.13091923, ...,  0.        ,
         -0.20729489,  0.19446875],
        [-0.21775795, -0.01808827,  0.33358618, ...,  0.20729489,
          0.        ,  0.39358196],
        [-0.5843197 , -0.41014593, -0.06437515, ..., -0.19446875,
         -0.39358196,  0.        ]],

       [[ 0.        , -0.01807906,  0.0170731 , ...,  0.89968673,
          0.90790945,  0.94783062],
        [ 0.01807906,  0.        ,  0.03514673, ...,  0.90743185,
          0.91533919,  0.95343884],
        [-0.0170731 , -0.03514673,  0.        , ...,  0.89210257,
          0.90062065,  0.94225   ],
        ...,
        [-0.89968673, -0.90743185, -0.89210257, ...,  0.        ,
          0.01921686,  0.1269652 ],
        [-0.90790945, -0.91533919, -0.90062065, ..., -0.01921686,
          0.        ,  0.10788041],
        [-0.94783062, -0.95343884, -0.94225   , ..., -0.1269652 ,
         -0.10788041,  0.        ]],

       [[ 0.        , -0.00135812,  0.02542579, ...,  0.9763085 ,
          0.9644687 ,  0.99274482],
        [ 0.00135812,  0.        ,  0.02678345, ...,  0.97601373,
          0.96410899,  0.9925806 ],
        [-0.02542579, -0.02678345,  0.        , ...,  0.98149459,
          0.97087432,  0.99548108],
        ...,
        [-0.9763085 , -0.97601373, -0.98149459, ...,  0.        ,
          0.04924306, -0.09742173],
        [-0.9644687 , -0.96410899, -0.97087432, ..., -0.04924306,
          0.        , -0.14631236],
        [-0.99274482, -0.9925806 , -0.99548108, ...,  0.09742173,
          0.14631236,  0.        ]]]), 'num': array([ 9.64848001e-01,  2.62774670e-01,  7.87077726e-06,  1.48744350e-03,
        1.53580209e-03,  1.48244089e-03,  5.42216511e-04, -3.50182886e-05,
        1.48710999e-03,  1.47393644e-03,  1.41623965e-03,  8.76648314e-07,
        1.53864807e-03,  1.40922481e-03])}
{'img': array([[[ 0.        ,  0.09720482, -0.05429191, ...,  0.70559302,
          0.8932573 ,  0.6853015 ],
        [-0.09720482,  0.        , -0.15109625, ...,  0.63337059,
          0.84532918,  0.61126585],
        [ 0.05429191,  0.15109625,  0.        , ...,  0.74302453,
          0.91634654,  0.72382934],
        ...,
        [-0.70559302, -0.63337059, -0.74302453, ...,  0.        ,
          0.31578124, -0.0282383 ],
        [-0.8932573 , -0.84532918, -0.91634654, ..., -0.31578124,
          0.        , -0.34244871],
        [-0.6853015 , -0.61126585, -0.72382934, ...,  0.0282383 ,
          0.34244871,  0.        ]],

       [[ 0.        ,  0.21654949,  0.12747019, ...,  0.11769226,
         -0.35029212, -0.39510715],
        [-0.21654949,  0.        , -0.09033744, ..., -0.10014488,
         -0.54480929, -0.58466186],
        [-0.12747019,  0.09033744,  0.        , ..., -0.00985212,
         -0.46682833, -0.50898261],
        ...,
        [-0.11769226,  0.10014488,  0.00985212, ...,  0.        ,
         -0.45809297, -0.50047744],
        [ 0.35029212,  0.54480929,  0.46682833, ...,  0.45809297,
          0.        , -0.04828274],
        [ 0.39510715,  0.58466186,  0.50898261, ...,  0.50047744,
          0.04828274,  0.        ]],

       [[ 0.        ,  0.12070144,  0.31254756, ...,  0.92809805,
          0.98859968,  0.9964209 ],
        [-0.12070144,  0.        ,  0.19560793, ...,  0.87637111,
          0.96319814,  0.97893298],
        [-0.31254756, -0.19560793,  0.        , ...,  0.76522962,
          0.89201333,  0.92008255],
        ...,
        [-0.92809805, -0.87637111, -0.76522962, ...,  0.        ,
          0.22834946,  0.29255077],
        [-0.98859968, -0.96319814, -0.89201333, ..., -0.22834946,
          0.        ,  0.06646219],
        [-0.9964209 , -0.97893298, -0.92008255, ..., -0.29255077,
         -0.06646219,  0.        ]],

       ...,

       [[ 0.        ,  0.35058377,  0.18225007, ...,  0.01808827,
          0.41014593,  0.2472733 ],
        [-0.35058377,  0.        , -0.17402935, ..., -0.33358618,
          0.06437515, -0.10811745],
        [-0.18225007,  0.17402935,  0.        , ..., -0.16443493,
          0.23706119,  0.06654158],
        ...,
        [-0.01808827,  0.33358618,  0.16443493, ...,  0.        ,
          0.39358196,  0.2297063 ],
        [-0.41014593, -0.06437515, -0.23706119, ..., -0.39358196,
          0.        , -0.17189099],
        [-0.2472733 ,  0.10811745, -0.06654158, ..., -0.2297063 ,
          0.17189099,  0.        ]],

       [[ 0.        ,  0.03514673,  0.0222304 , ...,  0.91533919,
          0.95343884,  0.94665799],
        [-0.03514673,  0.        , -0.01292137, ...,  0.90062065,
          0.94225   ,  0.93474743],
        [-0.0222304 ,  0.01292137,  0.        , ...,  0.90616117,
          0.94649884,  0.93926052],
        ...,
        [-0.91533919, -0.90062065, -0.90616117, ...,  0.        ,
          0.10788041,  0.0862448 ],
        [-0.95343884, -0.94225   , -0.94649884, ..., -0.10788041,
          0.        , -0.02173698],
        [-0.94665799, -0.93474743, -0.93926052, ..., -0.0862448 ,
          0.02173698,  0.        ]],

       [[ 0.        ,  0.02678345,  0.02181518, ...,  0.96410899,
          0.9925806 ,  0.99166035],
        [-0.02678345,  0.        , -0.00496972, ...,  0.97087432,
          0.99548108,  0.99475642],
        [-0.02181518,  0.00496972,  0.        , ...,  0.96967164,
          0.99499686,  0.99423587],
        ...,
        [-0.96410899, -0.97087432, -0.96967164, ...,  0.        ,
         -0.14631236, -0.13903934],
        [-0.9925806 , -0.99548108, -0.99499686, ...,  0.14631236,
          0.        ,  0.00734815],
        [-0.99166035, -0.99475642, -0.99423587, ...,  0.13903934,
         -0.00734815,  0.        ]]]), 'num': array([9.82085007e-01, 1.88390024e-01, 8.87801994e-06, 1.51468508e-03,
       1.52823931e-03, 1.49604802e-03, 5.24328403e-04, 3.38855723e-06,
       1.51773478e-03, 1.49528559e-03, 1.44084277e-03, 8.67071997e-07,
       1.55503841e-03, 1.43553278e-03])}
{'img': array([[[ 0.        , -0.15109625, -0.53651732, ...,  0.84532918,
          0.61126585,  0.63337059],
        [ 0.15109625,  0.        , -0.40284908, ...,  0.91634654,
          0.72382934,  0.74302453],
        [ 0.53651732,  0.40284908,  0.        , ...,  0.99999638,
          0.94045412,  0.94967786],
        ...,
        [-0.84532918, -0.91634654, -0.99999638, ...,  0.        ,
         -0.34244871, -0.31578124],
        [-0.61126585, -0.72382934, -0.94045412, ...,  0.34244871,
          0.        ,  0.0282383 ],
        [-0.63337059, -0.74302453, -0.94967786, ...,  0.31578124,
         -0.0282383 ,  0.        ]],

       [[ 0.        , -0.09033744,  0.75175368, ..., -0.54480929,
         -0.58466186, -0.62117714],
        [ 0.09033744,  0.        ,  0.8082524 , ..., -0.46682833,
         -0.50898261, -0.54784252],
        [-0.75175368, -0.8082524 ,  0.        , ..., -0.98966177,
         -0.9954323 , -0.99875849],
        ...,
        [ 0.54480929,  0.46682833,  0.98966177, ...,  0.        ,
         -0.04828274, -0.09394348],
        [ 0.58466186,  0.50898261,  0.9954323 , ...,  0.04828274,
          0.        , -0.04576471],
        [ 0.62117714,  0.54784252,  0.99875849, ...,  0.09394348,
          0.04576471,  0.        ]],

       [[ 0.        ,  0.19560793,  0.15154741, ...,  0.96319814,
          0.97893298,  0.99533451],
        [-0.19560793,  0.        , -0.04472881, ...,  0.89201333,
          0.92008255,  0.95723373],
        [-0.15154741,  0.04472881,  0.        , ...,  0.9113384 ,
          0.93668307,  0.96921644],
        ...,
        [-0.96319814, -0.89201333, -0.9113384 , ...,  0.        ,
          0.06646219,  0.17460487],
        [-0.97893298, -0.92008255, -0.93668307, ..., -0.06646219,
          0.        ,  0.10877757],
        [-0.99533451, -0.95723373, -0.96921644, ..., -0.17460487,
         -0.10877757,  0.        ]],

       ...,

       [[ 0.        , -0.17402935, -0.35648038, ...,  0.06437515,
         -0.10811745, -0.18295687],
        [ 0.17402935,  0.        , -0.18844454, ...,  0.23706119,
          0.06654158, -0.00907314],
        [ 0.35648038,  0.18844454,  0.        , ...,  0.41588684,
          0.2533763 ,  0.17952621],
        ...,
        [-0.06437515, -0.23706119, -0.41588684, ...,  0.        ,
         -0.17189099, -0.24586594],
        [ 0.10811745, -0.06654158, -0.2533763 , ...,  0.17189099,
          0.        , -0.07559187],
        [ 0.18295687,  0.00907314, -0.17952621, ...,  0.24586594,
          0.07559187,  0.        ]],

       [[ 0.        , -0.01292137, -0.05543738, ...,  0.94225   ,
          0.93474743,  0.88006624],
        [ 0.01292137,  0.        , -0.04253125, ...,  0.94649884,
          0.93926052,  0.8861285 ],
        [ 0.05543738,  0.04253125,  0.        , ...,  0.95936753,
          0.95300756,  0.90503734],
        ...,
        [-0.94225   , -0.94649884, -0.95936753, ...,  0.        ,
         -0.02173698, -0.152685  ],
        [-0.93474743, -0.93926052, -0.95300756, ...,  0.02173698,
          0.        , -0.13116681],
        [-0.88006624, -0.8861285 , -0.90503734, ...,  0.152685  ,
          0.13116681,  0.        ]],

       [[ 0.        , -0.00491359, -0.08051586, ...,  0.99965397,
          0.99974614,  0.96817164],
        [ 0.00491359,  0.        , -0.07561725, ...,  0.99977115,
          0.99984478,  0.96693015],
        [ 0.08051586,  0.07561725,  0.        , ...,  0.99852637,
          0.99831442,  0.94487622],
        ...,
        [-0.99965397, -0.99977115, -0.99852637, ...,  0.        ,
          0.00377452,  0.2756681 ],
        [-0.99974614, -0.99984478, -0.99831442, ..., -0.00377452,
          0.        ,  0.27203787],
        [-0.96817164, -0.96693015, -0.94487622, ..., -0.2756681 ,
         -0.27203787,  0.        ]]]), 'num': array([9.23561484e-01, 3.83429511e-01, 6.00146637e-06, 1.42892056e-03,
       1.43368363e-03, 1.40986829e-03, 4.06400886e-04, 9.52613710e-06,
       1.42669780e-03, 1.39954831e-03, 1.35189116e-03, 9.22844531e-07,
       1.44987080e-03, 1.34922581e-03])}
{'img': array([[[ 0.        , -0.40284908, -0.51941342, ...,  0.72382934,
          0.74302453,  0.79975837],
        [ 0.40284908,  0.        , -0.13115781, ...,  0.94045412,
          0.94967786,  0.97383116],
        [ 0.51941342,  0.13115781,  0.        , ...,  0.97691326,
          0.98255641,  0.99522731],
        ...,
        [-0.72382934, -0.94045412, -0.97691326, ...,  0.        ,
          0.0282383 ,  0.11728581],
        [-0.74302453, -0.94967786, -0.98255641, ..., -0.0282383 ,
          0.        ,  0.08919563],
        [-0.79975837, -0.97383116, -0.99522731, ..., -0.11728581,
         -0.08919563,  0.        ]],

       [[ 0.        ,  0.8082524 ,  0.00958549, ..., -0.50898261,
         -0.54784252, -0.72003108],
        [-0.8082524 ,  0.        , -0.80257099, ..., -0.9954323 ,
         -0.99875849, -0.9848605 ],
        [-0.00958549,  0.80257099,  0.        , ..., -0.5172102 ,
         -0.5558364 , -0.72664977],
        ...,
        [ 0.50898261,  0.9954323 ,  0.5172102 , ...,  0.        ,
         -0.04576471, -0.26658173],
        [ 0.54784252,  0.99875849,  0.5558364 , ...,  0.04576471,
          0.        , -0.22219383],
        [ 0.72003108,  0.9848605 ,  0.72664977, ...,  0.26658173,
          0.22219383,  0.        ]],

       [[ 0.        , -0.04472881, -0.11820648, ...,  0.92008255,
          0.95723373,  0.97992997],
        [ 0.04472881,  0.        , -0.07367296, ...,  0.93668307,
          0.96921644,  0.98786556],
        [ 0.11820648,  0.07367296,  0.        , ...,  0.95993626,
          0.98472159,  0.99662324],
        ...,
        [-0.92008255, -0.93668307, -0.95993626, ...,  0.        ,
          0.10877757,  0.20045145],
        [-0.95723373, -0.96921644, -0.98472159, ..., -0.10877757,
          0.        ,  0.09269221],
        [-0.97992997, -0.98786556, -0.99662324, ..., -0.20045145,
         -0.09269221,  0.        ]],

       ...,

       [[ 0.        , -0.18844454, -0.57007938, ...,  0.06654158,
         -0.00907314,  0.36174369],
        [ 0.18844454,  0.        , -0.40504166, ...,  0.2533763 ,
          0.17952621,  0.53094525],
        [ 0.57007938,  0.40504166,  0.        , ...,  0.62348576,
          0.56260152,  0.82867709],
        ...,
        [-0.06654158, -0.2533763 , -0.62348576, ...,  0.        ,
         -0.07559187,  0.29890671],
        [ 0.00907314, -0.17952621, -0.56260152, ...,  0.07559187,
          0.        ,  0.37018748],
        [-0.36174369, -0.53094525, -0.82867709, ..., -0.29890671,
         -0.37018748,  0.        ]],

       [[ 0.        , -0.04253125, -0.109936  , ...,  0.93926052,
          0.8861285 ,  0.8272684 ],
        [ 0.04253125,  0.        , -0.06756306, ...,  0.95300756,
          0.90503734,  0.85041419],
        [ 0.109936  ,  0.06756306,  0.        , ...,  0.97129794,
          0.93170608,  0.88401686],
        ...,
        [-0.93926052, -0.95300756, -0.97129794, ...,  0.        ,
         -0.13116681, -0.24376039],
        [-0.8861285 , -0.90503734, -0.93170608, ...,  0.13116681,
          0.        , -0.11444415],
        [-0.8272684 , -0.85041419, -0.88401686, ...,  0.24376039,
          0.11444415,  0.        ]],

       [[ 0.        , -0.07437851, -0.16308425, ...,  0.99195157,
          0.99983154,  0.96261327],
        [ 0.07437851,  0.        , -0.08924977, ...,  0.99862159,
          0.99842728,  0.9397993 ],
        [ 0.16308425,  0.08924977,  0.        , ...,  0.99932085,
          0.9894393 ,  0.90554977],
        ...,
        [-0.99195157, -0.99862159, -0.99932085, ...,  0.        ,
          0.10838961,  0.39058338],
        [-0.99983154, -0.99842728, -0.9894393 , ..., -0.10838961,
          0.        ,  0.28850229],
        [-0.96261327, -0.9397993 , -0.90554977, ..., -0.39058338,
         -0.28850229,  0.        ]]]), 'num': array([7.95132709e-01, 6.06425031e-01, 2.03787990e-06, 1.25805119e-03,
       1.26212695e-03, 1.22001076e-03, 8.97197003e-04, 3.53232515e-05,
       1.22952087e-03, 1.20078676e-03, 1.15916873e-03, 8.73901649e-07,
       1.25120680e-03, 1.15036673e-03])}
{'img': array([[[ 0.        , -0.13115781,  0.04965698, ...,  0.94967786,
          0.97383116,  0.85808151],
        [ 0.13115781,  0.        ,  0.18022403, ...,  0.98255641,
          0.99522731,  0.78331766],
        [-0.04965698, -0.18022403,  0.        , ...,  0.9329523 ,
          0.9613441 ,  0.88252245],
        ...,
        [-0.94967786, -0.98255641, -0.9329523 , ...,  0.        ,
          0.08919563,  0.75644781],
        [-0.97383116, -0.99522731, -0.9613441 , ..., -0.08919563,
          0.        ,  0.69509394],
        [-0.85808151, -0.78331766, -0.88252245, ..., -0.75644781,
         -0.69509394,  0.        ]],

       [[ 0.        , -0.80257099, -0.64590527, ..., -0.99875849,
         -0.9848605 , -0.76479227],
        [ 0.80257099,  0.        ,  0.22737771, ..., -0.5558364 ,
         -0.72664977,  0.06083608],
        [ 0.64590527, -0.22737771,  0.        , ..., -0.73029438,
         -0.8638267 , -0.16771398],
        ...,
        [ 0.99875849,  0.5558364 ,  0.73029438, ...,  0.        ,
         -0.22219383,  0.60537939],
        [ 0.9848605 ,  0.72664977,  0.8638267 , ...,  0.22219383,
          0.        ,  0.76709873],
        [ 0.76479227, -0.06083608,  0.16771398, ..., -0.60537939,
         -0.76709873,  0.        ]],

       [[ 0.        , -0.07319688, -0.17965223, ...,  0.96240633,
          0.98203813,  0.97360001],
        [ 0.07319688,  0.        , -0.10716434, ...,  0.97970596,
          0.9932148 ,  0.95428035],
        [ 0.17965223,  0.10716434,  0.        , ...,  0.99554418,
          0.99995779,  0.91675214],
        ...,
        [-0.96240633, -0.97970596, -0.99554418, ...,  0.        ,
          0.08514581,  0.48412292],
        [-0.98203813, -0.9932148 , -0.99995779, ..., -0.08514581,
          0.        ,  0.40786224],
        [-0.97360001, -0.95428035, -0.91675214, ..., -0.48412292,
         -0.40786224,  0.        ]],

       ...,

       [[ 0.        , -0.40504166, -0.56614338, ...,  0.17952621,
          0.53094525,  0.80476781],
        [ 0.40504166,  0.        , -0.18374529, ...,  0.56260152,
          0.82867709,  0.97622636],
        [ 0.56614338,  0.18374529,  0.        , ...,  0.70493002,
          0.91741514,  0.99943246],
        ...,
        [-0.17952621, -0.56260152, -0.70493002, ...,  0.        ,
          0.37018748,  0.68512799],
        [-0.53094525, -0.82867709, -0.91741514, ..., -0.37018748,
          0.        ,  0.36680152],
        [-0.80476781, -0.97622636, -0.99943246, ..., -0.68512799,
         -0.36680152,  0.        ]],

       [[ 0.        , -0.06756306, -0.13148204, ...,  0.90503734,
          0.85041419,  0.93721687],
        [ 0.06756306,  0.        , -0.06420508, ...,  0.93170608,
          0.88401686,  0.95863776],
        [ 0.13148204,  0.06420508,  0.        , ...,  0.95310384,
          0.91220587,  0.97493445],
        ...,
        [-0.90503734, -0.93170608, -0.95310384, ...,  0.        ,
         -0.11444415,  0.0829993 ],
        [-0.85041419, -0.88401686, -0.91220587, ...,  0.11444415,
          0.        ,  0.19650324],
        [-0.93721687, -0.95863776, -0.97493445, ..., -0.0829993 ,
         -0.19650324,  0.        ]],

       [[ 0.        , -0.08924977, -0.13486453, ...,  0.99842728,
          0.9397993 ,  0.99966776],
        [ 0.08924977,  0.        , -0.04589194, ...,  0.9894393 ,
          0.90554977,  0.99337792],
        [ 0.13486453,  0.04589194,  0.        , ...,  0.9817449 ,
          0.8851265 ,  0.98705867],
        ...,
        [-0.99842728, -0.9894393 , -0.9817449 , ...,  0.        ,
          0.28850229, -0.03030875],
        [-0.9397993 , -0.90554977, -0.8851265 , ..., -0.28850229,
          0.        , -0.31738975],
        [-0.99966776, -0.99337792, -0.98705867, ...,  0.03030875,
          0.31738975,  0.        ]]]), 'num': array([7.65793776e-01, 6.43076404e-01, 1.30550395e-06, 1.22717372e-03,
       1.23761775e-03, 1.19192511e-03, 1.22120756e-03, 1.82770554e-05,
       1.18853080e-03, 1.15654595e-03, 1.11722853e-03, 9.28513508e-07,
       1.21412386e-03, 1.09896805e-03])}
{'img': array([[[ 0.        ,  0.1720868 , -0.11083832, ...,  0.97489817,
          0.98585946,  0.76143505],
        [-0.1720868 ,  0.        , -0.28021128, ...,  0.9220391 ,
          0.99998952,  0.86162956],
        [ 0.11083832,  0.28021128,  0.        , ...,  0.99356957,
          0.96121139,  0.68489347],
        ...,
        [-0.97489817, -0.9220391 , -0.99356957, ...,  0.        ,
          0.38287063,  0.8015036 ],
        [-0.98585946, -0.99998952, -0.96121139, ..., -0.38287063,
          0.        ,  0.51147782],
        [-0.76143505, -0.86162956, -0.68489347, ..., -0.8015036 ,
         -0.51147782,  0.        ]],

       [[ 0.        ,  0.22737771, -0.01161496, ..., -0.72664977,
          0.06083608,  0.40537727],
        [-0.22737771,  0.        , -0.2386731 , ..., -0.8638267 ,
         -0.16771398,  0.18690186],
        [ 0.01161496,  0.2386731 ,  0.        , ..., -0.71862118,
          0.07242542,  0.41596774],
        ...,
        [ 0.72664977,  0.8638267 ,  0.71862118, ...,  0.        ,
          0.76709873,  0.94276397],
        [-0.06083608,  0.16771398, -0.07242542, ..., -0.76709873,
          0.        ,  0.34901315],
        [-0.40537727, -0.18690186, -0.41596774, ..., -0.94276397,
         -0.34901315,  0.        ]],

       [[ 0.        , -0.10437403, -0.30746734, ...,  0.97276512,
          0.9988085 ,  0.94615219],
        [ 0.10437403,  0.        , -0.20646998, ...,  0.99164517,
          0.99844673,  0.90719623],
        [ 0.30746734,  0.20646998,  0.        , ...,  0.99691184,
          0.96542971,  0.8007853 ],
        ...,
        [-0.97276512, -0.99164517, -0.99691184, ...,  0.        ,
          0.1840445 ,  0.53421711],
        [-0.9988085 , -0.99844673, -0.96542971, ..., -0.1840445 ,
          0.        ,  0.36951004],
        [-0.94615219, -0.90719623, -0.8007853 , ..., -0.53421711,
         -0.36951004,  0.        ]],

       ...,

       [[ 0.        , -0.18374529,  0.04281439, ...,  0.82867709,
          0.97622636,  0.89879847],
        [ 0.18374529,  0.        ,  0.22566223, ...,  0.91741514,
          0.99943246,  0.80294846],
        [-0.04281439, -0.22566223,  0.        , ...,  0.80395286,
          0.96605103,  0.91674252],
        ...,
        [-0.82867709, -0.91741514, -0.80395286, ...,  0.        ,
          0.36680152,  0.86634235],
        [-0.97622636, -0.99943246, -0.96605103, ..., -0.36680152,
          0.        ,  0.62275837],
        [-0.89879847, -0.80294846, -0.91674252, ..., -0.86634235,
         -0.62275837,  0.        ]],

       [[ 0.        , -0.06420508, -0.11363111, ...,  0.88401686,
          0.95863776,  0.99996361],
        [ 0.06420508,  0.        , -0.04960743, ...,  0.91220587,
          0.97493445,  0.99844814],
        [ 0.11363111,  0.04960743,  0.        , ...,  0.93140852,
          0.98477138,  0.99445623],
        ...,
        [-0.88401686, -0.91220587, -0.93140852, ...,  0.        ,
          0.19650324,  0.45989656],
        [-0.95863776, -0.97493445, -0.98477138, ..., -0.19650324,
          0.        ,  0.27644056],
        [-0.99996361, -0.99844814, -0.99445623, ..., -0.45989656,
         -0.27644056,  0.        ]],

       [[ 0.        , -0.04589194, -0.15451743, ...,  0.90554977,
          0.99337792,  0.99616798],
        [ 0.04589194,  0.        , -0.10901385, ...,  0.8851265 ,
          0.98705867,  0.99913216],
        [ 0.15451743,  0.10901385,  0.        , ...,  0.82912169,
          0.96369461,  0.99771825],
        ...,
        [-0.90554977, -0.8851265 , -0.82912169, ...,  0.        ,
         -0.31738975, -0.5018143 ],
        [-0.99337792, -0.98705867, -0.96369461, ...,  0.31738975,
          0.        , -0.20133377],
        [-0.99616798, -0.99913216, -0.99771825, ...,  0.5018143 ,
          0.20133377,  0.        ]]]), 'num': array([7.81546923e-01, 6.23836006e-01, 1.62924501e-06, 1.28220258e-03,
       1.28485175e-03, 1.24908784e-03, 1.10135638e-03, 3.70885043e-05,
       1.22603998e-03, 1.17835476e-03, 1.13780025e-03, 9.83980725e-07,
       1.25358118e-03, 1.10312835e-03])}
{'img': array([[[ 0.        , -0.25916396, -0.82283391, ...,  0.95969441,
          0.99358746,  0.82283391],
        [ 0.25916396,  0.        , -0.64744222, ...,  0.99974175,
          0.98894258,  0.64744222],
        [ 0.82283391,  0.64744222,  0.        , ...,  0.77663087,
          0.65767251,  0.        ],
        ...,
        [-0.95969441, -0.99974175, -0.77663087, ...,  0.        ,
          0.1707344 ,  0.77663087],
        [-0.99358746, -0.98894258, -0.65767251, ..., -0.1707344 ,
          0.        ,  0.65767251],
        [-0.82283391, -0.64744222, -0.        , ..., -0.77663087,
         -0.65767251,  0.        ]],

       [[ 0.        , -0.2386731 ,  0.94130713, ..., -0.16771398,
          0.18690186,  0.05810817],
        [ 0.2386731 ,  0.        ,  0.83353891, ...,  0.07242542,
          0.41596774,  0.29469866],
        [-0.94130713, -0.83353891,  0.        , ..., -0.8713621 ,
         -0.98780894, -0.95933109],
        ...,
        [ 0.16771398, -0.07242542,  0.8713621 , ...,  0.        ,
          0.34901315,  0.2247157 ],
        [-0.18690186, -0.41596774,  0.98780894, ..., -0.34901315,
          0.        , -0.12950183],
        [-0.05810817, -0.29469866,  0.95933109, ..., -0.2247157 ,
          0.12950183,  0.        ]],

       [[ 0.        , -0.19422908, -0.46469205, ...,  0.97522708,
          0.99298431,  0.8809645 ],
        [ 0.19422908,  0.        , -0.28385807, ...,  0.99961971,
          0.99704096,  0.77228181],
        [ 0.46469205,  0.28385807,  0.        , ...,  0.96632934,
          0.93420821,  0.56018563],
        ...,
        [-0.97522708, -0.99961971, -0.96632934, ...,  0.        ,
          0.10433736,  0.65633499],
        [-0.99298431, -0.99704096, -0.93420821, ..., -0.10433736,
          0.        ,  0.57403332],
        [-0.8809645 , -0.77228181, -0.56018563, ..., -0.65633499,
         -0.57403332,  0.        ]],

       ...,

       [[ 0.        ,  0.21712877, -0.60834254, ...,  0.99093525,
          0.941616  ,  0.60834254],
        [-0.21712877,  0.        , -0.76615888, ...,  0.93812533,
          0.99225665,  0.76615888],
        [ 0.60834254,  0.76615888,  0.        , ...,  0.86820507,
          0.54251461,  0.        ],
        ...,
        [-0.99093525, -0.93812533, -0.86820507, ...,  0.        ,
          0.46013374,  0.86820507],
        [-0.941616  , -0.99225665, -0.54251461, ..., -0.46013374,
          0.        ,  0.54251461],
        [-0.60834254, -0.76615888, -0.        , ..., -0.86820507,
         -0.54251461,  0.        ]],

       [[ 0.        , -0.04737485,  0.07614245, ...,  0.94534925,
          0.99407633,  0.74933031],
        [ 0.04737485,  0.        ,  0.12329427, ...,  0.95973482,
          0.99810906,  0.7171175 ],
        [-0.07614245, -0.12329427,  0.        , ...,  0.91777789,
          0.98291499,  0.79757622],
        ...,
        [-0.94534925, -0.95973482, -0.91777789, ...,  0.        ,
          0.2213835 ,  0.87033314],
        [-0.99407633, -0.99810906, -0.98291499, ..., -0.2213835 ,
          0.        ,  0.73971414],
        [-0.74933031, -0.7171175 , -0.79757622, ..., -0.87033314,
