state_0,state_1,state_2,state_3,state_4,state_5,state_6,state_7,state_8,state_9,state_10,state_11,state_12,state_13,state_14,state_15,state_16,state_17,state_18,state_19,state_20,state_21,state_22,state_23,state_24,state_25,state_26,state_27,state_28,state_29,state_30,state_31,state_32,state_33,state_34,state_35,state_36,state_37,state_38,state_39,state_40,state_41,state_42,state_43,state_44,state_45,state_46,state_47,state_48,state_49,state_50,state_51,state_52,state_53,state_54,state_55,state_56,state_57,state_58,state_59,state_60,state_61,state_62,state_63,state_64,state_65,state_66,state_67,state_68,state_69,state_70,state_71,state_72,state_73,state_74,state_75,state_76,state_77,state_78,state_79,state_80,state_81,state_82,state_83,state_84,state_85,state_86,state_87,state_88,state_89,state_90,state_91,state_92,state_93,state_94,state_95,state_96,state_97,state_98,state_99,state_100,state_101,state_102,state_103,state_104,state_105,state_106,state_107,state_108,state_109,state_110,state_111,state_112,state_113,state_114,state_115,state_116,state_117,state_118,state_119,state_120,state_121,state_122,state_123,state_124,state_125,state_126,state_127,state_128,state_129,state_130,state_131,state_132,state_133,state_134,state_135,state_136,state_137,state_138,state_139,state_140,state_141,state_142,state_143,state_144,state_145,state_146,state_147,state_148,state_149,state_150,state_151,state_152,state_153,state_154,state_155,state_156,state_157,state_158,state_159,state_160,state_161,state_162,state_163,state_164,state_165,state_166,state_167,state_168,state_169,state_170,state_171,state_172,state_173,state_174,state_175,state_176,state_177,state_178,state_179,state_180,state_181,state_182,state_183,state_184,state_185,state_186,state_187,state_188,state_189,state_190,state_191,state_192,state_193,state_194,state_195,state_196,state_197,state_198,state_199,state_200,state_201,state_202,state_203,state_204,state_205,state_206,state_207,state_208,state_209,state_210,state_211,state_212,state_213,state_214,state_215,state_216,state_217,state_218,state_219,state_220,state_221,state_222,state_223,state_224,state_225,state_226,state_227,state_228,state_229,state_230,state_231,state_232,state_233,state_234,state_235,state_236,state_237,state_238,state_239,state_240,state_241,state_242,state_243,state_244,state_245,state_246,state_247,state_248,state_249,state_250,state_251,state_252,state_253,state_254,state_255,state_256,state_257,state_258,state_259,state_260,state_261,state_262,state_263,state_264,state_265,state_266,state_267,state_268,state_269,state_270,state_271,state_272,state_273,state_274,state_275,state_276,state_277,state_278,state_279,state_280,state_281,state_282,state_283,state_284,state_285,state_286,state_287
{'img': array([[[ 0.        ,  0.0149254 , -0.08845858, ..., -0.9758262 ,
         -0.97274343, -0.96833892],
        [-0.0149254 ,  0.        , -0.10331562, ..., -0.97897942,
         -0.96917412, -0.97195702],
        [ 0.08845858,  0.10331562,  0.        , ..., -0.95266837,
         -0.98944227, -0.94246016],
        ...,
        [ 0.9758262 ,  0.97897942,  0.95266837, ...,  0.        ,
         -0.43886968,  0.03197594],
        [ 0.97274343,  0.96917412,  0.98944227, ...,  0.43886968,
          0.        ,  0.46737726],
        [ 0.96833892,  0.97195702,  0.94246016, ..., -0.03197594,
         -0.46737726,  0.        ]],

       [[ 0.        , -0.4397463 ,  0.23251949, ...,  0.5627363 ,
          0.32948478,  0.57570693],
        [ 0.4397463 ,  0.        ,  0.63652449, ...,  0.8689162 ,
          0.71110879,  0.87661633],
        [-0.23251949, -0.63652449,  0.        , ...,  0.35510359,
          0.10091837,  0.36980682],
        ...,
        [-0.5627363 , -0.8689162 , -0.35510359, ...,  0.        ,
         -0.25894947,  0.01577556],
        [-0.32948478, -0.71110879, -0.10091837, ...,  0.25894947,
          0.        ,  0.27415472],
        [-0.57570693, -0.87661633, -0.36980682, ..., -0.01577556,
         -0.27415472,  0.        ]],

       [[ 0.        , -0.00715725, -0.03214652, ..., -0.88810638,
         -0.97846945, -0.98861876],
        [ 0.00715725,  0.        , -0.02499215, ..., -0.88479389,
         -0.97696719, -0.9896702 ],
        [ 0.03214652,  0.02499215,  0.        , ..., -0.87287162,
         -0.97132897, -0.99294402],
        ...,
        [ 0.88810638,  0.88479389,  0.87287162, ...,  0.        ,
         -0.26644394, -0.58801564],
        [ 0.97846945,  0.97696719,  0.97132897, ...,  0.26644394,
          0.        , -0.35124606],
        [ 0.98861876,  0.9896702 ,  0.99294402, ...,  0.58801564,
          0.35124606,  0.        ]],

       ...,

       [[ 0.        , -0.00929763, -0.32584131, ..., -0.85764353,
         -0.8897707 , -0.8897707 ],
        [ 0.00929763,  0.        , -0.31703702, ..., -0.8528252 ,
         -0.88548873, -0.88548873],
        [ 0.32584131,  0.31703702,  0.        , ..., -0.64327503,
         -0.69249448, -0.69249448],
        ...,
        [ 0.85764353,  0.8528252 ,  0.64327503, ...,  0.        ,
         -0.06612462, -0.06612462],
        [ 0.8897707 ,  0.88548873,  0.69249448, ...,  0.06612462,
          0.        ,  0.        ],
        [ 0.8897707 ,  0.88548873,  0.69249448, ...,  0.06612462,
          0.        ,  0.        ]],

       [[ 0.        ,  0.03091774,  0.07278015, ..., -0.92600338,
         -0.86753492, -0.90186257],
        [-0.03091774,  0.        ,  0.04190961, ..., -0.9372326 ,
         -0.88249794, -0.91478859],
        [-0.07278015, -0.04190961,  0.        , ..., -0.95102324,
         -0.90143335, -0.93091354],
        ...,
        [ 0.92600338,  0.9372326 ,  0.95102324, ...,  0.        ,
          0.13306446,  0.05958795],
        [ 0.86753492,  0.88249794,  0.90143335, ..., -0.13306446,
          0.        , -0.07376996],
        [ 0.90186257,  0.91478859,  0.93091354, ..., -0.05958795,
          0.07376996,  0.        ]],

       [[ 0.        ,  0.2728102 ,  0.37513484, ...,  0.11149643,
         -0.27351219, -0.72518126],
        [-0.2728102 ,  0.        ,  0.10801824, ..., -0.16384205,
         -0.52554484, -0.88551924],
        [-0.37513484, -0.10801824,  0.        , ..., -0.26944194,
         -0.61436806, -0.93052356],
        ...,
        [-0.11149643,  0.16384205,  0.26944194, ...,  0.        ,
         -0.3790517 , -0.7974314 ],
        [ 0.27351219,  0.52554484,  0.61436806, ...,  0.3790517 ,
          0.        , -0.50920003],
        [ 0.72518126,  0.88551924,  0.93052356, ...,  0.7974314 ,
          0.50920003,  0.        ]]]), 'num': array([9.86394240e-01, 1.63036923e-01, 4.57420731e-05, 1.56531809e-03,
       1.56966620e-03, 1.51748893e-03, 2.06015862e-02, 3.04367407e-05,
       1.55401302e-03, 1.63967070e-03, 1.79083985e-03, 3.45290756e-06,
       1.76601741e-03, 1.51332399e-03])}
{'img': array([[[ 0.        , -0.10331562, -0.17549909, ..., -0.96917412,
         -0.97195702, -0.9118571 ],
        [ 0.10331562,  0.        , -0.07284781, ..., -0.98944227,
         -0.94246016, -0.86456554],
        [ 0.17549909,  0.07284781,  0.        , ..., -0.99737105,
         -0.91560174, -0.82566096],
        ...,
        [ 0.96917412,  0.98944227,  0.99737105, ...,  0.        ,
          0.46737726,  0.62251396],
        [ 0.97195702,  0.94246016,  0.91560174, ..., -0.46737726,
          0.        ,  0.18456492],
        [ 0.9118571 ,  0.86456554,  0.82566096, ..., -0.62251396,
         -0.18456492,  0.        ]],

       [[ 0.        ,  0.63652449, -0.45843831, ...,  0.71110879,
          0.87661633,  0.37929488],
        [-0.63652449,  0.        , -0.91926953, ...,  0.10091837,
          0.36980682, -0.2964271 ],
        [ 0.45843831,  0.91926953,  0.        , ...,  0.95430076,
          0.99966786,  0.76127121],
        ...,
        [-0.71110879, -0.10091837, -0.95430076, ...,  0.        ,
          0.27415472, -0.39129639],
        [-0.87661633, -0.36980682, -0.99966786, ..., -0.27415472,
          0.        , -0.62859901],
        [-0.37929488,  0.2964271 , -0.76127121, ...,  0.39129639,
          0.62859901,  0.        ]],

       [[ 0.        , -0.0241034 , -0.04468028, ..., -0.93540193,
         -0.97428179, -0.98398193],
        [ 0.0241034 ,  0.        , -0.02058797, ..., -0.92660754,
         -0.96856744, -0.98799292],
        [ 0.04468028,  0.02058797,  0.        , ..., -0.91866945,
         -0.96324087, -0.99096434],
        ...,
        [ 0.93540193,  0.92660754,  0.91866945, ...,  0.        ,
         -0.13371564, -0.51467492],
        [ 0.97428179,  0.96856744,  0.96324087, ...,  0.13371564,
          0.        , -0.39540717],
        [ 0.98398193,  0.98799292,  0.99096434, ...,  0.51467492,
          0.39540717,  0.        ]],

       ...,

       [[ 0.        , -0.31703702, -0.31703702, ..., -0.88548873,
         -0.88548873, -0.80284306],
        [ 0.31703702,  0.        ,  0.        , ..., -0.69249448,
         -0.69249448, -0.5724125 ],
        [ 0.31703702,  0.        ,  0.        , ..., -0.69249448,
         -0.69249448, -0.5724125 ],
        ...,
        [ 0.88548873,  0.69249448,  0.69249448, ...,  0.        ,
          0.        ,  0.15487016],
        [ 0.88548873,  0.69249448,  0.69249448, ...,  0.        ,
          0.        ,  0.15487016],
        [ 0.80284306,  0.5724125 ,  0.5724125 , ..., -0.15487016,
         -0.15487016,  0.        ]],

       [[ 0.        ,  0.04074788,  0.04214622, ..., -0.82864279,
         -0.8533362 , -0.98358988],
        [-0.04074788,  0.        ,  0.00139955, ..., -0.85076432,
         -0.87387183, -0.99012465],
        [-0.04214622, -0.00139955,  0.        , ..., -0.85149902,
         -0.87455137, -0.99031988],
        ...,
        [ 0.82864279,  0.85076432,  0.85149902, ...,  0.        ,
         -0.04565656, -0.40108897],
        [ 0.8533362 ,  0.87387183,  0.87455137, ...,  0.04565656,
          0.        , -0.35884751],
        [ 0.98358988,  0.99012465,  0.99031988, ...,  0.40108897,
          0.35884751,  0.        ]],

       [[ 0.        ,  0.10384648,  0.26434249, ..., -0.4894772 ,
         -0.73025878, -0.90268364],
        [-0.10384648,  0.        ,  0.16276073, ..., -0.57738656,
         -0.79725538, -0.94248877],
        [-0.26434249, -0.16276073,  0.        , ..., -0.70257685,
         -0.88487368, -0.98432201],
        ...,
        [ 0.4894772 ,  0.57738656,  0.70257685, ...,  0.        ,
         -0.30240096, -0.57653025],
        [ 0.73025878,  0.79725538,  0.88487368, ...,  0.30240096,
          0.        , -0.30245307],
        [ 0.90268364,  0.94248877,  0.98432201, ...,  0.57653025,
          0.30245307,  0.        ]]]), 'num': array([ 7.76209218e-01,  6.30470552e-01,  8.32792376e-06,  1.95098616e-04,
        2.02345136e-04,  1.91754068e-04,  2.40726050e-03, -5.57424616e-06,
        1.96213465e-04,  2.08867004e-04,  2.28832095e-04,  4.18068462e-07,
        2.25410780e-04,  1.92323227e-04])}
{'img': array([[[ 0.        , -0.07284781, -0.07284781, ..., -0.94246016,
         -0.86456554, -0.97190779],
        [ 0.07284781,  0.        ,  0.        , ..., -0.91560174,
         -0.82566096, -0.9521799 ],
        [ 0.07284781,  0.        ,  0.        , ..., -0.91560174,
         -0.82566096, -0.9521799 ],
        ...,
        [ 0.94246016,  0.91560174,  0.91560174, ...,  0.        ,
          0.18456492, -0.10310749],
        [ 0.86456554,  0.82566096,  0.82566096, ..., -0.18456492,
          0.        , -0.28491736],
        [ 0.97190779,  0.9521799 ,  0.9521799 , ...,  0.10310749,
          0.28491736,  0.        ]],

       [[ 0.        , -0.91926953, -0.49465434, ...,  0.36980682,
         -0.2964271 , -0.36896859],
        [ 0.91926953,  0.        ,  0.60421765, ...,  0.99966786,
          0.76127121,  0.70917097],
        [ 0.49465434, -0.60421765,  0.        , ...,  0.78098297,
          0.21480058,  0.13908561],
        ...,
        [-0.36980682, -0.99966786, -0.78098297, ...,  0.        ,
         -0.62859901, -0.68652586],
        [ 0.2964271 , -0.76127121, -0.21480058, ...,  0.62859901,
          0.        , -0.07687373],
        [ 0.36896859, -0.70917097, -0.13908561, ...,  0.68652586,
          0.07687373,  0.        ]],

       [[ 0.        , -0.01980978, -0.01321501, ..., -0.92453792,
         -0.9738737 , -0.98148121],
        [ 0.01980978,  0.        ,  0.00659563, ..., -0.91680719,
         -0.96918398, -0.98508334],
        [ 0.01321501, -0.00659563,  0.        , ..., -0.91942108,
         -0.97078766, -0.98392695],
        ...,
        [ 0.92453792,  0.91680719,  0.91942108, ...,  0.        ,
         -0.16117994, -0.55113577],
        [ 0.9738737 ,  0.96918398,  0.97078766, ...,  0.16117994,
          0.        , -0.40943863],
        [ 0.98148121,  0.98508334,  0.98392695, ...,  0.55113577,
          0.40943863,  0.        ]],

       ...,

       [[ 0.        ,  0.        , -0.16374924, ..., -0.69249448,
         -0.5724125 , -0.63053169],
        [ 0.        ,  0.        , -0.16374924, ..., -0.69249448,
         -0.5724125 , -0.63053169],
        [ 0.16374924,  0.16374924,  0.        , ..., -0.56501469,
         -0.43041729, -0.49492459],
        ...,
        [ 0.69249448,  0.69249448,  0.56501469, ...,  0.        ,
          0.15487016,  0.08260877],
        [ 0.5724125 ,  0.5724125 ,  0.43041729, ..., -0.15487016,
          0.        , -0.07272874],
        [ 0.63053169,  0.63053169,  0.49492459, ..., -0.08260877,
          0.07272874,  0.        ]],

       [[ 0.        ,  0.00136759, -0.00341661, ..., -0.83623025,
         -0.92064746, -0.99307759],
        [-0.00136759,  0.        , -0.00478419, ..., -0.83697942,
         -0.9211805 , -0.9932373 ],
        [ 0.00341661,  0.00478419,  0.        , ..., -0.83435177,
         -0.91930826, -0.99267047],
        ...,
        [ 0.83623025,  0.83697942,  0.83435177, ...,  0.        ,
         -0.17840316, -0.44635859],
        [ 0.92064746,  0.9211805 ,  0.91930826, ...,  0.17840316,
          0.        , -0.27955305],
        [ 0.99307759,  0.9932373 ,  0.99267047, ...,  0.44635859,
          0.27955305,  0.        ]],

       [[ 0.        ,  0.15198199,  0.29697559, ..., -0.6822008 ,
         -0.74620883, -0.96431967],
        [-0.15198199,  0.        ,  0.14840037, ..., -0.78539974,
         -0.83871655, -0.99335322],
        [-0.29697559, -0.14840037,  0.        , ..., -0.86856148,
         -0.91024387, -0.99943595],
        ...,
        [ 0.6822008 ,  0.78539974,  0.86856148, ...,  0.        ,
         -0.09145248, -0.52447044],
        [ 0.74620883,  0.83871655,  0.91024387, ...,  0.09145248,
          0.        , -0.44440735],
        [ 0.96431967,  0.99335322,  0.99943595, ...,  0.52447044,
          0.44440735,  0.        ]]]), 'num': array([8.51164219e-01, 5.24895212e-01, 1.84854961e-05, 2.15075153e-04,
       2.18121543e-04, 2.09591650e-04, 2.02158458e-03, 1.82783416e-06,
       2.14587730e-04, 2.26956075e-04, 2.49397817e-04, 5.03316653e-07,
       2.44784096e-04, 2.09128054e-04])}
{'img': array([[[ 0.        ,  0.        ,  0.14608903, ..., -0.82566096,
         -0.9521799 , -0.91560174],
        [ 0.        ,  0.        ,  0.14608903, ..., -0.82566096,
         -0.9521799 , -0.91560174],
        [-0.14608903, -0.14608903,  0.        , ..., -0.89922137,
         -0.98660013, -0.96451907],
        ...,
        [ 0.82566096,  0.82566096,  0.89922137, ...,  0.        ,
         -0.28491736, -0.18456492],
        [ 0.9521799 ,  0.9521799 ,  0.98660013, ...,  0.28491736,
          0.        ,  0.10310749],
        [ 0.91560174,  0.91560174,  0.96451907, ...,  0.18456492,
         -0.10310749,  0.        ]],

       [[ 0.        ,  0.60421765,  0.45853246, ...,  0.76127121,
          0.70917097,  0.5425361 ],
        [-0.60421765,  0.        , -0.1715872 , ...,  0.21480058,
          0.13908561, -0.07525921],
        [-0.45853246,  0.1715872 ,  0.        , ...,  0.37919686,
          0.30694226,  0.09695754],
        ...,
        [-0.76127121, -0.21480058, -0.37919686, ...,  0.        ,
         -0.07687373, -0.28769391],
        [-0.70917097, -0.13908561, -0.30694226, ...,  0.07687373,
          0.        , -0.21321888],
        [-0.5425361 ,  0.07525921, -0.09695754, ...,  0.28769391,
          0.21321888,  0.        ]],

       [[ 0.        ,  0.00659563,  0.00329687, ..., -0.96918398,
         -0.98508334, -0.99574019],
        [-0.00659563,  0.        , -0.0032988 , ..., -0.97078766,
         -0.98392695, -0.99511039],
        [-0.00329687,  0.0032988 ,  0.        , ..., -0.96999086,
         -0.98451067, -0.9954308 ],
        ...,
        [ 0.96918398,  0.97078766,  0.96999086, ...,  0.        ,
         -0.40943863, -0.33465072],
        [ 0.98508334,  0.98392695,  0.98451067, ...,  0.40943863,
          0.        ,  0.08051686],
        [ 0.99574019,  0.99511039,  0.9954308 , ...,  0.33465072,
         -0.08051686,  0.        ]],

       ...,

       [[ 0.        , -0.16374924,  0.19464017, ..., -0.5724125 ,
         -0.63053169, -0.52932763],
        [ 0.16374924,  0.        ,  0.3526304 , ..., -0.43041729,
         -0.49492459, -0.38325504],
        [-0.19464017, -0.3526304 ,  0.        , ..., -0.72106323,
         -0.76954519, -0.68434021],
        ...,
        [ 0.5724125 ,  0.43041729,  0.72106323, ...,  0.        ,
         -0.07272874,  0.05161422],
        [ 0.63053169,  0.49492459,  0.76954519, ...,  0.07272874,
          0.        ,  0.12410933],
        [ 0.52932763,  0.38325504,  0.68434021, ..., -0.05161422,
         -0.12410933,  0.        ]],

       [[ 0.        , -0.0046325 ,  0.00361871, ..., -0.86505416,
         -0.91158758, -0.9964412 ],
        [ 0.0046325 ,  0.        ,  0.00825114, ..., -0.86272085,
         -0.90967335, -0.99604003],
        [-0.00361871, -0.00825114,  0.        , ..., -0.86686392,
         -0.91306928, -0.9967397 ],
        ...,
        [ 0.86505416,  0.86272085,  0.86686392, ...,  0.        ,
         -0.10169497, -0.42697701],
        [ 0.91158758,  0.90967335,  0.91306928, ...,  0.10169497,
          0.        , -0.33280446],
        [ 0.9964412 ,  0.99604003,  0.9967397 , ...,  0.42697701,
          0.33280446,  0.        ]],

       [[ 0.        ,  0.14388757,  0.299492  , ..., -0.79199081,
         -0.9093843 , -0.99664323],
        [-0.14388757,  0.        ,  0.15909254, ..., -0.8715975 ,
         -0.95977232, -0.99805191],
        [-0.299492  , -0.15909254,  0.        , ..., -0.93848725,
         -0.99221826, -0.97541476],
        ...,
        [ 0.79199081,  0.8715975 ,  0.93848725, ...,  0.        ,
         -0.22577504, -0.54364533],
        [ 0.9093843 ,  0.95977232,  0.99221826, ...,  0.22577504,
          0.        , -0.34011173],
        [ 0.99664323,  0.99805191,  0.97541476, ...,  0.54364533,
          0.34011173,  0.        ]]]), 'num': array([8.52081403e-01, 5.23404047e-01, 1.84132972e-05, 2.16805644e-04,
       2.20449436e-04, 2.11947254e-04, 2.25482728e-03, 2.42919489e-06,
       2.15348127e-04, 2.25368556e-04, 2.47960068e-04, 5.36887276e-07,
       2.43231399e-04, 2.07505713e-04])}
{'img': array([[[ 0.        ,  0.14608903,  0.05824717, ..., -0.9521799 ,
         -0.91560174, -0.86475164],
        [-0.14608903,  0.        , -0.08821873, ..., -0.98660013,
         -0.96451907, -0.92883998],
        [-0.05824717,  0.08821873,  0.        , ..., -0.96836   ,
         -0.93746762, -0.89253517],
        ...,
        [ 0.9521799 ,  0.98660013,  0.96836   , ...,  0.        ,
          0.10310749,  0.21397009],
        [ 0.91560174,  0.96451907,  0.93746762, ..., -0.10310749,
          0.        ,  0.11211013],
        [ 0.86475164,  0.92883998,  0.89253517, ..., -0.21397009,
         -0.11211013,  0.        ]],

       [[ 0.        , -0.19106402,  0.99912625, ...,  0.14816554,
         -0.08221703,  0.01777606],
        [ 0.19106402,  0.        ,  0.98870525, ...,  0.33439113,
          0.10971477,  0.20848241],
        [-0.99912625, -0.98870525,  0.        , ..., -0.98190605,
         -0.99917983, -0.99822545],
        ...,
        [-0.14816554, -0.33439113,  0.98190605, ...,  0.        ,
         -0.22897348, -0.13056227],
        [ 0.08221703, -0.10971477,  0.99917983, ...,  0.22897348,
          0.        ,  0.09991992],
        [-0.01777606, -0.20848241,  0.99822545, ...,  0.13056227,
         -0.09991992,  0.        ]],

       [[ 0.        , -0.0032988 , -0.0296185 , ..., -0.98392695,
         -0.99511039, -0.99372997],
        [ 0.0032988 ,  0.        , -0.02632098, ..., -0.98451067,
         -0.9954308 , -0.99335573],
        [ 0.0296185 ,  0.02632098,  0.        , ..., -0.9887843 ,
         -0.9975992 , -0.98998245],
        ...,
        [ 0.98392695,  0.98451067,  0.9887843 , ...,  0.        ,
          0.08051686,  0.28746145],
        [ 0.99511039,  0.9954308 ,  0.9975992 , ..., -0.08051686,
          0.        ,  0.20940971],
        [ 0.99372997,  0.99335573,  0.98998245, ..., -0.28746145,
         -0.20940971,  0.        ]],

       ...,

       [[ 0.        ,  0.3526304 ,  0.3740893 , ..., -0.49492459,
         -0.38325504, -0.29689504],
        [-0.3526304 ,  0.        ,  0.02303194, ..., -0.76954519,
         -0.68434021, -0.61455364],
        [-0.3740893 , -0.02303194,  0.        , ..., -0.78404907,
         -0.70095272, -0.63255995],
        ...,
        [ 0.49492459,  0.76954519,  0.78404907, ...,  0.        ,
          0.12410933,  0.21462572],
        [ 0.38325504,  0.68434021,  0.70095272, ..., -0.12410933,
          0.        ,  0.09174922],
        [ 0.29689504,  0.61455364,  0.63255995, ..., -0.21462572,
         -0.09174922,  0.        ]],

       [[ 0.        ,  0.00813138, -0.00730742, ..., -0.88477939,
         -0.95342635, -0.99723461],
        [-0.00813138,  0.        , -0.01543834, ..., -0.88853944,
         -0.95584746, -0.99780595],
        [ 0.00730742,  0.01543834,  0.        , ..., -0.88135044,
         -0.95119678, -0.99666491],
        ...,
        [ 0.88477939,  0.88853944,  0.88135044, ...,  0.        ,
         -0.17743392, -0.39896658],
        [ 0.95342635,  0.95584746,  0.95119678, ...,  0.17743392,
          0.        , -0.22993529],
        [ 0.99723461,  0.99780595,  0.99666491, ...,  0.39896658,
          0.22993529,  0.        ]],

       [[ 0.        ,  0.15561591,  0.31666123, ..., -0.92700832,
         -0.97289897, -0.99628434],
        [-0.15561591,  0.        ,  0.16519584, ..., -0.97407748,
         -0.99702993, -0.97074482],
        [-0.31666123, -0.16519584,  0.        , ..., -0.99806414,
         -0.99605409, -0.91774179],
        ...,
        [ 0.92700832,  0.97407748,  0.99806414, ...,  0.        ,
         -0.15052409, -0.45348585],
        [ 0.97289897,  0.99702993,  0.99605409, ...,  0.15052409,
          0.        , -0.31416237],
        [ 0.99628434,  0.97074482,  0.91774179, ...,  0.45348585,
          0.31416237,  0.        ]]]), 'num': array([8.73868307e-01, 4.86152034e-01, 2.16601270e-05, 2.22697458e-04,
       2.28918057e-04, 2.21453338e-04, 3.15559809e-03, 6.22059938e-07,
       2.21204514e-04, 2.30006662e-04, 2.53354645e-04, 5.01505686e-07,
       2.48180503e-04, 2.11832821e-04])}
{'img': array([[[ 0.        , -0.08821873, -0.04432465, ..., -0.96451907,
         -0.92883998, -0.91918924],
        [ 0.08821873,  0.        ,  0.0439802 , ..., -0.93746762,
         -0.89253517, -0.88086348],
        [ 0.04432465, -0.0439802 ,  0.        , ..., -0.95186883,
         -0.91150565, -0.90083008],
        ...,
        [ 0.96451907,  0.93746762,  0.95186883, ...,  0.        ,
          0.11211013,  0.13716507],
        [ 0.92883998,  0.89253517,  0.91150565, ..., -0.11211013,
          0.        ,  0.02524986],
        [ 0.91918924,  0.88086348,  0.90083008, ..., -0.13716507,
         -0.02524986,  0.        ]],

       [[ 0.        ,  0.98870525,  0.14528911, ...,  0.10971477,
          0.20848241,  0.46356075],
        [-0.98870525,  0.        , -0.99998926, ..., -0.99917983,
         -0.99822545, -0.94553252],
        [-0.14528911,  0.99998926,  0.        , ..., -0.03586141,
          0.06417371,  0.3299064 ],
        ...,
        [-0.10971477,  0.99917983,  0.03586141, ...,  0.        ,
          0.09991992,  0.36354785],
        [-0.20848241,  0.99822545, -0.06417371, ..., -0.09991992,
          0.        ,  0.26864552],
        [-0.46356075,  0.94553252, -0.3299064 , ..., -0.36354785,
         -0.26864552,  0.        ]],

       [[ 0.        , -0.02632098, -0.01975226, ..., -0.9954308 ,
         -0.99335573, -0.98603239],
        [ 0.02632098,  0.        ,  0.00657042, ..., -0.9975992 ,
         -0.98998245, -0.98130692],
        [ 0.01975226, -0.00657042,  0.        , ..., -0.99712265,
         -0.99088876, -0.98255021],
        ...,
        [ 0.9954308 ,  0.9975992 ,  0.99712265, ...,  0.        ,
          0.20940971,  0.25994467],
        [ 0.99335573,  0.98998245,  0.99088876, ..., -0.20940971,
          0.        ,  0.05197023],
        [ 0.98603239,  0.98130692,  0.98255021, ..., -0.25994467,
         -0.05197023,  0.        ]],

       ...,

       [[ 0.        ,  0.02303194,  0.05902631, ..., -0.68434021,
         -0.61455364, -0.70733489],
        [-0.02303194,  0.        ,  0.03601887, ..., -0.70095272,
         -0.63255995, -0.72342804],
        [-0.05902631, -0.03601887,  0.        , ..., -0.72618681,
         -0.66004651, -0.74782604],
        ...,
        [ 0.68434021,  0.70095272,  0.72618681, ...,  0.        ,
          0.09174922, -0.03201688],
        [ 0.61455364,  0.63255995,  0.66004651, ..., -0.09174922,
          0.        , -0.12358402],
        [ 0.70733489,  0.72342804,  0.74782604, ...,  0.03201688,
          0.12358402,  0.        ]],

       [[ 0.        , -0.01516842, -0.03421708, ..., -0.92330157,
         -0.95376729, -0.99881011],
        [ 0.01516842,  0.        , -0.01905361, ..., -0.91736953,
         -0.94909875, -0.99795546],
        [ 0.03421708,  0.01905361,  0.        , ..., -0.90961895,
         -0.94292497, -0.99655652],
        ...,
        [ 0.92330157,  0.91736953,  0.90961895, ...,  0.        ,
         -0.08882422, -0.33859085],
        [ 0.95376729,  0.94909875,  0.94292497, ...,  0.08882422,
          0.        , -0.2536748 ],
        [ 0.99881011,  0.99795546,  0.99655652, ...,  0.33859085,
          0.2536748 ,  0.        ]],

       [[ 0.        ,  0.16291142,  0.3442104 , ..., -0.98687135,
         -0.99988055, -0.96717205],
        [-0.16291142,  0.        ,  0.18665568, ..., -0.99999899,
         -0.98904079, -0.91285186],
        [-0.3442104 , -0.18665568,  0.        , ..., -0.98215899,
         -0.94410047, -0.82059903],
        ...,
        [ 0.98687135,  0.99999899,  0.98215899, ...,  0.        ,
         -0.14623602, -0.40699248],
        [ 0.99988055,  0.98904079,  0.94410047, ...,  0.14623602,
          0.        , -0.26904061],
        [ 0.96717205,  0.91285186,  0.82059903, ...,  0.40699248,
          0.26904061,  0.        ]]]), 'num': array([ 8.73511876e-01,  4.86779126e-01,  2.16657003e-05,  2.22260201e-04,
        2.25995666e-04,  2.19147313e-04,  4.76088821e-03, -6.22577594e-07,
        2.21015046e-04,  2.29077426e-04,  2.52818384e-04,  5.58173015e-07,
        2.46296958e-04,  2.11857893e-04])}
{'img': array([[[ 0.        ,  0.0439802 ,  0.29834407, ..., -0.89253517,
         -0.88086348, -0.89253517],
        [-0.0439802 ,  0.        ,  0.25607812, ..., -0.91150565,
         -0.90083008, -0.91150565],
        [-0.29834407, -0.25607812,  0.        , ..., -0.98643423,
         -0.98197479, -0.98643423],
        ...,
        [ 0.89253517,  0.91150565,  0.98643423, ...,  0.        ,
          0.02524986,  0.        ],
        [ 0.88086348,  0.90083008,  0.98197479, ..., -0.02524986,
          0.        , -0.02524986],
        [ 0.89253517,  0.91150565,  0.98643423, ...,  0.        ,
          0.02524986,  0.        ]],

       [[ 0.        , -0.99998926, -0.74212346, ..., -0.99822545,
         -0.94553252, -0.74437641],
        [ 0.99998926,  0.        ,  0.67369553, ...,  0.06417371,
          0.3299064 ,  0.67120304],
        [ 0.74212346, -0.67369553,  0.        , ..., -0.62488191,
         -0.39217397, -0.00336758],
        ...,
        [ 0.99822545, -0.06417371,  0.62488191, ...,  0.        ,
          0.26864552,  0.62224924],
        [ 0.94553252, -0.3299064 ,  0.39217397, ..., -0.26864552,
          0.        ,  0.38907394],
        [ 0.74437641, -0.67120304,  0.00336758, ..., -0.62224924,
         -0.38907394,  0.        ]],

       [[ 0.        ,  0.00657042,  0.08593182, ..., -0.98998245,
         -0.98130692, -0.98666964],
        [-0.00657042,  0.        ,  0.07938384, ..., -0.99088876,
         -0.98255021, -0.98771758],
        [-0.08593182, -0.07938384,  0.        , ..., -0.99845328,
         -0.9942146 , -0.99700417],
        ...,
        [ 0.98998245,  0.99088876,  0.99845328, ...,  0.        ,
          0.05197023,  0.0217975 ],
        [ 0.98130692,  0.98255021,  0.9942146 , ..., -0.05197023,
          0.        , -0.03018984],
        [ 0.98666964,  0.98771758,  0.99700417, ..., -0.0217975 ,
          0.03018984,  0.        ]],

       ...,

       [[ 0.        ,  0.03601887,  0.04771512, ..., -0.63255995,
         -0.72342804, -0.61727841],
        [-0.03601887,  0.        ,  0.01170632, ..., -0.66004651,
         -0.74782604, -0.64521552],
        [-0.04771512, -0.01170632,  0.        , ..., -0.66879536,
         -0.75554656, -0.65411494],
        ...,
        [ 0.63255995,  0.66004651,  0.66879536, ...,  0.        ,
         -0.12358402,  0.01957407],
        [ 0.72342804,  0.74782604,  0.75554656, ...,  0.12358402,
          0.        ,  0.14298436],
        [ 0.61727841,  0.64521552,  0.65411494, ..., -0.01957407,
         -0.14298436,  0.        ]],

       [[ 0.        , -0.01836369,  0.05838533, ..., -0.8875833 ,
         -0.92114828, -0.99962263],
        [ 0.01836369,  0.        ,  0.07670785, ..., -0.87897445,
         -0.91384559, -0.99894961],
        [-0.05838533, -0.07670785,  0.        , ..., -0.91296424,
         -0.94230118, -0.99952124],
        ...,
        [ 0.8875833 ,  0.87897445,  0.91296424, ...,  0.        ,
         -0.07886651, -0.43609145],
        [ 0.92114828,  0.91384559,  0.94230118, ...,  0.07886651,
          0.        , -0.36376095],
        [ 0.99962263,  0.99894961,  0.99952124, ...,  0.43609145,
          0.36376095,  0.        ]],

       [[ 0.        ,  0.18617631,  0.19531032, ..., -0.99235385,
         -0.95575975, -0.91182373],
        [-0.18617631,  0.        ,  0.00930475, ..., -0.952025  ,
         -0.88428612, -0.8194411 ],
        [-0.19531032, -0.00930475,  0.        , ..., -0.94913634,
         -0.87990302, -0.81407249],
        ...,
        [ 0.99235385,  0.952025  ,  0.94913634, ...,  0.        ,
         -0.17393428, -0.2949003 ],
        [ 0.95575975,  0.88428612,  0.87990302, ...,  0.17393428,
          0.        , -0.12420613],
        [ 0.91182373,  0.8194411 ,  0.81407249, ...,  0.2949003 ,
          0.12420613,  0.        ]]]), 'num': array([9.12635092e-01, 4.08759549e-01, 2.79155411e-05, 2.33383750e-04,
       2.37262705e-04, 2.30797781e-04, 3.51628500e-03, 2.58596953e-06,
       2.30927079e-04, 2.37004108e-04, 2.61861740e-04, 4.97301833e-07,
       2.53948622e-04, 2.20059593e-04])}
{'img': array([[[ 0.        ,  0.25607812,  0.33391084, ..., -0.90083008,
         -0.91150565, -0.86776903],
        [-0.25607812,  0.        ,  0.08139651, ..., -0.98197479,
         -0.98643423, -0.96609678],
        [-0.33391084, -0.08139651,  0.        , ..., -0.99410131,
         -0.99652285, -0.98390604],
        ...,
        [ 0.90083008,  0.98197479,  0.99410131, ...,  0.        ,
         -0.02524986,  0.07092261],
        [ 0.91150565,  0.98643423,  0.99652285, ...,  0.02524986,
          0.        ,  0.09608628],
        [ 0.86776903,  0.96609678,  0.98390604, ..., -0.07092261,
         -0.09608628,  0.        ]],

       [[ 0.        ,  0.67369553,  0.23721795, ...,  0.3299064 ,
          0.67120304,  0.38852364],
        [-0.67369553,  0.        , -0.47915966, ..., -0.39217397,
         -0.00336758, -0.33364669],
        [-0.23721795,  0.47915966,  0.        , ...,  0.09655272,
          0.47620113,  0.15885198],
        ...,
        [-0.3299064 ,  0.39217397, -0.09655272, ...,  0.        ,
          0.38907394,  0.06278308],
        [-0.67120304,  0.00336758, -0.47620113, ..., -0.38907394,
          0.        , -0.33047019],
        [-0.38852364,  0.33364669, -0.15885198, ..., -0.06278308,
          0.33047019,  0.        ]],

       [[ 0.        ,  0.07938384,  0.17668869, ..., -0.98255021,
         -0.98771758, -0.96706645],
        [-0.07938384,  0.        ,  0.09799621, ..., -0.9942146 ,
         -0.99700417, -0.9842196 ],
        [-0.17668869, -0.09799621,  0.        , ..., -0.9999552 ,
         -0.99978517, -0.9968229 ],
        ...,
        [ 0.98255021,  0.9942146 ,  0.9999552 , ...,  0.        ,
         -0.03018984,  0.07021065],
        [ 0.98771758,  0.99700417,  0.99978517, ...,  0.03018984,
          0.        ,  0.10029399],
        [ 0.96706645,  0.9842196 ,  0.9968229 , ..., -0.07021065,
         -0.10029399,  0.        ]],

       ...,

       [[ 0.        ,  0.01170632,  0.04597597, ..., -0.74782604,
         -0.64521552, -0.78655668],
        [-0.01170632,  0.        ,  0.03427888, ..., -0.75554656,
         -0.65411494, -0.79373165],
        [-0.04597597, -0.03427888,  0.        , ..., -0.77755845,
         -0.67965891, -0.81411593],
        ...,
        [ 0.74782604,  0.75554656,  0.77755845, ...,  0.        ,
          0.14298436, -0.06039474],
        [ 0.64521552,  0.65411494,  0.67965891, ..., -0.14298436,
          0.        , -0.20249753],
        [ 0.78655668,  0.79373165,  0.81411593, ...,  0.06039474,
          0.20249753,  0.        ]],

       [[ 0.        ,  0.07459498,  0.1499146 , ..., -0.86970734,
         -0.93882737, -0.99985906],
        [-0.07459498,  0.        ,  0.07574494, ..., -0.90410194,
         -0.96190134, -0.99832571],
        [-0.1499146 , -0.07574494,  0.        , ..., -0.93387175,
         -0.97984644, -0.99107644],
        ...,
        [ 0.86970734,  0.90410194,  0.93387175, ...,  0.        ,
         -0.16385805, -0.47889714],
        [ 0.93882737,  0.96190134,  0.97984644, ...,  0.16385805,
          0.        , -0.3285781 ],
        [ 0.99985906,  0.99832571,  0.99107644, ...,  0.47889714,
          0.3285781 ,  0.        ]],

       [[ 0.        ,  0.00930475,  0.0569842 , ..., -0.88428612,
         -0.8194411 , -0.86226286],
        [-0.00930475,  0.        ,  0.0476921 , ..., -0.87990302,
         -0.81407249, -0.85751304],
        [-0.0569842 , -0.0476921 ,  0.        , ..., -0.85624071,
         -0.78544832, -0.83200147],
        ...,
        [ 0.88428612,  0.87990302,  0.85624071, ...,  0.        ,
         -0.12420613, -0.04522672],
        [ 0.8194411 ,  0.81407249,  0.78544832, ...,  0.12420613,
          0.        ,  0.07920253],
        [ 0.86226286,  0.85751304,  0.83200147, ...,  0.04522672,
         -0.07920253,  0.        ]]]), 'num': array([9.26465650e-01, 3.76371803e-01, 2.96546548e-05, 2.39587913e-04,
       2.40233702e-04, 2.32484228e-04, 2.28117399e-03, 6.45789522e-06,
       2.33000859e-04, 2.36262097e-04, 2.60985072e-04, 5.87081383e-07,
       2.52255136e-04, 2.20269057e-04])}
{'img': array([[[ 0.        ,  0.08139651,  0.36789455, ..., -0.98643423,
         -0.96609678, -0.89417169],
        [-0.08139651,  0.        ,  0.29098582, ..., -0.99652285,
         -0.98390604, -0.92764784],
        [-0.36789455, -0.29098582,  0.        , ..., -0.9776456 ,
         -0.9933251 , -0.99617651],
        ...,
        [ 0.98643423,  0.99652285,  0.9776456 , ...,  0.        ,
          0.09608628,  0.29486601],
        [ 0.96609678,  0.98390604,  0.9933251 , ..., -0.09608628,
          0.        ,  0.20168752],
        [ 0.89417169,  0.92764784,  0.99617651, ..., -0.29486601,
         -0.20168752,  0.        ]],

       [[ 0.        , -0.47915966, -0.07116996, ..., -0.00336758,
         -0.33364669, -0.65849174],
        [ 0.47915966,  0.        ,  0.41547677, ...,  0.47620113,
          0.15885198, -0.21736669],
        [ 0.07116996, -0.41547677,  0.        , ...,  0.06781052,
         -0.26570884, -0.60326029],
        ...,
        [ 0.00336758, -0.47620113, -0.06781052, ...,  0.        ,
         -0.33047019, -0.65595361],
        [ 0.33364669, -0.15885198,  0.26570884, ...,  0.33047019,
          0.        , -0.36966049],
        [ 0.65849174,  0.21736669,  0.60326029, ...,  0.65595361,
          0.36966049,  0.        ]],

       [[ 0.        ,  0.09799621,  0.21958145, ..., -0.99700417,
         -0.9842196 , -0.95380187],
        [-0.09799621,  0.        ,  0.12292003, ..., -0.99978517,
         -0.9968229 , -0.97865264],
        [-0.21958145, -0.12292003,  0.        , ..., -0.9896556 ,
         -0.99905414, -0.99649379],
        ...,
        [ 0.99700417,  0.99978517,  0.9896556 , ...,  0.        ,
          0.10029399,  0.22576178],
        [ 0.9842196 ,  0.9968229 ,  0.99905414, ..., -0.10029399,
          0.        ,  0.1269188 ],
        [ 0.95380187,  0.97865264,  0.99649379, ..., -0.22576178,
         -0.1269188 ,  0.        ]],

       ...,

       [[ 0.        ,  0.03427888, -0.04771512, ..., -0.65411494,
         -0.79373165, -0.63917672],
        [-0.03427888,  0.        , -0.08192692, ..., -0.67965891,
         -0.81411593, -0.6651636 ],
        [ 0.04771512,  0.08192692,  0.        , ..., -0.61727841,
         -0.76380399, -0.6017529 ],
        ...,
        [ 0.65411494,  0.67965891,  0.61727841, ...,  0.        ,
         -0.20249753,  0.01958339],
        [ 0.79373165,  0.81411593,  0.76380399, ...,  0.20249753,
          0.        ,  0.22163637],
        [ 0.63917672,  0.6651636 ,  0.6017529 , ..., -0.01958339,
         -0.22163637,  0.        ]],

       [[ 0.        ,  0.0742853 ,  0.22880443, ..., -0.93376698,
         -0.97697643, -0.99695969],
        [-0.0742853 ,  0.        ,  0.15585756, ..., -0.95777235,
         -0.99012564, -0.98841688],
        [-0.22880443, -0.15585756,  0.        , ..., -0.99088128,
         -0.9998744 , -0.95268453],
        ...,
        [ 0.93376698,  0.95777235,  0.99088128, ...,  0.        ,
         -0.15042525, -0.42955176],
        [ 0.97697643,  0.99012564,  0.9998744 , ...,  0.15042525,
          0.        , -0.2888237 ],
        [ 0.99695969,  0.98841688,  0.95268453, ...,  0.42955176,
          0.2888237 ,  0.        ]],

       [[ 0.        ,  0.0476921 , -0.0515792 , ..., -0.81407249,
         -0.85751304, -0.92327764],
        [-0.0476921 ,  0.        , -0.09914913, ..., -0.78544832,
         -0.83200147, -0.9039069 ],
        [ 0.0515792 ,  0.09914913,  0.        , ..., -0.84294419,
         -0.88290716, -0.94186196],
        ...,
        [ 0.81407249,  0.78544832,  0.84294419, ...,  0.        ,
          0.07920253,  0.22349338],
        [ 0.85751304,  0.83200147,  0.88290716, ..., -0.07920253,
          0.        ,  0.14559214],
        [ 0.92327764,  0.9039069 ,  0.94186196, ..., -0.22349338,
         -0.14559214,  0.        ]]]), 'num': array([9.90947023e-01, 1.34226667e-01, 4.61843873e-05, 2.56272924e-04,
       2.58345212e-04, 2.53509873e-04, 2.58216730e-03, 0.00000000e+00,
       2.51161280e-04, 2.52508268e-04, 2.78331276e-04, 6.90762598e-07,
       2.69334967e-04, 2.35681569e-04])}
{'img': array([[[ 0.        ,  0.29098582,  0.33188919, ..., -0.98390604,
         -0.92764784, -0.92764784],
        [-0.29098582,  0.        ,  0.04303519, ..., -0.9933251 ,
         -0.99617651, -0.99617651],
        [-0.33188919, -0.04303519,  0.        , ..., -0.9874408 ,
         -0.99901331, -0.99901331],
        ...,
        [ 0.98390604,  0.9933251 ,  0.9874408 , ...,  0.        ,
          0.20168752,  0.20168752],
        [ 0.92764784,  0.99617651,  0.99901331, ..., -0.20168752,
          0.        ,  0.        ],
        [ 0.92764784,  0.99617651,  0.99901331, ..., -0.20168752,
          0.        ,  0.        ]],

       [[ 0.        ,  0.41547677, -0.31506717, ...,  0.15885198,
         -0.21736669, -0.16855486],
