state_0,state_1,state_2,state_3,state_4,state_5,state_6,state_7,state_8,state_9,state_10,state_11,state_12,state_13,state_14,state_15,state_16,state_17,state_18,state_19,state_20,state_21,state_22,state_23,state_24,state_25,state_26,state_27,state_28,state_29,state_30,state_31,state_32,state_33,state_34,state_35,state_36,state_37,state_38,state_39,state_40,state_41,state_42,state_43,state_44,state_45,state_46,state_47,state_48,state_49,state_50,state_51,state_52,state_53,state_54,state_55,state_56,state_57,state_58,state_59,state_60,state_61,state_62,state_63,state_64,state_65,state_66,state_67,state_68,state_69,state_70,state_71,state_72,state_73,state_74,state_75,state_76,state_77,state_78,state_79,state_80,state_81,state_82,state_83,state_84,state_85,state_86,state_87,state_88,state_89,state_90,state_91,state_92,state_93,state_94,state_95,state_96,state_97,state_98,state_99,state_100,state_101,state_102,state_103,state_104,state_105,state_106,state_107,state_108,state_109,state_110,state_111,state_112,state_113,state_114,state_115,state_116,state_117,state_118,state_119,state_120,state_121,state_122,state_123,state_124,state_125,state_126,state_127,state_128,state_129,state_130,state_131,state_132,state_133,state_134,state_135,state_136,state_137,state_138,state_139,state_140,state_141,state_142,state_143,state_144,state_145,state_146,state_147,state_148,state_149,state_150,state_151,state_152,state_153,state_154,state_155,state_156,state_157,state_158,state_159,state_160,state_161,state_162,state_163,state_164,state_165,state_166,state_167,state_168,state_169,state_170,state_171,state_172,state_173,state_174,state_175,state_176,state_177,state_178,state_179,state_180,state_181,state_182,state_183,state_184,state_185,state_186,state_187,state_188,state_189,state_190,state_191,state_192,state_193,state_194,state_195,state_196,state_197,state_198,state_199,state_200,state_201,state_202,state_203,state_204,state_205,state_206,state_207,state_208,state_209,state_210,state_211,state_212,state_213,state_214,state_215,state_216,state_217,state_218,state_219,state_220,state_221,state_222,state_223,state_224,state_225,state_226,state_227,state_228,state_229,state_230,state_231,state_232,state_233,state_234,state_235,state_236,state_237,state_238,state_239,state_240,state_241,state_242,state_243,state_244,state_245,state_246,state_247,state_248,state_249,state_250,state_251,state_252,state_253,state_254,state_255,state_256,state_257,state_258,state_259,state_260,state_261,state_262,state_263,state_264,state_265,state_266,state_267,state_268,state_269,state_270,state_271,state_272,state_273,state_274,state_275,state_276,state_277,state_278,state_279,state_280,state_281,state_282,state_283,state_284,state_285,state_286,state_287
{'img': array([[[ 0.        , -0.08971258,  0.        , ..., -0.99216493,
         -0.79459661, -0.83318408],
        [ 0.08971258,  0.        ,  0.08971258, ..., -0.97695599,
         -0.73692466, -0.78021375],
        [ 0.        , -0.08971258,  0.        , ..., -0.99216493,
         -0.79459661, -0.83318408],
        ...,
        [ 0.99216493,  0.97695599,  0.99216493, ...,  0.        ,
          0.50310787,  0.44456917],
        [ 0.79459661,  0.73692466,  0.79459661, ..., -0.50310787,
          0.        , -0.06644894],
        [ 0.83318408,  0.78021375,  0.83318408, ..., -0.44456917,
          0.06644894,  0.        ]],

       [[ 0.        , -0.37758284, -0.15820484, ..., -0.37650916,
         -0.22556969, -0.64517084],
        [ 0.37758284,  0.        ,  0.22633383, ...,  0.00115925,
          0.15897934, -0.30892482],
        [ 0.15820484, -0.22633383,  0.        , ..., -0.22520452,
         -0.0686015 , -0.5161712 ],
        ...,
        [ 0.37650916, -0.00115925,  0.22520452, ...,  0.        ,
          0.15783474, -0.31002715],
        [ 0.22556969, -0.15897934,  0.0686015 , ..., -0.15783474,
          0.        , -0.45619899],
        [ 0.64517084,  0.30892482,  0.5161712 , ...,  0.31002715,
          0.45619899,  0.        ]],

       [[ 0.        ,  0.01010241,  0.04044376, ..., -0.99846079,
         -0.99624882, -0.98692805],
        [-0.01010241,  0.        ,  0.03034755, ..., -0.99784953,
         -0.99707219, -0.9885058 ],
        [-0.04044376, -0.03034755,  0.        , ..., -0.99540076,
         -0.9989335 , -0.99263854],
        ...,
        [ 0.99846079,  0.99784953,  0.99540076, ...,  0.        ,
          0.14165585,  0.21565062],
        [ 0.99624882,  0.99707219,  0.9989335 , ..., -0.14165585,
          0.        ,  0.07515322],
        [ 0.98692805,  0.9885058 ,  0.99263854, ..., -0.21565062,
         -0.07515322,  0.        ]],

       ...,

       [[ 0.        ,  0.39783291,  0.45337595, ..., -0.75638598,
         -0.3962187 , -0.35474922],
        [-0.39783291,  0.        ,  0.06135716, ..., -0.95418496,
         -0.7287867 , -0.69742591],
        [-0.45337595, -0.06135716,  0.        , ..., -0.97074629,
         -0.76942733, -0.74008391],
        ...,
        [ 0.75638598,  0.95418496,  0.97074629, ...,  0.        ,
          0.43530368,  0.47514124],
        [ 0.3962187 ,  0.7287867 ,  0.76942733, ..., -0.43530368,
          0.        ,  0.04473404],
        [ 0.35474922,  0.69742591,  0.74008391, ..., -0.47514124,
         -0.04473404,  0.        ]],

       [[ 0.        , -0.02424365, -0.07729064, ..., -0.71996834,
         -0.84691094, -0.99344924],
        [ 0.02424365,  0.        , -0.0530968 , ..., -0.70293146,
         -0.83377083, -0.99038682],
        [ 0.07729064,  0.0530968 ,  0.        , ..., -0.66417439,
         -0.80327938, -0.98164511],
        ...,
        [ 0.71996834,  0.70293146,  0.66417439, ...,  0.        ,
         -0.20492986, -0.60718681],
        [ 0.84691094,  0.83377083,  0.80327938, ...,  0.20492986,
          0.        , -0.43147139],
        [ 0.99344924,  0.99038682,  0.98164511, ...,  0.60718681,
          0.43147139,  0.        ]],

       [[ 0.        ,  0.0092023 ,  0.04539104, ..., -0.99586241,
         -0.97531207, -0.95257262],
        [-0.0092023 ,  0.        ,  0.0361963 , ..., -0.99665649,
         -0.97730293, -0.95533265],
        [-0.04539104, -0.0361963 ,  0.        , ..., -0.99896083,
         -0.98433056, -0.96540381],
        ...,
        [ 0.99586241,  0.99665649,  0.99896083, ...,  0.        ,
          0.13128697,  0.21648827],
        [ 0.97531207,  0.97730293,  0.98433056, ..., -0.13128697,
          0.        ,  0.08644091],
        [ 0.95257262,  0.95533265,  0.96540381, ..., -0.21648827,
         -0.08644091,  0.        ]]]), 'num': array([9.98108296e-01, 6.14624298e-02, 5.50968156e-05, 2.07866371e-04,
       2.09089114e-04, 2.04198140e-04, 1.35625470e-03, 6.11371678e-07,
       2.04320415e-04, 2.08691722e-04, 2.37273348e-04, 5.88728283e-07,
       2.21300068e-04, 1.96083376e-04])}
{'img': array([[[ 0.        ,  0.08971258,  0.11967083, ..., -0.73692466,
         -0.78021375, -0.76580609],
        [-0.08971258,  0.        ,  0.03012041, ..., -0.79459661,
         -0.83318408, -0.82040974],
        [-0.11967083, -0.03012041,  0.        , ..., -0.81252332,
         -0.8494625 , -0.83725963],
        ...,
        [ 0.73692466,  0.79459661,  0.81252332, ...,  0.        ,
         -0.06644894, -0.04377039],
        [ 0.78021375,  0.83318408,  0.8494625 , ...,  0.06644894,
          0.        ,  0.02271161],
        [ 0.76580609,  0.82040974,  0.83725963, ...,  0.04377039,
         -0.02271161,  0.        ]],

       [[ 0.        ,  0.22633383,  0.65941519, ...,  0.15897934,
         -0.30892482, -0.16592201],
        [-0.22633383,  0.        ,  0.47215022, ..., -0.0686015 ,
         -0.5161712 , -0.38481289],
        [-0.65941519, -0.47215022,  0.        , ..., -0.53151136,
         -0.85940404, -0.77501163],
        ...,
        [-0.15897934,  0.0686015 ,  0.53151136, ...,  0.        ,
         -0.45619899, -0.32058751],
        [ 0.30892482,  0.5161712 ,  0.85940404, ...,  0.45619899,
          0.        ,  0.1468366 ],
        [ 0.16592201,  0.38481289,  0.77501163, ...,  0.32058751,
         -0.1468366 ,  0.        ]],

       [[ 0.        ,  0.03034755,  0.06752168, ..., -0.99707219,
         -0.9885058 , -0.94314271],
        [-0.03034755,  0.        ,  0.03721229, ..., -0.9989335 ,
         -0.99263854, -0.95279547],
        [-0.06752168, -0.03721229,  0.        , ..., -0.99995979,
         -0.99645797, -0.96343368],
        ...,
        [ 0.99707219,  0.9989335 ,  0.99995979, ...,  0.        ,
          0.07515322,  0.25929658],
        [ 0.9885058 ,  0.99263854,  0.99645797, ..., -0.07515322,
          0.        ,  0.18598047],
        [ 0.94314271,  0.95279547,  0.96343368, ..., -0.25929658,
         -0.18598047,  0.        ]],

       ...,

       [[ 0.        ,  0.06135716,  0.06135716, ..., -0.7287867 ,
         -0.69742591, -0.77022445],
        [-0.06135716,  0.        ,  0.        , ..., -0.76942733,
         -0.74008391, -0.80790519],
        [-0.06135716,  0.        ,  0.        , ..., -0.76942733,
         -0.74008391, -0.80790519],
        ...,
        [ 0.7287867 ,  0.76942733,  0.76942733, ...,  0.        ,
          0.04473404, -0.06260367],
        [ 0.69742591,  0.74008391,  0.74008391, ..., -0.04473404,
          0.        , -0.1071873 ],
        [ 0.77022445,  0.80790519,  0.80790519, ...,  0.06260367,
          0.1071873 ,  0.        ]],

       [[ 0.        , -0.05139508, -0.03653321, ..., -0.78872965,
         -0.90484983, -0.99424046],
        [ 0.05139508,  0.        ,  0.01487583, ..., -0.75609264,
         -0.88177351, -0.98741835],
        [ 0.03653321, -0.01487583,  0.        , ..., -0.76574468,
         -0.88869247, -0.9896614 ],
        ...,
        [ 0.78872965,  0.75609264,  0.76574468, ...,  0.        ,
         -0.22046102, -0.52666965],
        [ 0.90484983,  0.88177351,  0.88869247, ...,  0.22046102,
          0.        , -0.32630404],
        [ 0.99424046,  0.98741835,  0.9896614 , ...,  0.52666965,
          0.32630404,  0.        ]],

       [[ 0.        ,  0.0361963 ,  0.02778904, ..., -0.97730293,
         -0.95533265, -0.94552237],
        [-0.0361963 ,  0.        , -0.00841149, ..., -0.98433056,
         -0.96540381, -0.95668674],
        [-0.02778904,  0.00841149,  0.        , ..., -0.98281252,
         -0.96317628, -0.95420414],
        ...,
        [ 0.97730293,  0.98433056,  0.98281252, ...,  0.        ,
          0.08644091,  0.11786222],
        [ 0.95533265,  0.96540381,  0.96317628, ..., -0.08644091,
          0.        ,  0.03158264],
        [ 0.94552237,  0.95668674,  0.95420414, ..., -0.11786222,
         -0.03158264,  0.        ]]]), 'num': array([ 9.60253713e-01,  2.79114779e-01,  4.06650110e-05,  2.53211500e-04,
        2.61525907e-04,  2.52455644e-04,  2.68348256e-03, -3.77927611e-06,
        2.54118526e-04,  2.56839605e-04,  2.92629349e-04,  7.01865564e-07,
        2.69980186e-04,  2.43699023e-04])}
{'img': array([[[ 0.        ,  0.03012041,  0.16705206, ..., -0.83318408,
         -0.82040974, -0.8832112 ],
        [-0.03012041,  0.        ,  0.1372791 , ..., -0.8494625 ,
         -0.83725963, -0.8969362 ],
        [-0.16705206, -0.1372791 ,  0.        , ..., -0.91385532,
         -0.90439777, -0.9491437 ],
        ...,
        [ 0.83318408,  0.8494625 ,  0.91385532, ...,  0.        ,
          0.02271161, -0.09766915],
        [ 0.82040974,  0.83725963,  0.90439777, ..., -0.02271161,
          0.        , -0.12024698],
        [ 0.8832112 ,  0.8969362 ,  0.9491437 , ...,  0.09766915,
          0.12024698,  0.        ]],

       [[ 0.        ,  0.47215022,  0.33480006, ..., -0.5161712 ,
         -0.38481289, -0.08342043],
        [-0.47215022,  0.        , -0.14976973, ..., -0.85940404,
         -0.77501163, -0.54404113],
        [-0.33480006,  0.14976973,  0.        , ..., -0.77313392,
         -0.67162368, -0.41223927],
        ...,
        [ 0.5161712 ,  0.85940404,  0.77313392, ...,  0.        ,
          0.1468366 ,  0.44292367],
        [ 0.38481289,  0.77501163,  0.67162368, ..., -0.1468366 ,
          0.        ,  0.30647499],
        [ 0.08342043,  0.54404113,  0.41223927, ..., -0.44292367,
         -0.30647499,  0.        ]],

       [[ 0.        ,  0.03721229,  0.08136411, ..., -0.99263854,
         -0.95279547, -0.9261132 ],
        [-0.03721229,  0.        ,  0.04421884, ..., -0.99645797,
         -0.96343368, -0.93950994],
        [-0.08136411, -0.04421884,  0.        , ..., -0.99920177,
         -0.97433961, -0.95373689],
        ...,
        [ 0.99263854,  0.99645797,  0.99920177, ...,  0.        ,
          0.18598047,  0.26230285],
        [ 0.95279547,  0.96343368,  0.97433961, ..., -0.18598047,
          0.        ,  0.07825809],
        [ 0.9261132 ,  0.93950994,  0.95373689, ..., -0.26230285,
         -0.07825809,  0.        ]],

       ...,

       [[ 0.        ,  0.        ,  0.11696216, ..., -0.74008391,
         -0.80790519, -0.83370473],
        [ 0.        ,  0.        ,  0.11696216, ..., -0.74008391,
         -0.80790519, -0.83370473],
        [-0.11696216, -0.11696216,  0.        , ..., -0.813663  ,
         -0.87128729, -0.89257022],
        ...,
        [ 0.74008391,  0.74008391,  0.813663  , ...,  0.        ,
         -0.1071873 , -0.15199646],
        [ 0.80790519,  0.80790519,  0.87128729, ...,  0.1071873 ,
          0.        , -0.04517888],
        [ 0.83370473,  0.83370473,  0.89257022, ...,  0.15199646,
          0.04517888,  0.        ]],

       [[ 0.        ,  0.01410221,  0.08336805, ..., -0.79732103,
         -0.85965409, -0.99444836],
        [-0.01410221,  0.        ,  0.06930664, ..., -0.80575321,
         -0.86677309, -0.99583339],
        [-0.08336805, -0.06930664,  0.        , ..., -0.84486266,
         -0.89925227, -0.99975898],
        ...,
        [ 0.79732103,  0.80575321,  0.84486266, ...,  0.        ,
         -0.11151629, -0.51630602],
        [ 0.85965409,  0.86677309,  0.89925227, ...,  0.11151629,
          0.        , -0.4175826 ],
        [ 0.99444836,  0.99583339,  0.99975898, ...,  0.51630602,
          0.4175826 ,  0.        ]],

       [[ 0.        , -0.00841149, -0.0465211 , ..., -0.96540381,
         -0.95668674, -0.93164994],
        [ 0.00841149,  0.        , -0.03811707, ..., -0.96317628,
         -0.95420414, -0.9285606 ],
        [ 0.0465211 ,  0.03811707,  0.        , ..., -0.95222776,
         -0.94210775, -0.91373748],
        ...,
        [ 0.96540381,  0.96317628,  0.95222776, ...,  0.        ,
          0.03158264,  0.10784982],
        [ 0.95668674,  0.95420414,  0.94210775, ..., -0.03158264,
          0.        ,  0.07639759],
        [ 0.93164994,  0.9285606 ,  0.91373748, ..., -0.10784982,
         -0.07639759,  0.        ]]]), 'num': array([ 8.77913201e-01,  4.78817422e-01,  2.44095278e-05,  2.28577193e-04,
        2.36965347e-04,  2.28577193e-04,  1.35239409e-03, -5.59210258e-06,
        2.35287716e-04,  2.36685742e-04,  2.69795649e-04,  4.23086708e-07,
        2.48876654e-04,  2.24494830e-04])}
{'img': array([[[ 0.        ,  0.1372791 ,  0.04543925, ..., -0.83725963,
         -0.8969362 , -0.9805648 ],
        [-0.1372791 ,  0.        , -0.09212826, ..., -0.90439777,
         -0.9491437 , -0.99821475],
        [-0.04543925,  0.09212826,  0.        , ..., -0.86124126,
         -0.91610117, -0.98846695],
        ...,
        [ 0.83725963,  0.90439777,  0.86124126, ...,  0.        ,
         -0.12024698, -0.37191169],
        [ 0.8969362 ,  0.9491437 ,  0.91610117, ...,  0.12024698,
          0.        , -0.25759166],
        [ 0.9805648 ,  0.99821475,  0.98846695, ...,  0.37191169,
          0.25759166,  0.        ]],

       [[ 0.        , -0.14823385, -0.17458993, ..., -0.74688806,
         -0.53492493, -0.86334477],
        [ 0.14823385,  0.        , -0.02670396, ..., -0.64006862,
         -0.40377254, -0.77900588],
        [ 0.17458993,  0.02670396,  0.        , ..., -0.61932324,
         -0.37919818, -0.76198425],
        ...,
        [ 0.74688806,  0.64006862,  0.61932324, ...,  0.        ,
          0.27534719, -0.19719038],
        [ 0.53492493,  0.40377254,  0.37919818, ..., -0.27534719,
          0.        , -0.45950876],
        [ 0.86334477,  0.77900588,  0.76198425, ...,  0.19719038,
          0.45950876,  0.        ]],

       [[ 0.        ,  0.04421884,  0.06129656, ..., -0.96343368,
         -0.93950994, -0.93452057],
        [-0.04421884,  0.        ,  0.01710091, ..., -0.97433961,
         -0.95373689, -0.94934438],
        [-0.06129656, -0.01710091,  0.        , ..., -0.97804626,
         -0.95873868, -0.9545793 ],
        ...,
        [ 0.96343368,  0.97433961,  0.97804626, ...,  0.        ,
          0.07825809,  0.09249292],
        [ 0.93950994,  0.95373689,  0.95873868, ..., -0.07825809,
          0.        ,  0.01428663],
        [ 0.93452057,  0.94934438,  0.9545793 , ..., -0.09249292,
         -0.01428663,  0.        ]],

       ...,

       [[ 0.        ,  0.11696216, -0.2908618 , ..., -0.80790519,
         -0.83370473, -0.99255296],
        [-0.11696216,  0.        , -0.40077075, ..., -0.87128729,
         -0.89257022, -0.99998806],
        [ 0.2908618 ,  0.40077075,  0.        , ..., -0.60156697,
         -0.63704263, -0.91420899],
        ...,
        [ 0.80790519,  0.87128729,  0.60156697, ...,  0.        ,
         -0.04517888, -0.48650976],
        [ 0.83370473,  0.89257022,  0.63704263, ...,  0.04517888,
          0.        , -0.44654132],
        [ 0.99255296,  0.99998806,  0.91420899, ...,  0.48650976,
          0.44654132,  0.        ]],

       [[ 0.        ,  0.06851878,  0.10586246, ..., -0.84870327,
         -0.958884  , -0.99684273],
        [-0.06851878,  0.        ,  0.0374799 , ..., -0.88294615,
         -0.97607597, -0.99994046],
        [-0.10586246, -0.0374799 ,  0.        , ..., -0.89992162,
         -0.98353941, -0.99964687],
        ...,
        [ 0.84870327,  0.88294615,  0.89992162, ...,  0.        ,
         -0.26626379, -0.45981139],
        [ 0.958884  ,  0.97607597,  0.98353941, ...,  0.26626379,
          0.        , -0.20676562],
        [ 0.99684273,  0.99994046,  0.99964687, ...,  0.45981139,
          0.20676562,  0.        ]],

       [[ 0.        , -0.03811707, -0.04768934, ..., -0.95420414,
         -0.9285606 , -0.94786789],
        [ 0.03811707,  0.        , -0.00958098, ..., -0.94210775,
         -0.91373748, -0.93503254],
        [ 0.04768934,  0.00958098,  0.        , ..., -0.9388519 ,
         -0.90980274, -0.93159257],
        ...,
        [ 0.95420414,  0.94210775,  0.9388519 , ...,  0.        ,
          0.07639759,  0.0205095 ],
        [ 0.9285606 ,  0.91373748,  0.90980274, ..., -0.07639759,
          0.        , -0.05593196],
        [ 0.94786789,  0.93503254,  0.93159257, ..., -0.0205095 ,
          0.05593196,  0.        ]]]), 'num': array([ 8.50409893e-01,  5.26111173e-01,  2.03322082e-05,  2.18089254e-04,
        2.19456584e-04,  2.11936265e-04,  3.10266488e-03, -5.46932297e-06,
        2.26976903e-04,  2.30361047e-04,  2.62949096e-04,  4.03187271e-07,
        2.42859041e-04,  2.17863053e-04])}
{'img': array([[[ 0.        , -0.08999073, -0.08999073, ..., -0.92655446,
         -0.98436437, -0.95256097],
        [ 0.08999073,  0.        ,  0.        , ..., -0.88894409,
         -0.96451907, -0.97608454],
        [ 0.08999073,  0.        ,  0.        , ..., -0.88894409,
         -0.96451907, -0.97608454],
        ...,
        [ 0.92655446,  0.88894409,  0.88894409, ...,  0.        ,
         -0.20707193, -0.64031078],
        [ 0.98436437,  0.96451907,  0.96451907, ...,  0.20707193,
          0.        , -0.46737726],
        [ 0.95256097,  0.97608454,  0.97608454, ...,  0.64031078,
          0.46737726,  0.        ]],

       [[ 0.        , -0.02670396, -0.22530397, ..., -0.40377254,
         -0.77900588, -0.27953957],
        [ 0.02670396,  0.        , -0.19920626, ..., -0.37919818,
         -0.76198425, -0.2538005 ],
        [ 0.22530397,  0.19920626,  0.        , ..., -0.1872695 ,
         -0.61770715, -0.05603016],
        ...,
        [ 0.40377254,  0.37919818,  0.1872695 , ...,  0.        ,
         -0.45950876,  0.13193641],
        [ 0.77900588,  0.76198425,  0.61770715, ...,  0.45950876,
          0.        ,  0.57267421],
        [ 0.27953957,  0.2538005 ,  0.05603016, ..., -0.13193641,
         -0.57267421,  0.        ]],

       [[ 0.        ,  0.01710091,  0.0549095 , ..., -0.95373689,
         -0.94934438, -0.99289052],
        [-0.01710091,  0.        ,  0.03782636, ..., -0.95873868,
         -0.9545793 , -0.99478087],
        [-0.0549095 , -0.03782636,  0.        , ..., -0.96880615,
         -0.96516676, -0.99792852],
        ...,
        [ 0.95373689,  0.95873868,  0.96880615, ...,  0.        ,
          0.01428663, -0.18498078],
        [ 0.94934438,  0.9545793 ,  0.96516676, ..., -0.01428663,
          0.        , -0.19900198],
        [ 0.99289052,  0.99478087,  0.99792852, ...,  0.18498078,
          0.19900198,  0.        ]],

       ...,

       [[ 0.        , -0.40077075, -0.50652948, ..., -0.89257022,
         -0.99998806, -0.9997869 ],
        [ 0.40077075,  0.        , -0.11851773, ..., -0.63704263,
         -0.91420899, -0.92425647],
        [ 0.50652948,  0.11851773,  0.        , ..., -0.54119585,
         -0.8597371 , -0.87249549],
        ...,
        [ 0.89257022,  0.63704263,  0.54119585, ...,  0.        ,
         -0.44654132, -0.46923817],
        [ 0.99998806,  0.91420899,  0.8597371 , ...,  0.44654132,
          0.        , -0.02552898],
        [ 0.9997869 ,  0.92425647,  0.87249549, ...,  0.46923817,
          0.02552898,  0.        ]],

       [[ 0.        ,  0.03719914,  0.07345899, ..., -0.96251789,
         -0.98427094, -0.99999472],
        [-0.03719914,  0.        ,  0.03630951, ..., -0.97194079,
         -0.99016151, -0.99942347],
        [-0.07345899, -0.03630951,  0.        , ..., -0.97984081,
         -0.99458935, -0.99753167],
        ...,
        [ 0.96251789,  0.97194079,  0.97984081, ...,  0.        ,
         -0.09690845, -0.26808913],
        [ 0.98427094,  0.99016151,  0.99458935, ...,  0.09690845,
          0.        , -0.17346628],
        [ 0.99999472,  0.99942347,  0.99753167, ...,  0.26808913,
          0.17346628,  0.        ]],

       [[ 0.        , -0.00958098, -0.00303081, ..., -0.91373748,
         -0.93503254, -0.97314479],
        [ 0.00958098,  0.        ,  0.00655027, ..., -0.90980274,
         -0.93159257, -0.97089464],
        [ 0.00303081, -0.00655027,  0.        , ..., -0.91250185,
         -0.93395363, -0.97244265],
        ...,
        [ 0.91373748,  0.90980274,  0.91250185, ...,  0.        ,
         -0.05593196, -0.18505692],
        [ 0.93503254,  0.93159257,  0.93395363, ...,  0.05593196,
          0.        , -0.12980134],
        [ 0.97314479,  0.97089464,  0.97244265, ...,  0.18505692,
          0.12980134,  0.        ]]]), 'num': array([8.72705944e-01, 4.88239726e-01, 2.35868846e-05, 2.26556404e-04,
       2.30031196e-04, 2.18216905e-04, 2.42173507e-03, 4.86470807e-06,
       2.28919263e-04, 2.33644979e-04, 2.66331184e-04, 5.71198599e-07,
       2.46695400e-04, 2.20594558e-04])}
{'img': array([[[ 0.        ,  0.        ,  0.1664326 , ..., -0.96451907,
         -0.97608454, -0.97246792],
        [ 0.        ,  0.        ,  0.1664326 , ..., -0.96451907,
         -0.97608454, -0.97246792],
        [-0.1664326 , -0.1664326 ,  0.        , ..., -0.99500716,
         -0.92628992, -0.99768967],
        ...,
        [ 0.96451907,  0.96451907,  0.99500716, ...,  0.        ,
         -0.46737726, -0.03197594],
        [ 0.97608454,  0.97608454,  0.92628992, ...,  0.46737726,
          0.        ,  0.43886968],
        [ 0.97246792,  0.97246792,  0.99768967, ...,  0.03197594,
         -0.43886968,  0.        ]],

       [[ 0.        , -0.19920626,  0.27800566, ..., -0.76198425,
         -0.2538005 , -0.38840367],
        [ 0.19920626,  0.        ,  0.46378719, ..., -0.61770715,
         -0.05603016, -0.19705268],
        [-0.27800566, -0.46378719,  0.        , ..., -0.91198163,
         -0.51269834, -0.62927183],
        ...,
        [ 0.76198425,  0.61770715,  0.91198163, ...,  0.        ,
          0.57267421,  0.45063186],
        [ 0.2538005 ,  0.05603016,  0.51269834, ..., -0.57267421,
          0.        , -0.14181156],
        [ 0.38840367,  0.19705268,  0.62927183, ..., -0.45063186,
          0.14181156,  0.        ]],

       [[ 0.        ,  0.03782636,  0.09336087, ..., -0.9545793 ,
         -0.99478087, -0.98114417],
        [-0.03782636,  0.        ,  0.05563291, ..., -0.96516676,
         -0.99792852, -0.97313101],
        [-0.09336087, -0.05563291,  0.        , ..., -0.97822754,
         -0.99996202, -0.95881432],
        ...,
        [ 0.9545793 ,  0.96516676,  0.97822754, ...,  0.        ,
         -0.19900198, -0.47683726],
        [ 0.99478087,  0.99792852,  0.99996202, ...,  0.19900198,
          0.        , -0.29237901],
        [ 0.98114417,  0.97313101,  0.95881432, ...,  0.47683726,
          0.29237901,  0.        ]],

       ...,

       [[ 0.        , -0.11851773,  0.05758798, ..., -0.91420899,
         -0.92425647, -0.74048792],
        [ 0.11851773,  0.        ,  0.17550314, ..., -0.8597371 ,
         -0.87249549, -0.65561674],
        [-0.05758798, -0.17550314,  0.        , ..., -0.93602893,
         -0.9447081 , -0.77796216],
        ...,
        [ 0.91420899,  0.8597371 ,  0.93602893, ...,  0.        ,
         -0.02552898,  0.31433456],
        [ 0.92425647,  0.87249549,  0.9447081 , ...,  0.02552898,
          0.        ,  0.33846709],
        [ 0.74048792,  0.65561674,  0.77796216, ..., -0.31433456,
         -0.33846709,  0.        ]],

       [[ 0.        ,  0.0362283 ,  0.08707965, ..., -0.98669995,
         -0.99814727, -0.99934356],
        [-0.0362283 ,  0.        ,  0.0509318 , ..., -0.99194121,
         -0.99969631, -0.99737505],
        [-0.08707965, -0.0509318 ,  0.        , ..., -0.99710681,
         -0.99965396, -0.99239269],
        ...,
        [ 0.98669995,  0.99194121,  0.99710681, ...,  0.        ,
         -0.10221603, -0.19819149],
        [ 0.99814727,  0.99969631,  0.99965396, ...,  0.10221603,
          0.        , -0.096965  ],
        [ 0.99934356,  0.99737505,  0.99239269, ...,  0.19819149,
          0.096965  ,  0.        ]],

       [[ 0.        ,  0.00655027,  0.05861412, ..., -0.93159257,
         -0.97089464, -0.98726687],
        [-0.00655027,  0.        ,  0.05207386, ..., -0.93395363,
         -0.97244265, -0.98828766],
        [-0.05861412, -0.05207386,  0.        , ..., -0.95129737,
         -0.98326389, -0.99489338],
        ...,
        [ 0.93159257,  0.93395363,  0.95129737, ...,  0.        ,
         -0.12980134, -0.21068468],
        [ 0.97089464,  0.97244265,  0.98326389, ...,  0.12980134,
          0.        , -0.08201446],
        [ 0.98726687,  0.98828766,  0.99489338, ...,  0.21068468,
          0.08201446,  0.        ]]]), 'num': array([9.00774084e-01, 4.34279725e-01, 2.84447780e-05, 2.34537134e-04,
       2.40257552e-04, 2.28816716e-04, 2.58847480e-03, 1.43010447e-06,
       2.33822081e-04, 2.40150294e-04, 2.73138037e-04, 5.87714167e-07,
       2.53817148e-04, 2.26483440e-04])}
{'img': array([[[ 0.        ,  0.1664326 ,  0.30776728, ..., -0.97608454,
         -0.97246792, -0.95612093],
        [-0.1664326 ,  0.        ,  0.14512057, ..., -0.92628992,
         -0.99768967, -0.99154589],
        [-0.30776728, -0.14512057,  0.        , ..., -0.86180109,
         -0.99698705, -0.9998797 ],
        ...,
        [ 0.97608454,  0.92628992,  0.86180109, ...,  0.        ,
          0.43886968,  0.49381812],
        [ 0.97246792,  0.99768967,  0.99698705, ..., -0.43886968,
          0.        ,  0.06209482],
        [ 0.95612093,  0.99154589,  0.9998797 , ..., -0.49381812,
         -0.06209482,  0.        ]],

       [[ 0.        ,  0.46378719,  0.93682272, ..., -0.05603016,
         -0.19705268, -0.17704535],
        [-0.46378719,  0.        ,  0.6677401 , ..., -0.51269834,
         -0.62927183, -0.61331333],
        [-0.93682272, -0.6677401 ,  0.        , ..., -0.95495065,
         -0.98738426, -0.98395471],
        ...,
        [ 0.05603016,  0.51269834,  0.95495065, ...,  0.        ,
         -0.14181156, -0.12162219],
        [ 0.19705268,  0.62927183,  0.98738426, ...,  0.14181156,
          0.        ,  0.02036578],
        [ 0.17704535,  0.61331333,  0.98395471, ...,  0.12162219,
         -0.02036578,  0.        ]],

       [[ 0.        ,  0.05476212,  0.13487005, ..., -0.98711191,
         -0.99941736, -0.96940431],
        [-0.05476212,  0.        ,  0.0804059 , ..., -0.99439434,
         -0.99978676, -0.95450722],
        [-0.13487005, -0.0804059 ,  0.        , ..., -0.99967641,
         -0.99488927, -0.92744066],
        ...,
        [ 0.98711191,  0.99439434,  0.99967641, ...,  0.        ,
         -0.12624681, -0.39744112],
        [ 0.99941736,  0.99978676,  0.99488927, ...,  0.12624681,
          0.        , -0.27841358],
        [ 0.96940431,  0.95450722,  0.92744066, ...,  0.39744112,
          0.27841358,  0.        ]],

       ...,

       [[ 0.        ,  0.17550314,  0.40220542, ..., -0.87249549,
         -0.65561674, -0.65561674],
        [-0.17550314,  0.        ,  0.23528093, ..., -0.9447081 ,
         -0.77796216, -0.77796216],
        [-0.40220542, -0.23528093,  0.        , ..., -0.99533925,
         -0.90395238, -0.90395238],
        ...,
        [ 0.87249549,  0.9447081 ,  0.99533925, ...,  0.        ,
          0.33846709,  0.33846709],
        [ 0.65561674,  0.77796216,  0.90395238, ..., -0.33846709,
          0.        ,  0.        ],
        [ 0.65561674,  0.77796216,  0.90395238, ..., -0.33846709,
          0.        ,  0.        ]],

       [[ 0.        ,  0.05092504,  0.13312411, ..., -0.99962275,
         -0.99882694, -0.99736521],
        [-0.05092504,  0.        ,  0.0824796 , ..., -0.9997244 ,
         -0.99506502, -0.9923768 ],
        [-0.13312411, -0.0824796 ,  0.        , ..., -0.99438182,
         -0.98349054, -0.97883068],
        ...,
        [ 0.99962275,  0.9997244 ,  0.99438182, ...,  0.        ,
         -0.07583771, -0.09990989],
        [ 0.99882694,  0.99506502,  0.98349054, ...,  0.07583771,
          0.        , -0.02416391],
        [ 0.99736521,  0.9923768 ,  0.97883068, ...,  0.09990989,
          0.02416391,  0.        ]],

       [[ 0.        ,  0.05207386,  0.08078993, ..., -0.97244265,
         -0.98828766, -0.99512798],
        [-0.05207386,  0.        ,  0.02877668, ..., -0.98326389,
         -0.99489338, -0.99891187],
        [-0.08078993, -0.02877668,  0.        , ..., -0.98809943,
         -0.99738584, -0.99984027],
        ...,
        [ 0.97244265,  0.98326389,  0.98809943, ...,  0.        ,
         -0.08201446, -0.13613166],
        [ 0.98828766,  0.99489338,  0.99738584, ...,  0.08201446,
          0.        , -0.05442208],
        [ 0.99512798,  0.99891187,  0.99984027, ...,  0.13613166,
          0.05442208,  0.        ]]]), 'num': array([8.07198931e-01, 5.90273591e-01, 1.27979552e-05, 2.15417418e-04,
       2.17323767e-04, 2.05250224e-04, 2.56862712e-03, 6.98994572e-06,
       2.08300382e-04, 2.13288662e-04, 2.42053347e-04, 6.12481552e-07,
       2.25293615e-04, 2.01283708e-04])}
{'img': array([[[ 0.        ,  0.14512057,  0.14512057, ..., -0.99768967,
         -0.99154589, -0.92309638],
        [-0.14512057,  0.        ,  0.        , ..., -0.99698705,
         -0.9998797 , -0.96913328],
        [-0.14512057,  0.        ,  0.        , ..., -0.99698705,
         -0.9998797 , -0.96913328],
        ...,
        [ 0.99768967,  0.99698705,  0.99698705, ...,  0.        ,
          0.06209482,  0.32096853],
        [ 0.99154589,  0.9998797 ,  0.9998797 , ..., -0.06209482,
          0.        ,  0.26153976],
        [ 0.92309638,  0.96913328,  0.96913328, ..., -0.32096853,
         -0.26153976,  0.        ]],

       [[ 0.        ,  0.6677401 ,  0.00665406, ..., -0.62927183,
         -0.61331333, -0.5655905 ],
        [-0.6677401 ,  0.        , -0.66277207, ..., -0.98738426,
         -0.98395471, -0.97169852],
        [-0.00665406,  0.66277207,  0.        , ..., -0.63442934,
         -0.6185554 , -0.5710655 ],
        ...,
        [ 0.62927183,  0.98738426,  0.63442934, ...,  0.        ,
          0.02036578,  0.0793832 ],
        [ 0.61331333,  0.98395471,  0.6185554 , ..., -0.02036578,
          0.        ,  0.05906522],
        [ 0.5655905 ,  0.97169852,  0.5710655 , ..., -0.0793832 ,
         -0.05906522,  0.        ]],

       [[ 0.        ,  0.0804059 ,  0.1303884 , ..., -0.99978676,
         -0.95450722, -0.99017972],
        [-0.0804059 ,  0.        ,  0.05024676, ..., -0.99488927,
         -0.92744066, -0.97573296],
        [-0.1303884 , -0.05024676,  0.        , ..., -0.98855905,
         -0.90747835, -0.96349822],
        ...,
        [ 0.99978676,  0.99488927,  0.98855905, ...,  0.        ,
         -0.27841358, -0.11932316],
        [ 0.95450722,  0.92744066,  0.90747835, ...,  0.27841358,
          0.        ,  0.16181917],
        [ 0.99017972,  0.97573296,  0.96349822, ...,  0.11932316,
         -0.16181917,  0.        ]],

       ...,

       [[ 0.        ,  0.23528093,  0.20243502, ..., -0.77796216,
         -0.77796216, -0.64567938],
        [-0.23528093,  0.        , -0.03365747, ..., -0.90395238,
         -0.90395238, -0.80721603],
        [-0.20243502,  0.03365747,  0.        , ..., -0.88904717,
         -0.88904717, -0.78689216],
        ...,
        [ 0.77796216,  0.90395238,  0.88904717, ...,  0.        ,
          0.        ,  0.18837109],
        [ 0.77796216,  0.90395238,  0.88904717, ...,  0.        ,
          0.        ,  0.18837109],
        [ 0.64567938,  0.80721603,  0.78689216, ..., -0.18837109,
         -0.18837109,  0.        ]],

       [[ 0.        ,  0.08220282,  0.14799049, ..., -0.99999984,
         -0.99999847, -0.99194416],
        [-0.08220282,  0.        ,  0.06619197, ..., -0.99666148,
         -0.9964705 , -0.97817393],
        [-0.14799049, -0.06619197,  0.        , ..., -0.98907147,
         -0.98872874, -0.96227482],
        ...,
        [ 0.99999984,  0.99666148,  0.98907147, ...,  0.        ,
         -0.00230671, -0.12723113],
        [ 0.99999847,  0.9964705 ,  0.98872874, ...,  0.00230671,
          0.        , -0.12494283],
        [ 0.99194416,  0.97817393,  0.96227482, ...,  0.12723113,
          0.12494283,  0.        ]],

       [[ 0.        ,  0.02877668,  0.0757208 , ..., -0.99489338,
         -0.99891187, -0.99882525],
        [-0.02877668,  0.        ,  0.04699537, ..., -0.99738584,
         -0.99984027, -0.99980605],
        [-0.0757208 , -0.04699537,  0.        , ..., -0.99967971,
         -0.9995755 , -0.99962691],
        ...,
        [ 0.99489338,  0.99738584,  0.99967971, ...,  0.        ,
         -0.05442208, -0.05260299],
        [ 0.99891187,  0.99984027,  0.9995755 , ...,  0.05442208,
          0.        ,  0.0018217 ],
        [ 0.99882525,  0.99980605,  0.99962691, ...,  0.05260299,
         -0.0018217 ,  0.        ]]]), 'num': array([ 8.58545621e-01,  5.12730113e-01,  2.06457020e-05,  2.27510203e-04,
        2.32943282e-04,  2.26151933e-04,  2.61101575e-03, -2.71653973e-06,
        2.23707047e-04,  2.27747900e-04,  2.57799621e-04,  6.46795174e-07,
        2.40469857e-04,  2.15025942e-04])}
{'img': array([[[ 0.        ,  0.        ,  0.15882222, ..., -0.9998797 ,
         -0.96913328, -0.98675848],
        [ 0.        ,  0.        ,  0.15882222, ..., -0.9998797 ,
         -0.96913328, -0.98675848],
        [-0.15882222, -0.15882222,  0.        , ..., -0.98472496,
         -0.99598788, -0.99999416],
        ...,
        [ 0.9998797 ,  0.9998797 ,  0.98472496, ...,  0.        ,
          0.26153976,  0.17748242],
        [ 0.96913328,  0.96913328,  0.99598788, ..., -0.26153976,
          0.        , -0.08608282],
        [ 0.98675848,  0.98675848,  0.99999416, ..., -0.17748242,
          0.08608282,  0.        ]],

       [[ 0.        , -0.66277207, -0.72298792, ..., -0.98395471,
         -0.97169852, -0.97769998],
        [ 0.66277207,  0.        , -0.08350553, ..., -0.6185554 ,
         -0.5710655 , -0.59293599],
        [ 0.72298792,  0.08350553,  0.        , ..., -0.55078124,
         -0.50052088, -0.52362226],
        ...,
        [ 0.98395471,  0.6185554 ,  0.55078124, ...,  0.        ,
          0.05906522,  0.03219725],
        [ 0.97169852,  0.5710655 ,  0.50052088, ..., -0.05906522,
          0.        , -0.02689356],
        [ 0.97769998,  0.59293599,  0.52362226, ..., -0.03219725,
          0.02689356,  0.        ]],

       [[ 0.        ,  0.05024676,  0.15781809, ..., -0.92744066,
         -0.97573296, -0.99488927],
        [-0.05024676,  0.        ,  0.10800167, ..., -0.90747835,
         -0.96349822, -0.98855905],
        [-0.15781809, -0.10800167,  0.        , ..., -0.85679888,
         -0.92894881, -0.96648632],
        ...,
        [ 0.92744066,  0.90747835,  0.85679888, ...,  0.        ,
          0.16181917,  0.27841358],
        [ 0.97573296,  0.96349822,  0.92894881, ..., -0.16181917,
          0.        ,  0.11932316],
        [ 0.99488927,  0.98855905,  0.96648632, ..., -0.27841358,
         -0.11932316,  0.        ]],

       ...,

       [[ 0.        , -0.03365747,  0.03168732, ..., -0.90395238,
         -0.80721603, -0.81600118],
        [ 0.03365747,  0.        ,  0.06530993, ..., -0.88904717,
         -0.78689216, -0.79608315],
        [-0.03168732, -0.06530993,  0.        , ..., -0.91704899,
         -0.82551431, -0.83390827],
        ...,
        [ 0.90395238,  0.88904717,  0.91704899, ...,  0.        ,
          0.18837109,  0.17358074],
        [ 0.80721603,  0.78689216,  0.82551431, ..., -0.18837109,
          0.        , -0.01503826],
        [ 0.81600118,  0.79608315,  0.83390827, ..., -0.17358074,
          0.01503826,  0.        ]],

       [[ 0.        ,  0.06596518,  0.15773282, ..., -0.99949245,
         -0.99662605, -0.97745135],
        [-0.06596518,  0.        ,  0.09224985, ..., -0.99521407,
         -0.98904114, -0.96139313],
        [-0.15773282, -0.09224985,  0.        , ..., -0.98195583,
         -0.97120398, -0.93190847],
        ...,
        [ 0.99949245,  0.99521407,  0.98195583, ...,  0.        ,
         -0.05028572, -0.17991544],
        [ 0.99662605,  0.98904114,  0.97120398, ...,  0.05028572,
          0.        , -0.13022266],
        [ 0.97745135,  0.96139313,  0.93190847, ...,  0.17991544,
          0.13022266,  0.        ]],

       [[ 0.        ,  0.04699537,  0.08507067, ..., -0.99984027,
         -0.99980605, -0.9999734 ],
        [-0.04699537,  0.        ,  0.03815167, ..., -0.9995755 ,
         -0.99962691, -0.99921133],
        [-0.08507067, -0.03815167,  0.        , ..., -0.99773623,
         -0.99785708, -0.99696895],
        ...,
        [ 0.99984027,  0.9995755 ,  0.99773623, ...,  0.        ,
          0.0018217 , -0.01057935],
        [ 0.99980605,  0.99962691,  0.99785708, ..., -0.0018217 ,
          0.        , -0.01240093],
        [ 0.9999734 ,  0.99921133,  0.99696895, ...,  0.01057935,
          0.01240093,  0.        ]]]), 'num': array([8.59894759e-01, 5.10466991e-01, 2.05545746e-05, 2.29886689e-04,
       2.33943513e-04, 2.29210552e-04, 2.00603182e-03, 3.38068661e-06,
       2.25559411e-04, 2.26167934e-04, 2.55726404e-04, 7.15910106e-07,
       2.37040929e-04, 2.15294940e-04])}
{'img': array([[[ 0.        ,  0.15882222,  0.31605684, ..., -0.96913328,
         -0.98675848, -0.96390883],
        [-0.15882222,  0.        ,  0.16136416, ..., -0.99598788,
         -0.99999416, -0.99395777],
        [-0.31605684, -0.16136416,  0.        , ..., -0.99737558,
         -0.9874408 , -0.99864373],
        ...,
        [ 0.96913328,  0.99598788,  0.99737558, ...,  0.        ,
         -0.08608282,  0.02037528],
        [ 0.98675848,  0.99999416,  0.9874408 , ...,  0.08608282,
          0.        ,  0.10636459],
        [ 0.96390883,  0.99395777,  0.99864373, ..., -0.02037528,
         -0.10636459,  0.        ]],

       [[ 0.        , -0.08350553,  0.4055745 , ..., -0.5710655 ,
         -0.59293599, -0.69931762],
