state_0,state_1,state_2,state_3,state_4,state_5,state_6,state_7,state_8,state_9,state_10,state_11,state_12,state_13,state_14,state_15,state_16,state_17,state_18,state_19,state_20,state_21,state_22,state_23,state_24,state_25,state_26,state_27,state_28,state_29,state_30,state_31,state_32,state_33,state_34,state_35,state_36,state_37,state_38,state_39,state_40,state_41,state_42,state_43,state_44,state_45,state_46,state_47,state_48,state_49,state_50,state_51,state_52,state_53,state_54,state_55,state_56,state_57,state_58,state_59,state_60,state_61,state_62,state_63,state_64,state_65,state_66,state_67,state_68,state_69,state_70,state_71,state_72,state_73,state_74,state_75,state_76,state_77,state_78,state_79,state_80,state_81,state_82,state_83,state_84,state_85,state_86,state_87,state_88,state_89,state_90,state_91,state_92,state_93,state_94,state_95,state_96,state_97,state_98,state_99,state_100,state_101,state_102,state_103,state_104,state_105,state_106,state_107,state_108,state_109,state_110,state_111,state_112,state_113,state_114,state_115,state_116,state_117,state_118,state_119,state_120,state_121,state_122,state_123,state_124,state_125,state_126,state_127,state_128,state_129,state_130,state_131,state_132,state_133,state_134,state_135,state_136,state_137,state_138,state_139,state_140,state_141,state_142,state_143,state_144,state_145,state_146,state_147,state_148,state_149,state_150,state_151,state_152,state_153,state_154,state_155,state_156,state_157,state_158,state_159,state_160,state_161,state_162,state_163,state_164,state_165,state_166,state_167,state_168,state_169,state_170,state_171,state_172,state_173,state_174,state_175,state_176,state_177,state_178,state_179,state_180,state_181,state_182,state_183,state_184,state_185,state_186,state_187,state_188,state_189,state_190,state_191,state_192,state_193,state_194,state_195,state_196,state_197,state_198,state_199,state_200,state_201,state_202,state_203,state_204,state_205,state_206,state_207,state_208,state_209,state_210,state_211,state_212,state_213,state_214,state_215,state_216,state_217,state_218,state_219,state_220,state_221,state_222,state_223,state_224,state_225,state_226,state_227,state_228,state_229,state_230,state_231,state_232,state_233,state_234,state_235,state_236,state_237,state_238,state_239,state_240,state_241,state_242,state_243,state_244,state_245,state_246,state_247,state_248,state_249,state_250,state_251,state_252,state_253,state_254,state_255,state_256,state_257,state_258,state_259,state_260,state_261,state_262,state_263,state_264,state_265,state_266,state_267,state_268,state_269,state_270,state_271,state_272,state_273,state_274,state_275,state_276,state_277,state_278,state_279,state_280,state_281,state_282,state_283,state_284,state_285,state_286,state_287
{'img': array([[[ 0.        ,  0.02917925,  0.02917925, ..., -0.59205844,
         -0.67273443, -0.90326321],
        [-0.02917925,  0.        ,  0.        , ..., -0.61532175,
         -0.69403723, -0.91539903],
        [-0.02917925,  0.        ,  0.        , ..., -0.61532175,
         -0.69403723, -0.91539903],
        ...,
        [ 0.59205844,  0.61532175,  0.61532175, ...,  0.        ,
         -0.10409874, -0.47389081],
        [ 0.67273443,  0.69403723,  0.69403723, ...,  0.10409874,
          0.        , -0.3796485 ],
        [ 0.90326321,  0.91539903,  0.91539903, ...,  0.47389081,
          0.3796485 ,  0.        ]],

       [[ 0.        ,  0.00840502,  0.1378726 , ...,  0.80883408,
          0.87564912,  0.75684513],
        [-0.00840502,  0.        ,  0.12954297, ...,  0.80386304,
          0.871559  ,  0.75132492],
        [-0.1378726 , -0.12954297,  0.        , ...,  0.72003551,
          0.80070138,  0.6595045 ],
        ...,
        [-0.80883408, -0.80386304, -0.72003551, ...,  0.        ,
          0.12428935, -0.08359642],
        [-0.87564912, -0.871559  , -0.80070138, ..., -0.12428935,
          0.        , -0.20680251],
        [-0.75684513, -0.75132492, -0.6595045 , ...,  0.08359642,
          0.20680251,  0.        ]],

       [[ 0.        , -0.10260168, -0.17013443, ..., -0.8467338 ,
         -0.94959157, -0.93119461],
        [ 0.10260168,  0.        , -0.06813072, ..., -0.78767937,
         -0.91241555, -0.96368087],
        [ 0.17013443,  0.06813072,  0.        , ..., -0.74387478,
         -0.88241194, -0.97963641],
        ...,
        [ 0.8467338 ,  0.78767937,  0.74387478, ...,  0.        ,
         -0.23975627, -0.80406462],
        [ 0.94959157,  0.91241555,  0.88241194, ...,  0.23975627,
          0.        , -0.63806741],
        [ 0.93119461,  0.96368087,  0.97963641, ...,  0.80406462,
          0.63806741,  0.        ]],

       ...,

       [[ 0.        , -0.01286498, -0.31409554, ..., -0.93460427,
         -0.92432173, -0.77056765],
        [ 0.01286498,  0.        , -0.30185565, ..., -0.93910286,
         -0.9291547 , -0.77870348],
        [ 0.31409554,  0.30185565,  0.        , ..., -0.99902565,
         -0.99740638, -0.93176166],
        ...,
        [ 0.93460427,  0.93910286,  0.99902565, ...,  0.        ,
         -0.02788686, -0.32159506],
        [ 0.92432173,  0.9291547 ,  0.99740638, ...,  0.02788686,
          0.        , -0.29506456],
        [ 0.77056765,  0.77870348,  0.93176166, ...,  0.32159506,
          0.29506456,  0.        ]],

       [[ 0.        ,  0.03541522, -0.06291973, ...,  0.4110037 ,
          0.42284425,  0.45801312],
        [-0.03541522,  0.        , -0.0982253 , ...,  0.37846016,
          0.39048564,  0.4262436 ],
        [ 0.06291973,  0.0982253 ,  0.        , ...,  0.46754907,
          0.47902443,  0.51303781],
        ...,
        [-0.4110037 , -0.37846016, -0.46754907, ...,  0.        ,
          0.01302653,  0.05218032],
        [-0.42284425, -0.39048564, -0.47902443, ..., -0.01302653,
          0.        ,  0.03916711],
        [-0.45801312, -0.4262436 , -0.51303781, ..., -0.05218032,
         -0.03916711,  0.        ]],

       [[ 0.        ,  0.54904438,  0.80134996, ...,  0.98099017,
          0.94586131,  0.85337834],
        [-0.54904438,  0.        ,  0.34132679, ...,  0.71335878,
          0.61234053,  0.42703533],
        [-0.80134996, -0.34132679,  0.        , ...,  0.43131632,
          0.30571527,  0.09274998],
        ...,
        [-0.98099017, -0.71335878, -0.43131632, ...,  0.        ,
         -0.13484963, -0.345778  ],
        [-0.94586131, -0.61234053, -0.30571527, ...,  0.13484963,
          0.        , -0.21608807],
        [-0.85337834, -0.42703533, -0.09274998, ...,  0.345778  ,
          0.21608807,  0.        ]]]), 'num': array([9.99951791e-01, 9.80260394e-03, 2.31885052e-05, 1.47059138e-04,
       1.47231338e-04, 1.43959530e-04, 3.80211585e-04, 3.96060909e-06,
       1.45406014e-04, 1.52337080e-04, 1.55209956e-04, 1.30454845e-07,
       1.63553276e-04, 1.41120884e-04])}
{'img': array([[[ 0.        ,  0.        , -0.0146036 , ..., -0.69403723,
         -0.91539903, -0.62855643],
        [ 0.        ,  0.        , -0.0146036 , ..., -0.69403723,
         -0.91539903, -0.62855643],
        [ 0.0146036 ,  0.0146036 ,  0.        , ..., -0.68344952,
         -0.90942277, -0.61713125],
        ...,
        [ 0.69403723,  0.69403723,  0.68344952, ...,  0.        ,
         -0.3796485 ,  0.08727481],
        [ 0.91539903,  0.91539903,  0.90942277, ...,  0.3796485 ,
          0.        ,  0.45894048],
        [ 0.62855643,  0.62855643,  0.61713125, ..., -0.08727481,
         -0.45894048,  0.        ]],

       [[ 0.        ,  0.12954297,  0.0589685 , ...,  0.871559  ,
          0.75132492,  0.73457865],
        [-0.12954297,  0.        , -0.07084592, ...,  0.80070138,
          0.6595045 ,  0.64049099],
        [-0.0589685 ,  0.07084592,  0.        , ...,  0.84113065,
          0.71110227,  0.69328885],
        ...,
        [-0.871559  , -0.80070138, -0.84113065, ...,  0.        ,
         -0.20680251, -0.23121628],
        [-0.75132492, -0.6595045 , -0.71110227, ...,  0.20680251,
          0.        , -0.02501935],
        [-0.73457865, -0.64049099, -0.69328885, ...,  0.23121628,
          0.02501935,  0.        ]],

       [[ 0.        , -0.06813072, -0.08002262, ..., -0.91241555,
         -0.96368087, -0.97073537],
        [ 0.06813072,  0.        , -0.01192446, ..., -0.88241194,
         -0.97963641, -0.95211807],
        [ 0.08002262,  0.01192446,  0.        , ..., -0.87673901,
         -0.98196095, -0.9484047 ],
        ...,
        [ 0.91241555,  0.88241194,  0.87673901, ...,  0.        ,
         -0.63806741, -0.17816991],
        [ 0.96368087,  0.97963641,  0.98196095, ...,  0.63806741,
          0.        ,  0.49067081],
        [ 0.97073537,  0.95211807,  0.9484047 , ...,  0.17816991,
         -0.49067081,  0.        ]],

       ...,

       [[ 0.        , -0.30185565, -0.15169619, ..., -0.9291547 ,
         -0.77870348, -0.97260619],
        [ 0.30185565,  0.        ,  0.15374221, ..., -0.99740638,
         -0.93176166, -0.85706858],
        [ 0.15169619, -0.15374221,  0.        , ..., -0.97448249,
         -0.86486467, -0.92608723],
        ...,
        [ 0.9291547 ,  0.99740638,  0.97448249, ...,  0.        ,
         -0.29506456,  0.57555431],
        [ 0.77870348,  0.93176166,  0.86486467, ...,  0.29506456,
          0.        ,  0.79122213],
        [ 0.97260619,  0.85706858,  0.92608723, ..., -0.57555431,
         -0.79122213,  0.        ]],

       [[ 0.        , -0.0982253 , -0.14014383, ...,  0.39048564,
          0.4262436 ,  0.37836863],
        [ 0.0982253 ,  0.        , -0.04221019, ...,  0.47902443,
          0.51303781,  0.46746165],
        [ 0.14014383,  0.04221019,  0.        , ...,  0.51564967,
          0.54881236,  0.5043594 ],
        ...,
        [-0.39048564, -0.47902443, -0.51564967, ...,  0.        ,
          0.03916711, -0.01312542],
        [-0.4262436 , -0.51303781, -0.54881236, ..., -0.03916711,
          0.        , -0.05227908],
        [-0.37836863, -0.46746165, -0.5043594 , ...,  0.01312542,
          0.05227908,  0.        ]],

       [[ 0.        ,  0.67133928,  0.8318332 , ...,  0.8964967 ,
          0.75357009,  0.66693119],
        [-0.67133928,  0.        ,  0.24390277, ...,  0.36700153,
          0.11719192, -0.00593169],
        [-0.8318332 , -0.24390277,  0.        , ...,  0.12903465,
         -0.12856942, -0.24965104],
        ...,
        [-0.8964967 , -0.36700153, -0.12903465, ...,  0.        ,
         -0.25545832, -0.37251286],
        [-0.75357009, -0.11719192,  0.12856942, ...,  0.25545832,
          0.        , -0.12308068],
        [-0.66693119,  0.00593169,  0.24965104, ...,  0.37251286,
          0.12308068,  0.        ]]]), 'num': array([8.37630524e-01, 5.46232741e-01, 6.80835943e-06, 6.68343540e-04,
       6.74589741e-04, 6.53508812e-04, 1.09842573e-03, 1.56155033e-06,
       6.62878114e-04, 6.88877927e-04, 7.03179125e-04, 6.32838817e-07,
       7.40179312e-04, 6.37576542e-04])}
{'img': array([[[ 0.        , -0.0146036 , -0.30087437, ..., -0.91539903,
         -0.62855643, -0.60204426],
        [ 0.0146036 ,  0.        , -0.28691536, ..., -0.90942277,
         -0.61713125, -0.59031963],
        [ 0.30087437,  0.28691536,  0.        , ..., -0.75186663,
         -0.36542225, -0.33391084],
        ...,
        [ 0.91539903,  0.90942277,  0.75186663, ...,  0.        ,
          0.45894048,  0.48856049],
        [ 0.62855643,  0.61713125,  0.36542225, ..., -0.45894048,
          0.        ,  0.03363053],
        [ 0.60204426,  0.59031963,  0.33391084, ..., -0.48856049,
         -0.03363053,  0.        ]],

       [[ 0.        , -0.07084592,  0.56315141, ...,  0.6595045 ,
          0.64049099,  0.35751761],
        [ 0.07084592,  0.        ,  0.62028016, ...,  0.71110227,
          0.69328885,  0.42278272],
        [-0.56315141, -0.62028016,  0.        , ...,  0.12166274,
          0.09679116, -0.2304947 ],
        ...,
        [-0.6595045 , -0.71110227, -0.12166274, ...,  0.        ,
         -0.02501935, -0.34716927],
        [-0.64049099, -0.69328885, -0.09679116, ...,  0.02501935,
          0.        , -0.32359738],
        [-0.35751761, -0.42278272,  0.2304947 , ...,  0.34716927,
          0.32359738,  0.        ]],

       [[ 0.        , -0.01192446, -0.10239432, ..., -0.97963641,
         -0.95211807, -0.89098182],
        [ 0.01192446,  0.        , -0.09052526, ..., -0.98196095,
         -0.9484047 , -0.88550431],
        [ 0.10239432,  0.09052526,  0.        , ..., -0.99504604,
         -0.91580856, -0.83980771],
        ...,
        [ 0.97963641,  0.98196095,  0.99504604, ...,  0.        ,
          0.49067081,  0.6236842 ],
        [ 0.95211807,  0.9484047 ,  0.91580856, ..., -0.49067081,
          0.        ,  0.15989833],
        [ 0.89098182,  0.88550431,  0.83980771, ..., -0.6236842 ,
         -0.15989833,  0.        ]],

       ...,

       [[ 0.        ,  0.15374221, -0.76989701, ..., -0.93176166,
         -0.85706858, -0.78165382],
        [-0.15374221,  0.        , -0.85885708, ..., -0.86486467,
         -0.92608723, -0.86825167],
        [ 0.76989701,  0.85885708,  0.        , ..., -0.87414754,
         -0.15030113, -0.01863218],
        ...,
        [ 0.93176166,  0.86486467,  0.87414754, ...,  0.        ,
          0.79122213,  0.86494688],
        [ 0.85706858,  0.92608723,  0.15030113, ..., -0.79122213,
          0.        ,  0.13185452],
        [ 0.78165382,  0.86825167,  0.01863218, ..., -0.86494688,
         -0.13185452,  0.        ]],

       [[ 0.        , -0.04221019, -0.13228519, ...,  0.51303781,
          0.46746165,  0.38697178],
        [ 0.04221019,  0.        , -0.09032805, ...,  0.54881236,
          0.5043594 ,  0.42554856],
        [ 0.13228519,  0.09032805,  0.        , ...,  0.62207819,
          0.58029533,  0.50555002],
        ...,
        [-0.51303781, -0.54881236, -0.62207819, ...,  0.        ,
         -0.05227908, -0.1409044 ],
        [-0.46746165, -0.5043594 , -0.58029533, ...,  0.05227908,
          0.        , -0.08895422],
        [-0.38697178, -0.42554856, -0.50555002, ...,  0.1409044 ,
          0.08895422,  0.        ]],

       [[ 0.        ,  0.35895495,  0.52506175, ...,  0.18898515,
         -0.01104542, -0.40055057],
        [-0.35895495,  0.        ,  0.18457527, ..., -0.17609634,
         -0.36924235, -0.70275715],
        [-0.52506175, -0.18457527,  0.        , ..., -0.35476162,
         -0.53443008, -0.82199499],
        ...,
        [-0.18898515,  0.17609634,  0.35476162, ...,  0.        ,
         -0.19982001, -0.56649493],
        [ 0.01104542,  0.36924235,  0.53443008, ...,  0.19982001,
          0.        , -0.39040549],
        [ 0.40055057,  0.70275715,  0.82199499, ...,  0.56649493,
          0.39040549,  0.        ]]]), 'num': array([9.13338051e-01, 4.07189551e-01, 1.17299768e-05, 7.31428468e-04,
       7.32276010e-04, 7.16172718e-04, 2.43232596e-03, 5.93279175e-06,
       7.20918951e-04, 7.45412906e-04, 7.62801636e-04, 6.86954834e-07,
       7.99622456e-04, 6.91203356e-04])}
{'img': array([[[ 0.        , -0.28691536, -0.23032023, ..., -0.61713125,
         -0.59031963, -0.49536235],
        [ 0.28691536,  0.        ,  0.05856498, ..., -0.36542225,
         -0.33391084, -0.22529582],
        [ 0.23032023, -0.05856498,  0.        , ..., -0.41930978,
         -0.38854134, -0.28196842],
        ...,
        [ 0.61713125,  0.36542225,  0.41930978, ...,  0.        ,
          0.03363053,  0.14631262],
        [ 0.59031963,  0.33391084,  0.38854134, ..., -0.03363053,
          0.        ,  0.11296124],
        [ 0.49536235,  0.22529582,  0.28196842, ..., -0.14631262,
         -0.11296124,  0.        ]],

       [[ 0.        ,  0.62028016,  0.2472167 , ...,  0.69328885,
          0.42278272,  0.84754661],
        [-0.62028016,  0.        , -0.40711487, ...,  0.09679116,
         -0.2304947 ,  0.33560322],
        [-0.2472167 ,  0.40711487,  0.        , ...,  0.49361017,
          0.18562418,  0.69003587],
        ...,
        [-0.69328885, -0.09679116, -0.49361017, ...,  0.        ,
         -0.32359738,  0.24284986],
        [-0.42278272,  0.2304947 , -0.18562418, ...,  0.32359738,
          0.        ,  0.54369343],
        [-0.84754661, -0.33560322, -0.69003587, ..., -0.24284986,
         -0.54369343,  0.        ]],

       [[ 0.        , -0.09052526, -0.1487281 , ..., -0.9484047 ,
         -0.88550431, -0.86191188],
        [ 0.09052526,  0.        , -0.05859899, ..., -0.91580856,
         -0.83980771, -0.81247144],
        [ 0.1487281 ,  0.05859899,  0.        , ..., -0.89070059,
         -0.80655213, -0.77691202],
        ...,
        [ 0.9484047 ,  0.91580856,  0.89070059, ...,  0.        ,
          0.15989833,  0.2076165 ],
        [ 0.88550431,  0.83980771,  0.80655213, ..., -0.15989833,
          0.        ,  0.048531  ],
        [ 0.86191188,  0.81247144,  0.77691202, ..., -0.2076165 ,
         -0.048531  ,  0.        ]],

       ...,

       [[ 0.        , -0.85885708, -0.88686973, ..., -0.92608723,
         -0.86825167, -0.86825167],
        [ 0.85885708,  0.        , -0.05745946, ..., -0.15030113,
         -0.01863218, -0.01863218],
        [ 0.88686973,  0.05745946,  0.        , ..., -0.09324607,
          0.03884809,  0.03884809],
        ...,
        [ 0.92608723,  0.15030113,  0.09324607, ...,  0.        ,
          0.13185452,  0.13185452],
        [ 0.86825167,  0.01863218, -0.03884809, ..., -0.13185452,
          0.        ,  0.        ],
        [ 0.86825167,  0.01863218, -0.03884809, ..., -0.13185452,
          0.        ,  0.        ]],

       [[ 0.        , -0.09032805, -0.26527778, ...,  0.5043594 ,
          0.42554856,  0.20567892],
        [ 0.09032805,  0.        , -0.17710156, ...,  0.58029533,
          0.50555002,  0.29323492],
        [ 0.26527778,  0.17710156,  0.        , ...,  0.71535496,
          0.65036132,  0.45791588],
        ...,
        [-0.5043594 , -0.58029533, -0.71535496, ...,  0.        ,
         -0.08895422, -0.31597348],
        [-0.42554856, -0.50555002, -0.65036132, ...,  0.08895422,
          0.        , -0.23032396],
        [-0.20567892, -0.29323492, -0.45791588, ...,  0.31597348,
          0.23032396,  0.        ]],

       [[ 0.        ,  0.17758959,  0.38816447, ..., -0.34044981,
         -0.54366413, -0.72642457],
        [-0.17758959,  0.        ,  0.21832965, ..., -0.5020191 ,
         -0.68407384, -0.83692556],
        [-0.38816447, -0.21832965,  0.        , ..., -0.67873175,
         -0.82682304, -0.93623027],
        ...,
        [ 0.34044981,  0.5020191 ,  0.67873175, ...,  0.        ,
         -0.22544659, -0.44905708],
        [ 0.54366413,  0.68407384,  0.82682304, ...,  0.22544659,
          0.        , -0.23605913],
        [ 0.72642457,  0.83692556,  0.93623027, ...,  0.44905708,
          0.23605913,  0.        ]]]), 'num': array([ 9.59730954e-01,  2.80905782e-01,  1.58418952e-05,  7.67034133e-04,
        7.84039557e-04,  7.58083910e-04,  1.89229200e-03, -5.37013395e-06,
        7.62738026e-04,  7.83771051e-04,  8.04923412e-04,  7.41039990e-07,
        8.37188515e-04,  7.30353587e-04])}
{'img': array([[[ 0.        ,  0.05856498,  0.08762289, ..., -0.33391084,
         -0.22529582, -0.31823912],
        [-0.05856498,  0.        ,  0.02913277, ..., -0.38854134,
         -0.28196842, -0.37321311],
        [-0.08762289, -0.02913277,  0.        , ..., -0.41522027,
         -0.30979941, -0.4000825 ],
        ...,
        [ 0.33391084,  0.38854134,  0.41522027, ...,  0.        ,
          0.11296124,  0.01657729],
        [ 0.22529582,  0.28196842,  0.30979941, ..., -0.11296124,
          0.        , -0.09647453],
        [ 0.31823912,  0.37321311,  0.4000825 , ..., -0.01657729,
          0.09647453,  0.        ]],

       [[ 0.        , -0.40711487, -0.46531974, ..., -0.2304947 ,
          0.33560322,  0.06090153],
        [ 0.40711487,  0.        , -0.06465758, ...,  0.18562418,
          0.69003587,  0.46198523],
        [ 0.46531974,  0.06465758,  0.        , ...,  0.24876965,
          0.73538952,  0.51836254],
        ...,
        [ 0.2304947 , -0.18562418, -0.24876965, ...,  0.        ,
          0.54369343,  0.28932852],
        [-0.33560322, -0.69003587, -0.73538952, ..., -0.54369343,
          0.        , -0.27761082],
        [-0.06090153, -0.46198523, -0.51836254, ..., -0.28932852,
          0.27761082,  0.        ]],

       [[ 0.        , -0.05859899, -0.11685685, ..., -0.83980771,
         -0.81247144, -0.78479875],
        [ 0.05859899,  0.        , -0.05845853, ..., -0.80655213,
         -0.77691202, -0.74713339],
        [ 0.11685685,  0.05845853,  0.        , ..., -0.77061428,
         -0.73877735, -0.7069998 ],
        ...,
        [ 0.83980771,  0.80655213,  0.77061428, ...,  0.        ,
          0.048531  ,  0.09441674],
        [ 0.81247144,  0.77691202,  0.73877735, ..., -0.048531  ,
          0.        ,  0.04599129],
        [ 0.78479875,  0.74713339,  0.7069998 , ..., -0.09441674,
         -0.04599129,  0.        ]],

       ...,

       [[ 0.        , -0.05745946,  0.28280751, ..., -0.01863218,
         -0.01863218,  0.02365069],
        [ 0.05745946,  0.        ,  0.33745405, ...,  0.03884809,
          0.03884809,  0.081055  ],
        [-0.28280751, -0.33745405,  0.        , ..., -0.30062997,
         -0.30062997, -0.26004322],
        ...,
        [ 0.01863218, -0.03884809,  0.30062997, ...,  0.        ,
          0.        ,  0.04227355],
        [ 0.01863218, -0.03884809,  0.30062997, ...,  0.        ,
          0.        ,  0.04227355],
        [-0.02365069, -0.081055  ,  0.26004322, ..., -0.04227355,
         -0.04227355,  0.        ]],

       [[ 0.        , -0.17710156, -0.46483573, ...,  0.50555002,
          0.29323492, -0.18132479],
        [ 0.17710156,  0.        , -0.30068269, ...,  0.65036132,
          0.45791588, -0.00429271],
        [ 0.46483573,  0.30068269,  0.        , ...,  0.84867145,
          0.70403104,  0.29658586],
        ...,
        [-0.50555002, -0.65036132, -0.84867145, ...,  0.        ,
         -0.23032396, -0.65361618],
        [-0.29323492, -0.45791588, -0.70403104, ...,  0.23032396,
          0.        , -0.46172786],
        [ 0.18132479,  0.00429271, -0.29658586, ...,  0.65361618,
          0.46172786,  0.        ]],

       [[ 0.        ,  0.21832965,  0.43401084, ..., -0.68407384,
         -0.83692556, -0.73890345],
        [-0.21832965,  0.        ,  0.22684551, ..., -0.82682304,
         -0.93623027, -0.86819045],
        [-0.43401084, -0.22684551,  0.        , ..., -0.9328604 ,
         -0.99153403, -0.95812519],
        ...,
        [ 0.68407384,  0.82682304,  0.9328604 , ...,  0.        ,
         -0.23605913, -0.07802892],
        [ 0.83692556,  0.93623027,  0.99153403, ...,  0.23605913,
          0.        ,  0.15951569],
        [ 0.73890345,  0.86819045,  0.95812519, ...,  0.07802892,
         -0.15951569,  0.        ]]]), 'num': array([9.82062463e-01, 1.88535574e-01, 1.85187130e-05, 7.84893029e-04,
       7.96799225e-04, 7.72986834e-04, 1.61070674e-03, 0.00000000e+00,
       7.85259374e-04, 7.98722533e-04, 8.23343934e-04, 7.34701824e-07,
       8.48986209e-04, 7.48458857e-04])}
{'img': array([[[ 0.        ,  0.02913277,  0.42658114, ..., -0.28196842,
         -0.37321311, -0.37321311],
        [-0.02913277,  0.        ,  0.40005096, ..., -0.30979941,
         -0.4000825 , -0.4000825 ],
        [-0.42658114, -0.40005096,  0.        , ..., -0.66429819,
         -0.73331113, -0.73331113],
        ...,
        [ 0.28196842,  0.30979941,  0.66429819, ...,  0.        ,
         -0.09647453, -0.09647453],
        [ 0.37321311,  0.4000825 ,  0.73331113, ...,  0.09647453,
          0.        ,  0.        ],
        [ 0.37321311,  0.4000825 ,  0.73331113, ...,  0.09647453,
          0.        ,  0.        ]],

       [[ 0.        , -0.06465758,  0.04411321, ...,  0.69003587,
          0.46198523,  0.33214935],
        [ 0.06465758,  0.        ,  0.10861554, ...,  0.73538952,
          0.51836254,  0.39244109],
        [-0.04411321, -0.10861554,  0.        , ...,  0.6574361 ,
          0.42241205,  0.29021725],
        ...,
        [-0.69003587, -0.73538952, -0.6574361 , ...,  0.        ,
         -0.27761082, -0.41045887],
        [-0.46198523, -0.51836254, -0.42241205, ...,  0.27761082,
          0.        , -0.14117772],
        [-0.33214935, -0.39244109, -0.29021725, ...,  0.41045887,
          0.14117772,  0.        ]],

       [[ 0.        , -0.05845853, -0.00780257, ..., -0.77691202,
         -0.74713339, -0.64960062],
        [ 0.05845853,  0.        ,  0.05066753, ..., -0.73877735,
         -0.7069998 , -0.60404511],
        [ 0.00780257, -0.05066753,  0.        , ..., -0.77197581,
         -0.74192448, -0.64364875],
        ...,
        [ 0.77691202,  0.73877735,  0.77197581, ...,  0.        ,
          0.04599129,  0.18167277],
        [ 0.74713339,  0.7069998 ,  0.74192448, ..., -0.04599129,
          0.        ,  0.13625458],
        [ 0.64960062,  0.60404511,  0.64364875, ..., -0.18167277,
         -0.13625458,  0.        ]],

       ...,

       [[ 0.        ,  0.33745405,  0.98170605, ...,  0.03884809,
          0.081055  ,  0.01846611],
        [-0.33745405,  0.        ,  0.85986894, ..., -0.30062997,
         -0.26004322, -0.32001358],
        [-0.98170605, -0.85986894,  0.        , ..., -0.9735682 ,
         -0.96304278, -0.97802266],
        ...,
        [-0.03884809,  0.30062997,  0.9735682 , ...,  0.        ,
          0.04227355, -0.02038929],
        [-0.081055  ,  0.26004322,  0.96304278, ..., -0.04227355,
          0.        , -0.06263583],
        [-0.01846611,  0.32001358,  0.97802266, ...,  0.02038929,
          0.06263583,  0.        ]],

       [[ 0.        , -0.23030577, -0.40483518, ...,  0.4061325 ,
         -0.00354646, -0.79751764],
        [ 0.23030577,  0.        , -0.18336331, ...,  0.60567165,
          0.22685319, -0.63713656],
        [ 0.40483518,  0.18336331,  0.        , ...,  0.7413075 ,
          0.40158978, -0.4850066 ],
        ...,
        [-0.4061325 , -0.60567165, -0.7413075 , ...,  0.        ,
         -0.40937075, -0.9738009 ],
        [ 0.00354646, -0.22685319, -0.40158978, ...,  0.40937075,
          0.        , -0.79537306],
        [ 0.79751764,  0.63713656,  0.4850066 , ...,  0.9738009 ,
          0.79537306,  0.        ]],

       [[ 0.        ,  0.22684551,  0.46321581, ..., -0.93623027,
         -0.86819045, -0.78991006],
        [-0.22684551,  0.        ,  0.2500993 , ..., -0.99153403,
         -0.95812519, -0.90842452],
        [-0.46321581, -0.2500993 ,  0.        , ..., -0.99249793,
         -0.999292  , -0.9841087 ],
        ...,
        [ 0.93623027,  0.99153403,  0.99249793, ...,  0.        ,
          0.15951569,  0.29655347],
        [ 0.86819045,  0.95812519,  0.999292  , ..., -0.15951569,
          0.        ,  0.14041614],
        [ 0.78991006,  0.90842452,  0.9841087 , ..., -0.29655347,
         -0.14041614,  0.        ]]]), 'num': array([ 9.98175489e-01,  6.03066154e-02,  2.23302113e-05,  7.96829969e-04,
        8.16750719e-04,  7.53194042e-04,  1.87463736e-03, -1.61263208e-05,
        8.10679633e-04,  8.23106386e-04,  8.52117954e-04,  6.99477967e-07,
        8.70684872e-04,  7.75527900e-04])}
{'img': array([[[ 0.        ,  0.40005096,  0.42803543, ..., -0.4000825 ,
         -0.4000825 , -0.66196848],
        [-0.40005096,  0.        ,  0.03074059, ..., -0.73331113,
         -0.73331113, -0.90654028],
        [-0.42803543, -0.03074059,  0.        , ..., -0.75386489,
         -0.75386489, -0.91908804],
        ...,
        [ 0.4000825 ,  0.73331113,  0.75386489, ...,  0.        ,
          0.        , -0.30680579],
        [ 0.4000825 ,  0.73331113,  0.75386489, ...,  0.        ,
          0.        , -0.30680579],
        [ 0.66196848,  0.90654028,  0.91908804, ...,  0.30680579,
          0.30680579,  0.        ]],

       [[ 0.        ,  0.10861554,  0.162809  , ...,  0.51836254,
          0.39244109,  0.47150761],
        [-0.10861554,  0.        ,  0.05467945, ...,  0.42241205,
          0.29021725,  0.37293417],
        [-0.162809  , -0.05467945,  0.        , ...,  0.37221844,
          0.23745699,  0.3216415 ],
        ...,
        [-0.51836254, -0.42241205, -0.37221844, ...,  0.        ,
         -0.14117772, -0.05390933],
        [-0.39244109, -0.29021725, -0.23745699, ...,  0.14117772,
          0.        ,  0.08760304],
        [-0.47150761, -0.37293417, -0.3216415 , ...,  0.05390933,
         -0.08760304,  0.        ]],

       [[ 0.        ,  0.05066753,  0.11296552, ..., -0.7069998 ,
         -0.60404511, -0.65942719],
        [-0.05066753,  0.        ,  0.06247722, ..., -0.74192448,
         -0.64364875, -0.69667045],
        [-0.11296552, -0.06247722,  0.        , ..., -0.78236499,
         -0.69020644, -0.74013004],
        ...,
        [ 0.7069998 ,  0.74192448,  0.78236499, ...,  0.        ,
          0.13625458,  0.06514416],
        [ 0.60404511,  0.64364875,  0.69020644, ..., -0.13625458,
          0.        , -0.07142854],
        [ 0.65942719,  0.69667045,  0.74013004, ..., -0.06514416,
          0.07142854,  0.        ]],

       ...,

       [[ 0.        ,  0.85986894,  0.88368143, ..., -0.26004322,
         -0.32001358, -0.47066706],
        [-0.85986894,  0.        ,  0.04863746, ..., -0.96304278,
         -0.97802266, -0.99895426],
        [-0.88368143, -0.04863746,  0.        , ..., -0.97500344,
         -0.98700601, -0.99999574],
        ...,
        [ 0.26004322,  0.96304278,  0.97500344, ...,  0.        ,
         -0.06263583, -0.22503572],
        [ 0.32001358,  0.97802266,  0.98700601, ...,  0.06263583,
          0.        , -0.1635646 ],
        [ 0.47066706,  0.99895426,  0.99999574, ...,  0.22503572,
          0.1635646 ,  0.        ]],

       [[ 0.        , -0.09871555, -0.05397143, ...,  0.14701731,
         -0.22587537, -0.88857844],
        [ 0.09871555,  0.        ,  0.04486384, ...,  0.24394212,
         -0.12860777, -0.83895509],
        [ 0.05397143, -0.04486384,  0.        , ...,  0.200188  ,
         -0.17296955, -0.86252529],
        ...,
        [-0.14701731, -0.24394212, -0.200188  , ...,  0.        ,
         -0.36663881, -0.94636355],
        [ 0.22587537,  0.12860777,  0.17296955, ...,  0.36663881,
          0.        , -0.76199959],
        [ 0.88857844,  0.83895509,  0.86252529, ...,  0.94636355,
          0.76199959,  0.        ]],

       [[ 0.        ,  0.2500993 ,  0.35154909, ..., -0.95812519,
         -0.90842452, -0.89632057],
        [-0.2500993 ,  0.        ,  0.1062416 , ..., -0.999292  ,
         -0.9841087 , -0.97873136],
        [-0.35154909, -0.1062416 ,  0.        , ..., -0.99763349,
         -0.997404  , -0.99498713],
        ...,
        [ 0.95812519,  0.999292  ,  0.99763349, ...,  0.        ,
          0.14041614,  0.16817797],
        [ 0.90842452,  0.9841087 ,  0.997404  , ..., -0.14041614,
          0.        ,  0.02809561],
        [ 0.89632057,  0.97873136,  0.99498713, ..., -0.16817797,
         -0.02809561,  0.        ]]]), 'num': array([9.98893810e-01, 4.69510677e-02, 2.23460738e-05, 7.97940270e-04,
       8.01686469e-04, 7.78272728e-04, 1.24396266e-03, 1.12385954e-05,
       7.99626060e-04, 8.10302725e-04, 8.40787415e-04, 7.76650899e-07,
       8.55263350e-04, 7.65342100e-04])}
{'img': array([[[ 0.        ,  0.03074059,  0.94780836, ..., -0.73331113,
         -0.90654028, -0.7881135 ],
        [-0.03074059,  0.        ,  0.93755907, ..., -0.75386489,
         -0.91908804, -0.80666279],
        [-0.94780836, -0.93755907,  0.        , ..., -0.87821782,
         -0.68913005, -0.83468699],
        ...,
        [ 0.73331113,  0.75386489,  0.87821782, ...,  0.        ,
         -0.30680579, -0.08445806],
        [ 0.90654028,  0.91908804,  0.68913005, ...,  0.30680579,
          0.        ,  0.22532475],
        [ 0.7881135 ,  0.80666279,  0.83468699, ...,  0.08445806,
         -0.22532475,  0.        ]],

       [[ 0.        ,  0.05467945,  0.56034574, ...,  0.29021725,
          0.37293417,  0.10613013],
        [-0.05467945,  0.        ,  0.51421871, ...,  0.23745699,
          0.3216415 ,  0.05160072],
        [-0.56034574, -0.51421871,  0.        , ..., -0.29585391,
         -0.21103516, -0.46927784],
        ...,
        [-0.29021725, -0.23745699,  0.29585391, ...,  0.        ,
          0.08760304, -0.18701581],
        [-0.37293417, -0.3216415 ,  0.21103516, ..., -0.08760304,
          0.        , -0.27235427],
        [-0.10613013, -0.05160072,  0.46927784, ...,  0.18701581,
          0.27235427,  0.        ]],

       [[ 0.        ,  0.06247722,  0.38087458, ..., -0.64364875,
         -0.69667045, -0.7117767 ],
        [-0.06247722,  0.        ,  0.32236239, ..., -0.69020644,
         -0.74013004, -0.75427053],
        [-0.38087458, -0.32236239,  0.        , ..., -0.88662615,
         -0.91739622, -0.92565627],
        ...,
        [ 0.64364875,  0.69020644,  0.88662615, ...,  0.        ,
         -0.07142854, -0.09263505],
        [ 0.69667045,  0.74013004,  0.91739622, ...,  0.07142854,
          0.        , -0.02127703],
        [ 0.7117767 ,  0.75427053,  0.92565627, ...,  0.09263505,
          0.02127703,  0.        ]],

       ...,

       [[ 0.        ,  0.04863746,  0.25888087, ..., -0.97802266,
         -0.99895426, -0.96218633],
        [-0.04863746,  0.        ,  0.21159511, ..., -0.98700601,
         -0.99999574, -0.97429604],
        [-0.25888087, -0.21159511,  0.        , ..., -0.99865745,
         -0.97673541, -0.99990179],
        ...,
        [ 0.97802266,  0.98700601,  0.99865745, ...,  0.        ,
         -0.1635646 ,  0.06579113],
        [ 0.99895426,  0.99999574,  0.97673541, ...,  0.1635646 ,
          0.        ,  0.22811532],
        [ 0.96218633,  0.97429604,  0.99990179, ..., -0.06579113,
         -0.22811532,  0.        ]],

       [[ 0.        ,  0.03821695,  0.39512542, ..., -0.10699977,
         -0.52985148, -0.90891616],
        [-0.03821695,  0.        ,  0.35972963, ..., -0.14491915,
         -0.56187584, -0.92418783],
        [-0.39512542, -0.35972963,  0.        , ..., -0.49114991,
         -0.82183807, -0.99971406],
        ...,
        [ 0.10699977,  0.14491915,  0.49114991, ...,  0.        ,
         -0.43606415, -0.85908147],
        [ 0.52985148,  0.56187584,  0.82183807, ...,  0.43606415,
          0.        , -0.54990621],
        [ 0.90891616,  0.92418783,  0.99971406, ...,  0.85908147,
          0.54990621,  0.        ]],

       [[ 0.        ,  0.1062416 ,  0.11164187, ..., -0.9841087 ,
         -0.97873136, -0.98451398],
        [-0.1062416 ,  0.        ,  0.00543259, ..., -0.997404  ,
         -0.99498713, -0.99756677],
        [-0.11164187, -0.00543259,  0.        , ..., -0.99778047,
         -0.99551572, -0.99793079],
        ...,
        [ 0.9841087 ,  0.997404  ,  0.99778047, ...,  0.        ,
          0.02809561, -0.00229698],
        [ 0.97873136,  0.99498713,  0.99551572, ..., -0.02809561,
          0.        , -0.03039161],
        [ 0.98451398,  0.99756677,  0.99793079, ...,  0.00229698,
          0.03039161,  0.        ]]]), 'num': array([9.99587034e-01, 2.86157578e-02, 2.27927530e-05, 7.98496115e-04,
       8.02244923e-04, 7.79752075e-04, 1.30385418e-03, 0.00000000e+00,
       7.98121234e-04, 8.08992778e-04, 8.40435905e-04, 7.38401586e-07,
       8.52749574e-04, 7.65235981e-04])}
{'img': array([[[ 0.        ,  0.93755907,  0.64350593, ..., -0.91908804,
         -0.80666279, -0.80666279],
        [-0.93755907,  0.        , -0.49381812, ..., -0.68913005,
         -0.83468699, -0.83468699],
        [-0.64350593,  0.49381812,  0.        , ..., -0.95708274,
         -0.99777258, -0.99777258],
        ...,
        [ 0.91908804,  0.68913005,  0.95708274, ...,  0.        ,
          0.22532475,  0.22532475],
        [ 0.80666279,  0.83468699,  0.99777258, ..., -0.22532475,
          0.        ,  0.        ],
        [ 0.80666279,  0.83468699,  0.99777258, ..., -0.22532475,
          0.        ,  0.        ]],

       [[ 0.        ,  0.51421871,  0.16418458, ...,  0.3216415 ,
          0.05160072,  0.08066247],
        [-0.51421871,  0.        , -0.36642618, ..., -0.21103516,
         -0.46927784, -0.44336222],
        [-0.16418458,  0.36642618,  0.        , ...,  0.16181664,
         -0.11306537, -0.08408173],
        ...,
        [-0.3216415 ,  0.21103516, -0.16181664, ...,  0.        ,
         -0.27235427, -0.24421723],
        [-0.05160072,  0.46927784,  0.11306537, ...,  0.27235427,
          0.        ,  0.02912243],
        [-0.08066247,  0.44336222,  0.08408173, ...,  0.24421723,
         -0.02912243,  0.        ]],

       [[ 0.        ,  0.32236239,  0.6029705 , ..., -0.74013004,
         -0.75427053, -0.79283088],
        [-0.32236239,  0.        ,  0.31361278, ..., -0.91739622,
         -0.92565627, -0.94696775],
        [-0.6029705 , -0.31361278,  0.        , ..., -0.99592454,
         -0.99761806, -0.9999669 ],
        ...,
        [ 0.74013004,  0.91739622,  0.99592454, ...,  0.        ,
         -0.02127703, -0.08208392],
        [ 0.75427053,  0.92565627,  0.99761806, ...,  0.02127703,
          0.        , -0.06086011],
        [ 0.79283088,  0.94696775,  0.9999669 , ...,  0.08208392,
          0.06086011,  0.        ]],

       ...,

       [[ 0.        ,  0.21159511, -0.4501695 , ..., -0.99999574,
         -0.97429604, -0.99207205],
        [-0.21159511,  0.        , -0.6289189 , ..., -0.97673541,
         -0.99990179, -0.99620021],
        [ 0.4501695 ,  0.6289189 ,  0.        , ..., -0.89425376,
         -0.76858062, -0.82929094],
        ...,
        [ 0.99999574,  0.97673541,  0.89425376, ...,  0.        ,
          0.22811532,  0.12856659],
        [ 0.97429604,  0.99990179,  0.76858062, ..., -0.22811532,
          0.        , -0.10104534],
        [ 0.99207205,  0.99620021,  0.82929094, ..., -0.12856659,
          0.10104534,  0.        ]],

       [[ 0.        ,  0.33640836,  0.56478492, ..., -0.49083044,
         -0.70674451, -0.9522873 ],
        [-0.33640836,  0.        ,  0.2542501 , ..., -0.75532049,
         -0.9035512 , -0.99945724],
        [-0.56478492, -0.2542501 ,  0.        , ..., -0.89712375,
         -0.98280028, -0.95823788],
        ...,
        [ 0.49083044,  0.75532049,  0.89712375, ...,  0.        ,
         -0.26850752, -0.67988224],
        [ 0.70674451,  0.9035512 ,  0.98280028, ...,  0.26850752,
          0.        , -0.45801304],
        [ 0.9522873 ,  0.99945724,  0.95823788, ...,  0.67988224,
          0.45801304,  0.        ]],

       [[ 0.        ,  0.00543259, -0.08070126, ..., -0.99498713,
         -0.99756677, -0.99999995],
        [-0.00543259,  0.        , -0.08611494, ..., -0.99551572,
         -0.99793079, -0.99998348],
        [ 0.08070126,  0.08611494,  0.        , ..., -0.98367144,
         -0.98868674, -0.99676371],
        ...,
        [ 0.99498713,  0.99551572,  0.98367144, ...,  0.        ,
         -0.03039161, -0.10031649],
        [ 0.99756677,  0.99793079,  0.98868674, ...,  0.03039161,
          0.        , -0.07003185],
        [ 0.99999995,  0.99998348,  0.99676371, ...,  0.10031649,
          0.07003185,  0.        ]]]), 'num': array([9.99734653e-01, 2.28976350e-02, 2.27966623e-05, 7.98721979e-04,
       8.16429935e-04, 7.83810017e-04, 1.06754738e-03, 4.65998821e-06,
       7.93689192e-04, 8.02543170e-04, 8.34883488e-04, 7.77445269e-07,
       8.43312714e-04, 7.61773626e-04])}
{'img': array([[[ 0.        , -0.49381812, -0.83468699, ..., -0.83468699,
         -0.83468699, -0.87821782],
        [ 0.49381812,  0.        , -0.45385697, ..., -0.99777258,
         -0.99777258, -0.99984155],
        [ 0.83468699,  0.45385697,  0.        , ..., -0.91936538,
         -0.91936538, -0.88285432],
        ...,
        [ 0.83468699,  0.99777258,  0.91936538, ...,  0.        ,
          0.        ,  0.08445806],
        [ 0.83468699,  0.99777258,  0.91936538, ...,  0.        ,
          0.        ,  0.08445806],
        [ 0.87821782,  0.99984155,  0.88285432, ..., -0.08445806,
         -0.08445806,  0.        ]],

       [[ 0.        , -0.36642618, -0.48881722, ..., -0.46927784,
         -0.44336222, -0.54579652],
