state_0,state_1,state_2,state_3,state_4,state_5,state_6,state_7,state_8,state_9,state_10,state_11,state_12,state_13,state_14,state_15,state_16,state_17,state_18,state_19,state_20,state_21,state_22,state_23,state_24,state_25,state_26,state_27,state_28,state_29,state_30,state_31,state_32,state_33,state_34,state_35,state_36,state_37,state_38,state_39,state_40,state_41,state_42,state_43,state_44,state_45,state_46,state_47,state_48,state_49,state_50,state_51,state_52,state_53,state_54,state_55,state_56,state_57,state_58,state_59,state_60,state_61,state_62,state_63,state_64,state_65,state_66,state_67,state_68,state_69,state_70,state_71,state_72,state_73,state_74,state_75,state_76,state_77,state_78,state_79,state_80,state_81,state_82,state_83,state_84,state_85,state_86,state_87,state_88,state_89,state_90,state_91,state_92,state_93,state_94,state_95,state_96,state_97,state_98,state_99,state_100,state_101,state_102,state_103,state_104,state_105,state_106,state_107,state_108,state_109,state_110,state_111,state_112,state_113,state_114,state_115,state_116,state_117,state_118,state_119,state_120,state_121,state_122,state_123,state_124,state_125,state_126,state_127,state_128,state_129,state_130,state_131,state_132,state_133,state_134,state_135,state_136,state_137,state_138,state_139,state_140,state_141,state_142,state_143,state_144,state_145,state_146,state_147,state_148,state_149,state_150,state_151,state_152,state_153,state_154,state_155,state_156,state_157,state_158,state_159,state_160,state_161,state_162,state_163,state_164,state_165,state_166,state_167,state_168,state_169,state_170,state_171,state_172,state_173,state_174,state_175,state_176,state_177,state_178,state_179,state_180,state_181,state_182,state_183,state_184,state_185,state_186,state_187,state_188,state_189,state_190,state_191,state_192,state_193,state_194,state_195,state_196,state_197,state_198,state_199,state_200,state_201,state_202,state_203,state_204,state_205,state_206,state_207,state_208,state_209,state_210,state_211,state_212,state_213,state_214,state_215,state_216,state_217,state_218,state_219,state_220,state_221,state_222,state_223,state_224,state_225,state_226,state_227,state_228,state_229,state_230,state_231,state_232,state_233,state_234,state_235,state_236,state_237,state_238,state_239,state_240,state_241,state_242,state_243,state_244,state_245,state_246,state_247,state_248,state_249,state_250,state_251,state_252,state_253,state_254,state_255,state_256,state_257,state_258,state_259,state_260,state_261,state_262,state_263,state_264,state_265,state_266,state_267,state_268,state_269,state_270,state_271,state_272,state_273,state_274,state_275,state_276,state_277,state_278,state_279,state_280,state_281,state_282,state_283,state_284,state_285,state_286,state_287
{'img': array([[[ 0.        ,  0.04786025,  0.21132975, ..., -0.8683739 ,
         -0.85651219, -0.77642943],
        [-0.04786025,  0.        ,  0.16430826, ..., -0.89111316,
         -0.88023262, -0.8057014 ],
        [-0.21132975, -0.16430826,  0.        , ..., -0.95356207,
         -0.94624066, -0.89207453],
        ...,
        [ 0.8683739 ,  0.89111316,  0.95356207, ...,  0.        ,
          0.02343804,  0.16221374],
        [ 0.85651219,  0.88023262,  0.94624066, ..., -0.02343804,
          0.        ,  0.13904156],
        [ 0.77642943,  0.8057014 ,  0.89207453, ..., -0.16221374,
         -0.13904156,  0.        ]],

       [[ 0.        ,  0.30223536,  0.4137053 , ...,  0.53049742,
          0.45885707,  0.99824166],
        [-0.30223536,  0.        ,  0.11919933, ...,  0.24948697,
          0.16885869,  0.93364208],
        [-0.4137053 , -0.11919933,  0.        , ...,  0.13227819,
          0.05016713,  0.88428747],
        ...,
        [-0.53049742, -0.24948697, -0.13227819, ...,  0.        ,
         -0.08238534,  0.81475055],
        [-0.45885707, -0.16885869, -0.05016713, ...,  0.08238534,
          0.        ,  0.85974882],
        [-0.99824166, -0.93364208, -0.88428747, ..., -0.81475055,
         -0.85974882,  0.        ]],

       [[ 0.        ,  0.03006879,  0.10037932, ..., -0.98212764,
         -0.96126196, -0.9202718 ],
        [-0.03006879,  0.        ,  0.07041701, ..., -0.98734298,
         -0.96911536, -0.93162099],
        [-0.10037932, -0.07041701,  0.        , ..., -0.99606015,
         -0.98407506, -0.95490012],
        ...,
        [ 0.98212764,  0.98734298,  0.99606015, ...,  0.        ,
          0.08978517,  0.21107663],
        [ 0.96126196,  0.96911536,  0.98407506, ..., -0.08978517,
          0.        ,  0.12246186],
        [ 0.9202718 ,  0.93162099,  0.95490012, ..., -0.21107663,
         -0.12246186,  0.        ]],

       ...,

       [[ 0.        ,  0.22002103,  0.40974785, ..., -0.23482854,
         -0.25954649,  0.69002539],
        [-0.22002103,  0.        ,  0.1990041 , ..., -0.44294264,
         -0.46566738,  0.51386845],
        [-0.40974785, -0.1990041 ,  0.        , ..., -0.61250031,
         -0.63246404,  0.33287094],
        ...,
        [ 0.23482854,  0.44294264,  0.61250031, ...,  0.        ,
         -0.02550763,  0.84069549],
        [ 0.25954649,  0.46566738,  0.63246404, ...,  0.02550763,
          0.        ,  0.85423454],
        [-0.69002539, -0.51386845, -0.33287094, ..., -0.84069549,
         -0.85423454,  0.        ]],

       [[ 0.        ,  0.02410933,  0.0700064 , ..., -0.96890253,
         -0.9942731 , -0.99903387],
        [-0.02410933,  0.        ,  0.04593587, ..., -0.97458657,
         -0.99656063, -0.99768395],
        [-0.0700064 , -0.04593587,  0.        , ..., -0.98384794,
         -0.99931521, -0.99350623],
        ...,
        [ 0.96890253,  0.97458657,  0.98384794, ...,  0.        ,
         -0.14247985, -0.28978379],
        [ 0.9942731 ,  0.99656063,  0.99931521, ...,  0.14247985,
          0.        , -0.15046098],
        [ 0.99903387,  0.99768395,  0.99350623, ...,  0.28978379,
          0.15046098,  0.        ]],

       [[ 0.        ,  0.01284138,  0.03264387, ..., -0.99118111,
         -0.98962221, -0.98879461],
        [-0.01284138,  0.        ,  0.01980664, ..., -0.99280105,
         -0.99138584, -0.99063008],
        [-0.03264387, -0.01980664,  0.        , ..., -0.99497863,
         -0.99378551, -0.99314079],
        ...,
        [ 0.99118111,  0.99280105,  0.99497863, ...,  0.        ,
          0.01128753,  0.01693652],
        [ 0.98962221,  0.99138584,  0.99378551, ..., -0.01128753,
          0.        ,  0.00564953],
        [ 0.98879461,  0.99063008,  0.99314079, ..., -0.01693652,
         -0.00564953,  0.        ]]]), 'num': array([7.85409270e-01, 6.18934190e-01, 4.14117116e-05, 3.01585291e-04,
       3.07586988e-04, 2.98209336e-04, 7.21321496e-03, 0.00000000e+00,
       2.93858106e-04, 2.75477907e-04, 3.50461614e-04, 5.63478134e-06,
       3.14866118e-04, 2.36089697e-04])}
{'img': array([[[ 0.        ,  0.16430826,  0.40543758, ..., -0.88023262,
         -0.8057014 , -0.8057014 ],
        [-0.16430826,  0.        ,  0.24972938, ..., -0.94624066,
         -0.89207453, -0.89207453],
        [-0.40543758, -0.24972938,  0.        , ..., -0.99703799,
         -0.97665953, -0.97665953],
        ...,
        [ 0.88023262,  0.94624066,  0.99703799, ...,  0.        ,
          0.13904156,  0.13904156],
        [ 0.8057014 ,  0.89207453,  0.97665953, ..., -0.13904156,
          0.        ,  0.        ],
        [ 0.8057014 ,  0.89207453,  0.97665953, ..., -0.13904156,
          0.        ,  0.        ]],

       [[ 0.        ,  0.12182593,  0.19332561, ...,  0.1721664 ,
          0.93634772,  0.15362797],
        [-0.12182593,  0.        ,  0.07235797, ...,  0.0508772 ,
          0.8866034 ,  0.03210396],
        [-0.19332561, -0.07235797,  0.        , ..., -0.02152042,
          0.8508116 , -0.04030086],
        ...,
        [-0.1721664 , -0.0508772 ,  0.02152042, ...,  0.        ,
          0.86192292, -0.01878859],
        [-0.93634772, -0.8866034 , -0.8508116 , ..., -0.86192292,
          0.        , -0.87129732],
        [-0.15362797, -0.03210396,  0.04030086, ...,  0.01878859,
          0.87129732,  0.        ]],

       [[ 0.        ,  0.07041701,  0.16224733, ..., -0.96911536,
         -0.93162099, -0.88691176],
        [-0.07041701,  0.        ,  0.09236058, ..., -0.98407506,
         -0.95490012, -0.91723848],
        [-0.16224733, -0.09236058,  0.        , ..., -0.99628616,
         -0.97824289, -0.95010864],
        ...,
        [ 0.96911536,  0.98407506,  0.99628616, ...,  0.        ,
          0.12246186,  0.2289527 ],
        [ 0.93162099,  0.95490012,  0.97824289, ..., -0.12246186,
          0.        ,  0.10802045],
        [ 0.88691176,  0.91723848,  0.95010864, ..., -0.2289527 ,
         -0.10802045,  0.        ]],

       ...,

       [[ 0.        ,  0.1990041 ,  0.89268181, ..., -0.46566738,
          0.51386845,  0.35417954],
        [-0.1990041 ,  0.        ,  0.78513833, ..., -0.63246404,
          0.33287094,  0.16099133],
        [-0.89268181, -0.78513833,  0.        , ..., -0.99985799,
         -0.53420999, -0.67519162],
        ...,
        [ 0.46566738,  0.63246404,  0.99985799, ...,  0.        ,
          0.85423454,  0.7489163 ],
        [-0.51386845, -0.33287094,  0.53420999, ..., -0.85423454,
          0.        , -0.17671854],
        [-0.35417954, -0.16099133,  0.67519162, ..., -0.7489163 ,
          0.17671854,  0.        ]],

       [[ 0.        ,  0.04557596,  0.14710575, ..., -0.98674539,
         -0.99401885, -0.99710661],
        [-0.04557596,  0.        ,  0.10187276, ..., -0.99311593,
         -0.99796323, -0.99260599],
        [-0.14710575, -0.10187276,  0.        , ..., -0.99988211,
         -0.99926991, -0.97507648],
        ...,
        [ 0.98674539,  0.99311593,  0.99988211, ...,  0.        ,
         -0.05354438, -0.23681488],
        [ 0.99401885,  0.99796323,  0.99926991, ...,  0.05354438,
          0.        , -0.18445386],
        [ 0.99710661,  0.99260599,  0.97507648, ...,  0.23681488,
          0.18445386,  0.        ]],

       [[ 0.        ,  0.01980664,  0.00750457, ..., -0.99138584,
         -0.99063008, -0.98936789],
        [-0.01980664,  0.        , -0.01230298, ..., -0.99378551,
         -0.99314079, -0.99205437],
        [-0.00750457,  0.01230298,  0.        , ..., -0.99234082,
         -0.9916271 , -0.99043145],
        ...,
        [ 0.99138584,  0.99378551,  0.99234082, ...,  0.        ,
          0.00564953,  0.01460047],
        [ 0.99063008,  0.99314079,  0.9916271 , ..., -0.00564953,
          0.        ,  0.0089513 ],
        [ 0.98936789,  0.99205437,  0.99043145, ..., -0.01460047,
         -0.0089513 ,  0.        ]]]), 'num': array([ 7.07105881e-01,  7.07105881e-01,  0.00000000e+00,  3.14637277e-05,
        3.38649069e-05,  3.14637277e-05,  1.59306649e-03, -1.82158424e-06,
        3.23662399e-05,  3.02776280e-05,  3.84975269e-05,  4.80991688e-07,
        3.43381942e-05,  2.62170617e-05])}
{'img': array([[[ 0.        ,  0.24972938,  0.37609864, ..., -0.89207453,
         -0.89207453, -0.96436629],
        [-0.24972938,  0.        ,  0.13278805, ..., -0.97665953,
         -0.97665953, -0.99988207],
        [-0.37609864, -0.13278805,  0.        , ..., -0.99653266,
         -0.99653266, -0.99306684],
        ...,
        [ 0.89207453,  0.97665953,  0.99653266, ...,  0.        ,
          0.        , -0.19976907],
        [ 0.89207453,  0.97665953,  0.99653266, ...,  0.        ,
          0.        , -0.19976907],
        [ 0.96436629,  0.99988207,  0.99306684, ...,  0.19976907,
          0.19976907,  0.        ]],

       [[ 0.        ,  0.07235797, -0.05861797, ...,  0.8866034 ,
          0.03210396,  0.24232376],
        [-0.07235797,  0.        , -0.13069786, ...,  0.8508116 ,
         -0.04030086,  0.17148719],
        [ 0.05861797,  0.13069786,  0.        , ...,  0.91219147,
          0.09063651,  0.29877796],
        ...,
        [-0.8866034 , -0.8508116 , -0.91219147, ...,  0.        ,
         -0.87129732, -0.74809646],
        [-0.03210396,  0.04030086, -0.09063651, ...,  0.87129732,
          0.        ,  0.21105173],
        [-0.24232376, -0.17148719, -0.29877796, ...,  0.74809646,
         -0.21105173,  0.        ]],

       [[ 0.        ,  0.09236058,  0.21151131, ..., -0.95490012,
         -0.91723848, -0.92067303],
        [-0.09236058,  0.        ,  0.12033626, ..., -0.97824289,
         -0.95010864, -0.95278927],
        [-0.21151131, -0.12033626,  0.        , ..., -0.99609949,
         -0.98073956, -0.98240351],
        ...,
        [ 0.95490012,  0.97824289,  0.99609949, ...,  0.        ,
          0.10802045,  0.09935778],
        [ 0.91723848,  0.95010864,  0.98073956, ..., -0.10802045,
          0.        , -0.00870953],
        [ 0.92067303,  0.95278927,  0.98240351, ..., -0.09935778,
          0.00870953,  0.        ]],

       ...,

       [[ 0.        ,  0.78513833,  0.69663641, ...,  0.33287094,
          0.16099133, -0.38258561],
        [-0.78513833,  0.        , -0.13183619, ..., -0.53420999,
         -0.67519162, -0.96234813],
        [-0.69663641,  0.13183619,  0.        , ..., -0.41809918,
         -0.57205027, -0.91811258],
        ...,
        [-0.33287094,  0.53420999,  0.41809918, ...,  0.        ,
         -0.17671854, -0.66831381],
        [-0.16099133,  0.67519162,  0.57205027, ...,  0.17671854,
          0.        , -0.52633821],
        [ 0.38258561,  0.96234813,  0.91811258, ...,  0.66831381,
          0.52633821,  0.        ]],

       [[ 0.        ,  0.09958032,  0.22143903, ..., -0.97343406,
         -0.98337814, -0.98946332],
        [-0.09958032,  0.        ,  0.12323021, ..., -0.99139629,
         -0.99657102, -0.97012761],
        [-0.22143903, -0.12323021,  0.        , ..., -0.99997015,
         -0.99917155, -0.93283834],
        ...,
        [ 0.97343406,  0.99139629,  0.99997015, ...,  0.        ,
         -0.04841586, -0.36749242],
        [ 0.98337814,  0.99657102,  0.99917155, ...,  0.04841586,
          0.        , -0.32203342],
        [ 0.98946332,  0.97012761,  0.93283834, ...,  0.36749242,
          0.32203342,  0.        ]],

       [[ 0.        , -0.01230298, -0.05416363, ..., -0.99314079,
         -0.99205437, -0.98899243],
        [ 0.01230298,  0.        , -0.04187461, ..., -0.9916271 ,
         -0.99043145, -0.98709715],
        [ 0.05416363,  0.04187461,  0.        , ..., -0.98534986,
         -0.98378379, -0.97952628],
        ...,
        [ 0.99314079,  0.9916271 ,  0.98534986, ...,  0.        ,
          0.0089513 ,  0.03131359],
        [ 0.99205437,  0.99043145,  0.98378379, ..., -0.0089513 ,
          0.        ,  0.02236542],
        [ 0.98899243,  0.98709715,  0.97952628, ..., -0.03131359,
         -0.02236542,  0.        ]]]), 'num': array([7.08827206e-01, 7.05375209e-01, 8.62999149e-07, 3.31922750e-05,
       3.52253018e-05, 3.17401129e-05, 3.13015600e-03, 1.65961375e-06,
       3.27026889e-05, 3.03771552e-05, 3.84048452e-05, 5.78935029e-07,
       3.45273739e-05, 2.62269364e-05])}
{'img': array([[[ 0.        ,  0.13278805, -0.04328902, ..., -0.97665953,
         -0.99988207, -0.98027341],
        [-0.13278805,  0.        , -0.17556924, ..., -0.99653266,
         -0.99306684, -0.99783762],
        [ 0.04328902,  0.17556924,  0.        , ..., -0.96644581,
         -0.99827997, -0.97079858],
        ...,
        [ 0.97665953,  0.99653266,  0.96644581, ...,  0.        ,
         -0.19976907, -0.01752308],
        [ 0.99988207,  0.99306684,  0.99827997, ...,  0.19976907,
          0.        ,  0.18256853],
        [ 0.98027341,  0.99783762,  0.97079858, ...,  0.01752308,
         -0.18256853,  0.        ]],

       [[ 0.        , -0.13069786, -0.18788809, ..., -0.04030086,
          0.17148719,  0.45334221],
        [ 0.13069786,  0.        , -0.05790624, ...,  0.09063651,
          0.29877796,  0.56594933],
        [ 0.18788809,  0.05790624,  0.        , ...,  0.14815233,
          0.35353786,  0.61273991],
        ...,
        [ 0.04030086, -0.09063651, -0.14815233, ...,  0.        ,
          0.21105173,  0.48889554],
        [-0.17148719, -0.29877796, -0.35353786, ..., -0.21105173,
          0.        ,  0.29377376],
        [-0.45334221, -0.56594933, -0.61273991, ..., -0.48889554,
         -0.29377376,  0.        ]],

       [[ 0.        ,  0.12033626,  0.2236561 , ..., -0.95010864,
         -0.95278927, -0.94173215],
        [-0.12033626,  0.        ,  0.10474291, ..., -0.98073956,
         -0.98240351, -0.97536552],
        [-0.2236561 , -0.10474291,  0.        , ..., -0.99580323,
         -0.99656256, -0.99310611],
        ...,
        [ 0.95010864,  0.98073956,  0.99580323, ...,  0.        ,
         -0.00870953,  0.02583774],
        [ 0.95278927,  0.98240351,  0.99656256, ...,  0.00870953,
          0.        ,  0.03454338],
        [ 0.94173215,  0.97536552,  0.99310611, ..., -0.02583774,
         -0.03454338,  0.        ]],

       ...,

       [[ 0.        , -0.13183619, -0.66062303, ..., -0.67519162,
         -0.96234813, -0.80635943],
        [ 0.13183619,  0.        , -0.55588502, ..., -0.57205027,
         -0.91811258, -0.72134982],
        [ 0.66062303,  0.55588502,  0.        , ..., -0.01957482,
         -0.54288135, -0.21463888],
        ...,
        [ 0.67519162,  0.57205027,  0.01957482, ...,  0.        ,
         -0.52633821, -0.19547915],
        [ 0.96234813,  0.91811258,  0.54288135, ...,  0.52633821,
          0.        ,  0.34997292],
        [ 0.80635943,  0.72134982,  0.21463888, ...,  0.19547915,
         -0.34997292,  0.        ]],

       [[ 0.        ,  0.12323021,  0.19293683, ..., -0.99657102,
         -0.97012761, -0.9972969 ],
        [-0.12323021,  0.        ,  0.07055142, ..., -0.99917155,
         -0.93283834, -0.98064101],
        [-0.19293683, -0.07055142,  0.        , ..., -0.99381056,
         -0.90509451, -0.96438242],
        ...,
        [ 0.99657102,  0.99917155,  0.99381056, ...,  0.        ,
         -0.32203342, -0.15574332],
        [ 0.97012761,  0.93283834,  0.90509451, ...,  0.32203342,
          0.        ,  0.17065722],
        [ 0.9972969 ,  0.98064101,  0.96438242, ...,  0.15574332,
         -0.17065722,  0.        ]],

       [[ 0.        , -0.04187461, -0.05744337, ..., -0.99043145,
         -0.98709715, -0.98812794],
        [ 0.04187461,  0.        , -0.01558752, ..., -0.98378379,
         -0.97952628, -0.9808279 ],
        [ 0.05744337,  0.01558752,  0.        , ..., -0.98086851,
         -0.97626925, -0.97767111],
        ...,
        [ 0.99043145,  0.98378379,  0.98086851, ...,  0.        ,
          0.02236542,  0.01579598],
        [ 0.98709715,  0.97952628,  0.97626925, ..., -0.02236542,
          0.        , -0.0065706 ],
        [ 0.98812794,  0.9808279 ,  0.97767111, ..., -0.01579598,
          0.0065706 ,  0.        ]]]), 'num': array([ 7.08213708e-01,  7.05997922e-01,  5.63813269e-07,  3.25850904e-05,
        3.34142276e-05,  3.20876081e-05,  5.19744629e-04, -5.80396013e-07,
        3.27840833e-05,  3.03650757e-05,  3.81596559e-05,  5.87577516e-07,
        3.45370839e-05,  2.61930675e-05])}
{'img': array([[[ 0.        , -0.17556924, -0.26544417, ..., -0.99306684,
         -0.99783762, -0.99999418],
        [ 0.17556924,  0.        , -0.09205013, ..., -0.99827997,
         -0.97079858, -0.9838625 ],
        [ 0.26544417,  0.09205013,  0.        , ..., -0.98864503,
         -0.94459447, -0.96321521],
        ...,
        [ 0.99306684,  0.99827997,  0.98864503, ...,  0.        ,
          0.18256853,  0.12093764],
        [ 0.99783762,  0.97079858,  0.94459447, ..., -0.18256853,
          0.        , -0.06232344],
        [ 0.99999418,  0.9838625 ,  0.96321521, ..., -0.12093764,
          0.06232344,  0.        ]],

       [[ 0.        , -0.05790624, -0.10934718, ...,  0.29877796,
          0.56594933, -0.00917627],
        [ 0.05790624,  0.        , -0.05160468, ...,  0.35353786,
          0.61273991,  0.04874293],
        [ 0.10934718,  0.05160468,  0.        , ...,  0.40133887,
          0.65270588,  0.10022133],
        ...,
        [-0.29877796, -0.35353786, -0.40133887, ...,  0.        ,
          0.29377376, -0.30752251],
        [-0.56594933, -0.61273991, -0.65270588, ..., -0.29377376,
          0.        , -0.57349079],
        [ 0.00917627, -0.04874293, -0.10022133, ...,  0.30752251,
          0.57349079,  0.        ]],

       [[ 0.        ,  0.10474291,  0.18451785, ..., -0.98240351,
         -0.97536552, -0.97222238],
        [-0.10474291,  0.        ,  0.08055849, ..., -0.99656256,
         -0.99310611, -0.99139054],
        [-0.18451785, -0.08055849,  0.        , ..., -0.99999737,
         -0.99932137, -0.99871658],
        ...,
        [ 0.98240351,  0.99656256,  0.99999737, ...,  0.        ,
          0.03454338,  0.04835766],
        [ 0.97536552,  0.99310611,  0.99932137, ..., -0.03454338,
          0.        ,  0.01382584],
        [ 0.97222238,  0.99139054,  0.99871658, ..., -0.04835766,
         -0.01382584,  0.        ]],

       ...,

       [[ 0.        , -0.65179891, -0.82191149, ..., -0.96075602,
         -0.80119631, -0.77772262],
        [ 0.65179891,  0.        , -0.2520564 , ..., -0.5478239 ,
         -0.21758324, -0.18009274],
        [ 0.82191149,  0.2520564 ,  0.        , ..., -0.31926727,
          0.03545954,  0.07365718],
        ...,
        [ 0.96075602,  0.5478239 ,  0.31926727, ...,  0.        ,
          0.35267024,  0.38820233],
        [ 0.80119631,  0.21758324, -0.03545954, ..., -0.35267024,
          0.        ,  0.03824764],
        [ 0.77772262,  0.18009274, -0.07365718, ..., -0.38820233,
         -0.03824764,  0.        ]],

       [[ 0.        ,  0.07055142,  0.11682702, ..., -0.93283834,
         -0.98064101, -0.98546232],
        [-0.07055142,  0.        ,  0.0464676 , ..., -0.90509451,
         -0.96438242, -0.97102041],
        [-0.11682702, -0.0464676 ,  0.        , ..., -0.88435831,
         -0.95104946, -0.95886592],
        ...,
        [ 0.93283834,  0.90509451,  0.88435831, ...,  0.        ,
          0.17065722,  0.19657356],
        [ 0.98064101,  0.96438242,  0.95104946, ..., -0.17065722,
          0.        ,  0.02636238],
        [ 0.98546232,  0.97102041,  0.95886592, ..., -0.19657356,
         -0.02636238,  0.        ]],

       [[ 0.        , -0.01558752, -0.01298507, ..., -0.97952628,
         -0.9808279 , -0.98116994],
        [ 0.01558752,  0.        ,  0.00260271, ..., -0.97626925,
         -0.97767111, -0.97804006],
        [ 0.01298507, -0.00260271,  0.        , ..., -0.97682958,
         -0.97821473, -0.9785792 ],
        ...,
        [ 0.97952628,  0.97626925,  0.97682958, ...,  0.        ,
         -0.0065706 , -0.00833355],
        [ 0.9808279 ,  0.97767111,  0.97821473, ...,  0.0065706 ,
          0.        , -0.001763  ],
        [ 0.98116994,  0.97804006,  0.9785792 , ...,  0.00833355,
          0.001763  ,  0.        ]]]), 'num': array([ 7.08085335e-01,  7.06126593e-01,  5.22331263e-07,  3.10911466e-05,
        3.31638897e-05,  3.09667820e-05,  6.20529540e-04, -1.49237504e-06,
        3.23347925e-05,  3.02765586e-05,  3.79077078e-05,  5.38763551e-07,
        3.43090130e-05,  2.62441041e-05])}
{'img': array([[[ 0.        , -0.09205013, -0.0795541 , ..., -0.97079858,
         -0.9838625 , -0.99995413],
        [ 0.09205013,  0.        ,  0.01254205, ..., -0.94459447,
         -0.96321521, -0.99482705],
        [ 0.0795541 , -0.01254205,  0.        , ..., -0.94863697,
         -0.96650989, -0.99602286],
        ...,
        [ 0.97079858,  0.94459447,  0.94863697, ...,  0.        ,
         -0.06232344, -0.23058681],
        [ 0.9838625 ,  0.96321521,  0.96650989, ...,  0.06232344,
          0.        , -0.16949462],
        [ 0.99995413,  0.99482705,  0.99602286, ...,  0.23058681,
          0.16949462,  0.        ]],

       [[ 0.        , -0.05160468, -0.11840876, ...,  0.61273991,
          0.04874293,  0.08776217],
        [ 0.05160468,  0.        , -0.06700935, ...,  0.65270588,
          0.10022133,  0.1390508 ],
        [ 0.11840876,  0.06700935,  0.        , ...,  0.70200587,
          0.16666804,  0.20509663],
        ...,
        [-0.61273991, -0.65270588, -0.70200587, ...,  0.        ,
         -0.57349079, -0.54101853],
        [-0.04874293, -0.10022133, -0.16666804, ...,  0.57349079,
          0.        ,  0.039103  ],
        [-0.08776217, -0.1390508 , -0.20509663, ...,  0.54101853,
         -0.039103  ,  0.        ]],

       [[ 0.        ,  0.08055849,  0.11756993, ..., -0.99310611,
         -0.99139054, -0.99733085],
        [-0.08055849,  0.        ,  0.03718803, ..., -0.99932137,
         -0.99871658, -0.99997138],
        [-0.11756993, -0.03718803,  0.        , ..., -0.99999994,
         -0.99990924, -0.99899832],
        ...,
        [ 0.99310611,  0.99932137,  0.99999994, ...,  0.        ,
          0.01382584, -0.04439447],
        [ 0.99139054,  0.99871658,  0.99990924, ..., -0.01382584,
          0.        , -0.05820244],
        [ 0.99733085,  0.99997138,  0.99899832, ...,  0.04439447,
          0.05820244,  0.        ]],

       ...,

       [[ 0.        , -0.26194152, -0.31749846, ..., -0.22649331,
         -0.18782585, -0.37884779],
        [ 0.26194152,  0.        , -0.05802426, ...,  0.03654935,
          0.0760119 , -0.12320372],
        [ 0.31749846,  0.05802426,  0.        , ...,  0.09447327,
          0.13374022, -0.06541394],
        ...,
        [ 0.22649331, -0.03654935, -0.09447327, ...,  0.        ,
          0.0395175 , -0.1593923 ],
        [ 0.18782585, -0.0760119 , -0.13374022, ..., -0.0395175 ,
          0.        , -0.19828007],
        [ 0.37884779,  0.12320372,  0.06541394, ...,  0.1593923 ,
          0.19828007,  0.        ]],

       [[ 0.        ,  0.04631325,  0.08788316, ..., -0.97551635,
         -0.97992773, -0.90379117],
        [-0.04631325,  0.        ,  0.04165481, ..., -0.96428406,
         -0.96964355, -0.88300051],
        [-0.08788316, -0.04165481,  0.        , ..., -0.952414  ,
         -0.95861641, -0.86268252],
        ...,
        [ 0.97551635,  0.96428406,  0.952414  , ...,  0.        ,
          0.02104032, -0.21872738],
        [ 0.97992773,  0.96964355,  0.95861641, ..., -0.02104032,
          0.        , -0.2392098 ],
        [ 0.90379117,  0.88300051,  0.86268252, ...,  0.21872738,
          0.2392098 ,  0.        ]],

       [[ 0.        ,  0.00260271,  0.01721132, ..., -0.97767111,
         -0.97804006, -0.97650541],
        [-0.00260271,  0.        ,  0.01460894, ..., -0.97821473,
         -0.9785792 , -0.97706296],
        [-0.01721132, -0.01460894,  0.        , ..., -0.98114309,
         -0.98148232, -0.98006968],
        ...,
        [ 0.97767111,  0.97821473,  0.98114309, ...,  0.        ,
         -0.001763  ,  0.00547743],
        [ 0.97804006,  0.9785792 ,  0.98148232, ...,  0.001763  ,
          0.        ,  0.0072404 ],
        [ 0.97650541,  0.97706296,  0.98006968, ..., -0.00547743,
         -0.0072404 ,  0.        ]]]), 'num': array([ 7.16214828e-01,  6.97879303e-01,  5.00970631e-06,  3.07127724e-05,
        3.14680045e-05,  3.02092843e-05,  8.88715187e-04, -7.55232108e-07,
        3.21225390e-05,  3.08239593e-05,  3.81168442e-05,  5.08660894e-07,
        3.45686865e-05,  2.70792321e-05])}
{'img': array([[[ 0.        ,  0.01254205,  0.16525272, ..., -0.96321521,
         -0.99482705, -0.99996177],
        [-0.01254205,  0.        ,  0.15287012, ..., -0.96650989,
         -0.99602286, -0.99999279],
        [-0.16525272, -0.15287012,  0.        , ..., -0.99438077,
         -0.99793632, -0.98765852],
        ...,
        [ 0.96321521,  0.96650989,  0.99438077, ...,  0.        ,
         -0.16949462, -0.26029855],
        [ 0.99482705,  0.99602286,  0.99793632, ...,  0.16949462,
          0.        , -0.09288049],
        [ 0.99996177,  0.99999279,  0.98765852, ...,  0.26029855,
          0.09288049,  0.        ]],

       [[ 0.        , -0.06700935, -0.04911739, ...,  0.10022133,
          0.1390508 ,  0.22384894],
        [ 0.06700935,  0.        ,  0.01792149, ...,  0.16666804,
          0.20509663,  0.28865472],
        [ 0.04911739, -0.01792149,  0.        , ...,  0.14897045,
          0.18752319,  0.27144973],
        ...,
        [-0.10022133, -0.16666804, -0.14897045, ...,  0.        ,
          0.039103  ,  0.1250438 ],
        [-0.1390508 , -0.20509663, -0.18752319, ..., -0.039103  ,
          0.        ,  0.08615208],
        [-0.22384894, -0.28865472, -0.27144973, ..., -0.1250438 ,
         -0.08615208,  0.        ]],

       [[ 0.        ,  0.03718803,  0.04418889, ..., -0.99871658,
         -0.99997138, -0.99603928],
        [-0.03718803,  0.        ,  0.00700663, ..., -0.99990924,
         -0.99899832, -0.99204376],
        [-0.04418889, -0.00700663,  0.        , ..., -0.9999791 ,
         -0.99866027, -0.99113732],
        ...,
        [ 0.99871658,  0.99990924,  0.9999791 , ...,  0.        ,
         -0.05820244, -0.13924723],
        [ 0.99997138,  0.99899832,  0.99866027, ...,  0.05820244,
          0.        , -0.08137577],
        [ 0.99603928,  0.99204376,  0.99113732, ...,  0.13924723,
          0.08137577,  0.        ]],

       ...,

       [[ 0.        , -0.05802426,  0.10155652, ...,  0.0760119 ,
         -0.12320372, -0.25501245],
        [ 0.05802426,  0.        ,  0.15910968, ...,  0.13374022,
         -0.06541394, -0.19847695],
        [-0.10155652, -0.15910968,  0.        , ..., -0.02564382,
         -0.22334953, -0.35189282],
        ...,
        [-0.0760119 , -0.13374022,  0.02564382, ...,  0.        ,
         -0.19828007, -0.32777345],
        [ 0.12320372,  0.06541394,  0.22334953, ...,  0.19828007,
          0.        , -0.13393928],
        [ 0.25501245,  0.19847695,  0.35189282, ...,  0.32777345,
          0.13393928,  0.        ]],

       [[ 0.        ,  0.04138064,  0.10268605, ..., -0.98343481,
         -0.95645518, -0.88021743],
        [-0.04138064,  0.        ,  0.0614362 , ..., -0.97509171,
         -0.94355778, -0.85982544],
        [-0.10268605, -0.0614362 ,  0.        , ..., -0.95962309,
         -0.92142725, -0.82683265],
        ...,
        [ 0.98343481,  0.97509171,  0.95962309, ...,  0.        ,
         -0.11367505, -0.30715914],
        [ 0.95645518,  0.94355778,  0.92142725, ...,  0.11367505,
          0.        , -0.19698834],
        [ 0.88021743,  0.85982544,  0.82683265, ...,  0.30715914,
          0.19698834,  0.        ]],

       [[ 0.        ,  0.01460894,  0.02465245, ..., -0.9785792 ,
         -0.97706296, -0.9602355 ],
        [-0.01460894,  0.        ,  0.01004532, ..., -0.98148232,
         -0.98006968, -0.96421172],
        [-0.02465245, -0.01004532,  0.        , ..., -0.98335701,
         -0.98201577, -0.96682642],
        ...,
        [ 0.9785792 ,  0.98148232,  0.98335701, ...,  0.        ,
          0.0072404 ,  0.07552643],
        [ 0.97706296,  0.98006968,  0.98201577, ..., -0.0072404 ,
          0.        ,  0.06830473],
        [ 0.9602355 ,  0.96421172,  0.96682642, ..., -0.07552643,
         -0.06830473,  0.        ]]]), 'num': array([7.16543664e-01, 6.97541044e-01, 5.00727813e-06, 3.18301851e-05,
       3.33818542e-05, 3.05720750e-05, 1.28899249e-03, 1.13229907e-06,
       3.20985819e-05, 3.09557986e-05, 3.78768019e-05, 5.02659545e-07,
       3.46162311e-05, 2.72953660e-05])}
{'img': array([[[ 0.        ,  0.15287012,  0.25333117, ..., -0.99602286,
         -0.99999279, -0.99110726],
        [-0.15287012,  0.        ,  0.10247016, ..., -0.99793632,
         -0.98765852, -0.99979979],
        [-0.25333117, -0.10247016,  0.        , ..., -0.98610352,
         -0.96641042, -0.99248657],
        ...,
        [ 0.99602286,  0.99793632,  0.98610352, ...,  0.        ,
         -0.09288049,  0.04423051],
        [ 0.99999279,  0.98765852,  0.96641042, ...,  0.09288049,
          0.        ,  0.13682891],
        [ 0.99110726,  0.99979979,  0.99248657, ..., -0.04423051,
         -0.13682891,  0.        ]],

       [[ 0.        ,  0.01792149,  0.53370748, ...,  0.20509663,
          0.28865472,  0.39201417],
        [-0.01792149,  0.        ,  0.51846612, ...,  0.18752319,
          0.27144973,  0.37546418],
        [-0.53370748, -0.51846612,  0.        , ..., -0.34891788,
         -0.2668829 , -0.1594748 ],
        ...,
        [-0.20509663, -0.18752319,  0.34891788, ...,  0.        ,
          0.08615208,  0.1950001 ],
        [-0.28865472, -0.27144973,  0.2668829 , ..., -0.08615208,
          0.        ,  0.10977685],
        [-0.39201417, -0.37546418,  0.1594748 , ..., -0.1950001 ,
         -0.10977685,  0.        ]],

       [[ 0.        ,  0.00700663,  0.00700663, ..., -0.99899832,
         -0.99204376, -0.99189608],
        [-0.00700663,  0.        ,  0.        , ..., -0.99866027,
         -0.99113732, -0.99098152],
        [-0.00700663,  0.        ,  0.        , ..., -0.99866027,
         -0.99113732, -0.99098152],
        ...,
        [ 0.99899832,  0.99866027,  0.99866027, ...,  0.        ,
         -0.08137577, -0.08253957],
        [ 0.99204376,  0.99113732,  0.99113732, ...,  0.08137577,
          0.        , -0.00116773],
        [ 0.99189608,  0.99098152,  0.99098152, ...,  0.08253957,
          0.00116773,  0.        ]],

       ...,

       [[ 0.        ,  0.15910968,  0.54828148, ..., -0.06541394,
         -0.19847695, -0.21844668],
        [-0.15910968,  0.        ,  0.40823443, ..., -0.22334953,
         -0.35189282, -0.37093087],
        [-0.54828148, -0.40823443,  0.        , ..., -0.60181246,
         -0.70335878, -0.71772549],
        ...,
        [ 0.06541394,  0.22334953,  0.60181246, ...,  0.        ,
         -0.13393928, -0.15414469],
        [ 0.19847695,  0.35189282,  0.70335878, ...,  0.13393928,
          0.        , -0.02041729],
        [ 0.21844668,  0.37093087,  0.71772549, ...,  0.15414469,
          0.02041729,  0.        ]],

       [[ 0.        ,  0.0614362 ,  0.11760875, ..., -0.94355778,
         -0.85982544, -0.91762394],
        [-0.0614362 ,  0.        ,  0.05637675, ..., -0.92142725,
         -0.82683265, -0.89147276],
        [-0.11760875, -0.05637675,  0.        , ..., -0.89805655,
         -0.79380864, -0.86451207],
        ...,
        [ 0.94355778,  0.92142725,  0.89805655, ...,  0.        ,
         -0.19698834, -0.07109245],
        [ 0.85982544,  0.82683265,  0.79380864, ...,  0.19698834,
          0.        ,  0.12679046],
        [ 0.91762394,  0.89147276,  0.86451207, ...,  0.07109245,
         -0.12679046,  0.        ]],

       [[ 0.        ,  0.01004532,  0.04418586, ..., -0.98006968,
         -0.96421172, -0.95608323],
        [-0.01004532,  0.        ,  0.03414812, ..., -0.98201577,
         -0.96682642, -0.95897923],
        [-0.04418586, -0.03414812,  0.        , ..., -0.98789017,
         -0.97498515, -0.96810012],
        ...,
        [ 0.98006968,  0.98201577,  0.98789017, ...,  0.        ,
          0.06830473,  0.09732401],
        [ 0.96421172,  0.96682642,  0.97498515, ..., -0.06830473,
          0.        ,  0.02911624],
        [ 0.95608323,  0.95897923,  0.96810012, ..., -0.09732401,
         -0.02911624,  0.        ]]]), 'num': array([7.16641638e-01, 6.97441468e-01, 5.00656333e-06, 3.21610894e-05,
       3.27061926e-05, 3.12805380e-05, 3.91174449e-04, 3.35448129e-07,
       3.18172550e-05, 3.10478209e-05, 3.76540525e-05, 5.04913274e-07,
       3.47284447e-05, 2.73671971e-05])}
{'img': array([[[ 0.        ,  0.10247016,  0.52181083, ..., -0.98765852,
         -0.99979979, -0.99983275],
        [-0.10247016,  0.        ,  0.43165075, ..., -0.96641042,
         -0.99248657, -0.99644373],
        [-0.52181083, -0.43165075,  0.        , ..., -0.76080582,
         -0.84244938, -0.86246163],
        ...,
        [ 0.98765852,  0.96641042,  0.76080582, ...,  0.        ,
          0.13682891,  0.1746591 ],
        [ 0.99979979,  0.99248657,  0.84244938, ..., -0.13682891,
          0.        ,  0.03829066],
        [ 0.99983275,  0.99644373,  0.86246163, ..., -0.1746591 ,
         -0.03829066,  0.        ]],

       [[ 0.        ,  0.51846612,  0.10926606, ...,  0.27144973,
          0.37546418,  0.09028789],
        [-0.51846612,  0.        , -0.42192862, ..., -0.2668829 ,
         -0.1594748 , -0.43914354],
        [-0.10926606,  0.42192862,  0.        , ...,  0.16466103,
          0.27194429, -0.01907249],
        ...,
        [-0.27144973,  0.2668829 , -0.16466103, ...,  0.        ,
          0.10977685, -0.18344323],
        [-0.37546418,  0.1594748 , -0.27194429, ..., -0.10977685,
          0.        , -0.29024853],
        [-0.09028789,  0.43914354,  0.01907249, ...,  0.18344323,
          0.29024853,  0.        ]],

       [[ 0.        ,  0.        ,  0.08738221, ..., -0.99113732,
         -0.99098152, -0.9849722 ],
        [ 0.        ,  0.        ,  0.08738221, ..., -0.99113732,
         -0.99098152, -0.9849722 ],
        [-0.08738221, -0.08738221,  0.        , ..., -0.97573812,
         -0.97548179, -0.96611251],
        ...,
        [ 0.99113732,  0.99113732,  0.97573812, ...,  0.        ,
         -0.00116773, -0.04033725],
        [ 0.99098152,  0.99098152,  0.97548179, ...,  0.00116773,
          0.        , -0.03917045],
        [ 0.9849722 ,  0.9849722 ,  0.96611251, ...,  0.04033725,
          0.03917045,  0.        ]],

       ...,

       [[ 0.        ,  0.40823443,  0.49252749, ..., -0.35189282,
         -0.37093087, -0.36327243],
        [-0.40823443,  0.        ,  0.09433193, ..., -0.70335878,
         -0.71772549, -0.71196815],
        [-0.49252749, -0.09433193,  0.        , ..., -0.7672768 ,
         -0.7802108 , -0.77503434],
        ...,
        [ 0.35189282,  0.70335878,  0.7672768 , ...,  0.        ,
         -0.02041729, -0.01218509],
        [ 0.37093087,  0.71772549,  0.7802108 , ...,  0.02041729,
          0.        ,  0.00823322],
        [ 0.36327243,  0.71196815,  0.77503434, ...,  0.01218509,
         -0.00823322,  0.        ]],

       [[ 0.        ,  0.05637675,  0.14904063, ..., -0.82683265,
         -0.89147276, -0.9273599 ],
        [-0.05637675,  0.        ,  0.09305651, ..., -0.79380864,
         -0.86451207, -0.90479048],
        [-0.14904063, -0.09305651,  0.        , ..., -0.73377021,
         -0.81398948, -0.86123567],
        ...,
        [ 0.82683265,  0.79380864,  0.73377021, ...,  0.        ,
          0.12679046,  0.2122153 ],
        [ 0.89147276,  0.86451207,  0.81398948, ..., -0.12679046,
          0.        ,  0.08660008],
        [ 0.9273599 ,  0.90479048,  0.86123567, ..., -0.2122153 ,
         -0.08660008,  0.        ]],

       [[ 0.        ,  0.03414812,  0.04517057, ..., -0.96682642,
         -0.95897923, -0.95624956],
        [-0.03414812,  0.        ,  0.01103095, ..., -0.97498515,
         -0.96810012, -0.96568197],
        [-0.04517057, -0.01103095,  0.        , ..., -0.97737768,
         -0.97080518, -0.96848825],
        ...,
        [ 0.96682642,  0.97498515,  0.97737768, ...,  0.        ,
          0.02911624,  0.03858825],
        [ 0.95897923,  0.96810012,  0.97080518, ..., -0.02911624,
          0.        ,  0.00947733],
        [ 0.95624956,  0.96568197,  0.96848825, ..., -0.03858825,
         -0.00947733,  0.        ]]]), 'num': array([ 9.93331367e-01,  1.15291548e-01,  2.33832182e-04,  4.44757290e-05,
        4.60747233e-05,  4.40019530e-05,  7.63407234e-04, -9.47552150e-07,
        4.45231066e-05,  4.40078752e-05,  5.28368897e-05,  6.82425803e-07,
        4.90812211e-05,  3.89345292e-05])}
{'img': array([[[ 0.        ,  0.43165075,  0.43165075, ..., -0.99248657,
         -0.99644373, -0.98691899],
        [-0.43165075,  0.        ,  0.        , ..., -0.84244938,
         -0.86246163, -0.82065181],
        [-0.43165075,  0.        ,  0.        , ..., -0.84244938,
         -0.86246163, -0.82065181],
        ...,
        [ 0.99248657,  0.84244938,  0.84244938, ...,  0.        ,
          0.03829066, -0.03925255],
        [ 0.99644373,  0.86246163,  0.86246163, ..., -0.03829066,
          0.        , -0.07748492],
        [ 0.98691899,  0.82065181,  0.82065181, ...,  0.03925255,
          0.07748492,  0.        ]],

       [[ 0.        , -0.42192862, -0.4650639 , ..., -0.1594748 ,
         -0.43914354, -0.37980798],
