state_0,state_1,state_2,state_3,state_4,state_5,state_6,state_7,state_8,state_9,state_10,state_11,state_12,state_13,state_14,state_15,state_16,state_17,state_18,state_19,state_20,state_21,state_22,state_23,state_24,state_25,state_26,state_27,state_28,state_29,state_30,state_31,state_32,state_33,state_34,state_35,state_36,state_37,state_38,state_39,state_40,state_41,state_42,state_43,state_44,state_45,state_46,state_47,state_48,state_49,state_50,state_51,state_52,state_53,state_54,state_55,state_56,state_57,state_58,state_59,state_60,state_61,state_62,state_63,state_64,state_65,state_66,state_67,state_68,state_69,state_70,state_71,state_72,state_73,state_74,state_75,state_76,state_77,state_78,state_79,state_80,state_81,state_82,state_83,state_84,state_85,state_86,state_87,state_88,state_89,state_90,state_91,state_92,state_93,state_94,state_95,state_96,state_97,state_98,state_99,state_100,state_101,state_102,state_103,state_104,state_105,state_106,state_107,state_108,state_109,state_110,state_111,state_112,state_113,state_114,state_115,state_116,state_117,state_118,state_119,state_120,state_121,state_122,state_123,state_124,state_125,state_126,state_127,state_128,state_129,state_130,state_131,state_132,state_133,state_134,state_135,state_136,state_137,state_138,state_139,state_140,state_141,state_142,state_143,state_144,state_145,state_146,state_147,state_148,state_149,state_150,state_151,state_152,state_153,state_154,state_155,state_156,state_157,state_158,state_159,state_160,state_161,state_162,state_163,state_164,state_165,state_166,state_167,state_168,state_169,state_170,state_171,state_172,state_173,state_174,state_175,state_176,state_177,state_178,state_179,state_180,state_181,state_182,state_183,state_184,state_185,state_186,state_187,state_188,state_189,state_190,state_191,state_192,state_193,state_194,state_195,state_196,state_197,state_198,state_199,state_200,state_201,state_202,state_203,state_204,state_205,state_206,state_207,state_208,state_209,state_210,state_211,state_212,state_213,state_214,state_215,state_216,state_217,state_218,state_219,state_220,state_221,state_222,state_223,state_224,state_225,state_226,state_227,state_228,state_229,state_230,state_231,state_232,state_233,state_234,state_235,state_236,state_237,state_238,state_239,state_240,state_241,state_242,state_243,state_244,state_245,state_246,state_247,state_248,state_249,state_250,state_251,state_252,state_253,state_254,state_255,state_256,state_257,state_258,state_259,state_260,state_261,state_262,state_263,state_264,state_265,state_266,state_267,state_268,state_269,state_270,state_271,state_272,state_273,state_274,state_275,state_276,state_277,state_278,state_279,state_280,state_281,state_282,state_283,state_284,state_285,state_286,state_287
{'img': array([[[ 0.        , -0.3623292 , -0.27674917, ..., -0.95510891,
         -0.99175257, -0.99955203],
        [ 0.3623292 ,  0.        ,  0.0902333 , ..., -0.78286764,
         -0.97080191, -0.92078849],
        [ 0.27674917, -0.0902333 ,  0.        , ..., -0.83581616,
         -0.98848707, -0.95222888],
        ...,
        [ 0.95510891,  0.78286764,  0.83581616, ...,  0.        ,
         -0.41622525, -0.2675367 ],
        [ 0.99175257,  0.97080191,  0.98848707, ...,  0.41622525,
          0.        ,  0.15779204],
        [ 0.99955203,  0.92078849,  0.95222888, ...,  0.2675367 ,
         -0.15779204,  0.        ]],

       [[ 0.        ,  0.31322861,  0.1022039 , ...,  0.09581726,
          0.53072232, -0.34832241],
        [-0.31322861,  0.        , -0.2145276 , ..., -0.2207919 ,
          0.2385396 , -0.62440665],
        [-0.1022039 ,  0.2145276 ,  0.        , ..., -0.00641814,
          0.44132069, -0.44230177],
        ...,
        [-0.09581726,  0.2207919 ,  0.00641814, ...,  0.        ,
          0.44707092, -0.43653645],
        [-0.53072232, -0.2385396 , -0.44132069, ..., -0.44707092,
          0.        , -0.79270491],
        [ 0.34832241,  0.62440665,  0.44230177, ...,  0.43653645,
          0.79270491,  0.        ]],

       [[ 0.        , -0.04735736, -0.10831847, ..., -0.89799777,
         -0.9755008 , -0.99970656],
        [ 0.04735736,  0.        , -0.06111822, ..., -0.87615299,
         -0.96398787, -0.99743773],
        [ 0.10831847,  0.06111822,  0.        , ..., -0.84505405,
         -0.94593157, -0.99120065],
        ...,
        [ 0.89799777,  0.87615299,  0.84505405, ...,  0.        ,
         -0.23166452, -0.41811799],
        [ 0.9755008 ,  0.96398787,  0.94593157, ...,  0.23166452,
          0.        , -0.19630104],
        [ 0.99970656,  0.99743773,  0.99120065, ...,  0.41811799,
          0.19630104,  0.        ]],

       ...,

       [[ 0.        , -0.37516138, -0.5223384 , ..., -0.53222653,
         -0.64046759, -0.54957359],
        [ 0.37516138,  0.        , -0.16427208, ..., -0.17574008,
         -0.30556914, -0.19600565],
        [ 0.5223384 ,  0.16427208,  0.        , ..., -0.01163722,
         -0.14500308, -0.03225728],
        ...,
        [ 0.53222653,  0.17574008,  0.01163722, ...,  0.        ,
         -0.13347904, -0.02062393],
        [ 0.64046759,  0.30556914,  0.14500308, ...,  0.13347904,
          0.        ,  0.11301127],
        [ 0.54957359,  0.19600565,  0.03225728, ...,  0.02062393,
         -0.11301127,  0.        ]],

       [[ 0.        , -0.03878763, -0.06886443, ..., -0.90710488,
         -0.90543961, -0.92102786],
        [ 0.03878763,  0.        , -0.03011705, ..., -0.89009636,
         -0.88829386, -0.90522711],
        [ 0.06886443,  0.03011705,  0.        , ..., -0.87596608,
         -0.87405889, -0.89201889],
        ...,
        [ 0.90710488,  0.89009636,  0.87596608, ...,  0.        ,
          0.00393967, -0.03435056],
        [ 0.90543961,  0.88829386,  0.87405889, ..., -0.00393967,
          0.        , -0.03828763],
        [ 0.92102786,  0.90522711,  0.89201889, ...,  0.03435056,
          0.03828763,  0.        ]],

       [[ 0.        ,  0.12730678,  0.24909738, ..., -0.96220129,
         -0.98778821, -0.99739862],
        [-0.12730678,  0.        ,  0.1237767 , ..., -0.98904287,
         -0.99958569, -0.99845986],
        [-0.24909738, -0.1237767 ,  0.        , ..., -0.99971021,
         -0.99546161, -0.9839148 ],
        ...,
        [ 0.96220129,  0.98904287,  0.99971021, ...,  0.        ,
         -0.11910001, -0.20227226],
        [ 0.98778821,  0.99958569,  0.99546161, ...,  0.11910001,
          0.        , -0.0841944 ],
        [ 0.99739862,  0.99845986,  0.9839148 , ...,  0.20227226,
          0.0841944 ,  0.        ]]]), 'num': array([9.99329457e-01, 3.66134904e-02, 3.14613075e-05, 5.29110200e-05,
       5.31703877e-05, 5.10954458e-05, 2.54605753e-04, 1.21038281e-06,
       5.23749933e-05, 5.28159185e-05, 5.52006608e-05, 8.78732251e-08,
       5.49186998e-05, 5.07131371e-05])}
{'img': array([[[ 0.        ,  0.0902333 ,  0.018029  , ..., -0.97080191,
         -0.92078849, -0.67777733],
        [-0.0902333 ,  0.        , -0.07226319, ..., -0.98848707,
         -0.95222888, -0.74135804],
        [-0.018029  ,  0.07226319,  0.        , ..., -0.97496896,
         -0.92767126, -0.6909233 ],
        ...,
        [ 0.97080191,  0.98848707,  0.97496896, ...,  0.        ,
          0.15779204,  0.55121184],
        [ 0.92078849,  0.95222888,  0.92767126, ..., -0.15779204,
          0.        ,  0.41265025],
        [ 0.67777733,  0.74135804,  0.6909233 , ..., -0.55121184,
         -0.41265025,  0.        ]],

       [[ 0.        , -0.2145276 , -0.47893697, ...,  0.2385396 ,
         -0.62440665, -0.25696002],
        [ 0.2145276 ,  0.        , -0.27946342, ...,  0.44132069,
         -0.44230177, -0.04365326],
        [ 0.47893697,  0.27946342,  0.        , ...,  0.67451321,
         -0.17403753,  0.23728307],
        ...,
        [-0.2385396 , -0.44132069, -0.67451321, ...,  0.        ,
         -0.79270491, -0.48007223],
        [ 0.62440665,  0.44230177,  0.17403753, ...,  0.79270491,
          0.        ,  0.40272901],
        [ 0.25696002,  0.04365326, -0.23728307, ...,  0.48007223,
         -0.40272901,  0.        ]],

       [[ 0.        , -0.06111822, -0.20966423, ..., -0.96398787,
         -0.99743773, -0.9999984 ],
        [ 0.06111822,  0.        , -0.1495125 , ..., -0.94593157,
         -0.99120065, -0.99823835],
        [ 0.20966423,  0.1495125 ,  0.        , ..., -0.88680233,
         -0.96026873, -0.97814724],
        ...,
        [ 0.96398787,  0.94593157,  0.88680233, ...,  0.        ,
         -0.19630104, -0.26767161],
        [ 0.99743773,  0.99120065,  0.96026873, ...,  0.19630104,
          0.        , -0.07332566],
        [ 0.9999984 ,  0.99823835,  0.97814724, ...,  0.26767161,
          0.07332566,  0.        ]],

       ...,

       [[ 0.        , -0.16427208, -0.15048203, ..., -0.30556914,
         -0.19600565, -0.01427261],
        [ 0.16427208,  0.        ,  0.01396372, ..., -0.14500308,
         -0.03225728,  0.15017663],
        [ 0.15048203, -0.01396372,  0.        , ..., -0.15880509,
         -0.04621059,  0.13635662],
        ...,
        [ 0.30556914,  0.14500308,  0.15880509, ...,  0.        ,
          0.11301127,  0.29194807],
        [ 0.19600565,  0.03225728,  0.04621059, ..., -0.11301127,
          0.        ,  0.18198993],
        [ 0.01427261, -0.15017663, -0.13635662, ..., -0.29194807,
         -0.18198993,  0.        ]],

       [[ 0.        , -0.03011705, -0.03406581, ..., -0.88829386,
         -0.90522711, -0.91098502],
        [ 0.03011705,  0.        , -0.00395078, ..., -0.87405889,
         -0.89201889, -0.89815032],
        [ 0.03406581,  0.00395078,  0.        , ..., -0.8721327 ,
         -0.89022618, -0.89640619],
        ...,
        [ 0.88829386,  0.87405889,  0.8721327 , ...,  0.        ,
         -0.03828763, -0.0520257 ],
        [ 0.90522711,  0.89201889,  0.89022618, ...,  0.03828763,
          0.        , -0.01375177],
        [ 0.91098502,  0.89815032,  0.89640619, ...,  0.0520257 ,
          0.01375177,  0.        ]],

       [[ 0.        ,  0.1237767 ,  0.14616572, ..., -0.99958569,
         -0.99845986, -0.99806783],
        [-0.1237767 ,  0.        ,  0.02259437, ..., -0.99546161,
         -0.9839148 , -0.98270208],
        [-0.14616572, -0.02259437,  0.        , ..., -0.99305732,
         -0.9796274 , -0.97826688],
        ...,
        [ 0.99958569,  0.99546161,  0.99305732, ...,  0.        ,
         -0.0841944 , -0.09083515],
        [ 0.99845986,  0.9839148 ,  0.9796274 , ...,  0.0841944 ,
          0.        , -0.00666629],
        [ 0.99806783,  0.98270208,  0.97826688, ...,  0.09083515,
          0.00666629,  0.        ]]]), 'num': array([8.07678265e-01, 5.89621749e-01, 7.02275413e-06, 3.02436222e-04,
       3.03410251e-04, 2.97079058e-04, 1.13687772e-03, 4.38313365e-06,
       2.95325805e-04, 2.97833931e-04, 3.10715474e-04, 5.40282099e-07,
       3.09848401e-04, 2.85819462e-04])}
{'img': array([[[ 0.        , -0.07226319, -0.0902333 , ..., -0.95222888,
         -0.74135804, -0.59381471],
        [ 0.07226319,  0.        , -0.018029  , ..., -0.92767126,
         -0.6909233 , -0.53411915],
        [ 0.0902333 ,  0.018029  ,  0.        , ..., -0.92078849,
         -0.67777733, -0.51879045],
        ...,
        [ 0.95222888,  0.92767126,  0.92078849, ...,  0.        ,
          0.41265025,  0.58482284],
        [ 0.74135804,  0.6909233 ,  0.67777733, ..., -0.41265025,
          0.        ,  0.1979832 ],
        [ 0.59381471,  0.53411915,  0.51879045, ..., -0.58482284,
         -0.1979832 ,  0.        ]],

       [[ 0.        , -0.27946342, -0.32801342, ..., -0.44230177,
         -0.04365326, -0.30418477],
        [ 0.27946342,  0.        , -0.0509426 , ..., -0.17403753,
          0.23728307, -0.02584444],
        [ 0.32801342,  0.0509426 ,  0.        , ..., -0.12364639,
          0.28646268,  0.0251147 ],
        ...,
        [ 0.44230177,  0.17403753,  0.12364639, ...,  0.        ,
          0.40272901,  0.14852937],
        [ 0.04365326, -0.23728307, -0.28646268, ..., -0.40272901,
          0.        , -0.26231014],
        [ 0.30418477,  0.02584444, -0.0251147 , ..., -0.14852937,
          0.26231014,  0.        ]],

       [[ 0.        , -0.1495125 , -0.23588941, ..., -0.99120065,
         -0.99823835, -0.99640921],
        [ 0.1495125 ,  0.        , -0.08794473, ..., -0.96026873,
         -0.97814724, -0.97255046],
        [ 0.23588941,  0.08794473,  0.        , ..., -0.93200468,
         -0.95607238, -0.94831813],
        ...,
        [ 0.99120065,  0.96026873,  0.93200468, ...,  0.        ,
         -0.07332566, -0.04796952],
        [ 0.99823835,  0.97814724,  0.95607238, ...,  0.07332566,
          0.        ,  0.02540086],
        [ 0.99640921,  0.97255046,  0.94831813, ...,  0.04796952,
         -0.02540086,  0.        ]],

       ...,

       [[ 0.        ,  0.01396372,  0.0731845 , ..., -0.03225728,
          0.15017663,  0.31924272],
        [-0.01396372,  0.        ,  0.05925108, ..., -0.04621059,
          0.13635662,  0.30597855],
        [-0.0731845 , -0.05925108,  0.        , ..., -0.10531719,
          0.07741939,  0.24903168],
        ...,
        [ 0.03225728,  0.04621059,  0.10531719, ...,  0.        ,
          0.18198993,  0.34964594],
        [-0.15017663, -0.13635662, -0.07741939, ..., -0.18198993,
          0.        ,  0.17330392],
        [-0.31924272, -0.30597855, -0.24903168, ..., -0.34964594,
         -0.17330392,  0.        ]],

       [[ 0.        , -0.00395078, -0.04791065, ..., -0.89201889,
         -0.89815032, -0.88245111],
        [ 0.00395078,  0.        , -0.04396403, ..., -0.89022618,
         -0.89640619, -0.88058575],
        [ 0.04791065,  0.04396403,  0.        , ..., -0.869339  ,
         -0.87605314, -0.85890036],
        ...,
        [ 0.89201889,  0.89022618,  0.869339  , ...,  0.        ,
         -0.01375177,  0.02074313],
        [ 0.89815032,  0.89640619,  0.87605314, ...,  0.01375177,
          0.        ,  0.03448999],
        [ 0.88245111,  0.88058575,  0.85890036, ..., -0.02074313,
         -0.03448999,  0.        ]],

       [[ 0.        ,  0.02259437,  0.17458499, ..., -0.9839148 ,
         -0.98270208, -0.98596723],
        [-0.02259437,  0.        ,  0.15229306, ..., -0.9796274 ,
         -0.97826688, -0.98194364],
        [-0.17458499, -0.15229306,  0.        , ..., -0.93761637,
         -0.93527785, -0.9416798 ],
        ...,
        [ 0.9839148 ,  0.9796274 ,  0.93761637, ...,  0.        ,
         -0.00666629,  0.01187782],
        [ 0.98270208,  0.97826688,  0.93527785, ...,  0.00666629,
          0.        ,  0.01854338],
        [ 0.98596723,  0.98194364,  0.9416798 , ..., -0.01187782,
         -0.01854338,  0.        ]]]), 'num': array([8.92174742e-01, 4.51687793e-01, 1.40282468e-05, 3.35993096e-04,
       3.37598159e-04, 3.29037825e-04, 1.21933393e-03, 3.74514598e-06,
       3.26790738e-04, 3.27379261e-04, 3.41102546e-04, 6.32297373e-07,
       3.40960362e-04, 3.13798159e-04])}
{'img': array([[[ 0.        , -0.018029  , -0.018029  , ..., -0.6909233 ,
         -0.53411915, -0.41085402],
        [ 0.018029  ,  0.        ,  0.        , ..., -0.67777733,
         -0.51879045, -0.39435019],
        [ 0.018029  ,  0.        ,  0.        , ..., -0.67777733,
         -0.51879045, -0.39435019],
        ...,
        [ 0.6909233 ,  0.67777733,  0.67777733, ...,  0.        ,
          0.1979832 ,  0.33289766],
        [ 0.53411915,  0.51879045,  0.51879045, ..., -0.1979832 ,
          0.        ,  0.13961726],
        [ 0.41085402,  0.39435019,  0.39435019, ..., -0.33289766,
         -0.13961726,  0.        ]],

       [[ 0.        , -0.0509426 ,  0.65119153, ...,  0.23728307,
         -0.02584444, -0.05919908],
        [ 0.0509426 ,  0.        ,  0.68900704, ...,  0.28646268,
          0.0251147 , -0.00826896],
        [-0.65119153, -0.68900704,  0.        , ..., -0.45251656,
         -0.67058771, -0.69497645],
        ...,
        [-0.23728307, -0.28646268,  0.45251656, ...,  0.        ,
         -0.26231014, -0.29437531],
        [ 0.02584444, -0.0251147 ,  0.67058771, ...,  0.26231014,
          0.        , -0.0333802 ],
        [ 0.05919908,  0.00826896,  0.69497645, ...,  0.29437531,
          0.0333802 ,  0.        ]],

       [[ 0.        , -0.08794473, -0.17778206, ..., -0.97814724,
         -0.97255046, -0.92209547],
        [ 0.08794473,  0.        , -0.09054946, ..., -0.95607238,
         -0.94831813, -0.88449137],
        [ 0.17778206,  0.09054946,  0.        , ..., -0.92560197,
         -0.91568914, -0.8386114 ],
        ...,
        [ 0.97814724,  0.95607238,  0.92560197, ...,  0.        ,
          0.02540086,  0.18679027],
        [ 0.97255046,  0.94831813,  0.91568914, ..., -0.02540086,
          0.        ,  0.1617762 ],
        [ 0.92209547,  0.88449137,  0.8386114 , ..., -0.18679027,
         -0.1617762 ,  0.        ]],

       ...,

       [[ 0.        ,  0.05925108, -0.17378298, ...,  0.13635662,
          0.30597855,  0.44832888],
        [-0.05925108,  0.        , -0.23182718, ...,  0.07741939,
          0.24903168,  0.39457853],
        [ 0.17378298,  0.23182718,  0.        , ...,  0.30644163,
          0.46677085,  0.59684626],
        ...,
        [-0.13635662, -0.07741939, -0.30644163, ...,  0.        ,
          0.17330392,  0.32225649],
        [-0.30597855, -0.24903168, -0.46677085, ..., -0.17330392,
          0.        ,  0.15332166],
        [-0.44832888, -0.39457853, -0.59684626, ..., -0.32225649,
         -0.15332166,  0.        ]],

       [[ 0.        , -0.04396403, -0.04396403, ..., -0.89640619,
         -0.88058575, -0.86332548],
        [ 0.04396403,  0.        ,  0.        , ..., -0.87605314,
         -0.85890036, -0.84030441],
        [ 0.04396403,  0.        ,  0.        , ..., -0.87605314,
         -0.85890036, -0.84030441],
        ...,
        [ 0.89640619,  0.87605314,  0.87605314, ...,  0.        ,
          0.03448999,  0.06971438],
        [ 0.88058575,  0.85890036,  0.85890036, ..., -0.03448999,
          0.        ,  0.03526683],
        [ 0.86332548,  0.84030441,  0.84030441, ..., -0.06971438,
         -0.03526683,  0.        ]],

       [[ 0.        ,  0.15229306,  0.15229306, ..., -0.97826688,
         -0.98194364, -0.97745169],
        [-0.15229306,  0.        ,  0.        , ..., -0.93527785,
         -0.9416798 , -0.93389202],
        [-0.15229306,  0.        ,  0.        , ..., -0.93527785,
         -0.9416798 , -0.93389202],
        ...,
        [ 0.97826688,  0.93527785,  0.93527785, ...,  0.        ,
          0.01854338, -0.00389569],
        [ 0.98194364,  0.9416798 ,  0.9416798 , ..., -0.01854338,
          0.        , -0.02243825],
        [ 0.97745169,  0.93389202,  0.93389202, ...,  0.00389569,
          0.02243825,  0.        ]]]), 'num': array([7.97026049e-01, 6.03943357e-01, 6.14913032e-06, 3.00284125e-04,
       3.02196762e-04, 2.95980690e-04, 1.09233610e-03, 0.00000000e+00,
       2.95215635e-04, 2.92920469e-04, 3.04667253e-04, 6.01555417e-07,
       3.05511234e-04, 2.80329704e-04])}
{'img': array([[[ 0.        ,  0.        ,  0.45355592, ..., -0.51879045,
         -0.39435019, -0.39435019],
        [ 0.        ,  0.        ,  0.45355592, ..., -0.51879045,
         -0.39435019, -0.39435019],
        [-0.45355592, -0.45355592,  0.        , ..., -0.85010609,
         -0.76825572, -0.76825572],
        ...,
        [ 0.51879045,  0.51879045,  0.85010609, ...,  0.        ,
          0.13961726,  0.13961726],
        [ 0.39435019,  0.39435019,  0.76825572, ..., -0.13961726,
          0.        ,  0.        ],
        [ 0.39435019,  0.39435019,  0.76825572, ..., -0.13961726,
          0.        ,  0.        ]],

       [[ 0.        ,  0.68900704,  0.96998721, ...,  0.0251147 ,
         -0.00826896, -0.00486065],
        [-0.68900704,  0.        ,  0.5354666 , ..., -0.67058771,
         -0.69497645, -0.69252167],
        [-0.96998721, -0.5354666 ,  0.        , ..., -0.96357447,
         -0.9719647 , -0.97115765],
        ...,
        [-0.0251147 ,  0.67058771,  0.96357447, ...,  0.        ,
         -0.0333802 , -0.02997352],
        [ 0.00826896,  0.69497645,  0.9719647 , ...,  0.0333802 ,
          0.        ,  0.00340838],
        [ 0.00486065,  0.69252167,  0.97115765, ...,  0.02997352,
         -0.00340838,  0.        ]],

       [[ 0.        , -0.09054946,  0.02295642, ..., -0.94831813,
         -0.88449137, -0.77446373],
        [ 0.09054946,  0.        ,  0.11338771, ..., -0.91568914,
         -0.8386114 , -0.71399896],
        [-0.02295642, -0.11338771,  0.        , ..., -0.95535277,
         -0.89496874, -0.78878229],
        ...,
        [ 0.94831813,  0.91568914,  0.95535277, ...,  0.        ,
          0.1617762 ,  0.35416967],
        [ 0.88449137,  0.8386114 ,  0.89496874, ..., -0.1617762 ,
          0.        ,  0.1982143 ],
        [ 0.77446373,  0.71399896,  0.78878229, ..., -0.35416967,
         -0.1982143 ,  0.        ]],

       ...,

       [[ 0.        , -0.23182718,  0.17051594, ...,  0.24903168,
          0.39457853,  0.56599224],
        [ 0.23182718,  0.        ,  0.39430263, ...,  0.46677085,
          0.59684626,  0.74169368],
        [-0.17051594, -0.39430263,  0.        , ...,  0.08024069,
          0.23211923,  0.41712809],
        ...,
        [-0.24903168, -0.46677085, -0.08024069, ...,  0.        ,
          0.15332166,  0.34285649],
        [-0.39457853, -0.59684626, -0.23211923, ..., -0.15332166,
          0.        ,  0.19477418],
        [-0.56599224, -0.74169368, -0.41712809, ..., -0.34285649,
         -0.19477418,  0.        ]],

       [[ 0.        ,  0.        ,  0.0322006 , ..., -0.85890036,
         -0.84030441, -0.81101462],
        [ 0.        ,  0.        ,  0.0322006 , ..., -0.85890036,
         -0.84030441, -0.81101462],
        [-0.0322006 , -0.0322006 ,  0.        , ..., -0.87494626,
         -0.85732507, -0.82943224],
        ...,
        [ 0.85890036,  0.85890036,  0.87494626, ...,  0.        ,
          0.03526683,  0.08712369],
        [ 0.84030441,  0.84030441,  0.85732507, ..., -0.03526683,
          0.        ,  0.05193677],
        [ 0.81101462,  0.81101462,  0.82943224, ..., -0.08712369,
         -0.05193677,  0.        ]],

       [[ 0.        ,  0.        ,  0.05749248, ..., -0.9416798 ,
         -0.93389202, -0.92813473],
        [ 0.        ,  0.        ,  0.05749248, ..., -0.9416798 ,
         -0.93389202, -0.92813473],
        [-0.05749248, -0.05749248,  0.        , ..., -0.9207754 ,
         -0.91179057, -0.90519828],
        ...,
        [ 0.9416798 ,  0.9416798 ,  0.9207754 , ...,  0.        ,
         -0.02243825, -0.03820822],
        [ 0.93389202,  0.93389202,  0.91179057, ...,  0.02243825,
          0.        , -0.01577674],
        [ 0.92813473,  0.92813473,  0.90519828, ...,  0.03820822,
          0.01577674,  0.        ]]]), 'num': array([7.92177188e-01, 6.10282808e-01, 5.57958221e-06, 3.07254020e-04,
       3.09610263e-04, 2.98300299e-04, 3.08042890e-03, 1.13099639e-05,
       2.96038306e-04, 2.89605764e-04, 3.00279542e-04, 6.47565962e-07,
       3.04422689e-04, 2.74788839e-04])}
{'img': array([[[ 0.        ,  0.45355592,  0.95642175, ..., -0.39435019,
         -0.39435019,  0.0360668 ],
        [-0.45355592,  0.        ,  0.71995645, ..., -0.76825572,
         -0.76825572, -0.4211171 ],
        [-0.95642175, -0.71995645,  0.        , ..., -0.99405939,
         -0.99405939, -0.94526839],
        ...,
        [ 0.39435019,  0.76825572,  0.99405939, ...,  0.        ,
          0.        ,  0.42723757],
        [ 0.39435019,  0.76825572,  0.99405939, ...,  0.        ,
          0.        ,  0.42723757],
        [-0.0360668 ,  0.4211171 ,  0.94526839, ..., -0.42723757,
         -0.42723757,  0.        ]],

       [[ 0.        ,  0.5354666 ,  0.95179784, ..., -0.69497645,
         -0.69252167,  0.40005041],
        [-0.5354666 ,  0.        ,  0.96808852, ..., -0.9719647 ,
         -0.97115765, -0.15288633],
        [-0.95179784, -0.96808852,  0.        , ..., -0.47120619,
         -0.47420972, -0.99502207],
        ...,
        [ 0.69497645,  0.9719647 ,  0.47120619, ...,  0.        ,
          0.00340838,  0.92459039],
        [ 0.69252167,  0.97115765,  0.47420972, ..., -0.00340838,
          0.        ,  0.92328655],
        [-0.40005041,  0.15288633,  0.99502207, ..., -0.92459039,
         -0.92328655,  0.        ]],

       [[ 0.        ,  0.11338771,  0.33241008, ..., -0.8386114 ,
         -0.71399896, -0.4968455 ],
        [-0.11338771,  0.        ,  0.22332639, ..., -0.89496874,
         -0.78878229, -0.59204353],
        [-0.33241008, -0.22332639,  0.        , ..., -0.97199751,
         -0.90613321, -0.75707079],
        ...,
        [ 0.8386114 ,  0.89496874,  0.97199751, ...,  0.        ,
          0.1982143 ,  0.45713297],
        [ 0.71399896,  0.78878229,  0.90613321, ..., -0.1982143 ,
          0.        ,  0.27177138],
        [ 0.4968455 ,  0.59204353,  0.75707079, ..., -0.45713297,
         -0.27177138,  0.        ]],

       ...,

       [[ 0.        ,  0.38582485,  0.72196989, ...,  0.58208516,
          0.72069852,  0.98775904],
        [-0.38582485,  0.        ,  0.39910759, ...,  0.22329057,
          0.39742376,  0.85109506],
        [-0.72196989, -0.39910759,  0.        , ..., -0.18429485,
         -0.00183569,  0.57083643],
        ...,
        [-0.58208516, -0.22329057,  0.18429485, ...,  0.        ,
          0.18249029,  0.7123764 ],
        [-0.72069852, -0.39742376,  0.00183569, ..., -0.18249029,
          0.        ,  0.57234269],
        [-0.98775904, -0.85109506, -0.57083643, ..., -0.7123764 ,
         -0.57234269,  0.        ]],

       [[ 0.        ,  0.0322006 ,  0.21924386, ..., -0.84030441,
         -0.81101462, -0.68019007],
        [-0.0322006 ,  0.        ,  0.18771301, ..., -0.85732507,
         -0.82943224, -0.70344154],
        [-0.21924386, -0.18771301,  0.        , ..., -0.93871523,
         -0.91954605, -0.82435471],
        ...,
        [ 0.84030441,  0.85732507,  0.93871523, ...,  0.        ,
          0.05193677,  0.24723207],
        [ 0.81101462,  0.82943224,  0.91954605, ..., -0.05193677,
          0.        ,  0.19657394],
        [ 0.68019007,  0.70344154,  0.82435471, ..., -0.24723207,
         -0.19657394,  0.        ]],

       [[ 0.        ,  0.05749248, -0.07745306, ..., -0.93389202,
         -0.92813473, -0.7845066 ],
        [-0.05749248,  0.        , -0.13464472, ..., -0.91179057,
         -0.90519828, -0.74755672],
        [ 0.07745306,  0.13464472,  0.        , ..., -0.95878035,
         -0.95417808, -0.83018017],
        ...,
        [ 0.93389202,  0.91179057,  0.95878035, ...,  0.        ,
         -0.01577674, -0.29862116],
        [ 0.92813473,  0.90519828,  0.95417808, ...,  0.01577674,
          0.        , -0.28352712],
        [ 0.7845066 ,  0.74755672,  0.83018017, ...,  0.29862116,
          0.28352712,  0.        ]]]), 'num': array([ 8.37970917e-01,  5.45711888e-01,  8.99258552e-06,  3.24371842e-04,
        3.27865077e-04,  3.18383438e-04,  1.57357272e-03, -9.98067205e-07,
        3.17285564e-04,  3.07729071e-04,  3.17984211e-04,  6.95205432e-07,
        3.25114574e-04,  2.90343568e-04])}
{'img': array([[[ 0.        ,  0.71995645,  0.50503437, ..., -0.76825572,
         -0.4211171 , -0.45355592],
        [-0.71995645,  0.        , -0.27089029, ..., -0.99405939,
         -0.94526839, -0.95642175],
        [-0.50503437,  0.27089029,  0.        , ..., -0.98637517,
         -0.82153519, -0.84156445],
        ...,
        [ 0.76825572,  0.99405939,  0.98637517, ...,  0.        ,
          0.42723757,  0.39435019],
        [ 0.4211171 ,  0.94526839,  0.82153519, ..., -0.42723757,
          0.        , -0.0360668 ],
        [ 0.45355592,  0.95642175,  0.84156445, ..., -0.39435019,
          0.0360668 ,  0.        ]],

       [[ 0.        ,  0.96808852, -0.65424359, ..., -0.97115765,
         -0.15288633, -0.82181625],
        [-0.96808852,  0.        , -0.89610875, ..., -0.47420972,
         -0.99502207, -0.7575251 ],
        [ 0.65424359,  0.89610875,  0.        , ..., -0.57847417,
          0.53092669, -0.2487694 ],
        ...,
        [ 0.97115765,  0.47420972,  0.57847417, ...,  0.        ,
          0.92328655,  0.35736715],
        [ 0.15288633,  0.99502207, -0.53092669, ..., -0.92328655,
          0.        , -0.72504742],
        [ 0.82181625,  0.7575251 ,  0.2487694 , ..., -0.35736715,
          0.72504742,  0.        ]],

       [[ 0.        ,  0.22332639,  0.45322704, ..., -0.78878229,
         -0.59204353, -0.44181271],
        [-0.22332639,  0.        ,  0.24270816, ..., -0.90613321,
         -0.75707079, -0.6310019 ],
        [-0.45322704, -0.24270816,  0.        , ..., -0.98170296,
         -0.8930031 , -0.80042298],
        ...,
        [ 0.78878229,  0.90613321,  0.98170296, ...,  0.        ,
          0.27177138,  0.43605216],
        [ 0.59204353,  0.75707079,  0.8930031 , ..., -0.27177138,
          0.        ,  0.17506708],
        [ 0.44181271,  0.6310019 ,  0.80042298, ..., -0.43605216,
         -0.17506708,  0.        ]],

       ...,

       [[ 0.        ,  0.38159285,  0.28683494, ...,  0.38001941,
          0.71913459,  0.86432816],
        [-0.38159285,  0.        , -0.10042804, ..., -0.00170165,
          0.39956031,  0.60701106],
        [-0.28683494,  0.10042804,  0.        , ...,  0.09873485,
          0.48960334,  0.68375171],
        ...,
        [-0.38001941,  0.00170165, -0.09873485, ...,  0.        ,
          0.40111965,  0.60836247],
        [-0.71913459, -0.39956031, -0.48960334, ..., -0.40111965,
          0.        ,  0.2389233 ],
        [-0.86432816, -0.60701106, -0.68375171, ..., -0.60836247,
         -0.2389233 ,  0.        ]],

       [[ 0.        ,  0.18771301,  0.30594438, ..., -0.82943224,
         -0.70344154, -0.6000616 ],
        [-0.18771301,  0.        ,  0.12179384, ..., -0.91954605,
         -0.82435471, -0.73955659],
        [-0.30594438, -0.12179384,  0.        , ..., -0.96056323,
         -0.88716201, -0.81602965],
        ...,
        [ 0.82943224,  0.91954605,  0.96056323, ...,  0.        ,
          0.19657394,  0.32830865],
        [ 0.70344154,  0.82435471,  0.88716201, ..., -0.19657394,
          0.        ,  0.13622508],
        [ 0.6000616 ,  0.73955659,  0.81602965, ..., -0.32830865,
         -0.13622508,  0.        ]],

       [[ 0.        , -0.13387229, -0.20879195, ..., -0.92005668,
         -0.7998252 , -0.60471833],
        [ 0.13387229,  0.        , -0.07599078, ..., -0.96422407,
         -0.87298021, -0.70589618],
        [ 0.20879195,  0.07599078,  0.        , ..., -0.98158032,
         -0.90752094, -0.75768053],
        ...,
        [ 0.92005668,  0.96422407,  0.98158032, ...,  0.        ,
         -0.23888864, -0.49584966],
        [ 0.7998252 ,  0.87298021,  0.90752094, ...,  0.23888864,
          0.        , -0.27404042],
        [ 0.60471833,  0.70589618,  0.75768053, ...,  0.49584966,
          0.27404042,  0.        ]]]), 'num': array([ 7.77149662e-01,  6.29314523e-01,  4.59115338e-06,  2.98656846e-04,
        3.01439363e-04,  2.97729340e-04,  9.70903727e-04, -2.78251720e-06,
        2.96987336e-04,  2.86761585e-04,  2.95263721e-04,  5.09710358e-07,
        3.03756151e-04,  2.69767020e-04])}
{'img': array([[[ 0.        , -0.27089029, -0.46496451, ..., -0.94526839,
         -0.95642175, -0.98236035],
        [ 0.27089029,  0.        , -0.20775247, ..., -0.82153519,
         -0.84156445, -0.89497426],
        [ 0.46496451,  0.20775247,  0.        , ..., -0.68515877,
         -0.71098382, -0.78276513],
        ...,
        [ 0.94526839,  0.82153519,  0.68515877, ...,  0.        ,
         -0.0360668 , -0.14377512],
        [ 0.95642175,  0.84156445,  0.71098382, ...,  0.0360668 ,
          0.        , -0.1079895 ],
        [ 0.98236035,  0.89497426,  0.78276513, ...,  0.14377512,
          0.1079895 ,  0.        ]],

       [[ 0.        , -0.89610875, -0.87528926, ..., -0.99502207,
         -0.7575251 , -0.33446199],
        [ 0.89610875,  0.        , -0.04487435, ...,  0.53092669,
         -0.2487694 , -0.69605539],
        [ 0.87528926,  0.04487435,  0.        , ...,  0.56841917,
         -0.20505518, -0.66313496],
        ...,
        [ 0.99502207, -0.53092669, -0.56841917, ...,  0.        ,
         -0.72504742, -0.97104873],
        [ 0.7575251 ,  0.2487694 ,  0.20505518, ...,  0.72504742,
          0.        , -0.49555985],
        [ 0.33446199,  0.69605539,  0.66313496, ...,  0.97104873,
          0.49555985,  0.        ]],

       [[ 0.        ,  0.24270816,  0.49251495, ..., -0.75707079,
         -0.6310019 , -0.54765281],
        [-0.24270816,  0.        ,  0.26655855, ..., -0.8930031 ,
         -0.80042298, -0.73435293],
        [-0.49251495, -0.26655855,  0.        , ..., -0.98065792,
         -0.93124735, -0.88871448],
        ...,
        [ 0.75707079,  0.8930031 ,  0.98065792, ...,  0.        ,
          0.17506708,  0.27564586],
        [ 0.6310019 ,  0.80042298,  0.93124735, ..., -0.17506708,
          0.        ,  0.10310408],
        [ 0.54765281,  0.73435293,  0.88871448, ..., -0.27564586,
         -0.10310408,  0.        ]],

       ...,

       [[ 0.        , -0.10042804, -0.31067304, ...,  0.39956031,
          0.60701106, -0.32898569],
        [ 0.10042804,  0.        , -0.21364384, ...,  0.48960334,
          0.68375171, -0.23248475],
        [ 0.31067304,  0.21364384,  0.        , ...,  0.66458493,
          0.82386404, -0.01932704],
        ...,
        [-0.39956031, -0.48960334, -0.66458493, ...,  0.        ,
          0.2389233 , -0.67890221],
        [-0.60701106, -0.68375171, -0.82386404, ..., -0.2389233 ,
          0.        , -0.83466449],
        [ 0.32898569,  0.23248475,  0.01932704, ...,  0.67890221,
          0.83466449,  0.        ]],

       [[ 0.        ,  0.12179384,  0.19426112, ..., -0.82435471,
         -0.73955659, -0.68168994],
        [-0.12179384,  0.        ,  0.07334128, ..., -0.88716201,
         -0.81602965, -0.76572443],
        [-0.19426112, -0.07334128,  0.        , ..., -0.91861672,
         -0.856224  , -0.81083308],
        ...,
        [ 0.82435471,  0.88716201,  0.91861672, ...,  0.        ,
          0.13622508,  0.21724519],
        [ 0.73955659,  0.81602965,  0.856224  , ..., -0.13622508,
          0.        ,  0.08224839],
        [ 0.68168994,  0.76572443,  0.81083308, ..., -0.21724519,
         -0.08224839,  0.        ]],

       [[ 0.        , -0.07591932, -0.07066898, ..., -0.87803489,
         -0.75955526, -0.70543255],
        [ 0.07591932,  0.        ,  0.00526448, ..., -0.91183558,
         -0.80674433, -0.75720652],
        [ 0.07066898, -0.00526448,  0.        , ..., -0.90966158,
         -0.80362236, -0.7537574 ],
        ...,
        [ 0.87803489,  0.91183558,  0.90966158, ...,  0.        ,
         -0.20759088, -0.28471335],
        [ 0.75955526,  0.80674433,  0.80362236, ...,  0.20759088,
          0.        , -0.07951183],
        [ 0.70543255,  0.75720652,  0.7537574 , ...,  0.28471335,
          0.07951183,  0.        ]]]), 'num': array([9.02188091e-01, 4.31335623e-01, 1.43771753e-05, 3.49556414e-04,
       3.49556414e-04, 3.43686001e-04, 2.30258947e-03, 5.87041306e-06,
       3.44646614e-04, 3.31278082e-04, 3.39363242e-04, 6.15081800e-07,
       3.52375084e-04, 3.10181081e-04])}
{'img': array([[[ 0.        , -0.20775247, -0.69100229, ..., -0.84156445,
         -0.89497426, -0.78939129],
        [ 0.20775247,  0.        , -0.52575119, ..., -0.71098382,
         -0.78276513, -0.64463065],
        [ 0.69100229,  0.52575119,  0.        , ..., -0.2350775 ,
         -0.33866604, -0.14641387],
        ...,
        [ 0.84156445,  0.71098382,  0.2350775 , ...,  0.        ,
         -0.1079895 ,  0.0902333 ],
        [ 0.89497426,  0.78276513,  0.33866604, ...,  0.1079895 ,
          0.        ,  0.1972546 ],
        [ 0.78939129,  0.64463065,  0.14641387, ..., -0.0902333 ,
         -0.1972546 ,  0.        ]],

       [[ 0.        , -0.04487435,  0.44718384, ..., -0.2487694 ,
         -0.69605539,  0.06859813],
        [ 0.04487435,  0.        ,  0.48687087, ..., -0.20505518,
         -0.66313496,  0.11329767],
        [-0.44718384, -0.48687087,  0.        , ..., -0.65563542,
         -0.94365389, -0.38477339],
        ...,
        [ 0.2487694 ,  0.20505518,  0.65563542, ...,  0.        ,
         -0.49555985,  0.31462499],
        [ 0.69605539,  0.66313496,  0.94365389, ...,  0.49555985,
          0.        ,  0.74366838],
        [-0.06859813, -0.11329767,  0.38477339, ..., -0.31462499,
         -0.74366838,  0.        ]],

       [[ 0.        ,  0.26655855,  0.3794375 , ..., -0.80042298,
         -0.73435293, -0.64772181],
        [-0.26655855,  0.        ,  0.11908437, ..., -0.93124735,
         -0.88871448, -0.82737122],
        [-0.3794375 , -0.11908437,  0.        , ..., -0.9680136 ,
         -0.93698606, -0.88836815],
        ...,
        [ 0.80042298,  0.93124735,  0.9680136 , ...,  0.        ,
          0.10310408,  0.22155628],
        [ 0.73435293,  0.88871448,  0.93698606, ..., -0.10310408,
          0.        ,  0.11983382],
        [ 0.64772181,  0.82737122,  0.88836815, ..., -0.22155628,
         -0.11983382,  0.        ]],

       ...,

       [[ 0.        , -0.21364384, -0.35649311, ...,  0.68375171,
         -0.23248475, -0.13283683],
        [ 0.21364384,  0.        , -0.14865527, ...,  0.82386404,
         -0.01932704,  0.08198067],
        [ 0.35649311,  0.14865527,  0.        , ...,  0.8989661 ,
          0.1295152 ,  0.22922467],
        ...,
        [-0.68375171, -0.82386404, -0.8989661 , ...,  0.        ,
         -0.83466449, -0.77462524],
        [ 0.23248475,  0.01932704, -0.1295152 , ...,  0.83466449,
          0.        ,  0.10122734],
        [ 0.13283683, -0.08198067, -0.22922467, ...,  0.77462524,
         -0.10122734,  0.        ]],

       [[ 0.        ,  0.07334128,  0.06896657, ..., -0.81602965,
         -0.76572443, -0.68371458],
        [-0.07334128,  0.        , -0.00438581, ..., -0.856224  ,
         -0.81083308, -0.73539403],
        [-0.06896657,  0.00438581,  0.        , ..., -0.85395003,
         -0.80825837, -0.73241496],
        ...,
        [ 0.81602965,  0.856224  ,  0.85395003, ...,  0.        ,
          0.08224839,  0.20030335],
        [ 0.76572443,  0.81083308,  0.80825837, ..., -0.08224839,
          0.        ,  0.11904316],
        [ 0.68371458,  0.73539403,  0.73241496, ..., -0.20030335,
         -0.11904316,  0.        ]],

       [[ 0.        ,  0.00524185,  0.05189267, ..., -0.86361712,
         -0.85451771, -0.75507197],
        [-0.00524185,  0.        ,  0.04665717, ..., -0.86096258,
         -0.85178323, -0.75162482],
        [-0.05189267, -0.04665717,  0.        , ..., -0.83629194,
         -0.82641218, -0.72003163],
        ...,
        [ 0.86361712,  0.86096258,  0.83629194, ...,  0.        ,
         -0.01777833, -0.18555535],
        [ 0.85451771,  0.85178323,  0.82641218, ...,  0.01777833,
          0.        , -0.16805644],
        [ 0.75507197,  0.75162482,  0.72003163, ...,  0.18555535,
          0.16805644,  0.        ]]]), 'num': array([ 9.55635061e-01,  2.94545931e-01,  2.04671557e-05,  3.68705594e-04,
        3.77266869e-04,  3.68134842e-04,  1.80599534e-03, -5.13676524e-06,
        3.70646149e-04,  3.55492692e-04,  3.62465375e-04,  6.63437865e-07,
        3.78440246e-04,  3.32545138e-04])}
{'img': array([[[ 0.        , -0.52575119, -0.23391417, ..., -0.78276513,
         -0.64463065, -0.75978793],
        [ 0.52575119,  0.        ,  0.31218904, ..., -0.33866604,
         -0.14641387, -0.30447662],
        [ 0.23391417, -0.31218904,  0.        , ..., -0.61548025,
         -0.44792081, -0.58662512],
        ...,
        [ 0.78276513,  0.33866604,  0.61548025, ...,  0.        ,
          0.1972546 ,  0.03610205],
        [ 0.64463065,  0.14641387,  0.44792081, ..., -0.1972546 ,
          0.        , -0.16173329],
        [ 0.75978793,  0.30447662,  0.58662512, ..., -0.03610205,
          0.16173329,  0.        ]],

       [[ 0.        ,  0.48687087,  0.25019255, ..., -0.66313496,
          0.11329767, -0.20159223],
