state_0,state_1,state_2,state_3,state_4,state_5,state_6,state_7,state_8,state_9,state_10,state_11,state_12,state_13,state_14,state_15,state_16,state_17,state_18,state_19,state_20,state_21,state_22,state_23,state_24,state_25,state_26,state_27,state_28,state_29,state_30,state_31,state_32,state_33,state_34,state_35,state_36,state_37,state_38,state_39,state_40,state_41,state_42,state_43,state_44,state_45,state_46,state_47,state_48,state_49,state_50,state_51,state_52,state_53,state_54,state_55,state_56,state_57,state_58,state_59,state_60,state_61,state_62,state_63,state_64,state_65,state_66,state_67,state_68,state_69,state_70,state_71,state_72,state_73,state_74,state_75,state_76,state_77,state_78,state_79,state_80,state_81,state_82,state_83,state_84,state_85,state_86,state_87,state_88,state_89,state_90,state_91,state_92,state_93,state_94,state_95,state_96,state_97,state_98,state_99,state_100,state_101,state_102,state_103,state_104,state_105,state_106,state_107,state_108,state_109,state_110,state_111,state_112,state_113,state_114,state_115,state_116,state_117,state_118,state_119,state_120,state_121,state_122,state_123,state_124,state_125,state_126,state_127,state_128,state_129,state_130,state_131,state_132,state_133,state_134,state_135,state_136,state_137,state_138,state_139,state_140,state_141,state_142,state_143,state_144,state_145,state_146,state_147,state_148,state_149,state_150,state_151,state_152,state_153,state_154,state_155,state_156,state_157,state_158,state_159,state_160,state_161,state_162,state_163,state_164,state_165,state_166,state_167,state_168,state_169,state_170,state_171,state_172,state_173,state_174,state_175,state_176,state_177,state_178,state_179,state_180,state_181,state_182,state_183,state_184,state_185,state_186,state_187,state_188,state_189,state_190,state_191,state_192,state_193,state_194,state_195,state_196,state_197,state_198,state_199,state_200,state_201,state_202,state_203,state_204,state_205,state_206,state_207,state_208,state_209,state_210,state_211,state_212,state_213,state_214,state_215,state_216,state_217,state_218,state_219,state_220,state_221,state_222,state_223,state_224,state_225,state_226,state_227,state_228,state_229,state_230,state_231,state_232,state_233,state_234,state_235,state_236,state_237,state_238,state_239,state_240,state_241,state_242,state_243,state_244,state_245,state_246,state_247,state_248,state_249,state_250,state_251,state_252,state_253,state_254,state_255,state_256,state_257,state_258,state_259,state_260,state_261,state_262,state_263,state_264,state_265,state_266,state_267,state_268,state_269,state_270,state_271,state_272,state_273,state_274,state_275,state_276,state_277,state_278,state_279,state_280,state_281,state_282,state_283,state_284,state_285,state_286,state_287
{'img': array([[[ 0.        , -0.06026479, -0.30964954, ...,  0.97828568,
          0.8660254 ,  0.99993206],
        [ 0.06026479,  0.        , -0.2517839 , ...,  0.98899811,
          0.83431894,  0.99741213],
        [ 0.30964954,  0.2517839 ,  0.        , ...,  0.99438196,
          0.66863614,  0.94717669],
        ...,
        [-0.97828568, -0.98899811, -0.99438196, ...,  0.        ,
          0.66863614,  0.21865043],
        [-0.8660254 , -0.83431894, -0.66863614, ..., -0.66863614,
          0.        , -0.48987111],
        [-0.99993206, -0.99741213, -0.94717669, ..., -0.21865043,
          0.48987111,  0.        ]],

       [[ 0.        ,  0.05624391,  0.56304198, ...,  0.1269934 ,
          0.99324116,  0.79563957],
        [-0.05624391,  0.        ,  0.51566917, ...,  0.18258091,
          0.99819709,  0.76030923],
        [-0.56304198, -0.51566917,  0.        , ...,  0.66343429,
          0.88619427,  0.31646492],
        ...,
        [-0.1269934 , -0.18258091, -0.66343429, ...,  0.        ,
         -0.97045946, -0.86612655],
        [-0.99324116, -0.99819709, -0.88619427, ...,  0.97045946,
          0.        , -0.69402504],
        [-0.79563957, -0.76030923, -0.31646492, ...,  0.86612655,
          0.69402504,  0.        ]],

       [[ 0.        , -0.10524048, -0.2484559 , ...,  0.58323387,
          0.83988398,  0.97702718],
        [ 0.10524048,  0.        , -0.1451357 , ...,  0.66548235,
          0.89234089,  0.94917325],
        [ 0.2484559 ,  0.1451357 ,  0.        , ...,  0.76676732,
          0.94840132,  0.89344112],
        ...,
        [-0.58323387, -0.66548235, -0.76676732, ...,  0.        ,
          0.36568186,  0.91793911],
        [-0.83988398, -0.89234089, -0.94840132, ..., -0.36568186,
          0.        ,  0.70928878],
        [-0.97702718, -0.94917325, -0.89344112, ..., -0.91793911,
         -0.70928878,  0.        ]],

       ...,

       [[ 0.        , -0.11698245, -0.56006939, ...,  0.50415816,
          0.63803075,  0.48581978],
        [ 0.11698245,  0.        , -0.45931034, ...,  0.60172397,
          0.72372779,  0.5847337 ],
        [ 0.56006939,  0.45931034,  0.        , ...,  0.90134994,
          0.95983336,  0.892009  ],
        ...,
        [-0.50415816, -0.60172397, -0.90134994, ...,  0.        ,
          0.16280333, -0.0211045 ],
        [-0.63803075, -0.72372779, -0.95983336, ..., -0.16280333,
          0.        , -0.18359   ],
        [-0.48581978, -0.5847337 , -0.892009  , ...,  0.0211045 ,
          0.18359   ,  0.        ]],

       [[ 0.        , -0.02104769, -0.03224123, ...,  0.88218393,
          0.98664466,  0.97464736],
        [ 0.02104769,  0.        , -0.01119734, ...,  0.89189996,
          0.9898545 ,  0.9697221 ],
        [ 0.03224123,  0.01119734,  0.        , ...,  0.89690785,
          0.99138341,  0.96692679],
        ...,
        [-0.88218393, -0.89189996, -0.89690785, ...,  0.        ,
          0.32091923,  0.65635194],
        [-0.98664466, -0.9898545 , -0.99138341, ..., -0.32091923,
          0.        ,  0.37951616],
        [-0.97464736, -0.9697221 , -0.96692679, ..., -0.65635194,
         -0.37951616,  0.        ]],

       [[ 0.        ,  0.07647226,  0.10324099, ...,  0.56965246,
          0.46495607,  0.42082044],
        [-0.07647226,  0.        ,  0.02687504, ...,  0.5051329 ,
          0.39589107,  0.3502168 ],
        [-0.10324099, -0.02687504,  0.        , ...,  0.48175616,
          0.37106879,  0.32491729],
        ...,
        [-0.56965246, -0.5051329 , -0.48175616, ...,  0.        ,
         -0.12219182, -0.1708905 ],
        [-0.46495607, -0.39589107, -0.37106879, ...,  0.12219182,
          0.        , -0.04921555],
        [-0.42082044, -0.3502168 , -0.32491729, ...,  0.1708905 ,
          0.04921555,  0.        ]]]), 'num': array([9.95014230e-01, 9.97237190e-02, 2.92578589e-05, 5.54084962e-05,
       5.70381579e-05, 5.39599081e-05, 1.35593644e-03, 8.14830827e-07,
       5.41409816e-05, 4.91931478e-05, 4.72194464e-05, 1.39533122e-07,
       5.54169886e-05, 4.29693070e-05])}
{'img': array([[[ 0.        , -0.2517839 , -0.2517839 , ...,  0.83431894,
          0.99741213,  0.91161493],
        [ 0.2517839 ,  0.        ,  0.        , ...,  0.66863614,
          0.94717669,  0.77875129],
        [ 0.2517839 ,  0.        ,  0.        , ...,  0.66863614,
          0.94717669,  0.77875129],
        ...,
        [-0.83431894, -0.66863614, -0.66863614, ...,  0.        ,
         -0.48987111, -0.1596141 ],
        [-0.99741213, -0.94717669, -0.94717669, ...,  0.48987111,
          0.        ,  0.34443996],
        [-0.91161493, -0.77875129, -0.77875129, ...,  0.1596141 ,
         -0.34443996,  0.        ]],

       [[ 0.        ,  0.51566917,  0.36542872, ...,  0.99819709,
          0.76030923,  0.67480783],
        [-0.51566917,  0.        , -0.16691028, ...,  0.88619427,
          0.31646492,  0.19760662],
        [-0.36542872,  0.16691028,  0.        , ...,  0.95109466,
          0.47035737,  0.35845365],
        ...,
        [-0.99819709, -0.88619427, -0.95109466, ...,  0.        ,
         -0.69402504, -0.77716588],
        [-0.76030923, -0.31646492, -0.47035737, ...,  0.69402504,
          0.        , -0.12277421],
        [-0.67480783, -0.19760662, -0.35845365, ...,  0.77716588,
          0.12277421,  0.        ]],

       [[ 0.        , -0.13379467, -0.24071973, ...,  0.8106112 ,
          0.96266865,  0.92090757],
        [ 0.13379467,  0.        , -0.10869504, ...,  0.88167117,
          0.99022925,  0.86047714],
        [ 0.24071973,  0.10869504,  0.        , ...,  0.92773671,
          0.9995197 ,  0.8       ],
        ...,
        [-0.8106112 , -0.88167117, -0.92773671, ...,  0.        ,
          0.3443057 ,  0.85523028],
        [-0.96266865, -0.99022925, -0.9995197 , ..., -0.3443057 ,
          0.        ,  0.62450364],
        [-0.92090757, -0.86047714, -0.8       , ..., -0.85523028,
         -0.62450364,  0.        ]],

       ...,

       [[ 0.        , -0.45931034, -0.58950196, ...,  0.72372779,
          0.5847337 ,  0.81025212],
        [ 0.45931034,  0.        , -0.15262466, ...,  0.95983336,
          0.892009  ,  0.98892069],
        [ 0.58950196,  0.15262466,  0.        , ...,  0.99141018,
          0.95054747,  0.99999106],
        ...,
        [-0.72372779, -0.95983336, -0.99141018, ...,  0.        ,
         -0.18359   ,  0.13497984],
        [-0.5847337 , -0.892009  , -0.95054747, ...,  0.18359   ,
          0.        ,  0.31459543],
        [-0.81025212, -0.98892069, -0.99999106, ..., -0.13497984,
         -0.31459543,  0.        ]],

       [[ 0.        , -0.01046875, -0.07496598, ...,  0.92634102,
          0.96342898,  0.95183335],
        [ 0.01046875,  0.        , -0.06452258, ...,  0.93023369,
          0.96618143,  0.9485713 ],
        [ 0.07496598,  0.06452258,  0.        , ...,  0.95197301,
          0.98080615,  0.92616922],
        ...,
        [-0.92634102, -0.93023369, -0.95197301, ...,  0.        ,
          0.11468431,  0.6425731 ],
        [-0.96342898, -0.96618143, -0.98080615, ..., -0.11468431,
          0.        ,  0.55045948],
        [-0.95183335, -0.9485713 , -0.92616922, ..., -0.6425731 ,
         -0.55045948,  0.        ]],

       [[ 0.        ,  0.02687504,  0.15415773, ...,  0.39589107,
          0.3502168 ,  0.25728387],
        [-0.02687504,  0.        ,  0.12754826, ...,  0.37106879,
          0.32491729,  0.23122062],
        [-0.15415773, -0.12754826,  0.        , ...,  0.24959603,
          0.20163569,  0.10524022],
        ...,
        [-0.39589107, -0.37106879, -0.24959603, ...,  0.        ,
         -0.04921555, -0.14630061],
        [-0.3502168 , -0.32491729, -0.20163569, ...,  0.04921555,
          0.        , -0.09743732],
        [-0.25728387, -0.23122062, -0.10524022, ...,  0.14630061,
          0.09743732,  0.        ]]]), 'num': array([7.83805388e-01, 6.17817647e-01, 5.06060186e-06, 1.78481442e-03,
       1.79025593e-03, 1.65149749e-03, 6.26874165e-02, 1.19713162e-04,
       1.67435182e-03, 1.49219736e-03, 1.42644581e-03, 4.44983080e-06,
       1.72204856e-03, 1.26234616e-03])}
{'img': array([[[ 0.        ,  0.        , -0.38848733, ...,  0.98740218,
          0.99857163,  0.6013377 ],
        [ 0.        ,  0.        , -0.38848733, ...,  0.98740218,
          0.99857163,  0.6013377 ],
        [ 0.38848733,  0.38848733,  0.        , ...,  0.97131635,
          0.94089453,  0.24370564],
        ...,
        [-0.98740218, -0.98740218, -0.97131635, ...,  0.        ,
          0.10524831,  0.88407942],
        [-0.99857163, -0.99857163, -0.94089453, ..., -0.10524831,
          0.        ,  0.82998283],
        [-0.6013377 , -0.6013377 , -0.24370564, ..., -0.88407942,
         -0.82998283,  0.        ]],

       [[ 0.        , -0.16691028,  0.02103636, ...,  0.31646492,
          0.19760662,  0.56127034],
        [ 0.16691028,  0.        ,  0.1876146 , ...,  0.47035737,
          0.35845365,  0.69153726],
        [-0.02103636, -0.1876146 ,  0.        , ...,  0.29643972,
          0.17694134,  0.54373576],
        ...,
        [-0.31646492, -0.47035737, -0.29643972, ...,  0.        ,
         -0.12277421,  0.27050674],
        [-0.19760662, -0.35845365, -0.17694134, ...,  0.12277421,
          0.        ,  0.38665721],
        [-0.56127034, -0.69153726, -0.54373576, ..., -0.27050674,
         -0.38665721,  0.        ]],

       [[ 0.        , -0.1008028 , -0.24348288, ...,  0.93884517,
          0.99642818,  0.82525052],
        [ 0.1008028 ,  0.        , -0.14447352, ...,  0.96877348,
          0.99986505,  0.76411696],
        [ 0.24348288,  0.14447352,  0.        , ...,  0.9944316 ,
          0.98700167,  0.66290371],
        ...,
        [-0.93884517, -0.96877348, -0.9944316 , ...,  0.        ,
          0.26382932,  0.81439504],
        [-0.99642818, -0.99986505, -0.98700167, ..., -0.26382932,
          0.        ,  0.63243749],
        [-0.82525052, -0.76411696, -0.66290371, ..., -0.81439504,
         -0.63243749,  0.        ]],

       ...,

       [[ 0.        , -0.15262466, -0.34279047, ...,  0.892009  ,
          0.98892069,  0.98276808],
        [ 0.15262466,  0.        , -0.195397  , ...,  0.95054747,
          0.99999106,  0.9430426 ],
        [ 0.34279047,  0.195397  ,  0.        , ...,  0.9929112 ,
          0.97988933,  0.85986162],
        ...,
        [-0.892009  , -0.95054747, -0.9929112 , ...,  0.        ,
          0.31459543,  0.60911005],
        [-0.98892069, -0.99999106, -0.97988933, ..., -0.31459543,
          0.        ,  0.32868187],
        [-0.98276808, -0.9430426 , -0.85986162, ..., -0.60911005,
         -0.32868187,  0.        ]],

       [[ 0.        , -0.05720626, -0.01579078, ...,  0.8515989 ,
          0.93115638,  0.90634644],
        [ 0.05720626,  0.        ,  0.04143421, ...,  0.88019149,
          0.95049005,  0.88069052],
        [ 0.01579078, -0.04143421,  0.        , ...,  0.85977016,
          0.93679792,  0.89956127],
        ...,
        [-0.8515989 , -0.88019149, -0.85977016, ...,  0.        ,
          0.1775965 ,  0.83493198],
        [-0.93115638, -0.95049005, -0.93679792, ..., -0.1775965 ,
          0.        ,  0.7239186 ],
        [-0.90634644, -0.88069052, -0.89956127, ..., -0.83493198,
         -0.7239186 ,  0.        ]],

       [[ 0.        ,  0.12754826,  0.0333864 , ...,  0.32491729,
          0.23122062, -0.00647977],
        [-0.12754826,  0.        , -0.09436344, ...,  0.20163569,
          0.10524022, -0.13397243],
        [-0.0333864 ,  0.09436344,  0.        , ...,  0.29316123,
          0.19861005, -0.03986186],
        ...,
        [-0.32491729, -0.20163569, -0.29316123, ...,  0.        ,
         -0.09743732, -0.33103867],
        [-0.23122062, -0.10524022, -0.19861005, ...,  0.09743732,
          0.        , -0.23751994],
        [ 0.00647977,  0.13397243,  0.03986186, ...,  0.33103867,
          0.23751994,  0.        ]]]), 'num': array([ 9.51876418e-01,  2.97932587e-01,  2.04357447e-05,  2.15113102e-03,
        2.24524300e-03,  2.12424188e-03,  7.16599554e-02, -5.37782755e-05,
        2.10004166e-03,  1.86022416e-03,  1.77132195e-03,  5.10068074e-06,
        2.17371244e-03,  1.54673588e-03])}
{'img': array([[[ 0.        , -0.38848733, -0.2646442 , ...,  0.99857163,
          0.6013377 ,  0.93915691],
        [ 0.38848733,  0.        ,  0.13077878, ...,  0.94089453,
          0.24370564,  0.73194905],
        [ 0.2646442 , -0.13077878,  0.        , ...,  0.97710846,
          0.3684483 ,  0.81477011],
        ...,
        [-0.99857163, -0.94089453, -0.97710846, ...,  0.        ,
          0.82998283,  0.39317638],
        [-0.6013377 , -0.24370564, -0.3684483 , ..., -0.82998283,
          0.        , -0.54382912],
        [-0.93915691, -0.73194905, -0.81477011, ..., -0.39317638,
          0.54382912,  0.        ]],

       [[ 0.        ,  0.1876146 ,  0.26828173, ...,  0.35845365,
          0.69153726,  0.63226473],
        [-0.1876146 ,  0.        ,  0.08278103, ...,  0.17694134,
          0.54373576,  0.47568257],
        [-0.26828173, -0.08278103,  0.        , ...,  0.09485918,
          0.47239502,  0.40123431],
        ...,
        [-0.35845365, -0.17694134, -0.09485918, ...,  0.        ,
          0.38665721,  0.31253635],
        [-0.69153726, -0.54373576, -0.47239502, ..., -0.38665721,
          0.        , -0.07905956],
        [-0.63226473, -0.47568257, -0.40123431, ..., -0.31253635,
          0.07905956,  0.        ]],

       [[ 0.        , -0.13958813, -0.26821255, ...,  0.99451801,
          0.97031322,  0.74644629],
        [ 0.13958813,  0.        , -0.13111307, ...,  0.99937742,
          0.92705388,  0.64625001],
        [ 0.26821255,  0.13111307,  0.        , ...,  0.98612439,
          0.86989304,  0.54061544],
        ...,
        [-0.99451801, -0.99937742, -0.98612439, ...,  0.        ,
          0.34198711,  0.73985017],
        [-0.97031322, -0.92705388, -0.86989304, ..., -0.34198711,
          0.        ,  0.4651614 ],
        [-0.74644629, -0.64625001, -0.54061544, ..., -0.73985017,
         -0.4651614 ,  0.        ]],

       ...,

       [[ 0.        , -0.195397  , -0.25058372, ...,  0.99999106,
          0.9430426 ,  0.99845549],
        [ 0.195397  ,  0.        , -0.05659068, ...,  0.97988933,
          0.85986162,  0.99006526],
        [ 0.25058372,  0.05659068,  0.        , ...,  0.96702682,
          0.82959258,  0.98052151],
        ...,
        [-0.99999106, -0.97988933, -0.96702682, ...,  0.        ,
          0.32868187, -0.05977847],
        [-0.9430426 , -0.85986162, -0.82959258, ..., -0.32868187,
          0.        , -0.3845513 ],
        [-0.99845549, -0.99006526, -0.98052151, ...,  0.05977847,
          0.3845513 ,  0.        ]],

       [[ 0.        ,  0.03879091,  0.06578133, ...,  0.89644807,
          0.99755113,  0.85253706],
        [-0.03879091,  0.        ,  0.02702493, ...,  0.87858322,
          0.99408725,  0.87217012],
        [-0.06578133, -0.02702493,  0.        , ...,  0.86535551,
          0.99078969,  0.88507224],
        ...,
        [-0.89644807, -0.87858322, -0.86535551, ...,  0.        ,
          0.37936513,  0.84634439],
        [-0.99755113, -0.99408725, -0.99078969, ..., -0.37936513,
          0.        ,  0.5810141 ],
        [-0.85253706, -0.87217012, -0.88507224, ..., -0.84634439,
         -0.5810141 ,  0.        ]],

       [[ 0.        , -0.09436344, -0.17332651, ...,  0.10524022,
         -0.13397243, -0.22091578],
        [ 0.09436344,  0.        , -0.07961789, ...,  0.19861005,
         -0.03986186, -0.12789802],
        [ 0.17332651,  0.07961789,  0.        , ...,  0.27601135,
          0.0398193 , -0.04852798],
        ...,
        [-0.10524022, -0.19861005, -0.27601135, ...,  0.        ,
         -0.23751994, -0.32232904],
        [ 0.13397243,  0.03986186, -0.0398193 , ...,  0.23751994,
          0.        , -0.08826188],
        [ 0.22091578,  0.12789802,  0.04852798, ...,  0.32232904,
          0.08826188,  0.        ]]]), 'num': array([8.12628179e-01, 5.80917660e-01, 6.91673191e-06, 1.89926655e-03,
       1.89926655e-03, 1.79154695e-03, 4.63295176e-02, 8.50417857e-05,
       1.80345280e-03, 1.58829708e-03, 1.50301907e-03, 4.46084819e-06,
       1.88755128e-03, 1.28904289e-03])}
{'img': array([[[ 0.        ,  0.12632813,  0.12632813, ...,  0.68634776,
          0.84541595,  0.23567888],
        [-0.12632813,  0.        ,  0.        , ...,  0.77272419,
          0.90611583,  0.35656033],
        [-0.12632813,  0.        ,  0.        , ...,  0.77272419,
          0.90611583,  0.35656033],
        ...,
        [-0.68634776, -0.77272419, -0.77272419, ...,  0.        ,
         -0.24826446,  0.49561101],
        [-0.84541595, -0.90611583, -0.90611583, ...,  0.24826446,
          0.        ,  0.69572333],
        [-0.23567888, -0.35656033, -0.35656033, ..., -0.49561101,
         -0.69572333,  0.        ]],

       [[ 0.        ,  0.08278103, -0.49207837, ...,  0.54373576,
          0.47568257,  0.24875859],
        [-0.08278103,  0.        , -0.56245454, ...,  0.47239502,
          0.40123431,  0.16772595],
        [ 0.49207837,  0.56245454,  0.        , ...,  0.88632962,
          0.8469464 ,  0.69316716],
        ...,
        [-0.54373576, -0.47239502, -0.88632962, ...,  0.        ,
         -0.07905956, -0.31787145],
        [-0.47568257, -0.40123431, -0.8469464 , ...,  0.07905956,
          0.        , -0.24191744],
        [-0.24875859, -0.16772595, -0.69316716, ...,  0.31787145,
          0.24191744,  0.        ]],

       [[ 0.        , -0.12635373, -0.26140466, ...,  0.98223118,
          0.92997097,  0.62759646],
        [ 0.12635373,  0.        , -0.13734924, ...,  0.95064541,
          0.87606569,  0.52419515],
        [ 0.26140466,  0.13734924,  0.        , ...,  0.8990192 ,
          0.80153427,  0.40226082],
        ...,
        [-0.98223118, -0.95064541, -0.8990192 , ...,  0.        ,
          0.18656826,  0.64692094],
        [-0.92997097, -0.87606569, -0.80153427, ..., -0.18656826,
          0.        ,  0.49329336],
        [-0.62759646, -0.52419515, -0.40226082, ..., -0.64692094,
         -0.49329336,  0.        ]],

       ...,

       [[ 0.        , -0.05659068,  0.05392675, ...,  0.85986162,
          0.99006526,  0.95746094],
        [ 0.05659068,  0.        ,  0.11034867, ...,  0.82959258,
          0.98052151,  0.9395966 ],
        [-0.05392675, -0.11034867,  0.        , ...,  0.8861415 ,
          0.99620718,  0.97162899],
        ...,
        [-0.85986162, -0.82959258, -0.8861415 , ...,  0.        ,
         -0.3845513 , -0.24068566],
        [-0.99006526, -0.98052151, -0.99620718, ...,  0.3845513 ,
          0.        ,  0.15106888],
        [-0.95746094, -0.9395966 , -0.97162899, ...,  0.24068566,
         -0.15106888,  0.        ]],

       [[ 0.        ,  0.02493223,  0.04806199, ...,  0.94281185,
          0.99388465,  0.83670022],
        [-0.02493223,  0.        ,  0.02314363, ...,  0.93420823,
          0.9908226 ,  0.85009453],
        [-0.04806199, -0.02314363,  0.        , ...,  0.92570201,
          0.98742891,  0.86205497],
        ...,
        [-0.94281185, -0.93420823, -0.92570201, ...,  0.        ,
          0.22717861,  0.79523486],
        [-0.99388465, -0.9908226 , -0.98742891, ..., -0.22717861,
          0.        ,  0.63670321],
        [-0.83670022, -0.85009453, -0.86205497, ..., -0.79523486,
         -0.63670321,  0.        ]],

       [[ 0.        , -0.07961789, -0.17012624, ..., -0.03986186,
         -0.12789802, -0.25781621],
        [ 0.07961789,  0.        , -0.09112892, ...,  0.0398193 ,
         -0.04852798, -0.18007144],
        [ 0.17012624,  0.09112892,  0.        , ...,  0.13071027,
          0.0426955 , -0.08968289],
        ...,
        [ 0.03986186, -0.0398193 , -0.13071027, ...,  0.        ,
         -0.08826188, -0.21909702],
        [ 0.12789802,  0.04852798, -0.0426955 , ...,  0.08826188,
          0.        , -0.13212456],
        [ 0.25781621,  0.18007144,  0.08968289, ...,  0.21909702,
          0.13212456,  0.        ]]]), 'num': array([7.96431428e-01, 5.99652550e-01, 5.82186027e-06, 1.87408454e-03,
       1.93507546e-03, 1.84358909e-03, 7.80388765e-02, 1.66338865e-05,
       1.80422222e-03, 1.57328843e-03, 1.47990764e-03, 4.74929273e-06,
       1.89485539e-03, 1.25172147e-03])}
{'img': array([[[ 0.        ,  0.        , -0.35180567, ...,  0.93000444,
          0.63813407,  0.35180567],
        [ 0.        ,  0.        , -0.35180567, ...,  0.93000444,
          0.63813407,  0.35180567],
        [ 0.35180567,  0.35180567,  0.        , ...,  0.74124653,
          0.32647604,  0.        ],
        ...,
        [-0.93000444, -0.93000444, -0.74124653, ...,  0.        ,
          0.48148884,  0.74124653],
        [-0.63813407, -0.63813407, -0.32647604, ..., -0.48148884,
          0.        ,  0.32647604],
        [-0.35180567, -0.35180567, -0.        , ..., -0.74124653,
         -0.32647604,  0.        ]],

       [[ 0.        , -0.56245454,  0.00801541, ...,  0.40123431,
          0.16772595,  0.65923744],
        [ 0.56245454,  0.        ,  0.56906384, ...,  0.8469464 ,
          0.69316716,  0.96800527],
        [-0.00801541, -0.56906384,  0.        , ...,  0.3938795 ,
          0.1598187 ,  0.65318919],
        ...,
        [-0.40123431, -0.8469464 , -0.3938795 , ...,  0.        ,
         -0.24191744,  0.30214326],
        [-0.16772595, -0.69316716, -0.1598187 , ...,  0.24191744,
          0.        ,  0.52377947],
        [-0.65923744, -0.96800527, -0.65318919, ..., -0.30214326,
         -0.52377947,  0.        ]],

       [[ 0.        , -0.13168563, -0.25814543, ...,  0.96023988,
          0.88739385,  0.50518052],
        [ 0.13168563,  0.        , -0.12867509, ...,  0.91511416,
          0.81895733,  0.38713467],
        [ 0.25814543,  0.12867509,  0.        , ...,  0.85562551,
          0.73830841,  0.26527492],
        ...,
        [-0.96023988, -0.91511416, -0.85562551, ...,  0.        ,
          0.19494294,  0.68766578],
        [-0.88739385, -0.81895733, -0.73830841, ..., -0.19494294,
          0.        ,  0.53293871],
        [-0.50518052, -0.38713467, -0.26527492, ..., -0.68766578,
         -0.53293871,  0.        ]],

       ...,

       [[ 0.        ,  0.10788777,  0.19207025, ...,  0.99417996,
          0.97301529,  0.63719844],
        [-0.10788777,  0.        ,  0.08507013, ...,  0.99999999,
          0.99222997,  0.71662824],
        [-0.19207025, -0.08507013,  0.        , ...,  0.99636163,
          0.99921731,  0.77336305],
        ...,
        [-0.99417996, -0.99999999, -0.99636163, ...,  0.        ,
          0.12457277,  0.69756755],
        [-0.97301529, -0.99222997, -0.99921731, ..., -0.12457277,
          0.        ,  0.60287508],
        [-0.63719844, -0.71662824, -0.77336305, ..., -0.69756755,
         -0.60287508,  0.        ]],

       [[ 0.        ,  0.02168668,  0.04955874, ...,  0.95056053,
          0.9998188 ,  0.82043348],
        [-0.02168668,  0.        ,  0.02788705, ...,  0.9436024 ,
          0.99917083,  0.83263971],
        [-0.04955874, -0.02788705,  0.        , ...,  0.93400255,
          0.99764683,  0.84776015],
        ...,
        [-0.95056053, -0.9436024 , -0.93400255, ...,  0.        ,
          0.29238823,  0.79825225],
        [-0.9998188 , -0.99917083, -0.99764683, ..., -0.29238823,
          0.        ,  0.58725615],
        [-0.82043348, -0.83263971, -0.84776015, ..., -0.79825225,
         -0.58725615,  0.        ]],

       [[ 0.        , -0.09112892, -0.22752709, ..., -0.04852798,
         -0.18007144, -0.26074996],
        [ 0.09112892,  0.        , -0.13784161, ...,  0.0426955 ,
         -0.08968289, -0.17168856],
        [ 0.22752709,  0.13784161,  0.        , ...,  0.18000385,
          0.04845935, -0.03425484],
        ...,
        [ 0.04852798, -0.0426955 , -0.18000385, ...,  0.        ,
         -0.13212456, -0.21359353],
        [ 0.18007144,  0.08968289, -0.04845935, ...,  0.13212456,
          0.        , -0.08264551],
        [ 0.26074996,  0.17168856,  0.03425484, ...,  0.21359353,
          0.08264551,  0.        ]]]), 'num': array([8.16306521e-01, 5.76377780e-01, 7.02573181e-06, 1.93490920e-03,
       1.96607172e-03, 1.88674895e-03, 3.75109487e-02, 1.98306946e-05,
       1.88391599e-03, 1.62880827e-03, 1.52261962e-03, 4.82917458e-06,
       1.98350289e-03, 1.27411364e-03])}
{'img': array([[[ 0.00000000e+00, -3.46491539e-01, -1.22577821e-01, ...,
          7.43457668e-01,  6.50054923e-01,  3.46491539e-01],
        [ 3.46491539e-01,  0.00000000e+00,  2.28894109e-01, ...,
          4.65675119e-01,  3.46491539e-01,  0.00000000e+00],
        [ 1.22577821e-01, -2.28894109e-01,  0.00000000e+00, ...,
          6.55873221e-01,  5.52007476e-01,  2.28894109e-01],
        ...,
        [-7.43457668e-01, -4.65675119e-01, -6.55873221e-01, ...,
          0.00000000e+00,  1.30198307e-01,  4.65675119e-01],
        [-6.50054923e-01, -3.46491539e-01, -5.52007476e-01, ...,
         -1.30198307e-01,  0.00000000e+00,  3.46491539e-01],
        [-3.46491539e-01, -0.00000000e+00, -2.28894109e-01, ...,
         -4.65675119e-01, -3.46491539e-01,  0.00000000e+00]],

       [[ 0.00000000e+00,  5.69063839e-01,  4.04211695e-01, ...,
          6.93167162e-01,  9.68005275e-01,  5.58497289e-01],
        [-5.69063839e-01,  0.00000000e+00, -1.88122451e-01, ...,
          1.59818696e-01,  6.53189194e-01, -1.27934613e-02],
        [-4.04211695e-01,  1.88122451e-01,  0.00000000e+00, ...,
          3.42669624e-01,  7.83972212e-01,  1.75542014e-01],
        ...,
        [-6.93167162e-01, -1.59818696e-01, -3.42669624e-01, ...,
          0.00000000e+00,  5.23779475e-01, -1.72434636e-01],
        [-9.68005275e-01, -6.53189194e-01, -7.83972212e-01, ...,
         -5.23779475e-01,  0.00000000e+00, -6.62822879e-01],
        [-5.58497289e-01,  1.27934613e-02, -1.75542014e-01, ...,
          1.72434636e-01,  6.62822879e-01,  0.00000000e+00]],

       [[ 0.00000000e+00, -1.24017057e-01, -3.73944754e-01, ...,
          9.14243701e-01,  7.93930417e-01,  3.73944754e-01],
        [ 1.24017057e-01,  0.00000000e+00, -2.56038192e-01, ...,
          8.56938481e-01,  7.12397902e-01,  2.56038192e-01],
        [ 3.73944754e-01,  2.56038192e-01,  0.00000000e+00, ...,
          6.96406992e-01,  5.08969906e-01,  0.00000000e+00],
        ...,
        [-9.14243701e-01, -8.56938481e-01, -6.96406992e-01, ...,
          0.00000000e+00,  2.34195459e-01,  6.96406992e-01],
        [-7.93930417e-01, -7.12397902e-01, -5.08969906e-01, ...,
         -2.34195459e-01,  0.00000000e+00,  5.08969906e-01],
        [-3.73944754e-01, -2.56038192e-01, -0.00000000e+00, ...,
         -6.96406992e-01, -5.08969906e-01,  0.00000000e+00]],

       ...,

       [[ 0.00000000e+00,  8.50701300e-02, -7.16628237e-01, ...,
          9.92229968e-01,  7.16628237e-01,  8.16802867e-01],
        [-8.50701300e-02,  0.00000000e+00, -7.73363053e-01, ...,
          9.99217306e-01,  7.73363053e-01,  8.62920322e-01],
        [ 7.16628237e-01,  7.73363053e-01,  0.00000000e+00, ...,
          6.02875078e-01,  0.00000000e+00,  1.56248611e-01],
        ...,
        [-9.92229968e-01, -9.99217306e-01, -6.02875078e-01, ...,
          0.00000000e+00,  6.02875078e-01,  4.70809717e-01],
        [-7.16628237e-01, -7.73363053e-01, -0.00000000e+00, ...,
         -6.02875078e-01,  0.00000000e+00, -1.56248611e-01],
        [-8.16802867e-01, -8.62920322e-01, -1.56248611e-01, ...,
         -4.70809717e-01,  1.56248611e-01,  0.00000000e+00]],

       [[ 0.00000000e+00,  2.63884611e-02,  2.56028260e-02, ...,
          9.76280389e-01,  9.98812634e-01,  8.06899923e-01],
        [-2.63884611e-02,  0.00000000e+00, -7.85900630e-04, ...,
          9.70227046e-01,  9.99750372e-01,  8.22206283e-01],
        [-2.56028260e-02,  7.85900630e-04,  0.00000000e+00, ...,
          9.70417089e-01,  9.99732504e-01,  8.21758703e-01],
        ...,
        [-9.76280389e-01, -9.70227046e-01, -9.70417089e-01, ...,
          0.00000000e+00,  2.63814178e-01,  7.51379219e-01],
        [-9.98812634e-01, -9.99750372e-01, -9.99732504e-01, ...,
         -2.63814178e-01,  0.00000000e+00,  5.50677268e-01],
        [-8.06899923e-01, -8.22206283e-01, -8.21758703e-01, ...,
         -7.51379219e-01, -5.50677268e-01,  0.00000000e+00]],

       [[ 0.00000000e+00, -1.37841607e-01, -2.67542551e-01, ...,
         -8.96828909e-02, -1.71688562e-01, -2.17783656e-01],
        [ 1.37841607e-01,  0.00000000e+00, -1.32171931e-01, ...,
          4.84593529e-02, -3.42548364e-02, -8.11717510e-02],
        [ 2.67542551e-01,  1.32171931e-01,  0.00000000e+00, ...,
          1.80050859e-01,  9.81400515e-02,  5.12761654e-02],
        ...,
        [ 8.96828909e-02, -4.84593529e-02, -1.80050859e-01, ...,
          0.00000000e+00, -8.26455058e-02, -1.29375830e-01],
        [ 1.71688562e-01,  3.42548364e-02, -9.81400515e-02, ...,
          8.26455058e-02,  0.00000000e+00, -4.69823139e-02],
        [ 2.17783656e-01,  8.11717510e-02, -5.12761654e-02, ...,
          1.29375830e-01,  4.69823139e-02,  0.00000000e+00]]]), 'num': array([7.50852018e-01, 6.59824786e-01, 2.65772940e-06, 1.78484769e-03,
       1.81611509e-03, 1.76400275e-03, 2.88218247e-02, 5.21123413e-06,
       1.74784793e-03, 1.51959587e-03, 1.41002967e-03, 4.50462611e-06,
       1.86153623e-03, 1.17765551e-03])}
{'img': array([[[ 0.00000000e+00,  2.27901422e-01,  6.35707752e-01, ...,
          3.89438121e-01,  1.86493786e-01,  0.00000000e+00],
        [-2.27901422e-01,  0.00000000e+00,  4.43054696e-01, ...,
          5.89098954e-01,  4.05489206e-01,  2.27901422e-01],
        [-6.35707752e-01, -4.43054696e-01,  0.00000000e+00, ...,
          8.86139198e-01,  7.68515100e-01,  6.35707752e-01],
        ...,
        [-3.89438121e-01, -5.89098954e-01, -8.86139198e-01, ...,
          0.00000000e+00,  2.10835280e-01,  3.89438121e-01],
        [-1.86493786e-01, -4.05489206e-01, -7.68515100e-01, ...,
         -2.10835280e-01,  0.00000000e+00,  1.86493786e-01],
        [-0.00000000e+00, -2.27901422e-01, -6.35707752e-01, ...,
         -3.89438121e-01, -1.86493786e-01,  0.00000000e+00]],

       [[ 0.00000000e+00, -1.88122451e-01,  5.58979270e-02, ...,
          6.53189194e-01, -1.27934613e-02, -1.52615931e-01],
        [ 1.88122451e-01,  0.00000000e+00,  2.42728222e-01, ...,
          7.83972212e-01,  1.75542014e-01,  3.60276430e-02],
        [-5.58979270e-02, -2.42728222e-01,  0.00000000e+00, ...,
          6.09842309e-01, -6.86668110e-02, -2.07620429e-01],
        ...,
        [-6.53189194e-01, -7.83972212e-01, -6.09842309e-01, ...,
          0.00000000e+00, -6.62822879e-01, -7.61097438e-01],
        [ 1.27934613e-02, -1.75542014e-01,  6.86668110e-02, ...,
          6.62822879e-01,  0.00000000e+00, -1.39959847e-01],
        [ 1.52615931e-01, -3.60276430e-02,  2.07620429e-01, ...,
          7.61097438e-01,  1.39959847e-01,  0.00000000e+00]],

       [[ 0.00000000e+00, -2.52533395e-01,  4.19293051e-02, ...,
          7.72686611e-01,  5.55851692e-01,  2.52533395e-01],
        [ 2.52533395e-01,  0.00000000e+00,  2.92881612e-01, ...,
          5.87337342e-01,  3.27909193e-01,  0.00000000e+00],
        [-4.19293051e-02, -2.92881612e-01,  0.00000000e+00, ...,
          7.98623301e-01,  5.90217920e-01,  2.92881612e-01],
        ...,
        [-7.72686611e-01, -5.87337342e-01, -7.98623301e-01, ...,
          0.00000000e+00,  2.89472261e-01,  5.87337342e-01],
        [-5.55851692e-01, -3.27909193e-01, -5.90217920e-01, ...,
         -2.89472261e-01,  0.00000000e+00,  3.27909193e-01],
        [-2.52533395e-01, -0.00000000e+00, -2.92881612e-01, ...,
         -5.87337342e-01, -3.27909193e-01,  0.00000000e+00]],

       ...,

       [[ 0.00000000e+00, -7.69969065e-01,  1.82834226e-01, ...,
          8.87237599e-01,  9.09792175e-01,  7.69969065e-01],
        [ 7.69969065e-01,  0.00000000e+00,  8.73653364e-01, ...,
          2.10933110e-01,  2.60934791e-01,  0.00000000e+00],
        [-1.82834226e-01, -8.73653364e-01,  0.00000000e+00, ...,
          9.56625864e-01,  9.70344418e-01,  8.73653364e-01],
        ...,
        [-8.87237599e-01, -2.10933110e-01, -9.56625864e-01, ...,
          0.00000000e+00, -5.14382539e-02,  2.10933110e-01],
        [-9.09792175e-01, -2.60934791e-01, -9.70344418e-01, ...,
          5.14382539e-02,  0.00000000e+00,  2.60934791e-01],
        [-7.69969065e-01, -0.00000000e+00, -8.73653364e-01, ...,
         -2.10933110e-01, -2.60934791e-01,  0.00000000e+00]],

       [[ 0.00000000e+00, -7.52668798e-04, -3.07879078e-02, ...,
          9.90780179e-01,  9.92760552e-01,  8.01731471e-01],
        [ 7.52668798e-04,  0.00000000e+00, -3.00355871e-02, ...,
          9.90881869e-01,  9.92669868e-01,  8.01281386e-01],
        [ 3.07879078e-02,  3.00355871e-02,  0.00000000e+00, ...,
          9.94481613e-01,  9.88591979e-01,  7.82949950e-01],
        ...,
        [-9.90780179e-01, -9.90881869e-01, -9.94481613e-01, ...,
          0.00000000e+00,  2.53501406e-01,  7.00791871e-01],
        [-9.92760552e-01, -9.92669868e-01, -9.88591979e-01, ...,
         -2.53501406e-01,  0.00000000e+00,  4.97061286e-01],
        [-8.01731471e-01, -8.01281386e-01, -7.82949950e-01, ...,
         -7.00791871e-01, -4.97061286e-01,  0.00000000e+00]],

       [[ 0.00000000e+00, -1.32171931e-01, -1.55549808e-01, ...,
         -3.42548364e-02, -8.11717510e-02, -2.22051700e-02],
        [ 1.32171931e-01,  0.00000000e+00, -2.36219982e-02, ...,
          9.81400515e-02,  5.12761654e-02,  1.10128982e-01],
        [ 1.55549808e-01,  2.36219982e-02,  0.00000000e+00, ...,
          1.21620632e-01,  7.48527811e-02,  1.33576565e-01],
        ...,
        [ 3.42548364e-02, -9.81400515e-02, -1.21620632e-01, ...,
          0.00000000e+00, -4.69823139e-02,  1.20542518e-02],
        [ 8.11717510e-02, -5.12761654e-02, -7.48527811e-02, ...,
          4.69823139e-02,  0.00000000e+00,  5.90198410e-02],
        [ 2.22051700e-02, -1.10128982e-01, -1.33576565e-01, ...,
         -1.20542518e-02, -5.90198410e-02,  0.00000000e+00]]]), 'num': array([ 8.19035210e-01,  5.51937556e-01,  9.02356937e-06,  1.76885863e-03,
        2.04673676e-03,  1.76885863e-03,  1.56587613e-01, -2.77878130e-04,
        1.97562386e-03,  1.75332136e-03,  1.62364490e-03,  3.66322911e-06,
        2.13580809e-03,  1.37083463e-03])}
{'img': array([[[ 0.        ,  0.60588065,  0.5425864 , ...,  0.18772189,
          0.        ,  0.98486322],
        [-0.60588065,  0.        , -0.07728212, ...,  0.74445262,
          0.60588065,  0.88853272],
        [-0.5425864 ,  0.07728212,  0.        , ...,  0.6906268 ,
          0.5425864 ,  0.92133341],
        ...,
        [-0.18772189, -0.74445262, -0.6906268 , ...,  0.        ,
          0.18772189, -0.93481608],
        [-0.        , -0.60588065, -0.5425864 , ..., -0.18772189,
          0.        , -0.98486322],
        [-0.98486322, -0.88853272, -0.92133341, ...,  0.93481608,
          0.98486322,  0.        ]],

       [[ 0.        ,  0.23948697, -0.39637087, ...,  0.1732086 ,
          0.03555645,  0.59736991],
        [-0.23948697,  0.        , -0.60470702, ..., -0.067699  ,
         -0.20481379,  0.77204656],
        [ 0.39637087,  0.60470702,  0.        , ...,  0.54940096,
          0.42876427,  0.23056373],
        ...,
        [-0.1732086 ,  0.067699  , -0.54940096, ...,  0.        ,
         -0.13808006,  0.72724814],
        [-0.03555645,  0.20481379, -0.42876427, ...,  0.13808006,
          0.        ,  0.62550723],
        [-0.59736991, -0.77204656, -0.23056373, ..., -0.72724814,
         -0.62550723,  0.        ]],

       [[ 0.        ,  0.29288161,  0.3689314 , ...,  0.32790919,
          0.        ,  0.41791905],
        [-0.29288161,  0.        ,  0.08053253, ...,  0.59021792,
          0.29288161,  0.6656711 ],
        [-0.3689314 , -0.08053253,  0.        , ...,  0.65331028,
          0.3689314 ,  0.72360601],
        ...,
        [-0.32790919, -0.59021792, -0.65331028, ...,  0.        ,
          0.32790919, -0.09691164],
        [-0.        , -0.29288161, -0.3689314 , ..., -0.32790919,
          0.        , -0.41791905],
        [-0.41791905, -0.6656711 , -0.72360601, ...,  0.09691164,
          0.41791905,  0.        ]],

       ...,

       [[ 0.        ,  0.87365336,  0.75235114, ...,  0.26093479,
          0.        ,  0.9601814 ],
        [-0.87365336,  0.        , -0.20947429, ...,  0.97034442,
          0.87365336,  0.71125409],
        [-0.75235114,  0.20947429,  0.        , ...,  0.89818101,
          0.75235114,  0.84272113],
        ...,
        [-0.26093479, -0.97034442, -0.89818101, ...,  0.        ,
          0.26093479, -0.85401803],
        [-0.        , -0.87365336, -0.75235114, ..., -0.26093479,
          0.        , -0.9601814 ],
        [-0.9601814 , -0.71125409, -0.84272113, ...,  0.85401803,
          0.9601814 ,  0.        ]],

       [[ 0.        , -0.03000296, -0.06614599, ...,  0.99333784,
          0.8480158 ,  0.80075622],
        [ 0.03000296,  0.        , -0.03617895, ...,  0.98943315,
          0.83173334,  0.78242424],
        [ 0.06614599,  0.03617895,  0.        , ...,  0.98353982,
          0.81110316,  0.75938172],
        ...,
        [-0.99333784, -0.98943315, -0.98353982, ...,  0.        ,
          0.42871604,  0.50272179],
        [-0.8480158 , -0.83173334, -0.81110316, ..., -0.42871604,
          0.        ,  0.08357578],
