state_0,state_1,state_2,state_3,state_4,state_5,state_6,state_7,state_8,state_9,state_10,state_11,state_12,state_13,state_14,state_15,state_16,state_17,state_18,state_19,state_20,state_21,state_22,state_23,state_24,state_25,state_26,state_27,state_28,state_29,state_30,state_31,state_32,state_33,state_34,state_35,state_36,state_37,state_38,state_39,state_40,state_41,state_42,state_43,state_44,state_45,state_46,state_47,state_48,state_49,state_50,state_51,state_52,state_53,state_54,state_55,state_56,state_57,state_58,state_59,state_60,state_61,state_62,state_63,state_64,state_65,state_66,state_67,state_68,state_69,state_70,state_71,state_72,state_73,state_74,state_75,state_76,state_77,state_78,state_79,state_80,state_81,state_82,state_83,state_84,state_85,state_86,state_87,state_88,state_89,state_90,state_91,state_92,state_93,state_94,state_95,state_96,state_97,state_98,state_99,state_100,state_101,state_102,state_103,state_104,state_105,state_106,state_107,state_108,state_109,state_110,state_111,state_112,state_113,state_114,state_115,state_116,state_117,state_118,state_119,state_120,state_121,state_122,state_123,state_124,state_125,state_126,state_127,state_128,state_129,state_130,state_131,state_132,state_133,state_134,state_135,state_136,state_137,state_138,state_139,state_140,state_141,state_142,state_143,state_144,state_145,state_146,state_147,state_148,state_149,state_150,state_151,state_152,state_153,state_154,state_155,state_156,state_157,state_158,state_159,state_160,state_161,state_162,state_163,state_164,state_165,state_166,state_167,state_168,state_169,state_170,state_171,state_172,state_173,state_174,state_175,state_176,state_177,state_178,state_179,state_180,state_181,state_182,state_183,state_184,state_185,state_186,state_187,state_188,state_189,state_190,state_191,state_192,state_193,state_194,state_195,state_196,state_197,state_198,state_199,state_200,state_201,state_202,state_203,state_204,state_205,state_206,state_207,state_208,state_209,state_210,state_211,state_212,state_213,state_214,state_215,state_216,state_217,state_218,state_219,state_220,state_221,state_222,state_223,state_224,state_225,state_226,state_227,state_228,state_229,state_230,state_231,state_232,state_233,state_234,state_235,state_236,state_237,state_238,state_239,state_240,state_241,state_242,state_243,state_244,state_245,state_246,state_247,state_248,state_249,state_250,state_251,state_252,state_253,state_254,state_255,state_256,state_257,state_258,state_259,state_260,state_261,state_262,state_263,state_264,state_265,state_266,state_267,state_268,state_269,state_270,state_271,state_272,state_273,state_274,state_275,state_276,state_277,state_278,state_279,state_280,state_281,state_282,state_283,state_284,state_285,state_286,state_287
{'img': array([[[ 0.        ,  0.03374346, -0.06801281, ...,  0.64119023,
          0.99991962,  0.98860975],
        [-0.03374346,  0.        , -0.1016394 , ...,  0.61493097,
          0.99892236,  0.99312521],
        [ 0.06801281,  0.1016394 ,  0.        , ...,  0.69189733,
          0.99846659,  0.97608454],
        ...,
        [-0.64119023, -0.61493097, -0.69189733, ...,  0.        ,
          0.75919062,  0.8551415 ],
        [-0.99991962, -0.99892236, -0.99846659, ..., -0.75919062,
          0.        ,  0.16302418],
        [-0.98860975, -0.99312521, -0.97608454, ..., -0.8551415 ,
         -0.16302418,  0.        ]],

       [[ 0.        ,  0.00272374,  0.00467623, ...,  0.60607184,
          0.07334613,  0.77216728],
        [-0.00272374,  0.        ,  0.0019525 , ...,  0.6039031 ,
          0.07606227,  0.77043369],
        [-0.00467623, -0.0019525 ,  0.        , ...,  0.60234569,
          0.07800896,  0.76918747],
        ...,
        [-0.60607184, -0.6039031 , -0.60234569, ...,  0.        ,
          0.66277965,  0.22907975],
        [-0.07334613, -0.07606227, -0.07800896, ..., -0.66277965,
          0.        , -0.81669303],
        [-0.77216728, -0.77043369, -0.76918747, ..., -0.22907975,
          0.81669303,  0.        ]],

       [[ 0.        ,  0.04174365,  0.01816919, ..., -0.63744713,
         -0.04354089,  0.9176497 ],
        [-0.04174365,  0.        , -0.02358341, ..., -0.66905474,
         -0.085207  ,  0.90026131],
        [-0.01816919,  0.02358341,  0.        , ..., -0.65134116,
         -0.06168566,  0.91027796],
        ...,
        [ 0.63744713,  0.66905474,  0.65134116, ...,  0.        ,
          0.60329461,  0.96035897],
        [ 0.04354089,  0.085207  ,  0.06168566, ..., -0.60329461,
          0.        ,  0.93408217],
        [-0.9176497 , -0.90026131, -0.91027796, ..., -0.96035897,
         -0.93408217,  0.        ]],

       ...,

       [[ 0.        , -0.07498065, -0.17407611, ...,  0.81522219,
          0.94624946,  0.99926109],
        [ 0.07498065,  0.        , -0.09975022, ...,  0.85635224,
          0.96783733,  0.99933006],
        [ 0.17407611,  0.09975022,  0.        , ...,  0.90359143,
          0.98810509,  0.99069523],
        ...,
        [-0.81522219, -0.85635224, -0.90359143, ...,  0.        ,
          0.28434519,  0.54738713],
        [-0.94624946, -0.96783733, -0.98810509, ..., -0.28434519,
          0.        ,  0.28682939],
        [-0.99926109, -0.99933006, -0.99069523, ..., -0.54738713,
         -0.28682939,  0.        ]],

       [[ 0.        , -0.0572913 , -0.11433969, ..., -0.28889031,
          0.39742641,  0.99162699],
        [ 0.0572913 ,  0.        , -0.05723633, ..., -0.23356729,
          0.44934609,  0.99739657],
        [ 0.11433969,  0.05723633,  0.        , ..., -0.17753119,
          0.49974197,  0.9998889 ],
        ...,
        [ 0.28889031,  0.23356729,  0.17753119, ...,  0.        ,
          0.64557661,  0.98665212],
        [-0.39742641, -0.44934609, -0.49974197, ..., -0.64557661,
          0.        ,  0.85862893],
        [-0.99162699, -0.99739657, -0.9998889 , ..., -0.98665212,
         -0.85862893,  0.        ]],

       [[ 0.        ,  0.20598488,  0.43588931, ..., -0.97041271,
         -0.97005682, -0.64718768],
        [-0.20598488,  0.        ,  0.24115529, ..., -0.99933788,
         -0.89922491, -0.47628025],
        [-0.43588931, -0.24115529,  0.        , ..., -0.97861816,
         -0.76718346, -0.25017728],
        ...,
        [ 0.97041271,  0.99933788,  0.97861816, ...,  0.        ,
         -0.46991435, -0.89604031],
        [ 0.97005682,  0.89922491,  0.76718346, ...,  0.46991435,
          0.        , -0.58231641],
        [ 0.64718768,  0.47628025,  0.25017728, ...,  0.89604031,
          0.58231641,  0.        ]]]), 'num': array([8.58829915e-01, 1.28726865e-01, 1.55341074e-04, 5.48537228e-04,
       5.83550242e-04, 5.15274864e-04, 4.95821283e-01, 2.21749092e-05,
       4.91466014e-04, 3.96143082e-04, 3.87963653e-04, 1.14348862e-05,
       5.23285958e-04, 2.69000206e-04])}
{'img': array([[[ 0.00000000e+00, -9.21295033e-02, -9.83404027e-02, ...,
          8.84624675e-01,  8.93123432e-01,  9.76256618e-01],
        [ 9.21295033e-02,  0.00000000e+00, -6.23922790e-03, ...,
          9.23822728e-01,  9.30765933e-01,  9.52147795e-01],
        [ 9.83404027e-02,  6.23922790e-03,  0.00000000e+00, ...,
          9.26193251e-01,  9.33028976e-01,  9.50222317e-01],
        ...,
        [-8.84624675e-01, -9.23822728e-01, -9.26193251e-01, ...,
          0.00000000e+00,  1.85523035e-02,  6.46857049e-01],
        [-8.93123432e-01, -9.30765933e-01, -9.33028976e-01, ...,
         -1.85523035e-02,  0.00000000e+00,  6.32597523e-01],
        [-9.76256618e-01, -9.52147795e-01, -9.50222317e-01, ...,
         -6.46857049e-01, -6.32597523e-01,  0.00000000e+00]],

       [[ 0.00000000e+00,  1.95249973e-03, -3.04837893e-04, ...,
          7.60622656e-02,  7.70433693e-01,  5.91185336e-01],
        [-1.95249973e-03,  0.00000000e+00, -2.25733695e-03, ...,
          7.80089641e-02,  7.69187466e-01,  5.89609448e-01],
        [ 3.04837893e-04,  2.25733695e-03,  0.00000000e+00, ...,
          7.57583072e-02,  7.70627997e-01,  5.91431171e-01],
        ...,
        [-7.60622656e-02, -7.80089641e-02, -7.57583072e-02, ...,
          0.00000000e+00, -8.16693026e-01, -6.50819649e-01],
        [-7.70433693e-01, -7.69187466e-01, -7.70627997e-01, ...,
          8.16693026e-01,  0.00000000e+00, -2.44489752e-01],
        [-5.91185336e-01, -5.89609448e-01, -5.91431171e-01, ...,
          6.50819649e-01,  2.44489752e-01,  0.00000000e+00]],

       [[ 0.00000000e+00, -1.57533452e-02, -5.07095375e-02, ...,
         -5.76923077e-02,  4.22180650e-01,  9.98334412e-01],
        [ 1.57533452e-02,  0.00000000e+00, -3.49701673e-02, ...,
         -4.19580420e-02,  4.36408853e-01,  9.99119374e-01],
        [ 5.07095375e-02,  3.49701673e-02,  0.00000000e+00, ...,
         -6.99300699e-03,  4.67606281e-01,  9.99975549e-01],
        ...,
        [ 5.76923077e-02,  4.19580420e-02,  6.99300699e-03, ...,
          0.00000000e+00,  4.73776224e-01,  1.00000000e+00],
        [-4.22180650e-01, -4.36408853e-01, -4.67606281e-01, ...,
         -4.73776224e-01,  0.00000000e+00,  8.80645269e-01],
        [-9.98334412e-01, -9.99119374e-01, -9.99975549e-01, ...,
         -1.00000000e+00, -8.80645269e-01,  0.00000000e+00]],

       ...,

       [[ 0.00000000e+00, -9.43654687e-02, -3.30351758e-01, ...,
          8.87784222e-01,  9.20791478e-01,  9.95525658e-01],
        [ 9.43654687e-02,  0.00000000e+00, -2.39810012e-01, ...,
          9.27255235e-01,  9.53490300e-01,  9.82166502e-01],
        [ 3.30351758e-01,  2.39810012e-01,  0.00000000e+00, ...,
          9.89989809e-01,  9.97951720e-01,  9.08419277e-01],
        ...,
        [-8.87784222e-01, -9.27255235e-01, -9.89989809e-01, ...,
          0.00000000e+00,  7.75185463e-02,  5.42088700e-01],
        [-9.20791478e-01, -9.53490300e-01, -9.97951720e-01, ...,
         -7.75185463e-02,  0.00000000e+00,  4.75317023e-01],
        [-9.95525658e-01, -9.82166502e-01, -9.08419277e-01, ...,
         -5.42088700e-01, -4.75317023e-01,  0.00000000e+00]],

       [[ 0.00000000e+00, -4.64751828e-02, -4.72954975e-02, ...,
          3.47822507e-01,  7.09462389e-01,  9.90084780e-01],
        [ 4.64751828e-02,  0.00000000e+00, -8.21217714e-04, ...,
          3.91019957e-01,  7.41448849e-01,  9.82486518e-01],
        [ 4.72954975e-02,  8.21217714e-04,  0.00000000e+00, ...,
          3.91775659e-01,  7.41999644e-01,  9.82333167e-01],
        ...,
        [-3.47822507e-01, -3.91019957e-01, -3.91775659e-01, ...,
          0.00000000e+00,  4.20038260e-01,  9.77123291e-01],
        [-7.09462389e-01, -7.41448849e-01, -7.41999644e-01, ...,
         -4.20038260e-01,  0.00000000e+00,  7.97414575e-01],
        [-9.90084780e-01, -9.82486518e-01, -9.82333167e-01, ...,
         -9.77123291e-01, -7.97414575e-01,  0.00000000e+00]],

       [[ 0.00000000e+00,  2.31662647e-01,  2.52384559e-01, ...,
         -9.65249438e-01, -8.60067740e-01, -4.58939767e-01],
        [-2.31662647e-01,  0.00000000e+00,  2.13557009e-02, ...,
         -8.78450504e-01, -7.18481002e-01, -2.40630149e-01],
        [-2.52384559e-01, -2.13557009e-02,  0.00000000e+00, ...,
         -8.68045700e-01, -7.03463261e-01, -2.19847067e-01],
        ...,
        [ 9.65249438e-01,  8.78450504e-01,  8.68045700e-01, ...,
          0.00000000e+00, -2.67689062e-01, -7.37657779e-01],
        [ 8.60067740e-01,  7.18481002e-01,  7.03463261e-01, ...,
          2.67689062e-01,  0.00000000e+00, -5.30000312e-01],
        [ 4.58939767e-01,  2.40630149e-01,  2.19847067e-01, ...,
          7.37657779e-01,  5.30000312e-01,  0.00000000e+00]]]), 'num': array([7.97699753e-01, 5.88238111e-01, 4.26602122e-05, 2.72736513e-04,
       2.72736513e-04, 2.66070855e-04, 1.32855510e-01, 1.16649018e-05,
       2.52961727e-04, 1.93401294e-04, 1.85791334e-04, 5.52570879e-06,
       2.63766025e-04, 1.23036563e-04])}
{'img': array([[[ 0.00000000e+00, -5.71835242e-03,  7.31414596e-02, ...,
          8.46122970e-01,  9.59338515e-01,  9.23919987e-01],
        [ 5.71835242e-03,  0.00000000e+00,  7.88433000e-02, ...,
          8.49156947e-01,  9.60936881e-01,  9.21717121e-01],
        [-7.31414596e-02, -7.88433000e-02,  0.00000000e+00, ...,
          8.04873193e-01,  9.36124234e-01,  9.49428218e-01],
        ...,
        [-8.46122970e-01, -8.49156947e-01, -8.04873193e-01, ...,
          0.00000000e+00,  2.72490629e-01,  8.16152609e-01],
        [-9.59338515e-01, -9.60936881e-01, -9.36124234e-01, ...,
         -2.72490629e-01,  0.00000000e+00,  6.27813111e-01],
        [-9.23919987e-01, -9.21717121e-01, -9.49428218e-01, ...,
         -8.16152609e-01, -6.27813111e-01,  0.00000000e+00]],

       [[ 0.00000000e+00, -2.25733695e-03,  4.97024180e-02, ...,
          7.69187466e-01,  5.89609448e-01,  4.32678012e-01],
        [ 2.25733695e-03,  0.00000000e+00,  5.19568384e-02, ...,
          7.70627997e-01,  5.91431171e-01,  4.34712008e-01],
        [-4.97024180e-02, -5.19568384e-02,  0.00000000e+00, ...,
          7.36475807e-01,  5.48736662e-01,  3.87334111e-01],
        ...,
        [-7.69187466e-01, -7.70627997e-01, -7.36475807e-01, ...,
          0.00000000e+00, -2.44489752e-01, -4.16968539e-01],
        [-5.89609448e-01, -5.91431171e-01, -5.48736662e-01, ...,
          2.44489752e-01,  0.00000000e+00, -1.82092476e-01],
        [-4.32678012e-01, -4.34712008e-01, -3.87334111e-01, ...,
          4.16968539e-01,  1.82092476e-01,  0.00000000e+00]],

       [[ 0.00000000e+00, -2.75219748e-02, -3.58087051e-02, ...,
          3.27768042e-01,  6.95105620e-01,  9.80123967e-01],
        [ 2.75219748e-02,  0.00000000e+00, -8.29081677e-03, ...,
          3.53645495e-01,  7.14628070e-01,  9.74292720e-01],
        [ 3.58087051e-02,  8.29081677e-03,  0.00000000e+00, ...,
          3.61388401e-01,  7.20402974e-01,  9.72391430e-01],
        ...,
        [-3.27768042e-01, -3.53645495e-01, -3.61388401e-01, ...,
          0.00000000e+00,  4.21071808e-01,  9.91004777e-01],
        [-6.95105620e-01, -7.14628070e-01, -7.20402974e-01, ...,
         -4.21071808e-01,  0.00000000e+00,  8.42517828e-01],
        [-9.80123967e-01, -9.74292720e-01, -9.72391430e-01, ...,
         -9.91004777e-01, -8.42517828e-01,  0.00000000e+00]],

       ...,

       [[ 0.00000000e+00, -2.36267490e-01,  1.18683061e-01, ...,
          9.34908814e-01,  9.97120418e-01,  9.78976493e-01],
        [ 2.36267490e-01,  0.00000000e+00,  3.49920508e-01, ...,
          9.92288228e-01,  9.86807225e-01,  9.03067549e-01],
        [-1.18683061e-01, -3.49920508e-01,  0.00000000e+00, ...,
          8.86181857e-01,  9.81072689e-01,  9.96265424e-01],
        ...,
        [-9.34908814e-01, -9.92288228e-01, -8.86181857e-01, ...,
          0.00000000e+00,  2.82967755e-01,  5.38123286e-01],
        [-9.97120418e-01, -9.86807225e-01, -9.81072689e-01, ...,
         -2.82967755e-01,  0.00000000e+00,  2.77625938e-01],
        [-9.78976493e-01, -9.03067549e-01, -9.96265424e-01, ...,
         -5.38123286e-01, -2.77625938e-01,  0.00000000e+00]],

       [[ 0.00000000e+00, -7.07290324e-04, -2.09114091e-03, ...,
          6.18516800e-01,  8.67088223e-01,  9.45498775e-01],
        [ 7.07290324e-04,  0.00000000e+00, -1.38385161e-03, ...,
          6.19072414e-01,  8.67440346e-01,  9.45268227e-01],
        [ 2.09114091e-03,  1.38385161e-03,  0.00000000e+00, ...,
          6.20158607e-01,  8.68128038e-01,  9.44815779e-01],
        ...,
        [-6.18516800e-01, -6.19072414e-01, -6.20158607e-01, ...,
          0.00000000e+00,  3.73216284e-01,  9.44350999e-01],
        [-8.67088223e-01, -8.67440346e-01, -8.68128038e-01, ...,
         -3.73216284e-01,  0.00000000e+00,  7.53350741e-01],
        [-9.45498775e-01, -9.45268227e-01, -9.44815779e-01, ...,
         -9.44350999e-01, -7.53350741e-01,  0.00000000e+00]],

       [[ 0.00000000e+00,  2.06047726e-02,  2.32393720e-01, ...,
         -8.40815196e-01, -6.91165512e-01, -2.32393720e-01],
        [-2.06047726e-02,  0.00000000e+00,  2.12303732e-01, ...,
         -8.29482867e-01, -6.76127780e-01, -2.12303732e-01],
        [-2.32393720e-01, -2.12303732e-01,  0.00000000e+00, ...,
         -6.91995288e-01, -5.04292513e-01, -0.00000000e+00],
        ...,
        [ 8.40815196e-01,  8.29482867e-01,  6.91995288e-01, ...,
          0.00000000e+00, -2.33510913e-01, -6.91995288e-01],
        [ 6.91165512e-01,  6.76127780e-01,  5.04292513e-01, ...,
          2.33510913e-01,  0.00000000e+00, -5.04292513e-01],
        [ 2.32393720e-01,  2.12303732e-01,  0.00000000e+00, ...,
          6.91995288e-01,  5.04292513e-01,  0.00000000e+00]]]), 'num': array([ 8.55210980e-01,  5.04609573e-01,  7.22145021e-05,  2.90473411e-04,
        3.03336807e-04,  2.82994693e-04,  1.18249004e-01, -3.29063597e-06,
        2.80900652e-04,  2.13263126e-04,  2.01366978e-04,  5.77721082e-06,
        2.96565577e-04,  1.29960674e-04])}
{'img': array([[[ 0.        ,  0.0788433 , -0.09344497, ...,  0.96093688,
          0.92171712,  0.99843719],
        [-0.0788433 ,  0.        , -0.1716524 , ...,  0.93612423,
          0.94942822,  0.99973527],
        [ 0.09344497,  0.1716524 ,  0.        , ...,  0.98259479,
          0.88144027,  0.98884627],
        ...,
        [-0.96093688, -0.93612423, -0.98259479, ...,  0.        ,
          0.62781311,  0.33003738],
        [-0.92171712, -0.94942822, -0.88144027, ..., -0.62781311,
          0.        , -0.33574615],
        [-0.99843719, -0.99973527, -0.98884627, ..., -0.33003738,
          0.33574615,  0.        ]],

       [[ 0.        ,  0.05195684,  0.04370942, ...,  0.59143117,
          0.43471201,  0.38980322],
        [-0.05195684,  0.        , -0.0082568 , ...,  0.54873666,
          0.38733411,  0.34142976],
        [-0.04370942,  0.0082568 ,  0.        , ...,  0.5556206 ,
          0.39493318,  0.34917875],
        ...,
        [-0.59143117, -0.54873666, -0.5556206 , ...,  0.        ,
         -0.18209248, -0.23032793],
        [-0.43471201, -0.38733411, -0.39493318, ...,  0.18209248,
          0.        , -0.0492806 ],
        [-0.38980322, -0.34142976, -0.34917875, ...,  0.23032793,
          0.0492806 ,  0.        ]],

       [[ 0.        , -0.00771693, -0.04267155, ...,  0.65496807,
          0.95512445,  0.95630121],
        [ 0.00771693,  0.        , -0.03496038, ...,  0.66077992,
          0.9573818 ,  0.95401644],
        [ 0.04267155,  0.03496038,  0.        , ...,  0.68661653,
          0.96689399,  0.94295372],
        ...,
        [-0.65496807, -0.66077992, -0.68661653, ...,  0.        ,
          0.52774135,  0.914137  ],
        [-0.95512445, -0.9573818 , -0.96689399, ..., -0.52774135,
          0.        ,  0.56252346],
        [-0.95630121, -0.95401644, -0.94295372, ..., -0.914137  ,
         -0.56252346,  0.        ]],

       ...,

       [[ 0.        ,  0.34992051, -0.21296676, ...,  0.98680723,
          0.90306755,  0.99872445],
        [-0.34992051,  0.        , -0.54139601, ...,  0.98107269,
          0.99626542,  0.95325278],
        [ 0.21296676,  0.54139601,  0.        , ...,  0.92969007,
          0.79088176,  0.96505997],
        ...,
        [-0.98680723, -0.98107269, -0.92969007, ...,  0.        ,
          0.27762594, -0.11186698],
        [-0.90306755, -0.99626542, -0.79088176, ..., -0.27762594,
          0.        , -0.38335273],
        [-0.99872445, -0.95325278, -0.96505997, ...,  0.11186698,
          0.38335273,  0.        ]],

       [[ 0.        , -0.00126174,  0.00183559, ...,  0.78168563,
          0.95965326,  0.91376662],
        [ 0.00126174,  0.        ,  0.00309732, ...,  0.78247192,
          0.96000727,  0.91325333],
        [-0.00183559, -0.00309732,  0.        , ...,  0.78053951,
          0.9591355 ,  0.91451077],
        ...,
        [-0.78168563, -0.78247192, -0.78053951, ...,  0.        ,
          0.37871035,  0.88744286],
        [-0.95965326, -0.96000727, -0.9591355 , ..., -0.37871035,
          0.        ,  0.64678757],
        [-0.91376662, -0.91325333, -0.91451077, ..., -0.88744286,
         -0.64678757,  0.        ]],

       [[ 0.        ,  0.20897247,  0.10203147, ..., -0.74856114,
         -0.53736339, -0.20897247],
        [-0.20897247,  0.        , -0.10810311, ..., -0.59347156,
         -0.34926213, -0.        ],
        [-0.10203147,  0.10810311,  0.        , ..., -0.67700096,
         -0.44851067, -0.10810311],
        ...,
        [ 0.74856114,  0.59347156,  0.67700096, ...,  0.        ,
         -0.27499237, -0.59347156],
        [ 0.53736339,  0.34926213,  0.44851067, ...,  0.27499237,
          0.        , -0.34926213],
        [ 0.20897247,  0.        ,  0.10810311, ...,  0.59347156,
          0.34926213,  0.        ]]]), 'num': array([4.43515030e-01, 1.89933513e-01, 4.76656987e-05, 1.56822212e-04,
       1.78341050e-04, 1.39430275e-04, 8.75910687e-01, 1.37072046e-05,
       1.43232919e-04, 1.08250069e-04, 1.00060137e-04, 2.86642455e-06,
       1.54639686e-04, 6.18604523e-05])}
{'img': array([[[ 0.        , -0.15011212, -0.18690526, ...,  0.91325476,
          0.88677881,  0.89994246],
        [ 0.15011212,  0.        , -0.0373206 , ...,  0.96406067,
          0.94611163,  0.82429501],
        [ 0.18690526,  0.0373206 ,  0.        , ...,  0.97330447,
          0.95753844,  0.80259131],
        ...,
        [-0.91325476, -0.96406067, -0.97330447, ...,  0.        ,
         -0.06083705,  0.7648136 ],
        [-0.88677881, -0.94611163, -0.95753844, ...,  0.06083705,
          0.        ,  0.80259131],
        [-0.89994246, -0.82429501, -0.80259131, ..., -0.7648136 ,
         -0.80259131,  0.        ]],

       [[ 0.        , -0.0082568 , -0.02916564, ...,  0.38733411,
          0.34142976,  0.80403459],
        [ 0.0082568 ,  0.        , -0.02091136, ...,  0.39493318,
          0.34917875,  0.79909784],
        [ 0.02916564,  0.02091136,  0.        , ...,  0.41405829,
          0.36869751,  0.78635117],
        ...,
        [-0.38733411, -0.39493318, -0.41405829, ...,  0.        ,
         -0.0492806 ,  0.97157328],
        [-0.34142976, -0.34917875, -0.36869751, ...,  0.0492806 ,
          0.        ,  0.95872615],
        [-0.80403459, -0.79909784, -0.78635117, ..., -0.97157328,
         -0.95872615,  0.        ]],

       [[ 0.        , -0.03255831, -0.08034353, ...,  0.8878588 ,
          0.97079282,  0.93146174],
        [ 0.03255831,  0.        , -0.04784787, ...,  0.90236869,
          0.97808951,  0.91912192],
        [ 0.08034353,  0.04784787,  0.        , ...,  0.9219559 ,
          0.98693044,  0.89921841],
        ...,
        [-0.8878588 , -0.90236869, -0.9219559 , ...,  0.        ,
          0.23366283,  0.75161838],
        [-0.97079282, -0.97808951, -0.98693044, ..., -0.23366283,
          0.        ,  0.57668827],
        [-0.93146174, -0.91912192, -0.89921841, ..., -0.75161838,
         -0.57668827,  0.        ]],

       ...,

       [[ 0.        , -0.54139601, -0.59355517, ...,  0.99626542,
          0.95325278,  0.96699781],
        [ 0.54139601,  0.        , -0.06333014, ...,  0.79088176,
          0.96505997,  0.95095996],
        [ 0.59355517,  0.06333014,  0.        , ...,  0.75053809,
          0.9465284 ,  0.92946213],
        ...,
        [-0.99626542, -0.79088176, -0.75053809, ...,  0.        ,
         -0.38335273, -0.33732719],
        [-0.95325278, -0.96505997, -0.9465284 , ...,  0.38335273,
          0.        ,  0.04932739],
        [-0.96699781, -0.95095996, -0.92946213, ...,  0.33732719,
         -0.04932739,  0.        ]],

       [[ 0.        ,  0.0027879 ,  0.01412564, ...,  0.86872032,
          0.96700631,  0.87105068],
        [-0.0027879 ,  0.        ,  0.01133796, ...,  0.86733609,
          0.96629233,  0.87241669],
        [-0.01412564, -0.01133796,  0.        , ...,  0.86163718,
          0.96331129,  0.87790219],
        ...,
        [-0.86872032, -0.86733609, -0.86163718, ...,  0.        ,
          0.25765248,  0.85814344],
        [-0.96700631, -0.96629233, -0.96331129, ..., -0.25765248,
          0.        ,  0.69688914],
        [-0.87105068, -0.87241669, -0.87790219, ..., -0.85814344,
         -0.69688914,  0.        ]],

       [[ 0.        , -0.10529793, -0.23532773, ..., -0.54640095,
         -0.44149488, -0.        ],
        [ 0.10529793,  0.        , -0.13167873, ..., -0.63155287,
         -0.5335205 , -0.10529793],
        [ 0.23532773,  0.13167873,  0.        , ..., -0.72814843,
         -0.64024702, -0.23532773],
        ...,
        [ 0.54640095,  0.63155287,  0.72814843, ...,  0.        ,
         -0.12050333, -0.54640095],
        [ 0.44149488,  0.5335205 ,  0.64024702, ...,  0.12050333,
          0.        , -0.44149488],
        [ 0.        ,  0.10529793,  0.23532773, ...,  0.54640095,
          0.44149488,  0.        ]]]), 'num': array([9.14801477e-01, 2.25248004e-01, 1.26291845e-04, 3.25568212e-04,
       3.41071460e-04, 3.13046357e-04, 3.35262512e-01, 8.34790286e-06,
       3.01061154e-04, 2.25900214e-04, 2.04185729e-04, 5.81910612e-06,
       3.29247402e-04, 1.22553026e-04])}
{'img': array([[[ 0.        , -0.0359654 ,  0.00506082, ...,  0.91752551,
          0.98891537,  0.80667006],
        [ 0.0359654 ,  0.        ,  0.04102249, ...,  0.93123451,
          0.98293542,  0.78489254],
        [-0.00506082, -0.04102249,  0.        , ...,  0.91550119,
          0.98965413,  0.80965068],
        ...,
        [-0.91752551, -0.93123451, -0.91550119, ...,  0.        ,
          0.52950328,  0.86305353],
        [-0.98891537, -0.98293542, -0.98965413, ..., -0.52950328,
          0.        ,  0.4646764 ],
        [-0.80667006, -0.78489254, -0.80965068, ..., -0.86305353,
         -0.4646764 ,  0.        ]],

       [[ 0.        , -0.02091136, -0.04263986, ...,  0.34917875,
          0.79909784,  0.64593264],
        [ 0.02091136,  0.        , -0.0217382 , ...,  0.36869751,
          0.78635117,  0.661755  ],
        [ 0.04263986,  0.0217382 ,  0.        , ...,  0.38881712,
          0.77273594,  0.6778962 ],
        ...,
        [-0.34917875, -0.36869751, -0.38881712, ...,  0.        ,
          0.95872615,  0.33871403],
        [-0.79909784, -0.78635117, -0.77273594, ..., -0.95872615,
          0.        , -0.99836217],
        [-0.64593264, -0.661755  , -0.6778962 , ..., -0.33871403,
          0.99836217,  0.        ]],

       [[ 0.        , -0.04462475, -0.06323463, ...,  0.91965907,
          0.98714789,  0.89198316],
        [ 0.04462475,  0.        , -0.01863619, ...,  0.93626786,
          0.99329596,  0.87092114],
        [ 0.06323463,  0.01863619,  0.        , ...,  0.94265191,
          0.99527778,  0.86161164],
        ...,
        [-0.91965907, -0.93626786, -0.94265191, ...,  0.        ,
          0.24070026,  0.76604658],
        [-0.98714789, -0.99329596, -0.99527778, ..., -0.24070026,
          0.        ,  0.58880589],
        [-0.89198316, -0.87092114, -0.86161164, ..., -0.76604658,
         -0.58880589,  0.        ]],

       ...,

       [[ 0.        , -0.06333014, -0.01100948, ...,  0.96505997,
          0.95095996,  0.94181551],
        [ 0.06333014,  0.        ,  0.05233892, ...,  0.9465284 ,
          0.92946213,  0.91863777],
        [ 0.01100948, -0.05233892,  0.        , ...,  0.96211668,
          0.94749694,  0.93805781],
        ...,
        [-0.96505997, -0.9465284 , -0.96211668, ...,  0.        ,
          0.04932739,  0.07760277],
        [-0.95095996, -0.92946213, -0.94749694, ..., -0.04932739,
          0.        ,  0.02832967],
        [-0.94181551, -0.91863777, -0.93805781, ..., -0.07760277,
         -0.02832967,  0.        ]],

       [[ 0.        ,  0.01042962,  0.01499498, ...,  0.90036132,
          0.99255457,  0.83548368],
        [-0.01042962,  0.        ,  0.00456572, ...,  0.89577397,
          0.99123025,  0.84116948],
        [-0.01499498, -0.00456572,  0.        , ...,  0.89373513,
          0.99061658,  0.84362972],
        ...,
        [-0.90036132, -0.89577397, -0.89373513, ...,  0.        ,
          0.32223855,  0.85831721],
        [-0.99255457, -0.99123025, -0.99061658, ..., -0.32223855,
          0.        ,  0.64718642],
        [-0.83548368, -0.84116948, -0.84362972, ..., -0.85831721,
         -0.64718642,  0.        ]],

       [[ 0.        , -0.20824933, -0.27602028, ..., -0.54060086,
         -0.33763558, -0.        ],
        [ 0.20824933,  0.        , -0.06980953, ..., -0.70394443,
         -0.52625347, -0.20824933],
        [ 0.27602028,  0.06980953,  0.        , ..., -0.75180962,
         -0.58433057, -0.27602028],
        ...,
        [ 0.54060086,  0.70394443,  0.75180962, ...,  0.        ,
         -0.22480931, -0.54060086],
        [ 0.33763558,  0.52625347,  0.58433057, ...,  0.22480931,
          0.        , -0.33763558],
        [ 0.        ,  0.20824933,  0.27602028, ...,  0.54060086,
          0.33763558,  0.        ]]]), 'num': array([ 8.61367766e-01,  1.64382111e-01,  1.28358316e-04,  3.06232713e-04,
        3.17512003e-04,  2.85929992e-04,  4.80649050e-01, -1.69189344e-06,
        2.92979548e-04,  2.20199932e-04,  1.94920224e-04,  5.43702284e-06,
        3.24143940e-04,  1.16255923e-04])}
{'img': array([[[ 0.        ,  0.04102249, -0.03701721, ...,  0.98293542,
          0.78489254,  0.90205956],
        [-0.04102249,  0.        , -0.07798043, ...,  0.98965413,
          0.80965068,  0.91900601],
        [ 0.03701721,  0.07798043,  0.        , ...,  0.97545239,
          0.76141755,  0.88546426],
        ...,
        [-0.98293542, -0.98965413, -0.97545239, ...,  0.        ,
          0.4646764 ,  0.25831157],
        [-0.78489254, -0.80965068, -0.76141755, ..., -0.4646764 ,
          0.        , -0.22017618],
        [-0.90205956, -0.91900601, -0.88546426, ..., -0.25831157,
          0.22017618,  0.        ]],

       [[ 0.        , -0.0217382 , -0.01782195, ...,  0.78635117,
          0.661755  ,  0.80187946],
        [ 0.0217382 ,  0.        ,  0.00391701, ...,  0.77273594,
          0.6778962 ,  0.81467824],
        [ 0.01782195, -0.00391701,  0.        , ...,  0.77521624,
          0.67501138,  0.81240047],
        ...,
        [-0.78635117, -0.77273594, -0.77521624, ...,  0.        ,
         -0.99836217, -0.96521859],
        [-0.661755  , -0.6778962 , -0.67501138, ...,  0.99836217,
          0.        ,  0.20579595],
        [-0.80187946, -0.81467824, -0.81240047, ...,  0.96521859,
         -0.20579595,  0.        ]],

       [[ 0.        , -0.01778315, -0.05167205, ...,  0.96561078,
          0.9997069 ,  0.85028918],
        [ 0.01778315,  0.        , -0.03390448, ...,  0.97008156,
          0.99911829,  0.84079517],
        [ 0.05167205,  0.03390448,  0.        , ...,  0.97775515,
          0.99712043,  0.82195747],
        ...,
        [-0.96561078, -0.97008156, -0.97775515, ...,  0.        ,
          0.28329299,  0.72928455],
        [-0.9997069 , -0.99911829, -0.99712043, ..., -0.28329299,
          0.        ,  0.5055762 ],
        [-0.85028918, -0.84079517, -0.82195747, ..., -0.72928455,
         -0.5055762 ,  0.        ]],

       ...,

       [[ 0.        ,  0.05233892, -0.02566761, ...,  0.92946213,
          0.91863777,  0.94982268],
        [-0.05233892,  0.        , -0.0779541 , ...,  0.94749694,
          0.93805781,  0.96489187],
        [ 0.02566761,  0.0779541 ,  0.        , ...,  0.91968667,
          0.90819381,  0.9414812 ],
        ...,
        [-0.92946213, -0.94749694, -0.91968667, ...,  0.        ,
          0.02832967, -0.05968084],
        [-0.91863777, -0.93805781, -0.90819381, ..., -0.02832967,
          0.        , -0.08793605],
        [-0.94982268, -0.96489187, -0.9414812 , ...,  0.05968084,
          0.08793605,  0.        ]],

       [[ 0.        ,  0.00430169,  0.01810182, ...,  0.95557144,
          0.99987665,  0.81353798],
        [-0.00430169,  0.        ,  0.01380067, ...,  0.95429464,
          0.99993496,  0.81603194],
        [-0.01810182, -0.01380067,  0.        , ...,  0.95007919,
          0.99999713,  0.82393111],
        ...,
        [-0.95557144, -0.95429464, -0.95007919, ...,  0.        ,
          0.30973186,  0.79547417],
        [-0.99987665, -0.99993496, -0.99999713, ..., -0.30973186,
          0.        ,  0.56866225],
        [-0.81353798, -0.81603194, -0.82393111, ..., -0.79547417,
         -0.56866225,  0.        ]],

       [[ 0.        , -0.18420173, -0.32030271, ..., -0.33944462,
         -0.        , -0.12923555],
        [ 0.18420173,  0.        , -0.14032473, ..., -0.50690114,
         -0.18420173, -0.30968113],
        [ 0.32030271,  0.14032473,  0.        , ..., -0.62284613,
         -0.32030271, -0.44004343],
        ...,
        [ 0.33944462,  0.50690114,  0.62284613, ...,  0.        ,
         -0.33944462, -0.21503568],
        [ 0.        ,  0.18420173,  0.32030271, ...,  0.33944462,
          0.        ,  0.12923555],
        [ 0.12923555,  0.30968113,  0.44004343, ...,  0.21503568,
         -0.12923555,  0.        ]]]), 'num': array([9.42097515e-01, 1.02073892e-01, 1.54132775e-04, 3.35071250e-04,
       3.54130348e-04, 3.25849105e-04, 3.19425205e-01, 1.22961926e-06,
       3.26033548e-04, 2.47460877e-04, 2.14512204e-04, 5.92852145e-06,
       3.65195878e-04, 1.29725876e-04])}
{'img': array([[[ 0.        , -0.07798043, -0.34855029, ...,  0.80965068,
          0.91900601,  0.87794361],
        [ 0.07798043,  0.        , -0.27439864, ...,  0.76141755,
          0.88546426,  0.83793595],
        [ 0.34855029,  0.27439864,  0.        , ...,  0.55430918,
          0.72396152,  0.65601449],
        ...,
        [-0.80965068, -0.76141755, -0.55430918, ...,  0.        ,
         -0.22017618, -0.12764406],
        [-0.91900601, -0.88546426, -0.72396152, ...,  0.22017618,
          0.        ,  0.09386345],
        [-0.87794361, -0.83793595, -0.65601449, ...,  0.12764406,
         -0.09386345,  0.        ]],

       [[ 0.        ,  0.00391701,  0.06993035, ...,  0.6778962 ,
          0.81467824,  0.65268628],
        [-0.00391701,  0.        ,  0.06602239, ...,  0.67501138,
          0.81240047,  0.64971364],
        [-0.06993035, -0.06602239,  0.        , ...,  0.6248268 ,
          0.77213028,  0.59810722],
        ...,
        [-0.6778962 , -0.67501138, -0.6248268 , ...,  0.        ,
          0.20579595, -0.03376603],
        [-0.81467824, -0.81240047, -0.77213028, ..., -0.20579595,
          0.        , -0.23872186],
        [-0.65268628, -0.64971364, -0.59810722, ...,  0.03376603,
          0.23872186,  0.        ]],

       [[ 0.        , -0.03284998, -0.13509815, ...,  0.99604944,
          0.98794061,  0.82611179],
        [ 0.03284998,  0.        , -0.10247641, ...,  0.99842896,
          0.98232114,  0.80715476],
        [ 0.13509815,  0.10247641,  0.        , ...,  0.99891465,
          0.95796569,  0.74240953],
        ...,
        [-0.99604944, -0.99842896, -0.99891465, ...,  0.        ,
          0.24195119,  0.63463918],
        [-0.98794061, -0.98232114, -0.95796569, ..., -0.24195119,
          0.        ,  0.4288011 ],
        [-0.82611179, -0.80715476, -0.74240953, ..., -0.63463918,
         -0.4288011 ,  0.        ]],

       ...,

       [[ 0.        , -0.0779541 , -0.46455683, ...,  0.93805781,
          0.96489187,  0.96451584],
        [ 0.0779541 ,  0.        , -0.39411143, ...,  0.90819381,
          0.9414812 ,  0.94099893],
        [ 0.46455683,  0.39411143,  0.        , ...,  0.66973173,
          0.73243886,  0.73146592],
        ...,
        [-0.93805781, -0.90819381, -0.66973173, ...,  0.        ,
         -0.08793605, -0.08651355],
        [-0.96489187, -0.9414812 , -0.73243886, ...,  0.08793605,
          0.        ,  0.00142795],
        [-0.96451584, -0.94099893, -0.73146592, ...,  0.08651355,
         -0.00142795,  0.        ]],

       [[ 0.        ,  0.01318181,  0.06594981, ...,  0.9887832 ,
          0.99320996,  0.79420399],
        [-0.01318181,  0.        ,  0.05279096, ...,  0.98672849,
          0.99465718,  0.80214493],
        [-0.06594981, -0.05279096,  0.        , ...,  0.97678044,
          0.99871999,  0.83254944],
        ...,
        [-0.9887832 , -0.98672849, -0.97678044, ...,  0.        ,
          0.26337448,  0.71945597],
        [-0.99320996, -0.99465718, -0.99871999, ..., -0.26337448,
          0.        ,  0.51113103],
        [-0.79420399, -0.80214493, -0.83254944, ..., -0.71945597,
         -0.51113103,  0.        ]],

       [[ 0.        , -0.26546752, -0.56749522, ..., -0.        ,
         -0.12978962, -0.38186433],
        [ 0.26546752,  0.        , -0.32855361, ..., -0.26546752,
         -0.38835482, -0.61351292],
        [ 0.56749522,  0.32855361,  0.        , ..., -0.56749522,
         -0.66956084, -0.8389077 ],
        ...,
        [ 0.        ,  0.26546752,  0.56749522, ...,  0.        ,
          0.12978962,  0.38186433],
        [ 0.12978962,  0.38835482,  0.66956084, ..., -0.12978962,
          0.        ,  0.25868039],
        [ 0.38186433,  0.61351292,  0.8389077 , ..., -0.38186433,
         -0.25868039,  0.        ]]]), 'num': array([8.90637623e-01, 7.93079310e-02, 1.44880302e-04, 3.17545868e-04,
       3.36258392e-04, 3.11875406e-04, 4.47743473e-01, 8.50569288e-06,
       3.09153584e-04, 2.35565164e-04, 1.99812902e-04, 5.47567506e-06,
       3.47439265e-04, 1.23691064e-04])}
{'img': array([[[ 0.        , -0.26602013, -0.3781963 , ...,  0.97763134,
          0.97037181,  0.74477881],
        [ 0.26602013,  0.        , -0.11830734, ...,  0.8864539 ,
          0.871132  ,  0.54042429],
        [ 0.3781963 ,  0.11830734,  0.        , ...,  0.82547372,
          0.80691937,  0.43708598],
        ...,
        [-0.97763134, -0.8864539 , -0.82547372, ...,  0.        ,
          0.03211762,  0.4957383 ],
        [-0.97037181, -0.871132  , -0.80691937, ..., -0.03211762,
          0.        ,  0.4675893 ],
        [-0.74477881, -0.54042429, -0.43708598, ..., -0.4957383 ,
         -0.4675893 ,  0.        ]],

       [[ 0.        ,  0.06602239,  0.03914985, ...,  0.81240047,
          0.64971364,  0.78705817],
        [-0.06602239,  0.        , -0.02690735, ...,  0.77213028,
          0.59810722,  0.74461311],
        [-0.03914985,  0.02690735,  0.        , ...,  0.78894937,
          0.61945465,  0.76230406],
        ...,
        [-0.81240047, -0.77213028, -0.78894937, ...,  0.        ,
         -0.23872186, -0.04221908],
        [-0.64971364, -0.59810722, -0.61945465, ...,  0.23872186,
          0.        ,  0.19751057],
        [-0.78705817, -0.74461311, -0.76230406, ...,  0.04221908,
         -0.19751057,  0.        ]],

       [[ 0.        , -0.09854157, -0.18734962, ...,  0.99998564,
          0.98749396,  0.78779861],
        [ 0.09854157,  0.        , -0.08964106, ...,  0.99564675,
          0.96715201,  0.72326935],
        [ 0.18734962,  0.08964106,  0.        , ...,  0.98328324,
          0.94047174,  0.65845449],
        ...,
        [-0.99998564, -0.99564675, -0.98328324, ...,  0.        ,
          0.16294679,  0.62014606],
        [-0.98749396, -0.96715201, -0.94047174, ..., -0.16294679,
          0.        ,  0.48402818],
        [-0.78779861, -0.72326935, -0.65845449, ..., -0.62014606,
         -0.48402818,  0.        ]],

       ...,

       [[ 0.        , -0.39411143, -0.44812591, ...,  0.9414812 ,
          0.94099893,  0.93783989],
        [ 0.39411143,  0.        , -0.05953181, ...,  0.73243886,
          0.73146592,  0.72515008],
        [ 0.44812591,  0.05953181,  0.        , ...,  0.6906086 ,
          0.68957517,  0.68287089],
        ...,
        [-0.9414812 , -0.73243886, -0.6906086 , ...,  0.        ,
          0.00142795,  0.01064474],
        [-0.94099893, -0.73146592, -0.68957517, ..., -0.00142795,
          0.        ,  0.00921687],
        [-0.93783989, -0.72515008, -0.68287089, ..., -0.01064474,
         -0.00921687,  0.        ]],

       [[ 0.        ,  0.05064167,  0.09355597, ...,  0.99792175,
          0.98706543,  0.78229774],
        [-0.05064167,  0.        ,  0.04301637, ...,  0.99337808,
          0.99391768,  0.81283889],
        [-0.09355597, -0.04301637,  0.        , ...,  0.98751638,
          0.99773488,  0.83714305],
        ...,
        [-0.99792175, -0.99337808, -0.98751638, ...,  0.        ,
          0.22358874,  0.67201941],
        [-0.98706543, -0.99391768, -0.99773488, ..., -0.22358874,
          0.        ,  0.48943132],
