state_0,state_1,state_2,state_3,state_4,state_5,state_6,state_7,state_8,state_9,state_10,state_11,state_12,state_13,state_14,state_15,state_16,state_17,state_18,state_19,state_20,state_21,state_22,state_23,state_24,state_25,state_26,state_27,state_28,state_29,state_30,state_31,state_32,state_33,state_34,state_35,state_36,state_37,state_38,state_39,state_40,state_41,state_42,state_43,state_44,state_45,state_46,state_47,state_48,state_49,state_50,state_51,state_52,state_53,state_54,state_55,state_56,state_57,state_58,state_59,state_60,state_61,state_62,state_63,state_64,state_65,state_66,state_67,state_68,state_69,state_70,state_71,state_72,state_73,state_74,state_75,state_76,state_77,state_78,state_79,state_80,state_81,state_82,state_83,state_84,state_85,state_86,state_87,state_88,state_89,state_90,state_91,state_92,state_93,state_94,state_95,state_96,state_97,state_98,state_99,state_100,state_101,state_102,state_103,state_104,state_105,state_106,state_107,state_108,state_109,state_110,state_111,state_112,state_113,state_114,state_115,state_116,state_117,state_118,state_119,state_120,state_121,state_122,state_123,state_124,state_125,state_126,state_127,state_128,state_129,state_130,state_131,state_132,state_133,state_134,state_135,state_136,state_137,state_138,state_139,state_140,state_141,state_142,state_143,state_144,state_145,state_146,state_147,state_148,state_149,state_150,state_151,state_152,state_153,state_154,state_155,state_156,state_157,state_158,state_159,state_160,state_161,state_162,state_163,state_164,state_165,state_166,state_167,state_168,state_169,state_170,state_171,state_172,state_173,state_174,state_175,state_176,state_177,state_178,state_179,state_180,state_181,state_182,state_183,state_184,state_185,state_186,state_187,state_188,state_189,state_190,state_191,state_192,state_193,state_194,state_195,state_196,state_197,state_198,state_199,state_200,state_201,state_202,state_203,state_204,state_205,state_206,state_207,state_208,state_209,state_210,state_211,state_212,state_213,state_214,state_215,state_216,state_217,state_218,state_219,state_220,state_221,state_222,state_223,state_224,state_225,state_226,state_227,state_228,state_229,state_230,state_231,state_232,state_233,state_234,state_235,state_236,state_237,state_238,state_239,state_240,state_241,state_242,state_243,state_244,state_245,state_246,state_247,state_248,state_249,state_250,state_251,state_252,state_253,state_254,state_255,state_256,state_257,state_258,state_259,state_260,state_261,state_262,state_263,state_264,state_265,state_266,state_267,state_268,state_269,state_270,state_271,state_272,state_273,state_274,state_275,state_276,state_277,state_278,state_279,state_280,state_281,state_282,state_283,state_284,state_285,state_286,state_287
{'img': array([[[ 0.00000000e+00, -1.45848361e-01,  2.46621149e-01, ...,
         -9.87183923e-01, -9.90631841e-01, -9.91663558e-01],
        [ 1.45848361e-01,  0.00000000e+00,  3.85327412e-01, ...,
         -9.53352469e-01, -9.60121962e-01, -9.62266492e-01],
        [-2.46621149e-01, -3.85327412e-01,  0.00000000e+00, ...,
         -9.96049201e-01, -9.93711688e-01, -9.92811178e-01],
        ...,
        [ 9.87183923e-01,  9.53352469e-01,  9.96049201e-01, ...,
          0.00000000e+00, -2.32820773e-02, -3.10535449e-02],
        [ 9.90631841e-01,  9.60121962e-01,  9.93711688e-01, ...,
          2.32820773e-02,  0.00000000e+00, -7.77427854e-03],
        [ 9.91663558e-01,  9.62266492e-01,  9.92811178e-01, ...,
          3.10535449e-02,  7.77427854e-03,  0.00000000e+00]],

       [[ 0.00000000e+00,  1.84450941e-02, -1.18695220e-01, ...,
          4.74785502e-01,  1.12400795e-01, -1.95497169e-01],
        [-1.84450941e-02,  0.00000000e+00, -1.36989728e-01, ...,
          4.58471173e-01,  9.40534661e-02, -2.13553092e-01],
        [ 1.18695220e-01,  1.36989728e-01,  0.00000000e+00, ...,
          5.75892964e-01,  2.29549246e-01, -7.77102392e-02],
        ...,
        [-4.74785502e-01, -4.58471173e-01, -5.75892964e-01, ...,
          0.00000000e+00, -3.72852650e-01, -6.37681527e-01],
        [-1.12400795e-01, -9.40534661e-02, -2.29549246e-01, ...,
          3.72852650e-01,  0.00000000e+00, -3.04490233e-01],
        [ 1.95497169e-01,  2.13553092e-01,  7.77102392e-02, ...,
          6.37681527e-01,  3.04490233e-01,  0.00000000e+00]],

       [[ 0.00000000e+00, -3.47236000e-01, -5.64862293e-01, ...,
         -8.01108971e-01, -8.56856154e-01, -8.93587581e-01],
        [ 3.47236000e-01,  0.00000000e+00, -2.43181303e-01, ...,
         -9.59089366e-01, -9.82560109e-01, -9.93856958e-01],
        [ 5.64862293e-01,  2.43181303e-01,  0.00000000e+00, ...,
         -9.99143797e-01, -9.98282898e-01, -9.90935641e-01],
        ...,
        [ 8.01108971e-01,  9.59089366e-01,  9.99143797e-01, ...,
          0.00000000e+00,  9.98280956e-02,  1.75219800e-01],
        [ 8.56856154e-01,  9.82560109e-01,  9.98282898e-01, ...,
         -9.98280956e-02,  0.00000000e+00,  7.60608349e-02],
        [ 8.93587581e-01,  9.93856958e-01,  9.90935641e-01, ...,
         -1.75219800e-01, -7.60608349e-02,  0.00000000e+00]],

       ...,

       [[ 0.00000000e+00,  6.75233370e-02,  1.82771880e-01, ...,
          4.24122944e-01,  6.23360029e-01,  7.30960651e-01],
        [-6.75233370e-02,  0.00000000e+00,  1.15968809e-01, ...,
          3.62005520e-01,  5.69138474e-01,  6.83213126e-01],
        [-1.82771880e-01, -1.15968809e-01,  0.00000000e+00, ...,
          2.51459682e-01,  4.69944025e-01,  5.93920758e-01],
        ...,
        [-4.24122944e-01, -3.62005520e-01, -2.51459682e-01, ...,
          0.00000000e+00,  2.32881168e-01,  3.72531528e-01],
        [-6.23360029e-01, -5.69138474e-01, -4.69944025e-01, ...,
         -2.32881168e-01,  0.00000000e+00,  1.46170574e-01],
        [-7.30960651e-01, -6.83213126e-01, -5.93920758e-01, ...,
         -3.72531528e-01, -1.46170574e-01,  0.00000000e+00]],

       [[ 0.00000000e+00,  3.49276098e-02,  5.38282922e-02, ...,
         -9.99704785e-01, -9.99162947e-01, -9.99108028e-01],
        [-3.49276098e-02,  0.00000000e+00,  1.89184765e-02, ...,
         -9.98246174e-01, -9.97124510e-01, -9.97023517e-01],
        [-5.38282922e-02, -1.89184765e-02,  0.00000000e+00, ...,
         -9.96947554e-01, -9.95512399e-01, -9.95386502e-01],
        ...,
        [ 9.99704785e-01,  9.98246174e-01,  9.96947554e-01, ...,
          0.00000000e+00, -1.66185419e-02, -1.79395580e-02],
        [ 9.99162947e-01,  9.97124510e-01,  9.95512399e-01, ...,
          1.66185419e-02,  0.00000000e+00, -1.32121310e-03],
        [ 9.99108028e-01,  9.97023517e-01,  9.95386502e-01, ...,
          1.79395580e-02,  1.32121310e-03,  0.00000000e+00]],

       [[ 0.00000000e+00, -2.49668103e-01, -3.56957102e-01, ...,
         -9.05239688e-01, -9.06953831e-01, -9.07048844e-01],
        [ 2.49668103e-01,  0.00000000e+00, -1.12432634e-01, ...,
         -9.82656378e-01, -9.83399643e-01, -9.83440557e-01],
        [ 3.56957102e-01,  1.12432634e-01,  0.00000000e+00, ...,
         -9.97274735e-01, -9.97565473e-01, -9.97581181e-01],
        ...,
        [ 9.05239688e-01,  9.82656378e-01,  9.97274735e-01, ...,
          0.00000000e+00,  4.05170037e-03,  4.27731458e-03],
        [ 9.06953831e-01,  9.83399643e-01,  9.97565473e-01, ...,
         -4.05170037e-03,  0.00000000e+00,  2.25616171e-04],
        [ 9.07048844e-01,  9.83440557e-01,  9.97581181e-01, ...,
         -4.27731458e-03, -2.25616171e-04,  0.00000000e+00]]]), 'num': array([ 7.55405934e-01,  6.55256276e-01,  2.18667376e-06,  3.22024625e-04,
        3.25188622e-04,  3.18860627e-04,  5.22516594e-04, -1.05466580e-06,
        3.20126226e-04,  3.15169297e-04,  3.18878205e-04,  4.29416501e-07,
        3.33135801e-04,  2.97202794e-04])}
{'img': array([[[ 0.00000000e+00,  3.85327412e-01, -1.94667384e-01, ...,
         -9.60121962e-01, -9.62266492e-01, -9.68362036e-01],
        [-3.85327412e-01,  0.00000000e+00, -5.57590987e-01, ...,
         -9.93711688e-01, -9.92811178e-01, -9.89743319e-01],
        [ 1.94667384e-01,  5.57590987e-01,  0.00000000e+00, ...,
         -8.87328770e-01, -8.90886965e-01, -9.01257452e-01],
        ...,
        [ 9.60121962e-01,  9.93711688e-01,  8.87328770e-01, ...,
          0.00000000e+00, -7.77427854e-03, -3.11381320e-02],
        [ 9.62266492e-01,  9.92811178e-01,  8.90886965e-01, ...,
          7.77427854e-03,  0.00000000e+00, -2.33666823e-02],
        [ 9.68362036e-01,  9.89743319e-01,  9.01257452e-01, ...,
          3.11381320e-02,  2.33666823e-02,  0.00000000e+00]],

       [[ 0.00000000e+00, -1.36989728e-01, -1.25293779e-01, ...,
          9.40534661e-02, -2.13553092e-01, -1.10429283e-01],
        [ 1.36989728e-01,  0.00000000e+00,  1.17976371e-02, ...,
          2.29549246e-01, -7.77102392e-02,  2.67636885e-02],
        [ 1.25293779e-01, -1.17976371e-02,  0.00000000e+00, ...,
          2.18050666e-01, -8.94667918e-02,  1.49684148e-02],
        ...,
        [-9.40534661e-02, -2.29549246e-01, -2.18050666e-01, ...,
          0.00000000e+00, -3.04490233e-01, -2.03418000e-01],
        [ 2.13553092e-01,  7.77102392e-02,  8.94667918e-02, ...,
          3.04490233e-01,  0.00000000e+00,  1.04365157e-01],
        [ 1.10429283e-01, -2.67636885e-02, -1.49684148e-02, ...,
          2.03418000e-01, -1.04365157e-01,  0.00000000e+00]],

       [[ 0.00000000e+00, -4.67879914e-01, -6.26008151e-01, ...,
         -8.66025404e-01, -9.02259879e-01, -9.30833553e-01],
        [ 4.67879914e-01,  0.00000000e+00, -1.88400543e-01, ...,
         -9.99326323e-01, -9.99156492e-01, -9.93646931e-01],
        [ 6.26008151e-01,  1.88400543e-01,  0.00000000e+00, ...,
         -9.88344987e-01, -9.73527274e-01, -9.54649939e-01],
        ...,
        [ 8.66025404e-01,  9.99326323e-01,  9.88344987e-01, ...,
          0.00000000e+00,  7.77061416e-02,  1.48933487e-01],
        [ 9.02259879e-01,  9.99156492e-01,  9.73527274e-01, ...,
         -7.77061416e-02,  0.00000000e+00,  7.16436556e-02],
        [ 9.30833553e-01,  9.93646931e-01,  9.54649939e-01, ...,
         -1.48933487e-01, -7.16436556e-02,  0.00000000e+00]],

       ...,

       [[ 0.00000000e+00,  1.15968809e-01,  2.71143852e-02, ...,
          5.69138474e-01,  6.83213126e-01,  7.17901190e-01],
        [-1.15968809e-01,  0.00000000e+00, -8.89947307e-02, ...,
          4.69944025e-01,  5.93920758e-01,  6.32326299e-01],
        [-2.71143852e-02,  8.89947307e-02,  0.00000000e+00, ...,
          5.46634645e-01,  6.63162494e-01,  6.98761700e-01],
        ...,
        [-5.69138474e-01, -4.69944025e-01, -5.46634645e-01, ...,
          0.00000000e+00,  1.46170574e-01,  1.94085376e-01],
        [-6.83213126e-01, -5.93920758e-01, -6.63162494e-01, ...,
         -1.46170574e-01,  0.00000000e+00,  4.86096949e-02],
        [-7.17901190e-01, -6.32326299e-01, -6.98761700e-01, ...,
         -1.94085376e-01, -4.86096949e-02,  0.00000000e+00]],

       [[ 0.00000000e+00,  1.89184765e-02,  5.01484094e-02, ...,
         -9.97124510e-01, -9.97023517e-01, -9.93737695e-01],
        [-1.89184765e-02,  0.00000000e+00,  3.12447615e-02, ...,
         -9.95512399e-01, -9.95386502e-01, -9.91445931e-01],
        [-5.01484094e-02, -3.12447615e-02,  0.00000000e+00, ...,
         -9.92069624e-01, -9.91902695e-01, -9.86883865e-01],
        ...,
        [ 9.97124510e-01,  9.95512399e-01,  9.92069624e-01, ...,
          0.00000000e+00, -1.32121310e-03, -3.61106352e-02],
        [ 9.97023517e-01,  9.95386502e-01,  9.91902695e-01, ...,
          1.32121310e-03,  0.00000000e+00, -3.47902523e-02],
        [ 9.93737695e-01,  9.91445931e-01,  9.86883865e-01, ...,
          3.61106352e-02,  3.47902523e-02,  0.00000000e+00]],

       [[ 0.00000000e+00, -2.61369252e-01, -4.36383605e-01, ...,
         -9.11220827e-01, -9.11314792e-01, -9.15141075e-01],
        [ 2.61369252e-01,  0.00000000e+00, -1.86044641e-01, ...,
         -9.87208532e-01, -9.87244884e-01, -9.88696519e-01],
        [ 4.36383605e-01,  1.86044641e-01,  0.00000000e+00, ...,
         -9.99635055e-01, -9.99628865e-01, -9.99328946e-01],
        ...,
        [ 9.11220827e-01,  9.87208532e-01,  9.99635055e-01, ...,
          0.00000000e+00,  2.28172805e-04,  9.61940474e-03],
        [ 9.11314792e-01,  9.87244884e-01,  9.99628865e-01, ...,
         -2.28172805e-04,  0.00000000e+00,  9.39124225e-03],
        [ 9.15141075e-01,  9.88696519e-01,  9.99328946e-01, ...,
         -9.61940474e-03, -9.39124225e-03,  0.00000000e+00]]]), 'num': array([ 8.49465948e-01,  5.27637514e-01,  7.04991093e-06,  7.46701703e-04,
        7.48337413e-04,  7.36069586e-04,  1.36930207e-03, -2.45356529e-06,
        7.50954549e-04,  7.32225667e-04,  7.39913505e-04,  8.79813815e-07,
        7.71724258e-04,  6.92727076e-04])}
{'img': array([[[ 0.        , -0.55759099, -0.72274032, ..., -0.99281118,
         -0.98974332, -0.98612185],
        [ 0.55759099,  0.        , -0.21459607, ..., -0.89088697,
         -0.90125745, -0.91116838],
        [ 0.72274032,  0.21459607,  0.        , ..., -0.77265695,
         -0.78727971, -0.80151987],
        ...,
        [ 0.99281118,  0.89088697,  0.77265695, ...,  0.        ,
         -0.02336668, -0.04679963],
        [ 0.98974332,  0.90125745,  0.78727971, ...,  0.02336668,
          0.        , -0.02344577],
        [ 0.98612185,  0.91116838,  0.80151987, ...,  0.04679963,
          0.02344577,  0.        ]],

       [[ 0.        ,  0.01179764, -0.08233757, ..., -0.07771024,
          0.02676369,  0.0782716 ],
        [-0.01179764,  0.        , -0.09408941, ..., -0.08946679,
          0.01496841,  0.06650471],
        [ 0.08233757,  0.09408941,  0.        , ...,  0.0046422 ,
          0.10898088,  0.16009079],
        ...,
        [ 0.07771024,  0.08946679, -0.0046422 , ...,  0.        ,
          0.10436516,  0.15550674],
        [-0.02676369, -0.01496841, -0.10898088, ..., -0.10436516,
          0.        ,  0.05156198],
        [-0.0782716 , -0.06650471, -0.16009079, ..., -0.15550674,
         -0.05156198,  0.        ]],

       [[ 0.        , -0.45672021, -0.60601326, ..., -0.9182057 ,
         -0.94526671, -0.9643554 ],
        [ 0.45672021,  0.        , -0.17581552, ..., -0.99775399,
         -0.9899463 , -0.9787535 ],
        [ 0.60601326,  0.17581552,  0.        , ..., -0.97043511,
         -0.94965804, -0.92745829],
        ...,
        [ 0.9182057 ,  0.99775399,  0.97043511, ...,  0.        ,
          0.0748145 ,  0.13901816],
        [ 0.94526671,  0.9899463 ,  0.94965804, ..., -0.0748145 ,
          0.        ,  0.06454052],
        [ 0.9643554 ,  0.9787535 ,  0.92745829, ..., -0.13901816,
         -0.06454052,  0.        ]],

       ...,

       [[ 0.        , -0.08899473, -0.18398695, ...,  0.59392076,
          0.6323263 ,  0.45200027],
        [ 0.08899473,  0.        , -0.09578143, ...,  0.66316249,
          0.6987617 ,  0.52959166],
        [ 0.18398695,  0.09578143,  0.        , ...,  0.73180358,
          0.76406675,  0.60840366],
        ...,
        [-0.59392076, -0.66316249, -0.73180358, ...,  0.        ,
          0.04860969, -0.16614303],
        [-0.6323263 , -0.6987617 , -0.76406675, ..., -0.04860969,
          0.        , -0.21388073],
        [-0.45200027, -0.52959166, -0.60840366, ...,  0.16614303,
          0.21388073,  0.        ]],

       [[ 0.        ,  0.03124476,  0.07619467, ..., -0.9953865 ,
         -0.99144593, -0.98502233],
        [-0.03124476,  0.        ,  0.04500354, ..., -0.9919027 ,
         -0.98688387, -0.97915397],
        [-0.07619467, -0.04500354,  0.        , ..., -0.98518227,
         -0.97861898, -0.96902082],
        ...,
        [ 0.9953865 ,  0.9919027 ,  0.98518227, ...,  0.        ,
         -0.03479025, -0.07712201],
        [ 0.99144593,  0.98688387,  0.97861898, ...,  0.03479025,
          0.        , -0.04238869],
        [ 0.98502233,  0.97915397,  0.96902082, ...,  0.07712201,
          0.04238869,  0.        ]],

       [[ 0.        , -0.35893216, -0.53069709, ..., -0.91594465,
         -0.91971941, -0.92420057],
        [ 0.35893216,  0.        , -0.19111628, ..., -0.99895058,
         -0.99934095, -0.99969409],
        [ 0.53069709,  0.19111628,  0.        , ..., -0.98929067,
         -0.98785796, -0.98599405],
        ...,
        [ 0.91594465,  0.99895058,  0.98929067, ...,  0.        ,
          0.00950941,  0.02107987],
        [ 0.91971941,  0.99934095,  0.98785796, ..., -0.00950941,
          0.        ,  0.01157162],
        [ 0.92420057,  0.99969409,  0.98599405, ..., -0.02107987,
         -0.01157162,  0.        ]]]), 'num': array([8.66124232e-01, 4.99798815e-01, 7.67977814e-06, 7.81077649e-04,
       7.94996223e-04, 7.45053103e-04, 5.04211003e-03, 3.35683266e-05,
       7.56842954e-04, 7.33631685e-04, 7.39212760e-04, 1.17562620e-06,
       7.75678491e-04, 6.91584878e-04])}
{'img': array([[[ 0.        , -0.52983417, -0.83888818, ..., -0.99799511,
         -0.99606661, -0.96630921],
        [ 0.52983417,  0.        , -0.42307138, ..., -0.87993472,
         -0.89171268, -0.68315725],
        [ 0.83888818,  0.42307138,  0.        , ..., -0.59630671,
         -0.6164947 , -0.31004941],
        ...,
        [ 0.99799511,  0.87993472,  0.59630671, ...,  0.        ,
         -0.02538776,  0.31802675],
        [ 0.99606661,  0.89171268,  0.6164947 , ...,  0.02538776,
          0.        ,  0.34199391],
        [ 0.96630921,  0.68315725,  0.31004941, ..., -0.31802675,
         -0.34199391,  0.        ]],

       [[ 0.        , -0.09408941,  0.01138653, ...,  0.01496841,
          0.06650471,  0.7022789 ],
        [ 0.09408941,  0.        ,  0.10541933, ...,  0.10898088,
          0.16009079,  0.76614585],
        [-0.01138653, -0.10541933,  0.        , ...,  0.00358219,
          0.05513908,  0.69412729],
        ...,
        [-0.01496841, -0.10898088, -0.00358219, ...,  0.        ,
          0.05156198,  0.69154418],
        [-0.06650471, -0.16009079, -0.05513908, ..., -0.05156198,
          0.        ,  0.65337931],
        [-0.7022789 , -0.76614585, -0.69412729, ..., -0.69154418,
         -0.65337931,  0.        ]],

       [[ 0.        , -0.43517965, -0.62995418, ..., -0.95794808,
         -0.97512641, -0.98572133],
        [ 0.43517965,  0.        , -0.22920067, ..., -0.9873536 ,
         -0.9744062 , -0.9607656 ],
        [ 0.62995418,  0.22920067,  0.        , ..., -0.92473347,
         -0.89694368, -0.87161778],
        ...,
        [ 0.95794808,  0.9873536 ,  0.92473347, ...,  0.        ,
          0.06747561,  0.12154046],
        [ 0.97512641,  0.9744062 ,  0.89694368, ..., -0.06747561,
          0.        ,  0.05428808],
        [ 0.98572133,  0.9607656 ,  0.87161778, ..., -0.12154046,
         -0.05428808,  0.        ]],

       ...,

       [[ 0.        , -0.09578143, -0.18580039, ...,  0.6987617 ,
          0.52959166,  0.909387  ],
        [ 0.09578143,  0.        , -0.09083252, ...,  0.76406675,
          0.60840366,  0.94504638],
        [ 0.18580039,  0.09083252,  0.        , ...,  0.81950767,
          0.67797583,  0.97083618],
        ...,
        [-0.6987617 , -0.76406675, -0.81950767, ...,  0.        ,
         -0.21388073,  0.35988343],
        [-0.52959166, -0.60840366, -0.67797583, ...,  0.21388073,
          0.        ,  0.55110578],
        [-0.909387  , -0.94504638, -0.97083618, ..., -0.35988343,
         -0.55110578,  0.        ]],

       [[ 0.        ,  0.04500354,  0.15986958, ..., -0.98688387,
         -0.97915397, -0.98654676],
        [-0.04500354,  0.        ,  0.11528289, ..., -0.97861898,
         -0.96902082, -0.97819007],
        [-0.15986958, -0.11528289,  0.        , ..., -0.94838267,
         -0.93408761, -0.94772257],
        ...,
        [ 0.98688387,  0.97861898,  0.94838267, ...,  0.        ,
         -0.04238869, -0.00207505],
        [ 0.97915397,  0.96902082,  0.93408761, ...,  0.04238869,
          0.        ,  0.04031541],
        [ 0.98654676,  0.97819007,  0.94772257, ...,  0.00207505,
         -0.04031541,  0.        ]],

       [[ 0.        , -0.41187444, -0.63904831, ..., -0.92837669,
         -0.93271903, -0.92644256],
        [ 0.41187444,  0.        , -0.2655267 , ..., -0.9990438 ,
         -0.99845501, -0.99925651],
        [ 0.63904831,  0.2655267 ,  0.        , ..., -0.95157263,
         -0.94785967, -0.95314956],
        ...,
        [ 0.92837669,  0.9990438 ,  0.95157263, ...,  0.        ,
          0.01185996, -0.00517089],
        [ 0.93271903,  0.99845501,  0.94785967, ..., -0.01185996,
          0.        , -0.01703033],
        [ 0.92644256,  0.99925651,  0.95314956, ...,  0.00517089,
          0.01703033,  0.        ]]]), 'num': array([8.80865263e-01, 4.73350528e-01, 8.54328584e-06, 7.94375701e-04,
       8.13527317e-04, 7.89379628e-04, 3.30287095e-03, 0.00000000e+00,
       7.75390622e-04, 7.46788100e-04, 7.50576790e-04, 1.32283745e-06,
       7.92048701e-04, 7.01527500e-04])}
{'img': array([[[ 0.        , -0.74124653, -0.82737912, ..., -0.99990617,
         -0.93267006, -0.93267006],
        [ 0.74124653,  0.        , -0.13904752, ..., -0.68132396,
         -0.3586485 , -0.3586485 ],
        [ 0.82737912,  0.13904752,  0.        , ..., -0.5729251 ,
         -0.22536743, -0.22536743],
        ...,
        [ 0.99990617,  0.68132396,  0.5729251 , ...,  0.        ,
          0.37347305,  0.37347305],
        [ 0.93267006,  0.3586485 ,  0.22536743, ..., -0.37347305,
          0.        ,  0.        ],
        [ 0.93267006,  0.3586485 ,  0.22536743, ..., -0.37347305,
          0.        ,  0.        ]],

       [[ 0.        ,  0.10541933,  0.16671495, ...,  0.16009079,
          0.76614585,  0.55082435],
        [-0.10541933,  0.        ,  0.06184199, ...,  0.05513908,
          0.69412729,  0.45976988],
        [-0.16671495, -0.06184199,  0.        , ..., -0.00671437,
          0.64828159,  0.40397181],
        ...,
        [-0.16009079, -0.05513908,  0.00671437, ...,  0.        ,
          0.65337931,  0.41010482],
        [-0.76614585, -0.69412729, -0.64828159, ..., -0.65337931,
          0.        , -0.28544508],
        [-0.55082435, -0.45976988, -0.40397181, ..., -0.41010482,
          0.28544508,  0.        ]],

       [[ 0.        , -0.49340255, -0.68477744, ..., -0.98351403,
         -0.99218519, -0.99799511],
        [ 0.49340255,  0.        , -0.23605194, ..., -0.94468446,
         -0.92456755, -0.89928524],
        [ 0.68477744,  0.23605194,  0.        , ..., -0.84056763,
         -0.8084996 , -0.77063153],
        ...,
        [ 0.98351403,  0.94468446,  0.84056763, ...,  0.        ,
          0.05670172,  0.11822155],
        [ 0.99218519,  0.92456755,  0.8084996 , ..., -0.05670172,
          0.        ,  0.06172727],
        [ 0.99799511,  0.89928524,  0.77063153, ..., -0.11822155,
         -0.06172727,  0.        ]],

       ...,

       [[ 0.        , -0.09083252, -0.11833031, ...,  0.60840366,
          0.94504638,  0.99840327],
        [ 0.09083252,  0.        , -0.02764681, ...,  0.67797583,
          0.97083618,  0.98914509],
        [ 0.11833031,  0.02764681,  0.        , ...,  0.69803941,
          0.97709323,  0.98470451],
        ...,
        [-0.60840366, -0.67797583, -0.69803941, ...,  0.        ,
          0.55110578,  0.82672815],
        [-0.94504638, -0.97083618, -0.97709323, ..., -0.55110578,
          0.        ,  0.37979822],
        [-0.99840327, -0.98914509, -0.98470451, ..., -0.82672815,
         -0.37979822,  0.        ]],

       [[ 0.        ,  0.11528289,  0.1516694 , ..., -0.96902082,
         -0.97819007, -0.98549338],
        [-0.11528289,  0.        ,  0.03670896, ..., -0.93408761,
         -0.94772257, -0.95935769],
        [-0.1516694 , -0.03670896,  0.        , ..., -0.92035132,
         -0.93537014, -0.94835208],
        ...,
        [ 0.96902082,  0.93408761,  0.92035132, ...,  0.        ,
          0.04031541,  0.07893993],
        [ 0.97819007,  0.94772257,  0.93537014, ..., -0.04031541,
          0.        ,  0.03868615],
        [ 0.98549338,  0.95935769,  0.94835208, ..., -0.07893993,
         -0.03868615,  0.        ]],

       [[ 0.        , -0.52463386, -0.69505961, ..., -0.94366234,
         -0.93768836, -0.93169022],
        [ 0.52463386,  0.        , -0.21453707, ..., -0.9769727 ,
         -0.98057874, -0.9837492 ],
        [ 0.69505961,  0.21453707,  0.        , ..., -0.90845016,
         -0.91567053, -0.92232371],
        ...,
        [ 0.94366234,  0.9769727 ,  0.90845016, ...,  0.        ,
         -0.01761095, -0.03448341],
        [ 0.93768836,  0.98057874,  0.91567053, ...,  0.01761095,
          0.        , -0.01687758],
        [ 0.93169022,  0.9837492 ,  0.92232371, ...,  0.03448341,
          0.01687758,  0.        ]]]), 'num': array([ 8.56103410e-01,  5.16796777e-01,  7.12829062e-06,  7.71151440e-04,
        7.80061803e-04,  7.62241076e-04,  1.88510886e-03, -1.62006605e-06,
        7.59648971e-04,  7.28381696e-04,  7.29191729e-04,  1.24805088e-06,
        7.76491384e-04,  6.80272008e-04])}
{'img': array([[[ 0.        , -0.29565116, -0.83595648, ..., -0.59858278,
         -0.59858278, -0.61946232],
        [ 0.29565116,  0.        , -0.63633376, ..., -0.33498912,
         -0.33498912, -0.3596759 ],
        [ 0.83595648,  0.63633376,  0.        , ...,  0.34115241,
          0.34115241,  0.31628961],
        ...,
        [ 0.59858278,  0.33498912, -0.34115241, ...,  0.        ,
          0.        , -0.0263238 ],
        [ 0.59858278,  0.33498912, -0.34115241, ...,  0.        ,
          0.        , -0.0263238 ],
        [ 0.61946232,  0.3596759 , -0.31628961, ...,  0.0263238 ,
          0.0263238 ,  0.        ]],

       [[ 0.        ,  0.06184199,  0.21151819, ...,  0.69412729,
          0.45976988,  0.20102103],
        [-0.06184199,  0.        ,  0.15067058, ...,  0.64828159,
          0.40397181,  0.14005666],
        [-0.21151819, -0.15067058,  0.        , ...,  0.52616015,
          0.26153094, -0.01072772],
        ...,
        [-0.69412729, -0.64828159, -0.52616015, ...,  0.        ,
         -0.28544508, -0.53525256],
        [-0.45976988, -0.40397181, -0.26153094, ...,  0.28544508,
          0.        , -0.27187023],
        [-0.20102103, -0.14005666,  0.01072772, ...,  0.53525256,
          0.27187023,  0.        ]],

       [[ 0.        , -0.52818456, -0.8144236 , ..., -0.9979608 ,
         -0.99999813, -0.9978352 ],
        [ 0.52818456,  0.        , -0.38506111, ..., -0.88111196,
         -0.84810637, -0.81255586],
        [ 0.8144236 ,  0.38506111,  0.        , ..., -0.63107199,
         -0.57869442, -0.52545485],
        ...,
        [ 0.9979608 ,  0.88111196,  0.63107199, ...,  0.        ,
          0.06575996,  0.12932153],
        [ 0.99999813,  0.84810637,  0.57869442, ..., -0.06575996,
          0.        ,  0.06383385],
        [ 0.9978352 ,  0.81255586,  0.52545485, ..., -0.12932153,
         -0.06383385,  0.        ]],

       ...,

       [[ 0.        , -0.02764681, -0.17985921, ...,  0.97083618,
          0.98914509,  0.99999798],
        [ 0.02764681,  0.        , -0.15259451, ...,  0.97709323,
          0.98470451,  0.99967136],
        [ 0.17985921,  0.15259451,  0.        , ...,  0.99812427,
          0.94658557,  0.9840523 ],
        ...,
        [-0.97083618, -0.97709323, -0.99812427, ...,  0.        ,
          0.37979822,  0.23778976],
        [-0.98914509, -0.98470451, -0.94658557, ..., -0.37979822,
          0.        , -0.14893231],
        [-0.99999798, -0.99967136, -0.9840523 , ..., -0.23778976,
          0.14893231,  0.        ]],

       [[ 0.        ,  0.03670896,  0.43307779, ..., -0.94772257,
         -0.95935769, -0.97709575],
        [-0.03670896,  0.        ,  0.39969804, ..., -0.93537014,
         -0.94835208, -0.96862551],
        [-0.43307779, -0.39969804,  0.        , ..., -0.71604278,
         -0.74251187, -0.78855263],
        ...,
        [ 0.94772257,  0.93537014,  0.71604278, ...,  0.        ,
          0.03868615,  0.11011134],
        [ 0.95935769,  0.94835208,  0.74251187, ..., -0.03868615,
          0.        ,  0.071578  ],
        [ 0.97709575,  0.96862551,  0.78855263, ..., -0.11011134,
         -0.071578  ,  0.        ]],

       [[ 0.        , -0.51532703, -0.78541013, ..., -0.95547373,
         -0.95004284, -0.94294955],
        [ 0.51532703,  0.        , -0.35411656, ..., -0.97089561,
         -0.97502428, -0.97967248],
        [ 0.78541013,  0.35411656,  0.        , ..., -0.82317084,
         -0.83319528, -0.8451539 ],
        ...,
        [ 0.95547373,  0.97089561,  0.82317084, ...,  0.        ,
         -0.017887  , -0.03986932],
        [ 0.95004284,  0.97502428,  0.83319528, ...,  0.017887  ,
          0.        , -0.02199016],
        [ 0.94294955,  0.97967248,  0.8451539 , ...,  0.03986932,
          0.02199016,  0.        ]]]), 'num': array([ 8.15681068e-01,  5.78495730e-01,  4.98812489e-06,  7.34319933e-04,
        7.39725022e-04,  7.14243888e-04,  1.73602189e-03, -7.72155555e-07,
        7.29532568e-04,  6.96677350e-04,  6.94618268e-04,  1.22601798e-06,
        7.45573456e-04,  6.47781243e-04])}
{'img': array([[[ 0.        , -0.63633376,  0.        , ..., -0.33498912,
         -0.3596759 , -0.371759  ],
        [ 0.63633376,  0.        ,  0.63633376, ...,  0.34115241,
          0.31628961,  0.30394721],
        [ 0.        , -0.63633376,  0.        , ..., -0.33498912,
         -0.3596759 , -0.371759  ],
        ...,
        [ 0.33498912, -0.34115241,  0.33498912, ...,  0.        ,
         -0.0263238 , -0.0392993 ],
        [ 0.3596759 , -0.31628961,  0.3596759 , ...,  0.0263238 ,
          0.        , -0.01298222],
        [ 0.371759  , -0.30394721,  0.371759  , ...,  0.0392993 ,
          0.01298222,  0.        ]],

       [[ 0.        ,  0.15067058, -0.05578918, ...,  0.40397181,
          0.14005666,  0.12422042],
        [-0.15067058,  0.        , -0.20558821, ...,  0.26153094,
         -0.01072772, -0.02670126],
        [ 0.05578918,  0.20558821,  0.        , ...,  0.454377  ,
          0.19507783,  0.17938403],
        ...,
        [-0.40397181, -0.26153094, -0.454377  , ...,  0.        ,
         -0.27187023, -0.28720961],
        [-0.14005666,  0.01072772, -0.19507783, ...,  0.27187023,
          0.        , -0.01597583],
        [-0.12422042,  0.02670126, -0.17938403, ...,  0.28720961,
          0.01597583,  0.        ]],

       [[ 0.        , -0.7050023 , -0.82085983, ..., -0.99649251,
         -0.98826955, -0.97414089],
        [ 0.7050023 ,  0.        , -0.17951016, ..., -0.64772148,
         -0.59321801, -0.53157639],
        [ 0.82085983,  0.17951016,  0.        , ..., -0.50043528,
         -0.43906866, -0.37089456],
        ...,
        [ 0.99649251,  0.64772148,  0.50043528, ...,  0.        ,
          0.06948362,  0.14363087],
        [ 0.98826955,  0.59321801,  0.43906866, ..., -0.06948362,
          0.        ,  0.07452056],
        [ 0.97414089,  0.53157639,  0.37089456, ..., -0.14363087,
         -0.07452056,  0.        ]],

       ...,

       [[ 0.        , -0.15259451,  0.16177461, ...,  0.98470451,
          0.99967136,  0.9852514 ],
        [ 0.15259451,  0.        ,  0.31046454, ...,  0.94658557,
          0.9840523 ,  0.9476021 ],
        [-0.16177461, -0.31046454,  0.        , ...,  0.99992014,
          0.99065055,  0.99995515],
        ...,
        [-0.98470451, -0.94658557, -0.99992014, ...,  0.        ,
         -0.14893231, -0.00316721],
        [-0.99967136, -0.9840523 , -0.99065055, ...,  0.14893231,
          0.        ,  0.14579967],
        [-0.9852514 , -0.9476021 , -0.99995515, ...,  0.00316721,
         -0.14579967,  0.        ]],

       [[ 0.        ,  0.39969804,  0.2401262 , ..., -0.94835208,
         -0.96862551, -0.98257454],
        [-0.39969804,  0.        , -0.16789261, ..., -0.74251187,
         -0.78855263, -0.82638241],
        [-0.2401262 ,  0.16789261,  0.        , ..., -0.84443213,
         -0.88060782, -0.90919405],
        ...,
        [ 0.94835208,  0.74251187,  0.84443213, ...,  0.        ,
          0.071578  ,  0.13542278],
        [ 0.96862551,  0.78855263,  0.88060782, ..., -0.071578  ,
          0.        ,  0.0641568 ],
        [ 0.98257454,  0.82638241,  0.90919405, ..., -0.13542278,
         -0.0641568 ,  0.        ]],

       [[ 0.        , -0.66856643, -0.76604886, ..., -0.96583813,
         -0.95954208, -0.95735205],
        [ 0.66856643,  0.        , -0.13993138, ..., -0.89150425,
         -0.90181088, -0.90510203],
        [ 0.76604886,  0.13993138,  0.        , ..., -0.81934228,
         -0.83246947, -0.83669887],
        ...,
        [ 0.96583813,  0.89150425,  0.81934228, ...,  0.        ,
         -0.02328488, -0.03095972],
        [ 0.95954208,  0.90181088,  0.83246947, ...,  0.02328488,
          0.        , -0.00767761],
        [ 0.95735205,  0.90510203,  0.83669887, ...,  0.03095972,
          0.00767761,  0.        ]]]), 'num': array([ 8.94511434e-01,  4.47036790e-01,  9.49044843e-06,  8.01925884e-04,
        8.12981066e-04,  7.87469108e-04,  1.56742069e-03, -6.80318884e-06,
        8.08558993e-04,  7.69823337e-04,  7.64536692e-04,  1.40383262e-06,
        8.25144691e-04,  7.14501983e-04])}
{'img': array([[[ 0.        ,  0.63633376,  0.74535945, ...,  0.31628961,
          0.30394721,  0.20715577],
        [-0.63633376,  0.        ,  0.15076057, ..., -0.3596759 ,
         -0.371759  , -0.46272756],
        [-0.74535945, -0.15076057,  0.        , ..., -0.49623618,
         -0.50746536, -0.59108805],
        ...,
        [-0.31628961,  0.3596759 ,  0.49623618, ...,  0.        ,
         -0.01298222, -0.1129077 ],
        [-0.30394721,  0.371759  ,  0.50746536, ...,  0.01298222,
          0.        , -0.09999898],
        [-0.20715577,  0.46272756,  0.59108805, ...,  0.1129077 ,
          0.09999898,  0.        ]],

       [[ 0.        , -0.20558821, -0.24450979, ..., -0.01072772,
         -0.02670126, -0.11571517],
        [ 0.20558821,  0.        , -0.03993875, ...,  0.19507783,
          0.17938403,  0.09096383],
        [ 0.24450979,  0.03993875,  0.        , ...,  0.23409362,
          0.21853182,  0.13066443],
        ...,
        [ 0.01072772, -0.19507783, -0.23409362, ...,  0.        ,
         -0.01597583, -0.10505286],
        [ 0.02670126, -0.17938403, -0.21853182, ...,  0.01597583,
          0.        , -0.08915202],
        [ 0.11571517, -0.09096383, -0.13066443, ...,  0.10505286,
          0.08915202,  0.        ]],

       [[ 0.        , -0.54500423, -0.67472842, ..., -0.93718333,
         -0.90066386, -0.86138305],
        [ 0.54500423,  0.        , -0.16346562, ..., -0.59564795,
         -0.51833322, -0.4453741 ],
        [ 0.67472842,  0.16346562,  0.        , ..., -0.45633287,
         -0.37156881, -0.29302532],
        ...,
        [ 0.93718333,  0.59564795,  0.45633287, ...,  0.        ,
          0.09303658,  0.17556538],
        [ 0.90066386,  0.51833322,  0.37156881, ..., -0.09303658,
          0.        ,  0.08321238],
        [ 0.86138305,  0.4453741 ,  0.29302532, ..., -0.17556538,
         -0.08321238,  0.        ]],

       ...,

       [[ 0.        ,  0.30937539,  0.40368801, ...,  0.98695231,
          0.95507566,  0.74942742],
        [-0.30937539,  0.        ,  0.10083654, ...,  0.98834583,
          0.99990677,  0.91749378],
        [-0.40368801, -0.10083654,  0.        , ...,  0.96795837,
          0.9934334 ,  0.95292506],
        ...,
        [-0.98695231, -0.98834583, -0.96795837, ...,  0.        ,
          0.13871581,  0.53278039],
        [-0.95507566, -0.99990677, -0.9934334 , ..., -0.13871581,
          0.        ,  0.41024084],
        [-0.74942742, -0.91749378, -0.95292506, ..., -0.53278039,
         -0.41024084,  0.        ]],

       [[ 0.        , -0.16789261, -0.28811228, ..., -0.78855263,
         -0.82638241, -0.84925508],
        [ 0.16789261,  0.        , -0.12324921, ..., -0.88060782,
         -0.90919405, -0.92584456],
        [ 0.28811228,  0.12324921,  0.        , ..., -0.93229497,
         -0.95357973, -0.96536213],
        ...,
        [ 0.78855263,  0.88060782,  0.93229497, ...,  0.        ,
          0.0641568 ,  0.10592188],
        [ 0.82638241,  0.90919405,  0.95357973, ..., -0.0641568 ,
          0.        ,  0.04190778],
        [ 0.84925508,  0.92584456,  0.96536213, ..., -0.10592188,
         -0.04190778,  0.        ]],

       [[ 0.        , -0.46691869, -0.60373359, ..., -0.9844004 ,
         -0.98285442, -0.98505825],
        [ 0.46691869,  0.        , -0.16166065, ..., -0.95265648,
         -0.95523041, -0.95150069],
        [ 0.60373359,  0.16166065,  0.        , ..., -0.8909729 ,
         -0.89483631, -0.88925068],
        ...,
        [ 0.9844004 ,  0.95265648,  0.8909729 , ...,  0.        ,
         -0.00858088,  0.00377895],
        [ 0.98285442,  0.95523041,  0.89483631, ...,  0.00858088,
          0.        ,  0.01235963],
        [ 0.98505825,  0.95150069,  0.88925068, ..., -0.00377895,
         -0.01235963,  0.        ]]]), 'num': array([8.31267755e-01, 5.55865070e-01, 5.64349764e-06, 7.62888324e-04,
       7.63669972e-04, 7.38657240e-04, 1.91258291e-03, 2.57943798e-05,
       7.46630048e-04, 7.10439752e-04, 7.03391893e-04, 1.34283096e-06,
       7.66689948e-04, 6.54189555e-04])}
{'img': array([[[ 0.        ,  0.15076057,  0.55943088, ..., -0.371759  ,
         -0.46272756,  0.        ],
        [-0.15076057,  0.        ,  0.42807478, ..., -0.50746536,
         -0.59108805, -0.15076057],
        [-0.55943088, -0.42807478,  0.        , ..., -0.82747855,
         -0.87948001, -0.55943088],
        ...,
        [ 0.371759  ,  0.50746536,  0.82747855, ...,  0.        ,
         -0.09999898,  0.371759  ],
        [ 0.46272756,  0.59108805,  0.87948001, ...,  0.09999898,
          0.        ,  0.46272756],
        [ 0.        ,  0.15076057,  0.55943088, ..., -0.371759  ,
         -0.46272756,  0.        ]],

       [[ 0.        , -0.03993875, -0.12617128, ...,  0.17938403,
          0.09096383,  0.21809515],
        [ 0.03993875,  0.        , -0.08645103, ...,  0.21853182,
          0.13066443,  0.25689847],
        [ 0.12617128,  0.08645103,  0.        , ...,  0.30207515,
          0.2158851 ,  0.33948627],
        ...,
        [-0.17938403, -0.21853182, -0.30207515, ...,  0.        ,
         -0.08915202,  0.03949165],
        [-0.09096383, -0.13066443, -0.2158851 , ...,  0.08915202,
          0.        ,  0.12841687],
        [-0.21809515, -0.25689847, -0.33948627, ..., -0.03949165,
         -0.12841687,  0.        ]],

       [[ 0.        , -0.23463995, -0.21608963, ..., -0.63206249,
         -0.55727108, -0.49565133],
        [ 0.23463995,  0.        ,  0.01903933, ..., -0.4325902 ,
         -0.34688464, -0.27802404],
        [ 0.21608963, -0.01903933,  0.        , ..., -0.44967747,
         -0.3646789 , -0.29626233],
        ...,
        [ 0.63206249,  0.4325902 ,  0.44967747, ...,  0.        ,
          0.09298177,  0.16487107],
        [ 0.55727108,  0.34688464,  0.3646789 , ..., -0.09298177,
          0.        ,  0.07244749],
        [ 0.49565133,  0.27802404,  0.29626233, ..., -0.16487107,
         -0.07244749,  0.        ]],

       ...,

       [[ 0.        ,  0.09751678,  0.07125219, ...,  0.98728981,
          0.99992692,  0.90531772],
        [-0.09751678,  0.        , -0.02635633, ...,  0.9670859 ,
          0.99634009,  0.94242166],
        [-0.07125219,  0.02635633,  0.        , ...,  0.97345631,
          0.99824685,  0.93328   ],
        ...,
        [-0.98728981, -0.9670859 , -0.97345631, ...,  0.        ,
          0.17085468,  0.56321895],
        [-0.99992692, -0.99634009, -0.99824685, ..., -0.17085468,
          0.        ,  0.41375897],
        [-0.90531772, -0.94242166, -0.93328   , ..., -0.56321895,
         -0.41375897,  0.        ]],

       [[ 0.        , -0.23667159, -0.37821219, ..., -0.82850181,
         -0.85134345, -0.89522582],
        [ 0.23667159,  0.        , -0.1483757 , ..., -0.9374967 ,
         -0.95131652, -0.97525607],
        [ 0.37821219,  0.1483757 ,  0.        , ..., -0.97875349,
         -0.98651817, -0.99726367],
        ...,
        [ 0.82850181,  0.9374967 ,  0.97875349, ...,  0.        ,
          0.04210144,  0.13212329],
        [ 0.85134345,  0.95131652,  0.98651817, ..., -0.04210144,
          0.        ,  0.09027379],
