state_0,state_1,state_2,state_3,state_4,state_5,state_6,state_7,state_8,state_9,state_10,state_11,state_12,state_13,state_14,state_15,state_16,state_17,state_18,state_19,state_20,state_21,state_22,state_23,state_24,state_25,state_26,state_27,state_28,state_29,state_30,state_31,state_32,state_33,state_34,state_35,state_36,state_37,state_38,state_39,state_40,state_41,state_42,state_43,state_44,state_45,state_46,state_47,state_48,state_49,state_50,state_51,state_52,state_53,state_54,state_55,state_56,state_57,state_58,state_59,state_60,state_61,state_62,state_63,state_64,state_65,state_66,state_67,state_68,state_69,state_70,state_71,state_72,state_73,state_74,state_75,state_76,state_77,state_78,state_79,state_80,state_81,state_82,state_83,state_84,state_85,state_86,state_87,state_88,state_89,state_90,state_91,state_92,state_93,state_94,state_95,state_96,state_97,state_98,state_99,state_100,state_101,state_102,state_103,state_104,state_105,state_106,state_107,state_108,state_109,state_110,state_111,state_112,state_113,state_114,state_115,state_116,state_117,state_118,state_119,state_120,state_121,state_122,state_123,state_124,state_125,state_126,state_127,state_128,state_129,state_130,state_131,state_132,state_133,state_134,state_135,state_136,state_137,state_138,state_139,state_140,state_141,state_142,state_143,state_144,state_145,state_146,state_147,state_148,state_149,state_150,state_151,state_152,state_153,state_154,state_155,state_156,state_157,state_158,state_159,state_160,state_161,state_162,state_163,state_164,state_165,state_166,state_167,state_168,state_169,state_170,state_171,state_172,state_173,state_174,state_175,state_176,state_177,state_178,state_179,state_180,state_181,state_182,state_183,state_184,state_185,state_186,state_187,state_188,state_189,state_190,state_191,state_192,state_193,state_194,state_195,state_196,state_197,state_198,state_199,state_200,state_201,state_202,state_203,state_204,state_205,state_206,state_207,state_208,state_209,state_210,state_211,state_212,state_213,state_214,state_215,state_216,state_217,state_218,state_219,state_220,state_221,state_222,state_223,state_224,state_225,state_226,state_227,state_228,state_229,state_230,state_231,state_232,state_233,state_234,state_235,state_236,state_237,state_238,state_239,state_240,state_241,state_242,state_243,state_244,state_245,state_246,state_247,state_248,state_249,state_250,state_251,state_252,state_253,state_254,state_255,state_256,state_257,state_258,state_259,state_260,state_261,state_262,state_263,state_264,state_265,state_266,state_267,state_268,state_269,state_270,state_271,state_272,state_273,state_274,state_275,state_276,state_277,state_278,state_279,state_280,state_281,state_282,state_283,state_284,state_285,state_286,state_287
{'img': array([[[ 0.        , -0.18669811, -0.13307049, ..., -0.99645743,
         -0.99789602, -0.97779903],
        [ 0.18669811,  0.        ,  0.05430697, ..., -0.96323599,
         -0.96824584, -0.92148508],
        [ 0.13307049, -0.05430697,  0.        , ..., -0.97640446,
         -0.98039373, -0.9412188 ],
        ...,
        [ 0.99645743,  0.96323599,  0.97640446, ...,  0.        ,
         -0.01931674,  0.12657097],
        [ 0.99789602,  0.96824584,  0.98039373, ...,  0.01931674,
          0.        ,  0.14570874],
        [ 0.97779903,  0.92148508,  0.9412188 , ..., -0.12657097,
         -0.14570874,  0.        ]],

       [[ 0.        ,  0.25642183, -0.04425429, ..., -0.23472486,
         -0.67724471, -0.42246364],
        [-0.25642183,  0.        , -0.29894525, ..., -0.47613471,
         -0.84326539, -0.64075414],
        [ 0.04425429,  0.29894525,  0.        , ..., -0.191477  ,
         -0.64402078, -0.38193855],
        ...,
        [ 0.23472486,  0.47613471,  0.191477  , ...,  0.        ,
         -0.48562309, -0.19791089],
        [ 0.67724471,  0.84326539,  0.64402078, ...,  0.48562309,
          0.        ,  0.30301005],
        [ 0.42246364,  0.64075414,  0.38193855, ...,  0.19791089,
         -0.30301005,  0.        ]],

       [[ 0.        , -0.30018301, -0.42607318, ..., -0.5851644 ,
         -0.66209092, -0.78070167],
        [ 0.30018301,  0.        , -0.13485121, ..., -0.80160038,
         -0.85652057, -0.93228251],
        [ 0.42607318,  0.13485121,  0.        , ..., -0.87490062,
         -0.91829544, -0.97254678],
        ...,
        [ 0.5851644 ,  0.80160038,  0.87490062, ...,  0.        ,
          0.09836328,  0.26741091],
        [ 0.66209092,  0.85652057,  0.91829544, ..., -0.09836328,
          0.        ,  0.17133298],
        [ 0.78070167,  0.93228251,  0.97254678, ..., -0.26741091,
         -0.17133298,  0.        ]],

       ...,

       [[ 0.        ,  0.13061966,  0.19018697, ...,  0.54383583,
          0.67501041,  0.79996023],
        [-0.13061966,  0.        ,  0.06032198, ...,  0.42956162,
          0.57285503,  0.71472789],
        [-0.19018697, -0.06032198,  0.        , ...,  0.37430637,
          0.52236853,  0.671237  ],
        ...,
        [-0.54383583, -0.42956162, -0.37430637, ...,  0.        ,
          0.16521654,  0.34498959],
        [-0.67501041, -0.57285503, -0.52236853, ..., -0.16521654,
          0.        ,  0.18517519],
        [-0.79996023, -0.71472789, -0.671237  , ..., -0.34498959,
         -0.18517519,  0.        ]],

       [[ 0.        , -0.05630807, -0.02852523, ..., -0.50516197,
         -0.61922505, -0.46418001],
        [ 0.05630807,  0.        ,  0.02780518, ..., -0.55295575,
         -0.66245648, -0.51331792],
        [ 0.02852523, -0.02780518,  0.        , ..., -0.52957438,
         -0.64137147, -0.48925709],
        ...,
        [ 0.50516197,  0.55295575,  0.52957438, ...,  0.        ,
          0.1377464 , -0.04684386],
        [ 0.61922505,  0.66245648,  0.64137147, ..., -0.1377464 ,
          0.        , -0.18399251],
        [ 0.46418001,  0.51331792,  0.48925709, ...,  0.04684386,
          0.18399251,  0.        ]],

       [[ 0.        ,  0.22462217,  0.01964622, ..., -0.82713849,
         -0.83242247, -0.91202082],
        [-0.22462217,  0.        , -0.20543464, ..., -0.67976449,
         -0.68667822, -0.79658756],
        [-0.01964622,  0.20543464,  0.        , ..., -0.81593771,
         -0.82137502, -0.90378702],
        ...,
        [ 0.82713849,  0.67976449,  0.81593771, ...,  0.        ,
          0.00946811,  0.1733082 ],
        [ 0.83242247,  0.68667822,  0.82137502, ..., -0.00946811,
          0.        ,  0.1639756 ],
        [ 0.91202082,  0.79658756,  0.90378702, ..., -0.1733082 ,
         -0.1639756 ,  0.        ]]]), 'num': array([ 7.10472221e-01,  7.03725098e-01,  1.57643055e-06,  5.62260228e-05,
        5.68828688e-05,  5.55034921e-05,  4.29616734e-04, -3.28423030e-07,
        5.55560398e-05,  5.37529974e-05,  5.95956431e-05,  8.10436930e-07,
        5.64676953e-05,  5.10382994e-05])}
{'img': array([[[ 0.        ,  0.05430697,  0.48412292, ..., -0.96824584,
         -0.92148508, -0.93325595],
        [-0.05430697,  0.        ,  0.43588989, ..., -0.98039373,
         -0.9412188 , -0.95138645],
        [-0.48412292, -0.43588989,  0.        , ..., -0.96824584,
         -0.99433945, -0.99050177],
        ...,
        [ 0.96824584,  0.98039373,  0.96824584, ...,  0.        ,
          0.14570874,  0.11449164],
        [ 0.92148508,  0.9412188 ,  0.99433945, ..., -0.14570874,
          0.        , -0.03148086],
        [ 0.93325595,  0.95138645,  0.99050177, ..., -0.11449164,
          0.03148086,  0.        ]],

       [[ 0.        , -0.29353921, -0.35011256, ..., -0.79684686,
         -0.62301204, -0.91041972],
        [ 0.29353921,  0.        , -0.05972864, ..., -0.58439248,
         -0.36595654, -0.74888003],
        [ 0.35011256,  0.05972864,  0.        , ..., -0.53488107,
         -0.3097178 , -0.70796051],
        ...,
        [ 0.79684686,  0.58439248,  0.53488107, ...,  0.        ,
          0.24689113, -0.22041437],
        [ 0.62301204,  0.36595654,  0.3097178 , ..., -0.24689113,
          0.        , -0.45441023],
        [ 0.91041972,  0.74888003,  0.70796051, ...,  0.22041437,
          0.45441023,  0.        ]],

       [[ 0.        , -0.31332503, -0.38125741, ..., -0.66872587,
         -0.78770677, -0.86259163],
        [ 0.31332503,  0.        , -0.0724003 , ..., -0.86801281,
         -0.94106654, -0.97766805],
        [ 0.38125741,  0.0724003 ,  0.        , ..., -0.90168462,
         -0.96308419, -0.9903176 ],
        ...,
        [ 0.66872587,  0.86801281,  0.90168462, ...,  0.        ,
          0.1736983 ,  0.30303568],
        [ 0.78770677,  0.94106654,  0.96308419, ..., -0.1736983 ,
          0.        ,  0.13289834],
        [ 0.86259163,  0.97766805,  0.9903176 , ..., -0.30303568,
         -0.13289834,  0.        ]],

       ...,

       [[ 0.        ,  0.06032198,  0.11767861, ...,  0.57285503,
          0.71472789,  0.63218848],
        [-0.06032198,  0.        ,  0.05756147, ...,  0.52236853,
          0.671237  ,  0.58429889],
        [-0.11767861, -0.05756147,  0.        , ...,  0.47241862,
          0.62745704,  0.53661675],
        ...,
        [-0.57285503, -0.52236853, -0.47241862, ...,  0.        ,
          0.18517519,  0.07432105],
        [-0.71472789, -0.671237  , -0.62745704, ..., -0.18517519,
          0.        , -0.11162736],
        [-0.63218848, -0.58429889, -0.53661675, ..., -0.07432105,
          0.11162736,  0.        ]],

       [[ 0.        ,  0.02780518,  0.01385244, ..., -0.66245648,
         -0.51331792, -0.59469216],
        [-0.02780518,  0.        , -0.01395543, ..., -0.64137147,
         -0.48925709, -0.57210816],
        [-0.01385244,  0.01395543,  0.        , ..., -0.65201605,
         -0.50138053, -0.58349838],
        ...,
        [ 0.66245648,  0.64137147,  0.65201605, ...,  0.        ,
         -0.18399251, -0.08710007],
        [ 0.51331792,  0.48925709,  0.50138053, ...,  0.18399251,
          0.        ,  0.09768019],
        [ 0.59469216,  0.57210816,  0.58349838, ...,  0.08710007,
         -0.09768019,  0.        ]],

       [[ 0.        , -0.20543464, -0.24327527, ..., -0.68667822,
         -0.79658756, -0.82979247],
        [ 0.20543464,  0.        , -0.03882358, ..., -0.82137502,
         -0.90378702, -0.92674103],
        [ 0.24327527,  0.03882358,  0.        , ..., -0.8429003 ,
         -0.91972145, -0.94062839],
        ...,
        [ 0.68667822,  0.82137502,  0.8429003 , ...,  0.        ,
          0.1639756 ,  0.22001123],
        [ 0.79658756,  0.90378702,  0.91972145, ..., -0.1639756 ,
          0.        ,  0.05707548],
        [ 0.82979247,  0.92674103,  0.94062839, ..., -0.22001123,
         -0.05707548,  0.        ]]]), 'num': array([ 7.07106347e-01,  7.07106347e-01,  0.00000000e+00,  1.72665503e-04,
        1.78421020e-04,  1.72048841e-04,  9.92991088e-04, -3.28886673e-06,
        1.74145493e-04,  1.68369421e-04,  1.85889488e-04,  2.20894034e-06,
        1.77067934e-04,  1.59670909e-04])}
{'img': array([[[ 0.        ,  0.43588989,  0.13307049, ..., -0.9412188 ,
         -0.95138645, -0.97777263],
        [-0.43588989,  0.        , -0.3122499 , ..., -0.99433945,
         -0.99050177, -0.97138754],
        [-0.13307049,  0.3122499 ,  0.        , ..., -0.97779903,
         -0.98391104, -0.99697751],
        ...,
        [ 0.9412188 ,  0.99433945,  0.97779903, ...,  0.        ,
         -0.03148086, -0.13294569],
        [ 0.95138645,  0.99050177,  0.98391104, ...,  0.03148086,
          0.        , -0.10167838],
        [ 0.97777263,  0.97138754,  0.99697751, ...,  0.13294569,
          0.10167838,  0.        ]],

       [[ 0.        , -0.05770888, -0.13816983, ..., -0.3473686 ,
         -0.61283569, -0.76481641],
        [ 0.05770888,  0.        , -0.0807842 , ..., -0.29267442,
         -0.56621222, -0.72636297],
        [ 0.13816983,  0.0807842 ,  0.        , ..., -0.21447102,
         -0.49777448, -0.66846504],
        ...,
        [ 0.3473686 ,  0.29267442,  0.21447102, ...,  0.        ,
         -0.30017934, -0.49339866],
        [ 0.61283569,  0.56621222,  0.49777448, ...,  0.30017934,
          0.        , -0.20954751],
        [ 0.76481641,  0.72636297,  0.66846504, ...,  0.49339866,
          0.20954751,  0.        ]],

       [[ 0.        , -0.22580414, -0.22580414, ..., -0.79536256,
         -0.86995017, -0.87625911],
        [ 0.22580414,  0.        ,  0.        , ..., -0.91168807,
         -0.9588347 , -0.96242923],
        [ 0.22580414,  0.        ,  0.        , ..., -0.91168807,
         -0.9588347 , -0.96242923],
        ...,
        [ 0.79536256,  0.91168807,  0.91168807, ...,  0.        ,
          0.13508156,  0.14789277],
        [ 0.86995017,  0.9588347 ,  0.9588347 , ..., -0.13508156,
          0.        ,  0.01294113],
        [ 0.87625911,  0.96242923,  0.96242923, ..., -0.14789277,
         -0.01294113,  0.        ]],

       ...,

       [[ 0.        ,  0.05756147, -0.40961538, ...,  0.671237  ,
          0.58429889,  0.27200956],
        [-0.05756147,  0.        , -0.46144715, ...,  0.62745704,
          0.53661675,  0.21616747],
        [ 0.40961538,  0.46144715,  0.        , ...,  0.91596599,
          0.86545019,  0.64231364],
        ...,
        [-0.671237  , -0.62745704, -0.91596599, ...,  0.        ,
         -0.11162736, -0.44430258],
        [-0.58429889, -0.53661675, -0.86545019, ...,  0.11162736,
          0.        , -0.34152139],
        [-0.27200956, -0.21616747, -0.64231364, ...,  0.44430258,
          0.34152139,  0.        ]],

       [[ 0.        , -0.01395543, -0.05570728, ..., -0.48925709,
         -0.57210816, -0.61936669],
        [ 0.01395543,  0.        , -0.04176809, ..., -0.50138053,
         -0.58349838, -0.63026281],
        [ 0.05570728,  0.04176809,  0.        , ..., -0.53708187,
         -0.61690965, -0.66214079],
        ...,
        [ 0.48925709,  0.50138053,  0.53708187, ...,  0.        ,
          0.09768019,  0.15605758],
        [ 0.57210816,  0.58349838,  0.61690965, ..., -0.09768019,
          0.        ,  0.05882788],
        [ 0.61936669,  0.63026281,  0.66214079, ..., -0.15605758,
         -0.05882788,  0.        ]],

       [[ 0.        , -0.13242878, -0.20577587, ..., -0.79980485,
         -0.83297654, -0.83194473],
        [ 0.13242878,  0.        , -0.07436881, ..., -0.8722523 ,
         -0.89891406, -0.89809663],
        [ 0.20577587,  0.07436881,  0.        , ..., -0.90620739,
         -0.92900763, -0.92831689],
        ...,
        [ 0.79980485,  0.8722523 ,  0.90620739, ...,  0.        ,
          0.05746391,  0.0556047 ],
        [ 0.83297654,  0.89891406,  0.92900763, ..., -0.05746391,
          0.        , -0.00186219],
        [ 0.83194473,  0.89809663,  0.92831689, ..., -0.0556047 ,
          0.00186219,  0.        ]]]), 'num': array([7.95178947e-01, 6.06371595e-01, 4.42690157e-05, 1.96469669e-04,
       1.99463931e-04, 1.93245079e-04, 1.90356768e-03, 2.99426225e-06,
       1.95686554e-04, 1.89053112e-04, 2.07644409e-04, 2.84384405e-06,
       1.99376940e-04, 1.78729284e-04])}
{'img': array([[[ 0.        , -0.3122499 , -0.27128168, ..., -0.99050177,
         -0.97138754, -0.98771754],
        [ 0.3122499 ,  0.        ,  0.04282293, ..., -0.98391104,
         -0.99697751, -0.98712071],
        [ 0.27128168, -0.04282293,  0.        , ..., -0.99065918,
         -0.9993899 , -0.99306589],
        ...,
        [ 0.99050177,  0.98391104,  0.99065918, ...,  0.        ,
         -0.10167838, -0.01895474],
        [ 0.97138754,  0.99697751,  0.9993899 , ...,  0.10167838,
          0.        ,  0.08280361],
        [ 0.98771754,  0.98712071,  0.99306589, ...,  0.01895474,
         -0.08280361,  0.        ]],

       [[ 0.        , -0.0807842 , -0.06841391, ..., -0.56621222,
         -0.72636297, -0.49103098],
        [ 0.0807842 ,  0.        ,  0.01240461, ..., -0.49777448,
         -0.66846504, -0.41905159],
        [ 0.06841391, -0.01240461,  0.        , ..., -0.50849478,
         -0.67763946, -0.43028227],
        ...,
        [ 0.56621222,  0.49777448,  0.50849478, ...,  0.        ,
         -0.20954751,  0.08851436],
        [ 0.72636297,  0.66846504,  0.67763946, ...,  0.20954751,
          0.        ,  0.29527421],
        [ 0.49103098,  0.41905159,  0.43028227, ..., -0.08851436,
         -0.29527421,  0.        ]],

       [[ 0.        ,  0.        ,  0.08074621, ..., -0.90970855,
         -0.91504626, -0.92375352],
        [ 0.        ,  0.        ,  0.08074621, ..., -0.90970855,
         -0.91504626, -0.92375352],
        [-0.08074621, -0.08074621,  0.        , ..., -0.87320843,
         -0.87948946, -0.88981239],
        ...,
        [ 0.90970855,  0.90970855,  0.87320843, ...,  0.        ,
          0.01304057,  0.03517917],
        [ 0.91504626,  0.91504626,  0.87948946, ..., -0.01304057,
          0.        ,  0.02214369],
        [ 0.92375352,  0.92375352,  0.88981239, ..., -0.03517917,
         -0.02214369,  0.        ]],

       ...,

       [[ 0.        , -0.46144715, -0.53200176, ...,  0.53661675,
          0.21616747,  0.53855078],
        [ 0.46144715,  0.        , -0.08124751, ...,  0.86545019,
          0.64231364,  0.86659703],
        [ 0.53200176,  0.08124751,  0.        , ...,  0.90329357,
          0.70246162,  0.90427523],
        ...,
        [-0.53661675, -0.86545019, -0.90329357, ...,  0.        ,
         -0.34152139,  0.00229365],
        [-0.21616747, -0.64231364, -0.70246162, ...,  0.34152139,
          0.        ,  0.34367624],
        [-0.53855078, -0.86659703, -0.90427523, ..., -0.00229365,
         -0.34367624,  0.        ]],

       [[ 0.        , -0.04176809, -0.06704191, ..., -0.58349838,
         -0.63026281, -0.70999211],
        [ 0.04176809,  0.        , -0.02530928, ..., -0.61690965,
         -0.66214079, -0.73878601],
        [ 0.06704191,  0.02530928,  0.        , ..., -0.6366313 ,
         -0.68089494, -0.7556063 ],
        ...,
        [ 0.58349838,  0.61690965,  0.6366313 , ...,  0.        ,
          0.05882788,  0.16568956],
        [ 0.63026281,  0.66214079,  0.68089494, ..., -0.05882788,
          0.        ,  0.10738785],
        [ 0.70999211,  0.73878601,  0.7556063 , ..., -0.16568956,
         -0.10738785,  0.        ]],

       [[ 0.        , -0.15855018, -0.21543026, ..., -0.83428561,
         -0.83325455, -0.8297375 ],
        [ 0.15855018,  0.        , -0.05787797, ..., -0.91114653,
         -0.91037538, -0.90773747],
        [ 0.21543026,  0.05787797,  0.        , ..., -0.93346964,
         -0.93279823, -0.93049784],
        ...,
        [ 0.83428561,  0.91114653,  0.93346964, ...,  0.        ,
         -0.00186749, -0.00819846],
        [ 0.83325455,  0.91037538,  0.93279823, ...,  0.00186749,
          0.        , -0.00633102],
        [ 0.8297375 ,  0.90773747,  0.93049784, ...,  0.00819846,
          0.00633102,  0.        ]]]), 'num': array([7.86803493e-01, 6.17202372e-01, 3.96264301e-05, 1.94943817e-04,
       1.96082507e-04, 1.91983221e-04, 1.09323399e-03, 6.83214311e-07,
       1.94306150e-04, 1.87382912e-04, 2.04618891e-04, 2.77555814e-06,
       1.98152396e-04, 1.76613428e-04])}
{'img': array([[[ 0.00000000e+00,  1.59108229e-01, -2.62607377e-01, ...,
         -9.97886184e-01, -9.99815739e-01, -9.99260089e-01],
        [-1.59108229e-01,  0.00000000e+00, -4.12786032e-01, ...,
         -9.74834470e-01, -9.90133483e-01, -9.92650178e-01],
        [ 2.62607377e-01,  4.12786032e-01,  0.00000000e+00, ...,
         -9.79928919e-01, -9.59683954e-01, -9.54088599e-01],
        ...,
        [ 9.97886184e-01,  9.74834470e-01,  9.79928919e-01, ...,
          0.00000000e+00,  8.41293859e-02,  1.03317843e-01],
        [ 9.99815739e-01,  9.90133483e-01,  9.59683954e-01, ...,
         -8.41293859e-02,  0.00000000e+00,  1.92724059e-02],
        [ 9.99260089e-01,  9.92650178e-01,  9.54088599e-01, ...,
         -1.03317843e-01, -1.92724059e-02,  0.00000000e+00]],

       [[ 0.00000000e+00,  1.23952197e-02,  3.01846032e-01, ...,
         -6.47700032e-01, -4.18334679e-01, -6.68847687e-01],
        [-1.23952197e-02,  0.00000000e+00,  2.90005778e-01, ...,
         -6.57094135e-01, -4.29561032e-01, -6.78010904e-01],
        [-3.01846032e-01, -2.90005778e-01,  0.00000000e+00, ...,
         -8.47464274e-01, -6.72986789e-01, -8.62042596e-01],
        ...,
        [ 6.47700032e-01,  6.57094135e-01,  8.47464274e-01, ...,
          0.00000000e+00,  2.69574092e-01, -2.80921453e-02],
        [ 4.18334679e-01,  4.29561032e-01,  6.72986789e-01, ...,
         -2.69574092e-01,  0.00000000e+00, -2.96519866e-01],
        [ 6.68847687e-01,  6.78010904e-01,  8.62042596e-01, ...,
          2.80921453e-02,  2.96519866e-01,  0.00000000e+00]],

       [[ 0.00000000e+00,  8.07462075e-02,  8.07462075e-02, ...,
         -9.15046259e-01, -9.23753521e-01, -9.35801467e-01],
        [-8.07462075e-02,  0.00000000e+00,  0.00000000e+00, ...,
         -8.79489459e-01, -8.89812395e-01, -9.04280533e-01],
        [-8.07462075e-02,  0.00000000e+00,  0.00000000e+00, ...,
         -8.79489459e-01, -8.89812395e-01, -9.04280533e-01],
        ...,
        [ 9.15046259e-01,  8.79489459e-01,  8.79489459e-01, ...,
          0.00000000e+00,  2.21436887e-02,  5.48755623e-02],
        [ 9.23753521e-01,  8.89812395e-01,  8.89812395e-01, ...,
         -2.21436887e-02,  0.00000000e+00,  3.27517841e-02],
        [ 9.35801467e-01,  9.04280533e-01,  9.04280533e-01, ...,
         -5.48755623e-02, -3.27517841e-02,  0.00000000e+00]],

       ...,

       [[ 0.00000000e+00, -8.12475129e-02, -1.95271775e-01, ...,
          6.42313637e-01,  8.66597026e-01,  8.45256056e-01],
        [ 8.12475129e-02,  0.00000000e+00, -1.14942767e-01, ...,
          7.02461618e-01,  9.04275227e-01,  8.85877144e-01],
        [ 1.95271775e-01,  1.14942767e-01,  0.00000000e+00, ...,
          7.79613037e-01,  9.47356611e-01,  9.33329891e-01],
        ...,
        [-6.42313637e-01, -7.02461618e-01, -7.79613037e-01, ...,
          0.00000000e+00,  3.43676238e-01,  3.04611990e-01],
        [-8.66597026e-01, -9.04275227e-01, -9.47356611e-01, ...,
         -3.43676238e-01,  0.00000000e+00, -4.12860256e-02],
        [-8.45256056e-01, -8.85877144e-01, -9.33329891e-01, ...,
         -3.04611990e-01,  4.12860256e-02,  0.00000000e+00]],

       [[ 0.00000000e+00, -2.53092837e-02, -2.57718956e-02, ...,
         -6.62140789e-01, -7.38786014e-01, -7.95917545e-01],
        [ 2.53092837e-02,  0.00000000e+00, -4.62762903e-04, ...,
         -6.80894942e-01, -7.55606299e-01, -8.10984955e-01],
        [ 2.57718956e-02,  4.62762903e-04,  0.00000000e+00, ...,
         -6.81233787e-01, -7.55909340e-01, -8.11255616e-01],
        ...,
        [ 6.62140789e-01,  6.80894942e-01,  6.81233787e-01, ...,
          0.00000000e+00,  1.07387852e-01,  1.95580890e-01],
        [ 7.38786014e-01,  7.55606299e-01,  7.55909340e-01, ...,
         -1.07387852e-01,  0.00000000e+00,  8.91359537e-02],
        [ 7.95917545e-01,  8.10984955e-01,  8.11255616e-01, ...,
         -1.95580890e-01, -8.91359537e-02,  0.00000000e+00]],

       [[ 0.00000000e+00, -1.47249604e-01, -2.64974630e-01, ...,
         -8.35135817e-01, -8.31622360e-01, -8.29563492e-01],
        [ 1.47249604e-01,  0.00000000e+00, -1.20100015e-01, ...,
         -9.07026036e-01, -9.04330973e-01, -9.02746729e-01],
        [ 2.64974630e-01,  1.20100015e-01,  0.00000000e+00, ...,
         -9.51031856e-01, -9.49047763e-01, -9.47876183e-01],
        ...,
        [ 8.35135817e-01,  9.07026036e-01,  9.51031856e-01, ...,
          0.00000000e+00, -6.35691714e-03, -1.00539547e-02],
        [ 8.31622360e-01,  9.04330973e-01,  9.49047763e-01, ...,
          6.35691714e-03,  0.00000000e+00, -3.69715569e-03],
        [ 8.29563492e-01,  9.02746729e-01,  9.47876183e-01, ...,
          1.00539547e-02,  3.69715569e-03,  0.00000000e+00]]]), 'num': array([9.33763418e-01, 3.57886526e-01, 1.34550676e-04, 2.31368780e-04,
       2.33531105e-04, 2.29206455e-04, 1.63504208e-03, 0.00000000e+00,
       2.30341675e-04, 2.23138430e-04, 2.42067784e-04, 3.08903577e-06,
       2.36189270e-04, 2.10087590e-04])}
{'img': array([[[ 0.00000000e+00, -4.12786032e-01, -5.51167074e-01, ...,
         -9.90133483e-01, -9.92650178e-01, -9.92650178e-01],
        [ 4.12786032e-01,  0.00000000e+00, -1.57591856e-01, ...,
         -9.59683954e-01, -9.54088599e-01, -9.54088599e-01],
        [ 5.51167074e-01,  1.57591856e-01,  0.00000000e+00, ...,
         -9.03395936e-01, -8.94963998e-01, -8.94963998e-01],
        ...,
        [ 9.90133483e-01,  9.59683954e-01,  9.03395936e-01, ...,
          0.00000000e+00,  1.92724059e-02,  1.92724059e-02],
        [ 9.92650178e-01,  9.54088599e-01,  8.94963998e-01, ...,
         -1.92724059e-02,  0.00000000e+00,  0.00000000e+00],
        [ 9.92650178e-01,  9.54088599e-01,  8.94963998e-01, ...,
         -1.92724059e-02,  0.00000000e+00,  0.00000000e+00]],

       [[ 0.00000000e+00,  2.90005778e-01,  2.91552591e-01, ...,
         -4.29561032e-01, -6.78010904e-01, -5.35196756e-01],
        [-2.90005778e-01,  0.00000000e+00,  1.61666913e-03, ...,
         -6.72986789e-01, -8.62042596e-01, -7.57172455e-01],
        [-2.91552591e-01, -1.61666913e-03,  0.00000000e+00, ...,
         -6.74181686e-01, -8.62860855e-01, -7.58227498e-01],
        ...,
        [ 4.29561032e-01,  6.72986789e-01,  6.74181686e-01, ...,
          0.00000000e+00, -2.96519866e-01, -1.20440930e-01],
        [ 6.78010904e-01,  8.62042596e-01,  8.62860855e-01, ...,
          2.96519866e-01,  0.00000000e+00,  1.79337046e-01],
        [ 5.35196756e-01,  7.57172455e-01,  7.58227498e-01, ...,
          1.20440930e-01, -1.79337046e-01,  0.00000000e+00]],

       [[ 0.00000000e+00,  0.00000000e+00, -2.27073811e-01, ...,
         -8.89812395e-01, -9.04280533e-01, -9.00381149e-01],
        [ 0.00000000e+00,  0.00000000e+00, -2.27073811e-01, ...,
         -8.89812395e-01, -9.04280533e-01, -9.00381149e-01],
        [ 2.27073811e-01,  2.27073811e-01,  0.00000000e+00, ...,
         -9.70188120e-01, -9.77605125e-01, -9.75661267e-01],
        ...,
        [ 8.89812395e-01,  8.89812395e-01,  9.70188120e-01, ...,
          0.00000000e+00,  3.27517841e-02,  2.37086173e-02],
        [ 9.04280533e-01,  9.04280533e-01,  9.77605125e-01, ...,
         -3.27517841e-02,  0.00000000e+00, -9.04667989e-03],
        [ 9.00381149e-01,  9.00381149e-01,  9.75661267e-01, ...,
         -2.37086173e-02,  9.04667989e-03,  0.00000000e+00]],

       ...,

       [[ 0.00000000e+00, -1.14942767e-01, -1.57056655e-01, ...,
          9.04275227e-01,  8.85877144e-01,  7.92385515e-01],
        [ 1.14942767e-01,  0.00000000e+00, -4.24994213e-02, ...,
          9.47356611e-01,  9.33329891e-01,  8.57251137e-01],
        [ 1.57056655e-01,  4.24994213e-02,  0.00000000e+00, ...,
          9.60108146e-01,  9.47744759e-01,  8.78359493e-01],
        ...,
        [-9.04275227e-01, -9.47356611e-01, -9.60108146e-01, ...,
          0.00000000e+00, -4.12860256e-02, -2.13317556e-01],
        [-8.85877144e-01, -9.33329891e-01, -9.47744759e-01, ...,
          4.12860256e-02,  0.00000000e+00, -1.72799933e-01],
        [-7.92385515e-01, -8.57251137e-01, -8.78359493e-01, ...,
          2.13317556e-01,  1.72799933e-01,  0.00000000e+00]],

       [[ 0.00000000e+00, -4.62762903e-04,  3.81864641e-02, ...,
         -7.55606299e-01, -8.10984955e-01, -8.46893710e-01],
        [ 4.62762903e-04,  0.00000000e+00,  3.86488854e-02, ...,
         -7.55909340e-01, -8.11255616e-01, -8.47139699e-01],
        [-3.81864641e-02, -3.86488854e-02,  0.00000000e+00, ...,
         -7.30042054e-01, -7.88051808e-01, -8.25969893e-01],
        ...,
        [ 7.55606299e-01,  7.55909340e-01,  7.30042054e-01, ...,
          0.00000000e+00,  8.91359537e-02,  1.52934565e-01],
        [ 8.10984955e-01,  8.11255616e-01,  7.88051808e-01, ...,
         -8.91359537e-02,  0.00000000e+00,  6.42384176e-02],
        [ 8.46893710e-01,  8.47139699e-01,  8.25969893e-01, ...,
         -1.52934565e-01, -6.42384176e-02,  0.00000000e+00]],

       [[ 0.00000000e+00, -2.22117659e-01, -3.28785907e-01, ...,
         -8.33244463e-01, -8.31187360e-01, -8.38837252e-01],
        [ 2.22117659e-01,  0.00000000e+00, -1.10803879e-01, ...,
         -9.35239817e-01, -9.33919926e-01, -9.38799905e-01],
        [ 3.28785907e-01,  1.10803879e-01,  0.00000000e+00, ...,
         -9.68707097e-01, -9.67779541e-01, -9.71186882e-01],
        ...,
        [ 8.33244463e-01,  9.35239817e-01,  9.68707097e-01, ...,
          0.00000000e+00, -3.71016701e-03,  1.01935835e-02],
        [ 8.31187360e-01,  9.33919926e-01,  9.67779541e-01, ...,
          3.71016701e-03,  0.00000000e+00,  1.39034876e-02],
        [ 8.38837252e-01,  9.38799905e-01,  9.71186882e-01, ...,
         -1.01935835e-02, -1.39034876e-02,  0.00000000e+00]]]), 'num': array([9.66642807e-01, 2.56108092e-01, 1.64857242e-04, 2.39964443e-04,
       2.41634729e-04, 2.36623870e-04, 3.13869037e-03, 1.67028614e-06,
       2.37570366e-04, 2.30583002e-04, 2.48524659e-04, 3.47157512e-06,
       2.44496596e-04, 2.16669408e-04])}
{'img': array([[[ 0.        , -0.39191836, -0.64204534, ..., -0.99679486,
         -0.99679486, -0.99919968],
        [ 0.39191836,  0.        , -0.29021097, ..., -0.94840474,
         -0.94840474, -0.93494044],
        [ 0.64204534,  0.29021097,  0.        , ..., -0.81557302,
         -0.81557302, -0.7917349 ],
        ...,
        [ 0.99679486,  0.94840474,  0.81557302, ...,  0.        ,
          0.        ,  0.04006418],
        [ 0.99679486,  0.94840474,  0.81557302, ...,  0.        ,
          0.        ,  0.04006418],
        [ 0.99919968,  0.93494044,  0.7917349 , ..., -0.04006418,
         -0.04006418,  0.        ]],

       [[ 0.        ,  0.00161667,  0.06231104, ..., -0.8620426 ,
         -0.75717245, -0.58619317],
        [-0.00161667,  0.        ,  0.06069743, ..., -0.86286085,
         -0.7582275 , -0.58750218],
        [-0.06231104, -0.06069743,  0.        , ..., -0.89194892,
         -0.79640361, -0.63553668],
        ...,
        [ 0.8620426 ,  0.86286085,  0.89194892, ...,  0.        ,
          0.17933705,  0.40129848],
        [ 0.75717245,  0.7582275 ,  0.79640361, ..., -0.17933705,
          0.        ,  0.23052922],
        [ 0.58619317,  0.58750218,  0.63553668, ..., -0.40129848,
         -0.23052922,  0.        ]],

       [[ 0.        , -0.22707381, -0.4673325 , ..., -0.90428053,
         -0.90038115, -0.90504956],
        [ 0.22707381,  0.        , -0.25437285, ..., -0.97760513,
         -0.97566127, -0.97798333],
        [ 0.4673325 ,  0.25437285,  0.        , ..., -0.99898018,
         -0.99934776, -0.99889706],
        ...,
        [ 0.90428053,  0.97760513,  0.99898018, ...,  0.        ,
         -0.00904668,  0.0018047 ],
        [ 0.90038115,  0.97566127,  0.99934776, ...,  0.00904668,
          0.        ,  0.01085129],
        [ 0.90504956,  0.97798333,  0.99889706, ..., -0.0018047 ,
         -0.01085129,  0.        ]],

       ...,

       [[ 0.        , -0.04249942, -0.25515124, ...,  0.93332989,
          0.85725114,  0.95760291],
        [ 0.04249942,  0.        , -0.21382797, ...,  0.94774476,
          0.87835949,  0.96898142],
        [ 0.25515124,  0.21382797,  0.        , ...,  0.99404213,
          0.96025411,  0.99941424],
        ...,
        [-0.93332989, -0.94774476, -0.99404213, ...,  0.        ,
         -0.17279993,  0.07491419],
        [-0.85725114, -0.87835949, -0.96025411, ...,  0.17279993,
          0.        ,  0.24610161],
        [-0.95760291, -0.96898142, -0.99941424, ..., -0.07491419,
         -0.24610161,  0.        ]],

       [[ 0.        ,  0.03864889,  0.15526549, ..., -0.81125562,
         -0.8471397 , -0.88143279],
        [-0.03864889,  0.        ,  0.1169693 , ..., -0.78805181,
         -0.82596989, -0.86252   ],
        [-0.15526549, -0.1169693 ,  0.        , ..., -0.71063491,
         -0.75436279, -0.7974101 ],
        ...,
        [ 0.81125562,  0.78805181,  0.71063491, ...,  0.        ,
          0.06423842,  0.13220269],
        [ 0.8471397 ,  0.82596989,  0.75436279, ..., -0.06423842,
          0.        ,  0.06825505],
        [ 0.88143279,  0.86252   ,  0.7974101 , ..., -0.13220269,
         -0.06825505,  0.        ]],

       [[ 0.        , -0.24707096, -0.43230679, ..., -0.83491652,
         -0.84254906, -0.8470232 ],
        [ 0.24707096,  0.        , -0.19611369, ..., -0.94501401,
         -0.9495051 , -0.9520953 ],
        [ 0.43230679,  0.19611369,  0.        , ..., -0.99079797,
         -0.9925978 , -0.99357857],
        ...,
        [ 0.83491652,  0.94501401,  0.99079797, ...,  0.        ,
          0.01401687,  0.02237692],
        [ 0.84254906,  0.9495051 ,  0.9925978 , ..., -0.01401687,
          0.        ,  0.00836135],
        [ 0.8470232 ,  0.9520953 ,  0.99357857, ..., -0.02237692,
         -0.00836135,  0.        ]]]), 'num': array([ 9.29514647e-01,  3.68763243e-01,  1.31786464e-04,  2.29627930e-04,
        2.34754758e-04,  2.28818430e-04,  3.96892044e-03, -2.96816360e-06,
        2.30869162e-04,  2.24069369e-04,  2.40142424e-04,  3.55308122e-06,
        2.37585177e-04,  2.10553561e-04])}
{'img': array([[[ 0.        , -0.54215612, -0.63703687, ..., -0.99913157,
         -1.        , -0.9970781 ],
        [ 0.54215612,  0.        , -0.11737592, ..., -0.86213789,
         -0.84027778, -0.87923727],
        [ 0.63703687,  0.11737592,  0.        , ..., -0.79670712,
         -0.77083333, -0.81724357],
        ...,
        [ 0.99913157,  0.86213789,  0.79670712, ...,  0.        ,
          0.04166667, -0.03477763],
        [ 1.        ,  0.84027778,  0.77083333, ..., -0.04166667,
          0.        , -0.07638889],
        [ 0.9970781 ,  0.87923727,  0.81724357, ...,  0.03477763,
          0.07638889,  0.        ]],

       [[ 0.        ,  0.06069743,  0.0426745 , ..., -0.7582275 ,
         -0.58750218, -0.50388119],
        [-0.06069743,  0.        , -0.01804632, ..., -0.79640361,
         -0.63553668, -0.55538093],
        [-0.0426745 ,  0.01804632,  0.        , ..., -0.78536012,
         -0.62150015, -0.54028324],
        ...,
        [ 0.7582275 ,  0.79640361,  0.78536012, ...,  0.        ,
          0.23052922,  0.32641089],
        [ 0.58750218,  0.63553668,  0.62150015, ..., -0.23052922,
          0.        ,  0.09971647],
        [ 0.50388119,  0.55538093,  0.54028324, ..., -0.32641089,
         -0.09971647,  0.        ]],

       [[ 0.        , -0.41676184, -0.57985048, ..., -0.90395569,
         -0.90858474, -0.91673157],
        [ 0.41676184,  0.        , -0.18754778, ..., -0.99992818,
         -0.99999947, -0.99982131],
        [ 0.57985048,  0.18754778,  0.        , ..., -0.98443263,
         -0.98244868, -0.97853464],
        ...,
        [ 0.90395569,  0.99992818,  0.98443263, ...,  0.        ,
          0.01095177,  0.03088472],
        [ 0.90858474,  0.99999947,  0.98244868, ..., -0.01095177,
          0.        ,  0.01993632],
        [ 0.91673157,  0.99982131,  0.97853464, ..., -0.03088472,
         -0.01993632,  0.        ]],

       ...,

       [[ 0.        , -0.21382797, -0.24215522, ...,  0.87835949,
          0.96898142,  0.99992588],
        [ 0.21382797,  0.        , -0.02909057, ...,  0.96025411,
          0.99941424,  0.97940228],
        [ 0.24215522,  0.02909057,  0.        , ...,  0.96796768,
          0.99998682,  0.97311385],
        ...,
        [-0.87835949, -0.96025411, -0.96796768, ...,  0.        ,
          0.24610161,  0.46727117],
        [-0.96898142, -0.99941424, -0.99998682, ..., -0.24610161,
          0.        ,  0.2353179 ],
        [-0.99992588, -0.97940228, -0.97311385, ..., -0.46727117,
         -0.2353179 ,  0.        ]],

       [[ 0.        ,  0.1169693 ,  0.28870194, ..., -0.82596989,
         -0.86252   , -0.87804749],
        [-0.1169693 ,  0.        ,  0.17473152, ..., -0.75436279,
         -0.7974101 , -0.81604176],
        [-0.28870194, -0.17473152,  0.        , ..., -0.6280539 ,
         -0.67970324, -0.70249428],
        ...,
        [ 0.82596989,  0.75436279,  0.6280539 , ...,  0.        ,
          0.06825505,  0.09968056],
        [ 0.86252   ,  0.7974101 ,  0.67970324, ..., -0.06825505,
          0.        ,  0.03153299],
        [ 0.87804749,  0.81604176,  0.70249428, ..., -0.09968056,
         -0.03153299,  0.        ]],

       [[ 0.        , -0.36330568, -0.52516208, ..., -0.84714926,
         -0.85160744, -0.85980143],
        [ 0.36330568,  0.        , -0.18010381, ..., -0.98230784,
         -0.9838547 , -0.98656544],
        [ 0.52516208,  0.18010381,  0.        , ..., -0.9999734 ,
         -0.99999933, -0.99985568],
        ...,
        [ 0.84714926,  0.98230784,  0.9999734 , ...,  0.        ,
          0.00844709,  0.0242812 ],
        [ 0.85160744,  0.9838547 ,  0.99999933, ..., -0.00844709,
          0.        ,  0.01583574],
        [ 0.85980143,  0.98656544,  0.99985568, ..., -0.0242812 ,
         -0.01583574,  0.        ]]]), 'num': array([9.29787999e-01, 3.68088875e-01, 1.31545462e-04, 2.30016021e-04,
       2.31093380e-04, 2.23821211e-04, 2.10262655e-03, 8.08018811e-07,
       2.30500833e-04, 2.24050149e-04, 2.39020942e-04, 3.62444652e-06,
       2.37799956e-04, 2.10300343e-04])}
{'img': array([[[ 0.        , -0.23004989, -0.27796526, ..., -0.95918321,
         -0.97915499, -0.97436251],
        [ 0.23004989,  0.        , -0.04952603, ..., -0.86840206,
         -0.90616644, -0.89647148],
        [ 0.27796526,  0.04952603,  0.        , ..., -0.84277837,
         -0.88410881, -0.8734263 ],
        ...,
        [ 0.95918321,  0.86840206,  0.84277837, ...,  0.        ,
         -0.08206666, -0.0597348 ],
        [ 0.97915499,  0.90616644,  0.88410881, ...,  0.08206666,
          0.        ,  0.02238681],
        [ 0.97436251,  0.89647148,  0.8734263 , ...,  0.0597348 ,
         -0.02238681,  0.        ]],

       [[ 0.        , -0.01804632, -0.64785585, ..., -0.63553668,
         -0.55538093, -0.73205787],
        [ 0.01804632,  0.        , -0.63400333, ..., -0.62150015,
         -0.54028324, -0.71964474],
        [ 0.64785585,  0.63400333,  0.        , ...,  0.01606221,
          0.11568576, -0.11630765],
        ...,
        [ 0.63553668,  0.62150015, -0.01606221, ...,  0.        ,
          0.09971647, -0.13224585],
        [ 0.55538093,  0.54028324, -0.11568576, ..., -0.09971647,
          0.        , -0.23042738],
        [ 0.73205787,  0.71964474,  0.11630765, ...,  0.13224585,
          0.23042738,  0.        ]],

       [[ 0.        , -0.43337607, -0.60823001, ..., -0.92083688,
         -0.92867925, -0.92936952],
        [ 0.43337607,  0.        , -0.20414794, ..., -0.99886446,
         -0.99767017, -0.99754117],
        [ 0.60823001,  0.20414794,  0.        , ..., -0.96810232,
         -0.96273192, -0.9622257 ],
        ...,
        [ 0.92083688,  0.99886446,  0.96810232, ...,  0.        ,
          0.02061307,  0.02247814],
        [ 0.92867925,  0.99767017,  0.96273192, ..., -0.02061307,
          0.        ,  0.00186551],
        [ 0.92936952,  0.99754117,  0.9622257 , ..., -0.02247814,
         -0.00186551,  0.        ]],

       ...,

       [[ 0.        , -0.02909057,  0.05844731, ...,  0.99941424,
          0.97940228,  0.93340341],
        [ 0.02909057,  0.        ,  0.08746341, ...,  0.99998682,
          0.97311385,  0.92256984],
        [-0.05844731, -0.08746341,  0.        , ...,  0.99570553,
          0.9895296 ,  0.95278033],
        ...,
        [-0.99941424, -0.99998682, -0.99570553, ...,  0.        ,
          0.2353179 ,  0.39056184],
        [-0.97940228, -0.97311385, -0.9895296 , ..., -0.2353179 ,
          0.        ,  0.16296609],
        [-0.93340341, -0.92256984, -0.95278033, ..., -0.39056184,
         -0.16296609,  0.        ]],

       [[ 0.        ,  0.17473152,  0.20626832, ..., -0.7974101 ,
         -0.81604176, -0.83464203],
        [-0.17473152,  0.        ,  0.03212111, ..., -0.67970324,
         -0.70249428, -0.72556114],
        [-0.20626832, -0.03212111,  0.        , ..., -0.65579208,
         -0.67927153, -0.70308235],
        ...,
        [ 0.7974101 ,  0.67970324,  0.65579208, ...,  0.        ,
          0.03153299,  0.06444679],
        [ 0.81604176,  0.70249428,  0.67927153, ..., -0.03153299,
          0.        ,  0.03294731],
