state_0,state_1,state_2,state_3,state_4,state_5,state_6,state_7,state_8,state_9,state_10,state_11,state_12,state_13,state_14,state_15,state_16,state_17,state_18,state_19,state_20,state_21,state_22,state_23,state_24,state_25,state_26,state_27,state_28,state_29,state_30,state_31,state_32,state_33,state_34,state_35,state_36,state_37,state_38,state_39,state_40,state_41,state_42,state_43,state_44,state_45,state_46,state_47,state_48,state_49,state_50,state_51,state_52,state_53,state_54,state_55,state_56,state_57,state_58,state_59,state_60,state_61,state_62,state_63,state_64,state_65,state_66,state_67,state_68,state_69,state_70,state_71,state_72,state_73,state_74,state_75,state_76,state_77,state_78,state_79,state_80,state_81,state_82,state_83,state_84,state_85,state_86,state_87,state_88,state_89,state_90,state_91,state_92,state_93,state_94,state_95,state_96,state_97,state_98,state_99,state_100,state_101,state_102,state_103,state_104,state_105,state_106,state_107,state_108,state_109,state_110,state_111,state_112,state_113,state_114,state_115,state_116,state_117,state_118,state_119,state_120,state_121,state_122,state_123,state_124,state_125,state_126,state_127,state_128,state_129,state_130,state_131,state_132,state_133,state_134,state_135,state_136,state_137,state_138,state_139,state_140,state_141,state_142,state_143,state_144,state_145,state_146,state_147,state_148,state_149,state_150,state_151,state_152,state_153,state_154,state_155,state_156,state_157,state_158,state_159,state_160,state_161,state_162,state_163,state_164,state_165,state_166,state_167,state_168,state_169,state_170,state_171,state_172,state_173,state_174,state_175,state_176,state_177,state_178,state_179,state_180,state_181,state_182,state_183,state_184,state_185,state_186,state_187,state_188,state_189,state_190,state_191,state_192,state_193,state_194,state_195,state_196,state_197,state_198,state_199,state_200,state_201,state_202,state_203,state_204,state_205,state_206,state_207,state_208,state_209,state_210,state_211,state_212,state_213,state_214,state_215,state_216,state_217,state_218,state_219,state_220,state_221,state_222,state_223,state_224,state_225,state_226,state_227,state_228,state_229,state_230,state_231,state_232,state_233,state_234,state_235,state_236,state_237,state_238,state_239,state_240,state_241,state_242,state_243,state_244,state_245,state_246,state_247,state_248,state_249,state_250,state_251,state_252,state_253,state_254,state_255,state_256,state_257,state_258,state_259,state_260,state_261,state_262,state_263,state_264,state_265,state_266,state_267,state_268,state_269,state_270,state_271,state_272,state_273,state_274,state_275,state_276,state_277,state_278,state_279,state_280,state_281,state_282,state_283,state_284,state_285,state_286,state_287
{'img': array([[[ 0.00000000e+00, -4.19636360e-01, -4.19636360e-01, ...,
          9.18953178e-01,  8.28018714e-01,  4.19636360e-01],
        [ 4.19636360e-01,  0.00000000e+00,  0.00000000e+00, ...,
          6.68636144e-01,  5.16295916e-01,  0.00000000e+00],
        [ 4.19636360e-01,  0.00000000e+00,  0.00000000e+00, ...,
          6.68636144e-01,  5.16295916e-01,  0.00000000e+00],
        ...,
        [-9.18953178e-01, -6.68636144e-01, -6.68636144e-01, ...,
          0.00000000e+00,  1.88714504e-01,  6.68636144e-01],
        [-8.28018714e-01, -5.16295916e-01, -5.16295916e-01, ...,
         -1.88714504e-01,  0.00000000e+00,  5.16295916e-01],
        [-4.19636360e-01, -0.00000000e+00, -0.00000000e+00, ...,
         -6.68636144e-01, -5.16295916e-01,  0.00000000e+00]],

       [[ 0.00000000e+00, -1.98416182e-01, -7.34574169e-01, ...,
         -1.12280929e-01, -2.64576113e-01,  1.73126134e-01],
        [ 1.98416182e-01,  0.00000000e+00, -5.85338247e-01, ...,
          8.71129541e-02, -6.79701904e-02,  3.65104046e-01],
        [ 7.34574169e-01,  5.85338247e-01,  0.00000000e+00, ...,
          6.53743292e-01,  5.28875070e-01,  8.40952848e-01],
        ...,
        [ 1.12280929e-01, -8.71129541e-02, -6.53743292e-01, ...,
          0.00000000e+00, -1.54623290e-01,  2.82616820e-01],
        [ 2.64576113e-01,  6.79701904e-02, -5.28875070e-01, ...,
          1.54623290e-01,  0.00000000e+00,  4.27537674e-01],
        [-1.73126134e-01, -3.65104046e-01, -8.40952848e-01, ...,
         -2.82616820e-01, -4.27537674e-01,  0.00000000e+00]],

       [[ 0.00000000e+00,  1.75117950e-01,  3.07850080e-01, ...,
          4.89568787e-01,  3.07850080e-01,  0.00000000e+00],
        [-1.75117950e-01,  0.00000000e+00,  1.36479690e-01, ...,
          6.34700373e-01,  4.69706340e-01,  1.75117950e-01],
        [-3.07850080e-01, -1.36479690e-01,  0.00000000e+00, ...,
          7.34227216e-01,  5.85798607e-01,  3.07850080e-01],
        ...,
        [-4.89568787e-01, -6.34700373e-01, -7.34227216e-01, ...,
          0.00000000e+00,  1.97358423e-01,  4.89568787e-01],
        [-3.07850080e-01, -4.69706340e-01, -5.85798607e-01, ...,
         -1.97358423e-01,  0.00000000e+00,  3.07850080e-01],
        [-0.00000000e+00, -1.75117950e-01, -3.07850080e-01, ...,
         -4.89568787e-01, -3.07850080e-01,  0.00000000e+00]],

       ...,

       [[ 0.00000000e+00, -7.12358682e-02, -3.56563564e-02, ...,
          2.23171101e-01,  5.01724945e-01,  4.91886184e-01],
        [ 7.12358682e-02,  0.00000000e+00,  3.56247987e-02, ...,
          2.92043384e-01,  5.62071276e-01,  5.52658733e-01],
        [ 3.56563564e-02, -3.56247987e-02,  0.00000000e+00, ...,
          2.57786267e-01,  5.32249621e-01,  5.22617944e-01],
        ...,
        [-2.23171101e-01, -2.92043384e-01, -2.57786267e-01, ...,
          0.00000000e+00,  2.96022008e-01,  2.85174422e-01],
        [-5.01724945e-01, -5.62071276e-01, -5.32249621e-01, ...,
         -2.96022008e-01,  0.00000000e+00, -1.13366592e-02],
        [-4.91886184e-01, -5.52658733e-01, -5.22617944e-01, ...,
         -2.85174422e-01,  1.13366592e-02,  0.00000000e+00]],

       [[ 0.00000000e+00, -1.68681284e-02, -8.84996195e-02, ...,
          6.59340155e-01,  5.30123790e-01,  8.84996195e-02],
        [ 1.68681284e-02,  0.00000000e+00, -7.16850866e-02, ...,
          6.46564132e-01,  5.15745538e-01,  7.16850866e-02],
        [ 8.84996195e-02,  7.16850866e-02,  0.00000000e+00, ...,
          5.90215067e-01,  4.53003076e-01,  0.00000000e+00],
        ...,
        [-6.59340155e-01, -6.46564132e-01, -5.90215067e-01, ...,
          0.00000000e+00,  1.60497076e-01,  5.90215067e-01],
        [-5.30123790e-01, -5.15745538e-01, -4.53003076e-01, ...,
         -1.60497076e-01,  0.00000000e+00,  4.53003076e-01],
        [-8.84996195e-02, -7.16850866e-02, -0.00000000e+00, ...,
         -5.90215067e-01, -4.53003076e-01,  0.00000000e+00]],

       [[ 0.00000000e+00,  6.80196411e-04,  5.89396261e-02, ...,
          8.89794655e-01,  8.84914963e-01,  9.03139407e-01],
        [-6.80196411e-04,  0.00000000e+00,  5.82605985e-02, ...,
          8.90104864e-01,  8.85231562e-01,  9.03431239e-01],
        [-5.89396261e-02, -5.82605985e-02,  0.00000000e+00, ...,
          9.15145544e-01,  9.10827867e-01,  9.26874920e-01],
        ...,
        [-8.89794655e-01, -8.90104864e-01, -9.15145544e-01, ...,
          0.00000000e+00,  1.05834120e-02, -3.01266688e-02],
        [-8.84914963e-01, -8.85231562e-01, -9.10827867e-01, ...,
         -1.05834120e-02,  0.00000000e+00, -4.07035897e-02],
        [-9.03139407e-01, -9.03431239e-01, -9.26874920e-01, ...,
          3.01266688e-02,  4.07035897e-02,  0.00000000e+00]]]), 'num': array([9.98917674e-01, 1.60324000e-03, 2.87410500e-05, 1.42881724e-03,
       1.43293487e-03, 1.33822940e-03, 4.63387666e-02, 7.82349498e-05,
       1.33946469e-03, 1.24053866e-03, 1.13275972e-03, 2.76653194e-06,
       1.38652864e-03, 1.09454868e-03])}
{'img': array([[[ 0.        ,  0.        ,  0.44203925, ...,  0.83275075,
          0.73889577,  0.        ],
        [ 0.        ,  0.        ,  0.44203925, ...,  0.83275075,
          0.73889577,  0.        ],
        [-0.44203925, -0.44203925,  0.        , ...,  0.99170803,
          0.96064111,  0.44203925],
        ...,
        [-0.83275075, -0.83275075, -0.99170803, ...,  0.        ,
          0.15203568,  0.83275075],
        [-0.73889577, -0.73889577, -0.96064111, ..., -0.15203568,
          0.        ,  0.73889577],
        [-0.        , -0.        , -0.44203925, ..., -0.83275075,
         -0.73889577,  0.        ]],

       [[ 0.        , -0.58533825,  0.37057022, ..., -0.06797019,
          0.36510405,  0.99032978],
        [ 0.58533825,  0.        ,  0.8441191 , ...,  0.52887507,
          0.84095285,  0.88415461],
        [-0.37057022, -0.8441191 ,  0.        , ..., -0.43284423,
         -0.00587828,  0.86841228],
        ...,
        [ 0.06797019, -0.52887507,  0.43284423, ...,  0.        ,
          0.42753767,  0.99746922],
        [-0.36510405, -0.84095285,  0.00587828, ..., -0.42753767,
          0.        ,  0.87131197],
        [-0.99032978, -0.88415461, -0.86841228, ..., -0.99746922,
         -0.87131197,  0.        ]],

       [[ 0.        ,  0.2456583 ,  0.38630819, ...,  0.61100841,
          0.54786322,  0.        ],
        [-0.2456583 ,  0.        ,  0.14788256, ...,  0.786754  ,
          0.73658462,  0.2456583 ],
        [-0.38630819, -0.14788256,  0.        , ...,  0.86938656,
          0.82850551,  0.38630819],
        ...,
        [-0.61100841, -0.786754  , -0.86938656, ...,  0.        ,
          0.07744831,  0.61100841],
        [-0.54786322, -0.73658462, -0.82850551, ..., -0.07744831,
          0.        ,  0.54786322],
        [-0.        , -0.2456583 , -0.38630819, ..., -0.61100841,
         -0.54786322,  0.        ]],

       ...,

       [[ 0.        ,  0.0356248 ,  0.11768419, ...,  0.56207128,
          0.55265873,  0.77014794],
        [-0.0356248 ,  0.        ,  0.08223225, ...,  0.53224962,
          0.52261794,  0.74693525],
        [-0.11768419, -0.08223225,  0.        , ...,  0.46083021,
          0.45073944,  0.68972957],
        ...,
        [-0.56207128, -0.53224962, -0.46083021, ...,  0.        ,
         -0.01133666,  0.27845496],
        [-0.55265873, -0.52261794, -0.45073944, ...,  0.01133666,
          0.        ,  0.28932535],
        [-0.77014794, -0.74693525, -0.68972957, ..., -0.27845496,
         -0.28932535,  0.        ]],

       [[ 0.        , -0.06826671,  0.08406909, ...,  0.7461067 ,
          0.63562862,  0.06826671],
        [ 0.06826671,  0.        ,  0.15189801, ...,  0.69891234,
          0.5814442 ,  0.        ],
        [-0.08406909, -0.15189801,  0.        , ...,  0.79944085,
          0.69827936,  0.15189801],
        ...,
        [-0.7461067 , -0.69891234, -0.79944085, ...,  0.        ,
          0.15277232,  0.69891234],
        [-0.63562862, -0.5814442 , -0.69827936, ..., -0.15277232,
          0.        ,  0.5814442 ],
        [-0.06826671, -0.        , -0.15189801, ..., -0.69891234,
         -0.5814442 ,  0.        ]],

       [[ 0.        ,  0.0582606 ,  0.04032666, ...,  0.88523156,
          0.90343124,  0.97473246],
        [-0.0582606 ,  0.        , -0.01795505, ...,  0.91082787,
          0.92687492,  0.98609078],
        [-0.04032666,  0.01795505,  0.        , ...,  0.90326944,
          0.91998571,  0.98294755],
        ...,
        [-0.88523156, -0.91082787, -0.90326944, ...,  0.        ,
         -0.04070359, -0.25565832],
        [-0.90343124, -0.92687492, -0.91998571, ...,  0.04070359,
          0.        , -0.21609556],
        [-0.97473246, -0.98609078, -0.98294755, ...,  0.25565832,
          0.21609556,  0.        ]]]), 'num': array([ 8.35529095e-01,  5.49285257e-01,  8.86203831e-06,  4.31090117e-04,
        4.63121580e-04,  4.28420828e-04,  1.32450370e-02, -3.20314638e-05,
        4.36295230e-04,  4.04630793e-04,  3.69218230e-04,  7.99856529e-07,
        4.52455543e-04,  3.56806043e-04])}
{'img': array([[[ 0.        ,  0.44203925,  0.56024614, ...,  0.73889577,
          0.        ,  0.80887341],
        [-0.44203925,  0.        ,  0.1363857 , ...,  0.96064111,
          0.44203925,  0.98546747],
        [-0.56024614, -0.1363857 ,  0.        , ...,  0.98955162,
          0.56024614,  0.99942613],
        ...,
        [-0.73889577, -0.96064111, -0.98955162, ...,  0.        ,
          0.73889577, -0.11057684],
        [-0.        , -0.44203925, -0.56024614, ..., -0.73889577,
          0.        , -0.80887341],
        [-0.80887341, -0.98546747, -0.99942613, ...,  0.11057684,
          0.80887341,  0.        ]],

       [[ 0.        ,  0.8441191 ,  0.44277248, ...,  0.84095285,
          0.88415461,  0.96416557],
        [-0.8441191 ,  0.        , -0.5194709 , ..., -0.00587828,
          0.86841228,  0.74088873],
        [-0.44277248,  0.5194709 ,  0.        , ...,  0.51443901,
          0.99962392,  0.98197173],
        ...,
        [-0.84095285,  0.00587828, -0.51443901, ...,  0.        ,
          0.87131197,  0.74482394],
        [-0.88415461, -0.86841228, -0.99962392, ..., -0.87131197,
          0.        , -0.21588545],
        [-0.96416557, -0.74088873, -0.98197173, ..., -0.74482394,
          0.21588545,  0.        ]],

       [[ 0.        ,  0.30277765,  0.46810383, ...,  0.5945189 ,
          0.25345591,  0.        ],
        [-0.30277765,  0.        ,  0.17857504, ...,  0.81007086,
          0.53445003,  0.30277765],
        [-0.46810383, -0.17857504,  0.        , ...,  0.90175428,
          0.67679108,  0.46810383],
        ...,
        [-0.5945189 , -0.81007086, -0.90175428, ...,  0.        ,
          0.3713068 ,  0.5945189 ],
        [-0.25345591, -0.53445003, -0.67679108, ..., -0.3713068 ,
          0.        ,  0.25345591],
        [-0.        , -0.30277765, -0.46810383, ..., -0.5945189 ,
         -0.25345591,  0.        ]],

       ...,

       [[ 0.        ,  0.08223225,  0.45777838, ...,  0.52261794,
          0.74693525,  0.31841511],
        [-0.08223225,  0.        ,  0.38311805, ...,  0.45073944,
          0.68972957,  0.23938453],
        [-0.45777838, -0.38311805,  0.        , ...,  0.07435528,
          0.35969962, -0.15085949],
        ...,
        [-0.52261794, -0.45073944, -0.07435528, ...,  0.        ,
          0.28932535, -0.22394618],
        [-0.74693525, -0.68972957, -0.35969962, ..., -0.28932535,
          0.        , -0.49634512],
        [-0.31841511, -0.23938453,  0.15085949, ...,  0.22394618,
          0.49634512,  0.        ]],

       [[ 0.        ,  0.15022626,  0.32074779, ...,  0.63360303,
          0.29347109,  0.        ],
        [-0.15022626,  0.        ,  0.17481883, ...,  0.74263648,
          0.43375217,  0.15022626],
        [-0.32074779, -0.17481883,  0.        , ...,  0.84827558,
          0.58459005,  0.32074779],
        ...,
        [-0.63360303, -0.74263648, -0.84827558, ...,  0.        ,
          0.37865784,  0.63360303],
        [-0.29347109, -0.43375217, -0.58459005, ..., -0.37865784,
          0.        ,  0.29347109],
        [-0.        , -0.15022626, -0.32074779, ..., -0.63360303,
         -0.29347109,  0.        ]],

       [[ 0.        , -0.01795505, -0.07923472, ...,  0.92687492,
          0.98609078,  0.96832998],
        [ 0.01795505,  0.        , -0.06132335, ...,  0.91998571,
          0.98294755,  0.96369097],
        [ 0.07923472,  0.06132335,  0.        , ...,  0.89421845,
          0.96982109,  0.9455027 ],
        ...,
        [-0.92687492, -0.91998571, -0.89421845, ...,  0.        ,
         -0.21609556, -0.13206587],
        [-0.98609078, -0.98294755, -0.96982109, ...,  0.21609556,
          0.        ,  0.08525732],
        [-0.96832998, -0.96369097, -0.9455027 , ...,  0.13206587,
         -0.08525732,  0.        ]]]), 'num': array([8.82238721e-01, 4.70769999e-01, 1.25831414e-05, 4.58205704e-04,
       4.67313768e-04, 4.53301362e-04, 5.37548155e-03, 5.60496274e-06,
       4.61288433e-04, 4.27378409e-04, 3.89895221e-04, 9.00797583e-07,
       4.78903307e-04, 3.75853510e-04])}
{'img': array([[[ 0.        ,  0.37357045,  0.57378706, ...,  0.        ,
          0.82467227,  0.77002886],
        [-0.37357045,  0.        ,  0.22629002, ...,  0.37357045,
          0.976263  ,  0.9526215 ],
        [-0.57378706, -0.22629002,  0.        , ...,  0.57378706,
          0.99995051,  0.99673846],
        ...,
        [-0.        , -0.37357045, -0.57378706, ...,  0.        ,
         -0.82467227, -0.77002886],
        [-0.82467227, -0.976263  , -0.99995051, ...,  0.82467227,
          0.        ,  0.09061168],
        [-0.77002886, -0.9526215 , -0.99673846, ...,  0.77002886,
         -0.09061168,  0.        ]],

       [[ 0.        , -0.52438405, -0.06165082, ...,  0.8697997 ,
          0.74252423, -0.15390326],
        [ 0.52438405,  0.        ,  0.47089201, ...,  0.99935238,
          0.98348843,  0.38709067],
        [ 0.06165082, -0.47089201,  0.        , ...,  0.89856397,
          0.78240669, -0.09269419],
        ...,
        [-0.8697997 , -0.99935238, -0.89856397, ...,  0.        ,
         -0.21624338, -0.93537347],
        [-0.74252423, -0.98348843, -0.78240669, ...,  0.21624338,
          0.        , -0.83676509],
        [ 0.15390326, -0.38709067,  0.09269419, ...,  0.93537347,
          0.83676509,  0.        ]],

       [[ 0.        ,  0.36600663,  0.46810383, ...,  0.39095884,
          0.30277765,  0.        ],
        [-0.36600663,  0.        ,  0.11219282, ...,  0.70070657,
          0.63059531,  0.36600663],
        [-0.46810383, -0.11219282,  0.        , ...,  0.77632654,
          0.71368819,  0.46810383],
        ...,
        [-0.39095884, -0.70070657, -0.77632654, ...,  0.        ,
          0.09392869,  0.39095884],
        [-0.30277765, -0.63059531, -0.71368819, ..., -0.09392869,
          0.        ,  0.30277765],
        [-0.        , -0.36600663, -0.46810383, ..., -0.39095884,
         -0.30277765,  0.        ]],

       ...,

       [[ 0.        ,  0.38311805,  0.30021871, ...,  0.68972957,
          0.23938453,  0.52056195],
        [-0.38311805,  0.        , -0.08813313, ...,  0.35969962,
         -0.15085949,  0.1537274 ],
        [-0.30021871,  0.08813313,  0.        , ...,  0.44053414,
         -0.06314798,  0.24021472],
        ...,
        [-0.68972957, -0.35969962, -0.44053414, ...,  0.        ,
         -0.49634512, -0.21198583],
        [-0.23938453,  0.15085949,  0.06314798, ...,  0.49634512,
          0.        ,  0.30103429],
        [-0.52056195, -0.1537274 , -0.24021472, ...,  0.21198583,
         -0.30103429,  0.        ]],

       [[ 0.        ,  0.28216092,  0.44874899, ...,  0.42629178,
          0.31912901,  0.        ],
        [-0.28216092,  0.        ,  0.1783597 , ...,  0.66420904,
          0.57356896,  0.28216092],
        [-0.44874899, -0.1783597 ,  0.        , ...,  0.78689092,
          0.71047663,  0.44874899],
        ...,
        [-0.42629178, -0.66420904, -0.78689092, ...,  0.        ,
          0.11532198,  0.42629178],
        [-0.31912901, -0.57356896, -0.71047663, ..., -0.11532198,
          0.        ,  0.31912901],
        [-0.        , -0.28216092, -0.44874899, ..., -0.42629178,
         -0.31912901,  0.        ]],

       [[ 0.        , -0.06132335, -0.18650524, ...,  0.98294755,
          0.96369097,  0.94758055],
        [ 0.06132335,  0.        , -0.12590687, ...,  0.96982109,
          0.9455027 ,  0.92620331],
        [ 0.18650524,  0.12590687,  0.        , ...,  0.931405  ,
          0.89698138,  0.87136268],
        ...,
        [-0.98294755, -0.96982109, -0.931405  , ...,  0.        ,
          0.08525732,  0.13982151],
        [-0.96369097, -0.9455027 , -0.89698138, ..., -0.08525732,
          0.        ,  0.05489261],
        [-0.94758055, -0.92620331, -0.87136268, ..., -0.13982151,
         -0.05489261,  0.        ]]]), 'num': array([9.54692961e-01, 2.97555266e-01, 1.95576695e-05, 5.00104791e-04,
       5.00848995e-04, 4.82988109e-04, 4.51965240e-03, 1.33956640e-05,
       4.94448844e-04, 4.57015405e-04, 4.16617555e-04, 1.01273062e-06,
       5.14804908e-04, 3.99225902e-04])}
{'img': array([[[ 0.00000000e+00,  2.74050134e-01, -2.69023401e-01, ...,
          9.49512706e-01,  9.16763157e-01,  7.95888844e-01],
        [-2.74050134e-01,  0.00000000e+00, -5.22670853e-01, ...,
          9.99138357e-01,  9.91129437e-01,  9.31340236e-01],
        [ 2.69023401e-01,  5.22670853e-01,  0.00000000e+00, ...,
          8.30107299e-01,  7.75509086e-01,  6.03669047e-01],
        ...,
        [-9.49512706e-01, -9.99138357e-01, -8.30107299e-01, ...,
          0.00000000e+00,  9.16502331e-02,  3.25182526e-01],
        [-9.16763157e-01, -9.91129437e-01, -7.75509086e-01, ...,
         -9.16502331e-02,  0.00000000e+00,  2.37144758e-01],
        [-7.95888844e-01, -9.31340236e-01, -6.03669047e-01, ...,
         -3.25182526e-01, -2.37144758e-01,  0.00000000e+00]],

       [[ 0.00000000e+00,  4.70892005e-01,  1.67313045e-01, ...,
          9.83488426e-01,  3.87090670e-01,  2.18369589e-01],
        [-4.70892005e-01,  0.00000000e+00, -3.16652188e-01, ...,
          7.82406688e-01, -9.26941916e-02, -2.66883907e-01],
        [-1.67313045e-01,  3.16652188e-01,  0.00000000e+00, ...,
          9.39346181e-01,  2.27364574e-01,  5.20162768e-02],
        ...,
        [-9.83488426e-01, -7.82406688e-01, -9.39346181e-01, ...,
          0.00000000e+00, -8.36765095e-01, -9.20234482e-01],
        [-3.87090670e-01,  9.26941916e-02, -2.27364574e-01, ...,
          8.36765095e-01,  0.00000000e+00, -1.76402821e-01],
        [-2.18369589e-01,  2.66883907e-01, -5.20162768e-02, ...,
          9.20234482e-01,  1.76402821e-01,  0.00000000e+00]],

       [[ 0.00000000e+00,  3.03382514e-01,  3.91725891e-01, ...,
          4.53230328e-01,  3.45212389e-01,  0.00000000e+00],
        [-3.03382514e-01,  0.00000000e+00,  9.41266195e-02, ...,
          7.02302247e-01,  6.13674083e-01,  3.03382514e-01],
        [-3.91725891e-01, -9.41266195e-02,  0.00000000e+00, ...,
          7.66190942e-01,  6.85268075e-01,  3.91725891e-01],
        ...,
        [-4.53230328e-01, -7.02302247e-01, -7.66190942e-01, ...,
          0.00000000e+00,  1.17647748e-01,  4.53230328e-01],
        [-3.45212389e-01, -6.13674083e-01, -6.85268075e-01, ...,
         -1.17647748e-01,  0.00000000e+00,  3.45212389e-01],
        [-0.00000000e+00, -3.03382514e-01, -3.91725891e-01, ...,
         -4.53230328e-01, -3.45212389e-01,  0.00000000e+00]],

       ...,

       [[ 0.00000000e+00, -8.81331310e-02, -1.23083317e-01, ...,
         -1.50859488e-01,  1.53727401e-01,  4.20839823e-01],
        [ 8.81331310e-02,  0.00000000e+00, -3.51413673e-02, ...,
         -6.31479829e-02,  2.40214721e-01,  4.99150855e-01],
        [ 1.23083317e-01,  3.51413673e-02,  0.00000000e+00, ...,
         -2.80377485e-02,  2.74178773e-01,  5.29293081e-01],
        ...,
        [ 1.50859488e-01,  6.31479829e-02,  2.80377485e-02, ...,
          0.00000000e+00,  3.01034290e-01,  5.52873318e-01],
        [-1.53727401e-01, -2.40214721e-01, -2.74178773e-01, ...,
         -3.01034290e-01,  0.00000000e+00,  2.76385924e-01],
        [-4.20839823e-01, -4.99150855e-01, -5.29293081e-01, ...,
         -5.52873318e-01, -2.76385924e-01,  0.00000000e+00]],

       [[ 0.00000000e+00,  3.53362088e-01,  4.02636241e-01, ...,
          4.88845349e-01,  3.83098367e-01,  0.00000000e+00],
        [-3.53362088e-01,  0.00000000e+00,  5.32072744e-02, ...,
          7.65570936e-01,  6.84786630e-01,  3.53362088e-01],
        [-4.02636241e-01, -5.32072744e-02,  0.00000000e+00, ...,
          7.98717476e-01,  7.22591084e-01,  4.02636241e-01],
        ...,
        [-4.88845349e-01, -7.65570936e-01, -7.98717476e-01, ...,
          0.00000000e+00,  1.17346440e-01,  4.88845349e-01],
        [-3.83098367e-01, -6.84786630e-01, -7.22591084e-01, ...,
         -1.17346440e-01,  0.00000000e+00,  3.83098367e-01],
        [-0.00000000e+00, -3.53362088e-01, -4.02636241e-01, ...,
         -4.88845349e-01, -3.83098367e-01,  0.00000000e+00]],

       [[ 0.00000000e+00, -1.25906869e-01, -1.28248280e-01, ...,
          9.45502697e-01,  9.26203313e-01,  9.26337039e-01],
        [ 1.25906869e-01,  0.00000000e+00, -2.36054660e-03, ...,
          8.96981376e-01,  8.71362682e-01,  8.71536727e-01],
        [ 1.28248280e-01,  2.36054660e-03,  0.00000000e+00, ...,
          8.95935354e-01,  8.70202077e-01,  8.70376852e-01],
        ...,
        [-9.45502697e-01, -8.96981376e-01, -8.95935354e-01, ...,
          0.00000000e+00,  5.48926065e-02,  5.45382950e-02],
        [-9.26203313e-01, -8.71362682e-01, -8.70202077e-01, ...,
         -5.48926065e-02,  0.00000000e+00, -3.54843005e-04],
        [-9.26337039e-01, -8.71536727e-01, -8.70376852e-01, ...,
         -5.45382950e-02,  3.54843005e-04,  0.00000000e+00]]]), 'num': array([9.80623760e-01, 1.95839884e-01, 2.31499668e-05, 5.14612378e-04,
       5.14612378e-04, 4.99432071e-04, 4.67876769e-03, 4.55409184e-06,
       5.07629437e-04, 4.69792524e-04, 4.27401519e-04, 1.03946503e-06,
       5.31143267e-04, 4.08441781e-04])}
{'img': array([[[ 0.00000000e+00, -5.22670853e-01, -7.51465260e-02, ...,
          9.91129437e-01,  9.31340236e-01,  8.91189933e-01],
        [ 5.22670853e-01,  0.00000000e+00,  4.57127991e-01, ...,
          7.75509086e-01,  6.03669047e-01,  5.22670853e-01],
        [ 7.51465260e-02, -4.57127991e-01,  0.00000000e+00, ...,
          9.78340039e-01,  9.01342251e-01,  8.54581350e-01],
        ...,
        [-9.91129437e-01, -7.75509086e-01, -9.78340039e-01, ...,
          0.00000000e+00,  2.37144758e-01,  3.31167162e-01],
        [-9.31340236e-01, -6.03669047e-01, -9.01342251e-01, ...,
         -2.37144758e-01,  0.00000000e+00,  9.79572172e-02],
        [-8.91189933e-01, -5.22670853e-01, -8.54581350e-01, ...,
         -3.31167162e-01, -9.79572172e-02,  0.00000000e+00]],

       [[ 0.00000000e+00, -3.16652188e-01, -3.43866986e-01, ...,
         -9.26941916e-02, -2.66883907e-01, -2.56167390e-01],
        [ 3.16652188e-01,  0.00000000e+00, -2.88299614e-02, ...,
          2.27364574e-01,  5.20162768e-02,  6.31008192e-02],
        [ 3.43866986e-01,  2.88299614e-02,  0.00000000e+00, ...,
          2.55344962e-01,  8.07855877e-02,  9.18470980e-02],
        ...,
        [ 9.26941916e-02, -2.27364574e-01, -2.55344962e-01, ...,
          0.00000000e+00, -1.76402821e-01, -1.65463282e-01],
        [ 2.66883907e-01, -5.20162768e-02, -8.07855877e-02, ...,
          1.76402821e-01,  0.00000000e+00,  1.11027791e-02],
        [ 2.56167390e-01, -6.31008192e-02, -9.18470980e-02, ...,
          1.65463282e-01, -1.11027791e-02,  0.00000000e+00]],

       [[ 0.00000000e+00,  2.54094155e-01,  4.15170568e-01, ...,
          4.49394655e-01,  2.97018274e-01,  0.00000000e+00],
        [-2.54094155e-01,  0.00000000e+00,  1.70383929e-01, ...,
          6.61636070e-01,  5.29897324e-01,  2.54094155e-01],
        [-4.15170568e-01, -1.70383929e-01,  0.00000000e+00, ...,
          7.79719614e-01,  6.66645137e-01,  4.15170568e-01],
        ...,
        [-4.49394655e-01, -6.61636070e-01, -7.79719614e-01, ...,
          0.00000000e+00,  1.63777955e-01,  4.49394655e-01],
        [-2.97018274e-01, -5.29897324e-01, -6.66645137e-01, ...,
         -1.63777955e-01,  0.00000000e+00,  2.97018274e-01],
        [-0.00000000e+00, -2.54094155e-01, -4.15170568e-01, ...,
         -4.49394655e-01, -2.97018274e-01,  0.00000000e+00]],

       ...,

       [[ 0.00000000e+00, -3.51413673e-02, -5.82701518e-02, ...,
          2.40214721e-01,  4.99150855e-01,  5.28839697e-01],
        [ 3.51413673e-02,  0.00000000e+00, -2.31525045e-02, ...,
          2.74178773e-01,  5.29293081e-01,  5.58338302e-01],
        [ 5.82701518e-02,  2.31525045e-02,  0.00000000e+00, ...,
          2.96370549e-01,  5.48794690e-01,  5.77396264e-01],
        ...,
        [-2.40214721e-01, -2.74178773e-01, -2.96370549e-01, ...,
          0.00000000e+00,  2.76385924e-01,  3.09479700e-01],
        [-4.99150855e-01, -5.29293081e-01, -5.48794690e-01, ...,
         -2.76385924e-01,  0.00000000e+00,  3.46074071e-02],
        [-5.28839697e-01, -5.58338302e-01, -5.77396264e-01, ...,
         -3.09479700e-01, -3.46074071e-02,  0.00000000e+00]],

       [[ 0.00000000e+00,  1.99124379e-01,  3.40190718e-01, ...,
          5.26969573e-01,  3.78027028e-01,  0.00000000e+00],
        [-1.99124379e-01,  0.00000000e+00,  1.46130239e-01, ...,
          6.85649253e-01,  5.54805011e-01,  1.99124379e-01],
        [-3.40190718e-01, -1.46130239e-01,  0.00000000e+00, ...,
          7.84661943e-01,  6.70426875e-01,  3.40190718e-01],
        ...,
        [-5.26969573e-01, -6.85649253e-01, -7.84661943e-01, ...,
          0.00000000e+00,  1.66586384e-01,  5.26969573e-01],
        [-3.78027028e-01, -5.54805011e-01, -6.70426875e-01, ...,
         -1.66586384e-01,  0.00000000e+00,  3.78027028e-01],
        [-0.00000000e+00, -1.99124379e-01, -3.40190718e-01, ...,
         -5.26969573e-01, -3.78027028e-01,  0.00000000e+00]],

       [[ 0.00000000e+00, -2.36054660e-03, -1.26658600e-02, ...,
          8.71362682e-01,  8.71536727e-01,  8.42402760e-01],
        [ 2.36054660e-03,  0.00000000e+00, -1.03054674e-02, ...,
          8.70202077e-01,  8.70376852e-01,  8.41128436e-01],
        [ 1.26658600e-02,  1.03054674e-02,  0.00000000e+00, ...,
          8.65078415e-01,  8.65256363e-01,  8.35510208e-01],
        ...,
        [-8.71362682e-01, -8.70202077e-01, -8.65078415e-01, ...,
          0.00000000e+00, -3.54843005e-04,  5.62163491e-02],
        [-8.71536727e-01, -8.70376852e-01, -8.65256363e-01, ...,
          3.54843005e-04,  0.00000000e+00,  5.65706274e-02],
        [-8.42402760e-01, -8.41128436e-01, -8.35510208e-01, ...,
         -5.62163491e-02, -5.65706274e-02,  0.00000000e+00]]]), 'num': array([ 9.90158036e-01,  1.39907134e-01,  2.52674860e-05,  5.19078695e-04,
        5.19849986e-04,  5.07509333e-04,  3.33242352e-03, -3.85645390e-06,
        5.12599852e-04,  4.80359898e-04,  4.36627711e-04,  1.13309627e-06,
        5.44673895e-04,  4.16045900e-04])}
{'img': array([[[ 0.        ,  0.45712799,  0.30007043, ...,  0.60366905,
          0.52267085,  0.59130009],
        [-0.45712799,  0.        , -0.16917927, ...,  0.90134225,
          0.85458135,  0.89455445],
        [-0.30007043,  0.16917927,  0.        , ...,  0.81507685,
          0.75440505,  0.80604352],
        ...,
        [-0.60366905, -0.90134225, -0.81507685, ...,  0.        ,
          0.09795722,  0.01542474],
        [-0.52267085, -0.85458135, -0.75440505, ..., -0.09795722,
          0.        , -0.08259501],
        [-0.59130009, -0.89455445, -0.80604352, ..., -0.01542474,
          0.08259501,  0.        ]],

       [[ 0.        , -0.02882996, -0.3340592 , ...,  0.05201628,
          0.06310082, -0.2072066 ],
        [ 0.02882996,  0.        , -0.3067466 , ...,  0.08078559,
          0.0918471 , -0.1789162 ],
        [ 0.3340592 ,  0.3067466 ,  0.        , ...,  0.38263502,
          0.39286928,  0.13150617],
        ...,
        [-0.05201628, -0.08078559, -0.38263502, ...,  0.        ,
          0.01110278, -0.25781347],
        [-0.06310082, -0.0918471 , -0.39286928, ..., -0.01110278,
          0.        , -0.26852503],
        [ 0.2072066 ,  0.1789162 , -0.13150617, ...,  0.25781347,
          0.26852503,  0.        ]],

       [[ 0.        ,  0.33671716,  0.3851924 , ...,  0.29942808,
          0.        ,  0.29269982],
        [-0.33671716,  0.        ,  0.0519646 , ...,  0.60321142,
          0.33671716,  0.59757828],
        [-0.3851924 , -0.0519646 ,  0.        , ...,  0.64384244,
          0.3851924 ,  0.63843668],
        ...,
        [-0.29942808, -0.60321142, -0.64384244, ...,  0.        ,
          0.29942808,  0.00704402],
        [-0.        , -0.33671716, -0.3851924 , ..., -0.29942808,
          0.        , -0.29269982],
        [-0.29269982, -0.59757828, -0.63843668, ..., -0.00704402,
          0.29269982,  0.        ]],

       ...,

       [[ 0.        , -0.0231525 ,  0.08428706, ...,  0.52929308,
          0.5583383 ,  0.88241647],
        [ 0.0231525 ,  0.        ,  0.10733458, ...,  0.54879469,
          0.57739626,  0.89307247],
        [-0.08428706, -0.10733458,  0.        , ...,  0.45589717,
          0.48642579,  0.83962194],
        ...,
        [-0.52929308, -0.54879469, -0.45589717, ...,  0.        ,
          0.03460741,  0.49966055],
        [-0.5583383 , -0.57739626, -0.48642579, ..., -0.03460741,
          0.        ,  0.46938357],
        [-0.88241647, -0.89307247, -0.83962194, ..., -0.49966055,
         -0.46938357,  0.        ]],

       [[ 0.        ,  0.27604858,  0.33549134, ...,  0.4945657 ,
          0.33583882,  0.        ],
        [-0.27604858,  0.        ,  0.06240566, ...,  0.71527364,
          0.58280489,  0.27604858],
        [-0.33549134, -0.06240566,  0.        , ...,  0.75749133,
          0.63238053,  0.33549134],
        ...,
        [-0.4945657 , -0.71527364, -0.75749133, ...,  0.        ,
          0.17395003,  0.4945657 ],
        [-0.33583882, -0.58280489, -0.63238053, ..., -0.17395003,
          0.        ,  0.33583882],
        [-0.        , -0.27604858, -0.33549134, ..., -0.4945657 ,
         -0.33583882,  0.        ]],

       [[ 0.        , -0.01030547,  0.03494375, ...,  0.87037685,
          0.84112844,  0.81411993],
        [ 0.01030547,  0.        ,  0.04524107, ...,  0.86525636,
          0.83551021,  0.80809235],
        [-0.03494375, -0.04524107,  0.        , ...,  0.88705112,
          0.85951356,  0.83391446],
        ...,
        [-0.87037685, -0.86525636, -0.88705112, ...,  0.        ,
          0.05657063,  0.10456363],
        [-0.84112844, -0.83551021, -0.85951356, ..., -0.05657063,
          0.        ,  0.04813566],
        [-0.81411993, -0.80809235, -0.83391446, ..., -0.10456363,
         -0.04813566,  0.        ]]]), 'num': array([ 9.96263243e-01,  8.61130914e-02,  2.76641383e-05,  5.21277292e-04,
        5.37121586e-04,  5.03848568e-04,  6.48408743e-03, -1.18832209e-05,
        5.28407224e-04,  4.95451092e-04,  4.50862606e-04,  1.04190108e-06,
        5.62285850e-04,  4.28616334e-04])}
{'img': array([[[ 0.        , -0.35737164,  0.34301198, ...,  0.79684278,
          0.84459164,  0.93734408],
        [ 0.35737164,  0.        ,  0.65605052, ...,  0.52830189,
          0.597476  ,  0.75093391],
        [-0.34301198, -0.65605052,  0.        , ...,  0.95574243,
          0.97700353,  0.99998348],
        ...,
        [-0.79684278, -0.52830189, -0.95574243, ...,  0.        ,
         -0.08365264, -0.28870679],
        [-0.84459164, -0.597476  , -0.97700353, ...,  0.08365264,
          0.        , -0.20760436],
        [-0.93734408, -0.75093391, -0.99998348, ...,  0.28870679,
          0.20760436,  0.        ]],

       [[ 0.        , -0.3067466 ,  0.49689064, ...,  0.0918471 ,
         -0.1789162 ,  0.30423747],
        [ 0.3067466 ,  0.        ,  0.73913489, ...,  0.39286928,
          0.13150617,  0.58177621],
        [-0.49689064, -0.73913489,  0.        , ..., -0.41508422,
         -0.64413881, -0.20931487],
        ...,
        [-0.0918471 , -0.39286928,  0.41508422, ...,  0.        ,
         -0.26852503,  0.2154583 ],
        [ 0.1789162 , -0.13150617,  0.64413881, ...,  0.26852503,
          0.        ,  0.46976329],
        [-0.30423747, -0.58177621,  0.20931487, ..., -0.2154583 ,
         -0.46976329,  0.        ]],

       [[ 0.        ,  0.19568928,  0.38560538, ...,  0.        ,
          0.29696869,  0.19568928],
        [-0.19568928,  0.        ,  0.19759465, ...,  0.19568928,
          0.47808827,  0.38381162],
        [-0.38560538, -0.19759465,  0.        , ...,  0.38560538,
          0.6422119 ,  0.55870548],
        ...,
        [-0.        , -0.19568928, -0.38560538, ...,  0.        ,
         -0.29696869, -0.19568928],
        [-0.29696869, -0.47808827, -0.6422119 , ...,  0.29696869,
          0.        ,  0.10436589],
        [-0.19568928, -0.38381162, -0.55870548, ...,  0.19568928,
         -0.10436589,  0.        ]],

       ...,

       [[ 0.        ,  0.10733458,  0.64478059, ...,  0.57739626,
          0.89307247,  0.39627281],
        [-0.10733458,  0.        ,  0.55901258, ...,  0.48642579,
          0.83962194,  0.29543612],
        [-0.64478059, -0.55901258,  0.        , ..., -0.08509712,
          0.39254068, -0.28909608],
        ...,
        [-0.57739626, -0.48642579,  0.08509712, ...,  0.        ,
          0.46938357, -0.20658395],
        [-0.89307247, -0.83962194, -0.39254068, ..., -0.46938357,
          0.        , -0.64167091],
        [-0.39627281, -0.29543612,  0.28909608, ...,  0.20658395,
          0.64167091,  0.        ]],

       [[ 0.        ,  0.19482361,  0.42309819, ...,  0.41642084,
          0.2531045 ,  0.        ],
        [-0.19482361,  0.        ,  0.23846439, ...,  0.58556967,
          0.43673453,  0.19482361],
        [-0.42309819, -0.23846439,  0.        , ...,  0.76198121,
          0.63865556,  0.42309819],
        ...,
        [-0.41642084, -0.58556967, -0.76198121, ...,  0.        ,
          0.17274622,  0.41642084],
        [-0.2531045 , -0.43673453, -0.63865556, ..., -0.17274622,
          0.        ,  0.2531045 ],
        [-0.        , -0.19482361, -0.42309819, ..., -0.41642084,
         -0.2531045 ,  0.        ]],

       [[ 0.        ,  0.04524107, -0.07134317, ...,  0.83551021,
          0.80809235,  0.7661755 ],
        [-0.04524107,  0.        , -0.11639591, ...,  0.85951356,
          0.83391446,  0.79446435],
        [ 0.07134317,  0.11639591,  0.        , ...,  0.7941799 ,
          0.76400809,  0.7183758 ],
        ...,
        [-0.83551021, -0.85951356, -0.7941799 , ...,  0.        ,
          0.04813566,  0.11593086],
        [-0.80809235, -0.83391446, -0.76400809, ..., -0.04813566,
          0.        ,  0.06798537],
        [-0.7661755 , -0.79446435, -0.7183758 , ..., -0.11593086,
         -0.06798537,  0.        ]]]), 'num': array([ 9.98384933e-01,  5.66090267e-02,  2.92476990e-05,  5.21759505e-04,
        5.33102103e-04,  5.14467835e-04,  4.56405076e-03, -1.13425979e-05,
        5.38773402e-04,  5.08918064e-04,  4.63183088e-04,  9.37404788e-07,
        5.76174739e-04,  4.41661388e-04])}
{'img': array([[[ 0.        ,  0.65605052,  0.74253134, ...,  0.597476  ,
          0.75093391,  0.8490566 ],
        [-0.65605052,  0.        ,  0.12097095, ...,  0.97700353,
          0.99998348,  0.98739016],
        [-0.74253134, -0.12097095,  0.        , ...,  0.99562227,
          0.99333492,  0.96098843],
        ...,
        [-0.597476  , -0.97700353, -0.99562227, ...,  0.        ,
         -0.20760436, -0.36519958],
        [-0.75093391, -0.99998348, -0.99333492, ...,  0.20760436,
          0.        , -0.16397795],
        [-0.8490566 , -0.98739016, -0.96098843, ...,  0.36519958,
          0.16397795,  0.        ]],

       [[ 0.        ,  0.73913489,  0.65959993, ...,  0.13150617,
          0.58177621,  0.33034672],
        [-0.73913489,  0.        , -0.11126782, ..., -0.64413881,
         -0.20931487, -0.47513211],
        [-0.65959993,  0.11126782,  0.        , ..., -0.55502928,
         -0.09921207, -0.3742756 ],
        ...,
        [-0.13150617,  0.64413881,  0.55502928, ...,  0.        ,
          0.46976329,  0.20335441],
        [-0.58177621,  0.20931487,  0.09921207, ..., -0.46976329,
          0.        , -0.28042795],
        [-0.33034672,  0.47513211,  0.3742756 , ..., -0.20335441,
          0.28042795,  0.        ]],

       [[ 0.        ,  0.33720381,  0.45718633, ...,  0.29838097,
          0.19663269,  0.28413174],
        [-0.33720381,  0.        ,  0.13051043, ...,  0.60274841,
          0.5157369 ,  0.59079666],
        [-0.45718633, -0.13051043,  0.        , ...,  0.70173142,
          0.62314019,  0.69104202],
        ...,
        [-0.29838097, -0.60274841, -0.70173142, ...,  0.        ,
          0.10488029,  0.01489462],
        [-0.19663269, -0.5157369 , -0.62314019, ..., -0.10488029,
          0.        , -0.09005618],
        [-0.28413174, -0.59079666, -0.69104202, ..., -0.01489462,
          0.09005618,  0.        ]],

       ...,

       [[ 0.        ,  0.55901258,  0.67485399, ...,  0.83962194,
          0.29543612, -0.25692311],
        [-0.55901258,  0.        ,  0.14703734, ...,  0.39254068,
         -0.28909608, -0.75327771],
        [-0.67485399, -0.14703734,  0.        , ...,  0.2530388 ,
         -0.42671273, -0.84179713],
        ...,
