state_0,state_1,state_2,state_3,state_4,state_5,state_6,state_7,state_8,state_9,state_10,state_11,state_12,state_13,state_14,state_15,state_16,state_17,state_18,state_19,state_20,state_21,state_22,state_23,state_24,state_25,state_26,state_27,state_28,state_29,state_30,state_31,state_32,state_33,state_34,state_35,state_36,state_37,state_38,state_39,state_40,state_41,state_42,state_43,state_44,state_45,state_46,state_47,state_48,state_49,state_50,state_51,state_52,state_53,state_54,state_55,state_56,state_57,state_58,state_59,state_60,state_61,state_62,state_63,state_64,state_65,state_66,state_67,state_68,state_69,state_70,state_71,state_72,state_73,state_74,state_75,state_76,state_77,state_78,state_79,state_80,state_81,state_82,state_83,state_84,state_85,state_86,state_87,state_88,state_89,state_90,state_91,state_92,state_93,state_94,state_95,state_96,state_97,state_98,state_99,state_100,state_101,state_102,state_103,state_104,state_105,state_106,state_107,state_108,state_109,state_110,state_111,state_112,state_113,state_114,state_115,state_116,state_117,state_118,state_119,state_120,state_121,state_122,state_123,state_124,state_125,state_126,state_127,state_128,state_129,state_130,state_131,state_132,state_133,state_134,state_135,state_136,state_137,state_138,state_139,state_140,state_141,state_142,state_143,state_144,state_145,state_146,state_147,state_148,state_149,state_150,state_151,state_152,state_153,state_154,state_155,state_156,state_157,state_158,state_159,state_160,state_161,state_162,state_163,state_164,state_165,state_166,state_167,state_168,state_169,state_170,state_171,state_172,state_173,state_174,state_175,state_176,state_177,state_178,state_179,state_180,state_181,state_182,state_183,state_184,state_185,state_186,state_187,state_188,state_189,state_190,state_191,state_192,state_193,state_194,state_195,state_196,state_197,state_198,state_199,state_200,state_201,state_202,state_203,state_204,state_205,state_206,state_207,state_208,state_209,state_210,state_211,state_212,state_213,state_214,state_215,state_216,state_217,state_218,state_219,state_220,state_221,state_222,state_223,state_224,state_225,state_226,state_227,state_228,state_229,state_230,state_231,state_232,state_233,state_234,state_235,state_236,state_237,state_238,state_239,state_240,state_241,state_242,state_243,state_244,state_245,state_246,state_247,state_248,state_249,state_250,state_251,state_252,state_253,state_254,state_255,state_256,state_257,state_258,state_259,state_260,state_261,state_262,state_263,state_264,state_265,state_266,state_267,state_268,state_269,state_270,state_271,state_272,state_273,state_274,state_275,state_276,state_277,state_278,state_279,state_280,state_281,state_282,state_283,state_284,state_285,state_286,state_287
{'img': array([[[ 0.        , -0.78250722, -0.99839672, ..., -0.98547659,
         -0.99839672, -0.90093105],
        [ 0.78250722,  0.        , -0.57735038, ..., -0.48072005,
         -0.57735038, -0.22137846],
        [ 0.99839672,  0.57735038,  0.        , ...,  0.11375737,
          0.        ,  0.3822704 ],
        ...,
        [ 0.98547659,  0.48072005, -0.11375737, ...,  0.        ,
         -0.11375737,  0.27467136],
        [ 0.99839672,  0.57735038,  0.        , ...,  0.11375737,
          0.        ,  0.3822704 ],
        [ 0.90093105,  0.22137846, -0.3822704 , ..., -0.27467136,
         -0.3822704 ,  0.        ]],

       [[ 0.        , -0.30344244,  0.11763089, ..., -0.50236512,
         -0.69696496,  0.99946649],
        [ 0.30344244,  0.        ,  0.41342032, ..., -0.21630529,
         -0.44650275,  0.94243067],
        [-0.11763089, -0.41342032,  0.        , ..., -0.6005876 ,
         -0.77647992,  0.99636952],
        ...,
        [ 0.50236512,  0.21630529,  0.6005876 , ...,  0.        ,
         -0.24238601,  0.84778652],
        [ 0.69696496,  0.44650275,  0.77647992, ...,  0.24238601,
          0.        ,  0.69395902],
        [-0.99946649, -0.94243067, -0.99636952, ..., -0.84778652,
         -0.69395902,  0.        ]],

       [[ 0.        , -0.58595329, -0.83402666, ..., -0.99549371,
         -0.99996284, -0.99817759],
        [ 0.58595329,  0.        , -0.35256462, ..., -0.75112864,
         -0.80526339, -0.7735088 ],
        [ 0.83402666,  0.35256462,  0.        , ..., -0.47014917,
         -0.54451375, -0.50038948],
        ...,
        [ 0.99549371,  0.75112864,  0.47014917, ...,  0.        ,
         -0.08624222, -0.03458188],
        [ 0.99996284,  0.80526339,  0.54451375, ...,  0.08624222,
          0.        ,  0.05173761],
        [ 0.99817759,  0.7735088 ,  0.50038948, ...,  0.03458188,
         -0.05173761,  0.        ]],

       ...,

       [[ 0.        , -0.080826  , -0.27508074, ...,  0.32489788,
          0.1250541 ,  0.55604653],
        [ 0.080826  ,  0.        , -0.19647292, ...,  0.400276  ,
          0.20483646,  0.62140589],
        [ 0.27508074,  0.19647292,  0.        , ...,  0.57252105,
          0.39315099,  0.76322856],
        ...,
        [-0.32489788, -0.400276  , -0.57252105, ...,  0.        ,
         -0.20407761,  0.25584125],
        [-0.1250541 , -0.20483646, -0.39315099, ...,  0.20407761,
          0.        ,  0.44774266],
        [-0.55604653, -0.62140589, -0.76322856, ..., -0.25584125,
         -0.44774266,  0.        ]],

       [[ 0.        , -0.54788535, -0.70031553, ..., -0.64338491,
         -0.62236435, -0.65975143],
        [ 0.54788535,  0.        , -0.19475249, ..., -0.95765557,
         -0.94948606, -0.96364434],
        [ 0.70031553,  0.19475249,  0.        , ..., -0.9953912 ,
         -0.99242082, -0.99722847],
        ...,
        [ 0.64338491,  0.95765557,  0.9953912 , ...,  0.        ,
         -0.0271486 ,  0.02157459],
        [ 0.62236435,  0.94948606,  0.99242082, ...,  0.0271486 ,
          0.        ,  0.04870892],
        [ 0.65975143,  0.96364434,  0.99722847, ..., -0.02157459,
         -0.04870892,  0.        ]],

       [[ 0.        ,  0.39834102,  0.28242203, ...,  0.98388318,
          0.91873067,  0.86921156],
        [-0.39834102,  0.        , -0.12307661, ...,  0.97368278,
          0.99999291,  0.99422922],
        [-0.28242203,  0.12307661,  0.        , ...,  0.99433012,
          0.99285353,  0.97346703],
        ...,
        [-0.98388318, -0.97368278, -0.99433012, ...,  0.        ,
          0.22423996,  0.33104568],
        [-0.91873067, -0.99999291, -0.99285353, ..., -0.22423996,
          0.        ,  0.11101913],
        [-0.86921156, -0.99422922, -0.97346703, ..., -0.33104568,
         -0.11101913,  0.        ]]]), 'num': array([9.43659728e-01, 3.28053176e-01, 1.11522926e-04, 9.18815749e-04,
       9.20480270e-04, 9.05499579e-04, 4.33692685e-02, 3.32904257e-06,
       9.05499579e-04, 8.93598252e-04, 8.92710507e-04, 1.05349448e-05,
       9.20690093e-04, 8.66506410e-04])}
{'img': array([[[ 0.        , -0.63152031, -0.66217438, ..., -0.63152031,
         -0.25413319, -0.15961556],
        [ 0.63152031,  0.        , -0.04019347, ...,  0.        ,
          0.41374247,  0.49966434],
        [ 0.66217438,  0.04019347,  0.        , ...,  0.04019347,
          0.45000003,  0.53407692],
        ...,
        [ 0.63152031,  0.        , -0.04019347, ...,  0.        ,
          0.41374247,  0.49966434],
        [ 0.25413319, -0.41374247, -0.45000003, ..., -0.41374247,
          0.        ,  0.09649976],
        [ 0.15961556, -0.49966434, -0.53407692, ..., -0.49966434,
         -0.09649976,  0.        ]],

       [[ 0.        ,  0.41342032, -0.22967348, ..., -0.44650275,
          0.94243067, -0.0531407 ],
        [-0.41342032,  0.        , -0.61149562, ..., -0.77647992,
          0.99636952, -0.46122292],
        [ 0.22967348,  0.61149562,  0.        , ..., -0.22905897,
          0.8404342 ,  0.17762883],
        ...,
        [ 0.44650275,  0.77647992,  0.22905897, ...,  0.        ,
          0.69395902,  0.39832251],
        [-0.94243067, -0.99636952, -0.8404342 , ..., -0.69395902,
          0.        , -0.92332872],
        [ 0.0531407 ,  0.46122292, -0.17762883, ..., -0.39832251,
          0.92332872,  0.        ]],

       [[ 0.        , -0.69985421, -0.8335918 , ..., -0.99344792,
         -0.98519655, -0.97124181],
        [ 0.69985421,  0.        , -0.20883658, ..., -0.62962232,
         -0.58373681, -0.5271122 ],
        [ 0.8335918 ,  0.20883658,  0.        , ..., -0.45349408,
         -0.40130236, -0.33802124],
        ...,
        [ 0.99344792,  0.62962232,  0.45349408, ...,  0.        ,
          0.05771147,  0.12553616],
        [ 0.98519655,  0.58373681,  0.40130236, ..., -0.05771147,
          0.        ,  0.06807201],
        [ 0.97124181,  0.5271122 ,  0.33802124, ..., -0.12553616,
         -0.06807201,  0.        ]],

       ...,

       [[ 0.        , -0.19647292,  0.39660492, ...,  0.20483646,
          0.62140589,  0.6577883 ],
        [ 0.19647292,  0.        ,  0.56923485, ...,  0.39315099,
          0.76322856,  0.79295148],
        [-0.39660492, -0.56923485,  0.        , ..., -0.2001577 ,
          0.2597085 ,  0.30511872],
        ...,
        [-0.20483646, -0.39315099,  0.2001577 , ...,  0.        ,
          0.44774266,  0.48955729],
        [-0.62140589, -0.76322856, -0.2597085 , ..., -0.44774266,
          0.        ,  0.04732508],
        [-0.6577883 , -0.79295148, -0.30511872, ..., -0.48955729,
         -0.04732508,  0.        ]],

       [[ 0.        , -0.49942287, -0.71065672, ..., -0.6459364 ,
         -0.68412278, -0.73109703],
        [ 0.49942287,  0.        , -0.26431996, ..., -0.94086743,
         -0.95695798, -0.97413501],
        [ 0.71065672,  0.26431996,  0.        , ..., -0.99695051,
         -0.99963647, -0.99921747],
        ...,
        [ 0.6459364 ,  0.94086743,  0.99695051, ...,  0.        ,
          0.05112872,  0.11740778],
        [ 0.68412278,  0.95695798,  0.99963647, ..., -0.05112872,
          0.        ,  0.06647911],
        [ 0.73109703,  0.97413501,  0.99921747, ..., -0.11740778,
         -0.06647911,  0.        ]],

       [[ 0.        , -0.28984577, -0.10418804, ...,  0.9951792 ,
          0.97780497,  0.96489334],
        [ 0.28984577,  0.        ,  0.18855272, ...,  0.92403339,
          0.87510343,  0.84734803],
        [ 0.10418804, -0.18855272,  0.        , ...,  0.97954499,
          0.9506542 ,  0.93227786],
        ...,
        [-0.9951792 , -0.92403339, -0.97954499, ...,  0.        ,
          0.11261061,  0.16674568],
        [-0.97780497, -0.87510343, -0.9506542 , ..., -0.11261061,
          0.        ,  0.05465099],
        [-0.96489334, -0.84734803, -0.93227786, ..., -0.16674568,
         -0.05465099,  0.        ]]]), 'num': array([ 7.07092133e-01,  7.07092133e-01,  0.00000000e+00,  9.11732915e-05,
        9.35025362e-05,  9.06741677e-05,  6.43156031e-03, -6.65498478e-07,
        9.09403671e-05,  8.95178641e-05,  8.92100710e-05,  1.00225674e-06,
        9.21536812e-05,  8.68820469e-05])}
{'img': array([[[ 0.        , -0.04019347, -0.08019301, ...,  0.41374247,
          0.49966434,  0.32906078],
        [ 0.04019347,  0.        , -0.04006418, ...,  0.45000003,
          0.53407692,  0.36674992],
        [ 0.08019301,  0.04006418,  0.        , ...,  0.48541718,
          0.56751981,  0.40372795],
        ...,
        [-0.41374247, -0.45000003, -0.48541718, ...,  0.        ,
          0.09649976, -0.09112569],
        [-0.49966434, -0.53407692, -0.56751981, ..., -0.09649976,
          0.        , -0.18679866],
        [-0.32906078, -0.36674992, -0.40372795, ...,  0.09112569,
          0.18679866,  0.        ]],

       [[ 0.        , -0.61149562, -0.44962859, ...,  0.99636952,
         -0.46122292, -0.04808764],
        [ 0.61149562,  0.        ,  0.19042979, ...,  0.8404342 ,
          0.17762883,  0.57273895],
        [ 0.44962859, -0.19042979,  0.        , ...,  0.92825143,
         -0.01302313,  0.40615579],
        ...,
        [-0.99636952, -0.8404342 , -0.92825143, ...,  0.        ,
         -0.92332872, -0.99931073],
        [ 0.46122292, -0.17762883,  0.01302313, ...,  0.92332872,
          0.        ,  0.41802193],
        [ 0.04808764, -0.57273895, -0.40615579, ...,  0.99931073,
         -0.41802193,  0.        ]],

       [[ 0.        , -0.20883658, -0.37471199, ..., -0.58373681,
         -0.5271122 , -0.41258734],
        [ 0.20883658,  0.        , -0.17282879, ..., -0.40130236,
         -0.33802124, -0.21325701],
        [ 0.37471199,  0.17282879,  0.        , ..., -0.23696174,
         -0.17027883, -0.04119484],
        ...,
        [ 0.58373681,  0.40130236,  0.23696174, ...,  0.        ,
          0.06807201,  0.19673903],
        [ 0.5271122 ,  0.33802124,  0.17027883, ..., -0.06807201,
          0.        ,  0.12954107],
        [ 0.41258734,  0.21325701,  0.04119484, ..., -0.19673903,
         -0.12954107,  0.        ]],

       ...,

       [[ 0.        ,  0.56923485,  0.53376867, ...,  0.76322856,
          0.79295148,  0.69472374],
        [-0.56923485,  0.        , -0.04251113, ...,  0.2597085 ,
          0.30511872,  0.16174713],
        [-0.53376867,  0.04251113,  0.        , ...,  0.30052617,
          0.34532685,  0.20355225],
        ...,
        [-0.76322856, -0.2597085 , -0.30052617, ...,  0.        ,
          0.04732508, -0.10009162],
        [-0.79295148, -0.30511872, -0.34532685, ..., -0.04732508,
          0.        , -0.14706689],
        [-0.69472374, -0.16174713, -0.20355225, ...,  0.10009162,
          0.14706689,  0.        ]],

       [[ 0.        , -0.56437023, -0.87181297, ..., -0.70421375,
         -0.75168481, -0.7678365 ],
        [ 0.56437023,  0.        , -0.44325012, ..., -0.98203991,
         -0.99274707, -0.99542722],
        [ 0.87181297,  0.44325012,  0.        , ..., -0.96392806,
         -0.94318474, -0.93463955],
        ...,
        [ 0.70421375,  0.98203991,  0.96392806, ...,  0.        ,
          0.0692424 ,  0.09400311],
        [ 0.75168481,  0.99274707,  0.94318474, ..., -0.0692424 ,
          0.        ,  0.0248417 ],
        [ 0.7678365 ,  0.99542722,  0.93463955, ..., -0.09400311,
         -0.0248417 ,  0.        ]],

       [[ 0.        ,  0.18855272,  0.74009597, ...,  0.87510343,
          0.84734803,  0.77370354],
        [-0.18855272,  0.        ,  0.60001898, ...,  0.9506542 ,
          0.93227786,  0.87928284],
        [-0.74009597, -0.60001898,  0.        , ...,  0.9466672 ,
          0.96286168,  0.98920279],
        ...,
        [-0.87510343, -0.9506542 , -0.9466672 , ...,  0.        ,
          0.05465099,  0.17999692],
        [-0.84734803, -0.93227786, -0.96286168, ..., -0.05465099,
          0.        ,  0.12596954],
        [-0.77370354, -0.87928284, -0.98920279, ..., -0.17999692,
         -0.12596954,  0.        ]]]), 'num': array([ 7.07098679e-01,  7.07098679e-01,  0.00000000e+00,  9.01758786e-05,
        9.16732640e-05,  8.95103740e-05,  4.78030319e-03, -9.98256959e-07,
        9.09079337e-05,  8.96268373e-05,  8.92164427e-05,  9.90334284e-07,
        9.21829729e-05,  8.70707016e-05])}
{'img': array([[[ 0.        , -0.04006418, -0.47203916, ...,  0.53407692,
          0.36674992,  0.1209753 ],
        [ 0.04006418,  0.        , -0.43634048, ...,  0.56751981,
          0.40372795,  0.1606481 ],
        [ 0.47203916,  0.43634048,  0.        , ...,  0.86990908,
          0.76246577,  0.57522139],
        ...,
        [-0.53407692, -0.56751981, -0.86990908, ...,  0.        ,
         -0.18679866, -0.42787754],
        [-0.36674992, -0.40372795, -0.76246577, ...,  0.18679866,
          0.        , -0.25151064],
        [-0.1209753 , -0.1606481 , -0.57522139, ...,  0.42787754,
          0.25151064,  0.        ]],

       [[ 0.        ,  0.19042979, -0.08657479, ...,  0.17762883,
          0.57273895,  0.27031486],
        [-0.19042979,  0.        , -0.27470534, ..., -0.01302313,
          0.40615579,  0.08202785],
        [ 0.08657479,  0.27470534,  0.        , ...,  0.26215993,
          0.64155715,  0.3526517 ],
        ...,
        [-0.17762883,  0.01302313, -0.26215993, ...,  0.        ,
          0.41802193,  0.09500013],
        [-0.57273895, -0.40615579, -0.64155715, ..., -0.41802193,
          0.        , -0.3298297 ],
        [-0.27031486, -0.08202785, -0.3526517 , ..., -0.09500013,
          0.3298297 ,  0.        ]],

       [[ 0.        , -0.17282879, -0.52022411, ..., -0.33802124,
         -0.21325701, -0.22320751],
        [ 0.17282879,  0.        , -0.36479478, ..., -0.17027883,
         -0.04119484, -0.05138018],
        [ 0.52022411,  0.36479478,  0.        , ...,  0.20092272,
          0.3261291 ,  0.31647348],
        ...,
        [ 0.33802124,  0.17027883, -0.20092272, ...,  0.        ,
          0.12954107,  0.1194241 ],
        [ 0.21325701,  0.04119484, -0.3261291 , ..., -0.12954107,
          0.        , -0.01019614],
        [ 0.22320751,  0.05138018, -0.31647348, ..., -0.1194241 ,
          0.01019614,  0.        ]],

       ...,

       [[ 0.        , -0.04251113,  0.04339003, ...,  0.30511872,
          0.16174713,  0.12878953],
        [ 0.04251113,  0.        ,  0.08582189, ...,  0.34532685,
          0.20355225,  0.17083019],
        [-0.04339003, -0.08582189,  0.        , ...,  0.26351042,
          0.11877611,  0.08563956],
        ...,
        [-0.30511872, -0.34532685, -0.26351042, ...,  0.        ,
         -0.14706689, -0.17992957],
        [-0.16174713, -0.20355225, -0.11877611, ...,  0.14706689,
          0.        , -0.03330643],
        [-0.12878953, -0.17083019, -0.08563956, ...,  0.17992957,
          0.03330643,  0.        ]],

       [[ 0.        , -0.77477792, -0.9676632 , ..., -0.77903484,
         -0.79523616, -0.79873074],
        [ 0.77477792,  0.        , -0.41635461, ..., -0.97830266,
         -0.97252262, -0.97115938],
        [ 0.9676632 ,  0.41635461,  0.        , ..., -0.80321434,
         -0.78728897, -0.7837084 ],
        ...,
        [ 0.77903484,  0.97830266,  0.80321434, ...,  0.        ,
          0.02626901,  0.03205231],
        [ 0.79523616,  0.97252262,  0.78728897, ..., -0.02626901,
          0.        ,  0.00578574],
        [ 0.79873074,  0.97115938,  0.7837084 , ..., -0.03205231,
         -0.00578574,  0.        ]],

       [[ 0.        ,  0.72605486,  0.93077865, ...,  0.84999297,
          0.77640723,  0.71244101],
        [-0.72605486,  0.        ,  0.37460415, ...,  0.96696779,
          0.99146885,  0.99939657],
        [-0.93077865, -0.37460415,  0.        , ...,  0.80107181,
          0.87044754,  0.91361366],
        ...,
        [-0.84999297, -0.96696779, -0.80107181, ...,  0.        ,
          0.1266857 ,  0.2211576 ],
        [-0.77640723, -0.99146885, -0.87044754, ..., -0.1266857 ,
          0.        ,  0.09582699],
        [-0.71244101, -0.99939657, -0.91361366, ..., -0.2211576 ,
         -0.09582699,  0.        ]]]), 'num': array([ 9.04588685e-01,  4.26201870e-01,  8.89194823e-05,  1.14969194e-04,
        1.16465075e-04,  1.12191128e-04,  8.43578979e-03, -8.54789544e-07,
        1.16678773e-04,  1.15172206e-04,  1.14588100e-04,  1.20358298e-06,
        1.18408787e-04,  1.11935625e-04])}
{'img': array([[[ 0.        , -0.43634048, -0.04      , ...,  0.40372795,
          0.1606481 ,  0.        ],
        [ 0.43634048,  0.        ,  0.4       , ...,  0.76246577,
          0.57522139,  0.43634048],
        [ 0.04      , -0.4       ,  0.        , ...,  0.44      ,
          0.2       ,  0.04      ],
        ...,
        [-0.40372795, -0.76246577, -0.44      , ...,  0.        ,
         -0.25151064, -0.40372795],
        [-0.1606481 , -0.57522139, -0.2       , ...,  0.25151064,
          0.        , -0.1606481 ],
        [ 0.        , -0.43634048, -0.04      , ...,  0.40372795,
          0.1606481 ,  0.        ]],

       [[ 0.        , -0.27470534, -0.51349059, ...,  0.40615579,
          0.08202785,  0.43102229],
        [ 0.27470534,  0.        , -0.25801248, ...,  0.64155715,
          0.3526517 ,  0.66231816],
        [ 0.51349059,  0.25801248,  0.        , ...,  0.81775002,
          0.58214785,  0.83320192],
        ...,
        [-0.40615579, -0.64155715, -0.81775002, ...,  0.        ,
         -0.3298297 ,  0.02737868],
        [-0.08202785, -0.3526517 , -0.58214785, ...,  0.3298297 ,
          0.        ,  0.35555264],
        [-0.43102229, -0.66231816, -0.83320192, ..., -0.02737868,
         -0.35555264,  0.        ]],

       [[ 0.        , -0.36479478, -0.51863052, ..., -0.04119484,
         -0.05138018, -0.07161857],
        [ 0.36479478,  0.        , -0.17099164, ...,  0.3261291 ,
          0.31647348,  0.29717484],
        [ 0.51863052,  0.17099164,  0.        , ...,  0.48296875,
          0.47401552,  0.45606496],
        ...,
        [ 0.04119484, -0.3261291 , -0.48296875, ...,  0.        ,
         -0.01019614, -0.03046872],
        [ 0.05138018, -0.31647348, -0.47401552, ...,  0.01019614,
          0.        , -0.02027573],
        [ 0.07161857, -0.29717484, -0.45606496, ...,  0.03046872,
          0.02027573,  0.        ]],

       ...,

       [[ 0.        ,  0.08582189,  0.01809567, ...,  0.20355225,
          0.17083019,  0.02723388],
        [-0.08582189,  0.        , -0.06777894, ...,  0.11877611,
          0.08563956, -0.05865666],
        [-0.01809567,  0.06777894,  0.        , ...,  0.18580211,
          0.15297255,  0.00914046],
        ...,
        [-0.20355225, -0.11877611, -0.18580211, ...,  0.        ,
         -0.03330643, -0.17681304],
        [-0.17083019, -0.08563956, -0.15297255, ...,  0.03330643,
          0.        , -0.14393328],
        [-0.02723388,  0.05865666, -0.00914046, ...,  0.17681304,
          0.14393328,  0.        ]],

       [[ 0.        , -0.84523461, -0.89528115, ..., -0.85562678,
         -0.85901934, -0.8596495 ],
        [ 0.84523461,  0.        , -0.1018808 , ..., -0.89473079,
         -0.89176805, -0.89120982],
        [ 0.89528115,  0.1018808 ,  0.        , ..., -0.84457459,
         -0.84102751, -0.84036027],
        ...,
        [ 0.85562678,  0.89473079,  0.84457459, ...,  0.        ,
          0.00659037,  0.00782254],
        [ 0.85901934,  0.89176805,  0.84102751, ..., -0.00659037,
          0.        ,  0.00123219],
        [ 0.8596495 ,  0.89120982,  0.84036027, ..., -0.00782254,
         -0.00123219,  0.        ]],

       [[ 0.        ,  0.78591241,  0.76064785, ...,  0.8272789 ,
          0.76289209,  0.73168232],
        [-0.78591241,  0.        , -0.03984927, ...,  0.95305671,
          0.97983773,  0.98814075],
        [-0.76064785,  0.03984927,  0.        , ...,  0.96436573,
          0.98702113,  0.99347476],
        ...,
        [-0.8272789 , -0.95305671, -0.96436573, ...,  0.        ,
          0.10627095,  0.15285831],
        [-0.76289209, -0.97983773, -0.98702113, ..., -0.10627095,
          0.        ,  0.04697065],
        [-0.73168232, -0.98814075, -0.99347476, ..., -0.15285831,
         -0.04697065,  0.        ]]]), 'num': array([8.55216822e-01, 5.17867121e-01, 6.14480330e-05, 1.10065155e-04,
       1.13473366e-04, 1.08260808e-04, 2.04385179e-02, 2.20531277e-06,
       1.09423610e-04, 1.08170591e-04, 1.07539070e-04, 1.16764812e-06,
       1.11323915e-04, 1.05017267e-04])}
{'img': array([[[ 0.        ,  0.4       ,  0.91651514, ...,  0.57522139,
          0.43634048,  0.79083466],
        [-0.4       ,  0.        ,  1.        , ...,  0.2       ,
          0.04      ,  0.48      ],
        [-0.91651514, -1.        ,  0.        , ..., -0.9797959 ,
         -0.99919968, -0.87726849],
        ...,
        [-0.57522139, -0.2       ,  0.9797959 , ...,  0.        ,
         -0.1606481 ,  0.29484833],
        [-0.43634048, -0.04      ,  0.99919968, ...,  0.1606481 ,
          0.        ,  0.44452511],
        [-0.79083466, -0.48      ,  0.87726849, ..., -0.29484833,
         -0.44452511,  0.        ]],

       [[ 0.        , -0.20028119,  0.73334474, ...,  0.26598597,
          0.50024182,  0.65661934],
        [ 0.20028119,  0.        ,  0.85464861, ...,  0.45366313,
          0.66352678,  0.49225871],
        [-0.73334474, -0.85464861,  0.        , ..., -0.52609498,
         -0.29489988,  0.99951207],
        ...,
        [-0.26598597, -0.45366313,  0.52609498, ...,  0.        ,
          0.2519081 ,  0.83357839],
        [-0.50024182, -0.66352678,  0.29489988, ..., -0.2519081 ,
          0.        ,  0.94585078],
        [-0.65661934, -0.49225871, -0.99951207, ..., -0.83357839,
         -0.94585078,  0.        ]],

       [[ 0.        , -0.17099164,  0.03815066, ...,  0.31647348,
          0.29717484,  0.28753172],
        [ 0.17099164,  0.        ,  0.20845596, ...,  0.47401552,
          0.45606496,  0.44706795],
        [-0.03815066, -0.20845596,  0.        , ...,  0.28005332,
          0.26053136,  0.25078279],
        ...,
        [-0.31647348, -0.47401552, -0.28005332, ...,  0.        ,
         -0.02027573, -0.03035618],
        [-0.29717484, -0.45606496, -0.26053136, ...,  0.02027573,
          0.        , -0.01008355],
        [-0.28753172, -0.44706795, -0.25078279, ...,  0.03035618,
          0.01008355,  0.        ]],

       ...,

       [[ 0.        , -0.06777894,  0.01314019, ...,  0.08563956,
         -0.05865666,  0.02716864],
        [ 0.06777894,  0.        ,  0.08088306, ...,  0.15297255,
          0.00914046,  0.09486008],
        [-0.01314019, -0.08088306,  0.        , ...,  0.07254025,
         -0.07176917,  0.01403095],
        ...,
        [-0.08563956, -0.15297255, -0.07254025, ...,  0.        ,
         -0.14393328, -0.05853912],
        [ 0.05865666, -0.00914046,  0.07176917, ...,  0.14393328,
          0.        ,  0.08575687],
        [-0.02716864, -0.09486008, -0.01403095, ...,  0.05853912,
         -0.08575687,  0.        ]],

       [[ 0.        , -0.46723764, -0.5020521 , ..., -0.93145961,
         -0.93199755, -0.95024828],
        [ 0.46723764,  0.        , -0.03979564, ..., -0.99353499,
         -0.99336573, -0.98568619],
        [ 0.5020521 ,  0.03979564,  0.        , ..., -0.9882301 ,
         -0.98800241, -0.9781962 ],
        ...,
        [ 0.93145961,  0.99353499,  0.9882301 , ...,  0.        ,
          0.00148131,  0.05559921],
        [ 0.93199755,  0.99336573,  0.98800241, ..., -0.00148131,
          0.        ,  0.05412014],
        [ 0.95024828,  0.98568619,  0.9781962 , ..., -0.05559921,
         -0.05412014,  0.        ]],

       [[ 0.        , -0.2708728 , -0.10986328, ...,  0.94479589,
          0.92615175,  0.92541059],
        [ 0.2708728 ,  0.        ,  0.16347707, ...,  0.8207208 ,
          0.78936773,  0.78816266],
        [ 0.10986328, -0.16347707,  0.        , ...,  0.90307902,
          0.87911043,  0.87817436],
        ...,
        [-0.94479589, -0.8207208 , -0.90307902, ...,  0.        ,
          0.05286841,  0.054826  ],
        [-0.92615175, -0.78936773, -0.87911043, ..., -0.05286841,
          0.        ,  0.00196044],
        [-0.92541059, -0.78816266, -0.87817436, ..., -0.054826  ,
         -0.00196044,  0.        ]]]), 'num': array([ 9.79313378e-01,  2.02248729e-01,  1.43900861e-04,  1.25616658e-04,
        1.28640763e-04,  1.25616658e-04,  6.37271918e-03, -2.09361097e-06,
        1.26407578e-04,  1.25616658e-04,  1.24829616e-04,  1.16311721e-06,
        1.29159873e-04,  1.22073444e-04])}
{'img': array([[[ 0.        ,  1.        ,  0.88      , ...,  0.04      ,
          0.48      ,  0.12      ],
        [-1.        ,  0.        , -0.47497368, ..., -0.99919968,
         -0.87726849, -0.99277389],
        [-0.88      ,  0.47497368,  0.        , ..., -0.86029677,
         -0.5440089 , -0.81664418],
        ...,
        [-0.04      ,  0.99919968,  0.86029677, ...,  0.        ,
          0.44452511,  0.08019301],
        [-0.48      ,  0.87726849,  0.5440089 , ..., -0.44452511,
          0.        , -0.37125925],
        [-0.12      ,  0.99277389,  0.81664418, ..., -0.08019301,
          0.37125925,  0.        ]],

       [[ 0.        ,  0.85464861,  0.19599746, ...,  0.66352678,
          0.49225871,  0.42273965],
        [-0.85464861,  0.        , -0.73630897, ..., -0.29489988,
          0.99951207, -0.55503699],
        [-0.19599746,  0.73630897,  0.        , ...,  0.50402128,
          0.65331684,  0.23691743],
        ...,
        [-0.66352678,  0.29489988, -0.50402128, ...,  0.        ,
          0.94585078, -0.28504818],
        [-0.49225871, -0.99951207, -0.65331684, ..., -0.94585078,
          0.        , -0.81408331],
        [-0.42273965,  0.55503699, -0.23691743, ...,  0.28504818,
          0.81408331,  0.        ]],

       [[ 0.        ,  0.20845596,  0.39279084, ...,  0.45606496,
          0.44706795,  0.33802683],
        [-0.20845596,  0.        ,  0.19246001, ...,  0.26053136,
          0.25078279,  0.13441546],
        [-0.39279084, -0.19246001,  0.        , ...,  0.0698472 ,
          0.05978472, -0.05881091],
        ...,
        [-0.45606496, -0.26053136, -0.0698472 , ...,  0.        ,
         -0.01008355, -0.12839357],
        [-0.44706795, -0.25078279, -0.05978472, ...,  0.01008355,
          0.        , -0.11838695],
        [-0.33802683, -0.13441546,  0.05881091, ...,  0.12839357,
          0.11838695,  0.        ]],

       ...,

       [[ 0.        ,  0.08088306,  0.00217714, ...,  0.00914046,
          0.09486008, -0.2629476 ],
        [-0.08088306,  0.        , -0.07871286, ..., -0.07176917,
          0.01403095, -0.34012287],
        [-0.00217714,  0.07871286,  0.        , ...,  0.00696339,
          0.09269254, -0.2650475 ],
        ...,
        [-0.00914046,  0.07176917, -0.00696339, ...,  0.        ,
          0.08575687, -0.27175543],
        [-0.09486008, -0.01403095, -0.09269254, ..., -0.08575687,
          0.        , -0.35328383],
        [ 0.2629476 ,  0.34012287,  0.2650475 , ...,  0.27175543,
          0.35328383,  0.        ]],

       [[ 0.        , -0.20135145, -0.39943696, ..., -0.94631083,
         -0.96309757, -0.96249309],
        [ 0.20135145,  0.        , -0.20666503, ..., -0.99201799,
         -0.99756668, -0.99740823],
        [ 0.39943696,  0.20666503,  0.        , ..., -0.99666179,
         -0.99043943, -0.99074553],
        ...,
        [ 0.94631083,  0.99201799,  0.99666179, ...,  0.        ,
          0.05662718,  0.05439371],
        [ 0.96309757,  0.99756668,  0.99043943, ..., -0.05662718,
          0.        , -0.00223691],
        [ 0.96249309,  0.99740823,  0.99074553, ..., -0.05439371,
          0.00223691,  0.        ]],

       [[ 0.        ,  0.16347707,  0.33117161, ...,  0.78936773,
          0.78816266,  0.71250726],
        [-0.16347707,  0.        ,  0.17246426, ...,  0.87911043,
          0.87817436,  0.81762809],
        [-0.33117161, -0.17246426,  0.        , ...,  0.94813723,
          0.94751227,  0.9046723 ],
        ...,
        [-0.78936773, -0.87911043, -0.94813723, ...,  0.        ,
          0.00196044,  0.11644858],
        [-0.78816266, -0.87817436, -0.94751227, ..., -0.00196044,
          0.        ,  0.11450125],
        [-0.71250726, -0.81762809, -0.9046723 , ..., -0.11644858,
         -0.11450125,  0.        ]]]), 'num': array([9.97767819e-01, 6.66671183e-02, 1.72426056e-04, 1.27986351e-04,
       1.30119456e-04, 1.25853245e-04, 3.83579833e-03, 0.00000000e+00,
       1.28412972e-04, 1.28093006e-04, 1.27196311e-04, 1.25163514e-06,
       1.31568200e-04, 1.24617812e-04])}
{'img': array([[[ 0.        , -0.47497368, -0.6       , ..., -0.87726849,
         -0.99277389, -0.99277389],
        [ 0.47497368,  0.        , -0.14802105, ..., -0.5440089 ,
         -0.81664418, -0.81664418],
        [ 0.6       ,  0.14802105,  0.        , ..., -0.41381479,
         -0.72221911, -0.72221911],
        ...,
        [ 0.87726849,  0.5440089 ,  0.41381479, ...,  0.        ,
         -0.37125925, -0.37125925],
        [ 0.99277389,  0.81664418,  0.72221911, ...,  0.37125925,
          0.        ,  0.        ],
        [ 0.99277389,  0.81664418,  0.72221911, ...,  0.37125925,
          0.        ,  0.        ]],

       [[ 0.        , -0.73630897, -0.74010452, ...,  0.99951207,
         -0.55503699, -0.80011443],
        [ 0.73630897,  0.        , -0.00562659, ...,  0.65331684,
          0.23691743, -0.09972079],
        [ 0.74010452,  0.00562659,  0.        , ...,  0.6490467 ,
          0.24238008, -0.09412067],
        ...,
        [-0.99951207, -0.65331684, -0.6490467 , ...,  0.        ,
         -0.81408331, -0.57456328],
        [ 0.55503699, -0.23691743, -0.24238008, ...,  0.81408331,
          0.        , -0.33261823],
        [ 0.80011443,  0.09972079,  0.09412067, ...,  0.57456328,
          0.33261823,  0.        ]],

       [[ 0.        ,  0.19246001,  0.37818657, ...,  0.25078279,
          0.13441546,  0.05743558],
        [-0.19246001,  0.        ,  0.19295041, ...,  0.05978472,
         -0.05881091, -0.13578049],
        [-0.37818657, -0.19295041,  0.        , ..., -0.133944  ,
         -0.2503222 , -0.32439246],
        ...,
        [-0.25078279, -0.05978472,  0.133944  , ...,  0.        ,
         -0.11838695, -0.19476867],
        [-0.13441546,  0.05881091,  0.2503222 , ...,  0.11838695,
          0.        , -0.07727922],
        [-0.05743558,  0.13578049,  0.32439246, ...,  0.19476867,
          0.07727922,  0.        ]],

       ...,

       [[ 0.        , -0.07871286, -0.30953824, ...,  0.01403095,
         -0.34012287, -0.2234881 ],
        [ 0.07871286,  0.        , -0.2337308 , ...,  0.09269254,
         -0.2650475 , -0.14607274],
        [ 0.30953824,  0.2337308 ,  0.        , ...,  0.32284962,
         -0.03233454,  0.08919705],
        ...,
        [-0.01403095, -0.09269254, -0.32284962, ...,  0.        ,
         -0.35328383, -0.23714217],
        [ 0.34012287,  0.2650475 ,  0.03233454, ...,  0.35328383,
          0.        ,  0.12135606],
        [ 0.2234881 ,  0.14607274, -0.08919705, ...,  0.23714217,
         -0.12135606,  0.        ]],

       [[ 0.        , -0.35042104, -0.28651928, ..., -0.96517886,
         -0.96458647, -0.96306582],
        [ 0.35042104,  0.        ,  0.06737771, ..., -0.995646  ,
         -0.99585369, -0.99635651],
        [ 0.28651928, -0.06737771,  0.        , ..., -0.99966405,
         -0.99971996, -0.99983871],
        ...,
        [ 0.96517886,  0.995646  ,  0.99966405, ...,  0.        ,
         -0.00225517, -0.00796072],
        [ 0.96458647,  0.99585369,  0.99971996, ...,  0.00225517,
          0.        , -0.0057056 ],
        [ 0.96306582,  0.99635651,  0.99983871, ...,  0.00796072,
          0.0057056 ,  0.        ]],

       [[ 0.        ,  0.29096937,  0.75895935, ...,  0.79018923,
          0.71449121,  0.60920108],
        [-0.29096937,  0.        ,  0.53665976, ...,  0.93432396,
          0.88715196,  0.8135857 ],
        [-0.75895935, -0.53665976,  0.        , ...,  0.9796603 ,
          0.99623406,  0.99854073],
        ...,
        [-0.79018923, -0.93432396, -0.9796603 , ...,  0.        ,
          0.1149663 ,  0.25327578],
        [-0.71449121, -0.88715196, -0.99623406, ..., -0.1149663 ,
          0.        ,  0.14037868],
        [-0.60920108, -0.8135857 , -0.99854073, ..., -0.25327578,
         -0.14037868,  0.        ]]]), 'num': array([ 9.98293191e-01,  5.81115064e-02,  1.77392771e-04,  1.27915875e-04,
        1.30570733e-04,  1.27674525e-04,  5.79582005e-03, -2.41350708e-06,
        1.30184572e-04,  1.30425923e-04,  1.29396160e-04,  9.19431270e-07,
        1.33997261e-04,  1.26854585e-04])}
{'img': array([[[ 0.        , -0.14802105,  0.47497368, ..., -0.81664418,
         -0.81664418, -0.97779263],
        [ 0.14802105,  0.        ,  0.6       , ..., -0.72221911,
         -0.72221911, -0.936     ],
        [-0.47497368, -0.6       ,  0.        , ..., -0.99277389,
         -0.99277389, -0.96      ],
        ...,
        [ 0.81664418,  0.72221911,  0.99277389, ...,  0.        ,
          0.        , -0.39317669],
        [ 0.81664418,  0.72221911,  0.99277389, ...,  0.        ,
          0.        , -0.39317669],
        [ 0.97779263,  0.936     ,  0.96      , ...,  0.39317669,
          0.39317669,  0.        ]],

       [[ 0.        , -0.00562659,  0.47305346, ...,  0.23691743,
         -0.09972079,  0.14750591],
        [ 0.00562659,  0.        ,  0.47800318, ...,  0.24238008,
         -0.09412067,  0.15306861],
        [-0.47305346, -0.47800318,  0.        , ..., -0.25085328,
         -0.55855289, -0.33792113],
        ...,
        [-0.23691743, -0.24238008,  0.25085328, ...,  0.        ,
         -0.33261823, -0.09101945],
        [ 0.09972079,  0.09412067,  0.55855289, ...,  0.33261823,
          0.        ,  0.24540062],
        [-0.14750591, -0.15306861,  0.33792113, ...,  0.09101945,
         -0.24540062,  0.        ]],

       [[ 0.        ,  0.19295041,  0.58611569, ..., -0.05881091,
         -0.13578049, -0.24826041],
        [-0.19295041,  0.        ,  0.418768  , ..., -0.2503222 ,
         -0.32439246, -0.43050499],
        [-0.58611569, -0.418768  ,  0.        , ..., -0.63275141,
         -0.69070071, -0.76891374],
        ...,
        [ 0.05881091,  0.2503222 ,  0.63275141, ...,  0.        ,
         -0.07727922, -0.19086097],
        [ 0.13578049,  0.32439246,  0.69070071, ...,  0.07727922,
          0.        , -0.1144316 ],
        [ 0.24826041,  0.43050499,  0.76891374, ...,  0.19086097,
          0.1144316 ,  0.        ]],

       ...,

       [[ 0.        , -0.2337308 , -0.52500858, ..., -0.2650475 ,
         -0.14607274, -0.73267094],
        [ 0.2337308 ,  0.        , -0.31153898, ..., -0.03233454,
          0.08919705, -0.55330372],
        [ 0.52500858,  0.31153898,  0.        , ...,  0.28065072,
          0.3950552 , -0.26626205],
        ...,
        [ 0.2650475 ,  0.03233454, -0.28065072, ...,  0.        ,
          0.12135606, -0.52608039],
        [ 0.14607274, -0.08919705, -0.3950552 , ..., -0.12135606,
          0.        , -0.62539757],
        [ 0.73267094,  0.55330372,  0.26626205, ...,  0.52608039,
          0.62539757,  0.        ]],

       [[ 0.        ,  0.07094815,  0.33699673, ..., -0.99690192,
         -0.9973353 , -0.99702991],
        [-0.07094815,  0.        ,  0.26934941, ..., -0.99997014,
         -0.99999798, -0.99998149],
        [-0.33699673, -0.26934941,  0.        , ..., -0.96509533,
         -0.96358227, -0.96466336],
        ...,
        [ 0.99690192,  0.99997014,  0.96509533, ...,  0.        ,
         -0.00571704, -0.00164438],
        [ 0.9973353 ,  0.99999798,  0.96358227, ...,  0.00571704,
          0.        ,  0.00407268],
        [ 0.99702991,  0.99998149,  0.96466336, ...,  0.00164438,
         -0.00407268,  0.        ]],

       [[ 0.        ,  0.72604397,  0.92565219, ...,  0.7209348 ,
          0.61511306,  0.63667153],
        [-0.72604397,  0.        ,  0.36180588, ...,  0.99890015,
          0.99542276,  0.99768408],
        [-0.92565219, -0.36180588,  0.        , ...,  0.91426372,
          0.96256393,  0.95470382],
        ...,
        [-0.7209348 , -0.99890015, -0.91426372, ...,  0.        ,
          0.14213792,  0.11472291],
        [-0.61511306, -0.99542276, -0.96256393, ..., -0.14213792,
          0.        , -0.02764134],
        [-0.63667153, -0.99768408, -0.95470382, ..., -0.11472291,
          0.02764134,  0.        ]]]), 'num': array([8.60103788e-01, 5.10102919e-01, 6.60378997e-05, 1.10305978e-04,
       1.11346601e-04, 1.09889729e-04, 4.04745933e-03, 0.00000000e+00,
       1.11929349e-04, 1.12512098e-04, 1.11481881e-04, 8.53844049e-07,
       1.15447760e-04, 1.09576436e-04])}
{'img': array([[[ 0.        ,  0.6       ,  0.23846531, ..., -0.72221911,
         -0.936     , -0.936     ],
        [-0.6       ,  0.        , -0.39191836, ..., -0.99277389,
         -0.96      , -0.96      ],
        [-0.23846531,  0.39191836,  0.        , ..., -0.86632178,
         -0.99293714, -0.99293714],
        ...,
        [ 0.72221911,  0.99277389,  0.86632178, ...,  0.        ,
         -0.39317669, -0.39317669],
        [ 0.936     ,  0.96      ,  0.99293714, ...,  0.39317669,
          0.        ,  0.        ],
        [ 0.936     ,  0.96      ,  0.99293714, ...,  0.39317669,
          0.        ,  0.        ]],

       [[ 0.        ,  0.47800318,  0.16175851, ..., -0.09412067,
          0.15306861,  0.01751036],
