state_0,state_1,state_2,state_3,state_4,state_5,state_6,state_7,state_8,state_9,state_10,state_11,state_12,state_13,state_14,state_15,state_16,state_17,state_18,state_19,state_20,state_21,state_22,state_23,state_24,state_25,state_26,state_27,state_28,state_29,state_30,state_31,state_32,state_33,state_34,state_35,state_36,state_37,state_38,state_39,state_40,state_41,state_42,state_43,state_44,state_45,state_46,state_47,state_48,state_49,state_50,state_51,state_52,state_53,state_54,state_55,state_56,state_57,state_58,state_59,state_60,state_61,state_62,state_63,state_64,state_65,state_66,state_67,state_68,state_69,state_70,state_71,state_72,state_73,state_74,state_75,state_76,state_77,state_78,state_79,state_80,state_81,state_82,state_83,state_84,state_85,state_86,state_87,state_88,state_89,state_90,state_91,state_92,state_93,state_94,state_95,state_96,state_97,state_98,state_99,state_100,state_101,state_102,state_103,state_104,state_105,state_106,state_107,state_108,state_109,state_110,state_111,state_112,state_113,state_114,state_115,state_116,state_117,state_118,state_119,state_120,state_121,state_122,state_123,state_124,state_125,state_126,state_127,state_128,state_129,state_130,state_131,state_132,state_133,state_134,state_135,state_136,state_137,state_138,state_139,state_140,state_141,state_142,state_143,state_144,state_145,state_146,state_147,state_148,state_149,state_150,state_151,state_152,state_153,state_154,state_155,state_156,state_157,state_158,state_159,state_160,state_161,state_162,state_163,state_164,state_165,state_166,state_167,state_168,state_169,state_170,state_171,state_172,state_173,state_174,state_175,state_176,state_177,state_178,state_179,state_180,state_181,state_182,state_183,state_184,state_185,state_186,state_187,state_188,state_189,state_190,state_191,state_192,state_193,state_194,state_195,state_196,state_197,state_198,state_199,state_200,state_201,state_202,state_203,state_204,state_205,state_206,state_207,state_208,state_209,state_210,state_211,state_212,state_213,state_214,state_215,state_216,state_217,state_218,state_219,state_220,state_221,state_222,state_223,state_224,state_225,state_226,state_227,state_228,state_229,state_230,state_231,state_232,state_233,state_234,state_235,state_236,state_237,state_238,state_239,state_240,state_241,state_242,state_243,state_244,state_245,state_246,state_247,state_248,state_249,state_250,state_251,state_252,state_253,state_254,state_255,state_256,state_257,state_258,state_259,state_260,state_261,state_262,state_263,state_264,state_265,state_266,state_267,state_268,state_269,state_270,state_271,state_272,state_273,state_274,state_275,state_276,state_277,state_278,state_279,state_280,state_281,state_282,state_283,state_284,state_285,state_286,state_287
{'img': array([[[ 0.        ,  0.04178077,  0.18397465, ..., -0.9635796 ,
         -0.927995  , -0.6273674 ],
        [-0.04178077,  0.        ,  0.14274639, ..., -0.95156512,
         -0.91161747, -0.59428392],
        [-0.18397465, -0.14274639,  0.        , ..., -0.89793344,
         -0.84360744, -0.4733935 ],
        ...,
        [ 0.9635796 ,  0.95156512,  0.89793344, ...,  0.        ,
         -0.11085668, -0.58259033],
        [ 0.927995  ,  0.91161747,  0.84360744, ...,  0.11085668,
          0.        , -0.48889895],
        [ 0.6273674 ,  0.59428392,  0.4733935 , ...,  0.58259033,
          0.48889895,  0.        ]],

       [[ 0.        , -0.65853389, -0.50924478, ..., -0.13295811,
         -0.6670335 ,  0.00856744],
        [ 0.65853389,  0.        ,  0.18351587, ...,  0.55262943,
         -0.01135077,  0.66495715],
        [ 0.50924478, -0.18351587,  0.        , ...,  0.39029689,
         -0.19466204,  0.51659941],
        ...,
        [ 0.13295811, -0.55262943, -0.39029689, ...,  0.        ,
         -0.56205387,  0.1414446 ],
        [ 0.6670335 ,  0.01135077,  0.19466204, ...,  0.56205387,
          0.        ,  0.67339199],
        [-0.00856744, -0.66495715, -0.51659941, ..., -0.1414446 ,
         -0.67339199,  0.        ]],

       [[ 0.        , -0.0607737 , -0.24173463, ..., -0.54665654,
         -0.3688059 , -0.06071765],
        [ 0.0607737 ,  0.        , -0.18231651, ..., -0.59653536,
         -0.42461374, -0.12126699],
        [ 0.24173463,  0.18231651,  0.        , ..., -0.73286219,
         -0.5825619 , -0.30020554],
        ...,
        [ 0.54665654,  0.59653536,  0.73286219, ...,  0.        ,
         -0.19929859, -0.4948056 ],
        [ 0.3688059 ,  0.42461374,  0.5825619 , ...,  0.19929859,
          0.        , -0.311688  ],
        [ 0.06071765,  0.12126699,  0.30020554, ...,  0.4948056 ,
          0.311688  ,  0.        ]],

       ...,

       [[ 0.        ,  0.11920779, -0.00120496, ..., -0.89081189,
         -0.96179135, -0.86799824],
        [-0.11920779,  0.        , -0.12040408, ..., -0.93862452,
         -0.98757026, -0.92100351],
        [ 0.00120496,  0.12040408,  0.        , ..., -0.89026374,
         -0.96146076, -0.86739926],
        ...,
        [ 0.89081189,  0.93862452,  0.89026374, ...,  0.        ,
         -0.19312177,  0.04795368],
        [ 0.96179135,  0.98757026,  0.96146076, ...,  0.19312177,
          0.        ,  0.23995054],
        [ 0.86799824,  0.92100351,  0.86739926, ..., -0.04795368,
         -0.23995054,  0.        ]],

       [[ 0.        ,  0.05265411,  0.09829637, ..., -0.6508808 ,
         -0.64260667, -0.66856794],
        [-0.05265411,  0.        ,  0.0457609 , ..., -0.61000396,
         -0.60137187, -0.62848422],
        [-0.09829637, -0.0457609 ,  0.        , ..., -0.57310407,
         -0.56418033, -0.59223198],
        ...,
        [ 0.6508808 ,  0.61000396,  0.57310407, ...,  0.        ,
         -0.01084833,  0.02353516],
        [ 0.64260667,  0.60137187,  0.56418033, ...,  0.01084833,
          0.        ,  0.0343791 ],
        [ 0.66856794,  0.62848422,  0.59223198, ..., -0.02353516,
         -0.0343791 ,  0.        ]],

       [[ 0.        ,  0.10590144,  0.22999588, ..., -0.95299529,
         -0.98454493, -0.9711717 ],
        [-0.10590144,  0.        ,  0.12564014, ..., -0.97972281,
         -0.99755522, -0.94046555],
        [-0.22999588, -0.12564014,  0.        , ..., -0.99713234,
         -0.99843054, -0.89030948],
        ...,
        [ 0.95299529,  0.97972281,  0.99713234, ...,  0.        ,
         -0.13140229, -0.52142658],
        [ 0.98454493,  0.99755522,  0.99843054, ...,  0.13140229,
          0.        , -0.40478028],
        [ 0.9711717 ,  0.94046555,  0.89030948, ...,  0.52142658,
          0.40478028,  0.        ]]]), 'num': array([ 9.99941579e-01,  7.17288278e-04,  7.96829578e-07,  3.70083070e-03,
        3.73624535e-03,  3.65951362e-03,  5.57916460e-04, -2.95122066e-06,
        3.72621120e-03,  3.84780149e-03,  4.07081540e-03,  1.15734143e-07,
        4.06343537e-03,  3.63216761e-03])}
{'img': array([[[ 0.        ,  0.14242031,  0.3361527 , ..., -0.91752242,
         -0.69272383, -0.5931598 ],
        [-0.14242031,  0.        ,  0.19859354, ..., -0.85153117,
         -0.58294845, -0.47245288],
        [-0.3361527 , -0.19859354,  0.        , ..., -0.73044693,
         -0.40997818, -0.28801094],
        ...,
        [ 0.91752242,  0.85153117,  0.73044693, ...,  0.        ,
         -0.38623466, -0.50279312],
        [ 0.69272383,  0.58294845,  0.40997818, ...,  0.38623466,
          0.        , -0.12991279],
        [ 0.5931598 ,  0.47245288,  0.28801094, ...,  0.50279312,
          0.12991279,  0.        ]],

       [[ 0.        ,  0.18351587,  0.22588856, ..., -0.01135077,
          0.66495715,  0.23930599],
        [-0.18351587,  0.        ,  0.04327967, ..., -0.19466204,
          0.51659941,  0.05705812],
        [-0.22588856, -0.04327967,  0.        , ..., -0.23693139,
          0.47905812,  0.0137955 ],
        ...,
        [ 0.01135077,  0.19466204,  0.23693139, ...,  0.        ,
          0.67339199,  0.25031153],
        [-0.66495715, -0.51659941, -0.47905812, ..., -0.67339199,
          0.        , -0.46690308],
        [-0.23930599, -0.05705812, -0.0137955 , ..., -0.25031153,
          0.46690308,  0.        ]],

       [[ 0.        , -0.18164691, -0.27482396, ..., -0.46277036,
         -0.2883598 , -0.12082361],
        [ 0.18164691,  0.        , -0.09559943, ..., -0.61609765,
         -0.45749353, -0.29912972],
        [ 0.27482396,  0.09559943,  0.        , ..., -0.68857664,
         -0.54040641, -0.38898184],
        ...,
        [ 0.46277036,  0.61609765,  0.68857664, ...,  0.        ,
         -0.18748818, -0.35227261],
        [ 0.2883598 ,  0.45749353,  0.54040641, ...,  0.18748818,
          0.        , -0.170556  ],
        [ 0.12082361,  0.29912972,  0.38898184, ...,  0.35227261,
          0.170556  ,  0.        ]],

       ...,

       [[ 0.        , -0.12040408,  0.35785523, ..., -0.98757026,
         -0.92100351, -0.90811422],
        [ 0.12040408,  0.        ,  0.46768239, ..., -0.96146076,
         -0.86739926, -0.85109176],
        [-0.35785523, -0.46768239,  0.        , ..., -0.97841751,
         -0.999416  , -0.99781829],
        ...,
        [ 0.98757026,  0.96146076,  0.97841751, ...,  0.        ,
          0.23995054,  0.27078217],
        [ 0.92100351,  0.86739926,  0.999416  , ..., -0.23995054,
          0.        ,  0.03188515],
        [ 0.90811422,  0.85109176,  0.99781829, ..., -0.27078217,
         -0.03188515,  0.        ]],

       [[ 0.        ,  0.0457609 ,  0.27840633, ..., -0.60137187,
         -0.62848422, -0.57042343],
        [-0.0457609 ,  0.        ,  0.23416301, ..., -0.56418033,
         -0.59223198, -0.53224012],
        [-0.27840633, -0.23416301,  0.        , ..., -0.35515756,
         -0.38708542, -0.31920156],
        ...,
        [ 0.60137187,  0.56418033,  0.35515756, ...,  0.        ,
          0.0343791 , -0.03818647],
        [ 0.62848422,  0.59223198,  0.38708542, ..., -0.0343791 ,
          0.        , -0.07251792],
        [ 0.57042343,  0.53224012,  0.31920156, ...,  0.03818647,
          0.07251792,  0.        ]],

       [[ 0.        ,  0.12241784,  0.23196345, ..., -0.98173139,
         -0.99994878, -0.9315057 ],
        [-0.12241784,  0.        ,  0.11113994, ..., -0.99764015,
         -0.99366681, -0.87997288],
        [-0.23196345, -0.11113994,  0.        , ..., -0.99909035,
         -0.97502239, -0.82172711],
        ...,
        [ 0.98173139,  0.99764015,  0.99909035, ...,  0.        ,
         -0.18032623, -0.53432152],
        [ 0.99994878,  0.99366681,  0.97502239, ...,  0.18032623,
          0.        , -0.37313592],
        [ 0.9315057 ,  0.87997288,  0.82172711, ...,  0.53432152,
          0.37313592,  0.        ]]]), 'num': array([8.11459478e-01, 5.82946613e-01, 1.80642580e-07, 1.42820540e-02,
       1.44401163e-02, 1.41239918e-02, 1.86233468e-03, 1.24191774e-04,
       1.42730219e-02, 1.46630970e-02, 1.55352619e-02, 4.74699963e-07,
       1.54423594e-02, 1.38838345e-02])}
{'img': array([[[ 0.        ,  0.19859354, -0.60558619, ..., -0.58294845,
         -0.47245288, -0.79999459],
        [-0.19859354,  0.        , -0.7515608 , ..., -0.40997818,
         -0.28801094, -0.6649027 ],
        [ 0.60558619,  0.7515608 ,  0.        , ..., -0.95594287,
         -0.9097054 , -0.99997555],
        ...,
        [ 0.58294845,  0.40997818,  0.95594287, ...,  0.        ,
         -0.12991279,  0.30022964],
        [ 0.47245288,  0.28801094,  0.9097054 , ...,  0.12991279,
          0.        ,  0.42160485],
        [ 0.79999459,  0.6649027 ,  0.99997555, ..., -0.30022964,
         -0.42160485,  0.        ]],

       [[ 0.        ,  0.04327967,  0.78919943, ...,  0.51659941,
          0.05705812, -0.15871869],
        [-0.04327967,  0.        ,  0.8150396 , ...,  0.47905812,
          0.0137955 , -0.20130103],
        [-0.78919943, -0.8150396 ,  0.        , ..., -0.99299685,
         -0.82295522, -0.6817204 ],
        ...,
        [-0.51659941, -0.47905812,  0.99299685, ...,  0.        ,
         -0.46690308, -0.64595018],
        [-0.05705812, -0.0137955 ,  0.82295522, ...,  0.46690308,
          0.        , -0.21479496],
        [ 0.15871869,  0.20130103,  0.6817204 , ...,  0.64595018,
          0.21479496,  0.        ]],

       [[ 0.        , -0.09559943, -0.28135911, ..., -0.45749353,
         -0.29912972, -0.45749353],
        [ 0.09559943,  0.        , -0.18833299, ..., -0.54040641,
         -0.38898184, -0.54040641],
        [ 0.28135911,  0.18833299,  0.        , ..., -0.68920012,
         -0.55552201, -0.68920012],
        ...,
        [ 0.45749353,  0.54040641,  0.68920012, ...,  0.        ,
         -0.170556  ,  0.        ],
        [ 0.29912972,  0.38898184,  0.55552201, ...,  0.170556  ,
          0.        ,  0.170556  ],
        [ 0.45749353,  0.54040641,  0.68920012, ...,  0.        ,
         -0.170556  ,  0.        ]],

       ...,

       [[ 0.        ,  0.46768239, -0.61098453, ..., -0.86739926,
         -0.85109176, -0.76572111],
        [-0.46768239,  0.        , -0.91028441, ..., -0.999416  ,
         -0.99781829, -0.97761884],
        [ 0.61098453,  0.91028441,  0.        , ..., -0.38263642,
         -0.3529832 , -0.21320881],
        ...,
        [ 0.86739926,  0.999416  ,  0.38263642, ...,  0.        ,
          0.03188515,  0.17685492],
        [ 0.85109176,  0.99781829,  0.3529832 , ..., -0.03188515,
          0.        ,  0.14538245],
        [ 0.76572111,  0.97761884,  0.21320881, ..., -0.17685492,
         -0.14538245,  0.        ]],

       [[ 0.        ,  0.2301549 , -0.09812041, ..., -0.70023615,
         -0.6637045 , -0.2301549 ],
        [-0.2301549 ,  0.        , -0.32453056, ..., -0.51712744,
         -0.47373201, -0.        ],
        [ 0.09812041,  0.32453056,  0.        , ..., -0.76690646,
         -0.73389539, -0.32453056],
        ...,
        [ 0.70023615,  0.51712744,  0.76690646, ...,  0.        ,
         -0.04994692, -0.51712744],
        [ 0.6637045 ,  0.47373201,  0.73389539, ...,  0.04994692,
          0.        , -0.47373201],
        [ 0.2301549 ,  0.        ,  0.32453056, ...,  0.51712744,
          0.47373201,  0.        ]],

       [[ 0.        ,  0.1107369 ,  0.23174037, ..., -0.99611078,
         -0.93962839, -0.87839566],
        [-0.1107369 ,  0.        ,  0.12259273, ..., -0.98022747,
         -0.89595566, -0.82006837],
        [-0.23174037, -0.12259273,  0.        , ..., -0.94857577,
         -0.83474876, -0.74372705],
        ...,
        [ 0.99611078,  0.98022747,  0.94857577, ...,  0.        ,
         -0.25807538, -0.39868026],
        [ 0.93962839,  0.89595566,  0.83474876, ...,  0.25807538,
          0.        , -0.14849653],
        [ 0.87839566,  0.82006837,  0.74372705, ...,  0.39868026,
          0.14849653,  0.        ]]]), 'num': array([8.58566975e-01, 5.10840573e-01, 2.74665404e-07, 1.51185392e-02,
       1.52618429e-02, 1.50468874e-02, 1.69450642e-03, 1.19419741e-05,
       1.50707713e-02, 1.54582884e-02, 1.63903595e-02, 5.37149036e-07,
       1.62447732e-02, 1.46718035e-02])}
{'img': array([[[ 0.        , -0.7515608 , -0.7515608 , ..., -0.28801094,
         -0.6649027 , -0.67947647],
        [ 0.7515608 ,  0.        ,  0.        , ..., -0.9097054 ,
         -0.99997555, -0.99964418],
        [ 0.7515608 ,  0.        ,  0.        , ..., -0.9097054 ,
         -0.99997555, -0.99964418],
        ...,
        [ 0.28801094,  0.9097054 ,  0.9097054 , ...,  0.        ,
          0.42160485,  0.43937225],
        [ 0.6649027 ,  0.99997555,  0.99997555, ..., -0.42160485,
          0.        ,  0.01968404],
        [ 0.67947647,  0.99964418,  0.99964418, ..., -0.43937225,
         -0.01968404,  0.        ]],

       [[ 0.        ,  0.8150396 ,  0.81560649, ...,  0.0137955 ,
         -0.20130103, -0.45747822],
        [-0.8150396 ,  0.        , -0.9441543 , ..., -0.82295522,
         -0.6817204 , -0.4596849 ],
        [-0.81560649,  0.9441543 ,  0.        , ..., -0.80754671,
         -0.91538474, -0.98995438],
        ...,
        [-0.0137955 ,  0.82295522,  0.80754671, ...,  0.        ,
         -0.21479496, -0.46970193],
        [ 0.20130103,  0.6817204 ,  0.91538474, ...,  0.21479496,
          0.        , -0.26911231],
        [ 0.45747822,  0.4596849 ,  0.98995438, ...,  0.46970193,
          0.26911231,  0.        ]],

       [[ 0.        , -0.18806148, -0.31320908, ..., -0.48267257,
         -0.56444795, -0.38847044],
        [ 0.18806148,  0.        , -0.12902156, ..., -0.63876477,
         -0.7096155 , -0.55483041],
        [ 0.31320908,  0.12902156,  0.        , ..., -0.7326953 ,
         -0.79459158, -0.65753425],
        ...,
        [ 0.48267257,  0.63876477,  0.7326953 , ...,  0.        ,
          0.09591293, -0.10454128],
        [ 0.56444795,  0.7096155 ,  0.79459158, ..., -0.09591293,
          0.        , -0.1994467 ],
        [ 0.38847044,  0.55483041,  0.65753425, ...,  0.10454128,
          0.1994467 ,  0.        ]],

       ...,

       [[ 0.        , -0.91028441, -0.80923256, ..., -0.99781829,
         -0.97761884, -0.93570935],
        [ 0.91028441,  0.        ,  0.19977269, ..., -0.3529832 ,
         -0.21320881, -0.06624542],
        [ 0.80923256, -0.19977269,  0.        , ..., -0.53278112,
         -0.40409025, -0.26424393],
        ...,
        [ 0.99781829,  0.3529832 ,  0.53278112, ...,  0.        ,
          0.14538245,  0.29022664],
        [ 0.97761884,  0.21320881,  0.40409025, ..., -0.14538245,
          0.        ,  0.14801824],
        [ 0.93570935,  0.06624542,  0.26424393, ..., -0.29022664,
         -0.14801824,  0.        ]],

       [[ 0.        , -0.31707229, -0.56037334, ..., -0.60936127,
         -0.42187474, -0.        ],
        [ 0.31707229,  0.        , -0.26884685, ..., -0.82932337,
         -0.68758148, -0.31707229],
        [ 0.56037334,  0.26884685,  0.        , ..., -0.94901339,
         -0.85747839, -0.56037334],
        ...,
        [ 0.60936127,  0.82932337,  0.94901339, ...,  0.        ,
         -0.2179785 , -0.60936127],
        [ 0.42187474,  0.68758148,  0.85747839, ...,  0.2179785 ,
          0.        , -0.42187474],
        [ 0.        ,  0.31707229,  0.56037334, ...,  0.60936127,
          0.42187474,  0.        ]],

       [[ 0.        ,  0.1221234 ,  0.38559094, ..., -0.92285253,
         -0.89849887, -0.81820148],
        [-0.1221234 ,  0.        ,  0.27002519, ..., -0.86890866,
         -0.83816432, -0.74186458],
        [-0.38559094, -0.27002519,  0.        , ..., -0.7029765 ,
         -0.6597527 , -0.53324141],
        ...,
        [ 0.92285253,  0.86890866,  0.7029765 , ...,  0.        ,
         -0.05904999, -0.21544393],
        [ 0.89849887,  0.83816432,  0.6597527 , ...,  0.05904999,
          0.        , -0.15740471],
        [ 0.81820148,  0.74186458,  0.53324141, ...,  0.21544393,
          0.15740471,  0.        ]]]), 'num': array([9.04494622e-01, 4.24013825e-01, 3.75082589e-07, 1.60160265e-02,
       1.62035678e-02, 1.59535128e-02, 1.59307578e-03, 1.87541294e-04,
       1.58059803e-02, 1.61410541e-02, 1.71175191e-02, 5.70562139e-07,
       1.69024707e-02, 1.53796374e-02])}
{'img': array([[[ 0.        ,  0.        ,  0.06621184, ..., -0.99997555,
         -0.99964418, -0.9659072 ],
        [ 0.        ,  0.        ,  0.06621184, ..., -0.99997555,
         -0.99964418, -0.9659072 ],
        [-0.06621184, -0.06621184,  0.        , ..., -0.99824416,
         -0.9992167 , -0.98092909],
        ...,
        [ 0.99997555,  0.99997555,  0.99824416, ...,  0.        ,
          0.01968404,  0.25212848],
        [ 0.99964418,  0.99964418,  0.9992167 , ..., -0.01968404,
          0.        ,  0.2330315 ],
        [ 0.9659072 ,  0.9659072 ,  0.98092909, ..., -0.25212848,
         -0.2330315 ,  0.        ]],

       [[ 0.        , -0.9441543 , -0.77207299, ..., -0.6817204 ,
         -0.4596849 , -0.1648071 ],
        [ 0.9441543 ,  0.        , -0.85444291, ..., -0.91538474,
         -0.98995438, -0.9855483 ],
        [ 0.77207299,  0.85444291,  0.        , ..., -0.13160208,
         -0.39351887, -0.65677503],
        ...,
        [ 0.6817204 ,  0.91538474,  0.13160208, ...,  0.        ,
         -0.26911231, -0.55182345],
        [ 0.4596849 ,  0.98995438,  0.39351887, ...,  0.26911231,
          0.        , -0.30703686],
        [ 0.1648071 ,  0.9855483 ,  0.65677503, ...,  0.55182345,
          0.30703686,  0.        ]],

       [[ 0.        , -0.12902156, -0.22980872, ..., -0.7096155 ,
         -0.55483041, -0.7096155 ],
        [ 0.12902156,  0.        , -0.10231952, ..., -0.79459158,
         -0.65753425, -0.79459158],
        [ 0.22980872,  0.10231952,  0.        , ..., -0.85254395,
         -0.73117329, -0.85254395],
        ...,
        [ 0.7096155 ,  0.79459158,  0.85254395, ...,  0.        ,
         -0.1994467 ,  0.        ],
        [ 0.55483041,  0.65753425,  0.73117329, ...,  0.1994467 ,
          0.        ,  0.1994467 ],
        [ 0.7096155 ,  0.79459158,  0.85254395, ...,  0.        ,
         -0.1994467 ,  0.        ]],

       ...,

       [[ 0.        ,  0.19977269,  0.25779752, ..., -0.21320881,
         -0.06624542, -0.03316844],
        [-0.19977269,  0.        ,  0.05958074, ..., -0.40409025,
         -0.26424393, -0.23216261],
        [-0.25779752, -0.05958074,  0.        , ..., -0.45787202,
         -0.32123749, -0.28970298],
        ...,
        [ 0.21320881,  0.40409025,  0.45787202, ...,  0.        ,
          0.14801824,  0.18068571],
        [ 0.06624542,  0.26424393,  0.32123749, ..., -0.14801824,
          0.        ,  0.03311339],
        [ 0.03316844,  0.23216261,  0.28970298, ..., -0.18068571,
         -0.03311339,  0.        ]],

       [[ 0.        , -0.37924795, -0.38468973, ..., -0.67679567,
         -0.53791068, -0.11185948],
        [ 0.37924795,  0.        , -0.00588823, ..., -0.90542702,
         -0.81743283, -0.48037083],
        [ 0.38468973,  0.00588823,  0.        , ..., -0.90791089,
         -0.82081042, -0.48552687],
        ...,
        [ 0.67679567,  0.90542702,  0.90791089, ...,  0.        ,
         -0.1745458 , -0.59020042],
        [ 0.53791068,  0.81743283,  0.82081042, ...,  0.1745458 ,
          0.        , -0.44023702],
        [ 0.11185948,  0.48037083,  0.48552687, ...,  0.59020042,
          0.44023702,  0.        ]],

       [[ 0.        ,  0.27002519,  0.28469983, ..., -0.83816432,
         -0.74186458, -0.85103797],
        [-0.27002519,  0.        ,  0.0152735 , ..., -0.6597527 ,
         -0.53324141, -0.67763333],
        [-0.28469983, -0.0152735 ,  0.        , ..., -0.64819797,
         -0.5202584 , -0.66632216],
        ...,
        [ 0.83816432,  0.6597527 ,  0.64819797, ...,  0.        ,
         -0.15740471,  0.02404768],
        [ 0.74186458,  0.53324141,  0.5202584 , ...,  0.15740471,
          0.        ,  0.1811071 ],
        [ 0.85103797,  0.67763333,  0.66632216, ..., -0.02404768,
         -0.1811071 ,  0.        ]]]), 'num': array([9.19071195e-01, 3.91371523e-01, 3.99469850e-07, 1.64906148e-02,
       1.65779988e-02, 1.61161118e-02, 2.53638388e-03, 4.99337313e-04,
       1.59463371e-02, 1.60905207e-02, 1.70702622e-02, 7.38523698e-07,
       1.67585640e-02, 1.54224774e-02])}
{'img': array([[[ 0.        ,  0.06621184,  0.19508524, ..., -0.99964418,
         -0.9659072 , -0.76764413],
        [-0.06621184,  0.        ,  0.12971748, ..., -0.9992167 ,
         -0.98092909, -0.8083932 ],
        [-0.19508524, -0.12971748,  0.        , ..., -0.98564107,
         -0.99785388, -0.87792035],
        ...,
        [ 0.99964418,  0.9992167 ,  0.98564107, ...,  0.        ,
          0.2330315 ,  0.62017193],
        [ 0.9659072 ,  0.98092909,  0.99785388, ..., -0.2330315 ,
          0.        ,  0.42029282],
        [ 0.76764413,  0.8083932 ,  0.87792035, ..., -0.62017193,
         -0.42029282,  0.        ]],

       [[ 0.        , -0.91098569, -0.83427355, ..., -0.9999783 ,
         -0.9435443 , -0.80365626],
        [ 0.91098569,  0.        ,  0.15818656, ..., -0.41842976,
         -0.69091419,  0.21066358],
        [ 0.83427355, -0.15818656,  0.        , ..., -0.55683422,
         -0.79657393,  0.05337454],
        ...,
        [ 0.9999783 ,  0.41842976,  0.55683422, ...,  0.        ,
         -0.32502396,  0.60037464],
        [ 0.9435443 ,  0.69091419,  0.79657393, ...,  0.32502396,
          0.        ,  0.82770557],
        [ 0.80365626, -0.21066358, -0.05337454, ..., -0.60037464,
         -0.82770557,  0.        ]],

       [[ 0.        , -0.10231952, -0.18563875, ..., -0.65753425,
         -0.79459158, -0.95033777],
        [ 0.10231952,  0.        , -0.08412343, ..., -0.73117329,
         -0.85254395, -0.97719393],
        [ 0.18563875,  0.08412343,  0.        , ..., -0.78596984,
         -0.89348955, -0.99159362],
        ...,
        [ 0.65753425,  0.73117329,  0.78596984, ...,  0.        ,
          0.1994467 ,  0.51136986],
        [ 0.79459158,  0.85254395,  0.89348955, ..., -0.1994467 ,
          0.        ,  0.3296991 ],
        [ 0.95033777,  0.97719393,  0.99159362, ..., -0.51136986,
         -0.3296991 ,  0.        ]],

       ...,

       [[ 0.        ,  0.05958074, -0.37197728, ..., -0.26424393,
         -0.23216261,  0.51631672],
        [-0.05958074,  0.        , -0.42662179, ..., -0.32123749,
         -0.28970298,  0.46437468],
        [ 0.37197728,  0.42662179,  0.        , ...,  0.1134734 ,
          0.14631069,  0.79782727],
        ...,
        [ 0.26424393,  0.32123749, -0.1134734 , ...,  0.        ,
          0.03311339,  0.72426259],
        [ 0.23216261,  0.28970298, -0.14631069, ..., -0.03311339,
          0.        ,  0.70103292],
        [-0.51631672, -0.46437468, -0.79782727, ..., -0.72426259,
         -0.70103292,  0.        ]],

       [[ 0.        , -0.00571621, -0.02582762, ..., -0.90811227,
         -0.81741341, -0.46800265],
        [ 0.00571621,  0.        , -0.02011289, ..., -0.91049096,
         -0.82069289, -0.47304657],
        [ 0.02582762,  0.02011289,  0.        , ..., -0.91862405,
         -0.83201877, -0.49067109],
        ...,
        [ 0.90811227,  0.91049096,  0.91862405, ...,  0.        ,
         -0.18084654, -0.60655815],
        [ 0.81741341,  0.82069289,  0.83201877, ...,  0.18084654,
          0.        , -0.45277673],
        [ 0.46800265,  0.47304657,  0.49067109, ...,  0.60655815,
          0.45277673,  0.        ]],

       [[ 0.        ,  0.0152735 ,  0.08551119, ..., -0.53324141,
         -0.67763333, -0.81470011],
        [-0.0152735 ,  0.        ,  0.07028366, ..., -0.5202584 ,
         -0.66632216, -0.80574824],
        [-0.08551119, -0.07028366,  0.        , ..., -0.45894895,
         -0.61226638, -0.76212959],
        ...,
        [ 0.53324141,  0.5202584 ,  0.45894895, ...,  0.        ,
          0.1811071 ,  0.37998887],
        [ 0.67763333,  0.66632216,  0.61226638, ..., -0.1811071 ,
          0.        ,  0.20618269],
        [ 0.81470011,  0.80574824,  0.76212959, ..., -0.37998887,
         -0.20618269,  0.        ]]]), 'num': array([ 9.29550984e-01,  3.65682643e-01,  4.33078603e-07,  1.65843630e-02,
        1.66990014e-02,  1.64442493e-02,  2.59796211e-03, -2.42014513e-04,
        1.63932989e-02,  1.64104946e-02,  1.73925641e-02,  5.34157669e-07,
        1.70809950e-02,  1.57399943e-02])}
{'img': array([[[ 0.        ,  0.12971748, -0.04752992, ..., -0.98092909,
         -0.8083932 , -0.90421402],
        [-0.12971748,  0.        , -0.17669921, ..., -0.99785388,
         -0.87792035, -0.95197401],
        [ 0.04752992,  0.17669921,  0.        , ..., -0.97058226,
         -0.77950142, -0.88289303],
        ...,
        [ 0.98092909,  0.99785388,  0.97058226, ...,  0.        ,
          0.42029282,  0.24318642],
        [ 0.8083932 ,  0.87792035,  0.77950142, ..., -0.42029282,
          0.        , -0.18701088],
        [ 0.90421402,  0.95197401,  0.88289303, ..., -0.24318642,
          0.18701088,  0.        ]],

       [[ 0.        ,  0.15818656, -0.37122093, ..., -0.69091419,
          0.21066358,  0.21700554],
        [-0.15818656,  0.        , -0.51343024, ..., -0.79657393,
          0.05337454,  0.05985624],
        [ 0.37122093,  0.51343024,  0.        , ..., -0.37317536,
          0.55850075,  0.56387418],
        ...,
        [ 0.69091419,  0.79657393,  0.37317536, ...,  0.        ,
          0.82770557,  0.83133124],
        [-0.21066358, -0.05337454, -0.55850075, ..., -0.82770557,
          0.        ,  0.00649208],
        [-0.21700554, -0.05985624, -0.56387418, ..., -0.83133124,
         -0.00649208,  0.        ]],

       [[ 0.        , -0.08412343, -0.21954461, ..., -0.85254395,
         -0.97719393, -0.99811235],
        [ 0.08412343,  0.        , -0.13669537, ..., -0.89348955,
         -0.99159362, -0.99974078],
        [ 0.21954461,  0.13669537,  0.        , ..., -0.94649018,
         -0.99997284, -0.98724407],
        ...,
        [ 0.85254395,  0.89348955,  0.94649018, ...,  0.        ,
          0.3296991 ,  0.46931047],
        [ 0.97719393,  0.99159362,  0.99997284, ..., -0.3296991 ,
          0.        ,  0.15193421],
        [ 0.99811235,  0.99974078,  0.98724407, ..., -0.46931047,
         -0.15193421,  0.        ]],

       ...,

       [[ 0.        , -0.42662179, -0.34432063, ..., -0.28970298,
          0.46437468, -0.4628437 ],
        [ 0.42662179,  0.        ,  0.08912082, ...,  0.14631069,
          0.79782727, -0.04043521],
        [ 0.34432063, -0.08912082,  0.        , ...,  0.05756674,
          0.74092288, -0.12932224],
        ...,
        [ 0.28970298, -0.14631069, -0.05756674, ...,  0.        ,
          0.70103292, -0.18619111],
        [-0.46437468, -0.79782727, -0.74092288, ..., -0.70103292,
          0.        , -0.82155261],
        [ 0.4628437 ,  0.04043521,  0.12932224, ...,  0.18619111,
          0.82155261,  0.        ]],

       [[ 0.        , -0.02002271, -0.0080552 , ..., -0.83846957,
         -0.62426016, -0.47118081],
        [ 0.02002271,  0.        ,  0.01196847, ..., -0.84921283,
         -0.63977708, -0.48874711],
        [ 0.0080552 , -0.01196847,  0.        , ..., -0.84283204,
         -0.63053276, -0.4782705 ],
        ...,
        [ 0.83846957,  0.84921283,  0.84283204, ...,  0.        ,
         -0.3148367 , -0.48279166],
        [ 0.62426016,  0.63977708,  0.63053276, ...,  0.3148367 ,
          0.        , -0.1825261 ],
        [ 0.47118081,  0.48874711,  0.4782705 , ...,  0.48279166,
          0.1825261 ,  0.        ]],

       [[ 0.        ,  0.07028366,  0.02661208, ..., -0.66632216,
         -0.80574824, -0.81037544],
        [-0.07028366,  0.        , -0.04371249, ..., -0.61226638,
         -0.76212959, -0.76719146],
        [-0.02661208,  0.04371249,  0.        , ..., -0.6462425 ,
         -0.78970165, -0.79449613],
        ...,
        [ 0.66632216,  0.61226638,  0.6462425 , ...,  0.        ,
          0.20618269,  0.21386234],
        [ 0.80574824,  0.76212959,  0.78970165, ..., -0.20618269,
          0.        ,  0.00785478],
        [ 0.81037544,  0.76719146,  0.79449613, ..., -0.21386234,
         -0.00785478,  0.        ]]]), 'num': array([ 9.49169580e-01,  3.11000631e-01,  5.02891213e-07,  1.67939197e-02,
        1.72438750e-02,  1.67939197e-02,  2.83095991e-03, -4.36721317e-04,
        1.70427185e-02,  1.70235293e-02,  1.80352670e-02,  4.68030975e-07,
        1.77168319e-02,  1.63302266e-02])}
{'img': array([[[ 0.00000000e+00, -1.76699214e-01, -7.12930394e-02, ...,
         -8.77920354e-01, -9.51974006e-01, -9.93412327e-01],
        [ 1.76699214e-01,  0.00000000e+00,  1.06078352e-01, ...,
         -7.79501420e-01, -8.82893033e-01, -9.98029678e-01],
        [ 7.12930394e-02, -1.06078352e-01,  0.00000000e+00, ...,
         -8.41550826e-01, -9.27723204e-01, -9.99054309e-01],
        ...,
        [ 8.77920354e-01,  7.79501420e-01,  8.41550826e-01, ...,
          0.00000000e+00, -1.87010877e-01, -5.76257504e-01],
        [ 9.51974006e-01,  8.82893033e-01,  9.27723204e-01, ...,
          1.87010877e-01,  0.00000000e+00, -4.13253039e-01],
        [ 9.93412327e-01,  9.98029678e-01,  9.99054309e-01, ...,
          5.76257504e-01,  4.13253039e-01,  0.00000000e+00]],

       [[ 0.00000000e+00, -5.13430244e-01, -6.08616991e-01, ...,
          5.33745377e-02,  5.98562416e-02,  1.40805672e-01],
        [ 5.13430244e-01,  0.00000000e+00, -1.14884817e-01, ...,
          5.58500745e-01,  5.63874184e-01,  6.29144827e-01],
        [ 6.08616991e-01,  1.14884817e-01,  0.00000000e+00, ...,
          6.50100229e-01,  6.55019528e-01,  7.14277747e-01],
        ...,
        [-5.33745377e-02, -5.58500745e-01, -6.50100229e-01, ...,
          0.00000000e+00,  6.49208270e-03,  8.77621813e-02],
        [-5.98562416e-02, -5.63874184e-01, -6.55019528e-01, ...,
         -6.49208270e-03,  0.00000000e+00,  8.12932991e-02],
        [-1.40805672e-01, -6.29144827e-01, -7.14277747e-01, ...,
         -8.77621813e-02, -8.12932991e-02,  0.00000000e+00]],

       [[ 0.00000000e+00, -1.36695370e-01, -1.09167750e-01, ...,
         -9.91593620e-01, -9.99740777e-01, -9.99415972e-01],
        [ 1.36695370e-01,  0.00000000e+00,  2.77353822e-02, ...,
         -9.99972844e-01, -9.87244074e-01, -9.85363453e-01],
        [ 1.09167750e-01, -2.77353822e-02,  0.00000000e+00, ...,
         -9.99792554e-01, -9.91280146e-01, -9.89712340e-01],
        ...,
        [ 9.91593620e-01,  9.99972844e-01,  9.99792554e-01, ...,
          0.00000000e+00,  1.51934213e-01,  1.63200250e-01],
        [ 9.99740777e-01,  9.87244074e-01,  9.91280146e-01, ...,
         -1.51934213e-01,  0.00000000e+00,  1.14083687e-02],
        [ 9.99415972e-01,  9.85363453e-01,  9.89712340e-01, ...,
         -1.63200250e-01, -1.14083687e-02,  0.00000000e+00]],

       ...,

       [[ 0.00000000e+00,  8.91208155e-02,  1.01866304e-01, ...,
          7.97827272e-01, -4.04352121e-02, -3.80275610e-01],
        [-8.91208155e-02,  0.00000000e+00,  1.28037423e-02, ...,
          7.40922876e-01, -1.29322242e-01, -4.61187881e-01],
        [-1.01866304e-01, -1.28037423e-02,  0.00000000e+00, ...,
          7.32263275e-01, -1.42007866e-01, -4.72510870e-01],
        ...,
        [-7.97827272e-01, -7.40922876e-01, -7.32263275e-01, ...,
          0.00000000e+00, -8.21552606e-01, -9.67151950e-01],
        [ 4.04352121e-02,  1.29322242e-01,  1.42007866e-01, ...,
          8.21552606e-01,  0.00000000e+00, -3.42567162e-01],
        [ 3.80275610e-01,  4.61187881e-01,  4.72510870e-01, ...,
          9.67151950e-01,  3.42567162e-01,  0.00000000e+00]],

       [[ 0.00000000e+00,  1.18874831e-02, -3.48808990e-04, ...,
         -7.15859565e-01, -6.68981532e-01, -4.85853206e-01],
        [-1.18874831e-02,  0.00000000e+00, -1.22362667e-02, ...,
         -7.07508616e-01, -6.60098546e-01, -4.75428735e-01],
        [ 3.48808990e-04,  1.22362667e-02,  0.00000000e+00, ...,
         -7.16103076e-01, -6.69240754e-01, -4.86158049e-01],
        ...,
        [ 7.15859565e-01,  7.07508616e-01,  7.16103076e-01, ...,
          0.00000000e+00, -6.49708674e-02, -2.86445973e-01],
        [ 6.68981532e-01,  6.60098546e-01,  6.69240754e-01, ...,
          6.49708674e-02,  0.00000000e+00, -2.23592405e-01],
        [ 4.85853206e-01,  4.75428735e-01,  4.86158049e-01, ...,
          2.86445973e-01,  2.23592405e-01,  0.00000000e+00]],

       [[ 0.00000000e+00, -4.37124928e-02, -4.39703311e-03, ...,
         -7.62129591e-01, -7.67191458e-01, -7.32248285e-01],
        [ 4.37124928e-02,  0.00000000e+00,  3.93192400e-02, ...,
         -7.89701650e-01, -7.94496127e-01, -7.61318225e-01],
        [ 4.39703311e-03, -3.93192400e-02,  0.00000000e+00, ...,
         -7.64968971e-01, -7.70004378e-01, -7.35235752e-01],
        ...,
        [ 7.62129591e-01,  7.89701650e-01,  7.64968971e-01, ...,
          0.00000000e+00,  7.85478116e-03, -4.49635590e-02],
        [ 7.67191458e-01,  7.94496127e-01,  7.70004378e-01, ...,
         -7.85478116e-03,  0.00000000e+00, -5.28090090e-02],
        [ 7.32248285e-01,  7.61318225e-01,  7.35235752e-01, ...,
          4.49635590e-02,  5.28090090e-02,  0.00000000e+00]]]), 'num': array([9.59083939e-01, 2.78907099e-01, 5.32219750e-07, 1.70044210e-02,
       1.71640869e-02, 1.66584782e-02, 2.75357193e-03, 1.19749444e-04,
       1.71667480e-02, 1.70962289e-02, 1.80965803e-02, 5.60231316e-07,
       1.77830760e-02, 1.64093819e-02])}
{'img': array([[[ 0.        ,  0.10607835,  0.10607835, ..., -0.88289303,
         -0.99802968, -0.97962814],
        [-0.10607835,  0.        ,  0.        , ..., -0.9277232 ,
         -0.99905431, -0.99540352],
        [-0.10607835,  0.        ,  0.        , ..., -0.9277232 ,
         -0.99905431, -0.99540352],
        ...,
        [ 0.88289303,  0.9277232 ,  0.9277232 , ...,  0.        ,
         -0.41325304, -0.2827054 ],
        [ 0.99802968,  0.99905431,  0.99905431, ...,  0.41325304,
          0.        ,  0.13895899],
        [ 0.97962814,  0.99540352,  0.99540352, ...,  0.2827054 ,
         -0.13895899,  0.        ]],

       [[ 0.        , -0.11488482, -0.52929508, ...,  0.56387418,
          0.62914483,  0.58411439],
        [ 0.11488482,  0.        , -0.4283179 , ...,  0.65501953,
          0.71427775,  0.67349558],
        [ 0.52929508,  0.4283179 ,  0.        , ...,  0.91553619,
          0.94520503,  0.92519839],
        ...,
        [-0.56387418, -0.65501953, -0.91553619, ...,  0.        ,
          0.0812933 ,  0.0247166 ],
        [-0.62914483, -0.71427775, -0.94520503, ..., -0.0812933 ,
          0.        , -0.05663367],
        [-0.58411439, -0.67349558, -0.92519839, ..., -0.0247166 ,
          0.05663367,  0.        ]],

       [[ 0.        ,  0.02773538,  0.05593669, ..., -0.98724407,
         -0.98536345, -0.97913336],
        [-0.02773538,  0.        ,  0.02822321, ..., -0.99128015,
         -0.98971234, -0.98439304],
        [-0.05593669, -0.02822321,  0.        , ..., -0.99460427,
         -0.99335602, -0.98896773],
        ...,
        [ 0.98724407,  0.99128015,  0.99460427, ...,  0.        ,
          0.01140837,  0.04473464],
        [ 0.98536345,  0.98971234,  0.99335602, ..., -0.01140837,
          0.        ,  0.03333478],
        [ 0.97913336,  0.98439304,  0.98896773, ..., -0.04473464,
         -0.03333478,  0.        ]],

       ...,

       [[ 0.        ,  0.01280374, -0.16333774, ..., -0.12932224,
         -0.46118788, -0.12074546],
        [-0.01280374,  0.        , -0.17595615, ..., -0.14200787,
         -0.47251087, -0.13344563],
        [ 0.16333774,  0.17595615,  0.        , ...,  0.03438066,
         -0.31006424,  0.0430188 ],
        ...,
        [ 0.12932224,  0.14200787, -0.03438066, ...,  0.        ,
         -0.34256716,  0.00864454],
        [ 0.46118788,  0.47251087,  0.31006424, ...,  0.34256716,
          0.        ,  0.35067585],
        [ 0.12074546,  0.13344563, -0.0430188 , ..., -0.00864454,
         -0.35067585,  0.        ]],

       [[ 0.        , -0.01215581, -0.01095646, ..., -0.72338457,
         -0.65538555, -0.47267927],
        [ 0.01215581,  0.        ,  0.00119943, ..., -0.73172404,
         -0.66451834, -0.48335646],
        [ 0.01095646, -0.00119943,  0.        , ..., -0.73090598,
         -0.66362156, -0.4823061 ],
        ...,
        [ 0.72338457,  0.73172404,  0.73090598, ...,  0.        ,
         -0.09386048, -0.31111226],
        [ 0.65538555,  0.66451834,  0.66362156, ...,  0.09386048,
          0.        , -0.22053633],
        [ 0.47267927,  0.48335646,  0.4823061 , ...,  0.31111226,
          0.22053633,  0.        ]],

       [[ 0.        ,  0.03931924,  0.01952595, ..., -0.79449613,
         -0.76131823, -0.74628338],
        [-0.03931924,  0.        , -0.0198009 , ..., -0.77000438,
         -0.73523575, -0.71953428],
        [-0.01952595,  0.0198009 ,  0.        , ..., -0.78248715,
         -0.74851288, -0.73314408],
        ...,
        [ 0.79449613,  0.77000438,  0.78248715, ...,  0.        ,
         -0.05280901, -0.07564423],
        [ 0.76131823,  0.73523575,  0.74851288, ...,  0.05280901,
          0.        , -0.02288097],
        [ 0.74628338,  0.71953428,  0.73314408, ...,  0.07564423,
          0.02288097,  0.        ]]]), 'num': array([9.67849914e-01, 2.46701754e-01, 5.62957190e-07, 1.71701943e-02,
       1.72238093e-02, 1.68351007e-02, 3.08820890e-03, 4.02112279e-05,
