state_0,state_1,state_2,state_3,state_4,state_5,state_6,state_7,state_8,state_9,state_10,state_11,state_12,state_13,state_14,state_15,state_16,state_17,state_18,state_19,state_20,state_21,state_22,state_23,state_24,state_25,state_26,state_27,state_28,state_29,state_30,state_31,state_32,state_33,state_34,state_35,state_36,state_37,state_38,state_39,state_40,state_41,state_42,state_43,state_44,state_45,state_46,state_47,state_48,state_49,state_50,state_51,state_52,state_53,state_54,state_55,state_56,state_57,state_58,state_59,state_60,state_61,state_62,state_63,state_64,state_65,state_66,state_67,state_68,state_69,state_70,state_71,state_72,state_73,state_74,state_75,state_76,state_77,state_78,state_79,state_80,state_81,state_82,state_83,state_84,state_85,state_86,state_87,state_88,state_89,state_90,state_91,state_92,state_93,state_94,state_95,state_96,state_97,state_98,state_99,state_100,state_101,state_102,state_103,state_104,state_105,state_106,state_107,state_108,state_109,state_110,state_111,state_112,state_113,state_114,state_115,state_116,state_117,state_118,state_119,state_120,state_121,state_122,state_123,state_124,state_125,state_126,state_127,state_128,state_129,state_130,state_131,state_132,state_133,state_134,state_135,state_136,state_137,state_138,state_139,state_140,state_141,state_142,state_143,state_144,state_145,state_146,state_147,state_148,state_149,state_150,state_151,state_152,state_153,state_154,state_155,state_156,state_157,state_158,state_159,state_160,state_161,state_162,state_163,state_164,state_165,state_166,state_167,state_168,state_169,state_170,state_171,state_172,state_173,state_174,state_175,state_176,state_177,state_178,state_179,state_180,state_181,state_182,state_183,state_184,state_185,state_186,state_187,state_188,state_189,state_190,state_191,state_192,state_193,state_194,state_195,state_196,state_197,state_198,state_199,state_200,state_201,state_202,state_203,state_204,state_205,state_206,state_207,state_208,state_209,state_210,state_211,state_212,state_213,state_214,state_215,state_216,state_217,state_218,state_219,state_220,state_221,state_222,state_223,state_224,state_225,state_226,state_227,state_228,state_229,state_230,state_231,state_232,state_233,state_234,state_235,state_236,state_237,state_238,state_239,state_240,state_241,state_242,state_243,state_244,state_245,state_246,state_247,state_248,state_249,state_250,state_251,state_252,state_253,state_254,state_255,state_256,state_257,state_258,state_259,state_260,state_261,state_262,state_263,state_264,state_265,state_266,state_267,state_268,state_269,state_270,state_271,state_272,state_273,state_274,state_275,state_276,state_277,state_278,state_279,state_280,state_281,state_282,state_283,state_284,state_285,state_286,state_287
{'img': array([[[ 0.        , -0.07518264,  0.15763723, ...,  0.99745172,
          0.9999926 ,  0.73189639],
        [ 0.07518264,  0.        ,  0.23143372, ...,  0.9999926 ,
          0.99687307,  0.67859432],
        [-0.15763723, -0.23143372,  0.        , ...,  0.9737341 ,
          0.98809641,  0.83016208],
        ...,
        [-0.99745172, -0.9999926 , -0.9737341 , ...,  0.        ,
          0.07518264,  0.73189639],
        [-0.9999926 , -0.99687307, -0.98809641, ..., -0.07518264,
          0.        ,  0.67859432],
        [-0.73189639, -0.67859432, -0.83016208, ..., -0.73189639,
         -0.67859432,  0.        ]],

       [[ 0.        , -0.31126764,  0.06247329, ..., -0.83770036,
          0.13016196,  0.63783766],
        [ 0.31126764,  0.        ,  0.37002939, ..., -0.6260927 ,
          0.43231542,  0.84588061],
        [-0.06247329, -0.37002939,  0.        , ..., -0.87018258,
          0.06796589,  0.58847662],
        ...,
        [ 0.83770036,  0.6260927 ,  0.87018258, ...,  0.        ,
          0.9016592 ,  0.99351474],
        [-0.13016196, -0.43231542, -0.06796589, ..., -0.9016592 ,
          0.        ,  0.53216447],
        [-0.63783766, -0.84588061, -0.58847662, ..., -0.99351474,
         -0.53216447,  0.        ]],

       [[ 0.        , -0.09482447, -0.08162809, ...,  0.99049399,
          0.93444385,  0.71646388],
        [ 0.09482447,  0.        ,  0.01324775, ...,  0.97298716,
          0.89646527,  0.64708366],
        [ 0.08162809, -0.01324775,  0.        , ...,  0.97596014,
          0.90225686,  0.65712721],
        ...,
        [-0.99049399, -0.97298716, -0.97596014, ...,  0.        ,
          0.22418697,  0.59243868],
        [-0.93444385, -0.89646527, -0.90225686, ..., -0.22418697,
          0.        ,  0.39675032],
        [-0.71646388, -0.64708366, -0.65712721, ..., -0.59243868,
         -0.39675032,  0.        ]],

       ...,

       [[ 0.        , -0.02336521,  0.26960439, ...,  0.99748851,
          0.97688405,  0.79613958],
        [ 0.02336521,  0.        ,  0.29203081, ...,  0.99887111,
          0.97162258,  0.78178364],
        [-0.26960439, -0.29203081,  0.        , ...,  0.941457  ,
          0.99834447,  0.92980059],
        ...,
        [-0.99748851, -0.99887111, -0.941457  , ...,  0.        ,
          0.28242422,  0.65998267],
        [-0.97688405, -0.97162258, -0.99834447, ..., -0.28242422,
          0.        ,  0.42093462],
        [-0.79613958, -0.78178364, -0.92980059, ..., -0.65998267,
         -0.42093462,  0.        ]],

       [[ 0.        , -0.02578877, -0.09734308, ...,  0.93987075,
          0.98192826,  0.911736  ],
        [ 0.02578877,  0.        , -0.07164442, ...,  0.94836581,
          0.9864823 ,  0.90083935],
        [ 0.09734308,  0.07164442,  0.        , ...,  0.96865281,
          0.99568749,  0.8674198 ],
        ...,
        [-0.93987075, -0.94836581, -0.96865281, ...,  0.        ,
          0.15748448,  0.69746248],
        [-0.98192826, -0.9864823 , -0.99568749, ..., -0.15748448,
          0.        ,  0.57590244],
        [-0.911736  , -0.90083935, -0.8674198 , ..., -0.69746248,
         -0.57590244,  0.        ]],

       [[ 0.        , -0.07738563, -0.06958094, ...,  0.73383446,
          0.76565668,  0.73914094],
        [ 0.07738563,  0.        ,  0.0078258 , ...,  0.78420412,
          0.81313893,  0.78904758],
        [ 0.06958094, -0.0078258 ,  0.        , ...,  0.77932418,
          0.80855887,  0.78421578],
        ...,
        [-0.73383446, -0.78420412, -0.77932418, ...,  0.        ,
          0.04809367,  0.00784459],
        [-0.76565668, -0.81313893, -0.80855887, ..., -0.04809367,
          0.        , -0.04025667],
        [-0.73914094, -0.78904758, -0.78421578, ..., -0.00784459,
          0.04025667,  0.        ]]]), 'num': array([9.25921549e-01, 1.93253866e-01, 1.01337162e-05, 8.53925038e-04,
       8.53925038e-04, 8.40933094e-04, 3.24525731e-01, 2.36217161e-05,
       8.22744373e-04, 7.86662202e-04, 7.57489382e-04, 9.88023704e-07,
       8.38734425e-04, 7.34589978e-04])}
{'img': array([[[ 0.        ,  0.21031301,  0.0462295 , ...,  0.98171914,
          0.99600897,  0.63265215],
        [-0.21031301,  0.        , -0.16489262, ...,  0.91973213,
          0.99250344,  0.7813763 ],
        [-0.0462295 ,  0.16489262,  0.        , ...,  0.97187043,
          0.99907021,  0.66777754],
        ...,
        [-0.98171914, -0.91973213, -0.97187043, ...,  0.        ,
          0.27719724,  0.88069476],
        [-0.99600897, -0.99250344, -0.99907021, ..., -0.27719724,
          0.        ,  0.71487906],
        [-0.63265215, -0.7813763 , -0.66777754, ..., -0.88069476,
         -0.71487906,  0.        ]],

       [[ 0.        ,  0.37002046,  0.11013314, ...,  0.432305  ,
          0.84586324,  0.67598229],
        [-0.37002046,  0.        , -0.26545329, ...,  0.06796394,
          0.58845807,  0.9006782 ],
        [-0.11013314,  0.26545329,  0.        , ...,  0.33036515,
          0.78197273,  0.75302926],
        ...,
        [-0.432305  , -0.06796394, -0.33036515, ...,  0.        ,
          0.53214669,  0.92812506],
        [-0.84586324, -0.58845807, -0.78197273, ..., -0.53214669,
          0.        ,  0.98390057],
        [-0.67598229, -0.9006782 , -0.75302926, ..., -0.92812506,
         -0.98390057,  0.        ]],

       [[ 0.        ,  0.01266953,  0.02514476, ...,  0.97859647,
          0.94363694,  0.62523178],
        [-0.01266953,  0.        ,  0.01247722, ...,  0.98112517,
          0.94775459,  0.63506939],
        [-0.02514476, -0.01247722,  0.        , ...,  0.98346156,
          0.95166105,  0.64465805],
        ...,
        [-0.97859647, -0.98112517, -0.98346156, ...,  0.        ,
          0.12970845,  0.63506939],
        [-0.94363694, -0.94775459, -0.95166105, ..., -0.12970845,
          0.        ,  0.52951048],
        [-0.62523178, -0.63506939, -0.64465805, ..., -0.63506939,
         -0.52951048,  0.        ]],

       ...,

       [[ 0.        ,  0.26041832,  0.04083881, ...,  0.98341675,
          0.99660507,  0.72769761],
        [-0.26041832,  0.        , -0.22077135, ...,  0.90225533,
          0.9407777 ,  0.88120947],
        [-0.04083881,  0.22077135,  0.        , ...,  0.9751898 ,
          0.99241137,  0.75510179],
        ...,
        [-0.98341675, -0.90225533, -0.9751898 , ...,  0.        ,
          0.09977913,  0.806499  ],
        [-0.99660507, -0.9407777 , -0.99241137, ..., -0.09977913,
          0.        ,  0.74348129],
        [-0.72769761, -0.88120947, -0.75510179, ..., -0.806499  ,
         -0.74348129,  0.        ]],

       [[ 0.        , -0.06537805, -0.05705438, ...,  0.91483641,
          0.979711  ,  0.86201603],
        [ 0.06537805,  0.        ,  0.00833924, ...,  0.93928045,
          0.99071775,  0.82703292],
        [ 0.05705438, -0.00833924,  0.        , ...,  0.93638617,
          0.9895497 ,  0.83169209],
        ...,
        [-0.91483641, -0.93928045, -0.93638617, ...,  0.        ,
          0.2122841 ,  0.81181652],
        [-0.979711  , -0.99071775, -0.9895497 , ..., -0.2122841 ,
          0.        ,  0.66935823],
        [-0.86201603, -0.82703292, -0.83169209, ..., -0.81181652,
         -0.66935823,  0.        ]],

       [[ 0.        ,  0.0078258 , -0.03850494, ...,  0.81313893,
          0.78904758,  0.68821297],
        [-0.0078258 ,  0.        , -0.04632375, ...,  0.80855887,
          0.78421578,  0.68251421],
        [ 0.03850494,  0.04632375,  0.        , ...,  0.83494847,
          0.81211725,  0.71563827],
        ...,
        [-0.81313893, -0.80855887, -0.83494847, ...,  0.        ,
         -0.04025667, -0.18935149],
        [-0.78904758, -0.78421578, -0.81211725, ...,  0.04025667,
          0.        , -0.14966959],
        [-0.68821297, -0.68251421, -0.71563827, ...,  0.18935149,
          0.14966959,  0.        ]]]), 'num': array([ 6.81040095e-01,  5.58537046e-01,  1.71572898e-06,  1.31723709e-03,
        1.33753065e-03,  1.30985761e-03,  4.73505906e-01, -1.66038288e-05,
        1.29620557e-03,  1.23421794e-03,  1.18655880e-03,  1.51418565e-06,
        1.32354470e-03,  1.14489118e-03])}
{'img': array([[[ 0.        , -0.16489262, -0.2579734 , ...,  0.99250344,
          0.7813763 ,  0.98912566],
        [ 0.16489262,  0.        , -0.09513081, ...,  0.99907021,
          0.66777754,  0.95133482],
        [ 0.2579734 ,  0.09513081,  0.        , ...,  0.99043786,
          0.59393737,  0.91770488],
        ...,
        [-0.99250344, -0.99907021, -0.99043786, ...,  0.        ,
          0.71487906,  0.26685794],
        [-0.7813763 , -0.66777754, -0.59393737, ..., -0.71487906,
          0.        , -0.50235468],
        [-0.98912566, -0.95133482, -0.91770488, ..., -0.26685794,
          0.50235468,  0.        ]],

       [[ 0.        , -0.26545329,  0.06023192, ...,  0.58845807,
          0.9006782 ,  0.98506007],
        [ 0.26545329,  0.        ,  0.32304236, ...,  0.78197273,
          0.75302926,  0.99543378],
        [-0.06023192, -0.32304236,  0.        , ...,  0.53869049,
          0.92521291,  0.972899  ],
        ...,
        [-0.58845807, -0.78197273, -0.53869049, ...,  0.        ,
          0.98390057,  0.6951094 ],
        [-0.9006782 , -0.75302926, -0.92521291, ..., -0.98390057,
          0.        , -0.58310236],
        [-0.98506007, -0.99543378, -0.972899  , ..., -0.6951094 ,
          0.58310236,  0.        ]],

       [[ 0.        ,  0.01207508, -0.00610744, ...,  0.98537113,
          0.91177076,  0.61910181],
        [-0.01207508,  0.        , -0.01818184, ...,  0.98735715,
          0.91666352,  0.62853936],
        [ 0.00610744,  0.01818184,  0.        , ...,  0.9843119 ,
          0.90924544,  0.61429403],
        ...,
        [-0.98537113, -0.98735715, -0.9843119 , ...,  0.        ,
          0.24930539,  0.6683138 ],
        [-0.91177076, -0.91666352, -0.90924544, ..., -0.24930539,
          0.        ,  0.46175857],
        [-0.61910181, -0.62853936, -0.61429403, ..., -0.6683138 ,
         -0.46175857,  0.        ]],

       ...,

       [[ 0.        , -0.22077135, -0.1140449 , ...,  0.9407777 ,
          0.88120947,  0.98819497],
        [ 0.22077135,  0.        ,  0.10810005, ...,  0.99241137,
          0.75510179,  0.92998933],
        [ 0.1140449 , -0.10810005,  0.        , ...,  0.97330365,
          0.82154812,  0.96427573],
        ...,
        [-0.9407777 , -0.99241137, -0.97330365, ...,  0.        ,
          0.74348129,  0.47915046],
        [-0.88120947, -0.75510179, -0.82154812, ..., -0.74348129,
          0.        , -0.3321428 ],
        [-0.98819497, -0.92998933, -0.96427573, ..., -0.47915046,
          0.3321428 ,  0.        ]],

       [[ 0.        ,  0.00794038,  0.01978532, ...,  0.96282689,
          0.99641338,  0.8039578 ],
        [-0.00794038,  0.        ,  0.01184587, ...,  0.96065169,
          0.99705387,  0.80865449],
        [-0.01978532, -0.01184587,  0.        , ...,  0.95729402,
          0.99789254,  0.81556649],
        ...,
        [-0.96282689, -0.96065169, -0.95729402, ...,  0.        ,
          0.35062388,  0.78974444],
        [-0.99641338, -0.99705387, -0.99789254, ..., -0.35062388,
          0.        ,  0.52452328],
        [-0.8039578 , -0.80865449, -0.81556649, ..., -0.78974444,
         -0.52452328,  0.        ]],

       [[ 0.        , -0.04632375, -0.12767137, ...,  0.78421578,
          0.68251421,  0.64484927],
        [ 0.04632375,  0.        , -0.08158965, ...,  0.81211725,
          0.71563827,  0.6795627 ],
        [ 0.12767137,  0.08158965,  0.        , ...,  0.85701675,
          0.77024035,  0.73715264],
        ...,
        [-0.78421578, -0.81211725, -0.85701675, ...,  0.        ,
         -0.14966959, -0.19926242],
        [-0.68251421, -0.71563827, -0.77024035, ...,  0.14966959,
          0.        , -0.0503498 ],
        [-0.64484927, -0.6795627 , -0.73715264, ...,  0.19926242,
          0.0503498 ,  0.        ]]]), 'num': array([ 7.28530468e-01,  6.20672311e-01,  1.52127160e-06,  1.40075528e-03,
        1.41458502e-03,  1.39482824e-03,  2.89817966e-01, -9.87838699e-06,
        1.39759419e-03,  1.32686494e-03,  1.27378507e-03,  1.60639190e-06,
        1.42777081e-03,  1.22595907e-03])}
{'img': array([[[ 0.        , -0.09513081, -0.14726683, ...,  0.66777754,
          0.95133482,  0.98406991],
        [ 0.09513081,  0.        , -0.05250536, ...,  0.59393737,
          0.91770488,  0.96269441],
        [ 0.14726683,  0.05250536,  0.        , ...,  0.55087696,
          0.8955806 ,  0.94715903],
        ...,
        [-0.66777754, -0.59393737, -0.55087696, ...,  0.        ,
         -0.50235468, -0.61378441],
        [-0.95133482, -0.91770488, -0.8955806 , ...,  0.50235468,
          0.        , -0.13412004],
        [-0.98406991, -0.96269441, -0.94715903, ...,  0.61378441,
          0.13412004,  0.        ]],

       [[ 0.        ,  0.32304236,  0.34120562, ...,  0.75302926,
          0.99543378,  0.3756935 ],
        [-0.32304236,  0.        ,  0.01925556, ...,  0.92521291,
          0.972899  ,  0.05617295],
        [-0.34120562, -0.01925556,  0.        , ...,  0.93234786,
          0.96826615,  0.03693738],
        ...,
        [-0.75302926, -0.92521291, -0.93234786, ...,  0.        ,
         -0.58310236, -0.94506678],
        [-0.99543378, -0.972899  , -0.96826615, ...,  0.58310236,
          0.        , -0.95837395],
        [-0.3756935 , -0.05617295, -0.03693738, ...,  0.94506678,
          0.95837395,  0.        ]],

       [[ 0.        , -0.01773792, -0.0608212 , ...,  0.96320268,
          0.88345898,  0.61645852],
        [ 0.01773792,  0.        , -0.04310655, ...,  0.95828362,
          0.87500962,  0.60239492],
        [ 0.0608212 ,  0.04310655,  0.        , ...,  0.9450722 ,
          0.85332816,  0.56742741],
        ...,
        [-0.96320268, -0.95828362, -0.9450722 , ...,  0.        ,
          0.21381602,  0.59272433],
        [-0.88345898, -0.87500962, -0.85332816, ..., -0.21381602,
          0.        ,  0.40680838],
        [-0.61645852, -0.60239492, -0.56742741, ..., -0.59272433,
         -0.40680838,  0.        ]],

       ...,

       [[ 0.        ,  0.10810005, -0.75510179, ...,  0.75510179,
          0.92998933,  0.9549555 ],
        [-0.10810005,  0.        , -0.82154812, ...,  0.82154812,
          0.96427573,  0.98143807],
        [ 0.75510179,  0.82154812,  0.        , ...,  0.        ,
          0.3321428 ,  0.40200033],
        ...,
        [-0.75510179, -0.82154812, -0.        , ...,  0.        ,
         -0.3321428 , -0.40200033],
        [-0.92998933, -0.96427573, -0.3321428 , ...,  0.3321428 ,
          0.        , -0.07505534],
        [-0.9549555 , -0.98143807, -0.40200033, ...,  0.40200033,
          0.07505534,  0.        ]],

       [[ 0.        ,  0.01146398, -0.01124147, ...,  0.99839064,
          0.98007446,  0.79298549],
        [-0.01146398,  0.        , -0.02270399, ...,  0.9976749 ,
          0.98228715,  0.7999177 ],
        [ 0.01124147,  0.02270399,  0.        , ...,  0.99896507,
          0.97777964,  0.78608662],
        ...,
        [-0.99839064, -0.9976749 , -0.99896507, ...,  0.        ,
          0.25389171,  0.65323099],
        [-0.98007446, -0.98228715, -0.97777964, ..., -0.25389171,
          0.        ,  0.43959003],
        [-0.79298549, -0.7999177 , -0.78608662, ..., -0.65323099,
         -0.43959003,  0.        ]],

       [[ 0.        , -0.08158965, -0.1667373 , ...,  0.71563827,
          0.6795627 ,  0.67809981],
        [ 0.08158965,  0.        , -0.08573389, ...,  0.77024035,
          0.73715264,  0.73580496],
        [ 0.1667373 ,  0.08573389,  0.        , ...,  0.82208148,
          0.79237113,  0.79115421],
        ...,
        [-0.71563827, -0.77024035, -0.82208148, ...,  0.        ,
         -0.0503498 , -0.05233942],
        [-0.6795627 , -0.73715264, -0.79237113, ...,  0.0503498 ,
          0.        , -0.00199225],
        [-0.67809981, -0.73580496, -0.79115421, ...,  0.05233942,
          0.00199225,  0.        ]]]), 'num': array([9.11199997e-01, 2.85626212e-01, 8.66445685e-06, 1.76217968e-03,
       1.76217968e-03, 1.74753552e-03, 2.96832039e-01, 3.17289969e-05,
       1.74314228e-03, 1.64746715e-03, 1.57827353e-03, 2.05100174e-06,
       1.78133638e-03, 1.51359791e-03])}
{'img': array([[[ 0.        , -0.05250536, -0.24322472, ...,  0.91770488,
          0.96269441,  0.72400043],
        [ 0.05250536,  0.        , -0.19196061, ...,  0.8955806 ,
          0.94715903,  0.6867836 ],
        [ 0.24322472,  0.19196061,  0.        , ...,  0.79352202,
          0.86797024,  0.53448238],
        ...,
        [-0.91770488, -0.8955806 , -0.79352202, ...,  0.        ,
         -0.13412004,  0.34541392],
        [-0.96269441, -0.94715903, -0.86797024, ...,  0.13412004,
          0.        ,  0.46815815],
        [-0.72400043, -0.6867836 , -0.53448238, ..., -0.34541392,
         -0.46815815,  0.        ]],

       [[ 0.        ,  0.01925556, -0.2679972 , ...,  0.972899  ,
          0.05617295, -0.23549069],
        [-0.01925556,  0.        , -0.28649869, ...,  0.96826615,
          0.03693738, -0.25416106],
        [ 0.2679972 ,  0.28649869,  0.        , ...,  0.99927917,
          0.32169217,  0.03358384],
        ...,
        [-0.972899  , -0.96826615, -0.99927917, ...,  0.        ,
         -0.95837395, -0.9999904 ],
        [-0.05617295, -0.03693738, -0.32169217, ...,  0.95837395,
          0.        , -0.28971204],
        [ 0.23549069,  0.25416106, -0.03358384, ...,  0.9999904 ,
          0.28971204,  0.        ]],

       [[ 0.        , -0.04171917, -0.1062071 , ...,  0.95369629,
          0.89666259,  0.58664087],
        [ 0.04171917,  0.        , -0.06463143, ...,  0.94031805,
          0.87741225,  0.55234397],
        [ 0.1062071 ,  0.06463143,  0.        , ...,  0.91635817,
          0.84457166,  0.49731132],
        ...,
        [-0.95369629, -0.94031805, -0.91635817, ...,  0.        ,
          0.15252487,  0.59590353],
        [-0.89666259, -0.87741225, -0.84457166, ..., -0.15252487,
          0.        ,  0.46644522],
        [-0.58664087, -0.55234397, -0.49731132, ..., -0.59590353,
         -0.46644522,  0.        ]],

       ...,

       [[ 0.        , -0.81951684, -0.56286223, ...,  0.97275261,
          0.98636761,  0.81951684],
        [ 0.81951684,  0.        ,  0.35482118, ...,  0.36743951,
          0.43038592,  0.        ],
        [ 0.56286223, -0.35482118,  0.        , ...,  0.67353228,
          0.72266006,  0.35482118],
        ...,
        [-0.97275261, -0.36743951, -0.67353228, ...,  0.        ,
         -0.06861188,  0.36743951],
        [-0.98636761, -0.43038592, -0.72266006, ...,  0.06861188,
          0.        ,  0.43038592],
        [-0.81951684, -0.        , -0.35482118, ..., -0.36743951,
         -0.43038592,  0.        ]],

       [[ 0.        , -0.02178286, -0.03429702, ...,  0.99996975,
          0.98706389,  0.77974718],
        [ 0.02178286,  0.        , -0.01251883, ...,  0.99990191,
          0.98333729,  0.76592404],
        [ 0.03429702,  0.01251883,  0.        , ...,  0.99964821,
          0.98098443,  0.75781527],
        ...,
        [-0.99996975, -0.99990191, -0.99964821, ...,  0.        ,
          0.16799973,  0.63214028],
        [-0.98706389, -0.98333729, -0.98098443, ..., -0.16799973,
          0.        ,  0.49298044],
        [-0.77974718, -0.76592404, -0.75781527, ..., -0.63214028,
         -0.49298044,  0.        ]],

       [[ 0.        , -0.08573389, -0.21781398, ...,  0.73715264,
          0.73580496,  0.72657448],
        [ 0.08573389,  0.        , -0.13333656, ...,  0.79237113,
          0.79115421,  0.78280599],
        [ 0.21781398,  0.13333656,  0.        , ...,  0.86663645,
          0.86564072,  0.85878696],
        ...,
        [-0.73715264, -0.79237113, -0.86663645, ...,  0.        ,
         -0.00199225, -0.01552305],
        [-0.73580496, -0.79115421, -0.86564072, ...,  0.00199225,
          0.        , -0.01353101],
        [-0.72657448, -0.78280599, -0.85878696, ...,  0.01552305,
          0.01353101,  0.        ]]]), 'num': array([ 9.01317277e-01,  3.04822714e-01,  8.31931050e-06,  1.73905120e-03,
        1.76330575e-03,  1.73177484e-03,  3.07713323e-01, -1.21272748e-05,
        1.73905120e-03,  1.64518610e-03,  1.57302881e-03,  1.94036397e-06,
        1.78244285e-03,  1.50792935e-03])}
{'img': array([[[ 0.        , -0.19196061, -0.02788676, ...,  0.94715903,
          0.6867836 ,  0.8476131 ],
        [ 0.19196061,  0.        ,  0.16451781, ...,  0.86797024,
          0.53448238,  0.7299926 ],
        [ 0.02788676, -0.16451781,  0.        , ...,  0.93784559,
          0.66624668,  0.83248633],
        ...,
        [-0.94715903, -0.86797024, -0.93784559, ...,  0.        ,
          0.46815815,  0.23069249],
        [-0.6867836 , -0.53448238, -0.66624668, ..., -0.46815815,
          0.        , -0.25168018],
        [-0.8476131 , -0.7299926 , -0.83248633, ..., -0.23069249,
          0.25168018,  0.        ]],

       [[ 0.        , -0.28649869, -0.17902907, ...,  0.03693738,
         -0.25416106, -0.19016232],
        [ 0.28649869,  0.        ,  0.11034568, ...,  0.32169217,
          0.03358384,  0.09908002],
        [ 0.17902907, -0.11034568,  0.        , ...,  0.21524751,
         -0.07690468, -0.01132775],
        ...,
        [-0.03693738, -0.32169217, -0.21524751, ...,  0.        ,
         -0.28971204, -0.22629592],
        [ 0.25416106, -0.03358384,  0.07690468, ...,  0.28971204,
          0.        ,  0.06560554],
        [ 0.19016232, -0.09908002,  0.01132775, ...,  0.22629592,
         -0.06560554,  0.        ]],

       [[ 0.        , -0.06381818, -0.17552913, ...,  0.91284017,
          0.77333086,  0.5464691 ],
        [ 0.06381818,  0.        , -0.11234397, ...,  0.88492133,
          0.73129356,  0.49190874],
        [ 0.17552913,  0.11234397,  0.        , ...,  0.82699609,
          0.65003837,  0.39098274],
        ...,
        [-0.91284017, -0.88492133, -0.82699609, ...,  0.        ,
          0.26297891,  0.54135206],
        [-0.77333086, -0.73129356, -0.65003837, ..., -0.26297891,
          0.        ,  0.3011857 ],
        [-0.5464691 , -0.49190874, -0.39098274, ..., -0.54135206,
         -0.3011857 ,  0.        ]],

       ...,

       [[ 0.        ,  0.35482118,  0.58474822, ...,  0.43038592,
          0.        ,  0.51713582],
        [-0.35482118,  0.        ,  0.2588649 , ...,  0.72266006,
          0.35482118,  0.78718059],
        [-0.58474822, -0.2588649 ,  0.        , ...,  0.87695549,
          0.58474822,  0.91999621],
        ...,
        [-0.43038592, -0.72266006, -0.87695549, ...,  0.        ,
          0.43038592, -0.0984213 ],
        [-0.        , -0.35482118, -0.58474822, ..., -0.43038592,
          0.        , -0.51713582],
        [-0.51713582, -0.78718059, -0.91999621, ...,  0.0984213 ,
          0.51713582,  0.        ]],

       [[ 0.        , -0.01218575, -0.04032942, ...,  0.99841884,
          0.95597373,  0.75256165],
        [ 0.01218575,  0.        , -0.02815059, ...,  0.99765972,
          0.95232681,  0.7444812 ],
        [ 0.04032942,  0.02815059,  0.        , ...,  0.99533956,
          0.94336122,  0.7253916 ],
        ...,
        [-0.99841884, -0.99765972, -0.99533956, ...,  0.        ,
          0.23925086,  0.6151774 ],
        [-0.95597373, -0.95232681, -0.94336122, ..., -0.23925086,
          0.        ,  0.40868861],
        [-0.75256165, -0.7444812 , -0.7253916 , ..., -0.6151774 ,
         -0.40868861,  0.        ]],

       [[ 0.        , -0.13333656, -0.21173947, ...,  0.79115421,
          0.78280599,  0.81678217],
        [ 0.13333656,  0.        , -0.0795355 , ...,  0.86564072,
          0.85878696,  0.88641699],
        [ 0.21173947,  0.0795355 ,  0.        , ...,  0.9027191 ,
          0.896815  ,  0.92042484],
        ...,
        [-0.79115421, -0.86564072, -0.9027191 , ...,  0.        ,
         -0.01353101,  0.04310423],
        [-0.78280599, -0.85878696, -0.896815  , ...,  0.01353101,
          0.        ,  0.05661872],
        [-0.81678217, -0.88641699, -0.92042484, ..., -0.04310423,
         -0.05661872,  0.        ]]]), 'num': array([ 8.87339885e-01,  2.93458099e-01,  8.36453220e-06,  1.70655686e-03,
        1.72097846e-03,  1.70174965e-03,  3.55651568e-01, -1.68252084e-05,
        1.71713270e-03,  1.63649188e-03,  1.56322210e-03,  1.77214665e-06,
        1.77462912e-03,  1.49835464e-03])}
{'img': array([[[ 0.        ,  0.16451781, -0.38042438, ...,  0.53448238,
          0.7299926 ,  0.85533613],
        [-0.16451781,  0.        , -0.52738881, ...,  0.66624668,
          0.83248633,  0.92891373],
        [ 0.38042438,  0.52738881,  0.        , ...,  0.1727688 ,
          0.41510297,  0.59393737],
        ...,
        [-0.53448238, -0.66624668, -0.1727688 , ...,  0.        ,
         -0.25168018, -0.44601153],
        [-0.7299926 , -0.83248633, -0.41510297, ...,  0.25168018,
          0.        , -0.20639402],
        [-0.85533613, -0.92891373, -0.59393737, ...,  0.44601153,
          0.20639402,  0.        ]],

       [[ 0.        ,  0.11034568,  0.03173477, ...,  0.03358384,
          0.09908002,  0.33484419],
        [-0.11034568,  0.        , -0.07874913, ..., -0.07690468,
         -0.01132775,  0.22882358],
        [-0.03173477,  0.07874913,  0.        , ...,  0.00185006,
          0.0674515 ,  0.30477271],
        ...,
        [-0.03358384,  0.07690468, -0.00185006, ...,  0.        ,
          0.06560554,  0.30301015],
        [-0.09908002,  0.01132775, -0.0674515 , ..., -0.06560554,
          0.        ,  0.2398361 ],
        [-0.33484419, -0.22882358, -0.30477271, ..., -0.30301015,
         -0.2398361 ,  0.        ]],

       [[ 0.        , -0.11234397, -0.29396736, ...,  0.73129356,
          0.49190874,  0.7236008 ],
        [ 0.11234397,  0.        , -0.18472627, ...,  0.65003837,
          0.39098274,  0.64147805],
        [ 0.29396736,  0.18472627,  0.        , ...,  0.49847747,
          0.21423224,  0.48872705],
        ...,
        [-0.73129356, -0.65003837, -0.49847747, ...,  0.        ,
          0.3011857 ,  0.01121129],
        [-0.49190874, -0.39098274, -0.21423224, ..., -0.3011857 ,
          0.        , -0.29047607],
        [-0.7236008 , -0.64147805, -0.48872705, ..., -0.01121129,
          0.29047607,  0.        ]],

       ...,

       [[ 0.        ,  0.48929141,  0.36745244, ...,  0.        ,
          0.52507197,  0.7850024 ],
        [-0.48929141,  0.        , -0.13459896, ...,  0.48929141,
          0.87434124,  0.98772904],
        [-0.36745244,  0.13459896,  0.        , ...,  0.36745244,
          0.80106243,  0.95771956],
        ...,
        [-0.        , -0.48929141, -0.36745244, ...,  0.        ,
         -0.52507197, -0.7850024 ],
        [-0.52507197, -0.87434124, -0.80106243, ...,  0.52507197,
          0.        , -0.34280417],
        [-0.7850024 , -0.98772904, -0.95771956, ...,  0.7850024 ,
          0.34280417,  0.        ]],

       [[ 0.        , -0.02766507, -0.0453952 , ...,  0.97935517,
          0.92004912,  0.73576725],
        [ 0.02766507,  0.        , -0.01774128, ...,  0.97338791,
          0.90885771,  0.7167499 ],
        [ 0.0453952 ,  0.01774128,  0.        , ...,  0.96916905,
          0.90131467,  0.70426556],
        ...,
        [-0.97935517, -0.97338791, -0.96916905, ...,  0.        ,
          0.19772905,  0.51451987],
        [-0.92004912, -0.90885771, -0.90131467, ..., -0.19772905,
          0.        ,  0.33481315],
        [-0.73576725, -0.7167499 , -0.70426556, ..., -0.51451987,
         -0.33481315,  0.        ]],

       [[ 0.        , -0.0795355 , -0.25897682, ...,  0.85878696,
          0.88641699,  0.91336344],
        [ 0.0795355 ,  0.        , -0.18133436, ...,  0.896815  ,
          0.92042484,  0.94285243],
        [ 0.25897682,  0.18133436,  0.        , ...,  0.96217052,
          0.97605273,  0.98764388],
        ...,
        [-0.85878696, -0.896815  , -0.96217052, ...,  0.        ,
          0.05661872,  0.1182951 ],
        [-0.88641699, -0.92042484, -0.97605273, ..., -0.05661872,
          0.        ,  0.06188416],
        [-0.91336344, -0.94285243, -0.98764388, ..., -0.1182951 ,
         -0.06188416,  0.        ]]]), 'num': array([ 8.59570689e-01,  2.48150102e-01,  8.62370363e-06,  1.65248807e-03,
        1.65248807e-03,  1.63151150e-03,  4.46697779e-01, -2.33073071e-06,
        1.66274329e-03,  1.59340405e-03,  1.52025795e-03,  1.76324845e-06,
        1.72678438e-03,  1.46002372e-03])}
{'img': array([[[ 0.        , -0.52738881, -0.05992141, ...,  0.83248633,
          0.92891373,  0.93784559],
        [ 0.52738881,  0.        ,  0.47553048, ...,  0.41510297,
          0.59393737,  0.61378441],
        [ 0.05992141, -0.47553048,  0.        , ...,  0.79779124,
          0.90505589,  0.91536448],
        ...,
        [-0.83248633, -0.41510297, -0.79779124, ...,  0.        ,
         -0.20639402, -0.23069249],
        [-0.92891373, -0.59393737, -0.90505589, ...,  0.20639402,
          0.        , -0.02489855],
        [-0.93784559, -0.61378441, -0.91536448, ...,  0.23069249,
          0.02489855,  0.        ]],

       [[ 0.        , -0.07874913, -0.3092462 , ..., -0.01132775,
          0.22882358,  0.63602311],
        [ 0.07874913,  0.        , -0.23339682, ...,  0.0674515 ,
          0.30477271,  0.69481626],
        [ 0.3092462 ,  0.23339682,  0.        , ...,  0.29845387,
          0.51864836,  0.84348255],
        ...,
        [ 0.01132775, -0.0674515 , -0.29845387, ...,  0.        ,
          0.2398361 ,  0.64472359],
        [-0.22882358, -0.30477271, -0.51864836, ..., -0.2398361 ,
          0.        ,  0.44257179],
        [-0.63602311, -0.69481626, -0.84348255, ..., -0.64472359,
         -0.44257179,  0.        ]],

       [[ 0.        , -0.18472627, -0.28255141, ...,  0.39098274,
          0.64147805,  0.68089875],
        [ 0.18472627,  0.        , -0.10048963, ...,  0.21423224,
          0.48872705,  0.53389112],
        [ 0.28255141,  0.10048963,  0.        , ...,  0.11499128,
          0.39858232,  0.44621929],
        ...,
        [-0.39098274, -0.21423224, -0.11499128, ...,  0.        ,
         -0.29047607, -0.34035087],
        [-0.64147805, -0.48872705, -0.39858232, ...,  0.29047607,
          0.        , -0.05254149],
        [-0.68089875, -0.53389112, -0.44621929, ...,  0.34035087,
          0.05254149,  0.        ]],

       ...,

       [[ 0.        , -0.3412335 ,  0.5452453 , ...,  0.79025571,
          0.95461937,  0.92161566],
        [ 0.3412335 ,  0.        ,  0.79856693, ...,  0.53372332,
          0.79569266,  0.73386495],
        [-0.5452453 , -0.79856693,  0.        , ...,  0.99656672,
          0.96262465,  0.98418057],
        ...,
        [-0.79025571, -0.53372332, -0.99656672, ...,  0.        ,
         -0.34960826, -0.25804382],
        [-0.95461937, -0.79569266, -0.96262465, ...,  0.34960826,
          0.        ,  0.09600794],
        [-0.92161566, -0.73386495, -0.98418057, ...,  0.25804382,
         -0.09600794,  0.        ]],

       [[ 0.        , -0.01752158, -0.0843137 , ...,  0.94512945,
          0.88260489,  0.710497  ],
        [ 0.01752158,  0.        , -0.06684157, ...,  0.93926013,
          0.87423223,  0.69805799],
        [ 0.0843137 ,  0.06684157,  0.        , ...,  0.91421914,
          0.83982498,  0.64863553],
        ...,
        [-0.94512945, -0.93926013, -0.91421914, ...,  0.        ,
          0.15597649,  0.43297124],
        [-0.88260489, -0.87423223, -0.83982498, ..., -0.15597649,
          0.        ,  0.28707359],
        [-0.710497  , -0.69805799, -0.64863553, ..., -0.43297124,
         -0.28707359,  0.        ]],

       [[ 0.        , -0.18133436, -0.22596523, ...,  0.92042484,
          0.94285243,  0.97540415],
        [ 0.18133436,  0.        , -0.04557485, ...,  0.97605273,
          0.98764388,  0.99920386],
        [ 0.22596523,  0.04557485,  0.        , ...,  0.98495262,
          0.99375991,  0.99998384],
        ...,
        [-0.92042484, -0.97605273, -0.98495262, ...,  0.        ,
          0.06188416,  0.17842082],
        [-0.94285243, -0.98764388, -0.99375991, ..., -0.06188416,
          0.        ,  0.11718766],
        [-0.97540415, -0.99920386, -0.99998384, ..., -0.17842082,
         -0.11718766,  0.        ]]]), 'num': array([9.09543543e-01, 1.95499675e-01, 9.91727594e-06, 1.75440754e-03,
       1.76171757e-03, 1.72516741e-03, 3.66725002e-01, 2.68034485e-05,
       1.74368616e-03, 1.67485003e-03, 1.59423663e-03, 1.83819503e-06,
       1.81270890e-03, 1.53699116e-03])}
{'img': array([[[ 0.        ,  0.47553048,  0.50235468, ...,  0.59393737,
          0.61378441,  0.29696869],
        [-0.47553048,  0.        ,  0.03074807, ...,  0.90505589,
          0.91536448,  0.7153211 ],
        [-0.50235468, -0.03074807,  0.        , ...,  0.91770488,
          0.92731164,  0.7364695 ],
        ...,
        [-0.59393737, -0.90505589, -0.91770488, ...,  0.        ,
         -0.02489855,  0.32822855],
        [-0.61378441, -0.91536448, -0.92731164, ...,  0.02489855,
          0.        ,  0.35164592],
        [-0.29696869, -0.7153211 , -0.7364695 , ..., -0.32822855,
         -0.35164592,  0.        ]],

       [[ 0.        , -0.23339682, -0.21344464, ...,  0.30477271,
          0.69481626,  0.33089065],
        [ 0.23339682,  0.        ,  0.02046859, ...,  0.51864836,
          0.84348255,  0.54200134],
        [ 0.21344464, -0.02046859,  0.        , ...,  0.50103931,
          0.832311  ,  0.52468644],
        ...,
        [-0.30477271, -0.51864836, -0.50103931, ...,  0.        ,
          0.44257179,  0.02754397],
        [-0.69481626, -0.84348255, -0.832311  , ..., -0.44257179,
          0.        , -0.41770428],
        [-0.33089065, -0.54200134, -0.52468644, ..., -0.02754397,
          0.41770428,  0.        ]],

       [[ 0.        , -0.10048963, -0.21423224, ...,  0.48872705,
          0.53389112,  0.41851672],
        [ 0.10048963,  0.        , -0.11499128, ...,  0.39858232,
          0.44621929,  0.32513263],
        [ 0.21423224,  0.11499128,  0.        , ...,  0.29047607,
          0.34035087,  0.21423224],
        ...,
        [-0.48872705, -0.39858232, -0.29047607, ...,  0.        ,
         -0.05254149,  0.07873699],
        [-0.53389112, -0.44621929, -0.34035087, ...,  0.05254149,
          0.        ,  0.13100661],
        [-0.41851672, -0.32513263, -0.21423224, ..., -0.07873699,
         -0.13100661,  0.        ]],

       ...,

       [[ 0.        ,  0.79856693,  0.5457591 , ...,  0.79569266,
          0.73386495,  0.74134589],
        [-0.79856693,  0.        , -0.34065718, ...,  0.96262465,
          0.98418057,  0.9821573 ],
        [-0.5457591 ,  0.34065718,  0.        , ...,  0.997311  ,
          0.985668  ,  0.98747651],
        ...,
        [-0.79569266, -0.96262465, -0.997311  , ...,  0.        ,
          0.09600794,  0.08497412],
        [-0.73386495, -0.98418057, -0.985668  , ..., -0.09600794,
          0.        , -0.0110791 ],
        [-0.74134589, -0.9821573 , -0.98747651, ..., -0.08497412,
          0.0110791 ,  0.        ]],

       [[ 0.        , -0.065898  , -0.09803718, ...,  0.92848396,
          0.88053478,  0.69085071],
        [ 0.065898  ,  0.        , -0.03224353, ...,  0.90199307,
          0.84738639,  0.64170497],
        [ 0.09803718,  0.03224353,  0.        , ...,  0.88760291,
          0.82982522,  0.61664209],
        ...,
        [-0.92848396, -0.90199307, -0.88760291, ...,  0.        ,
          0.11307785,  0.41472857],
        [-0.88053478, -0.84738639, -0.82982522, ..., -0.11307785,
          0.        ,  0.30917391],
        [-0.69085071, -0.64170497, -0.61664209, ..., -0.41472857,
         -0.30917391,  0.        ]],

       [[ 0.        , -0.04557485, -0.12519642, ...,  0.98764388,
          0.99920386,  0.98971265],
        [ 0.04557485,  0.        , -0.07985006, ...,  0.99375991,
          0.99998384,  0.98216389],
        [ 0.12519642,  0.07985006,  0.        , ...,  0.99949322,
          0.99633687,  0.96401378],
        ...,
        [-0.98764388, -0.99375991, -0.99949322, ...,  0.        ,
          0.11718766,  0.29640443],
        [-0.99920386, -0.99998384, -0.99633687, ..., -0.11718766,
          0.        ,  0.1824406 ],
        [-0.98971265, -0.98216389, -0.96401378, ..., -0.29640443,
         -0.1824406 ,  0.        ]]]), 'num': array([ 9.40784669e-01,  1.42188460e-01,  1.12478339e-05,  1.81087576e-03,
        1.84658317e-03,  1.80577470e-03,  3.07703167e-01, -2.55052924e-05,
        1.81903745e-03,  1.76177807e-03,  1.67382732e-03,  1.60033207e-06,
        1.89784229e-03,  1.62571385e-03])}
{'img': array([[[ 0.        ,  0.17816846,  0.64992307, ...,  0.63073291,
          0.30609802,  0.61052109],
        [-0.17816846,  0.        ,  0.50411627, ...,  0.75889991,
          0.47081683,  0.74186217],
        [-0.64992307, -0.50411627,  0.        , ...,  0.98369731,
          0.85136126,  0.9787351 ],
        ...,
        [-0.63073291, -0.75889991, -0.98369731, ...,  0.        ,
          0.36292566,  0.0257761 ],
        [-0.30609802, -0.47081683, -0.85136126, ..., -0.36292566,
          0.        , -0.33878644],
        [-0.61052109, -0.74186217, -0.9787351 , ..., -0.0257761 ,
          0.33878644,  0.        ]],

       [[ 0.        ,  0.02046859,  0.45029506, ...,  0.84348255,
          0.54200134,  0.22299717],
