state_0,state_1,state_2,state_3,state_4,state_5,state_6,state_7,state_8,state_9,state_10,state_11,state_12,state_13,state_14,state_15,state_16,state_17,state_18,state_19,state_20,state_21,state_22,state_23,state_24,state_25,state_26,state_27,state_28,state_29,state_30,state_31,state_32,state_33,state_34,state_35,state_36,state_37,state_38,state_39,state_40,state_41,state_42,state_43,state_44,state_45,state_46,state_47,state_48,state_49,state_50,state_51,state_52,state_53,state_54,state_55,state_56,state_57,state_58,state_59,state_60,state_61,state_62,state_63,state_64,state_65,state_66,state_67,state_68,state_69,state_70,state_71,state_72,state_73,state_74,state_75,state_76,state_77,state_78,state_79,state_80,state_81,state_82,state_83,state_84,state_85,state_86,state_87,state_88,state_89,state_90,state_91,state_92,state_93,state_94,state_95,state_96,state_97,state_98,state_99,state_100,state_101,state_102,state_103,state_104,state_105,state_106,state_107,state_108,state_109,state_110,state_111,state_112,state_113,state_114,state_115,state_116,state_117,state_118,state_119,state_120,state_121,state_122,state_123,state_124,state_125,state_126,state_127,state_128,state_129,state_130,state_131,state_132,state_133,state_134,state_135,state_136,state_137,state_138,state_139,state_140,state_141,state_142,state_143,state_144,state_145,state_146,state_147,state_148,state_149,state_150,state_151,state_152,state_153,state_154,state_155,state_156,state_157,state_158,state_159,state_160,state_161,state_162,state_163,state_164,state_165,state_166,state_167,state_168,state_169,state_170,state_171,state_172,state_173,state_174,state_175,state_176,state_177,state_178,state_179,state_180,state_181,state_182,state_183,state_184,state_185,state_186,state_187,state_188,state_189,state_190,state_191,state_192,state_193,state_194,state_195,state_196,state_197,state_198,state_199,state_200,state_201,state_202,state_203,state_204,state_205,state_206,state_207,state_208,state_209,state_210,state_211,state_212,state_213,state_214,state_215,state_216,state_217,state_218,state_219,state_220,state_221,state_222,state_223,state_224,state_225,state_226,state_227,state_228,state_229,state_230,state_231,state_232,state_233,state_234,state_235,state_236,state_237,state_238,state_239,state_240,state_241,state_242,state_243,state_244,state_245,state_246,state_247,state_248,state_249,state_250,state_251,state_252,state_253,state_254,state_255,state_256,state_257,state_258,state_259,state_260,state_261,state_262,state_263,state_264,state_265,state_266,state_267,state_268,state_269,state_270,state_271,state_272,state_273,state_274,state_275,state_276,state_277,state_278,state_279,state_280,state_281,state_282,state_283,state_284,state_285,state_286,state_287
{'img': array([[[ 0.        ,  0.30609802,  0.28      , ...,  0.64992307,
          0.64992307,  0.61052109],
        [-0.30609802,  0.        , -0.0272941 , ...,  0.85136126,
          0.85136126,  0.82364571],
        [-0.28      ,  0.0272941 ,  0.        , ...,  0.83672615,
          0.83672615,  0.80786025],
        ...,
        [-0.64992307, -0.85136126, -0.83672615, ...,  0.        ,
          0.        ,  0.05074305],
        [-0.64992307, -0.85136126, -0.83672615, ...,  0.        ,
          0.        ,  0.05074305],
        [-0.61052109, -0.82364571, -0.80786025, ..., -0.05074305,
         -0.05074305,  0.        ]],

       [[ 0.        ,  0.3339272 ,  0.43606802, ...,  0.30496104,
          0.12233509,  0.05418995],
        [-0.3339272 ,  0.        ,  0.11053155, ..., -0.03056459,
         -0.21610611, -0.28235716],
        [-0.43606802, -0.11053155,  0.        , ..., -0.14085723,
         -0.32270162, -0.386661  ],
        ...,
        [-0.30496104,  0.03056459,  0.14085723, ...,  0.        ,
         -0.18616279, -0.25290434],
        [-0.12233509,  0.21610611,  0.32270162, ...,  0.18616279,
          0.        , -0.06837242],
        [-0.05418995,  0.28235716,  0.386661  , ...,  0.25290434,
          0.06837242,  0.        ]],

       [[ 0.        ,  0.21977707,  0.27696435, ...,  0.20477006,
          0.35943446,  0.45441413],
        [-0.21977707,  0.        ,  0.05901317, ...,  0.41488347,
          0.55573577,  0.63907909],
        [-0.27696435, -0.05901317,  0.        , ...,  0.467855  ,
          0.60382836,  0.68335476],
        ...,
        [-0.20477006, -0.41488347, -0.467855  , ...,  0.        ,
         -0.16073273, -0.26237791],
        [-0.35943446, -0.55573577, -0.60382836, ...,  0.16073273,
          0.        , -0.10386497],
        [-0.45441413, -0.63907909, -0.68335476, ...,  0.26237791,
          0.10386497,  0.        ]],

       ...,

       [[ 0.        ,  0.06755227,  0.26466434, ...,  0.06755227,
         -0.1170744 , -0.1461528 ],
        [-0.06755227,  0.        ,  0.19891638, ...,  0.        ,
         -0.18389469, -0.21264584],
        [-0.26466434, -0.19891638,  0.        , ..., -0.19891638,
         -0.37574388, -0.40276346],
        ...,
        [-0.06755227,  0.        ,  0.19891638, ...,  0.        ,
         -0.18389469, -0.21264584],
        [ 0.1170744 ,  0.18389469,  0.37574388, ...,  0.18389469,
          0.        , -0.02933047],
        [ 0.1461528 ,  0.21264584,  0.40276346, ...,  0.21264584,
          0.02933047,  0.        ]],

       [[ 0.        , -0.04455726, -0.17366486, ...,  0.61768541,
          0.5903344 ,  0.60409049],
        [ 0.04455726,  0.        , -0.12961218, ...,  0.58203099,
          0.55378331,  0.56798214],
        [ 0.17366486,  0.12961218,  0.        , ...,  0.47172513,
          0.44118904,  0.45651496],
        ...,
        [-0.61768541, -0.58203099, -0.47172513, ...,  0.        ,
          0.0343163 ,  0.01717119],
        [-0.5903344 , -0.55378331, -0.44118904, ..., -0.0343163 ,
          0.        , -0.01715017],
        [-0.60409049, -0.56798214, -0.45651496, ..., -0.01717119,
          0.01715017,  0.        ]],

       [[ 0.        ,  0.12594949,  0.2562481 , ...,  0.37891762,
          0.35893592,  0.23726354],
        [-0.12594949,  0.        ,  0.13246334, ...,  0.49245765,
          0.47363408,  0.35772717],
        [-0.2562481 , -0.13246334,  0.        , ...,  0.60340574,
          0.58612371,  0.47827257],
        ...,
        [-0.37891762, -0.49245765, -0.60340574, ...,  0.        ,
          0.02149718,  0.14852686],
        [-0.35893592, -0.47363408, -0.58612371, ..., -0.02149718,
          0.        ,  0.1272338 ],
        [-0.23726354, -0.35772717, -0.47827257, ..., -0.14852686,
         -0.1272338 ,  0.        ]]]), 'num': array([9.99997650e-01, 1.58310398e-03, 3.49707364e-06, 2.68535375e-04,
       2.68535375e-04, 2.56778134e-04, 1.29663082e-03, 1.50492679e-05,
       2.56684076e-04, 2.51017086e-04, 2.13738796e-04, 5.90167370e-08,
       2.68763589e-04, 2.33270584e-04])}
{'img': array([[[ 0.        , -0.02696534, -0.18130524, ...,  0.88015498,
          0.85736555,  0.30257682],
        [ 0.02696534,  0.        , -0.15472088, ...,  0.86703485,
          0.84317451,  0.27676546],
        [ 0.18130524,  0.15472088,  0.        , ...,  0.77950492,
          0.74983706,  0.12475562],
        ...,
        [-0.88015498, -0.86703485, -0.77950492, ...,  0.        ,
          0.04604302,  0.69526861],
        [-0.85736555, -0.84317451, -0.74983706, ..., -0.04604302,
          0.        ,  0.66143783],
        [-0.30257682, -0.27676546, -0.12475562, ..., -0.69526861,
         -0.66143783,  0.        ]],

       [[ 0.        ,  0.11053155, -0.07513305, ..., -0.21610611,
         -0.28235716,  0.46664882],
        [-0.11053155,  0.        , -0.18489182, ..., -0.32270162,
         -0.386661  ,  0.36603066],
        [ 0.07513305,  0.18489182,  0.        , ..., -0.14213764,
         -0.20948325,  0.53178072],
        ...,
        [ 0.21610611,  0.32270162,  0.14213764, ...,  0.        ,
         -0.06837242,  0.64675533],
        [ 0.28235716,  0.386661  ,  0.20948325, ...,  0.06837242,
          0.        ,  0.69738931],
        [-0.46664882, -0.36603066, -0.53178072, ..., -0.64675533,
         -0.69738931,  0.        ]],

       [[ 0.        ,  0.17170441,  0.27863856, ...,  0.36157446,
          0.45705401,  0.37815432],
        [-0.17170441,  0.        ,  0.10959613, ...,  0.51629199,
          0.60298666,  0.53149224],
        [-0.27863856, -0.10959613,  0.        , ...,  0.60704146,
          0.68678484,  0.62112548],
        ...,
        [-0.36157446, -0.51629199, -0.60704146, ...,  0.        ,
         -0.1045328 , -0.01784474],
        [-0.45705401, -0.60298666, -0.68678484, ...,  0.1045328 ,
          0.        ,  0.08676918],
        [-0.37815432, -0.53149224, -0.62112548, ...,  0.01784474,
         -0.08676918,  0.        ]],

       ...,

       [[ 0.        ,  0.19891638,  0.38575234, ..., -0.18389469,
         -0.21264584,  0.12500731],
        [-0.19891638,  0.        ,  0.19452292, ..., -0.37574388,
         -0.40276346, -0.07484682],
        [-0.38575234, -0.19452292,  0.        , ..., -0.54883538,
         -0.57311749, -0.26739439],
        ...,
        [ 0.18389469,  0.37574388,  0.54883538, ...,  0.        ,
         -0.02933047,  0.30532762],
        [ 0.21264584,  0.40276346,  0.57311749, ...,  0.02933047,
          0.        ,  0.33312612],
        [-0.12500731,  0.07484682,  0.26739439, ..., -0.30532762,
         -0.33312612,  0.        ]],

       [[ 0.        , -0.1285204 , -0.2979183 , ...,  0.6646961 ,
          0.67155484,  0.41458182],
        [ 0.1285204 ,  0.        , -0.17276316, ...,  0.56316431,
          0.57075774,  0.29418853],
        [ 0.2979183 ,  0.17276316,  0.        , ...,  0.41193427,
          0.42031644,  0.12464699],
        ...,
        [-0.6646961 , -0.56316431, -0.41193427, ...,  0.        ,
         -0.00921812,  0.29514163],
        [-0.67155484, -0.57075774, -0.42031644, ...,  0.00921812,
          0.        ,  0.30393658],
        [-0.41458182, -0.29418853, -0.12464699, ..., -0.29514163,
         -0.30393658,  0.        ]],

       [[ 0.        ,  0.22450582,  0.29579055, ...,  0.35962786,
          0.23773042,  0.21416423],
        [-0.22450582,  0.        ,  0.07378001, ...,  0.55993299,
          0.44973132,  0.42799397],
        [-0.29579055, -0.07378001,  0.        , ...,  0.61953645,
          0.51440324,  0.4935085 ],
        ...,
        [-0.35962786, -0.55993299, -0.61953645, ...,  0.        ,
          0.12749249,  0.15144791],
        [-0.23773042, -0.44973132, -0.51440324, ..., -0.12749249,
          0.        ,  0.02419013],
        [-0.21416423, -0.42799397, -0.4935085 , ..., -0.15144791,
         -0.02419013,  0.        ]]]), 'num': array([7.07011333e-01, 7.07011333e-01, 0.00000000e+00, 2.71005648e-03,
       2.73771012e-03, 2.61787769e-03, 1.47900226e-02, 7.83519730e-05,
       2.55150896e-03, 2.47983995e-03, 2.11519601e-03, 7.28405837e-07,
       2.67192770e-03, 2.28775219e-03])}
{'img': array([[[ 0.        , -0.14981341, -0.14981341, ...,  0.91131283,
          0.70036804,  0.2681759 ],
        [ 0.14981341,  0.        ,  0.        , ...,  0.83934764,
          0.58552979,  0.12082361],
        [ 0.14981341,  0.        ,  0.        , ...,  0.83934764,
          0.58552979,  0.12082361],
        ...,
        [-0.91131283, -0.83934764, -0.83934764, ...,  0.        ,
          0.36212684,  0.76751946],
        [-0.70036804, -0.58552979, -0.58552979, ..., -0.36212684,
          0.        ,  0.48329443],
        [-0.2681759 , -0.12082361, -0.12082361, ..., -0.76751946,
         -0.48329443,  0.        ]],

       [[ 0.        , -0.18489182, -0.19764799, ..., -0.386661  ,
          0.36603066,  0.51350928],
        [ 0.18489182,  0.        , -0.01299585, ..., -0.20948325,
          0.53178072,  0.66330852],
        [ 0.19764799,  0.01299585,  0.        , ..., -0.19675806,
          0.54274177,  0.6729779 ],
        ...,
        [ 0.386661  ,  0.20948325,  0.19675806, ...,  0.        ,
          0.69738931,  0.80535715],
        [-0.36603066, -0.53178072, -0.54274177, ..., -0.69738931,
          0.        ,  0.1637881 ],
        [-0.51350928, -0.66330852, -0.6729779 , ..., -0.80535715,
         -0.1637881 ,  0.        ]],

       [[ 0.        ,  0.22193113,  0.23606477, ...,  0.45866007,
          0.37951147,  0.14089224],
        [-0.22193113,  0.        ,  0.01451911, ...,  0.64443278,
          0.57537514,  0.35709607],
        [-0.23606477, -0.01451911,  0.        , ...,  0.65546705,
          0.58718952,  0.37062025],
        ...,
        [-0.45866007, -0.64443278, -0.65546705, ...,  0.        ,
          0.08710798,  0.3288864 ],
        [-0.37951147, -0.57537514, -0.58718952, ..., -0.08710798,
          0.        ,  0.24537415],
        [-0.14089224, -0.35709607, -0.37062025, ..., -0.3288864 ,
         -0.24537415,  0.        ]],

       ...,

       [[ 0.        ,  0.19452292, -0.18148991, ..., -0.40276346,
         -0.07484682,  0.49726267],
        [-0.19452292,  0.        , -0.36931553, ..., -0.57311749,
         -0.26739439,  0.31899585],
        [ 0.18148991,  0.36931553,  0.        , ..., -0.22995623,
          0.10737701,  0.64646518],
        ...,
        [ 0.40276346,  0.57311749,  0.22995623, ...,  0.        ,
          0.33312612,  0.80458415],
        [ 0.07484682,  0.26739439, -0.10737701, ..., -0.33312612,
          0.        ,  0.56080497],
        [-0.49726267, -0.31899585, -0.64646518, ..., -0.80458415,
         -0.56080497,  0.        ]],

       [[ 0.        , -0.16986788, -0.28937536, ...,  0.69728713,
          0.61305866,  0.28937536],
        [ 0.16986788,  0.        , -0.12256962, ...,  0.56539342,
          0.46994701,  0.12256962],
        [ 0.28937536,  0.12256962,  0.        , ...,  0.46003227,
          0.35821203,  0.        ],
        ...,
        [-0.69728713, -0.56539342, -0.46003227, ...,  0.        ,
          0.11144741,  0.46003227],
        [-0.61305866, -0.46994701, -0.35821203, ..., -0.11144741,
          0.        ,  0.35821203],
        [-0.28937536, -0.12256962, -0.        , ..., -0.46003227,
         -0.35821203,  0.        ]],

       [[ 0.        ,  0.19636143,  0.21082892, ...,  0.23923976,
          0.21552785,  0.20047357],
        [-0.19636143,  0.        ,  0.0147766 , ...,  0.42524134,
          0.40307835,  0.38894579],
        [-0.21082892, -0.0147766 ,  0.        , ...,  0.43856892,
          0.41655738,  0.40251643],
        ...,
        [-0.23923976, -0.42524134, -0.43856892, ...,  0.        ,
          0.02434803,  0.03973105],
        [-0.21552785, -0.40307835, -0.41655738, ..., -0.02434803,
          0.        ,  0.01539046],
        [-0.20047357, -0.38894579, -0.40251643, ..., -0.03973105,
         -0.01539046,  0.        ]]]), 'num': array([8.98365643e-01, 4.38875915e-01, 1.52908395e-06, 3.48098279e-03,
       3.56207057e-03, 3.44043889e-03, 1.55787127e-02, 7.52958007e-05,
       3.28289691e-03, 3.14186208e-03, 2.68526063e-03, 9.00975393e-07,
       3.42123695e-03, 2.86248722e-03])}
{'img': array([[[ 0.        ,  0.        ,  0.19460255, ...,  0.70183951,
          0.52100774,  0.11805555],
        [ 0.        ,  0.        ,  0.19460255, ...,  0.70183951,
          0.52100774,  0.11805555],
        [-0.19460255, -0.19460255,  0.        , ...,  0.82704409,
          0.6771506 ,  0.30904028],
        ...,
        [-0.70183951, -0.70183951, -0.82704409, ...,  0.        ,
          0.22792437,  0.61283643],
        [-0.52100774, -0.52100774, -0.6771506 , ..., -0.22792437,
          0.        ,  0.41659779],
        [-0.11805555, -0.11805555, -0.30904028, ..., -0.61283643,
         -0.41659779,  0.        ]],

       [[ 0.        , -0.01299585,  0.01682891, ...,  0.53178072,
          0.66330852,  0.51022795],
        [ 0.01299585,  0.        ,  0.02982149, ...,  0.54274177,
          0.6729779 ,  0.5213618 ],
        [-0.01682891, -0.02982149,  0.        , ...,  0.51745331,
          0.65062074,  0.49568217],
        ...,
        [-0.53178072, -0.54274177, -0.51745331, ...,  0.        ,
          0.1637881 , -0.02524937],
        [-0.66330852, -0.6729779 , -0.65062074, ..., -0.1637881 ,
          0.        , -0.18864427],
        [-0.51022795, -0.5213618 , -0.49568217, ...,  0.02524937,
          0.18864427,  0.        ]],

       [[ 0.        ,  0.0799999 ,  0.16922804, ...,  0.55517919,
          0.44760622,  0.        ],
        [-0.0799999 ,  0.        ,  0.08983959, ...,  0.61993814,
          0.51770996,  0.0799999 ],
        [-0.16922804, -0.08983959,  0.        , ...,  0.68792396,
          0.59247928,  0.16922804],
        ...,
        [-0.55517919, -0.61993814, -0.68792396, ...,  0.        ,
          0.12417044,  0.55517919],
        [-0.44760622, -0.51770996, -0.59247928, ..., -0.12417044,
          0.        ,  0.44760622],
        [-0.        , -0.0799999 , -0.16922804, ..., -0.55517919,
         -0.44760622,  0.        ]],

       ...,

       [[ 0.        , -0.36931553,  0.04558289, ..., -0.26739439,
          0.31899585,  0.27233184],
        [ 0.36931553,  0.        ,  0.41129201, ...,  0.10737701,
          0.64646518,  0.60843574],
        [-0.04558289, -0.41129201,  0.        , ..., -0.31103953,
          0.27546281,  0.22818876],
        ...,
        [ 0.26739439, -0.10737701,  0.31103953, ...,  0.        ,
          0.56080497,  0.51970326],
        [-0.31899585, -0.64646518, -0.27546281, ..., -0.56080497,
          0.        , -0.04883472],
        [-0.27233184, -0.60843574, -0.22818876, ..., -0.51970326,
          0.04883472,  0.        ]],

       [[ 0.        , -0.11996208, -0.01957257, ...,  0.62204784,
          0.50923099,  0.11996208],
        [ 0.11996208,  0.        ,  0.10050787, ...,  0.52362789,
          0.40231062,  0.        ],
        [ 0.01957257, -0.10050787,  0.        , ...,  0.60660376,
          0.4922887 ,  0.10050787],
        ...,
        [-0.62204784, -0.52362789, -0.60660376, ...,  0.        ,
          0.13663566,  0.52362789],
        [-0.50923099, -0.40231062, -0.4922887 , ..., -0.13663566,
          0.        ,  0.40231062],
        [-0.11996208, -0.        , -0.10050787, ..., -0.52362789,
         -0.40231062,  0.        ]],

       [[ 0.        ,  0.07789183,  0.03795951, ...,  0.21657191,
          0.20144633,  0.2799351 ],
        [-0.07789183,  0.        , -0.03999151, ...,  0.29195713,
          0.27712931,  0.35386224],
        [-0.03795951,  0.03999151,  0.        , ...,  0.25347443,
          0.23848247,  0.31617519],
        ...,
        [-0.21657191, -0.29195713, -0.25347443, ...,  0.        ,
          0.01546676, -0.06537817],
        [-0.20144633, -0.27712931, -0.23848247, ..., -0.01546676,
          0.        , -0.08080402],
        [-0.2799351 , -0.35386224, -0.31617519, ...,  0.06537817,
          0.08080402,  0.        ]]]), 'num': array([9.32172261e-01, 3.61426156e-01, 1.83815171e-06, 3.65862888e-03,
       3.74700156e-03, 3.58203923e-03, 1.82969150e-02, 1.17830238e-04,
       3.44064294e-03, 3.22884309e-03, 2.76135162e-03, 9.50243853e-07,
       3.56270993e-03, 2.89497625e-03])}
{'img': array([[[ 0.        ,  0.18813772, -0.11414542, ...,  0.70583554,
          0.59031179,  0.11414542],
        [-0.18813772,  0.        , -0.29901514, ...,  0.82650339,
          0.73163051,  0.29901514],
        [ 0.11414542,  0.29901514,  0.        , ...,  0.62036439,
          0.49431818,  0.        ],
        ...,
        [-0.70583554, -0.82650339, -0.62036439, ...,  0.        ,
          0.15157047,  0.62036439],
        [-0.59031179, -0.73163051, -0.49431818, ..., -0.15157047,
          0.        ,  0.49431818],
        [-0.11414542, -0.29901514, -0.        , ..., -0.62036439,
         -0.49431818,  0.        ]],

       [[ 0.        ,  0.02982149, -0.40864674, ...,  0.6729779 ,
          0.5213618 ,  0.6451253 ],
        [-0.02982149,  0.        , -0.43568285, ...,  0.65062074,
          0.49568217,  0.62205246],
        [ 0.40864674,  0.43568285,  0.        , ...,  0.91648268,
          0.82455594,  0.9010386 ],
        ...,
        [-0.6729779 , -0.65062074, -0.91648268, ...,  0.        ,
         -0.18864427, -0.03703174],
        [-0.5213618 , -0.49568217, -0.82455594, ...,  0.18864427,
          0.        ,  0.15214802],
        [-0.6451253 , -0.62205246, -0.9010386 , ...,  0.03703174,
         -0.15214802,  0.        ]],

       [[ 0.        ,  0.14460481,  0.05477909, ...,  0.63589962,
          0.49151188,  0.        ],
        [-0.14460481,  0.        , -0.09018435, ...,  0.7408179 ,
          0.61227795,  0.14460481],
        [-0.05477909,  0.09018435,  0.        , ...,  0.67722177,
          0.53847938,  0.05477909],
        ...,
        [-0.63589962, -0.7408179 , -0.67722177, ...,  0.        ,
          0.17445147,  0.63589962],
        [-0.49151188, -0.61227795, -0.53847938, ..., -0.17445147,
          0.        ,  0.49151188],
        [-0.        , -0.14460481, -0.05477909, ..., -0.63589962,
         -0.49151188,  0.        ]],

       ...,

       [[ 0.        ,  0.41129201, -0.19572002, ...,  0.64646518,
          0.60843574,  0.69516958],
        [-0.41129201,  0.        , -0.58173706, ...,  0.27546281,
          0.22818876,  0.33799408],
        [ 0.19572002,  0.58173706,  0.        , ...,  0.78328574,
          0.7519925 ,  0.82241738],
        ...,
        [-0.64646518, -0.27546281, -0.78328574, ...,  0.        ,
         -0.04883472,  0.06566633],
        [-0.60843574, -0.22818876, -0.7519925 , ...,  0.04883472,
          0.        ,  0.1143173 ],
        [-0.69516958, -0.33799408, -0.82241738, ..., -0.06566633,
         -0.1143173 ,  0.        ]],

       [[ 0.        ,  0.09790053,  0.15453285, ...,  0.57639257,
          0.44135587,  0.        ],
        [-0.09790053,  0.        ,  0.05706599, ...,  0.65362536,
          0.52708498,  0.09790053],
        [-0.15453285, -0.05706599,  0.        , ...,  0.6957488 ,
          0.57472144,  0.15453285],
        ...,
        [-0.57639257, -0.65362536, -0.6957488 , ...,  0.        ,
          0.15655151,  0.57639257],
        [-0.44135587, -0.52708498, -0.57472144, ..., -0.15655151,
          0.        ,  0.44135587],
        [-0.        , -0.09790053, -0.15453285, ..., -0.57639257,
         -0.44135587,  0.        ]],

       [[ 0.        , -0.06805307,  0.06733072, ...,  0.26767261,
          0.34466669,  0.41898042],
        [ 0.06805307,  0.        ,  0.13507327, ...,  0.20148226,
          0.27998452,  0.35621723],
        [-0.06733072, -0.13507327,  0.        , ...,  0.331939  ,
          0.40708958,  0.47916561],
        ...,
        [-0.26767261, -0.20148226, -0.331939  , ...,  0.        ,
         -0.08081877, -0.16064633],
        [-0.34466669, -0.27998452, -0.40708958, ...,  0.08081877,
          0.        , -0.08035172],
        [-0.41898042, -0.35621723, -0.47916561, ...,  0.16064633,
          0.08035172,  0.        ]]]), 'num': array([9.89318078e-01, 1.43712989e-01, 2.57806430e-06, 3.91483838e-03,
       3.91483838e-03, 3.64032227e-03, 2.23153307e-02, 2.08870950e-04,
       3.62480614e-03, 3.31000778e-03, 2.83089761e-03, 1.00409618e-06,
       3.74249861e-03, 2.87751695e-03])}
{'img': array([[[ 0.        , -0.28359454, -0.07044421, ...,  0.89750902,
          0.80743325,  0.28359454],
        [ 0.28359454,  0.        ,  0.21533794, ...,  0.73559705,
          0.60697437,  0.        ],
        [ 0.07044421, -0.21533794,  0.        , ...,  0.86421373,
          0.76386818,  0.21533794],
        ...,
        [-0.89750902, -0.73559705, -0.86421373, ...,  0.        ,
          0.17341854,  0.73559705],
        [-0.80743325, -0.60697437, -0.76386818, ..., -0.17341854,
          0.        ,  0.60697437],
        [-0.28359454, -0.        , -0.21533794, ..., -0.73559705,
         -0.60697437,  0.        ]],

       [[ 0.        , -0.43568285, -0.63425421, ...,  0.49568217,
          0.62205246,  0.78071327],
        [ 0.43568285,  0.        , -0.23405525, ...,  0.82455594,
          0.9010386 ,  0.97497381],
        [ 0.63425421,  0.23405525,  0.        , ...,  0.93407638,
          0.97752959,  0.99992736],
        ...,
        [-0.49568217, -0.82455594, -0.93407638, ...,  0.        ,
          0.15214802,  0.36830605],
        [-0.62205246, -0.9010386 , -0.97752959, ..., -0.15214802,
          0.        ,  0.22256541],
        [-0.78071327, -0.97497381, -0.99992736, ..., -0.36830605,
         -0.22256541,  0.        ]],

       [[ 0.        , -0.08646693, -0.13867343, ...,  0.78728556,
          0.65590161,  0.13867343],
        [ 0.08646693,  0.        , -0.05252256, ...,  0.73102244,
          0.58817583,  0.05252256],
        [ 0.13867343,  0.05252256,  0.        , ...,  0.69417449,
          0.54488726,  0.        ],
        ...,
        [-0.78728556, -0.73102244, -0.69417449, ...,  0.        ,
          0.18985824,  0.69417449],
        [-0.65590161, -0.58817583, -0.54488726, ..., -0.18985824,
          0.        ,  0.54488726],
        [-0.13867343, -0.05252256, -0.        , ..., -0.69417449,
         -0.54488726,  0.        ]],

       ...,

       [[ 0.        , -0.58173706, -0.49795189, ...,  0.22818876,
          0.33799408,  0.47547198],
        [ 0.58173706,  0.        ,  0.09946251, ...,  0.7519925 ,
          0.82241738,  0.89850997],
        [ 0.49795189, -0.09946251,  0.        , ...,  0.68270074,
          0.76175658,  0.85039516],
        ...,
        [-0.22818876, -0.7519925 , -0.68270074, ...,  0.        ,
          0.1143173 ,  0.26218287],
        [-0.33799408, -0.82241738, -0.76175658, ..., -0.1143173 ,
          0.        ,  0.1501458 ],
        [-0.47547198, -0.89850997, -0.85039516, ..., -0.26218287,
         -0.1501458 ,  0.        ]],

       [[ 0.        ,  0.11537018,  0.17682439, ...,  0.65791932,
          0.52968924,  0.        ],
        [-0.11537018,  0.        ,  0.06209143, ...,  0.74041005,
          0.62400832,  0.11537018],
        [-0.17682439, -0.06209143,  0.        , ...,  0.7807165 ,
          0.67132362,  0.17682439],
        ...,
        [-0.65791932, -0.74041005, -0.7807165 , ...,  0.        ,
          0.15913892,  0.65791932],
        [-0.52968924, -0.62400832, -0.67132362, ..., -0.15913892,
          0.        ,  0.52968924],
        [-0.        , -0.11537018, -0.17682439, ..., -0.65791932,
         -0.52968924,  0.        ]],

       [[ 0.        ,  0.13507327,  0.19268394, ...,  0.27998452,
          0.35621723,  0.52470497],
        [-0.13507327,  0.        ,  0.058376  , ...,  0.40708958,
          0.47916561,  0.6348821 ],
        [-0.19268394, -0.058376  ,  0.        , ...,  0.45971531,
          0.52958651,  0.67890124],
        ...,
        [-0.27998452, -0.40708958, -0.45971531, ...,  0.        ,
         -0.08035172, -0.26537275],
        [-0.35621723, -0.47916561, -0.52958651, ...,  0.08035172,
          0.        , -0.1870439 ],
        [-0.52470497, -0.6348821 , -0.67890124, ...,  0.26537275,
          0.1870439 ,  0.        ]]]), 'num': array([9.90516538e-01, 1.34265326e-01, 2.40858287e-06, 3.96412598e-03,
       3.96412598e-03, 3.70208109e-03, 2.74701442e-02, 3.06648283e-04,
       3.54262398e-03, 3.14286613e-03, 2.68094230e-03, 9.77984091e-07,
       3.69175629e-03, 2.59397596e-03])}
{'img': array([[[ 0.        ,  0.1999898 ,  0.39380987, ...,  0.83814041,
          0.69166109,  0.        ],
        [-0.1999898 ,  0.        ,  0.20202511, ...,  0.93029362,
          0.82212521,  0.1999898 ],
        [-0.39380987, -0.20202511,  0.        , ...,  0.98521727,
          0.92018752,  0.39380987],
        ...,
        [-0.83814041, -0.93029362, -0.98521727, ...,  0.        ,
          0.22805394,  0.83814041],
        [-0.69166109, -0.82212521, -0.92018752, ..., -0.22805394,
          0.        ,  0.69166109],
        [-0.        , -0.1999898 , -0.39380987, ..., -0.83814041,
         -0.69166109,  0.        ]],

       [[ 0.        , -0.23405525,  0.64143869, ...,  0.9010386 ,
          0.97497381,  0.97845665],
        [ 0.23405525,  0.        ,  0.80318281, ...,  0.97752959,
          0.99992736,  0.90295708],
        [-0.64143869, -0.80318281,  0.        , ...,  0.41303674,
          0.60537037,  0.88307335],
        ...,
        [-0.9010386 , -0.97752959, -0.41303674, ...,  0.        ,
          0.22256541,  0.6104163 ],
        [-0.97497381, -0.99992736, -0.60537037, ..., -0.22256541,
          0.        ,  0.41881591],
        [-0.97845665, -0.90295708, -0.88307335, ..., -0.6104163 ,
         -0.41881591,  0.        ]],

       [[ 0.        , -0.05015698,  0.1439455 , ...,  0.76942425,
          0.60750241,  0.05015698],
        [ 0.05015698,  0.        ,  0.19339894, ...,  0.73641864,
          0.5668972 ,  0.        ],
        [-0.1439455 , -0.19339894,  0.        , ...,  0.85335464,
          0.71551412,  0.19339894],
        ...,
        [-0.76942425, -0.73641864, -0.85335464, ...,  0.        ,
          0.22313248,  0.73641864],
        [-0.60750241, -0.5668972 , -0.71551412, ..., -0.22313248,
          0.        ,  0.5668972 ],
        [-0.05015698, -0.        , -0.19339894, ..., -0.73641864,
         -0.5668972 ,  0.        ]],

       ...,

       [[ 0.        ,  0.09946251,  0.54198581, ...,  0.82241738,
          0.89850997,  0.96187373],
        [-0.09946251,  0.        ,  0.4557112 , ...,  0.76175658,
          0.85039516,  0.9299017 ],
        [-0.54198581, -0.4557112 ,  0.        , ...,  0.38282204,
          0.51719033,  0.66011697],
        ...,
        [-0.82241738, -0.76175658, -0.38282204, ...,  0.        ,
          0.1501458 ,  0.32226896],
        [-0.89850997, -0.85039516, -0.51719033, ..., -0.1501458 ,
          0.        ,  0.17648044],
        [-0.96187373, -0.9299017 , -0.66011697, ..., -0.32226896,
         -0.17648044,  0.        ]],

       [[ 0.        ,  0.12734216,  0.19747616, ...,  0.75900969,
          0.61671217,  0.        ],
        [-0.12734216,  0.        ,  0.07103398, ...,  0.83574032,
          0.71193374,  0.12734216],
        [-0.19747616, -0.07103398,  0.        , ...,  0.87263568,
          0.7600187 ,  0.19747616],
        ...,
        [-0.75900969, -0.83574032, -0.87263568, ...,  0.        ,
          0.19595532,  0.75900969],
        [-0.61671217, -0.71193374, -0.7600187 , ..., -0.19595532,
          0.        ,  0.61671217],
        [-0.        , -0.12734216, -0.19747616, ..., -0.75900969,
         -0.61671217,  0.        ]],

       [[ 0.        ,  0.13836586,  0.26889238, ...,  0.35700831,
          0.52581402,  0.71706447],
        [-0.13836586,  0.        ,  0.13303608, ...,  0.48282203,
          0.63845025,  0.80660912],
        [-0.26889238, -0.13303608,  0.        , ...,  0.59503247,
          0.73516815,  0.87807498],
        ...,
        [-0.35700831, -0.48282203, -0.59503247, ...,  0.        ,
         -0.1874924 , -0.42097356],
        [-0.52581402, -0.63845025, -0.73516815, ...,  0.1874924 ,
          0.        , -0.24343876],
        [-0.71706447, -0.80660912, -0.87807498, ...,  0.42097356,
          0.24343876,  0.        ]]]), 'num': array([9.95375740e-01, 9.10990473e-02, 2.54367577e-06, 3.98359796e-03,
       4.12366822e-03, 3.87154176e-03, 2.87640986e-02, 0.00000000e+00,
       3.69785465e-03, 3.20844919e-03, 2.73108977e-03, 9.69813762e-07,
       3.85968061e-03, 2.55721777e-03])}
{'img': array([[[ 0.        ,  0.34452945,  0.48870521, ...,  0.69460871,
          0.        ,  0.        ],
        [-0.34452945,  0.        ,  0.15820011, ...,  0.89993191,
          0.34452945,  0.34452945],
        [-0.48870521, -0.15820011,  0.        , ...,  0.9575792 ,
          0.48870521,  0.48870521],
        ...,
        [-0.69460871, -0.89993191, -0.9575792 , ...,  0.        ,
          0.69460871,  0.69460871],
        [-0.        , -0.34452945, -0.48870521, ..., -0.69460871,
          0.        ,  0.        ],
        [-0.        , -0.34452945, -0.48870521, ..., -0.69460871,
          0.        ,  0.        ]],

       [[ 0.        ,  0.80318281,  0.77140594, ...,  0.99992736,
          0.90295708,  0.86458903],
        [-0.80318281,  0.        , -0.05154836, ...,  0.60537037,
          0.88307335,  0.91864693],
        [-0.77140594,  0.05154836,  0.        , ...,  0.64559514,
          0.9060876 ,  0.93779129],
        ...,
        [-0.99992736, -0.60537037, -0.64559514, ...,  0.        ,
          0.41881591,  0.492022  ],
        [-0.90295708, -0.88307335, -0.9060876 , ..., -0.41881591,
          0.        ,  0.08217707],
        [-0.86458903, -0.91864693, -0.93779129, ..., -0.492022  ,
         -0.08217707,  0.        ]],

       [[ 0.        ,  0.18638578,  0.31295985, ...,  0.72117108,
          0.51646481,  0.        ],
        [-0.18638578,  0.        ,  0.1304528 , ...,  0.83765379,
          0.66701833,  0.18638578],
        [-0.31295985, -0.1304528 ,  0.        , ...,  0.90174916,
          0.75851106,  0.31295985],
        ...,
        [-0.72117108, -0.83765379, -0.90174916, ...,  0.        ,
          0.25976024,  0.72117108],
        [-0.51646481, -0.66701833, -0.75851106, ..., -0.25976024,
          0.        ,  0.51646481],
        [-0.        , -0.18638578, -0.31295985, ..., -0.72117108,
         -0.51646481,  0.        ]],

       ...,

       [[ 0.        ,  0.4557112 ,  0.55639906, ...,  0.85039516,
          0.9299017 ,  0.90579724],
        [-0.4557112 ,  0.        ,  0.11660884, ...,  0.51719033,
          0.66011697,  0.61318516],
        [-0.55639906, -0.11660884,  0.        , ...,  0.41385995,
          0.56802137,  0.51688807],
        ...,
        [-0.85039516, -0.51719033, -0.41385995, ...,  0.        ,
          0.17648044,  0.11625812],
        [-0.9299017 , -0.66011697, -0.56802137, ..., -0.17648044,
          0.        , -0.06085038],
        [-0.90579724, -0.61318516, -0.51688807, ..., -0.11625812,
          0.06085038,  0.        ]],

       [[ 0.        ,  0.14605724,  0.17133416, ...,  0.75853577,
          0.52806969,  0.        ],
        [-0.14605724,  0.        ,  0.02559931, ...,  0.84557683,
          0.64643871,  0.14605724],
        [-0.17133416, -0.02559931,  0.        , ...,  0.858966  ,
          0.66575826,  0.17133416],
        ...,
        [-0.75853577, -0.84557683, -0.858966  , ...,  0.        ,
          0.30004257,  0.75853577],
        [-0.52806969, -0.64643871, -0.66575826, ..., -0.30004257,
          0.        ,  0.52806969],
        [-0.        , -0.14605724, -0.17133416, ..., -0.75853577,
         -0.52806969,  0.        ]],

       [[ 0.        ,  0.23224406,  0.41476176, ...,  0.52698019,
          0.71848488,  0.78853648],
        [-0.23224406,  0.        ,  0.1920953 , ...,  0.70995028,
          0.86037537,  0.90980326],
        [-0.41476176, -0.1920953 ,  0.        , ...,  0.83201183,
          0.94225544,  0.97258653],
        ...,
        [-0.52698019, -0.70995028, -0.83201183, ...,  0.        ,
         -0.24408701, -0.34607298],
        [-0.71848488, -0.86037537, -0.94225544, ...,  0.24408701,
          0.        , -0.10660113],
        [-0.78853648, -0.90980326, -0.97258653, ...,  0.34607298,
          0.10660113,  0.        ]]]), 'num': array([ 9.95947775e-01,  8.79551552e-02,  2.57952449e-06,  3.98242377e-03,
        4.08424710e-03,  3.90322784e-03,  1.57457795e-02, -3.95979636e-05,
        3.85005343e-03,  3.29568194e-03,  2.79373061e-03,  9.36669438e-07,
        4.00333943e-03,  2.58802446e-03])}
{'img': array([[[ 0.        ,  0.36353908,  0.43588989, ...,  0.        ,
          0.        ,  0.26893655],
        [-0.36353908,  0.        ,  0.07888067, ...,  0.36353908,
          0.36353908,  0.60068117],
        [-0.43588989, -0.07888067,  0.        , ...,  0.43588989,
          0.43588989,  0.66187369],
        ...,
        [-0.        , -0.36353908, -0.43588989, ...,  0.        ,
          0.        , -0.26893655],
        [-0.        , -0.36353908, -0.43588989, ...,  0.        ,
          0.        , -0.26893655],
        [-0.26893655, -0.60068117, -0.66187369, ...,  0.26893655,
          0.26893655,  0.        ]],

       [[ 0.        , -0.06033032, -0.16061697, ...,  0.91747304,
          0.94804093,  0.33735472],
        [ 0.06033032,  0.        , -0.10077736, ...,  0.93980111,
          0.96550803,  0.39353383],
        [ 0.16061697,  0.10077736,  0.        , ...,  0.96945442,
          0.98683237,  0.484176  ],
        ...,
        [-0.91747304, -0.93980111, -0.96945442, ...,  0.        ,
          0.08523619, -0.72948954],
        [-0.94804093, -0.96550803, -0.98683237, ..., -0.08523619,
          0.        , -0.78513563],
        [-0.33735472, -0.39353383, -0.484176  , ...,  0.72948954,
          0.78513563,  0.        ]],

       [[ 0.        ,  0.2474961 ,  0.347236  , ...,  0.66269558,
          0.46453348,  0.        ],
        [-0.2474961 ,  0.        ,  0.10433676, ...,  0.82742547,
          0.66925288,  0.2474961 ],
        [-0.347236  , -0.10433676,  0.        , ...,  0.88150237,
          0.74312595,  0.347236  ],
        ...,
        [-0.66269558, -0.82742547, -0.88150237, ...,  0.        ,
          0.23896979,  0.66269558],
        [-0.46453348, -0.66925288, -0.74312595, ..., -0.23896979,
          0.        ,  0.46453348],
        [-0.        , -0.2474961 , -0.347236  , ..., -0.66269558,
         -0.46453348,  0.        ]],

       ...,

       [[ 0.        ,  0.11660884,  0.17175975, ...,  0.66011697,
          0.61318516,  0.46516605],
        [-0.11660884,  0.        ,  0.05571209, ...,  0.56802137,
          0.51688807,  0.35876777],
        [-0.17175975, -0.05571209,  0.        , ...,  0.52128734,
          0.46839277,  0.3062074 ],
        ...,
        [-0.66011697, -0.56802137, -0.52128734, ...,  0.        ,
         -0.06085038, -0.23493557],
        [-0.61318516, -0.51688807, -0.46839277, ...,  0.06085038,
          0.        , -0.17535298],
        [-0.46516605, -0.35876777, -0.3062074 , ...,  0.23493557,
          0.17535298,  0.        ]],

       [[ 0.        ,  0.08798475,  0.27722117, ...,  0.65598399,
          0.43854715,  0.        ],
        [-0.08798475,  0.        ,  0.19160978, ...,  0.71984863,
          0.515919  ,  0.08798475],
        [-0.27722117, -0.19160978,  0.        , ...,  0.83951299,
          0.67049973,  0.27722117],
        ...,
        [-0.65598399, -0.71984863, -0.83951299, ...,  0.        ,
          0.25853383,  0.65598399],
        [-0.43854715, -0.515919  , -0.67049973, ..., -0.25853383,
          0.        ,  0.43854715],
        [-0.        , -0.08798475, -0.27722117, ..., -0.65598399,
         -0.43854715,  0.        ]],

       [[ 0.        ,  0.35092638,  0.31256369, ...,  0.72254625,
          0.79266962,  0.7848491 ],
        [-0.35092638,  0.        , -0.04065825, ...,  0.91919785,
          0.95620102,  0.95239958],
        [-0.31256369,  0.04065825,  0.        , ...,  0.90242671,
          0.94350924,  0.93921729],
        ...,
        [-0.72254625, -0.91919785, -0.90242671, ...,  0.        ,
         -0.10748905, -0.09483144],
        [-0.79266962, -0.95620102, -0.94350924, ...,  0.10748905,
          0.        ,  0.01272261],
        [-0.7848491 , -0.95239958, -0.93921729, ...,  0.09483144,
         -0.01272261,  0.        ]]]), 'num': array([ 9.90286816e-01,  1.37951963e-01,  2.48494126e-06,  3.94599469e-03,
        3.98625994e-03,  3.91148162e-03,  1.39492523e-02, -1.03539219e-04,
        3.98971125e-03,  3.39723683e-03,  2.87484312e-03,  8.76522492e-07,
        4.14482005e-03,  2.64965360e-03])}
{'img': array([[[ 0.        ,  0.25362564,  0.27356731, ...,  0.        ,
          0.27356731,  0.50390305],
        [-0.25362564,  0.        ,  0.02067178, ...,  0.25362564,
          0.50857288,  0.7064984 ],
        [-0.27356731, -0.02067178,  0.        , ...,  0.27356731,
          0.526263  ,  0.72097715],
        ...,
        [-0.        , -0.25362564, -0.27356731, ...,  0.        ,
         -0.27356731, -0.50390305],
        [-0.27356731, -0.50857288, -0.526263  , ...,  0.27356731,
          0.        , -0.24838403],
        [-0.50390305, -0.7064984 , -0.72097715, ...,  0.50390305,
          0.24838403,  0.        ]],

       [[ 0.        , -0.10077736,  0.2679751 , ...,  0.96550803,
          0.39353383,  0.25150793],
