state_0,state_1,state_2,state_3,state_4,state_5,state_6,state_7,state_8,state_9,state_10,state_11,state_12,state_13,state_14,state_15,state_16,state_17,state_18,state_19,state_20,state_21,state_22,state_23,state_24,state_25,state_26,state_27,state_28,state_29,state_30,state_31,state_32,state_33,state_34,state_35,state_36,state_37,state_38,state_39,state_40,state_41,state_42,state_43,state_44,state_45,state_46,state_47,state_48,state_49,state_50,state_51,state_52,state_53,state_54,state_55,state_56,state_57,state_58,state_59,state_60,state_61,state_62,state_63,state_64,state_65,state_66,state_67,state_68,state_69,state_70,state_71,state_72,state_73,state_74,state_75,state_76,state_77,state_78,state_79,state_80,state_81,state_82,state_83,state_84,state_85,state_86,state_87,state_88,state_89,state_90,state_91,state_92,state_93,state_94,state_95,state_96,state_97,state_98,state_99,state_100,state_101,state_102,state_103,state_104,state_105,state_106,state_107,state_108,state_109,state_110,state_111,state_112,state_113,state_114,state_115,state_116,state_117,state_118,state_119,state_120,state_121,state_122,state_123,state_124,state_125,state_126,state_127,state_128,state_129,state_130,state_131,state_132,state_133,state_134,state_135,state_136,state_137,state_138,state_139,state_140,state_141,state_142,state_143,state_144,state_145,state_146,state_147,state_148,state_149,state_150,state_151,state_152,state_153,state_154,state_155,state_156,state_157,state_158,state_159,state_160,state_161,state_162,state_163,state_164,state_165,state_166,state_167,state_168,state_169,state_170,state_171,state_172,state_173,state_174,state_175,state_176,state_177,state_178,state_179,state_180,state_181,state_182,state_183,state_184,state_185,state_186,state_187,state_188,state_189,state_190,state_191,state_192,state_193,state_194,state_195,state_196,state_197,state_198,state_199,state_200,state_201,state_202,state_203,state_204,state_205,state_206,state_207,state_208,state_209,state_210,state_211,state_212,state_213,state_214,state_215,state_216,state_217,state_218,state_219,state_220,state_221,state_222,state_223,state_224,state_225,state_226,state_227,state_228,state_229,state_230,state_231,state_232,state_233,state_234,state_235,state_236,state_237,state_238,state_239,state_240,state_241,state_242,state_243,state_244,state_245,state_246,state_247,state_248,state_249,state_250,state_251,state_252,state_253,state_254,state_255,state_256,state_257,state_258,state_259,state_260,state_261,state_262,state_263,state_264,state_265,state_266,state_267,state_268,state_269,state_270,state_271,state_272,state_273,state_274,state_275,state_276,state_277,state_278,state_279,state_280,state_281,state_282,state_283,state_284,state_285,state_286,state_287
{'img': array([[[ 0.        , -0.74535599, -0.88348022, ..., -0.8736881 ,
         -0.81704311, -0.59759005],
        [ 0.74535599,  0.        , -0.23981103, ..., -0.94506435,
         -0.97445022, -0.99602115],
        [ 0.88348022,  0.23981103,  0.        , ..., -0.83909651,
         -0.89215294, -0.98832813],
        ...,
        [ 0.8736881 ,  0.94506435,  0.83909651, ...,  0.        ,
         -0.10626766, -0.40980521],
        [ 0.81704311,  0.97445022,  0.89215294, ...,  0.10626766,
          0.        , -0.31055021],
        [ 0.59759005,  0.99602115,  0.98832813, ...,  0.40980521,
          0.31055021,  0.        ]],

       [[ 0.        ,  0.06273221, -0.05408409, ...,  0.22572986,
         -0.18771171, -0.21049617],
        [-0.06273221,  0.        , -0.11661797, ...,  0.16417217,
         -0.24895909, -0.27140826],
        [ 0.05408409,  0.11661797,  0.        , ...,  0.27808766,
         -0.13431427, -0.15731576],
        ...,
        [-0.22572986, -0.16417217, -0.27808766, ...,  0.        ,
         -0.40458418, -0.42573556],
        [ 0.18771171,  0.24895909,  0.13431427, ...,  0.40458418,
          0.        , -0.02324846],
        [ 0.21049617,  0.27140826,  0.15731576, ...,  0.42573556,
          0.02324846,  0.        ]],

       [[ 0.        , -0.7913364 , -0.91992736, ..., -0.51754532,
         -0.5649554 , -0.58083959],
        [ 0.7913364 ,  0.        , -0.25215194, ..., -0.99352894,
         -0.99835162, -0.99927638],
        [ 0.91992736,  0.25215194,  0.        , ..., -0.99006492,
         -0.98056449, -0.97657818],
        ...,
        [ 0.51754532,  0.99352894,  0.99006492, ...,  0.        ,
          0.05636962,  0.07570753],
        [ 0.5649554 ,  0.99835162,  0.98056449, ..., -0.05636962,
          0.        ,  0.01937931],
        [ 0.58083959,  0.99927638,  0.97657818, ..., -0.07570753,
         -0.01937931,  0.        ]],

       ...,

       [[ 0.        , -0.06294399, -0.09327591, ...,  0.27083593,
          0.39791318,  0.23717795],
        [ 0.06294399,  0.        , -0.03042137, ...,  0.33089037,
          0.45487042,  0.29785561],
        [ 0.09327591,  0.03042137,  0.        , ...,  0.35944493,
          0.48175187,  0.32675832],
        ...,
        [-0.27083593, -0.33089037, -0.35944493, ...,  0.        ,
          0.13457026, -0.0347944 ],
        [-0.39791318, -0.45487042, -0.48175187, ..., -0.13457026,
          0.        , -0.16896669],
        [-0.23717795, -0.29785561, -0.32675832, ...,  0.0347944 ,
          0.16896669,  0.        ]],

       [[ 0.        ,  0.14035974,  0.2102643 , ..., -0.6468345 ,
         -0.55421809, -0.33068587],
        [-0.14035974,  0.        ,  0.07096086, ..., -0.53338861,
         -0.4319002 , -0.19494904],
        [-0.2102643 , -0.07096086,  0.        , ..., -0.4720203 ,
         -0.3668103 , -0.12485823],
        ...,
        [ 0.6468345 ,  0.53338861,  0.4720203 , ...,  0.        ,
         -0.11574304, -0.35825307],
        [ 0.55421809,  0.4319002 ,  0.3668103 , ...,  0.11574304,
          0.        , -0.24778478],
        [ 0.33068587,  0.19494904,  0.12485823, ...,  0.35825307,
          0.24778478,  0.        ]],

       [[ 0.        , -0.53706811, -0.74720396, ..., -0.2307503 ,
         -0.27613087, -0.24507394],
        [ 0.53706811,  0.        , -0.27336293, ..., -0.7172211 ,
         -0.74911405, -0.72741928],
        [ 0.74720396,  0.27336293,  0.        , ..., -0.88039462,
         -0.90166784, -0.88729238],
        ...,
        [ 0.2307503 ,  0.7172211 ,  0.88039462, ...,  0.        ,
          0.04690019,  0.0147467 ],
        [ 0.27613087,  0.74911405,  0.90166784, ..., -0.04690019,
          0.        , -0.03216462],
        [ 0.24507394,  0.72741928,  0.88729238, ..., -0.0147467 ,
          0.03216462,  0.        ]]]), 'num': array([7.28463141e-01, 6.85066898e-01, 1.79323318e-05, 8.52578446e-05,
       8.63147600e-05, 8.22632509e-05, 4.97342124e-03, 1.76152571e-07,
       8.95559673e-05, 8.75654433e-05, 1.00909001e-04, 1.83934412e-06,
       9.64676163e-05, 7.86632702e-05])}
{'img': array([[[ 0.        , -0.37860995, -0.28082338, ..., -0.99424118,
         -0.90058271, -0.90746374],
        [ 0.37860995,  0.        ,  0.10345663, ..., -0.96080018,
         -0.99811597, -0.99897435],
        [ 0.28082338, -0.10345663,  0.        , ..., -0.98432699,
         -0.98641241, -0.98892935],
        ...,
        [ 0.99424118,  0.96080018,  0.98432699, ...,  0.        ,
         -0.33566992, -0.32046205],
        [ 0.90058271,  0.99811597,  0.98641241, ...,  0.33566992,
          0.        ,  0.0160984 ],
        [ 0.90746374,  0.99897435,  0.98892935, ...,  0.32046205,
         -0.0160984 ,  0.        ]],

       [[ 0.        , -0.11661797, -0.21693943, ..., -0.24895909,
         -0.27140826, -0.35441327],
        [ 0.11661797,  0.        , -0.10161851, ..., -0.13431427,
         -0.15731576, -0.24294689],
        [ 0.21693943,  0.10161851,  0.        , ..., -0.03292127,
         -0.05614822, -0.14311529],
        ...,
        [ 0.24895909,  0.13431427,  0.03292127, ...,  0.        ,
         -0.02324846, -0.11045534],
        [ 0.27140826,  0.15731576,  0.05614822, ...,  0.02324846,
          0.        , -0.08731928],
        [ 0.35441327,  0.24294689,  0.14311529, ...,  0.11045534,
          0.08731928,  0.        ]],

       [[ 0.        , -0.68576732, -0.82916707, ..., -0.62209   ,
         -0.63905082, -0.67084005],
        [ 0.68576732,  0.        , -0.22014056, ..., -0.98968867,
         -0.9925824 , -0.99681784],
        [ 0.82916707,  0.22014056,  0.        , ..., -0.99694167,
         -0.99499585, -0.98991218],
        ...,
        [ 0.62209   ,  0.98968867,  0.99694167, ...,  0.        ,
          0.02185256,  0.06388812],
        [ 0.63905082,  0.9925824 ,  0.99499585, ..., -0.02185256,
          0.        ,  0.04206495],
        [ 0.67084005,  0.99681784,  0.98991218, ..., -0.06388812,
         -0.04206495,  0.        ]],

       ...,

       [[ 0.        , -0.03042137, -0.00315861, ...,  0.45487042,
          0.29785561,  0.44636248],
        [ 0.03042137,  0.        ,  0.02726407, ...,  0.48175187,
          0.32675832,  0.47337852],
        [ 0.00315861, -0.02726407,  0.        , ...,  0.45768108,
          0.30086937,  0.44918675],
        ...,
        [-0.45487042, -0.48175187, -0.45768108, ...,  0.        ,
         -0.16896669, -0.0095303 ],
        [-0.29785561, -0.32675832, -0.30086937, ...,  0.16896669,
          0.        ,  0.15956575],
        [-0.44636248, -0.47337852, -0.44918675, ...,  0.0095303 ,
         -0.15956575,  0.        ]],

       [[ 0.        ,  0.07001264,  0.19238108, ..., -0.56826643,
         -0.49698865, -0.19238108],
        [-0.07001264,  0.        ,  0.12320416, ..., -0.50926244,
         -0.43501513, -0.12320416],
        [-0.19238108, -0.12320416,  0.        , ..., -0.39935165,
         -0.32076502, -0.        ],
        ...,
        [ 0.56826643,  0.50926244,  0.39935165, ...,  0.        ,
         -0.08417276, -0.39935165],
        [ 0.49698865,  0.43501513,  0.32076502, ...,  0.08417276,
          0.        , -0.32076502],
        [ 0.19238108,  0.12320416,  0.        , ...,  0.39935165,
          0.32076502,  0.        ]],

       [[ 0.        , -0.59209397, -0.75916317, ..., -0.28736782,
         -0.25509411, -0.30687479],
        [ 0.59209397,  0.        , -0.22639183, ..., -0.79870042,
         -0.77807769, -0.81082623],
        [ 0.75916317,  0.22639183,  0.        , ..., -0.91418972,
         -0.90008804, -0.92227838],
        ...,
        [ 0.28736782,  0.79870042,  0.91418972, ...,  0.        ,
         -0.03352629,  0.02042861],
        [ 0.25509411,  0.77807769,  0.90008804, ...,  0.03352629,
          0.        ,  0.05393642],
        [ 0.30687479,  0.81082623,  0.92227838, ..., -0.02042861,
         -0.05393642,  0.        ]]]), 'num': array([ 9.41636001e-01,  3.36630902e-01,  2.58549188e-04,  2.74304089e-05,
        2.81337527e-05,  2.74304089e-05,  1.09760320e-03, -9.37791758e-07,
        2.88488189e-05,  2.88869167e-05,  3.34019933e-05,  6.02336603e-07,
        3.15251788e-05,  2.62486546e-05])}
{'img': array([[[ 0.        ,  0.10345663,  0.73282945, ..., -0.99811597,
         -0.99897435, -0.93373239],
        [-0.10345663,  0.        ,  0.65850389, ..., -0.98641241,
         -0.98892935, -0.89168739],
        [-0.73282945, -0.65850389,  0.        , ..., -0.63416728,
         -0.64653232, -0.37299077],
        ...,
        [ 0.99811597,  0.98641241,  0.63416728, ...,  0.        ,
          0.0160984 , -0.3000077 ],
        [ 0.99897435,  0.98892935,  0.64653232, ..., -0.0160984 ,
          0.        , -0.31532568],
        [ 0.93373239,  0.89168739,  0.37299077, ...,  0.3000077 ,
          0.31532568,  0.        ]],

       [[ 0.        , -0.10161851,  0.17747853, ..., -0.15731576,
         -0.24294689, -0.32069621],
        [ 0.10161851,  0.        ,  0.27656508, ..., -0.05614822,
         -0.14311529, -0.22278488],
        [-0.17747853, -0.27656508,  0.        , ..., -0.33008696,
         -0.41125123, -0.48370954],
        ...,
        [ 0.15731576,  0.05614822,  0.33008696, ...,  0.        ,
         -0.08731928, -0.16769634],
        [ 0.24294689,  0.14311529,  0.41125123, ...,  0.08731928,
          0.        , -0.08097308],
        [ 0.32069621,  0.22278488,  0.48370954, ...,  0.16769634,
          0.08097308,  0.        ]],

       [[ 0.        , -0.59383582, -0.72482484, ..., -0.68044237,
         -0.7132622 , -0.50620572],
        [ 0.59383582,  0.        , -0.17407088, ..., -0.98263841,
         -0.99009888, -0.91941774],
        [ 0.72482484,  0.17407088,  0.        , ..., -0.99993214,
         -0.99941779, -0.97384012],
        ...,
        [ 0.68044237,  0.98263841,  0.99993214, ...,  0.        ,
          0.04575945, -0.21587383],
        [ 0.7132622 ,  0.99009888,  0.99941779, ..., -0.04575945,
          0.        , -0.2603282 ],
        [ 0.50620572,  0.91941774,  0.97384012, ...,  0.21587383,
          0.2603282 ,  0.        ]],

       ...,

       [[ 0.        ,  0.02726407,  0.12583616, ...,  0.32675832,
          0.47337852,  0.44343796],
        [-0.02726407,  0.        ,  0.09874203, ...,  0.30086937,
          0.44918675,  0.4188362 ],
        [-0.12583616, -0.09874203,  0.        , ...,  0.20523218,
          0.35877172,  0.32712551],
        ...,
        [-0.32675832, -0.30086937, -0.20523218, ...,  0.        ,
          0.15956575,  0.1262216 ],
        [-0.47337852, -0.44918675, -0.35877172, ..., -0.15956575,
          0.        , -0.03368519],
        [-0.44343796, -0.4188362 , -0.32712551, ..., -0.1262216 ,
          0.03368519,  0.        ]],

       [[ 0.        ,  0.12134395, -0.0906942 , ..., -0.56314396,
         -0.45313907, -0.12134395],
        [-0.12134395,  0.        , -0.21086788, ..., -0.45870898,
         -0.34161978, -0.        ],
        [ 0.0906942 ,  0.21086788,  0.        , ..., -0.63576908,
         -0.53212002, -0.21086788],
        ...,
        [ 0.56314396,  0.45870898,  0.63576908, ...,  0.        ,
         -0.1275535 , -0.45870898],
        [ 0.45313907,  0.34161978,  0.53212002, ...,  0.1275535 ,
          0.        , -0.34161978],
        [ 0.12134395,  0.        ,  0.21086788, ...,  0.45870898,
          0.34161978,  0.        ]],

       [[ 0.        , -0.56017795, -0.68467906, ..., -0.26821269,
         -0.32251895, -0.36105899],
        [ 0.56017795,  0.        , -0.15888644, ..., -0.76183284,
         -0.79740949, -0.82148128],
        [ 0.68467906,  0.15888644,  0.        , ..., -0.85507762,
         -0.8831581 , -0.90164858],
        ...,
        [ 0.26821269,  0.76183284,  0.85507762, ...,  0.        ,
          0.05682156,  0.09770982],
        [ 0.32251895,  0.79740949,  0.8831581 , ..., -0.05682156,
          0.        ,  0.04100229],
        [ 0.36105899,  0.82148128,  0.90164858, ..., -0.09770982,
         -0.04100229,  0.        ]]]), 'num': array([9.83137353e-01, 1.82864903e-01, 3.38381581e-04, 2.86969713e-05,
       2.92430024e-05, 2.81509401e-05, 1.11807768e-03, 3.03350648e-07,
       2.93158066e-05, 2.97162295e-05, 3.44222092e-05, 5.53010915e-07,
       3.22389982e-05, 2.71934607e-05])}
{'img': array([[[ 0.        ,  0.65850389,  0.28082338, ..., -0.98892935,
         -0.89168739, -0.93962105],
        [-0.65850389,  0.        , -0.42066404, ..., -0.64653232,
         -0.37299077, -0.48178645],
        [-0.28082338,  0.42066404,  0.        , ..., -0.90746374,
         -0.72869022, -0.80570774],
        ...,
        [ 0.98892935,  0.64653232,  0.90746374, ...,  0.        ,
         -0.31532568, -0.19900051],
        [ 0.89168739,  0.37299077,  0.72869022, ...,  0.31532568,
          0.        ,  0.12017077],
        [ 0.93962105,  0.48178645,  0.80570774, ...,  0.19900051,
         -0.12017077,  0.        ]],

       [[ 0.        ,  0.27656508, -0.14019262, ..., -0.14311529,
         -0.22278488, -0.2257085 ],
        [-0.27656508,  0.        , -0.40855823, ..., -0.41125123,
         -0.48370954, -0.48633307],
        [ 0.14019262,  0.40855823,  0.        , ..., -0.00295243,
         -0.08391546, -0.08690452],
        ...,
        [ 0.14311529,  0.41125123,  0.00295243, ...,  0.        ,
         -0.08097308, -0.08396288],
        [ 0.22278488,  0.48370954,  0.08391546, ...,  0.08097308,
          0.        , -0.00300002],
        [ 0.2257085 ,  0.48633307,  0.08690452, ...,  0.08396288,
          0.00300002,  0.        ]],

       [[ 0.        , -0.48982068, -0.61303565, ..., -0.74370469,
         -0.53077334, -0.32134755],
        [ 0.48982068,  0.        , -0.1474733 , ..., -0.97582819,
         -0.87787031, -0.74399949],
        [ 0.61303565,  0.1474733 ,  0.        , ..., -0.99738721,
         -0.93889644, -0.83440337],
        ...,
        [ 0.74370469,  0.97582819,  0.99738721, ...,  0.        ,
         -0.27547362, -0.48943608],
        [ 0.53077334,  0.87787031,  0.93889644, ...,  0.27547362,
          0.        , -0.23027534],
        [ 0.32134755,  0.74399949,  0.83440337, ...,  0.48943608,
          0.23027534,  0.        ]],

       ...,

       [[ 0.        ,  0.09874203,  0.1210792 , ...,  0.44918675,
          0.4188362 ,  0.20942736],
        [-0.09874203,  0.        ,  0.02247192, ...,  0.35877172,
          0.32712551,  0.11185155],
        [-0.1210792 , -0.02247192,  0.        , ...,  0.33770527,
          0.30580737,  0.0894924 ],
        ...,
        [-0.44918675, -0.35877172, -0.33770527, ...,  0.        ,
         -0.03368519, -0.25211534],
        [-0.4188362 , -0.32712551, -0.30580737, ...,  0.03368519,
          0.        , -0.21937519],
        [-0.20942736, -0.11185155, -0.0894924 , ...,  0.25211534,
          0.21937519,  0.        ]],

       [[ 0.        , -0.20881924, -0.28976978, ..., -0.43193183,
         -0.27692479, -0.        ],
        [ 0.20881924,  0.        , -0.08352145, ..., -0.61074495,
         -0.47147243, -0.20881924],
        [ 0.28976978,  0.08352145,  0.        , ..., -0.67474557,
         -0.54348106, -0.28976978],
        ...,
        [ 0.43193183,  0.61074495,  0.67474557, ...,  0.        ,
         -0.16527947, -0.43193183],
        [ 0.27692479,  0.47147243,  0.54348106, ...,  0.16527947,
          0.        , -0.27692479],
        [ 0.        ,  0.20881924,  0.28976978, ...,  0.43193183,
          0.27692479,  0.        ]],

       [[ 0.        , -0.45374843, -0.62890266, ..., -0.33688187,
         -0.37700592, -0.38806829],
        [ 0.45374843,  0.        , -0.20765175, ..., -0.72743091,
         -0.75622794, -0.76400767],
        [ 0.62890266,  0.20765175,  0.        , ..., -0.85406164,
         -0.87561255, -0.88133285],
        ...,
        [ 0.33688187,  0.72743091,  0.85406164, ...,  0.        ,
          0.04294512,  0.05490386],
        [ 0.37700592,  0.75622794,  0.87561255, ..., -0.04294512,
          0.        ,  0.01197286],
        [ 0.38806829,  0.76400767,  0.88133285, ..., -0.05490386,
         -0.01197286,  0.        ]]]), 'num': array([9.43494784e-01, 3.31382645e-01, 2.49332851e-04, 2.79159096e-05,
       2.84844617e-05, 2.69493710e-05, 1.75143621e-03, 1.02339384e-06,
       2.72791312e-05, 2.77567150e-05, 3.21250906e-05, 5.80546901e-07,
       2.99577095e-05, 2.55557205e-05])}
{'img': array([[[ 0.        , -0.42066404, -0.20201977, ..., -0.37299077,
         -0.48178645, -0.72312074],
        [ 0.42066404,  0.        ,  0.22871488, ..., -0.72869022,
         -0.80570774, -0.94658882],
        [ 0.20201977, -0.22871488,  0.        , ..., -0.55274127,
         -0.64888035, -0.84775046],
        ...,
        [ 0.37299077,  0.72869022,  0.55274127, ...,  0.        ,
          0.12017077,  0.41330397],
        [ 0.48178645,  0.80570774,  0.64888035, ..., -0.12017077,
          0.        ,  0.30088217],
        [ 0.72312074,  0.94658882,  0.84775046, ..., -0.41330397,
         -0.30088217,  0.        ]],

       [[ 0.        , -0.40855823, -0.41961061, ..., -0.48370954,
         -0.48633307, -0.39424813],
        [ 0.40855823,  0.        , -0.01214211, ..., -0.08391546,
         -0.08690452,  0.01562367],
        [ 0.41961061,  0.01214211,  0.        , ..., -0.07180999,
         -0.07480194,  0.02776314],
        ...,
        [ 0.48370954,  0.08391546,  0.07180999, ...,  0.        ,
         -0.00300002,  0.09947378],
        [ 0.48633307,  0.08690452,  0.07480194, ...,  0.00300002,
          0.        ,  0.10245847],
        [ 0.39424813, -0.01562367, -0.02776314, ..., -0.09947378,
         -0.10245847,  0.        ]],

       [[ 0.        , -0.4087803 , -0.36967343, ..., -0.54709271,
         -0.33185787, -0.18106531],
        [ 0.4087803 ,  0.        ,  0.04244691, ..., -0.84147332,
         -0.68847886, -0.56726974],
        [ 0.36967343, -0.04244691,  0.        , ..., -0.81778091,
         -0.65707346, -0.53180209],
        ...,
        [ 0.54709271,  0.84147332,  0.81778091, ...,  0.        ,
         -0.2382997 , -0.38648515],
        [ 0.33185787,  0.68847886,  0.65707346, ...,  0.2382997 ,
          0.        , -0.15556839],
        [ 0.18106531,  0.56726974,  0.53180209, ...,  0.38648515,
          0.15556839,  0.        ]],

       ...,

       [[ 0.        ,  0.02247192,  0.05871462, ...,  0.32712551,
          0.11185155,  0.31461121],
        [-0.02247192,  0.        ,  0.03626664, ...,  0.30580737,
          0.0894924 ,  0.29320095],
        [-0.05871462, -0.03626664,  0.        , ...,  0.27107696,
          0.05331241,  0.25833532],
        ...,
        [-0.32712551, -0.30580737, -0.27107696, ...,  0.        ,
         -0.21937519, -0.0132127 ],
        [-0.11185155, -0.0894924 , -0.05331241, ...,  0.21937519,
          0.        ,  0.2064652 ],
        [-0.31461121, -0.29320095, -0.25833532, ...,  0.0132127 ,
         -0.2064652 ,  0.        ]],

       [[ 0.        , -0.20292942, -0.31920449, ..., -0.35705803,
         -0.23040628, -0.        ],
        [ 0.20292942,  0.        , -0.12024958, ..., -0.53918161,
         -0.4230818 , -0.20292942],
        [ 0.31920449,  0.12024958,  0.        , ..., -0.63654208,
         -0.52896892, -0.31920449],
        ...,
        [ 0.35705803,  0.53918161,  0.63654208, ...,  0.        ,
         -0.1322328 , -0.35705803],
        [ 0.23040628,  0.4230818 ,  0.52896892, ...,  0.1322328 ,
          0.        , -0.23040628],
        [ 0.        ,  0.20292942,  0.31920449, ...,  0.35705803,
          0.23040628,  0.        ]],

       [[ 0.        , -0.47532226, -0.61325773, ..., -0.38727823,
         -0.39861355, -0.43389631],
        [ 0.47532226,  0.        , -0.16410246, ..., -0.77896143,
         -0.78663197, -0.80999476],
        [ 0.61325773,  0.16410246,  0.        , ..., -0.87130531,
         -0.87728833, -0.89524968],
        ...,
        [ 0.38727823,  0.77896143,  0.87130531, ...,  0.        ,
          0.01232669,  0.05111302],
        [ 0.39861355,  0.78663197,  0.87728833, ..., -0.01232669,
          0.        ,  0.03879856],
        [ 0.43389631,  0.80999476,  0.89524968, ..., -0.05111302,
         -0.03879856,  0.        ]]]), 'num': array([9.77241591e-01, 2.12127240e-01, 3.06045741e-04, 2.90299875e-05,
       2.94944673e-05, 2.83913278e-05, 8.97560767e-04, 5.22539776e-07,
       2.80545800e-05, 2.83564918e-05, 3.26558330e-05, 5.90440425e-07,
       3.06157337e-05, 2.60972500e-05])}
{'img': array([[[ 0.00000000e+00,  3.74855296e-01, -4.77676125e-01, ...,
         -7.76820673e-01, -9.30946449e-01, -9.68547542e-01],
        [-3.74855296e-01,  0.00000000e+00, -7.72169450e-01, ...,
         -4.84122918e-01, -7.26184377e-01, -8.04649574e-01],
        [ 4.77676125e-01,  7.72169450e-01,  0.00000000e+00, ...,
         -9.83268040e-01, -9.92296153e-01, -9.69763361e-01],
        ...,
        [ 7.76820673e-01,  4.84122918e-01,  9.83268040e-01, ...,
          0.00000000e+00,  3.02576824e-01,  4.16620395e-01],
        [ 9.30946449e-01,  7.26184377e-01,  9.92296153e-01, ...,
         -3.02576824e-01,  0.00000000e+00,  1.22024608e-01],
        [ 9.68547542e-01,  8.04649574e-01,  9.69763361e-01, ...,
         -4.16620395e-01, -1.22024608e-01,  0.00000000e+00]],

       [[ 0.00000000e+00, -1.21421075e-02,  2.19052609e-01, ...,
         -8.69045192e-02,  1.56236705e-02, -1.19148387e-01],
        [ 1.21421075e-02,  0.00000000e+00,  2.30883674e-01, ...,
         -7.48019432e-02,  2.77631442e-02, -1.07083991e-01],
        [-2.19052609e-01, -2.30883674e-01,  0.00000000e+00, ...,
         -3.03017729e-01, -2.03781653e-01, -3.33746815e-01],
        ...,
        [ 8.69045192e-02,  7.48019432e-02,  3.03017729e-01, ...,
          0.00000000e+00,  1.02458472e-01, -3.24121550e-02],
        [-1.56236705e-02, -2.77631442e-02,  2.03781653e-01, ...,
         -1.02458472e-01,  0.00000000e+00, -1.34646219e-01],
        [ 1.19148387e-01,  1.07083991e-01,  3.33746815e-01, ...,
          3.24121550e-02,  1.34646219e-01,  0.00000000e+00]],

       [[ 0.00000000e+00,  1.84331462e-01,  1.37871116e-02, ...,
         -5.05429518e-01, -3.62345567e-01, -5.05429518e-01],
        [-1.84331462e-01,  0.00000000e+00, -1.70763085e-01, ...,
         -3.37714847e-01, -1.84331462e-01, -3.37714847e-01],
        [-1.37871116e-02,  1.70763085e-01,  0.00000000e+00, ...,
         -4.93485023e-01, -3.49460935e-01, -4.93485023e-01],
        ...,
        [ 5.05429518e-01,  3.37714847e-01,  4.93485023e-01, ...,
          0.00000000e+00, -1.58426104e-01,  0.00000000e+00],
        [ 3.62345567e-01,  1.84331462e-01,  3.49460935e-01, ...,
          1.58426104e-01,  0.00000000e+00,  1.58426104e-01],
        [ 5.05429518e-01,  3.37714847e-01,  4.93485023e-01, ...,
          0.00000000e+00, -1.58426104e-01,  0.00000000e+00]],

       ...,

       [[ 0.00000000e+00,  3.62666411e-02, -9.49374879e-02, ...,
          8.94923995e-02,  2.93200952e-01,  2.85268625e-01],
        [-3.62666411e-02,  0.00000000e+00, -1.30977866e-01, ...,
          5.33124055e-02,  2.58335317e-01,  2.50321286e-01],
        [ 9.49374879e-02,  1.30977866e-01,  0.00000000e+00, ...,
          1.83644735e-01,  3.82641697e-01,  3.74972742e-01],
        ...,
        [-8.94923995e-02, -5.33124055e-02, -1.83644735e-01, ...,
          0.00000000e+00,  2.06465201e-01,  1.98350211e-01],
        [-2.93200952e-01, -2.58335317e-01, -3.82641697e-01, ...,
         -2.06465201e-01,  0.00000000e+00, -8.28644211e-03],
        [-2.85268625e-01, -2.50321286e-01, -3.74972742e-01, ...,
         -1.98350211e-01,  8.28644211e-03,  0.00000000e+00]],

       [[ 0.00000000e+00, -2.50327316e-01, -3.05843840e-01, ...,
         -2.31597605e-01, -0.00000000e+00, -6.97124616e-02],
        [ 2.50327316e-01,  0.00000000e+00, -5.77741041e-02, ...,
         -4.67745166e-01, -2.50327316e-01, -3.17211207e-01],
        [ 3.05843840e-01,  5.77741041e-02,  0.00000000e+00, ...,
         -5.18028297e-01, -3.05843840e-01, -3.71471719e-01],
        ...,
        [ 2.31597605e-01,  4.67745166e-01,  5.18028297e-01, ...,
          0.00000000e+00, -2.31597605e-01, -1.63217061e-01],
        [ 0.00000000e+00,  2.50327316e-01,  3.05843840e-01, ...,
          2.31597605e-01,  0.00000000e+00,  6.97124616e-02],
        [ 6.97124616e-02,  3.17211207e-01,  3.71471719e-01, ...,
          1.63217061e-01, -6.97124616e-02,  0.00000000e+00]],

       [[ 0.00000000e+00, -1.80049180e-01, -4.00205462e-01, ...,
         -7.51835726e-01, -7.77026566e-01, -7.77027739e-01],
        [ 1.80049180e-01,  0.00000000e+00, -2.28663499e-01, ...,
         -8.58264444e-01, -8.77663256e-01, -8.77664149e-01],
        [ 4.00205462e-01,  2.28663499e-01,  0.00000000e+00, ...,
         -9.52877045e-01, -9.64003366e-01, -9.64003862e-01],
        ...,
        [ 7.51835726e-01,  8.58264444e-01,  9.52877045e-01, ...,
          0.00000000e+00,  3.90764472e-02,  3.90783092e-02],
        [ 7.77026566e-01,  8.77663256e-01,  9.64003366e-01, ...,
         -3.90764472e-02,  0.00000000e+00,  1.86340184e-06],
        [ 7.77027739e-01,  8.77664149e-01,  9.64003862e-01, ...,
         -3.90783092e-02, -1.86340184e-06,  0.00000000e+00]]]), 'num': array([8.12320447e-01, 5.83211033e-01, 9.07363977e-05, 2.43241750e-05,
       2.46131751e-05, 2.36980081e-05, 6.08354841e-04, 2.40833416e-07,
       2.34764414e-05, 2.35535080e-05, 2.69781592e-05, 5.35185368e-07,
       2.54581334e-05, 2.16488826e-05])}
{'img': array([[[ 0.00000000e+00, -7.72169450e-01, -7.26184377e-01, ...,
         -7.26184377e-01, -8.04649574e-01, -8.40593375e-01],
        [ 7.72169450e-01,  0.00000000e+00,  6.94368405e-02, ...,
         -9.92296153e-01, -9.69763361e-01, -9.52385493e-01],
        [ 7.26184377e-01, -6.94368405e-02,  0.00000000e+00, ...,
         -9.98503519e-01, -9.84368556e-01, -9.71257816e-01],
        ...,
        [ 7.26184377e-01,  9.92296153e-01,  9.98503519e-01, ...,
          0.00000000e+00,  1.22024608e-01,  1.84558074e-01],
        [ 8.04649574e-01,  9.69763361e-01,  9.84368556e-01, ...,
         -1.22024608e-01,  0.00000000e+00,  6.32504637e-02],
        [ 8.40593375e-01,  9.52385493e-01,  9.71257816e-01, ...,
         -1.84558074e-01, -6.32504637e-02,  0.00000000e+00]],

       [[ 0.00000000e+00,  2.30883674e-01, -1.31605008e-02, ...,
          2.77631442e-02, -1.07083991e-01, -1.43760999e-01],
        [-2.30883674e-01,  0.00000000e+00, -2.43668601e-01, ...,
         -2.03781653e-01, -3.33746815e-01, -3.68362127e-01],
        [ 1.31605008e-02,  2.43668601e-01,  0.00000000e+00, ...,
          4.09161677e-02, -9.39898894e-02, -1.30724753e-01],
        ...,
        [-2.77631442e-02,  2.03781653e-01, -4.09161677e-02, ...,
          0.00000000e+00, -1.34646219e-01, -1.71180336e-01],
        [ 1.07083991e-01,  3.33746815e-01,  9.39898894e-02, ...,
          1.34646219e-01,  0.00000000e+00, -3.69627207e-02],
        [ 1.43760999e-01,  3.68362127e-01,  1.30724753e-01, ...,
          1.71180336e-01,  3.69627207e-02,  0.00000000e+00]],

       [[ 0.00000000e+00, -1.70763085e-01, -2.59555197e-01, ...,
         -1.84331462e-01, -3.37714847e-01, -4.56270979e-01],
        [ 1.70763085e-01,  0.00000000e+00, -9.08321420e-02, ...,
         -3.49460935e-01, -4.93485023e-01, -6.01521298e-01],
        [ 2.59555197e-01,  9.08321420e-02,  0.00000000e+00, ...,
         -4.33121600e-01, -5.70446708e-01, -6.71596610e-01],
        ...,
        [ 1.84331462e-01,  3.49460935e-01,  4.33121600e-01, ...,
          0.00000000e+00,  1.58426104e-01,  2.84426711e-01],
        [ 3.37714847e-01,  4.93485023e-01,  5.70446708e-01, ...,
         -1.58426104e-01,  0.00000000e+00,  1.28951884e-01],
        [ 4.56270979e-01,  6.01521298e-01,  6.71596610e-01, ...,
         -2.84426711e-01, -1.28951884e-01,  0.00000000e+00]],

       ...,

       [[ 0.00000000e+00, -1.30977866e-01, -6.29291391e-02, ...,
          2.58335317e-01,  2.50321286e-01,  4.38512818e-01],
        [ 1.30977866e-01,  0.00000000e+00,  6.83312449e-02, ...,
          3.82641697e-01,  3.74972742e-01,  5.52448232e-01],
        [ 6.29291391e-02, -6.83312449e-02,  0.00000000e+00, ...,
          3.18616325e-01,  3.10750801e-01,  4.94199670e-01],
        ...,
        [-2.58335317e-01, -3.82641697e-01, -3.18616325e-01, ...,
          0.00000000e+00, -8.28644211e-03,  1.91455246e-01],
        [-2.50321286e-01, -3.74972742e-01, -3.10750801e-01, ...,
          8.28644211e-03,  0.00000000e+00,  1.99581826e-01],
        [-4.38512818e-01, -5.52448232e-01, -4.94199670e-01, ...,
         -1.91455246e-01, -1.99581826e-01,  0.00000000e+00]],

       [[ 0.00000000e+00, -1.80034435e-01, -2.71620964e-01, ...,
         -0.00000000e+00, -7.02733727e-02, -1.41603933e-01],
        [ 1.80034435e-01,  0.00000000e+00, -9.39168454e-02, ...,
         -1.80034435e-01, -2.48714476e-01, -3.17510468e-01],
        [ 2.71620964e-01,  9.39168454e-02,  0.00000000e+00, ...,
         -2.71620964e-01, -3.38580852e-01, -4.05164182e-01],
        ...,
        [ 0.00000000e+00,  1.80034435e-01,  2.71620964e-01, ...,
          0.00000000e+00,  7.02733727e-02,  1.41603933e-01],
        [ 7.02733727e-02,  2.48714476e-01,  3.38580852e-01, ...,
         -7.02733727e-02,  0.00000000e+00,  7.16886004e-02],
        [ 1.41603933e-01,  3.17510468e-01,  4.05164182e-01, ...,
         -1.41603933e-01, -7.16886004e-02,  0.00000000e+00]],

       [[ 0.00000000e+00, -2.28663499e-01, -3.78477145e-01, ...,
         -8.77663256e-01, -8.77664149e-01, -8.77236179e-01],
        [ 2.28663499e-01,  0.00000000e+00, -1.56796224e-01, ...,
         -9.64003366e-01, -9.64003862e-01, -9.63766247e-01],
        [ 3.78477145e-01,  1.56796224e-01,  0.00000000e+00, ...,
         -9.93770138e-01, -9.93770346e-01, -9.93670515e-01],
        ...,
        [ 8.77663256e-01,  9.64003366e-01,  9.93770138e-01, ...,
          0.00000000e+00,  1.86340184e-06, -8.90357347e-04],
        [ 8.77664149e-01,  9.64003862e-01,  9.93770346e-01, ...,
         -1.86340184e-06,  0.00000000e+00, -8.92220748e-04],
        [ 8.77236179e-01,  9.63766247e-01,  9.93670515e-01, ...,
          8.90357347e-04,  8.92220748e-04,  0.00000000e+00]]]), 'num': array([9.08247292e-01, 4.18432620e-01, 1.90960881e-04, 2.73960882e-05,
       2.79835287e-05, 2.69154551e-05, 9.78366111e-04, 4.27229445e-07,
       2.65095871e-05, 2.62212072e-05, 2.97867930e-05, 6.03693782e-07,
       2.83650840e-05, 2.40773304e-05])}
{'img': array([[[ 0.00000000e+00,  9.75753571e-02,  1.18803504e-01, ...,
         -9.96879857e-01, -9.89365642e-01, -9.69378594e-01],
        [-9.75753571e-02,  0.00000000e+00,  2.13522832e-02, ...,
         -9.99824883e-01, -9.98836837e-01, -9.88714538e-01],
        [-1.18803504e-01, -2.13522832e-02,  0.00000000e+00, ...,
         -9.99197356e-01, -9.99638680e-01, -9.91687948e-01],
        ...,
        [ 9.96879857e-01,  9.99824883e-01,  9.99197356e-01, ...,
          0.00000000e+00,  6.69014890e-02,  1.68288062e-01],
        [ 9.89365642e-01,  9.98836837e-01,  9.99638680e-01, ...,
         -6.69014890e-02,  0.00000000e+00,  1.01963696e-01],
        [ 9.69378594e-01,  9.88714538e-01,  9.91687948e-01, ...,
         -1.68288062e-01, -1.01963696e-01,  0.00000000e+00]],

       [[ 0.00000000e+00, -2.43668601e-01, -2.92530665e-01, ...,
         -3.33746815e-01, -3.68362127e-01, -3.04069526e-01],
        [ 2.43668601e-01,  0.00000000e+00, -5.07037717e-02, ...,
         -9.39898894e-02, -1.30724753e-01, -6.27735762e-02],
        [ 2.92530665e-01,  5.07037717e-02,  0.00000000e+00, ...,
         -4.33896798e-02, -8.02879394e-02, -1.20890594e-02],
        ...,
        [ 3.33746815e-01,  9.39898894e-02,  4.33896798e-02, ...,
          0.00000000e+00, -3.69627207e-02,  3.13088349e-02],
        [ 3.68362127e-01,  1.30724753e-01,  8.02879394e-02, ...,
          3.69627207e-02,  0.00000000e+00,  6.82320399e-02],
        [ 3.04069526e-01,  6.27735762e-02,  1.20890594e-02, ...,
         -3.13088349e-02, -6.82320399e-02,  0.00000000e+00]],

       [[ 0.00000000e+00, -1.97656867e-01, -4.27907694e-01, ...,
         -3.38923848e-01, -4.57856921e-01, -6.28200140e-01],
        [ 1.97656867e-01,  0.00000000e+00, -2.40818906e-01, ...,
         -5.18195621e-01, -6.24546058e-01, -7.69593828e-01],
        [ 4.27907694e-01,  2.40818906e-01,  0.00000000e+00, ...,
         -7.08908447e-01, -7.94242380e-01, -9.00715730e-01],
        ...,
        [ 3.38923848e-01,  5.18195621e-01,  7.08908447e-01, ...,
          0.00000000e+00,  1.29446037e-01,  3.27319061e-01],
        [ 4.57856921e-01,  6.24546058e-01,  7.94242380e-01, ...,
         -1.29446037e-01,  0.00000000e+00,  2.02249795e-01],
        [ 6.28200140e-01,  7.69593828e-01,  9.00715730e-01, ...,
         -3.27319061e-01, -2.02249795e-01,  0.00000000e+00]],

       ...,

       [[ 0.00000000e+00,  6.83312449e-02,  7.90689136e-02, ...,
          3.74972742e-01,  5.52448232e-01,  5.89918743e-01],
        [-6.83312449e-02,  0.00000000e+00,  1.07667947e-02, ...,
          3.10750801e-01,  4.94199670e-01,  5.33364994e-01],
        [-7.90689136e-02, -1.07667947e-02,  0.00000000e+00, ...,
          3.00499043e-01,  4.84810929e-01,  5.24226606e-01],
        ...,
        [-3.74972742e-01, -3.10750801e-01, -3.00499043e-01, ...,
          0.00000000e+00,  1.99581826e-01,  2.44099344e-01],
        [-5.52448232e-01, -4.94199670e-01, -4.84810929e-01, ...,
         -1.99581826e-01,  0.00000000e+00,  4.56438271e-02],
        [-5.89918743e-01, -5.33364994e-01, -5.24226606e-01, ...,
         -2.44099344e-01, -4.56438271e-02,  0.00000000e+00]],

       [[ 0.00000000e+00, -2.05919612e-01, -3.13195636e-01, ...,
         -7.05618453e-02, -1.42182978e-01, -2.28170051e-01],
        [ 2.05919612e-01,  0.00000000e+00, -1.10923998e-01, ...,
         -2.74455966e-01, -3.42963391e-01, -4.23767838e-01],
        [ 3.13195636e-01,  1.10923998e-01,  0.00000000e+00, ...,
         -3.79426749e-01, -4.45043249e-01, -5.21624444e-01],
        ...,
        [ 7.05618453e-02,  2.74455966e-01,  3.79426749e-01, ...,
          0.00000000e+00,  7.19836088e-02,  1.58900800e-01],
        [ 1.42182978e-01,  3.42963391e-01,  4.45043249e-01, ...,
         -7.19836088e-02,  0.00000000e+00,  8.74195572e-02],
        [ 2.28170051e-01,  4.23767838e-01,  5.21624444e-01, ...,
         -1.58900800e-01, -8.74195572e-02,  0.00000000e+00]],

       [[ 0.00000000e+00, -1.56796224e-01, -2.76981894e-01, ...,
         -9.64003862e-01, -9.63766247e-01, -9.73604458e-01],
        [ 1.56796224e-01,  0.00000000e+00, -1.22894305e-01, ...,
         -9.93770346e-01, -9.93670515e-01, -9.97349387e-01],
        [ 2.76981894e-01,  1.22894305e-01,  0.00000000e+00, ...,
         -9.99933571e-01, -9.99943457e-01, -9.98731188e-01],
        ...,
        [ 9.64003862e-01,  9.93770346e-01,  9.99933571e-01, ...,
          0.00000000e+00, -8.92220748e-04,  3.88439136e-02],
        [ 9.63766247e-01,  9.93670515e-01,  9.99943457e-01, ...,
          8.92220748e-04,  0.00000000e+00,  3.97354455e-02],
        [ 9.73604458e-01,  9.97349387e-01,  9.98731188e-01, ...,
         -3.88439136e-02, -3.97354455e-02,  0.00000000e+00]]]), 'num': array([ 9.56603006e-01,  2.91392654e-01,  2.59847794e-04,  2.88381823e-05,
        2.97957001e-05,  2.87818578e-05,  9.68027939e-04, -5.63245749e-08,
        2.83988507e-05,  2.77989939e-05,  3.13164636e-05,  6.27475527e-07,
        2.99759151e-05,  2.56220728e-05])}
{'img': array([[[ 0.        ,  0.02135228, -0.24615932, ..., -0.99883684,
         -0.98871454, -0.99050834],
        [-0.02135228,  0.        , -0.26679846, ..., -0.99963868,
         -0.99168795, -0.99321744],
        [ 0.24615932,  0.26679846,  0.        , ..., -0.95623271,
         -0.92141362, -0.92619453],
        ...,
        [ 0.99883684,  0.99963868,  0.95623271, ...,  0.        ,
          0.1019637 ,  0.08953248],
        [ 0.98871454,  0.99168795,  0.92141362, ..., -0.1019637 ,
          0.        , -0.01248835],
        [ 0.99050834,  0.99321744,  0.92619453, ..., -0.08953248,
          0.01248835,  0.        ]],

       [[ 0.        , -0.05070377,  0.11653027, ..., -0.13072475,
         -0.06277358, -0.07460588],
        [ 0.05070377,  0.        ,  0.16673872, ..., -0.08028794,
         -0.01208906, -0.02394745],
        [-0.11653027, -0.16673872,  0.        , ..., -0.24536443,
         -0.17864636, -0.19030311],
        ...,
        [ 0.13072475,  0.08028794,  0.24536443, ...,  0.        ,
          0.06823204,  0.05639477],
        [ 0.06277358,  0.01208906,  0.17864636, ..., -0.06823204,
          0.        , -0.01186011],
        [ 0.07460588,  0.02394745,  0.19030311, ..., -0.05639477,
          0.01186011,  0.        ]],

       [[ 0.        , -0.38530438, -0.55681712, ..., -0.45999733,
         -0.63092897, -0.73441114],
        [ 0.38530438,  0.        , -0.19377766, ..., -0.7666003 ,
         -0.88114944, -0.93921487],
        [ 0.55681712,  0.19377766,  0.        , ..., -0.87649916,
         -0.95607308, -0.98794216],
        ...,
        [ 0.45999733,  0.7666003 ,  0.87649916, ...,  0.        ,
          0.20333004,  0.33989613],
        [ 0.63092897,  0.88114944,  0.95607308, ..., -0.20333004,
          0.        ,  0.14157142],
        [ 0.73441114,  0.93921487,  0.98794216, ..., -0.33989613,
         -0.14157142,  0.        ]],

       ...,

       [[ 0.        ,  0.01076679, -0.95075894, ...,  0.49419967,
          0.53336499,  0.50008645],
        [-0.01076679,  0.        , -0.95404079, ...,  0.48481093,
          0.52422661,  0.49073368],
        [ 0.95075894,  0.95404079,  0.        , ...,  0.97970876,
          0.96953946,  0.9783264 ],
        ...,
