state_0,state_1,state_2,state_3,state_4,state_5,state_6,state_7,state_8,state_9,state_10,state_11,state_12,state_13,state_14,state_15,state_16,state_17,state_18,state_19,state_20,state_21,state_22,state_23,state_24,state_25,state_26,state_27,state_28,state_29,state_30,state_31,state_32,state_33,state_34,state_35,state_36,state_37,state_38,state_39,state_40,state_41,state_42,state_43,state_44,state_45,state_46,state_47,state_48,state_49,state_50,state_51,state_52,state_53,state_54,state_55,state_56,state_57,state_58,state_59,state_60,state_61,state_62,state_63,state_64,state_65,state_66,state_67,state_68,state_69,state_70,state_71,state_72,state_73,state_74,state_75,state_76,state_77,state_78,state_79,state_80,state_81,state_82,state_83,state_84,state_85,state_86,state_87,state_88,state_89,state_90,state_91,state_92,state_93,state_94,state_95,state_96,state_97,state_98,state_99,state_100,state_101,state_102,state_103,state_104,state_105,state_106,state_107,state_108,state_109,state_110,state_111,state_112,state_113,state_114,state_115,state_116,state_117,state_118,state_119,state_120,state_121,state_122,state_123,state_124,state_125,state_126,state_127,state_128,state_129,state_130,state_131,state_132,state_133,state_134,state_135,state_136,state_137,state_138,state_139,state_140,state_141,state_142,state_143,state_144,state_145,state_146,state_147,state_148,state_149,state_150,state_151,state_152,state_153,state_154,state_155,state_156,state_157,state_158,state_159,state_160,state_161,state_162,state_163,state_164,state_165,state_166,state_167,state_168,state_169,state_170,state_171,state_172,state_173,state_174,state_175,state_176,state_177,state_178,state_179,state_180,state_181,state_182,state_183,state_184,state_185,state_186,state_187,state_188,state_189,state_190,state_191,state_192,state_193,state_194,state_195,state_196,state_197,state_198,state_199,state_200,state_201,state_202,state_203,state_204,state_205,state_206,state_207,state_208,state_209,state_210,state_211,state_212,state_213,state_214,state_215,state_216,state_217,state_218,state_219,state_220,state_221,state_222,state_223,state_224,state_225,state_226,state_227,state_228,state_229,state_230,state_231,state_232,state_233,state_234,state_235,state_236,state_237,state_238,state_239,state_240,state_241,state_242,state_243,state_244,state_245,state_246,state_247,state_248,state_249,state_250,state_251,state_252,state_253,state_254,state_255,state_256,state_257,state_258,state_259,state_260,state_261,state_262,state_263,state_264,state_265,state_266,state_267,state_268,state_269,state_270,state_271,state_272,state_273,state_274,state_275,state_276,state_277,state_278,state_279,state_280,state_281,state_282,state_283,state_284,state_285,state_286,state_287
{'img': array([[[ 0.        ,  0.10365885, -0.02020216, ...,  0.92829035,
          0.87910175,  0.97209297],
        [-0.10365885,  0.        , -0.12373102, ...,  0.88474338,
          0.82495861,  0.94253828],
        [ 0.02020216,  0.12373102,  0.        , ...,  0.93561319,
          0.88855138,  0.97663393],
        ...,
        [-0.92829035, -0.88474338, -0.93561319, ...,  0.        ,
         -0.11555544,  0.14370567],
        [-0.87910175, -0.82495861, -0.88855138, ...,  0.11555544,
          0.        ,  0.25709901],
        [-0.97209297, -0.94253828, -0.97663393, ..., -0.14370567,
         -0.25709901,  0.        ]],

       [[ 0.        ,  0.28492421,  0.35342076, ...,  0.21127558,
         -0.17421815,  0.06389341],
        [-0.28492421,  0.        ,  0.07223501, ..., -0.07597426,
         -0.4475637 , -0.223097  ],
        [-0.35342076, -0.07223501,  0.        , ..., -0.14780202,
         -0.51099081, -0.29292861],
        ...,
        [-0.21127558,  0.07597426,  0.14780202, ...,  0.        ,
         -0.37833001, -0.14839278],
        [ 0.17421815,  0.4475637 ,  0.51099081, ...,  0.37833001,
          0.        ,  0.23677847],
        [-0.06389341,  0.223097  ,  0.29292861, ...,  0.14839278,
         -0.23677847,  0.        ]],

       [[ 0.        ,  0.14493783,  0.17571424, ...,  0.92643253,
          0.93726109,  0.98406148],
        [-0.14493783,  0.        ,  0.03117606, ...,  0.8620867 ,
          0.87683491,  0.94789645],
        [-0.17571424, -0.03117606,  0.        , ...,  0.84586884,
          0.8614195 ,  0.93750366],
        ...,
        [-0.92643253, -0.8620867 , -0.84586884, ...,  0.        ,
          0.02986156,  0.20571442],
        [-0.93726109, -0.87683491, -0.8614195 , ..., -0.02986156,
          0.        ,  0.17639979],
        [-0.98406148, -0.94789645, -0.93750366, ..., -0.20571442,
         -0.17639979,  0.        ]],

       ...,

       [[ 0.        ,  0.12644861, -0.17218817, ..., -0.85709205,
         -0.87331019, -0.75220253],
        [-0.12644861,  0.        , -0.29536602, ..., -0.91535399,
         -0.92790155, -0.82948575],
        [ 0.17218817,  0.29536602,  0.        , ..., -0.75558556,
         -0.77638251, -0.62750739],
        ...,
        [ 0.85709205,  0.91535399,  0.75558556, ...,  0.        ,
         -0.03235247,  0.17725823],
        [ 0.87331019,  0.92790155,  0.77638251, ...,  0.03235247,
          0.        ,  0.20900559],
        [ 0.75220253,  0.82948575,  0.62750739, ..., -0.17725823,
         -0.20900559,  0.        ]],

       [[ 0.        ,  0.16385092,  0.25194244, ...,  0.95595224,
          0.98664634,  0.98697755],
        [-0.16385092,  0.        ,  0.08997201, ...,  0.99112654,
          0.99999951,  0.9999954 ],
        [-0.25194244, -0.08997201,  0.        , ...,  0.99906606,
          0.99585501,  0.99566682],
        ...,
        [-0.95595224, -0.99112654, -0.99906606, ...,  0.        ,
         -0.13389982, -0.13592727],
        [-0.98664634, -0.99999951, -0.99585501, ...,  0.13389982,
          0.        , -0.00204615],
        [-0.98697755, -0.9999954 , -0.99566682, ...,  0.13592727,
          0.00204615,  0.        ]],

       [[ 0.        , -0.18748182, -0.2806674 , ...,  0.79843041,
          0.73014565,  0.72922339],
        [ 0.18748182,  0.        , -0.09574462, ...,  0.67139231,
          0.58909401,  0.58800359],
        [ 0.2806674 ,  0.09574462,  0.        , ...,  0.59735135,
          0.50901985,  0.50785844],
        ...,
        [-0.79843041, -0.67139231, -0.59735135, ...,  0.        ,
          0.10594946,  0.10729054],
        [-0.73014565, -0.58909401, -0.50901985, ..., -0.10594946,
          0.        ,  0.00134876],
        [-0.72922339, -0.58800359, -0.50785844, ..., -0.10729054,
         -0.00134876,  0.        ]]]), 'num': array([9.97384248e-01, 7.18566413e-02, 2.92425778e-06, 1.55550855e-03,
       1.60219838e-03, 1.53093496e-03, 6.61163380e-03, 1.96588758e-05,
       1.48768543e-03, 1.45807425e-03, 1.26124794e-03, 2.68100223e-07,
       1.62867543e-03, 1.28747307e-03])}
{'img': array([[[ 0.        , -0.12373102, -0.03866137, ...,  0.82495861,
          0.94253828,  0.96120211],
        [ 0.12373102,  0.        ,  0.08527423, ...,  0.88855138,
          0.97663393,  0.98794663],
        [ 0.03866137, -0.08527423,  0.        , ...,  0.84619298,
          0.9547503 ,  0.97114804],
        ...,
        [-0.82495861, -0.88855138, -0.84619298, ...,  0.        ,
          0.25709901,  0.31570409],
        [-0.94253828, -0.97663393, -0.9547503 , ..., -0.25709901,
          0.        ,  0.06114134],
        [-0.96120211, -0.98794663, -0.97114804, ..., -0.31570409,
         -0.06114134,  0.        ]],

       [[ 0.        ,  0.07223501, -0.24498887, ..., -0.4475637 ,
         -0.223097  , -0.37876138],
        [-0.07223501,  0.        , -0.31438259, ..., -0.51099081,
         -0.29292861, -0.44462501],
        [ 0.24498887,  0.31438259,  0.        , ..., -0.2148428 ,
          0.02251592, -0.14048314],
        ...,
        [ 0.4475637 ,  0.51099081,  0.2148428 , ...,  0.        ,
          0.23677847,  0.07550955],
        [ 0.223097  ,  0.29292861, -0.02251592, ..., -0.23677847,
          0.        , -0.16274016],
        [ 0.37876138,  0.44462501,  0.14048314, ..., -0.07550955,
          0.16274016,  0.        ]],

       [[ 0.        ,  0.03117606,  0.03720022, ...,  0.87683491,
          0.94789645,  0.98515234],
        [-0.03117606,  0.        ,  0.00602765, ...,  0.8614195 ,
          0.93750366,  0.97932108],
        [-0.03720022, -0.00602765,  0.        , ...,  0.85834244,
          0.93538915,  0.97808382],
        ...,
        [-0.87683491, -0.8614195 , -0.85834244, ...,  0.        ,
          0.17639979,  0.32311576],
        [-0.94789645, -0.93750366, -0.93538915, ..., -0.17639979,
          0.        ,  0.15111124],
        [-0.98515234, -0.97932108, -0.97808382, ..., -0.32311576,
         -0.15111124,  0.        ]],

       ...,

       [[ 0.        , -0.29536602, -0.28265816, ..., -0.92790155,
         -0.82948575, -0.85790967],
        [ 0.29536602,  0.        ,  0.01327408, ..., -0.77638251,
         -0.62750739, -0.6678741 ],
        [ 0.28265816, -0.01327408,  0.        , ..., -0.78468026,
         -0.63778744, -0.67769481],
        ...,
        [ 0.92790155,  0.77638251,  0.78468026, ...,  0.        ,
          0.20900559,  0.15690586],
        [ 0.82948575,  0.62750739,  0.63778744, ..., -0.20900559,
          0.        , -0.05297625],
        [ 0.85790967,  0.6678741 ,  0.67769481, ..., -0.15690586,
          0.05297625,  0.        ]],

       [[ 0.        ,  0.08997201,  0.17632929, ...,  0.99999951,
          0.9999954 ,  0.99995077],
        [-0.08997201,  0.        ,  0.0870519 , ...,  0.99585501,
          0.99566682,  0.99500246],
        [-0.17632929, -0.0870519 ,  0.        , ...,  0.98415673,
          0.98379188,  0.98253305],
        ...,
        [-0.99999951, -0.99585501, -0.98415673, ...,  0.        ,
         -0.00204615, -0.00893614],
        [-0.9999954 , -0.99566682, -0.98379188, ...,  0.00204615,
          0.        , -0.00689005],
        [-0.99995077, -0.99500246, -0.98253305, ...,  0.00893614,
          0.00689005,  0.        ]],

       [[ 0.        , -0.09574462,  0.055575  , ...,  0.58909401,
          0.58800359,  0.58278225],
        [ 0.09574462,  0.        ,  0.15091633, ...,  0.50901985,
          0.50785844,  0.50230012],
        [-0.055575  , -0.15091633,  0.        , ...,  0.63309177,
          0.63204715,  0.6270434 ],
        ...,
        [-0.58909401, -0.50901985, -0.63309177, ...,  0.        ,
          0.00134876,  0.00778885],
        [-0.58800359, -0.50785844, -0.63204715, ..., -0.00134876,
          0.        ,  0.00644012],
        [-0.58278225, -0.50230012, -0.6270434 , ..., -0.00778885,
         -0.00644012,  0.        ]]]), 'num': array([ 7.64913051e-01,  6.41713528e-01,  4.05261588e-07,  1.23199523e-02,
        1.29278447e-02,  1.21983738e-02,  4.40550146e-02, -5.06576985e-04,
        1.23969520e-02,  1.20559243e-02,  1.04550060e-02,  1.72878961e-06,
        1.34582097e-02,  1.06536390e-02])}
{'img': array([[[ 0.        ,  0.08527423, -0.01308143, ...,  0.97663393,
          0.98794663,  0.94281642],
        [-0.08527423,  0.        , -0.09830072, ...,  0.9547503 ,
          0.97114804,  0.91095927],
        [ 0.01308143,  0.09830072,  0.        , ...,  0.97936169,
          0.98988703,  0.94709595],
        ...,
        [-0.97663393, -0.9547503 , -0.97936169, ...,  0.        ,
          0.06114134, -0.12290389],
        [-0.98794663, -0.97114804, -0.98988703, ..., -0.06114134,
          0.        , -0.18335175],
        [-0.94281642, -0.91095927, -0.94709595, ...,  0.12290389,
          0.18335175,  0.        ]],

       [[ 0.        , -0.31438259, -0.63685486, ..., -0.29292861,
         -0.44462501, -0.56603069],
        [ 0.31438259,  0.        , -0.36218015, ...,  0.02251592,
         -0.14048314, -0.27815885],
        [ 0.63685486,  0.36218015,  0.        , ...,  0.3830756 ,
          0.22764296,  0.08861262],
        ...,
        [ 0.29292861, -0.02251592, -0.3830756 , ...,  0.        ,
         -0.16274016, -0.29971566],
        [ 0.44462501,  0.14048314, -0.22764296, ...,  0.16274016,
          0.        , -0.14046138],
        [ 0.56603069,  0.27815885, -0.08861262, ...,  0.29971566,
          0.14046138,  0.        ]],

       [[ 0.        ,  0.00602765, -0.01085966, ...,  0.93750366,
          0.97932108,  0.98928504],
        [-0.00602765,  0.        , -0.01688677, ...,  0.93538915,
          0.97808382,  0.98838705],
        [ 0.01085966,  0.01688677,  0.        , ...,  0.94122727,
          0.98146037,  0.99081218],
        ...,
        [-0.93750366, -0.93538915, -0.94122727, ...,  0.        ,
          0.15111124,  0.20737417],
        [-0.97932108, -0.97808382, -0.98146037, ..., -0.15111124,
          0.        ,  0.05716651],
        [-0.98928504, -0.98838705, -0.99081218, ..., -0.20737417,
         -0.05716651,  0.        ]],

       ...,

       [[ 0.        ,  0.01327408, -0.12493213, ..., -0.62750739,
         -0.6678741 , -0.92728222],
        [-0.01327408,  0.        , -0.1380912 , ..., -0.63778744,
         -0.67769481, -0.93216984],
        [ 0.12493213,  0.1380912 ,  0.        , ..., -0.52531757,
         -0.56965773, -0.87324726],
        ...,
        [ 0.62750739,  0.63778744,  0.52531757, ...,  0.        ,
         -0.05297625, -0.48707619],
        [ 0.6678741 ,  0.67769481,  0.56965773, ...,  0.05297625,
          0.        , -0.44012492],
        [ 0.92728222,  0.93216984,  0.87324726, ...,  0.48707619,
          0.44012492,  0.        ]],

       [[ 0.        ,  0.0870519 ,  0.1391025 , ...,  0.99566682,
          0.99500246,  0.99595661],
        [-0.0870519 ,  0.        ,  0.05236886, ...,  0.98379188,
          0.98253305,  0.98435538],
        [-0.1391025 , -0.05236886,  0.        , ...,  0.97305146,
          0.9714396 ,  0.97377755],
        ...,
        [-0.99566682, -0.98379188, -0.97305146, ...,  0.        ,
         -0.00689005,  0.00317006],
        [-0.99500246, -0.98253305, -0.9714396 , ...,  0.00689005,
          0.        ,  0.01006   ],
        [-0.99595661, -0.98435538, -0.97377755, ..., -0.00317006,
         -0.01006   ,  0.        ]],

       [[ 0.        ,  0.15091633,  0.25229485, ...,  0.50785844,
          0.50230012,  0.47554838],
        [-0.15091633,  0.        ,  0.10337095, ...,  0.63204715,
          0.6270434 ,  0.60286123],
        [-0.25229485, -0.10337095,  0.        , ...,  0.70876643,
          0.7042086 ,  0.68210573],
        ...,
        [-0.50785844, -0.63204715, -0.70876643, ...,  0.        ,
          0.00644012,  0.03710111],
        [-0.50230012, -0.6270434 , -0.7042086 , ..., -0.00644012,
          0.        ,  0.03066466],
        [-0.47554838, -0.60286123, -0.68210573, ..., -0.03710111,
         -0.03066466,  0.        ]]]), 'num': array([7.90513646e-01, 6.10674663e-01, 5.84842223e-07, 1.28456417e-02,
       1.30127395e-02, 1.26158822e-02, 3.02931980e-02, 1.46210556e-04,
       1.28205770e-02, 1.24834573e-02, 1.08410253e-02, 1.85026081e-06,
       1.39020059e-02, 1.10649086e-02])}
{'img': array([[[ 0.        , -0.09830072, -0.13258963, ...,  0.97114804,
          0.91095927,  0.93035675],
        [ 0.09830072,  0.        , -0.03451464, ...,  0.98988703,
          0.94709595,  0.96189331],
        [ 0.13258963,  0.03451464,  0.        , ...,  0.99419343,
          0.95760916,  0.97075738],
        ...,
        [-0.97114804, -0.98988703, -0.99419343, ...,  0.        ,
         -0.18335175, -0.13420775],
        [-0.91095927, -0.94709595, -0.95760916, ...,  0.18335175,
          0.        ,  0.04976043],
        [-0.93035675, -0.96189331, -0.97075738, ...,  0.13420775,
         -0.04976043,  0.        ]],

       [[ 0.        , -0.36218015, -0.30939611, ..., -0.14048314,
         -0.27815885, -0.5871293 ],
        [ 0.36218015,  0.        ,  0.05601852, ...,  0.22764296,
          0.08861262, -0.25408563],
        [ 0.30939611, -0.05601852,  0.        , ...,  0.17273776,
          0.03267533, -0.30786673],
        ...,
        [ 0.14048314, -0.22764296, -0.17273776, ...,  0.        ,
         -0.14046138, -0.46758664],
        [ 0.27815885, -0.08861262, -0.03267533, ...,  0.14046138,
          0.        , -0.33879061],
        [ 0.5871293 ,  0.25408563,  0.30786673, ...,  0.46758664,
          0.33879061,  0.        ]],

       [[ 0.        , -0.01688677, -0.0327465 , ...,  0.97808382,
          0.98838705,  0.99100821],
        [ 0.01688677,  0.        , -0.01586412, ...,  0.98146037,
          0.99081218,  0.99312637],
        [ 0.0327465 ,  0.01586412,  0.        , ...,  0.98437746,
          0.99283304,  0.99485824],
        ...,
        [-0.97808382, -0.98146037, -0.98437746, ...,  0.        ,
          0.05716651,  0.07547067],
        [-0.98838705, -0.99081218, -0.99283304, ..., -0.05716651,
          0.        ,  0.01834378],
        [-0.99100821, -0.99312637, -0.99485824, ..., -0.07547067,
         -0.01834378,  0.        ]],

       ...,

       [[ 0.        , -0.1380912 ,  0.07158509, ..., -0.67769481,
         -0.93216984, -0.90452148],
        [ 0.1380912 ,  0.        ,  0.2086362 , ..., -0.56965773,
         -0.87324726, -0.83696977],
        [-0.07158509, -0.2086362 ,  0.        , ..., -0.7285958 ,
         -0.95569368, -0.93272682],
        ...,
        [ 0.67769481,  0.56965773,  0.7285958 , ...,  0.        ,
         -0.44012492, -0.37614571],
        [ 0.93216984,  0.87324726,  0.95569368, ...,  0.44012492,
          0.        ,  0.07004739],
        [ 0.90452148,  0.83696977,  0.93272682, ...,  0.37614571,
         -0.07004739,  0.        ]],

       [[ 0.        ,  0.05236886,  0.08327904, ...,  0.98253305,
          0.98435538,  0.98608907],
        [-0.05236886,  0.        ,  0.03097782, ...,  0.9714396 ,
          0.97377755,  0.97603134],
        [-0.08327904, -0.03097782,  0.        , ...,  0.96362275,
          0.96626268,  0.96882121],
        ...,
        [-0.98253305, -0.9714396 , -0.96362275, ...,  0.        ,
          0.01006   ,  0.02018507],
        [-0.98435538, -0.97377755, -0.96626268, ..., -0.01006   ,
          0.        ,  0.01012611],
        [-0.98608907, -0.97603134, -0.96882121, ..., -0.02018507,
         -0.01012611,  0.        ]],

       [[ 0.        ,  0.20393941,  0.36058075, ...,  0.50363932,
          0.47682801,  0.4110695 ],
        [-0.20393941,  0.        ,  0.16278261, ...,  0.66924071,
          0.64606881,  0.58834225],
        [-0.36058075, -0.16278261,  0.        , ...,  0.78126927,
          0.7617001 ,  0.71212289],
        ...,
        [-0.50363932, -0.66924071, -0.78126927, ...,  0.        ,
          0.03075885,  0.10399092],
        [-0.47682801, -0.64606881, -0.7617001 , ..., -0.03075885,
          0.        ,  0.07334963],
        [-0.4110695 , -0.58834225, -0.71212289, ..., -0.10399092,
         -0.07334963,  0.        ]]]), 'num': array([7.96705982e-01, 6.02511558e-01, 6.31526583e-07, 1.29462950e-02,
       1.31989056e-02, 1.26726334e-02, 3.10807492e-02, 0.00000000e+00,
       1.30347087e-02, 1.25991658e-02, 1.09870890e-02, 1.99471951e-06,
       1.40376707e-02, 1.11606610e-02])}
{'img': array([[[ 0.        , -0.03451464, -0.20790857, ...,  0.94709595,
          0.96189331,  0.96189331],
        [ 0.03451464,  0.        , -0.17402426, ...,  0.95760916,
          0.97075738,  0.97075738],
        [ 0.20790857,  0.17402426,  0.        , ...,  0.99312863,
          0.99772168,  0.99772168],
        ...,
        [-0.94709595, -0.95760916, -0.99312863, ...,  0.        ,
          0.04976043,  0.04976043],
        [-0.96189331, -0.97075738, -0.99772168, ..., -0.04976043,
          0.        ,  0.        ],
        [-0.96189331, -0.97075738, -0.99772168, ..., -0.04976043,
          0.        ,  0.        ]],

       [[ 0.        ,  0.05601852,  0.06194125, ...,  0.08861262,
         -0.25408563, -0.22884146],
        [-0.05601852,  0.        ,  0.00593303, ...,  0.03267533,
         -0.30786673, -0.28301411],
        [-0.06194125, -0.00593303,  0.        , ...,  0.02674489,
         -0.31350618, -0.28869959],
        ...,
        [-0.08861262, -0.03267533, -0.02674489, ...,  0.        ,
         -0.33879061, -0.3142024 ],
        [ 0.25408563,  0.30786673,  0.31350618, ...,  0.33879061,
          0.        ,  0.02601186],
        [ 0.22884146,  0.28301411,  0.28869959, ...,  0.3142024 ,
         -0.02601186,  0.        ]],

       [[ 0.        , -0.01586412, -0.09776859, ...,  0.99081218,
          0.99312637,  0.99779065],
        [ 0.01586412,  0.        , -0.08196817, ...,  0.99283304,
          0.99485824,  0.99871904],
        [ 0.09776859,  0.08196817,  0.        , ...,  0.99928809,
          0.999812  ,  0.99950582],
        ...,
        [-0.99081218, -0.99283304, -0.99928809, ...,  0.        ,
          0.01834378,  0.06912006],
        [-0.99312637, -0.99485824, -0.999812  , ..., -0.01834378,
          0.        ,  0.05080852],
        [-0.99779065, -0.99871904, -0.99950582, ..., -0.06912006,
         -0.05080852,  0.        ]],

       ...,

       [[ 0.        ,  0.2086362 , -0.12095449, ..., -0.87324726,
         -0.83696977, -0.76293998],
        [-0.2086362 ,  0.        , -0.32539709, ..., -0.95569368,
         -0.93272682, -0.88102711],
        [ 0.12095449,  0.32539709,  0.        , ..., -0.80789754,
         -0.76463254, -0.67914514],
        ...,
        [ 0.87324726,  0.95569368,  0.80789754, ...,  0.        ,
          0.07004739,  0.19276419],
        [ 0.83696977,  0.93272682,  0.76463254, ..., -0.07004739,
          0.        ,  0.12355704],
        [ 0.76293998,  0.88102711,  0.67914514, ..., -0.19276419,
         -0.12355704,  0.        ]],

       [[ 0.        ,  0.03097782,  0.04286624, ...,  0.97377755,
          0.97603134,  0.97799884],
        [-0.03097782,  0.        ,  0.01189632, ...,  0.96626268,
          0.96882121,  0.97106717],
        [-0.04286624, -0.01189632,  0.        , ...,  0.96313031,
          0.96580521,  0.96815754],
        ...,
        [-0.97377755, -0.96626268, -0.96313031, ...,  0.        ,
          0.01012611,  0.01935689],
        [-0.97603134, -0.96882121, -0.96580521, ..., -0.01012611,
          0.        ,  0.00923169],
        [-0.97799884, -0.97106717, -0.96815754, ..., -0.01935689,
         -0.00923169,  0.        ]],

       [[ 0.        ,  0.18235614,  0.28632975, ...,  0.61521214,
          0.55560711,  0.54837577],
        [-0.18235614,  0.        ,  0.10680764, ...,  0.74865918,
          0.69791009,  0.69167295],
        [-0.28632975, -0.10680764,  0.        , ...,  0.81518529,
          0.7704119 ,  0.76485401],
        ...,
        [-0.61521214, -0.74865918, -0.81518529, ...,  0.        ,
          0.07349573,  0.0821417 ],
        [-0.55560711, -0.69791009, -0.7704119 , ..., -0.07349573,
          0.        ,  0.00867219],
        [-0.54837577, -0.69167295, -0.76485401, ..., -0.0821417 ,
         -0.00867219,  0.        ]]]), 'num': array([7.98808793e-01, 5.99115345e-01, 6.27966820e-07, 1.33128966e-02,
       1.35012866e-02, 1.28523876e-02, 4.08812261e-02, 4.39576774e-04,
       1.30072861e-02, 1.25794313e-02, 1.09970945e-02, 2.34551845e-06,
       1.40447198e-02, 1.11141429e-02])}
{'img': array([[[ 0.        , -0.17402426, -0.17402426, ...,  0.97075738,
          0.97075738,  0.99645682],
        [ 0.17402426,  0.        ,  0.        , ...,  0.99772168,
          0.99772168,  0.99588872],
        [ 0.17402426,  0.        ,  0.        , ...,  0.99772168,
          0.99772168,  0.99588872],
        ...,
        [-0.97075738, -0.99772168, -0.99772168, ...,  0.        ,
          0.        ,  0.15756574],
        [-0.97075738, -0.99772168, -0.99772168, ...,  0.        ,
          0.        ,  0.15756574],
        [-0.99645682, -0.99588872, -0.99588872, ..., -0.15756574,
         -0.15756574,  0.        ]],

       [[ 0.        ,  0.00593303,  0.22148394, ..., -0.30786673,
         -0.28301411, -0.04104997],
        [-0.00593303,  0.        ,  0.21569436, ..., -0.31350618,
         -0.28869959, -0.04697728],
        [-0.22148394, -0.21569436,  0.        , ..., -0.51094691,
         -0.4884139 , -0.2613277 ],
        ...,
        [ 0.30786673,  0.31350618,  0.51094691, ...,  0.        ,
          0.02601186,  0.26855107],
        [ 0.28301411,  0.28869959,  0.4884139 , ..., -0.02601186,
          0.        ,  0.24340388],
        [ 0.04104997,  0.04697728,  0.2613277 , ..., -0.26855107,
         -0.24340388,  0.        ]],

       [[ 0.        , -0.08196817, -0.13507061, ...,  0.99485824,
          0.99871904,  0.99957062],
        [ 0.08196817,  0.        , -0.05339908, ...,  0.999812  ,
          0.99950582,  0.9986088 ],
        [ 0.13507061,  0.05339908,  0.        , ...,  0.99942092,
          0.99640122,  0.9943683 ],
        ...,
        [-0.99485824, -0.999812  , -0.99942092, ...,  0.        ,
          0.05080852,  0.0720829 ],
        [-0.99871904, -0.99950582, -0.99640122, ..., -0.05080852,
          0.        ,  0.02131345],
        [-0.99957062, -0.9986088 , -0.9943683 , ..., -0.0720829 ,
         -0.02131345,  0.        ]],

       ...,

       [[ 0.        , -0.32539709, -0.26714904, ..., -0.93272682,
         -0.88102711, -0.6925406 ],
        [ 0.32539709,  0.        ,  0.06096049, ..., -0.76463254,
         -0.67914514, -0.42011619],
        [ 0.26714904, -0.06096049,  0.        , ..., -0.80249745,
         -0.7226273 , -0.47465468],
        ...,
        [ 0.93272682,  0.76463254,  0.80249745, ...,  0.        ,
          0.12355704,  0.42313052],
        [ 0.88102711,  0.67914514,  0.7226273 , ..., -0.12355704,
          0.        ,  0.3079371 ],
        [ 0.6925406 ,  0.42011619,  0.47465468, ..., -0.42313052,
         -0.3079371 ,  0.        ]],

       [[ 0.        ,  0.01189632,  0.01708061, ...,  0.96882121,
          0.97106717,  0.97785141],
        [-0.01189632,  0.        ,  0.00518482, ...,  0.96580521,
          0.96815754,  0.97529231],
        [-0.01708061, -0.00518482,  0.        , ...,  0.96444796,
          0.96684655,  0.97413378],
        ...,
        [-0.96882121, -0.96580521, -0.96444796, ...,  0.        ,
          0.00923169,  0.03949876],
        [-0.97106717, -0.96815754, -0.96684655, ..., -0.00923169,
          0.        ,  0.0302726 ],
        [-0.97785141, -0.97529231, -0.97413378, ..., -0.03949876,
         -0.0302726 ,  0.        ]],

       [[ 0.        ,  0.10680764,  0.20829017, ...,  0.69791009,
          0.69167295,  0.6798482 ],
        [-0.10680764,  0.        ,  0.10263366, ...,  0.7704119 ,
          0.76485401,  0.75428696],
        [-0.20829017, -0.10263366,  0.        , ...,  0.83177726,
          0.82693196,  0.81768734],
        ...,
        [-0.69791009, -0.7704119 , -0.83177726, ...,  0.        ,
          0.00867219,  0.02491701],
        [-0.69167295, -0.76485401, -0.82693196, ..., -0.00867219,
          0.        ,  0.01624658],
        [-0.6798482 , -0.75428696, -0.81768734, ..., -0.02491701,
         -0.01624658,  0.        ]]]), 'num': array([8.20290002e-01, 5.69644308e-01, 7.67674408e-07, 1.39247608e-02,
       1.39887337e-02, 1.36688693e-02, 3.52760891e-02, 3.62512915e-04,
       1.33362104e-02, 1.28935182e-02, 1.12836765e-02, 2.47140273e-06,
       1.44451754e-02, 1.13418609e-02])}
{'img': array([[[ 0.00000000e+00,  0.00000000e+00, -1.41444680e-01, ...,
          9.97721684e-01,  9.95888717e-01,  9.72845851e-01],
        [ 0.00000000e+00,  0.00000000e+00, -1.41444680e-01, ...,
          9.97721684e-01,  9.95888717e-01,  9.72845851e-01],
        [ 1.41444680e-01,  1.41444680e-01,  0.00000000e+00, ...,
          9.97233228e-01,  9.73063431e-01,  9.30327079e-01],
        ...,
        [-9.97721684e-01, -9.97721684e-01, -9.97233228e-01, ...,
          0.00000000e+00,  1.57565740e-01,  2.96559104e-01],
        [-9.95888717e-01, -9.95888717e-01, -9.73063431e-01, ...,
         -1.57565740e-01,  0.00000000e+00,  1.42377070e-01],
        [-9.72845851e-01, -9.72845851e-01, -9.30327079e-01, ...,
         -2.96559104e-01, -1.42377070e-01,  0.00000000e+00]],

       [[ 0.00000000e+00,  2.15694355e-01,  6.39843008e-02, ...,
         -2.88699592e-01, -4.69772845e-02, -1.73824252e-01],
        [-2.15694355e-01,  0.00000000e+00, -1.52774207e-01, ...,
         -4.88413904e-01, -2.61327703e-01, -3.82143364e-01],
        [-6.39843008e-02,  1.52774207e-01,  0.00000000e+00, ...,
         -3.49367851e-01, -1.10794683e-01, -2.36478317e-01],
        ...,
        [ 2.88699592e-01,  4.88413904e-01,  3.49367851e-01, ...,
          0.00000000e+00,  2.43403876e-01,  1.17881860e-01],
        [ 4.69772845e-02,  2.61327703e-01,  1.10794683e-01, ...,
         -2.43403876e-01,  0.00000000e+00, -1.27370208e-01],
        [ 1.73824252e-01,  3.82143364e-01,  2.36478317e-01, ...,
         -1.17881860e-01,  1.27370208e-01,  0.00000000e+00]],

       [[ 0.00000000e+00, -5.33990800e-02, -1.70283051e-01, ...,
          9.99505821e-01,  9.98608803e-01,  9.95721107e-01],
        [ 5.33990800e-02,  0.00000000e+00, -1.17420903e-01, ...,
          9.96401216e-01,  9.94368303e-01,  9.89365893e-01],
        [ 1.70283051e-01,  1.17420903e-01,  0.00000000e+00, ...,
          9.79555506e-01,  9.75045279e-01,  9.65443056e-01],
        ...,
        [-9.99505821e-01, -9.96401216e-01, -9.79555506e-01, ...,
          0.00000000e+00,  2.13134521e-02,  6.10638515e-02],
        [-9.98608803e-01, -9.94368303e-01, -9.75045279e-01, ...,
         -2.13134521e-02,  0.00000000e+00,  3.97763022e-02],
        [-9.95721107e-01, -9.89365893e-01, -9.65443056e-01, ...,
         -6.10638515e-02, -3.97763022e-02,  0.00000000e+00]],

       ...,

       [[ 0.00000000e+00,  6.09604888e-02, -1.50785167e-01, ...,
         -6.79145144e-01, -4.20116188e-01, -3.59328592e-01],
        [-6.09604888e-02,  0.00000000e+00, -2.10768234e-01, ...,
         -7.22627298e-01, -4.74654682e-01, -4.15549311e-01],
        [ 1.50785167e-01,  2.10768234e-01,  0.00000000e+00, ...,
         -5.60703259e-01, -2.78479748e-01, -2.14505836e-01],
        ...,
        [ 6.79145144e-01,  7.22627298e-01,  5.60703259e-01, ...,
          0.00000000e+00,  3.07937100e-01,  3.70037164e-01],
        [ 4.20116188e-01,  4.74654682e-01,  2.78479748e-01, ...,
         -3.07937100e-01,  0.00000000e+00,  6.59770574e-02],
        [ 3.59328592e-01,  4.15549311e-01,  2.14505836e-01, ...,
         -3.70037164e-01, -6.59770574e-02,  0.00000000e+00]],

       [[ 0.00000000e+00,  5.18482287e-03, -7.60411198e-04, ...,
          9.68157539e-01,  9.75292308e-01,  9.84869083e-01],
        [-5.18482287e-03,  0.00000000e+00, -5.94522234e-03, ...,
          9.66846549e-01,  9.74133776e-01,  9.83957316e-01],
        [ 7.60411198e-04,  5.94522234e-03,  0.00000000e+00, ...,
          9.68347622e-01,  9.75460014e-01,  9.85000578e-01],
        ...,
        [-9.68157539e-01, -9.66846549e-01, -9.68347622e-01, ...,
          0.00000000e+00,  3.02725978e-02,  7.87721278e-02],
        [-9.75292308e-01, -9.74133776e-01, -9.75460014e-01, ...,
         -3.02725978e-02,  0.00000000e+00,  4.85574948e-02],
        [-9.84869083e-01, -9.83957316e-01, -9.85000578e-01, ...,
         -7.87721278e-02, -4.85574948e-02,  0.00000000e+00]],

       [[ 0.00000000e+00,  1.02633661e-01,  1.91381086e-01, ...,
          7.64854008e-01,  7.54286955e-01,  7.41104065e-01],
        [-1.02633661e-01,  0.00000000e+00,  8.96338839e-02, ...,
          8.26931964e-01,  8.17687339e-01,  8.06097691e-01],
        [-1.91381086e-01, -8.96338839e-02,  0.00000000e+00, ...,
          8.74004694e-01,  8.65994843e-01,  8.55896735e-01],
        ...,
        [-7.64854008e-01, -8.26931964e-01, -8.74004694e-01, ...,
          0.00000000e+00,  1.62465771e-02,  3.60935194e-02],
        [-7.54286955e-01, -8.17687339e-01, -8.65994843e-01, ...,
         -1.62465771e-02,  0.00000000e+00,  1.98527646e-02],
        [-7.41104065e-01, -8.06097691e-01, -8.55896735e-01, ...,
         -3.60935194e-02, -1.98527646e-02,  0.00000000e+00]]]), 'num': array([9.10735066e-01, 3.99701960e-01, 1.45593478e-06, 1.59697846e-02,
       1.61290274e-02, 1.50370764e-02, 9.54492640e-02, 1.11470006e-03,
       1.46548935e-02, 1.38709636e-02, 1.21481833e-02, 3.16033746e-06,
       1.57854173e-02, 1.19565099e-02])}
{'img': array([[[ 0.        , -0.14097083,  0.14004434, ...,  0.99680224,
          0.97582696,  0.51264825],
        [ 0.14097083,  0.        ,  0.27822742, ...,  0.97558323,
          0.9352737 ,  0.38649144],
        [-0.14004434, -0.27822742,  0.        , ...,  0.99816965,
          0.99681635,  0.62783811],
        ...,
        [-0.99680224, -0.97558323, -0.99816965, ...,  0.        ,
          0.13986935,  0.81488844],
        [-0.97582696, -0.9352737 , -0.99681635, ..., -0.13986935,
          0.        ,  0.72580729],
        [-0.51264825, -0.38649144, -0.62783811, ..., -0.81488844,
         -0.72580729,  0.        ]],

       [[ 0.        , -0.15277421, -0.02795636, ..., -0.2613277 ,
         -0.38214336,  0.25473117],
        [ 0.15277421,  0.        ,  0.12508631, ..., -0.11079468,
         -0.23647832,  0.39947539],
        [ 0.02795636, -0.12508631,  0.        , ..., -0.23424068,
         -0.35615944,  0.28166574],
        ...,
        [ 0.2613277 ,  0.11079468,  0.23424068, ...,  0.        ,
         -0.12737021,  0.4985863 ],
        [ 0.38214336,  0.23647832,  0.35615944, ...,  0.12737021,
          0.        ,  0.60493504],
        [-0.25473117, -0.39947539, -0.28166574, ..., -0.4985863 ,
         -0.60493504,  0.        ]],

       [[ 0.        , -0.1174209 , -0.14026921, ...,  0.9943683 ,
          0.98936589,  0.93634435],
        [ 0.1174209 ,  0.        , -0.02303885, ...,  0.97504528,
          0.96544306,  0.88864246],
        [ 0.14026921,  0.02303885,  0.        , ...,  0.96967171,
          0.95918255,  0.87784096],
        ...,
        [-0.9943683 , -0.97504528, -0.96967171, ...,  0.        ,
          0.0397763 ,  0.24987238],
        [-0.98936589, -0.96544306, -0.95918255, ..., -0.0397763 ,
          0.        ,  0.21116008],
        [-0.93634435, -0.88864246, -0.87784096, ..., -0.24987238,
         -0.21116008,  0.        ]],

       ...,

       [[ 0.        , -0.21076823, -0.24592125, ..., -0.47465468,
         -0.41554931, -0.03395251],
        [ 0.21076823,  0.        , -0.03610138, ..., -0.27847975,
         -0.21450584,  0.17745691],
        [ 0.24592125,  0.03610138,  0.        , ..., -0.24362493,
         -0.17910497,  0.21286964],
        ...,
        [ 0.47465468,  0.27847975,  0.24362493, ...,  0.        ,
          0.06597706,  0.44449696],
        [ 0.41554931,  0.21450584,  0.17910497, ..., -0.06597706,
          0.        ,  0.38442752],
        [ 0.03395251, -0.17745691, -0.21286964, ..., -0.44449696,
         -0.38442752,  0.        ]],

       [[ 0.        , -0.00594522,  0.00474745, ...,  0.97413378,
          0.98395732,  0.99891807],
        [ 0.00594522,  0.        ,  0.01069252, ...,  0.97546001,
          0.98500058,  0.9991769 ],
        [-0.00474745, -0.01069252,  0.        , ...,  0.97305001,
          0.98309926,  0.99868603],
        ...,
        [-0.97413378, -0.97546001, -0.97305001, ...,  0.        ,
          0.04855749,  0.18042576],
        [-0.98395732, -0.98500058, -0.98309926, ..., -0.04855749,
          0.        ,  0.13245233],
        [-0.99891807, -0.9991769 , -0.99868603, ..., -0.18042576,
         -0.13245233,  0.        ]],

       [[ 0.        ,  0.08963388,  0.16517082, ...,  0.81768734,
          0.80609769,  0.87185744],
        [-0.08963388,  0.        ,  0.07610321, ...,  0.86599484,
          0.85589674,  0.91224709],
        [-0.16517082, -0.07610321,  0.        , ...,  0.90153905,
          0.89277112,  0.94077647],
        ...,
        [-0.81768734, -0.86599484, -0.90153905, ...,  0.        ,
          0.01985276, -0.10142537],
        [-0.80609769, -0.85589674, -0.89277112, ..., -0.01985276,
          0.        , -0.12115576],
        [-0.87185744, -0.91224709, -0.94077647, ...,  0.10142537,
          0.12115576,  0.        ]]]), 'num': array([9.37012539e-01, 3.27862135e-01, 1.72563854e-06, 1.64635244e-02,
       1.69998716e-02, 1.59504968e-02, 1.12615451e-01, 9.32777589e-05,
       1.54467969e-02, 1.42763942e-02, 1.25677788e-02, 3.29149986e-06,
       1.64227689e-02, 1.21300195e-02])}
{'img': array([[[ 0.        ,  0.27638614,  0.23225105, ...,  0.94426556,
          0.58027757,  0.38415061],
        [-0.27638614,  0.        , -0.0456245 , ...,  0.99846536,
          0.78276789,  0.62436582],
        [-0.23225105,  0.0456245 ,  0.        , ...,  0.99489893,
          0.75356   ,  0.58807688],
        ...,
        [-0.94426556, -0.99846536, -0.99489893, ...,  0.        ,
          0.57800913,  0.74535599],
        [-0.58027757, -0.78276789, -0.75356   , ..., -0.57800913,
          0.        ,  0.22289365],
        [-0.38415061, -0.62436582, -0.58807688, ..., -0.74535599,
         -0.22289365,  0.        ]],

       [[ 0.        ,  0.12508631, -0.29161312, ..., -0.23647832,
          0.39947539,  0.49613155],
        [-0.12508631,  0.        , -0.40897235, ..., -0.35615944,
          0.28166574,  0.383629  ],
        [ 0.29161312,  0.40897235,  0.        , ...,  0.05714192,
          0.64944729,  0.72776018],
        ...,
        [ 0.23647832,  0.35615944, -0.05714192, ...,  0.        ,
          0.60493504,  0.68738133],
        [-0.39947539, -0.28166574, -0.64944729, ..., -0.60493504,
          0.        ,  0.10798212],
        [-0.49613155, -0.383629  , -0.72776018, ..., -0.68738133,
         -0.10798212,  0.        ]],

       [[ 0.        , -0.02303885, -0.05003539, ...,  0.96544306,
          0.88864246,  0.70897209],
        [ 0.02303885,  0.        , -0.02701211, ...,  0.95918255,
          0.87784096,  0.69253607],
        [ 0.05003539,  0.02701211,  0.        , ...,  0.95119386,
          0.86458313,  0.67279728],
        ...,
        [-0.96544306, -0.95918255, -0.95119386, ...,  0.        ,
          0.21116008,  0.4960976 ],
        [-0.88864246, -0.87784096, -0.86458313, ..., -0.21116008,
          0.        ,  0.30156806],
        [-0.70897209, -0.69253607, -0.67279728, ..., -0.4960976 ,
         -0.30156806,  0.        ]],

       ...,

       [[ 0.        , -0.03610138, -0.13985246, ..., -0.21450584,
          0.17745691,  0.21616832],
        [ 0.03610138,  0.        , -0.1040147 , ..., -0.17910497,
          0.21286964,  0.25127521],
        [ 0.13985246,  0.1040147 ,  0.        , ..., -0.07580067,
          0.31334573,  0.3505897 ],
        ...,
        [ 0.21450584,  0.17910497,  0.07580067, ...,  0.        ,
          0.38442752,  0.42057059],
        [-0.17745691, -0.21286964, -0.31334573, ..., -0.38442752,
          0.        ,  0.03947628],
        [-0.21616832, -0.25127521, -0.3505897 , ..., -0.42057059,
         -0.03947628,  0.        ]],

       [[ 0.        ,  0.01069252,  0.00871873, ...,  0.98500058,
          0.9991769 ,  0.99866776],
        [-0.01069252,  0.        , -0.00197388, ...,  0.98309926,
          0.99868603,  0.99916242],
        [-0.00871873,  0.00197388,  0.        , ...,  0.98345871,
          0.99878524,  0.9990797 ],
        ...,
        [-0.98500058, -0.98309926, -0.98345871, ...,  0.        ,
          0.13245233,  0.22314857],
        [-0.9991769 , -0.99868603, -0.99878524, ..., -0.13245233,
          0.        ,  0.09207003],
        [-0.99866776, -0.99916242, -0.9990797 , ..., -0.22314857,
         -0.09207003,  0.        ]],

       [[ 0.        ,  0.07610321,  0.15933208, ...,  0.85589674,
          0.91224709,  0.94409015],
        [-0.07610321,  0.        ,  0.08373901, ...,  0.89277112,
          0.94077647,  0.96644251],
        [-0.15933208, -0.08373901,  0.        , ...,  0.92736076,
          0.96586203,  0.98455922],
        ...,
        [-0.85589674, -0.89277112, -0.92736076, ...,  0.        ,
         -0.12115576, -0.2060548 ],
        [-0.91224709, -0.94077647, -0.96586203, ...,  0.12115576,
          0.        , -0.08598108],
        [-0.94409015, -0.96644251, -0.98455922, ...,  0.2060548 ,
          0.08598108,  0.        ]]]), 'num': array([9.42700561e-01, 3.18700684e-01, 1.67741903e-06, 1.68648616e-02,
       1.68648616e-02, 1.59128129e-02, 8.90433862e-02, 8.61377337e-04,
