state_0,state_1,state_2,state_3,state_4,state_5,state_6,state_7,state_8,state_9,state_10,state_11,state_12,state_13,state_14,state_15,state_16,state_17,state_18,state_19,state_20,state_21,state_22,state_23,state_24,state_25,state_26,state_27,state_28,state_29,state_30,state_31,state_32,state_33,state_34,state_35,state_36,state_37,state_38,state_39,state_40,state_41,state_42,state_43,state_44,state_45,state_46,state_47,state_48,state_49,state_50,state_51,state_52,state_53,state_54,state_55,state_56,state_57,state_58,state_59,state_60,state_61,state_62,state_63,state_64,state_65,state_66,state_67,state_68,state_69,state_70,state_71,state_72,state_73,state_74,state_75,state_76,state_77,state_78,state_79,state_80,state_81,state_82,state_83,state_84,state_85,state_86,state_87,state_88,state_89,state_90,state_91,state_92,state_93,state_94,state_95,state_96,state_97,state_98,state_99,state_100,state_101,state_102,state_103,state_104,state_105,state_106,state_107,state_108,state_109,state_110,state_111,state_112,state_113,state_114,state_115,state_116,state_117,state_118,state_119,state_120,state_121,state_122,state_123,state_124,state_125,state_126,state_127,state_128,state_129,state_130,state_131,state_132,state_133,state_134,state_135,state_136,state_137,state_138,state_139,state_140,state_141,state_142,state_143,state_144,state_145,state_146,state_147,state_148,state_149,state_150,state_151,state_152,state_153,state_154,state_155,state_156,state_157,state_158,state_159,state_160,state_161,state_162,state_163,state_164,state_165,state_166,state_167,state_168,state_169,state_170,state_171,state_172,state_173,state_174,state_175,state_176,state_177,state_178,state_179,state_180,state_181,state_182,state_183,state_184,state_185,state_186,state_187,state_188,state_189,state_190,state_191,state_192,state_193,state_194,state_195,state_196,state_197,state_198,state_199,state_200,state_201,state_202,state_203,state_204,state_205,state_206,state_207,state_208,state_209,state_210,state_211,state_212,state_213,state_214,state_215,state_216,state_217,state_218,state_219,state_220,state_221,state_222,state_223,state_224,state_225,state_226,state_227,state_228,state_229,state_230,state_231,state_232,state_233,state_234,state_235,state_236,state_237,state_238,state_239,state_240,state_241,state_242,state_243,state_244,state_245,state_246,state_247,state_248,state_249,state_250,state_251,state_252,state_253,state_254,state_255,state_256,state_257,state_258,state_259,state_260,state_261,state_262,state_263,state_264,state_265,state_266,state_267,state_268,state_269,state_270,state_271,state_272,state_273,state_274,state_275,state_276,state_277,state_278,state_279,state_280,state_281,state_282,state_283,state_284,state_285,state_286,state_287
{'img': array([[[ 0.        , -0.12006788, -0.56616868, ...,  0.93046871,
          0.93239993,  0.98096955],
        [ 0.12006788,  0.        , -0.46310216, ...,  0.96772684,
          0.96905057,  0.99718548],
        [ 0.56616868,  0.46310216,  0.        , ...,  0.9744035 ,
          0.97319674,  0.91853105],
        ...,
        [-0.93046871, -0.96772684, -0.9744035 , ...,  0.        ,
          0.00530696,  0.17873781],
        [-0.93239993, -0.96905057, -0.97319674, ..., -0.00530696,
          0.        ,  0.17351379],
        [-0.98096955, -0.99718548, -0.91853105, ..., -0.17873781,
         -0.17351379,  0.        ]],

       [[ 0.        ,  0.02020312, -0.09867962, ..., -0.25753964,
         -0.18074933,  0.20690744],
        [-0.02020312,  0.        , -0.11876399, ..., -0.2770087 ,
         -0.2005828 ,  0.18709927],
        [ 0.09867962,  0.11876399,  0.        , ..., -0.16093172,
         -0.08281285,  0.30244182],
        ...,
        [ 0.25753964,  0.2770087 ,  0.16093172, ...,  0.        ,
          0.07864551,  0.4518946 ],
        [ 0.18074933,  0.2005828 ,  0.08281285, ..., -0.07864551,
          0.        ,  0.38033752],
        [-0.20690744, -0.18709927, -0.30244182, ..., -0.4518946 ,
         -0.38033752,  0.        ]],

       [[ 0.        ,  0.01593555, -0.16629391, ...,  0.99999304,
          0.99999704,  0.9997509 ],
        [-0.01593555,  0.        , -0.18198647, ...,  0.99980658,
          0.99983126,  0.99997962],
        [ 0.16629391,  0.18198647,  0.        , ...,  0.98669   ,
          0.98647819,  0.98211911],
        ...,
        [-0.99999304, -0.99980658, -0.98669   , ...,  0.        ,
          0.00129743,  0.02604994],
        [-0.99999704, -0.99983126, -0.98647819, ..., -0.00129743,
          0.        ,  0.02475293],
        [-0.9997509 , -0.99997962, -0.98211911, ..., -0.02604994,
         -0.02475293,  0.        ]],

       ...,

       [[ 0.        ,  0.32771413, -0.90723149, ...,  0.0524304 ,
         -0.29547711, -0.01276422],
        [-0.32771413,  0.        , -0.99497833, ..., -0.27772836,
         -0.59224159, -0.33974678],
        [ 0.90723149,  0.99497833,  0.        , ...,  0.92803756,
          0.74243641,  0.90178855],
        ...,
        [-0.0524304 ,  0.27772836, -0.92803756, ...,  0.        ,
         -0.34516007, -0.06517279],
        [ 0.29547711,  0.59224159, -0.74243641, ...,  0.34516007,
          0.        ,  0.28325874],
        [ 0.01276422,  0.33974678, -0.90178855, ...,  0.06517279,
         -0.28325874,  0.        ]],

       [[ 0.        , -0.03921024, -0.06060008, ...,  0.95787886,
          0.90728314,  0.88883182],
        [ 0.03921024,  0.        , -0.0214153 , ...,  0.96840234,
          0.92307412,  0.90611574],
        [ 0.06060008,  0.0214153 ,  0.        , ...,  0.97352108,
          0.93109923,  0.91496725],
        ...,
        [-0.95787886, -0.96840234, -0.97352108, ...,  0.        ,
         -0.14226064, -0.1836841 ],
        [-0.90728314, -0.92307412, -0.93109923, ...,  0.14226064,
          0.        , -0.04197578],
        [-0.88883182, -0.90611574, -0.91496725, ...,  0.1836841 ,
          0.04197578,  0.        ]],

       [[ 0.        , -0.03172627, -0.23816378, ...,  0.62673776,
          0.44070018,  0.23816378],
        [ 0.03172627,  0.        , -0.20723054, ...,  0.60170018,
          0.4119991 ,  0.20723054],
        [ 0.23816378,  0.20723054,  0.        , ...,  0.42311896,
          0.21423028,  0.        ],
        ...,
        [-0.62673776, -0.60170018, -0.42311896, ...,  0.        ,
          0.21918697,  0.42311896],
        [-0.44070018, -0.4119991 , -0.21423028, ..., -0.21918697,
          0.        ,  0.21423028],
        [-0.23816378, -0.20723054, -0.        , ..., -0.42311896,
         -0.21423028,  0.        ]]]), 'num': array([ 8.95988451e-01,  4.44065016e-01,  4.56027684e-06,  1.14410996e-03,
        1.18220848e-03,  1.13949196e-03,  7.27635464e-04, -3.23260130e-05,
        1.14641896e-03,  1.14763119e-03,  1.07335832e-03,  5.55467205e-07,
        1.19745146e-03,  1.09781091e-03])}
{'img': array([[[ 0.        , -0.46310216,  0.19688696, ...,  0.96905057,
          0.99718548,  0.9740877 ],
        [ 0.46310216,  0.        ,  0.62853936, ...,  0.97319674,
          0.91853105,  0.96807881],
        [-0.19688696, -0.62853936,  0.        , ...,  0.90147861,
          0.96290535,  0.91049106],
        ...,
        [-0.96905057, -0.97319674, -0.90147861, ...,  0.        ,
          0.17351379,  0.02129475],
        [-0.99718548, -0.91853105, -0.96290535, ..., -0.17351379,
          0.        , -0.1525027 ],
        [-0.9740877 , -0.96807881, -0.91049106, ..., -0.02129475,
          0.1525027 ,  0.        ]],

       [[ 0.        , -0.11876399,  0.08024208, ..., -0.2005828 ,
          0.18709927, -0.09471195],
        [ 0.11876399,  0.        ,  0.1980552 , ..., -0.08281285,
          0.30244182,  0.02418849],
        [-0.08024208, -0.1980552 ,  0.        , ..., -0.2785473 ,
          0.10767087, -0.17428791],
        ...,
        [ 0.2005828 ,  0.08281285,  0.2785473 , ...,  0.        ,
          0.38033752,  0.10689403],
        [-0.18709927, -0.30244182, -0.10767087, ..., -0.38033752,
          0.        , -0.27929764],
        [ 0.09471195, -0.02418849,  0.17428791, ..., -0.10689403,
          0.27929764,  0.        ]],

       [[ 0.        , -0.18198647, -0.31821134, ...,  0.99983126,
          0.99997962,  0.99978344],
        [ 0.18198647,  0.        , -0.14037076, ...,  0.98647819,
          0.98211911,  0.97930084],
        [ 0.31821134,  0.14037076,  0.        , ...,  0.95370535,
          0.94596888,  0.94119233],
        ...,
        [-0.99983126, -0.98647819, -0.95370535, ...,  0.        ,
          0.02475293,  0.03917305],
        [-0.99997962, -0.98211911, -0.94596888, ..., -0.02475293,
          0.        ,  0.01442712],
        [-0.99978344, -0.97930084, -0.94119233, ..., -0.03917305,
         -0.01442712,  0.        ]],

       ...,

       [[ 0.        , -0.99497833, -0.97046688, ..., -0.59224159,
         -0.33974678, -0.5399739 ],
        [ 0.99497833,  0.        , -0.33715755, ...,  0.74243641,
          0.90178855,  0.78340884],
        [ 0.97046688,  0.33715755,  0.        , ...,  0.92483287,
          0.99469916,  0.94708455],
        ...,
        [ 0.59224159, -0.74243641, -0.92483287, ...,  0.        ,
          0.28325874,  0.06338933],
        [ 0.33974678, -0.90178855, -0.99469916, ..., -0.28325874,
          0.        , -0.22189594],
        [ 0.5399739 , -0.78340884, -0.94708455, ..., -0.06338933,
          0.22189594,  0.        ]],

       [[ 0.        , -0.0214153 , -0.01131926, ...,  0.92307412,
          0.90611574,  0.88887163],
        [ 0.0214153 ,  0.        ,  0.01009726, ...,  0.93109923,
          0.91496725,  0.89847933],
        [ 0.01131926, -0.01009726,  0.        , ...,  0.92736862,
          0.91084607,  0.89400067],
        ...,
        [-0.92307412, -0.93109923, -0.92736862, ...,  0.        ,
         -0.04197578, -0.08103258],
        [-0.90611574, -0.91496725, -0.91084607, ...,  0.04197578,
          0.        , -0.03912342],
        [-0.88887163, -0.89847933, -0.89400067, ...,  0.08103258,
          0.03912342,  0.        ]],

       [[ 0.        , -0.20670085, -0.11045713, ...,  0.45062439,
          0.34479321,  0.20670085],
        [ 0.20670085,  0.        ,  0.09736431, ...,  0.25636813,
          0.14332144,  0.        ],
        [ 0.11045713, -0.09736431,  0.        , ...,  0.34926039,
          0.23899963,  0.09736431],
        ...,
        [-0.45062439, -0.25636813, -0.34926039, ...,  0.        ,
          0.1151899 ,  0.25636813],
        [-0.34479321, -0.14332144, -0.23899963, ..., -0.1151899 ,
          0.        ,  0.14332144],
        [-0.20670085, -0.        , -0.09736431, ..., -0.25636813,
         -0.14332144,  0.        ]]]), 'num': array([ 7.07104985e-01,  7.07104985e-01,  0.00000000e+00,  7.83807899e-04,
        7.92596774e-04,  7.75818012e-04,  4.06876997e-04, -7.98988684e-06,
        7.93235965e-04,  7.92277179e-04,  7.45629556e-04,  4.52760254e-07,
        8.24373858e-04,  7.60180499e-04])}
{'img': array([[[ 0.        ,  0.62853936,  0.81362119, ...,  0.91853105,
          0.96807881,  0.98000631],
        [-0.62853936,  0.        ,  0.26738662, ...,  0.96290535,
          0.91049106,  0.88728535],
        [-0.81362119, -0.26738662,  0.        , ...,  0.85569388,
          0.76676741,  0.7316544 ],
        ...,
        [-0.91853105, -0.96290535, -0.85569388, ...,  0.        ,
         -0.1525027 , -0.20468753],
        [-0.96807881, -0.91049106, -0.76676741, ...,  0.1525027 ,
          0.        , -0.05301949],
        [-0.98000631, -0.88728535, -0.7316544 , ...,  0.20468753,
          0.05301949,  0.        ]],

       [[ 0.        ,  0.1980552 ,  0.46703547, ...,  0.30244182,
          0.02418849, -0.0745205 ],
        [-0.1980552 ,  0.        ,  0.28265586, ...,  0.10767087,
         -0.17428791, -0.27054882],
        [-0.46703547, -0.28265586,  0.        , ..., -0.17773247,
         -0.44551043, -0.53163078],
        ...,
        [-0.30244182, -0.10767087,  0.17773247, ...,  0.        ,
         -0.27929764, -0.37263142],
        [-0.02418849,  0.17428791,  0.44551043, ...,  0.27929764,
          0.        , -0.09861993],
        [ 0.0745205 ,  0.27054882,  0.53163078, ...,  0.37263142,
          0.09861993,  0.        ]],

       [[ 0.        , -0.14037076,  0.17813829, ...,  0.98211911,
          0.97930084,  0.97956609],
        [ 0.14037076,  0.        ,  0.31450014, ...,  0.94596888,
          0.94119233,  0.94163569],
        [-0.17813829, -0.31450014,  0.        , ...,  0.99994699,
          0.99969437,  0.99972601],
        ...,
        [-0.98211911, -0.94596888, -0.99994699, ...,  0.        ,
          0.01442712,  0.0131126 ],
        [-0.97930084, -0.94119233, -0.99969437, ..., -0.01442712,
          0.        , -0.00131464],
        [-0.97956609, -0.94163569, -0.99972601, ..., -0.0131126 ,
          0.00131464,  0.        ]],

       ...,

       [[ 0.        , -0.33715755,  0.82754881, ...,  0.90178855,
          0.78340884,  0.94246797],
        [ 0.33715755,  0.        ,  0.96837252, ...,  0.99469916,
          0.94708455,  0.99999539],
        [-0.82754881, -0.96837252,  0.        , ...,  0.14861047,
         -0.0745263 ,  0.25244902],
        ...,
        [-0.90178855, -0.99469916, -0.14861047, ...,  0.        ,
         -0.22189594,  0.10584876],
        [-0.78340884, -0.94708455,  0.0745263 , ...,  0.22189594,
          0.        ,  0.32385937],
        [-0.94246797, -0.99999539, -0.25244902, ..., -0.10584876,
         -0.32385937,  0.        ]],

       [[ 0.        ,  0.01009726,  0.05801734, ...,  0.91496725,
          0.89847933,  0.8822989 ],
        [-0.01009726,  0.        ,  0.04793413, ...,  0.91084607,
          0.89400067,  0.87750125],
        [-0.05801734, -0.04793413,  0.        , ...,  0.89001443,
          0.87149538,  0.85350458],
        ...,
        [-0.91496725, -0.91084607, -0.89001443, ...,  0.        ,
         -0.03912342, -0.0746331 ],
        [-0.89847933, -0.89400067, -0.87149538, ...,  0.03912342,
          0.        , -0.03556165],
        [-0.8822989 , -0.87750125, -0.85350458, ...,  0.0746331 ,
          0.03556165,  0.        ]],

       [[ 0.        ,  0.09727036,  0.26757963, ...,  0.16775244,
          0.08785809,  0.        ],
        [-0.09727036,  0.        ,  0.1725873 , ...,  0.26284891,
          0.18433568,  0.09727036],
        [-0.26757963, -0.1725873 ,  0.        , ...,  0.42542327,
          0.35119931,  0.26757963],
        ...,
        [-0.16775244, -0.26284891, -0.42542327, ...,  0.        ,
          0.08049067,  0.16775244],
        [-0.08785809, -0.18433568, -0.35119931, ..., -0.08049067,
          0.        ,  0.08785809],
        [-0.        , -0.09727036, -0.26757963, ..., -0.16775244,
         -0.08785809,  0.        ]]]), 'num': array([ 7.07104930e-01,  7.07104930e-01,  0.00000000e+00,  7.83008849e-04,
        7.90199747e-04,  7.68627054e-04,  5.79458508e-04, -7.98988622e-07,
        7.92277117e-04,  7.91717825e-04,  7.48705605e-04,  4.06152549e-07,
        8.24050319e-04,  7.59385331e-04])}
{'img': array([[[ 0.        ,  0.62693724,  0.64111855, ...,  0.9876023 ,
          0.99510362,  0.99566394],
        [-0.62693724,  0.        ,  0.0183382 , ...,  0.86782566,
          0.83721987,  0.83401141],
        [-0.64111855, -0.0183382 ,  0.        , ...,  0.85856805,
          0.82705054,  0.82375312],
        ...,
        [-0.9876023 , -0.86782566, -0.85856805, ...,  0.        ,
         -0.05859627, -0.0644261 ],
        [-0.99510362, -0.83721987, -0.82705054, ...,  0.05859627,
          0.        , -0.00584087],
        [-0.99566394, -0.83401141, -0.82375312, ...,  0.0644261 ,
          0.00584087,  0.        ]],

       [[ 0.        ,  0.28265586,  0.05843945, ..., -0.17428791,
         -0.27054882, -0.11462432],
        [-0.28265586,  0.        , -0.22611642, ..., -0.44551043,
         -0.53163078, -0.39074295],
        [-0.05843945,  0.22611642,  0.        , ..., -0.23153506,
         -0.32634646, -0.17248269],
        ...,
        [ 0.17428791,  0.44551043,  0.23153506, ...,  0.        ,
         -0.09861993,  0.0602692 ],
        [ 0.27054882,  0.53163078,  0.32634646, ...,  0.09861993,
          0.        ,  0.15841605],
        [ 0.11462432,  0.39074295,  0.17248269, ..., -0.0602692 ,
         -0.15841605,  0.        ]],

       [[ 0.        ,  0.31450014,  0.45865609, ...,  0.94119233,
          0.94163569,  0.94425746],
        [-0.31450014,  0.        ,  0.15591351, ...,  0.99969437,
          0.99972601,  0.99987934],
        [-0.45865609, -0.15591351,  0.        , ...,  0.99132327,
          0.99114961,  0.99007348],
        ...,
        [-0.94119233, -0.99969437, -0.99132327, ...,  0.        ,
         -0.00131464, -0.00918951],
        [-0.94163569, -0.99972601, -0.99114961, ...,  0.00131464,
          0.        , -0.00787492],
        [-0.94425746, -0.99987934, -0.99007348, ...,  0.00918951,
          0.00787492,  0.        ]],

       ...,

       [[ 0.        ,  0.96837252,  0.99538775, ...,  0.94708455,
          0.99999539,  0.97596204],
        [-0.96837252,  0.        ,  0.15545875, ..., -0.0745263 ,
          0.25244902,  0.03246351],
        [-0.99538775, -0.15545875,  0.        , ..., -0.22864666,
          0.09895637, -0.12330798],
        ...,
        [-0.94708455,  0.0745263 ,  0.22864666, ...,  0.        ,
          0.32385937,  0.10686025],
        [-0.99999539, -0.25244902, -0.09895637, ..., -0.32385937,
          0.        , -0.22090393],
        [-0.97596204, -0.03246351,  0.12330798, ..., -0.10686025,
          0.22090393,  0.        ]],

       [[ 0.        ,  0.04793413,  0.05380573, ...,  0.89400067,
          0.87750125,  0.87623254],
        [-0.04793413,  0.        ,  0.00587919, ...,  0.87149538,
          0.85350458,  0.85212641],
        [-0.05380573, -0.00587919,  0.        , ...,  0.86859714,
          0.85042627,  0.84903489],
        ...,
        [-0.89400067, -0.87149538, -0.86859714, ...,  0.        ,
         -0.03556165, -0.03819897],
        [-0.87750125, -0.85350458, -0.85042627, ...,  0.03556165,
          0.        , -0.00263911],
        [-0.87623254, -0.85212641, -0.84903489, ...,  0.03819897,
          0.00263911,  0.        ]],

       [[ 0.        ,  0.25016832,  0.48639214, ...,  0.08796223,
          0.        ,  0.12026319],
        [-0.25016832,  0.        ,  0.2523438 , ...,  0.33436386,
          0.25016832,  0.36479171],
        [-0.48639214, -0.2523438 ,  0.        , ...,  0.56136297,
          0.48639214,  0.58794076],
        ...,
        [-0.08796223, -0.33436386, -0.56136297, ...,  0.        ,
          0.08796223, -0.03247322],
        [-0.        , -0.25016832, -0.48639214, ..., -0.08796223,
          0.        , -0.12026319],
        [-0.12026319, -0.36479171, -0.58794076, ...,  0.03247322,
          0.12026319,  0.        ]]]), 'num': array([ 7.07105012e-01,  7.07105012e-01,  0.00000000e+00,  7.75818041e-04,
        7.86204895e-04,  7.71024109e-04,  3.39881809e-04, -7.19089843e-06,
        7.89720445e-04,  7.92596804e-04,  7.51089341e-04,  3.39841353e-07,
        8.22070717e-04,  7.63122891e-04])}
{'img': array([[[ 0.        ,  0.01908717, -0.12646694, ...,  0.84661011,
          0.84346181,  0.81388763],
        [-0.01908717,  0.        , -0.14537782, ...,  0.83629742,
          0.83305473,  0.80264929],
        [ 0.12646694,  0.14537782,  0.        , ...,  0.90711995,
          0.90462617,  0.8808329 ],
        ...,
        [-0.84661011, -0.83629742, -0.90711995, ...,  0.        ,
         -0.00588791, -0.05873729],
        [-0.84346181, -0.83305473, -0.90462617, ...,  0.00588791,
          0.        , -0.05285853],
        [-0.81388763, -0.80264929, -0.8808329 , ...,  0.05873729,
          0.05285853,  0.        ]],

       [[ 0.        , -0.22611642, -0.44849336, ..., -0.53163078,
         -0.39074295, -0.62263478],
        [ 0.22611642,  0.        , -0.23477778, ..., -0.32634646,
         -0.17248269, -0.42956977],
        [ 0.44849336,  0.23477778,  0.        , ..., -0.09530102,
          0.06359742, -0.20555065],
        ...,
        [ 0.53163078,  0.32634646,  0.09530102, ...,  0.        ,
          0.15841605, -0.11134908],
        [ 0.39074295,  0.17248269, -0.06359742, ..., -0.15841605,
          0.        , -0.26737394],
        [ 0.62263478,  0.42956977,  0.20555065, ...,  0.11134908,
          0.26737394,  0.        ]],

       [[ 0.        ,  0.347236  ,  0.4784859 , ...,  0.94763176,
          0.95016547,  0.95659259],
        [-0.347236  ,  0.        ,  0.14380716, ...,  0.99956306,
          0.9992935 ,  0.99826577],
        [-0.4784859 , -0.14380716,  0.        , ...,  0.98492262,
          0.98350185,  0.97942386],
        ...,
        [-0.94763176, -0.99956306, -0.98492262, ...,  0.        ,
         -0.00802923, -0.0293353 ],
        [-0.95016547, -0.9992935 , -0.98350185, ...,  0.00802923,
          0.        , -0.02130858],
        [-0.95659259, -0.99826577, -0.97942386, ...,  0.0293353 ,
          0.02130858,  0.        ]],

       ...,

       [[ 0.        ,  0.17275202,  0.10368651, ...,  0.27842329,
          0.0364366 , -0.35334775],
        [-0.17275202,  0.        , -0.06969328, ...,  0.10831615,
         -0.13674852, -0.50964343],
        [-0.10368651,  0.06969328,  0.        , ...,  0.17733601,
         -0.06737745, -0.44844111],
        ...,
        [-0.27842329, -0.10831615, -0.17733601, ...,  0.        ,
         -0.24324257, -0.59983861],
        [-0.0364366 ,  0.13674852,  0.06737745, ...,  0.24324257,
          0.        , -0.38719926],
        [ 0.35334775,  0.50964343,  0.44844111, ...,  0.59983861,
          0.38719926,  0.        ]],

       [[ 0.        ,  0.00587919,  0.02218339, ...,  0.85350458,
          0.85212641,  0.84358092],
        [-0.00587919,  0.        ,  0.01630526, ...,  0.85042627,
          0.84903489,  0.84040921],
        [-0.02218339, -0.01630526,  0.        , ...,  0.84173511,
          0.84030735,  0.83146081],
        ...,
        [-0.85350458, -0.85042627, -0.84173511, ...,  0.        ,
         -0.00263911, -0.01875608],
        [-0.85212641, -0.84903489, -0.84030735, ...,  0.00263911,
          0.        , -0.01611736],
        [-0.84358092, -0.84040921, -0.83146081, ...,  0.01875608,
          0.01611736,  0.        ]],

       [[ 0.        ,  0.42476337,  0.50764131, ...,  0.23048918,
          0.25929204,  0.        ],
        [-0.42476337,  0.        ,  0.09360718, ...,  0.62198944,
          0.64497425,  0.42476337],
        [-0.50764131, -0.09360718,  0.        , ...,  0.69255523,
          0.71367731,  0.50764131],
        ...,
        [-0.23048918, -0.62198944, -0.69255523, ...,  0.        ,
         -0.02970436,  0.23048918],
        [-0.25929204, -0.64497425, -0.71367731, ...,  0.02970436,
          0.        ,  0.25929204],
        [-0.        , -0.42476337, -0.50764131, ..., -0.23048918,
         -0.25929204,  0.        ]]]), 'num': array([ 7.28517403e-01,  6.85023208e-01,  4.53064531e-07,  7.90803545e-04,
        7.96569821e-04,  7.85037269e-04,  6.89712492e-04, -9.06129062e-06,
        8.04477856e-04,  8.15269030e-04,  7.76154459e-04,  2.82429838e-07,
        8.47228550e-04,  7.83309510e-04])}
{'img': array([[[ 0.        , -0.14537782, -0.21918847, ...,  0.83305473,
          0.80264929,  0.76251814],
        [ 0.14537782,  0.        , -0.07501726, ...,  0.90462617,
          0.8808329 ,  0.84847194],
        [ 0.21918847,  0.07501726,  0.        , ...,  0.93404995,
          0.91386613,  0.8857833 ],
        ...,
        [-0.83305473, -0.90462617, -0.93404995, ...,  0.        ,
         -0.05285853, -0.11714093],
        [-0.80264929, -0.8808329 , -0.91386613, ...,  0.05285853,
          0.        , -0.06448255],
        [-0.76251814, -0.84847194, -0.8857833 , ...,  0.11714093,
          0.06448255,  0.        ]],

       [[ 0.        , -0.23477778, -0.16573785, ..., -0.17248269,
         -0.42956977, -0.11205734],
        [ 0.23477778,  0.        ,  0.07042545, ...,  0.06359742,
         -0.20555065,  0.12437386],
        [ 0.16573785, -0.07042545,  0.        , ..., -0.00684337,
         -0.2739619 ,  0.05418642],
        ...,
        [ 0.17248269, -0.06359742,  0.00684337, ...,  0.        ,
         -0.26737394,  0.06101847],
        [ 0.42956977,  0.20555065,  0.2739619 , ...,  0.26737394,
          0.        ,  0.32567268],
        [ 0.11205734, -0.12437386, -0.05418642, ..., -0.06101847,
         -0.32567268,  0.        ]],

       [[ 0.        ,  0.34554808,  0.51725349, ...,  0.9571338 ,
          0.96323053,  0.98152188],
        [-0.34554808,  0.        ,  0.18966004, ...,  0.99826203,
          0.99673711,  0.98718176],
        [-0.51725349, -0.18966004,  0.        , ...,  0.96896644,
          0.96333749,  0.93899449],
        ...,
        [-0.9571338 , -0.99826203, -0.96896644, ...,  0.        ,
         -0.02183685, -0.10114653],
        [-0.96323053, -0.99673711, -0.96333749, ...,  0.02183685,
          0.        , -0.07939755],
        [-0.98152188, -0.98718176, -0.93899449, ...,  0.10114653,
          0.07939755,  0.        ]],

       ...,

       [[ 0.        , -0.06955625,  0.1957335 , ..., -0.13646866,
         -0.5083146 , -0.98214321],
        [ 0.06955625,  0.        ,  0.26347027, ..., -0.06723263,
         -0.44718362, -0.96667853],
        [-0.1957335 , -0.26347027,  0.        , ..., -0.32773125,
         -0.66704243, -0.99997003],
        ...,
        [ 0.13646866,  0.06723263,  0.32773125, ...,  0.        ,
         -0.38603609, -0.94728015],
        [ 0.5083146 ,  0.44718362,  0.66704243, ...,  0.38603609,
          0.        , -0.75016201],
        [ 0.98214321,  0.96667853,  0.99997003, ...,  0.94728015,
          0.75016201,  0.        ]],

       [[ 0.        ,  0.01630526, -0.14132256, ...,  0.84903489,
          0.84040921,  0.83902868],
        [-0.01630526,  0.        , -0.15744538, ...,  0.84030735,
          0.83146081,  0.83004566],
        [ 0.14132256,  0.15744538,  0.        , ...,  0.91517954,
          0.90856462,  0.90749965],
        ...,
        [-0.84903489, -0.84030735, -0.91517954, ...,  0.        ,
         -0.01611736, -0.01865929],
        [-0.84040921, -0.83146081, -0.90856462, ...,  0.01611736,
          0.        , -0.00254231],
        [-0.83902868, -0.83004566, -0.90749965, ...,  0.01865929,
          0.00254231,  0.        ]],

       [[ 0.        ,  0.29951887,  0.70435805, ...,  0.26554256,
          0.        ,  0.25209942],
        [-0.29951887,  0.        ,  0.45940931, ...,  0.54211749,
          0.29951887,  0.53037044],
        [-0.70435805, -0.45940931,  0.        , ...,  0.86756502,
          0.70435805,  0.86055971],
        ...,
        [-0.26554256, -0.54211749, -0.86756502, ...,  0.        ,
          0.26554256,  0.01391706],
        [-0.        , -0.29951887, -0.70435805, ..., -0.26554256,
          0.        , -0.25209942],
        [-0.25209942, -0.53037044, -0.86055971, ..., -0.01391706,
          0.25209942,  0.        ]]]), 'num': array([8.25126650e-01, 5.64941091e-01, 2.62283829e-06, 9.16146333e-04,
       9.20764006e-04, 8.93981502e-04, 1.00224746e-03, 2.95531075e-05,
       9.02108607e-04, 9.13837496e-04, 8.72632461e-04, 4.42615666e-07,
       9.49584371e-04, 8.78090622e-04])}
{'img': array([[[ 0.        , -0.07501726, -0.03620976, ...,  0.8808329 ,
          0.84847194,  0.93255011],
        [ 0.07501726,  0.        ,  0.03886033, ...,  0.91386613,
          0.8857833 ,  0.95700668],
        [ 0.03620976, -0.03886033,  0.        , ...,  0.89739795,
          0.86707919,  0.94501175],
        ...,
        [-0.8808329 , -0.91386613, -0.89739795, ...,  0.        ,
         -0.06448255,  0.12347828],
        [-0.84847194, -0.8857833 , -0.86707919, ...,  0.06448255,
          0.        ,  0.18721039],
        [-0.93255011, -0.95700668, -0.94501175, ..., -0.12347828,
         -0.18721039,  0.        ]],

       [[ 0.        ,  0.07042545,  0.25510855, ..., -0.20555065,
          0.12437386,  0.2354243 ],
        [-0.07042545,  0.        ,  0.18637988, ..., -0.2739619 ,
          0.05418642,  0.16639377],
        [-0.25510855, -0.18637988,  0.        , ..., -0.44841056,
         -0.13286911, -0.02030345],
        ...,
        [ 0.20555065,  0.2739619 ,  0.44841056, ...,  0.        ,
          0.32567268,  0.43017034],
        [-0.12437386, -0.05418642,  0.13286911, ..., -0.32567268,
          0.        ,  0.11271828],
        [-0.2354243 , -0.16639377,  0.02030345, ..., -0.43017034,
         -0.11271828,  0.        ]],

       [[ 0.        ,  0.40389058,  0.46804392, ...,  0.96941277,
          0.98618419,  0.98595609],
        [-0.40389058,  0.        ,  0.07124979, ...,  0.98595521,
          0.96907397,  0.96941147],
        [-0.46804392, -0.07124979,  0.        , ...,  0.97154999,
          0.94902873,  0.94946008],
        ...,
        [-0.96941277, -0.98595521, -0.97154999, ...,  0.        ,
         -0.08145959, -0.0800927 ],
        [-0.98618419, -0.96907397, -0.94902873, ...,  0.08145959,
          0.        ,  0.00137137],
        [-0.98595609, -0.96941147, -0.94946008, ...,  0.0800927 ,
         -0.00137137,  0.        ]],

       ...,

       [[ 0.        ,  0.26347027,  0.4280441 , ..., -0.44718362,
         -0.96667853, -0.19523502],
        [-0.26347027,  0.        ,  0.17480691, ..., -0.66704243,
         -0.99997003, -0.44673706],
        [-0.4280441 , -0.17480691,  0.        , ..., -0.7870064 ,
         -0.98321977, -0.5962522 ],
        ...,
        [ 0.44718362,  0.66704243,  0.7870064 , ...,  0.        ,
         -0.75016201,  0.2639518 ],
        [ 0.96667853,  0.99997003,  0.98321977, ...,  0.75016201,
          0.        ,  0.89809737],
        [ 0.19523502,  0.44673706,  0.5962522 , ..., -0.2639518 ,
         -0.89809737,  0.        ]],

       [[ 0.        , -0.15744538, -0.20850601, ...,  0.83146081,
          0.83004566,  0.82899166],
        [ 0.15744538,  0.        , -0.05192055, ...,  0.90856462,
          0.90749965,  0.90670528],
        [ 0.20850601,  0.05192055,  0.        , ...,  0.92902868,
          0.928085  ,  0.9273806 ],
        ...,
        [-0.83146081, -0.90856462, -0.92902868, ...,  0.        ,
         -0.00254231, -0.00442956],
        [-0.83004566, -0.90749965, -0.928085  , ...,  0.00254231,
          0.        , -0.00188726],
        [-0.82899166, -0.90670528, -0.9273806 , ...,  0.00442956,
          0.00188726,  0.        ]],

       [[ 0.        ,  0.66141951,  0.67362219, ...,  0.        ,
          0.25499447,  0.25822427],
        [-0.66141951,  0.        ,  0.01638833, ...,  0.66141951,
          0.83080461,  0.83265984],
        [-0.67362219, -0.01638833,  0.        , ...,  0.67362219,
          0.83981419,  0.84162362],
        ...,
        [-0.        , -0.66141951, -0.67362219, ...,  0.        ,
         -0.25499447, -0.25822427],
        [-0.25499447, -0.83080461, -0.83981419, ...,  0.25499447,
          0.        , -0.00334169],
        [-0.25822427, -0.83265984, -0.84162362, ...,  0.25822427,
          0.00334169,  0.        ]]]), 'num': array([ 8.23272019e-01,  5.67640882e-01,  2.63537254e-06,  9.00109636e-04,
        9.25164235e-04,  8.87118363e-04,  6.66981241e-04, -2.04148577e-05,
        9.04378198e-04,  9.16673510e-04,  8.79153476e-04,  3.58525394e-07,
        9.52933726e-04,  8.80413293e-04])}
{'img': array([[[ 0.        ,  0.03886033, -0.08906497, ...,  0.8857833 ,
          0.95700668,  0.91146806],
        [-0.03886033,  0.        , -0.12770358, ...,  0.86707919,
          0.94501175,  0.89479358],
        [ 0.08906497,  0.12770358,  0.        , ...,  0.92359801,
          0.97903807,  0.94448446],
        ...,
        [-0.8857833 , -0.86707919, -0.92359801, ...,  0.        ,
          0.18721039,  0.05862605],
        [-0.95700668, -0.94501175, -0.97903807, ..., -0.18721039,
          0.        , -0.12929885],
        [-0.91146806, -0.89479358, -0.94448446, ..., -0.05862605,
          0.12929885,  0.        ]],

       [[ 0.        ,  0.18637988, -0.06182567, ...,  0.05418642,
          0.16639377, -0.01065569],
        [-0.18637988,  0.        , -0.24676567, ..., -0.13286911,
         -0.02030345, -0.19683828],
        [ 0.06182567,  0.24676567,  0.        , ...,  0.11581759,
          0.22703923,  0.05118685],
        ...,
        [-0.05418642,  0.13286911, -0.11581759, ...,  0.        ,
          0.11271828, -0.06482338],
        [-0.16639377,  0.02030345, -0.22703923, ..., -0.11271828,
          0.        , -0.17689147],
        [ 0.01065569,  0.19683828, -0.05118685, ...,  0.06482338,
          0.17689147,  0.        ]],

       [[ 0.        ,  0.08770636, -0.00433895, ...,  0.98509682,
          0.98533524,  0.98261074],
        [-0.08770636,  0.        , -0.09202776, ...,  0.96621507,
          0.96657283,  0.96253902],
        [ 0.00433895,  0.09202776,  0.        , ...,  0.98583385,
          0.98606632,  0.98340713],
        ...,
        [-0.98509682, -0.96621507, -0.98583385, ...,  0.        ,
          0.00139169, -0.01390058],
        [-0.98533524, -0.96657283, -0.98606632, ..., -0.00139169,
          0.        , -0.01529212],
        [-0.98261074, -0.96253902, -0.98340713, ...,  0.01390058,
          0.01529212,  0.        ]],

       ...,

       [[ 0.        ,  0.17480691,  0.07261626, ..., -0.99997003,
         -0.44673706, -0.82571558],
        [-0.17480691,  0.        , -0.10284724, ..., -0.98321977,
         -0.5962522 , -0.91160806],
        [-0.07261626,  0.10284724,  0.        , ..., -0.99676782,
         -0.5105249 , -0.86449751],
        ...,
        [ 0.99997003,  0.98321977,  0.99676782, ...,  0.        ,
          0.89809737,  0.57046292],
        [ 0.44673706,  0.5962522 ,  0.5105249 , ..., -0.89809737,
          0.        , -0.48674065],
        [ 0.82571558,  0.91160806,  0.86449751, ..., -0.57046292,
          0.48674065,  0.        ]],

       [[ 0.        , -0.05192055, -0.388458  , ...,  0.90749965,
          0.90670528,  0.90317203],
        [ 0.05192055,  0.        , -0.34009101, ...,  0.928085  ,
          0.9273806 ,  0.92424224],
        [ 0.388458  ,  0.34009101,  0.        , ...,  0.99940335,
          0.99933638,  0.99899949],
        ...,
        [-0.90749965, -0.928085  , -0.99940335, ...,  0.        ,
         -0.00188726, -0.01019038],
        [-0.90670528, -0.9273806 , -0.99933638, ...,  0.00188726,
          0.        , -0.0083032 ],
        [-0.90317203, -0.92424224, -0.99899949, ...,  0.01019038,
          0.0083032 ,  0.        ]],

       [[ 0.        ,  0.15763821,  0.48628038, ...,  0.27227188,
          0.27571177,  0.3324683 ],
        [-0.15763821,  0.        ,  0.34245567, ...,  0.42055034,
          0.42379273,  0.4769823 ],
        [-0.48628038, -0.34245567,  0.        , ...,  0.70582082,
          0.70835005,  0.74912978],
        ...,
        [-0.27227188, -0.42055034, -0.70582082, ...,  0.        ,
         -0.00357675, -0.06312423],
        [-0.27571177, -0.42379273, -0.70835005, ...,  0.00357675,
          0.        , -0.0595542 ],
        [-0.3324683 , -0.4769823 , -0.74912978, ...,  0.06312423,
          0.0595542 ,  0.        ]]]), 'num': array([9.75382687e-01, 2.20497673e-01, 7.74241084e-06, 1.06772993e-03,
       1.07758589e-03, 1.06225439e-03, 4.65168862e-04, 5.47553808e-06,
       1.06619677e-03, 1.08344472e-03, 1.04049825e-03, 5.16019295e-07,
       1.12112199e-03, 1.04576745e-03])}
{'img': array([[[ 0.        , -0.12770358, -0.46994078, ...,  0.94501175,
          0.89479358,  0.90751108],
        [ 0.12770358,  0.        , -0.35336939, ...,  0.97903807,
          0.94448446,  0.95371982],
        [ 0.46994078,  0.35336939,  0.        , ...,  0.98784766,
          0.99965165,  0.99844652],
        ...,
        [-0.94501175, -0.97903807, -0.98784766, ...,  0.        ,
         -0.12929885, -0.1001424 ],
        [-0.89479358, -0.94448446, -0.99965165, ...,  0.12929885,
          0.        ,  0.0293471 ],
        [-0.90751108, -0.95371982, -0.99844652, ...,  0.1001424 ,
         -0.0293471 ,  0.        ]],

       [[ 0.        , -0.24676567, -0.13095982, ..., -0.02030345,
         -0.19683828, -0.44953207],
        [ 0.24676567,  0.        ,  0.11773053, ...,  0.22703923,
          0.05118685, -0.21520343],
        [ 0.13095982, -0.11773053,  0.        , ...,  0.11080423,
         -0.06674532, -0.32867884],
        ...,
        [ 0.02030345, -0.22703923, -0.11080423, ...,  0.        ,
         -0.17689147, -0.43130306],
        [ 0.19683828, -0.05118685,  0.06674532, ...,  0.17689147,
          0.        , -0.26490883],
        [ 0.44953207,  0.21520343,  0.32867884, ...,  0.43130306,
          0.26490883,  0.        ]],

       [[ 0.        , -0.09202776, -0.40096463, ...,  0.96657283,
          0.96253902,  0.96063404],
        [ 0.09202776,  0.        , -0.31495708, ...,  0.98606632,
          0.98340713,  0.9821244 ],
        [ 0.40096463,  0.31495708,  0.        , ...,  0.98827533,
          0.9904946 ,  0.99142539],
        ...,
        [-0.96657283, -0.98606632, -0.98827533, ...,  0.        ,
         -0.01529212, -0.02223117],
        [-0.96253902, -0.98340713, -0.9904946 , ...,  0.01529212,
          0.        , -0.00694024],
        [-0.96063404, -0.9821244 , -0.99142539, ...,  0.02223117,
          0.00694024,  0.        ]],

       ...,

       [[ 0.        , -0.10284724, -0.26130907, ..., -0.5962522 ,
         -0.91160806, -0.62569519],
        [ 0.10284724,  0.        , -0.16064955, ..., -0.5105249 ,
         -0.86449751, -0.54214942],
        [ 0.26130907,  0.16064955,  0.        , ..., -0.36575735,
         -0.77252057, -0.40011677],
        ...,
        [ 0.5962522 ,  0.5105249 ,  0.36575735, ...,  0.        ,
         -0.48674065, -0.03718928],
        [ 0.91160806,  0.86449751,  0.77252057, ...,  0.48674065,
          0.        ,  0.45391738],
        [ 0.62569519,  0.54214942,  0.40011677, ...,  0.03718928,
         -0.45391738,  0.        ]],

       [[ 0.        , -0.34009101, -0.55279417, ...,  0.9273806 ,
          0.92424224,  0.91622299],
        [ 0.34009101,  0.        , -0.2364396 , ...,  0.99933638,
          0.99899949,  0.99787309],
        [ 0.55279417,  0.2364396 ,  0.        , ...,  0.97961374,
          0.981248  ,  0.9849923 ],
        ...,
        [-0.9273806 , -0.99933638, -0.97961374, ...,  0.        ,
         -0.0083032 , -0.02879574],
        [-0.92424224, -0.99899949, -0.981248  , ...,  0.0083032 ,
          0.        , -0.02049499],
        [-0.91622299, -0.99787309, -0.9849923 , ...,  0.02879574,
          0.02049499,  0.        ]],

       [[ 0.        ,  0.46446654,  0.48065959, ...,  0.27656044,
          0.3334817 ,  0.05475478],
        [-0.46446654,  0.        ,  0.01837356, ...,  0.69127008,
          0.73320717,  0.51226009],
        [-0.48065959, -0.01837356,  0.        , ...,  0.70443006,
          0.74557752,  0.52795339],
        ...,
        [-0.27656044, -0.69127008, -0.70443006, ...,  0.        ,
         -0.05974558,  0.2235264 ],
        [-0.3334817 , -0.73320717, -0.74557752, ...,  0.05974558,
          0.        ,  0.28136099],
        [-0.05475478, -0.51226009, -0.52795339, ..., -0.2235264 ,
         -0.28136099,  0.        ]]]), 'num': array([9.85574919e-01, 1.69211933e-01, 8.33023455e-06, 1.07984522e-03,
       1.08204898e-03, 1.06111321e-03, 3.32989005e-04, 5.50941438e-06,
       1.07477656e-03, 1.09036820e-03, 1.04996583e-03, 4.90398423e-07,
       1.12798407e-03, 1.05275233e-03])}
{'img': array([[[ 0.00000000e+00, -3.53369392e-01,  2.58541820e-01, ...,
          9.44484455e-01,  9.53719818e-01,  9.62146740e-01],
        [ 3.53369392e-01,  0.00000000e+00,  5.83216558e-01, ...,
          9.99651645e-01,  9.98446519e-01,  9.96377198e-01],
        [-2.58541820e-01, -5.83216558e-01,  0.00000000e+00, ...,
          8.27426553e-01,  8.43550734e-01,  8.58972915e-01],
        ...,
        [-9.44484455e-01, -9.99651645e-01, -8.27426553e-01, ...,
          0.00000000e+00,  2.93471044e-02,  5.87170174e-02],
        [-9.53719818e-01, -9.98446519e-01, -8.43550734e-01, ...,
         -2.93471044e-02,  0.00000000e+00,  2.93952560e-02],
        [-9.62146740e-01, -9.96377198e-01, -8.58972915e-01, ...,
