state_0,state_1,state_2,state_3,state_4,state_5,state_6,state_7,state_8,state_9,state_10,state_11,state_12,state_13,state_14,state_15,state_16,state_17,state_18,state_19,state_20,state_21,state_22,state_23,state_24,state_25,state_26,state_27,state_28,state_29,state_30,state_31,state_32,state_33,state_34,state_35,state_36,state_37,state_38,state_39,state_40,state_41,state_42,state_43,state_44,state_45,state_46,state_47,state_48,state_49,state_50,state_51,state_52,state_53,state_54,state_55,state_56,state_57,state_58,state_59,state_60,state_61,state_62,state_63,state_64,state_65,state_66,state_67,state_68,state_69,state_70,state_71,state_72,state_73,state_74,state_75,state_76,state_77,state_78,state_79,state_80,state_81,state_82,state_83,state_84,state_85,state_86,state_87,state_88,state_89,state_90,state_91,state_92,state_93,state_94,state_95,state_96,state_97,state_98,state_99,state_100,state_101,state_102,state_103,state_104,state_105,state_106,state_107,state_108,state_109,state_110,state_111,state_112,state_113,state_114,state_115,state_116,state_117,state_118,state_119,state_120,state_121,state_122,state_123,state_124,state_125,state_126,state_127,state_128,state_129,state_130,state_131,state_132,state_133,state_134,state_135,state_136,state_137,state_138,state_139,state_140,state_141,state_142,state_143,state_144,state_145,state_146,state_147,state_148,state_149,state_150,state_151,state_152,state_153,state_154,state_155,state_156,state_157,state_158,state_159,state_160,state_161,state_162,state_163,state_164,state_165,state_166,state_167,state_168,state_169,state_170,state_171,state_172,state_173,state_174,state_175,state_176,state_177,state_178,state_179,state_180,state_181,state_182,state_183,state_184,state_185,state_186,state_187,state_188,state_189,state_190,state_191,state_192,state_193,state_194,state_195,state_196,state_197,state_198,state_199,state_200,state_201,state_202,state_203,state_204,state_205,state_206,state_207,state_208,state_209,state_210,state_211,state_212,state_213,state_214,state_215,state_216,state_217,state_218,state_219,state_220,state_221,state_222,state_223,state_224,state_225,state_226,state_227,state_228,state_229,state_230,state_231,state_232,state_233,state_234,state_235,state_236,state_237,state_238,state_239,state_240,state_241,state_242,state_243,state_244,state_245,state_246,state_247,state_248,state_249,state_250,state_251,state_252,state_253,state_254,state_255,state_256,state_257,state_258,state_259,state_260,state_261,state_262,state_263,state_264,state_265,state_266,state_267,state_268,state_269,state_270,state_271,state_272,state_273,state_274,state_275,state_276,state_277,state_278,state_279,state_280,state_281,state_282,state_283,state_284,state_285,state_286,state_287
{'img': array([[[ 0.        ,  0.        ,  0.20464635, ...,  0.96290482,
          0.96290482,  0.75925465],
        [ 0.        ,  0.        ,  0.20464635, ...,  0.96290482,
          0.96290482,  0.75925465],
        [-0.20464635, -0.20464635,  0.        , ...,  0.99774791,
          0.99774791,  0.87636831],
        ...,
        [-0.96290482, -0.96290482, -0.99774791, ...,  0.        ,
          0.        ,  0.4217741 ],
        [-0.96290482, -0.96290482, -0.99774791, ...,  0.        ,
          0.        ,  0.4217741 ],
        [-0.75925465, -0.75925465, -0.87636831, ..., -0.4217741 ,
         -0.4217741 ,  0.        ]],

       [[ 0.        , -0.62217729, -0.73516337, ..., -0.89116325,
         -0.95524044, -0.47332297],
        [ 0.62217729,  0.        , -0.15377429, ..., -0.41539954,
         -0.56377615,  0.17751573],
        [ 0.73516337,  0.15377429,  0.        , ..., -0.27057967,
         -0.43006416,  0.3267364 ],
        ...,
        [ 0.89116325,  0.41539954,  0.27057967, ...,  0.        ,
         -0.16974285,  0.57027739],
        [ 0.95524044,  0.56377615,  0.43006416, ...,  0.16974285,
          0.        ,  0.70143739],
        [ 0.47332297, -0.17751573, -0.3267364 , ..., -0.57027739,
         -0.70143739,  0.        ]],

       [[ 0.        , -0.11209597, -0.38461538, ...,  0.99984259,
          0.99869619,  0.98677851],
        [ 0.11209597,  0.        , -0.2787181 , ...,  0.99155212,
          0.98667948,  0.96239131],
        [ 0.38461538,  0.2787181 ,  0.        , ...,  0.91610764,
          0.90223944,  0.84853608],
        ...,
        [-0.99984259, -0.99155212, -0.91610764, ...,  0.        ,
          0.03332105,  0.14454133],
        [-0.99869619, -0.98667948, -0.90223944, ..., -0.03332105,
          0.        ,  0.11148993],
        [-0.98677851, -0.96239131, -0.84853608, ..., -0.14454133,
         -0.11148993,  0.        ]],

       ...,

       [[ 0.        ,  0.21974443,  0.24124154, ..., -0.69838143,
         -0.85389254, -0.74543453],
        [-0.21974443,  0.        ,  0.02209069, ..., -0.83858798,
         -0.9473871 , -0.87369122],
        [-0.24124154, -0.02209069,  0.        , ..., -0.8504176 ,
         -0.95422692, -0.88422471],
        ...,
        [ 0.69838143,  0.83858798,  0.8504176 , ...,  0.        ,
         -0.24768074, -0.06800042],
        [ 0.85389254,  0.9473871 ,  0.95422692, ...,  0.24768074,
          0.        ,  0.18122578],
        [ 0.74543453,  0.87369122,  0.88422471, ...,  0.06800042,
         -0.18122578,  0.        ]],

       [[ 0.        , -0.28482335, -0.32400656, ...,  0.81815819,
          0.81750011,  0.80732097],
        [ 0.28482335,  0.        , -0.04112772, ...,  0.62049861,
          0.6196014 ,  0.60580391],
        [ 0.32400656,  0.04112772,  0.        , ...,  0.58772094,
          0.58679533,  0.57256955],
        ...,
        [-0.81815819, -0.62049861, -0.58772094, ...,  0.        ,
          0.00114357,  0.01860137],
        [-0.81750011, -0.6196014 , -0.58679533, ..., -0.00114357,
          0.        ,  0.01745799],
        [-0.80732097, -0.60580391, -0.57256955, ..., -0.01860137,
         -0.01745799,  0.        ]],

       [[ 0.        ,  0.13082441,  0.12718418, ...,  0.3010999 ,
          0.33608878,  0.        ],
        [-0.13082441,  0.        , -0.0036709 , ...,  0.4232653 ,
          0.45641468,  0.13082441],
        [-0.12718418,  0.0036709 ,  0.        , ...,  0.4199366 ,
          0.45314536,  0.12718418],
        ...,
        [-0.3010999 , -0.4232653 , -0.4199366 , ...,  0.        ,
         -0.03690677,  0.3010999 ],
        [-0.33608878, -0.45641468, -0.45314536, ...,  0.03690677,
          0.        ,  0.33608878],
        [-0.        , -0.13082441, -0.12718418, ..., -0.3010999 ,
         -0.33608878,  0.        ]]]), 'num': array([ 9.99568636e-01,  2.87195229e-02,  6.64055465e-07,  2.18168335e-03,
        2.21600532e-03,  2.18168335e-03,  2.84306767e-04, -1.19380758e-05,
        2.15571803e-03,  2.17452050e-03,  2.09187420e-03,  6.05155915e-08,
        2.24711613e-03,  2.10192488e-03])}
{'img': array([[[ 0.        ,  0.20464635,  0.67757928, ...,  0.96290482,
          0.75925465,  0.82431078],
        [-0.20464635,  0.        ,  0.51273188, ...,  0.99774791,
          0.87636831,  0.92272303],
        [-0.67757928, -0.51273188,  0.        , ...,  0.89100695,
          0.99935793,  0.98984223],
        ...,
        [-0.96290482, -0.99774791, -0.89100695, ...,  0.        ,
          0.4217741 ,  0.32270352],
        [-0.75925465, -0.87636831, -0.99935793, ..., -0.4217741 ,
          0.        , -0.10661364],
        [-0.82431078, -0.92272303, -0.98984223, ..., -0.32270352,
          0.10661364,  0.        ]],

       [[ 0.        , -0.15377429,  0.38938801, ..., -0.56377615,
          0.17751573,  0.0312843 ],
        [ 0.15377429,  0.        ,  0.5263941 , ..., -0.43006416,
          0.3267364 ,  0.18461123],
        [-0.38938801, -0.5263941 ,  0.        , ..., -0.84088577,
         -0.21969864, -0.36038227],
        ...,
        [ 0.56377615,  0.43006416,  0.84088577, ...,  0.        ,
          0.70143739,  0.58933876],
        [-0.17751573, -0.3267364 ,  0.21969864, ..., -0.70143739,
          0.        , -0.1466414 ],
        [-0.0312843 , -0.18461123,  0.36038227, ..., -0.58933876,
          0.1466414 ,  0.        ]],

       [[ 0.        , -0.2787181 ,  0.173532  , ...,  0.98667948,
          0.96239131,  0.94476313],
        [ 0.2787181 ,  0.        ,  0.44114489, ...,  0.90223944,
          0.84853608,  0.81597402],
        [-0.173532  , -0.44114489,  0.        , ...,  0.99993936,
          0.99493305,  0.98730519],
        ...,
        [-0.98667948, -0.90223944, -0.99993936, ...,  0.        ,
          0.11148993,  0.16969741],
        [-0.96239131, -0.84853608, -0.99493305, ..., -0.11148993,
          0.        ,  0.05876654],
        [-0.94476313, -0.81597402, -0.98730519, ..., -0.16969741,
         -0.05876654,  0.        ]],

       ...,

       [[ 0.        ,  0.02209069, -0.46900181, ..., -0.9473871 ,
         -0.87369122, -0.96495437],
        [-0.02209069,  0.        , -0.48839779, ..., -0.95422692,
         -0.88422471, -0.97051588],
        [ 0.46900181,  0.48839779,  0.        , ..., -0.68660679,
         -0.54348123, -0.72917061],
        ...,
        [ 0.9473871 ,  0.95422692,  0.68660679, ...,  0.        ,
          0.18122578, -0.06026119],
        [ 0.87369122,  0.88422471,  0.54348123, ..., -0.18122578,
          0.        , -0.24015979],
        [ 0.96495437,  0.97051588,  0.72917061, ...,  0.06026119,
          0.24015979,  0.        ]],

       [[ 0.        , -0.04112772,  0.22749931, ...,  0.6196014 ,
          0.60580391,  0.61225542],
        [ 0.04112772,  0.        ,  0.26735609, ...,  0.58679533,
          0.57256955,  0.57921935],
        [-0.22749931, -0.26735609,  0.        , ...,  0.78192235,
          0.7709203 ,  0.77607562],
        ...,
        [-0.6196014 , -0.58679533, -0.78192235, ...,  0.        ,
          0.01745799,  0.00932462],
        [-0.60580391, -0.57256955, -0.7709203 , ..., -0.01745799,
          0.        , -0.00813403],
        [-0.61225542, -0.57921935, -0.77607562, ..., -0.00932462,
          0.00813403,  0.        ]],

       [[ 0.        , -0.03036842,  0.09376877, ...,  0.49534754,
          0.36958642,  0.03036842],
        [ 0.03036842,  0.        ,  0.12396014, ...,  0.46873818,
          0.34119773,  0.        ],
        [-0.09376877, -0.12396014,  0.        , ...,  0.57462149,
          0.45508763,  0.12396014],
        ...,
        [-0.49534754, -0.46873818, -0.57462149, ...,  0.        ,
          0.13921729,  0.46873818],
        [-0.36958642, -0.34119773, -0.45508763, ..., -0.13921729,
          0.        ,  0.34119773],
        [-0.03036842, -0.        , -0.12396014, ..., -0.46873818,
         -0.34119773,  0.        ]]]), 'num': array([9.32397464e-01, 3.56504623e-01, 3.89379879e-07, 2.13293645e-02,
       2.14158934e-02, 2.10553564e-02, 2.24207819e-03, 2.45165109e-04,
       2.09947862e-02, 2.10185817e-02, 2.02559259e-02, 7.53360739e-07,
       2.17258210e-02, 2.03113424e-02])}
{'img': array([[[ 0.        ,  0.65686214,  0.72396227, ...,  0.76244008,
          0.82747855,  0.668941  ],
        [-0.65686214,  0.        ,  0.09274579, ...,  0.99991642,
          0.99275401,  0.99264448],
        [-0.72396227, -0.09274579,  0.        , ...,  0.99440751,
          0.97733033,  0.99959435],
        ...,
        [-0.76244008, -0.99991642, -0.99440751, ...,  0.        ,
         -0.10731923,  0.13388936],
        [-0.82747855, -0.99275401, -0.97733033, ...,  0.10731923,
          0.        ,  0.23946906],
        [-0.668941  , -0.99264448, -0.99959435, ..., -0.13388936,
         -0.23946906,  0.        ]],

       [[ 0.        ,  0.5263941 ,  0.7228    , ...,  0.3267364 ,
          0.18461123, -0.0961674 ],
        [-0.5263941 ,  0.        ,  0.2507855 , ..., -0.21969864,
         -0.36038227, -0.60571979],
        [-0.7228    , -0.2507855 ,  0.        , ..., -0.45733592,
         -0.58279931, -0.78590713],
        ...,
        [-0.3267364 ,  0.21969864,  0.45733592, ...,  0.        ,
         -0.1466414 , -0.41611134],
        [-0.18461123,  0.36038227,  0.58279931, ...,  0.1466414 ,
          0.        , -0.27827002],
        [ 0.0961674 ,  0.60571979,  0.78590713, ...,  0.41611134,
          0.27827002,  0.        ]],

       [[ 0.        ,  0.44114489,  0.58800429, ...,  0.84853608,
          0.81597402,  0.70558559],
        [-0.44114489,  0.        ,  0.17087267, ...,  0.99493305,
          0.98730519,  0.945824  ],
        [-0.58800429, -0.17087267,  0.        , ...,  0.99748017,
          0.99992552,  0.98739278],
        ...,
        [-0.84853608, -0.99493305, -0.99748017, ...,  0.        ,
          0.05876654,  0.22794182],
        [-0.81597402, -0.98730519, -0.99992552, ..., -0.05876654,
          0.        ,  0.17032838],
        [-0.70558559, -0.945824  , -0.98739278, ..., -0.22794182,
         -0.17032838,  0.        ]],

       ...,

       [[ 0.        , -0.48839779, -0.65012125, ..., -0.88422471,
         -0.97051588, -0.55382028],
        [ 0.48839779,  0.        , -0.19621   , ..., -0.54348123,
         -0.72917061, -0.07661757],
        [ 0.65012125,  0.19621   ,  0.        , ..., -0.36821413,
         -0.58072414,  0.12050498],
        ...,
        [ 0.88422471,  0.54348123,  0.36821413, ...,  0.        ,
         -0.24015979,  0.47756927],
        [ 0.97051588,  0.72917061,  0.58072414, ...,  0.24015979,
          0.        ,  0.6745954 ],
        [ 0.55382028,  0.07661757, -0.12050498, ..., -0.47756927,
         -0.6745954 ,  0.        ]],

       [[ 0.        ,  0.26735609,  0.3783247 , ...,  0.57256955,
          0.57921935,  0.56739177],
        [-0.26735609,  0.        ,  0.11706854, ...,  0.7709203 ,
          0.77607562,  0.76689129],
        [-0.3783247 , -0.11706854,  0.        , ...,  0.84018398,
          0.84456728,  0.83674992],
        ...,
        [-0.57256955, -0.7709203 , -0.84018398, ...,  0.        ,
         -0.00813403,  0.00630162],
        [-0.57921935, -0.77607562, -0.84456728, ...,  0.00813403,
          0.        ,  0.01443528],
        [-0.56739177, -0.76689129, -0.83674992, ..., -0.00630162,
         -0.01443528,  0.        ]],

       [[ 0.        ,  0.12396014,  0.30436791, ...,  0.34119773,
          0.        ,  0.06188483],
        [-0.12396014,  0.        ,  0.18394159, ...,  0.45508763,
          0.12396014,  0.18513007],
        [-0.30436791, -0.18394159,  0.        , ...,  0.61111272,
          0.30436791,  0.36273321],
        ...,
        [-0.34119773, -0.45508763, -0.61111272, ...,  0.        ,
          0.34119773,  0.28237254],
        [-0.        , -0.12396014, -0.30436791, ..., -0.34119773,
          0.        , -0.06188483],
        [-0.06188483, -0.18513007, -0.36273321, ..., -0.28237254,
          0.06188483,  0.        ]]]), 'num': array([8.77895273e-01, 4.75549423e-01, 2.71305361e-07, 2.01172925e-02,
       2.01986841e-02, 1.99409440e-02, 2.47092714e-03, 5.42610722e-05,
       1.98812569e-02, 1.97951174e-02, 1.90910800e-02, 7.43022220e-07,
       2.04734826e-02, 1.91167523e-02])}
{'img': array([[[ 0.        ,  0.09274579, -0.08562714, ...,  0.99275401,
          0.99264448,  0.98241397],
        [-0.09274579,  0.        , -0.17766324, ...,  0.97733033,
          0.99959435,  0.99549669],
        [ 0.08562714,  0.17766324,  0.        , ...,  0.99939721,
          0.97863223,  0.96281787],
        ...,
        [-0.99275401, -0.97733033, -0.99939721, ...,  0.        ,
          0.23946906,  0.30341399],
        [-0.99264448, -0.99959435, -0.97863223, ..., -0.23946906,
          0.        ,  0.06640565],
        [-0.98241397, -0.99549669, -0.96281787, ..., -0.30341399,
         -0.06640565,  0.        ]],

       [[ 0.        ,  0.2507855 ,  0.22326459, ..., -0.36038227,
         -0.60571979, -0.41739835],
        [-0.2507855 ,  0.        , -0.02832549, ..., -0.58279931,
         -0.78590713, -0.63195412],
        [-0.22326459,  0.02832549,  0.        , ..., -0.55954772,
         -0.76807687, -0.60974813],
        ...,
        [ 0.36038227,  0.58279931,  0.55954772, ...,  0.        ,
         -0.27827002, -0.06186326],
        [ 0.60571979,  0.78590713,  0.76807687, ...,  0.27827002,
          0.        ,  0.21831719],
        [ 0.41739835,  0.63195412,  0.60974813, ...,  0.06186326,
         -0.21831719,  0.        ]],

       [[ 0.        ,  0.42191819,  0.5144942 , ...,  0.83166176,
          0.72105801,  0.58188956],
        [-0.42191819,  0.        ,  0.10466563, ...,  0.98829656,
          0.94607208,  0.87069329],
        [-0.5144942 , -0.10466563,  0.        , ...,  0.99883451,
          0.97478283,  0.9173883 ],
        ...,
        [-0.83166176, -0.98829656, -0.99883451, ...,  0.        ,
          0.17584645,  0.35325062],
        [-0.72105801, -0.94607208, -0.97478283, ..., -0.17584645,
          0.        ,  0.18323672],
        [-0.58188956, -0.87069329, -0.9173883 , ..., -0.35325062,
         -0.18323672,  0.        ]],

       ...,

       [[ 0.        , -0.19621   , -0.29096588, ..., -0.72917061,
         -0.07661757,  0.05663232],
        [ 0.19621   ,  0.        , -0.09758939, ..., -0.58072414,
          0.12050498,  0.2514266 ],
        [ 0.29096588,  0.09758939,  0.        , ..., -0.49850465,
          0.21680801,  0.34468095],
        ...,
        [ 0.72917061,  0.58072414,  0.49850465, ...,  0.        ,
          0.6745954 ,  0.76675568],
        [ 0.07661757, -0.12050498, -0.21680801, ..., -0.6745954 ,
          0.        ,  0.13296046],
        [-0.05663232, -0.2514266 , -0.34468095, ..., -0.76675568,
         -0.13296046,  0.        ]],

       [[ 0.        ,  0.12341137,  0.10618387, ...,  0.76389397,
          0.75448507,  0.70947959],
        [-0.12341137,  0.        , -0.0173415 , ...,  0.83769697,
          0.82971449,  0.79102724],
        [-0.10618387,  0.0173415 ,  0.        , ...,  0.82810019,
          0.8199099 ,  0.78029909],
        ...,
        [-0.76389397, -0.83769697, -0.82810019, ...,  0.        ,
          0.01445602,  0.08047911],
        [-0.75448507, -0.82971449, -0.8199099 , ..., -0.01445602,
          0.        ,  0.06606157],
        [-0.70947959, -0.79102724, -0.78029909, ..., -0.08047911,
         -0.06606157,  0.        ]],

       [[ 0.        ,  0.27897435,  0.48967639, ...,  0.13589848,
          0.14919648,  0.        ],
        [-0.27897435,  0.        ,  0.22699661, ...,  0.40688935,
          0.41912511,  0.27897435],
        [-0.48967639, -0.22699661,  0.        , ...,  0.60362401,
          0.61428077,  0.48967639],
        ...,
        [-0.13589848, -0.40688935, -0.60362401, ...,  0.        ,
         -0.0134349 ,  0.13589848],
        [-0.14919648, -0.41912511, -0.61428077, ...,  0.0134349 ,
          0.        ,  0.14919648],
        [-0.        , -0.27897435, -0.48967639, ..., -0.13589848,
         -0.14919648,  0.        ]]]), 'num': array([8.78319937e-01, 4.74752435e-01, 2.70850672e-07, 2.01783751e-02,
       2.02325452e-02, 2.00158647e-02, 2.69769978e-03, 9.47977353e-05,
       1.99996136e-02, 1.97842874e-02, 1.90931667e-02, 7.53845468e-07,
       2.04851001e-02, 1.90834747e-02])}
{'img': array([[[ 0.        , -0.17766324, -0.72396227, ...,  0.99959435,
          0.99549669,  0.97420395],
        [ 0.17766324,  0.        , -0.58988587, ...,  0.97863223,
          0.96281787,  0.91861252],
        [ 0.72396227,  0.58988587,  0.        , ...,  0.668941  ,
          0.6181041 ,  0.50866832],
        ...,
        [-0.99959435, -0.97863223, -0.668941  , ...,  0.        ,
          0.06640565,  0.19783211],
        [-0.99549669, -0.96281787, -0.6181041 , ..., -0.06640565,
          0.        ,  0.13230223],
        [-0.97420395, -0.91861252, -0.50866832, ..., -0.19783211,
         -0.13230223,  0.        ]],

       [[ 0.        , -0.02832549, -0.09450441, ..., -0.78590713,
         -0.63195412, -0.53147769],
        [ 0.02832549,  0.        , -0.06626777, ..., -0.76807687,
         -0.60974813, -0.5072707 ],
        [ 0.09450441,  0.06626777,  0.        , ..., -0.72395347,
         -0.55588431, -0.44904696],
        ...,
        [ 0.78590713,  0.76807687,  0.72395347, ...,  0.        ,
          0.21831719,  0.33708382],
        [ 0.63195412,  0.60974813,  0.55588431, ..., -0.21831719,
          0.        ,  0.12341254],
        [ 0.53147769,  0.5072707 ,  0.44904696, ..., -0.33708382,
         -0.12341254,  0.        ]],

       [[ 0.        ,  0.316916  ,  0.33194436, ...,  0.73521401,
          0.59446199,  0.316916  ],
        [-0.316916  ,  0.        ,  0.01588728, ...,  0.91213316,
          0.81865929,  0.60116025],
        [-0.33194436, -0.01588728,  0.        , ...,  0.91853014,
          0.82767971,  0.61378036],
        ...,
        [-0.73521401, -0.91213316, -0.91853014, ...,  0.        ,
          0.18825585,  0.48249961],
        [-0.59446199, -0.81865929, -0.82767971, ..., -0.18825585,
          0.        ,  0.30897995],
        [-0.316916  , -0.60116025, -0.61378036, ..., -0.48249961,
         -0.30897995,  0.        ]],

       ...,

       [[ 0.        , -0.09758939, -0.52098648, ...,  0.12050498,
          0.2514266 ,  0.29611798],
        [ 0.09758939,  0.        , -0.43520081, ...,  0.21680801,
          0.34468095,  0.38791718],
        [ 0.52098648,  0.43520081,  0.        , ...,  0.62004873,
          0.71885943,  0.75037687],
        ...,
        [-0.12050498, -0.21680801, -0.62004873, ...,  0.        ,
          0.13296046,  0.17885959],
        [-0.2514266 , -0.34468095, -0.71885943, ..., -0.13296046,
          0.        ,  0.04645513],
        [-0.29611798, -0.38791718, -0.75037687, ..., -0.17885959,
         -0.04645513,  0.        ]],

       [[ 0.        , -0.0173415 , -0.08843133, ...,  0.82971449,
          0.79102724,  0.73092546],
        [ 0.0173415 ,  0.        , -0.07114447, ...,  0.8199099 ,
          0.78029909,  0.71898071],
        [ 0.08843133,  0.07114447,  0.        , ...,  0.77710259,
          0.73382761,  0.66771128],
        ...,
        [-0.82971449, -0.8199099 , -0.77710259, ...,  0.        ,
          0.06606157,  0.15825089],
        [-0.79102724, -0.78029909, -0.73382761, ..., -0.06606157,
          0.        ,  0.09267607],
        [-0.73092546, -0.71898071, -0.66771128, ..., -0.15825089,
         -0.09267607,  0.        ]],

       [[ 0.        ,  0.41501302,  0.54989767, ...,  0.15069114,
          0.        ,  0.05006746],
        [-0.41501302,  0.        ,  0.15367324, ...,  0.54737507,
          0.41501302,  0.46004467],
        [-0.54989767, -0.15367324,  0.        , ...,  0.6694804 ,
          0.54989767,  0.59102596],
        ...,
        [-0.15069114, -0.54737507, -0.6694804 , ...,  0.        ,
          0.15069114,  0.10100641],
        [-0.        , -0.41501302, -0.54989767, ..., -0.15069114,
          0.        , -0.05006746],
        [-0.05006746, -0.46004467, -0.59102596, ..., -0.10100641,
          0.05006746,  0.        ]]]), 'num': array([ 9.32657748e-01,  3.55752170e-01,  3.90064624e-07,  2.13668733e-02,
        2.15402353e-02,  2.12079581e-02,  2.97411273e-03, -1.58915217e-04,
        2.13610945e-02,  2.11118866e-02,  2.04003798e-02,  7.32912753e-07,
        2.18661872e-02,  2.03575859e-02])}
{'img': array([[[ 0.        , -0.58988587,  0.14808585, ...,  0.96281787,
          0.91861252,  0.97863223],
        [ 0.58988587,  0.        ,  0.70295943, ...,  0.6181041 ,
          0.50866832,  0.668941  ],
        [-0.14808585, -0.70295943,  0.        , ...,  0.99220792,
          0.9670019 ,  0.99829152],
        ...,
        [-0.96281787, -0.6181041 , -0.99220792, ...,  0.        ,
          0.13230223, -0.06640565],
        [-0.91861252, -0.50866832, -0.9670019 , ..., -0.13230223,
          0.        , -0.19783211],
        [-0.97863223, -0.668941  , -0.99829152, ...,  0.06640565,
          0.19783211,  0.        ]],

       [[ 0.        , -0.06626777, -0.8954449 , ..., -0.60974813,
         -0.5072707 , -0.46700763],
        [ 0.06626777,  0.        , -0.86397602, ..., -0.55588431,
         -0.44904696, -0.40738359],
        [ 0.8954449 ,  0.86397602,  0.        , ...,  0.43828236,
          0.54585968,  0.58390122],
        ...,
        [ 0.60974813,  0.55588431, -0.43828236, ...,  0.        ,
          0.12341254,  0.16902377],
        [ 0.5072707 ,  0.44904696, -0.54585968, ..., -0.12341254,
          0.        ,  0.04609479],
        [ 0.46700763,  0.40738359, -0.58390122, ..., -0.16902377,
         -0.04609479,  0.        ]],

       [[ 0.        ,  0.10273274,  0.38412662, ...,  0.60140835,
          0.32096827,  0.23948741],
        [-0.10273274,  0.        ,  0.28724308, ...,  0.68030377,
          0.41656717,  0.33796344],
        [-0.38412662, -0.28724308,  0.        , ...,  0.86216337,
          0.66014618,  0.59406237],
        ...,
        [-0.60140835, -0.68030377, -0.86216337, ...,  0.        ,
          0.31315283,  0.39257055],
        [-0.32096827, -0.41656717, -0.66014618, ..., -0.31315283,
          0.        ,  0.08481181],
        [-0.23948741, -0.33796344, -0.59406237, ..., -0.39257055,
         -0.08481181,  0.        ]],

       ...,

       [[ 0.        , -0.43520081, -0.04745572, ...,  0.34468095,
          0.38791718,  0.13723408],
        [ 0.43520081,  0.        ,  0.39198451, ...,  0.71885943,
          0.75037687,  0.55463964],
        [ 0.04745572, -0.39198451,  0.        , ...,  0.38884024,
          0.4312198 ,  0.18408619],
        ...,
        [-0.34468095, -0.71885943, -0.38884024, ...,  0.        ,
          0.04645513, -0.21259544],
        [-0.38791718, -0.75037687, -0.4312198 , ..., -0.04645513,
          0.        , -0.2577591 ],
        [-0.13723408, -0.55463964, -0.18408619, ...,  0.21259544,
          0.2577591 ,  0.        ]],

       [[ 0.        , -0.07114447, -0.30383069, ...,  0.78029909,
          0.71898071,  0.69908391],
        [ 0.07114447,  0.        , -0.2352796 , ...,  0.73382761,
          0.66771128,  0.64644133],
        [ 0.30383069,  0.2352796 ,  0.        , ...,  0.55339356,
          0.47382019,  0.44878446],
        ...,
        [-0.78029909, -0.73382761, -0.55339356, ...,  0.        ,
          0.09267607,  0.12073314],
        [-0.71898071, -0.66771128, -0.47382019, ..., -0.09267607,
          0.        ,  0.0282154 ],
        [-0.69908391, -0.64644133, -0.44878446, ..., -0.12073314,
         -0.0282154 ,  0.        ]],

       [[ 0.        ,  0.38744074,  0.64096717, ...,  0.        ,
          0.0512352 ,  0.05479129],
        [-0.38744074,  0.        ,  0.29351695, ...,  0.38744074,
          0.43416533,  0.43737053],
        [-0.64096717, -0.29351695,  0.        , ...,  0.64096717,
          0.67945184,  0.68206038],
        ...,
        [-0.        , -0.38744074, -0.64096717, ...,  0.        ,
         -0.0512352 , -0.05479129],
        [-0.0512352 , -0.43416533, -0.67945184, ...,  0.0512352 ,
          0.        , -0.0035611 ],
        [-0.05479129, -0.43737053, -0.68206038, ...,  0.05479129,
          0.0035611 ,  0.        ]]]), 'num': array([ 9.10037792e-01,  4.10376429e-01,  3.38983286e-07,  2.08192235e-02,
        2.09745908e-02,  2.06921048e-02,  2.66377303e-03, -7.06215179e-05,
        2.09180936e-02,  2.06243081e-02,  1.99778858e-02,  6.67566587e-07,
        2.13303312e-02,  1.99182850e-02])}
{'img': array([[[ 0.        ,  0.70295943,  0.91604762, ...,  0.50866832,
          0.668941  ,  0.72396227],
        [-0.70295943,  0.        ,  0.3695849 , ...,  0.9670019 ,
          0.99829152,  0.99983288],
        [-0.91604762, -0.3695849 ,  0.        , ...,  0.99269407,
          0.94920424,  0.9222851 ],
        ...,
        [-0.50866832, -0.9670019 , -0.99269407, ...,  0.        ,
         -0.19783211, -0.27240488],
        [-0.668941  , -0.99829152, -0.94920424, ...,  0.19783211,
          0.        , -0.07667041],
        [-0.72396227, -0.99983288, -0.9222851 , ...,  0.27240488,
          0.07667041,  0.        ]],

       [[ 0.        , -0.86397602, -0.03598652, ..., -0.44904696,
         -0.40738359, -0.51546529],
        [ 0.86397602,  0.        ,  0.84529601, ...,  0.54585968,
          0.58390122,  0.48079634],
        [ 0.03598652, -0.84529601,  0.        , ..., -0.41660186,
         -0.37425477, -0.48429418],
        ...,
        [ 0.44904696, -0.54585968,  0.41660186, ...,  0.        ,
          0.04609479, -0.0757794 ],
        [ 0.40738359, -0.58390122,  0.37425477, ..., -0.04609479,
          0.        , -0.12166109],
        [ 0.51546529, -0.48079634,  0.48429418, ...,  0.0757794 ,
          0.12166109,  0.        ]],

       [[ 0.        ,  0.37139035,  0.54094246, ...,  0.32888247,
          0.25013132,  0.        ],
        [-0.37139035,  0.        ,  0.18989111, ...,  0.65608997,
          0.5918257 ,  0.37139035],
        [-0.54094246, -0.18989111,  0.        , ...,  0.78746005,
          0.73412229,  0.54094246],
        ...,
        [-0.32888247, -0.65608997, -0.78746005, ...,  0.        ,
          0.0822112 ,  0.32888247],
        [-0.25013132, -0.5918257 , -0.73412229, ..., -0.0822112 ,
          0.        ,  0.25013132],
        [-0.        , -0.37139035, -0.54094246, ..., -0.32888247,
         -0.25013132,  0.        ]],

       ...,

       [[ 0.        ,  0.39198451,  0.92350317, ...,  0.75037687,
          0.55463964,  0.38309494],
        [-0.39198451,  0.        ,  0.69923524, ...,  0.4312198 ,
          0.18408619, -0.00964306],
        [-0.92350317, -0.69923524,  0.        , ..., -0.3226074 ,
         -0.5556837 , -0.70609647],
        ...,
        [-0.75037687, -0.4312198 ,  0.3226074 , ...,  0.        ,
         -0.2577591 , -0.43990017],
        [-0.55463964, -0.18408619,  0.5556837 , ...,  0.2577591 ,
          0.        , -0.19355589],
        [-0.38309494,  0.00964306,  0.70609647, ...,  0.43990017,
          0.19355589,  0.        ]],

       [[ 0.        , -0.2352796 , -0.28202167, ...,  0.66771128,
          0.64644133,  0.71739171],
        [ 0.2352796 ,  0.        , -0.04837554, ...,  0.47382019,
          0.44878446,  0.53334065],
        [ 0.28202167,  0.04837554,  0.        , ...,  0.4306649 ,
          0.40502871,  0.49179533],
        ...,
        [-0.66771128, -0.47382019, -0.4306649 , ...,  0.        ,
          0.0282154 , -0.06886654],
        [-0.64644133, -0.44878446, -0.40502871, ..., -0.0282154 ,
          0.        , -0.09698754],
        [-0.71739171, -0.53334065, -0.49179533, ...,  0.06886654,
          0.09698754,  0.        ]],

       [[ 0.        ,  0.5417213 ,  0.73131842, ...,  0.17681828,
          0.17790055,  0.        ],
        [-0.5417213 ,  0.        ,  0.24524214, ...,  0.68181172,
          0.68261578,  0.5417213 ],
        [-0.73131842, -0.24524214,  0.        , ...,  0.84039188,
          0.84098739,  0.73131842],
        ...,
        [-0.17681828, -0.68181172, -0.84039188, ...,  0.        ,
         -0.00109971,  0.17681828],
        [-0.17790055, -0.68261578, -0.84098739, ...,  0.00109971,
          0.        ,  0.17790055],
        [-0.        , -0.5417213 , -0.73131842, ..., -0.17681828,
         -0.17790055,  0.        ]]]), 'num': array([ 8.58915624e-01,  5.09125015e-01,  2.41902219e-07,  1.94328116e-02,
        1.97553479e-02,  1.91774704e-02,  3.64225452e-03, -3.76292341e-04,
        1.98144795e-02,  1.95853444e-02,  1.90377046e-02,  7.73761307e-07,
        2.02070509e-02,  1.89636379e-02])}
{'img': array([[[ 0.        ,  0.77045036,  0.9367497 , ...,  0.71414284,
          0.77045036,  0.95778064],
        [-0.77045036,  0.        ,  0.32752031, ...,  0.99458131,
          0.9823242 ,  0.83208963],
        [-0.9367497 , -0.32752031,  0.        , ...,  0.90567478,
          0.86683556,  0.60453876],
        ...,
        [-0.71414284, -0.99458131, -0.90567478, ...,  0.        ,
         -0.08404919, -0.46513038],
        [-0.77045036, -0.9823242 , -0.86683556, ...,  0.08404919,
          0.        , -0.38908068],
        [-0.95778064, -0.83208963, -0.60453876, ...,  0.46513038,
          0.38908068,  0.        ]],

       [[ 0.        ,  0.84529601,  0.98983933, ...,  0.58390122,
          0.48079634,  0.86288572],
        [-0.84529601,  0.        ,  0.40867649, ..., -0.37425477,
         -0.48429418,  0.03382653],
        [-0.98983933, -0.40867649,  0.        , ..., -0.72055089,
         -0.79955848, -0.37756984],
        ...,
        [-0.58390122,  0.37425477,  0.72055089, ...,  0.        ,
         -0.12166109,  0.40540881],
        [-0.48079634,  0.48429418,  0.79955848, ...,  0.12166109,
          0.        ,  0.51361203],
        [-0.86288572, -0.03382653,  0.37756984, ..., -0.40540881,
         -0.51361203,  0.        ]],

       [[ 0.        ,  0.41605236,  0.63564922, ...,  0.25465121,
          0.        ,  0.41605236],
        [-0.41605236,  0.        ,  0.25683841, ...,  0.63390105,
          0.41605236,  0.75666665],
        [-0.63564922, -0.25683841,  0.        , ...,  0.81127889,
          0.63564922,  0.89920496],
        ...,
        [-0.25465121, -0.63390105, -0.81127889, ...,  0.        ,
          0.25465121, -0.17077164],
        [-0.        , -0.41605236, -0.63564922, ..., -0.25465121,
          0.        , -0.41605236],
        [-0.41605236, -0.75666665, -0.89920496, ...,  0.17077164,
          0.41605236,  0.        ]],

       ...,

       [[ 0.        ,  0.69923524,  0.87334354, ...,  0.18408619,
         -0.00964306,  0.51881105],
        [-0.69923524,  0.        ,  0.2837452 , ..., -0.5556837 ,
         -0.70609647, -0.22687478],
        [-0.87334354, -0.2837452 ,  0.        , ..., -0.76874893,
         -0.87800012, -0.4938964 ],
        ...,
        [-0.18408619,  0.5556837 ,  0.76874893, ...,  0.        ,
         -0.19355589,  0.35257137],
        [ 0.00964306,  0.70609647,  0.87800012, ...,  0.19355589,
          0.        ,  0.52703067],
        [-0.51881105,  0.22687478,  0.4938964 , ..., -0.35257137,
         -0.52703067,  0.        ]],

       [[ 0.        , -0.04837554,  0.5174344 , ...,  0.44878446,
          0.53334065,  0.65576614],
        [ 0.04837554,  0.        ,  0.55822465, ...,  0.40502871,
          0.49179533,  0.61847659],
        [-0.5174344 , -0.55822465,  0.        , ...,  0.84643522,
          0.89408984,  0.95179847],
        ...,
        [-0.44878446, -0.40502871, -0.84643522, ...,  0.        ,
         -0.09698754, -0.24720273],
        [-0.53334065, -0.49179533, -0.89408984, ...,  0.09698754,
          0.        , -0.15205991],
        [-0.65576614, -0.61847659, -0.95179847, ...,  0.24720273,
          0.15205991,  0.        ]],

       [[ 0.        ,  0.30144699,  0.13825291, ...,  0.61235524,
          0.54622699,  0.40218511],
        [-0.30144699,  0.        , -0.16673038, ...,  0.82218906,
          0.77332132,  0.65946895],
        [-0.13825291,  0.16673038,  0.        , ...,  0.71577514,
          0.65678733,  0.52490152],
        ...,
        [-0.61235524, -0.82218906, -0.71577514, ...,  0.        ,
          0.08109391,  0.24268637],
        [-0.54622699, -0.77332132, -0.65678733, ..., -0.08109391,
          0.        ,  0.16321748],
        [-0.40218511, -0.65946895, -0.52490152, ..., -0.24268637,
         -0.16321748,  0.        ]]]), 'num': array([8.17563310e-01, 5.73438234e-01, 1.65284412e-07, 1.87788520e-02,
       1.87788520e-02, 1.83974265e-02, 2.73669029e-03, 3.94139751e-04,
       1.87305381e-02, 1.85334682e-02, 1.80393102e-02, 8.17340498e-07,
       1.91277582e-02, 1.79391783e-02])}
{'img': array([[[ 0.        ,  0.33163949,  0.09520613, ...,  0.98423315,
          0.8369201 ,  0.99183103],
        [-0.33163949,  0.        , -0.24031499, ...,  0.8698726 ,
          0.60804099,  0.89339606],
        [-0.09520613,  0.24031499,  0.        , ...,  0.96292267,
          0.78100975,  0.97518135],
        ...,
        [-0.98423315, -0.8698726 , -0.96292267, ...,  0.        ,
         -0.39066445,  0.04988362],
        [-0.8369201 , -0.60804099, -0.78100975, ...,  0.39066445,
          0.        ,  0.43609761],
        [-0.99183103, -0.89339606, -0.97518135, ..., -0.04988362,
         -0.43609761,  0.        ]],

       [[ 0.        ,  0.40867649,  0.57037779, ..., -0.48429418,
          0.03382653, -0.31485857],
        [-0.40867649,  0.        ,  0.1848923 , ..., -0.79955848,
         -0.37756984, -0.67525553],
        [-0.57037779, -0.1848923 ,  0.        , ..., -0.89681726,
         -0.54226685, -0.79998688],
        ...,
        [ 0.48429418,  0.79955848,  0.89681726, ...,  0.        ,
          0.51361203,  0.1841909 ],
        [-0.03382653,  0.37756984,  0.54226685, ..., -0.51361203,
          0.        , -0.34678444],
        [ 0.31485857,  0.67525553,  0.79998688, ..., -0.1841909 ,
          0.34678444,  0.        ]],

       [[ 0.        ,  0.51678518,  0.68398465, ...,  0.        ,
          0.42533503,  0.46028775],
        [-0.51678518,  0.        ,  0.20857666, ...,  0.51678518,
          0.83184493,  0.85284556],
        [-0.68398465, -0.20857666,  0.        , ...,  0.68398465,
          0.92931109,  0.94299916],
        ...,
        [-0.        , -0.51678518, -0.68398465, ...,  0.        ,
         -0.42533503, -0.46028775],
        [-0.42533503, -0.83184493, -0.92931109, ...,  0.42533503,
          0.        , -0.03897738],
        [-0.46028775, -0.85284556, -0.94299916, ...,  0.46028775,
          0.03897738,  0.        ]],

       ...,

       [[ 0.        ,  0.2837452 , -0.04166104, ..., -0.70609647,
         -0.22687478,  0.13444192],
        [-0.2837452 ,  0.        , -0.32344761, ..., -0.87800012,
         -0.4938964 , -0.15225289],
        [ 0.04166104,  0.32344761,  0.        , ..., -0.6759826 ,
         -0.18610312,  0.17560802],
        ...,
        [ 0.70609647,  0.87800012,  0.6759826 , ...,  0.        ,
          0.52703067,  0.79488658],
        [ 0.22687478,  0.4938964 ,  0.18610312, ..., -0.52703067,
          0.        ,  0.35575129],
        [-0.13444192,  0.15225289, -0.17560802, ..., -0.79488658,
         -0.35575129,  0.        ]],

       [[ 0.        ,  0.55822465,  0.65027907, ...,  0.49179533,
          0.61847659,  0.60459409],
        [-0.55822465,  0.        ,  0.11544924, ...,  0.89408984,
          0.95179847,  0.94627034],
        [-0.65027907, -0.11544924,  0.        , ...,  0.93981969,
          0.98084522,  0.97727658],
        ...,
        [-0.49179533, -0.89408984, -0.93981969, ...,  0.        ,
         -0.15205991, -0.13469505],
        [-0.61847659, -0.95179847, -0.98084522, ...,  0.15205991,
          0.        ,  0.01754548],
        [-0.60459409, -0.94627034, -0.97727658, ...,  0.13469505,
         -0.01754548,  0.        ]],

       [[ 0.        , -0.16673038, -0.23082603, ...,  0.77332132,
          0.65946895,  0.70574496],
        [ 0.16673038,  0.        , -0.06536722, ...,  0.65678733,
          0.52490152,  0.57774351],
        [ 0.23082603,  0.06536722,  0.        , ...,  0.6060908 ,
          0.46814075,  0.52315395],
        ...,
        [-0.77332132, -0.65678733, -0.6060908 , ...,  0.        ,
          0.16321748,  0.10041946],
        [-0.65946895, -0.52490152, -0.46814075, ..., -0.16321748,
          0.        , -0.06331961],
        [-0.70574496, -0.57774351, -0.52315395, ..., -0.10041946,
          0.06331961,  0.        ]]]), 'num': array([ 8.59561968e-01,  5.08012197e-01,  2.42448118e-07,  1.95305429e-02,
        1.99076844e-02,  1.94901348e-02,  2.74028333e-03, -3.63672177e-04,
        1.97352768e-02,  1.96248282e-02,  1.91282586e-02,  7.42060856e-07,
        2.02546981e-02,  1.89949584e-02])}
{'img': array([[[ 0.        , -0.24031499, -0.12424324, ...,  0.60804099,
          0.89339606,  0.64916593],
        [ 0.24031499,  0.        ,  0.11785069, ...,  0.78100975,
          0.97518135,  0.81293693],
        [ 0.12424324, -0.11785069,  0.        , ...,  0.70196717,
          0.94229259,  0.73864128],
        ...,
        [-0.60804099, -0.78100975, -0.70196717, ...,  0.        ,
          0.43609761,  0.05287203],
        [-0.89339606, -0.97518135, -0.94229259, ..., -0.43609761,
          0.        , -0.38790813],
        [-0.64916593, -0.81293693, -0.73864128, ..., -0.05287203,
          0.38790813,  0.        ]],

       [[ 0.        ,  0.1848923 , -0.45565369, ..., -0.37756984,
         -0.67525553, -0.73197745],
