state_0,state_1,state_2,state_3,state_4,state_5,state_6,state_7,state_8,state_9,state_10,state_11,state_12,state_13,state_14,state_15,state_16,state_17,state_18,state_19,state_20,state_21,state_22,state_23,state_24,state_25,state_26,state_27,state_28,state_29,state_30,state_31,state_32,state_33,state_34,state_35,state_36,state_37,state_38,state_39,state_40,state_41,state_42,state_43,state_44,state_45,state_46,state_47,state_48,state_49,state_50,state_51,state_52,state_53,state_54,state_55,state_56,state_57,state_58,state_59,state_60,state_61,state_62,state_63,state_64,state_65,state_66,state_67,state_68,state_69,state_70,state_71,state_72,state_73,state_74,state_75,state_76,state_77,state_78,state_79,state_80,state_81,state_82,state_83,state_84,state_85,state_86,state_87,state_88,state_89,state_90,state_91,state_92,state_93,state_94,state_95,state_96,state_97,state_98,state_99,state_100,state_101,state_102,state_103,state_104,state_105,state_106,state_107,state_108,state_109,state_110,state_111,state_112,state_113,state_114,state_115,state_116,state_117,state_118,state_119,state_120,state_121,state_122,state_123,state_124,state_125,state_126,state_127,state_128,state_129,state_130,state_131,state_132,state_133,state_134,state_135,state_136,state_137,state_138,state_139,state_140,state_141,state_142,state_143,state_144,state_145,state_146,state_147,state_148,state_149,state_150,state_151,state_152,state_153,state_154,state_155,state_156,state_157,state_158,state_159,state_160,state_161,state_162,state_163,state_164,state_165,state_166,state_167,state_168,state_169,state_170,state_171,state_172,state_173,state_174,state_175,state_176,state_177,state_178,state_179,state_180,state_181,state_182,state_183,state_184,state_185,state_186,state_187,state_188,state_189,state_190,state_191,state_192,state_193,state_194,state_195,state_196,state_197,state_198,state_199,state_200,state_201,state_202,state_203,state_204,state_205,state_206,state_207,state_208,state_209,state_210,state_211,state_212,state_213,state_214,state_215,state_216,state_217,state_218,state_219,state_220,state_221,state_222,state_223,state_224,state_225,state_226,state_227,state_228,state_229,state_230,state_231,state_232,state_233,state_234,state_235,state_236,state_237,state_238,state_239,state_240,state_241,state_242,state_243,state_244,state_245,state_246,state_247,state_248,state_249,state_250,state_251,state_252,state_253,state_254,state_255,state_256,state_257,state_258,state_259,state_260,state_261,state_262,state_263,state_264,state_265,state_266,state_267,state_268,state_269,state_270,state_271,state_272,state_273,state_274,state_275,state_276,state_277,state_278,state_279,state_280,state_281,state_282,state_283,state_284,state_285,state_286,state_287
{'img': array([[[ 0.        ,  0.0556713 , -0.31758723, ...,  0.79207423,
          0.79207423,  0.67662503],
        [-0.0556713 ,  0.        , -0.36988384, ...,  0.7568627 ,
          0.7568627 ,  0.63458336],
        [ 0.31758723,  0.36988384,  0.        , ...,  0.94493092,
          0.94493092,  0.87544381],
        ...,
        [-0.79207423, -0.7568627 , -0.94493092, ...,  0.        ,
          0.        , -0.17019755],
        [-0.79207423, -0.7568627 , -0.94493092, ...,  0.        ,
          0.        , -0.17019755],
        [-0.67662503, -0.63458336, -0.87544381, ...,  0.17019755,
          0.17019755,  0.        ]],

       [[ 0.        , -0.27947518, -0.5123632 , ..., -0.5068967 ,
         -0.76053227, -0.52820996],
        [ 0.27947518,  0.        , -0.25194244, ..., -0.24578884,
         -0.54876401, -0.26985611],
        [ 0.5123632 ,  0.25194244,  0.        , ...,  0.00635347,
         -0.32044394, -0.01855561],
        ...,
        [ 0.5068967 ,  0.24578884, -0.00635347, ...,  0.        ,
         -0.32645591, -0.02490761],
        [ 0.76053227,  0.54876401,  0.32044394, ...,  0.32645591,
          0.        ,  0.30281165],
        [ 0.52820996,  0.26985611,  0.01855561, ...,  0.02490761,
         -0.30281165,  0.        ]],

       [[ 0.        , -0.24556458, -0.42760575, ...,  0.68097261,
          0.52795504,  0.4154563 ],
        [ 0.24556458,  0.        , -0.1925307 , ...,  0.83995051,
          0.72034038,  0.6261039 ],
        [ 0.42760575,  0.1925307 ,  0.        , ...,  0.92871512,
          0.84040678,  0.76451391],
        ...,
        [-0.68097261, -0.83995051, -0.92871512, ...,  0.        ,
         -0.19170502, -0.31517929],
        [-0.52795504, -0.72034038, -0.84040678, ...,  0.19170502,
          0.        , -0.1273993 ],
        [-0.4154563 , -0.6261039 , -0.76451391, ...,  0.31517929,
          0.1273993 ,  0.        ]],

       ...,

       [[ 0.        , -0.01215089, -0.57396476, ...,  0.84548927,
          0.88779536,  0.73767737],
        [ 0.01215089,  0.        , -0.56397227, ...,  0.85191533,
          0.89332212,  0.74582663],
        [ 0.57396476,  0.56397227,  0.        , ...,  0.99884708,
          0.9911585 ,  0.9915835 ],
        ...,
        [-0.84548927, -0.85191533, -0.99884708, ...,  0.        ,
          0.08494934, -0.17692082],
        [-0.88779536, -0.89332212, -0.9911585 , ..., -0.08494934,
          0.        , -0.25989057],
        [-0.73767737, -0.74582663, -0.9915835 , ...,  0.17692082,
          0.25989057,  0.        ]],

       [[ 0.        , -0.02671304, -0.03226282, ..., -0.46013484,
         -0.44409651, -0.43647103],
        [ 0.02671304,  0.        , -0.00555217, ..., -0.43625349,
         -0.42000371, -0.41228106],
        [ 0.03226282,  0.00555217,  0.        , ..., -0.43125079,
         -0.41495852, -0.40721636],
        ...,
        [ 0.46013484,  0.43625349,  0.43125079, ...,  0.        ,
          0.01798047,  0.02647135],
        [ 0.44409651,  0.42000371,  0.41495852, ..., -0.01798047,
          0.        ,  0.00849291],
        [ 0.43647103,  0.41228106,  0.40721636, ..., -0.02647135,
         -0.00849291,  0.        ]],

       [[ 0.        , -0.66869207, -0.90384608, ..., -0.89259327,
         -0.94800774, -0.97326666],
        [ 0.66869207,  0.        , -0.38594013, ..., -0.96516668,
         -0.91769058, -0.87724606],
        [ 0.90384608,  0.38594013,  0.        , ..., -0.78941352,
         -0.69325901, -0.62401332],
        ...,
        [ 0.89259327,  0.96516668,  0.78941352, ...,  0.        ,
          0.14335606,  0.23380062],
        [ 0.94800774,  0.91769058,  0.69325901, ..., -0.14335606,
          0.        ,  0.09200285],
        [ 0.97326666,  0.87724606,  0.62401332, ..., -0.23380062,
         -0.09200285,  0.        ]]]), 'num': array([7.29337624e-01, 6.84150847e-01, 1.29105079e-06, 2.75529132e-04,
       2.77890810e-04, 2.68444097e-04, 1.91054262e-03, 1.57445218e-06,
       2.78599313e-04, 2.73600428e-04, 2.59896133e-04, 5.13837950e-07,
       3.15495281e-04, 2.31705575e-04])}
{'img': array([[[ 0.        , -0.36988384, -0.86431052, ...,  0.7568627 ,
          0.63458336,  0.67105348],
        [ 0.36988384,  0.        , -0.61697564, ...,  0.94493092,
          0.87544381,  0.89769622],
        [ 0.86431052,  0.61697564,  0.        , ...,  0.94556139,
          0.98715535,  0.97831965],
        ...,
        [-0.7568627 , -0.94493092, -0.94556139, ...,  0.        ,
         -0.17019755, -0.12256173],
        [-0.63458336, -0.87544381, -0.98715535, ...,  0.17019755,
          0.        ,  0.04814087],
        [-0.67105348, -0.89769622, -0.97831965, ...,  0.12256173,
         -0.04814087,  0.        ]],

       [[ 0.        , -0.25194244,  0.84616227, ..., -0.54876401,
         -0.26985611, -0.5321459 ],
        [ 0.25194244,  0.        ,  0.95313346, ..., -0.32044394,
         -0.01855561, -0.30167231],
        [-0.84616227, -0.95313346,  0.        , ..., -0.9998227 ,
         -0.95858336, -0.99999958],
        ...,
        [ 0.54876401,  0.32044394,  0.9998227 , ...,  0.        ,
          0.30281165,  0.01975063],
        [ 0.26985611,  0.01855561,  0.95858336, ..., -0.30281165,
          0.        , -0.28392924],
        [ 0.5321459 ,  0.30167231,  0.99999958, ..., -0.01975063,
          0.28392924,  0.        ]],

       [[ 0.        , -0.1925307 , -0.48931274, ...,  0.72034038,
          0.6261039 ,  0.51888522],
        [ 0.1925307 ,  0.        , -0.31225053, ...,  0.84040678,
          0.76451391,  0.67376107],
        [ 0.48931274,  0.31225053,  0.        , ...,  0.96761236,
          0.927567  ,  0.87081018],
        ...,
        [-0.72034038, -0.84040678, -0.96761236, ...,  0.        ,
         -0.1273993 , -0.25586904],
        [-0.6261039 , -0.76451391, -0.927567  , ...,  0.1273993 ,
          0.        , -0.13062573],
        [-0.51888522, -0.67376107, -0.87081018, ...,  0.25586904,
          0.13062573,  0.        ]],

       ...,

       [[ 0.        , -0.56397227, -0.58102211, ...,  0.89332212,
          0.74582663,  0.74582663],
        [ 0.56397227,  0.        , -0.02079428, ...,  0.9911585 ,
          0.9915835 ,  0.9915835 ],
        [ 0.58102211,  0.02079428,  0.        , ...,  0.98818513,
          0.9940613 ,  0.9940613 ],
        ...,
        [-0.89332212, -0.9911585 , -0.98818513, ...,  0.        ,
         -0.25989057, -0.25989057],
        [-0.74582663, -0.9915835 , -0.9940613 , ...,  0.25989057,
          0.        ,  0.        ],
        [-0.74582663, -0.9915835 , -0.9940613 , ...,  0.25989057,
          0.        ,  0.        ]],

       [[ 0.        , -0.00555217,  0.09682978, ..., -0.42000371,
         -0.41228106, -0.41577666],
        [ 0.00555217,  0.        ,  0.10235437, ..., -0.41495852,
         -0.40721636, -0.41072074],
        [-0.09682978, -0.10235437,  0.        , ..., -0.50590529,
         -0.49856115, -0.50188637],
        ...,
        [ 0.42000371,  0.41495852,  0.50590529, ...,  0.        ,
          0.00849291,  0.00465278],
        [ 0.41228106,  0.40721636,  0.49856115, ..., -0.00849291,
          0.        , -0.0038402 ],
        [ 0.41577666,  0.41072074,  0.50188637, ..., -0.00465278,
          0.0038402 ,  0.        ]],

       [[ 0.        , -0.77013239, -0.97623819, ..., -0.97595615,
         -0.99320594, -0.9990381 ],
        [ 0.77013239,  0.        , -0.45583891, ..., -0.7904103 ,
         -0.72317053, -0.60349973],
        [ 0.97623819,  0.45583891,  0.        , ..., -0.42427761,
         -0.32883278, -0.17368319],
        ...,
        [ 0.97595615,  0.7904103 ,  0.42427761, ...,  0.        ,
          0.10291409,  0.26055355],
        [ 0.99320594,  0.72317053,  0.32883278, ..., -0.10291409,
          0.        ,  0.1598107 ],
        [ 0.9990381 ,  0.60349973,  0.17368319, ..., -0.26055355,
         -0.1598107 ,  0.        ]]]), 'num': array([ 6.94774678e-01,  6.94774678e-01,  0.00000000e+00,  2.37960327e-02,
        2.48034560e-02,  2.37612940e-02,  1.72984304e-01, -5.21081008e-04,
        2.43240615e-02,  2.42337408e-02,  2.29634610e-02,  3.32604899e-05,
        2.78106092e-02,  2.06568723e-02])}
{'img': array([[[ 0.        , -0.61697564, -0.25223729, ...,  0.87544381,
          0.89769622,  0.80489146],
        [ 0.61697564,  0.        ,  0.39851972, ...,  0.98715535,
          0.97831965,  0.99956224],
        [ 0.25223729, -0.39851972,  0.        , ...,  0.969048  ,
          0.97980909,  0.9285488 ],
        ...,
        [-0.87544381, -0.98715535, -0.969048  , ...,  0.        ,
          0.04814087, -0.1304876 ],
        [-0.89769622, -0.97831965, -0.97980909, ..., -0.04814087,
          0.        , -0.17806556],
        [-0.80489146, -0.99956224, -0.9285488 , ...,  0.1304876 ,
          0.17806556,  0.        ]],

       [[ 0.        ,  0.95313346,  0.41329582, ..., -0.01855561,
         -0.30167231, -0.28357348],
        [-0.95313346,  0.        , -0.74287758, ..., -0.95858336,
         -0.99999958, -0.99980302],
        [-0.41329582,  0.74287758,  0.        , ..., -0.43012134,
         -0.6687429 , -0.65455134],
        ...,
        [ 0.01855561,  0.95858336,  0.43012134, ...,  0.        ,
         -0.28392924, -0.26573074],
        [ 0.30167231,  0.99999958,  0.6687429 , ...,  0.28392924,
          0.        ,  0.01892655],
        [ 0.28357348,  0.99980302,  0.65455134, ...,  0.26573074,
         -0.01892655,  0.        ]],

       [[ 0.        , -0.31225053, -0.60881928, ...,  0.76451391,
          0.67376107,  0.58839636],
        [ 0.31225053,  0.        , -0.33066706, ...,  0.927567  ,
          0.87081018,  0.81145365],
        [ 0.60881928,  0.33066706,  0.        , ...,  0.99894503,
          0.98438725,  0.95905471],
        ...,
        [-0.76451391, -0.927567  , -0.99894503, ...,  0.        ,
         -0.13062573, -0.23888049],
        [-0.67376107, -0.87081018, -0.98438725, ...,  0.13062573,
          0.        , -0.10998972],
        [-0.58839636, -0.81145365, -0.95905471, ...,  0.23888049,
          0.10998972,  0.        ]],

       ...,

       [[ 0.        , -0.02079428, -0.65436241, ...,  0.9915835 ,
          0.9915835 ,  0.77879118],
        [ 0.02079428,  0.        , -0.63849668, ...,  0.9940613 ,
          0.9940613 ,  0.79166669],
        [ 0.65436241,  0.63849668,  0.        , ...,  0.83453619,
          0.83453619,  0.99937775],
        ...,
        [-0.9915835 , -0.9940613 , -0.83453619, ...,  0.        ,
          0.        , -0.5211746 ],
        [-0.9915835 , -0.9940613 , -0.83453619, ...,  0.        ,
          0.        , -0.5211746 ],
        [-0.77879118, -0.79166669, -0.99937775, ...,  0.5211746 ,
          0.5211746 ,  0.        ]],

       [[ 0.        ,  0.10235437,  0.22994445, ..., -0.40721636,
         -0.41072074, -0.42224055],
        [-0.10235437,  0.        ,  0.12912512, ..., -0.49856115,
         -0.50188637, -0.51280552],
        [-0.22994445, -0.12912512,  0.        , ..., -0.60632005,
         -0.60936939, -0.61936701],
        ...,
        [ 0.40721636,  0.49856115,  0.60632005, ...,  0.        ,
         -0.0038402 , -0.01651065],
        [ 0.41072074,  0.50188637,  0.60936939, ...,  0.0038402 ,
          0.        , -0.01267084],
        [ 0.42224055,  0.51280552,  0.61936701, ...,  0.01651065,
          0.01267084,  0.        ]],

       [[ 0.        , -0.87412687, -0.99342149, ..., -0.99687543,
         -0.9615491 , -0.90256168],
        [ 0.87412687,  0.        , -0.38240163, ..., -0.41513301,
         -0.22695799, -0.06200751],
        [ 0.99342149,  0.38240163,  0.        , ..., -0.03568734,
          0.16271436,  0.32437107],
        ...,
        [ 0.99687543,  0.41513301,  0.03568734, ...,  0.        ,
          0.19782246,  0.35792217],
        [ 0.9615491 ,  0.22695799, -0.16271436, ..., -0.19782246,
          0.        ,  0.16613186],
        [ 0.90256168,  0.06200751, -0.32437107, ..., -0.35792217,
         -0.16613186,  0.        ]]]), 'num': array([7.13988103e-01, 6.11158282e-01, 2.83277746e-06, 2.57074555e-02,
       2.59199138e-02, 2.45389348e-02, 3.34241537e-01, 1.45179845e-03,
       2.49071958e-02, 2.48770976e-02, 2.34719219e-02, 3.79269968e-05,
       2.83588273e-02, 2.13953678e-02])}
{'img': array([[[ 0.        ,  0.39851972,  0.21628008, ...,  0.97831965,
          0.99956224,  0.85731457],
        [-0.39851972,  0.        , -0.19072391, ...,  0.97980909,
          0.9285488 ,  0.99144955],
        [-0.21628008,  0.19072391,  0.        , ...,  0.99995589,
          0.98230279,  0.94836255],
        ...,
        [-0.97831965, -0.97980909, -0.99995589, ...,  0.        ,
         -0.17806556,  0.32608166],
        [-0.99956224, -0.9285488 , -0.98230279, ...,  0.17806556,
          0.        ,  0.48920321],
        [-0.85731457, -0.99144955, -0.94836255, ..., -0.32608166,
         -0.48920321,  0.        ]],

       [[ 0.        , -0.74287758, -0.80627952, ..., -0.99999958,
         -0.99980302, -0.87935812],
        [ 0.74287758,  0.        , -0.10030762, ..., -0.6687429 ,
         -0.65455134, -0.23493698],
        [ 0.80627952,  0.10030762,  0.        , ..., -0.59079199,
         -0.57541577, -0.136252  ],
        ...,
        [ 0.99999958,  0.6687429 ,  0.59079199, ...,  0.        ,
          0.01892655,  0.47535101],
        [ 0.99980302,  0.65455134,  0.57541577, ..., -0.01892655,
          0.        ,  0.45861436],
        [ 0.87935812,  0.23493698,  0.136252  , ..., -0.47535101,
         -0.45861436,  0.        ]],

       [[ 0.        , -0.33066706, -0.53910879, ...,  0.87081018,
          0.81145365,  0.83742123],
        [ 0.33066706,  0.        , -0.23028282, ...,  0.98438725,
          0.95905471,  0.97104291],
        [ 0.53910879,  0.23028282,  0.        , ...,  0.99846414,
          0.99849981,  0.99996066],
        ...,
        [-0.87081018, -0.98438725, -0.99846414, ...,  0.        ,
         -0.10998972, -0.06425577],
        [-0.81145365, -0.95905471, -0.99849981, ...,  0.10998972,
          0.        ,  0.04589651],
        [-0.83742123, -0.97104291, -0.99996066, ...,  0.06425577,
         -0.04589651,  0.        ]],

       ...,

       [[ 0.        , -0.63849668, -0.59525394, ...,  0.9940613 ,
          0.79166669,  0.88353887],
        [ 0.63849668,  0.        ,  0.05493406, ...,  0.83453619,
          0.99937775,  0.97903815],
        [ 0.59525394, -0.05493406,  0.        , ...,  0.86354212,
          0.99980631,  0.98874859],
        ...,
        [-0.9940613 , -0.83453619, -0.86354212, ...,  0.        ,
         -0.5211746 , -0.36942836],
        [-0.79166669, -0.99937775, -0.99980631, ...,  0.5211746 ,
          0.        ,  0.16901763],
        [-0.88353887, -0.97903815, -0.98874859, ...,  0.36942836,
         -0.16901763,  0.        ]],

       [[ 0.        ,  0.12912512,  0.33679475, ..., -0.50188637,
         -0.51280552, -0.5093178 ],
        [-0.12912512,  0.        ,  0.21239383, ..., -0.60936939,
         -0.61936701, -0.61617625],
        [-0.33679475, -0.21239383,  0.        , ..., -0.7638703 ,
         -0.77198636, -0.76940081],
        ...,
        [ 0.50188637,  0.60936939,  0.7638703 , ...,  0.        ,
         -0.01267084, -0.00861343],
        [ 0.51280552,  0.61936701,  0.77198636, ...,  0.01267084,
          0.        ,  0.00405764],
        [ 0.5093178 ,  0.61617625,  0.76940081, ...,  0.00861343,
         -0.00405764,  0.        ]],

       [[ 0.        , -0.51682163, -0.81766468, ..., -0.32633087,
         -0.09676104,  0.64076905],
        [ 0.51682163,  0.        , -0.40246558, ...,  0.20915894,
          0.43156006,  0.94533934],
        [ 0.81766468,  0.40246558,  0.        , ...,  0.58503515,
          0.75812308,  0.99663612],
        ...,
        [ 0.32633087, -0.20915894, -0.58503515, ...,  0.        ,
          0.23333569,  0.85622574],
        [ 0.09676104, -0.43156006, -0.75812308, ..., -0.23333569,
          0.        ,  0.71204904],
        [-0.64076905, -0.94533934, -0.99663612, ..., -0.85622574,
         -0.71204904,  0.        ]]]), 'num': array([ 7.37450629e-01,  6.31993932e-01,  2.92935271e-06,  2.63641744e-02,
        2.68035773e-02,  2.59613884e-02,  2.26638160e-01, -2.19701453e-04,
        2.58295675e-02,  2.59284331e-02,  2.43465827e-02,  3.57150145e-05,
        2.91738482e-02,  2.26830180e-02])}
{'img': array([[[ 0.        , -0.3408443 ,  0.38486371, ...,  0.94609101,
          0.98271723,  0.99453591],
        [ 0.3408443 ,  0.        ,  0.6764082 , ...,  0.99983863,
          0.86077714,  0.8994004 ],
        [-0.38486371, -0.6764082 ,  0.        , ...,  0.74855914,
          0.97826518,  0.95810807],
        ...,
        [-0.94609101, -0.99983863, -0.74855914, ...,  0.        ,
          0.49343684,  0.42089832],
        [-0.98271723, -0.86077714, -0.97826518, ..., -0.49343684,
          0.        , -0.08151079],
        [-0.99453591, -0.8994004 , -0.95810807, ..., -0.42089832,
          0.08151079,  0.        ]],

       [[ 0.        , -0.10030762,  0.10516076, ..., -0.65455134,
         -0.23493698, -0.52800096],
        [ 0.10030762,  0.        ,  0.20438182, ..., -0.57541577,
         -0.136252  , -0.44015236],
        [-0.10516076, -0.20438182,  0.        , ..., -0.73042539,
         -0.33585169, -0.61438045],
        ...,
        [ 0.65455134,  0.57541577,  0.73042539, ...,  0.        ,
          0.45861436,  0.15669565],
        [ 0.23493698,  0.136252  ,  0.33585169, ..., -0.45861436,
          0.        , -0.31370377],
        [ 0.52800096,  0.44015236,  0.61438045, ..., -0.15669565,
          0.31370377,  0.        ]],

       [[ 0.        , -0.23028282, -0.46421815, ...,  0.95905471,
          0.97104291,  0.97757078],
        [ 0.23028282,  0.        , -0.2477754 , ...,  0.99849981,
          0.99996066,  0.99979655],
        [ 0.46421815,  0.2477754 ,  0.        , ...,  0.98093107,
          0.9709771 ,  0.96362253],
        ...,
        [-0.95905471, -0.99849981, -0.98093107, ...,  0.        ,
          0.04589651,  0.07488467],
        [-0.97104291, -0.99996066, -0.9709771 , ..., -0.04589651,
          0.        ,  0.02903812],
        [-0.97757078, -0.99979655, -0.96362253, ..., -0.07488467,
         -0.02903812,  0.        ]],

       ...,

       [[ 0.        ,  0.05493406,  0.56096272, ...,  0.99937775,
          0.97903815,  0.99808663],
        [-0.05493406,  0.        ,  0.51463898, ...,  0.99980631,
          0.98874859,  0.99997613],
        [-0.56096272, -0.51463898,  0.        , ...,  0.84711218,
          0.92474315,  0.86094201],
        ...,
        [-0.99937775, -0.99980631, -0.84711218, ...,  0.        ,
          0.16901763,  0.02658813],
        [-0.97903815, -0.98874859, -0.92474315, ..., -0.16901763,
          0.        , -0.14275227],
        [-0.99808663, -0.99997613, -0.86094201, ..., -0.02658813,
          0.14275227,  0.        ]],

       [[ 0.        ,  0.21239383,  0.30703281, ..., -0.61936701,
         -0.61617625, -0.65706519],
        [-0.21239383,  0.        ,  0.09789262, ..., -0.77198636,
         -0.76940081, -0.80218333],
        [-0.30703281, -0.09789262,  0.        , ..., -0.83050287,
         -0.82823587, -0.85677994],
        ...,
        [ 0.61936701,  0.77198636,  0.83050287, ...,  0.        ,
          0.00405764, -0.04896317],
        [ 0.61617625,  0.76940081,  0.82823587, ..., -0.00405764,
          0.        , -0.05301554],
        [ 0.65706519,  0.80218333,  0.85677994, ...,  0.04896317,
          0.05301554,  0.        ]],

       [[ 0.        , -0.32680256, -0.54680384, ...,  0.30836154,
          0.55864662,  0.99739171],
        [ 0.32680256,  0.        , -0.24316133, ...,  0.60230744,
          0.79902474,  0.96621578],
        [ 0.54680384,  0.24316133,  0.        , ...,  0.77833669,
          0.92125516,  0.87454458],
        ...,
        [-0.30836154, -0.60230744, -0.77833669, ...,  0.        ,
          0.2756665 ,  0.92653088],
        [-0.55864662, -0.79902474, -0.92125516, ..., -0.2756665 ,
          0.        ,  0.78692   ],
        [-0.99739171, -0.96621578, -0.87454458, ..., -0.92653088,
         -0.78692   ,  0.        ]]]), 'num': array([7.19876609e-01, 6.42281678e-01, 2.14350637e-06, 2.58649769e-02,
       2.65437539e-02, 2.55434509e-02, 2.53073080e-01, 1.42900425e-04,
       2.54005505e-02, 2.55148708e-02, 2.38244779e-02, 3.14995560e-05,
       2.81657219e-02, 2.28640198e-02])}
{'img': array([[[ 0.        ,  0.6764082 ,  0.57184845, ...,  0.86077714,
          0.8994004 ,  0.87449755],
        [-0.6764082 ,  0.        , -0.13371596, ...,  0.97826518,
          0.95810807,  0.97216924],
        [-0.57184845,  0.13371596,  0.        , ...,  0.99720711,
          0.98780115,  0.9947658 ],
        ...,
        [-0.86077714, -0.97826518, -0.99720711, ...,  0.        ,
         -0.08151079, -0.02760086],
        [-0.8994004 , -0.95810807, -0.98780115, ...,  0.08151079,
          0.        ,  0.05397073],
        [-0.87449755, -0.97216924, -0.9947658 , ...,  0.02760086,
         -0.05397073,  0.        ]],

       [[ 0.        ,  0.20438182, -0.00315792, ..., -0.136252  ,
         -0.44015236, -0.35005689],
        [-0.20438182,  0.        , -0.20747206, ..., -0.33585169,
         -0.61438045, -0.53411789],
        [ 0.00315792,  0.20747206,  0.        , ..., -0.13312285,
         -0.43731459, -0.34709703],
        ...,
        [ 0.136252  ,  0.33585169,  0.13312285, ...,  0.        ,
         -0.31370377, -0.21916121],
        [ 0.44015236,  0.61438045,  0.43731459, ...,  0.31370377,
          0.        ,  0.09797906],
        [ 0.35005689,  0.53411789,  0.34709703, ...,  0.21916121,
         -0.09797906,  0.        ]],

       [[ 0.        , -0.2477754 , -0.31885889, ...,  0.99996066,
          0.99979655,  0.99467586],
        [ 0.2477754 ,  0.        , -0.074074  , ...,  0.9709771 ,
          0.96362253,  0.93812537],
        [ 0.31885889,  0.074074  ,  0.        , ...,  0.95059312,
          0.94117768,  0.90989658],
        ...,
        [-0.99996066, -0.9709771 , -0.95059312, ...,  0.        ,
          0.02903812,  0.11187156],
        [-0.99979655, -0.96362253, -0.94117768, ..., -0.02903812,
          0.        ,  0.08296854],
        [-0.99467586, -0.93812537, -0.90989658, ..., -0.11187156,
         -0.08296854,  0.        ]],

       ...,

       [[ 0.        ,  0.55891917,  0.56498275, ...,  0.97916313,
          0.99813029,  0.9969722 ],
        [-0.55891917,  0.        ,  0.00733048, ...,  0.9254464 ,
          0.8618341 ,  0.78325056],
        [-0.56498275, -0.00733048,  0.        , ...,  0.92264417,
          0.85809299,  0.77867211],
        ...,
        [-0.97916313, -0.9254464 , -0.92264417, ...,  0.        ,
         -0.14284697, -0.27859889],
        [-0.99813029, -0.8618341 , -0.85809299, ...,  0.14284697,
          0.        , -0.1385505 ],
        [-0.9969722 , -0.78325056, -0.77867211, ...,  0.27859889,
          0.1385505 ,  0.        ]],

       [[ 0.        ,  0.09789262,  0.02624277, ..., -0.76940081,
         -0.80218333, -0.85875421],
        [-0.09789262,  0.        , -0.07174217, ..., -0.82823587,
         -0.85677994, -0.90478858],
        [-0.02624277,  0.07174217,  0.        , ..., -0.78589882,
         -0.81757603, -0.87190493],
        ...,
        [ 0.76940081,  0.82823587,  0.78589882, ...,  0.        ,
         -0.05301554, -0.1543117 ],
        [ 0.80218333,  0.85677994,  0.81757603, ...,  0.05301554,
          0.        , -0.10171417],
        [ 0.85875421,  0.90478858,  0.87190493, ...,  0.1543117 ,
          0.10171417,  0.        ]],

       [[ 0.        , -0.20784903, -0.45988769, ...,  0.6533041 ,
          0.86911832,  0.91213392],
        [ 0.20784903,  0.        , -0.26527899, ...,  0.79639813,
          0.95294058,  0.80701804],
        [ 0.45988769,  0.26527899,  0.        , ...,  0.92829802,
          0.99921955,  0.6214496 ],
        ...,
        [-0.6533041 , -0.79639813, -0.92829802, ...,  0.        ,
          0.33487868,  0.95835691],
        [-0.86911832, -0.95294058, -0.99921955, ..., -0.33487868,
          0.        ,  0.80739022],
        [-0.91213392, -0.80701804, -0.6214496 , ..., -0.95835691,
         -0.80739022,  0.        ]]]), 'num': array([7.27241583e-01, 6.48466612e-01, 2.16414754e-06, 2.62583235e-02,
       2.65468765e-02, 2.59337014e-02, 2.12752295e-01, 1.44276503e-04,
       2.58471355e-02, 2.59499325e-02, 2.41308462e-02, 2.77454813e-05,
       2.81646444e-02, 2.37352206e-02])}
{'img': array([[[ 0.        , -0.14169707,  0.28583144, ...,  0.96473101,
          0.97762642,  0.98788499],
        [ 0.14169707,  0.        ,  0.41873288, ...,  0.99229695,
          0.99756803,  0.99990695],
        [-0.28583144, -0.41873288,  0.        , ...,  0.84924074,
          0.87671549,  0.9023128 ],
        ...,
        [-0.96473101, -0.99229695, -0.84924074, ...,  0.        ,
          0.05441819,  0.11033411],
        [-0.97762642, -0.99756803, -0.87671549, ..., -0.05441819,
          0.        ,  0.05608467],
        [-0.98788499, -0.99990695, -0.9023128 , ..., -0.11033411,
         -0.05608467,  0.        ]],

       [[ 0.        , -0.20747206, -0.07214879, ..., -0.61438045,
         -0.53411789, -0.6413499 ],
        [ 0.20747206,  0.        ,  0.13635246, ..., -0.43731459,
         -0.34709703, -0.46821209],
        [ 0.07214879, -0.13635246,  0.        , ..., -0.55585318,
         -0.4717306 , -0.5843224 ],
        ...,
        [ 0.61438045,  0.43731459,  0.55585318, ...,  0.        ,
          0.09797906, -0.03464894],
        [ 0.53411789,  0.34709703,  0.4717306 , ..., -0.09797906,
          0.        , -0.13240245],
        [ 0.6413499 ,  0.46821209,  0.5843224 , ...,  0.03464894,
          0.13240245,  0.        ]],

       [[ 0.        , -0.074074  ,  0.39951326, ...,  0.96362253,
          0.93812537,  0.90476616],
        [ 0.074074  ,  0.        ,  0.46632137, ...,  0.94117768,
          0.90989658,  0.87073178],
        [-0.39951326, -0.46632137,  0.        , ...,  0.99015588,
          0.99835502,  0.99958011],
        ...,
        [-0.96362253, -0.94117768, -0.99015588, ...,  0.        ,
          0.08296854,  0.16860109],
        [-0.93812537, -0.90989658, -0.99835502, ..., -0.08296854,
          0.        ,  0.08623898],
        [-0.90476616, -0.87073178, -0.99958011, ..., -0.16860109,
         -0.08623898,  0.        ]],

       ...,

       [[ 0.        ,  0.09480378,  0.67235835, ...,  0.99964796,
          0.9839618 ,  0.93265272],
        [-0.09480378,  0.        ,  0.59915383, ...,  0.99263016,
          0.96261898,  0.89424916],
        [-0.67235835, -0.59915383,  0.        , ...,  0.72212599,
          0.60841909,  0.44780325],
        ...,
        [-0.99964796, -0.99263016, -0.72212599, ...,  0.        ,
         -0.15220974, -0.33590298],
        [-0.9839618 , -0.96261898, -0.60841909, ...,  0.15220974,
          0.        , -0.18862328],
        [-0.93265272, -0.89424916, -0.44780325, ...,  0.33590298,
          0.18862328,  0.        ]],

       [[ 0.        , -0.07174217, -0.44306486, ..., -0.85677994,
         -0.90478858, -0.9388015 ],
        [ 0.07174217,  0.        , -0.37760707, ..., -0.81757603,
         -0.87190493, -0.9116702 ],
        [ 0.44306486,  0.37760707,  0.        , ..., -0.5396136 ,
         -0.62244944, -0.68900823],
        ...,
        [ 0.85677994,  0.81757603,  0.5396136 , ...,  0.        ,
         -0.10171417, -0.188998  ],
        [ 0.90478858,  0.87190493,  0.62244944, ...,  0.10171417,
          0.        , -0.08813677],
        [ 0.9388015 ,  0.9116702 ,  0.68900823, ...,  0.188998  ,
          0.08813677,  0.        ]],

       [[ 0.        , -0.24134242, -0.36589384, ...,  0.87537713,
          0.99583271,  0.75731154],
        [ 0.24134242,  0.        , -0.1304711 , ...,  0.96617574,
          0.98840604,  0.57731585],
        [ 0.36589384,  0.1304711 ,  0.        , ...,  0.99156346,
          0.96014734,  0.46584863],
        ...,
        [-0.87537713, -0.96617574, -0.99156346, ...,  0.        ,
          0.40159273,  0.93778353],
        [-0.99583271, -0.98840604, -0.96014734, ..., -0.40159273,
          0.        ,  0.71939817],
        [-0.75731154, -0.57731585, -0.46584863, ..., -0.93778353,
         -0.71939817,  0.        ]]]), 'num': array([ 7.33212700e-01,  6.54082903e-01,  2.18289096e-06,  2.63765991e-02,
        2.68859403e-02,  2.61583100e-02,  1.70566006e-01, -1.09144548e-04,
        2.63620465e-02,  2.63529511e-02,  2.44022955e-02,  2.90159330e-05,
        2.79681061e-02,  2.47377962e-02])}
{'img': array([[[ 0.        ,  0.41873288,  0.21193903, ...,  0.99756803,
          0.99990695,  0.99843819],
        [-0.41873288,  0.        , -0.21675664, ...,  0.87671549,
          0.9023128 ,  0.88329757],
        [-0.21193903,  0.21675664,  0.        , ...,  0.96013413,
          0.97430078,  0.96391604],
        ...,
        [-0.99756803, -0.87671549, -0.96013413, ...,  0.        ,
          0.05608467,  0.01385895],
        [-0.99990695, -0.9023128 , -0.97430078, ..., -0.05608467,
          0.        , -0.04224215],
        [-0.99843819, -0.88329757, -0.96391604, ..., -0.01385895,
          0.04224215,  0.        ]],

       [[ 0.        ,  0.13635246, -0.22079649, ..., -0.34709703,
         -0.46821209, -0.60908128],
        [-0.13635246,  0.        , -0.3517216 , ..., -0.4717306 ,
         -0.5843224 , -0.7115349 ],
        [ 0.22079649,  0.3517216 ,  0.        , ..., -0.13146124,
         -0.26155724, -0.41893368],
        ...,
        [ 0.34709703,  0.4717306 ,  0.13146124, ...,  0.        ,
         -0.13240245, -0.29592886],
        [ 0.46821209,  0.5843224 ,  0.26155724, ...,  0.13240245,
          0.        , -0.16685137],
        [ 0.60908128,  0.7115349 ,  0.41893368, ...,  0.29592886,
          0.16685137,  0.        ]],

       [[ 0.        ,  0.46632137,  0.56231506, ...,  0.90989658,
          0.87073178,  0.79876108],
        [-0.46632137,  0.        ,  0.11182065, ...,  0.99835502,
          0.99958011,  0.98715782],
        [-0.56231506, -0.11182065,  0.        , ...,  0.98568254,
          0.99655127,  0.9988299 ],
        ...,
        [-0.90989658, -0.99835502, -0.98568254, ...,  0.        ,
          0.08623898,  0.21608359],
        [-0.87073178, -0.99958011, -0.99655127, ..., -0.08623898,
          0.        ,  0.131077  ],
        [-0.79876108, -0.98715782, -0.9988299 , ..., -0.21608359,
         -0.131077  ,  0.        ]],

       ...,

       [[ 0.        ,  0.66800848,  0.77357404, ...,  0.98347591,
          0.9314588 ,  0.94814721],
        [-0.66800848,  0.        ,  0.15233701, ...,  0.61092159,
          0.45009571,  0.49325308],
        [-0.77357404, -0.15233701,  0.        , ...,  0.48318743,
          0.30880852,  0.35498032],
        ...,
        [-0.98347591, -0.61092159, -0.48318743, ...,  0.        ,
         -0.18920419, -0.14092798],
        [-0.9314588 , -0.45009571, -0.30880852, ...,  0.18920419,
          0.        ,  0.04893339],
        [-0.94814721, -0.49325308, -0.35498032, ...,  0.14092798,
         -0.04893339,  0.        ]],

       [[ 0.        , -0.4380797 , -0.58799575, ..., -0.90392051,
         -0.9381633 , -0.97650799],
        [ 0.4380797 ,  0.        , -0.17422373, ..., -0.62519991,
         -0.69168875, -0.78342038],
        [ 0.58799575,  0.17422373,  0.        , ..., -0.4796627 ,
         -0.55528649, -0.66316015],
        ...,
        [ 0.90392051,  0.62519991,  0.4796627 , ...,  0.        ,
         -0.08832191, -0.22287507],
        [ 0.9381633 ,  0.69168875,  0.55528649, ...,  0.08832191,
          0.        , -0.13590373],
        [ 0.97650799,  0.78342038,  0.66316015, ...,  0.22287507,
          0.13590373,  0.        ]],

       [[ 0.        , -0.11915128, -0.34596803, ...,  0.99283843,
          0.9812591 ,  0.53443562],
        [ 0.11915128,  0.        , -0.23171015, ...,  0.99999995,
          0.95130911,  0.4299206 ],
        [ 0.34596803,  0.23171015,  0.        , ...,  0.97285801,
          0.85399712,  0.20901688],
        ...,
        [-0.99283843, -0.99999995, -0.97285801, ...,  0.        ,
          0.30853898,  0.90300245],
        [-0.9812591 , -0.95130911, -0.85399712, ..., -0.30853898,
          0.        ,  0.72638723],
        [-0.53443562, -0.4299206 , -0.20901688, ..., -0.90300245,
         -0.72638723,  0.        ]]]), 'num': array([ 7.18388717e-01,  6.43252586e-01,  2.14674661e-06,  2.50453771e-02,
        2.60114131e-02,  2.49380398e-02,  2.54861758e-01, -8.94477755e-04,
        2.57394919e-02,  2.59291212e-02,  2.40489289e-02,  2.37231057e-05,
        2.74855906e-02,  2.43726517e-02])}
{'img': array([[[ 0.        , -0.21675664, -0.28583144, ...,  0.9023128 ,
          0.88329757,  0.68799253],
        [ 0.21675664,  0.        , -0.07132246, ...,  0.97430078,
          0.96391604,  0.82894012],
        [ 0.28583144,  0.07132246,  0.        , ...,  0.98788499,
          0.98044774,  0.86672238],
        ...,
        [-0.9023128 , -0.97430078, -0.98788499, ...,  0.        ,
         -0.04224215, -0.3582433 ],
        [-0.88329757, -0.96391604, -0.98044774, ...,  0.04224215,
          0.        , -0.31848506],
        [-0.68799253, -0.82894012, -0.86672238, ...,  0.3582433 ,
          0.31848506,  0.        ]],

       [[ 0.        , -0.3517216 , -0.5293354 , ..., -0.5843224 ,
         -0.7115349 , -0.46813434],
        [ 0.3517216 ,  0.        , -0.19710827, ..., -0.26155724,
         -0.41893368, -0.12742136],
        [ 0.5293354 ,  0.19710827,  0.        , ..., -0.06617941,
         -0.2317373 ,  0.07058   ],
        ...,
        [ 0.5843224 ,  0.26155724,  0.06617941, ...,  0.        ,
         -0.16685137,  0.13643963],
        [ 0.7115349 ,  0.41893368,  0.2317373 , ...,  0.16685137,
          0.        ,  0.29981807],
        [ 0.46813434,  0.12742136, -0.07058   , ..., -0.13643963,
         -0.29981807,  0.        ]],

       [[ 0.        ,  0.34452945,  0.484781  , ...,  0.88758633,
          0.81656077,  0.86518215],
        [-0.34452945,  0.        ,  0.15376282, ...,  0.99194884,
          0.96545015,  0.98497877],
        [-0.484781  , -0.15376282,  0.        , ...,  0.99962478,
          0.99403753,  0.99981626],
        ...,
        [-0.88758633, -0.99194884, -0.99962478, ...,  0.        ,
          0.13622592,  0.04654831],
        [-0.81656077, -0.96545015, -0.99403753, ..., -0.13622592,
          0.        , -0.08996388],
        [-0.86518215, -0.98497877, -0.99981626, ..., -0.04654831,
          0.08996388,  0.        ]],

       ...,

       [[ 0.        ,  0.48709154,  0.36114577, ...,  0.82583849,
          0.85949657,  0.64782898],
        [-0.48709154,  0.        , -0.13881043, ...,  0.44657261,
          0.50166941,  0.19472262],
        [-0.36114577,  0.13881043,  0.        , ...,  0.5664496 ,
          0.61689201,  0.32899088],
        ...,
        [-0.82583849, -0.44657261, -0.5664496 , ...,  0.        ,
          0.06255556, -0.26379692],
        [-0.85949657, -0.50166941, -0.61689201, ..., -0.06255556,
          0.        , -0.32361999],
        [-0.64782898, -0.19472262, -0.32899088, ...,  0.26379692,
          0.32361999,  0.        ]],

       [[ 0.        , -0.42512612, -0.69119523, ..., -0.908521  ,
         -0.9599502 , -0.96172995],
        [ 0.42512612,  0.        , -0.31839932, ..., -0.644699  ,
         -0.7497758 , -0.75401043],
        [ 0.69119523,  0.31839932,  0.        , ..., -0.36775066,
         -0.50007271, -0.50562468],
        ...,
        [ 0.908521  ,  0.644699  ,  0.36775066, ...,  0.        ,
         -0.14656386, -0.15291456],
        [ 0.9599502 ,  0.7497758 ,  0.50007271, ...,  0.14656386,
          0.        , -0.00642308],
        [ 0.96172995,  0.75401043,  0.50562468, ...,  0.15291456,
          0.00642308,  0.        ]],

       [[ 0.        , -0.23067942, -0.33045498, ...,  0.95677268,
          0.58932309,  0.42812255],
        [ 0.23067942,  0.        , -0.10382229, ...,  0.86387828,
          0.38706362,  0.20810624],
        [ 0.33045498,  0.10382229,  0.        , ...,  0.80691441,
          0.28924221,  0.10543237],
        ...,
        [-0.95677268, -0.86387828, -0.80691441, ...,  0.        ,
          0.60157738,  0.74014148],
        [-0.58932309, -0.38706362, -0.28924221, ..., -0.60157738,
          0.        ,  0.18670435],
        [-0.42812255, -0.20810624, -0.10543237, ..., -0.74014148,
         -0.18670435,  0.        ]]]), 'num': array([6.84932835e-01, 6.13021066e-01, 2.04585403e-06, 2.39705897e-02,
       2.41069800e-02, 2.30158579e-02, 3.87852325e-01, 1.02292702e-04,
       2.44138581e-02, 2.46968679e-02, 2.29544822e-02, 2.72780538e-05,
       2.62019733e-02, 2.31917625e-02])}
{'img': array([[[ 0.        , -0.07132246, -0.25734476, ...,  0.96391604,
          0.82894012,  0.84914993],
        [ 0.07132246,  0.        , -0.18776909, ...,  0.98044774,
          0.86672238,  0.8846565 ],
        [ 0.25734476,  0.18776909,  0.        , ...,  0.99995785,
          0.94496367,  0.95646738],
        ...,
        [-0.96391604, -0.98044774, -0.99995785, ...,  0.        ,
         -0.31848506, -0.28304488],
        [-0.82894012, -0.86672238, -0.94496367, ...,  0.31848506,
          0.        ,  0.03715501],
        [-0.84914993, -0.8846565 , -0.95646738, ...,  0.28304488,
         -0.03715501,  0.        ]],

       [[ 0.        , -0.19710827, -0.18782663, ..., -0.41893368,
         -0.12742136,  0.24556492],
