state_0,state_1,state_2,state_3,state_4,state_5,state_6,state_7,state_8,state_9,state_10,state_11,state_12,state_13,state_14,state_15,state_16,state_17,state_18,state_19,state_20,state_21,state_22,state_23,state_24,state_25,state_26,state_27,state_28,state_29,state_30,state_31,state_32,state_33,state_34,state_35,state_36,state_37,state_38,state_39,state_40,state_41,state_42,state_43,state_44,state_45,state_46,state_47,state_48,state_49,state_50,state_51,state_52,state_53,state_54,state_55,state_56,state_57,state_58,state_59,state_60,state_61,state_62,state_63,state_64,state_65,state_66,state_67,state_68,state_69,state_70,state_71,state_72,state_73,state_74,state_75,state_76,state_77,state_78,state_79,state_80,state_81,state_82,state_83,state_84,state_85,state_86,state_87,state_88,state_89,state_90,state_91,state_92,state_93,state_94,state_95,state_96,state_97,state_98,state_99,state_100,state_101,state_102,state_103,state_104,state_105,state_106,state_107,state_108,state_109,state_110,state_111,state_112,state_113,state_114,state_115,state_116,state_117,state_118,state_119,state_120,state_121,state_122,state_123,state_124,state_125,state_126,state_127,state_128,state_129,state_130,state_131,state_132,state_133,state_134,state_135,state_136,state_137,state_138,state_139,state_140,state_141,state_142,state_143,state_144,state_145,state_146,state_147,state_148,state_149,state_150,state_151,state_152,state_153,state_154,state_155,state_156,state_157,state_158,state_159,state_160,state_161,state_162,state_163,state_164,state_165,state_166,state_167,state_168,state_169,state_170,state_171,state_172,state_173,state_174,state_175,state_176,state_177,state_178,state_179,state_180,state_181,state_182,state_183,state_184,state_185,state_186,state_187,state_188,state_189,state_190,state_191,state_192,state_193,state_194,state_195,state_196,state_197,state_198,state_199,state_200,state_201,state_202,state_203,state_204,state_205,state_206,state_207,state_208,state_209,state_210,state_211,state_212,state_213,state_214,state_215,state_216,state_217,state_218,state_219,state_220,state_221,state_222,state_223,state_224,state_225,state_226,state_227,state_228,state_229,state_230,state_231,state_232,state_233,state_234,state_235,state_236,state_237,state_238,state_239,state_240,state_241,state_242,state_243,state_244,state_245,state_246,state_247,state_248,state_249,state_250,state_251,state_252,state_253,state_254,state_255,state_256,state_257,state_258,state_259,state_260,state_261,state_262,state_263,state_264,state_265,state_266,state_267,state_268,state_269,state_270,state_271,state_272,state_273,state_274,state_275,state_276,state_277,state_278,state_279,state_280,state_281,state_282,state_283,state_284,state_285,state_286,state_287
{'img': array([[[ 0.        ,  0.06957901,  0.22928413, ...,  0.98163653,
          0.99969085,  0.9747455 ],
        [-0.06957901,  0.        ,  0.16100306, ...,  0.96598453,
          0.99899803,  0.98792144],
        [-0.22928413, -0.16100306,  0.        , ...,  0.91174683,
          0.97875947,  0.99998125],
        ...,
        [-0.98163653, -0.96598453, -0.91174683, ...,  0.        ,
          0.21510902,  0.40516104],
        [-0.99969085, -0.99899803, -0.97875947, ..., -0.21510902,
          0.        ,  0.19901382],
        [-0.9747455 , -0.98792144, -0.99998125, ..., -0.40516104,
         -0.19901382,  0.        ]],

       [[ 0.        ,  0.28923416,  0.48091647, ...,  0.86288241,
          0.58055278,  0.37113499],
        [-0.28923416,  0.        ,  0.20677052, ...,  0.6798211 ,
          0.32023801,  0.08669533],
        [-0.48091647, -0.20677052,  0.        , ...,  0.51348885,
          0.11743611, -0.1211702 ],
        ...,
        [-0.86288241, -0.6798211 , -0.51348885, ...,  0.        ,
         -0.40916425, -0.61368104],
        [-0.58055278, -0.32023801, -0.11743611, ...,  0.40916425,
          0.        , -0.23690257],
        [-0.37113499, -0.08669533,  0.1211702 , ...,  0.61368104,
          0.23690257,  0.        ]],

       [[ 0.        ,  0.09195989,  0.32113361, ...,  0.91908137,
          0.90677719,  0.85856074],
        [-0.09195989,  0.        ,  0.23268374, ...,  0.95142539,
          0.94170614,  0.9020717 ],
        [-0.32113361, -0.23268374,  0.        , ...,  0.99694963,
          0.99414193,  0.97773514],
        ...,
        [-0.91908137, -0.95142539, -0.99694963, ...,  0.        ,
          0.03016237,  0.13289279],
        [-0.90677719, -0.94170614, -0.99414193, ..., -0.03016237,
          0.        ,  0.10293748],
        [-0.85856074, -0.9020717 , -0.97773514, ..., -0.13289279,
         -0.10293748,  0.        ]],

       ...,

       [[ 0.        ,  0.79406833,  0.93446605, ...,  0.98489131,
          0.99968258,  0.99459133],
        [-0.79406833,  0.        ,  0.28526529, ...,  0.46113329,
          0.62764134,  0.68701746],
        [-0.93446605, -0.28526529,  0.        , ...,  0.18884785,
          0.37948219,  0.45118549],
        ...,
        [-0.98489131, -0.46113329, -0.18884785, ...,  0.        ,
          0.19793207,  0.27453349],
        [-0.99968258, -0.62764134, -0.37948219, ..., -0.19793207,
          0.        ,  0.07877502],
        [-0.99459133, -0.68701746, -0.45118549, ..., -0.27453349,
         -0.07877502,  0.        ]],

       [[ 0.        , -0.04847909, -0.10853503, ...,  0.83157809,
          0.81152949,  0.71675694],
        [ 0.04847909,  0.        , -0.06021471, ...,  0.80367465,
          0.7822484 ,  0.68210859],
        [ 0.10853503,  0.06021471,  0.        , ...,  0.76638444,
          0.74331722,  0.63683881],
        ...,
        [-0.83157809, -0.80367465, -0.76638444, ...,  0.        ,
          0.03517076,  0.18178616],
        [-0.81152949, -0.7822484 , -0.74331722, ..., -0.03517076,
          0.        ,  0.14708895],
        [-0.71675694, -0.68210859, -0.63683881, ..., -0.18178616,
         -0.14708895,  0.        ]],

       [[ 0.        ,  0.00907611,  0.10198599, ...,  0.77438124,
          0.76085738,  0.71553975],
        [-0.00907611,  0.        ,  0.092953  , ...,  0.78009198,
          0.7667157 ,  0.72185059],
        [-0.10198599, -0.092953  ,  0.        , ...,  0.83487199,
          0.8230708 ,  0.78305336],
        ...,
        [-0.77438124, -0.78009198, -0.83487199, ...,  0.        ,
          0.02110168,  0.08822528],
        [-0.76085738, -0.7667157 , -0.8230708 , ..., -0.02110168,
          0.        ,  0.06718624],
        [-0.71553975, -0.72185059, -0.78305336, ..., -0.08822528,
         -0.06718624,  0.        ]]]), 'num': array([ 7.67278757e-01,  6.41214437e-01,  2.09409170e-05,  1.17707115e-04,
        1.22204231e-04,  1.17511588e-04,  1.12803695e-02, -2.15079446e-06,
        1.15399899e-04,  1.15732295e-04,  1.06219917e-04,  8.14694872e-07,
        1.26578586e-04,  1.04886003e-04])}
{'img': array([[[ 0.        ,  0.16100306,  0.07766199, ...,  0.99899803,
          0.98792144,  0.99955741],
        [-0.16100306,  0.        , -0.08386798, ...,  0.97875947,
          0.99998125,  0.99130674],
        [-0.07766199,  0.08386798,  0.        , ...,  0.99250512,
          0.99697182,  0.99884884],
        ...,
        [-0.99899803, -0.97875947, -0.99250512, ...,  0.        ,
          0.19901382,  0.07445328],
        [-0.98792144, -0.99998125, -0.99697182, ..., -0.19901382,
          0.        , -0.12549749],
        [-0.99955741, -0.99130674, -0.99884884, ..., -0.07445328,
          0.12549749,  0.        ]],

       [[ 0.        ,  0.20677052, -0.13224469, ...,  0.32023801,
          0.08669533, -0.08663262],
        [-0.20677052,  0.        , -0.33434129, ...,  0.11743611,
         -0.1211702 , -0.29075357],
        [ 0.13224469,  0.33434129,  0.        , ...,  0.4427057 ,
          0.21768067,  0.04587577],
        ...,
        [-0.32023801, -0.11743611, -0.4427057 , ...,  0.        ,
         -0.23690257, -0.40110431],
        [-0.08669533,  0.1211702 , -0.21768067, ...,  0.23690257,
          0.        , -0.17267582],
        [ 0.08663262,  0.29075357, -0.04587577, ...,  0.40110431,
          0.17267582,  0.        ]],

       [[ 0.        ,  0.30867451,  0.30867451, ...,  0.90734714,
          0.85917772,  0.81488844],
        [-0.30867451,  0.        ,  0.        , ...,  0.99280058,
          0.97516386,  0.95400883],
        [-0.30867451,  0.        ,  0.        , ...,  0.99280058,
          0.97516386,  0.95400883],
        ...,
        [-0.90734714, -0.99280058, -0.99280058, ...,  0.        ,
          0.10308593,  0.18335002],
        [-0.85917772, -0.97516386, -0.97516386, ..., -0.10308593,
          0.        ,  0.08103483],
        [-0.81488844, -0.95400883, -0.95400883, ..., -0.18335002,
         -0.08103483,  0.        ]],

       ...,

       [[ 0.        ,  0.40021719,  0.53386442, ...,  0.77078954,
          0.82506002, -0.54431512],
        [-0.40021719,  0.        ,  0.15083252, ...,  0.45139289,
          0.529961  , -0.83455597],
        [-0.53386442, -0.15083252,  0.        , ...,  0.31163698,
          0.3959886 , -0.90810522],
        ...,
        [-0.77078954, -0.45139289, -0.31163698, ...,  0.        ,
          0.09010652, -0.99337821],
        [-0.82506002, -0.529961  , -0.3959886 , ..., -0.09010652,
          0.        , -0.99968963],
        [ 0.54431512,  0.83455597,  0.90810522, ...,  0.99337821,
          0.99968963,  0.        ]],

       [[ 0.        , -0.0600889 , -0.06820181, ...,  0.79962484,
          0.72515984,  0.61164242],
        [ 0.0600889 ,  0.        , -0.00812959, ...,  0.76209656,
          0.68247345,  0.5629988 ],
        [ 0.06820181,  0.00812959,  0.        , ...,  0.75680777,
          0.6765089 ,  0.55626144],
        ...,
        [-0.79962484, -0.76209656, -0.75680777, ...,  0.        ,
          0.11514772,  0.26531946],
        [-0.72515984, -0.68247345, -0.6765089 , ..., -0.11514772,
          0.        ,  0.15253377],
        [-0.61164242, -0.5629988 , -0.55626144, ..., -0.26531946,
         -0.15253377,  0.        ]],

       [[ 0.        ,  0.092953  ,  0.08749907, ...,  0.7667157 ,
          0.72185059,  0.69067644],
        [-0.092953  ,  0.        , -0.00547625, ...,  0.8230708 ,
          0.78305336,  0.75490641],
        [-0.08749907,  0.00547625,  0.        , ...,  0.81994829,
          0.77963564,  0.75130359],
        ...,
        [-0.7667157 , -0.8230708 , -0.81994829, ...,  0.        ,
          0.06718624,  0.11105599],
        [-0.72185059, -0.78305336, -0.77963564, ..., -0.06718624,
          0.        ,  0.04403441],
        [-0.69067644, -0.75490641, -0.75130359, ..., -0.11105599,
         -0.04403441,  0.        ]]]), 'num': array([7.06792775e-01, 7.06792775e-01, 0.00000000e+00, 2.21413655e-04,
       2.28986435e-04, 2.17446961e-04, 2.97921809e-02, 4.32730270e-06,
       2.16148770e-04, 2.14237545e-04, 1.96916314e-04, 1.62627389e-06,
       2.34183990e-04, 1.94291099e-04])}
{'img': array([[[ 0.        , -0.08386798, -0.48412475, ...,  0.99998125,
          0.99130674,  0.99998202],
        [ 0.08386798,  0.        , -0.40903472, ...,  0.99697182,
          0.99884884,  0.99595608],
        [ 0.48412475,  0.40903472,  0.        , ...,  0.87794753,
          0.93108921,  0.87208037],
        ...,
        [-0.99998125, -0.99697182, -0.87794753, ...,  0.        ,
         -0.12549749,  0.01212028],
        [-0.99130674, -0.99884884, -0.93108921, ...,  0.12549749,
          0.        ,  0.13751273],
        [-0.99998202, -0.99595608, -0.87208037, ..., -0.01212028,
         -0.13751273,  0.        ]],

       [[ 0.        , -0.33434129, -0.06588385, ..., -0.1211702 ,
         -0.29075357, -0.04154558],
        [ 0.33434129,  0.        ,  0.2715225 , ...,  0.21768067,
          0.04587577,  0.29489791],
        [ 0.06588385, -0.2715225 ,  0.        , ..., -0.05550854,
         -0.22708432,  0.02437165],
        ...,
        [ 0.1211702 , -0.21768067,  0.05550854, ...,  0.        ,
         -0.17267582,  0.07982613],
        [ 0.29075357, -0.04587577,  0.22708432, ...,  0.17267582,
          0.        ,  0.25075181],
        [ 0.04154558, -0.29489791, -0.02437165, ..., -0.07982613,
         -0.25075181,  0.        ]],

       [[ 0.        ,  0.        , -0.06241201, ...,  0.97377542,
          0.95211954,  0.90620063],
        [ 0.        ,  0.        , -0.06241201, ...,  0.97377542,
          0.95211954,  0.90620063],
        [ 0.06241201,  0.06241201,  0.        , ...,  0.95767757,
          0.93118238,  0.87804318],
        ...,
        [-0.97377542, -0.97377542, -0.95767757, ...,  0.        ,
          0.08109042,  0.205588  ],
        [-0.95211954, -0.95211954, -0.93118238, ..., -0.08109042,
          0.        ,  0.12555273],
        [-0.90620063, -0.90620063, -0.87804318, ..., -0.205588  ,
         -0.12555273,  0.        ]],

       ...,

       [[ 0.        ,  0.15083252, -0.11660821, ...,  0.529961  ,
         -0.83455597, -0.36106308],
        [-0.15083252,  0.        , -0.26507767, ...,  0.3959886 ,
         -0.90810522, -0.49758985],
        [ 0.11660821,  0.26507767,  0.        , ...,  0.62523193,
         -0.76462046, -0.24985793],
        ...,
        [-0.529961  , -0.3959886 , -0.62523193, ...,  0.        ,
         -0.99968963, -0.80040002],
        [ 0.83455597,  0.90810522,  0.76462046, ...,  0.99968963,
          0.        ,  0.57933997],
        [ 0.36106308,  0.49758985,  0.24985793, ...,  0.80040002,
         -0.57933997,  0.        ]],

       [[ 0.        , -0.00808029, -0.01237376, ...,  0.7545514 ,
          0.72109916,  0.56016885],
        [ 0.00808029,  0.        , -0.00429369, ...,  0.74922416,
          0.71547734,  0.55345703],
        [ 0.01237376,  0.00429369,  0.        , ...,  0.74637347,
          0.71247102,  0.54987581],
        ...,
        [-0.7545514 , -0.74922416, -0.74637347, ...,  0.        ,
          0.04956246,  0.25744839],
        [-0.72109916, -0.71547734, -0.71247102, ..., -0.04956246,
          0.        ,  0.20924018],
        [-0.56016885, -0.55345703, -0.54987581, ..., -0.25744839,
         -0.20924018,  0.        ]],

       [[ 0.        , -0.00547625, -0.22797851, ...,  0.78305336,
          0.75490641,  0.71351295],
        [ 0.00547625,  0.        , -0.22264305, ...,  0.77963564,
          0.75130359,  0.70966536],
        [ 0.22797851,  0.22264305,  0.        , ...,  0.6206403 ,
          0.58551111,  0.53499209],
        ...,
        [-0.78305336, -0.77963564, -0.6206403 , ...,  0.        ,
          0.04403441,  0.10486749],
        [-0.75490641, -0.75130359, -0.58551111, ..., -0.04403441,
          0.        ,  0.06097416],
        [-0.71351295, -0.70966536, -0.53499209, ..., -0.10486749,
         -0.06097416,  0.        ]]]), 'num': array([ 7.06882612e-01,  7.06882612e-01,  0.00000000e+00,  2.14589364e-04,
        2.22884415e-04,  2.14228710e-04,  2.51709718e-02, -6.85243349e-06,
        2.17763123e-04,  2.14805757e-04,  1.97776859e-04,  1.62648060e-06,
        2.34165072e-04,  1.95446442e-04])}
{'img': array([[[ 0.        , -0.40903472, -0.60828072, ...,  0.99884884,
          0.99595608,  0.99250512],
        [ 0.40903472,  0.        , -0.23040776, ...,  0.93108921,
          0.87208037,  0.9556649 ],
        [ 0.60828072,  0.23040776,  0.        , ...,  0.82198667,
          0.73586337,  0.86210689],
        ...,
        [-0.99884884, -0.93108921, -0.82198667, ...,  0.        ,
          0.13751273, -0.07445328],
        [-0.99595608, -0.87208037, -0.73586337, ..., -0.13751273,
          0.        , -0.21087704],
        [-0.99250512, -0.9556649 , -0.86210689, ...,  0.07445328,
          0.21087704,  0.        ]],

       [[ 0.        ,  0.2715225 , -0.577326  , ...,  0.04587577,
          0.29489791,  0.17599684],
        [-0.2715225 ,  0.        , -0.77733892, ..., -0.22708432,
          0.02437165, -0.09789923],
        [ 0.577326  ,  0.77733892,  0.        , ...,  0.61417636,
          0.7924398 ,  0.7120182 ],
        ...,
        [-0.04587577,  0.22708432, -0.61417636, ...,  0.        ,
          0.25075181,  0.13065186],
        [-0.29489791, -0.02437165, -0.7924398 , ..., -0.25075181,
          0.        , -0.12212473],
        [-0.17599684,  0.09789923, -0.7120182 , ..., -0.13065186,
          0.12212473,  0.        ]],

       [[ 0.        , -0.06241201, -0.30221044, ...,  0.95211954,
          0.90620063,  0.87655675],
        [ 0.06241201,  0.        , -0.24212758, ...,  0.93118238,
          0.87804318,  0.84480907],
        [ 0.30221044,  0.24212758,  0.        , ...,  0.81520601,
          0.73603873,  0.6901166 ],
        ...,
        [-0.95211954, -0.93118238, -0.81520601, ...,  0.        ,
          0.12555273,  0.19026753],
        [-0.90620063, -0.87804318, -0.73603873, ..., -0.12555273,
          0.        ,  0.06550276],
        [-0.87655675, -0.84480907, -0.6901166 , ..., -0.19026753,
         -0.06550276,  0.        ]],

       ...,

       [[ 0.        , -0.26507767, -0.20807194, ..., -0.90810522,
         -0.49758985, -0.49758985],
        [ 0.26507767,  0.        ,  0.05864746, ..., -0.76462046,
         -0.24985793, -0.24985793],
        [ 0.20807194, -0.05864746,  0.        , ..., -0.80110152,
         -0.30621517, -0.30621517],
        ...,
        [ 0.90810522,  0.76462046,  0.80110152, ...,  0.        ,
          0.57933997,  0.57933997],
        [ 0.49758985,  0.24985793,  0.30621517, ..., -0.57933997,
          0.        ,  0.        ],
        [ 0.49758985,  0.24985793,  0.30621517, ..., -0.57933997,
          0.        ,  0.        ]],

       [[ 0.        , -0.00429369, -0.22892439, ...,  0.71547734,
          0.55345703,  0.59769701],
        [ 0.00429369,  0.        , -0.22474261, ...,  0.71247102,
          0.54987581,  0.59424915],
        [ 0.22892439,  0.22474261,  0.        , ...,  0.53654247,
          0.34809351,  0.39829095],
        ...,
        [-0.71547734, -0.71247102, -0.53654247, ...,  0.        ,
          0.20924018,  0.15604137],
        [-0.55345703, -0.54987581, -0.34809351, ..., -0.20924018,
          0.        , -0.05408981],
        [-0.59769701, -0.59424915, -0.39829095, ..., -0.15604137,
          0.05408981,  0.        ]],

       [[ 0.        , -0.22264305,  0.07016739, ...,  0.75130359,
          0.70966536,  0.64216378],
        [ 0.22264305,  0.        ,  0.29050048, ...,  0.58551111,
          0.53499209,  0.45537457],
        [-0.07016739, -0.29050048,  0.        , ...,  0.79575924,
          0.75735186,  0.69436903],
        ...,
        [-0.75130359, -0.58551111, -0.79575924, ...,  0.        ,
          0.06097416,  0.15212457],
        [-0.70966536, -0.53499209, -0.75735186, ..., -0.06097416,
          0.        ,  0.09157702],
        [-0.64216378, -0.45537457, -0.69436903, ..., -0.15212457,
         -0.09157702,  0.        ]]]), 'num': array([ 7.37313338e-01,  6.74970197e-01,  1.06206373e-05,  2.21074967e-04,
        2.28983953e-04,  2.17685402e-04,  2.79978453e-02, -3.01294674e-06,
        2.26799566e-04,  2.24897644e-04,  2.07391168e-04,  1.21283873e-06,
        2.44001180e-04,  2.05794107e-04])}
{'img': array([[[ 0.        , -0.23040776,  0.57497673, ...,  0.87208037,
          0.9556649 ,  0.97643637],
        [ 0.23040776,  0.        ,  0.74801916, ...,  0.73586337,
          0.86210689,  0.90044128],
        [-0.57497673, -0.74801916,  0.        , ...,  0.99488194,
          0.95120173,  0.92297385],
        ...,
        [-0.87208037, -0.73586337, -0.99488194, ...,  0.        ,
         -0.21087704, -0.28963178],
        [-0.9556649 , -0.86210689, -0.95120173, ...,  0.21087704,
          0.        , -0.08128025],
        [-0.97643637, -0.90044128, -0.92297385, ...,  0.28963178,
          0.08128025,  0.        ]],

       [[ 0.        , -0.77733892,  0.85603304, ...,  0.02437165,
         -0.09789923, -0.05308663],
        [ 0.77733892,  0.        ,  0.9403379 , ...,  0.7924398 ,
          0.7120182 ,  0.74284696],
        [-0.85603304, -0.9403379 ,  0.        , ..., -0.84318054,
         -0.90252712, -0.88226755],
        ...,
        [-0.02437165, -0.7924398 ,  0.84318054, ...,  0.        ,
         -0.12212473, -0.07740815],
        [ 0.09789923, -0.7120182 ,  0.90252712, ...,  0.12212473,
          0.        ,  0.04492956],
        [ 0.05308663, -0.74284696,  0.88226755, ...,  0.07740815,
         -0.04492956,  0.        ]],

       [[ 0.        , -0.24212758,  0.04433831, ...,  0.87804318,
          0.84480907,  0.85757605],
        [ 0.24212758,  0.        ,  0.28490846, ...,  0.73603873,
          0.6901166 ,  0.70751832],
        [-0.04433831, -0.28490846,  0.        , ...,  0.89839918,
          0.86770227,  0.87953842],
        ...,
        [-0.87804318, -0.73603873, -0.89839918, ...,  0.        ,
          0.06550276,  0.04120785],
        [-0.84480907, -0.6901166 , -0.86770227, ..., -0.06550276,
          0.        , -0.02432777],
        [-0.85757605, -0.70751832, -0.87953842, ..., -0.04120785,
          0.02432777,  0.        ]],

       ...,

       [[ 0.        ,  0.03827865,  0.70066384, ..., -0.14652756,
         -0.14652756, -0.9506192 ],
        [-0.03827865,  0.        ,  0.67283883, ..., -0.18428567,
         -0.18428567, -0.96180264],
        [-0.70066384, -0.67283883,  0.        , ..., -0.79764746,
         -0.79764746, -0.89571657],
        ...,
        [ 0.14652756,  0.18428567,  0.79764746, ...,  0.        ,
          0.        , -0.89488253],
        [ 0.14652756,  0.18428567,  0.79764746, ...,  0.        ,
          0.        , -0.89488253],
        [ 0.9506192 ,  0.96180264,  0.89571657, ...,  0.89488253,
          0.89488253,  0.        ]],

       [[ 0.        , -0.22474261, -0.44155768, ...,  0.54987581,
          0.59424915,  0.69268058],
        [ 0.22474261,  0.        , -0.22861537, ...,  0.34809351,
          0.39829095,  0.51286617],
        [ 0.44155768,  0.22861537,  0.        , ...,  0.12455717,
          0.17804341,  0.30302474],
        ...,
        [-0.54987581, -0.34809351, -0.12455717, ...,  0.        ,
         -0.05408981, -0.18196409],
        [-0.59424915, -0.39829095, -0.17804341, ...,  0.05408981,
          0.        , -0.12851092],
        [-0.69268058, -0.51286617, -0.30302474, ...,  0.18196409,
          0.12851092,  0.        ]],

       [[ 0.        ,  0.29050048,  0.41666882, ...,  0.53499209,
          0.45537457,  0.2946878 ],
        [-0.29050048,  0.        ,  0.13461803, ...,  0.75735186,
          0.69436903,  0.55957974],
        [-0.41666882, -0.13461803,  0.        , ...,  0.83836463,
          0.78492229,  0.66605446],
        ...,
        [-0.53499209, -0.75735186, -0.83836463, ...,  0.        ,
          0.09157702,  0.26226594],
        [-0.45537457, -0.69436903, -0.78492229, ..., -0.09157702,
          0.        ,  0.17279248],
        [-0.2946878 , -0.55957974, -0.66605446, ..., -0.26226594,
         -0.17279248,  0.        ]]]), 'num': array([ 9.13182013e-01,  4.07164820e-01,  8.69445350e-05,  2.72785549e-04,
        2.77941290e-04,  2.71848142e-04,  1.77427314e-02, -2.34351846e-06,
        2.79347401e-04,  2.80495725e-04,  2.59286883e-04,  1.80514260e-06,
        3.02843554e-04,  2.58147896e-04])}
{'img': array([[[ 0.        ,  0.74801916,  0.67270553, ...,  0.86210689,
          0.90044128,  0.92075787],
        [-0.74801916,  0.        , -0.10700782, ...,  0.95120173,
          0.92297385,  0.90291404],
        [-0.67270553,  0.10700782,  0.        , ...,  0.97875947,
          0.95885761,  0.9437239 ],
        ...,
        [-0.86210689, -0.95120173, -0.97875947, ...,  0.        ,
         -0.08128025, -0.1302347 ],
        [-0.90044128, -0.92297385, -0.95885761, ...,  0.08128025,
          0.        , -0.04921579],
        [-0.92075787, -0.90291404, -0.9437239 , ...,  0.1302347 ,
          0.04921579,  0.        ]],

       [[ 0.        ,  0.9403379 ,  0.85763534, ...,  0.7120182 ,
          0.74284696,  0.36294678],
        [-0.9403379 ,  0.        , -0.77538016, ..., -0.90252712,
         -0.88226755, -0.99970588],
        [-0.85763534,  0.77538016,  0.        , ..., -0.23603682,
         -0.19213842, -0.61250468],
        ...,
        [-0.7120182 ,  0.90252712,  0.23603682, ...,  0.        ,
          0.04492956, -0.40861851],
        [-0.74284696,  0.88226755,  0.19213842, ..., -0.04492956,
          0.        , -0.44921332],
        [-0.36294678,  0.99970588,  0.61250468, ...,  0.40861851,
          0.44921332,  0.        ]],

       [[ 0.        ,  0.28490846,  0.28490846, ...,  0.6901166 ,
          0.70751832,  0.76770147],
        [-0.28490846,  0.        ,  0.        , ...,  0.86770227,
          0.87953842,  0.9184554 ],
        [-0.28490846,  0.        ,  0.        , ...,  0.86770227,
          0.87953842,  0.9184554 ],
        ...,
        [-0.6901166 , -0.86770227, -0.86770227, ...,  0.        ,
         -0.02432777, -0.11335217],
        [-0.70751832, -0.87953842, -0.87953842, ...,  0.02432777,
          0.        , -0.08914765],
        [-0.76770147, -0.9184554 , -0.9184554 , ...,  0.11335217,
          0.08914765,  0.        ]],

       ...,

       [[ 0.        ,  0.67283883,  0.26998679, ..., -0.18428567,
         -0.96180264, -0.51382578],
        [-0.67283883,  0.        , -0.44811902, ..., -0.79764746,
         -0.89571657, -0.95734748],
        [-0.26998679,  0.44811902,  0.        , ..., -0.44280469,
         -0.99999238, -0.72636456],
        ...,
        [ 0.18428567,  0.79764746,  0.44280469, ...,  0.        ,
         -0.89488253, -0.34692767],
        [ 0.96180264,  0.89571657,  0.99999238, ...,  0.89488253,
          0.        ,  0.68446863],
        [ 0.51382578,  0.95734748,  0.72636456, ...,  0.34692767,
         -0.68446863,  0.        ]],

       [[ 0.        , -0.22861537, -0.29081041, ...,  0.39829095,
          0.51286617,  0.58362837],
        [ 0.22861537,  0.        , -0.06437406, ...,  0.17804341,
          0.30302474,  0.38253159],
        [ 0.29081041,  0.06437406,  0.        , ...,  0.11432859,
          0.24104886,  0.32226024],
        ...,
        [-0.39829095, -0.17804341, -0.11432859, ...,  0.        ,
         -0.12851092, -0.21191788],
        [-0.51286617, -0.30302474, -0.24104886, ...,  0.12851092,
          0.        , -0.08456857],
        [-0.58362837, -0.38253159, -0.32226024, ...,  0.21191788,
          0.08456857,  0.        ]],

       [[ 0.        ,  0.3073738 ,  0.31849095, ...,  0.49279309,
          0.35132875,  0.        ],
        [-0.3073738 ,  0.        ,  0.01170485, ...,  0.73639665,
          0.62209991,  0.3073738 ],
        [-0.31849095, -0.01170485,  0.        , ...,  0.74426512,
          0.63122147,  0.31849095],
        ...,
        [-0.49279309, -0.73639665, -0.74426512, ...,  0.        ,
          0.1556711 ,  0.49279309],
        [-0.35132875, -0.62209991, -0.63122147, ..., -0.1556711 ,
          0.        ,  0.35132875],
        [-0.        , -0.3073738 , -0.31849095, ..., -0.49279309,
         -0.35132875,  0.        ]]]), 'num': array([ 8.95789717e-01,  4.44074148e-01,  7.88334326e-05,  2.65558829e-04,
        2.72974085e-04,  2.65558829e-04,  1.89298490e-02, -4.17108109e-06,
        2.73530229e-04,  2.77562274e-04,  2.57510188e-04,  1.79706441e-06,
        2.99125364e-04,  2.55999184e-04])}
{'img': array([[[ 0.        , -0.29720352, -0.4305555 , ...,  0.9965219 ,
          0.99053069,  0.97291549],
        [ 0.29720352,  0.        , -0.14285526, ...,  0.97625957,
          0.98657623,  0.99765537],
        [ 0.4305555 ,  0.14285526,  0.        , ...,  0.93530364,
          0.95312904,  0.97764628],
        ...,
        [-0.9965219 , -0.97625957, -0.93530364, ...,  0.        ,
         -0.05427174, -0.14928279],
        [-0.99053069, -0.98657623, -0.95312904, ...,  0.05427174,
          0.        , -0.09539918],
        [-0.97291549, -0.99765537, -0.97764628, ...,  0.14928279,
          0.09539918,  0.        ]],

       [[ 0.        , -0.78142562, -0.78804724, ..., -0.88880082,
         -0.999788  , -0.99910207],
        [ 0.78142562,  0.        , -0.01068306, ..., -0.19648784,
         -0.63995582, -0.59033061],
        [ 0.78804724,  0.01068306,  0.        , ..., -0.18600182,
         -0.63171032, -0.58167396],
        ...,
        [ 0.88880082,  0.19648784,  0.18600182, ...,  0.        ,
         -0.47649713, -0.42022542],
        [ 0.999788  ,  0.63995582,  0.63171032, ...,  0.47649713,
          0.        ,  0.06293079],
        [ 0.99910207,  0.59033061,  0.58167396, ...,  0.42022542,
         -0.06293079,  0.        ]],

       [[ 0.        ,  0.        ,  0.14692168, ...,  0.71366385,
          0.77398271,  0.82146019],
        [ 0.        ,  0.        ,  0.14692168, ...,  0.71366385,
          0.77398271,  0.82146019],
        [-0.14692168, -0.14692168,  0.        , ...,  0.80883619,
          0.85861535,  0.89633023],
        ...,
        [-0.71366385, -0.71366385, -0.80883619, ...,  0.        ,
         -0.09026911, -0.16844514],
        [-0.77398271, -0.77398271, -0.85861535, ...,  0.09026911,
          0.        , -0.07877819],
        [-0.82146019, -0.82146019, -0.89633023, ...,  0.16844514,
          0.07877819,  0.        ]],

       ...,

       [[ 0.        , -0.44811902, -0.41001587, ..., -0.89571657,
         -0.95734748, -0.95251212],
        [ 0.44811902,  0.        ,  0.04217618, ..., -0.99999238,
         -0.72636456, -0.71506844],
        [ 0.41001587, -0.04217618,  0.        , ..., -0.99926723,
         -0.75470633, -0.74391561],
        ...,
        [ 0.89571657,  0.99999238,  0.99926723, ...,  0.        ,
          0.68446863,  0.69625746],
        [ 0.95734748,  0.72636456,  0.75470633, ..., -0.68446863,
          0.        ,  0.01629495],
        [ 0.95251212,  0.71506844,  0.74391561, ..., -0.69625746,
         -0.01629495,  0.        ]],

       [[ 0.        , -0.06437406, -0.12455717, ...,  0.30302474,
          0.38253159,  0.4077556 ],
        [ 0.06437406,  0.        , -0.06042608, ...,  0.24104886,
          0.32226024,  0.34813047],
        [ 0.12455717,  0.06042608,  0.        , ...,  0.18196409,
          0.26446895,  0.29084813],
        ...,
        [-0.30302474, -0.24104886, -0.18196409, ...,  0.        ,
         -0.08456857, -0.11189483],
        [-0.38253159, -0.32226024, -0.26446895, ...,  0.08456857,
          0.        , -0.0274565 ],
        [-0.4077556 , -0.34813047, -0.29084813, ...,  0.11189483,
          0.0274565 ,  0.        ]],

       [[ 0.        ,  0.0143501 ,  0.01815668, ...,  0.62123249,
          0.45029781,  0.24749932],
        [-0.0143501 ,  0.        ,  0.00380707, ...,  0.63241364,
          0.46306434,  0.26137748],
        [-0.01815668, -0.00380707,  0.        , ...,  0.63535813,
          0.46643529,  0.26505031],
        ...,
        [-0.62123249, -0.63241364, -0.63535813, ...,  0.        ,
          0.20181987,  0.40795776],
        [-0.45029781, -0.46306434, -0.46643529, ..., -0.20181987,
          0.        ,  0.21530137],
        [-0.24749932, -0.26137748, -0.26505031, ..., -0.40795776,
         -0.21530137,  0.        ]]]), 'num': array([9.43499661e-01, 3.30827129e-01, 1.02797405e-04, 2.83644691e-04,
       2.83644691e-04, 2.72222757e-04, 1.90042895e-02, 1.09460199e-05,
       2.79171100e-04, 2.84120605e-04, 2.65476677e-04, 2.33577379e-06,
       3.04895760e-04, 2.63345450e-04])}
{'img': array([[[ 0.        , -0.14285526,  0.31932684, ...,  0.98657623,
          0.99765537,  0.94951267],
        [ 0.14285526,  0.        ,  0.45142772, ...,  0.95312904,
          0.97764628,  0.89495628],
        [-0.31932684, -0.45142772,  0.        , ...,  0.98707019,
          0.96727686,  0.99998259],
        ...,
        [-0.98657623, -0.95312904, -0.98707019, ...,  0.        ,
         -0.09539918,  0.15446054],
        [-0.99765537, -0.97764628, -0.96727686, ...,  0.09539918,
          0.        ,  0.24801035],
        [-0.94951267, -0.89495628, -0.99998259, ..., -0.15446054,
         -0.24801035,  0.        ]],

       [[ 0.        , -0.01068306, -0.17191724, ..., -0.63995582,
         -0.59033061, -0.60485973],
        [ 0.01068306,  0.        , -0.16138343, ..., -0.63171032,
         -0.58167396, -0.59631795],
        [ 0.17191724,  0.16138343,  0.        , ..., -0.49832455,
         -0.44277642, -0.45895101],
        ...,
        [ 0.63995582,  0.63171032,  0.49832455, ...,  0.        ,
          0.06293079,  0.04483603],
        [ 0.59033061,  0.58167396,  0.44277642, ..., -0.06293079,
          0.        , -0.01812035],
        [ 0.60485973,  0.59631795,  0.45895101, ..., -0.04483603,
          0.01812035,  0.        ]],

       [[ 0.        ,  0.14692168,  0.40996815, ...,  0.77398271,
          0.82146019,  0.847247  ],
        [-0.14692168,  0.        ,  0.27151199, ...,  0.85861535,
          0.89633023,  0.91609746],
        [-0.40996815, -0.27151199,  0.        , ...,  0.9655441 ,
          0.98304455,  0.99054858],
        ...,
        [-0.77398271, -0.85861535, -0.9655441 , ...,  0.        ,
         -0.07877819, -0.12534356],
        [-0.82146019, -0.89633023, -0.98304455, ...,  0.07877819,
          0.        , -0.04679711],
        [-0.847247  , -0.91609746, -0.99054858, ...,  0.12534356,
          0.04679711,  0.        ]],

       ...,

       [[ 0.        ,  0.04217618,  0.0875299 , ..., -0.72636456,
         -0.71506844, -0.27157103],
        [-0.04217618,  0.        ,  0.04543771, ..., -0.75470633,
         -0.74391561, -0.31192051],
        [-0.0875299 , -0.04543771,  0.        , ..., -0.78373684,
         -0.7735121 , -0.3547691 ],
        ...,
        [ 0.72636456,  0.75470633,  0.78373684, ...,  0.        ,
          0.01629495,  0.51241323],
        [ 0.71506844,  0.74391561,  0.7735121 , ..., -0.01629495,
          0.        ,  0.49835209],
        [ 0.27157103,  0.31192051,  0.3547691 , ..., -0.51241323,
         -0.49835209,  0.        ]],

       [[ 0.        , -0.06042608,  0.20726339, ...,  0.32226024,
          0.34813047,  0.47932345],
        [ 0.06042608,  0.        ,  0.26599859, ...,  0.26446895,
          0.29084813,  0.42541533],
        [-0.20726339, -0.26599859,  0.        , ...,  0.51146853,
          0.53486914,  0.65081732],
        ...,
        [-0.32226024, -0.26446895, -0.51146853, ...,  0.        ,
         -0.0274565 , -0.17092415],
        [-0.34813047, -0.29084813, -0.53486914, ...,  0.0274565 ,
          0.        , -0.14380725],
        [-0.47932345, -0.42541533, -0.65081732, ...,  0.17092415,
          0.14380725,  0.        ]],

       [[ 0.        ,  0.00379334, -0.06710921, ...,  0.5124022 ,
          0.41860089,  0.26046781],
        [-0.00379334,  0.        , -0.07089352, ...,  0.51565603,
          0.42204288,  0.26412835],
        [ 0.06710921,  0.07089352,  0.        , ...,  0.45361732,
          0.35671062,  0.19508785],
        ...,
        [-0.5124022 , -0.51565603, -0.45361732, ...,  0.        ,
          0.1058768 ,  0.27103979],
        [-0.41860089, -0.42204288, -0.35671062, ..., -0.1058768 ,
          0.        ,  0.16760272],
        [-0.26046781, -0.26412835, -0.19508785, ..., -0.27103979,
         -0.16760272,  0.        ]]]), 'num': array([ 8.89231188e-01,  4.56820003e-01,  7.40430111e-05,  2.64633528e-04,
        2.73696320e-04,  2.64633528e-04,  2.41413749e-02, -5.43767524e-06,
        2.64814784e-04,  2.69391494e-04,  2.53739297e-04,  2.29437774e-06,
        2.87745606e-04,  2.51037382e-04])}
{'img': array([[[ 0.        ,  0.45142772,  0.60677741, ...,  0.97764628,
          0.89495628,  0.94637271],
        [-0.45142772,  0.        ,  0.182605  , ...,  0.96727686,
          0.99998259,  0.99030152],
        [-0.60677741, -0.182605  ,  0.        , ...,  0.90468229,
          0.98209158,  0.94828075],
        ...,
        [-0.97764628, -0.96727686, -0.90468229, ...,  0.        ,
          0.24801035,  0.11687402],
        [-0.89495628, -0.99998259, -0.98209158, ..., -0.24801035,
          0.        , -0.1330881 ],
        [-0.94637271, -0.99030152, -0.94828075, ..., -0.11687402,
          0.1330881 ,  0.        ]],

       [[ 0.        , -0.16138343, -0.44367197, ..., -0.58167396,
         -0.59631795, -0.41278927],
        [ 0.16138343,  0.        , -0.29322613, ..., -0.44277642,
         -0.45895101, -0.26038603],
        [ 0.44367197,  0.29322613,  0.        , ..., -0.1603974 ,
         -0.1782568 ,  0.03417091],
        ...,
        [ 0.58167396,  0.44277642,  0.1603974 , ...,  0.        ,
         -0.01812035,  0.1940322 ],
        [ 0.59631795,  0.45895101,  0.1782568 , ...,  0.01812035,
          0.        ,  0.21177632],
        [ 0.41278927,  0.26038603, -0.03417091, ..., -0.1940322 ,
         -0.21177632,  0.        ]],

       [[ 0.        ,  0.38592211,  0.57552377, ...,  0.82308276,
          0.84884515,  0.86333151],
        [-0.38592211,  0.        ,  0.2153374 , ...,  0.97849311,
          0.98710075,  0.99120105],
        [-0.57552377, -0.2153374 ,  0.        , ...,  0.99995707,
          0.99841866,  0.99645031],
        ...,
        [-0.82308276, -0.97849311, -0.99995707, ...,  0.        ,
         -0.04696159, -0.07494629],
        [-0.84884515, -0.98710075, -0.99841866, ...,  0.04696159,
          0.        , -0.02803408],
        [-0.86333151, -0.99120105, -0.99645031, ...,  0.07494629,
          0.02803408,  0.        ]],

       ...,

       [[ 0.        ,  0.04543771,  0.17568533, ..., -0.74391561,
         -0.31192051, -0.24591361],
        [-0.04543771,  0.        ,  0.13077289, ..., -0.7735121 ,
         -0.3547691 , -0.28970202],
        [-0.17568533, -0.13077289,  0.        , ..., -0.84975089,
         -0.47398909, -0.4123791 ],
        ...,
        [ 0.74391561,  0.7735121 ,  0.84975089, ...,  0.        ,
          0.49835209,  0.5567337 ],
        [ 0.31192051,  0.3547691 ,  0.47398909, ..., -0.49835209,
          0.        ,  0.06869744],
        [ 0.24591361,  0.28970202,  0.4123791 , ..., -0.5567337 ,
         -0.06869744,  0.        ]],

       [[ 0.        ,  0.26599859,  0.42274402, ...,  0.29084813,
          0.42541533,  0.53675615],
        [-0.26599859,  0.        ,  0.166453  , ...,  0.53486914,
          0.65081732,  0.74185163],
        [-0.42274402, -0.166453  ,  0.        , ...,  0.66804934,
          0.76811486,  0.84311974],
        ...,
        [-0.29084813, -0.53486914, -0.66804934, ...,  0.        ,
         -0.14380725, -0.26815231],
        [-0.42541533, -0.65081732, -0.76811486, ...,  0.14380725,
          0.        , -0.12682453],
        [-0.53675615, -0.74185163, -0.84311974, ...,  0.26815231,
          0.12682453,  0.        ]],

       [[ 0.        , -0.07072508, -0.26351934, ...,  0.46506233,
          0.3928703 ,  0.26351934],
        [ 0.07072508,  0.        , -0.19463421, ...,  0.40128639,
          0.32684814,  0.19463421],
        [ 0.26351934,  0.19463421,  0.        , ...,  0.21533644,
          0.13665317,  0.        ],
        ...,
        [-0.46506233, -0.40128639, -0.21533644, ...,  0.        ,
          0.07986908,  0.21533644],
        [-0.3928703 , -0.32684814, -0.13665317, ..., -0.07986908,
          0.        ,  0.13665317],
        [-0.26351934, -0.19463421, -0.        , ..., -0.21533644,
         -0.13665317,  0.        ]]]), 'num': array([ 8.55451524e-01,  5.17749871e-01,  5.85271496e-05,  2.52770698e-04,
        2.56275318e-04,  2.51018388e-04,  1.17148048e-02, -3.06654227e-06,
        2.55136317e-04,  2.59604707e-04,  2.46195886e-04,  2.29060113e-06,
        2.77146195e-04,  2.42063219e-04])}
{'img': array([[[ 0.        ,  0.44199204,  0.36872306, ...,  0.9099882 ,
          0.95866036,  0.97798566],
        [-0.44199204,  0.        , -0.08009739, ...,  0.99954167,
          0.98570662,  0.9695031 ],
        [-0.36872306,  0.08009739,  0.        , ...,  0.99875496,
          0.99603367,  0.98601832],
        ...,
        [-0.9099882 , -0.99954167, -0.99875496, ...,  0.        ,
         -0.13855359, -0.21561711],
        [-0.95866036, -0.98570662, -0.99603367, ...,  0.13855359,
          0.        , -0.07824295],
        [-0.97798566, -0.9695031 , -0.98601832, ...,  0.21561711,
          0.07824295,  0.        ]],

       [[ 0.        , -0.275806  , -0.05628257, ..., -0.42276888,
