state_0,state_1,state_2,state_3,state_4,state_5,state_6,state_7,state_8,state_9,state_10,state_11,state_12,state_13,state_14,state_15,state_16,state_17,state_18,state_19,state_20,state_21,state_22,state_23,state_24,state_25,state_26,state_27,state_28,state_29,state_30,state_31,state_32,state_33,state_34,state_35,state_36,state_37,state_38,state_39,state_40,state_41,state_42,state_43,state_44,state_45,state_46,state_47,state_48,state_49,state_50,state_51,state_52,state_53,state_54,state_55,state_56,state_57,state_58,state_59,state_60,state_61,state_62,state_63,state_64,state_65,state_66,state_67,state_68,state_69,state_70,state_71,state_72,state_73,state_74,state_75,state_76,state_77,state_78,state_79,state_80,state_81,state_82,state_83,state_84,state_85,state_86,state_87,state_88,state_89,state_90,state_91,state_92,state_93,state_94,state_95,state_96,state_97,state_98,state_99,state_100,state_101,state_102,state_103,state_104,state_105,state_106,state_107,state_108,state_109,state_110,state_111,state_112,state_113,state_114,state_115,state_116,state_117,state_118,state_119,state_120,state_121,state_122,state_123,state_124,state_125,state_126,state_127,state_128,state_129,state_130,state_131,state_132,state_133,state_134,state_135,state_136,state_137,state_138,state_139,state_140,state_141,state_142,state_143,state_144,state_145,state_146,state_147,state_148,state_149,state_150,state_151,state_152,state_153,state_154,state_155,state_156,state_157,state_158,state_159,state_160,state_161,state_162,state_163,state_164,state_165,state_166,state_167,state_168,state_169,state_170,state_171,state_172,state_173,state_174,state_175,state_176,state_177,state_178,state_179,state_180,state_181,state_182,state_183,state_184,state_185,state_186,state_187,state_188,state_189,state_190,state_191,state_192,state_193,state_194,state_195,state_196,state_197,state_198,state_199,state_200,state_201,state_202,state_203,state_204,state_205,state_206,state_207,state_208,state_209,state_210,state_211,state_212,state_213,state_214,state_215,state_216,state_217,state_218,state_219,state_220,state_221,state_222,state_223,state_224,state_225,state_226,state_227,state_228,state_229,state_230,state_231,state_232,state_233,state_234,state_235,state_236,state_237,state_238,state_239,state_240,state_241,state_242,state_243,state_244,state_245,state_246,state_247,state_248,state_249,state_250,state_251,state_252,state_253,state_254,state_255,state_256,state_257,state_258,state_259,state_260,state_261,state_262,state_263,state_264,state_265,state_266,state_267,state_268,state_269,state_270,state_271,state_272,state_273,state_274,state_275,state_276,state_277,state_278,state_279,state_280,state_281,state_282,state_283,state_284,state_285,state_286,state_287
{'img': array([[[ 0.00000000e+00,  3.80008616e-01,  2.85658171e-01, ...,
         -9.19970715e-01, -9.13885749e-01, -9.99055182e-01],
        [-3.80008616e-01,  0.00000000e+00, -9.99453198e-02, ...,
         -9.99915697e-01, -9.99601391e-01, -9.40624057e-01],
        [-2.85658171e-01,  9.99453198e-02,  0.00000000e+00, ...,
         -9.93611302e-01, -9.91774639e-01, -9.69840738e-01],
        ...,
        [ 9.19970715e-01,  9.99915697e-01,  9.93611302e-01, ...,
          0.00000000e+00,  1.52504448e-02, -3.51635112e-01],
        [ 9.13885749e-01,  9.99601391e-01,  9.91774639e-01, ...,
         -1.52504448e-02,  0.00000000e+00, -3.65870726e-01],
        [ 9.99055182e-01,  9.40624057e-01,  9.69840738e-01, ...,
          3.51635112e-01,  3.65870726e-01,  0.00000000e+00]],

       [[ 0.00000000e+00,  6.15678377e-01,  6.58380495e-01, ...,
          7.65519897e-02, -6.78715194e-03,  6.31751116e-01],
        [-6.15678377e-01,  0.00000000e+00, -9.82214265e-01, ...,
         -6.74194505e-01, -6.10315937e-01, -9.75074532e-01],
        [-6.58380495e-01,  9.82214265e-01,  0.00000000e+00, ...,
         -5.98828982e-01, -6.63473920e-01, -3.48478939e-02],
        ...,
        [-7.65519897e-02,  6.74194505e-01,  5.98828982e-01, ...,
          0.00000000e+00, -8.33174621e-02,  5.70556396e-01],
        [ 6.78715194e-03,  6.10315937e-01,  6.63473920e-01, ...,
          8.33174621e-02,  0.00000000e+00,  6.36997770e-01],
        [-6.31751116e-01,  9.75074532e-01,  3.48478939e-02, ...,
         -5.70556396e-01, -6.36997770e-01,  0.00000000e+00]],

       [[ 0.00000000e+00,  6.22428150e-02,  8.88806170e-02, ...,
         -9.59975212e-01, -9.24706090e-01, -9.71424738e-01],
        [-6.22428150e-02,  0.00000000e+00,  2.67118050e-02, ...,
         -9.40680578e-01, -8.99218411e-01, -9.54767985e-01],
        [-8.88806170e-02, -2.67118050e-02,  0.00000000e+00, ...,
         -9.31281780e-01, -8.87211133e-01, -9.46484498e-01],
        ...,
        [ 9.59975212e-01,  9.40680578e-01,  9.31281780e-01, ...,
          0.00000000e+00, -1.06448830e-01,  4.42334659e-02],
        [ 9.24706090e-01,  8.99218411e-01,  8.87211133e-01, ...,
          1.06448830e-01,  0.00000000e+00,  1.50326779e-01],
        [ 9.71424738e-01,  9.54767985e-01,  9.46484498e-01, ...,
         -4.42334659e-02, -1.50326779e-01,  0.00000000e+00]],

       ...,

       [[ 0.00000000e+00,  3.52923350e-01, -2.82637700e-01, ...,
         -9.56921420e-01, -9.65850183e-01, -8.95159896e-01],
        [-3.52923350e-01,  0.00000000e+00, -6.02984109e-01, ...,
         -7.92875423e-01, -8.12257027e-01, -6.80244480e-01],
        [ 2.82637700e-01,  6.02984109e-01,  0.00000000e+00, ...,
         -9.99967626e-01, -9.99701081e-01, -9.84645696e-01],
        ...,
        [ 9.56921420e-01,  7.92875423e-01,  9.99967626e-01, ...,
          0.00000000e+00,  3.24922556e-02, -1.66636091e-01],
        [ 9.65850183e-01,  8.12257027e-01,  9.99701081e-01, ...,
         -3.24922556e-02,  0.00000000e+00, -1.98586069e-01],
        [ 8.95159896e-01,  6.80244480e-01,  9.84645696e-01, ...,
          1.66636091e-01,  1.98586069e-01,  0.00000000e+00]],

       [[ 0.00000000e+00,  2.52730919e-01,  3.82664243e-01, ...,
         -4.99607912e-01, -6.68008848e-01, -9.79226271e-01],
        [-2.52730919e-01,  0.00000000e+00,  1.36746731e-01, ...,
         -7.02317520e-01, -8.34393568e-01, -9.98683658e-01],
        [-3.82664243e-01, -1.36746731e-01,  0.00000000e+00, ...,
         -7.93065030e-01, -9.01925882e-01, -9.82287945e-01],
        ...,
        [ 4.99607912e-01,  7.02317520e-01,  7.93065030e-01, ...,
          0.00000000e+00, -2.06878880e-01, -7.46950593e-01],
        [ 6.68008848e-01,  8.34393568e-01,  9.01925882e-01, ...,
          2.06878880e-01,  0.00000000e+00, -5.93241947e-01],
        [ 9.79226271e-01,  9.98683658e-01,  9.82287945e-01, ...,
          7.46950593e-01,  5.93241947e-01,  0.00000000e+00]],

       [[ 0.00000000e+00,  5.87864825e-04,  7.26664653e-02, ...,
         -7.44383887e-01, -8.15672423e-01, -9.60851629e-01],
        [-5.87864825e-04,  0.00000000e+00,  7.20801420e-02, ...,
         -7.44776307e-01, -8.16012370e-01, -9.61014339e-01],
        [-7.26664653e-02, -7.20801420e-02,  0.00000000e+00, ...,
         -7.90939130e-01, -8.55554599e-01, -9.78444644e-01],
        ...,
        [ 7.44383887e-01,  7.44776307e-01,  7.90939130e-01, ...,
          0.00000000e+00, -1.14030295e-01, -4.35368966e-01],
        [ 8.15672423e-01,  8.16012370e-01,  8.55554599e-01, ...,
          1.14030295e-01,  0.00000000e+00, -3.29873159e-01],
        [ 9.60851629e-01,  9.61014339e-01,  9.78444644e-01, ...,
          4.35368966e-01,  3.29873159e-01,  0.00000000e+00]]]), 'num': array([ 9.99868161e-01,  1.57829563e-02,  1.22094939e-05,  1.17432602e-03,
        1.21220750e-03,  1.15975622e-03,  1.02431534e-03, -3.78814845e-05,
        1.23114825e-03,  1.33728925e-03,  1.52623530e-03,  2.94971446e-07,
        1.56539163e-03,  1.10918687e-03])}
{'img': array([[[ 0.        , -0.09783532, -0.03762674, ..., -0.99522887,
         -0.97929603, -0.75806938],
        [ 0.09783532,  0.        ,  0.06031981, ..., -0.98090878,
         -0.99440311, -0.81823827],
        [ 0.03762674, -0.06031981,  0.        , ..., -0.99085294,
         -0.98621946, -0.78207174],
        ...,
        [ 0.99522887,  0.98090878,  0.99085294, ...,  0.        ,
         -0.2970155 , -0.72302558],
        [ 0.97929603,  0.99440311,  0.98621946, ...,  0.2970155 ,
          0.        , -0.48521274],
        [ 0.75806938,  0.81823827,  0.78207174, ...,  0.72302558,
          0.48521274,  0.        ]],

       [[ 0.        , -0.98221426, -0.93360779, ..., -0.61031594,
         -0.97507453, -0.86491266],
        [ 0.98221426,  0.        , -0.1766266 , ..., -0.66347392,
         -0.03484789, -0.3305963 ],
        [ 0.93360779,  0.1766266 ,  0.        , ..., -0.52089082,
          0.14221931, -0.15870335],
        ...,
        [ 0.61031594,  0.66347392,  0.52089082, ...,  0.        ,
          0.63699777,  0.37881633],
        [ 0.97507453,  0.03484789, -0.14221931, ..., -0.63699777,
          0.        , -0.29750703],
        [ 0.86491266,  0.3305963 ,  0.15870335, ..., -0.37881633,
          0.29750703,  0.        ]],

       [[ 0.        ,  0.02667003,  0.09825418, ..., -0.93626218,
         -0.96220088, -0.89859671],
        [-0.02667003,  0.        ,  0.07167825, ..., -0.92655991,
         -0.95459528, -0.88657492],
        [-0.09825418, -0.07167825,  0.        , ..., -0.89721505,
         -0.93078652, -0.85113719],
        ...,
        [ 0.93626218,  0.92655991,  0.89721505, ...,  0.        ,
          0.08304083, -0.09513005],
        [ 0.96220088,  0.95459528,  0.93078652, ..., -0.08304083,
          0.        , -0.17746571],
        [ 0.89859671,  0.88657492,  0.85113719, ...,  0.09513005,
          0.17746571,  0.        ]],

       ...,

       [[ 0.        , -0.60298411, -0.61487159, ..., -0.81225703,
         -0.68024448, -0.65706226],
        [ 0.60298411,  0.        , -0.01498608, ..., -0.99970108,
         -0.9846457 , -0.97872484],
        [ 0.61487159,  0.01498608,  0.        , ..., -0.99922242,
         -0.98715116, -0.98168973],
        ...,
        [ 0.81225703,  0.99970108,  0.99922242, ...,  0.        ,
         -0.19858607, -0.22904464],
        [ 0.68024448,  0.9846457 ,  0.98715116, ...,  0.19858607,
          0.        , -0.03117602],
        [ 0.65706226,  0.97872484,  0.98168973, ...,  0.22904464,
          0.03117602,  0.        ]],

       [[ 0.        ,  0.12549539,  0.28420942, ..., -0.73625742,
         -0.88437502, -0.98990014],
        [-0.12549539,  0.        ,  0.16164228, ..., -0.81535964,
         -0.9359617 , -0.96428315],
        [-0.28420942, -0.16164228,  0.        , ..., -0.89822076,
         -0.9805678 , -0.9087875 ],
        ...,
        [ 0.73625742,  0.81535964,  0.89822076, ...,  0.        ,
         -0.25478989, -0.77424356],
        [ 0.88437502,  0.9359617 ,  0.9805678 , ...,  0.25478989,
          0.        , -0.58743737],
        [ 0.98990014,  0.96428315,  0.9087875 , ...,  0.77424356,
          0.58743737,  0.        ]],

       [[ 0.        ,  0.0691919 ,  0.10242957, ..., -0.74709234,
         -0.82832411, -0.97163272],
        [-0.0691919 ,  0.        ,  0.03335612, ..., -0.79129509,
         -0.86510362, -0.98566761],
        [-0.10242957, -0.03335612,  0.        , ..., -0.81124984,
         -0.88135342, -0.99074626],
        ...,
        [ 0.74709234,  0.79129509,  0.81124984, ...,  0.        ,
         -0.13204593, -0.46918043],
        [ 0.82832411,  0.86510362,  0.88135342, ...,  0.13204593,
          0.        , -0.34846202],
        [ 0.97163272,  0.98566761,  0.99074626, ...,  0.46918043,
          0.34846202,  0.        ]]]), 'num': array([ 7.07092800e-01,  7.07092800e-01,  0.00000000e+00,  1.92664310e-03,
        2.02026514e-03,  1.91678815e-03,  1.45013154e-03, -5.91297115e-05,
        2.04884450e-03,  2.22845100e-03,  2.56581886e-03,  5.54971695e-07,
        2.61051790e-03,  1.84638410e-03])}
{'img': array([[[ 0.        ,  0.05824762,  0.05230398, ..., -0.99884423,
         -0.98580876, -0.80136661],
        [-0.05824762,  0.        , -0.00595272, ..., -0.99994801,
         -0.97435686, -0.76516384],
        [-0.05230398,  0.00595272,  0.        , ..., -0.99999099,
         -0.97567901, -0.76898285],
        ...,
        [ 0.99884423,  0.99994801,  0.99999099, ...,  0.        ,
         -0.21506065, -0.63599946],
        [ 0.98580876,  0.97435686,  0.97567901, ...,  0.21506065,
          0.        , -0.45515747],
        [ 0.80136661,  0.76516384,  0.76898285, ...,  0.63599946,
          0.45515747,  0.        ]],

       [[ 0.        , -0.20697713, -0.65157898, ..., -0.04134897,
         -0.38186932, -0.5550617 ],
        [ 0.20697713,  0.        , -0.48046067, ...,  0.16634653,
         -0.18230859, -0.37087679],
        [ 0.65157898,  0.48046067,  0.        , ...,  0.61965519,
          0.3125212 ,  0.12093023],
        ...,
        [ 0.04134897, -0.16634653, -0.61965519, ...,  0.        ,
         -0.34332733, -0.52019254],
        [ 0.38186932,  0.18230859, -0.3125212 , ...,  0.34332733,
          0.        , -0.19535468],
        [ 0.5550617 ,  0.37087679, -0.12093023, ...,  0.52019254,
          0.19535468,  0.        ]],

       [[ 0.        ,  0.06992529,  0.16736385, ..., -0.99684953,
         -0.99301448, -0.87603356],
        [-0.06992529,  0.        ,  0.09801518, ..., -0.98886329,
         -0.98233314, -0.84016776],
        [-0.16736385, -0.09801518,  0.        , ..., -0.96951455,
         -0.95926051, -0.78296604],
        ...,
        [ 0.99684953,  0.98886329,  0.96951455, ...,  0.        ,
         -0.03885899, -0.41124742],
        [ 0.99301448,  0.98233314,  0.95926051, ...,  0.03885899,
          0.        , -0.37551591],
        [ 0.87603356,  0.84016776,  0.78296604, ...,  0.41124742,
          0.37551591,  0.        ]],

       ...,

       [[ 0.        , -0.14213435, -0.37319262, ..., -0.71124302,
         -0.68754375, -0.75321025],
        [ 0.14213435,  0.        , -0.23753805, ..., -0.80393483,
         -0.78377323, -0.8390563 ],
        [ 0.37319262,  0.23753805,  0.        , ..., -0.92219281,
         -0.90886257, -0.94427232],
        ...,
        [ 0.71124302,  0.80393483,  0.92219281, ...,  0.        ,
         -0.03315784,  0.06162497],
        [ 0.68754375,  0.78377323,  0.90886257, ...,  0.03315784,
          0.        ,  0.09468591],
        [ 0.75321025,  0.8390563 ,  0.94427232, ..., -0.06162497,
         -0.09468591,  0.        ]],

       [[ 0.        ,  0.15174529,  0.23658006, ..., -0.86781909,
         -0.96794397, -0.94528684],
        [-0.15174529,  0.        ,  0.08640283, ..., -0.93316867,
         -0.99484811, -0.88483462],
        [-0.23658006, -0.08640283,  0.        , ..., -0.96073541,
         -0.99988689, -0.84127006],
        ...,
        [ 0.86781909,  0.93316867,  0.96073541, ...,  0.        ,
         -0.26298545, -0.75281205],
        [ 0.96794397,  0.99484811,  0.99988689, ...,  0.26298545,
          0.        , -0.55320654],
        [ 0.94528684,  0.88483462,  0.84127006, ...,  0.75281205,
          0.55320654,  0.        ]],

       [[ 0.        ,  0.03196591,  0.1203266 , ..., -0.79711251,
         -0.87271427, -0.99199716],
        [-0.03196591,  0.        ,  0.08853144, ..., -0.81600715,
         -0.88787503, -0.99552623],
        [-0.1203266 , -0.08853144,  0.        , ..., -0.86397788,
         -0.92512065, -0.99998212],
        ...,
        [ 0.79711251,  0.81600715,  0.86397788, ...,  0.        ,
         -0.13779648, -0.49835487],
        [ 0.87271427,  0.88787503,  0.92512065, ...,  0.13779648,
          0.        , -0.37413499],
        [ 0.99199716,  0.99552623,  0.99998212, ...,  0.49835487,
          0.37413499,  0.        ]]]), 'num': array([ 7.17365253e-01,  6.96665247e-01,  2.75266033e-07,  1.88181870e-03,
        1.96690093e-03,  1.85429209e-03,  2.79770386e-03, -7.50725544e-05,
        2.02295510e-03,  2.22527563e-03,  2.59025337e-03,  4.98924557e-07,
        2.60576135e-03,  1.84478992e-03])}
{'img': array([[[ 0.        , -0.00571888, -0.16042119, ..., -0.99933147,
         -0.97637827, -0.74535599],
        [ 0.00571888,  0.        , -0.15477375, ..., -0.99952421,
         -0.97759797, -0.74915639],
        [ 0.16042119,  0.15477375,  0.        , ..., -0.99225372,
         -0.99839478, -0.84265009],
        ...,
        [ 0.99933147,  0.99952421,  0.99225372, ...,  0.        ,
         -0.18022777, -0.63897107],
        [ 0.97637827,  0.97759797,  0.99839478, ...,  0.18022777,
          0.        , -0.48987111],
        [ 0.74535599,  0.74915639,  0.84265009, ...,  0.63897107,
          0.48987111,  0.        ]],

       [[ 0.        , -0.48046067, -0.6749343 , ..., -0.18230859,
         -0.37087679,  0.43708725],
        [ 0.48046067,  0.        , -0.2374071 , ...,  0.3125212 ,
          0.12093023,  0.81546814],
        [ 0.6749343 ,  0.2374071 ,  0.        , ...,  0.52910186,
          0.35313763,  0.9295658 ],
        ...,
        [ 0.18230859, -0.3125212 , -0.52910186, ...,  0.        ,
         -0.19535468,  0.59373409],
        [ 0.37087679, -0.12093023, -0.35313763, ...,  0.19535468,
          0.        ,  0.73948877],
        [-0.43708725, -0.81546814, -0.9295658 , ..., -0.59373409,
         -0.73948877,  0.        ]],

       [[ 0.        ,  0.09432311,  0.13784137, ..., -0.9998524 ,
         -0.99363871, -0.82192603],
        [-0.09432311,  0.        ,  0.04380409, ..., -0.99701526,
         -0.97858652, -0.76453568],
        [-0.13784137, -0.04380409,  0.        , ..., -0.99267638,
         -0.96863076, -0.73556653],
        ...,
        [ 0.9998524 ,  0.99701526,  0.99267638, ...,  0.        ,
         -0.12967003, -0.58363171],
        [ 0.99363871,  0.97858652,  0.96863076, ...,  0.12967003,
          0.        , -0.47340976],
        [ 0.82192603,  0.76453568,  0.73556653, ...,  0.58363171,
          0.47340976,  0.        ]],

       ...,

       [[ 0.        , -0.34774354, -0.77248184, ..., -0.68901647,
         -0.75473155, -0.67912991],
        [ 0.34774354,  0.        , -0.50344104, ..., -0.89804037,
         -0.93576002, -0.89199525],
        [ 0.77248184,  0.50344104,  0.        , ..., -0.99740373,
         -0.98605651, -0.99828817],
        ...,
        [ 0.68901647,  0.89804037,  0.99740373, ...,  0.        ,
          0.09497037, -0.01355408],
        [ 0.75473155,  0.93576002,  0.98605651, ..., -0.09497037,
          0.        , -0.10845446],
        [ 0.67912991,  0.89199525,  0.99828817, ...,  0.01355408,
          0.10845446,  0.        ]],

       [[ 0.        ,  0.08104723,  0.03474783, ..., -0.95373245,
         -0.99688899, -0.85675378],
        [-0.08104723,  0.        , -0.04636476, ..., -0.97496231,
         -0.9999975 , -0.81213715],
        [-0.03474783,  0.04636476,  0.        , ..., -0.96360367,
         -0.99902575, -0.83831605],
        ...,
        [ 0.95373245,  0.97496231,  0.96360367, ...,  0.        ,
         -0.22454963, -0.74945301],
        [ 0.99688899,  0.9999975 ,  0.99902575, ...,  0.22454963,
          0.        , -0.58164919],
        [ 0.85675378,  0.81213715,  0.83831605, ...,  0.74945301,
          0.58164919,  0.        ]],

       [[ 0.        ,  0.08524495,  0.22377544, ..., -0.82832271,
         -0.90598465, -0.99848449],
        [-0.08524495,  0.        ,  0.1398777 , ..., -0.87306623,
         -0.93877197, -0.99954138],
        [-0.22377544, -0.1398777 ,  0.        , ..., -0.93268753,
         -0.97773604, -0.98547886],
        ...,
        [ 0.82832271,  0.87306623,  0.93268753, ...,  0.        ,
         -0.15694131, -0.51381651],
        [ 0.90598465,  0.93877197,  0.97773604, ...,  0.15694131,
          0.        , -0.37280929],
        [ 0.99848449,  0.99954138,  0.98547886, ...,  0.51381651,
          0.37280929,  0.        ]]]), 'num': array([7.33356681e-01, 6.79813915e-01, 6.89096090e-07, 1.98306542e-03,
       2.01113970e-03, 1.93712568e-03, 1.72713002e-03, 6.38051936e-05,
       2.01573367e-03, 2.23994513e-03, 2.62626430e-03, 7.30374563e-07,
       2.62049043e-03, 1.85939982e-03])}
{'img': array([[[ 0.        , -0.15477375, -0.12946484, ..., -0.97759797,
         -0.74915639, -0.96701924],
        [ 0.15477375,  0.        ,  0.0255664 , ..., -0.99839478,
         -0.84265009, -0.99478799],
        [ 0.12946484, -0.0255664 ,  0.        , ..., -0.99662039,
         -0.82860812, -0.99185594],
        ...,
        [ 0.97759797,  0.99839478,  0.99662039, ...,  0.        ,
         -0.48987111, -0.0454584 ],
        [ 0.74915639,  0.84265009,  0.82860812, ...,  0.48987111,
          0.        ,  0.4497343 ],
        [ 0.96701924,  0.99478799,  0.99185594, ...,  0.0454584 ,
         -0.4497343 ,  0.        ]],

       [[ 0.        , -0.2374071 , -0.29920879, ...,  0.12093023,
          0.81546814,  0.2709824 ],
        [ 0.2374071 ,  0.        , -0.06412357, ...,  0.35313763,
          0.9295658 ,  0.49175943],
        [ 0.29920879,  0.06412357,  0.        , ...,  0.41240304,
          0.95129227,  0.54658175],
        ...,
        [-0.12093023, -0.35313763, -0.41240304, ...,  0.        ,
          0.73948877,  0.15258812],
        [-0.81546814, -0.9295658 , -0.95129227, ..., -0.73948877,
          0.        , -0.62811168],
        [-0.2709824 , -0.49175943, -0.54658175, ..., -0.15258812,
          0.62811168,  0.        ]],

       [[ 0.        ,  0.04259706,  0.00130694, ..., -0.99753446,
         -0.95780749, -0.75057584],
        [-0.04259706,  0.        , -0.04129127, ..., -0.99363964,
         -0.94469528, -0.7217471 ],
        [-0.00130694,  0.04129127,  0.        , ..., -0.99744189,
         -0.95743104, -0.74971159],
        ...,
        [ 0.99753446,  0.99363964,  0.99744189, ...,  0.        ,
         -0.21948452, -0.60648092],
        [ 0.95780749,  0.94469528,  0.95743104, ...,  0.21948452,
          0.        , -0.41718077],
        [ 0.75057584,  0.7217471 ,  0.74971159, ...,  0.60648092,
          0.41718077,  0.        ]],

       ...,

       [[ 0.        , -0.72599322, -0.76112009, ..., -0.76422096,
         -0.68827409, -0.89025049],
        [ 0.72599322,  0.        , -0.05253652, ..., -0.99378878,
         -0.99999969, -0.94289596],
        [ 0.76112009,  0.05253652,  0.        , ..., -0.98656995,
         -0.99857727, -0.92409457],
        ...,
        [ 0.76422096,  0.99378878,  0.98656995, ...,  0.        ,
         -0.11049919,  0.2260904 ],
        [ 0.68827409,  0.99999969,  0.99857727, ...,  0.11049919,
          0.        ,  0.33234382],
        [ 0.89025049,  0.94289596,  0.92409457, ..., -0.2260904 ,
         -0.33234382,  0.        ]],

       [[ 0.        , -0.04431165, -0.13518245, ..., -0.98832459,
         -0.99195174, -0.79066915],
        [ 0.04431165,  0.        , -0.09114476, ..., -0.98060236,
         -0.99658799, -0.81702204],
        [ 0.13518245,  0.09114476,  0.        , ..., -0.95865568,
         -0.99996267, -0.86617597],
        ...,
        [ 0.98832459,  0.98060236,  0.95865568, ...,  0.        ,
         -0.27627502, -0.72556423],
        [ 0.99195174,  0.99658799,  0.99996267, ...,  0.27627502,
          0.        , -0.50720438],
        [ 0.79066915,  0.81702204,  0.86617597, ...,  0.72556423,
          0.50720438,  0.        ]],

       [[ 0.        ,  0.13675617,  0.30234149, ..., -0.90446257,
         -0.96575573, -0.99851776],
        [-0.13675617,  0.        ,  0.16914498, ..., -0.95429866,
         -0.99216401, -0.98169322],
        [-0.30234149, -0.16914498,  0.        , ..., -0.9910981 ,
         -0.99900146, -0.93533132],
        ...,
        [ 0.90446257,  0.95429866,  0.9910981 , ...,  0.        ,
         -0.17728046, -0.47514777],
        [ 0.96575573,  0.99216401,  0.99900146, ...,  0.17728046,
          0.        , -0.31163146],
        [ 0.99851776,  0.98169322,  0.93533132, ...,  0.47514777,
          0.31163146,  0.        ]]]), 'num': array([ 7.95980421e-01,  6.05282438e-01,  2.54263977e-06,  2.09558223e-03,
        2.17102319e-03,  2.09558223e-03,  2.03576034e-03, -7.54409602e-05,
        2.16096439e-03,  2.41676513e-03,  2.85697710e-03,  6.92196345e-07,
        2.82791711e-03,  2.00561316e-03])}
{'img': array([[[ 0.        ,  0.02549618,  0.2059539 , ..., -0.90458784,
         -0.99622926, -0.84139185],
        [-0.02549618,  0.        ,  0.18093737, ..., -0.89342508,
         -0.99369336, -0.82733954],
        [-0.2059539 , -0.18093737,  0.        , ..., -0.79739948,
         -0.95700328, -0.71205109],
        ...,
        [ 0.90458784,  0.89342508,  0.79739948, ...,  0.        ,
          0.346198  , -0.13018773],
        [ 0.99622926,  0.99369336,  0.95700328, ..., -0.346198  ,
          0.        , -0.46538875],
        [ 0.84139185,  0.82733954,  0.71205109, ...,  0.13018773,
          0.46538875,  0.        ]],

       [[ 0.        , -0.06412357,  0.46115949, ...,  0.9295658 ,
          0.49175943,  0.56376461],
        [ 0.06412357,  0.        ,  0.51710835, ...,  0.95129227,
          0.54658175,  0.6155663 ],
        [-0.46115949, -0.51710835,  0.        , ...,  0.65481046,
          0.03480072,  0.11935008],
        ...,
        [-0.9295658 , -0.95129227, -0.65481046, ...,  0.        ,
         -0.62811168, -0.55992606],
        [-0.49175943, -0.54658175, -0.03480072, ...,  0.62811168,
          0.        ,  0.08472582],
        [-0.56376461, -0.6155663 , -0.11935008, ...,  0.55992606,
         -0.08472582,  0.        ]],

       [[ 0.        , -0.04033631, -0.01710848, ..., -0.98035633,
         -0.92666473, -0.71014765],
        [ 0.04033631,  0.        ,  0.02323585, ..., -0.98751419,
         -0.94107254, -0.73796859],
        [ 0.01710848, -0.02323585,  0.        , ..., -0.98358723,
         -0.93295999, -0.72208898],
        ...,
        [ 0.98035633,  0.98751419,  0.98358723, ...,  0.        ,
         -0.18573481, -0.55015697],
        [ 0.92666473,  0.94107254,  0.93295999, ...,  0.18573481,
          0.        , -0.38548424],
        [ 0.71014765,  0.73796859,  0.72208898, ...,  0.55015697,
          0.38548424,  0.        ]],

       ...,

       [[ 0.        , -0.05357645,  0.01763209, ..., -0.99993184,
         -0.94653508, -0.98235436],
        [ 0.05357645,  0.        ,  0.07117488, ..., -0.99912123,
         -0.92789182, -0.9709231 ],
        [-0.01763209, -0.07117488,  0.        , ..., -0.99957052,
         -0.95207607, -0.98549936],
        ...,
        [ 0.99993184,  0.99912123,  0.99957052, ...,  0.        ,
          0.33363032,  0.19848603],
        [ 0.94653508,  0.92789182,  0.95207607, ..., -0.33363032,
          0.        , -0.13987874],
        [ 0.98235436,  0.9709231 ,  0.98549936, ..., -0.19848603,
          0.13987874,  0.        ]],

       [[ 0.        , -0.0872902 , -0.12108537, ..., -0.99612595,
         -0.99119941, -0.79685989],
        [ 0.0872902 ,  0.        , -0.03397525, ..., -0.98464755,
         -0.99897116, -0.84655583],
        [ 0.12108537,  0.03397525,  0.        , ..., -0.97814856,
         -0.99993521, -0.86415211],
        ...,
        [ 0.99612595,  0.98464755,  0.97814856, ...,  0.        ,
         -0.21902842, -0.67189781],
        [ 0.99119941,  0.99897116,  0.99993521, ...,  0.21902842,
          0.        , -0.49336106],
        [ 0.79685989,  0.84655583,  0.86415211, ...,  0.67189781,
          0.49336106,  0.        ]],

       [[ 0.        ,  0.16521368,  0.31120676, ..., -0.96811674,
         -0.99135175, -0.97667201],
        [-0.16521368,  0.        ,  0.14992056, ..., -0.99619862,
         -0.99940963, -0.92777298],
        [-0.31120676, -0.14992056,  0.        , ..., -0.99799935,
         -0.98296356, -0.8613452 ],
        ...,
        [ 0.96811674,  0.99619862,  0.99799935, ...,  0.        ,
         -0.12128566, -0.45254584],
        [ 0.99135175,  0.99940963,  0.98296356, ...,  0.12128566,
          0.        , -0.34104958],
        [ 0.97667201,  0.92777298,  0.8613452 , ...,  0.45254584,
          0.34104958,  0.        ]]]), 'num': array([7.64561953e-01, 6.44518036e-01, 1.54895377e-06, 2.06972271e-03,
       2.10711125e-03, 2.01631052e-03, 1.15119313e-03, 6.67652489e-05,
       2.04889196e-03, 2.27803029e-03, 2.71569875e-03, 8.45429778e-07,
       2.63887704e-03, 1.91718355e-03])}
{'img': array([[[ 0.        ,  0.18093737,  0.18093737, ..., -0.99369336,
         -0.82733954, -0.99143362],
        [-0.18093737,  0.        ,  0.        , ..., -0.95700328,
         -0.71205109, -0.95143712],
        [-0.18093737,  0.        ,  0.        , ..., -0.95700328,
         -0.71205109, -0.95143712],
        ...,
        [ 0.99369336,  0.95700328,  0.95700328, ...,  0.        ,
         -0.46538875, -0.01861677],
        [ 0.82733954,  0.71205109,  0.71205109, ...,  0.46538875,
          0.        ,  0.44883028],
        [ 0.99143362,  0.95143712,  0.95143712, ...,  0.01861677,
         -0.44883028,  0.        ]],

       [[ 0.        ,  0.51710835,  0.25408886, ...,  0.54658175,
          0.6155663 ,  0.09436387],
        [-0.51710835,  0.        , -0.28265759, ...,  0.03480072,
          0.11935008, -0.43403298],
        [-0.25408886,  0.28265759,  0.        , ...,  0.31586795,
          0.39512031, -0.16168813],
        ...,
        [-0.54658175, -0.03480072, -0.31586795, ...,  0.        ,
          0.08472582, -0.46512194],
        [-0.6155663 , -0.11935008, -0.39512031, ..., -0.08472582,
          0.        , -0.53845274],
        [-0.09436387,  0.43403298,  0.16168813, ...,  0.46512194,
          0.53845274,  0.        ]],

       [[ 0.        ,  0.02303682,  0.03343831, ..., -0.95971601,
         -0.87442996, -0.73365981],
        [-0.02303682,  0.        ,  0.0104055 , ..., -0.95298862,
         -0.86302154, -0.7178112 ],
        [-0.03343831, -0.0104055 ,  0.        , ..., -0.9497841 ,
         -0.85771831, -0.71052763],
        ...,
        [ 0.95971601,  0.95298862,  0.9497841 , ...,  0.        ,
         -0.21991774, -0.44600556],
        [ 0.87442996,  0.86302154,  0.85771831, ...,  0.21991774,
          0.        , -0.23825362],
        [ 0.73365981,  0.7178112 ,  0.71052763, ...,  0.44600556,
          0.23825362,  0.        ]],

       ...,

       [[ 0.        ,  0.07117488,  0.04177574, ..., -0.92789182,
         -0.9709231 , -0.88412091],
        [-0.07117488,  0.        , -0.02944295, ..., -0.95207607,
         -0.98549936, -0.9151357 ],
        [-0.04177574,  0.02944295,  0.        , ..., -0.94265784,
         -0.98007626, -0.90286914],
        ...,
        [ 0.92789182,  0.95207607,  0.94265784, ...,  0.        ,
         -0.13987874,  0.10392097],
        [ 0.9709231 ,  0.98549936,  0.98007626, ...,  0.13987874,
          0.        ,  0.24202066],
        [ 0.88412091,  0.9151357 ,  0.90286914, ..., -0.10392097,
         -0.24202066,  0.        ]],

       [[ 0.        , -0.03181655, -0.02723232, ..., -0.98122347,
         -0.99988012, -0.81651755],
        [ 0.03181655,  0.        ,  0.00458622, ..., -0.9745901 ,
         -0.99888127, -0.83447252],
        [ 0.02723232, -0.00458622,  0.        , ..., -0.97560715,
         -0.99908764, -0.83193651],
        ...,
        [ 0.98122347,  0.9745901 ,  0.97560715, ...,  0.        ,
         -0.17765821, -0.72396581],
        [ 0.99988012,  0.99888127,  0.99908764, ...,  0.17765821,
          0.        , -0.58989414],
        [ 0.81651755,  0.83447252,  0.83193651, ...,  0.72396581,
          0.58989414,  0.        ]],

       [[ 0.        ,  0.14992056,  0.25571791, ..., -0.99940963,
         -0.92777298, -0.93862362],
        [-0.14992056,  0.        ,  0.10789188, ..., -0.98296356,
         -0.8613452 , -0.87630129],
        [-0.25571791, -0.10789188,  0.        , ..., -0.95739506,
         -0.80150597, -0.81920763],
        ...,
        [ 0.99940963,  0.98296356,  0.95739506, ...,  0.        ,
         -0.34104958, -0.31249132],
        [ 0.92777298,  0.8613452 ,  0.80150597, ...,  0.34104958,
          0.        ,  0.03021402],
        [ 0.93862362,  0.87630129,  0.81920763, ...,  0.31249132,
         -0.03021402,  0.        ]]]), 'num': array([9.75569612e-01, 2.19537930e-01, 9.71763087e-06, 2.64346742e-03,
       2.69783179e-03, 2.64346742e-03, 1.51754737e-03, 1.01933191e-05,
       2.60405325e-03, 2.86058511e-03, 3.43594135e-03, 1.20566140e-06,
       3.27067760e-03, 2.45049263e-03])}
{'img': array([[[ 0.        ,  0.        , -0.08046836, ..., -0.71205109,
         -0.95143712, -0.95959363],
        [ 0.        ,  0.        , -0.08046836, ..., -0.71205109,
         -0.95143712, -0.95959363],
        [ 0.08046836,  0.08046836,  0.        , ..., -0.76624108,
         -0.9731234 , -0.97912478],
        ...,
        [ 0.71205109,  0.71205109,  0.76624108, ...,  0.        ,
          0.44883028,  0.4733935 ],
        [ 0.95143712,  0.95143712,  0.9731234 , ..., -0.44883028,
          0.        ,  0.02767986],
        [ 0.95959363,  0.95959363,  0.97912478, ..., -0.4733935 ,
         -0.02767986,  0.        ]],

       [[ 0.        , -0.28265759, -0.53916953, ...,  0.11935008,
         -0.43403298, -0.3991755 ],
        [ 0.28265759,  0.        , -0.27912922, ...,  0.39512031,
         -0.16168813, -0.12373593],
        [ 0.53916953,  0.27912922,  0.        , ...,  0.63583198,
          0.12019482,  0.1581663 ],
        ...,
        [-0.11935008, -0.39512031, -0.63583198, ...,  0.        ,
         -0.53845274, -0.50575134],
        [ 0.43403298,  0.16168813, -0.12019482, ...,  0.53845274,
          0.        ,  0.03833779],
        [ 0.3991755 ,  0.12373593, -0.1581663 , ...,  0.50575134,
         -0.03833779,  0.        ]],

       [[ 0.        ,  0.01039415,  0.00388546, ..., -0.87006145,
         -0.77456127, -0.71726439],
        [-0.01039415,  0.        , -0.00650882, ..., -0.86489073,
         -0.76794515, -0.70998299],
        [-0.00388546,  0.00650882,  0.        , ..., -0.86813957,
         -0.77209788, -0.71455159],
        ...,
        [ 0.87006145,  0.86489073,  0.86813957, ...,  0.        ,
         -0.16849812, -0.25268913],
        [ 0.77456127,  0.76794515,  0.77209788, ...,  0.16849812,
          0.        , -0.08604623],
        [ 0.71726439,  0.70998299,  0.71455159, ...,  0.25268913,
          0.08604623,  0.        ]],

       ...,

       [[ 0.        , -0.02944295, -0.24942392, ..., -0.98549936,
         -0.9151357 , -0.85744091],
        [ 0.02944295,  0.        , -0.22080339, ..., -0.98007626,
         -0.90286914, -0.84191835],
        [ 0.24942392,  0.22080339,  0.        , ..., -0.91203003,
         -0.78565804, -0.7019918 ],
        ...,
        [ 0.98549936,  0.98007626,  0.91203003, ...,  0.        ,
          0.24202066,  0.36163085],
        [ 0.9151357 ,  0.90286914,  0.78565804, ..., -0.24202066,
          0.        ,  0.12523893],
        [ 0.85744091,  0.84191835,  0.7019918 , ..., -0.36163085,
         -0.12523893,  0.        ]],

       [[ 0.        ,  0.00431066, -0.02067802, ..., -0.97075671,
         -0.99988819, -0.8053725 ],
        [-0.00431066,  0.        , -0.02498756, ..., -0.97178253,
         -0.99981443, -0.8028098 ],
        [ 0.02067802,  0.02498756,  0.        , ..., -0.96558507,
         -0.99998361, -0.81745759],
        ...,
        [ 0.97075671,  0.97178253,  0.96558507, ...,  0.        ,
         -0.25455513, -0.76877662],
        [ 0.99988819,  0.99981443,  0.99998361, ...,  0.25455513,
          0.        , -0.58065934],
        [ 0.8053725 ,  0.8028098 ,  0.81745759, ...,  0.76877662,
          0.58065934,  0.        ]],

       [[ 0.        ,  0.10789188,  0.22729182, ..., -0.8613452 ,
         -0.87630129, -0.94353799],
        [-0.10789188,  0.        ,  0.12089705, ..., -0.80150597,
         -0.81920763, -0.90228948],
        [-0.22729182, -0.12089705,  0.        , ..., -0.72333213,
         -0.74386468, -0.8435488 ],
        ...,
        [ 0.8613452 ,  0.80150597,  0.72333213, ...,  0.        ,
          0.03021402,  0.19400334],
        [ 0.87630129,  0.81920763,  0.74386468, ..., -0.03021402,
          0.        ,  0.16427479],
        [ 0.94353799,  0.90228948,  0.8435488 , ..., -0.19400334,
         -0.16427479,  0.        ]]]), 'num': array([7.20664283e-01, 6.93258685e-01, 3.51804844e-07, 1.95754267e-03,
       1.99021026e-03, 1.91984929e-03, 6.60337693e-04, 2.51289174e-06,
       1.93944985e-03, 2.09499785e-03, 2.52558185e-03, 8.59673492e-07,
       2.38200969e-03, 1.80798601e-03])}
{'img': array([[[ 0.        , -0.08046836, -0.16565981, ..., -0.95143712,
         -0.95959363, -0.96206409],
        [ 0.08046836,  0.        , -0.08576608, ..., -0.9731234 ,
         -0.97912478, -0.98089793],
        [ 0.16565981,  0.08576608,  0.        , ..., -0.98928831,
         -0.99294982, -0.99396711],
        ...,
        [ 0.95143712,  0.9731234 ,  0.98928831, ...,  0.        ,
          0.02767986,  0.03659037],
        [ 0.95959363,  0.97912478,  0.99294982, ..., -0.02767986,
          0.        ,  0.00891502],
        [ 0.96206409,  0.98089793,  0.99396711, ..., -0.03659037,
         -0.00891502,  0.        ]],

       [[ 0.        , -0.24704676, -0.27178479, ..., -0.14567466,
         -0.11200903, -0.75916196],
        [ 0.24704676,  0.        , -0.02561298, ...,  0.10325214,
          0.13695499, -0.57482747],
        [ 0.27178479,  0.02561298,  0.        , ...,  0.12869435,
          0.1622817 , -0.55368043],
        ...,
        [ 0.14567466, -0.10325214, -0.12869435, ...,  0.        ,
          0.03394377, -0.65624375],
        [ 0.11200903, -0.13695499, -0.1622817 , ..., -0.03394377,
          0.        , -0.68147782],
        [ 0.75916196,  0.57482747,  0.55368043, ...,  0.65624375,
          0.68147782,  0.        ]],

       [[ 0.        , -0.00650882,  0.00392554, ..., -0.76794515,
         -0.70998299, -0.84879698],
        [ 0.00650882,  0.        ,  0.01043423, ..., -0.77209788,
         -0.71455159, -0.85222034],
        [-0.00392554, -0.01043423,  0.        , ..., -0.76542486,
         -0.70721308, -0.84671493],
        ...,
        [ 0.76794515,  0.77209788,  0.76542486, ...,  0.        ,
         -0.08604623,  0.1376406 ],
        [ 0.70998299,  0.71455159,  0.70721308, ...,  0.08604623,
          0.        ,  0.22235737],
        [ 0.84879698,  0.85222034,  0.84671493, ..., -0.1376406 ,
         -0.22235737,  0.        ]],

       ...,

       [[ 0.        , -0.22080339, -0.39322064, ..., -0.90286914,
         -0.84191835, -0.8634544 ],
        [ 0.22080339,  0.        , -0.18049892, ..., -0.78565804,
         -0.7019918 , -0.73076374],
        [ 0.39322064,  0.18049892,  0.        , ..., -0.66108611,
         -0.56191309, -0.59554702],
        ...,
        [ 0.90286914,  0.78565804,  0.66108611, ...,  0.        ,
          0.12523893,  0.08421908],
        [ 0.84191835,  0.7019918 ,  0.56191309, ..., -0.12523893,
          0.        , -0.041238  ],
        [ 0.8634544 ,  0.73076374,  0.59554702, ..., -0.08421908,
          0.041238  ,  0.        ]],

       [[ 0.        , -0.02418608, -0.06034367, ..., -0.99506597,
         -0.97799047, -0.78718337],
        [ 0.02418608,  0.        , -0.03618402, ..., -0.99237526,
         -0.9827508 , -0.80186911],
        [ 0.06034367,  0.03618402,  0.        , ..., -0.9872656 ,
         -0.98879892, -0.82296395],
        ...,
        [ 0.99506597,  0.99237526,  0.9872656 , ...,  0.        ,
         -0.30465186, -0.69177686],
        [ 0.97799047,  0.9827508 ,  0.98879892, ...,  0.30465186,
          0.        , -0.43889985],
        [ 0.78718337,  0.80186911,  0.82296395, ...,  0.69177686,
          0.43889985,  0.        ]],

       [[ 0.        ,  0.12089705,  0.23822243, ..., -0.81920763,
         -0.90228948, -0.87575307],
        [-0.12089705,  0.        ,  0.11905859, ..., -0.74386468,
         -0.8435488 , -0.81096529],
        [-0.23822243, -0.11905859,  0.        , ..., -0.65900328,
         -0.77360812, -0.73553658],
        ...,
        [ 0.81920763,  0.74386468,  0.65900328, ...,  0.        ,
          0.16427479,  0.10676168],
        [ 0.90228948,  0.8435488 ,  0.77360812, ..., -0.16427479,
          0.        , -0.05802462],
        [ 0.87575307,  0.81096529,  0.73553658, ..., -0.10676168,
          0.05802462,  0.        ]]]), 'num': array([ 7.16275040e-01,  6.97791764e-01,  2.50111989e-07,  1.84832760e-03,
        1.92336119e-03,  1.83081976e-03,  1.86678586e-03, -1.00044795e-04,
