state_0,state_1,state_2,state_3,state_4,state_5,state_6,state_7,state_8,state_9,state_10,state_11,state_12,state_13,state_14,state_15,state_16,state_17,state_18,state_19,state_20,state_21,state_22,state_23,state_24,state_25,state_26,state_27,state_28,state_29,state_30,state_31,state_32,state_33,state_34,state_35,state_36,state_37,state_38,state_39,state_40,state_41,state_42,state_43,state_44,state_45,state_46,state_47,state_48,state_49,state_50,state_51,state_52,state_53,state_54,state_55,state_56,state_57,state_58,state_59,state_60,state_61,state_62,state_63,state_64,state_65,state_66,state_67,state_68,state_69,state_70,state_71,state_72,state_73,state_74,state_75,state_76,state_77,state_78,state_79,state_80,state_81,state_82,state_83,state_84,state_85,state_86,state_87,state_88,state_89,state_90,state_91,state_92,state_93,state_94,state_95,state_96,state_97,state_98,state_99,state_100,state_101,state_102,state_103,state_104,state_105,state_106,state_107,state_108,state_109,state_110,state_111,state_112,state_113,state_114,state_115,state_116,state_117,state_118,state_119,state_120,state_121,state_122,state_123,state_124,state_125,state_126,state_127,state_128,state_129,state_130,state_131,state_132,state_133,state_134,state_135,state_136,state_137,state_138,state_139,state_140,state_141,state_142,state_143,state_144,state_145,state_146,state_147,state_148,state_149,state_150,state_151,state_152,state_153,state_154,state_155,state_156,state_157,state_158,state_159,state_160,state_161,state_162,state_163,state_164,state_165,state_166,state_167,state_168,state_169,state_170,state_171,state_172,state_173,state_174,state_175,state_176,state_177,state_178,state_179,state_180,state_181,state_182,state_183,state_184,state_185,state_186,state_187,state_188,state_189,state_190,state_191,state_192,state_193,state_194,state_195,state_196,state_197,state_198,state_199,state_200,state_201,state_202,state_203,state_204,state_205,state_206,state_207,state_208,state_209,state_210,state_211,state_212,state_213,state_214,state_215,state_216,state_217,state_218,state_219,state_220,state_221,state_222,state_223,state_224,state_225,state_226,state_227,state_228,state_229,state_230,state_231,state_232,state_233,state_234,state_235,state_236,state_237,state_238,state_239,state_240,state_241,state_242,state_243,state_244,state_245,state_246,state_247,state_248,state_249,state_250,state_251,state_252,state_253,state_254,state_255,state_256,state_257,state_258,state_259,state_260,state_261,state_262,state_263,state_264,state_265,state_266,state_267,state_268,state_269,state_270,state_271,state_272,state_273,state_274,state_275,state_276,state_277,state_278,state_279,state_280,state_281,state_282,state_283,state_284,state_285,state_286,state_287
{'img': array([[[ 0.        ,  0.32978535, -0.39873378, ..., -0.99605908,
         -0.99453183, -0.94987634],
        [-0.32978535,  0.        , -0.67886216, ..., -0.9695849 ,
         -0.90445294, -0.79363698],
        [ 0.39873378,  0.67886216,  0.        , ..., -0.87808804,
         -0.95369336, -0.99575448],
        ...,
        [ 0.99605908,  0.9695849 ,  0.87808804, ...,  0.        ,
         -0.19222955, -0.3956405 ],
        [ 0.99453183,  0.90445294,  0.95369336, ...,  0.19222955,
          0.        , -0.21171713],
        [ 0.94987634,  0.79363698,  0.99575448, ...,  0.3956405 ,
          0.21171713,  0.        ]],

       [[ 0.        , -0.99669921, -0.89128125, ..., -0.25631936,
         -0.47206553, -0.73433534],
        [ 0.99669921,  0.        , -0.52431104, ..., -0.98421041,
         -0.91697729, -0.73616186],
        [ 0.89128125,  0.52431104,  0.        , ..., -0.7452772 ,
         -0.57166243, -0.27200496],
        ...,
        [ 0.25631936,  0.98421041,  0.7452772 , ...,  0.        ,
          0.23033305,  0.53581656],
        [ 0.47206553,  0.91697729,  0.57166243, ..., -0.23033305,
          0.        ,  0.32693132],
        [ 0.73433534,  0.73616186,  0.27200496, ..., -0.53581656,
         -0.32693132,  0.        ]],

       [[ 0.        , -0.16467356, -0.33567034, ..., -0.96200338,
         -0.93488574, -0.88752952],
        [ 0.16467356,  0.        , -0.17596869, ..., -0.99383229,
         -0.98057348, -0.95128656],
        [ 0.33567034,  0.17596869,  0.        , ..., -0.99783809,
         -0.99978901, -0.99069503],
        ...,
        [ 0.96200338,  0.99383229,  0.99783809, ...,  0.        ,
         -0.08620305, -0.200915  ],
        [ 0.93488574,  0.98057348,  0.99978901, ...,  0.08620305,
          0.        , -0.11572186],
        [ 0.88752952,  0.95128656,  0.99069503, ...,  0.200915  ,
          0.11572186,  0.        ]],

       ...,

       [[ 0.        ,  0.01463091, -0.03812057, ..., -0.68407498,
         -0.75890545, -0.98597786],
        [-0.01463091,  0.        , -0.05273677, ..., -0.69467372,
         -0.76835188, -0.98831387],
        [ 0.03812057,  0.05273677,  0.        , ..., -0.65577217,
         -0.73352969, -0.97889978],
        ...,
        [ 0.68407498,  0.69467372,  0.65577217, ...,  0.        ,
         -0.10808431, -0.60502794],
        [ 0.75890545,  0.76835188,  0.73352969, ...,  0.10808431,
          0.        , -0.51542633],
        [ 0.98597786,  0.98831387,  0.97889978, ...,  0.60502794,
          0.51542633,  0.        ]],

       [[ 0.        ,  0.17765955,  0.24515844, ..., -0.99987859,
         -0.99987859, -0.99912982],
        [-0.17765955,  0.        ,  0.06902055, ..., -0.98120422,
         -0.98120422, -0.9906456 ],
        [-0.24515844, -0.06902055,  0.        , ..., -0.96554524,
         -0.96554524, -0.97886461],
        ...,
        [ 0.99987859,  0.98120422,  0.96554524, ...,  0.        ,
          0.        ,  0.05727209],
        [ 0.99987859,  0.98120422,  0.96554524, ...,  0.        ,
          0.        ,  0.05727209],
        [ 0.99912982,  0.9906456 ,  0.97886461, ..., -0.05727209,
         -0.05727209,  0.        ]],

       [[ 0.        , -0.0474509 , -0.05381355, ...,  0.14501923,
          0.14501923, -0.00366794],
        [ 0.0474509 ,  0.        , -0.00637079, ...,  0.19180516,
          0.19180516,  0.04378677],
        [ 0.05381355,  0.00637079,  0.        , ...,  0.19805378,
          0.19805378,  0.05015056],
        ...,
        [-0.14501923, -0.19180516, -0.19805378, ...,  0.        ,
          0.        , -0.14864742],
        [-0.14501923, -0.19180516, -0.19805378, ...,  0.        ,
          0.        , -0.14864742],
        [ 0.00366794, -0.04378677, -0.05015056, ...,  0.14864742,
          0.14864742,  0.        ]]]), 'num': array([ 7.20962958e-01,  6.92971015e-01,  7.13170522e-06,  3.93698214e-05,
        3.94199740e-05,  3.84169212e-05,  1.89003228e-03, -3.00915832e-07,
        4.01822941e-05,  4.11853469e-05,  4.10190073e-05,  2.79110337e-07,
        4.27558854e-05,  3.96148084e-05])}
{'img': array([[[ 0.00000000e+00, -6.78862159e-01, -8.33547660e-01, ...,
         -9.04452935e-01, -7.93636977e-01, -7.21602425e-01],
        [ 6.78862159e-01,  0.00000000e+00, -2.37009746e-01, ...,
         -9.53693356e-01, -9.95754479e-01, -9.99829429e-01],
        [ 8.33547660e-01,  2.37009746e-01,  0.00000000e+00, ...,
         -8.55232092e-01, -9.45566207e-01, -9.75718950e-01],
        ...,
        [ 9.04452935e-01,  9.53693356e-01,  8.55232092e-01, ...,
          0.00000000e+00, -2.11717131e-01, -3.18343305e-01],
        [ 7.93636977e-01,  9.95754479e-01,  9.45566207e-01, ...,
          2.11717131e-01,  0.00000000e+00, -1.10424124e-01],
        [ 7.21602425e-01,  9.99829429e-01,  9.75718950e-01, ...,
          3.18343305e-01,  1.10424124e-01,  0.00000000e+00]],

       [[ 0.00000000e+00, -5.83791781e-01, -7.44542967e-01, ...,
         -9.59018972e-01, -7.98093585e-01, -8.56708464e-01],
        [ 5.83791781e-01,  0.00000000e+00, -2.14772446e-01, ...,
         -6.13218128e-01, -2.96220797e-01, -3.94444179e-01],
        [ 7.44542967e-01,  2.14772446e-01,  0.00000000e+00, ...,
         -4.29256460e-01, -8.41748739e-02, -1.87880800e-01],
        ...,
        [ 9.59018972e-01,  6.13218128e-01,  4.29256460e-01, ...,
          0.00000000e+00,  3.51707743e-01,  2.51921514e-01],
        [ 7.98093585e-01,  2.96220797e-01,  8.41748739e-02, ...,
         -3.51707743e-01,  0.00000000e+00, -1.04538136e-01],
        [ 8.56708464e-01,  3.94444179e-01,  1.87880800e-01, ...,
         -2.51921514e-01,  1.04538136e-01,  0.00000000e+00]],

       [[ 0.00000000e+00, -2.95552625e-01, -3.55416846e-01, ...,
         -9.36556944e-01, -8.89443740e-01, -8.41973489e-01],
        [ 2.95552625e-01,  0.00000000e+00, -6.32837435e-02, ...,
         -9.98313396e-01, -9.84789893e-01, -9.63815780e-01],
        [ 3.55416846e-01,  6.32837435e-02,  0.00000000e+00, ...,
         -9.99986279e-01, -9.93811470e-01, -9.78753381e-01],
        ...,
        [ 9.36556944e-01,  9.98313396e-01,  9.99986279e-01, ...,
          0.00000000e+00, -1.16284578e-01, -2.10165444e-01],
        [ 8.89443740e-01,  9.84789893e-01,  9.93811470e-01, ...,
          1.16284578e-01,  0.00000000e+00, -9.50522100e-02],
        [ 8.41973489e-01,  9.63815780e-01,  9.78753381e-01, ...,
          2.10165444e-01,  9.50522100e-02,  0.00000000e+00]],

       ...,

       [[ 0.00000000e+00, -5.27367709e-02, -2.91699544e-01, ...,
         -7.68351879e-01, -9.88313870e-01, -9.83998645e-01],
        [ 5.27367709e-02,  0.00000000e+00, -2.40850380e-01, ...,
         -7.33529686e-01, -9.78899777e-01, -9.73232936e-01],
        [ 2.91699544e-01,  2.40850380e-01,  0.00000000e+00, ...,
         -5.48240480e-01, -9.00867580e-01, -8.89230701e-01],
        ...,
        [ 7.68351879e-01,  7.33529686e-01,  5.48240480e-01, ...,
          0.00000000e+00, -5.15426334e-01, -4.92884520e-01],
        [ 9.88313870e-01,  9.78899777e-01,  9.00867580e-01, ...,
          5.15426334e-01,  0.00000000e+00,  2.61002910e-02],
        [ 9.83998645e-01,  9.73232936e-01,  8.89230701e-01, ...,
          4.92884520e-01, -2.61002910e-02,  0.00000000e+00]],

       [[ 0.00000000e+00,  6.90205454e-02,  8.08685660e-02, ...,
         -9.81204222e-01, -9.90645602e-01, -9.97162443e-01],
        [-6.90205454e-02,  0.00000000e+00,  1.18812262e-02, ...,
         -9.65545237e-01, -9.78864615e-01, -9.89588588e-01],
        [-8.08685660e-02, -1.18812262e-02,  0.00000000e+00, ...,
         -9.62385171e-01, -9.76365701e-01, -9.87808733e-01],
        ...,
        [ 9.81204222e-01,  9.65545237e-01,  9.62385171e-01, ...,
          0.00000000e+00,  5.72720850e-02,  1.18559685e-01],
        [ 9.90645602e-01,  9.78864615e-01,  9.76365701e-01, ...,
         -5.72720850e-02,  0.00000000e+00,  6.14969413e-02],
        [ 9.97162443e-01,  9.89588588e-01,  9.87808733e-01, ...,
         -1.18559685e-01, -6.14969413e-02,  0.00000000e+00]],

       [[ 0.00000000e+00, -6.37079363e-03, -5.93260611e-03, ...,
          1.91805162e-01,  4.37867694e-02, -1.07492037e-01],
        [ 6.37079363e-03,  0.00000000e+00,  4.38195805e-04, ...,
          1.98053776e-01,  5.01505642e-02, -1.01155975e-01],
        [ 5.93260611e-03, -4.38195805e-04,  0.00000000e+00, ...,
          1.97624242e-01,  4.97129149e-02, -1.01591913e-01],
        ...,
        [-1.91805162e-01, -1.98053776e-01, -1.97624242e-01, ...,
          0.00000000e+00, -1.48647420e-01, -2.96190067e-01],
        [-4.37867694e-02, -5.01505642e-02, -4.97129149e-02, ...,
          1.48647420e-01,  0.00000000e+00, -1.50922008e-01],
        [ 1.07492037e-01,  1.01155975e-01,  1.01591913e-01, ...,
          2.96190067e-01,  1.50922008e-01,  0.00000000e+00]]]), 'num': array([7.07103793e-01, 7.07103793e-01, 0.00000000e+00, 1.25566413e-04,
       1.26834761e-04, 1.23980979e-04, 2.88453955e-03, 1.10980416e-06,
       1.26485966e-04, 1.30045266e-04, 1.29368814e-04, 1.01363846e-06,
       1.35367109e-04, 1.24723423e-04])}
{'img': array([[[ 0.00000000e+00, -6.12690965e-01, -5.18893805e-01, ...,
         -8.36224606e-01, -7.64046405e-01, -8.46582159e-01],
        [ 6.12690965e-01,  0.00000000e+00,  1.13658463e-01, ...,
         -9.96879008e-01, -9.99127620e-01, -9.95182704e-01],
        [ 5.18893805e-01, -1.13658463e-01,  0.00000000e+00, ...,
         -9.99391830e-01, -9.87906640e-01, -9.99876613e-01],
        ...,
        [ 8.36224606e-01,  9.96879008e-01,  9.99391830e-01, ...,
          0.00000000e+00, -1.20506556e-01,  1.91674422e-02],
        [ 7.64046405e-01,  9.99127620e-01,  9.87906640e-01, ...,
          1.20506556e-01,  0.00000000e+00,  1.39512177e-01],
        [ 8.46582159e-01,  9.95182704e-01,  9.99876613e-01, ...,
         -1.91674422e-02, -1.39512177e-01,  0.00000000e+00]],

       [[ 0.00000000e+00, -2.14772446e-01, -5.12985908e-01, ...,
         -2.96220797e-01, -3.94444179e-01, -7.39521164e-01],
        [ 2.14772446e-01,  0.00000000e+00, -3.16654899e-01, ...,
         -8.41748739e-02, -1.87880800e-01, -5.77693298e-01],
        [ 5.12985908e-01,  3.16654899e-01,  0.00000000e+00, ...,
          2.35687786e-01,  1.32803250e-01, -2.89494870e-01],
        ...,
        [ 2.96220797e-01,  8.41748739e-02, -2.35687786e-01, ...,
          0.00000000e+00, -1.04538136e-01, -5.06934992e-01],
        [ 3.94444179e-01,  1.87880800e-01, -1.32803250e-01, ...,
          1.04538136e-01,  0.00000000e+00, -4.14047203e-01],
        [ 7.39521164e-01,  5.77693298e-01,  2.89494870e-01, ...,
          5.06934992e-01,  4.14047203e-01,  0.00000000e+00]],

       [[ 0.00000000e+00, -8.51786724e-02,  2.03232851e-01, ...,
         -9.65719936e-01, -9.36402022e-01, -9.08892797e-01],
        [ 8.51786724e-02,  0.00000000e+00,  2.85895271e-01, ...,
         -9.84321423e-01, -9.62890526e-01, -9.41111649e-01],
        [-2.03232851e-01, -2.85895271e-01,  0.00000000e+00, ...,
         -8.92809334e-01, -8.45539391e-01, -8.05170437e-01],
        ...,
        [ 9.65719936e-01,  9.84321423e-01,  8.92809334e-01, ...,
          0.00000000e+00, -9.58221968e-02, -1.66797982e-01],
        [ 9.36402022e-01,  9.62890526e-01,  8.45539391e-01, ...,
          9.58221968e-02,  0.00000000e+00, -7.15506229e-02],
        [ 9.08892797e-01,  9.41111649e-01,  8.05170437e-01, ...,
          1.66797982e-01,  7.15506229e-02,  0.00000000e+00]],

       ...,

       [[ 0.00000000e+00, -2.40850380e-01, -1.05555351e-01, ...,
         -9.78899777e-01, -9.73232936e-01, -9.29010440e-01],
        [ 2.40850380e-01,  0.00000000e+00,  1.37056813e-01, ...,
         -9.00867580e-01, -8.89230701e-01, -8.12534940e-01],
        [ 1.05555351e-01, -1.37056813e-01,  0.00000000e+00, ...,
         -9.51861803e-01, -9.43537075e-01, -8.84759329e-01],
        ...,
        [ 9.78899777e-01,  9.00867580e-01,  9.51861803e-01, ...,
          0.00000000e+00,  2.61002910e-02,  1.72410420e-01],
        [ 9.73232936e-01,  8.89230701e-01,  9.43537075e-01, ...,
         -2.61002910e-02,  0.00000000e+00,  1.46642241e-01],
        [ 9.29010440e-01,  8.12534940e-01,  8.84759329e-01, ...,
         -1.72410420e-01, -1.46642241e-01,  0.00000000e+00]],

       [[ 0.00000000e+00,  1.18812262e-02,  1.62446577e-01, ...,
         -9.78864615e-01, -9.89588588e-01, -9.93211444e-01],
        [-1.18812262e-02,  0.00000000e+00,  1.50711699e-01, ...,
         -9.76365701e-01, -9.87808733e-01, -9.91759280e-01],
        [-1.62446577e-01, -1.50711699e-01,  0.00000000e+00, ...,
         -9.32640848e-01, -9.53064085e-01, -9.61122690e-01],
        ...,
        [ 9.78864615e-01,  9.76365701e-01,  9.32640848e-01, ...,
          0.00000000e+00,  6.14969413e-02,  8.92565938e-02],
        [ 9.89588588e-01,  9.87808733e-01,  9.53064085e-01, ...,
         -6.14969413e-02,  0.00000000e+00,  2.78361690e-02],
        [ 9.93211444e-01,  9.91759280e-01,  9.61122690e-01, ...,
         -8.92565938e-02, -2.78361690e-02,  0.00000000e+00]],

       [[ 0.00000000e+00,  4.38195805e-04,  2.90607578e-02, ...,
          5.01505642e-02, -1.01155975e-01, -1.93400909e-01],
        [-4.38195805e-04,  0.00000000e+00,  2.86227443e-02, ...,
          4.97129149e-02, -1.01591913e-01, -1.93830813e-01],
        [-2.90607578e-02, -2.86227443e-02,  0.00000000e+00, ...,
          2.11051932e-02, -1.30024944e-01, -2.21831311e-01],
        ...,
        [-5.01505642e-02, -4.97129149e-02, -2.11051932e-02, ...,
          0.00000000e+00, -1.50922008e-01, -2.42361259e-01],
        [ 1.01155975e-01,  1.01591913e-01,  1.30024944e-01, ...,
          1.50922008e-01,  0.00000000e+00, -9.31627434e-02],
        [ 1.93400909e-01,  1.93830813e-01,  2.21831311e-01, ...,
          2.42361259e-01,  9.31627434e-02,  0.00000000e+00]]]), 'num': array([7.46553944e-01, 6.65265826e-01, 1.99970769e-05, 1.35706373e-04,
       1.38544022e-04, 1.32201043e-04, 8.85676879e-03, 3.50533068e-06,
       1.33035645e-04, 1.36866471e-04, 1.35998484e-04, 1.48373785e-06,
       1.42493920e-04, 1.31239021e-04])}
{'img': array([[[ 0.        ,  0.36645752, -0.2789093 , ..., -0.95817998,
         -0.98973772, -0.97028478],
        [-0.36645752,  0.        , -0.61142246, ..., -0.7866562 ,
         -0.86852111, -0.99145689],
        [ 0.2789093 ,  0.61142246,  0.        , ..., -0.99997138,
         -0.99031741, -0.8642949 ],
        ...,
        [ 0.95817998,  0.7866562 ,  0.99997138, ...,  0.        ,
          0.14630953,  0.50950953],
        [ 0.98973772,  0.86852111,  0.99031741, ..., -0.14630953,
          0.        ,  0.3781324 ],
        [ 0.97028478,  0.99145689,  0.8642949 , ..., -0.50950953,
         -0.3781324 ,  0.        ]],

       [[ 0.        , -0.3166549 , -0.14177309, ..., -0.1878808 ,
         -0.5776933 ,  0.04156146],
        [ 0.3166549 ,  0.        ,  0.17897887, ...,  0.13280325,
         -0.28949487,  0.35580403],
        [ 0.14177309, -0.17897887,  0.        , ..., -0.04673468,
         -0.45613529,  0.18279224],
        ...,
        [ 0.1878808 , -0.13280325,  0.04673468, ...,  0.        ,
         -0.4140472 ,  0.22853979],
        [ 0.5776933 ,  0.28949487,  0.45613529, ...,  0.4140472 ,
          0.        ,  0.61111884],
        [-0.04156146, -0.35580403, -0.18279224, ..., -0.22853979,
         -0.61111884,  0.        ]],

       [[ 0.        ,  0.28589527, -0.21419615, ..., -0.96289053,
         -0.94111165, -0.93508949],
        [-0.28589527,  0.        , -0.48451562, ..., -0.84553939,
         -0.80517044, -0.79473504],
        [ 0.21419615,  0.48451562,  0.        , ..., -0.99835236,
         -0.99168792, -0.98930031],
        ...,
        [ 0.96289053,  0.84553939,  0.99835236, ...,  0.        ,
         -0.07155062, -0.08888624],
        [ 0.94111165,  0.80517044,  0.99168792, ...,  0.07155062,
          0.        , -0.01739102],
        [ 0.93508949,  0.79473504,  0.98930031, ...,  0.08888624,
          0.01739102,  0.        ]],

       ...,

       [[ 0.        ,  0.13705681, -0.0408937 , ..., -0.8892307 ,
         -0.81253494, -0.50661873],
        [-0.13705681,  0.        , -0.17744996, ..., -0.94353707,
         -0.88475933, -0.62000416],
        [ 0.0408937 ,  0.17744996,  0.        , ..., -0.86977967,
         -0.78801781, -0.47093761],
        ...,
        [ 0.8892307 ,  0.94353707,  0.86977967, ...,  0.        ,
          0.14664224,  0.53491091],
        [ 0.81253494,  0.88475933,  0.78801781, ..., -0.14664224,
          0.        ,  0.40522903],
        [ 0.50661873,  0.62000416,  0.47093761, ..., -0.53491091,
         -0.40522903,  0.        ]],

       [[ 0.        ,  0.1507117 ,  0.29564759, ..., -0.98780873,
         -0.99175928, -0.9913352 ],
        [-0.1507117 ,  0.        ,  0.14829618, ..., -0.95306408,
         -0.96112269, -0.96021498],
        [-0.29564759, -0.14829618,  0.        , ..., -0.89762661,
         -0.90954776, -0.90818441],
        ...,
        [ 0.98780873,  0.95306408,  0.89762661, ...,  0.        ,
          0.02783617,  0.02456854],
        [ 0.99175928,  0.96112269,  0.90954776, ..., -0.02783617,
          0.        , -0.00326875],
        [ 0.9913352 ,  0.96021498,  0.90818441, ..., -0.02456854,
          0.00326875,  0.        ]],

       [[ 0.        ,  0.02862274,  0.10193149, ..., -0.10159191,
         -0.19383081, -0.20653723],
        [-0.02862274,  0.        ,  0.07341606, ..., -0.13002494,
         -0.22183131, -0.23445821],
        [-0.10193149, -0.07341606,  0.        , ..., -0.20246687,
         -0.29281958, -0.30519518],
        ...,
        [ 0.10159191,  0.13002494,  0.20246687, ...,  0.        ,
         -0.09316274, -0.10606717],
        [ 0.19383081,  0.22183131,  0.29281958, ...,  0.09316274,
          0.        , -0.01296867],
        [ 0.20653723,  0.23445821,  0.30519518, ...,  0.10606717,
          0.01296867,  0.        ]]]), 'num': array([ 9.43726087e-01,  3.30706800e-01,  1.52113967e-04,  1.71043328e-04,
        1.72741028e-04,  1.69557840e-04,  3.71826125e-03, -1.48548796e-06,
        1.69218300e-04,  1.73791481e-04,  1.72659680e-04,  1.48211951e-06,
        1.81032222e-04,  1.66550739e-04])}
{'img': array([[[ 0.        , -0.61142246, -0.61142246, ..., -0.86852111,
         -0.99145689, -0.96768193],
        [ 0.61142246,  0.        ,  0.        , ..., -0.99031741,
         -0.8642949 , -0.91991571],
        [ 0.61142246,  0.        ,  0.        , ..., -0.99031741,
         -0.8642949 , -0.91991571],
        ...,
        [ 0.86852111,  0.99031741,  0.99031741, ...,  0.        ,
          0.3781324 ,  0.26061528],
        [ 0.99145689,  0.8642949 ,  0.8642949 , ..., -0.3781324 ,
          0.        , -0.12380018],
        [ 0.96768193,  0.91991571,  0.91991571, ..., -0.26061528,
          0.12380018,  0.        ]],

       [[ 0.        ,  0.17897887,  0.13754863, ..., -0.28949487,
          0.35580403, -0.3118091 ],
        [-0.17897887,  0.        , -0.04195005, ..., -0.45613529,
          0.18279224, -0.47683012],
        [-0.13754863,  0.04195005,  0.        , ..., -0.41840196,
          0.22387459, -0.43953647],
        ...,
        [ 0.28949487,  0.45613529,  0.41840196, ...,  0.        ,
          0.61111884, -0.02339526],
        [-0.35580403, -0.18279224, -0.22387459, ..., -0.61111884,
          0.        , -0.62946983],
        [ 0.3118091 ,  0.47683012,  0.43953647, ...,  0.02339526,
          0.62946983,  0.        ]],

       [[ 0.        , -0.48451562, -0.67735949, ..., -0.80517044,
         -0.79473504, -0.8       ],
        [ 0.48451562,  0.        , -0.23610733, ..., -0.99168792,
         -0.98930031, -0.99053546],
        [ 0.67735949,  0.23610733,  0.        , ..., -0.99402901,
         -0.99577632, -0.99493743],
        ...,
        [ 0.80517044,  0.99168792,  0.99402901, ...,  0.        ,
         -0.01739102, -0.00866748],
        [ 0.79473504,  0.98930031,  0.99577632, ...,  0.01739102,
          0.        ,  0.00872419],
        [ 0.8       ,  0.99053546,  0.99493743, ...,  0.00866748,
         -0.00872419,  0.        ]],

       ...,

       [[ 0.        , -0.17744996, -0.23470264, ..., -0.88475933,
         -0.62000416, -0.83336988],
        [ 0.17744996,  0.        , -0.05848457, ..., -0.78801781,
         -0.47093761, -0.72206478],
        [ 0.23470264,  0.05848457,  0.        , ..., -0.7506628 ,
         -0.41853838, -0.68036771],
        ...,
        [ 0.88475933,  0.78801781,  0.7506628 , ...,  0.        ,
          0.40522903,  0.10062983],
        [ 0.62000416,  0.47093761,  0.41853838, ..., -0.40522903,
          0.        , -0.31117474],
        [ 0.83336988,  0.72206478,  0.68036771, ..., -0.10062983,
          0.31117474,  0.        ]],

       [[ 0.        ,  0.14829618,  0.02167049, ..., -0.96112269,
         -0.96021498, -0.95660357],
        [-0.14829618,  0.        , -0.12683048, ..., -0.90954776,
         -0.90818441, -0.902814  ],
        [-0.02167049,  0.12683048,  0.        , ..., -0.9549133 ,
         -0.95393775, -0.95006431],
        ...,
        [ 0.96112269,  0.90954776,  0.9549133 , ...,  0.        ,
         -0.00326875, -0.015925  ],
        [ 0.96021498,  0.90818441,  0.95393775, ...,  0.00326875,
          0.        , -0.01265658],
        [ 0.95660357,  0.902814  ,  0.95006431, ...,  0.015925  ,
          0.01265658,  0.        ]],

       [[ 0.        ,  0.07341606,  0.22343698, ..., -0.22183131,
         -0.23445821, -0.27399813],
        [-0.07341606,  0.        ,  0.15127402, ..., -0.29281958,
         -0.30519518, -0.34386517],
        [-0.22343698, -0.15127402,  0.        , ..., -0.43409311,
         -0.44573966, -0.48195711],
        ...,
        [ 0.22183131,  0.29281958,  0.43409311, ...,  0.        ,
         -0.01296867, -0.05382961],
        [ 0.23445821,  0.30519518,  0.44573966, ...,  0.01296867,
          0.        , -0.04087521],
        [ 0.27399813,  0.34386517,  0.48195711, ...,  0.05382961,
          0.04087521,  0.        ]]]), 'num': array([9.25634188e-01, 3.78399953e-01, 1.35119564e-04, 1.68121117e-04,
       1.70196686e-04, 1.66875775e-04, 3.81821737e-03, 8.30227738e-07,
       1.66294616e-04, 1.69854217e-04, 1.68636550e-04, 1.71771256e-06,
       1.76974691e-04, 1.62733744e-04])}
{'img': array([[[ 0.        ,  0.        , -0.6416587 , ..., -0.99957574,
         -0.98628544, -0.99617517],
        [ 0.        ,  0.        , -0.6416587 , ..., -0.99957574,
         -0.98628544, -0.99617517],
        [ 0.6416587 ,  0.6416587 ,  0.        , ..., -0.78535398,
         -0.8623762 , -0.82012395],
        ...,
        [ 0.99957574,  0.99957574,  0.78535398, ...,  0.        ,
         -0.13625176, -0.05832676],
        [ 0.98628544,  0.98628544,  0.8623762 , ...,  0.13625176,
          0.        ,  0.07823698],
        [ 0.99617517,  0.99617517,  0.82012395, ...,  0.05832676,
         -0.07823698,  0.        ]],

       [[ 0.        , -0.04195005, -0.08947668, ...,  0.18279224,
         -0.47683012, -0.45012453],
        [ 0.04195005,  0.        , -0.04761612, ...,  0.22387459,
         -0.43953647, -0.41226833],
        [ 0.08947668,  0.04761612,  0.        , ...,  0.27002818,
         -0.39626793, -0.36841944],
        ...,
        [-0.18279224, -0.22387459, -0.27002818, ...,  0.        ,
         -0.62946983, -0.60576786],
        [ 0.47683012,  0.43953647,  0.39626793, ...,  0.62946983,
          0.        ,  0.03013556],
        [ 0.45012453,  0.41226833,  0.36841944, ...,  0.60576786,
         -0.03013556,  0.        ]],

       [[ 0.        , -0.52422955, -0.68437734, ..., -0.81411405,
         -0.81935683, -0.8644127 ],
        [ 0.52422955,  0.        , -0.20056954, ..., -0.99770353,
         -0.99827777, -0.99968764],
        [ 0.68437734,  0.20056954,  0.        , ..., -0.99101471,
         -0.9897585 , -0.97436076],
        ...,
        [ 0.81411405,  0.99770353,  0.99101471, ...,  0.        ,
          0.00908617,  0.09264614],
        [ 0.81935683,  0.99827777,  0.9897585 , ..., -0.00908617,
          0.        ,  0.08359522],
        [ 0.8644127 ,  0.99968764,  0.97436076, ..., -0.09264614,
         -0.08359522,  0.        ]],

       ...,

       [[ 0.        , -0.05848457, -0.51295869, ..., -0.47093761,
         -0.72206478, -0.55798138],
        [ 0.05848457,  0.        , -0.46187673, ..., -0.41853838,
         -0.68036771, -0.50849267],
        [ 0.51295869,  0.46187673,  0.        , ...,  0.04825588,
         -0.26495212, -0.05329809],
        ...,
        [ 0.47093761,  0.41853838, -0.04825588, ...,  0.        ,
         -0.31117474, -0.10142329],
        [ 0.72206478,  0.68036771,  0.26495212, ...,  0.31117474,
          0.        ,  0.21318223],
        [ 0.55798138,  0.50849267,  0.05329809, ...,  0.10142329,
         -0.21318223,  0.        ]],

       [[ 0.        , -0.12683048, -0.23492832, ..., -0.90818441,
         -0.902814  , -0.89895884],
        [ 0.12683048,  0.        , -0.10975029, ..., -0.95393775,
         -0.95006431, -0.94725517],
        [ 0.23492832,  0.10975029,  0.        , ..., -0.98110079,
         -0.97857319, -0.97670579],
        ...,
        [ 0.90818441,  0.95393775,  0.98110079, ...,  0.        ,
         -0.01265658, -0.02153738],
        [ 0.902814  ,  0.95006431,  0.97857319, ...,  0.01265658,
          0.        , -0.00888201],
        [ 0.89895884,  0.94725517,  0.97670579, ...,  0.02153738,
          0.00888201,  0.        ]],

       [[ 0.        ,  0.15127402,  0.28450409, ..., -0.30519518,
         -0.34386517, -0.36523768],
        [-0.15127402,  0.        ,  0.13620738, ..., -0.44573966,
         -0.48195711, -0.50185763],
        [-0.28450409, -0.13620738,  0.        , ..., -0.56351329,
         -0.59680963, -0.6149931 ],
        ...,
        [ 0.30519518,  0.44573966,  0.56351329, ...,  0.        ,
         -0.04087521, -0.06370157],
        [ 0.34386517,  0.48195711,  0.59680963, ...,  0.04087521,
          0.        , -0.02285613],
        [ 0.36523768,  0.50185763,  0.6149931 , ...,  0.06370157,
          0.02285613,  0.        ]]]), 'num': array([ 8.70812344e-01,  4.91585646e-01,  9.51635378e-05,  1.56770028e-04,
        1.60310631e-04,  1.56179928e-04,  5.40390418e-03, -2.55710209e-06,
        1.58068249e-04,  1.60497496e-04,  1.59589397e-04,  1.34331817e-06,
        1.67030163e-04,  1.53964830e-04])}
{'img': array([[[ 0.        , -0.6416587 , -0.61770772, ..., -0.98628544,
         -0.99617517, -0.94049561],
        [ 0.6416587 ,  0.        ,  0.03082957, ..., -0.8623762 ,
         -0.82012395, -0.93939037],
        [ 0.61770772, -0.03082957,  0.        , ..., -0.87757429,
         -0.83737435, -0.94951374],
        ...,
        [ 0.98628544,  0.8623762 ,  0.87757429, ...,  0.        ,
          0.07823698, -0.17991811],
        [ 0.99617517,  0.82012395,  0.83737435, ..., -0.07823698,
          0.        , -0.2563269 ],
        [ 0.94049561,  0.93939037,  0.94951374, ...,  0.17991811,
          0.2563269 ,  0.        ]],

       [[ 0.        , -0.04761612,  0.41847312, ..., -0.43953647,
         -0.41226833, -0.19210108],
        [ 0.04761612,  0.        ,  0.4612448 , ..., -0.39626793,
         -0.36841944, -0.14515391],
        [-0.41847312, -0.4612448 ,  0.        , ..., -0.77508276,
         -0.75568928, -0.58515093],
        ...,
        [ 0.43953647,  0.39626793,  0.77508276, ...,  0.        ,
          0.03013556,  0.25880022],
        [ 0.41226833,  0.36841944,  0.75568928, ..., -0.03013556,
          0.        ,  0.2295738 ],
        [ 0.19210108,  0.14515391,  0.58515093, ..., -0.25880022,
         -0.2295738 ,  0.        ]],

       [[ 0.        , -0.49702631, -0.61106145, ..., -0.84225575,
         -0.88639701, -0.90989909],
        [ 0.49702631,  0.        , -0.13680203, ..., -0.99879121,
         -0.99924445, -0.99573297],
        [ 0.61106145,  0.13680203,  0.        , ..., -0.99612535,
         -0.98453309, -0.97374721],
        ...,
        [ 0.84225575,  0.99879121,  0.99612535, ...,  0.        ,
          0.08793531,  0.14111406],
        [ 0.88639701,  0.99924445,  0.98453309, ..., -0.08793531,
          0.        ,  0.05351204],
        [ 0.90989909,  0.99573297,  0.97374721, ..., -0.14111406,
         -0.05351204,  0.        ]],

       ...,

       [[ 0.        , -0.46187673, -0.39043441, ..., -0.68036771,
         -0.50849267, -0.6993229 ],
        [ 0.46187673,  0.        ,  0.07892441, ..., -0.26495212,
         -0.05329809, -0.29010812],
        [ 0.39043441, -0.07892441,  0.        , ..., -0.34022941,
         -0.13194406, -0.36473334],
        ...,
        [ 0.68036771,  0.26495212,  0.34022941, ...,  0.        ,
          0.21318223, -0.02618256],
        [ 0.50849267,  0.05329809,  0.13194406, ..., -0.21318223,
          0.        , -0.23868984],
        [ 0.6993229 ,  0.29010812,  0.36473334, ...,  0.02618256,
          0.23868984,  0.        ]],

       [[ 0.        , -0.19896022, -0.40058517, ..., -0.90391104,
         -0.90006542, -0.86396047],
        [ 0.19896022,  0.        , -0.21027729, ..., -0.97093903,
         -0.96876879, -0.94687613],
        [ 0.40058517,  0.21027729,  0.        , ..., -0.99955559,
         -0.99925042, -0.99333053],
        ...,
        [ 0.90391104,  0.97093903,  0.99955559, ...,  0.        ,
         -0.00890713, -0.08563951],
        [ 0.90006542,  0.96876879,  0.99925042, ...,  0.00890713,
          0.        , -0.07676171],
        [ 0.86396047,  0.94687613,  0.99333053, ...,  0.08563951,
          0.07676171,  0.        ]],

       [[ 0.        ,  0.13620738,  0.44086997, ..., -0.48195711,
         -0.50185763, -0.5343812 ],
        [-0.13620738,  0.        ,  0.31450541, ..., -0.59680963,
         -0.6149931 , -0.64452937],
        [-0.44086997, -0.31450541,  0.        , ..., -0.81887869,
         -0.83178343, -0.85228757],
        ...,
        [ 0.48195711,  0.59680963,  0.81887869, ...,  0.        ,
         -0.02285613, -0.06085088],
        [ 0.50185763,  0.6149931 ,  0.83178343, ...,  0.02285613,
          0.        , -0.03802121],
        [ 0.5343812 ,  0.64452937,  0.85228757, ...,  0.06085088,
          0.03802121,  0.        ]]]), 'num': array([8.21543995e-01, 5.70136916e-01, 6.30092930e-05, 1.48060706e-04,
       1.49916103e-04, 1.46576388e-04, 3.02956696e-03, 1.85539732e-07,
       1.49322376e-04, 1.51038619e-04, 1.50324291e-04, 1.39968570e-06,
       1.57115123e-04, 1.44962115e-04])}
{'img': array([[[ 0.        ,  0.20737809, -0.5327542 , ..., -0.97352146,
         -0.9984863 , -0.99946944],
        [-0.20737809,  0.        , -0.69667045, ..., -0.99976368,
         -0.96537406, -0.97098745],
        [ 0.5327542 ,  0.69667045,  0.        , ..., -0.70207676,
         -0.87429107, -0.86317306],
        ...,
        [ 0.97352146,  0.99976368,  0.70207676, ...,  0.        ,
         -0.28179431, -0.26018235],
        [ 0.9984863 ,  0.96537406,  0.87429107, ...,  0.28179431,
          0.        ,  0.02245076],
        [ 0.99946944,  0.97098745,  0.86317306, ...,  0.26018235,
         -0.02245076,  0.        ]],

       [[ 0.        ,  0.4612448 ,  0.02461911, ..., -0.36841944,
         -0.14515391, -0.43807113],
        [-0.4612448 ,  0.        , -0.43926113, ..., -0.75568928,
         -0.58515093, -0.80332019],
        [-0.02461911,  0.43926113,  0.        , ..., -0.39119516,
         -0.16946828, -0.46006946],
        ...,
        [ 0.36841944,  0.75568928,  0.39119516, ...,  0.        ,
          0.2295738 , -0.07606998],
        [ 0.14515391,  0.58515093,  0.16946828, ..., -0.2295738 ,
          0.        , -0.30294686],
        [ 0.43807113,  0.80332019,  0.46006946, ...,  0.07606998,
          0.30294686,  0.        ]],

       [[ 0.        , -0.39552564, -0.64527722, ..., -0.90524372,
         -0.92767424, -0.93762828],
        [ 0.39552564,  0.        , -0.29049683, ..., -0.99948152,
         -0.99971252, -0.99866965],
        [ 0.64527722,  0.29049683,  0.        , ..., -0.96573316,
         -0.94963576, -0.94062356],
        ...,
        [ 0.90524372,  0.99948152,  0.96573316, ...,  0.        ,
          0.05615256,  0.08369295],
        [ 0.92767424,  0.99971252,  0.94963576, ..., -0.05615256,
          0.        ,  0.02760535],
        [ 0.93762828,  0.99866965,  0.94062356, ..., -0.08369295,
         -0.02760535,  0.        ]],

       ...,

       [[ 0.        ,  0.07892441,  0.07158846, ..., -0.05329809,
         -0.29010812, -0.17363105],
        [-0.07892441,  0.        , -0.00735677, ..., -0.13194406,
         -0.36473334, -0.25081504],
        [-0.07158846,  0.00735677,  0.        , ..., -0.12464804,
         -0.3578735 , -0.24368665],
        ...,
        [ 0.05329809,  0.13194406,  0.12464804, ...,  0.        ,
         -0.23868984, -0.12089573],
        [ 0.29010812,  0.36473334,  0.3578735 , ...,  0.23868984,
          0.        ,  0.11953775],
        [ 0.17363105,  0.25081504,  0.24368665, ...,  0.12089573,
         -0.11953775,  0.        ]],

       [[ 0.        , -0.29178934, -0.35661192, ..., -0.93099483,
         -0.90002694, -0.87509482],
        [ 0.29178934,  0.        , -0.06848814, ..., -0.99699292,
         -0.98803191, -0.97822487],
        [ 0.35661192,  0.06848814,  0.        , ..., -0.99995924,
         -0.99627621, -0.99014249],
        ...,
        [ 0.93099483,  0.99699292,  0.99995924, ...,  0.        ,
         -0.0772205 , -0.13111842],
        [ 0.90002694,  0.98803191,  0.99627621, ...,  0.0772205 ,
          0.        , -0.05417308],
        [ 0.87509482,  0.97822487,  0.99014249, ...,  0.13111842,
          0.05417308,  0.        ]],

       [[ 0.        ,  0.31450541,  0.4692831 , ..., -0.6149931 ,
         -0.64452937, -0.67613151],
        [-0.31450541,  0.        ,  0.16774634, ..., -0.83178343,
         -0.85228757, -0.87354327],
        [-0.4692831 , -0.16774634,  0.        , ..., -0.91311326,
         -0.92795449, -0.94281528],
        ...,
        [ 0.6149931 ,  0.83178343,  0.91311326, ...,  0.        ,
         -0.03802121, -0.08003646],
        [ 0.64452937,  0.85228757,  0.92795449, ...,  0.03802121,
          0.        , -0.04207935],
        [ 0.67613151,  0.87354327,  0.94281528, ...,  0.08003646,
          0.04207935,  0.        ]]]), 'num': array([ 7.45597074e-01,  6.66381685e-01,  2.01054288e-05,  1.32911727e-04,
        1.33586406e-04,  1.31393700e-04,  4.50634849e-03, -1.68669704e-06,
        1.34902030e-04,  1.36900766e-04,  1.36470658e-04,  1.13368162e-06,
        1.42466636e-04,  1.31334895e-04])}
{'img': array([[[ 0.        , -0.69667045, -0.94533978, ..., -0.96537406,
         -0.97098745, -0.88971226],
        [ 0.69667045,  0.        , -0.45100339, ..., -0.87429107,
         -0.86317306, -0.95631704],
        [ 0.94533978,  0.45100339,  0.        , ..., -0.56140627,
         -0.54268586, -0.72169172],
        ...,
        [ 0.96537406,  0.87429107,  0.56140627, ...,  0.        ,
          0.02245076, -0.20861539],
        [ 0.97098745,  0.86317306,  0.54268586, ..., -0.02245076,
          0.        , -0.2305196 ],
        [ 0.88971226,  0.95631704,  0.72169172, ...,  0.20861539,
          0.2305196 ,  0.        ]],

       [[ 0.        , -0.43926113, -0.32473178, ..., -0.58515093,
         -0.80332019, -0.59805466],
        [ 0.43926113,  0.        ,  0.12373002, ..., -0.16946828,
         -0.46006946, -0.18521988],
        [ 0.32473178, -0.12373002,  0.        , ..., -0.29010642,
         -0.56639202, -0.30538577],
        ...,
        [ 0.58515093,  0.16946828,  0.29010642, ...,  0.        ,
         -0.30294686, -0.01600481],
        [ 0.80332019,  0.46006946,  0.56639202, ...,  0.30294686,
          0.        ,  0.28765535],
        [ 0.59805466,  0.18521988,  0.30538577, ...,  0.01600481,
         -0.28765535,  0.        ]],

       [[ 0.        , -0.54424523, -0.75907197, ..., -0.93795531,
         -0.94744776, -0.90198501],
        [ 0.54424523,  0.        , -0.28249805, ..., -0.97559565,
         -0.9689485 , -0.99168615],
        [ 0.75907197,  0.28249805,  0.        , ..., -0.87382808,
         -0.85962996, -0.91494078],
        ...,
        [ 0.93795531,  0.97559565,  0.87382808, ...,  0.        ,
          0.02847157, -0.09220962],
        [ 0.94744776,  0.9689485 ,  0.85962996, ..., -0.02847157,
          0.        , -0.12052251],
        [ 0.90198501,  0.99168615,  0.91494078, ...,  0.09220962,
          0.12052251,  0.        ]],

       ...,

       [[ 0.        , -0.00735677, -0.62858412, ..., -0.36473334,
         -0.25081504, -0.38175417],
        [ 0.00735677,  0.        , -0.62284545, ..., -0.3578735 ,
         -0.24368665, -0.37494425],
        [ 0.62858412,  0.62284545,  0.        , ...,  0.30161394,
          0.41342215,  0.28407151],
        ...,
        [ 0.36473334,  0.3578735 , -0.30161394, ...,  0.        ,
          0.11953775, -0.01834604],
        [ 0.25081504,  0.24368665, -0.41342215, ..., -0.11953775,
          0.        , -0.13773212],
        [ 0.38175417,  0.37494425, -0.28407151, ...,  0.01834604,
          0.13773212,  0.        ]],

       [[ 0.        , -0.06848814, -0.13116386, ..., -0.98803191,
         -0.97822487, -0.96634216],
        [ 0.06848814,  0.        , -0.06295943, ..., -0.99627621,
         -0.99014249, -0.9816924 ],
        [ 0.13116386,  0.06295943,  0.        , ..., -0.99972798,
         -0.99699647, -0.99173689],
        ...,
        [ 0.98803191,  0.99627621,  0.99972798, ...,  0.        ,
         -0.05417308, -0.1051234 ],
        [ 0.97822487,  0.99014249,  0.99699647, ...,  0.05417308,
          0.        , -0.05109612],
