state_0,state_1,state_2,state_3,state_4,state_5,state_6,state_7,state_8,state_9,state_10,state_11,state_12,state_13,state_14,state_15,state_16,state_17,state_18,state_19,state_20,state_21,state_22,state_23,state_24,state_25,state_26,state_27,state_28,state_29,state_30,state_31,state_32,state_33,state_34,state_35,state_36,state_37,state_38,state_39,state_40,state_41,state_42,state_43,state_44,state_45,state_46,state_47,state_48,state_49,state_50,state_51,state_52,state_53,state_54,state_55,state_56,state_57,state_58,state_59,state_60,state_61,state_62,state_63,state_64,state_65,state_66,state_67,state_68,state_69,state_70,state_71,state_72,state_73,state_74,state_75,state_76,state_77,state_78,state_79,state_80,state_81,state_82,state_83,state_84,state_85,state_86,state_87,state_88,state_89,state_90,state_91,state_92,state_93,state_94,state_95,state_96,state_97,state_98,state_99,state_100,state_101,state_102,state_103,state_104,state_105,state_106,state_107,state_108,state_109,state_110,state_111,state_112,state_113,state_114,state_115,state_116,state_117,state_118,state_119,state_120,state_121,state_122,state_123,state_124,state_125,state_126,state_127,state_128,state_129,state_130,state_131,state_132,state_133,state_134,state_135,state_136,state_137,state_138,state_139,state_140,state_141,state_142,state_143,state_144,state_145,state_146,state_147,state_148,state_149,state_150,state_151,state_152,state_153,state_154,state_155,state_156,state_157,state_158,state_159,state_160,state_161,state_162,state_163,state_164,state_165,state_166,state_167,state_168,state_169,state_170,state_171,state_172,state_173,state_174,state_175,state_176,state_177,state_178,state_179,state_180,state_181,state_182,state_183,state_184,state_185,state_186,state_187,state_188,state_189,state_190,state_191,state_192,state_193,state_194,state_195,state_196,state_197,state_198,state_199,state_200,state_201,state_202,state_203,state_204,state_205,state_206,state_207,state_208,state_209,state_210,state_211,state_212,state_213,state_214,state_215,state_216,state_217,state_218,state_219,state_220,state_221,state_222,state_223,state_224,state_225,state_226,state_227,state_228,state_229,state_230,state_231,state_232,state_233,state_234,state_235,state_236,state_237,state_238,state_239,state_240,state_241,state_242,state_243,state_244,state_245,state_246,state_247,state_248,state_249,state_250,state_251,state_252,state_253,state_254,state_255,state_256,state_257,state_258,state_259,state_260,state_261,state_262,state_263,state_264,state_265,state_266,state_267,state_268,state_269,state_270,state_271,state_272,state_273,state_274,state_275,state_276,state_277,state_278,state_279,state_280,state_281,state_282,state_283,state_284,state_285,state_286,state_287
{'img': array([[[ 0.00000000e+00, -4.31688501e-01, -7.28173112e-01, ...,
          7.55515327e-01,  7.30365664e-01,  7.89081084e-01],
        [ 4.31688501e-01,  0.00000000e+00, -3.60952324e-01, ...,
          9.64304519e-01,  9.53674021e-01,  9.76950609e-01],
        [ 7.28173112e-01,  3.60952324e-01,  0.00000000e+00, ...,
          9.94873871e-01,  9.97970981e-01,  9.88139628e-01],
        ...,
        [-7.55515327e-01, -9.64304519e-01, -9.94873871e-01, ...,
          0.00000000e+00, -3.75743846e-02,  5.28466619e-02],
        [-7.30365664e-01, -9.53674021e-01, -9.97970981e-01, ...,
          3.75743846e-02,  0.00000000e+00,  9.03312230e-02],
        [-7.89081084e-01, -9.76950609e-01, -9.88139628e-01, ...,
         -5.28466619e-02, -9.03312230e-02,  0.00000000e+00]],

       [[ 0.00000000e+00,  4.71250330e-01,  4.71403660e-01, ...,
          5.60108067e-01,  9.98073520e-01,  3.58185473e-01],
        [-4.71250330e-01,  0.00000000e+00,  1.73851453e-04, ...,
          1.03622050e-01,  8.51062892e-01, -1.24063674e-01],
        [-4.71403660e-01, -1.73851453e-04,  0.00000000e+00, ...,
          1.03449133e-01,  8.50971596e-01, -1.24236180e-01],
        ...,
        [-5.60108067e-01, -1.03622050e-01, -1.03449133e-01, ...,
          0.00000000e+00,  7.92073220e-01, -2.26217301e-01],
        [-9.98073520e-01, -8.51062892e-01, -8.50971596e-01, ...,
         -7.92073220e-01,  0.00000000e+00, -9.09629140e-01],
        [-3.58185473e-01,  1.24063674e-01,  1.24236180e-01, ...,
          2.26217301e-01,  9.09629140e-01,  0.00000000e+00]],

       [[ 0.00000000e+00, -1.32830084e-01, -2.75001845e-01, ...,
          8.85441900e-01,  8.71830469e-01,  8.65672883e-01],
        [ 1.32830084e-01,  0.00000000e+00, -1.44856358e-01, ...,
          9.39328637e-01,  9.29166231e-01,  9.24498083e-01],
        [ 2.75001845e-01,  1.44856358e-01,  0.00000000e+00, ...,
          9.79109666e-01,  9.72913946e-01,  9.69964436e-01],
        ...,
        [-8.85441900e-01, -9.39328637e-01, -9.79109666e-01, ...,
          0.00000000e+00, -2.85130221e-02, -4.09396021e-02],
        [-8.71830469e-01, -9.29166231e-01, -9.72913946e-01, ...,
          2.85130221e-02,  0.00000000e+00, -1.24338395e-02],
        [-8.65672883e-01, -9.24498083e-01, -9.69964436e-01, ...,
          4.09396021e-02,  1.24338395e-02,  0.00000000e+00]],

       ...,

       [[ 0.00000000e+00, -7.70514357e-01, -5.10526234e-01, ...,
          5.25967864e-01,  5.68015638e-01,  6.04190035e-01],
        [ 7.70514357e-01,  0.00000000e+00,  3.37115172e-01, ...,
          9.90589709e-01,  9.96213030e-01,  9.99101270e-01],
        [ 5.10526234e-01, -3.37115172e-01,  0.00000000e+00, ...,
          8.86464702e-01,  9.08587321e-01,  9.26328017e-01],
        ...,
        [-5.25967864e-01, -9.90589709e-01, -8.86464702e-01, ...,
          0.00000000e+00,  5.02189298e-02,  9.47539392e-02],
        [-5.68015638e-01, -9.96213030e-01, -9.08587321e-01, ...,
         -5.02189298e-02,  0.00000000e+00,  4.46414009e-02],
        [-6.04190035e-01, -9.99101270e-01, -9.26328017e-01, ...,
         -9.47539392e-02, -4.46414009e-02,  0.00000000e+00]],

       [[ 0.00000000e+00, -9.74458935e-02, -1.93749322e-01, ...,
          5.63667181e-01,  6.18480585e-01,  6.24850513e-01],
        [ 9.74458935e-02,  0.00000000e+00, -9.72278373e-02, ...,
          6.41475093e-01,  6.92110118e-01,  6.97957076e-01],
        [ 1.93749322e-01,  9.72278373e-02,  0.00000000e+00, ...,
          7.13023619e-01,  7.59009272e-01,  7.64278965e-01],
        ...,
        [-5.63667181e-01, -6.41475093e-01, -7.13023619e-01, ...,
          0.00000000e+00,  6.79364855e-02,  7.60477739e-02],
        [-6.18480585e-01, -6.92110118e-01, -7.59009272e-01, ...,
         -6.79364855e-02,  0.00000000e+00,  8.13232345e-03],
        [-6.24850513e-01, -6.97957076e-01, -7.64278965e-01, ...,
         -7.60477739e-02, -8.13232345e-03,  0.00000000e+00]],

       [[ 0.00000000e+00, -1.97256027e-01, -4.45796165e-01, ...,
          9.51359222e-01,  9.87483228e-01,  9.98127374e-01],
        [ 1.97256027e-01,  0.00000000e+00, -2.60466490e-01, ...,
          8.71895537e-01,  9.36969147e-01,  9.66450061e-01],
        [ 4.45796165e-01,  2.60466490e-01,  0.00000000e+00, ...,
          7.14251887e-01,  8.13617535e-01,  8.66188982e-01],
        ...,
        [-9.51359222e-01, -8.71895537e-01, -7.14251887e-01, ...,
          0.00000000e+00, -1.54175365e-01, -2.49312411e-01],
        [-9.87483228e-01, -9.36969147e-01, -8.13617535e-01, ...,
          1.54175365e-01,  0.00000000e+00, -9.70245210e-02],
        [-9.98127374e-01, -9.66450061e-01, -8.66188982e-01, ...,
          2.49312411e-01,  9.70245210e-02,  0.00000000e+00]]]), 'num': array([7.18236282e-01, 6.95544845e-01, 4.50226917e-07, 8.72747562e-04,
       8.95258908e-04, 8.44175469e-04, 1.86573688e-02, 3.89619447e-05,
       8.33785618e-04, 8.71102502e-04, 8.09254023e-04, 7.49268168e-07,
       9.42520717e-04, 7.99684288e-04])}
{'img': array([[[ 0.00000000e+00, -3.60952324e-01,  5.79198912e-02, ...,
          9.53674021e-01,  9.76950609e-01,  9.89717034e-01],
        [ 3.60952324e-01,  0.00000000e+00,  4.14361549e-01, ...,
          9.97970981e-01,  9.88139628e-01,  8.71364232e-01],
        [-5.79198912e-02, -4.14361549e-01,  0.00000000e+00, ...,
          9.34648295e-01,  9.62946641e-01,  9.96340342e-01],
        ...,
        [-9.53674021e-01, -9.97970981e-01, -9.34648295e-01, ...,
          0.00000000e+00,  9.03312230e-02,  4.34161073e-01],
        [-9.76950609e-01, -9.88139628e-01, -9.62946641e-01, ...,
         -9.03312230e-02,  0.00000000e+00,  3.51012576e-01],
        [-9.89717034e-01, -8.71364232e-01, -9.96340342e-01, ...,
         -4.34161073e-01, -3.51012576e-01,  0.00000000e+00]],

       [[ 0.00000000e+00,  1.73851453e-04, -2.45986228e-01, ...,
          8.51062892e-01, -1.24063674e-01,  8.38541217e-01],
        [-1.73851453e-04,  0.00000000e+00, -2.46154734e-01, ...,
          8.50971596e-01, -1.24236180e-01,  8.38446483e-01],
        [ 2.45986228e-01,  2.46154734e-01,  0.00000000e+00, ...,
          9.54071012e-01,  1.23834193e-01,  9.46798318e-01],
        ...,
        [-8.51062892e-01, -8.50971596e-01, -9.54071012e-01, ...,
          0.00000000e+00, -9.09629140e-01, -2.34039395e-02],
        [ 1.24063674e-01,  1.24236180e-01, -1.23834193e-01, ...,
          9.09629140e-01,  0.00000000e+00,  8.99657489e-01],
        [-8.38541217e-01, -8.38446483e-01, -9.46798318e-01, ...,
          2.34039395e-02, -8.99657489e-01,  0.00000000e+00]],

       [[ 0.00000000e+00, -1.44856358e-01, -2.60988467e-01, ...,
          9.29166231e-01,  9.24498083e-01,  9.47059598e-01],
        [ 1.44856358e-01,  0.00000000e+00, -1.18399828e-01, ...,
          9.72913946e-01,  9.69964436e-01,  9.83577937e-01],
        [ 2.60988467e-01,  1.18399828e-01,  0.00000000e+00, ...,
          9.93440673e-01,  9.91942084e-01,  9.98028715e-01],
        ...,
        [-9.29166231e-01, -9.72913946e-01, -9.93440673e-01, ...,
          0.00000000e+00, -1.24338395e-02,  5.17760251e-02],
        [-9.24498083e-01, -9.69964436e-01, -9.91942084e-01, ...,
          1.24338395e-02,  0.00000000e+00,  6.41891849e-02],
        [-9.47059598e-01, -9.83577937e-01, -9.98028715e-01, ...,
         -5.17760251e-02, -6.41891849e-02,  0.00000000e+00]],

       ...,

       [[ 0.00000000e+00,  3.37115172e-01,  6.61360134e-01, ...,
          9.96213030e-01,  9.99101270e-01,  9.99654978e-01],
        [-3.37115172e-01,  0.00000000e+00,  3.69786895e-01, ...,
          9.08587321e-01,  9.26328017e-01,  9.32283782e-01],
        [-6.61360134e-01, -3.69786895e-01,  0.00000000e+00, ...,
          6.89725438e-01,  7.21361378e-01,  7.32438161e-01],
        ...,
        [-9.96213030e-01, -9.08587321e-01, -6.89725438e-01, ...,
          0.00000000e+00,  4.46414009e-02,  6.07490079e-02],
        [-9.99101270e-01, -9.26328017e-01, -7.21361378e-01, ...,
         -4.46414009e-02,  0.00000000e+00,  1.61294942e-02],
        [-9.99654978e-01, -9.32283782e-01, -7.32438161e-01, ...,
         -6.07490079e-02, -1.61294942e-02,  0.00000000e+00]],

       [[ 0.00000000e+00, -9.72278373e-02, -2.21776135e-01, ...,
          6.92110118e-01,  6.97957076e-01,  6.79694761e-01],
        [ 9.72278373e-02,  0.00000000e+00, -1.25918761e-01, ...,
          7.59009272e-01,  7.64278965e-01,  7.47790609e-01],
        [ 2.21776135e-01,  1.25918761e-01,  0.00000000e+00, ...,
          8.34951144e-01,  8.39398947e-01,  8.25440439e-01],
        ...,
        [-6.92110118e-01, -7.59009272e-01, -8.34951144e-01, ...,
          0.00000000e+00,  8.13232345e-03, -1.70611753e-02],
        [-6.97957076e-01, -7.64278965e-01, -8.39398947e-01, ...,
         -8.13232345e-03,  0.00000000e+00, -2.51917509e-02],
        [-6.79694761e-01, -7.47790609e-01, -8.25440439e-01, ...,
          1.70611753e-02,  2.51917509e-02,  0.00000000e+00]],

       [[ 0.00000000e+00, -2.60466490e-01, -6.10215125e-01, ...,
          9.36969147e-01,  9.66450061e-01,  9.68103263e-01],
        [ 2.60466490e-01,  0.00000000e+00, -3.82801393e-01, ...,
          8.13617535e-01,  8.66188982e-01,  8.69426856e-01],
        [ 6.10215125e-01,  3.82801393e-01,  0.00000000e+00, ...,
          5.29083916e-01,  6.08919744e-01,  6.14075690e-01],
        ...,
        [-9.36969147e-01, -8.13617535e-01, -5.29083916e-01, ...,
          0.00000000e+00, -9.70245210e-02, -1.03507938e-01],
        [-9.66450061e-01, -8.66188982e-01, -6.08919744e-01, ...,
          9.70245210e-02,  0.00000000e+00, -6.51622079e-03],
        [-9.68103263e-01, -8.69426856e-01, -6.14075690e-01, ...,
          1.03507938e-01,  6.51622079e-03,  0.00000000e+00]]]), 'num': array([ 7.77770440e-01,  6.28513453e-01,  2.97918139e-06,  7.89719511e-04,
        8.03906089e-04,  7.80261793e-04,  6.25040137e-03, -4.72885935e-06,
        7.69227788e-04,  7.93502599e-04,  7.39068174e-04,  6.45768965e-07,
        8.58206422e-04,  7.28798776e-04])}
{'img': array([[[ 0.        ,  0.41436155,  0.6316166 , ...,  0.98813963,
          0.87136423,  0.89518593],
        [-0.41436155,  0.        ,  0.25359548, ...,  0.96294664,
          0.99634034,  0.99939777],
        [-0.6316166 , -0.25359548,  0.        , ...,  0.86307559,
          0.98544633,  0.97552758],
        ...,
        [-0.98813963, -0.96294664, -0.86307559, ...,  0.        ,
          0.35101258,  0.30294379],
        [-0.87136423, -0.99634034, -0.98544633, ..., -0.35101258,
          0.        , -0.05085024],
        [-0.89518593, -0.99939777, -0.97552758, ..., -0.30294379,
          0.05085024,  0.        ]],

       [[ 0.        , -0.24615473, -0.08350591, ..., -0.12423618,
          0.83844648, -0.09246164],
        [ 0.24615473,  0.        ,  0.16435851, ...,  0.12383419,
          0.94679832,  0.15548363],
        [ 0.08350591, -0.16435851,  0.        , ..., -0.04094329,
          0.88102741, -0.0089905 ],
        ...,
        [ 0.12423618, -0.12383419,  0.04094329, ...,  0.        ,
          0.89965749,  0.03195868],
        [-0.83844648, -0.94679832, -0.88102741, ..., -0.89965749,
          0.        , -0.88524489],
        [ 0.09246164, -0.15548363,  0.0089905 , ..., -0.03195868,
          0.88524489,  0.        ]],

       [[ 0.        , -0.11839983, -0.19300454, ...,  0.96996444,
          0.98357794,  0.9980148 ],
        [ 0.11839983,  0.        , -0.07547328, ...,  0.99194208,
          0.99802872,  0.99845157],
        [ 0.19300454,  0.07547328,  0.        , ...,  0.99867476,
          0.99991878,  0.99140538],
        ...,
        [-0.96996444, -0.99194208, -0.99867476, ...,  0.        ,
          0.06418918,  0.18167569],
        [-0.98357794, -0.99802872, -0.99991878, ..., -0.06418918,
          0.        ,  0.11818005],
        [-0.9980148 , -0.99845157, -0.99140538, ..., -0.18167569,
         -0.11818005,  0.        ]],

       ...,

       [[ 0.        ,  0.59620209,  0.83068911, ...,  0.9972719 ,
          0.99836222,  0.99195375],
        [-0.59620209,  0.        ,  0.33497829, ...,  0.75663512,
          0.76741133,  0.72089497],
        [-0.83068911, -0.33497829,  0.        , ...,  0.49389985,
          0.50830175,  0.44709106],
        ...,
        [-0.9972719 , -0.75663512, -0.49389985, ...,  0.        ,
          0.01664174, -0.05303363],
        [-0.99836222, -0.76741133, -0.50830175, ..., -0.01664174,
          0.        , -0.0696446 ],
        [-0.99195375, -0.72089497, -0.44709106, ...,  0.05303363,
          0.0696446 ,  0.        ]],

       [[ 0.        , -0.12591876, -0.3471201 , ...,  0.76427896,
          0.74779061,  0.75540403],
        [ 0.12591876,  0.        , -0.226268  , ...,  0.83939895,
          0.82544044,  0.83190087],
        [ 0.3471201 ,  0.226268  ,  0.        , ...,  0.94060944,
          0.93175856,  0.9358872 ],
        ...,
        [-0.76427896, -0.83939895, -0.94060944, ...,  0.        ,
         -0.02519175, -0.01365159],
        [-0.74779061, -0.82544044, -0.93175856, ...,  0.02519175,
          0.        ,  0.01154214],
        [-0.75540403, -0.83190087, -0.9358872 , ...,  0.01365159,
         -0.01154214,  0.        ]],

       [[ 0.        , -0.38280139, -0.11570514, ...,  0.86618898,
          0.86942686,  0.85878358],
        [ 0.38280139,  0.        ,  0.27333839, ...,  0.60891974,
          0.61407569,  0.59724671],
        [ 0.11570514, -0.27333839,  0.        , ...,  0.80255154,
          0.80642196,  0.79373545],
        ...,
        [-0.86618898, -0.60891974, -0.80255154, ...,  0.        ,
         -0.00651622,  0.0146336 ],
        [-0.86942686, -0.61407569, -0.80642196, ...,  0.00651622,
          0.        ,  0.02114881],
        [-0.85878358, -0.59724671, -0.79373545, ..., -0.0146336 ,
         -0.02114881,  0.        ]]]), 'num': array([ 7.45807182e-01,  6.66141242e-01,  1.62087364e-06,  7.44541492e-04,
        7.68021437e-04,  7.42269239e-04,  4.79461998e-03, -1.43909342e-05,
        7.43329623e-04,  7.61848484e-04,  7.12452233e-04,  5.99327315e-07,
        8.24512649e-04,  6.99184318e-04])}
{'img': array([[[ 0.00000000e+00,  2.85070043e-01,  2.97155042e-01, ...,
          9.88266123e-01,  9.94808341e-01,  9.98570221e-01],
        [-2.85070043e-01,  0.00000000e+00,  1.26318822e-02, ...,
          9.90801811e-01,  9.82540951e-01,  9.41897611e-01],
        [-2.97155042e-01, -1.26318822e-02,  0.00000000e+00, ...,
          9.89013401e-01,  9.80112442e-01,  9.37579411e-01],
        ...,
        [-9.88266123e-01, -9.90801811e-01, -9.89013401e-01, ...,
          0.00000000e+00, -5.13767414e-02, -2.05351929e-01],
        [-9.94808341e-01, -9.82540951e-01, -9.80112442e-01, ...,
          5.13767414e-02,  0.00000000e+00, -1.54798920e-01],
        [-9.98570221e-01, -9.41897611e-01, -9.37579411e-01, ...,
          2.05351929e-01,  1.54798920e-01,  0.00000000e+00]],

       [[ 0.00000000e+00,  1.64358506e-01,  3.22928152e-01, ...,
          9.46798318e-01,  1.55483626e-01, -1.73735638e-02],
        [-1.64358506e-01,  0.00000000e+00,  1.62983796e-01, ...,
          8.81027406e-01, -8.99050173e-03, -1.81470994e-01],
        [-3.22928152e-01, -1.62983796e-01,  0.00000000e+00, ...,
          7.92144998e-01, -1.71847497e-01, -3.39322161e-01],
        ...,
        [-9.46798318e-01, -8.81027406e-01, -7.92144998e-01, ...,
          0.00000000e+00, -8.85244893e-01, -9.52246707e-01],
        [-1.55483626e-01,  8.99050173e-03,  1.71847497e-01, ...,
          8.85244893e-01,  0.00000000e+00, -1.72622433e-01],
        [ 1.73735638e-02,  1.81470994e-01,  3.39322161e-01, ...,
          9.52246707e-01,  1.72622433e-01,  0.00000000e+00]],

       [[ 0.00000000e+00, -7.54732839e-02, -2.69052369e-01, ...,
          9.98028715e-01,  9.98451566e-01,  9.94366745e-01],
        [ 7.54732839e-02,  0.00000000e+00, -1.95594737e-01, ...,
          9.99918785e-01,  9.91405382e-01,  9.83530904e-01],
        [ 2.69052369e-01,  1.95594737e-01,  0.00000000e+00, ...,
          9.78112393e-01,  9.46667379e-01,  9.29182019e-01],
        ...,
        [-9.98028715e-01, -9.99918785e-01, -9.78112393e-01, ...,
          0.00000000e+00,  1.18180052e-01,  1.68190675e-01],
        [-9.98451566e-01, -9.91405382e-01, -9.46667379e-01, ...,
         -1.18180052e-01,  0.00000000e+00,  5.05155095e-02],
        [-9.94366745e-01, -9.83530904e-01, -9.29182019e-01, ...,
         -1.68190675e-01, -5.05155095e-02,  0.00000000e+00]],

       ...,

       [[ 0.00000000e+00,  6.86650308e-01,  8.37484168e-01, ...,
          9.84951671e-01,  9.68294726e-01,  9.54949685e-01],
        [-6.86650308e-01,  0.00000000e+00,  2.33612809e-01, ...,
          5.97374147e-01,  5.32406008e-01,  4.90461162e-01],
        [-8.37484168e-01, -2.33612809e-01,  0.00000000e+00, ...,
          3.93495876e-01,  3.19923474e-01,  2.73305026e-01],
        ...,
        [-9.84951671e-01, -5.97374147e-01, -3.93495876e-01, ...,
          0.00000000e+00, -7.87009753e-02, -1.27257952e-01],
        [-9.68294726e-01, -5.32406008e-01, -3.19923474e-01, ...,
          7.87009753e-02,  0.00000000e+00, -4.88021230e-02],
        [-9.54949685e-01, -4.90461162e-01, -2.73305026e-01, ...,
          1.27257952e-01,  4.88021230e-02,  0.00000000e+00]],

       [[ 0.00000000e+00, -2.26268001e-01, -4.53258517e-01, ...,
          8.25440439e-01,  8.31900871e-01,  8.25396245e-01],
        [ 2.26268001e-01,  0.00000000e+00, -2.39812727e-01, ...,
          9.31758560e-01,  9.35887198e-01,  9.31730134e-01],
        [ 4.53258517e-01,  2.39812727e-01,  0.00000000e+00, ...,
          9.91639911e-01,  9.93063207e-01,  9.91629806e-01],
        ...,
        [-8.25440439e-01, -9.31758560e-01, -9.91639911e-01, ...,
          0.00000000e+00,  1.15421447e-02, -7.82857755e-05],
        [-8.31900871e-01, -9.35887198e-01, -9.93063207e-01, ...,
         -1.15421447e-02,  0.00000000e+00, -1.16204252e-02],
        [-8.25396245e-01, -9.31730134e-01, -9.91629806e-01, ...,
          7.82857755e-05,  1.16204252e-02,  0.00000000e+00]],

       [[ 0.00000000e+00,  2.73338387e-01,  4.57376401e-01, ...,
          6.14075690e-01,  5.97246707e-01,  6.21525606e-01],
        [-2.73338387e-01,  0.00000000e+00,  1.96886063e-01, ...,
          8.06421964e-01,  7.93735450e-01,  8.11988242e-01],
        [-4.57376401e-01, -1.96886063e-01,  0.00000000e+00, ...,
          9.07064071e-01,  8.97957703e-01,  9.11011924e-01],
        ...,
        [-6.14075690e-01, -8.06421964e-01, -9.07064071e-01, ...,
          0.00000000e+00,  2.11488104e-02, -9.47418859e-03],
        [-5.97246707e-01, -7.93735450e-01, -8.97957703e-01, ...,
         -2.11488104e-02,  0.00000000e+00, -3.06199308e-02],
        [-6.21525606e-01, -8.11988242e-01, -9.11011924e-01, ...,
          9.47418859e-03,  3.06199308e-02,  0.00000000e+00]]]), 'num': array([ 7.37865915e-01,  6.74927603e-01,  1.28971951e-06,  7.31840840e-04,
        7.42338557e-04,  7.18343776e-04,  4.71869379e-03, -5.24885849e-06,
        7.39639144e-04,  7.52498848e-04,  7.07258686e-04,  5.98926350e-07,
        8.15009303e-04,  6.89988392e-04])}
{'img': array([[[ 0.        ,  0.01263188,  0.19165163, ...,  0.98254095,
          0.94189761,  0.92191809],
        [-0.01263188,  0.        ,  0.17923862, ...,  0.98011244,
          0.93757941,  0.91695114],
        [-0.19165163, -0.17923862,  0.        , ...,  0.9286715 ,
          0.86006186,  0.83058557],
        ...,
        [-0.98254095, -0.98011244, -0.9286715 , ...,  0.        ,
         -0.15479892, -0.2091019 ],
        [-0.94189761, -0.93757941, -0.86006186, ...,  0.15479892,
          0.        , -0.05520447],
        [-0.92191809, -0.91695114, -0.83058557, ...,  0.2091019 ,
          0.05520447,  0.        ]],

       [[ 0.        ,  0.1629838 ,  0.14986108, ..., -0.0089905 ,
         -0.18147099, -0.18586315],
        [-0.1629838 ,  0.        , -0.01328598, ..., -0.1718475 ,
         -0.33932216, -0.34352184],
        [-0.14986108,  0.01328598,  0.        , ..., -0.15874399,
         -0.32679448, -0.33101406],
        ...,
        [ 0.0089905 ,  0.1718475 ,  0.15874399, ...,  0.        ,
         -0.17262243, -0.1770218 ],
        [ 0.18147099,  0.33932216,  0.32679448, ...,  0.17262243,
          0.        , -0.00446816],
        [ 0.18586315,  0.34352184,  0.33101406, ...,  0.1770218 ,
          0.00446816,  0.        ]],

       [[ 0.        , -0.19559474,  0.16968217, ...,  0.99140538,
          0.9835309 ,  0.97379083],
        [ 0.19559474,  0.        ,  0.35916311, ...,  0.94666738,
          0.92918202,  0.91049475],
        [-0.16968217, -0.35916311,  0.        , ...,  0.99922764,
          0.99993693,  0.99826316],
        ...,
        [-0.99140538, -0.94666738, -0.99922764, ...,  0.        ,
          0.05051551,  0.09809373],
        [-0.9835309 , -0.92918202, -0.99993693, ..., -0.05051551,
          0.        ,  0.04769661],
        [-0.97379083, -0.91049475, -0.99826316, ..., -0.09809373,
         -0.04769661,  0.        ]],

       ...,

       [[ 0.        ,  0.61190005,  0.73136018, ...,  0.89434007,
          0.86500211,  0.87322887],
        [-0.61190005,  0.        ,  0.16114785, ...,  0.43360834,
          0.37712852,  0.39248216],
        [-0.73136018, -0.16114785,  0.        , ...,  0.28273064,
          0.22295071,  0.23913524],
        ...,
        [-0.89434007, -0.43360834, -0.28273064, ...,  0.        ,
         -0.06176006, -0.0451492 ],
        [-0.86500211, -0.37712852, -0.22295071, ...,  0.06176006,
          0.        ,  0.01663406],
        [-0.87322887, -0.39248216, -0.23913524, ...,  0.0451492 ,
         -0.01663406,  0.        ]],

       [[ 0.        , -0.23981273, -0.36220144, ...,  0.9358872 ,
          0.93173013,  0.9101656 ],
        [ 0.23981273,  0.        , -0.12810269, ...,  0.99306321,
          0.99162981,  0.98294734],
        [ 0.36220144,  0.12810269,  0.        , ...,  0.99994381,
          0.99999948,  0.9984052 ],
        ...,
        [-0.9358872 , -0.99306321, -0.99994381, ...,  0.        ,
         -0.01162043, -0.06703503],
        [-0.93173013, -0.99162981, -0.99999948, ...,  0.01162043,
          0.        , -0.05543622],
        [-0.9101656 , -0.98294734, -0.9984052 , ...,  0.06703503,
          0.05543622,  0.        ]],

       [[ 0.        ,  0.37765794,  0.4281125 , ...,  0.60237212,
          0.62678856,  0.66811808],
        [-0.37765794,  0.        ,  0.05510961, ...,  0.85921595,
          0.87463891,  0.89963909],
        [-0.4281125 , -0.05510961,  0.        , ...,  0.88610501,
          0.90002549,  0.92233467],
        ...,
        [-0.60237212, -0.85921595, -0.88610501, ...,  0.        ,
         -0.03095031, -0.08510399],
        [-0.62678856, -0.87463891, -0.90002549, ...,  0.03095031,
          0.        , -0.05422519],
        [-0.66811808, -0.89963909, -0.92233467, ...,  0.08510399,
          0.05422519,  0.        ]]]), 'num': array([ 7.34009814e-01,  6.79120856e-01,  1.15071190e-06,  7.12843604e-04,
        7.29282346e-04,  7.12096389e-04,  4.49242408e-03, -1.64387414e-05,
        7.35708399e-04,  7.48000094e-04,  7.06218293e-04,  5.75129520e-07,
        8.12346545e-04,  6.83653644e-04])}
{'img': array([[[ 0.        ,  0.17923862,  0.3021203 , ...,  0.93757941,
          0.91695114,  0.83645442],
        [-0.17923862,  0.        ,  0.12636489, ...,  0.86006186,
          0.83058557,  0.72467927],
        [-0.3021203 , -0.12636489,  0.        , ...,  0.78869739,
          0.75355598,  0.6317938 ],
        ...,
        [-0.93757941, -0.86006186, -0.78869739, ...,  0.        ,
         -0.05520447, -0.22293293],
        [-0.91695114, -0.83058557, -0.75355598, ...,  0.05520447,
          0.        , -0.16877778],
        [-0.83645442, -0.72467927, -0.6317938 , ...,  0.22293293,
          0.16877778,  0.        ]],

       [[ 0.        , -0.01328598,  0.49571847, ..., -0.33932216,
         -0.34352184, -0.37572858],
        [ 0.01328598,  0.        ,  0.50721337, ..., -0.32679448,
         -0.33101406, -0.3633829 ],
        [-0.49571847, -0.50721337,  0.        , ..., -0.76100323,
         -0.76389434, -0.78571104],
        ...,
        [ 0.33932216,  0.32679448,  0.76100323, ...,  0.        ,
         -0.00446816, -0.03897674],
        [ 0.34352184,  0.33101406,  0.76389434, ...,  0.00446816,
          0.        , -0.03451159],
        [ 0.37572858,  0.3633829 ,  0.78571104, ...,  0.03897674,
          0.03451159,  0.        ]],

       [[ 0.        ,  0.35916311,  0.56084735, ...,  0.92918202,
          0.91049475,  0.91750801],
        [-0.35916311,  0.        ,  0.22606665, ...,  0.99993693,
          0.99826316,  0.99913249],
        [-0.56084735, -0.22606665,  0.        , ...,  0.97658945,
          0.98573806,  0.98268122],
        ...,
        [-0.92918202, -0.99993693, -0.97658945, ...,  0.        ,
          0.04769661,  0.03042018],
        [-0.91049475, -0.99826316, -0.98573806, ..., -0.04769661,
          0.        , -0.01728898],
        [-0.91750801, -0.99913249, -0.98268122, ..., -0.03042018,
          0.01728898,  0.        ]],

       ...,

       [[ 0.        ,  0.4780387 ,  0.793344  , ...,  0.73591197,
          0.75044619,  0.69005925],
        [-0.4780387 ,  0.        ,  0.40580745, ...,  0.3227109 ,
          0.34319512,  0.2601239 ],
        [-0.793344  , -0.40580745,  0.        , ..., -0.08915137,
         -0.06749426, -0.15409515],
        ...,
        [-0.73591197, -0.3227109 ,  0.08915137, ...,  0.        ,
          0.02172257, -0.06539501],
        [-0.75044619, -0.34319512,  0.06749426, ..., -0.02172257,
          0.        , -0.08705566],
        [-0.69005925, -0.2601239 ,  0.15409515, ...,  0.06539501,
          0.08705566,  0.        ]],

       [[ 0.        , -0.12810269, -0.35637713, ...,  0.99162981,
          0.98294734,  0.98433728],
        [ 0.12810269,  0.        , -0.23374916, ...,  0.99999948,
          0.9984052 ,  0.99881117],
        [ 0.35637713,  0.23374916,  0.        , ...,  0.97253471,
          0.9839424 ,  0.98253556],
        ...,
        [-0.99162981, -0.99999948, -0.97253471, ...,  0.        ,
         -0.05543622, -0.04772856],
        [-0.98294734, -0.9984052 , -0.9839424 , ...,  0.05543622,
          0.        ,  0.00771788],
        [-0.98433728, -0.99881117, -0.98253556, ...,  0.04772856,
         -0.00771788,  0.        ]],

       [[ 0.        ,  0.21357855,  0.5198442 , ...,  0.63719943,
          0.67891823,  0.74337336],
        [-0.21357855,  0.        ,  0.32539741, ...,  0.78710139,
          0.82006514,  0.8690784 ],
        [-0.5198442 , -0.32539741,  0.        , ...,  0.94497806,
          0.96165026,  0.98274661],
        ...,
        [-0.63719943, -0.78710139, -0.94497806, ...,  0.        ,
         -0.05540091, -0.14670922],
        [-0.67891823, -0.82006514, -0.96165026, ...,  0.05540091,
          0.        , -0.09168246],
        [-0.74337336, -0.8690784 , -0.98274661, ...,  0.14670922,
          0.09168246,  0.        ]]]), 'num': array([ 7.40276595e-01,  6.72266188e-01,  1.46574152e-06,  7.01138213e-04,
        7.32870762e-04,  6.90560697e-04,  6.66867061e-03, -1.96439586e-05,
        7.31813010e-04,  7.53308034e-04,  7.15191199e-04,  3.94828944e-07,
        8.22592825e-04,  6.84023243e-04])}
{'img': array([[[ 0.        ,  0.12636489,  0.18919556, ...,  0.83058557,
          0.72467927,  0.57487846],
        [-0.12636489,  0.        ,  0.06359627, ...,  0.75355598,
          0.6317938 ,  0.46687349],
        [-0.18919556, -0.06359627,  0.        , ...,  0.71022341,
          0.58121907,  0.40968868],
        ...,
        [-0.83058557, -0.75355598, -0.71022341, ...,  0.        ,
         -0.16877778, -0.3594727 ],
        [-0.72467927, -0.6317938 , -0.58121907, ...,  0.16877778,
          0.        , -0.19681981],
        [-0.57487846, -0.46687349, -0.40968868, ...,  0.3594727 ,
          0.19681981,  0.        ]],

       [[ 0.        ,  0.50721337, -0.33782466, ..., -0.33101406,
         -0.3633829 , -0.07327665],
        [-0.50721337,  0.        , -0.76853804, ..., -0.76389434,
         -0.78571104, -0.56900113],
        [ 0.33782466,  0.76853804,  0.        , ...,  0.00722664,
         -0.02728836,  0.26794782],
        ...,
        [ 0.33101406,  0.76389434, -0.00722664, ...,  0.        ,
         -0.03451159,  0.26097844],
        [ 0.3633829 ,  0.78571104,  0.02728836, ...,  0.03451159,
          0.        ,  0.29413855],
        [ 0.07327665,  0.56900113, -0.26794782, ..., -0.26097844,
         -0.29413855,  0.        ]],

       [[ 0.        ,  0.45398726,  0.61168813, ...,  0.91941925,
          0.92624172,  0.97280929],
        [-0.45398726,  0.        ,  0.18587026, ...,  0.99775365,
          0.99641039,  0.97192794],
        [-0.61168813, -0.18587026,  0.        , ...,  0.96791565,
          0.96331255,  0.91126009],
        ...,
        [-0.91941925, -0.99775365, -0.96791565, ...,  0.        ,
         -0.01771451, -0.16964079],
        [-0.92624172, -0.99641039, -0.96331255, ...,  0.01771451,
          0.        , -0.15215642],
        [-0.97280929, -0.97192794, -0.91126009, ...,  0.16964079,
          0.15215642,  0.        ]],

       ...,

       [[ 0.        ,  0.28288456,  0.58741834, ...,  0.23296385,
          0.17007735, -0.74813676],
        [-0.28288456,  0.        ,  0.33449084, ..., -0.05165291,
         -0.11563278, -0.90528485],
        [-0.58741834, -0.33449084,  0.        , ..., -0.38272197,
         -0.4412193 , -0.99523294],
        ...,
        [-0.23296385,  0.05165291,  0.38272197, ...,  0.        ,
         -0.064172  , -0.88213397],
        [-0.17007735,  0.11563278,  0.4412193 , ...,  0.064172  ,
          0.        , -0.85009084],
        [ 0.74813676,  0.90528485,  0.99523294, ...,  0.88213397,
          0.85009084,  0.        ]],

       [[ 0.        , -0.23374916, -0.3608685 , ...,  0.9984052 ,
          0.99881117,  0.99998651],
        [ 0.23374916,  0.        , -0.13287297, ...,  0.9839424 ,
          0.98253556,  0.97106947],
        [ 0.3608685 ,  0.13287297,  0.        , ...,  0.95150185,
          0.94909916,  0.93072938],
        ...,
        [-0.9984052 , -0.9839424 , -0.95150185, ...,  0.        ,
          0.00771788,  0.06164006],
        [-0.99881117, -0.98253556, -0.94909916, ..., -0.00771788,
          0.        ,  0.05393502],
        [-0.99998651, -0.97106947, -0.93072938, ..., -0.06164006,
         -0.05393502,  0.        ]],

       [[ 0.        ,  0.48248635,  0.5725337 , ...,  0.68225777,
          0.74683273,  0.83889816],
        [-0.48248635,  0.        ,  0.10590278, ...,  0.95034338,
          0.97501258,  0.99740556],
        [-0.5725337 , -0.10590278,  0.        , ...,  0.9779564 ,
          0.99305585,  0.99942028],
        ...,
        [-0.68225777, -0.95034338, -0.9779564 , ...,  0.        ,
         -0.0923086 , -0.24198327],
        [-0.74683273, -0.97501258, -0.99305585, ...,  0.0923086 ,
          0.        , -0.15138488],
        [-0.83889816, -0.99740556, -0.99942028, ...,  0.24198327,
          0.15138488,  0.        ]]]), 'num': array([ 7.48920766e-01,  6.62641336e-01,  1.90042798e-06,  6.95801858e-04,
        7.18024604e-04,  6.91204048e-04,  4.45808220e-03, -1.53260321e-05,
        7.27833265e-04,  7.58600274e-04,  7.26045228e-04,  3.83150803e-07,
        8.32233007e-04,  6.84967542e-04])}
{'img': array([[[ 0.        ,  0.06359627, -0.10612795, ...,  0.6317938 ,
          0.46687349,  0.32432558],
        [-0.06359627,  0.        , -0.16915023, ...,  0.58121907,
          0.40968868,  0.26351044],
        [ 0.10612795,  0.16915023,  0.        , ...,  0.71048938,
          0.55808831,  0.4228852 ],
        ...,
        [-0.6317938 , -0.58121907, -0.71048938, ...,  0.        ,
         -0.19681981, -0.34624591],
        [-0.46687349, -0.40968868, -0.55808831, ...,  0.19681981,
          0.        , -0.15482795],
        [-0.32432558, -0.26351044, -0.4228852 , ...,  0.34624591,
          0.15482795,  0.        ]],

       [[ 0.        , -0.76853804, -0.66447732, ..., -0.78571104,
         -0.56900113, -0.80086805],
        [ 0.76853804,  0.        ,  0.14919965, ..., -0.02728836,
          0.26794782, -0.05216668],
        [ 0.66447732, -0.14919965,  0.        , ..., -0.17612701,
          0.12120477, -0.20057928],
        ...,
        [ 0.78571104,  0.02728836,  0.17612701, ...,  0.        ,
          0.29413855, -0.02489605],
        [ 0.56900113, -0.26794782, -0.12120477, ..., -0.29413855,
          0.        , -0.3178421 ],
        [ 0.80086805,  0.05216668,  0.20057928, ...,  0.02489605,
          0.3178421 ,  0.        ]],

       [[ 0.        ,  0.36032809,  0.42847342, ...,  0.97068006,
          0.99651187,  0.99523271],
        [-0.36032809,  0.        ,  0.07411497, ...,  0.99208917,
          0.9596416 ,  0.89323626],
        [-0.42847342, -0.07411497,  0.        , ...,  0.98005659,
          0.93615925,  0.85745843],
        ...,
        [-0.97068006, -0.99208917, -0.98005659, ...,  0.        ,
         -0.15853237, -0.33389837],
        [-0.99651187, -0.9596416 , -0.93615925, ...,  0.15853237,
          0.        , -0.18024177],
        [-0.99523271, -0.89323626, -0.85745843, ...,  0.33389837,
          0.18024177,  0.        ]],

       ...,

       [[ 0.        ,  0.32528978,  0.08850003, ..., -0.11114109,
         -0.76631571, -0.9188346 ],
        [-0.32528978,  0.        , -0.2403265 , ..., -0.42837111,
         -0.93362619, -0.9972365 ],
        [-0.08850003,  0.2403265 ,  0.        , ..., -0.19865674,
         -0.82016692, -0.95015515],
        ...,
        [ 0.11114109,  0.42837111,  0.19865674, ...,  0.        ,
         -0.69016394, -0.86928104],
        [ 0.76631571,  0.93362619,  0.82016692, ...,  0.69016394,
          0.        , -0.2878973 ],
        [ 0.9188346 ,  0.9972365 ,  0.95015515, ...,  0.86928104,
          0.2878973 ,  0.        ]],

       [[ 0.        , -0.13287297, -0.28115767, ...,  0.98253556,
          0.97106947,  0.9882289 ],
        [ 0.13287297,  0.        , -0.15115158, ...,  0.94909916,
          0.93072938,  0.95913911],
        [ 0.28115767,  0.15115158,  0.        , ...,  0.89058524,
          0.86475841,  0.90535311],
        ...,
        [-0.98253556, -0.94909916, -0.89058524, ...,  0.        ,
          0.05393502, -0.03357388],
        [-0.97106947, -0.93072938, -0.86475841, ..., -0.05393502,
          0.        , -0.08742962],
        [-0.9882289 , -0.95913911, -0.90535311, ...,  0.03357388,
          0.08742962,  0.        ]],

       [[ 0.        ,  0.34042503,  0.456765  , ...,  0.76599084,
          0.85770522,  0.93297051],
        [-0.34042503,  0.        ,  0.12664537, ...,  0.93908222,
          0.98150264,  0.99978268],
        [-0.456765  , -0.12664537,  0.        , ...,  0.97504785,
          0.99784572,  0.99437265],
        ...,
        [-0.76599084, -0.93908222, -0.97504785, ...,  0.        ,
         -0.1575492 , -0.32404092],
        [-0.85770522, -0.98150264, -0.99784572, ...,  0.1575492 ,
          0.        , -0.17094569],
        [-0.93297051, -0.99978268, -0.99437265, ...,  0.32404092,
          0.17094569,  0.        ]]]), 'num': array([7.98679556e-01, 6.01740453e-01, 4.28594349e-06, 7.48817884e-04,
       7.56151247e-04, 7.42299339e-04, 3.82009566e-03, 8.96299970e-06,
       7.63484611e-04, 8.00966246e-04, 7.72692056e-04, 6.46235088e-07,
       8.78782019e-04, 7.23150472e-04])}
{'img': array([[[ 0.        , -0.16915023,  0.06978204, ...,  0.40968868,
          0.26351044,  0.34549568],
        [ 0.16915023,  0.        ,  0.23751439, ...,  0.55808831,
          0.4228852 ,  0.49925119],
        [-0.06978204, -0.23751439,  0.        , ...,  0.34503301,
          0.19555236,  0.27916856],
        ...,
        [-0.40968868, -0.55808831, -0.34503301, ...,  0.        ,
         -0.15482795, -0.06929026],
        [-0.26351044, -0.4228852 , -0.19555236, ...,  0.15482795,
          0.        ,  0.08600111],
        [-0.34549568, -0.49925119, -0.27916856, ...,  0.06929026,
         -0.08600111,  0.        ]],

       [[ 0.        ,  0.14919965,  0.02950506, ...,  0.26794782,
         -0.05216668, -0.21836762],
        [-0.14919965,  0.        , -0.11995987, ...,  0.12120477,
         -0.20057928, -0.3615224 ],
        [-0.02950506,  0.11995987,  0.        , ...,  0.239405  ,
         -0.08160886, -0.24706556],
        ...,
        [-0.26794782, -0.12120477, -0.239405  , ...,  0.        ,
         -0.3178421 , -0.47186399],
        [ 0.05216668,  0.20057928,  0.08160886, ...,  0.3178421 ,
          0.        , -0.16716257],
        [ 0.21836762,  0.3615224 ,  0.24706556, ...,  0.47186399,
          0.16716257,  0.        ]],

       [[ 0.        ,  0.07411497,  0.21714669, ...,  0.9596416 ,
          0.89323626,  0.83141266],
        [-0.07411497,  0.        ,  0.14420297, ...,  0.93615925,
          0.85745843,  0.78794365],
        [-0.21714669, -0.14420297,  0.        , ...,  0.8756763 ,
          0.77429628,  0.69091557],
        ...,
        [-0.9596416 , -0.93615925, -0.8756763 , ...,  0.        ,
         -0.18024177, -0.29941532],
        [-0.89323626, -0.85745843, -0.77429628, ...,  0.18024177,
          0.        , -0.1225388 ],
        [-0.83141266, -0.78794365, -0.69091557, ...,  0.29941532,
          0.1225388 ,  0.        ]],

       ...,

       [[ 0.        , -0.2403265 ,  0.25102908, ..., -0.93362619,
         -0.9972365 , -0.38285713],
        [ 0.2403265 ,  0.        ,  0.47630309, ..., -0.82016692,
         -0.95015515, -0.14962096],
        [-0.25102908, -0.47630309,  0.        , ..., -0.9936619 ,
