state_0,state_1,state_2,state_3,state_4,state_5,state_6,state_7,state_8,state_9,state_10,state_11,state_12,state_13,state_14,state_15,state_16,state_17,state_18,state_19,state_20,state_21,state_22,state_23,state_24,state_25,state_26,state_27,state_28,state_29,state_30,state_31,state_32,state_33,state_34,state_35,state_36,state_37,state_38,state_39,state_40,state_41,state_42,state_43,state_44,state_45,state_46,state_47,state_48,state_49,state_50,state_51,state_52,state_53,state_54,state_55,state_56,state_57,state_58,state_59,state_60,state_61,state_62,state_63,state_64,state_65,state_66,state_67,state_68,state_69,state_70,state_71,state_72,state_73,state_74,state_75,state_76,state_77,state_78,state_79,state_80,state_81,state_82,state_83,state_84,state_85,state_86,state_87,state_88,state_89,state_90,state_91,state_92,state_93,state_94,state_95,state_96,state_97,state_98,state_99,state_100,state_101,state_102,state_103,state_104,state_105,state_106,state_107,state_108,state_109,state_110,state_111,state_112,state_113,state_114,state_115,state_116,state_117,state_118,state_119,state_120,state_121,state_122,state_123,state_124,state_125,state_126,state_127,state_128,state_129,state_130,state_131,state_132,state_133,state_134,state_135,state_136,state_137,state_138,state_139,state_140,state_141,state_142,state_143,state_144,state_145,state_146,state_147,state_148,state_149,state_150,state_151,state_152,state_153,state_154,state_155,state_156,state_157,state_158,state_159,state_160,state_161,state_162,state_163,state_164,state_165,state_166,state_167,state_168,state_169,state_170,state_171,state_172,state_173,state_174,state_175,state_176,state_177,state_178,state_179,state_180,state_181,state_182,state_183,state_184,state_185,state_186,state_187,state_188,state_189,state_190,state_191,state_192,state_193,state_194,state_195,state_196,state_197,state_198,state_199,state_200,state_201,state_202,state_203,state_204,state_205,state_206,state_207,state_208,state_209,state_210,state_211,state_212,state_213,state_214,state_215,state_216,state_217,state_218,state_219,state_220,state_221,state_222,state_223,state_224,state_225,state_226,state_227,state_228,state_229,state_230,state_231,state_232,state_233,state_234,state_235,state_236,state_237,state_238,state_239,state_240,state_241,state_242,state_243,state_244,state_245,state_246,state_247,state_248,state_249,state_250,state_251,state_252,state_253,state_254,state_255,state_256,state_257,state_258,state_259,state_260,state_261,state_262,state_263,state_264,state_265,state_266,state_267,state_268,state_269,state_270,state_271,state_272,state_273,state_274,state_275,state_276,state_277,state_278,state_279,state_280,state_281,state_282,state_283,state_284,state_285,state_286,state_287
{'img': array([[[ 0.        , -0.29598889, -0.64114736, ..., -0.99721153,
         -0.86122427, -0.80746879],
        [ 0.29598889,  0.        , -0.38527129, ..., -0.97461658,
         -0.67220501, -0.59668034],
        [ 0.64114736,  0.38527129,  0.        , ..., -0.81312468,
         -0.33507164, -0.24144649],
        ...,
        [ 0.99721153,  0.97461658,  0.81312468, ...,  0.        ,
          0.5710784 ,  0.64852421],
        [ 0.86122427,  0.67220501,  0.33507164, ..., -0.5710784 ,
          0.        ,  0.09766915],
        [ 0.80746879,  0.59668034,  0.24144649, ..., -0.64852421,
         -0.09766915,  0.        ]],

       [[ 0.        ,  0.0128949 ,  0.21592864, ..., -0.21292766,
         -0.21038656, -0.27189562],
        [-0.0128949 ,  0.        ,  0.20331999, ..., -0.22550915,
         -0.22297536, -0.28428212],
        [-0.21592864, -0.20331999,  0.        , ..., -0.41888148,
         -0.41651915, -0.47327528],
        ...,
        [ 0.21292766,  0.22550915,  0.41888148, ...,  0.        ,
          0.0026    , -0.06075452],
        [ 0.21038656,  0.22297536,  0.41651915, ..., -0.0026    ,
          0.        , -0.06334951],
        [ 0.27189562,  0.28428212,  0.47327528, ...,  0.06075452,
          0.06334951,  0.        ]],

       [[ 0.        , -0.01521143, -0.14425939, ..., -0.98249293,
         -0.99964573, -0.96198254],
        [ 0.01521143,  0.        , -0.12919038, ..., -0.97954537,
         -0.99993494, -0.95771682],
        [ 0.14425939,  0.12919038,  0.        , ..., -0.94534045,
         -0.99302895, -0.91252129],
        ...,
        [ 0.98249293,  0.97954537,  0.94534045, ...,  0.        ,
         -0.21238388,  0.08911237],
        [ 0.99964573,  0.99993494,  0.99302895, ...,  0.21238388,
          0.        ,  0.29861831],
        [ 0.96198254,  0.95771682,  0.91252129, ..., -0.08911237,
         -0.29861831,  0.        ]],

       ...,

       [[ 0.        , -0.42521749, -0.66575   , ..., -0.90624456,
         -0.99887028, -0.96827844],
        [ 0.42521749,  0.        , -0.28527786, ..., -0.9999963 ,
         -0.92427507, -0.77012965],
        [ 0.66575   ,  0.28527786,  0.        , ..., -0.95766528,
         -0.77696839, -0.55615165],
        ...,
        [ 0.90624456,  0.9999963 ,  0.95766528, ...,  0.        ,
          0.37921143,  0.63579008],
        [ 0.99887028,  0.92427507,  0.77696839, ..., -0.37921143,
          0.        ,  0.29560404],
        [ 0.96827844,  0.77012965,  0.55615165, ..., -0.63579008,
         -0.29560404,  0.        ]],

       [[ 0.        , -0.32574107, -0.35898401, ...,  0.36550502,
          0.34529333,  0.25666481],
        [ 0.32574107,  0.        , -0.03537629, ...,  0.64877285,
          0.63216699,  0.55749496],
        [ 0.35898401,  0.03537629,  0.        , ...,  0.67528749,
          0.65918199,  0.5865147 ],
        ...,
        [-0.36550502, -0.64877285, -0.67528749, ...,  0.        ,
         -0.0216223 , -0.11435476],
        [-0.34529333, -0.63216699, -0.65918199, ...,  0.0216223 ,
          0.        , -0.09284758],
        [-0.25666481, -0.55749496, -0.5865147 , ...,  0.11435476,
          0.09284758,  0.        ]],

       [[ 0.        ,  0.14428023,  0.09943236, ..., -0.39065981,
         -0.63029046, -0.89704687],
        [-0.14428023,  0.        , -0.04517323, ..., -0.5193873 ,
         -0.73570896, -0.9514235 ],
        [-0.09943236,  0.04517323,  0.        , ..., -0.4802548 ,
         -0.70436219, -0.93654408],
        ...,
        [ 0.39065981,  0.5193873 ,  0.4802548 , ...,  0.        ,
         -0.27691209, -0.65311675],
        [ 0.63029046,  0.73570896,  0.70436219, ...,  0.27691209,
          0.        , -0.41788311],
        [ 0.89704687,  0.9514235 ,  0.93654408, ...,  0.65311675,
          0.41788311,  0.        ]]]), 'num': array([ 9.98791268e-01,  4.91526068e-02,  7.94676683e-05,  3.59657111e-05,
        3.68686160e-05,  3.53637745e-05,  8.76540059e-05, -4.51452441e-07,
        3.58152270e-05,  3.77715209e-05,  3.92186768e-05,  1.12863110e-07,
        4.12162605e-05,  3.43267813e-05])}
{'img': array([[[ 0.        , -0.38527129, -0.35157498, ..., -0.67220501,
         -0.59668034, -0.71148501],
        [ 0.38527129,  0.        ,  0.03624089, ..., -0.33507164,
         -0.24144649, -0.38583013],
        [ 0.35157498, -0.03624089,  0.        , ..., -0.36899743,
         -0.27645655, -0.41901142],
        ...,
        [ 0.67220501,  0.33507164,  0.36899743, ...,  0.        ,
          0.09766915, -0.05439932],
        [ 0.59668034,  0.24144649,  0.27645655, ..., -0.09766915,
          0.        , -0.15166376],
        [ 0.71148501,  0.38583013,  0.41901142, ...,  0.05439932,
          0.15166376,  0.        ]],

       [[ 0.        ,  0.20331999,  0.03358198, ..., -0.22297536,
         -0.28428212, -0.05732758],
        [-0.20331999,  0.        , -0.17032478, ..., -0.41651915,
         -0.47327528, -0.25911576],
        [-0.03358198,  0.17032478,  0.        , ..., -0.25558612,
         -0.31631819, -0.090822  ],
        ...,
        [ 0.22297536,  0.41651915,  0.25558612, ...,  0.        ,
         -0.06334951,  0.16672435],
        [ 0.28428212,  0.47327528,  0.31631819, ...,  0.06334951,
          0.        ,  0.22885231],
        [ 0.05732758,  0.25911576,  0.090822  , ..., -0.16672435,
         -0.22885231,  0.        ]],

       [[ 0.        , -0.12919038, -0.22026649, ..., -0.99993494,
         -0.95771682, -0.94302031],
        [ 0.12919038,  0.        , -0.09240319, ..., -0.99302895,
         -0.91252129, -0.89213144],
        [ 0.22026649,  0.09240319,  0.        , ..., -0.97788882,
         -0.87082162, -0.84656907],
        ...,
        [ 0.99993494,  0.99302895,  0.97788882, ...,  0.        ,
          0.29861831,  0.34347041],
        [ 0.95771682,  0.91252129,  0.87082162, ..., -0.29861831,
          0.        ,  0.04734734],
        [ 0.94302031,  0.89213144,  0.84656907, ..., -0.34347041,
         -0.04734734,  0.        ]],

       ...,

       [[ 0.        , -0.28527786, -0.07489014, ..., -0.92427507,
         -0.77012965, -0.60414036],
        [ 0.28527786,  0.        ,  0.21269868, ..., -0.77696839,
         -0.55615165, -0.35170359],
        [ 0.07489014, -0.21269868,  0.        , ..., -0.89309192,
         -0.72019549, -0.54276551],
        ...,
        [ 0.92427507,  0.77696839,  0.89309192, ...,  0.        ,
          0.29560404,  0.50591764],
        [ 0.77012965,  0.55615165,  0.72019549, ..., -0.29560404,
          0.        ,  0.22832579],
        [ 0.60414036,  0.35170359,  0.54276551, ..., -0.50591764,
         -0.22832579,  0.        ]],

       [[ 0.        , -0.03537629, -0.25606035, ...,  0.63216699,
          0.55749496,  0.46561932],
        [ 0.03537629,  0.        , -0.2217032 , ...,  0.65918199,
          0.5865147 ,  0.49663536],
        [ 0.25606035,  0.2217032 ,  0.        , ...,  0.80949485,
          0.75148479,  0.67670554],
        ...,
        [-0.63216699, -0.65918199, -0.80949485, ...,  0.        ,
         -0.09284758, -0.19868155],
        [-0.55749496, -0.5865147 , -0.75148479, ...,  0.09284758,
          0.        , -0.10682674],
        [-0.46561932, -0.49663536, -0.67670554, ...,  0.19868155,
          0.10682674,  0.        ]],

       [[ 0.        , -0.04189961, -0.06178761, ..., -0.64521385,
         -0.7640212 , -0.97069308],
        [ 0.04189961,  0.        , -0.0199138 , ..., -0.61263586,
         -0.73631701, -0.95977122],
        [ 0.06178761,  0.0199138 ,  0.        , ..., -0.5967752 ,
         -0.72269659, -0.95398944],
        ...,
        [ 0.64521385,  0.61263586,  0.5967752 , ...,  0.        ,
         -0.16742749, -0.58655201],
        [ 0.7640212 ,  0.73631701,  0.72269659, ...,  0.16742749,
          0.        , -0.44267102],
        [ 0.97069308,  0.95977122,  0.95398944, ...,  0.58655201,
          0.44267102,  0.        ]]]), 'num': array([8.16822805e-01, 5.76888505e-01, 1.99945250e-05, 1.20570000e-04,
       1.22077125e-04, 1.18560500e-04, 1.87566730e-04, 5.02374999e-07,
       1.20067625e-04, 1.25443037e-04, 1.30759839e-04, 3.49478260e-07,
       1.36636421e-04, 1.14249653e-04])}
{'img': array([[[ 0.        ,  0.03624089, -0.07546356, ..., -0.24144649,
         -0.38583013, -0.33507164],
        [-0.03624089,  0.        , -0.11155154, ..., -0.27645655,
         -0.41901142, -0.36899743],
        [ 0.07546356,  0.11155154,  0.        , ..., -0.16752711,
         -0.31510955, -0.26301499],
        ...,
        [ 0.24144649,  0.27645655,  0.16752711, ...,  0.        ,
         -0.15166376, -0.09766915],
        [ 0.38583013,  0.41901142,  0.31510955, ...,  0.15166376,
          0.        ,  0.05439932],
        [ 0.33507164,  0.36899743,  0.26301499, ...,  0.09766915,
         -0.05439932,  0.        ]],

       [[ 0.        , -0.17032478, -0.3499355 , ..., -0.47327528,
         -0.25911576, -0.37396256],
        [ 0.17032478,  0.        , -0.18526645, ..., -0.31631819,
         -0.090822  , -0.21053155],
        [ 0.3499355 ,  0.18526645,  0.        , ..., -0.13508859,
          0.09525105, -0.02577282],
        ...,
        [ 0.47327528,  0.31631819,  0.13508859, ...,  0.        ,
          0.22885231,  0.10950715],
        [ 0.25911576,  0.090822  , -0.09525105, ..., -0.22885231,
          0.        , -0.12087504],
        [ 0.37396256,  0.21053155,  0.02577282, ..., -0.10950715,
          0.12087504,  0.        ]],

       [[ 0.        , -0.09240319, -0.19369664, ..., -0.91252129,
         -0.89213144, -0.84375867],
        [ 0.09240319,  0.        , -0.10221473, ..., -0.87082162,
         -0.84656907, -0.7905539 ],
        [ 0.19369664,  0.10221473,  0.        , ..., -0.81601189,
         -0.7877283 , -0.72381774],
        ...,
        [ 0.91252129,  0.87082162,  0.81601189, ...,  0.        ,
          0.04734734,  0.14464898],
        [ 0.89213144,  0.84656907,  0.7877283 , ..., -0.04734734,
          0.        ,  0.09763736],
        [ 0.84375867,  0.7905539 ,  0.72381774, ..., -0.14464898,
         -0.09763736,  0.        ]],

       ...,

       [[ 0.        ,  0.21269868,  0.16694379, ..., -0.55615165,
         -0.35170359, -0.45440991],
        [-0.21269868,  0.        , -0.04658999, ..., -0.72019549,
         -0.54276551, -0.63348246],
        [-0.16694379,  0.04658999,  0.        , ..., -0.68709063,
         -0.50304592, -0.59674522],
        ...,
        [ 0.55615165,  0.72019549,  0.68709063, ...,  0.        ,
          0.22832579,  0.11776446],
        [ 0.35170359,  0.54276551,  0.50304592, ..., -0.22832579,
          0.        , -0.11208332],
        [ 0.45440991,  0.63348246,  0.59674522, ..., -0.11776446,
          0.11208332,  0.        ]],

       [[ 0.        , -0.2217032 , -0.32699126, ...,  0.5865147 ,
          0.49663536,  0.34705876],
        [ 0.2217032 ,  0.        , -0.10933823, ...,  0.75148479,
          0.67670554,  0.5463448 ],
        [ 0.32699126,  0.10933823,  0.        , ...,  0.81911528,
          0.75314911,  0.63464662],
        ...,
        [-0.5865147 , -0.75148479, -0.81911528, ...,  0.        ,
         -0.10682674, -0.26896265],
        [-0.49663536, -0.67670554, -0.75314911, ...,  0.10682674,
          0.        , -0.16453332],
        [-0.34705876, -0.5463448 , -0.63464662, ...,  0.26896265,
          0.16453332,  0.        ]],

       [[ 0.        , -0.01914191, -0.07070038, ..., -0.68576791,
         -0.83347842, -0.969662  ],
        [ 0.01914191,  0.        , -0.05159342, ..., -0.67171039,
         -0.82274881, -0.9648051 ],
        [ 0.07070038,  0.05159342,  0.        , ..., -0.63259467,
         -0.79232708, -0.94995283],
        ...,
        [ 0.68576791,  0.67171039,  0.63259467, ...,  0.        ,
         -0.22770007, -0.53810399],
        [ 0.83347842,  0.82274881,  0.79232708, ...,  0.22770007,
          0.        , -0.33204522],
        [ 0.969662  ,  0.9648051 ,  0.94995283, ...,  0.53810399,
          0.33204522,  0.        ]]]), 'num': array([7.90232595e-01, 6.12806927e-01, 1.47241218e-05, 1.17035401e-04,
       1.18006649e-04, 1.15578529e-04, 3.92092875e-05, 4.85624071e-07,
       1.16744027e-04, 1.20629019e-04, 1.26343196e-04, 3.51302519e-07,
       1.30872810e-04, 1.10385229e-04])}
{'img': array([[[ 0.        , -0.11155154, -0.07339819, ..., -0.41901142,
         -0.36899743, -0.32164629],
        [ 0.11155154,  0.        ,  0.03831057, ..., -0.31510955,
         -0.26301499, -0.2140151 ],
        [ 0.07339819, -0.03831057,  0.        , ..., -0.35123708,
         -0.29978363, -0.25128092],
        ...,
        [ 0.41901142,  0.31510955,  0.35123708, ...,  0.        ,
          0.05439932,  0.10469641],
        [ 0.36899743,  0.26301499,  0.29978363, ..., -0.05439932,
          0.        ,  0.05044103],
        [ 0.32164629,  0.2140151 ,  0.25128092, ..., -0.10469641,
         -0.05044103,  0.        ]],

       [[ 0.        , -0.18486218, -0.38717573, ..., -0.09065908,
         -0.21004362, -0.56036537],
        [ 0.18486218,  0.        , -0.21005852, ...,  0.09500439,
         -0.02568512, -0.39759589],
        [ 0.38717573,  0.21005852,  0.        , ...,  0.30199312,
          0.18487716, -0.19598364],
        ...,
        [ 0.09065908, -0.09500439, -0.30199312, ...,  0.        ,
         -0.12054199, -0.4829698 ],
        [ 0.21004362,  0.02568512, -0.18487716, ...,  0.12054199,
          0.        , -0.37389707],
        [ 0.56036537,  0.39759589,  0.19598364, ...,  0.4829698 ,
          0.37389707,  0.        ]],

       [[ 0.        , -0.10221473, -0.28908523, ..., -0.84656907,
         -0.7905539 , -0.71829424],
        [ 0.10221473,  0.        , -0.1897206 , ..., -0.7877283 ,
         -0.72381774, -0.64341725],
        [ 0.28908523,  0.1897206 ,  0.        , ..., -0.65654945,
         -0.5797663 , -0.48649749],
        ...,
        [ 0.84656907,  0.7877283 ,  0.65654945, ...,  0.        ,
          0.09763736,  0.20665864],
        [ 0.7905539 ,  0.72381774,  0.5797663 , ..., -0.09763736,
          0.        ,  0.11014157],
        [ 0.71829424,  0.64341725,  0.48649749, ..., -0.20665864,
         -0.11014157,  0.        ]],

       ...,

       [[ 0.        , -0.04658999, -0.13482585, ..., -0.54276551,
         -0.63348246, -0.58732287],
        [ 0.04658999,  0.        , -0.08851485, ..., -0.50304592,
         -0.59674522, -0.54897735],
        [ 0.13482585,  0.08851485,  0.        , ..., -0.42457158,
         -0.52337588, -0.47283853],
        ...,
        [ 0.54276551,  0.50304592,  0.42457158, ...,  0.        ,
         -0.11208332, -0.05399449],
        [ 0.63348246,  0.59674522,  0.52337588, ...,  0.11208332,
          0.        ,  0.05826555],
        [ 0.58732287,  0.54897735,  0.47283853, ...,  0.05399449,
         -0.05826555,  0.        ]],

       [[ 0.        , -0.10933823, -0.1702985 , ...,  0.67670554,
          0.5463448 ,  0.2953066 ],
        [ 0.10933823,  0.        , -0.06153642, ...,  0.75314911,
          0.63464662,  0.39799814],
        [ 0.1702985 ,  0.06153642,  0.        , ...,  0.7922035 ,
          0.68099936,  0.45369653],
        ...,
        [-0.67670554, -0.75314911, -0.7922035 , ...,  0.        ,
         -0.16453332, -0.4291056 ],
        [-0.5463448 , -0.63464662, -0.68099936, ...,  0.16453332,
          0.        , -0.27464212],
        [-0.2953066 , -0.39799814, -0.45369653, ...,  0.4291056 ,
          0.27464212,  0.        ]],

       [[ 0.        , -0.05125984, -0.07454975, ..., -0.81117159,
         -0.92251713, -0.96638018],
        [ 0.05125984,  0.        , -0.02333455, ..., -0.78012801,
         -0.90152029, -0.95192993],
        [ 0.07454975,  0.02333455,  0.        , ..., -0.76531703,
         -0.8911771 , -0.94452299],
        ...,
        [ 0.81117159,  0.78012801,  0.76531703, ...,  0.        ,
         -0.22641892, -0.35658074],
        [ 0.92251713,  0.90152029,  0.8911771 , ...,  0.22641892,
          0.        , -0.13578517],
        [ 0.96638018,  0.95192993,  0.94452299, ...,  0.35658074,
          0.13578517,  0.        ]]]), 'num': array([7.25273497e-01, 6.88460783e-01, 2.99290351e-06, 1.09561646e-04,
       1.09561646e-04, 1.06444039e-04, 8.89498049e-05, 2.22686273e-06,
       1.07602007e-04, 1.10207437e-04, 1.15848822e-04, 3.66777391e-07,
       1.18973359e-04, 1.01441514e-04])}
{'img': array([[[ 0.        ,  0.03831057,  0.18082838, ..., -0.26301499,
         -0.2140151 ,  0.        ],
        [-0.03831057,  0.        ,  0.14301662, ..., -0.29978363,
         -0.25128092, -0.03831057],
        [-0.18082838, -0.14301662,  0.        , ..., -0.43314083,
         -0.38712564, -0.18082838],
        ...,
        [ 0.26301499,  0.29978363,  0.43314083, ...,  0.        ,
          0.05044103,  0.26301499],
        [ 0.2140151 ,  0.25128092,  0.38712564, ..., -0.05044103,
          0.        ,  0.2140151 ],
        [ 0.        ,  0.03831057,  0.18082838, ..., -0.26301499,
         -0.2140151 ,  0.        ]],

       [[ 0.        , -0.21005852, -0.29486237, ..., -0.02568512,
         -0.39759589, -0.1646796 ],
        [ 0.21005852,  0.        , -0.08756438, ...,  0.18487716,
         -0.19598364,  0.0461852 ],
        [ 0.29486237,  0.08756438,  0.        , ...,  0.27022194,
         -0.10936457,  0.13347874],
        ...,
        [ 0.02568512, -0.18487716, -0.27022194, ...,  0.        ,
         -0.37389707, -0.13929083],
        [ 0.39759589,  0.19598364,  0.10936457, ...,  0.37389707,
          0.        ,  0.24106404],
        [ 0.1646796 , -0.0461852 , -0.13347874, ...,  0.13929083,
         -0.24106404,  0.        ]],

       [[ 0.        , -0.1897206 , -0.26758369, ..., -0.72381774,
         -0.64341725, -0.57943319],
        [ 0.1897206 ,  0.        , -0.0799215 , ..., -0.5797663 ,
         -0.48649749, -0.41428356],
        [ 0.26758369,  0.0799215 ,  0.        , ..., -0.51279305,
         -0.41511529, -0.34021795],
        ...,
        [ 0.72381774,  0.5797663 ,  0.51279305, ...,  0.        ,
          0.11014157,  0.19012193],
        [ 0.64341725,  0.48649749,  0.41511529, ..., -0.11014157,
          0.        ,  0.08083257],
        [ 0.57943319,  0.41428356,  0.34021795, ..., -0.19012193,
         -0.08083257,  0.        ]],

       ...,

       [[ 0.        , -0.08851485,  0.12126797, ..., -0.59674522,
         -0.54897735, -0.37537496],
        [ 0.08851485,  0.        ,  0.20865357, ..., -0.52337588,
         -0.47283853, -0.29185953],
        [-0.12126797, -0.20865357,  0.        , ..., -0.68965028,
         -0.64628608, -0.48500464],
        ...,
        [ 0.59674522,  0.52337588,  0.68965028, ...,  0.        ,
          0.05826555,  0.25189464],
        [ 0.54897735,  0.47283853,  0.64628608, ..., -0.05826555,
          0.        ,  0.19507995],
        [ 0.37537496,  0.29185953,  0.48500464, ..., -0.25189464,
         -0.19507995,  0.        ]],

       [[ 0.        , -0.00646508,  0.00345914, ...,  0.48441127,
          0.25335757, -0.29019636],
        [ 0.00646508,  0.        ,  0.00992411, ...,  0.49005706,
          0.25960642, -0.28400342],
        [-0.00345914, -0.00992411,  0.        , ...,  0.48138218,
          0.25000977, -0.29350491],
        ...,
        [-0.48441127, -0.49005706, -0.48138218, ...,  0.        ,
         -0.24695881, -0.71744116],
        [-0.25335757, -0.25960642, -0.25000977, ...,  0.24695881,
          0.        , -0.5231829 ],
        [ 0.29019636,  0.28400342,  0.29350491, ...,  0.71744116,
          0.5231829 ,  0.        ]],

       [[ 0.        , -0.02333455,  0.01577111, ..., -0.90152029,
         -0.95192993, -0.83251002],
        [ 0.02333455,  0.        ,  0.03909846, ..., -0.8911771 ,
         -0.94452299, -0.81935576],
        [-0.01577111, -0.03909846,  0.        , ..., -0.9082329 ,
         -0.95664248, -0.84114383],
        ...,
        [ 0.90152029,  0.8911771 ,  0.9082329 , ...,  0.        ,
         -0.13578517,  0.1391935 ],
        [ 0.95192993,  0.94452299,  0.95664248, ...,  0.13578517,
          0.        ,  0.27236766],
        [ 0.83251002,  0.81935576,  0.84114383, ..., -0.1391935 ,
         -0.27236766,  0.        ]]]), 'num': array([ 8.04144165e-01,  5.94434198e-01,  1.72600796e-05,  1.20384596e-04,
        1.24347875e-04,  1.19393777e-04,  1.60919031e-04, -1.48622959e-06,
        1.19790105e-04,  1.21969908e-04,  1.28839591e-04,  3.49701079e-07,
        1.30559806e-04,  1.13380010e-04])}
{'img': array([[[ 0.        ,  0.14301662,  0.30324945, ..., -0.25128092,
         -0.03831057, -0.16107318],
        [-0.14301662,  0.        ,  0.16384999, ..., -0.38712564,
         -0.18082838, -0.30056657],
        [-0.30324945, -0.16384999,  0.        , ..., -0.53296785,
         -0.3395334 , -0.4527782 ],
        ...,
        [ 0.25128092,  0.38712564,  0.53296785, ...,  0.        ,
          0.2140151 ,  0.09209479],
        [ 0.03831057,  0.18082838,  0.3395334 , ..., -0.2140151 ,
          0.        , -0.1231446 ],
        [ 0.16107318,  0.30056657,  0.4527782 , ..., -0.09209479,
          0.1231446 ,  0.        ]],

       [[ 0.        , -0.08756438,  0.03626839, ..., -0.19598364,
          0.0461852 ,  0.15177496],
        [ 0.08756438,  0.        ,  0.12363586, ..., -0.10936457,
          0.13347874,  0.23774193],
        [-0.03626839, -0.12363586,  0.        , ..., -0.23141974,
          0.00992512,  0.11582688],
        ...,
        [ 0.19598364,  0.10936457,  0.23141974, ...,  0.        ,
          0.24106404,  0.3425448 ],
        [-0.0461852 , -0.13347874, -0.00992512, ..., -0.24106404,
          0.        ,  0.10596285],
        [-0.15177496, -0.23774193, -0.11582688, ..., -0.3425448 ,
         -0.10596285,  0.        ]],

       [[ 0.        , -0.0799215 , -0.00870506, ..., -0.48649749,
         -0.41428356, -0.40275362],
        [ 0.0799215 ,  0.        ,  0.07124125, ..., -0.41511529,
         -0.34021795, -0.32831246],
        [ 0.00870506, -0.07124125,  0.        , ..., -0.4788736 ,
         -0.40634497, -0.39477055],
        ...,
        [ 0.48649749,  0.41511529,  0.4788736 , ...,  0.        ,
          0.08083257,  0.09341667],
        [ 0.41428356,  0.34021795,  0.40634497, ..., -0.08083257,
          0.        ,  0.01263188],
        [ 0.40275362,  0.32831246,  0.39477055, ..., -0.09341667,
         -0.01263188,  0.        ]],

       ...,

       [[ 0.        ,  0.20865357,  0.26822598, ..., -0.47283853,
         -0.29185953, -0.50472484],
        [-0.20865357,  0.        ,  0.06131455, ..., -0.64628608,
         -0.48500464, -0.67374217],
        [-0.26822598, -0.06131455,  0.        , ..., -0.69185893,
         -0.53771238, -0.71778392],
        ...,
        [ 0.47283853,  0.64628608,  0.69185893, ...,  0.        ,
          0.19507995, -0.03654565],
        [ 0.29185953,  0.48500464,  0.53771238, ..., -0.19507995,
          0.        , -0.23079315],
        [ 0.50472484,  0.67374217,  0.71778392, ...,  0.03654565,
          0.23079315,  0.        ]],

       [[ 0.        ,  0.00396078,  0.02947219, ...,  0.13667779,
         -0.05909307, -0.64889689],
        [-0.00396078,  0.        ,  0.0255129 , ...,  0.13275311,
         -0.06304647, -0.65190547],
        [-0.02947219, -0.0255129 ,  0.        , ...,  0.10742281,
         -0.08848809, -0.6710397 ],
        ...,
        [-0.13667779, -0.13275311, -0.10742281, ...,  0.        ,
         -0.19497746, -0.74680225],
        [ 0.05909307,  0.06304647,  0.08848809, ...,  0.19497746,
          0.        , -0.60280041],
        [ 0.64889689,  0.65190547,  0.6710397 , ...,  0.74680225,
          0.60280041,  0.        ]],

       [[ 0.        ,  0.03909846,  0.04762896, ..., -0.94452299,
         -0.81935576, -0.66391992],
        [-0.03909846,  0.        ,  0.00853845, ..., -0.95664248,
         -0.84114383, -0.69265024],
        [-0.04762896, -0.00853845,  0.        , ..., -0.95909455,
         -0.84573086, -0.69878355],
        ...,
        [ 0.94452299,  0.95664248,  0.95909455, ...,  0.        ,
          0.27236766,  0.48825637],
        [ 0.81935576,  0.84114383,  0.84573086, ..., -0.27236766,
          0.        ,  0.23210166],
        [ 0.66391992,  0.69265024,  0.69878355, ..., -0.48825637,
         -0.23210166,  0.        ]]]), 'num': array([ 9.92007179e-01,  1.26180484e-01,  7.30655439e-05,  1.48055180e-04,
        1.53052824e-04,  1.45556359e-04,  2.25206298e-04, -3.74823242e-06,
        1.50803884e-04,  1.53021588e-04,  1.62360934e-04,  4.08898082e-07,
        1.63121551e-04,  1.42921626e-04])}
