state_0,state_1,state_2,state_3,state_4,state_5,state_6,state_7,state_8,state_9,state_10,state_11,state_12,state_13,state_14,state_15,state_16,state_17,state_18,state_19,state_20,state_21,state_22,state_23,state_24,state_25,state_26,state_27,state_28,state_29,state_30,state_31,state_32,state_33,state_34,state_35,state_36,state_37,state_38,state_39,state_40,state_41,state_42,state_43,state_44,state_45,state_46,state_47,state_48,state_49,state_50,state_51,state_52,state_53,state_54,state_55,state_56,state_57,state_58,state_59,state_60,state_61,state_62,state_63,state_64,state_65,state_66,state_67,state_68,state_69,state_70,state_71,state_72,state_73,state_74,state_75,state_76,state_77,state_78,state_79,state_80,state_81,state_82,state_83,state_84,state_85,state_86,state_87,state_88,state_89,state_90,state_91,state_92,state_93,state_94,state_95,state_96,state_97,state_98,state_99,state_100,state_101,state_102,state_103,state_104,state_105,state_106,state_107,state_108,state_109,state_110,state_111,state_112,state_113,state_114,state_115,state_116,state_117,state_118,state_119,state_120,state_121,state_122,state_123,state_124,state_125,state_126,state_127,state_128,state_129,state_130,state_131,state_132,state_133,state_134,state_135,state_136,state_137,state_138,state_139,state_140,state_141,state_142,state_143,state_144,state_145,state_146,state_147,state_148,state_149,state_150,state_151,state_152,state_153,state_154,state_155,state_156,state_157,state_158,state_159,state_160,state_161,state_162,state_163,state_164,state_165,state_166,state_167,state_168,state_169,state_170,state_171,state_172,state_173,state_174,state_175,state_176,state_177,state_178,state_179,state_180,state_181,state_182,state_183,state_184,state_185,state_186,state_187,state_188,state_189,state_190,state_191,state_192,state_193,state_194,state_195,state_196,state_197,state_198,state_199,state_200,state_201,state_202,state_203,state_204,state_205,state_206,state_207,state_208,state_209,state_210,state_211,state_212,state_213,state_214,state_215,state_216,state_217,state_218,state_219,state_220,state_221,state_222,state_223,state_224,state_225,state_226,state_227,state_228,state_229,state_230,state_231,state_232,state_233,state_234,state_235,state_236,state_237,state_238,state_239,state_240,state_241,state_242,state_243,state_244,state_245,state_246,state_247,state_248,state_249,state_250,state_251,state_252,state_253,state_254,state_255,state_256,state_257,state_258,state_259,state_260,state_261,state_262,state_263,state_264,state_265,state_266,state_267,state_268,state_269,state_270,state_271,state_272,state_273,state_274,state_275,state_276,state_277,state_278,state_279,state_280,state_281,state_282,state_283,state_284,state_285,state_286,state_287
{'img': array([[[ 0.        , -0.1607702 , -0.07754345, ...,  0.83527884,
          0.85711339,  0.85711339],
        [ 0.1607702 ,  0.        ,  0.08375136, ...,  0.91280915,
          0.92878114,  0.92878114],
        [ 0.07754345, -0.08375136,  0.        , ...,  0.87539924,
          0.89447738,  0.89447738],
        ...,
        [-0.83527884, -0.91280915, -0.87539924, ...,  0.        ,
          0.04098837,  0.04098837],
        [-0.85711339, -0.92878114, -0.89447738, ..., -0.04098837,
          0.        ,  0.        ],
        [-0.85711339, -0.92878114, -0.89447738, ..., -0.04098837,
          0.        ,  0.        ]],

       [[ 0.        ,  0.55461186,  0.71450349, ..., -0.29706677,
          0.33065534, -0.49931599],
        [-0.55461186,  0.        ,  0.20652078, ..., -0.77676684,
         -0.24827447, -0.8960122 ],
        [-0.71450349, -0.20652078,  0.        , ..., -0.89008583,
         -0.44297678, -0.96839747],
        ...,
        [ 0.29706677,  0.77676684,  0.89008583, ...,  0.        ,
          0.59608571, -0.21939065],
        [-0.33065534,  0.24827447,  0.44297678, ..., -0.59608571,
          0.        , -0.75771665],
        [ 0.49931599,  0.8960122 ,  0.96839747, ...,  0.21939065,
          0.75771665,  0.        ]],

       [[ 0.        , -0.14290414, -0.24343747, ...,  0.88460232,
          0.86267607,  0.86267607],
        [ 0.14290414,  0.        , -0.10233386, ...,  0.94216603,
          0.92609677,  0.92609677],
        [ 0.24343747,  0.10233386,  0.        , ...,  0.9715166 ,
          0.959844  ,  0.959844  ],
        ...,
        [-0.88460232, -0.94216603, -0.9715166 , ...,  0.        ,
         -0.04508802, -0.04508802],
        [-0.86267607, -0.92609677, -0.959844  , ...,  0.04508802,
          0.        ,  0.        ],
        [-0.86267607, -0.92609677, -0.959844  , ...,  0.04508802,
          0.        ,  0.        ]],

       ...,

       [[ 0.        ,  0.28490965,  0.59198739, ...,  0.89003441,
          0.96633306,  0.93014811],
        [-0.28490965,  0.        ,  0.33782996, ...,  0.72325796,
          0.85297712,  0.78698313],
        [-0.59198739, -0.33782996,  0.        , ...,  0.44743765,
          0.62649839,  0.53228168],
        ...,
        [-0.89003441, -0.72325796, -0.44743765, ...,  0.        ,
          0.21154392,  0.09724147],
        [-0.96633306, -0.85297712, -0.62649839, ..., -0.21154392,
          0.        , -0.11550063],
        [-0.93014811, -0.78698313, -0.53228168, ..., -0.09724147,
          0.11550063,  0.        ]],

       [[ 0.        , -0.07310273, -0.21160905, ...,  0.63045131,
          0.58373649,  0.55005922],
        [ 0.07310273,  0.        , -0.1395956 , ...,  0.68550893,
          0.64152991,  0.60963745],
        [ 0.21160905,  0.1395956 ,  0.        , ...,  0.7804314 ,
          0.74233195,  0.71432294],
        ...,
        [-0.63045131, -0.68550893, -0.7804314 , ...,  0.        ,
         -0.05877757, -0.09953426],
        [-0.58373649, -0.64152991, -0.74233195, ...,  0.05877757,
          0.        , -0.04087649],
        [-0.55005922, -0.60963745, -0.71432294, ...,  0.09953426,
          0.04087649,  0.        ]],

       [[ 0.        , -0.11992433, -0.17107874, ...,  0.97839873,
          0.97312081,  0.96688629],
        [ 0.11992433,  0.        , -0.05168774, ...,  0.99612922,
          0.99371583,  0.9905139 ],
        [ 0.17107874,  0.05168774,  0.        , ...,  0.99934109,
          0.99817306,  0.99629242],
        ...,
        [-0.97839873, -0.99612922, -0.99934109, ...,  0.        ,
         -0.02415047, -0.04981355],
        [-0.97312081, -0.99371583, -0.99817306, ...,  0.02415047,
          0.        , -0.02567853],
        [-0.96688629, -0.9905139 , -0.99629242, ...,  0.04981355,
          0.02567853,  0.        ]]]), 'num': array([ 1.10279984e-01,  5.39160483e-02,  9.61841911e-07,  6.26265956e-03,
        6.31609522e-03,  6.25197242e-03,  9.92274696e-01, -9.61841911e-05,
        6.35670632e-03,  6.43311932e-03,  6.28011521e-03,  3.38062350e-06,
        6.65529603e-03,  6.21094260e-03])}
{'img': array([[[ 0.        ,  0.08375136, -0.37406567, ...,  0.92878114,
          0.92878114,  0.84694211],
        [-0.08375136,  0.        , -0.45042266, ...,  0.89447738,
          0.89447738,  0.79943718],
        [ 0.37406567,  0.45042266,  0.        , ...,  0.99999314,
          0.99999314,  0.98434114],
        ...,
        [-0.92878114, -0.89447738, -0.99999314, ...,  0.        ,
          0.        , -0.17991811],
        [-0.92878114, -0.89447738, -0.99999314, ...,  0.        ,
          0.        , -0.17991811],
        [-0.84694211, -0.79943718, -0.98434114, ...,  0.17991811,
          0.17991811,  0.        ]],

       [[ 0.        ,  0.20652078,  0.6429702 , ..., -0.24827447,
         -0.8960122 , -0.70879097],
        [-0.20652078,  0.        ,  0.47093674, ..., -0.44297678,
         -0.96839747, -0.8391946 ],
        [-0.6429702 , -0.47093674,  0.        , ..., -0.81298985,
         -0.97174555, -0.99641988],
        ...,
        [ 0.24827447,  0.44297678,  0.81298985, ...,  0.        ,
         -0.75771665, -0.51146111],
        [ 0.8960122 ,  0.96839747,  0.97174555, ...,  0.75771665,
          0.        ,  0.31733959],
        [ 0.70879097,  0.8391946 ,  0.99641988, ...,  0.51146111,
         -0.31733959,  0.        ]],

       [[ 0.        , -0.10233386, -0.28077249, ...,  0.92609677,
          0.92609677,  0.90444074],
        [ 0.10233386,  0.        , -0.18108105, ...,  0.959844  ,
          0.959844  ,  0.94334807],
        [ 0.28077249,  0.18108105,  0.        , ...,  0.99477548,
          0.99477548,  0.98783637],
        ...,
        [-0.92609677, -0.959844  , -0.99477548, ...,  0.        ,
          0.        , -0.05383935],
        [-0.92609677, -0.959844  , -0.99477548, ...,  0.        ,
          0.        , -0.05383935],
        [-0.90444074, -0.94334807, -0.98783637, ...,  0.05383935,
          0.05383935,  0.        ]],

       ...,

       [[ 0.        ,  0.36021787, -0.2453378 , ...,  0.8701319 ,
          0.80683022,  0.06122827],
        [-0.36021787,  0.        , -0.57807661, ...,  0.63419621,
          0.53985552, -0.30242413],
        [ 0.2453378 ,  0.57807661,  0.        , ...,  0.96444574,
          0.92711309,  0.30423448],
        ...,
        [-0.8701319 , -0.63419621, -0.96444574, ...,  0.        ,
         -0.11643828, -0.83832491],
        [-0.80683022, -0.53985552, -0.92711309, ...,  0.11643828,
          0.        , -0.76914379],
        [-0.06122827,  0.30242413, -0.30423448, ...,  0.83832491,
          0.76914379,  0.        ]],

       [[ 0.        , -0.1395956 , -0.16186934, ...,  0.64152991,
          0.60963745,  0.617388  ],
        [ 0.1395956 ,  0.        , -0.02252977, ...,  0.74233195,
          0.71432294,  0.72115701],
        [ 0.16186934,  0.02252977,  0.        , ...,  0.75723919,
          0.72990832,  0.73658195],
        ...,
        [-0.64152991, -0.74233195, -0.75723919, ...,  0.        ,
         -0.04087649, -0.03106804],
        [-0.60963745, -0.71432294, -0.72990832, ...,  0.04087649,
          0.        ,  0.00981468],
        [-0.617388  , -0.72115701, -0.73658195, ...,  0.03106804,
         -0.00981468,  0.        ]],

       [[ 0.        , -0.05168774, -0.27008519, ...,  0.99371583,
          0.9905139 ,  0.97724037],
        [ 0.05168774,  0.        , -0.21995733, ...,  0.99817306,
          0.99629242,  0.98689887],
        [ 0.27008519,  0.21995733,  0.        , ...,  0.98701707,
          0.99081597,  0.99821715],
        ...,
        [-0.99371583, -0.99817306, -0.98701707, ...,  0.        ,
         -0.02567853, -0.10141714],
        [-0.9905139 , -0.99629242, -0.99081597, ...,  0.02567853,
          0.        , -0.07583757],
        [-0.97724037, -0.98689887, -0.99821715, ...,  0.10141714,
          0.07583757,  0.        ]]]), 'num': array([ 7.04376041e-01,  7.04376041e-01,  0.00000000e+00,  4.91622267e-04,
        5.00946138e-04,  4.91622267e-04,  8.77882339e-02, -5.08574759e-06,
        4.99928988e-04,  5.08956190e-04,  4.98671678e-04,  2.28858642e-07,
        5.28034147e-04,  4.89878233e-04])}
{'img': array([[[ 0.        , -0.45042266, -0.72445663, ...,  0.89447738,
          0.79943718,  0.72367552],
        [ 0.45042266,  0.        , -0.33632055, ...,  0.99999314,
          0.98434114,  0.95696355],
        [ 0.72445663,  0.33632055,  0.        , ...,  0.94049561,
          0.98628544,  0.99882106],
        ...,
        [-0.89447738, -0.99999314, -0.94049561, ...,  0.        ,
         -0.17991811, -0.29375009],
        [-0.79943718, -0.98434114, -0.98628544, ...,  0.17991811,
          0.        , -0.11697603],
        [-0.72367552, -0.95696355, -0.99882106, ...,  0.29375009,
          0.11697603,  0.        ]],

       [[ 0.        ,  0.47093674, -0.34337935, ..., -0.96839747,
         -0.8391946 , -0.73482655],
        [-0.47093674,  0.        , -0.7452202 , ..., -0.97174555,
         -0.99641988, -0.96765495],
        [ 0.34337935,  0.7452202 ,  0.        , ..., -0.82387287,
         -0.60142846, -0.45724796],
        ...,
        [ 0.96839747,  0.97174555,  0.82387287, ...,  0.        ,
          0.31733959,  0.47354593],
        [ 0.8391946 ,  0.99641988,  0.60142846, ..., -0.31733959,
          0.        ,  0.16956635],
        [ 0.73482655,  0.96765495,  0.45724796, ..., -0.47354593,
         -0.16956635,  0.        ]],

       [[ 0.        , -0.18108105, -0.35993833, ...,  0.959844  ,
          0.94334807,  0.89752791],
        [ 0.18108105,  0.        , -0.1850436 , ...,  0.99477548,
          0.98783637,  0.96253921],
        [ 0.35993833,  0.1850436 ,  0.        , ...,  0.99648656,
          0.99955046,  0.99608965],
        ...,
        [-0.959844  , -0.99477548, -0.99648656, ...,  0.        ,
         -0.05383935, -0.1714632 ],
        [-0.94334807, -0.98783637, -0.99955046, ...,  0.05383935,
          0.        , -0.1181725 ],
        [-0.89752791, -0.96253921, -0.99608965, ...,  0.1714632 ,
          0.1181725 ,  0.        ]],

       ...,

       [[ 0.        , -0.26845596, -0.10211085, ...,  0.45725454,
         -0.19100761, -0.72928455],
        [ 0.26845596,  0.        ,  0.16869019, ...,  0.67921713,
          0.07951721, -0.51883355],
        [ 0.10211085, -0.16869019,  0.        , ...,  0.54567532,
         -0.08977837, -0.65560728],
        ...,
        [-0.45725454, -0.67921713, -0.54567532, ...,  0.        ,
         -0.61870574, -0.96143728],
        [ 0.19100761, -0.07951721,  0.08977837, ...,  0.61870574,
          0.        , -0.58516795],
        [ 0.72928455,  0.51883355,  0.65560728, ...,  0.96143728,
          0.58516795,  0.        ]],

       [[ 0.        , -0.02252977, -0.07986185, ...,  0.71432294,
          0.72115701,  0.72645542],
        [ 0.02252977,  0.        , -0.05738377, ...,  0.72990832,
          0.73658195,  0.74175379],
        [ 0.07986185,  0.05738377,  0.        , ...,  0.76792997,
          0.77417962,  0.77901723],
        ...,
        [-0.71432294, -0.72990832, -0.76792997, ...,  0.        ,
          0.00981468,  0.01749285],
        [-0.72115701, -0.73658195, -0.77417962, ..., -0.00981468,
          0.        ,  0.00767883],
        [-0.72645542, -0.74175379, -0.77901723, ..., -0.01749285,
         -0.00767883,  0.        ]],

       [[ 0.        , -0.21995733, -0.52037707, ...,  0.99629242,
          0.98689887,  0.96561334],
        [ 0.21995733,  0.        , -0.31980316, ...,  0.99081597,
          0.99821715,  0.99915003],
        [ 0.52037707,  0.31980316,  0.        , ...,  0.89553936,
          0.92670675,  0.95986147],
        ...,
        [-0.99629242, -0.99081597, -0.89553936, ...,  0.        ,
         -0.07583757, -0.17594542],
        [-0.98689887, -0.99821715, -0.92670675, ...,  0.07583757,
          0.        , -0.10078424],
        [-0.96561334, -0.99915003, -0.95986147, ...,  0.17594542,
          0.10078424,  0.        ]]]), 'num': array([7.36076180e-01, 6.70225323e-01, 1.11422770e-06, 5.22625852e-04,
       5.22625852e-04, 5.13782775e-04, 9.48033568e-02, 9.72738472e-06,
       5.21210959e-04, 5.29965606e-04, 5.20975144e-04, 3.77569580e-07,
       5.49388997e-04, 5.10542214e-04])}
{'img': array([[[ 0.        , -0.33632055,  0.10111778, ...,  0.98434114,
          0.95696355,  0.99697726],
        [ 0.33632055,  0.        ,  0.42982415, ...,  0.98628544,
          0.99882106,  0.96503096],
        [-0.10111778, -0.42982415,  0.        , ...,  0.96147143,
          0.92271339,  0.98401099],
        ...,
        [-0.98434114, -0.98628544, -0.96147143, ...,  0.        ,
         -0.11697603,  0.09926389],
        [-0.95696355, -0.99882106, -0.92271339, ...,  0.11697603,
          0.        ,  0.21498072],
        [-0.99697726, -0.96503096, -0.98401099, ..., -0.09926389,
         -0.21498072,  0.        ]],

       [[ 0.        , -0.7452202 ,  0.73086802, ..., -0.99641988,
         -0.96765495, -0.9527741 ],
        [ 0.7452202 ,  0.        ,  0.9959831 , ..., -0.60142846,
         -0.45724796, -0.40901891],
        [-0.73086802, -0.9959831 ,  0.        , ..., -0.74186466,
         -0.84482421, -0.87223622],
        ...,
        [ 0.99641988,  0.60142846,  0.74186466, ...,  0.        ,
          0.16956635,  0.22204294],
        [ 0.96765495,  0.45724796,  0.84482421, ..., -0.16956635,
          0.        ,  0.05349403],
        [ 0.9527741 ,  0.40901891,  0.87223622, ..., -0.22204294,
         -0.05349403,  0.        ]],

       [[ 0.        , -0.1850436 , -0.5161433 , ...,  0.98783637,
          0.96253921,  0.95997927],
        [ 0.1850436 ,  0.        , -0.34873941, ...,  0.99955046,
          0.99608965,  0.99522609],
        [ 0.5161433 ,  0.34873941,  0.        , ...,  0.92634279,
          0.96436539,  0.9667812 ],
        ...,
        [-0.98783637, -0.99955046, -0.92634279, ...,  0.        ,
         -0.1181725 , -0.1273905 ],
        [-0.96253921, -0.99608965, -0.96436539, ...,  0.1181725 ,
          0.        , -0.00928818],
        [-0.95997927, -0.99522609, -0.9667812 , ...,  0.1273905 ,
          0.00928818,  0.        ]],

       ...,

       [[ 0.        ,  0.16869019,  0.41068685, ...,  0.07951721,
         -0.51883355,  0.6113536 ],
        [-0.16869019,  0.        ,  0.2509936 , ..., -0.08977837,
         -0.65560728,  0.46909811],
        [-0.41068685, -0.2509936 ,  0.        , ..., -0.33688449,
         -0.82414625,  0.23241768],
        ...,
        [-0.07951721,  0.08977837,  0.33688449, ...,  0.        ,
         -0.58516795,  0.5464912 ],
        [ 0.51883355,  0.65560728,  0.82414625, ...,  0.58516795,
          0.        ,  0.93321393],
        [-0.6113536 , -0.46909811, -0.23241768, ..., -0.5464912 ,
         -0.93321393,  0.        ]],

       [[ 0.        , -0.05738377, -0.25438936, ...,  0.73658195,
          0.74175379,  0.70111076],
        [ 0.05738377,  0.        , -0.19847422, ...,  0.77417962,
          0.77901723,  0.7408731 ],
        [ 0.25438936,  0.19847422,  0.        , ...,  0.8844056 ,
          0.88796338,  0.85943848],
        ...,
        [-0.73658195, -0.77417962, -0.8844056 , ...,  0.        ,
          0.00767883, -0.05102643],
        [-0.74175379, -0.77901723, -0.88796338, ..., -0.00767883,
          0.        , -0.05869375],
        [-0.70111076, -0.7408731 , -0.85943848, ...,  0.05102643,
          0.05869375,  0.        ]],

       [[ 0.        , -0.31980316, -0.51309281, ...,  0.99821715,
          0.99915003,  0.99822277],
        [ 0.31980316,  0.        , -0.21164958, ...,  0.92670675,
          0.95986147,  0.96485807],
        [ 0.51309281,  0.21164958,  0.        , ...,  0.82617797,
          0.8787541 ,  0.88738431],
        ...,
        [-0.99821715, -0.92670675, -0.82617797, ...,  0.        ,
         -0.10078424, -0.11906729],
        [-0.99915003, -0.95986147, -0.8787541 , ...,  0.10078424,
          0.        , -0.01839376],
        [-0.99822277, -0.96485807, -0.88738431, ...,  0.11906729,
          0.01839376,  0.        ]]]), 'num': array([ 7.29248064e-01,  6.78793811e-01,  8.68403664e-07,  5.09638918e-04,
        5.12270444e-04,  5.06130216e-04,  8.62211419e-02, -8.77175418e-06,
        5.14551100e-04,  5.24419324e-04,  5.17533497e-04,  3.40129244e-07,
        5.44385617e-04,  5.04453031e-04])}
{'img': array([[[ 0.        ,  0.42982415,  0.86880999, ...,  0.99882106,
          0.96503096,  0.99768797],
        [-0.42982415,  0.        ,  0.57163396, ...,  0.92271339,
          0.98401099,  0.93003641],
        [-0.86880999, -0.57163396,  0.        , ...,  0.53673713,
          0.70557717,  0.55304618],
        ...,
        [-0.99882106, -0.92271339, -0.53673713, ...,  0.        ,
          0.21498072,  0.01944959],
        [-0.96503096, -0.98401099, -0.70557717, ..., -0.21498072,
          0.        , -0.19594523],
        [-0.99768797, -0.93003641, -0.55304618, ..., -0.01944959,
          0.19594523,  0.        ]],

       [[ 0.        ,  0.9959831 ,  0.64689994, ..., -0.45724796,
         -0.40901891, -0.52778278],
        [-0.9959831 ,  0.        , -0.81743607, ..., -0.84482421,
         -0.87223622, -0.79870906],
        [-0.64689994,  0.81743607,  0.        , ..., -0.92399932,
         -0.90222051, -0.95193737],
        ...,
        [ 0.45724796,  0.84482421,  0.92399932, ...,  0.        ,
          0.05349403, -0.08100095],
        [ 0.40901891,  0.87223622,  0.90222051, ..., -0.05349403,
          0.        , -0.13420322],
        [ 0.52778278,  0.79870906,  0.95193737, ...,  0.08100095,
          0.13420322,  0.        ]],

       [[ 0.        , -0.34873941, -0.01308883, ...,  0.99608965,
          0.99522609,  0.98687678],
        [ 0.34873941,  0.        ,  0.33644243, ...,  0.96436539,
          0.9667812 ,  0.98123314],
        [ 0.01308883, -0.33644243,  0.        , ...,  0.9971607 ,
          0.99641825,  0.98890576],
        ...,
        [-0.99608965, -0.96436539, -0.9971607 , ...,  0.        ,
         -0.00928818, -0.0736549 ],
        [-0.99522609, -0.9667812 , -0.99641825, ...,  0.00928818,
          0.        , -0.06438878],
        [-0.98687678, -0.98123314, -0.98890576, ...,  0.0736549 ,
          0.06438878,  0.        ]],

       ...,

       [[ 0.        ,  0.2509936 ,  0.11947402, ..., -0.65560728,
          0.46909811,  0.30477272],
        [-0.2509936 ,  0.        , -0.13354631, ..., -0.82414625,
          0.23241768,  0.05596395],
        [-0.11947402,  0.13354631,  0.        , ..., -0.74112646,
          0.3602251 ,  0.18879967],
        ...,
        [ 0.65560728,  0.82414625,  0.74112646, ...,  0.        ,
          0.93321393,  0.85455134],
        [-0.46909811, -0.23241768, -0.3602251 , ..., -0.93321393,
          0.        , -0.17762199],
        [-0.30477272, -0.05596395, -0.18879967, ..., -0.85455134,
          0.17762199,  0.        ]],

       [[ 0.        , -0.19847422, -0.35489353, ...,  0.77901723,
          0.7408731 ,  0.72579561],
        [ 0.19847422,  0.        , -0.16227844, ...,  0.88796338,
          0.85943848,  0.84788919],
        [ 0.35489353,  0.16227844,  0.        , ...,  0.95082758,
          0.93100972,  0.92268615],
        ...,
        [-0.77901723, -0.88796338, -0.95082758, ...,  0.        ,
         -0.05869375, -0.08081839],
        [-0.7408731 , -0.85943848, -0.93100972, ...,  0.05869375,
          0.        , -0.02217731],
        [-0.72579561, -0.84788919, -0.92268615, ...,  0.08081839,
          0.02217731,  0.        ]],

       [[ 0.        , -0.21164958,  0.01588371, ...,  0.95986147,
          0.96485807,  0.98022238],
        [ 0.21164958,  0.        ,  0.22714675, ...,  0.8787541 ,
          0.88738431,  0.91613078],
        [-0.01588371, -0.22714675,  0.        , ...,  0.96419536,
          0.96891013,  0.9832421 ],
        ...,
        [-0.95986147, -0.8787541 , -0.96419536, ...,  0.        ,
         -0.01839376, -0.08497161],
        [-0.96485807, -0.88738431, -0.96891013, ...,  0.01839376,
          0.        , -0.06662999],
        [-0.98022238, -0.91613078, -0.9832421 , ...,  0.08497161,
          0.06662999,  0.        ]]]), 'num': array([ 7.11105629e-01,  7.00703938e-01,  1.79649242e-07,  4.95318624e-04,
        4.97029570e-04,  4.93607679e-04,  5.77992436e-02, -1.71094516e-06,
        4.99082704e-04,  5.10503263e-04,  5.05484490e-04,  3.65257956e-07,
        5.31147466e-04,  4.89859059e-04])}
{'img': array([[[ 0.        ,  0.82065181,  0.91290895, ...,  0.97447644,
          0.99979173,  0.99979173],
        [-0.82065181,  0.        ,  0.18670234, ...,  0.74107164,
          0.58805756,  0.55456156],
        [-0.91290895, -0.18670234,  0.        , ...,  0.60268423,
          0.42670905,  0.38944746],
        ...,
        [-0.97447644, -0.74107164, -0.60268423, ...,  0.        ,
         -0.20455577, -0.24433032],
        [-0.99979173, -0.58805756, -0.42670905, ...,  0.20455577,
          0.        , -0.04080783],
        [-0.99979173, -0.55456156, -0.38944746, ...,  0.24433032,
          0.04080783,  0.        ]],

       [[ 0.        , -0.81743607, -0.10564386, ..., -0.87223622,
         -0.79870906, -0.14049092],
        [ 0.81743607,  0.        ,  0.75200881, ..., -0.90222051,
         -0.95193737, -0.8902542 ],
        [ 0.10564386, -0.75200881,  0.        , ..., -0.91902403,
         -0.85780726, -0.24430082],
        ...,
        [ 0.87223622,  0.90222051,  0.91902403, ...,  0.        ,
         -0.13420322, -0.79487338],
        [ 0.79870906,  0.95193737,  0.85780726, ...,  0.13420322,
          0.        , -0.70625161],
        [ 0.14049092,  0.8902542 ,  0.24430082, ...,  0.79487338,
          0.70625161,  0.        ]],

       [[ 0.        ,  0.33644243,  0.50862773, ...,  0.9667812 ,
          0.98123314,  0.99264321],
        [-0.33644243,  0.        ,  0.18930438, ...,  0.99641825,
          0.98890576,  0.9755113 ],
        [-0.50862773, -0.18930438,  0.        , ...,  0.96239359,
          0.94290473,  0.91623518],
        ...,
        [-0.9667812 , -0.99641825, -0.96239359, ...,  0.        ,
         -0.06438878, -0.13667072],
        [-0.98123314, -0.98890576, -0.94290473, ...,  0.06438878,
          0.        , -0.07260253],
        [-0.99264321, -0.9755113 , -0.91623518, ...,  0.13667072,
          0.07260253,  0.        ]],

       ...,

       [[ 0.        , -0.13354631,  0.35329401, ...,  0.23241768,
          0.05596395,  0.23241768],
        [ 0.13354631,  0.        ,  0.47506363, ...,  0.3602251 ,
          0.18879967,  0.3602251 ],
        [-0.35329401, -0.47506363,  0.        , ..., -0.12618983,
         -0.30038536, -0.12618983],
        ...,
        [-0.23241768, -0.3602251 ,  0.12618983, ...,  0.        ,
         -0.17762199,  0.        ],
        [-0.05596395, -0.18879967,  0.30038536, ...,  0.17762199,
          0.        ,  0.17762199],
        [-0.23241768, -0.3602251 ,  0.12618983, ...,  0.        ,
         -0.17762199,  0.        ]],

       [[ 0.        , -0.16227844, -0.25219369, ...,  0.85943848,
          0.84788919,  0.85270272],
        [ 0.16227844,  0.        , -0.09181779, ...,  0.93100972,
          0.92268615,  0.92617384],
        [ 0.25219369,  0.09181779,  0.        , ...,  0.96058995,
          0.95418909,  0.95688571],
        ...,
        [-0.85943848, -0.93100972, -0.96058995, ...,  0.        ,
         -0.02217731, -0.01303258],
        [-0.84788919, -0.92268615, -0.95418909, ...,  0.02217731,
          0.        ,  0.00914605],
        [-0.85270272, -0.92617384, -0.95688571, ...,  0.01303258,
         -0.00914605,  0.        ]],

       [[ 0.        ,  0.22714675,  0.28784605, ...,  0.88738431,
          0.91613078,  0.94229746],
        [-0.22714675,  0.        ,  0.06278877, ...,  0.96891013,
          0.9832421 ,  0.99370977],
        [-0.28784605, -0.06278877,  0.        , ...,  0.98253307,
          0.99274869,  0.99878049],
        ...,
        [-0.88738431, -0.96891013, -0.98253307, ...,  0.        ,
         -0.06662999, -0.13735216],
        [-0.91613078, -0.9832421 , -0.99274869, ...,  0.06662999,
          0.        , -0.07104843],
        [-0.94229746, -0.99370977, -0.99878049, ...,  0.13735216,
          0.07104843,  0.        ]]]), 'num': array([7.34826322e-01, 6.71670441e-01, 1.08702032e-06, 5.13462446e-04,
       5.16113715e-04, 5.11694933e-04, 9.42705296e-02, 1.76751272e-06,
       5.14699704e-04, 5.26276913e-04, 5.22933368e-04, 4.01707437e-07,
       5.48079023e-04, 5.04474803e-04])}
{'img': array([[[ 0.        ,  0.61025144,  0.69985421, ...,  0.96907834,
          0.95434665,  0.96907834],
        [-0.61025144,  0.        ,  0.11853608, ...,  0.61712989,
          0.57375796,  0.61712989],
        [-0.69985421, -0.11853608,  0.        , ...,  0.51950752,
          0.47262882,  0.51950752],
        ...,
        [-0.96907834, -0.61712989, -0.51950752, ...,  0.        ,
         -0.05397682,  0.        ],
        [-0.95434665, -0.57375796, -0.47262882, ...,  0.05397682,
          0.        ,  0.05397682],
        [-0.96907834, -0.61712989, -0.51950752, ...,  0.        ,
         -0.05397682,  0.        ]],

       [[ 0.        ,  0.81430203, -0.54097936, ..., -0.95316146,
         -0.88786359, -0.90715222],
        [-0.81430203,  0.        , -0.99886403, ..., -0.79954973,
         -0.14068689, -0.86920913],
        [ 0.54097936,  0.99886403,  0.        , ..., -0.63801731,
         -0.99563339, -0.53530201],
        ...,
        [ 0.95316146,  0.79954973,  0.63801731, ...,  0.        ,
         -0.70710099,  0.12671383],
        [ 0.88786359,  0.14068689,  0.99563339, ...,  0.70710099,
          0.        ,  0.79100222],
        [ 0.90715222,  0.86920913,  0.53530201, ..., -0.12671383,
         -0.79100222,  0.        ]],

       [[ 0.        ,  0.39921091,  0.65013906, ...,  0.98568606,
          0.99550698,  0.99743389],
        [-0.39921091,  0.        ,  0.29275939, ...,  0.97103871,
          0.95054022,  0.94308728],
        [-0.65013906, -0.29275939,  0.        , ...,  0.85854703,
          0.81796189,  0.80441123],
        ...,
        [-0.98568606, -0.97103871, -0.85854703, ...,  0.        ,
         -0.07450088, -0.09758985],
        [-0.99550698, -0.95054022, -0.81796189, ...,  0.07450088,
          0.        , -0.02317338],
        [-0.99743389, -0.94308728, -0.80441123, ...,  0.09758985,
          0.02317338,  0.        ]],

       ...,

       [[ 0.        ,  0.47506363,  0.67811754, ...,  0.18879967,
          0.3602251 ,  0.46773036],
        [-0.47506363,  0.        ,  0.24756086, ..., -0.30038536,
         -0.12618983, -0.00831505],
        [-0.67811754, -0.24756086,  0.        , ..., -0.52716305,
         -0.36784372, -0.25560852],
        ...,
        [-0.18879967,  0.30038536,  0.52716305, ...,  0.        ,
          0.17762199,  0.29244393],
        [-0.3602251 ,  0.12618983,  0.36784372, ..., -0.17762199,
          0.        ,  0.11793688],
        [-0.46773036,  0.00831505,  0.25560852, ..., -0.29244393,
         -0.11793688,  0.        ]],

       [[ 0.        , -0.09181779, -0.14595992, ...,  0.92268615,
          0.92617384,  0.91683795],
        [ 0.09181779,  0.        , -0.05450889, ...,  0.95418909,
          0.95688571,  0.94962419],
        [ 0.14595992,  0.05450889,  0.        , ...,  0.96907977,
          0.97129601,  0.96529496],
        ...,
        [-0.92268615, -0.95418909, -0.96907977, ...,  0.        ,
          0.00914605, -0.01490263],
        [-0.92617384, -0.95688571, -0.97129601, ..., -0.00914605,
          0.        , -0.02404705],
        [-0.91683795, -0.94962419, -0.96529496, ...,  0.01490263,
          0.02404705,  0.        ]],

       [[ 0.        ,  0.18035364,  0.22642327, ...,  0.91956177,
          0.94538102,  0.96073032],
        [-0.18035364,  0.        ,  0.04704067, ...,  0.97535179,
          0.98866791,  0.99502131],
        [-0.22642327, -0.04704067,  0.        , ...,  0.98465183,
          0.99463513,  0.99860798],
        ...,
        [-0.91956177, -0.97535179, -0.98465183, ...,  0.        ,
         -0.07173608, -0.12235116],
        [-0.94538102, -0.98866791, -0.99463513, ...,  0.07173608,
          0.        , -0.05083882],
        [-0.96073032, -0.99502131, -0.99860798, ...,  0.12235116,
          0.05083882,  0.        ]]]), 'num': array([ 8.86116987e-01,  4.35546690e-01,  7.96060596e-06,  6.11357256e-04,
        6.22158621e-04,  6.09196983e-04,  1.58406445e-01, -1.62020474e-05,
        6.26047112e-04,  6.40196900e-04,  6.39386798e-04,  3.99650503e-07,
        6.66892665e-04,  6.13501135e-04])}
{'img': array([[[ 0.        ,  0.11853608,  0.08087336, ...,  0.57375796,
          0.61712989,  0.22275873],
        [-0.11853608,  0.        , -0.03784462, ...,  0.47262882,
          0.51950752,  0.10563053],
        [-0.08087336,  0.03784462,  0.        , ...,  0.50564125,
          0.55147229,  0.14318775],
        ...,
        [-0.57375796, -0.47262882, -0.50564125, ...,  0.        ,
          0.05397682, -0.37689655],
        [-0.61712989, -0.51950752, -0.55147229, ..., -0.05397682,
          0.        , -0.42634342],
        [-0.22275873, -0.10563053, -0.14318775, ...,  0.37689655,
          0.42634342,  0.        ]],

       [[ 0.        , -0.99886403, -0.95586196, ..., -0.14068689,
         -0.86920913, -0.9999245 ],
        [ 0.99886403,  0.        ,  0.24793416, ..., -0.99563339,
         -0.53530201, -0.03537382],
        [ 0.95586196, -0.24793416,  0.        , ..., -0.98769117,
         -0.72800846, -0.28204832],
        ...,
        [ 0.14068689,  0.99563339,  0.98769117, ...,  0.        ,
          0.79100222,  0.99170815],
        [ 0.86920913,  0.53530201,  0.72800846, ..., -0.79100222,
          0.        ,  0.50508812],
        [ 0.9999245 ,  0.03537382,  0.28204832, ..., -0.99170815,
         -0.50508812,  0.        ]],

       [[ 0.        ,  0.54850911,  0.74892869, ...,  0.99846304,
          0.99950924,  0.99934657],
        [-0.54850911,  0.        ,  0.26274277, ...,  0.86525876,
          0.85291645,  0.81577259],
        [-0.74892869, -0.26274277,  0.        , ...,  0.70313902,
          0.68578582,  0.6351479 ],
        ...,
        [-0.99846304, -0.86525876, -0.70313902, ...,  0.        ,
         -0.02411733, -0.0914745 ],
        [-0.99950924, -0.85291645, -0.68578582, ...,  0.02411733,
          0.        , -0.06743167],
        [-0.99934657, -0.81577259, -0.6351479 , ...,  0.0914745 ,
          0.06743167,  0.        ]],

       ...,

       [[ 0.        ,  0.24756086,  0.17878411, ..., -0.12618983,
         -0.00831505, -0.38233529],
        [-0.24756086,  0.        , -0.07035325, ..., -0.36784372,
         -0.25560852, -0.59918618],
        [-0.17878411,  0.07035325,  0.        , ..., -0.30151163,
         -0.18695902, -0.54137598],
        ...,
        [ 0.12618983,  0.36784372,  0.30151163, ...,  0.        ,
          0.11793688, -0.26267656],
        [ 0.00831505,  0.25560852,  0.18695902, ..., -0.11793688,
          0.        , -0.37463877],
        [ 0.38233529,  0.59918618,  0.54137598, ...,  0.26267656,
          0.37463877,  0.        ]],

       [[ 0.        , -0.05450889, -0.12142631, ...,  0.95688571,
          0.94962419,  0.91728272],
        [ 0.05450889,  0.        , -0.06714023, ...,  0.97129601,
          0.96529496,  0.93762642],
        [ 0.12142631,  0.06714023,  0.        , ...,  0.98507524,
          0.98065131,  0.95885164],
        ...,
        [-0.95688571, -0.97129601, -0.98507524, ...,  0.        ,
         -0.02404705, -0.1146287 ],
        [-0.94962419, -0.96529496, -0.98065131, ...,  0.02404705,
          0.        , -0.09070702],
        [-0.91728272, -0.93762642, -0.95885164, ...,  0.1146287 ,
          0.09070702,  0.        ]],

       [[ 0.        ,  0.13860292,  0.20408523, ...,  0.94728396,
          0.96243538,  0.98105819],
        [-0.13860292,  0.        ,  0.06642965, ...,  0.98254852,
          0.99077818,  0.99843827],
        [-0.20408523, -0.06642965,  0.        , ...,  0.99273452,
          0.99759048,  0.999944  ],
        ...,
        [-0.94728396, -0.98254852, -0.99273452, ...,  0.        ,
         -0.05116184, -0.1308249 ],
        [-0.96243538, -0.99077818, -0.99759048, ...,  0.05116184,
          0.        , -0.07993144],
        [-0.98105819, -0.99843827, -0.999944  , ...,  0.1308249 ,
          0.07993144,  0.        ]]]), 'num': array([ 8.55326200e-01,  5.04252609e-01,  6.34852787e-06,  5.82211594e-04,
        5.91687009e-04,  5.82211594e-04,  1.18926299e-01, -1.36867102e-05,
        6.02215247e-04,  6.20165894e-04,  6.23096254e-04,  2.60599965e-07,
        6.47028174e-04,  5.93303614e-04])}
{'img': array([[[ 0.        , -0.03784462, -0.43627276, ...,  0.51950752,
          0.10563053, -0.51993596],
        [ 0.03784462,  0.        , -0.40190709, ...,  0.55147229,
          0.14318775, -0.48723643],
        [ 0.43627276,  0.40190709,  0.        , ...,  0.84024057,
          0.52887988, -0.09517943],
        ...,
        [-0.51950752, -0.55147229, -0.84024057, ...,  0.        ,
         -0.42634342, -0.88803358],
        [-0.10563053, -0.14318775, -0.52887988, ...,  0.42634342,
          0.        , -0.6072573 ],
        [ 0.51993596,  0.48723643,  0.09517943, ...,  0.88803358,
          0.6072573 ,  0.        ]],

       [[ 0.        ,  0.26222649,  0.9254965 , ..., -0.55378549,
         -0.03711699, -0.47458586],
        [-0.26222649,  0.        ,  0.7937901 , ..., -0.75275186,
         -0.29786393, -0.68879254],
        [-0.9254965 , -0.7937901 ,  0.        , ..., -0.980373  ,
         -0.93891705, -0.99438287],
        ...,
        [ 0.55378549,  0.75275186,  0.980373  , ...,  0.        ,
          0.52249808,  0.09227873],
        [ 0.03711699,  0.29786393,  0.93891705, ..., -0.52249808,
          0.        , -0.44158812],
        [ 0.47458586,  0.68879254,  0.99438287, ..., -0.09227873,
          0.44158812,  0.        ]],

       [[ 0.        ,  0.58501341,  0.72353403, ...,  0.99847984,
          0.99169539,  0.94464856],
        [-0.58501341,  0.        ,  0.18297504, ...,  0.7775459 ,
          0.72905044,  0.57419876],
        [-0.72353403, -0.18297504,  0.        , ...,  0.64935954,
          0.5915032 ,  0.41470031],
        ...,
        [-0.99847984, -0.7775459 , -0.64935954, ...,  0.        ,
         -0.07375304, -0.27551801],
        [-0.99169539, -0.72905044, -0.5915032 , ...,  0.07375304,
          0.        , -0.20386915],
        [-0.94464856, -0.57419876, -0.41470031, ...,  0.27551801,
          0.20386915,  0.        ]],

       ...,

       [[ 0.        , -0.06726068, -0.27770145, ..., -0.24343344,
         -0.56616912, -0.99861548],
        [ 0.06726068,  0.        , -0.21245744, ..., -0.17764485,
         -0.50944475, -0.9998922 ],
        [ 0.27770145,  0.21245744,  0.        , ...,  0.03548895,
         -0.31499395, -0.97394543],
        ...,
        [ 0.24343344,  0.17764485, -0.03548895, ...,  0.        ,
         -0.34847786, -0.98138019],
        [ 0.56616912,  0.50944475,  0.31499395, ...,  0.34847786,
          0.        , -0.85293035],
        [ 0.99861548,  0.9998922 ,  0.97394543, ...,  0.98138019,
          0.85293035,  0.        ]],

       [[ 0.        , -0.06714023, -0.09382977, ...,  0.96529496,
          0.93762642,  0.90208597],
        [ 0.06714023,  0.        , -0.02677402, ...,  0.98065131,
          0.95885164,  0.92902526],
        [ 0.09382977,  0.02677402,  0.        , ...,  0.98554111,
          0.96610925,  0.93859904],
        ...,
        [-0.96529496, -0.98065131, -0.98554111, ...,  0.        ,
         -0.09070702, -0.18098854],
        [-0.93762642, -0.95885164, -0.96610925, ...,  0.09070702,
          0.        , -0.09103342],
        [-0.90208597, -0.92902526, -0.93859904, ...,  0.18098854,
          0.09103342,  0.        ]],

       [[ 0.        ,  0.15089478,  0.12989129, ...,  0.963425  ,
          0.98182214,  0.99771521],
        [-0.15089478,  0.        , -0.02121242, ...,  0.99283012,
          0.99922043,  0.99648566],
        [-0.12989129,  0.02121242,  0.        , ...,  0.99007112,
          0.99815817,  0.99803827],
        ...,
        [-0.963425  , -0.99283012, -0.99007112, ...,  0.        ,
         -0.08024564, -0.20227676],
        [-0.98182214, -0.99922043, -0.99815817, ...,  0.08024564,
          0.        , -0.12303761],
        [-0.99771521, -0.99648566, -0.99803827, ...,  0.20227676,
          0.12303761,  0.        ]]]), 'num': array([7.71924447e-01, 6.28530603e-01, 2.58367287e-06, 5.27183251e-04,
       5.32882530e-04, 5.24333612e-04, 9.52866914e-02, 1.89975946e-06,
       5.38391832e-04, 5.57199451e-04, 5.62043838e-04, 2.72837795e-07,
       5.84302834e-04, 5.30096068e-04])}
{'img': array([[[ 0.        , -0.40190709, -0.17069204, ...,  0.14318775,
         -0.48723643, -0.33344866],
        [ 0.40190709,  0.        ,  0.23970951, ...,  0.52887988,
         -0.09517943,  0.07357283],
        [ 0.17069204, -0.23970951,  0.        , ...,  0.31001953,
         -0.3310257 , -0.16763208],
        ...,
        [-0.14318775, -0.52887988, -0.31001953, ...,  0.        ,
         -0.6072573 , -0.46500552],
        [ 0.48723643,  0.09517943,  0.3310257 , ...,  0.6072573 ,
          0.        ,  0.16816029],
        [ 0.33344866, -0.07357283,  0.16763208, ...,  0.46500552,
         -0.16816029,  0.        ]],

       [[ 0.        ,  0.7937901 ,  0.22563373, ..., -0.29786393,
         -0.68879254, -0.8137216 ],
