state_0,state_1,state_2,state_3,state_4,state_5,state_6,state_7,state_8,state_9,state_10,state_11,state_12,state_13,state_14,state_15,state_16,state_17,state_18,state_19,state_20,state_21,state_22,state_23,state_24,state_25,state_26,state_27,state_28,state_29,state_30,state_31,state_32,state_33,state_34,state_35,state_36,state_37,state_38,state_39,state_40,state_41,state_42,state_43,state_44,state_45,state_46,state_47,state_48,state_49,state_50,state_51,state_52,state_53,state_54,state_55,state_56,state_57,state_58,state_59,state_60,state_61,state_62,state_63,state_64,state_65,state_66,state_67,state_68,state_69,state_70,state_71,state_72,state_73,state_74,state_75,state_76,state_77,state_78,state_79,state_80,state_81,state_82,state_83,state_84,state_85,state_86,state_87,state_88,state_89,state_90,state_91,state_92,state_93,state_94,state_95,state_96,state_97,state_98,state_99,state_100,state_101,state_102,state_103,state_104,state_105,state_106,state_107,state_108,state_109,state_110,state_111,state_112,state_113,state_114,state_115,state_116,state_117,state_118,state_119,state_120,state_121,state_122,state_123,state_124,state_125,state_126,state_127,state_128,state_129,state_130,state_131,state_132,state_133,state_134,state_135,state_136,state_137,state_138,state_139,state_140,state_141,state_142,state_143,state_144,state_145,state_146,state_147,state_148,state_149,state_150,state_151,state_152,state_153,state_154,state_155,state_156,state_157,state_158,state_159,state_160,state_161,state_162,state_163,state_164,state_165,state_166,state_167,state_168,state_169,state_170,state_171,state_172,state_173,state_174,state_175,state_176,state_177,state_178,state_179,state_180,state_181,state_182,state_183,state_184,state_185,state_186,state_187,state_188,state_189,state_190,state_191,state_192,state_193,state_194,state_195,state_196,state_197,state_198,state_199,state_200,state_201,state_202,state_203,state_204,state_205,state_206,state_207,state_208,state_209,state_210,state_211,state_212,state_213,state_214,state_215,state_216,state_217,state_218,state_219,state_220,state_221,state_222,state_223,state_224,state_225,state_226,state_227,state_228,state_229,state_230,state_231,state_232,state_233,state_234,state_235,state_236,state_237,state_238,state_239,state_240,state_241,state_242,state_243,state_244,state_245,state_246,state_247,state_248,state_249,state_250,state_251,state_252,state_253,state_254,state_255,state_256,state_257,state_258,state_259,state_260,state_261,state_262,state_263,state_264,state_265,state_266,state_267,state_268,state_269,state_270,state_271,state_272,state_273,state_274,state_275,state_276,state_277,state_278,state_279,state_280,state_281,state_282,state_283,state_284,state_285,state_286,state_287
{'img': array([[[ 0.        , -0.14778371,  0.01057253, ...,  0.99856411,
          0.99780871,  0.98382266],
        [ 0.14778371,  0.        ,  0.15823189, ...,  0.97968284,
          0.97707441,  0.99949473],
        [-0.01057253, -0.15823189,  0.        , ...,  0.99907467,
          0.99845247,  0.98187366],
        ...,
        [-0.99856411, -0.97968284, -0.99907467, ...,  0.        ,
          0.01261733, -0.23159101],
        [-0.99780871, -0.97707441, -0.99845247, ..., -0.01261733,
          0.        , -0.24384688],
        [-0.98382266, -0.99949473, -0.98187366, ...,  0.23159101,
          0.24384688,  0.        ]],

       [[ 0.        , -0.16158479, -0.23832788, ...,  0.16267493,
          0.1645102 ,  0.2162842 ],
        [ 0.16158479,  0.        , -0.07826729, ...,  0.31996963,
          0.32173161,  0.37120213],
        [ 0.23832788,  0.07826729,  0.        , ...,  0.3931407 ,
          0.39485056,  0.44273869],
        ...,
        [-0.16267493, -0.31996963, -0.3931407 , ...,  0.        ,
          0.00186034,  0.05457875],
        [-0.1645102 , -0.32173161, -0.39485056, ..., -0.00186034,
          0.        ,  0.05272109],
        [-0.2162842 , -0.37120213, -0.44273869, ..., -0.05457875,
         -0.05272109,  0.        ]],

       [[ 0.        , -0.09882488, -0.15869117, ...,  0.97145099,
          0.99533832,  0.99920903],
        [ 0.09882488,  0.        , -0.06034175, ...,  0.94325034,
          0.98093483,  0.99824759],
        [ 0.15869117,  0.06034175,  0.        , ...,  0.92149309,
          0.96742071,  0.9928578 ],
        ...,
        [-0.97145099, -0.94325034, -0.92149309, ...,  0.        ,
         -0.14244288, -0.27568316],
        [-0.99533832, -0.98093483, -0.96742071, ...,  0.14244288,
          0.        , -0.13594901],
        [-0.99920903, -0.99824759, -0.9928578 , ...,  0.27568316,
          0.13594901,  0.        ]],

       ...,

       [[ 0.        , -0.69614044, -0.13980775, ...,  0.73985022,
          0.65715771,  0.55743191],
        [ 0.69614044,  0.        ,  0.58893464, ...,  0.99948617,
          0.99649524,  0.97813507],
        [ 0.13980775, -0.58893464,  0.        , ...,  0.82664259,
          0.75608407,  0.66802875],
        ...,
        [-0.73985022, -0.99948617, -0.82664259, ...,  0.        ,
         -0.11554734, -0.23921604],
        [-0.65715771, -0.99649524, -0.75608407, ...,  0.11554734,
          0.        , -0.12542118],
        [-0.55743191, -0.97813507, -0.66802875, ...,  0.23921604,
          0.12542118,  0.        ]],

       [[ 0.        ,  0.04728546,  0.06570993, ...,  0.88884631,
          0.91381477,  0.967845  ],
        [-0.04728546,  0.        ,  0.01845317, ...,  0.90951852,
          0.93199669,  0.97865692],
        [-0.06570993, -0.01845317,  0.        , ...,  0.91703396,
          0.93852666,  0.98228242],
        ...,
        [-0.88884631, -0.90951852, -0.91703396, ...,  0.        ,
         -0.05772668, -0.21988496],
        [-0.91381477, -0.93199669, -0.93852666, ...,  0.05772668,
          0.        , -0.16320442],
        [-0.967845  , -0.97865692, -0.98228242, ...,  0.21988496,
          0.16320442,  0.        ]],

       [[ 0.        , -0.08295286, -0.12998039, ...,  0.9754868 ,
          0.99536773,  0.97278179],
        [ 0.08295286,  0.        , -0.04728327, ...,  0.9903792 ,
          0.99991233,  0.95020697],
        [ 0.12998039,  0.04728327,  0.        , ...,  0.99581454,
          0.99942003,  0.9344098 ],
        ...,
        [-0.9754868 , -0.9903792 , -0.99581454, ...,  0.        ,
          0.12525431,  0.44011118],
        [-0.99536773, -0.99991233, -0.99942003, ..., -0.12525431,
          0.        ,  0.32417389],
        [-0.97278179, -0.95020697, -0.9344098 , ..., -0.44011118,
         -0.32417389,  0.        ]]]), 'num': array([ 9.99040960e-01,  3.40193076e-03,  1.34910438e-05,  2.24243025e-03,
        2.31839333e-03,  2.20596797e-03,  4.31792402e-02, -1.82311402e-05,
        2.32750890e-03,  2.36488274e-03,  1.88340339e-03,  1.28155407e-06,
        2.61715046e-03,  2.11261502e-03])}
{'img': array([[[ 0.        ,  0.15823189,  0.21485782, ...,  0.97707441,
          0.99949473,  0.99800821],
        [-0.15823189,  0.        ,  0.05761459, ...,  0.99845247,
          0.98187366,  0.97545336],
        [-0.21485782, -0.05761459,  0.        , ...,  0.99999799,
          0.96932259,  0.96114594],
        ...,
        [-0.97707441, -0.99845247, -0.99999799, ...,  0.        ,
         -0.24384688, -0.27411195],
        [-0.99949473, -0.98187366, -0.96932259, ...,  0.24384688,
          0.        , -0.03133052],
        [-0.99800821, -0.97545336, -0.96114594, ...,  0.27411195,
          0.03133052,  0.        ]],

       [[ 0.        , -0.07826729, -0.26256224, ...,  0.32173161,
          0.37120213,  0.22356777],
        [ 0.07826729,  0.        , -0.18623552, ...,  0.39485056,
          0.44273869,  0.29916818],
        [ 0.26256224,  0.18623552,  0.        , ...,  0.55904572,
          0.60198124,  0.47164028],
        ...,
        [-0.32173161, -0.39485056, -0.55904572, ...,  0.        ,
          0.05272109, -0.10190719],
        [-0.37120213, -0.44273869, -0.60198124, ..., -0.05272109,
          0.        , -0.15421208],
        [-0.22356777, -0.29916818, -0.47164028, ...,  0.10190719,
          0.15421208,  0.        ]],

       [[ 0.        , -0.06034175, -0.11293948, ...,  0.98093483,
          0.99824759,  0.99848701],
        [ 0.06034175,  0.        , -0.052778  , ...,  0.96742071,
          0.9928578 ,  0.99998562],
        [ 0.11293948,  0.052778  ,  0.        , ...,  0.95271036,
          0.98517741,  0.99830889],
        ...,
        [-0.98093483, -0.96742071, -0.95271036, ...,  0.        ,
         -0.13594901, -0.24798267],
        [-0.99824759, -0.9928578 , -0.98517741, ...,  0.13594901,
          0.        , -0.11397779],
        [-0.99848701, -0.99998562, -0.99830889, ...,  0.24798267,
          0.11397779,  0.        ]],

       ...,

       [[ 0.        ,  0.58893464,  0.58239277, ...,  0.99649524,
          0.97813507,  0.90729648],
        [-0.58893464,  0.        , -0.00807083, ...,  0.75608407,
          0.66802875,  0.48561747],
        [-0.58239277,  0.00807083,  0.        , ...,  0.7613416 ,
          0.67401278,  0.49265694],
        ...,
        [-0.99649524, -0.75608407, -0.7613416 , ...,  0.        ,
         -0.12542118, -0.34312284],
        [-0.97813507, -0.66802875, -0.67401278, ...,  0.12542118,
          0.        , -0.22260647],
        [-0.90729648, -0.48561747, -0.49265694, ...,  0.34312284,
          0.22260647,  0.        ]],

       [[ 0.        ,  0.01845317,  0.02571156, ...,  0.93199669,
          0.97865692,  0.98610488],
        [-0.01845317,  0.        ,  0.00726012, ...,  0.93852666,
          0.98228242,  0.98900249],
        [-0.02571156, -0.00726012,  0.        , ...,  0.94100817,
          0.98361713,  0.99005019],
        ...,
        [-0.93199669, -0.93852666, -0.94100817, ...,  0.        ,
         -0.16320442, -0.20260331],
        [-0.97865692, -0.98228242, -0.98361713, ...,  0.16320442,
          0.        , -0.04006715],
        [-0.98610488, -0.98900249, -0.99005019, ...,  0.20260331,
          0.04006715,  0.        ]],

       [[ 0.        , -0.04686477, -0.08768124, ...,  0.99758025,
          0.99422723,  0.94749715],
        [ 0.04686477,  0.        , -0.04090062, ...,  0.9997424 ,
          0.98810646,  0.9314704 ],
        [ 0.08768124,  0.04090062,  0.        , ...,  0.99983414,
          0.98099029,  0.91581062],
        ...,
        [-0.99758025, -0.9997424 , -0.99983414, ...,  0.        ,
          0.17615843,  0.38486468],
        [-0.99422723, -0.98810646, -0.98099029, ..., -0.17615843,
          0.        ,  0.21625662],
        [-0.94749715, -0.9314704 , -0.91581062, ..., -0.38486468,
         -0.21625662,  0.        ]]]), 'num': array([7.47134033e-01, 6.64519436e-01, 1.10743428e-06, 9.38802239e-04,
       9.53903615e-04, 9.24959310e-04, 1.40557698e-02, 1.00675843e-05,
       9.56420511e-04, 9.81967006e-04, 7.86267849e-04, 5.20737120e-07,
       1.07977069e-03, 8.84163326e-04])}
{'img': array([[[ 0.        ,  0.05761459,  0.15422975, ...,  0.98187366,
          0.97545336,  0.98382208],
        [-0.05761459,  0.        ,  0.09704832, ...,  0.96932259,
          0.96114594,  0.97186629],
        [-0.15422975, -0.09704832,  0.        , ...,  0.94089337,
          0.92981973,  0.94442066],
        ...,
        [-0.98187366, -0.96932259, -0.94089337, ...,  0.        ,
         -0.03133052,  0.01056927],
        [-0.97545336, -0.96114594, -0.92981973, ...,  0.03133052,
          0.        ,  0.04189285],
        [-0.98382208, -0.97186629, -0.94442066, ..., -0.01056927,
         -0.04189285,  0.        ]],

       [[ 0.        , -0.18623552, -0.1382753 , ...,  0.44273869,
          0.29916818,  0.20430239],
        [ 0.18623552,  0.        ,  0.04859032, ...,  0.60198124,
          0.47164028,  0.38303556],
        [ 0.1382753 , -0.04859032,  0.        , ...,  0.56247031,
          0.42823667,  0.33769861],
        ...,
        [-0.44273869, -0.60198124, -0.56247031, ...,  0.        ,
         -0.15421208, -0.25021249],
        [-0.29916818, -0.47164028, -0.42823667, ...,  0.15421208,
          0.        , -0.09791264],
        [-0.20430239, -0.38303556, -0.33769861, ...,  0.25021249,
          0.09791264,  0.        ]],

       [[ 0.        , -0.052778  , -0.09006319, ...,  0.9928578 ,
          0.99998562,  0.99937616],
        [ 0.052778  ,  0.        , -0.03737415, ...,  0.98517741,
          0.99830889,  0.99984726],
        [ 0.09006319,  0.03737415,  0.        , ...,  0.978078  ,
          0.99543876,  0.9984955 ],
        ...,
        [-0.9928578 , -0.98517741, -0.978078  , ...,  0.        ,
         -0.11397779, -0.15429399],
        [-0.99998562, -0.99830889, -0.99543876, ...,  0.11397779,
          0.        , -0.0406756 ],
        [-0.99937616, -0.99984726, -0.9984955 , ...,  0.15429399,
          0.0406756 ,  0.        ]],

       ...,

       [[ 0.        , -0.01290236,  0.24119033, ...,  0.77029593,
          0.59147705,  0.57000195],
        [ 0.01290236,  0.        ,  0.25369171, ...,  0.77845948,
          0.60183127,  0.58055564],
        [-0.24119033, -0.25369171,  0.        , ...,  0.59375129,
          0.37953833,  0.35500183],
        ...,
        [-0.77029593, -0.77845948, -0.59375129, ...,  0.        ,
         -0.24392945, -0.26942593],
        [-0.59147705, -0.60183127, -0.37953833, ...,  0.24392945,
          0.        , -0.02637816],
        [-0.57000195, -0.58055564, -0.35500183, ...,  0.26942593,
          0.02637816,  0.        ]],

       [[ 0.        ,  0.00726012,  0.00852428, ...,  0.98228242,
          0.98900249,  0.99636409],
        [-0.00726012,  0.        ,  0.00126421, ...,  0.98361713,
          0.99005019,  0.99695637],
        [-0.00852428, -0.00126421,  0.        , ...,  0.98384424,
          0.99022729,  0.99705413],
        ...,
        [-0.98228242, -0.98361713, -0.98384424, ...,  0.        ,
         -0.04006715, -0.10303727],
        [-0.98900249, -0.99005019, -0.99022729, ...,  0.04006715,
          0.        , -0.06310064],
        [-0.99636409, -0.99695637, -0.99705413, ...,  0.10303727,
          0.06310064,  0.        ]],

       [[ 0.        , -0.04029659, -0.05981214, ...,  0.99965259,
          0.9950758 ,  0.92627967],
        [ 0.04029659,  0.        , -0.01953912, ...,  0.99777853,
          0.99027349,  0.91034207],
        [ 0.05981214,  0.01953912,  0.        , ...,  0.99628639,
          0.98736587,  0.90208189],
        ...,
        [-0.99965259, -0.99777853, -0.99628639, ...,  0.        ,
          0.07285511,  0.3522918 ],
        [-0.9950758 , -0.99027349, -0.98736587, ..., -0.07285511,
          0.        ,  0.28317122],
        [-0.92627967, -0.91034207, -0.90208189, ..., -0.3522918 ,
         -0.28317122,  0.        ]]]), 'num': array([ 8.48132846e-01,  5.29489289e-01,  4.31766337e-06,  1.05861647e-03,
        1.07152643e-03,  1.02849324e-03,  1.73974149e-02, -1.14755173e-05,
        1.07669041e-03,  1.12180354e-03,  9.02645063e-04,  6.35176233e-07,
        1.22514882e-03,  1.01845826e-03])}
{'img': array([[[ 0.        ,  0.09704832,  0.10597099, ...,  0.96114594,
          0.97186629,  0.96114594],
        [-0.09704832,  0.        ,  0.0089689 , ...,  0.92981973,
          0.94442066,  0.92981973],
        [-0.10597099, -0.0089689 ,  0.        , ...,  0.92648164,
          0.94143424,  0.92648164],
        ...,
        [-0.96114594, -0.92981973, -0.92648164, ...,  0.        ,
          0.04189285,  0.        ],
        [-0.97186629, -0.94442066, -0.94143424, ..., -0.04189285,
          0.        , -0.04189285],
        [-0.96114594, -0.92981973, -0.92648164, ...,  0.        ,
          0.04189285,  0.        ]],

       [[ 0.        ,  0.04859032,  0.08478966, ...,  0.47164028,
          0.38303556,  0.41272471],
        [-0.04859032,  0.        ,  0.03627417, ...,  0.42823667,
          0.33769861,  0.36797842],
        [-0.08478966, -0.03627417,  0.        , ...,  0.39517508,
          0.30333314,  0.33400728],
        ...,
        [-0.47164028, -0.42823667, -0.39517508, ...,  0.        ,
         -0.09791264, -0.06565934],
        [-0.38303556, -0.33769861, -0.30333314, ...,  0.09791264,
          0.        ,  0.03235751],
        [-0.41272471, -0.36797842, -0.33400728, ...,  0.06565934,
         -0.03235751,  0.        ]],

       [[ 0.        , -0.03737415,  0.00542557, ...,  0.99830889,
          0.99984726,  0.9990529 ],
        [ 0.03737415,  0.        ,  0.04279538, ...,  0.99543876,
          0.9984955 ,  0.99998113],
        [-0.00542557, -0.04279538,  0.        , ...,  0.99860959,
          0.99992737,  0.99880212],
        ...,
        [-0.99830889, -0.99543876, -0.99860959, ...,  0.        ,
         -0.0406756 , -0.10151573],
        [-0.99984726, -0.9984955 , -0.99992737, ...,  0.0406756 ,
          0.        , -0.06096625],
        [-0.9990529 , -0.99998113, -0.99880212, ...,  0.10151573,
          0.06096625,  0.        ]],

       ...,

       [[ 0.        ,  0.25369171, -0.16962542, ...,  0.60183127,
          0.58055564,  0.65450364],
        [-0.25369171,  0.        , -0.41409151, ...,  0.37953833,
          0.35500183,  0.44128578],
        [ 0.16962542,  0.41409151,  0.        , ...,  0.7285767 ,
          0.71025509,  0.77326577],
        ...,
        [-0.60183127, -0.37953833, -0.7285767 , ...,  0.        ,
         -0.02637816,  0.06768198],
        [-0.58055564, -0.35500183, -0.71025509, ...,  0.02637816,
          0.        ,  0.0939761 ],
        [-0.65450364, -0.44128578, -0.77326577, ..., -0.06768198,
         -0.0939761 ,  0.        ]],

       [[ 0.        ,  0.00126421, -0.00327579, ...,  0.99005019,
          0.99695637,  0.99987387],
        [-0.00126421,  0.        , -0.00453998, ...,  0.99022729,
          0.99705413,  0.99989314],
        [ 0.00327579,  0.00453998,  0.        , ...,  0.98958392,
          0.99669564,  0.99981647],
        ...,
        [-0.99005019, -0.99022729, -0.98958392, ...,  0.        ,
         -0.06310064, -0.12497249],
        [-0.99695637, -0.99705413, -0.99669564, ...,  0.06310064,
          0.        , -0.0621175 ],
        [-0.99987387, -0.99989314, -0.99981647, ...,  0.12497249,
          0.0621175 ,  0.        ]],

       [[ 0.        , -0.01925971, -0.04106806, ...,  0.99938743,
          0.98825296,  0.90481951],
        [ 0.01925971,  0.        , -0.02181698, ...,  0.99852804,
          0.98512625,  0.89645098],
        [ 0.04106806,  0.02181698,  0.        , ...,  0.99710706,
          0.98114291,  0.88656957],
        ...,
        [-0.99938743, -0.99852804, -0.99710706, ...,  0.        ,
          0.11814789,  0.3938689 ],
        [-0.98825296, -0.98512625, -0.98114291, ..., -0.11814789,
          0.        ,  0.28251265],
        [-0.90481951, -0.89645098, -0.88656957, ..., -0.3938689 ,
         -0.28251265,  0.        ]]]), 'num': array([8.97297864e-01, 4.40410686e-01, 5.98019866e-06, 1.13936952e-03,
       1.15130009e-03, 1.07673402e-03, 2.97478197e-02, 3.87743554e-05,
       1.11252574e-03, 1.16927051e-03, 9.45547454e-04, 5.97712133e-07,
       1.27004004e-03, 1.06850099e-03])}
{'img': array([[[ 0.        ,  0.0089689 , -0.03968372, ...,  0.94442066,
          0.92981973,  0.97215224],
        [-0.0089689 ,  0.        , -0.04864396, ...,  0.94143424,
          0.92648164,  0.97001128],
        [ 0.03968372,  0.04864396,  0.        , ...,  0.95672234,
          0.94369152,  0.98068636],
        ...,
        [-0.94442066, -0.94143424, -0.95672234, ...,  0.        ,
         -0.04189285,  0.09825961],
        [-0.92981973, -0.92648164, -0.94369152, ...,  0.04189285,
          0.        ,  0.13986347],
        [-0.97215224, -0.97001128, -0.98068636, ..., -0.09825961,
         -0.13986347,  0.        ]],

       [[ 0.        ,  0.03627417, -0.11375065, ...,  0.33769861,
          0.36797842,  0.56594765],
        [-0.03627417,  0.        , -0.14971451, ...,  0.30333314,
          0.33400728,  0.53566927],
        [ 0.11375065,  0.14971451,  0.        , ...,  0.442575  ,
          0.47135925,  0.65605499],
        ...,
        [-0.33769861, -0.30333314, -0.442575  , ...,  0.        ,
          0.03235751,  0.25428802],
        [-0.36797842, -0.33400728, -0.47135925, ..., -0.03235751,
          0.        ,  0.22286099],
        [-0.56594765, -0.53566927, -0.65605499, ..., -0.25428802,
         -0.22286099,  0.        ]],

       [[ 0.        ,  0.04279538,  0.09949852, ...,  0.9984955 ,
          0.99998113,  0.99938901],
        [-0.04279538,  0.        ,  0.05682435, ...,  0.99992737,
          0.99880212,  0.99697766],
        [-0.09949852, -0.05682435,  0.        , ...,  0.99899655,
          0.99440773,  0.99095213],
        ...,
        [-0.9984955 , -0.99992737, -0.99899655, ...,  0.        ,
         -0.06096625, -0.08969908],
        [-0.99998113, -0.99880212, -0.99440773, ...,  0.06096625,
          0.        , -0.02881173],
        [-0.99938901, -0.99697766, -0.99095213, ...,  0.08969908,
          0.02881173,  0.        ]],

       ...,

       [[ 0.        , -0.41409151, -0.60465513, ...,  0.35500183,
          0.44128578,  0.31356942],
        [ 0.41409151,  0.        , -0.22055976, ...,  0.71025509,
          0.77326577,  0.67862886],
        [ 0.60465513,  0.22055976,  0.        , ...,  0.84802577,
          0.8940759 ,  0.82391361],
        ...,
        [-0.35500183, -0.71025509, -0.84802577, ...,  0.        ,
          0.0939761 , -0.04395214],
        [-0.44128578, -0.77326577, -0.8940759 , ..., -0.0939761 ,
          0.        , -0.13764291],
        [-0.31356942, -0.67862886, -0.82391361, ...,  0.04395214,
          0.13764291,  0.        ]],

       [[ 0.        , -0.00453998, -0.00941442, ...,  0.99705413,
          0.99989314,  0.9997976 ],
        [ 0.00453998,  0.        , -0.00487454, ...,  0.99669564,
          0.99981647,  0.99987863],
        [ 0.00941442,  0.00487454,  0.        , ...,  0.99628785,
          0.99971121,  0.9999427 ],
        ...,
        [-0.99705413, -0.99669564, -0.99628785, ...,  0.        ,
         -0.0621175 , -0.09674513],
        [-0.99989314, -0.99981647, -0.99971121, ...,  0.0621175 ,
          0.        , -0.03473219],
        [-0.9997976 , -0.99987863, -0.9999427 , ...,  0.09674513,
          0.03473219,  0.        ]],

       [[ 0.        , -0.02155498, -0.04859068, ...,  0.99677268,
          0.97907479,  0.8915789 ],
        [ 0.02155498,  0.        , -0.02704988, ...,  0.99481075,
          0.97446087,  0.88161025],
        [ 0.04859068,  0.02704988,  0.        , ...,  0.9916946 ,
          0.96803005,  0.86852071],
        ...,
        [-0.99677268, -0.99481075, -0.9916946 , ...,  0.        ,
          0.12424783,  0.37983152],
        [-0.97907479, -0.97446087, -0.96803005, ..., -0.12424783,
          0.        ,  0.26195213],
        [-0.8915789 , -0.88161025, -0.86852071, ..., -0.37983152,
         -0.26195213,  0.        ]]]), 'num': array([ 9.55167432e-01,  2.95495959e-01,  8.90244904e-06,  1.20158738e-03,
        1.25834252e-03,  1.19347951e-03,  1.80406751e-02, -3.72962346e-05,
        1.20872232e-03,  1.27001787e-03,  1.03482187e-03,  6.32351803e-07,
        1.38233863e-03,  1.15769711e-03])}
