state_0,state_1,state_2,state_3,state_4,state_5,state_6,state_7,state_8,state_9,state_10,state_11,state_12,state_13,state_14,state_15,state_16,state_17,state_18,state_19,state_20,state_21,state_22,state_23,state_24,state_25,state_26,state_27,state_28,state_29,state_30,state_31,state_32,state_33,state_34,state_35,state_36,state_37,state_38,state_39,state_40,state_41,state_42,state_43,state_44,state_45,state_46,state_47,state_48,state_49,state_50,state_51,state_52,state_53,state_54,state_55,state_56,state_57,state_58,state_59,state_60,state_61,state_62,state_63,state_64,state_65,state_66,state_67,state_68,state_69,state_70,state_71,state_72,state_73,state_74,state_75,state_76,state_77,state_78,state_79,state_80,state_81,state_82,state_83,state_84,state_85,state_86,state_87,state_88,state_89,state_90,state_91,state_92,state_93,state_94,state_95,state_96,state_97,state_98,state_99,state_100,state_101,state_102,state_103,state_104,state_105,state_106,state_107,state_108,state_109,state_110,state_111,state_112,state_113,state_114,state_115,state_116,state_117,state_118,state_119,state_120,state_121,state_122,state_123,state_124,state_125,state_126,state_127,state_128,state_129,state_130,state_131,state_132,state_133,state_134,state_135,state_136,state_137,state_138,state_139,state_140,state_141,state_142,state_143,state_144,state_145,state_146,state_147,state_148,state_149,state_150,state_151,state_152,state_153,state_154,state_155,state_156,state_157,state_158,state_159,state_160,state_161,state_162,state_163,state_164,state_165,state_166,state_167,state_168,state_169,state_170,state_171,state_172,state_173,state_174,state_175,state_176,state_177,state_178,state_179,state_180,state_181,state_182,state_183,state_184,state_185,state_186,state_187,state_188,state_189,state_190,state_191,state_192,state_193,state_194,state_195,state_196,state_197,state_198,state_199,state_200,state_201,state_202,state_203,state_204,state_205,state_206,state_207,state_208,state_209,state_210,state_211,state_212,state_213,state_214,state_215,state_216,state_217,state_218,state_219,state_220,state_221,state_222,state_223,state_224,state_225,state_226,state_227,state_228,state_229,state_230,state_231,state_232,state_233,state_234,state_235,state_236,state_237,state_238,state_239,state_240,state_241,state_242,state_243,state_244,state_245,state_246,state_247,state_248,state_249,state_250,state_251,state_252,state_253,state_254,state_255,state_256,state_257,state_258,state_259,state_260,state_261,state_262,state_263,state_264,state_265,state_266,state_267,state_268,state_269,state_270,state_271,state_272,state_273,state_274,state_275,state_276,state_277,state_278,state_279,state_280,state_281,state_282,state_283,state_284,state_285,state_286,state_287
{'img': array([[[ 0.        ,  0.22609235,  0.41282473, ..., -0.2760159 ,
         -0.2760159 , -0.35275024],
        [-0.22609235,  0.        ,  0.1962077 , ..., -0.48617807,
         -0.48617807, -0.55517466],
        [-0.41282473, -0.1962077 ,  0.        , ..., -0.64818593,
         -0.64818593, -0.70757595],
        ...,
        [ 0.2760159 ,  0.48617807,  0.64818593, ...,  0.        ,
          0.        , -0.08077407],
        [ 0.2760159 ,  0.48617807,  0.64818593, ...,  0.        ,
          0.        , -0.08077407],
        [ 0.35275024,  0.55517466,  0.70757595, ...,  0.08077407,
          0.08077407,  0.        ]],

       [[ 0.        , -0.06401084,  0.02594137, ..., -0.10347636,
          0.00501696, -0.02802496],
        [ 0.06401084,  0.        ,  0.08987747, ..., -0.03959692,
          0.06901671,  0.03601821],
        [-0.02594137, -0.08987747,  0.        , ..., -0.12924365,
         -0.02092577, -0.05394671],
        ...,
        [ 0.10347636,  0.03959692,  0.12924365, ...,  0.        ,
          0.10846509,  0.07556119],
        [-0.00501696, -0.06901671,  0.02092577, ..., -0.10846509,
          0.        , -0.0330396 ],
        [ 0.02802496, -0.03601821,  0.05394671, ..., -0.07556119,
          0.0330396 ,  0.        ]],

       [[ 0.        , -0.01492538,  0.02563848, ..., -0.40943213,
         -0.40534729, -0.45016297],
        [ 0.01492538,  0.        ,  0.04055609, ..., -0.39576949,
         -0.39165791, -0.43678527],
        [-0.02563848, -0.04055609,  0.        , ..., -0.43268856,
         -0.42865178, -0.47290878],
        ...,
        [ 0.40943213,  0.39576949,  0.43268856, ...,  0.        ,
          0.00447283, -0.045101  ],
        [ 0.40534729,  0.39165791,  0.42865178, ..., -0.00447283,
          0.        , -0.04956882],
        [ 0.45016297,  0.43678527,  0.47290878, ...,  0.045101  ,
          0.04956882,  0.        ]],

       ...,

       [[ 0.        ,  0.24227649,  0.50091685, ...,  0.74781387,
          0.86741248,  0.75754427],
        [-0.24227649,  0.        ,  0.27630397, ...,  0.56468503,
          0.72101557,  0.57682078],
        [-0.50091685, -0.27630397,  0.        , ...,  0.31466655,
          0.50149042,  0.32866069],
        ...,
        [-0.74781387, -0.56468503, -0.31466655, ...,  0.        ,
          0.20377793,  0.01477926],
        [-0.86741248, -0.72101557, -0.50149042, ..., -0.20377793,
          0.        , -0.18928653],
        [-0.75754427, -0.57682078, -0.32866069, ..., -0.01477926,
          0.18928653,  0.        ]],

       [[ 0.        , -0.43009843, -0.26156318, ...,  0.69652297,
          0.50945964,  0.17044428],
        [ 0.43009843,  0.        ,  0.17899061, ...,  0.93741886,
          0.83002835,  0.57767896],
        [ 0.26156318, -0.17899061,  0.        , ...,  0.85995507,
          0.71679718,  0.4222463 ],
        ...,
        [-0.69652297, -0.93741886, -0.85995507, ...,  0.        ,
         -0.23379935, -0.56403132],
        [-0.50945964, -0.83002835, -0.71679718, ...,  0.23379935,
          0.        , -0.35533851],
        [-0.17044428, -0.57767896, -0.4222463 , ...,  0.56403132,
          0.35533851,  0.        ]],

       [[ 0.        ,  0.11471881,  0.13488092, ..., -0.99367116,
         -0.98353099, -0.96152691],
        [-0.11471881,  0.        ,  0.02031995, ..., -0.99999711,
         -0.99777195, -0.9866934 ],
        [-0.13488092, -0.02031995,  0.        , ..., -0.99974174,
         -0.99892162, -0.98979354],
        ...,
        [ 0.99367116,  0.99999711,  0.99974174, ...,  0.        ,
          0.0691174 ,  0.16496556],
        [ 0.98353099,  0.99777195,  0.99892162, ..., -0.0691174 ,
          0.        ,  0.09640061],
        [ 0.96152691,  0.9866934 ,  0.98979354, ..., -0.16496556,
         -0.09640061,  0.        ]]]), 'num': array([ 9.09046210e-01,  4.16489092e-01,  9.75360628e-06,  6.81268488e-04,
        7.14994651e-04,  6.67778023e-04,  1.29491872e-02, -3.37261628e-05,
        7.18771981e-04,  7.11756940e-04,  8.08753384e-04,  7.70288903e-07,
        8.34849284e-04,  5.88664595e-04])}
{'img': array([[[ 0.        ,  0.1962077 ,  0.2465071 , ..., -0.48617807,
         -0.55517466, -0.76102395],
        [-0.1962077 ,  0.        ,  0.05156265, ..., -0.64818593,
         -0.70757595, -0.87351604],
        [-0.2465071 , -0.05156265,  0.        , ..., -0.68658772,
         -0.7430708 , -0.89745452],
        ...,
        [ 0.48617807,  0.64818593,  0.68658772, ...,  0.        ,
         -0.08077407, -0.34963294],
        [ 0.55517466,  0.70757595,  0.7430708 , ...,  0.08077407,
          0.        , -0.27281433],
        [ 0.76102395,  0.87351604,  0.89745452, ...,  0.34963294,
          0.27281433,  0.        ]],

       [[ 0.        ,  0.08987747, -0.07567936, ...,  0.06901671,
          0.03601821,  0.33791311],
        [-0.08987747,  0.        , -0.1649928 , ..., -0.02092577,
         -0.05394671,  0.25195488],
        [ 0.07567936,  0.1649928 ,  0.        , ...,  0.14431769,
          0.11154517,  0.40817174],
        ...,
        [-0.06901671,  0.02092577, -0.14431769, ...,  0.        ,
         -0.0330396 ,  0.27215039],
        [-0.03601821,  0.05394671, -0.11154517, ...,  0.0330396 ,
          0.        ,  0.30379433],
        [-0.33791311, -0.25195488, -0.40817174, ..., -0.27215039,
         -0.30379433,  0.        ]],

       [[ 0.        ,  0.04055609,  0.09843257, ..., -0.39165791,
         -0.43678527, -0.53645435],
        [-0.04055609,  0.        ,  0.05799245, ..., -0.42865178,
         -0.47290878, -0.57023946],
        [-0.09843257, -0.05799245,  0.        , ..., -0.4803248 ,
         -0.52321069, -0.61691931],
        ...,
        [ 0.39165791,  0.42865178,  0.4803248 , ...,  0.        ,
         -0.04956882, -0.16306589],
        [ 0.43678527,  0.47290878,  0.52321069, ...,  0.04956882,
          0.        , -0.11396008],
        [ 0.53645435,  0.57023946,  0.61691931, ...,  0.16306589,
          0.11396008,  0.        ]],

       ...,

       [[ 0.        ,  0.27630397,  0.42937721, ...,  0.72101557,
          0.57682078,  0.49662995],
        [-0.27630397,  0.        ,  0.16312459, ...,  0.50149042,
          0.32866069,  0.23747484],
        [-0.42937721, -0.16312459,  0.        , ...,  0.3536438 ,
          0.17019573,  0.07583578],
        ...,
        [-0.72101557, -0.50149042, -0.3536438 , ...,  0.        ,
         -0.18928653, -0.28169013],
        [-0.57682078, -0.32866069, -0.17019573, ...,  0.18928653,
          0.        , -0.09497626],
        [-0.49662995, -0.23747484, -0.07583578, ...,  0.28169013,
          0.09497626,  0.        ]],

       [[ 0.        ,  0.03848537,  0.08877392, ...,  0.60853657,
          0.32672411, -0.38563061],
        [-0.03848537,  0.        ,  0.05037473, ...,  0.5775466 ,
          0.29010877, -0.42085357],
        [-0.08877392, -0.05037473,  0.        , ...,  0.53568954,
          0.24153215, -0.46601561],
        ...,
        [-0.60853657, -0.5775466 , -0.53568954, ...,  0.        ,
         -0.31587591, -0.86747609],
        [-0.32672411, -0.29010877, -0.24153215, ...,  0.31587591,
          0.        , -0.66592017],
        [ 0.38563061,  0.42085357,  0.46601561, ...,  0.86747609,
          0.66592017,  0.        ]],

       [[ 0.        ,  0.02031995,  0.03996288, ..., -0.99777195,
         -0.9866934 , -0.97284383],
        [-0.02031995,  0.        ,  0.01965091, ..., -0.99892162,
         -0.98979354, -0.97734627],
        [-0.03996288, -0.01965091,  0.        , ..., -0.99964109,
         -0.99240284, -0.98131659],
        ...,
        [ 0.99777195,  0.99892162,  0.99964109, ...,  0.        ,
          0.09640061,  0.16604175],
        [ 0.9866934 ,  0.98979354,  0.99240284, ..., -0.09640061,
          0.        ,  0.07020599],
        [ 0.97284383,  0.97734627,  0.98131659, ..., -0.16604175,
         -0.07020599,  0.        ]]]), 'num': array([7.10665626e-01, 7.03497371e-01, 1.37586463e-07, 6.51659520e-04,
       6.57913450e-04, 6.27894586e-04, 6.50202354e-03, 2.00125764e-05,
       6.58413765e-04, 6.52409992e-04, 7.48386973e-04, 7.68896793e-07,
       7.46162725e-04, 5.58657258e-04])}
{'img': array([[[ 0.        ,  0.05156265,  0.06200826, ..., -0.70757595,
         -0.87351604, -0.77106933],
        [-0.05156265,  0.        ,  0.01046235, ..., -0.7430708 ,
         -0.89745452, -0.8028762 ],
        [-0.06200826, -0.01046235,  0.        , ..., -0.75003167,
         -0.90202042, -0.80906935],
        ...,
        [ 0.70757595,  0.7430708 ,  0.75003167, ...,  0.        ,
         -0.27281433, -0.09431652],
        [ 0.87351604,  0.89745452,  0.90202042, ...,  0.27281433,
          0.        ,  0.18085942],
        [ 0.77106933,  0.8028762 ,  0.80906935, ...,  0.09431652,
         -0.18085942,  0.        ]],

       [[ 0.        , -0.1649928 , -0.17512962, ..., -0.05394671,
          0.25195488, -0.00698273],
        [ 0.1649928 ,  0.        , -0.01028653, ...,  0.11154517,
          0.40817174,  0.15810175],
        [ 0.17512962,  0.01028653,  0.        , ...,  0.12176161,
          0.41754077,  0.16825054],
        ...,
        [ 0.05394671, -0.11154517, -0.12176161, ...,  0.        ,
          0.30379433,  0.04697284],
        [-0.25195488, -0.40817174, -0.41754077, ..., -0.30379433,
          0.        , -0.25870619],
        [ 0.00698273, -0.15810175, -0.16825054, ..., -0.04697284,
          0.25870619,  0.        ]],

       [[ 0.        ,  0.05799245,  0.13163865, ..., -0.47290878,
         -0.57023946, -0.6327679 ],
        [-0.05799245,  0.        ,  0.07392932, ..., -0.52321069,
         -0.61691931, -0.67660893],
        [-0.13163865, -0.07392932,  0.        , ..., -0.58478173,
         -0.67341543, -0.72919468],
        ...,
        [ 0.47290878,  0.52321069,  0.58478173, ...,  0.        ,
         -0.11396008, -0.1913461 ],
        [ 0.57023946,  0.61691931,  0.67341543, ...,  0.11396008,
          0.        , -0.07824515],
        [ 0.6327679 ,  0.67660893,  0.72919468, ...,  0.1913461 ,
          0.07824515,  0.        ]],

       ...,

       [[ 0.        ,  0.16312459,  0.0874865 , ...,  0.32866069,
          0.23747484,  0.3563267 ],
        [-0.16312459,  0.        , -0.07618446, ...,  0.17019573,
          0.07583578,  0.19913655],
        [-0.0874865 ,  0.07618446,  0.        , ...,  0.24477405,
          0.15158046,  0.27321643],
        ...,
        [-0.32866069, -0.17019573, -0.24477405, ...,  0.        ,
         -0.09497626,  0.02944419],
        [-0.23747484, -0.07583578, -0.15158046, ...,  0.09497626,
          0.        ,  0.12424617],
        [-0.3563267 , -0.19913655, -0.27321643, ..., -0.02944419,
         -0.12424617,  0.        ]],

       [[ 0.        ,  0.02511813,  0.05563517, ...,  0.17050165,
         -0.11072107, -0.76111055],
        [-0.02511813,  0.        ,  0.03053839, ...,  0.14569753,
         -0.13564982, -0.77716258],
        [-0.05563517, -0.03053839,  0.        , ...,  0.11541705,
         -0.16584267, -0.79601791],
        ...,
        [-0.17050165, -0.14569753, -0.11541705, ...,  0.        ,
         -0.27855315, -0.86055706],
        [ 0.11072107,  0.13564982,  0.16584267, ...,  0.27855315,
          0.        , -0.68461473],
        [ 0.76111055,  0.77716258,  0.79601791, ...,  0.86055706,
          0.68461473,  0.        ]],

       [[ 0.        ,  0.01965091,  0.0230075 , ..., -0.98979354,
         -0.97734627, -0.93912808],
        [-0.01965091,  0.        ,  0.00335735, ..., -0.99240284,
         -0.98131659, -0.94569815],
        [-0.0230075 , -0.00335735,  0.        , ..., -0.9928103 ,
         -0.98195702, -0.94678411],
        ...,
        [ 0.98979354,  0.99240284,  0.9928103 , ...,  0.        ,
          0.07020599,  0.20622664],
        [ 0.97734627,  0.98131659,  0.98195702, ..., -0.07020599,
          0.        ,  0.13702092],
        [ 0.93912808,  0.94569815,  0.94678411, ..., -0.20622664,
         -0.13702092,  0.        ]]]), 'num': array([7.09692725e-01, 7.04486562e-01, 9.99263463e-08, 6.50770330e-04,
       6.59513886e-04, 6.37030458e-04, 5.60531843e-03, 0.00000000e+00,
       6.53268489e-04, 6.44212664e-04, 7.45492179e-04, 8.39164750e-07,
       7.09972272e-04, 5.78453056e-04])}
{'img': array([[[ 0.        ,  0.01046235,  0.12915312, ..., -0.89745452,
         -0.8028762 , -0.8028762 ],
        [-0.01046235,  0.        ,  0.11877132, ..., -0.90202042,
         -0.80906935, -0.80906935],
        [-0.12915312, -0.11877132,  0.        , ..., -0.94690838,
         -0.87314593, -0.87314593],
        ...,
        [ 0.89745452,  0.90202042,  0.94690838, ...,  0.        ,
          0.18085942,  0.18085942],
        [ 0.8028762 ,  0.80906935,  0.87314593, ..., -0.18085942,
          0.        ,  0.        ],
        [ 0.8028762 ,  0.80906935,  0.87314593, ..., -0.18085942,
          0.        ,  0.        ]],

       [[ 0.        , -0.01028653,  0.05941586, ...,  0.40817174,
          0.15810175,  0.10448241],
        [ 0.01028653,  0.        ,  0.06968107, ...,  0.41754077,
          0.16825054,  0.11470712],
        [-0.05941586, -0.06968107,  0.        , ...,  0.35320959,
          0.09915386,  0.04520717],
        ...,
        [-0.40817174, -0.41754077, -0.35320959, ...,  0.        ,
         -0.25870619, -0.31055517],
        [-0.15810175, -0.16825054, -0.09915386, ...,  0.25870619,
          0.        , -0.0540681 ],
        [-0.10448241, -0.11470712, -0.04520717, ...,  0.31055517,
          0.0540681 ,  0.        ]],

       [[ 0.        ,  0.07392932,  0.20925884, ..., -0.61691931,
         -0.67660893, -0.70776727],
        [-0.07392932,  0.        ,  0.13639366, ..., -0.67341543,
         -0.72919468, -0.7580575 ],
        [-0.20925884, -0.13639366,  0.        , ..., -0.76795313,
         -0.81571519, -0.8399275 ],
        ...,
        [ 0.61691931,  0.67341543,  0.76795313, ...,  0.        ,
         -0.07824515, -0.12121154],
        [ 0.67660893,  0.72919468,  0.81571519, ...,  0.07824515,
          0.        , -0.04317171],
        [ 0.70776727,  0.7580575 ,  0.8399275 , ...,  0.12121154,
          0.04317171,  0.        ]],

       ...,

       [[ 0.        , -0.07618446,  0.05982418, ...,  0.07583578,
          0.19913655,  0.36588654],
        [ 0.07618446,  0.        ,  0.13569833, ...,  0.15158046,
          0.27321643,  0.43572497],
        [-0.05982418, -0.13569833,  0.        , ...,  0.01604805,
          0.14015387,  0.30955527],
        ...,
        [-0.07583578, -0.15158046, -0.01604805, ...,  0.        ,
          0.12424617,  0.29425561],
        [-0.19913655, -0.27321643, -0.14015387, ..., -0.12424617,
          0.        ,  0.17323016],
        [-0.36588654, -0.43572497, -0.30955527, ..., -0.29425561,
         -0.17323016,  0.        ]],

       [[ 0.        ,  0.02218459,  0.0641105 , ..., -0.09429509,
         -0.37487946, -0.92035423],
        [-0.02218459,  0.        ,  0.04195577, ..., -0.11635763,
         -0.39535394, -0.9288038 ],
        [-0.0641105 , -0.04195577,  0.        , ..., -0.15792595,
         -0.43354341, -0.94353358],
        ...,
        [ 0.09429509,  0.11635763,  0.15792595, ...,  0.        ,
         -0.28579061, -0.87937592],
        [ 0.37487946,  0.39535394,  0.43354341, ...,  0.28579061,
          0.        , -0.70662604],
        [ 0.92035423,  0.9288038 ,  0.94353358, ...,  0.87937592,
          0.70662604,  0.        ]],

       [[ 0.        ,  0.00335735,  0.00145323, ..., -0.98131659,
         -0.94569815, -0.86750263],
        [-0.00335735,  0.        , -0.00190412, ..., -0.98195702,
         -0.94678411, -0.8691678 ],
        [-0.00145323,  0.00190412,  0.        , ..., -0.98159516,
         -0.94616952, -0.8682246 ],
        ...,
        [ 0.98131659,  0.98195702,  0.98159516, ...,  0.        ,
          0.13702092,  0.32123139],
        [ 0.94569815,  0.94678411,  0.94616952, ..., -0.13702092,
          0.        ,  0.18844267],
        [ 0.86750263,  0.8691678 ,  0.8682246 , ..., -0.32123139,
         -0.18844267,  0.        ]]]), 'num': array([ 8.94487272e-01,  4.46962979e-01,  8.82690914e-06,  8.09266354e-04,
        8.33209145e-04,  7.94900679e-04,  1.05357541e-02, -2.23466054e-05,
        8.24908978e-04,  8.23552219e-04,  9.49757334e-04,  9.10644635e-07,
        9.07322189e-04,  7.39782250e-04])}
{'img': array([[[ 0.        ,  0.11877132,  0.22171511, ..., -0.80906935,
         -0.80906935, -0.89138539],
        [-0.11877132,  0.        ,  0.10433045, ..., -0.87314593,
         -0.87314593, -0.93890848],
        [-0.22171511, -0.10433045,  0.        , ..., -0.91923771,
         -0.91923771, -0.96969165],
        ...,
        [ 0.80906935,  0.87314593,  0.91923771, ...,  0.        ,
          0.        , -0.15717136],
        [ 0.80906935,  0.87314593,  0.91923771, ...,  0.        ,
          0.        , -0.15717136],
        [ 0.89138539,  0.93890848,  0.96969165, ...,  0.15717136,
          0.15717136,  0.        ]],

       [[ 0.        ,  0.06968107,  0.02503561, ...,  0.16825054,
          0.11470712,  0.25996934],
        [-0.06968107,  0.        , -0.04468448, ...,  0.09915386,
          0.04520717,  0.19205222],
        [-0.02503561,  0.04468448,  0.        , ...,  0.1435191 ,
          0.08980081,  0.23571305],
        ...,
        [-0.16825054, -0.09915386, -0.1435191 , ...,  0.        ,
         -0.0540681 ,  0.09379773],
        [-0.11470712, -0.04520717, -0.08980081, ...,  0.0540681 ,
          0.        ,  0.14749025],
        [-0.25996934, -0.19205222, -0.23571305, ..., -0.09379773,
         -0.14749025,  0.        ]],

       [[ 0.        ,  0.13639366,  0.24281386, ..., -0.72919468,
         -0.7580575 , -0.80911664],
        [-0.13639366,  0.        ,  0.10823291, ..., -0.81571519,
         -0.8399275 , -0.88170669],
        [-0.24281386, -0.10823291,  0.        , ..., -0.87353105,
         -0.89373125, -0.92759123],
        ...,
        [ 0.72919468,  0.81571519,  0.87353105, ...,  0.        ,
         -0.04317171, -0.12517378],
        [ 0.7580575 ,  0.8399275 ,  0.89373125, ...,  0.04317171,
          0.        , -0.08222492],
        [ 0.80911664,  0.88170669,  0.92759123, ...,  0.12517378,
          0.08222492,  0.        ]],

       ...,

       [[ 0.        ,  0.13569833,  0.35720234, ...,  0.27321643,
          0.43572497,  0.15027215],
        [-0.13569833,  0.        ,  0.22715239, ...,  0.14015387,
          0.30955527,  0.01472473],
        [-0.35720234, -0.22715239,  0.        , ..., -0.08842019,
          0.08546827, -0.21278794],
        ...,
        [-0.27321643, -0.14015387,  0.08842019, ...,  0.        ,
          0.17323016, -0.12555928],
        [-0.43572497, -0.30955527, -0.08546827, ..., -0.17323016,
          0.        , -0.29552024],
        [-0.15027215, -0.01472473,  0.21278794, ...,  0.12555928,
          0.29552024,  0.        ]],

       [[ 0.        ,  0.04195577,  0.08827812, ..., -0.39535394,
         -0.9288038 , -0.91849619],
        [-0.04195577,  0.        ,  0.04640842, ..., -0.43354341,
         -0.94353358, -0.93427798],
        [-0.08827812, -0.04640842,  0.        , ..., -0.47489643,
         -0.95789101, -0.94981805],
        ...,
        [ 0.39535394,  0.43354341,  0.47489643, ...,  0.        ,
         -0.70662604, -0.6873305 ],
        [ 0.9288038 ,  0.94353358,  0.95789101, ...,  0.70662604,
          0.        ,  0.02690789],
        [ 0.91849619,  0.93427798,  0.94981805, ...,  0.6873305 ,
         -0.02690789,  0.        ]],

       [[ 0.        , -0.00190412, -0.02299849, ..., -0.94678411,
         -0.8691678 , -0.86721945],
        [ 0.00190412,  0.        , -0.02109482, ..., -0.94616952,
         -0.8682246 , -0.86626976],
        [ 0.02299849,  0.02109482,  0.        , ..., -0.93913118,
         -0.85756476, -0.85553852],
        ...,
        [ 0.94678411,  0.94616952,  0.93913118, ...,  0.        ,
          0.18844267,  0.19229724],
        [ 0.8691678 ,  0.8682246 ,  0.85756476, ..., -0.18844267,
          0.        ,  0.00392636],
        [ 0.86721945,  0.86626976,  0.85553852, ..., -0.19229724,
         -0.00392636,  0.        ]]]), 'num': array([ 8.16827155e-01,  5.73272621e-01,  5.08995892e-06,  7.10071529e-04,
        7.53848144e-04,  7.04877693e-04,  6.43989319e-02, -4.22926616e-05,
        7.51622214e-04,  7.65163286e-04,  8.79551332e-04,  6.00977866e-07,
        8.44284393e-04,  6.86042178e-04])}
{'img': array([[[ 0.        ,  0.10433045,  0.        , ..., -0.87314593,
         -0.93890848, -0.99786332],
        [-0.10433045,  0.        , -0.10433045, ..., -0.91923771,
         -0.96969165, -0.98560113],
        [ 0.        ,  0.10433045,  0.        , ..., -0.87314593,
         -0.93890848, -0.99786332],
        ...,
        [ 0.87314593,  0.91923771,  0.87314593, ...,  0.        ,
         -0.15717136, -0.54346526],
        [ 0.93890848,  0.96969165,  0.93890848, ...,  0.15717136,
          0.        , -0.4047761 ],
        [ 0.99786332,  0.98560113,  0.99786332, ...,  0.54346526,
          0.4047761 ,  0.        ]],

       [[ 0.        , -0.04468448, -0.08734103, ...,  0.04520717,
          0.19205222,  0.99489521],
        [ 0.04468448,  0.        , -0.04274007, ...,  0.08980081,
          0.23571305,  0.9893922 ],
        [ 0.08734103,  0.04274007,  0.        , ...,  0.13228614,
          0.27703344,  0.98227931],
        ...,
        [-0.04520717, -0.08980081, -0.13228614, ...,  0.        ,
          0.14749025,  0.99844007],
        [-0.19205222, -0.23571305, -0.27703344, ..., -0.14749025,
          0.        ,  0.99575559],
        [-0.99489521, -0.9893922 , -0.98227931, ..., -0.99844007,
         -0.99575559,  0.        ]],

       [[ 0.        ,  0.10823291,  0.14956516, ..., -0.8399275 ,
         -0.88170669, -0.94267017],
        [-0.10823291,  0.        ,  0.04167106, ..., -0.89373125,
         -0.92759123, -0.97325263],
        [-0.14956516, -0.04167106,  0.        , ..., -0.9116487 ,
         -0.94235368, -0.98198066],
        ...,
        [ 0.8399275 ,  0.89373125,  0.9116487 , ...,  0.        ,
         -0.08222492, -0.23128026],
        [ 0.88170669,  0.92759123,  0.94235368, ...,  0.08222492,
          0.        , -0.15050153],
        [ 0.94267017,  0.97325263,  0.98198066, ...,  0.23128026,
          0.15050153,  0.        ]],

       ...,

       [[ 0.        ,  0.22715239,  0.07753946, ...,  0.30955527,
          0.01472473, -0.41893747],
        [-0.22715239,  0.        , -0.15095598, ...,  0.08546827,
         -0.21278794, -0.61424392],
        [-0.07753946,  0.15095598,  0.        , ...,  0.23489246,
         -0.06285065, -0.48808317],
        ...,
        [-0.30955527, -0.08546827, -0.23489246, ...,  0.        ,
         -0.29552024, -0.67944073],
        [-0.01472473,  0.21278794,  0.06285065, ...,  0.29552024,
          0.        , -0.43226233],
        [ 0.41893747,  0.61424392,  0.48808317, ...,  0.67944073,
          0.43226233,  0.        ]],

       [[ 0.        ,  0.04640842,  0.0560318 , ..., -0.94353358,
         -0.93427798, -0.90294251],
        [-0.04640842,  0.        ,  0.00963592, ..., -0.95789101,
         -0.94981805, -0.92191418],
        [-0.0560318 , -0.00963592,  0.        , ..., -0.96061332,
         -0.9527881 , -0.92560428],
        ...,
        [ 0.94353358,  0.95789101,  0.96061332, ...,  0.        ,
          0.02690789,  0.10637029],
        [ 0.93427798,  0.94981805,  0.9527881 , ..., -0.02690789,
          0.        ,  0.07957654],
        [ 0.90294251,  0.92191418,  0.92560428, ..., -0.10637029,
         -0.07957654,  0.        ]],

       [[ 0.        , -0.02109482, -0.02508064, ..., -0.8682246 ,
         -0.86626976, -0.87245806],
        [ 0.02109482,  0.        , -0.00398687, ..., -0.85756476,
         -0.85553852, -0.86195511],
        [ 0.02508064,  0.00398687,  0.        , ..., -0.85550719,
         -0.85346756, -0.85992698],
        ...,
        [ 0.8682246 ,  0.85756476,  0.85550719, ...,  0.        ,
          0.00392636, -0.00859692],
        [ 0.86626976,  0.85553852,  0.85346756, ..., -0.00392636,
          0.        , -0.01252307],
        [ 0.87245806,  0.86195511,  0.85992698, ...,  0.00859692,
          0.01252307,  0.        ]]]), 'num': array([ 8.59753411e-01,  5.10475671e-01,  7.58475005e-06,  7.30706569e-04,
        7.65615461e-04,  7.22772730e-04,  1.52809388e-02, -2.85618203e-05,
        7.89575654e-04,  8.15201954e-04,  9.36060768e-04,  5.17936075e-07,
        9.07375955e-04,  7.23027953e-04])}
