state_0,state_1,state_2,state_3,state_4,state_5,state_6,state_7,state_8,state_9,state_10,state_11,state_12,state_13,state_14,state_15,state_16,state_17,state_18,state_19,state_20,state_21,state_22,state_23,state_24,state_25,state_26,state_27,state_28,state_29,state_30,state_31,state_32,state_33,state_34,state_35,state_36,state_37,state_38,state_39,state_40,state_41,state_42,state_43,state_44,state_45,state_46,state_47,state_48,state_49,state_50,state_51,state_52,state_53,state_54,state_55,state_56,state_57,state_58,state_59,state_60,state_61,state_62,state_63,state_64,state_65,state_66,state_67,state_68,state_69,state_70,state_71,state_72,state_73,state_74,state_75,state_76,state_77,state_78,state_79,state_80,state_81,state_82,state_83,state_84,state_85,state_86,state_87,state_88,state_89,state_90,state_91,state_92,state_93,state_94,state_95,state_96,state_97,state_98,state_99,state_100,state_101,state_102,state_103,state_104,state_105,state_106,state_107,state_108,state_109,state_110,state_111,state_112,state_113,state_114,state_115,state_116,state_117,state_118,state_119,state_120,state_121,state_122,state_123,state_124,state_125,state_126,state_127,state_128,state_129,state_130,state_131,state_132,state_133,state_134,state_135,state_136,state_137,state_138,state_139,state_140,state_141,state_142,state_143,state_144,state_145,state_146,state_147,state_148,state_149,state_150,state_151,state_152,state_153,state_154,state_155,state_156,state_157,state_158,state_159,state_160,state_161,state_162,state_163,state_164,state_165,state_166,state_167,state_168,state_169,state_170,state_171,state_172,state_173,state_174,state_175,state_176,state_177,state_178,state_179,state_180,state_181,state_182,state_183,state_184,state_185,state_186,state_187,state_188,state_189,state_190,state_191,state_192,state_193,state_194,state_195,state_196,state_197,state_198,state_199,state_200,state_201,state_202,state_203,state_204,state_205,state_206,state_207,state_208,state_209,state_210,state_211,state_212,state_213,state_214,state_215,state_216,state_217,state_218,state_219,state_220,state_221,state_222,state_223,state_224,state_225,state_226,state_227,state_228,state_229,state_230,state_231,state_232,state_233,state_234,state_235,state_236,state_237,state_238,state_239,state_240,state_241,state_242,state_243,state_244,state_245,state_246,state_247,state_248,state_249,state_250,state_251,state_252,state_253,state_254,state_255,state_256,state_257,state_258,state_259,state_260,state_261,state_262,state_263,state_264,state_265,state_266,state_267,state_268,state_269,state_270,state_271,state_272,state_273,state_274,state_275,state_276,state_277,state_278,state_279,state_280,state_281,state_282,state_283,state_284,state_285,state_286,state_287
{'img': array([[[ 0.        ,  0.09417645,  0.1175736 , ..., -0.77238418,
         -0.77238418, -0.99437866],
        [-0.09417645,  0.        ,  0.02352778, ..., -0.82876803,
         -0.82876803, -0.99993079],
        [-0.1175736 , -0.02352778,  0.        , ..., -0.84170458,
         -0.84170458, -0.99993079],
        ...,
        [ 0.77238418,  0.82876803,  0.84170458, ...,  0.        ,
          0.        , -0.54980336],
        [ 0.77238418,  0.82876803,  0.84170458, ...,  0.        ,
          0.        , -0.54980336],
        [ 0.99437866,  0.99993079,  0.99993079, ...,  0.54980336,
          0.54980336,  0.        ]],

       [[ 0.        ,  0.1798817 ,  0.55905061, ...,  0.68475344,
          0.4673914 ,  0.91289521],
        [-0.1798817 ,  0.        ,  0.40078557, ...,  0.54249066,
          0.30074293,  0.82457766],
        [-0.55905061, -0.40078557,  0.        , ...,  0.16033003,
         -0.10669908,  0.52871093],
        ...,
        [-0.68475344, -0.54249066, -0.16033003, ...,  0.        ,
         -0.26473353,  0.3857828 ],
        [-0.4673914 , -0.30074293,  0.10669908, ...,  0.26473353,
          0.        ,  0.6162591 ],
        [-0.91289521, -0.82457766, -0.52871093, ..., -0.3857828 ,
         -0.6162591 ,  0.        ]],

       [[ 0.        ,  0.07302226,  0.10319565, ..., -0.73840702,
         -0.82298255, -0.98709742],
        [-0.07302226,  0.        ,  0.03028775, ..., -0.78567865,
         -0.86226695, -0.99615456],
        [-0.10319565, -0.03028775,  0.        , ..., -0.80405526,
         -0.87721072, -0.99835116],
        ...,
        [ 0.73840702,  0.78567865,  0.80405526, ...,  0.        ,
         -0.13551824, -0.54742002],
        [ 0.82298255,  0.86226695,  0.87721072, ...,  0.13551824,
          0.        , -0.42896047],
        [ 0.98709742,  0.99615456,  0.99835116, ...,  0.54742002,
          0.42896047,  0.        ]],

       ...,

       [[ 0.        ,  0.12275725, -0.04383502, ...,  0.05466517,
          0.03012277, -0.14511534],
        [-0.12275725,  0.        , -0.16614274, ..., -0.06832198,
         -0.09280661, -0.26547563],
        [ 0.04383502,  0.16614274,  0.        , ...,  0.0983821 ,
          0.07390894, -0.10160484],
        ...,
        [-0.05466517,  0.06832198, -0.0983821 , ...,  0.        ,
         -0.02456263, -0.19898488],
        [-0.03012277,  0.09280661, -0.07390894, ...,  0.02456263,
          0.        , -0.1748534 ],
        [ 0.14511534,  0.26547563,  0.10160484, ...,  0.19898488,
          0.1748534 ,  0.        ]],

       [[ 0.        , -0.05757398, -0.12448877, ..., -0.94173291,
         -0.76631888, -0.66668643],
        [ 0.05757398,  0.        , -0.06715616, ..., -0.95953648,
         -0.80203675, -0.70849265],
        [ 0.12448877,  0.06715616,  0.        , ..., -0.97628043,
         -0.8403368 , -0.75428653],
        ...,
        [ 0.94173291,  0.95953648,  0.97628043, ...,  0.        ,
         -0.34726587, -0.47766191],
        [ 0.76631888,  0.80203675,  0.8403368 , ...,  0.34726587,
          0.        , -0.14284719],
        [ 0.66668643,  0.70849265,  0.75428653, ...,  0.47766191,
          0.14284719,  0.        ]],

       [[ 0.        , -0.15886798, -0.25506737, ..., -0.9997823 ,
         -0.99999625, -0.98752817],
        [ 0.15886798,  0.        , -0.09821483, ..., -0.99039971,
         -0.98773139, -0.99999896],
        [ 0.25506737,  0.09821483,  0.        , ..., -0.97203481,
         -0.96761848, -0.9950224 ],
        ...,
        [ 0.9997823 ,  0.99039971,  0.97203481, ...,  0.        ,
          0.01812593, -0.13680317],
        [ 0.99999625,  0.98773139,  0.96761848, ..., -0.01812593,
          0.        , -0.15473621],
        [ 0.98752817,  0.99999896,  0.9950224 , ...,  0.13680317,
          0.15473621,  0.        ]]]), 'num': array([ 9.97932184e-01,  1.32499549e-02,  6.56454820e-05,  1.47628520e-03,
        1.52549471e-03,  1.46152235e-03,  6.27355270e-02, -7.38142601e-05,
        1.56781488e-03,  1.61825463e-03,  1.75021812e-03,  3.85956915e-06,
        1.71246353e-03,  1.52404573e-03])}
{'img': array([[[ 0.        ,  0.02022786,  0.        , ..., -0.67047381,
         -0.79308605, -0.9901515 ],
        [-0.02022786,  0.        , -0.02022786, ..., -0.68534435,
         -0.80524476, -0.98711701],
        [ 0.        ,  0.02022786,  0.        , ..., -0.67047381,
         -0.79308605, -0.9901515 ],
        ...,
        [ 0.67047381,  0.68534435,  0.67047381, ...,  0.        ,
         -0.18002483, -0.82849261],
        [ 0.79308605,  0.80524476,  0.79308605, ...,  0.18002483,
          0.        , -0.71414284],
        [ 0.9901515 ,  0.98711701,  0.9901515 , ...,  0.82849261,
          0.71414284,  0.        ]],

       [[ 0.        ,  0.39403197,  0.82346789, ...,  0.295657  ,
          0.81283855,  0.5315817 ],
        [-0.39403197,  0.        ,  0.53328753, ..., -0.10467906,
          0.51755794,  0.82232285],
        [-0.82346789, -0.53328753,  0.        , ..., -0.61890926,
         -0.01848662,  0.99908281],
        ...,
        [-0.295657  ,  0.10467906,  0.61890926, ...,  0.        ,
          0.60428295,  0.75824045],
        [-0.81283855, -0.51755794,  0.01848662, ..., -0.60428295,
          0.        ,  0.99812048],
        [-0.5315817 , -0.82232285, -0.99908281, ..., -0.75824045,
         -0.99812048,  0.        ]],

       [[ 0.        ,  0.02777778,  0.01111111, ..., -0.75      ,
         -0.83888889, -1.        ],
        [-0.02777778,  0.        , -0.01666924, ..., -0.76808387,
         -0.8536847 , -0.99961412],
        [-0.01111111,  0.01666924,  0.        , ..., -0.75730301,
         -0.84488491, -0.99993827],
        ...,
        [ 0.75      ,  0.76808387,  0.75730301, ...,  0.        ,
         -0.14664582, -0.66143783],
        [ 0.83888889,  0.8536847 ,  0.84488491, ...,  0.14664582,
          0.        , -0.5443027 ],
        [ 1.        ,  0.99961412,  0.99993827, ...,  0.66143783,
          0.5443027 ,  0.        ]],

       ...,

       [[ 0.        , -0.16614274,  0.02578638, ..., -0.09280661,
         -0.26547563, -0.21473562],
        [ 0.16614274,  0.        ,  0.19151549, ...,  0.07390894,
         -0.10160484, -0.04948417],
        [-0.02578638, -0.19151549,  0.        , ..., -0.11845083,
         -0.29024846, -0.23984906],
        ...,
        [ 0.09280661, -0.07390894,  0.11845083, ...,  0.        ,
         -0.1748534 , -0.12316722],
        [ 0.26547563,  0.10160484,  0.29024846, ...,  0.1748534 ,
          0.        ,  0.05225229],
        [ 0.21473562,  0.04948417,  0.23984906, ...,  0.12316722,
         -0.05225229,  0.        ]],

       [[ 0.        , -0.06715616, -0.19982945, ..., -0.80203675,
         -0.70849265, -0.87328844],
        [ 0.06715616,  0.        , -0.13357666, ..., -0.8403368 ,
         -0.75428653, -0.90403569],
        [ 0.19982945,  0.13357666,  0.        , ..., -0.90521329,
         -0.83522612, -0.95303244],
        ...,
        [ 0.80203675,  0.8403368 ,  0.90521329, ...,  0.        ,
         -0.14284719,  0.13083794],
        [ 0.70849265,  0.75428653,  0.83522612, ...,  0.14284719,
          0.        ,  0.27111541],
        [ 0.87328844,  0.90403569,  0.95303244, ..., -0.13083794,
         -0.27111541,  0.        ]],

       [[ 0.        , -0.09821483, -0.11745076, ..., -0.98773139,
         -0.99999896, -0.88091811],
        [ 0.09821483,  0.        , -0.01934786, ..., -0.96761848,
         -0.9950224 , -0.92314108],
        [ 0.11745076,  0.01934786,  0.        , ..., -0.96255361,
         -0.9929081 , -0.93040679],
        ...,
        [ 0.98773139,  0.96761848,  0.96255361, ...,  0.        ,
         -0.15473621, -0.60502868],
        [ 0.99999896,  0.9950224 ,  0.9929081 , ...,  0.15473621,
          0.        , -0.47454007],
        [ 0.88091811,  0.92314108,  0.93040679, ...,  0.60502868,
          0.47454007,  0.        ]]]), 'num': array([ 7.07752705e-01,  7.06442931e-01,  9.09565673e-08,  1.19070415e-04,
        1.20724171e-04,  1.17003221e-04,  4.93547699e-03, -4.96126731e-06,
        1.27918009e-04,  1.35091174e-04,  1.46570996e-04,  2.14988250e-07,
        1.45890956e-04,  1.24291393e-04])}
{'img': array([[[ 0.        , -0.01839907,  0.0557296 , ..., -0.7152798 ,
         -0.91541198, -0.96824584],
        [ 0.01839907,  0.        ,  0.07409064, ..., -0.70230075,
         -0.90785106, -0.9726817 ],
        [-0.0557296 , -0.07409064,  0.        , ..., -0.75311416,
         -0.93642152, -0.95280868],
        ...,
        [ 0.7152798 ,  0.70230075,  0.75311416, ...,  0.        ,
         -0.3518117 , -0.85546711],
        [ 0.91541198,  0.90785106,  0.93642152, ...,  0.3518117 ,
          0.        , -0.61858957],
        [ 0.96824584,  0.9726817 ,  0.95280868, ...,  0.85546711,
          0.61858957,  0.        ]],

       [[ 0.        ,  0.53328753,  0.08832444, ...,  0.51755794,
          0.82232285,  0.99977473],
        [-0.53328753,  0.        , -0.45648667, ..., -0.01848662,
          0.99908281,  0.85706245],
        [-0.08832444,  0.45648667,  0.        , ...,  0.43996056,
          0.86936749,  0.99774204],
        ...,
        [-0.51755794,  0.01848662, -0.43996056, ...,  0.        ,
          0.99812048,  0.86644053],
        [-0.82232285, -0.99908281, -0.86936749, ..., -0.99812048,
          0.        , -0.55143929],
        [-0.99977473, -0.85706245, -0.99774204, ..., -0.86644053,
          0.55143929,  0.        ]],

       [[ 0.        , -0.01490547,  0.03990008, ..., -0.73157094,
         -0.85344392, -0.99044184],
        [ 0.01490547,  0.        ,  0.05478925, ..., -0.72132764,
         -0.8455806 , -0.99238773],
        [-0.03990008, -0.05478925,  0.        , ..., -0.75819086,
         -0.87355961, -0.98414966],
        ...,
        [ 0.73157094,  0.72132764,  0.75819086, ...,  0.        ,
         -0.20056489, -0.77615523],
        [ 0.85344392,  0.8455806 ,  0.87355961, ...,  0.20056489,
          0.        , -0.63391952],
        [ 0.99044184,  0.99238773,  0.98414966, ...,  0.77615523,
          0.63391952,  0.        ]],

       ...,

       [[ 0.        ,  0.18596197, -0.08134332, ..., -0.09787948,
         -0.04774518, -0.89363905],
        [-0.18596197,  0.        , -0.26527017, ..., -0.2812412 ,
         -0.23266225, -0.96150846],
        [ 0.08134332,  0.26527017,  0.        , ..., -0.01660238,
          0.03366359, -0.85417188],
        ...,
        [ 0.09787948,  0.2812412 ,  0.01660238, ...,  0.        ,
          0.05025193, -0.84542107],
        [ 0.04774518,  0.23266225, -0.03366359, ..., -0.05025193,
          0.        , -0.87119251],
        [ 0.89363905,  0.96150846,  0.85417188, ...,  0.84542107,
          0.87119251,  0.        ]],

       [[ 0.        , -0.13357666, -0.23487962, ..., -0.75428653,
         -0.90403569, -0.99634421],
        [ 0.13357666,  0.        , -0.10293496, ..., -0.83522612,
         -0.95303244, -0.99882686],
        [ 0.23487962,  0.10293496,  0.        , ..., -0.88739409,
         -0.97914574, -0.98853662],
        ...,
        [ 0.75428653,  0.83522612,  0.88739409, ...,  0.        ,
          0.27111541,  0.58970676],
        [ 0.90403569,  0.95303244,  0.97914574, ..., -0.27111541,
          0.        ,  0.34866286],
        [ 0.99634421,  0.99882686,  0.98853662, ..., -0.58970676,
         -0.34866286,  0.        ]],

       [[ 0.        , -0.0175063 , -0.010451  , ..., -0.94722325,
         -0.9996273 , -0.61490933],
        [ 0.0175063 ,  0.        ,  0.00705594, ..., -0.94146601,
         -0.9989962 , -0.62862053],
        [ 0.010451  , -0.00705594,  0.        , ..., -0.94382119,
         -0.99928741, -0.62311738],
        ...,
        [ 0.94722325,  0.94146601,  0.94382119, ...,  0.        ,
         -0.29459663, -0.94410254],
        [ 0.9996273 ,  0.9989962 ,  0.99928741, ...,  0.29459663,
          0.        , -0.80509052],
        [ 0.61490933,  0.62862053,  0.62311738, ...,  0.94410254,
          0.80509052,  0.        ]]]), 'num': array([ 8.10779186e-01,  5.85292810e-01,  1.59354329e-05,  1.34699149e-04,
        1.35651087e-04,  1.28987524e-04,  8.32248450e-03, -2.37984362e-06,
        1.43552167e-04,  1.54166270e-04,  1.68143885e-04,  2.21810668e-07,
        1.69199349e-04,  1.39133191e-04])}
{'img': array([[[ 0.        ,  0.07161595,  0.25744859, ..., -0.87079084,
         -0.98902481, -0.96426016],
        [-0.07161595,  0.        ,  0.18758562, ..., -0.90376514,
         -0.9970665 , -0.94280904],
        [-0.25744859, -0.18758562,  0.        , ..., -0.96801376,
         -0.99372467, -0.863544  ],
        ...,
        [ 0.87079084,  0.90376514,  0.96801376, ...,  0.        ,
         -0.35759873, -0.70480438],
        [ 0.98902481,  0.9970665 ,  0.99372467, ...,  0.35759873,
          0.        , -0.40451828],
        [ 0.96426016,  0.94280904,  0.863544  , ...,  0.70480438,
          0.40451828,  0.        ]],

       [[ 0.        , -0.34922543, -0.72405464, ...,  0.65786645,
          0.5655583 ,  0.93484731],
        [ 0.34922543,  0.        , -0.43759159, ...,  0.8794601 ,
          0.81795915,  0.75199565],
        [ 0.72405464,  0.43759159,  0.        , ...,  0.99906913,
          0.98722355,  0.38772841],
        ...,
        [-0.65786645, -0.8794601 , -0.99906913, ...,  0.        ,
         -0.1166064 ,  0.93764135],
        [-0.5655583 , -0.81795915, -0.98722355, ...,  0.1166064 ,
          0.        ,  0.97177783],
        [-0.93484731, -0.75199565, -0.38772841, ..., -0.93764135,
         -0.97177783,  0.        ]],

       [[ 0.        ,  0.05072038,  0.13489031, ..., -0.762731  ,
         -0.92116491, -0.9797959 ],
        [-0.05072038,  0.        ,  0.08445986, ..., -0.79455096,
         -0.93971825, -0.96839072],
        [-0.13489031, -0.08445986,  0.        , ..., -0.84299575,
         -0.96524155, -0.94386303],
        ...,
        [ 0.762731  ,  0.79455096,  0.84299575, ...,  0.        ,
         -0.29889806, -0.78619576],
        [ 0.92116491,  0.93971825,  0.96524155, ...,  0.29889806,
          0.        , -0.56554258],
        [ 0.9797959 ,  0.96839072,  0.94386303, ...,  0.78619576,
          0.56554258,  0.        ]],

       ...,

       [[ 0.        , -0.24511955,  0.02343   , ..., -0.21533781,
         -0.78893096, -0.9773165 ],
        [ 0.24511955,  0.        ,  0.26776747, ...,  0.03060047,
         -0.61424143, -0.89558897],
        [-0.02343   , -0.26776747,  0.        , ..., -0.23815902,
         -0.8031117 , -0.9820103 ],
        ...,
        [ 0.21533781, -0.03060047,  0.23815902, ...,  0.        ,
         -0.63810117, -0.90878318],
        [ 0.78893096,  0.61424143,  0.8031117 , ...,  0.63810117,
          0.        , -0.43346029],
        [ 0.9773165 ,  0.89558897,  0.9820103 , ...,  0.90878318,
          0.43346029,  0.        ]],

       [[ 0.        , -0.10293496, -0.17924208, ..., -0.95303244,
         -0.99882686, -0.98419325],
        [ 0.10293496,  0.        , -0.07702204, ..., -0.97914574,
         -0.98853662, -0.96073575],
        [ 0.17924208,  0.07702204,  0.        , ..., -0.99188481,
         -0.97397118, -0.93651086],
        ...,
        [ 0.95303244,  0.97914574,  0.99188481, ...,  0.        ,
          0.34866286,  0.46686085],
        [ 0.99882686,  0.98853662,  0.97397118, ..., -0.34866286,
          0.        ,  0.1292312 ],
        [ 0.98419325,  0.96073575,  0.93651086, ..., -0.46686085,
         -0.1292312 ,  0.        ]],

       [[ 0.        ,  0.00641633,  0.05342344, ..., -0.96321479,
         -0.99107112, -0.58279714],
        [-0.00641633,  0.        ,  0.04701517, ..., -0.96491924,
         -0.9901952 , -0.57757112],
        [-0.05342344, -0.04701517,  0.        , ..., -0.97619589,
         -0.98253264, -0.53855205],
        ...,
        [ 0.96321479,  0.96491924,  0.97619589, ...,  0.        ,
         -0.39476279, -0.93934202],
        [ 0.99107112,  0.9901952 ,  0.98253264, ...,  0.39476279,
          0.        , -0.72765507],
        [ 0.58279714,  0.57757112,  0.53855205, ...,  0.93934202,
          0.72765507,  0.        ]]]), 'num': array([8.76262090e-01, 4.81813132e-01, 2.71098940e-05, 1.47844437e-04,
       1.49876663e-04, 1.42255816e-04, 4.54485993e-03, 4.06445188e-06,
       1.50079886e-04, 1.63390965e-04, 1.78920559e-04, 3.35212526e-07,
       1.80684002e-04, 1.46097929e-04])}
{'img': array([[[ 0.        ,  0.18758562,  0.18758562, ..., -0.9970665 ,
         -0.94280904, -0.98213798],
        [-0.18758562,  0.        ,  0.        , ..., -0.99372467,
         -0.863544  , -0.99999983],
        [-0.18758562,  0.        ,  0.        , ..., -0.99372467,
         -0.863544  , -0.99999983],
        ...,
        [ 0.9970665 ,  0.99372467,  0.99372467, ...,  0.        ,
         -0.40451828,  0.11243713],
        [ 0.94280904,  0.863544  ,  0.863544  , ...,  0.40451828,
          0.        ,  0.50478028],
        [ 0.98213798,  0.99999983,  0.99999983, ..., -0.11243713,
         -0.50478028,  0.        ]],

       [[ 0.        , -0.43759159, -0.3757636 , ...,  0.81795915,
          0.75199565,  0.51635153],
        [ 0.43759159,  0.        ,  0.06764613, ...,  0.98722355,
          0.38772841,  0.83903304],
        [ 0.3757636 , -0.06764613,  0.        , ...,  0.97418336,
          0.44919469,  0.8003062 ],
        ...,
        [-0.81795915, -0.98722355, -0.97418336, ...,  0.        ,
          0.97177783, -0.40343638],
        [-0.75199565, -0.38772841, -0.44919469, ..., -0.97177783,
          0.        , -0.98435401],
        [-0.51635153, -0.83903304, -0.8003062 , ...,  0.40343638,
          0.98435401,  0.        ]],

       [[ 0.        ,  0.08024623,  0.14413154, ..., -0.88504905,
         -0.97736439, -0.95446612],
        [-0.08024623,  0.        ,  0.06425838, ..., -0.91954927,
         -0.99118958, -0.92744903],
        [-0.14413154, -0.06425838,  0.        , ..., -0.94290076,
         -0.99765216, -0.90150288],
        ...,
        [ 0.88504905,  0.91954927,  0.94290076, ...,  0.        ,
         -0.26771742, -0.70832909],
        [ 0.97736439,  0.99118958,  0.99765216, ...,  0.26771742,
          0.        , -0.49349629],
        [ 0.95446612,  0.92744903,  0.90150288, ...,  0.70832909,
          0.49349629,  0.        ]],

       ...,

       [[ 0.        ,  0.26776747,  0.42471732, ..., -0.61424143,
         -0.89558897, -0.23798727],
        [-0.26776747,  0.        ,  0.1667913 , ..., -0.8031117 ,
         -0.9820103 , -0.48937087],
        [-0.42471732, -0.1667913 ,  0.        , ..., -0.8912409 ,
         -0.99974928, -0.62797052],
        ...,
        [ 0.61424143,  0.8031117 ,  0.8912409 , ...,  0.        ,
         -0.43346029,  0.40879314],
        [ 0.89558897,  0.9820103 ,  0.99974928, ...,  0.43346029,
          0.        ,  0.7639808 ],
        [ 0.23798727,  0.48937087,  0.62797052, ..., -0.40879314,
         -0.7639808 ,  0.        ]],

       [[ 0.        , -0.07702204, -0.10115441, ..., -0.98853662,
         -0.96073575, -0.95875655],
        [ 0.07702204,  0.        , -0.02422695, ..., -0.97397118,
         -0.93651086, -0.9340166 ],
        [ 0.10115441,  0.02422695,  0.        , ..., -0.96819374,
         -0.92774108, -0.92508787],
        ...,
        [ 0.98853662,  0.97397118,  0.96819374, ...,  0.        ,
          0.1292312 ,  0.13621606],
        [ 0.96073575,  0.93651086,  0.92774108, ..., -0.1292312 ,
          0.        ,  0.00704717],
        [ 0.95875655,  0.9340166 ,  0.92508787, ..., -0.13621606,
         -0.00704717,  0.        ]],

       [[ 0.        ,  0.0448662 ,  0.05196458, ..., -0.99994761,
         -0.92127068, -0.55556426],
        [-0.0448662 ,  0.        ,  0.00710667, ..., -0.99939991,
         -0.90289352, -0.51769974],
        [-0.05196458, -0.00710667,  0.        , ..., -0.99912851,
         -0.89981581, -0.51160647],
        ...,
        [ 0.99994761,  0.99939991,  0.99912851, ...,  0.        ,
         -0.39833152, -0.83711666],
        [ 0.92127068,  0.90289352,  0.89981581, ...,  0.39833152,
          0.        , -0.54994109],
        [ 0.55556426,  0.51769974,  0.51160647, ...,  0.83711666,
          0.54994109,  0.        ]]]), 'num': array([ 9.19539771e-01,  3.92980119e-01,  3.68223533e-05,  1.54009843e-04,
        1.61548786e-04,  1.52932851e-04,  3.60712591e-03, -2.69247976e-06,
        1.55948428e-04,  1.71780209e-04,  1.88967205e-04,  2.48536594e-07,
        1.91427564e-04,  1.52132854e-04])}
{'img': array([[[ 0.00000000e+00,  0.00000000e+00,  1.66514114e-01, ...,
         -8.63543996e-01, -9.99999828e-01, -9.78672542e-01],
        [ 0.00000000e+00,  0.00000000e+00,  1.66514114e-01, ...,
         -8.63543996e-01, -9.99999828e-01, -9.78672542e-01],
        [-1.66514114e-01, -1.66514114e-01,  0.00000000e+00, ...,
         -7.67519464e-01, -9.86136637e-01, -9.30802950e-01],
        ...,
        [ 8.63543996e-01,  8.63543996e-01,  7.67519464e-01, ...,
          0.00000000e+00,  5.04780276e-01,  3.16123795e-01],
        [ 9.99999828e-01,  9.99999828e-01,  9.86136637e-01, ...,
         -5.04780276e-01,  0.00000000e+00, -2.06000917e-01],
        [ 9.78672542e-01,  9.78672542e-01,  9.30802950e-01, ...,
         -3.16123795e-01,  2.06000917e-01,  0.00000000e+00]],

       [[ 0.00000000e+00,  6.76461316e-02,  1.63712442e-01, ...,
          3.87728411e-01,  8.39033044e-01,  6.17431227e-01],
        [-6.76461316e-02,  0.00000000e+00,  9.66039818e-02, ...,
          4.49194694e-01,  8.00306196e-01,  5.62804796e-01],
        [-1.63712442e-01, -9.66039818e-02,  0.00000000e+00, ...,
          5.33403036e-01,  7.38640154e-01,  4.80320630e-01],
        ...,
        [-3.87728411e-01, -4.49194694e-01, -5.33403036e-01, ...,
          0.00000000e+00, -9.84354013e-01, -8.74128651e-01],
        [-8.39033044e-01, -8.00306196e-01, -7.38640154e-01, ...,
          9.84354013e-01,  0.00000000e+00, -3.24071987e-01],
        [-6.17431227e-01, -5.62804796e-01, -4.80320630e-01, ...,
          8.74128651e-01,  3.24071987e-01,  0.00000000e+00]],

       [[ 0.00000000e+00,  6.16414640e-02,  1.57581917e-01, ...,
         -9.60647141e-01, -9.98100997e-01, -9.12130023e-01],
        [-6.16414640e-02,  0.00000000e+00,  9.64109421e-02, ...,
         -9.75942582e-01, -9.99999999e-01, -8.85128580e-01],
        [-1.57581917e-01, -9.64109421e-02,  0.00000000e+00, ...,
         -9.92416521e-01, -9.95337484e-01, -8.36140812e-01],
        ...,
        [ 9.60647141e-01,  9.75942582e-01,  9.92416521e-01, ...,
          0.00000000e+00, -2.18069508e-01, -6.47134045e-01],
        [ 9.98100997e-01,  9.99999999e-01,  9.95337484e-01, ...,
          2.18069508e-01,  0.00000000e+00, -4.65308614e-01],
        [ 9.12130023e-01,  8.85128580e-01,  8.36140812e-01, ...,
          6.47134045e-01,  4.65308614e-01,  0.00000000e+00]],

       ...,

       [[ 0.00000000e+00,  1.66036296e-01,  7.05376745e-02, ...,
         -9.51432130e-01, -4.86034364e-01, -9.82931699e-01],
        [-1.66036296e-01,  0.00000000e+00, -9.60641326e-02, ...,
         -9.89341609e-01, -6.24393744e-01, -9.99834094e-01],
        [-7.05376745e-02,  9.60641326e-02,  0.00000000e+00, ...,
         -9.70777851e-01, -5.46469383e-01, -9.93460206e-01],
        ...,
        [ 9.51432130e-01,  9.89341609e-01,  9.70777851e-01, ...,
          0.00000000e+00,  6.81864463e-01, -1.27568167e-01],
        [ 4.86034364e-01,  6.24393744e-01,  5.46469383e-01, ...,
         -6.81864463e-01,  0.00000000e+00, -7.69606874e-01],
        [ 9.82931699e-01,  9.99834094e-01,  9.93460206e-01, ...,
          1.27568167e-01,  7.69606874e-01,  0.00000000e+00]],

       [[ 0.00000000e+00, -2.42269482e-02,  3.34092319e-03, ...,
         -9.36510862e-01, -9.34016598e-01, -9.36487582e-01],
        [ 2.42269482e-02,  0.00000000e+00,  2.75667555e-02, ...,
         -9.27741079e-01, -9.25087867e-01, -9.27716299e-01],
        [-3.34092319e-03, -2.75667555e-02,  0.00000000e+00, ...,
         -9.37677092e-01, -9.35204862e-01, -9.37654019e-01],
        ...,
        [ 9.36510862e-01,  9.27741079e-01,  9.37677092e-01, ...,
          0.00000000e+00,  7.04716853e-03,  6.63894030e-05],
        [ 9.34016598e-01,  9.25087867e-01,  9.35204862e-01, ...,
         -7.04716853e-03,  0.00000000e+00, -6.98078076e-03],
        [ 9.36487582e-01,  9.27716299e-01,  9.37654019e-01, ...,
         -6.63894030e-05,  6.98078076e-03,  0.00000000e+00]],

       [[ 0.00000000e+00,  6.79381227e-03, -6.15872895e-03, ...,
         -9.72089917e-01, -8.89611574e-01, -4.97987404e-01],
        [-6.79381227e-03,  0.00000000e+00, -1.29522702e-02, ...,
         -9.70473596e-01, -8.86488188e-01, -4.92084424e-01],
        [ 6.15872895e-03,  1.29522702e-02,  0.00000000e+00, ...,
         -9.73516372e-01, -8.92407505e-01, -5.03318712e-01],
        ...,
        [ 9.72089917e-01,  9.70473596e-01,  9.73516372e-01, ...,
          0.00000000e+00, -2.35260351e-01, -7.26148953e-01],
        [ 8.89611574e-01,  8.86488188e-01,  8.92407505e-01, ...,
          2.35260351e-01,  0.00000000e+00, -5.44017392e-01],
        [ 4.97987404e-01,  4.92084424e-01,  5.03318712e-01, ...,
          7.26148953e-01,  5.44017392e-01,  0.00000000e+00]]]), 'num': array([ 9.79404376e-01,  2.01870732e-01,  5.53404745e-05,  1.63450424e-04,
        1.64032098e-04,  1.59378705e-04,  3.87595051e-03, -2.90837053e-06,
        1.66242460e-04,  1.83838102e-04,  2.03246628e-04,  2.80808190e-07,
        2.06343628e-04,  1.61332575e-04])}
{'img': array([[[ 0.        ,  0.16474994,  0.18665856, ..., -0.99875034,
         -0.99215654, -0.85862452],
        [-0.16474994,  0.        ,  0.0222535 , ..., -0.99333659,
         -0.95800508, -0.76244008],
        [-0.18665856, -0.0222535 ,  0.        , ..., -0.99052589,
         -0.95138662, -0.74785195],
        ...,
        [ 0.99875034,  0.99333659,  0.99052589, ...,  0.        ,
         -0.17443098, -0.55487644],
        [ 0.99215654,  0.95800508,  0.95138662, ...,  0.17443098,
          0.        , -0.401255  ],
        [ 0.85862452,  0.76244008,  0.74785195, ...,  0.55487644,
          0.401255  ,  0.        ]],

       [[ 0.        ,  0.09660398,  0.2945704 , ...,  0.8003062 ,
          0.5628048 ,  0.55822026],
        [-0.09660398,  0.        ,  0.20087502, ...,  0.73864015,
          0.48032063,  0.47545777],
        [-0.2945704 , -0.20087502,  0.        , ...,  0.58817452,
          0.29434412,  0.28904896],
        ...,
        [-0.8003062 , -0.73864015, -0.58817452, ...,  0.        ,
         -0.32407199, -0.32930416],
        [-0.5628048 , -0.48032063, -0.29434412, ...,  0.32407199,
          0.        , -0.0055359 ],
        [-0.55822026, -0.47545777, -0.28904896, ...,  0.32930416,
          0.0055359 ,  0.        ]],

       [[ 0.        ,  0.09409738,  0.203614  , ..., -0.9940755 ,
         -0.99245987, -0.87466227],
        [-0.09409738,  0.        ,  0.1105844 , ..., -0.9998924 ,
         -0.9765228 , -0.8251693 ],
        [-0.203614  , -0.1105844 ,  0.        , ..., -0.99538202,
         -0.9467121 , -0.7576408 ],
        ...,
        [ 0.9940755 ,  0.9998924 ,  0.99538202, ...,  0.        ,
         -0.22971603, -0.57692958],
        [ 0.99245987,  0.9765228 ,  0.9467121 , ...,  0.22971603,
          0.        , -0.3738705 ],
        [ 0.87466227,  0.8251693 ,  0.7576408 , ...,  0.57692958,
          0.3738705 ,  0.        ]],

       ...,

       [[ 0.        , -0.09606413,  0.06143585, ..., -0.62439374,
         -0.99983409, -0.95613176],
        [ 0.09606413,  0.        ,  0.15703438, ..., -0.54646938,
         -0.99346021, -0.92356906],
        [-0.06143585, -0.15703438,  0.        , ..., -0.67120242,
         -0.99906449, -0.97232249],
        ...,
        [ 0.62439374,  0.54646938,  0.67120242, ...,  0.        ,
         -0.76960687, -0.56393586],
        [ 0.99983409,  0.99346021,  0.99906449, ...,  0.76960687,
          0.        ,  0.27547246],
        [ 0.95613176,  0.92356906,  0.97232249, ...,  0.56393586,
         -0.27547246,  0.        ]],

       [[ 0.        ,  0.02756676,  0.00923672, ..., -0.92508787,
         -0.9277163 , -0.94020093],
        [-0.02756676,  0.        , -0.01833236, ..., -0.93520486,
         -0.93765402, -0.94923342],
        [-0.00923672,  0.01833236,  0.        , ..., -0.92855608,
         -0.93112466, -0.94330704],
        ...,
        [ 0.92508787,  0.93520486,  0.92855608, ...,  0.        ,
         -0.00698078, -0.04194052],
        [ 0.9277163 ,  0.93765402,  0.93112466, ...,  0.00698078,
          0.        , -0.03496486],
        [ 0.94020093,  0.94923342,  0.94330704, ...,  0.04194052,
          0.03496486,  0.        ]],

       [[ 0.        , -0.01241738,  0.00188025, ..., -0.96092996,
         -0.8686582 , -0.47427384],
        [ 0.01241738,  0.        ,  0.01429746, ..., -0.96429291,
         -0.87474295, -0.48516925],
        [-0.00188025, -0.01429746,  0.        , ..., -0.96040783,
         -0.86772517, -0.47261767],
        ...,
        [ 0.96092996,  0.96429291,  0.96040783, ...,  0.        ,
         -0.2356188 , -0.71470598],
        [ 0.8686582 ,  0.87474295,  0.86772517, ...,  0.2356188 ,
          0.        , -0.52978614],
        [ 0.47427384,  0.48516925,  0.47261767, ...,  0.71470598,
          0.52978614,  0.        ]]]), 'num': array([ 9.91341281e-01,  1.31241817e-01,  6.23260481e-05,  1.65054589e-04,
        1.72230876e-04,  1.62662494e-04,  4.21701319e-03, -2.99011937e-06,
        1.69479966e-04,  1.87629990e-04,  2.08012637e-04,  2.76011019e-07,
        2.12928238e-04,  1.62331743e-04])}
