state_0,state_1,state_2,state_3,state_4,state_5,state_6,state_7,state_8,state_9,state_10,state_11,state_12,state_13,state_14,state_15,state_16,state_17,state_18,state_19,state_20,state_21,state_22,state_23,state_24,state_25,state_26,state_27,state_28,state_29,state_30,state_31,state_32,state_33,state_34,state_35,state_36,state_37,state_38,state_39,state_40,state_41,state_42,state_43,state_44,state_45,state_46,state_47,state_48,state_49,state_50,state_51,state_52,state_53,state_54,state_55,state_56,state_57,state_58,state_59,state_60,state_61,state_62,state_63,state_64,state_65,state_66,state_67,state_68,state_69,state_70,state_71,state_72,state_73,state_74,state_75,state_76,state_77,state_78,state_79,state_80,state_81,state_82,state_83,state_84,state_85,state_86,state_87,state_88,state_89,state_90,state_91,state_92,state_93,state_94,state_95,state_96,state_97,state_98,state_99,state_100,state_101,state_102,state_103,state_104,state_105,state_106,state_107,state_108,state_109,state_110,state_111,state_112,state_113,state_114,state_115,state_116,state_117,state_118,state_119,state_120,state_121,state_122,state_123,state_124,state_125,state_126,state_127,state_128,state_129,state_130,state_131,state_132,state_133,state_134,state_135,state_136,state_137,state_138,state_139,state_140,state_141,state_142,state_143,state_144,state_145,state_146,state_147,state_148,state_149,state_150,state_151,state_152,state_153,state_154,state_155,state_156,state_157,state_158,state_159,state_160,state_161,state_162,state_163,state_164,state_165,state_166,state_167,state_168,state_169,state_170,state_171,state_172,state_173,state_174,state_175,state_176,state_177,state_178,state_179,state_180,state_181,state_182,state_183,state_184,state_185,state_186,state_187,state_188,state_189,state_190,state_191,state_192,state_193,state_194,state_195,state_196,state_197,state_198,state_199,state_200,state_201,state_202,state_203,state_204,state_205,state_206,state_207,state_208,state_209,state_210,state_211,state_212,state_213,state_214,state_215,state_216,state_217,state_218,state_219,state_220,state_221,state_222,state_223,state_224,state_225,state_226,state_227,state_228,state_229,state_230,state_231,state_232,state_233,state_234,state_235,state_236,state_237,state_238,state_239,state_240,state_241,state_242,state_243,state_244,state_245,state_246,state_247,state_248,state_249,state_250,state_251,state_252,state_253,state_254,state_255,state_256,state_257,state_258,state_259,state_260,state_261,state_262,state_263,state_264,state_265,state_266,state_267,state_268,state_269,state_270,state_271,state_272,state_273,state_274,state_275,state_276,state_277,state_278,state_279,state_280,state_281,state_282,state_283,state_284,state_285,state_286,state_287
{'img': array([[[ 0.        , -0.09337386,  0.02879401, ...,  0.81235156,
          0.92793929,  0.91279498],
        [ 0.09337386,  0.        ,  0.12200336, ...,  0.75434984,
          0.88908187,  0.87067151],
        [-0.02879401, -0.12200336,  0.        , ...,  0.82880648,
          0.93828697,  0.9241765 ],
        ...,
        [-0.81235156, -0.75434984, -0.82880648, ...,  0.        ,
         -0.23835562, -0.20053378],
        [-0.92793929, -0.88908187, -0.93828697, ...,  0.23835562,
          0.        ,  0.03875986],
        [-0.91279498, -0.87067151, -0.9241765 , ...,  0.20053378,
         -0.03875986,  0.        ]],

       [[ 0.        , -0.47178613, -0.6198947 , ...,  0.38342802,
         -0.01353418,  0.09915424],
        [ 0.47178613,  0.        , -0.17636572, ...,  0.77380136,
          0.45980966,  0.55688679],
        [ 0.6198947 ,  0.17636572,  0.        , ...,  0.87338684,
          0.60921786,  0.69464475],
        ...,
        [-0.38342802, -0.77380136, -0.87338684, ...,  0.        ,
         -0.39589268, -0.28996256],
        [ 0.01353418, -0.45980966, -0.60921786, ...,  0.39589268,
          0.        ,  0.11261264],
        [-0.09915424, -0.55688679, -0.69464475, ...,  0.28996256,
         -0.11261264,  0.        ]],

       [[ 0.        , -0.15909143, -0.27468363, ...,  0.99429758,
          0.87513935,  0.87513935],
        [ 0.15909143,  0.        , -0.1182133 , ...,  0.99859975,
          0.78701373,  0.78701373],
        [ 0.27468363,  0.1182133 ,  0.        , ...,  0.98534416,
          0.70856539,  0.70856539],
        ...,
        [-0.99429758, -0.99859975, -0.98534416, ...,  0.        ,
          0.57443758,  0.57443758],
        [-0.87513935, -0.78701373, -0.70856539, ..., -0.57443758,
          0.        ,  0.        ],
        [-0.87513935, -0.78701373, -0.70856539, ..., -0.57443758,
          0.        ,  0.        ]],

       ...,

       [[ 0.        , -0.01745461,  0.10476682, ...,  0.71108669,
          0.74128241,  0.75395062],
        [ 0.01745461,  0.        ,  0.12210941, ...,  0.72325077,
          0.7528849 ,  0.76530224],
        [-0.10476682, -0.12210941,  0.        , ...,  0.63351144,
          0.66688421,  0.68097691],
        ...,
        [-0.71108669, -0.72325077, -0.63351144, ...,  0.        ,
          0.04392229,  0.062971  ],
        [-0.74128241, -0.7528849 , -0.66688421, ..., -0.04392229,
          0.        ,  0.01907511],
        [-0.75395062, -0.76530224, -0.68097691, ..., -0.062971  ,
         -0.01907511,  0.        ]],

       [[ 0.        ,  0.11106192,  0.12887426, ...,  0.83790074,
          0.73546006,  0.46718766],
        [-0.11106192,  0.        ,  0.01794121, ...,  0.89333717,
          0.80616214,  0.5624937 ],
        [-0.12887426, -0.01794121,  0.        , ...,  0.90125593,
          0.8166481 ,  0.57723698],
        ...,
        [-0.83790074, -0.89333717, -0.90125593, ...,  0.        ,
          0.16630405,  0.4858352 ],
        [-0.73546006, -0.80616214, -0.8166481 , ..., -0.16630405,
          0.        ,  0.33371159],
        [-0.46718766, -0.5624937 , -0.57723698, ..., -0.4858352 ,
         -0.33371159,  0.        ]],

       [[ 0.        , -0.16869515, -0.27617807, ...,  0.6147484 ,
          0.59586804,  0.57859238],
        [ 0.16869515,  0.        , -0.11008596, ...,  0.73899178,
          0.72280432,  0.70789076],
        [ 0.27617807,  0.11008596,  0.        , ...,  0.80866674,
          0.79448638,  0.78134438],
        ...,
        [-0.6147484 , -0.73899178, -0.80866674, ...,  0.        ,
         -0.02371859, -0.04504987],
        [-0.59586804, -0.72280432, -0.79448638, ...,  0.02371859,
          0.        , -0.02134269],
        [-0.57859238, -0.70789076, -0.78134438, ...,  0.04504987,
          0.02134269,  0.        ]]]), 'num': array([8.46241874e-01, 5.32797053e-01, 4.77084963e-06, 3.79014294e-04,
       3.82475612e-04, 3.64015250e-04, 9.63423183e-04, 9.23018067e-06,
       3.70822509e-04, 3.56861860e-04, 3.44429961e-04, 3.61967869e-07,
       3.80533607e-04, 3.33190113e-04])}
{'img': array([[[ 0.        ,  0.11624701, -0.10405969, ...,  0.97171619,
          0.9656865 ,  0.52881118],
        [-0.11624701,  0.        , -0.21897012, ...,  0.99258021,
          0.98933005,  0.62388945],
        [ 0.10405969,  0.21897012,  0.        , ...,  0.94186691,
          0.93341844,  0.43762072],
        ...,
        [-0.97171619, -0.99258021, -0.94186691, ...,  0.        ,
          0.02431639,  0.69985421],
        [-0.9656865 , -0.98933005, -0.93341844, ..., -0.02431639,
          0.        ,  0.68227842],
        [-0.52881118, -0.62388945, -0.43762072, ..., -0.69985421,
         -0.68227842,  0.        ]],

       [[ 0.        , -0.17636572, -0.23068958, ...,  0.45980966,
          0.55688679,  0.9912647 ],
        [ 0.17636572,  0.        , -0.05546477, ...,  0.60921786,
          0.69464475,  0.9524659 ],
        [ 0.23068958,  0.05546477,  0.        , ...,  0.65226378,
          0.73347419,  0.93410264],
        ...,
        [-0.45980966, -0.60921786, -0.65226378, ...,  0.        ,
          0.11261264,  0.94090353],
        [-0.55688679, -0.69464475, -0.73347419, ..., -0.11261264,
          0.        ,  0.89677935],
        [-0.9912647 , -0.9524659 , -0.93410264, ..., -0.94090353,
         -0.89677935,  0.        ]],

       [[ 0.        , -0.11681107, -0.25394761, ...,  0.92399258,
          0.92399258,  0.78102007],
        [ 0.11681107,  0.        , -0.13922736, ...,  0.8729973 ,
          0.8729973 ,  0.70272411],
        [ 0.25394761,  0.13922736,  0.        , ...,  0.79659002,
          0.79659002,  0.59682486],
        ...,
        [-0.92399258, -0.8729973 , -0.79659002, ...,  0.        ,
          0.        ,  0.27836865],
        [-0.92399258, -0.8729973 , -0.79659002, ...,  0.        ,
          0.        ,  0.27836865],
        [-0.78102007, -0.70272411, -0.59682486, ..., -0.27836865,
         -0.27836865,  0.        ]],

       ...,

       [[ 0.        ,  0.12210941, -0.43221645, ...,  0.7528849 ,
          0.76530224,  0.82309259],
        [-0.12210941,  0.        , -0.53909662, ...,  0.66688421,
          0.68097691,  0.74758627],
        [ 0.43221645,  0.53909662,  0.        , ...,  0.96339314,
          0.96833176,  0.98769895],
        ...,
        [-0.7528849 , -0.66688421, -0.96339314, ...,  0.        ,
          0.01907511,  0.11415145],
        [-0.76530224, -0.68097691, -0.96833176, ..., -0.01907511,
          0.        ,  0.09518025],
        [-0.82309259, -0.74758627, -0.98769895, ..., -0.11415145,
         -0.09518025,  0.        ]],

       [[ 0.        ,  0.01708061,  0.06710773, ...,  0.95009423,
          0.91905893,  0.53994717],
        [-0.01708061,  0.        ,  0.05005583, ...,  0.95528415,
          0.92565667,  0.55424514],
        [-0.06710773, -0.05005583,  0.        , ...,  0.9688876 ,
          0.94343564,  0.59521449],
        ...,
        [-0.95009423, -0.95528415, -0.9688876 , ...,  0.        ,
          0.08773882,  0.63124971],
        [-0.91905893, -0.92565667, -0.94343564, ..., -0.08773882,
          0.        ,  0.56076685],
        [-0.53994717, -0.55424514, -0.59521449, ..., -0.63124971,
         -0.56076685,  0.        ]],

       [[ 0.        , -0.11008596, -0.26334627, ...,  0.72280432,
          0.70789076,  0.66180622],
        [ 0.11008596,  0.        , -0.15554559, ...,  0.79448638,
          0.78134438,  0.7403125 ],
        [ 0.26334627,  0.15554559,  0.        , ...,  0.87927649,
          0.86891044,  0.83586947],
        ...,
        [-0.72280432, -0.79448638, -0.87927649, ...,  0.        ,
         -0.02134269, -0.08452528],
        [-0.70789076, -0.78134438, -0.86891044, ...,  0.02134269,
          0.        , -0.06323972],
        [-0.66180622, -0.7403125 , -0.83586947, ...,  0.08452528,
          0.06323972,  0.        ]]]), 'num': array([ 7.54980820e-01,  6.55743912e-01,  1.51970762e-06,  6.93964389e-04,
        6.96089854e-04,  6.82274330e-04,  5.16711218e-04, -4.25093041e-06,
        6.87800540e-04,  6.58894213e-04,  6.36381994e-04,  6.87019056e-07,
        7.05271260e-04,  6.12517166e-04])}
{'img': array([[[ 0.        , -0.21897012, -0.21897012, ...,  0.98933005,
          0.62388945,  0.8636545 ],
        [ 0.21897012,  0.        ,  0.        , ...,  0.93341844,
          0.43762072,  0.73231557],
        [ 0.21897012,  0.        ,  0.        , ...,  0.93341844,
          0.43762072,  0.73231557],
        ...,
        [-0.98933005, -0.93341844, -0.93341844, ...,  0.        ,
          0.68227842,  0.37287843],
        [-0.62388945, -0.43762072, -0.43762072, ..., -0.68227842,
          0.        , -0.36046404],
        [-0.8636545 , -0.73231557, -0.73231557, ..., -0.37287843,
          0.36046404,  0.        ]],

       [[ 0.        , -0.05546477,  0.78950504, ...,  0.69464475,
          0.9524659 ,  0.56952782],
        [ 0.05546477,  0.        ,  0.82233089, ...,  0.73347419,
          0.93410264,  0.61424161],
        [-0.78950504, -0.82233089,  0.        , ..., -0.14159869,
          0.82508923, -0.29940676],
        ...,
        [-0.69464475, -0.73347419,  0.14159869, ...,  0.        ,
          0.89677935, -0.16128705],
        [-0.9524659 , -0.93410264, -0.82508923, ..., -0.89677935,
          0.        , -0.95640428],
        [-0.56952782, -0.61424161,  0.29940676, ...,  0.16128705,
          0.95640428,  0.        ]],

       [[ 0.        , -0.13592717, -0.29286523, ...,  0.95191874,
          0.92195452,  0.69034026],
        [ 0.13592717,  0.        , -0.16017983, ...,  0.90144244,
          0.86075337,  0.58559185],
        [ 0.29286523,  0.16017983,  0.        , ...,  0.8204612 ,
          0.7681041 ,  0.44818786],
        ...,
        [-0.95191874, -0.90144244, -0.8204612 , ...,  0.        ,
          0.086235  ,  0.4772126 ],
        [-0.92195452, -0.86075337, -0.7681041 , ..., -0.086235  ,
          0.        ,  0.39965263],
        [-0.69034026, -0.58559185, -0.44818786, ..., -0.4772126 ,
         -0.39965263,  0.        ]],

       ...,

       [[ 0.        , -0.53909662, -0.58624541, ...,  0.68097691,
          0.74758627,  0.7955308 ],
        [ 0.53909662,  0.        , -0.0570214 , ...,  0.96833176,
          0.98769895,  0.99667672],
        [ 0.58624541,  0.0570214 ,  0.        , ...,  0.9809926 ,
          0.99500821,  0.99969997],
        ...,
        [-0.68097691, -0.96833176, -0.9809926 , ...,  0.        ,
          0.09518025,  0.16995823],
        [-0.74758627, -0.98769895, -0.99500821, ..., -0.09518025,
          0.        ,  0.07539113],
        [-0.7955308 , -0.99667672, -0.99969997, ..., -0.16995823,
         -0.07539113,  0.        ]],

       [[ 0.        ,  0.048553  ,  0.05263927, ...,  0.96987101,
          0.86259027,  0.54037711],
        [-0.048553  ,  0.        ,  0.0040915 , ...,  0.98055558,
          0.88613606,  0.58059341],
        [-0.05263927, -0.0040915 ,  0.        , ...,  0.9813503 ,
          0.88802474,  0.58391982],
        ...,
        [-0.96987101, -0.98055558, -0.9813503 , ...,  0.        ,
          0.28051742,  0.68442558],
        [-0.86259027, -0.88613606, -0.88802474, ..., -0.28051742,
          0.        ,  0.45242475],
        [-0.54037711, -0.58059341, -0.58391982, ..., -0.68442558,
         -0.45242475,  0.        ]],

       [[ 0.        , -0.15554559, -0.29322412, ...,  0.78134438,
          0.7403125 ,  0.71374066],
        [ 0.15554559,  0.        , -0.14094682, ...,  0.86891044,
          0.83586947,  0.81399922],
        [ 0.29322412,  0.14094682,  0.        , ...,  0.9300006 ,
          0.90489482,  0.88774441],
        ...,
        [-0.78134438, -0.86891044, -0.9300006 , ...,  0.        ,
         -0.06323972, -0.10181585],
        [-0.7403125 , -0.83586947, -0.90489482, ...,  0.06323972,
          0.        , -0.03870097],
        [-0.71374066, -0.81399922, -0.88774441, ...,  0.10181585,
          0.03870097,  0.        ]]]), 'num': array([ 7.89232947e-01,  6.14090571e-01,  2.69035909e-06,  7.23728829e-04,
        7.33734297e-04,  7.15946799e-04,  3.83531811e-04, -2.22343726e-06,
        7.20838361e-04,  6.91266645e-04,  6.67568510e-04,  6.99122026e-07,
        7.41952237e-04,  6.40581053e-04])}
{'img': array([[[ 0.        ,  0.        , -0.13364647, ...,  0.43762072,
          0.73231557,  0.78698181],
        [ 0.        ,  0.        , -0.13364647, ...,  0.43762072,
          0.73231557,  0.78698181],
        [ 0.13364647,  0.13364647,  0.        , ...,  0.31352535,
          0.6347374 ,  0.69746516],
        ...,
        [-0.43762072, -0.43762072, -0.31352535, ...,  0.        ,
         -0.36046404, -0.43762072],
        [-0.73231557, -0.73231557, -0.6347374 , ...,  0.36046404,
          0.        , -0.08408612],
        [-0.78698181, -0.78698181, -0.69746516, ...,  0.43762072,
          0.08408612,  0.        ]],

       [[ 0.        ,  0.82233089,  0.60631178, ...,  0.93410264,
          0.61424161,  0.37791605],
        [-0.82233089,  0.        , -0.30894254, ...,  0.82508923,
         -0.29940676, -0.54630887],
        [-0.60631178,  0.30894254,  0.        , ...,  0.95927974,
          0.01000998, -0.26081856],
        ...,
        [-0.93410264, -0.82508923, -0.95927974, ...,  0.        ,
         -0.95640428, -0.99974722],
        [-0.61424161,  0.29940676, -0.01000998, ...,  0.95640428,
          0.        , -0.27046901],
        [-0.37791605,  0.54630887,  0.26081856, ...,  0.99974722,
          0.27046901,  0.        ]],

       [[ 0.        , -0.15921521, -0.24006913, ...,  0.88385384,
          0.74087046,  0.5826348 ],
        [ 0.15921521,  0.        , -0.0824477 , ...,  0.7981043 ,
          0.62448327,  0.44580303],
        [ 0.24006913,  0.0824477 ,  0.        , ...,  0.74571073,
          0.55796235,  0.37048374],
        ...,
        [-0.88385384, -0.7981043 , -0.74571073, ...,  0.        ,
          0.24708669,  0.44580303],
        [-0.74087046, -0.62448327, -0.55796235, ..., -0.24708669,
          0.        ,  0.2108052 ],
        [-0.5826348 , -0.44580303, -0.37048374, ..., -0.44580303,
         -0.2108052 ,  0.        ]],

       ...,

       [[ 0.        , -0.0570214 , -0.04000688, ...,  0.98769895,
          0.99667672,  0.98854162],
        [ 0.0570214 ,  0.        ,  0.01703397, ...,  0.99500821,
          0.99969997,  0.99554052],
        [ 0.04000688, -0.01703397,  0.        , ...,  0.99316398,
          0.99913769,  0.99378918],
        ...,
        [-0.98769895, -0.99500821, -0.99316398, ...,  0.        ,
          0.07539113,  0.00548405],
        [-0.99667672, -0.99969997, -0.99913769, ..., -0.07539113,
          0.        , -0.06992156],
        [-0.98854162, -0.99554052, -0.99378918, ..., -0.00548405,
          0.06992156,  0.        ]],

       [[ 0.        ,  0.00398171,  0.02015484, ...,  0.94785379,
          0.86578258,  0.56781506],
        [-0.00398171,  0.        ,  0.01617378, ...,  0.94911527,
          0.86776824,  0.57108812],
        [-0.02015484, -0.01617378,  0.        , ...,  0.95408471,
          0.8756926 ,  0.58429029],
        ...,
        [-0.94785379, -0.94911527, -0.95408471, ...,  0.        ,
          0.19839566,  0.59926591],
        [-0.86578258, -0.86776824, -0.8756926 , ..., -0.19839566,
          0.        ,  0.42852805],
        [-0.56781506, -0.57108812, -0.58429029, ..., -0.59926591,
         -0.42852805,  0.        ]],

       [[ 0.        , -0.14094682, -0.30527912, ...,  0.83586947,
          0.81399922,  0.81116899],
        [ 0.14094682,  0.        , -0.16801314, ...,  0.90489482,
          0.88774441,  0.88549859],
        [ 0.30527912,  0.16801314,  0.        , ...,  0.96354383,
          0.95246752,  0.95097698],
        ...,
        [-0.83586947, -0.90489482, -0.96354383, ...,  0.        ,
         -0.03870097, -0.04355279],
        [-0.81399922, -0.88774441, -0.95246752, ...,  0.03870097,
          0.        , -0.00485591],
        [-0.81116899, -0.88549859, -0.95097698, ...,  0.04355279,
          0.00485591,  0.        ]]]), 'num': array([7.88555799e-01, 6.14959443e-01, 2.59486333e-06, 7.38707901e-04,
       7.39812098e-04, 7.18832352e-04, 7.92073749e-04, 1.98755489e-05,
       7.22365783e-04, 6.89736757e-04, 6.65352403e-04, 7.57782365e-07,
       7.44642232e-04, 6.34831281e-04])}
{'img': array([[[ 0.        , -0.12718976, -0.41810882, ...,  0.91087442,
          0.92868352,  0.41810882],
        [ 0.12718976,  0.        , -0.29917432, ...,  0.85098753,
          0.87396986,  0.29917432],
        [ 0.41810882,  0.29917432,  0.        , ...,  0.65488887,
          0.68854793,  0.        ],
        ...,
        [-0.91087442, -0.85098753, -0.65488887, ...,  0.        ,
         -0.0454336 ,  0.65488887],
        [-0.92868352, -0.87396986, -0.68854793, ...,  0.0454336 ,
          0.        ,  0.68854793],
        [-0.41810882, -0.29917432, -0.        , ..., -0.65488887,
         -0.68854793,  0.        ]],

       [[ 0.        , -0.31443433,  0.45870633, ..., -0.30466172,
         -0.56133452,  0.00448736],
        [ 0.31443433,  0.        ,  0.71484294, ...,  0.01027728,
         -0.27264081,  0.31869092],
        [-0.45870633, -0.71484294,  0.        , ..., -0.70761844,
         -0.87841539, -0.4547143 ],
        ...,
        [ 0.30466172, -0.01027728,  0.70761844, ...,  0.        ,
         -0.28251434,  0.30893268],
        [ 0.56133452,  0.27264081,  0.87841539, ...,  0.28251434,
          0.        ,  0.56504256],
        [-0.00448736, -0.31869092,  0.4547143 , ..., -0.30893268,
         -0.56504256,  0.        ]],

       [[ 0.        , -0.0802066 , -0.18144843, ...,  0.81561178,
          0.78809503,  0.43478796],
        [ 0.0802066 ,  0.        , -0.10198864, ...,  0.76657659,
          0.73618454,  0.36115851],
        [ 0.18144843,  0.10198864,  0.        , ...,  0.69708703,
          0.66332179,  0.26417041],
        ...,
        [-0.81561178, -0.76657659, -0.69708703, ...,  0.        ,
          0.04606134,  0.4829171 ],
        [-0.78809503, -0.73618454, -0.66332179, ..., -0.04606134,
          0.        ,  0.44207019],
        [-0.43478796, -0.36115851, -0.26417041, ..., -0.4829171 ,
         -0.44207019,  0.        ]],

       ...,

       [[ 0.        ,  0.01703397, -0.62222697, ...,  0.99969997,
          0.99554052,  0.9887334 ],
        [-0.01703397,  0.        , -0.63547151, ...,  0.99913769,
          0.99378918,  0.99113972],
        [ 0.62222697,  0.63547151,  0.        , ...,  0.79784301,
          0.83804356,  0.68087758],
        ...,
        [-0.99969997, -0.99913769, -0.79784301, ...,  0.        ,
         -0.06992156,  0.17386058],
        [-0.99554052, -0.99378918, -0.83804356, ...,  0.06992156,
          0.        ,  0.24229173],
        [-0.9887334 , -0.99113972, -0.68087758, ..., -0.17386058,
         -0.24229173,  0.        ]],

       [[ 0.        ,  0.01542937,  0.05079624, ...,  0.96595711,
          0.91825106,  0.54927796],
        [-0.01542937,  0.        ,  0.03538074, ...,  0.96983373,
          0.92425176,  0.56210597],
        [-0.05079624, -0.03538074,  0.        , ...,  0.9778512 ,
          0.93718088,  0.59101623],
        ...,
        [-0.96595711, -0.96983373, -0.9778512 , ...,  0.        ,
          0.14496414,  0.66509265],
        [-0.91825106, -0.92425176, -0.93718088, ..., -0.14496414,
          0.        ,  0.54981367],
        [-0.54927796, -0.56210597, -0.59101623, ..., -0.66509265,
         -0.54981367,  0.        ]],

       [[ 0.        , -0.16801314, -0.37858246, ...,  0.88774441,
          0.88549859,  0.86600026],
        [ 0.16801314,  0.        , -0.21769331, ...,  0.95246752,
          0.95097698,  0.93770374],
        [ 0.37858246,  0.21769331,  0.        , ...,  0.99594283,
          0.99549411,  0.99084947],
        ...,
        [-0.88774441, -0.95246752, -0.99594283, ...,  0.        ,
         -0.00485591, -0.04525918],
        [-0.88549859, -0.95097698, -0.99549411, ...,  0.00485591,
          0.        , -0.04040771],
        [-0.86600026, -0.93770374, -0.99084947, ...,  0.04525918,
          0.04040771,  0.        ]]]), 'num': array([ 8.56778161e-01,  5.15680243e-01,  5.19966338e-06,  7.93250971e-04,
        8.06552436e-04,  7.87204851e-04,  5.19857508e-04, -1.57199125e-05,
        7.94702040e-04,  7.58546241e-04,  7.30895318e-04,  7.65841893e-07,
        8.19576008e-04,  6.97516475e-04])}
{'img': array([[[ 0.        , -0.29917432,  0.        , ...,  0.87396986,
          0.29917432,  0.81036774],
        [ 0.29917432,  0.        ,  0.29917432, ...,  0.68854793,
          0.        ,  0.59795896],
        [ 0.        , -0.29917432,  0.        , ...,  0.87396986,
          0.29917432,  0.81036774],
        ...,
        [-0.87396986, -0.68854793, -0.87396986, ...,  0.        ,
          0.68854793,  0.1182552 ],
        [-0.29917432, -0.        , -0.29917432, ..., -0.68854793,
          0.        , -0.59795896],
        [-0.81036774, -0.59795896, -0.81036774, ..., -0.1182552 ,
          0.59795896,  0.        ]],

       [[ 0.        ,  0.71484294,  0.64138808, ..., -0.27264081,
          0.31869092, -0.08714723],
        [-0.71484294,  0.        , -0.09992629, ..., -0.87841539,
         -0.4547143 , -0.77306403],
        [-0.64138808,  0.09992629,  0.        , ..., -0.82626422,
         -0.3634403 , -0.70580869],
        ...,
        [ 0.27264081,  0.87841539,  0.82626422, ...,  0.        ,
          0.56504256,  0.1877578 ],
        [-0.31869092,  0.4547143 ,  0.3634403 , ..., -0.56504256,
          0.        , -0.4000817 ],
        [ 0.08714723,  0.77306403,  0.70580869, ..., -0.1877578 ,
          0.4000817 ,  0.        ]],

       [[ 0.        , -0.10062725, -0.35660289, ...,  0.79783481,
          0.63517032,  0.35660289],
        [ 0.10062725,  0.        , -0.26078123, ...,  0.73311939,
          0.55422464,  0.26078123],
        [ 0.35660289,  0.26078123,  0.        , ...,  0.53039464,
          0.3179816 ,  0.        ],
        ...,
        [-0.79783481, -0.73311939, -0.53039464, ...,  0.        ,
          0.23329633,  0.53039464],
        [-0.63517032, -0.55422464, -0.3179816 , ..., -0.23329633,
          0.        ,  0.3179816 ],
        [-0.35660289, -0.26078123, -0.        , ..., -0.53039464,
         -0.3179816 ,  0.        ]],

       ...,

       [[ 0.        , -0.63547151, -0.15188738, ...,  0.99378918,
          0.99113972,  0.99557911],
        [ 0.63547151,  0.        ,  0.51082271, ...,  0.83804356,
          0.68087758,  0.8283986 ],
        [ 0.15188738, -0.51082271,  0.        , ...,  0.99916095,
          0.95946612,  0.9982945 ],
        ...,
        [-0.99378918, -0.83804356, -0.99916095, ...,  0.        ,
          0.24229173,  0.01744389],
        [-0.99113972, -0.68087758, -0.95946612, ..., -0.24229173,
          0.        , -0.22533074],
        [-0.99557911, -0.8283986 , -0.9982945 , ..., -0.01744389,
          0.22533074,  0.        ]],

       [[ 0.        ,  0.03462595,  0.04459084, ...,  0.95953359,
          0.83051352,  0.55217949],
        [-0.03462595,  0.        ,  0.00997258, ...,  0.96870867,
          0.8493021 ,  0.5807169 ],
        [-0.04459084, -0.00997258,  0.        , ...,  0.9711357 ,
          0.85452446,  0.58880676],
        ...,
        [-0.95953359, -0.96870867, -0.9711357 , ...,  0.        ,
          0.30059096,  0.64449686],
        [-0.83051352, -0.8493021 , -0.85452446, ..., -0.30059096,
          0.        ,  0.38485697],
        [-0.55217949, -0.5807169 , -0.58880676, ..., -0.64449686,
         -0.38485697,  0.        ]],

       [[ 0.        , -0.21769331, -0.46166621, ...,  0.95097698,
          0.93770374,  0.95692601],
        [ 0.21769331,  0.        , -0.25748851, ...,  0.99549411,
          0.99084947,  0.99717958],
        [ 0.46166621,  0.25748851,  0.        , ...,  0.98634334,
          0.992193  ,  0.98288121],
        ...,
        [-0.95097698, -0.99549411, -0.98634334, ...,  0.        ,
         -0.04040771,  0.01984158],
        [-0.93770374, -0.99084947, -0.992193  , ...,  0.04040771,
          0.        ,  0.06022513],
        [-0.95692601, -0.99717958, -0.98288121, ..., -0.01984158,
         -0.06022513,  0.        ]]]), 'num': array([ 9.20312515e-01,  3.91176466e-01,  8.12804990e-06,  8.49335552e-04,
        8.59772855e-04,  8.44116900e-04,  5.31832787e-04, -6.52331453e-06,
        8.55858866e-04,  8.21611465e-04,  7.90973631e-04,  8.22370457e-07,
        8.86943038e-04,  7.56279892e-04])}
{'img': array([[[ 0.        ,  0.29917432,  0.67210262, ...,  0.        ,
          0.59795896,  0.68854793],
        [-0.29917432,  0.        ,  0.41979327, ...,  0.29917432,
          0.81036774,  0.87396986],
        [-0.67210262, -0.41979327,  0.        , ...,  0.67210262,
          0.98147171,  0.99724349],
        ...,
        [-0.        , -0.29917432, -0.67210262, ...,  0.        ,
         -0.59795896, -0.68854793],
        [-0.59795896, -0.81036774, -0.98147171, ...,  0.59795896,
          0.        , -0.1182552 ],
        [-0.68854793, -0.87396986, -0.99724349, ...,  0.68854793,
          0.1182552 ,  0.        ]],

       [[ 0.        , -0.09992629, -0.29167359, ..., -0.4547143 ,
         -0.77306403, -0.79969907],
        [ 0.09992629,  0.        , -0.19463243, ..., -0.3634403 ,
         -0.70580869, -0.73570061],
        [ 0.29167359,  0.19463243,  0.        , ..., -0.17516698,
         -0.55443288, -0.58980537],
        ...,
        [ 0.4547143 ,  0.3634403 ,  0.17516698, ...,  0.        ,
         -0.4000817 , -0.43923093],
        [ 0.77306403,  0.70580869,  0.55443288, ...,  0.4000817 ,
          0.        , -0.04312306],
        [ 0.79969907,  0.73570061,  0.58980537, ...,  0.43923093,
          0.04312306,  0.        ]],

       [[ 0.        , -0.26078123,  0.01295782, ...,  0.55422464,
          0.26078123,  0.45106318],
        [ 0.26078123,  0.        ,  0.27326879, ...,  0.3179816 ,
          0.        ,  0.20271029],
        [-0.01295782, -0.27326879,  0.        , ...,  0.56496378,
          0.27326879,  0.46259006],
        ...,
        [-0.55422464, -0.3179816 , -0.56496378, ...,  0.        ,
          0.3179816 ,  0.11919091],
        [-0.26078123, -0.        , -0.27326879, ..., -0.3179816 ,
          0.        , -0.20271029],
        [-0.45106318, -0.20271029, -0.46259006, ..., -0.11919091,
          0.20271029,  0.        ]],

       ...,

       [[ 0.        ,  0.51082271,  0.9214349 , ...,  0.68087758,
          0.8283986 ,  0.83491915],
        [-0.51082271,  0.        ,  0.59367339, ...,  0.95946612,
          0.9982945 ,  0.9989112 ],
        [-0.9214349 , -0.59367339,  0.        , ...,  0.93939965,
          0.83799169,  0.831526  ],
        ...,
        [-0.68087758, -0.95946612, -0.93939965, ...,  0.        ,
         -0.22533074, -0.23675612],
        [-0.8283986 , -0.9982945 , -0.83799169, ...,  0.22533074,
          0.        , -0.01174292],
        [-0.83491915, -0.9989112 , -0.831526  , ...,  0.23675612,
          0.01174292,  0.        ]],

       [[ 0.        ,  0.00984668, -0.01162152, ...,  0.89522986,
          0.79273442,  0.57473473],
        [-0.00984668,  0.        , -0.02146697, ...,  0.89957418,
          0.79869819,  0.5827648 ],
        [ 0.01162152,  0.02146697,  0.        , ...,  0.8899908 ,
          0.78559678,  0.56518557],
        ...,
        [-0.89522986, -0.89957418, -0.8899908 , ...,  0.        ,
          0.1924566 ,  0.47649773],
        [-0.79273442, -0.79869819, -0.78559678, ..., -0.1924566 ,
          0.        ,  0.29838667],
        [-0.57473473, -0.5827648 , -0.56518557, ..., -0.47649773,
         -0.29838667,  0.        ]],

       [[ 0.        , -0.25748851, -0.46503776, ...,  0.99084947,
          0.99717958,  0.99983733],
        [ 0.25748851,  0.        , -0.22140509, ...,  0.992193  ,
          0.98288121,  0.96148002],
        [ 0.46503776,  0.22140509,  0.        , ...,  0.93995685,
          0.91769622,  0.87675925],
        ...,
        [-0.99084947, -0.992193  , -0.93995685, ...,  0.        ,
          0.06022513,  0.15282094],
        [-0.99717958, -0.98288121, -0.91769622, ..., -0.06022513,
          0.        ,  0.09302582],
        [-0.99983733, -0.96148002, -0.87675925, ..., -0.15282094,
         -0.09302582,  0.        ]]]), 'num': array([9.68146773e-01, 2.50368701e-01, 1.06971397e-05, 9.00599839e-04,
       9.05968541e-04, 8.71071975e-04, 1.14953315e-03, 2.68435123e-05,
       8.85299037e-04, 8.49664274e-04, 8.16691493e-04, 8.16096732e-07,
       9.19170184e-04, 7.80158365e-04])}
{'img': array([[[ 0.        ,  0.61998282,  0.86153846, ...,  0.63897107,
          0.72160242,  0.        ],
        [-0.61998282,  0.        ,  0.36121582, ...,  0.97825639,
          0.99539924,  0.61998282],
        [-0.86153846, -0.36121582,  0.        , ...,  0.98712259,
          0.9628017 ,  0.86153846],
        ...,
        [-0.63897107, -0.97825639, -0.98712259, ...,  0.        ,
         -0.1127142 ,  0.63897107],
        [-0.72160242, -0.99539924, -0.9628017 , ...,  0.1127142 ,
          0.        ,  0.72160242],
        [-0.        , -0.61998282, -0.86153846, ..., -0.63897107,
         -0.72160242,  0.        ]],

       [[ 0.        , -0.19463243, -0.03787443, ..., -0.70580869,
         -0.73570061, -0.21296492],
        [ 0.19463243,  0.        ,  0.15734266, ..., -0.55443288,
         -0.58980537, -0.01872469],
        [ 0.03787443, -0.15734266,  0.        , ..., -0.67847193,
         -0.70952014, -0.17580653],
        ...,
        [ 0.70580869,  0.55443288,  0.67847193, ...,  0.        ,
         -0.04312306,  0.53875245],
        [ 0.73570061,  0.58980537,  0.70952014, ...,  0.04312306,
          0.        ,  0.57458092],
        [ 0.21296492,  0.01872469,  0.17580653, ..., -0.53875245,
         -0.57458092,  0.        ]],

       [[ 0.        ,  0.27052886,  0.50279312, ...,  0.28231407,
          0.34396341,  0.        ],
        [-0.27052886,  0.        ,  0.25019792, ...,  0.53131141,
          0.58515968,  0.27052886],
        [-0.50279312, -0.25019792,  0.        , ...,  0.72637471,
          0.76943852,  0.50279312],
        ...,
        [-0.28231407, -0.53131141, -0.72637471, ...,  0.        ,
         -0.06488355,  0.28231407],
        [-0.34396341, -0.58515968, -0.76943852, ...,  0.06488355,
          0.        ,  0.34396341],
        [-0.        , -0.27052886, -0.50279312, ..., -0.28231407,
         -0.34396341,  0.        ]],

       ...,

       [[ 0.        ,  0.86986036,  0.98186827, ...,  0.84989542,
          0.8563185 ,  0.89875848],
        [-0.86986036,  0.        ,  0.31945906, ...,  0.87762588,
          0.87165795,  0.8247409 ],
        [-0.98186827, -0.31945906,  0.        , ...,  0.67850685,
          0.66941156,  0.600867  ],
        ...,
        [-0.84989542, -0.87762588, -0.67850685, ...,  0.        ,
         -0.01231138, -0.10097044],
        [-0.8563185 , -0.87165795, -0.66941156, ...,  0.01231138,
          0.        , -0.08871433],
        [-0.89875848, -0.8247409 , -0.600867  , ...,  0.10097044,
          0.08871433,  0.        ]],

       [[ 0.        , -0.02084022, -0.06224249, ...,  0.91549119,
          0.87617063,  0.56876865],
        [ 0.02084022,  0.        , -0.04142915, ...,  0.90690754,
          0.86593533,  0.55150409],
        [ 0.06224249,  0.04142915,  0.        , ...,  0.88867358,
          0.84447084,  0.51647155],
        ...,
        [-0.91549119, -0.90690754, -0.88867358, ...,  0.        ,
          0.08875096,  0.524152  ],
        [-0.87617063, -0.86593533, -0.84447084, ..., -0.08875096,
          0.        ,  0.4465011 ],
        [-0.56876865, -0.55150409, -0.51647155, ..., -0.524152  ,
         -0.4465011 ,  0.        ]],

       [[ 0.        , -0.22140509, -0.10079902, ...,  0.98288121,
          0.96148002,  0.94519837],
        [ 0.22140509,  0.        ,  0.12198005, ...,  0.91769622,
          0.87675925,  0.84945234],
        [ 0.10079902, -0.12198005,  0.        , ...,  0.95930395,
          0.9288759 ,  0.90747375],
        ...,
        [-0.98288121, -0.91769622, -0.95930395, ...,  0.        ,
          0.09302582,  0.14676367],
        [-0.96148002, -0.87675925, -0.9288759 , ..., -0.09302582,
          0.        ,  0.05410875],
        [-0.94519837, -0.84945234, -0.90747375, ..., -0.14676367,
         -0.05410875,  0.        ]]]), 'num': array([9.43877792e-01, 3.30284990e-01, 9.11727788e-06, 8.79072781e-04,
       8.85603783e-04, 8.66010779e-04, 8.70961278e-04, 2.61240054e-06,
       8.67316979e-04, 8.31984262e-04, 7.97674734e-04, 9.56325197e-07,
       8.99232521e-04, 7.64736002e-04])}
{'img': array([[[ 0.        ,  0.71909164,  0.73509317, ...,  0.77892375,
          0.2581618 ,  0.        ],
        [-0.71909164,  0.        ,  0.0233077 , ...,  0.99224177,
          0.87411623,  0.71909164],
        [-0.73509317, -0.0233077 ,  0.        , ...,  0.98907453,
          0.8851997 ,  0.73509317],
        ...,
        [-0.77892375, -0.99224177, -0.98907453, ...,  0.        ,
          0.59062148,  0.77892375],
        [-0.2581618 , -0.87411623, -0.8851997 , ..., -0.59062148,
          0.        ,  0.2581618 ],
        [-0.        , -0.71909164, -0.73509317, ..., -0.77892375,
         -0.2581618 ,  0.        ]],

       [[ 0.        ,  0.15734266, -0.3156777 , ..., -0.58980537,
         -0.01872469, -0.23527087],
        [-0.15734266,  0.        , -0.46104281, ..., -0.70952014,
         -0.17580653, -0.38526638],
        [ 0.3156777 ,  0.46104281,  0.        , ..., -0.30472245,
          0.29785512,  0.08357593],
        ...,
        [ 0.58980537,  0.70952014,  0.30472245, ...,  0.        ,
          0.57458092,  0.38325752],
        [ 0.01872469,  0.17580653, -0.29785512, ..., -0.57458092,
          0.        , -0.21703054],
        [ 0.23527087,  0.38526638, -0.08357593, ..., -0.38325752,
          0.21703054,  0.        ]],

       [[ 0.        ,  0.42860037,  0.60833913, ...,  0.49850205,
          0.37558319,  0.        ],
        [-0.42860037,  0.        ,  0.20946052, ...,  0.82194244,
          0.73655919,  0.42860037],
        [-0.60833913, -0.20946052,  0.        , ...,  0.92301192,
          0.86189364,  0.60833913],
        ...,
        [-0.49850205, -0.82194244, -0.92301192, ...,  0.        ,
          0.13641731,  0.49850205],
        [-0.37558319, -0.73655919, -0.86189364, ..., -0.13641731,
          0.        ,  0.37558319],
        [-0.        , -0.42860037, -0.60833913, ..., -0.49850205,
         -0.37558319,  0.        ]],

       ...,

       [[ 0.        ,  0.8050519 ,  0.9066273 , ...,  0.93586058,
          0.96878604,  0.55847562],
        [-0.8050519 ,  0.        ,  0.19813782, ...,  0.83883315,
          0.77425918,  0.99909759],
        [-0.9066273 , -0.19813782,  0.        , ...,  0.71433861,
          0.63351364,  0.98770528],
        ...,
        [-0.93586058, -0.83883315, -0.71433861, ...,  0.        ,
         -0.10937332,  0.5795256 ],
        [-0.96878604, -0.77425918, -0.63351364, ...,  0.10937332,
          0.        ,  0.6651831 ],
        [-0.55847562, -0.99909759, -0.98770528, ..., -0.5795256 ,
         -0.6651831 ,  0.        ]],

       [[ 0.        , -0.0406067 , -0.08766278, ...,  0.92164004,
          0.81750362,  0.54226352],
        [ 0.0406067 ,  0.        , -0.04714011, ...,  0.90512262,
          0.79344299,  0.50769818],
        [ 0.08766278,  0.04714011,  0.        , ...,  0.88407473,
          0.76386934,  0.46652091],
        ...,
        [-0.92164004, -0.90512262, -0.88407473, ...,  0.        ,
          0.21356519,  0.56394662],
        [-0.81750362, -0.79344299, -0.76386934, ..., -0.21356519,
          0.        ,  0.37457117],
        [-0.54226352, -0.50769818, -0.46652091, ..., -0.56394662,
         -0.37457117,  0.        ]],

       [[ 0.        ,  0.12198005,  0.18536682, ...,  0.87675925,
          0.84945234,  0.75888539],
        [-0.12198005,  0.        ,  0.06411654, ...,  0.9288759 ,
          0.90747375,  0.83265481],
        [-0.18536682, -0.06411654,  0.        , ...,  0.95071286,
          0.93254247,  0.8664488 ],
        ...,
        [-0.87675925, -0.9288759 , -0.95071286, ...,  0.        ,
          0.05410875,  0.20599645],
        [-0.84945234, -0.90747375, -0.93254247, ..., -0.05410875,
          0.        ,  0.15274641],
        [-0.75888539, -0.83265481, -0.8664488 , ..., -0.20599645,
         -0.15274641,  0.        ]]]), 'num': array([ 9.38379317e-01,  3.45598290e-01,  8.83429250e-06,  8.73020658e-04,
        8.78224954e-04,  8.62612066e-04,  5.72927938e-04, -2.60214801e-06,
        8.64433569e-04,  8.33272847e-04,  7.97059620e-04,  8.07924987e-07,
        8.99295013e-04,  7.67250680e-04])}
{'img': array([[[ 0.        ,  0.06367866, -0.0825309 , ...,  0.53284479,
          0.27729678,  0.53284479],
        [-0.06367866,  0.        , -0.14582482, ...,  0.58564907,
          0.33791545,  0.58564907],
        [ 0.0825309 ,  0.14582482,  0.        , ...,  0.46118827,
          0.19705638,  0.46118827],
        ...,
        [-0.53284479, -0.58564907, -0.46118827, ...,  0.        ,
          0.27729678,  0.        ],
        [-0.27729678, -0.33791545, -0.19705638, ..., -0.27729678,
          0.        , -0.27729678],
        [-0.53284479, -0.58564907, -0.46118827, ...,  0.        ,
          0.27729678,  0.        ]],

       [[ 0.        , -0.46104281, -0.21613654, ..., -0.17580653,
         -0.38526638, -0.6642424 ],
