state_0,state_1,state_2,state_3,state_4,state_5,state_6,state_7,state_8,state_9,state_10,state_11,state_12,state_13,state_14,state_15,state_16,state_17,state_18,state_19,state_20,state_21,state_22,state_23,state_24,state_25,state_26,state_27,state_28,state_29,state_30,state_31,state_32,state_33,state_34,state_35,state_36,state_37,state_38,state_39,state_40,state_41,state_42,state_43,state_44,state_45,state_46,state_47,state_48,state_49,state_50,state_51,state_52,state_53,state_54,state_55,state_56,state_57,state_58,state_59,state_60,state_61,state_62,state_63,state_64,state_65,state_66,state_67,state_68,state_69,state_70,state_71,state_72,state_73,state_74,state_75,state_76,state_77,state_78,state_79,state_80,state_81,state_82,state_83,state_84,state_85,state_86,state_87,state_88,state_89,state_90,state_91,state_92,state_93,state_94,state_95,state_96,state_97,state_98,state_99,state_100,state_101,state_102,state_103,state_104,state_105,state_106,state_107,state_108,state_109,state_110,state_111,state_112,state_113,state_114,state_115,state_116,state_117,state_118,state_119,state_120,state_121,state_122,state_123,state_124,state_125,state_126,state_127,state_128,state_129,state_130,state_131,state_132,state_133,state_134,state_135,state_136,state_137,state_138,state_139,state_140,state_141,state_142,state_143,state_144,state_145,state_146,state_147,state_148,state_149,state_150,state_151,state_152,state_153,state_154,state_155,state_156,state_157,state_158,state_159,state_160,state_161,state_162,state_163,state_164,state_165,state_166,state_167,state_168,state_169,state_170,state_171,state_172,state_173,state_174,state_175,state_176,state_177,state_178,state_179,state_180,state_181,state_182,state_183,state_184,state_185,state_186,state_187,state_188,state_189,state_190,state_191,state_192,state_193,state_194,state_195,state_196,state_197,state_198,state_199,state_200,state_201,state_202,state_203,state_204,state_205,state_206,state_207,state_208,state_209,state_210,state_211,state_212,state_213,state_214,state_215,state_216,state_217,state_218,state_219,state_220,state_221,state_222,state_223,state_224,state_225,state_226,state_227,state_228,state_229,state_230,state_231,state_232,state_233,state_234,state_235,state_236,state_237,state_238,state_239,state_240,state_241,state_242,state_243,state_244,state_245,state_246,state_247,state_248,state_249,state_250,state_251,state_252,state_253,state_254,state_255,state_256,state_257,state_258,state_259,state_260,state_261,state_262,state_263,state_264,state_265,state_266,state_267,state_268,state_269,state_270,state_271,state_272,state_273,state_274,state_275,state_276,state_277,state_278,state_279,state_280,state_281,state_282,state_283,state_284,state_285,state_286,state_287
{'img': array([[[ 0.        , -0.0557752 , -0.17398107, ..., -0.83697487,
         -0.83697487, -0.73680075],
        [ 0.0557752 ,  0.        , -0.11878567, ..., -0.80514951,
         -0.80514951, -0.69794364],
        [ 0.17398107,  0.11878567,  0.        , ..., -0.72900054,
         -0.72900054, -0.60793347],
        ...,
        [ 0.83697487,  0.80514951,  0.72900054, ...,  0.        ,
          0.        ,  0.16267922],
        [ 0.83697487,  0.80514951,  0.72900054, ...,  0.        ,
          0.        ,  0.16267922],
        [ 0.73680075,  0.69794364,  0.60793347, ..., -0.16267922,
         -0.16267922,  0.        ]],

       [[ 0.        , -0.03294703, -0.10035179, ...,  0.20470778,
         -0.18371717,  0.93535009],
        [ 0.03294703,  0.        , -0.0675166 , ...,  0.23684595,
         -0.15123119,  0.94649642],
        [ 0.10035179,  0.0675166 ,  0.        , ...,  0.30190107,
         -0.08414605,  0.96612523],
        ...,
        [-0.20470778, -0.23684595, -0.30190107, ...,  0.        ,
         -0.38105009,  0.84313238],
        [ 0.18371717,  0.15123119,  0.08414605, ...,  0.38105009,
          0.        ,  0.98441468],
        [-0.93535009, -0.94649642, -0.96612523, ..., -0.84313238,
         -0.98441468,  0.        ]],

       [[ 0.        , -0.36169832, -0.50940298, ..., -0.99949358,
         -0.99985674, -0.99971919],
        [ 0.36169832,  0.        , -0.16366238, ..., -0.94333275,
         -0.93828381, -0.92346235],
        [ 0.50940298,  0.16366238,  0.        , ..., -0.87630215,
         -0.86902708, -0.8482153 ],
        ...,
        [ 0.99949358,  0.94333275,  0.87630215, ...,  0.        ,
          0.01489907,  0.05549701],
        [ 0.99985674,  0.93828381,  0.86902708, ..., -0.01489907,
          0.        ,  0.04061474],
        [ 0.99971919,  0.92346235,  0.8482153 , ..., -0.05549701,
         -0.04061474,  0.        ]],

       ...,

       [[ 0.        , -0.54219587, -0.60619034, ...,  0.86310857,
          0.81806123,  0.9194194 ],
        [ 0.54219587,  0.        , -0.07813372, ...,  0.99904771,
          0.99921142,  0.98577808],
        [ 0.60619034,  0.07813372,  0.        , ...,  0.99258445,
          0.99925907,  0.96963389],
        ...,
        [-0.86310857, -0.99904771, -0.99258445, ...,  0.        ,
         -0.08326463,  0.1248817 ],
        [-0.81806123, -0.99921142, -0.99925907, ...,  0.08326463,
          0.        ,  0.20706084],
        [-0.9194194 , -0.98577808, -0.96963389, ..., -0.1248817 ,
         -0.20706084,  0.        ]],

       [[ 0.        ,  0.11571065,  0.24458666, ..., -0.93399596,
         -0.90663904, -0.92414772],
        [-0.11571065,  0.        ,  0.13074754, ..., -0.88638076,
         -0.85172996, -0.87373463],
        [-0.24458666, -0.13074754,  0.        , ..., -0.81824132,
         -0.77590923, -0.80263824],
        ...,
        [ 0.93399596,  0.88638076,  0.81824132, ...,  0.        ,
         -0.07013235, -0.02663667],
        [ 0.90663904,  0.85172996,  0.77590923, ...,  0.07013235,
          0.        ,  0.04353638],
        [ 0.92414772,  0.87373463,  0.80263824, ...,  0.02663667,
         -0.04353638,  0.        ]],

       [[ 0.        , -0.31835944, -0.46161246, ..., -0.82135598,
         -0.8896491 , -0.91683987],
        [ 0.31835944,  0.        , -0.15518396, ..., -0.96021819,
         -0.98873791, -0.9962434 ],
        [ 0.46161246,  0.15518396,  0.        , ..., -0.99192096,
         -0.99998437, -0.99761301],
        ...,
        [ 0.82135598,  0.96021819,  0.99192096, ...,  0.        ,
          0.1324021 ,  0.19504952],
        [ 0.8896491 ,  0.98873791,  0.99998437, ..., -0.1324021 ,
          0.        ,  0.06347321],
        [ 0.91683987,  0.9962434 ,  0.99761301, ..., -0.19504952,
         -0.06347321,  0.        ]]]), 'num': array([ 7.09885154e-01,  7.04313300e-01,  2.53843018e-06,  3.16582628e-05,
        3.27399802e-05,  3.12255758e-05,  2.41563362e-03, -3.60572469e-07,
        3.10525010e-05,  2.86474827e-05,  3.20777288e-05,  1.03020705e-06,
        3.36555474e-05,  2.36394179e-05])}
{'img': array([[[ 0.        , -0.11878567, -0.02113105, ..., -0.80514951,
         -0.69794364, -0.72026073],
        [ 0.11878567,  0.        ,  0.09777771, ..., -0.72900054,
         -0.60793347, -0.6327592 ],
        [ 0.02113105, -0.09777771,  0.        , ..., -0.7924375 ,
         -0.68265475, -0.70544123],
        ...,
        [ 0.80514951,  0.72900054,  0.7924375 , ...,  0.        ,
          0.16267922,  0.13136859],
        [ 0.69794364,  0.60793347,  0.68265475, ..., -0.16267922,
          0.        , -0.03165074],
        [ 0.72026073,  0.6327592 ,  0.70544123, ..., -0.13136859,
          0.03165074,  0.        ]],

       [[ 0.        , -0.0675166 , -0.26855805, ..., -0.15123119,
          0.94649642,  0.23520622],
        [ 0.0675166 ,  0.        , -0.20290896, ..., -0.08414605,
          0.96612523,  0.30029196],
        [ 0.26855805,  0.20290896,  0.        , ...,  0.11979372,
          0.99839298,  0.48758935],
        ...,
        [ 0.15123119,  0.08414605, -0.11979372, ...,  0.        ,
          0.98441468,  0.37948944],
        [-0.94649642, -0.96612523, -0.99839298, ..., -0.98441468,
          0.        , -0.84403851],
        [-0.23520622, -0.30029196, -0.48758935, ..., -0.37948944,
          0.84403851,  0.        ]],

       [[ 0.        , -0.18237442, -0.23817948, ..., -0.95308887,
         -0.93987494, -0.93559859],
        [ 0.18237442,  0.        , -0.05705912, ..., -0.88190173,
         -0.86182814, -0.85551769],
        [ 0.23817948,  0.05705912,  0.        , ..., -0.85356537,
         -0.83148365, -0.82458017],
        ...,
        [ 0.95308887,  0.88190173,  0.85356537, ...,  0.        ,
          0.04100645,  0.05330592],
        [ 0.93987494,  0.86182814,  0.83148365, ..., -0.04100645,
          0.        ,  0.01231293],
        [ 0.93559859,  0.85551769,  0.82458017, ..., -0.05330592,
         -0.01231293,  0.        ]],

       ...,

       [[ 0.        , -0.07813372, -0.55094812, ...,  0.99921142,
          0.98577808,  0.99965987],
        [ 0.07813372,  0.        , -0.48405814, ...,  0.99925907,
          0.96963389,  0.99864149],
        [ 0.55094812,  0.48405814,  0.        , ...,  0.85575719,
          0.73008263,  0.84862411],
        ...,
        [-0.99921142, -0.99925907, -0.85575719, ...,  0.        ,
          0.20706084,  0.01363327],
        [-0.98577808, -0.96963389, -0.73008263, ..., -0.20706084,
          0.        , -0.19370379],
        [-0.99965987, -0.99864149, -0.84862411, ..., -0.01363327,
          0.19370379,  0.        ]],

       [[ 0.        ,  0.13074754,  0.21553298, ..., -0.85172996,
         -0.87373463, -0.87282157],
        [-0.13074754,  0.        ,  0.08600826, ..., -0.77590923,
         -0.80263824, -0.80151905],
        [-0.21553298, -0.08600826,  0.        , ..., -0.7187762 ,
         -0.74836299, -0.74711867],
        ...,
        [ 0.85172996,  0.77590923,  0.7187762 , ...,  0.        ,
          0.04353638,  0.04166409],
        [ 0.87373463,  0.80263824,  0.74836299, ..., -0.04353638,
          0.        , -0.001874  ],
        [ 0.87282157,  0.80151905,  0.74711867, ..., -0.04166409,
          0.001874  ,  0.        ]],

       [[ 0.        , -0.34802486, -0.4398282 , ..., -0.89695005,
         -0.92366152, -0.95128769],
        [ 0.34802486,  0.        , -0.09977764, ..., -0.99475038,
         -0.99928548, -0.9991159 ],
        [ 0.4398282 ,  0.09977764,  0.        , ..., -0.99999671,
         -0.99806999, -0.98993534],
        ...,
        [ 0.89695005,  0.99475038,  0.99999671, ...,  0.        ,
          0.06466059,  0.1440608 ],
        [ 0.92366152,  0.99928548,  0.99806999, ..., -0.06466059,
          0.        ,  0.07977323],
        [ 0.95128769,  0.9991159 ,  0.98993534, ..., -0.1440608 ,
         -0.07977323,  0.        ]]]), 'num': array([8.81354502e-01, 4.72445485e-01, 1.84193251e-04, 7.07822428e-05,
       7.22170180e-05, 7.01445649e-05, 3.07140731e-03, 7.97097329e-07,
       6.89648609e-05, 6.43337254e-05, 7.06414223e-05, 2.24183624e-06,
       7.42190050e-05, 5.44484458e-05])}
{'img': array([[[ 0.        ,  0.09777771,  0.2214603 , ..., -0.60793347,
         -0.6327592 , -0.60793347],
        [-0.09777771,  0.        ,  0.12504929, ..., -0.68265475,
         -0.70544123, -0.68265475],
        [-0.2214603 , -0.12504929,  0.        , ..., -0.76867492,
         -0.78853488, -0.76867492],
        ...,
        [ 0.60793347,  0.68265475,  0.76867492, ...,  0.        ,
         -0.03165074,  0.        ],
        [ 0.6327592 ,  0.70544123,  0.78853488, ...,  0.03165074,
          0.        ,  0.03165074],
        [ 0.60793347,  0.68265475,  0.76867492, ...,  0.        ,
         -0.03165074,  0.        ]],

       [[ 0.        , -0.20290896, -0.19688003, ...,  0.96612523,
          0.30029196, -0.01154791],
        [ 0.20290896,  0.        ,  0.00615309, ...,  0.99839298,
          0.48758935,  0.19158775],
        [ 0.19688003, -0.00615309,  0.        , ...,  0.99802539,
          0.48220802,  0.18554502],
        ...,
        [-0.96612523, -0.99839298, -0.99802539, ...,  0.        ,
         -0.84403851, -0.96904102],
        [-0.30029196, -0.48758935, -0.48220802, ...,  0.84403851,
          0.        , -0.31128688],
        [ 0.01154791, -0.19158775, -0.18554502, ...,  0.96904102,
          0.31128688,  0.        ]],

       [[ 0.        , -0.05705912, -0.08487825, ..., -0.86182814,
         -0.85551769, -0.84834962],
        [ 0.05705912,  0.        , -0.02788676, ..., -0.83148365,
         -0.82458017, -0.81675831],
        [ 0.08487825,  0.02788676,  0.        , ..., -0.8156678 ,
         -0.80848269, -0.80035057],
        ...,
        [ 0.86182814,  0.83148365,  0.8156678 , ...,  0.        ,
          0.01231293,  0.02599994],
        [ 0.85551769,  0.82458017,  0.80848269, ..., -0.01231293,
          0.        ,  0.01368919],
        [ 0.84834962,  0.81675831,  0.80035057, ..., -0.02599994,
         -0.01368919,  0.        ]],

       ...,

       [[ 0.        , -0.48405814,  0.22507091, ...,  0.96963389,
          0.99864149,  0.99981371],
        [ 0.48405814,  0.        ,  0.66858347, ...,  0.73008263,
          0.84862411,  0.86552986],
        [-0.22507091, -0.66858347,  0.        , ...,  0.99979898,
          0.98474658,  0.97850505],
        ...,
        [-0.96963389, -0.73008263, -0.99979898, ...,  0.        ,
         -0.19370379, -0.22580028],
        [-0.99864149, -0.84862411, -0.98474658, ...,  0.19370379,
          0.        , -0.03282252],
        [-0.99981371, -0.86552986, -0.97850505, ...,  0.22580028,
          0.03282252,  0.        ]],

       [[ 0.        ,  0.08600826,  0.12695906, ..., -0.80263824,
         -0.80151905, -0.79227456],
        [-0.08600826,  0.        ,  0.04117633, ..., -0.74836299,
         -0.74711867, -0.73685952],
        [-0.12695906, -0.04117633,  0.        , ..., -0.72041648,
         -0.71911552, -0.7083975 ],
        ...,
        [ 0.80263824,  0.74836299,  0.72041648, ...,  0.        ,
         -0.001874  , -0.01717661],
        [ 0.80151905,  0.74711867,  0.71911552, ...,  0.001874  ,
          0.        , -0.01530285],
        [ 0.79227456,  0.73685952,  0.7083975 , ...,  0.01717661,
          0.01530285,  0.        ]],

       [[ 0.        , -0.28230318, -0.35063304, ..., -0.93166908,
         -0.95823367, -0.97912474],
        [ 0.28230318,  0.        , -0.07199054, ..., -0.99633668,
         -0.99999262, -0.9966801 ],
        [ 0.35063304,  0.07199054,  0.        , ..., -0.99990794,
         -0.99767451, -0.98823276],
        ...,
        [ 0.93166908,  0.99633668,  0.99990794, ...,  0.        ,
          0.08168927,  0.16635253],
        [ 0.95823367,  0.99999262,  0.99767451, ..., -0.08168927,
          0.        ,  0.08524551],
        [ 0.97912474,  0.9966801 ,  0.98823276, ..., -0.16635253,
         -0.08524551,  0.        ]]]), 'num': array([8.15702594e-01, 5.77891877e-01, 1.02064685e-04, 6.78296396e-05,
       7.24874689e-05, 6.50640534e-05, 2.58884774e-02, 3.20225766e-06,
       6.43653790e-05, 5.97584947e-05, 6.43338416e-05, 2.06019374e-06,
       6.80260777e-05, 5.14909117e-05])}
{'img': array([[[ 0.        ,  0.12504929,  0.16385383, ..., -0.70544123,
         -0.68265475, -0.57243421],
        [-0.12504929,  0.        ,  0.03920846, ..., -0.78853488,
         -0.76867492, -0.67047515],
        [-0.16385383, -0.03920846,  0.        , ..., -0.81204135,
         -0.79316313, -0.6990496 ],
        ...,
        [ 0.70544123,  0.78853488,  0.81204135, ...,  0.        ,
          0.03165074,  0.17270371],
        [ 0.68265475,  0.76867492,  0.79316313, ..., -0.03165074,
          0.        ,  0.14144203],
        [ 0.57243421,  0.67047515,  0.6990496 , ..., -0.17270371,
         -0.14144203,  0.        ]],

       [[ 0.        ,  0.00519424, -0.08401739, ...,  0.41199967,
          0.16143012,  0.38334647],
        [-0.00519424,  0.        , -0.08919213, ...,  0.4072612 ,
          0.15630183,  0.38813872],
        [ 0.08401739,  0.08919213,  0.        , ...,  0.48709826,
          0.24377478,  0.30439222],
        ...,
        [-0.41199967, -0.4072612 , -0.48709826, ...,  0.        ,
         -0.2595034 ,  0.72982396],
        [-0.16143012, -0.15630183, -0.24377478, ...,  0.2595034 ,
          0.        ,  0.52741616],
        [-0.38334647, -0.38813872, -0.30439222, ..., -0.72982396,
         -0.52741616,  0.        ]],

       [[ 0.        , -0.02788676, -0.01028329, ..., -0.82458017,
         -0.81675831, -0.77698243],
        [ 0.02788676,  0.        ,  0.01760599, ..., -0.80848269,
         -0.80035057, -0.75912491],
        [ 0.01028329, -0.01760599,  0.        , ..., -0.81871885,
         -0.81078188, -0.77046779],
        ...,
        [ 0.82458017,  0.80848269,  0.81871885, ...,  0.        ,
          0.01368919,  0.07951758],
        [ 0.81675831,  0.80035057,  0.81078188, ..., -0.01368919,
          0.        ,  0.06586428],
        [ 0.77698243,  0.75912491,  0.77046779, ..., -0.07951758,
         -0.06586428,  0.        ]],

       ...,

       [[ 0.        ,  0.66858347,  0.72544872, ...,  0.84862411,
          0.86552986,  0.85876321],
        [-0.66858347,  0.        ,  0.07930049, ...,  0.98474658,
          0.97850505,  0.98117208],
        [-0.72544872, -0.07930049,  0.        , ...,  0.96784751,
          0.95906993,  0.96276639],
        ...,
        [-0.84862411, -0.98474658, -0.96784751, ...,  0.        ,
         -0.03282252, -0.01947078],
        [-0.86552986, -0.97850505, -0.95906993, ...,  0.03282252,
          0.        ,  0.01335601],
        [-0.85876321, -0.98117208, -0.96276639, ...,  0.01947078,
         -0.01335601,  0.        ]],

       [[ 0.        ,  0.04117633, -0.12193867, ..., -0.74711867,
         -0.73685952, -0.75286431],
        [-0.04117633,  0.        , -0.16270431, ..., -0.71911552,
         -0.7083975 , -0.72512454],
        [ 0.12193867,  0.16270431,  0.        , ..., -0.8225949 ,
         -0.81379695, -0.82750324],
        ...,
        [ 0.74711867,  0.71911552,  0.8225949 , ...,  0.        ,
         -0.01530285,  0.00868648],
        [ 0.73685952,  0.7083975 ,  0.81379695, ...,  0.01530285,
          0.        ,  0.02398774],
        [ 0.75286431,  0.72512454,  0.82750324, ..., -0.00868648,
         -0.02398774,  0.        ]],

       [[ 0.        , -0.16852282, -0.24132113, ..., -0.97550638,
         -0.99089381, -0.99824863],
        [ 0.16852282,  0.        , -0.07432751, ..., -0.9986246 ,
         -0.99941267, -0.99394091],
        [ 0.24132113,  0.07432751,  0.        , ..., -0.99975928,
         -0.99410111, -0.98302179],
        ...,
        [ 0.97550638,  0.9986246 ,  0.99975928, ...,  0.        ,
          0.08662029,  0.16187685],
        [ 0.99089381,  0.99941267,  0.99410111, ..., -0.08662029,
          0.        ,  0.07579056],
        [ 0.99824863,  0.99394091,  0.98302179, ..., -0.16187685,
         -0.07579056,  0.        ]]]), 'num': array([ 9.17390398e-01,  3.97960647e-01,  2.25839022e-04,  7.58623850e-05,
        7.83361584e-05,  7.53676303e-05,  4.69974072e-03, -9.89509370e-07,
        7.43121537e-05,  6.85894912e-05,  7.26602228e-05,  2.19051693e-06,
        7.75291545e-05,  5.96498278e-05])}
{'img': array([[[ 0.        ,  0.03920846,  0.03920846, ..., -0.76867492,
         -0.67047515, -0.69906068],
        [-0.03920846,  0.        ,  0.        , ..., -0.79316313,
         -0.6990496 , -0.72655963],
        [-0.03920846,  0.        ,  0.        , ..., -0.79316313,
         -0.6990496 , -0.72655963],
        ...,
        [ 0.76867492,  0.79316313,  0.79316313, ...,  0.        ,
          0.14144203,  0.10250358],
        [ 0.67047515,  0.6990496 ,  0.6990496 , ..., -0.14144203,
          0.        , -0.03922394],
        [ 0.69906068,  0.72655963,  0.72655963, ..., -0.10250358,
          0.03922394,  0.        ]],

       [[ 0.        , -0.08919213, -0.14973693, ...,  0.15630183,
          0.38813872,  0.32991783],
        [ 0.08919213,  0.        , -0.06095358, ...,  0.24377478,
          0.30439222,  0.41280116],
        [ 0.14973693,  0.06095358,  0.        , ...,  0.30243624,
          0.24576509,  0.46755141],
        ...,
        [-0.15630183, -0.24377478, -0.30243624, ...,  0.        ,
          0.52741616,  0.17831249],
        [-0.38813872, -0.30439222, -0.24576509, ..., -0.52741616,
          0.        , -0.67045929],
        [-0.32991783, -0.41280116, -0.46755141, ..., -0.17831249,
          0.67045929,  0.        ]],

       [[ 0.        ,  0.01760599,  0.0489678 , ..., -0.80035057,
         -0.75912491, -0.72003405],
        [-0.01760599,  0.        ,  0.03137533, ..., -0.81078188,
         -0.77046779, -0.73213992],
        [-0.0489678 , -0.03137533,  0.        , ..., -0.82874821,
         -0.79008958, -0.75315091],
        ...,
        [ 0.80035057,  0.81078188,  0.82874821, ...,  0.        ,
          0.06586428,  0.1237106 ],
        [ 0.75912491,  0.77046779,  0.79008958, ..., -0.06586428,
          0.        ,  0.05808364],
        [ 0.72003405,  0.73213992,  0.75315091, ..., -0.1237106 ,
         -0.05808364,  0.        ]],

       ...,

       [[ 0.        ,  0.08880395,  0.12225622, ...,  0.98965918,
          0.99152073,  0.96728337],
        [-0.08880395,  0.        ,  0.03363541, ...,  0.97301122,
          0.97606341,  0.94093233],
        [-0.12225622, -0.03363541,  0.        , ...,  0.96469903,
          0.96819588,  0.92901116],
        ...,
        [-0.98965918, -0.97301122, -0.96469903, ...,  0.        ,
          0.01361777, -0.11232894],
        [-0.99152073, -0.97606341, -0.96819588, ..., -0.01361777,
          0.        , -0.12585011],
        [-0.96728337, -0.94093233, -0.92901116, ...,  0.11232894,
          0.12585011,  0.        ]],

       [[ 0.        , -0.16270431, -0.17855307, ..., -0.7083975 ,
         -0.72512454, -0.7493672 ],
        [ 0.16270431,  0.        , -0.01608413, ..., -0.81379695,
         -0.82750324, -0.84711721],
        [ 0.17855307,  0.01608413,  0.        , ..., -0.82303896,
         -0.83642681, -0.85555483],
        ...,
        [ 0.7083975 ,  0.81379695,  0.82303896, ...,  0.        ,
          0.02398774,  0.05984493],
        [ 0.72512454,  0.82750324,  0.83642681, ..., -0.02398774,
          0.        ,  0.03588296],
        [ 0.7493672 ,  0.84711721,  0.85555483, ..., -0.05984493,
         -0.03588296,  0.        ]],

       [[ 0.        , -0.07432751, -0.12474825, ..., -0.99941267,
         -0.99394091, -0.98736697],
        [ 0.07432751,  0.        , -0.05065629, ..., -0.99410111,
         -0.98302179, -0.97285858],
        [ 0.12474825,  0.05065629,  0.        , ..., -0.98733078,
         -0.97246487, -0.95988769],
        ...,
        [ 0.99941267,  0.99410111,  0.98733078, ...,  0.        ,
          0.07579056,  0.12452182],
        [ 0.99394091,  0.98302179,  0.97246487, ..., -0.07579056,
          0.        ,  0.048963  ],
        [ 0.98736697,  0.97285858,  0.95988769, ..., -0.12452182,
         -0.048963  ,  0.        ]]]), 'num': array([ 9.60983130e-01,  2.76580429e-01,  2.98865809e-04,  7.93694424e-05,
        8.12756954e-05,  7.86762595e-05,  3.81482813e-03, -3.46591451e-07,
        7.85722820e-05,  7.28708527e-05,  7.60710471e-05,  2.39313145e-06,
        8.18925556e-05,  6.38491498e-05])}
{'img': array([[[ 0.        ,  0.        ,  0.02787466, ..., -0.6990496 ,
         -0.72655963, -0.73541512],
        [ 0.        ,  0.        ,  0.02787466, ..., -0.6990496 ,
         -0.72655963, -0.73541512],
        [-0.02787466, -0.02787466,  0.        , ..., -0.71871039,
         -0.74543008, -0.7540177 ],
        ...,
        [ 0.6990496 ,  0.6990496 ,  0.71871039, ...,  0.        ,
         -0.03922394, -0.05218784],
        [ 0.72655963,  0.72655963,  0.74543008, ...,  0.03922394,
          0.        , -0.01297719],
        [ 0.73541512,  0.73541512,  0.7540177 , ...,  0.05218784,
          0.01297719,  0.        ]],

       [[ 0.        , -0.06095358, -0.30439222, ...,  0.30439222,
          0.41280116,  0.2996468 ],
        [ 0.06095358,  0.        , -0.24576509, ...,  0.24576509,
          0.46755141,  0.35724242],
        [ 0.30439222,  0.24576509,  0.        , ...,  0.        ,
          0.67045929,  0.57583306],
        ...,
        [-0.30439222, -0.24576509, -0.        , ...,  0.        ,
         -0.67045929, -0.57583306],
        [-0.41280116, -0.46755141, -0.67045929, ...,  0.67045929,
          0.        , -0.12090837],
        [-0.2996468 , -0.35724242, -0.57583306, ...,  0.57583306,
          0.12090837,  0.        ]],

       [[ 0.        ,  0.03137533,  0.10572557, ..., -0.77046779,
         -0.73213992, -0.71871753],
        [-0.03137533,  0.        ,  0.07447404, ..., -0.79008958,
         -0.75315091, -0.74017902],
        [-0.10572557, -0.07447404,  0.        , ..., -0.83354741,
         -0.80005196, -0.78820059],
        ...,
        [ 0.77046779,  0.79008958,  0.83354741, ...,  0.        ,
          0.05808364,  0.07754064],
        [ 0.73213992,  0.75315091,  0.80005196, ..., -0.05808364,
          0.        ,  0.01950097],
        [ 0.71871753,  0.74017902,  0.78820059, ..., -0.07754064,
         -0.01950097,  0.        ]],

       ...,

       [[ 0.        ,  0.03363541,  0.08540068, ...,  0.97606341,
          0.94093233,  0.96375735],
        [-0.03363541,  0.        ,  0.05183983, ...,  0.96819588,
          0.92901116,  0.95423875],
        [-0.08540068, -0.05183983,  0.        , ...,  0.95392408,
          0.9085786 ,  0.93745321],
        ...,
        [-0.97606341, -0.96819588, -0.95392408, ...,  0.        ,
         -0.12585011, -0.0507907 ],
        [-0.94093233, -0.92901116, -0.9085786 , ...,  0.12585011,
          0.        ,  0.07530079],
        [-0.96375735, -0.95423875, -0.93745321, ...,  0.0507907 ,
         -0.07530079,  0.        ]],

       [[ 0.        , -0.0742857 , -0.24998519, ..., -0.7271022 ,
         -0.75136341, -0.77153501],
        [ 0.0742857 ,  0.        , -0.17736737, ..., -0.77609253,
         -0.79830768, -0.81666284],
        [ 0.24998519,  0.17736737,  0.        , ..., -0.8756386 ,
         -0.89246975, -0.9060758 ],
        ...,
        [ 0.7271022 ,  0.77609253,  0.8756386 , ...,  0.        ,
          0.03602645,  0.06710846],
        [ 0.75136341,  0.79830768,  0.89246975, ..., -0.03602645,
          0.        ,  0.03111966],
        [ 0.77153501,  0.81666284,  0.9060758 , ..., -0.06710846,
         -0.03111966,  0.        ]],

       [[ 0.        , -0.05065629, -0.08499606, ..., -0.98302179,
         -0.97285858, -0.96242505],
        [ 0.05065629,  0.        , -0.03441395, ..., -0.97246487,
         -0.95988769, -0.94743384],
        [ 0.08499606,  0.03441395,  0.        , ..., -0.96386869,
         -0.94966996, -0.93586184],
        ...,
        [ 0.98302179,  0.97246487,  0.96386869, ...,  0.        ,
          0.048963  ,  0.09034282],
        [ 0.97285858,  0.95988769,  0.94966996, ..., -0.048963  ,
          0.        ,  0.04147169],
        [ 0.96242505,  0.94743384,  0.93586184, ..., -0.09034282,
         -0.04147169,  0.        ]]]), 'num': array([9.75434385e-01, 2.20242955e-01, 3.27631857e-04, 8.06828451e-05,
       8.19079642e-05, 7.96327430e-05, 4.54361679e-03, 5.25051053e-07,
       8.01227907e-05, 7.44522393e-05, 7.65436927e-05, 2.60355894e-06,
       8.28109465e-05, 6.60935321e-05])}
{'img': array([[[ 0.        ,  0.02787466,  0.10573914, ..., -0.72655963,
         -0.73541512, -0.72207348],
        [-0.02787466,  0.        ,  0.07797966, ..., -0.74543008,
         -0.7540177 , -0.74107705],
        [-0.10573914, -0.07797966,  0.        , ..., -0.79514019,
         -0.80294293, -0.79117753],
        ...,
        [ 0.72655963,  0.74543008,  0.79514019, ...,  0.        ,
         -0.01297719,  0.00650669],
        [ 0.73541512,  0.7540177 ,  0.80294293, ...,  0.01297719,
          0.        ,  0.01948306],
        [ 0.72207348,  0.74107705,  0.79117753, ..., -0.00650669,
         -0.01948306,  0.        ]],

       [[ 0.        , -0.24576509, -0.02546159, ...,  0.46755141,
          0.35724242,  0.4270688 ],
        [ 0.24576509,  0.        ,  0.22100475, ...,  0.67045929,
          0.57583306,  0.63619585],
        [ 0.02546159, -0.22100475,  0.        , ...,  0.48990701,
          0.38090803,  0.4499532 ],
        ...,
        [-0.46755141, -0.67045929, -0.48990701, ...,  0.        ,
         -0.12090837, -0.04525468],
        [-0.35724242, -0.57583306, -0.38090803, ...,  0.12090837,
          0.        ,  0.07586182],
        [-0.4270688 , -0.63619585, -0.4499532 , ...,  0.04525468,
         -0.07586182,  0.        ]],

       [[ 0.        ,  0.07447404,  0.1436732 , ..., -0.75315091,
         -0.74017902, -0.71911514],
        [-0.07447404,  0.        ,  0.06957283, ..., -0.80005196,
         -0.78820059, -0.76886946],
        [-0.1436732 , -0.06957283,  0.        , ..., -0.83985221,
         -0.82910708, -0.81149166],
        ...,
        [ 0.75315091,  0.80005196,  0.83985221, ...,  0.        ,
          0.01950097,  0.05028945],
        [ 0.74017902,  0.78820059,  0.82910708, ..., -0.01950097,
          0.        ,  0.03080359],
        [ 0.71911514,  0.76886946,  0.81149166, ..., -0.05028945,
         -0.03080359,  0.        ]],

       ...,

       [[ 0.        ,  0.05183983,  0.21508949, ...,  0.92901116,
          0.95423875,  0.99008006],
        [-0.05183983,  0.        ,  0.16417381, ...,  0.9085786 ,
          0.93745321,  0.98146508],
        [-0.21508949, -0.16417381,  0.        , ...,  0.8276728 ,
          0.86758256,  0.93668556],
        ...,
        [-0.92901116, -0.9085786 , -0.8276728 , ...,  0.        ,
          0.07530079,  0.23585068],
        [-0.95423875, -0.93745321, -0.86758256, ..., -0.07530079,
          0.        ,  0.16200457],
        [-0.99008006, -0.98146508, -0.93668556, ..., -0.23585068,
         -0.16200457,  0.        ]],

       [[ 0.        , -0.2391909 , -0.34008563, ..., -0.75177638,
         -0.77194974, -0.77669265],
        [ 0.2391909 ,  0.        , -0.10528001, ..., -0.88768105,
         -0.90159174, -0.90480876],
        [ 0.34008563,  0.10528001,  0.        , ..., -0.93122498,
         -0.94212412, -0.94461054],
        ...,
        [ 0.75177638,  0.88768105,  0.93122498, ...,  0.        ,
          0.03114577,  0.03863649],
        [ 0.77194974,  0.90159174,  0.94212412, ..., -0.03114577,
          0.        ,  0.00749523],
        [ 0.77669265,  0.90480876,  0.94461054, ..., -0.03863649,
         -0.00749523,  0.        ]],

       [[ 0.        , -0.03441395, -0.0527503 , ..., -0.95988769,
         -0.94743384, -0.92784726],
        [ 0.03441395,  0.        , -0.01835302, ..., -0.94966996,
         -0.93586184, -0.91446262],
        [ 0.0527503 ,  0.01835302,  0.        , ..., -0.94376089,
         -0.92923721, -0.90688168],
        ...,
        [ 0.95988769,  0.94966996,  0.94376089, ...,  0.        ,
          0.04147169,  0.09784583],
        [ 0.94743384,  0.93586184,  0.92923721, ..., -0.04147169,
          0.        ,  0.05648896],
        [ 0.92784726,  0.91446262,  0.90688168, ..., -0.09784583,
         -0.05648896,  0.        ]]]), 'num': array([9.81621415e-01, 1.90785995e-01, 3.35099754e-04, 8.15714719e-05,
       8.19171138e-05, 8.00160837e-05, 4.46548506e-03, 1.90103007e-06,
       8.00852121e-05, 7.42957114e-05, 7.53355172e-05, 2.68537114e-06,
       8.25070876e-05, 6.60843352e-05])}
{'img': array([[[ 0.        ,  0.07797966,  0.33269987, ..., -0.7540177 ,
         -0.74107705, -0.69051327],
        [-0.07797966,  0.        ,  0.25814941, ..., -0.80294293,
         -0.79117753, -0.74481484],
        [-0.33269987, -0.25814941,  0.        , ..., -0.92959867,
         -0.92224128, -0.89182501],
        ...,
        [ 0.7540177 ,  0.80294293,  0.92959867, ...,  0.        ,
          0.01948306,  0.0918294 ],
        [ 0.74107705,  0.79117753,  0.92224128, ..., -0.01948306,
          0.        ,  0.07241123],
        [ 0.69051327,  0.74481484,  0.89182501, ..., -0.0918294 ,
         -0.07241123,  0.        ]],

       [[ 0.        ,  0.22100475,  0.35599397, ...,  0.57583306,
          0.63619585,  0.63446354],
        [-0.22100475,  0.        ,  0.14066487, ...,  0.38090803,
          0.4499532 ,  0.44794876],
        [-0.35599397, -0.14066487,  0.        , ...,  0.2470602 ,
          0.31985837,  0.3177322 ],
        ...,
        [-0.57583306, -0.38090803, -0.2470602 , ...,  0.        ,
          0.07586182,  0.07362488],
        [-0.63619585, -0.4499532 , -0.31985837, ..., -0.07586182,
          0.        , -0.00224321],
        [-0.63446354, -0.44794876, -0.3177322 , ..., -0.07362488,
          0.00224321,  0.        ]],

       [[ 0.        ,  0.06957283,  0.14873923, ..., -0.78820059,
         -0.76886946, -0.74298966],
        [-0.06957283,  0.        ,  0.07957989, ..., -0.82910708,
         -0.81149166, -0.7877546 ],
        [-0.14873923, -0.07957989,  0.        , ..., -0.87096987,
         -0.85542163, -0.83427658],
        ...,
        [ 0.78820059,  0.82910708,  0.87096987, ...,  0.        ,
          0.03080359,  0.07029541],
        [ 0.76886946,  0.81149166,  0.85542163, ..., -0.03080359,
          0.        ,  0.03953466],
        [ 0.74298966,  0.7877546 ,  0.83427658, ..., -0.07029541,
         -0.03953466,  0.        ]],

       ...,

       [[ 0.        ,  0.16417381,  0.36209665, ...,  0.93745321,
          0.98146508,  0.99668842],
        [-0.16417381,  0.        ,  0.20415046, ...,  0.86758256,
          0.93668556,  0.96981494],
        [-0.36209665, -0.20415046,  0.        , ...,  0.74778822,
          0.84547083,  0.89960969],
        ...,
        [-0.93745321, -0.86758256, -0.74778822, ...,  0.        ,
          0.16200457,  0.27072916],
        [-0.98146508, -0.93668556, -0.84547083, ..., -0.16200457,
          0.        ,  0.11119824],
        [-0.99668842, -0.96981494, -0.89960969, ..., -0.27072916,
         -0.11119824,  0.        ]],

       [[ 0.        , -0.24717218, -0.42279366, ..., -0.77633696,
         -0.78108171, -0.81271801],
        [ 0.24717218,  0.        , -0.18568119, ..., -0.90804555,
         -0.91118741, -0.93151731],
        [ 0.42279366,  0.18568119,  0.        , ..., -0.97003122,
         -0.97184108, -0.98284995],
        ...,
        [ 0.77633696,  0.90804555,  0.97003122, ...,  0.        ,
          0.00756276,  0.05993254],
        [ 0.78108171,  0.91118741,  0.97184108, ..., -0.00756276,
          0.        ,  0.05238166],
        [ 0.81271801,  0.93151731,  0.98284995, ..., -0.05993254,
         -0.05238166,  0.        ]],

       [[ 0.        , -0.01835302,  0.00581932, ..., -0.93586184,
         -0.91446262, -0.90226451],
        [ 0.01835302,  0.        ,  0.02417105, ..., -0.92923721,
         -0.90688168, -0.89419903],
        [-0.00581932, -0.02417105,  0.        , ..., -0.93789653,
         -0.91680205, -0.90475843],
        ...,
        [ 0.93586184,  0.92923721,  0.93789653, ...,  0.        ,
          0.05648896,  0.08559931],
        [ 0.91446262,  0.90688168,  0.91680205, ..., -0.05648896,
          0.        ,  0.029181  ],
        [ 0.90226451,  0.89419903,  0.90475843, ..., -0.08559931,
         -0.029181  ,  0.        ]]]), 'num': array([9.86565822e-01, 1.63288478e-01, 3.43032227e-04, 8.22126367e-05,
       8.39254000e-05, 8.15275314e-05, 4.95824412e-03, 1.37021061e-06,
       7.98490234e-05, 7.43853086e-05, 7.44338369e-05, 2.66720386e-06,
       8.27670757e-05, 6.60035415e-05])}
{'img': array([[[ 0.        ,  0.25814941,  0.3643809 , ..., -0.79117753,
         -0.74481484, -0.70775236],
        [-0.25814941,  0.        ,  0.11162857, ..., -0.92224128,
         -0.89182501, -0.86613549],
        [-0.3643809 , -0.11162857,  0.        , ..., -0.95963453,
         -0.9367497 , -0.91651514],
        ...,
        [ 0.79117753,  0.92224128,  0.95963453, ...,  0.        ,
          0.07241123,  0.12608393],
        [ 0.74481484,  0.89182501,  0.9367497 , ..., -0.07241123,
          0.        ,  0.05391958],
        [ 0.70775236,  0.86613549,  0.91651514, ..., -0.12608393,
         -0.05391958,  0.        ]],

       [[ 0.        ,  0.22527442,  0.25640234, ...,  0.55481321,
          0.55284644,  0.60025911],
        [-0.22527442,  0.        ,  0.03206808, ...,  0.35312925,
          0.35091833,  0.40465392],
        [-0.25640234, -0.03206808,  0.        , ...,  0.32294556,
          0.32070911,  0.37512051],
        ...,
        [-0.55481321, -0.35312925, -0.32294556, ...,  0.        ,
         -0.00236212,  0.05565783],
        [-0.55284644, -0.35091833, -0.32070911, ...,  0.00236212,
          0.        ,  0.05801613],
        [-0.60025911, -0.40465392, -0.37512051, ..., -0.05565783,
         -0.05801613,  0.        ]],

       [[ 0.        ,  0.07957989,  0.17336322, ..., -0.81149166,
         -0.7877546 , -0.77531979],
        [-0.07957989,  0.        ,  0.09443852, ..., -0.85542163,
         -0.83427658, -0.82312104],
        [-0.17336322, -0.09443852,  0.        , ..., -0.90051124,
         -0.88261626, -0.87307068],
        ...,
        [ 0.81149166,  0.85542163,  0.90051124, ...,  0.        ,
          0.03953466,  0.05944387],
        [ 0.7877546 ,  0.83427658,  0.88261626, ..., -0.03953466,
          0.        ,  0.01993265],
        [ 0.77531979,  0.82312104,  0.87307068, ..., -0.05944387,
         -0.01993265,  0.        ]],

       ...,

       [[ 0.        ,  0.20415046,  0.28576838, ...,  0.93668556,
          0.96981494,  0.97126711],
        [-0.20415046,  0.        ,  0.08411284, ...,  0.84547083,
          0.89960969,  0.90222558],
        [-0.28576838, -0.08411284,  0.        , ...,  0.7975566 ,
          0.85969003,  0.86275343],
        ...,
        [-0.93668556, -0.84547083, -0.7975566 , ...,  0.        ,
          0.11119824,  0.11718647],
        [-0.96981494, -0.89960969, -0.85969003, ..., -0.11119824,
          0.        ,  0.00602763],
        [-0.97126711, -0.90222558, -0.86275343, ..., -0.11718647,
         -0.00602763,  0.        ]],

       [[ 0.        , -0.3512929 , -0.46753676, ..., -0.78577667,
         -0.817393  , -0.85537857],
        [ 0.3512929 ,  0.        , -0.12720493, ..., -0.95297396,
         -0.96766993, -0.98283245],
        [ 0.46753676,  0.12720493,  0.        , ..., -0.98378217,
         -0.99189264, -0.99831772],
        ...,
        [ 0.78577667,  0.95297396,  0.98378217, ...,  0.        ,
          0.05289543,  0.12202551],
        [ 0.817393  ,  0.96766993,  0.99189264, ..., -0.05289543,
          0.        ,  0.06935454],
        [ 0.85537857,  0.98283245,  0.99831772, ..., -0.12202551,
         -0.06935454,  0.        ]],

       [[ 0.        ,  0.02417105,  0.04551348, ..., -0.90688168,
         -0.89419903, -0.88584231],
        [-0.02417105,  0.        ,  0.02135418, ..., -0.91680205,
         -0.90475843, -0.89679854],
        [-0.04551348, -0.02135418,  0.        , ..., -0.92512061,
         -0.9136474 , -0.90604197],
        ...,
        [ 0.90688168,  0.91680205,  0.92512061, ...,  0.        ,
          0.029181  ,  0.04749981],
        [ 0.89419903,  0.90475843,  0.9136474 , ..., -0.029181  ,
          0.        ,  0.01833151],
        [ 0.88584231,  0.89679854,  0.90604197, ..., -0.04749981,
         -0.01833151,  0.        ]]]), 'num': array([ 9.56660446e-01,  2.91180930e-01,  2.81386673e-04,  7.93844068e-05,
        8.24053779e-05,  7.82095847e-05,  3.78574670e-03, -1.17482209e-06,
        7.86795135e-05,  7.34012057e-05,  7.26795293e-05,  2.43420062e-06,
        8.18890952e-05,  6.49133163e-05])}
{'img': array([[[ 0.        ,  0.11162857, -0.18397748, ..., -0.89182501,
         -0.86613549, -0.88878306],
        [-0.11162857,  0.        , -0.29255074, ..., -0.9367497 ,
         -0.91651514, -0.93439068],
        [ 0.18397748,  0.29255074,  0.        , ..., -0.79337414,
         -0.7593973 , -0.78928988],
        ...,
        [ 0.89182501,  0.9367497 ,  0.79337414, ...,  0.        ,
          0.05391958,  0.00668034],
        [ 0.86613549,  0.91651514,  0.7593973 , ..., -0.05391958,
          0.        , -0.04724775],
        [ 0.88878306,  0.93439068,  0.78928988, ..., -0.00668034,
          0.04724775,  0.        ]],

       [[ 0.        ,  0.03206808, -0.29221327, ...,  0.35091833,
          0.40465392,  0.28795499],
