state_0,state_1,state_2,state_3,state_4,state_5,state_6,state_7,state_8,state_9,state_10,state_11,state_12,state_13,state_14,state_15,state_16,state_17,state_18,state_19,state_20,state_21,state_22,state_23,state_24,state_25,state_26,state_27,state_28,state_29,state_30,state_31,state_32,state_33,state_34,state_35,state_36,state_37,state_38,state_39,state_40,state_41,state_42,state_43,state_44,state_45,state_46,state_47,state_48,state_49,state_50,state_51,state_52,state_53,state_54,state_55,state_56,state_57,state_58,state_59,state_60,state_61,state_62,state_63,state_64,state_65,state_66,state_67,state_68,state_69,state_70,state_71,state_72,state_73,state_74,state_75,state_76,state_77,state_78,state_79,state_80,state_81,state_82,state_83,state_84,state_85,state_86,state_87,state_88,state_89,state_90,state_91,state_92,state_93,state_94,state_95,state_96,state_97,state_98,state_99,state_100,state_101,state_102,state_103,state_104,state_105,state_106,state_107,state_108,state_109,state_110,state_111,state_112,state_113,state_114,state_115,state_116,state_117,state_118,state_119,state_120,state_121,state_122,state_123,state_124,state_125,state_126,state_127,state_128,state_129,state_130,state_131,state_132,state_133,state_134,state_135,state_136,state_137,state_138,state_139,state_140,state_141,state_142,state_143,state_144,state_145,state_146,state_147,state_148,state_149,state_150,state_151,state_152,state_153,state_154,state_155,state_156,state_157,state_158,state_159,state_160,state_161,state_162,state_163,state_164,state_165,state_166,state_167,state_168,state_169,state_170,state_171,state_172,state_173,state_174,state_175,state_176,state_177,state_178,state_179,state_180,state_181,state_182,state_183,state_184,state_185,state_186,state_187,state_188,state_189,state_190,state_191,state_192,state_193,state_194,state_195,state_196,state_197,state_198,state_199,state_200,state_201,state_202,state_203,state_204,state_205,state_206,state_207,state_208,state_209,state_210,state_211,state_212,state_213,state_214,state_215,state_216,state_217,state_218,state_219,state_220,state_221,state_222,state_223,state_224,state_225,state_226,state_227,state_228,state_229,state_230,state_231,state_232,state_233,state_234,state_235,state_236,state_237,state_238,state_239,state_240,state_241,state_242,state_243,state_244,state_245,state_246,state_247,state_248,state_249,state_250,state_251,state_252,state_253,state_254,state_255,state_256,state_257,state_258,state_259,state_260,state_261,state_262,state_263,state_264,state_265,state_266,state_267,state_268,state_269,state_270,state_271,state_272,state_273,state_274,state_275,state_276,state_277,state_278,state_279,state_280,state_281,state_282,state_283,state_284,state_285,state_286,state_287
{'img': array([[[ 0.        , -0.14338456,  0.2365309 , ...,  0.61594202,
          0.14338456,  0.14338456],
        [ 0.14338456,  0.        ,  0.37340271, ...,  0.49662038,
          0.        ,  0.        ],
        [-0.2365309 , -0.37340271,  0.        , ...,  0.78480106,
          0.37340271,  0.37340271],
        ...,
        [-0.61594202, -0.49662038, -0.78480106, ...,  0.        ,
          0.49662038,  0.49662038],
        [-0.14338456, -0.        , -0.37340271, ..., -0.49662038,
          0.        ,  0.        ],
        [-0.14338456, -0.        , -0.37340271, ..., -0.49662038,
          0.        ,  0.        ]],

       [[ 0.        , -0.54509831, -0.41351359, ..., -0.67708627,
         -0.59787309, -0.70758687],
        [ 0.54509831,  0.        ,  0.14963262, ..., -0.16651042,
         -0.06429436, -0.20804028],
        [ 0.41351359, -0.14963262,  0.        , ..., -0.3121795 ,
         -0.21289354, -0.35205679],
        ...,
        [ 0.67708627,  0.16651042,  0.3121795 , ...,  0.        ,
          0.10276911, -0.04226876],
        [ 0.59787309,  0.06429436,  0.21289354, ..., -0.10276911,
          0.        , -0.14472222],
        [ 0.70758687,  0.20804028,  0.35205679, ...,  0.04226876,
          0.14472222,  0.        ]],

       [[ 0.        ,  0.19192982,  0.30949898, ...,  0.47785048,
          0.34331425,  0.        ],
        [-0.19192982,  0.        ,  0.12123895, ...,  0.63756566,
          0.51719602,  0.19192982],
        [-0.30949898, -0.12123895,  0.        , ...,  0.72626457,
          0.61714526,  0.30949898],
        ...,
        [-0.47785048, -0.63756566, -0.72626457, ...,  0.        ,
          0.14722563,  0.47785048],
        [-0.34331425, -0.51719602, -0.61714526, ..., -0.14722563,
          0.        ,  0.34331425],
        [-0.        , -0.19192982, -0.30949898, ..., -0.47785048,
         -0.34331425,  0.        ]],

       ...,

       [[ 0.        , -0.24917163,  0.2202708 , ...,  0.99978413,
          0.99989619,  0.93496171],
        [ 0.24917163,  0.        ,  0.45637498, ...,  0.97342733,
          0.97194903,  0.8170791 ],
        [-0.2202708 , -0.45637498,  0.        , ...,  0.97065162,
          0.9721637 ,  0.99013866],
        ...,
        [-0.99978413, -0.97342733, -0.97065162, ...,  0.        ,
          0.00636936,  0.3740978 ],
        [-0.99989619, -0.97194903, -0.9721637 , ..., -0.00636936,
          0.        ,  0.36818334],
        [-0.93496171, -0.8170791 , -0.99013866, ..., -0.3740978 ,
         -0.36818334,  0.        ]],

       [[ 0.        , -0.08076535, -0.24996159, ...,  0.72315774,
          0.59079267,  0.24996159],
        [ 0.08076535,  0.        , -0.17094348, ...,  0.66501204,
          0.52369926,  0.17094348],
        [ 0.24996159,  0.17094348,  0.        , ...,  0.52755745,
          0.37036354,  0.        ],
        ...,
        [-0.72315774, -0.66501204, -0.52755745, ...,  0.        ,
          0.1754102 ,  0.52755745],
        [-0.59079267, -0.52369926, -0.37036354, ..., -0.1754102 ,
          0.        ,  0.37036354],
        [-0.24996159, -0.17094348, -0.        , ..., -0.52755745,
         -0.37036354,  0.        ]],

       [[ 0.        , -0.00314713,  0.00272664, ...,  0.76722299,
          0.80674796,  0.85330635],
        [ 0.00314713,  0.        ,  0.00587375, ...,  0.76520068,
          0.80488434,  0.85166118],
        [-0.00272664, -0.00587375,  0.        , ...,  0.76896895,
          0.80835613,  0.85472488],
        ...,
        [-0.76722299, -0.76520068, -0.76896895, ...,  0.        ,
         -0.06408361, -0.14725636],
        [-0.80674796, -0.80488434, -0.80835613, ...,  0.06408361,
          0.        , -0.08356869],
        [-0.85330635, -0.85166118, -0.85472488, ...,  0.14725636,
          0.08356869,  0.        ]]]), 'num': array([7.10203372e-01, 7.03993300e-01, 2.34342310e-07, 7.76258903e-04,
       7.82117461e-04, 7.55753951e-04, 7.20221798e-04, 2.92927888e-06,
       7.58097374e-04, 6.86183578e-04, 5.40764410e-04, 2.69493657e-06,
       7.86258223e-04, 5.86108933e-04])}
{'img': array([[[ 0.        ,  0.37237541,  0.64557293, ...,  0.15066763,
          0.15066763,  0.        ],
        [-0.37237541,  0.        ,  0.31476215, ...,  0.5079565 ,
          0.5079565 ,  0.37237541],
        [-0.64557293, -0.31476215,  0.        , ...,  0.75326804,
          0.75326804,  0.64557293],
        ...,
        [-0.15066763, -0.5079565 , -0.75326804, ...,  0.        ,
          0.        ,  0.15066763],
        [-0.15066763, -0.5079565 , -0.75326804, ...,  0.        ,
          0.        ,  0.15066763],
        [-0.        , -0.37237541, -0.64557293, ..., -0.15066763,
         -0.15066763,  0.        ]],

       [[ 0.        ,  0.14963262,  0.95566134, ..., -0.06429436,
         -0.20804028, -0.45350871],
        [-0.14963262,  0.        ,  0.9889642 , ..., -0.21289354,
         -0.35205679, -0.58176331],
        [-0.95566134, -0.9889642 ,  0.        , ..., -0.93475142,
         -0.87349051, -0.71819113],
        ...,
        [ 0.06429436,  0.21289354,  0.93475142, ...,  0.        ,
         -0.14472222, -0.39526792],
        [ 0.20804028,  0.35205679,  0.87349051, ...,  0.14472222,
          0.        , -0.25816977],
        [ 0.45350871,  0.58176331,  0.71819113, ...,  0.39526792,
          0.25816977,  0.        ]],

       [[ 0.        ,  0.24275964,  0.41863167, ...,  0.46909019,
          0.33351828,  0.        ],
        [-0.24275964,  0.        ,  0.18564527, ...,  0.66945128,
          0.55240168,  0.24275964],
        [-0.41863167, -0.18564527,  0.        , ...,  0.79572179,
          0.69754901,  0.41863167],
        ...,
        [-0.46909019, -0.66945128, -0.79572179, ...,  0.        ,
          0.14768502,  0.46909019],
        [-0.33351828, -0.55240168, -0.69754901, ..., -0.14768502,
          0.        ,  0.33351828],
        [-0.        , -0.24275964, -0.41863167, ..., -0.46909019,
         -0.33351828,  0.        ]],

       ...,

       [[ 0.        ,  0.45637498,  0.91963074, ...,  0.97194903,
          0.8170791 ,  0.47678951],
        [-0.45637498,  0.        ,  0.63901917, ...,  0.9721637 ,
          0.99013866,  0.82540296],
        [-0.91963074, -0.63901917,  0.        , ...,  0.59805549,
          0.85112628,  0.99564682],
        ...,
        [-0.97194903, -0.9721637 , -0.59805549, ...,  0.        ,
          0.36818334,  0.74222332],
        [-0.8170791 , -0.99013866, -0.85112628, ..., -0.36818334,
          0.        ,  0.44334548],
        [-0.47678951, -0.82540296, -0.99564682, ..., -0.74222332,
         -0.44334548,  0.        ]],

       [[ 0.        , -0.16834119,  0.01324822, ...,  0.63218193,
          0.49674427,  0.16834119],
        [ 0.16834119,  0.        ,  0.18138557, ...,  0.4927258 ,
          0.34355232,  0.        ],
        [-0.01324822, -0.18138557,  0.        , ...,  0.64239143,
          0.50819877,  0.18138557],
        ...,
        [-0.63218193, -0.4927258 , -0.64239143, ...,  0.        ,
          0.16378138,  0.4927258 ],
        [-0.49674427, -0.34355232, -0.50819877, ..., -0.16378138,
          0.        ,  0.34355232],
        [-0.16834119, -0.        , -0.18138557, ..., -0.4927258 ,
         -0.34355232,  0.        ]],

       [[ 0.        ,  0.00587375, -0.00852252, ...,  0.80488434,
          0.85166118,  0.86282094],
        [-0.00587375,  0.        , -0.01439591, ...,  0.80835613,
          0.85472488,  0.8657753 ],
        [ 0.00852252,  0.01439591,  0.        , ...,  0.79979757,
          0.84716366,  0.85848139],
        ...,
        [-0.80488434, -0.80835613, -0.79979757, ...,  0.        ,
         -0.08356869, -0.1051485 ],
        [-0.85166118, -0.85472488, -0.84716366, ...,  0.08356869,
          0.        , -0.02167526],
        [-0.86282094, -0.8657753 , -0.85848139, ...,  0.1051485 ,
          0.02167526,  0.        ]]]), 'num': array([7.52654083e-01, 6.58413366e-01, 3.52961490e-06, 6.82903752e-04,
       6.85461444e-04, 6.64999908e-04, 7.02623557e-04, 5.11538391e-06,
       6.71394138e-04, 6.05853282e-04, 4.79720703e-04, 2.35142647e-06,
       6.97220092e-04, 5.14486471e-04])}
{'img': array([[[ 0.        ,  0.55555409,  0.53762643, ...,  0.26264789,
          0.21508878,  0.        ],
        [-0.55555409,  0.        , -0.02140801, ...,  0.75443613,
          0.72139317,  0.55555409],
        [-0.53762643,  0.02140801,  0.        , ...,  0.74021158,
          0.70640225,  0.53762643],
        ...,
        [-0.26264789, -0.75443613, -0.74021158, ...,  0.        ,
          0.04896309,  0.26264789],
        [-0.21508878, -0.72139317, -0.70640225, ..., -0.04896309,
          0.        ,  0.21508878],
        [-0.        , -0.55555409, -0.53762643, ..., -0.26264789,
         -0.21508878,  0.        ]],

       [[ 0.        ,  0.9889642 ,  0.51400486, ..., -0.35205679,
         -0.58176331, -0.5312946 ],
        [-0.9889642 ,  0.        , -0.92447313, ..., -0.87349051,
         -0.71819113, -0.75912398],
        [-0.51400486,  0.92447313,  0.        , ..., -0.7830874 ,
         -0.91709919, -0.89119605],
        ...,
        [ 0.35205679,  0.87349051,  0.7830874 , ...,  0.        ,
         -0.25816977, -0.19902241],
        [ 0.58176331,  0.71819113,  0.91709919, ...,  0.25816977,
          0.        ,  0.0607296 ],
        [ 0.5312946 ,  0.75912398,  0.89119605, ...,  0.19902241,
         -0.0607296 ,  0.        ]],

       [[ 0.        ,  0.34533523,  0.44779125, ...,  0.43553021,
          0.28991746,  0.        ],
        [-0.34533523,  0.        ,  0.11146546, ...,  0.71959796,
          0.60258521,  0.34533523],
        [-0.44779125, -0.11146546,  0.        , ...,  0.79251426,
          0.68778561,  0.44779125],
        ...,
        [-0.43553021, -0.71959796, -0.79251426, ...,  0.        ,
          0.15584872,  0.43553021],
        [-0.28991746, -0.60258521, -0.68778561, ..., -0.15584872,
          0.        ,  0.28991746],
        [-0.        , -0.34533523, -0.44779125, ..., -0.43553021,
         -0.28991746,  0.        ]],

       ...,

       [[ 0.        ,  0.88051879,  0.85998328, ...,  0.83395759,
          0.48957392,  0.49398173],
        [-0.88051879,  0.        , -0.04170656, ...,  0.88120067,
          0.99984229,  0.99973958],
        [-0.85998328,  0.04170656,  0.        , ...,  0.9001504 ,
          0.99971301,  0.99982147],
        ...,
        [-0.83395759, -0.88120067, -0.9001504 , ...,  0.        ,
          0.45701829,  0.45250979],
        [-0.48957392, -0.99984229, -0.99971301, ..., -0.45701829,
          0.        , -0.00506224],
        [-0.49398173, -0.99973958, -0.99982147, ..., -0.45250979,
          0.00506224,  0.        ]],

       [[ 0.        ,  0.17906456,  0.26225055, ...,  0.4570916 ,
          0.31610071,  0.        ],
        [-0.17906456,  0.        ,  0.08521462, ...,  0.60896731,
          0.48087482,  0.17906456],
        [-0.26225055, -0.08521462,  0.        , ...,  0.6743441 ,
          0.55384095,  0.26225055],
        ...,
        [-0.4570916 , -0.60896731, -0.6743441 , ...,  0.        ,
          0.15250835,  0.4570916 ],
        [-0.31610071, -0.48087482, -0.55384095, ..., -0.15250835,
          0.        ,  0.31610071],
        [-0.        , -0.17906456, -0.26225055, ..., -0.4570916 ,
         -0.31610071,  0.        ]],

       [[ 0.        , -0.01439591, -0.02836796, ...,  0.85472488,
          0.8657753 ,  0.83641618],
        [ 0.01439591,  0.        , -0.0139749 , ...,  0.84716366,
          0.85848139,  0.82843918],
        [ 0.02836796,  0.0139749 ,  0.        , ...,  0.83965562,
          0.8512306 ,  0.82053123],
        ...,
        [-0.85472488, -0.84716366, -0.83965562, ...,  0.        ,
         -0.02167526,  0.03430233],
        [-0.8657753 , -0.85848139, -0.8512306 , ...,  0.02167526,
          0.        ,  0.05595678],
        [-0.83641618, -0.82843918, -0.82053123, ..., -0.03430233,
         -0.05595678,  0.        ]]]), 'num': array([7.20406413e-01, 6.93549658e-01, 9.78388140e-07, 6.71418861e-04,
       6.84871698e-04, 6.45736172e-04, 6.64325547e-04, 1.83447776e-05,
       6.52829486e-04, 5.87032884e-04, 4.66038884e-04, 2.24711097e-06,
       6.78434970e-04, 4.95630798e-04])}
{'img': array([[[ 0.        , -0.04953958, -0.26564159, ...,  0.68202537,
          0.64111338,  0.26564159],
        [ 0.04953958,  0.        , -0.21755571, ...,  0.64495824,
          0.60230723,  0.21755571],
        [ 0.26564159,  0.21755571,  0.        , ...,  0.46325019,
          0.41421374,  0.        ],
        ...,
        [-0.68202537, -0.64495824, -0.46325019, ...,  0.        ,
          0.05455327,  0.46325019],
        [-0.64111338, -0.60230723, -0.41421374, ..., -0.05455327,
          0.        ,  0.41421374],
        [-0.26564159, -0.21755571, -0.        , ..., -0.46325019,
         -0.41421374,  0.        ]],

       [[ 0.        , -0.92447313, -0.98149175, ..., -0.71819113,
         -0.75912398, -0.75522178],
        [ 0.92447313,  0.        , -0.19715032, ..., -0.91709919,
         -0.89119605, -0.89388999],
        [ 0.98149175,  0.19715032,  0.        , ..., -0.82050377,
         -0.78427379, -0.78796606],
        ...,
        [ 0.71819113,  0.91709919,  0.82050377, ...,  0.        ,
          0.0607296 ,  0.0547657 ],
        [ 0.75912398,  0.89119605,  0.78427379, ..., -0.0607296 ,
          0.        , -0.00597384],
        [ 0.75522178,  0.89388999,  0.78796606, ..., -0.0547657 ,
          0.00597384,  0.        ]],

       [[ 0.        ,  0.295231  ,  0.40067701, ...,  0.42437987,
          0.31630332,  0.        ],
        [-0.295231  ,  0.        ,  0.11232084, ...,  0.67279054,
          0.58227767,  0.295231  ],
        [-0.40067701, -0.11232084,  0.        , ...,  0.75163178,
          0.66990872,  0.40067701],
        ...,
        [-0.42437987, -0.67279054, -0.75163178, ...,  0.        ,
          0.11618373,  0.42437987],
        [-0.31630332, -0.58227767, -0.66990872, ..., -0.11618373,
          0.        ,  0.31630332],
        [-0.        , -0.295231  , -0.40067701, ..., -0.42437987,
         -0.31630332,  0.        ]],

       ...,

       [[ 0.        , -0.06212443, -0.06212443, ...,  0.97109559,
          0.97239084,  0.97366598],
        [ 0.06212443,  0.        ,  0.        , ...,  0.9543913 ,
          0.95601534,  0.95762218],
        [ 0.06212443,  0.        ,  0.        , ...,  0.9543913 ,
          0.95601534,  0.95762218],
        ...,
        [-0.97109559, -0.9543913 , -0.9543913 , ...,  0.        ,
         -0.00548774, -0.01101554],
        [-0.97239084, -0.95601534, -0.95601534, ...,  0.00548774,
          0.        , -0.00552797],
        [-0.97366598, -0.95762218, -0.95762218, ...,  0.01101554,
          0.00552797,  0.        ]],

       [[ 0.        ,  0.1911916 ,  0.24679001, ...,  0.45099312,
          0.33352976,  0.        ],
        [-0.1911916 ,  0.        ,  0.05695955, ...,  0.61331728,
          0.50762094,  0.1911916 ],
        [-0.24679001, -0.05695955,  0.        , ...,  0.65731029,
          0.55587205,  0.24679001],
        ...,
        [-0.45099312, -0.61331728, -0.65731029, ...,  0.        ,
          0.1274846 ,  0.45099312],
        [-0.33352976, -0.50762094, -0.55587205, ..., -0.1274846 ,
          0.        ,  0.33352976],
        [-0.        , -0.1911916 , -0.24679001, ..., -0.45099312,
         -0.33352976,  0.        ]],

       [[ 0.        , -0.0139749 , -0.02200828, ...,  0.85848139,
          0.82843918,  0.75922657],
        [ 0.0139749 ,  0.        , -0.00803462, ...,  0.8512306 ,
          0.82053123,  0.7500572 ],
        [ 0.02200828,  0.00803462,  0.        , ...,  0.84698662,
          0.81591214,  0.74471911],
        ...,
        [-0.85848139, -0.8512306 , -0.84698662, ...,  0.        ,
          0.05595678,  0.16935702],
        [-0.82843918, -0.82053123, -0.81591214, ..., -0.05595678,
          0.        ,  0.11394321],
        [-0.75922657, -0.7500572 , -0.74471911, ..., -0.16935702,
         -0.11394321,  0.        ]]]), 'num': array([7.20546606e-01, 6.93402111e-01, 9.78179996e-07, 6.78612372e-04,
       7.10403222e-04, 6.71276022e-04, 1.71707271e-03, 7.33634997e-06,
       6.59293317e-04, 5.94427756e-04, 4.72746240e-04, 2.20090499e-06,
       6.89913967e-04, 4.98941545e-04])}
{'img': array([[[ 0.        , -0.21565062, -0.10862485, ...,  0.65913847,
          0.46517318,  0.21565062],
        [ 0.21565062,  0.        ,  0.1083056 , ...,  0.48145541,
          0.26332976,  0.        ],
        [ 0.10862485, -0.1083056 ,  0.        , ...,  0.57354999,
          0.36626381,  0.1083056 ],
        ...,
        [-0.65913847, -0.48145541, -0.57354999, ...,  0.        ,
          0.23366208,  0.48145541],
        [-0.46517318, -0.26332976, -0.36626381, ..., -0.23366208,
          0.        ,  0.26332976],
        [-0.21565062, -0.        , -0.1083056 , ..., -0.48145541,
         -0.26332976,  0.        ]],

       [[ 0.        , -0.19715032,  0.43179658, ..., -0.89119605,
         -0.89388999, -0.58348286],
        [ 0.19715032,  0.        ,  0.60114569, ..., -0.78427379,
         -0.78796606, -0.41192021],
        [-0.43179658, -0.60114569,  0.        , ..., -0.99970386,
         -0.99983139, -0.87695762],
        ...,
        [ 0.89119605,  0.78427379,  0.99970386, ...,  0.        ,
         -0.00597384,  0.45908447],
        [ 0.89388999,  0.78796606,  0.99983139, ...,  0.00597384,
          0.        ,  0.4643834 ],
        [ 0.58348286,  0.41192021,  0.87695762, ..., -0.45908447,
         -0.4643834 ,  0.        ]],

       [[ 0.        ,  0.27815712,  0.39708353, ...,  0.3997873 ,
          0.24983848,  0.        ],
        [-0.27815712,  0.        ,  0.12612513, ...,  0.63897095,
          0.50931482,  0.27815712],
        [-0.39708353, -0.12612513,  0.        , ...,  0.73088769,
          0.6137884 ,  0.39708353],
        ...,
        [-0.3997873 , -0.63897095, -0.73088769, ...,  0.        ,
          0.15810512,  0.3997873 ],
        [-0.24983848, -0.50931482, -0.6137884 , ..., -0.15810512,
          0.        ,  0.24983848],
        [-0.        , -0.27815712, -0.39708353, ..., -0.3997873 ,
         -0.24983848,  0.        ]],

       ...,

       [[ 0.        ,  0.        ,  0.68469551, ...,  0.95601534,
          0.95762218,  0.98868639],
        [ 0.        ,  0.        ,  0.68469551, ...,  0.95601534,
          0.95762218,  0.98868639],
        [-0.68469551, -0.68469551,  0.        , ...,  0.89760454,
          0.89515408,  0.8232861 ],
        ...,
        [-0.95601534, -0.95601534, -0.89760454, ...,  0.        ,
         -0.00552797, -0.14659838],
        [-0.95762218, -0.95762218, -0.89515408, ...,  0.00552797,
          0.        , -0.14112789],
        [-0.98868639, -0.98868639, -0.8232861 , ...,  0.14659838,
          0.14112789,  0.        ]],

       [[ 0.        ,  0.15602819,  0.23738172, ...,  0.46011445,
          0.32984263,  0.        ],
        [-0.15602819,  0.        ,  0.08290607, ...,  0.59301037,
          0.47309913,  0.15602819],
        [-0.23738172, -0.08290607,  0.        , ...,  0.65772439,
          0.54451143,  0.23738172],
        ...,
        [-0.46011445, -0.59301037, -0.65772439, ...,  0.        ,
          0.14151062,  0.46011445],
        [-0.32984263, -0.47309913, -0.54451143, ..., -0.14151062,
          0.        ,  0.32984263],
        [-0.        , -0.15602819, -0.23738172, ..., -0.46011445,
         -0.32984263,  0.        ]],

       [[ 0.        , -0.00800767, -0.01603198, ...,  0.84444578,
          0.79578832,  0.66343358],
        [ 0.00800767,  0.        , -0.00802482, ...,  0.84012946,
          0.79091356,  0.65742068],
        [ 0.01603198,  0.00802482,  0.        , ...,  0.83574986,
          0.78597748,  0.65135262],
        ...,
        [-0.84444578, -0.84012946, -0.83574986, ...,  0.        ,
          0.08511827,  0.27648179],
        [-0.79578832, -0.79091356, -0.78597748, ..., -0.08511827,
          0.        ,  0.19367811],
        [-0.66343358, -0.65742068, -0.65135262, ..., -0.27648179,
         -0.19367811,  0.        ]]]), 'num': array([9.18934293e-01, 3.94402063e-01, 1.84694447e-05, 8.74220383e-04,
       8.81915985e-04, 8.40359734e-04, 1.30446610e-03, 2.00085651e-05,
       8.42206679e-04, 7.57016365e-04, 6.04027798e-04, 0.00000000e+00,
       8.86720571e-04, 6.27312159e-04])}
{'img': array([[[ 0.        ,  0.10629837,  0.40342171, ...,  0.45134156,
          0.37667468,  0.        ],
        [-0.10629837,  0.        ,  0.30387152, ...,  0.54363987,
          0.47300958,  0.10629837],
        [-0.40342171, -0.30387152,  0.        , ...,  0.7729778 ,
          0.7183706 ,  0.40342171],
        ...,
        [-0.45134156, -0.54363987, -0.7729778 , ...,  0.        ,
          0.08197214,  0.45134156],
        [-0.37667468, -0.47300958, -0.7183706 , ..., -0.08197214,
          0.        ,  0.37667468],
        [-0.        , -0.10629837, -0.40342171, ..., -0.45134156,
         -0.37667468,  0.        ]],

       [[ 0.        ,  0.60114569, -0.01522603, ..., -0.78796606,
         -0.41192021, -0.63516526],
        [-0.60114569,  0.        , -0.61324373, ..., -0.99983139,
         -0.87695762, -0.97189628],
        [ 0.01522603,  0.61324373,  0.        , ..., -0.77849976,
         -0.3979982 , -0.62333141],
        ...,
        [ 0.78796606,  0.99983139,  0.77849976, ...,  0.        ,
          0.4643834 ,  0.21752316],
        [ 0.41192021,  0.87695762,  0.3979982 , ..., -0.4643834 ,
          0.        , -0.26061784],
        [ 0.63516526,  0.97189628,  0.62333141, ..., -0.21752316,
          0.26061784,  0.        ]],

       [[ 0.        ,  0.2887419 ,  0.407566  , ...,  0.38813923,
          0.30235788,  0.        ],
        [-0.2887419 ,  0.        ,  0.12653442, ...,  0.63771196,
          0.56470673,  0.2887419 ],
        [-0.407566  , -0.12653442,  0.        , ...,  0.73005246,
          0.66459554,  0.407566  ],
        ...,
        [-0.38813923, -0.63771196, -0.73005246, ...,  0.        ,
          0.09131892,  0.38813923],
        [-0.30235788, -0.56470673, -0.66459554, ..., -0.09131892,
          0.        ,  0.30235788],
        [-0.        , -0.2887419 , -0.407566  , ..., -0.38813923,
         -0.30235788,  0.        ]],

       ...,

       [[ 0.        ,  0.32048568,  0.4623883 , ...,  0.84595542,
          0.79205308, -0.98389528],
        [-0.32048568,  0.        ,  0.15383141, ...,  0.63043396,
          0.55463375, -0.87471261],
        [-0.4623883 , -0.15383141,  0.        , ...,  0.50351943,
          0.42002972, -0.78974785],
        ...,
        [-0.84595542, -0.63043396, -0.50351943, ...,  0.        ,
         -0.09405018, -0.37345469],
        [-0.79205308, -0.55463375, -0.42002972, ...,  0.09405018,
          0.        , -0.45904484],
        [ 0.98389528,  0.87471261,  0.78974785, ...,  0.37345469,
          0.45904484,  0.        ]],

       [[ 0.        ,  0.1774944 ,  0.30280286, ...,  0.47933272,
          0.36238511,  0.        ],
        [-0.1774944 ,  0.        ,  0.12883328, ...,  0.62749678,
          0.52206093,  0.1774944 ],
        [-0.30280286, -0.12883328,  0.        , ...,  0.72257945,
          0.62759317,  0.30280286],
        ...,
        [-0.47933272, -0.62749678, -0.72257945, ...,  0.        ,
          0.1287105 ,  0.47933272],
        [-0.36238511, -0.52206093, -0.62759317, ..., -0.1287105 ,
          0.        ,  0.36238511],
        [-0.        , -0.1774944 , -0.30280286, ..., -0.47933272,
         -0.36238511,  0.        ]],

       [[ 0.        , -0.00802482, -0.02940556, ...,  0.79091356,
          0.65742068,  0.71593497],
        [ 0.00802482,  0.        , -0.02138326, ...,  0.78597748,
          0.65135262,  0.71030925],
        [ 0.02940556,  0.02138326,  0.        , ...,  0.77257746,
          0.63497861,  0.69509538],
        ...,
        [-0.79091356, -0.78597748, -0.77257746, ...,  0.        ,
          0.19367811,  0.11408916],
        [-0.65742068, -0.65135262, -0.63497861, ..., -0.19367811,
          0.        , -0.08048459],
        [-0.71593497, -0.71030925, -0.69509538, ..., -0.11408916,
          0.08048459,  0.        ]]]), 'num': array([9.92762655e-01, 1.20063314e-01, 3.04607100e-05, 9.45503078e-04,
       9.73554653e-04, 9.37252615e-04, 1.02200137e-03, 8.25046316e-06,
       9.17121485e-04, 8.22818691e-04, 6.57424406e-04, 0.00000000e+00,
       9.66973998e-04, 6.78663384e-04])}
{'img': array([[[ 0.        ,  0.38821549,  0.68227842, ...,  0.43762072,
          0.23502719,  0.        ],
        [-0.38821549,  0.        ,  0.34494498, ...,  0.75236524,
          0.59393479,  0.38821549],
        [-0.68227842, -0.34494498,  0.        , ...,  0.93341844,
          0.83499359,  0.68227842],
        ...,
        [-0.43762072, -0.75236524, -0.93341844, ...,  0.        ,
          0.21403547,  0.43762072],
        [-0.23502719, -0.59393479, -0.83499359, ..., -0.21403547,
          0.        ,  0.23502719],
        [-0.        , -0.38821549, -0.68227842, ..., -0.43762072,
         -0.23502719,  0.        ]],

       [[ 0.        , -0.61324373, -0.33319262, ..., -0.87695762,
         -0.97189628, -0.99638447],
        [ 0.61324373,  0.        ,  0.31501547, ..., -0.3979982 ,
         -0.62333141, -0.73493745],
        [ 0.33319262, -0.31501547,  0.        , ..., -0.66672558,
         -0.83792424, -0.91114223],
        ...,
        [ 0.87695762,  0.3979982 ,  0.66672558, ...,  0.        ,
         -0.26061784, -0.40432501],
        [ 0.97189628,  0.62333141,  0.83792424, ...,  0.26061784,
          0.        , -0.15198728],
        [ 0.99638447,  0.73493745,  0.91114223, ...,  0.40432501,
          0.15198728,  0.        ]],

       [[ 0.        ,  0.29356563,  0.42367017, ...,  0.42911024,
          0.31262202,  0.        ],
        [-0.29356563,  0.        ,  0.13908621, ...,  0.67536696,
          0.57769898,  0.29356563],
        [-0.42367017, -0.13908621,  0.        , ...,  0.77137613,
          0.68561301,  0.42367017],
        ...,
        [-0.42911024, -0.67536696, -0.77137613, ...,  0.        ,
          0.1252257 ,  0.42911024],
        [-0.31262202, -0.57769898, -0.68561301, ..., -0.1252257 ,
          0.        ,  0.31262202],
        [-0.        , -0.29356563, -0.42367017, ..., -0.42911024,
         -0.31262202,  0.        ]],

       ...,

       [[ 0.        ,  0.15383141,  0.41743208, ...,  0.55463375,
         -0.87471261, -0.87471261],
        [-0.15383141,  0.        ,  0.27267558, ...,  0.42002972,
         -0.78974785, -0.78974785],
        [-0.41743208, -0.27267558,  0.        , ...,  0.15665722,
         -0.59255335, -0.59255335],
        ...,
        [-0.55463375, -0.42002972, -0.15665722, ...,  0.        ,
         -0.45904484, -0.45904484],
        [ 0.87471261,  0.78974785,  0.59255335, ...,  0.45904484,
          0.        ,  0.        ],
        [ 0.87471261,  0.78974785,  0.59255335, ...,  0.45904484,
          0.        ,  0.        ]],

       [[ 0.        ,  0.2448884 ,  0.44496021, ...,  0.47880737,
          0.32840963,  0.        ],
        [-0.2448884 ,  0.        ,  0.21210185, ...,  0.67922072,
          0.54971574,  0.2448884 ],
        [-0.44496021, -0.21210185,  0.        , ...,  0.81943557,
          0.71438803,  0.44496021],
        ...,
        [-0.47880737, -0.67922072, -0.81943557, ...,  0.        ,
          0.16393313,  0.47880737],
        [-0.32840963, -0.54971574, -0.71438803, ..., -0.16393313,
          0.        ,  0.32840963],
        [-0.        , -0.2448884 , -0.44496021, ..., -0.47880737,
         -0.32840963,  0.        ]],

       [[ 0.        , -0.02125191, -0.10145398, ...,  0.7918654 ,
          0.80092021,  0.6482969 ],
        [ 0.02125191,  0.        , -0.08028881, ...,  0.77870812,
          0.7880143 ,  0.63196954],
        [ 0.10145398,  0.08028881,  0.        , ...,  0.72582206,
          0.73603994,  0.56770603],
        ...,
        [-0.7918654 , -0.77870812, -0.72582206, ...,  0.        ,
         -0.01497238,  0.20700443],
        [-0.80092021, -0.7880143 , -0.73603994, ...,  0.01497238,
          0.        ,  0.2216293 ],
        [-0.6482969 , -0.63196954, -0.56770603, ..., -0.20700443,
         -0.2216293 ,  0.        ]]]), 'num': array([ 7.39583949e-01,  6.73059104e-01,  2.36743221e-06,  6.92967137e-04,
        7.20093965e-04,  6.47344746e-04,  1.92146717e-03, -1.35634137e-05,
        6.92227315e-04,  6.23300512e-04,  4.98373252e-04,  2.23811869e-06,
        7.27652217e-04,  5.18948808e-04])}
{'img': array([[[ 0.        ,  0.59766053,  0.68154261, ...,  0.23970618,
          0.        ,  0.35237189],
        [-0.59766053,  0.        ,  0.10907121, ...,  0.77242028,
          0.59766053,  0.84184052],
        [-0.68154261, -0.10907121,  0.        , ...,  0.83708438,
          0.68154261,  0.89568666],
        ...,
        [-0.23970618, -0.77242028, -0.83708438, ...,  0.        ,
          0.23970618, -0.11776722],
        [-0.        , -0.59766053, -0.68154261, ..., -0.23970618,
          0.        , -0.35237189],
        [-0.35237189, -0.84184052, -0.89568666, ...,  0.11776722,
          0.35237189,  0.        ]],

       [[ 0.        ,  0.31501547,  0.80615601, ..., -0.62333141,
         -0.73493745, -0.34165004],
        [-0.31501547,  0.        ,  0.5787162 , ..., -0.83792424,
         -0.91114223, -0.62031558],
        [-0.80615601, -0.5787162 ,  0.        , ..., -0.99920705,
         -0.98154725, -0.95980275],
        ...,
        [ 0.62333141,  0.83792424,  0.99920705, ...,  0.        ,
         -0.15198728,  0.31866793],
        [ 0.73493745,  0.91114223,  0.98154725, ...,  0.15198728,
          0.        ,  0.45902942],
        [ 0.34165004,  0.62031558,  0.95980275, ..., -0.31866793,
         -0.45902942,  0.        ]],

       [[ 0.        ,  0.31349551,  0.4698116 , ...,  0.39942847,
          0.25411246,  0.        ],
        [-0.31349551,  0.        ,  0.16938486, ...,  0.66669467,
          0.54450749,  0.31349551],
        [-0.4698116 , -0.16938486,  0.        , ...,  0.78330869,
          0.67871191,  0.4698116 ],
        ...,
        [-0.39942847, -0.66669467, -0.78330869, ...,  0.        ,
          0.15335586,  0.39942847],
        [-0.25411246, -0.54450749, -0.67871191, ..., -0.15335586,
          0.        ,  0.25411246],
        [-0.        , -0.31349551, -0.4698116 , ..., -0.39942847,
         -0.25411246,  0.        ]],

       ...,

       [[ 0.        ,  0.27267558,  0.64727058, ..., -0.78974785,
         -0.78974785,  0.45225917],
        [-0.27267558,  0.        ,  0.41489315, ..., -0.59255335,
         -0.59255335,  0.1919256 ],
        [-0.64727058, -0.41489315,  0.        , ..., -0.20493722,
         -0.20493722, -0.23255271],
        ...,
        [ 0.78974785,  0.59255335,  0.20493722, ...,  0.        ,
          0.        ,  0.42693542],
        [ 0.78974785,  0.59255335,  0.20493722, ...,  0.        ,
          0.        ,  0.42693542],
        [-0.45225917, -0.1919256 ,  0.23255271, ..., -0.42693542,
         -0.42693542,  0.        ]],

       [[ 0.        ,  0.37819517,  0.53475848, ...,  0.38920142,
          0.21405307,  0.        ],
        [-0.37819517,  0.        ,  0.17546298, ...,  0.70866932,
          0.56758384,  0.37819517],
        [-0.53475848, -0.17546298,  0.        , ...,  0.82147134,
          0.70323977,  0.53475848],
        ...,
        [-0.38920142, -0.70866932, -0.82147134, ...,  0.        ,
          0.18300496,  0.38920142],
        [-0.21405307, -0.56758384, -0.70323977, ..., -0.18300496,
          0.        ,  0.21405307],
        [-0.        , -0.37819517, -0.53475848, ..., -0.38920142,
         -0.21405307,  0.        ]],

       [[ 0.        , -0.07889592, -0.16702487, ...,  0.8873269 ,
          0.85606241,  0.62328446],
        [ 0.07889592,  0.        , -0.08871659, ...,  0.84817884,
          0.81261482,  0.55964537],
        [ 0.16702487,  0.08871659,  0.        , ...,  0.79784033,
          0.75770647,  0.48391634],
        ...,
        [-0.8873269 , -0.84817884, -0.79784033, ...,  0.        ,
          0.06386941,  0.40646338],
        [-0.85606241, -0.81261482, -0.75770647, ..., -0.06386941,
          0.        ,  0.34727811],
        [-0.62328446, -0.55964537, -0.48391634, ..., -0.40646338,
         -0.34727811,  0.        ]]]), 'num': array([ 8.97276227e-01,  4.41463416e-01,  1.63961443e-05,  8.36353780e-04,
        8.57413048e-04,  8.21311446e-04,  6.42006823e-04, -9.02540051e-06,
        8.46582568e-04,  7.69866663e-04,  6.16159079e-04,  2.55586563e-06,
        8.89955374e-04,  6.49777952e-04])}
{'img': array([[[ 0.        ,  0.38640289,  0.55520249, ...,  0.        ,
          0.37057489,  0.45602369],
        [-0.38640289,  0.        ,  0.19070281, ...,  0.38640289,
          0.70068438,  0.76449044],
        [-0.55520249, -0.19070281,  0.        , ...,  0.55520249,
          0.82388629,  0.87339409],
        ...,
        [-0.        , -0.38640289, -0.55520249, ...,  0.        ,
         -0.37057489, -0.45602369],
        [-0.37057489, -0.70068438, -0.82388629, ...,  0.37057489,
          0.        , -0.09375632],
        [-0.45602369, -0.76449044, -0.87339409, ...,  0.45602369,
          0.09375632,  0.        ]],

       [[ 0.        ,  0.5787162 ,  0.03261367, ..., -0.91114223,
         -0.62031558, -0.97836528],
        [-0.5787162 ,  0.        , -0.55181095, ..., -0.98154725,
         -0.95980275, -0.91761293],
        [-0.03261367,  0.55181095,  0.        , ..., -0.92409736,
         -0.6455662 , -0.9845921 ],
        ...,
        [ 0.91114223,  0.98154725,  0.92409736, ...,  0.        ,
          0.45902942, -0.21467494],
        [ 0.62031558,  0.95980275,  0.6455662 , ..., -0.45902942,
          0.        , -0.63904915],
        [ 0.97836528,  0.91761293,  0.9845921 , ...,  0.21467494,
          0.63904915,  0.        ]],

       [[ 0.        ,  0.36313502,  0.53960835, ...,  0.28648799,
          0.12921373,  0.        ],
        [-0.36313502,  0.        ,  0.19704356, ...,  0.61484512,
          0.48048393,  0.36313502],
        [-0.53960835, -0.19704356,  0.        , ...,  0.7581889 ,
          0.64387181,  0.53960835],
        ...,
        [-0.28648799, -0.61484512, -0.7581889 , ...,  0.        ,
          0.16028871,  0.28648799],
        [-0.12921373, -0.48048393, -0.64387181, ..., -0.16028871,
          0.        ,  0.12921373],
        [-0.        , -0.36313502, -0.53960835, ..., -0.28648799,
         -0.12921373,  0.        ]],

       ...,

       [[ 0.        ,  0.41489315,  0.43289985, ..., -0.59255335,
          0.1919256 , -0.03777457],
        [-0.41489315,  0.        ,  0.01988052, ..., -0.20493722,
         -0.23255271, -0.448967  ],
        [-0.43289985, -0.01988052,  0.        , ..., -0.18543816,
         -0.25184222, -0.46664247],
        ...,
        [ 0.59255335,  0.20493722,  0.18543816, ...,  0.        ,
          0.42693542,  0.62255904],
        [-0.1919256 ,  0.23255271,  0.25184222, ..., -0.42693542,
          0.        , -0.22886094],
        [ 0.03777457,  0.448967  ,  0.46664247, ..., -0.62255904,
          0.22886094,  0.        ]],

       [[ 0.        ,  0.39995989,  0.56619334, ...,  0.25371277,
          0.13202661,  0.        ],
        [-0.39995989,  0.        ,  0.18925875, ...,  0.61940908,
          0.51746541,  0.39995989],
        [-0.56619334, -0.18925875,  0.        , ...,  0.75679572,
          0.67006288,  0.56619334],
        ...,
        [-0.25371277, -0.61940908, -0.75679572, ...,  0.        ,
          0.12378516,  0.25371277],
        [-0.13202661, -0.51746541, -0.67006288, ..., -0.12378516,
          0.        ,  0.13202661],
        [-0.        , -0.39995989, -0.56619334, ..., -0.25371277,
         -0.13202661,  0.        ]],

       [[ 0.        , -0.08704383, -0.19205905, ...,  0.89033682,
          0.81828556,  0.55072131],
        [ 0.08704383,  0.        , -0.10590672, ...,  0.84732626,
          0.76514591,  0.47597649],
        [ 0.19205905,  0.10590672,  0.        , ...,  0.78631679,
          0.69265401,  0.38015912],
        ...,
        [-0.89033682, -0.84732626, -0.78631679, ...,  0.        ,
          0.13920878,  0.49240974],
        [-0.81828556, -0.76514591, -0.69265401, ..., -0.13920878,
          0.        ,  0.36645293],
        [-0.55072131, -0.47597649, -0.38015912, ..., -0.49240974,
         -0.36645293,  0.        ]]]), 'num': array([ 9.00635767e-01,  4.34567054e-01,  1.72618042e-05,  8.27830750e-04,
        8.64623228e-04,  8.17099611e-04,  1.24205273e-03, -2.45283185e-05,
        8.58184545e-04,  7.91804783e-04,  6.35002396e-04,  2.28170405e-06,
        9.06301974e-04,  6.77307591e-04])}
{'img': array([[[ 0.        ,  0.42386815,  0.65274725, ...,  0.37770515,
          0.46459766,  0.62853936],
        [-0.42386815,  0.        ,  0.27009656, ...,  0.73456709,
          0.79614173,  0.89895835],
        [-0.65274725, -0.27009656,  0.        , ...,  0.89053587,
          0.9299899 ,  0.98385849],
        ...,
        [-0.37770515, -0.73456709, -0.89053587, ...,  0.        ,
         -0.09571685, -0.28821022],
        [-0.46459766, -0.79614173, -0.9299899 , ...,  0.09571685,
          0.        , -0.19523162],
        [-0.62853936, -0.89895835, -0.98385849, ...,  0.28821022,
          0.19523162,  0.        ]],

       [[ 0.        , -0.55181095, -0.61543854, ..., -0.95980275,
         -0.91761293, -0.99809156],
