state_0,state_1,state_2,state_3,state_4,state_5,state_6,state_7,state_8,state_9,state_10,state_11,state_12,state_13,state_14,state_15,state_16,state_17,state_18,state_19,state_20,state_21,state_22,state_23,state_24,state_25,state_26,state_27,state_28,state_29,state_30,state_31,state_32,state_33,state_34,state_35,state_36,state_37,state_38,state_39,state_40,state_41,state_42,state_43,state_44,state_45,state_46,state_47,state_48,state_49,state_50,state_51,state_52,state_53,state_54,state_55,state_56,state_57,state_58,state_59,state_60,state_61,state_62,state_63,state_64,state_65,state_66,state_67,state_68,state_69,state_70,state_71,state_72,state_73,state_74,state_75,state_76,state_77,state_78,state_79,state_80,state_81,state_82,state_83,state_84,state_85,state_86,state_87,state_88,state_89,state_90,state_91,state_92,state_93,state_94,state_95,state_96,state_97,state_98,state_99,state_100,state_101,state_102,state_103,state_104,state_105,state_106,state_107,state_108,state_109,state_110,state_111,state_112,state_113,state_114,state_115,state_116,state_117,state_118,state_119,state_120,state_121,state_122,state_123,state_124,state_125,state_126,state_127,state_128,state_129,state_130,state_131,state_132,state_133,state_134,state_135,state_136,state_137,state_138,state_139,state_140,state_141,state_142,state_143,state_144,state_145,state_146,state_147,state_148,state_149,state_150,state_151,state_152,state_153,state_154,state_155,state_156,state_157,state_158,state_159,state_160,state_161,state_162,state_163,state_164,state_165,state_166,state_167,state_168,state_169,state_170,state_171,state_172,state_173,state_174,state_175,state_176,state_177,state_178,state_179,state_180,state_181,state_182,state_183,state_184,state_185,state_186,state_187,state_188,state_189,state_190,state_191,state_192,state_193,state_194,state_195,state_196,state_197,state_198,state_199,state_200,state_201,state_202,state_203,state_204,state_205,state_206,state_207,state_208,state_209,state_210,state_211,state_212,state_213,state_214,state_215,state_216,state_217,state_218,state_219,state_220,state_221,state_222,state_223,state_224,state_225,state_226,state_227,state_228,state_229,state_230,state_231,state_232,state_233,state_234,state_235,state_236,state_237,state_238,state_239,state_240,state_241,state_242,state_243,state_244,state_245,state_246,state_247,state_248,state_249,state_250,state_251,state_252,state_253,state_254,state_255,state_256,state_257,state_258,state_259,state_260,state_261,state_262,state_263,state_264,state_265,state_266,state_267,state_268,state_269,state_270,state_271,state_272,state_273,state_274,state_275,state_276,state_277,state_278,state_279,state_280,state_281,state_282,state_283,state_284,state_285,state_286,state_287
{'img': array([[[ 0.        , -0.04126021,  0.44354739, ..., -0.69558257,
         -0.52905356, -0.49893869],
        [ 0.04126021,  0.        ,  0.48014919, ..., -0.665347  ,
         -0.49359009, -0.46275617],
        [-0.44354739, -0.48014919,  0.        , ..., -0.94208144,
         -0.85055393, -0.83156897],
        ...,
        [ 0.69558257,  0.665347  ,  0.94208144, ...,  0.        ,
          0.21016683,  0.2443572 ],
        [ 0.52905356,  0.49359009,  0.85055393, ..., -0.21016683,
          0.        ,  0.03510393],
        [ 0.49893869,  0.46275617,  0.83156897, ..., -0.2443572 ,
         -0.03510393,  0.        ]],

       [[ 0.        , -0.63002319,  0.21131645, ..., -0.26668645,
         -0.17306775, -0.19523802],
        [ 0.63002319,  0.        ,  0.77989917, ...,  0.40010348,
          0.48611578,  0.46628173],
        [-0.21131645, -0.77989917,  0.        , ..., -0.46432733,
         -0.37728715, -0.39807895],
        ...,
        [ 0.26668645, -0.40010348,  0.46432733, ...,  0.        ,
          0.09586232,  0.07338715],
        [ 0.17306775, -0.48611578,  0.37728715, ..., -0.09586232,
          0.        , -0.02255466],
        [ 0.19523802, -0.46628173,  0.39807895, ..., -0.07338715,
          0.02255466,  0.        ]],

       [[ 0.        , -0.17877753, -0.17877753, ..., -0.87728795,
         -0.89253426, -0.92913333],
        [ 0.17877753,  0.        ,  0.        , ..., -0.77734756,
         -0.79753009, -0.84806248],
        [ 0.17877753,  0.        ,  0.        , ..., -0.77734756,
         -0.79753009, -0.84806248],
        ...,
        [ 0.87728795,  0.77734756,  0.77734756, ...,  0.        ,
         -0.03274574, -0.12157825],
        [ 0.89253426,  0.79753009,  0.79753009, ...,  0.03274574,
          0.        , -0.08901023],
        [ 0.92913333,  0.84806248,  0.84806248, ...,  0.12157825,
          0.08901023,  0.        ]],

       ...,

       [[ 0.        ,  0.15254757,  0.59734339, ...,  0.43998636,
          0.40139065,  0.        ],
        [-0.15254757,  0.        ,  0.46801121, ...,  0.29784842,
          0.25697345, -0.15254757],
        [-0.59734339, -0.46801121,  0.        , ..., -0.1835543 ,
         -0.22520145, -0.59734339],
        ...,
        [-0.43998636, -0.29784842,  0.1835543 , ...,  0.        ,
         -0.04253597, -0.43998636],
        [-0.40139065, -0.25697345,  0.22520145, ...,  0.04253597,
          0.        , -0.40139065],
        [ 0.        ,  0.15254757,  0.59734339, ...,  0.43998636,
          0.40139065,  0.        ]],

       [[ 0.        ,  0.01150454, -0.26214754, ...,  0.84241705,
          0.84140941,  0.83377295],
        [-0.01150454,  0.        , -0.27323239, ...,  0.83616235,
          0.83513669,  0.82736603],
        [ 0.26214754,  0.27323239,  0.        , ...,  0.9542078 ,
          0.95364753,  0.9493477 ],
        ...,
        [-0.84241705, -0.83616235, -0.9542078 , ...,  0.        ,
         -0.00186734, -0.01584616],
        [-0.84140941, -0.83513669, -0.95364753, ...,  0.00186734,
          0.        , -0.01397903],
        [-0.83377295, -0.82736603, -0.9493477 , ...,  0.01584616,
          0.01397903,  0.        ]],

       [[ 0.        , -0.0266928 , -0.01578279, ..., -0.85365085,
         -0.84606985, -0.91427452],
        [ 0.0266928 ,  0.        ,  0.01091231, ..., -0.86724951,
         -0.85999756, -0.92476187],
        [ 0.01578279, -0.01091231,  0.        , ..., -0.86176492,
         -0.85437783, -0.92055417],
        ...,
        [ 0.85365085,  0.86724951,  0.86176492, ...,  0.        ,
         -0.01438558,  0.1303861 ],
        [ 0.84606985,  0.85999756,  0.85437783, ...,  0.01438558,
          0.        ,  0.14463538],
        [ 0.91427452,  0.92476187,  0.92055417, ..., -0.1303861 ,
         -0.14463538,  0.        ]]]), 'num': array([ 7.40528726e-01,  6.72023972e-01,  5.61514380e-06,  3.17151641e-04,
        3.32749262e-04,  3.13252235e-04,  3.39144287e-04, -1.16982163e-05,
        3.23650650e-04,  3.35413856e-04,  3.42086172e-04,  7.52516835e-07,
        3.73518007e-04,  2.97309706e-04])}
{'img': array([[[ 0.        ,  0.48014919,  0.48014919, ..., -0.49359009,
         -0.46275617, -0.71739212],
        [-0.48014919,  0.        ,  0.        , ..., -0.85055393,
         -0.83156897, -0.96379228],
        [-0.48014919,  0.        ,  0.        , ..., -0.85055393,
         -0.83156897, -0.96379228],
        ...,
        [ 0.49359009,  0.85055393,  0.85055393, ...,  0.        ,
          0.03510393, -0.28004288],
        [ 0.46275617,  0.83156897,  0.83156897, ..., -0.03510393,
          0.        , -0.31356962],
        [ 0.71739212,  0.96379228,  0.96379228, ...,  0.28004288,
          0.31356962,  0.        ]],

       [[ 0.        ,  0.77989917,  0.42160598, ...,  0.48611578,
          0.46628173,  0.60356756],
        [-0.77989917,  0.        , -0.44331092, ..., -0.37728715,
         -0.39807895, -0.2440468 ],
        [-0.42160598,  0.44331092,  0.        , ...,  0.07236053,
          0.04984659,  0.21115101],
        ...,
        [-0.48611578,  0.37728715, -0.07236053, ...,  0.        ,
         -0.02255466,  0.13986844],
        [-0.46628173,  0.39807895, -0.04984659, ...,  0.02255466,
          0.        ,  0.16216581],
        [-0.60356756,  0.2440468 , -0.21115101, ..., -0.13986844,
         -0.16216581,  0.        ]],

       [[ 0.        ,  0.        ,  0.05245152, ..., -0.79753009,
         -0.84806248, -0.9038538 ],
        [ 0.        ,  0.        ,  0.05245152, ..., -0.79753009,
         -0.84806248, -0.9038538 ],
        [-0.05245152, -0.05245152,  0.        , ..., -0.82807517,
         -0.87468896, -0.92505055],
        ...,
        [ 0.79753009,  0.79753009,  0.82807517, ...,  0.        ,
         -0.08901023, -0.20405974],
        [ 0.84806248,  0.84806248,  0.87468896, ...,  0.08901023,
          0.        , -0.11611246],
        [ 0.9038538 ,  0.9038538 ,  0.92505055, ...,  0.20405974,
          0.11611246,  0.        ]],

       ...,

       [[ 0.        ,  0.46801121,  0.46801121, ...,  0.25697345,
         -0.15254757, -0.49990686],
        [-0.46801121,  0.        ,  0.        , ..., -0.22520145,
         -0.59734339, -0.84711371],
        [-0.46801121,  0.        ,  0.        , ..., -0.22520145,
         -0.59734339, -0.84711371],
        ...,
        [-0.25697345,  0.22520145,  0.22520145, ...,  0.        ,
         -0.40139065, -0.70567857],
        [ 0.15254757,  0.59734339,  0.59734339, ...,  0.40139065,
          0.        , -0.36193774],
        [ 0.49990686,  0.84711371,  0.84711371, ...,  0.70567857,
          0.36193774,  0.        ]],

       [[ 0.        , -0.27323239, -0.03211786, ...,  0.83513669,
          0.82736603,  0.82736603],
        [ 0.27323239,  0.        ,  0.24219572, ...,  0.95364753,
          0.9493477 ,  0.9493477 ],
        [ 0.03211786, -0.24219572,  0.        , ...,  0.85237202,
          0.8449786 ,  0.8449786 ],
        ...,
        [-0.83513669, -0.95364753, -0.85237202, ...,  0.        ,
         -0.01397903, -0.01397903],
        [-0.82736603, -0.9493477 , -0.8449786 , ...,  0.01397903,
          0.        ,  0.        ],
        [-0.82736603, -0.9493477 , -0.8449786 , ...,  0.01397903,
          0.        ,  0.        ]],

       [[ 0.        ,  0.01091231,  0.00587667, ..., -0.85999756,
         -0.92476187, -0.92476187],
        [-0.01091231,  0.        , -0.0050358 , ..., -0.85437783,
         -0.92055417, -0.92055417],
        [-0.00587667,  0.0050358 ,  0.        , ..., -0.85698386,
         -0.92250956, -0.92250956],
        ...,
        [ 0.85999756,  0.85437783,  0.85698386, ...,  0.        ,
          0.14463538,  0.14463538],
        [ 0.92476187,  0.92055417,  0.92250956, ..., -0.14463538,
          0.        ,  0.        ],
        [ 0.92476187,  0.92055417,  0.92250956, ..., -0.14463538,
          0.        ,  0.        ]]]), 'num': array([ 7.59447050e-01,  6.50568347e-01,  8.96121013e-06,  2.90343208e-04,
        2.98707004e-04,  2.86758724e-04,  5.24386120e-04, -1.19482802e-06,
        2.95839417e-04,  3.08624077e-04,  3.14000803e-04,  7.00965770e-07,
        3.42922926e-04,  2.74325228e-04])}
{'img': array([[[ 0.        ,  0.        ,  0.07319362, ..., -0.83156897,
         -0.96379228, -0.97289495],
        [ 0.        ,  0.        ,  0.07319362, ..., -0.83156897,
         -0.96379228, -0.97289495],
        [-0.07319362, -0.07319362,  0.        , ..., -0.8699918 ,
         -0.98072453, -0.98721124],
        ...,
        [ 0.83156897,  0.83156897,  0.8699918 , ...,  0.        ,
         -0.31356962, -0.34806852],
        [ 0.96379228,  0.96379228,  0.98072453, ...,  0.31356962,
          0.        , -0.03655193],
        [ 0.97289495,  0.97289495,  0.98721124, ...,  0.34806852,
          0.03655193,  0.        ]],

       [[ 0.        , -0.48858216, -0.29488623, ..., -0.43430085,
         -0.26074011, -0.01749742],
        [ 0.48858216,  0.        ,  0.20956257, ...,  0.06116386,
          0.24418122,  0.47324056],
        [ 0.29488623, -0.20956257,  0.        , ..., -0.14936448,
          0.03554021,  0.27812173],
        ...,
        [ 0.43430085, -0.06116386,  0.14936448, ...,  0.        ,
          0.18441164,  0.41847325],
        [ 0.26074011, -0.24418122, -0.03554021, ..., -0.18441164,
          0.        ,  0.24380803],
        [ 0.01749742, -0.47324056, -0.27812173, ..., -0.41847325,
         -0.24380803,  0.        ]],

       [[ 0.        ,  0.05245152,  0.20873791, ..., -0.84806248,
         -0.9038538 , -0.93729342],
        [-0.05245152,  0.        ,  0.15715448, ..., -0.87468896,
         -0.92505055, -0.95428473],
        [-0.20873791, -0.15715448,  0.        , ..., -0.93999047,
         -0.97325009, -0.98940015],
        ...,
        [ 0.84806248,  0.87468896,  0.93999047, ...,  0.        ,
         -0.11611246, -0.20108347],
        [ 0.9038538 ,  0.92505055,  0.97325009, ...,  0.11611246,
          0.        , -0.0859826 ],
        [ 0.93729342,  0.95428473,  0.98940015, ...,  0.20108347,
          0.0859826 ,  0.        ]],

       ...,

       [[ 0.        ,  0.        ,  0.22332358, ..., -0.59734339,
         -0.84711371, -0.83943579],
        [ 0.        ,  0.        ,  0.22332358, ..., -0.59734339,
         -0.84711371, -0.83943579],
        [-0.22332358, -0.22332358,  0.        , ..., -0.7613594 ,
         -0.94439608, -0.93960249],
        ...,
        [ 0.59734339,  0.59734339,  0.7613594 , ...,  0.        ,
         -0.36193774, -0.34858383],
        [ 0.84711371,  0.84711371,  0.94439608, ...,  0.36193774,
          0.        ,  0.01428551],
        [ 0.83943579,  0.83943579,  0.93960249, ...,  0.34858383,
         -0.01428551,  0.        ]],

       [[ 0.        ,  0.24219572,  0.38291288, ...,  0.9493477 ,
          0.9493477 ,  0.93485008],
        [-0.24219572,  0.        ,  0.14777593, ...,  0.8449786 ,
          0.8449786 ,  0.82102735],
        [-0.38291288, -0.14777593,  0.        , ...,  0.75667088,
          0.75667088,  0.72764955],
        ...,
        [-0.9493477 , -0.8449786 , -0.75667088, ...,  0.        ,
          0.        , -0.04330334],
        [-0.9493477 , -0.8449786 , -0.75667088, ...,  0.        ,
          0.        , -0.04330334],
        [-0.93485008, -0.82102735, -0.72764955, ...,  0.04330334,
          0.04330334,  0.        ]],

       [[ 0.        , -0.0050358 , -0.01379423, ..., -0.92055417,
         -0.92055417, -0.95345636],
        [ 0.0050358 ,  0.        , -0.00875873, ..., -0.92250956,
         -0.92250956, -0.95496272],
        [ 0.01379423,  0.00875873,  0.        , ..., -0.92585482,
         -0.92585482, -0.95752503],
        ...,
        [ 0.92055417,  0.92250956,  0.92585482, ...,  0.        ,
          0.        ,  0.09485861],
        [ 0.92055417,  0.92250956,  0.92585482, ...,  0.        ,
          0.        ,  0.09485861],
        [ 0.95345636,  0.95496272,  0.95752503, ..., -0.09485861,
         -0.09485861,  0.        ]]]), 'num': array([7.76205758e-01, 6.30479057e-01, 1.17521533e-05, 3.01711596e-04,
       3.04144754e-04, 2.94412122e-04, 1.24796675e-04, 6.08289508e-06,
       3.01711596e-04, 3.15093965e-04, 3.19149228e-04, 8.00786188e-07,
       3.47855876e-04, 2.82332055e-04])}
{'img': array([[[ 0.        ,  0.07319362,  0.        , ..., -0.96379228,
         -0.97289495, -0.91588232],
        [-0.07319362,  0.        , -0.07319362, ..., -0.98072453,
         -0.98721124, -0.94280904],
        [ 0.        ,  0.07319362,  0.        , ..., -0.96379228,
         -0.97289495, -0.91588232],
        ...,
        [ 0.96379228,  0.98072453,  0.96379228, ...,  0.        ,
         -0.03655193,  0.14268753],
        [ 0.97289495,  0.98721124,  0.97289495, ...,  0.03655193,
          0.        ,  0.1787701 ],
        [ 0.91588232,  0.94280904,  0.91588232, ..., -0.14268753,
         -0.1787701 ,  0.        ]],

       [[ 0.        ,  0.20956257, -0.00122978, ...,  0.24418122,
          0.47324056, -0.11201263],
        [-0.20956257,  0.        , -0.21076488, ...,  0.03554021,
          0.27812173, -0.31776916],
        [ 0.00122978,  0.21076488,  0.        , ...,  0.24537359,
          0.47432355, -0.1107905 ],
        ...,
        [-0.24418122, -0.03554021, -0.24537359, ...,  0.        ,
          0.24380803, -0.3512665 ],
        [-0.47324056, -0.27812173, -0.47432355, ..., -0.24380803,
          0.        , -0.568938  ],
        [ 0.11201263,  0.31776916,  0.1107905 , ...,  0.3512665 ,
          0.568938  ,  0.        ]],

       [[ 0.        ,  0.15715448,  0.30593   , ..., -0.92505055,
         -0.95428473, -0.94649156],
        [-0.15715448,  0.        ,  0.15250897, ..., -0.97325009,
         -0.98940015, -0.98544873],
        [-0.30593   , -0.15250897,  0.        , ..., -0.99690377,
         -0.99997279, -0.99984343],
        ...,
        [ 0.92505055,  0.97325009,  0.99690377, ...,  0.        ,
         -0.0859826 , -0.06097892],
        [ 0.95428473,  0.98940015,  0.99997279, ...,  0.0859826 ,
          0.        ,  0.02506949],
        [ 0.94649156,  0.98544873,  0.99984343, ...,  0.06097892,
         -0.02506949,  0.        ]],

       ...,

       [[ 0.        ,  0.22332358,  0.11339603, ..., -0.84711371,
         -0.83943579, -0.76418275],
        [-0.22332358,  0.        , -0.11135098, ..., -0.94439608,
         -0.93960249, -0.88892649],
        [-0.11339603,  0.11135098,  0.        , ..., -0.90190969,
         -0.8956474 , -0.83239408],
        ...,
        [ 0.84711371,  0.94439608,  0.90190969, ...,  0.        ,
          0.01428551,  0.14029254],
        [ 0.83943579,  0.93960249,  0.8956474 , ..., -0.01428551,
          0.        ,  0.12613401],
        [ 0.76418275,  0.88892649,  0.83239408, ..., -0.14029254,
         -0.12613401,  0.        ]],

       [[ 0.        ,  0.17440321,  0.04657481, ...,  0.87198252,
          0.84973523,  0.77025691],
        [-0.17440321,  0.        , -0.12835292, ...,  0.77324197,
          0.74476541,  0.6472294 ],
        [-0.04657481,  0.12835292,  0.        , ...,  0.84823615,
          0.82425841,  0.7397187 ],
        ...,
        [-0.87198252, -0.77324197, -0.84823615, ...,  0.        ,
         -0.04374077, -0.17902338],
        [-0.84973523, -0.74476541, -0.82425841, ...,  0.04374077,
          0.        , -0.13581792],
        [-0.77025691, -0.6472294 , -0.7397187 , ...,  0.17902338,
          0.13581792,  0.        ]],

       [[ 0.        , -0.00875873,  0.00135149, ..., -0.92250956,
         -0.95496272, -0.9963711 ],
        [ 0.00875873,  0.        ,  0.01011016, ..., -0.92585482,
         -0.95752503, -0.99707839],
        [-0.00135149, -0.01011016,  0.        , ..., -0.92198708,
         -0.95456083, -0.99625516],
        ...,
        [ 0.92250956,  0.92585482,  0.92198708, ...,  0.        ,
          0.09485861,  0.30605383],
        [ 0.95496272,  0.95752503,  0.95456083, ..., -0.09485861,
          0.        ,  0.21436701],
        [ 0.9963711 ,  0.99707839,  0.99625516, ..., -0.30605383,
         -0.21436701,  0.        ]]]), 'num': array([ 7.65892141e-01,  6.42968352e-01,  1.01171842e-05,  2.92675687e-04,
        2.98697820e-04,  2.87857980e-04,  4.31811059e-04, -6.02213347e-06,
        2.96529852e-04,  3.12368063e-04,  3.15298835e-04,  7.92787191e-07,
        3.43546434e-04,  2.81189692e-04])}
{'img': array([[[ 0.        , -0.07319362, -0.07319362, ..., -0.98721124,
         -0.94280904, -0.98721124],
        [ 0.07319362,  0.        ,  0.        , ..., -0.97289495,
         -0.91588232, -0.97289495],
        [ 0.07319362,  0.        ,  0.        , ..., -0.97289495,
         -0.91588232, -0.97289495],
        ...,
        [ 0.98721124,  0.97289495,  0.97289495, ...,  0.        ,
          0.1787701 ,  0.        ],
        [ 0.94280904,  0.91588232,  0.91588232, ..., -0.1787701 ,
          0.        , -0.1787701 ],
        [ 0.98721124,  0.97289495,  0.97289495, ...,  0.        ,
          0.1787701 ,  0.        ]],

       [[ 0.        , -0.21076488,  0.25174872, ...,  0.27812173,
         -0.31776916,  0.17809854],
        [ 0.21076488,  0.        ,  0.45007033, ...,  0.47432355,
         -0.1107905 ,  0.38149319],
        [-0.25174872, -0.45007033,  0.        , ...,  0.02734798,
         -0.54623476, -0.07536147],
        ...,
        [-0.27812173, -0.47432355, -0.02734798, ...,  0.        ,
         -0.568938  , -0.1026035 ],
        [ 0.31776916,  0.1107905 ,  0.54623476, ...,  0.568938  ,
          0.        ,  0.48155623],
        [-0.17809854, -0.38149319,  0.07536147, ...,  0.1026035 ,
         -0.48155623,  0.        ]],

       [[ 0.        ,  0.15250897,  0.37463989, ..., -0.98940015,
         -0.98544873, -0.99852665],
        [-0.15250897,  0.        ,  0.22885559, ..., -0.99997279,
         -0.99984343, -0.99512165],
        [-0.37463989, -0.22885559,  0.        , ..., -0.9717458 ,
         -0.97735754, -0.94613364],
        ...,
        [ 0.98940015,  0.99997279,  0.9717458 , ...,  0.        ,
          0.02506949, -0.09131253],
        [ 0.98544873,  0.99984343,  0.97735754, ..., -0.02506949,
          0.        , -0.11624859],
        [ 0.99852665,  0.99512165,  0.94613364, ...,  0.09131253,
          0.11624859,  0.        ]],

       ...,

       [[ 0.        , -0.11135098, -0.11135098, ..., -0.93960249,
         -0.88892649, -0.88892649],
        [ 0.11135098,  0.        ,  0.        , ..., -0.8956474 ,
         -0.83239408, -0.83239408],
        [ 0.11135098,  0.        ,  0.        , ..., -0.8956474 ,
         -0.83239408, -0.83239408],
        ...,
        [ 0.93960249,  0.8956474 ,  0.8956474 , ...,  0.        ,
          0.12613401,  0.12613401],
        [ 0.88892649,  0.83239408,  0.83239408, ..., -0.12613401,
          0.        ,  0.        ],
        [ 0.88892649,  0.83239408,  0.83239408, ..., -0.12613401,
          0.        ,  0.        ]],

       [[ 0.        , -0.12835292, -0.12835292, ...,  0.74476541,
          0.6472294 ,  0.57337374],
        [ 0.12835292,  0.        ,  0.        , ...,  0.82425841,
          0.7397187 ,  0.67378988],
        [ 0.12835292,  0.        ,  0.        , ...,  0.82425841,
          0.7397187 ,  0.67378988],
        ...,
        [-0.74476541, -0.82425841, -0.82425841, ...,  0.        ,
         -0.13581792, -0.22755437],
        [-0.6472294 , -0.7397187 , -0.7397187 , ...,  0.13581792,
          0.        , -0.09319102],
        [-0.57337374, -0.67378988, -0.67378988, ...,  0.22755437,
          0.09319102,  0.        ]],

       [[ 0.        ,  0.01011016,  0.01011016, ..., -0.95752503,
         -0.99707839, -0.99967883],
        [-0.01011016,  0.        ,  0.        , ..., -0.95456083,
         -0.99625516, -0.99988396],
        [-0.01011016,  0.        ,  0.        , ..., -0.95456083,
         -0.99625516, -0.99988396],
        ...,
        [ 0.95752503,  0.95456083,  0.95456083, ...,  0.        ,
          0.21436701,  0.31252336],
        [ 0.99707839,  0.99625516,  0.99625516, ..., -0.21436701,
          0.        ,  0.1016288 ],
        [ 0.99967883,  0.99988396,  0.99988396, ..., -0.31252336,
         -0.1016288 ,  0.        ]]]), 'num': array([7.59081175e-01, 6.50993221e-01, 8.82350638e-06, 2.92129603e-04,
       2.98091432e-04, 2.74244117e-04, 1.69580638e-03, 2.38473145e-06,
       2.91652657e-04, 3.09240051e-04, 3.11505546e-04, 6.53351083e-07,
       3.40106206e-04, 2.78373896e-04])}
{'img': array([[[ 0.        ,  0.        , -0.17889604, ..., -0.91588232,
         -0.97289495, -0.95351042],
        [ 0.        ,  0.        , -0.17889604, ..., -0.91588232,
         -0.97289495, -0.95351042],
        [ 0.17889604,  0.17889604,  0.        , ..., -0.82929004,
         -0.91583093, -0.88421625],
        ...,
        [ 0.91588232,  0.91588232,  0.82929004, ...,  0.        ,
         -0.1787701 , -0.10677341],
        [ 0.97289495,  0.97289495,  0.91583093, ...,  0.1787701 ,
          0.        ,  0.07269475],
        [ 0.95351042,  0.95351042,  0.88421625, ...,  0.10677341,
         -0.07269475,  0.        ]],

       [[ 0.        ,  0.45007033,  0.46189009, ..., -0.1107905 ,
          0.38149319,  0.99282543],
        [-0.45007033,  0.        ,  0.01328056, ..., -0.54623476,
         -0.07536147,  0.83277009],
        [-0.46189009, -0.01328056,  0.        , ..., -0.5573108 ,
         -0.08859762,  0.82534428],
        ...,
        [ 0.1107905 ,  0.54623476,  0.5573108 , ...,  0.        ,
          0.48155623,  0.99996092],
        [-0.38149319,  0.07536147,  0.08859762, ..., -0.48155623,
          0.        ,  0.87212347],
        [-0.99282543, -0.83277009, -0.82534428, ..., -0.99996092,
         -0.87212347,  0.        ]],

       [[ 0.        ,  0.22885559,  0.14907583, ..., -0.99984343,
         -0.99512165, -0.97748036],
        [-0.22885559,  0.        , -0.08117889, ..., -0.97735754,
         -0.94613364, -0.90324382],
        [-0.14907583,  0.08117889,  0.        , ..., -0.99130883,
         -0.96929478, -0.93509882],
        ...,
        [ 0.99984343,  0.97735754,  0.99130883, ...,  0.        ,
         -0.11624859, -0.22828977],
        [ 0.99512165,  0.94613364,  0.96929478, ...,  0.11624859,
          0.        , -0.11356316],
        [ 0.97748036,  0.90324382,  0.93509882, ...,  0.22828977,
          0.11356316,  0.        ]],

       ...,

       [[ 0.        ,  0.        , -0.26136222, ..., -0.83239408,
         -0.83239408, -0.92579722],
        [ 0.        ,  0.        , -0.26136222, ..., -0.83239408,
         -0.83239408, -0.92579722],
        [ 0.26136222,  0.26136222,  0.        , ..., -0.65861792,
         -0.65861792, -0.79481696],
        ...,
        [ 0.83239408,  0.83239408,  0.65861792, ...,  0.        ,
          0.        , -0.19840013],
        [ 0.83239408,  0.83239408,  0.65861792, ...,  0.        ,
          0.        , -0.19840013],
        [ 0.92579722,  0.92579722,  0.79481696, ...,  0.19840013,
          0.19840013,  0.        ]],

       [[ 0.        ,  0.        ,  0.08123497, ...,  0.7397187 ,
          0.67378988,  0.67378988],
        [ 0.        ,  0.        ,  0.08123497, ...,  0.7397187 ,
          0.67378988,  0.67378988],
        [-0.08123497, -0.08123497,  0.        , ...,  0.68260959,
          0.61153661,  0.61153661],
        ...,
        [-0.7397187 , -0.7397187 , -0.68260959, ...,  0.        ,
         -0.09319102, -0.09319102],
        [-0.67378988, -0.67378988, -0.61153661, ...,  0.09319102,
          0.        ,  0.        ],
        [-0.67378988, -0.67378988, -0.61153661, ...,  0.09319102,
          0.        ,  0.        ]],

       [[ 0.        ,  0.        ,  0.00899548, ..., -0.99625516,
         -0.99988396, -0.99988396],
        [ 0.        ,  0.        ,  0.00899548, ..., -0.99625516,
         -0.99988396, -0.99988396],
        [-0.00899548, -0.00899548,  0.        , ..., -0.99543709,
         -0.99998054, -0.99998054],
        ...,
        [ 0.99625516,  0.99625516,  0.99543709, ...,  0.        ,
          0.1016288 ,  0.1016288 ],
        [ 0.99988396,  0.99988396,  0.99998054, ..., -0.1016288 ,
          0.        ,  0.        ],
        [ 0.99988396,  0.99988396,  0.99998054, ..., -0.1016288 ,
          0.        ,  0.        ]]]), 'num': array([ 7.95652221e-01,  6.05752915e-01,  1.56941576e-05,  3.03353525e-04,
        3.12128214e-04,  2.97085890e-04,  3.92253657e-04, -3.76058089e-06,
        3.06111284e-04,  3.23472633e-04,  3.26773587e-04,  6.59751033e-07,
        3.56840710e-04,  2.90104555e-04])}
{'img': array([[[ 0.        , -0.17889604, -0.27737599, ..., -0.97289495,
         -0.95351042, -0.98077993],
        [ 0.17889604,  0.        , -0.10102495, ..., -0.91583093,
         -0.88421625, -0.93005228],
        [ 0.27737599,  0.10102495,  0.        , ..., -0.87057745,
         -0.83250601, -0.88817472],
        ...,
        [ 0.97289495,  0.91583093,  0.87057745, ...,  0.        ,
          0.07269475, -0.03697439],
        [ 0.95351042,  0.88421625,  0.83250601, ..., -0.07269475,
          0.        , -0.10952161],
        [ 0.98077993,  0.93005228,  0.88817472, ...,  0.03697439,
          0.10952161,  0.        ]],

       [[ 0.        ,  0.01328056, -0.16656712, ..., -0.07536147,
          0.83277009, -0.1387939 ],
        [-0.01328056,  0.        , -0.17964746, ..., -0.08859762,
          0.82534428, -0.15193368],
        [ 0.16656712,  0.17964746,  0.        , ...,  0.09178476,
          0.91335111,  0.02809999],
        ...,
        [ 0.07536147,  0.08859762, -0.09178476, ...,  0.        ,
          0.87212347, -0.06376714],
        [-0.83277009, -0.82534428, -0.91335111, ..., -0.87212347,
          0.        , -0.90154889],
        [ 0.1387939 ,  0.15193368, -0.02809999, ...,  0.06376714,
          0.90154889,  0.        ]],

       [[ 0.        , -0.08117889, -0.19077969, ..., -0.94613364,
         -0.90324382, -0.88971891],
        [ 0.08117889,  0.        , -0.11046217, ..., -0.96929478,
         -0.93509882, -0.92384131],
        [ 0.19077969,  0.11046217,  0.        , ..., -0.99052584,
         -0.96852269, -0.96046994],
        ...,
        [ 0.94613364,  0.96929478,  0.99052584, ...,  0.        ,
         -0.11356316, -0.14384835],
        [ 0.90324382,  0.93509882,  0.96852269, ...,  0.11356316,
          0.        , -0.03053569],
        [ 0.88971891,  0.92384131,  0.96046994, ...,  0.14384835,
          0.03053569,  0.        ]],

       ...,

       [[ 0.        , -0.26136222, -0.33767036, ..., -0.83239408,
         -0.92579722, -0.94115089],
        [ 0.26136222,  0.        , -0.07992224, ..., -0.65861792,
         -0.79481696, -0.82010028],
        [ 0.33767036,  0.07992224,  0.        , ..., -0.59637138,
         -0.74377367, -0.77174377],
        ...,
        [ 0.83239408,  0.65861792,  0.59637138, ...,  0.        ,
         -0.19840013, -0.2402328 ],
        [ 0.92579722,  0.79481696,  0.74377367, ...,  0.19840013,
          0.        , -0.0428672 ],
        [ 0.94115089,  0.82010028,  0.77174377, ...,  0.2402328 ,
          0.0428672 ,  0.        ]],

       [[ 0.        ,  0.08123497,  0.08967936, ...,  0.67378988,
          0.67378988,  0.61175254],
        [-0.08123497,  0.        ,  0.00847532, ...,  0.61153661,
          0.61153661,  0.54546983],
        [-0.08967936, -0.00847532,  0.        , ...,  0.60480883,
          0.60480883,  0.53834681],
        ...,
        [-0.67378988, -0.61153661, -0.60480883, ...,  0.        ,
          0.        , -0.08096293],
        [-0.67378988, -0.61153661, -0.60480883, ...,  0.        ,
          0.        , -0.08096293],
        [-0.61175254, -0.54546983, -0.53834681, ...,  0.08096293,
          0.08096293,  0.        ]],

       [[ 0.        ,  0.00899548,  0.04898282, ..., -0.99988396,
         -0.99988396, -0.9906219 ],
        [-0.00899548,  0.        ,  0.03999616, ..., -0.99998054,
         -0.99998054, -0.98935275],
        [-0.04898282, -0.03999616,  0.        , ..., -0.99942992,
         -0.99942992, -0.98274016],
        ...,
        [ 0.99988396,  0.99998054,  0.99942992, ...,  0.        ,
          0.        , -0.15170712],
        [ 0.99988396,  0.99998054,  0.99942992, ...,  0.        ,
          0.        , -0.15170712],
        [ 0.9906219 ,  0.98935275,  0.98274016, ...,  0.15170712,
          0.15170712,  0.        ]]]), 'num': array([7.44937020e-01, 6.67134157e-01, 6.22422900e-06, 2.92491964e-04,
       2.96001868e-04, 2.79622318e-04, 3.92243424e-04, 9.35974285e-06,
       2.87344106e-04, 3.00389247e-04, 3.04484135e-04, 8.18977499e-07,
       3.30225721e-04, 2.70552773e-04])}
{'img': array([[[ 0.        , -0.10102495, -0.14774464, ..., -0.88421625,
         -0.93005228, -0.78788939],
        [ 0.10102495,  0.        , -0.04707251, ..., -0.83250601,
         -0.88817472, -0.72164561],
        [ 0.14774464,  0.04707251,  0.        , ..., -0.80550423,
         -0.86556006, -0.6882591 ],
        ...,
        [ 0.88421625,  0.83250601,  0.80550423, ...,  0.        ,
         -0.10952161,  0.17650961],
        [ 0.93005228,  0.88817472,  0.86556006, ...,  0.10952161,
          0.        ,  0.2832498 ],
        [ 0.78788939,  0.72164561,  0.6882591 , ..., -0.17650961,
         -0.2832498 ,  0.        ]],

       [[ 0.        , -0.17964746, -0.06315047, ...,  0.82534428,
         -0.15193368, -0.1203718 ],
        [ 0.17964746,  0.        ,  0.1171658 , ...,  0.91335111,
          0.02809999,  0.05992774],
        [ 0.06315047, -0.1171658 ,  0.        , ...,  0.85935355,
         -0.08921308, -0.05744025],
        ...,
        [-0.82534428, -0.91335111, -0.85935355, ...,  0.        ,
         -0.90154889, -0.88730861],
        [ 0.15193368, -0.02809999,  0.08921308, ...,  0.90154889,
          0.        ,  0.03185458],
        [ 0.1203718 , -0.05992774,  0.05744025, ...,  0.88730861,
         -0.03185458,  0.        ]],

       [[ 0.        , -0.11046217, -0.23608453, ..., -0.93509882,
         -0.92384131, -0.95831248],
        [ 0.11046217,  0.        , -0.12730008, ..., -0.96852269,
         -0.96046994, -0.98400942],
        [ 0.23608453,  0.12730008,  0.        , ..., -0.99233124,
         -0.98809407, -0.998678  ],
        ...,
        [ 0.93509882,  0.96852269,  0.99233124, ...,  0.        ,
         -0.03053569,  0.07243502],
        [ 0.92384131,  0.96046994,  0.98809407, ...,  0.03053569,
          0.        ,  0.10285672],
        [ 0.95831248,  0.98400942,  0.998678  , ..., -0.07243502,
         -0.10285672,  0.        ]],

       ...,

       [[ 0.        , -0.07992224, -0.56842201, ..., -0.79481696,
         -0.82010028, -0.6044415 ],
        [ 0.07992224,  0.        , -0.50084869, ..., -0.74377367,
         -0.77174377, -0.53883794],
        [ 0.56842201,  0.50084869,  0.        , ..., -0.30897898,
         -0.34946461, -0.04446335],
        ...,
        [ 0.79481696,  0.74377367,  0.30897898, ...,  0.        ,
         -0.0428672 ,  0.26638569],
        [ 0.82010028,  0.77174377,  0.34946461, ...,  0.0428672 ,
          0.        ,  0.30745908],
        [ 0.6044415 ,  0.53883794,  0.04446335, ..., -0.26638569,
         -0.30745908,  0.        ]],

       [[ 0.        ,  0.00847532, -0.00644292, ...,  0.61153661,
          0.54546983,  0.12191127],
        [-0.00847532,  0.        , -0.01491783, ...,  0.60480883,
          0.53834681,  0.11349478],
        [ 0.00644292,  0.01491783,  0.        , ...,  0.61662165,
          0.55085851,  0.12830359],
        ...,
        [-0.61153661, -0.60480883, -0.61662165, ...,  0.        ,
         -0.08096293, -0.51051699],
        [-0.54546983, -0.53834681, -0.55085851, ...,  0.08096293,
          0.        , -0.43922362],
        [-0.12191127, -0.11349478, -0.12830359, ...,  0.51051699,
          0.43922362,  0.        ]],

       [[ 0.        ,  0.03999616,  0.07871027, ..., -0.99998054,
         -0.98935275, -0.98706631],
        [-0.03999616,  0.        ,  0.03877522, ..., -0.99942992,
         -0.98274016, -0.97986461],
        [-0.07871027, -0.03877522,  0.        , ..., -0.9973692 ,
         -0.97482802, -0.97138573],
        ...,
        [ 0.99998054,  0.99942992,  0.9973692 , ...,  0.        ,
         -0.15170712, -0.16646763],
        [ 0.98935275,  0.98274016,  0.97482802, ...,  0.15170712,
          0.        , -0.01495051],
        [ 0.98706631,  0.97986461,  0.97138573, ...,  0.16646763,
          0.01495051,  0.        ]]]), 'num': array([7.24883776e-01, 6.88870664e-01, 2.74909249e-06, 2.97629022e-04,
       2.97629022e-04, 2.86269136e-04, 1.93299826e-04, 1.36318636e-05,
       2.82179577e-04, 2.90983489e-04, 2.95432777e-04, 1.24491905e-06,
       3.18691134e-04, 2.63275843e-04])}
{'img': array([[[ 0.        , -0.04707251,  0.04925109, ..., -0.88817472,
         -0.72164561, -0.36739872],
        [ 0.04707251,  0.        ,  0.09621188, ..., -0.86556006,
         -0.6882591 , -0.32321102],
        [-0.04925109, -0.09621188,  0.        , ..., -0.90972802,
         -0.75486453, -0.41275949],
        ...,
        [ 0.88817472,  0.86556006,  0.90972802, ...,  0.        ,
          0.2832498 ,  0.65723705],
        [ 0.72164561,  0.6882591 ,  0.75486453, ..., -0.2832498 ,
          0.        ,  0.41683984],
        [ 0.36739872,  0.32321102,  0.41275949, ..., -0.65723705,
         -0.41683984,  0.        ]],

       [[ 0.        ,  0.1171658 , -0.13728592, ...,  0.02809999,
          0.05992774, -0.21894324],
        [-0.1171658 ,  0.        , -0.25239675, ..., -0.08921308,
         -0.05744025, -0.33175832],
        [ 0.13728592,  0.25239675,  0.        , ...,  0.16506563,
          0.19639948, -0.08291514],
        ...,
        [-0.02809999,  0.08921308, -0.16506563, ...,  0.        ,
          0.03185458, -0.24627501],
        [-0.05992774,  0.05744025, -0.19639948, ..., -0.03185458,
          0.        , -0.27702349],
        [ 0.21894324,  0.33175832,  0.08291514, ...,  0.24627501,
          0.27702349,  0.        ]],

       [[ 0.        , -0.12730008, -0.19087355, ..., -0.96046994,
         -0.98400942, -0.99999413],
        [ 0.12730008,  0.        , -0.06436103, ..., -0.98809407,
         -0.998678  , -0.99142229],
        [ 0.19087355,  0.06436103,  0.        , ..., -0.99594744,
         -0.99991576, -0.98095493],
        ...,
        [ 0.96046994,  0.98809407,  0.99594744, ...,  0.        ,
          0.10285672,  0.28167269],
        [ 0.98400942,  0.998678  ,  0.99991576, ..., -0.10285672,
          0.        ,  0.18148664],
        [ 0.99999413,  0.99142229,  0.98095493, ..., -0.28167269,
         -0.18148664,  0.        ]],

       ...,

       [[ 0.        , -0.50084869, -0.39804444, ..., -0.77174377,
         -0.53883794,  0.03988591],
        [ 0.50084869,  0.        ,  0.11494029, ..., -0.34946461,
         -0.04446335,  0.53497278],
        [ 0.39804444, -0.11494029,  0.        , ..., -0.45484176,
         -0.15899528,  0.43431768],
        ...,
        [ 0.77174377,  0.34946461,  0.45484176, ...,  0.        ,
          0.30745908,  0.79649443],
        [ 0.53883794,  0.04446335,  0.15899528, ..., -0.30745908,
          0.        ,  0.57200942],
        [-0.03988591, -0.53497278, -0.43431768, ..., -0.79649443,
         -0.57200942,  0.        ]],

       [[ 0.        , -0.0084061 , -0.1004018 , ...,  0.42525327,
          0.07193365, -0.52091523],
        [ 0.0084061 ,  0.        , -0.09203463, ...,  0.43284639,
          0.08031544, -0.5137213 ],
        [ 0.1004018 ,  0.09203463,  0.        , ...,  0.51397556,
          0.17171187, -0.4325792 ],
        ...,
        [-0.42525327, -0.43284639, -0.51397556, ...,  0.        ,
         -0.35904631, -0.8344668 ],
        [-0.07193365, -0.08031544, -0.17171187, ...,  0.35904631,
          0.        , -0.58096892],
        [ 0.52091523,  0.5137213 ,  0.4325792 , ...,  0.8344668 ,
          0.58096892,  0.        ]],

       [[ 0.        ,  0.03877522,  0.17864986, ..., -0.98274016,
         -0.97986461, -0.98726131],
        [-0.03877522,  0.        ,  0.14036408, ..., -0.97482802,
         -0.97138573, -0.98034944],
        [-0.17864986, -0.14036408,  0.        , ..., -0.93388187,
         -0.92843147, -0.94295448],
        ...,
        [ 0.98274016,  0.97482802,  0.93388187, ...,  0.        ,
         -0.01495051,  0.02627372],
        [ 0.97986461,  0.97138573,  0.92843147, ...,  0.01495051,
          0.        ,  0.04121613],
        [ 0.98726131,  0.98034944,  0.94295448, ..., -0.02627372,
         -0.04121613,  0.        ]]]), 'num': array([7.25079169e-01, 6.88664590e-01, 2.74827011e-06, 3.00946933e-04,
       3.05489529e-04, 2.86183499e-04, 7.69424778e-04, 3.40694641e-06,
       2.87092018e-04, 2.90328617e-04, 2.95230834e-04, 1.20054302e-06,
       3.16682277e-04, 2.63974957e-04])}
{'img': array([[[ 0.        ,  0.09621188,  0.76068363, ..., -0.6882591 ,
         -0.32321102, -0.21135523],
        [-0.09621188,  0.        ,  0.6947014 , ..., -0.75486453,
         -0.41275949, -0.30441312],
        [-0.76068363, -0.6947014 ,  0.        , ..., -0.998614  ,
         -0.92965904, -0.88069476],
        ...,
        [ 0.6882591 ,  0.75486453,  0.998614  , ...,  0.        ,
          0.41683984,  0.51938004],
        [ 0.32321102,  0.41275949,  0.92965904, ..., -0.41683984,
          0.        ,  0.11589832],
        [ 0.21135523,  0.30441312,  0.88069476, ..., -0.51938004,
         -0.11589832,  0.        ]],

       [[ 0.        , -0.25239675,  0.09045657, ..., -0.05744025,
         -0.33175832,  0.33357934],
