state_0,state_1,state_2,state_3,state_4,state_5,state_6,state_7,state_8,state_9,state_10,state_11,state_12,state_13,state_14,state_15,state_16,state_17,state_18,state_19,state_20,state_21,state_22,state_23,state_24,state_25,state_26,state_27,state_28,state_29,state_30,state_31,state_32,state_33,state_34,state_35,state_36,state_37,state_38,state_39,state_40,state_41,state_42,state_43,state_44,state_45,state_46,state_47,state_48,state_49,state_50,state_51,state_52,state_53,state_54,state_55,state_56,state_57,state_58,state_59,state_60,state_61,state_62,state_63,state_64,state_65,state_66,state_67,state_68,state_69,state_70,state_71,state_72,state_73,state_74,state_75,state_76,state_77,state_78,state_79,state_80,state_81,state_82,state_83,state_84,state_85,state_86,state_87,state_88,state_89,state_90,state_91,state_92,state_93,state_94,state_95,state_96,state_97,state_98,state_99,state_100,state_101,state_102,state_103,state_104,state_105,state_106,state_107,state_108,state_109,state_110,state_111,state_112,state_113,state_114,state_115,state_116,state_117,state_118,state_119,state_120,state_121,state_122,state_123,state_124,state_125,state_126,state_127,state_128,state_129,state_130,state_131,state_132,state_133,state_134,state_135,state_136,state_137,state_138,state_139,state_140,state_141,state_142,state_143,state_144,state_145,state_146,state_147,state_148,state_149,state_150,state_151,state_152,state_153,state_154,state_155,state_156,state_157,state_158,state_159,state_160,state_161,state_162,state_163,state_164,state_165,state_166,state_167,state_168,state_169,state_170,state_171,state_172,state_173,state_174,state_175,state_176,state_177,state_178,state_179,state_180,state_181,state_182,state_183,state_184,state_185,state_186,state_187,state_188,state_189,state_190,state_191,state_192,state_193,state_194,state_195,state_196,state_197,state_198,state_199,state_200,state_201,state_202,state_203,state_204,state_205,state_206,state_207,state_208,state_209,state_210,state_211,state_212,state_213,state_214,state_215,state_216,state_217,state_218,state_219,state_220,state_221,state_222,state_223,state_224,state_225,state_226,state_227,state_228,state_229,state_230,state_231,state_232,state_233,state_234,state_235,state_236,state_237,state_238,state_239,state_240,state_241,state_242,state_243,state_244,state_245,state_246,state_247,state_248,state_249,state_250,state_251,state_252,state_253,state_254,state_255,state_256,state_257,state_258,state_259,state_260,state_261,state_262,state_263,state_264,state_265,state_266,state_267,state_268,state_269,state_270,state_271,state_272,state_273,state_274,state_275,state_276,state_277,state_278,state_279,state_280,state_281,state_282,state_283,state_284,state_285,state_286,state_287
{'img': array([[[ 0.        , -0.3851582 , -0.67694081, ..., -0.64377234,
         -0.66040238, -0.77398495],
        [ 0.3851582 ,  0.        , -0.34122434, ..., -0.29937603,
         -0.32023283, -0.47038874],
        [ 0.67694081,  0.34122434,  0.        , ...,  0.0441661 ,
          0.02224202, -0.1410403 ],
        ...,
        [ 0.64377234,  0.29937603, -0.0441661 , ...,  0.        ,
         -0.02193486, -0.18462729],
        [ 0.66040238,  0.32023283, -0.02224202, ...,  0.02193486,
          0.        , -0.1630251 ],
        [ 0.77398495,  0.47038874,  0.1410403 , ...,  0.18462729,
          0.1630251 ,  0.        ]],

       [[ 0.        ,  0.60353354,  0.19037969, ..., -0.46435085,
         -0.76643495, -0.62445999],
        [-0.60353354,  0.        , -0.44069835, ..., -0.90476469,
         -0.99877024, -0.96929941],
        [-0.19037969,  0.44069835,  0.        , ..., -0.62446815,
         -0.87470232, -0.7617363 ],
        ...,
        [ 0.46435085,  0.90476469,  0.62446815, ...,  0.        ,
         -0.3805314 , -0.19036943],
        [ 0.76643495,  0.99877024,  0.87470232, ...,  0.3805314 ,
          0.        ,  0.19752489],
        [ 0.62445999,  0.96929941,  0.7617363 , ...,  0.19036943,
         -0.19752489,  0.        ]],

       [[ 0.        , -0.14877589, -0.39904345, ..., -0.78574522,
         -0.84722582, -0.90690709],
        [ 0.14877589,  0.        , -0.25818509, ..., -0.68497524,
         -0.75876234, -0.83413022],
        [ 0.39904345,  0.25818509,  0.        , ..., -0.47364651,
         -0.56486346, -0.66344291],
        ...,
        [ 0.78574522,  0.68497524,  0.47364651, ...,  0.        ,
         -0.10663805, -0.22990908],
        [ 0.84722582,  0.75876234,  0.56486346, ...,  0.10663805,
          0.        , -0.12481668],
        [ 0.90690709,  0.83413022,  0.66344291, ...,  0.22990908,
          0.12481668,  0.        ]],

       ...,

       [[ 0.        , -0.14601209, -0.3348835 , ..., -0.48615735,
         -0.34500754, -0.44925652],
        [ 0.14601209,  0.        , -0.1937132 , ..., -0.35335134,
         -0.20426309, -0.31399413],
        [ 0.3348835 ,  0.1937132 ,  0.        , ..., -0.16544133,
         -0.01076503, -0.12413038],
        ...,
        [ 0.48615735,  0.35335134,  0.16544133, ...,  0.        ,
          0.15481506,  0.04174198],
        [ 0.34500754,  0.20426309,  0.01076503, ..., -0.15481506,
          0.        , -0.11344142],
        [ 0.44925652,  0.31399413,  0.12413038, ..., -0.04174198,
          0.11344142,  0.        ]],

       [[ 0.        ,  0.06107677,  0.18376135, ..., -0.51207673,
         -0.53697246, -0.56517843],
        [-0.06107677,  0.        ,  0.12338159, ..., -0.56358198,
         -0.58749432, -0.61450971],
        [-0.18376135, -0.12338159,  0.        , ..., -0.66119644,
         -0.68284932, -0.7071513 ],
        ...,
        [ 0.51207673,  0.56358198,  0.66119644, ...,  0.        ,
         -0.02923915, -0.06300692],
        [ 0.53697246,  0.58749432,  0.68284932, ...,  0.02923915,
          0.        , -0.03379893],
        [ 0.56517843,  0.61450971,  0.7071513 , ...,  0.06300692,
          0.03379893,  0.        ]],

       [[ 0.        , -0.24301015, -0.53064696, ..., -0.69955876,
         -0.77481755, -0.84809141],
        [ 0.24301015,  0.        , -0.30876647, ..., -0.50493961,
         -0.59796407, -0.6939099 ],
        [ 0.53064696,  0.30876647,  0.        , ..., -0.21375397,
         -0.32126289, -0.43767304],
        ...,
        [ 0.69955876,  0.50493961,  0.21375397, ...,  0.        ,
         -0.11141482, -0.23536383],
        [ 0.77481755,  0.59796407,  0.32126289, ...,  0.11141482,
          0.        , -0.12561357],
        [ 0.84809141,  0.6939099 ,  0.43767304, ...,  0.23536383,
          0.12561357,  0.        ]]]), 'num': array([ 9.88735235e-01,  3.14126148e-02,  3.55882015e-05,  8.57815967e-04,
        8.75354956e-04,  8.53032607e-04,  1.46319679e-01, -1.91334417e-05,
        8.82370551e-04,  9.24862736e-04,  9.22444482e-04,  7.73068350e-07,
        9.89034091e-04,  8.60691381e-04])}
{'img': array([[[ 0.00000000e+00, -3.41224338e-01, -2.17196645e-01, ...,
         -3.20232825e-01, -4.70388737e-01, -7.55769046e-01],
        [ 3.41224338e-01,  0.00000000e+00,  1.28917674e-01, ...,
          2.22420237e-02, -1.41040299e-01, -4.86962463e-01],
        [ 2.17196645e-01, -1.28917674e-01,  0.00000000e+00, ...,
         -1.06829361e-01, -2.67492354e-01, -5.95498555e-01],
        ...,
        [ 3.20232825e-01, -2.22420237e-02,  1.06829361e-01, ...,
          0.00000000e+00, -1.63025097e-01, -5.06268689e-01],
        [ 4.70388737e-01,  1.41040299e-01,  2.67492354e-01, ...,
          1.63025097e-01,  0.00000000e+00, -3.58906889e-01],
        [ 7.55769046e-01,  4.86962463e-01,  5.95498555e-01, ...,
          5.06268689e-01,  3.58906889e-01,  0.00000000e+00]],

       [[ 0.00000000e+00, -4.40698347e-01, -7.51020939e-01, ...,
         -9.98770243e-01, -9.69299410e-01, -3.72342795e-01],
        [ 4.40698347e-01,  0.00000000e+00, -3.83174303e-01, ...,
         -8.74702317e-01, -7.61736300e-01,  7.47745856e-02],
        [ 7.51020939e-01,  3.83174303e-01,  0.00000000e+00, ...,
         -6.22232113e-01, -4.55343858e-01,  4.51169086e-01],
        ...,
        [ 9.98770243e-01,  8.74702317e-01,  6.22232113e-01, ...,
          0.00000000e+00,  1.97524885e-01,  9.08493847e-01],
        [ 9.69299410e-01,  7.61736300e-01,  4.55343858e-01, ...,
         -1.97524885e-01,  0.00000000e+00,  8.08049286e-01],
        [ 3.72342795e-01, -7.47745856e-02, -4.51169086e-01, ...,
         -9.08493847e-01, -8.08049286e-01,  0.00000000e+00]],

       [[ 0.00000000e+00, -2.58185086e-01, -4.81900717e-01, ...,
         -7.58762336e-01, -8.34130219e-01, -9.07682553e-01],
        [ 2.58185086e-01,  0.00000000e+00, -2.39333661e-01, ...,
         -5.64863465e-01, -6.63442909e-01, -7.68558708e-01],
        [ 4.81900717e-01,  2.39333661e-01,  0.00000000e+00, ...,
         -3.50952654e-01, -4.65085635e-01, -5.93101665e-01],
        ...,
        [ 7.58762336e-01,  5.64863465e-01,  3.50952654e-01, ...,
          0.00000000e+00, -1.24816683e-01, -2.72814709e-01],
        [ 8.34130219e-01,  6.63442909e-01,  4.65085635e-01, ...,
          1.24816683e-01,  0.00000000e+00, -1.50599288e-01],
        [ 9.07682553e-01,  7.68558708e-01,  5.93101665e-01, ...,
          2.72814709e-01,  1.50599288e-01,  0.00000000e+00]],

       ...,

       [[ 0.00000000e+00, -1.93713199e-01, -1.13480566e-01, ...,
         -2.04263093e-01, -3.13994132e-01, -5.38588516e-01],
        [ 1.93713199e-01,  0.00000000e+00,  8.11308128e-02, ...,
         -1.07650279e-02, -1.24130380e-01, -3.65169958e-01],
        [ 1.13480566e-01, -8.11308128e-02,  0.00000000e+00, ...,
         -9.18556523e-02, -2.04224520e-01, -4.39494151e-01],
        ...,
        [ 2.04263093e-01,  1.07650279e-02,  9.18556523e-02, ...,
          0.00000000e+00, -1.13441417e-01, -3.55127194e-01],
        [ 3.13994132e-01,  1.24130380e-01,  2.04224520e-01, ...,
          1.13441417e-01,  0.00000000e+00, -2.46787659e-01],
        [ 5.38588516e-01,  3.65169958e-01,  4.39494151e-01, ...,
          3.55127194e-01,  2.46787659e-01,  0.00000000e+00]],

       [[ 0.00000000e+00,  1.23381587e-01,  1.97580938e-01, ...,
         -5.87494319e-01, -6.14509706e-01, -6.13782765e-01],
        [-1.23381587e-01,  0.00000000e+00,  7.51219677e-02, ...,
         -6.82849323e-01, -7.07151300e-01, -7.06499710e-01],
        [-1.97580938e-01, -7.51219677e-02,  0.00000000e+00, ...,
         -7.35800879e-01, -7.58269048e-01, -7.57668209e-01],
        ...,
        [ 5.87494319e-01,  6.82849323e-01,  7.35800879e-01, ...,
          0.00000000e+00, -3.37989298e-02, -3.28783212e-02],
        [ 6.14509706e-01,  7.07151300e-01,  7.58269048e-01, ...,
          3.37989298e-02,  0.00000000e+00,  9.21120513e-04],
        [ 6.13782765e-01,  7.06499710e-01,  7.57668209e-01, ...,
          3.28783212e-02, -9.21120513e-04,  0.00000000e+00]],

       [[ 0.00000000e+00, -3.08766467e-01, -4.67055398e-01, ...,
         -5.97964073e-01, -6.93909897e-01, -8.16564887e-01],
        [ 3.08766467e-01,  0.00000000e+00, -1.71214108e-01, ...,
         -3.21262885e-01, -4.37673039e-01, -5.98429224e-01],
        [ 4.67055398e-01,  1.71214108e-01,  0.00000000e+00, ...,
         -1.54381011e-01, -2.77265831e-01, -4.52420147e-01],
        ...,
        [ 5.97964073e-01,  3.21262885e-01,  1.54381011e-01, ...,
          0.00000000e+00, -1.25613566e-01, -3.09318513e-01],
        [ 6.93909897e-01,  4.37673039e-01,  2.77265831e-01, ...,
          1.25613566e-01,  0.00000000e+00, -1.87415190e-01],
        [ 8.16564887e-01,  5.98429224e-01,  4.52420147e-01, ...,
          3.09318513e-01,  1.87415190e-01,  0.00000000e+00]]]), 'num': array([3.50308333e-01, 3.50308333e-01, 0.00000000e+00, 6.49238110e-03,
       6.49238110e-03, 6.28219610e-03, 8.68458730e-01, 2.10185000e-04,
       6.44333794e-03, 6.73934848e-03, 6.75219312e-03, 8.12309178e-06,
       7.18724873e-03, 6.29144823e-03])}
{'img': array([[[ 0.        ,  0.12891767,  0.0441661 , ..., -0.1410403 ,
         -0.48696246,  0.        ],
        [-0.12891767,  0.        , -0.08499432, ..., -0.26749235,
         -0.59549856, -0.12891767],
        [-0.0441661 ,  0.08499432,  0.        , ..., -0.18462729,
         -0.52506297, -0.0441661 ],
        ...,
        [ 0.1410403 ,  0.26749235,  0.18462729, ...,  0.        ,
         -0.35890689,  0.1410403 ],
        [ 0.48696246,  0.59549856,  0.52506297, ...,  0.35890689,
          0.        ,  0.48696246],
        [ 0.        ,  0.12891767,  0.0441661 , ..., -0.1410403 ,
         -0.48696246,  0.        ]],

       [[ 0.        , -0.3831743 , -0.19414039, ..., -0.7617363 ,
          0.07477459, -0.29053735],
        [ 0.3831743 ,  0.        ,  0.1965611 , ..., -0.45534386,
          0.45116909,  0.09828317],
        [ 0.19414039, -0.1965611 ,  0.        , ..., -0.62146224,
          0.2669488 , -0.09924363],
        ...,
        [ 0.7617363 ,  0.45534386,  0.62146224, ...,  0.        ,
          0.80804929,  0.54064235],
        [-0.07477459, -0.45116909, -0.2669488 , ..., -0.80804929,
          0.        , -0.36127306],
        [ 0.29053735, -0.09828317,  0.09924363, ..., -0.54064235,
          0.36127306,  0.        ]],

       [[ 0.        , -0.23933366, -0.44301817, ..., -0.66344291,
         -0.76855871, -0.80160309],
        [ 0.23933366,  0.        , -0.21557725, ..., -0.46508564,
         -0.59310167, -0.63521921],
        [ 0.44301817,  0.21557725,  0.        , ..., -0.26330683,
         -0.40558875, -0.45378598],
        ...,
        [ 0.66344291,  0.46508564,  0.26330683, ...,  0.        ,
         -0.15059929, -0.2031373 ],
        [ 0.76855871,  0.59310167,  0.40558875, ...,  0.15059929,
          0.        , -0.05336117],
        [ 0.80160309,  0.63521921,  0.45378598, ...,  0.2031373 ,
          0.05336117,  0.        ]],

       ...,

       [[ 0.        ,  0.08113081, -0.45347419, ..., -0.12413038,
         -0.36516996,  0.01108691],
        [-0.08113081,  0.        , -0.5242887 , ..., -0.20422452,
         -0.43949415, -0.07007546],
        [ 0.45347419,  0.5242887 ,  0.        , ...,  0.33933337,
          0.09669284,  0.46332774],
        ...,
        [ 0.12413038,  0.20422452, -0.33933337, ...,  0.        ,
         -0.24678766,  0.13512392],
        [ 0.36516996,  0.43949415, -0.09669284, ...,  0.24678766,
          0.        ,  0.37546877],
        [-0.01108691,  0.07007546, -0.46332774, ..., -0.13512392,
         -0.37546877,  0.        ]],

       [[ 0.        ,  0.07512197,  0.14852787, ..., -0.7071513 ,
         -0.70649971, -0.77707351],
        [-0.07512197,  0.        ,  0.07381945, ..., -0.75826905,
         -0.75766821, -0.82216029],
        [-0.14852787, -0.07381945,  0.        , ..., -0.80432618,
         -0.80377852, -0.86193929],
        ...,
        [ 0.7071513 ,  0.75826905,  0.80432618, ...,  0.        ,
          0.00092112, -0.10435137],
        [ 0.70649971,  0.75766821,  0.80377852, ..., -0.00092112,
          0.        , -0.10526741],
        [ 0.77707351,  0.82216029,  0.86193929, ...,  0.10435137,
          0.10526741,  0.        ]],

       [[ 0.        , -0.17121411, -0.2881851 , ..., -0.43767304,
         -0.59842922, -0.62076792],
        [ 0.17121411,  0.        , -0.11997941, ..., -0.27726583,
         -0.45242015, -0.47737067],
        [ 0.2881851 ,  0.11997941,  0.        , ..., -0.15998756,
         -0.34215381, -0.36849617],
        ...,
        [ 0.43767304,  0.27726583,  0.15998756, ...,  0.        ,
         -0.18741519, -0.21502047],
        [ 0.59842922,  0.45242015,  0.34215381, ...,  0.18741519,
          0.        , -0.02817901],
        [ 0.62076792,  0.47737067,  0.36849617, ...,  0.21502047,
          0.02817901,  0.        ]]]), 'num': array([ 4.97158451e-01,  3.06442583e-01,  7.02452550e-06,  9.08170797e-03,
        9.26568364e-03,  9.08170797e-03,  8.11307942e-01, -2.17425789e-04,
        9.17871332e-03,  9.59934860e-03,  9.66764260e-03,  7.85350677e-06,
        1.02439451e-02,  8.95475209e-03])}
{'img': array([[[ 0.        , -0.08499432, -0.66454497, ..., -0.59549856,
         -0.12891767, -0.44684948],
        [ 0.08499432,  0.        , -0.59862841, ..., -0.52506297,
         -0.0441661 , -0.36919582],
        [ 0.66454497,  0.59862841,  0.        , ...,  0.08888117,
          0.56266603,  0.26060051],
        ...,
        [ 0.59549856,  0.52506297, -0.08888117, ...,  0.        ,
          0.48696246,  0.17375908],
        [ 0.12891767,  0.0441661 , -0.56266603, ..., -0.48696246,
          0.        , -0.32778972],
        [ 0.44684948,  0.36919582, -0.26060051, ..., -0.17375908,
          0.32778972,  0.        ]],

       [[ 0.        ,  0.1965611 ,  0.77874851, ...,  0.45116909,
          0.09828317, -0.44898935],
        [-0.1965611 ,  0.        ,  0.64024646, ...,  0.2669488 ,
         -0.09924363, -0.61586492],
        [-0.77874851, -0.64024646,  0.        , ..., -0.41195043,
         -0.7133216 , -0.97750798],
        ...,
        [-0.45116909, -0.2669488 ,  0.41195043, ...,  0.        ,
         -0.36127306, -0.8038317 ],
        [-0.09828317,  0.09924363,  0.7133216 , ...,  0.36127306,
          0.        , -0.53463523],
        [ 0.44898935,  0.61586492,  0.97750798, ...,  0.8038317 ,
          0.53463523,  0.        ]],

       [[ 0.        , -0.21557725, -0.5004573 , ..., -0.59310167,
         -0.63521921, -0.71629056],
        [ 0.21557725,  0.        , -0.30205151, ..., -0.40558875,
         -0.45378598, -0.549018  ],
        [ 0.5004573 ,  0.30205151,  0.        , ..., -0.11055245,
         -0.16342902, -0.27091642],
        ...,
        [ 0.59310167,  0.40558875,  0.11055245, ...,  0.        ,
         -0.05336117, -0.16283767],
        [ 0.63521921,  0.45378598,  0.16342902, ...,  0.05336117,
          0.        , -0.10995672],
        [ 0.71629056,  0.549018  ,  0.27091642, ...,  0.16283767,
          0.10995672,  0.        ]],

       ...,

       [[ 0.        , -0.5242887 , -0.94693567, ..., -0.43949415,
         -0.07007546, -0.46892802],
        [ 0.5242887 ,  0.        , -0.63783562, ...,  0.09669284,
          0.46332774,  0.06375962],
        [ 0.94693567,  0.63783562,  0.        , ...,  0.70931707,
          0.92208394,  0.68564371],
        ...,
        [ 0.43949415, -0.09669284, -0.70931707, ...,  0.        ,
          0.37546877, -0.03303524],
        [ 0.07007546, -0.46332774, -0.92208394, ..., -0.37546877,
          0.        , -0.40588206],
        [ 0.46892802, -0.06375962, -0.68564371, ...,  0.03303524,
          0.40588206,  0.        ]],

       [[ 0.        ,  0.07381945,  0.30204448, ..., -0.75766821,
         -0.82216029, -0.85835182],
        [-0.07381945,  0.        ,  0.23084876, ..., -0.80377852,
         -0.86193929, -0.89388383],
        [-0.30204448, -0.23084876,  0.        , ..., -0.91940672,
         -0.95570098, -0.9732289 ],
        ...,
        [ 0.75766821,  0.80377852,  0.91940672, ...,  0.        ,
         -0.10526741, -0.17146425],
        [ 0.82216029,  0.86193929,  0.95570098, ...,  0.10526741,
          0.        , -0.06680315],
        [ 0.85835182,  0.89388383,  0.9732289 , ...,  0.17146425,
          0.06680315,  0.        ]],

       [[ 0.        , -0.11997941, -0.39255756, ..., -0.45242015,
         -0.47737067, -0.55902793],
        [ 0.11997941,  0.        , -0.27937352, ..., -0.34215381,
         -0.36849617, -0.45550893],
        [ 0.39255756,  0.27937352,  0.        , ..., -0.06601846,
         -0.09410977, -0.18866468],
        ...,
        [ 0.45242015,  0.34215381,  0.06601846, ...,  0.        ,
         -0.02817901, -0.12342022],
        [ 0.47737067,  0.36849617,  0.09410977, ...,  0.02817901,
          0.        , -0.09540764],
        [ 0.55902793,  0.45550893,  0.18866468, ...,  0.12342022,
          0.09540764,  0.        ]]]), 'num': array([6.15926833e-01, 1.77106643e-01, 1.61628062e-05, 1.12517997e-02,
       1.14175721e-02, 1.12310782e-02, 7.66936346e-01, 0.00000000e+00,
       1.13139644e-02, 1.18361473e-02, 1.19711828e-02, 9.45193348e-06,
       1.26469505e-02, 1.10253442e-02])}
{'img': array([[[ 0.        , -0.59862841, -0.68648185, ..., -0.0441661 ,
         -0.36919582, -0.36919582],
        [ 0.59862841,  0.        , -0.11459959, ...,  0.56266603,
          0.26060051,  0.26060051],
        [ 0.68648185,  0.11459959,  0.        , ...,  0.65369674,
          0.36952342,  0.36952342],
        ...,
        [ 0.0441661 , -0.56266603, -0.65369674, ...,  0.        ,
         -0.32778972, -0.32778972],
        [ 0.36919582, -0.26060051, -0.36952342, ...,  0.32778972,
          0.        ,  0.        ],
        [ 0.36919582, -0.26060051, -0.36952342, ...,  0.32778972,
          0.        ,  0.        ]],

       [[ 0.        ,  0.64024646, -0.12386864, ..., -0.09924363,
         -0.61586492, -0.83028149],
        [-0.64024646,  0.        , -0.73046779, ..., -0.7133216 ,
         -0.97750798, -0.99463467],
        [ 0.12386864,  0.73046779,  0.        , ...,  0.0247778 ,
         -0.51353179, -0.75484971],
        ...,
        [ 0.09924363,  0.7133216 , -0.0247778 , ...,  0.        ,
         -0.53463523, -0.77086966],
        [ 0.61586492,  0.97750798,  0.51353179, ...,  0.53463523,
          0.        , -0.31088995],
        [ 0.83028149,  0.99463467,  0.75484971, ...,  0.77086966,
          0.31088995,  0.        ]],

       [[ 0.        , -0.30205151, -0.53588098, ..., -0.45378598,
         -0.549018  , -0.64624312],
        [ 0.30205151,  0.        , -0.25583069, ..., -0.16342902,
         -0.27091642, -0.38555309],
        [ 0.53588098,  0.25583069,  0.        , ...,  0.09440071,
         -0.01563739, -0.13667119],
        ...,
        [ 0.45378598,  0.16342902, -0.09440071, ...,  0.        ,
         -0.10995672, -0.22957575],
        [ 0.549018  ,  0.27091642,  0.01563739, ...,  0.10995672,
          0.        , -0.12116382],
        [ 0.64624312,  0.38555309,  0.13667119, ...,  0.22957575,
          0.12116382,  0.        ]],

       ...,

       [[ 0.        , -0.63783562, -0.35652572, ...,  0.46332774,
          0.06375962,  0.03378666],
        [ 0.63783562,  0.        ,  0.32133426, ...,  0.92208394,
          0.68564371,  0.66349302],
        [ 0.35652572, -0.32133426,  0.        , ...,  0.74882885,
          0.41536998,  0.38788855],
        ...,
        [-0.46332774, -0.92208394, -0.74882885, ...,  0.        ,
         -0.40588206, -0.43312192],
        [-0.06375962, -0.68564371, -0.41536998, ...,  0.40588206,
          0.        , -0.0300053 ],
        [-0.03378666, -0.66349302, -0.38788855, ...,  0.43312192,
          0.0300053 ,  0.        ]],

       [[ 0.        ,  0.23084876,  0.49966435, ..., -0.86193929,
         -0.89388383, -0.91449415],
        [-0.23084876,  0.        ,  0.28620263, ..., -0.95570098,
         -0.9732289 , -0.98319455],
        [-0.49966435, -0.28620263,  0.        , ..., -0.99996385,
         -0.99829811, -0.99431606],
        ...,
        [ 0.86193929,  0.95570098,  0.99996385, ...,  0.        ,
         -0.06680315, -0.11491918],
        [ 0.89388383,  0.9732289 ,  0.99829811, ...,  0.06680315,
          0.        , -0.0483019 ],
        [ 0.91449415,  0.98319455,  0.99431606, ...,  0.11491918,
          0.0483019 ,  0.        ]],

       [[ 0.        , -0.27937352, -0.54917438, ..., -0.36849617,
         -0.45550893, -0.53954603],
        [ 0.27937352,  0.        , -0.293833  , ..., -0.09410977,
         -0.18866468, -0.28284241],
        [ 0.54917438,  0.293833  ,  0.        , ...,  0.20257345,
          0.10821981,  0.0114779 ],
        ...,
        [ 0.36849617,  0.09410977, -0.20257345, ...,  0.        ,
         -0.09540764, -0.19132018],
        [ 0.45550893,  0.18866468, -0.10821981, ...,  0.09540764,
          0.        , -0.09680219],
        [ 0.53954603,  0.28284241, -0.0114779 , ...,  0.19132018,
          0.09680219,  0.        ]]]), 'num': array([2.95974801e-01, 1.28053970e-01, 6.16223231e-06, 5.41680098e-03,
       5.53607000e-03, 5.41680098e-03, 9.46442352e-01, 1.98781687e-05,
       5.41680098e-03, 5.65782378e-03, 5.73982122e-03, 5.56588725e-06,
       6.05790742e-03, 5.25774014e-03])}
{'img': array([[[ 0.        , -0.11459959,  0.7233006 , ...,  0.26060051,
          0.26060051,  0.31734372],
        [ 0.11459959,  0.        ,  0.79767016, ...,  0.36952342,
          0.36952342,  0.42392899],
        [-0.7233006 , -0.79767016,  0.        , ..., -0.51835486,
         -0.51835486, -0.46677721],
        ...,
        [-0.26060051, -0.36952342,  0.51835486, ...,  0.        ,
          0.        ,  0.05924823],
        [-0.26060051, -0.36952342,  0.51835486, ...,  0.        ,
          0.        ,  0.05924823],
        [-0.31734372, -0.42392899,  0.46677721, ..., -0.05924823,
         -0.05924823,  0.        ]],

       [[ 0.        , -0.73046779, -0.52612664, ..., -0.97750798,
         -0.99463467, -0.33926974],
        [ 0.73046779,  0.        ,  0.26187768, ..., -0.51353179,
         -0.75484971,  0.45543982],
        [ 0.52612664, -0.26187768,  0.        , ..., -0.72031961,
         -0.90027126,  0.20640451],
        ...,
        [ 0.97750798,  0.51353179,  0.72031961, ...,  0.        ,
         -0.31088995,  0.84797969],
        [ 0.99463467,  0.75484971,  0.90027126, ...,  0.31088995,
          0.        ,  0.97073944],
        [ 0.33926974, -0.45543982, -0.20640451, ..., -0.84797969,
         -0.97073944,  0.        ]],

       [[ 0.        , -0.25583069, -0.183976  , ..., -0.27091642,
         -0.38555309, -0.43173535],
        [ 0.25583069,  0.        ,  0.07361028, ..., -0.01563739,
         -0.13667119, -0.18660852],
        [ 0.183976  , -0.07361028,  0.        , ..., -0.08919625,
         -0.20921997, -0.25841954],
        ...,
        [ 0.27091642,  0.01563739,  0.08919625, ...,  0.        ,
         -0.12116382, -0.17122299],
        [ 0.38555309,  0.13667119,  0.20921997, ...,  0.12116382,
          0.        , -0.050587  ],
        [ 0.43173535,  0.18660852,  0.25841954, ...,  0.17122299,
          0.050587  ,  0.        ]],

       ...,

       [[ 0.        ,  0.32133426,  0.91379299, ...,  0.68564371,
          0.66349302,  0.80626219],
        [-0.32133426,  0.        ,  0.73481111, ...,  0.41536998,
          0.38788855,  0.57341478],
        [-0.91379299, -0.73481111,  0.        , ..., -0.38668907,
         -0.41418616, -0.21307412],
        ...,
        [-0.68564371, -0.41536998,  0.38668907, ...,  0.        ,
         -0.0300053 ,  0.18131005],
        [-0.66349302, -0.38788855,  0.41418616, ...,  0.0300053 ,
          0.        ,  0.21073641],
        [-0.80626219, -0.57341478,  0.21307412, ..., -0.18131005,
         -0.21073641,  0.        ]],

       [[ 0.        ,  0.28620263,  0.19544547, ..., -0.9732289 ,
         -0.98319455, -0.9864124 ],
        [-0.28620263,  0.        , -0.09341327, ..., -0.99829811,
         -0.99431606, -0.99216958],
        [-0.19544547,  0.09341327,  0.        , ..., -0.99938056,
         -0.99991392, -0.99949838],
        ...,
        [ 0.9732289 ,  0.99829811,  0.99938056, ...,  0.        ,
         -0.0483019 , -0.0668251 ],
        [ 0.98319455,  0.99431606,  0.99991392, ...,  0.0483019 ,
          0.        , -0.01855316],
        [ 0.9864124 ,  0.99216958,  0.99949838, ...,  0.0668251 ,
          0.01855316,  0.        ]],

       [[ 0.        , -0.293833  , -0.38820778, ..., -0.18866468,
         -0.28284241, -0.37047169],
        [ 0.293833  ,  0.        , -0.10028281, ...,  0.10821981,
          0.0114779 , -0.08119293],
        [ 0.38820778,  0.10028281,  0.        , ...,  0.20736812,
          0.11169624,  0.01916808],
        ...,
        [ 0.18866468, -0.10821981, -0.20736812, ...,  0.        ,
         -0.09680219, -0.18857859],
        [ 0.28284241, -0.0114779 , -0.11169624, ...,  0.09680219,
          0.        , -0.09262759],
        [ 0.37047169,  0.08119293, -0.01916808, ...,  0.18857859,
          0.09262759,  0.        ]]]), 'num': array([4.47263360e-01, 3.23117410e-01, 4.48990777e-06, 8.27639666e-03,
       8.32129573e-03, 8.18659850e-03, 8.33658537e-01, 1.19730874e-04,
       8.20156486e-03, 8.49565382e-03, 8.64731293e-03, 1.05644889e-05,
       9.09679306e-03, 7.89451458e-03])}
{'img': array([[[ 0.        ,  0.79767016,  0.11459959, ...,  0.36952342,
          0.42392899,  0.6000974 ],
        [-0.79767016,  0.        , -0.7233006 , ..., -0.51835486,
         -0.46677721, -0.27616273],
        [-0.11459959,  0.7233006 ,  0.        , ...,  0.26060051,
          0.31734372,  0.50447251],
        ...,
        [-0.36952342,  0.51835486, -0.26060051, ...,  0.        ,
          0.05924823,  0.26203162],
        [-0.42392899,  0.46677721, -0.31734372, ..., -0.05924823,
          0.        ,  0.20439325],
        [-0.6000974 ,  0.27616273, -0.50447251, ..., -0.26203162,
         -0.20439325,  0.        ]],

       [[ 0.        ,  0.26187768,  0.2185634 , ..., -0.75484971,
          0.45543982, -0.3633156 ],
        [-0.26187768,  0.        , -0.04461043, ..., -0.90027126,
          0.20640451, -0.59461884],
        [-0.2185634 ,  0.04461043,  0.        , ..., -0.87995477,
          0.24984885, -0.55815974],
        ...,
        [ 0.75484971,  0.90027126,  0.87995477, ...,  0.        ,
          0.97073944,  0.46497001],
        [-0.45543982, -0.20640451, -0.24984885, ..., -0.97073944,
          0.        , -0.74776559],
        [ 0.3633156 ,  0.59461884,  0.55815974, ..., -0.46497001,
          0.74776559,  0.        ]],

       [[ 0.        ,  0.07361028, -0.13667119, ..., -0.13667119,
         -0.18660852, -0.04799368],
        [-0.07361028,  0.        , -0.20921997, ..., -0.20921997,
         -0.25841954, -0.12138893],
        [ 0.13667119,  0.20921997,  0.        , ...,  0.        ,
         -0.050587  ,  0.08897037],
        ...,
        [ 0.13667119,  0.20921997,  0.        , ...,  0.        ,
         -0.050587  ,  0.08897037],
        [ 0.18660852,  0.25841954,  0.050587  , ...,  0.050587  ,
          0.        ,  0.13924285],
        [ 0.04799368,  0.12138893, -0.08897037, ..., -0.08897037,
         -0.13924285,  0.        ]],

       ...,

       [[ 0.        ,  0.89578693,  0.73467569, ...,  0.60555704,
          0.77258493,  0.9125689 ],
        [-0.89578693,  0.        , -0.28116702, ..., -0.4437087 ,
         -0.22534394,  0.03931415],
        [-0.73467569,  0.28116702,  0.        , ..., -0.17383523,
          0.05768189,  0.31867782],
        ...,
        [-0.60555704,  0.4437087 ,  0.17383523, ...,  0.        ,
          0.23034947,  0.47859787],
        [-0.77258493,  0.22534394, -0.05768189, ..., -0.23034947,
          0.        ,  0.26347269],
        [-0.9125689 , -0.03931415, -0.31867782, ..., -0.47859787,
         -0.26347269,  0.        ]],

       [[ 0.        , -0.09341327,  0.00303927, ..., -0.99431606,
         -0.99216958, -0.98667531],
        [ 0.09341327,  0.        ,  0.09643882, ..., -0.99991392,
         -0.99949838, -0.99755949],
        [-0.00303927, -0.09643882,  0.        , ..., -0.99398788,
         -0.9917854 , -0.98617626],
        ...,
        [ 0.99431606,  0.99991392,  0.99398788, ...,  0.        ,
         -0.01855316, -0.05672692],
        [ 0.99216958,  0.99949838,  0.9917854 , ...,  0.01855316,
          0.        , -0.03819387],
        [ 0.98667531,  0.99755949,  0.98617626, ...,  0.05672692,
          0.03819387,  0.        ]],

       [[ 0.        , -0.10028281, -0.37147499, ...,  0.0114779 ,
         -0.08119293, -0.12815617],
        [ 0.10028281,  0.        , -0.2764955 , ...,  0.11169624,
          0.01916808, -0.02805426],
        [ 0.37147499,  0.2764955 ,  0.        , ...,  0.38210709,
          0.29486552,  0.24942611],
        ...,
        [-0.0114779 , -0.11169624, -0.38210709, ...,  0.        ,
         -0.09262759, -0.13953099],
        [ 0.08119293, -0.01916808, -0.29486552, ...,  0.09262759,
          0.        , -0.04720964],
        [ 0.12815617,  0.02805426, -0.24942611, ...,  0.13953099,
          0.04720964,  0.        ]]]), 'num': array([ 3.45228220e-01,  2.82185664e-01,  2.31774102e-06,  6.30425556e-03,
        6.52444096e-03,  6.30425556e-03,  8.94903679e-01, -1.04298346e-04,
        6.32279749e-03,  6.55225385e-03,  6.69769210e-03,  8.42814915e-06,
        7.01779104e-03,  6.08671666e-03])}
{'img': array([[[ 0.        , -0.7233006 , -0.93120888, ..., -0.46677721,
         -0.27616273, -0.49231225],
        [ 0.7233006 ,  0.        , -0.37939782, ...,  0.31734372,
          0.50447251,  0.28961634],
        [ 0.93120888,  0.37939782,  0.        , ...,  0.65340405,
          0.79433755,  0.63110067],
        ...,
        [ 0.46677721, -0.31734372, -0.65340405, ...,  0.        ,
          0.20439325, -0.02909702],
        [ 0.27616273, -0.50447251, -0.79433755, ..., -0.20439325,
          0.        , -0.23278946],
        [ 0.49231225, -0.28961634, -0.63110067, ...,  0.02909702,
          0.23278946,  0.        ]],

       [[ 0.        , -0.04461043, -0.57455657, ...,  0.20640451,
         -0.59461884, -0.18010071],
        [ 0.04461043,  0.        , -0.53747251, ...,  0.24984885,
         -0.55815974, -0.13604044],
        [ 0.57455657,  0.53747251,  0.        , ...,  0.73111934,
         -0.02472671,  0.41775542],
        ...,
        [-0.20640451, -0.24984885, -0.73111934, ...,  0.        ,
         -0.74776559, -0.37925197],
        [ 0.59461884,  0.55815974,  0.02472671, ...,  0.74776559,
          0.        ,  0.44009338],
        [ 0.18010071,  0.13604044, -0.41775542, ...,  0.37925197,
         -0.44009338,  0.        ]],

       [[ 0.        , -0.20921997, -0.64564658, ..., -0.25841954,
         -0.12138893, -0.22838277],
        [ 0.20921997,  0.        , -0.47158954, ..., -0.050587  ,
          0.08897037, -0.01963775],
        [ 0.64564658,  0.47158954,  0.        , ...,  0.4263772 ,
          0.54817503,  0.45418167],
        ...,
        [ 0.25841954,  0.050587  , -0.4263772 , ...,  0.        ,
          0.13924285,  0.03096464],
        [ 0.12138893, -0.08897037, -0.54817503, ..., -0.13924285,
          0.        , -0.10851309],
        [ 0.22838277,  0.01963775, -0.45418167, ..., -0.03096464,
          0.10851309,  0.        ]],

       ...,

       [[ 0.        , -0.3887348 , -0.3434602 , ..., -0.30350824,
          0.04899723,  0.09310147],
        [ 0.3887348 ,  0.        ,  0.04864003, ...,  0.09076049,
          0.43341147,  0.47282539],
        [ 0.3434602 , -0.04864003,  0.        , ...,  0.04221379,
          0.38906427,  0.42940628],
        ...,
        [ 0.30350824, -0.09076049, -0.04221379, ...,  0.        ,
          0.34982967,  0.39089975],
        [-0.04899723, -0.43341147, -0.38906427, ..., -0.34982967,
          0.        ,  0.04420524],
        [-0.09310147, -0.47282539, -0.42940628, ..., -0.39089975,
         -0.04420524,  0.        ]],

       [[ 0.        ,  0.09643882,  0.18582917, ..., -0.99949838,
         -0.99755949, -0.99265214],
        [-0.09643882,  0.        ,  0.09020395, ..., -0.9917854 ,
         -0.98617626, -0.97635591],
        [-0.18582917, -0.09020395,  0.        , ..., -0.97620395,
         -0.96720916, -0.9528763 ],
        ...,
        [ 0.99949838,  0.9917854 ,  0.97620395, ...,  0.        ,
         -0.03819387, -0.08950495],
        [ 0.99755949,  0.98617626,  0.96720916, ...,  0.03819387,
          0.        , -0.05139907],
        [ 0.99265214,  0.97635591,  0.9528763 , ...,  0.08950495,
          0.05139907,  0.        ]],

       [[ 0.        , -0.2764955 , -0.61951701, ...,  0.01916808,
         -0.02805426, -0.10083067],
        [ 0.2764955 ,  0.        , -0.37832094, ...,  0.29486552,
          0.24942611,  0.17818656],
        [ 0.61951701,  0.37832094,  0.        , ...,  0.63444982,
          0.59725105,  0.53720932],
        ...,
        [-0.01916808, -0.29486552, -0.63444982, ...,  0.        ,
         -0.04720964, -0.11988254],
        [ 0.02805426, -0.24942611, -0.59725105, ...,  0.04720964,
          0.        , -0.0728797 ],
        [ 0.10083067, -0.17818656, -0.53720932, ...,  0.11988254,
          0.0728797 ,  0.        ]]]), 'num': array([5.74944851e-01, 4.05866070e-01, 6.15951845e-06, 1.05674238e-02,
       1.06059208e-02, 1.05289269e-02, 7.09780175e-01, 9.62424759e-05,
       1.05250772e-02, 1.08426773e-02, 1.11192140e-02, 1.34937904e-05,
       1.15928354e-02, 1.00925192e-02])}
{'img': array([[[ 0.        , -0.37939782,  0.26060051, ...,  0.50447251,
          0.28961634,  0.41762041],
        [ 0.37939782,  0.        ,  0.60740474, ...,  0.79433755,
          0.63110067,  0.7311255 ],
        [-0.26060051, -0.60740474,  0.        , ...,  0.26203162,
          0.03017723,  0.16640301],
        ...,
        [-0.50447251, -0.79433755, -0.26203162, ...,  0.        ,
         -0.23278946, -0.09778956],
        [-0.28961634, -0.63110067, -0.03017723, ...,  0.23278946,
          0.        ,  0.13657073],
        [-0.41762041, -0.7311255 , -0.16640301, ...,  0.09778956,
         -0.13657073,  0.        ]],

       [[ 0.        , -0.53747251, -0.71123557, ..., -0.55815974,
         -0.13604044, -0.88204355],
        [ 0.53747251,  0.        , -0.22195333, ..., -0.02472671,
          0.41775542, -0.49057102],
        [ 0.71123557,  0.22195333,  0.        , ...,  0.19777551,
          0.60899328, -0.28492445],
        ...,
        [ 0.55815974,  0.02472671, -0.19777551, ...,  0.        ,
          0.44009338, -0.46887414],
        [ 0.13604044, -0.41775542, -0.60899328, ..., -0.44009338,
          0.        , -0.80974555],
        [ 0.88204355,  0.49057102,  0.28492445, ...,  0.46887414,
          0.80974555,  0.        ]],

       [[ 0.        , -0.47158954, -0.23591135, ...,  0.08897037,
         -0.01963775,  0.03725616],
        [ 0.47158954,  0.        ,  0.25024781, ...,  0.54817503,
          0.45418167,  0.5041153 ],
        [ 0.23591135, -0.25024781,  0.        , ...,  0.32143493,
          0.21678239,  0.27195215],
        ...,
        [-0.08897037, -0.54817503, -0.32143493, ...,  0.        ,
         -0.10851309, -0.05180019],
        [ 0.01963775, -0.45418167, -0.21678239, ...,  0.10851309,
          0.        ,  0.05687309],
        [-0.03725616, -0.5041153 , -0.27195215, ...,  0.05180019,
         -0.05687309,  0.        ]],

       ...,

       [[ 0.        ,  0.04864003,  0.36307564, ...,  0.43341147,
          0.47282539,  0.42418269],
        [-0.04864003,  0.        ,  0.31732507, ...,  0.38906427,
          0.42940628,  0.37963334],
        [-0.36307564, -0.31732507,  0.        , ...,  0.07663297,
          0.1206333 ,  0.0664435 ],
        ...,
        [-0.43341147, -0.38906427, -0.07663297, ...,  0.        ,
          0.04420524, -0.0102155 ],
        [-0.47282539, -0.42940628, -0.1206333 , ..., -0.04420524,
          0.        , -0.05440845],
        [-0.42418269, -0.37963334, -0.0664435 , ...,  0.0102155 ,
          0.05440845,  0.        ]],

       [[ 0.        ,  0.09020395, -0.4572141 , ..., -0.98617626,
         -0.97635591, -0.9567757 ],
        [-0.09020395,  0.        , -0.53557367, ..., -0.96720916,
         -0.9528763 , -0.92664149],
        [ 0.4572141 ,  0.53557367,  0.        , ..., -0.95282266,
         -0.96716425, -0.98388498],
        ...,
        [ 0.98617626,  0.96720916,  0.95282266, ...,  0.        ,
         -0.05139907, -0.12826909],
        [ 0.97635591,  0.9528763 ,  0.96716425, ...,  0.05139907,
          0.        , -0.07712506],
        [ 0.9567757 ,  0.92664149,  0.98388498, ...,  0.12826909,
          0.07712506,  0.        ]],

       [[ 0.        , -0.37832094, -0.71656887, ...,  0.24942611,
          0.17818656,  0.14846584],
        [ 0.37832094,  0.        , -0.39942448, ...,  0.59725105,
          0.53720932,  0.51155925],
        [ 0.71656887,  0.39942448,  0.        , ...,  0.86789966,
          0.82938946,  0.81218487],
        ...,
        [-0.24942611, -0.59725105, -0.86789966, ...,  0.        ,
         -0.0728797 , -0.10288844],
        [-0.17818656, -0.53720932, -0.82938946, ...,  0.0728797 ,
          0.        , -0.03012192],
        [-0.14846584, -0.51155925, -0.81218487, ...,  0.10288844,
          0.03012192,  0.        ]]]), 'num': array([4.01615276e-01, 2.90595464e-01, 4.02975722e-06, 7.40132075e-03,
       7.52221347e-03, 7.38788823e-03, 8.68221401e-01, 2.68650481e-05,
