state_0,state_1,state_2,state_3,state_4,state_5,state_6,state_7,state_8,state_9,state_10,state_11,state_12,state_13,state_14,state_15,state_16,state_17,state_18,state_19,state_20,state_21,state_22,state_23,state_24,state_25,state_26,state_27,state_28,state_29,state_30,state_31,state_32,state_33,state_34,state_35,state_36,state_37,state_38,state_39,state_40,state_41,state_42,state_43,state_44,state_45,state_46,state_47,state_48,state_49,state_50,state_51,state_52,state_53,state_54,state_55,state_56,state_57,state_58,state_59,state_60,state_61,state_62,state_63,state_64,state_65,state_66,state_67,state_68,state_69,state_70,state_71,state_72,state_73,state_74,state_75,state_76,state_77,state_78,state_79,state_80,state_81,state_82,state_83,state_84,state_85,state_86,state_87,state_88,state_89,state_90,state_91,state_92,state_93,state_94,state_95,state_96,state_97,state_98,state_99,state_100,state_101,state_102,state_103,state_104,state_105,state_106,state_107,state_108,state_109,state_110,state_111,state_112,state_113,state_114,state_115,state_116,state_117,state_118,state_119,state_120,state_121,state_122,state_123,state_124,state_125,state_126,state_127,state_128,state_129,state_130,state_131,state_132,state_133,state_134,state_135,state_136,state_137,state_138,state_139,state_140,state_141,state_142,state_143,state_144,state_145,state_146,state_147,state_148,state_149,state_150,state_151,state_152,state_153,state_154,state_155,state_156,state_157,state_158,state_159,state_160,state_161,state_162,state_163,state_164,state_165,state_166,state_167,state_168,state_169,state_170,state_171,state_172,state_173,state_174,state_175,state_176,state_177,state_178,state_179,state_180,state_181,state_182,state_183,state_184,state_185,state_186,state_187,state_188,state_189,state_190,state_191,state_192,state_193,state_194,state_195,state_196,state_197,state_198,state_199,state_200,state_201,state_202,state_203,state_204,state_205,state_206,state_207,state_208,state_209,state_210,state_211,state_212,state_213,state_214,state_215,state_216,state_217,state_218,state_219,state_220,state_221,state_222,state_223,state_224,state_225,state_226,state_227,state_228,state_229,state_230,state_231,state_232,state_233,state_234,state_235,state_236,state_237,state_238,state_239,state_240,state_241,state_242,state_243,state_244,state_245,state_246,state_247,state_248,state_249,state_250,state_251,state_252,state_253,state_254,state_255,state_256,state_257,state_258,state_259,state_260,state_261,state_262,state_263,state_264,state_265,state_266,state_267,state_268,state_269,state_270,state_271,state_272,state_273,state_274,state_275,state_276,state_277,state_278,state_279,state_280,state_281,state_282,state_283,state_284,state_285,state_286,state_287
{'img': array([[[ 0.        ,  0.73124099,  0.77729276, ...,  0.79800638,
          0.91477068,  0.93130574],
        [-0.73124099,  0.        ,  0.07015404, ...,  0.98501713,
          0.91938464,  0.90160759],
        [-0.77729276, -0.07015404,  0.        , ...,  0.9704917 ,
          0.88952366,  0.86904071],
        ...,
        [-0.79800638, -0.98501713, -0.9704917 , ...,  0.        ,
         -0.22891221, -0.2705859 ],
        [-0.91477068, -0.91938464, -0.88952366, ...,  0.22891221,
          0.        , -0.04302823],
        [-0.93130574, -0.90160759, -0.86904071, ...,  0.2705859 ,
          0.04302823,  0.        ]],

       [[ 0.        ,  0.4257396 ,  0.73570975, ...,  0.28903482,
          0.42406857,  0.10200964],
        [-0.4257396 ,  0.        ,  0.37735169, ..., -0.14603651,
         -0.00184596, -0.33121571],
        [-0.73570975, -0.37735169,  0.        , ..., -0.50854621,
         -0.37906054, -0.66278104],
        ...,
        [-0.28903482,  0.14603651,  0.50854621, ...,  0.        ,
          0.14421009, -0.18987132],
        [-0.42406857,  0.00184596,  0.37906054, ..., -0.14421009,
          0.        , -0.32947337],
        [-0.10200964,  0.33121571,  0.66278104, ...,  0.18987132,
          0.32947337,  0.        ]],

       [[ 0.        ,  0.56398655,  0.66634385, ...,  0.52650147,
          0.49114091,  0.28613889],
        [-0.56398655,  0.        ,  0.12972255, ...,  0.9142633 ,
          0.89685377,  0.77669414],
        [-0.66634385, -0.12972255,  0.        , ...,  0.95909134,
          0.94665546,  0.8518407 ],
        ...,
        [-0.52650147, -0.9142633 , -0.95909134, ...,  0.        ,
          0.04106964,  0.26121957],
        [-0.49114091, -0.89685377, -0.94665546, ..., -0.04106964,
          0.        ,  0.2213555 ],
        [-0.28613889, -0.77669414, -0.8518407 , ..., -0.26121957,
         -0.2213555 ,  0.        ]],

       ...,

       [[ 0.        ,  0.32993785,  0.38805661, ...,  0.45144466,
          0.39879668,  0.34473468],
        [-0.32993785,  0.        ,  0.06224402, ...,  0.13176171,
          0.07389913,  0.01571775],
        [-0.38805661, -0.06224402,  0.        , ...,  0.06980487,
          0.011682  , -0.04654906],
        ...,
        [-0.45144466, -0.13176171, -0.06980487, ...,  0.        ,
         -0.0581466 , -0.11616472],
        [-0.39879668, -0.07389913, -0.011682  , ...,  0.0581466 ,
          0.        , -0.05821523],
        [-0.34473468, -0.01571775,  0.04654906, ...,  0.11616472,
          0.05821523,  0.        ]],

       [[ 0.        , -0.25896769,  0.16223516, ...,  0.67389811,
          0.52166864,  0.25896769],
        [ 0.25896769,  0.        ,  0.41223759, ...,  0.45957712,
          0.28293461,  0.        ],
        [-0.16223516, -0.41223759,  0.        , ...,  0.78483367,
          0.65316827,  0.41223759],
        ...,
        [-0.67389811, -0.45957712, -0.78483367, ...,  0.        ,
          0.18951349,  0.45957712],
        [-0.52166864, -0.28293461, -0.65316827, ..., -0.18951349,
          0.        ,  0.28293461],
        [-0.25896769, -0.        , -0.41223759, ..., -0.45957712,
         -0.28293461,  0.        ]],

       [[ 0.        ,  0.02076492, -0.01822883, ...,  0.78464506,
          0.7959374 ,  0.83418446],
        [-0.02076492,  0.        , -0.03898638, ...,  0.77160276,
          0.78319514,  0.82255304],
        [ 0.01822883,  0.03898638,  0.        , ...,  0.79581556,
          0.8068405 ,  0.84409879],
        ...,
        [-0.78464506, -0.77160276, -0.79581556, ...,  0.        ,
          0.01843004,  0.08442831],
        [-0.7959374 , -0.78319514, -0.8068405 , ..., -0.01843004,
          0.        ,  0.06604974],
        [-0.83418446, -0.82255304, -0.84409879, ..., -0.08442831,
         -0.06604974,  0.        ]]]), 'num': array([ 7.54152646e-01,  6.56692537e-01,  2.30948125e-05,  6.99641842e-05,
        7.20365830e-05,  6.97983923e-05,  2.94278975e-03, -2.48687859e-07,
        7.07102478e-05,  6.80244189e-05,  6.79594837e-05,  1.01064929e-06,
        7.45649884e-05,  6.14838494e-05])}
{'img': array([[[ 0.        ,  0.0800067 ,  0.04087763, ...,  0.94569413,
          0.93035884,  0.91347842],
        [-0.0800067 ,  0.        , -0.03919323, ...,  0.91665574,
          0.89804194,  0.87799641],
        [-0.04087763,  0.03919323,  0.        , ...,  0.93161609,
          0.91459342,  0.89608232],
        ...,
        [-0.94569413, -0.91665574, -0.93161609, ...,  0.        ,
         -0.04431857, -0.08785748],
        [-0.93035884, -0.89804194, -0.91459342, ...,  0.04431857,
          0.        , -0.04362397],
        [-0.91347842, -0.87799641, -0.89608232, ...,  0.08785748,
          0.04362397,  0.        ]],

       [[ 0.        ,  0.37735169, -0.35519355, ..., -0.00184596,
         -0.33121571, -0.36755755],
        [-0.37735169,  0.        , -0.68167974, ..., -0.37906054,
         -0.66278104, -0.6913214 ],
        [ 0.35519355,  0.68167974,  0.        , ...,  0.35346735,
          0.02552662, -0.01325987],
        ...,
        [ 0.00184596,  0.37906054, -0.35346735, ...,  0.        ,
         -0.32947337, -0.36584018],
        [ 0.33121571,  0.66278104, -0.02552662, ...,  0.32947337,
          0.        , -0.03877992],
        [ 0.36755755,  0.6913214 ,  0.01325987, ...,  0.36584018,
          0.03877992,  0.        ]],

       [[ 0.        ,  0.40971465,  0.6321952 , ...,  0.51234683,
          0.29917432,  0.27364043],
        [-0.40971465,  0.        ,  0.25924648, ...,  0.819224  ,
          0.66386002,  0.64369525],
        [-0.6321952 , -0.25924648,  0.        , ...,  0.93988674,
          0.83504269,  0.82008472],
        ...,
        [-0.51234683, -0.819224  , -0.93988674, ...,  0.        ,
          0.23195605,  0.25779505],
        [-0.29917432, -0.66386002, -0.83504269, ..., -0.23195605,
          0.        ,  0.02664817],
        [-0.27364043, -0.64369525, -0.82008472, ..., -0.25779505,
         -0.02664817,  0.        ]],

       ...,

       [[ 0.        ,  0.06224402,  0.02491416, ...,  0.07389913,
          0.01571775,  0.0235257 ],
        [-0.06224402,  0.        , -0.03735885, ...,  0.011682  ,
         -0.04654906, -0.03874671],
        [-0.02491416,  0.03735885,  0.        , ...,  0.04903015,
         -0.00919822, -0.00138887],
        ...,
        [-0.07389913, -0.011682  , -0.04903015, ...,  0.        ,
         -0.05821523, -0.0504173 ],
        [-0.01571775,  0.04654906,  0.00919822, ...,  0.05821523,
          0.        ,  0.0078094 ],
        [-0.0235257 ,  0.03874671,  0.00138887, ...,  0.0504173 ,
         -0.0078094 ,  0.        ]],

       [[ 0.        ,  0.40964889,  0.5748589 , ...,  0.35875795,
          0.22759776,  0.        ],
        [-0.40964889,  0.        ,  0.1892149 , ...,  0.70965334,
          0.60652228,  0.40964889],
        [-0.5748589 , -0.1892149 ,  0.        , ...,  0.83014551,
          0.74600431,  0.5748589 ],
        ...,
        [-0.35875795, -0.70965334, -0.83014551, ...,  0.        ,
          0.13689571,  0.35875795],
        [-0.22759776, -0.60652228, -0.74600431, ..., -0.13689571,
          0.        ,  0.22759776],
        [-0.        , -0.40964889, -0.5748589 , ..., -0.35875795,
         -0.22759776,  0.        ]],

       [[ 0.        , -0.03898638, -0.06182696, ...,  0.78319514,
          0.82255304,  0.85952418],
        [ 0.03898638,  0.        , -0.02286817, ...,  0.8068405 ,
          0.84409879,  0.87879647],
        [ 0.06182696,  0.02286817,  0.        , ...,  0.82013931,
          0.85613968,  0.88947927],
        ...,
        [-0.78319514, -0.8068405 , -0.82013931, ...,  0.        ,
          0.06604974,  0.13414432],
        [-0.82255304, -0.84409879, -0.85613968, ..., -0.06604974,
          0.        ,  0.06839862],
        [-0.85952418, -0.87879647, -0.88947927, ..., -0.13414432,
         -0.06839862,  0.        ]]]), 'num': array([7.30877368e-01, 6.82506633e-01, 1.13015737e-05, 4.58925382e-05,
       4.61069893e-05, 4.48202826e-05, 1.71839677e-03, 6.43353339e-07,
       4.56995322e-05, 4.41796099e-05, 4.40312812e-05, 7.17354075e-07,
       4.84019659e-05, 3.99572539e-05])}
{'img': array([[[ 0.00000000e+00, -3.91932326e-02, -7.17506582e-01, ...,
          8.98041937e-01,  8.77996408e-01,  9.49270238e-01],
        [ 3.91932326e-02,  0.00000000e+00, -6.89655172e-01, ...,
          9.14593416e-01,  8.96082315e-01,  9.60865628e-01],
        [ 7.17506582e-01,  6.89655172e-01,  0.00000000e+00, ...,
          9.41170875e-01,  9.55016793e-01,  8.86843995e-01],
        ...,
        [-8.98041937e-01, -9.14593416e-01, -9.41170875e-01, ...,
          0.00000000e+00, -4.36239671e-02,  1.35193744e-01],
        [-8.77996408e-01, -8.96082315e-01, -9.55016793e-01, ...,
          4.36239671e-02,  0.00000000e+00,  1.78288506e-01],
        [-9.49270238e-01, -9.60865628e-01, -8.86843995e-01, ...,
         -1.35193744e-01, -1.78288506e-01,  0.00000000e+00]],

       [[ 0.00000000e+00, -6.81679739e-01, -6.61902023e-01, ...,
         -6.62781040e-01, -6.91321401e-01, -7.05336610e-01],
        [ 6.81679739e-01,  0.00000000e+00,  2.66994903e-02, ...,
          2.55266201e-02, -1.32598694e-02, -3.28359752e-02],
        [ 6.61902023e-01, -2.66994903e-02,  0.00000000e+00, ...,
         -1.17327016e-03, -3.99522853e-02, -5.95093621e-02],
        ...,
        [ 6.62781040e-01, -2.55266201e-02,  1.17327016e-03, ...,
          0.00000000e+00, -3.87799244e-02, -5.83381303e-02],
        [ 6.91321401e-01,  1.32598694e-02,  3.99522853e-02, ...,
          3.87799244e-02,  0.00000000e+00, -1.95803693e-02],
        [ 7.05336610e-01,  3.28359752e-02,  5.95093621e-02, ...,
          5.83381303e-02,  1.95803693e-02,  0.00000000e+00]],

       [[ 0.00000000e+00,  5.16499608e-01,  4.74529647e-01, ...,
          3.05799888e-01,  2.79726116e-01,  3.17961002e-01],
        [-5.16499608e-01,  0.00000000e+00, -4.83095985e-02, ...,
          7.53609711e-01,  7.35406818e-01,  7.61961245e-01],
        [-4.74529647e-01,  4.83095985e-02,  0.00000000e+00, ...,
          7.20974835e-01,  7.01812330e-01,  7.29785198e-01],
        ...,
        [-3.05799888e-01, -7.53609711e-01, -7.20974835e-01, ...,
          0.00000000e+00,  2.72662449e-02, -1.27993035e-02],
        [-2.79726116e-01, -7.35406818e-01, -7.01812330e-01, ...,
         -2.72662449e-02,  0.00000000e+00, -4.00585562e-02],
        [-3.17961002e-01, -7.61961245e-01, -7.29785198e-01, ...,
          1.27993035e-02,  4.00585562e-02,  0.00000000e+00]],

       ...,

       [[ 0.00000000e+00, -3.73588477e-02,  7.44960340e-02, ...,
         -4.65490648e-02, -3.87467099e-02,  1.94216679e-01],
        [ 3.73588477e-02,  0.00000000e+00,  1.11699068e-01, ...,
         -9.19821863e-03, -1.38886778e-03,  2.30728584e-01],
        [-7.44960340e-02, -1.11699068e-01,  0.00000000e+00, ...,
         -1.20835000e-01, -1.13079137e-01,  1.20599482e-01],
        ...,
        [ 4.65490648e-02,  9.19821863e-03,  1.20835000e-01, ...,
          0.00000000e+00,  7.80940074e-03,  2.39668857e-01],
        [ 3.87467099e-02,  1.38886778e-03,  1.13079137e-01, ...,
         -7.80940074e-03,  0.00000000e+00,  2.32079755e-01],
        [-1.94216679e-01, -2.30728584e-01, -1.20599482e-01, ...,
         -2.39668857e-01, -2.32079755e-01,  0.00000000e+00]],

       [[ 0.00000000e+00,  4.26638813e-01,  4.82976698e-01, ...,
          3.96934721e-01,  3.28411362e-01,  0.00000000e+00],
        [-4.26638813e-01,  0.00000000e+00,  6.32356857e-02, ...,
          7.50585619e-01,  6.99997695e-01,  4.26638813e-01],
        [-4.82976698e-01, -6.32356857e-02,  0.00000000e+00, ...,
          7.90867860e-01,  7.43756189e-01,  4.82976698e-01],
        ...,
        [-3.96934721e-01, -7.50585619e-01, -7.90867860e-01, ...,
          0.00000000e+00,  7.34873235e-02,  3.96934721e-01],
        [-3.28411362e-01, -6.99997695e-01, -7.43756189e-01, ...,
         -7.34873235e-02,  0.00000000e+00,  3.28411362e-01],
        [-0.00000000e+00, -4.26638813e-01, -4.82976698e-01, ...,
         -3.96934721e-01, -3.28411362e-01,  0.00000000e+00]],

       [[ 0.00000000e+00, -2.28681650e-02, -2.31734801e-02, ...,
          8.44098789e-01,  8.78796468e-01,  8.98726318e-01],
        [ 2.28681650e-02,  0.00000000e+00, -3.05396004e-04, ...,
          8.56139677e-01,  8.89479268e-01,  9.08519210e-01],
        [ 2.31734801e-02,  3.05396004e-04,  0.00000000e+00, ...,
          8.56297448e-01,  8.89618785e-01,  9.08646775e-01],
        ...,
        [-8.44098789e-01, -8.56139677e-01, -8.56297448e-01, ...,
          0.00000000e+00,  6.83986188e-02,  1.11740238e-01],
        [-8.78796468e-01, -8.89479268e-01, -8.89618785e-01, ...,
         -6.83986188e-02,  0.00000000e+00,  4.35082819e-02],
        [-8.98726318e-01, -9.08519210e-01, -9.08646775e-01, ...,
         -1.11740238e-01, -4.35082819e-02,  0.00000000e+00]]]), 'num': array([ 7.27894203e-01,  6.85687280e-01,  1.00492676e-05,  4.49009827e-05,
        4.58096931e-05,  4.46871685e-05,  1.72261551e-03, -8.55256814e-07,
        4.52965390e-05,  4.42247953e-05,  4.39610911e-05,  6.75767298e-07,
        4.82636028e-05,  4.01859878e-05])}
{'img': array([[[ 0.00000000e+00, -6.89655172e-01, -1.52239126e-01, ...,
          8.96082315e-01,  9.60865628e-01,  8.69194276e-01],
        [ 6.89655172e-01,  0.00000000e+00,  5.71374212e-01, ...,
          9.55016793e-01,  8.86843995e-01,  9.70430847e-01],
        [ 1.52239126e-01, -5.71374212e-01,  0.00000000e+00, ...,
          9.53214410e-01,  9.91837983e-01,  9.34340470e-01],
        ...,
        [-8.96082315e-01, -9.55016793e-01, -9.53214410e-01, ...,
          0.00000000e+00,  1.78288506e-01, -5.72616459e-02],
        [-9.60865628e-01, -8.86843995e-01, -9.91837983e-01, ...,
         -1.78288506e-01,  0.00000000e+00, -2.34340186e-01],
        [-8.69194276e-01, -9.70430847e-01, -9.34340470e-01, ...,
          5.72616459e-02,  2.34340186e-01,  0.00000000e+00]],

       [[ 0.00000000e+00,  2.66994903e-02, -1.08816539e-01, ...,
         -1.32598694e-02, -3.28359752e-02, -3.18145395e-02],
        [-2.66994903e-02,  0.00000000e+00, -1.35318692e-01, ...,
         -3.99522853e-02, -5.95093621e-02, -5.84891725e-02],
        [ 1.08816539e-01,  1.35318692e-01,  0.00000000e+00, ...,
          9.56258424e-02,  7.61168703e-02,  7.71358353e-02],
        ...,
        [ 1.32598694e-02,  3.99522853e-02, -9.56258424e-02, ...,
          0.00000000e+00, -1.95803693e-02, -1.85585854e-02],
        [ 3.28359752e-02,  5.95093621e-02, -7.61168703e-02, ...,
          1.95803693e-02,  0.00000000e+00,  1.02196964e-03],
        [ 3.18145395e-02,  5.84891725e-02, -7.71358353e-02, ...,
          1.85585854e-02, -1.02196964e-03,  0.00000000e+00]],

       [[ 0.00000000e+00, -2.24290661e-01,  1.77288655e-01, ...,
          4.95731063e-01,  5.31214114e-01,  7.18906352e-01],
        [ 2.24290661e-01,  0.00000000e+00,  3.93509396e-01, ...,
          2.88309897e-01,  3.27652513e-01,  5.44684272e-01],
        [-1.77288655e-01, -3.93509396e-01,  0.00000000e+00, ...,
          6.41849093e-01,  6.73004712e-01,  8.30752656e-01],
        ...,
        [-4.95731063e-01, -2.88309897e-01, -6.41849093e-01, ...,
          0.00000000e+00, -4.13447543e-02, -2.79766873e-01],
        [-5.31214114e-01, -3.27652513e-01, -6.73004712e-01, ...,
          4.13447543e-02,  0.00000000e+00, -2.39833882e-01],
        [-7.18906352e-01, -5.44684272e-01, -8.30752656e-01, ...,
          2.79766873e-01,  2.39833882e-01,  0.00000000e+00]],

       ...,

       [[ 0.00000000e+00,  1.11699068e-01,  1.41806385e-01, ...,
         -1.38886778e-03,  2.30728584e-01,  8.44265092e-02],
        [-1.11699068e-01,  0.00000000e+00,  3.03486878e-02, ...,
         -1.13079137e-01,  1.20599482e-01, -2.74020955e-02],
        [-1.41806385e-01, -3.03486878e-02,  0.00000000e+00, ...,
         -1.43181081e-01,  9.04167500e-02, -5.77267649e-02],
        ...,
        [ 1.38886778e-03,  1.13079137e-01,  1.43181081e-01, ...,
          0.00000000e+00,  2.32079755e-01,  8.58103369e-02],
        [-2.30728584e-01, -1.20599482e-01, -9.04167500e-02, ...,
         -2.32079755e-01,  0.00000000e+00, -1.47756290e-01],
        [-8.44265092e-02,  2.74020955e-02,  5.77267649e-02, ...,
         -8.58103369e-02,  1.47756290e-01,  0.00000000e+00]],

       [[ 0.00000000e+00,  2.43928965e-01,  3.09373914e-01, ...,
          3.41097097e-01,  5.95514436e-02,  0.00000000e+00],
        [-2.43928965e-01,  0.00000000e+00,  6.80667630e-02, ...,
          5.60093685e-01,  3.01248628e-01,  2.43928965e-01],
        [-3.09373914e-01, -6.80667630e-02,  0.00000000e+00, ...,
          6.15183197e-01,  3.65454727e-01,  3.09373914e-01],
        ...,
        [-3.41097097e-01, -5.60093685e-01, -6.15183197e-01, ...,
          0.00000000e+00,  2.84511702e-01,  3.41097097e-01],
        [-5.95514436e-02, -3.01248628e-01, -3.65454727e-01, ...,
         -2.84511702e-01,  0.00000000e+00,  5.95514436e-02],
        [-0.00000000e+00, -2.43928965e-01, -3.09373914e-01, ...,
         -3.41097097e-01, -5.95514436e-02,  0.00000000e+00]],

       [[ 0.00000000e+00, -3.05396004e-04, -7.53638314e-03, ...,
          8.89479268e-01,  9.08519210e-01,  9.38964745e-01],
        [ 3.05396004e-04,  0.00000000e+00, -7.23099546e-03, ...,
          8.89618785e-01,  9.08646775e-01,  9.39069762e-01],
        [ 7.53638314e-03,  7.23099546e-03,  0.00000000e+00, ...,
          8.92897950e-01,  9.11642435e-01,  9.41530696e-01],
        ...,
        [-8.89479268e-01, -8.89618785e-01, -8.92897950e-01, ...,
          0.00000000e+00,  4.35082819e-02,  1.23091137e-01],
        [-9.08519210e-01, -9.08646775e-01, -9.11642435e-01, ...,
         -4.35082819e-02,  0.00000000e+00,  7.97971607e-02],
        [-9.38964745e-01, -9.39069762e-01, -9.41530696e-01, ...,
         -1.23091137e-01, -7.97971607e-02,  0.00000000e+00]]]), 'num': array([7.18997360e-01, 6.94948749e-01, 5.59270029e-06, 4.53747382e-05,
       4.63772034e-05, 4.43195118e-05, 9.43490650e-03, 1.05522647e-06,
       4.48154682e-05, 4.38499360e-05, 4.34709338e-05, 5.92776623e-07,
       4.77653666e-05, 3.99345054e-05])}
{'img': array([[[ 0.        ,  0.57137421,  0.97687896, ...,  0.88684399,
          0.97043085,  0.85583956],
        [-0.57137421,  0.        ,  0.67955859, ...,  0.99183798,
          0.93434047,  0.99791706],
        [-0.97687896, -0.67955859,  0.        , ...,  0.64098658,
          0.44326979,  0.68825482],
        ...,
        [-0.88684399, -0.99183798, -0.64098658, ...,  0.        ,
         -0.23434019,  0.06325551],
        [-0.97043085, -0.93434047, -0.44326979, ...,  0.23434019,
          0.        ,  0.29536503],
        [-0.85583956, -0.99791706, -0.68825482, ..., -0.06325551,
         -0.29536503,  0.        ]],

       [[ 0.        , -0.13531869,  0.73608617, ..., -0.05950936,
         -0.05848917,  0.41236249],
        [ 0.13531869,  0.        ,  0.82091132, ...,  0.07611687,
          0.07713584,  0.53184765],
        [-0.73608617, -0.82091132,  0.        , ..., -0.7750628 ,
         -0.77441663, -0.39146596],
        ...,
        [ 0.05950936, -0.07611687,  0.7750628 , ...,  0.        ,
          0.00102197,  0.46584589],
        [ 0.05848917, -0.07713584,  0.77441663, ..., -0.00102197,
          0.        ,  0.46494134],
        [-0.41236249, -0.53184765,  0.39146596, ..., -0.46584589,
         -0.46494134,  0.        ]],

       [[ 0.        ,  0.3935094 ,  0.65720084, ...,  0.32765251,
          0.54468427,  0.47292249],
        [-0.3935094 ,  0.        ,  0.30758414, ...,  0.67300471,
          0.83075266,  0.7814901 ],
        [-0.65720084, -0.30758414,  0.        , ...,  0.86787902,
          0.96169267,  0.93551132],
        ...,
        [-0.32765251, -0.67300471, -0.86787902, ...,  0.        ,
         -0.23983388, -0.15812041],
        [-0.54468427, -0.83075266, -0.96169267, ...,  0.23983388,
          0.        ,  0.08331123],
        [-0.47292249, -0.7814901 , -0.93551132, ...,  0.15812041,
         -0.08331123,  0.        ]],

       ...,

       [[ 0.        ,  0.03034869,  0.38628271, ...,  0.12059948,
         -0.0274021 , -0.28506485],
        [-0.03034869,  0.        ,  0.35811175, ...,  0.09041675,
         -0.05772676, -0.31402301],
        [-0.38628271, -0.35811175,  0.        , ..., -0.27222473,
         -0.41141282, -0.6331934 ],
        ...,
        [-0.12059948, -0.09041675,  0.27222473, ...,  0.        ,
         -0.14775629, -0.39857983],
        [ 0.0274021 ,  0.05772676,  0.41141282, ...,  0.14775629,
          0.        , -0.25869267],
        [ 0.28506485,  0.31402301,  0.6331934 , ...,  0.39857983,
          0.25869267,  0.        ]],

       [[ 0.        ,  0.19268468,  0.64001161, ...,  0.29276265,
          0.28693774,  0.        ],
        [-0.19268468,  0.        ,  0.47996605, ...,  0.47151873,
          0.46614288,  0.19268468],
        [-0.64001161, -0.47996605,  0.        , ...,  0.83691824,
          0.83357161,  0.64001161],
        ...,
        [-0.29276265, -0.47151873, -0.83691824, ...,  0.        ,
          0.00608616,  0.29276265],
        [-0.28693774, -0.46614288, -0.83357161, ..., -0.00608616,
          0.        ,  0.28693774],
        [-0.        , -0.19268468, -0.64001161, ..., -0.29276265,
         -0.28693774,  0.        ]],

       [[ 0.        , -0.007231  , -0.12083214, ...,  0.90864678,
          0.93906976,  0.9591491 ],
        [ 0.007231  ,  0.        , -0.11365097, ...,  0.91164243,
          0.9415307 ,  0.96116968],
        [ 0.12083214,  0.11365097,  0.        , ...,  0.95244443,
          0.97372238,  0.98630491],
        ...,
        [-0.90864678, -0.91164243, -0.95244443, ...,  0.        ,
          0.07979716,  0.14345055],
        [-0.93906976, -0.9415307 , -0.97372238, ..., -0.07979716,
          0.        ,  0.06402125],
        [-0.9591491 , -0.96116968, -0.98630491, ..., -0.14345055,
         -0.06402125,  0.        ]]]), 'num': array([7.18373469e-01, 6.95654667e-01, 5.27118364e-06, 4.54376030e-05,
       4.56484503e-05, 4.49104846e-05, 2.03163014e-03, 1.05423673e-07,
       4.49315694e-05, 4.40328325e-05, 4.35285560e-05, 4.34097476e-07,
       4.77751910e-05, 4.02904741e-05])}
{'img': array([[[ 0.        ,  0.82088613,  0.79313761, ...,  0.99362257,
          0.97944873,  0.97199522],
        [-0.82088613,  0.        , -0.04700005, ...,  0.47488898,
          0.72492245,  0.74800734],
        [-0.79313761,  0.04700005,  0.        , ...,  0.51572637,
          0.7564964 ,  0.77837419],
        ...,
        [-0.99362257, -0.47488898, -0.51572637, ...,  0.        ,
          0.31084689,  0.34310137],
        [-0.97944873, -0.72492245, -0.7564964 , ..., -0.31084689,
          0.        ,  0.03412615],
        [-0.97199522, -0.74800734, -0.77837419, ..., -0.34310137,
         -0.03412615,  0.        ]],

       [[ 0.        ,  0.82091132,  0.25584628, ...,  0.07713584,
          0.53184765,  0.11184882],
        [-0.82091132,  0.        , -0.64748684, ..., -0.77441663,
         -0.39146596, -0.75188839],
        [-0.25584628,  0.64748684,  0.        , ..., -0.18051545,
          0.29748554, -0.1461147 ],
        ...,
        [-0.07713584,  0.77441663,  0.18051545, ...,  0.        ,
          0.46494134,  0.03486375],
        [-0.53184765,  0.39146596, -0.29748554, ..., -0.46494134,
          0.        , -0.43379237],
        [-0.11184882,  0.75188839,  0.1461147 , ..., -0.03486375,
          0.43379237,  0.        ]],

       [[ 0.        ,  0.56156352,  0.72775169, ...,  0.55498792,
          0.48211818,  0.33426853],
        [-0.56156352,  0.        ,  0.2170231 , ...,  0.92635701,
          0.89091007,  0.80584622],
        [-0.72775169, -0.2170231 ,  0.        , ...,  0.98601967,
          0.96824404,  0.91514484],
        ...,
        [-0.55498792, -0.92635701, -0.98601967, ...,  0.        ,
          0.0851743 ,  0.24499974],
        [-0.48211818, -0.89091007, -0.96824404, ..., -0.0851743 ,
          0.        ,  0.16153098],
        [-0.33426853, -0.80584622, -0.91514484, ..., -0.24499974,
         -0.16153098,  0.        ]],

       ...,

       [[ 0.        ,  0.35811175,  0.7212874 , ..., -0.05772676,
         -0.31402301, -0.76334772],
        [-0.35811175,  0.        ,  0.42540965, ..., -0.41141282,
         -0.6331934 , -0.94405736],
        [-0.7212874 , -0.42540965,  0.        , ..., -0.76006822,
         -0.90230495, -0.9946649 ],
        ...,
        [ 0.05772676,  0.41141282,  0.76006822, ...,  0.        ,
         -0.25869267, -0.72478399],
        [ 0.31402301,  0.6331934 ,  0.90230495, ...,  0.25869267,
          0.        , -0.52187903],
        [ 0.76334772,  0.94405736,  0.9946649 , ...,  0.72478399,
          0.52187903,  0.        ]],

       [[ 0.        ,  0.61690171,  0.8019181 , ...,  0.34173663,
          0.18961131,  0.        ],
        [-0.61690171,  0.        ,  0.26258374, ...,  0.84872208,
          0.75494237,  0.61690171],
        [-0.8019181 , -0.26258374,  0.        , ...,  0.95780431,
          0.90065093,  0.8019181 ],
        ...,
        [-0.34173663, -0.84872208, -0.95780431, ...,  0.        ,
          0.15734136,  0.34173663],
        [-0.18961131, -0.75494237, -0.90065093, ..., -0.15734136,
          0.        ,  0.18961131],
        [-0.        , -0.61690171, -0.8019181 , ..., -0.34173663,
         -0.18961131,  0.        ]],

       [[ 0.        , -0.11365097, -0.16741657, ...,  0.9415307 ,
          0.96116968,  0.9833564 ],
        [ 0.11365097,  0.        , -0.05428491, ...,  0.97372238,
          0.98630491,  0.99763389],
        [ 0.16741657,  0.05428491,  0.        , ...,  0.98464936,
          0.99380392,  0.99989498],
        ...,
        [-0.9415307 , -0.97372238, -0.98464936, ...,  0.        ,
          0.06402125,  0.16025558],
        [-0.96116968, -0.98630491, -0.99380392, ..., -0.06402125,
          0.        ,  0.09673301],
        [-0.9833564 , -0.99763389, -0.99989498, ..., -0.16025558,
         -0.09673301,  0.        ]]]), 'num': array([ 9.10585818e-01,  4.13307649e-01,  1.17838429e-04,  5.70534843e-05,
        5.87434572e-05,  5.68506876e-05,  3.19613078e-03, -1.21678047e-06,
        5.76213152e-05,  5.66715505e-05,  5.59133160e-05,  6.08785551e-07,
        6.12022464e-05,  5.21408545e-05])}
{'img': array([[[ 0.        , -0.04700005,  0.40768612, ...,  0.72492245,
          0.74800734,  0.52738882],
        [ 0.04700005,  0.        ,  0.45015236, ...,  0.7564964 ,
          0.77837419,  0.56673837],
        [-0.40768612, -0.45015236,  0.        , ...,  0.38111611,
          0.41244468,  0.13519048],
        ...,
        [-0.72492245, -0.7564964 , -0.38111611, ...,  0.        ,
          0.03412615, -0.25263006],
        [-0.74800734, -0.77837419, -0.41244468, ..., -0.03412615,
          0.        , -0.28550211],
        [-0.52738882, -0.56673837, -0.13519048, ...,  0.25263006,
          0.28550211,  0.        ]],

       [[ 0.        , -0.64748684, -0.58683889, ..., -0.39146596,
         -0.75188839, -0.72291015],
        [ 0.64748684,  0.        ,  0.0770563 , ...,  0.29748554,
         -0.1461147 , -0.10353705],
        [ 0.58683889, -0.0770563 ,  0.        , ...,  0.22303336,
         -0.22190957, -0.17987138],
        ...,
        [ 0.39146596, -0.29748554, -0.22303336, ...,  0.        ,
         -0.43379237, -0.39473628],
        [ 0.75188839,  0.1461147 ,  0.22190957, ...,  0.43379237,
          0.        ,  0.04290356],
        [ 0.72291015,  0.10353705,  0.17987138, ...,  0.39473628,
         -0.04290356,  0.        ]],

       [[ 0.        ,  0.53470891,  0.84783112, ...,  0.50279312,
          0.34920593,  0.34920593],
        [-0.53470891,  0.        ,  0.43290995, ...,  0.88708445,
          0.79613855,  0.79613855],
        [-0.84783112, -0.43290995,  0.        , ...,  0.99948523,
          0.97962892,  0.97962892],
        ...,
        [-0.50279312, -0.88708445, -0.99948523, ...,  0.        ,
          0.1692843 ,  0.1692843 ],
        [-0.34920593, -0.79613855, -0.97962892, ..., -0.1692843 ,
          0.        ,  0.        ],
        [-0.34920593, -0.79613855, -0.97962892, ..., -0.1692843 ,
          0.        ,  0.        ]],

       ...,

       [[ 0.        ,  0.42540965,  0.68235446, ..., -0.6331934 ,
         -0.94405736, -0.88580825],
        [-0.42540965,  0.        ,  0.30654781, ..., -0.90230495,
         -0.9946649 , -0.99906923],
        [-0.68235446, -0.30654781,  0.        , ..., -0.99101597,
         -0.91515393, -0.96419242],
        ...,
        [ 0.6331934 ,  0.90230495,  0.99101597, ...,  0.        ,
         -0.52187903, -0.39177561],
        [ 0.94405736,  0.9946649 ,  0.91515393, ...,  0.52187903,
          0.        ,  0.14596819],
        [ 0.88580825,  0.99906923,  0.96419242, ...,  0.39177561,
         -0.14596819,  0.        ]],

       [[ 0.        ,  0.61593293,  0.88708429, ...,  0.20048186,
          0.        ,  0.1943566 ],
        [-0.61593293,  0.        ,  0.4145245 , ...,  0.76136723,
          0.61593293,  0.75730153],
        [-0.88708429, -0.4145245 ,  0.        , ...,  0.96161811,
          0.88708429,  0.95988488],
        ...,
        [-0.20048186, -0.76136723, -0.96161811, ...,  0.        ,
          0.20048186,  0.0062482 ],
        [-0.        , -0.61593293, -0.88708429, ..., -0.20048186,
          0.        , -0.1943566 ],
        [-0.1943566 , -0.75730153, -0.95988488, ..., -0.0062482 ,
          0.1943566 ,  0.        ]],

       [[ 0.        , -0.05428491, -0.18718583, ...,  0.98630491,
          0.99763389,  0.99965679],
        [ 0.05428491,  0.        , -0.13358442, ...,  0.99380392,
          0.99989498,  0.99676065],
        [ 0.18718583,  0.13358442,  0.        , ...,  0.99974447,
          0.99286934,  0.97708358],
        ...,
        [-0.98630491, -0.99380392, -0.99974447, ...,  0.        ,
          0.09673301,  0.19071426],
        [-0.99763389, -0.99989498, -0.99286934, ..., -0.09673301,
          0.        ,  0.09486234],
        [-0.99965679, -0.99676065, -0.97708358, ..., -0.19071426,
         -0.09486234,  0.        ]]]), 'num': array([ 9.21920245e-01,  3.87369738e-01,  1.28807358e-04,  5.73613622e-05,
        5.87435637e-05,  5.68775917e-05,  2.77570941e-03, -9.67541049e-07,
        5.85500555e-05,  5.81112065e-05,  5.71897389e-05,  6.26055973e-07,
        6.23714993e-05,  5.38509137e-05])}
{'img': array([[[ 0.        ,  0.45015236,  0.68822801, ...,  0.77837419,
          0.56673837,  0.38262926],
        [-0.45015236,  0.        ,  0.28797138, ...,  0.41244468,
          0.13519048, -0.07422717],
        [-0.68822801, -0.28797138,  0.        , ...,  0.13263619,
         -0.15586402, -0.35825981],
        ...,
        [-0.77837419, -0.41244468, -0.13263619, ...,  0.        ,
         -0.28550211, -0.47892656],
        [-0.56673837, -0.13519048,  0.15586402, ...,  0.28550211,
          0.        , -0.20836327],
        [-0.38262926,  0.07422717,  0.35825981, ...,  0.47892656,
          0.20836327,  0.        ]],

       [[ 0.        ,  0.0770563 ,  0.08871265, ..., -0.1461147 ,
         -0.10353705, -0.13782776],
        [-0.0770563 ,  0.        ,  0.01169639, ..., -0.22190957,
         -0.17987138, -0.21373885],
        [-0.08871265, -0.01169639,  0.        , ..., -0.23329916,
         -0.1913647 , -0.22515033],
        ...,
        [ 0.1461147 ,  0.22190957,  0.23329916, ...,  0.        ,
          0.04290356,  0.00837167],
        [ 0.10353705,  0.17987138,  0.1913647 , ..., -0.04290356,
          0.        , -0.0345381 ],
        [ 0.13782776,  0.21373885,  0.22515033, ..., -0.00837167,
          0.0345381 ,  0.        ]],

       [[ 0.        ,  0.43290995,  0.83049489, ...,  0.79613855,
          0.79613855,  0.92794626],
        [-0.43290995,  0.        ,  0.50749677, ...,  0.97962892,
          0.97962892,  0.99783686],
        [-0.83049489, -0.50749677,  0.        , ...,  0.94601446,
          0.94601446,  0.8264275 ],
        ...,
        [-0.79613855, -0.97962892, -0.94601446, ...,  0.        ,
          0.        , -0.26478163],
        [-0.79613855, -0.97962892, -0.94601446, ...,  0.        ,
          0.        , -0.26478163],
        [-0.92794626, -0.99783686, -0.8264275 , ...,  0.26478163,
          0.26478163,  0.        ]],

       ...,

       [[ 0.        ,  0.30654781,  0.07624386, ..., -0.9946649 ,
         -0.99906923, -0.99859749],
        [-0.30654781,  0.        , -0.2330824 , ..., -0.91515393,
         -0.96419242, -0.96675011],
        [-0.07624386,  0.2330824 ,  0.        , ..., -0.98390441,
         -0.99944996, -0.99972742],
        ...,
        [ 0.9946649 ,  0.91515393,  0.98390441, ...,  0.        ,
          0.14596819,  0.1556755 ],
        [ 0.99906923,  0.96419242,  0.99944996, ..., -0.14596819,
          0.        ,  0.00981951],
        [ 0.99859749,  0.96675011,  0.99972742, ..., -0.1556755 ,
         -0.00981951,  0.        ]],

       [[ 0.        ,  0.7724366 ,  0.97453547, ...,  0.        ,
          0.20545028,  0.40211846],
        [-0.7724366 ,  0.        ,  0.44571349, ...,  0.7724366 ,
          0.88643844,  0.96261558],
        [-0.97453547, -0.44571349,  0.        , ...,  0.97453547,
          0.99981506,  0.98244103],
        ...,
        [-0.        , -0.7724366 , -0.97453547, ...,  0.        ,
         -0.20545028, -0.40211846],
        [-0.20545028, -0.88643844, -0.99981506, ...,  0.20545028,
          0.        , -0.20543255],
        [-0.40211846, -0.96261558, -0.98244103, ...,  0.40211846,
          0.20543255,  0.        ]],

       [[ 0.        , -0.13358442, -0.46322943, ...,  0.99989498,
          0.99676065,  0.98099155],
        [ 0.13358442,  0.        , -0.34069007, ...,  0.99286934,
          0.97708358,  0.94627724],
        [ 0.46322943,  0.34069007,  0.        , ...,  0.89285873,
          0.84611228,  0.7795025 ],
        ...,
        [-0.99989498, -0.99286934, -0.89285873, ...,  0.        ,
          0.09486234,  0.20824721],
        [-0.99676065, -0.97708358, -0.84611228, ..., -0.09486234,
          0.        ,  0.11452549],
        [-0.98099155, -0.94627724, -0.7795025 , ..., -0.20824721,
         -0.11452549,  0.        ]]]), 'num': array([ 9.77612573e-01,  2.10402021e-01,  1.85093016e-04,  6.08125041e-05,
        6.16194251e-05,  6.03723653e-05,  2.14071751e-03, -7.33564585e-08,
        6.19862074e-05,  6.19348579e-05,  6.07342572e-05,  6.68455302e-07,
        6.55829978e-05,  5.82867180e-05])}
{'img': array([[[ 0.        ,  0.28797138,  0.21122218, ...,  0.13519048,
         -0.07422717, -0.08899905],
        [-0.28797138,  0.        , -0.07919959, ..., -0.15586402,
         -0.35825981, -0.37205759],
        [-0.21122218,  0.07919959,  0.        , ..., -0.07714276,
         -0.28319196, -0.29737505],
        ...,
        [-0.13519048,  0.15586402,  0.07714276, ...,  0.        ,
         -0.20836327, -0.22283601],
        [ 0.07422717,  0.35825981,  0.28319196, ...,  0.20836327,
          0.        , -0.01482092],
        [ 0.08899905,  0.37205759,  0.29737505, ...,  0.22283601,
          0.01482092,  0.        ]],

       [[ 0.        ,  0.01169639, -0.21520849, ..., -0.17987138,
         -0.21373885, -0.27349952],
        [-0.01169639,  0.        , -0.2266161 , ..., -0.1913647 ,
         -0.22515033, -0.28473125],
        [ 0.21520849,  0.2266161 ,  0.        , ...,  0.03604182,
          0.00150465, -0.06008786],
        ...,
        [ 0.17987138,  0.1913647 , -0.03604182, ...,  0.        ,
         -0.0345381 , -0.09602551],
        [ 0.21373885,  0.22515033, -0.00150465, ...,  0.0345381 ,
          0.        , -0.06158973],
        [ 0.27349952,  0.28473125,  0.06008786, ...,  0.09602551,
          0.06158973,  0.        ]],

       [[ 0.        ,  0.50749677,  0.81882562, ...,  0.97962892,
          0.99783686,  0.98849433],
        [-0.50749677,  0.        ,  0.41421946, ...,  0.94601446,
          0.8264275 ,  0.77497683],
        [-0.81882562, -0.41421946,  0.        , ...,  0.72678201,
          0.51897191,  0.44358371],
        ...,
        [-0.97962892, -0.94601446, -0.72678201, ...,  0.        ,
         -0.26478163, -0.34668244],
        [-0.99783686, -0.8264275 , -0.51897191, ...,  0.26478163,
          0.        , -0.08594823],
        [-0.98849433, -0.77497683, -0.44358371, ...,  0.34668244,
          0.08594823,  0.        ]],

       ...,

       [[ 0.        , -0.2330824 , -0.49372287, ..., -0.96419242,
         -0.96675011, -0.96923681],
        [ 0.2330824 ,  0.        , -0.27743131, ..., -0.99944996,
         -0.99972742, -0.99990969],
        [ 0.49372287,  0.27743131,  0.        , ..., -0.96941744,
         -0.96696082, -0.96438708],
        ...,
        [ 0.96419242,  0.99944996,  0.96941744, ...,  0.        ,
          0.00981951,  0.01972838],
        [ 0.96675011,  0.99972742,  0.96696082, ..., -0.00981951,
          0.        ,  0.00990983],
        [ 0.96923681,  0.99990969,  0.96438708, ..., -0.01972838,
         -0.00990983,  0.        ]],

       [[ 0.        ,  0.86749319,  0.99036251, ...,  0.22694863,
          0.44253931,  0.74248308],
        [-0.86749319,  0.        ,  0.37250758, ...,  0.95775284,
          0.99806451,  0.95045068],
        [-0.99036251, -0.37250758,  0.        , ...,  0.99595297,
          0.94939814,  0.76624249],
        ...,
        [-0.22694863, -0.95775284, -0.99595297, ...,  0.        ,
         -0.22747604, -0.57108437],
        [-0.44253931, -0.99806451, -0.94939814, ...,  0.22747604,
          0.        , -0.36937952],
