state_0,state_1,state_2,state_3,state_4,state_5,state_6,state_7,state_8,state_9,state_10,state_11,state_12,state_13,state_14,state_15,state_16,state_17,state_18,state_19,state_20,state_21,state_22,state_23,state_24,state_25,state_26,state_27,state_28,state_29,state_30,state_31,state_32,state_33,state_34,state_35,state_36,state_37,state_38,state_39,state_40,state_41,state_42,state_43,state_44,state_45,state_46,state_47,state_48,state_49,state_50,state_51,state_52,state_53,state_54,state_55,state_56,state_57,state_58,state_59,state_60,state_61,state_62,state_63,state_64,state_65,state_66,state_67,state_68,state_69,state_70,state_71,state_72,state_73,state_74,state_75,state_76,state_77,state_78,state_79,state_80,state_81,state_82,state_83,state_84,state_85,state_86,state_87,state_88,state_89,state_90,state_91,state_92,state_93,state_94,state_95,state_96,state_97,state_98,state_99,state_100,state_101,state_102,state_103,state_104,state_105,state_106,state_107,state_108,state_109,state_110,state_111,state_112,state_113,state_114,state_115,state_116,state_117,state_118,state_119,state_120,state_121,state_122,state_123,state_124,state_125,state_126,state_127,state_128,state_129,state_130,state_131,state_132,state_133,state_134,state_135,state_136,state_137,state_138,state_139,state_140,state_141,state_142,state_143,state_144,state_145,state_146,state_147,state_148,state_149,state_150,state_151,state_152,state_153,state_154,state_155,state_156,state_157,state_158,state_159,state_160,state_161,state_162,state_163,state_164,state_165,state_166,state_167,state_168,state_169,state_170,state_171,state_172,state_173,state_174,state_175,state_176,state_177,state_178,state_179,state_180,state_181,state_182,state_183,state_184,state_185,state_186,state_187,state_188,state_189,state_190,state_191,state_192,state_193,state_194,state_195,state_196,state_197,state_198,state_199,state_200,state_201,state_202,state_203,state_204,state_205,state_206,state_207,state_208,state_209,state_210,state_211,state_212,state_213,state_214,state_215,state_216,state_217,state_218,state_219,state_220,state_221,state_222,state_223,state_224,state_225,state_226,state_227,state_228,state_229,state_230,state_231,state_232,state_233,state_234,state_235,state_236,state_237,state_238,state_239,state_240,state_241,state_242,state_243,state_244,state_245,state_246,state_247,state_248,state_249,state_250,state_251,state_252,state_253,state_254,state_255,state_256,state_257,state_258,state_259,state_260,state_261,state_262,state_263,state_264,state_265,state_266,state_267,state_268,state_269,state_270,state_271,state_272,state_273,state_274,state_275,state_276,state_277,state_278,state_279,state_280,state_281,state_282,state_283,state_284,state_285,state_286,state_287
{'img': array([[[ 0.        , -0.07372425,  0.28350773, ...,  0.51687651,
          0.54900032,  0.21428571],
        [ 0.07372425,  0.        ,  0.35343555, ...,  0.57858229,
          0.60912667,  0.28571429],
        [-0.28350773, -0.35343555,  0.        , ...,  0.25296942,
          0.28951277, -0.07142857],
        ...,
        [-0.51687651, -0.57858229, -0.25296942, ...,  0.        ,
          0.03796037, -0.32142857],
        [-0.54900032, -0.60912667, -0.28951277, ..., -0.03796037,
          0.        , -0.35714286],
        [-0.21428571, -0.28571429,  0.07142857, ...,  0.32142857,
          0.35714286,  0.        ]],

       [[ 0.        , -0.81578433, -0.76715409, ..., -0.70166334,
         -0.79889229, -0.46560709],
        [ 0.81578433,  0.        ,  0.07960701, ...,  0.17544202,
          0.02862882,  0.45267547],
        [ 0.76715409, -0.07960701,  0.        , ...,  0.09651293,
         -0.05103641,  0.38025522],
        ...,
        [ 0.70166334, -0.17544202, -0.09651293, ...,  0.        ,
         -0.14718532,  0.28921705],
        [ 0.79889229, -0.02862882,  0.05103641, ...,  0.14718532,
          0.        ,  0.42696231],
        [ 0.46560709, -0.45267547, -0.38025522, ..., -0.28921705,
         -0.42696231,  0.        ]],

       [[ 0.        , -0.15797085, -0.1743389 , ..., -0.40608038,
         -0.1825045 , -0.04201036],
        [ 0.15797085,  0.        , -0.01659822, ..., -0.25662187,
         -0.02489519,  0.11634852],
        [ 0.1743389 ,  0.01659822,  0.        , ..., -0.24054414,
         -0.00829868,  0.13281799],
        ...,
        [ 0.40608038,  0.25662187,  0.24054414, ...,  0.        ,
          0.23248084,  0.36733124],
        [ 0.1825045 ,  0.02489519,  0.00829868, ..., -0.23248084,
          0.        ,  0.14103858],
        [ 0.04201036, -0.11634852, -0.13281799, ..., -0.36733124,
         -0.14103858,  0.        ]],

       ...,

       [[ 0.        ,  0.00927601,  0.12014508, ...,  0.99342446,
          0.91784111,  0.88651676],
        [-0.00927601,  0.        ,  0.11093109, ...,  0.99231972,
          0.92148372,  0.88218665],
        [-0.12014508, -0.11093109,  0.        , ...,  0.97247309,
          0.95888393,  0.82450444],
        ...,
        [-0.99342446, -0.99231972, -0.97247309, ...,  0.        ,
          0.49942097, -0.35815715],
        [-0.91784111, -0.92148372, -0.95888393, ..., -0.49942097,
          0.        , -0.77658288],
        [-0.88651676, -0.88218665, -0.82450444, ...,  0.35815715,
          0.77658288,  0.        ]],

       [[ 0.        ,  0.13938604, -0.21420768, ..., -0.6934817 ,
         -0.56715898, -0.47392398],
        [-0.13938604,  0.        , -0.34826724, ..., -0.58628797,
         -0.44682294, -0.34655901],
        [ 0.21420768,  0.34826724,  0.        , ..., -0.83171582,
         -0.7304174 , -0.65154727],
        ...,
        [ 0.6934817 ,  0.58628797,  0.83171582, ...,  0.        ,
         -0.16253387, -0.26920623],
        [ 0.56715898,  0.44682294,  0.7304174 , ...,  0.16253387,
          0.        , -0.10909305],
        [ 0.47392398,  0.34655901,  0.65154727, ...,  0.26920623,
          0.10909305,  0.        ]],

       [[ 0.        , -0.25983005, -0.36695138, ..., -0.86706959,
         -0.98560429, -0.99385661],
        [ 0.25983005,  0.        , -0.11264386, ..., -0.9667335 ,
         -0.99568218, -0.98847875],
        [ 0.36695138,  0.11264386,  0.        , ..., -0.98939334,
         -0.9788886 , -0.96513776],
        ...,
        [ 0.86706959,  0.9667335 ,  0.98939334, ...,  0.        ,
          0.34442107,  0.39916326],
        [ 0.98560429,  0.99568218,  0.9788886 , ..., -0.34442107,
          0.        ,  0.05894783],
        [ 0.99385661,  0.98847875,  0.96513776, ..., -0.39916326,
         -0.05894783,  0.        ]]]), 'num': array([ 7.06827613e-01,  7.06827613e-01,  0.00000000e+00,  0.00000000e+00,
        2.42496243e-03,  2.50108232e-03,  2.42496243e-03,  2.72210188e-02,
       -7.61198968e-05,  2.51848116e-03,  2.43366184e-03,  2.51059731e-03,
        5.84492065e-06,  2.55804753e-03,  2.30927615e-03])}
{'img': array([[[ 0.        ,  0.35343555,  0.60912667, ...,  0.60912667,
          0.28571429, -0.23172159],
        [-0.35343555,  0.        ,  0.28951277, ...,  0.28951277,
         -0.07142857, -0.56058182],
        [-0.60912667, -0.28951277,  0.        , ...,  0.        ,
         -0.35714286, -0.77631967],
        ...,
        [-0.60912667, -0.28951277,  0.        , ...,  0.        ,
         -0.35714286, -0.77631967],
        [-0.28571429,  0.07142857,  0.35714286, ...,  0.35714286,
          0.        , -0.5       ],
        [ 0.23172159,  0.56058182,  0.77631967, ...,  0.77631967,
          0.5       ,  0.        ]],

       [[ 0.        ,  0.04243049,  0.11927979, ...,  0.01530788,
          0.23895694,  0.41033389],
        [-0.04243049,  0.        ,  0.0770448 , ..., -0.02713143,
          0.19754045,  0.44865822],
        [-0.11927979, -0.0770448 ,  0.        , ..., -0.10406723,
          0.12142667,  0.51617984],
        ...,
        [-0.01530788,  0.02713143,  0.10406723, ...,  0.        ,
          0.22406453,  0.4242456 ],
        [-0.23895694, -0.19754045, -0.12142667, ..., -0.22406453,
          0.        ,  0.61635986],
        [-0.41033389, -0.44865822, -0.51617984, ..., -0.4242456 ,
         -0.61635986,  0.        ]],

       [[ 0.        , -0.01659822, -0.01659822, ..., -0.02489519,
          0.11634852,  0.0664502 ],
        [ 0.01659822,  0.        ,  0.        , ..., -0.00829868,
          0.13281799,  0.08300258],
        [ 0.01659822,  0.        ,  0.        , ..., -0.00829868,
          0.13281799,  0.08300258],
        ...,
        [ 0.02489519,  0.00829868,  0.00829868, ...,  0.        ,
          0.14103858,  0.09126977],
        [-0.11634852, -0.13281799, -0.13281799, ..., -0.14103858,
          0.        , -0.05009246],
        [-0.0664502 , -0.08300258, -0.08300258, ..., -0.09126977,
          0.05009246,  0.        ]],

       ...,

       [[ 0.        ,  0.11093109, -0.10564184, ...,  0.92148372,
          0.88218665,  0.68028442],
        [-0.11093109,  0.        , -0.21530018, ...,  0.95888393,
          0.82450444,  0.59477902],
        [ 0.10564184,  0.21530018,  0.        , ...,  0.87529424,
          0.92699688,  0.75390771],
        ...,
        [-0.92148372, -0.95888393, -0.87529424, ...,  0.        ,
         -0.77658288, -0.93963389],
        [-0.88218665, -0.82450444, -0.92699688, ...,  0.77658288,
          0.        , -0.32625128],
        [-0.68028442, -0.59477902, -0.75390771, ...,  0.93963389,
          0.32625128,  0.        ]],

       [[ 0.        , -0.34826724, -0.48608662, ..., -0.44682294,
         -0.34655901, -0.16231232],
        [ 0.34826724,  0.        , -0.15130087, ..., -0.7304174 ,
         -0.65154727, -0.49579982],
        [ 0.48608662,  0.15130087,  0.        , ..., -0.82534731,
         -0.75882455, -0.6214873 ],
        ...,
        [ 0.44682294,  0.7304174 ,  0.82534731, ...,  0.        ,
         -0.10909305, -0.29568958],
        [ 0.34655901,  0.65154727,  0.75882455, ...,  0.10909305,
          0.        , -0.18970992],
        [ 0.16231232,  0.49579982,  0.6214873 , ...,  0.29568958,
          0.18970992,  0.        ]],

       [[ 0.        , -0.11264386, -0.16182361, ..., -0.99568218,
         -0.98847875, -0.99096462],
        [ 0.11264386,  0.        , -0.0496345 , ..., -0.9788886 ,
         -0.96513776, -0.96954936],
        [ 0.16182361,  0.0496345 ,  0.        , ..., -0.96753705,
         -0.95095673, -0.95619905],
        ...,
        [ 0.99568218,  0.9788886 ,  0.96753705, ...,  0.        ,
          0.05894783,  0.04155532],
        [ 0.98847875,  0.96513776,  0.95095673, ..., -0.05894783,
          0.        , -0.01741385],
        [ 0.99096462,  0.96954936,  0.95619905, ..., -0.04155532,
          0.01741385,  0.        ]]]), 'num': array([ 7.07023851e-01,  7.07023851e-01,  0.00000000e+00,  0.00000000e+00,
        2.31142413e-03,  2.42563567e-03,  2.27879226e-03,  1.37128907e-02,
       -1.14211545e-04,  2.46914483e-03,  2.42536374e-03,  2.50884694e-03,
        4.56846180e-06,  2.55780228e-03,  2.29292520e-03])}
{'img': array([[[ 0.        ,  0.26423274,  0.47241315, ..., -0.06411771,
         -0.49283041, -0.98463888],
        [-0.26423274,  0.        ,  0.22273437, ..., -0.32552794,
         -0.70523032, -0.9035079 ],
        [-0.47241315, -0.22273437,  0.        , ..., -0.52795298,
         -0.84542818, -0.78535345],
        ...,
        [ 0.06411771,  0.32552794,  0.52795298, ...,  0.        ,
         -0.43602589, -0.99380799],
        [ 0.49283041,  0.70523032,  0.84542818, ...,  0.43602589,
          0.        , -0.94280904],
        [ 0.98463888,  0.9035079 ,  0.78535345, ...,  0.99380799,
          0.94280904,  0.        ]],

       [[ 0.        ,  0.0770448 ,  0.07138943, ...,  0.19754045,
          0.44865822,  0.88195103],
        [-0.0770448 ,  0.        , -0.00567099, ...,  0.12142667,
          0.51617984,  0.84301517],
        [-0.07138943,  0.00567099,  0.        , ...,  0.12705375,
          0.51131445,  0.84605198],
        ...,
        [-0.19754045, -0.12142667, -0.12705375, ...,  0.        ,
          0.61635986,  0.77146303],
        [-0.44865822, -0.51617984, -0.51131445, ..., -0.61635986,
          0.        , -0.99967369],
        [-0.88195103, -0.84301517, -0.84605198, ..., -0.77146303,
          0.99967369,  0.        ]],

       [[ 0.        ,  0.        ,  0.06639977, ...,  0.13281799,
          0.08300258, -0.2985685 ],
        [ 0.        ,  0.        ,  0.06639977, ...,  0.13281799,
          0.08300258, -0.2985685 ],
        [-0.06639977, -0.06639977,  0.        , ...,  0.06671337,
          0.01664876, -0.36128074],
        ...,
        [-0.13281799, -0.13281799, -0.06671337, ...,  0.        ,
         -0.05009246, -0.42268323],
        [-0.08300258, -0.08300258, -0.01664876, ...,  0.05009246,
          0.        , -0.37675492],
        [ 0.2985685 ,  0.2985685 ,  0.36128074, ...,  0.42268323,
          0.37675492,  0.        ]],

       ...,

       [[ 0.        , -0.21530018,  0.34733468, ...,  0.82450444,
          0.59477902,  0.23305633],
        [ 0.21530018,  0.        ,  0.54108481, ...,  0.92699688,
          0.75390771,  0.43696218],
        [-0.34733468, -0.54108481,  0.        , ...,  0.57663058,
          0.2785302 , -0.11922367],
        ...,
        [-0.82450444, -0.92699688, -0.57663058, ...,  0.        ,
         -0.32625128, -0.66992405],
        [-0.59477902, -0.75390771, -0.2785302 , ...,  0.32625128,
          0.        , -0.39104925],
        [-0.23305633, -0.43696218,  0.11922367, ...,  0.66992405,
          0.39104925,  0.        ]],

       [[ 0.        , -0.35605786, -0.57951975, ..., -0.35193186,
         -0.16489615, -0.11029309],
        [ 0.35605786,  0.        , -0.25136802, ..., -0.6621469 ,
         -0.50527326, -0.4569505 ],
        [ 0.57951975,  0.25136802,  0.        , ..., -0.82925509,
         -0.70597013, -0.66586841],
        ...,
        [ 0.35193186,  0.6621469 ,  0.82925509, ...,  0.        ,
         -0.19276722, -0.24654761],
        [ 0.16489615,  0.50527326,  0.70597013, ...,  0.19276722,
          0.        , -0.05510686],
        [ 0.11029309,  0.4569505 ,  0.66586841, ...,  0.24654761,
          0.05510686,  0.        ]],

       [[ 0.        , -0.04794581, -0.03984096, ..., -0.92526575,
         -0.9298562 , -0.98397846],
        [ 0.04794581,  0.        ,  0.0081126 , ..., -0.90601486,
         -0.91114644, -0.99139496],
        [ 0.03984096, -0.0081126 ,  0.        , ..., -0.90941867,
         -0.91445952, -0.99030036],
        ...,
        [ 0.92526575,  0.90601486,  0.90941867, ...,  0.        ,
         -0.01228591, -0.53820542],
        [ 0.9298562 ,  0.91114644,  0.91445952, ...,  0.01228591,
          0.        , -0.52781007],
        [ 0.98397846,  0.99139496,  0.99030036, ...,  0.53820542,
          0.52781007,  0.        ]]]), 'num': array([ 9.14474938e-01,  4.04310661e-01,  2.54446024e-05, -1.18107693e-09,
        2.91522444e-03,  3.08243183e-03,  2.89341478e-03,  1.37586962e-02,
       -1.74477273e-04,  3.20165797e-03,  3.22601209e-03,  3.34620754e-03,
        4.92476175e-06,  3.45331087e-03,  2.99871330e-03])}
{'img': array([[[ 0.        ,  0.18238797,  0.24997299, ..., -0.55792168,
         -0.88718337, -0.81016139],
        [-0.18238797,  0.        ,  0.06918244, ..., -0.69992607,
         -0.95645924, -0.68965517],
        [-0.24997299, -0.06918244,  0.        , ..., -0.74766022,
         -0.97435958, -0.63790515],
        ...,
        [ 0.55792168,  0.69992607,  0.74766022, ...,  0.        ,
         -0.47883324, -0.99940529],
        [ 0.88718337,  0.95645924,  0.97435958, ...,  0.47883324,
          0.        , -0.89389527],
        [ 0.81016139,  0.68965517,  0.63790515, ...,  0.99940529,
          0.89389527,  0.        ]],

       [[ 0.        , -0.00567099,  0.05041561, ...,  0.51617984,
          0.84301517,  0.67381606],
        [ 0.00567099,  0.        ,  0.05607858, ...,  0.51131445,
          0.84605198,  0.67799552],
        [-0.05041561, -0.05607858,  0.        , ...,  0.5587034 ,
          0.81482509,  0.63570714],
        ...,
        [-0.51617984, -0.51131445, -0.5587034 , ...,  0.        ,
         -0.99967369, -0.95851496],
        [-0.84301517, -0.84605198, -0.81482509, ...,  0.99967369,
          0.        , -0.2604644 ],
        [-0.67381606, -0.67799552, -0.63570714, ...,  0.95851496,
          0.2604644 ,  0.        ]],

       [[ 0.        ,  0.06639977,  0.26571161, ...,  0.08300258,
         -0.2985685 , -0.8610387 ],
        [-0.06639977,  0.        ,  0.20111235, ...,  0.01664876,
         -0.36128074, -0.89290537],
        [-0.26571161, -0.20111235,  0.        , ..., -0.18477588,
         -0.54142775, -0.96521139],
        ...,
        [-0.08300258, -0.01664876,  0.18477588, ...,  0.        ,
         -0.37675492, -0.90027763],
        [ 0.2985685 ,  0.36128074,  0.54142775, ...,  0.37675492,
          0.        , -0.66993132],
        [ 0.8610387 ,  0.89290537,  0.96521139, ...,  0.90027763,
          0.66993132,  0.        ]],

       ...,

       [[ 0.        ,  0.54108481,  0.73817912, ...,  0.75390771,
          0.43696218,  0.17227437],
        [-0.54108481,  0.        ,  0.25576666, ...,  0.2785302 ,
         -0.11922367, -0.38811782],
        [-0.73817912, -0.25576666,  0.        , ...,  0.02362056,
         -0.3692005 , -0.6109255 ],
        ...,
        [-0.75390771, -0.2785302 , -0.02362056, ...,  0.        ,
         -0.39104925, -0.62945516],
        [-0.43696218,  0.11922367,  0.3692005 , ...,  0.39104925,
          0.        , -0.27547184],
        [-0.17227437,  0.38811782,  0.6109255 , ...,  0.62945516,
          0.27547184,  0.        ]],

       [[ 0.        , -0.4815008 , -0.62758008, ..., -0.1676465 ,
         -0.11213998, -0.62182063],
        [ 0.4815008 ,  0.        , -0.17516641, ..., -0.62161925,
         -0.57674829, -0.92208401],
        [ 0.62758008,  0.17516641,  0.        , ..., -0.74921957,
         -0.71092837, -0.97561513],
        ...,
        [ 0.1676465 ,  0.62161925,  0.74921957, ...,  0.        ,
         -0.05603618,  0.48172613],
        [ 0.11213998,  0.57674829,  0.71092837, ...,  0.05603618,
          0.        ,  0.53007494],
        [ 0.62182063,  0.92208401,  0.97561513, ..., -0.48172613,
         -0.53007494,  0.        ]],

       [[ 0.        ,  0.00688797,  0.01484245, ..., -0.74062812,
         -0.83366347, -0.95779111],
        [-0.00688797,  0.        ,  0.00795489, ..., -0.74523868,
         -0.83744773, -0.95578833],
        [-0.01484245, -0.00795489,  0.        , ..., -0.75051941,
         -0.84176872, -0.95341891],
        ...,
        [ 0.74062812,  0.74523868,  0.75051941, ...,  0.        ,
         -0.15112237, -0.85645912],
        [ 0.83366347,  0.83744773,  0.84176872, ...,  0.15112237,
          0.        , -0.76861113],
        [ 0.95779111,  0.95578833,  0.95341891, ...,  0.85645912,
          0.76861113,  0.        ]]]), 'num': array([ 9.09942016e-01,  4.14375862e-01,  2.57436963e-05, -4.79274332e-07,
        2.84808135e-03,  2.95904555e-03,  2.78150282e-03,  1.48373942e-02,
       -1.18361822e-04,  3.13214972e-03,  3.26049832e-03,  3.39451842e-03,
        4.53576326e-06,  3.55930607e-03,  2.96169057e-03])}
