state_0,state_1,state_2,state_3,state_4,state_5,state_6,state_7,state_8,state_9,state_10,state_11,state_12,state_13,state_14,state_15,state_16,state_17,state_18,state_19,state_20,state_21,state_22,state_23,state_24,state_25,state_26,state_27,state_28,state_29,state_30,state_31,state_32,state_33,state_34,state_35,state_36,state_37,state_38,state_39,state_40,state_41,state_42,state_43,state_44,state_45,state_46,state_47,state_48,state_49,state_50,state_51,state_52,state_53,state_54,state_55,state_56,state_57,state_58,state_59,state_60,state_61,state_62,state_63,state_64,state_65,state_66,state_67,state_68,state_69,state_70,state_71,state_72,state_73,state_74,state_75,state_76,state_77,state_78,state_79,state_80,state_81,state_82,state_83,state_84,state_85,state_86,state_87,state_88,state_89,state_90,state_91,state_92,state_93,state_94,state_95,state_96,state_97,state_98,state_99,state_100,state_101,state_102,state_103,state_104,state_105,state_106,state_107,state_108,state_109,state_110,state_111,state_112,state_113,state_114,state_115,state_116,state_117,state_118,state_119,state_120,state_121,state_122,state_123,state_124,state_125,state_126,state_127,state_128,state_129,state_130,state_131,state_132,state_133,state_134,state_135,state_136,state_137,state_138,state_139,state_140,state_141,state_142,state_143,state_144,state_145,state_146,state_147,state_148,state_149,state_150,state_151,state_152,state_153,state_154,state_155,state_156,state_157,state_158,state_159,state_160,state_161,state_162,state_163,state_164,state_165,state_166,state_167,state_168,state_169,state_170,state_171,state_172,state_173,state_174,state_175,state_176,state_177,state_178,state_179,state_180,state_181,state_182,state_183,state_184,state_185,state_186,state_187,state_188,state_189,state_190,state_191,state_192,state_193,state_194,state_195,state_196,state_197,state_198,state_199,state_200,state_201,state_202,state_203,state_204,state_205,state_206,state_207,state_208,state_209,state_210,state_211,state_212,state_213,state_214,state_215,state_216,state_217,state_218,state_219,state_220,state_221,state_222,state_223,state_224,state_225,state_226,state_227,state_228,state_229,state_230,state_231,state_232,state_233,state_234,state_235,state_236,state_237,state_238,state_239,state_240,state_241,state_242,state_243,state_244,state_245,state_246,state_247,state_248,state_249,state_250,state_251,state_252,state_253,state_254,state_255,state_256,state_257,state_258,state_259,state_260,state_261,state_262,state_263,state_264,state_265,state_266,state_267,state_268,state_269,state_270,state_271,state_272,state_273,state_274,state_275,state_276,state_277,state_278,state_279,state_280,state_281,state_282,state_283,state_284,state_285,state_286,state_287
{'img': array([[[ 0.00000000e+00,  9.64612488e-02,  3.22214559e-01, ...,
         -6.91490439e-01, -6.91490439e-01, -5.74392644e-01],
        [-9.64612488e-02,  0.00000000e+00,  2.29395340e-01, ...,
         -6.18583622e-01, -6.18583622e-01, -4.92752860e-01],
        [-3.22214559e-01, -2.29395340e-01,  0.00000000e+00, ...,
         -4.21847787e-01, -4.21847787e-01, -2.80000000e-01],
        ...,
        [ 6.91490439e-01,  6.18583622e-01,  4.21847787e-01, ...,
          0.00000000e+00,  0.00000000e+00, -1.51107209e-01],
        [ 6.91490439e-01,  6.18583622e-01,  4.21847787e-01, ...,
          0.00000000e+00,  0.00000000e+00, -1.51107209e-01],
        [ 5.74392644e-01,  4.92752860e-01,  2.80000000e-01, ...,
          1.51107209e-01,  1.51107209e-01,  0.00000000e+00]],

       [[ 0.00000000e+00,  3.72407718e-02, -1.00204638e-01, ...,
         -1.85161170e-01, -3.04744890e-02, -1.59701926e-02],
        [-3.72407718e-02,  0.00000000e+00, -1.37188461e-01, ...,
         -2.21629539e-01, -6.76768247e-02, -5.31951369e-02],
        [ 1.00204638e-01,  1.37188461e-01,  0.00000000e+00, ...,
         -8.57573106e-02,  6.98369908e-02,  8.43020462e-02],
        ...,
        [ 1.85161170e-01,  2.21629539e-01,  8.57573106e-02, ...,
          0.00000000e+00,  1.55127642e-01,  1.69443518e-01],
        [ 3.04744890e-02,  6.76768247e-02, -6.98369908e-02, ...,
         -1.55127642e-01,  0.00000000e+00,  1.45078274e-02],
        [ 1.59701926e-02,  5.31951369e-02, -8.43020462e-02, ...,
         -1.69443518e-01, -1.45078274e-02,  0.00000000e+00]],

       [[ 0.00000000e+00, -2.31692332e-01, -3.25394850e-01, ...,
         -2.53455913e-01, -1.79962512e-01, -0.00000000e+00],
        [ 2.31692332e-01,  0.00000000e+00, -9.74573435e-02, ...,
         -4.70686021e-01, -4.02975172e-01, -2.31692332e-01],
        [ 3.25394850e-01,  9.74573435e-02,  0.00000000e+00, ...,
         -5.54432106e-01, -4.90250915e-01, -3.25394850e-01],
        ...,
        [ 2.53455913e-01,  4.70686021e-01,  5.54432106e-01, ...,
          0.00000000e+00, -7.52316729e-02, -2.53455913e-01],
        [ 1.79962512e-01,  4.02975172e-01,  4.90250915e-01, ...,
          7.52316729e-02,  0.00000000e+00, -1.79962512e-01],
        [ 0.00000000e+00,  2.31692332e-01,  3.25394850e-01, ...,
          2.53455913e-01,  1.79962512e-01,  0.00000000e+00]],

       ...,

       [[ 0.00000000e+00, -1.78146729e-01, -3.70009936e-01, ...,
         -5.76025553e-01, -5.40122000e-01, -5.40122000e-01],
        [ 1.78146729e-01,  0.00000000e+00, -1.98587970e-01, ...,
         -4.21188630e-01, -3.81556250e-01, -3.81556250e-01],
        [ 3.70009936e-01,  1.98587970e-01,  0.00000000e+00, ...,
         -2.32685905e-01, -1.90392899e-01, -1.90392899e-01],
        ...,
        [ 5.76025553e-01,  4.21188630e-01,  2.32685905e-01, ...,
          0.00000000e+00,  4.32626251e-02,  4.32626251e-02],
        [ 5.40122000e-01,  3.81556250e-01,  1.90392899e-01, ...,
         -4.32626251e-02,  0.00000000e+00,  0.00000000e+00],
        [ 5.40122000e-01,  3.81556250e-01,  1.90392899e-01, ...,
         -4.32626251e-02,  0.00000000e+00,  0.00000000e+00]],

       [[ 0.00000000e+00,  1.48869302e-02,  1.54954641e-02, ...,
         -7.78297348e-01, -7.22931874e-01, -5.59600318e-01],
        [-1.48869302e-02,  0.00000000e+00,  6.08604093e-04, ...,
         -7.68863658e-01, -7.12566094e-01, -5.47200574e-01],
        [-1.54954641e-02, -6.08604093e-04,  0.00000000e+00, ...,
         -7.68474366e-01, -7.12138962e-01, -5.46691070e-01],
        ...,
        [ 7.78297348e-01,  7.68863658e-01,  7.68474366e-01, ...,
          0.00000000e+00, -8.38147272e-02, -2.93653016e-01],
        [ 7.22931874e-01,  7.12566094e-01,  7.12138962e-01, ...,
          8.38147272e-02,  0.00000000e+00, -2.12500245e-01],
        [ 5.59600318e-01,  5.47200574e-01,  5.46691070e-01, ...,
          2.93653016e-01,  2.12500245e-01,  0.00000000e+00]],

       [[ 0.00000000e+00, -1.83286476e-01, -2.42913745e-01, ...,
         -3.13791844e-01, -2.31439106e-01, -0.00000000e+00],
        [ 1.83286476e-01,  0.00000000e+00, -6.10020160e-02, ...,
         -4.82505072e-01, -4.05828558e-01, -1.83286476e-01],
        [ 2.42913745e-01,  6.10020160e-02,  0.00000000e+00, ...,
         -5.35037725e-01, -4.60825506e-01, -2.42913745e-01],
        ...,
        [ 3.13791844e-01,  4.82505072e-01,  5.35037725e-01, ...,
          0.00000000e+00, -8.55226713e-02, -3.13791844e-01],
        [ 2.31439106e-01,  4.05828558e-01,  4.60825506e-01, ...,
          8.55226713e-02,  0.00000000e+00, -2.31439106e-01],
        [ 0.00000000e+00,  1.83286476e-01,  2.42913745e-01, ...,
          3.13791844e-01,  2.31439106e-01,  0.00000000e+00]]]), 'num': array([ 7.07104466e-01,  7.07104466e-01,  0.00000000e+00,  0.00000000e+00,
        1.14340297e-05,  1.18352237e-05,  1.10328356e-05,  2.55875530e-03,
       -4.01194023e-07,  1.18853729e-05,  1.26401192e-05,  1.46511042e-05,
        2.28528241e-07,  1.41866282e-05,  1.10936102e-05])}
{'img': array([[[ 0.00000000e+00,  2.25714267e-01,  6.68092570e-02, ...,
         -7.11482479e-01, -6.33484142e-01, -2.25714267e-01],
        [-2.25714267e-01,  0.00000000e+00, -1.60124821e-01, ...,
         -5.34511359e-01, -4.42488470e-01, -0.00000000e+00],
        [-6.68092570e-02,  1.60124821e-01,  0.00000000e+00, ...,
         -6.62945739e-01, -5.80374748e-01, -1.60124821e-01],
        ...,
        [ 7.11482479e-01,  5.34511359e-01,  6.62945739e-01, ...,
          0.00000000e+00, -1.05361867e-01, -5.34511359e-01],
        [ 6.33484142e-01,  4.42488470e-01,  5.80374748e-01, ...,
          1.05361867e-01,  0.00000000e+00, -4.42488470e-01],
        [ 2.25714267e-01,  0.00000000e+00,  1.60124821e-01, ...,
          5.34511359e-01,  4.42488470e-01,  0.00000000e+00]],

       [[ 0.00000000e+00, -1.37188461e-01, -4.42006936e-02, ...,
         -6.76768247e-02, -5.31951369e-02,  3.88798214e-01],
        [ 1.37188461e-01,  0.00000000e+00,  9.32716086e-02, ...,
          6.98369908e-02,  8.43020462e-02,  5.11516989e-01],
        [ 4.42006936e-02, -9.32716086e-02,  0.00000000e+00, ...,
         -2.35113277e-02, -9.00503629e-03,  4.29141343e-01],
        ...,
        [ 6.76768247e-02, -6.98369908e-02,  2.35113277e-02, ...,
          0.00000000e+00,  1.45078274e-02,  4.50259025e-01],
        [ 5.31951369e-02, -8.43020462e-02,  9.00503629e-03, ...,
         -1.45078274e-02,  0.00000000e+00,  4.37257628e-01],
        [-3.88798214e-01, -5.11516989e-01, -4.29141343e-01, ...,
         -4.50259025e-01, -4.37257628e-01,  0.00000000e+00]],

       [[ 0.00000000e+00, -2.32473462e-01, -2.54307976e-01, ...,
         -2.43650846e-01, -1.64953350e-01, -0.00000000e+00],
        [ 2.32473462e-01,  0.00000000e+00, -2.25101346e-02, ...,
         -4.62442893e-01, -3.89722975e-01, -2.32473462e-01],
        [ 2.54307976e-01,  2.25101346e-02,  0.00000000e+00, ...,
         -4.82284307e-01, -4.10354531e-01, -2.54307976e-01],
        ...,
        [ 2.43650846e-01,  4.62442893e-01,  4.82284307e-01, ...,
          0.00000000e+00, -8.03310094e-02, -2.43650846e-01],
        [ 1.64953350e-01,  3.89722975e-01,  4.10354531e-01, ...,
          8.03310094e-02,  0.00000000e+00, -1.64953350e-01],
        [ 0.00000000e+00,  2.32473462e-01,  2.54307976e-01, ...,
          2.43650846e-01,  1.64953350e-01,  0.00000000e+00]],

       ...,

       [[ 0.00000000e+00, -1.98587970e-01, -1.00486438e-01, ...,
         -3.81556250e-01, -3.81556250e-01, -4.79954035e-01],
        [ 1.98587970e-01,  0.00000000e+00,  9.90977460e-02, ...,
         -1.90392899e-01, -1.90392899e-01, -2.96174861e-01],
        [ 1.00486438e-01, -9.90977460e-02,  0.00000000e+00, ...,
         -2.86740777e-01, -2.86740777e-01, -3.89368601e-01],
        ...,
        [ 3.81556250e-01,  1.90392899e-01,  2.86740777e-01, ...,
          0.00000000e+00,  0.00000000e+00, -1.08906541e-01],
        [ 3.81556250e-01,  1.90392899e-01,  2.86740777e-01, ...,
          0.00000000e+00,  0.00000000e+00, -1.08906541e-01],
        [ 4.79954035e-01,  2.96174861e-01,  3.89368601e-01, ...,
          1.08906541e-01,  1.08906541e-01,  0.00000000e+00]],

       [[ 0.00000000e+00,  6.03008591e-04, -2.33311342e-03, ...,
         -7.89886445e-01, -7.40786279e-01, -5.42979209e-01],
        [-6.03008591e-04,  0.00000000e+00, -2.93611994e-03, ...,
         -7.89516505e-01, -7.40381079e-01, -5.42472736e-01],
        [ 2.33311342e-03,  2.93611994e-03,  0.00000000e+00, ...,
         -7.91315084e-01, -7.42351510e-01, -5.44936954e-01],
        ...,
        [ 7.89886445e-01,  7.89516505e-01,  7.91315084e-01, ...,
          0.00000000e+00, -7.63094392e-02, -3.30320393e-01],
        [ 7.40786279e-01,  7.40381079e-01,  7.42351510e-01, ...,
          7.63094392e-02,  0.00000000e+00, -2.57331135e-01],
        [ 5.42979209e-01,  5.42472736e-01,  5.44936954e-01, ...,
          3.30320393e-01,  2.57331135e-01,  0.00000000e+00]],

       [[ 0.00000000e+00, -1.60100614e-01, -2.29686731e-01, ...,
         -3.43862497e-01, -2.58780405e-01, -0.00000000e+00],
        [ 1.60100614e-01,  0.00000000e+00, -7.09036718e-02, ...,
         -4.89764592e-01, -4.10089294e-01, -1.60100614e-01],
        [ 2.29686731e-01,  7.09036718e-02,  0.00000000e+00, ...,
         -5.50349637e-01, -4.73724534e-01, -2.29686731e-01],
        ...,
        [ 3.43862497e-01,  4.89764592e-01,  5.50349637e-01, ...,
          0.00000000e+00, -8.91492473e-02, -3.43862497e-01],
        [ 2.58780405e-01,  4.10089294e-01,  4.73724534e-01, ...,
          8.91492473e-02,  0.00000000e+00, -2.58780405e-01],
        [ 0.00000000e+00,  1.60100614e-01,  2.29686731e-01, ...,
          3.43862497e-01,  2.58780405e-01,  0.00000000e+00]]]), 'num': array([ 9.53852681e-01,  3.00261439e-01,  5.94173856e-04, -1.36440561e-10,
        1.52551405e-05,  1.60178976e-05,  1.42843589e-05,  2.78852874e-03,
       -5.54732383e-07,  1.61427124e-05,  1.72868479e-05,  2.00720667e-05,
        3.56613675e-07,  1.95023510e-05,  1.50713447e-05])}
{'img': array([[[ 0.        , -0.15617082, -0.43206913, ..., -0.5950604 ,
         -0.43206913, -0.        ],
        [ 0.15617082,  0.        , -0.28592649, ..., -0.71327057,
         -0.56760884, -0.15617082],
        [ 0.43206913,  0.28592649,  0.        , ..., -0.8838953 ,
         -0.77931486, -0.43206913],
        ...,
        [ 0.5950604 ,  0.71327057,  0.8838953 , ...,  0.        ,
         -0.18940382, -0.5950604 ],
        [ 0.43206913,  0.56760884,  0.77931486, ...,  0.18940382,
          0.        , -0.43206913],
        [ 0.        ,  0.15617082,  0.43206913, ...,  0.5950604 ,
          0.43206913,  0.        ]],

       [[ 0.        ,  0.09327161,  0.12093553, ...,  0.08430205,
          0.51151699,  0.42628321],
        [-0.09327161,  0.        ,  0.0278213 , ..., -0.00900504,
          0.42914134,  0.34005237],
        [-0.12093553, -0.0278213 ,  0.        , ..., -0.03682173,
          0.40384599,  0.31375741],
        ...,
        [-0.08430205,  0.00900504,  0.03682173, ...,  0.        ,
          0.43725763,  0.34850698],
        [-0.51151699, -0.42914134, -0.40384599, ..., -0.43725763,
          0.        , -0.0964193 ],
        [-0.42628321, -0.34005237, -0.31375741, ..., -0.34850698,
          0.0964193 ,  0.        ]],

       [[ 0.        , -0.10376455, -0.1637328 , ..., -0.3680031 ,
         -0.33188505, -0.        ],
        [ 0.10376455,  0.        , -0.06048474, ..., -0.46249941,
         -0.42797665, -0.10376455],
        [ 0.1637328 ,  0.06048474,  0.        , ..., -0.51527958,
         -0.48185857, -0.1637328 ],
        ...,
        [ 0.3680031 ,  0.46249941,  0.51527958, ...,  0.        ,
         -0.03854976, -0.3680031 ],
        [ 0.33188505,  0.42797665,  0.48185857, ...,  0.03854976,
          0.        , -0.33188505],
        [ 0.        ,  0.10376455,  0.1637328 , ...,  0.3680031 ,
          0.33188505,  0.        ]],

       ...,

       [[ 0.        ,  0.09909775, -0.11154994, ..., -0.1903929 ,
         -0.29617486, -0.17550673],
        [-0.09909775,  0.        , -0.20948012, ..., -0.28674078,
         -0.3893686 , -0.27220241],
        [ 0.11154994,  0.20948012,  0.        , ..., -0.07969516,
         -0.18778127, -0.06459287],
        ...,
        [ 0.1903929 ,  0.28674078,  0.07969516, ...,  0.        ,
         -0.10890654,  0.01514131],
        [ 0.29617486,  0.3893686 ,  0.18778127, ...,  0.10890654,
          0.        ,  0.1239453 ],
        [ 0.17550673,  0.27220241,  0.06459287, ..., -0.01514131,
         -0.1239453 ,  0.        ]],

       [[ 0.        , -0.00291634,  0.01537622, ..., -0.79069209,
         -0.71215474, -0.53939854],
        [ 0.00291634,  0.        ,  0.01829215, ..., -0.79247415,
         -0.71419905, -0.54185195],
        [-0.01537622, -0.01829215,  0.        , ..., -0.78118508,
         -0.7012761 , -0.52638721],
        ...,
        [ 0.79069209,  0.79247415,  0.78118508, ...,  0.        ,
         -0.11909254, -0.3355754 ],
        [ 0.71215474,  0.71419905,  0.7012761 , ...,  0.11909254,
          0.        , -0.22100041],
        [ 0.53939854,  0.54185195,  0.52638721, ...,  0.3355754 ,
          0.22100041,  0.        ]],

       [[ 0.        , -0.16431599, -0.29321005, ..., -0.39514843,
         -0.30584668, -0.        ],
        [ 0.16431599,  0.        , -0.13213069, ..., -0.54072099,
         -0.45813163, -0.16431599],
        [ 0.29321005,  0.13213069,  0.        , ..., -0.64712871,
         -0.57156378, -0.29321005],
        ...,
        [ 0.39514843,  0.54072099,  0.64712871, ...,  0.        ,
         -0.09525718, -0.39514843],
        [ 0.30584668,  0.45813163,  0.57156378, ...,  0.09525718,
          0.        , -0.30584668],
        [ 0.        ,  0.16431599,  0.29321005, ...,  0.39514843,
          0.30584668,  0.        ]]]), 'num': array([ 8.32901369e-01,  5.53420971e-01,  2.61196634e-04, -3.05245867e-08,
        1.30867390e-05,  1.34536569e-05,  1.28421271e-05,  6.83739305e-04,
       -3.66917916e-07,  1.39184196e-05,  1.50680957e-05,  1.75295034e-05,
        3.38693461e-07,  1.71268362e-05,  1.30093552e-05])}
{'img': array([[[ 0.        , -0.39965263, -0.42591771, ..., -0.5527708 ,
         -0.37115374, -0.        ],
        [ 0.39965263,  0.        , -0.0288341 , ..., -0.83975042,
         -0.71133028, -0.39965263],
        [ 0.42591771,  0.0288341 ,  0.        , ..., -0.85505739,
         -0.73130079, -0.42591771],
        ...,
        [ 0.5527708 ,  0.83975042,  0.85505739, ...,  0.        ,
         -0.20399238, -0.5527708 ],
        [ 0.37115374,  0.71133028,  0.73130079, ...,  0.20399238,
          0.        , -0.37115374],
        [ 0.        ,  0.39965263,  0.42591771, ...,  0.5527708 ,
          0.37115374,  0.        ]],

       [[ 0.        ,  0.0278213 ,  0.20977543, ...,  0.42914134,
          0.34005237, -0.0263861 ],
        [-0.0278213 ,  0.        ,  0.18249196, ...,  0.40384599,
          0.31375741, -0.0541875 ],
        [-0.20977543, -0.18249196,  0.        , ...,  0.23011577,
          0.13521189, -0.23550139],
        ...,
        [-0.42914134, -0.40384599, -0.23011577, ...,  0.        ,
         -0.0964193 , -0.45282483],
        [-0.34005237, -0.31375741, -0.13521189, ...,  0.0964193 ,
          0.        , -0.36474763],
        [ 0.0263861 ,  0.0541875 ,  0.23550139, ...,  0.45282483,
          0.36474763,  0.        ]],

       [[ 0.        , -0.12499904, -0.20345178, ..., -0.48026364,
         -0.36239104, -0.        ],
        [ 0.12499904,  0.        , -0.0794714 , ..., -0.58613655,
         -0.47605113, -0.12499904],
        [ 0.20345178,  0.0794714 ,  0.        , ..., -0.64867139,
         -0.544434  , -0.20345178],
        ...,
        [ 0.48026364,  0.58613655,  0.64867139, ...,  0.        ,
         -0.12975633, -0.48026364],
        [ 0.36239104,  0.47605113,  0.544434  , ...,  0.12975633,
          0.        , -0.36239104],
        [ 0.        ,  0.12499904,  0.20345178, ...,  0.48026364,
          0.36239104,  0.        ]],

       ...,

       [[ 0.        , -0.20948012, -0.37059823, ..., -0.3893686 ,
         -0.27220241, -0.19254888],
        [ 0.20948012,  0.        , -0.16781201, ..., -0.18778127,
         -0.06459287,  0.01728342],
        [ 0.37059823,  0.16781201,  0.        , ..., -0.02029157,
          0.10378468,  0.18482526],
        ...,
        [ 0.3893686 ,  0.18778127,  0.02029157, ...,  0.        ,
          0.1239453 ,  0.20472918],
        [ 0.27220241,  0.06459287, -0.10378468, ..., -0.1239453 ,
          0.        ,  0.08183055],
        [ 0.19254888, -0.01728342, -0.18482526, ..., -0.20472918,
         -0.08183055,  0.        ]],

       [[ 0.        ,  0.0182041 ,  0.02322249, ..., -0.7589663 ,
         -0.68794068, -0.53965118],
        [-0.0182041 ,  0.        ,  0.00501944, ..., -0.7469873 ,
         -0.67461475, -0.52423593],
        [-0.02322249, -0.00501944,  0.        , ..., -0.74364077,
         -0.67090105, -0.5199549 ],
        ...,
        [ 0.7589663 ,  0.7469873 ,  0.74364077, ...,  0.        ,
         -0.10289388, -0.28758214],
        [ 0.68794068,  0.67461475,  0.67090105, ...,  0.10289388,
          0.        , -0.18750852],
        [ 0.53965118,  0.52423593,  0.5199549 , ...,  0.28758214,
          0.18750852,  0.        ]],

       [[ 0.        , -0.24194927, -0.3337376 , ..., -0.44187964,
         -0.3300318 , -0.        ],
        [ 0.24194927,  0.        , -0.09574454, ..., -0.64579739,
         -0.548619  , -0.24194927],
        [ 0.3337376 ,  0.09574454,  0.        , ..., -0.71593236,
         -0.62614798, -0.3337376 ],
        ...,
        [ 0.44187964,  0.64579739,  0.71593236, ...,  0.        ,
         -0.12105798, -0.44187964],
        [ 0.3300318 ,  0.548619  ,  0.62614798, ...,  0.12105798,
          0.        , -0.3300318 ],
        [ 0.        ,  0.24194927,  0.3337376 , ...,  0.44187964,
          0.3300318 ,  0.        ]]]), 'num': array([ 8.70949485e-01,  4.91369549e-01,  3.48238474e-04, -4.32105235e-08,
        1.38290563e-05,  1.41462365e-05,  1.30678238e-05,  1.68449324e-03,
        2.53744152e-07,  1.41589237e-05,  1.54403316e-05,  1.80105484e-05,
        3.78722615e-07,  1.75046460e-05,  1.33760173e-05])}
{'img': array([[[ 0.        , -0.15713181, -0.50459866, ..., -0.37883107,
         -0.        , -0.31130346],
        [ 0.15713181,  0.        , -0.36266997, ..., -0.51954522,
         -0.15713181, -0.45676035],
        [ 0.50459866,  0.36266997,  0.        , ..., -0.79405416,
         -0.50459866, -0.74829053],
        ...,
        [ 0.37883107,  0.51954522,  0.79405416, ...,  0.        ,
         -0.37883107, -0.07190646],
        [ 0.        ,  0.15713181,  0.50459866, ...,  0.37883107,
          0.        ,  0.31130346],
        [ 0.31130346,  0.45676035,  0.74829053, ...,  0.07190646,
         -0.31130346,  0.        ]],

       [[ 0.        ,  0.18249196,  0.46068596, ...,  0.31375741,
         -0.0541875 ,  0.17492776],
        [-0.18249196,  0.        ,  0.29097667, ...,  0.13521189,
         -0.23550139, -0.00768791],
        [-0.46068596, -0.29097667,  0.        , ..., -0.15894325,
         -0.50810394, -0.29832332],
        ...,
        [-0.31375741, -0.13521189,  0.15894325, ...,  0.        ,
         -0.36474763, -0.1428252 ],
        [ 0.0541875 ,  0.23550139,  0.50810394, ...,  0.36474763,
          0.        ,  0.22802275],
        [-0.17492776,  0.00768791,  0.29832332, ...,  0.1428252 ,
         -0.22802275,  0.        ]],

       [[ 0.        , -0.15920902, -0.33029558, ..., -0.47948327,
         -0.33029558, -0.        ],
        [ 0.15920902,  0.        , -0.17580881, ..., -0.61308145,
         -0.47635644, -0.15920902],
        [ 0.33029558,  0.17580881,  0.        , ..., -0.74242472,
         -0.62351716, -0.33029558],
        ...,
        [ 0.47948327,  0.61308145,  0.74242472, ...,  0.        ,
         -0.16272227, -0.47948327],
        [ 0.33029558,  0.47635644,  0.62351716, ...,  0.16272227,
          0.        , -0.33029558],
        [ 0.        ,  0.15920902,  0.33029558, ...,  0.47948327,
          0.33029558,  0.        ]],

       ...,

       [[ 0.        , -0.16781201, -0.34068897, ..., -0.06459287,
          0.01728342,  0.10549327],
        [ 0.16781201,  0.        , -0.17808483, ...,  0.10378468,
          0.18482526,  0.27087289],
        [ 0.34068897,  0.17808483,  0.        , ...,  0.27924884,
          0.35688754,  0.43797018],
        ...,
        [ 0.06459287, -0.10378468, -0.27924884, ...,  0.        ,
          0.08183055,  0.16950541],
        [-0.01728342, -0.18482526, -0.35688754, ..., -0.08183055,
          0.        ,  0.08829054],
        [-0.10549327, -0.27087289, -0.43797018, ..., -0.16950541,
         -0.08829054,  0.        ]],

       [[ 0.        ,  0.00493788,  0.06471574, ..., -0.80665226,
         -0.77773909, -0.51694924],
        [-0.00493788,  0.        ,  0.05978742, ..., -0.80372401,
         -0.77462572, -0.51271603],
        [-0.06471574, -0.05978742,  0.        , ..., -0.7667126 ,
         -0.73542926, -0.46046787],
        ...,
        [ 0.80665226,  0.80372401,  0.7667126 , ...,  0.        ,
         -0.04738703, -0.38497666],
        [ 0.77773909,  0.77462572,  0.73542926, ...,  0.04738703,
          0.        , -0.34080945],
        [ 0.51694924,  0.51271603,  0.46046787, ...,  0.38497666,
          0.34080945,  0.        ]],

       [[ 0.        , -0.23381521, -0.39799933, ..., -0.38976225,
         -0.21259433, -0.        ],
        [ 0.23381521,  0.        , -0.17246848, ..., -0.5942825 ,
         -0.43517176, -0.23381521],
        [ 0.39799933,  0.17246848,  0.        , ..., -0.72408607,
         -0.58393228, -0.39799933],
        ...,
        [ 0.38976225,  0.5942825 ,  0.72408607, ...,  0.        ,
         -0.18507108, -0.38976225],
        [ 0.21259433,  0.43517176,  0.58393228, ...,  0.18507108,
          0.        , -0.21259433],
        [ 0.        ,  0.23381521,  0.39799933, ...,  0.38976225,
          0.21259433,  0.        ]]]), 'num': array([ 9.07925942e-01,  4.19129212e-01,  4.46389684e-04, -3.46800849e-08,
        1.44469086e-05,  1.45788438e-05,  1.35893295e-05,  9.92984181e-04,
        6.59676190e-08,  1.44996826e-05,  1.58718091e-05,  1.85577907e-05,
        3.19198156e-07,  1.79018119e-05,  1.38418064e-05])}
{'img': array([[[ 0.        , -0.48412292, -0.6       , ..., -0.        ,
         -0.3122499 , -0.34798527],
        [ 0.48412292,  0.        , -0.13770167, ..., -0.48412292,
         -0.73313543, -0.75835235],
        [ 0.6       ,  0.13770167,  0.        , ..., -0.6       ,
         -0.81979992, -0.84088822],
        ...,
        [ 0.        ,  0.48412292,  0.6       , ...,  0.        ,
          0.3122499 ,  0.34798527],
        [ 0.3122499 ,  0.73313543,  0.81979992, ..., -0.3122499 ,
          0.        ,  0.03785173],
        [ 0.34798527,  0.75835235,  0.84088822, ..., -0.34798527,
         -0.03785173,  0.        ]],

       [[ 0.        ,  0.29097667, -0.14297633, ..., -0.23550139,
         -0.00768791, -0.16544451],
        [-0.29097667,  0.        , -0.42477697, ..., -0.50810394,
         -0.29832332, -0.4452525 ],
        [ 0.14297633,  0.42477697,  0.        , ..., -0.09412689,
          0.13536318, -0.02273877],
        ...,
        [ 0.23550139,  0.50810394,  0.09412689, ...,  0.        ,
          0.22802275,  0.07146474],
        [ 0.00768791,  0.29832332, -0.13536318, ..., -0.22802275,
          0.        , -0.15785766],
        [ 0.16544451,  0.4452525 ,  0.02273877, ..., -0.07146474,
          0.15785766,  0.        ]],

       [[ 0.        , -0.28914129, -0.44712324, ..., -0.43171503,
         -0.28914129, -0.        ],
        [ 0.28914129,  0.        , -0.16939612, ..., -0.67408329,
         -0.55358207, -0.28914129],
        [ 0.44712324,  0.16939612,  0.        , ..., -0.78946682,
         -0.68665391, -0.44712324],
        ...,
        [ 0.43171503,  0.67408329,  0.78946682, ...,  0.        ,
         -0.15246659, -0.43171503],
        [ 0.28914129,  0.55358207,  0.68665391, ...,  0.15246659,
          0.        , -0.28914129],
        [ 0.        ,  0.28914129,  0.44712324, ...,  0.43171503,
          0.28914129,  0.        ]],

       ...,

       [[ 0.        , -0.17808483, -0.25624179, ...,  0.18482526,
          0.27087289,  0.04000089],
        [ 0.17808483,  0.        , -0.08000673, ...,  0.35688754,
          0.43797018,  0.21730379],
        [ 0.25624179,  0.08000673,  0.        , ...,  0.43048155,
          0.5084914 ,  0.29470208],
        ...,
        [-0.18482526, -0.35688754, -0.43048155, ...,  0.        ,
          0.08829054, -0.1453656 ],
        [-0.27087289, -0.43797018, -0.5084914 , ..., -0.08829054,
          0.        , -0.23215063],
        [-0.04000089, -0.21730379, -0.29470208, ...,  0.1453656 ,
          0.23215063,  0.        ]],

       [[ 0.        ,  0.05875745,  0.11629075, ..., -0.85671133,
         -0.77688445, -0.50503536],
        [-0.05875745,  0.        ,  0.05773104, ..., -0.82492431,
         -0.73854599, -0.45344933],
        [-0.11629075, -0.05773104,  0.        , ..., -0.7909164 ,
         -0.69839177, -0.40123842],
        ...,
        [ 0.85671133,  0.82492431,  0.7909164 , ...,  0.        ,
         -0.13870842, -0.47893108],
        [ 0.77688445,  0.73854599,  0.69839177, ...,  0.13870842,
          0.        , -0.35253584],
        [ 0.50503536,  0.45344933,  0.40123842, ...,  0.47893108,
          0.35253584,  0.        ]],

       [[ 0.        , -0.32797775, -0.47697415, ..., -0.26478237,
         -0.1586044 , -0.        ],
        [ 0.32797775,  0.        , -0.16232521, ..., -0.56640768,
         -0.47365754, -0.32797775],
        [ 0.47697415,  0.16232521,  0.        , ..., -0.69267189,
         -0.61033686, -0.47697415],
        ...,
        [ 0.26478237,  0.56640768,  0.69267189, ...,  0.        ,
         -0.10848729, -0.26478237],
        [ 0.1586044 ,  0.47365754,  0.61033686, ...,  0.10848729,
          0.        , -0.1586044 ],
        [ 0.        ,  0.32797775,  0.47697415, ...,  0.26478237,
          0.1586044 ,  0.        ]]]), 'num': array([ 9.89019990e-01,  1.47778052e-01,  7.68257464e-04, -3.43926641e-08,
        1.57379740e-05,  1.60972885e-05,  1.55942482e-05,  7.17737849e-04,
        0.00000000e+00,  1.56661111e-05,  1.71033690e-05,  2.00305842e-05,
        3.11405878e-07,  1.91717224e-05,  1.50350155e-05])}
{'img': array([[[ 0.        , -0.39191836, -0.47497368, ..., -0.32221456,
         -0.35901099, -0.35901099],
        [ 0.39191836,  0.        , -0.09208763, ..., -0.66745344,
         -0.69608058, -0.69608058],
        [ 0.47497368,  0.09208763,  0.        , ..., -0.73319057,
         -0.75923844, -0.75923844],
        ...,
        [ 0.32221456,  0.66745344,  0.73319057, ...,  0.        ,
          0.03913015,  0.03913015],
        [ 0.35901099,  0.69608058,  0.75923844, ..., -0.03913015,
          0.        ,  0.        ],
        [ 0.35901099,  0.69608058,  0.75923844, ..., -0.03913015,
          0.        ,  0.        ]],

       [[ 0.        , -0.42477697, -0.4347118 , ..., -0.29832332,
         -0.4452525 , -0.53023256],
        [ 0.42477697,  0.        , -0.01100251, ...,  0.13536318,
         -0.02273877, -0.11987038],
        [ 0.4347118 ,  0.01100251,  0.        , ...,  0.14625623,
         -0.01173773, -0.10893995],
        ...,
        [ 0.29832332, -0.13536318, -0.14625623, ...,  0.        ,
         -0.15785766, -0.25315425],
        [ 0.4452525 ,  0.02273877,  0.01173773, ...,  0.15785766,
          0.        , -0.09726457],
        [ 0.53023256,  0.11987038,  0.10893995, ...,  0.25315425,
          0.09726457,  0.        ]],

       [[ 0.        , -0.35053876, -0.4965287 , ..., -0.35724646,
         -0.21251704, -0.        ],
        [ 0.35053876,  0.        , -0.16074831, ..., -0.66198531,
         -0.54156399, -0.35053876],
        [ 0.4965287 ,  0.16074831,  0.        , ..., -0.77386003,
         -0.66965578, -0.4965287 ],
        ...,
        [ 0.35724646,  0.66198531,  0.77386003, ...,  0.        ,
         -0.15059294, -0.35724646],
        [ 0.21251704,  0.54156399,  0.66965578, ...,  0.15059294,
          0.        , -0.21251704],
        [ 0.        ,  0.35053876,  0.4965287 , ...,  0.35724646,
          0.21251704,  0.        ]],

       ...,

       [[ 0.        , -0.08000673, -0.08000673, ...,  0.43797018,
          0.21730379,  0.10974457],
        [ 0.08000673,  0.        ,  0.        , ...,  0.5084914 ,
          0.29470208,  0.18891624],
        [ 0.08000673,  0.        ,  0.        , ...,  0.5084914 ,
          0.29470208,  0.18891624],
        ...,
        [-0.43797018, -0.5084914 , -0.5084914 , ...,  0.        ,
         -0.23215063, -0.33666555],
        [-0.21730379, -0.29470208, -0.29470208, ...,  0.23215063,
          0.        , -0.10886912],
        [-0.10974457, -0.18891624, -0.18891624, ...,  0.33666555,
          0.10886912,  0.        ]],

       [[ 0.        ,  0.0567782 ,  0.07314074, ..., -0.82364029,
         -0.73011096, -0.44670943],
        [-0.0567782 ,  0.        ,  0.01639663, ..., -0.79011197,
         -0.69013499, -0.39519054],
        [-0.07314074, -0.01639663,  0.        , ..., -0.77995524,
         -0.67817629, -0.38007548],
        ...,
        [ 0.82364029,  0.79011197,  0.77995524, ...,  0.        ,
         -0.14876186, -0.48355921],
        [ 0.73011096,  0.69013499,  0.67817629, ...,  0.14876186,
          0.        , -0.34796568],
        [ 0.44670943,  0.39519054,  0.38007548, ...,  0.48355921,
          0.34796568,  0.        ]],

       [[ 0.        , -0.36085919, -0.49056123, ..., -0.20207726,
         -0.12355653, -0.        ],
        [ 0.36085919,  0.        , -0.14305223, ..., -0.54187587,
         -0.47332546, -0.36085919],
        [ 0.49056123,  0.14305223,  0.        , ..., -0.65653223,
         -0.59447031, -0.49056123],
        ...,
        [ 0.20207726,  0.54187587,  0.65653223, ...,  0.        ,
         -0.07952134, -0.20207726],
        [ 0.12355653,  0.47332546,  0.59447031, ...,  0.07952134,
          0.        , -0.12355653],
        [ 0.        ,  0.36085919,  0.49056123, ...,  0.20207726,
          0.12355653,  0.        ]]]), 'num': array([ 9.93083263e-01,  1.17408155e-01,  7.99703282e-04, -3.45403379e-08,
        1.58027014e-05,  1.58748599e-05,  1.51532753e-05,  5.62013335e-04,
        0.00000000e+00,  1.57161113e-05,  1.69861001e-05,  1.99385835e-05,
        3.47429593e-07,  1.88339201e-05,  1.51382800e-05])}
{'img': array([[[ 0.        , -0.28565228, -0.53123865, ..., -0.36615073,
         -0.36615073, -0.36615073],
        [ 0.28565228,  0.        , -0.26709275, ..., -0.61670976,
         -0.61670976, -0.61670976],
        [ 0.53123865,  0.26709275,  0.        , ..., -0.80455812,
         -0.80455812, -0.80455812],
        ...,
        [ 0.36615073,  0.61670976,  0.80455812, ...,  0.        ,
          0.        ,  0.        ],
        [ 0.36615073,  0.61670976,  0.80455812, ...,  0.        ,
          0.        ,  0.        ],
        [ 0.36615073,  0.61670976,  0.80455812, ...,  0.        ,
          0.        ,  0.        ]],

       [[ 0.        , -0.01100251,  0.1759713 , ..., -0.02273877,
         -0.11987038, -0.1753297 ],
        [ 0.01100251,  0.        ,  0.18679146, ..., -0.01173773,
         -0.10893995, -0.16448701],
        [-0.1759713 , -0.18679146,  0.        , ..., -0.19830974,
         -0.29270231, -0.34583919],
        ...,
        [ 0.02273877,  0.01173773,  0.19830974, ...,  0.        ,
         -0.09726457, -0.15289782],
        [ 0.11987038,  0.10893995,  0.29270231, ...,  0.09726457,
          0.        , -0.05605193],
        [ 0.1753297 ,  0.16448701,  0.34583919, ...,  0.15289782,
          0.05605193,  0.        ]],

       [[ 0.        , -0.369277  , -0.51694114, ..., -0.22731197,
         -0.07231009, -0.        ],
        [ 0.369277  ,  0.        , -0.16429457, ..., -0.57085549,
         -0.43550948, -0.369277  ],
        [ 0.51694114,  0.16429457,  0.        , ..., -0.69799246,
         -0.57748685, -0.51694114],
        ...,
        [ 0.22731197,  0.57085549,  0.69799246, ...,  0.        ,
         -0.15629976, -0.22731197],
        [ 0.07231009,  0.43550948,  0.57748685, ...,  0.15629976,
          0.        , -0.07231009],
        [ 0.        ,  0.369277  ,  0.51694114, ...,  0.22731197,
          0.07231009,  0.        ]],

       ...,

       [[ 0.        ,  0.        , -0.34406124, ...,  0.29470208,
          0.18891624,  0.2898525 ],
        [ 0.        ,  0.        , -0.34406124, ...,  0.29470208,
          0.18891624,  0.2898525 ],
        [ 0.34406124,  0.34406124,  0.        , ...,  0.60549089,
          0.51524818,  0.60144735],
        ...,
        [-0.29470208, -0.29470208, -0.60549089, ...,  0.        ,
         -0.10886912, -0.005071  ],
        [-0.18891624, -0.18891624, -0.51524818, ...,  0.10886912,
          0.        ,  0.10382687],
        [-0.2898525 , -0.2898525 , -0.60144735, ...,  0.005071  ,
         -0.10382687,  0.        ]],

       [[ 0.        ,  0.01607129,  0.0715377 , ..., -0.79896384,
         -0.71023169, -0.3879574 ],
        [-0.01607129,  0.        ,  0.05549834, ..., -0.78919571,
         -0.69882629, -0.37309475],
        [-0.0715377 , -0.05549834,  0.        , ..., -0.75389554,
         -0.65805175, -0.32102875],
        ...,
        [ 0.79896384,  0.78919571,  0.75389554, ...,  0.        ,
         -0.1353265 , -0.50307737],
        [ 0.71023169,  0.69882629,  0.65805175, ...,  0.1353265 ,
          0.        , -0.38149483],
        [ 0.3879574 ,  0.37309475,  0.32102875, ...,  0.50307737,
          0.38149483,  0.        ]],

       [[ 0.        , -0.35026073, -0.51859467, ..., -0.12568352,
         -0.        , -0.12202363],
        [ 0.35026073,  0.        , -0.18626285, ..., -0.46520505,
         -0.35026073, -0.461937  ],
        [ 0.51859467,  0.18626285,  0.        , ..., -0.62194436,
         -0.51859467, -0.61905198],
        ...,
        [ 0.12568352,  0.46520505,  0.62194436, ...,  0.        ,
         -0.12568352, -0.00368828],
        [ 0.        ,  0.35026073,  0.51859467, ...,  0.12568352,
          0.        ,  0.12202363],
        [ 0.12202363,  0.461937  ,  0.61905198, ...,  0.00368828,
         -0.12202363,  0.        ]]]), 'num': array([ 9.80868661e-01,  1.94666512e-01,  7.70786420e-04, -3.62979244e-08,
        1.53979151e-05,  1.65301148e-05,  1.53224352e-05,  1.01171850e-03,
       -1.13219964e-06,  1.62885789e-05,  1.75792864e-05,  2.06626435e-05,
        2.88599909e-07,  1.96584276e-05,  1.55001453e-05])}
