state_0,state_1,state_2,state_3,state_4,state_5,state_6,state_7,state_8,state_9,state_10,state_11,state_12,state_13,state_14,state_15,state_16,state_17,state_18,state_19,state_20,state_21,state_22,state_23,state_24,state_25,state_26,state_27,state_28,state_29,state_30,state_31,state_32,state_33,state_34,state_35,state_36,state_37,state_38,state_39,state_40,state_41,state_42,state_43,state_44,state_45,state_46,state_47,state_48,state_49,state_50,state_51,state_52,state_53,state_54,state_55,state_56,state_57,state_58,state_59,state_60,state_61,state_62,state_63,state_64,state_65,state_66,state_67,state_68,state_69,state_70,state_71,state_72,state_73,state_74,state_75,state_76,state_77,state_78,state_79,state_80,state_81,state_82,state_83,state_84,state_85,state_86,state_87,state_88,state_89,state_90,state_91,state_92,state_93,state_94,state_95,state_96,state_97,state_98,state_99,state_100,state_101,state_102,state_103,state_104,state_105,state_106,state_107,state_108,state_109,state_110,state_111,state_112,state_113,state_114,state_115,state_116,state_117,state_118,state_119,state_120,state_121,state_122,state_123,state_124,state_125,state_126,state_127,state_128,state_129,state_130,state_131,state_132,state_133,state_134,state_135,state_136,state_137,state_138,state_139,state_140,state_141,state_142,state_143,state_144,state_145,state_146,state_147,state_148,state_149,state_150,state_151,state_152,state_153,state_154,state_155,state_156,state_157,state_158,state_159,state_160,state_161,state_162,state_163,state_164,state_165,state_166,state_167,state_168,state_169,state_170,state_171,state_172,state_173,state_174,state_175,state_176,state_177,state_178,state_179,state_180,state_181,state_182,state_183,state_184,state_185,state_186,state_187,state_188,state_189,state_190,state_191,state_192,state_193,state_194,state_195,state_196,state_197,state_198,state_199,state_200,state_201,state_202,state_203,state_204,state_205,state_206,state_207,state_208,state_209,state_210,state_211,state_212,state_213,state_214,state_215,state_216,state_217,state_218,state_219,state_220,state_221,state_222,state_223,state_224,state_225,state_226,state_227,state_228,state_229,state_230,state_231,state_232,state_233,state_234,state_235,state_236,state_237,state_238,state_239,state_240,state_241,state_242,state_243,state_244,state_245,state_246,state_247,state_248,state_249,state_250,state_251,state_252,state_253,state_254,state_255,state_256,state_257,state_258,state_259,state_260,state_261,state_262,state_263,state_264,state_265,state_266,state_267,state_268,state_269,state_270,state_271,state_272,state_273,state_274,state_275,state_276,state_277,state_278,state_279,state_280,state_281,state_282,state_283,state_284,state_285,state_286,state_287
{'img': array([[[ 0.        , -0.0742778 ,  0.12823764, ...,  0.65618263,
          0.65618263,  0.63667496],
        [ 0.0742778 ,  0.        ,  0.20154792, ...,  0.71042017,
          0.71042017,  0.69219422],
        [-0.12823764, -0.20154792,  0.        , ...,  0.55399645,
          0.55399645,  0.53253005],
        ...,
        [-0.65618263, -0.71042017, -0.55399645, ...,  0.        ,
          0.        , -0.02556733],
        [-0.65618263, -0.71042017, -0.55399645, ...,  0.        ,
          0.        , -0.02556733],
        [-0.63667496, -0.69219422, -0.53253005, ...,  0.02556733,
          0.02556733,  0.        ]],

       [[ 0.        , -0.11466827,  0.08340217, ...,  0.64264261,
          0.13700766,  0.01720981],
        [ 0.11466827,  0.        ,  0.1971208 , ...,  0.72625858,
          0.24969088,  0.13174758],
        [-0.08340217, -0.1971208 ,  0.        , ...,  0.57650371,
          0.05391463, -0.06623996],
        ...,
        [-0.64264261, -0.72625858, -0.57650371, ...,  0.        ,
         -0.53161186, -0.62936186],
        [-0.13700766, -0.24969088, -0.05391463, ...,  0.53161186,
          0.        , -0.11993984],
        [-0.01720981, -0.13174758,  0.06623996, ...,  0.62936186,
          0.11993984,  0.        ]],

       [[ 0.        , -0.10088855, -0.12058551, ...,  0.95901994,
          0.84963613,  0.68082516],
        [ 0.10088855,  0.        , -0.01981789, ...,  0.98271239,
          0.89850659,  0.75124683],
        [ 0.12058551,  0.01981789,  0.        , ...,  0.98618845,
          0.90702939,  0.76417951],
        ...,
        [-0.95901994, -0.98271239, -0.98618845, ...,  0.        ,
         -0.26502305, -0.50952626],
        [-0.84963613, -0.89850659, -0.90702939, ...,  0.26502305,
          0.        , -0.26326623],
        [-0.68082516, -0.75124683, -0.76417951, ...,  0.50952626,
          0.26326623,  0.        ]],

       ...,

       [[ 0.        ,  0.08152495,  0.40980334, ..., -0.67068676,
         -0.67068676, -0.67068676],
        [-0.08152495,  0.        ,  0.33407429, ..., -0.72892462,
         -0.72892462, -0.72892462],
        [-0.40980334, -0.33407429,  0.        , ..., -0.91575078,
         -0.91575078, -0.91575078],
        ...,
        [ 0.67068676,  0.72892462,  0.91575078, ...,  0.        ,
          0.        ,  0.        ],
        [ 0.67068676,  0.72892462,  0.91575078, ...,  0.        ,
          0.        ,  0.        ],
        [ 0.67068676,  0.72892462,  0.91575078, ...,  0.        ,
          0.        ,  0.        ]],

       [[ 0.        , -0.01371687, -0.04045685, ...,  0.96598987,
          0.99639175,  0.98310462],
        [ 0.01371687,  0.        , -0.0267474 , ...,  0.9694459 ,
          0.9974622 ,  0.98050133],
        [ 0.04045685,  0.0267474 ,  0.        , ...,  0.97566033,
          0.9990097 ,  0.97489433],
        ...,
        [-0.96598987, -0.9694459 , -0.97566033, ...,  0.        ,
          0.17566011,  0.43103029],
        [-0.99639175, -0.9974622 , -0.9990097 , ..., -0.17566011,
          0.        ,  0.26582345],
        [-0.98310462, -0.98050133, -0.97489433, ..., -0.43103029,
         -0.26582345,  0.        ]],

       [[ 0.        , -0.08235436, -0.13127724, ...,  0.9098905 ,
          0.81535668,  0.71397965],
        [ 0.08235436,  0.        , -0.04918967, ...,  0.94096429,
          0.8602668 ,  0.7692161 ],
        [ 0.13127724,  0.04918967,  0.        , ...,  0.9564762 ,
          0.88430447,  0.79971657],
        ...,
        [-0.9098905 , -0.94096429, -0.9564762 , ...,  0.        ,
         -0.18853977, -0.34088142],
        [-0.81535668, -0.8602668 , -0.88430447, ...,  0.18853977,
          0.        , -0.15752047],
        [-0.71397965, -0.7692161 , -0.79971657, ...,  0.34088142,
          0.15752047,  0.        ]]]), 'num': array([7.06749695e-01, 7.06749695e-01, 0.00000000e+00, 0.00000000e+00,
       7.06749695e-03, 7.06749695e-03, 6.90813182e-03, 2.33864167e-02,
       1.03933779e-04, 7.08828370e-03, 8.28352216e-03, 7.39200130e-03,
       3.77941013e-07, 9.77443159e-03, 6.79261272e-03])}
{'img': array([[[ 0.        ,  0.20154792,  0.26433611, ...,  0.71042017,
          0.69219422,  0.74513574],
        [-0.20154792,  0.        ,  0.06453259, ...,  0.55399645,
          0.53253005,  0.59542966],
        [-0.26433611, -0.06453259,  0.        , ...,  0.49911709,
          0.47679895,  0.54234258],
        ...,
        [-0.71042017, -0.55399645, -0.49911709, ...,  0.        ,
         -0.02556733,  0.05062165],
        [-0.69219422, -0.53253005, -0.47679895, ...,  0.02556733,
          0.        ,  0.07613966],
        [-0.74513574, -0.59542966, -0.54234258, ..., -0.05062165,
         -0.07613966,  0.        ]],

       [[ 0.        ,  0.1971208 , -0.07850614, ...,  0.24969088,
          0.13174758,  0.00307611],
        [-0.1971208 ,  0.        , -0.27347819, ...,  0.05391463,
         -0.06623996, -0.19410411],
        [ 0.07850614,  0.27347819,  0.        , ...,  0.32493975,
          0.20916278,  0.08157238],
        ...,
        [-0.24969088, -0.05391463, -0.32493975, ...,  0.        ,
         -0.11993984, -0.24671102],
        [-0.13174758,  0.06623996, -0.20916278, ...,  0.11993984,
          0.        , -0.12869766],
        [-0.00307611,  0.19410411, -0.08157238, ...,  0.24671102,
          0.12869766,  0.        ]],

       [[ 0.        , -0.01981789,  0.00194675, ...,  0.89850659,
          0.75124683,  0.70482418],
        [ 0.01981789,  0.        ,  0.02176422, ...,  0.90702939,
          0.76417951,  0.71874421],
        [-0.00194675, -0.02176422,  0.        , ...,  0.89765035,
          0.74996051,  0.70344186],
        ...,
        [-0.89850659, -0.90702939, -0.89765035, ...,  0.        ,
         -0.26326623, -0.32799479],
        [-0.75124683, -0.76417951, -0.74996051, ...,  0.26326623,
          0.        , -0.06772198],
        [-0.70482418, -0.71874421, -0.70344186, ...,  0.32799479,
          0.06772198,  0.        ]],

       ...,

       [[ 0.        ,  0.33407429,  0.44311804, ..., -0.72892462,
         -0.72892462, -0.31129015],
        [-0.33407429,  0.        ,  0.11817413, ..., -0.91575078,
         -0.91575078, -0.6108813 ],
        [-0.44311804, -0.11817413,  0.        , ..., -0.95681009,
         -0.95681009, -0.70016187],
        ...,
        [ 0.72892462,  0.91575078,  0.95681009, ...,  0.        ,
          0.        ,  0.47960058],
        [ 0.72892462,  0.91575078,  0.95681009, ...,  0.        ,
          0.        ,  0.47960058],
        [ 0.31129015,  0.6108813 ,  0.70016187, ..., -0.47960058,
         -0.47960058,  0.        ]],

       [[ 0.        , -0.02667113, -0.06644653, ...,  0.99569159,
          0.99655433,  0.97994119],
        [ 0.02667113,  0.        , -0.03981071, ...,  0.99781051,
          0.99398764,  0.97427738],
        [ 0.06644653,  0.03981071,  0.        , ...,  0.99965247,
          0.98884068,  0.96453358],
        ...,
        [-0.99569159, -0.99781051, -0.99965247, ...,  0.        ,
          0.17499252,  0.2892951 ],
        [-0.99655433, -0.99398764, -0.98884068, ..., -0.17499252,
          0.        ,  0.11732138],
        [-0.97994119, -0.97427738, -0.96453358, ..., -0.2892951 ,
         -0.11732138,  0.        ]],

       [[ 0.        , -0.04918967, -0.0784067 , ...,  0.8602668 ,
          0.7692161 ,  0.68774196],
        [ 0.04918967,  0.        , -0.02927355, ...,  0.88430447,
          0.79971657,  0.72261892],
        [ 0.0784067 ,  0.02927355,  0.        , ...,  0.89759362,
          0.81694903,  0.74254447],
        ...,
        [-0.8602668 , -0.88430447, -0.89759362, ...,  0.        ,
         -0.15752047, -0.27387397],
        [-0.7692161 , -0.79971657, -0.81694903, ...,  0.15752047,
          0.        , -0.11895708],
        [-0.68774196, -0.72261892, -0.74254447, ...,  0.27387397,
          0.11895708,  0.        ]]]), 'num': array([ 9.19216535e-01,  3.90917742e-01,  5.29357508e-06, -7.51623237e-10,
        9.10859988e-03,  9.21812212e-03,  9.09947303e-03,  3.78901327e-02,
       -2.00790779e-04,  9.20534453e-03,  1.07893100e-02,  9.75386843e-03,
        4.60952201e-07,  1.28789670e-02,  8.69965291e-03])}
{'img': array([[[ 0.        ,  0.06453259,  0.04352115, ...,  0.53253005,
          0.59542966,  0.50161101],
        [-0.06453259,  0.        , -0.02104101, ...,  0.47679895,
          0.54234258,  0.44473874],
        [-0.04352115,  0.02104101,  0.        , ...,  0.4951887 ,
          0.55990028,  0.46348588],
        ...,
        [-0.53253005, -0.47679895, -0.4951887 , ...,  0.        ,
          0.07613966, -0.03611905],
        [-0.59542966, -0.54234258, -0.55990028, ..., -0.07613966,
          0.        , -0.11210418],
        [-0.50161101, -0.44473874, -0.46348588, ...,  0.03611905,
          0.11210418,  0.        ]],

       [[ 0.        , -0.27347819, -0.24282166, ..., -0.06623996,
         -0.19410411, -0.09341112],
        [ 0.27347819,  0.        ,  0.03172839, ...,  0.20916278,
          0.08157238,  0.18243232],
        [ 0.24282166, -0.03172839,  0.        , ...,  0.17803089,
          0.04990867,  0.15114454],
        ...,
        [ 0.06623996, -0.20916278, -0.17803089, ...,  0.        ,
         -0.12869766, -0.02725563],
        [ 0.19410411, -0.08157238, -0.04990867, ...,  0.12869766,
          0.        ,  0.10162088],
        [ 0.09341112, -0.18243232, -0.15114454, ...,  0.02725563,
         -0.10162088,  0.        ]],

       [[ 0.        ,  0.02176422,  0.0465224 , ...,  0.76417951,
          0.71874421,  0.66357154],
        [-0.02176422,  0.        ,  0.02477073, ...,  0.74996051,
          0.70344186,  0.64713227],
        [-0.0465224 , -0.02477073,  0.        , ...,  0.73334498,
          0.68562015,  0.62804905],
        ...,
        [-0.76417951, -0.74996051, -0.73334498, ...,  0.        ,
         -0.06772198, -0.14368646],
        [-0.71874421, -0.70344186, -0.68562015, ...,  0.06772198,
          0.        , -0.07633734],
        [-0.66357154, -0.64713227, -0.62804905, ...,  0.14368646,
          0.07633734,  0.        ]],

       ...,

       [[ 0.        ,  0.11817413,  0.27629122, ..., -0.91575078,
         -0.6108813 , -0.62601774],
        [-0.11817413,  0.        ,  0.16078114, ..., -0.95681009,
         -0.70016187, -0.7137844 ],
        [-0.27629122, -0.16078114,  0.        , ..., -0.99110335,
         -0.80584801, -0.81710368],
        ...,
        [ 0.91575078,  0.95681009,  0.99110335, ...,  0.        ,
          0.47960058,  0.46260988],
        [ 0.6108813 ,  0.70016187,  0.80584801, ..., -0.47960058,
          0.        , -0.01926152],
        [ 0.62601774,  0.7137844 ,  0.81710368, ..., -0.46260988,
          0.01926152,  0.        ]],

       [[ 0.        , -0.03978189, -0.13516414, ...,  0.99539635,
          0.98592891,  0.97411554],
        [ 0.03978189,  0.        , -0.09564033, ...,  0.99079552,
          0.97849829,  0.96435169],
        [ 0.13516414,  0.09564033,  0.        , ...,  0.97330712,
          0.95428652,  0.93462235],
        ...,
        [-0.99539635, -0.99079552, -0.97330712, ...,  0.        ,
          0.07190002,  0.13164672],
        [-0.98592891, -0.97849829, -0.95428652, ..., -0.07190002,
          0.        ,  0.06003175],
        [-0.97411554, -0.96435169, -0.93462235, ..., -0.13164672,
         -0.06003175,  0.        ]],

       [[ 0.        , -0.02927355, -0.00185363, ...,  0.79971657,
          0.72261892,  0.63040822],
        [ 0.02927355,  0.        ,  0.02742066, ...,  0.81694903,
          0.74254447,  0.65286204],
        [ 0.00185363, -0.02742066,  0.        , ...,  0.80082807,
          0.72389899,  0.63184604],
        ...,
        [-0.79971657, -0.81694903, -0.80082807, ...,  0.        ,
         -0.11895708, -0.24230797],
        [-0.72261892, -0.74254447, -0.72389899, ...,  0.11895708,
          0.        , -0.12517535],
        [-0.63040822, -0.65286204, -0.63184604, ...,  0.24230797,
          0.12517535,  0.        ]]]), 'num': array([ 8.17373991e-01,  5.74109203e-01,  2.43508297e-06, -1.05860059e-07,
        8.10882628e-03,  8.23869737e-03,  8.10070934e-03,  4.09803359e-02,
        8.11694323e-06,  8.16889166e-03,  9.48748909e-03,  8.68661736e-03,
        4.35809032e-07,  1.14262276e-02,  7.54875062e-03])}
{'img': array([[[ 0.        , -0.02104101, -0.06453259, ...,  0.54234258,
          0.44473874,  0.44937798],
        [ 0.02104101,  0.        , -0.04352115, ...,  0.55990028,
          0.46348588,  0.4680753 ],
        [ 0.06453259,  0.04352115,  0.        , ...,  0.59542966,
          0.50161101,  0.50609095],
        ...,
        [-0.54234258, -0.55990028, -0.59542966, ...,  0.        ,
         -0.11210418, -0.106949  ],
        [-0.44473874, -0.46348588, -0.50161101, ...,  0.11210418,
          0.        ,  0.00518636],
        [-0.44937798, -0.4680753 , -0.50609095, ...,  0.106949  ,
         -0.00518636,  0.        ]],

       [[ 0.        ,  0.03172839,  0.01793605, ...,  0.08157238,
          0.18243232,  0.2886892 ],
        [-0.03172839,  0.        , -0.01379626, ...,  0.04990867,
          0.15114454,  0.25816637],
        [-0.01793605,  0.01379626,  0.        , ...,  0.06368299,
          0.16476792,  0.27147037],
        ...,
        [-0.08157238, -0.04990867, -0.06368299, ...,  0.        ,
          0.10162088,  0.20962785],
        [-0.18243232, -0.15114454, -0.16476792, ..., -0.10162088,
          0.        ,  0.10917966],
        [-0.2886892 , -0.25816637, -0.27147037, ..., -0.20962785,
         -0.10917966,  0.        ]],

       [[ 0.        ,  0.02477073,  0.0540027 , ...,  0.70344186,
          0.64713227,  0.63806796],
        [-0.02477073,  0.        ,  0.02925155, ...,  0.68562015,
          0.62804905,  0.61879921],
        [-0.0540027 , -0.02925155,  0.        , ...,  0.66403282,
          0.60501751,  0.59555588],
        ...,
        [-0.70344186, -0.68562015, -0.66403282, ...,  0.        ,
         -0.07633734, -0.0881276 ],
        [-0.64713227, -0.62804905, -0.60501751, ...,  0.07633734,
          0.        , -0.01183012],
        [-0.63806796, -0.61879921, -0.59555588, ...,  0.0881276 ,
          0.01183012,  0.        ]],

       ...,

       [[ 0.        ,  0.16078114,  0.17616164, ..., -0.70016187,
         -0.7137844 , -0.70302291],
        [-0.16078114,  0.        ,  0.01560307, ..., -0.80584801,
         -0.81710368, -0.80821892],
        [-0.17616164, -0.01560307,  0.        , ..., -0.81498884,
         -0.82599924, -0.8173089 ],
        ...,
        [ 0.70016187,  0.80584801,  0.81498884, ...,  0.        ,
         -0.01926152, -0.00401505],
        [ 0.7137844 ,  0.81710368,  0.82599924, ...,  0.01926152,
          0.        ,  0.01524705],
        [ 0.70302291,  0.80821892,  0.8173089 , ...,  0.00401505,
         -0.01524705,  0.        ]],

       [[ 0.        , -0.09564033, -0.20670728, ...,  0.97849829,
          0.96435169,  0.99504892],
        [ 0.09564033,  0.        , -0.11218495, ...,  0.95428652,
          0.93462235,  0.98098223],
        [ 0.20670728,  0.11218495,  0.        , ...,  0.9147311 ,
          0.88882474,  0.95301479],
        ...,
        [-0.97849829, -0.95428652, -0.9147311 , ...,  0.        ,
          0.06003175, -0.10798435],
        [-0.96435169, -0.93462235, -0.88882474, ..., -0.06003175,
          0.        , -0.16747031],
        [-0.99504892, -0.98098223, -0.95301479, ...,  0.10798435,
          0.16747031,  0.        ]],

       [[ 0.        ,  0.02742066,  0.07330897, ...,  0.74254447,
          0.65286204,  0.56543176],
        [-0.02742066,  0.        ,  0.04593452, ...,  0.72389899,
          0.63184604,  0.54260272],
        [-0.07330897, -0.04593452,  0.        , ...,  0.69144438,
          0.59557553,  0.50344546],
        ...,
        [-0.74254447, -0.72389899, -0.69144438, ...,  0.        ,
         -0.12517535, -0.23372266],
        [-0.65286204, -0.63184604, -0.59557553, ...,  0.12517535,
          0.        , -0.11017594],
        [-0.56543176, -0.54260272, -0.50344546, ...,  0.23372266,
          0.11017594,  0.        ]]]), 'num': array([ 8.43854959e-01,  5.35088240e-01,  3.10630502e-06, -1.07104146e-07,
        8.34504645e-03,  8.39541896e-03,  8.32825561e-03,  3.06151546e-02,
       -4.19770948e-05,  8.42228430e-03,  9.69922752e-03,  8.99513172e-03,
        4.43322453e-07,  1.17656067e-02,  7.63284834e-03])}
{'img': array([[[ 0.00000000e+00, -4.35211523e-02, -1.97678073e-01, ...,
          4.63485878e-01,  4.68075304e-01,  4.44922886e-01],
        [ 4.35211523e-02,  0.00000000e+00, -1.54828425e-01, ...,
          5.01611008e-01,  5.06090951e-01,  4.83477514e-01],
        [ 1.97678073e-01,  1.54828425e-01,  0.00000000e+00, ...,
          6.29503300e-01,  6.33524627e-01,  6.13177552e-01],
        ...,
        [-4.63485878e-01, -5.01611008e-01, -6.29503300e-01, ...,
          0.00000000e+00,  5.18636392e-03, -2.08354451e-02],
        [-4.68075304e-01, -5.06090951e-01, -6.33524627e-01, ...,
         -5.18636392e-03,  0.00000000e+00, -2.60204030e-02],
        [-4.44922886e-01, -4.83477514e-01, -6.13177552e-01, ...,
          2.08354451e-02,  2.60204030e-02,  0.00000000e+00]],

       [[ 0.00000000e+00, -1.37962631e-02,  1.51410418e-01, ...,
          1.51144538e-01,  2.58166369e-01,  8.63411636e-02],
        [ 1.37962631e-02,  0.00000000e+00,  1.65033213e-01, ...,
          1.64767920e-01,  2.71470374e-01,  1.00077689e-01],
        [-1.51410418e-01, -1.65033213e-01,  0.00000000e+00, ...,
         -2.68975132e-04,  1.08912288e-01, -6.54992600e-02],
        ...,
        [-1.51144538e-01, -1.64767920e-01,  2.68975132e-04, ...,
          0.00000000e+00,  1.09179659e-01, -6.52308601e-02],
        [-2.58166369e-01, -2.71470374e-01, -1.08912288e-01, ...,
         -1.09179659e-01,  0.00000000e+00, -1.73788040e-01],
        [-8.63411636e-02, -1.00077689e-01,  6.54992600e-02, ...,
          6.52308601e-02,  1.73788040e-01,  0.00000000e+00]],

       [[ 0.00000000e+00,  2.92515453e-02,  3.81382339e-02, ...,
          6.28049048e-01,  6.18799206e-01,  6.05122686e-01],
        [-2.92515453e-02,  0.00000000e+00,  8.89164983e-03, ...,
          6.05017510e-01,  5.95555883e-01,  5.81575645e-01],
        [-3.81382339e-02, -8.89164983e-03,  0.00000000e+00, ...,
          5.97913952e-01,  5.88389554e-01,  5.74319366e-01],
        ...,
        [-6.28049048e-01, -6.05017510e-01, -5.97913952e-01, ...,
          0.00000000e+00, -1.18301239e-02, -2.91194987e-02],
        [-6.18799206e-01, -5.95555883e-01, -5.88389554e-01, ...,
          1.18301239e-02,  0.00000000e+00, -1.72923538e-02],
        [-6.05122686e-01, -5.81575645e-01, -5.74319366e-01, ...,
          2.91194987e-02,  1.72923538e-02,  0.00000000e+00]],

       ...,

       [[ 0.00000000e+00,  1.56030678e-02, -4.38636131e-02, ...,
         -8.17103685e-01, -8.08218917e-01, -8.10682932e-01],
        [-1.56030678e-02,  0.00000000e+00, -5.94463236e-02, ...,
         -8.25999238e-01, -8.17308896e-01, -8.19719613e-01],
        [ 4.38636131e-02,  5.94463236e-02,  0.00000000e+00, ...,
         -7.91030279e-01, -7.81610531e-01, -7.84221167e-01],
        ...,
        [ 8.17103685e-01,  8.25999238e-01,  7.91030279e-01, ...,
          0.00000000e+00,  1.52470532e-02,  1.10510980e-02],
        [ 8.08218917e-01,  8.17308896e-01,  7.81610531e-01, ...,
         -1.52470532e-02,  0.00000000e+00, -4.19630878e-03],
        [ 8.10682932e-01,  8.19719613e-01,  7.84221167e-01, ...,
         -1.10510980e-02,  4.19630878e-03,  0.00000000e+00]],

       [[ 0.00000000e+00, -1.12184954e-01, -3.00678563e-01, ...,
          9.34622348e-01,  9.80982226e-01,  9.96850031e-01],
        [ 1.12184954e-01,  0.00000000e+00, -1.91786827e-01, ...,
          8.88824742e-01,  9.53014793e-01,  9.81659913e-01],
        [ 3.00678563e-01,  1.91786827e-01,  0.00000000e+00, ...,
          7.84439345e-01,  8.77226818e-01,  9.26874630e-01],
        ...,
        [-9.34622348e-01, -8.88824742e-01, -7.84439345e-01, ...,
          0.00000000e+00, -1.67470312e-01, -2.80396966e-01],
        [-9.80982226e-01, -9.53014793e-01, -8.77226818e-01, ...,
          1.67470312e-01,  0.00000000e+00, -1.15684859e-01],
        [-9.96850031e-01, -9.81659913e-01, -9.26874630e-01, ...,
          2.80396966e-01,  1.15684859e-01,  0.00000000e+00]],

       [[ 0.00000000e+00,  4.59345197e-02,  1.57065033e-01, ...,
          6.31846038e-01,  5.42602718e-01,  4.53257678e-01],
        [-4.59345197e-02,  0.00000000e+00,  1.11534851e-01, ...,
          5.95575527e-01,  5.03445463e-01,  4.11834152e-01],
        [-1.57065033e-01, -1.11534851e-01,  0.00000000e+00, ...,
          5.02263578e-01,  4.03935104e-01,  3.07627407e-01],
        ...,
        [-6.31846038e-01, -5.95575527e-01, -5.02263578e-01, ...,
          0.00000000e+00, -1.10175943e-01, -2.11897357e-01],
        [-5.42602718e-01, -5.03445463e-01, -4.03935104e-01, ...,
          1.10175943e-01,  0.00000000e+00, -1.02933288e-01],
        [-4.53257678e-01, -4.11834152e-01, -3.07627407e-01, ...,
          2.11897357e-01,  1.02933288e-01,  0.00000000e+00]]]), 'num': array([ 9.48453596e-01,  3.13808379e-01,  6.48258648e-06, -1.39318597e-07,
        9.33301789e-03,  9.52368220e-03,  9.33301789e-03,  3.36687429e-02,
       -1.42998231e-04,  9.51414898e-03,  1.08773988e-02,  1.02242146e-02,
        4.79658637e-07,  1.32810625e-02,  8.47373506e-03])}
{'img': array([[[ 0.        , -0.15482843, -0.20154792, ...,  0.50609095,
          0.48347751,  0.41231163],
        [ 0.15482843,  0.        , -0.04746639, ...,  0.63352463,
          0.61317755,  0.54839505],
        [ 0.20154792,  0.04746639,  0.        , ...,  0.66953636,
          0.64998224,  0.58746923],
        ...,
        [-0.50609095, -0.63352463, -0.66953636, ...,  0.        ,
         -0.0260204 , -0.10545998],
        [-0.48347751, -0.61317755, -0.64998224, ...,  0.0260204 ,
          0.        , -0.07954897],
        [-0.41231163, -0.54839505, -0.58746923, ...,  0.10545998,
          0.07954897,  0.        ]],

       [[ 0.        ,  0.16503321,  0.04810602, ...,  0.27147037,
          0.10007769,  0.08481683],
        [-0.16503321,  0.        , -0.11739575, ...,  0.10891229,
         -0.06549926, -0.0807847 ],
        [-0.04810602,  0.11739575,  0.        , ...,  0.22485659,
          0.05209731,  0.03678596],
        ...,
        [-0.27147037, -0.10891229, -0.22485659, ...,  0.        ,
         -0.17378804, -0.18886046],
        [-0.10007769,  0.06549926, -0.05209731, ...,  0.17378804,
          0.        , -0.01532605],
        [-0.08481683,  0.0807847 , -0.03678596, ...,  0.18886046,
          0.01532605,  0.        ]],

       [[ 0.        ,  0.00889165, -0.03488072, ...,  0.59555588,
          0.58157565,  0.55829577],
        [-0.00889165,  0.        , -0.04376558, ...,  0.58838955,
          0.57431937,  0.55089681],
        [ 0.03488072,  0.04376558,  0.        , ...,  0.62321364,
          0.60959694,  0.58689455],
        ...,
        [-0.59555588, -0.58838955, -0.62321364, ...,  0.        ,
         -0.01729235, -0.04561143],
        [-0.58157565, -0.57431937, -0.60959694, ...,  0.01729235,
          0.        , -0.02833025],
        [-0.55829577, -0.55089681, -0.58689455, ...,  0.04561143,
          0.02833025,  0.        ]],

       ...,

       [[ 0.        , -0.05944632, -0.30413622, ..., -0.8173089 ,
         -0.81971961, -0.82652093],
        [ 0.05944632,  0.        , -0.24696809, ..., -0.78161053,
         -0.78422117, -0.79159654],
        [ 0.30413622,  0.24696809,  0.        , ..., -0.60334858,
         -0.60668973, -0.61616734],
        ...,
        [ 0.8173089 ,  0.78161053,  0.60334858, ...,  0.        ,
         -0.00419631, -0.01617309],
        [ 0.81971961,  0.78422117,  0.60668973, ...,  0.00419631,
          0.        , -0.01197719],
        [ 0.82652093,  0.79159654,  0.61616734, ...,  0.01617309,
          0.01197719,  0.        ]],

       [[ 0.        , -0.19178683, -0.33037673, ...,  0.95301479,
          0.98165991,  0.99617045],
        [ 0.19178683,  0.        , -0.14322598, ...,  0.87722682,
          0.92687463,  0.96090974],
        [ 0.33037673,  0.14322598,  0.        , ...,  0.79942324,
          0.86355568,  0.91134897],
        ...,
        [-0.95301479, -0.87722682, -0.79942324, ...,  0.        ,
         -0.11568486, -0.21843923],
        [-0.98165991, -0.92687463, -0.86355568, ...,  0.11568486,
          0.        , -0.10408149],
        [-0.99617045, -0.96090974, -0.91134897, ...,  0.21843923,
          0.10408149,  0.        ]],

       [[ 0.        ,  0.11153485,  0.16445758, ...,  0.50344546,
          0.41183415,  0.313279  ],
        [-0.11153485,  0.        ,  0.05341524, ...,  0.4039351 ,
          0.30762741,  0.20540399],
        [-0.16445758, -0.05341524,  0.        , ...,  0.35449484,
          0.25636326,  0.15283447],
        ...,
        [-0.50344546, -0.4039351 , -0.35449484, ...,  0.        ,
         -0.10293329, -0.20742107],
        [-0.41183415, -0.30762741, -0.25636326, ...,  0.10293329,
          0.        , -0.10562464],
        [-0.313279  , -0.20540399, -0.15283447, ...,  0.20742107,
          0.10562464,  0.        ]]]), 'num': array([ 9.48189140e-01,  3.13292616e-01,  6.47193195e-06, -2.34265088e-07,
        9.33671359e-03,  9.40333642e-03,  9.18443284e-03,  4.44423760e-02,
        1.90350940e-05,  9.42427502e-03,  1.07243719e-02,  1.02186729e-02,
        5.35362018e-07,  1.31473428e-02,  8.30140112e-03])}
{'img': array([[[ 0.        , -0.04746639, -0.0574248 , ...,  0.61317755,
          0.54839505,  0.5573692 ],
        [ 0.04746639,  0.        , -0.00997201, ...,  0.64998224,
          0.58746923,  0.59615063],
        [ 0.0574248 ,  0.00997201,  0.        , ...,  0.65752814,
          0.59550983,  0.60412724],
        ...,
        [-0.61317755, -0.64998224, -0.65752814, ...,  0.        ,
         -0.07954897, -0.06880863],
        [-0.54839505, -0.58746923, -0.59550983, ...,  0.07954897,
          0.        ,  0.01076985],
        [-0.5573692 , -0.59615063, -0.60412724, ...,  0.06880863,
         -0.01076985,  0.        ]],

       [[ 0.        , -0.11739575, -0.0579661 , ..., -0.06549926,
         -0.0807847 ,  0.0637351 ],
        [ 0.11739575,  0.        ,  0.05963308, ...,  0.05209731,
          0.03678596,  0.18045145],
        [ 0.0579661 , -0.05963308,  0.        , ..., -0.0075475 ,
         -0.02287223,  0.12147618],
        ...,
        [ 0.06549926, -0.05209731,  0.0075475 , ...,  0.        ,
         -0.01532605,  0.12896432],
        [ 0.0807847 , -0.03678596,  0.02287223, ...,  0.01532605,
          0.        ,  0.14414724],
        [-0.0637351 , -0.18045145, -0.12147618, ..., -0.12896432,
         -0.14414724,  0.        ]],

       [[ 0.        , -0.04376558, -0.11126848, ...,  0.57431937,
          0.55089681,  0.51442193],
        [ 0.04376558,  0.        , -0.06766805, ...,  0.60959694,
          0.58689455,  0.55145964],
        [ 0.11126848,  0.06766805,  0.        , ...,  0.66184092,
          0.64033766,  0.60664443],
        ...,
        [-0.57431937, -0.60959694, -0.66184092, ...,  0.        ,
         -0.02833025, -0.07137832],
        [-0.55089681, -0.58689455, -0.64033766, ...,  0.02833025,
          0.        , -0.04309168],
        [-0.51442193, -0.55145964, -0.60664443, ...,  0.07137832,
          0.04309168,  0.        ]],

       ...,

       [[ 0.        , -0.24696809, -0.1440738 , ..., -0.78422117,
         -0.79159654, -0.77410694],
        [ 0.24696809,  0.        ,  0.10478054, ..., -0.60668973,
         -0.61616734, -0.59378356],
        [ 0.1440738 , -0.10478054,  0.        , ..., -0.68664423,
         -0.69530232, -0.67482402],
        ...,
        [ 0.78422117,  0.60668973,  0.68664423, ...,  0.        ,
         -0.01197719,  0.01613606],
        [ 0.79159654,  0.61616734,  0.69530232, ...,  0.01197719,
          0.        ,  0.02811054],
        [ 0.77410694,  0.59378356,  0.67482402, ..., -0.01613606,
         -0.02811054,  0.        ]],

       [[ 0.        , -0.14322598, -0.23852298, ...,  0.92687463,
          0.96090974,  0.98604555],
        [ 0.14322598,  0.        , -0.09697178, ...,  0.86355568,
          0.91134897,  0.95203578],
        [ 0.23852298,  0.09697178,  0.        , ...,  0.81058749,
          0.86713696,  0.91787689],
        ...,
        [-0.92687463, -0.86355568, -0.81058749, ...,  0.        ,
         -0.10408149, -0.21583082],
        [-0.96090974, -0.91134897, -0.86713696, ...,  0.10408149,
          0.        , -0.11303022],
        [-0.98604555, -0.95203578, -0.91787689, ...,  0.21583082,
          0.11303022,  0.        ]],

       [[ 0.        ,  0.05341524,  0.06986892, ...,  0.30762741,
          0.20540399,  0.11433459],
        [-0.05341524,  0.        ,  0.01648447, ...,  0.25636326,
          0.15283447,  0.0611064 ],
        [-0.06986892, -0.01648447,  0.        , ...,  0.24039486,
          0.13652289,  0.04464444],
        ...,
        [-0.30762741, -0.25636326, -0.24039486, ...,  0.        ,
         -0.10562464, -0.19681993],
        [-0.20540399, -0.15283447, -0.13652289, ...,  0.10562464,
          0.        , -0.09216035],
        [-0.11433459, -0.0611064 , -0.04464444, ...,  0.19681993,
          0.09216035,  0.        ]]]), 'num': array([ 9.79167555e-01,  1.98332498e-01,  7.96770466e-06, -2.29179037e-07,
        9.63993898e-03,  9.75797904e-03,  9.61042896e-03,  3.21993635e-02,
       -9.83667242e-06,  9.70486101e-03,  1.09437899e-02,  1.05758984e-02,
        5.51589108e-07,  1.34417739e-02,  8.44580592e-03])}
{'img': array([[[ 0.00000000e+00, -9.97200524e-03, -5.17596254e-02, ...,
          5.87469234e-01,  5.96150629e-01,  5.91823673e-01],
        [ 9.97200524e-03,  0.00000000e+00, -4.17984133e-02, ...,
          5.95509834e-01,  6.04127237e-01,  5.99832356e-01],
        [ 5.17596254e-02,  4.17984133e-02,  0.00000000e+00, ...,
          6.28568069e-01,  6.36907918e-01,  6.32752126e-01],
        ...,
        [-5.87469234e-01, -5.95509834e-01, -6.28568069e-01, ...,
          0.00000000e+00,  1.07698539e-02,  5.39140745e-03],
        [-5.96150629e-01, -6.04127237e-01, -6.36907918e-01, ...,
         -1.07698539e-02,  0.00000000e+00, -5.37860259e-03],
        [-5.91823673e-01, -5.99832356e-01, -6.32752126e-01, ...,
         -5.39140745e-03,  5.37860259e-03,  0.00000000e+00]],

       [[ 0.00000000e+00,  5.96330782e-02, -5.66317424e-02, ...,
          3.67859563e-02,  1.80451451e-01,  1.61328163e-03],
        [-5.96330782e-02,  0.00000000e+00, -1.16068334e-01, ...,
         -2.28722259e-02,  1.21476178e-01, -5.80225900e-02],
        [ 5.66317424e-02,  1.16068334e-01,  0.00000000e+00, ...,
          9.33203319e-02,  2.35863921e-01,  5.82423612e-02],
        ...,
        [-3.67859563e-02,  2.28722259e-02, -9.33203319e-02, ...,
          0.00000000e+00,  1.44147242e-01, -3.51737187e-02],
        [-1.80451451e-01, -1.21476178e-01, -2.35863921e-01, ...,
         -1.44147242e-01,  0.00000000e+00, -1.78864418e-01],
        [-1.61328163e-03,  5.80225900e-02, -5.82423612e-02, ...,
          3.51737187e-02,  1.78864418e-01,  0.00000000e+00]],

       [[ 0.00000000e+00, -6.76680520e-02, -1.46963433e-01, ...,
          5.86894546e-01,  5.51459639e-01,  5.34524484e-01],
        [ 6.76680520e-02,  0.00000000e+00, -7.96932696e-02, ...,
          6.40337663e-01,  6.06644429e-01,  5.90489152e-01],
        [ 1.46963433e-01,  7.96932696e-02,  0.00000000e+00, ...,
          6.99512912e-01,  6.68068977e-01,  6.52927163e-01],
        ...,
        [-5.86894546e-01, -6.40337663e-01, -6.99512912e-01, ...,
          0.00000000e+00, -4.30916778e-02, -6.32307785e-02],
        [-5.51459639e-01, -6.06644429e-01, -6.68068977e-01, ...,
          4.30916778e-02,  0.00000000e+00, -2.01665963e-02],
        [-5.34524484e-01, -5.90489152e-01, -6.52927163e-01, ...,
          6.32307785e-02,  2.01665963e-02,  0.00000000e+00]],

       ...,

       [[ 0.00000000e+00,  1.04780540e-01,  1.15295007e-01, ...,
         -6.16167343e-01, -5.93783557e-01, -5.94434739e-01],
        [-1.04780540e-01,  0.00000000e+00,  1.05785614e-02, ...,
         -6.95302321e-01, -6.74824020e-01, -6.75421222e-01],
        [-1.15295007e-01, -1.05785614e-02,  0.00000000e+00, ...,
         -7.02866412e-01, -6.82593013e-01, -6.83184401e-01],
        ...,
        [ 6.16167343e-01,  6.95302321e-01,  7.02866412e-01, ...,
          0.00000000e+00,  2.81105381e-02,  2.73013080e-02],
        [ 5.93783557e-01,  6.74824020e-01,  6.82593013e-01, ...,
         -2.81105381e-02,  0.00000000e+00, -8.09540837e-04],
        [ 5.94434739e-01,  6.75421222e-01,  6.83184401e-01, ...,
         -2.73013080e-02,  8.09540837e-04,  0.00000000e+00]],

       [[ 0.00000000e+00, -9.69717804e-02, -1.97820851e-01, ...,
          9.11348966e-01,  9.52035784e-01,  9.81103092e-01],
        [ 9.69717804e-02,  0.00000000e+00, -1.01833105e-01, ...,
          8.67136956e-01,  9.17876889e-01,  9.57716628e-01],
        [ 1.97820851e-01,  1.01833105e-01,  0.00000000e+00, ...,
          8.11909150e-01,  8.72691284e-01,  9.23439212e-01],
        ...,
        [-9.11348966e-01, -8.67136956e-01, -8.11909150e-01, ...,
          0.00000000e+00, -1.13030220e-01, -2.27522995e-01],
        [-9.52035784e-01, -9.17876889e-01, -8.72691284e-01, ...,
          1.13030220e-01,  0.00000000e+00, -1.15999181e-01],
        [-9.81103092e-01, -9.57716628e-01, -9.23439212e-01, ...,
          2.27522995e-01,  1.15999181e-01,  0.00000000e+00]],

       [[ 0.00000000e+00,  1.64844712e-02,  3.17579057e-02, ...,
          1.52834470e-01,  6.11064050e-02, -1.95132173e-02],
        [-1.64844712e-02,  0.00000000e+00,  1.52774341e-02, ...,
          1.36522895e-01,  4.46444359e-02, -3.59918984e-02],
        [-3.17579057e-02, -1.52774341e-02,  0.00000000e+00, ...,
          1.21372571e-01,  2.93770240e-02, -5.12552335e-02],
        ...,
        [-1.52834470e-01, -1.36522895e-01, -1.21372571e-01, ...,
          0.00000000e+00, -9.21603471e-02, -1.72089342e-01],
        [-6.11064050e-02, -4.46444359e-02, -2.93770240e-02, ...,
          9.21603471e-02,  0.00000000e+00, -8.05715223e-02],
        [ 1.95132173e-02,  3.59918984e-02,  5.12552335e-02, ...,
          1.72089342e-01,  8.05715223e-02,  0.00000000e+00]]]), 'num': array([ 9.89178144e-01,  1.41798206e-01,  8.63791986e-06, -2.39287123e-07,
        9.73999929e-03,  9.80949980e-03,  9.68042743e-03,  2.35888684e-02,
        9.92864352e-06,  9.75985658e-03,  1.09051256e-02,  1.06905014e-02,
        5.85851636e-07,  1.33871854e-02,  8.42306580e-03])}
{'img': array([[[ 0.00000000e+00, -4.17984133e-02, -3.62730246e-01, ...,
          6.04127237e-01,  5.99832356e-01,  6.04127237e-01],
        [ 4.17984133e-02,  0.00000000e+00, -3.23461544e-01, ...,
          6.36907918e-01,  6.32752126e-01,  6.36907918e-01],
        [ 3.62730246e-01,  3.23461544e-01,  0.00000000e+00, ...,
          8.52037992e-01,  8.49210077e-01,  8.52037992e-01],
        ...,
        [-6.04127237e-01, -6.36907918e-01, -8.52037992e-01, ...,
          0.00000000e+00, -5.37860259e-03,  0.00000000e+00],
        [-5.99832356e-01, -6.32752126e-01, -8.49210077e-01, ...,
          5.37860259e-03,  0.00000000e+00,  5.37860259e-03],
        [-6.04127237e-01, -6.36907918e-01, -8.52037992e-01, ...,
          0.00000000e+00, -5.37860259e-03,  0.00000000e+00]],

       [[ 0.00000000e+00, -1.16068334e-01, -1.84418967e-02, ...,
          1.21476178e-01, -5.80225900e-02, -1.89051914e-01],
        [ 1.16068334e-01,  0.00000000e+00,  9.77313421e-02, ...,
          2.35863921e-01,  5.82423612e-02, -7.37988711e-02],
        [ 1.84418967e-02, -9.77313421e-02,  0.00000000e+00, ...,
          1.39760842e-01, -3.96018952e-02, -1.70910427e-01],
        ...,
        [-1.21476178e-01, -2.35863921e-01, -1.39760842e-01, ...,
          0.00000000e+00, -1.78864418e-01, -3.06937471e-01],
        [ 5.80225900e-02, -5.82423612e-02,  3.96018952e-02, ...,
          1.78864418e-01,  0.00000000e+00, -1.31757138e-01],
        [ 1.89051914e-01,  7.37988711e-02,  1.70910427e-01, ...,
          3.06937471e-01,  1.31757138e-01,  0.00000000e+00]],

       [[ 0.00000000e+00, -7.96932696e-02, -2.23084655e-01, ...,
          6.06644429e-01,  5.90489152e-01,  5.73937563e-01],
        [ 7.96932696e-02,  0.00000000e+00, -1.44690194e-01, ...,
          6.68068977e-01,  6.52927163e-01,  6.37372860e-01],
        [ 2.23084655e-01,  1.44690194e-01,  0.00000000e+00, ...,
          7.68702771e-01,  7.55647763e-01,  7.42157620e-01],
        ...,
        [-6.06644429e-01, -6.68068977e-01, -7.68702771e-01, ...,
          0.00000000e+00, -2.01665963e-02, -4.05155198e-02],
        [-5.90489152e-01, -6.52927163e-01, -7.55647763e-01, ...,
          2.01665963e-02,  0.00000000e+00, -2.03572425e-02],
        [-5.73937563e-01, -6.37372860e-01, -7.42157620e-01, ...,
          4.05155198e-02,  2.03572425e-02,  0.00000000e+00]],

       ...,

       [[ 0.00000000e+00,  1.05785614e-02, -1.95519237e-01, ...,
         -6.74824020e-01, -6.75421222e-01, -6.65485577e-01],
        [-1.05785614e-02,  0.00000000e+00, -2.05882690e-01, ...,
         -6.82593013e-01, -6.83184401e-01, -6.73344292e-01],
        [ 1.95519237e-01,  2.05882690e-01,  0.00000000e+00, ...,
         -5.17510797e-01, -5.18203332e-01, -5.06703965e-01],
        ...,
        [ 6.74824020e-01,  6.82593013e-01,  5.17510797e-01, ...,
          0.00000000e+00, -8.09540837e-04,  1.25817026e-02],
