state_0,state_1,state_2,state_3,state_4,state_5,state_6,state_7,state_8,state_9,state_10,state_11,state_12,state_13,state_14,state_15,state_16,state_17,state_18,state_19,state_20,state_21,state_22,state_23,state_24,state_25,state_26,state_27,state_28,state_29,state_30,state_31,state_32,state_33,state_34,state_35,state_36,state_37,state_38,state_39,state_40,state_41,state_42,state_43,state_44,state_45,state_46,state_47,state_48,state_49,state_50,state_51,state_52,state_53,state_54,state_55,state_56,state_57,state_58,state_59,state_60,state_61,state_62,state_63,state_64,state_65,state_66,state_67,state_68,state_69,state_70,state_71,state_72,state_73,state_74,state_75,state_76,state_77,state_78,state_79,state_80,state_81,state_82,state_83,state_84,state_85,state_86,state_87,state_88,state_89,state_90,state_91,state_92,state_93,state_94,state_95,state_96,state_97,state_98,state_99,state_100,state_101,state_102,state_103,state_104,state_105,state_106,state_107,state_108,state_109,state_110,state_111,state_112,state_113,state_114,state_115,state_116,state_117,state_118,state_119,state_120,state_121,state_122,state_123,state_124,state_125,state_126,state_127,state_128,state_129,state_130,state_131,state_132,state_133,state_134,state_135,state_136,state_137,state_138,state_139,state_140,state_141,state_142,state_143,state_144,state_145,state_146,state_147,state_148,state_149,state_150,state_151,state_152,state_153,state_154,state_155,state_156,state_157,state_158,state_159,state_160,state_161,state_162,state_163,state_164,state_165,state_166,state_167,state_168,state_169,state_170,state_171,state_172,state_173,state_174,state_175,state_176,state_177,state_178,state_179,state_180,state_181,state_182,state_183,state_184,state_185,state_186,state_187,state_188,state_189,state_190,state_191,state_192,state_193,state_194,state_195,state_196,state_197,state_198,state_199,state_200,state_201,state_202,state_203,state_204,state_205,state_206,state_207,state_208,state_209,state_210,state_211,state_212,state_213,state_214,state_215,state_216,state_217,state_218,state_219,state_220,state_221,state_222,state_223,state_224,state_225,state_226,state_227,state_228,state_229,state_230,state_231,state_232,state_233,state_234,state_235,state_236,state_237,state_238,state_239,state_240,state_241,state_242,state_243,state_244,state_245,state_246,state_247,state_248,state_249,state_250,state_251,state_252,state_253,state_254,state_255,state_256,state_257,state_258,state_259,state_260,state_261,state_262,state_263,state_264,state_265,state_266,state_267,state_268,state_269,state_270,state_271,state_272,state_273,state_274,state_275,state_276,state_277,state_278,state_279,state_280,state_281,state_282,state_283,state_284,state_285,state_286,state_287
{'img': array([[[ 0.00000000e+00,  2.76303064e-01, -5.46956923e-01, ...,
          9.87314733e-01,  9.36696313e-01,  9.94609555e-01],
        [-2.76303064e-01,  0.00000000e+00, -7.56974276e-01, ...,
          9.05009000e-01,  8.03485705e-01,  9.27239805e-01],
        [ 5.46956923e-01,  7.56974276e-01,  0.00000000e+00, ...,
          9.13384432e-01,  9.75678447e-01,  8.89362620e-01],
        ...,
        [-9.87314733e-01, -9.05009000e-01, -9.13384432e-01, ...,
          0.00000000e+00, -1.96976893e-01,  5.55437989e-02],
        [-9.36696313e-01, -8.03485705e-01, -9.75678447e-01, ...,
          1.96976893e-01,  0.00000000e+00,  2.51128402e-01],
        [-9.94609555e-01, -9.27239805e-01, -8.89362620e-01, ...,
         -5.55437989e-02, -2.51128402e-01,  0.00000000e+00]],

       [[ 0.00000000e+00, -4.65119963e-02, -5.05352365e-02, ...,
         -1.27090768e-01,  3.53328715e-04, -1.99172849e-01],
        [ 4.65119963e-02,  0.00000000e+00, -4.02797696e-03, ...,
         -8.08183867e-02,  4.68649397e-02, -1.53377191e-01],
        [ 5.05352365e-02,  4.02797696e-03,  0.00000000e+00, ...,
         -7.68029302e-02,  5.08881106e-02, -1.49395630e-01],
        ...,
        [ 1.27090768e-01,  8.08183867e-02,  7.68029302e-02, ...,
          0.00000000e+00,  1.27441223e-01, -7.30133493e-02],
        [-3.53328715e-04, -4.68649397e-02, -5.08881106e-02, ...,
         -1.27441223e-01,  0.00000000e+00, -1.99519086e-01],
        [ 1.99172849e-01,  1.53377191e-01,  1.49395630e-01, ...,
          7.30133493e-02,  1.99519086e-01,  0.00000000e+00]],

       [[ 0.00000000e+00, -1.47648719e-01, -6.49133211e-01, ...,
          9.98482618e-01,  9.89953161e-01,  9.80876013e-01],
        [ 1.47648719e-01,  0.00000000e+00, -5.29705972e-01, ...,
          9.79408427e-01,  9.99980033e-01,  9.98862885e-01],
        [ 6.49133211e-01,  5.29705972e-01,  0.00000000e+00, ...,
          7.23774189e-01,  8.44817005e-01,  8.72470763e-01],
        ...,
        [-9.98482618e-01, -9.79408427e-01, -7.23774189e-01, ...,
          0.00000000e+00, -1.95695655e-01, -2.48352955e-01],
        [-9.89953161e-01, -9.99980033e-01, -8.44817005e-01, ...,
          1.95695655e-01,  0.00000000e+00, -5.39865371e-02],
        [-9.80876013e-01, -9.98862885e-01, -8.72470763e-01, ...,
          2.48352955e-01,  5.39865371e-02,  0.00000000e+00]],

       ...,

       [[ 0.00000000e+00,  5.40536900e-01,  3.64253726e-01, ...,
          9.54601588e-01,  9.91944721e-01,  9.70731835e-01],
        [-5.40536900e-01,  0.00000000e+00, -1.96947823e-01, ...,
          9.64143840e-01,  9.03013861e-01,  9.46514988e-01],
        [-3.64253726e-01,  1.96947823e-01,  0.00000000e+00, ...,
          9.97526146e-01,  9.69938438e-01,  9.91523673e-01],
        ...,
        [-9.54601588e-01, -9.64143840e-01, -9.97526146e-01, ...,
          0.00000000e+00, -1.74565189e-01, -5.99041575e-02],
        [-9.91944721e-01, -9.03013861e-01, -9.69938438e-01, ...,
          1.74565189e-01,  0.00000000e+00,  1.15267327e-01],
        [-9.70731835e-01, -9.46514988e-01, -9.91523673e-01, ...,
          5.99041575e-02, -1.15267327e-01,  0.00000000e+00]],

       [[ 0.00000000e+00, -7.20804845e-02, -5.54051611e-02, ...,
          7.22133319e-01,  5.61540747e-01,  5.05054417e-01],
        [ 7.20804845e-02,  0.00000000e+00,  1.67087234e-02, ...,
          7.70116876e-01,  6.19723009e-01,  5.65952444e-01],
        [ 5.54051611e-02, -1.67087234e-02,  0.00000000e+00, ...,
          7.59350826e-01,  6.06523145e-01,  5.52098132e-01],
        ...,
        [-7.22133319e-01, -7.70116876e-01, -7.59350826e-01, ...,
          0.00000000e+00, -2.09080548e-01, -2.73890876e-01],
        [-5.61540747e-01, -6.19723009e-01, -6.06523145e-01, ...,
          2.09080548e-01,  0.00000000e+00, -6.67519857e-02],
        [-5.05054417e-01, -5.65952444e-01, -5.52098132e-01, ...,
          2.73890876e-01,  6.67519857e-02,  0.00000000e+00]],

       [[ 0.00000000e+00, -2.37660853e-01, -7.34199434e-01, ...,
          8.39171545e-01,  9.38930356e-01,  9.63860079e-01],
        [ 2.37660853e-01,  0.00000000e+00, -5.51807295e-01, ...,
          9.44383619e-01,  9.93809126e-01,  8.72928762e-01],
        [ 7.34199434e-01,  5.51807295e-01,  0.00000000e+00, ...,
          9.69048690e-01,  8.90114949e-01,  4.58799918e-01],
        ...,
        [-8.39171545e-01, -9.44383619e-01, -9.69048690e-01, ...,
          0.00000000e+00,  2.21888069e-01,  7.47774358e-01],
        [-9.38930356e-01, -9.93809126e-01, -8.90114949e-01, ...,
         -2.21888069e-01,  0.00000000e+00,  5.81810709e-01],
        [-9.63860079e-01, -8.72928762e-01, -4.58799918e-01, ...,
         -7.47774358e-01, -5.81810709e-01,  0.00000000e+00]]]), 'num': array([ 7.07086310e-01,  7.07086310e-01,  0.00000000e+00,  0.00000000e+00,
        2.67778694e-03,  2.71811505e-03,  2.65090153e-03,  1.29716731e-03,
       -2.68854110e-05,  2.67509840e-03,  2.68235746e-03,  2.36121122e-03,
        1.52064647e-06,  3.07942540e-03,  2.28528952e-03])}
{'img': array([[[ 0.        , -0.75697428,  0.48661483, ...,  0.80348571,
          0.9272398 ,  0.90886818],
        [ 0.75697428,  0.        ,  0.97928118, ...,  0.97567845,
          0.88936262,  0.90961654],
        [-0.48661483, -0.97928118,  0.        , ...,  0.41224496,
          0.62783038,  0.59104334],
        ...,
        [-0.80348571, -0.97567845, -0.41224496, ...,  0.        ,
          0.2511284 ,  0.20595047],
        [-0.9272398 , -0.88936262, -0.62783038, ..., -0.2511284 ,
          0.        , -0.04639428],
        [-0.90886818, -0.90961654, -0.59104334, ..., -0.20595047,
          0.04639428,  0.        ]],

       [[ 0.        , -0.00402798,  0.00319318, ...,  0.04686494,
         -0.15337719, -0.44123076],
        [ 0.00402798,  0.        ,  0.00722111, ...,  0.05088811,
         -0.14939563, -0.4376125 ],
        [-0.00319318, -0.00722111,  0.        , ...,  0.04367503,
         -0.1565318 , -0.44409405],
        ...,
        [-0.04686494, -0.05088811, -0.04367503, ...,  0.        ,
         -0.19951909, -0.48280225],
        [ 0.15337719,  0.14939563,  0.1565318 , ...,  0.19951909,
          0.        , -0.29837027],
        [ 0.44123076,  0.4376125 ,  0.44409405, ...,  0.48280225,
          0.29837027,  0.        ]],

       [[ 0.        , -0.52970597, -0.16263175, ...,  0.99998003,
          0.99886289,  0.99545191],
        [ 0.52970597,  0.        ,  0.38471269, ...,  0.844817  ,
          0.87247076,  0.8947864 ],
        [ 0.16263175, -0.38471269,  0.        , ...,  0.98563941,
          0.99331838,  0.99769248],
        ...,
        [-0.99998003, -0.844817  , -0.98563941, ...,  0.        ,
         -0.05398654, -0.10155413],
        [-0.99886289, -0.87247076, -0.99331838, ...,  0.05398654,
          0.        , -0.0476986 ],
        [-0.99545191, -0.8947864 , -0.99769248, ...,  0.10155413,
          0.0476986 ,  0.        ]],

       ...,

       [[ 0.        , -0.42151849,  0.7563959 , ...,  0.94296541,
          0.97582442,  0.98012743],
        [ 0.42151849,  0.        ,  0.96163597, ...,  0.99541931,
          0.97702229,  0.97241512],
        [-0.7563959 , -0.96163597,  0.        , ...,  0.36500977,
          0.47298567,  0.49106975],
        ...,
        [-0.94296541, -0.99541931, -0.36500977, ...,  0.        ,
          0.1187522 ,  0.13922035],
        [-0.97582442, -0.97702229, -0.47298567, ..., -0.1187522 ,
          0.        ,  0.02063949],
        [-0.98012743, -0.97241512, -0.49106975, ..., -0.13922035,
         -0.02063949,  0.        ]],

       [[ 0.        ,  0.01670872, -0.10270924, ...,  0.61972301,
          0.56595244,  0.54401122],
        [-0.01670872,  0.        , -0.11931526, ...,  0.60652314,
          0.55209813,  0.52991536],
        [ 0.10270924,  0.11931526,  0.        , ...,  0.69705388,
          0.64763675,  0.62731524],
        ...,
        [-0.61972301, -0.60652314, -0.69705388, ...,  0.        ,
         -0.06675199, -0.09304468],
        [-0.56595244, -0.55209813, -0.64763675, ...,  0.06675199,
          0.        , -0.02637475],
        [-0.54401122, -0.52991536, -0.62731524, ...,  0.09304468,
          0.02637475,  0.        ]],

       [[ 0.        , -0.53546429, -0.54340949, ...,  0.97216284,
          0.99795411,  0.85618812],
        [ 0.53546429,  0.        , -0.00943576, ...,  0.9465104 ,
          0.80859551,  0.44644519],
        [ 0.54340949,  0.00943576,  0.        , ...,  0.9434236 ,
          0.80300784,  0.43798209],
        ...,
        [-0.97216284, -0.9465104 , -0.9434236 , ...,  0.        ,
          0.29598137,  0.70289197],
        [-0.99795411, -0.80859551, -0.80300784, ..., -0.29598137,
          0.        ,  0.46086744],
        [-0.85618812, -0.44644519, -0.43798209, ..., -0.70289197,
         -0.46086744,  0.        ]]]), 'num': array([ 7.42932740e-01,  6.69316496e-01,  7.33960552e-07, -3.93921501e-11,
        2.83139398e-03,  2.83986275e-03,  2.78340425e-03,  2.04501170e-03,
        1.97604764e-05,  2.79356678e-03,  2.83012366e-03,  2.49160788e-03,
        1.58789542e-06,  3.22976244e-03,  2.43048488e-03])}
{'img': array([[[ 0.        ,  0.97928118,  0.99999782, ...,  0.88936262,
          0.90961654,  0.89569129],
        [-0.97928118,  0.        ,  0.20454921, ...,  0.62783038,
          0.59104334,  0.6168454 ],
        [-0.99999782, -0.20454921,  0.        , ...,  0.4553448 ,
          0.41354896,  0.44280552],
        ...,
        [-0.88936262, -0.62783038, -0.4553448 , ...,  0.        ,
         -0.04639428, -0.01403373],
        [-0.90961654, -0.59104334, -0.41354896, ...,  0.04639428,
          0.        ,  0.0323711 ],
        [-0.89569129, -0.6168454 , -0.44280552, ...,  0.01403373,
         -0.0323711 ,  0.        ]],

       [[ 0.        ,  0.00722111, -0.05167842, ..., -0.14939563,
         -0.4376125 , -0.23792272],
        [-0.00722111,  0.        , -0.05888853, ..., -0.1565318 ,
         -0.44409405, -0.24493027],
        [ 0.05167842,  0.05888853,  0.        , ..., -0.09809755,
         -0.3905604 , -0.18741038],
        ...,
        [ 0.14939563,  0.1565318 ,  0.09809755, ...,  0.        ,
         -0.29837027, -0.09014704],
        [ 0.4376125 ,  0.44409405,  0.3905604 , ...,  0.29837027,
          0.        ,  0.21111459],
        [ 0.23792272,  0.24493027,  0.18741038, ...,  0.09014704,
         -0.21111459,  0.        ]],

       [[ 0.        ,  0.38471269,  0.65888877, ...,  0.87247076,
          0.8947864 ,  0.90843393],
        [-0.38471269,  0.        ,  0.31878188, ...,  0.99331838,
          0.99769248,  0.99933841],
        [-0.65888877, -0.31878188,  0.        , ...,  0.97828449,
          0.96728465,  0.95879494],
        ...,
        [-0.87247076, -0.99331838, -0.97828449, ...,  0.        ,
         -0.0476986 , -0.07920345],
        [-0.8947864 , -0.99769248, -0.96728465, ...,  0.0476986 ,
          0.        , -0.03156454],
        [-0.90843393, -0.99933841, -0.95879494, ...,  0.07920345,
          0.03156454,  0.        ]],

       ...,

       [[ 0.        ,  0.96163597,  0.98903804, ...,  0.97702229,
          0.97241512,  0.97453084],
        [-0.96163597,  0.        ,  0.12932553, ...,  0.47298567,
          0.49106975,  0.48299209],
        [-0.98903804, -0.12932553,  0.        , ...,  0.35506877,
          0.37428776,  0.36569539],
        ...,
        [-0.97702229, -0.47298567, -0.35506877, ...,  0.        ,
          0.02063949,  0.01139196],
        [-0.97241512, -0.49106975, -0.37428776, ..., -0.02063949,
          0.        , -0.00924862],
        [-0.97453084, -0.48299209, -0.36569539, ..., -0.01139196,
          0.00924862,  0.        ]],

       [[ 0.        , -0.11931526, -0.17955184, ...,  0.55209813,
          0.52991536,  0.50942191],
        [ 0.11931526,  0.        , -0.06089298, ...,  0.64763675,
          0.62731524,  0.60845561],
        [ 0.17955184,  0.06089298,  0.        , ...,  0.69283229,
          0.67357248,  0.65565043],
        ...,
        [-0.55209813, -0.64763675, -0.69283229, ...,  0.        ,
         -0.02637475, -0.05034441],
        [-0.52991536, -0.62731524, -0.67357248, ...,  0.02637475,
          0.        , -0.02398559],
        [-0.50942191, -0.60845561, -0.65565043, ...,  0.05034441,
          0.02398559,  0.        ]],

       [[ 0.        , -0.0091684 ,  0.01008375, ...,  0.89777959,
          0.79276935,  0.43506121],
        [ 0.0091684 ,  0.        ,  0.01925127, ...,  0.89370368,
          0.78714769,  0.42678769],
        [-0.01008375, -0.01925127,  0.        , ...,  0.90217528,
          0.79887531,  0.44411851],
        ...,
        [-0.89777959, -0.89370368, -0.90217528, ...,  0.        ,
          0.19804487,  0.61674099],
        [-0.79276935, -0.78714769, -0.79887531, ..., -0.19804487,
          0.        ,  0.44863095],
        [-0.43506121, -0.42678769, -0.44411851, ..., -0.61674099,
         -0.44863095,  0.        ]]]), 'num': array([ 7.82209036e-01,  6.22954123e-01,  1.68523718e-06,  1.99166474e-09,
        2.84383774e-03,  3.02740822e-03,  2.84383774e-03,  2.86297722e-03,
       -1.74542422e-04,  2.94856319e-03,  3.02575308e-03,  2.67059937e-03,
        1.41244547e-06,  3.42950216e-03,  2.62200399e-03])}
{'img': array([[[ 0.        ,  0.26948527, -0.10999633, ...,  0.71060569,
          0.73672689,  0.49960569],
        [-0.26948527,  0.        , -0.37377699, ...,  0.49470921,
          0.52724796,  0.24768013],
        [ 0.10999633,  0.37377699,  0.        , ...,  0.7836861 ,
          0.80663489,  0.59185872],
        ...,
        [-0.71060569, -0.49470921, -0.7836861 , ...,  0.        ,
          0.03784926, -0.26404646],
        [-0.73672689, -0.52724796, -0.80663489, ..., -0.03784926,
          0.        , -0.30036325],
        [-0.49960569, -0.24768013, -0.59185872, ...,  0.26404646,
          0.30036325,  0.        ]],

       [[ 0.        , -0.05888853,  0.02839093, ..., -0.44409405,
         -0.24493027, -0.12535218],
        [ 0.05888853,  0.        ,  0.08720645, ..., -0.3905604 ,
         -0.18741038, -0.06671061],
        [-0.02839093, -0.08720645,  0.        , ..., -0.46935274,
         -0.27235769, -0.15346864],
        ...,
        [ 0.44409405,  0.3905604 ,  0.46935274, ...,  0.        ,
          0.21111459,  0.3282781 ],
        [ 0.24493027,  0.18741038,  0.27235769, ..., -0.21111459,
          0.        ,  0.12146429],
        [ 0.12535218,  0.06671061,  0.15346864, ..., -0.3282781 ,
         -0.12146429,  0.        ]],

       [[ 0.        ,  0.56895534,  0.73741623, ...,  0.90550195,
          0.91879422,  0.94006011],
        [-0.56895534,  0.        ,  0.22213343, ...,  0.98608791,
          0.98017499,  0.96709451],
        [-0.73741623, -0.22213343,  0.        , ...,  0.92452772,
          0.91167444,  0.88641829],
        ...,
        [-0.90550195, -0.98608791, -0.92452772, ...,  0.        ,
         -0.0324481 , -0.09012298],
        [-0.91879422, -0.98017499, -0.91167444, ...,  0.0324481 ,
          0.        , -0.05775947],
        [-0.94006011, -0.96709451, -0.88641829, ...,  0.09012298,
          0.05775947,  0.        ]],

       ...,

       [[ 0.        ,  0.20265669,  0.08249806, ...,  0.66290934,
          0.65406317,  0.34421559],
        [-0.20265669,  0.        , -0.12117967, ...,  0.49742488,
          0.48719365,  0.1468006 ],
        [-0.08249806,  0.12117967,  0.        , ...,  0.59888337,
          0.58942879,  0.26558558],
        ...,
        [-0.66290934, -0.49742488, -0.59888337, ...,  0.        ,
         -0.01175422, -0.36468528],
        [-0.65406317, -0.48719365, -0.58942879, ...,  0.01175422,
          0.        , -0.35371537],
        [-0.34421559, -0.1468006 , -0.26558558, ...,  0.36468528,
          0.35371537,  0.        ]],

       [[ 0.        , -0.06089298, -0.13383501, ...,  0.62731524,
          0.60845561,  0.54741402],
        [ 0.06089298,  0.        , -0.07324148, ...,  0.67357248,
          0.65565043,  0.5973572 ],
        [ 0.13383501,  0.07324148,  0.        , ...,  0.72589775,
          0.70919156,  0.6544907 ],
        ...,
        [-0.62731524, -0.67357248, -0.72589775, ...,  0.        ,
         -0.02398559, -0.09866913],
        [-0.60845561, -0.65565043, -0.70919156, ...,  0.02398559,
          0.        , -0.07477219],
        [-0.54741402, -0.5973572 , -0.6544907 , ...,  0.09866913,
          0.07477219,  0.        ]],

       [[ 0.        ,  0.0187647 , -0.04226201, ...,  0.87599548,
          0.76418676,  0.41701571],
        [-0.0187647 ,  0.        , -0.0610025 , ...,  0.88489181,
          0.77615534,  0.4339975 ],
        [ 0.04226201,  0.0610025 ,  0.        , ...,  0.85482904,
          0.73624522,  0.37823122],
        ...,
        [-0.87599548, -0.88489181, -0.85482904, ...,  0.        ,
          0.1964307 ,  0.59505692],
        [-0.76418676, -0.77615534, -0.73624522, ..., -0.1964307 ,
          0.        ,  0.42559573],
        [-0.41701571, -0.4339975 , -0.37823122, ..., -0.59505692,
         -0.42559573,  0.        ]]]), 'num': array([ 7.64521449e-01,  6.44542500e-01,  1.22929251e-06, -3.44510171e-08,
        2.85664163e-03,  2.87420295e-03,  2.76590814e-03,  2.51519100e-03,
        9.07334945e-05,  2.88356899e-03,  2.95161911e-03,  2.60366104e-03,
        1.32028051e-06,  3.32801028e-03,  2.57522794e-03])}
{'img': array([[[ 0.        , -0.37377699, -0.46965632, ...,  0.52724796,
          0.24768013,  0.39986369],
        [ 0.37377699,  0.        , -0.1056262 , ...,  0.80663489,
          0.59185872,  0.71347552],
        [ 0.46965632,  0.1056262 ,  0.        , ...,  0.86455287,
          0.67368694,  0.78349445],
        ...,
        [-0.52724796, -0.80663489, -0.86455287, ...,  0.        ,
         -0.30036325, -0.14349333],
        [-0.24768013, -0.59185872, -0.67368694, ...,  0.30036325,
          0.        ,  0.16038736],
        [-0.39986369, -0.71347552, -0.78349445, ...,  0.14349333,
         -0.16038736,  0.        ]],

       [[ 0.        ,  0.08720645,  0.02801099, ..., -0.18741038,
         -0.06671061, -0.1120008 ],
        [-0.08720645,  0.        , -0.05926795, ..., -0.27235769,
         -0.15346864, -0.19823186],
        [-0.02801099,  0.05926795,  0.        , ..., -0.21485153,
         -0.09463303, -0.1397916 ],
        ...,
        [ 0.18741038,  0.27235769,  0.21485153, ...,  0.        ,
          0.12146429,  0.07621488],
        [ 0.06671061,  0.15346864,  0.09463303, ..., -0.12146429,
          0.        , -0.04546043],
        [ 0.1120008 ,  0.19823186,  0.1397916 , ..., -0.07621488,
          0.04546043,  0.        ]],

       [[ 0.        ,  0.54451902,  0.66177879, ...,  0.94195467,
          0.96093476,  0.95097559],
        [-0.54451902,  0.        ,  0.14684052, ...,  0.97287992,
          0.95669182,  0.96603054],
        [-0.66177879, -0.14684052,  0.        , ...,  0.92836828,
          0.90357579,  0.91761124],
        ...,
        [-0.94195467, -0.97287992, -0.92836828, ...,  0.        ,
         -0.06191483, -0.02796611],
        [-0.96093476, -0.95669182, -0.90357579, ...,  0.06191483,
          0.        ,  0.03397816],
        [-0.95097559, -0.96603054, -0.91761124, ...,  0.02796611,
         -0.03397816,  0.        ]],

       ...,

       [[ 0.        , -0.12117967, -0.05590422, ...,  0.48719365,
          0.1468006 ,  0.07174156],
        [ 0.12117967,  0.        ,  0.06549792, ...,  0.58942879,
          0.26558558,  0.19208028],
        [ 0.05590422, -0.06549792,  0.        , ...,  0.53525256,
          0.20186958,  0.12738954],
        ...,
        [-0.48719365, -0.58942879, -0.53525256, ...,  0.        ,
         -0.35371537, -0.4232868 ],
        [-0.1468006 , -0.26558558, -0.20186958, ...,  0.35371537,
          0.        , -0.07545801],
        [-0.07174156, -0.19208028, -0.12738954, ...,  0.4232868 ,
          0.07545801,  0.        ]],

       [[ 0.        , -0.07324148, -0.14554129, ...,  0.65565043,
          0.5973572 ,  0.56678583],
        [ 0.07324148,  0.        , -0.07268878, ...,  0.70919156,
          0.6544907 ,  0.62560469],
        [ 0.14554129,  0.07268878,  0.        , ...,  0.75856226,
          0.70771717,  0.6806572 ],
        ...,
        [-0.65565043, -0.70919156, -0.75856226, ...,  0.        ,
         -0.07477219, -0.11220765],
        [-0.5973572 , -0.6544907 , -0.70771717, ...,  0.07477219,
          0.        , -0.03759355],
        [-0.56678583, -0.62560469, -0.6806572 , ...,  0.11220765,
          0.03759355,  0.        ]],

       [[ 0.        , -0.05978162, -0.15182238, ...,  0.85595355,
          0.73973568,  0.42608786],
        [ 0.05978162,  0.        , -0.09246222, ...,  0.8235124 ,
          0.69818574,  0.37124245],
        [ 0.15182238,  0.09246222,  0.        , ...,  0.76753098,
          0.6289996 ,  0.28379761],
        ...,
        [-0.85595355, -0.8235124 , -0.76753098, ...,  0.        ,
          0.19348669,  0.55405569],
        [-0.73973568, -0.69818574, -0.6289996 , ..., -0.19348669,
          0.        ,  0.38251192],
        [-0.42608786, -0.37124245, -0.28379761, ..., -0.55405569,
         -0.38251192,  0.        ]]]), 'num': array([ 9.99937739e-01,  2.17059800e-03,  9.93791973e-06, -2.58256277e-08,
        3.73695558e-03,  3.74067765e-03,  3.63273770e-03,  3.34651072e-03,
        1.04217885e-04,  3.66549189e-03,  3.76729043e-03,  3.31766470e-03,
        1.34277112e-06,  4.22701788e-03,  3.30756298e-03])}
{'img': array([[[ 0.        , -0.1056262 , -0.15469306, ...,  0.59185872,
          0.71347552,  0.80984156],
        [ 0.1056262 ,  0.        , -0.04947295, ...,  0.67368694,
          0.78349445,  0.8672767 ],
        [ 0.15469306,  0.04947295,  0.        , ...,  0.70942333,
          0.81327747,  0.89084363],
        ...,
        [-0.59185872, -0.67368694, -0.70942333, ...,  0.        ,
          0.16038736,  0.30555296],
        [-0.71347552, -0.78349445, -0.81327747, ..., -0.16038736,
          0.        ,  0.14888046],
        [-0.80984156, -0.8672767 , -0.89084363, ..., -0.30555296,
         -0.14888046,  0.        ]],

       [[ 0.        , -0.05926795, -0.25848534, ..., -0.15346864,
         -0.19823186, -0.17842321],
        [ 0.05926795,  0.        , -0.20077721, ..., -0.09463303,
         -0.1397916 , -0.11979263],
        [ 0.25848534,  0.20077721,  0.        , ...,  0.10717016,
          0.06186075,  0.08197812],
        ...,
        [ 0.15346864,  0.09463303, -0.10717016, ...,  0.        ,
         -0.04546043, -0.02530346],
        [ 0.19823186,  0.1397916 , -0.06186075, ...,  0.04546043,
          0.        ,  0.02016858],
        [ 0.17842321,  0.11979263, -0.08197812, ...,  0.02530346,
         -0.02016858,  0.        ]],

       [[ 0.        ,  0.15386496,  0.39263253, ...,  0.96358339,
          0.97216922,  0.97156926],
        [-0.15386496,  0.        ,  0.24644811, ...,  0.9109642 ,
          0.92454507,  0.92357132],
        [-0.39263253, -0.24644811,  0.        , ...,  0.78121016,
          0.80211373,  0.80058989],
        ...,
        [-0.96358339, -0.9109642 , -0.78121016, ...,  0.        ,
          0.03421775,  0.03167172],
        [-0.97216922, -0.92454507, -0.80211373, ..., -0.03421775,
          0.        , -0.00254741],
        [-0.97156926, -0.92357132, -0.80058989, ..., -0.03167172,
          0.00254741,  0.        ]],

       ...,

       [[ 0.        ,  0.06549792,  0.0189483 , ...,  0.26558558,
          0.19208028, -0.2442573 ],
        [-0.06549792,  0.        , -0.04657854, ...,  0.20186958,
          0.12738954, -0.30724682],
        [-0.0189483 ,  0.04657854,  0.        , ...,  0.24727008,
          0.17345033, -0.26258781],
        ...,
        [-0.26558558, -0.20186958, -0.24727008, ...,  0.        ,
         -0.07545801, -0.49302647],
        [-0.19208028, -0.12738954, -0.17345033, ...,  0.07545801,
          0.        , -0.4259713 ],
        [ 0.2442573 ,  0.30724682,  0.26258781, ...,  0.49302647,
          0.4259713 ,  0.        ]],

       [[ 0.        , -0.07268878, -0.17433176, ...,  0.6544907 ,
          0.62560469,  0.61055214],
        [ 0.07268878,  0.        , -0.1022949 , ...,  0.70771717,
          0.6806572 ,  0.66650481],
        [ 0.17433176,  0.1022949 ,  0.        , ...,  0.77627549,
          0.752028  ,  0.73926932],
        ...,
        [-0.6544907 , -0.70771717, -0.77627549, ...,  0.        ,
         -0.03759355, -0.05672077],
        [-0.62560469, -0.6806572 , -0.752028  , ...,  0.03759355,
          0.        , -0.01914765],
        [-0.61055214, -0.66650481, -0.73926932, ...,  0.05672077,
          0.01914765,  0.        ]],

       [[ 0.        , -0.09066719, -0.13777929, ...,  0.79833465,
          0.69105205,  0.36446374],
        [ 0.09066719,  0.        , -0.04740932, ...,  0.74044545,
          0.62267109,  0.27853172],
        [ 0.13777929,  0.04740932,  0.        , ...,  0.70774827,
          0.5848739 ,  0.23268534],
        ...,
        [-0.79833465, -0.74044545, -0.70774827, ...,  0.        ,
          0.160879  ,  0.52393807],
        [-0.69105205, -0.62267109, -0.5848739 , ..., -0.160879  ,
          0.        ,  0.38008361],
        [-0.36446374, -0.27853172, -0.23268534, ..., -0.52393807,
         -0.38008361,  0.        ]]]), 'num': array([9.99938539e-01, 2.12415553e-03, 9.72528638e-06, 7.82661122e-08,
       3.73713252e-03, 3.79905382e-03, 3.61328992e-03, 3.43532082e-03,
       8.01334459e-05, 3.60891901e-03, 3.70252944e-03, 3.25857801e-03,
       1.57975026e-06, 4.13578260e-03, 3.26927629e-03])}
{'img': array([[[ 0.        , -0.04947295, -0.30497826, ...,  0.78349445,
          0.8672767 ,  0.92170306],
        [ 0.04947295,  0.        , -0.25748878, ...,  0.81327747,
          0.89084363,  0.93976477],
        [ 0.30497826,  0.25748878,  0.        , ...,  0.93568136,
          0.97778527,  0.9960924 ],
        ...,
        [-0.78349445, -0.81327747, -0.93568136, ...,  0.        ,
          0.14888046,  0.26883062],
        [-0.8672767 , -0.89084363, -0.97778527, ..., -0.14888046,
          0.        ,  0.12243476],
        [-0.92170306, -0.93976477, -0.9960924 , ..., -0.26883062,
         -0.12243476,  0.        ]],

       [[ 0.        , -0.20077721,  0.1276248 , ..., -0.1397916 ,
         -0.11979263, -0.0985124 ],
        [ 0.20077721,  0.        ,  0.32416132, ...,  0.06186075,
          0.08197812,  0.10329421],
        [-0.1276248 , -0.32416132,  0.        , ..., -0.2650201 ,
         -0.24551879, -0.22471083],
        ...,
        [ 0.1397916 , -0.06186075,  0.2650201 , ...,  0.        ,
          0.02016858,  0.04156653],
        [ 0.11979263, -0.08197812,  0.24551879, ..., -0.02016858,
          0.        ,  0.02140693],
        [ 0.0985124 , -0.10329421,  0.22471083, ..., -0.04156653,
         -0.02140693,  0.        ]],

       [[ 0.        ,  0.24644811,  0.13615835, ...,  0.92454507,
          0.92357132,  0.93762365],
        [-0.24644811,  0.        , -0.11219428, ...,  0.80211373,
          0.80058989,  0.8230254 ],
        [-0.13615835,  0.11219428,  0.        , ...,  0.86404863,
          0.86276344,  0.88155592],
        ...,
        [-0.92454507, -0.80211373, -0.86404863, ...,  0.        ,
         -0.00254741,  0.03588288],
        [-0.92357132, -0.80058989, -0.86276344, ...,  0.00254741,
          0.        ,  0.03842853],
        [-0.93762365, -0.8230254 , -0.88155592, ..., -0.03588288,
         -0.03842853,  0.        ]],

       ...,

       [[ 0.        , -0.04657854, -0.05213632, ...,  0.12738954,
         -0.30724682,  0.05319506],
        [ 0.04657854,  0.        , -0.00556454, ...,  0.17345033,
         -0.26258781,  0.09964991],
        [ 0.05213632,  0.00556454,  0.        , ...,  0.17892783,
         -0.25721448,  0.10518521],
        ...,
        [-0.12738954, -0.17345033, -0.17892783, ...,  0.        ,
         -0.4259713 , -0.07444751],
        [ 0.30724682,  0.26258781,  0.25721448, ...,  0.4259713 ,
          0.        ,  0.35743381],
        [-0.05319506, -0.09964991, -0.10518521, ...,  0.07444751,
         -0.35743381,  0.        ]],

       [[ 0.        , -0.1022949 , -0.21095915, ...,  0.6806572 ,
          0.66650481,  0.66430192],
        [ 0.1022949 ,  0.        , -0.10985975, ...,  0.752028  ,
          0.73926932,  0.73727886],
        [ 0.21095915,  0.10985975,  0.        , ...,  0.81988804,
          0.80877524,  0.80703617],
        ...,
        [-0.6806572 , -0.752028  , -0.81988804, ...,  0.        ,
         -0.01914765, -0.02209803],
        [-0.66650481, -0.73926932, -0.80877524, ...,  0.01914765,
          0.        , -0.00295101],
        [-0.66430192, -0.73727886, -0.80703617, ...,  0.02209803,
          0.00295101,  0.        ]],

       [[ 0.        , -0.04651745, -0.19564787, ...,  0.73358262,
          0.61510785,  0.27347436],
        [ 0.04651745,  0.        , -0.14981762, ...,  0.70117523,
          0.57776563,  0.22843415],
        [ 0.19564787,  0.14981762,  0.        , ...,  0.58644321,
          0.44896322,  0.07999961],
        ...,
        [-0.73358262, -0.70117523, -0.58644321, ...,  0.        ,
          0.1603606 ,  0.51976469],
        [-0.61510785, -0.57776563, -0.44896322, ..., -0.1603606 ,
          0.        ,  0.37604057],
        [-0.27347436, -0.22843415, -0.07999961, ..., -0.51976469,
         -0.37604057,  0.        ]]]), 'num': array([ 9.99940622e-01,  2.17709540e-03,  9.96766760e-06,  1.63596451e-07,
        3.73694205e-03,  3.78547376e-03,  3.69214354e-03,  1.81448882e-03,
       -9.33302210e-05,  3.69737003e-03,  3.80955296e-03,  3.35142601e-03,
        1.28273763e-06,  4.22438940e-03,  3.39471652e-03])}
{'img': array([[[ 0.        , -0.25748878, -0.38821907, ...,  0.89084363,
          0.93976477,  0.88331666],
        [ 0.25748878,  0.        , -0.13783563, ...,  0.97778527,
          0.9960924 ,  0.97423712],
        [ 0.38821907,  0.13783563,  0.        , ...,  0.99734402,
          0.99875807,  0.99602368],
        ...,
        [-0.89084363, -0.97778527, -0.99734402, ...,  0.        ,
          0.12243476, -0.01630718],
        [-0.93976477, -0.9960924 , -0.99875807, ..., -0.12243476,
          0.        , -0.13860297],
        [-0.88331666, -0.97423712, -0.99602368, ...,  0.01630718,
          0.13860297,  0.        ]],

       [[ 0.        ,  0.32416132,  0.19705605, ...,  0.08197812,
          0.10329421, -0.21999591],
        [-0.32416132,  0.        , -0.13138986, ..., -0.24551879,
         -0.22471083, -0.52433616],
        [-0.19705605,  0.13138986,  0.        , ..., -0.11602207,
         -0.09473313, -0.40791061],
        ...,
        [-0.08197812,  0.24551879,  0.11602207, ...,  0.        ,
          0.02140693, -0.29922515],
        [-0.10329421,  0.22471083,  0.09473313, ..., -0.02140693,
          0.        , -0.3195827 ],
        [ 0.21999591,  0.52433616,  0.40791061, ...,  0.29922515,
          0.3195827 ,  0.        ]],

       [[ 0.        , -0.11219428, -0.35269698, ...,  0.80058989,
          0.8230254 ,  0.82155816],
        [ 0.11219428,  0.        , -0.24548575, ...,  0.86276344,
          0.88155592,  0.88033581],
        [ 0.35269698,  0.24548575,  0.        , ...,  0.96048256,
          0.9704693 ,  0.96984412],
        ...,
        [-0.80058989, -0.86276344, -0.96048256, ...,  0.        ,
          0.03842853,  0.03585197],
        [-0.8230254 , -0.88155592, -0.9704693 , ..., -0.03842853,
          0.        , -0.00257834],
        [-0.82155816, -0.88033581, -0.96984412, ..., -0.03585197,
          0.00257834,  0.        ]],

       ...,

       [[ 0.        , -0.00556454,  0.08188217, ..., -0.26258781,
          0.09964991, -0.36793246],
        [ 0.00556454,  0.        ,  0.08742676, ..., -0.25721448,
          0.10518521, -0.36275256],
        [-0.08188217, -0.08742676,  0.        , ..., -0.34071482,
          0.01784068, -0.44283529],
        ...,
        [ 0.26258781,  0.25721448,  0.34071482, ...,  0.        ,
          0.35743381, -0.11085307],
        [-0.09964991, -0.10518521, -0.01784068, ..., -0.35743381,
          0.        , -0.45876082],
        [ 0.36793246,  0.36275256,  0.44283529, ...,  0.11085307,
          0.45876082,  0.        ]],

       [[ 0.        , -0.10985975, -0.24537514, ...,  0.73926932,
          0.73727886,  0.70256484],
        [ 0.10985975,  0.        , -0.13738877, ...,  0.80877524,
          0.80703617,  0.77649065],
        [ 0.24537514,  0.13738877,  0.        , ...,  0.88190657,
          0.88051155,  0.85569996],
        ...,
        [-0.73926932, -0.80877524, -0.88190657, ...,  0.        ,
         -0.00295101, -0.05296453],
        [-0.73727886, -0.80703617, -0.88051155, ...,  0.00295101,
          0.        , -0.05001743],
        [-0.70256484, -0.77649065, -0.85569996, ...,  0.05296453,
          0.05001743,  0.        ]],

       [[ 0.        , -0.14631804, -0.22316175, ...,  0.7194819 ,
          0.61186165,  0.22316175],
        [ 0.14631804,  0.        , -0.07813189, ...,  0.61011903,
          0.48954412,  0.07813189],
        [ 0.22316175,  0.07813189,  0.        , ...,  0.54634926,
          0.41991828,  0.        ],
        ...,
        [-0.7194819 , -0.61011903, -0.54634926, ...,  0.        ,
          0.14414011,  0.54634926],
        [-0.61186165, -0.48954412, -0.41991828, ..., -0.14414011,
          0.        ,  0.41991828],
        [-0.22316175, -0.07813189, -0.        , ..., -0.54634926,
         -0.41991828,  0.        ]]]), 'num': array([9.99939635e-01, 2.13662620e-03, 9.78238244e-06, 6.75669925e-08,
       3.73708992e-03, 3.80303857e-03, 3.67114127e-03, 2.68253444e-03,
       6.96124593e-05, 3.68359824e-03, 3.75467623e-03, 3.30213418e-03,
       1.48729069e-06, 4.13441845e-03, 3.37493400e-03])}
{'img': array([[[ 0.        , -0.13783563, -0.15130123, ...,  0.9960924 ,
          0.97423712,  0.99250213],
        [ 0.13783563,  0.        , -0.01360826, ...,  0.99875807,
          0.99602368,  0.99987609],
        [ 0.15130123,  0.01360826,  0.        , ...,  0.99798759,
          0.99714379,  0.9995693 ],
        ...,
        [-0.9960924 , -0.99875807, -0.99798759, ...,  0.        ,
         -0.13860297, -0.0340947 ],
        [-0.97423712, -0.99602368, -0.99714379, ...,  0.13860297,
          0.        ,  0.10475677],
        [-0.99250213, -0.99987609, -0.9995693 , ...,  0.0340947 ,
         -0.10475677,  0.        ]],

       [[ 0.        , -0.13138986, -0.33735225, ..., -0.22471083,
         -0.52433616, -0.33322717],
        [ 0.13138986,  0.        , -0.21074007, ..., -0.09473313,
         -0.40791061, -0.20645787],
        [ 0.33735225,  0.21074007,  0.        , ...,  0.11718669,
         -0.20633951,  0.00437852],
        ...,
        [ 0.22471083,  0.09473313, -0.11718669, ...,  0.        ,
         -0.3195827 , -0.11283722],
        [ 0.52433616,  0.40791061,  0.20633951, ...,  0.3195827 ,
          0.        ,  0.21062183],
        [ 0.33322717,  0.20645787, -0.00437852, ...,  0.11283722,
         -0.21062183,  0.        ]],

       [[ 0.        , -0.24548575, -0.40507086, ...,  0.88155592,
          0.88033581,  0.92272608],
        [ 0.24548575,  0.        , -0.16823176, ...,  0.9704693 ,
          0.96984412,  0.98911488],
        [ 0.40507086,  0.16823176,  0.        , ...,  0.99721931,
          0.99702385,  0.99977201],
        ...,
        [-0.88155592, -0.9704693 , -0.99721931, ...,  0.        ,
         -0.00257834,  0.09579885],
        [-0.88033581, -0.96984412, -0.99702385, ...,  0.00257834,
          0.        ,  0.09836501],
        [-0.92272608, -0.98911488, -0.99977201, ..., -0.09579885,
         -0.09836501,  0.        ]],

       ...,

       [[ 0.        ,  0.08742676,  0.18364818, ...,  0.10518521,
         -0.36275256, -0.0210859 ],
        [-0.08742676,  0.        ,  0.09700518, ...,  0.01784068,
         -0.44283529, -0.10841248],
        [-0.18364818, -0.09700518,  0.        , ..., -0.0792332 ,
         -0.52772196, -0.20433462],
        ...,
        [-0.10518521, -0.01784068,  0.0792332 , ...,  0.        ,
         -0.45876082, -0.12613075],
        [ 0.36275256,  0.44283529,  0.52772196, ...,  0.45876082,
          0.        ,  0.34302227],
        [ 0.0210859 ,  0.10841248,  0.20433462, ...,  0.12613075,
         -0.34302227,  0.        ]],

       [[ 0.        , -0.13738877, -0.29676993, ...,  0.80703617,
          0.77649065,  0.75234058],
        [ 0.13738877,  0.        , -0.16275645, ...,  0.88051155,
          0.85569996,  0.83571448],
        [ 0.29676993,  0.16275645,  0.        , ...,  0.94592163,
          0.92851225,  0.91395131],
        ...,
        [-0.80703617, -0.88051155, -0.94592163, ...,  0.        ,
         -0.05001743, -0.08739612],
        [-0.77649065, -0.85569996, -0.92851225, ...,  0.05001743,
          0.        , -0.03746069],
        [-0.75234058, -0.83571448, -0.91395131, ...,  0.08739612,
          0.03746069,  0.        ]],

       [[ 0.        , -0.07638224,  0.14987824, ...,  0.62929813,
          0.48014899,  0.07638224],
        [ 0.07638224,  0.        ,  0.22495985, ...,  0.56809818,
          0.41174478,  0.        ],
        [-0.14987824, -0.22495985,  0.        , ...,  0.73866984,
          0.60619668,  0.22495985],
        ...,
        [-0.62929813, -0.56809818, -0.73866984, ...,  0.        ,
          0.17885761,  0.56809818],
        [-0.48014899, -0.41174478, -0.60619668, ..., -0.17885761,
          0.        ,  0.41174478],
        [-0.07638224, -0.        , -0.22495985, ..., -0.56809818,
