state_0,state_1,state_2,state_3,state_4,state_5,state_6,state_7,state_8,state_9,state_10,state_11,state_12,state_13,state_14,state_15,state_16,state_17,state_18,state_19,state_20,state_21,state_22,state_23,state_24,state_25,state_26,state_27,state_28,state_29,state_30,state_31,state_32,state_33,state_34,state_35,state_36,state_37,state_38,state_39,state_40,state_41,state_42,state_43,state_44,state_45,state_46,state_47,state_48,state_49,state_50,state_51,state_52,state_53,state_54,state_55,state_56,state_57,state_58,state_59,state_60,state_61,state_62,state_63,state_64,state_65,state_66,state_67,state_68,state_69,state_70,state_71,state_72,state_73,state_74,state_75,state_76,state_77,state_78,state_79,state_80,state_81,state_82,state_83,state_84,state_85,state_86,state_87,state_88,state_89,state_90,state_91,state_92,state_93,state_94,state_95,state_96,state_97,state_98,state_99,state_100,state_101,state_102,state_103,state_104,state_105,state_106,state_107,state_108,state_109,state_110,state_111,state_112,state_113,state_114,state_115,state_116,state_117,state_118,state_119,state_120,state_121,state_122,state_123,state_124,state_125,state_126,state_127,state_128,state_129,state_130,state_131,state_132,state_133,state_134,state_135,state_136,state_137,state_138,state_139,state_140,state_141,state_142,state_143,state_144,state_145,state_146,state_147,state_148,state_149,state_150,state_151,state_152,state_153,state_154,state_155,state_156,state_157,state_158,state_159,state_160,state_161,state_162,state_163,state_164,state_165,state_166,state_167,state_168,state_169,state_170,state_171,state_172,state_173,state_174,state_175,state_176,state_177,state_178,state_179,state_180,state_181,state_182,state_183,state_184,state_185,state_186,state_187,state_188,state_189,state_190,state_191,state_192,state_193,state_194,state_195,state_196,state_197,state_198,state_199,state_200,state_201,state_202,state_203,state_204,state_205,state_206,state_207,state_208,state_209,state_210,state_211,state_212,state_213,state_214,state_215,state_216,state_217,state_218,state_219,state_220,state_221,state_222,state_223,state_224,state_225,state_226,state_227,state_228,state_229,state_230,state_231,state_232,state_233,state_234,state_235,state_236,state_237,state_238,state_239,state_240,state_241,state_242,state_243,state_244,state_245,state_246,state_247,state_248,state_249,state_250,state_251,state_252,state_253,state_254,state_255,state_256,state_257,state_258,state_259,state_260,state_261,state_262,state_263,state_264,state_265,state_266,state_267,state_268,state_269,state_270,state_271,state_272,state_273,state_274,state_275,state_276,state_277,state_278,state_279,state_280,state_281,state_282,state_283,state_284,state_285,state_286,state_287
{'img': array([[[ 0.        , -0.05840105, -0.12402799, ..., -0.67924878,
         -0.47069356, -0.29210488],
        [ 0.05840105,  0.        , -0.06586618, ..., -0.72095044,
         -0.52141724, -0.34746027],
        [ 0.12402799,  0.06586618,  0.        , ..., -0.76502925,
         -0.5764887 , -0.40846812],
        ...,
        [ 0.67924878,  0.72095044,  0.76502925, ...,  0.        ,
         -0.25385318, -0.43524609],
        [ 0.47069356,  0.52141724,  0.5764887 , ...,  0.25385318,
          0.        , -0.19244168],
        [ 0.29210488,  0.34746027,  0.40846812, ...,  0.43524609,
          0.19244168,  0.        ]],

       [[ 0.        , -0.36452084, -0.1029778 , ..., -0.27130601,
         -0.09491634,  0.48535626],
        [ 0.36452084,  0.        ,  0.26669048, ...,  0.09820995,
          0.27448948,  0.77066801],
        [ 0.1029778 , -0.26669048,  0.        , ..., -0.17074822,
          0.00810115,  0.57281113],
        ...,
        [ 0.27130601, -0.09820995,  0.17074822, ...,  0.        ,
          0.17872481,  0.70435938],
        [ 0.09491634, -0.27448948, -0.00810115, ..., -0.17872481,
          0.        ,  0.56615192],
        [-0.48535626, -0.77066801, -0.57281113, ..., -0.70435938,
         -0.56615192,  0.        ]],

       [[ 0.        ,  0.07806492,  0.24057129, ..., -0.73115735,
         -0.64438329, -0.39553896],
        [-0.07806492,  0.        ,  0.16406487, ..., -0.67566948,
         -0.58272036, -0.32263322],
        [-0.24057129, -0.16406487,  0.        , ..., -0.54556446,
         -0.4414932 , -0.16297005],
        ...,
        [ 0.73115735,  0.67566948,  0.54556446, ...,  0.        ,
         -0.11951398, -0.4016907 ],
        [ 0.64438329,  0.58272036,  0.4414932 , ...,  0.11951398,
          0.        , -0.28936362],
        [ 0.39553896,  0.32263322,  0.16297005, ...,  0.4016907 ,
          0.28936362,  0.        ]],

       ...,

       [[ 0.        , -0.74814561, -0.97032844, ..., -0.26447955,
         -0.09405419, -0.        ],
        [ 0.74814561,  0.        , -0.46295185, ..., -0.89699644,
         -0.80723735, -0.74814561],
        [ 0.97032844,  0.46295185,  0.        , ..., -0.99972498,
         -0.98876847, -0.97032844],
        ...,
        [ 0.26447955,  0.89699644,  0.99972498, ...,  0.        ,
         -0.1726021 , -0.26447955],
        [ 0.09405419,  0.80723735,  0.98876847, ...,  0.1726021 ,
          0.        , -0.09405419],
        [ 0.        ,  0.74814561,  0.97032844, ...,  0.26447955,
          0.09405419,  0.        ]],

       [[ 0.        , -0.12932387, -0.2131705 , ..., -0.45169748,
         -0.35385235, -0.        ],
        [ 0.12932387,  0.        , -0.08502902, ..., -0.56328334,
         -0.47183763, -0.12932387],
        [ 0.2131705 ,  0.08502902,  0.        , ..., -0.6314998 ,
         -0.5450977 , -0.2131705 ],
        ...,
        [ 0.45169748,  0.56328334,  0.6314998 , ...,  0.        ,
         -0.10677638, -0.45169748],
        [ 0.35385235,  0.47183763,  0.5450977 , ...,  0.10677638,
          0.        , -0.35385235],
        [ 0.        ,  0.12932387,  0.2131705 , ...,  0.45169748,
          0.35385235,  0.        ]],

       [[ 0.        ,  0.09677481,  0.18955231, ..., -0.99312384,
         -0.99975248, -0.95529363],
        [-0.09677481,  0.        ,  0.09364226, ..., -0.9997917 ,
         -0.9929069 , -0.92219746],
        [-0.18955231, -0.09364226,  0.        , ..., -0.99730973,
         -0.97741043, -0.88193197],
        ...,
        [ 0.99312384,  0.9997917 ,  0.99730973, ...,  0.        ,
         -0.13913457, -0.4054605 ],
        [ 0.99975248,  0.9929069 ,  0.97741043, ...,  0.13913457,
          0.        , -0.27433212],
        [ 0.95529363,  0.92219746,  0.88193197, ...,  0.4054605 ,
          0.27433212,  0.        ]]]), 'num': array([ 7.07103192e-01,  7.07103192e-01,  0.00000000e+00,  0.00000000e+00,
        9.36101856e-04,  9.51740789e-04,  9.33867722e-04,  1.52688490e-03,
       -5.58533327e-06,  9.49730069e-04,  1.00111513e-03,  1.10902377e-03,
        2.44970757e-07,  1.12014769e-03,  8.82082575e-04])}
{'img': array([[[ 0.        , -0.0653405 ,  0.0182421 , ..., -0.61839653,
         -0.56499483, -0.34487041],
        [ 0.0653405 ,  0.        ,  0.08353275, ..., -0.66842393,
         -0.61769954, -0.40546532],
        [-0.0182421 , -0.08353275,  0.        , ..., -0.60395777,
         -0.54984936, -0.32769007],
        ...,
        [ 0.61839653,  0.66842393,  0.60395777, ...,  0.        ,
         -0.06622518, -0.30943608],
        [ 0.56499483,  0.61769954,  0.54984936, ...,  0.06622518,
          0.        , -0.24578191],
        [ 0.34487041,  0.40546532,  0.32769007, ...,  0.30943608,
          0.24578191,  0.        ]],

       [[ 0.        ,  0.26669048,  0.78084494, ...,  0.27448948,
          0.77066801,  0.35907184],
        [-0.26669048,  0.        ,  0.58595631, ...,  0.00810115,
          0.57281113,  0.09716219],
        [-0.78084494, -0.58595631,  0.        , ..., -0.57937237,
         -0.0161277 , -0.50444923],
        ...,
        [-0.27448948, -0.00810115,  0.57937237, ...,  0.        ,
          0.56615192,  0.08909617],
        [-0.77066801, -0.57281113,  0.0161277 , ..., -0.56615192,
          0.        , -0.49045829],
        [-0.35907184, -0.09716219,  0.50444923, ..., -0.08909617,
          0.49045829,  0.        ]],

       [[ 0.        ,  0.16205979,  0.3188216 , ..., -0.68313394,
         -0.59435458, -0.3188216 ],
        [-0.16205979,  0.        ,  0.16100442, ..., -0.5557524 ,
         -0.45616878, -0.16100442],
        [-0.3188216 , -0.16100442,  0.        , ..., -0.4146512 ,
         -0.30694071, -0.        ],
        ...,
        [ 0.68313394,  0.5557524 ,  0.4146512 , ...,  0.        ,
         -0.11532538, -0.4146512 ],
        [ 0.59435458,  0.45616878,  0.30694071, ...,  0.11532538,
          0.        , -0.30694071],
        [ 0.3188216 ,  0.16100442,  0.        , ...,  0.4146512 ,
          0.30694071,  0.        ]],

       ...,

       [[ 0.        , -0.87005513, -0.92068339, ..., -0.10310498,
         -0.        , -0.78840812],
        [ 0.87005513,  0.        , -0.11426352, ..., -0.91624421,
         -0.87005513, -0.92386589],
        [ 0.92068339,  0.11426352,  0.        , ..., -0.95601952,
         -0.92068339, -0.87408449],
        ...,
        [ 0.10310498,  0.91624421,  0.95601952, ...,  0.        ,
         -0.10310498,  0.72078099],
        [ 0.        ,  0.87005513,  0.92068339, ...,  0.10310498,
          0.        ,  0.78840812],
        [ 0.78840812,  0.92386589,  0.87408449, ..., -0.72078099,
         -0.78840812,  0.        ]],

       [[ 0.        , -0.16678023, -0.25075489, ..., -0.52663318,
         -0.40971787, -0.        ],
        [ 0.16678023,  0.        , -0.08579114, ..., -0.66103585,
         -0.55611838, -0.16678023],
        [ 0.25075489,  0.08579114,  0.        , ..., -0.72297246,
         -0.62536934, -0.25075489],
        ...,
        [ 0.52663318,  0.66103585,  0.72297246, ...,  0.        ,
         -0.13210312, -0.52663318],
        [ 0.40971787,  0.55611838,  0.62536934, ...,  0.13210312,
          0.        , -0.40971787],
        [ 0.        ,  0.16678023,  0.25075489, ...,  0.52663318,
          0.40971787,  0.        ]],

       [[ 0.        ,  0.0927597 ,  0.19157805, ..., -0.99903721,
         -0.98506638, -0.91867762],
        [-0.0927597 ,  0.        ,  0.09971052, ..., -0.99066043,
         -0.9648484 , -0.87807593],
        [-0.19157805, -0.09971052,  0.        , ..., -0.97212772,
         -0.93383543, -0.82598641],
        ...,
        [ 0.99903721,  0.99066043,  0.97212772, ...,  0.        ,
         -0.12879346, -0.35432463],
        [ 0.98506638,  0.9648484 ,  0.93383543, ...,  0.12879346,
          0.        , -0.23093596],
        [ 0.91867762,  0.87807593,  0.82598641, ...,  0.35432463,
          0.23093596,  0.        ]]]), 'num': array([ 7.36139753e-01,  6.76822455e-01,  7.09537057e-07, -1.33223103e-11,
        9.72414721e-04,  9.79393774e-04,  9.71251545e-04,  1.12128955e-03,
       -2.32635101e-06,  9.82185395e-04,  1.03441197e-03,  1.14863581e-03,
        3.77654384e-07,  1.15461050e-03,  9.14213446e-04])}
{'img': array([[[ 0.        ,  0.08326909,  0.40428255, ..., -0.65139228,
         -0.54175797, -0.40428255],
        [-0.08326909,  0.        ,  0.32671776, ..., -0.58595038,
         -0.46988595, -0.32671776],
        [-0.40428255, -0.32671776,  0.        , ..., -0.28903983,
         -0.15569689, -0.        ],
        ...,
        [ 0.65139228,  0.58595038,  0.28903983, ...,  0.        ,
         -0.13646366, -0.28903983],
        [ 0.54175797,  0.46988595,  0.15569689, ...,  0.13646366,
          0.        , -0.15569689],
        [ 0.40428255,  0.32671776,  0.        , ...,  0.28903983,
          0.15569689,  0.        ]],

       [[ 0.        ,  0.58595631,  0.23601485, ...,  0.57281113,
          0.09716219, -0.14180391],
        [-0.58595631,  0.        , -0.37814982, ..., -0.0161277 ,
         -0.50444923, -0.69494483],
        [-0.23601485,  0.37814982,  0.        , ...,  0.36317051,
         -0.14048085, -0.37142773],
        ...,
        [-0.57281113,  0.0161277 , -0.36317051, ...,  0.        ,
         -0.49045829, -0.68325761],
        [-0.09716219,  0.50444923,  0.14048085, ...,  0.49045829,
          0.        , -0.23731331],
        [ 0.14180391,  0.69494483,  0.37142773, ...,  0.68325761,
          0.23731331,  0.        ]],

       [[ 0.        ,  0.15951254,  0.0589104 , ..., -0.54321508,
         -0.42010498, -0.15951254],
        [-0.15951254,  0.        , -0.10107941, ..., -0.402334  ,
         -0.2699722 , -0.        ],
        [-0.0589104 ,  0.10107941,  0.        , ..., -0.49281087,
         -0.36591564, -0.10107941],
        ...,
        [ 0.54321508,  0.402334  ,  0.49281087, ...,  0.        ,
         -0.14023693, -0.402334  ],
        [ 0.42010498,  0.2699722 ,  0.36591564, ...,  0.14023693,
          0.        , -0.2699722 ],
        [ 0.15951254,  0.        ,  0.10107941, ...,  0.402334  ,
          0.2699722 ,  0.        ]],

       ...,

       [[ 0.        , -0.20010729,  0.5466407 , ..., -0.5466407 ,
         -0.99971153, -0.83181137],
        [ 0.20010729,  0.        ,  0.70314763, ..., -0.70314763,
         -0.97468521, -0.70391591],
        [-0.5466407 , -0.70314763,  0.        , ..., -0.        ,
         -0.85025485, -0.99994914],
        ...,
        [ 0.5466407 ,  0.70314763,  0.        , ...,  0.        ,
          0.85025485,  0.99994914],
        [ 0.99971153,  0.97468521,  0.85025485, ..., -0.85025485,
          0.        ,  0.53491998],
        [ 0.83181137,  0.70391591,  0.99994914, ..., -0.99994914,
         -0.53491998,  0.        ]],

       [[ 0.        , -0.18530359, -0.34968934, ..., -0.55461171,
         -0.39925448, -0.        ],
        [ 0.18530359,  0.        , -0.1700286 , ..., -0.6991994 ,
         -0.56223369, -0.18530359],
        [ 0.34968934,  0.1700286 ,  0.        , ..., -0.81057644,
         -0.69465706, -0.34968934],
        ...,
        [ 0.55461171,  0.6991994 ,  0.81057644, ...,  0.        ,
         -0.17626692, -0.55461171],
        [ 0.39925448,  0.56223369,  0.69465706, ...,  0.17626692,
          0.        , -0.39925448],
        [ 0.        ,  0.18530359,  0.34968934, ...,  0.55461171,
          0.39925448,  0.        ]],

       [[ 0.        ,  0.09896144,  0.248874  , ..., -0.98212495,
         -0.95788705, -0.87479169],
        [-0.09896144,  0.        ,  0.15180464, ..., -0.95867643,
         -0.92476873, -0.82255082],
        [-0.248874  , -0.15180464,  0.        , ..., -0.90437765,
         -0.85628498, -0.72668786],
        ...,
        [ 0.98212495,  0.95867643,  0.90437765, ...,  0.        ,
         -0.10170928, -0.31117661],
        [ 0.95788705,  0.92476873,  0.85628498, ...,  0.10170928,
          0.        , -0.21290327],
        [ 0.87479169,  0.82255082,  0.72668786, ...,  0.31117661,
          0.21290327,  0.        ]]]), 'num': array([ 8.95819058e-01,  4.44402268e-01,  5.38683520e-06, -3.73524587e-10,
        1.18482097e-03,  1.20178738e-03,  1.18340710e-03,  1.59467288e-03,
        2.82773502e-06,  1.18793148e-03,  1.24752600e-03,  1.38884205e-03,
        3.63565931e-07,  1.38513904e-03,  1.10991296e-03])}
{'img': array([[[ 0.        ,  0.32671776, -0.15270417, ..., -0.46988595,
         -0.32671776, -0.46988595],
        [-0.32671776,  0.        , -0.46721007, ..., -0.15569689,
         -0.        , -0.15569689],
        [ 0.15270417,  0.46721007,  0.        , ..., -0.59917122,
         -0.46721007, -0.59917122],
        ...,
        [ 0.46988595,  0.15569689,  0.59917122, ...,  0.        ,
         -0.15569689,  0.        ],
        [ 0.32671776,  0.        ,  0.46721007, ...,  0.15569689,
          0.        ,  0.15569689],
        [ 0.46988595,  0.15569689,  0.59917122, ...,  0.        ,
         -0.15569689,  0.        ]],

       [[ 0.        , -0.37814982, -0.51248403, ..., -0.50444923,
         -0.69494483, -0.61643537],
        [ 0.37814982,  0.        , -0.1497132 , ..., -0.14048085,
         -0.37142773, -0.27290434],
        [ 0.51248403,  0.1497132 ,  0.        , ...,  0.00933099,
         -0.22823854, -0.1257983 ],
        ...,
        [ 0.50444923,  0.14048085, -0.00933099, ...,  0.        ,
         -0.23731331, -0.13504969],
        [ 0.69494483,  0.37142773,  0.22823854, ...,  0.23731331,
          0.        ,  0.10394749],
        [ 0.61643537,  0.27290434,  0.1257983 , ...,  0.13504969,
         -0.10394749,  0.        ]],

       [[ 0.        , -0.10040842, -0.20005231, ..., -0.3497882 ,
         -0.22882277, -0.        ],
        [ 0.10040842,  0.        , -0.10066262, ..., -0.44208598,
         -0.32541077, -0.10040842],
        [ 0.20005231,  0.10066262,  0.        , ..., -0.53013208,
         -0.41894171, -0.20005231],
        ...,
        [ 0.3497882 ,  0.44208598,  0.53013208, ...,  0.        ,
         -0.12613989, -0.3497882 ],
        [ 0.22882277,  0.32541077,  0.41894171, ...,  0.12613989,
          0.        , -0.22882277],
        [ 0.        ,  0.10040842,  0.20005231, ...,  0.3497882 ,
          0.22882277,  0.        ]],

       ...,

       [[ 0.        ,  0.70314763,  0.05919751, ..., -0.97468521,
         -0.70391591, -0.90493155],
        [-0.70314763,  0.        , -0.65982249, ..., -0.85025485,
         -0.99994914, -0.94267555],
        [-0.05919751,  0.65982249,  0.        , ..., -0.98621137,
         -0.74472845, -0.92853649],
        ...,
        [ 0.97468521,  0.85025485,  0.98621137, ...,  0.        ,
          0.53491998,  0.21245819],
        [ 0.70391591,  0.99994914,  0.74472845, ..., -0.53491998,
          0.        , -0.34320134],
        [ 0.90493155,  0.94267555,  0.92853649, ..., -0.21245819,
          0.34320134,  0.        ]],

       [[ 0.        , -0.29291345, -0.49629651, ..., -0.57452812,
         -0.4397975 , -0.        ],
        [ 0.29291345,  0.        , -0.22023471, ..., -0.78907394,
         -0.68357221, -0.29291345],
        [ 0.49629651,  0.22023471,  0.        , ..., -0.90498953,
         -0.82753394, -0.49629651],
        ...,
        [ 0.57452812,  0.78907394,  0.90498953, ...,  0.        ,
         -0.15601437, -0.57452812],
        [ 0.4397975 ,  0.68357221,  0.82753394, ...,  0.15601437,
          0.        , -0.4397975 ],
        [ 0.        ,  0.29291345,  0.49629651, ...,  0.57452812,
          0.4397975 ,  0.        ]],

       [[ 0.        ,  0.15153312,  0.36116992, ..., -0.93370378,
         -0.87851142, -0.82167433],
        [-0.15153312,  0.        ,  0.21569456, ..., -0.86866565,
         -0.79597592, -0.72581838],
        [-0.36116992, -0.21569456,  0.        , ..., -0.74136319,
         -0.64667333, -0.56035991],
        ...,
        [ 0.93370378,  0.86866565,  0.74136319, ...,  0.        ,
         -0.13150235, -0.23797369],
        [ 0.87851142,  0.79597592,  0.64667333, ...,  0.13150235,
          0.        , -0.1081826 ],
        [ 0.82167433,  0.72581838,  0.56035991, ...,  0.23797369,
          0.1081826 ,  0.        ]]]), 'num': array([ 8.55469911e-01,  5.17837953e-01,  4.04349650e-06,  1.02963704e-09,
        1.12920387e-03,  1.14137493e-03,  1.12920387e-03,  1.99535058e-03,
       -4.05701990e-06,  1.13326089e-03,  1.18262130e-03,  1.32119107e-03,
        3.63315215e-07,  1.29793237e-03,  1.06731023e-03])}
{'img': array([[[ 0.        , -0.46654307, -0.77229969, ..., -0.11009587,
         -0.19010937, -0.        ],
        [ 0.46654307,  0.        , -0.38672252, ..., -0.56108657,
         -0.62618614, -0.46654307],
        [ 0.77229969,  0.38672252,  0.        , ..., -0.83754418,
         -0.87898377, -0.77229969],
        ...,
        [ 0.11009587,  0.56108657,  0.83754418, ...,  0.        ,
          0.08086565, -0.11009587],
        [ 0.19010937,  0.62618614,  0.87898377, ..., -0.08086565,
          0.        , -0.19010937],
        [ 0.        ,  0.46654307,  0.77229969, ...,  0.11009587,
          0.19010937,  0.        ]],

       [[ 0.        , -0.1497132 , -0.3466905 , ..., -0.37142773,
         -0.27290434, -0.08370647],
        [ 0.1497132 ,  0.        , -0.20235519, ..., -0.22823854,
         -0.1257983 ,  0.06642472],
        [ 0.3466905 ,  0.20235519,  0.        , ..., -0.02650271,
          0.07755184,  0.26695882],
        ...,
        [ 0.37142773,  0.22823854,  0.02650271, ...,  0.        ,
          0.10394749,  0.29240592],
        [ 0.27290434,  0.1257983 , -0.07755184, ..., -0.10394749,
          0.        ,  0.1914175 ],
        [ 0.08370647, -0.06642472, -0.26695882, ..., -0.29240592,
         -0.1914175 ,  0.        ]],

       [[ 0.        , -0.173092  , -0.38715992, ..., -0.2808611 ,
         -0.16577547, -0.        ],
        [ 0.173092  ,  0.        , -0.221723  , ..., -0.44274646,
         -0.33397022, -0.173092  ],
        [ 0.38715992,  0.221723  ,  0.        , ..., -0.63053359,
         -0.53465006, -0.38715992],
        ...,
        [ 0.2808611 ,  0.44274646,  0.63053359, ...,  0.        ,
         -0.11787222, -0.2808611 ],
        [ 0.16577547,  0.33397022,  0.53465006, ...,  0.11787222,
          0.        , -0.16577547],
        [ 0.        ,  0.173092  ,  0.38715992, ...,  0.2808611 ,
          0.16577547,  0.        ]],

       ...,

       [[ 0.        , -0.65982249, -0.9901834 , ..., -0.99994914,
         -0.94267555, -0.96141689],
        [ 0.65982249,  0.        , -0.83627127, ..., -0.74472845,
         -0.92853649, -0.90394356],
        [ 0.9901834 ,  0.83627127,  0.        , ...,  0.14975389,
         -0.19867305, -0.13801377],
        ...,
        [ 0.99994914,  0.74472845, -0.14975389, ...,  0.        ,
         -0.34320134, -0.28477822],
        [ 0.94267555,  0.92853649,  0.19867305, ...,  0.34320134,
          0.        ,  0.06150924],
        [ 0.96141689,  0.90394356,  0.13801377, ...,  0.28477822,
         -0.06150924,  0.        ]],

       [[ 0.        , -0.39955258, -0.6383406 , ..., -0.65541602,
         -0.52397746, -0.        ],
        [ 0.39955258,  0.        , -0.27761617, ..., -0.90259591,
         -0.8206473 , -0.39955258],
        [ 0.6383406 ,  0.27761617,  0.        , ..., -0.98662739,
         -0.94702896, -0.6383406 ],
        ...,
        [ 0.65541602,  0.90259591,  0.98662739, ...,  0.        ,
         -0.16249544, -0.65541602],
        [ 0.52397746,  0.8206473 ,  0.94702896, ...,  0.16249544,
          0.        , -0.52397746],
        [ 0.        ,  0.39955258,  0.6383406 , ...,  0.65541602,
          0.52397746,  0.        ]],

       [[ 0.        ,  0.21569456,  0.72581838, ..., -0.79597592,
         -0.72581838, -0.8631928 ],
        [-0.21569456,  0.        ,  0.56035991, ..., -0.64667333,
         -0.56035991, -0.73397533],
        [-0.72581838, -0.56035991,  0.        , ..., -0.1081826 ,
         -0.        , -0.22733143],
        ...,
        [ 0.79597592,  0.64667333,  0.1081826 , ...,  0.        ,
         -0.1081826 ,  0.12064713],
        [ 0.72581838,  0.56035991,  0.        , ...,  0.1081826 ,
          0.        ,  0.22733143],
        [ 0.8631928 ,  0.73397533,  0.22733143, ..., -0.12064713,
         -0.22733143,  0.        ]]]), 'num': array([ 9.45357958e-01,  3.25998445e-01,  7.53478727e-06, -1.04663142e-09,
        1.24120143e-03,  1.26234111e-03,  1.23969145e-03,  3.12819000e-03,
       -1.96297063e-05,  1.25901916e-03,  1.30764044e-03,  1.46659072e-03,
        3.39744917e-07,  1.41194480e-03,  1.20333608e-03])}
{'img': array([[[ 0.        , -0.66580025, -0.78278598, ..., -0.43396695,
         -0.39307914, -0.        ],
        [ 0.66580025,  0.        , -0.1697386 , ..., -0.92363439,
         -0.90549457, -0.66580025],
        [ 0.78278598,  0.1697386 ,  0.        , ..., -0.97528816,
         -0.96438496, -0.78278598],
        ...,
        [ 0.43396695,  0.92363439,  0.97528816, ...,  0.        ,
         -0.04489831, -0.43396695],
        [ 0.39307914,  0.90549457,  0.96438496, ...,  0.04489831,
          0.        , -0.39307914],
        [ 0.        ,  0.66580025,  0.78278598, ...,  0.43396695,
          0.39307914,  0.        ]],

       [[ 0.        , -0.20235519,  0.22236472, ..., -0.1257983 ,
          0.06642472,  0.34449608],
        [ 0.20235519,  0.        ,  0.41505342, ...,  0.07755184,
          0.26695882,  0.52733779],
        [-0.22236472, -0.41505342,  0.        , ..., -0.34324698,
         -0.15711193,  0.12711785],
        ...,
        [ 0.1257983 , -0.07755184,  0.34324698, ...,  0.        ,
          0.1914175 ,  0.45985725],
        [-0.06642472, -0.26695882,  0.15711193, ..., -0.1914175 ,
          0.        ,  0.28137653],
        [-0.34449608, -0.52733779, -0.12711785, ..., -0.45985725,
         -0.28137653,  0.        ]],

       [[ 0.        , -0.34809056, -0.51877746, ..., -0.28008575,
         -0.22769038, -0.        ],
        [ 0.34809056,  0.        , -0.18874773, ..., -0.59672767,
         -0.5523983 , -0.34809056],
        [ 0.51877746,  0.18874773,  0.        , ..., -0.73746131,
         -0.69980567, -0.51877746],
        ...,
        [ 0.28008575,  0.59672767,  0.73746131, ...,  0.        ,
         -0.05415184, -0.28008575],
        [ 0.22769038,  0.5523983 ,  0.69980567, ...,  0.05415184,
          0.        , -0.22769038],
        [ 0.        ,  0.34809056,  0.51877746, ...,  0.28008575,
          0.22769038,  0.        ]],

       ...,

       [[ 0.        , -0.99984365, -0.99466987, ..., -0.97098399,
         -0.98506023, -0.90472179],
        [ 0.99984365,  0.        , -0.08550627, ..., -0.22193749,
         -0.1547647 , -0.40993835],
        [ 0.99466987,  0.08550627,  0.        , ..., -0.13775085,
         -0.06972186, -0.33044561],
        ...,
        [ 0.97098399,  0.22193749,  0.13775085, ...,  0.        ,
          0.06835844, -0.19728274],
        [ 0.98506023,  0.1547647 ,  0.06972186, ..., -0.06835844,
          0.        , -0.26383623],
        [ 0.90472179,  0.40993835,  0.33044561, ...,  0.19728274,
          0.26383623,  0.        ]],

       [[ 0.        , -0.39418239, -0.35249298, ..., -0.82253119,
         -0.68117013, -0.14987481],
        [ 0.39418239,  0.        ,  0.04492917, ..., -0.98011209,
         -0.91460815, -0.52746987],
        [ 0.35249298, -0.04492917,  0.        , ..., -0.97020639,
         -0.89551784, -0.48876658],
        ...,
        [ 0.82253119,  0.98011209,  0.97020639, ...,  0.        ,
         -0.21480071, -0.72800389],
        [ 0.68117013,  0.91460815,  0.89551784, ...,  0.21480071,
          0.        , -0.56374918],
        [ 0.14987481,  0.52746987,  0.48876658, ...,  0.72800389,
          0.56374918,  0.        ]],

       [[ 0.        ,  0.56035991,  0.34189093, ..., -0.56035991,
         -0.73397533, -0.83154563],
        [-0.56035991,  0.        , -0.24342153, ..., -0.        ,
         -0.22733143, -0.3774715 ],
        [-0.34189093,  0.24342153,  0.        , ..., -0.24342153,
         -0.45754156, -0.59153088],
        ...,
        [ 0.56035991,  0.        ,  0.24342153, ...,  0.        ,
          0.22733143,  0.3774715 ],
        [ 0.73397533,  0.22733143,  0.45754156, ..., -0.22733143,
          0.        ,  0.15707461],
        [ 0.83154563,  0.3774715 ,  0.59153088, ..., -0.3774715 ,
         -0.15707461,  0.        ]]]), 'num': array([ 9.86629134e-01,  1.62906726e-01,  1.00331597e-05, -1.72999906e-08,
        1.29516102e-03,  1.31093643e-03,  1.29358348e-03,  3.12171667e-03,
       -1.57754083e-06,  1.30998990e-03,  1.35274126e-03,  1.52369410e-03,
        3.03373236e-07,  1.41897168e-03,  1.28651084e-03])}
{'img': array([[[ 0.        , -0.51255023, -0.73137194, ..., -0.4336943 ,
         -0.11867742, -0.        ],
        [ 0.51255023,  0.        , -0.27844943, ..., -0.8342333 ,
         -0.6108312 , -0.51255023],
        [ 0.73137194,  0.27844943,  0.        , ..., -0.95478037,
         -0.80713872, -0.73137194],
        ...,
        [ 0.4336943 ,  0.8342333 ,  0.95478037, ...,  0.        ,
         -0.32369384, -0.4336943 ],
        [ 0.11867742,  0.6108312 ,  0.80713872, ...,  0.32369384,
          0.        , -0.11867742],
        [ 0.        ,  0.51255023,  0.73137194, ...,  0.4336943 ,
          0.11867742,  0.        ]],

       [[ 0.        ,  0.41505342,  0.21713605, ...,  0.26695882,
          0.52733779,  0.49102202],
        [-0.41505342,  0.        , -0.20760107, ..., -0.15711193,
          0.12711785,  0.08515777],
        [-0.21713605,  0.20760107,  0.        , ...,  0.05133381,
          0.33026534,  0.29014944],
        ...,
        [-0.26695882,  0.15711193, -0.05133381, ...,  0.        ,
          0.28137653,  0.2406414 ],
        [-0.52733779, -0.12711785, -0.33026534, ..., -0.28137653,
          0.        , -0.04218915],
        [-0.49102202, -0.08515777, -0.29014944, ..., -0.2406414 ,
          0.04218915,  0.        ]],

       [[ 0.        , -0.40184247, -0.60908696, ..., -0.3077455 ,
         -0.20724707, -0.        ],
        [ 0.40184247,  0.        , -0.23904364, ..., -0.6641458 ,
         -0.58289589, -0.40184247],
        [ 0.60908696,  0.23904364,  0.        , ..., -0.8236012 ,
         -0.76023122, -0.60908696],
        ...,
        [ 0.3077455 ,  0.6641458 ,  0.8236012 , ...,  0.        ,
         -0.10387482, -0.3077455 ],
        [ 0.20724707,  0.58289589,  0.76023122, ...,  0.10387482,
          0.        , -0.20724707],
        [ 0.        ,  0.40184247,  0.60908696, ...,  0.3077455 ,
          0.20724707,  0.        ]],

       ...,

       [[ 0.        , -0.08917857, -0.23003038, ..., -0.16115722,
         -0.42426252, -0.61971684],
        [ 0.08917857,  0.        , -0.14232675, ..., -0.07250222,
         -0.34181741, -0.54725805],
        [ 0.23003038,  0.14232675,  0.        , ...,  0.07018806,
         -0.20458372, -0.42256446],
        ...,
        [ 0.16115722,  0.07250222, -0.07018806, ...,  0.        ,
         -0.27278269, -0.48513607],
        [ 0.42426252,  0.34181741,  0.20458372, ...,  0.27278269,
          0.        , -0.22820588],
        [ 0.61971684,  0.54725805,  0.42256446, ...,  0.48513607,
          0.22820588,  0.        ]],

       [[ 0.        ,  0.04217772,  0.19133941, ..., -0.98894224,
         -0.93340204, -0.49945176],
        [-0.04217772,  0.        ,  0.1497707 , ..., -0.9818072 ,
         -0.9174367 , -0.46246699],
        [-0.19133941, -0.1497707 ,  0.        , ..., -0.94229461,
         -0.84749768, -0.32445854],
        ...,
        [ 0.98894224,  0.9818072 ,  0.94229461, ...,  0.        ,
         -0.21643978, -0.7826926 ],
        [ 0.93340204,  0.9174367 ,  0.84749768, ...,  0.21643978,
          0.        , -0.62942569],
        [ 0.49945176,  0.46246699,  0.32445854, ...,  0.7826926 ,
          0.62942569,  0.        ]],

       [[ 0.        , -0.24342153, -0.52441804, ..., -0.22733143,
         -0.3774715 , -0.58577784],
        [ 0.24342153,  0.        , -0.30137994, ..., -0.45754156,
         -0.59153088, -0.76544424],
        [ 0.52441804,  0.30137994,  0.        , ..., -0.70425127,
         -0.80702446, -0.92379291],
        ...,
        [ 0.22733143,  0.45754156,  0.70425127, ...,  0.        ,
          0.15707461,  0.38619499],
        [ 0.3774715 ,  0.59153088,  0.80702446, ..., -0.15707461,
          0.        ,  0.23651274],
        [ 0.58577784,  0.76544424,  0.92379291, ..., -0.38619499,
         -0.23651274,  0.        ]]]), 'num': array([ 9.89400521e-01,  1.45088161e-01,  1.03851459e-05, -1.91015182e-08,
        1.29694679e-03,  1.32406622e-03,  1.27939892e-03,  4.61646056e-03,
       -1.27620840e-05,  1.31736612e-03,  1.36083697e-03,  1.53307193e-03,
        4.37057672e-08,  1.42628913e-03,  1.29538481e-03])}
{'img': array([[[ 0.        , -0.57875967, -0.66248239, ..., -0.35837079,
         -0.33851941, -0.        ],
        [ 0.57875967,  0.        , -0.10671732, ..., -0.83256879,
         -0.82065131, -0.57875967],
        [ 0.66248239,  0.10671732,  0.        , ..., -0.88692736,
         -0.8769463 , -0.66248239],
        ...,
        [ 0.35837079,  0.83256879,  0.88692736, ...,  0.        ,
         -0.02117764, -0.35837079],
        [ 0.33851941,  0.82065131,  0.8769463 , ...,  0.02117764,
          0.        , -0.33851941],
        [ 0.        ,  0.57875967,  0.66248239, ...,  0.35837079,
          0.33851941,  0.        ]],

       [[ 0.        , -0.20760107, -0.48611958, ...,  0.12711785,
          0.08515777,  0.46818801],
        [ 0.20760107,  0.        , -0.2941078 , ...,  0.33026534,
          0.29014944,  0.64143017],
        [ 0.48611958,  0.2941078 ,  0.        , ...,  0.5932633 ,
          0.55877246,  0.8386952 ],
        ...,
        [-0.12711785, -0.33026534, -0.5932633 , ...,  0.        ,
         -0.04218915,  0.3520649 ],
        [-0.08515777, -0.29014944, -0.55877246, ...,  0.04218915,
          0.        ,  0.39123945],
        [-0.46818801, -0.64143017, -0.8386952 , ..., -0.3520649 ,
         -0.39123945,  0.        ]],

       [[ 0.        , -0.48604636, -0.68956007, ..., -0.31983844,
         -0.24391564, -0.        ],
        [ 0.48604636,  0.        , -0.25062069, ..., -0.74003274,
         -0.68453197, -0.48604636],
        [ 0.68956007,  0.25062069,  0.        , ..., -0.88497504,
         -0.84538356, -0.68956007],
        ...,
        [ 0.31983844,  0.74003274,  0.88497504, ...,  0.        ,
         -0.07907493, -0.31983844],
        [ 0.24391564,  0.68453197,  0.84538356, ...,  0.07907493,
          0.        , -0.24391564],
        [ 0.        ,  0.48604636,  0.68956007, ...,  0.31983844,
          0.24391564,  0.        ]],

       ...,

       [[ 0.        , -0.10949357, -0.08924053, ..., -0.25761707,
         -0.40342703, -0.98320834],
        [ 0.10949357,  0.        ,  0.02035273, ..., -0.15027031,
         -0.30081352, -0.99727791],
        [ 0.08924053, -0.02035273,  0.        , ..., -0.17036081,
         -0.32016126, -0.99557064],
        ...,
        [ 0.25761707,  0.15027031,  0.17036081, ...,  0.        ,
         -0.15408752, -0.99703387],
        [ 0.40342703,  0.30081352,  0.32016126, ...,  0.15408752,
          0.        , -0.97326728],
        [ 0.98320834,  0.99727791,  0.99557064, ...,  0.99703387,
          0.97326728,  0.        ]],

       [[ 0.        ,  0.14847597,  0.28315693, ..., -0.9331967 ,
         -0.67089546, -0.4588317 ],
        [-0.14847597,  0.        ,  0.13761905, ..., -0.86949596,
         -0.55335662, -0.32182168],
        [-0.28315693, -0.13761905,  0.        , ..., -0.79324734,
         -0.43346255, -0.18846187],
        ...,
        [ 0.9331967 ,  0.86949596,  0.79324734, ...,  0.        ,
         -0.45091682, -0.66427841],
        [ 0.67089546,  0.55335662,  0.43346255, ...,  0.45091682,
          0.        , -0.25585864],
        [ 0.4588317 ,  0.32182168,  0.18846187, ...,  0.66427841,
          0.25585864,  0.        ]],

       [[ 0.        , -0.47547075, -0.639839  , ..., -0.38023091,
         -0.5897612 , -0.55830732],
        [ 0.47547075,  0.        , -0.197483  , ..., -0.77426001,
         -0.90281109, -0.88562736],
        [ 0.639839  ,  0.197483  ,  0.        , ..., -0.88399258,
         -0.96995648, -0.95989652],
        ...,
        [ 0.38023091,  0.77426001,  0.88399258, ...,  0.        ,
          0.23839917,  0.20092118],
        [ 0.5897612 ,  0.90281109,  0.96995648, ..., -0.23839917,
          0.        , -0.03840953],
        [ 0.55830732,  0.88562736,  0.95989652, ..., -0.20092118,
          0.03840953,  0.        ]]]), 'num': array([ 9.39855075e-01,  3.41536856e-01,  7.42330296e-06, -3.13200145e-08,
        1.22857950e-03,  1.25754106e-03,  1.22705521e-03,  3.41822524e-03,
       -1.06700453e-05,  1.24900502e-03,  1.29595322e-03,  1.45780765e-03,
        4.06477917e-08,  1.36536862e-03,  1.22653782e-03])}
{'img': array([[[ 0.        , -0.16343682,  0.02294454, ..., -0.74206335,
         -0.62955646, -0.34474243],
        [ 0.16343682,  0.        ,  0.18602982, ..., -0.84164198,
         -0.74807433, -0.49352466],
        [-0.02294454, -0.18602982,  0.        , ..., -0.72648758,
         -0.61156385, -0.3231137 ],
        ...,
        [ 0.74206335,  0.84164198,  0.72648758, ...,  0.        ,
         -0.1545392 , -0.46548176],
        [ 0.62955646,  0.74807433,  0.61156385, ...,  0.1545392 ,
          0.        , -0.3231137 ],
        [ 0.34474243,  0.49352466,  0.3231137 , ...,  0.46548176,
          0.3231137 ,  0.        ]],

       [[ 0.        , -0.2941078 , -0.48338881, ...,  0.29014944,
          0.64143017,  0.40129095],
        [ 0.2941078 ,  0.        , -0.20454595, ...,  0.55877246,
          0.8386952 ,  0.65293098],
        [ 0.48338881,  0.20454595,  0.        , ...,  0.71659257,
          0.93235859,  0.7940527 ],
        ...,
        [-0.29014944, -0.55877246, -0.71659257, ...,  0.        ,
          0.39123945,  0.11826538],
        [-0.64143017, -0.8386952 , -0.93235859, ..., -0.39123945,
          0.        , -0.27965541],
        [-0.40129095, -0.65293098, -0.7940527 , ..., -0.11826538,
          0.27965541,  0.        ]],

       [[ 0.        , -0.53677005, -0.6864146 , ..., -0.38092511,
         -0.29292853, -0.        ],
        [ 0.53677005,  0.        , -0.18880285, ..., -0.81769815,
         -0.76037645, -0.53677005],
        [ 0.6864146 ,  0.18880285,  0.        , ..., -0.9116757 ,
         -0.86932526, -0.6864146 ],
        ...,
        [ 0.38092511,  0.81769815,  0.9116757 , ...,  0.        ,
         -0.09337213, -0.38092511],
        [ 0.29292853,  0.76037645,  0.86932526, ...,  0.09337213,
          0.        , -0.29292853],
        [ 0.        ,  0.53677005,  0.6864146 , ...,  0.38092511,
          0.29292853,  0.        ]],

       ...,

       [[ 0.        ,  0.02032077,  0.35344105, ..., -0.30027041,
         -0.99997418, -0.99716   ],
        [-0.02032077,  0.        ,  0.33435887, ..., -0.31959145,
         -0.99991372, -0.99542369],
        [-0.35344105, -0.33435887,  0.        , ..., -0.6180212 ,
         -0.93797235, -0.90618165],
        ...,
        [ 0.30027041,  0.31959145,  0.6180212 , ...,  0.        ,
         -0.95167186, -0.97375922],
        [ 0.99997418,  0.99991372,  0.93797235, ...,  0.95167186,
          0.        , -0.08247557],
        [ 0.99716   ,  0.99542369,  0.90618165, ...,  0.97375922,
          0.08247557,  0.        ]],

       [[ 0.        ,  0.13761905,  0.24923479, ..., -0.55335662,
         -0.32182168, -0.4535877 ],
        [-0.13761905,  0.        ,  0.11358716, ..., -0.43346255,
         -0.18846187, -0.32662422],
        [-0.24923479, -0.11358716,  0.        , ..., -0.32829567,
         -0.07569041, -0.21715293],
        ...,
        [ 0.55335662,  0.43346255,  0.32829567, ...,  0.        ,
         -0.25585864, -0.11534452],
        [ 0.32182168,  0.18846187,  0.07569041, ...,  0.25585864,
          0.        ,  0.14264574],
        [ 0.4535877 ,  0.32662422,  0.21715293, ...,  0.11534452,
         -0.14264574,  0.        ]],

       [[ 0.        , -0.47188288, -0.59981359, ..., -0.60626042,
         -0.57417311, -0.49631165],
        [ 0.47188288,  0.        , -0.15126014, ..., -0.90978881,
         -0.8925727 , -0.84724124],
        [ 0.59981359,  0.15126014,  0.        , ..., -0.96210454,
         -0.95050648, -0.91784352],
        ...,
        [ 0.60626042,  0.90978881,  0.96210454, ...,  0.        ,
         -0.03974551, -0.13162173],
        [ 0.57417311,  0.8925727 ,  0.95050648, ...,  0.03974551,
          0.        , -0.092118  ],
        [ 0.49631165,  0.84724124,  0.91784352, ...,  0.13162173,
          0.092118  ,  0.        ]]]), 'num': array([ 9.57019623e-01,  2.89971840e-01,  8.21487417e-06, -4.00565496e-08,
        1.25384922e-03,  1.25384922e-03,  1.24149602e-03,  4.02448539e-03,
        9.26489569e-06,  1.25817283e-03,  1.30820327e-03,  1.47044189e-03,
        1.56369547e-07,  1.38119826e-03,  1.23520828e-03])}
{'img': array([[[ 0.        ,  0.18602982,  0.26471377, ..., -0.74807433,
         -0.49352466, -0.73152158],
        [-0.18602982,  0.        ,  0.08069937, ..., -0.61156385,
         -0.3231137 , -0.59191368],
        [-0.26471377, -0.08069937,  0.        , ..., -0.54572029,
         -0.24568919, -0.52493935],
        ...,
        [ 0.74807433,  0.61156385,  0.54572029, ...,  0.        ,
         -0.3231137 , -0.02460211],
        [ 0.49352466,  0.3231137 ,  0.24568919, ...,  0.3231137 ,
          0.        ,  0.29973344],
