state_0,state_1,state_2,state_3,state_4,state_5,state_6,state_7,state_8,state_9,state_10,state_11,state_12,state_13,state_14,state_15,state_16,state_17,state_18,state_19,state_20,state_21,state_22,state_23,state_24,state_25,state_26,state_27,state_28,state_29,state_30,state_31,state_32,state_33,state_34,state_35,state_36,state_37,state_38,state_39,state_40,state_41,state_42,state_43,state_44,state_45,state_46,state_47,state_48,state_49,state_50,state_51,state_52,state_53,state_54,state_55,state_56,state_57,state_58,state_59,state_60,state_61,state_62,state_63,state_64,state_65,state_66,state_67,state_68,state_69,state_70,state_71,state_72,state_73,state_74,state_75,state_76,state_77,state_78,state_79,state_80,state_81,state_82,state_83,state_84,state_85,state_86,state_87,state_88,state_89,state_90,state_91,state_92,state_93,state_94,state_95,state_96,state_97,state_98,state_99,state_100,state_101,state_102,state_103,state_104,state_105,state_106,state_107,state_108,state_109,state_110,state_111,state_112,state_113,state_114,state_115,state_116,state_117,state_118,state_119,state_120,state_121,state_122,state_123,state_124,state_125,state_126,state_127,state_128,state_129,state_130,state_131,state_132,state_133,state_134,state_135,state_136,state_137,state_138,state_139,state_140,state_141,state_142,state_143,state_144,state_145,state_146,state_147,state_148,state_149,state_150,state_151,state_152,state_153,state_154,state_155,state_156,state_157,state_158,state_159,state_160,state_161,state_162,state_163,state_164,state_165,state_166,state_167,state_168,state_169,state_170,state_171,state_172,state_173,state_174,state_175,state_176,state_177,state_178,state_179,state_180,state_181,state_182,state_183,state_184,state_185,state_186,state_187,state_188,state_189,state_190,state_191,state_192,state_193,state_194,state_195,state_196,state_197,state_198,state_199,state_200,state_201,state_202,state_203,state_204,state_205,state_206,state_207,state_208,state_209,state_210,state_211,state_212,state_213,state_214,state_215,state_216,state_217,state_218,state_219,state_220,state_221,state_222,state_223,state_224,state_225,state_226,state_227,state_228,state_229,state_230,state_231,state_232,state_233,state_234,state_235,state_236,state_237,state_238,state_239,state_240,state_241,state_242,state_243,state_244,state_245,state_246,state_247,state_248,state_249,state_250,state_251,state_252,state_253,state_254,state_255,state_256,state_257,state_258,state_259,state_260,state_261,state_262,state_263,state_264,state_265,state_266,state_267,state_268,state_269,state_270,state_271,state_272,state_273,state_274,state_275,state_276,state_277,state_278,state_279,state_280,state_281,state_282,state_283,state_284,state_285,state_286,state_287
{'img': array([[[ 0.00000000e+00, -4.42262232e-01, -9.99753056e-01, ...,
          1.33565428e-01, -8.88229882e-02, -2.65932154e-01],
        [ 4.42262232e-01,  0.00000000e+00, -9.06492358e-01, ...,
          5.58092495e-01,  3.60850082e-01,  1.87826372e-01],
        [ 9.99753056e-01,  9.06492358e-01,  0.00000000e+00, ...,
          9.87827145e-01,  9.97775303e-01,  9.69663299e-01],
        ...,
        [-1.33565428e-01, -5.58092495e-01, -9.87827145e-01, ...,
          0.00000000e+00, -2.21064635e-01, -3.92305371e-01],
        [ 8.88229882e-02, -3.60850082e-01, -9.97775303e-01, ...,
          2.21064635e-01,  0.00000000e+00, -1.79256410e-01],
        [ 2.65932154e-01, -1.87826372e-01, -9.69663299e-01, ...,
          3.92305371e-01,  1.79256410e-01,  0.00000000e+00]],

       [[ 0.00000000e+00, -8.48933612e-01, -9.64502948e-01, ...,
         -6.99451802e-01, -5.54085086e-01, -5.31911214e-01],
        [ 8.48933612e-01,  0.00000000e+00,  2.85559661e-01, ...,
         -2.37055753e-01, -4.13869617e-01, -4.37762283e-01],
        [ 9.64502948e-01, -2.85559661e-01,  0.00000000e+00, ...,
         -5.04605055e-01, -6.56591761e-01, -6.76278321e-01],
        ...,
        [ 6.99451802e-01,  2.37055753e-01,  5.04605055e-01, ...,
          0.00000000e+00, -1.86272271e-01, -2.12149692e-01],
        [ 5.54085086e-01,  4.13869617e-01,  6.56591761e-01, ...,
          1.86272271e-01,  0.00000000e+00, -2.64044931e-02],
        [ 5.31911214e-01,  4.37762283e-01,  6.76278321e-01, ...,
          2.12149692e-01,  2.64044931e-02,  0.00000000e+00]],

       [[ 0.00000000e+00, -8.14077670e-01, -9.99285299e-01, ...,
         -8.41973489e-01, -8.67015145e-01, -8.63028847e-01],
        [ 8.14077670e-01,  0.00000000e+00, -5.49568251e-01, ...,
         -9.28191456e-01, -9.09164335e-01, -9.12444304e-01],
        [ 9.99285299e-01,  5.49568251e-01,  0.00000000e+00, ...,
         -5.70960482e-01, -5.30699433e-01, -5.37416688e-01],
        ...,
        [ 8.41973489e-01,  9.28191456e-01,  5.70960482e-01, ...,
          0.00000000e+00,  4.82310027e-02,  4.02935604e-02],
        [ 8.67015145e-01,  9.09164335e-01,  5.30699433e-01, ...,
         -4.82310027e-02,  0.00000000e+00, -7.94516648e-03],
        [ 8.63028847e-01,  9.12444304e-01,  5.37416688e-01, ...,
         -4.02935604e-02,  7.94516648e-03,  0.00000000e+00]],

       ...,

       [[ 0.00000000e+00, -1.70456669e-01, -3.26731700e-01, ...,
          7.28617387e-01,  6.05866108e-01,  5.49203000e-01],
        [ 1.70456669e-01,  0.00000000e+00, -1.60848520e-01, ...,
          8.34703541e-01,  7.32609000e-01,  6.83614269e-01],
        [ 3.26731700e-01,  1.60848520e-01,  0.00000000e+00, ...,
          9.12414162e-01,  8.32551276e-01,  7.92107245e-01],
        ...,
        [-7.28617387e-01, -8.34703541e-01, -9.12414162e-01, ...,
          0.00000000e+00, -1.64693290e-01, -2.32736880e-01],
        [-6.05866108e-01, -7.32609000e-01, -8.32551276e-01, ...,
          1.64693290e-01,  0.00000000e+00, -6.93880482e-02],
        [-5.49203000e-01, -6.83614269e-01, -7.92107245e-01, ...,
          2.32736880e-01,  6.93880482e-02,  0.00000000e+00]],

       [[ 0.00000000e+00,  2.32783012e-01,  5.02650921e-01, ...,
         -9.89940855e-01, -9.66208177e-01, -8.86230781e-01],
        [-2.32783012e-01,  0.00000000e+00,  2.87603982e-01, ...,
         -9.29811329e-01, -8.79662336e-01, -7.54049534e-01],
        [-5.02650921e-01, -2.87603982e-01,  0.00000000e+00, ...,
         -7.84677487e-01, -7.05711996e-01, -5.33287159e-01],
        ...,
        [ 9.89940855e-01,  9.29811329e-01,  7.84677487e-01, ...,
          0.00000000e+00, -1.18469230e-01, -3.33198624e-01],
        [ 9.66208177e-01,  8.79662336e-01,  7.05711996e-01, ...,
          1.18469230e-01,  0.00000000e+00, -2.19152646e-01],
        [ 8.86230781e-01,  7.54049534e-01,  5.33287159e-01, ...,
          3.33198624e-01,  2.19152646e-01,  0.00000000e+00]],

       [[ 0.00000000e+00, -8.26397285e-01, -9.93616519e-01, ...,
         -9.93614828e-01, -9.93713162e-01, -9.91719495e-01],
        [ 8.26397285e-01,  0.00000000e+00, -4.66266730e-01, ...,
         -6.52730700e-01, -6.52067608e-01, -6.64553188e-01],
        [ 9.93616519e-01,  4.66266730e-01,  0.00000000e+00, ...,
         -2.24195399e-01, -2.23342650e-01, -2.39479512e-01],
        ...,
        [ 9.93614828e-01,  6.52730700e-01,  2.24195399e-01, ...,
          0.00000000e+00,  8.74934591e-04, -1.57117424e-02],
        [ 9.93713162e-01,  6.52067608e-01,  2.23342650e-01, ...,
         -8.74934591e-04,  0.00000000e+00, -1.65865630e-02],
        [ 9.91719495e-01,  6.64553188e-01,  2.39479512e-01, ...,
          1.57117424e-02,  1.65865630e-02,  0.00000000e+00]]]), 'num': array([7.06545951e-01, 7.06545951e-01, 0.00000000e+00, 0.00000000e+00,
       1.25100195e-02, 1.25515810e-02, 1.23853349e-02, 1.83336206e-02,
       1.45465343e-04, 1.24684580e-02, 1.24881997e-02, 1.25941816e-02,
       2.14734554e-05, 1.27274855e-02, 1.22489139e-02])}
{'img': array([[[ 0.        , -0.90649236, -0.6518918 , ...,  0.36085008,
          0.18782637,  0.48171573],
        [ 0.90649236,  0.        ,  0.41216082, ...,  0.9977753 ,
          0.9696633 ,  0.9977753 ],
        [ 0.6518918 , -0.41216082,  0.        , ...,  0.88160678,
          0.78272058,  0.93656155],
        ...,
        [-0.36085008, -0.9977753 , -0.88160678, ...,  0.        ,
         -0.17925641,  0.13303671],
        [-0.18782637, -0.9696633 , -0.78272058, ...,  0.17925641,
          0.        ,  0.30854485],
        [-0.48171573, -0.9977753 , -0.93656155, ..., -0.13303671,
         -0.30854485,  0.        ]],

       [[ 0.        ,  0.77668411, -0.70628854, ..., -0.73099319,
         -0.76133346, -0.95243393],
        [-0.77668411,  0.        , -0.99471768, ..., -0.99044292,
         -0.98312788, -0.83661961],
        [ 0.70628854,  0.99471768,  0.        , ..., -0.03552715,
         -0.08103667, -0.45901291],
        ...,
        [ 0.73099319,  0.99044292,  0.03552715, ...,  0.        ,
         -0.04557521, -0.42715977],
        [ 0.76133346,  0.98312788,  0.08103667, ...,  0.04557521,
          0.        , -0.38550789],
        [ 0.95243393,  0.83661961,  0.45901291, ...,  0.42715977,
          0.38550789,  0.        ]],

       [[ 0.        , -0.9497388 , -0.92391049, ..., -0.93092226,
         -0.92746377, -0.91267073],
        [ 0.9497388 ,  0.        , -0.65260247, ..., -0.63828027,
         -0.64545621, -0.67385974],
        [ 0.92391049,  0.65260247,  0.        , ...,  0.01875077,
          0.00939352, -0.02840244],
        ...,
        [ 0.93092226,  0.63828027, -0.01875077, ...,  0.        ,
         -0.00935808, -0.04714066],
        [ 0.92746377,  0.64545621, -0.00939352, ...,  0.00935808,
          0.        , -0.03779092],
        [ 0.91267073,  0.67385974,  0.02840244, ...,  0.04714066,
          0.03779092,  0.        ]],

       ...,

       [[ 0.        , -0.16084852, -0.64979527, ...,  0.732609  ,
          0.68361427,  0.87716729],
        [ 0.16084852,  0.        , -0.5190719 , ...,  0.83255128,
          0.79210725,  0.94298282],
        [ 0.64979527,  0.5190719 ,  0.        , ...,  0.99914587,
          0.9938704 ,  0.97876487],
        ...,
        [-0.732609  , -0.83255128, -0.99914587, ...,  0.        ,
         -0.06938805,  0.24525589],
        [-0.68361427, -0.79210725, -0.9938704 , ...,  0.06938805,
          0.        ,  0.31193359],
        [-0.87716729, -0.94298282, -0.97876487, ..., -0.24525589,
         -0.31193359,  0.        ]],

       [[ 0.        ,  0.28653935,  0.49987502, ..., -0.90266   ,
         -0.84937766, -0.75204658],
        [-0.28653935,  0.        ,  0.23074347, ..., -0.74149661,
         -0.66253063, -0.53165117],
        [-0.49987502, -0.23074347,  0.        , ..., -0.56666819,
         -0.4718171 , -0.32187309],
        ...,
        [ 0.90266   ,  0.74149661,  0.56666819, ...,  0.        ,
         -0.11087748, -0.27130564],
        [ 0.84937766,  0.66253063,  0.4718171 , ...,  0.11087748,
          0.        , -0.16291397],
        [ 0.75204658,  0.53165117,  0.32187309, ...,  0.27130564,
          0.16291397,  0.        ]],

       [[ 0.        , -0.90572674, -0.99989493, ..., -0.99067186,
         -0.99334239, -0.99313436],
        [ 0.90572674,  0.        , -0.43694667, ..., -0.29648572,
         -0.31670104, -0.31500079],
        [ 0.99989493,  0.43694667,  0.        , ...,  0.15061519,
          0.12958642,  0.13136309],
        ...,
        [ 0.99067186,  0.29648572, -0.15061519, ...,  0.        ,
         -0.02123706, -0.01944545],
        [ 0.99334239,  0.31670104, -0.12958642, ...,  0.02123706,
          0.        ,  0.00179198],
        [ 0.99313436,  0.31500079, -0.13136309, ...,  0.01944545,
         -0.00179198,  0.        ]]]), 'num': array([7.06341502e-01, 7.06341502e-01, 0.00000000e+00, 0.00000000e+00,
       1.25894985e-02, 1.26310480e-02, 1.24856248e-02, 3.01283735e-02,
       8.30990003e-05, 1.24897797e-02, 1.24762762e-02, 1.25957310e-02,
       2.21150565e-05, 1.26871066e-02, 1.22654457e-02])}
{'img': array([[[ 0.        ,  0.41216082,  0.67986927, ...,  0.9696633 ,
          0.9977753 ,  0.9696633 ],
        [-0.41216082,  0.        ,  0.31718518, ...,  0.78272058,
          0.93656155,  0.98422143],
        [-0.67986927, -0.31718518,  0.        , ...,  0.54489615,
          0.77702651,  0.87727668],
        ...,
        [-0.9696633 , -0.78272058, -0.54489615, ...,  0.        ,
          0.30854485,  0.47405761],
        [-0.9977753 , -0.93656155, -0.77702651, ..., -0.30854485,
          0.        ,  0.17925641],
        [-0.9696633 , -0.98422143, -0.87727668, ..., -0.47405761,
         -0.17925641,  0.        ]],

       [[ 0.        , -0.99471768, -0.93909816, ..., -0.98312788,
         -0.83661961, -0.9996322 ],
        [ 0.99471768,  0.        ,  0.43823085, ..., -0.08103667,
         -0.45901291,  0.12958695],
        [ 0.93909816, -0.43823085,  0.        , ..., -0.50963039,
         -0.80192673, -0.31805487],
        ...,
        [ 0.98312788,  0.08103667,  0.50963039, ...,  0.        ,
         -0.38550789,  0.20951413],
        [ 0.83661961,  0.45901291,  0.80192673, ...,  0.38550789,
          0.        ,  0.57027142],
        [ 0.9996322 , -0.12958695,  0.31805487, ..., -0.20951413,
         -0.57027142,  0.        ]],

       [[ 0.        , -0.92662318, -0.66472813, ..., -0.9218507 ,
         -0.94010979, -0.91189393],
        [ 0.92662318,  0.        , -0.94219861, ...,  0.01250049,
         -0.03761343,  0.03744598],
        [ 0.66472813,  0.94219861,  0.        , ...,  0.94631335,
          0.92892932,  0.95408426],
        ...,
        [ 0.9218507 , -0.01250049, -0.94631335, ...,  0.        ,
         -0.05010214,  0.02495133],
        [ 0.94010979,  0.03761343, -0.92892932, ...,  0.05010214,
          0.        ,  0.07500653],
        [ 0.91189393, -0.03744598, -0.95408426, ..., -0.02495133,
         -0.07500653,  0.        ]],

       ...,

       [[ 0.        , -0.5190719 , -0.09775039, ...,  0.79210725,
          0.94298282,  0.95819164],
        [ 0.5190719 ,  0.        ,  0.4330358 , ...,  0.9938704 ,
          0.97876487,  0.96751629],
        [ 0.09775039, -0.4330358 ,  0.        , ...,  0.84797889,
          0.97100222,  0.98157187],
        ...,
        [-0.79210725, -0.9938704 , -0.84797889, ...,  0.        ,
          0.31193359,  0.35821943],
        [-0.94298282, -0.97876487, -0.97100222, ..., -0.31193359,
          0.        ,  0.04911281],
        [-0.95819164, -0.96751629, -0.98157187, ..., -0.35821943,
         -0.04911281,  0.        ]],

       [[ 0.        ,  0.22819914,  0.5264372 , ..., -0.77663475,
         -0.74925073, -0.5264372 ],
        [-0.22819914,  0.        ,  0.31852877, ..., -0.61238853,
         -0.57834816, -0.31852877],
        [-0.5264372 , -0.31852877,  0.        , ..., -0.32867603,
         -0.28837124, -0.        ],
        ...,
        [ 0.77663475,  0.61238853,  0.32867603, ...,  0.        ,
         -0.04236331, -0.32867603],
        [ 0.74925073,  0.57834816,  0.28837124, ...,  0.04236331,
          0.        , -0.28837124],
        [ 0.5264372 ,  0.31852877,  0.        , ...,  0.32867603,
          0.28837124,  0.        ]],

       [[ 0.        , -0.49026095, -0.76773581, ..., -0.36066613,
         -0.35880627, -0.31709169],
        [ 0.49026095,  0.        , -0.35499707, ...,  0.1429161 ,
          0.14488865,  0.18859157],
        [ 0.76773581,  0.35499707,  0.        , ...,  0.48496057,
          0.48670281,  0.52493498],
        ...,
        [ 0.36066613, -0.1429161 , -0.48496057, ...,  0.        ,
          0.00199329,  0.04630408],
        [ 0.35880627, -0.14488865, -0.48670281, ..., -0.00199329,
          0.        ,  0.04431283],
        [ 0.31709169, -0.18859157, -0.52493498, ..., -0.04630408,
         -0.04431283,  0.        ]]]), 'num': array([ 9.17254789e-01,  3.94053659e-01,  1.72673641e-05, -4.34858249e-09,
        1.63500353e-02,  1.64579564e-02,  1.62421143e-02,  3.52783040e-02,
        0.00000000e+00,  1.62313222e-02,  1.61989459e-02,  1.63707202e-02,
        2.91917528e-05,  1.64613072e-02,  1.59365846e-02])}
{'img': array([[[ 0.        ,  0.58093005,  0.99321658, ...,  0.99972955,
          0.97785098,  0.97785098],
        [-0.58093005,  0.        ,  0.7408821 , ...,  0.82724335,
          0.91751522,  0.91751522],
        [-0.99321658, -0.7408821 ,  0.        , ...,  0.13934568,
          0.32158614,  0.32158614],
        ...,
        [-0.99972955, -0.82724335, -0.13934568, ...,  0.        ,
          0.186505  ,  0.186505  ],
        [-0.97785098, -0.91751522, -0.32158614, ..., -0.186505  ,
          0.        ,  0.        ],
        [-0.97785098, -0.91751522, -0.32158614, ..., -0.186505  ,
          0.        ,  0.        ]],

       [[ 0.        ,  0.43823085,  0.9588006 , ..., -0.45901291,
          0.12958695,  0.00373043],
        [-0.43823085,  0.        ,  0.73733726, ..., -0.80192673,
         -0.31805487, -0.43487466],
        [-0.9588006 , -0.73733726,  0.        , ..., -0.98222319,
         -0.91390299, -0.95773418],
        ...,
        [ 0.45901291,  0.80192673,  0.98222319, ...,  0.        ,
          0.57027142,  0.46232394],
        [-0.12958695,  0.31805487,  0.91390299, ..., -0.57027142,
          0.        , -0.12588707],
        [-0.00373043,  0.43487466,  0.95773418, ..., -0.46232394,
          0.12588707,  0.        ]],

       [[ 0.        , -0.94219861, -0.99301212, ..., -0.03761343,
          0.03744598,  0.0623179 ],
        [ 0.94219861,  0.        , -0.22152242, ...,  0.92892932,
          0.95408426,  0.96124723],
        [ 0.99301212,  0.22152242,  0.        , ...,  0.98787058,
          0.99673476,  0.99843634],
        ...,
        [ 0.03761343, -0.92892932, -0.98787058, ...,  0.        ,
          0.07500653,  0.09981412],
        [-0.03744598, -0.95408426, -0.99673476, ..., -0.07500653,
          0.        ,  0.02490099],
        [-0.0623179 , -0.96124723, -0.99843634, ..., -0.09981412,
         -0.02490099,  0.        ]],

       ...,

       [[ 0.        ,  0.4330358 ,  0.84572516, ...,  0.97876487,
          0.96751629,  0.96012474],
        [-0.4330358 ,  0.        ,  0.53124096, ...,  0.97100222,
          0.98157187,  0.98649876],
        [-0.84572516, -0.53124096,  0.        , ...,  0.69564922,
          0.73009147,  0.7487816 ],
        ...,
        [-0.97876487, -0.97100222, -0.69564922, ...,  0.        ,
          0.04911281,  0.07682296],
        [-0.96751629, -0.98157187, -0.73009147, ..., -0.04911281,
          0.        ,  0.02776259],
        [-0.96012474, -0.98649876, -0.7487816 , ..., -0.07682296,
         -0.02776259,  0.        ]],

       [[ 0.        ,  0.31746385,  0.15708852, ..., -0.61233537,
         -0.46962231, -0.31746385],
        [-0.31746385,  0.        , -0.16456   , ..., -0.32967317,
         -0.16505043, -0.        ],
        [-0.15708852,  0.16456   ,  0.        , ..., -0.48053905,
         -0.3251034 , -0.16456   ],
        ...,
        [ 0.61233537,  0.32967317,  0.48053905, ...,  0.        ,
         -0.16932843, -0.32967317],
        [ 0.46962231,  0.16505043,  0.3251034 , ...,  0.16932843,
          0.        , -0.16505043],
        [ 0.31746385,  0.        ,  0.16456   , ...,  0.32967317,
          0.16505043,  0.        ]],

       [[ 0.        , -0.35499707, -0.54100411, ...,  0.14488865,
          0.18859157,  0.20102056],
        [ 0.35499707,  0.        , -0.20720749, ...,  0.48670281,
          0.52493498,  0.53567809],
        [ 0.54100411,  0.20720749,  0.        , ...,  0.65714966,
          0.68990539,  0.6990229 ],
        ...,
        [-0.14488865, -0.48670281, -0.65714966, ...,  0.        ,
          0.04431283,  0.05696834],
        [-0.18859157, -0.52493498, -0.68990539, ..., -0.04431283,
          0.        ,  0.01267151],
        [-0.20102056, -0.53567809, -0.6990229 , ..., -0.05696834,
         -0.01267151,  0.        ]]]), 'num': array([ 7.65350162e-01,  6.42146266e-01,  4.05275971e-06, -3.39054407e-08,
        1.36893217e-02,  1.37343523e-02,  1.35542297e-02,  2.01854452e-02,
        4.50306634e-05,  1.35857512e-02,  1.35215825e-02,  1.36720599e-02,
        2.46942348e-05,  1.37487420e-02,  1.32944230e-02])}
{'img': array([[[ 0.        ,  0.97300851,  0.99174767, ...,  0.99174767,
          0.99174767,  0.97300851],
        [-0.97300851,  0.        ,  0.35360953, ...,  0.35360953,
          0.35360953,  0.44908085],
        [-0.99174767, -0.35360953,  0.        , ...,  0.        ,
          0.        ,  0.10412017],
        ...,
        [-0.99174767, -0.35360953,  0.        , ...,  0.        ,
          0.        ,  0.10412017],
        [-0.99174767, -0.35360953,  0.        , ...,  0.        ,
          0.        ,  0.10412017],
        [-0.97300851, -0.44908085, -0.10412017, ..., -0.10412017,
         -0.10412017,  0.        ]],

       [[ 0.        ,  0.73733726,  0.00455299, ..., -0.31805487,
         -0.43487466, -0.78877636],
        [-0.73733726,  0.        , -0.73425397, ..., -0.91390299,
         -0.95773418, -0.98606467],
        [-0.00455299,  0.73425397,  0.        , ..., -0.32236813,
         -0.43897007, -0.79156682],
        ...,
        [ 0.31805487,  0.91390299,  0.32236813, ...,  0.        ,
         -0.12588707, -0.55231497],
        [ 0.43487466,  0.95773418,  0.43897007, ...,  0.12588707,
          0.        , -0.44297714],
        [ 0.78877636,  0.98606467,  0.79156682, ...,  0.55231497,
          0.44297714,  0.        ]],

       [[ 0.        , -0.22152242,  0.38664656, ...,  0.95408426,
          0.96124723,  0.98601371],
        [ 0.22152242,  0.        ,  0.58133461, ...,  0.99673476,
          0.99843634,  0.99843634],
        [-0.38664656, -0.58133461,  0.        , ...,  0.76406773,
          0.77989533,  0.84488927],
        ...,
        [-0.95408426, -0.99673476, -0.76406773, ...,  0.        ,
          0.02490099,  0.13633718],
        [-0.96124723, -0.99843634, -0.77989533, ..., -0.02490099,
          0.        ,  0.11162642],
        [-0.98601371, -0.99843634, -0.84488927, ..., -0.13633718,
         -0.11162642,  0.        ]],

       ...,

       [[ 0.        ,  0.7899536 ,  0.88169449, ...,  0.9768222 ,
          0.97022539,  0.96394821],
        [-0.7899536 ,  0.        ,  0.16790912, ...,  0.76804616,
          0.7862396 ,  0.80125957],
        [-0.88169449, -0.16790912,  0.        , ...,  0.64961373,
          0.67132225,  0.68942081],
        ...,
        [-0.9768222 , -0.76804616, -0.64961373, ...,  0.        ,
          0.02891108,  0.05358722],
        [-0.97022539, -0.7862396 , -0.67132225, ..., -0.02891108,
          0.        ,  0.02469529],
        [-0.96394821, -0.80125957, -0.68942081, ..., -0.05358722,
         -0.02469529,  0.        ]],

       [[ 0.        , -0.16456   , -0.29801042, ..., -0.16505043,
         -0.        , -0.15635189],
        [ 0.16456   ,  0.        , -0.13686483, ..., -0.3251034 ,
         -0.16456   , -0.31675651],
        [ 0.29801042,  0.13686483,  0.        , ..., -0.45147422,
         -0.29801042, -0.44359298],
        ...,
        [ 0.16505043,  0.3251034 ,  0.45147422, ...,  0.        ,
         -0.16505043, -0.008813  ],
        [ 0.        ,  0.16456   ,  0.29801042, ...,  0.16505043,
          0.        ,  0.15635189],
        [ 0.15635189,  0.31675651,  0.44359298, ...,  0.008813  ,
         -0.15635189,  0.        ]],

       [[ 0.        , -0.20720749, -0.35279761, ...,  0.52493498,
          0.53567809,  0.52726215],
        [ 0.20720749,  0.        , -0.15125687, ...,  0.68990539,
          0.6990229 ,  0.69188375],
        [ 0.35279761,  0.15125687,  0.        , ...,  0.79146246,
          0.79914397,  0.79313208],
        ...,
        [-0.52493498, -0.68990539, -0.79146246, ...,  0.        ,
          0.01267151,  0.00273648],
        [-0.53567809, -0.6990229 , -0.79914397, ..., -0.01267151,
          0.        , -0.0099352 ],
        [-0.52726215, -0.69188375, -0.79313208, ..., -0.00273648,
          0.0099352 ,  0.        ]]]), 'num': array([ 8.40216637e-01,  5.40275909e-01,  9.89903394e-06, -1.24320220e-08,
        1.49970364e-02,  1.50960268e-02,  1.49475413e-02,  1.86606689e-02,
       -4.94951697e-05,  1.49871374e-02,  1.48621621e-02,  1.50366326e-02,
        2.90144098e-05,  1.51118430e-02,  1.46124811e-02])}
{'img': array([[[ 0.        ,  0.41176471,  0.41176471, ...,  0.41176471,
          0.51611581,  0.41176471],
        [-0.41176471,  0.        ,  0.        , ...,  0.        ,
          0.11764706,  0.        ],
        [-0.41176471,  0.        ,  0.        , ...,  0.        ,
          0.11764706,  0.        ],
        ...,
        [-0.41176471,  0.        ,  0.        , ...,  0.        ,
          0.11764706,  0.        ],
        [-0.51611581, -0.11764706, -0.11764706, ..., -0.11764706,
          0.        , -0.11764706],
        [-0.41176471,  0.        ,  0.        , ...,  0.        ,
          0.11764706,  0.        ]],

       [[ 0.        , -0.73425397, -0.89329112, ..., -0.95773418,
         -0.98606467, -0.90136602],
        [ 0.73425397,  0.        , -0.27640149, ..., -0.43897007,
         -0.79156682, -0.92988937],
        [ 0.89329112,  0.27640149,  0.        , ..., -0.17352159,
         -0.59182502, -0.79199164],
        ...,
        [ 0.95773418,  0.43897007,  0.17352159, ...,  0.        ,
         -0.44297714, -0.67403671],
        [ 0.98606467,  0.79156682,  0.59182502, ...,  0.44297714,
          0.        , -0.27706983],
        [ 0.90136602,  0.92988937,  0.79199164, ...,  0.67403671,
          0.27706983,  0.        ]],

       [[ 0.        ,  0.58133461,  0.88486975, ...,  0.99843634,
          0.99843634,  0.98128783],
        [-0.58133461,  0.        ,  0.44917915, ...,  0.77989533,
          0.84488927,  0.91037316],
        [-0.88486975, -0.44917915,  0.        , ...,  0.41564533,
          0.51457486,  0.62750031],
        ...,
        [-0.99843634, -0.77989533, -0.41564533, ...,  0.        ,
          0.11162642,  0.24710011],
        [-0.99843634, -0.84488927, -0.51457486, ..., -0.11162642,
          0.        ,  0.13739091],
        [-0.98128783, -0.91037316, -0.62750031, ..., -0.24710011,
         -0.13739091,  0.        ]],

       ...,

       [[ 0.        ,  0.2766084 ,  0.29018645, ...,  0.93053508,
          0.94045751,  0.97988171],
        [-0.2766084 ,  0.        ,  0.01415819, ...,  0.79293338,
          0.80974111,  0.88644412],
        [-0.29018645, -0.01415819,  0.        , ...,  0.7842272 ,
          0.8013521 ,  0.87980235],
        ...,
        [-0.93053508, -0.79293338, -0.7842272 , ...,  0.        ,
          0.02809878,  0.17311997],
        [-0.94045751, -0.80974111, -0.8013521 , ..., -0.02809878,
          0.        ,  0.14537711],
        [-0.97988171, -0.88644412, -0.87980235, ..., -0.17311997,
         -0.14537711,  0.        ]],

       [[ 0.        , -0.25103789, -0.38416153, ..., -0.        ,
         -0.15688419, -0.15688419],
        [ 0.25103789,  0.        , -0.14008491, ..., -0.25103789,
         -0.39978961, -0.39978961],
        [ 0.38416153,  0.14008491,  0.        , ..., -0.38416153,
         -0.52425028, -0.52425028],
        ...,
        [ 0.        ,  0.25103789,  0.38416153, ...,  0.        ,
          0.15688419,  0.15688419],
        [ 0.15688419,  0.39978961,  0.52425028, ..., -0.15688419,
          0.        ,  0.        ],
        [ 0.15688419,  0.39978961,  0.52425028, ..., -0.15688419,
          0.        ,  0.        ]],

       [[ 0.        , -0.15125687, -0.29805466, ...,  0.6990229 ,
          0.69188375,  0.69188375],
        [ 0.15125687,  0.        , -0.15024332, ...,  0.79914397,
          0.79313208,  0.79313208],
        [ 0.29805466,  0.15024332,  0.        , ...,  0.88039015,
          0.87563492,  0.87563492],
        ...,
        [-0.6990229 , -0.79914397, -0.88039015, ...,  0.        ,
         -0.0099352 , -0.0099352 ],
        [-0.69188375, -0.79313208, -0.87563492, ...,  0.0099352 ,
          0.        ,  0.        ],
        [-0.69188375, -0.79313208, -0.87563492, ...,  0.0099352 ,
          0.        ,  0.        ]]]), 'num': array([ 7.38740492e-01,  6.72584419e-01,  2.17618661e-06, -8.12101637e-08,
        1.32312146e-02,  1.32529764e-02,  1.31006434e-02,  2.25452932e-02,
        4.35237321e-05,  1.32051003e-02,  1.30723529e-02,  1.32257741e-02,
        2.65568535e-05,  1.32993867e-02,  1.28453192e-02])}
{'img': array([[[ 0.        ,  0.        ,  0.11764706, ...,  0.11764706,
          0.        ,  0.11764706],
        [ 0.        ,  0.        ,  0.11764706, ...,  0.11764706,
          0.        ,  0.11764706],
        [-0.11764706, -0.11764706,  0.        , ...,  0.        ,
         -0.11764706,  0.        ],
        ...,
        [-0.11764706, -0.11764706,  0.        , ...,  0.        ,
         -0.11764706,  0.        ],
        [ 0.        ,  0.        ,  0.11764706, ...,  0.11764706,
          0.        ,  0.11764706],
        [-0.11764706, -0.11764706,  0.        , ...,  0.        ,
         -0.11764706,  0.        ]],

       [[ 0.        , -0.27640149, -0.30721387, ..., -0.79156682,
         -0.92988937, -0.66792586],
        [ 0.27640149,  0.        , -0.03221066, ..., -0.59182502,
         -0.79199164, -0.4361993 ],
        [ 0.30721387,  0.03221066,  0.        , ..., -0.56555399,
         -0.77191504, -0.4069882 ],
        ...,
        [ 0.79156682,  0.59182502,  0.56555399, ...,  0.        ,
         -0.27706983,  0.18094816],
        [ 0.92988937,  0.79199164,  0.77191504, ...,  0.27706983,
          0.        ,  0.44636014],
        [ 0.66792586,  0.4361993 ,  0.4069882 , ..., -0.18094816,
         -0.44636014,  0.        ]],

       [[ 0.        ,  0.78740317,  0.97250627, ...,  0.99915521,
          0.99397698,  0.98143778],
        [-0.78740317,  0.        ,  0.4161223 , ...,  0.58355856,
          0.6990163 ,  0.75600472],
        [-0.97250627, -0.4161223 ,  0.        , ...,  0.19271397,
          0.33805012,  0.41506205],
        ...,
        [-0.99915521, -0.58355856, -0.19271397, ...,  0.        ,
          0.15034483,  0.23195187],
        [-0.99397698, -0.6990163 , -0.33805012, ..., -0.15034483,
          0.        ,  0.0830709 ],
        [-0.98143778, -0.75600472, -0.41506205, ..., -0.23195187,
         -0.0830709 ,  0.        ]],

       ...,

       [[ 0.        ,  0.01415819,  0.07113898, ...,  0.80974111,
          0.88644412,  0.9265883 ],
        [-0.01415819,  0.        ,  0.05700953, ...,  0.8013521 ,
          0.87980235,  0.92117085],
        [-0.07113898, -0.05700953,  0.        , ...,  0.76594611,
          0.85127258,  0.89748695],
        ...,
        [-0.80974111, -0.8013521 , -0.76594611, ...,  0.        ,
          0.14537711,  0.239185  ],
        [-0.88644412, -0.87980235, -0.85127258, ..., -0.14537711,
          0.        ,  0.09548658],
        [-0.9265883 , -0.92117085, -0.89748695, ..., -0.239185  ,
         -0.09548658,  0.        ]],

       [[ 0.        , -0.29801529, -0.44115632, ..., -0.15814742,
         -0.15814742, -0.22064902],
        [ 0.29801529,  0.        , -0.15366272, ..., -0.44522629,
         -0.44522629, -0.50129316],
        [ 0.44115632,  0.15366272,  0.        , ..., -0.57753087,
         -0.57753087, -0.62830037],
        ...,
        [ 0.15814742,  0.44522629,  0.57753087, ...,  0.        ,
          0.        ,  0.06362266],
        [ 0.15814742,  0.44522629,  0.57753087, ...,  0.        ,
          0.        ,  0.06362266],
        [ 0.22064902,  0.50129316,  0.62830037, ..., -0.06362266,
         -0.06362266,  0.        ]],

       [[ 0.        , -0.15024332, -0.28166131, ...,  0.79313208,
          0.79313208,  0.78766529],
        [ 0.15024332,  0.        , -0.13430363, ...,  0.87563492,
          0.87563492,  0.87128996],
        [ 0.28166131,  0.13430363,  0.        , ...,  0.93256698,
          0.93256698,  0.92930828],
        ...,
        [-0.79313208, -0.87563492, -0.93256698, ...,  0.        ,
          0.        , -0.00892408],
        [-0.79313208, -0.87563492, -0.93256698, ...,  0.        ,
          0.        , -0.00892408],
        [-0.78766529, -0.87128996, -0.92930828, ...,  0.00892408,
          0.00892408,  0.        ]]]), 'num': array([ 8.40383831e-01,  5.39974808e-01,  9.91448920e-06, -7.97824778e-08,
        1.50204511e-02,  1.51691685e-02,  1.49956649e-02,  1.95612872e-02,
       -4.95724460e-05,  1.50402801e-02,  1.48965200e-02,  1.50638270e-02,
        3.24474192e-05,  1.51611645e-02,  1.46318756e-02])}
{'img': array([[[ 0.        ,  0.11764706,  0.        , ...,  0.        ,
          0.11764706,  0.        ],
        [-0.11764706,  0.        , -0.11764706, ..., -0.11764706,
          0.        , -0.11764706],
        [ 0.        ,  0.11764706,  0.        , ...,  0.        ,
          0.11764706,  0.        ],
        ...,
        [ 0.        ,  0.11764706,  0.        , ...,  0.        ,
          0.11764706,  0.        ],
        [-0.11764706,  0.        , -0.11764706, ..., -0.11764706,
          0.        , -0.11764706],
        [ 0.        ,  0.11764706,  0.        , ...,  0.        ,
          0.11764706,  0.        ]],

       [[ 0.        , -0.03221066, -0.1979011 , ..., -0.79199164,
         -0.4361993 , -0.73433371],
        [ 0.03221066,  0.        , -0.16622481, ..., -0.77191504,
         -0.4069882 , -0.71208844],
        [ 0.1979011 ,  0.16622481,  0.        , ..., -0.65550268,
         -0.24949083, -0.58547704],
        ...,
        [ 0.79199164,  0.77191504,  0.65550268, ...,  0.        ,
          0.44636014,  0.08926074],
        [ 0.4361993 ,  0.4069882 ,  0.24949083, ..., -0.44636014,
          0.        , -0.36470312],
        [ 0.73433371,  0.71208844,  0.58547704, ..., -0.08926074,
          0.36470312,  0.        ]],

       [[ 0.        ,  0.61205395,  0.85745423, ...,  0.88140174,
          0.9229339 ,  0.9229339 ],
        [-0.61205395,  0.        ,  0.36314991, ...,  0.40791227,
          0.49425555,  0.49425555],
        [-0.85745423, -0.36314991,  0.        , ...,  0.04850085,
          0.14482082,  0.14482082],
        ...,
        [-0.88140174, -0.40791227, -0.04850085, ...,  0.        ,
          0.09666084,  0.09666084],
        [-0.9229339 , -0.49425555, -0.14482082, ..., -0.09666084,
          0.        ,  0.        ],
        [-0.9229339 , -0.49425555, -0.14482082, ..., -0.09666084,
          0.        ,  0.        ]],

       ...,

       [[ 0.        ,  0.05700953,  0.00141759, ...,  0.87980235,
          0.92117085,  0.97779469],
        [-0.05700953,  0.        , -0.05559419, ...,  0.85127258,
          0.89748695,  0.96425723],
        [-0.00141759,  0.05559419,  0.        , ...,  0.87912763,
          0.92061826,  0.97749663],
        ...,
        [-0.87980235, -0.85127258, -0.87912763, ...,  0.        ,
          0.09548658,  0.28040871],
        [-0.92117085, -0.89748695, -0.92061826, ..., -0.09548658,
          0.        ,  0.18747173],
        [-0.97779469, -0.96425723, -0.97749663, ..., -0.28040871,
         -0.18747173,  0.        ]],

       [[ 0.        , -0.33689835, -0.53383466, ..., -0.15996336,
         -0.2231667 , -0.2759753 ],
        [ 0.33689835,  0.        , -0.21774974, ..., -0.48317216,
         -0.53852247, -0.58365688],
        [ 0.53383466,  0.21774974,  0.        , ..., -0.66222369,
         -0.70907879, -0.74646469],
        ...,
        [ 0.15996336,  0.48317216,  0.66222369, ...,  0.        ,
          0.06436384,  0.11867041],
        [ 0.2231667 ,  0.53852247,  0.70907879, ..., -0.06436384,
          0.        ,  0.05451533],
        [ 0.2759753 ,  0.58365688,  0.74646469, ..., -0.11867041,
         -0.05451533,  0.        ]],

       [[ 0.        , -0.13430363, -0.25104786, ...,  0.87563492,
          0.87128996,  0.8725434 ],
        [ 0.13430363,  0.        , -0.11877092, ...,  0.93256698,
          0.92930828,  0.93025059],
        [ 0.25104786,  0.11877092,  0.        , ...,  0.96884192,
          0.96659302,  0.96724598],
        ...,
        [-0.87563492, -0.93256698, -0.96884192, ...,  0.        ,
         -0.00892408, -0.00636431],
        [-0.87128996, -0.92930828, -0.96659302, ...,  0.00892408,
          0.        ,  0.00255984],
        [-0.8725434 , -0.93025059, -0.96724598, ...,  0.00636431,
         -0.00255984,  0.        ]]]), 'num': array([ 9.68623007e-01,  2.42357922e-01,  2.40883942e-05, -1.62950902e-07,
        1.72920258e-02,  1.74067325e-02,  1.72346725e-02,  2.52136663e-02,
       -8.60299792e-05,  1.73837911e-02,  1.72361063e-02,  1.74268061e-02,
        3.39871523e-05,  1.75430806e-02,  1.69291321e-02])}
{'img': array([[[ 0.        , -0.11764706, -0.34800414, ...,  0.        ,
         -0.11764706, -0.29104578],
        [ 0.11764706,  0.        , -0.23529412, ...,  0.11764706,
          0.        , -0.17647059],
        [ 0.34800414,  0.23529412,  0.        , ...,  0.34800414,
          0.23529412,  0.06008535],
        ...,
        [ 0.        , -0.11764706, -0.34800414, ...,  0.        ,
         -0.11764706, -0.29104578],
        [ 0.11764706,  0.        , -0.23529412, ...,  0.11764706,
          0.        , -0.17647059],
        [ 0.29104578,  0.17647059, -0.06008535, ...,  0.29104578,
          0.17647059,  0.        ]],

       [[ 0.        , -0.16622481,  0.21301734, ..., -0.4069882 ,
         -0.71208844, -0.58709432],
        [ 0.16622481,  0.        ,  0.37246351, ..., -0.24949083,
         -0.58547704, -0.44436452],
        [-0.21301734, -0.37246351,  0.        , ..., -0.59222433,
         -0.84530218, -0.74606106],
        ...,
        [ 0.4069882 ,  0.24949083,  0.59222433, ...,  0.        ,
         -0.36470312, -0.20680708],
        [ 0.71208844,  0.58547704,  0.84530218, ...,  0.36470312,
          0.        ,  0.16425587],
        [ 0.58709432,  0.44436452,  0.74606106, ...,  0.20680708,
         -0.16425587,  0.        ]],

       [[ 0.        ,  0.36314991,  0.40791227, ...,  0.49425555,
          0.49425555,  0.4516129 ],
        [-0.36314991,  0.        ,  0.04850085, ...,  0.14482082,
          0.14482082,  0.09677419],
        [-0.40791227, -0.04850085,  0.        , ...,  0.09666084,
          0.09666084,  0.0483871 ],
        ...,
        [-0.49425555, -0.14482082, -0.09666084, ...,  0.        ,
          0.        , -0.0483871 ],
        [-0.49425555, -0.14482082, -0.09666084, ...,  0.        ,
          0.        , -0.0483871 ],
        [-0.4516129 , -0.09677419, -0.0483871 , ...,  0.0483871 ,
          0.0483871 ,  0.        ]],

       ...,

       [[ 0.        , -0.05559419, -0.17360151, ...,  0.89748695,
          0.96425723,  0.8642136 ],
        [ 0.05559419,  0.        , -0.11858298, ...,  0.92061826,
          0.97749663,  0.89084788],
        [ 0.17360151,  0.11858298,  0.        , ...,  0.96042488,
          0.99561476,  0.93843464],
        ...,
        [-0.89748695, -0.92061826, -0.96042488, ...,  0.        ,
          0.18747173, -0.07039457],
        [-0.96425723, -0.97749663, -0.99561476, ..., -0.18747173,
          0.        , -0.25615312],
        [-0.8642136 , -0.89084788, -0.93843464, ...,  0.07039457,
          0.25615312,  0.        ]],

       [[ 0.        , -0.43348917, -0.61262915, ..., -0.22645796,
         -0.28001572, -0.28677994],
        [ 0.43348917,  0.        , -0.20945908, ..., -0.6263021 ,
         -0.66848624, -0.67371536],
        [ 0.61262915,  0.20945908,  0.        , ..., -0.77569931,
         -0.80943734, -0.81355898],
        ...,
        [ 0.22645796,  0.6263021 ,  0.77569931, ...,  0.        ,
          0.05534258,  0.06238374],
        [ 0.28001572,  0.66848624,  0.80943734, ..., -0.05534258,
          0.        ,  0.00705335],
        [ 0.28677994,  0.67371536,  0.81355898, ..., -0.06238374,
         -0.00705335,  0.        ]],

       [[ 0.        , -0.11877092, -0.26005691, ...,  0.92930828,
          0.93025059,  0.93062905],
        [ 0.11877092,  0.        , -0.14353174, ...,  0.96659302,
          0.96724598,  0.96750763],
        [ 0.26005691,  0.14353174,  0.        , ...,  0.99337413,
          0.99366507,  0.99378061],
        ...,
        [-0.92930828, -0.96659302, -0.99337413, ...,  0.        ,
          0.00255984,  0.00359262],
        [-0.93025059, -0.96724598, -0.99366507, ..., -0.00255984,
          0.        ,  0.00103279],
        [-0.93062905, -0.96750763, -0.99378061, ..., -0.00359262,
