state_0,state_1,state_2,state_3,state_4,state_5,state_6,state_7,state_8,state_9,state_10,state_11,state_12,state_13,state_14,state_15,state_16,state_17,state_18,state_19,state_20,state_21,state_22,state_23,state_24,state_25,state_26,state_27,state_28,state_29,state_30,state_31,state_32,state_33,state_34,state_35,state_36,state_37,state_38,state_39,state_40,state_41,state_42,state_43,state_44,state_45,state_46,state_47,state_48,state_49,state_50,state_51,state_52,state_53,state_54,state_55,state_56,state_57,state_58,state_59,state_60,state_61,state_62,state_63,state_64,state_65,state_66,state_67,state_68,state_69,state_70,state_71,state_72,state_73,state_74,state_75,state_76,state_77,state_78,state_79,state_80,state_81,state_82,state_83,state_84,state_85,state_86,state_87,state_88,state_89,state_90,state_91,state_92,state_93,state_94,state_95,state_96,state_97,state_98,state_99,state_100,state_101,state_102,state_103,state_104,state_105,state_106,state_107,state_108,state_109,state_110,state_111,state_112,state_113,state_114,state_115,state_116,state_117,state_118,state_119,state_120,state_121,state_122,state_123,state_124,state_125,state_126,state_127,state_128,state_129,state_130,state_131,state_132,state_133,state_134,state_135,state_136,state_137,state_138,state_139,state_140,state_141,state_142,state_143,state_144,state_145,state_146,state_147,state_148,state_149,state_150,state_151,state_152,state_153,state_154,state_155,state_156,state_157,state_158,state_159,state_160,state_161,state_162,state_163,state_164,state_165,state_166,state_167,state_168,state_169,state_170,state_171,state_172,state_173,state_174,state_175,state_176,state_177,state_178,state_179,state_180,state_181,state_182,state_183,state_184,state_185,state_186,state_187,state_188,state_189,state_190,state_191,state_192,state_193,state_194,state_195,state_196,state_197,state_198,state_199,state_200,state_201,state_202,state_203,state_204,state_205,state_206,state_207,state_208,state_209,state_210,state_211,state_212,state_213,state_214,state_215,state_216,state_217,state_218,state_219,state_220,state_221,state_222,state_223,state_224,state_225,state_226,state_227,state_228,state_229,state_230,state_231,state_232,state_233,state_234,state_235,state_236,state_237,state_238,state_239,state_240,state_241,state_242,state_243,state_244,state_245,state_246,state_247,state_248,state_249,state_250,state_251,state_252,state_253,state_254,state_255,state_256,state_257,state_258,state_259,state_260,state_261,state_262,state_263,state_264,state_265,state_266,state_267,state_268,state_269,state_270,state_271,state_272,state_273,state_274,state_275,state_276,state_277,state_278,state_279,state_280,state_281,state_282,state_283,state_284,state_285,state_286,state_287
{'img': array([[[ 0.        ,  0.08981732,  0.19854684, ..., -0.66256166,
         -0.67374285, -0.76007966],
        [-0.08981732,  0.        ,  0.10971518, ..., -0.72715759,
         -0.73739169, -0.81537359],
        [-0.19854684, -0.10971518,  0.        , ..., -0.79808403,
         -0.80704891, -0.87396921],
        ...,
        [ 0.66256166,  0.72715759,  0.79808403, ...,  0.        ,
         -0.0150279 , -0.13875288],
        [ 0.67374285,  0.73739169,  0.80704891, ...,  0.0150279 ,
          0.        , -0.12385467],
        [ 0.76007966,  0.81537359,  0.87396921, ...,  0.13875288,
          0.12385467,  0.        ]],

       [[ 0.        ,  0.26219001,  0.02367365, ..., -0.41221941,
         -0.24124447,  0.22796106],
        [-0.26219001,  0.        , -0.23927107, ..., -0.63667572,
         -0.4872509 , -0.03530048],
        [-0.02367365,  0.23927107,  0.        , ..., -0.43367258,
         -0.26415129,  0.20484684],
        ...,
        [ 0.41221941,  0.63667572,  0.43367258, ...,  0.        ,
          0.18025013,  0.60905759],
        [ 0.24124447,  0.4872509 ,  0.26415129, ..., -0.18025013,
          0.        ,  0.45612065],
        [-0.22796106,  0.03530048, -0.20484684, ..., -0.60905759,
         -0.45612065,  0.        ]],

       [[ 0.        ,  0.13509142,  0.18472269, ..., -0.31553595,
         -0.50921779, -0.7553196 ],
        [-0.13509142,  0.        ,  0.05026277, ..., -0.44083357,
         -0.62081463, -0.83692875],
        [-0.18472269, -0.05026277,  0.        , ..., -0.48539167,
         -0.65943381, -0.86338031],
        ...,
        [ 0.31553595,  0.44083357,  0.48539167, ...,  0.        ,
         -0.21164156, -0.50994448],
        [ 0.50921779,  0.62081463,  0.65943381, ...,  0.21164156,
          0.        , -0.31633728],
        [ 0.7553196 ,  0.83692875,  0.86338031, ...,  0.50994448,
          0.31633728,  0.        ]],

       ...,

       [[ 0.        , -0.21869616,  0.14200173, ..., -0.23000132,
         -0.36192629, -0.43553452],
        [ 0.21869616,  0.        ,  0.35504427, ..., -0.01160069,
         -0.14929512, -0.22812737],
        [-0.14200173, -0.35504427,  0.        , ..., -0.36586528,
         -0.49063364, -0.55894697],
        ...,
        [ 0.23000132,  0.01160069,  0.36586528, ...,  0.        ,
         -0.13781439, -0.21681722],
        [ 0.36192629,  0.14929512,  0.49063364, ...,  0.13781439,
          0.        , -0.08021227],
        [ 0.43553452,  0.22812737,  0.55894697, ...,  0.21681722,
          0.08021227,  0.        ]],

       [[ 0.        , -0.06792334, -0.21014912, ..., -0.96605923,
         -0.99803277, -0.99343992],
        [ 0.06792334,  0.        , -0.14325722, ..., -0.98137416,
         -0.99998627, -0.98337823],
        [ 0.21014912,  0.14325722,  0.        , ..., -0.99877235,
         -0.98892122, -0.9472241 ],
        ...,
        [ 0.96605923,  0.98137416,  0.99877235, ...,  0.        ,
          0.19724595,  0.36709999],
        [ 0.99803277,  0.99998627,  0.98892122, ..., -0.19724595,
          0.        ,  0.17641343],
        [ 0.99343992,  0.98337823,  0.9472241 , ..., -0.36709999,
         -0.17641343,  0.        ]],

       [[ 0.        , -0.01698045, -0.00371785, ..., -0.33070721,
         -0.43784514, -0.57201815],
        [ 0.01698045,  0.        ,  0.01326303, ..., -0.31463451,
         -0.42251573, -0.55800762],
        [ 0.00371785, -0.01326303,  0.        , ..., -0.32719627,
         -0.43449959, -0.56896467],
        ...,
        [ 0.33070721,  0.31463451,  0.32719627, ...,  0.        ,
         -0.11588664, -0.26857304],
        [ 0.43784514,  0.42251573,  0.43449959, ...,  0.11588664,
          0.        , -0.15513463],
        [ 0.57201815,  0.55800762,  0.56896467, ...,  0.26857304,
          0.15513463,  0.        ]]]), 'num': array([ 7.07103787e-01,  7.07103787e-01,  0.00000000e+00,  0.00000000e+00,
        6.15709420e-04,  6.31743520e-04,  6.14907715e-04,  2.26346167e-03,
       -1.68358045e-05,  6.34789999e-04,  6.64212571e-04,  6.76892872e-04,
        1.99149643e-07,  7.03084930e-04,  6.25340213e-04])}
{'img': array([[[ 0.        ,  0.10971518,  0.19185426, ..., -0.73739169,
         -0.81537359, -0.97423584],
        [-0.10971518,  0.        ,  0.083019  , ..., -0.80704891,
         -0.87396921, -0.99309869],
        [-0.19185426, -0.083019  ,  0.        , ..., -0.85328439,
         -0.91129792, -0.99940709],
        ...,
        [ 0.73739169,  0.80704891,  0.85328439, ...,  0.        ,
         -0.12385467, -0.49175742],
        [ 0.81537359,  0.87396921,  0.91129792, ...,  0.12385467,
          0.        , -0.38012681],
        [ 0.97423584,  0.99309869,  0.99940709, ...,  0.49175742,
          0.38012681,  0.        ]],

       [[ 0.        , -0.23927107, -0.39173479, ..., -0.4872509 ,
         -0.03530048,  0.32248818],
        [ 0.23927107,  0.        , -0.16020791, ..., -0.26415129,
          0.20484684,  0.53960845],
        [ 0.39173479,  0.16020791,  0.        , ..., -0.10622181,
          0.35901143,  0.6675201 ],
        ...,
        [ 0.4872509 ,  0.26415129,  0.10622181, ...,  0.        ,
          0.45612065,  0.74283547],
        [ 0.03530048, -0.20484684, -0.35901143, ..., -0.45612065,
          0.        ,  0.35570169],
        [-0.32248818, -0.53960845, -0.6675201 , ..., -0.74283547,
         -0.35570169,  0.        ]],

       [[ 0.        ,  0.05026277,  0.17010878, ..., -0.62081463,
         -0.83692875, -0.95893436],
        [-0.05026277,  0.        ,  0.12036356, ..., -0.65943381,
         -0.86338031, -0.97197823],
        [-0.17010878, -0.12036356,  0.        , ..., -0.74512447,
         -0.91783331, -0.9932058 ],
        ...,
        [ 0.62081463,  0.65943381,  0.74512447, ...,  0.        ,
         -0.31633728, -0.57568321],
        [ 0.83692875,  0.86338031,  0.91783331, ...,  0.31633728,
          0.        , -0.28745964],
        [ 0.95893436,  0.97197823,  0.9932058 , ...,  0.57568321,
          0.28745964,  0.        ]],

       ...,

       [[ 0.        ,  0.35504427,  0.43646624, ..., -0.14929512,
         -0.22812737, -0.65007656],
        [-0.35504427,  0.        ,  0.08858958, ..., -0.49063364,
         -0.55894697, -0.87751077],
        [-0.43646624, -0.08858958,  0.        , ..., -0.56589852,
         -0.63020809, -0.91654433],
        ...,
        [ 0.14929512,  0.49063364,  0.56589852, ...,  0.        ,
         -0.08021227, -0.52934625],
        [ 0.22812737,  0.55894697,  0.63020809, ...,  0.08021227,
          0.        , -0.45958803],
        [ 0.65007656,  0.87751077,  0.91654433, ...,  0.52934625,
          0.45958803,  0.        ]],

       [[ 0.        , -0.14325722, -0.20022526, ..., -0.99998627,
         -0.98337823, -0.89799672],
        [ 0.14325722,  0.        , -0.05780379, ..., -0.98892122,
         -0.9472241 , -0.82570084],
        [ 0.20022526,  0.05780379,  0.        , ..., -0.97868724,
         -0.92711003, -0.79171264],
        ...,
        [ 0.99998627,  0.98892122,  0.97868724, ...,  0.        ,
          0.17641343,  0.43529053],
        [ 0.98337823,  0.9472241 ,  0.92711003, ..., -0.17641343,
          0.        ,  0.26964026],
        [ 0.89799672,  0.82570084,  0.79171264, ..., -0.43529053,
         -0.26964026,  0.        ]],

       [[ 0.        ,  0.01326303,  0.01717755, ..., -0.42251573,
         -0.55800762, -0.76486818],
        [-0.01326303,  0.        ,  0.00391497, ..., -0.43449959,
         -0.56896467, -0.77334477],
        [-0.01717755, -0.00391497,  0.        , ..., -0.43802236,
         -0.57217983, -0.77582088],
        ...,
        [ 0.42251573,  0.43449959,  0.43802236, ...,  0.        ,
         -0.15513463, -0.42106348],
        [ 0.55800762,  0.56896467,  0.57217983, ...,  0.15513463,
          0.        , -0.27525387],
        [ 0.76486818,  0.77334477,  0.77582088, ...,  0.42106348,
          0.27525387,  0.        ]]]), 'num': array([7.07104870e-01, 7.07104870e-01, 0.00000000e+00, 0.00000000e+00,
       6.31744487e-04, 6.33347900e-04, 6.14106951e-04, 1.43217598e-03,
       1.60341240e-05, 6.31744487e-04, 6.62369664e-04, 6.75998670e-04,
       2.21329933e-07, 7.03654342e-04, 6.21084986e-04])}
{'img': array([[[ 0.        ,  0.083019  ,  0.1174797 , ..., -0.87396921,
         -0.99309869, -0.88168611],
        [-0.083019  ,  0.        ,  0.03463005, ..., -0.91129792,
         -0.99940709, -0.91781388],
        [-0.1174797 , -0.03463005,  0.        , ..., -0.92501016,
         -0.99999998, -0.93101188],
        ...,
        [ 0.87396921,  0.91129792,  0.92501016, ...,  0.        ,
         -0.38012681, -0.01611246],
        [ 0.99309869,  0.99940709,  0.99999998, ...,  0.38012681,
          0.        ,  0.3651745 ],
        [ 0.88168611,  0.91781388,  0.93101188, ...,  0.01611246,
         -0.3651745 ,  0.        ]],

       [[ 0.        , -0.16020791, -0.56841504, ...,  0.20484684,
          0.53960845,  0.04499705],
        [ 0.16020791,  0.        , -0.42926322, ...,  0.35901143,
          0.6675201 ,  0.20446147],
        [ 0.56841504,  0.42926322,  0.        , ...,  0.72489734,
          0.92251629,  0.60486027],
        ...,
        [-0.20484684, -0.35901143, -0.72489734, ...,  0.        ,
          0.35570169, -0.16059651],
        [-0.53960845, -0.6675201 , -0.92251629, ..., -0.35570169,
          0.        , -0.50117815],
        [-0.04499705, -0.20446147, -0.60486027, ...,  0.16059651,
          0.50117815,  0.        ]],

       [[ 0.        ,  0.12036356,  0.25473483, ..., -0.86338031,
         -0.97197823, -0.99838322],
        [-0.12036356,  0.        ,  0.13649   , ..., -0.91783331,
         -0.9932058 , -0.99796649],
        [-0.25473483, -0.13649   ,  0.        , ..., -0.96342561,
         -0.99979433, -0.97992699],
        ...,
        [ 0.86338031,  0.91783331,  0.96342561, ...,  0.        ,
         -0.28745964, -0.45466221],
        [ 0.97197823,  0.9932058 ,  0.99979433, ...,  0.28745964,
          0.        , -0.17944224],
        [ 0.99838322,  0.99796649,  0.97992699, ...,  0.45466221,
          0.17944224,  0.        ]],

       ...,

       [[ 0.        ,  0.08858958,  0.12091831, ..., -0.55894697,
         -0.87751077, -0.738425  ],
        [-0.08858958,  0.        ,  0.03250334, ..., -0.63020809,
         -0.91654433, -0.79526078],
        [-0.12091831, -0.03250334,  0.        , ..., -0.65511155,
         -0.92905922, -0.8145463 ],
        ...,
        [ 0.55894697,  0.63020809,  0.65511155, ...,  0.        ,
         -0.45958803, -0.23538668],
        [ 0.87751077,  0.91654433,  0.92905922, ...,  0.45958803,
          0.        ,  0.23761994],
        [ 0.738425  ,  0.79526078,  0.8145463 , ...,  0.23538668,
         -0.23761994,  0.        ]],

       [[ 0.        , -0.05780379, -0.1405276 , ..., -0.9472241 ,
         -0.82570084, -0.80846991],
        [ 0.05780379,  0.        , -0.08306244, ..., -0.92711003,
         -0.79171264, -0.77309841],
        [ 0.1405276 ,  0.08306244,  0.        , ..., -0.89277534,
         -0.73823443, -0.7177415 ],
        ...,
        [ 0.9472241 ,  0.92711003,  0.89277534, ...,  0.        ,
          0.26964026,  0.298304  ],
        [ 0.82570084,  0.79171264,  0.73823443, ..., -0.26964026,
          0.        ,  0.02989137],
        [ 0.80846991,  0.77309841,  0.7177415 , ..., -0.298304  ,
         -0.02989137,  0.        ]],

       [[ 0.        ,  0.00391497,  0.01692872, ..., -0.56896467,
         -0.77334477, -0.85986689],
        [-0.00391497,  0.        ,  0.01301418, ..., -0.57217983,
         -0.77582088, -0.86185897],
        [-0.01692872, -0.01301418,  0.        , ..., -0.58280467,
         -0.78396652, -0.86838609],
        ...,
        [ 0.56896467,  0.57217983,  0.58280467, ...,  0.        ,
         -0.27525387, -0.41665495],
        [ 0.77334477,  0.77582088,  0.78396652, ...,  0.27525387,
          0.        , -0.15033665],
        [ 0.85986689,  0.86185897,  0.86838609, ...,  0.41665495,
          0.15033665,  0.        ]]]), 'num': array([ 7.91640862e-01,  6.10980380e-01,  2.24144519e-06, -2.84303967e-11,
        7.19762877e-04,  7.20655883e-04,  7.02795762e-04,  1.86865981e-03,
        1.60741089e-05,  7.05117578e-04,  7.36908593e-04,  7.52149230e-04,
        3.45149578e-07,  7.83562839e-04,  6.90254347e-04])}
{'img': array([[[ 0.        ,  0.03463005, -0.03378918, ..., -0.99940709,
         -0.91781388, -0.77699519],
        [-0.03463005,  0.        , -0.06837919, ..., -0.99999998,
         -0.93101188, -0.79832899],
        [ 0.03378918,  0.06837919,  0.        , ..., -0.99767302,
         -0.90387512, -0.75528101],
        ...,
        [ 0.99940709,  0.99999998,  0.99767302, ...,  0.        ,
          0.3651745 ,  0.60238075],
        [ 0.91781388,  0.93101188,  0.90387512, ..., -0.3651745 ,
          0.        ,  0.26929425],
        [ 0.77699519,  0.79832899,  0.75528101, ..., -0.60238075,
         -0.26929425,  0.        ]],

       [[ 0.        , -0.42926322, -0.27788375, ...,  0.6675201 ,
          0.20446147,  0.36205957],
        [ 0.42926322,  0.        ,  0.16137768, ...,  0.92251629,
          0.60486027,  0.7271446 ],
        [ 0.27788375, -0.16137768,  0.        , ...,  0.84813959,
          0.46842205,  0.60683046],
        ...,
        [-0.6675201 , -0.92251629, -0.84813959, ...,  0.        ,
         -0.50117815, -0.3526456 ],
        [-0.20446147, -0.60486027, -0.46842205, ...,  0.50117815,
          0.        ,  0.16382114],
        [-0.36205957, -0.7271446 , -0.60683046, ...,  0.3526456 ,
         -0.16382114,  0.        ]],

       [[ 0.        ,  0.13649   ,  0.21306607, ..., -0.9932058 ,
         -0.99796649, -0.99978366],
        [-0.13649   ,  0.        ,  0.07771619, ..., -0.99979433,
         -0.97992699, -0.99326612],
        [-0.21306607, -0.07771619,  0.        , ..., -0.99519434,
         -0.96146997, -0.98125818],
        ...,
        [ 0.9932058 ,  0.99979433,  0.99519434, ...,  0.        ,
         -0.17944224, -0.09568734],
        [ 0.99796649,  0.97992699,  0.96146997, ...,  0.17944224,
          0.        ,  0.08448466],
        [ 0.99978366,  0.99326612,  0.98125818, ...,  0.09568734,
         -0.08448466,  0.        ]],

       ...,

       [[ 0.        ,  0.03250334,  0.0431427 , ..., -0.91654433,
         -0.79526078, -0.36279396],
        [-0.03250334,  0.        ,  0.01064683, ..., -0.92905922,
         -0.8145463 , -0.39289113],
        [-0.0431427 , -0.01064683,  0.        , ..., -0.93294515,
         -0.82067635, -0.40265953],
        ...,
        [ 0.91654433,  0.92905922,  0.93294515, ...,  0.        ,
          0.23761994,  0.70900629],
        [ 0.79526078,  0.8145463 ,  0.82067635, ..., -0.23761994,
          0.        ,  0.52112898],
        [ 0.36279396,  0.39289113,  0.40265953, ..., -0.70900629,
         -0.52112898,  0.        ]],

       [[ 0.        , -0.08306244, -0.15571053, ..., -0.79171264,
         -0.77309841, -0.77975692],
        [ 0.08306244,  0.        , -0.07312313, ..., -0.73823443,
         -0.7177415 , -0.72505841],
        [ 0.15571053,  0.07312313,  0.        , ..., -0.68693333,
         -0.6649037 , -0.6727584 ],
        ...,
        [ 0.79171264,  0.73823443,  0.68693333, ...,  0.        ,
          0.02989137,  0.01932876],
        [ 0.77309841,  0.7177415 ,  0.6649037 , ..., -0.02989137,
          0.        , -0.01056567],
        [ 0.77975692,  0.72505841,  0.6727584 , ..., -0.01932876,
          0.01056567,  0.        ]],

       [[ 0.        ,  0.01301418,  0.02114449, ..., -0.77582088,
         -0.86185897, -0.88825427],
        [-0.01301418,  0.        ,  0.00813143, ..., -0.78396652,
         -0.86838609, -0.89415713],
        [-0.02114449, -0.00813143,  0.        , ..., -0.78898862,
         -0.87238967, -0.89776845],
        ...,
        [ 0.77582088,  0.78396652,  0.78898862, ...,  0.        ,
         -0.15033665, -0.20407193],
        [ 0.86185897,  0.86838609,  0.87238967, ...,  0.15033665,
          0.        , -0.05457967],
        [ 0.88825427,  0.89415713,  0.89776845, ...,  0.20407193,
          0.05457967,  0.        ]]]), 'num': array([ 9.37774995e-01,  3.47229287e-01,  7.51330417e-06,  5.40923826e-09,
        8.44843645e-04,  8.65266074e-04,  8.41619051e-04,  1.95554432e-03,
       -2.14972938e-05,  8.46348455e-04,  8.84291179e-04,  9.03871631e-04,
        3.58288229e-07,  9.43050405e-04,  8.25531953e-04])}
{'img': array([[[ 0.        , -0.06837919,  0.37090888, ..., -0.93101188,
         -0.79832899, -0.9424494 ],
        [ 0.06837919,  0.        ,  0.43354238, ..., -0.90387512,
         -0.75528101, -0.917381  ],
        [-0.37090888, -0.43354238,  0.        , ..., -0.99997973,
         -0.96475293, -0.99923673],
        ...,
        [ 0.93101188,  0.90387512,  0.99997973, ...,  0.        ,
          0.26929425, -0.03270081],
        [ 0.79832899,  0.75528101,  0.96475293, ..., -0.26929425,
          0.        , -0.300643  ],
        [ 0.9424494 ,  0.917381  ,  0.99923673, ...,  0.03270081,
          0.300643  ,  0.        ]],

       [[ 0.        ,  0.16137768,  0.96934351, ...,  0.60486027,
          0.7271446 ,  0.61940789],
        [-0.16137768,  0.        ,  0.91698602, ...,  0.46842205,
          0.60683046,  0.48459647],
        [-0.96934351, -0.91698602,  0.        , ..., -0.62329897,
         -0.48677278, -0.60880745],
        ...,
        [-0.60486027, -0.46842205,  0.62329897, ...,  0.        ,
          0.16382114,  0.01839685],
        [-0.7271446 , -0.60683046,  0.48677278, ..., -0.16382114,
          0.        , -0.14564511],
        [-0.61940789, -0.48459647,  0.60880745, ..., -0.01839685,
          0.14564511,  0.        ]],

       [[ 0.        ,  0.07771619,  0.24652785, ..., -0.97992699,
         -0.99326612, -0.97181902],
        [-0.07771619,  0.        ,  0.1704647 , ..., -0.96146997,
         -0.98125818, -0.95055988],
        [-0.24652785, -0.1704647 ,  0.        , ..., -0.90053525,
         -0.93404813, -0.88371094],
        ...,
        [ 0.97992699,  0.96146997,  0.90053525, ...,  0.        ,
          0.08448466, -0.03725778],
        [ 0.99326612,  0.98125818,  0.93404813, ..., -0.08448466,
          0.        , -0.12155058],
        [ 0.97181902,  0.95055988,  0.88371094, ...,  0.03725778,
          0.12155058,  0.        ]],

       ...,

       [[ 0.        ,  0.01064683,  0.55725822, ..., -0.8145463 ,
         -0.39289113, -0.5923977 ],
        [-0.01064683,  0.        ,  0.54838615, ..., -0.82067635,
         -0.40265953, -0.6009417 ],
        [-0.55725822, -0.54838615,  0.        , ..., -0.99961445,
         -0.83867922, -0.94084374],
        ...,
        [ 0.8145463 ,  0.82067635,  0.99961445, ...,  0.        ,
          0.52112898,  0.31258667],
        [ 0.39289113,  0.40265953,  0.83867922, ..., -0.52112898,
          0.        , -0.22822899],
        [ 0.5923977 ,  0.6009417 ,  0.94084374, ..., -0.31258667,
          0.22822899,  0.        ]],

       [[ 0.        , -0.07312313, -0.03290384, ..., -0.7177415 ,
         -0.72505841, -0.72729924],
        [ 0.07312313,  0.        ,  0.04026779, ..., -0.6649037 ,
         -0.6727584 , -0.6751663 ],
        [ 0.03290384, -0.04026779,  0.        , ..., -0.6944416 ,
         -0.70200535, -0.70432285],
        ...,
        [ 0.7177415 ,  0.6649037 ,  0.6944416 , ...,  0.        ,
         -0.01056567, -0.01382479],
        [ 0.72505841,  0.6727584 ,  0.70200535, ...,  0.01056567,
          0.        , -0.00325936],
        [ 0.72729924,  0.6751663 ,  0.70432285, ...,  0.01382479,
          0.00325936,  0.        ]],

       [[ 0.        ,  0.00813143, -0.00281662, ..., -0.86838609,
         -0.89415713, -0.95870003],
        [-0.00813143,  0.        , -0.01094793, ..., -0.87238967,
         -0.89776845, -0.96098107],
        [ 0.00281662,  0.01094793,  0.        , ..., -0.86698592,
         -0.89289243, -0.95789512],
        ...,
        [ 0.86838609,  0.87238967,  0.86698592, ...,  0.        ,
         -0.05457967, -0.22842286],
        [ 0.89415713,  0.89776845,  0.89289243, ...,  0.05457967,
          0.        , -0.17494569],
        [ 0.95870003,  0.96098107,  0.95789512, ...,  0.22842286,
          0.17494569,  0.        ]]]), 'num': array([ 9.90765077e-01,  1.35527161e-01,  1.03917122e-05, -1.18433470e-08,
        8.98359155e-04,  9.01633855e-04,  8.59062765e-04,  3.25248585e-03,
        4.03879572e-05,  8.66922043e-04,  8.96994697e-04,  9.17079519e-04,
        5.11506965e-07,  9.55882151e-04,  8.38107244e-04])}
{'img': array([[[ 0.        ,  0.43354238,  0.19681009, ..., -0.75528101,
         -0.917381  , -0.57843783],
        [-0.43354238,  0.        , -0.2477109 , ..., -0.96475293,
         -0.99923673, -0.87490152],
        [-0.19681009,  0.2477109 ,  0.        , ..., -0.86949849,
         -0.97777094, -0.72766773],
        ...,
        [ 0.75528101,  0.96475293,  0.86949849, ...,  0.        ,
         -0.300643  ,  0.23699392],
        [ 0.917381  ,  0.99923673,  0.97777094, ...,  0.300643  ,
          0.        ,  0.51810783],
        [ 0.57843783,  0.87490152,  0.72766773, ..., -0.23699392,
         -0.51810783,  0.        ]],

       [[ 0.        ,  0.91698602,  0.54088751, ...,  0.60683046,
          0.48459647,  0.88554986],
        [-0.91698602,  0.        , -0.55550181, ..., -0.48677278,
         -0.60880745, -0.07271771],
        [-0.54088751,  0.55550181,  0.        , ...,  0.08048771,
         -0.06554312,  0.49356527],
        ...,
        [-0.60683046,  0.48677278, -0.08048771, ...,  0.        ,
         -0.14564511,  0.42196308],
        [-0.48459647,  0.60880745,  0.06554312, ...,  0.14564511,
          0.        ,  0.5495074 ],
        [-0.88554986,  0.07271771, -0.49356527, ..., -0.42196308,
         -0.5495074 ,  0.        ]],

       [[ 0.        ,  0.1704647 ,  0.25348907, ..., -0.98125818,
         -0.95055988, -0.99996051],
        [-0.1704647 ,  0.        ,  0.08488193, ..., -0.93404813,
         -0.88371094, -0.98381   ],
        [-0.25348907, -0.08488193,  0.        , ..., -0.90036183,
         -0.8407941 , -0.96504736],
        ...,
        [ 0.98125818,  0.93404813,  0.90036183, ...,  0.        ,
         -0.12155058,  0.18396984],
        [ 0.95055988,  0.88371094,  0.8407941 , ...,  0.12155058,
          0.        ,  0.30208169],
        [ 0.99996051,  0.98381   ,  0.96504736, ..., -0.18396984,
         -0.30208169,  0.        ]],

       ...,

       [[ 0.        ,  0.54838615,  0.1689886 , ..., -0.40265953,
         -0.6009417 , -0.10251802],
        [-0.54838615,  0.        , -0.39918673, ..., -0.83867922,
         -0.94084374, -0.63122494],
        [-0.1689886 ,  0.39918673,  0.        , ..., -0.55155217,
         -0.72737034, -0.26914183],
        ...,
        [ 0.40265953,  0.83867922,  0.55155217, ...,  0.        ,
         -0.22822899,  0.30669812],
        [ 0.6009417 ,  0.94084374,  0.72737034, ...,  0.22822899,
          0.        ,  0.5158335 ],
        [ 0.10251802,  0.63122494,  0.26914183, ..., -0.30669812,
         -0.5158335 ,  0.        ]],

       [[ 0.        ,  0.04026779, -0.19895067, ..., -0.6727584 ,
         -0.6751663 , -0.72643153],
        [-0.04026779,  0.        , -0.23825212, ..., -0.70200535,
         -0.70432285, -0.75351593],
        [ 0.19895067,  0.23825212,  0.        , ..., -0.51211353,
         -0.51491033, -0.57518318],
        ...,
        [ 0.6727584 ,  0.70200535,  0.51211353, ...,  0.        ,
         -0.00325936, -0.07511357],
        [ 0.6751663 ,  0.70432285,  0.51491033, ...,  0.00325936,
          0.        , -0.07186302],
        [ 0.72643153,  0.75351593,  0.57518318, ...,  0.07511357,
          0.07186302,  0.        ]],

       [[ 0.        , -0.01094793,  0.07319298, ..., -0.89776845,
         -0.96098107, -0.96354136],
        [ 0.01094793,  0.        ,  0.08410716, ..., -0.89289243,
         -0.95789512, -0.9605544 ],
        [-0.07319298, -0.08410716,  0.        , ..., -0.92759959,
         -0.97864973, -0.98054042],
        ...,
        [ 0.89776845,  0.89289243,  0.92759959, ...,  0.        ,
         -0.17494569, -0.18420247],
        [ 0.96098107,  0.95789512,  0.97864973, ...,  0.17494569,
          0.        , -0.00940964],
        [ 0.96354136,  0.9605544 ,  0.98054042, ...,  0.18420247,
          0.00940964,  0.        ]]]), 'num': array([ 9.88716461e-01,  1.49757926e-01,  1.02813546e-05,  3.18905442e-08,
        8.95366633e-04,  9.09631053e-04,  8.92074844e-04,  2.41524052e-03,
       -7.68084122e-06,  8.81980024e-04,  9.00304317e-04,  9.20969437e-04,
        4.99692554e-07,  9.58744262e-04,  8.41864372e-04])}
{'img': array([[[ 0.        , -0.2477109 , -0.1673422 , ..., -0.99923673,
         -0.87490152, -0.9179093 ],
        [ 0.2477109 ,  0.        ,  0.08209109, ..., -0.97777094,
         -0.72766773, -0.79101245],
        [ 0.1673422 , -0.08209109,  0.        , ..., -0.99168332,
         -0.78152045, -0.83856598],
        ...,
        [ 0.99923673,  0.97777094,  0.99168332, ...,  0.        ,
          0.51810783,  0.43234406],
        [ 0.87490152,  0.72766773,  0.78152045, ..., -0.51810783,
          0.        , -0.09739186],
        [ 0.9179093 ,  0.79101245,  0.83856598, ..., -0.43234406,
          0.09739186,  0.        ]],

       [[ 0.        , -0.55550181, -0.80752043, ..., -0.60880745,
         -0.07271771, -0.43745938],
        [ 0.55550181,  0.        , -0.34380864, ..., -0.06554312,
          0.49356527,  0.13577425],
        [ 0.80752043,  0.34380864,  0.        , ...,  0.28152177,
          0.76249078,  0.46812232],
        ...,
        [ 0.60880745,  0.06554312, -0.28152177, ...,  0.        ,
          0.5495074 ,  0.20041848],
        [ 0.07271771, -0.49356527, -0.76249078, ..., -0.5495074 ,
          0.        , -0.3709107 ],
        [ 0.43745938, -0.13577425, -0.46812232, ..., -0.20041848,
          0.3709107 ,  0.        ]],

       [[ 0.        ,  0.08488193,  0.17184741, ..., -0.88371094,
         -0.98381   , -0.99479632],
        [-0.08488193,  0.        ,  0.08760803, ..., -0.8407941 ,
         -0.96504736, -0.9998542 ],
        [-0.17184741, -0.08760803,  0.        , ..., -0.79013422,
         -0.93837686, -0.99750575],
        ...,
        [ 0.88371094,  0.8407941 ,  0.79013422, ...,  0.        ,
          0.30208169,  0.55563326],
        [ 0.98381   ,  0.96504736,  0.93837686, ..., -0.30208169,
          0.        ,  0.2785162 ],
        [ 0.99479632,  0.9998542 ,  0.99750575, ..., -0.55563326,
         -0.2785162 ,  0.        ]],

       ...,

       [[ 0.        , -0.39918673, -0.26451379, ..., -0.94084374,
         -0.63122494, -0.66789829],
        [ 0.39918673,  0.        ,  0.14244379, ..., -0.72737034,
         -0.26914183, -0.31527992],
        [ 0.26451379, -0.14244379,  0.        , ..., -0.81770463,
         -0.40358506, -0.44724396],
        ...,
        [ 0.94084374,  0.72737034,  0.81770463, ...,  0.        ,
          0.5158335 ,  0.47391421],
        [ 0.63122494,  0.26914183,  0.40358506, ..., -0.5158335 ,
          0.        , -0.04823101],
        [ 0.66789829,  0.31527992,  0.44724396, ..., -0.47391421,
          0.04823101,  0.        ]],

       [[ 0.        , -0.23825212, -0.20886074, ..., -0.70432285,
         -0.75351593, -0.80858067],
        [ 0.23825212,  0.        ,  0.03015132, ..., -0.51491033,
         -0.57518318, -0.64511219],
        [ 0.20886074, -0.03015132,  0.        , ..., -0.54052326,
         -0.59958619, -0.66785715],
        ...,
        [ 0.70432285,  0.51491033,  0.54052326, ...,  0.        ,
         -0.07186302, -0.15958185],
        [ 0.75351593,  0.57518318,  0.59958619, ...,  0.07186302,
          0.        , -0.08822718],
        [ 0.80858067,  0.64511219,  0.66785715, ...,  0.15958185,
          0.08822718,  0.        ]],

       [[ 0.        ,  0.08410716,  0.07641793, ..., -0.95789512,
         -0.9605544 , -0.96682547],
        [-0.08410716,  0.        , -0.00771406, ..., -0.97864973,
         -0.98054042, -0.98488388],
        [-0.07641793,  0.00771406,  0.        , ..., -0.97703511,
         -0.97899684, -0.98351838],
        ...,
        [ 0.95789512,  0.97864973,  0.97703511, ...,  0.        ,
         -0.00940964, -0.0329106 ],
        [ 0.9605544 ,  0.98054042,  0.97899684, ...,  0.00940964,
          0.        , -0.0235046 ],
        [ 0.96682547,  0.98488388,  0.98351838, ...,  0.0329106 ,
          0.0235046 ,  0.        ]]]), 'num': array([ 9.93021764e-01,  1.17888116e-01,  1.09941413e-05,  2.43561370e-08,
        8.96653328e-04,  9.14676510e-04,  8.91021083e-04,  1.86163705e-03,
       -2.25289781e-05,  9.07241948e-04,  9.21378881e-04,  9.43757666e-04,
        4.26918991e-07,  9.80880446e-04,  8.61877317e-04])}
{'img': array([[[ 0.        ,  0.08209109,  0.7058781 , ..., -0.72766773,
         -0.79101245, -0.93264795],
        [-0.08209109,  0.        ,  0.64534779, ..., -0.78152045,
         -0.83856598, -0.95911757],
        [-0.7058781 , -0.64534779,  0.        , ..., -0.99961412,
         -0.99215674, -0.9152978 ],
        ...,
        [ 0.72766773,  0.78152045,  0.99961412, ...,  0.        ,
         -0.09739186, -0.37719742],
        [ 0.79101245,  0.83856598,  0.99215674, ...,  0.09739186,
          0.        , -0.28520646],
        [ 0.93264795,  0.95911757,  0.9152978 , ...,  0.37719742,
          0.28520646,  0.        ]],

       [[ 0.        , -0.34380864,  0.18914154, ...,  0.49356527,
          0.13577425, -0.16029568],
        [ 0.34380864,  0.        ,  0.51521426, ...,  0.76249078,
          0.46812232,  0.18883886],
        [-0.18914154, -0.51521426,  0.        , ...,  0.32015828,
         -0.05406655, -0.34409808],
        ...,
        [-0.49356527, -0.76249078, -0.32015828, ...,  0.        ,
         -0.3709107 , -0.62659355],
        [-0.13577425, -0.46812232,  0.05406655, ...,  0.3709107 ,
          0.        , -0.29282987],
        [ 0.16029568, -0.18883886,  0.34409808, ...,  0.62659355,
          0.29282987,  0.        ]],

       [[ 0.        ,  0.08760803,  0.32984431, ..., -0.96504736,
         -0.9998542 , -0.99833913],
        [-0.08760803,  0.        ,  0.24587099, ..., -0.93837686,
         -0.99750575, -0.99954769],
        [-0.32984431, -0.24587099,  0.        , ..., -0.82459469,
         -0.94953003, -0.96146997],
        ...,
        [ 0.96504736,  0.93837686,  0.82459469, ...,  0.        ,
          0.2785162 ,  0.3172373 ],
        [ 0.9998542 ,  0.99750575,  0.94953003, ..., -0.2785162 ,
          0.        ,  0.04055493],
        [ 0.99833913,  0.99954769,  0.96146997, ..., -0.3172373 ,
         -0.04055493,  0.        ]],

       ...,

       [[ 0.        ,  0.14244379,  0.93294961, ..., -0.26914183,
         -0.31527992, -0.57677891],
        [-0.14244379,  0.        ,  0.87215546, ..., -0.40358506,
         -0.44724396, -0.68725981],
        [-0.93294961, -0.87215546,  0.        , ..., -0.99541722,
         -0.99887096, -0.96977125],
        ...,
        [ 0.26914183,  0.40358506,  0.99541722, ...,  0.        ,
         -0.04823101, -0.33563404],
        [ 0.31527992,  0.44724396,  0.99887096, ...,  0.04823101,
          0.        , -0.28981018],
        [ 0.57677891,  0.68725981,  0.96977125, ...,  0.33563404,
          0.28981018,  0.        ]],

       [[ 0.        ,  0.03015132,  0.20591757, ..., -0.57518318,
         -0.64511219, -0.75276155],
        [-0.03015132,  0.        ,  0.1763188 , ..., -0.59958619,
         -0.66785715, -0.77226771],
        [-0.20591757, -0.1763188 ,  0.        , ..., -0.73130227,
         -0.78862613, -0.87218353],
        ...,
        [ 0.57518318,  0.59958619,  0.73130227, ...,  0.        ,
         -0.08822718, -0.23713826],
        [ 0.64511219,  0.66785715,  0.78862613, ...,  0.08822718,
          0.        , -0.15050293],
        [ 0.75276155,  0.77226771,  0.87218353, ...,  0.23713826,
          0.15050293,  0.        ]],

       [[ 0.        , -0.00771406, -0.06163393, ..., -0.98054042,
         -0.98488388, -0.9971338 ],
        [ 0.00771406,  0.        , -0.0539327 , ..., -0.97899684,
         -0.98351838, -0.9965205 ],
        [ 0.06163393,  0.0539327 ,  0.        , ..., -0.96657643,
         -0.97233547, -0.99057495],
        ...,
        [ 0.98054042,  0.97899684,  0.96657643, ...,  0.        ,
         -0.0235046 , -0.12156857],
        [ 0.98488388,  0.98351838,  0.97233547, ...,  0.0235046 ,
          0.        , -0.09820472],
        [ 0.9971338 ,  0.9965205 ,  0.99057495, ...,  0.12156857,
          0.09820472,  0.        ]]]), 'num': array([ 9.51192545e-01,  3.08585567e-01,  8.17566130e-06, -9.17602211e-10,
        8.55668413e-04,  8.65466142e-04,  8.52402503e-04,  1.23635377e-03,
       -1.08863666e-05,  8.72433417e-04,  8.86367966e-04,  9.10444980e-04,
        3.98047765e-07,  9.41529090e-04,  8.31206842e-04])}
{'img': array([[[ 0.        ,  0.64534779,  0.        , ..., -0.83856598,
         -0.95911757, -0.99168332],
        [-0.64534779,  0.        , -0.64534779, ..., -0.99215674,
         -0.9152978 , -0.84059338],
        [ 0.        ,  0.64534779,  0.        , ..., -0.83856598,
         -0.95911757, -0.99168332],
        ...,
        [ 0.83856598,  0.99215674,  0.83856598, ...,  0.        ,
         -0.28520646, -0.43234406],
        [ 0.95911757,  0.9152978 ,  0.95911757, ...,  0.28520646,
          0.        , -0.15721398],
        [ 0.99168332,  0.84059338,  0.99168332, ...,  0.43234406,
          0.15721398,  0.        ]],

       [[ 0.        ,  0.51521426,  0.53891449, ...,  0.46812232,
          0.18883886, -0.16781236],
        [-0.51521426,  0.        ,  0.02788668, ..., -0.05406655,
         -0.34409808, -0.65173348],
        [-0.53891449, -0.02788668,  0.        , ..., -0.08189142,
         -0.370148  , -0.67263062],
        ...,
        [-0.46812232,  0.05406655,  0.08189142, ...,  0.        ,
         -0.29282987, -0.60977355],
        [-0.18883886,  0.34409808,  0.370148  , ...,  0.29282987,
          0.        , -0.35095402],
        [ 0.16781236,  0.65173348,  0.67263062, ...,  0.60977355,
          0.35095402,  0.        ]],

       [[ 0.        ,  0.24587099,  0.56328507, ..., -0.99750575,
         -0.99954769, -0.99102406],
        [-0.24587099,  0.        ,  0.34283965, ..., -0.94953003,
         -0.96146997, -0.92773322],
        [-0.56328507, -0.34283965,  0.        , ..., -0.78444213,
         -0.80894903, -0.74354413],
        ...,
        [ 0.99750575,  0.94953003,  0.78444213, ...,  0.        ,
          0.04055493, -0.06339858],
        [ 0.99954769,  0.96146997,  0.80894903, ..., -0.04055493,
          0.        , -0.10381977],
        [ 0.99102406,  0.92773322,  0.74354413, ...,  0.06339858,
          0.10381977,  0.        ]],

       ...,

       [[ 0.        ,  0.87215546,  0.46783887, ..., -0.44724396,
         -0.68725981, -0.72663355],
        [-0.87215546,  0.        , -0.54194274, ..., -0.99887096,
         -0.96977125, -0.9546829 ],
        [-0.46783887,  0.54194274,  0.        , ..., -0.81372108,
         -0.94725332, -0.96362586],
        ...,
        [ 0.44724396,  0.99887096,  0.81372108, ...,  0.        ,
         -0.28981018, -0.34264189],
        [ 0.68725981,  0.96977125,  0.94725332, ...,  0.28981018,
          0.        , -0.05567028],
        [ 0.72663355,  0.9546829 ,  0.96362586, ...,  0.34264189,
          0.05567028,  0.        ]],

       [[ 0.        ,  0.1763188 ,  0.22074326, ..., -0.66785715,
         -0.77226771, -0.97175542],
        [-0.1763188 ,  0.        ,  0.04531554, ..., -0.78862613,
         -0.87218353, -0.99814056],
        [-0.22074326, -0.04531554,  0.        , ..., -0.8156793 ,
         -0.89345495, -0.99987737],
        ...,
        [ 0.66785715,  0.78862613,  0.8156793 , ...,  0.        ,
         -0.15050293, -0.56565954],
        [ 0.77226771,  0.87218353,  0.89345495, ...,  0.15050293,
          0.        , -0.43510586],
        [ 0.97175542,  0.99814056,  0.99987737, ...,  0.56565954,
          0.43510586,  0.        ]],

       [[ 0.        , -0.0539327 , -0.06110145, ..., -0.98351838,
         -0.9965205 , -0.99997132],
        [ 0.0539327 ,  0.        , -0.00718059, ..., -0.97233547,
         -0.99057495, -0.99892438],
        [ 0.06110145,  0.00718059,  0.        , ..., -0.9706331 ,
         -0.98956588, -0.99856567],
        ...,
        [ 0.98351838,  0.97233547,  0.9706331 , ...,  0.        ,
         -0.09820472, -0.1882513 ],
        [ 0.9965205 ,  0.99057495,  0.98956588, ...,  0.09820472,
          0.        , -0.09089243],
        [ 0.99997132,  0.99892438,  0.99856567, ...,  0.1882513 ,
          0.09089243,  0.        ]]]), 'num': array([ 9.77695993e-01,  2.10005135e-01,  9.88019064e-06, -1.05840110e-08,
        8.77360929e-04,  8.97685893e-04,  8.72844270e-04,  1.35159879e-03,
       -1.01624818e-05,  9.02880050e-04,  9.15639610e-04,  9.42400812e-04,
        3.71435738e-07,  9.73599534e-04,  8.57679687e-04])}
{'img': array([[[ 0.00000000e+00, -6.45347786e-01, -8.12232862e-01, ...,
         -9.15297799e-01, -8.40593375e-01, -7.45355992e-01],
        [ 6.45347786e-01,  0.00000000e+00, -2.44002783e-01, ...,
         -9.59117566e-01, -9.91683324e-01, -9.99601019e-01],
        [ 8.12232862e-01,  2.44002783e-01,  0.00000000e+00, ...,
         -8.61073064e-01, -9.30305602e-01, -9.76279570e-01],
        ...,
        [ 9.15297799e-01,  9.59117566e-01,  8.61073064e-01, ...,
          0.00000000e+00, -1.57213976e-01, -3.09985703e-01],
