state_0,state_1,state_2,state_3,state_4,state_5,state_6,state_7,state_8,state_9,state_10,state_11,state_12,state_13,state_14,state_15,state_16,state_17,state_18,state_19,state_20,state_21,state_22,state_23,state_24,state_25,state_26,state_27,state_28,state_29,state_30,state_31,state_32,state_33,state_34,state_35,state_36,state_37,state_38,state_39,state_40,state_41,state_42,state_43,state_44,state_45,state_46,state_47,state_48,state_49,state_50,state_51,state_52,state_53,state_54,state_55,state_56,state_57,state_58,state_59,state_60,state_61,state_62,state_63,state_64,state_65,state_66,state_67,state_68,state_69,state_70,state_71,state_72,state_73,state_74,state_75,state_76,state_77,state_78,state_79,state_80,state_81,state_82,state_83,state_84,state_85,state_86,state_87,state_88,state_89,state_90,state_91,state_92,state_93,state_94,state_95,state_96,state_97,state_98,state_99,state_100,state_101,state_102,state_103,state_104,state_105,state_106,state_107,state_108,state_109,state_110,state_111,state_112,state_113,state_114,state_115,state_116,state_117,state_118,state_119,state_120,state_121,state_122,state_123,state_124,state_125,state_126,state_127,state_128,state_129,state_130,state_131,state_132,state_133,state_134,state_135,state_136,state_137,state_138,state_139,state_140,state_141,state_142,state_143,state_144,state_145,state_146,state_147,state_148,state_149,state_150,state_151,state_152,state_153,state_154,state_155,state_156,state_157,state_158,state_159,state_160,state_161,state_162,state_163,state_164,state_165,state_166,state_167,state_168,state_169,state_170,state_171,state_172,state_173,state_174,state_175,state_176,state_177,state_178,state_179,state_180,state_181,state_182,state_183,state_184,state_185,state_186,state_187,state_188,state_189,state_190,state_191,state_192,state_193,state_194,state_195,state_196,state_197,state_198,state_199,state_200,state_201,state_202,state_203,state_204,state_205,state_206,state_207,state_208,state_209,state_210,state_211,state_212,state_213,state_214,state_215,state_216,state_217,state_218,state_219,state_220,state_221,state_222,state_223,state_224,state_225,state_226,state_227,state_228,state_229,state_230,state_231,state_232,state_233,state_234,state_235,state_236,state_237,state_238,state_239,state_240,state_241,state_242,state_243,state_244,state_245,state_246,state_247,state_248,state_249,state_250,state_251,state_252,state_253,state_254,state_255,state_256,state_257,state_258,state_259,state_260,state_261,state_262,state_263,state_264,state_265,state_266,state_267,state_268,state_269,state_270,state_271,state_272,state_273,state_274,state_275,state_276,state_277,state_278,state_279,state_280,state_281,state_282,state_283,state_284,state_285,state_286,state_287
{'img': array([[[ 0.        ,  0.        ,  0.79015798, ..., -0.07921232,
         -0.22505071, -0.47743365],
        [ 0.        ,  0.        ,  0.79015798, ..., -0.07921232,
         -0.22505071, -0.47743365],
        [-0.79015798, -0.79015798,  0.        , ..., -0.83622461,
         -0.90782241, -0.986907  ],
        ...,
        [ 0.07921232,  0.07921232,  0.83622461, ...,  0.        ,
         -0.14716326, -0.40633213],
        [ 0.22505071,  0.22505071,  0.90782241, ...,  0.14716326,
          0.        , -0.26744126],
        [ 0.47743365,  0.47743365,  0.986907  , ...,  0.40633213,
          0.26744126,  0.        ]],

       [[ 0.        , -0.27251767, -0.10963047, ...,  0.03887124,
         -0.41536011, -0.50446762],
        [ 0.27251767,  0.        ,  0.16539401, ...,  0.30971171,
         -0.15174142, -0.25007381],
        [ 0.10963047, -0.16539401,  0.        , ...,  0.14818456,
         -0.31313036, -0.4067686 ],
        ...,
        [-0.03887124, -0.30971171, -0.14818456, ...,  0.        ,
         -0.45040569, -0.53764898],
        [ 0.41536011,  0.15174142,  0.31313036, ...,  0.45040569,
          0.        , -0.10025791],
        [ 0.50446762,  0.25007381,  0.4067686 , ...,  0.53764898,
          0.10025791,  0.        ]],

       [[ 0.        , -0.07678721,  0.20520649, ..., -0.55092734,
         -0.56896744, -0.58653964],
        [ 0.07678721,  0.        ,  0.2797537 , ..., -0.48521772,
         -0.50414083, -0.52261635],
        [-0.20520649, -0.2797537 ,  0.        , ..., -0.71045863,
         -0.72561269, -0.74025826],
        ...,
        [ 0.55092734,  0.48521772,  0.71045863, ...,  0.        ,
         -0.02177297, -0.04329118],
        [ 0.56896744,  0.50414083,  0.72561269, ...,  0.02177297,
          0.        , -0.02152836],
        [ 0.58653964,  0.52261635,  0.74025826, ...,  0.04329118,
          0.02152836,  0.        ]],

       ...,

       [[ 0.        , -0.2084852 ,  0.5300953 , ...,  0.99980049,
          0.99980049,  0.89369059],
        [ 0.2084852 ,  0.        ,  0.69522927, ...,  0.98199482,
          0.98199482,  0.96759613],
        [-0.5300953 , -0.69522927,  0.        , ...,  0.8371804 ,
          0.8371804 ,  0.51994912],
        ...,
        [-0.99980049, -0.98199482, -0.8371804 , ...,  0.        ,
          0.        , -0.43074304],
        [-0.99980049, -0.98199482, -0.8371804 , ...,  0.        ,
          0.        , -0.43074304],
        [-0.89369059, -0.96759613, -0.51994912, ...,  0.43074304,
          0.43074304,  0.        ]],

       [[ 0.        ,  0.13853877, -0.32025774, ..., -0.99322232,
         -0.99823274, -0.99421724],
        [-0.13853877,  0.        , -0.44841149, ..., -0.96754233,
         -0.98037405, -0.96975268],
        [ 0.32025774,  0.44841149,  0.        , ..., -0.97813331,
         -0.96468776, -0.97624394],
        ...,
        [ 0.99322232,  0.96754233,  0.97813331, ...,  0.        ,
          0.05700184,  0.00889822],
        [ 0.99823274,  0.98037405,  0.96468776, ..., -0.05700184,
          0.        , -0.04811583],
        [ 0.99421724,  0.96975268,  0.97624394, ..., -0.00889822,
          0.04811583,  0.        ]],

       [[ 0.        , -0.152095  , -0.09444633, ..., -0.84299329,
         -0.87365079, -0.97200666],
        [ 0.152095  ,  0.        ,  0.05806761, ..., -0.91500137,
         -0.93748898, -0.99643344],
        [ 0.09444633, -0.05806761,  0.        , ..., -0.89003002,
         -0.91569872, -0.98985222],
        ...,
        [ 0.84299329,  0.91500137,  0.89003002, ...,  0.        ,
          0.05979647,  0.32480173],
        [ 0.87365079,  0.93748898,  0.91569872, ..., -0.05979647,
          0.        ,  0.2676661 ],
        [ 0.97200666,  0.99643344,  0.98985222, ..., -0.32480173,
         -0.2676661 ,  0.        ]]]), 'num': array([7.07104785e-01, 7.07104785e-01, 0.00000000e+00, 0.00000000e+00,
       8.22582747e-04, 8.22582747e-04, 8.06763848e-04, 5.64457863e-04,
       7.90944949e-06, 8.25746527e-04, 8.13882353e-04, 8.07923901e-04,
       4.86735353e-07, 8.47026627e-04, 7.80738079e-04])}
{'img': array([[[ 0.        ,  0.79015798,  0.08441851, ..., -0.22505071,
         -0.47743365, -0.35710407],
        [-0.79015798,  0.        , -0.73559705, ..., -0.90782241,
         -0.986907  , -0.95692884],
        [-0.08441851,  0.73559705,  0.        , ..., -0.30650029,
         -0.54990522, -0.43468168],
        ...,
        [ 0.22505071,  0.90782241,  0.30650029, ...,  0.        ,
         -0.26744126, -0.13773139],
        [ 0.47743365,  0.986907  ,  0.54990522, ...,  0.26744126,
          0.        ,  0.13217803],
        [ 0.35710407,  0.95692884,  0.43468168, ...,  0.13773139,
         -0.13217803,  0.        ]],

       [[ 0.        ,  0.16539401, -0.11798424, ..., -0.15174142,
         -0.25007381, -0.1412776 ],
        [-0.16539401,  0.        , -0.28059812, ..., -0.31313036,
         -0.4067686 , -0.30306697],
        [ 0.11798424,  0.28059812,  0.        , ..., -0.03406357,
         -0.13409167, -0.02348998],
        ...,
        [ 0.15174142,  0.31313036,  0.03406357, ...,  0.        ,
         -0.10025791,  0.01057782],
        [ 0.25007381,  0.4067686 ,  0.13409167, ...,  0.10025791,
          0.        ,  0.11077683],
        [ 0.1412776 ,  0.30306697,  0.02348998, ..., -0.01057782,
         -0.11077683,  0.        ]],

       [[ 0.        ,  0.2797537 ,  0.3572042 , ..., -0.50414083,
         -0.52261635, -0.52261635],
        [-0.2797537 ,  0.        ,  0.08164437, ..., -0.72561269,
         -0.74025826, -0.74025826],
        [-0.3572042 , -0.08164437,  0.        , ..., -0.77937002,
         -0.79267829, -0.79267829],
        ...,
        [ 0.50414083,  0.72561269,  0.77937002, ...,  0.        ,
         -0.02152836, -0.02152836],
        [ 0.52261635,  0.74025826,  0.79267829, ...,  0.02152836,
          0.        ,  0.        ],
        [ 0.52261635,  0.74025826,  0.79267829, ...,  0.02152836,
          0.        ,  0.        ]],

       ...,

       [[ 0.        ,  0.69522927,  0.69522927, ...,  0.98199482,
          0.96759613,  0.98994744],
        [-0.69522927,  0.        ,  0.        , ...,  0.8371804 ,
          0.51994912,  0.61323213],
        [-0.69522927,  0.        ,  0.        , ...,  0.8371804 ,
          0.51994912,  0.61323213],
        ...,
        [-0.98199482, -0.8371804 , -0.8371804 , ...,  0.        ,
         -0.43074304, -0.32589798],
        [-0.96759613, -0.51994912, -0.51994912, ...,  0.43074304,
          0.        ,  0.11311195],
        [-0.98994744, -0.61323213, -0.61323213, ...,  0.32589798,
         -0.11311195,  0.        ]],

       [[ 0.        , -0.44841149, -0.63608965, ..., -0.98037405,
         -0.96975268, -0.91454078],
        [ 0.44841149,  0.        , -0.22255316, ..., -0.96468776,
         -0.97624394, -0.99882109],
        [ 0.63608965,  0.22255316,  0.        , ..., -0.88187428,
         -0.90353874, -0.96296779],
        ...,
        [ 0.98037405,  0.96468776,  0.88187428, ...,  0.        ,
         -0.04811583, -0.21625669],
        [ 0.96975268,  0.97624394,  0.90353874, ...,  0.04811583,
          0.        , -0.16902897],
        [ 0.91454078,  0.99882109,  0.96296779, ...,  0.21625669,
          0.16902897,  0.        ]],

       [[ 0.        ,  0.05806761,  0.05686147, ..., -0.93748898,
         -0.99643344, -0.94140758],
        [-0.05806761,  0.        , -0.00120813, ..., -0.91569872,
         -0.98985222, -0.95940362],
        [-0.05686147,  0.00120813,  0.        , ..., -0.91618356,
         -0.99002318, -0.95906219],
        ...,
        [ 0.93748898,  0.91569872,  0.91618356, ...,  0.        ,
          0.2676661 ,  0.64381181],
        [ 0.99643344,  0.98985222,  0.99002318, ..., -0.2676661 ,
          0.        ,  0.41550645],
        [ 0.94140758,  0.95940362,  0.95906219, ..., -0.64381181,
         -0.41550645,  0.        ]]]), 'num': array([ 7.42828422e-01,  6.69477326e-01,  7.15620449e-07, -1.18208986e-11,
        8.52919721e-04,  8.61240889e-04,  8.44598553e-04,  4.24770663e-04,
       -1.24817520e-05,  8.66233590e-04,  8.58328480e-04,  8.49424830e-04,
        4.45776858e-07,  8.86559200e-04,  8.30097760e-04])}
{'img': array([[[ 0.        , -0.73559705, -0.73559705, ..., -0.986907  ,
         -0.95692884, -0.99530636],
        [ 0.73559705,  0.        ,  0.        , ..., -0.54990522,
         -0.43468168, -0.60305298],
        [ 0.73559705,  0.        ,  0.        , ..., -0.54990522,
         -0.43468168, -0.60305298],
        ...,
        [ 0.986907  ,  0.54990522,  0.54990522, ...,  0.        ,
          0.13217803, -0.06502616],
        [ 0.95692884,  0.43468168,  0.43468168, ..., -0.13217803,
          0.        , -0.1963539 ],
        [ 0.99530636,  0.60305298,  0.60305298, ...,  0.06502616,
          0.1963539 ,  0.        ]],

       [[ 0.        , -0.28059812, -0.50438984, ..., -0.4067686 ,
         -0.30306697, -0.60901609],
        [ 0.28059812,  0.        , -0.2418364 , ..., -0.13409167,
         -0.02348998, -0.36199048],
        [ 0.50438984,  0.2418364 ,  0.        , ...,  0.10954093,
          0.21897694, -0.12581005],
        ...,
        [ 0.4067686 ,  0.13409167, -0.10954093, ...,  0.        ,
          0.11077683, -0.23372351],
        [ 0.30306697,  0.02348998, -0.21897694, ..., -0.11077683,
          0.        , -0.33999367],
        [ 0.60901609,  0.36199048,  0.12581005, ...,  0.23372351,
          0.33999367,  0.        ]],

       [[ 0.        ,  0.08164437,  0.27441176, ..., -0.74025826,
         -0.74025826, -0.78130089],
        [-0.08164437,  0.        ,  0.19498541, ..., -0.79267829,
         -0.79267829, -0.82965124],
        [-0.27441176, -0.19498541,  0.        , ..., -0.89633467,
         -0.89633467, -0.92258389],
        ...,
        [ 0.74025826,  0.79267829,  0.89633467, ...,  0.        ,
          0.        , -0.06325069],
        [ 0.74025826,  0.79267829,  0.89633467, ...,  0.        ,
          0.        , -0.06325069],
        [ 0.78130089,  0.82965124,  0.92258389, ...,  0.06325069,
          0.06325069,  0.        ]],

       ...,

       [[ 0.        ,  0.        , -0.39407341, ...,  0.51994912,
          0.61323213,  0.3745022 ],
        [ 0.        ,  0.        , -0.39407341, ...,  0.51994912,
          0.61323213,  0.3745022 ],
        [ 0.39407341,  0.39407341,  0.        , ...,  0.81449072,
          0.87488842,  0.70959221],
        ...,
        [-0.51994912, -0.51994912, -0.81449072, ...,  0.        ,
          0.11311195, -0.16221162],
        [-0.61323213, -0.61323213, -0.87488842, ..., -0.11311195,
          0.        , -0.27278448],
        [-0.3745022 , -0.3745022 , -0.70959221, ...,  0.16221162,
          0.27278448,  0.        ]],

       [[ 0.        , -0.49139576, -0.75313694, ..., -0.97944501,
         -0.92858966, -0.88491507],
        [ 0.49139576,  0.        , -0.3326629 , ..., -0.95215441,
         -0.99110349, -0.99957351],
        [ 0.75313694,  0.3326629 ,  0.        , ..., -0.79625766,
         -0.89038074, -0.93292893],
        ...,
        [ 0.97944501,  0.95215441,  0.79625766, ...,  0.        ,
         -0.17617293, -0.27768148],
        [ 0.92858966,  0.99110349,  0.89038074, ...,  0.17617293,
          0.        , -0.10409372],
        [ 0.88491507,  0.99957351,  0.93292893, ...,  0.27768148,
          0.10409372,  0.        ]],

       [[ 0.        , -0.00120813,  0.18967964, ..., -0.98985222,
         -0.95940362, -0.88118198],
        [ 0.00120813,  0.        ,  0.1908657 , ..., -0.99002318,
         -0.95906219, -0.88061016],
        [-0.18967964, -0.1908657 ,  0.        , ..., -0.94492889,
         -0.99548326, -0.95486125],
        ...,
        [ 0.98985222,  0.99002318,  0.94492889, ...,  0.        ,
          0.41550645,  0.59319608],
        [ 0.95940362,  0.95906219,  0.99548326, ..., -0.41550645,
          0.        ,  0.20505856],
        [ 0.88118198,  0.88061016,  0.95486125, ..., -0.59319608,
         -0.20505856,  0.        ]]]), 'num': array([ 7.97127955e-01,  6.03804400e-01,  1.89532897e-06, -1.32106413e-09,
        9.11903562e-04,  9.29784024e-04,  8.98493215e-04,  7.24516320e-04,
       -4.47011550e-06,  9.23525862e-04,  9.22855345e-04,  9.11501252e-04,
        4.62425741e-07,  9.51613860e-04,  8.94096830e-04])}
{'img': array([[[ 0.        ,  0.        , -0.38461538, ..., -0.84265009,
         -0.95148591, -0.97300851],
        [ 0.        ,  0.        , -0.38461538, ..., -0.84265009,
         -0.95148591, -0.97300851],
        [ 0.38461538,  0.38461538,  0.        , ..., -0.57073026,
         -0.75995149, -0.80940431],
        ...,
        [ 0.84265009,  0.84265009,  0.57073026, ...,  0.        ,
         -0.25306162, -0.32946995],
        [ 0.95148591,  0.95148591,  0.75995149, ...,  0.25306162,
          0.        , -0.07981356],
        [ 0.97300851,  0.97300851,  0.80940431, ...,  0.32946995,
          0.07981356,  0.        ]],

       [[ 0.        , -0.2418364 , -0.08524684, ..., -0.02348998,
         -0.36199048,  0.10981549],
        [ 0.2418364 ,  0.        ,  0.15823962, ...,  0.21897694,
         -0.12581005,  0.3469296 ],
        [ 0.08524684, -0.15823962,  0.        , ...,  0.06181885,
         -0.28120723,  0.19414701],
        ...,
        [ 0.02348998, -0.21897694, -0.06181885, ...,  0.        ,
         -0.33999367,  0.1331331 ],
        [ 0.36199048,  0.12581005,  0.28120723, ...,  0.33999367,
          0.        ,  0.46216916],
        [-0.10981549, -0.3469296 , -0.19414701, ..., -0.1331331 ,
         -0.46216916,  0.        ]],

       [[ 0.        ,  0.19498541,  0.19498541, ..., -0.79267829,
         -0.82965124, -0.90870359],
        [-0.19498541,  0.        ,  0.        , ..., -0.89633467,
         -0.92258389, -0.97265716],
        [-0.19498541,  0.        ,  0.        , ..., -0.89633467,
         -0.92258389, -0.97265716],
        ...,
        [ 0.79267829,  0.89633467,  0.89633467, ...,  0.        ,
         -0.06325069, -0.22308504],
        [ 0.82965124,  0.92258389,  0.92258389, ...,  0.06325069,
          0.        , -0.16098165],
        [ 0.90870359,  0.97265716,  0.97265716, ...,  0.22308504,
          0.16098165,  0.        ]],

       ...,

       [[ 0.        , -0.39407341, -0.33350012, ...,  0.61323213,
          0.3745022 ,  0.3160068 ],
        [ 0.39407341,  0.        ,  0.06499979, ...,  0.87488842,
          0.70959221,  0.66431508],
        [ 0.33350012, -0.06499979,  0.        , ...,  0.84155729,
          0.66229196,  0.61432598],
        ...,
        [-0.61323213, -0.87488842, -0.84155729, ...,  0.        ,
         -0.27278448, -0.33219359],
        [-0.3745022 , -0.70959221, -0.66229196, ...,  0.27278448,
          0.        , -0.06230182],
        [-0.3160068 , -0.66431508, -0.61432598, ...,  0.33219359,
          0.06230182,  0.        ]],

       [[ 0.        , -0.63534441, -0.80745242, ..., -0.94477316,
         -0.90335283, -0.89426894],
        [ 0.63534441,  0.        , -0.24872766, ..., -0.93779939,
         -0.97009324, -0.97491598],
        [ 0.80745242,  0.24872766,  0.        , ..., -0.82197493,
         -0.87923226, -0.88891763],
        ...,
        [ 0.94477316,  0.93779939,  0.82197493, ...,  0.        ,
         -0.10916019, -0.12973999],
        [ 0.90335283,  0.97009324,  0.87923226, ...,  0.10916019,
          0.        , -0.02072711],
        [ 0.89426894,  0.97491598,  0.88891763, ...,  0.12973999,
          0.02072711,  0.        ]],

       [[ 0.        ,  0.1908657 ,  0.47748453, ..., -0.95906219,
         -0.88061016, -0.85629684],
        [-0.1908657 ,  0.        ,  0.30100426, ..., -0.99548326,
         -0.95486125, -0.9391339 ],
        [-0.47748453, -0.30100426,  0.        , ..., -0.97789204,
         -0.99999142, -0.99898991],
        ...,
        [ 0.95906219,  0.99548326,  0.97789204, ...,  0.        ,
          0.20505856,  0.25284081],
        [ 0.88061016,  0.95486125,  0.99999142, ..., -0.20505856,
          0.        ,  0.04907209],
        [ 0.85629684,  0.9391339 ,  0.99898991, ..., -0.25284081,
         -0.04907209,  0.        ]]]), 'num': array([ 9.40747373e-01,  3.39093548e-01,  5.98660522e-06, -2.89747937e-09,
        1.07055841e-03,  1.08121073e-03,  1.06523225e-03,  7.10009248e-04,
       -1.59784837e-05,  1.09079782e-03,  1.09878706e-03,  1.08490353e-03,
        4.61600640e-07,  1.13492655e-03,  1.06264758e-03])}
{'img': array([[[ 0.        , -0.38461538, -0.53293871, ..., -0.95148591,
         -0.97300851, -1.        ],
        [ 0.38461538,  0.        , -0.16649964, ..., -0.75995149,
         -0.80940431, -0.92307692],
        [ 0.53293871,  0.16649964,  0.        , ..., -0.64112232,
         -0.70032904, -0.84615385],
        ...,
        [ 0.95148591,  0.75995149,  0.64112232, ...,  0.        ,
         -0.07981356, -0.30769231],
        [ 0.97300851,  0.80940431,  0.70032904, ...,  0.07981356,
          0.        , -0.23076923],
        [ 1.        ,  0.92307692,  0.84615385, ...,  0.30769231,
          0.23076923,  0.        ]],

       [[ 0.        ,  0.15823962,  0.3767732 , ..., -0.12581005,
          0.3469296 ,  0.15005587],
        [-0.15823962,  0.        ,  0.2254479 , ..., -0.28120723,
          0.19414701, -0.00828267],
        [-0.3767732 , -0.2254479 ,  0.        , ..., -0.49031803,
         -0.03200944, -0.23350961],
        ...,
        [ 0.12581005,  0.28120723,  0.49031803, ...,  0.        ,
          0.46216916,  0.27324914],
        [-0.3469296 , -0.19414701,  0.03200944, ..., -0.46216916,
          0.        , -0.20226542],
        [-0.15005587,  0.00828267,  0.23350961, ..., -0.27324914,
          0.20226542,  0.        ]],

       [[ 0.        ,  0.        , -0.19498541, ..., -0.92258389,
         -0.97265716, -0.99822825],
        [ 0.        ,  0.        , -0.19498541, ..., -0.92258389,
         -0.97265716, -0.99822825],
        [ 0.19498541,  0.19498541,  0.        , ..., -0.82965124,
         -0.90870359, -0.96746658],
        ...,
        [ 0.92258389,  0.92258389,  0.82965124, ...,  0.        ,
         -0.16098165, -0.33021838],
        [ 0.97265716,  0.97265716,  0.90870359, ...,  0.16098165,
          0.        , -0.17396017],
        [ 0.99822825,  0.99822825,  0.96746658, ...,  0.33021838,
          0.17396017,  0.        ]],

       ...,

       [[ 0.        ,  0.06499979,  0.13277602, ...,  0.70959221,
          0.66431508,  0.42683578],
        [-0.06499979,  0.        ,  0.06807095, ...,  0.66229196,
          0.61432598,  0.36715194],
        [-0.13277602, -0.06807095,  0.        , ...,  0.60975388,
          0.55918949,  0.30298338],
        ...,
        [-0.70959221, -0.66229196, -0.60975388, ...,  0.        ,
         -0.06230182, -0.34095107],
        [-0.66431508, -0.61432598, -0.55918949, ...,  0.06230182,
          0.        , -0.28171996],
        [-0.42683578, -0.36715194, -0.30298338, ...,  0.34095107,
          0.28171996,  0.        ]],

       [[ 0.        , -0.60755887, -0.67980064, ..., -0.93467673,
         -0.92640638, -0.93467673],
        [ 0.60755887,  0.        , -0.09436659, ..., -0.95837649,
         -0.96458232, -0.95837649],
        [ 0.67980064,  0.09436659,  0.        , ..., -0.92715739,
         -0.93538568, -0.92715739],
        ...,
        [ 0.93467673,  0.95837649,  0.92715739, ...,  0.        ,
         -0.02259294,  0.        ],
        [ 0.92640638,  0.96458232,  0.93538568, ...,  0.02259294,
          0.        ,  0.02259294],
        [ 0.93467673,  0.95837649,  0.92715739, ...,  0.        ,
         -0.02259294,  0.        ]],

       [[ 0.        ,  0.30100426,  0.01957129, ..., -0.95486125,
         -0.9391339 , -0.95486125],
        [-0.30100426,  0.        , -0.28228298, ..., -0.99999142,
         -0.99898991, -0.99999142],
        [-0.01957129,  0.28228298,  0.        , ..., -0.96049205,
         -0.94567776, -0.96049205],
        ...,
        [ 0.95486125,  0.99999142,  0.96049205, ...,  0.        ,
          0.04907209,  0.        ],
        [ 0.9391339 ,  0.99898991,  0.94567776, ..., -0.04907209,
          0.        , -0.04907209],
        [ 0.95486125,  0.99999142,  0.96049205, ...,  0.        ,
          0.04907209,  0.        ]]]), 'num': array([ 9.60135166e-01,  2.79517553e-01,  6.81298912e-06, -1.32760080e-08,
        1.09073335e-03,  1.10274343e-03,  1.08199875e-03,  7.42430204e-04,
       -6.55095108e-06,  1.11125967e-03,  1.12561717e-03,  1.11069556e-03,
        3.87172050e-07,  1.16450500e-03,  1.08672934e-03])}
{'img': array([[[ 0.        , -0.39191836, -0.64992307, ..., -0.96      ,
         -0.99919968, -0.99843077],
        [ 0.39191836,  0.        , -0.30007127, ..., -0.77346286,
         -0.90358697, -0.94050374],
        [ 0.64992307,  0.30007127,  0.        , ..., -0.54762154,
         -0.73339483, -0.79520308],
        ...,
        [ 0.96      ,  0.77346286,  0.54762154, ...,  0.        ,
         -0.24137591, -0.33332062],
        [ 0.99919968,  0.90358697,  0.73339483, ...,  0.24137591,
          0.        , -0.09589241],
        [ 0.99843077,  0.94050374,  0.79520308, ...,  0.33332062,
          0.09589241,  0.        ]],

       [[ 0.        ,  0.2254479 ,  0.0060895 , ...,  0.19414701,
         -0.00828267,  0.012177  ],
        [-0.2254479 ,  0.        , -0.21951099, ..., -0.03200944,
         -0.23350961, -0.21356768],
        [-0.0060895 ,  0.21951099,  0.        , ...,  0.18816978,
         -0.01437181,  0.00608773],
        ...,
        [-0.19414701,  0.03200944, -0.18816978, ...,  0.        ,
         -0.20226542, -0.18218731],
        [ 0.00828267,  0.23350961,  0.01437181, ...,  0.20226542,
          0.        ,  0.02045864],
        [-0.012177  ,  0.21356768, -0.00608773, ...,  0.18218731,
         -0.02045864,  0.        ]],

       [[ 0.        , -0.19498541, -0.58909824, ..., -0.97265716,
         -0.99822825, -0.99822825],
        [ 0.19498541,  0.        , -0.42023099, ..., -0.90870359,
         -0.96746658, -0.99067022],
        [ 0.58909824,  0.42023099,  0.        , ..., -0.6491512 ,
         -0.77157783, -0.84168165],
        ...,
        [ 0.97265716,  0.90870359,  0.6491512 , ...,  0.        ,
         -0.17396017, -0.28970823],
        [ 0.99822825,  0.96746658,  0.77157783, ...,  0.17396017,
          0.        , -0.11879108],
        [ 0.99822825,  0.99067022,  0.84168165, ...,  0.28970823,
          0.11879108,  0.        ]],

       ...,

       [[ 0.        ,  0.06807095,  0.        , ...,  0.61432598,
          0.36715194,  0.08632912],
        [-0.06807095,  0.        , -0.06807095, ...,  0.55918949,
          0.30298338,  0.01831206],
        [ 0.        ,  0.06807095,  0.        , ...,  0.61432598,
          0.36715194,  0.08632912],
        ...,
        [-0.61432598, -0.55918949, -0.61432598, ...,  0.        ,
         -0.28171996, -0.5439143 ],
        [-0.36715194, -0.30298338, -0.36715194, ...,  0.28171996,
          0.        , -0.28548126],
        [-0.08632912, -0.01831206, -0.08632912, ...,  0.5439143 ,
          0.28548126,  0.        ]],

       [[ 0.        , -0.36209222, -0.54181756, ..., -0.95233963,
         -0.95953114, -0.9669151 ],
        [ 0.36209222,  0.        , -0.20071394, ..., -0.99816854,
         -0.99638563, -0.99367158],
        [ 0.54181756,  0.20071394,  0.        , ..., -0.96571364,
         -0.9590594 , -0.95090518],
        ...,
        [ 0.95233963,  0.99816854,  0.96571364, ...,  0.        ,
          0.02451383,  0.05200719],
        [ 0.95953114,  0.99638563,  0.9590594 , ..., -0.02451383,
          0.        ,  0.0275109 ],
        [ 0.9669151 ,  0.99367158,  0.95090518, ..., -0.05200719,
         -0.0275109 ,  0.        ]],

       [[ 0.        , -0.28228298, -0.4160302 , ..., -0.99898991,
         -0.99999142, -0.99884848],
        [ 0.28228298,  0.        , -0.14241649, ..., -0.94567776,
         -0.96049205, -0.97176935],
        [ 0.4160302 ,  0.14241649,  0.        , ..., -0.88973792,
         -0.91106602, -0.9282632 ],
        ...,
        [ 0.99898991,  0.94567776,  0.88973792, ...,  0.        ,
         -0.04907209, -0.09281106],
        [ 0.99999142,  0.96049205,  0.91106602, ...,  0.04907209,
          0.        , -0.04383896],
        [ 0.99884848,  0.97176935,  0.9282632 , ...,  0.09281106,
          0.04383896,  0.        ]]]), 'num': array([ 9.91980726e-01,  1.26341091e-01,  8.83305750e-06, -1.87794796e-08,
        1.12420732e-03,  1.14485602e-03,  1.11732442e-03,  1.21108101e-03,
       -2.17958562e-05,  1.15380380e-03,  1.18093390e-03,  1.16535178e-03,
        3.05906753e-07,  1.22810661e-03,  1.13376119e-03])}
{'img': array([[[ 0.        , -0.5527708 , -0.5527708 , ..., -0.99652173,
         -0.9998611 , -0.94280904],
        [ 0.5527708 ,  0.        ,  0.        , ..., -0.78437054,
         -0.84243043, -0.96993113],
        [ 0.5527708 ,  0.        ,  0.        , ..., -0.78437054,
         -0.84243043, -0.96993113],
        ...,
        [ 0.99652173,  0.78437054,  0.78437054, ...,  0.        ,
         -0.09993045, -0.41074133],
        [ 0.9998611 ,  0.84243043,  0.84243043, ...,  0.09993045,
          0.        , -0.31757355],
        [ 0.94280904,  0.96993113,  0.96993113, ...,  0.41074133,
          0.31757355,  0.        ]],

       [[ 0.        , -0.21951099, -0.16436124, ..., -0.23350961,
         -0.21356768,  0.26755411],
        [ 0.21951099,  0.        ,  0.05617321, ..., -0.01437181,
          0.00608773,  0.47253672],
        [ 0.16436124, -0.05617321,  0.        , ..., -0.07051653,
         -0.05009406,  0.42228453],
        ...,
        [ 0.23350961,  0.01437181,  0.07051653, ...,  0.        ,
          0.02045864,  0.48515395],
        [ 0.21356768, -0.00608773,  0.05009406, ..., -0.02045864,
          0.        ,  0.46716278],
        [-0.26755411, -0.47253672, -0.42228453, ..., -0.48515395,
         -0.46716278,  0.        ]],

       [[ 0.        , -0.56428305, -0.66362883, ..., -0.99756328,
         -0.99872974, -0.95913592],
        [ 0.56428305,  0.        , -0.1257609 , ..., -0.7842011 ,
         -0.85296556, -0.95150625],
        [ 0.66362883,  0.1257609 ,  0.        , ..., -0.69993951,
         -0.78055044, -0.9052641 ],
        ...,
        [ 0.99756328,  0.7842011 ,  0.69993951, ...,  0.        ,
         -0.11994364, -0.34917274],
        [ 0.99872974,  0.85296556,  0.78055044, ...,  0.11994364,
          0.        , -0.23425777],
        [ 0.95913592,  0.95150625,  0.9052641 , ...,  0.34917274,
          0.23425777,  0.        ]],

       ...,

       [[ 0.        , -0.06807095, -0.21463814, ...,  0.30298338,
          0.01831206, -0.38107949],
        [ 0.06807095,  0.        , -0.14765582, ...,  0.36715194,
          0.08632912, -0.3172611 ],
        [ 0.21463814,  0.14765582,  0.        , ...,  0.50047119,
          0.23248742, -0.17375589],
        ...,
        [-0.30298338, -0.36715194, -0.50047119, ...,  0.        ,
         -0.28548126, -0.64328812],
        [-0.01831206, -0.08632912, -0.23248742, ...,  0.28548126,
          0.        , -0.39794587],
        [ 0.38107949,  0.3172611 ,  0.17375589, ...,  0.64328812,
          0.39794587,  0.        ]],

       [[ 0.        , -0.42512384, -0.626406  , ..., -0.96657817,
         -0.97344122, -0.99116388],
        [ 0.42512384,  0.        , -0.23559937, ..., -0.9838738 ,
         -0.97842253, -0.95352701],
        [ 0.626406  ,  0.23559937,  0.        , ..., -0.91403777,
         -0.90220205, -0.8556976 ],
        ...,
        [ 0.96657817,  0.9838738 ,  0.91403777, ...,  0.        ,
          0.02827756,  0.12589695],
        [ 0.97344122,  0.97842253,  0.90220205, ..., -0.02827756,
          0.        ,  0.09779404],
        [ 0.99116388,  0.95352701,  0.8556976 , ..., -0.12589695,
         -0.09779404,  0.        ]],

       [[ 0.        , -0.31532965, -0.38355799, ..., -0.99986339,
         -0.99960186, -0.98577431],
        [ 0.31532965,  0.        , -0.07277748, ..., -0.94364049,
         -0.95750156, -0.98848112],
        [ 0.38355799,  0.07277748,  0.        , ..., -0.91705082,
         -0.9339714 , -0.97484542],
        ...,
        [ 0.99986339,  0.94364049,  0.91705082, ...,  0.        ,
         -0.04473402, -0.18434528],
        [ 0.99960186,  0.95750156,  0.9339714 , ...,  0.04473402,
          0.        , -0.14019339],
        [ 0.98577431,  0.98848112,  0.97484542, ...,  0.18434528,
          0.14019339,  0.        ]]]), 'num': array([ 9.99587790e-01,  2.85142161e-02,  9.82867990e-06, -3.75585582e-08,
        1.13310802e-03,  1.14113611e-03,  1.11361122e-03,  7.20704870e-04,
        9.17496373e-06,  1.14503547e-03,  1.17938424e-03,  1.16369123e-03,
        3.22323072e-07,  1.23008202e-03,  1.12868647e-03])}
{'img': array([[[ 0.        ,  0.        , -0.52722829, ..., -0.84243043,
         -0.96993113, -0.92705074],
        [ 0.        ,  0.        , -0.52722829, ..., -0.84243043,
         -0.96993113, -0.92705074],
        [ 0.52722829,  0.52722829,  0.        , ..., -0.43175978,
         -0.69585688, -0.59006016],
        ...,
        [ 0.84243043,  0.84243043,  0.43175978, ...,  0.        ,
         -0.31757355, -0.18364229],
        [ 0.96993113,  0.96993113,  0.69585688, ...,  0.31757355,
          0.        ,  0.13803682],
        [ 0.92705074,  0.92705074,  0.59006016, ...,  0.18364229,
         -0.13803682,  0.        ]],

       [[ 0.        ,  0.05617321,  0.51599556, ...,  0.00608773,
          0.47253672, -0.07441642],
        [-0.05617321,  0.        ,  0.46706334, ..., -0.05009406,
          0.42228453, -0.13031638],
        [-0.51599556, -0.46706334,  0.        , ..., -0.51077131,
         -0.04998174, -0.57830929],
        ...,
        [-0.00608773,  0.05009406,  0.51077131, ...,  0.        ,
          0.46716278, -0.08048589],
        [-0.47253672, -0.42228453,  0.04998174, ..., -0.46716278,
          0.        , -0.5368105 ],
        [ 0.07441642,  0.13031638,  0.57830929, ...,  0.08048589,
          0.5368105 ,  0.        ]],

       [[ 0.        , -0.40328527, -0.68980888, ..., -0.99918602,
         -0.97673774, -0.92841299],
        [ 0.40328527,  0.        , -0.33925128, ..., -0.89806105,
         -0.98026705, -0.99940747],
        [ 0.68980888,  0.33925128,  0.        , ..., -0.69557551,
         -0.85507063, -0.92846154],
        ...,
        [ 0.99918602,  0.89806105,  0.69557551, ...,  0.        ,
         -0.25366413, -0.40869936],
        [ 0.97673774,  0.98026705,  0.85507063, ...,  0.25366413,
          0.        , -0.16382037],
        [ 0.92841299,  0.99940747,  0.92846154, ...,  0.40869936,
          0.16382037,  0.        ]],

       ...,

       [[ 0.        , -0.14765582, -0.48229869, ...,  0.08632912,
         -0.3172611 , -0.24060947],
        [ 0.14765582,  0.        , -0.34766462, ...,  0.23248742,
         -0.17375589, -0.09465412],
        [ 0.48229869,  0.34766462,  0.        , ...,  0.55612302,
          0.17945939,  0.25735419],
        ...,
        [-0.08632912, -0.23248742, -0.55612302, ...,  0.        ,
         -0.39794587, -0.32350414],
        [ 0.3172611 ,  0.17375589, -0.17945939, ...,  0.39794587,
          0.        ,  0.07976145],
        [ 0.24060947,  0.09465412, -0.25735419, ...,  0.32350414,
         -0.07976145,  0.        ]],

       [[ 0.        , -0.25491729, -0.13422713, ..., -0.98634807,
         -0.96528154, -0.95149474],
        [ 0.25491729,  0.        ,  0.12281779, ..., -0.91178374,
         -0.86680402, -0.84163094],
        [ 0.13422713, -0.12281779,  0.        , ..., -0.95531851,
         -0.92148462, -0.90158728],
        ...,
        [ 0.98634807,  0.91178374,  0.95531851, ...,  0.        ,
          0.09868901,  0.14677849],
        [ 0.96528154,  0.86680402,  0.92148462, ..., -0.09868901,
          0.        ,  0.04844182],
        [ 0.95149474,  0.84163094,  0.90158728, ..., -0.14677849,
         -0.04844182,  0.        ]],

       [[ 0.        , -0.22711479, -0.62141007, ..., -0.99999614,
         -0.98924065, -0.97271079],
        [ 0.22711479,  0.        , -0.42723024, ..., -0.97449504,
         -0.99661612, -0.9999873 ],
        [ 0.62141007,  0.42723024,  0.        , ..., -0.78520843,
         -0.8659664 , -0.90628494],
        ...,
        [ 0.99999614,  0.97449504,  0.78520843, ...,  0.        ,
         -0.14354927, -0.22931836],
        [ 0.98924065,  0.99661612,  0.8659664 , ...,  0.14354927,
          0.        , -0.08721945],
        [ 0.97271079,  0.9999873 ,  0.90628494, ...,  0.22931836,
          0.08721945,  0.        ]]]), 'num': array([ 9.99798583e-01,  1.97860166e-02,  1.00928169e-05, -2.92646010e-08,
        1.13296245e-03,  1.15046444e-03,  1.12129445e-03,  6.37737679e-04,
       -1.98355939e-05,  1.15349812e-03,  1.19731145e-03,  1.18237641e-03,
        2.95131674e-07,  1.25631172e-03,  1.13831118e-03])}
{'img': array([[[ 0.        , -0.52722829, -0.78437054, ..., -0.96993113,
         -0.92705074, -0.99670289],
        [ 0.52722829,  0.        , -0.33946244, ..., -0.69585688,
         -0.59006016, -0.80414385],
        [ 0.78437054,  0.33946244,  0.        , ..., -0.41074133,
         -0.280954  , -0.5546052 ],
        ...,
        [ 0.96993113,  0.69585688,  0.41074133, ...,  0.        ,
          0.13803682, -0.1638789 ],
        [ 0.92705074,  0.59006016,  0.280954  , ..., -0.13803682,
          0.        , -0.29848074],
        [ 0.99670289,  0.80414385,  0.5546052 , ...,  0.1638789 ,
          0.29848074,  0.        ]],

       [[ 0.        ,  0.46706334,  0.84369038, ...,  0.42228453,
         -0.13031638, -0.27098052],
        [-0.46706334,  0.        ,  0.4952775 , ..., -0.04998174,
         -0.57830929, -0.68919553],
        [-0.84369038, -0.4952775 ,  0.        , ..., -0.53807935,
         -0.90645353, -0.95759406],
        ...,
        [-0.42228453,  0.04998174,  0.53807935, ...,  0.        ,
         -0.5368105 , -0.65211859],
        [ 0.13031638,  0.57830929,  0.90645353, ...,  0.5368105 ,
          0.        , -0.14322916],
        [ 0.27098052,  0.68919553,  0.95759406, ...,  0.65211859,
          0.14322916,  0.        ]],

       [[ 0.        , -0.59940827, -0.84525189, ..., -0.98373956,
         -0.93908656, -0.82783233],
        [ 0.59940827,  0.        , -0.35627171, ..., -0.89508215,
         -0.95769075, -0.99888639],
        [ 0.84525189,  0.35627171,  0.        , ..., -0.677487  ,
         -0.79231465, -0.91653286],
        ...,
        [ 0.98373956,  0.89508215,  0.677487  , ...,  0.        ,
         -0.16943153, -0.40317448],
        [ 0.93908656,  0.95769075,  0.79231465, ...,  0.16943153,
          0.        , -0.24229465],
        [ 0.82783233,  0.99888639,  0.91653286, ...,  0.40317448,
          0.24229465,  0.        ]],

       ...,

       [[ 0.        , -0.34766462, -0.42296847, ..., -0.17375589,
         -0.09465412, -0.2575212 ],
        [ 0.34766462,  0.        , -0.0815489 , ...,  0.17945939,
          0.25735419,  0.09448205],
        [ 0.42296847,  0.0815489 ,  0.        , ...,  0.25908666,
          0.33529913,  0.17535146],
        ...,
        [ 0.17375589, -0.17945939, -0.25908666, ...,  0.        ,
          0.07976145, -0.08570842],
        [ 0.09465412, -0.25735419, -0.33529913, ..., -0.07976145,
          0.        , -0.16490331],
        [ 0.2575212 , -0.09448205, -0.17535146, ...,  0.08570842,
          0.16490331,  0.        ]],

       [[ 0.        ,  0.12281779,  0.1707588 , ..., -0.86680402,
         -0.84163094, -0.78276163],
        [-0.12281779,  0.        ,  0.04845207, ..., -0.92148462,
         -0.90158728, -0.85326769],
        [-0.1707588 , -0.04845207,  0.        , ..., -0.93922185,
         -0.92148861, -0.87753199],
        ...,
        [ 0.86680402,  0.92148462,  0.93922185, ...,  0.        ,
          0.04844182,  0.14910764],
        [ 0.84163094,  0.90158728,  0.92148861, ..., -0.04844182,
          0.        ,  0.1010323 ],
        [ 0.78276163,  0.85326769,  0.87753199, ..., -0.14910764,
         -0.1010323 ,  0.        ]],

       [[ 0.        , -0.59041882, -0.82211598, ..., -0.99084624,
         -0.97507997, -0.91669724],
        [ 0.59041882,  0.        , -0.32739009, ..., -0.87941281,
         -0.91797073, -0.97578465],
        [ 0.82211598,  0.32739009,  0.        , ..., -0.6750904 ,
         -0.73752202, -0.85039727],
        ...,
        [ 0.99084624,  0.87941281,  0.6750904 , ...,  0.        ,
         -0.08819169, -0.27217502],
        [ 0.97507997,  0.91797073,  0.73752202, ...,  0.08819169,
          0.        , -0.18625224],
        [ 0.91669724,  0.97578465,  0.85039727, ...,  0.27217502,
          0.18625224,  0.        ]]]), 'num': array([ 9.99842615e-01,  1.74148298e-02,  1.00555552e-05, -4.81668951e-08,
        1.13313465e-03,  1.14589256e-03,  1.10877863e-03,  8.50210526e-04,
        6.95886170e-06,  1.14009351e-03,  1.18793568e-03,  1.17388265e-03,
        3.64299384e-07,  1.25146905e-03,  1.12440232e-03])}
{'img': array([[[ 0.        , -0.33946244, -0.6439945 , ..., -0.59006016,
         -0.80414385, -0.73331028],
        [ 0.33946244,  0.        , -0.34605486, ..., -0.280954  ,
         -0.5546052 , -0.4589675 ],
        [ 0.6439945 ,  0.34605486,  0.        , ...,  0.06852114,
         -0.23238156, -0.12315636],
        ...,
        [ 0.59006016,  0.280954  , -0.06852114, ...,  0.        ,
         -0.29848074, -0.19086641],
        [ 0.80414385,  0.5546052 ,  0.23238156, ...,  0.29848074,
          0.        ,  0.11082758],
