state_0,state_1,state_2,state_3,state_4,state_5,state_6,state_7,state_8,state_9,state_10,state_11,state_12,state_13,state_14,state_15,state_16,state_17,state_18,state_19,state_20,state_21,state_22,state_23,state_24,state_25,state_26,state_27,state_28,state_29,state_30,state_31,state_32,state_33,state_34,state_35,state_36,state_37,state_38,state_39,state_40,state_41,state_42,state_43,state_44,state_45,state_46,state_47,state_48,state_49,state_50,state_51,state_52,state_53,state_54,state_55,state_56,state_57,state_58,state_59,state_60,state_61,state_62,state_63,state_64,state_65,state_66,state_67,state_68,state_69,state_70,state_71,state_72,state_73,state_74,state_75,state_76,state_77,state_78,state_79,state_80,state_81,state_82,state_83,state_84,state_85,state_86,state_87,state_88,state_89,state_90,state_91,state_92,state_93,state_94,state_95,state_96,state_97,state_98,state_99,state_100,state_101,state_102,state_103,state_104,state_105,state_106,state_107,state_108,state_109,state_110,state_111,state_112,state_113,state_114,state_115,state_116,state_117,state_118,state_119,state_120,state_121,state_122,state_123,state_124,state_125,state_126,state_127,state_128,state_129,state_130,state_131,state_132,state_133,state_134,state_135,state_136,state_137,state_138,state_139,state_140,state_141,state_142,state_143,state_144,state_145,state_146,state_147,state_148,state_149,state_150,state_151,state_152,state_153,state_154,state_155,state_156,state_157,state_158,state_159,state_160,state_161,state_162,state_163,state_164,state_165,state_166,state_167,state_168,state_169,state_170,state_171,state_172,state_173,state_174,state_175,state_176,state_177,state_178,state_179,state_180,state_181,state_182,state_183,state_184,state_185,state_186,state_187,state_188,state_189,state_190,state_191,state_192,state_193,state_194,state_195,state_196,state_197,state_198,state_199,state_200,state_201,state_202,state_203,state_204,state_205,state_206,state_207,state_208,state_209,state_210,state_211,state_212,state_213,state_214,state_215,state_216,state_217,state_218,state_219,state_220,state_221,state_222,state_223,state_224,state_225,state_226,state_227,state_228,state_229,state_230,state_231,state_232,state_233,state_234,state_235,state_236,state_237,state_238,state_239,state_240,state_241,state_242,state_243,state_244,state_245,state_246,state_247,state_248,state_249,state_250,state_251,state_252,state_253,state_254,state_255,state_256,state_257,state_258,state_259,state_260,state_261,state_262,state_263,state_264,state_265,state_266,state_267,state_268,state_269,state_270,state_271,state_272,state_273,state_274,state_275,state_276,state_277,state_278,state_279,state_280,state_281,state_282,state_283,state_284,state_285,state_286,state_287
{'img': array([[[ 0.00000000e+00,  4.01658611e-01,  2.90537087e-01, ...,
         -9.99051650e-01, -8.94697457e-01, -4.01658611e-01],
        [-4.01658611e-01,  0.00000000e+00, -1.18261751e-01, ...,
         -9.32409515e-01, -6.39944596e-01, -0.00000000e+00],
        [-2.90537087e-01,  1.18261751e-01,  0.00000000e+00, ...,
         -9.68606502e-01, -7.26328576e-01, -1.18261751e-01],
        ...,
        [ 9.99051650e-01,  9.32409515e-01,  9.68606502e-01, ...,
          0.00000000e+00, -4.85204879e-01, -9.32409515e-01],
        [ 8.94697457e-01,  6.39944596e-01,  7.26328576e-01, ...,
          4.85204879e-01,  0.00000000e+00, -6.39944596e-01],
        [ 4.01658611e-01,  0.00000000e+00,  1.18261751e-01, ...,
          9.32409515e-01,  6.39944596e-01,  0.00000000e+00]],

       [[ 0.00000000e+00, -1.51826232e-01, -1.15642763e-01, ...,
          1.36124253e-01,  2.19990446e-01,  2.58267061e-01],
        [ 1.51826232e-01,  0.00000000e+00,  3.65054702e-02, ...,
          2.84959190e-01,  3.65546938e-01,  4.01948331e-01],
        [ 1.15642763e-01, -3.65054702e-02,  0.00000000e+00, ...,
          2.49777311e-01,  3.31324251e-01,  3.68253729e-01],
        ...,
        [-1.36124253e-01, -2.84959190e-01, -2.49777311e-01, ...,
          0.00000000e+00,  8.51532407e-02,  1.24357010e-01],
        [-2.19990446e-01, -3.65546938e-01, -3.31324251e-01, ...,
         -8.51532407e-02,  0.00000000e+00,  3.94130870e-02],
        [-2.58267061e-01, -4.01948331e-01, -3.68253729e-01, ...,
         -1.24357010e-01, -3.94130870e-02,  0.00000000e+00]],

       [[ 0.00000000e+00,  3.71864833e-02,  2.21443629e-01, ...,
         -8.88418138e-01, -8.20997148e-01, -4.33281859e-01],
        [-3.71864833e-02,  0.00000000e+00,  1.85027205e-01, ...,
         -8.70733757e-01, -7.99198336e-01, -3.99467544e-01],
        [-2.21443629e-01, -1.85027205e-01,  0.00000000e+00, ...,
         -7.64711139e-01, -6.74185075e-01, -2.22946899e-01],
        ...,
        [ 8.88418138e-01,  8.70733757e-01,  7.64711139e-01, ...,
          0.00000000e+00, -1.30360106e-01, -6.01802795e-01],
        [ 8.20997148e-01,  7.99198336e-01,  6.74185075e-01, ...,
          1.30360106e-01,  0.00000000e+00, -4.92556028e-01],
        [ 4.33281859e-01,  3.99467544e-01,  2.22946899e-01, ...,
          6.01802795e-01,  4.92556028e-01,  0.00000000e+00]],

       ...,

       [[ 0.00000000e+00,  1.02415062e-01,  1.09761305e-01, ...,
          9.50668759e-02, -1.78507335e-01, -2.82425135e-01],
        [-1.02415062e-01,  0.00000000e+00,  7.38788519e-03, ...,
         -7.38422232e-03, -2.78338831e-01, -3.79185752e-01],
        [-1.09761305e-01, -7.38788519e-03,  0.00000000e+00, ...,
         -1.47717046e-02, -2.85427173e-01, -3.86011566e-01],
        ...,
        [-9.50668759e-02,  7.38422232e-03,  1.47717046e-02, ...,
          0.00000000e+00, -2.71238823e-01, -3.72342641e-01],
        [ 1.78507335e-01,  2.78338831e-01,  2.85427173e-01, ...,
          2.71238823e-01,  0.00000000e+00, -1.06648803e-01],
        [ 2.82425135e-01,  3.79185752e-01,  3.86011566e-01, ...,
          3.72342641e-01,  1.06648803e-01,  0.00000000e+00]],

       [[ 0.00000000e+00, -3.79052908e-01, -5.00954938e-01, ...,
         -0.00000000e+00, -3.80394005e-01, -6.18993102e-01],
        [ 3.79052908e-01,  0.00000000e+00, -1.35510980e-01, ...,
         -3.79052908e-01, -7.02564528e-01, -8.70507540e-01],
        [ 5.00954938e-01,  1.35510980e-01,  0.00000000e+00, ...,
         -5.00954938e-01, -7.92516293e-01, -9.29170260e-01],
        ...,
        [ 0.00000000e+00,  3.79052908e-01,  5.00954938e-01, ...,
          0.00000000e+00,  3.80394005e-01,  6.18993102e-01],
        [ 3.80394005e-01,  7.02564528e-01,  7.92516293e-01, ...,
         -3.80394005e-01,  0.00000000e+00,  2.73699910e-01],
        [ 6.18993102e-01,  8.70507540e-01,  9.29170260e-01, ...,
         -6.18993102e-01, -2.73699910e-01,  0.00000000e+00]],

       [[ 0.00000000e+00,  5.56268055e-02,  3.81462717e-04, ...,
         -8.19023617e-01, -6.64603219e-01, -5.56268055e-02],
        [-5.56268055e-02,  0.00000000e+00, -5.52459293e-02, ...,
         -7.85839040e-01, -6.22010015e-01, -0.00000000e+00],
        [-3.81462717e-04,  5.52459293e-02,  0.00000000e+00, ...,
         -8.18804689e-01, -6.64318143e-01, -5.52459293e-02],
        ...,
        [ 8.19023617e-01,  7.85839040e-01,  8.18804689e-01, ...,
          0.00000000e+00, -2.30648939e-01, -7.85839040e-01],
        [ 6.64603219e-01,  6.22010015e-01,  6.64318143e-01, ...,
          2.30648939e-01,  0.00000000e+00, -6.22010015e-01],
        [ 5.56268055e-02,  0.00000000e+00,  5.52459293e-02, ...,
          7.85839040e-01,  6.22010015e-01,  0.00000000e+00]]]), 'num': array([ 7.07106375e-01,  7.07106375e-01,  0.00000000e+00,  0.00000000e+00,
        2.69869030e-04,  2.78286963e-04,  2.62936614e-04,  6.25155321e-04,
       -4.95172532e-07,  2.93142139e-04,  3.26739595e-04,  3.54708590e-04,
        2.49163248e-07,  3.81372432e-04,  2.72106758e-04])}
{'img': array([[[ 0.        , -0.11805555, -0.48569945, ..., -0.64729714,
         -0.11805555, -0.        ],
        [ 0.11805555,  0.        , -0.37910754, ..., -0.73275699,
         -0.23445996, -0.11805555],
        [ 0.48569945,  0.37910754,  0.        , ..., -0.93603764,
         -0.58549836, -0.48569945],
        ...,
        [ 0.64729714,  0.73275699,  0.93603764, ...,  0.        ,
         -0.5527842 , -0.64729714],
        [ 0.11805555,  0.23445996,  0.58549836, ...,  0.5527842 ,
          0.        , -0.11805555],
        [ 0.        ,  0.11805555,  0.48569945, ...,  0.64729714,
          0.11805555,  0.        ]],

       [[ 0.        ,  0.03650547, -0.03565774, ...,  0.36554694,
          0.40194833,  0.25671688],
        [-0.03650547,  0.        , -0.07211623, ...,  0.33132425,
          0.36825373,  0.22126372],
        [ 0.03565774,  0.07211623,  0.        , ...,  0.39850445,
          0.43434317,  0.29101636],
        ...,
        [-0.36554694, -0.33132425, -0.39850445, ...,  0.        ,
          0.03941309, -0.11434598],
        [-0.40194833, -0.36825373, -0.43434317, ..., -0.03941309,
          0.        , -0.15341171],
        [-0.25671688, -0.22126372, -0.29101636, ...,  0.11434598,
          0.15341171,  0.        ]],

       [[ 0.        ,  0.17791711,  0.38494607, ..., -0.91107798,
         -0.8120022 , -0.38494607],
        [-0.17791711,  0.        ,  0.21459778, ..., -0.82319868,
         -0.69520499, -0.21459778],
        [-0.38494607, -0.21459778,  0.        , ..., -0.68218159,
         -0.52475309, -0.        ],
        ...,
        [ 0.91107798,  0.82319868,  0.68218159, ...,  0.        ,
         -0.1970197 , -0.68218159],
        [ 0.8120022 ,  0.69520499,  0.52475309, ...,  0.1970197 ,
          0.        , -0.52475309],
        [ 0.38494607,  0.21459778,  0.        , ...,  0.68218159,
          0.52475309,  0.        ]],

       ...,

       [[ 0.        ,  0.00738789, -0.08291554, ..., -0.27833883,
         -0.37918575, -0.5120904 ],
        [-0.00738789,  0.        , -0.09027572, ..., -0.28542717,
         -0.38601157, -0.51842211],
        [ 0.08291554,  0.09027572,  0.        , ..., -0.19774144,
         -0.30115661, -0.43910828],
        ...,
        [ 0.27833883,  0.28542717,  0.19774144, ...,  0.        ,
         -0.1066488 , -0.25278009],
        [ 0.37918575,  0.38601157,  0.30115661, ...,  0.1066488 ,
          0.        , -0.14815317],
        [ 0.5120904 ,  0.51842211,  0.43910828, ...,  0.25278009,
          0.14815317,  0.        ]],

       [[ 0.        , -0.34723902, -0.49014629, ..., -0.38740216,
         -0.62940348, -0.71811435],
        [ 0.34723902,  0.        , -0.15698027, ..., -0.68342012,
         -0.86007193, -0.91508324],
        [ 0.49014629,  0.15698027,  0.        , ..., -0.78954647,
         -0.9294956 , -0.96704244],
        ...,
        [ 0.38740216,  0.68342012,  0.78954647, ...,  0.        ,
          0.27921192,  0.39243449],
        [ 0.62940348,  0.86007193,  0.9294956 , ..., -0.27921192,
          0.        ,  0.12001365],
        [ 0.71811435,  0.91508324,  0.96704244, ..., -0.39243449,
         -0.12001365,  0.        ]],

       [[ 0.        , -0.05289225, -0.16985647, ..., -0.7731559 ,
         -0.55312433, -0.        ],
        [ 0.05289225,  0.        , -0.11749504, ..., -0.80561876,
         -0.59641454, -0.05289225],
        [ 0.16985647,  0.11749504,  0.        , ..., -0.86964672,
         -0.68659398, -0.16985647],
        ...,
        [ 0.7731559 ,  0.80561876,  0.86964672, ...,  0.        ,
         -0.29331488, -0.7731559 ],
        [ 0.55312433,  0.59641454,  0.68659398, ...,  0.29331488,
          0.        , -0.55312433],
        [ 0.        ,  0.05289225,  0.16985647, ...,  0.7731559 ,
          0.55312433,  0.        ]]]), 'num': array([ 8.35814053e-01,  5.49011501e-01,  1.02064965e-05, -5.53295260e-11,
        3.25542056e-04,  3.31334620e-04,  3.16273955e-04,  4.51901032e-04,
        9.84735758e-06,  3.32377281e-04,  3.78572973e-04,  4.12343617e-04,
        2.77443160e-07,  4.46547636e-04,  3.10598311e-04])}
{'img': array([[[ 0.        , -0.47367121, -0.82515097, ..., -0.11826175,
         -0.        , -0.47367121],
        [ 0.47367121,  0.        , -0.45912922, ..., -0.57450054,
         -0.47367121, -0.83432614],
        [ 0.82515097,  0.45912922,  0.        , ..., -0.88616795,
         -0.82515097, -0.99429459],
        ...,
        [ 0.11826175,  0.57450054,  0.88616795, ...,  0.        ,
         -0.11826175,  0.36619387],
        [ 0.        ,  0.47367121,  0.82515097, ...,  0.11826175,
          0.        ,  0.47367121],
        [ 0.47367121,  0.83432614,  0.99429459, ..., -0.36619387,
         -0.47367121,  0.        ]],

       [[ 0.        , -0.07211623,  0.17193345, ...,  0.36825373,
          0.22126372,  0.11534182],
        [ 0.07211623,  0.        ,  0.24252809, ...,  0.43434317,
          0.29101636,  0.18667641],
        [-0.17193345, -0.24252809,  0.        , ...,  0.20291902,
          0.05029688, -0.05716173],
        ...,
        [-0.36825373, -0.43434317, -0.20291902, ...,  0.        ,
         -0.15341171, -0.25855974],
        [-0.22126372, -0.29101636, -0.05029688, ...,  0.15341171,
          0.        , -0.10730402],
        [-0.11534182, -0.18667641,  0.05716173, ...,  0.25855974,
          0.10730402,  0.        ]],

       [[ 0.        ,  0.20644129, -0.01548473, ..., -0.83428983,
         -0.69198844, -0.20644129],
        [-0.20644129,  0.        , -0.22156772, ..., -0.70250191,
         -0.52805057, -0.        ],
        [ 0.01548473,  0.22156772,  0.        , ..., -0.84272694,
         -0.70308404, -0.22156772],
        ...,
        [ 0.83428983,  0.70250191,  0.84272694, ...,  0.        ,
         -0.22076969, -0.70250191],
        [ 0.69198844,  0.52805057,  0.70308404, ...,  0.22076969,
          0.        , -0.52805057],
        [ 0.20644129,  0.        ,  0.22156772, ...,  0.70250191,
          0.52805057,  0.        ]],

       ...,

       [[ 0.        , -0.09027572, -0.22941755, ..., -0.38601157,
         -0.51842211, -0.55955767],
        [ 0.09027572,  0.        , -0.14061291, ..., -0.30115661,
         -0.43910828, -0.48245315],
        [ 0.22941755,  0.14061291,  0.        , ..., -0.1640796 ,
         -0.30841415, -0.3544939 ],
        ...,
        [ 0.38601157,  0.30115661,  0.1640796 , ...,  0.        ,
         -0.14815317, -0.19626549],
        [ 0.51842211,  0.43910828,  0.30841415, ...,  0.14815317,
          0.        , -0.04882788],
        [ 0.55955767,  0.48245315,  0.3544939 , ...,  0.19626549,
          0.04882788,  0.        ]],

       [[ 0.        , -0.3330424 , -0.25459647, ..., -0.66356091,
         -0.75000297, -0.75891686],
        [ 0.3330424 ,  0.        ,  0.08200575, ..., -0.87483588,
         -0.92747241, -0.93246476],
        [ 0.25459647, -0.08200575,  0.        , ..., -0.83216413,
         -0.89368729, -0.89969861],
        ...,
        [ 0.66356091,  0.87483588,  0.83216413, ...,  0.        ,
          0.12219187,  0.13566001],
        [ 0.75000297,  0.92747241,  0.89368729, ..., -0.12219187,
          0.        ,  0.01358118],
        [ 0.75891686,  0.93246476,  0.89969861, ..., -0.13566001,
         -0.01358118,  0.        ]],

       [[ 0.        , -0.15730388, -0.44461608, ..., -0.67631297,
         -0.4463635 , -0.        ],
        [ 0.15730388,  0.        , -0.29818029, ..., -0.78376534,
         -0.58157004, -0.15730388],
        [ 0.44461608,  0.29818029,  0.        , ..., -0.9332985 ,
         -0.79768274, -0.44461608],
        ...,
        [ 0.67631297,  0.78376534,  0.9332985 , ...,  0.        ,
         -0.27640205, -0.67631297],
        [ 0.4463635 ,  0.58157004,  0.79768274, ...,  0.27640205,
          0.        , -0.4463635 ],
        [ 0.        ,  0.15730388,  0.44461608, ...,  0.67631297,
          0.4463635 ,  0.        ]]]), 'num': array([9.15429446e-01, 4.02476863e-01, 1.80935646e-05, 1.31433974e-08,
       3.57957123e-04, 3.63638982e-04, 3.55431852e-04, 2.85393469e-04,
       3.15658839e-06, 3.53411636e-04, 4.08336274e-04, 4.46636213e-04,
       2.63580444e-07, 4.84663182e-04, 3.32009366e-04])}
{'img': array([[[ 0.        , -0.74757349, -0.73404163, ..., -0.        ,
         -0.48747969, -0.54900221],
        [ 0.74757349,  0.        ,  0.02014539, ..., -0.74757349,
         -0.9765059 , -0.98947334],
        [ 0.73404163, -0.02014539,  0.        , ..., -0.73404163,
         -0.97196658, -0.98635719],
        ...,
        [ 0.        ,  0.74757349,  0.73404163, ...,  0.        ,
          0.48747969,  0.54900221],
        [ 0.48747969,  0.9765059 ,  0.97196658, ..., -0.48747969,
          0.        ,  0.07190697],
        [ 0.54900221,  0.98947334,  0.98635719, ..., -0.54900221,
         -0.07190697,  0.        ]],

       [[ 0.        ,  0.24252809,  0.12168215, ...,  0.29101636,
          0.18667641,  0.08449781],
        [-0.24252809,  0.        , -0.12267664, ...,  0.05029688,
         -0.05716173, -0.15968566],
        [-0.12168215,  0.12267664,  0.        , ...,  0.17243834,
          0.06574608, -0.03737706],
        ...,
        [-0.29101636, -0.05029688, -0.17243834, ...,  0.        ,
         -0.10730402, -0.20913501],
        [-0.18667641,  0.05716173, -0.06574608, ...,  0.10730402,
          0.        , -0.10299633],
        [-0.08449781,  0.15968566,  0.03737706, ...,  0.20913501,
          0.10299633,  0.        ]],

       [[ 0.        , -0.21548369, -0.43637462, ..., -0.66387167,
         -0.4552414 , -0.        ],
        [ 0.21548369,  0.        , -0.23223837, ..., -0.80942435,
         -0.63640641, -0.21548369],
        [ 0.43637462,  0.23223837,  0.        , ..., -0.92366978,
         -0.79814434, -0.43637462],
        ...,
        [ 0.66387167,  0.80942435,  0.92366978, ...,  0.        ,
         -0.25063942, -0.66387167],
        [ 0.4552414 ,  0.63640641,  0.79814434, ...,  0.25063942,
          0.        , -0.4552414 ],
        [ 0.        ,  0.21548369,  0.43637462, ...,  0.66387167,
          0.4552414 ,  0.        ]],

       ...,

       [[ 0.        , -0.14061291, -0.27315927, ..., -0.43910828,
         -0.48245315, -0.59473229],
        [ 0.14061291,  0.        , -0.1351801 , ..., -0.30841415,
         -0.3544939 , -0.47578135],
        [ 0.27315927,  0.1351801 ,  0.        , ..., -0.17699286,
         -0.22483874, -0.35251468],
        ...,
        [ 0.43910828,  0.30841415,  0.17699286, ...,  0.        ,
         -0.04882788, -0.18131819],
        [ 0.48245315,  0.3544939 ,  0.22483874, ...,  0.04882788,
          0.        , -0.13308339],
        [ 0.59473229,  0.47578135,  0.35251468, ...,  0.18131819,
          0.13308339,  0.        ]],

       [[ 0.        ,  0.08200575,  0.07640613, ..., -0.92747241,
         -0.93246476, -0.90830442],
        [-0.08200575,  0.        , -0.00561725, ..., -0.89368729,
         -0.89969861, -0.87094131],
        [-0.07640613,  0.00561725,  0.        , ..., -0.89619359,
         -0.90213641, -0.87368781],
        ...,
        [ 0.92747241,  0.89368729,  0.89619359, ...,  0.        ,
          0.01358118, -0.0483634 ],
        [ 0.93246476,  0.89969861,  0.90213641, ..., -0.01358118,
          0.        , -0.06192423],
        [ 0.90830442,  0.87094131,  0.87368781, ...,  0.0483634 ,
          0.06192423,  0.        ]],

       [[ 0.        , -0.41190003, -0.53962738, ..., -0.57277147,
         -0.38870618, -0.        ],
        [ 0.41190003,  0.        , -0.14494387, ..., -0.85956667,
         -0.7337093 , -0.41190003],
        [ 0.53962738,  0.14494387,  0.        , ..., -0.92455928,
         -0.82444531, -0.53962738],
        ...,
        [ 0.57277147,  0.85956667,  0.92455928, ...,  0.        ,
         -0.20910141, -0.57277147],
        [ 0.38870618,  0.7337093 ,  0.82444531, ...,  0.20910141,
          0.        , -0.38870618],
        [ 0.        ,  0.41190003,  0.53962738, ...,  0.57277147,
          0.38870618,  0.        ]]]), 'num': array([9.57475550e-01, 2.88512054e-01, 2.33903320e-05, 2.02235002e-08,
       3.75400390e-04, 3.78025568e-04, 3.63587091e-04, 2.41463832e-04,
       3.28147194e-06, 3.66474787e-04, 4.20815962e-04, 4.61670288e-04,
       3.07494574e-07, 5.02084820e-04, 3.39547105e-04])}
{'img': array([[[ 0.        ,  0.02014539, -0.06783154, ..., -0.9765059 ,
         -0.98947334, -0.99676881],
        [-0.02014539,  0.        , -0.08791677, ..., -0.97196658,
         -0.98635719, -0.99494836],
        [ 0.06783154,  0.08791677,  0.        , ..., -0.98887386,
         -0.99701063, -0.99992154],
        ...,
        [ 0.9765059 ,  0.97196658,  0.98887386, ...,  0.        ,
          0.07190697,  0.13635752],
        [ 0.98947334,  0.98635719,  0.99701063, ..., -0.07190697,
          0.        ,  0.0647692 ],
        [ 0.99676881,  0.99494836,  0.99992154, ..., -0.13635752,
         -0.0647692 ,  0.        ]],

       [[ 0.        , -0.12267664, -0.22221503, ..., -0.05716173,
         -0.15968566, -0.19580279],
        [ 0.12267664,  0.        , -0.10092713, ...,  0.06574608,
         -0.03737706, -0.07402181],
        [ 0.22221503,  0.10092713,  0.        , ...,  0.16611914,
          0.0636704 ,  0.02700641],
        ...,
        [ 0.05716173, -0.06574608, -0.16611914, ...,  0.        ,
         -0.10299633, -0.13942737],
        [ 0.15968566,  0.03737706, -0.0636704 , ...,  0.10299633,
          0.        , -0.03669556],
        [ 0.19580279,  0.07402181, -0.02700641, ...,  0.13942737,
          0.03669556,  0.        ]],

       [[ 0.        , -0.38534198, -0.58302983, ..., -0.47747635,
         -0.14813138, -0.        ],
        [ 0.38534198,  0.        , -0.22493329, ..., -0.77918134,
         -0.51778253, -0.38534198],
        [ 0.58302983,  0.22493329,  0.        , ..., -0.90020203,
         -0.69694711, -0.58302983],
        ...,
        [ 0.47747635,  0.77918134,  0.90020203, ...,  0.        ,
         -0.34205384, -0.47747635],
        [ 0.14813138,  0.51778253,  0.69694711, ...,  0.34205384,
          0.        , -0.14813138],
        [ 0.        ,  0.38534198,  0.58302983, ...,  0.47747635,
          0.14813138,  0.        ]],

       ...,

       [[ 0.        , -0.1351801 , -0.18032105, ..., -0.3544939 ,
         -0.47578135, -0.37461649],
        [ 0.1351801 ,  0.        , -0.04570169, ..., -0.22483874,
         -0.35251468, -0.24584163],
        [ 0.18032105,  0.04570169,  0.        , ..., -0.18007227,
         -0.30937842, -0.20128565],
        ...,
        [ 0.3544939 ,  0.22483874,  0.18007227, ...,  0.        ,
         -0.13308339, -0.02160866],
        [ 0.47578135,  0.35251468,  0.30937842, ...,  0.13308339,
          0.        ,  0.11163587],
        [ 0.37461649,  0.24584163,  0.20128565, ...,  0.02160866,
         -0.11163587,  0.        ]],

       [[ 0.        , -0.00561725, -0.0321049 , ..., -0.89969861,
         -0.87094131, -0.84261185],
        [ 0.00561725,  0.        , -0.02649004, ..., -0.90213641,
         -0.87368781, -0.84562356],
        [ 0.0321049 ,  0.02649004,  0.        , ..., -0.91324898,
         -0.88626827, -0.85946666],
        ...,
        [ 0.89969861,  0.90213641,  0.91324898, ...,  0.        ,
         -0.06192423, -0.11669705],
        [ 0.87094131,  0.87368781,  0.88626827, ...,  0.06192423,
          0.        , -0.05497196],
        [ 0.84261185,  0.84562356,  0.85946666, ...,  0.11669705,
          0.05497196,  0.        ]],

       [[ 0.        , -0.36795257, -0.51642441, ..., -0.51938353,
         -0.35695548, -0.        ],
        [ 0.36795257,  0.        , -0.16510459, ..., -0.7973766 ,
         -0.67562548, -0.36795257],
        [ 0.51642441,  0.16510459,  0.        , ..., -0.8860711 ,
         -0.78807577, -0.51642441],
        ...,
        [ 0.51938353,  0.7973766 ,  0.8860711 , ...,  0.        ,
         -0.18013409, -0.51938353],
        [ 0.35695548,  0.67562548,  0.78807577, ...,  0.18013409,
          0.        , -0.35695548],
        [ 0.        ,  0.36795257,  0.51642441, ...,  0.51938353,
          0.35695548,  0.        ]]]), 'num': array([9.12808217e-01, 4.08386995e-01, 1.76063254e-05, 2.67606997e-08,
       3.58253709e-04, 3.63255506e-04, 3.52626687e-04, 1.86091857e-04,
       6.25224623e-07, 3.52501642e-04, 3.97361509e-04, 4.37782281e-04,
       3.32150581e-07, 4.75789178e-04, 3.18933840e-04])}
{'img': array([[[ 0.        , -0.08791677, -0.42194055, ..., -0.98635719,
         -0.99494836, -0.99610756],
        [ 0.08791677,  0.        , -0.34059932, ..., -0.99701063,
         -0.99992154, -0.99999997],
        [ 0.42194055,  0.34059932,  0.        , ..., -0.96371414,
         -0.94440134, -0.94028691],
        ...,
        [ 0.98635719,  0.99701063,  0.96371414, ...,  0.        ,
          0.0647692 ,  0.077035  ],
        [ 0.99494836,  0.99992154,  0.94440134, ..., -0.0647692 ,
          0.        ,  0.01229651],
        [ 0.99610756,  0.99999997,  0.94028691, ..., -0.077035  ,
         -0.01229651,  0.        ]],

       [[ 0.        , -0.10092713,  0.12046607, ..., -0.03737706,
         -0.07402181, -0.11273616],
        [ 0.10092713,  0.        ,  0.22004308, ...,  0.0636704 ,
          0.02700641, -0.01187679],
        [-0.12046607, -0.22004308,  0.        , ..., -0.15748675,
         -0.19361833, -0.23161325],
        ...,
        [ 0.03737706, -0.0636704 ,  0.15748675, ...,  0.        ,
         -0.03669556, -0.07551861],
        [ 0.07402181, -0.02700641,  0.19361833, ...,  0.03669556,
          0.        , -0.03887697],
        [ 0.11273616,  0.01187679,  0.23161325, ...,  0.07551861,
          0.03887697,  0.        ]],

       [[ 0.        , -0.46512331, -0.70928878, ..., -0.15106004,
         -0.        , -0.29422005],
        [ 0.46512331,  0.        , -0.30002117, ..., -0.59351111,
         -0.46512331, -0.70499298],
        [ 0.70928878,  0.30002117,  0.        , ..., -0.80763434,
         -0.70928878, -0.88529505],
        ...,
        [ 0.15106004,  0.59351111,  0.80763434, ...,  0.        ,
         -0.15106004,  0.14646998],
        [ 0.        ,  0.46512331,  0.70928878, ...,  0.15106004,
          0.        ,  0.29422005],
        [ 0.29422005,  0.70499298,  0.88529505, ..., -0.14646998,
         -0.29422005,  0.        ]],

       ...,

       [[ 0.        , -0.04570169, -0.33748822, ..., -0.35251468,
         -0.24584163, -0.12300994],
        [ 0.04570169,  0.        , -0.29411522, ..., -0.30937842,
         -0.20128565, -0.0775268 ],
        [ 0.33748822,  0.29411522,  0.        , ..., -0.01600896,
          0.09571267,  0.21913223],
        ...,
        [ 0.35251468,  0.30937842,  0.01600896, ...,  0.        ,
          0.11163587,  0.23472401],
        [ 0.24584163,  0.20128565, -0.09571267, ..., -0.11163587,
          0.        ,  0.1247398 ],
        [ 0.12300994,  0.0775268 , -0.21913223, ..., -0.23472401,
         -0.1247398 ,  0.        ]],

       [[ 0.        , -0.02649004,  0.2923069 , ..., -0.87368781,
         -0.84562356, -0.79379277],
        [ 0.02649004,  0.        ,  0.31753739, ..., -0.88626827,
         -0.85946666, -0.80962514],
        [-0.2923069 , -0.31753739,  0.        , ..., -0.69332561,
         -0.65266309, -0.58134588],
        ...,
        [ 0.87368781,  0.88626827,  0.69332561, ...,  0.        ,
         -0.05497196, -0.14519686],
        [ 0.84562356,  0.85946666,  0.65266309, ...,  0.05497196,
          0.        , -0.0905879 ],
        [ 0.79379277,  0.80962514,  0.58134588, ...,  0.14519686,
          0.0905879 ,  0.        ]],

       [[ 0.        , -0.37760471, -0.62059928, ..., -0.48015306,
         -0.33128562, -0.        ],
        [ 0.37760471,  0.        , -0.27856401, ..., -0.77583492,
         -0.66304108, -0.37760471],
        [ 0.62059928,  0.27856401,  0.        , ..., -0.92088161,
         -0.84532465, -0.62059928],
        ...,
        [ 0.48015306,  0.77583492,  0.92088161, ...,  0.        ,
         -0.16244038, -0.48015306],
        [ 0.33128562,  0.66304108,  0.84532465, ...,  0.16244038,
          0.        , -0.33128562],
        [ 0.        ,  0.37760471,  0.62059928, ...,  0.48015306,
          0.33128562,  0.        ]]]), 'num': array([ 8.58449213e-01,  5.12897494e-01,  1.22319193e-05,  2.61915228e-08,
        3.34189284e-04,  3.45427507e-04,  3.34189284e-04,  2.36120995e-04,
       -4.73188366e-06,  3.35845443e-04,  3.72399244e-04,  4.12137209e-04,
        3.14226649e-07,  4.47495446e-04,  2.97303043e-04])}
{'img': array([[[ 0.        , -0.34059932, -0.2648706 , ..., -0.99992154,
         -0.99999997, -0.99448011],
        [ 0.34059932,  0.        ,  0.07940086, ..., -0.94440134,
         -0.94028691, -0.97075618],
        [ 0.2648706 , -0.07940086,  0.        , ..., -0.96752625,
         -0.9643449 , -0.98675285],
        ...,
        [ 0.99992154,  0.94440134,  0.96752625, ...,  0.        ,
          0.01229651, -0.09245956],
        [ 0.99999997,  0.94028691,  0.9643449 , ..., -0.01229651,
          0.        , -0.10469641],
        [ 0.99448011,  0.97075618,  0.98675285, ...,  0.09245956,
          0.10469641,  0.        ]],

       [[ 0.        ,  0.22004308,  0.17624849, ...,  0.02700641,
         -0.01187679,  0.04154244],
        [-0.22004308,  0.        , -0.04466979, ..., -0.19361833,
         -0.23161325, -0.17932888],
        [-0.17624849,  0.04466979,  0.        , ..., -0.14960056,
         -0.18792693, -0.13520422],
        ...,
        [-0.02700641,  0.19361833,  0.14960056, ...,  0.        ,
         -0.03887697,  0.01454419],
        [ 0.01187679,  0.23161325,  0.18792693, ...,  0.03887697,
          0.        ,  0.05340605],
        [-0.04154244,  0.17932888,  0.13520422, ..., -0.01454419,
         -0.05340605,  0.        ]],

       [[ 0.        , -0.58822729, -0.74742355, ..., -0.        ,
         -0.3028335 , -0.39597598],
        [ 0.58822729,  0.        , -0.21365066, ..., -0.58822729,
         -0.80550631, -0.86037015],
        [ 0.74742355,  0.21365066,  0.        , ..., -0.74742355,
         -0.91351392, -0.94939558],
        ...,
        [ 0.        ,  0.58822729,  0.74742355, ...,  0.        ,
          0.3028335 ,  0.39597598],
        [ 0.3028335 ,  0.80550631,  0.91351392, ..., -0.3028335 ,
          0.        ,  0.09930217],
        [ 0.39597598,  0.86037015,  0.94939558, ..., -0.39597598,
         -0.09930217,  0.        ]],

       ...,

       [[ 0.        , -0.29411522, -0.11792844, ..., -0.20128565,
         -0.0775268 , -0.0775268 ],
        [ 0.29411522,  0.        ,  0.17935046, ...,  0.09571267,
          0.21913223,  0.21913223],
        [ 0.11792844, -0.17935046,  0.        , ..., -0.08436635,
          0.04058767,  0.04058767],
        ...,
        [ 0.20128565, -0.09571267,  0.08436635, ...,  0.        ,
          0.1247398 ,  0.1247398 ],
        [ 0.0775268 , -0.21913223, -0.04058767, ..., -0.1247398 ,
          0.        ,  0.        ],
        [ 0.0775268 , -0.21913223, -0.04058767, ..., -0.1247398 ,
          0.        ,  0.        ]],

       [[ 0.        ,  0.31753739,  0.13176537, ..., -0.85946666,
         -0.80962514, -0.73688276],
        [-0.31753739,  0.        , -0.18982282, ..., -0.65266309,
         -0.58134588, -0.48408414],
        [-0.13176537,  0.18982282,  0.        , ..., -0.78461554,
         -0.72522664, -0.64138174],
        ...,
        [ 0.85946666,  0.65266309,  0.78461554, ...,  0.        ,
         -0.0905879 , -0.2043287 ],
        [ 0.80962514,  0.58134588,  0.72522664, ...,  0.0905879 ,
          0.        , -0.11481189],
        [ 0.73688276,  0.48408414,  0.64138174, ...,  0.2043287 ,
          0.11481189,  0.        ]],

       [[ 0.        , -0.51527623, -0.64637386, ..., -0.46657555,
         -0.33728264, -0.        ],
        [ 0.51527623,  0.        , -0.1607915 , ..., -0.85561873,
         -0.77414218, -0.51527623],
        [ 0.64637386,  0.1607915 ,  0.        , ..., -0.9277125 ,
         -0.86585226, -0.64637386],
        ...,
        [ 0.46657555,  0.85561873,  0.9277125 , ...,  0.        ,
         -0.14091562, -0.46657555],
        [ 0.33728264,  0.77414218,  0.86585226, ...,  0.14091562,
          0.        , -0.33728264],
        [ 0.        ,  0.51527623,  0.64637386, ...,  0.46657555,
          0.33728264,  0.        ]]]), 'num': array([9.58531374e-01, 2.84984642e-01, 2.38002379e-05, 2.15105808e-08,
       3.73362933e-04, 3.85236666e-04, 3.70064674e-04, 2.53675706e-04,
       6.59651826e-07, 3.75078028e-04, 4.10864140e-04, 4.57490529e-04,
       3.76165091e-07, 4.93588029e-04, 3.28140250e-04])}
{'img': array([[[ 0.        ,  0.07940086,  0.04739284, ..., -0.94028691,
         -0.97075618, -0.96729007],
        [-0.07940086,  0.        , -0.03206843, ..., -0.9643449 ,
         -0.98675285, -0.98437795],
        [-0.04739284,  0.03206843,  0.        , ..., -0.95536205,
         -0.98104285, -0.97822543],
        ...,
        [ 0.94028691,  0.9643449 ,  0.95536205, ...,  0.        ,
         -0.10469641, -0.09072374],
        [ 0.97075618,  0.98675285,  0.98104285, ...,  0.10469641,
          0.        ,  0.01403951],
        [ 0.96729007,  0.98437795,  0.97822543, ...,  0.09072374,
         -0.01403951,  0.        ]],

       [[ 0.        , -0.04466979, -0.21254079, ..., -0.23161325,
         -0.17932888, -0.18586794],
        [ 0.04466979,  0.        , -0.16867945, ..., -0.18792693,
         -0.13520422, -0.141791  ],
        [ 0.21254079,  0.16867945,  0.        , ..., -0.01956002,
          0.03386372,  0.02721594],
        ...,
        [ 0.23161325,  0.18792693,  0.01956002, ...,  0.        ,
          0.05340605,  0.04676352],
        [ 0.17932888,  0.13520422, -0.03386372, ..., -0.05340605,
          0.        , -0.00665084],
        [ 0.18586794,  0.141791  , -0.02721594, ..., -0.04676352,
          0.00665084,  0.        ]],

       [[ 0.        , -0.27035536, -0.37356779, ..., -0.6942899 ,
         -0.76397449, -0.77525735],
        [ 0.27035536,  0.        , -0.10887394, ..., -0.86300848,
         -0.90997037, -0.91715598],
        [ 0.37356779,  0.10887394,  0.        , ..., -0.91288035,
         -0.94970823, -0.95509337],
        ...,
        [ 0.6942899 ,  0.86300848,  0.91288035, ...,  0.        ,
          0.10184086,  0.11940409],
        [ 0.76397449,  0.90997037,  0.94970823, ..., -0.10184086,
          0.        ,  0.01767101],
        [ 0.77525735,  0.91715598,  0.95509337, ..., -0.11940409,
         -0.01767101,  0.        ]],

       ...,

       [[ 0.        ,  0.17935046,  0.28258528, ...,  0.21913223,
          0.21913223,  0.28969595],
        [-0.17935046,  0.        ,  0.1059627 , ...,  0.04058767,
          0.04058767,  0.11333892],
        [-0.28258528, -0.1059627 ,  0.        , ..., -0.06551622,
         -0.06551622,  0.00742092],
        ...,
        [-0.21913223, -0.04058767,  0.06551622, ...,  0.        ,
          0.        ,  0.07291938],
        [-0.21913223, -0.04058767,  0.06551622, ...,  0.        ,
          0.        ,  0.07291938],
        [-0.28969595, -0.11333892, -0.00742092, ..., -0.07291938,
         -0.07291938,  0.        ]],

       [[ 0.        , -0.18982282, -0.31905669, ..., -0.58134588,
         -0.48408414, -0.13993649],
        [ 0.18982282,  0.        , -0.13335388, ..., -0.72522664,
         -0.64138174, -0.32534727],
        [ 0.31905669,  0.13335388,  0.        , ..., -0.81056477,
         -0.73796524, -0.44854013],
        ...,
        [ 0.58134588,  0.72522664,  0.81056477, ...,  0.        ,
         -0.11481189, -0.46176548],
        [ 0.48408414,  0.64138174,  0.73796524, ...,  0.11481189,
          0.        , -0.35687356],
        [ 0.13993649,  0.32534727,  0.44854013, ...,  0.46176548,
          0.35687356,  0.        ]],

       [[ 0.        , -0.43396099, -0.58456994, ..., -0.44540411,
         -0.28981234, -0.        ],
        [ 0.43396099,  0.        , -0.17456621, ..., -0.7898168 ,
         -0.67643801, -0.43396099],
        [ 0.58456994,  0.17456621,  0.        , ..., -0.88475845,
         -0.79461954, -0.58456994],
        ...,
        [ 0.44540411,  0.7898168 ,  0.88475845, ...,  0.        ,
         -0.16681134, -0.44540411],
        [ 0.28981234,  0.67643801,  0.79461954, ...,  0.16681134,
          0.        , -0.28981234],
        [ 0.        ,  0.43396099,  0.58456994, ...,  0.44540411,
          0.28981234,  0.        ]]]), 'num': array([8.83910008e-01, 4.67655809e-01, 1.41103118e-05, 2.04885825e-08,
       3.52160913e-04, 3.52160913e-04, 3.39626372e-04, 2.74888452e-04,
       1.43251897e-05, 3.42133280e-04, 3.67799245e-04, 4.12664943e-04,
       5.23680283e-07, 4.37813991e-04, 2.97784499e-04])}
{'img': array([[[ 0.        , -0.03206843, -0.18646258, ..., -0.98675285,
         -0.98437795, -0.89871788],
        [ 0.03206843,  0.        , -0.15486066, ..., -0.98104285,
         -0.97822543, -0.88419277],
        [ 0.18646258,  0.15486066,  0.        , ..., -0.93919727,
         -0.93428385, -0.8011873 ],
        ...,
        [ 0.98675285,  0.98104285,  0.93919727, ...,  0.        ,
          0.01403951,  0.28691834],
        [ 0.98437795,  0.97822543,  0.93428385, ..., -0.01403951,
          0.        ,  0.27344085],
        [ 0.89871788,  0.88419277,  0.8011873 , ..., -0.28691834,
         -0.27344085,  0.        ]],

       [[ 0.        , -0.16867945, -0.0540284 , ..., -0.13520422,
         -0.141791  , -0.10991008],
        [ 0.16867945,  0.        ,  0.11517886, ...,  0.03386372,
          0.02721594,  0.05932234],
        [ 0.0540284 , -0.11517886,  0.        , ..., -0.08147445,
         -0.08810138, -0.05604848],
        ...,
        [ 0.13520422, -0.03386372,  0.08147445, ...,  0.        ,
         -0.00665084,  0.02548423],
        [ 0.141791  , -0.02721594,  0.08810138, ...,  0.00665084,
          0.        ,  0.03213235],
        [ 0.10991008, -0.05932234,  0.05604848, ..., -0.02548423,
         -0.03213235,  0.        ]],

       [[ 0.        , -0.10887394, -0.25456101, ..., -0.90997037,
         -0.91715598, -0.94955058],
        [ 0.10887394,  0.        , -0.14776051, ..., -0.94970823,
         -0.95509337, -0.97805042],
        [ 0.25456101,  0.14776051,  0.        , ..., -0.98555261,
         -0.98839165, -0.99810314],
        ...,
        [ 0.90997037,  0.94970823,  0.98555261, ...,  0.        ,
          0.01767101,  0.10837385],
        [ 0.91715598,  0.95509337,  0.98839165, ..., -0.01767101,
          0.        ,  0.09079   ],
        [ 0.94955058,  0.97805042,  0.99810314, ..., -0.10837385,
         -0.09079   ,  0.        ]],

       ...,

       [[ 0.        ,  0.1059627 , -0.00779109, ...,  0.04058767,
          0.11333892,  0.59031218],
        [-0.1059627 ,  0.        , -0.11370672, ..., -0.06551622,
          0.00742092,  0.50145834],
        [ 0.00779109,  0.11370672,  0.        , ...,  0.04837112,
          0.12107637,  0.59658304],
        ...,
        [-0.04058767,  0.06551622, -0.04837112, ...,  0.        ,
          0.07291938,  0.5570644 ],
        [-0.11333892, -0.00742092, -0.12107637, ..., -0.07291938,
          0.        ,  0.49502409],
        [-0.59031218, -0.50145834, -0.59658304, ..., -0.5570644 ,
         -0.49502409,  0.        ]],

       [[ 0.        , -0.24830819, -0.16660032, ..., -0.70794655,
         -0.58356246, -0.        ],
        [ 0.24830819,  0.        ,  0.08345538, ..., -0.86114606,
         -0.76692912, -0.24830819],
        [ 0.16660032, -0.08345538,  0.        , ..., -0.81571679,
         -0.71069772, -0.16660032],
        ...,
        [ 0.70794655,  0.86114606,  0.81571679, ...,  0.        ,
         -0.16275058, -0.70794655],
        [ 0.58356246,  0.76692912,  0.71069772, ...,  0.16275058,
          0.        , -0.58356246],
        [ 0.        ,  0.24830819,  0.16660032, ...,  0.70794655,
          0.58356246,  0.        ]],

       [[ 0.        , -0.42382798, -0.62685311, ..., -0.2970984 ,
         -0.        , -0.15854446],
        [ 0.42382798,  0.        , -0.23754738, ..., -0.67378552,
         -0.42382798, -0.56206782],
        [ 0.62685311,  0.23754738,  0.        , ..., -0.83002922,
         -0.62685311, -0.7424525 ],
        ...,
        [ 0.2970984 ,  0.67378552,  0.83002922, ...,  0.        ,
         -0.2970984 , -0.14195497],
        [ 0.        ,  0.42382798,  0.62685311, ...,  0.2970984 ,
          0.        ,  0.15854446],
        [ 0.15854446,  0.56206782,  0.7424525 , ...,  0.14195497,
