state_0,state_1,state_2,state_3,state_4,state_5,state_6,state_7,state_8,state_9,state_10,state_11,state_12,state_13,state_14,state_15,state_16,state_17,state_18,state_19,state_20,state_21,state_22,state_23,state_24,state_25,state_26,state_27,state_28,state_29,state_30,state_31,state_32,state_33,state_34,state_35,state_36,state_37,state_38,state_39,state_40,state_41,state_42,state_43,state_44,state_45,state_46,state_47,state_48,state_49,state_50,state_51,state_52,state_53,state_54,state_55,state_56,state_57,state_58,state_59,state_60,state_61,state_62,state_63,state_64,state_65,state_66,state_67,state_68,state_69,state_70,state_71,state_72,state_73,state_74,state_75,state_76,state_77,state_78,state_79,state_80,state_81,state_82,state_83,state_84,state_85,state_86,state_87,state_88,state_89,state_90,state_91,state_92,state_93,state_94,state_95,state_96,state_97,state_98,state_99,state_100,state_101,state_102,state_103,state_104,state_105,state_106,state_107,state_108,state_109,state_110,state_111,state_112,state_113,state_114,state_115,state_116,state_117,state_118,state_119,state_120,state_121,state_122,state_123,state_124,state_125,state_126,state_127,state_128,state_129,state_130,state_131,state_132,state_133,state_134,state_135,state_136,state_137,state_138,state_139,state_140,state_141,state_142,state_143,state_144,state_145,state_146,state_147,state_148,state_149,state_150,state_151,state_152,state_153,state_154,state_155,state_156,state_157,state_158,state_159,state_160,state_161,state_162,state_163,state_164,state_165,state_166,state_167,state_168,state_169,state_170,state_171,state_172,state_173,state_174,state_175,state_176,state_177,state_178,state_179,state_180,state_181,state_182,state_183,state_184,state_185,state_186,state_187,state_188,state_189,state_190,state_191,state_192,state_193,state_194,state_195,state_196,state_197,state_198,state_199,state_200,state_201,state_202,state_203,state_204,state_205,state_206,state_207,state_208,state_209,state_210,state_211,state_212,state_213,state_214,state_215,state_216,state_217,state_218,state_219,state_220,state_221,state_222,state_223,state_224,state_225,state_226,state_227,state_228,state_229,state_230,state_231,state_232,state_233,state_234,state_235,state_236,state_237,state_238,state_239,state_240,state_241,state_242,state_243,state_244,state_245,state_246,state_247,state_248,state_249,state_250,state_251,state_252,state_253,state_254,state_255,state_256,state_257,state_258,state_259,state_260,state_261,state_262,state_263,state_264,state_265,state_266,state_267,state_268,state_269,state_270,state_271,state_272,state_273,state_274,state_275,state_276,state_277,state_278,state_279,state_280,state_281,state_282,state_283,state_284,state_285,state_286,state_287
{'img': array([[[ 0.        ,  0.36922721,  0.36922721, ..., -0.72341576,
         -0.81955543, -0.97466409],
        [-0.36922721,  0.        ,  0.        , ..., -0.92721773,
         -0.97321211, -0.98837991],
        [-0.36922721,  0.        ,  0.        , ..., -0.92721773,
         -0.97321211, -0.98837991],
        ...,
        [ 0.72341576,  0.92721773,  0.92721773, ...,  0.        ,
         -0.15131427, -0.51111135],
        [ 0.81955543,  0.97321211,  0.97321211, ...,  0.15131427,
          0.        , -0.37516945],
        [ 0.97466409,  0.98837991,  0.98837991, ...,  0.51111135,
          0.37516945,  0.        ]],

       [[ 0.        ,  0.35955874, -0.26979685, ..., -0.61617625,
         -0.73832246, -0.881457  ],
        [-0.35955874,  0.        , -0.59797881, ..., -0.85815934,
         -0.9314489 , -0.99231407],
        [ 0.26979685,  0.59797881,  0.        , ..., -0.38083252,
         -0.52897953, -0.72135475],
        ...,
        [ 0.61617625,  0.85815934,  0.38083252, ...,  0.        ,
         -0.16593013, -0.4032448 ],
        [ 0.73832246,  0.9314489 ,  0.52897953, ...,  0.16593013,
          0.        , -0.24581347],
        [ 0.881457  ,  0.99231407,  0.72135475, ...,  0.4032448 ,
          0.24581347,  0.        ]],

       [[ 0.        ,  0.08990344,  0.17234189, ..., -0.97831077,
         -0.99295996, -0.99999299],
        [-0.08990344,  0.        ,  0.08308576, ..., -0.99297191,
         -0.99958806, -0.99560678],
        [-0.17234189, -0.08308576,  0.        , ..., -0.99937183,
         -0.99851647, -0.98438481],
        ...,
        [ 0.97831077,  0.99297191,  0.99937183, ...,  0.        ,
         -0.08980291, -0.2108052 ],
        [ 0.99295996,  0.99958806,  0.99851647, ...,  0.08980291,
          0.        , -0.12216859],
        [ 0.99999299,  0.99560678,  0.98438481, ...,  0.2108052 ,
          0.12216859,  0.        ]],

       ...,

       [[ 0.        ,  0.2930683 ,  0.22936655, ..., -0.90973361,
         -0.86391394, -0.88805004],
        [-0.2930683 ,  0.        , -0.06595972, ..., -0.99146832,
         -0.97358154, -0.98379432],
        [-0.22936655,  0.06595972,  0.        , ..., -0.98071148,
         -0.95640014, -0.96982527],
        ...,
        [ 0.90973361,  0.99146832,  0.98071148, ...,  0.        ,
          0.09948723,  0.04953548],
        [ 0.86391394,  0.97358154,  0.95640014, ..., -0.09948723,
          0.        , -0.05007537],
        [ 0.88805004,  0.98379432,  0.96982527, ..., -0.04953548,
          0.05007537,  0.        ]],

       [[ 0.        ,  0.24828494,  0.32815609, ...,  0.27190548,
          0.26256127,  0.18233215],
        [-0.24828494,  0.        ,  0.08334476, ...,  0.02446077,
          0.01476576, -0.06750015],
        [-0.32815609, -0.08334476,  0.        , ..., -0.05894416,
         -0.06862129, -0.15041998],
        ...,
        [-0.27190548, -0.02446077,  0.05894416, ...,  0.        ,
         -0.00969676, -0.09188494],
        [-0.26256127, -0.01476576,  0.06862129, ...,  0.00969676,
          0.        , -0.08222487],
        [-0.18233215,  0.06750015,  0.15041998, ...,  0.09188494,
          0.08222487,  0.        ]],

       [[ 0.        , -0.01072865,  0.06294166, ..., -0.97073212,
         -0.99379022, -0.95199851],
        [ 0.01072865,  0.        ,  0.07364541, ..., -0.9680996 ,
         -0.99253925, -0.95522779],
        [-0.06294166, -0.07364541,  0.        , ..., -0.98392373,
         -0.99882325, -0.93084429],
        ...,
        [ 0.97073212,  0.9680996 ,  0.98392373, ...,  0.        ,
         -0.13066017, -0.52578026],
        [ 0.99379022,  0.99253925,  0.99882325, ...,  0.13066017,
          0.        , -0.41013065],
        [ 0.95199851,  0.95522779,  0.93084429, ...,  0.52578026,
          0.41013065,  0.        ]]]), 'num': array([ 7.07106476e-01,  7.07106476e-01,  0.00000000e+00,  0.00000000e+00,
        3.10083578e-04,  3.16845525e-04,  3.09117585e-04,  1.86861580e-04,
       -2.89797736e-06,  3.15686334e-04,  3.25587757e-04,  3.41446133e-04,
        4.25691590e-07,  3.46808612e-04,  3.04366901e-04])}
{'img': array([[[ 0.        ,  0.        , -0.13773139, ..., -0.95471103,
         -0.99994131, -0.90782241],
        [ 0.        ,  0.        , -0.13773139, ..., -0.95471103,
         -0.99994131, -0.90782241],
        [ 0.13773139,  0.13773139,  0.        , ..., -0.90463241,
         -0.9889193 , -0.95692884],
        ...,
        [ 0.95471103,  0.95471103,  0.90463241, ...,  0.        ,
         -0.28717375, -0.67047128],
        [ 0.99994131,  0.99994131,  0.9889193 , ...,  0.28717375,
          0.        , -0.42916564],
        [ 0.90782241,  0.90782241,  0.95692884, ...,  0.67047128,
          0.42916564,  0.        ]],

       [[ 0.        , -0.59741864, -0.52270381, ..., -0.93001426,
         -0.98534241, -0.99239461],
        [ 0.59741864,  0.        ,  0.09013635, ..., -0.52624055,
         -0.68826258, -0.72228995],
        [ 0.52270381, -0.09013635,  0.        , ..., -0.60074461,
         -0.75085143, -0.78168725],
        ...,
        [ 0.93001426,  0.52624055,  0.60074461, ...,  0.        ,
         -0.20348693, -0.25024607],
        [ 0.98534241,  0.68826258,  0.75085143, ...,  0.20348693,
          0.        , -0.0479979 ],
        [ 0.99239461,  0.72228995,  0.78168725, ...,  0.25024607,
          0.0479979 ,  0.        ]],

       [[ 0.        ,  0.08254376,  0.12786364, ..., -0.99383878,
         -0.99740008, -0.99495   ],
        [-0.08254376,  0.        ,  0.04556108, ..., -0.99959602,
         -0.99994475, -0.98326962],
        [-0.12786364, -0.04556108,  0.        , ..., -0.99985292,
         -0.99842742, -0.97394932],
        ...,
        [ 0.99383878,  0.99959602,  0.99985292, ...,  0.        ,
         -0.03892807, -0.21002895],
        [ 0.99740008,  0.99994475,  0.99842742, ...,  0.03892807,
          0.        , -0.17180996],
        [ 0.99495   ,  0.98326962,  0.97394932, ...,  0.21002895,
          0.17180996,  0.        ]],

       ...,

       [[ 0.        , -0.0647769 , -0.36242231, ..., -0.9617492 ,
         -0.97329915, -0.82963875],
        [ 0.0647769 ,  0.        , -0.30128816, ..., -0.94198488,
         -0.95638609, -0.8640613 ],
        [ 0.36242231,  0.30128816,  0.        , ..., -0.79708482,
         -0.82393788, -0.97557551],
        ...,
        [ 0.9617492 ,  0.94198488,  0.79708482, ...,  0.        ,
         -0.04585706, -0.76420933],
        [ 0.97329915,  0.95638609,  0.82393788, ...,  0.04585706,
          0.        , -0.73382905],
        [ 0.82963875,  0.8640613 ,  0.97557551, ...,  0.76420933,
          0.73382905,  0.        ]],

       [[ 0.        ,  0.08334476,  0.14812774, ...,  0.01476576,
         -0.06750015, -0.38455182],
        [-0.08334476,  0.        ,  0.06518705, ..., -0.06862129,
         -0.15041998, -0.46014971],
        [-0.14812774, -0.06518705,  0.        , ..., -0.13350873,
         -0.21454541, -0.51704676],
        ...,
        [-0.01476576,  0.06862129,  0.13350873, ...,  0.        ,
         -0.08222487, -0.39814022],
        [ 0.06750015,  0.15041998,  0.21454541, ...,  0.08222487,
          0.        , -0.32136514],
        [ 0.38455182,  0.46014971,  0.51704676, ...,  0.39814022,
          0.32136514,  0.        ]],

       [[ 0.        ,  0.07194684,  0.06241332, ..., -0.9746058 ,
         -0.99955118, -0.94822512],
        [-0.07194684,  0.        , -0.00955499, ..., -0.98819095,
         -0.99911614, -0.92291753],
        [-0.06241332,  0.00955499,  0.        , ..., -0.98668175,
         -0.99947218, -0.92655405],
        ...,
        [ 0.9746058 ,  0.98819095,  0.98668175, ...,  0.        ,
         -0.19463048, -0.52186753],
        [ 0.99955118,  0.99911614,  0.99947218, ...,  0.19463048,
          0.        , -0.3458627 ],
        [ 0.94822512,  0.92291753,  0.92655405, ...,  0.52186753,
          0.3458627 ,  0.        ]]]), 'num': array([ 9.48928466e-01,  3.15488660e-01,  4.00911270e-05, -2.49719366e-10,
        4.14012945e-04,  4.25804453e-04,  4.12702777e-04,  4.15349316e-04,
       -6.55083774e-06,  4.25018352e-04,  4.39430195e-04,  4.62030586e-04,
        6.81287125e-07,  4.69642557e-04,  4.09217834e-04])}
{'img': array([[[ 0.00000000e+00, -1.30241514e-01, -1.92290599e-01, ...,
         -9.74878644e-01, -9.97382471e-01, -8.86521935e-01],
        [ 1.30241514e-01,  0.00000000e+00, -6.28417746e-02, ...,
         -9.37565355e-01, -9.79469779e-01, -9.39231804e-01],
        [ 1.92290599e-01,  6.28417746e-02,  0.00000000e+00, ...,
         -9.13855316e-01, -9.64865519e-01, -9.58947964e-01],
        ...,
        [ 9.74878644e-01,  9.37565355e-01,  9.13855316e-01, ...,
          0.00000000e+00, -1.51663763e-01, -6.48524208e-01],
        [ 9.97382471e-01,  9.79469779e-01,  9.64865519e-01, ...,
          1.51663763e-01,  0.00000000e+00, -5.25576623e-01],
        [ 8.86521935e-01,  9.39231804e-01,  9.58947964e-01, ...,
          6.48524208e-01,  5.25576623e-01,  0.00000000e+00]],

       [[ 0.00000000e+00,  9.01363451e-02, -1.90083698e-01, ...,
         -6.88262581e-01, -7.22289949e-01, -4.12768094e-01],
        [-9.01363451e-02,  0.00000000e+00, -2.77802919e-01, ...,
         -7.50851425e-01, -7.81687248e-01, -4.93187336e-01],
        [ 1.90083698e-01,  2.77802919e-01,  0.00000000e+00, ...,
         -5.37815666e-01, -5.77661025e-01, -2.32107355e-01],
        ...,
        [ 6.88262581e-01,  7.50851425e-01,  5.37815666e-01, ...,
          0.00000000e+00, -4.79978976e-02,  3.27447016e-01],
        [ 7.22289949e-01,  7.81687248e-01,  5.77661025e-01, ...,
          4.79978976e-02,  0.00000000e+00,  3.72421364e-01],
        [ 4.12768094e-01,  4.93187336e-01,  2.32107355e-01, ...,
         -3.27447016e-01, -3.72421364e-01,  0.00000000e+00]],

       [[ 0.00000000e+00,  4.39628734e-02,  8.09339586e-02, ...,
         -9.73349561e-01, -9.80564587e-01, -9.76153405e-01],
        [-4.39628734e-02,  0.00000000e+00,  3.70370572e-02, ...,
         -9.82490343e-01, -9.88241908e-01, -9.65666084e-01],
        [-8.09339586e-02, -3.70370572e-02,  0.00000000e+00, ...,
         -9.88716754e-01, -9.93226776e-01, -9.55381807e-01],
        ...,
        [ 9.73349561e-01,  9.82490343e-01,  9.88716754e-01, ...,
          0.00000000e+00, -3.39015839e-02, -4.35154345e-01],
        [ 9.80564587e-01,  9.88241908e-01,  9.93226776e-01, ...,
          3.39015839e-02,  0.00000000e+00, -4.04380718e-01],
        [ 9.76153405e-01,  9.65666084e-01,  9.55381807e-01, ...,
          4.35154345e-01,  4.04380718e-01,  0.00000000e+00]],

       ...,

       [[ 0.00000000e+00, -3.01288164e-01, -3.01288164e-01, ...,
         -9.56386085e-01, -8.64061301e-01, -9.99950016e-01],
        [ 3.01288164e-01,  0.00000000e+00,  0.00000000e+00, ...,
         -8.23937876e-01, -9.75575507e-01, -9.56497828e-01],
        [ 3.01288164e-01,  0.00000000e+00,  0.00000000e+00, ...,
         -8.23937876e-01, -9.75575507e-01, -9.56497828e-01],
        ...,
        [ 9.56386085e-01,  8.23937876e-01,  8.23937876e-01, ...,
          0.00000000e+00, -7.33829045e-01, -3.01653138e-01],
        [ 8.64061301e-01,  9.75575507e-01,  9.75575507e-01, ...,
          7.33829045e-01,  0.00000000e+00,  4.94722341e-01],
        [ 9.99950016e-01,  9.56497828e-01,  9.56497828e-01, ...,
          3.01653138e-01, -4.94722341e-01,  0.00000000e+00]],

       [[ 0.00000000e+00,  6.51870524e-02,  1.03198191e-01, ...,
         -1.50419976e-01, -4.60149711e-01, -6.14796958e-01],
        [-6.51870524e-02,  0.00000000e+00,  3.81396878e-02, ...,
         -2.14545408e-01, -5.17046761e-01, -6.64901402e-01],
        [-1.03198191e-01, -3.81396878e-02,  0.00000000e+00, ...,
         -2.51640877e-01, -5.49316505e-01, -6.92905351e-01],
        ...,
        [ 1.50419976e-01,  2.14545408e-01,  2.51640877e-01, ...,
          0.00000000e+00, -3.21365141e-01, -4.89167872e-01],
        [ 4.60149711e-01,  5.17046761e-01,  5.49316505e-01, ...,
          3.21365141e-01,  0.00000000e+00, -1.82928784e-01],
        [ 6.14796958e-01,  6.64901402e-01,  6.92905351e-01, ...,
          4.89167872e-01,  1.82928784e-01,  0.00000000e+00]],

       [[ 0.00000000e+00, -9.14647858e-03,  9.97653274e-04, ...,
         -9.85844223e-01, -9.98380327e-01, -9.06842995e-01],
        [ 9.14647858e-03,  0.00000000e+00,  1.01440856e-02, ...,
         -9.84269452e-01, -9.97818201e-01, -9.10660015e-01],
        [-9.97653274e-04, -1.01440856e-02,  0.00000000e+00, ...,
         -9.86011003e-01, -9.98436589e-01, -9.06422064e-01],
        ...,
        [ 9.85844223e-01,  9.84269452e-01,  9.86011003e-01, ...,
          0.00000000e+00, -1.11305439e-01, -5.67547177e-01],
        [ 9.98380327e-01,  9.97818201e-01,  9.98436589e-01, ...,
          1.11305439e-01,  0.00000000e+00, -4.72378259e-01],
        [ 9.06842995e-01,  9.10660015e-01,  9.06422064e-01, ...,
          5.67547177e-01,  4.72378259e-01,  0.00000000e+00]]]), 'num': array([ 7.89748514e-01,  6.13429766e-01,  1.13754031e-05, -2.46855720e-08,
        3.39727837e-04,  3.50686799e-04,  3.36440148e-04,  4.27026932e-04,
       -6.57537749e-06,  3.50686799e-04,  3.65317014e-04,  3.85463240e-04,
        4.46476249e-07,  3.92055760e-04,  3.38578269e-04])}
{'img': array([[[ 0.        , -0.0589552 ,  0.03004956, ..., -0.92537003,
         -0.98507058, -0.91770598],
        [ 0.0589552 ,  0.        ,  0.08892586, ..., -0.90141262,
         -0.97320799, -0.93953031],
        [-0.03004956, -0.08892586,  0.        , ..., -0.93634288,
         -0.98979879, -0.90535406],
        ...,
        [ 0.92537003,  0.90141262,  0.93634288, ...,  0.        ,
         -0.21410249, -0.71548301],
        [ 0.98507058,  0.97320799,  0.98979879, ...,  0.21410249,
          0.        , -0.54931336],
        [ 0.91770598,  0.93953031,  0.90535406, ...,  0.71548301,
          0.54931336,  0.        ]],

       [[ 0.        , -0.27780292, -0.42757499, ..., -0.78168725,
         -0.49318734, -0.40295368],
        [ 0.27780292,  0.        , -0.15961657, ..., -0.57766102,
         -0.23210736, -0.13284176],
        [ 0.42757499,  0.15961657,  0.        , ..., -0.43996359,
         -0.07387406,  0.02706332],
        ...,
        [ 0.78168725,  0.57766102,  0.43996359, ...,  0.        ,
          0.37242136,  0.46410572],
        [ 0.49318734,  0.23210736,  0.07387406, ..., -0.37242136,
          0.        ,  0.10083637],
        [ 0.40295368,  0.13284176, -0.02706332, ..., -0.46410572,
         -0.10083637,  0.        ]],

       [[ 0.        ,  0.03495757,  0.09175789, ..., -0.93438865,
         -0.97440232, -0.94957785],
        [-0.03495757,  0.        ,  0.05689172, ..., -0.94627137,
         -0.98166562, -0.93803717],
        [-0.09175789, -0.05689172,  0.        , ..., -0.96313603,
         -0.99091987, -0.91680293],
        ...,
        [ 0.93438865,  0.94627137,  0.96313603, ...,  0.        ,
         -0.13707489, -0.63125229],
        [ 0.97440232,  0.98166562,  0.99091987, ...,  0.13707489,
          0.        , -0.51898149],
        [ 0.94957785,  0.93803717,  0.91680293, ...,  0.63125229,
          0.51898149,  0.        ]],

       ...,

       [[ 0.        ,  0.        ,  0.14979757, ..., -0.99634304,
         -0.93302618, -0.97064382],
        [ 0.        ,  0.        ,  0.14979757, ..., -0.99634304,
         -0.93302618, -0.97064382],
        [-0.14979757, -0.14979757,  0.        , ..., -0.99790018,
         -0.97639699, -0.92366222],
        ...,
        [ 0.99634304,  0.99634304,  0.99790018, ...,  0.        ,
          0.27877193, -0.3225768 ],
        [ 0.93302618,  0.93302618,  0.97639699, ..., -0.27877193,
          0.        , -0.5736587 ],
        [ 0.97064382,  0.97064382,  0.92366222, ...,  0.3225768 ,
          0.5736587 ,  0.        ]],

       [[ 0.        ,  0.03611595,  0.09074649, ..., -0.45477595,
         -0.53876028, -0.75400212],
        [-0.03611595,  0.        ,  0.05472035, ..., -0.48664433,
         -0.56883501, -0.77723377],
        [-0.09074649, -0.05472035,  0.        , ..., -0.53371891,
         -0.61298758, -0.81049995],
        ...,
        [ 0.45477595,  0.48664433,  0.53371891, ...,  0.        ,
         -0.09669294, -0.37278914],
        [ 0.53876028,  0.56883501,  0.61298758, ...,  0.09669294,
          0.        , -0.28131942],
        [ 0.75400212,  0.77723377,  0.81049995, ...,  0.37278914,
          0.28131942,  0.        ]],

       [[ 0.        ,  0.00965712,  0.03410368, ..., -0.96942261,
         -0.99829514, -0.8913923 ],
        [-0.00965712,  0.        ,  0.02445059, ..., -0.97174724,
         -0.99881225, -0.88697381],
        [-0.03410368, -0.02445059,  0.        , ..., -0.97722765,
         -0.99970499, -0.87541687],
        ...,
        [ 0.96942261,  0.97174724,  0.97722765, ...,  0.        ,
         -0.18839564, -0.65811911],
        [ 0.99829514,  0.99881225,  0.99970499, ...,  0.18839564,
          0.        , -0.50448863],
        [ 0.8913923 ,  0.88697381,  0.87541687, ...,  0.65811911,
          0.50448863,  0.        ]]]), 'num': array([ 7.40544576e-01,  6.72006181e-01,  4.35164417e-06, -3.22889395e-08,
        3.23294319e-04,  3.23294319e-04,  3.16110001e-04,  7.28510392e-04,
        5.13165586e-06,  3.25552247e-04,  3.39972200e-04,  3.60208030e-04,
        5.76185921e-07,  3.63670229e-04,  3.16274171e-04])}
{'img': array([[[ 0.        ,  0.08892586,  0.0589552 , ..., -0.97320799,
         -0.93953031, -0.98383456],
        [-0.08892586,  0.        , -0.03004956, ..., -0.98979879,
         -0.90535406, -0.99586167],
        [-0.0589552 ,  0.03004956,  0.        , ..., -0.98507058,
         -0.91770598, -0.99268099],
        ...,
        [ 0.97320799,  0.98979879,  0.98507058, ...,  0.        ,
         -0.54931336, -0.05192781],
        [ 0.93953031,  0.90535406,  0.91770598, ...,  0.54931336,
          0.        ,  0.50518052],
        [ 0.98383456,  0.99586167,  0.99268099, ...,  0.05192781,
         -0.50518052,  0.        ]],

       [[ 0.        , -0.15961657,  0.04249741, ..., -0.23210736,
         -0.13284176,  0.17938272],
        [ 0.15961657,  0.        ,  0.20142492, ..., -0.07387406,
          0.02706332,  0.33411035],
        [-0.04249741, -0.20142492,  0.        , ..., -0.27323448,
         -0.17484252,  0.13741259],
        ...,
        [ 0.23210736,  0.07387406,  0.27323448, ...,  0.        ,
          0.10083637,  0.40282624],
        [ 0.13284176, -0.02706332,  0.17484252, ..., -0.10083637,
          0.        ,  0.30847988],
        [-0.17938272, -0.33411035, -0.13741259, ..., -0.40282624,
         -0.30847988,  0.        ]],

       [[ 0.        ,  0.05507042,  0.02737974, ..., -0.95455849,
         -0.99925359, -0.9268652 ],
        [-0.05507042,  0.        , -0.02771159, ..., -0.96952221,
         -0.99986456, -0.90478554],
        [-0.02737974,  0.02771159,  0.        , ..., -0.96236044,
         -0.99993665, -0.91623953],
        ...,
        [ 0.95455849,  0.96952221,  0.96236044, ...,  0.        ,
         -0.26092668, -0.63456358],
        [ 0.99925359,  0.99986456,  0.99993665, ...,  0.26092668,
          0.        , -0.41091885],
        [ 0.9268652 ,  0.90478554,  0.91623953, ...,  0.63456358,
          0.41091885,  0.        ]],

       ...,

       [[ 0.        ,  0.14979757,  0.        , ..., -0.93302618,
         -0.97064382, -0.88886395],
        [-0.14979757,  0.        , -0.14979757, ..., -0.97639699,
         -0.92366222, -0.94746756],
        [ 0.        ,  0.14979757,  0.        , ..., -0.93302618,
         -0.97064382, -0.88886395],
        ...,
        [ 0.93302618,  0.97639699,  0.93302618, ...,  0.        ,
         -0.5736587 ,  0.10766495],
        [ 0.97064382,  0.92366222,  0.97064382, ...,  0.5736587 ,
          0.        ,  0.65851192],
        [ 0.88886395,  0.94746756,  0.88886395, ..., -0.10766495,
         -0.65851192,  0.        ]],

       [[ 0.        ,  0.04477738,  0.05501597, ..., -0.38805101,
         -0.44453043, -0.87429705],
        [-0.04477738,  0.        ,  0.01025122, ..., -0.42893033,
         -0.48419452, -0.89515467],
        [-0.05501597, -0.01025122,  0.        , ..., -0.4381681 ,
         -0.4931385 , -0.89967718],
        ...,
        [ 0.38805101,  0.42893033,  0.4381681 , ...,  0.        ,
         -0.06209406, -0.61742873],
        [ 0.44453043,  0.48419452,  0.4931385 , ...,  0.06209406,
          0.        , -0.56739242],
        [ 0.87429705,  0.89515467,  0.89967718, ...,  0.61742873,
          0.56739242,  0.        ]],

       [[ 0.        ,  0.02419019,  0.08071688, ..., -0.99553247,
         -0.97171494, -0.88252585],
        [-0.02419019,  0.        ,  0.056582  , ..., -0.99752519,
         -0.96571791, -0.87089183],
        [-0.08071688, -0.056582  ,  0.        , ..., -0.99990539,
         -0.94948246, -0.841688  ],
        ...,
        [ 0.99553247,  0.99752519,  0.99990539, ...,  0.        ,
         -0.32685094, -0.55149086],
        [ 0.97171494,  0.96571791,  0.94948246, ...,  0.32685094,
          0.        , -0.2485479 ],
        [ 0.88252585,  0.87089183,  0.841688  , ...,  0.55149086,
          0.2485479 ,  0.        ]]]), 'num': array([ 7.26597108e-01,  6.87062998e-01,  2.51809615e-06, -2.88949194e-08,
        3.16272877e-04,  3.22316307e-04,  3.10229446e-04,  4.71327165e-04,
       -1.00723846e-06,  3.17481563e-04,  3.31834711e-04,  3.52751696e-04,
        5.75564835e-07,  3.54567750e-04,  3.09101671e-04])}
{'img': array([[[ 0.        , -0.03004956,  0.09280857, ..., -0.90535406,
         -0.99586167, -0.99942323],
        [ 0.03004956,  0.        ,  0.12268652, ..., -0.91770598,
         -0.99268099, -0.99795145],
        [-0.09280857, -0.12268652,  0.        , ..., -0.86203467,
         -0.99999813, -0.99826137],
        ...,
        [ 0.90535406,  0.91770598,  0.86203467, ...,  0.        ,
          0.50518052,  0.45515747],
        [ 0.99586167,  0.99268099,  0.99999813, ..., -0.50518052,
          0.        , -0.05701114],
        [ 0.99942323,  0.99795145,  0.99826137, ..., -0.45515747,
          0.05701114,  0.        ]],

       [[ 0.        ,  0.20142492,  0.22669199, ...,  0.02706332,
          0.33411035,  0.11729201],
        [-0.20142492,  0.        ,  0.02586458, ..., -0.17484252,
          0.13741259, -0.08514659],
        [-0.22669199, -0.02586458,  0.        , ..., -0.2002502 ,
          0.11174739, -0.11088876],
        ...,
        [-0.02706332,  0.17484252,  0.2002502 , ...,  0.        ,
          0.30847988,  0.09037254],
        [-0.33411035, -0.13741259, -0.11174739, ..., -0.30847988,
          0.        , -0.22125244],
        [-0.11729201,  0.08514659,  0.11088876, ..., -0.09037254,
          0.22125244,  0.        ]],

       [[ 0.        , -0.02711314, -0.02711314, ..., -0.99601818,
         -0.99418874, -0.89631144],
        [ 0.02711314,  0.        ,  0.        , ..., -0.99323487,
         -0.99674201, -0.90800458],
        [ 0.02711314,  0.        ,  0.        , ..., -0.99323487,
         -0.99674201, -0.90800458],
        ...,
        [ 0.99601818,  0.99323487,  0.99323487, ...,  0.        ,
         -0.19585465, -0.52156589],
        [ 0.99418874,  0.99674201,  0.99674201, ...,  0.19585465,
          0.        , -0.34435935],
        [ 0.89631144,  0.90800458,  0.90800458, ...,  0.52156589,
          0.34435935,  0.        ]],

       ...,

       [[ 0.        , -0.14979757, -0.02161009, ..., -0.92366222,
         -0.94746756, -0.93947441],
        [ 0.14979757,  0.        ,  0.12839633, ..., -0.97064382,
         -0.88886395, -0.87755052],
        [ 0.02161009, -0.12839633,  0.        , ..., -0.93172767,
         -0.94033427, -0.93185099],
        ...,
        [ 0.92366222,  0.97064382,  0.93172767, ...,  0.        ,
          0.65851192,  0.67647809],
        [ 0.94746756,  0.88886395,  0.94033427, ..., -0.65851192,
          0.        ,  0.02412781],
        [ 0.93947441,  0.87755052,  0.93185099, ..., -0.67647809,
         -0.02412781,  0.        ]],

       [[ 0.        ,  0.00929995,  0.06519382, ..., -0.41830807,
         -0.65763047, -0.93147391],
        [-0.00929995,  0.        ,  0.05591084, ..., -0.42673717,
         -0.66460806, -0.93481703],
        [-0.06519382, -0.05591084,  0.        , ..., -0.47663405,
         -0.7053446 , -0.95321036],
        ...,
        [ 0.41830807,  0.42673717,  0.47663405, ...,  0.        ,
         -0.28220071, -0.69387874],
        [ 0.65763047,  0.66460806,  0.7053446 , ...,  0.28220071,
          0.        , -0.46246587],
        [ 0.93147391,  0.93481703,  0.95321036, ...,  0.69387874,
          0.46246587,  0.        ]],

       [[ 0.        ,  0.05565866,  0.07516507, ..., -0.99215976,
         -0.97754346, -0.86366754],
        [-0.05565866,  0.        ,  0.01954735, ..., -0.98366577,
         -0.96429895, -0.83427332],
        [-0.07516507, -0.01954735,  0.        , ..., -0.97995921,
         -0.95893826, -0.82333646],
        ...,
        [ 0.99215976,  0.98366577,  0.97995921, ...,  0.        ,
         -0.08691222, -0.39217217],
        [ 0.97754346,  0.96429895,  0.95893826, ...,  0.08691222,
          0.        , -0.31073834],
        [ 0.86366754,  0.83427332,  0.82333646, ...,  0.39217217,
          0.31073834,  0.        ]]]), 'num': array([ 9.93368093e-01,  1.14966164e-01,  5.61279188e-05, -4.04125060e-08,
        4.32284414e-04,  4.46095417e-04,  4.28141113e-04,  1.00196069e-03,
       -1.38110036e-06,  4.33113074e-04,  4.52655644e-04,  4.82556467e-04,
        8.83904233e-07,  4.83238520e-04,  4.22072768e-04])}
{'img': array([[[ 0.        ,  0.12268652,  0.35690408, ..., -0.99268099,
         -0.99795145, -0.99999997],
        [-0.12268652,  0.        ,  0.23960133, ..., -0.99999813,
         -0.99826137, -0.99241386],
        [-0.35690408, -0.23960133,  0.        , ..., -0.97040597,
         -0.95506064, -0.93404913],
        ...,
        [ 0.99268099,  0.99999813,  0.97040597, ...,  0.        ,
         -0.05701114, -0.12102166],
        [ 0.99795145,  0.99826137,  0.95506064, ...,  0.05701114,
          0.        , -0.06423273],
        [ 0.99999997,  0.99241386,  0.93404913, ...,  0.12102166,
          0.06423273,  0.        ]],

       [[ 0.        ,  0.02586458,  0.12852639, ...,  0.13741259,
         -0.08514659,  0.149957  ],
        [-0.02586458,  0.        ,  0.10283332, ...,  0.11174739,
         -0.11088876,  0.12433472],
        [-0.12852639, -0.10283332,  0.        , ...,  0.00896573,
         -0.21250002,  0.0216402 ],
        ...,
        [-0.13741259, -0.11174739, -0.00896573, ...,  0.        ,
         -0.22125244,  0.0126757 ],
        [ 0.08514659,  0.11088876,  0.21250002, ...,  0.22125244,
          0.        ,  0.23359622],
        [-0.149957  , -0.12433472, -0.0216402 , ..., -0.0126757 ,
         -0.23359622,  0.        ]],

       [[ 0.        ,  0.        ,  0.07417185, ..., -0.99979559,
         -0.99058564, -0.90147277],
        [ 0.        ,  0.        ,  0.07417185, ..., -0.99979559,
         -0.99058564, -0.90147277],
        [-0.07417185, -0.07417185,  0.        , ..., -0.99854125,
         -0.97770333, -0.86688541],
        ...,
        [ 0.99979559,  0.99979559,  0.99854125, ...,  0.        ,
         -0.1568944 , -0.45097355],
        [ 0.99058564,  0.99058564,  0.97770333, ...,  0.1568944 ,
          0.        , -0.30535431],
        [ 0.90147277,  0.90147277,  0.86688541, ...,  0.45097355,
          0.30535431,  0.        ]],

       ...,

       [[ 0.        ,  0.12839633,  0.15743235, ..., -0.88886395,
         -0.87755052, -0.79541049],
        [-0.12839633,  0.        ,  0.02933407, ..., -0.94033427,
         -0.93185099, -0.86664413],
        [-0.15743235, -0.02933407,  0.        , ..., -0.94991059,
         -0.94209359, -0.88090674],
        ...,
        [ 0.88886395,  0.94033427,  0.94991059, ...,  0.        ,
          0.02412781,  0.17428053],
        [ 0.87755052,  0.93185099,  0.94209359, ..., -0.02412781,
          0.        ,  0.15047123],
        [ 0.79541049,  0.86664413,  0.88090674, ..., -0.17428053,
         -0.15047123,  0.        ]],

       [[ 0.        ,  0.05203212,  0.18302869, ..., -0.58441701,
         -0.73813944, -0.9575603 ],
        [-0.05203212,  0.        ,  0.13162759, ..., -0.62584701,
         -0.77224294, -0.97126058],
        [-0.18302869, -0.13162759,  0.        , ..., -0.72306405,
         -0.84915044, -0.99413969],
        ...,
        [ 0.58441701,  0.62584701,  0.72306405, ...,  0.        ,
         -0.20468995, -0.60856738],
        [ 0.73813944,  0.77224294,  0.84915044, ...,  0.20468995,
          0.        , -0.43326017],
        [ 0.9575603 ,  0.97126058,  0.99413969, ...,  0.60856738,
          0.43326017,  0.        ]],

       [[ 0.        ,  0.01924558, -0.017177  , ..., -0.98813043,
         -0.95951235, -0.82704013],
        [-0.01924558,  0.        , -0.03641655, ..., -0.98499097,
         -0.9539138 , -0.81606819],
        [ 0.017177  ,  0.03641655,  0.        , ..., -0.99062333,
         -0.96420897, -0.83657404],
        ...,
        [ 0.98813043,  0.98499097,  0.99062333, ...,  0.        ,
         -0.13092569, -0.42842289],
        [ 0.95951235,  0.9539138 ,  0.96420897, ...,  0.13092569,
          0.        , -0.30643349],
        [ 0.82704013,  0.81606819,  0.83657404, ...,  0.42842289,
          0.30643349,  0.        ]]]), 'num': array([ 9.99439221e-01,  3.03762236e-02,  6.09473583e-05, -4.76694240e-08,
        4.35142792e-04,  5.33665688e-04,  4.21459056e-04,  1.40307825e-02,
        6.84186780e-06,  4.29669298e-04,  4.46021362e-04,  4.77129054e-04,
        1.08437150e-06,  4.71933530e-04,  4.20109193e-04])}
{'img': array([[[ 0.        ,  0.23960133,  0.39823862, ..., -0.99826137,
         -0.99241386, -0.98975153],
        [-0.23960133,  0.        ,  0.16685652, ..., -0.95506064,
         -0.93404913, -0.99513655],
        [-0.39823862, -0.16685652,  0.        , ..., -0.8922138 ,
         -0.86136297, -0.96474969],
        ...,
        [ 0.99826137,  0.95506064,  0.8922138 , ...,  0.        ,
         -0.06423273,  0.20089057],
        [ 0.99241386,  0.93404913,  0.86136297, ...,  0.06423273,
          0.        ,  0.26339898],
        [ 0.98975153,  0.99513655,  0.96474969, ..., -0.20089057,
         -0.26339898,  0.        ]],

       [[ 0.        ,  0.05742137,  0.14023768, ..., -0.06274159,
          0.06936366,  0.38450563],
        [-0.05742137,  0.        ,  0.08315237, ..., -0.11994631,
          0.01196615,  0.43687817],
        [-0.14023768, -0.08315237,  0.        , ..., -0.20208296,
         -0.07122171,  0.51016247],
        ...,
        [ 0.06274159,  0.11994631,  0.20208296, ...,  0.        ,
          0.13181748,  0.32582989],
        [-0.06936366, -0.01196615,  0.07122171, ..., -0.13181748,
          0.        ,  0.44761069],
        [-0.38450563, -0.43687817, -0.51016247, ..., -0.32582989,
         -0.44761069,  0.        ]],

       [[ 0.        ,  0.07417185,  0.194615  , ..., -0.99058564,
         -0.90147277, -0.95739658],
        [-0.07417185,  0.        ,  0.12132527, ..., -0.97770333,
         -0.86688541, -0.93334033],
        [-0.194615  , -0.12132527,  0.        , ..., -0.94500363,
         -0.8       , -0.88289066],
        ...,
        [ 0.99058564,  0.97770333,  0.94500363, ...,  0.        ,
         -0.30535431, -0.15499543],
        [ 0.90147277,  0.86688541,  0.8       , ...,  0.30535431,
          0.        ,  0.1540715 ],
        [ 0.95739658,  0.93334033,  0.88289066, ...,  0.15499543,
         -0.1540715 ,  0.        ]],

       ...,

       [[ 0.        ,  0.02933407,  0.70807234, ..., -0.93185099,
         -0.86664413, -0.69101844],
        [-0.02933407,  0.        ,  0.68705367, ..., -0.94209359,
         -0.88090674, -0.71192483],
        [-0.70807234, -0.68705367,  0.        , ..., -0.91493498,
         -0.96524827, -0.99977667],
        ...,
        [ 0.93185099,  0.94209359,  0.91493498, ...,  0.        ,
          0.15047123,  0.42284653],
        [ 0.86664413,  0.88090674,  0.96524827, ..., -0.15047123,
          0.        ,  0.28167494],
        [ 0.69101844,  0.71192483,  0.99977667, ..., -0.42284653,
         -0.28167494,  0.        ]],

       [[ 0.        ,  0.11633598,  0.25731592, ..., -0.62148673,
         -0.72031335, -0.99403551],
        [-0.11633598,  0.        ,  0.14315009, ..., -0.70840726,
         -0.79611867, -0.99997317],
        [-0.25731592, -0.14315009,  0.        , ..., -0.80214726,
         -0.87454536, -0.98862576],
        ...,
        [ 0.62148673,  0.70840726,  0.80214726, ...,  0.        ,
         -0.13321773, -0.71097455],
        [ 0.72031335,  0.79611867,  0.87454536, ...,  0.13321773,
          0.        , -0.61095642],
        [ 0.99403551,  0.99997317,  0.98862576, ...,  0.71097455,
          0.61095642,  0.        ]],

       [[ 0.        , -0.03641655, -0.09124267, ..., -0.9539138 ,
         -0.81606819, -0.95859671],
        [ 0.03641655,  0.        , -0.05491749, ..., -0.96420897,
         -0.83657404, -0.96833111],
        [ 0.09124267,  0.05491749,  0.        , ..., -0.9773149 ,
         -0.86539832, -0.98058102],
        ...,
        [ 0.9539138 ,  0.96420897,  0.9773149 , ...,  0.        ,
         -0.30643349,  0.0160131 ],
        [ 0.81606819,  0.83657404,  0.86539832, ...,  0.30643349,
          0.        ,  0.32163694],
        [ 0.95859671,  0.96833111,  0.98058102, ..., -0.0160131 ,
         -0.32163694,  0.        ]]]), 'num': array([ 9.94779056e-01,  1.02025120e-01,  5.66827896e-05, -6.38416889e-09,
        4.32745485e-04,  4.45109642e-04,  4.25876509e-04,  1.98016091e-03,
       -4.12138557e-06,  4.32745485e-04,  4.46071299e-04,  4.77874657e-04,
        9.66744764e-07,  4.71284838e-04,  4.20857759e-04])}
{'img': array([[[ 0.        ,  0.16685652,  0.71548301, ..., -0.93404913,
         -0.99513655, -0.97040597],
        [-0.16685652,  0.        ,  0.58888179, ..., -0.86136297,
         -0.96474969, -0.91650963],
        [-0.71548301, -0.58888179,  0.        , ..., -0.39702402,
         -0.62475366, -0.50518052],
        ...,
        [ 0.93404913,  0.86136297,  0.39702402, ...,  0.        ,
          0.26339898,  0.12102166],
        [ 0.99513655,  0.96474969,  0.62475366, ..., -0.26339898,
          0.        , -0.14471494],
        [ 0.97040597,  0.91650963,  0.50518052, ..., -0.12102166,
          0.14471494,  0.        ]],

       [[ 0.        ,  0.08315237,  0.26554284, ...,  0.01196615,
          0.43687817,  0.26453739],
        [-0.08315237,  0.        ,  0.18445611, ..., -0.07122171,
          0.51016247,  0.18343115],
        [-0.26554284, -0.18445611,  0.        , ..., -0.25398728,
          0.66005512, -0.00104274],
        ...,
        [-0.01196615,  0.07122171,  0.25398728, ...,  0.        ,
          0.44761069,  0.25297859],
        [-0.43687817, -0.51016247, -0.66005512, ..., -0.44761069,
          0.        , -0.65927143],
        [-0.26453739, -0.18343115,  0.00104274, ..., -0.25297859,
          0.65927143,  0.        ]],

       [[ 0.        ,  0.12132527,  0.28566484, ..., -0.86688541,
         -0.93334033, -0.973265  ],
        [-0.12132527,  0.        ,  0.16728498, ..., -0.8       ,
         -0.88289066, -0.9382087 ],
        [-0.28566484, -0.16728498,  0.        , ..., -0.68835588,
         -0.79189603, -0.86709569],
        ...,
        [ 0.86688541,  0.8       ,  0.68835588, ...,  0.        ,
          0.1540715 ,  0.28606922],
        [ 0.93334033,  0.88289066,  0.79189603, ..., -0.1540715 ,
          0.        ,  0.13502078],
        [ 0.973265  ,  0.9382087 ,  0.86709569, ..., -0.28606922,
         -0.13502078,  0.        ]],

       ...,

       [[ 0.        ,  0.68705367,  0.92067382, ..., -0.88090674,
         -0.71192483, -0.8148409 ],
        [-0.68705367,  0.        ,  0.40078814, ..., -0.96524827,
         -0.99977667, -0.99034331],
        [-0.92067382, -0.40078814,  0.        , ..., -0.77959243,
         -0.92443605, -0.85175965],
        ...,
        [ 0.88090674,  0.96524827,  0.77959243, ...,  0.        ,
          0.28167494,  0.12499217],
        [ 0.71192483,  0.99977667,  0.92443605, ..., -0.28167494,
          0.        , -0.15953474],
        [ 0.8148409 ,  0.99034331,  0.85175965, ..., -0.12499217,
          0.15953474,  0.        ]],

       [[ 0.        ,  0.13836891,  0.33001716, ..., -0.75527203,
         -0.94211457, -0.99904063],
        [-0.13836891,  0.        ,  0.19622586, ..., -0.83869546,
         -0.97944601, -0.98337104],
        [-0.33001716, -0.19622586,  0.        , ..., -0.92925489,
         -0.99998436, -0.9286169 ],
        ...,
        [ 0.75527203,  0.83869546,  0.92925489, ...,  0.        ,
         -0.36423665, -0.68785822],
        [ 0.94211457,  0.97944601,  0.99998436, ...,  0.36423665,
          0.        , -0.3762274 ],
        [ 0.99904063,  0.98337104,  0.9286169 , ...,  0.68785822,
          0.3762274 ,  0.        ]],

       [[ 0.        , -0.05491749, -0.12424565, ..., -0.83657404,
         -0.96833111, -0.94183348],
        [ 0.05491749,  0.        , -0.06956619, ..., -0.86539832,
         -0.98058102, -0.95886882],
        [ 0.12424565,  0.06956619,  0.        , ..., -0.8981603 ,
         -0.99184834, -0.97629214],
        ...,
        [ 0.83657404,  0.86539832,  0.8981603 , ...,  0.        ,
          0.32163694,  0.23483142],
        [ 0.96833111,  0.98058102,  0.99184834, ..., -0.32163694,
          0.        , -0.09028952],
        [ 0.94183348,  0.95886882,  0.97629214, ..., -0.23483142,
