state_0,state_1,state_2,state_3,state_4,state_5,state_6,state_7,state_8,state_9,state_10,state_11,state_12,state_13,state_14,state_15,state_16,state_17,state_18,state_19,state_20,state_21,state_22,state_23,state_24,state_25,state_26,state_27,state_28,state_29,state_30,state_31,state_32,state_33,state_34,state_35,state_36,state_37,state_38,state_39,state_40,state_41,state_42,state_43,state_44,state_45,state_46,state_47,state_48,state_49,state_50,state_51,state_52,state_53,state_54,state_55,state_56,state_57,state_58,state_59,state_60,state_61,state_62,state_63,state_64,state_65,state_66,state_67,state_68,state_69,state_70,state_71,state_72,state_73,state_74,state_75,state_76,state_77,state_78,state_79,state_80,state_81,state_82,state_83,state_84,state_85,state_86,state_87,state_88,state_89,state_90,state_91,state_92,state_93,state_94,state_95,state_96,state_97,state_98,state_99,state_100,state_101,state_102,state_103,state_104,state_105,state_106,state_107,state_108,state_109,state_110,state_111,state_112,state_113,state_114,state_115,state_116,state_117,state_118,state_119,state_120,state_121,state_122,state_123,state_124,state_125,state_126,state_127,state_128,state_129,state_130,state_131,state_132,state_133,state_134,state_135,state_136,state_137,state_138,state_139,state_140,state_141,state_142,state_143,state_144,state_145,state_146,state_147,state_148,state_149,state_150,state_151,state_152,state_153,state_154,state_155,state_156,state_157,state_158,state_159,state_160,state_161,state_162,state_163,state_164,state_165,state_166,state_167,state_168,state_169,state_170,state_171,state_172,state_173,state_174,state_175,state_176,state_177,state_178,state_179,state_180,state_181,state_182,state_183,state_184,state_185,state_186,state_187,state_188,state_189,state_190,state_191,state_192,state_193,state_194,state_195,state_196,state_197,state_198,state_199,state_200,state_201,state_202,state_203,state_204,state_205,state_206,state_207,state_208,state_209,state_210,state_211,state_212,state_213,state_214,state_215,state_216,state_217,state_218,state_219,state_220,state_221,state_222,state_223,state_224,state_225,state_226,state_227,state_228,state_229,state_230,state_231,state_232,state_233,state_234,state_235,state_236,state_237,state_238,state_239,state_240,state_241,state_242,state_243,state_244,state_245,state_246,state_247,state_248,state_249,state_250,state_251,state_252,state_253,state_254,state_255,state_256,state_257,state_258,state_259,state_260,state_261,state_262,state_263,state_264,state_265,state_266,state_267,state_268,state_269,state_270,state_271,state_272,state_273,state_274,state_275,state_276,state_277,state_278,state_279,state_280,state_281,state_282,state_283,state_284,state_285,state_286,state_287
{'img': array([[[ 0.        , -0.11101853, -0.11804224, ...,  0.98586466,
          0.99526024,  0.47839329],
        [ 0.11101853,  0.        , -0.00707019, ...,  0.99837083,
          0.99990414,  0.37794558],
        [ 0.11804224,  0.00707019,  0.        , ...,  0.99874929,
          0.99978125,  0.37139035],
        ...,
        [-0.98586466, -0.99837083, -0.99874929, ...,  0.        ,
          0.0708768 ,  0.94588456],
        [-0.99526024, -0.99990414, -0.99978125, ..., -0.0708768 ,
          0.        ,  0.92050598],
        [-0.47839329, -0.37794558, -0.37139035, ..., -0.94588456,
         -0.92050598,  0.        ]],

       [[ 0.        , -0.69009223, -0.77917891, ..., -0.13271499,
         -0.34301644,  0.9999223 ],
        [ 0.69009223,  0.        , -0.13135758, ...,  0.58793915,
          0.39997558,  0.73226772],
        [ 0.77917891,  0.13135758,  0.        , ...,  0.68910052,
          0.51690242,  0.63646593],
        ...,
        [ 0.13271499, -0.58793915, -0.68910052, ...,  0.        ,
         -0.2153191 ,  0.99273162],
        [ 0.34301644, -0.39997558, -0.51690242, ...,  0.2153191 ,
          0.        ,  0.94353237],
        [-0.9999223 , -0.73226772, -0.63646593, ..., -0.99273162,
         -0.94353237,  0.        ]],

       [[ 0.        ,  0.25246859,  0.36803729, ...,  0.86004403,
          0.74385788,  0.        ],
        [-0.25246859,  0.        ,  0.12136668, ...,  0.96099746,
          0.88849498,  0.25246859],
        [-0.36803729, -0.12136668,  0.        , ...,  0.98745835,
          0.93762051,  0.36803729],
        ...,
        [-0.86004403, -0.96099746, -0.98745835, ...,  0.        ,
          0.19526893,  0.86004403],
        [-0.74385788, -0.88849498, -0.93762051, ..., -0.19526893,
          0.        ,  0.74385788],
        [-0.        , -0.25246859, -0.36803729, ..., -0.86004403,
         -0.74385788,  0.        ]],

       ...,

       [[ 0.        , -0.25869965, -0.35801296, ...,  0.53492617,
          0.50508341,  0.92681722],
        [ 0.25869965,  0.        , -0.10427326, ...,  0.73529113,
          0.71116531,  0.99241135],
        [ 0.35801296,  0.10427326,  0.        , ...,  0.80195418,
          0.78059522,  0.99982308],
        ...,
        [-0.53492617, -0.73529113, -0.80195418, ...,  0.        ,
         -0.03493464,  0.58219515],
        [-0.50508341, -0.71116531, -0.78059522, ...,  0.03493464,
          0.        ,  0.61024336],
        [-0.92681722, -0.99241135, -0.99982308, ..., -0.58219515,
         -0.61024336,  0.        ]],

       [[ 0.        , -0.18119619, -0.26029304, ...,  0.93799797,
          0.88660033,  0.26029304],
        [ 0.18119619,  0.        , -0.0810341 , ...,  0.85966127,
          0.78811459,  0.0810341 ],
        [ 0.26029304,  0.0810341 ,  0.        , ...,  0.81543669,
          0.73564394,  0.        ],
        ...,
        [-0.93799797, -0.85966127, -0.81543669, ...,  0.        ,
          0.12652633,  0.81543669],
        [-0.88660033, -0.78811459, -0.73564394, ..., -0.12652633,
          0.        ,  0.73564394],
        [-0.26029304, -0.0810341 , -0.        , ..., -0.81543669,
         -0.73564394,  0.        ]],

       [[ 0.        ,  0.1111715 ,  0.12114955, ...,  0.99914526,
          0.72899044,  0.99248583],
        [-0.1111715 ,  0.        ,  0.01004593, ...,  0.9883563 ,
          0.80057115,  0.97273075],
        [-0.12114955, -0.01004593,  0.        , ...,  0.98677787,
          0.80655065,  0.97035164],
        ...,
        [-0.99914526, -0.9883563 , -0.98677787, ...,  0.        ,
          0.71407306, -0.08122864],
        [-0.72899044, -0.80057115, -0.80655065, ..., -0.71407306,
          0.        , -0.76857923],
        [-0.99248583, -0.97273075, -0.97035164, ...,  0.08122864,
          0.76857923,  0.        ]]]), 'num': array([6.53356794e-01, 6.53356794e-01, 0.00000000e+00, 0.00000000e+00,
       1.00819712e-02, 1.01664570e-02, 9.26527523e-03, 3.81673353e-01,
       5.06914754e-04, 8.72456616e-03, 7.33477487e-03, 6.24368780e-03,
       5.34033650e-06, 9.29007093e-03, 5.37947882e-03])}
{'img': array([[[ 0.        , -0.00666967, -0.35798376, ...,  0.99268131,
          0.85781418,  0.35798376],
        [ 0.00666967,  0.        , -0.35174815, ...,  0.99346468,
          0.85436716,  0.35174815],
        [ 0.35798376,  0.35174815,  0.        , ...,  0.97012552,
          0.61697564,  0.        ],
        ...,
        [-0.99268131, -0.99346468, -0.97012552, ...,  0.        ,
          0.61379108,  0.97012552],
        [-0.85781418, -0.85436716, -0.61697564, ..., -0.61379108,
          0.        ,  0.61697564],
        [-0.35798376, -0.35174815, -0.        , ..., -0.97012552,
         -0.61697564,  0.        ]],

       [[ 0.        , -0.13135758, -0.07483505, ...,  0.39997558,
          0.73226772,  0.97774552],
        [ 0.13135758,  0.        ,  0.05680264, ...,  0.51690242,
          0.63646593,  0.99683149],
        [ 0.07483505, -0.05680264,  0.        , ...,  0.46744226,
          0.67925046,  0.99070383],
        ...,
        [-0.39997558, -0.51690242, -0.46744226, ...,  0.        ,
          0.94353237,  0.81221635],
        [-0.73226772, -0.63646593, -0.67925046, ..., -0.94353237,
          0.        , -0.81948688],
        [-0.97774552, -0.99683149, -0.99070383, ..., -0.81221635,
          0.81948688,  0.        ]],

       [[ 0.        ,  0.25284564,  0.30322882, ...,  0.91365137,
          0.72223805,  0.        ],
        [-0.25284564,  0.        ,  0.05243479, ...,  0.98674518,
          0.87364941,  0.25284564],
        [-0.30322882, -0.05243479,  0.        , ...,  0.99389674,
          0.89796004,  0.30322882],
        ...,
        [-0.91365137, -0.98674518, -0.99389674, ...,  0.        ,
          0.33833319,  0.91365137],
        [-0.72223805, -0.87364941, -0.89796004, ..., -0.33833319,
          0.        ,  0.72223805],
        [-0.        , -0.25284564, -0.30322882, ..., -0.91365137,
         -0.72223805,  0.        ]],

       ...,

       [[ 0.        , -0.0955795 , -0.32590315, ...,  0.62194864,
          0.81955645,  0.99950135],
        [ 0.0955795 ,  0.        , -0.23404993, ...,  0.69394553,
          0.87057126,  0.99794345],
        [ 0.32590315,  0.23404993,  0.        , ...,  0.84319329,
          0.96155326,  0.95522245],
        ...,
        [-0.62194864, -0.69394553, -0.84319329, ...,  0.        ,
          0.28538466,  0.76302893],
        [-0.81955645, -0.87057126, -0.96155326, ..., -0.28538466,
          0.        ,  0.54683443],
        [-0.99950135, -0.99794345, -0.95522245, ..., -0.76302893,
         -0.54683443,  0.        ]],

       [[ 0.        , -0.0749727 , -0.00700262, ...,  0.93031545,
          0.7539753 ,  0.0749727 ],
        [ 0.0749727 ,  0.        ,  0.06798796, ...,  0.90020014,
          0.70260353,  0.        ],
        [ 0.00700262, -0.06798796,  0.        , ...,  0.92772435,
          0.74935678,  0.06798796],
        ...,
        [-0.93031545, -0.90020014, -0.92772435, ...,  0.        ,
          0.33459853,  0.90020014],
        [-0.7539753 , -0.70260353, -0.74935678, ..., -0.33459853,
          0.        ,  0.70260353],
        [-0.0749727 , -0.        , -0.06798796, ..., -0.90020014,
         -0.70260353,  0.        ]],

       [[ 0.        ,  0.01004593,  0.01408904, ...,  0.80057115,
          0.97273075,  0.84220785],
        [-0.01004593,  0.        ,  0.00404339, ...,  0.80655065,
          0.97035164,  0.83674906],
        [-0.01408904, -0.00404339,  0.        , ...,  0.80893437,
          0.96936643,  0.83452811],
        ...,
        [-0.80057115, -0.80655065, -0.80893437, ...,  0.        ,
         -0.76857923, -0.93631303],
        [-0.97273075, -0.97035164, -0.96936643, ...,  0.76857923,
          0.        , -0.3291113 ],
        [-0.84220785, -0.83674906, -0.83452811, ...,  0.93631303,
          0.3291113 ,  0.        ]]]), 'num': array([ 6.77572592e-01,  6.77572592e-01,  0.00000000e+00,  0.00000000e+00,
        1.00467660e-02,  1.04264403e-02,  9.95914888e-03,  2.84880665e-01,
       -4.08880013e-04,  9.49185744e-03,  7.79062453e-03,  6.54782399e-03,
        4.94578535e-06,  9.99513374e-03,  5.58611531e-03])}
{'img': array([[[ 0.        , -0.35174815, -0.09204339, ...,  0.85436716,
          0.35174815,  0.80952172],
        [ 0.35174815,  0.        ,  0.26409365, ...,  0.61697564,
          0.        ,  0.55128117],
        [ 0.09204339, -0.26409365,  0.        , ...,  0.8029082 ,
          0.26409365,  0.75204755],
        ...,
        [-0.85436716, -0.61697564, -0.8029082 , ...,  0.        ,
          0.61697564,  0.08090633],
        [-0.35174815, -0.        , -0.26409365, ..., -0.61697564,
          0.        , -0.55128117],
        [-0.80952172, -0.55128117, -0.75204755, ..., -0.08090633,
          0.55128117,  0.        ]],

       [[ 0.        ,  0.05680264, -0.12328179, ...,  0.63646593,
          0.99683149,  0.82643927],
        [-0.05680264,  0.        , -0.17945208, ...,  0.67925046,
          0.99070383,  0.79312357],
        [ 0.12328179,  0.17945208,  0.        , ...,  0.53652294,
          0.99903348,  0.88954579],
        ...,
        [-0.63646593, -0.67925046, -0.53652294, ...,  0.        ,
         -0.81948688, -0.99578337],
        [-0.99683149, -0.99070383, -0.99903348, ...,  0.81948688,
          0.        , -0.49550506],
        [-0.82643927, -0.79312357, -0.88954579, ...,  0.99578337,
          0.49550506,  0.        ]],

       [[ 0.        ,  0.16161492,  0.27179792, ...,  0.86885297,
          0.63449011,  0.        ],
        [-0.16161492,  0.        ,  0.11269402, ...,  0.93744167,
          0.75106621,  0.16161492],
        [-0.27179792, -0.11269402,  0.        , ...,  0.97070349,
          0.82068535,  0.27179792],
        ...,
        [-0.86885297, -0.93744167, -0.97070349, ...,  0.        ,
          0.35744623,  0.86885297],
        [-0.63449011, -0.75106621, -0.82068535, ..., -0.35744623,
          0.        ,  0.63449011],
        [-0.        , -0.16161492, -0.27179792, ..., -0.86885297,
         -0.63449011,  0.        ]],

       ...,

       [[ 0.        , -0.23404993,  0.01164676, ...,  0.87057126,
          0.99794345,  0.73812648],
        [ 0.23404993,  0.        ,  0.24535733, ...,  0.96155326,
          0.95522245,  0.87552939],
        [-0.01164676, -0.24535733,  0.        , ...,  0.86478152,
          0.99862233,  0.73021878],
        ...,
        [-0.87057126, -0.96155326, -0.86478152, ...,  0.        ,
          0.54683443, -0.22415217],
        [-0.99794345, -0.95522245, -0.99862233, ..., -0.54683443,
          0.        , -0.7205891 ],
        [-0.73812648, -0.87552939, -0.73021878, ...,  0.22415217,
          0.7205891 ,  0.        ]],

       [[ 0.        ,  0.06507129,  0.14169589, ...,  0.82321754,
          0.5549204 ,  0.        ],
        [-0.06507129,  0.        ,  0.07698084, ...,  0.8584155 ,
          0.60787734,  0.06507129],
        [-0.14169589, -0.07698084,  0.        , ...,  0.89535592,
          0.66719868,  0.14169589],
        ...,
        [-0.82321754, -0.8584155 , -0.89535592, ...,  0.        ,
          0.36979474,  0.82321754],
        [-0.5549204 , -0.60787734, -0.66719868, ..., -0.36979474,
          0.        ,  0.5549204 ],
        [-0.        , -0.06507129, -0.14169589, ..., -0.82321754,
         -0.5549204 ,  0.        ]],

       [[ 0.        ,  0.00404339,  0.01262056, ...,  0.97035164,
          0.83674906,  0.84734296],
        [-0.00404339,  0.        ,  0.00857739, ...,  0.96936643,
          0.83452811,  0.84518881],
        [-0.01262056, -0.00857739,  0.        , ...,  0.967224  ,
          0.82977157,  0.84057338],
        ...,
        [-0.97035164, -0.96936643, -0.967224  , ...,  0.        ,
         -0.3291113 , -0.31050069],
        [-0.83674906, -0.83452811, -0.82977157, ...,  0.3291113 ,
          0.        ,  0.01964132],
        [-0.84734296, -0.84518881, -0.84057338, ...,  0.31050069,
         -0.01964132,  0.        ]]]), 'num': array([ 9.43625804e-01,  6.12086194e-03,  5.51473495e-06, -1.16084745e-09,
        1.39926111e-02,  1.46099322e-02,  1.37456826e-02,  3.29026455e-01,
       -1.64618954e-04,  1.37950683e-02,  1.12249549e-02,  9.32662401e-03,
        6.96926958e-06,  1.44627502e-02,  7.98715965e-03])}
{'img': array([[[ 0.        ,  0.26409365,  0.3874434 , ...,  0.        ,
          0.55128117,  0.61697564],
        [-0.26409365,  0.        ,  0.1302218 , ...,  0.26409365,
          0.75204755,  0.8029082 ],
        [-0.3874434 , -0.1302218 ,  0.        , ...,  0.3874434 ,
          0.83147412,  0.87369691],
        ...,
        [-0.        , -0.26409365, -0.3874434 , ...,  0.        ,
         -0.55128117, -0.61697564],
        [-0.55128117, -0.75204755, -0.83147412, ...,  0.55128117,
          0.        , -0.08090633],
        [-0.61697564, -0.8029082 , -0.87369691, ...,  0.61697564,
          0.08090633,  0.        ]],

       [[ 0.        , -0.17945208,  0.13448721, ...,  0.99070383,
          0.79312357,  0.63842723],
        [ 0.17945208,  0.        ,  0.31012585, ...,  0.99903348,
          0.88954579,  0.76618453],
        [-0.13448721, -0.31012585,  0.        , ...,  0.96340844,
          0.70400743,  0.52911492],
        ...,
        [-0.99070383, -0.99903348, -0.96340844, ...,  0.        ,
         -0.49550506, -0.67567768],
        [-0.79312357, -0.88954579, -0.70400743, ...,  0.49550506,
          0.        , -0.22161211],
        [-0.63842723, -0.76618453, -0.52911492, ...,  0.67567768,
          0.22161211,  0.        ]],

       [[ 0.        ,  0.2128037 ,  0.17618238, ...,  0.76397031,
          0.51441412,  0.        ],
        [-0.2128037 ,  0.        , -0.03732801, ...,  0.88378343,
          0.68511954,  0.2128037 ],
        [-0.17618238,  0.03732801,  0.        , ...,  0.86570186,
          0.65745119,  0.17618238],
        ...,
        [-0.76397031, -0.88378343, -0.86570186, ...,  0.        ,
          0.32321012,  0.76397031],
        [-0.51441412, -0.68511954, -0.65745119, ..., -0.32321012,
          0.        ,  0.51441412],
        [-0.        , -0.2128037 , -0.17618238, ..., -0.76397031,
         -0.51441412,  0.        ]],

       ...,

       [[ 0.        ,  0.24535733,  0.25054723, ...,  0.95522245,
          0.87552939,  0.87552939],
        [-0.24535733,  0.        ,  0.00535718, ...,  0.99862233,
          0.73021878,  0.73021878],
        [-0.25054723, -0.00535718,  0.        , ...,  0.99888911,
          0.72654821,  0.72654821],
        ...,
        [-0.95522245, -0.99862233, -0.99888911, ...,  0.        ,
         -0.7205891 , -0.7205891 ],
        [-0.87552939, -0.73021878, -0.72654821, ...,  0.7205891 ,
          0.        ,  0.        ],
        [-0.87552939, -0.73021878, -0.72654821, ...,  0.7205891 ,
          0.        ,  0.        ]],

       [[ 0.        ,  0.12231529,  0.21188846, ...,  0.6900144 ,
          0.4709585 ,  0.        ],
        [-0.12231529,  0.        ,  0.09075947, ...,  0.77336455,
          0.5753233 ,  0.12231529],
        [-0.21188846, -0.09075947,  0.        , ...,  0.82771077,
          0.64718339,  0.21188846],
        ...,
        [-0.6900144 , -0.77336455, -0.82771077, ...,  0.        ,
          0.26782219,  0.6900144 ],
        [-0.4709585 , -0.5753233 , -0.64718339, ..., -0.26782219,
          0.        ,  0.4709585 ],
        [-0.        , -0.12231529, -0.21188846, ..., -0.6900144 ,
         -0.4709585 ,  0.        ]],

       [[ 0.        ,  0.00857739, -0.00100546, ...,  0.83452811,
          0.84518881,  0.9467948 ],
        [-0.00857739,  0.        , -0.0095828 , ...,  0.82977157,
          0.84057338,  0.94399944],
        [ 0.00100546,  0.0095828 ,  0.        , ...,  0.83508166,
          0.84572577,  0.94711791],
        ...,
        [-0.83452811, -0.82977157, -0.83508166, ...,  0.        ,
          0.01964132,  0.25306839],
        [-0.84518881, -0.84057338, -0.84572577, ..., -0.01964132,
          0.        ,  0.23401761],
        [-0.9467948 , -0.94399944, -0.94711791, ..., -0.25306839,
         -0.23401761,  0.        ]]]), 'num': array([ 8.72482993e-01,  3.45410939e-01,  3.15612008e-06, -9.48249510e-08,
        1.28554159e-02,  1.32403086e-02,  1.23935447e-02,  3.44029252e-01,
       -2.30935616e-04,  1.32095172e-02,  1.06884701e-02,  8.81558224e-03,
        6.22379674e-06,  1.38051124e-02,  7.57182779e-03])}
{'img': array([[[ 0.        ,  0.29131723,  0.31407677, ...,  0.55578615,
          0.62185484,  0.70335034],
        [-0.29131723,  0.        ,  0.02387828, ...,  0.77385915,
          0.82302282,  0.8799245 ],
        [-0.31407677, -0.02387828,  0.        , ...,  0.78876199,
          0.83635122,  0.8910185 ],
        ...,
        [-0.55578615, -0.77385915, -0.78876199, ...,  0.        ,
         -0.08170945, -0.18963603],
        [-0.62185484, -0.82302282, -0.83635122, ...,  0.08170945,
          0.        , -0.10877514],
        [-0.70335034, -0.8799245 , -0.8910185 , ...,  0.18963603,
          0.10877514,  0.        ]],

       [[ 0.        ,  0.31012585,  0.17988803, ...,  0.88954579,
          0.76618453,  0.83756958],
        [-0.31012585,  0.        , -0.13404805, ...,  0.70400743,
          0.52911492,  0.62684237],
        [-0.17988803,  0.13404805,  0.        , ...,  0.79285358,
          0.63808607,  0.72562803],
        ...,
        [-0.88954579, -0.70400743, -0.79285358, ...,  0.        ,
         -0.22161211, -0.10334582],
        [-0.76618453, -0.52911492, -0.63808607, ...,  0.22161211,
          0.        ,  0.11964938],
        [-0.83756958, -0.62684237, -0.72562803, ...,  0.10334582,
         -0.11964938,  0.        ]],

       [[ 0.        , -0.1175213 , -0.02540651, ...,  0.73737224,
          0.55116063,  0.1175213 ],
        [ 0.1175213 ,  0.        ,  0.09225291, ...,  0.65287846,
          0.44928161,  0.        ],
        [ 0.02540651, -0.09225291,  0.        , ...,  0.71997246,
          0.52978354,  0.09225291],
        ...,
        [-0.73737224, -0.65287846, -0.71997246, ...,  0.        ,
          0.24296115,  0.65287846],
        [-0.55116063, -0.44928161, -0.52978354, ..., -0.24296115,
          0.        ,  0.44928161],
        [-0.1175213 , -0.        , -0.09225291, ..., -0.65287846,
         -0.44928161,  0.        ]],

       ...,

       [[ 0.        ,  0.00535718,  0.07045957, ...,  0.73021878,
          0.73021878,  0.61989615],
        [-0.00535718,  0.        ,  0.06511469, ...,  0.72654821,
          0.72654821,  0.61568357],
        [-0.07045957, -0.06511469,  0.        , ...,  0.680265  ,
          0.680265  ,  0.563067  ],
        ...,
        [-0.73021878, -0.72654821, -0.680265  , ...,  0.        ,
          0.        , -0.14946954],
        [-0.73021878, -0.72654821, -0.680265  , ...,  0.        ,
          0.        , -0.14946954],
        [-0.61989615, -0.61568357, -0.563067  , ...,  0.14946954,
          0.14946954,  0.        ]],

       [[ 0.        ,  0.17010887,  0.22070987, ...,  0.60287818,
          0.41273927,  0.        ],
        [-0.17010887,  0.        ,  0.05157919, ...,  0.72980991,
          0.56166724,  0.17010887],
        [-0.22070987, -0.05157919,  0.        , ...,  0.76410059,
          0.60359433,  0.22070987],
        ...,
        [-0.60287818, -0.72980991, -0.76410059, ...,  0.        ,
          0.219834  ,  0.60287818],
        [-0.41273927, -0.56166724, -0.60359433, ..., -0.219834  ,
          0.        ,  0.41273927],
        [-0.        , -0.17010887, -0.22070987, ..., -0.60287818,
         -0.41273927,  0.        ]],

       [[ 0.        , -0.0095828 ,  0.05984595, ...,  0.84057338,
          0.94399944,  0.9976413 ],
        [ 0.0095828 ,  0.        ,  0.06940883, ...,  0.84572577,
          0.94711791,  0.99825328],
        [-0.05984595, -0.06940883,  0.        , ...,  0.80664835,
          0.92256144,  0.99174516],
        ...,
        [-0.84057338, -0.84572577, -0.80664835, ...,  0.        ,
          0.23401761,  0.48272069],
        [-0.94399944, -0.94711791, -0.92256144, ..., -0.23401761,
          0.        ,  0.26437006],
        [-0.9976413 , -0.99825328, -0.99174516, ..., -0.48272069,
         -0.26437006,  0.        ]]]), 'num': array([ 8.87173545e-01,  2.96698836e-01,  3.73718170e-06, -1.86306492e-07,
        1.28364067e-02,  1.36488375e-02,  1.26332990e-02,  3.51697477e-01,
       -7.31187724e-04,  1.37463292e-02,  1.14288703e-02,  9.38790875e-03,
        5.86184251e-06,  1.47179887e-02,  8.13975198e-03])}
