state_0,state_1,state_2,state_3,state_4,state_5,state_6,state_7,state_8,state_9,state_10,state_11,state_12,state_13,state_14,state_15,state_16,state_17,state_18,state_19,state_20,state_21,state_22,state_23,state_24,state_25,state_26,state_27,state_28,state_29,state_30,state_31,state_32,state_33,state_34,state_35,state_36,state_37,state_38,state_39,state_40,state_41,state_42,state_43,state_44,state_45,state_46,state_47,state_48,state_49,state_50,state_51,state_52,state_53,state_54,state_55,state_56,state_57,state_58,state_59,state_60,state_61,state_62,state_63,state_64,state_65,state_66,state_67,state_68,state_69,state_70,state_71,state_72,state_73,state_74,state_75,state_76,state_77,state_78,state_79,state_80,state_81,state_82,state_83,state_84,state_85,state_86,state_87,state_88,state_89,state_90,state_91,state_92,state_93,state_94,state_95,state_96,state_97,state_98,state_99,state_100,state_101,state_102,state_103,state_104,state_105,state_106,state_107,state_108,state_109,state_110,state_111,state_112,state_113,state_114,state_115,state_116,state_117,state_118,state_119,state_120,state_121,state_122,state_123,state_124,state_125,state_126,state_127,state_128,state_129,state_130,state_131,state_132,state_133,state_134,state_135,state_136,state_137,state_138,state_139,state_140,state_141,state_142,state_143,state_144,state_145,state_146,state_147,state_148,state_149,state_150,state_151,state_152,state_153,state_154,state_155,state_156,state_157,state_158,state_159,state_160,state_161,state_162,state_163,state_164,state_165,state_166,state_167,state_168,state_169,state_170,state_171,state_172,state_173,state_174,state_175,state_176,state_177,state_178,state_179,state_180,state_181,state_182,state_183,state_184,state_185,state_186,state_187,state_188,state_189,state_190,state_191,state_192,state_193,state_194,state_195,state_196,state_197,state_198,state_199,state_200,state_201,state_202,state_203,state_204,state_205,state_206,state_207,state_208,state_209,state_210,state_211,state_212,state_213,state_214,state_215,state_216,state_217,state_218,state_219,state_220,state_221,state_222,state_223,state_224,state_225,state_226,state_227,state_228,state_229,state_230,state_231,state_232,state_233,state_234,state_235,state_236,state_237,state_238,state_239,state_240,state_241,state_242,state_243,state_244,state_245,state_246,state_247,state_248,state_249,state_250,state_251,state_252,state_253,state_254,state_255,state_256,state_257,state_258,state_259,state_260,state_261,state_262,state_263,state_264,state_265,state_266,state_267,state_268,state_269,state_270,state_271,state_272,state_273,state_274,state_275,state_276,state_277,state_278,state_279,state_280,state_281,state_282,state_283,state_284,state_285,state_286,state_287
{'img': array([[[ 0.        ,  0.14643053, -0.40786224, ...,  0.96440413,
          0.96788162,  0.99999958],
        [-0.14643053,  0.        , -0.53716331, ...,  0.9927298 ,
          0.92063521,  0.98935423],
        [ 0.40786224,  0.53716331,  0.        , ...,  0.77269078,
          0.98625717,  0.91267073],
        ...,
        [-0.96440413, -0.9927298 , -0.77269078, ...,  0.        ,
         -0.49839695, -0.26355215],
        [-0.96788162, -0.92063521, -0.98625717, ...,  0.49839695,
          0.        ,  0.25228994],
        [-0.99999958, -0.98935423, -0.91267073, ...,  0.26355215,
         -0.25228994,  0.        ]],

       [[ 0.        , -0.07284416,  0.00343417, ...,  0.7374235 ,
          0.48210505,  0.16944861],
        [ 0.07284416,  0.        ,  0.07626878, ...,  0.78466559,
          0.544644  ,  0.2407892 ],
        [-0.00343417, -0.07626878,  0.        , ...,  0.73509961,
          0.47909348,  0.1660631 ],
        ...,
        [-0.7374235 , -0.78466559, -0.73509961, ...,  0.        ,
         -0.3204381 , -0.61230885],
        [-0.48210505, -0.544644  , -0.47909348, ...,  0.3204381 ,
          0.        , -0.32667714],
        [-0.16944861, -0.2407892 , -0.1660631 , ...,  0.61230885,
          0.32667714,  0.        ]],

       [[ 0.        , -0.29481636, -0.51171555, ...,  0.51171555,
          0.85025387,  0.95183123],
        [ 0.29481636,  0.        , -0.23567888, ...,  0.23567888,
          0.6572801 ,  0.81912876],
        [ 0.51171555,  0.23567888,  0.        , ...,  0.        ,
          0.46114664,  0.66086702],
        ...,
        [-0.51171555, -0.23567888, -0.        , ...,  0.        ,
         -0.46114664, -0.66086702],
        [-0.85025387, -0.6572801 , -0.46114664, ...,  0.46114664,
          0.        , -0.24031119],
        [-0.95183123, -0.81912876, -0.66086702, ...,  0.66086702,
          0.24031119,  0.        ]],

       ...,

       [[ 0.        ,  0.51795719,  0.56648974, ...,  0.97054394,
          0.99997201,  0.98424556],
        [-0.51795719,  0.        ,  0.05774667, ...,  0.95499804,
          0.85150728,  0.93350849],
        [-0.56648974, -0.05774667,  0.        , ...,  0.93627604,
          0.8198073 ,  0.91124534],
        ...,
        [-0.97054394, -0.95499804, -0.93627604, ...,  0.        ,
         -0.24817896, -0.06552968],
        [-0.99997201, -0.85150728, -0.8198073 , ...,  0.24817896,
          0.        ,  0.184166  ],
        [-0.98424556, -0.93350849, -0.91124534, ...,  0.06552968,
         -0.184166  ,  0.        ]],

       [[ 0.        , -0.36756471, -0.57635613, ..., -0.83434221,
         -0.83269672, -0.81886516],
        [ 0.36756471,  0.        , -0.23563664, ..., -0.97855543,
         -0.9779376 , -0.97251989],
        [ 0.57635613,  0.23563664,  0.        , ..., -0.99953781,
         -0.99962392, -0.9999958 ],
        ...,
        [ 0.83434221,  0.97855543,  0.99953781, ...,  0.        ,
         -0.00297831, -0.02750385],
        [ 0.83269672,  0.9779376 ,  0.99962392, ...,  0.00297831,
          0.        , -0.02452655],
        [ 0.81886516,  0.97251989,  0.9999958 , ...,  0.02750385,
          0.02452655,  0.        ]],

       [[ 0.        , -0.26011281, -0.56971083, ...,  0.96836665,
          0.962451  ,  0.78749286],
        [ 0.26011281,  0.        , -0.3363279 , ...,  0.87012739,
          0.8587127 ,  0.60007225],
        [ 0.56971083,  0.3363279 ,  0.        , ...,  0.65368664,
          0.63633465,  0.29607091],
        ...,
        [-0.96836665, -0.87012739, -0.65368664, ...,  0.        ,
          0.02270645,  0.40032302],
        [-0.962451  , -0.8587127 , -0.63633465, ..., -0.02270645,
          0.        ,  0.37941221],
        [-0.78749286, -0.60007225, -0.29607091, ..., -0.40032302,
         -0.37941221,  0.        ]]]), 'num': array([7.07101771e-01, 7.07101771e-01, 0.00000000e+00, 0.00000000e+00,
       6.32765431e-05, 6.36391593e-05, 6.11914994e-05, 3.76051226e-03,
       1.81308146e-06, 6.21886942e-05, 6.20572458e-05, 5.96488692e-05,
       9.88027539e-07, 6.43844084e-05, 5.97300831e-05])}
{'img': array([[[ 0.        , -0.53716331,  0.35248462, ...,  0.92063521,
          0.98935423,  0.95798397],
        [ 0.53716331,  0.        ,  0.8       , ...,  0.98625717,
          0.91267073,  0.65396855],
        [-0.35248462, -0.8       ,  0.        , ...,  0.72392822,
          0.87455896,  0.99759852],
        ...,
        [-0.92063521, -0.98625717, -0.72392822, ...,  0.        ,
          0.25228994,  0.63807802],
        [-0.98935423, -0.91267073, -0.87455896, ..., -0.25228994,
          0.        ,  0.42318115],
        [-0.95798397, -0.65396855, -0.99759852, ..., -0.63807802,
         -0.42318115,  0.        ]],

       [[ 0.        ,  0.07626878,  0.05848446, ...,  0.544644  ,
          0.2407892 ,  0.4206941 ],
        [-0.07626878,  0.        , -0.01782412, ...,  0.47909348,
          0.1660631 ,  0.35027751],
        [-0.05848446,  0.01782412,  0.        , ...,  0.49466274,
          0.18361335,  0.36691676],
        ...,
        [-0.544644  , -0.47909348, -0.49466274, ...,  0.        ,
         -0.32667714, -0.14128002],
        [-0.2407892 , -0.1660631 , -0.18361335, ...,  0.32667714,
          0.        ,  0.18987163],
        [-0.4206941 , -0.35027751, -0.36691676, ...,  0.14128002,
         -0.18987163,  0.        ]],

       [[ 0.        , -0.23567888,  0.29481636, ...,  0.6572801 ,
          0.81912876,  0.80095829],
        [ 0.23567888,  0.        ,  0.51171555, ...,  0.46114664,
          0.66086702,  0.6372904 ],
        [-0.29481636, -0.51171555,  0.        , ...,  0.85025387,
          0.95183123,  0.94187134],
        ...,
        [-0.6572801 , -0.46114664, -0.85025387, ...,  0.        ,
         -0.24031119, -0.21011248],
        [-0.81912876, -0.66086702, -0.95183123, ...,  0.24031119,
          0.        ,  0.03099145],
        [-0.80095829, -0.6372904 , -0.94187134, ...,  0.21011248,
         -0.03099145,  0.        ]],

       ...,

       [[ 0.        ,  0.09616081, -0.29732974, ...,  0.9347036 ,
          0.9857901 ,  0.99311964],
        [-0.09616081,  0.        , -0.38776377, ...,  0.89619375,
          0.96506849,  0.97725651],
        [ 0.29732974,  0.38776377,  0.        , ...,  0.99811086,
          0.99115358,  0.9830242 ],
        ...,
        [-0.9347036 , -0.89619375, -0.99811086, ...,  0.        ,
          0.19336437,  0.24352505],
        [-0.9857901 , -0.96506849, -0.99115358, ..., -0.19336437,
          0.        ,  0.05138594],
        [-0.99311964, -0.97725651, -0.9830242 , ..., -0.24352505,
         -0.05138594,  0.        ]],

       [[ 0.        , -0.46916713, -0.70149389, ..., -0.84323643,
         -0.82948151, -0.8367857 ],
        [ 0.46916713,  0.        , -0.28513194, ..., -0.99686745,
         -0.99456879, -0.99585665],
        [ 0.70149389,  0.28513194,  0.        , ..., -0.97803695,
         -0.98295943, -0.98044597],
        ...,
        [ 0.84323643,  0.99686745,  0.97803695, ...,  0.        ,
         -0.0250945 , -0.01188953],
        [ 0.82948151,  0.99456879,  0.98295943, ...,  0.0250945 ,
          0.        ,  0.01320694],
        [ 0.8367857 ,  0.99585665,  0.98044597, ...,  0.01188953,
         -0.01320694,  0.        ]],

       [[ 0.        , -0.33295267, -0.59480773, ...,  0.89833725,
          0.79438241,  0.59480773],
        [ 0.33295267,  0.        , -0.2932201 , ...,  0.70081303,
          0.54681633,  0.2932201 ],
        [ 0.59480773,  0.2932201 ,  0.        , ...,  0.46084167,
          0.2772817 ,  0.        ],
        ...,
        [-0.89833725, -0.70081303, -0.46084167, ...,  0.        ,
          0.19668883,  0.46084167],
        [-0.79438241, -0.54681633, -0.2772817 , ..., -0.19668883,
          0.        ,  0.2772817 ],
        [-0.59480773, -0.2932201 , -0.        , ..., -0.46084167,
         -0.2772817 ,  0.        ]]]), 'num': array([ 7.07103364e-01,  7.07103364e-01,  0.00000000e+00,  0.00000000e+00,
        6.23701429e-05,  6.47271541e-05,  6.23701429e-05,  3.10403872e-03,
       -9.06542774e-07,  6.19893949e-05,  6.21616380e-05,  5.97728978e-05,
        9.45533861e-07,  6.43442045e-05,  5.99790716e-05])}
{'img': array([[[ 0.        ,  0.8       ,  0.98901337, ...,  0.91267073,
          0.65396855,  0.8127528 ],
        [-0.8       ,  0.        ,  0.47514715, ...,  0.87455896,
          0.99759852,  0.95373863],
        [-0.98901337, -0.47514715,  0.        , ...,  0.53912201,
          0.84488373,  0.69635386],
        ...,
        [-0.91267073, -0.87455896, -0.53912201, ...,  0.        ,
          0.42318115,  0.19956137],
        [-0.65396855, -0.99759852, -0.84488373, ..., -0.42318115,
          0.        , -0.2338574 ],
        [-0.8127528 , -0.95373863, -0.69635386, ..., -0.19956137,
          0.2338574 ,  0.        ]],

       [[ 0.        , -0.01782412,  0.06073607, ...,  0.1660631 ,
          0.35027751,  0.2019231 ],
        [ 0.01782412,  0.        ,  0.07851763, ...,  0.18361335,
          0.36691676,  0.21934799],
        [-0.06073607, -0.07851763,  0.        , ...,  0.10586377,
          0.29274266,  0.14206533],
        ...,
        [-0.1660631 , -0.18361335, -0.10586377, ...,  0.        ,
          0.18987163,  0.03647699],
        [-0.35027751, -0.36691676, -0.29274266, ..., -0.18987163,
          0.        , -0.15393183],
        [-0.2019231 , -0.21934799, -0.14206533, ..., -0.03647699,
          0.15393183,  0.        ]],

       [[ 0.        ,  0.51171555,  0.73869096, ...,  0.66086702,
          0.6372904 ,  0.6873164 ],
        [-0.51171555,  0.        ,  0.28973104, ...,  0.95183123,
          0.94187134,  0.96220004],
        [-0.73869096, -0.28973104,  0.        , ...,  0.99984342,
          0.99881473,  0.99983588],
        ...,
        [-0.66086702, -0.95183123, -0.99984342, ...,  0.        ,
          0.03099145, -0.03580689],
        [-0.6372904 , -0.94187134, -0.99881473, ..., -0.03099145,
          0.        , -0.06676127],
        [-0.6873164 , -0.96220004, -0.99983588, ...,  0.03580689,
          0.06676127,  0.        ]],

       ...,

       [[ 0.        , -0.38776377,  0.2478391 , ...,  0.96506849,
          0.97725651,  0.95383265],
        [ 0.38776377,  0.        ,  0.60411388, ...,  0.99115358,
          0.9830242 ,  0.99566405],
        [-0.2478391 , -0.60411388,  0.        , ...,  0.87002624,
          0.89421037,  0.84963857],
        ...,
        [-0.96506849, -0.99115358, -0.87002624, ...,  0.        ,
          0.05138594, -0.03994535],
        [-0.97725651, -0.9830242 , -0.89421037, ..., -0.05138594,
          0.        , -0.09123751],
        [-0.95383265, -0.99566405, -0.84963857, ...,  0.03994535,
          0.09123751,  0.        ]],

       [[ 0.        , -0.57381251, -0.79276429, ..., -0.84728973,
         -0.8545043 , -0.85130278],
        [ 0.57381251,  0.        , -0.29950842, ..., -0.99868861,
         -0.9978913 , -0.99827058],
        [ 0.79276429,  0.29950842,  0.        , ..., -0.93750877,
         -0.93264149, -0.93483656],
        ...,
        [ 0.84728973,  0.99868861,  0.93750877, ...,  0.        ,
          0.01373387,  0.00760176],
        [ 0.8545043 ,  0.9978913 ,  0.93264149, ..., -0.01373387,
          0.        , -0.00613243],
        [ 0.85130278,  0.99827058,  0.93483656, ..., -0.00760176,
          0.00613243,  0.        ]],

       [[ 0.        , -0.29006528, -0.00963497, ...,  0.64604213,
          0.55739722,  0.29006528],
        [ 0.29006528,  0.        ,  0.28083108, ...,  0.39685941,
          0.29260743,  0.        ],
        [ 0.00963497, -0.28083108,  0.        , ...,  0.63865775,
          0.54937195,  0.28083108],
        ...,
        [-0.64604213, -0.39685941, -0.63865775, ...,  0.        ,
          0.11091159,  0.39685941],
        [-0.55739722, -0.29260743, -0.54937195, ..., -0.11091159,
          0.        ,  0.29260743],
        [-0.29006528, -0.        , -0.28083108, ..., -0.39685941,
         -0.29260743,  0.        ]]]), 'num': array([ 7.58110637e-01,  6.52120779e-01,  3.08110053e-05, -3.85791768e-11,
        6.68705731e-05,  6.79397247e-05,  6.62873995e-05,  2.59133190e-03,
        0.00000000e+00,  6.64040342e-05,  6.66713221e-05,  6.42333325e-05,
        1.00365022e-06,  6.90100631e-05,  6.43325810e-05])}
{'img': array([[[ 0.        ,  0.69990301,  0.55406542, ...,  0.9301422 ,
          0.99368293,  0.99368293],
        [-0.69990301,  0.        , -0.18691592, ...,  0.92134686,
          0.78827193,  0.78827193],
        [-0.55406542,  0.18691592,  0.        , ...,  0.97777094,
          0.88939378,  0.88939378],
        ...,
        [-0.9301422 , -0.92134686, -0.97777094, ...,  0.        ,
         -0.26049561, -0.26049561],
        [-0.99368293, -0.78827193, -0.88939378, ...,  0.26049561,
          0.        ,  0.        ],
        [-0.99368293, -0.78827193, -0.88939378, ...,  0.26049561,
          0.        ,  0.        ]],

       [[ 0.        ,  0.07851763,  0.31896957, ...,  0.36691676,
          0.21934799,  0.04095024],
        [-0.07851763,  0.        ,  0.24356856, ...,  0.29274266,
          0.14206533, -0.03762795],
        [-0.31896957, -0.24356856,  0.        , ...,  0.0510282 ,
         -0.10331127, -0.27989081],
        ...,
        [-0.36691676, -0.29274266, -0.0510282 , ...,  0.        ,
         -0.15393183, -0.32851487],
        [-0.21934799, -0.14206533,  0.10331127, ...,  0.15393183,
          0.        , -0.17921103],
        [-0.04095024,  0.03762795,  0.27989081, ...,  0.32851487,
          0.17921103,  0.        ]],

       [[ 0.        ,  0.59884386,  0.7641643 , ...,  0.65773804,
          0.70858277,  0.7212828 ],
        [-0.59884386,  0.        ,  0.2257258 , ...,  0.9778371 ,
          0.99004053,  0.99243435],
        [-0.7641643 , -0.2257258 ,  0.        , ...,  0.99985955,
          0.99626673,  0.99453431],
        ...,
        [-0.65773804, -0.9778371 , -0.99985955, ...,  0.        ,
         -0.06961949, -0.08772779],
        [-0.70858277, -0.99004053, -0.99626673, ...,  0.06961949,
          0.        , -0.01816386],
        [-0.7212828 , -0.99243435, -0.99453431, ...,  0.08772779,
          0.01816386,  0.        ]],

       ...,

       [[ 0.        ,  0.60411388,  0.62010921, ...,  0.9830242 ,
          0.99566405,  0.99733559],
        [-0.60411388,  0.        ,  0.02022708, ...,  0.89421037,
          0.84963857,  0.83884491],
        [-0.62010921, -0.02022708,  0.        , ...,  0.88497283,
          0.83879768,  0.82766227],
        ...,
        [-0.9830242 , -0.89421037, -0.88497283, ...,  0.        ,
         -0.09123751, -0.11127533],
        [-0.99566405, -0.84963857, -0.83879768, ...,  0.09123751,
          0.        , -0.02014033],
        [-0.99733559, -0.83884491, -0.82766227, ...,  0.11127533,
          0.02014033,  0.        ]],

       [[ 0.        , -0.63840847, -0.82757538, ..., -0.88180047,
         -0.87870045, -0.88035368],
        [ 0.63840847,  0.        , -0.27860938, ..., -0.97980774,
         -0.98109309, -0.98041476],
        [ 0.82757538,  0.27860938,  0.        , ..., -0.88530605,
         -0.88832515, -0.88672434],
        ...,
        [ 0.88180047,  0.97980774,  0.88530605, ...,  0.        ,
         -0.0065332 , -0.00305893],
        [ 0.87870045,  0.98109309,  0.88832515, ...,  0.0065332 ,
          0.        ,  0.0034743 ],
        [ 0.88035368,  0.98041476,  0.88672434, ...,  0.00305893,
         -0.0034743 ,  0.        ]],

       [[ 0.        ,  0.28054262,  0.36549688, ...,  0.30568735,
          0.0914731 ,  0.        ],
        [-0.28054262,  0.        ,  0.0896865 , ...,  0.56052502,
          0.36716615,  0.28054262],
        [-0.36549688, -0.0896865 ,  0.        , ...,  0.63253888,
          0.44910886,  0.36549688],
        ...,
        [-0.30568735, -0.56052502, -0.63253888, ...,  0.        ,
          0.2173113 ,  0.30568735],
        [-0.0914731 , -0.36716615, -0.44910886, ..., -0.2173113 ,
          0.        ,  0.0914731 ],
        [-0.        , -0.28054262, -0.36549688, ..., -0.30568735,
         -0.0914731 ,  0.        ]]]), 'num': array([ 8.50523132e-01,  5.25906846e-01,  9.58984598e-05, -1.20077048e-10,
        7.42829030e-05,  7.57093103e-05,  7.36245612e-05,  5.68653727e-03,
       -1.20696002e-06,  7.52484711e-05,  7.52649296e-05,  7.26169325e-05,
        1.10304187e-06,  7.79051229e-05,  7.26247363e-05])}
{'img': array([[[ 0.        , -0.18691592, -0.13875288, ...,  0.78827193,
          0.78827193,  0.61205406],
        [ 0.18691592,  0.        ,  0.04880041, ...,  0.88939378,
          0.88939378,  0.74908326],
        [ 0.13875288, -0.04880041,  0.        , ...,  0.8660254 ,
          0.8660254 ,  0.71586167],
        ...,
        [-0.78827193, -0.88939378, -0.8660254 , ...,  0.        ,
          0.        , -0.24676458],
        [-0.78827193, -0.88939378, -0.8660254 , ...,  0.        ,
          0.        , -0.24676458],
        [-0.61205406, -0.74908326, -0.71586167, ...,  0.24676458,
          0.24676458,  0.        ]],

       [[ 0.        ,  0.24356856, -0.76112846, ...,  0.14206533,
         -0.03762795,  0.48115678],
        [-0.24356856,  0.        , -0.89618493, ..., -0.10331127,
         -0.27989081,  0.25314549],
        [ 0.76112846,  0.89618493,  0.        , ...,  0.84555229,
          0.73618391,  0.97931036],
        ...,
        [-0.14206533,  0.10331127, -0.84555229, ...,  0.        ,
         -0.17921103,  0.35173716],
        [ 0.03762795,  0.27989081, -0.73618391, ...,  0.17921103,
          0.        ,  0.513802  ],
        [-0.48115678, -0.25314549, -0.97931036, ..., -0.35173716,
         -0.513802  ,  0.        ]],

       [[ 0.        ,  0.56231506,  0.74821039, ...,  0.73957248,
          0.75244609,  0.69277495],
        [-0.56231506,  0.        ,  0.24563802, ...,  0.99005084,
          0.99258601,  0.97838726],
        [-0.74821039, -0.24563802,  0.        , ...,  0.99428104,
          0.99203069,  0.99920433],
        ...,
        [-0.73957248, -0.99005084, -0.99428104, ...,  0.        ,
         -0.01933184,  0.06705471],
        [-0.75244609, -0.99258601, -0.99203069, ...,  0.01933184,
          0.        ,  0.0863305 ],
        [-0.69277495, -0.97838726, -0.99920433, ..., -0.06705471,
         -0.0863305 ,  0.        ]],

       ...,

       [[ 0.        ,  0.16545157,  0.87258908, ...,  0.99995494,
          0.99949318,  0.99589609],
        [-0.16545157,  0.        ,  0.77974734, ...,  0.98460284,
          0.98045116,  0.96719653],
        [-0.87258908, -0.77974734,  0.        , ...,  0.48014948,
          0.46042978,  0.4074776 ],
        ...,
        [-0.99995494, -0.98460284, -0.48014948, ...,  0.        ,
         -0.02234396, -0.08104588],
        [-0.99949318, -0.98045116, -0.46042978, ...,  0.02234396,
          0.        , -0.05875519],
        [-0.99589609, -0.96719653, -0.4074776 , ...,  0.08104588,
          0.05875519,  0.        ]],

       [[ 0.        , -0.64457178, -0.86325505, ..., -0.91237258,
         -0.91391422, -0.91391422],
        [ 0.64457178,  0.        , -0.3346371 , ..., -0.96141122,
         -0.96036389, -0.96036389],
        [ 0.86325505,  0.3346371 ,  0.        , ..., -0.81391925,
         -0.81171624, -0.81171624],
        ...,
        [ 0.91237258,  0.96141122,  0.81391925, ...,  0.        ,
          0.00378189,  0.00378189],
        [ 0.91391422,  0.96036389,  0.81171624, ..., -0.00378189,
          0.        ,  0.        ],
        [ 0.91391422,  0.96036389,  0.81171624, ..., -0.00378189,
          0.        ,  0.        ]],

       [[ 0.        ,  0.24159901,  0.42414788, ...,  0.09240353,
          0.        ,  0.        ],
        [-0.24159901,  0.        ,  0.19279264, ...,  0.33023155,
          0.24159901,  0.24159901],
        [-0.42414788, -0.19279264,  0.        , ...,  0.50601321,
          0.42414788,  0.42414788],
        ...,
        [-0.09240353, -0.33023155, -0.50601321, ...,  0.        ,
          0.09240353,  0.09240353],
        [-0.        , -0.24159901, -0.42414788, ..., -0.09240353,
          0.        ,  0.        ],
        [-0.        , -0.24159901, -0.42414788, ..., -0.09240353,
          0.        ,  0.        ]]]), 'num': array([ 8.55113904e-01,  5.18418677e-01,  1.00958089e-04, -1.38037684e-08,
        7.40152180e-05,  7.56797282e-05,  7.40152180e-05,  4.71498023e-03,
       -1.10967343e-06,  7.58572759e-05,  7.61014041e-05,  7.34788758e-05,
        8.69568655e-07,  7.88191753e-05,  7.33836328e-05])}
{'img': array([[[ 0.        ,  0.04880041,  0.09615074, ...,  0.88939378,
          0.74908326,  0.59314477],
        [-0.04880041,  0.        ,  0.04746188, ...,  0.8660254 ,
          0.71586167,  0.55314907],
        [-0.09615074, -0.04746188,  0.        , ...,  0.8413185 ,
          0.68191505,  0.51298605],
        ...,
        [-0.88939378, -0.8660254 , -0.8413185 , ...,  0.        ,
         -0.24676458, -0.44489589],
        [-0.74908326, -0.71586167, -0.68191505, ...,  0.24676458,
          0.        , -0.2101397 ],
        [-0.59314477, -0.55314907, -0.51298605, ...,  0.44489589,
          0.2101397 ,  0.        ]],

       [[ 0.        , -0.89618493, -0.43745885, ..., -0.27989081,
          0.25314549,  0.07160266],
        [ 0.89618493,  0.        ,  0.61179187, ...,  0.73618391,
          0.97931036,  0.92565335],
        [ 0.43745885, -0.61179187,  0.        , ...,  0.16828585,
          0.65084819,  0.50072385],
        ...,
        [ 0.27989081, -0.73618391, -0.16828585, ...,  0.        ,
          0.513802  ,  0.34791323],
        [-0.25314549, -0.97931036, -0.65084819, ..., -0.513802  ,
          0.        , -0.18322529],
        [-0.07160266, -0.92565335, -0.50072385, ..., -0.34791323,
          0.18322529,  0.        ]],

       [[ 0.        ,  0.4219006 ,  0.69080131, ...,  0.88821952,
          0.84297629,  0.88194111],
        [-0.4219006 ,  0.        ,  0.32125657, ...,  0.99912648,
          0.99123952,  0.99847183],
        [-0.69080131, -0.32125657,  0.        , ...,  0.95958981,
          0.98112655,  0.96329863],
        ...,
        [-0.88821952, -0.99912648, -0.95958981, ...,  0.        ,
          0.09053874,  0.01349003],
        [-0.84297629, -0.99123952, -0.98112655, ..., -0.09053874,
          0.        , -0.07709588],
        [-0.88194111, -0.99847183, -0.96329863, ..., -0.01349003,
          0.07709588,  0.        ]],

       ...,

       [[ 0.        ,  0.86672679,  0.91255604, ...,  0.99923947,
          0.99517943,  0.81642848],
        [-0.86672679,  0.        ,  0.10071824, ...,  0.46460725,
          0.4113781 , -0.09326761],
        [-0.91255604, -0.10071824,  0.        , ...,  0.37305702,
          0.3174851 , -0.19307257],
        ...,
        [-0.99923947, -0.46460725, -0.37305702, ...,  0.        ,
         -0.05919091, -0.54517211],
        [-0.99517943, -0.4113781 , -0.3174851 , ...,  0.05919091,
          0.        , -0.49459508],
        [-0.81642848,  0.09326761,  0.19307257, ...,  0.54517211,
          0.49459508,  0.        ]],

       [[ 0.        , -0.70864983, -0.85720277, ..., -0.94515118,
         -0.94515118, -0.94673676],
        [ 0.70864983,  0.        , -0.23986848, ..., -0.89832976,
         -0.89832976, -0.89617123],
        [ 0.85720277,  0.23986848,  0.        , ..., -0.76672393,
         -0.76672393, -0.76357621],
        ...,
        [ 0.94515118,  0.89832976,  0.76672393, ...,  0.        ,
          0.        ,  0.00488889],
        [ 0.94515118,  0.89832976,  0.76672393, ...,  0.        ,
          0.        ,  0.00488889],
        [ 0.94673676,  0.89617123,  0.76357621, ..., -0.00488889,
         -0.00488889,  0.        ]],

       [[ 0.        ,  0.35663767,  0.41619229, ...,  0.        ,
          0.        ,  0.13786654],
        [-0.35663767,  0.        ,  0.06454234, ...,  0.35663767,
          0.35663767,  0.4820329 ],
        [-0.41619229, -0.06454234,  0.        , ...,  0.41619229,
          0.41619229,  0.53757682],
        ...,
        [-0.        , -0.35663767, -0.41619229, ...,  0.        ,
          0.        , -0.13786654],
        [-0.        , -0.35663767, -0.41619229, ...,  0.        ,
          0.        , -0.13786654],
        [-0.13786654, -0.4820329 , -0.53757682, ...,  0.13786654,
          0.13786654,  0.        ]]]), 'num': array([ 9.99993758e-01,  1.90540837e-05,  2.95850504e-04, -3.10827949e-08,
        8.65629072e-05,  8.73312170e-05,  8.57945974e-05,  3.51222593e-03,
        1.15246474e-06,  8.69726724e-05,  8.78754365e-05,  8.48726256e-05,
        1.15170704e-06,  9.08718174e-05,  8.48790555e-05])}
{'img': array([[[ 0.        ,  0.04746188,  0.20432594, ...,  0.71586167,
          0.55314907,  0.70062927],
        [-0.04746188,  0.        ,  0.15763511, ...,  0.68191505,
          0.51298605,  0.66597444],
        [-0.20432594, -0.15763511,  0.        , ...,  0.5580901 ,
          0.37125891,  0.54005626],
        ...,
        [-0.71586167, -0.68191505, -0.5580901 , ...,  0.        ,
         -0.2101397 , -0.02157668],
        [-0.55314907, -0.51298605, -0.37125891, ...,  0.2101397 ,
          0.        ,  0.18899588],
        [-0.70062927, -0.66597444, -0.54005626, ...,  0.02157668,
         -0.18899588,  0.        ]],

       [[ 0.        ,  0.61179187,  0.49846384, ...,  0.97931036,
          0.92565335,  0.74922278],
        [-0.61179187,  0.        , -0.13607453, ...,  0.65084819,
          0.50072385,  0.18744847],
        [-0.49846384,  0.13607453,  0.        , ...,  0.74810325,
          0.6138535 ,  0.31936747],
        ...,
        [-0.97931036, -0.65084819, -0.74810325, ...,  0.        ,
         -0.18322529, -0.49699918],
        [-0.92565335, -0.50072385, -0.6138535 , ...,  0.18322529,
          0.        , -0.32959152],
        [-0.74922278, -0.18744847, -0.31936747, ...,  0.49699918,
          0.32959152,  0.        ]],

       [[ 0.        ,  0.32125657,  0.48030296, ...,  0.99123952,
          0.99847183,  0.99629729],
        [-0.32125657,  0.        ,  0.17306816, ...,  0.98112655,
          0.96329863,  0.9158657 ],
        [-0.48030296, -0.17306816,  0.        , ...,  0.93285557,
          0.90230527,  0.83256092],
        ...,
        [-0.99123952, -0.98112655, -0.93285557, ...,  0.        ,
         -0.07709588, -0.21680939],
        [-0.99847183, -0.96329863, -0.90230527, ...,  0.07709588,
          0.        , -0.14090202],
        [-0.99629729, -0.9158657 , -0.83256092, ...,  0.21680939,
          0.14090202,  0.        ]],

       ...,

       [[ 0.        ,  0.13787452,  0.08106394, ...,  0.51306699,
         -0.13938973,  0.24974697],
        [-0.13787452,  0.        , -0.05713101, ...,  0.38982265,
         -0.27458705,  0.11385638],
        [-0.08106394,  0.05713101,  0.        , ...,  0.44179732,
         -0.21920355,  0.17042991],
        ...,
        [-0.51306699, -0.38982265, -0.44179732, ...,  0.        ,
         -0.6277032 , -0.28243852],
        [ 0.13938973,  0.27458705,  0.21920355, ...,  0.6277032 ,
          0.        ,  0.38228147],
        [-0.24974697, -0.11385638, -0.17042991, ...,  0.28243852,
         -0.38228147,  0.        ]],

       [[ 0.        , -0.6300955 , -0.79483428, ..., -0.97761831,
         -0.97876964, -0.97607805],
        [ 0.6300955 ,  0.        , -0.23484418, ..., -0.89170141,
         -0.88917842, -0.89493746],
        [ 0.79483428,  0.23484418,  0.        , ..., -0.76046708,
         -0.75685534, -0.76512327],
        ...,
        [ 0.97761831,  0.89170141,  0.76046708, ...,  0.        ,
          0.00554387, -0.0072006 ],
        [ 0.97876964,  0.88917842,  0.75685534, ..., -0.00554387,
          0.        , -0.01274422],
        [ 0.97607805,  0.89493746,  0.76512327, ...,  0.0072006 ,
          0.01274422,  0.        ]],

       [[ 0.        ,  0.22484279,  0.30177089, ...,  0.17963767,
          0.22680869,  0.        ],
        [-0.22484279,  0.        ,  0.07968334, ...,  0.3962233 ,
          0.4399845 ,  0.22484279],
        [-0.30177089, -0.07968334,  0.        , ...,  0.46812499,
          0.51014152,  0.30177089],
        ...,
        [-0.17963767, -0.3962233 , -0.46812499, ...,  0.        ,
         -0.04816296,  0.17963767],
        [-0.22680869, -0.4399845 , -0.51014152, ...,  0.04816296,
          0.        ,  0.22680869],
        [-0.        , -0.22484279, -0.30177089, ..., -0.17963767,
         -0.22680869,  0.        ]]]), 'num': array([9.85152387e-01, 1.71667255e-01, 2.40320571e-04, 2.28185166e-09,
       8.53246415e-05, 8.60808422e-05, 8.44424074e-05, 2.23860603e-03,
       1.26033444e-07, 8.53246415e-05, 8.64589425e-05, 8.36126872e-05,
       1.19809570e-06, 8.94435677e-05, 8.34743173e-05])}
{'img': array([[[ 0.00000000e+00,  1.57635106e-01,  0.00000000e+00, ...,
          5.12986049e-01,  6.65974436e-01,  6.81915052e-01],
        [-1.57635106e-01,  0.00000000e+00, -1.57635106e-01, ...,
          3.71258911e-01,  5.40056264e-01,  5.58090098e-01],
        [ 0.00000000e+00,  1.57635106e-01,  0.00000000e+00, ...,
          5.12986049e-01,  6.65974436e-01,  6.81915052e-01],
        ...,
        [-5.12986049e-01, -3.71258911e-01, -5.12986049e-01, ...,
          0.00000000e+00,  1.88995876e-01,  2.10139703e-01],
        [-6.65974436e-01, -5.40056264e-01, -6.65974436e-01, ...,
         -1.88995876e-01,  0.00000000e+00,  2.15766838e-02],
        [-6.81915052e-01, -5.58090098e-01, -6.81915052e-01, ...,
         -2.10139703e-01, -2.15766838e-02,  0.00000000e+00]],

       [[ 0.00000000e+00, -1.45483606e-01, -5.86418692e-01, ...,
          5.14383277e-01,  1.95219488e-01, -9.90404455e-02],
        [ 1.45483606e-01,  0.00000000e+00, -4.62336687e-01, ...,
          6.33671559e-01,  3.35826922e-01,  4.67816016e-02],
        [ 5.86418692e-01,  4.62336687e-01,  0.00000000e+00, ...,
          9.19544069e-01,  7.33265115e-01,  5.03311948e-01],
        ...,
        [-5.14383277e-01, -6.33671559e-01, -9.19544069e-01, ...,
          0.00000000e+00, -3.37073823e-01, -5.96787429e-01],
        [-1.95219488e-01, -3.35826922e-01, -7.33265115e-01, ...,
          3.37073823e-01,  0.00000000e+00, -2.91394539e-01],
        [ 9.90404455e-02, -4.67816016e-02, -5.03311948e-01, ...,
          5.96787429e-01,  2.91394539e-01,  0.00000000e+00]],

       [[ 0.00000000e+00,  1.73068162e-01,  1.50330762e-01, ...,
          9.63298626e-01,  9.15865704e-01,  8.87363253e-01],
        [-1.73068162e-01,  0.00000000e+00, -2.30391248e-02, ...,
          9.02305266e-01,  8.32560924e-01,  7.94176099e-01],
        [-1.50330762e-01,  2.30391248e-02,  0.00000000e+00, ...,
          9.11997875e-01,  8.45102075e-01,  8.07965888e-01],
        ...,
        [-9.63298626e-01, -9.02305266e-01, -9.11997875e-01, ...,
          0.00000000e+00, -1.40902022e-01, -2.05952328e-01],
        [-9.15865704e-01, -8.32560924e-01, -8.45102075e-01, ...,
          1.40902022e-01,  0.00000000e+00, -6.60162856e-02],
        [-8.87363253e-01, -7.94176099e-01, -8.07965888e-01, ...,
          2.05952328e-01,  6.60162856e-02,  0.00000000e+00]],

       ...,

       [[ 0.00000000e+00, -5.71310068e-02,  3.77267411e-01, ...,
         -2.74587051e-01,  1.13856381e-01,  2.54160366e-01],
        [ 5.71310068e-02,  0.00000000e+00,  4.29560491e-01, ...,
         -2.19203546e-01,  1.70429915e-01,  3.09000187e-01],
        [-3.77267411e-01, -4.29560491e-01,  0.00000000e+00, ...,
         -6.17062366e-01, -2.69371232e-01, -1.29499712e-01],
        ...,
        [ 2.74587051e-01,  2.19203546e-01,  6.17062366e-01, ...,
          0.00000000e+00,  3.82281469e-01,  5.09961198e-01],
        [-1.13856381e-01, -1.70429915e-01,  2.69371232e-01, ...,
         -3.82281469e-01,  0.00000000e+00,  1.42390041e-01],
        [-2.54160366e-01, -3.09000187e-01,  1.29499712e-01, ...,
         -5.09961198e-01, -1.42390041e-01,  0.00000000e+00]],

       [[ 0.00000000e+00, -5.87860805e-01, -9.04062798e-01, ...,
         -9.94477564e-01, -9.92897433e-01, -9.92979480e-01],
        [ 5.87860805e-01,  0.00000000e+00, -4.80101037e-01, ...,
         -8.66190290e-01, -8.73156230e-01, -8.72818900e-01],
        [ 9.04062798e-01,  4.80101037e-01,  0.00000000e+00, ...,
         -5.19920201e-01, -5.31923500e-01, -5.31337719e-01],
        ...,
        [ 9.94477564e-01,  8.66190290e-01,  5.19920201e-01, ...,
          0.00000000e+00, -1.41124632e-02, -1.34209139e-02],
        [ 9.92897433e-01,  8.73156230e-01,  5.31923500e-01, ...,
          1.41124632e-02,  0.00000000e+00,  6.91614767e-04],
        [ 9.92979480e-01,  8.72818900e-01,  5.31337719e-01, ...,
          1.34209139e-02, -6.91614767e-04,  0.00000000e+00]],

       [[ 0.00000000e+00,  2.05234195e-01,  4.90432129e-01, ...,
          2.28255095e-01,  0.00000000e+00,  1.34591689e-01],
        [-2.05234195e-01,  0.00000000e+00,  3.01134876e-01, ...,
          4.23212496e-01,  2.05234195e-01,  3.35093420e-01],
        [-4.90432129e-01, -3.01134876e-01,  0.00000000e+00, ...,
          6.76405000e-01,  4.90432129e-01,  6.03263641e-01],
        ...,
        [-2.28255095e-01, -4.23212496e-01, -6.76405000e-01, ...,
          0.00000000e+00,  2.28255095e-01,  9.51395832e-02],
        [-0.00000000e+00, -2.05234195e-01, -4.90432129e-01, ...,
         -2.28255095e-01,  0.00000000e+00, -1.34591689e-01],
        [-1.34591689e-01, -3.35093420e-01, -6.03263641e-01, ...,
         -9.51395832e-02,  1.34591689e-01,  0.00000000e+00]]]), 'num': array([9.41599076e-01, 3.36726160e-01, 1.77903799e-04, 4.38306474e-09,
       8.17064591e-05, 8.17064591e-05, 8.00242673e-05, 2.56666422e-03,
       3.60469672e-07, 8.11537389e-05, 8.24273984e-05, 7.97899620e-05,
       1.11030743e-06, 8.52728518e-05, 7.95819450e-05])}
{'img': array([[[ 0.00000000e+00, -1.57635106e-01, -4.41847314e-02, ...,
          5.40056264e-01,  5.58090098e-01,  6.11267079e-01],
        [ 1.57635106e-01,  0.00000000e+00,  1.13848847e-01, ...,
          6.65974436e-01,  6.81915052e-01,  7.28380936e-01],
        [ 4.41847314e-02, -1.13848847e-01,  0.00000000e+00, ...,
          5.76715981e-01,  5.94208677e-01,  6.45638976e-01],
        ...,
        [-5.40056264e-01, -6.65974436e-01, -5.76715981e-01, ...,
          0.00000000e+00,  2.15766838e-02,  8.70463518e-02],
        [-5.58090098e-01, -6.81915052e-01, -5.94208677e-01, ...,
         -2.15766838e-02,  0.00000000e+00,  6.55313027e-02],
        [-6.11267079e-01, -7.28380936e-01, -6.45638976e-01, ...,
         -8.70463518e-02, -6.55313027e-02,  0.00000000e+00]],

       [[ 0.00000000e+00, -4.62336687e-01, -1.71362175e-01, ...,
          3.35826922e-01,  4.67816016e-02,  1.69454226e-01],
        [ 4.62336687e-01,  0.00000000e+00,  3.03550246e-01, ...,
          7.33265115e-01,  5.03311948e-01,  6.05906218e-01],
        [ 1.71362175e-01, -3.03550246e-01,  0.00000000e+00, ...,
          4.92269500e-01,  2.17264171e-01,  3.35831622e-01],
        ...,
        [-3.35826922e-01, -7.33265115e-01, -4.92269500e-01, ...,
          0.00000000e+00, -2.91394539e-01, -1.71357259e-01],
        [-4.67816016e-02, -5.03311948e-01, -2.17264171e-01, ...,
          2.91394539e-01,  0.00000000e+00,  1.23163649e-01],
        [-1.69454226e-01, -6.05906218e-01, -3.35831622e-01, ...,
          1.71357259e-01, -1.23163649e-01,  0.00000000e+00]],

       [[ 0.00000000e+00, -2.30391248e-02,  2.84611505e-02, ...,
          8.32560924e-01,  7.94176099e-01,  7.64999206e-01],
        [ 2.30391248e-02,  0.00000000e+00,  5.14833875e-02, ...,
          8.45102075e-01,  8.07965888e-01,  7.79634064e-01],
        [-2.84611505e-02, -5.14833875e-02,  0.00000000e+00, ...,
          8.16458069e-01,  7.76558887e-01,  7.46359435e-01],
        ...,
        [-8.32560924e-01, -8.45102075e-01, -8.16458069e-01, ...,
          0.00000000e+00, -6.60162856e-02, -1.12436551e-01],
        [-7.94176099e-01, -8.07965888e-01, -7.76558887e-01, ...,
          6.60162856e-02,  0.00000000e+00, -4.65936056e-02],
        [-7.64999206e-01, -7.79634064e-01, -7.46359435e-01, ...,
          1.12436551e-01,  4.65936056e-02,  0.00000000e+00]],

       ...,

       [[ 0.00000000e+00,  4.29560491e-01,  6.05171874e-01, ...,
          1.70429915e-01,  3.09000187e-01,  2.39000083e-01],
        [-4.29560491e-01,  0.00000000e+00,  2.04522358e-01, ...,
         -2.69371232e-01, -1.29499712e-01, -2.01285455e-01],
        [-6.05171874e-01, -2.04522358e-01,  0.00000000e+00, ...,
         -4.60639712e-01, -3.29562502e-01, -3.97366984e-01],
        ...,
        [-1.70429915e-01,  2.69371232e-01,  4.60639712e-01, ...,
          0.00000000e+00,  1.42390041e-01,  7.00126861e-02],
        [-3.09000187e-01,  1.29499712e-01,  3.29562502e-01, ...,
         -1.42390041e-01,  0.00000000e+00, -7.27413299e-02],
        [-2.39000083e-01,  2.01285455e-01,  3.97366984e-01, ...,
         -7.00126861e-02,  7.27413299e-02,  0.00000000e+00]],

       [[ 0.00000000e+00, -8.15936076e-01, -9.99838062e-01, ...,
         -9.99663723e-01, -9.99683130e-01, -9.99683130e-01],
        [ 8.15936076e-01,  0.00000000e+00, -5.63365065e-01, ...,
         -5.99106129e-01, -5.98497846e-01, -5.98497846e-01],
        [ 9.99838062e-01,  5.63365065e-01,  0.00000000e+00, ...,
         -4.39170350e-02, -4.31582530e-02, -4.31582530e-02],
        ...,
        [ 9.99663723e-01,  5.99106129e-01,  4.39170350e-02, ...,
          0.00000000e+00,  7.59502065e-04,  7.59502065e-04],
        [ 9.99683130e-01,  5.98497846e-01,  4.31582530e-02, ...,
         -7.59502065e-04,  0.00000000e+00,  0.00000000e+00],
