state_0,state_1,state_2,state_3,state_4,state_5,state_6,state_7,state_8,state_9,state_10,state_11,state_12,state_13,state_14,state_15,state_16,state_17,state_18,state_19,state_20,state_21,state_22,state_23,state_24,state_25,state_26,state_27,state_28,state_29,state_30,state_31,state_32,state_33,state_34,state_35,state_36,state_37,state_38,state_39,state_40,state_41,state_42,state_43,state_44,state_45,state_46,state_47,state_48,state_49,state_50,state_51,state_52,state_53,state_54,state_55,state_56,state_57,state_58,state_59,state_60,state_61,state_62,state_63,state_64,state_65,state_66,state_67,state_68,state_69,state_70,state_71,state_72,state_73,state_74,state_75,state_76,state_77,state_78,state_79,state_80,state_81,state_82,state_83,state_84,state_85,state_86,state_87,state_88,state_89,state_90,state_91,state_92,state_93,state_94,state_95,state_96,state_97,state_98,state_99,state_100,state_101,state_102,state_103,state_104,state_105,state_106,state_107,state_108,state_109,state_110,state_111,state_112,state_113,state_114,state_115,state_116,state_117,state_118,state_119,state_120,state_121,state_122,state_123,state_124,state_125,state_126,state_127,state_128,state_129,state_130,state_131,state_132,state_133,state_134,state_135,state_136,state_137,state_138,state_139,state_140,state_141,state_142,state_143,state_144,state_145,state_146,state_147,state_148,state_149,state_150,state_151,state_152,state_153,state_154,state_155,state_156,state_157,state_158,state_159,state_160,state_161,state_162,state_163,state_164,state_165,state_166,state_167,state_168,state_169,state_170,state_171,state_172,state_173,state_174,state_175,state_176,state_177,state_178,state_179,state_180,state_181,state_182,state_183,state_184,state_185,state_186,state_187,state_188,state_189,state_190,state_191,state_192,state_193,state_194,state_195,state_196,state_197,state_198,state_199,state_200,state_201,state_202,state_203,state_204,state_205,state_206,state_207,state_208,state_209,state_210,state_211,state_212,state_213,state_214,state_215,state_216,state_217,state_218,state_219,state_220,state_221,state_222,state_223,state_224,state_225,state_226,state_227,state_228,state_229,state_230,state_231,state_232,state_233,state_234,state_235,state_236,state_237,state_238,state_239,state_240,state_241,state_242,state_243,state_244,state_245,state_246,state_247,state_248,state_249,state_250,state_251,state_252,state_253,state_254,state_255,state_256,state_257,state_258,state_259,state_260,state_261,state_262,state_263,state_264,state_265,state_266,state_267,state_268,state_269,state_270,state_271,state_272,state_273,state_274,state_275,state_276,state_277,state_278,state_279,state_280,state_281,state_282,state_283,state_284,state_285,state_286,state_287
{'img': array([[[ 0.        , -0.84679785, -0.75565147, ..., -0.9942256 ,
         -0.69239465, -0.97233828],
        [ 0.84679785,  0.        ,  0.15268828, ..., -0.61971334,
         -0.97927572, -0.71499377],
        [ 0.75565147, -0.15268828,  0.        , ..., -0.73228091,
         -0.99871733, -0.81335912],
        ...,
        [ 0.9942256 ,  0.61971334,  0.73228091, ...,  0.        ,
         -0.64305168, -0.1278866 ],
        [ 0.69239465,  0.97927572,  0.99871733, ...,  0.64305168,
          0.        ,  0.53983298],
        [ 0.97233828,  0.71499377,  0.81335912, ...,  0.1278866 ,
         -0.53983298,  0.        ]],

       [[ 0.        ,  0.95376121, -0.29858366, ..., -0.96294184,
         -0.96053645, -0.95783635],
        [-0.95376121,  0.        , -0.99999784, ..., -0.54666511,
         -0.55399667, -0.56192175],
        [ 0.29858366,  0.99999784,  0.        , ..., -0.83848503,
         -0.83366782, -0.8283558 ],
        ...,
        [ 0.96294184,  0.54666511,  0.83848503, ...,  0.        ,
          0.00878083,  0.0183298 ],
        [ 0.96053645,  0.55399667,  0.83366782, ..., -0.00878083,
          0.        ,  0.00954974],
        [ 0.95783635,  0.56192175,  0.8283558 , ..., -0.0183298 ,
         -0.00954974,  0.        ]],

       [[ 0.        , -0.28480667, -0.45856969, ..., -0.99902007,
         -0.96299022, -0.6147367 ],
        [ 0.28480667,  0.        , -0.18648217, ..., -0.94504021,
         -0.99987371, -0.81391361],
        [ 0.45856969,  0.18648217,  0.        , ..., -0.86749153,
         -0.97937059, -0.90797973],
        ...,
        [ 0.99902007,  0.94504021,  0.86749153, ...,  0.        ,
         -0.31189372, -0.81516746],
        [ 0.96299022,  0.99987371,  0.97937059, ...,  0.31189372,
          0.        , -0.59384771],
        [ 0.6147367 ,  0.81391361,  0.90797973, ...,  0.81516746,
          0.59384771,  0.        ]],

       ...,

       [[ 0.        , -0.74625313, -0.67064614, ..., -0.96544391,
         -0.66182755, -0.98193597],
        [ 0.74625313,  0.        ,  0.1071299 , ..., -0.44817787,
         -0.99998686, -0.79483892],
        [ 0.67064614, -0.1071299 ,  0.        , ..., -0.54136679,
         -0.99368272, -0.85527326],
        ...,
        [ 0.96544391,  0.44817787,  0.54136679, ...,  0.        ,
         -0.89623043, -0.4385783 ],
        [ 0.66182755,  0.99998686,  0.99368272, ...,  0.89623043,
          0.        ,  0.61088758],
        [ 0.98193597,  0.79483892,  0.85527326, ...,  0.4385783 ,
         -0.61088758,  0.        ]],

       [[ 0.        , -0.01493895, -0.05079711, ...,  0.12708504,
          0.07034222, -0.13494342],
        [ 0.01493895,  0.        , -0.03587178, ...,  0.14188868,
          0.08523632, -0.12012606],
        [ 0.05079711,  0.03587178,  0.        , ...,  0.1773062 ,
          0.12092269, -0.08443673],
        ...,
        [-0.12708504, -0.14188868, -0.1773062 , ...,  0.        ,
         -0.05699836, -0.2597719 ],
        [-0.07034222, -0.08523632, -0.12092269, ...,  0.05699836,
          0.        , -0.20430798],
        [ 0.13494342,  0.12012606,  0.08443673, ...,  0.2597719 ,
          0.20430798,  0.        ]],

       [[ 0.        , -0.03783837, -0.05240179, ..., -0.29242443,
         -0.61279201, -0.93432804],
        [ 0.03783837,  0.        , -0.01457788, ..., -0.25603061,
         -0.58245162, -0.92017281],
        [ 0.05240179,  0.01457788,  0.        , ..., -0.24191143,
         -0.57053987, -0.91436761],
        ...,
        [ 0.29242443,  0.25603061,  0.24191143, ...,  0.        ,
         -0.35491931, -0.78926306],
        [ 0.61279201,  0.58245162,  0.57053987, ...,  0.35491931,
          0.        , -0.51993956],
        [ 0.93432804,  0.92017281,  0.91436761, ...,  0.78926306,
          0.51993956,  0.        ]]]), 'num': array([ 7.07103054e-01,  7.07103054e-01,  0.00000000e+00,  0.00000000e+00,
        8.85300606e-04,  9.01414215e-04,  8.75822013e-04,  1.85240147e-03,
       -9.47859321e-07,  8.84163175e-04,  9.80370896e-04,  1.02394083e-03,
        4.47889569e-07,  1.11144185e-03,  8.49299944e-04])}
{'img': array([[[ 0.        ,  0.15268828,  0.17767494, ..., -0.97927572,
         -0.71499377, -0.72321679],
        [-0.15268828,  0.        ,  0.0253327 , ..., -0.99871733,
         -0.81335912, -0.82018639],
        [-0.17767494, -0.0253327 ,  0.        , ..., -0.99967949,
         -0.8278357 , -0.83441592],
        ...,
        [ 0.97927572,  0.99871733,  0.99967949, ...,  0.        ,
          0.53983298,  0.52983417],
        [ 0.71499377,  0.81335912,  0.8278357 , ..., -0.53983298,
          0.        , -0.01183339],
        [ 0.72321679,  0.82018639,  0.83441592, ..., -0.52983417,
          0.01183339,  0.        ]],

       [[ 0.        , -0.99999784, -0.88885139, ..., -0.55399667,
         -0.56192175, -0.57619486],
        [ 0.99999784,  0.        , -0.46004088, ..., -0.83366782,
         -0.8283558 , -0.81850742],
        [ 0.88885139,  0.46004088,  0.        , ..., -0.48614673,
         -0.47777926, -0.46245927],
        ...,
        [ 0.55399667,  0.83366782,  0.48614673, ...,  0.        ,
          0.00954974,  0.02690478],
        [ 0.56192175,  0.8283558 ,  0.47777926, ..., -0.00954974,
          0.        ,  0.01735727],
        [ 0.57619486,  0.81850742,  0.46245927, ..., -0.02690478,
         -0.01735727,  0.        ]],

       [[ 0.        , -0.18031357, -0.30028576, ..., -0.99162364,
         -0.98119883, -0.79849104],
        [ 0.18031357,  0.        , -0.12337186, ..., -0.95208064,
         -0.99991663, -0.89395309],
        [ 0.30028576,  0.12337186,  0.        , ..., -0.9070743 ,
         -0.99387085, -0.94241415],
        ...,
        [ 0.99162364,  0.95208064,  0.9070743 , ...,  0.        ,
         -0.31811561, -0.70009795],
        [ 0.98119883,  0.99991663,  0.99387085, ...,  0.31811561,
          0.        , -0.43657977],
        [ 0.79849104,  0.89395309,  0.94241415, ...,  0.70009795,
          0.43657977,  0.        ]],

       ...,

       [[ 0.        ,  0.1071299 ,  0.16046202, ..., -0.99998686,
         -0.79483892, -0.79678113],
        [-0.1071299 ,  0.        ,  0.05379686, ..., -0.99368272,
         -0.85527326, -0.85693086],
        [-0.16046202, -0.05379686,  0.        , ..., -0.98620637,
         -0.88191105, -0.88341852],
        ...,
        [ 0.99998686,  0.99368272,  0.98620637, ...,  0.        ,
          0.61088758,  0.6083451 ],
        [ 0.79483892,  0.85527326,  0.88191105, ..., -0.61088758,
          0.        , -0.00320738],
        [ 0.79678113,  0.85693086,  0.88341852, ..., -0.6083451 ,
          0.00320738,  0.        ]],

       [[ 0.        , -0.03587178, -0.02708139, ...,  0.08523632,
         -0.12012606, -0.30022105],
        [ 0.03587178,  0.        ,  0.00879466, ...,  0.12092269,
         -0.08443673, -0.26581083],
        [ 0.02708139, -0.00879466,  0.        , ...,  0.11218789,
         -0.09319672, -0.27427883],
        ...,
        [-0.08523632, -0.12092269, -0.11218789, ...,  0.        ,
         -0.20430798, -0.38043282],
        [ 0.12012606,  0.08443673,  0.09319672, ...,  0.20430798,
          0.        , -0.18346245],
        [ 0.30022105,  0.26581083,  0.27427883, ...,  0.38043282,
          0.18346245,  0.        ]],

       [[ 0.        , -0.01317434, -0.00149048, ..., -0.49699804,
         -0.68453159, -0.95283536],
        [ 0.01317434,  0.        ,  0.01168398, ..., -0.48552286,
         -0.67486831, -0.94875442],
        [ 0.00149048, -0.01168398,  0.        , ..., -0.49570413,
         -0.6834443 , -0.95238196],
        ...,
        [ 0.49699804,  0.48552286,  0.49570413, ...,  0.        ,
         -0.2317002 , -0.67599168],
        [ 0.68453159,  0.67486831,  0.6834443 , ...,  0.2317002 ,
          0.        , -0.48685406],
        [ 0.95283536,  0.94875442,  0.95238196, ...,  0.67599168,
          0.48685406,  0.        ]]]), 'num': array([ 8.40792330e-01,  5.41345598e-01,  6.15512297e-06, -1.09375691e-10,
        1.08103513e-03,  1.09103443e-03,  1.05103724e-03,  1.79785142e-03,
        4.33302880e-05,  1.04414884e-03,  1.14408626e-03,  1.19904536e-03,
        7.78034332e-07,  1.29968623e-03,  9.88486292e-04])}
{'img': array([[[ 0.        ,  0.0253327 , -0.11440323, ..., -0.81335912,
         -0.82018639, -0.56003642],
        [-0.0253327 ,  0.        , -0.13953289, ..., -0.8278357 ,
         -0.83441592, -0.58084402],
        [ 0.11440323,  0.13953289,  0.        , ..., -0.74146349,
         -0.74935169, -0.46158003],
        ...,
        [ 0.81335912,  0.8278357 ,  0.74146349, ...,  0.        ,
         -0.01183339,  0.34803413],
        [ 0.82018639,  0.83441592,  0.74935169, ...,  0.01183339,
          0.        ,  0.35910335],
        [ 0.56003642,  0.58084402,  0.46158003, ..., -0.34803413,
         -0.35910335,  0.        ]],

       [[ 0.        , -0.52426193, -0.91378827, ..., -0.89267344,
         -0.8839444 , -0.93915093],
        [ 0.52426193,  0.        , -0.56519247, ..., -0.5238754 ,
         -0.50758841, -0.61965413],
        [ 0.91378827,  0.56519247,  0.        , ...,  0.0492523 ,
          0.06822999, -0.06758386],
        ...,
        [ 0.89267344,  0.5238754 , -0.0492523 , ...,  0.        ,
          0.01900966, -0.11664153],
        [ 0.8839444 ,  0.50758841, -0.06822999, ..., -0.01900966,
          0.        , -0.13550035],
        [ 0.93915093,  0.61965413,  0.06758386, ...,  0.11664153,
          0.13550035,  0.        ]],

       [[ 0.        , -0.12337186, -0.25635648, ..., -0.99991663,
         -0.89395309, -0.99270293],
        [ 0.12337186,  0.        , -0.13514899, ..., -0.99387085,
         -0.94241415, -0.99999606],
        [ 0.25635648,  0.13514899,  0.        , ..., -0.96981199,
         -0.9789681 , -0.99044199],
        ...,
        [ 0.99991663,  0.99387085,  0.96981199, ...,  0.        ,
         -0.43657977, -0.10775703],
        [ 0.89395309,  0.94241415,  0.9789681 , ...,  0.43657977,
          0.        ,  0.33709239],
        [ 0.99270293,  0.99999606,  0.99044199, ...,  0.10775703,
         -0.33709239,  0.        ]],

       ...,

       [[ 0.        ,  0.05379686, -0.18116447, ..., -0.85527326,
         -0.85693086, -0.54885278],
        [-0.05379686,  0.        , -0.2338088 , ..., -0.88191105,
         -0.88341852, -0.59302781],
        [ 0.18116447,  0.2338088 ,  0.        , ..., -0.74724559,
         -0.74937321, -0.38833198],
        ...,
        [ 0.85527326,  0.88191105,  0.74724559, ...,  0.        ,
         -0.00320738,  0.43053618],
        [ 0.85693086,  0.88341852,  0.74937321, ...,  0.00320738,
          0.        ,  0.43342886],
        [ 0.54885278,  0.59302781,  0.38833198, ..., -0.43053618,
         -0.43342886,  0.        ]],

       [[ 0.        ,  0.00879466, -0.00970655, ..., -0.08443673,
         -0.26581083, -0.36372958],
        [-0.00879466,  0.        , -0.01850043, ..., -0.09319672,
         -0.27427883, -0.37190778],
        [ 0.00970655,  0.01850043,  0.        , ..., -0.07476086,
         -0.25644095, -0.35467075],
        ...,
        [ 0.08443673,  0.09319672,  0.07476086, ...,  0.        ,
         -0.18346245, -0.28377745],
        [ 0.26581083,  0.27427883,  0.25644095, ...,  0.18346245,
          0.        , -0.10304048],
        [ 0.36372958,  0.37190778,  0.35467075, ...,  0.28377745,
          0.10304048,  0.        ]],

       [[ 0.        ,  0.0111881 ,  0.03676384, ..., -0.62562771,
         -0.80822456, -0.96111518],
        [-0.0111881 ,  0.        ,  0.025581  , ..., -0.63431664,
         -0.81476236, -0.96414459],
        [-0.03676384, -0.025581  ,  0.        , ..., -0.65388504,
         -0.82932747, -0.9706177 ],
        ...,
        [ 0.62562771,  0.63431664,  0.65388504, ...,  0.        ,
         -0.26209742, -0.57702114],
        [ 0.80822456,  0.81476236,  0.82932747, ...,  0.26209742,
          0.        , -0.34278667],
        [ 0.96111518,  0.96414459,  0.9706177 , ...,  0.57702114,
          0.34278667,  0.        ]]]), 'num': array([8.07327533e-01, 5.90092044e-01, 4.37093540e-06, 3.02994370e-08,
       1.05454121e-03, 1.06090665e-03, 1.02589673e-03, 2.10258967e-03,
       2.22790397e-05, 1.00701259e-03, 1.08875545e-03, 1.14378114e-03,
       8.28301449e-07, 1.23722914e-03, 9.40281763e-04])}
{'img': array([[[ 0.00000000e+00, -1.39532888e-01, -3.30643808e-01, ...,
         -8.34415915e-01, -5.80844019e-01, -4.45836198e-01],
        [ 1.39532888e-01,  0.00000000e+00, -1.95724317e-01, ...,
         -7.49351694e-01, -4.61580029e-01, -3.16576857e-01],
        [ 3.30643808e-01,  1.95724317e-01,  0.00000000e+00, ...,
         -6.05255248e-01, -2.79025828e-01, -1.24796330e-01],
        ...,
        [ 8.34415915e-01,  7.49351694e-01,  6.05255248e-01, ...,
          0.00000000e+00,  3.59103349e-01,  5.01181788e-01],
        [ 5.80844019e-01,  4.61580029e-01,  2.79025828e-01, ...,
         -3.59103349e-01,  0.00000000e+00,  1.57004642e-01],
        [ 4.45836198e-01,  3.16576857e-01,  1.24796330e-01, ...,
         -5.01181788e-01, -1.57004642e-01,  0.00000000e+00]],

       [[ 0.00000000e+00, -5.65192469e-01, -4.57862161e-02, ...,
         -5.07588409e-01, -6.19654131e-01, -4.98863916e-01],
        [ 5.65192469e-01,  0.00000000e+00,  5.26827975e-01, ...,
          6.82299868e-02, -6.75838611e-02,  7.82988809e-02],
        [ 4.57862161e-02, -5.26827975e-01,  0.00000000e+00, ...,
         -4.67606692e-01, -5.83067819e-01, -4.58658726e-01],
        ...,
        [ 5.07588409e-01, -6.82299868e-02,  4.67606692e-01, ...,
          0.00000000e+00, -1.35500350e-01,  1.00958988e-02],
        [ 6.19654131e-01,  6.75838611e-02,  5.83067819e-01, ...,
          1.35500350e-01,  0.00000000e+00,  1.45496232e-01],
        [ 4.98863916e-01, -7.82988809e-02,  4.58658726e-01, ...,
         -1.00958988e-02, -1.45496232e-01,  0.00000000e+00]],

       [[ 0.00000000e+00, -1.35148986e-01, -4.09014298e-01, ...,
         -9.42414149e-01, -9.99996060e-01, -9.82221990e-01],
        [ 1.35148986e-01,  0.00000000e+00, -2.81934478e-01, ...,
         -9.78968100e-01, -9.90441993e-01, -9.47839799e-01],
        [ 4.09014298e-01,  2.81934478e-01,  0.00000000e+00, ...,
         -9.96773354e-01, -9.11376193e-01, -8.19523610e-01],
        ...,
        [ 9.42414149e-01,  9.78968100e-01,  9.96773354e-01, ...,
          0.00000000e+00,  3.37092390e-01,  5.05415245e-01],
        [ 9.99996060e-01,  9.90441993e-01,  9.11376193e-01, ...,
         -3.37092390e-01,  0.00000000e+00,  1.84965067e-01],
        [ 9.82221990e-01,  9.47839799e-01,  8.19523610e-01, ...,
         -5.05415245e-01, -1.84965067e-01,  0.00000000e+00]],

       ...,

       [[ 0.00000000e+00, -2.33808800e-01, -2.58708340e-01, ...,
         -8.83418524e-01, -5.93027807e-01, -4.82350543e-01],
        [ 2.33808800e-01,  0.00000000e+00, -2.56887241e-02, ...,
         -7.49373206e-01, -3.88331983e-01, -2.64169606e-01],
        [ 2.58708340e-01,  2.56887241e-02,  0.00000000e+00, ...,
         -7.32116172e-01, -3.64531168e-01, -2.39306264e-01],
        ...,
        [ 8.83418524e-01,  7.49373206e-01,  7.32116172e-01, ...,
          0.00000000e+00,  4.33428862e-01,  5.47833312e-01],
        [ 5.93027807e-01,  3.88331983e-01,  3.64531168e-01, ...,
         -4.33428862e-01,  0.00000000e+00,  1.31099516e-01],
        [ 4.82350543e-01,  2.64169606e-01,  2.39306264e-01, ...,
         -5.47833312e-01, -1.31099516e-01,  0.00000000e+00]],

       [[ 0.00000000e+00, -1.85004267e-02, -5.44656856e-05, ...,
         -2.74278829e-01, -3.71907785e-01, -5.04310832e-01],
        [ 1.85004267e-02,  0.00000000e+00,  1.84459703e-02, ...,
         -2.56440948e-01, -3.54670749e-01, -4.88248992e-01],
        [ 5.44656856e-05, -1.84459703e-02,  0.00000000e+00, ...,
         -2.74226452e-01, -3.71857226e-01, -5.04263799e-01],
        ...,
        [ 2.74278829e-01,  2.56440948e-01,  2.74226452e-01, ...,
          0.00000000e+00, -1.03040478e-01, -2.48124760e-01],
        [ 3.71907785e-01,  3.54670749e-01,  3.71857226e-01, ...,
          1.03040478e-01,  0.00000000e+00, -1.46985828e-01],
        [ 5.04310832e-01,  4.88248992e-01,  5.04263799e-01, ...,
          2.48124760e-01,  1.46985828e-01,  0.00000000e+00]],

       [[ 0.00000000e+00,  2.50404864e-02,  9.73605188e-03, ...,
         -7.78087470e-01, -8.76826383e-01, -9.69502245e-01],
        [-2.50404864e-02,  0.00000000e+00, -1.53063005e-02, ...,
         -7.93572822e-01, -8.88591088e-01, -9.75335229e-01],
        [-9.73605188e-03,  1.53063005e-02,  0.00000000e+00, ...,
         -7.84166351e-01, -8.81465988e-01, -9.71842429e-01],
        ...,
        [ 7.78087470e-01,  7.93572822e-01,  7.84166351e-01, ...,
          0.00000000e+00, -1.76673702e-01, -4.18303030e-01],
        [ 8.76826383e-01,  8.88591088e-01,  8.81465988e-01, ...,
          1.76673702e-01,  0.00000000e+00, -2.51248850e-01],
        [ 9.69502245e-01,  9.75335229e-01,  9.71842429e-01, ...,
          4.18303030e-01,  2.51248850e-01,  0.00000000e+00]]]), 'num': array([ 9.79627726e-01,  2.00774011e-01,  1.57185412e-05,  5.16276754e-08,
        1.27890594e-03,  1.29826375e-03,  1.27245333e-03,  2.36720198e-03,
       -3.87156187e-06,  1.24586861e-03,  1.31942828e-03,  1.38976166e-03,
        9.20259831e-07,  1.49930001e-03,  1.13955656e-03])}
{'img': array([[[ 0.        , -0.19572432, -0.22233989, ..., -0.46158003,
         -0.31657686, -0.33700512],
        [ 0.19572432,  0.        , -0.02721442, ..., -0.27902583,
         -0.12479633, -0.1462121 ],
        [ 0.22233989,  0.02721442,  0.        , ..., -0.25278892,
         -0.09774843, -0.11923599],
        ...,
        [ 0.46158003,  0.27902583,  0.25278892, ...,  0.        ,
          0.15700464,  0.13562213],
        [ 0.31657686,  0.12479633,  0.09774843, ..., -0.15700464,
          0.        , -0.02161389],
        [ 0.33700512,  0.1462121 ,  0.11923599, ..., -0.13562213,
          0.02161389,  0.        ]],

       [[ 0.        ,  0.52682798,  0.3151913 , ..., -0.06758386,
          0.07829888,  0.02274547],
        [-0.52682798,  0.        , -0.23207082, ..., -0.58306782,
         -0.45865873, -0.50735867],
        [-0.3151913 ,  0.23207082,  0.        , ..., -0.37860964,
         -0.2399158 , -0.29352367],
        ...,
        [ 0.06758386,  0.58306782,  0.37860964, ...,  0.        ,
          0.14549623,  0.09025984],
        [-0.07829888,  0.45865873,  0.2399158 , ..., -0.14549623,
          0.        , -0.05560298],
        [-0.02274547,  0.50735867,  0.29352367, ..., -0.09025984,
          0.05560298,  0.        ]],

       [[ 0.        , -0.28193448, -0.32677641, ..., -0.99044199,
         -0.9478398 , -0.85211705],
        [ 0.28193448,  0.        , -0.04706354, ..., -0.91137619,
         -0.81952361, -0.66999901],
        [ 0.32677641,  0.04706354,  0.        , ..., -0.89099615,
         -0.79164595, -0.6343184 ],
        ...,
        [ 0.99044199,  0.91137619,  0.89099615, ...,  0.        ,
          0.18496507,  0.40081664],
        [ 0.9478398 ,  0.81952361,  0.79164595, ..., -0.18496507,
          0.        ,  0.22444331],
        [ 0.85211705,  0.66999901,  0.6343184 , ..., -0.40081664,
         -0.22444331,  0.        ]],

       ...,

       [[ 0.        , -0.02568872, -0.11325146, ..., -0.38833198,
         -0.26416961, -0.36847415],
        [ 0.02568872,  0.        , -0.08769063, ..., -0.36453117,
         -0.23930626, -0.34447133],
        [ 0.11325146,  0.08769063,  0.        , ..., -0.28147016,
         -0.15324169, -0.26082066],
        ...,
        [ 0.38833198,  0.36453117,  0.28147016, ...,  0.        ,
          0.13109952,  0.02145204],
        [ 0.26416961,  0.23930626,  0.15324169, ..., -0.13109952,
          0.        , -0.10980246],
        [ 0.36847415,  0.34447133,  0.26082066, ..., -0.02145204,
          0.10980246,  0.        ]],

       [[ 0.        ,  0.01844597,  0.03127797, ..., -0.35467075,
         -0.48824899, -0.66786119],
        [-0.01844597,  0.        ,  0.0128357 , ..., -0.37185723,
         -0.5042638 , -0.68147664],
        [-0.03127797, -0.0128357 ,  0.        , ..., -0.38374184,
         -0.51530652, -0.69081417],
        ...,
        [ 0.35467075,  0.37185723,  0.38374184, ...,  0.        ,
         -0.14698583, -0.36046796],
        [ 0.48824899,  0.5042638 ,  0.51530652, ...,  0.14698583,
          0.        , -0.21944857],
        [ 0.66786119,  0.68147664,  0.69081417, ...,  0.36046796,
          0.21944857,  0.        ]],

       [[ 0.        , -0.01500845, -0.02458256, ..., -0.848485  ,
         -0.90000366, -0.97935827],
        [ 0.01500845,  0.        , -0.00957588, ..., -0.84044667,
         -0.89336037, -0.97621427],
        [ 0.02458256,  0.00957588,  0.        , ..., -0.83521902,
         -0.88901657, -0.97409339],
        ...,
        [ 0.848485  ,  0.84044667,  0.83521902, ...,  0.        ,
         -0.10645979, -0.34678939],
        [ 0.90000366,  0.89336037,  0.88901657, ...,  0.10645979,
          0.        , -0.24496536],
        [ 0.97935827,  0.97621427,  0.97409339, ...,  0.34678939,
          0.24496536,  0.        ]]]), 'num': array([8.30554973e-01, 5.56919323e-01, 5.51684776e-06, 3.67241077e-08,
       1.08585575e-03, 1.11431568e-03, 1.08476114e-03, 3.07238068e-03,
       1.09461265e-06, 1.06921764e-03, 1.11037507e-03, 1.17787619e-03,
       9.11000207e-07, 1.24881722e-03, 9.71932924e-04])}
{'img': array([[[ 0.        , -0.02721442,  0.        , ..., -0.12479633,
         -0.1462121 , -0.13905252],
        [ 0.02721442,  0.        ,  0.02721442, ..., -0.09774843,
         -0.11923599, -0.11205098],
        [ 0.        , -0.02721442,  0.        , ..., -0.12479633,
         -0.1462121 , -0.13905252],
        ...,
        [ 0.12479633,  0.09774843,  0.12479633, ...,  0.        ,
         -0.02161389, -0.01438153],
        [ 0.1462121 ,  0.11923599,  0.1462121 , ...,  0.02161389,
          0.        ,  0.00723349],
        [ 0.13905252,  0.11205098,  0.13905252, ...,  0.01438153,
         -0.00723349,  0.        ]],

       [[ 0.        , -0.23207082, -0.04631321, ..., -0.45865873,
         -0.50735867, -0.21378559],
        [ 0.23207082,  0.        ,  0.18677299, ..., -0.2399158 ,
         -0.29352367,  0.01875648],
        [ 0.04631321, -0.18677299,  0.        , ..., -0.41701207,
         -0.46690454, -0.16831371],
        ...,
        [ 0.45865873,  0.2399158 ,  0.41701207, ...,  0.        ,
         -0.05560298,  0.25808227],
        [ 0.50735867,  0.29352367,  0.46690454, ...,  0.05560298,
          0.        ,  0.31140232],
        [ 0.21378559, -0.01875648,  0.16831371, ..., -0.25808227,
         -0.31140232,  0.        ]],

       [[ 0.        , -0.04706354, -0.12816583, ..., -0.81952361,
         -0.66999901, -0.56786962],
        [ 0.04706354,  0.        , -0.08134841, ..., -0.79164595,
         -0.6343184 , -0.52850149],
        [ 0.12816583,  0.08134841,  0.        , ..., -0.73931995,
         -0.56932792, -0.45769059],
        ...,
        [ 0.81952361,  0.79164595,  0.73931995, ...,  0.        ,
          0.22444331,  0.34914997],
        [ 0.66999901,  0.6343184 ,  0.56932792, ..., -0.22444331,
          0.        ,  0.12992377],
        [ 0.56786962,  0.52850149,  0.45769059, ..., -0.34914997,
         -0.12992377,  0.        ]],

       ...,

       [[ 0.        , -0.08769063, -0.07206112, ..., -0.23930626,
         -0.34447133, -0.16003544],
        [ 0.08769063,  0.        ,  0.01567914, ..., -0.15324169,
         -0.26082066, -0.07285853],
        [ 0.07206112, -0.01567914,  0.        , ..., -0.1687168 ,
         -0.27592504, -0.08848705],
        ...,
        [ 0.23930626,  0.15324169,  0.1687168 , ...,  0.        ,
         -0.10980246,  0.08083643],
        [ 0.34447133,  0.26082066,  0.27592504, ...,  0.10980246,
          0.        ,  0.18979077],
        [ 0.16003544,  0.07285853,  0.08848705, ..., -0.08083643,
         -0.18979077,  0.        ]],

       [[ 0.        ,  0.00993626,  0.03292869, ..., -0.3614285 ,
         -0.47081208, -0.99982307],
        [-0.00993626,  0.        ,  0.0229962 , ..., -0.37067522,
         -0.47955493, -0.99996062],
        [-0.03292869, -0.0229962 ,  0.        , ..., -0.3919352 ,
         -0.49960755, -0.99990027],
        ...,
        [ 0.3614285 ,  0.37067522,  0.3919352 , ...,  0.        ,
         -0.12012077, -0.92543621],
        [ 0.47081208,  0.47955493,  0.49960755, ...,  0.12012077,
          0.        , -0.87322122],
        [ 0.99982307,  0.99996062,  0.99990027, ...,  0.92543621,
          0.87322122,  0.        ]],

       [[ 0.        , -0.00957588, -0.03960184, ..., -0.89336037,
         -0.97621427, -0.86704949],
        [ 0.00957588,  0.        , -0.03003165, ..., -0.88901657,
         -0.97409339, -0.86223882],
        [ 0.03960184,  0.03003165,  0.        , ..., -0.87486483,
         -0.96686248, -0.84663882],
        ...,
        [ 0.89336037,  0.88901657,  0.87486483, ...,  0.        ,
         -0.24496536,  0.055491  ],
        [ 0.97621427,  0.97409339,  0.96686248, ...,  0.24496536,
          0.        ,  0.29838821],
        [ 0.86704949,  0.86223882,  0.84663882, ..., -0.055491  ,
         -0.29838821,  0.        ]]]), 'num': array([ 7.38898295e-01,  6.73810127e-01,  1.34758112e-06,  3.26411300e-08,
        9.43306781e-04,  9.67719482e-04,  9.41353765e-04,  1.24973501e-03,
       -2.53892094e-05,  9.60102719e-04,  9.82757706e-04,  1.05003911e-03,
        8.28746967e-07,  1.09712910e-03,  8.68386308e-04])}
{'img': array([[[ 0.        ,  0.02721442, -0.08353412, ..., -0.11923599,
         -0.11205098, -0.30719709],
        [-0.02721442,  0.        , -0.11062249, ..., -0.1462121 ,
         -0.13905252, -0.33298181],
        [ 0.08353412,  0.11062249,  0.        , ..., -0.03588107,
         -0.0286513 , -0.22662851],
        ...,
        [ 0.11923599,  0.1462121 ,  0.03588107, ...,  0.        ,
          0.00723349, -0.19153509],
        [ 0.11205098,  0.13905252,  0.0286513 , ..., -0.00723349,
          0.        , -0.19862965],
        [ 0.30719709,  0.33298181,  0.22662851, ...,  0.19153509,
          0.19862965,  0.        ]],

       [[ 0.        ,  0.18677299, -0.08475414, ..., -0.29352367,
          0.01875648, -0.53885981],
        [-0.18677299,  0.        , -0.26936369, ..., -0.46690454,
         -0.16831371, -0.68671427],
        [ 0.08475414,  0.26936369,  0.        , ..., -0.21144666,
          0.10342823, -0.46552443],
        ...,
        [ 0.29352367,  0.46690454,  0.21144666, ...,  0.        ,
          0.31140232, -0.26786101],
        [-0.01875648,  0.16831371, -0.10342823, ..., -0.31140232,
          0.        , -0.55456539],
        [ 0.53885981,  0.68671427,  0.46552443, ...,  0.26786101,
          0.55456539,  0.        ]],

       [[ 0.        , -0.08134841, -0.19810517, ..., -0.6343184 ,
         -0.52850149, -0.47024685],
        [ 0.08134841,  0.        , -0.11771245, ..., -0.56932792,
         -0.45769059, -0.39689551],
        [ 0.19810517,  0.11771245,  0.        , ..., -0.46859716,
         -0.34984911, -0.28609219],
        ...,
        [ 0.6343184 ,  0.56932792,  0.46859716, ...,  0.        ,
          0.12992377,  0.19627352],
        [ 0.52850149,  0.45769059,  0.34984911, ..., -0.12992377,
          0.        ,  0.06721325],
        [ 0.47024685,  0.39689551,  0.28609219, ..., -0.19627352,
         -0.06721325,  0.        ]],

       ...,

       [[ 0.        ,  0.01567914, -0.04032163, ..., -0.26082066,
         -0.07285853, -0.04748206],
        [-0.01567914,  0.        , -0.05598306, ..., -0.27592504,
         -0.08848705, -0.06313768],
        [ 0.04032163,  0.05598306,  0.        , ..., -0.22168256,
         -0.03258482, -0.00716729],
        ...,
        [ 0.26082066,  0.27592504,  0.22168256, ...,  0.        ,
          0.18979077,  0.2146879 ],
        [ 0.07285853,  0.08848705,  0.03258482, ..., -0.18979077,
          0.        ,  0.02542049],
        [ 0.04748206,  0.06313768,  0.00716729, ..., -0.2146879 ,
         -0.02542049,  0.        ]],

       [[ 0.        ,  0.01926795,  0.05489105, ..., -0.38691191,
         -0.76774491, -0.98576224],
        [-0.01926795,  0.        ,  0.03564196, ..., -0.40460738,
         -0.77994843, -0.98233942],
        [-0.05489105, -0.03564196,  0.        , ..., -0.43694453,
         -0.80175917, -0.97504638],
        ...,
        [ 0.38691191,  0.40460738,  0.43694453, ...,  0.        ,
         -0.46003441, -0.97404519],
        [ 0.76774491,  0.77994843,  0.80175917, ...,  0.46003441,
          0.        , -0.76072532],
        [ 0.98576224,  0.98233942,  0.97504638, ...,  0.97404519,
          0.76072532,  0.        ]],

       [[ 0.        , -0.03003165, -0.07372225, ..., -0.97409339,
         -0.86223882, -0.84149465],
        [ 0.03003165,  0.        , -0.04373906, ..., -0.96686248,
         -0.84663882, -0.82489002],
        [ 0.07372225,  0.04373906,  0.        , ..., -0.95477069,
         -0.82255205, -0.7993752 ],
        ...,
        [ 0.97409339,  0.96686248,  0.95477069, ...,  0.        ,
          0.29838821,  0.33596824],
        [ 0.86223882,  0.84663882,  0.82255205, ..., -0.29838821,
          0.        ,  0.03961918],
        [ 0.84149465,  0.82489002,  0.7993752 , ..., -0.33596824,
         -0.03961918,  0.        ]]]), 'num': array([7.38049071e-01, 6.74740657e-01, 1.30667522e-06, 2.78968440e-08,
       9.44901707e-04, 9.47827099e-04, 9.21498569e-04, 1.04539868e-03,
       2.92539228e-06, 9.57968459e-04, 9.73716821e-04, 1.04792427e-03,
       7.35685841e-07, 1.07547764e-03, 8.71956004e-04])}
{'img': array([[[ 0.        , -0.11062249,  0.0269365 , ..., -0.13905252,
         -0.33298181, -0.30967888],
        [ 0.11062249,  0.        ,  0.13735353, ..., -0.0286513 ,
         -0.22662851, -0.20259381],
        [-0.0269365 , -0.13735353,  0.        , ..., -0.16567688,
         -0.35826031, -0.33517885],
        ...,
        [ 0.13905252,  0.0286513 ,  0.16567688, ...,  0.        ,
         -0.19862965, -0.17445348],
        [ 0.33298181,  0.22662851,  0.35826031, ...,  0.19862965,
          0.        ,  0.02460631],
        [ 0.30967888,  0.20259381,  0.33517885, ...,  0.17445348,
         -0.02460631,  0.        ]],

       [[ 0.        , -0.26936369, -0.45972428, ..., -0.16831371,
         -0.68671427, -0.80891146],
        [ 0.26936369,  0.        , -0.20352061, ...,  0.10342823,
         -0.46552443, -0.62064577],
        [ 0.45972428,  0.20352061,  0.        , ...,  0.30369266,
         -0.27565844, -0.44807737],
        ...,
        [ 0.16831371, -0.10342823, -0.30369266, ...,  0.        ,
         -0.55456539, -0.69841435],
        [ 0.68671427,  0.46552443,  0.27565844, ...,  0.55456539,
          0.        , -0.18427969],
        [ 0.80891146,  0.62064577,  0.44807737, ...,  0.69841435,
          0.18427969,  0.        ]],

       [[ 0.        , -0.11771245, -0.16353669, ..., -0.45769059,
         -0.39689551, -0.40443163],
        [ 0.11771245,  0.        , -0.04627202, ..., -0.34984911,
         -0.28609219, -0.29396384],
        [ 0.16353669,  0.04627202,  0.        , ..., -0.30612647,
         -0.2414478 , -0.24942141],
        ...,
        [ 0.45769059,  0.34984911,  0.30612647, ...,  0.        ,
          0.06721325,  0.05900445],
        [ 0.39689551,  0.28609219,  0.2414478 , ..., -0.06721325,
          0.        , -0.00822513],
        [ 0.40443163,  0.29396384,  0.24942141, ..., -0.05900445,
          0.00822513,  0.        ]],

       ...,

       [[ 0.        , -0.05598306, -0.43916695, ..., -0.08848705,
         -0.06313768, -0.21013385],
        [ 0.05598306,  0.        , -0.38818272, ..., -0.03258482,
         -0.00716729, -0.15507119],
        [ 0.43916695,  0.38818272,  0.        , ...,  0.35794699,
          0.3815675 ,  0.24057611],
        ...,
        [ 0.08848705,  0.03258482, -0.35794699, ...,  0.        ,
          0.02542049, -0.12279819],
        [ 0.06313768,  0.00716729, -0.3815675 , ..., -0.02542049,
          0.        , -0.14798661],
        [ 0.21013385,  0.15507119, -0.24057611, ...,  0.12279819,
          0.14798661,  0.        ]],

       [[ 0.        ,  0.03072135,  0.02699379, ..., -0.64931864,
         -0.86625446, -0.94490877],
        [-0.03072135,  0.        , -0.00372911, ..., -0.67237625,
         -0.88119406, -0.93440662],
        [-0.02699379,  0.00372911,  0.        , ..., -0.66961126,
         -0.87942498, -0.93572846],
        ...,
        [ 0.64931864,  0.67237625,  0.66961126, ...,  0.        ,
         -0.33439921, -0.93116262],
        [ 0.86625446,  0.88119406,  0.87942498, ...,  0.33439921,
          0.        , -0.75563367],
        [ 0.94490877,  0.93440662,  0.93572846, ...,  0.93116262,
          0.75563367,  0.        ]],

       [[ 0.        , -0.04373906, -0.03782935, ..., -0.84663882,
         -0.82489002, -0.75322808],
        [ 0.04373906,  0.        ,  0.00591461, ..., -0.82255205,
         -0.7993752 , -0.72373745],
        [ 0.03782935, -0.00591461,  0.        , ..., -0.82590124,
         -0.8029149 , -0.72780632],
        ...,
        [ 0.84663882,  0.82255205,  0.82590124, ...,  0.        ,
          0.03961918,  0.15604083],
        [ 0.82489002,  0.7993752 ,  0.8029149 , ..., -0.03961918,
          0.        ,  0.11678444],
        [ 0.75322808,  0.72373745,  0.72780632, ..., -0.15604083,
         -0.11678444,  0.        ]]]), 'num': array([ 8.40797777e-01,  5.41336557e-01,  6.41931877e-06,  3.27349328e-08,
        1.05074112e-03,  1.10141996e-03,  1.05074112e-03,  1.99697123e-03,
       -4.05430659e-05,  1.09263563e-03,  1.11628575e-03,  1.20878400e-03,
        7.53165963e-07,  1.23006301e-03,  1.00250848e-03])}
{'img': array([[[ 0.        ,  0.13735353,  0.21550037, ..., -0.22662851,
         -0.20259381, -0.52379449],
        [-0.13735353,  0.        ,  0.07933164, ..., -0.35826031,
         -0.33517885, -0.63583388],
        [-0.21550037, -0.07933164,  0.        , ..., -0.43119691,
         -0.40886512, -0.69506013],
        ...,
        [ 0.22662851,  0.35826031,  0.43119691, ...,  0.        ,
          0.02460631, -0.31711374],
        [ 0.20259381,  0.33517885,  0.40886512, ..., -0.02460631,
          0.        , -0.34035404],
        [ 0.52379449,  0.63583388,  0.69506013, ...,  0.31711374,
          0.34035404,  0.        ]],

       [[ 0.        , -0.20352061, -0.41902384, ..., -0.46552443,
         -0.62064577, -0.23515759],
        [ 0.20352061,  0.        , -0.22546227, ..., -0.27565844,
         -0.44807737, -0.03242256],
        [ 0.41902384,  0.22546227,  0.        , ..., -0.05183387,
         -0.23497813,  0.193756  ],
        ...,
        [ 0.46552443,  0.27565844,  0.05183387, ...,  0.        ,
         -0.18427969,  0.24434715],
        [ 0.62064577,  0.44807737,  0.23497813, ...,  0.18427969,
          0.        ,  0.41885619],
        [ 0.23515759,  0.03242256, -0.193756  , ..., -0.24434715,
         -0.41885619,  0.        ]],

       [[ 0.        , -0.04627202, -0.01771044, ..., -0.28609219,
         -0.29396384, -0.41768291],
        [ 0.04627202,  0.        ,  0.0285733 , ..., -0.2414478 ,
         -0.24942141, -0.37519309],
        [ 0.01771044, -0.0285733 ,  0.        , ..., -0.26907714,
         -0.27698981, -0.40152582],
        ...,
        [ 0.28609219,  0.2414478 ,  0.26907714, ...,  0.        ,
         -0.00822513, -0.14028332],
        [ 0.29396384,  0.24942141,  0.27698981, ...,  0.00822513,
          0.        , -0.13213478],
        [ 0.41768291,  0.37519309,  0.40152582, ...,  0.14028332,
          0.13213478,  0.        ]],

       ...,

       [[ 0.        , -0.38818272, -0.29785779, ..., -0.00716729,
         -0.15507119, -0.29437265],
        [ 0.38818272,  0.        ,  0.0960627 , ...,  0.3815675 ,
          0.24057611,  0.09969396],
        [ 0.29785779, -0.0960627 ,  0.        , ...,  0.29100817,
          0.14622215,  0.00364877],
        ...,
        [ 0.00716729, -0.3815675 , -0.29100817, ...,  0.        ,
         -0.14798661, -0.28751538],
        [ 0.15507119, -0.24057611, -0.14622215, ...,  0.14798661,
          0.        , -0.14261162],
        [ 0.29437265, -0.09969396, -0.00364877, ...,  0.28751538,
          0.14261162,  0.        ]],

       [[ 0.        , -0.00350506, -0.00613634, ..., -0.82338449,
         -0.98730079, -0.91252975],
        [ 0.00350506,  0.        , -0.0026313 , ..., -0.82139037,
         -0.98673791, -0.91395776],
        [ 0.00613634,  0.0026313 ,  0.        , ..., -0.81988672,
         -0.98630737, -0.9150224 ],
        ...,
        [ 0.82338449,  0.82139037,  0.81988672, ...,  0.        ,
         -0.42947277, -0.85461871],
        [ 0.98730079,  0.98673791,  0.98630737, ...,  0.42947277,
          0.        , -0.54878256],
        [ 0.91252975,  0.91395776,  0.9150224 , ...,  0.85461871,
          0.54878256,  0.        ]],

       [[ 0.        ,  0.00591461, -0.0257441 , ..., -0.7993752 ,
         -0.72373745, -0.78475947],
        [-0.00591461,  0.        , -0.0316563 , ..., -0.8029149 ,
         -0.72780632, -0.78841162],
        [ 0.0257441 ,  0.0316563 ,  0.        , ..., -0.78364237,
         -0.70573221, -0.76854316],
        ...,
        [ 0.7993752 ,  0.8029149 ,  0.78364237, ...,  0.        ,
          0.11678444,  0.02394436],
        [ 0.72373745,  0.72780632,  0.70573221, ..., -0.11678444,
          0.        , -0.09297044],
        [ 0.78475947,  0.78841162,  0.76854316, ..., -0.02394436,
