state_0,state_1,state_2,state_3,state_4,state_5,state_6,state_7,state_8,state_9,state_10,state_11,state_12,state_13,state_14,state_15,state_16,state_17,state_18,state_19,state_20,state_21,state_22,state_23,state_24,state_25,state_26,state_27,state_28,state_29,state_30,state_31,state_32,state_33,state_34,state_35,state_36,state_37,state_38,state_39,state_40,state_41,state_42,state_43,state_44,state_45,state_46,state_47,state_48,state_49,state_50,state_51,state_52,state_53,state_54,state_55,state_56,state_57,state_58,state_59,state_60,state_61,state_62,state_63,state_64,state_65,state_66,state_67,state_68,state_69,state_70,state_71,state_72,state_73,state_74,state_75,state_76,state_77,state_78,state_79,state_80,state_81,state_82,state_83,state_84,state_85,state_86,state_87,state_88,state_89,state_90,state_91,state_92,state_93,state_94,state_95,state_96,state_97,state_98,state_99,state_100,state_101,state_102,state_103,state_104,state_105,state_106,state_107,state_108,state_109,state_110,state_111,state_112,state_113,state_114,state_115,state_116,state_117,state_118,state_119,state_120,state_121,state_122,state_123,state_124,state_125,state_126,state_127,state_128,state_129,state_130,state_131,state_132,state_133,state_134,state_135,state_136,state_137,state_138,state_139,state_140,state_141,state_142,state_143,state_144,state_145,state_146,state_147,state_148,state_149,state_150,state_151,state_152,state_153,state_154,state_155,state_156,state_157,state_158,state_159,state_160,state_161,state_162,state_163,state_164,state_165,state_166,state_167,state_168,state_169,state_170,state_171,state_172,state_173,state_174,state_175,state_176,state_177,state_178,state_179,state_180,state_181,state_182,state_183,state_184,state_185,state_186,state_187,state_188,state_189,state_190,state_191,state_192,state_193,state_194,state_195,state_196,state_197,state_198,state_199,state_200,state_201,state_202,state_203,state_204,state_205,state_206,state_207,state_208,state_209,state_210,state_211,state_212,state_213,state_214,state_215,state_216,state_217,state_218,state_219,state_220,state_221,state_222,state_223,state_224,state_225,state_226,state_227,state_228,state_229,state_230,state_231,state_232,state_233,state_234,state_235,state_236,state_237,state_238,state_239,state_240,state_241,state_242,state_243,state_244,state_245,state_246,state_247,state_248,state_249,state_250,state_251,state_252,state_253,state_254,state_255,state_256,state_257,state_258,state_259,state_260,state_261,state_262,state_263,state_264,state_265,state_266,state_267,state_268,state_269,state_270,state_271,state_272,state_273,state_274,state_275,state_276,state_277,state_278,state_279,state_280,state_281,state_282,state_283,state_284,state_285,state_286,state_287
{'img': array([[[ 0.        , -0.69886435, -0.27117069, ...,  0.89595502,
          0.92286308,  0.87287483],
        [ 0.69886435,  0.        ,  0.47872281, ...,  0.95123259,
          0.9292341 ,  0.96533422],
        [ 0.27117069, -0.47872281,  0.        , ...,  0.98282378,
          0.99272006,  0.97248549],
        ...,
        [-0.89595502, -0.95123259, -0.98282378, ...,  0.        ,
          0.06482728, -0.04949324],
        [-0.92286308, -0.9292341 , -0.99272006, ..., -0.06482728,
          0.        , -0.11413696],
        [-0.87287483, -0.96533422, -0.97248549, ...,  0.04949324,
          0.11413696,  0.        ]],

       [[ 0.        ,  0.11527509, -0.10854161, ..., -0.11441554,
         -0.02681299, -0.0898889 ],
        [-0.11527509,  0.        , -0.22241206, ..., -0.22817087,
         -0.14186788, -0.2040981 ],
        [ 0.10854161,  0.22241206,  0.        , ..., -0.00591074,
          0.08184801,  0.01874438],
        ...,
        [ 0.11441554,  0.22817087,  0.00591074, ...,  0.        ,
          0.08773749,  0.02465376],
        [ 0.02681299,  0.14186788, -0.08184801, ..., -0.08773749,
          0.        , -0.06315214],
        [ 0.0898889 ,  0.2040981 , -0.01874438, ..., -0.02465376,
          0.06315214,  0.        ]],

       [[ 0.        , -0.18669982, -0.35336578, ...,  0.82546981,
          0.870899  ,  0.87432583],
        [ 0.18669982,  0.        , -0.17249763, ...,  0.9163376 ,
          0.94734186,  0.94956535],
        [ 0.35336578,  0.17249763,  0.        , ...,  0.97167082,
          0.98837902,  0.98942124],
        ...,
        [-0.82546981, -0.9163376 , -0.97167082, ...,  0.        ,
          0.08588862,  0.09287692],
        [-0.870899  , -0.94734186, -0.98837902, ..., -0.08588862,
          0.        ,  0.00701634],
        [-0.87432583, -0.94956535, -0.98942124, ..., -0.09287692,
         -0.00701634,  0.        ]],

       ...,

       [[ 0.        , -0.22993214, -0.05051667, ..., -0.1329104 ,
         -0.23204165, -0.23204165],
        [ 0.22993214,  0.        ,  0.1804754 , ...,  0.09854291,
         -0.00216815, -0.00216815],
        [ 0.05051667, -0.1804754 ,  0.        , ..., -0.08267221,
         -0.18260753, -0.18260753],
        ...,
        [ 0.1329104 , -0.09854291,  0.08267221, ...,  0.        ,
         -0.10070027, -0.10070027],
        [ 0.23204165,  0.00216815,  0.18260753, ...,  0.10070027,
          0.        ,  0.        ],
        [ 0.23204165,  0.00216815,  0.18260753, ...,  0.10070027,
          0.        ,  0.        ]],

       [[ 0.        , -0.09745143, -0.11469838, ...,  0.91339832,
          0.96421286,  0.98174635],
        [ 0.09745143,  0.        , -0.01734416, ...,  0.86938154,
          0.93378624,  0.95853874],
        [ 0.11469838,  0.01734416,  0.        , ...,  0.8606803 ,
          0.9274395 ,  0.95345213],
        ...,
        [-0.91339832, -0.86938154, -0.8606803 , ...,  0.        ,
         -0.1503305 , -0.22591278],
        [-0.96421286, -0.93378624, -0.9274395 , ...,  0.1503305 ,
          0.        , -0.07690138],
        [-0.98174635, -0.95853874, -0.95345213, ...,  0.22591278,
          0.07690138,  0.        ]],

       [[ 0.        , -0.05872513, -0.0965086 , ...,  0.70232308,
          0.73526331,  0.74045623],
        [ 0.05872513,  0.        , -0.03789104, ...,  0.74291497,
          0.7737972 ,  0.77864777],
        [ 0.0965086 ,  0.03789104,  0.        , ...,  0.76774519,
          0.79724297,  0.80186376],
        ...,
        [-0.70232308, -0.74291497, -0.76774519, ...,  0.        ,
          0.04738169,  0.05506538],
        [-0.73526331, -0.7737972 , -0.79724297, ..., -0.04738169,
          0.        ,  0.00769374],
        [-0.74045623, -0.77864777, -0.80186376, ..., -0.05506538,
         -0.00769374,  0.        ]]]), 'num': array([7.07105866e-01, 7.07105866e-01, 0.00000000e+00, 0.00000000e+00,
       1.38031995e-04, 1.39110370e-04, 1.35721191e-04, 1.56114802e-03,
       9.24321394e-07, 1.38309291e-04, 1.37138484e-04, 1.36039569e-04,
       8.44332042e-07, 1.50121316e-04, 1.24155652e-04])}
{'img': array([[[ 0.        ,  0.47872281,  0.32485827, ...,  0.9292341 ,
          0.96533422,  0.95340452],
        [-0.47872281,  0.        , -0.16754363, ...,  0.99272006,
          0.97248549,  0.98148509],
        [-0.32485827,  0.16754363,  0.        , ...,  0.99886734,
          0.99777062,  0.99970253],
        ...,
        [-0.9292341 , -0.99272006, -0.99886734, ...,  0.        ,
         -0.11413696, -0.07192969],
        [-0.96533422, -0.97248549, -0.99777062, ...,  0.11413696,
          0.        ,  0.04238169],
        [-0.95340452, -0.98148509, -0.99970253, ...,  0.07192969,
         -0.04238169,  0.        ]],

       [[ 0.        , -0.22241206, -0.20718182, ..., -0.14186788,
         -0.2040981 , -0.2911103 ],
        [ 0.22241206,  0.        ,  0.01559378, ...,  0.08184801,
          0.01874438, -0.07103951],
        [ 0.20718182, -0.01559378,  0.        , ...,  0.0662966 ,
          0.00315106, -0.08658525],
        ...,
        [ 0.14186788, -0.08184801, -0.0662966 , ...,  0.        ,
         -0.06315214, -0.15244238],
        [ 0.2040981 , -0.01874438, -0.00315106, ...,  0.06315214,
          0.        , -0.08972405],
        [ 0.2911103 ,  0.07103951,  0.08658525, ...,  0.15244238,
          0.08972405,  0.        ]],

       [[ 0.        , -0.17249763, -0.3662138 , ...,  0.94734186,
          0.94956535,  0.94734186],
        [ 0.17249763,  0.        , -0.20020988, ...,  0.98837902,
          0.98942124,  0.98837902],
        [ 0.3662138 ,  0.20020988,  0.        , ...,  0.99880116,
          0.99843312,  0.99880116],
        ...,
        [-0.94734186, -0.98837902, -0.99880116, ...,  0.        ,
          0.00701634,  0.        ],
        [-0.94956535, -0.98942124, -0.99843312, ..., -0.00701634,
          0.        , -0.00701634],
        [-0.94734186, -0.98837902, -0.99880116, ...,  0.        ,
          0.00701634,  0.        ]],

       ...,

       [[ 0.        ,  0.1804754 ,  0.27660418, ..., -0.00216815,
         -0.00216815,  0.46117218],
        [-0.1804754 ,  0.        ,  0.09862823, ..., -0.18260753,
         -0.18260753,  0.29346175],
        [-0.27660418, -0.09862823,  0.        , ..., -0.27868708,
         -0.27868708,  0.19774522],
        ...,
        [ 0.00216815,  0.18260753,  0.27868708, ...,  0.        ,
          0.        ,  0.46309492],
        [ 0.00216815,  0.18260753,  0.27868708, ...,  0.        ,
          0.        ,  0.46309492],
        [-0.46117218, -0.29346175, -0.19774522, ..., -0.46309492,
         -0.46309492,  0.        ]],

       [[ 0.        , -0.01734416, -0.07122576, ...,  0.93378624,
          0.95853874,  0.98688315],
        [ 0.01734416,  0.        , -0.05391494, ...,  0.9274395 ,
          0.95345213,  0.98393473],
        [ 0.07122576,  0.05391494,  0.        , ...,  0.90592782,
          0.93580762,  0.97287827],
        ...,
        [-0.93378624, -0.9274395 , -0.90592782, ...,  0.        ,
         -0.07690138, -0.20239082],
        [-0.95853874, -0.95345213, -0.93580762, ...,  0.07690138,
          0.        , -0.12648159],
        [-0.98688315, -0.98393473, -0.97287827, ...,  0.20239082,
          0.12648159,  0.        ]],

       [[ 0.        , -0.03789104, -0.08679142, ...,  0.7737972 ,
          0.77864777,  0.80972146],
        [ 0.03789104,  0.        , -0.04898104, ...,  0.79724297,
          0.80186376,  0.83137499],
        [ 0.08679142,  0.04898104,  0.        , ...,  0.82585387,
          0.8301678 ,  0.85759644],
        ...,
        [-0.7737972 , -0.79724297, -0.82585387, ...,  0.        ,
          0.00769374,  0.05882929],
        [-0.77864777, -0.80186376, -0.8301678 , ..., -0.00769374,
          0.        ,  0.05114713],
        [-0.80972146, -0.83137499, -0.85759644, ..., -0.05882929,
         -0.05114713,  0.        ]]]), 'num': array([ 7.32792599e-01,  6.80445628e-01,  5.89492924e-06, -1.63234663e-11,
        1.41861712e-04,  1.44897041e-04,  1.40264170e-04,  2.93136140e-03,
       -1.27803344e-06,  1.43043893e-04,  1.41534216e-04,  1.41563504e-04,
        8.14131879e-07,  1.53552774e-04,  1.29515657e-04])}
{'img': array([[[ 0.        , -0.36676508, -0.06185851, ...,  0.99120393,
          0.99600544,  0.98920523],
        [ 0.36676508,  0.        ,  0.30851489, ...,  0.97066942,
          0.95934678,  0.97401562],
        [ 0.06185851, -0.30851489,  0.        , ...,  0.99749227,
          0.99962153,  0.99637538],
        ...,
        [-0.99120393, -0.97066942, -0.99749227, ...,  0.        ,
          0.04330765, -0.01433298],
        [-0.99600544, -0.95934678, -0.99962153, ..., -0.04330765,
          0.        , -0.05762273],
        [-0.98920523, -0.97401562, -0.99637538, ...,  0.01433298,
          0.05762273,  0.        ]],

       [[ 0.        ,  0.01559378, -0.29846114, ...,  0.01874438,
         -0.07103951,  0.12627224],
        [-0.01559378,  0.        , -0.31330789, ...,  0.00315106,
         -0.08658525,  0.11078792],
        [ 0.29846114,  0.31330789,  0.        , ...,  0.31629875,
          0.22990542,  0.41658912],
        ...,
        [-0.01874438, -0.00315106, -0.31629875, ...,  0.        ,
         -0.08972405,  0.10765571],
        [ 0.07103951,  0.08658525, -0.22990542, ...,  0.08972405,
          0.        ,  0.19642409],
        [-0.12627224, -0.11078792, -0.41658912, ..., -0.10765571,
         -0.19642409,  0.        ]],

       [[ 0.        , -0.20020988, -0.54671222, ...,  0.98942124,
          0.98837902,  0.98498332],
        [ 0.20020988,  0.        , -0.3680031 , ...,  0.99843312,
          0.99880116,  0.99960654],
        [ 0.54671222,  0.3680031 ,  0.        , ...,  0.90777487,
          0.91069558,  0.91913642],
        ...,
        [-0.98942124, -0.99843312, -0.90777487, ...,  0.        ,
         -0.00701634, -0.0279306 ],
        [-0.98837902, -0.99880116, -0.91069558, ...,  0.00701634,
          0.        , -0.02091631],
        [-0.98498332, -0.99960654, -0.91913642, ...,  0.0279306 ,
          0.02091631,  0.        ]],

       ...,

       [[ 0.        ,  0.09862823,  0.22848642, ..., -0.18260753,
          0.29346175,  0.17287779],
        [-0.09862823,  0.        ,  0.13135317, ..., -0.27868708,
          0.19774522,  0.07489169],
        [-0.22848642, -0.13135317,  0.        , ..., -0.40242165,
          0.06727249, -0.05674149],
        ...,
        [ 0.18260753,  0.27868708,  0.40242165, ...,  0.        ,
          0.46309492,  0.34982906],
        [-0.29346175, -0.19774522, -0.06727249, ..., -0.46309492,
          0.        , -0.12377705],
        [-0.17287779, -0.07489169,  0.05674149, ..., -0.34982906,
          0.12377705,  0.        ]],

       [[ 0.        , -0.05391494, -0.1570735 , ...,  0.95345213,
          0.98393473,  0.99792406],
        [ 0.05391494,  0.        , -0.10359936, ...,  0.93580762,
          0.97287827,  0.9930004 ],
        [ 0.1570735 ,  0.10359936,  0.        , ...,  0.89425221,
          0.94367896,  0.97542094],
        ...,
        [-0.95345213, -0.93580762, -0.89425221, ...,  0.        ,
         -0.12648159, -0.2395145 ],
        [-0.98393473, -0.97287827, -0.94367896, ...,  0.12648159,
          0.        , -0.11479089],
        [-0.99792406, -0.9930004 , -0.97542094, ...,  0.2395145 ,
          0.11479089,  0.        ]],

       [[ 0.        , -0.04898104, -0.08090011, ...,  0.80186376,
          0.83137499,  0.85823908],
        [ 0.04898104,  0.        , -0.03198251, ...,  0.8301678 ,
          0.85759644,  0.88234847],
        [ 0.08090011,  0.03198251,  0.        , ...,  0.8475738 ,
          0.87360707,  0.89694795],
        ...,
        [-0.80186376, -0.8301678 , -0.8475738 , ...,  0.        ,
          0.05114713,  0.10124712],
        [-0.83137499, -0.85759644, -0.87360707, ..., -0.05114713,
          0.        ,  0.0502303 ],
        [-0.85823908, -0.88234847, -0.89694795, ..., -0.10124712,
         -0.0502303 ,  0.        ]]]), 'num': array([ 7.74730954e-01,  6.32287050e-01,  1.61501025e-05, -1.13208592e-09,
        1.49155921e-04,  1.49663254e-04,  1.45773700e-04,  2.20377027e-03,
       -1.01466613e-06,  1.50914675e-04,  1.49367310e-04,  1.50305876e-04,
        1.12036052e-06,  1.61482967e-04,  1.37251653e-04])}
{'img': array([[[ 0.        ,  0.30851489,  0.67785932, ...,  0.95934678,
          0.97401562,  0.98280078],
        [-0.30851489,  0.        ,  0.41797544, ...,  0.99962153,
          0.99637538,  0.99183241],
        [-0.67785932, -0.41797544,  0.        , ...,  0.89661594,
          0.86961029,  0.84772651],
        ...,
        [-0.95934678, -0.99962153, -0.89661594, ...,  0.        ,
         -0.05762273, -0.10021423],
        [-0.97401562, -0.99637538, -0.86961029, ...,  0.05762273,
          0.        , -0.04271506],
        [-0.98280078, -0.99183241, -0.84772651, ...,  0.10021423,
          0.04271506,  0.        ]],

       [[ 0.        , -0.31330789,  0.24313295, ..., -0.08658525,
          0.11078792, -0.00303308],
        [ 0.31330789,  0.        ,  0.53479805, ...,  0.22990542,
          0.41658912,  0.31042608],
        [-0.24313295, -0.53479805,  0.        , ..., -0.32620693,
         -0.13417273, -0.2460739 ],
        ...,
        [ 0.08658525, -0.22990542,  0.32620693, ...,  0.        ,
          0.19642409,  0.08356316],
        [-0.11078792, -0.41658912,  0.13417273, ..., -0.19642409,
          0.        , -0.11380182],
        [ 0.00303308, -0.31042608,  0.2460739 , ..., -0.08356316,
          0.11380182,  0.        ]],

       [[ 0.        , -0.3680031 , -0.26079332, ...,  0.99880116,
          0.99960654,  0.99999765],
        [ 0.3680031 ,  0.        ,  0.1127762 , ...,  0.91069558,
          0.91913642,  0.9290254 ],
        [ 0.26079332, -0.1127762 ,  0.        , ...,  0.95147111,
          0.9576997 ,  0.9648276 ],
        ...,
        [-0.99880116, -0.91069558, -0.95147111, ...,  0.        ,
         -0.02091631, -0.0467882 ],
        [-0.99960654, -0.91913642, -0.9576997 , ...,  0.02091631,
          0.        , -0.02588457],
        [-0.99999765, -0.9290254 , -0.9648276 , ...,  0.0467882 ,
          0.02588457,  0.        ]],

       ...,

       [[ 0.        ,  0.13135317,  0.11951707, ...,  0.19774522,
          0.07489169,  0.53914221],
        [-0.13135317,  0.        , -0.01193012, ...,  0.06727249,
         -0.05674149,  0.42384331],
        [-0.11951707,  0.01193012,  0.        , ...,  0.0791708 ,
         -0.04482655,  0.43461868],
        ...,
        [-0.19774522, -0.06727249, -0.0791708 , ...,  0.        ,
         -0.12377705,  0.36195207],
        [-0.07489169,  0.05674149,  0.04482655, ...,  0.12377705,
          0.        ,  0.47455324],
        [-0.53914221, -0.42384331, -0.43461868, ..., -0.36195207,
         -0.47455324,  0.        ]],

       [[ 0.        , -0.10359936, -0.21422871, ...,  0.97287827,
          0.9930004 ,  0.9978471 ],
        [ 0.10359936,  0.        , -0.11188183, ...,  0.94367896,
          0.97542094,  0.98568342],
        [ 0.21422871,  0.11188183,  0.        , ...,  0.90073658,
          0.94464365,  0.9606308 ],
        ...,
        [-0.97287827, -0.94367896, -0.90073658, ...,  0.        ,
         -0.11479089, -0.16701517],
        [-0.9930004 , -0.97542094, -0.94464365, ...,  0.11479089,
          0.        , -0.05273257],
        [-0.9978471 , -0.98568342, -0.9606308 , ...,  0.16701517,
          0.05273257,  0.        ]],

       [[ 0.        , -0.03198251, -0.03322458, ...,  0.85759644,
          0.88234847,  0.88676881],
        [ 0.03198251,  0.        , -0.00124272, ...,  0.87360707,
          0.89694795,  0.9010979 ],
        [ 0.03322458,  0.00124272,  0.        , ...,  0.87421114,
          0.89749671,  0.90163607],
        ...,
        [-0.85759644, -0.87360707, -0.87421114, ...,  0.        ,
          0.0502303 ,  0.05969333],
        [-0.88234847, -0.89694795, -0.89749671, ..., -0.0502303 ,
          0.        ,  0.00947725],
        [-0.88676881, -0.9010979 , -0.90163607, ..., -0.05969333,
         -0.00947725,  0.        ]]]), 'num': array([ 8.86976428e-01,  4.61807299e-01,  4.85907576e-05, -3.80943070e-09,
        1.70067652e-04,  1.74538001e-04,  1.68707110e-04,  2.56862406e-03,
       -1.36054121e-06,  1.72244517e-04,  1.71097776e-04,  1.73277881e-04,
        1.31225995e-06,  1.84275016e-04,  1.57920536e-04])}
{'img': array([[[ 0.00000000e+00,  6.27555998e-01,  7.07070703e-01, ...,
          9.78310706e-01,  9.86412796e-01,  9.93447923e-01],
        [-6.27555998e-01,  0.00000000e+00,  1.06733306e-01, ...,
          8.91678506e-01,  8.71091305e-01,  8.45190854e-01],
        [-7.07070703e-01, -1.06733306e-01,  0.00000000e+00, ...,
          8.38270073e-01,  8.13696378e-01,  7.83317683e-01],
        ...,
        [-9.78310706e-01, -8.91678506e-01, -8.38270073e-01, ...,
          0.00000000e+00, -4.36058918e-02, -9.39787034e-02],
        [-9.86412796e-01, -8.71091305e-01, -8.13696378e-01, ...,
          4.36058918e-02,  0.00000000e+00, -5.04764106e-02],
        [-9.93447923e-01, -8.45190854e-01, -7.83317683e-01, ...,
          9.39787034e-02,  5.04764106e-02,  0.00000000e+00]],

       [[ 0.00000000e+00,  5.34798046e-01,  2.55640854e-01, ...,
          4.16589120e-01,  3.10426080e-01,  3.14791967e-01],
        [-5.34798046e-01,  0.00000000e+00, -3.01016295e-01, ...,
         -1.34172729e-01, -2.46073896e-01, -2.41616394e-01],
        [-2.55640854e-01,  3.01016295e-01,  0.00000000e+00, ...,
          1.70344830e-01,  5.70996247e-02,  6.16877540e-02],
        ...,
        [-4.16589120e-01,  1.34172729e-01, -1.70344830e-01, ...,
          0.00000000e+00, -1.13801824e-01, -1.09234250e-01],
        [-3.10426080e-01,  2.46073896e-01, -5.70996247e-02, ...,
          1.13801824e-01,  0.00000000e+00,  4.59623124e-03],
        [-3.14791967e-01,  2.41616394e-01, -6.16877540e-02, ...,
          1.09234250e-01, -4.59623124e-03,  0.00000000e+00]],

       [[ 0.00000000e+00,  1.12776201e-01,  4.26884364e-01, ...,
          9.19136417e-01,  9.29025402e-01,  9.47223419e-01],
        [-1.12776201e-01,  0.00000000e+00,  3.22176799e-01, ...,
          9.57699697e-01,  9.64827598e-01,  9.77333663e-01],
        [-4.26884364e-01, -3.22176799e-01,  0.00000000e+00, ...,
          9.99347347e-01,  9.98077473e-01,  9.93428128e-01],
        ...,
        [-9.19136417e-01, -9.57699697e-01, -9.99347347e-01, ...,
          0.00000000e+00, -2.58845701e-02, -7.84972323e-02],
        [-9.29025402e-01, -9.64827598e-01, -9.98077473e-01, ...,
          2.58845701e-02,  0.00000000e+00, -5.26662321e-02],
        [-9.47223419e-01, -9.77333663e-01, -9.93428128e-01, ...,
          7.84972323e-02,  5.26662321e-02,  0.00000000e+00]],

       ...,

       [[ 0.00000000e+00, -1.19301197e-02,  7.21988084e-02, ...,
         -5.67414853e-02,  4.23843312e-01,  4.62093909e-01],
        [ 1.19301197e-02,  0.00000000e+00,  8.40926555e-02, ...,
         -4.48265481e-02,  4.34618681e-01,  4.72641023e-01],
        [-7.21988084e-02, -8.40926555e-02,  0.00000000e+00, ...,
         -1.28675894e-01,  3.57344165e-01,  3.96859823e-01],
        ...,
        [ 5.67414853e-02,  4.48265481e-02,  1.28675894e-01, ...,
          0.00000000e+00,  4.74553239e-01,  5.11669539e-01],
        [-4.23843312e-01, -4.34618681e-01, -3.57344165e-01, ...,
         -4.74553239e-01,  0.00000000e+00,  4.26574836e-02],
        [-4.62093909e-01, -4.72641023e-01, -3.96859823e-01, ...,
         -5.11669539e-01, -4.26574836e-02,  0.00000000e+00]],

       [[ 0.00000000e+00, -1.11881826e-01, -7.04828463e-02, ...,
          9.75420942e-01,  9.85683415e-01,  9.93590005e-01],
        [ 1.11881826e-01,  0.00000000e+00,  4.15632535e-02, ...,
          9.44643655e-01,  9.60630800e-01,  9.74704223e-01],
        [ 7.04828463e-02, -4.15632535e-02,  0.00000000e+00, ...,
          9.57464189e-01,  9.71348135e-01,  9.83151290e-01],
        ...,
        [-9.75420942e-01, -9.44643655e-01, -9.57464189e-01, ...,
          0.00000000e+00, -5.27325689e-02, -1.08671957e-01],
        [-9.85683415e-01, -9.60630800e-01, -9.71348135e-01, ...,
          5.27325689e-02,  0.00000000e+00, -5.61004895e-02],
        [-9.93590005e-01, -9.74704223e-01, -9.83151290e-01, ...,
          1.08671957e-01,  5.61004895e-02,  0.00000000e+00]],

       [[ 0.00000000e+00, -1.24272481e-03, -1.33053450e-03, ...,
          8.96947948e-01,  9.01097903e-01,  9.05226191e-01],
        [ 1.24272481e-03,  0.00000000e+00, -8.78097622e-05, ...,
          8.97496709e-01,  9.01636072e-01,  9.05753563e-01],
        [ 1.33053450e-03,  8.78097622e-05,  0.00000000e+00, ...,
          8.97535432e-01,  9.01674046e-01,  9.05790773e-01],
        ...,
        [-8.96947948e-01, -8.97496709e-01, -8.97535432e-01, ...,
          0.00000000e+00,  9.47725388e-03,  1.90930925e-02],
        [-9.01097903e-01, -9.01636072e-01, -9.01674046e-01, ...,
         -9.47725388e-03,  0.00000000e+00,  9.61670880e-03],
        [-9.05226191e-01, -9.05753563e-01, -9.05790773e-01, ...,
         -1.90930925e-02, -9.61670880e-03,  0.00000000e+00]]]), 'num': array([ 8.48146552e-01,  5.29758151e-01,  3.60167875e-05, -1.10111306e-08,
        1.63695836e-04,  1.63695836e-04,  1.59066429e-04,  1.87446547e-03,
        1.66658657e-06,  1.63881013e-04,  1.62344050e-04,  1.65596980e-04,
        1.23450857e-06,  1.73143558e-04,  1.51544541e-04])}
{'img': array([[[ 0.00000000e+00,  3.92671697e-01,  6.21854839e-01, ...,
          9.98183864e-01,  9.99991936e-01,  9.97084507e-01],
        [-3.92671697e-01,  0.00000000e+00,  2.64392679e-01, ...,
          9.41663375e-01,  9.21248293e-01,  9.46960298e-01],
        [-6.21854839e-01, -2.64392679e-01,  0.00000000e+00, ...,
          8.19171390e-01,  7.85623624e-01,  8.28300083e-01],
        ...,
        [-9.98183864e-01, -9.41663375e-01, -8.19171390e-01, ...,
          0.00000000e+00, -5.62317075e-02,  1.61013085e-02],
        [-9.99991936e-01, -9.21248293e-01, -7.85623624e-01, ...,
          5.62317075e-02,  0.00000000e+00,  7.23002501e-02],
        [-9.97084507e-01, -9.46960298e-01, -8.28300083e-01, ...,
         -1.61013085e-02, -7.23002501e-02,  0.00000000e+00]],

       [[ 0.00000000e+00, -3.68639329e-01, -1.20029590e-01, ...,
         -2.86452237e-01, -2.80486598e-01, -4.20393970e-01],
        [ 3.68639329e-01,  0.00000000e+00,  2.54397977e-01, ...,
          8.69131988e-02,  9.31087582e-02, -5.63048513e-02],
        [ 1.20029590e-01, -2.54397977e-01,  0.00000000e+00, ...,
         -1.69381585e-01, -1.63247413e-01, -3.08446806e-01],
        ...,
        [ 2.86452237e-01, -8.69131988e-02,  1.69381585e-01, ...,
          0.00000000e+00,  6.22078120e-03, -1.42867109e-01],
        [ 2.80486598e-01, -9.31087582e-02,  1.63247413e-01, ...,
         -6.22078120e-03,  0.00000000e+00, -1.49021313e-01],
        [ 4.20393970e-01,  5.63048513e-02,  3.08446806e-01, ...,
          1.42867109e-01,  1.49021313e-01,  0.00000000e+00]],

       [[ 0.00000000e+00,  4.13729187e-01,  5.68909694e-01, ...,
          9.29825790e-01,  9.47956455e-01,  9.51126995e-01],
        [-4.13729187e-01,  0.00000000e+00,  1.77684502e-01, ...,
          9.98765740e-01,  9.94750929e-01,  9.93665589e-01],
        [-5.68909694e-01, -1.77684502e-01,  0.00000000e+00, ...,
          9.74047497e-01,  9.60740235e-01,  9.57886154e-01],
        ...,
        [-9.29825790e-01, -9.98765740e-01, -9.74047497e-01, ...,
          0.00000000e+00, -5.27914437e-02, -6.28845300e-02],
        [-9.47956455e-01, -9.94750929e-01, -9.60740235e-01, ...,
          5.27914437e-02,  0.00000000e+00, -1.01098819e-02],
        [-9.51126995e-01, -9.93665589e-01, -9.57886154e-01, ...,
          6.28845300e-02,  1.01098819e-02,  0.00000000e+00]],

       ...,

       [[ 0.00000000e+00,  8.40926555e-02, -2.28068943e-02, ...,
          4.34618681e-01,  4.72641023e-01,  4.47164643e-01],
        [-8.40926555e-02,  0.00000000e+00, -1.06796893e-01, ...,
          3.57344165e-01,  3.96859823e-01,  3.70363943e-01],
        [ 2.28068943e-02,  1.06796893e-01,  0.00000000e+00, ...,
          4.55045854e-01,  4.92616775e-01,  4.67447995e-01],
        ...,
        [-4.34618681e-01, -3.57344165e-01, -4.55045854e-01, ...,
          0.00000000e+00,  4.26574836e-02,  1.39775885e-02],
        [-4.72641023e-01, -3.96859823e-01, -4.92616775e-01, ...,
         -4.26574836e-02,  0.00000000e+00, -2.86884509e-02],
        [-4.47164643e-01, -3.70363943e-01, -4.67447995e-01, ...,
         -1.39775885e-02,  2.86884509e-02,  0.00000000e+00]],

       [[ 0.00000000e+00,  4.15632535e-02,  2.16745584e-01, ...,
          9.60630800e-01,  9.74704223e-01,  9.92899011e-01],
        [-4.15632535e-02,  0.00000000e+00,  1.75983072e-01, ...,
          9.71348135e-01,  9.83151290e-01,  9.96985399e-01],
        [-2.16745584e-01, -1.75983072e-01,  0.00000000e+00, ...,
          9.98012823e-01,  9.99976036e-01,  9.95080061e-01],
        ...,
        [-9.60630800e-01, -9.71348135e-01, -9.98012823e-01, ...,
          0.00000000e+00, -5.61004895e-02, -1.61578333e-01],
        [-9.74704223e-01, -9.83151290e-01, -9.99976036e-01, ...,
          5.61004895e-02,  0.00000000e+00, -1.05960545e-01],
        [-9.92899011e-01, -9.96985399e-01, -9.95080061e-01, ...,
          1.61578333e-01,  1.05960545e-01,  0.00000000e+00]],

       [[ 0.00000000e+00, -8.78097622e-05, -7.32462215e-03, ...,
          9.01636072e-01,  9.05753563e-01,  9.31226574e-01],
        [ 8.78097622e-05,  0.00000000e+00, -7.23681471e-03, ...,
          9.01674046e-01,  9.05790773e-01,  9.31258572e-01],
        [ 7.32462215e-03,  7.23681471e-03,  0.00000000e+00, ...,
          9.04779752e-01,  9.08833475e-01,  9.33870984e-01],
        ...,
        [-9.01636072e-01, -9.01674046e-01, -9.04779752e-01, ...,
          0.00000000e+00,  9.61670880e-03,  7.41584054e-02],
        [-9.05753563e-01, -9.05790773e-01, -9.08833475e-01, ...,
         -9.61670880e-03,  0.00000000e+00,  6.45647473e-02],
        [-9.31226574e-01, -9.31258572e-01, -9.33870984e-01, ...,
         -7.41584054e-02, -6.45647473e-02,  0.00000000e+00]]]), 'num': array([ 9.94819743e-01,  1.01637950e-01,  1.00924492e-04, -4.78812551e-09,
        1.92040798e-04,  1.92474788e-04,  1.89219859e-04,  1.76137216e-03,
        2.16995252e-07,  1.91563408e-04,  1.89643000e-04,  1.94539860e-04,
        1.35622032e-06,  2.00672231e-04,  1.78613770e-04])}
{'img': array([[[ 0.        ,  0.51408276,  0.75397443, ...,  0.99929073,
          0.99929073,  0.99894028],
        [-0.51408276,  0.        ,  0.30901157, ...,  0.83777345,
          0.87649098,  0.88049234],
        [-0.75397443, -0.30901157,  0.        , ...,  0.6280455 ,
          0.68483018,  0.69090939],
        ...,
        [-0.99929073, -0.83777345, -0.6280455 , ...,  0.        ,
          0.07526039,  0.08360946],
        [-0.99929073, -0.87649098, -0.68483018, ..., -0.07526039,
          0.        ,  0.00837546],
        [-0.99894028, -0.88049234, -0.69090939, ..., -0.08360946,
         -0.00837546,  0.        ]],

       [[ 0.        ,  0.217466  ,  0.70238613, ...,  0.07217701,
         -0.03393924, -0.21002478],
        [-0.217466  ,  0.        ,  0.53078509, ..., -0.14644916,
         -0.25046772, -0.4176141 ],
        [-0.70238613, -0.53078509,  0.        , ..., -0.64917888,
         -0.7261393 , -0.83621498],
        ...,
        [-0.07217701,  0.14644916,  0.64917888, ...,  0.        ,
         -0.10598615, -0.28004418],
        [ 0.03393924,  0.25046772,  0.7261393 , ...,  0.10598615,
          0.        , -0.17672152],
        [ 0.21002478,  0.4176141 ,  0.83621498, ...,  0.28004418,
          0.17672152,  0.        ]],

       [[ 0.        ,  0.41924595,  0.65133072, ...,  0.95810053,
          0.96104789,  0.96615655],
        [-0.41924595,  0.        ,  0.27320408, ...,  0.98991883,
          0.98838113,  0.98529434],
        [-0.65133072, -0.27320408,  0.        , ...,  0.91356297,
          0.90925337,  0.90112872],
        ...,
        [-0.95810053, -0.98991883, -0.91356297, ...,  0.        ,
         -0.01047337, -0.0295901 ],
        [-0.96104789, -0.98838113, -0.90925337, ...,  0.01047337,
          0.        , -0.01911969],
        [-0.96615655, -0.98529434, -0.90112872, ...,  0.0295901 ,
          0.01911969,  0.        ]],

       ...,

       [[ 0.        , -0.10679689,  0.11590716, ...,  0.39685982,
          0.37036394,  0.23959515],
        [ 0.10679689,  0.        ,  0.22132136, ...,  0.49261677,
          0.46744799,  0.34191108],
        [-0.11590716, -0.22132136,  0.        , ...,  0.28779624,
          0.26020309,  0.12544917],
        ...,
        [-0.39685982, -0.49261677, -0.28779624, ...,  0.        ,
         -0.02868845, -0.16538103],
        [-0.37036394, -0.46744799, -0.26020309, ...,  0.02868845,
          0.        , -0.13701956],
        [-0.23959515, -0.34191108, -0.12544917, ...,  0.16538103,
          0.13701956,  0.        ]],

       [[ 0.        ,  0.21286166,  0.40779319, ...,  0.97478112,
          0.99294456,  0.99932781],
        [-0.21286166,  0.        ,  0.20408902, ...,  0.99994429,
          0.99542963,  0.98422897],
        [-0.40779319, -0.20408902,  0.        , ...,  0.981052  ,
          0.95498809,  0.92741006],
        ...,
        [-0.97478112, -0.99994429, -0.981052  , ...,  0.        ,
         -0.10599953, -0.18727809],
        [-0.99294456, -0.99542963, -0.95498809, ...,  0.10599953,
          0.        , -0.08209892],
        [-0.99932781, -0.98422897, -0.92741006, ...,  0.18727809,
          0.08209892,  0.        ]],

       [[ 0.        , -0.00723681, -0.03476614, ...,  0.90579077,
          0.93125857,  0.94969819],
        [ 0.00723681,  0.        , -0.02753279, ...,  0.90883348,
          0.93387098,  0.95193965],
        [ 0.03476614,  0.02753279,  0.        , ...,  0.91997449,
          0.94336296,  0.96001167],
        ...,
        [-0.90579077, -0.90883348, -0.91997449, ...,  0.        ,
          0.06456475,  0.11874764],
        [-0.93125857, -0.93387098, -0.94336296, ..., -0.06456475,
          0.        ,  0.05439196],
        [-0.94969819, -0.95193965, -0.96001167, ..., -0.11874764,
         -0.05439196,  0.        ]]]), 'num': array([ 9.99572877e-01,  2.91128246e-02,  1.08674138e-04, -2.60137742e-09,
        1.93011148e-04,  1.93443424e-04,  1.89120666e-04,  2.49064352e-03,
        1.72910323e-06,  1.91022679e-04,  1.89077438e-04,  1.94250339e-04,
        1.51134023e-06,  2.00208519e-04,  1.77946357e-04])}
{'img': array([[[ 0.        ,  0.6210338 ,  0.43402485, ...,  0.99935049,
          0.9996347 ,  0.99898496],
        [-0.6210338 ,  0.        , -0.21930827, ...,  0.76089511,
          0.76671277,  0.8109627 ],
        [-0.43402485,  0.21930827,  0.        , ...,  0.88467522,
          0.8888414 ,  0.91953712],
        ...,
        [-0.99935049, -0.76089511, -0.88467522, ...,  0.        ,
          0.0090134 ,  0.08101525],
        [-0.9996347 , -0.76671277, -0.8888414 , ..., -0.0090134 ,
          0.        ,  0.07202818],
        [-0.99898496, -0.8109627 , -0.91953712, ..., -0.08101525,
         -0.07202818,  0.        ]],

       [[ 0.        ,  0.53078509,  0.35728807, ..., -0.25046772,
         -0.4176141 , -0.19776216],
        [-0.53078509,  0.        , -0.19294627, ..., -0.7261393 ,
         -0.83621498, -0.68790681],
        [-0.35728807,  0.19294627,  0.        , ..., -0.57983491,
         -0.71468986, -0.53494036],
        ...,
        [ 0.25046772,  0.7261393 ,  0.57983491, ...,  0.        ,
         -0.17672152,  0.05406251],
        [ 0.4176141 ,  0.83621498,  0.71468986, ...,  0.17672152,
          0.        ,  0.2296747 ],
        [ 0.19776216,  0.68790681,  0.53494036, ..., -0.05406251,
         -0.2296747 ,  0.        ]],

       [[ 0.        ,  0.5367795 ,  0.6913044 , ...,  0.97041578,
          0.97501827,  0.97297647],
        [-0.5367795 ,  0.        ,  0.19541176, ...,  0.94836166,
          0.94187689,  0.94486689],
        [-0.6913044 , -0.19541176,  0.        , ...,  0.86809561,
          0.85806853,  0.86266259],
        ...,
        [-0.97041578, -0.94836166, -0.86809561, ...,  0.        ,
         -0.01985499, -0.01084212],
        [-0.97501827, -0.94187689, -0.85806853, ...,  0.01985499,
          0.        ,  0.00901384],
        [-0.97297647, -0.94486689, -0.86266259, ...,  0.01084212,
         -0.00901384,  0.        ]],

       ...,

       [[ 0.        ,  0.22132136,  0.18617175, ...,  0.46744799,
          0.34191108,  0.56317082],
        [-0.22132136,  0.        , -0.03589717, ...,  0.26020309,
          0.12544917,  0.36631791],
        [-0.18617175,  0.03589717,  0.        , ...,  0.29469604,
          0.16098191,  0.39948376],
        ...,
        [-0.46744799, -0.26020309, -0.29469604, ...,  0.        ,
         -0.13701956,  0.11158338],
        [-0.34191108, -0.12544917, -0.16098191, ...,  0.13701956,
          0.        ,  0.24669484],
        [-0.56317082, -0.36631791, -0.39948376, ..., -0.11158338,
         -0.24669484,  0.        ]],

       [[ 0.        ,  0.35398787,  0.4326329 , ...,  0.99411146,
          0.99967501,  0.99928483],
        [-0.35398787,  0.        ,  0.08547502, ...,  0.96810172,
          0.9439702 ,  0.9479665 ],
        [-0.4326329 , -0.08547502,  0.        , ...,  0.94314236,
          0.91230618,  0.91728456],
        ...,
        [-0.99411146, -0.96810172, -0.94314236, ...,  0.        ,
         -0.08298447, -0.07069449],
        [-0.99967501, -0.9439702 , -0.91230618, ...,  0.08298447,
          0.        ,  0.01232618],
        [-0.99928483, -0.9479665 , -0.91728456, ...,  0.07069449,
         -0.01232618,  0.        ]],

       [[ 0.        , -0.02753279,  0.00254367, ...,  0.93387098,
          0.95193965,  0.95257405],
        [ 0.02753279,  0.        ,  0.03007541, ...,  0.94336296,
          0.96001167,  0.96059135],
        [-0.00254367, -0.03007541,  0.        , ...,  0.93295832,
          0.95115748,  0.95179691],
        ...,
        [-0.93387098, -0.94336296, -0.93295832, ...,  0.        ,
          0.05439196,  0.05646674],
        [-0.95193965, -0.96001167, -0.95115748, ..., -0.05439196,
          0.        ,  0.00207798],
        [-0.95257405, -0.96059135, -0.95179691, ..., -0.05646674,
         -0.00207798,  0.        ]]]), 'num': array([9.99686868e-01, 2.48688460e-02, 1.09162153e-04, 1.63402502e-08,
       1.93033272e-04, 1.93681760e-04, 1.89790831e-04, 2.72062347e-03,
       0.00000000e+00, 1.91520133e-04, 1.89196384e-04, 1.94690519e-04,
       1.42260908e-06, 2.00430086e-04, 1.77962682e-04])}
{'img': array([[[ 0.00000000e+00, -4.80896716e-01,  0.00000000e+00, ...,
          8.35181665e-01,  8.74488273e-01,  8.74488273e-01],
        [ 4.80896716e-01,  0.00000000e+00,  4.80896716e-01, ...,
          9.96749056e-01,  9.99988769e-01,  9.99988769e-01],
        [ 0.00000000e+00, -4.80896716e-01,  0.00000000e+00, ...,
          8.35181665e-01,  8.74488273e-01,  8.74488273e-01],
        ...,
        [-8.35181665e-01, -9.96749056e-01, -8.35181665e-01, ...,
          0.00000000e+00,  7.58438864e-02,  7.58438864e-02],
        [-8.74488273e-01, -9.99988769e-01, -8.74488273e-01, ...,
         -7.58438864e-02,  0.00000000e+00,  0.00000000e+00],
        [-8.74488273e-01, -9.99988769e-01, -8.74488273e-01, ...,
         -7.58438864e-02,  0.00000000e+00,  0.00000000e+00]],

       [[ 0.00000000e+00, -1.92946268e-01, -4.41374017e-01, ...,
         -8.36214977e-01, -6.87906807e-01, -6.62924292e-01],
        [ 1.92946268e-01,  0.00000000e+00, -2.59945132e-01, ...,
         -7.14689855e-01, -5.34940360e-01, -5.06011242e-01],
        [ 4.41374017e-01,  2.59945132e-01,  0.00000000e+00, ...,
         -5.08304827e-01, -2.96925927e-01, -2.64406625e-01],
        ...,
        [ 8.36214977e-01,  7.14689855e-01,  5.08304827e-01, ...,
          0.00000000e+00,  2.29674697e-01,  2.62513952e-01],
        [ 6.87906807e-01,  5.34940360e-01,  2.96925927e-01, ...,
         -2.29674697e-01,  0.00000000e+00,  3.38766935e-02],
        [ 6.62924292e-01,  5.06011242e-01,  2.64406625e-01, ...,
         -2.62513952e-01, -3.38766935e-02,  0.00000000e+00]],

       [[ 0.00000000e+00,  4.95563995e-01,  6.36315927e-01, ...,
          9.87726954e-01,  9.86173806e-01,  9.82423308e-01],
        [-4.95563995e-01,  0.00000000e+00,  1.70393609e-01, ...,
          9.35313788e-01,  9.38684425e-01,  9.45810095e-01],
        [-6.36315927e-01, -1.70393609e-01,  0.00000000e+00, ...,
          8.61347281e-01,  8.66209290e-01,  8.76648382e-01],
        ...,
        [-9.87726954e-01, -9.35313788e-01, -8.61347281e-01, ...,
          0.00000000e+00,  9.64951026e-03,  3.09305338e-02],
        [-9.86173806e-01, -9.38684425e-01, -8.66209290e-01, ...,
         -9.64951026e-03,  0.00000000e+00,  2.12842004e-02],
        [-9.82423308e-01, -9.45810095e-01, -8.76648382e-01, ...,
         -3.09305338e-02, -2.12842004e-02,  0.00000000e+00]],

       ...,

       [[ 0.00000000e+00, -3.58971731e-02, -2.11552182e-01, ...,
          1.25449172e-01,  3.66317908e-01,  2.32478002e-01],
        [ 3.58971731e-02,  0.00000000e+00, -1.76331132e-01, ...,
          1.60981906e-01,  3.99483764e-01,  2.67241817e-01],
        [ 2.11552182e-01,  1.76331132e-01,  0.00000000e+00, ...,
          3.32490773e-01,  5.54874065e-01,  4.32972261e-01],
        ...,
        [-1.25449172e-01, -1.60981906e-01, -3.32490773e-01, ...,
          0.00000000e+00,  2.46694845e-01,  1.08629365e-01],
        [-3.66317908e-01, -3.99483764e-01, -5.54874065e-01, ...,
