state_0,state_1,state_2,state_3,state_4,state_5,state_6,state_7,state_8,state_9,state_10,state_11,state_12,state_13,state_14,state_15,state_16,state_17,state_18,state_19,state_20,state_21,state_22,state_23,state_24,state_25,state_26,state_27,state_28,state_29,state_30,state_31,state_32,state_33,state_34,state_35,state_36,state_37,state_38,state_39,state_40,state_41,state_42,state_43,state_44,state_45,state_46,state_47,state_48,state_49,state_50,state_51,state_52,state_53,state_54,state_55,state_56,state_57,state_58,state_59,state_60,state_61,state_62,state_63,state_64,state_65,state_66,state_67,state_68,state_69,state_70,state_71,state_72,state_73,state_74,state_75,state_76,state_77,state_78,state_79,state_80,state_81,state_82,state_83,state_84,state_85,state_86,state_87,state_88,state_89,state_90,state_91,state_92,state_93,state_94,state_95,state_96,state_97,state_98,state_99,state_100,state_101,state_102,state_103,state_104,state_105,state_106,state_107,state_108,state_109,state_110,state_111,state_112,state_113,state_114,state_115,state_116,state_117,state_118,state_119,state_120,state_121,state_122,state_123,state_124,state_125,state_126,state_127,state_128,state_129,state_130,state_131,state_132,state_133,state_134,state_135,state_136,state_137,state_138,state_139,state_140,state_141,state_142,state_143,state_144,state_145,state_146,state_147,state_148,state_149,state_150,state_151,state_152,state_153,state_154,state_155,state_156,state_157,state_158,state_159,state_160,state_161,state_162,state_163,state_164,state_165,state_166,state_167,state_168,state_169,state_170,state_171,state_172,state_173,state_174,state_175,state_176,state_177,state_178,state_179,state_180,state_181,state_182,state_183,state_184,state_185,state_186,state_187,state_188,state_189,state_190,state_191,state_192,state_193,state_194,state_195,state_196,state_197,state_198,state_199,state_200,state_201,state_202,state_203,state_204,state_205,state_206,state_207,state_208,state_209,state_210,state_211,state_212,state_213,state_214,state_215,state_216,state_217,state_218,state_219,state_220,state_221,state_222,state_223,state_224,state_225,state_226,state_227,state_228,state_229,state_230,state_231,state_232,state_233,state_234,state_235,state_236,state_237,state_238,state_239,state_240,state_241,state_242,state_243,state_244,state_245,state_246,state_247,state_248,state_249,state_250,state_251,state_252,state_253,state_254,state_255,state_256,state_257,state_258,state_259,state_260,state_261,state_262,state_263,state_264,state_265,state_266,state_267,state_268,state_269,state_270,state_271,state_272,state_273,state_274,state_275,state_276,state_277,state_278,state_279,state_280,state_281,state_282,state_283,state_284,state_285,state_286,state_287
{'img': array([[[ 0.        , -0.37711528, -0.07419252, ..., -0.57495957,
         -0.81242364, -0.76259439],
        [ 0.37711528,  0.        ,  0.30736131, ..., -0.22395933,
         -0.53255571, -0.46234206],
        [ 0.07419252, -0.30736131,  0.        , ..., -0.51267198,
         -0.76692529, -0.7124992 ],
        ...,
        [ 0.57495957,  0.22395933,  0.51267198, ...,  0.        ,
         -0.32946995, -0.25201277],
        [ 0.81242364,  0.53255571,  0.76692529, ...,  0.32946995,
          0.        ,  0.08089404],
        [ 0.76259439,  0.46234206,  0.7124992 , ...,  0.25201277,
         -0.08089404,  0.        ]],

       [[ 0.        ,  0.27556964, -0.76522626, ..., -0.99920325,
         -0.98434993, -0.99604614],
        [-0.27556964,  0.        , -0.91299865, ..., -0.97151336,
         -0.99479922, -0.93299946],
        [ 0.76522626,  0.91299865,  0.        , ..., -0.61270787,
         -0.49883461, -0.70919677],
        ...,
        [ 0.99920325,  0.97151336,  0.61270787, ...,  0.        ,
          0.13679847, -0.12851939],
        [ 0.98434993,  0.99479922,  0.49883461, ..., -0.13679847,
          0.        , -0.26297516],
        [ 0.99604614,  0.93299946,  0.70919677, ...,  0.12851939,
          0.26297516,  0.        ]],

       [[ 0.        , -0.24355617, -0.35718952, ..., -0.9152671 ,
         -0.94362439, -0.96174115],
        [ 0.24355617,  0.        , -0.11894416, ..., -0.78958947,
         -0.83458732, -0.86605544],
        [ 0.35718952,  0.11894416,  0.        , ..., -0.71099577,
         -0.7631391 , -0.80044138],
        ...,
        [ 0.9152671 ,  0.78958947,  0.71099577, ...,  0.        ,
         -0.07716675, -0.13668868],
        [ 0.94362439,  0.83458732,  0.7631391 , ...,  0.07716675,
          0.        , -0.05983863],
        [ 0.96174115,  0.86605544,  0.80044138, ...,  0.13668868,
          0.05983863,  0.        ]],

       ...,

       [[ 0.        , -0.65239278,  0.07922883, ...,  0.99725474,
          0.99814397,  0.98714296],
        [ 0.65239278,  0.        ,  0.71038799, ...,  0.70749265,
          0.79620406,  0.8524153 ],
        [-0.07922883, -0.71038799,  0.        , ...,  0.9999865 ,
          0.99018135,  0.9713759 ],
        ...,
        [-0.99725474, -0.70749265, -0.9999865 , ...,  0.        ,
         -0.1346409 , -0.23249616],
        [-0.99814397, -0.79620406, -0.99018135, ...,  0.1346409 ,
          0.        , -0.09942777],
        [-0.98714296, -0.8524153 , -0.9713759 , ...,  0.23249616,
          0.09942777,  0.        ]],

       [[ 0.        ,  0.20333242,  0.14853579, ..., -0.99591986,
         -0.96144299, -0.62236658],
        [-0.20333242,  0.        , -0.05564401, ..., -0.95676573,
         -0.88544093, -0.45021164],
        [-0.14853579,  0.05564401,  0.        , ..., -0.97146798,
         -0.90992975, -0.49919987],
        ...,
        [ 0.99591986,  0.95676573,  0.97146798, ...,  0.        ,
         -0.18711969, -0.72336865],
        [ 0.96144299,  0.88544093,  0.90992975, ...,  0.18711969,
          0.        , -0.58139284],
        [ 0.62236658,  0.45021164,  0.49919987, ...,  0.72336865,
          0.58139284,  0.        ]],

       [[ 0.        , -0.6289576 , -0.71134027, ..., -0.62342471,
         -0.63418338, -0.69923209],
        [ 0.6289576 ,  0.        , -0.11096263, ..., -0.97644656,
         -0.97933839, -0.9932492 ],
        [ 0.71134027,  0.11096263,  0.        , ..., -0.99435782,
         -0.99573036, -0.99998715],
        ...,
        [ 0.62342471,  0.97644656,  0.99435782, ...,  0.        ,
          0.01383627,  0.10103491],
        [ 0.63418338,  0.97933839,  0.99573036, ..., -0.01383627,
          0.        ,  0.08725977],
        [ 0.69923209,  0.9932492 ,  0.99998715, ..., -0.10103491,
         -0.08725977,  0.        ]]]), 'num': array([7.07101935e-01, 7.07101935e-01, 0.00000000e+00, 0.00000000e+00,
       2.81538419e-04, 2.81921465e-04, 2.68514873e-04, 3.62017038e-03,
       1.49387733e-05, 2.72268719e-04, 2.68055219e-04, 2.83830308e-04,
       5.17111383e-07, 2.82165857e-04, 2.53944581e-04])}
{'img': array([[[ 0.        ,  0.30736131,  0.23756784, ..., -0.53255571,
         -0.46234206,  0.08389348],
        [-0.30736131,  0.        , -0.07249398, ..., -0.76692529,
         -0.7124992 , -0.22644534],
        [-0.23756784,  0.07249398,  0.        , ..., -0.71838537,
         -0.65975745, -0.15523866],
        ...,
        [ 0.53255571,  0.76692529,  0.71838537, ...,  0.        ,
          0.08089404,  0.60168533],
        [ 0.46234206,  0.7124992 ,  0.65975745, ..., -0.08089404,
          0.        ,  0.53510067],
        [-0.08389348,  0.22644534,  0.15523866, ..., -0.60168533,
         -0.53510067,  0.        ]],

       [[ 0.        , -0.91299865, -0.98135604, ..., -0.99479922,
         -0.93299946, -0.71403615],
        [ 0.91299865,  0.        , -0.22487942, ..., -0.49883461,
         -0.70919677,  0.3478984 ],
        [ 0.98135604,  0.22487942,  0.        , ..., -0.2911554 ,
         -0.53248945,  0.54981924],
        ...,
        [ 0.99479922,  0.49883461,  0.2911554 , ...,  0.        ,
         -0.26297516,  0.7691961 ],
        [ 0.93299946,  0.70919677,  0.53248945, ...,  0.26297516,
          0.        ,  0.91016689],
        [ 0.71403615, -0.3478984 , -0.54981924, ..., -0.7691961 ,
         -0.91016689,  0.        ]],

       [[ 0.        , -0.11894416, -0.23397803, ..., -0.83458732,
         -0.86605544, -0.81698757],
        [ 0.11894416,  0.        , -0.11667452, ..., -0.7631391 ,
         -0.80044138, -0.74259795],
        [ 0.23397803,  0.11667452,  0.        , ..., -0.68252795,
         -0.72503853, -0.65938486],
        ...,
        [ 0.83458732,  0.7631391 ,  0.68252795, ...,  0.        ,
         -0.05983863,  0.03121062],
        [ 0.86605544,  0.80044138,  0.72503853, ...,  0.05983863,
          0.        ,  0.09096417],
        [ 0.81698757,  0.74259795,  0.65938486, ..., -0.03121062,
         -0.09096417,  0.        ]],

       ...,

       [[ 0.        ,  0.71038799,  0.73653924, ...,  0.79620406,
          0.8524153 ,  0.69840348],
        [-0.71038799,  0.        ,  0.03788113, ...,  0.99018135,
          0.9713759 ,  0.99997125],
        [-0.73653924, -0.03788113,  0.        , ...,  0.98417529,
          0.96168013,  0.99954076],
        ...,
        [-0.79620406, -0.99018135, -0.98417529, ...,  0.        ,
         -0.09942777,  0.14729285],
        [-0.8524153 , -0.9713759 , -0.96168013, ...,  0.09942777,
          0.        ,  0.24490629],
        [-0.69840348, -0.99997125, -0.99954076, ..., -0.14729285,
         -0.24490629,  0.        ]],

       [[ 0.        , -0.05556616,  0.00229517, ..., -0.88891791,
         -0.53880175, -0.44965239],
        [ 0.05556616,  0.        ,  0.05785764, ..., -0.91299754,
         -0.58478005, -0.49858958],
        [-0.00229517, -0.05785764,  0.        , ..., -0.88786423,
         -0.5368668 , -0.44760115],
        ...,
        [ 0.88891791,  0.91299754,  0.88786423, ...,  0.        ,
         -0.50204637, -0.58801399],
        [ 0.53880175,  0.58478005,  0.5368668 , ...,  0.50204637,
          0.        , -0.10245785],
        [ 0.44965239,  0.49858958,  0.44760115, ...,  0.58801399,
          0.10245785,  0.        ]],

       [[ 0.        , -0.4010224 , -0.5632411 , ..., -0.66730791,
         -0.73395736, -0.73667095],
        [ 0.4010224 ,  0.        , -0.18460545, ..., -0.90997383,
         -0.94472766, -0.94603281],
        [ 0.5632411 ,  0.18460545,  0.        , ..., -0.97088339,
         -0.98901438, -0.98959832],
        ...,
        [ 0.66730791,  0.90997383,  0.97088339, ...,  0.        ,
          0.09340563,  0.09739135],
        [ 0.73395736,  0.94472766,  0.98901438, ..., -0.09340563,
          0.        ,  0.00400397],
        [ 0.73667095,  0.94603281,  0.98959832, ..., -0.09739135,
         -0.00400397,  0.        ]]]), 'num': array([ 7.45922978e-01,  6.66025262e-01,  2.18299772e-06, -1.23336174e-11,
        2.95917468e-04,  3.04811162e-04,  2.94704692e-04,  2.92917868e-03,
       -1.21277651e-06,  2.88398254e-04,  2.83365231e-04,  2.99569273e-04,
        5.41239103e-07,  2.99240770e-04,  2.67489693e-04])}
{'img': array([[[ 0.00000000e+00, -7.24939788e-02,  4.43037164e-02, ...,
         -7.12499201e-01, -2.26445338e-01, -2.67168616e-01],
        [ 7.24939788e-02,  0.00000000e+00,  1.16609944e-01, ...,
         -6.59757447e-01, -1.55238660e-01, -1.96606847e-01],
        [-4.43037164e-02, -1.16609944e-01,  0.00000000e+00, ...,
         -7.42886322e-01, -2.69375871e-01, -3.09599552e-01],
        ...,
        [ 7.12499201e-01,  6.59757447e-01,  7.42886322e-01, ...,
          0.00000000e+00,  5.35100671e-01,  4.99134727e-01],
        [ 2.26445338e-01,  1.55238660e-01,  2.69375871e-01, ...,
         -5.35100671e-01,  0.00000000e+00, -4.20146066e-02],
        [ 2.67168616e-01,  1.96606847e-01,  3.09599552e-01, ...,
         -4.99134727e-01,  4.20146066e-02,  0.00000000e+00]],

       [[ 0.00000000e+00, -2.24879420e-01, -2.24166341e-01, ...,
         -7.09196768e-01,  3.47898399e-01,  3.64581102e-02],
        [ 2.24879420e-01,  0.00000000e+00,  7.31761558e-04, ...,
         -5.32489454e-01,  5.49819244e-01,  2.60254210e-01],
        [ 2.24166341e-01, -7.31761558e-04,  0.00000000e+00, ...,
         -5.33108701e-01,  5.49207868e-01,  2.59547595e-01],
        ...,
        [ 7.09196768e-01,  5.32489454e-01,  5.33108701e-01, ...,
          0.00000000e+00,  9.10166894e-01,  7.34428636e-01],
        [-3.47898399e-01, -5.49819244e-01, -5.49207868e-01, ...,
         -9.10166894e-01,  0.00000000e+00, -3.13486456e-01],
        [-3.64581102e-02, -2.60254210e-01, -2.59547595e-01, ...,
         -7.34428636e-01,  3.13486456e-01,  0.00000000e+00]],

       [[ 0.00000000e+00, -1.16674520e-01, -1.78262290e-01, ...,
         -8.00441378e-01, -7.42597952e-01, -7.08320911e-01],
        [ 1.16674520e-01,  0.00000000e+00, -6.22390509e-02, ...,
         -7.25038532e-01, -6.59384862e-01, -6.21123782e-01],
        [ 1.78262290e-01,  6.22390509e-02,  0.00000000e+00, ...,
         -6.80768327e-01, -6.11314829e-01, -5.71142071e-01],
        ...,
        [ 8.00441378e-01,  7.25038532e-01,  6.80768327e-01, ...,
          0.00000000e+00,  9.09641709e-02,  1.40448638e-01],
        [ 7.42597952e-01,  6.59384862e-01,  6.11314829e-01, ...,
         -9.09641709e-02,  0.00000000e+00,  4.98038300e-02],
        [ 7.08320911e-01,  6.21123782e-01,  5.71142071e-01, ...,
         -1.40448638e-01, -4.98038300e-02,  0.00000000e+00]],

       ...,

       [[ 0.00000000e+00,  3.78811324e-02,  2.48901624e-01, ...,
          9.71375901e-01,  9.99971252e-01,  9.99665144e-01],
        [-3.78811324e-02,  0.00000000e+00,  2.12034009e-01, ...,
          9.61680127e-01,  9.99540761e-01,  9.97967401e-01],
        [-2.48901624e-01, -2.12034009e-01,  0.00000000e+00, ...,
          8.81679527e-01,  9.70388243e-01,  9.61763721e-01],
        ...,
        [-9.71375901e-01, -9.61680127e-01, -8.81679527e-01, ...,
          0.00000000e+00,  2.44906289e-01,  2.12332120e-01],
        [-9.99971252e-01, -9.99540761e-01, -9.70388243e-01, ...,
         -2.44906289e-01,  0.00000000e+00, -3.34559103e-02],
        [-9.99665144e-01, -9.97967401e-01, -9.61763721e-01, ...,
         -2.12332120e-01,  3.34559103e-02,  0.00000000e+00]],

       [[ 0.00000000e+00,  5.78576439e-02,  5.90958060e-02, ...,
         -5.84780049e-01, -4.98589578e-01, -7.94598506e-01],
        [-5.78576439e-02,  0.00000000e+00,  1.24028428e-03, ...,
         -5.36866799e-01, -4.47601148e-01, -7.58140014e-01],
        [-5.90958060e-02, -1.24028428e-03,  0.00000000e+00, ...,
         -5.35819999e-01, -4.46491700e-01, -7.57330651e-01],
        ...,
        [ 5.84780049e-01,  5.36866799e-01,  5.35819999e-01, ...,
          0.00000000e+00, -1.02457848e-01,  2.89531287e-01],
        [ 4.98589578e-01,  4.47601148e-01,  4.46491700e-01, ...,
          1.02457848e-01,  0.00000000e+00,  3.86077014e-01],
        [ 7.94598506e-01,  7.58140014e-01,  7.57330651e-01, ...,
         -2.89531287e-01, -3.86077014e-01,  0.00000000e+00]],

       [[ 0.00000000e+00, -3.46297406e-01, -4.60088896e-01, ...,
         -8.04240509e-01, -8.06672050e-01, -7.84063172e-01],
        [ 3.46297406e-01,  0.00000000e+00, -1.24152729e-01, ...,
         -9.60283874e-01, -9.61420575e-01, -9.50489323e-01],
        [ 4.60088896e-01,  1.24152729e-01,  0.00000000e+00, ...,
         -9.87495973e-01, -9.88134444e-01, -9.81716858e-01],
        ...,
        [ 8.04240509e-01,  9.60283874e-01,  9.87495973e-01, ...,
          0.00000000e+00,  4.10280004e-03, -3.32049763e-02],
        [ 8.06672050e-01,  9.61420575e-01,  9.88134444e-01, ...,
         -4.10280004e-03,  0.00000000e+00, -3.73052344e-02],
        [ 7.84063172e-01,  9.50489323e-01,  9.81716858e-01, ...,
          3.32049763e-02,  3.73052344e-02,  0.00000000e+00]]]), 'num': array([ 7.40751573e-01,  6.71777071e-01,  1.88712726e-06, -3.82897907e-10,
        2.93508516e-04,  2.96319131e-04,  2.90296384e-04,  1.41614848e-03,
       -4.01516438e-07,  2.87887286e-04,  2.81764160e-04,  2.97403225e-04,
        5.65614460e-07,  2.98225110e-04,  2.65303210e-04])}
{'img': array([[[ 0.00000000e+00,  1.16609944e-01,  3.92785072e-01, ...,
         -1.55238660e-01, -1.96606847e-01, -2.10305676e-01],
        [-1.16609944e-01,  0.00000000e+00,  2.82867371e-01, ...,
         -2.69375871e-01, -3.09599552e-01, -3.22872969e-01],
        [-3.92785072e-01, -2.82867371e-01,  0.00000000e+00, ...,
         -5.30785512e-01, -5.65924466e-01, -5.77404173e-01],
        ...,
        [ 1.55238660e-01,  2.69375871e-01,  5.30785512e-01, ...,
          0.00000000e+00, -4.20146066e-02, -5.59892866e-02],
        [ 1.96606847e-01,  3.09599552e-01,  5.65924466e-01, ...,
          4.20146066e-02,  0.00000000e+00, -1.39911467e-02],
        [ 2.10305676e-01,  3.22872969e-01,  5.77404173e-01, ...,
          5.59892866e-02,  1.39911467e-02,  0.00000000e+00]],

       [[ 0.00000000e+00,  7.31761558e-04,  2.93995615e-01, ...,
          5.49819244e-01,  2.60254210e-01, -3.37090329e-01],
        [-7.31761558e-04,  0.00000000e+00,  2.93296114e-01, ...,
          5.49207868e-01,  2.59547595e-01, -3.37779172e-01],
        [-2.93995615e-01, -2.93296114e-01,  0.00000000e+00, ...,
          2.79951221e-01, -3.51118296e-02, -5.98981949e-01],
        ...,
        [-5.49819244e-01, -5.49207868e-01, -2.79951221e-01, ...,
          0.00000000e+00, -3.13486456e-01, -7.99205639e-01],
        [-2.60254210e-01, -2.59547595e-01,  3.51118296e-02, ...,
          3.13486456e-01,  0.00000000e+00, -5.70496373e-01],
        [ 3.37090329e-01,  3.37779172e-01,  5.98981949e-01, ...,
          7.99205639e-01,  5.70496373e-01,  0.00000000e+00]],

       [[ 0.00000000e+00, -6.22390509e-02, -3.69401325e-03, ...,
         -6.59384862e-01, -6.21123782e-01, -5.66889832e-01],
        [ 6.22390509e-02,  0.00000000e+00,  5.85517747e-02, ...,
         -6.11314829e-01, -5.71142071e-01, -5.14518653e-01],
        [ 3.69401325e-03, -5.85517747e-02,  0.00000000e+00, ...,
         -6.56603184e-01, -6.18224500e-01, -5.63842859e-01],
        ...,
        [ 6.59384862e-01,  6.11314829e-01,  6.56603184e-01, ...,
          0.00000000e+00,  4.98038300e-02,  1.17006110e-01],
        [ 6.21123782e-01,  5.71142071e-01,  6.18224500e-01, ...,
         -4.98038300e-02,  0.00000000e+00,  6.73991709e-02],
        [ 5.66889832e-01,  5.14518653e-01,  5.63842859e-01, ...,
         -1.17006110e-01, -6.73991709e-02,  0.00000000e+00]],

       ...,

       [[ 0.00000000e+00,  2.12034009e-01,  6.16758879e-01, ...,
          9.99540761e-01,  9.97967401e-01,  9.83913359e-01],
        [-2.12034009e-01,  0.00000000e+00,  4.35832170e-01, ...,
          9.70388243e-01,  9.61763721e-01,  9.99420512e-01],
        [-6.16758879e-01, -4.35832170e-01,  0.00000000e+00, ...,
          7.68101054e-01,  7.46248289e-01,  8.84671196e-01],
        ...,
        [-9.99540761e-01, -9.70388243e-01, -7.68101054e-01, ...,
          0.00000000e+00, -3.34559103e-02,  2.08379704e-01],
        [-9.97967401e-01, -9.61763721e-01, -7.46248289e-01, ...,
          3.34559103e-02,  0.00000000e+00,  2.40984538e-01],
        [-9.83913359e-01, -9.99420512e-01, -8.84671196e-01, ...,
         -2.08379704e-01, -2.40984538e-01,  0.00000000e+00]],

       [[ 0.00000000e+00,  1.24028428e-03, -1.63714040e-01, ...,
         -4.47601148e-01, -7.58140014e-01, -8.32788992e-01],
        [-1.24028428e-03,  0.00000000e+00, -1.64937464e-01, ...,
         -4.46491700e-01, -7.57330651e-01, -8.32101741e-01],
        [ 1.63714040e-01,  1.64937464e-01,  0.00000000e+00, ...,
         -5.87960588e-01, -8.54667649e-01, -9.12183412e-01],
        ...,
        [ 4.47601148e-01,  4.46491700e-01,  5.87960588e-01, ...,
          0.00000000e+00,  3.86077014e-01,  4.96919891e-01],
        [ 7.58140014e-01,  7.57330651e-01,  8.54667649e-01, ...,
         -3.86077014e-01,  0.00000000e+00,  1.23355729e-01],
        [ 8.32788992e-01,  8.32101741e-01,  9.12183412e-01, ...,
         -4.96919891e-01, -1.23355729e-01,  0.00000000e+00]],

       [[ 0.00000000e+00, -1.24152729e-01, -1.13458383e-01, ...,
         -9.61420575e-01, -9.50489323e-01, -9.41487812e-01],
        [ 1.24152729e-01,  0.00000000e+00,  1.07704746e-02, ...,
         -9.88134444e-01, -9.81716858e-01, -9.76048943e-01],
        [ 1.13458383e-01, -1.07704746e-02,  0.00000000e+00, ...,
         -9.86422877e-01, -9.79609787e-01, -9.73649201e-01],
        ...,
        [ 9.61420575e-01,  9.88134444e-01,  9.86422877e-01, ...,
          0.00000000e+00, -3.73052344e-02, -6.50569617e-02],
        [ 9.50489323e-01,  9.81716858e-01,  9.79609787e-01, ...,
          3.73052344e-02,  0.00000000e+00, -2.77854714e-02],
        [ 9.41487812e-01,  9.76048943e-01,  9.73649201e-01, ...,
          6.50569617e-02,  2.77854714e-02,  0.00000000e+00]]]), 'num': array([ 7.35649101e-01,  6.77360849e-01,  1.61239979e-06, -4.99340097e-10,
        2.88555705e-04,  2.96537882e-04,  2.87358378e-04,  1.42042843e-03,
       -3.19287087e-06,  2.88715348e-04,  2.81012547e-04,  2.95466940e-04,
        5.25655569e-07,  2.97058312e-04,  2.64966783e-04])}
{'img': array([[[ 0.        ,  0.28286737,  0.21712308, ..., -0.30959955,
         -0.32287297, -0.42664396],
        [-0.28286737,  0.        , -0.06786379, ..., -0.56592447,
         -0.57740417, -0.66505022],
        [-0.21712308,  0.06786379,  0.        , ..., -0.508669  ,
         -0.52066506, -0.61283643],
        ...,
        [ 0.30959955,  0.56592447,  0.508669  , ...,  0.        ,
         -0.01399115, -0.12567375],
        [ 0.32287297,  0.57740417,  0.52066506, ...,  0.01399115,
          0.        , -0.11178123],
        [ 0.42664396,  0.66505022,  0.61283643, ...,  0.12567375,
          0.11178123,  0.        ]],

       [[ 0.        ,  0.29329611, -0.28247257, ...,  0.2595476 ,
         -0.33777917, -0.33178206],
        [-0.29329611,  0.        , -0.55140163, ..., -0.03511183,
         -0.59898195, -0.5938735 ],
        [ 0.28247257,  0.55140163,  0.        , ...,  0.52176994,
         -0.05815289, -0.05179815],
        ...,
        [-0.2595476 ,  0.03511183, -0.52176994, ...,  0.        ,
         -0.57049637, -0.5652578 ],
        [ 0.33777917,  0.59898195,  0.05815289, ...,  0.57049637,
          0.        ,  0.00636433],
        [ 0.33178206,  0.5938735 ,  0.05179815, ...,  0.5652578 ,
         -0.00636433,  0.        ]],

       [[ 0.        ,  0.05855177,  0.20494823, ..., -0.57114207,
         -0.51451865, -0.41120414],
        [-0.05855177,  0.        ,  0.14728773, ..., -0.6182245 ,
         -0.56384286, -0.46387115],
        [-0.20494823, -0.14728773,  0.        , ..., -0.72725034,
         -0.67933571, -0.58929462],
        ...,
        [ 0.57114207,  0.6182245 ,  0.72725034, ...,  0.        ,
          0.06739917,  0.18308329],
        [ 0.51451865,  0.56384286,  0.67933571, ..., -0.06739917,
          0.        ,  0.11640703],
        [ 0.41120414,  0.46387115,  0.58929462, ..., -0.18308329,
         -0.11640703,  0.        ]],

       ...,

       [[ 0.        ,  0.43583217,  0.36955148, ...,  0.96176372,
          0.99942051,  0.94305119],
        [-0.43583217,  0.        , -0.07237306, ...,  0.74624829,
          0.8846712 ,  0.70379389],
        [-0.36955148,  0.07237306,  0.        , ...,  0.79246776,
          0.9160927 ,  0.75336241],
        ...,
        [-0.96176372, -0.74624829, -0.79246776, ...,  0.        ,
          0.24098454, -0.06164507],
        [-0.99942051, -0.8846712 , -0.9160927 , ..., -0.24098454,
          0.        , -0.30035455],
        [-0.94305119, -0.70379389, -0.75336241, ...,  0.06164507,
          0.30035455,  0.        ]],

       [[ 0.        , -0.16493746, -0.28122661, ..., -0.75733065,
         -0.83210174, -0.86599491],
        [ 0.16493746,  0.        , -0.11909412, ..., -0.85466765,
         -0.91218341, -0.93661171],
        [ 0.28122661,  0.11909412,  0.        , ..., -0.9104157 ,
         -0.95449402, -0.97167271],
        ...,
        [ 0.75733065,  0.85466765,  0.9104157 , ...,  0.        ,
          0.12335573,  0.18681673],
        [ 0.83210174,  0.91218341,  0.95449402, ..., -0.12335573,
          0.        ,  0.06420589],
        [ 0.86599491,  0.93661171,  0.97167271, ..., -0.18681673,
         -0.06420589,  0.        ]],

       [[ 0.        ,  0.01077047,  0.00681506, ..., -0.98171686,
         -0.97604894, -0.99184584],
        [-0.01077047,  0.        , -0.00395556, ..., -0.97960979,
         -0.9736492 , -0.99041568],
        [-0.00681506,  0.00395556,  0.        , ..., -0.98039683,
         -0.97454365, -0.99095427],
        ...,
        [ 0.98171686,  0.97960979,  0.98039683, ...,  0.        ,
         -0.02778547,  0.06368159],
        [ 0.97604894,  0.9736492 ,  0.97454365, ...,  0.02778547,
          0.        ,  0.09138607],
        [ 0.99184584,  0.99041568,  0.99095427, ..., -0.06368159,
         -0.09138607,  0.        ]]]), 'num': array([ 9.04877976e-01,  4.25667727e-01,  1.34232563e-05, -1.54719876e-09,
        3.52879418e-04,  3.54362104e-04,  3.50408273e-04,  1.35359405e-03,
       -4.44805989e-06,  3.59304393e-04,  3.49370393e-04,  3.65556388e-04,
        5.25968346e-07,  3.66344547e-04,  3.32396239e-04])}
{'img': array([[[ 0.        , -0.06786379, -0.17932918, ..., -0.57740417,
         -0.66505022, -0.75460005],
        [ 0.06786379,  0.        , -0.11215209, ..., -0.52066506,
         -0.61283643, -0.7083292 ],
        [ 0.17932918,  0.11215209,  0.        , ..., -0.42162912,
         -0.52034639, -0.62469421],
        ...,
        [ 0.57740417,  0.52066506,  0.42162912, ...,  0.        ,
         -0.11178123, -0.23721564],
        [ 0.66505022,  0.61283643,  0.52034639, ...,  0.11178123,
          0.        , -0.12713831],
        [ 0.75460005,  0.7083292 ,  0.62469421, ...,  0.23721564,
          0.12713831,  0.        ]],

       [[ 0.        , -0.55140163, -0.63890351, ..., -0.59898195,
         -0.5938735 , -0.72739506],
        [ 0.55140163,  0.        , -0.10881278, ..., -0.05815289,
         -0.05179815, -0.22843976],
        [ 0.63890351,  0.10881278,  0.        , ...,  0.05082104,
          0.05717611, -0.12114779],
        ...,
        [ 0.59898195,  0.05815289, -0.05082104, ...,  0.        ,
          0.00636433, -0.17143796],
        [ 0.5938735 ,  0.05179815, -0.05717611, ..., -0.00636433,
          0.        , -0.17770459],
        [ 0.72739506,  0.22843976,  0.12114779, ...,  0.17143796,
          0.17770459,  0.        ]],

       [[ 0.        ,  0.14728773,  0.18619978, ..., -0.56384286,
         -0.46387115, -0.40589761],
        [-0.14728773,  0.        ,  0.03945707, ..., -0.67933571,
         -0.58929462, -0.53607976],
        [-0.18619978, -0.03945707,  0.        , ..., -0.70776138,
         -0.62071381, -0.56897067],
        ...,
        [ 0.56384286,  0.67933571,  0.70776138, ...,  0.        ,
          0.11640703,  0.18008289],
        [ 0.46387115,  0.58929462,  0.62071381, ..., -0.11640703,
          0.        ,  0.06435467],
        [ 0.40589761,  0.53607976,  0.56897067, ..., -0.18008289,
         -0.06435467,  0.        ]],

       ...,

       [[ 0.        , -0.07237306, -0.00273125, ...,  0.8846712 ,
          0.70379389,  0.22071269],
        [ 0.07237306,  0.        ,  0.0696487 , ...,  0.9160927 ,
          0.75336241,  0.29072216],
        [ 0.00273125, -0.0696487 ,  0.        , ...,  0.88594125,
          0.70573155,  0.22337576],
        ...,
        [-0.8846712 , -0.9160927 , -0.88594125, ...,  0.        ,
         -0.30035455, -0.75995453],
        [-0.70379389, -0.75336241, -0.70573155, ...,  0.30035455,
          0.        , -0.52964231],
        [-0.22071269, -0.29072216, -0.22337576, ...,  0.75995453,
          0.52964231,  0.        ]],

       [[ 0.        , -0.11909412, -0.26549893, ..., -0.91218341,
         -0.93661171, -0.88141949],
        [ 0.11909412,  0.        , -0.1487894 , ..., -0.95449402,
         -0.97167271, -0.93139864],
        [ 0.26549893,  0.1487894 ,  0.        , ..., -0.98824293,
         -0.99602042, -0.97519061],
        ...,
        [ 0.91218341,  0.95449402,  0.98824293, ...,  0.        ,
          0.06420589, -0.06966552],
        [ 0.93661171,  0.97167271,  0.99602042, ..., -0.06420589,
          0.        , -0.13357167],
        [ 0.88141949,  0.93139864,  0.97519061, ...,  0.06966552,
          0.13357167,  0.        ]],

       [[ 0.        , -0.00395556,  0.00627413, ..., -0.9736492 ,
         -0.99041568, -0.99642467],
        [ 0.00395556,  0.        ,  0.01022957, ..., -0.97454365,
         -0.99095427, -0.99608269],
        [-0.00627413, -0.01022957,  0.        , ..., -0.97219921,
         -0.98952961, -0.99693514],
        ...,
        [ 0.9736492 ,  0.97454365,  0.97219921, ...,  0.        ,
          0.09138607,  0.30949526],
        [ 0.99041568,  0.99095427,  0.98952961, ..., -0.09138607,
          0.        ,  0.22130108],
        [ 0.99642467,  0.99608269,  0.99693514, ..., -0.30949526,
         -0.22130108,  0.        ]]]), 'num': array([ 9.61561325e-01,  2.74581519e-01,  1.97692031e-05, -8.79532512e-09,
        3.72145074e-04,  3.78035140e-04,  3.68932311e-04,  1.91121930e-03,
       -1.01737502e-05,  3.84996127e-04,  3.79213153e-04,  3.95366213e-04,
        4.75964923e-07,  3.95400011e-04,  3.63026295e-04])}
{'img': array([[[ 0.        , -0.11215209, -0.08089404, ..., -0.61283643,
         -0.7083292 , -0.87822451],
        [ 0.11215209,  0.        ,  0.03140085, ..., -0.52034639,
         -0.62469421, -0.81904725],
        [ 0.08089404, -0.03140085,  0.        , ..., -0.54690472,
         -0.64890612, -0.83665884],
        ...,
        [ 0.61283643,  0.52034639,  0.54690472, ...,  0.        ,
         -0.12713831, -0.40089344],
        [ 0.7083292 ,  0.62469421,  0.64890612, ...,  0.12713831,
          0.        , -0.28116565],
        [ 0.87822451,  0.81904725,  0.83665884, ...,  0.40089344,
          0.28116565,  0.        ]],

       [[ 0.        , -0.10881278, -0.07718034, ..., -0.05179815,
         -0.22843976, -0.04976041],
        [ 0.10881278,  0.        ,  0.03176614, ...,  0.05717611,
         -0.12114779,  0.05921303],
        [ 0.07718034, -0.03176614,  0.        , ...,  0.02543308,
         -0.15261882,  0.02747274],
        ...,
        [ 0.05179815, -0.05717611, -0.02543308, ...,  0.        ,
         -0.17770459,  0.00204037],
        [ 0.22843976,  0.12114779,  0.15261882, ...,  0.17770459,
          0.        ,  0.17971212],
        [ 0.04976041, -0.05921303, -0.02747274, ..., -0.00204037,
         -0.17971212,  0.        ]],

       [[ 0.        ,  0.03945707,  0.10832271, ..., -0.58929462,
         -0.53607976, -0.65184604],
        [-0.03945707,  0.        ,  0.06901346, ..., -0.62071381,
         -0.56897067, -0.68126075],
        [-0.10832271, -0.06901346,  0.        , ..., -0.67334298,
         -0.62436784, -0.73015711],
        ...,
        [ 0.58929462,  0.62071381,  0.67334298, ...,  0.        ,
          0.06435467, -0.07974592],
        [ 0.53607976,  0.56897067,  0.62436784, ..., -0.06435467,
          0.        , -0.14373033],
        [ 0.65184604,  0.68126075,  0.73015711, ...,  0.07974592,
          0.14373033,  0.        ]],

       ...,

       [[ 0.        ,  0.0696487 ,  0.08302485, ...,  0.75336241,
          0.29072216, -0.03554049],
        [-0.0696487 ,  0.        ,  0.01341499, ...,  0.70573155,
          0.22337576, -0.10505889],
        [-0.08302485, -0.01341499,  0.        , ...,  0.6961638 ,
          0.21027963, -0.11839019],
        ...,
        [-0.75336241, -0.70573155, -0.6961638 , ...,  0.        ,
         -0.52964231, -0.77625809],
        [-0.29072216, -0.22337576, -0.21027963, ...,  0.52964231,
          0.        , -0.3245439 ],
        [ 0.03554049,  0.10505889,  0.11839019, ...,  0.77625809,
          0.3245439 ,  0.        ]],

       [[ 0.        , -0.1487894 , -0.31851313, ..., -0.97167271,
         -0.93139864, -0.85590625],
        [ 0.1487894 ,  0.        , -0.17392751, ..., -0.99602042,
         -0.97519061, -0.9233227 ],
        [ 0.31851313,  0.17392751,  0.        , ..., -0.99634088,
         -0.99882898, -0.97604235],
        ...,
        [ 0.97167271,  0.99602042,  0.99634088, ...,  0.        ,
         -0.13357167, -0.30020528],
        [ 0.93139864,  0.97519061,  0.99882898, ...,  0.13357167,
          0.        , -0.17010456],
        [ 0.85590625,  0.9233227 ,  0.97604235, ...,  0.30020528,
          0.17010456,  0.        ]],

       [[ 0.        ,  0.01022957,  0.08952148, ..., -0.99095427,
         -0.99608269, -0.97693866],
        [-0.01022957,  0.        ,  0.0793283 , ..., -0.98952961,
         -0.99693514, -0.97907176],
        [-0.08952148, -0.0793283 ,  0.        , ..., -0.9749617 ,
         -0.9999994 , -0.99213078],
        ...,
        [ 0.99095427,  0.98952961,  0.9749617 , ...,  0.        ,
          0.22130108,  0.34269386],
        [ 0.99608269,  0.99693514,  0.9999994 , ..., -0.22130108,
          0.        ,  0.12629629],
        [ 0.97693866,  0.97907176,  0.99213078, ..., -0.34269386,
         -0.12629629,  0.        ]]]), 'num': array([ 9.79794945e-01,  1.99996719e-01,  2.24725701e-05, -2.97421428e-08,
        3.79094887e-04,  3.85103595e-04,  3.77456148e-04,  1.40740342e-03,
       -5.46246235e-07,  3.88599571e-04,  3.86878896e-04,  4.02656308e-04,
        4.61866735e-07,  4.03338501e-04,  3.70419290e-04])}
{'img': array([[[ 0.        ,  0.03140085, -0.01552031, ..., -0.62469421,
         -0.81904725, -0.82814372],
        [-0.03140085,  0.        , -0.04690973, ..., -0.64890612,
         -0.83665884, -0.84533601],
        [ 0.01552031,  0.04690973,  0.        , ..., -0.61249963,
         -0.81004419, -0.81934459],
        ...,
        [ 0.62469421,  0.64890612,  0.61249963, ...,  0.        ,
         -0.28116565, -0.29652117],
        [ 0.81904725,  0.83665884,  0.81004419, ...,  0.28116565,
          0.        , -0.0160387 ],
        [ 0.82814372,  0.84533601,  0.81934459, ...,  0.29652117,
          0.0160387 ,  0.        ]],

       [[ 0.        ,  0.03176614, -0.12360276, ..., -0.12114779,
          0.05921303, -0.16131589],
        [-0.03176614,  0.        , -0.15506293, ..., -0.15261882,
          0.02747274, -0.19258458],
        [ 0.12360276,  0.15506293,  0.        , ...,  0.00247356,
          0.18214485, -0.03809498],
        ...,
        [ 0.12114779,  0.15261882, -0.00247356, ...,  0.        ,
          0.17971212, -0.04056662],
        [-0.05921303, -0.02747274, -0.18214485, ..., -0.17971212,
          0.        , -0.21947035],
        [ 0.16131589,  0.19258458,  0.03809498, ...,  0.04056662,
          0.21947035,  0.        ]],

       [[ 0.        ,  0.06901346,  0.09399881, ..., -0.56897067,
         -0.68126075, -0.7783335 ],
        [-0.06901346,  0.        ,  0.0250668 , ..., -0.62436784,
         -0.73015711, -0.81980791],
        [-0.09399881, -0.0250668 ,  0.        , ..., -0.64375209,
         -0.7470553 , -0.83390453],
        ...,
        [ 0.56897067,  0.62436784,  0.64375209, ...,  0.        ,
         -0.14373033, -0.28283979],
        [ 0.68126075,  0.73015711,  0.7470553 , ...,  0.14373033,
          0.        , -0.14204162],
        [ 0.7783335 ,  0.81980791,  0.83390453, ...,  0.28283979,
          0.14204162,  0.        ]],

       ...,

       [[ 0.        ,  0.01341499, -0.32690336, ...,  0.22337576,
         -0.10505889, -0.18567002],
        [-0.01341499,  0.        , -0.33955188, ...,  0.21027963,
         -0.11839019, -0.19883505],
        [ 0.32690336,  0.33955188,  0.        , ...,  0.52974629,
          0.22580755,  0.14575031],
        ...,
        [-0.22337576, -0.21027963, -0.52974629, ...,  0.        ,
         -0.3245439 , -0.40047032],
        [ 0.10505889,  0.11839019, -0.22580755, ...,  0.3245439 ,
          0.        , -0.08141038],
        [ 0.18567002,  0.19883505, -0.14575031, ...,  0.40047032,
          0.08141038,  0.        ]],

       [[ 0.        , -0.17392751, -0.29821504, ..., -0.97519061,
         -0.9233227 , -0.92187288],
        [ 0.17392751,  0.        , -0.1276562 , ..., -0.99882898,
         -0.97604235, -0.97521771],
        [ 0.29821504,  0.1276562 ,  0.        , ..., -0.9968331 ,
         -0.99583235, -0.99548255],
        ...,
        [ 0.97519061,  0.99882898,  0.9968331 , ...,  0.        ,
         -0.17010456, -0.17380692],
        [ 0.9233227 ,  0.97604235,  0.99583235, ...,  0.17010456,
          0.        , -0.00375833],
        [ 0.92187288,  0.97521771,  0.99548255, ...,  0.17380692,
          0.00375833,  0.        ]],

       [[ 0.        ,  0.0793283 ,  0.13154461, ..., -0.99693514,
         -0.97907176, -0.97838226],
        [-0.0793283 ,  0.        ,  0.0524911 , ..., -0.9999994 ,
         -0.99213078, -0.99170439],
        [-0.13154461, -0.0524911 ,  0.        , ..., -0.99856309,
         -0.99733522, -0.9970844 ],
        ...,
        [ 0.99693514,  0.9999994 ,  0.99856309, ...,  0.        ,
          0.12629629,  0.12962942],
        [ 0.97907176,  0.99213078,  0.99733522, ..., -0.12629629,
          0.        ,  0.00336076],
        [ 0.97838226,  0.99170439,  0.9970844 , ..., -0.12962942,
         -0.00336076,  0.        ]]]), 'num': array([ 9.90929323e-01,  1.34373978e-01,  2.50089139e-05, -3.16780617e-08,
        3.82732484e-04,  3.87761086e-04,  3.78262616e-04,  1.21564777e-03,
       -5.02860198e-06,  3.92342701e-04,  3.95555419e-04,  4.11153398e-04,
        4.46986843e-07,  4.12832758e-04,  3.78278080e-04])}
{'img': array([[[ 0.        , -0.04690973, -0.03140085, ..., -0.83665884,
         -0.84533601, -0.91656513],
        [ 0.04690973,  0.        ,  0.01552031, ..., -0.81004419,
         -0.81934459, -0.89679759],
        [ 0.03140085, -0.01552031,  0.        , ..., -0.81904725,
         -0.82814372, -0.9035564 ],
        ...,
        [ 0.83665884,  0.81004419,  0.81904725, ...,  0.        ,
         -0.0160387 , -0.16745736],
        [ 0.84533601,  0.81934459,  0.82814372, ...,  0.0160387 ,
          0.        , -0.1516236 ],
        [ 0.91656513,  0.89679759,  0.9035564 , ...,  0.16745736,
          0.1516236 ,  0.        ]],

       [[ 0.        , -0.15506293, -0.17462483, ...,  0.02747274,
         -0.19258458, -0.30186968],
        [ 0.15506293,  0.        , -0.01983227, ...,  0.18214485,
         -0.03809498, -0.15038932],
        [ 0.17462483,  0.01983227,  0.        , ...,  0.20160954,
         -0.01826961, -0.13075303],
        ...,
        [-0.02747274, -0.18214485, -0.20160954, ...,  0.        ,
         -0.21947035, -0.32794686],
        [ 0.19258458,  0.03809498,  0.01826961, ...,  0.21947035,
          0.        , -0.11261844],
        [ 0.30186968,  0.15038932,  0.13075303, ...,  0.32794686,
          0.11261844,  0.        ]],

       [[ 0.        ,  0.0250668 , -0.02059816, ..., -0.73015711,
         -0.81980791, -0.9115076 ],
        [-0.0250668 ,  0.        , -0.04565317, ..., -0.7470553 ,
         -0.83390453, -0.92153074],
        [ 0.02059816,  0.04565317,  0.        , ..., -0.71592789,
         -0.80783867, -0.90284253],
        ...,
        [ 0.73015711,  0.7470553 ,  0.71592789, ...,  0.        ,
         -0.14204162, -0.3225129 ],
        [ 0.81980791,  0.83390453,  0.80783867, ...,  0.14204162,
          0.        , -0.18479121],
        [ 0.9115076 ,  0.92153074,  0.90284253, ...,  0.3225129 ,
          0.18479121,  0.        ]],

       ...,

       [[ 0.        , -0.33955188, -0.25342432, ..., -0.11839019,
         -0.19883505, -0.28293611],
        [ 0.33955188,  0.        ,  0.09009958, ...,  0.22580755,
          0.14575031,  0.05955125],
        [ 0.25342432, -0.09009958,  0.        , ...,  0.13711666,
          0.05602007, -0.03063063],
        ...,
        [ 0.11839019, -0.22580755, -0.13711666, ...,  0.        ,
         -0.08141038, -0.16739364],
        [ 0.19883505, -0.14575031, -0.05602007, ...,  0.08141038,
          0.        , -0.08657632],
        [ 0.28293611, -0.05955125,  0.03063063, ...,  0.16739364,
          0.08657632,  0.        ]],

       [[ 0.        , -0.1276562 , -0.23147903, ..., -0.97604235,
         -0.97521771, -0.9826626 ],
        [ 0.1276562 ,  0.        , -0.10539614, ..., -0.99583235,
         -0.99548255, -0.99829075],
        [ 0.23147903,  0.10539614,  0.        , ..., -0.99989829,
         -0.99994483, -0.99889025],
        ...,
