state_0,state_1,state_2,state_3,state_4,state_5,state_6,state_7,state_8,state_9,state_10,state_11,state_12,state_13,state_14,state_15,state_16,state_17,state_18,state_19,state_20,state_21,state_22,state_23,state_24,state_25,state_26,state_27,state_28,state_29,state_30,state_31,state_32,state_33,state_34,state_35,state_36,state_37,state_38,state_39,state_40,state_41,state_42,state_43,state_44,state_45,state_46,state_47,state_48,state_49,state_50,state_51,state_52,state_53,state_54,state_55,state_56,state_57,state_58,state_59,state_60,state_61,state_62,state_63,state_64,state_65,state_66,state_67,state_68,state_69,state_70,state_71,state_72,state_73,state_74,state_75,state_76,state_77,state_78,state_79,state_80,state_81,state_82,state_83,state_84,state_85,state_86,state_87,state_88,state_89,state_90,state_91,state_92,state_93,state_94,state_95,state_96,state_97,state_98,state_99,state_100,state_101,state_102,state_103,state_104,state_105,state_106,state_107,state_108,state_109,state_110,state_111,state_112,state_113,state_114,state_115,state_116,state_117,state_118,state_119,state_120,state_121,state_122,state_123,state_124,state_125,state_126,state_127,state_128,state_129,state_130,state_131,state_132,state_133,state_134,state_135,state_136,state_137,state_138,state_139,state_140,state_141,state_142,state_143,state_144,state_145,state_146,state_147,state_148,state_149,state_150,state_151,state_152,state_153,state_154,state_155,state_156,state_157,state_158,state_159,state_160,state_161,state_162,state_163,state_164,state_165,state_166,state_167,state_168,state_169,state_170,state_171,state_172,state_173,state_174,state_175,state_176,state_177,state_178,state_179,state_180,state_181,state_182,state_183,state_184,state_185,state_186,state_187,state_188,state_189,state_190,state_191,state_192,state_193,state_194,state_195,state_196,state_197,state_198,state_199,state_200,state_201,state_202,state_203,state_204,state_205,state_206,state_207,state_208,state_209,state_210,state_211,state_212,state_213,state_214,state_215,state_216,state_217,state_218,state_219,state_220,state_221,state_222,state_223,state_224,state_225,state_226,state_227,state_228,state_229,state_230,state_231,state_232,state_233,state_234,state_235,state_236,state_237,state_238,state_239,state_240,state_241,state_242,state_243,state_244,state_245,state_246,state_247,state_248,state_249,state_250,state_251,state_252,state_253,state_254,state_255,state_256,state_257,state_258,state_259,state_260,state_261,state_262,state_263,state_264,state_265,state_266,state_267,state_268,state_269,state_270,state_271,state_272,state_273,state_274,state_275,state_276,state_277,state_278,state_279,state_280,state_281,state_282,state_283,state_284,state_285,state_286,state_287
{'img': array([[[ 0.        , -0.11904627, -0.08022467, ..., -0.8699051 ,
         -0.9993483 , -0.99864876],
        [ 0.11904627,  0.        ,  0.03900839, ..., -0.92243485,
         -0.98794447, -0.99773365],
        [ 0.08022467, -0.03900839,  0.        , ..., -0.90666957,
         -0.99323137, -0.99959902],
        ...,
        [ 0.8699051 ,  0.92243485,  0.90666957, ...,  0.        ,
          0.52429838,  0.44734561],
        [ 0.9993483 ,  0.98794447,  0.99323137, ..., -0.52429838,
          0.        , -0.08798184],
        [ 0.99864876,  0.99773365,  0.99959902, ..., -0.44734561,
          0.08798184,  0.        ]],

       [[ 0.        , -0.04841408, -0.16466955, ...,  0.21863616,
          0.3598679 ,  0.10961201],
        [ 0.04841408,  0.        , -0.11672329, ...,  0.26562254,
          0.40461639,  0.15760583],
        [ 0.16466955,  0.11672329,  0.        , ...,  0.37633712,
          0.5085925 ,  0.27179301],
        ...,
        [-0.21863616, -0.26562254, -0.37633712, ...,  0.        ,
          0.14717316, -0.11035865],
        [-0.3598679 , -0.40461639, -0.5085925 , ..., -0.14717316,
          0.        , -0.25543113],
        [-0.10961201, -0.15760583, -0.27179301, ...,  0.11035865,
          0.25543113,  0.        ]],

       [[ 0.        , -0.07163695, -0.10562217, ..., -0.74858022,
         -0.68838056, -0.73335962],
        [ 0.07163695,  0.        , -0.03411456, ..., -0.79415541,
         -0.7385738 , -0.78017718],
        [ 0.10562217,  0.03411456,  0.        , ..., -0.81442508,
         -0.761143  , -0.80106372],
        ...,
        [ 0.74858022,  0.79415541,  0.81442508, ...,  0.        ,
         -0.08655568, -0.02266559],
        [ 0.68838056,  0.7385738 ,  0.761143  , ...,  0.08655568,
          0.        ,  0.06395291],
        [ 0.73335962,  0.78017718,  0.80106372, ...,  0.02266559,
         -0.06395291,  0.        ]],

       ...,

       [[ 0.        , -0.10641974, -0.0298265 , ..., -0.83010021,
          0.18077044,  0.18380903],
        [ 0.10641974,  0.        ,  0.07671527, ..., -0.76604515,
          0.2844104 ,  0.28737179],
        [ 0.0298265 , -0.07671527,  0.        , ..., -0.81309921,
          0.21002513,  0.21304557],
        ...,
        [ 0.83010021,  0.76604515,  0.81309921, ...,  0.        ,
          0.91722474,  0.91845147],
        [-0.18077044, -0.2844104 , -0.21002513, ..., -0.91722474,
          0.        ,  0.00309037],
        [-0.18380903, -0.28737179, -0.21304557, ..., -0.91845147,
         -0.00309037,  0.        ]],

       [[ 0.        , -0.11838741, -0.2660994 , ..., -0.34383415,
         -0.29521024, -0.20820711],
        [ 0.11838741,  0.        , -0.15010903, ..., -0.4525855 ,
         -0.40624533, -0.32253581],
        [ 0.2660994 ,  0.15010903,  0.        , ..., -0.58131284,
         -0.53880658, -0.46096809],
        ...,
        [ 0.34383415,  0.4525855 ,  0.58131284, ...,  0.        ,
         -0.05129886, -0.14078614],
        [ 0.29521024,  0.40624533,  0.53880658, ...,  0.05129886,
          0.        , -0.08981284],
        [ 0.20820711,  0.32253581,  0.46096809, ...,  0.14078614,
          0.08981284,  0.        ]],

       [[ 0.        , -0.30060099, -0.45072191, ..., -0.62387012,
         -0.53937289, -0.31333754],
        [ 0.30060099,  0.        , -0.16154021, ..., -0.82994422,
         -0.76755307, -0.58430894],
        [ 0.45072191,  0.16154021,  0.        , ..., -0.90915847,
         -0.86101705, -0.70772965],
        ...,
        [ 0.62387012,  0.82994422,  0.90915847, ...,  0.        ,
         -0.10380543, -0.34757109],
        [ 0.53937289,  0.76755307,  0.86101705, ...,  0.10380543,
          0.        , -0.24835984],
        [ 0.31333754,  0.58430894,  0.70772965, ...,  0.34757109,
          0.24835984,  0.        ]]]), 'num': array([ 7.06732291e-01,  7.06732291e-01,  0.00000000e+00,  0.00000000e+00,
        8.41075096e-05,  8.56355794e-05,  8.28341181e-05,  3.25402468e-02,
       -7.64034909e-07,  8.34962817e-05,  9.34351024e-05,  1.23253687e-04,
        1.50561321e-06,  1.10764717e-04,  7.61054883e-05])}
{'img': array([[[ 0.        ,  0.03900839, -0.00772546, ..., -0.98794447,
         -0.99773365, -0.99962347],
        [-0.03900839,  0.        , -0.04672681, ..., -0.99323137,
         -0.99959902, -0.999933  ],
        [ 0.00772546,  0.04672681,  0.        , ..., -0.98671902,
         -0.99718405, -0.99938166],
        ...,
        [ 0.98794447,  0.99323137,  0.98671902, ...,  0.        ,
         -0.08798184, -0.12764193],
        [ 0.99773365,  0.99959902,  0.99718405, ...,  0.08798184,
          0.        , -0.03988477],
        [ 0.99962347,  0.999933  ,  0.99938166, ...,  0.12764193,
          0.03988477,  0.        ]],

       [[ 0.        , -0.11672329, -0.12500392, ...,  0.40461639,
          0.15760583,  0.10488396],
        [ 0.11672329,  0.        , -0.00834171, ...,  0.5085925 ,
          0.27179301,  0.22024653],
        [ 0.12500392,  0.00834171,  0.        , ...,  0.51575707,
          0.27981124,  0.22837574],
        ...,
        [-0.40461639, -0.5085925 , -0.51575707, ...,  0.        ,
         -0.25543113, -0.30646974],
        [-0.15760583, -0.27179301, -0.27981124, ...,  0.25543113,
          0.        , -0.05316342],
        [-0.10488396, -0.22024653, -0.22837574, ...,  0.30646974,
          0.05316342,  0.        ]],

       [[ 0.        , -0.03409357, -0.05626077, ..., -0.77987437,
         -0.79619205, -0.73826955],
        [ 0.03409357,  0.        , -0.02218849, ..., -0.80076139,
         -0.81635729, -0.76083667],
        [ 0.05626077,  0.02218849,  0.        , ..., -0.81385478,
         -0.82897121, -0.77504843],
        ...,
        [ 0.77987437,  0.80076139,  0.81385478, ...,  0.        ,
          0.02650702, -0.06392024],
        [ 0.79619205,  0.81635729,  0.82897121, ..., -0.02650702,
          0.        , -0.0903506 ],
        [ 0.73826955,  0.76083667,  0.77504843, ...,  0.06392024,
          0.0903506 ,  0.        ]],

       ...,

       [[ 0.        ,  0.07671527, -0.27539313, ...,  0.2844104 ,
          0.28737179,  0.27562948],
        [-0.07671527,  0.        , -0.34833037, ...,  0.21002513,
          0.21304557,  0.20107359],
        [ 0.27539313,  0.34833037,  0.        , ...,  0.53743285,
          0.54003641,  0.52969684],
        ...,
        [-0.2844104 , -0.21002513, -0.53743285, ...,  0.        ,
          0.00309037, -0.00914677],
        [-0.28737179, -0.21304557, -0.54003641, ..., -0.00309037,
          0.        , -0.01223696],
        [-0.27562948, -0.20107359, -0.52969684, ...,  0.00914677,
          0.01223696,  0.        ]],

       [[ 0.        , -0.23951286, -0.42212565, ..., -0.29948546,
         -0.2140642 , -0.        ],
        [ 0.23951286,  0.        , -0.19271157, ..., -0.51928781,
         -0.44179433, -0.23951286],
        [ 0.42212565,  0.19271157,  0.        , ..., -0.67424519,
         -0.60639779, -0.42212565],
        ...,
        [ 0.29948546,  0.51928781,  0.67424519, ...,  0.        ,
         -0.08830442, -0.29948546],
        [ 0.2140642 ,  0.44179433,  0.60639779, ...,  0.08830442,
          0.        , -0.2140642 ],
        [ 0.        ,  0.23951286,  0.42212565, ...,  0.29948546,
          0.2140642 ,  0.        ]],

       [[ 0.        , -0.16020412, -0.26101906, ..., -0.82374231,
         -0.75913675, -0.58045397],
        [ 0.16020412,  0.        , -0.10299729, ..., -0.90393281,
         -0.85361352, -0.70340988],
        [ 0.26101906,  0.10299729,  0.        , ..., -0.94317468,
         -0.90272569, -0.77287776],
        ...,
        [ 0.82374231,  0.90393281,  0.94317468, ...,  0.        ,
         -0.10579606, -0.34167092],
        [ 0.75913675,  0.85361352,  0.90272569, ...,  0.10579606,
          0.        , -0.2403242 ],
        [ 0.58045397,  0.70340988,  0.77287776, ...,  0.34167092,
          0.2403242 ,  0.        ]]]), 'num': array([ 7.54793530e-01,  6.53536433e-01,  7.35880059e-05, -1.24304064e-10,
        9.30671840e-05,  9.35406362e-05,  8.94824741e-05,  5.63628664e-02,
        3.71998192e-06,  8.99829808e-05,  9.82210498e-05,  1.29969405e-04,
        2.24157740e-06,  1.15546735e-04,  8.08953643e-05])}
{'img': array([[[ 0.        , -0.04672681, -0.03900839, ..., -0.99959902,
         -0.999933  , -0.98864289],
        [ 0.04672681,  0.        ,  0.00772546, ..., -0.99718405,
         -0.99938166, -0.98054071],
        [ 0.03900839, -0.00772546,  0.        , ..., -0.99773365,
         -0.99962347, -0.98202808],
        ...,
        [ 0.99959902,  0.99718405,  0.99773365, ...,  0.        ,
         -0.03988477,  0.12222924],
        [ 0.999933  ,  0.99938166,  0.99962347, ...,  0.03988477,
          0.        ,  0.16171769],
        [ 0.98864289,  0.98054071,  0.98202808, ..., -0.12222924,
         -0.16171769,  0.        ]],

       [[ 0.        , -0.00834171,  0.14517638, ...,  0.27179301,
          0.22024653,  0.32097947],
        [ 0.00834171,  0.        ,  0.15342467, ...,  0.27981124,
          0.22837574,  0.32886862],
        [-0.14517638, -0.15342467,  0.        , ...,  0.12920225,
          0.07630172,  0.1800844 ],
        ...,
        [-0.27179301, -0.27981124, -0.12920225, ...,  0.        ,
         -0.05316342,  0.05148504],
        [-0.22024653, -0.22837574, -0.07630172, ...,  0.05316342,
          0.        ,  0.10450514],
        [-0.32097947, -0.32886862, -0.1800844 , ..., -0.05148504,
         -0.10450514,  0.        ]],

       [[ 0.        , -0.02218849, -0.06537102, ..., -0.81635729,
         -0.76083667, -0.8999998 ],
        [ 0.02218849,  0.        , -0.0432139 , ..., -0.82897121,
         -0.77504843, -0.90944997],
        [ 0.06537102,  0.0432139 ,  0.        , ..., -0.85236598,
         -0.80163135, -0.92656932],
        ...,
        [ 0.81635729,  0.82897121,  0.85236598, ...,  0.        ,
         -0.0903506 ,  0.16395015],
        [ 0.76083667,  0.77504843,  0.80163135, ...,  0.0903506 ,
          0.        ,  0.25240763],
        [ 0.8999998 ,  0.90944997,  0.92656932, ..., -0.16395015,
         -0.25240763,  0.        ]],

       ...,

       [[ 0.        , -0.34833037, -0.30724537, ...,  0.21304557,
          0.20107359,  0.47102236],
        [ 0.34833037,  0.        ,  0.04347859, ...,  0.54003641,
          0.52969684,  0.74879272],
        [ 0.30724537, -0.04347859,  0.        , ...,  0.50293234,
          0.49231796,  0.71926684],
        ...,
        [-0.21304557, -0.54003641, -0.50293234, ...,  0.        ,
         -0.01223696,  0.27227672],
        [-0.20107359, -0.52969684, -0.49231796, ...,  0.01223696,
          0.        ,  0.28403098],
        [-0.47102236, -0.74879272, -0.71926684, ..., -0.27227672,
         -0.28403098,  0.        ]],

       [[ 0.        , -0.35204566, -0.46788671, ..., -0.34808615,
         -0.2782076 , -0.        ],
        [ 0.35204566,  0.        , -0.12680003, ..., -0.65583228,
         -0.59854478, -0.35204566],
        [ 0.46788671,  0.12680003,  0.        , ..., -0.74626078,
         -0.69529166, -0.46788671],
        ...,
        [ 0.34808615,  0.65583228,  0.74626078, ...,  0.        ,
         -0.07353483, -0.34808615],
        [ 0.2782076 ,  0.59854478,  0.69529166, ...,  0.07353483,
          0.        , -0.2782076 ],
        [ 0.        ,  0.35204566,  0.46788671, ...,  0.34808615,
          0.2782076 ,  0.        ]],

       [[ 0.        , -0.10299729, -0.1918055 , ..., -0.85361352,
         -0.70340988, -0.7409591 ],
        [ 0.10299729,  0.        , -0.08970047, ..., -0.90272569,
         -0.77287776, -0.80618626],
        [ 0.1918055 ,  0.08970047,  0.        , ..., -0.93767725,
         -0.826682  , -0.8560087 ],
        ...,
        [ 0.85361352,  0.90272569,  0.93767725, ...,  0.        ,
         -0.2403242 , -0.18727361],
        [ 0.70340988,  0.77287776,  0.826682  , ...,  0.2403242 ,
          0.        ,  0.05428721],
        [ 0.7409591 ,  0.80618626,  0.8560087 , ...,  0.18727361,
         -0.05428721,  0.        ]]]), 'num': array([8.50413492e-01, 5.20996832e-01, 2.36990403e-04, 4.05118989e-08,
       1.05514625e-04, 1.08475107e-04, 1.02554143e-04, 7.32054397e-02,
       1.06273723e-06, 1.02979238e-04, 1.09124136e-04, 1.44773910e-04,
       2.92683155e-06, 1.26907097e-04, 9.13411751e-05])}
{'img': array([[[ 0.        ,  0.00772546, -0.06845829, ..., -0.99938166,
         -0.98054071, -0.97302549],
        [-0.00772546,  0.        , -0.07616358, ..., -0.99962347,
         -0.98202808, -0.9747787 ],
        [ 0.06845829,  0.07616358,  0.        , ..., -0.99463003,
         -0.9648009 , -0.95494959],
        ...,
        [ 0.99938166,  0.99962347,  0.99463003, ...,  0.        ,
          0.16171769,  0.19634245],
        [ 0.98054071,  0.98202808,  0.9648009 , ..., -0.16171769,
          0.        ,  0.03518809],
        [ 0.97302549,  0.9747787 ,  0.95494959, ..., -0.19634245,
         -0.03518809,  0.        ]],

       [[ 0.        ,  0.15342467,  0.09242166, ...,  0.22837574,
          0.32886862,  0.3611649 ],
        [-0.15342467,  0.        , -0.06144058, ...,  0.07630172,
          0.1800844 ,  0.21382003],
        [-0.09242166,  0.06144058,  0.        , ...,  0.13741904,
          0.24018028,  0.27343572],
        ...,
        [-0.22837574, -0.07630172, -0.13741904, ...,  0.        ,
          0.10450514,  0.1386596 ],
        [-0.32886862, -0.1800844 , -0.24018028, ..., -0.10450514,
          0.        ,  0.03440472],
        [-0.3611649 , -0.21382003, -0.27343572, ..., -0.1386596 ,
         -0.03440472,  0.        ]],

       [[ 0.        , -0.0432139 , -0.09523891, ..., -0.77504843,
         -0.90944997, -0.95854619],
        [ 0.0432139 ,  0.        , -0.05213248, ..., -0.80163135,
         -0.92656932, -0.969964  ],
        [ 0.09523891,  0.05213248,  0.        , ..., -0.83170705,
         -0.94491763, -0.98132617],
        ...,
        [ 0.77504843,  0.80163135,  0.83170705, ...,  0.        ,
          0.25240763,  0.38486698],
        [ 0.90944997,  0.92656932,  0.94491763, ..., -0.25240763,
          0.        ,  0.13944018],
        [ 0.95854619,  0.969964  ,  0.98132617, ..., -0.38486698,
         -0.13944018,  0.        ]],

       ...,

       [[ 0.        ,  0.04347859,  0.05390953, ...,  0.52969684,
          0.74879272,  0.84370827],
        [-0.04347859,  0.        ,  0.01044319, ...,  0.49231796,
          0.71926684,  0.81957103],
        [-0.05390953, -0.01044319,  0.        , ...,  0.4832012 ,
          0.71197238,  0.81354262],
        ...,
        [-0.52969684, -0.49231796, -0.4832012 , ...,  0.        ,
          0.28403098,  0.43128011],
        [-0.74879272, -0.71926684, -0.71197238, ..., -0.28403098,
          0.        ,  0.15726001],
        [-0.84370827, -0.81957103, -0.81354262, ..., -0.43128011,
         -0.15726001,  0.        ]],

       [[ 0.        , -0.3202504 , -0.43005324, ..., -0.40643579,
         -0.30134266, -0.        ],
        [ 0.3202504 ,  0.        , -0.11828041, ..., -0.67763619,
         -0.59083568, -0.3202504 ],
        [ 0.43005324,  0.11828041,  0.        , ..., -0.75986243,
         -0.68211583, -0.43005324],
        ...,
        [ 0.40643579,  0.67763619,  0.75986243, ...,  0.        ,
         -0.11221244, -0.40643579],
        [ 0.30134266,  0.59083568,  0.68211583, ...,  0.11221244,
          0.        , -0.30134266],
        [ 0.        ,  0.3202504 ,  0.43005324, ...,  0.40643579,
          0.30134266,  0.        ]],

       [[ 0.        , -0.08970047, -0.18370412, ..., -0.77287776,
         -0.80618626, -0.87443282],
        [ 0.08970047,  0.        , -0.09478965, ..., -0.826682  ,
         -0.8560087 , -0.91442568],
        [ 0.18370412,  0.09478965,  0.        , ..., -0.87629496,
         -0.90115696, -0.94867479],
        ...,
        [ 0.77287776,  0.826682  ,  0.87629496, ...,  0.        ,
          0.05428721,  0.17991664],
        [ 0.80618626,  0.8560087 ,  0.90115696, ..., -0.05428721,
          0.        ,  0.12624999],
        [ 0.87443282,  0.91442568,  0.94867479, ..., -0.17991664,
         -0.12624999,  0.        ]]]), 'num': array([9.81074361e-01, 1.83984197e-01, 5.69350117e-04, 8.02243290e-08,
       1.21897869e-04, 1.24074616e-04, 1.19372841e-04, 6.03527667e-02,
       8.70699062e-07, 1.18763352e-04, 1.24031081e-04, 1.64861063e-04,
       3.37909903e-06, 1.42397384e-04, 1.05664779e-04])}
{'img': array([[[ 0.        , -0.07616358,  0.07867722, ..., -0.98202808,
         -0.9747787 , -0.96911442],
        [ 0.07616358,  0.        ,  0.15437617, ..., -0.9648009 ,
         -0.95494959, -0.94751665],
        [-0.07867722, -0.15437617,  0.        , ..., -0.99383307,
         -0.98931571, -0.98551301],
        ...,
        [ 0.98202808,  0.9648009 ,  0.99383307, ...,  0.        ,
          0.03518809,  0.05927376],
        [ 0.9747787 ,  0.95494959,  0.98931571, ..., -0.03518809,
          0.        ,  0.02411083],
        [ 0.96911442,  0.94751665,  0.98551301, ..., -0.05927376,
         -0.02411083,  0.        ]],

       [[ 0.        , -0.12285868,  0.28155569, ...,  0.19770465,
          0.2325475 ,  0.15540806],
        [ 0.12285868,  0.        ,  0.39731109, ...,  0.31664052,
          0.35027628,  0.27559671],
        [-0.28155569, -0.39731109,  0.        , ..., -0.08629176,
         -0.05069709, -0.12901388],
        ...,
        [-0.19770465, -0.31664052,  0.08629176, ...,  0.        ,
          0.03567281, -0.04296205],
        [-0.2325475 , -0.35027628,  0.05069709, ..., -0.03567281,
          0.        , -0.07857458],
        [-0.15540806, -0.27559671,  0.12901388, ...,  0.04296205,
          0.07857458,  0.        ]],

       [[ 0.        , -0.05213248, -0.03151745, ..., -0.92656932,
         -0.969964  , -0.97716011],
        [ 0.05213248,  0.        ,  0.02063198, ..., -0.94491763,
         -0.98132617, -0.98690973],
        [ 0.03151745, -0.02063198,  0.        , ..., -0.93796348,
         -0.9771487 , -0.98337226],
        ...,
        [ 0.92656932,  0.94491763,  0.93796348, ...,  0.        ,
          0.13944018,  0.17063335],
        [ 0.969964  ,  0.98132617,  0.9771487 , ..., -0.13944018,
          0.        ,  0.03157111],
        [ 0.97716011,  0.98690973,  0.98337226, ..., -0.17063335,
         -0.03157111,  0.        ]],

       ...,

       [[ 0.        ,  0.01044319,  0.32472267, ...,  0.71926684,
          0.81957103,  0.82375725],
        [-0.01044319,  0.        ,  0.31482769, ...,  0.71197238,
          0.81354262,  0.81779164],
        [-0.32472267, -0.31482769,  0.        , ...,  0.4546934 ,
          0.58909907,  0.59501811],
        ...,
        [-0.71926684, -0.71197238, -0.4546934 , ...,  0.        ,
          0.15726001,  0.16450903],
        [-0.81957103, -0.81354262, -0.58909907, ..., -0.15726001,
          0.        ,  0.00734465],
        [-0.82375725, -0.81779164, -0.59501811, ..., -0.16450903,
         -0.00734465,  0.        ]],

       [[ 0.        , -0.29554867, -0.4455882 , ..., -0.42123943,
         -0.30113112, -0.        ],
        [ 0.29554867,  0.        , -0.16109633, ..., -0.6704694 ,
         -0.56950902, -0.29554867],
        [ 0.4455882 ,  0.16109633,  0.        , ..., -0.78123555,
         -0.69448926, -0.4455882 ],
        ...,
        [ 0.42123943,  0.6704694 ,  0.78123555, ...,  0.        ,
         -0.12857594, -0.42123943],
        [ 0.30113112,  0.56950902,  0.69448926, ...,  0.12857594,
          0.        , -0.30113112],
        [ 0.        ,  0.29554867,  0.4455882 , ...,  0.42123943,
          0.30113112,  0.        ]],

       [[ 0.        , -0.09478965, -0.13364538, ..., -0.8560087 ,
         -0.91442568, -0.94817092],
        [ 0.09478965,  0.        , -0.0391043 , ..., -0.90115696,
         -0.94867479, -0.97402205],
        [ 0.13364538,  0.0391043 ,  0.        , ..., -0.91741914,
         -0.96031605, -0.98213235],
        ...,
        [ 0.8560087 ,  0.90115696,  0.91741914, ...,  0.        ,
          0.12624999,  0.2181618 ],
        [ 0.91442568,  0.94867479,  0.96031605, ..., -0.12624999,
          0.        ,  0.09320722],
        [ 0.94817092,  0.97402205,  0.98213235, ..., -0.2181618 ,
         -0.09320722,  0.        ]]]), 'num': array([ 9.92200160e-01,  9.68176157e-02,  6.46952705e-04,  1.34281718e-07,
        1.23144347e-04,  1.25101843e-04,  1.22432530e-04,  7.85151982e-02,
       -1.42363407e-06,  1.22272371e-04,  1.25697990e-04,  1.67217685e-04,
        3.51078860e-06,  1.42725349e-04,  1.08670632e-04])}
{'img': array([[[ 0.        ,  0.15437617,  0.42202069, ..., -0.95494959,
         -0.94751665, -0.95925533],
        [-0.15437617,  0.        ,  0.27700626, ..., -0.98931571,
         -0.98551301, -0.99137346],
        [-0.42202069, -0.27700626,  0.        , ..., -0.99098638,
         -0.99392824, -0.98888564],
        ...,
        [ 0.95494959,  0.98931571,  0.99098638, ...,  0.        ,
          0.02411083, -0.01486429],
        [ 0.94751665,  0.98551301,  0.99392824, ..., -0.02411083,
          0.        , -0.03896814],
        [ 0.95925533,  0.99137346,  0.98888564, ...,  0.01486429,
          0.03896814,  0.        ]],

       [[ 0.        ,  0.39731109,  0.8990796 , ...,  0.35027628,
          0.27559671,  0.32969395],
        [-0.39731109,  0.        ,  0.65113403, ..., -0.05069709,
         -0.12901388, -0.07254173],
        [-0.8990796 , -0.65113403,  0.        , ..., -0.68877392,
         -0.74360909, -0.70447501],
        ...,
        [-0.35027628,  0.05069709,  0.68877392, ...,  0.        ,
         -0.07857458, -0.02188493],
        [-0.27559671,  0.12901388,  0.74360909, ...,  0.07857458,
          0.        ,  0.05673849],
        [-0.32969395,  0.07254173,  0.70447501, ...,  0.02188493,
         -0.05673849,  0.        ]],

       [[ 0.        ,  0.02063198,  0.09962343, ..., -0.98132617,
         -0.98690973, -0.99259818],
        [-0.02063198,  0.        ,  0.07907288, ..., -0.9771487 ,
         -0.98337226, -0.98988125],
        [-0.09962343, -0.07907288,  0.        , ..., -0.95728161,
         -0.96593342, -0.97556146],
        ...,
        [ 0.98132617,  0.9771487 ,  0.95728161, ...,  0.        ,
          0.03157111,  0.07175034],
        [ 0.98690973,  0.98337226,  0.96593342, ..., -0.03157111,
          0.        ,  0.04022484],
        [ 0.99259818,  0.98988125,  0.97556146, ..., -0.07175034,
         -0.04022484,  0.        ]],

       ...,

       [[ 0.        ,  0.31482769,  0.92045421, ...,  0.81354262,
          0.81779164,  0.82850858],
        [-0.31482769,  0.        ,  0.75059752, ...,  0.58909907,
          0.59501811,  0.6100819 ],
        [-0.92045421, -0.75059752,  0.        , ..., -0.21727553,
         -0.21010047, -0.19160968],
        ...,
        [-0.81354262, -0.58909907,  0.21727553, ...,  0.        ,
          0.00734465,  0.02621748],
        [-0.81779164, -0.59501811,  0.21010047, ..., -0.00734465,
          0.        ,  0.01887465],
        [-0.82850858, -0.6100819 ,  0.19160968, ..., -0.02621748,
         -0.01887465,  0.        ]],

       [[ 0.        , -0.34180611, -0.49905159, ..., -0.4071672 ,
         -0.28041473, -0.        ],
        [ 0.34180611,  0.        , -0.17279426, ..., -0.69483357,
         -0.59161797, -0.34180611],
        [ 0.49905159,  0.17279426,  0.        , ..., -0.80865039,
         -0.72202874, -0.49905159],
        ...,
        [ 0.4071672 ,  0.69483357,  0.80865039, ...,  0.        ,
         -0.13471341, -0.4071672 ],
        [ 0.28041473,  0.59161797,  0.72202874, ...,  0.13471341,
          0.        , -0.28041473],
        [ 0.        ,  0.34180611,  0.49905159, ...,  0.4071672 ,
          0.28041473,  0.        ]],

       [[ 0.        , -0.0391043 , -0.02248066, ..., -0.94867479,
         -0.97402205, -0.98476837],
        [ 0.0391043 ,  0.        ,  0.01663096, ..., -0.96031605,
         -0.98213235, -0.99081428],
        [ 0.02248066, -0.01663096,  0.        , ..., -0.95554462,
         -0.97886671, -0.98842824],
        ...,
        [ 0.94867479,  0.96031605,  0.95554462, ...,  0.        ,
          0.09320722,  0.14648885],
        [ 0.97402205,  0.98213235,  0.97886671, ..., -0.09320722,
          0.        ,  0.05364942],
        [ 0.98476837,  0.99081428,  0.98842824, ..., -0.14648885,
         -0.05364942,  0.        ]]]), 'num': array([9.94747575e-01, 8.92199805e-02, 6.45882735e-04, 4.06439748e-08,
       1.23604640e-04, 1.23692803e-04, 1.21312400e-04, 5.01647934e-02,
       1.58693547e-06, 1.22581948e-04, 1.23728069e-04, 1.64544636e-04,
       3.67938667e-06, 1.39037140e-04, 1.08418997e-04])}
{'img': array([[[ 0.        ,  0.27700626,  0.08200527, ..., -0.98551301,
         -0.99137346, -0.98469976],
        [-0.27700626,  0.        , -0.19727702, ..., -0.99392824,
         -0.98888564, -0.99443758],
        [-0.08200527,  0.19727702,  0.        , ..., -0.99610178,
         -0.99878263, -0.99567339],
        ...,
        [ 0.98551301,  0.99392824,  0.99610178, ...,  0.        ,
         -0.03896814,  0.00473014],
        [ 0.99137346,  0.98888564,  0.99878263, ...,  0.03896814,
          0.        ,  0.04369425],
        [ 0.98469976,  0.99443758,  0.99567339, ..., -0.00473014,
         -0.04369425,  0.        ]],

       [[ 0.        ,  0.65272678, -0.06204791, ..., -0.13050975,
         -0.07324228, -0.17522937],
        [-0.65272678,  0.        , -0.69847617, ..., -0.74601735,
         -0.70646153, -0.77538017],
        [ 0.06204791,  0.69847617,  0.        , ..., -0.06874106,
         -0.01121989, -0.11380385],
        ...,
        [ 0.13050975,  0.74601735,  0.06874106, ...,  0.        ,
          0.05754338, -0.04524019],
        [ 0.07324228,  0.70646153,  0.01121989, ..., -0.05754338,
          0.        , -0.10264969],
        [ 0.17522937,  0.77538017,  0.11380385, ...,  0.04524019,
          0.10264969,  0.        ]],

       [[ 0.        ,  0.07907288,  0.12609699, ..., -0.98337226,
         -0.98988125, -0.99644469],
        [-0.07907288,  0.        ,  0.04726045, ..., -0.96593342,
         -0.97556146, -0.98666281],
        [-0.12609699, -0.04726045,  0.        , ..., -0.95262353,
         -0.96408699, -0.97786738],
        ...,
        [ 0.98337226,  0.96593342,  0.95262353, ...,  0.        ,
          0.04022484,  0.09810698],
        [ 0.98988125,  0.97556146,  0.96408699, ..., -0.04022484,
          0.        ,  0.05799679],
        [ 0.99644469,  0.98666281,  0.97786738, ..., -0.09810698,
         -0.05799679,  0.        ]],

       ...,

       [[ 0.        ,  0.75059752,  0.62519155, ...,  0.59501811,
          0.6100819 ,  0.66138266],
        [-0.75059752,  0.        , -0.17271848, ..., -0.21010047,
         -0.19160968, -0.12596966],
        [-0.62519155,  0.17271848,  0.        , ..., -0.03807955,
         -0.01921181,  0.04726614],
        ...,
        [-0.59501811,  0.21010047,  0.03807955, ...,  0.        ,
          0.01887465,  0.08526884],
        [-0.6100819 ,  0.19160968,  0.01921181, ..., -0.01887465,
          0.        ,  0.06644775],
        [-0.66138266,  0.12596966, -0.04726614, ..., -0.08526884,
         -0.06644775,  0.        ]],

       [[ 0.        , -0.37789086, -0.54030973, ..., -0.38155455,
         -0.26229041, -0.        ],
        [ 0.37789086,  0.        , -0.18226346, ..., -0.70256437,
         -0.60750213, -0.37789086],
        [ 0.54030973,  0.18226346,  0.        , ..., -0.82049858,
         -0.74210146, -0.54030973],
        ...,
        [ 0.38155455,  0.70256437,  0.82049858, ...,  0.        ,
         -0.12574877, -0.38155455],
        [ 0.26229041,  0.60750213,  0.74210146, ...,  0.12574877,
          0.        , -0.26229041],
        [ 0.        ,  0.37789086,  0.54030973, ...,  0.38155455,
          0.26229041,  0.        ]],

       [[ 0.        ,  0.01663096,  0.02735421, ..., -0.98213235,
         -0.99081428, -0.99632859],
        [-0.01663096,  0.        ,  0.01072569, ..., -0.97886671,
         -0.98842824, -0.99476699],
        [-0.02735421, -0.01072569,  0.        , ..., -0.976617  ,
         -0.98674442, -0.99361393],
        ...,
        [ 0.98213235,  0.97886671,  0.976617  , ...,  0.        ,
          0.05364942,  0.10341869],
        [ 0.99081428,  0.98842824,  0.98674442, ..., -0.05364942,
          0.        ,  0.049908  ],
        [ 0.99632859,  0.99476699,  0.99361393, ..., -0.10341869,
         -0.049908  ,  0.        ]]]), 'num': array([9.95819898e-01, 7.39967333e-02, 6.56569205e-04, 1.45327772e-07,
       1.23751264e-04, 1.25425960e-04, 1.22869845e-04, 5.35411077e-02,
       1.76283852e-07, 1.23046128e-04, 1.22905101e-04, 1.63218280e-04,
       4.34473172e-06, 1.36360930e-04, 1.09449273e-04])}
{'img': array([[[ 0.        , -0.19727702, -0.2614798 , ..., -0.98888564,
         -0.99443758, -0.99492173],
        [ 0.19727702,  0.        , -0.0659276 , ..., -0.99878263,
         -0.99567339, -0.99522557],
        [ 0.2614798 ,  0.0659276 ,  0.        , ..., -0.9933576 ,
         -0.98738108, -0.98662572],
        ...,
        [ 0.98888564,  0.99878263,  0.9933576 , ...,  0.        ,
          0.04369425,  0.04839019],
        [ 0.99443758,  0.99567339,  0.98738108, ..., -0.04369425,
          0.        ,  0.00470091],
        [ 0.99492173,  0.99522557,  0.98662572, ..., -0.04839019,
         -0.00470091,  0.        ]],

       [[ 0.        , -0.69847617, -0.82243928, ..., -0.70646153,
         -0.77538017, -0.76589056],
        [ 0.69847617,  0.        , -0.19123474, ..., -0.01121989,
         -0.11380385, -0.09899691],
        [ 0.82243928,  0.19123474,  0.        , ...,  0.18020988,
          0.0782888 ,  0.09312549],
        ...,
        [ 0.70646153,  0.01121989, -0.18020988, ...,  0.        ,
         -0.10264969, -0.0878259 ],
        [ 0.77538017,  0.11380385, -0.0782888 , ...,  0.10264969,
          0.        ,  0.01489107],
        [ 0.76589056,  0.09899691, -0.09312549, ...,  0.0878259 ,
         -0.01489107,  0.        ]],

       [[ 0.        ,  0.04726045,  0.07514807, ..., -0.97556146,
         -0.98666281, -0.98954003],
        [-0.04726045,  0.        ,  0.02793729, ..., -0.96408699,
         -0.97786738, -0.98161659],
        [-0.07514807, -0.02793729,  0.        , ..., -0.95629091,
         -0.9716405 , -0.97590124],
        ...,
        [ 0.97556146,  0.96408699,  0.95629091, ...,  0.        ,
          0.05799679,  0.0766953 ],
        [ 0.98666281,  0.97786738,  0.9716405 , ..., -0.05799679,
          0.        ,  0.01874024],
        [ 0.98954003,  0.98161659,  0.97590124, ..., -0.0766953 ,
         -0.01874024,  0.        ]],

       ...,

       [[ 0.        , -0.17271848, -0.17271848, ..., -0.19160968,
         -0.12596966,  0.10002242],
        [ 0.17271848,  0.        ,  0.        , ..., -0.01921181,
          0.04726614,  0.27037154],
        [ 0.17271848,  0.        ,  0.        , ..., -0.01921181,
          0.04726614,  0.27037154],
        ...,
        [ 0.19160968,  0.01921181,  0.01921181, ...,  0.        ,
          0.06644775,  0.28881792],
        [ 0.12596966, -0.04726614, -0.04726614, ..., -0.06644775,
          0.        ,  0.22456359],
        [-0.10002242, -0.27037154, -0.27037154, ..., -0.28881792,
         -0.22456359,  0.        ]],

       [[ 0.        , -0.40548923, -0.62558483, ..., -0.38041855,
         -0.27843686, -0.        ],
        [ 0.40548923,  0.        , -0.25550207, ..., -0.72274282,
         -0.64397305, -0.40548923],
        [ 0.62558483,  0.25550207,  0.        , ..., -0.87533575,
         -0.81807002, -0.62558483],
        ...,
        [ 0.38041855,  0.72274282,  0.87533575, ...,  0.        ,
         -0.10787229, -0.38041855],
        [ 0.27843686,  0.64397305,  0.81807002, ...,  0.10787229,
          0.        , -0.27843686],
        [ 0.        ,  0.40548923,  0.62558483, ...,  0.38041855,
          0.27843686,  0.        ]],

       [[ 0.        ,  0.01072569,  0.07584618, ..., -0.98842824,
         -0.99476699, -0.99917702],
        [-0.01072569,  0.        ,  0.06514702, ..., -0.98674442,
         -0.99361393, -0.99868449],
        [-0.07584618, -0.06514702,  0.        , ..., -0.97407606,
         -0.98415241, -0.99322245],
        ...,
        [ 0.98842824,  0.98674442,  0.97407606, ...,  0.        ,
          0.049908  ,  0.11147171],
        [ 0.99476699,  0.99361393,  0.98415241, ..., -0.049908  ,
          0.        ,  0.06173584],
        [ 0.99917702,  0.99868449,  0.99322245, ..., -0.11147171,
         -0.06173584,  0.        ]]]), 'num': array([ 9.96091139e-01,  4.08897708e-02,  6.92174904e-04,  1.59779507e-07,
        1.23698701e-04,  1.28180538e-04,  1.23698701e-04,  7.82933896e-02,
       -2.15128175e-06,  1.24953615e-04,  1.24218594e-04,  1.64402744e-04,
        4.54710646e-06,  1.36272466e-04,  1.12164722e-04])}
{'img': array([[[ 0.        , -0.0659276 , -0.02503595, ..., -0.99567339,
         -0.99522557, -0.99922947],
        [ 0.0659276 ,  0.        ,  0.04092545, ..., -0.98738108,
         -0.98662572, -0.99446797],
        [ 0.02503595, -0.04092545,  0.        , ..., -0.9930349 ,
         -0.99247007, -0.99793363],
        ...,
        [ 0.99567339,  0.98738108,  0.9930349 , ...,  0.        ,
          0.00470091, -0.05377139],
        [ 0.99522557,  0.98662572,  0.99247007, ..., -0.00470091,
          0.        , -0.05846491],
        [ 0.99922947,  0.99446797,  0.99793363, ...,  0.05377139,
          0.05846491,  0.        ]],

       [[ 0.        , -0.19123474,  0.085975  , ..., -0.11380385,
         -0.09899691, -0.01372776],
        [ 0.19123474,  0.        ,  0.27491492, ...,  0.0782888 ,
          0.09312549,  0.17774232],
        [-0.085975  , -0.27491492,  0.        , ..., -0.19879891,
         -0.18418302, -0.09964382],
        ...,
        [ 0.11380385, -0.0782888 ,  0.19879891, ...,  0.        ,
          0.01489107,  0.10015456],
        [ 0.09899691, -0.09312549,  0.18418302, ..., -0.01489107,
          0.        ,  0.08532726],
        [ 0.01372776, -0.17774232,  0.09964382, ..., -0.10015456,
         -0.08532726,  0.        ]],

       [[ 0.        ,  0.02793729,  0.0936239 , ..., -0.97786738,
         -0.98161659, -0.98033049],
        [-0.02793729,  0.        ,  0.06577279, ..., -0.9716405 ,
         -0.97590124, -0.97443406],
        [-0.0936239 , -0.06577279,  0.        , ..., -0.95398371,
         -0.95943559, -0.95754663],
        ...,
        [ 0.97786738,  0.9716405 ,  0.95398371, ...,  0.        ,
          0.01874024,  0.01211551],
        [ 0.98161659,  0.97590124,  0.95943559, ..., -0.01874024,
          0.        , -0.00662549],
        [ 0.98033049,  0.97443406,  0.95754663, ..., -0.01211551,
          0.00662549,  0.        ]],

       ...,

       [[ 0.        ,  0.        ,  0.17161744, ...,  0.04726614,
          0.27037154,  0.31319945],
        [ 0.        ,  0.        ,  0.17161744, ...,  0.04726614,
          0.27037154,  0.31319945],
        [-0.17161744, -0.17161744,  0.        , ..., -0.12486075,
          0.10113449,  0.14556981],
        ...,
        [-0.04726614, -0.04726614,  0.12486075, ...,  0.        ,
          0.22456359,  0.26796134],
        [-0.27037154, -0.27037154, -0.10113449, ..., -0.22456359,
          0.        ,  0.04476623],
        [-0.31319945, -0.31319945, -0.14556981, ..., -0.26796134,
         -0.04476623,  0.        ]],

       [[ 0.        , -0.50591804, -0.70135461, ..., -0.38435792,
         -0.26678702, -0.        ],
        [ 0.50591804,  0.        , -0.24435084, ..., -0.79859557,
         -0.71770686, -0.50591804],
        [ 0.70135461,  0.24435084,  0.        , ..., -0.92145461,
         -0.8661035 , -0.70135461],
        ...,
        [ 0.38435792,  0.79859557,  0.92145461, ...,  0.        ,
         -0.12413352, -0.38435792],
        [ 0.26678702,  0.71770686,  0.8661035 , ...,  0.12413352,
          0.        , -0.26678702],
        [ 0.        ,  0.50591804,  0.70135461, ...,  0.38435792,
          0.26678702,  0.        ]],

       [[ 0.        ,  0.06514702,  0.17231877, ..., -0.99361393,
         -0.99868449, -0.999974  ],
        [-0.06514702,  0.        ,  0.10778021, ..., -0.98415241,
         -0.99322245, -0.99737994],
        [-0.17231877, -0.10778021,  0.        , ..., -0.95930739,
         -0.9749095 , -0.98377301],
        ...,
        [ 0.99361393,  0.98415241,  0.95930739, ...,  0.        ,
          0.06173584,  0.10566529],
        [ 0.99868449,  0.99322245,  0.9749095 , ..., -0.06173584,
          0.        ,  0.04407351],
        [ 0.999974  ,  0.99737994,  0.98377301, ..., -0.10566529,
         -0.04407351,  0.        ]]]), 'num': array([ 9.98598703e-01,  3.11060529e-02,  7.16661222e-04,  1.03507615e-08,
        1.23926303e-04,  1.27139207e-04,  1.22732939e-04,  4.28064401e-02,
       -2.75391785e-06,  1.27047410e-04,  1.26519576e-04,  1.66866002e-04,
        4.85712094e-06,  1.37932582e-04,  1.15106570e-04])}
{'img': array([[[ 0.        ,  0.04092545,  0.04092545, ..., -0.98662572,
         -0.99446797, -0.99971038],
        [-0.04092545,  0.        ,  0.        , ..., -0.99247007,
         -0.99793363, -0.99985772],
        [-0.04092545,  0.        ,  0.        , ..., -0.99247007,
         -0.99793363, -0.99985772],
        ...,
        [ 0.98662572,  0.99247007,  0.99247007, ...,  0.        ,
         -0.05846491, -0.13921108],
        [ 0.99446797,  0.99793363,  0.99793363, ...,  0.05846491,
          0.        , -0.08107734],
        [ 0.99971038,  0.99985772,  0.99985772, ...,  0.13921108,
