state_0,state_1,state_2,state_3,state_4,state_5,state_6,state_7,state_8,state_9,state_10,state_11,state_12,state_13,state_14,state_15,state_16,state_17,state_18,state_19,state_20,state_21,state_22,state_23,state_24,state_25,state_26,state_27,state_28,state_29,state_30,state_31,state_32,state_33,state_34,state_35,state_36,state_37,state_38,state_39,state_40,state_41,state_42,state_43,state_44,state_45,state_46,state_47,state_48,state_49,state_50,state_51,state_52,state_53,state_54,state_55,state_56,state_57,state_58,state_59,state_60,state_61,state_62,state_63,state_64,state_65,state_66,state_67,state_68,state_69,state_70,state_71,state_72,state_73,state_74,state_75,state_76,state_77,state_78,state_79,state_80,state_81,state_82,state_83,state_84,state_85,state_86,state_87,state_88,state_89,state_90,state_91,state_92,state_93,state_94,state_95,state_96,state_97,state_98,state_99,state_100,state_101,state_102,state_103,state_104,state_105,state_106,state_107,state_108,state_109,state_110,state_111,state_112,state_113,state_114,state_115,state_116,state_117,state_118,state_119,state_120,state_121,state_122,state_123,state_124,state_125,state_126,state_127,state_128,state_129,state_130,state_131,state_132,state_133,state_134,state_135,state_136,state_137,state_138,state_139,state_140,state_141,state_142,state_143,state_144,state_145,state_146,state_147,state_148,state_149,state_150,state_151,state_152,state_153,state_154,state_155,state_156,state_157,state_158,state_159,state_160,state_161,state_162,state_163,state_164,state_165,state_166,state_167,state_168,state_169,state_170,state_171,state_172,state_173,state_174,state_175,state_176,state_177,state_178,state_179,state_180,state_181,state_182,state_183,state_184,state_185,state_186,state_187,state_188,state_189,state_190,state_191,state_192,state_193,state_194,state_195,state_196,state_197,state_198,state_199,state_200,state_201,state_202,state_203,state_204,state_205,state_206,state_207,state_208,state_209,state_210,state_211,state_212,state_213,state_214,state_215,state_216,state_217,state_218,state_219,state_220,state_221,state_222,state_223,state_224,state_225,state_226,state_227,state_228,state_229,state_230,state_231,state_232,state_233,state_234,state_235,state_236,state_237,state_238,state_239,state_240,state_241,state_242,state_243,state_244,state_245,state_246,state_247,state_248,state_249,state_250,state_251,state_252,state_253,state_254,state_255,state_256,state_257,state_258,state_259,state_260,state_261,state_262,state_263,state_264,state_265,state_266,state_267,state_268,state_269,state_270,state_271,state_272,state_273,state_274,state_275,state_276,state_277,state_278,state_279,state_280,state_281,state_282,state_283,state_284,state_285,state_286,state_287
{'img': array([[[ 0.        , -0.22390964, -0.63475811, ...,  0.71779701,
          0.75719302,  0.73769593],
        [ 0.22390964,  0.        , -0.44562412, ...,  0.85546971,
          0.88422362,  0.87013457],
        [ 0.63475811,  0.44562412,  0.        , ...,  0.99660146,
          0.99970971,  0.99857191],
        ...,
        [-0.71779701, -0.85546971, -0.99660146, ...,  0.        ,
          0.0583388 ,  0.02901405],
        [-0.75719302, -0.88422362, -0.99970971, ..., -0.0583388 ,
          0.        , -0.0293496 ],
        [-0.73769593, -0.87013457, -0.99857191, ..., -0.02901405,
          0.0293496 ,  0.        ]],

       [[ 0.        , -0.63227684, -0.41023451, ..., -0.58384248,
         -0.69492348, -0.612602  ],
        [ 0.63227684,  0.        ,  0.25879776, ...,  0.06099708,
         -0.08372681,  0.02513745],
        [ 0.41023451, -0.25879776,  0.        , ..., -0.19939687,
         -0.33876342, -0.23443493],
        ...,
        [ 0.58384248, -0.06099708,  0.19939687, ...,  0.        ,
         -0.1443538 , -0.03588716],
        [ 0.69492348,  0.08372681,  0.33876342, ...,  0.1443538 ,
          0.        ,  0.10874953],
        [ 0.612602  , -0.02513745,  0.23443493, ...,  0.03588716,
         -0.10874953,  0.        ]],

       [[ 0.        , -0.04500204, -0.15312254, ...,  0.97151942,
          0.93468934,  0.91320517],
        [ 0.04500204,  0.        , -0.10849607, ...,  0.98119885,
          0.94973908,  0.93061834],
        [ 0.15312254,  0.10849607,  0.        , ...,  0.99634641,
          0.97809655,  0.96483338],
        ...,
        [-0.97151942, -0.98119885, -0.99634641, ...,  0.        ,
         -0.12385789, -0.17950121],
        [-0.93468934, -0.94973908, -0.97809655, ...,  0.12385789,
          0.        , -0.05627288],
        [-0.91320517, -0.93061834, -0.96483338, ...,  0.17950121,
          0.05627288,  0.        ]],

       ...,

       [[ 0.        , -0.52001647, -0.85954311, ..., -0.99571363,
         -0.98909074, -0.95769682],
        [ 0.52001647,  0.        , -0.46842279, ..., -0.89859121,
         -0.92144036, -0.96767257],
        [ 0.85954311,  0.46842279,  0.        , ..., -0.58837159,
         -0.6321051 , -0.73680218],
        ...,
        [ 0.99571363,  0.89859121,  0.58837159, ...,  0.        ,
         -0.05519533, -0.1979684 ],
        [ 0.98909074,  0.92144036,  0.6321051 , ...,  0.05519533,
          0.        , -0.14356369],
        [ 0.95769682,  0.96767257,  0.73680218, ...,  0.1979684 ,
          0.14356369,  0.        ]],

       [[ 0.        ,  0.11382098,  0.10694154, ...,  0.92088457,
          0.9457601 ,  0.94703291],
        [-0.11382098,  0.        , -0.0069217 , ...,  0.95927144,
          0.97659042,  0.97743048],
        [-0.10694154,  0.0069217 ,  0.        , ...,  0.95729317,
          0.97507812,  0.97594481],
        ...,
        [-0.92088457, -0.95927144, -0.95729317, ...,  0.        ,
         -0.06952678, -0.07345725],
        [-0.9457601 , -0.97659042, -0.97507812, ...,  0.06952678,
          0.        , -0.00394055],
        [-0.94703291, -0.97743048, -0.97594481, ...,  0.07345725,
          0.00394055,  0.        ]],

       [[ 0.        ,  0.27867347,  0.46231817, ...,  0.43756067,
          0.13491868,  0.        ],
        [-0.27867347,  0.        ,  0.19690016, ...,  0.67080719,
          0.40569947,  0.27867347],
        [-0.46231817, -0.19690016,  0.        , ...,  0.80370258,
          0.57772534,  0.46231817],
        ...,
        [-0.43756067, -0.67080719, -0.80370258, ...,  0.        ,
          0.31224253,  0.43756067],
        [-0.13491868, -0.40569947, -0.57772534, ..., -0.31224253,
          0.        ,  0.13491868],
        [-0.        , -0.27867347, -0.46231817, ..., -0.43756067,
         -0.13491868,  0.        ]]]), 'num': array([ 7.07089410e-01,  7.07089410e-01,  0.00000000e+00,  0.00000000e+00,
        1.30803376e-03,  1.32926277e-03,  1.30313476e-03,  5.89474150e-03,
       -4.73570275e-05,  1.34493958e-03,  1.38903061e-03,  1.26116663e-03,
        6.33331166e-07,  1.48602261e-03,  1.29203860e-03])}
{'img': array([[[ 0.00000000e+00, -4.45624121e-01,  8.98516993e-02, ...,
          8.84223622e-01,  8.70134570e-01,  7.06453716e-01],
        [ 4.45624121e-01,  0.00000000e+00,  5.24258694e-01, ...,
          9.99709708e-01,  9.98571905e-01,  9.47826203e-01],
        [-8.98516993e-02, -5.24258694e-01,  0.00000000e+00, ...,
          8.38680600e-01,  8.22334819e-01,  6.40002850e-01],
        ...,
        [-8.84223622e-01, -9.99709708e-01, -8.38680600e-01, ...,
          0.00000000e+00, -2.93495988e-02, -2.95858489e-01],
        [-8.70134570e-01, -9.98571905e-01, -8.22334819e-01, ...,
          2.93495988e-02,  0.00000000e+00, -2.67695366e-01],
        [-7.06453716e-01, -9.47826203e-01, -6.40002850e-01, ...,
          2.95858489e-01,  2.67695366e-01,  0.00000000e+00]],

       [[ 0.00000000e+00,  2.58797760e-01, -9.98938929e-04, ...,
         -8.37268051e-02,  2.51374489e-02,  1.19284303e-01],
        [-2.58797760e-01,  0.00000000e+00, -2.59762537e-01, ...,
         -3.38763416e-01, -2.34434927e-01, -1.41729510e-01],
        [ 9.98938929e-04,  2.59762537e-01,  0.00000000e+00, ...,
         -8.27313319e-02,  2.61360597e-02,  1.20276050e-01],
        ...,
        [ 8.37268051e-02,  3.38763416e-01,  8.27313319e-02, ...,
          0.00000000e+00,  1.08749533e-01,  2.01994473e-01],
        [-2.51374489e-02,  2.34434927e-01, -2.61360597e-02, ...,
         -1.08749533e-01,  0.00000000e+00,  9.42886389e-02],
        [-1.19284303e-01,  1.41729510e-01, -1.20276050e-01, ...,
         -2.01994473e-01, -9.42886389e-02,  0.00000000e+00]],

       [[ 0.00000000e+00, -1.08496068e-01, -9.90147503e-02, ...,
          9.49739079e-01,  9.30618336e-01,  8.84602796e-01],
        [ 1.08496068e-01,  0.00000000e+00,  9.53266048e-03, ...,
          9.78096547e-01,  9.64833382e-01,  9.29977504e-01],
        [ 9.90147503e-02, -9.53266048e-03,  0.00000000e+00, ...,
          9.76067865e-01,  9.62283767e-01,  9.26430886e-01],
        ...,
        [-9.49739079e-01, -9.78096547e-01, -9.76067865e-01, ...,
          0.00000000e+00, -5.62728836e-02, -1.65987932e-01],
        [-9.30618336e-01, -9.64833382e-01, -9.62283767e-01, ...,
          5.62728836e-02,  0.00000000e+00, -1.10232658e-01],
        [-8.84602796e-01, -9.29977504e-01, -9.26430886e-01, ...,
          1.65987932e-01,  1.10232658e-01,  0.00000000e+00]],

       ...,

       [[ 0.00000000e+00, -4.68422794e-01, -2.59331250e-01, ...,
         -9.21440359e-01, -9.67672572e-01, -9.48809127e-01],
        [ 4.68422794e-01,  0.00000000e+00,  2.23277008e-01, ...,
         -6.32105095e-01, -7.36802181e-01, -6.90325719e-01],
        [ 2.59331250e-01, -2.23277008e-01,  0.00000000e+00, ...,
         -7.89161108e-01, -8.69161092e-01, -8.34439100e-01],
        ...,
        [ 9.21440359e-01,  6.32105095e-01,  7.89161108e-01, ...,
          0.00000000e+00, -1.43563686e-01, -7.75942058e-02],
        [ 9.67672572e-01,  7.36802181e-01,  8.69161092e-01, ...,
          1.43563686e-01,  0.00000000e+00,  6.63404310e-02],
        [ 9.48809127e-01,  6.90325719e-01,  8.34439100e-01, ...,
          7.75942058e-02, -6.63404310e-02,  0.00000000e+00]],

       [[ 0.00000000e+00, -6.92169896e-03,  9.87132270e-02, ...,
          9.76590420e-01,  9.77430479e-01,  9.70821380e-01],
        [ 6.92169896e-03,  0.00000000e+00,  1.05598755e-01, ...,
          9.75078118e-01,  9.75944805e-01,  9.69138274e-01],
        [-9.87132270e-02, -1.05598755e-01,  0.00000000e+00, ...,
          9.93054613e-01,  9.93510525e-01,  9.89751617e-01],
        ...,
        [-9.76590420e-01, -9.75078118e-01, -9.93054613e-01, ...,
          0.00000000e+00, -3.94055037e-03,  2.53592990e-02],
        [-9.77430479e-01, -9.75944805e-01, -9.93510525e-01, ...,
          3.94055037e-03,  0.00000000e+00,  2.92983852e-02],
        [-9.70821380e-01, -9.69138274e-01, -9.89751617e-01, ...,
         -2.53592990e-02, -2.92983852e-02,  0.00000000e+00]],

       [[ 0.00000000e+00,  3.80357622e-01,  4.34083559e-01, ...,
          1.36268711e-01,  0.00000000e+00,  2.90831793e-01],
        [-3.80357622e-01,  0.00000000e+00,  5.88038521e-02, ...,
          5.02836298e-01,  3.80357622e-01,  6.32889086e-01],
        [-4.34083559e-01, -5.88038521e-02,  0.00000000e+00, ...,
          5.52795139e-01,  4.34083559e-01,  6.77322347e-01],
        ...,
        [-1.36268711e-01, -5.02836298e-01, -5.52795139e-01, ...,
          0.00000000e+00,  1.36268711e-01, -1.57740502e-01],
        [-0.00000000e+00, -3.80357622e-01, -4.34083559e-01, ...,
         -1.36268711e-01,  0.00000000e+00, -2.90831793e-01],
        [-2.90831793e-01, -6.32889086e-01, -6.77322347e-01, ...,
          1.57740502e-01,  2.90831793e-01,  0.00000000e+00]]]), 'num': array([ 8.78651226e-01,  4.77422930e-01,  5.01535370e-06, -1.31678182e-10,
        1.62440606e-03,  1.63049758e-03,  1.60816200e-03,  4.16390096e-03,
       -2.03050757e-06,  1.66136129e-03,  1.72105822e-03,  1.57086834e-03,
        9.04418219e-07,  1.84925643e-03,  1.59286000e-03])}
{'img': array([[[ 0.        ,  0.52425869,  0.91506143, ...,  0.99857191,
          0.9478262 ,  0.94488767],
        [-0.52425869,  0.        ,  0.56778772, ...,  0.82233482,
          0.64000285,  0.63298814],
        [-0.91506143, -0.56778772,  0.        , ...,  0.35385204,
          0.09056186,  0.08150063],
        ...,
        [-0.99857191, -0.82233482, -0.35385204, ...,  0.        ,
         -0.26769537, -0.27644722],
        [-0.9478262 , -0.64000285, -0.09056186, ...,  0.26769537,
          0.        , -0.00909486],
        [-0.94488767, -0.63298814, -0.08150063, ...,  0.27644722,
          0.00909486,  0.        ]],

       [[ 0.        , -0.25976254,  0.97513618, ..., -0.23443493,
         -0.14172951, -0.6476952 ],
        [ 0.25976254,  0.        ,  0.88409716, ...,  0.02613606,
          0.12027605, -0.42754849],
        [-0.97513618, -0.88409716,  0.        , ..., -0.89600861,
         -0.93388442, -0.59942238],
        ...,
        [ 0.23443493, -0.02613606,  0.89600861, ...,  0.        ,
          0.09428864, -0.45102924],
        [ 0.14172951, -0.12027605,  0.93388442, ..., -0.09428864,
          0.        , -0.53317334],
        [ 0.6476952 ,  0.42754849,  0.59942238, ...,  0.45102924,
          0.53317334,  0.        ]],

       [[ 0.        ,  0.00953266,  0.17472576, ...,  0.96483338,
          0.9299775 ,  0.90569691],
        [-0.00953266,  0.        ,  0.1653318 , ...,  0.96228377,
          0.92643089,  0.90161462],
        [-0.17472576, -0.1653318 ,  0.        , ...,  0.90406268,
          0.85143973,  0.81769394],
        ...,
        [-0.96483338, -0.96228377, -0.90406268, ...,  0.        ,
         -0.11023266, -0.17094429],
        [-0.9299775 , -0.92643089, -0.85143973, ...,  0.11023266,
          0.        , -0.06129241],
        [-0.90569691, -0.90161462, -0.81769394, ...,  0.17094429,
          0.06129241,  0.        ]],

       ...,

       [[ 0.        ,  0.22327701,  0.48945645, ..., -0.73680218,
         -0.69032572, -0.51295325],
        [-0.22327701,  0.        ,  0.28239639, ..., -0.86916109,
         -0.8344391 , -0.69166844],
        [-0.48945645, -0.28239639,  0.        , ..., -0.97343755,
         -0.95610429, -0.86746698],
        ...,
        [ 0.73680218,  0.86916109,  0.97343755, ...,  0.        ,
          0.06634043,  0.28567119],
        [ 0.69032572,  0.8344391 ,  0.95610429, ..., -0.06634043,
          0.        ,  0.221466  ],
        [ 0.51295325,  0.69166844,  0.86746698, ..., -0.28567119,
         -0.221466  ,  0.        ]],

       [[ 0.        ,  0.10559876,  0.36002207, ...,  0.97594481,
          0.96913827,  0.96636895],
        [-0.10559876,  0.        ,  0.25949142, ...,  0.99351053,
          0.98975162,  0.98812154],
        [-0.36002207, -0.25949142,  0.        , ...,  0.98899284,
          0.99290337,  0.99415103],
        ...,
        [-0.97594481, -0.99351053, -0.98899284, ...,  0.        ,
          0.02929839,  0.04028798],
        [-0.96913827, -0.98975162, -0.99290337, ..., -0.02929839,
          0.        ,  0.01099609],
        [-0.96636895, -0.98812154, -0.99415103, ..., -0.04028798,
         -0.01099609,  0.        ]],

       [[ 0.        ,  0.22177761,  0.05731562, ...,  0.        ,
          0.29632769,  0.45977327],
        [-0.22177761,  0.        , -0.16552472, ...,  0.22177761,
          0.50076508,  0.64527024],
        [-0.05731562,  0.16552472,  0.        , ...,  0.05731562,
          0.35058193,  0.50991581],
        ...,
        [-0.        , -0.22177761, -0.05731562, ...,  0.        ,
         -0.29632769, -0.45977327],
        [-0.29632769, -0.50076508, -0.35058193, ...,  0.29632769,
          0.        , -0.17597341],
        [-0.45977327, -0.64527024, -0.50991581, ...,  0.45977327,
          0.17597341,  0.        ]]]), 'num': array([ 9.83829639e-01,  1.78951652e-01,  1.01242514e-05, -1.56936743e-09,
        1.81688033e-03,  1.83744879e-03,  1.81002418e-03,  5.27756886e-03,
       -1.14269203e-05,  1.85527479e-03,  1.92509327e-03,  1.77208681e-03,
        9.85079339e-07,  2.06745105e-03,  1.78273549e-03])}
{'img': array([[[ 0.        ,  0.56778772,  0.32345031, ...,  0.64000285,
          0.63298814,  0.59722361],
        [-0.56778772,  0.        , -0.27101017, ...,  0.09056186,
          0.08150063,  0.03621133],
        [-0.32345031,  0.27101017,  0.        , ...,  0.35706926,
          0.34855919,  0.30568861],
        ...,
        [-0.64000285, -0.09056186, -0.35706926, ...,  0.        ,
         -0.00909486, -0.05443993],
        [-0.63298814, -0.08150063, -0.34855919, ...,  0.00909486,
          0.        , -0.04535631],
        [-0.59722361, -0.03621133, -0.30568861, ...,  0.05443993,
          0.04535631,  0.        ]],

       [[ 0.        ,  0.88409716,  0.50794143, ...,  0.12027605,
         -0.42754849, -0.32184024],
        [-0.88409716,  0.        , -0.99891649, ..., -0.93388442,
         -0.59942238, -0.68666093],
        [-0.50794143,  0.99891649,  0.        , ..., -0.40064924,
         -0.82746188, -0.75814637],
        ...,
        [-0.12027605,  0.93388442,  0.40064924, ...,  0.        ,
         -0.53317334, -0.43338048],
        [ 0.42754849,  0.59942238,  0.82746188, ...,  0.53317334,
          0.        ,  0.11385921],
        [ 0.32184024,  0.68666093,  0.75814637, ...,  0.43338048,
         -0.11385921,  0.        ]],

       [[ 0.        ,  0.1653318 ,  0.21755524, ...,  0.92643089,
          0.90161462,  0.86854446],
        [-0.1653318 ,  0.        ,  0.05318948, ...,  0.85143973,
          0.81769394,  0.77465126],
        [-0.21755524, -0.05318948,  0.        , ...,  0.82233911,
          0.78591775,  0.73991827],
        ...,
        [-0.92643089, -0.85143973, -0.82233911, ...,  0.        ,
         -0.06129241, -0.13217308],
        [-0.90161462, -0.81769394, -0.78591775, ...,  0.06129241,
          0.        , -0.0711699 ],
        [-0.86854446, -0.77465126, -0.73991827, ...,  0.13217308,
          0.0711699 ,  0.        ]],

       ...,

       [[ 0.        ,  0.28239639,  0.14443032, ..., -0.8344391 ,
         -0.69166844, -0.72915689],
        [-0.28239639,  0.        , -0.14088377, ..., -0.95610429,
         -0.86746698, -0.8927356 ],
        [-0.14443032,  0.14088377,  0.        , ..., -0.90528556,
         -0.78872605, -0.82035205],
        ...,
        [ 0.8344391 ,  0.95610429,  0.90528556, ...,  0.        ,
          0.221466  ,  0.16920706],
        [ 0.69166844,  0.86746698,  0.78872605, ..., -0.221466  ,
          0.        , -0.05326725],
        [ 0.72915689,  0.8927356 ,  0.82035205, ..., -0.16920706,
          0.05326725,  0.        ]],

       [[ 0.        ,  0.25949142,  0.35968398, ...,  0.98975162,
          0.98812154,  0.99774437],
        [-0.25949142,  0.        ,  0.10523841, ...,  0.99290337,
          0.99415103,  0.98098619],
        [-0.35968398, -0.10523841,  0.        , ...,  0.97487443,
          0.97726492,  0.95511438],
        ...,
        [-0.98975162, -0.99290337, -0.97487443, ...,  0.        ,
          0.01099609, -0.07603751],
        [-0.98812154, -0.99415103, -0.97726492, ..., -0.01099609,
          0.        , -0.08699716],
        [-0.99774437, -0.98098619, -0.95511438, ...,  0.07603751,
          0.08699716,  0.        ]],

       [[ 0.        , -0.21450891,  0.055173  , ...,  0.49441267,
          0.63971635,  0.70477252],
        [ 0.21450891,  0.        ,  0.26807086, ...,  0.29644674,
          0.45995112,  0.53618707],
        [-0.055173  , -0.26807086,  0.        , ...,  0.54161746,
          0.68114851,  0.74284058],
        ...,
        [-0.49441267, -0.29644674, -0.54161746, ...,  0.        ,
         -0.17604786, -0.26185468],
        [-0.63971635, -0.45995112, -0.68114851, ...,  0.17604786,
          0.        , -0.08785985],
        [-0.70477252, -0.53618707, -0.74284058, ...,  0.26185468,
          0.08785985,  0.        ]]]), 'num': array([ 9.89096637e-01,  1.47026782e-01,  1.05920736e-05, -1.33420129e-08,
        1.82661574e-03,  1.84729441e-03,  1.79215129e-03,  6.57521927e-03,
        0.00000000e+00,  1.84775393e-03,  1.92644775e-03,  1.78414788e-03,
        1.17226013e-06,  2.07320480e-03,  1.77969070e-03])}
{'img': array([[[ 0.        , -0.27101017, -0.34309902, ...,  0.08150063,
          0.03621133,  0.03621133],
        [ 0.27101017,  0.        , -0.0756994 , ...,  0.34855919,
          0.30568861,  0.30568861],
        [ 0.34309902,  0.0756994 ,  0.        , ...,  0.41851111,
          0.37688728,  0.37688728],
        ...,
        [-0.08150063, -0.34855919, -0.41851111, ...,  0.        ,
         -0.04535631, -0.04535631],
        [-0.03621133, -0.30568861, -0.37688728, ...,  0.04535631,
          0.        ,  0.        ],
        [-0.03621133, -0.30568861, -0.37688728, ...,  0.04535631,
          0.        ,  0.        ]],

       [[ 0.        , -0.99891649, -0.97568429, ..., -0.59942238,
         -0.68666093, -0.82161048],
        [ 0.99891649,  0.        ,  0.17353624, ..., -0.82746188,
         -0.75814637, -0.60766824],
        [ 0.97568429, -0.17353624,  0.        , ..., -0.9123516 ,
         -0.85980366, -0.73626931],
        ...,
        [ 0.59942238,  0.82746188,  0.9123516 , ...,  0.        ,
          0.11385921,  0.31594374],
        [ 0.68666093,  0.75814637,  0.85980366, ..., -0.11385921,
          0.        ,  0.20586202],
        [ 0.82161048,  0.60766824,  0.73626931, ..., -0.31594374,
         -0.20586202,  0.        ]],

       [[ 0.        ,  0.05318948,  0.13660959, ...,  0.81769394,
          0.77465126,  0.71948281],
        [-0.05318948,  0.        ,  0.08372539, ...,  0.78591775,
          0.73991827,  0.6815237 ],
        [-0.13660959, -0.08372539,  0.        , ...,  0.73138828,
          0.68099852,  0.61786087],
        ...,
        [-0.81769394, -0.78591775, -0.73138828, ...,  0.        ,
         -0.0711699 , -0.15372424],
        [-0.77465126, -0.73991827, -0.68099852, ...,  0.0711699 ,
          0.        , -0.08301046],
        [-0.71948281, -0.6815237 , -0.61786087, ...,  0.15372424,
          0.08301046,  0.        ]],

       ...,

       [[ 0.        , -0.14088377, -0.25987185, ..., -0.86746698,
         -0.8927356 , -0.73245133],
        [ 0.14088377,  0.        , -0.12123649, ..., -0.78872605,
         -0.82035205, -0.62922957],
        [ 0.25987185,  0.12123649,  0.        , ..., -0.70837862,
         -0.74497069, -0.53036078],
        ...,
        [ 0.86746698,  0.78872605,  0.70837862, ...,  0.        ,
         -0.05326725,  0.22619763],
        [ 0.8927356 ,  0.82035205,  0.74497069, ...,  0.05326725,
          0.        ,  0.27776313],
        [ 0.73245133,  0.62922957,  0.53036078, ..., -0.22619763,
         -0.27776313,  0.        ]],

       [[ 0.        ,  0.10523841,  0.15637899, ...,  0.99415103,
          0.98098619,  0.97441416],
        [-0.10523841,  0.        ,  0.05156694, ...,  0.97726492,
          0.95511438,  0.94534987],
        [-0.15637899, -0.05156694,  0.        , ...,  0.96503139,
          0.93856758,  0.92727833],
        ...,
        [-0.99415103, -0.97726492, -0.96503139, ...,  0.        ,
         -0.08699716, -0.11820989],
        [-0.98098619, -0.95511438, -0.93856758, ...,  0.08699716,
          0.        , -0.03137451],
        [-0.97441416, -0.94534987, -0.92727833, ...,  0.11820989,
          0.03137451,  0.        ]],

       [[ 0.        ,  0.26807086,  0.47293139, ...,  0.45995112,
          0.53618707,  0.61372375],
        [-0.26807086,  0.        ,  0.21942469, ...,  0.68114851,
          0.74284058,  0.8029085 ],
        [-0.47293139, -0.21942469,  0.        , ...,  0.82519929,
          0.87163503,  0.91414073],
        ...,
        [-0.45995112, -0.68114851, -0.82519929, ...,  0.        ,
         -0.08785985, -0.18181147],
        [-0.53618707, -0.74284058, -0.87163503, ...,  0.08785985,
          0.        , -0.09471285],
        [-0.61372375, -0.8029085 , -0.91414073, ...,  0.18181147,
          0.09471285,  0.        ]]]), 'num': array([ 9.89387688e-01,  1.44931594e-01,  1.05954341e-05, -1.33179404e-08,
        1.82782704e-03,  1.85305427e-03,  1.82324028e-03,  8.89956832e-03,
        4.58676799e-06,  1.82920307e-03,  1.91268225e-03,  1.78108023e-03,
        6.12736182e-07,  2.05575707e-03,  1.76960744e-03])}
{'img': array([[[ 0.        , -0.0756994 , -0.29269092, ...,  0.30568861,
          0.30568861,  0.3229007 ],
        [ 0.0756994 ,  0.        , -0.21946679, ...,  0.37688728,
          0.37688728,  0.3936186 ],
        [ 0.29269092,  0.21946679,  0.        , ...,  0.57098188,
          0.57098188,  0.58577225],
        ...,
        [-0.30568861, -0.37688728, -0.57098188, ...,  0.        ,
          0.        ,  0.0181302 ],
        [-0.30568861, -0.37688728, -0.57098188, ...,  0.        ,
          0.        ,  0.0181302 ],
        [-0.3229007 , -0.3936186 , -0.58577225, ..., -0.0181302 ,
         -0.0181302 ,  0.        ]],

       [[ 0.        ,  0.17850517, -0.69088381, ..., -0.76849613,
         -0.61789675, -0.33199936],
        [-0.17850517,  0.        , -0.80884064, ..., -0.87037062,
         -0.74832403, -0.49504739],
        [ 0.69088381,  0.80884064,  0.        , ..., -0.11353136,
          0.09649556,  0.41167242],
        ...,
        [ 0.76849613,  0.87037062,  0.11353136, ...,  0.        ,
          0.20887322,  0.51247547],
        [ 0.61789675,  0.74832403, -0.09649556, ..., -0.20887322,
          0.        ,  0.32181183],
        [ 0.33199936,  0.49504739, -0.41167242, ..., -0.51247547,
         -0.32181183,  0.        ]],

       [[ 0.        ,  0.08372539,  0.18400496, ...,  0.73991827,
          0.6815237 ,  0.62763081],
        [-0.08372539,  0.        ,  0.10106309, ...,  0.68099852,
          0.61786087,  0.56024597],
        [-0.18400496, -0.10106309,  0.        , ...,  0.60350486,
          0.5352328 ,  0.47366431],
        ...,
        [-0.73991827, -0.68099852, -0.60350486, ...,  0.        ,
         -0.08301046, -0.15382938],
        [-0.6815237 , -0.61786087, -0.5352328 , ...,  0.08301046,
          0.        , -0.07127604],
        [-0.62763081, -0.56024597, -0.47366431, ...,  0.15382938,
          0.07127604,  0.        ]],

       ...,

       [[ 0.        , -0.12123649, -0.34167484, ..., -0.82035205,
         -0.62922957, -0.92646443],
        [ 0.12123649,  0.        , -0.22521426, ..., -0.74497069,
         -0.53036078, -0.96526178],
        [ 0.34167484,  0.22521426,  0.        , ..., -0.57559204,
         -0.32580507, -0.99930853],
        ...,
        [ 0.82035205,  0.74497069,  0.57559204, ...,  0.        ,
          0.27776313, -0.83857287],
        [ 0.62922957,  0.53036078,  0.32580507, ..., -0.27776313,
          0.        , -0.95689711],
        [ 0.92646443,  0.96526178,  0.99930853, ...,  0.83857287,
          0.95689711,  0.        ]],

       [[ 0.        ,  0.05156694,  0.05629541, ...,  0.95511438,
          0.94534987,  0.91747428],
        [-0.05156694,  0.        ,  0.00473535, ...,  0.93856758,
          0.92727833,  0.89574054],
        [-0.05629541, -0.00473535,  0.        , ...,  0.93692291,
          0.92549515,  0.89362527],
        ...,
        [-0.95511438, -0.93856758, -0.93692291, ...,  0.        ,
         -0.03137451, -0.10814974],
        [-0.94534987, -0.92727833, -0.92549515, ...,  0.03137451,
          0.        , -0.07690602],
        [-0.91747428, -0.89574054, -0.89362527, ...,  0.10814974,
          0.07690602,  0.        ]],

       [[ 0.        ,  0.40079935,  0.57108817, ...,  0.54073508,
          0.61873828,  0.65508501],
        [-0.40079935,  0.        ,  0.19419982, ...,  0.8325526 ,
          0.88173373,  0.90299255],
        [-0.57108817, -0.19419982,  0.        , ...,  0.92427867,
          0.95656054,  0.96924053],
        ...,
        [-0.54073508, -0.8325526 , -0.92427867, ...,  0.        ,
         -0.09567833, -0.1424977 ],
        [-0.61873828, -0.88173373, -0.95656054, ...,  0.09567833,
          0.        , -0.04714203],
        [-0.65508501, -0.90299255, -0.96924053, ...,  0.1424977 ,
          0.04714203,  0.        ]]]), 'num': array([ 9.92428570e-01,  1.22619367e-01,  1.10241978e-05, -8.53286575e-09,
        1.83117727e-03,  1.84974434e-03,  1.81493108e-03,  4.70846968e-03,
       -1.85670699e-05,  1.84556675e-03,  1.92273613e-03,  1.80352007e-03,
        6.01710599e-07,  2.05611306e-03,  1.78935920e-03])}
{'img': array([[[ 0.        , -0.21946679, -0.19873977, ...,  0.37688728,
          0.3936186 ,  0.32604245],
        [ 0.21946679,  0.        ,  0.02119445, ...,  0.57098188,
          0.58577225,  0.52556759],
        [ 0.19873977, -0.02119445,  0.        , ...,  0.55345377,
          0.56846308,  0.50741832],
        ...,
        [-0.37688728, -0.57098188, -0.55345377, ...,  0.        ,
          0.0181302 , -0.05429252],
        [-0.3936186 , -0.58577225, -0.56846308, ..., -0.0181302 ,
          0.        , -0.07238706],
        [-0.32604245, -0.52556759, -0.50741832, ...,  0.05429252,
          0.07238706,  0.        ]],

       [[ 0.        , -0.80884064, -0.19781861, ..., -0.74832403,
         -0.49504739, -0.92546069],
        [ 0.80884064,  0.        ,  0.67653399, ...,  0.09649556,
          0.41167242, -0.23777257],
        [ 0.19781861, -0.67653399,  0.        , ..., -0.60231645,
         -0.31338673, -0.83223001],
        ...,
        [ 0.74832403, -0.09649556,  0.60231645, ...,  0.        ,
          0.32181183, -0.33039114],
        [ 0.49504739, -0.41167242,  0.31338673, ..., -0.32181183,
          0.        , -0.61655574],
        [ 0.92546069,  0.23777257,  0.83223001, ...,  0.33039114,
          0.61655574,  0.        ]],

       [[ 0.        ,  0.10106309,  0.11272508, ...,  0.61786087,
          0.56024597,  0.53866755],
        [-0.10106309,  0.        ,  0.011729  , ...,  0.5352328 ,
          0.47366431,  0.45076208],
        [-0.11272508, -0.011729  ,  0.        , ...,  0.52528844,
          0.46330193,  0.44026125],
        ...,
        [-0.61786087, -0.5352328 , -0.52528844, ...,  0.        ,
         -0.07127604, -0.09701162],
        [-0.56024597, -0.47366431, -0.46330193, ...,  0.07127604,
          0.        , -0.02582504],
        [-0.53866755, -0.45076208, -0.44026125, ...,  0.09701162,
          0.02582504,  0.        ]],

       ...,

       [[ 0.        , -0.22352193, -0.2830401 , ..., -0.52612307,
         -0.98722452, -0.92478378],
        [ 0.22352193,  0.        , -0.06149719, ..., -0.32272664,
         -0.99786159, -0.98643427],
        [ 0.2830401 ,  0.06149719,  0.        , ..., -0.26390919,
         -0.99195329, -0.99466238],
        ...,
        [ 0.52612307,  0.32272664,  0.26390919, ...,  0.        ,
         -0.92337405, -0.9866301 ],
        [ 0.98722452,  0.99786159,  0.99195329, ...,  0.92337405,
          0.        , -0.22828137],
        [ 0.92478378,  0.98643427,  0.99466238, ...,  0.9866301 ,
          0.22828137,  0.        ]],

       [[ 0.        ,  0.00473535,  0.01568305, ...,  0.92727833,
          0.89574054,  0.83242068],
        [-0.00473535,  0.        ,  0.01094811, ...,  0.92549515,
          0.89362527,  0.82978728],
        [-0.01568305, -0.01094811,  0.        , ...,  0.92129298,
          0.88865805,  0.82362763],
        ...,
        [-0.92727833, -0.92549515, -0.92129298, ...,  0.        ,
         -0.07690602, -0.20221036],
        [-0.89574054, -0.89362527, -0.88865805, ...,  0.07690602,
          0.        , -0.12629419],
        [-0.83242068, -0.82978728, -0.82362763, ...,  0.20221036,
          0.12629419,  0.        ]],

       [[ 0.        ,  0.43474335,  0.57161813, ...,  0.63046602,
          0.66722026,  0.67461624],
        [-0.43474335,  0.        ,  0.15805771, ...,  0.90522406,
          0.92469127,  0.92844252],
        [-0.57161813, -0.15805771,  0.        , ...,  0.96100947,
          0.97324317,  0.97548654],
        ...,
        [-0.63046602, -0.90522406, -0.96100947, ...,  0.        ,
         -0.04829839, -0.05825825],
        [-0.66722026, -0.92469127, -0.97324317, ...,  0.04829839,
          0.        , -0.00997391],
        [-0.67461624, -0.92844252, -0.97548654, ...,  0.05825825,
          0.00997391,  0.        ]]]), 'num': array([ 9.99675627e-01,  2.41040545e-02,  1.24753398e-05, -2.93996185e-08,
        1.84418067e-03,  1.87248011e-03,  1.84182238e-03,  6.25351759e-03,
       -1.65080111e-05,  1.86682022e-03,  1.94452579e-03,  1.83372559e-03,
        2.19840341e-07,  2.08352857e-03,  1.80552301e-03])}
{'img': array([[[ 0.        ,  0.02119445,  0.13312099, ...,  0.58577225,
          0.52556759,  0.47060958],
        [-0.02119445,  0.        ,  0.11208527, ...,  0.56846308,
          0.50741832,  0.45180313],
        [-0.13312099, -0.11208527,  0.        , ...,  0.47266743,
          0.40763701,  0.34896288],
        ...,
        [-0.58577225, -0.56846308, -0.47266743, ...,  0.        ,
         -0.07238706, -0.13543357],
        [-0.52556759, -0.50741832, -0.40763701, ...,  0.07238706,
          0.        , -0.06335816],
        [-0.47060958, -0.45180313, -0.34896288, ...,  0.13543357,
          0.06335816,  0.        ]],

       [[ 0.        ,  0.67653399, -0.13563357, ...,  0.41167242,
         -0.23777257,  0.02089382],
        [-0.67653399,  0.        , -0.77016429, ..., -0.31338673,
         -0.83223001, -0.66099985],
        [ 0.13563357,  0.77016429,  0.        , ...,  0.53147538,
         -0.10383162,  0.1563047 ],
        ...,
        [-0.41167242,  0.31338673, -0.53147538, ...,  0.        ,
         -0.61655574, -0.39254135],
        [ 0.23777257,  0.83223001,  0.10383162, ...,  0.61655574,
          0.        ,  0.25801528],
        [-0.02089382,  0.66099985, -0.1563047 , ...,  0.39254135,
         -0.25801528,  0.        ]],

       [[ 0.        ,  0.011729  , -0.10106309, ...,  0.47366431,
          0.45076208,  0.41589988],
        [-0.011729  ,  0.        , -0.11272508, ...,  0.46330193,
          0.44026125,  0.40520479],
        [ 0.10106309,  0.11272508,  0.        , ...,  0.56024597,
          0.53866755,  0.5056783 ],
        ...,
        [-0.47366431, -0.46330193, -0.56024597, ...,  0.        ,
         -0.02582504, -0.06446995],
        [-0.45076208, -0.44026125, -0.53866755, ...,  0.02582504,
          0.        , -0.03867714],
        [-0.41589988, -0.40520479, -0.5056783 , ...,  0.06446995,
          0.03867714,  0.        ]],

       ...,

       [[ 0.        , -0.05041473, -0.1461669 , ..., -0.80149466,
         -0.81612274, -0.93844908],
        [ 0.05041473,  0.        , -0.09610775, ..., -0.77032735,
         -0.78595134, -0.95466986],
        [ 0.1461669 ,  0.09610775,  0.        , ..., -0.70547848,
         -0.72289081, -0.97885871],
        ...,
        [ 0.80149466,  0.77032735,  0.70547848, ...,  0.        ,
         -0.02487636, -0.83804472],
        [ 0.81612274,  0.78595134,  0.72289081, ...,  0.02487636,
          0.        , -0.8242128 ],
        [ 0.93844908,  0.95466986,  0.97885871, ...,  0.83804472,
          0.8242128 ,  0.        ]],

       [[ 0.        ,  0.01094811,  0.02401338, ...,  0.89362527,
          0.82978728,  0.81378875],
        [-0.01094811,  0.        ,  0.01306698, ...,  0.88865805,
          0.82362763,  0.80737737],
        [-0.02401338, -0.01306698,  0.        , ...,  0.88259004,
          0.81614662,  0.79959845],
        ...,
        [-0.89362527, -0.88865805, -0.88259004, ...,  0.        ,
         -0.12629419, -0.1541003 ],
        [-0.82978728, -0.82362763, -0.81614662, ...,  0.12629419,
          0.        , -0.02808076],
        [-0.81378875, -0.80737737, -0.79959845, ...,  0.1541003 ,
          0.02808076,  0.        ]],

       [[ 0.        ,  0.40168566,  0.57034627, ...,  0.68183026,
          0.68930798,  0.74718718],
        [-0.40168566,  0.        ,  0.19236399, ...,  0.91824213,
          0.92226139,  0.95122306],
        [-0.57034627, -0.19236399,  0.        , ...,  0.97727259,
          0.97939845,  0.99280273],
        ...,
        [-0.68183026, -0.91824213, -0.97727259, ...,  0.        ,
         -0.01027147, -0.0934215 ],
        [-0.68930798, -0.92226139, -0.97939845, ...,  0.01027147,
          0.        , -0.08319002],
        [-0.74718718, -0.95122306, -0.99280273, ...,  0.0934215 ,
          0.08319002,  0.        ]]]), 'num': array([ 9.99907340e-01,  1.12239731e-02,  1.26754278e-05, -4.97090881e-08,
        1.84455852e-03,  1.86111225e-03,  1.83273443e-03,  5.55476974e-03,
       -4.72963723e-06,  1.86489596e-03,  1.94459035e-03,  1.84073540e-03,
        1.61696999e-07,  2.09133949e-03,  1.79784120e-03])}
{'img': array([[[ 0.        ,  0.11208527, -0.17798627, ...,  0.50741832,
          0.45180313,  0.43553443],
        [-0.11208527,  0.        , -0.28716031, ...,  0.40763701,
          0.34896288,  0.33189392],
        [ 0.17798627,  0.28716031,  0.        , ...,  0.6526871 ,
          0.60337387,  0.58879851],
        ...,
        [-0.50741832, -0.40763701, -0.6526871 , ...,  0.        ,
         -0.06335816, -0.08146384],
        [-0.45180313, -0.34896288, -0.60337387, ...,  0.06335816,
          0.        , -0.01815259],
        [-0.43553443, -0.33189392, -0.58879851, ...,  0.08146384,
          0.01815259,  0.        ]],

       [[ 0.        , -0.77016429, -0.68044966, ..., -0.83223001,
         -0.66099985, -0.74486247],
        [ 0.77016429,  0.        ,  0.13035061, ..., -0.10383162,
          0.1563047 ,  0.03876027],
        [ 0.68044966, -0.13035061,  0.        , ..., -0.23259178,
          0.02622265, -0.09182309],
        ...,
        [ 0.83223001,  0.10383162,  0.23259178, ...,  0.        ,
          0.25801528,  0.14230437],
        [ 0.66099985, -0.1563047 , -0.02622265, ..., -0.25801528,
          0.        , -0.11790338],
        [ 0.74486247, -0.03876027,  0.09182309, ..., -0.14230437,
          0.11790338,  0.        ]],

       [[ 0.        , -0.11272508, -0.22388608, ...,  0.44026125,
          0.40520479,  0.37553814],
        [ 0.11272508,  0.        , -0.11259548, ...,  0.53866755,
          0.5056783 ,  0.47761893],
        [ 0.22388608,  0.11259548,  0.        , ...,  0.63010589,
          0.59960126,  0.5735044 ],
        ...,
        [-0.44026125, -0.53866755, -0.63010589, ...,  0.        ,
         -0.03867714, -0.07085285],
        [-0.40520479, -0.5056783 , -0.59960126, ...,  0.03867714,
          0.        , -0.0322199 ],
        [-0.37553814, -0.47761893, -0.5735044 , ...,  0.07085285,
          0.0322199 ,  0.        ]],

       ...,

       [[ 0.        , -0.09371454, -0.31357571, ..., -0.76359383,
         -0.99951979, -0.94750527],
        [ 0.09371454,  0.        , -0.22320782, ..., -0.69972216,
         -0.99221708, -0.9732997 ],
        [ 0.31357571,  0.22320782,  0.        , ..., -0.52260575,
         -0.93939045, -0.99997888],
        ...,
        [ 0.76359383,  0.69972216,  0.52260575, ...,  0.        ,
         -0.62172535, -0.8559528 ],
        [ 0.99951979,  0.99221708,  0.93939045, ...,  0.62172535,
          0.        , -0.34894692],
        [ 0.94750527,  0.9732997 ,  0.99997888, ...,  0.8559528 ,
          0.34894692,  0.        ]],

       [[ 0.        ,  0.01306698, -0.01822378, ...,  0.82362763,
          0.80737737,  0.8132044 ],
        [-0.01306698,  0.        , -0.03128703, ...,  0.81614662,
          0.79959845,  0.80553027],
        [ 0.01822378,  0.03128703,  0.        , ...,  0.83382612,
          0.81799596,  0.82367519],
        ...,
        [-0.82362763, -0.81614662, -0.83382612, ...,  0.        ,
         -0.02808076, -0.01813991],
        [-0.80737737, -0.79959845, -0.81799596, ...,  0.02808076,
          0.        ,  0.00994338],
        [-0.8132044 , -0.80553027, -0.82367519, ...,  0.01813991,
         -0.00994338,  0.        ]],

       [[ 0.        ,  0.43282519,  0.61605414, ...,  0.70181894,
          0.76004603,  0.80921433],
        [-0.43282519,  0.        ,  0.21442112, ...,  0.94099959,
          0.96644446,  0.98377948],
        [-0.61605414, -0.21442112,  0.        , ...,  0.99167493,
          0.99904579,  0.99936137],
        ...,
        [-0.70181894, -0.94099959, -0.99167493, ...,  0.        ,
         -0.08533233, -0.16412005],
        [-0.76004603, -0.96644446, -0.99904579, ...,  0.08533233,
          0.        , -0.07934617],
        [-0.80921433, -0.98377948, -0.99936137, ...,  0.16412005,
