state_0,state_1,state_2,state_3,state_4,state_5,state_6,state_7,state_8,state_9,state_10,state_11,state_12,state_13,state_14,state_15,state_16,state_17,state_18,state_19,state_20,state_21,state_22,state_23,state_24,state_25,state_26,state_27,state_28,state_29,state_30,state_31,state_32,state_33,state_34,state_35,state_36,state_37,state_38,state_39,state_40,state_41,state_42,state_43,state_44,state_45,state_46,state_47,state_48,state_49,state_50,state_51,state_52,state_53,state_54,state_55,state_56,state_57,state_58,state_59,state_60,state_61,state_62,state_63,state_64,state_65,state_66,state_67,state_68,state_69,state_70,state_71,state_72,state_73,state_74,state_75,state_76,state_77,state_78,state_79,state_80,state_81,state_82,state_83,state_84,state_85,state_86,state_87,state_88,state_89,state_90,state_91,state_92,state_93,state_94,state_95,state_96,state_97,state_98,state_99,state_100,state_101,state_102,state_103,state_104,state_105,state_106,state_107,state_108,state_109,state_110,state_111,state_112,state_113,state_114,state_115,state_116,state_117,state_118,state_119,state_120,state_121,state_122,state_123,state_124,state_125,state_126,state_127,state_128,state_129,state_130,state_131,state_132,state_133,state_134,state_135,state_136,state_137,state_138,state_139,state_140,state_141,state_142,state_143,state_144,state_145,state_146,state_147,state_148,state_149,state_150,state_151,state_152,state_153,state_154,state_155,state_156,state_157,state_158,state_159,state_160,state_161,state_162,state_163,state_164,state_165,state_166,state_167,state_168,state_169,state_170,state_171,state_172,state_173,state_174,state_175,state_176,state_177,state_178,state_179,state_180,state_181,state_182,state_183,state_184,state_185,state_186,state_187,state_188,state_189,state_190,state_191,state_192,state_193,state_194,state_195,state_196,state_197,state_198,state_199,state_200,state_201,state_202,state_203,state_204,state_205,state_206,state_207,state_208,state_209,state_210,state_211,state_212,state_213,state_214,state_215,state_216,state_217,state_218,state_219,state_220,state_221,state_222,state_223,state_224,state_225,state_226,state_227,state_228,state_229,state_230,state_231,state_232,state_233,state_234,state_235,state_236,state_237,state_238,state_239,state_240,state_241,state_242,state_243,state_244,state_245,state_246,state_247,state_248,state_249,state_250,state_251,state_252,state_253,state_254,state_255,state_256,state_257,state_258,state_259,state_260,state_261,state_262,state_263,state_264,state_265,state_266,state_267,state_268,state_269,state_270,state_271,state_272,state_273,state_274,state_275,state_276,state_277,state_278,state_279,state_280,state_281,state_282,state_283,state_284,state_285,state_286,state_287
{'img': array([[[ 0.00000000e+00, -6.13165674e-01, -8.14681489e-01, ...,
         -9.49068936e-01, -9.65534805e-01, -9.60424974e-01],
        [ 6.13165674e-01,  0.00000000e+00, -2.87981082e-01, ...,
         -5.56531938e-01, -6.03137342e-01, -5.87901435e-01],
        [ 8.14681489e-01,  2.87981082e-01,  0.00000000e+00, ...,
         -2.93692841e-01, -3.47881623e-01, -3.30038360e-01],
        ...,
        [ 9.49068936e-01,  5.56531938e-01,  2.93692841e-01, ...,
          0.00000000e+00, -5.71916539e-02, -3.82471146e-02],
        [ 9.65534805e-01,  6.03137342e-01,  3.47881623e-01, ...,
          5.71916539e-02,  0.00000000e+00,  1.89652950e-02],
        [ 9.60424974e-01,  5.87901435e-01,  3.30038360e-01, ...,
          3.82471146e-02, -1.89652950e-02,  0.00000000e+00]],

       [[ 0.00000000e+00, -8.34911956e-01, -6.88030556e-01, ...,
         -3.15491079e-01, -5.75266518e-01, -3.71881772e-01],
        [ 8.34911956e-01,  0.00000000e+00, -2.27199659e-01, ...,
         -6.18630693e-01, -3.66312407e-01, -5.70354554e-01],
        [ 6.88030556e-01,  2.27199659e-01,  0.00000000e+00, ...,
         -4.23945725e-01, -1.45325230e-01, -3.68817271e-01],
        ...,
        [ 3.15491079e-01,  6.18630693e-01,  4.23945725e-01, ...,
          0.00000000e+00,  2.87825832e-01,  6.00251374e-02],
        [ 5.75266518e-01,  3.66312407e-01,  1.45325230e-01, ...,
         -2.87825832e-01,  0.00000000e+00, -2.29821804e-01],
        [ 3.71881772e-01,  5.70354554e-01,  3.68817271e-01, ...,
         -6.00251374e-02,  2.29821804e-01,  0.00000000e+00]],

       [[ 0.00000000e+00,  1.15726859e-01, -8.50315957e-02, ...,
         -8.66635327e-01, -8.66635327e-01, -8.54145090e-01],
        [-1.15726859e-01,  0.00000000e+00, -1.99768001e-01, ...,
         -9.18553470e-01, -9.18553470e-01, -9.08588145e-01],
        [ 8.50315957e-02,  1.99768001e-01,  0.00000000e+00, ...,
         -8.21070752e-01, -8.21070752e-01, -8.06832208e-01],
        ...,
        [ 8.66635327e-01,  9.18553470e-01,  8.21070752e-01, ...,
          0.00000000e+00,  0.00000000e+00,  2.45115670e-02],
        [ 8.66635327e-01,  9.18553470e-01,  8.21070752e-01, ...,
          0.00000000e+00,  0.00000000e+00,  2.45115670e-02],
        [ 8.54145090e-01,  9.08588145e-01,  8.06832208e-01, ...,
         -2.45115670e-02, -2.45115670e-02,  0.00000000e+00]],

       ...,

       [[ 0.00000000e+00, -1.69981146e-01, -2.92221438e-01, ...,
          3.27598027e-01,  2.20809942e-01,  2.74717155e-01],
        [ 1.69981146e-01,  0.00000000e+00, -1.25407246e-01, ...,
          4.83431706e-01,  3.83382042e-01,  4.34160418e-01],
        [ 2.92221438e-01,  1.25407246e-01,  0.00000000e+00, ...,
          5.89394437e-01,  4.96180234e-01,  5.43704182e-01],
        ...,
        [-3.27598027e-01, -4.83431706e-01, -5.89394437e-01, ...,
          0.00000000e+00, -1.10886847e-01, -5.54362281e-02],
        [-2.20809942e-01, -3.83382042e-01, -4.96180234e-01, ...,
          1.10886847e-01,  0.00000000e+00,  5.56219739e-02],
        [-2.74717155e-01, -4.34160418e-01, -5.43704182e-01, ...,
          5.54362281e-02, -5.56219739e-02,  0.00000000e+00]],

       [[ 0.00000000e+00, -8.10833691e-02, -2.61088097e-02, ...,
         -8.14404757e-01, -8.17845986e-01, -8.20184156e-01],
        [ 8.10833691e-02,  0.00000000e+00,  5.50328865e-02, ...,
         -8.58775640e-01, -8.61811468e-01, -8.63871317e-01],
        [ 2.61088097e-02, -5.50328865e-02,  0.00000000e+00, ...,
         -8.29278002e-01, -8.32591168e-01, -8.34841400e-01],
        ...,
        [ 8.14404757e-01,  8.58775640e-01,  8.29278002e-01, ...,
          0.00000000e+00,  5.95499992e-03,  1.00299720e-02],
        [ 8.17845986e-01,  8.61811468e-01,  8.32591168e-01, ...,
         -5.95499992e-03,  0.00000000e+00,  4.07509379e-03],
        [ 8.20184156e-01,  8.63871317e-01,  8.34841400e-01, ...,
         -1.00299720e-02, -4.07509379e-03,  0.00000000e+00]],

       [[ 0.00000000e+00, -2.43412814e-01, -4.32849124e-01, ...,
         -8.89830305e-01, -8.87868833e-01, -8.87867107e-01],
        [ 2.43412814e-01,  0.00000000e+00, -2.00401758e-01, ...,
         -7.51999461e-01, -7.49170786e-01, -7.49168301e-01],
        [ 4.32849124e-01,  2.00401758e-01,  0.00000000e+00, ...,
         -6.04646683e-01, -6.01231469e-01, -6.01228471e-01],
        ...,
        [ 8.89830305e-01,  7.51999461e-01,  6.04646683e-01, ...,
          0.00000000e+00,  4.28085423e-03,  4.28460553e-03],
        [ 8.87868833e-01,  7.49170786e-01,  6.01231469e-01, ...,
         -4.28085423e-03,  0.00000000e+00,  3.75133149e-06],
        [ 8.87867107e-01,  7.49168301e-01,  6.01228471e-01, ...,
         -4.28460553e-03, -3.75133149e-06,  0.00000000e+00]]]), 'num': array([7.07106586e-01, 7.07106586e-01, 0.00000000e+00, 0.00000000e+00,
       2.11798435e-05, 2.15689745e-05, 2.05683520e-05, 7.40038186e-04,
       1.66770421e-07, 2.11242534e-05, 2.07879330e-05, 1.97029988e-05,
       6.59324921e-07, 2.16202828e-05, 1.99555832e-05])}
{'img': array([[[ 0.00000000e+00, -6.43666481e-01, -6.55607282e-01, ...,
         -9.12908949e-01, -9.03507903e-01, -8.88341350e-01],
        [ 6.43666481e-01,  0.00000000e+00, -1.57063932e-02, ...,
         -4.35933795e-01, -4.15603066e-01, -3.84291935e-01],
        [ 6.55607282e-01,  1.57063932e-02,  0.00000000e+00, ...,
         -4.21744601e-01, -4.01266112e-01, -3.69744206e-01],
        ...,
        [ 9.12908949e-01,  4.35933795e-01,  4.21744601e-01, ...,
          0.00000000e+00,  2.24679565e-02,  5.66045786e-02],
        [ 9.03507903e-01,  4.15603066e-01,  4.01266112e-01, ...,
         -2.24679565e-02,  0.00000000e+00,  3.41583565e-02],
        [ 8.88341350e-01,  3.84291935e-01,  3.69744206e-01, ...,
         -5.66045786e-02, -3.41583565e-02,  0.00000000e+00]],

       [[ 0.00000000e+00, -3.33623079e-01, -7.38590006e-01, ...,
         -5.20404886e-01, -7.62947492e-01, -1.58867711e-01],
        [ 3.33623079e-01,  0.00000000e+00, -4.71360010e-01, ...,
         -2.05701795e-01, -5.03561469e-01,  1.79620393e-01],
        [ 7.38590006e-01,  4.71360010e-01,  0.00000000e+00, ...,
          2.79863020e-01, -3.68755405e-02,  6.22108380e-01],
        ...,
        [ 5.20404886e-01,  2.05701795e-01, -2.79863020e-01, ...,
          0.00000000e+00, -3.15074667e-01,  3.78135421e-01],
        [ 7.62947492e-01,  5.03561469e-01,  3.68755405e-02, ...,
          3.15074667e-01,  0.00000000e+00,  6.50556272e-01],
        [ 1.58867711e-01, -1.79620393e-01, -6.22108380e-01, ...,
         -3.78135421e-01, -6.50556272e-01,  0.00000000e+00]],

       [[ 0.00000000e+00, -1.99768001e-01, -1.15726859e-01, ...,
         -9.18553470e-01, -9.08588145e-01, -9.04415997e-01],
        [ 1.99768001e-01,  0.00000000e+00,  8.50315957e-02, ...,
         -8.21070752e-01, -8.06832208e-01, -8.00954523e-01],
        [ 1.15726859e-01, -8.50315957e-02,  0.00000000e+00, ...,
         -8.66635327e-01, -8.54145090e-01, -8.48964229e-01],
        ...,
        [ 9.18553470e-01,  8.21070752e-01,  8.66635327e-01, ...,
          0.00000000e+00,  2.45115670e-02,  3.43897257e-02],
        [ 9.08588145e-01,  8.06832208e-01,  8.54145090e-01, ...,
         -2.45115670e-02,  0.00000000e+00,  9.88232480e-03],
        [ 9.04415997e-01,  8.00954523e-01,  8.48964229e-01, ...,
         -3.43897257e-02, -9.88232480e-03,  0.00000000e+00]],

       ...,

       [[ 0.00000000e+00, -1.25407246e-01, -1.92672140e-01, ...,
          3.83382042e-01,  4.34160418e-01,  4.79453989e-01],
        [ 1.25407246e-01,  0.00000000e+00, -6.80935459e-02, ...,
          4.96180234e-01,  5.43704182e-01,  5.85722130e-01],
        [ 1.92672140e-01,  6.80935459e-02,  0.00000000e+00, ...,
          5.54148717e-01,  5.99591554e-01,  6.39553265e-01],
        ...,
        [-3.83382042e-01, -4.96180234e-01, -5.54148717e-01, ...,
          0.00000000e+00,  5.56219739e-02,  1.06375402e-01],
        [-4.34160418e-01, -5.43704182e-01, -5.99591554e-01, ...,
         -5.56219739e-02,  0.00000000e+00,  5.09043450e-02],
        [-4.79453989e-01, -5.85722130e-01, -6.39553265e-01, ...,
         -1.06375402e-01, -5.09043450e-02,  0.00000000e+00]],

       [[ 0.00000000e+00,  5.50328865e-02,  2.75473408e-01, ...,
         -8.61811468e-01, -8.63871317e-01, -8.72099745e-01],
        [-5.50328865e-02,  0.00000000e+00,  2.22152348e-01, ...,
         -8.32591168e-01, -8.34841400e-01, -8.43848974e-01],
        [-2.75473408e-01, -2.22152348e-01,  0.00000000e+00, ...,
         -6.88738826e-01, -6.91687589e-01, -7.03560173e-01],
        ...,
        [ 8.61811468e-01,  8.32591168e-01,  6.88738826e-01, ...,
          0.00000000e+00,  4.07509379e-03,  2.06454442e-02],
        [ 8.63871317e-01,  8.34841400e-01,  6.91687589e-01, ...,
         -4.07509379e-03,  0.00000000e+00,  1.65710476e-02],
        [ 8.72099745e-01,  8.43848974e-01,  7.03560173e-01, ...,
         -2.06454442e-02, -1.65710476e-02,  0.00000000e+00]],

       [[ 0.00000000e+00, -3.66295977e-01, -4.90649131e-01, ...,
         -8.75956700e-01, -8.75954838e-01, -8.74499142e-01],
        [ 3.66295977e-01,  0.00000000e+00, -1.37373578e-01, ...,
         -6.38378881e-01, -6.38375909e-01, -6.36056584e-01],
        [ 4.90649131e-01,  1.37373578e-01,  0.00000000e+00, ...,
         -5.26587102e-01, -5.26583820e-01, -5.24023048e-01],
        ...,
        [ 8.75956700e-01,  6.38378881e-01,  5.26587102e-01, ...,
          0.00000000e+00,  3.86040125e-06,  3.01329204e-03],
        [ 8.75954838e-01,  6.38375909e-01,  5.26583820e-01, ...,
         -3.86040125e-06,  0.00000000e+00,  3.00943166e-03],
        [ 8.74499142e-01,  6.36056584e-01,  5.24023048e-01, ...,
         -3.01329204e-03, -3.00943166e-03,  0.00000000e+00]]]), 'num': array([ 8.53002524e-01,  5.21906250e-01,  1.72445976e-04, -7.33360309e-11,
        2.56743389e-05,  2.60755005e-05,  2.50057363e-05,  7.24791936e-04,
        2.00580773e-07,  2.54202699e-05,  2.50959977e-05,  2.36417871e-05,
        7.59400456e-07,  2.59731421e-05,  2.42188533e-05])}
{'img': array([[[ 0.        , -0.02245529,  0.19676277, ..., -0.50371177,
         -0.46991916, -0.43450068],
        [ 0.02245529,  0.        ,  0.21872947, ..., -0.48418627,
         -0.44997917, -0.41416628],
        [-0.19676277, -0.21872947,  0.        , ..., -0.66384258,
         -0.63441713, -0.6032253 ],
        ...,
        [ 0.50371177,  0.48418627,  0.66384258, ...,  0.        ,
          0.03868124,  0.07832596],
        [ 0.46991916,  0.44997917,  0.63441713, ..., -0.03868124,
          0.        ,  0.03970494],
        [ 0.43450068,  0.41416628,  0.6032253 , ..., -0.07832596,
         -0.03970494,  0.        ]],

       [[ 0.        , -0.47136001, -0.3153721 , ..., -0.50356147,
          0.17962039,  0.00788396],
        [ 0.47136001,  0.        ,  0.16916606, ..., -0.03687554,
          0.62210838,  0.47829854],
        [ 0.3153721 , -0.16916606,  0.        , ..., -0.20539508,
          0.48069691,  0.32284392],
        ...,
        [ 0.50356147,  0.03687554,  0.20539508, ...,  0.        ,
          0.65055627,  0.51035724],
        [-0.17962039, -0.62210838, -0.48069691, ..., -0.65055627,
          0.        , -0.17185908],
        [-0.00788396, -0.47829854, -0.32284392, ..., -0.51035724,
          0.17185908,  0.        ]],

       [[ 0.        ,  0.1636597 , -0.15785219, ..., -0.82501359,
         -0.81935545, -0.81792401],
        [-0.1636597 ,  0.        , -0.3173317 , ..., -0.90637602,
         -0.90213175, -0.90105354],
        [ 0.15785219,  0.3173317 ,  0.        , ..., -0.72546589,
         -0.71858856, -0.71685298],
        ...,
        [ 0.82501359,  0.90637602,  0.72546589, ...,  0.        ,
          0.00994029,  0.0124326 ],
        [ 0.81935545,  0.90213175,  0.71858856, ..., -0.00994029,
          0.        ,  0.00249246],
        [ 0.81792401,  0.90105354,  0.71685298, ..., -0.0124326 ,
         -0.00249246,  0.        ]],

       ...,

       [[ 0.        , -0.06809355,  0.00439198, ...,  0.54370418,
          0.58572213,  0.536742  ],
        [ 0.06809355,  0.        ,  0.07247468, ...,  0.59959155,
          0.63955327,  0.59294988],
        [-0.00439198, -0.07247468,  0.        , ...,  0.54001285,
          0.58215673,  0.53303111],
        ...,
        [-0.54370418, -0.59959155, -0.54001285, ...,  0.        ,
          0.05090435, -0.00827328],
        [-0.58572213, -0.63955327, -0.58215673, ..., -0.05090435,
          0.        , -0.05916515],
        [-0.536742  , -0.59294988, -0.53303111, ...,  0.00827328,
          0.05916515,  0.        ]],

       [[ 0.        ,  0.22215235,  0.15338832, ..., -0.8348414 ,
         -0.84384897, -0.83891398],
        [-0.22215235,  0.        , -0.06996795, ..., -0.69168759,
         -0.70356017, -0.69704164],
        [-0.15338832,  0.06996795,  0.        , ..., -0.74052306,
         -0.75155764, -0.74550252],
        ...,
        [ 0.8348414 ,  0.69168759,  0.74052306, ...,  0.        ,
          0.01657105,  0.00744007],
        [ 0.84384897,  0.70356017,  0.75155764, ..., -0.01657105,
          0.        , -0.00913154],
        [ 0.83891398,  0.69704164,  0.74550252, ..., -0.00744007,
          0.00913154,  0.        ]],

       [[ 0.        , -0.34465439, -0.44505487, ..., -0.84436899,
         -0.84263135, -0.82145757],
        [ 0.34465439,  0.        , -0.10914706, ..., -0.60798145,
         -0.6054098 , -0.57458064],
        [ 0.44505487,  0.10914706,  0.        , ..., -0.51769169,
         -0.51492118, -0.48181668],
        ...,
        [ 0.84436899,  0.60798145,  0.51769169, ...,  0.        ,
          0.00323505,  0.04141218],
        [ 0.84263135,  0.6054098 ,  0.51492118, ..., -0.00323505,
          0.        ,  0.03817969],
        [ 0.82145757,  0.57458064,  0.48181668, ..., -0.04141218,
         -0.03817969,  0.        ]]]), 'num': array([9.31508209e-01, 3.63719460e-01, 2.93430870e-04, 4.29544890e-09,
       2.81236680e-05, 2.84870229e-05, 2.73242873e-05, 7.20605407e-04,
       2.18012931e-07, 2.77021764e-05, 2.73497221e-05, 2.56673890e-05,
       7.75157087e-07, 2.83282470e-05, 2.63711973e-05])}
{'img': array([[[ 0.        ,  0.21872947,  0.04587657, ..., -0.44997917,
         -0.41416628, -0.3766085 ],
        [-0.21872947,  0.        , -0.17373348, ..., -0.63441713,
         -0.6032253 , -0.5701141 ],
        [-0.04587657,  0.17373348,  0.        , ..., -0.49047497,
         -0.45548713, -0.41871077],
        ...,
        [ 0.44997917,  0.63441713,  0.49047497, ...,  0.        ,
          0.03970494,  0.08052224],
        [ 0.41416628,  0.6032253 ,  0.45548713, ..., -0.03970494,
          0.        ,  0.04088274],
        [ 0.3766085 ,  0.5701141 ,  0.41871077, ..., -0.08052224,
         -0.04088274,  0.        ]],

       [[ 0.        ,  0.16916606,  0.57358684, ...,  0.62210838,
          0.47829854,  0.41673513],
        [-0.16916606,  0.        ,  0.42674857, ...,  0.48069691,
          0.32284392,  0.25695229],
        [-0.57358684, -0.42674857,  0.        , ...,  0.06051782,
         -0.11192667, -0.18004008],
        ...,
        [-0.62210838, -0.48069691, -0.06051782, ...,  0.        ,
         -0.17185908, -0.239239  ],
        [-0.47829854, -0.32284392,  0.11192667, ...,  0.17185908,
          0.        , -0.06881108],
        [-0.41673513, -0.25695229,  0.18004008, ...,  0.239239  ,
          0.06881108,  0.        ]],

       [[ 0.        , -0.3173317 , -0.53128842, ..., -0.90213175,
         -0.90105354, -0.89555848],
        [ 0.3173317 ,  0.        , -0.23498801, ..., -0.71858856,
         -0.71685298, -0.70807641],
        [ 0.53128842,  0.23498801,  0.        , ..., -0.53504784,
         -0.53294049, -0.5223156 ],
        ...,
        [ 0.90213175,  0.71858856,  0.53504784, ...,  0.        ,
          0.00249246,  0.01499968],
        [ 0.90105354,  0.71685298,  0.53294049, ..., -0.00249246,
          0.        ,  0.01250745],
        [ 0.89555848,  0.70807641,  0.5223156 , ..., -0.01499968,
         -0.01250745,  0.        ]],

       ...,

       [[ 0.        ,  0.07247468,  0.02177695, ...,  0.63955327,
          0.59294988,  0.52620103],
        [-0.07247468,  0.        , -0.05073781, ...,  0.58215673,
          0.53303111,  0.46318767],
        [-0.02177695,  0.05073781,  0.        , ...,  0.62266064,
          0.57527361,  0.507558  ],
        ...,
        [-0.63955327, -0.58215673, -0.62266064, ...,  0.        ,
         -0.05916515, -0.13933529],
        [-0.59294988, -0.53303111, -0.57527361, ...,  0.05916515,
          0.        , -0.0805032 ],
        [-0.52620103, -0.46318767, -0.507558  , ...,  0.13933529,
          0.0805032 ,  0.        ]],

       [[ 0.        , -0.06996795, -0.17740047, ..., -0.70356017,
         -0.69704164, -0.71603321],
        [ 0.06996795,  0.        , -0.10810754, ..., -0.75155764,
         -0.74550252, -0.76312065],
        [ 0.17740047,  0.10810754,  0.        , ..., -0.81846793,
         -0.81318726, -0.82851331],
        ...,
        [ 0.70356017,  0.75155764,  0.81846793, ...,  0.        ,
         -0.00913154,  0.01770717],
        [ 0.69704164,  0.74550252,  0.81318726, ...,  0.00913154,
          0.        ,  0.02683654],
        [ 0.71603321,  0.76312065,  0.82851331, ..., -0.01770717,
         -0.02683654,  0.        ]],

       [[ 0.        , -0.29529037, -0.42422883, ..., -0.80950548,
         -0.78468443, -0.77943447],
        [ 0.29529037,  0.        , -0.13790975, ..., -0.60003904,
         -0.56664429, -0.55968295],
        [ 0.42422883,  0.13790975,  0.        , ..., -0.48398178,
         -0.44759742, -0.44004832],
        ...,
        [ 0.80950548,  0.60003904,  0.48398178, ...,  0.        ,
          0.04111084,  0.04952647],
        [ 0.78468443,  0.56664429,  0.44759742, ..., -0.04111084,
          0.        ,  0.0084242 ],
        [ 0.77943447,  0.55968295,  0.44004832, ..., -0.04952647,
         -0.0084242 ,  0.        ]]]), 'num': array([ 9.51532261e-01,  3.07548713e-01,  3.38938710e-04,  1.15847302e-08,
        2.85605618e-05,  2.89363587e-05,  2.83350837e-05,  1.52182699e-04,
       -5.26115613e-07,  2.87108806e-05,  2.83350837e-05,  2.65087110e-05,
        7.70865367e-07,  2.92999381e-05,  2.73702294e-05])}
{'img': array([[[ 0.00000000e+00, -1.73733477e-01,  3.98762861e-02, ...,
         -6.03225302e-01, -5.70114096e-01, -6.44415145e-01],
        [ 1.73733477e-01,  0.00000000e+00,  2.12865169e-01, ...,
         -4.55487125e-01, -4.18710770e-01, -5.01765546e-01],
        [-3.98762861e-02, -2.12865169e-01,  0.00000000e+00, ...,
         -6.34549674e-01, -6.02421624e-01, -6.74395025e-01],
        ...,
        [ 6.03225302e-01,  4.55487125e-01,  6.34549674e-01, ...,
          0.00000000e+00,  4.08827389e-02, -5.26949171e-02],
        [ 5.70114096e-01,  4.18710770e-01,  6.02421624e-01, ...,
         -4.08827389e-02,  0.00000000e+00, -9.34768004e-02],
        [ 6.44415145e-01,  5.01765546e-01,  6.74395025e-01, ...,
          5.26949171e-02,  9.34768004e-02,  0.00000000e+00]],

       [[ 0.00000000e+00,  4.01239777e-01, -2.55699151e-01, ...,
          3.01187104e-01,  2.38452062e-01, -7.10669817e-01],
        [-4.01239777e-01,  0.00000000e+00, -6.22114657e-01, ...,
         -1.06728961e-01, -1.71250059e-01, -9.33236900e-01],
        [ 2.55699151e-01,  6.22114657e-01,  0.00000000e+00, ...,
          5.35000338e-01,  4.78848380e-01, -5.07153673e-01],
        ...,
        [-3.01187104e-01,  1.06728961e-01, -5.35000338e-01, ...,
          0.00000000e+00, -6.51195863e-02, -8.89562777e-01],
        [-2.38452062e-01,  1.71250059e-01, -4.78848380e-01, ...,
          6.51195863e-02,  0.00000000e+00, -8.57927181e-01],
        [ 7.10669817e-01,  9.33236900e-01,  5.07153673e-01, ...,
          8.89562777e-01,  8.57927181e-01,  0.00000000e+00]],

       [[ 0.00000000e+00, -4.43662849e-01, -5.07601960e-01, ...,
         -8.81736824e-01, -8.75468237e-01, -8.70310812e-01],
        [ 4.43662849e-01,  0.00000000e+00, -7.26534890e-02, ...,
         -5.80912811e-01, -5.70177723e-01, -5.61461897e-01],
        [ 5.07601960e-01,  7.26534890e-02,  0.00000000e+00, ...,
         -5.20240145e-01, -5.08984488e-01, -4.99857139e-01],
        ...,
        [ 8.81736824e-01,  5.80912811e-01,  5.20240145e-01, ...,
          0.00000000e+00,  1.31271287e-02,  2.36960805e-02],
        [ 8.75468237e-01,  5.70177723e-01,  5.08984488e-01, ...,
         -1.31271287e-02,  0.00000000e+00,  1.05705960e-02],
        [ 8.70310812e-01,  5.61461897e-01,  4.99857139e-01, ...,
         -2.36960805e-02, -1.05705960e-02,  0.00000000e+00]],

       ...,

       [[ 0.00000000e+00, -5.07378105e-02,  3.71931573e-04, ...,
          5.33031109e-01,  4.63187674e-01,  4.20539848e-01],
        [ 5.07378105e-02,  0.00000000e+00,  5.11092595e-02, ...,
          5.75273610e-01,  5.07557995e-01,  4.66031295e-01],
        [-3.71931573e-04, -5.11092595e-02,  0.00000000e+00, ...,
          5.32716383e-01,  4.62858014e-01,  4.20202375e-01],
        ...,
        [-5.33031109e-01, -5.75273610e-01, -5.32716383e-01, ...,
          0.00000000e+00, -8.05031952e-02, -1.27788371e-01],
        [-4.63187674e-01, -5.07557995e-01, -4.62858014e-01, ...,
          8.05031952e-02,  0.00000000e+00, -4.75304280e-02],
        [-4.20539848e-01, -4.66031295e-01, -4.20202375e-01, ...,
          1.27788371e-01,  4.75304280e-02,  0.00000000e+00]],

       [[ 0.00000000e+00, -1.63320575e-01, -2.90391271e-01, ...,
         -6.97398588e-01, -7.16394170e-01, -7.16700459e-01],
        [ 1.63320575e-01,  0.00000000e+00, -1.30209438e-01, ...,
         -8.05083813e-01, -8.20723259e-01, -8.20974049e-01],
        [ 2.90391271e-01,  1.30209438e-01,  0.00000000e+00, ...,
         -8.75464910e-01, -8.88128071e-01, -8.88329794e-01],
        ...,
        [ 6.97398588e-01,  8.05083813e-01,  8.75464910e-01, ...,
          0.00000000e+00,  2.68558189e-02,  2.72947576e-02],
        [ 7.16394170e-01,  8.20723259e-01,  8.88128071e-01, ...,
         -2.68558189e-02,  0.00000000e+00,  4.39099701e-04],
        [ 7.16700459e-01,  8.20974049e-01,  8.88329794e-01, ...,
         -2.72947576e-02, -4.39099701e-04,  0.00000000e+00]],

       [[ 0.00000000e+00, -3.15244174e-01, -4.01026763e-01, ...,
         -7.54032924e-01, -7.48109575e-01, -7.36220668e-01],
        [ 3.15244174e-01,  0.00000000e+00, -9.17940716e-02, ...,
         -5.08521316e-01, -5.00775694e-01, -4.85342384e-01],
        [ 4.01026763e-01,  9.17940716e-02,  0.00000000e+00, ...,
         -4.27335115e-01, -4.19206579e-01, -4.03035498e-01],
        ...,
        [ 7.54032924e-01,  5.08521316e-01,  4.27335115e-01, ...,
          0.00000000e+00,  8.97179131e-03,  2.67087135e-02],
        [ 7.48109575e-01,  5.00775694e-01,  4.19206579e-01, ...,
         -8.97179131e-03,  0.00000000e+00,  1.77390479e-02],
        [ 7.36220668e-01,  4.85342384e-01,  4.03035498e-01, ...,
         -2.67087135e-02, -1.77390479e-02,  0.00000000e+00]]]), 'num': array([ 9.68142686e-01,  2.50389185e-01,  3.41787381e-04, -6.69225281e-09,
        2.98504263e-05,  2.98504263e-05,  2.67943112e-05,  2.20752431e-03,
        2.84289774e-06,  2.77466820e-05,  2.69790996e-05,  2.50696199e-05,
        1.00633548e-06,  2.85545370e-05,  2.54036622e-05])}
{'img': array([[[ 0.00000000e+00,  2.12865169e-01,  4.53405513e-01, ...,
         -4.18710770e-01, -5.01765546e-01,  2.58711881e-01],
        [-2.12865169e-01,  0.00000000e+00,  2.53286526e-01, ...,
         -6.02421624e-01, -6.74395025e-01,  4.71645389e-02],
        [-4.53405513e-01, -2.53286526e-01,  0.00000000e+00, ...,
         -7.84945184e-01, -8.39423242e-01, -2.07378087e-01],
        ...,
        [ 4.18710770e-01,  6.02421624e-01,  7.84945184e-01, ...,
          0.00000000e+00, -9.34768004e-02,  6.39396908e-01],
        [ 5.01765546e-01,  6.74395025e-01,  8.39423242e-01, ...,
          9.34768004e-02,  0.00000000e+00,  7.08469429e-01],
        [-2.58711881e-01, -4.71645389e-02,  2.07378087e-01, ...,
         -6.39396908e-01, -7.08469429e-01,  0.00000000e+00]],

       [[ 0.00000000e+00, -6.22114657e-01, -3.82993936e-01, ...,
         -1.71250059e-01, -9.33236900e-01,  9.57080960e-01],
        [ 6.22114657e-01,  0.00000000e+00,  2.74822981e-01, ...,
          4.78848380e-01, -5.07153673e-01,  9.29625412e-01],
        [ 3.82993936e-01, -2.74822981e-01,  0.00000000e+00, ...,
          2.19143806e-01, -7.24483377e-01,  9.95103926e-01],
        ...,
        [ 1.71250059e-01, -4.78848380e-01, -2.19143806e-01, ...,
          0.00000000e+00, -8.57927181e-01,  9.92574386e-01],
        [ 9.33236900e-01,  5.07153673e-01,  7.24483377e-01, ...,
          8.57927181e-01,  0.00000000e+00,  6.14313792e-01],
        [-9.57080960e-01, -9.29625412e-01, -9.95103926e-01, ...,
         -9.92574386e-01, -6.14313792e-01,  0.00000000e+00]],

       [[ 0.00000000e+00, -2.67695194e-01, -1.39176152e-01, ...,
         -8.25448875e-01, -8.18708582e-01, -7.36535374e-01],
        [ 2.67695194e-01,  0.00000000e+00,  1.30993158e-01, ...,
         -6.44215254e-01, -6.35115651e-01, -5.28585752e-01],
        [ 1.39176152e-01, -1.30993158e-01,  0.00000000e+00, ...,
         -7.38853589e-01, -7.30824382e-01, -6.35228532e-01],
        ...,
        [ 8.25448875e-01,  6.44215254e-01,  7.38853589e-01, ...,
          0.00000000e+00,  1.18383055e-02,  1.42575622e-01],
        [ 8.18708582e-01,  6.35115651e-01,  7.30824382e-01, ...,
         -1.18383055e-02,  0.00000000e+00,  1.30848267e-01],
        [ 7.36535374e-01,  5.28585752e-01,  6.35228532e-01, ...,
         -1.42575622e-01, -1.30848267e-01,  0.00000000e+00]],

       ...,

       [[ 0.00000000e+00,  5.11092595e-02,  1.39377353e-01, ...,
          5.07557995e-01,  4.66031295e-01,  8.17722188e-01],
        [-5.11092595e-02,  0.00000000e+00,  8.85847963e-02, ...,
          4.62858014e-01,  4.20202375e-01,  7.87234322e-01],
        [-1.39377353e-01, -8.85847963e-02,  0.00000000e+00, ...,
          3.82513916e-01,  3.38165869e-01,  7.29513253e-01],
        ...,
        [-5.07557995e-01, -4.62858014e-01, -3.82513916e-01, ...,
          0.00000000e+00, -4.75304280e-02,  4.12406802e-01],
        [-4.66031295e-01, -4.20202375e-01, -3.38165869e-01, ...,
          4.75304280e-02,  0.00000000e+00,  4.55240906e-01],
        [-8.17722188e-01, -7.87234322e-01, -7.29513253e-01, ...,
         -4.12406802e-01, -4.55240906e-01,  0.00000000e+00]],

       [[ 0.00000000e+00, -2.42567866e-01, -3.82849438e-01, ...,
         -7.18378407e-01, -7.18685014e-01, -8.50531046e-01],
        [ 2.42567866e-01,  0.00000000e+00, -1.47328623e-01, ...,
         -8.65666587e-01, -8.65887200e-01, -9.52701926e-01],
        [ 3.82849438e-01,  1.47328623e-01,  0.00000000e+00, ...,
         -9.29975884e-01, -9.30137858e-01, -9.87079757e-01],
        ...,
        [ 7.18378407e-01,  8.65666587e-01,  9.29975884e-01, ...,
          0.00000000e+00,  4.40846635e-04,  2.13861036e-01],
        [ 7.18685014e-01,  8.65887200e-01,  9.30137858e-01, ...,
         -4.40846635e-04,  0.00000000e+00,  2.13430368e-01],
        [ 8.50531046e-01,  9.52701926e-01,  9.87079757e-01, ...,
         -2.13861036e-01, -2.13430368e-01,  0.00000000e+00]],

       [[ 0.00000000e+00, -2.57816632e-01, -3.31130340e-01, ...,
         -7.07116416e-01, -6.93342772e-01, -7.60403386e-01],
        [ 2.57816632e-01,  0.00000000e+00, -7.66641893e-02, ...,
         -5.00910138e-01, -4.84118821e-01, -5.67257799e-01],
        [ 3.31130340e-01,  7.66641893e-02,  0.00000000e+00, ...,
         -4.33083143e-01, -4.15612705e-01, -5.02452295e-01],
        ...,
        [ 7.07116416e-01,  5.00910138e-01,  4.33083143e-01, ...,
          0.00000000e+00,  1.92930074e-02, -7.84415525e-02],
        [ 6.93342772e-01,  4.84118821e-01,  4.15612705e-01, ...,
         -1.92930074e-02,  0.00000000e+00, -9.76605125e-02],
        [ 7.60403386e-01,  5.67257799e-01,  5.02452295e-01, ...,
          7.84415525e-02,  9.76605125e-02,  0.00000000e+00]]]), 'num': array([9.71660197e-01, 2.36377793e-01, 3.50134478e-04, 1.01151145e-07,
       2.99589457e-05, 3.13142313e-05, 2.90316450e-05, 1.36779706e-03,
       0.00000000e+00, 2.84039337e-05, 2.72697737e-05, 2.51702698e-05,
       9.98631523e-07, 2.92253833e-05, 2.53141640e-05])}
{'img': array([[[ 0.        ,  0.25328653, -0.29823991, ..., -0.67439502,
          0.04716454,  0.04716454],
        [-0.25328653,  0.        , -0.53027439, ..., -0.83942324,
         -0.20737809, -0.20737809],
        [ 0.29823991,  0.53027439,  0.        , ..., -0.42349232,
          0.34292613,  0.34292613],
        ...,
        [ 0.67439502,  0.83942324,  0.42349232, ...,  0.        ,
          0.70846943,  0.70846943],
        [-0.04716454,  0.20737809, -0.34292613, ..., -0.70846943,
          0.        ,  0.        ],
        [-0.04716454,  0.20737809, -0.34292613, ..., -0.70846943,
          0.        ,  0.        ]],

       [[ 0.        ,  0.27482298,  0.57520644, ..., -0.50715367,
          0.92962541,  0.88925279],
        [-0.27482298,  0.        ,  0.32825055, ..., -0.72448338,
          0.99510393,  0.72930352],
        [-0.57520644, -0.32825055,  0.        , ..., -0.91060082,
          0.97240825,  0.46430747],
        ...,
        [ 0.50715367,  0.72448338,  0.91060082, ...,  0.        ,
          0.61431379,  0.99838778],
        [-0.92962541, -0.99510393, -0.97240825, ..., -0.61431379,
          0.        , -0.75292051],
        [-0.88925279, -0.72930352, -0.46430747, ..., -0.99838778,
          0.75292051,  0.        ]],

       [[ 0.        ,  0.23036145,  0.1331188 , ..., -0.65733392,
         -0.55161324, -0.4293379 ],
        [-0.23036145,  0.        , -0.09877266, ..., -0.81325527,
         -0.72892217, -0.62584046],
        [-0.1331188 ,  0.09877266,  0.        , ..., -0.75180196,
         -0.65773833, -0.54574227],
        ...,
        [ 0.65733392,  0.81325527,  0.75180196, ...,  0.        ,
          0.1325868 ,  0.27011834],
        [ 0.55161324,  0.72892217,  0.65773833, ..., -0.1325868 ,
          0.        ,  0.14007541],
        [ 0.4293379 ,  0.62584046,  0.54574227, ..., -0.27011834,
         -0.14007541,  0.        ]],

       ...,

       [[ 0.        ,  0.0885848 ,  0.05749419, ...,  0.42020237,
          0.78723432,  0.7741582 ],
        [-0.0885848 ,  0.        , -0.03117011, ...,  0.33816587,
          0.72951325,  0.71504123],
        [-0.05749419,  0.03117011,  0.        , ...,  0.36733532,
          0.75047809,  0.73648425],
        ...,
        [-0.42020237, -0.33816587, -0.36733532, ...,  0.        ,
          0.45524091,  0.43650989],
        [-0.78723432, -0.72951325, -0.75047809, ..., -0.45524091,
          0.        , -0.02092542],
        [-0.7741582 , -0.71504123, -0.73648425, ..., -0.43650989,
          0.02092542,  0.        ]],

       [[ 0.        , -0.3030518 , -0.43208095, ..., -0.72312486,
         -0.8549331 , -0.91469963],
        [ 0.3030518 ,  0.        , -0.13845928, ..., -0.89844238,
         -0.97193366, -0.99415869],
        [ 0.43208095,  0.13845928,  0.        , ..., -0.95058499,
         -0.99514537, -0.99952674],
        ...,
        [ 0.72312486,  0.89844238,  0.95058499, ...,  0.        ,
          0.21540458,  0.33955928],
        [ 0.8549331 ,  0.97193366,  0.99514537, ..., -0.21540458,
          0.        ,  0.12898186],
        [ 0.91469963,  0.99415869,  0.99952674, ..., -0.33955928,
         -0.12898186,  0.        ]],

       [[ 0.        , -0.21322817, -0.34154908, ..., -0.66122057,
         -0.73523598, -0.75960102],
        [ 0.21322817,  0.        , -0.13328881, ..., -0.48605214,
         -0.57379889, -0.60345072],
        [ 0.34154908,  0.13328881,  0.        , ..., -0.36523015,
         -0.45951599, -0.49178173],
        ...,
        [ 0.66122057,  0.48605214,  0.36523015, ...,  0.        ,
         -0.10338509, -0.13979545],
        [ 0.73523598,  0.57379889,  0.45951599, ...,  0.10338509,
          0.        , -0.03667646],
        [ 0.75960102,  0.60345072,  0.49178173, ...,  0.13979545,
          0.03667646,  0.        ]]]), 'num': array([9.93286734e-01, 1.15674613e-01, 4.11059542e-04, 1.01879269e-07,
       3.06857385e-05, 3.11169198e-05, 2.98952394e-05, 8.19819449e-04,
       5.03044894e-07, 2.92340947e-05, 2.76962146e-05, 2.53678353e-05,
       9.89818793e-07, 3.00281399e-05, 2.53642892e-05])}
{'img': array([[[ 0.        , -0.31315283, -0.24199052, ..., -0.0605279 ,
         -0.0605279 ,  0.32096827],
        [ 0.31315283,  0.        ,  0.07402643, ...,  0.25509515,
          0.25509515,  0.60140835],
        [ 0.24199052, -0.07402643,  0.        , ...,  0.1828179 ,
          0.1828179 ,  0.54061544],
        ...,
        [ 0.0605279 , -0.25509515, -0.1828179 , ...,  0.        ,
          0.        ,  0.37770515],
        [ 0.0605279 , -0.25509515, -0.1828179 , ...,  0.        ,
          0.        ,  0.37770515],
        [-0.32096827, -0.60140835, -0.54061544, ..., -0.37770515,
         -0.37770515,  0.        ]],

       [[ 0.        ,  0.32825055,  0.10128262, ...,  0.99510393,
          0.72930352,  0.31934541],
        [-0.32825055,  0.        , -0.23089196, ...,  0.97240825,
          0.46430747, -0.00941212],
        [-0.10128262,  0.23089196,  0.        , ...,  0.99999697,
          0.65625663,  0.22172393],
        ...,
        [-0.99510393, -0.97240825, -0.99999697, ...,  0.        ,
         -0.75292051, -0.97456089],
        [-0.72930352, -0.46430747, -0.65625663, ...,  0.75292051,
          0.        , -0.47262298],
        [-0.31934541,  0.00941212, -0.22172393, ...,  0.97456089,
          0.47262298,  0.        ]],

       [[ 0.        , -0.09877266, -0.19681772, ..., -0.72892217,
         -0.62584046, -0.46542832],
        [ 0.09877266,  0.        , -0.0990146 , ..., -0.65773833,
         -0.54574227, -0.37573013],
        [ 0.19681772,  0.0990146 ,  0.        , ..., -0.57992378,
         -0.46009088, -0.28212407],
        ...,
        [ 0.72892217,  0.65773833,  0.57992378, ...,  0.        ,
          0.14007541,  0.32652786],
        [ 0.62584046,  0.54574227,  0.46009088, ..., -0.14007541,
          0.        ,  0.19091103],
        [ 0.46542832,  0.37573013,  0.28212407, ..., -0.32652786,
         -0.19091103,  0.        ]],

       ...,

       [[ 0.        , -0.03117011,  0.09967528, ...,  0.72951325,
          0.71504123,  0.69421218],
        [ 0.03117011,  0.        ,  0.13064172, ...,  0.75047809,
          0.73648425,  0.71631018],
        [-0.09967528, -0.13064172,  0.        , ...,  0.65770572,
          0.64179911,  0.61901171],
        ...,
        [-0.72951325, -0.75047809, -0.65770572, ...,  0.        ,
         -0.02092542, -0.05026405],
        [-0.71504123, -0.73648425, -0.64179911, ...,  0.02092542,
          0.        , -0.02935407],
        [-0.69421218, -0.71631018, -0.61901171, ...,  0.05026405,
          0.02935407,  0.        ]],

       [[ 0.        , -0.22500845, -0.41735396, ..., -0.91517624,
         -0.96002701, -0.98774349],
        [ 0.22500845,  0.        , -0.2021766 , ..., -0.98239874,
         -0.99839038, -0.99753524],
        [ 0.41735396,  0.2021766 ,  0.        , ..., -0.99987707,
         -0.98923924, -0.96274904],
        ...,
        [ 0.91517624,  0.98239874,  0.99987707, ...,  0.        ,
          0.13077807,  0.25526777],
        [ 0.96002701,  0.99839038,  0.98923924, ..., -0.13077807,
          0.        ,  0.12663   ],
        [ 0.98774349,  0.99753524,  0.96274904, ..., -0.25526777,
         -0.12663   ,  0.        ]],

       [[ 0.        , -0.2715317 , -0.31803401, ..., -0.71675173,
         -0.74273312, -0.76117131],
        [ 0.2715317 ,  0.        , -0.04865172, ..., -0.50047623,
         -0.53301401, -0.5564716 ],
        [ 0.31803401,  0.04865172,  0.        , ..., -0.45776333,
         -0.49121829, -0.51538953],
        ...,
        [ 0.71675173,  0.50047623,  0.45776333, ...,  0.        ,
         -0.03800088, -0.06593644],
        [ 0.74273312,  0.53301401,  0.49121829, ...,  0.03800088,
          0.        , -0.02797063],
        [ 0.76117131,  0.5564716 ,  0.51538953, ...,  0.06593644,
          0.02797063,  0.        ]]]), 'num': array([9.94411004e-01, 1.05513851e-01, 3.75855033e-04, 1.13805960e-07,
       3.10716287e-05, 3.10716287e-05, 2.75900297e-05, 3.66526975e-03,
       3.02176516e-06, 2.78527919e-05, 2.56455895e-05, 2.32446000e-05,
       1.10881916e-06, 2.89017209e-05, 2.23894581e-05])}
{'img': array([[[ 0.        ,  0.03842088, -0.12900887, ...,  0.11762329,
          0.18982866,  0.89462962],
        [-0.03842088,  0.        , -0.16701343, ...,  0.07938227,
          0.15196622,  0.87680229],
        [ 0.12900887,  0.16701343,  0.        , ...,  0.24475369,
          0.31490548,  0.94479585],
        ...,
        [-0.11762329, -0.07938227, -0.24475369, ...,  0.        ,
          0.07302636,  0.83586427],
        [-0.18982866, -0.15196622, -0.31490548, ..., -0.07302636,
          0.        ,  0.79354572],
        [-0.89462962, -0.87680229, -0.94479585, ..., -0.83586427,
         -0.79354572,  0.        ]],

       [[ 0.        , -0.16967054,  0.17355504, ...,  0.3255607 ,
         -0.00678141,  0.76347895],
        [ 0.16967054,  0.        ,  0.33813428, ...,  0.48126743,
          0.16298355,  0.64283036],
        [-0.17355504, -0.33813428,  0.        , ...,  0.15652009,
         -0.18022954,  0.86398004],
        ...,
        [-0.3255607 , -0.48126743, -0.15652009, ...,  0.        ,
         -0.33196518,  0.93214324],
        [ 0.00678141, -0.16298355,  0.18022954, ...,  0.33196518,
          0.        ,  0.75908174],
        [-0.76347895, -0.64283036, -0.86398004, ..., -0.93214324,
