state_0,state_1,state_2,state_3,state_4,state_5,state_6,state_7,state_8,state_9,state_10,state_11,state_12,state_13,state_14,state_15,state_16,state_17,state_18,state_19,state_20,state_21,state_22,state_23,state_24,state_25,state_26,state_27,state_28,state_29,state_30,state_31,state_32,state_33,state_34,state_35,state_36,state_37,state_38,state_39,state_40,state_41,state_42,state_43,state_44,state_45,state_46,state_47,state_48,state_49,state_50,state_51,state_52,state_53,state_54,state_55,state_56,state_57,state_58,state_59,state_60,state_61,state_62,state_63,state_64,state_65,state_66,state_67,state_68,state_69,state_70,state_71,state_72,state_73,state_74,state_75,state_76,state_77,state_78,state_79,state_80,state_81,state_82,state_83,state_84,state_85,state_86,state_87,state_88,state_89,state_90,state_91,state_92,state_93,state_94,state_95,state_96,state_97,state_98,state_99,state_100,state_101,state_102,state_103,state_104,state_105,state_106,state_107,state_108,state_109,state_110,state_111,state_112,state_113,state_114,state_115,state_116,state_117,state_118,state_119,state_120,state_121,state_122,state_123,state_124,state_125,state_126,state_127,state_128,state_129,state_130,state_131,state_132,state_133,state_134,state_135,state_136,state_137,state_138,state_139,state_140,state_141,state_142,state_143,state_144,state_145,state_146,state_147,state_148,state_149,state_150,state_151,state_152,state_153,state_154,state_155,state_156,state_157,state_158,state_159,state_160,state_161,state_162,state_163,state_164,state_165,state_166,state_167,state_168,state_169,state_170,state_171,state_172,state_173,state_174,state_175,state_176,state_177,state_178,state_179,state_180,state_181,state_182,state_183,state_184,state_185,state_186,state_187,state_188,state_189,state_190,state_191,state_192,state_193,state_194,state_195,state_196,state_197,state_198,state_199,state_200,state_201,state_202,state_203,state_204,state_205,state_206,state_207,state_208,state_209,state_210,state_211,state_212,state_213,state_214,state_215,state_216,state_217,state_218,state_219,state_220,state_221,state_222,state_223,state_224,state_225,state_226,state_227,state_228,state_229,state_230,state_231,state_232,state_233,state_234,state_235,state_236,state_237,state_238,state_239,state_240,state_241,state_242,state_243,state_244,state_245,state_246,state_247,state_248,state_249,state_250,state_251,state_252,state_253,state_254,state_255,state_256,state_257,state_258,state_259,state_260,state_261,state_262,state_263,state_264,state_265,state_266,state_267,state_268,state_269,state_270,state_271,state_272,state_273,state_274,state_275,state_276,state_277,state_278,state_279,state_280,state_281,state_282,state_283,state_284,state_285,state_286,state_287
{'img': array([[[ 0.        , -0.13163295, -0.33070688, ...,  0.67716827,
          0.66045861,  0.75551533],
        [ 0.13163295,  0.        , -0.20360281, ...,  0.76813514,
          0.75354988,  0.83517805],
        [ 0.33070688,  0.20360281,  0.        , ...,  0.88240984,
          0.87161231,  0.92966146],
        ...,
        [-0.67716827, -0.76813514, -0.88240984, ...,  0.        ,
         -0.02247617,  0.11229557],
        [-0.66045861, -0.75354988, -0.87161231, ...,  0.02247617,
          0.        ,  0.1346012 ],
        [-0.75551533, -0.83517805, -0.92966146, ..., -0.11229557,
         -0.1346012 ,  0.        ]],

       [[ 0.        , -0.26573853, -0.0743948 , ..., -0.54349163,
         -0.45505354, -0.24614452],
        [ 0.26573853,  0.        ,  0.1932822 , ..., -0.30088566,
         -0.20206153,  0.02026817],
        [ 0.0743948 , -0.1932822 ,  0.        , ..., -0.47953746,
         -0.38754663, -0.17335652],
        ...,
        [ 0.54349163,  0.30088566,  0.47953746, ...,  0.        ,
          0.10198119,  0.32015279],
        [ 0.45505354,  0.20206153,  0.38754663, ..., -0.10198119,
          0.        ,  0.22187012],
        [ 0.24614452, -0.02026817,  0.17335652, ..., -0.32015279,
         -0.22187012,  0.        ]],

       [[ 0.        ,  0.09638482,  0.12397491, ...,  0.9312669 ,
          0.87618009,  0.85654605],
        [-0.09638482,  0.        ,  0.02775646, ...,  0.89181444,
          0.8256448 ,  0.80281673],
        [-0.12397491, -0.02775646,  0.        , ...,  0.87891377,
          0.80966677,  0.78595829],
        ...,
        [-0.9312669 , -0.89181444, -0.87891377, ...,  0.        ,
         -0.12963018, -0.16852745],
        [-0.87618009, -0.8256448 , -0.80966677, ...,  0.12963018,
          0.        , -0.03932941],
        [-0.85654605, -0.80281673, -0.78595829, ...,  0.16852745,
          0.03932941,  0.        ]],

       ...,

       [[ 0.        ,  0.        , -0.36877983, ..., -0.92584094,
         -0.92584094, -0.72953215],
        [ 0.        ,  0.        , -0.36877983, ..., -0.92584094,
         -0.92584094, -0.72953215],
        [ 0.36877983,  0.36877983,  0.        , ..., -0.72121783,
         -0.72121783, -0.42588669],
        ...,
        [ 0.92584094,  0.92584094,  0.72121783, ...,  0.        ,
          0.        ,  0.3575257 ],
        [ 0.92584094,  0.92584094,  0.72121783, ...,  0.        ,
          0.        ,  0.3575257 ],
        [ 0.72953215,  0.72953215,  0.42588669, ..., -0.3575257 ,
         -0.3575257 ,  0.        ]],

       [[ 0.        , -0.10438637, -0.3518684 , ...,  0.79292726,
          0.8272391 ,  0.81377016],
        [ 0.10438637,  0.        , -0.25223528, ...,  0.85219967,
          0.88136923,  0.86999237],
        [ 0.3518684 ,  0.25223528,  0.        , ...,  0.95661831,
          0.97203401,  0.96623042],
        ...,
        [-0.79292726, -0.85219967, -0.95661831, ...,  0.        ,
          0.05854405,  0.03500455],
        [-0.8272391 , -0.88136923, -0.97203401, ..., -0.05854405,
          0.        , -0.02356367],
        [-0.81377016, -0.86999237, -0.96623042, ..., -0.03500455,
          0.02356367,  0.        ]],

       [[ 0.        , -0.00583522,  0.0847121 , ...,  0.97467217,
          0.94372774,  0.91968665],
        [ 0.00583522,  0.        ,  0.0905249 , ...,  0.97596056,
          0.94564152,  0.92196221],
        [-0.0847121 , -0.0905249 ,  0.        , ...,  0.9522238 ,
          0.91231921,  0.88311834],
        ...,
        [-0.97467217, -0.97596056, -0.9522238 , ...,  0.        ,
         -0.11129307, -0.17703077],
        [-0.94372774, -0.94564152, -0.91231921, ...,  0.11129307,
          0.        , -0.06639575],
        [-0.91968665, -0.92196221, -0.88311834, ...,  0.17703077,
          0.06639575,  0.        ]]]), 'num': array([7.07092213e-01, 7.07092213e-01, 0.00000000e+00, 0.00000000e+00,
       1.76090532e-04, 1.80868182e-04, 1.75408010e-04, 6.39846106e-03,
       6.82521442e-07, 1.73633455e-04, 1.87420388e-04, 1.79901277e-04,
       4.48781222e-07, 2.06004032e-04, 1.68836744e-04])}
{'img': array([[[ 0.        , -0.20360281, -0.45398972, ...,  0.75354988,
          0.83517805,  0.84740155],
        [ 0.20360281,  0.        , -0.26306874, ...,  0.87161231,
          0.92966146,  0.93775494],
        [ 0.45398972,  0.26306874,  0.        , ...,  0.9698668 ,
          0.99383453,  0.99608765],
        ...,
        [-0.75354988, -0.87161231, -0.9698668 , ...,  0.        ,
          0.1346012 ,  0.15697469],
        [-0.83517805, -0.92966146, -0.99383453, ..., -0.1346012 ,
          0.        ,  0.02261369],
        [-0.84740155, -0.93775494, -0.99608765, ..., -0.15697469,
         -0.02261369,  0.        ]],

       [[ 0.        ,  0.1932822 ,  0.04335115, ..., -0.20206153,
          0.02026817, -0.24620592],
        [-0.1932822 ,  0.        , -0.15056681, ..., -0.38754663,
         -0.17335652, -0.42889576],
        [-0.04335115,  0.15056681,  0.        , ..., -0.24432851,
         -0.02309313, -0.28799115],
        ...,
        [ 0.20206153,  0.38754663,  0.24432851, ...,  0.        ,
          0.22187012, -0.0452858 ],
        [-0.02026817,  0.17335652,  0.02309313, ..., -0.22187012,
          0.        , -0.2657996 ],
        [ 0.24620592,  0.42889576,  0.28799115, ...,  0.0452858 ,
          0.2657996 ,  0.        ]],

       [[ 0.        ,  0.02775646, -0.03587188, ...,  0.8256448 ,
          0.80281673,  0.78192174],
        [-0.02775646,  0.        , -0.06359665, ...,  0.80966677,
          0.78595829,  0.76431775],
        [ 0.03587188,  0.06359665,  0.        , ...,  0.84535198,
          0.82368777,  0.80378018],
        ...,
        [-0.8256448 , -0.80966677, -0.84535198, ...,  0.        ,
         -0.03932941, -0.07353501],
        [-0.80281673, -0.78595829, -0.82368777, ...,  0.03932941,
          0.        , -0.03425518],
        [-0.78192174, -0.76431775, -0.80378018, ...,  0.07353501,
          0.03425518,  0.        ]],

       ...,

       [[ 0.        , -0.36877983, -0.41962496, ..., -0.92584094,
         -0.72953215, -0.49211037],
        [ 0.36877983,  0.        , -0.05530788, ..., -0.72121783,
         -0.42588669, -0.1363899 ],
        [ 0.41962496,  0.05530788,  0.        , ..., -0.68180167,
         -0.37519353, -0.08139009],
        ...,
        [ 0.92584094,  0.72121783,  0.68180167, ...,  0.        ,
          0.3575257 ,  0.6199998 ],
        [ 0.72953215,  0.42588669,  0.37519353, ..., -0.3575257 ,
          0.        ,  0.2985045 ],
        [ 0.49211037,  0.1363899 ,  0.08139009, ..., -0.6199998 ,
         -0.2985045 ,  0.        ]],

       [[ 0.        , -0.25223528, -0.39612265, ...,  0.88136923,
          0.86999237,  0.82848695],
        [ 0.25223528,  0.        , -0.15171256, ...,  0.97203401,
          0.96623042,  0.94295247],
        [ 0.39612265,  0.15171256,  0.        , ...,  0.99641058,
          0.9941392 ,  0.98254674],
        ...,
        [-0.88136923, -0.97203401, -0.99641058, ...,  0.        ,
         -0.02356367, -0.10217365],
        [-0.86999237, -0.96623042, -0.9941392 , ...,  0.02356367,
          0.        , -0.07870493],
        [-0.82848695, -0.94295247, -0.98254674, ...,  0.10217365,
          0.07870493,  0.        ]],

       [[ 0.        ,  0.0905249 ,  0.0947298 , ...,  0.94564152,
          0.92196221,  0.90780924],
        [-0.0905249 ,  0.        ,  0.00422305, ...,  0.91231921,
          0.88311834,  0.86611731],
        [-0.0947298 , -0.00422305,  0.        , ...,  0.91058182,
          0.88112922,  0.86399874],
        ...,
        [-0.94564152, -0.91231921, -0.91058182, ...,  0.        ,
         -0.06639575, -0.10135685],
        [-0.92196221, -0.88311834, -0.88112922, ...,  0.06639575,
          0.        , -0.03507937],
        [-0.90780924, -0.86611731, -0.86399874, ...,  0.10135685,
          0.03507937,  0.        ]]]), 'num': array([7.07096252e-01, 7.07096252e-01, 0.00000000e+00, 0.00000000e+00,
       1.79504164e-04, 1.79504164e-04, 1.75409012e-04, 5.43296996e-03,
       3.41262670e-06, 1.74862992e-04, 1.86465923e-04, 1.80414198e-04,
       4.09515204e-07, 2.04609290e-04, 1.68322556e-04])}
{'img': array([[[ 0.        , -0.26306874, -0.46053711, ...,  0.92966146,
          0.93775494,  0.97124307],
        [ 0.26306874,  0.        , -0.2108052 , ...,  0.99383453,
          0.99608765,  0.99966713],
        [ 0.46053711,  0.2108052 ,  0.        , ...,  0.99487387,
          0.99233268,  0.97176397],
        ...,
        [-0.92966146, -0.99383453, -0.99487387, ...,  0.        ,
          0.02261369,  0.13647725],
        [-0.93775494, -0.99608765, -0.99233268, ..., -0.02261369,
          0.        ,  0.11404025],
        [-0.97124307, -0.99966713, -0.97176397, ..., -0.13647725,
         -0.11404025,  0.        ]],

       [[ 0.        , -0.15056681, -0.21898515, ..., -0.17335652,
         -0.42889576, -0.492832  ],
        [ 0.15056681,  0.        , -0.0695764 , ..., -0.02309313,
         -0.28799115, -0.35620176],
        [ 0.21898515,  0.0695764 ,  0.        , ...,  0.04652068,
         -0.22066458, -0.29032573],
        ...,
        [ 0.17335652,  0.02309313, -0.04652068, ...,  0.        ,
         -0.2657996 , -0.33452834],
        [ 0.42889576,  0.28799115,  0.22066458, ...,  0.2657996 ,
          0.        , -0.07200905],
        [ 0.492832  ,  0.35620176,  0.29032573, ...,  0.33452834,
          0.07200905,  0.        ]],

       [[ 0.        , -0.06359665, -0.31836755, ...,  0.78595829,
          0.76431775,  0.79198835],
        [ 0.06359665,  0.        , -0.25743552, ...,  0.82368777,
          0.80378018,  0.82921318],
        [ 0.31836755,  0.25743552,  0.        , ...,  0.94190294,
          0.92984434,  0.94515402],
        ...,
        [-0.78595829, -0.82368777, -0.94190294, ...,  0.        ,
         -0.03425518,  0.00981419],
        [-0.76431775, -0.80378018, -0.92984434, ...,  0.03425518,
          0.        ,  0.04406196],
        [-0.79198835, -0.82921318, -0.94515402, ..., -0.00981419,
         -0.04406196,  0.        ]],

       ...,

       [[ 0.        , -0.05530788,  0.05581394, ..., -0.42588669,
         -0.1363899 , -0.32330419],
        [ 0.05530788,  0.        ,  0.11095018, ..., -0.37519353,
         -0.08139009, -0.27047175],
        [-0.05581394, -0.11095018,  0.        , ..., -0.47572196,
         -0.19146967, -0.37561668],
        ...,
        [ 0.42588669,  0.37519353,  0.47572196, ...,  0.        ,
          0.2985045 ,  0.11049644],
        [ 0.1363899 ,  0.08139009,  0.19146967, ..., -0.2985045 ,
          0.        , -0.1912179 ],
        [ 0.32330419,  0.27047175,  0.37561668, ..., -0.11049644,
          0.1912179 ,  0.        ]],

       [[ 0.        , -0.15171256, -0.20049664, ...,  0.96623042,
          0.94295247,  0.92087098],
        [ 0.15171256,  0.        , -0.04954387, ...,  0.9941392 ,
          0.98254674,  0.96935937],
        [ 0.20049664,  0.04954387,  0.        , ...,  0.99827441,
          0.99055607,  0.98033925],
        ...,
        [-0.96623042, -0.9941392 , -0.99827441, ...,  0.        ,
         -0.07870493, -0.13941212],
        [-0.94295247, -0.98254674, -0.99055607, ...,  0.07870493,
          0.        , -0.06104332],
        [-0.92087098, -0.96935937, -0.98033925, ...,  0.13941212,
          0.06104332,  0.        ]],

       [[ 0.        ,  0.00422305, -0.04450863, ...,  0.88311834,
          0.86611731,  0.85666358],
        [-0.00422305,  0.        , -0.04872709, ...,  0.88112922,
          0.86399874,  0.85447737],
        [ 0.04450863,  0.04872709,  0.        , ...,  0.90312441,
          0.88750622,  0.87877553],
        ...,
        [-0.88311834, -0.88112922, -0.90312441, ...,  0.        ,
         -0.03507937, -0.05367514],
        [-0.86611731, -0.86399874, -0.88750622, ...,  0.03507937,
          0.        , -0.0186133 ],
        [-0.85666358, -0.85447737, -0.87877553, ...,  0.05367514,
          0.0186133 ,  0.        ]]]), 'num': array([ 7.93056785e-01,  6.09112567e-01,  1.40953424e-05, -5.08098183e-11,
        2.00156929e-04,  2.05525123e-04,  1.99390044e-04,  6.51784583e-03,
       -1.53376957e-06,  1.97856275e-04,  2.08707695e-04,  2.03326720e-04,
        5.36819350e-07,  2.29235440e-04,  1.88179949e-04])}
{'img': array([[[ 0.        , -0.2108052 ,  0.08843281, ...,  0.99608765,
          0.99966713,  0.99979586],
        [ 0.2108052 ,  0.        ,  0.29642485, ...,  0.99233268,
          0.97176397,  0.98158785],
        [-0.08843281, -0.29642485,  0.        , ...,  0.98437024,
          0.99803213,  0.99409202],
        ...,
        [-0.99608765, -0.99233268, -0.98437024, ...,  0.        ,
          0.11404025,  0.06822685],
        [-0.99966713, -0.97176397, -0.99803213, ..., -0.11404025,
          0.        , -0.04599278],
        [-0.99979586, -0.98158785, -0.99409202, ..., -0.06822685,
          0.04599278,  0.        ]],

       [[ 0.        , -0.0695764 , -0.11715168, ..., -0.28799115,
         -0.35620176, -0.32552433],
        [ 0.0695764 ,  0.        , -0.04777048, ..., -0.22066458,
         -0.29032573, -0.25894863],
        [ 0.11715168,  0.04777048,  0.        , ..., -0.17381972,
         -0.24428138, -0.21251192],
        ...,
        [ 0.28799115,  0.22066458,  0.17381972, ...,  0.        ,
         -0.07200905, -0.03942754],
        [ 0.35620176,  0.29032573,  0.24428138, ...,  0.07200905,
          0.        ,  0.03262787],
        [ 0.32552433,  0.25894863,  0.21251192, ...,  0.03942754,
         -0.03262787,  0.        ]],

       [[ 0.        , -0.25743552, -0.40234237, ...,  0.80378018,
          0.82921318,  0.85317331],
        [ 0.25743552,  0.        , -0.15310216, ...,  0.92984434,
          0.94515402,  0.95870297],
        [ 0.40234237,  0.15310216,  0.        , ...,  0.97521624,
          0.98401799,  0.99094388],
        ...,
        [-0.80378018, -0.92984434, -0.97521624, ...,  0.        ,
          0.04406196,  0.08830144],
        [-0.82921318, -0.94515402, -0.98401799, ..., -0.04406196,
          0.        ,  0.04432583],
        [-0.85317331, -0.95870297, -0.99094388, ..., -0.08830144,
         -0.04432583,  0.        ]],

       ...,

       [[ 0.        ,  0.11095018,  0.14244639, ..., -0.08139009,
         -0.27047175,  0.03421201],
        [-0.11095018,  0.        ,  0.03174816, ..., -0.19146967,
         -0.37561668, -0.07688444],
        [-0.14244639, -0.03174816,  0.        , ..., -0.22253392,
         -0.40485074, -0.10849987],
        ...,
        [ 0.08139009,  0.19146967,  0.22253392, ...,  0.        ,
         -0.1912179 ,  0.11544095],
        [ 0.27047175,  0.37561668,  0.40485074, ...,  0.1912179 ,
          0.        ,  0.30325027],
        [-0.03421201,  0.07688444,  0.10849987, ..., -0.11544095,
         -0.30325027,  0.        ]],

       [[ 0.        , -0.04954387, -0.10873725, ...,  0.98254674,
          0.96935937,  0.96289951],
        [ 0.04954387,  0.        , -0.05935362, ...,  0.99055607,
          0.98033925,  0.97508694],
        [ 0.10873725,  0.05935362,  0.        , ...,  0.99694761,
          0.99032255,  0.98653388],
        ...,
        [-0.98254674, -0.99055607, -0.99694761, ...,  0.        ,
         -0.06104332, -0.08603568],
        [-0.96935937, -0.98033925, -0.99032255, ...,  0.06104332,
          0.        , -0.02505826],
        [-0.96289951, -0.97508694, -0.98653388, ...,  0.08603568,
          0.02505826,  0.        ]],

       [[ 0.        , -0.04872709, -0.08183584, ...,  0.86399874,
          0.85447737,  0.83844535],
        [ 0.04872709,  0.        , -0.03317498, ...,  0.88750622,
          0.87877553,  0.86400496],
        [ 0.08183584,  0.03317498,  0.        , ...,  0.90230458,
          0.89412409,  0.88023242],
        ...,
        [-0.86399874, -0.88750622, -0.90230458, ...,  0.        ,
         -0.0186133 , -0.04871476],
        [-0.85447737, -0.87877553, -0.89412409, ...,  0.0186133 ,
          0.        , -0.03011512],
        [-0.83844535, -0.86400496, -0.88023242, ...,  0.04871476,
          0.03011512,  0.        ]]]), 'num': array([ 7.87889082e-01,  6.15777559e-01,  1.33938929e-05, -2.79042387e-09,
        1.96474342e-04,  1.99532308e-04,  1.95709850e-04,  6.96170517e-03,
       -3.05796641e-06,  1.98156223e-04,  2.06871428e-04,  2.03303800e-04,
        4.68559369e-07,  2.27134926e-04,  1.86607929e-04])}
{'img': array([[[ 0.        ,  0.29642485,  0.29642485, ...,  0.97176397,
          0.98158785,  0.99487387],
        [-0.29642485,  0.        ,  0.        , ...,  0.99803213,
          0.99409202,  0.98013599],
        [-0.29642485,  0.        ,  0.        , ...,  0.99803213,
          0.99409202,  0.98013599],
        ...,
        [-0.97176397, -0.99803213, -0.99803213, ...,  0.        ,
         -0.04599278, -0.13647725],
        [-0.98158785, -0.99409202, -0.99409202, ...,  0.04599278,
          0.        , -0.09077039],
        [-0.99487387, -0.98013599, -0.98013599, ...,  0.13647725,
          0.09077039,  0.        ]],

       [[ 0.        , -0.04777048, -0.03019922, ..., -0.29032573,
         -0.25894863, -0.23136256],
        [ 0.04777048,  0.        ,  0.01758395, ..., -0.24428138,
         -0.21251192, -0.18462406],
        [ 0.03019922, -0.01758395,  0.        , ..., -0.26129484,
         -0.22966137, -0.20187718],
        ...,
        [ 0.29032573,  0.24428138,  0.26129484, ...,  0.        ,
          0.03262787,  0.06105122],
        [ 0.25894863,  0.21251192,  0.22966137, ..., -0.03262787,
          0.        ,  0.0284517 ],
        [ 0.23136256,  0.18462406,  0.20187718, ..., -0.06105122,
         -0.0284517 ,  0.        ]],

       [[ 0.        , -0.15310216, -0.32150997, ...,  0.94515402,
          0.95870297,  0.96673946],
        [ 0.15310216,  0.        , -0.17274611, ...,  0.98401799,
          0.99094388,  0.99449986],
        [ 0.32150997,  0.17274611,  0.        , ...,  0.99998538,
          0.99924219,  0.997642  ],
        ...,
        [-0.94515402, -0.98401799, -0.99998538, ...,  0.        ,
          0.04432583,  0.07402567],
        [-0.95870297, -0.99094388, -0.99924219, ..., -0.04432583,
          0.        ,  0.0297487 ],
        [-0.96673946, -0.99449986, -0.997642  , ..., -0.07402567,
         -0.0297487 ,  0.        ]],

       ...,

       [[ 0.        ,  0.03174816,  0.10623015, ..., -0.37561668,
         -0.07688444, -0.33011877],
        [-0.03174816,  0.        ,  0.07460809, ..., -0.40485074,
         -0.10849987, -0.35992069],
        [-0.10623015, -0.07460809,  0.        , ..., -0.47194275,
         -0.18236511, -0.42852565],
        ...,
        [ 0.37561668,  0.40485074,  0.47194275, ...,  0.        ,
          0.30325027,  0.04861353],
        [ 0.07688444,  0.10849987,  0.18236511, ..., -0.30325027,
          0.        , -0.25656737],
        [ 0.33011877,  0.35992069,  0.42852565, ..., -0.04861353,
          0.25656737,  0.        ]],

       [[ 0.        , -0.05935362, -0.10221977, ...,  0.98033925,
          0.97508694,  0.96244966],
        [ 0.05935362,  0.        , -0.04299684, ...,  0.99032255,
          0.98653388,  0.97686502],
        [ 0.10221977,  0.04299684,  0.        , ...,  0.99537402,
          0.99265398,  0.98515679],
        ...,
        [-0.98033925, -0.99032255, -0.99537402, ...,  0.        ,
         -0.02505826, -0.0762131 ],
        [-0.97508694, -0.98653388, -0.99265398, ...,  0.02505826,
          0.        , -0.0512038 ],
        [-0.96244966, -0.97686502, -0.98515679, ...,  0.0762131 ,
          0.0512038 ,  0.        ]],

       [[ 0.        , -0.03317498, -0.06843173, ...,  0.87877553,
          0.86400496,  0.84797957],
        [ 0.03317498,  0.        , -0.03529686, ...,  0.89412409,
          0.88023242,  0.86509651],
        [ 0.06843173,  0.03529686,  0.        , ...,  0.90937355,
          0.89643379,  0.88226254],
        ...,
        [-0.87877553, -0.89412409, -0.90937355, ...,  0.        ,
         -0.03011512, -0.06109063],
        [-0.86400496, -0.88023242, -0.89643379, ...,  0.03011512,
          0.        , -0.03100405],
        [-0.84797957, -0.86509651, -0.88226254, ...,  0.06109063,
          0.03100405,  0.        ]]]), 'num': array([ 7.84711518e-01,  6.19831050e-01,  1.27814316e-05, -7.94562546e-09,
        1.96286271e-04,  1.97807870e-04,  1.91721474e-04,  6.08125298e-03,
        7.60799498e-07,  1.97351390e-04,  2.04769185e-04,  2.02955946e-04,
        5.24689309e-07,  2.24492976e-04,  1.85045394e-04])}
{'img': array([[[ 0.00000000e+00,  0.00000000e+00,  8.89410087e-02, ...,
          9.99526596e-01,  9.92497476e-01,  9.95031659e-01],
        [ 0.00000000e+00,  0.00000000e+00,  8.89410087e-02, ...,
          9.99526596e-01,  9.92497476e-01,  9.95031659e-01],
        [-8.89410087e-02, -8.89410087e-02,  0.00000000e+00, ...,
          9.92828956e-01,  9.77689722e-01,  9.82233366e-01],
        ...,
        [-9.99526596e-01, -9.99526596e-01, -9.92828956e-01, ...,
          0.00000000e+00, -9.16714750e-02, -6.88981464e-02],
        [-9.92497476e-01, -9.92497476e-01, -9.77689722e-01, ...,
          9.16714750e-02,  0.00000000e+00,  2.28455987e-02],
        [-9.95031659e-01, -9.95031659e-01, -9.82233366e-01, ...,
          6.88981464e-02, -2.28455987e-02,  0.00000000e+00]],

       [[ 0.00000000e+00,  1.75839467e-02,  6.80559166e-04, ...,
         -2.12511919e-01, -1.84624065e-01, -2.42005066e-01],
        [-1.75839467e-02,  0.00000000e+00, -1.69034887e-02, ...,
         -2.29661365e-01, -2.01877185e-01, -2.59028913e-01],
        [-6.80559166e-04,  1.69034887e-02,  0.00000000e+00, ...,
         -2.13176884e-01, -1.85292882e-01, -2.42665339e-01],
        ...,
        [ 2.12511919e-01,  2.29661365e-01,  2.13176884e-01, ...,
          0.00000000e+00,  2.84517030e-02, -3.02823017e-02],
        [ 1.84624065e-01,  2.01877185e-01,  1.85292882e-01, ...,
         -2.84517030e-02,  0.00000000e+00, -5.87086971e-02],
        [ 2.42005066e-01,  2.59028913e-01,  2.42665339e-01, ...,
          3.02823017e-02,  5.87086971e-02,  0.00000000e+00]],

       [[ 0.00000000e+00, -1.72746110e-01, -3.08148714e-01, ...,
          9.90943883e-01,  9.94499857e-01,  9.95008753e-01],
        [ 1.72746110e-01,  0.00000000e+00, -1.39176152e-01, ...,
          9.99242185e-01,  9.97642001e-01,  9.97288109e-01],
        [ 3.08148714e-01,  1.39176152e-01,  0.00000000e+00, ...,
          9.84099949e-01,  9.78380563e-01,  9.77339282e-01],
        ...,
        [-9.90943883e-01, -9.99242185e-01, -9.84099949e-01, ...,
          0.00000000e+00,  2.97486971e-02,  3.47224524e-02],
        [-9.94499857e-01, -9.97642001e-01, -9.78380563e-01, ...,
         -2.97486971e-02,  0.00000000e+00,  4.97632617e-03],
        [-9.95008753e-01, -9.97288109e-01, -9.77339282e-01, ...,
         -3.47224524e-02, -4.97632617e-03,  0.00000000e+00]],

       ...,

       [[ 0.00000000e+00,  7.46080924e-02,  1.98789588e-01, ...,
         -1.08499868e-01, -3.59920694e-01, -1.35153588e-01],
        [-7.46080924e-02,  0.00000000e+00,  1.25116469e-01, ...,
         -1.82365112e-01, -4.28525645e-01, -2.08700444e-01],
        [-1.98789588e-01, -1.25116469e-01,  0.00000000e+00, ...,
         -3.03950475e-01, -5.38204753e-01, -3.29421845e-01],
        ...,
        [ 1.08499868e-01,  1.82365112e-01,  3.03950475e-01, ...,
          0.00000000e+00, -2.56567367e-01, -2.68513592e-02],
        [ 3.59920694e-01,  4.28525645e-01,  5.38204753e-01, ...,
          2.56567367e-01,  0.00000000e+00,  2.30522312e-01],
        [ 1.35153588e-01,  2.08700444e-01,  3.29421845e-01, ...,
          2.68513592e-02, -2.30522312e-01,  0.00000000e+00]],

       [[ 0.00000000e+00, -4.29968432e-02, -7.58692843e-02, ...,
          9.86533877e-01,  9.76865025e-01,  9.63454078e-01],
        [ 4.29968432e-02,  0.00000000e+00, -3.29262045e-02, ...,
          9.92653976e-01,  9.85156794e-01,  9.74080801e-01],
        [ 7.58692843e-02,  3.29262045e-02,  0.00000000e+00, ...,
          9.96099418e-01,  9.90274638e-01,  9.81000559e-01],
        ...,
        [-9.86533877e-01, -9.92653976e-01, -9.96099418e-01, ...,
          0.00000000e+00, -5.12037978e-02, -1.06686624e-01],
        [-9.76865025e-01, -9.85156794e-01, -9.90274638e-01, ...,
          5.12037978e-02,  0.00000000e+00, -5.56351130e-02],
        [-9.63454078e-01, -9.74080801e-01, -9.81000559e-01, ...,
          1.06686624e-01,  5.56351130e-02,  0.00000000e+00]],

       [[ 0.00000000e+00, -3.52968571e-02, -6.60969856e-02, ...,
          8.80232419e-01,  8.65096505e-01,  8.54522163e-01],
        [ 3.52968571e-02,  0.00000000e+00, -3.08361286e-02, ...,
          8.96433791e-01,  8.82262535e-01,  8.72323401e-01],
        [ 6.60969856e-02,  3.08361286e-02,  0.00000000e+00, ...,
          9.09673379e-01,  8.96359324e-01,  8.86985258e-01],
        ...,
        [-8.80232419e-01, -8.96433791e-01, -9.09673379e-01, ...,
          0.00000000e+00, -3.10040508e-02, -5.16985059e-02],
        [-8.65096505e-01, -8.82262535e-01, -8.96359324e-01, ...,
          3.10040508e-02,  0.00000000e+00, -2.07110621e-02],
        [-8.54522163e-01, -8.72323401e-01, -8.86985258e-01, ...,
          5.16985059e-02,  2.07110621e-02,  0.00000000e+00]]]), 'num': array([ 8.51047128e-01,  5.25050694e-01,  2.53693723e-05, -7.33093276e-09,
        2.12375527e-04,  2.14854619e-04,  2.09896435e-04,  6.33857485e-03,
       -8.26363918e-07,  2.14193528e-04,  2.21011030e-04,  2.21093666e-04,
        4.59091066e-07,  2.41161266e-04,  2.00860794e-04])}
{'img': array([[[ 0.        ,  0.08894101, -0.21198589, ...,  0.99249748,
          0.99503166,  0.99249748],
        [-0.08894101,  0.        , -0.29806539, ...,  0.97768972,
          0.98223337,  0.97768972],
        [ 0.21198589,  0.29806539,  0.        , ...,  0.9958592 ,
          0.99352241,  0.9958592 ],
        ...,
        [-0.99249748, -0.97768972, -0.9958592 , ...,  0.        ,
          0.0228456 ,  0.        ],
        [-0.99503166, -0.98223337, -0.99352241, ..., -0.0228456 ,
          0.        , -0.0228456 ],
        [-0.99249748, -0.97768972, -0.9958592 , ...,  0.        ,
          0.0228456 ,  0.        ]],

       [[ 0.        , -0.01690349, -0.03957718, ..., -0.20187718,
         -0.25902891, -0.28446286],
        [ 0.01690349,  0.        , -0.02268128, ..., -0.18529288,
         -0.24266534, -0.26821706],
        [ 0.03957718,  0.02268128,  0.        , ..., -0.1629567 ,
         -0.22059958, -0.24629787],
        ...,
        [ 0.20187718,  0.18529288,  0.1629567 , ...,  0.        ,
         -0.0587087 , -0.08506897],
        [ 0.25902891,  0.24266534,  0.22059958, ...,  0.0587087 ,
          0.        , -0.02642636],
        [ 0.28446286,  0.26821706,  0.24629787, ...,  0.08506897,
          0.02642636,  0.        ]],

       [[ 0.        , -0.13917615, -0.13917615, ...,  0.997642  ,
          0.99728811,  0.997642  ],
        [ 0.13917615,  0.        ,  0.        , ...,  0.97838056,
          0.97733928,  0.97838056],
        [ 0.13917615,  0.        ,  0.        , ...,  0.97838056,
          0.97733928,  0.97838056],
        ...,
        [-0.997642  , -0.97838056, -0.97838056, ...,  0.        ,
          0.00497633,  0.        ],
        [-0.99728811, -0.97733928, -0.97733928, ..., -0.00497633,
          0.        , -0.00497633],
        [-0.997642  , -0.97838056, -0.97838056, ...,  0.        ,
          0.00497633,  0.        ]],

       ...,

       [[ 0.        ,  0.12511647,  0.12511647, ..., -0.42852565,
         -0.20870044, -0.65825707],
        [-0.12511647,  0.        ,  0.        , ..., -0.53820475,
         -0.32942184, -0.74727135],
        [-0.12511647,  0.        ,  0.        , ..., -0.53820475,
         -0.32942184, -0.74727135],
        ...,
        [ 0.42852565,  0.53820475,  0.53820475, ...,  0.        ,
          0.23052231, -0.27216355],
        [ 0.20870044,  0.32942184,  0.32942184, ..., -0.23052231,
          0.        , -0.48665371],
        [ 0.65825707,  0.74727135,  0.74727135, ...,  0.27216355,
          0.48665371,  0.        ]],

       [[ 0.        , -0.0329262 , -0.16486792, ...,  0.98515679,
          0.9740808 ,  0.9511249 ],
        [ 0.0329262 ,  0.        , -0.1323029 , ...,  0.99027464,
          0.98100056,  0.96077701],
        [ 0.16486792,  0.1323029 ,  0.        , ...,  0.99997628,
          0.99804432,  0.98902166],
        ...,
        [-0.98515679, -0.99027464, -0.99997628, ...,  0.        ,
         -0.05563511, -0.14095561],
        [-0.9740808 , -0.98100056, -0.99804432, ...,  0.05563511,
          0.        , -0.08565765],
        [-0.9511249 , -0.96077701, -0.98902166, ...,  0.14095561,
          0.08565765,  0.        ]],

       [[ 0.        , -0.03083613, -0.03355615, ...,  0.88226254,
          0.8723234 ,  0.87047168],
        [ 0.03083613,  0.        , -0.00272143, ...,  0.89635932,
          0.88698526,  0.88523585],
        [ 0.03355615,  0.00272143,  0.        , ...,  0.89756249,
          0.88823872,  0.88649842],
        ...,
        [-0.88226254, -0.89635932, -0.89756249, ...,  0.        ,
         -0.02071106, -0.02448469],
        [-0.8723234 , -0.88698526, -0.88823872, ...,  0.02071106,
          0.        , -0.00377458],
        [-0.87047168, -0.88523585, -0.88649842, ...,  0.02448469,
          0.00377458,  0.        ]]]), 'num': array([ 9.46330799e-01,  3.23099890e-01,  4.81259389e-05, -1.08904062e-08,
        2.36789859e-04,  2.39532598e-04,  2.32218626e-04,  8.00099219e-03,
        1.82849312e-06,  2.36241311e-04,  2.43418146e-04,  2.45353302e-04,
        5.07914755e-07,  2.64951516e-04,  2.21884777e-04])}
{'img': array([[[ 0.        , -0.29806539,  0.12669299, ...,  0.98223337,
          0.97768972,  0.98627418],
        [ 0.29806539,  0.        ,  0.41659779, ...,  0.99352241,
          0.9958592 ,  0.99065885],
        [-0.12669299, -0.41659779,  0.        , ...,  0.95054285,
          0.94319907,  0.95740774],
        ...,
        [-0.98223337, -0.99352241, -0.95054285, ...,  0.        ,
         -0.0228456 ,  0.02290546],
        [-0.97768972, -0.9958592 , -0.94319907, ...,  0.0228456 ,
          0.        ,  0.04573909],
        [-0.98627418, -0.99065885, -0.95740774, ..., -0.02290546,
         -0.04573909,  0.        ]],

       [[ 0.        , -0.02268128,  0.16465606, ..., -0.24266534,
         -0.26821706, -0.20088654],
        [ 0.02268128,  0.        ,  0.1869854 , ..., -0.22059958,
         -0.24629787, -0.17861595],
        [-0.16465606, -0.1869854 ,  0.        , ..., -0.39908771,
         -0.423179  , -0.35944411],
        ...,
        [ 0.24266534,  0.22059958,  0.39908771, ...,  0.        ,
         -0.02642636,  0.04283644],
        [ 0.26821706,  0.24629787,  0.423179  , ...,  0.02642636,
          0.        ,  0.06922357],
        [ 0.20088654,  0.17861595,  0.35944411, ..., -0.04283644,
         -0.06922357,  0.        ]],

       [[ 0.        ,  0.        ,  0.21924828, ...,  0.97733928,
          0.97838056,  0.98229362],
        [ 0.        ,  0.        ,  0.21924828, ...,  0.97733928,
          0.97838056,  0.98229362],
        [-0.21924828, -0.21924828,  0.        , ...,  0.99996996,
          0.999919  ,  0.99946924],
        ...,
        [-0.97733928, -0.97733928, -0.99996996, ...,  0.        ,
         -0.00497633, -0.02482827],
        [-0.97838056, -0.97838056, -0.999919  , ...,  0.00497633,
          0.        , -0.01985317],
        [-0.98229362, -0.98229362, -0.99946924, ...,  0.02482827,
          0.01985317,  0.        ]],

       ...,

       [[ 0.        ,  0.        ,  0.28497093, ..., -0.32942184,
         -0.74727135, -0.74727135],
        [ 0.        ,  0.        ,  0.28497093, ..., -0.32942184,
         -0.74727135, -0.74727135],
        [-0.28497093, -0.28497093,  0.        , ..., -0.58482741,
         -0.90565521, -0.90565521],
        ...,
        [ 0.32942184,  0.32942184,  0.58482741, ...,  0.        ,
         -0.48665371, -0.48665371],
        [ 0.74727135,  0.74727135,  0.90565521, ...,  0.48665371,
          0.        ,  0.        ],
        [ 0.74727135,  0.74727135,  0.90565521, ...,  0.48665371,
          0.        ,  0.        ]],

       [[ 0.        , -0.1323029 , -0.3294904 , ...,  0.98100056,
          0.96077701,  0.94499221],
        [ 0.1323029 ,  0.        , -0.201679  , ...,  0.99804432,
          0.98902166,  0.97996043],
        [ 0.3294904 ,  0.201679  ,  0.        , ...,  0.99014319,
          0.99850115,  0.99999678],
        ...,
        [-0.98100056, -0.99804432, -0.99014319, ...,  0.        ,
         -0.08565765, -0.13754512],
        [-0.96077701, -0.98902166, -0.99850115, ...,  0.08565765,
          0.        , -0.05219608],
        [-0.94499221, -0.97996043, -0.99999678, ...,  0.13754512,
          0.05219608,  0.        ]],

       [[ 0.        , -0.00272143,  0.02197448, ...,  0.88698526,
          0.88523585,  0.88114104],
        [ 0.00272143,  0.        ,  0.02469517, ...,  0.88823872,
          0.88649842,  0.88242461],
        [-0.02197448, -0.02469517,  0.        , ...,  0.87662332,
          0.87480083,  0.87053756],
        ...,
        [-0.88698526, -0.88823872, -0.87662332, ...,  0.        ,
         -0.00377458, -0.01250518],
        [-0.88523585, -0.88649842, -0.87480083, ...,  0.00377458,
          0.        , -0.00873081],
        [-0.88114104, -0.88242461, -0.87053756, ...,  0.01250518,
          0.00873081,  0.        ]]]), 'num': array([ 9.96005670e-01,  8.88130859e-02,  6.89880321e-05, -1.72802576e-09,
        2.49571561e-04,  2.51469443e-04,  2.44826854e-04,  9.18880732e-03,
        3.79576518e-06,  2.45586007e-04,  2.51327102e-04,  2.55486628e-04,
        6.93457100e-07,  2.70924750e-04,  2.31729454e-04])}
{'img': array([[[ 0.        ,  0.41659779,  0.46298975, ...,  0.9958592 ,
          0.99065885,  0.97383115],
        [-0.41659779,  0.        ,  0.05164264, ...,  0.94319907,
          0.95740774,  0.97998236],
        [-0.46298975, -0.05164264,  0.        , ...,  0.92478335,
          0.94121895,  0.96839346],
        ...,
        [-0.9958592 , -0.94319907, -0.92478335, ...,  0.        ,
          0.04573909,  0.13780153],
        [-0.99065885, -0.95740774, -0.94121895, ..., -0.04573909,
          0.        ,  0.09235458],
        [-0.97383115, -0.97998236, -0.96839346, ..., -0.13780153,
         -0.09235458,  0.        ]],

       [[ 0.        ,  0.1869854 , -0.02575729, ..., -0.24629787,
         -0.17861595, -0.14047599],
        [-0.1869854 ,  0.        , -0.21222637, ..., -0.423179  ,
         -0.35944411, -0.32312964],
        [ 0.02575729,  0.21222637,  0.        , ..., -0.22125234,
         -0.15321361, -0.1149275 ],
        ...,
        [ 0.24629787,  0.423179  ,  0.22125234, ...,  0.        ,
          0.06922357,  0.10770709],
        [ 0.17861595,  0.35944411,  0.15321361, ..., -0.06922357,
          0.        ,  0.03862784],
        [ 0.14047599,  0.32312964,  0.1149275 , ..., -0.10770709,
         -0.03862784,  0.        ]],

       [[ 0.        ,  0.21924828,  0.29269982, ...,  0.97838056,
          0.98229362,  0.98038735],
        [-0.21924828,  0.        ,  0.07593201, ...,  0.999919  ,
          0.99946924,  0.99974316],
        [-0.29269982, -0.07593201,  0.        , ...,  0.99606581,
          0.99411017,  0.99513604],
        ...,
        [-0.97838056, -0.999919  , -0.99606581, ...,  0.        ,
         -0.01985317, -0.00993698],
        [-0.98229362, -0.99946924, -0.99411017, ...,  0.01985317,
          0.        ,  0.00991717],
        [-0.98038735, -0.99974316, -0.99513604, ...,  0.00993698,
         -0.00991717,  0.        ]],

       ...,

       [[ 0.        ,  0.28497093,  0.51025325, ..., -0.74727135,
         -0.74727135, -0.2307638 ],
        [-0.28497093,  0.        ,  0.24401429, ..., -0.90565521,
         -0.90565521, -0.49847495],
        [-0.51025325, -0.24401429,  0.        , ..., -0.98174443,
         -0.98174443, -0.69494386],
        ...,
        [ 0.74727135,  0.90565521,  0.98174443, ...,  0.        ,
          0.        ,  0.57375541],
        [ 0.74727135,  0.90565521,  0.98174443, ...,  0.        ,
          0.        ,  0.57375541],
        [ 0.2307638 ,  0.49847495,  0.69494386, ..., -0.57375541,
         -0.57375541,  0.        ]],

       [[ 0.        , -0.201679  , -0.5085258 , ...,  0.98902166,
          0.97996043,  0.95286026],
        [ 0.201679  ,  0.        , -0.32442139, ...,  0.99850115,
          0.99999678,  0.9944719 ],
        [ 0.5085258 ,  0.32442139,  0.        , ...,  0.92673907,
          0.94508615,  0.9747488 ],
        ...,
        [-0.98902166, -0.99850115, -0.92673907, ...,  0.        ,
         -0.05219608, -0.15927381],
        [-0.97996043, -0.99999678, -0.94508615, ...,  0.05219608,
          0.        , -0.10752693],
        [-0.95286026, -0.9944719 , -0.9747488 , ...,  0.15927381,
          0.10752693,  0.        ]],

       [[ 0.        ,  0.02469517,  0.03491465, ...,  0.88649842,
          0.88242461,  0.89865434],
        [-0.02469517,  0.        ,  0.01022389, ...,  0.87480083,
          0.87053756,  0.88754755],
        [-0.03491465, -0.01022389,  0.        , ...,  0.86980181,
          0.86546087,  0.88279085],
        ...,
        [-0.88649842, -0.87480083, -0.86980181, ...,  0.        ,
         -0.00873081,  0.02696661],
        [-0.88242461, -0.87053756, -0.86546087, ...,  0.00873081,
          0.        ,  0.03569321],
        [-0.89865434, -0.88754755, -0.88279085, ..., -0.02696661,
