state_0,state_1,state_2,state_3,state_4,state_5,state_6,state_7,state_8,state_9,state_10,state_11,state_12,state_13,state_14,state_15,state_16,state_17,state_18,state_19,state_20,state_21,state_22,state_23,state_24,state_25,state_26,state_27,state_28,state_29,state_30,state_31,state_32,state_33,state_34,state_35,state_36,state_37,state_38,state_39,state_40,state_41,state_42,state_43,state_44,state_45,state_46,state_47,state_48,state_49,state_50,state_51,state_52,state_53,state_54,state_55,state_56,state_57,state_58,state_59,state_60,state_61,state_62,state_63,state_64,state_65,state_66,state_67,state_68,state_69,state_70,state_71,state_72,state_73,state_74,state_75,state_76,state_77,state_78,state_79,state_80,state_81,state_82,state_83,state_84,state_85,state_86,state_87,state_88,state_89,state_90,state_91,state_92,state_93,state_94,state_95,state_96,state_97,state_98,state_99,state_100,state_101,state_102,state_103,state_104,state_105,state_106,state_107,state_108,state_109,state_110,state_111,state_112,state_113,state_114,state_115,state_116,state_117,state_118,state_119,state_120,state_121,state_122,state_123,state_124,state_125,state_126,state_127,state_128,state_129,state_130,state_131,state_132,state_133,state_134,state_135,state_136,state_137,state_138,state_139,state_140,state_141,state_142,state_143,state_144,state_145,state_146,state_147,state_148,state_149,state_150,state_151,state_152,state_153,state_154,state_155,state_156,state_157,state_158,state_159,state_160,state_161,state_162,state_163,state_164,state_165,state_166,state_167,state_168,state_169,state_170,state_171,state_172,state_173,state_174,state_175,state_176,state_177,state_178,state_179,state_180,state_181,state_182,state_183,state_184,state_185,state_186,state_187,state_188,state_189,state_190,state_191,state_192,state_193,state_194,state_195,state_196,state_197,state_198,state_199,state_200,state_201,state_202,state_203,state_204,state_205,state_206,state_207,state_208,state_209,state_210,state_211,state_212,state_213,state_214,state_215,state_216,state_217,state_218,state_219,state_220,state_221,state_222,state_223,state_224,state_225,state_226,state_227,state_228,state_229,state_230,state_231,state_232,state_233,state_234,state_235,state_236,state_237,state_238,state_239,state_240,state_241,state_242,state_243,state_244,state_245,state_246,state_247,state_248,state_249,state_250,state_251,state_252,state_253,state_254,state_255,state_256,state_257,state_258,state_259,state_260,state_261,state_262,state_263,state_264,state_265,state_266,state_267,state_268,state_269,state_270,state_271,state_272,state_273,state_274,state_275,state_276,state_277,state_278,state_279,state_280,state_281,state_282,state_283,state_284,state_285,state_286,state_287
{'img': array([[[ 0.00000000e+00,  3.68255676e-01,  6.93356966e-01, ...,
          2.31648831e-01,  3.68255676e-01,  3.56892964e-01],
        [-3.68255676e-01,  0.00000000e+00,  3.79268066e-01, ...,
         -1.42869321e-01,  0.00000000e+00, -1.21921489e-02],
        [-6.93356966e-01, -3.79268066e-01,  0.00000000e+00, ...,
         -5.07572470e-01, -3.79268066e-01, -3.90521111e-01],
        ...,
        [-2.31648831e-01,  1.42869321e-01,  5.07572470e-01, ...,
          0.00000000e+00,  1.42869321e-01,  1.30791625e-01],
        [-3.68255676e-01,  0.00000000e+00,  3.79268066e-01, ...,
         -1.42869321e-01,  0.00000000e+00, -1.21921489e-02],
        [-3.56892964e-01,  1.21921489e-02,  3.90521111e-01, ...,
         -1.30791625e-01,  1.21921489e-02,  0.00000000e+00]],

       [[ 0.00000000e+00,  4.35856055e-02, -4.41539089e-02, ...,
         -1.54691980e-01, -1.59806786e-01, -2.08226041e-01],
        [-4.35856055e-02,  0.00000000e+00, -8.76550475e-02, ...,
         -1.97605930e-01, -2.02680378e-01, -2.50658403e-01],
        [ 4.41539089e-02,  8.76550475e-02,  0.00000000e+00, ...,
         -1.10918698e-01, -1.16064476e-01, -1.64836879e-01],
        ...,
        [ 1.54691980e-01,  1.97605930e-01,  1.10918698e-01, ...,
          0.00000000e+00, -5.17922462e-03, -5.44183267e-02],
        [ 1.59806786e-01,  2.02680378e-01,  1.16064476e-01, ...,
          5.17922462e-03,  0.00000000e+00, -4.92460466e-02],
        [ 2.08226041e-01,  2.50658403e-01,  1.64836879e-01, ...,
          5.44183267e-02,  4.92460466e-02,  0.00000000e+00]],

       [[ 0.00000000e+00, -1.33529025e-01, -3.44127886e-02, ...,
         -6.64374859e-01, -5.12672517e-01, -4.37943777e-01],
        [ 1.33529025e-01,  0.00000000e+00,  9.93453181e-02, ...,
         -5.58625787e-01, -3.93435569e-01, -3.13979039e-01],
        [ 3.44127886e-02, -9.93453181e-02,  0.00000000e+00, ...,
         -6.38261251e-01, -4.82822586e-01, -4.06747207e-01],
        ...,
        [ 6.64374859e-01,  5.58625787e-01,  6.38261251e-01, ...,
          0.00000000e+00,  1.87250586e-01,  2.69955598e-01],
        [ 5.12672517e-01,  3.93435569e-01,  4.82822586e-01, ...,
         -1.87250586e-01,  0.00000000e+00,  8.48821809e-02],
        [ 4.37943777e-01,  3.13979039e-01,  4.06747207e-01, ...,
         -2.69955598e-01, -8.48821809e-02,  0.00000000e+00]],

       ...,

       [[ 0.00000000e+00,  1.03592618e-01, -1.08421260e-02, ...,
         -1.03604603e-01, -8.51408305e-02, -1.38239832e-01],
        [-1.03592618e-01,  0.00000000e+00, -1.14370322e-01, ...,
         -2.06082332e-01, -1.87899222e-01, -2.40094078e-01],
        [ 1.08421260e-02,  1.14370322e-01,  0.00000000e+00, ...,
         -9.28147340e-02, -7.43330687e-02, -1.27493678e-01],
        ...,
        [ 1.03604603e-01,  2.06082332e-01,  9.28147340e-02, ...,
          0.00000000e+00,  1.85457570e-02, -3.48860299e-02],
        [ 8.51408305e-02,  1.87899222e-01,  7.43330687e-02, ...,
         -1.85457570e-02,  0.00000000e+00, -5.34144982e-02],
        [ 1.38239832e-01,  2.40094078e-01,  1.27493678e-01, ...,
          3.48860299e-02,  5.34144982e-02,  0.00000000e+00]],

       [[ 0.00000000e+00, -6.10339284e-02, -4.70406429e-02, ...,
         -6.34477839e-01, -7.62250137e-01, -8.06532592e-01],
        [ 6.10339284e-02,  0.00000000e+00,  1.40134178e-02, ...,
         -6.80470606e-01, -8.00335267e-01, -8.41111592e-01],
        [ 4.70406429e-02, -1.40134178e-02,  0.00000000e+00, ...,
         -6.70135101e-01, -7.91854897e-01, -8.33449682e-01],
        ...,
        [ 6.34477839e-01,  6.80470606e-01,  6.70135101e-01, ...,
          0.00000000e+00,  1.78487976e-01,  2.48305432e-01],
        [ 7.62250137e-01,  8.00335267e-01,  7.91854897e-01, ...,
         -1.78487976e-01,  0.00000000e+00,  7.14201145e-02],
        [ 8.06532592e-01,  8.41111592e-01,  8.33449682e-01, ...,
         -2.48305432e-01, -7.14201145e-02,  0.00000000e+00]],

       [[ 0.00000000e+00,  6.68381813e-01,  7.80200686e-01, ...,
          9.82580256e-01,  9.82417047e-01,  9.75259211e-01],
        [-6.68381813e-01,  0.00000000e+00,  1.62235195e-01, ...,
          8.55072475e-01,  8.55526462e-01,  8.73171135e-01],
        [-7.80200686e-01, -1.62235195e-01,  0.00000000e+00, ...,
          7.59624248e-01,  7.60193801e-01,  7.82527800e-01],
        ...,
        [-9.82580256e-01, -8.55072475e-01, -7.59624248e-01, ...,
          0.00000000e+00,  8.76196532e-04,  3.59725674e-02],
        [-9.82417047e-01, -8.55526462e-01, -7.60193801e-01, ...,
         -8.76196532e-04,  0.00000000e+00,  3.50969242e-02],
        [-9.75259211e-01, -8.73171135e-01, -7.82527800e-01, ...,
         -3.59725674e-02, -3.50969242e-02,  0.00000000e+00]]]), 'num': array([ 7.07106613e-01,  7.07106613e-01,  0.00000000e+00,  0.00000000e+00,
        3.50249070e-05,  3.53140277e-05,  3.49009981e-05,  6.82919602e-04,
       -8.26059127e-08,  3.48927375e-05,  3.47585029e-05,  3.59741866e-05,
        3.45442908e-07,  3.58445351e-05,  3.36724708e-05])}
{'img': array([[[ 0.        ,  0.37926807,  0.32535898, ...,  0.        ,
         -0.01219215, -0.03700486],
        [-0.37926807,  0.        , -0.05758192, ..., -0.37926807,
         -0.39052111, -0.41324841],
        [-0.32535898,  0.05758192,  0.        , ..., -0.32535898,
         -0.33686358, -0.36012758],
        ...,
        [ 0.        ,  0.37926807,  0.32535898, ...,  0.        ,
         -0.01219215, -0.03700486],
        [ 0.01219215,  0.39052111,  0.33686358, ...,  0.01219215,
          0.        , -0.02481831],
        [ 0.03700486,  0.41324841,  0.36012758, ...,  0.03700486,
          0.02481831,  0.        ]],

       [[ 0.        , -0.08765505, -0.21244577, ..., -0.20268038,
         -0.2506584 , -0.31982506],
        [ 0.08765505,  0.        , -0.12597391, ..., -0.11606448,
         -0.16483688, -0.23554291],
        [ 0.21244577,  0.12597391,  0.        , ...,  0.00998268,
         -0.03927302, -0.11123697],
        ...,
        [ 0.20268038,  0.11606448, -0.00998268, ...,  0.        ,
         -0.04924605, -0.12115215],
        [ 0.2506584 ,  0.16483688,  0.03927302, ...,  0.04924605,
          0.        , -0.07212186],
        [ 0.31982506,  0.23554291,  0.11123697, ...,  0.12115215,
          0.07212186,  0.        ]],

       [[ 0.        ,  0.09934532,  0.10623399, ..., -0.39343557,
         -0.31397904, -0.25234039],
        [-0.09934532,  0.        ,  0.00692532, ..., -0.48282259,
         -0.40674721, -0.34722242],
        [-0.10623399, -0.00692532,  0.        , ..., -0.48887563,
         -0.41306401, -0.35370854],
        ...,
        [ 0.39343557,  0.48282259,  0.48887563, ...,  0.        ,
          0.08488218,  0.14871373],
        [ 0.31397904,  0.40674721,  0.41306401, ..., -0.08488218,
          0.        ,  0.0642387 ],
        [ 0.25234039,  0.34722242,  0.35370854, ..., -0.14871373,
         -0.0642387 ,  0.        ]],

       ...,

       [[ 0.        , -0.11437032, -0.19923801, ..., -0.18789922,
         -0.24009408, -0.3832635 ],
        [ 0.11437032,  0.        , -0.08585332, ..., -0.07433307,
         -0.12749368, -0.27511171],
        [ 0.19923801,  0.08585332,  0.        , ...,  0.01155719,
         -0.04187024, -0.1915555 ],
        ...,
        [ 0.18789922,  0.07433307, -0.01155719, ...,  0.        ,
         -0.0534145 , -0.20288588],
        [ 0.24009408,  0.12749368,  0.04187024, ...,  0.0534145 ,
          0.        , -0.15029264],
        [ 0.3832635 ,  0.27511171,  0.1915555 , ...,  0.20288588,
          0.15029264,  0.        ]],

       [[ 0.        ,  0.01401342,  0.02276617, ..., -0.80033527,
         -0.84111159, -0.85075614],
        [-0.01401342,  0.        ,  0.00875415, ..., -0.7918549 ,
         -0.83344968, -0.8433077 ],
        [-0.02276617, -0.00875415,  0.        , ..., -0.78647831,
         -0.82858024, -0.83857063],
        ...,
        [ 0.80033527,  0.7918549 ,  0.78647831, ...,  0.        ,
          0.07142011,  0.08944844],
        [ 0.84111159,  0.83344968,  0.82858024, ..., -0.07142011,
          0.        ,  0.01808619],
        [ 0.85075614,  0.8433077 ,  0.83857063, ..., -0.08944844,
         -0.01808619,  0.        ]],

       [[ 0.        ,  0.50291948,  0.62156261, ...,  0.99773825,
          0.99429853,  0.98162706],
        [-0.50291948,  0.        ,  0.14326798, ...,  0.89618406,
          0.9130327 ,  0.94441481],
        [-0.62156261, -0.14326798,  0.        , ...,  0.82337348,
          0.84517674,  0.88757192],
        ...,
        [-0.99773825, -0.89618406, -0.82337348, ...,  0.        ,
          0.03955534,  0.12439418],
        [-0.99429853, -0.9130327 , -0.84517674, ..., -0.03955534,
          0.        ,  0.08504871],
        [-0.98162706, -0.94441481, -0.88757192, ..., -0.12439418,
         -0.08504871,  0.        ]]]), 'num': array([ 7.68245940e-01,  6.40153654e-01,  3.03177008e-05, -2.13178677e-11,
        3.79420278e-05,  3.83012423e-05,  3.77624206e-05,  1.20933142e-03,
       -1.34705424e-07,  3.80228510e-05,  3.77826264e-05,  3.91042363e-05,
        3.93425366e-07,  3.89602100e-05,  3.66050427e-05])}
{'img': array([[[ 0.        , -0.05758192,  0.23621389, ..., -0.39052111,
         -0.41324841, -0.44793513],
        [ 0.05758192,  0.        ,  0.29177438, ..., -0.33686358,
         -0.36012758, -0.39570987],
        [-0.23621389, -0.29177438,  0.        , ..., -0.59692687,
         -0.61665462, -0.64644988],
        ...,
        [ 0.39052111,  0.33686358,  0.59692687, ...,  0.        ,
         -0.02481831, -0.06321471],
        [ 0.41324841,  0.36012758,  0.61665462, ...,  0.02481831,
          0.        , -0.03842657],
        [ 0.44793513,  0.39570987,  0.64644988, ...,  0.06321471,
          0.03842657,  0.        ]],

       [[ 0.        , -0.12597391, -0.04323877, ..., -0.16483688,
         -0.23554291, -0.15528477],
        [ 0.12597391,  0.        ,  0.08296179, ..., -0.03927302,
         -0.11123697, -0.02960189],
        [ 0.04323877, -0.08296179,  0.        , ..., -0.12203542,
         -0.19330042, -0.11242528],
        ...,
        [ 0.16483688,  0.03927302,  0.12203542, ...,  0.        ,
         -0.07212186,  0.00967676],
        [ 0.23554291,  0.11123697,  0.19330042, ...,  0.07212186,
          0.        ,  0.08177004],
        [ 0.15528477,  0.02960189,  0.11242528, ..., -0.00967676,
         -0.08177004,  0.        ]],

       [[ 0.        ,  0.00692532,  0.15088251, ..., -0.40674721,
         -0.34722242, -0.30610862],
        [-0.00692532,  0.        ,  0.14403286, ..., -0.41306401,
         -0.35370854, -0.31269416],
        [-0.15088251, -0.14403286,  0.        , ..., -0.53992796,
         -0.48474234, -0.44624383],
        ...,
        [ 0.40674721,  0.41306401,  0.53992796, ...,  0.        ,
          0.0642387 ,  0.10757926],
        [ 0.34722242,  0.35370854,  0.48474234, ..., -0.0642387 ,
          0.        ,  0.04349116],
        [ 0.30610862,  0.31269416,  0.44624383, ..., -0.10757926,
         -0.04349116,  0.        ]],

       ...,

       [[ 0.        , -0.08585332, -0.24778179, ..., -0.12749368,
         -0.27511171, -0.19816555],
        [ 0.08585332,  0.        , -0.16369087, ..., -0.04187024,
         -0.1915555 , -0.11328315],
        [ 0.24778179,  0.16369087,  0.        , ...,  0.12224184,
         -0.02831213,  0.050882  ],
        ...,
        [ 0.12749368,  0.04187024, -0.12224184, ...,  0.        ,
         -0.15029264, -0.0715831 ],
        [ 0.27511171,  0.1915555 ,  0.02831213, ...,  0.15029264,
          0.        ,  0.07913706],
        [ 0.19816555,  0.11328315, -0.050882  , ...,  0.0715831 ,
         -0.07913706,  0.        ]],

       [[ 0.        ,  0.00875415, -0.04417018, ..., -0.83344968,
         -0.8433077 , -0.83808956],
        [-0.00875415,  0.        , -0.0529141 , ..., -0.82858024,
         -0.83857063, -0.83328177],
        [ 0.04417018,  0.0529141 ,  0.        , ..., -0.85704449,
         -0.86622308, -0.86136788],
        ...,
        [ 0.83344968,  0.82858024,  0.85704449, ...,  0.        ,
          0.01808619,  0.00845038],
        [ 0.8433077 ,  0.83857063,  0.86622308, ..., -0.01808619,
          0.        , -0.00963655],
        [ 0.83808956,  0.83328177,  0.86136788, ..., -0.00845038,
          0.00963655,  0.        ]],

       [[ 0.        ,  0.21644287,  0.83433968, ...,  0.97364101,
          0.99004948,  0.98985913],
        [-0.21644287,  0.        ,  0.69524761, ...,  0.90119355,
          0.93612287,  0.93564855],
        [-0.83433968, -0.69524761,  0.        , ...,  0.34641912,
          0.42835743,  0.42714048],
        ...,
        [-0.97364101, -0.90119355, -0.34641912, ...,  0.        ,
          0.08880591,  0.0874648 ],
        [-0.99004948, -0.93612287, -0.42835743, ..., -0.08880591,
          0.        , -0.00134634],
        [-0.98985913, -0.93564855, -0.42714048, ..., -0.0874648 ,
          0.00134634,  0.        ]]]), 'num': array([ 7.42533075e-01,  6.69808415e-01,  1.72333317e-05, -6.32076123e-10,
        3.66371082e-05,  3.68541527e-05,  3.63332459e-05,  1.14363341e-03,
       -4.34088960e-08,  3.67933802e-05,  3.65437791e-05,  3.77722508e-05,
        4.87026638e-07,  3.76778318e-05,  3.54097263e-05])}
{'img': array([[[ 0.        ,  0.29177438,  0.17763344, ..., -0.36012758,
         -0.39570987, -0.40776866],
        [-0.29177438,  0.        , -0.1172301 , ..., -0.61665462,
         -0.64644988, -0.65644038],
        [-0.17763344,  0.1172301 ,  0.        , ..., -0.52011515,
         -0.552551  , -0.56347829],
        ...,
        [ 0.36012758,  0.61665462,  0.52011515, ...,  0.        ,
         -0.03842657, -0.05158144],
        [ 0.39570987,  0.64644988,  0.552551  , ...,  0.03842657,
          0.        , -0.01316793],
        [ 0.40776866,  0.65644038,  0.56347829, ...,  0.05158144,
          0.01316793,  0.        ]],

       [[ 0.        ,  0.08296179,  0.00653529, ..., -0.11123697,
         -0.02960189, -0.03263074],
        [-0.08296179,  0.        , -0.07644726, ..., -0.19330042,
         -0.11242528, -0.11543587],
        [-0.00653529,  0.07644726,  0.        , ..., -0.11772932,
         -0.03613368, -0.03916186],
        ...,
        [ 0.11123697,  0.19330042,  0.11772932, ...,  0.        ,
          0.08177004,  0.0787495 ],
        [ 0.02960189,  0.11242528,  0.03613368, ..., -0.08177004,
          0.        , -0.00303032],
        [ 0.03263074,  0.11543587,  0.03916186, ..., -0.0787495 ,
          0.00303032,  0.        ]],

       [[ 0.        ,  0.14403286,  0.37546166, ..., -0.35370854,
         -0.31269416, -0.29657421],
        [-0.14403286,  0.        ,  0.23805157, ..., -0.48474234,
         -0.44624383, -0.4310346 ],
        [-0.37546166, -0.23805157,  0.        , ..., -0.67902069,
         -0.64645051, -0.63344579],
        ...,
        [ 0.35370854,  0.48474234,  0.67902069, ...,  0.        ,
          0.04349116,  0.06039275],
        [ 0.31269416,  0.44624383,  0.64645051, ..., -0.04349116,
          0.        ,  0.01692383],
        [ 0.29657421,  0.4310346 ,  0.63344579, ..., -0.06039275,
         -0.01692383,  0.        ]],

       ...,

       [[ 0.        , -0.16369087, -0.19656899, ..., -0.1915555 ,
         -0.11328315,  0.38267767],
        [ 0.16369087,  0.        , -0.03342035, ..., -0.02831213,
          0.050882  ,  0.52874703],
        [ 0.19656899,  0.03342035,  0.        , ...,  0.00511064,
          0.08423063,  0.55681817],
        ...,
        [ 0.1915555 ,  0.02831213, -0.00511064, ...,  0.        ,
          0.07913706,  0.55256583],
        [ 0.11328315, -0.050882  , -0.08423063, ..., -0.07913706,
          0.        ,  0.48487453],
        [-0.38267767, -0.52874703, -0.55681817, ..., -0.55256583,
         -0.48487453,  0.        ]],

       [[ 0.        , -0.0529141 , -0.07676975, ..., -0.83857063,
         -0.83328177, -0.84249362],
        [ 0.0529141 ,  0.        , -0.02390425, ..., -0.86622308,
         -0.86136788, -0.86981851],
        [ 0.07676975,  0.02390425,  0.        , ..., -0.8779195 ,
         -0.87326467, -0.88136364],
        ...,
        [ 0.83857063,  0.86622308,  0.8779195 , ...,  0.        ,
         -0.00963655,  0.00724123],
        [ 0.83328177,  0.86136788,  0.87326467, ...,  0.00963655,
          0.        ,  0.01687719],
        [ 0.84249362,  0.86981851,  0.88136364, ..., -0.00724123,
         -0.01687719,  0.        ]],

       [[ 0.        ,  0.69524761,  0.89893029, ...,  0.93612287,
          0.93564855,  0.94301053],
        [-0.69524761,  0.        ,  0.3415422 , ...,  0.42835743,
          0.42714048,  0.44645537],
        [-0.89893029, -0.3415422 ,  0.        , ...,  0.09397804,
          0.09263757,  0.11399444],
        ...,
        [-0.93612287, -0.42835743, -0.09397804, ...,  0.        ,
         -0.00134634,  0.0201245 ],
        [-0.93564855, -0.42714048, -0.09263757, ...,  0.00134634,
          0.        ,  0.02147055],
        [-0.94301053, -0.44645537, -0.11399444, ..., -0.0201245 ,
         -0.02147055,  0.        ]]]), 'num': array([ 9.99998940e-01,  3.18182753e-05,  2.36959034e-04, -1.13656018e-09,
        4.93469760e-05,  4.98731879e-05,  4.92300401e-05,  1.42912117e-03,
        0.00000000e+00,  4.94756056e-05,  4.92095763e-05,  5.08388840e-05,
        6.43147792e-07,  5.07294177e-05,  4.76897349e-05])}
{'img': array([[[ 0.        , -0.1172301 , -0.28248418, ..., -0.64644988,
         -0.65644038, -0.65644038],
        [ 0.1172301 ,  0.        , -0.16808084, ..., -0.552551  ,
         -0.56347829, -0.56347829],
        [ 0.28248418,  0.16808084,  0.        , ..., -0.40459811,
         -0.41660503, -0.41660503],
        ...,
        [ 0.64644988,  0.552551  ,  0.40459811, ...,  0.        ,
         -0.01316793, -0.01316793],
        [ 0.65644038,  0.56347829,  0.41660503, ...,  0.01316793,
          0.        ,  0.        ],
        [ 0.65644038,  0.56347829,  0.41660503, ...,  0.01316793,
          0.        ,  0.        ]],

       [[ 0.        , -0.07644726,  0.00452415, ..., -0.11242528,
         -0.11543587, -0.12579172],
        [ 0.07644726,  0.        ,  0.08095738, ..., -0.03613368,
         -0.03916186, -0.0495836 ],
        [-0.00452415, -0.08095738,  0.        , ..., -0.11691959,
         -0.11992859, -0.13027865],
        ...,
        [ 0.11242528,  0.03613368,  0.11691959, ...,  0.        ,
         -0.00303032, -0.01346198],
        [ 0.11543587,  0.03916186,  0.11992859, ...,  0.00303032,
          0.        , -0.01043187],
        [ 0.12579172,  0.0495836 ,  0.13027865, ...,  0.01346198,
          0.01043187,  0.        ]],

       [[ 0.        ,  0.23805157,  0.33492303, ..., -0.44624383,
         -0.4310346 , -0.45772008],
        [-0.23805157,  0.        ,  0.10099182, ..., -0.64645051,
         -0.63344579, -0.65621256],
        [-0.33492303, -0.10099182,  0.        , ..., -0.72019768,
         -0.70835331, -0.72906353],
        ...,
        [ 0.44624383,  0.64645051,  0.72019768, ...,  0.        ,
          0.01692383, -0.01286516],
        [ 0.4310346 ,  0.63344579,  0.70835331, ..., -0.01692383,
          0.        , -0.02978574],
        [ 0.45772008,  0.65621256,  0.72906353, ...,  0.01286516,
          0.02978574,  0.        ]],

       ...,

       [[ 0.        , -0.03342035,  0.        , ...,  0.050882  ,
          0.52874703,  0.48690974],
        [ 0.03342035,  0.        ,  0.03342035, ...,  0.08423063,
          0.55681817,  0.51582882],
        [ 0.        , -0.03342035,  0.        , ...,  0.050882  ,
          0.52874703,  0.48690974],
        ...,
        [-0.050882  , -0.08423063, -0.050882  , ...,  0.        ,
          0.48487453,  0.44183603],
        [-0.52874703, -0.55681817, -0.52874703, ..., -0.48487453,
          0.        , -0.04855632],
        [-0.48690974, -0.51582882, -0.48690974, ..., -0.44183603,
          0.04855632,  0.        ]],

       [[ 0.        , -0.02390425, -0.0720467 , ..., -0.86136788,
         -0.86981851, -0.86043683],
        [ 0.02390425,  0.        , -0.04818398, ..., -0.87326467,
         -0.88136364, -0.87237154],
        [ 0.0720467 ,  0.04818398,  0.        , ..., -0.89572782,
         -0.90310389, -0.89491268],
        ...,
        [ 0.86136788,  0.87326467,  0.89572782, ...,  0.        ,
          0.01687719, -0.00183002],
        [ 0.86981851,  0.88136364,  0.90310389, ..., -0.01687719,
          0.        , -0.01870693],
        [ 0.86043683,  0.87237154,  0.89491268, ...,  0.00183002,
          0.01870693,  0.        ]],

       [[ 0.        ,  0.3415422 ,  0.62063141, ...,  0.42714048,
          0.44645537,  0.44378208],
        [-0.3415422 ,  0.        ,  0.31550656, ...,  0.09263757,
          0.11399444,  0.11102805],
        [-0.62063141, -0.31550656,  0.        , ..., -0.22624389,
         -0.2052779 , -0.20819875],
        ...,
        [-0.42714048, -0.09263757,  0.22624389, ...,  0.        ,
          0.02147055,  0.0184858 ],
        [-0.44645537, -0.11399444,  0.2052779 , ..., -0.02147055,
          0.        , -0.00298534],
        [-0.44378208, -0.11102805,  0.20819875, ..., -0.0184858 ,
          0.00298534,  0.        ]]]), 'num': array([ 9.00578630e-01,  4.34691897e-01,  1.10138712e-04, -1.85825831e-09,
        4.45270719e-05,  4.47902343e-05,  4.43165420e-05,  1.02869115e-03,
        1.05264945e-07,  4.44954924e-05,  4.42665412e-05,  4.57051621e-05,
        6.05273436e-07,  4.55819213e-05,  4.29511610e-05])}
{'img': array([[[ 0.        , -0.16808084, -0.26474342, ..., -0.56347829,
         -0.56347829, -0.54168296],
        [ 0.16808084,  0.        , -0.09889344, ..., -0.41660503,
         -0.41660503, -0.39269067],
        [ 0.26474342,  0.09889344,  0.        , ..., -0.32466004,
         -0.32466004, -0.29981632],
        ...,
        [ 0.56347829,  0.41660503,  0.32466004, ...,  0.        ,
          0.        ,  0.02614918],
        [ 0.56347829,  0.41660503,  0.32466004, ...,  0.        ,
          0.        ,  0.02614918],
        [ 0.54168296,  0.39269067,  0.29981632, ..., -0.02614918,
         -0.02614918,  0.        ]],

       [[ 0.        ,  0.08095738, -0.008655  , ..., -0.03916186,
         -0.0495836 , -0.08329181],
        [-0.08095738,  0.        , -0.08958095, ..., -0.11992859,
         -0.13027865, -0.16369449],
        [ 0.008655  ,  0.08958095,  0.        , ..., -0.03051203,
         -0.04093738, -0.07466377],
        ...,
        [ 0.03916186,  0.11992859,  0.03051203, ...,  0.        ,
         -0.01043187, -0.04420214],
        [ 0.0495836 ,  0.13027865,  0.04093738, ...,  0.01043187,
          0.        , -0.03377806],
        [ 0.08329181,  0.16369449,  0.07466377, ...,  0.04420214,
          0.03377806,  0.        ]],

       [[ 0.        ,  0.10099182,  0.05369418, ..., -0.63344579,
         -0.65621256, -0.66924048],
        [-0.10099182,  0.        , -0.04742648, ..., -0.70835331,
         -0.72906353, -0.74086038],
        [-0.05369418,  0.04742648,  0.        , ..., -0.67407986,
         -0.69578227, -0.70817229],
        ...,
        [ 0.63344579,  0.70835331,  0.67407986, ...,  0.        ,
         -0.02978574, -0.04717034],
        [ 0.65621256,  0.72906353,  0.69578227, ...,  0.02978574,
          0.        , -0.01739683],
        [ 0.66924048,  0.74086038,  0.70817229, ...,  0.04717034,
          0.01739683,  0.        ]],

       ...,

       [[ 0.        ,  0.03342035,  0.01894899, ...,  0.55681817,
          0.51582882,  0.60876051],
        [-0.03342035,  0.        , -0.01447594, ...,  0.52874703,
          0.48690974,  0.58190627],
        [-0.01894899,  0.01447594,  0.        , ...,  0.54097851,
          0.49950276,  0.59361794],
        ...,
        [-0.55681817, -0.52874703, -0.54097851, ...,  0.        ,
         -0.04855632,  0.06390348],
        [-0.51582882, -0.48690974, -0.49950276, ...,  0.04855632,
          0.        ,  0.11228517],
        [-0.60876051, -0.58190627, -0.59361794, ..., -0.06390348,
         -0.11228517,  0.        ]],

       [[ 0.        , -0.04818398, -0.09265271, ..., -0.88136364,
         -0.87237154, -0.80587885],
        [ 0.04818398,  0.        , -0.04456837, ..., -0.90310389,
         -0.89491268, -0.8334716 ],
        [ 0.09265271,  0.04456837,  0.        , ..., -0.92134515,
         -0.91391169, -0.85727021],
        ...,
        [ 0.88136364,  0.90310389,  0.92134515, ...,  0.        ,
         -0.01870693, -0.14111001],
        [ 0.87237154,  0.89491268,  0.91391169, ...,  0.01870693,
          0.        , -0.12256557],
        [ 0.80587885,  0.8334716 ,  0.85727021, ...,  0.14111001,
          0.12256557,  0.        ]],

       [[ 0.        ,  0.31550656,  0.5679998 , ...,  0.11399444,
          0.11102805,  0.12821247],
        [-0.31550656,  0.        ,  0.27931735, ..., -0.2052779 ,
         -0.20819875, -0.19123879],
        [-0.5679998 , -0.27931735,  0.        , ..., -0.47047653,
         -0.47310874, -0.4577894 ],
        ...,
        [-0.11399444,  0.2052779 ,  0.47047653, ...,  0.        ,
         -0.00298534,  0.01432308],
        [-0.11102805,  0.20819875,  0.47310874, ...,  0.00298534,
          0.        ,  0.01730806],
        [-0.12821247,  0.19123879,  0.4577894 , ..., -0.01432308,
         -0.01730806,  0.        ]]]), 'num': array([ 7.07106409e-01,  7.07106409e-01,  0.00000000e+00, -1.15146522e-09,
        3.47428349e-05,  3.49909980e-05,  3.45360323e-05,  1.02119118e-03,
       -2.48163106e-07,  3.49000048e-05,  3.47449029e-05,  3.58747344e-05,
        5.67935467e-07,  3.57140020e-05,  3.37758038e-05])}
{'img': array([[[ 0.        , -0.09889344, -0.21313896, ..., -0.41660503,
         -0.39269067, -0.46572158],
        [ 0.09889344,  0.        , -0.11547311, ..., -0.32466004,
         -0.29981632, -0.37592473],
        [ 0.21313896,  0.11547311,  0.        , ..., -0.21327025,
         -0.18764974, -0.26640685],
        ...,
        [ 0.41660503,  0.32466004,  0.21327025, ...,  0.        ,
          0.02614918, -0.05471489],
        [ 0.39269067,  0.29981632,  0.18764974, ..., -0.02614918,
          0.        , -0.08080619],
        [ 0.46572158,  0.37592473,  0.26640685, ...,  0.05471489,
          0.08080619,  0.        ]],

       [[ 0.        , -0.08958095, -0.1234256 , ..., -0.13027865,
         -0.16369449, -0.12887619],
        [ 0.08958095,  0.        , -0.03403338, ..., -0.04093738,
         -0.07466377, -0.03952415],
        [ 0.1234256 ,  0.03403338,  0.        , ..., -0.00690882,
         -0.04068213, -0.00549446],
        ...,
        [ 0.13027865,  0.04093738,  0.00690882, ...,  0.        ,
         -0.03377806,  0.00141438],
        [ 0.16369449,  0.07466377,  0.04068213, ...,  0.03377806,
          0.        ,  0.0351916 ],
        [ 0.12887619,  0.03952415,  0.00549446, ..., -0.00141438,
         -0.0351916 ,  0.        ]],

       [[ 0.        , -0.04742648, -0.11042417, ..., -0.72906353,
         -0.74086038, -0.76436545],
        [ 0.04742648,  0.        , -0.06316347, ..., -0.69578227,
         -0.70817229, -0.73292554],
        [ 0.11042417,  0.06316347,  0.        , ..., -0.64902559,
         -0.6621623 , -0.68849136],
        ...,
        [ 0.72906353,  0.69578227,  0.64902559, ...,  0.        ,
         -0.01739683, -0.05307894],
        [ 0.74086038,  0.70817229,  0.6621623 , ...,  0.01739683,
          0.        , -0.03569861],
        [ 0.76436545,  0.73292554,  0.68849136, ...,  0.05307894,
          0.03569861,  0.        ]],

       ...,

       [[ 0.        , -0.01447594, -0.09207477, ...,  0.48690974,
          0.58190627,  0.97996189],
        [ 0.01447594,  0.        , -0.07765068, ...,  0.49950276,
          0.59361794,  0.9827426 ],
        [ 0.09207477,  0.07765068,  0.        , ...,  0.56526431,
          0.65431474,  0.99413903],
        ...,
        [-0.48690974, -0.49950276, -0.56526431, ...,  0.        ,
          0.11228517,  0.75896482],
        [-0.58190627, -0.59361794, -0.65431474, ..., -0.11228517,
          0.        ,  0.68105272],
        [-0.97996189, -0.9827426 , -0.99413903, ..., -0.75896482,
         -0.68105272,  0.        ]],

       [[ 0.        , -0.04417784, -0.04217323, ..., -0.93059496,
         -0.89991674, -0.74740684],
        [ 0.04417784,  0.        ,  0.00200648, ..., -0.94585773,
         -0.9183024 , -0.77602742],
        [ 0.04217323, -0.00200648,  0.        , ..., -0.94520456,
         -0.91750623, -0.77476037],
        ...,
        [ 0.93059496,  0.94585773,  0.94520456, ...,  0.        ,
         -0.07638184, -0.34466753],
        [ 0.89991674,  0.9183024 ,  0.91750623, ...,  0.07638184,
          0.        , -0.2719591 ],
        [ 0.74740684,  0.77602742,  0.77476037, ...,  0.34466753,
          0.2719591 ,  0.        ]],

       [[ 0.        ,  0.27931735,  0.10139813, ..., -0.20819875,
         -0.19123879, -0.16740791],
        [-0.27931735,  0.        , -0.18051536, ..., -0.47310874,
         -0.4577894 , -0.43612043],
        [-0.10139813,  0.18051536,  0.        , ..., -0.30630182,
         -0.28977981, -0.26651225],
        ...,
        [ 0.20819875,  0.47310874,  0.30630182, ...,  0.        ,
          0.01730806,  0.04152116],
        [ 0.19123879,  0.4577894 ,  0.28977981, ..., -0.01730806,
          0.        ,  0.02422181],
        [ 0.16740791,  0.43612043,  0.26651225, ..., -0.04152116,
         -0.02422181,  0.        ]]]), 'num': array([ 8.08495772e-01,  5.88501273e-01,  5.23173624e-05, -1.35263567e-09,
        3.97604389e-05,  3.99022717e-05,  3.94294959e-05,  9.07124250e-04,
        4.72775731e-08,  3.98549941e-05,  3.96564283e-05,  4.09738967e-05,
        5.84522722e-07,  4.06116693e-05,  3.87011873e-05])}
{'img': array([[[ 0.        , -0.11547311, -0.13733766, ..., -0.29981632,
         -0.37592473, -0.36289568],
        [ 0.11547311,  0.        , -0.02204004, ..., -0.18764974,
         -0.26640685, -0.25286685],
        [ 0.13733766,  0.02204004,  0.        , ..., -0.16595564,
         -0.24509861, -0.23148166],
        ...,
        [ 0.29981632,  0.18764974,  0.16595564, ...,  0.        ,
         -0.08080619, -0.06682359],
        [ 0.37592473,  0.26640685,  0.24509861, ...,  0.08080619,
          0.        ,  0.01402051],
        [ 0.36289568,  0.25286685,  0.23148166, ...,  0.06682359,
         -0.01402051,  0.        ]],

       [[ 0.        , -0.03403338, -0.04955858, ..., -0.07466377,
         -0.03952415, -0.07780029],
        [ 0.03403338,  0.        , -0.01553831, ..., -0.04068213,
         -0.00549446, -0.04382499],
        [ 0.04955858,  0.01553831,  0.        , ..., -0.02515177,
          0.01004427, -0.02829633],
        ...,
        [ 0.07466377,  0.04068213,  0.02515177, ...,  0.        ,
          0.0351916 , -0.00314567],
        [ 0.03952415,  0.00549446, -0.01004427, ..., -0.0351916 ,
          0.        , -0.03833515],
        [ 0.07780029,  0.04382499,  0.02829633, ...,  0.00314567,
          0.03833515,  0.        ]],

       [[ 0.        , -0.06316347, -0.23328979, ..., -0.70817229,
         -0.73292554, -0.74528777],
        [ 0.06316347,  0.        , -0.17140335, ..., -0.6621623 ,
         -0.68849136, -0.70168578],
        [ 0.23328979,  0.17140335,  0.        , ..., -0.52392003,
         -0.55399299, -0.56917891],
        ...,
        [ 0.70817229,  0.6621623 ,  0.52392003, ...,  0.        ,
         -0.03569861, -0.05403385],
        [ 0.73292554,  0.68849136,  0.55399299, ...,  0.03569861,
          0.        , -0.01835296],
        [ 0.74528777,  0.70168578,  0.56917891, ...,  0.05403385,
          0.01835296,  0.        ]],

       ...,

       [[ 0.        , -0.07765068, -0.30800203, ...,  0.59361794,
          0.9827426 ,  0.752606  ],
        [ 0.07765068,  0.        , -0.23319631, ...,  0.65431474,
          0.99413903,  0.80146433],
        [ 0.30800203,  0.23319631,  0.        , ...,  0.81262333,
          0.99194095,  0.91882902],
        ...,
        [-0.59361794, -0.65431474, -0.81262333, ...,  0.        ,
          0.68105272,  0.21477715],
        [-0.9827426 , -0.99413903, -0.99194095, ..., -0.68105272,
          0.        , -0.50789184],
        [-0.752606  , -0.80146433, -0.91882902, ..., -0.21477715,
          0.50789184,  0.        ]],

       [[ 0.        ,  0.00196717, -0.01019925, ..., -0.96986587,
         -0.9431908 , -0.76630839],
        [-0.00196717,  0.        , -0.01216629, ..., -0.96938472,
         -0.94253539, -0.76504306],
        [ 0.01019925,  0.01216629,  0.        , ..., -0.97230037,
         -0.94653046, -0.77282128],
        ...,
        [ 0.96986587,  0.96938472,  0.97230037, ...,  0.        ,
         -0.09244096, -0.43640959],
        [ 0.9431908 ,  0.94253539,  0.94653046, ...,  0.09244096,
          0.        , -0.35136738],
        [ 0.76630839,  0.76504306,  0.77282128, ...,  0.43640959,
          0.35136738,  0.        ]],

       [[ 0.        , -0.18051536, -0.35838862, ..., -0.4577894 ,
         -0.43612043, -0.35686043],
        [ 0.18051536,  0.        , -0.1839769 , ..., -0.28977981,
         -0.26651225, -0.18236817],
        [ 0.35838862,  0.1839769 ,  0.        , ..., -0.10875036,
         -0.0846403 ,  0.00163642],
        ...,
        [ 0.4577894 ,  0.28977981,  0.10875036, ...,  0.        ,
          0.02422181,  0.11037693],
        [ 0.43612043,  0.26651225,  0.0846403 , ..., -0.02422181,
          0.        ,  0.08627073],
        [ 0.35686043,  0.18236817, -0.00163642, ..., -0.11037693,
         -0.08627073,  0.        ]]]), 'num': array([ 8.05464249e-01,  5.92641939e-01,  5.15932896e-05, -1.05488550e-09,
        3.90571333e-05,  3.97672630e-05,  3.90097914e-05,  1.69115020e-03,
       -7.57471677e-07,  3.97293895e-05,  3.96323384e-05,  4.09918423e-05,
        5.10992798e-07,  4.05327201e-05,  3.87319567e-05])}
{'img': array([[[ 0.        , -0.02204004, -0.15025995, ..., -0.26640685,
         -0.25286685, -0.5007912 ],
        [ 0.02204004,  0.        , -0.12843364, ..., -0.24509861,
         -0.23148166, -0.4815924 ],
        [ 0.15025995,  0.12843364,  0.        , ..., -0.11855254,
         -0.10461926, -0.36504525],
        ...,
        [ 0.26640685,  0.24509861,  0.11855254, ...,  0.        ,
          0.01402051, -0.25209967],
        [ 0.25286685,  0.23148166,  0.10461926, ..., -0.01402051,
          0.        , -0.26564255],
        [ 0.5007912 ,  0.4815924 ,  0.36504525, ...,  0.25209967,
          0.26564255,  0.        ]],

       [[ 0.        , -0.01553831,  0.06202735, ..., -0.00549446,
         -0.04382499,  0.04496427],
        [ 0.01553831,  0.        ,  0.07752825, ...,  0.01004427,
         -0.02829633,  0.06048143],
        [-0.06202735, -0.07752825,  0.        , ..., -0.0675103 ,
         -0.10570836, -0.01708693],
        ...,
        [ 0.00549446, -0.01004427,  0.0675103 , ...,  0.        ,
         -0.03833515,  0.0504525 ],
        [ 0.04382499,  0.02829633,  0.10570836, ...,  0.03833515,
          0.        ,  0.08870174],
        [-0.04496427, -0.06048143,  0.01708693, ..., -0.0504525 ,
         -0.08870174,  0.        ]],

       [[ 0.        , -0.17140335, -0.33772665, ..., -0.68849136,
         -0.70168578, -0.76467835],
        [ 0.17140335,  0.        , -0.1713962 , ..., -0.55399299,
         -0.56917891, -0.64290743],
        [ 0.33772665,  0.1713962 ,  0.        , ..., -0.40310412,
         -0.41983201, -0.50211394],
        ...,
        [ 0.68849136,  0.55399299,  0.40310412, ...,  0.        ,
         -0.01835296, -0.1109066 ],
        [ 0.70168578,  0.56917891,  0.41983201, ...,  0.01835296,
          0.        , -0.09264819],
        [ 0.76467835,  0.64290743,  0.50211394, ...,  0.1109066 ,
          0.09264819,  0.        ]],

       ...,

       [[ 0.        , -0.23319631,  0.09241474, ...,  0.99413903,
          0.80146433,  0.5278524 ],
        [ 0.23319631,  0.        ,  0.3220652 , ...,  0.99194095,
          0.91882902,  0.71136138],
        [-0.09241474, -0.3220652 ,  0.        , ...,  0.97989383,
          0.7427666 ,  0.44710233],
        ...,
        [-0.99413903, -0.99194095, -0.97989383, ...,  0.        ,
         -0.50789184, -0.78729251],
        [-0.80146433, -0.91882902, -0.7427666 , ...,  0.50789184,
          0.        , -0.36503439],
        [-0.5278524 , -0.71136138, -0.44710233, ...,  0.78729251,
          0.36503439,  0.        ]],

       [[ 0.        , -0.01201907, -0.18623059, ..., -0.96813993,
         -0.91039781, -0.7590523 ],
        [ 0.01201907,  0.        , -0.17440833, ..., -0.9710797 ,
         -0.91530475, -0.76682225],
        [ 0.18623059,  0.17440833,  0.        , ..., -0.99783732,
         -0.9715213 , -0.86701512],
        ...,
        [ 0.96813993,  0.9710797 ,  0.99783732, ...,  0.        ,
         -0.17257987, -0.44021366],
        [ 0.91039781,  0.91530475,  0.9715213 , ...,  0.17257987,
          0.        , -0.27865022],
        [ 0.7590523 ,  0.76682225,  0.86701512, ...,  0.44021366,
          0.27865022,  0.        ]],

       [[ 0.        , -0.1839769 , -0.24470029, ..., -0.26651225,
         -0.18236817, -0.20244021],
        [ 0.1839769 ,  0.        , -0.06213961, ..., -0.0846403 ,
          0.00163642, -0.01881708],
        [ 0.24470029,  0.06213961,  0.        , ..., -0.0225601 ,
          0.06377278,  0.0433479 ],
        ...,
        [ 0.26651225,  0.0846403 ,  0.0225601 , ...,  0.        ,
          0.08627073,  0.06587575],
        [ 0.18236817, -0.00163642, -0.06377278, ..., -0.08627073,
          0.        , -0.02045318],
        [ 0.20244021,  0.01881708, -0.0433479 , ..., -0.06587575,
