state_0,state_1,state_2,state_3,state_4,state_5,state_6,state_7,state_8,state_9,state_10,state_11,state_12,state_13,state_14,state_15,state_16,state_17,state_18,state_19,state_20,state_21,state_22,state_23,state_24,state_25,state_26,state_27,state_28,state_29,state_30,state_31,state_32,state_33,state_34,state_35,state_36,state_37,state_38,state_39,state_40,state_41,state_42,state_43,state_44,state_45,state_46,state_47,state_48,state_49,state_50,state_51,state_52,state_53,state_54,state_55,state_56,state_57,state_58,state_59,state_60,state_61,state_62,state_63,state_64,state_65,state_66,state_67,state_68,state_69,state_70,state_71,state_72,state_73,state_74,state_75,state_76,state_77,state_78,state_79,state_80,state_81,state_82,state_83,state_84,state_85,state_86,state_87,state_88,state_89,state_90,state_91,state_92,state_93,state_94,state_95,state_96,state_97,state_98,state_99,state_100,state_101,state_102,state_103,state_104,state_105,state_106,state_107,state_108,state_109,state_110,state_111,state_112,state_113,state_114,state_115,state_116,state_117,state_118,state_119,state_120,state_121,state_122,state_123,state_124,state_125,state_126,state_127,state_128,state_129,state_130,state_131,state_132,state_133,state_134,state_135,state_136,state_137,state_138,state_139,state_140,state_141,state_142,state_143,state_144,state_145,state_146,state_147,state_148,state_149,state_150,state_151,state_152,state_153,state_154,state_155,state_156,state_157,state_158,state_159,state_160,state_161,state_162,state_163,state_164,state_165,state_166,state_167,state_168,state_169,state_170,state_171,state_172,state_173,state_174,state_175,state_176,state_177,state_178,state_179,state_180,state_181,state_182,state_183,state_184,state_185,state_186,state_187,state_188,state_189,state_190,state_191,state_192,state_193,state_194,state_195,state_196,state_197,state_198,state_199,state_200,state_201,state_202,state_203,state_204,state_205,state_206,state_207,state_208,state_209,state_210,state_211,state_212,state_213,state_214,state_215,state_216,state_217,state_218,state_219,state_220,state_221,state_222,state_223,state_224,state_225,state_226,state_227,state_228,state_229,state_230,state_231,state_232,state_233,state_234,state_235,state_236,state_237,state_238,state_239,state_240,state_241,state_242,state_243,state_244,state_245,state_246,state_247,state_248,state_249,state_250,state_251,state_252,state_253,state_254,state_255,state_256,state_257,state_258,state_259,state_260,state_261,state_262,state_263,state_264,state_265,state_266,state_267,state_268,state_269,state_270,state_271,state_272,state_273,state_274,state_275,state_276,state_277,state_278,state_279,state_280,state_281,state_282,state_283,state_284,state_285,state_286,state_287
{'img': array([[[ 0.        ,  0.31455702,  0.        , ..., -0.85228871,
         -0.96261809, -0.95391871],
        [-0.31455702,  0.        , -0.31455702, ..., -0.97356119,
         -0.99895588, -0.99988404],
        [ 0.        ,  0.31455702,  0.        , ..., -0.85228871,
         -0.96261809, -0.95391871],
        ...,
        [ 0.85228871,  0.97356119,  0.85228871, ...,  0.        ,
         -0.27266531, -0.24322571],
        [ 0.96261809,  0.99895588,  0.96261809, ...,  0.27266531,
          0.        ,  0.03046746],
        [ 0.95391871,  0.99988404,  0.95391871, ...,  0.24322571,
         -0.03046746,  0.        ]],

       [[ 0.        , -0.38278807,  0.46628688, ...,  0.6582582 ,
          0.89551081,  0.01248092],
        [ 0.38278807,  0.        ,  0.76939987, ...,  0.89628263,
          0.9976612 ,  0.39428858],
        [-0.46628688, -0.76939987,  0.        , ...,  0.23130017,
          0.58468272, -0.45520952],
        ...,
        [-0.6582582 , -0.89628263, -0.23130017, ...,  0.        ,
          0.3811825 , -0.64881139],
        [-0.89551081, -0.9976612 , -0.58468272, ..., -0.3811825 ,
          0.        , -0.88988655],
        [-0.01248092, -0.39428858,  0.45520952, ...,  0.64881139,
          0.88988655,  0.        ]],

       [[ 0.        ,  0.14441082, -0.14517066, ..., -0.87307467,
         -0.91881615, -0.95576071],
        [-0.14441082,  0.        , -0.28652997, ..., -0.93433571,
         -0.96618186, -0.98822002],
        [ 0.14517066,  0.28652997,  0.        , ..., -0.79304261,
         -0.851786  , -0.90293472],
        ...,
        [ 0.87307467,  0.93433571,  0.79304261, ...,  0.        ,
         -0.10341221, -0.20920523],
        [ 0.91881615,  0.96618186,  0.851786  , ...,  0.10341221,
          0.        , -0.10695972],
        [ 0.95576071,  0.98822002,  0.90293472, ...,  0.20920523,
          0.10695972,  0.        ]],

       ...,

       [[ 0.        ,  0.08737501, -0.09301207, ...,  0.17942353,
         -0.05064262,  0.00531734],
        [-0.08737501,  0.        , -0.17965258, ...,  0.09278024,
         -0.13771183, -0.08207677],
        [ 0.09301207,  0.17965258,  0.        , ...,  0.27014838,
          0.04246963,  0.09830504],
        ...,
        [-0.17942353, -0.09278024, -0.27014838, ...,  0.        ,
         -0.22901408, -0.17418994],
        [ 0.05064262,  0.13771183, -0.04246963, ...,  0.22901408,
          0.        ,  0.05595242],
        [-0.00531734,  0.08207677, -0.09830504, ...,  0.17418994,
         -0.05595242,  0.        ]],

       [[ 0.        ,  0.19436587,  0.41979284, ..., -0.95225115,
         -0.94211426, -0.92950501],
        [-0.19436587,  0.        ,  0.23537667, ..., -0.99343384,
         -0.98931662, -0.9834625 ],
        [-0.41979284, -0.23537667,  0.        , ..., -0.99245153,
         -0.99583488, -0.99846087],
        ...,
        [ 0.95225115,  0.99343384,  0.99245153, ...,  0.        ,
          0.03163982,  0.06740667],
        [ 0.94211426,  0.98931662,  0.99583488, ..., -0.03163982,
          0.        ,  0.03580507],
        [ 0.92950501,  0.9834625 ,  0.99846087, ..., -0.06740667,
         -0.03580507,  0.        ]],

       [[ 0.        , -0.00249315,  0.01703776, ..., -0.99175664,
         -0.999722  , -0.99566908],
        [ 0.00249315,  0.        ,  0.01953049, ..., -0.99207302,
         -0.99966011, -0.9954342 ],
        [-0.01703776, -0.01953049,  0.        , ..., -0.98942954,
         -0.9999786 , -0.99710853],
        ...,
        [ 0.99175664,  0.99207302,  0.98942954, ...,  0.        ,
          0.15148371,  0.21978254],
        [ 0.999722  ,  0.99966011,  0.9999786 , ..., -0.15148371,
          0.        ,  0.06946644],
        [ 0.99566908,  0.9954342 ,  0.99710853, ..., -0.21978254,
         -0.06946644,  0.        ]]]), 'num': array([7.06972729e-01, 7.06972729e-01, 0.00000000e+00, 0.00000000e+00,
       8.19445663e-04, 8.31050014e-04, 8.14089809e-04, 1.93345526e-02,
       1.16043504e-05, 8.23373290e-04, 7.94987263e-04, 8.24905659e-04,
       6.18898685e-07, 8.85436910e-04, 7.04537617e-04])}
{'img': array([[[ 0.        , -0.31455702, -0.45921555, ..., -0.99895588,
         -0.99988404, -0.99316119],
        [ 0.31455702,  0.        , -0.15647629, ..., -0.96261809,
         -0.95391871, -0.90602198],
        [ 0.45921555,  0.15647629,  0.        , ..., -0.90837675,
         -0.89521499, -0.82863579],
        ...,
        [ 0.99895588,  0.96261809,  0.90837675, ...,  0.        ,
          0.03046746,  0.16200221],
        [ 0.99988404,  0.95391871,  0.89521499, ..., -0.03046746,
          0.        ,  0.13186201],
        [ 0.99316119,  0.90602198,  0.82863579, ..., -0.16200221,
         -0.13186201,  0.        ]],

       [[ 0.        ,  0.76939987,  0.82351668, ...,  0.9976612 ,
          0.39428858,  0.37247797],
        [-0.76939987,  0.        ,  0.08956122, ...,  0.58468272,
         -0.45520952, -0.47610785],
        [-0.82351668, -0.08956122,  0.        , ...,  0.50967545,
         -0.53312408, -0.55295348],
        ...,
        [-0.9976612 , -0.58468272, -0.50967545, ...,  0.        ,
         -0.88988655, -0.90041055],
        [-0.39428858,  0.45520952,  0.53312408, ...,  0.88988655,
          0.        , -0.02361369],
        [-0.37247797,  0.47610785,  0.55295348, ...,  0.90041055,
          0.02361369,  0.        ]],

       [[ 0.        , -0.28652997, -0.4498944 , ..., -0.96618186,
         -0.98822002, -0.99665196],
        [ 0.28652997,  0.        , -0.17513621, ..., -0.851786  ,
         -0.90293472, -0.93143664],
        [ 0.4498944 ,  0.17513621,  0.        , ..., -0.74686889,
         -0.81370951, -0.85330787],
        ...,
        [ 0.96618186,  0.851786  ,  0.74686889, ...,  0.        ,
         -0.10695972, -0.1780023 ],
        [ 0.98822002,  0.90293472,  0.81370951, ...,  0.10695972,
          0.        , -0.07172959],
        [ 0.99665196,  0.93143664,  0.85330787, ...,  0.1780023 ,
          0.07172959,  0.        ]],

       ...,

       [[ 0.        , -0.17965258, -0.3113814 , ..., -0.13771183,
         -0.08207677, -0.12848051],
        [ 0.17965258,  0.        , -0.13559411, ...,  0.04246963,
          0.09830504,  0.05177348],
        [ 0.3113814 ,  0.13559411,  0.        , ...,  0.17754917,
          0.23233448,  0.18670758],
        ...,
        [ 0.13771183, -0.04246963, -0.17754917, ...,  0.        ,
          0.05595242,  0.00931409],
        [ 0.08207677, -0.09830504, -0.23233448, ..., -0.05595242,
          0.        , -0.0466505 ],
        [ 0.12848051, -0.05177348, -0.18670758, ..., -0.00931409,
          0.0466505 ,  0.        ]],

       [[ 0.        ,  0.23537667,  0.52233445, ..., -0.98931662,
         -0.9834625 , -0.96919919],
        [-0.23537667,  0.        ,  0.3069438 , ..., -0.99583488,
         -0.99846087, -0.99993692],
        [-0.52233445, -0.3069438 ,  0.        , ..., -0.91977795,
         -0.93323949, -0.95511517],
        ...,
        [ 0.98931662,  0.99583488,  0.91977795, ...,  0.        ,
          0.03580507,  0.10235447],
        [ 0.9834625 ,  0.99846087,  0.93323949, ..., -0.03580507,
          0.        ,  0.06667182],
        [ 0.96919919,  0.99993692,  0.95511517, ..., -0.10235447,
         -0.06667182,  0.        ]],

       [[ 0.        ,  0.01953049,  0.10222758, ..., -0.99966011,
         -0.9954342 , -0.97359788],
        [-0.01953049,  0.        ,  0.08277991, ..., -0.9999786 ,
         -0.99710853, -0.9778704 ],
        [-0.10222758, -0.08277991,  0.        , ..., -0.99708804,
         -0.99997681, -0.99183272],
        ...,
        [ 0.99966011,  0.9999786 ,  0.99708804, ...,  0.        ,
          0.06946644,  0.20281031],
        [ 0.9954342 ,  0.99710853,  0.99997681, ..., -0.06946644,
          0.        ,  0.1342976 ],
        [ 0.97359788,  0.9778704 ,  0.99183272, ..., -0.20281031,
         -0.1342976 ,  0.        ]]]), 'num': array([7.06906137e-01, 7.06906137e-01, 0.00000000e+00, 0.00000000e+00,
       8.34541967e-04, 8.46145224e-04, 8.12228011e-04, 2.37080788e-02,
       1.51734903e-05, 8.19189965e-04, 7.99375172e-04, 8.23786640e-04,
       6.00679014e-07, 8.88377866e-04, 7.10372478e-04])}
{'img': array([[[ 0.        , -0.34798527, -0.62421826, ..., -0.99994575,
         -0.98930917, -0.9464274 ],
        [ 0.34798527,  0.        , -0.31334113, ..., -0.93382429,
         -0.8767295 , -0.77490544],
        [ 0.62421826,  0.31334113,  0.        , ..., -0.77470534,
         -0.68186596, -0.53782593],
        ...,
        [ 0.99994575,  0.93382429,  0.77470534, ...,  0.        ,
          0.13552012,  0.31304053],
        [ 0.98930917,  0.8767295 ,  0.68186596, ..., -0.13552012,
          0.        ,  0.18144376],
        [ 0.9464274 ,  0.77490544,  0.53782593, ..., -0.31304053,
         -0.18144376,  0.        ]],

       [[ 0.        ,  0.08956122,  0.32215371, ..., -0.45520952,
         -0.47610785, -0.23365728],
        [-0.08956122,  0.        ,  0.2360726 , ..., -0.53312408,
         -0.55295348, -0.31980035],
        [-0.32215371, -0.2360726 ,  0.        , ..., -0.71778172,
         -0.73402304, -0.53443657],
        ...,
        [ 0.45520952,  0.53312408,  0.71778172, ...,  0.        ,
         -0.02361369,  0.23456409],
        [ 0.47610785,  0.55295348,  0.73402304, ...,  0.02361369,
          0.        ,  0.25745357],
        [ 0.23365728,  0.31980035,  0.53443657, ..., -0.23456409,
         -0.25745357,  0.        ]],

       [[ 0.        , -0.35826785, -0.4585842 , ..., -0.98407925,
         -0.99448013, -0.99844897],
        [ 0.35826785,  0.        , -0.10976777, ..., -0.85507992,
         -0.89087412, -0.91222438],
        [ 0.4585842 ,  0.10976777,  0.        , ..., -0.79299872,
         -0.83562876, -0.86174119],
        ...,
        [ 0.98407925,  0.85507992,  0.79299872, ...,  0.        ,
         -0.07349458, -0.12266639],
        [ 0.99448013,  0.89087412,  0.83562876, ...,  0.07349458,
          0.        , -0.04939511],
        [ 0.99844897,  0.91222438,  0.86174119, ...,  0.12266639,
          0.04939511,  0.        ]],

       ...,

       [[ 0.        , -0.13559411, -0.18158161, ...,  0.09830504,
          0.05177348, -0.01820564],
        [ 0.13559411,  0.        , -0.04656463, ...,  0.23233448,
          0.18670758,  0.11753413],
        [ 0.18158161,  0.04656463,  0.        , ...,  0.27737289,
          0.23225087,  0.16364853],
        ...,
        [-0.09830504, -0.23233448, -0.27737289, ...,  0.        ,
         -0.0466505 , -0.11640621],
        [-0.05177348, -0.18670758, -0.23225087, ...,  0.0466505 ,
          0.        , -0.06994612],
        [ 0.01820564, -0.11753413, -0.16364853, ...,  0.11640621,
          0.06994612,  0.        ]],

       [[ 0.        ,  0.3069438 , -0.16019918, ..., -0.99846087,
         -0.99993692, -0.99613502],
        [-0.3069438 ,  0.        , -0.45544551, ..., -0.93323949,
         -0.95511517, -0.97500971],
        [ 0.16019918,  0.45544551,  0.        , ..., -0.99445022,
         -0.9852231 , -0.96919851],
        ...,
        [ 0.99846087,  0.93323949,  0.99445022, ...,  0.        ,
          0.06667182,  0.14294641],
        [ 0.99993692,  0.95511517,  0.9852231 , ..., -0.06667182,
          0.        ,  0.07664122],
        [ 0.99613502,  0.97500971,  0.96919851, ..., -0.14294641,
         -0.07664122,  0.        ]],

       [[ 0.        ,  0.08277991,  0.29363729, ..., -0.99710853,
         -0.9778704 , -0.91760927],
        [-0.08277991,  0.        ,  0.21349877, ..., -0.99997681,
         -0.99183272, -0.94736355],
        [-0.29363729, -0.21349877,  0.        , ..., -0.9754666 ,
         -0.99619517, -0.99387423],
        ...,
        [ 0.99710853,  0.99997681,  0.9754666 , ...,  0.        ,
          0.1342976 ,  0.32660455],
        [ 0.9778704 ,  0.99183272,  0.99619517, ..., -0.1342976 ,
          0.        ,  0.196713  ],
        [ 0.91760927,  0.94736355,  0.99387423, ..., -0.32660455,
         -0.196713  ,  0.        ]]]), 'num': array([ 8.22226574e-01,  5.68118014e-01,  2.70616145e-06, -4.53488102e-11,
        9.73596015e-04,  9.90185511e-04,  9.66338111e-04,  3.43228574e-02,
        4.14737387e-06,  9.53688620e-04,  9.34507016e-04,  9.55900553e-04,
        6.37166376e-07,  1.03392100e-03,  8.35093029e-04])}
{'img': array([[[ 0.        , -0.54457881, -0.65837718, ..., -0.98315092,
         -0.93077545, -0.9127126 ],
        [ 0.54457881,  0.        , -0.14228929, ..., -0.72503153,
         -0.58155705, -0.54298482],
        [ 0.65837718,  0.14228929,  0.        , ..., -0.61965755,
         -0.45988663, -0.41797364],
        ...,
        [ 0.98315092,  0.72503153,  0.61965755, ...,  0.        ,
          0.18928977,  0.23487764],
        [ 0.93077545,  0.58155705,  0.45988663, ..., -0.18928977,
          0.        ,  0.04663697],
        [ 0.9127126 ,  0.54298482,  0.41797364, ..., -0.23487764,
         -0.04663697,  0.        ]],

       [[ 0.        ,  0.2360726 , -0.63099164, ..., -0.55295348,
         -0.31980035, -0.02199571],
        [-0.2360726 ,  0.        , -0.79629961, ..., -0.73402304,
         -0.53443657, -0.2573895 ],
        [ 0.63099164,  0.79629961,  0.        , ...,  0.09677431,
          0.34975729,  0.61377494],
        ...,
        [ 0.55295348,  0.73402304, -0.09677431, ...,  0.        ,
          0.25745357,  0.53449261],
        [ 0.31980035,  0.53443657, -0.34975729, ..., -0.25745357,
          0.        ,  0.29888238],
        [ 0.02199571,  0.2573895 , -0.61377494, ..., -0.53449261,
         -0.29888238,  0.        ]],

       [[ 0.        , -0.3014298 , -0.4574059 , ..., -0.98974332,
         -0.99576678, -0.99347338],
        [ 0.3014298 ,  0.        , -0.16808234, ..., -0.90064735,
         -0.92174587, -0.91288296],
        [ 0.4574059 ,  0.16808234,  0.        , ..., -0.81479349,
         -0.84345076, -0.83128053],
        ...,
        [ 0.98974332,  0.90064735,  0.81479349, ...,  0.        ,
         -0.05127931, -0.02903046],
        [ 0.99576678,  0.92174587,  0.84345076, ...,  0.05127931,
          0.        ,  0.02226544],
        [ 0.99347338,  0.91288296,  0.83128053, ...,  0.02903046,
         -0.02226544,  0.        ]],

       ...,

       [[ 0.        , -0.04656463, -0.0901751 , ...,  0.18670758,
          0.11753413, -0.07000711],
        [ 0.04656463,  0.        , -0.04370236, ...,  0.23225087,
          0.16364853, -0.02348078],
        [ 0.0901751 ,  0.04370236,  0.        , ...,  0.27453634,
          0.20660537,  0.02023196],
        ...,
        [-0.18670758, -0.23225087, -0.27453634, ...,  0.        ,
         -0.06994612, -0.25502556],
        [-0.11753413, -0.16364853, -0.20660537, ...,  0.06994612,
          0.        , -0.18676764],
        [ 0.07000711,  0.02348078, -0.02023196, ...,  0.25502556,
          0.18676764,  0.        ]],

       [[ 0.        , -0.45544551, -0.62585966, ..., -0.95511517,
         -0.97500971, -0.98341075],
        [ 0.45544551,  0.        , -0.2019619 , ..., -0.9852231 ,
         -0.96919851, -0.95810933],
        [ 0.62585966,  0.2019619 ,  0.        , ..., -0.93032978,
         -0.89948726, -0.88052349],
        ...,
        [ 0.95511517,  0.9852231 ,  0.93032978, ...,  0.        ,
          0.07664122,  0.11806954],
        [ 0.97500971,  0.96919851,  0.89948726, ..., -0.07664122,
          0.        ,  0.04161712],
        [ 0.98341075,  0.95810933,  0.88052349, ..., -0.11806954,
         -0.04161712,  0.        ]],

       [[ 0.        ,  0.21349877,  0.40407011, ..., -0.99183272,
         -0.94736355, -0.86205018],
        [-0.21349877,  0.        ,  0.19946029, ..., -0.99619517,
         -0.99387423, -0.95038025],
        [-0.40407011, -0.19946029,  0.        , ..., -0.9587945 ,
         -0.99594699, -0.99333345],
        ...,
        [ 0.99183272,  0.99619517,  0.9587945 , ...,  0.        ,
          0.196713  ,  0.39273295],
        [ 0.94736355,  0.99387423,  0.99594699, ..., -0.196713  ,
          0.        ,  0.20415177],
        [ 0.86205018,  0.95038025,  0.99333345, ..., -0.39273295,
         -0.20415177,  0.        ]]]), 'num': array([ 8.78570553e-01,  4.74827870e-01,  4.48602981e-06,  1.41423280e-09,
        1.01698409e-03,  1.07461319e-03,  1.01472412e-03,  5.14172804e-02,
       -4.40693104e-05,  1.03890574e-03,  1.02297299e-03,  1.03999806e-03,
        5.67594805e-07,  1.12281919e-03,  9.23126794e-04])}
{'img': array([[[ 0.        , -0.19850253, -0.31010322, ..., -0.68191971,
         -0.64386683, -0.91716029],
        [ 0.19850253,  0.        , -0.11521535, ..., -0.52315965,
         -0.47917238, -0.81980222],
        [ 0.31010322,  0.11521535,  0.        , ..., -0.42148517,
         -0.37485444, -0.74836508],
        ...,
        [ 0.68191971,  0.52315965,  0.42148517, ...,  0.        ,
          0.05082078, -0.39907821],
        [ 0.64386683,  0.47917238,  0.37485444, ..., -0.05082078,
          0.        , -0.44516095],
        [ 0.91716029,  0.81980222,  0.74836508, ...,  0.39907821,
          0.44516095,  0.        ]],

       [[ 0.        , -0.79629961, -0.83131194, ..., -0.53443657,
         -0.2573895 ,  0.29334979],
        [ 0.79629961,  0.        , -0.06027439, ...,  0.34975729,
          0.61377494,  0.93871454],
        [ 0.83131194,  0.06027439,  0.        , ...,  0.40558886,
          0.66024449,  0.95778413],
        ...,
        [ 0.53443657, -0.34975729, -0.40558886, ...,  0.        ,
          0.29888238,  0.75886589],
        [ 0.2573895 , -0.61377494, -0.66024449, ..., -0.29888238,
          0.        ,  0.52953186],
        [-0.29334979, -0.93871454, -0.95778413, ..., -0.75886589,
         -0.52953186,  0.        ]],

       [[ 0.        , -0.356644  , -0.53707041, ..., -0.99302383,
         -0.99006796, -0.99070136],
        [ 0.356644  ,  0.        , -0.2009103 , ..., -0.88566968,
         -0.87482103, -0.87703021],
        [ 0.53707041,  0.2009103 ,  0.        , ..., -0.77432472,
         -0.75965287, -0.76262286],
        ...,
        [ 0.99302383,  0.88566968,  0.77432472, ...,  0.        ,
          0.02286608,  0.01828789],
        [ 0.99006796,  0.87482103,  0.75965287, ..., -0.02286608,
          0.        , -0.00457915],
        [ 0.99070136,  0.87703021,  0.76262286, ..., -0.01828789,
          0.00457915,  0.        ]],

       ...,

       [[ 0.        , -0.04370236, -0.15345107, ...,  0.16364853,
         -0.02348078, -0.34965837],
        [ 0.04370236,  0.        , -0.1101197 , ...,  0.20660537,
          0.02023196, -0.30838056],
        [ 0.15345107,  0.1101197 ,  0.        , ...,  0.31309266,
          0.13020608, -0.20175228],
        ...,
        [-0.16364853, -0.20660537, -0.31309266, ...,  0.        ,
         -0.18676764, -0.49826311],
        [ 0.02348078, -0.02023196, -0.13020608, ...,  0.18676764,
          0.        , -0.32756335],
        [ 0.34965837,  0.30838056,  0.20175228, ...,  0.49826311,
          0.32756335,  0.        ]],

       [[ 0.        , -0.46887014, -0.53348048, ..., -0.98420976,
         -0.99099895, -0.97654836],
        [ 0.46887014,  0.        , -0.07462959, ..., -0.95231297,
         -0.93808427, -0.96349994],
        [ 0.53348048,  0.07462959,  0.        , ..., -0.92688608,
         -0.90961603, -0.94083406],
        ...,
        [ 0.98420976,  0.95231297,  0.92688608, ...,  0.        ,
          0.04365698, -0.03904359],
        [ 0.99099895,  0.93808427,  0.90961603, ..., -0.04365698,
          0.        , -0.08263006],
        [ 0.97654836,  0.96349994,  0.94083406, ...,  0.03904359,
          0.08263006,  0.        ]],

       [[ 0.        ,  0.19946029,  0.29248678, ..., -0.99387423,
         -0.95038025, -0.86953265],
        [-0.19946029,  0.        ,  0.09587172, ..., -0.99594699,
         -0.99333345, -0.95056872],
        [-0.29248678, -0.09587172,  0.        , ..., -0.98273645,
         -0.99980961, -0.97595965],
        ...,
        [ 0.99387423,  0.99594699,  0.98273645, ...,  0.        ,
          0.20415177,  0.39475194],
        [ 0.95038025,  0.99333345,  0.99980961, ..., -0.20415177,
          0.        ,  0.19886602],
        [ 0.86953265,  0.95056872,  0.97595965, ..., -0.39475194,
         -0.19886602,  0.        ]]]), 'num': array([ 8.99365335e-01,  4.27103869e-01,  5.66260750e-06, -2.20594189e-08,
        1.00481163e-03,  1.05782327e-03,  9.99992388e-04,  9.33548798e-02,
       -7.95174670e-05,  1.09059411e-03,  1.09203988e-03,  1.10595544e-03,
        4.28376927e-07,  1.19340559e-03,  9.90674172e-04])}
