state_0,state_1,state_2,state_3,state_4,state_5,state_6,state_7,state_8,state_9,state_10,state_11,state_12,state_13,state_14,state_15,state_16,state_17,state_18,state_19,state_20,state_21,state_22,state_23,state_24,state_25,state_26,state_27,state_28,state_29,state_30,state_31,state_32,state_33,state_34,state_35,state_36,state_37,state_38,state_39,state_40,state_41,state_42,state_43,state_44,state_45,state_46,state_47,state_48,state_49,state_50,state_51,state_52,state_53,state_54,state_55,state_56,state_57,state_58,state_59,state_60,state_61,state_62,state_63,state_64,state_65,state_66,state_67,state_68,state_69,state_70,state_71,state_72,state_73,state_74,state_75,state_76,state_77,state_78,state_79,state_80,state_81,state_82,state_83,state_84,state_85,state_86,state_87,state_88,state_89,state_90,state_91,state_92,state_93,state_94,state_95,state_96,state_97,state_98,state_99,state_100,state_101,state_102,state_103,state_104,state_105,state_106,state_107,state_108,state_109,state_110,state_111,state_112,state_113,state_114,state_115,state_116,state_117,state_118,state_119,state_120,state_121,state_122,state_123,state_124,state_125,state_126,state_127,state_128,state_129,state_130,state_131,state_132,state_133,state_134,state_135,state_136,state_137,state_138,state_139,state_140,state_141,state_142,state_143,state_144,state_145,state_146,state_147,state_148,state_149,state_150,state_151,state_152,state_153,state_154,state_155,state_156,state_157,state_158,state_159,state_160,state_161,state_162,state_163,state_164,state_165,state_166,state_167,state_168,state_169,state_170,state_171,state_172,state_173,state_174,state_175,state_176,state_177,state_178,state_179,state_180,state_181,state_182,state_183,state_184,state_185,state_186,state_187,state_188,state_189,state_190,state_191,state_192,state_193,state_194,state_195,state_196,state_197,state_198,state_199,state_200,state_201,state_202,state_203,state_204,state_205,state_206,state_207,state_208,state_209,state_210,state_211,state_212,state_213,state_214,state_215,state_216,state_217,state_218,state_219,state_220,state_221,state_222,state_223,state_224,state_225,state_226,state_227,state_228,state_229,state_230,state_231,state_232,state_233,state_234,state_235,state_236,state_237,state_238,state_239,state_240,state_241,state_242,state_243,state_244,state_245,state_246,state_247,state_248,state_249,state_250,state_251,state_252,state_253,state_254,state_255,state_256,state_257,state_258,state_259,state_260,state_261,state_262,state_263,state_264,state_265,state_266,state_267,state_268,state_269,state_270,state_271,state_272,state_273,state_274,state_275,state_276,state_277,state_278,state_279,state_280,state_281,state_282,state_283,state_284,state_285,state_286,state_287
{'img': array([[[ 0.        , -0.24803919, -0.24803919, ..., -0.76347843,
         -0.82679728, -0.81223286],
        [ 0.24803919,  0.        ,  0.        , ..., -0.8998117 ,
         -0.94048191, -0.93154011],
        [ 0.24803919,  0.        ,  0.        , ..., -0.8998117 ,
         -0.94048191, -0.93154011],
        ...,
        [ 0.76347843,  0.8998117 ,  0.8998117 , ...,  0.        ,
          0.10451663,  0.07920464],
        [ 0.82679728,  0.94048191,  0.94048191, ..., -0.10451663,
          0.        , -0.02541743],
        [ 0.81223286,  0.93154011,  0.93154011, ..., -0.07920464,
          0.02541743,  0.        ]],

       [[ 0.        ,  0.2327595 ,  0.22894465, ..., -0.00616952,
          0.26459712,  0.4127601 ],
        [-0.2327595 ,  0.        , -0.00392075, ..., -0.23875515,
          0.03286605,  0.18941676],
        [-0.22894465,  0.00392075,  0.        , ..., -0.23494595,
          0.03678443,  0.19326507],
        ...,
        [ 0.00616952,  0.23875515,  0.23494595, ...,  0.        ,
          0.27054172,  0.41837169],
        [-0.26459712, -0.03286605, -0.03678443, ..., -0.27054172,
          0.        ,  0.15704336],
        [-0.4127601 , -0.18941676, -0.19326507, ..., -0.41837169,
         -0.15704336,  0.        ]],

       [[ 0.        ,  0.        ,  0.03577384, ..., -0.21666041,
         -0.47500634, -0.67434106],
        [ 0.        ,  0.        ,  0.03577384, ..., -0.21666041,
         -0.47500634, -0.67434106],
        [-0.03577384, -0.03577384,  0.        , ..., -0.18159762,
         -0.44322194, -0.6474933 ],
        ...,
        [ 0.21666041,  0.21666041,  0.18159762, ...,  0.        ,
          0.27306618,  0.49833707],
        [ 0.47500634,  0.47500634,  0.44322194, ..., -0.27306618,
          0.        ,  0.24265405],
        [ 0.67434106,  0.67434106,  0.6474933 , ..., -0.49833707,
         -0.24265405,  0.        ]],

       ...,

       [[ 0.        , -0.01840758,  0.04840934, ..., -0.2954219 ,
         -0.15796519, -0.43136471],
        [ 0.01840758,  0.        ,  0.06678714, ..., -0.27778585,
         -0.13976196, -0.41468471],
        [-0.04840934, -0.06678714,  0.        , ..., -0.34132422,
         -0.20558153, -0.47453279],
        ...,
        [ 0.2954219 ,  0.27778585,  0.34132422, ...,  0.        ,
          0.14079807, -0.14558853],
        [ 0.15796519,  0.13976196,  0.20558153, ..., -0.14079807,
          0.        , -0.28343612],
        [ 0.43136471,  0.41468471,  0.47453279, ...,  0.14558853,
          0.28343612,  0.        ]],

       [[ 0.        , -0.0550662 , -0.06070518, ..., -0.74488259,
         -0.55505841, -0.        ],
        [ 0.0550662 ,  0.        , -0.00564843, ..., -0.78049231,
         -0.60002092, -0.0550662 ],
        [ 0.06070518,  0.00564843,  0.        , ..., -0.78401106,
         -0.60453   , -0.06070518],
        ...,
        [ 0.74488259,  0.78049231,  0.78401106, ...,  0.        ,
         -0.24926929, -0.74488259],
        [ 0.55505841,  0.60002092,  0.60453   , ...,  0.24926929,
          0.        , -0.55505841],
        [ 0.        ,  0.0550662 ,  0.06070518, ...,  0.74488259,
          0.55505841,  0.        ]],

       [[ 0.        , -0.00970236, -0.01489346, ..., -0.73617978,
         -0.68136952, -0.591139  ],
        [ 0.00970236,  0.        , -0.00519147, ..., -0.74271156,
         -0.68843899, -0.59893681],
        [ 0.01489346,  0.00519147,  0.        , ..., -0.74617781,
         -0.69219506, -0.60308604],
        ...,
        [ 0.73617978,  0.74271156,  0.74617781, ...,  0.        ,
         -0.07769777, -0.19370569],
        [ 0.68136952,  0.68843899,  0.69219506, ...,  0.07769777,
          0.        , -0.11689397],
        [ 0.591139  ,  0.59893681,  0.60308604, ...,  0.19370569,
          0.11689397,  0.        ]]]), 'num': array([ 7.07106486e-01,  7.07106486e-01,  0.00000000e+00,  0.00000000e+00,
        2.96166803e-05,  2.96826417e-05,  2.87591817e-05,  9.08842912e-04,
       -1.31922852e-07,  2.95243343e-05,  3.12888024e-05,  3.59610701e-05,
        4.02203817e-07,  3.55664962e-05,  2.70111086e-05])}
{'img': array([[[ 0.        ,  0.        , -0.23065519, ..., -0.94048191,
         -0.93154011, -0.92181318],
        [ 0.        ,  0.        , -0.23065519, ..., -0.94048191,
         -0.93154011, -0.92181318],
        [ 0.23065519,  0.23065519,  0.        , ..., -0.99350906,
         -0.99029677, -0.98636689],
        ...,
        [ 0.94048191,  0.94048191,  0.99350906, ...,  0.        ,
         -0.02541743, -0.05129075],
        [ 0.93154011,  0.93154011,  0.99029677, ...,  0.02541743,
          0.        , -0.0258902 ],
        [ 0.92181318,  0.92181318,  0.98636689, ...,  0.05129075,
          0.0258902 ,  0.        ]],

       [[ 0.        , -0.00392075, -0.08338718, ...,  0.03286605,
          0.18941676,  0.16497054],
        [ 0.00392075,  0.        , -0.07947945, ...,  0.03678443,
          0.19326507,  0.1688363 ],
        [ 0.08338718,  0.07947945,  0.        , ...,  0.11609372,
          0.27063467,  0.24664064],
        ...,
        [-0.03286605, -0.03678443, -0.11609372, ...,  0.        ,
          0.15704336,  0.13246568],
        [-0.18941676, -0.19326507, -0.27063467, ..., -0.15704336,
          0.        , -0.02483742],
        [-0.16497054, -0.1688363 , -0.24664064, ..., -0.13246568,
          0.02483742,  0.        ]],

       [[ 0.        ,  0.03577384, -0.0209386 , ..., -0.47500634,
         -0.67434106, -0.72850939],
        [-0.03577384,  0.        , -0.05669119, ..., -0.44322194,
         -0.6474933 , -0.70353672],
        [ 0.0209386 ,  0.05669119,  0.        , ..., -0.4933278 ,
         -0.6896547 , -0.74269336],
        ...,
        [ 0.47500634,  0.44322194,  0.4933278 , ...,  0.        ,
          0.24265405,  0.31567907],
        [ 0.67434106,  0.6474933 ,  0.6896547 , ..., -0.24265405,
          0.        ,  0.07599815],
        [ 0.72850939,  0.70353672,  0.74269336, ..., -0.31567907,
         -0.07599815,  0.        ]],

       ...,

       [[ 0.        ,  0.06678714, -0.92226164, ..., -0.13976196,
         -0.41468471, -0.38603513],
        [-0.06678714,  0.        , -0.94602011, ..., -0.20558153,
         -0.47453279, -0.44678328],
        [ 0.92226164,  0.94602011,  0.        , ...,  0.85918251,
          0.67892284,  0.70154353],
        ...,
        [ 0.13976196,  0.20558153, -0.85918251, ...,  0.        ,
         -0.28343612, -0.25331806],
        [ 0.41468471,  0.47453279, -0.67892284, ...,  0.28343612,
          0.        ,  0.03126153],
        [ 0.38603513,  0.44678328, -0.70154353, ...,  0.25331806,
         -0.03126153,  0.        ]],

       [[ 0.        , -0.02473278, -0.09848485, ..., -0.70179069,
         -0.49351584, -0.        ],
        [ 0.02473278,  0.        , -0.07384217, ..., -0.71919523,
         -0.51487588, -0.02473278],
        [ 0.09848485,  0.07384217,  0.        , ..., -0.76853792,
         -0.57677253, -0.09848485],
        ...,
        [ 0.70179069,  0.71919523,  0.76853792, ...,  0.        ,
         -0.2588008 , -0.70179069],
        [ 0.49351584,  0.51487588,  0.57677253, ...,  0.2588008 ,
          0.        , -0.49351584],
        [ 0.        ,  0.02473278,  0.09848485, ...,  0.70179069,
          0.49351584,  0.        ]],

       [[ 0.        , -0.00517492, -0.03649724, ..., -0.73910287,
         -0.71161504, -0.59740781],
        [ 0.00517492,  0.        , -0.03132528, ..., -0.74257876,
         -0.71524126, -0.60154978],
        [ 0.03649724,  0.03132528,  0.        , ..., -0.76319471,
         -0.73678278, -0.6262783 ],
        ...,
        [ 0.73910287,  0.74257876,  0.76319471, ...,  0.        ,
         -0.03993259, -0.19030491],
        [ 0.71161504,  0.71524126,  0.73678278, ...,  0.03993259,
          0.        , -0.1509503 ],
        [ 0.59740781,  0.60154978,  0.6262783 , ...,  0.19030491,
          0.1509503 ,  0.        ]]]), 'num': array([ 9.03841933e-01,  4.27866262e-01,  2.13442005e-04, -1.26927929e-10,
        3.77399041e-05,  3.81629972e-05,  3.74014296e-05,  4.04443152e-04,
       -2.53855857e-07,  3.79768362e-05,  3.98765242e-05,  4.59154730e-05,
        5.25581485e-07,  4.52957836e-05,  3.44572648e-05])}
{'img': array([[[ 0.        , -0.23065519, -0.20830122, ..., -0.93154011,
         -0.92181318, -0.90564739],
        [ 0.23065519,  0.        ,  0.0229112 , ..., -0.99029677,
         -0.98636689, -0.9790322 ],
        [ 0.20830122, -0.0229112 ,  0.        , ..., -0.98685288,
         -0.98233768, -0.97410806],
        ...,
        [ 0.93154011,  0.99029677,  0.98685288, ...,  0.        ,
         -0.0258902 , -0.06567412],
        [ 0.92181318,  0.98636689,  0.98233768, ...,  0.0258902 ,
          0.        , -0.0398178 ],
        [ 0.90564739,  0.9790322 ,  0.97410806, ...,  0.06567412,
          0.0398178 ,  0.        ]],

       [[ 0.        , -0.07947945, -0.27043344, ...,  0.19326507,
          0.1688363 , -0.50180401],
        [ 0.07947945,  0.        , -0.19305998, ...,  0.27063467,
          0.24664064, -0.43146831],
        [ 0.27043344,  0.19305998,  0.        , ...,  0.4513986 ,
          0.42909636, -0.24918625],
        ...,
        [-0.19326507, -0.27063467, -0.4513986 , ...,  0.        ,
         -0.02483742, -0.65951397],
        [-0.1688363 , -0.24664064, -0.42909636, ...,  0.02483742,
          0.        , -0.64064042],
        [ 0.50180401,  0.43146831,  0.24918625, ...,  0.65951397,
          0.64064042,  0.        ]],

       [[ 0.        , -0.05669119, -0.11868542, ..., -0.6474933 ,
         -0.70353672, -0.72099277],
        [ 0.05669119,  0.        , -0.06220405, ..., -0.6896547 ,
         -0.74269336, -0.75911699],
        [ 0.11868542,  0.06220405,  0.        , ..., -0.73336349,
         -0.78290891, -0.79813891],
        ...,
        [ 0.6474933 ,  0.6896547 ,  0.73336349, ...,  0.        ,
          0.07599815,  0.10077211],
        [ 0.70353672,  0.74269336,  0.78290891, ..., -0.07599815,
          0.        ,  0.02486939],
        [ 0.72099277,  0.75911699,  0.79813891, ..., -0.10077211,
         -0.02486939,  0.        ]],

       ...,

       [[ 0.        , -0.94602011, -0.539423  , ..., -0.47453279,
         -0.44678328, -0.42920896],
        [ 0.94602011,  0.        ,  0.62175071, ...,  0.67892284,
          0.70154353,  0.71534027],
        [ 0.539423  , -0.62175071,  0.        , ...,  0.07524734,
          0.10638346,  0.12580073],
        ...,
        [ 0.47453279, -0.67892284, -0.07524734, ...,  0.        ,
          0.03126153,  0.05079453],
        [ 0.44678328, -0.70154353, -0.10638346, ..., -0.03126153,
          0.        ,  0.01954854],
        [ 0.42920896, -0.71534027, -0.12580073, ..., -0.05079453,
         -0.01954854,  0.        ]],

       [[ 0.        , -0.09363077, -0.16128   , ..., -0.5963405 ,
         -0.37171442, -0.        ],
        [ 0.09363077,  0.        , -0.06816647, ..., -0.66888115,
         -0.45700333, -0.09363077],
        [ 0.16128   ,  0.06816647,  0.        , ..., -0.71799818,
         -0.51657202, -0.16128   ],
        ...,
        [ 0.5963405 ,  0.66888115,  0.71799818, ...,  0.        ,
         -0.25522409, -0.5963405 ],
        [ 0.37171442,  0.45700333,  0.51657202, ...,  0.25522409,
          0.        , -0.37171442],
        [ 0.        ,  0.09363077,  0.16128   , ...,  0.5963405 ,
          0.37171442,  0.        ]],

       [[ 0.        , -0.0311084 , -0.0570925 , ..., -0.78988593,
         -0.7605544 , -0.59823181],
        [ 0.0311084 ,  0.        , -0.02600721, ..., -0.80858098,
         -0.78038419, -0.62287015],
        [ 0.0570925 ,  0.02600721,  0.        , ..., -0.82360973,
         -0.79638254, -0.64300556],
        ...,
        [ 0.78988593,  0.80858098,  0.82360973, ...,  0.        ,
         -0.04643969, -0.26608591],
        [ 0.7605544 ,  0.78038419,  0.79638254, ...,  0.04643969,
          0.        , -0.22103332],
        [ 0.59823181,  0.62287015,  0.64300556, ...,  0.26608591,
          0.22103332,  0.        ]]]), 'num': array([ 8.63276114e-01,  5.04731446e-01,  1.60064584e-04, -6.11345825e-09,
        3.61472595e-05,  3.66313746e-05,  3.58245161e-05,  6.94108069e-04,
        1.61371694e-07,  3.62602197e-05,  3.77690450e-05,  4.35770813e-05,
        5.52061059e-07,  4.27780443e-05,  3.27600458e-05])}
{'img': array([[[ 0.        ,  0.0229112 ,  0.0229112 , ..., -0.98636689,
         -0.9790322 , -0.98411982],
        [-0.0229112 ,  0.        ,  0.        , ..., -0.98233768,
         -0.97410806, -0.97979463],
        [-0.0229112 ,  0.        ,  0.        , ..., -0.98233768,
         -0.97410806, -0.97979463],
        ...,
        [ 0.98636689,  0.98233768,  0.98233768, ...,  0.        ,
         -0.0398178 , -0.01313761],
        [ 0.9790322 ,  0.97410806,  0.97410806, ...,  0.0398178 ,
          0.        ,  0.02668717],
        [ 0.98411982,  0.97979463,  0.97979463, ...,  0.01313761,
         -0.02668717,  0.        ]],

       [[ 0.        , -0.19305998, -0.14113996, ...,  0.24664064,
         -0.43146831, -0.07970086],
        [ 0.19305998,  0.        ,  0.0526427 , ...,  0.42909636,
         -0.24918625,  0.11424438],
        [ 0.14113996, -0.0526427 ,  0.        , ...,  0.3809514 ,
         -0.29982284,  0.06178794],
        ...,
        [-0.24664064, -0.42909636, -0.3809514 , ...,  0.        ,
         -0.64064042, -0.32309469],
        [ 0.43146831,  0.24918625,  0.29982284, ...,  0.64064042,
          0.        ,  0.35819535],
        [ 0.07970086, -0.11424438, -0.06178794, ...,  0.32309469,
         -0.35819535,  0.        ]],

       [[ 0.        , -0.06220405, -0.13360129, ..., -0.74269336,
         -0.75911699, -0.76694888],
        [ 0.06220405,  0.        , -0.07169616, ..., -0.78290891,
         -0.79813891, -0.8053805 ],
        [ 0.13360129,  0.07169616,  0.        , ..., -0.82549889,
         -0.83927995, -0.84580635],
        ...,
        [ 0.74269336,  0.78290891,  0.82549889, ...,  0.        ,
          0.02486939,  0.03698083],
        [ 0.75911699,  0.79813891,  0.83927995, ..., -0.02486939,
          0.        ,  0.01211701],
        [ 0.76694888,  0.8053805 ,  0.84580635, ..., -0.03698083,
         -0.01211701,  0.        ]],

       ...,

       [[ 0.        ,  0.62175071,  0.83712827, ...,  0.70154353,
          0.71534027,  0.78587026],
        [-0.62175071,  0.        ,  0.31554983, ...,  0.10638346,
          0.12580073,  0.23102024],
        [-0.83712827, -0.31554983,  0.        , ..., -0.21281091,
         -0.1936695 , -0.08779668],
        ...,
        [-0.70154353, -0.10638346,  0.21281091, ...,  0.        ,
          0.01954854,  0.12620357],
        [-0.71534027, -0.12580073,  0.1936695 , ..., -0.01954854,
          0.        ,  0.10678722],
        [-0.78587026, -0.23102024,  0.08779668, ..., -0.12620357,
         -0.10678722,  0.        ]],

       [[ 0.        , -0.12877615, -0.32156161, ..., -0.53998429,
         -0.41402901, -0.        ],
        [ 0.12877615,  0.        , -0.19694751, ..., -0.6438759 ,
         -0.52780193, -0.12877615],
        [ 0.32156161,  0.19694751,  0.        , ..., -0.7819554 ,
         -0.68474523, -0.32156161],
        ...,
        [ 0.53998429,  0.6438759 ,  0.7819554 , ...,  0.        ,
         -0.14305019, -0.53998429],
        [ 0.41402901,  0.52780193,  0.68474523, ...,  0.14305019,
          0.        , -0.41402901],
        [ 0.        ,  0.12877615,  0.32156161, ...,  0.53998429,
          0.41402901,  0.        ]],

       [[ 0.        , -0.02591385, -0.04161431, ..., -0.81001617,
         -0.73786078, -0.62112632],
        [ 0.02591385,  0.        , -0.01570893, ..., -0.82494023,
         -0.75510362, -0.64122668],
        [ 0.04161431,  0.01570893,  0.        , ..., -0.83371744,
         -0.7653093 , -0.65320183],
        ...,
        [ 0.81001617,  0.82494023,  0.83371744, ...,  0.        ,
         -0.11403567, -0.270585  ],
        [ 0.73786078,  0.75510362,  0.7653093 , ...,  0.11403567,
          0.        , -0.15903818],
        [ 0.62112632,  0.64122668,  0.65320183, ...,  0.270585  ,
          0.15903818,  0.        ]]]), 'num': array([ 8.56921514e-01,  5.15445955e-01,  1.53817819e-04, -3.15406959e-09,
        3.56893351e-05,  3.60108607e-05,  3.48855213e-05,  9.75315578e-04,
       -3.21525542e-07,  3.59787081e-05,  3.73773442e-05,  4.32143725e-05,
        5.76528557e-07,  4.22298773e-05,  3.25248111e-05])}
{'img': array([[[ 0.        ,  0.        ,  0.07617887, ..., -0.97410806,
         -0.97979463, -0.96757631],
        [ 0.        ,  0.        ,  0.07617887, ..., -0.97410806,
         -0.97979463, -0.96757631],
        [-0.07617887, -0.07617887,  0.        , ..., -0.95405473,
         -0.96171127, -0.94552352],
        ...,
        [ 0.97410806,  0.97410806,  0.95405473, ...,  0.        ,
          0.02668717, -0.02728667],
        [ 0.97979463,  0.97979463,  0.96171127, ..., -0.02668717,
          0.        , -0.05395418],
        [ 0.96757631,  0.96757631,  0.94552352, ...,  0.02728667,
          0.05395418,  0.        ]],

       [[ 0.        ,  0.0526427 ,  0.06952855, ..., -0.24918625,
          0.11424438,  0.34078351],
        [-0.0526427 ,  0.        ,  0.01691684, ..., -0.29982284,
          0.06178794,  0.29081938],
        [-0.06952855, -0.01691684,  0.        , ..., -0.31591852,
          0.04489458,  0.2745921 ],
        ...,
        [ 0.24918625,  0.29982284,  0.31591852, ...,  0.        ,
          0.35819535,  0.56430409],
        [-0.11424438, -0.06178794, -0.04489458, ..., -0.35819535,
          0.        ,  0.23114637],
        [-0.34078351, -0.29081938, -0.2745921 , ..., -0.56430409,
         -0.23114637,  0.        ]],

       [[ 0.        , -0.07169616, -0.09684571, ..., -0.79813891,
         -0.8053805 , -0.78290891],
        [ 0.07169616,  0.        , -0.02523733, ..., -0.83927995,
         -0.84580635, -0.82549889],
        [ 0.09684571,  0.02523733,  0.        , ..., -0.85273416,
         -0.85900082, -0.83948001],
        ...,
        [ 0.79813891,  0.83927995,  0.85273416, ...,  0.        ,
          0.01211701, -0.02486939],
        [ 0.8053805 ,  0.84580635,  0.85900082, ..., -0.01211701,
          0.        , -0.03698083],
        [ 0.78290891,  0.82549889,  0.83948001, ...,  0.02486939,
          0.03698083,  0.        ]],

       ...,

       [[ 0.        ,  0.31554983,  0.77246143, ...,  0.12580073,
          0.23102024,  0.28440696],
        [-0.31554983,  0.        ,  0.53260201, ..., -0.1936695 ,
         -0.08779668, -0.03264244],
        [-0.77246143, -0.53260201,  0.        , ..., -0.68643341,
         -0.60485344, -0.55994563],
        ...,
        [-0.12580073,  0.1936695 ,  0.68643341, ...,  0.        ,
          0.10678722,  0.16154188],
        [-0.23102024,  0.08779668,  0.60485344, ..., -0.10678722,
          0.        ,  0.0552335 ],
        [-0.28440696,  0.03264244,  0.55994563, ..., -0.16154188,
         -0.0552335 ,  0.        ]],

       [[ 0.        , -0.29055958, -0.40034242, ..., -0.55446417,
         -0.39506318, -0.        ],
        [ 0.29055958,  0.        , -0.1168116 , ..., -0.77234876,
         -0.64494264, -0.29055958],
        [ 0.40034242,  0.1168116 ,  0.        , ..., -0.84125991,
         -0.72979847, -0.40034242],
        ...,
        [ 0.55446417,  0.77234876,  0.84125991, ...,  0.        ,
         -0.18058612, -0.55446417],
        [ 0.39506318,  0.64494264,  0.72979847, ...,  0.18058612,
          0.        , -0.39506318],
        [ 0.        ,  0.29055958,  0.40034242, ...,  0.55446417,
          0.39506318,  0.        ]],

       [[ 0.        , -0.01564299, -0.02385819, ..., -0.80048287,
         -0.76145402, -0.63916361],
        [ 0.01564299,  0.        , -0.00821673, ..., -0.80976064,
         -0.77150093, -0.65111597],
        [ 0.02385819,  0.00821673,  0.        , ..., -0.81455455,
         -0.7767026 , -0.65733031],
        ...,
        [ 0.80048287,  0.80976064,  0.81455455, ...,  0.        ,
         -0.06250639, -0.23254169],
        [ 0.76145402,  0.77150093,  0.7767026 , ...,  0.06250639,
          0.        , -0.1712941 ],
        [ 0.63916361,  0.65111597,  0.65733031, ...,  0.23254169,
          0.1712941 ,  0.        ]]]), 'num': array([ 8.95102878e-01,  4.45859273e-01,  2.01907246e-04, -9.30381020e-09,
        3.73218926e-05,  3.74896315e-05,  3.66509373e-05,  5.42953862e-04,
        8.38694217e-08,  3.74393098e-05,  3.87770271e-05,  4.48827210e-05,
        5.46974489e-07,  4.37235529e-05,  3.38305013e-05])}
{'img': array([[[ 0.        ,  0.07617887,  0.1699771 , ..., -0.97979463,
         -0.96757631, -0.97095142],
        [-0.07617887,  0.        ,  0.09441286, ..., -0.96171127,
         -0.94552352, -0.94990217],
        [-0.1699771 , -0.09441286,  0.        , ..., -0.9315402 ,
         -0.91056352, -0.91615058],
        ...,
        [ 0.97979463,  0.96171127,  0.9315402 , ...,  0.        ,
         -0.05395418, -0.04024574],
        [ 0.96757631,  0.94552352,  0.91056352, ...,  0.05395418,
          0.        ,  0.01372335],
        [ 0.97095142,  0.94990217,  0.91615058, ...,  0.04024574,
         -0.01372335,  0.        ]],

       [[ 0.        ,  0.01691684, -0.14306234, ...,  0.06178794,
          0.29081938, -0.11406301],
        [-0.01691684,  0.        , -0.1597847 , ...,  0.04489458,
          0.2745921 , -0.13085313],
        [ 0.14306234,  0.1597847 ,  0.        , ...,  0.20394136,
          0.42470681,  0.02923892],
        ...,
        [-0.06178794, -0.04489458, -0.20394136, ...,  0.        ,
          0.23114637, -0.17522975],
        [-0.29081938, -0.2745921 , -0.42470681, ..., -0.23114637,
          0.        , -0.39805433],
        [ 0.11406301,  0.13085313, -0.02923892, ...,  0.17522975,
          0.39805433,  0.        ]],

       [[ 0.        , -0.02523733, -0.03131134, ..., -0.84580635,
         -0.82549889, -0.81065482],
        [ 0.02523733,  0.        , -0.0060764 , ..., -0.85900082,
         -0.83948001, -0.82517369],
        [ 0.03131134,  0.0060764 ,  0.        , ..., -0.86209592,
         -0.84276637, -0.82859089],
        ...,
        [ 0.84580635,  0.85900082,  0.86209592, ...,  0.        ,
         -0.03698083, -0.06276393],
        [ 0.82549889,  0.83948001,  0.84276637, ...,  0.03698083,
          0.        , -0.02581308],
        [ 0.81065482,  0.82517369,  0.82859089, ...,  0.06276393,
          0.02581308,  0.        ]],

       ...,

       [[ 0.        ,  0.53260201,  0.57804758, ..., -0.08779668,
         -0.03264244, -0.1414686 ],
        [-0.53260201,  0.        ,  0.05463484, ..., -0.60485344,
         -0.55994563, -0.64697968],
        [-0.57804758, -0.05463484,  0.        , ..., -0.64745776,
         -0.60437587, -0.68767281],
        ...,
        [ 0.08779668,  0.60485344,  0.64745776, ...,  0.        ,
          0.0552335 , -0.05400862],
        [ 0.03264244,  0.55994563,  0.60437587, ..., -0.0552335 ,
          0.        , -0.10907906],
        [ 0.1414686 ,  0.64697968,  0.68767281, ...,  0.05400862,
          0.10907906,  0.        ]],

       [[ 0.        , -0.27995963, -0.39342567, ..., -0.52320039,
         -0.3610535 , -0.        ],
        [ 0.27995963,  0.        , -0.12031059, ..., -0.74086284,
         -0.60769059, -0.27995963],
        [ 0.39342567,  0.12031059,  0.        , ..., -0.8162888 ,
         -0.69882404, -0.39342567],
        ...,
        [ 0.52320039,  0.74086284,  0.8162888 , ...,  0.        ,
         -0.18021467, -0.52320039],
        [ 0.3610535 ,  0.60769059,  0.69882404, ...,  0.18021467,
          0.        , -0.3610535 ],
        [ 0.        ,  0.27995963,  0.39342567, ...,  0.52320039,
          0.3610535 ,  0.        ]],

       [[ 0.        , -0.00818554, -0.00923487, ..., -0.80979342,
         -0.76432757, -0.64923985],
        [ 0.00818554,  0.        , -0.00104937, ..., -0.81456887,
         -0.76958023, -0.65544388],
        [ 0.00923487,  0.00104937,  0.        , ..., -0.81517713,
         -0.77024989, -0.65623606],
        ...,
        [ 0.80979342,  0.81456887,  0.81517713, ...,  0.        ,
         -0.07373508, -0.23499688],
        [ 0.76432757,  0.76958023,  0.77024989, ...,  0.07373508,
          0.        , -0.16268698],
        [ 0.64923985,  0.65544388,  0.65623606, ...,  0.23499688,
          0.16268698,  0.        ]]]), 'num': array([ 9.99020304e-01,  4.42358649e-02,  4.16028078e-04, -8.15716262e-09,
        4.17155033e-05,  4.24425709e-05,  3.98069509e-05,  1.19682597e-03,
        1.27236829e-06,  4.07521387e-05,  4.17427683e-05,  4.84333049e-05,
        7.71528564e-07,  4.65336624e-05,  3.69518742e-05])}
{'img': array([[[ 0.        ,  0.09441286,  0.13318807, ..., -0.94552352,
         -0.94990217, -0.99030537],
        [-0.09441286,  0.        ,  0.03902142, ..., -0.91056352,
         -0.91615058, -0.97276715],
        [-0.13318807, -0.03902142,  0.        , ..., -0.89373976,
         -0.8998117 , -0.9629817 ],
        ...,
        [ 0.94552352,  0.91056352,  0.89373976, ...,  0.        ,
          0.01372335,  0.19105741],
        [ 0.94990217,  0.91615058,  0.8998117 , ..., -0.01372335,
          0.        ,  0.17756886],
        [ 0.99030537,  0.97276715,  0.9629817 , ..., -0.19105741,
         -0.17756886,  0.        ]],

       [[ 0.        , -0.1597847 ,  0.21140195, ...,  0.2745921 ,
         -0.13085313,  0.33262932],
        [ 0.1597847 ,  0.        ,  0.36485928, ...,  0.42470681,
          0.02923892,  0.47904184],
        [-0.21140195, -0.36485928,  0.        , ...,  0.06511027,
         -0.33748001,  0.1257474 ],
        ...,
        [-0.2745921 , -0.42470681, -0.06511027, ...,  0.        ,
         -0.39805433,  0.06088713],
        [ 0.13085313, -0.02923892,  0.33748001, ...,  0.39805433,
          0.        ,  0.45317133],
        [-0.33262932, -0.47904184, -0.1257474 , ..., -0.06088713,
         -0.45317133,  0.        ]],

       [[ 0.        , -0.0060764 ,  0.04527699, ..., -0.83948001,
         -0.82517369, -0.848426  ],
        [ 0.0060764 ,  0.        ,  0.05134633, ..., -0.84276637,
         -0.82859089, -0.85162666],
        [-0.04527699, -0.05134633,  0.        , ..., -0.81401601,
         -0.79875143, -0.82359017],
        ...,
        [ 0.83948001,  0.84276637,  0.81401601, ...,  0.        ,
         -0.02581308,  0.01667816],
        [ 0.82517369,  0.82859089,  0.79875143, ...,  0.02581308,
          0.        ,  0.04248209],
        [ 0.848426  ,  0.85162666,  0.82359017, ..., -0.01667816,
         -0.04248209,  0.        ]],

       ...,

       [[ 0.        ,  0.05463484,  0.17731542, ..., -0.55994563,
         -0.64697968, -0.3664233 ],
        [-0.05463484,  0.        ,  0.12328148, ..., -0.60437587,
         -0.68767281, -0.4167109 ],
        [-0.17731542, -0.12328148,  0.        , ..., -0.69798381,
         -0.77193198, -0.52559981],
        ...,
        [ 0.55994563,  0.60437587,  0.69798381, ...,  0.        ,
         -0.10907906,  0.21740798],
        [ 0.64697968,  0.68767281,  0.77193198, ...,  0.10907906,
          0.        ,  0.3225807 ],
        [ 0.3664233 ,  0.4167109 ,  0.52559981, ..., -0.21740798,
         -0.3225807 ,  0.        ]],

       [[ 0.        , -0.27457791, -0.34599409, ..., -0.61413134,
         -0.52195176, -0.        ],
        [ 0.27457791,  0.        , -0.07507669, ..., -0.80722505,
         -0.73609856, -0.27457791],
        [ 0.34599409,  0.07507669,  0.        , ..., -0.84926042,
         -0.78483861, -0.34599409],
        ...,
        [ 0.61413134,  0.80722505,  0.84926042, ...,  0.        ,
         -0.11191235, -0.61413134],
        [ 0.52195176,  0.73609856,  0.78483861, ...,  0.11191235,
          0.        , -0.52195176],
        [ 0.        ,  0.27457791,  0.34599409, ...,  0.61413134,
          0.52195176,  0.        ]],

       [[ 0.        , -0.00104937, -0.00462099, ..., -0.76958023,
         -0.65544388, -0.82838559],
        [ 0.00104937,  0.        , -0.00357162, ..., -0.77024989,
         -0.65623606, -0.82897295],
        [ 0.00462099,  0.00357162,  0.        , ..., -0.77252275,
         -0.65892686, -0.83096523],
        ...,
        [ 0.76958023,  0.77024989,  0.77252275, ...,  0.        ,
         -0.16268698,  0.09787897],
        [ 0.65544388,  0.65623606,  0.65892686, ...,  0.16268698,
          0.        ,  0.25848081],
        [ 0.82838559,  0.82897295,  0.83096523, ..., -0.09787897,
         -0.25848081,  0.        ]]]), 'num': array([ 9.99667869e-01,  2.57541334e-02,  4.26220437e-04,  4.63969039e-08,
        4.17379660e-05,  4.21032874e-05,  4.12813143e-05,  8.25206166e-04,
       -1.82660683e-07,  4.11534518e-05,  4.16923008e-05,  4.84598791e-05,
        9.53715069e-07,  4.59485299e-05,  3.74360717e-05])}
{'img': array([[[ 0.        ,  0.03902142,  0.14471392, ..., -0.91615058,
         -0.97276715, -0.96686651],
        [-0.03902142,  0.        ,  0.10599303, ..., -0.8998117 ,
         -0.9629817 , -0.95616864],
        [-0.14471392, -0.10599303,  0.        , ..., -0.84850046,
         -0.9289849 , -0.9197459 ],
        ...,
        [ 0.91615058,  0.8998117 ,  0.84850046, ...,  0.        ,
          0.17756886,  0.15367603],
        [ 0.97276715,  0.9629817 ,  0.9289849 , ..., -0.17756886,
          0.        , -0.02422571],
        [ 0.96686651,  0.95616864,  0.9197459 , ..., -0.15367603,
          0.02422571,  0.        ]],

       [[ 0.        ,  0.36485928,  0.13130106, ...,  0.02923892,
          0.47904184,  0.23469394],
        [-0.36485928,  0.        , -0.23945101, ..., -0.33748001,
          0.1257474 , -0.13615374],
        [-0.13130106,  0.23945101,  0.        , ..., -0.10225913,
          0.35963953,  0.10502836],
        ...,
        [-0.02923892,  0.33748001,  0.10225913, ...,  0.        ,
          0.45317133,  0.20617134],
        [-0.47904184, -0.1257474 , -0.35963953, ..., -0.45317133,
          0.        , -0.2596494 ],
        [-0.23469394,  0.13615374, -0.10502836, ..., -0.20617134,
          0.2596494 ,  0.        ]],

       [[ 0.        ,  0.05134633,  0.11921836, ..., -0.82859089,
         -0.85162666, -0.87384158],
        [-0.05134633,  0.        ,  0.06808097, ..., -0.79875143,
         -0.82359017, -0.84772377],
        [-0.11921836, -0.06808097,  0.        , ..., -0.75593649,
         -0.78306474, -0.80964415],
        ...,
        [ 0.82859089,  0.79875143,  0.75593649, ...,  0.        ,
          0.04248209,  0.0863544 ],
        [ 0.85162666,  0.82359017,  0.78306474, ..., -0.04248209,
          0.        ,  0.04395304],
        [ 0.87384158,  0.84772377,  0.80964415, ..., -0.0863544 ,
         -0.04395304,  0.        ]],

       ...,

       [[ 0.        ,  0.12328148,  0.23004935, ..., -0.68767281,
         -0.4167109 , -0.08880484],
        [-0.12328148,  0.        ,  0.10831952, ..., -0.77193198,
         -0.52559981, -0.21092182],
        [-0.23004935, -0.10831952,  0.        , ..., -0.83624931,
         -0.61465813, -0.31556344],
        ...,
        [ 0.68767281,  0.77193198,  0.83624931, ...,  0.        ,
          0.3225807 ,  0.6204817 ],
        [ 0.4167109 ,  0.52559981,  0.61465813, ..., -0.3225807 ,
          0.        ,  0.33433743],
        [ 0.08880484,  0.21092182,  0.31556344, ..., -0.6204817 ,
         -0.33433743,  0.        ]],

       [[ 0.        , -0.20951045, -0.80835163, ..., -0.68738934,
         -0.49976071, -0.        ],
        [ 0.20951045,  0.        , -0.66707262, ..., -0.82429886,
         -0.67013953, -0.20951045],
        [ 0.80835163,  0.66707262,  0.        , ..., -0.99176308,
         -0.9943738 , -0.80835163],
        ...,
        [ 0.68738934,  0.82429886,  0.99176308, ...,  0.        ,
         -0.2324208 , -0.68738934],
        [ 0.49976071,  0.67013953,  0.9943738 , ...,  0.2324208 ,
          0.        , -0.49976071],
        [ 0.        ,  0.20951045,  0.80835163, ...,  0.68738934,
          0.49976071,  0.        ]],

       [[ 0.        , -0.00357162,  0.40063004, ..., -0.65623606,
         -0.82897295, -0.8863865 ],
        [ 0.00357162,  0.        ,  0.40389994, ..., -0.65892686,
         -0.83096523, -0.88803431],
        [-0.40063004, -0.40389994,  0.        , ..., -0.29897201,
         -0.53547025, -0.62667262],
        ...,
        [ 0.65623606,  0.65892686,  0.29897201, ...,  0.        ,
          0.25848081,  0.3650261 ],
        [ 0.82897295,  0.83096523,  0.53547025, ..., -0.25848081,
          0.        ,  0.11197626],
        [ 0.8863865 ,  0.88803431,  0.62667262, ..., -0.3650261 ,
         -0.11197626,  0.        ]]]), 'num': array([ 9.01652524e-01,  4.32459546e-01,  2.12785924e-04,  3.41019749e-08,
        3.70405748e-05,  3.83844506e-05,  3.69565826e-05,  1.18692784e-03,
       -1.34387573e-06,  3.77293111e-05,  3.80652801e-05,  4.43450994e-05,
        8.69393291e-07,  4.14938097e-05,  3.46367505e-05])}
{'img': array([[[ 0.        ,  0.10599303,  0.24803919, ..., -0.9629817 ,
         -0.95616864, -0.87401806],
        [-0.10599303,  0.        ,  0.1439612 , ..., -0.9289849 ,
         -0.9197459 , -0.81759328],
        [-0.24803919, -0.1439612 ,  0.        , ..., -0.8660254 ,
         -0.85365839, -0.72618438],
        ...,
        [ 0.9629817 ,  0.9289849 ,  0.8660254 , ...,  0.        ,
         -0.02422571, -0.23230028],
        [ 0.95616864,  0.9197459 ,  0.85365839, ...,  0.02422571,
          0.        , -0.20866911],
        [ 0.87401806,  0.81759328,  0.72618438, ...,  0.23230028,
          0.20866911,  0.        ]],

       [[ 0.        , -0.23945101, -0.26710718, ...,  0.1257474 ,
         -0.13615374,  0.17976332],
        [ 0.23945101,  0.        , -0.02858563, ...,  0.35963953,
          0.10502836,  0.41008404],
        [ 0.26710718,  0.02858563,  0.        , ...,  0.38616557,
          0.13341297,  0.43598792],
        ...,
        [-0.1257474 , -0.35963953, -0.38616557, ...,  0.        ,
         -0.2596494 ,  0.05463744],
        [ 0.13615374, -0.10502836, -0.13341297, ...,  0.2596494 ,
          0.        ,  0.31202509],
        [-0.17976332, -0.41008404, -0.43598792, ..., -0.05463744,
         -0.31202509,  0.        ]],

       [[ 0.        ,  0.06808097,  0.16984375, ..., -0.82359017,
         -0.84772377, -0.83272193],
        [-0.06808097,  0.        ,  0.10235785, ..., -0.78306474,
         -0.80964415, -0.79309399],
        [-0.16984375, -0.10235785,  0.        , ..., -0.71529134,
         -0.74531563, -0.72658229],
        ...,
        [ 0.82359017,  0.78306474,  0.71529134, ...,  0.        ,
          0.04395304,  0.01629288],
        [ 0.84772377,  0.80964415,  0.74531563, ..., -0.04395304,
          0.        , -0.02767008],
        [ 0.83272193,  0.79309399,  0.72658229, ..., -0.01629288,
          0.02767008,  0.        ]],

       ...,

       [[ 0.        ,  0.10831952, -0.11184865, ..., -0.52559981,
         -0.21092182, -0.22747866],
        [-0.10831952,  0.        , -0.21883039, ..., -0.61465813,
         -0.31556344, -0.33161993],
        [ 0.11184865,  0.21883039,  0.        , ..., -0.42714859,
         -0.10026596, -0.11713497],
        ...,
        [ 0.52559981,  0.61465813,  0.42714859, ...,  0.        ,
          0.33433743,  0.31829683],
        [ 0.21092182,  0.31556344,  0.10026596, ..., -0.33433743,
          0.        , -0.01696896],
        [ 0.22747866,  0.33161993,  0.11713497, ..., -0.31829683,
          0.01696896,  0.        ]],

       [[ 0.        , -0.77503942, -0.81848504, ..., -0.66777902,
         -0.49134279, -0.        ],
        [ 0.77503942,  0.        , -0.07192952, ..., -0.99888618,
         -0.98551904, -0.77503942],
        [ 0.81848504,  0.07192952,  0.        , ..., -0.99290482,
         -0.99516298, -0.81848504],
        ...,
        [ 0.66777902,  0.99888618,  0.99290482, ...,  0.        ,
         -0.2158773 , -0.66777902],
        [ 0.49134279,  0.98551904,  0.99516298, ...,  0.2158773 ,
          0.        , -0.49134279],
        [ 0.        ,  0.77503942,  0.81848504, ...,  0.66777902,
          0.49134279,  0.        ]],

       [[ 0.        ,  0.40389994,  0.51067878, ..., -0.83096523,
         -0.88803431, -0.91656623],
        [-0.40389994,  0.        ,  0.11990886, ..., -0.53547025,
         -0.62667262, -0.676965  ],
        [-0.51067878, -0.11990886,  0.        , ..., -0.43033725,
         -0.52870822, -0.58382588],
        ...,
        [ 0.83096523,  0.53547025,  0.43033725, ...,  0.        ,
          0.11197626,  0.17761931],
        [ 0.88803431,  0.62667262,  0.52870822, ..., -0.11197626,
          0.        ,  0.06630648],
        [ 0.91656623,  0.676965  ,  0.58382588, ..., -0.17761931,
         -0.06630648,  0.        ]]]), 'num': array([ 9.60021025e-01,  2.79923082e-01,  3.17061961e-04,  2.49385382e-09,
        3.91265623e-05,  4.01298075e-05,  3.82145212e-05,  1.60809259e-03,
       -1.09444929e-06,  4.06952729e-05,  4.10281679e-05,  4.78927971e-05,
        1.07620847e-06,  4.44065508e-05,  3.76497851e-05])}
{'img': array([[[ 0.        ,  0.1439612 , -0.05998102, ..., -0.9197459 ,
         -0.81759328, -0.69385715],
        [-0.1439612 ,  0.        , -0.20305822, ..., -0.85365839,
         -0.72618438, -0.58296119],
        [ 0.05998102,  0.20305822,  0.        , ..., -0.94163332,
         -0.85065806, -0.73580097],
        ...,
        [ 0.9197459 ,  0.85365839,  0.94163332, ...,  0.        ,
         -0.20866911, -0.38997182],
        [ 0.81759328,  0.72618438,  0.85065806, ...,  0.20866911,
          0.        , -0.18923899],
