state_0,state_1,state_2,state_3,state_4,state_5,state_6,state_7,state_8,state_9,state_10,state_11,state_12,state_13,state_14,state_15,state_16,state_17,state_18,state_19,state_20,state_21,state_22,state_23,state_24,state_25,state_26,state_27,state_28,state_29,state_30,state_31,state_32,state_33,state_34,state_35,state_36,state_37,state_38,state_39,state_40,state_41,state_42,state_43,state_44,state_45,state_46,state_47,state_48,state_49,state_50,state_51,state_52,state_53,state_54,state_55,state_56,state_57,state_58,state_59,state_60,state_61,state_62,state_63,state_64,state_65,state_66,state_67,state_68,state_69,state_70,state_71,state_72,state_73,state_74,state_75,state_76,state_77,state_78,state_79,state_80,state_81,state_82,state_83,state_84,state_85,state_86,state_87,state_88,state_89,state_90,state_91,state_92,state_93,state_94,state_95,state_96,state_97,state_98,state_99,state_100,state_101,state_102,state_103,state_104,state_105,state_106,state_107,state_108,state_109,state_110,state_111,state_112,state_113,state_114,state_115,state_116,state_117,state_118,state_119,state_120,state_121,state_122,state_123,state_124,state_125,state_126,state_127,state_128,state_129,state_130,state_131,state_132,state_133,state_134,state_135,state_136,state_137,state_138,state_139,state_140,state_141,state_142,state_143,state_144,state_145,state_146,state_147,state_148,state_149,state_150,state_151,state_152,state_153,state_154,state_155,state_156,state_157,state_158,state_159,state_160,state_161,state_162,state_163,state_164,state_165,state_166,state_167,state_168,state_169,state_170,state_171,state_172,state_173,state_174,state_175,state_176,state_177,state_178,state_179,state_180,state_181,state_182,state_183,state_184,state_185,state_186,state_187,state_188,state_189,state_190,state_191,state_192,state_193,state_194,state_195,state_196,state_197,state_198,state_199,state_200,state_201,state_202,state_203,state_204,state_205,state_206,state_207,state_208,state_209,state_210,state_211,state_212,state_213,state_214,state_215,state_216,state_217,state_218,state_219,state_220,state_221,state_222,state_223,state_224,state_225,state_226,state_227,state_228,state_229,state_230,state_231,state_232,state_233,state_234,state_235,state_236,state_237,state_238,state_239,state_240,state_241,state_242,state_243,state_244,state_245,state_246,state_247,state_248,state_249,state_250,state_251,state_252,state_253,state_254,state_255,state_256,state_257,state_258,state_259,state_260,state_261,state_262,state_263,state_264,state_265,state_266,state_267,state_268,state_269,state_270,state_271,state_272,state_273,state_274,state_275,state_276,state_277,state_278,state_279,state_280,state_281,state_282,state_283,state_284,state_285,state_286,state_287
{'img': array([[[ 0.        ,  0.21917293,  0.42265851, ...,  0.92156033,
          0.95922305,  0.97176461],
        [-0.21917293,  0.        ,  0.21374798, ...,  0.81406289,
          0.87395125,  0.89642278],
        [-0.42265851, -0.21374798,  0.        , ...,  0.6711091 ,
          0.7498688 ,  0.78097231],
        ...,
        [-0.92156033, -0.81406289, -0.6711091 , ...,  0.        ,
          0.11192492,  0.15982885],
        [-0.95922305, -0.87395125, -0.7498688 , ..., -0.11192492,
          0.        ,  0.04833849],
        [-0.97176461, -0.89642278, -0.78097231, ..., -0.15982885,
         -0.04833849,  0.        ]],

       [[ 0.        , -0.29913009, -0.10380688, ..., -0.04550013,
          0.03014268,  0.12409914],
        [ 0.29913009,  0.        ,  0.19846022, ...,  0.2554035 ,
          0.32775669,  0.41523469],
        [ 0.10380688, -0.19846022,  0.        , ...,  0.05844506,
          0.13373955,  0.22643313],
        ...,
        [ 0.04550013, -0.2554035 , -0.05844506, ...,  0.        ,
          0.07559092,  0.16911902],
        [-0.03014268, -0.32775669, -0.13373955, ..., -0.07559092,
          0.        ,  0.09413308],
        [-0.12409914, -0.41523469, -0.22643313, ..., -0.16911902,
         -0.09413308,  0.        ]],

       [[ 0.        , -0.06988785, -0.06088304, ...,  0.80864389,
          0.81593691,  0.84127626],
        [ 0.06988785,  0.        ,  0.00902403, ...,  0.84778155,
          0.85434685,  0.87700097],
        [ 0.06088304, -0.00902403,  0.        , ...,  0.84296118,
          0.84962224,  0.87262932],
        ...,
        [-0.80864389, -0.84778155, -0.84296118, ...,  0.        ,
          0.01250426,  0.05776422],
        [-0.81593691, -0.85434685, -0.84962224, ..., -0.01250426,
          0.        ,  0.04527632],
        [-0.84127626, -0.87700097, -0.87262932, ..., -0.05776422,
         -0.04527632,  0.        ]],

       ...,

       [[ 0.        ,  0.5772021 ,  0.84401187, ...,  0.55017007,
          0.70473218,  0.73276578],
        [-0.5772021 ,  0.        ,  0.37965359, ..., -0.03272451,
          0.16597569,  0.20560248],
        [-0.84401187, -0.37965359,  0.        , ..., -0.40972464,
         -0.22083886, -0.18133375],
        ...,
        [-0.55017007,  0.03272451,  0.40972464, ...,  0.        ,
          0.19815741,  0.23751774],
        [-0.70473218, -0.16597569,  0.22083886, ..., -0.19815741,
          0.        ,  0.04032103],
        [-0.73276578, -0.20560248,  0.18133375, ..., -0.23751774,
         -0.04032103,  0.        ]],

       [[ 0.        , -0.00838131, -0.02570393, ...,  0.99975074,
          0.99584396,  0.9846088 ],
        [ 0.00838131,  0.        , -0.01732449, ...,  0.99990275,
          0.99657232,  0.98603904],
        [ 0.02570393,  0.01732449,  0.        , ...,  0.99999429,
          0.99785594,  0.98877583],
        ...,
        [-0.99975074, -0.99990275, -0.99999429, ...,  0.        ,
         -0.0688198 , -0.15274671],
        [-0.99584396, -0.99657232, -0.99785594, ...,  0.0688198 ,
          0.        , -0.08437234],
        [-0.9846088 , -0.98603904, -0.98877583, ...,  0.15274671,
          0.08437234,  0.        ]],

       [[ 0.        , -0.05636511, -0.07403965, ...,  0.849092  ,
          0.82497896,  0.81234182],
        [ 0.05636511,  0.        , -0.01771153, ...,  0.87751672,
          0.85552293,  0.84392147],
        [ 0.07403965,  0.01771153,  0.        , ...,  0.88587257,
          0.86455914,  0.85329074],
        ...,
        [-0.849092  , -0.87751672, -0.88587257, ...,  0.        ,
         -0.04408474, -0.06605933],
        [-0.82497896, -0.85552293, -0.86455914, ...,  0.04408474,
          0.        , -0.02200665],
        [-0.81234182, -0.84392147, -0.85329074, ...,  0.06605933,
          0.02200665,  0.        ]]]), 'num': array([ 7.07101345e-01,  7.07101345e-01,  0.00000000e+00,  0.00000000e+00,
        9.69048481e-05,  9.90097804e-05,  9.68268876e-05,  3.91109682e-03,
       -2.57269508e-06,  9.77780052e-05,  1.01851439e-04,  9.49610340e-05,
        3.03913646e-07,  1.09872729e-04,  9.38301491e-05])}
{'img': array([[[ 0.        ,  0.21374798,  0.2458577 , ...,  0.87395125,
          0.89642278,  0.79333957],
        [-0.21374798,  0.        ,  0.03298845, ...,  0.7498688 ,
          0.78097231,  0.64487921],
        [-0.2458577 , -0.03298845,  0.        , ...,  0.72763595,
          0.7599438 ,  0.61931566],
        ...,
        [-0.87395125, -0.7498688 , -0.72763595, ...,  0.        ,
          0.04833849, -0.14646968],
        [-0.89642278, -0.78097231, -0.7599438 , ..., -0.04833849,
          0.        , -0.19411563],
        [-0.79333957, -0.64487921, -0.61931566, ...,  0.14646968,
          0.19411563,  0.        ]],

       [[ 0.        ,  0.19846022,  0.05801906, ...,  0.32775669,
          0.41523469,  0.2572532 ],
        [-0.19846022,  0.        , -0.14126091, ...,  0.13373955,
          0.22643313,  0.06035531],
        [-0.05801906,  0.14126091,  0.        , ...,  0.27239036,
          0.36175445,  0.20075348],
        ...,
        [-0.32775669, -0.13373955, -0.27239036, ...,  0.        ,
          0.09413308, -0.07368263],
        [-0.41523469, -0.22643313, -0.36175445, ..., -0.09413308,
          0.        , -0.16723265],
        [-0.2572532 , -0.06035531, -0.20075348, ...,  0.07368263,
          0.16723265,  0.        ]],

       [[ 0.        ,  0.00902403,  0.07827843, ...,  0.85434685,
          0.87700097,  0.8806252 ],
        [-0.00902403,  0.        ,  0.0692789 , ...,  0.84962224,
          0.87262932,  0.87631363],
        [-0.07827843, -0.0692789 ,  0.        , ...,  0.81104377,
          0.83669803,  0.84083365],
        ...,
        [-0.85434685, -0.84962224, -0.81104377, ...,  0.        ,
          0.04527632,  0.05286267],
        [-0.87700097, -0.87262932, -0.83669803, ..., -0.04527632,
          0.        ,  0.00759545],
        [-0.8806252 , -0.87631363, -0.84083365, ..., -0.05286267,
         -0.00759545,  0.        ]],

       ...,

       [[ 0.        ,  0.37965359,  0.37965359, ...,  0.16597569,
          0.20560248,  0.25655119],
        [-0.37965359,  0.        ,  0.        , ..., -0.22083886,
         -0.18133375, -0.12960395],
        [-0.37965359,  0.        ,  0.        , ..., -0.22083886,
         -0.18133375, -0.12960395],
        ...,
        [-0.16597569,  0.22083886,  0.22083886, ...,  0.        ,
          0.04032103,  0.0925722 ],
        [-0.20560248,  0.18133375,  0.18133375, ..., -0.04032103,
          0.        ,  0.05234903],
        [-0.25655119,  0.12960395,  0.12960395, ..., -0.0925722 ,
         -0.05234903,  0.        ]],

       [[ 0.        , -0.01732449, -0.11726787, ...,  0.99657232,
          0.98603904,  0.97726045],
        [ 0.01732449,  0.        , -0.10004532, ...,  0.99785594,
          0.98877583,  0.98078731],
        [ 0.11726787,  0.10004532,  0.        , ...,  0.99939741,
          0.99876246,  0.99538344],
        ...,
        [-0.99657232, -0.99785594, -0.99939741, ...,  0.        ,
         -0.08437234, -0.13047068],
        [-0.98603904, -0.98877583, -0.99876246, ...,  0.08437234,
          0.        , -0.04635432],
        [-0.97726045, -0.98078731, -0.99538344, ...,  0.13047068,
          0.04635432,  0.        ]],

       [[ 0.        , -0.01771153,  0.00744177, ...,  0.85552293,
          0.84392147,  0.80920592],
        [ 0.01771153,  0.        ,  0.02515165, ...,  0.86455914,
          0.85329074,  0.81948495],
        [-0.00744177, -0.02515165,  0.        , ...,  0.85164615,
          0.83990584,  0.80481128],
        ...,
        [-0.85552293, -0.86455914, -0.85164615, ...,  0.        ,
         -0.02200665, -0.08366279],
        [-0.84392147, -0.85329074, -0.83990584, ...,  0.02200665,
          0.        , -0.06171303],
        [-0.80920592, -0.81948495, -0.80481128, ...,  0.08366279,
          0.06171303,  0.        ]]]), 'num': array([ 9.54780310e-01,  2.97272316e-01,  5.29821090e-05, -1.03094288e-10,
        1.30795300e-04,  1.32060041e-04,  1.29530559e-04,  4.85652118e-03,
       -2.10790169e-07,  1.32312989e-04,  1.36992531e-04,  1.28634701e-04,
        4.01219924e-07,  1.47716676e-04,  1.26268385e-04])}
{'img': array([[[ 0.        ,  0.03298845,  0.0653479 , ...,  0.78097231,
          0.64487921,  0.63599567],
        [-0.03298845,  0.        ,  0.03239439, ...,  0.7599438 ,
          0.61931566,  0.61019258],
        [-0.0653479 , -0.03239439,  0.        , ...,  0.73848896,
          0.59355642,  0.58420777],
        ...,
        [-0.78097231, -0.7599438 , -0.73848896, ...,  0.        ,
         -0.19411563, -0.20544951],
        [-0.64487921, -0.61931566, -0.59355642, ...,  0.19411563,
          0.        , -0.01156688],
        [-0.63599567, -0.61019258, -0.58420777, ...,  0.20544951,
          0.01156688,  0.        ]],

       [[ 0.        , -0.14126091, -0.1601064 , ...,  0.22643313,
          0.06035531,  0.02516266],
        [ 0.14126091,  0.        , -0.0190623 , ...,  0.36175445,
          0.20075348,  0.16612653],
        [ 0.1601064 ,  0.0190623 ,  0.        , ...,  0.37946   ,
          0.21939123,  0.18489377],
        ...,
        [-0.22643313, -0.36175445, -0.37946   , ...,  0.        ,
         -0.16723265, -0.20185233],
        [-0.06035531, -0.20075348, -0.21939123, ...,  0.16723265,
          0.        , -0.03521941],
        [-0.02516266, -0.16612653, -0.18489377, ...,  0.20185233,
          0.03521941,  0.        ]],

       [[ 0.        ,  0.0692789 ,  0.13405142, ...,  0.87262932,
          0.87631363,  0.8799544 ],
        [-0.0692789 ,  0.        ,  0.06507573, ...,  0.83669803,
          0.84083365,  0.84492866],
        [-0.13405142, -0.06507573,  0.        , ...,  0.79928484,
          0.80382628,  0.80833004],
        ...,
        [-0.87262932, -0.83669803, -0.79928484, ...,  0.        ,
          0.00759545,  0.01520521],
        [-0.87631363, -0.84083365, -0.80382628, ..., -0.00759545,
          0.        ,  0.0076102 ],
        [-0.8799544 , -0.84492866, -0.80833004, ..., -0.01520521,
         -0.0076102 ,  0.        ]],

       ...,

       [[ 0.        ,  0.        ,  0.        , ..., -0.18133375,
         -0.12960395, -0.16376871],
        [ 0.        ,  0.        ,  0.        , ..., -0.18133375,
         -0.12960395, -0.16376871],
        [ 0.        ,  0.        ,  0.        , ..., -0.18133375,
         -0.12960395, -0.16376871],
        ...,
        [ 0.18133375,  0.18133375,  0.18133375, ...,  0.        ,
          0.05234903,  0.01783184],
        [ 0.12960395,  0.12960395,  0.12960395, ..., -0.05234903,
          0.        , -0.03453332],
        [ 0.16376871,  0.16376871,  0.16376871, ..., -0.01783184,
          0.03453332,  0.        ]],

       [[ 0.        , -0.10004532, -0.17535596, ...,  0.98877583,
          0.98078731,  0.96389514],
        [ 0.10004532,  0.        , -0.07598105, ...,  0.99876246,
          0.99538344,  0.98569944],
        [ 0.17535596,  0.07598105,  0.        , ...,  0.9996542 ,
          0.99979857,  0.99565383],
        ...,
        [-0.98877583, -0.99876246, -0.9996542 , ...,  0.        ,
         -0.04635432, -0.11928092],
        [-0.98078731, -0.99538344, -0.99979857, ...,  0.04635432,
          0.        , -0.07312932],
        [-0.96389514, -0.98569944, -0.99565383, ...,  0.11928092,
          0.07312932,  0.        ]],

       [[ 0.        ,  0.02515165,  0.04194384, ...,  0.85329074,
          0.81948495,  0.79335843],
        [-0.02515165,  0.        ,  0.01680105, ...,  0.83990584,
          0.80481128,  0.77779626],
        [-0.04194384, -0.01680105,  0.        , ...,  0.83066882,
          0.79472574,  0.76712674],
        ...,
        [-0.85329074, -0.83990584, -0.83066882, ...,  0.        ,
         -0.06171303, -0.10575963],
        [-0.81948495, -0.80481128, -0.79472574, ...,  0.06171303,
          0.        , -0.04419112],
        [-0.79335843, -0.77779626, -0.76712674, ...,  0.10575963,
          0.04419112,  0.        ]]]), 'num': array([ 8.00518177e-01,  5.99292691e-01,  1.65754108e-05, -1.70455406e-09,
        1.07953587e-04,  1.09820989e-04,  1.07597892e-04,  4.33809801e-03,
       -2.40094469e-06,  1.11012569e-04,  1.14916327e-04,  1.08663496e-04,
        3.03584205e-07,  1.24147482e-04,  1.05685172e-04])}
{'img': array([[[ 0.        ,  0.03239439, -0.03298845, ...,  0.61931566,
          0.61019258,  0.4807114 ],
        [-0.03239439,  0.        , -0.0653479 , ...,  0.59355642,
          0.58420777,  0.45205315],
        [ 0.03298845,  0.0653479 ,  0.        , ...,  0.64487921,
          0.63599567,  0.50937664],
        ...,
        [-0.61931566, -0.59355642, -0.64487921, ...,  0.        ,
         -0.01156688, -0.16563806],
        [-0.61019258, -0.58420777, -0.63599567, ...,  0.01156688,
          0.        , -0.15421987],
        [-0.4807114 , -0.45205315, -0.50937664, ...,  0.16563806,
          0.15421987,  0.        ]],

       [[ 0.        , -0.0190623 ,  0.0450813 , ...,  0.20075348,
          0.16612653,  0.18936602],
        [ 0.0190623 ,  0.        ,  0.06411603, ...,  0.21939123,
          0.18489377,  0.20804901],
        [-0.0450813 , -0.06411603,  0.        , ...,  0.15638585,
          0.12150276,  0.14490787],
        ...,
        [-0.20075348, -0.21939123, -0.15638585, ...,  0.        ,
         -0.03521941, -0.0116103 ],
        [-0.16612653, -0.18489377, -0.12150276, ...,  0.03521941,
          0.        ,  0.02361394],
        [-0.18936602, -0.20804901, -0.14490787, ...,  0.0116103 ,
         -0.02361394,  0.        ]],

       [[ 0.        ,  0.06507573,  0.14887616, ...,  0.84083365,
          0.84492866,  0.82047263],
        [-0.06507573,  0.        ,  0.08421007, ...,  0.80382628,
          0.80833004,  0.78153063],
        [-0.14887616, -0.08421007,  0.        , ...,  0.75087756,
          0.75588191,  0.72621878],
        ...,
        [-0.84083365, -0.80382628, -0.75087756, ...,  0.        ,
          0.0076102 , -0.03657607],
        [-0.84492866, -0.80833004, -0.75588191, ..., -0.0076102 ,
          0.        , -0.04418012],
        [-0.82047263, -0.78153063, -0.72621878, ...,  0.03657607,
          0.04418012,  0.        ]],

       ...,

       [[ 0.        ,  0.        ,  0.        , ..., -0.12960395,
         -0.16376871, -0.31567649],
        [ 0.        ,  0.        ,  0.        , ..., -0.12960395,
         -0.16376871, -0.31567649],
        [ 0.        ,  0.        ,  0.        , ..., -0.12960395,
         -0.16376871, -0.31567649],
        ...,
        [ 0.12960395,  0.12960395,  0.12960395, ...,  0.        ,
         -0.03453332, -0.19003712],
        [ 0.16376871,  0.16376871,  0.16376871, ...,  0.03453332,
          0.        , -0.15601976],
        [ 0.31567649,  0.31567649,  0.31567649, ...,  0.19003712,
          0.15601976,  0.        ]],

       [[ 0.        , -0.07598105, -0.1175019 , ...,  0.99538344,
          0.98569944,  0.97640467],
        [ 0.07598105,  0.        , -0.04170753, ...,  0.99979857,
          0.99565383,  0.98999017],
        [ 0.1175019 ,  0.04170753,  0.        , ...,  0.9997657 ,
          0.99867176,  0.99501519],
        ...,
        [-0.99538344, -0.99979857, -0.9997657 , ...,  0.        ,
         -0.07312932, -0.12123836],
        [-0.98569944, -0.99565383, -0.99867176, ...,  0.07312932,
          0.        , -0.04832386],
        [-0.97640467, -0.98999017, -0.99501519, ...,  0.12123836,
          0.04832386,  0.        ]],

       [[ 0.        ,  0.01680105,  0.01322163, ...,  0.80481128,
          0.77779626,  0.72895252],
        [-0.01680105,  0.        , -0.00357983, ...,  0.79472574,
          0.76712674,  0.71734823],
        [-0.01322163,  0.00357983,  0.        , ...,  0.79689349,
          0.76941827,  0.71983775],
        ...,
        [-0.80481128, -0.79472574, -0.79689349, ...,  0.        ,
         -0.04419112, -0.11828927],
        [-0.77779626, -0.76712674, -0.76941827, ...,  0.04419112,
          0.        , -0.07429285],
        [-0.72895252, -0.71734823, -0.71983775, ...,  0.11828927,
          0.07429285,  0.        ]]]), 'num': array([ 7.30470188e-01,  6.82933968e-01,  3.87734258e-06, -6.30296895e-09,
        9.94481592e-05,  9.96103911e-05,  9.63657529e-05,  3.79723247e-03,
        9.73391444e-07,  1.00583783e-04,  1.04209666e-04,  9.92521289e-05,
        2.98283533e-07,  1.12303249e-04,  9.61160818e-05])}
{'img': array([[[ 0.        , -0.0653479 , -0.16792168, ...,  0.58420777,
          0.45205315,  0.51214359],
        [ 0.0653479 ,  0.        , -0.10314278, ...,  0.63599567,
          0.50937664,  0.56717621],
        [ 0.16792168,  0.10314278,  0.        , ...,  0.71219815,
          0.59541878,  0.64909924],
        ...,
        [-0.58420777, -0.63599567, -0.71219815, ...,  0.        ,
         -0.15421987, -0.0861181 ],
        [-0.45205315, -0.50937664, -0.59541878, ...,  0.15421987,
          0.        ,  0.0685591 ],
        [-0.51214359, -0.56717621, -0.64909924, ...,  0.0861181 ,
         -0.0685591 ,  0.        ]],

       [[ 0.        ,  0.06411603, -0.06519278, ...,  0.18489377,
          0.20804901,  0.1913055 ],
        [-0.06411603,  0.        , -0.12903828, ...,  0.12150276,
          0.14490787,  0.12798003],
        [ 0.06519278,  0.12903828,  0.        , ...,  0.2485692 ,
          0.27137269,  0.25488724],
        ...,
        [-0.18489377, -0.12150276, -0.2485692 , ...,  0.        ,
          0.02361394,  0.00652823],
        [-0.20804901, -0.14490787, -0.27137269, ..., -0.02361394,
          0.        , -0.01708703],
        [-0.1913055 , -0.12798003, -0.25488724, ..., -0.00652823,
          0.01708703,  0.        ]],

       [[ 0.        ,  0.08421007,  0.10624786, ...,  0.80833004,
          0.78153063,  0.7477239 ],
        [-0.08421007,  0.        ,  0.02213706, ...,  0.75588191,
          0.72621878,  0.68915169],
        [-0.10624786, -0.02213706,  0.        , ...,  0.74120337,
          0.71082239,  0.67294192],
        ...,
        [-0.80833004, -0.75588191, -0.74120337, ...,  0.        ,
         -0.04418012, -0.09653185],
        [-0.78153063, -0.72621878, -0.71082239, ...,  0.04418012,
          0.        , -0.0524638 ],
        [-0.7477239 , -0.68915169, -0.67294192, ...,  0.09653185,
          0.0524638 ,  0.        ]],

       ...,

       [[ 0.        ,  0.        ,  0.03269002, ..., -0.16376871,
         -0.31567649, -0.21289182],
        [ 0.        ,  0.        ,  0.03269002, ..., -0.16376871,
         -0.31567649, -0.21289182],
        [-0.03269002, -0.03269002,  0.        , ..., -0.19592985,
         -0.34652625, -0.24471867],
        ...,
        [ 0.16376871,  0.16376871,  0.19592985, ...,  0.        ,
         -0.15601976, -0.05000308],
        [ 0.31567649,  0.31567649,  0.34652625, ...,  0.15601976,
          0.        ,  0.10643385],
        [ 0.21289182,  0.21289182,  0.24471867, ...,  0.05000308,
         -0.10643385,  0.        ]],

       [[ 0.        , -0.04170753, -0.08919886, ...,  0.99565383,
          0.98999017,  0.97156698],
        [ 0.04170753,  0.        , -0.04757997, ...,  0.99867176,
          0.99501519,  0.98059646],
        [ 0.08919886,  0.04757997,  0.        , ...,  0.9999922 ,
          0.99863311,  0.98881331],
        ...,
        [-0.99565383, -0.99867176, -0.9999922 , ...,  0.        ,
         -0.04832386, -0.14525254],
        [-0.98999017, -0.99501519, -0.99863311, ...,  0.04832386,
          0.        , -0.09727148],
        [-0.97156698, -0.98059646, -0.98881331, ...,  0.14525254,
          0.09727148,  0.        ]],

       [[ 0.        , -0.00357983, -0.01545721, ...,  0.76712674,
          0.71734823,  0.69817944],
        [ 0.00357983,  0.        , -0.01187771, ...,  0.76941827,
          0.71983775,  0.70073784],
        [ 0.01545721,  0.01187771,  0.        , ...,  0.77695082,
          0.72803179,  0.7091622 ],
        ...,
        [-0.76712674, -0.76941827, -0.77695082, ...,  0.        ,
         -0.07429285, -0.10132452],
        [-0.71734823, -0.71983775, -0.72803179, ...,  0.07429285,
          0.        , -0.027134  ],
        [-0.69817944, -0.70073784, -0.7091622 , ...,  0.10132452,
          0.027134  ,  0.        ]]]), 'num': array([ 7.18410044e-01,  6.95605433e-01,  1.90833563e-06, -5.74173332e-09,
        9.54167816e-05,  9.78920287e-05,  9.50175482e-05,  4.47349803e-03,
       -2.47524705e-06,  9.77163660e-05,  1.01900332e-04,  9.77789125e-05,
        2.81692599e-07,  1.09879505e-04,  9.39211594e-05])}
{'img': array([[[ 0.        , -0.10314278,  0.03298845, ...,  0.50937664,
          0.56717621,  0.41290248],
        [ 0.10314278,  0.        ,  0.13589915, ...,  0.59541878,
          0.64909924,  0.50464018],
        [-0.03298845, -0.13589915,  0.        , ...,  0.4807114 ,
          0.53969834,  0.38263269],
        ...,
        [-0.50937664, -0.59541878, -0.4807114 , ...,  0.        ,
          0.0685591 , -0.108607  ],
        [-0.56717621, -0.64909924, -0.53969834, ..., -0.0685591 ,
          0.        , -0.17650502],
        [-0.41290248, -0.50464018, -0.38263269, ...,  0.108607  ,
          0.17650502,  0.        ]],

       [[ 0.        , -0.12903828, -0.27542542, ...,  0.14490787,
          0.12798003,  0.20190979],
        [ 0.12903828,  0.        , -0.14907536, ...,  0.27137269,
          0.25488724,  0.32660237],
        [ 0.27542542,  0.14907536,  0.        , ...,  0.41182153,
          0.3961906 ,  0.4638532 ],
        ...,
        [-0.14490787, -0.27137269, -0.41182153, ...,  0.        ,
         -0.01708703,  0.0578553 ],
        [-0.12798003, -0.25488724, -0.3961906 , ...,  0.01708703,
          0.        ,  0.07490526],
        [-0.20190979, -0.32660237, -0.4638532 , ..., -0.0578553 ,
         -0.07490526,  0.        ]],

       [[ 0.        ,  0.02213706,  0.0294431 , ...,  0.72621878,
          0.68915169,  0.61328599],
        [-0.02213706,  0.        ,  0.00730843, ...,  0.71082239,
          0.67294192,  0.59565051],
        [-0.0294431 , -0.00730843,  0.        , ...,  0.70566287,
          0.66751794,  0.58976415],
        ...,
        [-0.72621878, -0.71082239, -0.70566287, ...,  0.        ,
         -0.0524638 , -0.15200001],
        [-0.68915169, -0.67294192, -0.66751794, ...,  0.0524638 ,
          0.        , -0.09993648],
        [-0.61328599, -0.59565051, -0.58976415, ...,  0.15200001,
          0.09993648,  0.        ]],

       ...,

       [[ 0.        ,  0.03269002,  0.07467451, ..., -0.31567649,
         -0.21289182, -0.27066864],
        [-0.03269002,  0.        ,  0.04203585, ..., -0.34652625,
         -0.24471867, -0.30199377],
        [-0.07467451, -0.04203585,  0.        , ..., -0.38565128,
         -0.28526008, -0.34180003],
        ...,
        [ 0.31567649,  0.34652625,  0.38565128, ...,  0.        ,
          0.10643385,  0.04706459],
        [ 0.21289182,  0.24471867,  0.28526008, ..., -0.10643385,
          0.        , -0.05951865],
        [ 0.27066864,  0.30199377,  0.34180003, ..., -0.04706459,
          0.05951865,  0.        ]],

       [[ 0.        , -0.04757997, -0.09321185, ...,  0.99501519,
          0.98059646,  0.96551557],
        [ 0.04757997,  0.        , -0.04573346, ...,  0.99863311,
          0.98881331,  0.97680928],
        [ 0.09321185,  0.04573346,  0.        , ...,  0.9999786 ,
          0.99460022,  0.98557927],
        ...,
        [-0.99501519, -0.99863311, -0.9999786 , ...,  0.        ,
         -0.09727148, -0.16276295],
        [-0.98059646, -0.98881331, -0.99460022, ...,  0.09727148,
          0.        , -0.06601673],
        [-0.96551557, -0.97680928, -0.98557927, ...,  0.16276295,
          0.06601673,  0.        ]],

       [[ 0.        , -0.01187771, -0.00791178, ...,  0.71983775,
          0.70073784,  0.65317872],
        [ 0.01187771,  0.        ,  0.00396612, ...,  0.72803179,
          0.7091622 ,  0.66212649],
        [ 0.00791178, -0.00396612,  0.        , ...,  0.72530712,
          0.70636032,  0.6591491 ],
        ...,
        [-0.71983775, -0.72803179, -0.72530712, ...,  0.        ,
         -0.027134  , -0.09166485],
        [-0.70073784, -0.7091622 , -0.70636032, ...,  0.027134  ,
          0.        , -0.06461133],
        [-0.65317872, -0.66212649, -0.6591491 , ...,  0.09166485,
          0.06461133,  0.        ]]]), 'num': array([ 7.15462049e-01,  6.98643687e-01,  1.38308900e-06, -6.37641729e-09,
        9.66572539e-05,  9.72931569e-05,  9.57828873e-05,  3.31329302e-03,
        1.66924534e-06,  9.68480248e-05,  1.00842290e-04,  9.74600814e-05,
        3.25270070e-07,  1.08313351e-04,  9.33712295e-05])}
{'img': array([[[ 0.        ,  0.13589915,  0.        , ...,  0.64909924,
          0.50464018,  0.60456163],
        [-0.13589915,  0.        , -0.13589915, ...,  0.53969834,
          0.38263269,  0.49070131],
        [ 0.        ,  0.13589915,  0.        , ...,  0.64909924,
          0.50464018,  0.60456163],
        ...,
        [-0.64909924, -0.53969834, -0.64909924, ...,  0.        ,
         -0.17650502, -0.05715313],
        [-0.50464018, -0.38263269, -0.50464018, ...,  0.17650502,
          0.        ,  0.11996069],
        [-0.60456163, -0.49070131, -0.60456163, ...,  0.05715313,
         -0.11996069,  0.        ]],

       [[ 0.        , -0.14907536,  0.29790754, ...,  0.25488724,
          0.32660237,  0.20818248],
        [ 0.14907536,  0.        ,  0.43688522, ...,  0.3961906 ,
          0.4638532 ,  0.35166534],
        [-0.29790754, -0.43688522,  0.        , ..., -0.04475387,
          0.03020207, -0.09265048],
        ...,
        [-0.25488724, -0.3961906 ,  0.04475387, ...,  0.        ,
          0.07490526, -0.04799628],
        [-0.32660237, -0.4638532 , -0.03020207, ..., -0.07490526,
          0.        , -0.12268038],
        [-0.20818248, -0.35166534,  0.09265048, ...,  0.04799628,
          0.12268038,  0.        ]],

       [[ 0.        ,  0.00730843, -0.02213706, ...,  0.67294192,
          0.59565051,  0.56867335],
        [-0.00730843,  0.        , -0.0294431 , ...,  0.66751794,
          0.58976415,  0.56264651],
        [ 0.02213706,  0.0294431 ,  0.        , ...,  0.68915169,
          0.61328599,  0.58674312],
        ...,
        [-0.67294192, -0.66751794, -0.68915169, ...,  0.        ,
         -0.09993648, -0.13289241],
        [-0.59565051, -0.58976415, -0.61328599, ...,  0.09993648,
          0.        , -0.03317704],
        [-0.56867335, -0.56264651, -0.58674312, ...,  0.13289241,
          0.03317704,  0.        ]],

       ...,

       [[ 0.        ,  0.04203585, -0.05239034, ..., -0.24471867,
         -0.30199377, -0.09116307],
        [-0.04203585,  0.        , -0.09432216, ..., -0.28526008,
         -0.34180003, -0.1329433 ],
        [ 0.05239034,  0.09432216,  0.        , ..., -0.19358522,
         -0.2516348 , -0.03886568],
        ...,
        [ 0.24471867,  0.28526008,  0.19358522, ...,  0.        ,
         -0.05951865,  0.15530848],
        [ 0.30199377,  0.34180003,  0.2516348 , ...,  0.05951865,
          0.        ,  0.2138296 ],
        [ 0.09116307,  0.1329433 ,  0.03886568, ..., -0.15530848,
         -0.2138296 ,  0.        ]],

       [[ 0.        , -0.04573346, -0.08194861, ...,  0.98881331,
          0.97680928,  0.94999696],
        [ 0.04573346,  0.        , -0.03628322, ...,  0.99460022,
          0.98557927,  0.96328365],
        [ 0.08194861,  0.03628322,  0.        , ...,  0.99771082,
          0.99106996,  0.9723909 ],
        ...,
        [-0.98881331, -0.99460022, -0.99771082, ...,  0.        ,
         -0.06601673, -0.16706593],
        [-0.97680928, -0.98557927, -0.99106996, ...,  0.06601673,
          0.        , -0.10161257],
        [-0.94999696, -0.96328365, -0.9723909 , ...,  0.16706593,
          0.10161257,  0.        ]],

       [[ 0.        ,  0.00396612, -0.0081837 , ...,  0.7091622 ,
          0.66212649,  0.65318993],
        [-0.00396612,  0.        , -0.01214962, ...,  0.70636032,
          0.6591491 ,  0.65018167],
        [ 0.0081837 ,  0.01214962,  0.        , ...,  0.71490833,
          0.66823711,  0.65936471],
        ...,
        [-0.7091622 , -0.70636032, -0.71490833, ...,  0.        ,
         -0.06461133, -0.07644489],
        [-0.66212649, -0.6591491 , -0.66823711, ...,  0.06461133,
          0.        , -0.0118629 ],
        [-0.65318993, -0.65018167, -0.65936471, ...,  0.07644489,
          0.0118629 ,  0.        ]]]), 'num': array([ 7.42320827e-01,  6.70036509e-01,  5.97391058e-06, -6.29527296e-09,
        9.98402183e-05,  9.99227308e-05,  9.78599164e-05,  3.28397581e-03,
       -4.95075462e-07,  1.00021746e-04,  1.04221636e-04,  1.01306192e-04,
        1.96332177e-07,  1.11984294e-04,  9.64589784e-05])}
{'img': array([[[ 0.        , -0.13589915, -0.06660597, ...,  0.38263269,
          0.49070131,  0.46054121],
        [ 0.13589915,  0.        ,  0.06960932, ...,  0.50464018,
          0.60456163,  0.57689791],
        [ 0.06660597, -0.06960932,  0.        , ...,  0.44332029,
          0.54764728,  0.51864052],
        ...,
        [-0.38263269, -0.50464018, -0.44332029, ...,  0.        ,
          0.11996069,  0.08585483],
        [-0.49070131, -0.60456163, -0.54764728, ..., -0.11996069,
          0.        , -0.03428291],
        [-0.46054121, -0.57689791, -0.51864052, ..., -0.08585483,
          0.03428291,  0.        ]],

       [[ 0.        ,  0.43688522,  0.13304891, ...,  0.4638532 ,
          0.35166534,  0.33358782],
        [-0.43688522,  0.        , -0.31332129, ...,  0.03020207,
         -0.09265048, -0.11179201],
        [-0.13304891,  0.31332129,  0.        , ...,  0.34185966,
          0.22398833,  0.20519431],
        ...,
        [-0.4638532 , -0.03020207, -0.34185966, ...,  0.        ,
         -0.12268038, -0.14175376],
        [-0.35166534,  0.09265048, -0.22398833, ...,  0.12268038,
          0.        , -0.01924144],
        [-0.33358782,  0.11179201, -0.20519431, ...,  0.14175376,
          0.01924144,  0.        ]],

       [[ 0.        , -0.0294431 , -0.05190303, ...,  0.58976415,
          0.56264651,  0.53077926],
        [ 0.0294431 ,  0.        , -0.02247711, ...,  0.61328599,
          0.58674312,  0.55550247],
        [ 0.05190303,  0.02247711,  0.        , ...,  0.63088484,
          0.60479625,  0.57405218],
        ...,
        [-0.58976415, -0.61328599, -0.63088484, ...,  0.        ,
         -0.03317704, -0.07118673],
        [-0.56264651, -0.58674312, -0.60479625, ...,  0.03317704,
          0.        , -0.03805467],
        [-0.53077926, -0.55550247, -0.57405218, ...,  0.07118673,
          0.03805467,  0.        ]],

       ...,

       [[ 0.        , -0.09432216, -0.13669947, ..., -0.34180003,
         -0.1329433 , -0.83883205],
        [ 0.09432216,  0.        , -0.04265331, ..., -0.2516348 ,
         -0.03886568, -0.78374424],
        [ 0.13669947,  0.04265331,  0.        , ..., -0.21012497,
          0.00379077, -0.75653971],
        ...,
        [ 0.34180003,  0.2516348 ,  0.21012497, ...,  0.        ,
          0.2138296 , -0.60223886],
        [ 0.1329433 ,  0.03886568, -0.00379077, ..., -0.2138296 ,
          0.        , -0.75901324],
        [ 0.83883205,  0.78374424,  0.75653971, ...,  0.60223886,
          0.75901324,  0.        ]],

       [[ 0.        , -0.03628322, -0.09000465, ...,  0.98557927,
          0.96328365,  0.95182924],
        [ 0.03628322,  0.        , -0.05380943, ...,  0.99106996,
          0.9723909 ,  0.96232798],
        [ 0.09000465,  0.05380943,  0.        , ...,  0.99680922,
          0.98353898,  0.9755641 ],
        ...,
        [-0.98557927, -0.99106996, -0.99680922, ...,  0.        ,
         -0.10161257, -0.14114361],
        [-0.96328365, -0.9723909 , -0.98353898, ...,  0.10161257,
          0.        , -0.03981771],
        [-0.95182924, -0.96232798, -0.9755641 , ...,  0.14114361,
          0.03981771,  0.        ]],

       [[ 0.        , -0.01214962, -0.01001057, ...,  0.6591491 ,
          0.65018167,  0.6182991 ],
        [ 0.01214962,  0.        ,  0.00213919, ...,  0.66823711,
          0.65936471,  0.62780238],
        [ 0.01001057, -0.00213919,  0.        , ...,  0.66664414,
          0.65775491,  0.62613586],
        ...,
        [-0.6591491 , -0.66823711, -0.66664414, ...,  0.        ,
         -0.0118629 , -0.05308503],
        [-0.65018167, -0.65936471, -0.65775491, ...,  0.0118629 ,
          0.        , -0.04123512],
        [-0.6182991 , -0.62780238, -0.62613586, ...,  0.05308503,
          0.04123512,  0.        ]]]), 'num': array([ 7.45406712e-01,  6.66601409e-01,  6.47537411e-06, -6.71509863e-09,
        1.00774045e-04,  1.01767708e-04,  9.99459917e-05,  3.36330269e-03,
        5.79637068e-07,  1.00426262e-04,  1.04144220e-04,  1.01785649e-04,
        3.30405366e-07,  1.11730216e-04,  9.65582246e-05])}
{'img': array([[[ 0.        ,  0.06960932,  0.03524823, ...,  0.60456163,
          0.57689791,  0.60910367],
        [-0.06960932,  0.        , -0.03440334, ...,  0.54764728,
          0.51864052,  0.55241969],
        [-0.03524823,  0.03440334,  0.        , ...,  0.57610868,
          0.54774809,  0.58077013],
        ...,
        [-0.60456163, -0.54764728, -0.57610868, ...,  0.        ,
         -0.03428291,  0.00571447],
        [-0.57689791, -0.51864052, -0.54774809, ...,  0.03428291,
          0.        ,  0.03999347],
        [-0.60910367, -0.55241969, -0.58077013, ..., -0.00571447,
         -0.03999347,  0.        ]],

       [[ 0.        , -0.41897273, -0.35309455, ..., -0.09825313,
         -0.11896428, -0.10982333],
        [ 0.41897273,  0.        ,  0.07137627, ...,  0.32773178,
          0.30797798,  0.31671895],
        [ 0.35309455, -0.07137627,  0.        , ...,  0.25946168,
          0.23928555,  0.24820938],
        ...,
        [ 0.09825313, -0.32773178, -0.25946168, ...,  0.        ,
         -0.02083328, -0.01163314],
        [ 0.11896428, -0.30797798, -0.23928555, ...,  0.02083328,
          0.        ,  0.00920126],
        [ 0.10982333, -0.31671895, -0.24820938, ...,  0.01163314,
         -0.00920126,  0.        ]],

       [[ 0.        , -0.02247711, -0.03765882, ...,  0.58674312,
          0.55550247,  0.55856148],
        [ 0.02247711,  0.        , -0.01518814, ...,  0.60479625,
          0.57405218,  0.5770643 ],
        [ 0.03765882,  0.01518814,  0.        , ...,  0.61682202,
          0.5864223 ,  0.58940187],
        ...,
        [-0.58674312, -0.60479625, -0.61682202, ...,  0.        ,
         -0.03805467, -0.03437371],
        [-0.55550247, -0.57405218, -0.5864223 , ...,  0.03805467,
          0.        ,  0.00368337],
        [-0.55856148, -0.5770643 , -0.58940187, ...,  0.03437371,
         -0.00368337,  0.        ]],

       ...,

       [[ 0.        , -0.04265331,  0.12098345, ..., -0.03886568,
         -0.78374424, -0.07606895],
        [ 0.04265331,  0.        ,  0.16321335, ...,  0.00379077,
         -0.75653971, -0.03346999],
        [-0.12098345, -0.16321335,  0.        , ..., -0.15947223,
         -0.85312812, -0.19614309],
        ...,
        [ 0.03886568, -0.00379077,  0.15947223, ...,  0.        ,
         -0.75901324, -0.0372584 ],
        [ 0.78374424,  0.75653971,  0.85312812, ...,  0.75901324,
          0.        ,  0.73422821],
        [ 0.07606895,  0.03346999,  0.19614309, ...,  0.0372584 ,
         -0.73422821,  0.        ]],

       [[ 0.        , -0.05380943, -0.13540163, ...,  0.9723909 ,
          0.96232798,  0.94551525],
        [ 0.05380943,  0.        , -0.08189158, ...,  0.98353898,
          0.9755641 ,  0.96166457],
        [ 0.13540163,  0.08189158,  0.        , ...,  0.995033  ,
          0.99028022,  0.98089157],
        ...,
        [-0.9723909 , -0.98353898, -0.995033  , ...,  0.        ,
         -0.03981771, -0.0959454 ],
        [-0.96232798, -0.9755641 , -0.99028022, ...,  0.03981771,
          0.        , -0.0562353 ],
        [-0.94551525, -0.96166457, -0.98089157, ...,  0.0959454 ,
          0.0562353 ,  0.        ]],

       [[ 0.        ,  0.00213919,  0.01049795, ...,  0.65936471,
          0.62780238,  0.61109859],
        [-0.00213919,  0.        ,  0.00835886, ...,  0.65775491,
          0.62613586,  0.60940391],
        [-0.01049795, -0.00835886,  0.        , ...,  0.65143577,
          0.61959646,  0.60275522],
        ...,
        [-0.65936471, -0.65775491, -0.65143577, ...,  0.        ,
         -0.04123512, -0.06248497],
        [-0.62780238, -0.62613586, -0.61959646, ...,  0.04123512,
          0.        , -0.02127728],
        [-0.61109859, -0.60940391, -0.60275522, ...,  0.06248497,
          0.02127728,  0.        ]]]), 'num': array([ 7.62752700e-01,  6.46672250e-01,  9.49145136e-06, -6.36073345e-09,
        1.03550803e-04,  1.06937583e-04,  1.02958116e-04,  4.81997237e-03,
        5.08017022e-07,  1.02636372e-04,  1.06027386e-04,  1.04236626e-04,
        3.85667373e-07,  1.13316221e-04,  9.87385513e-05])}
{'img': array([[[ 0.00000000e+00, -3.44033362e-02, -2.19954181e-01, ...,
          5.18640522e-01,  5.52419690e-01,  5.80681618e-01],
        [ 3.44033362e-02,  0.00000000e+00, -1.86263169e-01, ...,
          5.47748093e-01,  5.80770130e-01,  6.08346686e-01],
        [ 2.19954181e-01,  1.86263169e-01,  0.00000000e+00, ...,
          6.93998275e-01,  7.22237399e-01,  7.45532304e-01],
        ...,
        [-5.18640522e-01, -5.47748093e-01, -6.93998275e-01, ...,
          0.00000000e+00,  3.99934684e-02,  7.42371817e-02],
