state_0,state_1,state_2,state_3,state_4,state_5,state_6,state_7,state_8,state_9,state_10,state_11,state_12,state_13,state_14,state_15,state_16,state_17,state_18,state_19,state_20,state_21,state_22,state_23,state_24,state_25,state_26,state_27,state_28,state_29,state_30,state_31,state_32,state_33,state_34,state_35,state_36,state_37,state_38,state_39,state_40,state_41,state_42,state_43,state_44,state_45,state_46,state_47,state_48,state_49,state_50,state_51,state_52,state_53,state_54,state_55,state_56,state_57,state_58,state_59,state_60,state_61,state_62,state_63,state_64,state_65,state_66,state_67,state_68,state_69,state_70,state_71,state_72,state_73,state_74,state_75,state_76,state_77,state_78,state_79,state_80,state_81,state_82,state_83,state_84,state_85,state_86,state_87,state_88,state_89,state_90,state_91,state_92,state_93,state_94,state_95,state_96,state_97,state_98,state_99,state_100,state_101,state_102,state_103,state_104,state_105,state_106,state_107,state_108,state_109,state_110,state_111,state_112,state_113,state_114,state_115,state_116,state_117,state_118,state_119,state_120,state_121,state_122,state_123,state_124,state_125,state_126,state_127,state_128,state_129,state_130,state_131,state_132,state_133,state_134,state_135,state_136,state_137,state_138,state_139,state_140,state_141,state_142,state_143,state_144,state_145,state_146,state_147,state_148,state_149,state_150,state_151,state_152,state_153,state_154,state_155,state_156,state_157,state_158,state_159,state_160,state_161,state_162,state_163,state_164,state_165,state_166,state_167,state_168,state_169,state_170,state_171,state_172,state_173,state_174,state_175,state_176,state_177,state_178,state_179,state_180,state_181,state_182,state_183,state_184,state_185,state_186,state_187,state_188,state_189,state_190,state_191,state_192,state_193,state_194,state_195,state_196,state_197,state_198,state_199,state_200,state_201,state_202,state_203,state_204,state_205,state_206,state_207,state_208,state_209,state_210,state_211,state_212,state_213,state_214,state_215,state_216,state_217,state_218,state_219,state_220,state_221,state_222,state_223,state_224,state_225,state_226,state_227,state_228,state_229,state_230,state_231,state_232,state_233,state_234,state_235,state_236,state_237,state_238,state_239,state_240,state_241,state_242,state_243,state_244,state_245,state_246,state_247,state_248,state_249,state_250,state_251,state_252,state_253,state_254,state_255,state_256,state_257,state_258,state_259,state_260,state_261,state_262,state_263,state_264,state_265,state_266,state_267,state_268,state_269,state_270,state_271,state_272,state_273,state_274,state_275,state_276,state_277,state_278,state_279,state_280,state_281,state_282,state_283,state_284,state_285,state_286,state_287
{'img': array([[[ 0.        , -0.246146  , -0.53026559, ...,  0.99930305,
          0.99921234,  0.69580366],
        [ 0.246146  ,  0.        , -0.30526043, ...,  0.97774549,
          0.95870162,  0.49760576],
        [ 0.53026559,  0.30526043,  0.        , ...,  0.86703465,
          0.82612147,  0.20907058],
        ...,
        [-0.99930305, -0.97774549, -0.86703465, ...,  0.        ,
          0.0769539 ,  0.74370469],
        [-0.99921234, -0.95870162, -0.82612147, ..., -0.0769539 ,
          0.        ,  0.69005503],
        [-0.69580366, -0.49760576, -0.20907058, ..., -0.74370469,
         -0.69005503,  0.        ]],

       [[ 0.        ,  0.32536067,  0.9426877 , ...,  0.39645376,
          0.91917909,  0.93218688],
        [-0.32536067,  0.        ,  0.78283089, ...,  0.07618382,
          0.74102656,  0.76369338],
        [-0.9426877 , -0.78283089,  0.        , ..., -0.73315162,
         -0.06455964, -0.03018292],
        ...,
        [-0.39645376, -0.07618382,  0.73315162, ...,  0.        ,
          0.68771739,  0.71229124],
        [-0.91917909, -0.74102656,  0.06455964, ..., -0.68771739,
          0.        ,  0.03441027],
        [-0.93218688, -0.76369338,  0.03018292, ..., -0.71229124,
         -0.03441027,  0.        ]],

       [[ 0.        , -0.07172706, -0.21405253, ...,  0.9362562 ,
          0.89362262,  0.62263049],
        [ 0.07172706,  0.        , -0.14343662, ...,  0.90864568,
          0.85912844,  0.56489921],
        [ 0.21405253,  0.14343662,  0.        , ...,  0.8393553 ,
          0.7768395 ,  0.44069972],
        ...,
        [-0.9362562 , -0.90864568, -0.8393553 , ...,  0.        ,
          0.106264  ,  0.51389417],
        [-0.89362262, -0.85912844, -0.7768395 , ..., -0.106264  ,
          0.        ,  0.41982552],
        [-0.62263049, -0.56489921, -0.44069972, ..., -0.51389417,
         -0.41982552,  0.        ]],

       ...,

       [[ 0.        , -0.00705437, -0.1361144 , ...,  0.81763485,
          0.85427595,  0.90796992],
        [ 0.00705437,  0.        , -0.1291223 , ...,  0.82167596,
          0.85792169,  0.91090335],
        [ 0.1361144 ,  0.1291223 ,  0.        , ...,  0.88839134,
          0.91708027,  0.9565563 ],
        ...,
        [-0.81763485, -0.82167596, -0.88839134, ...,  0.        ,
          0.06681563,  0.1801341 ],
        [-0.85427595, -0.85792169, -0.91708027, ..., -0.06681563,
          0.        ,  0.11400889],
        [-0.90796992, -0.91090335, -0.9565563 , ..., -0.1801341 ,
         -0.11400889,  0.        ]],

       [[ 0.        , -0.07663672, -0.24259842, ...,  0.90745342,
          0.94054868,  0.97925723],
        [ 0.07663672,  0.        , -0.16753762, ...,  0.9369838 ,
          0.96381295,  0.9608491 ],
        [ 0.24259842,  0.16753762,  0.        , ...,  0.98227326,
          0.9948522 ,  0.90084814],
        ...,
        [-0.90745342, -0.9369838 , -0.98227326, ...,  0.        ,
          0.08694941,  0.59530672],
        [-0.94054868, -0.96381295, -0.9948522 , ..., -0.08694941,
          0.        ,  0.5231884 ],
        [-0.97925723, -0.9608491 , -0.90084814, ..., -0.59530672,
         -0.5231884 ,  0.        ]],

       [[ 0.        , -0.12584154, -0.181002  , ...,  0.96194402,
          0.96791282,  0.98763554],
        [ 0.12584154,  0.        , -0.05580012, ...,  0.91991113,
          0.928596  ,  0.96005633],
        [ 0.181002  ,  0.05580012,  0.        , ...,  0.89659715,
          0.90644222,  0.94294727],
        ...,
        [-0.96194402, -0.91991113, -0.89659715, ...,  0.        ,
         -0.02275558, -0.11906653],
        [-0.96791282, -0.928596  , -0.90644222, ...,  0.02275558,
          0.        , -0.096442  ],
        [-0.98763554, -0.96005633, -0.94294727, ...,  0.11906653,
          0.096442  ,  0.        ]]]), 'num': array([6.32255992e-01, 6.32255992e-01, 0.00000000e+00, 0.00000000e+00,
       1.48580158e-01, 1.52373694e-01, 1.47947902e-01, 1.99924403e-01,
       0.00000000e+00, 1.43395659e-01, 1.36946648e-01, 1.27488098e-01,
       8.16330522e-05, 1.48648680e-01, 1.25244616e-01])}
{'img': array([[[ 0.        , -0.30526043, -0.49760576, ...,  0.95870162,
          0.49760576,  0.49760576],
        [ 0.30526043,  0.        , -0.20907058, ...,  0.82612147,
          0.20907058,  0.20907058],
        [ 0.49760576,  0.20907058,  0.        , ...,  0.69005503,
          0.        ,  0.        ],
        ...,
        [-0.95870162, -0.82612147, -0.69005503, ...,  0.        ,
          0.69005503,  0.69005503],
        [-0.49760576, -0.20907058, -0.        , ..., -0.69005503,
          0.        ,  0.        ],
        [-0.49760576, -0.20907058, -0.        , ..., -0.69005503,
          0.        ,  0.        ]],

       [[ 0.        ,  0.78283089, -0.11565233, ...,  0.74102656,
          0.76369338,  0.01075329],
        [-0.78283089,  0.        , -0.84954077, ..., -0.06455964,
         -0.03018292, -0.77609456],
        [ 0.11565233,  0.84954077,  0.        , ...,  0.81371182,
          0.83323154,  0.12632677],
        ...,
        [-0.74102656,  0.06455964, -0.81371182, ...,  0.        ,
          0.03441027, -0.73376314],
        [-0.76369338,  0.03018292, -0.83323154, ..., -0.03441027,
          0.        , -0.75670712],
        [-0.01075329,  0.77609456, -0.12632677, ...,  0.73376314,
          0.75670712,  0.        ]],

       [[ 0.        , -0.13829204, -0.23002729, ...,  0.95022267,
          0.89144583,  0.5475671 ],
        [ 0.13829204,  0.        , -0.09323344, ...,  0.89800457,
          0.82021647,  0.4265883 ],
        [ 0.23002729,  0.09323344,  0.        , ...,  0.85307169,
          0.76330933,  0.34040559],
        ...,
        [-0.95022267, -0.89800457, -0.85307169, ...,  0.        ,
          0.15282259,  0.62450364],
        [-0.89144583, -0.82021647, -0.76330933, ..., -0.15282259,
          0.        ,  0.4978102 ],
        [-0.5475671 , -0.4265883 , -0.34040559, ..., -0.62450364,
         -0.4978102 ,  0.        ]],

       ...,

       [[ 0.        , -0.1291223 , -0.7536425 , ...,  0.85792169,
          0.91090335,  0.97108004],
        [ 0.1291223 ,  0.        , -0.66246342, ...,  0.91708027,
          0.9565563 ,  0.9937793 ],
        [ 0.7536425 ,  0.66246342,  0.        , ...,  0.95110547,
          0.9096905 ,  0.8182112 ],
        ...,
        [-0.85792169, -0.91708027, -0.95110547, ...,  0.        ,
          0.11400889,  0.29408957],
        [-0.91090335, -0.9565563 , -0.9096905 , ..., -0.11400889,
          0.        ,  0.18320485],
        [-0.97108004, -0.9937793 , -0.8182112 , ..., -0.29408957,
         -0.18320485,  0.        ]],

       [[ 0.        , -0.16061262, -0.30139703, ...,  0.9196774 ,
          0.98760253,  0.94803866],
        [ 0.16061262,  0.        , -0.14434022, ...,  0.97080623,
          0.99999321,  0.88463104],
        [ 0.30139703,  0.14434022,  0.        , ...,  0.99526224,
          0.98898964,  0.80806265],
        ...,
        [-0.9196774 , -0.97080623, -0.99526224, ...,  0.        ,
          0.24343999,  0.66487096],
        [-0.98760253, -0.99999321, -0.98898964, ..., -0.24343999,
          0.        ,  0.46302945],
        [-0.94803866, -0.88463104, -0.80806265, ..., -0.66487096,
         -0.46302945,  0.        ]],

       [[ 0.        , -0.05580012, -0.14943564, ...,  0.928596  ,
          0.96005633,  0.97613287],
        [ 0.05580012,  0.        , -0.09402924, ...,  0.90644222,
          0.94294727,  0.96249367],
        [ 0.14943564,  0.09402924,  0.        , ...,  0.86271482,
          0.90746319,  0.93271876],
        ...,
        [-0.928596  , -0.90644222, -0.86271482, ...,  0.        ,
         -0.096442  , -0.16056828],
        [-0.96005633, -0.94294727, -0.90746319, ...,  0.096442  ,
          0.        , -0.06462916],
        [-0.97613287, -0.96249367, -0.93271876, ...,  0.16056828,
          0.06462916,  0.        ]]]), 'num': array([ 6.37018217e-01,  6.37018217e-01,  0.00000000e+00,  0.00000000e+00,
        1.46514190e-01,  1.50336299e-01,  1.46514190e-01,  1.64703608e-01,
       -3.18509108e-03,  1.46259383e-01,  1.38296655e-01,  1.29112976e-01,
        7.67491827e-05,  1.50635091e-01,  1.25958219e-01])}
{'img': array([[[ 0.        , -0.20907058,  0.47336783, ...,  0.20907058,
          0.20907058,  0.67610138],
        [ 0.20907058,  0.        ,  0.6470696 , ...,  0.        ,
          0.        ,  0.50711491],
        [-0.47336783, -0.6470696 ,  0.        , ...,  0.6470696 ,
          0.6470696 ,  0.94433544],
        ...,
        [-0.20907058, -0.        , -0.6470696 , ...,  0.        ,
          0.        , -0.50711491],
        [-0.20907058, -0.        , -0.6470696 , ...,  0.        ,
          0.        , -0.50711491],
        [-0.67610138, -0.50711491, -0.94433544, ...,  0.50711491,
          0.50711491,  0.        ]],

       [[ 0.        , -0.84954077, -0.55188359, ..., -0.03018292,
         -0.77609456, -0.86295769],
        [ 0.84954077,  0.        ,  0.41731876, ...,  0.83323154,
          0.12632677, -0.02597727],
        [ 0.55188359, -0.41731876,  0.        , ...,  0.52646198,
         -0.29917475, -0.44078504],
        ...,
        [ 0.03018292, -0.83323154, -0.52646198, ...,  0.        ,
         -0.75670712, -0.84731381],
        [ 0.77609456, -0.12632677,  0.29917475, ...,  0.75670712,
          0.        , -0.1520533 ],
        [ 0.86295769,  0.02597727,  0.44078504, ...,  0.84731381,
          0.1520533 ,  0.        ]],

       [[ 0.        , -0.09106592, -0.18228351, ...,  0.89108675,
          0.75471402,  0.41747724],
        [ 0.09106592,  0.        , -0.09198589, ...,  0.84605545,
          0.69183393,  0.33299211],
        [ 0.18228351,  0.09198589,  0.        , ...,  0.79343123,
          0.62248174,  0.2448441 ],
        ...,
        [-0.89108675, -0.84605545, -0.79343123, ...,  0.        ,
          0.24208683,  0.62025434],
        [-0.75471402, -0.69183393, -0.62248174, ..., -0.24208683,
          0.        ,  0.41191153],
        [-0.41747724, -0.33299211, -0.2448441 , ..., -0.62025434,
         -0.41191153,  0.        ]],

       ...,

       [[ 0.        , -0.66246342,  0.3836482 , ...,  0.9565563 ,
          0.9937793 ,  0.95922596],
        [ 0.66246342,  0.        ,  0.89915994, ...,  0.9096905 ,
          0.8182112 ,  0.90578954],
        [-0.3836482 , -0.89915994,  0.        , ...,  0.77150823,
          0.87500874,  0.77739089],
        ...,
        [-0.9565563 , -0.9096905 , -0.77150823, ...,  0.        ,
          0.18320485,  0.00929871],
        [-0.9937793 , -0.8182112 , -0.87500874, ..., -0.18320485,
          0.        , -0.17405561],
        [-0.95922596, -0.90578954, -0.77739089, ..., -0.00929871,
          0.17405561,  0.        ]],

       [[ 0.        , -0.14186485, -0.2742177 , ...,  0.99690723,
          0.98474944,  0.87706933],
        [ 0.14186485,  0.        , -0.13501744, ...,  0.99797334,
          0.95010828,  0.80005194],
        [ 0.2742177 ,  0.13501744,  0.        , ...,  0.98024348,
          0.89929367,  0.71172493],
        ...,
        [-0.99690723, -0.99797334, -0.98024348, ...,  0.        ,
          0.25082941,  0.54780478],
        [-0.98474944, -0.95010828, -0.89929367, ..., -0.25082941,
          0.        ,  0.32044674],
        [-0.87706933, -0.80005194, -0.71172493, ..., -0.54780478,
         -0.32044674,  0.        ]],

       [[ 0.        , -0.09402924, -0.05051149, ...,  0.94294727,
          0.96249367,  0.96760267],
        [ 0.09402924,  0.        ,  0.04362151, ...,  0.90746319,
          0.93271876,  0.93957535],
        [ 0.05051149, -0.04362151,  0.        , ...,  0.92492618,
          0.94756105,  0.95361448],
        ...,
        [-0.94294727, -0.90746319, -0.92492618, ...,  0.        ,
         -0.06462916, -0.08408236],
        [-0.96249367, -0.93271876, -0.94756105, ...,  0.06462916,
          0.        , -0.01950627],
        [-0.96760267, -0.93957535, -0.95361448, ...,  0.08408236,
          0.01950627,  0.        ]]]), 'num': array([ 6.37255340e-01,  4.84384719e-01,  1.25819442e-06, -4.02622213e-09,
        1.52870621e-01,  1.53499719e-01,  1.44692358e-01,  4.43083229e-01,
        8.17826370e-03,  1.46957108e-01,  1.37300466e-01,  1.28342121e-01,
        8.01926111e-05,  1.51400526e-01,  1.23200406e-01])}
{'img': array([[[ 0.        ,  0.61813793,  0.50061223, ...,  0.598671  ,
          0.73633522,  0.        ],
        [-0.61813793,  0.        , -0.14158839, ...,  0.96572252,
          0.99705335,  0.61813793],
        [-0.50061223,  0.14158839,  0.        , ...,  0.91924042,
          0.97614722,  0.50061223],
        ...,
        [-0.598671  , -0.96572252, -0.91924042, ...,  0.        ,
         -0.18472992,  0.598671  ],
        [-0.73633522, -0.99705335, -0.97614722, ...,  0.18472992,
          0.        ,  0.73633522],
        [-0.        , -0.61813793, -0.50061223, ..., -0.598671  ,
         -0.73633522,  0.        ]],

       [[ 0.        ,  0.41731876, -0.43789752, ...,  0.12632677,
         -0.02597727,  0.79807597],
        [-0.41731876,  0.        , -0.77312378, ..., -0.29917475,
         -0.44078504,  0.47380138],
        [ 0.43789752,  0.77312378,  0.        , ...,  0.5479603 ,
          0.41439553,  0.98134831],
        ...,
        [-0.12632677,  0.29917475, -0.5479603 , ...,  0.        ,
         -0.1520533 ,  0.71556327],
        [ 0.02597727,  0.44078504, -0.41439553, ...,  0.1520533 ,
          0.        ,  0.81345943],
        [-0.79807597, -0.47380138, -0.98134831, ..., -0.71556327,
         -0.81345943,  0.        ]],

       [[ 0.        , -0.08915032, -0.32319398, ...,  0.82891297,
          0.73283398,  0.32319398],
        [ 0.08915032,  0.        , -0.23754122, ...,  0.7757437 ,
          0.66925743,  0.23754122],
        [ 0.32319398,  0.23754122,  0.        , ...,  0.60364001,
          0.47360118,  0.        ],
        ...,
        [-0.82891297, -0.7757437 , -0.60364001, ...,  0.        ,
          0.15406769,  0.60364001],
        [-0.73283398, -0.66925743, -0.47360118, ..., -0.15406769,
          0.        ,  0.47360118],
        [-0.32319398, -0.23754122, -0.        , ..., -0.60364001,
         -0.47360118,  0.        ]],

       ...,

       [[ 0.        ,  0.89915994,  0.86910714, ...,  0.8182112 ,
          0.90578954,  0.83767527],
        [-0.89915994,  0.        , -0.06440717, ...,  0.87500874,
          0.77739089,  0.85767652],
        [-0.86910714,  0.06440717,  0.        , ...,  0.90437193,
          0.81629005,  0.88901323],
        ...,
        [-0.8182112 , -0.87500874, -0.90437193, ...,  0.        ,
         -0.17405561, -0.03471311],
        [-0.90578954, -0.77739089, -0.81629005, ...,  0.17405561,
          0.        ,  0.13976746],
        [-0.83767527, -0.85767652, -0.88901323, ...,  0.03471311,
         -0.13976746,  0.        ]],

       [[ 0.        , -0.12886249, -0.19416004, ...,  0.99921761,
          0.99205709,  0.77659395],
        [ 0.12886249,  0.        , -0.06613101, ...,  0.98579016,
          0.96757638,  0.68893552],
        [ 0.19416004,  0.06613101,  0.        , ...,  0.97252343,
          0.94875503,  0.63949415],
        ...,
        [-0.99921761, -0.98579016, -0.97252343, ...,  0.        ,
          0.08645462,  0.59879465],
        [-0.99205709, -0.96757638, -0.94875503, ..., -0.08645462,
          0.        ,  0.52731091],
        [-0.77659395, -0.68893552, -0.63949415, ..., -0.59879465,
         -0.52731091,  0.        ]],

       [[ 0.        ,  0.04362151, -0.05814609, ...,  0.93271876,
          0.93957535,  0.96860359],
        [-0.04362151,  0.        , -0.10163845, ...,  0.94756105,
          0.95361448,  0.97852637],
        [ 0.05814609,  0.10163845,  0.        , ...,  0.91017293,
          0.91807981,  0.95250908],
        ...,
        [-0.93271876, -0.94756105, -0.91017293, ...,  0.        ,
         -0.01950627, -0.11739948],
        [-0.93957535, -0.95361448, -0.91807981, ...,  0.01950627,
          0.        , -0.09800576],
        [-0.96860359, -0.97852637, -0.95250908, ...,  0.11739948,
          0.09800576,  0.        ]]]), 'num': array([ 6.92141803e-01,  5.28190230e-01,  1.37197969e-06,  1.77918326e-06,
        1.63951573e-01,  1.68067512e-01,  1.63265583e-01,  2.13311286e-01,
       -2.74395938e-03,  1.62168000e-01,  1.50540472e-01,  1.40822282e-01,
        8.94099125e-05,  1.67069696e-01,  1.34011248e-01])}
{'img': array([[[ 0.        , -0.40420897,  0.11652882, ...,  0.95655023,
          0.40420897,  0.77213965],
        [ 0.40420897,  0.        ,  0.50804024, ...,  0.75707038,
          0.        ,  0.44939465],
        [-0.11652882, -0.50804024,  0.        , ...,  0.98400958,
          0.50804024,  0.84092788],
        ...,
        [-0.95655023, -0.75707038, -0.98400958, ...,  0.        ,
          0.75707038,  0.3827117 ],
        [-0.40420897, -0.        , -0.50804024, ..., -0.75707038,
          0.        , -0.44939465],
        [-0.77213965, -0.44939465, -0.84092788, ..., -0.3827117 ,
          0.44939465,  0.        ]],

       [[ 0.        , -0.77312378, -0.57119687, ..., -0.44078504,
          0.47380138, -0.31161708],
        [ 0.77312378,  0.        ,  0.27230556, ...,  0.41439553,
          0.98134831,  0.53698347],
        [ 0.57119687, -0.27230556,  0.        , ...,  0.15091142,
          0.89191647,  0.28697632],
        ...,
        [ 0.44078504, -0.41439553, -0.15091142, ...,  0.        ,
          0.81345943,  0.13912592],
        [-0.47380138, -0.98134831, -0.89191647, ..., -0.81345943,
          0.        , -0.72462964],
        [ 0.31161708, -0.53698347, -0.28697632, ..., -0.13912592,
          0.72462964,  0.        ]],

       [[ 0.        , -0.23280127,  0.02344012, ...,  0.76396518,
          0.5956088 ,  0.23280127],
        [ 0.23280127,  0.        ,  0.2555334 , ...,  0.59275796,
          0.39224069,  0.        ],
        [-0.02344012, -0.2555334 ,  0.        , ...,  0.77888019,
          0.61427401,  0.2555334 ],
        ...,
        [-0.76396518, -0.59275796, -0.77888019, ...,  0.        ,
          0.22935283,  0.59275796],
        [-0.5956088 , -0.39224069, -0.61427401, ..., -0.22935283,
          0.        ,  0.39224069],
        [-0.23280127, -0.        , -0.2555334 , ..., -0.59275796,
         -0.39224069,  0.        ]],

       ...,

       [[ 0.        , -0.15025242,  0.3226207 , ...,  0.95146095,
          0.98934332,  0.99724641],
        [ 0.15025242,  0.        ,  0.46117638, ...,  0.98690276,
          0.99998894,  0.99706794],
        [-0.3226207 , -0.46117638,  0.        , ...,  0.80129194,
          0.88946741,  0.91999668],
        ...,
        [-0.95146095, -0.98690276, -0.80129194, ...,  0.        ,
          0.16595551,  0.23636241],
        [-0.98934332, -0.99998894, -0.88946741, ..., -0.16595551,
          0.        ,  0.07183167],
        [-0.99724641, -0.99706794, -0.91999668, ..., -0.23636241,
         -0.07183167,  0.        ]],

       [[ 0.        , -0.06426098, -0.17273382, ...,  0.99265092,
          0.927306  ,  0.67443037],
        [ 0.06426098,  0.        , -0.10908177, ...,  0.98282283,
          0.90133623,  0.62559006],
        [ 0.17273382,  0.10908177,  0.        , ...,  0.95682689,
          0.84871225,  0.53675667],
        ...,
        [-0.99265092, -0.98282283, -0.95682689, ...,  0.        ,
          0.25933726,  0.65129751],
        [-0.927306  , -0.90133623, -0.84871225, ..., -0.25933726,
          0.        ,  0.43222361],
        [-0.67443037, -0.62559006, -0.53675667, ..., -0.65129751,
         -0.43222361,  0.        ]],

       [[ 0.        , -0.10163845, -0.04969714, ...,  0.95361448,
          0.97852637,  0.98319472],
        [ 0.10163845,  0.        ,  0.05207308, ...,  0.91807981,
          0.95250908,  0.95954804],
        [ 0.04969714, -0.05207308,  0.        , ...,  0.93747576,
          0.96707357,  0.97290711],
        ...,
        [-0.95361448, -0.91807981, -0.93747576, ...,  0.        ,
         -0.09800576, -0.12187989],
        [-0.97852637, -0.95250908, -0.96707357, ...,  0.09800576,
          0.        , -0.02401803],
        [-0.98319472, -0.95954804, -0.97290711, ...,  0.12187989,
          0.02401803,  0.        ]]]), 'num': array([7.33930872e-01, 3.83180772e-01, 2.88683210e-06, 1.28983658e-06,
       1.75375050e-01, 1.77540174e-01, 1.73209926e-01, 3.05885843e-01,
       2.88683210e-03, 1.71766510e-01, 1.59425303e-01, 1.49018273e-01,
       1.10483698e-04, 1.78205804e-01, 1.40644801e-01])}
{'img': array([[[ 0.        ,  0.50804024,  0.41606837, ...,  0.        ,
          0.44939465,  0.        ],
        [-0.50804024,  0.        , -0.10360437, ...,  0.50804024,
          0.84092788,  0.50804024],
        [-0.41606837,  0.10360437,  0.        , ...,  0.41606837,
          0.78033728,  0.41606837],
        ...,
        [-0.        , -0.50804024, -0.41606837, ...,  0.        ,
         -0.44939465,  0.        ],
        [-0.44939465, -0.84092788, -0.78033728, ...,  0.44939465,
          0.        ,  0.44939465],
        [-0.        , -0.50804024, -0.41606837, ...,  0.        ,
         -0.44939465,  0.        ]],

       [[ 0.        ,  0.27230556,  0.57613603, ...,  0.98134831,
          0.53698347,  0.73418536],
        [-0.27230556,  0.        ,  0.33179434, ...,  0.89191647,
          0.28697632,  0.5215595 ],
        [-0.57613603, -0.33179434,  0.        , ...,  0.69135349,
         -0.04711869,  0.20892218],
        ...,
        [-0.98134831, -0.89191647, -0.69135349, ...,  0.        ,
         -0.72462964, -0.52514712],
        [-0.53698347, -0.28697632,  0.04711869, ...,  0.72462964,
          0.        ,  0.25476902],
        [-0.73418536, -0.5215595 , -0.20892218, ...,  0.52514712,
         -0.25476902,  0.        ]],

       [[ 0.        ,  0.25270502,  0.38533776, ...,  0.48069357,
          0.29585703,  0.        ],
        [-0.25270502,  0.        ,  0.13964096, ...,  0.68668605,
          0.52764649,  0.25270502],
        [-0.38533776, -0.13964096,  0.        , ...,  0.78147061,
          0.6410967 ,  0.38533776],
        ...,
        [-0.48069357, -0.68668605, -0.78147061, ...,  0.        ,
          0.19974033,  0.48069357],
        [-0.29585703, -0.52764649, -0.6410967 , ..., -0.19974033,
          0.        ,  0.29585703],
        [-0.        , -0.25270502, -0.38533776, ..., -0.48069357,
         -0.29585703,  0.        ]],

       ...,

       [[ 0.        ,  0.46117638,  0.5588043 , ...,  0.99998894,
          0.99706794,  0.5178658 ],
        [-0.46117638,  0.        ,  0.11337843, ...,  0.88946741,
          0.91999668,  0.85402553],
        [-0.5588043 , -0.11337843,  0.        , ...,  0.83191823,
          0.86962846,  0.90750165],
        ...,
        [-0.99998894, -0.88946741, -0.83191823, ...,  0.        ,
          0.07183167,  0.85301708],
        [-0.99706794, -0.91999668, -0.86962846, ..., -0.07183167,
          0.        ,  0.81332582],
        [-0.5178658 , -0.85402553, -0.90750165, ..., -0.85301708,
         -0.81332582,  0.        ]],

       [[ 0.        , -0.10578791, -0.17134451, ...,  0.96432621,
          0.9033016 ,  0.61037221],
        [ 0.10578791,  0.        , -0.06615962, ...,  0.93091127,
          0.85284927,  0.52315108],
        [ 0.17134451,  0.06615962,  0.        , ...,  0.90470719,
          0.816435  ,  0.46562101],
        ...,
        [-0.96432621, -0.93091127, -0.90470719, ...,  0.        ,
          0.17458273,  0.60228126],
        [-0.9033016 , -0.85284927, -0.816435  , ..., -0.17458273,
          0.        ,  0.45366513],
        [-0.61037221, -0.52315108, -0.46562101, ..., -0.60228126,
         -0.45366513,  0.        ]],

       [[ 0.        ,  0.05207308,  0.02388152, ...,  0.95250908,
          0.95954804,  0.96587898],
        [-0.05207308,  0.        , -0.02820911, ...,  0.96707357,
          0.97290711,  0.97805515],
        [-0.02388152,  0.02820911,  0.        , ...,  0.95950959,
          0.9659981 ,  0.97178867],
        ...,
        [-0.95250908, -0.96707357, -0.95950959, ...,  0.        ,
         -0.02401803, -0.04742601],
        [-0.95954804, -0.97290711, -0.9659981 , ...,  0.02401803,
          0.        , -0.02342132],
        [-0.96587898, -0.97805515, -0.97178867, ...,  0.04742601,
          0.02342132,  0.        ]]]), 'num': array([ 7.47850529e-01,  3.97483691e-01,  2.99458836e-06,  2.53581742e-06,
        1.75183419e-01,  1.82669890e-01,  1.74434772e-01,  2.21168318e-01,
       -6.73782380e-03,  1.78028278e-01,  1.65975060e-01,  1.55404163e-01,
        1.02088239e-04,  1.85884569e-01,  1.46065551e-01])}
{'img': array([[[ 0.        , -0.31309846,  0.27531754, ...,  0.71434608,
          0.31309846,  0.86406857],
        [ 0.31309846,  0.        ,  0.56247302, ...,  0.45932525,
          0.        ,  0.66301812],
        [-0.27531754, -0.56247302,  0.        , ...,  0.87940417,
          0.56247302,  0.96926293],
        ...,
        [-0.71434608, -0.45932525, -0.87940417, ...,  0.        ,
          0.45932525, -0.24508546],
        [-0.31309846, -0.        , -0.56247302, ..., -0.45932525,
          0.        , -0.66301812],
        [-0.86406857, -0.66301812, -0.96926293, ...,  0.24508546,
          0.66301812,  0.        ]],

       [[ 0.        ,  0.33179434,  0.56643162, ...,  0.28697632,
          0.5215595 ,  0.2489315 ],
        [-0.33179434,  0.        ,  0.26090964, ..., -0.04711869,
          0.20892218, -0.08651986],
        [-0.56643162, -0.26090964,  0.        , ..., -0.3061065 ,
         -0.05346616, -0.34345435],
        ...,
        [-0.28697632,  0.04711869,  0.3061065 , ...,  0.        ,
          0.25476902, -0.03948176],
        [-0.5215595 , -0.20892218,  0.05346616, ..., -0.25476902,
          0.        , -0.29274931],
        [-0.2489315 ,  0.08651986,  0.34345435, ...,  0.03948176,
          0.29274931,  0.        ]],

       [[ 0.        ,  0.29823094,  0.49451427, ...,  0.29823094,
          0.        ,  0.10650919],
        [-0.29823094,  0.        ,  0.21279753, ...,  0.56931914,
          0.29823094,  0.39819688],
        [-0.49451427, -0.21279753,  0.        , ...,  0.73122402,
          0.49451427,  0.58427587],
        ...,
        [-0.29823094, -0.56931914, -0.73122402, ...,  0.        ,
          0.29823094,  0.19487216],
        [-0.        , -0.29823094, -0.49451427, ..., -0.29823094,
          0.        , -0.10650919],
        [-0.10650919, -0.39819688, -0.58427587, ..., -0.19487216,
          0.10650919,  0.        ]],

       ...,

       [[ 0.        ,  0.11337843,  0.39858882, ...,  0.91999668,
          0.85402553,  0.97118862],
        [-0.11337843,  0.        ,  0.29203594, ...,  0.86962846,
          0.90750165,  0.93790682],
        [-0.39858882, -0.29203594,  0.        , ...,  0.68753894,
          0.99061051,  0.79571742],
        ...,
        [-0.91999668, -0.86962846, -0.68753894, ...,  0.        ,
          0.81332582,  0.16138785],
        [-0.85402553, -0.90750165, -0.99061051, ..., -0.81332582,
          0.        , -0.70876715],
        [-0.97118862, -0.93790682, -0.79571742, ..., -0.16138785,
          0.70876715,  0.        ]],

       [[ 0.        , -0.06539188, -0.12051978, ...,  0.89061386,
          0.74436607,  0.51790974],
        [ 0.06539188,  0.        , -0.05534659, ...,  0.85897001,
          0.69910602,  0.46086271],
        [ 0.12051978,  0.05534659,  0.        , ...,  0.8293145 ,
          0.65846062,  0.41103779],
        ...,
        [-0.89061386, -0.85897001, -0.8293145 , ...,  0.        ,
          0.25621866,  0.52633771],
        [-0.74436607, -0.69910602, -0.65846062, ..., -0.25621866,
          0.        ,  0.29091148],
        [-0.51790974, -0.46086271, -0.41103779, ..., -0.52633771,
         -0.29091148,  0.        ]],

       [[ 0.        , -0.02820911,  0.00318045, ...,  0.97290711,
          0.97805515,  0.97566569],
        [ 0.02820911,  0.        ,  0.03138815, ...,  0.9659981 ,
          0.97178867,  0.96909219],
        [-0.00318045, -0.03138815,  0.        , ...,  0.9736375 ,
          0.97871284,  0.97635811],
        ...,
        [-0.97290711, -0.9659981 , -0.9736375 , ...,  0.        ,
         -0.02342132, -0.01224737],
        [-0.97805515, -0.97178867, -0.97871284, ...,  0.02342132,
          0.        ,  0.01117556],
        [-0.97566569, -0.96909219, -0.97635811, ...,  0.01224737,
         -0.01117556,  0.        ]]]), 'num': array([ 7.33373297e-01,  3.81389514e-01,  2.87333700e-06, -1.52861529e-07,
        1.75991891e-01,  1.76710226e-01,  1.67371880e-01,  3.09813252e-01,
        7.90167676e-03,  1.72974888e-01,  1.60439955e-01,  1.49971430e-01,
        1.06253608e-04,  1.80580362e-01,  1.40299548e-01])}
{'img': array([[[ 0.        ,  0.55549221,  0.29166104, ...,  0.3251799 ,
          0.71307579,  0.        ],
        [-0.55549221,  0.        , -0.28881788, ...,  0.79569657,
          0.98238636,  0.55549221],
        [-0.29166104,  0.28881788,  0.        , ...,  0.58685154,
          0.88655224,  0.29166104],
        ...,
        [-0.3251799 , -0.79569657, -0.58685154, ...,  0.        ,
         -0.44634228,  0.3251799 ],
        [-0.71307579, -0.98238636, -0.88655224, ...,  0.44634228,
          0.        ,  0.71307579],
        [-0.        , -0.55549221, -0.29166104, ..., -0.3251799 ,
         -0.71307579,  0.        ]],

       [[ 0.        ,  0.26090964,  0.14304552, ...,  0.20892218,
         -0.08651986,  0.22430463],
        [-0.26090964,  0.        , -0.12013559, ..., -0.05346616,
         -0.34345435, -0.03772598],
        [-0.14304552,  0.12013559,  0.        , ...,  0.06688482,
         -0.22813922,  0.08259732],
        ...,
        [-0.20892218,  0.05346616, -0.06688482, ...,  0.        ,
         -0.29274931,  0.01575608],
        [ 0.08651986,  0.34345435,  0.22813922, ...,  0.29274931,
          0.        ,  0.30777877],
        [-0.22430463,  0.03772598, -0.08259732, ..., -0.01575608,
         -0.30777877,  0.        ]],

       [[ 0.        ,  0.40093299,  0.42319148, ...,  0.38790295,
          0.40093299,  0.        ],
        [-0.40093299,  0.        ,  0.02442741, ...,  0.72490078,
          0.73459535,  0.40093299],
        [-0.42319148, -0.02442741,  0.        , ...,  0.74151138,
          0.75095028,  0.42319148],
        ...,
        [-0.38790295, -0.72490078, -0.74151138, ...,  0.        ,
         -0.01417927,  0.38790295],
        [-0.40093299, -0.73459535, -0.75095028, ...,  0.01417927,
          0.        ,  0.40093299],
        [-0.        , -0.40093299, -0.42319148, ..., -0.38790295,
         -0.40093299,  0.        ]],

       ...,

       [[ 0.        ,  0.29203594,  0.29203594, ...,  0.90750165,
          0.93790682,  0.99879701],
        [-0.29203594,  0.        ,  0.        , ...,  0.99061051,
          0.79571742,  0.96957708],
        [-0.29203594,  0.        ,  0.        , ...,  0.99061051,
          0.79571742,  0.96957708],
        ...,
        [-0.90750165, -0.99061051, -0.99061051, ...,  0.        ,
         -0.70876715, -0.37504291],
        [-0.93790682, -0.79571742, -0.79571742, ...,  0.70876715,
          0.        ,  0.39246123],
        [-0.99879701, -0.96957708, -0.96957708, ...,  0.37504291,
         -0.39246123,  0.        ]],

       [[ 0.        , -0.05397949, -0.24049168, ...,  0.83691885,
          0.78469093,  0.45064248],
        [ 0.05397949,  0.        , -0.18774579, ...,  0.80615423,
          0.75008569,  0.40179773],
        [ 0.24049168,  0.18774579,  0.        , ...,  0.6807287 ,
          0.61258347,  0.22272865],
        ...,
        [-0.83691885, -0.80615423, -0.6807287 , ...,  0.        ,
          0.08931276,  0.50047245],
        [-0.78469093, -0.75008569, -0.61258347, ..., -0.08931276,
          0.        ,  0.42114963],
        [-0.45064248, -0.40179773, -0.22272865, ..., -0.50047245,
         -0.42114963,  0.        ]],

       [[ 0.        ,  0.03138815,  0.10699369, ...,  0.97178867,
          0.96909219,  0.96653545],
        [-0.03138815,  0.        ,  0.075733  , ...,  0.97871284,
          0.97635811,  0.97411131],
        [-0.10699369, -0.075733  ,  0.        , ...,  0.99144513,
          0.98992453,  0.98843467],
        ...,
        [-0.97178867, -0.97871284, -0.99144513, ...,  0.        ,
          0.01117556,  0.02133535],
        [-0.96909219, -0.97635811, -0.98992453, ..., -0.01117556,
          0.        ,  0.01016101],
        [-0.96653545, -0.97411131, -0.98843467, ..., -0.02133535,
         -0.01016101,  0.        ]]]), 'num': array([7.83460931e-01, 2.15605559e-01, 4.52474399e-06, 3.15253996e-06,
       1.89285124e-01, 1.89285124e-01, 1.81743884e-01, 2.98132365e-01,
       4.52474399e-03, 1.82799657e-01, 1.69866431e-01, 1.58443966e-01,
       1.05395643e-04, 1.92529708e-01, 1.47203154e-01])}
{'img': array([[[ 0.        , -0.47115341,  0.12646555, ...,  0.99409276,
          0.86874754,  0.47115341],
        [ 0.47115341,  0.        ,  0.57891962, ...,  0.82570473,
          0.53293871,  0.        ],
        [-0.12646555, -0.57891962,  0.        , ...,  0.99983698,
          0.92440509,  0.57891962],
        ...,
        [-0.99409276, -0.82570473, -0.99983698, ...,  0.        ,
          0.39804114,  0.82570473],
        [-0.86874754, -0.53293871, -0.92440509, ..., -0.39804114,
          0.        ,  0.53293871],
        [-0.47115341, -0.        , -0.57891962, ..., -0.82570473,
         -0.53293871,  0.        ]],

       [[ 0.        , -0.12013559,  0.03318925, ..., -0.34345435,
         -0.03772598, -0.11458841],
        [ 0.12013559,  0.        ,  0.15301828, ..., -0.22813922,
          0.08259732,  0.00558575],
        [-0.03318925, -0.15301828,  0.        , ..., -0.37443546,
         -0.07087082, -0.14749592],
        ...,
        [ 0.34345435,  0.22813922,  0.37443546, ...,  0.        ,
          0.30777877,  0.23357411],
        [ 0.03772598, -0.08259732,  0.07087082, ..., -0.30777877,
          0.        , -0.07702936],
        [ 0.11458841, -0.00558575,  0.14749592, ..., -0.23357411,
          0.07702936,  0.        ]],

       [[ 0.        ,  0.14293631,  0.39159682, ...,  0.49516957,
          0.29864604,  0.        ],
        [-0.14293631,  0.        ,  0.25605488, ...,  0.61426766,
          0.43199277,  0.14293631],
        [-0.39159682, -0.25605488,  0.        , ...,  0.79584169,
          0.64852113,  0.39159682],
        ...,
        [-0.49516957, -0.61426766, -0.79584169, ...,  0.        ,
          0.2131094 ,  0.49516957],
        [-0.29864604, -0.43199277, -0.64852113, ..., -0.2131094 ,
          0.        ,  0.29864604],
        [-0.        , -0.14293631, -0.39159682, ..., -0.49516957,
         -0.29864604,  0.        ]],

       ...,

       [[ 0.        ,  0.        ,  0.29582698, ...,  0.79571742,
          0.96957708,  0.85269685],
        [ 0.        ,  0.        ,  0.29582698, ...,  0.79571742,
          0.96957708,  0.85269685],
        [-0.29582698, -0.29582698,  0.        , ...,  0.58092938,
          0.85376594,  0.65998965],
        ...,
        [-0.79571742, -0.79571742, -0.58092938, ...,  0.        ,
          0.39246123,  0.10076365],
        [-0.96957708, -0.96957708, -0.85376594, ..., -0.39246123,
          0.        , -0.29778452],
        [-0.85269685, -0.85269685, -0.65998965, ..., -0.10076365,
          0.29778452,  0.        ]],

       [[ 0.        , -0.18238069, -0.39094976, ...,  0.86416358,
          0.76923298,  0.39094976],
        [ 0.18238069,  0.        , -0.21652736, ...,  0.75789385,
          0.63979589,  0.21652736],
        [ 0.39094976,  0.21652736,  0.        , ...,  0.59865633,
          0.45820674,  0.        ],
        ...,
        [-0.86416358, -0.75789385, -0.59865633, ...,  0.        ,
          0.16508673,  0.59865633],
        [-0.76923298, -0.63979589, -0.45820674, ..., -0.16508673,
          0.        ,  0.45820674],
        [-0.39094976, -0.21652736, -0.        , ..., -0.59865633,
         -0.45820674,  0.        ]],

       [[ 0.        ,  0.075733  ,  0.12126835, ...,  0.97635811,
          0.97411131,  0.97537546],
        [-0.075733  ,  0.        ,  0.04574601, ...,  0.98992453,
          0.98843467,  0.98927729],
        [-0.12126835, -0.04574601,  0.        , ...,  0.99536563,
          0.99433714,  0.9949228 ],
        ...,
        [-0.97635811, -0.98992453, -0.99536563, ...,  0.        ,
          0.01016101,  0.00450024],
        [-0.97411131, -0.98843467, -0.99433714, ..., -0.01016101,
          0.        , -0.0056609 ],
        [-0.97537546, -0.98927729, -0.9949228 , ..., -0.00450024,
          0.0056609 ,  0.        ]]]), 'num': array([ 8.01527330e-01,  2.21216164e-01,  4.64248933e-06,  6.02007066e-06,
        1.93437055e-01,  1.95758300e-01,  1.91889559e-01,  1.99685846e-01,
       -7.73748222e-04,  1.89258815e-01,  1.75524784e-01,  1.63500737e-01,
        1.04456010e-04,  2.00052847e-01,  1.50996721e-01])}
{'img': array([[[ 0.        ,  0.57891962,  0.72160242, ...,  0.53293871,
          0.        ,  0.22499909],
        [-0.57891962,  0.        ,  0.18759301, ...,  0.92440509,
          0.57891962,  0.74753632],
        [-0.72160242, -0.18759301,  0.        , ...,  0.97954424,
          0.72160242,  0.8588684 ],
        ...,
        [-0.53293871, -0.92440509, -0.97954424, ...,  0.        ,
          0.53293871,  0.32888977],
        [-0.        , -0.57891962, -0.72160242, ..., -0.53293871,
          0.        , -0.22499909],
