state_0,state_1,state_2,state_3,state_4,state_5,state_6,state_7,state_8,state_9,state_10,state_11,state_12,state_13,state_14,state_15,state_16,state_17,state_18,state_19,state_20,state_21,state_22,state_23,state_24,state_25,state_26,state_27,state_28,state_29,state_30,state_31,state_32,state_33,state_34,state_35,state_36,state_37,state_38,state_39,state_40,state_41,state_42,state_43,state_44,state_45,state_46,state_47,state_48,state_49,state_50,state_51,state_52,state_53,state_54,state_55,state_56,state_57,state_58,state_59,state_60,state_61,state_62,state_63,state_64,state_65,state_66,state_67,state_68,state_69,state_70,state_71,state_72,state_73,state_74,state_75,state_76,state_77,state_78,state_79,state_80,state_81,state_82,state_83,state_84,state_85,state_86,state_87,state_88,state_89,state_90,state_91,state_92,state_93,state_94,state_95,state_96,state_97,state_98,state_99,state_100,state_101,state_102,state_103,state_104,state_105,state_106,state_107,state_108,state_109,state_110,state_111,state_112,state_113,state_114,state_115,state_116,state_117,state_118,state_119,state_120,state_121,state_122,state_123,state_124,state_125,state_126,state_127,state_128,state_129,state_130,state_131,state_132,state_133,state_134,state_135,state_136,state_137,state_138,state_139,state_140,state_141,state_142,state_143,state_144,state_145,state_146,state_147,state_148,state_149,state_150,state_151,state_152,state_153,state_154,state_155,state_156,state_157,state_158,state_159,state_160,state_161,state_162,state_163,state_164,state_165,state_166,state_167,state_168,state_169,state_170,state_171,state_172,state_173,state_174,state_175,state_176,state_177,state_178,state_179,state_180,state_181,state_182,state_183,state_184,state_185,state_186,state_187,state_188,state_189,state_190,state_191,state_192,state_193,state_194,state_195,state_196,state_197,state_198,state_199,state_200,state_201,state_202,state_203,state_204,state_205,state_206,state_207,state_208,state_209,state_210,state_211,state_212,state_213,state_214,state_215,state_216,state_217,state_218,state_219,state_220,state_221,state_222,state_223,state_224,state_225,state_226,state_227,state_228,state_229,state_230,state_231,state_232,state_233,state_234,state_235,state_236,state_237,state_238,state_239,state_240,state_241,state_242,state_243,state_244,state_245,state_246,state_247,state_248,state_249,state_250,state_251,state_252,state_253,state_254,state_255,state_256,state_257,state_258,state_259,state_260,state_261,state_262,state_263,state_264,state_265,state_266,state_267,state_268,state_269,state_270,state_271,state_272,state_273,state_274,state_275,state_276,state_277,state_278,state_279,state_280,state_281,state_282,state_283,state_284,state_285,state_286,state_287
{'img': array([[[ 0.        ,  0.08233296, -0.12945841, ...,  0.95091924,
          0.95934085,  0.95091924],
        [-0.08233296,  0.        , -0.210659  , ...,  0.9222137 ,
          0.93284528,  0.9222137 ],
        [ 0.12945841,  0.210659  ,  0.        , ...,  0.98297661,
          0.98780751,  0.98297661],
        ...,
        [-0.95091924, -0.9222137 , -0.98297661, ...,  0.        ,
          0.02846056,  0.        ],
        [-0.95934085, -0.93284528, -0.98780751, ..., -0.02846056,
          0.        , -0.02846056],
        [-0.95091924, -0.9222137 , -0.98297661, ...,  0.        ,
          0.02846056,  0.        ]],

       [[ 0.        , -0.03405566, -0.0522751 , ...,  0.03046719,
          0.20378137,  0.03772574],
        [ 0.03405566,  0.        , -0.01823568, ...,  0.06448937,
          0.23700421,  0.07173527],
        [ 0.0522751 ,  0.01823568,  0.        , ...,  0.08267636,
          0.25468092,  0.08991205],
        ...,
        [-0.03046719, -0.06448937, -0.08267636, ...,  0.        ,
          0.17385889,  0.00726273],
        [-0.20378137, -0.23700421, -0.25468092, ..., -0.17385889,
          0.        , -0.16670218],
        [-0.03772574, -0.07173527, -0.08991205, ..., -0.00726273,
          0.16670218,  0.        ]],

       [[ 0.        ,  0.10095056,  0.07984674, ...,  0.98857917,
          0.99261244,  0.99322353],
        [-0.10095056,  0.        , -0.02118941, ...,  0.96831546,
          0.97529347,  0.97641715],
        [-0.07984674,  0.02118941,  0.        , ...,  0.97338969,
          0.97975552,  0.98077256],
        ...,
        [-0.98857917, -0.96831546, -0.97338969, ...,  0.        ,
          0.02964655,  0.03478885],
        [-0.99261244, -0.97529347, -0.97975552, ..., -0.02964655,
          0.        ,  0.00514496],
        [-0.99322353, -0.97641715, -0.98077256, ..., -0.03478885,
         -0.00514496,  0.        ]],

       ...,

       [[ 0.        , -0.07451689, -0.57225098, ..., -0.99861276,
         -0.99564468, -0.99533444],
        [ 0.07451689,  0.        , -0.50955027, ..., -0.99976006,
         -0.99982369, -0.99975692],
        [ 0.57225098,  0.50955027,  0.        , ..., -0.84907282,
         -0.86985731, -0.87146605],
        ...,
        [ 0.99861276,  0.99976006,  0.84907282, ...,  0.        ,
         -0.04067406, -0.04394173],
        [ 0.99564468,  0.99982369,  0.86985731, ...,  0.04067406,
          0.        , -0.00327059],
        [ 0.99533444,  0.99975692,  0.87146605, ...,  0.04394173,
          0.00327059,  0.        ]],

       [[ 0.        , -0.02830919, -0.12053799, ...,  0.91712721,
          0.92666941,  0.96071399],
        [ 0.02830919,  0.        , -0.09238689, ...,  0.90547575,
          0.91565722,  0.95247201],
        [ 0.12053799,  0.09238689,  0.        , ...,  0.86239438,
          0.87460529,  0.920255  ],
        ...,
        [-0.91712721, -0.90547575, -0.86239438, ...,  0.        ,
         -0.02463806, -0.12839567],
        [-0.92666941, -0.91565722, -0.87460529, ...,  0.02463806,
          0.        , -0.10392256],
        [-0.96071399, -0.95247201, -0.920255  , ...,  0.12839567,
          0.10392256,  0.        ]],

       [[ 0.        ,  0.00402089,  0.01818065, ...,  0.76911185,
          0.73889496,  0.73253686],
        [-0.00402089,  0.        ,  0.01416027, ...,  0.76653583,
          0.73617963,  0.7297938 ],
        [-0.01818065, -0.01416027,  0.        , ...,  0.75736522,
          0.72652234,  0.72003972],
        ...,
        [-0.76911185, -0.76653583, -0.75736522, ...,  0.        ,
         -0.04600517, -0.05538079],
        [-0.73889496, -0.73617963, -0.72652234, ...,  0.04600517,
          0.        , -0.00938759],
        [-0.73253686, -0.7297938 , -0.72003972, ...,  0.05538079,
          0.00938759,  0.        ]]]), 'num': array([7.04841250e-01, 7.04841250e-01, 0.00000000e+00, 0.00000000e+00,
       5.70002054e-04, 5.75109599e-04, 5.58765454e-04, 7.99675086e-02,
       1.22581087e-05, 5.60604171e-04, 6.12241454e-04, 6.24695351e-04,
       2.97767822e-06, 7.26898781e-04, 4.97584126e-04])}
{'img': array([[[ 0.00000000e+00, -2.10659000e-01,  4.79292173e-02, ...,
          9.32845277e-01,  9.22213704e-01,  9.46390755e-01],
        [ 2.10659000e-01,  0.00000000e+00,  2.57270564e-01, ...,
          9.87807505e-01,  9.82976614e-01,  9.93201299e-01],
        [-4.79292173e-02, -2.57270564e-01,  0.00000000e+00, ...,
          9.14505384e-01,  9.02620538e-01,  9.29820811e-01],
        ...,
        [-9.32845277e-01, -9.87807505e-01, -9.14505384e-01, ...,
          0.00000000e+00, -2.84605596e-02,  3.96315865e-02],
        [-9.22213704e-01, -9.82976614e-01, -9.02620538e-01, ...,
          2.84605596e-02,  0.00000000e+00,  6.80537323e-02],
        [-9.46390755e-01, -9.93201299e-01, -9.29820811e-01, ...,
         -3.96315865e-02, -6.80537323e-02,  0.00000000e+00]],

       [[ 0.00000000e+00, -1.82356802e-02, -1.05962584e-02, ...,
          2.37004214e-01,  7.17352745e-02,  8.01151979e-02],
        [ 1.82356802e-02,  0.00000000e+00,  7.64016004e-03, ...,
          2.54680925e-01,  8.99120458e-02,  9.82789397e-02],
        [ 1.05962584e-02, -7.64016004e-03,  0.00000000e+00, ...,
          2.47285265e-01,  8.23002065e-02,  9.06728980e-02],
        ...,
        [-2.37004214e-01, -2.54680925e-01, -2.47285265e-01, ...,
          0.00000000e+00, -1.66702184e-01, -1.58409785e-01],
        [-7.17352745e-02, -8.99120458e-02, -8.23002065e-02, ...,
          1.66702184e-01,  0.00000000e+00,  8.40410822e-03],
        [-8.01151979e-02, -9.82789397e-02, -9.06728980e-02, ...,
          1.58409785e-01, -8.40410822e-03,  0.00000000e+00]],

       [[ 0.00000000e+00, -6.19181903e-02,  9.58857804e-03, ...,
          9.82864026e-01,  9.83801074e-01,  9.91209384e-01],
        [ 6.19181903e-02,  0.00000000e+00,  7.14855235e-02, ...,
          9.92391641e-01,  9.93013063e-01,  9.97499412e-01],
        [-9.58857804e-03, -7.14855235e-02,  0.00000000e+00, ...,
          9.81051360e-01,  9.82036964e-01,  9.89895224e-01],
        ...,
        [-9.82864026e-01, -9.92391641e-01, -9.81051360e-01, ...,
          0.00000000e+00,  5.15430562e-03,  5.26762779e-02],
        [-9.83801074e-01, -9.93013063e-01, -9.82036964e-01, ...,
         -5.15430562e-03,  0.00000000e+00,  4.75284286e-02],
        [-9.91209384e-01, -9.97499412e-01, -9.89895224e-01, ...,
         -5.26762779e-02, -4.75284286e-02,  0.00000000e+00]],

       ...,

       [[ 0.00000000e+00, -5.09550273e-01, -3.66411245e-01, ...,
         -9.99823685e-01, -9.99756924e-01, -9.87781094e-01],
        [ 5.09550273e-01,  0.00000000e+00,  1.58837368e-01, ...,
         -8.69857309e-01, -8.71466050e-01, -7.70514996e-01],
        [ 3.66411245e-01, -1.58837368e-01,  0.00000000e+00, ...,
         -9.37169279e-01, -9.38305293e-01, -8.61979536e-01],
        ...,
        [ 9.99823685e-01,  8.69857309e-01,  9.37169279e-01, ...,
          0.00000000e+00, -3.27059036e-03,  1.74368391e-01],
        [ 9.99756924e-01,  8.71466050e-01,  9.38305293e-01, ...,
          3.27059036e-03,  0.00000000e+00,  1.77587945e-01],
        [ 9.87781094e-01,  7.70514996e-01,  8.61979536e-01, ...,
         -1.74368391e-01, -1.77587945e-01,  0.00000000e+00]],

       [[ 0.00000000e+00, -9.23868949e-02, -6.71671610e-02, ...,
          9.15657223e-01,  9.52472011e-01,  9.68444212e-01],
        [ 9.23868949e-02,  0.00000000e+00,  2.52983614e-02, ...,
          8.74605290e-01,  9.20255005e-01,  9.41276729e-01],
        [ 6.71671610e-02, -2.52983614e-02,  0.00000000e+00, ...,
          8.86590915e-01,  9.29860208e-01,  9.49517108e-01],
        ...,
        [-9.15657223e-01, -8.74605290e-01, -8.86590915e-01, ...,
          0.00000000e+00, -1.03922561e-01, -1.61066198e-01],
        [-9.52472011e-01, -9.20255005e-01, -9.29860208e-01, ...,
          1.03922561e-01,  0.00000000e+00, -5.76283810e-02],
        [-9.68444212e-01, -9.41276729e-01, -9.49517108e-01, ...,
          1.61066198e-01,  5.76283810e-02,  0.00000000e+00]],

       [[ 0.00000000e+00,  1.41602719e-02,  1.34114459e-02, ...,
          7.36179630e-01,  7.29793801e-01,  7.18705084e-01],
        [-1.41602719e-02,  0.00000000e+00, -7.48897122e-04, ...,
          7.26522343e-01,  7.20039715e-01,  7.08787175e-01],
        [-1.34114459e-02,  7.48897122e-04,  0.00000000e+00, ...,
          7.27036739e-01,  7.20559197e-01,  7.09315265e-01],
        ...,
        [-7.36179630e-01, -7.26522343e-01, -7.27036739e-01, ...,
          0.00000000e+00, -9.38758877e-03, -2.54670901e-02],
        [-7.29793801e-01, -7.20039715e-01, -7.20559197e-01, ...,
          9.38758877e-03,  0.00000000e+00, -1.60814239e-02],
        [-7.18705084e-01, -7.08787175e-01, -7.09315265e-01, ...,
          2.54670901e-02,  1.60814239e-02,  0.00000000e+00]]]), 'num': array([ 7.04556044e-01,  7.04556044e-01,  0.00000000e+00,  0.00000000e+00,
        5.65687027e-04,  5.77940175e-04,  5.59560452e-04,  8.48454979e-02,
       -4.08438286e-06,  5.62623739e-04,  6.06071362e-04,  6.26986806e-04,
        3.45159115e-06,  7.17352011e-04,  4.94790713e-04])}
{'img': array([[[ 0.00000000e+00,  2.57270564e-01,  2.10659000e-01, ...,
          9.82976614e-01,  9.93201299e-01,  9.90313434e-01],
        [-2.57270564e-01,  0.00000000e+00, -4.79292173e-02, ...,
          9.02620538e-01,  9.29820811e-01,  9.21256900e-01],
        [-2.10659000e-01,  4.79292173e-02,  0.00000000e+00, ...,
          9.22213704e-01,  9.46390755e-01,  9.38840424e-01],
        ...,
        [-9.82976614e-01, -9.02620538e-01, -9.22213704e-01, ...,
          0.00000000e+00,  6.80537323e-02,  4.54647616e-02],
        [-9.93201299e-01, -9.29820811e-01, -9.46390755e-01, ...,
         -6.80537323e-02,  0.00000000e+00, -2.26240022e-02],
        [-9.90313434e-01, -9.21256900e-01, -9.38840424e-01, ...,
         -4.54647616e-02,  2.26240022e-02,  0.00000000e+00]],

       [[ 0.00000000e+00,  7.64016004e-03, -1.26910726e-02, ...,
          8.99120458e-02,  9.82789397e-02,  1.03526615e-01],
        [-7.64016004e-03,  0.00000000e+00, -2.03302470e-02, ...,
          8.23002065e-02,  9.06728980e-02,  9.59244868e-02],
        [ 1.26910726e-02,  2.03302470e-02,  0.00000000e+00, ...,
          1.02544475e-01,  1.10900659e-01,  1.16141157e-01],
        ...,
        [-8.99120458e-02, -8.23002065e-02, -1.02544475e-01, ...,
          0.00000000e+00,  8.40410822e-03,  1.36783826e-02],
        [-9.82789397e-02, -9.06728980e-02, -1.10900659e-01, ...,
         -8.40410822e-03,  0.00000000e+00,  5.27457755e-03],
        [-1.03526615e-01, -9.59244868e-02, -1.16141157e-01, ...,
         -1.36783826e-02, -5.27457755e-03,  0.00000000e+00]],

       [[ 0.00000000e+00,  7.14855235e-02,  3.57599252e-02, ...,
          9.93013063e-01,  9.97499412e-01,  9.98396721e-01],
        [-7.14855235e-02,  0.00000000e+00, -3.57713638e-02, ...,
          9.82036964e-01,  9.89895224e-01,  9.91796110e-01],
        [-3.57599252e-02,  3.57713638e-02,  0.00000000e+00, ...,
          9.88158110e-01,  9.94334096e-01,  9.95734009e-01],
        ...,
        [-9.93013063e-01, -9.82036964e-01, -9.88158110e-01, ...,
          0.00000000e+00,  4.75284286e-02,  6.16069965e-02],
        [-9.97499412e-01, -9.89895224e-01, -9.94334096e-01, ...,
         -4.75284286e-02,  0.00000000e+00,  1.40992259e-02],
        [-9.98396721e-01, -9.91796110e-01, -9.95734009e-01, ...,
         -6.16069965e-02, -1.40992259e-02,  0.00000000e+00]],

       ...,

       [[ 0.00000000e+00,  1.58837368e-01,  5.60946810e-03, ...,
         -8.71466050e-01, -7.70514996e-01, -6.78529079e-01],
        [-1.58837368e-01,  0.00000000e+00, -1.53296614e-01, ...,
         -9.38305293e-01, -8.61979536e-01, -7.86592717e-01],
        [-5.60946810e-03,  1.53296614e-01,  0.00000000e+00, ...,
         -8.74203535e-01, -7.74078471e-01, -6.82638970e-01],
        ...,
        [ 8.71466050e-01,  9.38305293e-01,  8.74203535e-01, ...,
          0.00000000e+00,  1.77587945e-01,  3.07367359e-01],
        [ 7.70514996e-01,  8.61979536e-01,  7.74078471e-01, ...,
         -1.77587945e-01,  0.00000000e+00,  1.33490656e-01],
        [ 6.78529079e-01,  7.86592717e-01,  6.82638970e-01, ...,
         -3.07367359e-01, -1.33490656e-01,  0.00000000e+00]],

       [[ 0.00000000e+00,  2.52983614e-02,  4.94589535e-02, ...,
          9.20255005e-01,  9.41276729e-01,  9.57942827e-01],
        [-2.52983614e-02,  0.00000000e+00,  2.41757237e-02, ...,
          9.29860208e-01,  9.49517108e-01,  9.64895828e-01],
        [-4.94589535e-02, -2.41757237e-02,  0.00000000e+00, ...,
          9.38482996e-01,  9.56823881e-01,  9.70963153e-01],
        ...,
        [-9.20255005e-01, -9.29860208e-01, -9.38482996e-01, ...,
          0.00000000e+00, -5.76283810e-02, -1.10785859e-01],
        [-9.41276729e-01, -9.49517108e-01, -9.56823881e-01, ...,
          5.76283810e-02,  0.00000000e+00, -5.33281069e-02],
        [-9.57942827e-01, -9.64895828e-01, -9.70963153e-01, ...,
          1.10785859e-01,  5.33281069e-02,  0.00000000e+00]],

       [[ 0.00000000e+00, -7.48897122e-04,  2.56826110e-03, ...,
          7.20039715e-01,  7.08787175e-01,  6.97756647e-01],
        [ 7.48897122e-04,  0.00000000e+00,  3.31715503e-03, ...,
          7.20559197e-01,  7.09315265e-01,  6.98292912e-01],
        [-2.56826110e-03, -3.31715503e-03,  0.00000000e+00, ...,
          7.18255140e-01,  7.06973129e-01,  6.95914611e-01],
        ...,
        [-7.20039715e-01, -7.20559197e-01, -7.18255140e-01, ...,
          0.00000000e+00, -1.60814239e-02, -3.15933008e-02],
        [-7.08787175e-01, -7.09315265e-01, -7.06973129e-01, ...,
          1.60814239e-02,  0.00000000e+00, -1.55158191e-02],
        [-6.97756647e-01, -6.98292912e-01, -6.95914611e-01, ...,
          3.15933008e-02,  1.55158191e-02,  0.00000000e+00]]]), 'num': array([ 7.05807536e-01,  7.05807536e-01,  0.00000000e+00,  0.00000000e+00,
        5.60554391e-04,  5.72829305e-04,  5.57485662e-04,  6.05695386e-02,
       -6.13745683e-06,  5.64032283e-04,  6.00959315e-04,  6.30615165e-04,
        3.64601396e-06,  7.08277096e-04,  4.93641534e-04])}
{'img': array([[[ 0.        , -0.06244377, -0.21124564, ...,  0.94412482,
          0.936375  ,  0.92378474],
        [ 0.06244377,  0.        , -0.14979879, ...,  0.96286307,
          0.95646549,  0.94589244],
        [ 0.21124564,  0.14979879,  0.        , ...,  0.99244281,
          0.98939131,  0.98382623],
        ...,
        [-0.94412482, -0.96286307, -0.99244281, ...,  0.        ,
         -0.0227709 , -0.05704846],
        [-0.936375  , -0.95646549, -0.98939131, ...,  0.0227709 ,
          0.        , -0.03429985],
        [-0.92378474, -0.94589244, -0.98382623, ...,  0.05704846,
          0.03429985,  0.        ]],

       [[ 0.        , -0.02033025, -0.05420689, ...,  0.0906729 ,
          0.09592449,  0.06761764],
        [ 0.02033025,  0.        , -0.03389533, ...,  0.11090066,
          0.11614116,  0.08788738],
        [ 0.05420689,  0.03389533,  0.        , ...,  0.14452318,
          0.14974038,  0.12160106],
        ...,
        [-0.0906729 , -0.11090066, -0.14452318, ...,  0.        ,
          0.00527458, -0.02312627],
        [-0.09592449, -0.11614116, -0.14974038, ..., -0.00527458,
          0.        , -0.02839911],
        [-0.06761764, -0.08788738, -0.12160106, ...,  0.02312627,
          0.02839911,  0.        ]],

       [[ 0.        , -0.06192808, -0.02619147, ...,  0.99116258,
          0.99293493,  0.99323582],
        [ 0.06192808,  0.        ,  0.03576564, ...,  0.99747509,
          0.9983775 ,  0.99852017],
        [ 0.02619147, -0.03576564,  0.        , ...,  0.99429693,
          0.99570218,  0.99593629],
        ...,
        [-0.99116258, -0.99747509, -0.99429693, ...,  0.        ,
          0.01410404,  0.01666689],
        [-0.99293493, -0.9983775 , -0.99570218, ..., -0.01410404,
          0.        ,  0.00256315],
        [-0.99323582, -0.99852017, -0.99593629, ..., -0.01666689,
         -0.00256315,  0.        ]],

       ...,

       [[ 0.        , -0.15329661, -0.33456508, ..., -0.86197954,
         -0.78659272, -0.75456393],
        [ 0.15329661,  0.        , -0.18614805, ..., -0.77407847,
         -0.68263897, -0.64504785],
        [ 0.33456508,  0.18614805,  0.        , ..., -0.64270049,
         -0.53467884, -0.49152993],
        ...,
        [ 0.86197954,  0.77407847,  0.64270049, ...,  0.        ,
          0.13349066,  0.18313289],
        [ 0.78659272,  0.68263897,  0.53467884, ..., -0.13349066,
          0.        ,  0.05026078],
        [ 0.75456393,  0.64504785,  0.49152993, ..., -0.18313289,
         -0.05026078,  0.        ]],

       [[ 0.        ,  0.02417572,  0.00375132, ...,  0.94951711,
          0.96489583,  0.97846973],
        [-0.02417572,  0.        , -0.02042533, ...,  0.95682388,
          0.97096315,  0.98317339],
        [-0.00375132,  0.02042533,  0.        , ...,  0.95068727,
          0.96587426,  0.97923708],
        ...,
        [-0.94951711, -0.95682388, -0.95068727, ...,  0.        ,
         -0.05332811, -0.1109897 ],
        [-0.96489583, -0.97096315, -0.96587426, ...,  0.05332811,
          0.        , -0.05783314],
        [-0.97846973, -0.98317339, -0.97923708, ...,  0.1109897 ,
          0.05783314,  0.        ]],

       [[ 0.        ,  0.00331716,  0.03699476, ...,  0.70931527,
          0.69829291,  0.68958117],
        [-0.00331716,  0.        ,  0.03367967, ...,  0.70697313,
          0.69591461,  0.68717507],
        [-0.03699476, -0.03367967,  0.        , ...,  0.68275243,
          0.67133361,  0.66231722],
        ...,
        [-0.70931527, -0.70697313, -0.68275243, ...,  0.        ,
         -0.01551582, -0.02761225],
        [-0.69829291, -0.69591461, -0.67133361, ...,  0.01551582,
          0.        , -0.01209902],
        [-0.68958117, -0.68717507, -0.66231722, ...,  0.02761225,
          0.01209902,  0.        ]]]), 'num': array([ 6.91452143e-01,  6.91452143e-01,  0.00000000e+00,  0.00000000e+00,
        5.48151192e-04,  5.77212224e-04,  5.48151192e-04,  2.09249152e-01,
       -1.00210456e-06,  5.51758768e-04,  5.82322957e-04,  6.20135702e-04,
        3.58962826e-06,  6.80712887e-04,  4.83933027e-04])}
{'img': array([[[ 0.        , -0.14979879,  0.14110428, ...,  0.95646549,
          0.94589244,  0.94401516],
        [ 0.14979879,  0.        ,  0.28781215, ...,  0.98939131,
          0.98382623,  0.9827823 ],
        [-0.14110428, -0.28781215,  0.        , ...,  0.90571516,
          0.89064297,  0.88801945],
        ...,
        [-0.95646549, -0.98939131, -0.90571516, ...,  0.        ,
         -0.03429985, -0.04003341],
        [-0.94589244, -0.98382623, -0.89064297, ...,  0.03429985,
          0.        , -0.00573749],
        [-0.94401516, -0.9827823 , -0.88801945, ...,  0.04003341,
          0.00573749,  0.        ]],

       [[ 0.        , -0.03389533,  0.03171385, ...,  0.11614116,
          0.08788738,  0.21628956],
        [ 0.03389533,  0.        ,  0.06557391, ...,  0.14974038,
          0.12160106,  0.24925828],
        [-0.03171385, -0.06557391,  0.        , ...,  0.0845835 ,
          0.05625204,  0.1852176 ],
        ...,
        [-0.11614116, -0.14974038, -0.0845835 , ...,  0.        ,
         -0.02839911,  0.10143386],
        [-0.08788738, -0.12160106, -0.05625204, ...,  0.02839911,
          0.        ,  0.12964558],
        [-0.21628956, -0.24925828, -0.1852176 , ..., -0.10143386,
         -0.12964558,  0.        ]],

       [[ 0.        ,  0.03576564,  0.12367757, ...,  0.9983775 ,
          0.99852017,  0.99822825],
        [-0.03576564,  0.        ,  0.08810739, ...,  0.99570218,
          0.99593629,  0.9954615 ],
        [-0.12367757, -0.08810739,  0.        , ...,  0.98366999,
          0.98412808,  0.98320537],
        ...,
        [-0.9983775 , -0.99570218, -0.98366999, ...,  0.        ,
          0.00256315, -0.00256353],
        [-0.99852017, -0.99593629, -0.98412808, ..., -0.00256315,
          0.        , -0.00512666],
        [-0.99822825, -0.9954615 , -0.98320537, ...,  0.00256353,
          0.00512666,  0.        ]],

       ...,

       [[ 0.        , -0.18614805, -0.06939856, ..., -0.68263897,
         -0.64504785, -0.64138813],
        [ 0.18614805,  0.        ,  0.11751366, ..., -0.53467884,
         -0.49152993, -0.48736189],
        [ 0.06939856, -0.11751366,  0.        , ..., -0.63027974,
         -0.59046228, -0.58659803],
        ...,
        [ 0.68263897,  0.53467884,  0.63027974, ...,  0.        ,
          0.05026078,  0.05503383],
        [ 0.64504785,  0.49152993,  0.59046228, ..., -0.05026078,
          0.        ,  0.00477967],
        [ 0.64138813,  0.48736189,  0.58659803, ..., -0.05503383,
         -0.00477967,  0.        ]],

       [[ 0.        , -0.02042533, -0.23861614, ...,  0.97096315,
          0.98317339,  0.99387165],
        [ 0.02042533,  0.        , -0.21873104, ...,  0.96587426,
          0.97923708,  0.99140649],
        [ 0.23861614,  0.21873104,  0.        , ...,  0.88583196,
          0.91118424,  0.93878595],
        ...,
        [-0.97096315, -0.96587426, -0.88583196, ...,  0.        ,
         -0.05783314, -0.13043251],
        [-0.98317339, -0.97923708, -0.91118424, ...,  0.05783314,
          0.        , -0.07287511],
        [-0.99387165, -0.99140649, -0.93878595, ...,  0.13043251,
          0.07287511,  0.        ]],

       [[ 0.        ,  0.03367967,  0.10811953, ...,  0.69591461,
          0.68717507,  0.68864015],
        [-0.03367967,  0.        ,  0.07457596, ...,  0.67133361,
          0.66231722,  0.66382823],
        [-0.10811953, -0.07457596,  0.        , ...,  0.6141918 ,
          0.60459882,  0.60620545],
        ...,
        [-0.69591461, -0.67133361, -0.6141918 , ...,  0.        ,
         -0.01209902, -0.01008056],
        [-0.68717507, -0.66231722, -0.60459882, ...,  0.01209902,
          0.        ,  0.00201858],
        [-0.68864015, -0.66382823, -0.60620545, ...,  0.01008056,
         -0.00201858,  0.        ]]]), 'num': array([ 8.65464774e-01,  4.87273612e-01,  7.13568230e-05, -8.01886331e-10,
        6.74137543e-04,  7.04664526e-04,  6.62689925e-04,  1.16322942e-01,
       -2.16232797e-05,  6.96269606e-04,  7.29340504e-04,  7.89790291e-04,
        3.52621917e-06,  8.41729748e-04,  6.16951261e-04])}
{'img': array([[[ 0.        ,  0.28781215,  0.93308285, ...,  0.98382623,
          0.9827823 ,  0.95980228],
        [-0.28781215,  0.        ,  0.79008626, ...,  0.89064297,
          0.88801945,  0.8384078 ],
        [-0.93308285, -0.79008626,  0.        , ...,  0.18670545,
          0.18106577,  0.08330902],
        ...,
        [-0.98382623, -0.89064297, -0.18670545, ...,  0.        ,
         -0.00573749, -0.10421231],
        [-0.9827823 , -0.88801945, -0.18106577, ...,  0.00573749,
          0.        , -0.09850434],
        [-0.95980228, -0.8384078 , -0.08330902, ...,  0.10421231,
          0.09850434,  0.        ]],

       [[ 0.        ,  0.06557391,  0.9474249 , ...,  0.12160106,
          0.24925828,  0.15839192],
        [-0.06557391,  0.        ,  0.92440355, ...,  0.05625204,
          0.1852176 ,  0.09330488],
        [-0.9474249 , -0.92440355,  0.        , ..., -0.90148443,
         -0.83776415, -0.88478295],
        ...,
        [-0.12160106, -0.05625204,  0.90148443, ...,  0.        ,
          0.12964558,  0.03715049],
        [-0.24925828, -0.1852176 ,  0.83776415, ..., -0.12964558,
          0.        , -0.09271913],
        [-0.15839192, -0.09330488,  0.88478295, ..., -0.03715049,
          0.09271913,  0.        ]],

       [[ 0.        ,  0.11845015,  0.53457664, ...,  0.99850174,
          0.99820798,  0.99676913],
        [-0.11845015,  0.        ,  0.43070863, ...,  0.98499069,
          0.98409254,  0.98023796],
        [-0.53457664, -0.43070863,  0.        , ...,  0.81460176,
          0.81161646,  0.79945233],
        ...,
        [-0.99850174, -0.98499069, -0.81460176, ...,  0.        ,
         -0.0051284 , -0.02565645],
        [-0.99820798, -0.98409254, -0.81161646, ...,  0.0051284 ,
          0.        , -0.0205294 ],
        [-0.99676913, -0.98023796, -0.79945233, ...,  0.02565645,
          0.0205294 ,  0.        ]],

       ...,

       [[ 0.        ,  0.11751366,  0.85951792, ..., -0.49152993,
         -0.48736189, -0.67548239],
        [-0.11751366,  0.        ,  0.79350066, ..., -0.59046228,
         -0.58659803, -0.75745393],
        [-0.85951792, -0.79350066,  0.        , ..., -0.99974407,
         -0.99962452, -0.97903082],
        ...,
        [ 0.49152993,  0.59046228,  0.99974407, ...,  0.        ,
          0.00477967, -0.22580863],
        [ 0.48736189,  0.58659803,  0.99962452, ..., -0.00477967,
          0.        , -0.23046227],
        [ 0.67548239,  0.75745393,  0.97903082, ...,  0.22580863,
          0.23046227,  0.        ]],

       [[ 0.        , -0.21873104,  0.41967232, ...,  0.97923708,
          0.99140649,  0.99932535],
        [ 0.21873104,  0.        ,  0.60804687, ...,  0.91118424,
          0.93878595,  0.96709362],
        [-0.41967232, -0.60804687,  0.        , ...,  0.97390497,
          0.95477598,  0.92247646],
        ...,
        [-0.97923708, -0.91118424, -0.97390497, ...,  0.        ,
         -0.07287511, -0.16661754],
        [-0.99140649, -0.93878595, -0.95477598, ...,  0.07287511,
          0.        , -0.09431808],
        [-0.99932535, -0.96709362, -0.92247646, ...,  0.16661754,
          0.09431808,  0.        ]],

       [[ 0.        ,  0.07457596, -0.11467295, ...,  0.66231722,
          0.66382823,  0.67346897],
        [-0.07457596,  0.        , -0.18843763, ...,  0.60459882,
          0.60620545,  0.61646589],
        [ 0.11467295,  0.18843763,  0.        , ...,  0.74386378,
          0.74521135,  0.75379432],
        ...,
        [-0.66231722, -0.60459882, -0.74386378, ...,  0.        ,
          0.00201858,  0.01498366],
        [-0.66382823, -0.60620545, -0.74521135, ..., -0.00201858,
          0.        ,  0.01296528],
        [-0.67346897, -0.61646589, -0.75379432, ..., -0.01498366,
         -0.01296528,  0.        ]]]), 'num': array([ 9.23308240e-01,  3.71449502e-01,  1.05720065e-04, -1.90456082e-07,
        7.14842925e-04,  7.29906665e-04,  7.12104063e-04,  9.75833173e-02,
       -1.09554471e-05,  7.39766567e-04,  7.74413169e-04,  8.53041326e-04,
        4.05757301e-06,  8.78826325e-04,  6.70000013e-04])}
{'img': array([[[ 0.        ,  0.92121707,  0.969534  , ...,  0.97762084,
          0.9512706 ,  0.93506858],
        [-0.92121707,  0.        ,  0.60285458, ...,  0.18654169,
          0.08602681,  0.03724657],
        [-0.969534  , -0.60285458,  0.        , ..., -0.44344021,
         -0.53198311, -0.57271905],
        ...,
        [-0.97762084, -0.18654169,  0.44344021, ...,  0.        ,
         -0.10133336, -0.14981947],
        [-0.9512706 , -0.08602681,  0.53198311, ...,  0.10133336,
          0.        , -0.04885863],
        [-0.93506858, -0.03724657,  0.57271905, ...,  0.14981947,
          0.04885863,  0.        ]],

       [[ 0.        ,  0.94694345,  0.67801787, ...,  0.24086896,
          0.1444142 ,  0.11995199],
        [-0.94694345,  0.        ,  0.91396154, ..., -0.84164787,
         -0.89060219, -0.90155363],
        [-0.67801787, -0.91396154,  0.        , ..., -0.83510506,
         -0.77706143, -0.76129254],
        ...,
        [-0.24086896,  0.84164787,  0.83510506, ...,  0.        ,
         -0.09818171, -0.12270949],
        [-0.1444142 ,  0.89060219,  0.77706143, ...,  0.09818171,
          0.        , -0.02467691],
        [-0.11995199,  0.90155363,  0.76129254, ...,  0.12270949,
          0.02467691,  0.        ]],

       [[ 0.        ,  0.52413082,  0.82186293, ...,  0.9979765 ,
          0.99645427,  0.99146424],
        [-0.52413082,  0.        ,  0.40133988, ...,  0.81658824,
          0.80451973,  0.77603277],
        [-0.82186293, -0.40133988,  0.        , ...,  0.51627535,
          0.49851695,  0.45766898],
        ...,
        [-0.9979765 , -0.81658824, -0.51627535, ...,  0.        ,
         -0.02060755, -0.06707403],
        [-0.99645427, -0.80451973, -0.49851695, ...,  0.02060755,
          0.        , -0.04649865],
        [-0.99146424, -0.77603277, -0.45766898, ...,  0.06707403,
          0.04649865,  0.        ]],

       ...,

       [[ 0.        ,  0.79350066,  0.98120028, ..., -0.58659803,
         -0.75745393, -0.71836561],
        [-0.79350066,  0.        ,  0.44398897, ..., -0.99962452,
         -0.97903082, -0.98918656],
        [-0.98120028, -0.44398897,  0.        , ..., -0.90786163,
         -0.78679724, -0.82122644],
        ...,
        [ 0.58659803,  0.99962452,  0.90786163, ...,  0.        ,
         -0.23046227, -0.1737125 ],
        [ 0.75745393,  0.97903082,  0.78679724, ...,  0.23046227,
          0.        ,  0.05792203],
        [ 0.71836561,  0.98918656,  0.82122644, ...,  0.1737125 ,
         -0.05792203,  0.        ]],

       [[ 0.        ,  0.60804687,  0.89698336, ...,  0.93878595,
          0.96709362,  0.98845065],
        [-0.60804687,  0.        ,  0.44332028, ...,  0.95477598,
          0.92247646,  0.87687741],
        [-0.89698336, -0.44332028,  0.        , ...,  0.72401542,
          0.65572876,  0.57289042],
        ...,
        [-0.93878595, -0.95477598, -0.72401542, ...,  0.        ,
         -0.09431808, -0.19825567],
        [-0.96709362, -0.92247646, -0.65572876, ...,  0.09431808,
          0.        , -0.10492597],
        [-0.98845065, -0.87687741, -0.57289042, ...,  0.19825567,
          0.10492597,  0.        ]],

       [[ 0.        , -0.18843763, -0.63344246, ...,  0.60620545,
          0.61646589,  0.63655899],
        [ 0.18843763,  0.        , -0.47628332, ...,  0.74521135,
          0.75379432,  0.77048351],
        [ 0.63344246,  0.47628332,  0.        , ...,  0.9728575 ,
          0.97577596,  0.98109142],
        ...,
        [-0.60620545, -0.74521135, -0.9728575 , ...,  0.        ,
          0.01296528,  0.03873788],
        [-0.61646589, -0.75379432, -0.97577596, ..., -0.01296528,
          0.        ,  0.02577908],
        [-0.63655899, -0.77048351, -0.98109142, ..., -0.03873788,
         -0.02577908,  0.        ]]]), 'num': array([ 9.73678010e-01,  2.15617069e-01,  1.45501140e-04, -3.30971389e-07,
        7.53539702e-04,  7.59325036e-04,  7.43415368e-04,  7.38600524e-02,
       -1.44633340e-06,  7.71763503e-04,  8.07777205e-04,  9.03620898e-04,
        5.32859674e-06,  9.01391965e-04,  7.14162444e-04])}
{'img': array([[[ 0.        ,  0.83969466,  0.45958122, ...,  0.17337641,
          0.07945181,  0.06682679],
        [-0.83969466,  0.        , -0.49618321, ..., -0.73282443,
         -0.79389313, -0.80152672],
        [-0.45958122,  0.49618321,  0.        , ..., -0.29863937,
         -0.38756435, -0.3992026 ],
        ...,
        [-0.17337641,  0.73282443,  0.29863937, ...,  0.        ,
         -0.09457975, -0.1071741 ],
        [-0.07945181,  0.79389313,  0.38756435, ...,  0.09457975,
          0.        , -0.01265867],
        [-0.06682679,  0.80152672,  0.3992026 , ...,  0.1071741 ,
          0.01265867,  0.        ]],

       [[ 0.        ,  0.91476887,  0.02380561, ..., -0.90287616,
         -0.91678188, -0.94605   ],
        [-0.91476887,  0.        , -0.90489269, ..., -0.75800157,
         -0.73570731, -0.67858705],
        [-0.02380561,  0.90489269,  0.        , ..., -0.91285434,
         -0.92602975, -0.95349541],
        ...,
        [ 0.90287616,  0.75800157,  0.91285434, ...,  0.        ,
         -0.03352707, -0.11415705],
        [ 0.91678188,  0.73570731,  0.92602975, ...,  0.03352707,
          0.        , -0.08078498],
        [ 0.94605   ,  0.67858705,  0.95349541, ...,  0.11415705,
          0.08078498,  0.        ]],

       [[ 0.        ,  0.71856856,  0.87818497, ...,  0.98527061,
          0.97528505,  0.96376962],
        [-0.71856856,  0.        ,  0.26703254, ...,  0.56233551,
          0.51949995,  0.47859135],
        [-0.87818497, -0.26703254,  0.        , ...,  0.32110405,
          0.27246419,  0.22674786],
        ...,
        [-0.98527061, -0.56233551, -0.32110405, ...,  0.        ,
         -0.05091982, -0.09800023],
        [-0.97528505, -0.51949995, -0.27246419, ...,  0.05091982,
          0.        , -0.04719839],
        [-0.96376962, -0.47859135, -0.22674786, ...,  0.09800023,
          0.04719839,  0.        ]],

       ...,

       [[ 0.        ,  0.44398897, -0.50211029, ..., -0.97903082,
         -0.98918656, -0.99850267],
        [-0.44398897,  0.        , -0.83387027, ..., -0.78679724,
         -0.82122644, -0.91897809],
        [ 0.50211029,  0.83387027,  0.        , ..., -0.94895535,
         -0.92909294, -0.8360418 ],
        ...,
        [ 0.97903082,  0.78679724,  0.94895535, ...,  0.        ,
          0.05792203,  0.25696299],
        [ 0.98918656,  0.82122644,  0.92909294, ..., -0.05792203,
          0.        ,  0.20055449],
        [ 0.99850267,  0.91897809,  0.8360418 , ..., -0.25696299,
         -0.20055449,  0.        ]],

       [[ 0.        ,  0.7941352 ,  0.88309226, ...,  0.9856568 ,
          0.99853741,  0.9986433 ],
        [-0.7941352 ,  0.        ,  0.16408374, ...,  0.73304415,
          0.64978723,  0.56556385],
        [-0.88309226, -0.16408374,  0.        , ...,  0.61150212,
          0.51625758,  0.42257783],
        ...,
        [-0.9856568 , -0.73304415, -0.61150212, ...,  0.        ,
         -0.11522574, -0.219859  ],
        [-0.99853741, -0.64978723, -0.51625758, ...,  0.11522574,
          0.        , -0.10598824],
        [-0.9986433 , -0.56556385, -0.42257783, ...,  0.219859  ,
          0.10598824,  0.        ]],

       [[ 0.        , -0.47628332, -0.61596745, ...,  0.75379432,
          0.77048351,  0.78788307],
        [ 0.47628332,  0.        , -0.1664127 , ...,  0.97577596,
          0.98109142,  0.98608629],
        [ 0.61596745,  0.1664127 ,  0.        , ...,  0.9985764 ,
          0.9996196 ,  0.99999998],
        ...,
        [-0.75379432, -0.97577596, -0.9985764 , ...,  0.        ,
          0.02577908,  0.0535209 ],
        [-0.77048351, -0.98109142, -0.9996196 , ..., -0.02577908,
          0.        ,  0.02776098],
        [-0.78788307, -0.98608629, -0.99999998, ..., -0.0535209 ,
         -0.02776098,  0.        ]]]), 'num': array([ 9.34946241e-01,  3.42611169e-01,  1.16601392e-04, -3.46761992e-07,
        7.17112678e-04,  7.39698904e-04,  7.10054482e-04,  9.21323217e-02,
       -1.83513087e-05,  7.41957526e-04,  7.80283529e-04,  8.81756855e-04,
        5.98877206e-06,  8.66557087e-04,  6.94009970e-04])}
{'img': array([[[ 0.        , -0.49618321, -0.6870229 , ..., -0.79389313,
         -0.80152672, -0.90076336],
        [ 0.49618321,  0.        , -0.23594108, ..., -0.38756435,
         -0.3992026 , -0.56656138],
        [ 0.6870229 ,  0.23594108,  0.        , ..., -0.15912184,
         -0.17160648, -0.3561458 ],
        ...,
        [ 0.79389313,  0.38756435,  0.15912184, ...,  0.        ,
         -0.01265867, -0.20291985],
        [ 0.80152672,  0.3992026 ,  0.17160648, ...,  0.01265867,
          0.        , -0.19050827],
        [ 0.90076336,  0.56656138,  0.3561458 , ...,  0.20291985,
          0.19050827,  0.        ]],

       [[ 0.        , -0.90489269, -0.98070427, ..., -0.73570731,
         -0.67858705, -0.72679979],
        [ 0.90489269,  0.        , -0.59433068, ..., -0.92602975,
         -0.95349541, -0.93087988],
        [ 0.98070427,  0.59433068,  0.        , ..., -0.52040193,
         -0.58768505, -0.53150882],
        ...,
        [ 0.73570731,  0.92602975,  0.52040193, ...,  0.        ,
         -0.08078498, -0.0130589 ],
        [ 0.67858705,  0.95349541,  0.58768505, ...,  0.08078498,
          0.        ,  0.06776188],
        [ 0.72679979,  0.93087988,  0.53150882, ...,  0.0130589 ,
         -0.06776188,  0.        ]],

       [[ 0.        ,  0.66833266,  0.85087496, ...,  0.89786942,
          0.86930748,  0.82866955],
        [-0.66833266,  0.        ,  0.28181323, ...,  0.37365002,
          0.31630734,  0.24232494],
        [-0.85087496, -0.28181323,  0.        , ...,  0.09710428,
          0.03614315, -0.04091049],
        ...,
        [-0.89786942, -0.37365002, -0.09710428, ...,  0.        ,
         -0.0610685 , -0.13774015],
        [-0.86930748, -0.31630734, -0.03614315, ...,  0.0610685 ,
          0.        , -0.07699665],
        [-0.82866955, -0.24232494,  0.04091049, ...,  0.13774015,
          0.07699665,  0.        ]],

       ...,

       [[ 0.        , -0.83387027, -0.90978189, ..., -0.82122644,
         -0.91897809, -0.96618097],
        [ 0.83387027,  0.        , -0.15603525, ..., -0.92909294,
         -0.8360418 , -0.74831964],
        [ 0.90978189,  0.15603525,  0.        , ..., -0.86000387,
         -0.74019034, -0.63564967],
        ...,
        [ 0.82122644,  0.92909294,  0.86000387, ...,  0.        ,
          0.20055449,  0.33953968],
        [ 0.91897809,  0.8360418 ,  0.74019034, ..., -0.20055449,
          0.        ,  0.14400121],
        [ 0.96618097,  0.74831964,  0.63564967, ..., -0.33953968,
         -0.14400121,  0.        ]],

       [[ 0.        ,  0.56123477,  0.69165388, ...,  0.98426019,
          0.95114037,  0.92682807],
        [-0.56123477,  0.        ,  0.16711183, ...,  0.71544503,
          0.61393147,  0.55635961],
        [-0.69165388, -0.16711183,  0.        , ...,  0.58862855,
          0.47338705,  0.40967588],
        ...,
