state_0,state_1,state_2,state_3,state_4,state_5,state_6,state_7,state_8,state_9,state_10,state_11,state_12,state_13,state_14,state_15,state_16,state_17,state_18,state_19,state_20,state_21,state_22,state_23,state_24,state_25,state_26,state_27,state_28,state_29,state_30,state_31,state_32,state_33,state_34,state_35,state_36,state_37,state_38,state_39,state_40,state_41,state_42,state_43,state_44,state_45,state_46,state_47,state_48,state_49,state_50,state_51,state_52,state_53,state_54,state_55,state_56,state_57,state_58,state_59,state_60,state_61,state_62,state_63,state_64,state_65,state_66,state_67,state_68,state_69,state_70,state_71,state_72,state_73,state_74,state_75,state_76,state_77,state_78,state_79,state_80,state_81,state_82,state_83,state_84,state_85,state_86,state_87,state_88,state_89,state_90,state_91,state_92,state_93,state_94,state_95,state_96,state_97,state_98,state_99,state_100,state_101,state_102,state_103,state_104,state_105,state_106,state_107,state_108,state_109,state_110,state_111,state_112,state_113,state_114,state_115,state_116,state_117,state_118,state_119,state_120,state_121,state_122,state_123,state_124,state_125,state_126,state_127,state_128,state_129,state_130,state_131,state_132,state_133,state_134,state_135,state_136,state_137,state_138,state_139,state_140,state_141,state_142,state_143,state_144,state_145,state_146,state_147,state_148,state_149,state_150,state_151,state_152,state_153,state_154,state_155,state_156,state_157,state_158,state_159,state_160,state_161,state_162,state_163,state_164,state_165,state_166,state_167,state_168,state_169,state_170,state_171,state_172,state_173,state_174,state_175,state_176,state_177,state_178,state_179,state_180,state_181,state_182,state_183,state_184,state_185,state_186,state_187,state_188,state_189,state_190,state_191,state_192,state_193,state_194,state_195,state_196,state_197,state_198,state_199,state_200,state_201,state_202,state_203,state_204,state_205,state_206,state_207,state_208,state_209,state_210,state_211,state_212,state_213,state_214,state_215,state_216,state_217,state_218,state_219,state_220,state_221,state_222,state_223,state_224,state_225,state_226,state_227,state_228,state_229,state_230,state_231,state_232,state_233,state_234,state_235,state_236,state_237,state_238,state_239,state_240,state_241,state_242,state_243,state_244,state_245,state_246,state_247,state_248,state_249,state_250,state_251,state_252,state_253,state_254,state_255,state_256,state_257,state_258,state_259,state_260,state_261,state_262,state_263,state_264,state_265,state_266,state_267,state_268,state_269,state_270,state_271,state_272,state_273,state_274,state_275,state_276,state_277,state_278,state_279,state_280,state_281,state_282,state_283,state_284,state_285,state_286,state_287
{'img': array([[[ 0.        ,  0.33713547, -0.74548094, ..., -0.61859766,
         -0.66849956, -0.65217391],
        [-0.33713547,  0.        , -0.92654749, ..., -0.84727258,
         -0.8800949 , -0.86956522],
        [ 0.74548094,  0.92654749,  0.        , ...,  0.17341826,
          0.10885055,  0.13043478],
        ...,
        [ 0.61859766,  0.84727258, -0.17341826, ...,  0.        ,
         -0.06518656, -0.04347826],
        [ 0.66849956,  0.8800949 , -0.10885055, ...,  0.06518656,
          0.        ,  0.02173913],
        [ 0.65217391,  0.86956522, -0.13043478, ...,  0.04347826,
         -0.02173913,  0.        ]],

       [[ 0.        , -0.02459397,  0.34862644, ..., -0.37524171,
         -0.28816435, -0.03302208],
        [ 0.02459397,  0.        ,  0.37157197, ..., -0.35233139,
         -0.26452647, -0.00843153],
        [-0.34862644, -0.37157197,  0.        , ..., -0.67485096,
         -0.60392347, -0.37938664],
        ...,
        [ 0.37524171,  0.35233139,  0.67485096, ...,  0.        ,
          0.092217  ,  0.344428  ],
        [ 0.28816435,  0.26452647,  0.60392347, ..., -0.092217  ,
          0.        ,  0.25638588],
        [ 0.03302208,  0.00843153,  0.37938664, ..., -0.344428  ,
         -0.25638588,  0.        ]],

       [[ 0.        ,  0.17029729,  0.03827213, ..., -0.52458836,
         -0.57000007, -0.57000007],
        [-0.17029729,  0.        , -0.13245944, ..., -0.66190917,
         -0.70159778, -0.70159778],
        [-0.03827213,  0.13245944,  0.        , ..., -0.55678722,
         -0.60102855, -0.60102855],
        ...,
        [ 0.52458836,  0.66190917,  0.55678722, ...,  0.        ,
         -0.05424777, -0.05424777],
        [ 0.57000007,  0.70159778,  0.60102855, ...,  0.05424777,
          0.        ,  0.        ],
        [ 0.57000007,  0.70159778,  0.60102855, ...,  0.05424777,
          0.        ,  0.        ]],

       ...,

       [[ 0.        ,  0.08066407, -0.99982099, ..., -0.89653668,
         -0.87129696, -0.92860493],
        [-0.08066407,  0.        , -0.99503668, ..., -0.85788345,
         -0.82887131, -0.89564692],
        [ 0.99982099,  0.99503668,  0.        , ..., -0.42592699,
         -0.47418265, -0.35343352],
        ...,
        [ 0.89653668,  0.85788345,  0.42592699, ...,  0.        ,
         -0.05402292,  0.07866587],
        [ 0.87129696,  0.82887131,  0.47418265, ...,  0.05402292,
          0.        ,  0.1324065 ],
        [ 0.92860493,  0.89564692,  0.35343352, ..., -0.07866587,
         -0.1324065 ,  0.        ]],

       [[ 0.        ,  0.23158388,  0.22242598, ...,  0.24304546,
          0.14960332, -0.02040137],
        [-0.23158388,  0.        , -0.00940329, ...,  0.01179844,
         -0.08344131, -0.25138244],
        [-0.22242598,  0.00940329,  0.        , ...,  0.02120056,
         -0.07406713, -0.24226999],
        ...,
        [-0.24304546, -0.01179844, -0.02120056, ...,  0.        ,
         -0.0951928 , -0.26278451],
        [-0.14960332,  0.08344131,  0.07406713, ...,  0.0951928 ,
          0.        , -0.16974396],
        [ 0.02040137,  0.25138244,  0.24226999, ...,  0.26278451,
          0.16974396,  0.        ]],

       [[ 0.        ,  0.1440846 ,  0.49588913, ...,  0.89348607,
          0.90771687,  0.8939515 ],
        [-0.1440846 ,  0.        ,  0.36559368, ...,  0.94886996,
          0.95870067,  0.94919694],
        [-0.49588913, -0.36559368,  0.        , ...,  0.99858995,
          0.99631524,  0.99853434],
        ...,
        [-0.89348607, -0.94886996, -0.99858995, ...,  0.        ,
         -0.03275563, -0.00103746],
        [-0.90771687, -0.95870067, -0.99631524, ...,  0.03275563,
          0.        ,  0.03171872],
        [-0.8939515 , -0.94919694, -0.99853434, ...,  0.00103746,
         -0.03171872,  0.        ]]]), 'num': array([ 7.06581672e-01,  7.06581672e-01,  0.00000000e+00,  0.00000000e+00,
        2.97428610e-03,  2.98032526e-03,  2.96522736e-03,  3.75786102e-02,
       -4.52936969e-05,  3.01112497e-03,  3.04026392e-03,  3.03246334e-03,
        1.60534622e-06,  3.12258887e-03,  2.95793896e-03])}
{'img': array([[[ 0.        , -0.92654749, -0.49381812, ..., -0.8800949 ,
         -0.86956522, -0.98306224],
        [ 0.92654749,  0.        , -0.99145689, ...,  0.10885055,
          0.13043478, -0.19999597],
        [ 0.49381812,  0.99145689,  0.        , ...,  0.99976368,
          1.        ,  0.94533978],
        ...,
        [ 0.8800949 , -0.10885055, -0.99976368, ...,  0.        ,
          0.02173913, -0.30545903],
        [ 0.86956522, -0.13043478, -1.        , ..., -0.02173913,
          0.        , -0.32608696],
        [ 0.98306224,  0.19999597, -0.94533978, ...,  0.30545903,
          0.32608696,  0.        ]],

       [[ 0.        ,  0.37157197,  0.29279512, ..., -0.26452647,
         -0.00843153, -0.17029531],
        [-0.37157197,  0.        , -0.0834557 , ..., -0.60392347,
         -0.37938664, -0.52424732],
        [-0.29279512,  0.0834557 ,  0.        , ..., -0.53529895,
         -0.30084674, -0.45135044],
        ...,
        [ 0.26452647,  0.60392347,  0.53529895, ...,  0.        ,
          0.25638588,  0.09643343],
        [ 0.00843153,  0.37938664,  0.30084674, ..., -0.25638588,
          0.        , -0.16198088],
        [ 0.17029531,  0.52424732,  0.45135044, ..., -0.09643343,
          0.16198088,  0.        ]],

       [[ 0.        , -0.13245944, -0.51874835, ..., -0.70159778,
         -0.70159778, -0.75611108],
        [ 0.13245944,  0.        , -0.40093421, ..., -0.60102855,
         -0.60102855, -0.66276136],
        [ 0.51874835,  0.40093421,  0.        , ..., -0.2301687 ,
         -0.2301687 , -0.30692838],
        ...,
        [ 0.70159778,  0.60102855,  0.2301687 , ...,  0.        ,
          0.        , -0.07962852],
        [ 0.70159778,  0.60102855,  0.2301687 , ...,  0.        ,
          0.        , -0.07962852],
        [ 0.75611108,  0.66276136,  0.30692838, ...,  0.07962852,
          0.07962852,  0.        ]],

       ...,

       [[ 0.        , -0.99623109, -0.85330988, ..., -0.84081179,
         -0.90378542, -0.        ],
        [ 0.99623109,  0.        , -0.4454239 , ..., -0.46635633,
         -0.34797956, -0.99623109],
        [ 0.85330988,  0.4454239 ,  0.        , ..., -0.02351743,
          0.10603286, -0.85330988],
        ...,
        [ 0.84081179,  0.46635633,  0.02351743, ...,  0.        ,
          0.12938839, -0.84081179],
        [ 0.90378542,  0.34797956, -0.10603286, ..., -0.12938839,
          0.        , -0.90378542],
        [ 0.        ,  0.99623109,  0.85330988, ...,  0.84081179,
          0.90378542,  0.        ]],

       [[ 0.        , -0.00940329,  0.00311945, ..., -0.08344131,
         -0.25138244, -0.43300814],
        [ 0.00940329,  0.        ,  0.01252255, ..., -0.07406713,
         -0.24226999, -0.42451296],
        [-0.00311945, -0.01252255,  0.        , ..., -0.08654948,
         -0.25440049, -0.43581787],
        ...,
        [ 0.08344131,  0.07406713,  0.08654948, ...,  0.        ,
         -0.16974396, -0.35628494],
        [ 0.25138244,  0.24226999,  0.25440049, ...,  0.16974396,
          0.        , -0.1925097 ],
        [ 0.43300814,  0.42451296,  0.43581787, ...,  0.35628494,
          0.1925097 ,  0.        ]],

       [[ 0.        ,  0.47832127,  0.42684374, ...,  0.90911779,
          0.89539659,  0.89588822],
        [-0.47832127,  0.        , -0.05771033, ...,  0.99761306,
          0.99930567,  0.99926388],
        [-0.42684374,  0.05771033,  0.        , ...,  0.99993542,
          0.99979038,  0.9998124 ],
        ...,
        [-0.90911779, -0.99761306, -0.99993542, ...,  0.        ,
          0.03183472,  0.03072992],
        [-0.89539659, -0.99930567, -0.99979038, ..., -0.03183472,
          0.        , -0.00110535],
        [-0.89588822, -0.99926388, -0.9998124 , ..., -0.03072992,
          0.00110535,  0.        ]]]), 'num': array([ 8.35308360e-01,  5.47265952e-01,  5.74934945e-06, -3.43371509e-10,
        3.55607910e-03,  3.57027503e-03,  3.49219744e-03,  5.15647795e-02,
        6.03326794e-05,  3.54046359e-03,  3.56690350e-03,  3.56187577e-03,
        3.45798162e-06,  3.64944993e-03,  3.48435706e-03])}
{'img': array([[[ 0.        , -0.99145689, -0.62039249, ...,  0.13043478,
         -0.19999597,  0.17341826],
        [ 0.99145689,  0.        ,  0.69667045, ...,  1.        ,
          0.94533978,  0.99905437],
        [ 0.62039249, -0.69667045,  0.        , ...,  0.7173913 ,
          0.45100339,  0.74700294],
        ...,
        [-0.13043478, -1.        , -0.7173913 , ...,  0.        ,
         -0.32608696,  0.04347826],
        [ 0.19999597, -0.94533978, -0.45100339, ...,  0.32608696,
          0.        ,  0.36688033],
        [-0.17341826, -0.99905437, -0.74700294, ..., -0.04347826,
         -0.36688033,  0.        ]],

       [[ 0.        , -0.0834557 , -0.6392656 , ..., -0.37938664,
         -0.52424732, -0.46664504],
        [ 0.0834557 ,  0.        , -0.57285925, ..., -0.30084674,
         -0.45135044, -0.3912052 ],
        [ 0.6392656 ,  0.57285925,  0.        , ...,  0.29972996,
          0.14123803,  0.20655156],
        ...,
        [ 0.37938664,  0.30084674, -0.29972996, ...,  0.        ,
         -0.16198088, -0.09621133],
        [ 0.52424732,  0.45135044, -0.14123803, ...,  0.16198088,
          0.        ,  0.06628868],
        [ 0.46664504,  0.3912052 , -0.20655156, ...,  0.09621133,
         -0.06628868,  0.        ]],

       [[ 0.        , -0.40093421, -0.66739965, ..., -0.60102855,
         -0.66276136, -0.65343649],
        [ 0.40093421,  0.        , -0.31283379, ..., -0.2301687 ,
         -0.30692838, -0.29511792],
        [ 0.66739965,  0.31283379,  0.        , ...,  0.08581839,
          0.00621112,  0.0185951 ],
        ...,
        [ 0.60102855,  0.2301687 , -0.08581839, ...,  0.        ,
         -0.07962852, -0.06727704],
        [ 0.66276136,  0.30692838, -0.00621112, ...,  0.07962852,
          0.        ,  0.0123847 ],
        [ 0.65343649,  0.29511792, -0.0185951 , ...,  0.06727704,
         -0.0123847 ,  0.        ]],

       ...,

       [[ 0.        , -0.47363501, -0.36603356, ..., -0.3716981 ,
         -0.99997878, -0.29343368],
        [ 0.47363501,  0.        ,  0.11839199, ...,  0.11233839,
         -0.87761701,  0.19435206],
        [ 0.36603356, -0.11839199,  0.        , ..., -0.00609427,
         -0.92819735,  0.07685069],
        ...,
        [ 0.3716981 , -0.11233839,  0.00609427, ...,  0.        ,
         -0.92591251,  0.08292551],
        [ 0.99997878,  0.87761701,  0.92819735, ...,  0.92591251,
          0.        ,  0.95404755],
        [ 0.29343368, -0.19435206, -0.07685069, ..., -0.08292551,
         -0.95404755,  0.        ]],

       [[ 0.        ,  0.01252255, -0.02155572, ..., -0.24226999,
         -0.42451296, -0.58628927],
        [-0.01252255,  0.        , -0.03407367, ..., -0.25440049,
         -0.43581787, -0.59638784],
        [ 0.02155572,  0.03407367,  0.        , ..., -0.22130015,
         -0.40489731, -0.56869072],
        ...,
        [ 0.24226999,  0.25440049,  0.22130015, ...,  0.        ,
         -0.1925097 , -0.3725597 ],
        [ 0.42451296,  0.43581787,  0.40489731, ...,  0.1925097 ,
          0.        , -0.18694042],
        [ 0.58628927,  0.59638784,  0.56869072, ...,  0.3725597 ,
          0.18694042,  0.        ]],

       [[ 0.        , -0.23270982,  0.17310921, ...,  0.98090817,
          0.98112998,  0.96015663],
        [ 0.23270982,  0.        ,  0.39755322, ...,  0.9087231 ,
          0.90919996,  0.86876304],
        [-0.17310921, -0.39755322,  0.        , ...,  0.99976385,
          0.99978805,  0.99403831],
        ...,
        [-0.98090817, -0.9087231 , -0.99976385, ...,  0.        ,
         -0.00114387,  0.08740389],
        [-0.98112998, -0.90919996, -0.99978805, ...,  0.00114387,
          0.        ,  0.08854333],
        [-0.96015663, -0.86876304, -0.99403831, ..., -0.08740389,
         -0.08854333,  0.        ]]]), 'num': array([ 9.77342941e-01,  2.08046562e-01,  1.54013289e-05,  4.80611116e-08,
        4.15835881e-03,  4.16252133e-03,  4.10840855e-03,  3.71341858e-02,
       -1.24875640e-05,  4.15003376e-03,  4.17417639e-03,  4.17799203e-03,
        4.21802161e-06,  4.23656424e-03,  4.11178854e-03])}
{'img': array([[[ 0.        ,  0.69667045,  0.96537406, ...,  0.94533978,
          0.99905437,  0.99976368],
        [-0.69667045,  0.        ,  0.51081084, ...,  0.45100339,
          0.74700294,  0.70207676],
        [-0.96537406, -0.51081084,  0.        , ..., -0.06818551,
          0.30259567,  0.23982152],
        ...,
        [-0.94533978, -0.45100339,  0.06818551, ...,  0.        ,
          0.36688033,  0.30545903],
        [-0.99905437, -0.74700294, -0.30259567, ..., -0.36688033,
          0.        , -0.06518656],
        [-0.99976368, -0.70207676, -0.23982152, ..., -0.30545903,
          0.06518656,  0.        ]],

       [[ 0.        , -0.57285925, -0.38769482, ..., -0.45135044,
         -0.3912052 , -0.57018277],
        [ 0.57285925,  0.        ,  0.21027915, ...,  0.14123803,
          0.20655156,  0.00326166],
        [ 0.38769482, -0.21027915,  0.        , ..., -0.0700911 ,
         -0.00381128, -0.2070893 ],
        ...,
        [ 0.45135044, -0.14123803,  0.0700911 , ...,  0.        ,
          0.06628868, -0.13800832],
        [ 0.3912052 , -0.20655156,  0.00381128, ..., -0.06628868,
          0.        , -0.20335913],
        [ 0.57018277, -0.00326166,  0.2070893 , ...,  0.13800832,
          0.20335913,  0.        ]],

       [[ 0.        , -0.31283379, -0.5609823 , ..., -0.30692838,
         -0.29511792, -0.31283379],
        [ 0.31283379,  0.        , -0.27385291, ...,  0.00621112,
          0.0185951 ,  0.        ],
        [ 0.5609823 ,  0.27385291,  0.        , ...,  0.27982131,
          0.2916898 ,  0.27385291],
        ...,
        [ 0.30692838, -0.00621112, -0.27982131, ...,  0.        ,
          0.0123847 , -0.00621112],
        [ 0.29511792, -0.0185951 , -0.2916898 , ..., -0.0123847 ,
          0.        , -0.0185951 ],
        [ 0.31283379,  0.        , -0.27385291, ...,  0.00621112,
          0.0185951 ,  0.        ]],

       ...,

       [[ 0.        ,  0.11839199,  0.1799166 , ..., -0.87761701,
          0.19435206,  0.25671496],
        [-0.11839199,  0.        ,  0.06219117, ..., -0.92819735,
          0.07685069,  0.14048513],
        [-0.1799166 , -0.06219117,  0.        , ..., -0.9495412 ,
          0.01469468,  0.07863877],
        ...,
        [ 0.87761701,  0.92819735,  0.9495412 , ...,  0.        ,
          0.95404755,  0.97126509],
        [-0.19435206, -0.07685069, -0.01469468, ..., -0.95404755,
          0.        ,  0.06398111],
        [-0.25671496, -0.14048513, -0.07863877, ..., -0.97126509,
         -0.06398111,  0.        ]],

       [[ 0.        , -0.03407367, -0.06544813, ..., -0.43581787,
         -0.59638784, -0.84928842],
        [ 0.03407367,  0.        , -0.03140952, ..., -0.40489731,
         -0.56869072, -0.83080678],
        [ 0.06544813,  0.03140952,  0.        , ..., -0.37597786,
         -0.54257419, -0.81291554],
        ...,
        [ 0.43581787,  0.40489731,  0.37597786, ...,  0.        ,
         -0.18694042, -0.53430825],
        [ 0.59638784,  0.56869072,  0.54257419, ...,  0.18694042,
          0.        , -0.36687025],
        [ 0.84928842,  0.83080678,  0.81291554, ...,  0.53430825,
          0.36687025,  0.        ]],

       [[ 0.        ,  0.39755322,  0.62085968, ...,  0.90919996,
          0.86876304,  0.70355527],
        [-0.39755322,  0.        ,  0.25803727, ...,  0.99978805,
          0.99403831,  0.92808506],
        [-0.62085968, -0.25803727,  0.        , ...,  0.97124257,
          0.98850932,  0.99274032],
        ...,
        [-0.90919996, -0.99978805, -0.97124257, ...,  0.        ,
          0.08854333,  0.35318226],
        [-0.86876304, -0.99403831, -0.98850932, ..., -0.08854333,
          0.        ,  0.26895796],
        [-0.70355527, -0.92808506, -0.99274032, ..., -0.35318226,
         -0.26895796,  0.        ]]]), 'num': array([ 9.84809610e-01,  1.69418290e-01,  1.65226205e-05,  2.87688406e-08,
        4.18149395e-03,  4.22809621e-03,  4.17302081e-03,  3.61222612e-02,
       -5.08388322e-05,  4.21369188e-03,  4.24313603e-03,  4.25464538e-03,
        3.58862345e-06,  4.31030804e-03,  4.17596403e-03])}
{'img': array([[[ 0.        ,  0.88354068,  0.69239465, ...,  0.99348946,
          0.98180858,  0.86964881],
        [-0.88354068,  0.        , -0.31320527, ...,  0.36464866,
          0.29207351, -0.02887443],
        [-0.69239465,  0.31320527,  0.        , ...,  0.63794111,
          0.57692619,  0.28565305],
        ...,
        [-0.99348946, -0.36464866, -0.63794111, ...,  0.        ,
         -0.07678563, -0.39138291],
        [-0.98180858, -0.29207351, -0.57692619, ...,  0.07678563,
          0.        , -0.31956712],
        [-0.86964881,  0.02887443, -0.28565305, ...,  0.39138291,
          0.31956712,  0.        ]],

       [[ 0.        ,  0.21027915,  0.12499913, ...,  0.20655156,
          0.00326166, -0.01580282],
        [-0.21027915,  0.        , -0.08642558, ..., -0.00381128,
         -0.2070893 , -0.22570238],
        [-0.12499913,  0.08642558,  0.        , ...,  0.08262793,
         -0.12176238, -0.14066239],
        ...,
        [-0.20655156,  0.00381128, -0.08262793, ...,  0.        ,
         -0.20335913, -0.2219878 ],
        [-0.00326166,  0.2070893 ,  0.12176238, ...,  0.20335913,
          0.        , -0.01906398],
        [ 0.01580282,  0.22570238,  0.14066239, ...,  0.2219878 ,
          0.01906398,  0.        ]],

       [[ 0.        , -0.27385291, -0.76505511, ...,  0.0185951 ,
          0.        , -0.07556144],
        [ 0.27385291,  0.        , -0.55945662, ...,  0.2916898 ,
          0.27385291,  0.20039716],
        [ 0.76505511,  0.55945662,  0.        , ...,  0.77689742,
          0.76505511,  0.71420902],
        ...,
        [-0.0185951 , -0.2916898 , -0.77689742, ...,  0.        ,
         -0.0185951 , -0.09409032],
        [ 0.        , -0.27385291, -0.76505511, ...,  0.0185951 ,
          0.        , -0.07556144],
        [ 0.07556144, -0.20039716, -0.71420902, ...,  0.09409032,
          0.07556144,  0.        ]],

       ...,

       [[ 0.        ,  0.06219117, -0.1366935 , ...,  0.07685069,
          0.14048513, -0.14304535],
        [-0.06219117,  0.        , -0.19803631, ...,  0.01469468,
          0.07863877, -0.20432006],
        [ 0.1366935 ,  0.19803631,  0.        , ...,  0.21241857,
          0.27450433, -0.00641488],
        ...,
        [-0.07685069, -0.01469468, -0.21241857, ...,  0.        ,
          0.06398111, -0.21868268],
        [-0.14048513, -0.07863877, -0.27450433, ..., -0.06398111,
          0.        , -0.28066714],
        [ 0.14304535,  0.20432006,  0.00641488, ...,  0.21868268,
          0.28066714,  0.        ]],

       [[ 0.        , -0.03140952, -0.0919703 , ..., -0.56869072,
         -0.83080678, -0.83924668],
        [ 0.03140952,  0.        , -0.06064853, ..., -0.54257419,
         -0.81291554, -0.82175364],
        [ 0.0919703 ,  0.06064853,  0.        , ..., -0.49063017,
         -0.77609853, -0.78568081],
        ...,
        [ 0.56869072,  0.54257419,  0.49063017, ...,  0.        ,
         -0.36687025, -0.38109748],
        [ 0.83080678,  0.81291554,  0.77609853, ...,  0.36687025,
          0.        , -0.01534003],
        [ 0.83924668,  0.82175364,  0.78568081, ...,  0.38109748,
          0.01534003,  0.        ]],

       [[ 0.        ,  0.50928526,  0.711557  , ...,  0.8807766 ,
          0.71589947,  0.7852332 ],
        [-0.50928526,  0.        ,  0.25452609, ...,  0.99915726,
          0.97168617,  0.99111945],
        [-0.711557  , -0.25452609,  0.        , ...,  0.95580366,
          0.99982278,  0.99232333],
        ...,
        [-0.8807766 , -0.99915726, -0.95580366, ...,  0.        ,
          0.27595986,  0.17354394],
        [-0.71589947, -0.97168617, -0.99982278, ..., -0.27595986,
          0.        , -0.1049674 ],
        [-0.7852332 , -0.99111945, -0.99232333, ..., -0.17354394,
          0.1049674 ,  0.        ]]]), 'num': array([ 9.92904484e-01,  1.15790536e-01,  1.77373903e-05, -5.63885164e-08,
        4.21689398e-03,  4.22968537e-03,  4.20410259e-03,  2.42702075e-02,
        8.52759147e-06,  4.23139089e-03,  4.26550125e-03,  4.28355132e-03,
        3.76800553e-06,  4.33369000e-03,  4.19731251e-03])}
{'img': array([[[ 0.        , -0.3236325 , -0.18588915, ...,  0.29768083,
         -0.02960554,  0.02912436],
        [ 0.3236325 ,  0.        ,  0.14210669, ...,  0.59062126,
          0.29547838,  0.35105218],
        [ 0.18588915, -0.14210669,  0.        , ...,  0.46995441,
          0.15671813,  0.21442704],
        ...,
        [-0.29768083, -0.59062126, -0.46995441, ...,  0.        ,
         -0.32581373, -0.26975052],
        [ 0.02960554, -0.29547838, -0.15671813, ...,  0.32581373,
          0.        ,  0.05870458],
        [-0.02912436, -0.35105218, -0.21442704, ...,  0.26975052,
         -0.05870458,  0.        ]],

       [[ 0.        , -0.08642558, -0.01820314, ..., -0.2070893 ,
         -0.22570238, -0.42285133],
        [ 0.08642558,  0.        ,  0.06827623, ..., -0.12176238,
         -0.14066239, -0.34295037],
        [ 0.01820314, -0.06827623,  0.        , ..., -0.18924645,
         -0.20793155, -0.4062856 ],
        ...,
        [ 0.2070893 ,  0.12176238,  0.18924645, ...,  0.        ,
         -0.01906398, -0.22602065],
        [ 0.22570238,  0.14066239,  0.20793155, ...,  0.01906398,
          0.        , -0.20740891],
        [ 0.42285133,  0.34295037,  0.4062856 , ...,  0.22602065,
          0.20740891,  0.        ]],

       [[ 0.        , -0.55945662, -0.82616938, ...,  0.27385291,
          0.20039716,  0.12990131],
        [ 0.55945662,  0.        , -0.36956837, ...,  0.76505511,
          0.71420902,  0.66238626],
        [ 0.82616938,  0.36956837,  0.        , ...,  0.94888094,
          0.92231845,  0.89235842],
        ...,
        [-0.27385291, -0.76505511, -0.94888094, ...,  0.        ,
         -0.07556144, -0.14659715],
        [-0.20039716, -0.71420902, -0.92231845, ...,  0.07556144,
          0.        , -0.07143295],
        [-0.12990131, -0.66238626, -0.89235842, ...,  0.14659715,
          0.07143295,  0.        ]],

       ...,

       [[ 0.        , -0.19803631, -0.19803631, ...,  0.07863877,
         -0.20432006, -0.13950264],
        [ 0.19803631,  0.        ,  0.        , ...,  0.27450433,
         -0.00641488,  0.0593601 ],
        [ 0.19803631,  0.        ,  0.        , ...,  0.27450433,
         -0.00641488,  0.0593601 ],
        ...,
        [-0.07863877, -0.27450433, -0.27450433, ...,  0.        ,
         -0.28066714, -0.21694044],
        [ 0.20432006,  0.00641488,  0.00641488, ...,  0.28066714,
          0.        ,  0.06576245],
        [ 0.13950264, -0.0593601 , -0.0593601 , ...,  0.21694044,
         -0.06576245,  0.        ]],

       [[ 0.        , -0.06064853, -0.10122253, ..., -0.81291554,
         -0.82175364, -0.84469694],
        [ 0.06064853,  0.        , -0.04069918, ..., -0.77609853,
         -0.78568081, -0.81068019],
        [ 0.10122253,  0.04069918,  0.        , ..., -0.74979011,
         -0.75985201, -0.78617957],
        ...,
        [ 0.81291554,  0.77609853,  0.74979011, ...,  0.        ,
         -0.01534003, -0.05682706],
        [ 0.82175364,  0.78568081,  0.75985201, ...,  0.01534003,
          0.        , -0.04150514],
        [ 0.84469694,  0.81068019,  0.78617957, ...,  0.05682706,
          0.04150514,  0.        ]],

       [[ 0.        ,  0.55747309,  0.71414576, ...,  0.73727592,
          0.8069137 ,  0.84227993],
        [-0.55747309,  0.        ,  0.20265074, ...,  0.98870701,
          0.99917799,  0.99975709],
        [-0.71414576, -0.20265074,  0.        , ...,  0.99856194,
          0.9866612 ,  0.97454684],
        ...,
        [-0.73727592, -0.98870701, -0.99856194, ...,  0.        ,
         -0.10965795, -0.17161589],
        [-0.8069137 , -0.99917799, -0.9866612 , ...,  0.10965795,
          0.        , -0.06254988],
        [-0.84227993, -0.99975709, -0.97454684, ...,  0.17161589,
          0.06254988,  0.        ]]]), 'num': array([ 9.94344433e-01,  1.03475341e-01,  1.80520586e-05, -4.13785328e-08,
        4.22212840e-03,  4.23496161e-03,  4.20073970e-03,  2.06698638e-02,
       -8.55547801e-06,  4.24693928e-03,  4.27538625e-03,  4.29748790e-03,
        3.73687545e-06,  4.34719495e-03,  4.20357755e-03])}
{'img': array([[[ 0.        ,  0.14210669,  0.1746491 , ...,  0.29547838,
          0.35105218,  0.29547838],
        [-0.14210669,  0.        ,  0.03295404, ...,  0.15671813,
          0.21442704,  0.15671813],
        [-0.1746491 , -0.03295404,  0.        , ...,  0.12408617,
          0.18212305,  0.12408617],
        ...,
        [-0.29547838, -0.15671813, -0.12408617, ...,  0.        ,
          0.05870458,  0.        ],
        [-0.35105218, -0.21442704, -0.18212305, ..., -0.05870458,
          0.        , -0.05870458],
        [-0.29547838, -0.15671813, -0.12408617, ...,  0.        ,
          0.05870458,  0.        ]],

       [[ 0.        ,  0.06618297, -0.14879927, ..., -0.13380192,
         -0.30511802, -0.45546232],
        [-0.06618297,  0.        , -0.21391922, ..., -0.19909642,
         -0.36747605, -0.51338345],
        [ 0.14879927,  0.21391922,  0.        , ...,  0.01514893,
         -0.16001755, -0.31792255],
        ...,
        [ 0.13380192,  0.19909642, -0.01514893, ...,  0.        ,
         -0.17495291, -0.33224901],
        [ 0.30511802,  0.36747605,  0.16001755, ...,  0.17495291,
          0.        , -0.16211054],
        [ 0.45546232,  0.51338345,  0.31792255, ...,  0.33224901,
          0.16211054,  0.        ]],

       [[ 0.        , -0.36956837,  0.21344333, ...,  0.71420902,
          0.66238626,  0.6722018 ],
        [ 0.36956837,  0.        ,  0.55938413, ...,  0.92231845,
          0.89235842,  0.89822888],
        [-0.21344333, -0.55938413,  0.        , ...,  0.54835447,
          0.48721812,  0.4986846 ],
        ...,
        [-0.71420902, -0.92231845, -0.54835447, ...,  0.        ,
         -0.07143295, -0.05828161],
        [-0.66238626, -0.89235842, -0.48721812, ...,  0.07143295,
          0.        ,  0.0131788 ],
        [-0.6722018 , -0.89822888, -0.4986846 , ...,  0.05828161,
         -0.0131788 ,  0.        ]],

       ...,

       [[ 0.        ,  0.        , -0.06306858, ..., -0.00641488,
          0.0593601 ,  0.04137818],
        [ 0.        ,  0.        , -0.06306858, ..., -0.00641488,
          0.0593601 ,  0.04137818],
        [ 0.06306858,  0.06306858,  0.        , ...,  0.05666517,
          0.12219929,  0.10431037],
        ...,
        [ 0.00641488,  0.00641488, -0.05666517, ...,  0.        ,
          0.06576245,  0.04778671],
        [-0.0593601 , -0.0593601 , -0.12219929, ..., -0.06576245,
          0.        , -0.01800405],
        [-0.04137818, -0.04137818, -0.10431037, ..., -0.04778671,
          0.01800405,  0.        ]],

       [[ 0.        , -0.04069918, -0.05047424, ..., -0.78568081,
         -0.81068019, -0.81447967],
        [ 0.04069918,  0.        , -0.00978512, ..., -0.75985201,
         -0.78617957, -0.79019149],
        [ 0.05047424,  0.00978512,  0.        , ..., -0.75345436,
         -0.78009474, -0.78415674],
        ...,
        [ 0.78568081,  0.75985201,  0.75345436, ...,  0.        ,
         -0.04150514, -0.04801746],
        [ 0.81068019,  0.78617957,  0.78009474, ...,  0.04150514,
          0.        , -0.00651882],
        [ 0.81447967,  0.79019149,  0.78415674, ...,  0.04801746,
          0.00651882,  0.        ]],

       [[ 0.        ,  0.5141133 ,  0.58717767, ...,  0.83338575,
          0.86816671,  0.90760369],
        [-0.5141133 ,  0.        ,  0.08748221, ...,  0.99895972,
          0.99978631,  0.99431106],
        [-0.58717767, -0.08748221,  0.        , ...,  0.99911909,
          0.99414479,  0.98118076],
        ...,
        [-0.83338575, -0.99895972, -0.99911909, ...,  0.        ,
         -0.06624203, -0.15174643],
        [-0.86816671, -0.99978631, -0.99414479, ...,  0.06624203,
          0.        , -0.08593822],
        [-0.90760369, -0.99431106, -0.98118076, ...,  0.15174643,
          0.08593822,  0.        ]]]), 'num': array([ 9.91527239e-01,  1.25201426e-01,  1.77162743e-05, -5.74018460e-08,
        4.20546511e-03,  4.24846578e-03,  4.19686498e-03,  3.24514844e-02,
       -3.87005992e-05,  4.24846578e-03,  4.28824139e-03,  4.31991855e-03,
        2.51711214e-06,  4.35660434e-03,  4.21987845e-03])}
{'img': array([[[ 0.        ,  0.03295404,  0.24236097, ...,  0.21442704,
          0.15671813, -0.14210669],
        [-0.03295404,  0.        ,  0.21025779, ...,  0.18212305,
          0.12408617, -0.1746491 ],
        [-0.24236097, -0.21025779,  0.        , ..., -0.02868951,
         -0.08732045, -0.37777127],
        ...,
        [-0.21442704, -0.18212305,  0.02868951, ...,  0.        ,
         -0.05870458, -0.35105218],
        [-0.15671813, -0.12408617,  0.08732045, ...,  0.05870458,
          0.        , -0.29547838],
        [ 0.14210669,  0.1746491 ,  0.37777127, ...,  0.35105218,
          0.29547838,  0.        ]],

       [[ 0.        , -0.21391922, -0.07192421, ..., -0.36747605,
         -0.51338345, -0.24659003],
        [ 0.21391922,  0.        ,  0.14310592, ..., -0.16001755,
         -0.31792255, -0.03356844],
        [ 0.07192421, -0.14310592,  0.        , ..., -0.29963244,
         -0.45033141, -0.1762482 ],
        ...,
        [ 0.36747605,  0.16001755,  0.29963244, ...,  0.        ,
         -0.16211054,  0.12679149],
        [ 0.51338345,  0.31792255,  0.45033141, ...,  0.16211054,
          0.        ,  0.28591658],
        [ 0.24659003,  0.03356844,  0.1762482 , ..., -0.12679149,
         -0.28591658,  0.        ]],

       [[ 0.        ,  0.55938413,  0.72073053, ...,  0.89235842,
          0.89822888,  0.81381721],
        [-0.55938413,  0.        ,  0.20964604, ...,  0.48721812,
          0.4986846 ,  0.34951021],
        [-0.72073053, -0.20964604,  0.        , ...,  0.29331108,
          0.30588477,  0.14531897],
        ...,
        [-0.89235842, -0.48721812, -0.29331108, ...,  0.        ,
          0.0131788 , -0.15127013],
        [-0.89822888, -0.4986846 , -0.30588477, ..., -0.0131788 ,
          0.        , -0.16428414],
        [-0.81381721, -0.34951021, -0.14531897, ...,  0.15127013,
          0.16428414,  0.        ]],

       ...,

       [[ 0.        , -0.06306858,  0.04137818, ...,  0.0593601 ,
          0.04137818, -0.59492444],
        [ 0.06306858,  0.        ,  0.10431037, ...,  0.12219929,
          0.10431037, -0.5430467 ],
        [-0.04137818, -0.10431037,  0.        , ...,  0.01800405,
          0.        , -0.62767394],
        ...,
        [-0.0593601 , -0.12219929, -0.01800405, ...,  0.        ,
         -0.01800405, -0.64158793],
        [-0.04137818, -0.10431037,  0.        , ...,  0.01800405,
          0.        , -0.62767394],
        [ 0.59492444,  0.5430467 ,  0.62767394, ...,  0.64158793,
          0.62767394,  0.        ]],

       [[ 0.        , -0.00978512, -0.02046699, ..., -0.78617957,
         -0.79019149, -0.86703194],
        [ 0.00978512,  0.        , -0.01068294, ..., -0.78009474,
         -0.78415674, -0.86211497],
        [ 0.02046699,  0.01068294,  0.        , ..., -0.77336633,
         -0.77748256, -0.8566526 ],
        ...,
        [ 0.78617957,  0.78009474,  0.77336633, ...,  0.        ,
         -0.00651882, -0.14410814],
        [ 0.79019149,  0.78415674,  0.77748256, ...,  0.00651882,
          0.        , -0.1376543 ],
        [ 0.86703194,  0.86211497,  0.8566526 , ...,  0.14410814,
          0.1376543 ,  0.        ]],

       [[ 0.        ,  0.31815302,  0.49929611, ...,  0.88910998,
          0.92686523,  0.94958566],
        [-0.31815302,  0.        ,  0.1976946 , ...,  0.98852788,
          0.99813755,  0.99998802],
        [-0.49929611, -0.1976946 ,  0.        , ...,  0.99887746,
          0.99049804,  0.97928402],
        ...,
        [-0.88910998, -0.98852788, -0.99887746, ...,  0.        ,
         -0.09045352, -0.15587646],
        [-0.92686523, -0.99813755, -0.99049804, ...,  0.09045352,
          0.        , -0.0658896 ],
        [-0.94958566, -0.99998802, -0.97928402, ...,  0.15587646,
          0.0658896 ,  0.        ]]]), 'num': array([ 9.96064506e-01,  8.29776873e-02,  1.85398339e-05, -1.25345622e-07,
        4.22725379e-03,  4.22725379e-03,  4.19292076e-03,  2.87325367e-02,
        3.00413975e-05,  4.22811212e-03,  4.27574919e-03,  4.31165581e-03,
        3.13036411e-06,  4.34627306e-03,  4.20522532e-03])}
{'img': array([[[ 0.00000000e+00,  2.10257786e-01,  4.63914324e-01, ...,
          1.24086172e-01, -1.74649103e-01,  6.34851246e-02],
        [-2.10257786e-01,  0.00000000e+00,  2.67280792e-01, ...,
         -8.73204494e-02, -3.77771272e-01, -1.47767674e-01],
        [-4.63914324e-01, -2.67280792e-01,  0.00000000e+00, ...,
         -3.50403470e-01, -6.11502463e-01, -4.06738302e-01],
        ...,
        [-1.24086172e-01,  8.73204494e-02,  3.50403470e-01, ...,
          0.00000000e+00, -2.95478377e-01, -6.08413875e-02],
        [ 1.74649103e-01,  3.77771272e-01,  6.11502463e-01, ...,
          2.95478377e-01,  0.00000000e+00,  2.36806203e-01],
        [-6.34851246e-02,  1.47767674e-01,  4.06738302e-01, ...,
          6.08413875e-02, -2.36806203e-01,  0.00000000e+00]],

       [[ 0.00000000e+00,  1.43105924e-01,  2.51724792e-02, ...,
         -3.17922548e-01, -3.35684388e-02, -8.34971669e-02],
        [-1.43105924e-01,  0.00000000e+00, -1.18147188e-01, ...,
         -4.50331406e-01, -1.76248204e-01, -2.25243962e-01],
        [-2.51724792e-02,  1.18147188e-01,  0.00000000e+00, ...,
         -3.41688253e-01, -5.87160943e-02, -1.08555286e-01],
        ...,
        [ 3.17922548e-01,  4.50331406e-01,  3.41688253e-01, ...,
          0.00000000e+00,  2.85916576e-01,  2.37647310e-01],
        [ 3.35684388e-02,  1.76248204e-01,  5.87160943e-02, ...,
         -2.85916576e-01,  0.00000000e+00, -4.99988913e-02],
        [ 8.34971669e-02,  2.25243962e-01,  1.08555286e-01, ...,
         -2.37647310e-01,  4.99988913e-02,  0.00000000e+00]],

       [[ 0.00000000e+00,  5.24171215e-01,  6.32948931e-01, ...,
          8.18719591e-01,  6.84479340e-01,  5.73286707e-01],
        [-5.24171215e-01,  0.00000000e+00,  1.33217504e-01, ...,
          3.96256438e-01,  2.00773713e-01,  5.87361352e-02],
        [-6.32948931e-01, -1.33217504e-01,  0.00000000e+00, ...,
          2.70412233e-01,  6.84793003e-02, -7.47748997e-02],
        ...,
        [-8.18719591e-01, -3.96256438e-01, -2.70412233e-01, ...,
          0.00000000e+00, -2.03849371e-01, -3.41644330e-01],
        [-6.84479340e-01, -2.00773713e-01, -6.84793003e-02, ...,
          2.03849371e-01,  0.00000000e+00, -1.42886957e-01],
        [-5.73286707e-01, -5.87361352e-02,  7.47748997e-02, ...,
          3.41644330e-01,  1.42886957e-01,  0.00000000e+00]],

       ...,

       [[ 0.00000000e+00,  1.04310365e-01,  1.89694653e-01, ...,
          1.04310365e-01, -5.43046696e-01, -1.75154560e-01],
        [-1.04310365e-01,  0.00000000e+00,  8.62434140e-02, ...,
          0.00000000e+00, -6.27673939e-01, -2.76896881e-01],
        [-1.89694653e-01, -8.62434140e-02,  0.00000000e+00, ...,
         -8.62434140e-02, -6.92473744e-01, -3.58736455e-01],
        ...,
        [-1.04310365e-01,  0.00000000e+00,  8.62434140e-02, ...,
          0.00000000e+00, -6.27673939e-01, -2.76896881e-01],
        [ 5.43046696e-01,  6.27673939e-01,  6.92473744e-01, ...,
          6.27673939e-01,  0.00000000e+00,  3.87573988e-01],
        [ 1.75154560e-01,  2.76896881e-01,  3.58736455e-01, ...,
          2.76896881e-01, -3.87573988e-01,  0.00000000e+00]],

       [[ 0.00000000e+00, -1.06829396e-02, -9.88974425e-03, ...,
         -7.84156744e-01, -8.62114973e-01, -8.72165701e-01],
        [ 1.06829396e-02,  0.00000000e+00,  7.93237267e-04, ...,
         -7.77482561e-01, -8.56652595e-01, -8.66889724e-01],
        [ 9.88974425e-03, -7.93237267e-04,  0.00000000e+00, ...,
         -7.77981187e-01, -8.57061552e-01, -8.67284880e-01],
        ...,
        [ 7.84156744e-01,  7.77482561e-01,  7.77981187e-01, ...,
          0.00000000e+00, -1.37654299e-01, -1.57615823e-01],
        [ 8.62114973e-01,  8.56652595e-01,  8.57061552e-01, ...,
          1.37654299e-01,  0.00000000e+00, -2.01816837e-02],
        [ 8.72165701e-01,  8.66889724e-01,  8.67284880e-01, ...,
          1.57615823e-01,  2.01816837e-02,  0.00000000e+00]],

       [[ 0.00000000e+00,  4.00686350e-01,  5.78524194e-01, ...,
          9.33439849e-01,  9.55436505e-01,  9.74757730e-01],
        [-4.00686350e-01,  0.00000000e+00,  2.03226787e-01, ...,
          9.98971655e-01,  9.93666814e-01,  9.82547266e-01],
        [-5.78524194e-01, -2.03226787e-01,  0.00000000e+00, ...,
          9.68910693e-01,  9.50094757e-01,  9.24240326e-01],
        ...,
        [-9.33439849e-01, -9.98971655e-01, -9.68910693e-01, ...,
          0.00000000e+00, -6.71991606e-02, -1.41274019e-01],
        [-9.55436505e-01, -9.93666814e-01, -9.50094757e-01, ...,
          6.71991606e-02,  0.00000000e+00, -7.44294916e-02],
        [-9.74757730e-01, -9.82547266e-01, -9.24240326e-01, ...,
