state_0,state_1,state_2,state_3,state_4,state_5,state_6,state_7,state_8,state_9,state_10,state_11,state_12,state_13,state_14,state_15,state_16,state_17,state_18,state_19,state_20,state_21,state_22,state_23,state_24,state_25,state_26,state_27,state_28,state_29,state_30,state_31,state_32,state_33,state_34,state_35,state_36,state_37,state_38,state_39,state_40,state_41,state_42,state_43,state_44,state_45,state_46,state_47,state_48,state_49,state_50,state_51,state_52,state_53,state_54,state_55,state_56,state_57,state_58,state_59,state_60,state_61,state_62,state_63,state_64,state_65,state_66,state_67,state_68,state_69,state_70,state_71,state_72,state_73,state_74,state_75,state_76,state_77,state_78,state_79,state_80,state_81,state_82,state_83,state_84,state_85,state_86,state_87,state_88,state_89,state_90,state_91,state_92,state_93,state_94,state_95,state_96,state_97,state_98,state_99,state_100,state_101,state_102,state_103,state_104,state_105,state_106,state_107,state_108,state_109,state_110,state_111,state_112,state_113,state_114,state_115,state_116,state_117,state_118,state_119,state_120,state_121,state_122,state_123,state_124,state_125,state_126,state_127,state_128,state_129,state_130,state_131,state_132,state_133,state_134,state_135,state_136,state_137,state_138,state_139,state_140,state_141,state_142,state_143,state_144,state_145,state_146,state_147,state_148,state_149,state_150,state_151,state_152,state_153,state_154,state_155,state_156,state_157,state_158,state_159,state_160,state_161,state_162,state_163,state_164,state_165,state_166,state_167,state_168,state_169,state_170,state_171,state_172,state_173,state_174,state_175,state_176,state_177,state_178,state_179,state_180,state_181,state_182,state_183,state_184,state_185,state_186,state_187,state_188,state_189,state_190,state_191,state_192,state_193,state_194,state_195,state_196,state_197,state_198,state_199,state_200,state_201,state_202,state_203,state_204,state_205,state_206,state_207,state_208,state_209,state_210,state_211,state_212,state_213,state_214,state_215,state_216,state_217,state_218,state_219,state_220,state_221,state_222,state_223,state_224,state_225,state_226,state_227,state_228,state_229,state_230,state_231,state_232,state_233,state_234,state_235,state_236,state_237,state_238,state_239,state_240,state_241,state_242,state_243,state_244,state_245,state_246,state_247,state_248,state_249,state_250,state_251,state_252,state_253,state_254,state_255,state_256,state_257,state_258,state_259,state_260,state_261,state_262,state_263,state_264,state_265,state_266,state_267,state_268,state_269,state_270,state_271,state_272,state_273,state_274,state_275,state_276,state_277,state_278,state_279,state_280,state_281,state_282,state_283,state_284,state_285,state_286,state_287
{'img': array([[[ 0.        ,  0.35234086,  0.79758512, ...,  0.87783786,
          0.81521509,  0.87783786],
        [-0.35234086,  0.        ,  0.53390311, ...,  0.99030009,
          0.96699791,  0.99030009],
        [-0.79758512, -0.53390311,  0.        , ...,  0.91152714,
          0.95367103,  0.91152714],
        ...,
        [-0.87783786, -0.99030009, -0.91152714, ...,  0.        ,
          0.11795338,  0.        ],
        [-0.81521509, -0.96699791, -0.95367103, ..., -0.11795338,
          0.        , -0.11795338],
        [-0.87783786, -0.99030009, -0.91152714, ...,  0.        ,
          0.11795338,  0.        ]],

       [[ 0.        , -0.06224043,  0.94007893, ...,  0.14851783,
         -0.1402831 , -0.33554426],
        [ 0.06224043,  0.        ,  0.9594776 , ...,  0.20978005,
         -0.07838616, -0.2762617 ],
        [-0.94007893, -0.9594776 ,  0.        , ..., -0.87901502,
         -0.97861339, -0.99998346],
        ...,
        [-0.14851783, -0.20978005,  0.87901502, ...,  0.        ,
         -0.28577653, -0.47173041],
        [ 0.1402831 ,  0.07838616,  0.97861339, ...,  0.28577653,
          0.        , -0.2000761 ],
        [ 0.33554426,  0.2762617 ,  0.99998346, ...,  0.47173041,
          0.2000761 ,  0.        ]],

       [[ 0.        ,  0.23952413,  0.4963007 , ...,  0.713807  ,
          0.6691241 ,  0.6691241 ],
        [-0.23952413,  0.        ,  0.27391055, ...,  0.86077729,
          0.82764869,  0.82764869],
        [-0.4963007 , -0.27391055,  0.        , ...,  0.96727249,
          0.94972675,  0.94972675],
        ...,
        [-0.713807  , -0.86077729, -0.96727249, ...,  0.        ,
          0.06185014,  0.06185014],
        [-0.6691241 , -0.82764869, -0.94972675, ..., -0.06185014,
          0.        ,  0.        ],
        [-0.6691241 , -0.82764869, -0.94972675, ..., -0.06185014,
          0.        ,  0.        ]],

       ...,

       [[ 0.        ,  0.21480992,  0.60266098, ..., -0.5730951 ,
         -0.5730951 , -0.68386839],
        [-0.21480992,  0.        ,  0.41717464, ..., -0.73575103,
         -0.73575103, -0.82463056],
        [-0.60266098, -0.41717464,  0.        , ..., -0.95120232,
         -0.95120232, -0.98542985],
        ...,
        [ 0.5730951 ,  0.73575103,  0.95120232, ...,  0.        ,
          0.        , -0.14228926],
        [ 0.5730951 ,  0.73575103,  0.95120232, ...,  0.        ,
          0.        , -0.14228926],
        [ 0.68386839,  0.82463056,  0.98542985, ...,  0.14228926,
          0.14228926,  0.        ]],

       [[ 0.        ,  0.24461355,  0.53141315, ...,  0.55585656,
          0.63770764,  0.65817745],
        [-0.24461355,  0.        ,  0.30805391, ...,  0.74231192,
          0.80675506,  0.82234289],
        [-0.53141315, -0.30805391,  0.        , ...,  0.91262538,
          0.94954642,  0.95763174],
        ...,
        [-0.55585656, -0.74231192, -0.91262538, ...,  0.        ,
         -0.10194812, -0.12864483],
        [-0.63770764, -0.80675506, -0.94954642, ...,  0.10194812,
          0.        , -0.02687355],
        [-0.65817745, -0.82234289, -0.95763174, ...,  0.12864483,
          0.02687355,  0.        ]],

       [[ 0.        , -0.02564824, -0.19967012, ...,  0.76807006,
          0.67864576,  0.74230196],
        [ 0.02564824,  0.        , -0.17447267, ...,  0.75139313,
          0.65958475,  0.72487176],
        [ 0.19967012,  0.17447267,  0.        , ...,  0.62474165,
          0.51832913,  0.59356229],
        ...,
        [-0.76807006, -0.75139313, -0.62474165, ...,  0.        ,
          0.1295396 ,  0.03931247],
        [-0.67864576, -0.65958475, -0.51832913, ..., -0.1295396 ,
          0.        , -0.09045824],
        [-0.74230196, -0.72487176, -0.59356229, ..., -0.03931247,
          0.09045824,  0.        ]]]), 'num': array([6.87360663e-01, 6.87360663e-01, 0.00000000e+00, 0.00000000e+00,
       5.67524758e-03, 5.87874251e-03, 5.65263703e-03, 2.34113911e-01,
       2.26105481e-05, 5.72499079e-03, 5.80638876e-03, 5.33933020e-03,
       1.98531642e-06, 6.09545027e-03, 5.51732725e-03])}
{'img': array([[[ 0.        ,  0.75448725,  0.75806938, ...,  0.824942  ,
          0.88703732,  0.87595014],
        [-0.75448725,  0.        ,  0.00547517, ...,  0.96787088,
          0.93052068,  0.93886485],
        [-0.75806938, -0.00547517,  0.        , ...,  0.96647965,
          0.92850151,  0.93696575],
        ...,
        [-0.824942  , -0.96787088, -0.96647965, ...,  0.        ,
         -0.12049508, -0.09714886],
        [-0.88703732, -0.93052068, -0.92850151, ...,  0.12049508,
          0.        ,  0.02348409],
        [-0.87595014, -0.93886485, -0.93696575, ...,  0.09714886,
         -0.02348409,  0.        ]],

       [[ 0.        ,  0.9594776 ,  0.34838154, ..., -0.07838616,
         -0.2762617 ,  0.33955069],
        [-0.9594776 ,  0.        , -0.80120036, ..., -0.97861339,
         -0.99998346, -0.80679261],
        [-0.34838154,  0.80120036,  0.        , ..., -0.42078508,
         -0.59377806, -0.00940461],
        ...,
        [ 0.07838616,  0.97861339,  0.42078508, ...,  0.        ,
         -0.2000761 ,  0.41223498],
        [ 0.2762617 ,  0.99998346,  0.59377806, ...,  0.2000761 ,
          0.        ,  0.58618458],
        [-0.33955069,  0.80679261,  0.00940461, ..., -0.41223498,
         -0.58618458,  0.        ]],

       [[ 0.        ,  0.44457258,  0.60666066, ...,  0.67331353,
          0.67331353,  0.71388727],
        [-0.44457258,  0.        ,  0.18999412, ...,  0.93181365,
          0.93181365,  0.95077608],
        [-0.60666066, -0.18999412,  0.        , ...,  0.98379679,
          0.98379679,  0.99233305],
        ...,
        [-0.67331353, -0.93181365, -0.98379679, ...,  0.        ,
          0.        , -0.05632264],
        [-0.67331353, -0.93181365, -0.98379679, ...,  0.        ,
          0.        , -0.05632264],
        [-0.71388727, -0.95077608, -0.99233305, ...,  0.05632264,
          0.05632264,  0.        ]],

       ...,

       [[ 0.        ,  0.41717464,  0.41204002, ..., -0.73575103,
         -0.82463056, -0.80773386],
        [-0.41717464,  0.        , -0.00564242, ..., -0.95120232,
         -0.98542985, -0.98003399],
        [-0.41204002,  0.00564242,  0.        , ..., -0.94944611,
         -0.98445449, -0.97889651],
        ...,
        [ 0.73575103,  0.95120232,  0.94944611, ...,  0.        ,
         -0.14228926, -0.11327943],
        [ 0.82463056,  0.98542985,  0.98445449, ...,  0.14228926,
          0.        ,  0.02924655],
        [ 0.80773386,  0.98003399,  0.97889651, ...,  0.11327943,
         -0.02924655,  0.        ]],

       [[ 0.        ,  0.48303223,  0.62789734, ...,  0.6419634 ,
          0.66251234,  0.66417078],
        [-0.48303223,  0.        ,  0.17384639, ...,  0.93246266,
          0.94191328,  0.9426553 ],
        [-0.62789734, -0.17384639,  0.        , ...,  0.9810687 ,
          0.98595795,  0.98632562],
        ...,
        [-0.6419634 , -0.93246266, -0.9810687 , ...,  0.        ,
         -0.02710825, -0.0293236 ],
        [-0.66251234, -0.94191328, -0.98595795, ...,  0.02710825,
          0.        , -0.00221623],
        [-0.66417078, -0.9426553 , -0.98632562, ...,  0.0293236 ,
          0.00221623,  0.        ]],

       [[ 0.        , -0.17447267, -0.31542511, ...,  0.65958475,
          0.72487176,  0.7626569 ],
        [ 0.17447267,  0.        , -0.14502121, ...,  0.51832913,
          0.59356229,  0.63810979],
        [ 0.31542511,  0.14502121,  0.        , ...,  0.38883022,
          0.47057614,  0.51970564],
        ...,
        [-0.65958475, -0.51832913, -0.38883022, ...,  0.        ,
         -0.09045824, -0.14661439],
        [-0.72487176, -0.59356229, -0.47057614, ...,  0.09045824,
          0.        , -0.05653259],
        [-0.7626569 , -0.63810979, -0.51970564, ...,  0.14661439,
          0.05653259,  0.        ]]]), 'num': array([ 8.44118523e-01,  4.80858248e-01,  2.88301805e-06, -3.37762489e-10,
        6.98577451e-03,  7.04121716e-03,  6.90261053e-03,  2.36325758e-01,
        2.77213274e-05,  6.97468598e-03,  7.09943195e-03,  6.57974947e-03,
        2.39567027e-06,  7.43799551e-03,  6.76086839e-03])}
{'img': array([[[ 0.        ,  0.01415329,  0.        , ...,  0.99939271,
          0.99813358,  0.99616045],
        [-0.01415329,  0.        , -0.01415329, ...,  0.99978579,
          0.99889792,  0.99729974],
        [ 0.        ,  0.01415329,  0.        , ...,  0.99939271,
          0.99813358,  0.99616045],
        ...,
        [-0.99939271, -0.99978579, -0.99939271, ...,  0.        ,
          0.02625081,  0.05278133],
        [-0.99813358, -0.99889792, -0.99813358, ..., -0.02625081,
          0.        ,  0.02654892],
        [-0.99616045, -0.99729974, -0.99616045, ..., -0.05278133,
         -0.02654892,  0.        ]],

       [[ 0.        , -0.80120036, -0.96254445, ..., -0.99998346,
         -0.80679261, -0.9156198 ],
        [ 0.80120036,  0.        , -0.35875832, ..., -0.59377806,
         -0.00940461, -0.22578459],
        [ 0.96254445,  0.35875832,  0.        , ..., -0.26558324,
          0.3499639 ,  0.13873998],
        ...,
        [ 0.99998346,  0.59377806,  0.26558324, ...,  0.        ,
          0.58618458,  0.39677229],
        [ 0.80679261,  0.00940461, -0.3499639 , ..., -0.58618458,
          0.        , -0.21661284],
        [ 0.9156198 ,  0.22578459, -0.13873998, ..., -0.39677229,
          0.21661284,  0.        ]],

       [[ 0.        ,  0.44871378,  0.60941606, ...,  0.68872474,
          0.72969165,  0.76239432],
        [-0.44871378,  0.        ,  0.18885723, ...,  0.94082422,
          0.95892744,  0.97170155],
        [-0.60941606, -0.18885723,  0.        , ...,  0.98789643,
          0.99524075,  0.99882569],
        ...,
        [-0.68872474, -0.94082422, -0.98789643, ...,  0.        ,
         -0.05810947, -0.1070708 ],
        [-0.72969165, -0.95892744, -0.99524075, ...,  0.05810947,
          0.        , -0.04911445],
        [-0.76239432, -0.97170155, -0.99882569, ...,  0.1070708 ,
          0.04911445,  0.        ]],

       ...,

       [[ 0.        , -0.00564242,  0.17912947, ..., -0.98542985,
         -0.98003399, -0.98542985],
        [ 0.00564242,  0.        ,  0.18467777, ..., -0.98445449,
         -0.97889651, -0.98445449],
        [-0.17912947, -0.18467777,  0.        , ..., -0.99995779,
         -0.99979876, -0.99995779],
        ...,
        [ 0.98542985,  0.98445449,  0.99995779, ...,  0.        ,
          0.02924655,  0.        ],
        [ 0.98003399,  0.97889651,  0.99979876, ..., -0.02924655,
          0.        , -0.02924655],
        [ 0.98542985,  0.98445449,  0.99995779, ...,  0.        ,
          0.02924655,  0.        ]],

       [[ 0.        ,  0.44356975,  0.58485797, ...,  0.68086701,
          0.68254942,  0.70957676],
        [-0.44356975,  0.        ,  0.16437775, ...,  0.93509377,
          0.93590626,  0.9485027 ],
        [-0.58485797, -0.16437775,  0.        , ...,  0.98062966,
          0.98107749,  0.98767044],
        ...,
        [-0.68086701, -0.93509377, -0.98062966, ...,  0.        ,
         -0.00229955, -0.03994098],
        [-0.68254942, -0.93590626, -0.98107749, ...,  0.00229955,
          0.        , -0.03764316],
        [-0.70957676, -0.9485027 , -0.98767044, ...,  0.03994098,
          0.03764316,  0.        ]],

       [[ 0.        , -0.14502121, -0.26195138, ...,  0.59356229,
          0.63810979,  0.64595178],
        [ 0.14502121,  0.        , -0.11922495, ...,  0.47057614,
          0.51970564,  0.5284171 ],
        [ 0.26195138,  0.11922495,  0.        , ...,  0.36202039,
          0.41413942,  0.42342786],
        ...,
        [-0.59356229, -0.47057614, -0.36202039, ...,  0.        ,
         -0.05653259, -0.06674175],
        [-0.63810979, -0.51970564, -0.41413942, ...,  0.05653259,
          0.        , -0.01022847],
        [-0.64595178, -0.5284171 , -0.42342786, ...,  0.06674175,
          0.01022847,  0.        ]]]), 'num': array([8.54327729e-01, 4.27244724e-01, 3.23547731e-06, 9.00110654e-09,
       7.23869500e-03, 7.26611430e-03, 7.12901780e-03, 2.95279859e-01,
       3.29031591e-04, 6.97546973e-03, 7.02619543e-03, 6.53913728e-03,
       2.96254498e-06, 7.36948462e-03, 6.68290624e-03])}
{'img': array([[[ 0.        , -0.01415329,  0.01363573, ...,  0.99889792,
          0.99729974,  0.90873773],
        [ 0.01415329,  0.        ,  0.02778633, ...,  0.99813358,
          0.99616045,  0.90273958],
        [-0.01363573, -0.02778633,  0.        , ...,  0.99944506,
          0.99820841,  0.91434435],
        ...,
        [-0.99889792, -0.99813358, -0.99944506, ...,  0.        ,
          0.02654892,  0.37425565],
        [-0.99729974, -0.99616045, -0.99820841, ..., -0.02654892,
          0.        ,  0.34950424],
        [-0.90873773, -0.90273958, -0.91434435, ..., -0.37425565,
         -0.34950424,  0.        ]],

       [[ 0.        , -0.35875832, -0.62655525, ..., -0.00940461,
         -0.22578459,  0.03767236],
        [ 0.35875832,  0.        , -0.30523778, ...,  0.3499639 ,
          0.13873998,  0.39366818],
        [ 0.62655525,  0.30523778,  0.        , ...,  0.6191978 ,
          0.43440455,  0.65547145],
        ...,
        [ 0.00940461, -0.3499639 , -0.6191978 , ...,  0.        ,
         -0.21661284,  0.04706863],
        [ 0.22578459, -0.13873998, -0.43440455, ...,  0.21661284,
          0.        ,  0.26232386],
        [-0.03767236, -0.39366818, -0.65547145, ..., -0.04706863,
         -0.26232386,  0.        ]],

       [[ 0.        ,  0.44903526,  0.60563765, ...,  0.74593273,
          0.7787784 ,  0.71894891],
        [-0.44903526,  0.        ,  0.18383017, ...,  0.96556841,
          0.97752886,  0.9544987 ],
        [-0.60563765, -0.18383017,  0.        , ...,  0.9969365 ,
          0.99962153,  0.99305308],
        ...,
        [-0.74593273, -0.96556841, -0.9969365 , ...,  0.        ,
         -0.05076005,  0.0396349 ],
        [-0.7787784 , -0.97752886, -0.99962153, ...,  0.05076005,
          0.        ,  0.09030397],
        [-0.71894891, -0.9544987 , -0.99305308, ..., -0.0396349 ,
         -0.09030397,  0.        ]],

       ...,

       [[ 0.        ,  0.18467777,  0.7957087 , ..., -0.97889651,
         -0.98445449, -0.83802456],
        [-0.18467777,  0.        ,  0.67016628, ..., -0.99979876,
         -0.99995779, -0.924376  ],
        [-0.7957087 , -0.67016628,  0.        , ..., -0.75550589,
         -0.73602207, -0.94173884],
        ...,
        [ 0.97889651,  0.99979876,  0.75550589, ...,  0.        ,
         -0.02924655,  0.36286189],
        [ 0.98445449,  0.99995779,  0.73602207, ...,  0.02924655,
          0.        ,  0.38995986],
        [ 0.83802456,  0.924376  ,  0.94173884, ..., -0.36286189,
         -0.38995986,  0.        ]],

       [[ 0.        ,  0.41408314,  0.55449034, ...,  0.69798613,
          0.72526888,  0.71570645],
        [-0.41408314,  0.        ,  0.16012285, ...,  0.93186385,
          0.94525012,  0.94066014],
        [-0.55449034, -0.16012285,  0.        , ...,  0.97793398,
          0.98530922,  0.9828606 ],
        ...,
        [-0.69798613, -0.93186385, -0.97793398, ...,  0.        ,
         -0.0388337 , -0.02505108],
        [-0.72526888, -0.94525012, -0.98530922, ...,  0.0388337 ,
          0.        ,  0.01378933],
        [-0.71570645, -0.94066014, -0.9828606 , ...,  0.02505108,
         -0.01378933,  0.        ]],

       [[ 0.        , -0.11922495, -0.23533215, ...,  0.51970564,
          0.5284171 ,  0.53854592],
        [ 0.11922495,  0.        , -0.11777707, ...,  0.41413942,
          0.42342786,  0.43424613],
        [ 0.23533215,  0.11777707,  0.        , ...,  0.30405477,
          0.31378306,  0.3251309 ],
        ...,
        [-0.51970564, -0.41413942, -0.30405477, ...,  0.        ,
         -0.01022847, -0.02220226],
        [-0.5284171 , -0.42342786, -0.31378306, ...,  0.01022847,
          0.        , -0.01197514],
        [-0.53854592, -0.43424613, -0.3251309 , ...,  0.02220226,
          0.01197514,  0.        ]]]), 'num': array([9.40478102e-01, 2.78320104e-01, 4.99741885e-06, 1.49930488e-07,
       7.97780720e-03, 8.06812200e-03, 7.85738747e-03, 1.93796832e-01,
       3.01049328e-05, 7.71890478e-03, 7.72944151e-03, 7.21414541e-03,
       2.80979373e-06, 8.12282671e-03, 7.33605631e-03])}
{'img': array([[[ 0.        ,  0.02778633, -0.33632055, ...,  0.99616045,
          0.90273958,  0.88712004],
        [-0.02778633,  0.        , -0.3623584 , ...,  0.99820841,
          0.91434435,  0.89960198],
        [ 0.33632055,  0.3623584 ,  0.        , ...,  0.90868807,
          0.70547193,  0.68021818],
        ...,
        [-0.99616045, -0.99820841, -0.90868807, ...,  0.        ,
          0.34950424,  0.3821026 ],
        [-0.90273958, -0.91434435, -0.70547193, ..., -0.34950424,
          0.        ,  0.03502139],
        [-0.88712004, -0.89960198, -0.68021818, ..., -0.3821026 ,
         -0.03502139,  0.        ]],

       [[ 0.        , -0.30523778, -0.44434324, ...,  0.13873998,
          0.39366818, -0.15176285],
        [ 0.30523778,  0.        , -0.14968819, ...,  0.43440455,
          0.65547145,  0.15718205],
        [ 0.44434324,  0.14968819,  0.        , ...,  0.56433706,
          0.76113393,  0.30323863],
        ...,
        [-0.13873998, -0.43440455, -0.56433706, ...,  0.        ,
          0.26232386, -0.28742807],
        [-0.39366818, -0.65547145, -0.76113393, ..., -0.26232386,
          0.        , -0.52861669],
        [ 0.15176285, -0.15718205, -0.30323863, ...,  0.28742807,
          0.52861669,  0.        ]],

       [[ 0.        ,  0.44258204,  0.56639941, ...,  0.79520592,
          0.73514111,  0.68447231],
        [-0.44258204,  0.        ,  0.14316069, ...,  0.98143838,
          0.95925425,  0.93644501],
        [-0.56639941, -0.14316069,  0.        , ...,  0.99878407,
          0.98982265,  0.97702195],
        ...,
        [-0.79520592, -0.98143838, -0.99878407, ...,  0.        ,
          0.09333624,  0.16471343],
        [-0.73514111, -0.95925425, -0.98982265, ..., -0.09333624,
          0.        ,  0.071933  ],
        [-0.68447231, -0.93644501, -0.97702195, ..., -0.16471343,
         -0.071933  ,  0.        ]],

       ...,

       [[ 0.        ,  0.67016628,  0.15901372, ..., -0.99995779,
         -0.924376  , -0.99152615],
        [-0.67016628,  0.        , -0.5436176 , ..., -0.73602207,
         -0.94173884, -0.82298106],
        [-0.15901372,  0.5436176 ,  0.        , ..., -0.98577366,
         -0.97327556, -0.99956738],
        ...,
        [ 0.99995779,  0.73602207,  0.98577366, ...,  0.        ,
          0.38995986,  0.13901205],
        [ 0.924376  ,  0.94173884,  0.97327556, ..., -0.38995986,
          0.        , -0.25816689],
        [ 0.99152615,  0.82298106,  0.99956738, ..., -0.13901205,
          0.25816689,  0.        ]],

       [[ 0.        ,  0.3959232 ,  0.50926508, ...,  0.73888922,
          0.72926694,  0.70614093],
        [-0.3959232 ,  0.        ,  0.12691443, ...,  0.94529359,
          0.94057614,  0.92877951],
        [-0.50926508, -0.12691443,  0.        , ...,  0.97905176,
          0.9760683 ,  0.96830774],
        ...,
        [-0.73888922, -0.94529359, -0.97905176, ...,  0.        ,
          0.01416996,  0.0473695 ],
        [-0.72926694, -0.94057614, -0.9760683 , ..., -0.01416996,
          0.        ,  0.03321069],
        [-0.70614093, -0.92877951, -0.96830774, ..., -0.0473695 ,
         -0.03321069,  0.        ]],

       [[ 0.        , -0.11777707, -0.10079366, ...,  0.42342786,
          0.43424613,  0.43739966],
        [ 0.11777707,  0.        ,  0.01708513, ...,  0.31378306,
          0.3251309 ,  0.32844233],
        [ 0.10079366, -0.01708513,  0.        , ...,  0.32995951,
          0.34124032,  0.34453171],
        ...,
        [-0.42342786, -0.31378306, -0.32995951, ...,  0.        ,
         -0.01197514, -0.01547861],
        [-0.43424613, -0.3251309 , -0.34124032, ...,  0.01197514,
          0.        , -0.00350379],
        [-0.43739966, -0.32844233, -0.34453171, ...,  0.01547861,
          0.00350379,  0.        ]]]), 'num': array([ 9.70319388e-01,  7.44168746e-02,  6.89155780e-06,  1.74498087e-07,
        8.21928912e-03,  8.28251442e-03,  8.09283852e-03,  2.28950069e-01,
       -1.58063252e-04,  8.16870888e-03,  8.11654800e-03,  7.60916496e-03,
        3.25424343e-06,  8.52963475e-03,  7.70346125e-03])}
{'img': array([[[ 0.        , -0.3623584 ,  0.19285334, ...,  0.91434435,
          0.89960198,  0.95899881],
        [ 0.3623584 ,  0.        ,  0.53530286, ...,  0.70547193,
          0.68021818,  0.79112811],
        [-0.19285334, -0.53530286,  0.        , ...,  0.97527346,
          0.96693541,  0.99565268],
        ...,
        [-0.91434435, -0.70547193, -0.97527346, ...,  0.        ,
          0.03502139, -0.1292002 ],
        [-0.89960198, -0.68021818, -0.96693541, ..., -0.03502139,
          0.        , -0.16384881],
        [-0.95899881, -0.79112811, -0.99565268, ...,  0.1292002 ,
          0.16384881,  0.        ]],

       [[ 0.        , -0.14968819,  0.40825092, ...,  0.65547145,
          0.15718205,  0.27495552],
        [ 0.14968819,  0.        ,  0.54029708, ...,  0.76113393,
          0.30323863,  0.41577641],
        [-0.40825092, -0.54029708,  0.        , ...,  0.29004082,
         -0.25968948, -0.14151711],
        ...,
        [-0.65547145, -0.76113393, -0.29004082, ...,  0.        ,
         -0.52861669, -0.42255569],
        [-0.15718205, -0.30323863,  0.25968948, ...,  0.52861669,
          0.        ,  0.12041395],
        [-0.27495552, -0.41577641,  0.14151711, ...,  0.42255569,
         -0.12041395,  0.        ]],

       [[ 0.        ,  0.38371845,  0.43197247, ...,  0.75093391,
          0.69985421,  0.64021705],
        [-0.38371845,  0.        ,  0.05283443, ...,  0.946849  ,
          0.92036507,  0.88597876],
        [-0.43197247, -0.05283443,  0.        , ...,  0.96252222,
          0.93974103,  0.90924199],
        ...,
        [-0.75093391, -0.946849  , -0.96252222, ...,  0.        ,
          0.07421349,  0.15407814],
        [-0.69985421, -0.92036507, -0.93974103, ..., -0.07421349,
          0.        ,  0.08032596],
        [-0.64021705, -0.88597876, -0.90924199, ..., -0.15407814,
         -0.08032596,  0.        ]],

       ...,

       [[ 0.        , -0.5436176 , -0.51610763, ..., -0.94173884,
         -0.82298106, -0.90902321],
        [ 0.5436176 ,  0.        ,  0.0324352 , ..., -0.97327556,
         -0.99956738, -0.98952337],
        [ 0.51610763, -0.0324352 ,  0.        , ..., -0.98021189,
         -0.99808746, -0.99368549],
        ...,
        [ 0.94173884,  0.97327556,  0.98021189, ...,  0.        ,
         -0.25816689, -0.08672001],
        [ 0.82298106,  0.99956738,  0.99808746, ...,  0.25816689,
          0.        ,  0.17341408],
        [ 0.90902321,  0.98952337,  0.99368549, ...,  0.08672001,
         -0.17341408,  0.        ]],

       [[ 0.        ,  0.34153446,  0.51424789, ...,  0.7416583 ,
          0.71839488,  0.71839488],
        [-0.34153446,  0.        ,  0.19041162, ...,  0.92615559,
          0.91278076,  0.91278076],
        [-0.51424789, -0.19041162,  0.        , ...,  0.98102312,
          0.97385444,  0.97385444],
        ...,
        [-0.7416583 , -0.92615559, -0.98102312, ...,  0.        ,
          0.03404048,  0.03404048],
        [-0.71839488, -0.91278076, -0.97385444, ..., -0.03404048,
          0.        ,  0.        ],
        [-0.71839488, -0.91278076, -0.97385444, ..., -0.03404048,
          0.        ,  0.        ]],

       [[ 0.        ,  0.01708513, -0.04870803, ...,  0.3251309 ,
          0.32844233,  0.32844233],
        [-0.01708513,  0.        , -0.06576577, ...,  0.34124032,
          0.34453171,  0.34453171],
        [ 0.04870803,  0.06576577,  0.        , ...,  0.27868331,
          0.28204659,  0.28204659],
        ...,
        [-0.3251309 , -0.34124032, -0.27868331, ...,  0.        ,
         -0.00350379, -0.00350379],
        [-0.32844233, -0.34453171, -0.28204659, ...,  0.00350379,
          0.        ,  0.        ],
        [-0.32844233, -0.34453171, -0.28204659, ...,  0.00350379,
          0.        ,  0.        ]]]), 'num': array([ 9.35960500e-01,  2.59737070e-01,  5.36685262e-06,  5.83415308e-08,
        7.86306314e-03,  8.11268419e-03,  7.83186051e-03,  2.36667280e-01,
       -2.49621052e-04,  8.06900051e-03,  7.99723446e-03,  7.53938785e-03,
        2.91224561e-06,  8.40507088e-03,  7.58939804e-03])}
{'img': array([[[ 0.        ,  0.53530286,  0.40880589, ...,  0.68021818,
          0.79112811,  0.90868807],
        [-0.53530286,  0.        , -0.14322677, ...,  0.96693541,
          0.99565268,  0.9910086 ],
        [-0.40880589,  0.14322677,  0.        , ...,  0.92044032,
          0.97204673,  0.99995468],
        ...,
        [-0.68021818, -0.96693541, -0.92044032, ...,  0.        ,
         -0.16384881, -0.3821026 ],
        [-0.79112811, -0.99565268, -0.97204673, ...,  0.16384881,
          0.        , -0.22552272],
        [-0.90868807, -0.9910086 , -0.99995468, ...,  0.3821026 ,
          0.22552272,  0.        ]],

       [[ 0.        ,  0.54029708,  0.45223708, ...,  0.30323863,
          0.41577641,  0.45867744],
        [-0.54029708,  0.        , -0.10134386, ..., -0.25968948,
         -0.14151711, -0.09414422],
        [-0.45223708,  0.10134386,  0.        , ..., -0.16048548,
         -0.04046459,  0.00723423],
        ...,
        [-0.30323863,  0.25968948,  0.16048548, ...,  0.        ,
          0.12041395,  0.16762175],
        [-0.41577641,  0.14151711,  0.04046459, ..., -0.12041395,
          0.        ,  0.04769183],
        [-0.45867744,  0.09414422, -0.00723423, ..., -0.16762175,
         -0.04769183,  0.        ]],

       [[ 0.        ,  0.21057142,  0.23509212, ...,  0.71127406,
          0.65112721,  0.64453597],
        [-0.21057142,  0.        ,  0.02515124, ...,  0.84333998,
          0.79634505,  0.79108192],
        [-0.23509212, -0.02515124,  0.        , ...,  0.85658898,
          0.81130567,  0.80621694],
        ...,
        [-0.71127406, -0.84333998, -0.85658898, ...,  0.        ,
          0.08214773,  0.09076778],
        [-0.65112721, -0.79634505, -0.81130567, ..., -0.08214773,
          0.        ,  0.00865237],
        [-0.64453597, -0.79108192, -0.80621694, ..., -0.09076778,
         -0.00865237,  0.        ]],

       ...,

       [[ 0.        ,  0.19156085, -0.4689655 , ..., -0.93182506,
         -0.98236964, -0.93182506],
        [-0.19156085,  0.        , -0.6294703 , ..., -0.84504942,
         -0.92836479, -0.84504942],
        [ 0.4689655 ,  0.6294703 ,  0.        , ..., -0.99319448,
         -0.95531764, -0.99319448],
        ...,
        [ 0.93182506,  0.84504942,  0.99319448, ...,  0.        ,
          0.18230594,  0.        ],
        [ 0.98236964,  0.92836479,  0.95531764, ..., -0.18230594,
          0.        , -0.18230594],
        [ 0.93182506,  0.84504942,  0.99319448, ...,  0.        ,
          0.18230594,  0.        ]],

       [[ 0.        ,  0.40294656,  0.51541612, ...,  0.72741193,
          0.72741193,  0.73756886],
        [-0.40294656,  0.        ,  0.1264199 , ...,  0.94224685,
          0.94224685,  0.94713886],
        [-0.51541612, -0.1264199 ,  0.        , ...,  0.97702749,
          0.97702749,  0.98009832],
        ...,
        [-0.72741193, -0.94224685, -0.97702749, ...,  0.        ,
          0.        , -0.01491967],
        [-0.72741193, -0.94224685, -0.97702749, ...,  0.        ,
          0.        , -0.01491967],
        [-0.73756886, -0.94713886, -0.98009832, ...,  0.01491967,
          0.01491967,  0.        ]],

       [[ 0.        , -0.06576577,  0.11885462, ...,  0.34453171,
          0.34453171,  0.37418936],
        [ 0.06576577,  0.        ,  0.18389692, ...,  0.28204659,
          0.28204659,  0.31239123],
        [-0.11885462, -0.18389692,  0.        , ...,  0.45366727,
          0.45366727,  0.48175709],
        ...,
        [-0.34453171, -0.28204659, -0.45366727, ...,  0.        ,
          0.        , -0.03177722],
        [-0.34453171, -0.28204659, -0.45366727, ...,  0.        ,
          0.        , -0.03177722],
        [-0.37418936, -0.31239123, -0.48175709, ...,  0.03177722,
          0.03177722,  0.        ]]]), 'num': array([ 8.88120725e-01,  2.29673301e-01,  4.95073251e-06, -7.55918901e-08,
        7.56836119e-03,  7.56836119e-03,  7.31228882e-03,  3.97568062e-01,
        3.98334800e-04,  7.43747976e-03,  7.29948520e-03,  6.90921194e-03,
        3.57479948e-06,  7.68647039e-03,  6.91250002e-03])}
{'img': array([[[ 0.        , -0.15684089, -0.5056391 , ...,  0.99241815,
          0.99441549,  0.94752867],
        [ 0.15684089,  0.        , -0.36406754, ...,  0.96085897,
          0.99866084,  0.88566449],
        [ 0.5056391 ,  0.36406754,  0.        , ...,  0.79405713,
          0.9112902 ,  0.65583765],
        ...,
        [-0.99241815, -0.96085897, -0.79405713, ...,  0.        ,
         -0.22695679,  0.20078886],
        [-0.99441549, -0.99866084, -0.9112902 , ...,  0.22695679,
          0.        ,  0.41788396],
        [-0.94752867, -0.88566449, -0.65583765, ..., -0.20078886,
         -0.41788396,  0.        ]],

       [[ 0.        , -0.10134386, -0.01739111, ..., -0.14151711,
         -0.09414422,  0.60231487],
        [ 0.10134386,  0.        ,  0.08402696, ..., -0.04046459,
          0.00723423,  0.68011243],
        [ 0.01739111, -0.08402696,  0.        , ..., -0.12427962,
         -0.07681612,  0.61610638],
        ...,
        [ 0.14151711,  0.04046459,  0.12427962, ...,  0.        ,
          0.04769183,  0.7092203 ],
        [ 0.09414422, -0.00723423,  0.07681612, ..., -0.04769183,
          0.        ,  0.67479116],
        [-0.60231487, -0.68011243, -0.61610638, ..., -0.7092203 ,
         -0.67479116,  0.        ]],

       [[ 0.        ,  0.05221871, -0.08233858, ...,  0.71390186,
          0.70778302,  0.60765272],
        [-0.05221871,  0.        , -0.13426764, ...,  0.74949379,
          0.74370623,  0.64829593],
        [ 0.08233858,  0.13426764,  0.        , ...,  0.6538205 ,
          0.64721325,  0.54019585],
        ...,
        [-0.71390186, -0.74949379, -0.6538205 , ...,  0.        ,
          0.00869955,  0.14147665],
        [-0.70778302, -0.74370623, -0.64721325, ..., -0.00869955,
          0.        ,  0.13285925],
        [-0.60765272, -0.64829593, -0.54019585, ..., -0.14147665,
         -0.13285925,  0.        ]],

       ...,

       [[ 0.        , -0.6294703 , -0.86242328, ..., -0.92836479,
         -0.84504942, -0.99990911],
        [ 0.6294703 ,  0.        , -0.35149386, ..., -0.95531764,
         -0.99319448, -0.76846745],
        [ 0.86242328,  0.35149386,  0.        , ..., -0.79046405,
         -0.88888126, -0.49451468],
        ...,
        [ 0.92836479,  0.95531764,  0.79046405, ...,  0.        ,
         -0.18230594,  0.38415265],
        [ 0.84504942,  0.99319448,  0.88888126, ...,  0.18230594,
          0.        ,  0.54603249],
        [ 0.99990911,  0.76846745,  0.49451468, ..., -0.38415265,
         -0.54603249,  0.        ]],

       [[ 0.        ,  0.34354384,  0.43881679, ...,  0.74026892,
          0.75047575,  0.73242632],
        [-0.34354384,  0.        ,  0.10340848, ...,  0.92618193,
          0.93184671,  0.92174895],
        [-0.43881679, -0.10340848,  0.        , ...,  0.9602096 ,
          0.96437305,  0.95690791],
        ...,
        [-0.74026892, -0.92618193, -0.9602096 , ...,  0.        ,
         -0.01531077,  0.01159117],
        [-0.75047575, -0.93184671, -0.96437305, ...,  0.01531077,
          0.        ,  0.02689956],
        [-0.73242632, -0.92174895, -0.95690791, ..., -0.01159117,
         -0.02689956,  0.        ]],

       [[ 0.        ,  0.18389692,  0.29198247, ...,  0.28204659,
          0.31239123,  0.32963346],
        [-0.18389692,  0.        ,  0.1111195 , ...,  0.45366727,
          0.48175709,  0.49763047],
        [-0.29198247, -0.1111195 ,  0.        , ...,  0.54988422,
          0.57614815,  0.59093252],
        ...,
        [-0.28204659, -0.45366727, -0.54988422, ...,  0.        ,
         -0.03177722, -0.04996786],
        [-0.31239123, -0.48175709, -0.57614815, ...,  0.03177722,
          0.        , -0.01820511],
        [-0.32963346, -0.49763047, -0.59093252, ...,  0.04996786,
          0.01820511,  0.        ]]]), 'num': array([8.84365471e-01, 1.50065364e-01, 5.37948796e-06, 1.48460222e-07,
       7.57010419e-03, 7.73648011e-03, 7.48691624e-03, 4.41534840e-01,
       1.94105236e-04, 7.29835686e-03, 7.12782155e-03, 6.76734040e-03,
       3.69724259e-06, 7.54816547e-03, 6.70747763e-03])}
{'img': array([[[ 0.        , -0.36406754,  0.09591959, ...,  0.99866084,
          0.88566449,  0.68783592],
        [ 0.36406754,  0.        ,  0.45172573, ...,  0.9112902 ,
          0.65583765,  0.37636717],
        [-0.09591959, -0.45172573,  0.        , ...,  0.99901852,
          0.9261187 ,  0.75428916],
        ...,
        [-0.99866084, -0.9112902 , -0.99901852, ...,  0.        ,
          0.41788396,  0.68930885],
        [-0.88566449, -0.65583765, -0.9261187 , ..., -0.41788396,
          0.        ,  0.32349398],
        [-0.68783592, -0.37636717, -0.75428916, ..., -0.68930885,
         -0.32349398,  0.        ]],

       [[ 0.        ,  0.08402696, -0.25428816, ...,  0.00723423,
          0.68011243,  0.82212528],
        [-0.08402696,  0.        , -0.33465373, ..., -0.07681612,
          0.61610638,  0.77138071],
        [ 0.25428816,  0.33465373,  0.        , ...,  0.26127794,
          0.84417675,  0.93986872],
        ...,
        [-0.00723423,  0.07681612, -0.26127794, ...,  0.        ,
          0.67479116,  0.81798527],
        [-0.68011243, -0.61610638, -0.84417675, ..., -0.67479116,
          0.        ,  0.21551397],
        [-0.82212528, -0.77138071, -0.93986872, ..., -0.81798527,
         -0.21551397,  0.        ]],

       [[ 0.        , -0.13426764,  0.03032523, ...,  0.74370623,
          0.64829593,  0.56684617],
        [ 0.13426764,  0.        ,  0.16425652, ...,  0.64721325,
          0.54019585,  0.45110058],
        [-0.03032523, -0.16425652,  0.        , ...,  0.7636368 ,
          0.67108705,  0.59156811],
        ...,
        [-0.74370623, -0.64721325, -0.7636368 , ...,  0.        ,
          0.13285925,  0.2337424 ],
        [-0.64829593, -0.54019585, -0.67108705, ..., -0.13285925,
          0.        ,  0.10249139],
        [-0.56684617, -0.45110058, -0.59156811, ..., -0.2337424 ,
         -0.10249139,  0.        ]],

       ...,

       [[ 0.        , -0.71883617, -0.63465256, ..., -0.87928157,
         -0.99005932, -0.95776744],
        [ 0.71883617,  0.        ,  0.11431741, ..., -0.95364189,
         -0.58716433, -0.4591233 ],
        [ 0.63465256, -0.11431741,  0.        , ..., -0.98179319,
         -0.6758513 , -0.55766986],
        ...,
        [ 0.87928157,  0.95364189,  0.98179319, ...,  0.        ,
          0.59523892,  0.70901898],
        [ 0.99005932,  0.58716433,  0.6758513 , ..., -0.59523892,
          0.        ,  0.14997517],
        [ 0.95776744,  0.4591233 ,  0.55766986, ..., -0.70901898,
         -0.14997517,  0.        ]],

       [[ 0.        ,  0.28621017,  0.4138227 , ...,  0.75971632,
          0.74161199,  0.68867508],
        [-0.28621017,  0.        ,  0.13595762, ...,  0.9140445 ,
          0.90258614,  0.86738808],
        [-0.4138227 , -0.13595762,  0.        , ...,  0.96070358,
          0.95273634,  0.92699098],
        ...,
        [-0.75971632, -0.9140445 , -0.96070358, ...,  0.        ,
          0.02740316,  0.1030334 ],
        [-0.74161199, -0.90258614, -0.95273634, ..., -0.02740316,
          0.        ,  0.0757374 ],
        [-0.68867508, -0.86738808, -0.92699098, ..., -0.1030334 ,
         -0.0757374 ,  0.        ]],

       [[ 0.        ,  0.2297485 ,  0.34939632, ...,  0.3136971 ,
          0.33100701,  0.38861117],
        [-0.2297485 ,  0.        ,  0.12478137, ...,  0.52345722,
          0.53894978,  0.58990653],
        [-0.34939632, -0.12478137,  0.        , ...,  0.62568622,
          0.63984556,  0.68605338],
        ...,
        [-0.3136971 , -0.52345722, -0.62568622, ...,  0.        ,
         -0.01828535, -0.0799542 ],
        [-0.33100701, -0.53894978, -0.63984556, ...,  0.01828535,
          0.        , -0.06171402],
        [-0.38861117, -0.58990653, -0.68605338, ...,  0.0799542 ,
          0.06171402,  0.        ]]]), 'num': array([9.24803994e-01, 1.00199519e-01, 5.95382292e-06, 2.81067295e-07,
       7.92888918e-03, 8.01476162e-03, 7.52815110e-03, 3.66391221e-01,
       1.14496595e-04, 7.60257388e-03, 7.38646156e-03, 7.02379360e-03,
       3.79356187e-06, 7.88668033e-03, 6.88624279e-03])}
{'img': array([[[ 0.        ,  0.44913786,  0.38595368, ...,  0.67952087,
          0.42932998,  0.        ],
        [-0.44913786,  0.        , -0.0695027 , ...,  0.93663916,
          0.78922805,  0.44913786],
        [-0.38595368,  0.0695027 ,  0.        , ...,  0.91002765,
          0.74463788,  0.38595368],
        ...,
        [-0.67952087, -0.93663916, -0.91002765, ...,  0.        ,
          0.29872712,  0.67952087],
        [-0.42932998, -0.78922805, -0.74463788, ..., -0.29872712,
          0.        ,  0.42932998],
        [-0.        , -0.44913786, -0.38595368, ..., -0.67952087,
