state_0,state_1,state_2,state_3,state_4,state_5,state_6,state_7,state_8,state_9,state_10,state_11,state_12,state_13,state_14,state_15,state_16,state_17,state_18,state_19,state_20,state_21,state_22,state_23,state_24,state_25,state_26,state_27,state_28,state_29,state_30,state_31,state_32,state_33,state_34,state_35,state_36,state_37,state_38,state_39,state_40,state_41,state_42,state_43,state_44,state_45,state_46,state_47,state_48,state_49,state_50,state_51,state_52,state_53,state_54,state_55,state_56,state_57,state_58,state_59,state_60,state_61,state_62,state_63,state_64,state_65,state_66,state_67,state_68,state_69,state_70,state_71,state_72,state_73,state_74,state_75,state_76,state_77,state_78,state_79,state_80,state_81,state_82,state_83,state_84,state_85,state_86,state_87,state_88,state_89,state_90,state_91,state_92,state_93,state_94,state_95,state_96,state_97,state_98,state_99,state_100,state_101,state_102,state_103,state_104,state_105,state_106,state_107,state_108,state_109,state_110,state_111,state_112,state_113,state_114,state_115,state_116,state_117,state_118,state_119,state_120,state_121,state_122,state_123,state_124,state_125,state_126,state_127,state_128,state_129,state_130,state_131,state_132,state_133,state_134,state_135,state_136,state_137,state_138,state_139,state_140,state_141,state_142,state_143,state_144,state_145,state_146,state_147,state_148,state_149,state_150,state_151,state_152,state_153,state_154,state_155,state_156,state_157,state_158,state_159,state_160,state_161,state_162,state_163,state_164,state_165,state_166,state_167,state_168,state_169,state_170,state_171,state_172,state_173,state_174,state_175,state_176,state_177,state_178,state_179,state_180,state_181,state_182,state_183,state_184,state_185,state_186,state_187,state_188,state_189,state_190,state_191,state_192,state_193,state_194,state_195,state_196,state_197,state_198,state_199,state_200,state_201,state_202,state_203,state_204,state_205,state_206,state_207,state_208,state_209,state_210,state_211,state_212,state_213,state_214,state_215,state_216,state_217,state_218,state_219,state_220,state_221,state_222,state_223,state_224,state_225,state_226,state_227,state_228,state_229,state_230,state_231,state_232,state_233,state_234,state_235,state_236,state_237,state_238,state_239,state_240,state_241,state_242,state_243,state_244,state_245,state_246,state_247,state_248,state_249,state_250,state_251,state_252,state_253,state_254,state_255,state_256,state_257,state_258,state_259,state_260,state_261,state_262,state_263,state_264,state_265,state_266,state_267,state_268,state_269,state_270,state_271,state_272,state_273,state_274,state_275,state_276,state_277,state_278,state_279,state_280,state_281,state_282,state_283,state_284,state_285,state_286,state_287
{'img': array([[[ 0.        , -0.5826348 , -0.5826348 , ..., -0.38873806,
         -0.        , -0.3082331 ],
        [ 0.5826348 ,  0.        ,  0.        , ..., -0.85275027,
         -0.5826348 , -0.80477836],
        [ 0.5826348 ,  0.        ,  0.        , ..., -0.85275027,
         -0.5826348 , -0.80477836],
        ...,
        [ 0.38873806,  0.85275027,  0.85275027, ...,  0.        ,
         -0.38873806, -0.08582069],
        [ 0.        ,  0.5826348 ,  0.5826348 , ...,  0.38873806,
          0.        ,  0.3082331 ],
        [ 0.3082331 ,  0.80477836,  0.80477836, ...,  0.08582069,
         -0.3082331 ,  0.        ]],

       [[ 0.        , -0.44126624, -0.13599162, ..., -0.65010926,
         -0.61101566, -0.56421638],
        [ 0.44126624,  0.        ,  0.31513122, ..., -0.24810054,
         -0.19899641, -0.14199306],
        [ 0.13599162, -0.31513122,  0.        , ..., -0.54073777,
         -0.49768583, -0.44669645],
        ...,
        [ 0.65010926,  0.24810054,  0.54073777, ...,  0.        ,
          0.05036393,  0.10803315],
        [ 0.61101566,  0.19899641,  0.49768583, ..., -0.05036393,
          0.        ,  0.05782688],
        [ 0.56421638,  0.14199306,  0.44669645, ..., -0.10803315,
         -0.05782688,  0.        ]],

       [[ 0.        ,  0.15793964,  0.28238907, ..., -0.63044908,
         -0.51321912, -0.28238907],
        [-0.15793964,  0.        ,  0.12733325, ..., -0.49993858,
         -0.37122468, -0.12733325],
        [-0.28238907, -0.12733325,  0.        , ..., -0.38559073,
         -0.2499685 , -0.        ],
        ...,
        [ 0.63044908,  0.49993858,  0.38559073, ...,  0.        ,
         -0.14271134, -0.38559073],
        [ 0.51321912,  0.37122468,  0.2499685 , ...,  0.14271134,
          0.        , -0.2499685 ],
        [ 0.28238907,  0.12733325,  0.        , ...,  0.38559073,
          0.2499685 ,  0.        ]],

       ...,

       [[ 0.        , -0.4089494 , -0.3384319 , ..., -0.97124153,
         -0.893101  , -0.95521743],
        [ 0.4089494 ,  0.        ,  0.07597924, ..., -0.78894395,
         -0.99897405, -0.99270051],
        [ 0.3384319 , -0.07597924,  0.        , ..., -0.83335003,
         -0.99264559, -0.99899453],
        ...,
        [ 0.97124153,  0.78894395,  0.83335003, ...,  0.        ,
         -0.64956313, -0.51482886],
        [ 0.893101  ,  0.99897405,  0.99264559, ...,  0.64956313,
          0.        ,  0.16543758],
        [ 0.95521743,  0.99270051,  0.99899453, ...,  0.51482886,
         -0.16543758,  0.        ]],

       [[ 0.        ,  0.12244382,  0.23983811, ..., -0.6935759 ,
         -0.74541132, -0.74630759],
        [-0.12244382,  0.        ,  0.1191634 , ..., -0.60015054,
         -0.65818079, -0.65919321],
        [-0.23983811, -0.1191634 ,  0.        , ..., -0.500557  ,
         -0.56377768, -0.5648885 ],
        ...,
        [ 0.6935759 ,  0.60015054,  0.500557  , ...,  0.        ,
          0.07464102,  0.07598275],
        [ 0.74541132,  0.65818079,  0.56377768, ..., -0.07464102,
          0.        ,  0.00134555],
        [ 0.74630759,  0.65919321,  0.5648885 , ..., -0.07598275,
         -0.00134555,  0.        ]],

       [[ 0.        ,  0.04433715,  0.11339312, ...,  0.08242998,
          0.03942635,  0.01715954],
        [-0.04433715,  0.        ,  0.06923043, ...,  0.03816265,
         -0.0049151 , -0.02718796],
        [-0.11339312, -0.06923043,  0.        , ..., -0.03110891,
         -0.0741329 , -0.09632757],
        ...,
        [-0.08242998, -0.03816265,  0.03110891, ...,  0.        ,
         -0.04307371, -0.0653167 ],
        [-0.03942635,  0.0049151 ,  0.0741329 , ...,  0.04307371,
          0.        , -0.02227435],
        [-0.01715954,  0.02718796,  0.09632757, ...,  0.0653167 ,
          0.02227435,  0.        ]]]), 'num': array([7.06620397e-01, 7.06620397e-01, 0.00000000e+00, 0.00000000e+00,
       3.23910664e-04, 3.23910664e-04, 3.11016131e-04, 3.70717818e-02,
       1.23787515e-05, 3.16792882e-04, 3.29274789e-04, 4.23198566e-04,
       2.20187344e-06, 3.51039049e-04, 3.07510529e-04])}
{'img': array([[[ 0.        ,  0.        , -0.35199779, ..., -0.34150555,
         -0.62313908, -0.78338113],
        [ 0.        ,  0.        , -0.35199779, ..., -0.34150555,
         -0.62313908, -0.78338113],
        [ 0.35199779,  0.35199779,  0.        , ..., -0.65048507,
         -0.85856006, -0.95202667],
        ...,
        [ 0.34150555,  0.34150555,  0.65048507, ...,  0.        ,
          0.31858055,  0.52402415],
        [ 0.62313908,  0.62313908,  0.85856006, ..., -0.31858055,
          0.        ,  0.22538414],
        [ 0.78338113,  0.78338113,  0.95202667, ..., -0.52402415,
         -0.22538414,  0.        ]],

       [[ 0.        ,  0.31513122,  0.0112395 , ..., -0.19899641,
         -0.14199306, -0.30422379],
        [-0.31513122,  0.        , -0.30444449, ..., -0.49768583,
         -0.44669645, -0.5889172 ],
        [-0.0112395 ,  0.30444449,  0.        , ..., -0.20999856,
         -0.15310971, -0.31491133],
        ...,
        [ 0.19899641,  0.49768583,  0.20999856, ...,  0.        ,
          0.05782688, -0.10857528],
        [ 0.14199306,  0.44669645,  0.15310971, ..., -0.05782688,
          0.        , -0.16587861],
        [ 0.30422379,  0.5889172 ,  0.31491133, ...,  0.10857528,
          0.16587861,  0.        ]],

       [[ 0.        ,  0.12733325, -0.30358986, ..., -0.37122468,
         -0.12733325, -0.19629676],
        [-0.12733325,  0.        , -0.42244211, ..., -0.2499685 ,
         -0.        , -0.06984298],
        [ 0.30358986,  0.42244211,  0.        , ..., -0.63560018,
         -0.42244211, -0.48471548],
        ...,
        [ 0.37122468,  0.2499685 ,  0.63560018, ...,  0.        ,
         -0.2499685 , -0.18173234],
        [ 0.12733325,  0.        ,  0.42244211, ...,  0.2499685 ,
          0.        ,  0.06984298],
        [ 0.19629676,  0.06984298,  0.48471548, ...,  0.18173234,
         -0.06984298,  0.        ]],

       ...,

       [[ 0.        ,  0.2402876 , -0.10830214, ..., -0.97899957,
         -0.99937325, -0.96845437],
        [-0.2402876 ,  0.        , -0.3440033 , ..., -0.90133099,
         -0.96158731, -0.99995784],
        [ 0.10830214,  0.3440033 ,  0.        , ..., -0.99531984,
         -0.99732879, -0.93577003],
        ...,
        [ 0.97899957,  0.90133099,  0.99531984, ...,  0.        ,
          0.16907857,  0.44138921],
        [ 0.99937325,  0.96158731,  0.99732879, ..., -0.16907857,
          0.        ,  0.28331747],
        [ 0.96845437,  0.99995784,  0.93577003, ..., -0.44138921,
         -0.28331747,  0.        ]],

       [[ 0.        ,  0.1191634 ,  0.17867046, ..., -0.65818079,
         -0.65919321, -0.63545403],
        [-0.1191634 ,  0.        ,  0.06015142, ..., -0.56377768,
         -0.5648885 , -0.53891553],
        [-0.17867046, -0.06015142,  0.        , ..., -0.51307616,
         -0.51423065, -0.48727055],
        ...,
        [ 0.65818079,  0.56377768,  0.51307616, ...,  0.        ,
          0.00134555, -0.02979899],
        [ 0.65919321,  0.5648885 ,  0.51423065, ..., -0.00134555,
          0.        , -0.03114392],
        [ 0.63545403,  0.53891553,  0.48727055, ...,  0.02979899,
          0.03114392,  0.        ]],

       [[ 0.        ,  0.06923043,  0.15243917, ..., -0.0049151 ,
         -0.02718796, -0.03142416],
        [-0.06923043,  0.        ,  0.0836521 , ..., -0.0741329 ,
         -0.09632757, -0.10054501],
        [-0.15243917, -0.0836521 ,  0.        , ..., -0.15729498,
         -0.17925303, -0.18342079],
        ...,
        [ 0.0049151 ,  0.0741329 ,  0.15729498, ...,  0.        ,
         -0.02227435, -0.02651111],
        [ 0.02718796,  0.09632757,  0.17925303, ...,  0.02227435,
          0.        , -0.00423802],
        [ 0.03142416,  0.10054501,  0.18342079, ...,  0.02651111,
          0.00423802,  0.        ]]]), 'num': array([7.06621008e-01, 7.06621008e-01, 0.00000000e+00, 0.00000000e+00,
       3.25458289e-04, 3.30100325e-04, 3.18237344e-04, 3.70483973e-02,
       1.54734527e-06, 3.16277374e-04, 3.29352441e-04, 4.19382147e-04,
       2.11284093e-06, 3.51050798e-04, 3.07654085e-04])}
{'img': array([[[ 0.00000000e+00, -3.51997791e-01, -1.46393904e-01, ...,
         -6.23139082e-01, -7.83381126e-01, -7.97187383e-01],
        [ 3.51997791e-01,  0.00000000e+00,  2.11180683e-01, ...,
         -8.58560058e-01, -9.52026669e-01, -9.58680368e-01],
        [ 1.46393904e-01, -2.11180683e-01,  0.00000000e+00, ...,
         -7.30921906e-01, -8.65931181e-01, -8.76981465e-01],
        ...,
        [ 6.23139082e-01,  8.58560058e-01,  7.30921906e-01, ...,
          0.00000000e+00,  2.25384142e-01,  2.47280079e-01],
        [ 7.83381126e-01,  9.52026669e-01,  8.65931181e-01, ...,
         -2.25384142e-01,  0.00000000e+00,  2.25329342e-02],
        [ 7.97187383e-01,  9.58680368e-01,  8.76981465e-01, ...,
         -2.47280079e-01, -2.25329342e-02,  0.00000000e+00]],

       [[ 0.00000000e+00, -3.04444486e-01, -1.04620078e-01, ...,
         -4.46696449e-01, -5.88917201e-01, -5.89159247e-01],
        [ 3.04444486e-01,  0.00000000e+00,  2.03120003e-01, ...,
         -1.53109714e-01, -3.14911332e-01, -3.15195601e-01],
        [ 1.04620078e-01, -2.03120003e-01,  0.00000000e+00, ...,
         -3.50643022e-01, -5.01132124e-01, -5.01391299e-01],
        ...,
        [ 4.46696449e-01,  1.53109714e-01,  3.50643022e-01, ...,
          0.00000000e+00, -1.65878615e-01, -1.66173981e-01],
        [ 5.88917201e-01,  3.14911332e-01,  5.01132124e-01, ...,
          1.65878615e-01,  0.00000000e+00, -2.99522891e-04],
        [ 5.89159247e-01,  3.15195601e-01,  5.01391299e-01, ...,
          1.66173981e-01,  2.99522891e-04,  0.00000000e+00]],

       [[ 0.00000000e+00, -4.22278714e-01, -4.93288447e-01, ...,
         -5.70149888e-02, -9.00935600e-02, -0.00000000e+00],
        [ 4.22278714e-01,  0.00000000e+00, -7.98234149e-02, ...,
         -4.73273954e-01, -5.02228189e-01, -4.22278714e-01],
        [ 4.93288447e-01,  7.98234149e-02,  0.00000000e+00, ...,
         -5.42081414e-01, -5.69651700e-01, -4.93288447e-01],
        ...,
        [ 5.70149888e-02,  4.73273954e-01,  5.42081414e-01, ...,
          0.00000000e+00,  3.31638806e-02, -5.70149888e-02],
        [ 9.00935600e-02,  5.02228189e-01,  5.69651700e-01, ...,
         -3.31638806e-02,  0.00000000e+00, -9.00935600e-02],
        [ 0.00000000e+00,  4.22278714e-01,  4.93288447e-01, ...,
          5.70149888e-02,  9.00935600e-02,  0.00000000e+00]],

       ...,

       [[ 0.00000000e+00, -3.44003305e-01, -2.54478802e-01, ...,
         -9.61587315e-01, -9.99957840e-01, -9.98814039e-01],
        [ 3.44003305e-01,  0.00000000e+00,  9.37305858e-02, ...,
         -9.97328786e-01, -9.35770031e-01, -9.54603668e-01],
        [ 2.54478802e-01, -9.37305858e-02,  0.00000000e+00, ...,
         -9.99784515e-01, -9.64700822e-01, -9.78321482e-01],
        ...,
        [ 9.61587315e-01,  9.97328786e-01,  9.99784515e-01, ...,
          0.00000000e+00,  2.83317473e-01,  2.27356000e-01],
        [ 9.99957840e-01,  9.35770031e-01,  9.64700822e-01, ...,
         -2.83317473e-01,  0.00000000e+00, -5.78575171e-02],
        [ 9.98814039e-01,  9.54603668e-01,  9.78321482e-01, ...,
         -2.27356000e-01,  5.78575171e-02,  0.00000000e+00]],

       [[ 0.00000000e+00,  6.01514249e-02,  1.64704626e-01, ...,
         -5.64888496e-01, -5.38915529e-01, -5.39269023e-01],
        [-6.01514249e-02,  0.00000000e+00,  1.05076456e-01, ...,
         -5.14230646e-01, -4.87270552e-01, -4.87637016e-01],
        [-1.64704626e-01, -1.05076456e-01,  0.00000000e+00, ...,
         -4.21264915e-01, -3.92814967e-01, -3.93200900e-01],
        ...,
        [ 5.64888496e-01,  5.14230646e-01,  4.21264915e-01, ...,
          0.00000000e+00, -3.11439237e-02, -3.07244201e-02],
        [ 5.38915529e-01,  4.87270552e-01,  3.92814967e-01, ...,
          3.11439237e-02,  0.00000000e+00,  4.19704452e-04],
        [ 5.39269023e-01,  4.87637016e-01,  3.93200900e-01, ...,
          3.07244201e-02, -4.19704452e-04,  0.00000000e+00]],

       [[ 0.00000000e+00,  8.36520966e-02,  1.60233090e-01, ...,
         -9.63275662e-02, -1.00545008e-01, -9.93920180e-02],
        [-8.36520966e-02,  0.00000000e+00,  7.71002319e-02, ...,
         -1.79253028e-01, -1.83420790e-01, -1.82281532e-01],
        [-1.60233090e-01, -7.71002319e-02,  0.00000000e+00, ...,
         -2.54570894e-01, -2.58666998e-01, -2.57547467e-01],
        ...,
        [ 9.63275662e-02,  1.79253028e-01,  2.54570894e-01, ...,
          0.00000000e+00, -4.23801507e-03, -3.07922779e-03],
        [ 1.00545008e-01,  1.83420790e-01,  2.58666998e-01, ...,
          4.23801507e-03,  0.00000000e+00,  1.15879485e-03],
        [ 9.93920180e-02,  1.82281532e-01,  2.57547467e-01, ...,
          3.07922779e-03, -1.15879485e-03,  0.00000000e+00]]]), 'num': array([ 7.05107614e-01,  7.05107614e-01,  0.00000000e+00,  0.00000000e+00,
        3.22187859e-04,  3.34025432e-04,  3.21673182e-04,  7.51371423e-02,
       -2.57338545e-06,  3.17041088e-04,  3.28106645e-04,  4.14632442e-04,
        1.95329257e-06,  3.49836748e-04,  3.06376542e-04])}
{'img': array([[[ 0.00000000e+00,  2.11180683e-01,  4.11539565e-01, ...,
         -9.52026669e-01, -9.58680368e-01, -9.47171594e-01],
        [-2.11180683e-01,  0.00000000e+00,  2.09789767e-01, ...,
         -8.65931181e-01, -8.76981465e-01, -8.58078672e-01],
        [-4.11539565e-01, -2.09789767e-01,  0.00000000e+00, ...,
         -7.41732083e-01, -7.56656514e-01, -7.31252560e-01],
        ...,
        [ 9.52026669e-01,  8.65931181e-01,  7.41732083e-01, ...,
          0.00000000e+00,  2.25329342e-02, -1.54921202e-02],
        [ 9.58680368e-01,  8.76981465e-01,  7.56656514e-01, ...,
         -2.25329342e-02,  0.00000000e+00, -3.80184168e-02],
        [ 9.47171594e-01,  8.58078672e-01,  7.31252560e-01, ...,
          1.54921202e-02,  3.80184168e-02,  0.00000000e+00]],

       [[ 0.00000000e+00,  2.03120003e-01, -2.94377039e-02, ...,
         -3.14911332e-01, -3.15195601e-01, -2.54995978e-02],
        [-2.03120003e-01,  0.00000000e+00, -2.31856016e-01, ...,
         -5.01132124e-01, -5.01391299e-01, -2.28021985e-01],
        [ 2.94377039e-02,  2.31856016e-01,  0.00000000e+00, ...,
         -2.86834909e-01, -2.87121833e-01,  3.93958501e-03],
        ...,
        [ 3.14911332e-01,  5.01132124e-01,  2.86834909e-01, ...,
          0.00000000e+00, -2.99522891e-04,  2.90606727e-01],
        [ 3.15195601e-01,  5.01391299e-01,  2.87121833e-01, ...,
          2.99522891e-04,  0.00000000e+00,  2.90893310e-01],
        [ 2.54995978e-02,  2.28021985e-01, -3.93958501e-03, ...,
         -2.90606727e-01, -2.90893310e-01,  0.00000000e+00]],

       [[ 0.00000000e+00, -2.74440455e-01, -3.84300190e-01, ...,
         -9.22725455e-02, -0.00000000e+00, -1.54104161e-01],
        [ 2.74440455e-01,  0.00000000e+00, -1.16178960e-01, ...,
         -3.61999292e-01, -2.74440455e-01, -4.19349349e-01],
        [ 3.84300190e-01,  1.16178960e-01,  0.00000000e+00, ...,
         -4.67847454e-01, -3.84300190e-01, -5.21979797e-01],
        ...,
        [ 9.22725455e-02,  3.61999292e-01,  4.67847454e-01, ...,
          0.00000000e+00, -9.22725455e-02,  6.22764068e-02],
        [ 0.00000000e+00,  2.74440455e-01,  3.84300190e-01, ...,
          9.22725455e-02,  0.00000000e+00,  1.54104161e-01],
        [ 1.54104161e-01,  4.19349349e-01,  5.21979797e-01, ...,
         -6.22764068e-02, -1.54104161e-01,  0.00000000e+00]],

       ...,

       [[ 0.00000000e+00,  2.37368711e-01, -5.70754637e-01, ...,
         -9.64900597e-01, -9.78675746e-01, -9.94617177e-01],
        [-2.37368711e-01,  0.00000000e+00, -7.49350611e-01, ...,
         -9.99660054e-01, -9.99463035e-01, -9.90786299e-01],
        [ 5.70754637e-01,  7.49350611e-01,  0.00000000e+00, ...,
         -6.42410872e-01, -6.86371450e-01, -7.57560311e-01],
        ...,
        [ 9.64900597e-01,  9.99660054e-01,  6.42410872e-01, ...,
          0.00000000e+00, -5.88138594e-02, -1.61220781e-01],
        [ 9.78675746e-01,  9.99463035e-01,  6.86371450e-01, ...,
          5.88138594e-02,  0.00000000e+00, -1.02897225e-01],
        [ 9.94617177e-01,  9.90786299e-01,  7.57560311e-01, ...,
          1.61220781e-01,  1.02897225e-01,  0.00000000e+00]],

       [[ 0.00000000e+00,  1.05076456e-01,  3.20207660e-01, ...,
         -4.87270552e-01, -4.87637016e-01, -4.71999724e-01],
        [-1.05076456e-01,  0.00000000e+00,  2.18891132e-01, ...,
         -3.92814967e-01, -3.93200900e-01, -3.76751536e-01],
        [-3.20207660e-01, -2.18891132e-01,  0.00000000e+00, ...,
         -1.81992802e-01, -1.82405482e-01, -1.64853046e-01],
        ...,
        [ 4.87270552e-01,  3.92814967e-01,  1.81992802e-01, ...,
          0.00000000e+00,  4.19704452e-04, -1.74028251e-02],
        [ 4.87637016e-01,  3.93200900e-01,  1.82405482e-01, ...,
         -4.19704452e-04,  0.00000000e+00, -1.78224645e-02],
        [ 4.71999724e-01,  3.76751536e-01,  1.64853046e-01, ...,
          1.74028251e-02,  1.78224645e-02,  0.00000000e+00]],

       [[ 0.00000000e+00,  7.71002319e-02,  1.66642644e-01, ...,
         -1.83420790e-01, -1.82281532e-01, -1.87214057e-01],
        [-7.71002319e-02,  0.00000000e+00,  9.01244398e-02, ...,
         -2.58666998e-01, -2.57547467e-01, -2.62393819e-01],
        [-1.66642644e-01, -9.01244398e-02,  0.00000000e+00, ...,
         -3.44671550e-01, -3.43583531e-01, -3.48292569e-01],
        ...,
        [ 1.83420790e-01,  2.58666998e-01,  3.44671550e-01, ...,
          0.00000000e+00,  1.15879485e-03, -3.86012182e-03],
        [ 1.82281532e-01,  2.57547467e-01,  3.43583531e-01, ...,
         -1.15879485e-03,  0.00000000e+00, -5.01890544e-03],
        [ 1.87214057e-01,  2.62393819e-01,  3.48292569e-01, ...,
          3.86012182e-03,  5.01890544e-03,  0.00000000e+00]]]), 'num': array([ 7.95871696e-01,  5.16279439e-01,  3.43901915e-05, -2.22958579e-10,
        4.34149467e-04,  4.34149467e-04,  3.36959795e-04,  3.16295135e-01,
        9.98597175e-05,  3.52659666e-04,  3.45851048e-04,  4.28275366e-04,
        3.76407620e-06,  3.91723991e-04,  2.99978105e-04])}
{'img': array([[[ 0.        ,  0.20978977, -0.24067391, ..., -0.87698147,
         -0.85807867, -0.92680018],
        [-0.20978977,  0.        , -0.43894129, ..., -0.75665651,
         -0.73125256, -0.98496321],
        [ 0.24067391,  0.43894129,  0.        , ..., -0.96685314,
         -0.95644678, -0.8091716 ],
        ...,
        [ 0.87698147,  0.75665651,  0.96685314, ...,  0.        ,
         -0.03801842,  0.77470454],
        [ 0.85807867,  0.73125256,  0.95644678, ...,  0.03801842,
          0.        ,  0.79818439],
        [ 0.92680018,  0.98496321,  0.8091716 , ..., -0.77470454,
         -0.79818439,  0.        ]],

       [[ 0.        , -0.23185602, -0.16188414, ..., -0.5013913 ,
         -0.22802198,  0.54996443],
        [ 0.23185602,  0.        ,  0.07132497, ..., -0.28712183,
          0.00393959,  0.72862134],
        [ 0.16188414, -0.07132497,  0.        , ..., -0.35471234,
         -0.06739486,  0.67791397],
        ...,
        [ 0.5013913 ,  0.28712183,  0.35471234, ...,  0.        ,
          0.29089331,  0.89459661],
        [ 0.22802198, -0.00393959,  0.06739486, ..., -0.29089331,
          0.        ,  0.7259174 ],
        [-0.54996443, -0.72862134, -0.67791397, ..., -0.89459661,
         -0.7259174 ,  0.        ]],

       [[ 0.        , -0.27706026, -0.39806924, ..., -0.        ,
         -0.1555959 , -0.60701111],
        [ 0.27706026,  0.        , -0.12832313, ..., -0.27706026,
         -0.4231906 , -0.80342611],
        [ 0.39806924,  0.12832313,  0.        , ..., -0.39806924,
         -0.53595781, -0.87318788],
        ...,
        [ 0.        ,  0.27706026,  0.39806924, ...,  0.        ,
          0.1555959 ,  0.60701111],
        [ 0.1555959 ,  0.4231906 ,  0.53595781, ..., -0.1555959 ,
          0.        ,  0.47596717],
        [ 0.60701111,  0.80342611,  0.87318788, ..., -0.60701111,
         -0.47596717,  0.        ]],

       ...,

       [[ 0.        , -0.74935061, -0.87382255, ..., -0.99946303,
         -0.9907863 , -0.22844464],
        [ 0.74935061,  0.        , -0.21425413, ..., -0.68637145,
         -0.75756031,  0.57826549],
        [ 0.87382255,  0.21425413,  0.        , ..., -0.51461594,
         -0.60011058,  0.73963592],
        ...,
        [ 0.99946303,  0.68637145,  0.51461594, ...,  0.        ,
         -0.10289722,  0.98051946],
        [ 0.9907863 ,  0.75756031,  0.60011058, ...,  0.10289722,
          0.        ,  0.99552613],
        [ 0.22844464, -0.57826549, -0.73963592, ..., -0.98051946,
         -0.99552613,  0.        ]],

       [[ 0.        ,  0.21889113,  0.13799441, ..., -0.3932009 ,
         -0.37675154, -0.75969153],
        [-0.21889113,  0.        , -0.08214905, ..., -0.18240548,
         -0.16485305, -0.59892716],
        [-0.13799441,  0.08214905,  0.        , ..., -0.26255983,
         -0.24532095, -0.66268806],
        ...,
        [ 0.3932009 ,  0.18240548,  0.26255983, ...,  0.        ,
         -0.01782246,  0.44280824],
        [ 0.37675154,  0.16485305,  0.24532095, ...,  0.01782246,
          0.        ,  0.45871782],
        [ 0.75969153,  0.59892716,  0.66268806, ..., -0.44280824,
         -0.45871782,  0.        ]],

       [[ 0.        ,  0.09012444,  0.18310493, ..., -0.25754747,
         -0.26239382, -0.40055558],
        [-0.09012444,  0.        ,  0.09375905, ..., -0.34358353,
         -0.34829257, -0.48150406],
        [-0.18310493, -0.09375905,  0.        , ..., -0.43012121,
         -0.43464672, -0.56155754],
        ...,
        [ 0.25754747,  0.34358353,  0.43012121, ...,  0.        ,
         -0.00501891, -0.15105944],
        [ 0.26239382,  0.34829257,  0.43464672, ...,  0.00501891,
          0.        , -0.14609623],
        [ 0.40055558,  0.48150406,  0.56155754, ...,  0.15105944,
          0.14609623,  0.        ]]]), 'num': array([6.05384898e-01, 3.78721451e-01, 2.26663447e-05, 3.31756423e-07,
       3.77772411e-04, 3.98549894e-04, 3.58883791e-04, 7.00055986e-01,
       7.06434409e-05, 2.79400475e-04, 2.51313097e-04, 3.02595701e-04,
       3.09216359e-06, 3.17794977e-04, 1.84831216e-04])}
{'img': array([[[ 0.00000000e+00, -4.38941288e-01, -2.49337363e-01, ...,
         -7.31252560e-01, -9.84963207e-01, -5.58980994e-01],
        [ 4.38941288e-01,  0.00000000e+00,  2.01044521e-01, ...,
         -9.56446779e-01, -8.09171596e-01, -1.38291683e-01],
        [ 2.49337363e-01, -2.01044521e-01,  0.00000000e+00, ...,
         -8.78231894e-01, -9.10778227e-01, -3.34580851e-01],
        ...,
        [ 7.31252560e-01,  9.56446779e-01,  8.78231894e-01, ...,
          0.00000000e+00,  7.98184395e-01,  9.87625080e-01],
        [ 9.84963207e-01,  8.09171596e-01,  9.10778227e-01, ...,
         -7.98184395e-01,  0.00000000e+00,  7.20140329e-01],
        [ 5.58980994e-01,  1.38291683e-01,  3.34580851e-01, ...,
         -9.87625080e-01, -7.20140329e-01,  0.00000000e+00]],

       [[ 0.00000000e+00,  6.30046964e-02,  4.36664830e-03, ...,
          3.48287261e-03,  6.49730696e-01,  4.34066932e-01],
        [-6.30046964e-02,  0.00000000e+00, -5.86461230e-02, ...,
         -5.95283613e-02,  6.00545899e-01,  4.89964251e-01],
        [-4.36664830e-03,  5.86461230e-02,  0.00000000e+00, ...,
         -8.83782408e-04,  6.46405130e-01,  4.37996623e-01],
        ...,
        [-3.48287261e-03,  5.95283613e-02,  8.83782408e-04, ...,
          0.00000000e+00,  6.47079199e-01,  4.37201952e-01],
        [-6.49730696e-01, -6.00545899e-01, -6.46405130e-01, ...,
         -6.47079199e-01,  0.00000000e+00,  9.15292054e-01],
        [-4.34066932e-01, -4.89964251e-01, -4.37996623e-01, ...,
         -4.37201952e-01, -9.15292054e-01,  0.00000000e+00]],

       [[ 0.00000000e+00, -2.94555327e-01, -3.46937641e-01, ...,
         -1.57131809e-01, -6.12340052e-01, -8.98379944e-01],
        [ 2.94555327e-01,  0.00000000e+00, -5.52855888e-02, ...,
         -4.41056821e-01, -8.18047056e-01, -9.87897149e-01],
        [ 3.46937641e-01,  5.52855888e-02,  0.00000000e+00, ...,
         -4.89999926e-01, -8.48593498e-01, -9.94961609e-01],
        ...,
        [ 1.57131809e-01,  4.41056821e-01,  4.89999926e-01, ...,
          0.00000000e+00,  4.80505799e-01,  8.18204643e-01],
        [ 6.12340052e-01,  8.18047056e-01,  8.48593498e-01, ...,
         -4.80505799e-01,  0.00000000e+00,  4.41302755e-01],
        [ 8.98379944e-01,  9.87897149e-01,  9.94961609e-01, ...,
         -8.18204643e-01, -4.41302755e-01,  0.00000000e+00]],

       ...,

       [[ 0.00000000e+00, -1.57650818e-01,  8.89042023e-02, ...,
         -6.37488393e-01,  3.11105485e-01,  9.12959357e-01],
        [ 1.57650818e-01,  0.00000000e+00,  2.44818997e-01, ...,
         -5.08052908e-01,  4.57042543e-01,  9.65872224e-01],
        [-8.89042023e-02, -2.44818997e-01,  0.00000000e+00, ...,
         -7.03461183e-01,  2.25381198e-01,  8.73066799e-01],
        ...,
        [ 6.37488393e-01,  5.08052908e-01,  7.03461183e-01, ...,
          0.00000000e+00,  8.45547598e-01,  9.63526088e-01],
        [-3.11105485e-01, -4.57042543e-01, -2.25381198e-01, ...,
         -8.45547598e-01,  0.00000000e+00,  7.40707353e-01],
        [-9.12959357e-01, -9.65872224e-01, -8.73066799e-01, ...,
         -9.63526088e-01, -7.40707353e-01,  0.00000000e+00]],

       [[ 0.00000000e+00, -8.21490520e-02, -1.93265671e-01, ...,
         -1.64853046e-01, -5.98927157e-01, -9.02964114e-01],
        [ 8.21490520e-02,  0.00000000e+00, -1.12012192e-01, ...,
         -2.45320952e-01, -6.62688065e-01, -9.35212903e-01],
        [ 1.93265671e-01,  1.12012192e-01,  0.00000000e+00, ...,
         -3.52366420e-01, -7.42403089e-01, -9.68989390e-01],
        ...,
        [ 1.64853046e-01,  2.45320952e-01,  3.52366420e-01, ...,
          0.00000000e+00,  4.58717822e-01,  8.19769900e-01],
        [ 5.98927157e-01,  6.62688065e-01,  7.42403089e-01, ...,
         -4.58717822e-01,  0.00000000e+00,  4.65728271e-01],
        [ 9.02964114e-01,  9.35212903e-01,  9.68989390e-01, ...,
         -8.19769900e-01, -4.65728271e-01,  0.00000000e+00]],

       [[ 0.00000000e+00,  9.37590450e-02,  2.17915617e-01, ...,
         -3.48292569e-01, -4.81504064e-01, -7.88550978e-01],
        [-9.37590450e-02,  0.00000000e+00,  1.25449889e-01, ...,
         -4.34646716e-01, -5.61557539e-01, -8.42736290e-01],
        [-2.17915617e-01, -1.25449889e-01,  0.00000000e+00, ...,
         -5.44193289e-01, -6.60923177e-01, -9.03611651e-01],
        ...,
        [ 3.48292569e-01,  4.34646716e-01,  5.44193289e-01, ...,
          0.00000000e+00, -1.46096228e-01, -5.24987282e-01],
        [ 4.81504064e-01,  5.61557539e-01,  6.60923177e-01, ...,
          1.46096228e-01,  0.00000000e+00, -3.95010399e-01],
        [ 7.88550978e-01,  8.42736290e-01,  9.03611651e-01, ...,
          5.24987282e-01,  3.95010399e-01,  0.00000000e+00]]]), 'num': array([ 8.94327285e-01,  3.36469712e-01,  6.00492543e-05,  9.92085604e-07,
        5.43191405e-04,  5.70087857e-04,  5.37929055e-04,  2.94898263e-01,
       -4.15140901e-05,  4.67647455e-04,  3.97102737e-04,  4.66877592e-04,
        4.34266688e-06,  5.19848715e-04,  2.74356758e-04])}
{'img': array([[[ 0.        ,  0.20104452,  0.38017178, ..., -0.8091716 ,
         -0.13829168, -0.45261235],
        [-0.20104452,  0.        ,  0.1864602 , ..., -0.91077823,
         -0.33458085, -0.62264384],
        [-0.38017178, -0.1864602 ,  0.        , ..., -0.97179412,
         -0.5044271 , -0.75763034],
        ...,
        [ 0.8091716 ,  0.91077823,  0.97179412, ...,  0.        ,
          0.72014033,  0.45560177],
        [ 0.13829168,  0.33458085,  0.5044271 , ..., -0.72014033,
          0.        , -0.32494772],
        [ 0.45261235,  0.62264384,  0.75763034, ..., -0.45560177,
          0.32494772,  0.        ]],

       [[ 0.        , -0.05864612, -0.03655592, ...,  0.6005459 ,
          0.48996425,  0.50932916],
        [ 0.05864612,  0.        ,  0.02211392, ...,  0.64640513,
          0.43799662,  0.55892172],
        [ 0.03655592, -0.02211392,  0.        , ...,  0.62937426,
          0.45776941,  0.54044772],
        ...,
        [-0.6005459 , -0.64640513, -0.62937426, ...,  0.        ,
          0.91529205, -0.10955822],
        [-0.48996425, -0.43799662, -0.45776941, ..., -0.91529205,
          0.        , -0.8656533 ],
        [-0.50932916, -0.55892172, -0.54044772, ...,  0.10955822,
          0.8656533 ,  0.        ]],

       [[ 0.        , -0.05777987,  0.09483053, ..., -0.80969641,
         -0.98567186, -0.99365319],
        [ 0.05777987,  0.        ,  0.15219158, ..., -0.84225175,
         -0.99377112, -0.98549365],
        [-0.09483053, -0.15219158,  0.        , ..., -0.75039626,
         -0.9652344 , -0.99984243],
        ...,
        [ 0.80969641,  0.84225175,  0.75039626, ...,  0.        ,
          0.44186565,  0.67420472],
        [ 0.98567186,  0.99377112,  0.9652344 , ..., -0.44186565,
          0.        ,  0.27847896],
        [ 0.99365319,  0.98549365,  0.99984243, ..., -0.67420472,
         -0.27847896,  0.        ]],

       ...,

       [[ 0.        ,  0.244819  , -0.1167948 , ...,  0.45704254,
          0.96587222,  0.59269226],
        [-0.244819  ,  0.        , -0.35638407, ...,  0.2253812 ,
          0.8730668 ,  0.3774716 ],
        [ 0.1167948 ,  0.35638407,  0.        , ...,  0.55779711,
          0.98951393,  0.68270584],
        ...,
        [-0.45704254, -0.2253812 , -0.55779711, ...,  0.        ,
          0.74070735,  0.15905175],
        [-0.96587222, -0.8730668 , -0.98951393, ..., -0.74070735,
          0.        , -0.62442294],
        [-0.59269226, -0.3774716 , -0.68270584, ..., -0.15905175,
          0.62442294,  0.        ]],

       [[ 0.        , -0.17538338, -0.30936839, ..., -0.59937776,
         -0.90342291, -0.96463399],
        [ 0.17538338,  0.        , -0.13779378, ..., -0.73047602,
         -0.96461577, -0.9959122 ],
        [ 0.30936839,  0.13779378,  0.        , ..., -0.81761262,
         -0.9917449 , -0.99885858],
        ...,
        [ 0.59937776,  0.73047602,  0.81761262, ...,  0.        ,
          0.46617604,  0.61416522],
        [ 0.90342291,  0.96461577,  0.9917449 , ..., -0.46617604,
          0.        ,  0.17545141],
        [ 0.96463399,  0.9959122 ,  0.99885858, ..., -0.61416522,
         -0.17545141,  0.        ]],

       [[ 0.        ,  0.12544989,  0.27948685, ..., -0.56155754,
         -0.84273629, -0.92453921],
        [-0.12544989,  0.        ,  0.15682824, ..., -0.66092318,
         -0.90361165, -0.96504262],
        [-0.27948685, -0.15682824,  0.        , ..., -0.77043715,
         -0.95960805, -0.99420466],
        ...,
        [ 0.56155754,  0.66092318,  0.77043715, ...,  0.        ,
         -0.3950104 , -0.55099635],
        [ 0.84273629,  0.90361165,  0.95960805, ...,  0.3950104 ,
          0.        , -0.17654828],
        [ 0.92453921,  0.96504262,  0.99420466, ...,  0.55099635,
          0.17654828,  0.        ]]]), 'num': array([ 9.12502670e-01,  2.85136504e-01,  6.90931901e-05,  7.05706554e-07,
        5.50321198e-04,  5.75776584e-04,  5.36381344e-04,  2.93315623e-01,
       -1.27276929e-05,  5.18320142e-04,  4.19347177e-04,  4.82763412e-04,
        4.39586108e-06,  5.59870546e-04,  2.78823809e-04])}
{'img': array([[[ 0.        ,  0.1864602 ,  0.24933736, ..., -0.33458085,
         -0.62264384, -0.68947581],
        [-0.1864602 ,  0.        ,  0.06439344, ..., -0.5044271 ,
         -0.75763034, -0.81243889],
        [-0.24933736, -0.06439344,  0.        , ..., -0.55898099,
         -0.79808651, -0.8482971 ],
        ...,
        [ 0.33458085,  0.5044271 ,  0.55898099, ...,  0.        ,
         -0.32494772, -0.40739946],
        [ 0.62264384,  0.75763034,  0.79808651, ...,  0.32494772,
          0.        , -0.08853217],
        [ 0.68947581,  0.81243889,  0.8482971 , ...,  0.40739946,
          0.08853217,  0.        ]],

       [[ 0.        ,  0.02211392,  0.06873254, ...,  0.43799662,
          0.55892172,  0.53681865],
        [-0.02211392,  0.        ,  0.04665411, ...,  0.45776941,
          0.54044772,  0.51802991],
        [-0.06873254, -0.04665411,  0.        , ...,  0.49874976,
          0.5006055 ,  0.47755965],
        ...,
        [-0.43799662, -0.45776941, -0.49874976, ...,  0.        ,
         -0.8656533 , -0.85212414],
        [-0.55892172, -0.54044772, -0.5006055 , ...,  0.8656533 ,
          0.        , -0.02641995],
        [-0.53681865, -0.51802991, -0.47755965, ...,  0.85212414,
          0.02641995,  0.        ]],

       [[ 0.        ,  0.15219158,  0.33506073, ..., -0.99377112,
         -0.98549365, -0.91399316],
        [-0.15219158,  0.        ,  0.18776324, ..., -0.9652344 ,
         -0.99984243, -0.96509469],
        [-0.33506073, -0.18776324,  0.        , ..., -0.8989884 ,
         -0.98539262, -0.99710524],
        ...,
        [ 0.99377112,  0.9652344 ,  0.8989884 , ...,  0.        ,
          0.27847896,  0.50505811],
        [ 0.98549365,  0.99984243,  0.98539262, ..., -0.27847896,
          0.        ,  0.24472808],
        [ 0.91399316,  0.96509469,  0.99710524, ..., -0.50505811,
         -0.24472808,  0.        ]],

       ...,

       [[ 0.        , -0.35638407, -0.35638407, ...,  0.8730668 ,
          0.3774716 ,  0.30519902],
        [ 0.35638407,  0.        ,  0.        , ...,  0.98951393,
          0.68270584,  0.62454   ],
        [ 0.35638407,  0.        ,  0.        , ...,  0.98951393,
          0.68270584,  0.62454   ],
        ...,
        [-0.8730668 , -0.98951393, -0.98951393, ...,  0.        ,
         -0.62442294, -0.68259632],
        [-0.3774716 , -0.68270584, -0.68270584, ...,  0.62442294,
          0.        , -0.07684115],
        [-0.30519902, -0.62454   , -0.62454   , ...,  0.68259632,
          0.07684115,  0.        ]],

       [[ 0.        , -0.25786876, -0.47735545, ..., -0.90552689,
         -0.96618727, -0.99054371],
        [ 0.25786876,  0.        , -0.23461933, ..., -0.98431278,
         -1.        , -0.99242243],
        [ 0.47735545,  0.23461933,  0.        , ..., -0.9982324 ,
         -0.97208067, -0.93589294],
        ...,
        [ 0.90552689,  0.98431278,  0.9982324 , ...,  0.        ,
          0.17646022,  0.2960406 ],
        [ 0.96618727,  1.        ,  0.97208067, ..., -0.17646022,
          0.        ,  0.12284461],
        [ 0.99054371,  0.99242243,  0.93589294, ..., -0.2960406 ,
         -0.12284461,  0.        ]],

       [[ 0.        ,  0.15682824,  0.38560115, ..., -0.90361165,
         -0.96504262, -0.98991194],
        [-0.15682824,  0.        ,  0.23612966, ..., -0.95960805,
         -0.99420466, -0.99988271],
        [-0.38560115, -0.23612966,  0.        , ..., -0.99890463,
         -0.99147496, -0.96799117],
        ...,
        [ 0.90361165,  0.95960805,  0.99890463, ...,  0.        ,
         -0.17654828, -0.2960041 ],
        [ 0.96504262,  0.99420466,  0.99147496, ...,  0.17654828,
          0.        , -0.12271791],
        [ 0.98991194,  0.99988271,  0.96799117, ...,  0.2960041 ,
          0.12271791,  0.        ]]]), 'num': array([ 9.42663545e-01,  2.30641775e-01,  8.14670217e-05,  6.37760963e-07,
        5.63308362e-04,  5.92311653e-04,  5.41394765e-04,  2.41221015e-01,
       -2.19135976e-05,  5.83159504e-04,  4.52805824e-04,  5.11435439e-04,
        4.39678925e-06,  6.10343363e-04,  2.95268284e-04])}
{'img': array([[[ 0.        ,  0.06439344, -0.22367707, ..., -0.75763034,
         -0.81243889, -0.88551568],
        [-0.06439344,  0.        , -0.28597477, ..., -0.79808651,
         -0.8482971 , -0.91359568],
        [ 0.22367707,  0.28597477,  0.        , ..., -0.59244408,
         -0.66144028, -0.75915716],
        ...,
        [ 0.75763034,  0.79808651,  0.59244408, ...,  0.        ,
         -0.08853217, -0.22595958],
        [ 0.81243889,  0.8482971 ,  0.66144028, ...,  0.08853217,
          0.        , -0.13882988],
        [ 0.88551568,  0.91359568,  0.75915716, ...,  0.22595958,
          0.13882988,  0.        ]],

       [[ 0.        ,  0.04665411, -0.19807068, ...,  0.54044772,
          0.51802991,  0.38369155],
        [-0.04665411,  0.        , -0.24358479, ...,  0.5006055 ,
          0.47755965,  0.34019048],
        [ 0.19807068,  0.24358479,  0.        , ...,  0.69639246,
          0.6771888 ,  0.55900036],
        ...,
        [-0.54044772, -0.5006055 , -0.69639246, ...,  0.        ,
         -0.02641995, -0.17625309],
        [-0.51802991, -0.47755965, -0.6771888 , ...,  0.02641995,
          0.        , -0.15018521],
        [-0.38369155, -0.34019048, -0.55900036, ...,  0.17625309,
          0.15018521,  0.        ]],

       [[ 0.        ,  0.18776324, -0.0426108 , ..., -0.99984243,
         -0.96509469, -0.88233757],
        [-0.18776324,  0.        , -0.22944564, ..., -0.98539262,
         -0.99710524, -0.95500917],
        [ 0.0426108 ,  0.22944564,  0.        , ..., -0.99817792,
         -0.95305832, -0.86148281],
        ...,
        [ 0.99984243,  0.98539262,  0.99817792, ...,  0.        ,
          0.24472808,  0.45488012],
        [ 0.96509469,  0.99710524,  0.95305832, ..., -0.24472808,
          0.        ,  0.22310477],
        [ 0.88233757,  0.95500917,  0.86148281, ..., -0.45488012,
         -0.22310477,  0.        ]],

       ...,

       [[ 0.        ,  0.        , -0.01672544, ...,  0.68270584,
          0.62454   ,  0.48509915],
        [ 0.        ,  0.        , -0.01672544, ...,  0.68270584,
