psbl_qty,qty,evlu_rate,stck_clpr,stck_hgpr,stck_lwpr,acml_vol,prdy_vrss,5,20,60,rsi,bb_upper,bb_lower
0.006142041,0.0,0.0,0.14415711,0.15802851,0.14327918,0.8996001,-0.012115519,0.15395488,0.15819532,0.1591903,9.469873e-05,0.16628414,0.15010649
0.008796051,0.0,0.0,0.21262653,0.21543433,0.2105845,0.77735037,0.0030630473,0.22079466,0.22888622,0.23103034,0.00012909394,0.24266814,0.2151043
0.009547276,0.0,0.0,0.24308878,0.24564761,0.23768681,0.71000123,0.006254916,0.24411231,0.25407752,0.2570439,0.00016246535,0.27003798,0.2381171
0.007829195,0.0011648055,-9.778197e-09,0.2257808,0.23109955,0.22072798,0.75444824,-0.001595624,0.22594036,0.23692358,0.24019903,0.00015031241,0.25265294,0.2211942
0.009777728,0.00053888274,-1.7280606e-06,0.2487842,0.25507116,0.24788606,0.68071663,-0.005388827,0.25081998,0.26553446,0.2700551,0.00015490272,0.28465867,0.24641025
0.009914697,0.00024211715,-9.039349e-07,0.25846004,0.2587627,0.25301242,0.66823125,0.006960868,0.25555465,0.26773617,0.27278534,0.0002292776,0.2874489,0.24802344
0.011655208,0.00016226983,-1.0260418e-06,0.301963,0.30478507,0.29526055,0.4962776,0.00070552103,0.29949367,0.3112406,0.317702,0.0002859217,0.33441898,0.2880622
0.008751585,3.1727803e-05,-7.186112e-07,0.22817577,0.22844018,0.22341661,0.75878626,0.0018507885,0.22489724,0.23253834,0.23796292,0.00021430184,0.24944952,0.21562718
0.010291247,1.848727e-05,-8.546972e-07,0.26405984,0.26991412,0.2609786,0.65144205,-0.001848727,0.26258084,0.2698217,0.27710363,0.00025511108,0.28821123,0.25143215
0.010644175,0.00043026826,-9.215688e-07,0.28364608,0.28794876,0.2793434,0.5820801,0.0,0.28377846,0.2886438,0.29754153,0.00026550787,0.30680817,0.2704794
0.009948543,0.0009526561,-1.3865705e-06,0.26853395,0.27524728,0.2538285,0.63175803,-0.0054346155,0.27320132,0.27738917,0.28716615,0.00023572604,0.29342327,0.26135507
0.005888762,0.006241943,-7.09204e-07,0.30705172,0.3084933,0.29948354,0.47868353,0.0043246723,0.30770043,0.31180885,0.32353953,0.00029885944,0.32910994,0.29450777
0.008726744,0.0032823405,-9.843344e-07,0.30397326,0.30540037,0.29683775,0.49635407,0.0,0.30383056,0.30796915,0.319939,0.00028109635,0.3246266,0.2913117
0.010794059,0.001623557,-1.0356187e-08,0.31766856,0.32471138,0.31173778,0.4245861,0.0018533756,0.3156669,0.31918833,0.33205077,0.00030920637,0.33540323,0.30297345
0.0061102672,0.004388976,1.2246084e-06,0.27629587,0.28137717,0.26994425,0.62695026,0.004128559,0.27127808,0.2731677,0.2840184,0.00042640307,0.28652918,0.2598062
0.01085701,0.0009824041,5.1595534e-06,0.31855896,0.32253194,0.3167531,0.4508729,0.0043341354,0.3115521,0.31046858,0.32259816,0.00048493824,0.32513332,0.29580384
0.010425605,0.0014477986,5.4681595e-06,0.32229888,0.32411772,0.31756988,0.43719152,0.001455074,0.3162603,0.31258625,0.32465732,0.00045398308,0.32703498,0.29813755
0.010861329,0.0015997306,6.0704415e-06,0.34022978,0.34405687,0.33563724,0.31472594,0.001148132,0.3355607,0.32890153,0.3412376,0.00050818955,0.34421265,0.31359044
0.00092851574,0.010078265,6.3035293e-07,0.2714619,0.28854918,0.2708171,0.6151417,-0.015152861,0.28171426,0.27623343,0.28706613,0.0003458875,0.28827345,0.26419342
0.0036862493,0.008341819,2.6603208e-05,0.30989963,0.3113147,0.29362637,0.50023323,0.012028068,0.30954587,0.3028597,0.31474626,0.0004018091,0.315347,0.29037237
0.010118017,0.0036049942,1.5081206e-05,0.3420739,0.3492839,0.3420739,0.20330566,-0.008812209,0.34824243,0.34357598,0.35597983,0.00039615322,0.3561763,0.33097568
0.005228933,0.0080946395,1.7447677e-05,0.3395666,0.3407443,0.33289304,0.28143594,0.004318188,0.33964512,0.3373486,0.34844503,0.00039678364,0.34890965,0.32578757
0.01237851,0.0010100112,6.0356956e-06,0.33118972,0.33901927,0.32962382,0.3068555,-0.0074380673,0.3353394,0.33623978,0.34707063,0.00036983777,0.3479734,0.32450616
0.007892217,0.004252461,7.2325374e-06,0.3176581,0.32021102,0.3045287,0.45260623,0.009117626,0.3145216,0.31364632,0.32329276,0.0003874991,0.32460693,0.30268574
0.001063246,0.00854141,1.348562e-05,0.26669756,0.26728824,0.25783718,0.6790539,0.009451076,0.25630137,0.2550609,0.261972,0.00037319888,0.2646447,0.24547713
6.340315e-05,0.009268388,3.4625496e-05,0.27090436,0.27378634,0.2625467,0.6811228,0.010663257,0.25505358,0.25012544,0.2559278,0.0003842615,0.26341987,0.236831
0.005052717,0.0058914544,3.1772193e-05,0.31418836,0.32196698,0.30674794,0.5094789,-0.0037202067,0.3036365,0.29475874,0.3006716,0.00043289678,0.3126322,0.27688527
0.0039143153,0.0062915306,1.9032137e-05,0.28066075,0.29217345,0.2763046,0.61683756,-0.008401154,0.28283882,0.2717929,0.27698913,0.00035829833,0.28868884,0.2548969
0.0036588416,0.005834525,1.4805531e-05,0.2582542,0.2605626,0.25681144,0.68697345,-0.0020198652,0.26367897,0.25259858,0.25697494,0.00031334188,0.2683297,0.23686743
0.005114561,0.0052931244,2.4770852e-05,0.2914407,0.29622364,0.28155595,0.58831483,0.0060583954,0.2920784,0.28004134,0.28392082,0.0003531032,0.29799408,0.26208863
0.005711,0.0055045784,2.7500218e-05,0.31513712,0.31926554,0.30963254,0.48350152,0.0006880723,0.31348574,0.30345708,0.30623806,0.00037890466,0.32262638,0.2842878
0.011382162,0.00076926686,3.013557e-05,0.3428092,0.34841067,0.33422032,0.3076694,0.00074686104,0.33944833,0.3306167,0.3325274,0.0004101406,0.3515385,0.30969492
0.009543292,0.0021899198,2.676257e-05,0.3109966,0.32044193,0.30959728,0.46620104,-0.0101449955,0.3170836,0.3103669,0.3113989,0.00040918443,0.32922333,0.29151046
0.0018027382,0.010461792,2.9959861e-05,0.3324722,0.33653575,0.32840866,0.3510094,0.0040635495,0.33520588,0.32853797,0.3287781,0.0004043188,0.34786543,0.3092105
0.006653238,0.00536458,2.6001e-05,0.3243363,0.32578424,0.32144043,0.4025245,-0.0014479299,0.32715976,0.32239968,0.32200754,0.00042640307,0.34108484,0.30371454
0.0109866215,0.0016556229,2.777838e-05,0.34256896,0.34295043,0.3318875,0.27214777,0.0007629598,0.34340823,0.34007028,0.33918652,0.00043693735,0.35973698,0.32040355
0.0050764964,0.007603328,2.6967879e-05,0.3394479,0.344395,0.3379257,0.2746255,-0.0022832819,0.34058952,0.33935276,0.3379574,0.0004623468,0.35894835,0.31975716
0.0031871712,0.008221683,1.1724736e-05,0.2930032,0.30180007,0.2889431,0.53444326,-0.008796863,0.3012587,0.3013264,0.3000125,0.00033047248,0.31915718,0.28349558
0.0036318093,0.009371915,9.425744e-06,0.33086398,0.3374043,0.326632,0.29151425,-0.0023083533,0.33948183,0.34298283,0.34061036,0.00029719542,0.36217672,0.32378894
0.0028410247,0.010451194,1.0300711e-05,0.3387981,0.34076557,0.3325022,0.22215082,0.00039349374,0.34446442,0.35050455,0.34790748,0.00019031722,0.37066415,0.33034495
0.0026452227,0.010223634,2.9184748e-06,0.32343167,0.3279924,0.32001114,0.3461517,-0.0038006073,0.3291326,0.33848208,0.33563164,0.00018502957,0.35812268,0.3188415
0.0018770767,0.010980136,1.8646566e-05,0.33306667,0.33650035,0.3216211,0.32132348,0.008393433,0.32894626,0.33993402,0.33663386,0.00030625387,0.35939077,0.32047728
0.010816682,0.0015305238,3.0331312e-05,0.32781172,0.32781172,0.3153026,0.3921967,0.006622459,0.31905535,0.3286395,0.32447594,0.00035860008,0.34580007,0.31147894
0.01075518,0.00148249,2.7004937e-05,0.30932724,0.31930554,0.3064763,0.4574836,-0.008196459,0.30961233,0.31827208,0.31407884,0.0002551769,0.33500224,0.30154192
0.0130958585,0.0004897124,2.9584073e-05,0.34200883,0.3427987,0.33134574,0.2102762,-0.00078985875,0.34350958,0.3519808,0.3477748,0.00027303759,0.37099308,0.33296853
0.011504739,0.0017848185,2.8928289e-05,0.33455688,0.3368748,0.32992098,0.2881825,0.0,0.3371839,0.34288216,0.3399783,0.00026076892,0.35978797,0.32597637
0.0131593915,0.00046997826,2.7684142e-05,0.33446786,0.34230083,0.32780984,0.26254553,-0.004699783,0.3403426,0.34613898,0.34434393,0.00029579052,0.36247706,0.3298009
0.012368266,0.00010221707,2.6289943e-05,0.3179681,0.32198378,0.3095717,0.43011484,0.0062060365,0.31577775,0.32207504,0.32067564,0.00029400882,0.33711427,0.3070358
0.011029047,8.1510865e-05,2.2380811e-05,0.2630293,0.27713695,0.26208878,0.6391643,-0.010032107,0.26936206,0.2757105,0.2748954,0.00021254462,0.2897567,0.26166433
0.006834982,0.0026679493,1.859832e-05,0.21490358,0.2217176,0.21071033,0.7745754,-0.004979473,0.22276591,0.22925232,0.22932659,0.00015670616,0.24205703,0.21644762
0.011537842,0.0022279443,2.9450168e-05,0.31734806,0.3184965,0.31122315,0.38891792,0.0034452747,0.32255426,0.33319634,0.3343384,0.00026038734,0.35191,0.3144827
0.011560606,0.0022427575,3.0270701e-05,0.3209995,0.32523838,0.31753132,0.3714885,0.0015414142,0.3230804,0.33377397,0.3361182,0.00031268687,0.35161757,0.31593034
0.009156277,0.003610828,2.4588164e-05,0.28390747,0.2922885,0.28285983,0.5525126,-0.0069841933,0.28872657,0.30114096,0.30413252,0.0002623692,0.3187645,0.28351742
0.00876537,0.002261441,2.4009105e-05,0.25144055,0.25387874,0.24443069,0.6879413,0.003657317,0.25113577,0.26168102,0.26505896,0.00024991666,0.2768776,0.24648446
0.010840176,0.0005963038,2.3264258e-05,0.25641063,0.2611183,0.25641063,0.6654311,-0.0025107528,0.25841925,0.26822686,0.27256837,0.0002599517,0.283888,0.2525657
0.013256287,0.00072921097,2.844951e-05,0.3135607,0.31816626,0.30742,0.41868222,0.0,0.31509587,0.32645622,0.33283362,0.00026167856,0.3449906,0.30792183
0.013749671,0.0003501614,2.9061217e-05,0.3198141,0.32253757,0.313589,0.3919551,0.0019453411,0.31856906,0.3295797,0.33695254,0.00022437064,0.34742582,0.31173357
0.012649411,0.00020124063,2.7078167e-05,0.29934546,0.30365774,0.29647058,0.518245,0.003952941,0.29568,0.30381945,0.3108988,0.0002760633,0.32013524,0.2875037
0.011330436,0.0013126285,2.740239e-05,0.30652037,0.30796283,0.29930815,0.5060832,0.0061304076,0.29851478,0.3046993,0.3117192,0.0003258544,0.32091558,0.28848302
0.009643975,0.0005019169,2.4990997e-05,0.2632076,0.26350638,0.25454357,0.688875,0.0092615625,0.2511377,0.2527361,0.25820836,0.0003215083,0.2668336,0.23863858
0.011888358,0.00060965936,2.9803692e-05,0.31499067,0.31934538,0.3084586,0.47509158,-0.0047176024,0.30874893,0.30729735,0.31392014,0.00038855153,0.32476088,0.2898338
0.011542725,0.00059593667,2.9381847e-05,0.31002894,0.3135762,0.3036439,0.50426173,0.0021283452,0.30548847,0.3003982,0.30709657,0.00036041497,0.31750792,0.28328845
0.013302493,0.0005152932,3.2029056e-05,0.33969715,0.3523813,0.33731887,0.27118692,-0.00673845,0.34326455,0.33500004,0.34317204,0.00043786096,0.35248443,0.31751567
0.009845252,0.0021566444,2.7491831e-05,0.29166046,0.2978223,0.27967912,0.56659496,-0.0017116225,0.29658994,0.28904167,0.29639024,0.00041165604,0.3037581,0.27432525
0.005993386,0.0009149566,2.3070774e-05,0.19306424,0.1932741,0.17795487,0.85535854,0.014269966,0.18345301,0.1777555,0.18200502,0.0002978551,0.18899739,0.16651364
0.010896406,3.3301974e-05,3.6765177e-05,0.30737722,0.30970836,0.30071682,0.554358,0.0009990592,0.29478908,0.2830335,0.289211,0.00047177798,0.3038816,0.26218536
0.011031904,0.0010428875,3.907089e-05,0.31570402,0.32776463,0.31499457,0.47349218,-0.011705879,0.31513646,0.3021181,0.3082607,0.00047399747,0.32517362,0.2790626
0.01236788,0.0005874934,4.212071e-05,0.34028837,0.34410328,0.3357105,0.32778317,0.00076297845,0.34158543,0.32531494,0.33170488,0.00049820053,0.35082155,0.2998083
0.01252585,0.00010705854,4.323152e-05,0.3509991,0.3532932,0.3364697,0.28918043,0.00994115,0.347405,0.3275609,0.33284372,0.0005452952,0.35519004,0.2999318
0.013045173,3.14531e-05,4.4399796e-05,0.35856533,0.36210382,0.35542002,0.1534754,-0.0023589823,0.3565995,0.33863193,0.342616,0.0005468697,0.36773464,0.30952922
0.011947882,1.4308842e-05,4.038583e-05,0.324453,0.33053425,0.32016033,0.4382512,-0.0017886052,0.3233083,0.30950025,0.3121295,0.00048284983,0.33633512,0.28266534
0.012545338,7.306545e-06,4.1219395e-05,0.32258397,0.33135182,0.32075733,0.41194302,-0.0087678535,0.3296713,0.31699446,0.31895503,0.00043668022,0.3439853,0.29000363
0.011237292,6.533309e-06,3.6856327e-05,0.28779227,0.29203892,0.28321895,0.58282995,-0.0006533309,0.29406422,0.28455827,0.2853586,0.00036868465,0.30730593,0.2618106
0.012698621,7.289679e-06,4.1117648e-05,0.31710103,0.3207459,0.31491414,0.4304264,-0.0040093237,0.3246094,0.31832206,0.31847394,0.00034634222,0.34251046,0.29413366
0.011322995,0.0012412716,4.069586e-05,0.3142871,0.3175346,0.3092354,0.4506682,0.00036083476,0.3184006,0.3161093,0.3152914,0.00036601422,0.3381793,0.2940393
0.011919574,0.00031459285,3.8916285e-05,0.30270824,0.3034073,0.29117316,0.5110246,-0.001747738,0.3055745,0.3070776,0.30533564,0.00033610346,0.32634968,0.2878055
0.0062911646,0.0042717066,3.178001e-05,0.24268414,0.2508318,0.24006525,0.7041856,-0.009311622,0.2515302,0.25580773,0.25393084,0.00026097594,0.27119425,0.24042118
0.0069950907,0.006062901,5.0956503e-05,0.3167242,0.32002723,0.30938414,0.43021643,0.010643108,0.31591678,0.32318348,0.32010674,0.000383348,0.34121436,0.30515257
0.008569014,0.0050736573,5.59778e-05,0.33452263,0.339527,0.3291333,0.30923903,0.0023097075,0.33128905,0.33935377,0.3359341,0.00027882957,0.35761276,0.32109478
0.011037914,0.0028003165,5.4185442e-05,0.33564904,0.33953837,0.33487117,0.28350094,-0.002333597,0.3340933,0.3425137,0.33932444,0.00026480533,0.36122826,0.32379916
0.010228024,0.0038462363,5.140346e-05,0.33079192,0.34093413,0.32806134,0.29229057,-0.0058512725,0.33367854,0.34313813,0.3402905,0.00029371094,0.36261314,0.3236631
0.011047315,0.0035033936,5.0851708e-05,0.33711144,0.34111992,0.33470637,0.2126568,-0.0028059217,0.34344482,0.35194275,0.34951764,0.00028402798,0.3730548,0.3308307
0.011055719,0.0025461656,4.5570167e-05,0.3104535,0.3160372,0.31008127,0.42582756,-0.002605725,0.3167817,0.32640427,0.3245058,0.00017180604,0.34702185,0.3057867
0.00706047,0.007654265,5.1685656e-05,0.3432625,0.34773627,0.34122893,0.13597098,0.004067091,0.3440759,0.35646018,0.35436565,0.00023385773,0.37932068,0.33359972
0.0074975356,0.00688065,4.5535588e-05,0.3301921,0.33651912,0.3301921,0.28620338,-0.0035589568,0.33232749,0.34490246,0.3440984,0.000221832,0.3667465,0.32305843
0.0026962112,0.011774797,5.507612e-05,0.34326392,0.34326392,0.33320343,0.22092031,0.0072435527,0.33859584,0.3495819,0.3495886,0.0003260108,0.36994308,0.32922074
0.005304779,0.008747408,5.7262463e-05,0.33565637,0.33917725,0.33448276,0.29989216,0.0019560396,0.33049244,0.33921638,0.3393859,0.00033532106,0.35870606,0.31972668
0.009914543,0.0037471692,4.181825e-05,0.31515428,0.32156292,0.3110075,0.41589054,-0.008293534,0.31862247,0.32582277,0.32662702,0.00030245972,0.34474713,0.30689844
0.007906948,0.0039470354,3.1695923e-05,0.2633503,0.27075502,0.2633503,0.63803536,-0.005794995,0.2704331,0.2766466,0.27853,0.00023166352,0.2919924,0.26130083
0.009126937,6.192598e-05,1.2015518e-05,0.18172894,0.19601956,0.18053806,0.8312325,-0.013099727,0.19663882,0.20289096,0.20545931,0.0001355316,0.21667501,0.1891069
0.014677687,9.790145e-05,1.890722e-05,0.28240803,0.29106855,0.2778895,0.507009,-0.0048950724,0.30311796,0.31780317,0.32377765,0.00023277267,0.343256,0.29235035
0.009667019,0.005028025,1.8292929e-05,0.2697517,0.27599084,0.25984243,0.56385076,-0.005505136,0.2864139,0.3070398,0.3144595,0.0001389646,0.33645132,0.2776283
0.009736408,0.00509896,2.0326408e-05,0.27541828,0.28174543,0.27318513,0.5482089,0.0018609342,0.28330863,0.3087476,0.31797165,0.00013798146,0.34139708,0.27609813
0.008257274,0.007013128,7.138137e-06,0.26030776,0.26660255,0.24808848,0.5874365,-0.013700409,0.27334166,0.304075,0.3151279,0.00011924313,0.34164032,0.2665097
0.008977689,0.008556353,-2.3721926e-05,0.26090395,0.28885794,0.26049882,0.50038457,-0.02390269,0.2894251,0.3280948,0.34308463,0.00010996395,0.37863213,0.2775575
0.009167873,0.0057004904,5.1996226e-06,0.24756823,0.2497086,0.23329918,0.64694506,0.017836329,0.2508501,0.28582716,0.30088103,0.00019437732,0.33277264,0.23888169
0.010337488,0.006726102,2.1123647e-05,0.30557886,0.30684158,0.28874254,0.41634485,0.01346904,0.29522452,0.33497924,0.35384992,0.00029028102,0.39163798,0.2783205
0.00809566,0.0052425927,1.3113038e-05,0.23405598,0.24580775,0.22948585,0.7090493,-0.002937941,0.22746193,0.2574126,0.27362025,0.00020696352,0.30151024,0.21331498
0.0074531813,0.0054746307,1.7870978e-05,0.23403245,0.2385146,0.23243168,0.7214923,0.004482154,0.22487605,0.25024825,0.2676646,0.00022556292,0.2925111,0.20798537
0.011555374,0.0057120807,3.936452e-05,0.33240286,0.33240286,0.31447062,0.30615178,0.012683794,0.31735727,0.33961952,0.36492878,0.00032531816,0.39509895,0.28414008
0.011120751,0.005266026,2.455568e-05,0.29354265,0.30644563,0.29313943,0.48914367,-0.012902974,0.29531682,0.3106794,0.335605,0.00026881194,0.36070803,0.2606508
0.0023329859,0.013033315,1.8630717e-05,0.26769516,0.26919067,0.26320866,0.6054098,-0.004486511,0.27307898,0.28573468,0.31020486,0.00025580983,0.33127692,0.24019243
0.012141027,0.0047109495,5.3868902e-05,0.3099309,0.3140633,0.2995999,0.4526148,0.014050201,0.30455875,0.31408396,0.3418951,0.0003422806,0.36269033,0.26547763
0.014069644,0.0016452704,3.4995737e-05,0.26043966,0.2781466,0.25564402,0.62326974,-0.016231367,0.27003092,0.27783304,0.30420902,0.00031427914,0.3196002,0.23606591
0.017268876,0.002019381,4.295326e-05,0.31965986,0.32871538,0.31467932,0.31235206,0.0,0.32654205,0.33808783,0.37217432,0.00039922184,0.38718355,0.28899214
0.018396813,0.0011378535,4.225809e-05,0.31859896,0.3236055,0.31040642,0.32941312,-0.0027308483,0.32569918,0.33637223,0.3728594,0.0004112572,0.38119796,0.2915465
0.018722853,0.00046465473,4.3350734e-05,0.3252583,0.32981375,0.31796962,0.32100353,0.006377614,0.32580498,0.3333898,0.3721262,0.00042370477,0.37092203,0.29585752
0.01927889,0.00041831553,4.2620013e-05,0.3155554,0.32328513,0.3155554,0.3587783,-0.009093815,0.3201023,0.32953715,0.37008798,0.00044316342,0.36072093,0.29835334
0.020278867,3.774568e-05,4.431499e-05,0.32933107,0.332162,0.32697195,0.26663548,0.001887284,0.33140707,0.33912134,0.38292208,0.00055674877,0.3648066,0.31343612
0.020656485,3.832372e-05,4.4988297e-05,0.33341637,0.34012303,0.33150017,0.21519727,-0.00095809303,0.33552417,0.34270987,0.3877961,0.00048284844,0.36727968,0.31814006
0.020759253,9.56207e-06,4.4886834e-05,0.33084762,0.33801916,0.3255885,0.24498023,-0.001912414,0.33409873,0.34064874,0.3859411,0.0004055342,0.36439562,0.31690186
0.020347835,9.468513e-06,4.445227e-05,0.33092454,0.33471194,0.32571685,0.27837428,0.0033139796,0.32940957,0.3364636,0.38110766,0.00043503978,0.3596046,0.31332263
0.020751487,9.724221e-06,4.565614e-05,0.34229258,0.34520984,0.33937532,0.15162978,0.0024310553,0.33927807,0.344675,0.39051664,0.00042457867,0.36755052,0.32179952
0.010124878,0.009078402,4.1928786e-05,0.31304836,0.31796768,0.31036508,0.4198247,-0.0017888477,0.31224337,0.31696147,0.3582615,0.0003044847,0.33804384,0.2958791
0.009924089,0.00909111,5.1483737e-05,0.32020414,0.32065195,0.30990386,0.40690556,0.006717569,0.31438223,0.31899497,0.35800165,0.00041379177,0.3353961,0.3025938
0.007827887,0.010122119,6.334953e-05,0.3170681,0.318357,0.30804583,0.4569733,0.009881525,0.30555397,0.30697176,0.3428818,0.00048156505,0.32297227,0.29097122
0.012359913,0.007918368,4.8993275e-05,0.3395633,0.35245812,0.3395633,0.18660222,-0.012894809,0.34080502,0.34087667,0.38026953,0.0003711522,0.358494,0.32325932
0.0033698452,0.010790112,2.96591e-05,0.23126388,0.23754105,0.23060313,0.7387692,-0.0036341466,0.2354927,0.23552574,0.2623248,0.0003164174,0.24785885,0.22319265
0.004809441,0.015613952,5.3791755e-05,0.33943373,0.33991182,0.32939413,0.22884527,0.004780757,0.34172848,0.34031817,0.37848455,0.0004906566,0.35772243,0.3229139
0.008196318,0.0005488605,1.1298843e-05,0.13945124,0.14168733,0.13823155,0.9124542,-0.0048787603,0.14412671,0.14395392,0.16027406,0.00018654084,0.1501881,0.13771974
0.016901582,0.0011731175,2.6192136e-05,0.30892098,0.3193487,0.29849327,0.46840414,0.0108622,0.30570576,0.30731335,0.3414279,0.00042728655,0.32005832,0.2945684
0.012485984,0.0003753302,1.9345605e-05,0.2251981,0.23677078,0.223947,0.76624906,0.0028149763,0.22063158,0.22128841,0.24498112,0.00036061136,0.2305531,0.21202372
0.01781642,0.00054318353,2.8375514e-05,0.33043665,0.33541584,0.32862604,0.366323,0.0045265295,0.3220173,0.3197993,0.35358232,0.0005349535,0.3310101,0.3085885
0.018566456,0.0005608914,3.0034713e-05,0.34984413,0.35364679,0.3446155,0.20026675,0.0028519903,0.3406227,0.33653483,0.37037846,0.00058096094,0.34979653,0.32327315
0.019514795,0.0002596843,2.9728762e-05,0.34624574,0.35730636,0.34576485,0.15293482,-0.0076943496,0.34788078,0.3408116,0.37311184,0.00055102765,0.35445112,0.3271721
0.018757973,0.00023059447,2.69296e-05,0.30642456,0.3259364,0.30465075,0.4373845,-0.0128600765,0.31901857,0.3140741,0.3423441,0.00042687327,0.32701153,0.30113667
0.020711781,0.00023547265,2.9824896e-05,0.33996364,0.34339762,0.3375108,0.16048442,0.000981136,0.35026556,0.3469297,0.3771078,0.00046499338,0.3615371,0.33232233
0.016585505,0.004806251,2.971064e-05,0.33535418,0.34618795,0.33535418,0.17026734,-0.0059093246,0.34677887,0.34793612,0.37681794,0.0004497203,0.36341003,0.3324622
0.016815327,0.00368475,3.8926166e-05,0.34605458,0.34605458,0.33143255,0.19846961,0.014134623,0.34069318,0.34466547,0.37126946,0.00047694158,0.3598745,0.32945648
0.009918591,0.009608928,3.965143e-05,0.3373447,0.33922145,0.32561505,0.3146361,0.004222674,0.32786715,0.33232442,0.35588536,0.00042848033,0.3469495,0.31769934
0.00747666,0.012451551,3.760617e-05,0.3413673,0.34948373,0.3389801,0.24229917,-0.0019097471,0.33592454,0.33871752,0.36061594,0.0004871804,0.3532161,0.32421893
0.01300204,0.0051502716,3.618461e-05,0.31285068,0.31372213,0.3080577,0.4668621,0.0013071756,0.30875486,0.30953917,0.32791224,0.00047744357,0.32269317,0.29638517
0.01353457,0.0064016143,3.6304926e-05,0.337177,0.34145108,0.33385274,0.2720591,-0.0037991775,0.33926657,0.33750942,0.35603833,0.00047489718,0.3517788,0.32324007
0.017885182,0.0019357862,2.6369233e-05,0.31954366,0.33065823,0.316765,0.36749372,-0.009262135,0.32899103,0.3288984,0.34580952,0.0004732849,0.3432819,0.31451494
0.017050322,0.0017808683,2.1282563e-05,0.283746,0.29311898,0.2807637,0.5402933,-0.010225081,0.2981463,0.30153337,0.31667927,0.00032012226,0.3170519,0.28601485
0.014962061,0.006134635,2.2965112e-05,0.31336892,0.32379875,0.31242073,0.36685497,-0.0023704153,0.32664323,0.33370706,0.35076618,0.00031605538,0.3521997,0.31521443
0.009710333,0.012788478,2.4939856e-05,0.3351533,0.34072232,0.3336345,0.15408953,0.0005062739,0.34315243,0.3551258,0.3731323,0.00030135352,0.3768342,0.33341742
0.0058698934,0.0118031595,1.5319481e-05,0.25982794,0.26260048,0.24952987,0.6450228,-0.002376475,0.2641848,0.27695835,0.29055047,0.00020747003,0.29567054,0.25824618
0.012912926,0.0078115235,3.5174777e-05,0.31602442,0.31696218,0.3010203,0.41566122,0.008439821,0.31124187,0.32701963,0.3424301,0.00034200583,0.34962034,0.30441892
0.018355798,0.0034644722,3.427132e-05,0.3297154,0.33512864,0.3297154,0.28483474,-0.0019684501,0.327058,0.3428302,0.35781503,0.0004208411,0.3671652,0.3184952
0.012753563,0.009774703,3.388276e-05,0.33575293,0.3392872,0.33019915,0.2152555,-0.0025244583,0.3359549,0.3505715,0.3655668,0.0004093716,0.37623328,0.32490975
0.018495614,0.003960452,3.8317932e-05,0.3403355,0.3403355,0.3332452,0.19882278,0.0035451616,0.3380058,0.35043922,0.3652698,0.00047457704,0.37590617,0.32497224
0.016499486,0.004872855,3.9248916e-05,0.3318414,0.33720154,0.32891768,0.31298345,0.004385569,0.32765076,0.33598334,0.35020396,0.00037239704,0.35904074,0.3129259
0.018082907,0.0032002563,3.9721952e-05,0.33218467,0.33461645,0.32878014,0.32378033,0.0009727223,0.32790467,0.33405715,0.34823456,0.00033542147,0.35461655,0.31349775
0.018192107,0.002553278,3.6571026e-05,0.316813,0.32620007,0.31634364,0.41211975,-0.0037548207,0.31690687,0.32131878,0.33480486,0.0003129017,0.3399454,0.30269217
0.0186636,0.0024878494,3.5234225e-05,0.31500146,0.32209608,0.30128518,0.4205695,-0.0042567765,0.31944743,0.3232076,0.33591482,0.00027777907,0.34230143,0.30411375
0.020874245,0.0009803369,3.857196e-05,0.33470088,0.3376716,0.32925457,0.29501212,0.0049511967,0.33479992,0.33791918,0.3501404,0.0003636035,0.3578412,0.31799716
0.019747328,0.00091099046,3.508221e-05,0.30550388,0.31056494,0.29400146,0.47616273,-0.005521154,0.3095527,0.31362456,0.3240534,0.00036040868,0.33250594,0.29474318
0.022736974,0.0002792986,3.9808696e-05,0.34653714,0.34964046,0.3372272,0.1412113,0.0031033177,0.3466406,0.35152832,0.3630106,0.00053750275,0.37178925,0.33126736
0.018071268,0.0002279733,3.448416e-05,0.31346327,0.32003942,0.28672025,0.51649106,0.019728458,0.29732978,0.2978778,0.30734745,0.0006051295,0.3147129,0.28104267
0.018923098,0.00020705578,3.5191282e-05,0.3159851,0.32138658,0.30563232,0.4774166,-0.005851576,0.3085131,0.30554232,0.3151974,0.00056703587,0.3219074,0.2891772
0.021597607,1.9859868e-05,3.8530303e-05,0.34010026,0.35102317,0.33960375,0.26201123,-0.008440444,0.34119254,0.33620274,0.34725806,0.0005837598,0.3519919,0.32041362
0.022028843,2.0406524e-05,3.9597977e-05,0.35201252,0.356604,0.35201252,0.12381658,0.0025508155,0.3532369,0.34494677,0.35639143,0.0005638645,0.35959575,0.3302978
0.02194417,2.0262392e-05,3.9315473e-05,0.34851313,0.3540853,0.34699345,0.17487457,-0.0010131196,0.35256562,0.34245974,0.3537476,0.000567347,0.35691392,0.32800555
0.011272939,0.010408881,3.8922673e-05,0.34713015,0.35215375,0.34562308,0.21012677,0.0015070774,0.3472306,0.34024784,0.3512076,0.0005906114,0.35474193,0.32575375
0.0076571857,0.011476812,4.442296e-05,0.31650898,0.32009548,0.30978426,0.4773009,0.0067246947,0.31023258,0.30465108,0.31351274,0.0005460222,0.31827706,0.2910251
0.005682397,0.010071301,5.236866e-05,0.27253076,0.2755215,0.26692313,0.66743493,0.008598364,0.2619884,0.25529665,0.26145256,0.00047939725,0.26880863,0.24178465
0.009342502,0.004171446,4.2707226e-05,0.23260137,0.23612565,0.23196061,0.7675653,-0.00096116273,0.2268344,0.21991403,0.22411644,0.00040095288,0.23225689,0.20757116
0.01343342,0.0058731744,5.3994572e-05,0.32072404,0.32974583,0.3184686,0.44059634,-0.00676633,0.3214458,0.3104618,0.3153937,0.0005423201,0.32828262,0.29264092
0.005499534,0.013989555,6.2489235e-05,0.33700848,0.3434894,0.32913876,0.36913538,0.007869703,0.33330506,0.31994972,0.32342166,0.0006172316,0.33946136,0.3004381
0.0026770907,0.017184284,6.161762e-05,0.34217742,0.34830457,0.34029216,0.31409627,-0.00094263756,0.3412348,0.3271895,0.32927114,0.0006037117,0.3474367,0.3069423
0.014409222,0.005700874,3.710726e-05,0.33596137,0.34595457,0.33596137,0.31111166,-0.0095173195,0.342338,0.33115512,0.33236858,0.0005833196,0.35113674,0.31117353
0.018888695,0.0018564551,3.7972088e-05,0.34673473,0.35213712,0.343788,0.20935707,0.0,0.35135132,0.34238827,0.34266657,0.0005893508,0.36283296,0.3219436
0.018321883,0.0013435433,3.4453078e-05,0.32070196,0.32852396,0.31564066,0.41072857,-0.0041410583,0.3278798,0.32109305,0.32096267,0.0004026029,0.3400134,0.3021727
0.018541718,0.001167341,3.2579468e-05,0.30902866,0.31536305,0.30586144,0.4584302,-0.0063344087,0.31834927,0.31592864,0.31544602,0.0003931702,0.33419555,0.2976617
0.020768693,0.0010204271,3.5996763e-05,0.34164298,0.34564465,0.3366409,0.20019378,0.0,0.3476455,0.34969637,0.3485959,0.00049239356,0.3688457,0.330547
0.020876203,0.00048595434,3.6206653e-05,0.3426474,0.34314328,0.33669695,0.22807127,0.003966974,0.34314328,0.34703588,0.34538296,0.00049965706,0.3653879,0.32868385
0.012419965,0.007710254,3.4971956e-05,0.33328804,0.33756098,0.3247422,0.3445116,0.0052224626,0.32816055,0.33316937,0.33074805,0.00052224624,0.3489096,0.31742913
0.012357458,0.008471156,3.7345882e-05,0.34632364,0.3497672,0.33943653,0.221411,0.000983874,0.34071556,0.3460531,0.3427571,0.0005379455,0.36070412,0.33140203
0.0031228997,0.015614498,4.4896926e-05,0.32578954,0.32758948,0.31633985,0.4323191,0.008999711,0.31534988,0.31674483,0.31373742,0.0005062337,0.33057013,0.3029195
0.010135275,0.006748806,4.574071e-06,0.2767091,0.29159027,0.27510032,0.60315347,-0.014478965,0.28225937,0.28282243,0.28038916,0.00029716207,0.29548892,0.27015597
0.01443433,0.0055133044,-1.2182362e-05,0.30290854,0.3126053,0.30198503,0.44379792,-0.014776026,0.32082444,0.32403362,0.32157865,0.0002879736,0.34107938,0.30698788
0.015176619,0.004112954,-1.0073899e-05,0.2967972,0.2999403,0.29185805,0.49658078,0.002245062,0.3082919,0.31444338,0.3123854,0.00032145207,0.33273113,0.29615563
0.0171925,0.0035825714,-1.26735995e-05,0.31455553,0.32512075,0.31455553,0.37471005,-0.0028814247,0.3250247,0.33551788,0.333749,0.00026776874,0.35714516,0.3138906
0.01763224,0.001067524,-3.4252773e-06,0.31301975,0.31392443,0.29944953,0.47121233,0.016736604,0.30324918,0.31605044,0.3141883,0.00037544276,0.33640698,0.2956939
0.009567636,0.0015103838,-5.171099e-07,0.20409834,0.20718648,0.19230723,0.8293804,0.009825917,0.1903982,0.19644816,0.1949462,0.00030816166,0.20952703,0.1833693
0.011457854,0.00079280045,6.411248e-07,0.23217727,0.23815474,0.22871664,0.7715899,0.0034606368,0.21852349,0.22028527,0.21860214,0.00035914898,0.23534371,0.20522684
0.009901519,0.0061144177,1.6175915e-06,0.31239417,0.31489667,0.30196714,0.5309116,0.0045878985,0.2970456,0.29252023,0.2901498,0.0005122056,0.3139052,0.27113527
0.008752946,0.005418842,2.188288e-06,0.27759552,0.28646675,0.2742688,0.6500688,0.0007392691,0.2703507,0.25998244,0.257395,0.00048600094,0.28052068,0.23944424
0.015887279,0.0017338215,-1.9114104e-06,0.33855146,0.34722057,0.33627012,0.35338932,-0.004106419,0.3382777,0.32123604,0.31814864,0.00057591265,0.3472977,0.2951744
0.0154918255,0.00083856424,1.7825782e-07,0.3285097,0.3285097,0.32116145,0.45224547,0.007780493,0.3233227,0.30506015,0.30175346,0.0005591655,0.33163825,0.27848208
0.0146467695,0.0028238082,2.389644e-07,0.35228166,0.35968837,0.34672663,0.27474266,0.0004629194,0.34839314,0.3279784,0.32348037,0.0005843071,0.3585486,0.2974082
0.014840231,0.0022379581,2.524997e-06,0.35449624,0.36045802,0.34899306,0.27734172,0.005503176,0.3473421,0.32645297,0.3207893,0.0005932502,0.3593537,0.29355225
0.016274828,0.0014549416,-3.5581175e-07,0.35207722,0.3604711,0.34974557,0.23723942,-0.008393894,0.35356948,0.33330753,0.32634372,0.000528371,0.36770704,0.29890803
0.013477347,0.0036320002,1.2975484e-07,0.34417957,0.34916112,0.3337636,0.32918963,0.0022643392,0.34499472,0.32543084,0.31722638,0.0006142861,0.35929057,0.29157108
0.01479206,0.002330379,-1.7398959e-06,0.33875975,0.34595785,0.33651036,0.34149504,-0.003149161,0.34208888,0.32485846,0.31559843,0.0006964246,0.35829625,0.29142064
0.015104157,0.0003315951,1.0775456e-06,0.31998926,0.33035162,0.30631098,0.48561272,0.007875384,0.31609303,0.3009847,0.29132012,0.00065537775,0.33245164,0.2695178
0.015503178,8.42564e-06,1.277083e-06,0.32902125,0.33365536,0.32143816,0.44620505,0.003791538,0.3219437,0.307578,0.29679316,0.0006948982,0.3407122,0.2744438
0.0010542216,0.015391636,1.2068122e-06,0.33735093,0.34657538,0.3342761,0.36180007,-0.005710367,0.33682382,0.32210863,0.30988258,0.00063563365,0.35696277,0.2872545
0.00624339,0.008894803,2.2397773e-05,0.32027778,0.3210886,0.3073045,0.4996577,0.008919128,0.31330466,0.29862863,0.28648645,0.0005680974,0.33225158,0.26500568
0.0052022245,0.010446267,2.0537705e-05,0.3286936,0.33454818,0.32702085,0.43390062,-0.0016727409,0.32593358,0.31008434,0.29600546,0.0005520045,0.3445632,0.2756055
0.007701954,0.008838741,1.6080849e-05,0.34323925,0.34984848,0.34103617,0.31582418,-0.0030843066,0.34403238,0.32942596,0.3123301,0.0005311526,0.36200085,0.29685107
0.0053383256,0.006382237,1.184264e-05,0.2437877,0.2572273,0.23909949,0.73564506,0.00031254833,0.24397524,0.23553644,0.22191453,0.000375058,0.25538206,0.2156908
0.015614296,0.00014126825,3.2016017e-06,0.31577608,0.32616344,0.3149451,0.45099473,-0.008309897,0.32367048,0.31529826,0.295493,0.00046343653,0.33381137,0.29678515
0.015577785,0.00029782276,3.0980227e-06,0.31064567,0.3222277,0.31064567,0.46476895,-0.0037227843,0.31900126,0.315113,0.2947618,0.00038831763,0.32863754,0.30158848
0.0034336145,0.0052263495,1.0157283e-06,0.14784789,0.15733884,0.14468424,0.8983584,-0.010545499,0.1590683,0.16039704,0.15043505,0.0001463457,0.16872571,0.15206836
0.0067833187,0.010299671,5.671753e-07,0.2905355,0.29552326,0.28513214,0.5153992,-0.00083128904,0.3068288,0.31528714,0.2967217,0.00025028057,0.33477992,0.2957944
0.009646462,0.0063564945,-1.2353202e-05,0.26196462,0.27313665,0.2615794,0.6172734,-0.0073196,0.2766809,0.2908963,0.27517202,0.00023073323,0.31325218,0.26854044
0.0105791725,0.006061234,-1.3780898e-05,0.2710763,0.2774734,0.2690772,0.5868842,-0.00079963513,0.28059196,0.3004429,0.28560966,0.000221638,0.32726285,0.27362296
0.0111595765,0.005321899,-1.9288882e-05,0.25945234,0.26687643,0.25749862,0.6227247,-0.0054703807,0.26742348,0.2920988,0.2790871,0.00020866822,0.32224062,0.26195696
0.010760122,0.0054118484,-6.0475904e-06,0.278142,0.27973136,0.26463225,0.59569275,0.014304445,0.27186394,0.29584375,0.28403595,0.00025980294,0.32747152,0.26421595
0.011692324,0.005995838,-8.546581e-07,0.31431925,0.31475946,0.30815613,0.43983564,0.0061631226,0.3025213,0.32673353,0.31499428,0.00030174913,0.3620784,0.2913887
0.0131399585,0.003701996,5.456571e-06,0.31062725,0.31318036,0.30084035,0.48373598,0.0068082684,0.2966703,0.3149037,0.30481896,0.00035065736,0.3485916,0.2812158
0.016506819,0.0016927724,4.2912666e-06,0.3316919,0.3403845,0.32940435,0.32874554,-0.0022875303,0.32327378,0.3378911,0.32805473,0.0003080694,0.3740873,0.3016949
0.013840975,0.0038497478,5.982734e-06,0.3351545,0.33606035,0.32473755,0.34508234,0.0067936727,0.3269115,0.33404487,0.32525086,0.00035370231,0.3696029,0.29848686
0.008351358,0.010309737,2.2720997e-06,0.34177485,0.35119012,0.33612567,0.22769925,-0.0065906993,0.3422456,0.34657663,0.33854228,0.00035578496,0.38345116,0.30970213
0.0036751672,0.013919474,2.1121095e-06,0.32224292,0.3302324,0.3191359,0.39681152,0.0,0.32375205,0.32574943,0.31956494,0.00033289558,0.35978156,0.29171726
0.01160828,0.0067205834,2.565324e-06,0.33649203,0.33973196,0.32908642,0.3029539,0.0004628501,0.33732516,0.33843598,0.33372262,0.00038531685,0.372497,0.304375
0.010019656,0.0047011995,-1.2202937e-05,0.2469027,0.25443897,0.24116078,0.6899782,-0.013995938,0.25888896,0.2609704,0.25885904,0.00025927185,0.28747302,0.2344678
0.0135336565,0.0027347803,-1.9825276e-05,0.2610118,0.26958233,0.2532204,0.63380677,-0.0070122574,0.27558172,0.2809578,0.28071102,0.00032763823,0.30898365,0.25293192
0.015286442,0.0024247458,-1.6179534e-05,0.30704662,0.3074859,0.29255086,0.4803984,0.012738701,0.30836442,0.31488752,0.31649816,0.00043926557,0.3438874,0.28588763
0.018570272,0.00083451124,-1.8362667e-05,0.3338045,0.33955973,0.32996765,0.28456834,-0.0014388125,0.3338045,0.3418139,0.3456507,0.000516855,0.37060627,0.31302148
0.018909736,0.0007675184,-1.8952815e-05,0.32907352,0.33722842,0.32475623,0.3106051,-0.00479699,0.32993698,0.3396269,0.34568712,0.0004976317,0.36479354,0.31446028
0.018575344,0.0007667841,-1.8293915e-05,0.33450958,0.33642653,0.32827944,0.30789256,0.005750881,0.3305798,0.33781633,0.34543625,0.00055609934,0.3602597,0.31537294
0.017815735,0.0003617856,-1.7606148e-05,0.30134094,0.310165,0.29781133,0.49135783,-0.0066180294,0.30548826,0.3095032,0.31795955,0.00040193272,0.32831416,0.29069224
0.019997962,0.0002859669,-1.9656085e-05,0.33724374,0.34168115,0.33428544,0.23829918,0.00049304636,0.3399062,0.34545296,0.3551413,0.00040994867,0.3668088,0.3240971
0.019330839,0.00021022167,-1.8975394e-05,0.32871026,0.33348802,0.32202137,0.33754912,0.001911106,0.32861468,0.33449134,0.34381592,0.0003568933,0.35535195,0.31363073
0.019371409,2.8251934e-05,-1.8787025e-05,0.32160118,0.3296059,0.32160118,0.37127748,-0.0023543278,0.3235788,0.3297236,0.33850524,0.00035173088,0.3501613,0.3092859
0.014051919,1.4016877e-05,-1.3955646e-05,0.24564576,0.25160295,0.23723564,0.71877843,0.0063075945,0.24102019,0.24578594,0.25185993,0.00026955534,0.26056924,0.23100261
0.012846069,6.44883e-06,-1.2837339e-05,0.2276437,0.23377009,0.2237744,0.764928,0.0016122075,0.2232585,0.22683759,0.23163122,0.00028213632,0.23926981,0.21440539
0.011296832,5.8411747e-06,-1.1619171e-05,0.2123267,0.21261877,0.20298083,0.80932397,0.0061332337,0.20473318,0.2058576,0.20981014,0.00029367232,0.21749355,0.19422166
0.012278479,6.365204e-06,-1.2660675e-05,0.23201169,0.23710385,0.22755603,0.7636208,0.0006365204,0.22571014,0.2245644,0.22875482,0.00032175757,0.23762843,0.21150036
0.01508142,7.785968e-06,-1.5488264e-05,0.28263062,0.2888594,0.27718043,0.613542,-0.0011678952,0.27943838,0.2746111,0.27994448,0.0004906226,0.2904195,0.25880268
0.015530929,8.084815e-06,-1.6079368e-05,0.29590422,0.29873392,0.28822365,0.56995517,0.0024254443,0.29267028,0.2852929,0.29092532,0.0005912775,0.3020245,0.26856127
0.016304828,8.357165e-06,-1.662743e-05,0.3012758,0.3092151,0.29960436,0.5291088,-0.0045964406,0.30378294,0.2945065,0.30099025,0.0004971072,0.31080532,0.27820766
0.018061232,9.247943e-06,-1.8400367e-05,0.33292595,0.33431312,0.32645237,0.35750696,-0.00046239715,0.33551538,0.32575879,0.3333575,0.0005597439,0.34353194,0.30798566
0.017462397,8.964269e-06,-1.78347e-05,0.32361013,0.32450655,0.31867975,0.4226653,0.0008964269,0.3245962,0.31567675,0.3233636,0.0006004369,0.33272085,0.29863262
0.004398209,0.0083472105,-1.3391609e-05,0.2480697,0.2490754,0.24304126,0.72892934,0.006034128,0.24371172,0.23631991,0.24206352,0.00046094033,0.24971312,0.22292672
0.0068187113,0.0048258323,-1.1422811e-05,0.22749478,0.23577288,0.2244288,0.7756345,0.00061319344,0.22350901,0.21696317,0.22158256,0.000489316,0.22991343,0.20401292
0.014049975,0.0013985673,-2.2430173e-05,0.29177007,0.30181727,0.28976065,0.5692732,-0.0064301947,0.29337764,0.28552073,0.29046395,0.0005499508,0.30127445,0.26976702
0.008741079,0.0043115253,-1.7883374e-05,0.25827494,0.26001066,0.24751347,0.7014733,0.006248587,0.2550812,0.24740933,0.25122213,0.0004990191,0.26178646,0.23303221
0.010214274,0.0029092187,-1.1993832e-05,0.2720724,0.27313936,0.2614029,0.67173785,0.0074686543,0.26439035,0.2546989,0.25802422,0.0005581732,0.27122384,0.23817393
0.01304925,0.00029225642,-1.0477861e-05,0.2831234,0.28568065,0.27654764,0.63812727,0.0036532052,0.2741365,0.26324996,0.26573417,0.00056409783,0.2818439,0.24465604
0.012924209,0.00011617266,-1.01652095e-05,0.28607517,0.28643823,0.27736223,0.6356315,0.0047195144,0.27576485,0.26324,0.2648797,0.00056977046,0.2841454,0.24233459
0.013427278,0.00011005966,-1.0444652e-05,0.28138587,0.29202497,0.28138587,0.6239062,-0.007704176,0.28167936,0.26755503,0.26812977,0.00046877263,0.28844395,0.2466661
0.012337427,0.0008968697,-1.02866725e-05,0.2843733,0.2851025,0.27635252,0.6281223,0.004739555,0.2825504,0.26763904,0.26678228,0.00048454016,0.28843474,0.24684332
0.0110678505,0.0022934037,-1.0995294e-05,0.2786921,0.28921562,0.2786921,0.62852323,-0.004354564,0.28144997,0.26784196,0.26571912,0.0004558131,0.28769907,0.24798489
0.011595633,0.0023778195,-1.27247e-05,0.28594032,0.29421756,0.28142548,0.5978561,-0.0030098981,0.29068092,0.27914923,0.27556872,0.00043969898,0.29767218,0.26062632
0.013753167,0.00163272,-1.3257647e-05,0.3186303,0.32404494,0.3140487,0.4576864,0.0020825511,0.31987983,0.31036258,0.30516315,0.0005310505,0.329692,0.29103315
0.012558232,0.0015165826,-1.0941663e-05,0.3009952,0.30911976,0.2986739,0.55031055,0.0050294828,0.2979775,0.28967887,0.2836886,0.000517344,0.30702898,0.27232876
0.015422735,0.0005454704,-1.2305911e-05,0.34311846,0.34707752,0.3395993,0.31422612,0.0008797909,0.3388075,0.33053747,0.32270733,0.0005882323,0.3506179,0.31045702
0.01291415,0.0030916226,-1.233678e-05,0.34493676,0.34935337,0.34140348,0.2952058,0.00044166038,0.34131515,0.33301193,0.32414928,0.0005584867,0.35340306,0.31262082
0.01066523,0.0011407746,-3.783184e-06,0.27540594,0.27540594,0.2635932,0.67071474,0.011812755,0.2646057,0.25599927,0.24794972,0.0004703559,0.2734148,0.23858376
0.012598119,0.0013458168,-4.5568913e-06,0.32450905,0.32729626,0.3213237,0.46988913,-0.00039817064,0.31614748,0.30366483,0.2929142,0.00060300983,0.32580435,0.2815253
0.01059326,0.0025525005,-2.6826053e-06,0.31963745,0.3200207,0.30813968,0.5139264,0.007281908,0.3085996,0.29445738,0.28241667,0.00058149535,0.31756514,0.27134958
0.013479451,0.00043822415,-3.0560402e-06,0.33840644,0.34246406,0.3343488,0.3996036,0.0,0.3311027,0.31406063,0.29954785,0.0005887543,0.33940706,0.28871423
0.013392694,0.00022998331,-3.7686511e-06,0.30817762,0.3192935,0.30741102,0.5111379,-0.011499166,0.3145405,0.29825002,0.28317332,0.00044755905,0.32084218,0.27565786
0.014315257,2.4276862e-05,-3.964477e-06,0.32611918,0.33016533,0.32207304,0.4249503,0.00080922875,0.33121732,0.3161657,0.29908422,0.00044957155,0.33939403,0.2929373
0.012051924,0.0022260996,-3.9955407e-06,0.33269182,0.33350724,0.32127592,0.40472612,0.0040771053,0.3338334,0.32009354,0.301699,0.00054001395,0.34304863,0.29713845
0.013071141,0.001427122,-7.1278855e-06,0.3227242,0.3275894,0.3215079,0.42338496,-0.0081086485,0.32888678,0.319724,0.30005378,0.00044648885,0.33977616,0.29967186
0.013639472,0.0015097781,-6.384203e-06,0.3461338,0.34742054,0.33884224,0.27824524,0.0047180564,0.34561908,0.33959284,0.3175824,0.00053545984,0.35913715,0.32004854
0.014201559,0.00053908647,-5.530822e-06,0.34324646,0.34324646,0.33482322,0.32005733,0.0033692904,0.34029832,0.33450738,0.31209457,0.0005687019,0.3534191,0.31559566
0.008228977,0.005538432,-5.2062283e-06,0.32058397,0.32294407,0.31311023,0.4618533,0.0,0.31853852,0.31320855,0.29171827,0.00052274746,0.33085415,0.29556298
0.010810792,0.0038253574,-8.952075e-06,0.33555037,0.33929256,0.33180818,0.35150877,-0.0033263976,0.33596617,0.33147553,0.3086897,0.00049782824,0.35015526,0.3127958
0.0073048393,0.0071560983,-7.334187e-06,0.33590692,0.33714643,0.3309489,0.35935017,0.002479018,0.33524585,0.33032915,0.3071641,0.000503465,0.34817022,0.31248805
0.012575228,0.0018226174,1.1358875e-06,0.34579796,0.34663022,0.3353949,0.31795937,0.0074902084,0.33963934,0.3337512,0.31026107,0.0005399687,0.3521784,0.31532404
0.010093942,0.004302471,-2.7753626e-07,0.3372874,0.34304595,0.33646473,0.34413186,-0.004524587,0.3361357,0.33097354,0.30751422,0.00042275182,0.3482615,0.31368557
0.009592775,0.0029505051,3.9084057e-06,0.3037712,0.30522466,0.2950505,0.5519915,0.005813803,0.29846612,0.29376057,0.27260074,0.000411354,0.30786443,0.2796567
0.013081596,0.0006424357,6.562809e-06,0.34008938,0.34209698,0.33326352,0.36600363,0.004416745,0.3330226,0.32625693,0.30235967,0.00043609043,0.34105885,0.31145504
0.010584957,0.0032768755,6.606699e-06,0.34350416,0.3447208,0.3370153,0.3338601,0.0,0.33912417,0.330932,0.30663255,0.00044046913,0.34561056,0.31625342
0.0108770365,0.0033315562,4.6289215e-06,0.34552526,0.3521224,0.34346366,0.28117016,-0.0037108918,0.34536034,0.33764994,0.31269762,0.0005201592,0.35141158,0.32388827
0.003393723,0.010596229,4.9655273e-06,0.34181383,0.34384844,0.33774462,0.31917274,0.00081384246,0.3424649,0.3344282,0.30945683,0.00051334675,0.3465057,0.3223507
0.005240502,0.00861861,4.738662e-06,0.33861706,0.34224507,0.33176407,0.34313193,0.0,0.33958453,0.33178425,0.30730167,0.00048373864,0.34410527,0.3194632
0.0067158043,0.0058971574,-1.1014222e-05,0.2941334,0.30246475,0.29196,0.54923254,-0.010142531,0.30260965,0.29808173,0.27666166,0.0004075124,0.30922037,0.2869431
0.0061578383,0.008511313,-1.1881419e-05,0.34332058,0.34669474,0.34078997,0.2419693,0.0008435395,0.34956276,0.34665257,0.32265386,0.00044657974,0.35953388,0.33377126
0.0022786565,0.010336619,-1.9240335e-05,0.28609,0.29255936,0.28609,0.57179904,-0.0064693717,0.2948596,0.29471582,0.27536762,0.00030647326,0.30621243,0.28321922
0.003824052,0.010882544,-3.260777e-06,0.34492275,0.34744966,0.33565742,0.2567674,0.009686476,0.34374353,0.34565976,0.3233247,0.00043223402,0.3587761,0.33254343
0.008799976,0.0056707277,-8.140894e-06,0.33651835,0.33941582,0.33155128,0.317271,-0.0024835302,0.33560774,0.3398711,0.3183679,0.00043047857,0.3525479,0.3271943
0.010631958,0.0038450728,-7.924276e-06,0.33727255,0.3405873,0.33520088,0.30853397,0.00041433977,0.3361124,0.34017295,0.31955954,0.00041719727,0.35289526,0.3274506
0.008879574,0.005324483,-7.0192177e-06,0.33308595,0.33879367,0.32778594,0.34705356,0.0012230818,0.33096594,0.33514482,0.31543282,0.00036378842,0.34679508,0.32349455
0.002368505,0.012306112,-6.9276407e-06,0.3447397,0.3476898,0.3417896,0.2393033,0.00042144218,0.34398112,0.34667835,0.3269057,0.00041441817,0.35839838,0.3349583
0.0017828953,0.009749166,2.3704959e-05,0.28746682,0.2878007,0.27210855,0.6237396,0.014356648,0.27531376,0.27541393,0.25989985,0.0003906571,0.28615808,0.26466975
0.0027330935,0.010791412,2.6941218e-05,0.33674216,0.34065777,0.332435,0.38026807,-0.00039156066,0.3265616,0.32387942,0.3059394,0.00042871607,0.33767942,0.3100794
0.007849821,0.0060687014,2.4912359e-05,0.34534377,0.34977642,0.34212002,0.30068684,-0.0012089047,0.33954102,0.33432257,0.31592038,0.00043175166,0.34893042,0.31971473
0.008952367,0.0041237874,1.7132492e-05,0.31565717,0.32015583,0.3096589,0.47150633,-0.005623346,0.31775653,0.31157085,0.29490077,0.00038516067,0.32498732,0.2981544
0.004016448,0.010167398,1.9192441e-05,0.34380144,0.3495043,0.3401353,0.27380282,0.0008146953,0.3473861,0.33881143,0.3215195,0.00041850787,0.35356817,0.3240547
0.0063285064,0.007974412,2.2025195e-05,0.34893194,0.35140082,0.34564015,0.23147191,0.0016459054,0.3498372,0.34282154,0.32587555,0.00043342178,0.35782608,0.327817
0.0037939386,0.00988317,2.3752427e-05,0.3364064,0.3383783,0.32339185,0.3637764,0.0019719016,0.33475,0.32891318,0.31345347,0.0005216999,0.3436906,0.31413573
0.0047276746,0.008122667,3.1395397e-05,0.32274756,0.3294482,0.3171637,0.4558893,0.00521161,0.31671697,0.3108353,0.29690045,0.0005141979,0.325651,0.2960196
0.0139596695,0.00028001698,2.9493385e-05,0.35413912,0.36072776,0.35413912,0.17517532,-0.0028825277,0.3518331,0.34411204,0.32948664,0.0006176845,0.3609829,0.32724118
0.010604396,0.003537541,2.953085e-05,0.35581082,0.3615696,0.35334277,0.16662641,0.00205671,0.35317823,0.34429324,0.33007452,0.0005833577,0.36194935,0.32663712
0.010556798,0.0035162072,2.9107894e-05,0.35325617,0.3581625,0.34916756,0.19869842,-0.0004088613,0.35235667,0.34270754,0.3290039,0.0006074511,0.36090365,0.32451144
0.004708278,0.008448786,2.8446253e-05,0.33372706,0.33372706,0.32604635,0.38969642,0.0019201786,0.3321909,0.3224556,0.30994242,0.0005778152,0.34030938,0.30460182
0.011029951,0.002589641,3.6324043e-05,0.35207924,0.3524789,0.3456851,0.25671014,0.0047956314,0.34680405,0.33693305,0.32352528,0.00061638764,0.35611042,0.31775567
0.01195947,0.0019325987,3.503828e-05,0.35255775,0.35740945,0.35013187,0.20469373,-0.003638784,0.35182998,0.3420457,0.3283261,0.0005775848,0.36129525,0.32279614
0.008175413,0.0058127185,3.593576e-05,0.35808307,0.35849184,0.35236028,0.13463269,0.0016350825,0.3566115,0.34745502,0.3330118,0.00047924832,0.36519212,0.32971796
0.0060926643,0.0073971194,2.8904245e-05,0.33665878,0.34407932,0.33587766,0.3236142,-0.0054677757,0.3405643,0.3328118,0.31908378,0.00039836654,0.34891912,0.31670448
0.008248831,0.0053783013,2.7936016e-05,0.3391011,0.34343842,0.33712956,0.30047512,-0.00078860717,0.343123,0.33693242,0.32293466,0.0004062522,0.35160455,0.3222603
0.0067967037,0.0067184907,2.7694776e-05,0.3363156,0.3398352,0.3331871,0.3246697,0.0,0.338662,0.3350642,0.32105103,0.00047486424,0.34768438,0.32244402
0.007817834,0.0048907427,2.5901587e-05,0.3162435,0.31918532,0.30815357,0.45945033,0.0,0.31756732,0.31585738,0.30271122,0.00043947622,0.32564324,0.30607155
0.004948365,0.009162144,2.241698e-05,0.34065416,0.34469035,0.3370216,0.2430188,-0.0064578988,0.34598193,0.34721297,0.33293158,0.00038644343,0.35539308,0.33903283
0.011961364,0.0021079783,2.5572705e-05,0.3432532,0.34406084,0.33517665,0.2430717,0.0024229637,0.34519154,0.3471703,0.33367574,0.0003910748,0.35554853,0.3387921
0.012192237,0.002046991,2.5517838e-05,0.3457865,0.34823313,0.34293216,0.19603813,-0.00081553427,0.3475807,0.35031274,0.3374273,0.00031442285,0.3590237,0.3416018
0.013221492,0.0008814328,2.2381444e-05,0.32994172,0.3390737,0.3267654,0.31602144,-0.0067497105,0.33613557,0.34058246,0.32883662,0.00027323308,0.35036162,0.33080328
0.0088861715,0.005505652,2.3785824e-05,0.34543657,0.34871864,0.3405135,0.1893009,0.0045128297,0.34584683,0.35191864,0.3402947,0.00031494495,0.36202332,0.34181398
0.0098551605,0.0040697423,2.561825e-05,0.33874622,0.3403422,0.33555424,0.2857518,0.0027929605,0.33675125,0.3423571,0.33141136,0.00034199518,0.3519975,0.33271673
0.005259351,0.008187237,2.648128e-05,0.33112997,0.33539012,0.3280317,0.35705495,0.0023237192,0.3272571,0.33244675,0.3222482,0.00033613545,0.34165213,0.32324138
0.0013239722,0.012951902,2.8078399e-05,0.35155162,0.3536075,0.34949577,0.12826084,0.0,0.34801555,0.35299075,0.3427731,0.0002974432,0.362733,0.3432485
0.0010205036,0.012720696,2.5273719e-05,0.33739907,0.33898124,0.3350258,0.30156276,-0.00079108804,0.33652887,0.33929765,0.3303254,0.00030916085,0.34858274,0.3300126
0.008093229,0.0030662988,1.2638081e-05,0.27095282,0.27802396,0.26323885,0.6365045,-0.0032141497,0.27352414,0.27543655,0.2687672,0.00020736449,0.28325024,0.26762286
0.010875544,0.003255429,1.2010058e-05,0.3331791,0.33920765,0.33036575,0.28457272,-0.0056266673,0.34041336,0.3436889,0.33640102,0.00025929342,0.35448292,0.33289486
0.011533223,0.0020117871,1.0503063e-05,0.31674132,0.32211632,0.31328595,0.40959066,-0.0015357154,0.32288417,0.3275681,0.3216364,0.00024248139,0.33890694,0.31622928
0.009394698,0.0043104175,1.0001911e-05,0.3176708,0.3227009,0.31651,0.3999479,-0.0015477261,0.32277828,0.32920134,0.32418415,0.00023450395,0.34147775,0.31692496
0.010287992,0.0039928355,9.733972e-06,0.32965043,0.33367547,0.3268329,0.31435528,-0.0008050071,0.33303145,0.3412023,0.33725774,0.00023911103,0.3538542,0.32855034
0.010183565,0.0040087686,1.312276e-05,0.3358152,0.3374316,0.32975352,0.29673776,0.0048493166,0.33339053,0.3417354,0.33858332,0.0003499507,0.35391852,0.32955223
0.009225445,0.0043752743,1.42496865e-05,0.32581002,0.3285348,0.31685704,0.38948503,0.0023355556,0.3217617,0.32841805,0.32616034,0.0003370905,0.3388951,0.31794098
0.0062361527,0.006069113,8.635906e-06,0.28605565,0.29127565,0.28187966,0.5731414,-0.005219994,0.28744766,0.29291126,0.29169327,0.00026574516,0.30234993,0.2834726
0.008634341,0.0027542778,3.7952277e-06,0.26005507,0.2616564,0.25076738,0.6650172,-0.0032026486,0.2639623,0.2687983,0.26847804,0.00026118688,0.2779807,0.2596159
0.010940527,0.0022286258,7.497593e-06,0.30990654,0.3121577,0.30090198,0.47372928,0.0052526533,0.30975646,0.31425872,0.3145839,0.00031855714,0.32460308,0.30391437
0.013123717,0.0015158856,8.968813e-06,0.34756494,0.3496587,0.34044614,0.17309572,0.0016750117,0.34563866,0.35011932,0.35134768,0.00034150726,0.3608965,0.33934218
0.005712179,0.008275027,8.95239e-06,0.3350181,0.33823168,0.33140278,0.31894204,0.0016068014,0.33132246,0.33566082,0.33722076,0.0003181785,0.3459003,0.3254213
0.00677582,0.0049848245,1.4718092e-05,0.28907898,0.29452688,0.28601453,0.58574414,0.0051074023,0.28267768,0.28449932,0.28603154,0.00032288174,0.29314134,0.27585733
0.008545835,0.005102458,1.1269243e-05,0.32672948,0.33259887,0.3243817,0.3769245,-0.005478099,0.32665122,0.32669035,0.32883593,0.00033626723,0.33636692,0.31701377
0.0112545565,0.0026247376,1.0848051e-05,0.3316714,0.3344552,0.3276945,0.342226,-0.0003976875,0.33262584,0.33208895,0.3343889,0.00036761028,0.34189975,0.32227814
0.011811246,0.002511634,1.11759755e-05,0.3422717,0.34637567,0.34186128,0.23755461,0.0,0.34358495,0.34253845,0.34521973,0.00042994044,0.3525786,0.33249828
0.0066487235,0.0077800723,9.547374e-06,0.33817488,0.34432352,0.33817488,0.2571523,-0.0036891806,0.34243795,0.34163862,0.3447676,0.00040990897,0.3514267,0.33185053
0.003459532,0.0070832246,1.8320128e-05,0.2593129,0.2614409,0.2523209,0.69128627,0.008512029,0.25420567,0.2533393,0.25585744,0.00037659833,0.26049274,0.24618582
0.007698731,0.0037659016,3.3259057e-05,0.29312602,0.29379374,0.28377804,0.5961609,0.008346413,0.282042,0.27860326,0.28121847,0.00045931851,0.2883562,0.2688503
0.005935585,0.0030405722,3.553451e-05,0.24772038,0.24772038,0.2363991,0.7498245,0.011051725,0.23230186,0.22583257,0.22737801,0.00039708533,0.23838766,0.21327746
0.009270933,0.0025875699,4.8366e-05,0.3302368,0.3352404,0.32237402,0.4604373,0.0017869957,0.31443977,0.30087647,0.30193675,0.0005254733,0.32227424,0.2794787
0.011627202,0.000943961,4.7864098e-05,0.3408748,0.35136324,0.33862728,0.36026347,-0.0052442276,0.33593023,0.31686372,0.3169074,0.0005537383,0.3417527,0.29197475
0.0027892587,0.010176615,4.740821e-05,0.33972716,0.34580728,0.33820713,0.33871636,-0.0060801283,0.34390727,0.3227598,0.3218351,0.0005440115,0.34892938,0.29659024
0.004694874,0.0075623584,5.8977635e-05,0.3304469,0.3355029,0.32214057,0.43027434,0.007584027,0.32950792,0.30843514,0.30631042,0.0005243006,0.33486387,0.28200644
0.0047118845,0.008368985,6.1179795e-05,0.3510816,0.35493118,0.34684706,0.26617527,-0.0011548736,0.35069665,0.33056334,0.32715005,0.00054601167,0.35961387,0.30151284
0.009274875,0.0033849909,7.2357645e-05,0.35166293,0.35166293,0.34000352,0.3125475,0.008650532,0.34346375,0.32492152,0.3203894,0.0005527944,0.3554712,0.2943718
0.0047357464,0.0074782604,7.062054e-05,0.34117743,0.34990692,0.33863133,0.36950463,0.0010911858,0.33419386,0.31606197,0.31070304,0.00052319583,0.3474545,0.2846695
0.0056777145,0.006561889,7.345065e-05,0.34453568,0.3463625,0.33576703,0.3560811,0.0018268065,0.3392745,0.31969112,0.3128528,0.0005687583,0.35228494,0.2870973
0.005104246,0.007282351,6.637249e-05,0.33991638,0.3468834,0.33771628,0.345622,-0.0058669494,0.34138313,0.32295725,0.3146824,0.0005298501,0.35486752,0.29104695
0.0042238706,0.008737464,6.1083876e-05,0.34766877,0.3560555,0.34690633,0.2343333,-0.005718236,0.35491186,0.33739498,0.32777563,0.0005139605,0.36950547,0.3052845
0.003932239,0.008636087,6.595338e-05,0.34240156,0.34982088,0.33906287,0.30960816,0.0040806253,0.34447896,0.33004838,0.31961808,0.0005318273,0.3603916,0.2997052
0.0038476915,0.007488302,5.6102494e-05,0.3062789,0.3119569,0.3052769,0.51806223,-0.002004006,0.3087505,0.2985468,0.28832078,0.0004387856,0.32474002,0.27235353
0.0042540953,0.008082781,4.8736132e-05,0.3230228,0.33491987,0.3219413,0.39904854,-0.0075708474,0.32987264,0.32309493,0.3114202,0.00039296303,0.35037684,0.295813
0.006838924,0.004477945,3.913283e-05,0.2921546,0.2957818,0.2885274,0.5555554,-0.003297456,0.29901332,0.29635885,0.28498262,0.0002653574,0.31961083,0.27310687
0.008500188,0.0040653073,4.8654296e-05,0.33261606,0.33446392,0.32411587,0.3519891,0.0051740273,0.33424217,0.33337367,0.31966865,0.00031974327,0.35701075,0.3097366
0.009994479,0.0023098025,5.2861247e-05,0.3362046,0.33987093,0.32960516,0.34662437,0.0062328004,0.33114502,0.33224493,0.31758562,0.00038081457,0.35279036,0.31169948
0.011104601,0.0017779416,5.0778475e-05,0.33750758,0.34805468,0.33750758,0.27691442,-0.007910334,0.33863762,0.34268695,0.32661518,0.0003807329,0.35863245,0.32674146
0.011277989,0.0018192792,5.284592e-05,0.34805277,0.34805277,0.34111485,0.19391511,0.0026980834,0.3470506,0.35161808,0.33456236,0.0003585493,0.36458603,0.33865017
0.008411769,0.0042852405,5.3278185e-05,0.34576675,0.34803408,0.33745325,0.24902008,0.004534646,0.34244135,0.34542668,0.32839656,0.00038415048,0.35666943,0.3341839
0.0029697358,0.010005726,4.7616133e-05,0.34075814,0.35027653,0.33999667,0.2331471,-0.007614707,0.34464166,0.3475733,0.33104938,0.00029517687,0.3592933,0.33585334
0.005843135,0.007416886,5.1991803e-05,0.35058808,0.35214627,0.34279725,0.13602039,0.0019477116,0.35128927,0.35514572,0.33896673,0.0003073056,0.36715502,0.34313646
0.0042656474,0.008974984,5.2448388e-05,0.35067046,0.35261646,0.34600005,0.13005553,0.0003892014,0.35137102,0.35465977,0.33890358,0.00029632376,0.36679354,0.342526
0.00050477707,0.0127126165,5.0421586e-05,0.3486845,0.3548971,0.3475196,0.13571514,-0.0011648702,0.35015997,0.353907,0.3383301,0.0003192078,0.36585844,0.34195554
0.009685921,0.0034631223,4.132508e-05,0.34360668,0.3540424,0.34322014,0.18305849,-0.0034785827,0.34654415,0.35178134,0.33690718,0.00032988683,0.36423934,0.33932334
0.007311457,0.0054307207,4.271694e-05,0.33951446,0.344424,0.3327166,0.2788626,0.003776579,0.3389102,0.34347987,0.32930508,0.00031955668,0.35578364,0.3311761
0.007287333,0.0049579507,2.992722e-05,0.3098719,0.32091334,0.30666634,0.44344452,-0.010329064,0.31749406,0.32278326,0.31056052,0.00026265392,0.3351274,0.3104391
0.0037715181,0.008941548,3.4464498e-05,0.32693928,0.32768318,0.31950042,0.36133674,0.0033475014,0.32991484,0.33597755,0.3243295,0.00033408197,0.34838757,0.32356754
0.00069013896,0.012301158,3.0665386e-05,0.33066,0.33558956,0.32724723,0.31642494,-0.0026543806,0.33437613,0.3411827,0.33071688,0.00034682674,0.35283062,0.32953483
0.0048719156,0.008508257,4.003207e-05,0.34486592,0.34525692,0.33821884,0.20680225,0.0039100447,0.3442403,0.3509265,0.34115788,0.00034701647,0.36224404,0.33960897
0.013382353,1.5679381e-05,3.9273786e-05,0.34573036,0.34729832,0.34181052,0.19306023,0.0,0.34377044,0.35121816,0.3421568,0.00029604428,0.36254373,0.3398926
0.009966673,0.003317009,3.9168397e-05,0.34734717,0.35125875,0.34500024,0.18493891,0.0023469403,0.34445262,0.3497919,0.34161672,0.00036670943,0.3600634,0.3395204
0.011141975,0.0022409759,3.856126e-05,0.347941,0.3546246,0.34715468,0.15678969,-0.001179461,0.3466829,0.35094863,0.34362942,0.00033608297,0.36052182,0.3413754
0.011639921,0.0016205513,3.814766e-05,0.3447567,0.3474836,0.34008205,0.21754342,0.0,0.34452298,0.34752256,0.3407118,0.00028521035,0.3570739,0.3379712
0.002021891,0.010956361,3.7275728e-05,0.33761767,0.3402881,0.32998788,0.29686704,0.0,0.33761767,0.34030718,0.3338918,0.0003400227,0.34968117,0.33093318
0.01194001,0.0011693825,2.5063438e-05,0.33465877,0.34427541,0.32927346,0.2825751,-0.005769979,0.33950555,0.34256366,0.3369219,0.00027152844,0.35259,0.33253732
0.012592207,0.0010833694,2.3819859e-05,0.33325386,0.3371791,0.3308987,0.25561237,-0.008243028,0.343381,0.3482287,0.343852,0.00022521934,0.35959503,0.33686233
0.0085285865,0.0047268737,2.5052006e-05,0.33780044,0.33780044,0.32458383,0.2819176,0.0077744634,0.3388111,0.34433097,0.34065107,0.00030762263,0.3558718,0.33279017
0.008676374,0.0048485617,2.8060447e-05,0.34928784,0.34968656,0.3421107,0.15076795,0.002791113,0.3468157,0.3526571,0.34956032,0.0003608947,0.36417338,0.34114084
0.004034514,0.009219525,2.5010713e-05,0.33776423,0.34087366,0.32416037,0.28637275,-0.0027207704,0.3368314,0.3428754,0.34084126,0.00030166324,0.35296696,0.33278382
0.00276923,0.010876831,2.639958e-05,0.34815463,0.3505557,0.34575355,0.14042236,0.00040017773,0.346794,0.35251656,0.3510359,0.00040017773,0.3628312,0.34220192
