state_0,state_1,state_2,state_3,state_4,state_5,state_6,state_7,state_8,state_9,state_10,state_11,state_12,state_13,state_14,state_15,state_16,state_17,state_18,state_19,state_20,state_21,state_22,state_23,state_24,state_25,state_26,state_27,state_28,state_29,state_30,state_31,state_32,state_33,state_34,state_35,state_36,state_37,state_38,state_39,state_40,state_41,state_42,state_43,state_44,state_45,state_46,state_47,state_48,state_49,state_50,state_51,state_52,state_53,state_54,state_55,state_56,state_57,state_58,state_59,state_60,state_61,state_62,state_63,state_64,state_65,state_66,state_67,state_68,state_69,state_70,state_71,state_72,state_73,state_74,state_75,state_76,state_77,state_78,state_79,state_80,state_81,state_82,state_83,state_84,state_85,state_86,state_87,state_88,state_89,state_90,state_91,state_92,state_93,state_94,state_95,state_96,state_97,state_98,state_99,state_100,state_101,state_102,state_103,state_104,state_105,state_106,state_107,state_108,state_109,state_110,state_111,state_112,state_113,state_114,state_115,state_116,state_117,state_118,state_119,state_120,state_121,state_122,state_123,state_124,state_125,state_126,state_127,state_128,state_129,state_130,state_131,state_132,state_133,state_134,state_135,state_136,state_137,state_138,state_139,state_140,state_141,state_142,state_143,state_144,state_145,state_146,state_147,state_148,state_149,state_150,state_151,state_152,state_153,state_154,state_155,state_156,state_157,state_158,state_159,state_160,state_161,state_162,state_163,state_164,state_165,state_166,state_167,state_168,state_169,state_170,state_171,state_172,state_173,state_174,state_175,state_176,state_177,state_178,state_179,state_180,state_181,state_182,state_183,state_184,state_185,state_186,state_187,state_188,state_189,state_190,state_191,state_192,state_193,state_194,state_195,state_196,state_197,state_198,state_199,state_200,state_201,state_202,state_203,state_204,state_205,state_206,state_207,state_208,state_209,state_210,state_211,state_212,state_213,state_214,state_215,state_216,state_217,state_218,state_219,state_220,state_221,state_222,state_223,state_224,state_225,state_226,state_227,state_228,state_229,state_230,state_231,state_232,state_233,state_234,state_235,state_236,state_237,state_238,state_239,state_240,state_241,state_242,state_243,state_244,state_245,state_246,state_247,state_248,state_249,state_250,state_251,state_252,state_253,state_254,state_255,state_256,state_257,state_258,state_259,state_260,state_261,state_262,state_263,state_264,state_265,state_266,state_267,state_268,state_269,state_270,state_271,state_272,state_273,state_274,state_275,state_276,state_277,state_278,state_279,state_280,state_281,state_282,state_283,state_284,state_285,state_286,state_287
{'img': array([[[ 0.        ,  0.15620824,  0.07637942, ..., -0.84652441,
         -0.77514687, -0.7900427 ],
        [-0.15620824,  0.        , -0.08031013, ..., -0.91929004,
         -0.86432069, -0.876108  ],
        [-0.07637942,  0.08031013,  0.        , ..., -0.88471214,
         -0.82113761, -0.83455939],
        ...,
        [ 0.84652441,  0.91929004,  0.88471214, ...,  0.        ,
          0.12216872,  0.09838416],
        [ 0.77514687,  0.86432069,  0.82113761, ..., -0.12216872,
          0.        , -0.02392883],
        [ 0.7900427 ,  0.876108  ,  0.83455939, ..., -0.09838416,
          0.02392883,  0.        ]],

       [[ 0.        , -0.12882554, -0.57613358, ..., -0.94557422,
         -0.77435524, -0.7819962 ],
        [ 0.12882554,  0.        , -0.46603655, ..., -0.89577434,
         -0.68638825, -0.69518525],
        [ 0.57613358,  0.46603655,  0.        , ..., -0.58539272,
         -0.26837439, -0.28007456],
        ...,
        [ 0.94557422,  0.89577434,  0.58539272, ...,  0.        ,
          0.3463329 ,  0.33489387],
        [ 0.77435524,  0.68638825,  0.26837439, ..., -0.3463329 ,
          0.        , -0.01216636],
        [ 0.7819962 ,  0.69518525,  0.28007456, ..., -0.33489387,
          0.01216636,  0.        ]],

       [[ 0.        , -0.33017218, -0.44009454, ..., -0.96562042,
         -0.9932622 , -0.99999454],
        [ 0.33017218,  0.        , -0.11893577, ..., -0.82563883,
         -0.89929754, -0.94500666],
        [ 0.44009454,  0.11893577,  0.        , ..., -0.75267496,
         -0.84089923, -0.89940089],
        ...,
        [ 0.96562042,  0.82563883,  0.75267496, ...,  0.        ,
         -0.1463001 , -0.26314577],
        [ 0.9932622 ,  0.89929754,  0.84089923, ...,  0.1463001 ,
          0.        , -0.11917047],
        [ 0.99999454,  0.94500666,  0.89940089, ...,  0.26314577,
          0.11917047,  0.        ]],

       ...,

       [[ 0.        , -0.01813475, -0.19994978, ...,  0.10070273,
          0.3118217 ,  0.30278962],
        [ 0.01813475,  0.        , -0.18214836, ...,  0.11872873,
          0.32900098,  0.32002328],
        [ 0.19994978,  0.18214836,  0.        , ...,  0.29760251,
          0.49550523,  0.48723875],
        ...,
        [-0.10070273, -0.11872873, -0.29760251, ...,  0.        ,
          0.21455481,  0.20527492],
        [-0.3118217 , -0.32900098, -0.49550523, ..., -0.21455481,
          0.        , -0.00949126],
        [-0.30278962, -0.32002328, -0.48723875, ..., -0.20527492,
          0.00949126,  0.        ]],

       [[ 0.        ,  0.02478617,  0.0529814 , ..., -0.95376419,
         -0.96593131, -0.97919002],
        [-0.02478617,  0.        ,  0.02821376, ..., -0.9609208 ,
         -0.97204918, -0.98391943],
        [-0.0529814 , -0.02821376,  0.        , ..., -0.9683485 ,
         -0.97828617, -0.98856708],
        ...,
        [ 0.95376419,  0.9609208 ,  0.9683485 , ...,  0.        ,
         -0.04348357, -0.10073913],
        [ 0.96593131,  0.97204918,  0.97828617, ...,  0.04348357,
          0.        , -0.05738149],
        [ 0.97919002,  0.98391943,  0.98856708, ...,  0.10073913,
          0.05738149,  0.        ]],

       [[ 0.        , -0.36464385, -0.51402753, ..., -0.99935117,
         -0.99982621, -0.99833724],
        [ 0.36464385,  0.        , -0.16585333, ..., -0.91740948,
         -0.93778319, -0.9506181 ],
        [ 0.51402753,  0.16585333,  0.        , ..., -0.83870333,
         -0.86720748, -0.8859777 ],
        ...,
        [ 0.99935117,  0.91740948,  0.83870333, ...,  0.        ,
         -0.05464151, -0.09356326],
        [ 0.99982621,  0.93778319,  0.86720748, ...,  0.05464151,
          0.        , -0.03902167],
        [ 0.99833724,  0.9506181 ,  0.8859777 , ...,  0.09356326,
          0.03902167,  0.        ]]]), 'num': array([ 7.07059889e-01,  7.07059889e-01,  0.00000000e+00,  0.00000000e+00,
        3.26550028e-03,  3.27480370e-03,  3.18176950e-03,  6.42536953e-03,
       -5.58205176e-05,  3.30085327e-03,  3.49575991e-03,  3.46862494e-03,
        6.78193204e-07,  3.84065839e-03,  3.15086143e-03])}
{'img': array([[[ 0.        , -0.08031013, -0.44492435, ..., -0.86432069,
         -0.876108  , -0.93827789],
        [ 0.08031013,  0.        , -0.37156402, ..., -0.82113761,
         -0.83455939, -0.90746933],
        [ 0.44492435,  0.37156402,  0.        , ..., -0.55028735,
         -0.57010976, -0.68640032],
        ...,
        [ 0.86432069,  0.82113761,  0.55028735, ...,  0.        ,
         -0.02392883, -0.17294523],
        [ 0.876108  ,  0.83455939,  0.57010976, ...,  0.02392883,
          0.        , -0.14932745],
        [ 0.93827789,  0.90746933,  0.68640032, ...,  0.17294523,
          0.14932745,  0.        ]],

       [[ 0.        , -0.46603655,  0.243623  , ..., -0.68638825,
         -0.69518525, -0.47252741],
        [ 0.46603655,  0.        ,  0.66754409, ..., -0.26837439,
         -0.28007456, -0.00735047],
        [-0.243623  , -0.66754409,  0.        , ..., -0.84287862,
         -0.849363  , -0.672999  ],
        ...,
        [ 0.68638825,  0.26837439,  0.84287862, ...,  0.        ,
         -0.01216636,  0.26128632],
        [ 0.69518525,  0.28007456,  0.849363  , ...,  0.01216636,
          0.        ,  0.2730107 ],
        [ 0.47252741,  0.00735047,  0.672999  , ..., -0.26128632,
         -0.2730107 ,  0.        ]],

       [[ 0.        , -0.11893577, -0.20798528, ..., -0.89929754,
         -0.94500666, -0.97616316],
        [ 0.11893577,  0.        , -0.09017411, ..., -0.84089923,
         -0.89940089, -0.94342072],
        [ 0.20798528,  0.09017411,  0.        , ..., -0.78867193,
         -0.85631941, -0.90967567],
        ...,
        [ 0.89929754,  0.84089923,  0.78867193, ...,  0.        ,
         -0.11917047, -0.23173086],
        [ 0.94500666,  0.89940089,  0.85631941, ...,  0.11917047,
          0.        , -0.11415286],
        [ 0.97616316,  0.94342072,  0.90967567, ...,  0.23173086,
          0.11415286,  0.        ]],

       ...,

       [[ 0.        , -0.18214836, -0.2680727 , ...,  0.32900098,
          0.32002328,  0.38514758],
        [ 0.18214836,  0.        , -0.08810663, ...,  0.49550523,
          0.48723875,  0.546801  ],
        [ 0.2680727 ,  0.08810663,  0.        , ...,  0.57010809,
          0.56228468,  0.61844291],
        ...,
        [-0.32900098, -0.49550523, -0.57010809, ...,  0.        ,
         -0.00949126,  0.06008606],
        [-0.32002328, -0.48723875, -0.56228468, ...,  0.00949126,
          0.        ,  0.06955747],
        [-0.38514758, -0.546801  , -0.61844291, ..., -0.06008606,
         -0.06955747,  0.        ]],

       [[ 0.        ,  0.02821376,  0.09625537, ..., -0.97204918,
         -0.98391943, -0.99122802],
        [-0.02821376,  0.        ,  0.0681343 , ..., -0.97828617,
         -0.98856708, -0.99456224],
        [-0.09625537, -0.0681343 ,  0.        , ..., -0.99013421,
         -0.99654322, -0.99934681],
        ...,
        [ 0.97204918,  0.97828617,  0.99013421, ...,  0.        ,
         -0.05738149, -0.10424914],
        [ 0.98391943,  0.98856708,  0.99654322, ...,  0.05738149,
          0.        , -0.04700854],
        [ 0.99122802,  0.99456224,  0.99934681, ...,  0.10424914,
          0.04700854,  0.        ]],

       [[ 0.        , -0.38236693, -0.66298528, ..., -0.99986639,
         -0.99971088, -0.99635161],
        [ 0.38236693,  0.        , -0.32635312, ..., -0.91763674,
         -0.93293732, -0.95327187],
        [ 0.66298528,  0.32635312,  0.        , ..., -0.73769491,
         -0.76435728, -0.80248247],
        ...,
        [ 0.99986639,  0.91763674,  0.73769491, ...,  0.        ,
         -0.04038328, -0.10161876],
        [ 0.99971088,  0.93293732,  0.76435728, ...,  0.04038328,
          0.        , -0.06136164],
        [ 0.99635161,  0.95327187,  0.80248247, ...,  0.10161876,
          0.06136164,  0.        ]]]), 'num': array([ 9.97904518e-01,  6.12102018e-02,  5.69419037e-06, -3.73442516e-10,
        4.59163881e-03,  4.89867848e-03,  4.56372611e-03,  1.55517829e-02,
       -3.07039677e-04,  4.87913959e-03,  5.18757491e-03,  5.18617927e-03,
        1.02697662e-06,  5.73012337e-03,  4.64502644e-03])}
