state_0,state_1,state_2,state_3,state_4,state_5,state_6,state_7,state_8,state_9,state_10,state_11,state_12,state_13,state_14,state_15,state_16,state_17,state_18,state_19,state_20,state_21,state_22,state_23,state_24,state_25,state_26,state_27,state_28,state_29,state_30,state_31,state_32,state_33,state_34,state_35,state_36,state_37,state_38,state_39,state_40,state_41,state_42,state_43,state_44,state_45,state_46,state_47,state_48,state_49,state_50,state_51,state_52,state_53,state_54,state_55,state_56,state_57,state_58,state_59,state_60,state_61,state_62,state_63,state_64,state_65,state_66,state_67,state_68,state_69,state_70,state_71,state_72,state_73,state_74,state_75,state_76,state_77,state_78,state_79,state_80,state_81,state_82,state_83,state_84,state_85,state_86,state_87,state_88,state_89,state_90,state_91,state_92,state_93,state_94,state_95,state_96,state_97,state_98,state_99,state_100,state_101,state_102,state_103,state_104,state_105,state_106,state_107,state_108,state_109,state_110,state_111,state_112,state_113,state_114,state_115,state_116,state_117,state_118,state_119,state_120,state_121,state_122,state_123,state_124,state_125,state_126,state_127,state_128,state_129,state_130,state_131,state_132,state_133,state_134,state_135,state_136,state_137,state_138,state_139,state_140,state_141,state_142,state_143,state_144,state_145,state_146,state_147,state_148,state_149,state_150,state_151,state_152,state_153,state_154,state_155,state_156,state_157,state_158,state_159,state_160,state_161,state_162,state_163,state_164,state_165,state_166,state_167,state_168,state_169,state_170,state_171,state_172,state_173,state_174,state_175,state_176,state_177,state_178,state_179,state_180,state_181,state_182,state_183,state_184,state_185,state_186,state_187,state_188,state_189,state_190,state_191,state_192,state_193,state_194,state_195,state_196,state_197,state_198,state_199,state_200,state_201,state_202,state_203,state_204,state_205,state_206,state_207,state_208,state_209,state_210,state_211,state_212,state_213,state_214,state_215,state_216,state_217,state_218,state_219,state_220,state_221,state_222,state_223,state_224,state_225,state_226,state_227,state_228,state_229,state_230,state_231,state_232,state_233,state_234,state_235,state_236,state_237,state_238,state_239,state_240,state_241,state_242,state_243,state_244,state_245,state_246,state_247,state_248,state_249,state_250,state_251,state_252,state_253,state_254,state_255,state_256,state_257,state_258,state_259,state_260,state_261,state_262,state_263,state_264,state_265,state_266,state_267,state_268,state_269,state_270,state_271,state_272,state_273,state_274,state_275,state_276,state_277,state_278,state_279,state_280,state_281,state_282,state_283,state_284,state_285,state_286,state_287
{'img': array([[[ 0.        ,  0.01636104,  0.17782843, ..., -0.77624587,
         -0.79081406, -0.99094958],
        [-0.01636104,  0.        ,  0.16170436, ..., -0.78645646,
         -0.80072208, -0.99301316],
        [-0.17782843, -0.16170436,  0.        , ..., -0.87598211,
         -0.88705071, -0.99902607],
        ...,
        [ 0.77624587,  0.78645646,  0.87598211, ...,  0.        ,
         -0.02344683, -0.52052559],
        [ 0.79081406,  0.80072208,  0.88705071, ...,  0.02344683,
          0.        , -0.5003625 ],
        [ 0.99094958,  0.99301316,  0.99902607, ...,  0.52052559,
          0.5003625 ,  0.        ]],

       [[ 0.        ,  0.7607527 ,  0.54719832, ...,  0.5329152 ,
          0.54283306,  0.99999611],
        [-0.7607527 ,  0.        , -0.28159766, ..., -0.29784081,
         -0.28658964,  0.65116252],
        [-0.54719832,  0.28159766,  0.        , ..., -0.01697045,
         -0.00520648,  0.83852691],
        ...,
        [-0.5329152 ,  0.29784081,  0.01697045, ...,  0.        ,
          0.01176449,  0.84765268],
        [-0.54283306,  0.28658964,  0.00520648, ..., -0.01176449,
          0.        ,  0.84135235],
        [-0.99999611, -0.65116252, -0.83852691, ..., -0.84765268,
         -0.84135235,  0.        ]],

       [[ 0.        ,  0.00985911,  0.04667605, ..., -0.64168802,
         -0.64367443, -0.7430054 ],
        [-0.00985911,  0.        ,  0.03682541, ..., -0.64921844,
         -0.65118832, -0.74956784],
        [-0.04667605, -0.03682541,  0.        , ..., -0.67678757,
         -0.67869403, -0.77343518],
        ...,
        [ 0.64168802,  0.64921844,  0.67678757, ...,  0.        ,
         -0.00259276, -0.14038726],
        [ 0.64367443,  0.65118832,  0.67869403, ...,  0.00259276,
          0.        , -0.1378197 ],
        [ 0.7430054 ,  0.74956784,  0.77343518, ...,  0.14038726,
          0.1378197 ,  0.        ]],

       ...,

       [[ 0.        , -0.29858593, -0.09413192, ...,  0.90272536,
          0.78589527,  0.36543302],
        [ 0.29858593,  0.        ,  0.20742225, ...,  0.99000235,
          0.93467838,  0.626698  ],
        [ 0.09413192, -0.20742225,  0.        , ...,  0.93921419,
          0.84061306,  0.45143193],
        ...,
        [-0.90272536, -0.99000235, -0.93921419, ...,  0.        ,
         -0.22010317, -0.68307513],
        [-0.78589527, -0.93467838, -0.84061306, ...,  0.22010317,
          0.        , -0.50557187],
        [-0.36543302, -0.626698  , -0.45143193, ...,  0.68307513,
          0.50557187,  0.        ]],

       [[ 0.        , -0.07033047, -0.40913243, ..., -0.43787646,
         -0.53112294, -0.52946625],
        [ 0.07033047,  0.        , -0.34394452, ..., -0.50002173,
         -0.58939838, -0.58781867],
        [ 0.40913243,  0.34394452,  0.        , ..., -0.76737577,
         -0.83129218, -0.83020445],
        ...,
        [ 0.43787646,  0.50002173,  0.76737577, ...,  0.        ,
          0.10648775,  0.10454458],
        [ 0.53112294,  0.58939838,  0.83129218, ..., -0.10648775,
          0.        , -0.00195408],
        [ 0.52946625,  0.58781867,  0.83020445, ..., -0.10454458,
          0.00195408,  0.        ]],

       [[ 0.        ,  0.02442637,  0.04611666, ..., -0.76330495,
         -0.77188352, -0.78423101],
        [-0.02442637,  0.        ,  0.02170252, ..., -0.74729683,
         -0.75612381, -0.76884122],
        [-0.04611666, -0.02170252,  0.        , ..., -0.73269971,
         -0.74174297, -0.75478268],
        ...,
        [ 0.76330495,  0.74729683,  0.73269971, ...,  0.        ,
          0.01338457,  0.03303629],
        [ 0.77188352,  0.75612381,  0.74174297, ..., -0.01338457,
          0.        ,  0.01965607],
        [ 0.78423101,  0.76884122,  0.75478268, ..., -0.03303629,
         -0.01965607,  0.        ]]]), 'num': array([7.06951968e-01, 7.06951968e-01, 0.00000000e+00, 0.00000000e+00,
       7.28527308e-03, 7.38595800e-03, 7.19897172e-03, 7.48664292e-06,
       4.31506796e-05, 7.47513607e-03, 7.36761896e-03, 7.69544426e-03,
       3.96904836e-07, 7.83219848e-03, 6.90303944e-03])}
{'img': array([[[ 0.        ,  0.16170436,  0.7049044 , ..., -0.80072208,
         -0.99301316, -0.97924476],
        [-0.16170436,  0.        ,  0.58093005, ..., -0.88705071,
         -0.99902607, -0.99913161],
        [-0.7049044 , -0.58093005,  0.        , ..., -0.99021716,
         -0.78752785, -0.83745152],
        ...,
        [ 0.80072208,  0.88705071,  0.99021716, ...,  0.        ,
         -0.5003625 , -0.42431149],
        [ 0.99301316,  0.99902607,  0.78752785, ...,  0.5003625 ,
          0.        ,  0.08571072],
        [ 0.97924476,  0.99913161,  0.83745152, ...,  0.42431149,
         -0.08571072,  0.        ]],

       [[ 0.        , -0.28159766, -0.68677906, ..., -0.28658964,
          0.65116252,  0.11711855],
        [ 0.28159766,  0.        , -0.45430305, ..., -0.00520648,
          0.83852691,  0.39203875],
        [ 0.68677906,  0.45430305,  0.        , ...,  0.44965871,
          0.994531  ,  0.76718212],
        ...,
        [ 0.28658964,  0.00520648, -0.44965871, ...,  0.        ,
          0.84135235,  0.39682314],
        [-0.65116252, -0.83852691, -0.994531  , ..., -0.84135235,
          0.        , -0.55779543],
        [-0.11711855, -0.39203875, -0.76718212, ..., -0.39682314,
          0.55779543,  0.        ]],

       [[ 0.        ,  0.03682541,  0.25337001, ..., -0.65118832,
         -0.74956784, -0.83411873],
        [-0.03682541,  0.        ,  0.21757437, ..., -0.67869403,
         -0.77343518, -0.8538653 ],
        [-0.25337001, -0.21757437,  0.        , ..., -0.82222628,
         -0.89282161, -0.94665605],
        ...,
        [ 0.65118832,  0.67869403,  0.82222628, ...,  0.        ,
         -0.1378197 , -0.27384053],
        [ 0.74956784,  0.77343518,  0.89282161, ...,  0.1378197 ,
          0.        , -0.1386758 ],
        [ 0.83411873,  0.8538653 ,  0.94665605, ...,  0.27384053,
          0.1386758 ,  0.        ]],

       ...,

       [[ 0.        ,  0.20742225,  0.49720508, ...,  0.93467838,
          0.626698  ,  0.70513936],
        [-0.20742225,  0.        ,  0.30642522, ...,  0.84061306,
          0.45143193,  0.542727  ],
        [-0.49720508, -0.30642522,  0.        , ...,  0.63420418,
          0.15629075,  0.25924962],
        ...,
        [-0.93467838, -0.84061306, -0.63420418, ...,  0.        ,
         -0.50557187, -0.41207807],
        [-0.626698  , -0.45143193, -0.15629075, ...,  0.50557187,
          0.        ,  0.1051165 ],
        [-0.70513936, -0.542727  , -0.25924962, ...,  0.41207807,
         -0.1051165 ,  0.        ]],

       [[ 0.        , -0.40380329, -0.36099932, ..., -0.53142481,
         -0.52976738, -0.49816895],
        [ 0.40380329,  0.        ,  0.04631453, ..., -0.82823575,
         -0.82713841, -0.80587754],
        [ 0.36099932, -0.04631453,  0.        , ..., -0.80139325,
         -0.80022212, -0.77759075],
        ...,
        [ 0.53142481,  0.82823575,  0.80139325, ...,  0.        ,
         -0.00195539, -0.03878618],
        [ 0.52976738,  0.82713841,  0.80022212, ...,  0.00195539,
          0.        , -0.03683219],
        [ 0.49816895,  0.80587754,  0.77759075, ...,  0.03878618,
          0.03683219,  0.        ]],

       [[ 0.        ,  0.02170252,  0.02801675, ..., -0.75612381,
         -0.76884122, -0.82660993],
        [-0.02170252,  0.        ,  0.00631615, ..., -0.74174297,
         -0.75478268, -0.8142016 ],
        [-0.02801675, -0.00631615,  0.        , ..., -0.73749203,
         -0.75062439, -0.81051831],
        ...,
        [ 0.75612381,  0.74174297,  0.73749203, ...,  0.        ,
          0.01965607,  0.11542939],
        [ 0.76884122,  0.75478268,  0.75062439, ..., -0.01965607,
          0.        ,  0.0958824 ],
        [ 0.82660993,  0.8142016 ,  0.81051831, ..., -0.11542939,
         -0.0958824 ,  0.        ]]]), 'num': array([ 9.99565453e-01,  2.53735566e-04,  9.82607391e-07, -1.43777604e-10,
        1.03021826e-02,  1.04541322e-02,  1.01704930e-02,  9.37022512e-06,
        4.05198924e-05,  1.04034824e-02,  1.03893004e-02,  1.08218503e-02,
        5.70105463e-07,  1.10294442e-02,  9.74915665e-03])}
{'img': array([[[ 0.        ,  0.58093005,  0.21198869, ..., -0.99902607,
         -0.99913161, -0.99536942],
        [-0.58093005,  0.        , -0.3951778 , ..., -0.78752785,
         -0.83745152, -0.8660254 ],
        [-0.21198869,  0.3951778 ,  0.        , ..., -0.96696655,
         -0.98525612, -0.99312386],
        ...,
        [ 0.99902607,  0.78752785,  0.96696655, ...,  0.        ,
          0.08571072,  0.13994941],
        [ 0.99913161,  0.83745152,  0.98525612, ..., -0.08571072,
          0.        ,  0.0545672 ],
        [ 0.99536942,  0.8660254 ,  0.99312386, ..., -0.13994941,
         -0.0545672 ,  0.        ]],

       [[ 0.        , -0.45430305, -0.19253486, ...,  0.83852691,
          0.39203875,  0.26335114],
        [ 0.45430305,  0.        ,  0.27428395, ...,  0.994531  ,
          0.76718212,  0.67287179],
        [ 0.19253486, -0.27428395,  0.        , ...,  0.92774276,
          0.56182595,  0.44416226],
        ...,
        [-0.83852691, -0.994531  , -0.92774276, ...,  0.        ,
         -0.55779543, -0.6654374 ],
        [-0.39203875, -0.76718212, -0.56182595, ...,  0.55779543,
          0.        , -0.13593026],
        [-0.26335114, -0.67287179, -0.44416226, ...,  0.6654374 ,
          0.13593026,  0.        ]],

       [[ 0.        ,  0.21757437,  0.35438376, ..., -0.77343518,
         -0.8538653 , -0.93147784],
        [-0.21757437,  0.        ,  0.14244024, ..., -0.89282161,
         -0.94665605, -0.98831626],
        [-0.35438376, -0.14244024,  0.        , ..., -0.94787444,
         -0.98290414, -0.99994913],
        ...,
        [ 0.77343518,  0.89282161,  0.94787444, ...,  0.        ,
         -0.1386758 , -0.30906667],
        [ 0.8538653 ,  0.94665605,  0.98290414, ...,  0.1386758 ,
          0.        , -0.17419412],
        [ 0.93147784,  0.98831626,  0.99994913, ...,  0.30906667,
          0.17419412,  0.        ]],

       ...,

       [[ 0.        ,  0.30642522,  0.20203092, ...,  0.45143193,
          0.542727  ,  0.57693404],
        [-0.30642522,  0.        , -0.1077943 , ...,  0.15629075,
          0.25924962,  0.2988952 ],
        [-0.20203092,  0.1077943 ,  0.        , ...,  0.26184971,
          0.36184789,  0.40002019],
        ...,
        [-0.45143193, -0.15629075, -0.26184971, ...,  0.        ,
          0.1051165 ,  0.14607603],
        [-0.542727  , -0.25924962, -0.36184789, ..., -0.1051165 ,
          0.        ,  0.0412778 ],
        [-0.57693404, -0.2988952 , -0.40002019, ..., -0.14607603,
         -0.0412778 ,  0.        ]],

       [[ 0.        ,  0.07865021,  0.10961409, ..., -0.74316881,
         -0.71767328, -0.71006637],
        [-0.07865021,  0.        ,  0.03109825, ..., -0.68824151,
         -0.66067969, -0.65248643],
        [-0.10961409, -0.03109825,  0.        , ..., -0.66534742,
         -0.63701569, -0.62860458],
        ...,
        [ 0.74316881,  0.68824151,  0.66534742, ...,  0.        ,
         -0.03732983, -0.04818276],
        [ 0.71767328,  0.66067969,  0.63701569, ...,  0.03732983,
          0.        , -0.0108627 ],
        [ 0.71006637,  0.65248643,  0.62860458, ...,  0.04818276,
          0.0108627 ,  0.        ]],

       [[ 0.        ,  0.00631615,  0.01261582, ..., -0.75478268,
         -0.8142016 , -0.8449296 ],
        [-0.00631615,  0.        ,  0.00629992, ..., -0.75062439,
         -0.81051831, -0.84153438],
        [-0.01261582, -0.00629992,  0.        , ..., -0.74644695,
         -0.80681228, -0.83811444],
        ...,
        [ 0.75478268,  0.75062439,  0.74644695, ...,  0.        ,
          0.0958824 ,  0.15053633],
        [ 0.8142016 ,  0.81051831,  0.80681228, ..., -0.0958824 ,
          0.        ,  0.05505299],
        [ 0.8449296 ,  0.84153438,  0.83811444, ..., -0.15053633,
         -0.05505299,  0.        ]]]), 'num': array([7.17988686e-01, 6.95731928e-01, 2.18632198e-08, 1.60934501e-09,
       7.41891926e-03, 7.46993344e-03, 7.36790508e-03, 3.82606347e-06,
       7.28773994e-06, 7.43786739e-03, 7.48523770e-03, 7.77188880e-03,
       3.96226638e-07, 7.92932126e-03, 7.04115413e-03])}
{'img': array([[[ 0.        , -0.3951778 , -0.21440801, ..., -0.83745152,
         -0.8660254 , -0.87263549],
        [ 0.3951778 ,  0.        ,  0.18903142, ..., -0.98525612,
         -0.99312386, -0.99460083],
        [ 0.21440801, -0.18903142,  0.        , ..., -0.93515237,
         -0.95308928, -0.95705253],
        ...,
        [ 0.83745152,  0.98525612,  0.93515237, ...,  0.        ,
          0.0545672 ,  0.06791749],
        [ 0.8660254 ,  0.99312386,  0.95308928, ..., -0.0545672 ,
          0.        ,  0.01337511],
        [ 0.87263549,  0.99460083,  0.95705253, ..., -0.06791749,
         -0.01337511,  0.        ]],

       [[ 0.        ,  0.27428395, -0.59750551, ...,  0.76718212,
          0.67287179,  0.21151289],
        [-0.27428395,  0.        , -0.79452908, ...,  0.56182595,
          0.44416226, -0.06467723],
        [ 0.59750551,  0.79452908,  0.        , ...,  0.9984339 ,
          0.98156236,  0.75359182],
        ...,
        [-0.76718212, -0.56182595, -0.9984339 , ...,  0.        ,
         -0.13593026, -0.61415421],
        [-0.67287179, -0.44416226, -0.98156236, ...,  0.13593026,
          0.        , -0.50117962],
        [-0.21151289,  0.06467723, -0.75359182, ...,  0.61415421,
          0.50117962,  0.        ]],

       [[ 0.        ,  0.14244024,  0.28830672, ..., -0.94665605,
         -0.98831626, -0.99842207],
        [-0.14244024,  0.        ,  0.14897501, ..., -0.98290414,
         -0.99994913, -0.99624028],
        [-0.28830672, -0.14897501,  0.        , ..., -0.99936486,
         -0.99029336, -0.97221703],
        ...,
        [ 0.94665605,  0.98290414,  0.99936486, ...,  0.        ,
         -0.17419412, -0.26857786],
        [ 0.98831626,  0.99994913,  0.99029336, ...,  0.17419412,
          0.        , -0.09667778],
        [ 0.99842207,  0.99624028,  0.97221703, ...,  0.26857786,
          0.09667778,  0.        ]],

       ...,

       [[ 0.        , -0.1077943 ,  0.12366087, ...,  0.25924962,
          0.2988952 ,  0.22943636],
        [ 0.1077943 ,  0.        ,  0.22990725, ...,  0.36184789,
          0.40002019,  0.33301823],
        [-0.12366087, -0.22990725,  0.        , ...,  0.13782682,
          0.17859321,  0.10731329],
        ...,
        [-0.25924962, -0.36184789, -0.13782682, ...,  0.        ,
          0.0412778 , -0.03074178],
        [-0.2988952 , -0.40002019, -0.17859321, ..., -0.0412778 ,
          0.        , -0.07197387],
        [-0.22943636, -0.33301823, -0.10731329, ...,  0.03074178,
          0.07197387,  0.        ]],

       [[ 0.        ,  0.03109825,  0.19233862, ..., -0.66067969,
         -0.65248643, -0.62675581],
        [-0.03109825,  0.        ,  0.16172799, ..., -0.63701569,
         -0.62860458, -0.60222042],
        [-0.19233862, -0.16172799,  0.        , ..., -0.50396145,
         -0.49454932, -0.46518013],
        ...,
        [ 0.66067969,  0.63701569,  0.50396145, ...,  0.        ,
         -0.0108627 , -0.04432653],
        [ 0.65248643,  0.62860458,  0.49454932, ...,  0.0108627 ,
          0.        , -0.03347189],
        [ 0.62675581,  0.60222042,  0.46518013, ...,  0.04432653,
          0.03347189,  0.        ]],

       [[ 0.        ,  0.00629992,  0.014543  , ..., -0.81051831,
         -0.84153438, -0.87963044],
        [-0.00629992,  0.        ,  0.00824347, ..., -0.80681228,
         -0.83811444, -0.87661638],
        [-0.014543  , -0.00824347,  0.        , ..., -0.80191456,
         -0.8335892 , -0.87261992],
        ...,
        [ 0.81051831,  0.80681228,  0.80191456, ...,  0.        ,
          0.05505299,  0.12968194],
        [ 0.84153438,  0.83811444,  0.8335892 , ..., -0.05505299,
          0.        ,  0.07489716],
        [ 0.87963044,  0.87661638,  0.87261992, ..., -0.12968194,
         -0.07489716,  0.        ]]]), 'num': array([9.66528399e-01, 2.54987258e-01, 6.90146597e-07, 2.07901310e-09,
       1.00217062e-02, 1.00508673e-02, 9.83701910e-03, 9.39960224e-06,
       1.26364870e-04, 9.88756505e-03, 1.00114998e-02, 1.03475008e-02,
       5.05856229e-07, 1.05544321e-02, 9.46856752e-03])}
{'img': array([[[ 0.        ,  0.22190448,  0.3680031 , ..., -0.98974079,
         -0.99157001, -0.99931471],
        [-0.22190448,  0.        ,  0.15249596, ..., -0.93336046,
         -0.93809597, -0.98261402],
        [-0.3680031 , -0.15249596,  0.        , ..., -0.86770699,
         -0.87430323, -0.94280904],
        ...,
        [ 0.98974079,  0.93336046,  0.86770699, ...,  0.        ,
          0.01342745,  0.1794121 ],
        [ 0.99157001,  0.93809597,  0.87430323, ..., -0.01342745,
          0.        ,  0.16618635],
        [ 0.99931471,  0.98261402,  0.94280904, ..., -0.1794121 ,
         -0.16618635,  0.        ]],

       [[ 0.        , -0.79452908, -0.18822206, ...,  0.44416226,
         -0.06467723,  0.48808122],
        [ 0.79452908,  0.        ,  0.66603471, ...,  0.98156236,
          0.75359182,  0.98983922],
        [ 0.18822206, -0.66603471,  0.        , ...,  0.60486039,
          0.12430674,  0.64363737],
        ...,
        [-0.44416226, -0.98156236, -0.60486039, ...,  0.        ,
         -0.50117962,  0.04963056],
        [ 0.06467723, -0.75359182, -0.12430674, ...,  0.50117962,
          0.        ,  0.54350946],
        [-0.48808122, -0.98983922, -0.64363737, ..., -0.04963056,
         -0.54350946,  0.        ]],

       [[ 0.        ,  0.14897501,  0.48295047, ..., -0.99994913,
         -0.99624028, -0.99010741],
        [-0.14897501,  0.        ,  0.34711159, ..., -0.99029336,
         -0.97221703, -0.95815586],
        [-0.48295047, -0.34711159,  0.        , ..., -0.88047463,
         -0.83051597, -0.79922175],
        ...,
        [ 0.99994913,  0.99029336,  0.88047463, ...,  0.        ,
         -0.09667778, -0.15029154],
        [ 0.99624028,  0.97221703,  0.83051597, ...,  0.09667778,
          0.        , -0.05400785],
        [ 0.99010741,  0.95815586,  0.79922175, ...,  0.15029154,
          0.05400785,  0.        ]],

       ...,

       [[ 0.        ,  0.22990725,  0.34119912, ...,  0.40002019,
          0.33301823,  0.25054534],
        [-0.22990725,  0.        ,  0.11594851, ...,  0.17859321,
          0.10731329,  0.02125953],
        [-0.34119912, -0.11594851,  0.        , ...,  0.06330424,
         -0.00868945, -0.09480616],
        ...,
        [-0.40002019, -0.17859321, -0.06330424, ...,  0.        ,
         -0.07197387, -0.1576351 ],
        [-0.33301823, -0.10731329,  0.00868945, ...,  0.07197387,
          0.        , -0.08615227],
        [-0.25054534, -0.02125953,  0.09480616, ...,  0.1576351 ,
          0.08615227,  0.        ]],

       [[ 0.        ,  0.16172799, -0.02480573, ..., -0.62860458,
         -0.60222042, -0.50713675],
        [-0.16172799,  0.        , -0.18615739, ..., -0.49454932,
         -0.46518013, -0.36107269],
        [ 0.02480573,  0.18615739,  0.        , ..., -0.64770319,
         -0.62183826, -0.5283599 ],
        ...,
        [ 0.62860458,  0.49454932,  0.64770319, ...,  0.        ,
         -0.03347189, -0.1473597 ],
        [ 0.60222042,  0.46518013,  0.62183826, ...,  0.03347189,
          0.        , -0.11417065],
        [ 0.50713675,  0.36107269,  0.5283599 , ...,  0.1473597 ,
          0.11417065,  0.        ]],

       [[ 0.        ,  0.00824347,  0.0140731 , ..., -0.83811444,
         -0.87661638, -0.93591427],
        [-0.00824347,  0.        ,  0.00582998, ..., -0.8335892 ,
         -0.87261992, -0.93297889],
        [-0.0140731 , -0.00582998,  0.        , ..., -0.83035464,
         -0.86975773, -0.93086464],
        ...,
        [ 0.83811444,  0.8335892 ,  0.83035464, ...,  0.        ,
          0.07489716,  0.21532875],
        [ 0.87661638,  0.87261992,  0.86975773, ..., -0.07489716,
          0.        ,  0.14158376],
        [ 0.93591427,  0.93297889,  0.93086464, ..., -0.21532875,
         -0.14158376,  0.        ]]]), 'num': array([ 7.06954468e-01,  7.06954468e-01,  0.00000000e+00,  7.33607496e-09,
        7.23945818e-03,  7.36759019e-03,  7.23233974e-03,  3.17482630e-06,
       -9.96582248e-05,  7.25511876e-03,  7.33982825e-03,  7.56322877e-03,
        3.09335552e-07,  7.72247759e-03,  6.95717891e-03])}
{'img': array([[[ 0.        ,  0.15249596, -0.65279814, ..., -0.93809597,
         -0.98261402, -0.93336046],
        [-0.15249596,  0.        , -0.76068363, ..., -0.87430323,
         -0.94280904, -0.86770699],
        [ 0.65279814,  0.76068363,  0.        , ..., -0.93675088,
         -0.86556006, -0.94136599],
        ...,
        [ 0.93809597,  0.87430323,  0.93675088, ...,  0.        ,
          0.16618635, -0.01342745],
        [ 0.98261402,  0.94280904,  0.86556006, ..., -0.16618635,
          0.        , -0.1794121 ],
        [ 0.93336046,  0.86770699,  0.94136599, ...,  0.01342745,
          0.1794121 ,  0.        ]],

       [[ 0.        ,  0.66603471,  0.80928762, ...,  0.75359182,
          0.98983922,  0.66209802],
        [-0.66603471,  0.        ,  0.21242725, ...,  0.12430674,
          0.64363737, -0.00526526],
        [-0.80928762, -0.21242725,  0.        , ..., -0.08930995,
          0.46637049, -0.21756939],
        ...,
        [-0.75359182, -0.12430674,  0.08930995, ...,  0.        ,
          0.54350946, -0.12952944],
        [-0.98983922, -0.64363737, -0.46637049, ..., -0.54350946,
          0.        , -0.64765811],
        [-0.66209802,  0.00526526,  0.21756939, ...,  0.12952944,
          0.64765811,  0.        ]],

       [[ 0.        ,  0.34711159,  0.07472549, ..., -0.97221703,
         -0.95815586, -0.9668325 ],
        [-0.34711159,  0.        , -0.27606177, ..., -0.83051597,
         -0.79922175, -0.81806236],
        [-0.07472549,  0.27606177,  0.        , ..., -0.95200701,
         -0.93408704, -0.94504364],
        ...,
        [ 0.97221703,  0.83051597,  0.95200701, ...,  0.        ,
         -0.05400785, -0.02199777],
        [ 0.95815586,  0.79922175,  0.93408704, ...,  0.05400785,
          0.        ,  0.03202912],
        [ 0.9668325 ,  0.81806236,  0.94504364, ...,  0.02199777,
         -0.03202912,  0.        ]],

       ...,

       [[ 0.        ,  0.11594851, -0.40210269, ...,  0.10731329,
          0.02125953, -0.28869488],
        [-0.11594851,  0.        , -0.50555243, ..., -0.00868945,
         -0.09480616, -0.39775925],
        [ 0.40210269,  0.50555243,  0.        , ...,  0.49803612,
          0.42147693,  0.12065416],
        ...,
        [-0.10731329,  0.00868945, -0.49803612, ...,  0.        ,
         -0.08615227, -0.38977175],
        [-0.02125953,  0.09480616, -0.42147693, ...,  0.08615227,
          0.        , -0.30898396],
        [ 0.28869488,  0.39775925, -0.12065416, ...,  0.38977175,
          0.30898396,  0.        ]],

       [[ 0.        , -0.18615739, -0.56133821, ..., -0.46518013,
         -0.36107269, -0.30390896],
        [ 0.18615739,  0.        , -0.39746464, ..., -0.62183826,
         -0.5283599 , -0.47594897],
        [ 0.56133821,  0.39746464,  0.        , ..., -0.88188239,
         -0.82228792, -0.78629847],
        ...,
        [ 0.46518013,  0.62183826,  0.88188239, ...,  0.        ,
         -0.11417065, -0.17415252],
        [ 0.36107269,  0.5283599 ,  0.82228792, ...,  0.11417065,
          0.        , -0.06058779],
        [ 0.30390896,  0.47594897,  0.78629847, ...,  0.17415252,
          0.06058779,  0.        ]],

       [[ 0.        ,  0.00582998,  0.06400647, ..., -0.87261992,
         -0.93297889, -0.95096602],
        [-0.00582998,  0.        ,  0.05818736, ..., -0.86975773,
         -0.93086464, -0.94914668],
        [-0.06400647, -0.05818736,  0.        , ..., -0.83956985,
         -0.90802788, -0.92921915],
        ...,
        [ 0.87261992,  0.86975773,  0.83956985, ...,  0.        ,
          0.14158376,  0.19455443],
        [ 0.93297889,  0.93086464,  0.90802788, ..., -0.14158376,
          0.        ,  0.0537162 ],
        [ 0.95096602,  0.94914668,  0.92921915, ..., -0.19455443,
         -0.0537162 ,  0.        ]]]), 'num': array([9.89964215e-01, 1.38303823e-01, 8.37424180e-07, 1.01511060e-08,
       1.01388142e-02, 1.02185689e-02, 1.01188755e-02, 6.72930145e-06,
       0.00000000e+00, 1.01687222e-02, 1.02893511e-02, 1.05711510e-02,
       3.32311183e-07, 1.08066780e-02, 9.77202428e-03])}
{'img': array([[[ 0.        , -0.76068363, -0.58245144, ..., -0.94280904,
         -0.86770699, -0.86770699],
        [ 0.76068363,  0.        ,  0.24025096, ..., -0.86556006,
         -0.94136599, -0.94136599],
        [ 0.58245144, -0.24025096,  0.        , ..., -0.96052742,
         -0.99485172, -0.99485172],
        ...,
        [ 0.94280904,  0.86556006,  0.96052742, ...,  0.        ,
         -0.1794121 , -0.1794121 ],
        [ 0.86770699,  0.94136599,  0.99485172, ...,  0.1794121 ,
          0.        ,  0.        ],
        [ 0.86770699,  0.94136599,  0.99485172, ...,  0.1794121 ,
          0.        ,  0.        ]],

       [[ 0.        ,  0.22470874,  0.25645229, ...,  0.66435197,
         -0.00567296,  0.34849273],
        [-0.22470874,  0.        ,  0.03269999, ...,  0.47941004,
         -0.230233  ,  0.12895829],
        [-0.25645229, -0.03269999,  0.        , ...,  0.45045643,
         -0.2619314 ,  0.09646237],
        ...,
        [-0.66435197, -0.47941004, -0.45045643, ...,  0.        ,
         -0.66858136, -0.36223434],
        [ 0.00567296,  0.230233  ,  0.2619314 , ...,  0.66858136,
          0.        ,  0.35380445],
        [-0.34849273, -0.12895829, -0.09646237, ...,  0.36223434,
         -0.35380445,  0.        ]],

       [[ 0.        , -0.27606177, -0.39866081, ..., -0.79922175,
         -0.81806236, -0.82525052],
        [ 0.27606177,  0.        , -0.12999299, ..., -0.93408704,
         -0.94504364, -0.94909173],
        [ 0.39866081,  0.12999299,  0.        , ..., -0.97257463,
         -0.97952532, -0.98198637],
        ...,
        [ 0.79922175,  0.93408704,  0.97257463, ...,  0.        ,
          0.03202912,  0.04463155],
        [ 0.81806236,  0.94504364,  0.97952532, ..., -0.03202912,
          0.        ,  0.01261145],
        [ 0.82525052,  0.94909173,  0.98198637, ..., -0.04463155,
         -0.01261145,  0.        ]],

       ...,

       [[ 0.        , -0.50555243, -0.01523818, ..., -0.09480616,
         -0.39775925, -0.72296321],
        [ 0.50555243,  0.        ,  0.49234628, ...,  0.42147693,
          0.12065416, -0.27449032],
        [ 0.01523818, -0.49234628,  0.        , ..., -0.0796256 ,
         -0.38373219, -0.71235141],
        ...,
        [ 0.09480616, -0.42147693,  0.0796256 , ...,  0.        ,
         -0.30898396, -0.6542065 ],
        [ 0.39775925, -0.12065416,  0.38373219, ...,  0.30898396,
          0.        , -0.38850487],
        [ 0.72296321,  0.27449032,  0.71235141, ...,  0.6542065 ,
          0.38850487,  0.        ]],

       [[ 0.        , -0.53681418, -0.6925101 , ..., -0.36260519,
         -0.30521322, -0.24009382],
        [ 0.53681418,  0.        , -0.19700898, ..., -0.80621032,
         -0.76870813, -0.72367948],
        [ 0.6925101 ,  0.19700898,  0.        , ..., -0.90696619,
         -0.87964963, -0.84545961],
        ...,
        [ 0.36260519,  0.80621032,  0.90696619, ...,  0.        ,
         -0.06086185, -0.12824515],
        [ 0.30521322,  0.76870813,  0.87964963, ...,  0.06086185,
          0.        , -0.06764813],
        [ 0.24009382,  0.72367948,  0.84545961, ...,  0.12824515,
          0.06764813,  0.        ]],

       [[ 0.        ,  0.05818736,  0.28086165, ..., -0.93086464,
         -0.94914668, -0.96254519],
        [-0.05818736,  0.        ,  0.22454056, ..., -0.90802788,
         -0.92921915, -0.9451385 ],
        [-0.28086165, -0.22454056,  0.        , ..., -0.79077893,
         -0.82251702, -0.8476535 ],
        ...,
        [ 0.93086464,  0.90802788,  0.79077893, ...,  0.        ,
          0.0537162 ,  0.09930234],
        [ 0.94914668,  0.92921915,  0.82251702, ..., -0.0537162 ,
          0.        ,  0.04570828],
        [ 0.96254519,  0.9451385 ,  0.8476535 , ..., -0.09930234,
         -0.04570828,  0.        ]]]), 'num': array([7.06953923e-01, 7.06953923e-01, 0.00000000e+00, 6.24203644e-09,
       7.25770829e-03, 7.35751961e-03, 7.25057891e-03, 4.47725030e-06,
       7.12937946e-06, 7.27339293e-03, 7.36785721e-03, 7.54466582e-03,
       2.68572514e-07, 7.71620528e-03, 7.01950913e-03])}
{'img': array([[[ 0.        ,  0.57328671, -0.23132424, ..., -0.98889667,
         -0.98889667, -0.98666098],
        [-0.57328671,  0.        , -0.74727392, ..., -0.8954504 ,
         -0.8954504 , -0.90174995],
        [ 0.23132424,  0.74727392,  0.        , ..., -0.92769866,
         -0.92769866, -0.92224256],
        ...,
        [ 0.98889667,  0.8954504 ,  0.92769866, ...,  0.        ,
          0.        ,  0.01435851],
        [ 0.98889667,  0.8954504 ,  0.92769866, ...,  0.        ,
          0.        ,  0.01435851],
        [ 0.98666098,  0.90174995,  0.92224256, ..., -0.01435851,
         -0.01435851,  0.        ]],

       [[ 0.        ,  0.03269999,  0.16802905, ..., -0.230233  ,
          0.12895829,  0.06316989],
        [-0.03269999,  0.        ,  0.13570413, ..., -0.2619314 ,
          0.09646237,  0.03050142],
        [-0.16802905, -0.13570413,  0.        , ..., -0.3904746 ,
         -0.03950125, -0.10542173],
        ...,
        [ 0.230233  ,  0.2619314 ,  0.3904746 , ...,  0.        ,
          0.35380445,  0.29124604],
        [-0.12895829, -0.09646237,  0.03950125, ..., -0.35380445,
          0.        , -0.06605831],
        [-0.06316989, -0.03050142,  0.10542173, ..., -0.29124604,
          0.06605831,  0.        ]],

       [[ 0.        , -0.29632919, -0.51033856, ..., -0.82391685,
         -0.83108684, -0.83284874],
        [ 0.29632919,  0.        , -0.23258187, ..., -0.95484427,
         -0.9585606 , -0.95946046],
        [ 0.51033856,  0.23258187,  0.        , ..., -0.99776105,
         -0.99853377, -0.99870064],
        ...,
        [ 0.82391685,  0.95484427,  0.99776105, ...,  0.        ,
          0.01277049,  0.01594577],
        [ 0.83108684,  0.9585606 ,  0.99853377, ..., -0.01277049,
          0.        ,  0.00317561],
        [ 0.83284874,  0.95946046,  0.99870064, ..., -0.01594577,
         -0.00317561,  0.        ]],

       ...,

       [[ 0.        ,  0.49234628,  0.25508529, ...,  0.12065416,
         -0.27449032, -0.09898069],
        [-0.49234628,  0.        , -0.25403268, ..., -0.38373219,
         -0.71235141, -0.57608128],
        [-0.25508529,  0.25403268,  0.        , ..., -0.13655904,
         -0.51069721, -0.34953892],
        ...,
        [-0.12065416,  0.38373219,  0.13655904, ...,  0.        ,
         -0.38850487, -0.21831926],
        [ 0.27449032,  0.71235141,  0.51069721, ...,  0.38850487,
          0.        ,  0.17796357],
        [ 0.09898069,  0.57608128,  0.34953892, ...,  0.21831926,
         -0.17796357,  0.        ]],

       [[ 0.        , -0.49687458, -0.58877942, ..., -0.33796068,
         -0.27613616, -0.        ],
        [ 0.49687458,  0.        , -0.10933533, ..., -0.76092842,
         -0.7171925 , -0.49687458],
        [ 0.58877942,  0.10933533,  0.        , ..., -0.82730728,
         -0.78908594, -0.58877942],
        ...,
        [ 0.33796068,  0.76092842,  0.82730728, ...,  0.        ,
         -0.06493189, -0.33796068],
        [ 0.27613616,  0.7171925 ,  0.78908594, ...,  0.06493189,
          0.        , -0.27613616],
        [ 0.        ,  0.49687458,  0.58877942, ...,  0.33796068,
          0.27613616,  0.        ]],

       [[ 0.        ,  0.22454056, -0.02865649, ..., -0.92921915,
         -0.9451385 , -0.96503751],
        [-0.22454056,  0.        , -0.25237309, ..., -0.82251702,
         -0.8476535 , -0.8815403 ],
        [ 0.02865649,  0.25237309,  0.        , ..., -0.93942694,
         -0.95411156, -0.9721524 ],
        ...,
        [ 0.92921915,  0.82251702,  0.93942694, ...,  0.        ,
          0.04570828,  0.11305016],
        [ 0.9451385 ,  0.8476535 ,  0.95411156, ..., -0.04570828,
          0.        ,  0.06751675],
        [ 0.96503751,  0.8815403 ,  0.9721524 , ..., -0.11305016,
         -0.06751675,  0.        ]]]), 'num': array([9.99560511e-01, 4.03113931e-03, 9.76009188e-07, 8.66609276e-09,
       1.02631894e-02, 1.04040567e-02, 1.02330036e-02, 1.06254196e-05,
       2.01239008e-05, 1.02692266e-02, 1.04136156e-02, 1.06321276e-02,
       4.01070750e-07, 1.08677418e-02, 9.95948930e-03])}
{'img': array([[[ 0.        , -0.74727392, -0.71096657, ..., -0.8954504 ,
         -0.90174995, -0.91367231],
        [ 0.74727392,  0.        ,  0.05305355, ..., -0.92769866,
         -0.92224256, -0.91088068],
        [ 0.71096657, -0.05305355,  0.        , ..., -0.94619863,
         -0.94145487, -0.93149146],
        ...,
        [ 0.8954504 ,  0.92769866,  0.94619863, ...,  0.        ,
          0.01435851,  0.04277428],
        [ 0.90174995,  0.92224256,  0.94145487, ..., -0.01435851,
          0.        ,  0.0284245 ],
        [ 0.91367231,  0.91088068,  0.93149146, ..., -0.04277428,
         -0.0284245 ,  0.        ]],

       [[ 0.        ,  0.13570413, -0.48284415, ...,  0.09646237,
          0.03050142,  0.54261322],
        [-0.13570413,  0.        , -0.59721452, ..., -0.03950125,
         -0.10542173,  0.4236046 ],
        [ 0.48284415,  0.59721452,  0.        , ...,  0.56506518,
          0.50932978,  0.88075053],
        ...,
        [-0.09646237,  0.03950125, -0.56506518, ...,  0.        ,
         -0.06605831,  0.45905609],
        [-0.03050142,  0.10542173, -0.50932978, ...,  0.06605831,
          0.        ,  0.51674009],
        [-0.54261322, -0.4236046 , -0.88075053, ..., -0.45905609,
         -0.51674009,  0.        ]],

       [[ 0.        , -0.43026484, -0.6       , ..., -0.8378204 ,
         -0.83957536, -0.84304831],
        [ 0.43026484,  0.        , -0.19740975, ..., -0.99120408,
         -0.99162541, -0.9924347 ],
        [ 0.6       ,  0.19740975,  0.        , ..., -0.99782389,
         -0.99760623, -0.99714135],
        ...,
        [ 0.8378204 ,  0.99120408,  0.99782389, ...,  0.        ,
          0.00322249,  0.0096473 ],
        [ 0.83957536,  0.99162541,  0.99760623, ..., -0.00322249,
          0.        ,  0.00642491],
        [ 0.84304831,  0.9924347 ,  0.99714135, ..., -0.0096473 ,
         -0.00642491,  0.        ]],

       ...,

       [[ 0.        , -0.25403268, -0.27514247, ..., -0.71235141,
         -0.57608128, -0.50458459],
        [ 0.25403268,  0.        , -0.0218887 , ..., -0.51069721,
         -0.34953892, -0.26870978],
        [ 0.27514247,  0.0218887 ,  0.        , ..., -0.49175581,
         -0.32894717, -0.24756175],
        ...,
        [ 0.71235141,  0.51069721,  0.49175581, ...,  0.        ,
          0.17796357,  0.26088828],
        [ 0.57608128,  0.34953892,  0.32894717, ..., -0.17796357,
          0.        ,  0.08492322],
        [ 0.50458459,  0.26870978,  0.24756175, ..., -0.26088828,
         -0.08492322,  0.        ]],

       [[ 0.        , -0.34671571, -0.55809143, ..., -0.42373783,
         -0.32328987, -0.        ],
        [ 0.34671571,  0.        , -0.23577559, ..., -0.71150333,
         -0.63133335, -0.34671571],
        [ 0.55809143,  0.23577559,  0.        , ..., -0.85711973,
         -0.7963812 , -0.55809143],
        ...,
        [ 0.42373783,  0.71150333,  0.85711973, ...,  0.        ,
         -0.10815202, -0.42373783],
        [ 0.32328987,  0.63133335,  0.7963812 , ...,  0.10815202,
          0.        , -0.32328987],
        [ 0.        ,  0.34671571,  0.55809143, ...,  0.42373783,
          0.32328987,  0.        ]],

       [[ 0.        , -0.25237309, -0.28179734, ..., -0.8476535 ,
         -0.8815403 , -0.91547798],
        [ 0.25237309,  0.        , -0.03053016, ..., -0.95411156,
         -0.9721524 , -0.98739084],
        [ 0.28179734,  0.03053016,  0.        , ..., -0.96280909,
         -0.97885395, -0.99176353],
        ...,
        [ 0.8476535 ,  0.95411156,  0.96280909, ...,  0.        ,
          0.06751675,  0.14463835],
        [ 0.8815403 ,  0.9721524 ,  0.97885395, ..., -0.06751675,
          0.        ,  0.07750152],
        [ 0.91547798,  0.98739084,  0.99176353, ..., -0.14463835,
         -0.07750152,  0.        ]]]), 'num': array([7.06953730e-01, 7.06953730e-01, 0.00000000e+00, 6.36798364e-09,
       7.27068039e-03, 7.36334592e-03, 7.26355227e-03, 3.84918373e-06,
       0.00000000e+00, 7.25927540e-03, 7.38437387e-03, 7.51909530e-03,
       2.48404113e-07, 7.68958636e-03, 7.07916137e-03])}
{'img': array([[[ 0.        ,  0.06899762, -0.1959928 , ..., -0.962905  ,
         -0.95443268, -0.95443268],
        [-0.06899762,  0.        , -0.26318516, ..., -0.97922859,
         -0.97274881, -0.97274881],
        [ 0.1959928 ,  0.26318516,  0.        , ..., -0.89134297,
         -0.87743237, -0.87743237],
        ...,
        [ 0.962905  ,  0.97922859,  0.89134297, ...,  0.        ,
          0.02981148,  0.02981148],
        [ 0.95443268,  0.97274881,  0.87743237, ..., -0.02981148,
          0.        ,  0.        ],
        [ 0.95443268,  0.97274881,  0.87743237, ..., -0.02981148,
          0.        ,  0.        ]],

