state_0,state_1,state_2,state_3,state_4,state_5,state_6,state_7,state_8,state_9,state_10,state_11,state_12,state_13,state_14,state_15,state_16,state_17,state_18,state_19,state_20,state_21,state_22,state_23,state_24,state_25,state_26,state_27,state_28,state_29,state_30,state_31,state_32,state_33,state_34,state_35,state_36,state_37,state_38,state_39,state_40,state_41,state_42,state_43,state_44,state_45,state_46,state_47,state_48,state_49,state_50,state_51,state_52,state_53,state_54,state_55,state_56,state_57,state_58,state_59,state_60,state_61,state_62,state_63,state_64,state_65,state_66,state_67,state_68,state_69,state_70,state_71,state_72,state_73,state_74,state_75,state_76,state_77,state_78,state_79,state_80,state_81,state_82,state_83,state_84,state_85,state_86,state_87,state_88,state_89,state_90,state_91,state_92,state_93,state_94,state_95,state_96,state_97,state_98,state_99,state_100,state_101,state_102,state_103,state_104,state_105,state_106,state_107,state_108,state_109,state_110,state_111,state_112,state_113,state_114,state_115,state_116,state_117,state_118,state_119,state_120,state_121,state_122,state_123,state_124,state_125,state_126,state_127,state_128,state_129,state_130,state_131,state_132,state_133,state_134,state_135,state_136,state_137,state_138,state_139,state_140,state_141,state_142,state_143,state_144,state_145,state_146,state_147,state_148,state_149,state_150,state_151,state_152,state_153,state_154,state_155,state_156,state_157,state_158,state_159,state_160,state_161,state_162,state_163,state_164,state_165,state_166,state_167,state_168,state_169,state_170,state_171,state_172,state_173,state_174,state_175,state_176,state_177,state_178,state_179,state_180,state_181,state_182,state_183,state_184,state_185,state_186,state_187,state_188,state_189,state_190,state_191,state_192,state_193,state_194,state_195,state_196,state_197,state_198,state_199,state_200,state_201,state_202,state_203,state_204,state_205,state_206,state_207,state_208,state_209,state_210,state_211,state_212,state_213,state_214,state_215,state_216,state_217,state_218,state_219,state_220,state_221,state_222,state_223,state_224,state_225,state_226,state_227,state_228,state_229,state_230,state_231,state_232,state_233,state_234,state_235,state_236,state_237,state_238,state_239,state_240,state_241,state_242,state_243,state_244,state_245,state_246,state_247,state_248,state_249,state_250,state_251,state_252,state_253,state_254,state_255,state_256,state_257,state_258,state_259,state_260,state_261,state_262,state_263,state_264,state_265,state_266,state_267,state_268,state_269,state_270,state_271,state_272,state_273,state_274,state_275,state_276,state_277,state_278,state_279,state_280,state_281,state_282,state_283,state_284,state_285,state_286,state_287
{'img': array([[[ 0.        ,  0.15676069,  0.34693807, ..., -0.99525632,
         -0.90544649, -0.98326014],
        [-0.15676069,  0.        ,  0.19562476, ..., -0.96770072,
         -0.8277134 , -0.99966666],
        [-0.34693807, -0.19562476,  0.        , ..., -0.89968625,
         -0.70194595, -0.98540258],
        ...,
        [ 0.99525632,  0.96770072,  0.89968625, ...,  0.        ,
         -0.33435827,  0.27700193],
        [ 0.90544649,  0.8277134 ,  0.70194595, ...,  0.33435827,
          0.        ,  0.582334  ],
        [ 0.98326014,  0.99966666,  0.98540258, ..., -0.27700193,
         -0.582334  ,  0.        ]],

       [[ 0.        , -0.2078212 , -0.44181126, ..., -0.56272457,
         -0.52163248, -0.36470559],
        [ 0.2078212 ,  0.        , -0.24572705, ..., -0.37864426,
         -0.33293671, -0.16323584],
        [ 0.44181126,  0.24572705,  0.        , ..., -0.1396039 ,
         -0.09102044,  0.08420025],
        ...,
        [ 0.56272457,  0.37864426,  0.1396039 , ...,  0.        ,
          0.04889529,  0.22248387],
        [ 0.52163248,  0.33293671,  0.09102044, ..., -0.04889529,
          0.        ,  0.17454796],
        [ 0.36470559,  0.16323584, -0.08420025, ..., -0.22248387,
         -0.17454796,  0.        ]],

       [[ 0.        , -0.03918406, -0.0603895 , ..., -0.94228868,
         -0.84371854, -0.7456021 ],
        [ 0.03918406,  0.        , -0.02123058, ..., -0.9546839 ,
         -0.86410402, -0.7711414 ],
        [ 0.0603895 ,  0.02123058,  0.        , ..., -0.9607874 ,
         -0.87459488, -0.78448433],
        ...,
        [ 0.94228868,  0.9546839 ,  0.9607874 , ...,  0.        ,
         -0.22332899, -0.37830439],
        [ 0.84371854,  0.86410402,  0.87459488, ...,  0.22332899,
          0.        , -0.16201815],
        [ 0.7456021 ,  0.7711414 ,  0.78448433, ...,  0.37830439,
          0.16201815,  0.        ]],

       ...,

       [[ 0.        ,  0.13139353, -0.61311279, ...,  0.13630745,
         -0.38813101,  0.84789047],
        [-0.13139353,  0.        , -0.71159756, ...,  0.00495852,
         -0.50585886,  0.77087841],
        [ 0.61311279,  0.71159756,  0.        , ...,  0.71507261,
          0.25842562,  0.99488444],
        ...,
        [-0.13630745, -0.00495852, -0.71507261, ...,  0.        ,
         -0.51012995,  0.76771044],
        [ 0.38813101,  0.50585886, -0.25842562, ...,  0.51012995,
          0.        ,  0.9871954 ],
        [-0.84789047, -0.77087841, -0.99488444, ..., -0.76771044,
         -0.9871954 ,  0.        ]],

       [[ 0.        , -0.16003089, -0.38654877, ..., -0.61111087,
         -0.4840683 , -0.        ],
        [ 0.16003089,  0.        , -0.23397541, ..., -0.72990653,
         -0.61786149, -0.16003089],
        [ 0.38654877,  0.23397541,  0.        , ..., -0.86957934,
         -0.78468302, -0.38654877],
        ...,
        [ 0.61111087,  0.72990653,  0.86957934, ...,  0.        ,
         -0.15157863, -0.61111087],
        [ 0.4840683 ,  0.61786149,  0.78468302, ...,  0.15157863,
          0.        , -0.4840683 ],
        [ 0.        ,  0.16003089,  0.38654877, ...,  0.61111087,
          0.4840683 ,  0.        ]],

       [[ 0.        , -0.09734386, -0.11563375, ..., -0.8503933 ,
         -0.89856795, -0.98391166],
        [ 0.09734386,  0.        , -0.01839372, ..., -0.89757185,
         -0.93701831, -0.99662991],
        [ 0.11563375,  0.01839372,  0.        , ..., -0.90552921,
         -0.94328435, -0.99797013],
        ...,
        [ 0.8503933 ,  0.89757185,  0.90552921, ...,  0.        ,
          0.09959748,  0.36575514],
        [ 0.89856795,  0.93701831,  0.94328435, ..., -0.09959748,
          0.        ,  0.27124005],
        [ 0.98391166,  0.99662991,  0.99797013, ..., -0.36575514,
         -0.27124005,  0.        ]]]), 'num': array([ 7.06996754e-01,  7.06996754e-01,  0.00000000e+00,  0.00000000e+00,
        4.76522041e-04,  4.87422872e-04,  4.71071626e-04,  1.75831961e-02,
       -2.56948159e-05,  4.88824408e-04,  5.01827542e-04,  5.73331802e-04,
        5.91077385e-07,  5.23553992e-04,  4.80101092e-04])}
{'img': array([[[ 0.        ,  0.19272174,  0.82030255, ..., -0.95705836,
         -0.99634115, -0.82030255],
        [-0.19272174,  0.        ,  0.6947014 , ..., -0.88324769,
         -0.99413421, -0.6947014 ],
        [-0.82030255, -0.6947014 ,  0.        , ..., -0.30956835,
         -0.6399446 , -0.        ],
        ...,
        [ 0.95705836,  0.88324769,  0.30956835, ...,  0.        ,
          0.37062988, -0.30956835],
        [ 0.99634115,  0.99413421,  0.6399446 , ..., -0.37062988,
          0.        , -0.6399446 ],
        [ 0.82030255,  0.6947014 ,  0.        , ...,  0.30956835,
          0.6399446 ,  0.        ]],

       [[ 0.        , -0.24572705, -0.17019601, ..., -0.33293671,
         -0.16323584,  0.68306356],
        [ 0.24572705,  0.        ,  0.07716431, ..., -0.09102044,
          0.08420025,  0.84158914],
        [ 0.17019601, -0.07716431,  0.        , ..., -0.16759306,
          0.00705891,  0.79740199],
        ...,
        [ 0.33293671,  0.09102044,  0.16759306, ...,  0.        ,
          0.17454796,  0.88725752],
        [ 0.16323584, -0.08420025, -0.00705891, ..., -0.17454796,
          0.        ,  0.79312244],
        [-0.68306356, -0.84158914, -0.79740199, ..., -0.88725752,
         -0.79312244,  0.        ]],

       [[ 0.        , -0.02082282,  0.14321728, ..., -0.95089893,
         -0.93943378, -0.76164034],
        [ 0.02082282,  0.        ,  0.16379439, ..., -0.95713745,
         -0.94636671, -0.77496839],
        [-0.14321728, -0.16379439,  0.        , ..., -0.8967704 ,
         -0.88066449, -0.66098399],
        ...,
        [ 0.95089893,  0.95713745,  0.8967704 , ...,  0.        ,
         -0.0351458 , -0.38045362],
        [ 0.93943378,  0.94636671,  0.88066449, ...,  0.0351458 ,
          0.        , -0.34771575],
        [ 0.76164034,  0.77496839,  0.66098399, ...,  0.38045362,
          0.34771575,  0.        ]],

       ...,

       [[ 0.        , -0.71159756, -0.24925404, ..., -0.50585886,
          0.77087841, -0.09510699],
        [ 0.71159756,  0.        ,  0.5140155 , ...,  0.25842562,
          0.99488444,  0.64155096],
        [ 0.24925404, -0.5140155 ,  0.        , ..., -0.27488243,
          0.90531847,  0.15601894],
        ...,
        [ 0.50585886, -0.25842562,  0.27488243, ...,  0.        ,
          0.9871954 ,  0.42152499],
        [-0.77087841, -0.99488444, -0.90531847, ..., -0.9871954 ,
          0.        , -0.82796554],
        [ 0.09510699, -0.64155096, -0.15601894, ..., -0.42152499,
          0.82796554,  0.        ]],

       [[ 0.        , -0.34931678, -0.48633868, ..., -0.58769891,
         -0.36632127, -0.        ],
        [ 0.34931678,  0.        , -0.15047897, ..., -0.83330176,
         -0.66827997, -0.34931678],
        [ 0.48633868,  0.15047897,  0.        , ..., -0.90700067,
         -0.77261319, -0.48633868],
        ...,
        [ 0.58769891,  0.83330176,  0.90700067, ...,  0.        ,
         -0.25046393, -0.58769891],
        [ 0.36632127,  0.66827997,  0.77261319, ...,  0.25046393,
          0.        , -0.36632127],
        [ 0.        ,  0.34931678,  0.48633868, ...,  0.58769891,
          0.36632127,  0.        ]],

       [[ 0.        , -0.01839372,  0.01683375, ..., -0.93701831,
         -0.99662991, -0.99953813],
        [ 0.01839372,  0.        ,  0.03522202, ..., -0.94328435,
         -0.99797013, -0.99992801],
        [-0.01683375, -0.03522202,  0.        , ..., -0.93100585,
         -0.99510782, -0.99888493],
        ...,
        [ 0.93701831,  0.94328435,  0.93100585, ...,  0.        ,
          0.27124005,  0.32064337],
        [ 0.99662991,  0.99797013,  0.99510782, ..., -0.27124005,
          0.        ,  0.05170443],
        [ 0.99953813,  0.99992801,  0.99888493, ..., -0.32064337,
         -0.05170443,  0.        ]]]), 'num': array([ 9.68542704e-01,  2.47925629e-01,  2.38220521e-05, -2.27897812e-10,
        6.50963934e-04,  6.62799642e-04,  6.44508093e-04,  2.13104073e-02,
       -7.53181411e-06,  6.68825093e-04,  6.90290764e-04,  7.88132615e-04,
        8.22803223e-07,  7.23970451e-04,  6.56611076e-04])}
{'img': array([[[ 0.        ,  0.68766578,  0.1054937 , ..., -0.99852839,
         -0.87680728, -0.68766578],
        [-0.68766578,  0.        , -0.60723727, ..., -0.68766578,
         -0.30592755, -0.        ],
        [-0.1054937 ,  0.60723727,  0.        , ..., -0.98723548,
         -0.82118888, -0.60723727],
        ...,
        [ 0.99852839,  0.68766578,  0.98723548, ...,  0.        ,
         -0.43258371, -0.68766578],
        [ 0.87680728,  0.30592755,  0.82118888, ...,  0.43258371,
          0.        , -0.30592755],
        [ 0.68766578,  0.        ,  0.60723727, ...,  0.68766578,
          0.30592755,  0.        ]],

       [[ 0.        ,  0.07716431,  0.17220225, ...,  0.08420025,
          0.84158914,  0.68927843],
        [-0.07716431,  0.        ,  0.09567721, ...,  0.00705891,
          0.79740199,  0.631318  ],
        [-0.17220225, -0.09567721,  0.        , ..., -0.08864829,
          0.73600758,  0.55422179],
        ...,
        [-0.08420025, -0.00705891,  0.08864829, ...,  0.        ,
          0.79312244,  0.62582791],
        [-0.84158914, -0.79740199, -0.73600758, ..., -0.79312244,
          0.        , -0.23743656],
        [-0.68927843, -0.631318  , -0.55422179, ..., -0.62582791,
          0.23743656,  0.        ]],

       [[ 0.        ,  0.16146605,  0.26338088, ..., -0.97506411,
         -0.92744203, -0.76761975],
        [-0.16146605,  0.        ,  0.10415988, ..., -0.92643649,
         -0.85488942, -0.65406277],
        [-0.26338088, -0.10415988,  0.        , ..., -0.88218611,
         -0.79620009, -0.57171431],
        ...,
        [ 0.97506411,  0.92643649,  0.88218611, ...,  0.        ,
         -0.1588207 , -0.45457124],
        [ 0.92744203,  0.85488942,  0.79620009, ...,  0.1588207 ,
          0.        , -0.30733832],
        [ 0.76761975,  0.65406277,  0.57171431, ...,  0.45457124,
          0.30733832,  0.        ]],

       ...,

       [[ 0.        ,  0.5140155 ,  0.86412031, ...,  0.99488444,
          0.64155096,  0.6529133 ],
        [-0.5140155 ,  0.        ,  0.48252946, ...,  0.90531847,
          0.15601894,  0.17072444],
        [-0.86412031, -0.48252946,  0.        , ...,  0.58800372,
         -0.3399666 , -0.32591128],
        ...,
        [-0.99488444, -0.90531847, -0.58800372, ...,  0.        ,
         -0.82796554, -0.81951495],
        [-0.64155096, -0.15601894,  0.3399666 , ...,  0.82796554,
          0.        ,  0.01490536],
        [-0.6529133 , -0.17072444,  0.32591128, ...,  0.81951495,
         -0.01490536,  0.        ]],

       [[ 0.        , -0.35541346, -0.51903362, ..., -0.37201236,
         -0.        , -0.07113882],
        [ 0.35541346,  0.        , -0.18135448, ..., -0.67762802,
         -0.35541346, -0.4210071 ],
        [ 0.51903362,  0.18135448,  0.        , ..., -0.79976041,
         -0.51903362, -0.57852478],
        ...,
        [ 0.37201236,  0.67762802,  0.79976041, ...,  0.        ,
         -0.37201236, -0.30503681],
        [ 0.        ,  0.35541346,  0.51903362, ...,  0.37201236,
          0.        ,  0.07113882],
        [ 0.07113882,  0.4210071 ,  0.57852478, ...,  0.30503681,
         -0.07113882,  0.        ]],

       [[ 0.        ,  0.03522202,  0.06589546, ..., -0.99797013,
         -0.99992801, -0.99252009],
        [-0.03522202,  0.        ,  0.03070912, ..., -0.99510782,
         -0.99888493, -0.98760429],
        [-0.06589546, -0.03070912,  0.        , ..., -0.99160459,
         -0.99696401, -0.98231827],
        ...,
        [ 0.99797013,  0.99510782,  0.99160459, ...,  0.        ,
          0.05170443, -0.05862614],
        [ 0.99992801,  0.99888493,  0.99696401, ..., -0.05170443,
          0.        , -0.11016322],
        [ 0.99252009,  0.98760429,  0.98231827, ...,  0.05862614,
          0.11016322,  0.        ]]]), 'num': array([ 7.06941507e-01,  7.06941507e-01,  0.00000000e+00, -1.54922275e-08,
        4.95379115e-04,  4.96951747e-04,  4.78866478e-04,  2.15721721e-02,
        1.96579014e-05,  4.89245850e-04,  5.03674749e-04,  5.72988510e-04,
        7.52128401e-07,  5.28392980e-04,  4.78956519e-04])}
{'img': array([[[ 0.        , -0.60723727, -0.30592755, ..., -0.30592755,
         -0.        , -0.55959365],
        [ 0.60723727,  0.        ,  0.33505742, ..., -0.82118888,
         -0.60723727, -0.94786694],
        [ 0.30592755, -0.33505742,  0.        , ..., -0.58251959,
         -0.30592755, -0.78630652],
        ...,
        [ 0.30592755,  0.82118888,  0.58251959, ...,  0.        ,
         -0.30592755,  0.27922112],
        [ 0.        ,  0.60723727,  0.30592755, ...,  0.30592755,
          0.        ,  0.55959365],
        [ 0.55959365,  0.94786694,  0.78630652, ..., -0.27922112,
         -0.55959365,  0.        ]],

       [[ 0.        ,  0.09567721, -0.52596054, ...,  0.79740199,
          0.631318  ,  0.99091501],
        [-0.09567721,  0.        , -0.60492197, ...,  0.73600758,
          0.55422179,  0.97350151],
        [ 0.52596054,  0.60492197,  0.        , ...,  0.99558763,
          0.94483668,  0.91351832],
        ...,
        [-0.79740199, -0.73600758, -0.99558763, ...,  0.        ,
         -0.23743656,  0.49072388],
        [-0.631318  , -0.55422179, -0.94483668, ...,  0.23743656,
          0.        ,  0.68357275],
        [-0.99091501, -0.97350151, -0.91351832, ..., -0.49072388,
         -0.68357275,  0.        ]],

       [[ 0.        ,  0.10415988,  0.3417621 , ..., -0.85488942,
         -0.65406277, -0.72412688],
        [-0.10415988,  0.        ,  0.24201506, ..., -0.79620009,
         -0.57171431, -0.64835243],
        [-0.3417621 , -0.24201506,  0.        , ..., -0.62610385,
         -0.35615674, -0.4448227 ],
        ...,
        [ 0.85488942,  0.79620009,  0.62610385, ...,  0.        ,
         -0.30733832, -0.21390438],
        [ 0.65406277,  0.57171431,  0.35615674, ...,  0.30733832,
          0.        ,  0.09667338],
        [ 0.72412688,  0.64835243,  0.4448227 , ...,  0.21390438,
         -0.09667338,  0.        ]],

       ...,

       [[ 0.        ,  0.48252946,  0.98549862, ...,  0.15601894,
          0.17072444,  0.65145909],
        [-0.48252946,  0.        ,  0.94505553, ..., -0.3399666 ,
         -0.32591128,  0.20451256],
        [-0.98549862, -0.94505553,  0.        , ..., -0.9999041 ,
         -0.99999944, -0.85822361],
        ...,
        [-0.15601894,  0.3399666 ,  0.9999041 , ...,  0.        ,
          0.01490536,  0.52511233],
        [-0.17072444,  0.32591128,  0.99999944, ..., -0.01490536,
          0.        ,  0.51236904],
        [-0.65145909, -0.20451256,  0.85822361, ..., -0.52511233,
         -0.51236904,  0.        ]],

       [[ 0.        , -0.39785761, -0.46138522, ..., -0.06980248,
         -0.10042184, -0.        ],
        [ 0.39785761,  0.        , -0.07031734, ..., -0.46092726,
         -0.48797815, -0.39785761],
        [ 0.46138522,  0.07031734,  0.        , ..., -0.52218858,
         -0.54814715, -0.46138522],
        ...,
        [ 0.06980248,  0.46092726,  0.52218858, ...,  0.        ,
          0.03072727, -0.06980248],
        [ 0.10042184,  0.48797815,  0.54814715, ..., -0.03072727,
          0.        , -0.10042184],
        [ 0.        ,  0.39785761,  0.46138522, ...,  0.06980248,
          0.10042184,  0.        ]],

       [[ 0.        ,  0.03070912,  0.03602797, ..., -0.99888493,
         -0.98760429, -0.98395478],
        [-0.03070912,  0.        ,  0.0053218 , ..., -0.99696401,
         -0.98231827, -0.97801165],
        [-0.03602797, -0.0053218 ,  0.        , ..., -0.99653551,
         -0.98130802, -0.97688794],
        ...,
        [ 0.99888493,  0.99696401,  0.99653551, ...,  0.        ,
         -0.11016322, -0.1317654 ],
        [ 0.98760429,  0.98231827,  0.98130802, ...,  0.11016322,
          0.        , -0.02176071],
        [ 0.98395478,  0.97801165,  0.97688794, ...,  0.1317654 ,
          0.02176071,  0.        ]]]), 'num': array([ 9.30837901e-01,  3.64045271e-01,  1.92133095e-05, -2.14320493e-08,
        6.36130898e-04,  6.68476537e-04,  6.32896334e-04,  3.17508888e-02,
       -1.61728194e-05,  6.64595060e-04,  6.87344826e-04,  7.80158840e-04,
        8.30204732e-07,  7.28262024e-04,  6.46427629e-04])}
{'img': array([[[ 0.        ,  0.53212363,  0.15772953, ..., -0.84796471,
         -0.96584664, -0.53212363],
        [-0.53212363,  0.        , -0.39191836, ..., -0.43588989,
         -0.67986927, -0.        ],
        [-0.15772953,  0.39191836,  0.        , ..., -0.75374523,
         -0.91288652, -0.39191836],
        ...,
        [ 0.84796471,  0.43588989,  0.75374523, ...,  0.        ,
          0.29222975, -0.43588989],
        [ 0.96584664,  0.67986927,  0.91288652, ..., -0.29222975,
          0.        , -0.67986927],
        [ 0.53212363,  0.        ,  0.39191836, ...,  0.43588989,
          0.67986927,  0.        ]],

       [[ 0.        , -0.60492197, -0.36474632, ...,  0.55422179,
          0.97350151,  0.99057785],
        [ 0.60492197,  0.        ,  0.27280511, ...,  0.94483668,
          0.91351832,  0.7059375 ],
        [ 0.36474632, -0.27280511,  0.        , ...,  0.8196433 ,
          0.98984441,  0.87238161],
        ...,
        [-0.55422179, -0.94483668, -0.8196433 , ...,  0.        ,
          0.68357275,  0.90042744],
        [-0.97350151, -0.91351832, -0.98984441, ..., -0.68357275,
          0.        ,  0.35984772],
        [-0.99057785, -0.7059375 , -0.87238161, ..., -0.90042744,
         -0.35984772,  0.        ]],

       [[ 0.        ,  0.23949608,  0.56655419, ..., -0.77413414,
         -0.78416237, -0.56655419],
        [-0.23949608,  0.        ,  0.35271531, ..., -0.59999857,
         -0.6127205 , -0.35271531],
        [-0.56655419, -0.35271531,  0.        , ..., -0.27926445,
         -0.29459057, -0.        ],
        ...,
        [ 0.77413414,  0.59999857,  0.27926445, ...,  0.        ,
          0.01599837, -0.27926445],
        [ 0.78416237,  0.6127205 ,  0.29459057, ..., -0.01599837,
          0.        , -0.29459057],
        [ 0.56655419,  0.35271531,  0.        , ...,  0.27926445,
          0.29459057,  0.        ]],

       ...,

       [[ 0.        ,  0.94505553,  0.8869846 , ..., -0.32591128,
          0.20451256, -0.31251323],
        [-0.94505553,  0.        , -0.14646171, ..., -0.99999944,
         -0.85822361, -0.99988457],
        [-0.8869846 ,  0.14646171,  0.        , ..., -0.98906106,
         -0.77379354, -0.98687686],
        ...,
        [ 0.32591128,  0.99999944,  0.98906106, ...,  0.        ,
          0.51236904,  0.01413737],
        [-0.20451256,  0.85822361,  0.77379354, ..., -0.51236904,
          0.        , -0.50017715],
        [ 0.31251323,  0.99988457,  0.98687686, ..., -0.01413737,
          0.50017715,  0.        ]],

       [[ 0.        , -0.24920608, -0.34434724, ..., -0.10255522,
         -0.        , -0.20429691],
        [ 0.24920608,  0.        , -0.09951803, ..., -0.34721175,
         -0.24920608, -0.44180151],
        [ 0.34434724,  0.09951803,  0.        , ..., -0.43881479,
         -0.34434724, -0.52888719],
        ...,
        [ 0.10255522,  0.34721175,  0.43881479, ...,  0.        ,
         -0.10255522,  0.10282749],
        [ 0.        ,  0.24920608,  0.34434724, ...,  0.10255522,
          0.        ,  0.20429691],
        [ 0.20429691,  0.44180151,  0.52888719, ..., -0.10282749,
         -0.20429691,  0.        ]],

       [[ 0.        ,  0.0053218 ,  0.00202779, ..., -0.98231827,
         -0.97801165, -0.90299156],
        [-0.0053218 ,  0.        , -0.00329402, ..., -0.98130802,
         -0.97688794, -0.90069222],
        [-0.00202779,  0.00329402,  0.        , ..., -0.98193661,
         -0.97758674, -0.90211844],
        ...,
        [ 0.98231827,  0.98130802,  0.98193661, ...,  0.        ,
         -0.02176071, -0.25300433],
        [ 0.97801165,  0.97688794,  0.97758674, ...,  0.02176071,
          0.        , -0.23189168],
        [ 0.90299156,  0.90069222,  0.90211844, ...,  0.25300433,
          0.23189168,  0.        ]]]), 'num': array([ 9.87930138e-01,  1.53557196e-01,  2.93793289e-05, -1.16341407e-07,
        6.71257395e-04,  6.96075010e-04,  6.64166648e-04,  2.02470612e-02,
       -2.59994061e-05,  7.10256504e-04,  7.47719285e-04,  8.49235148e-04,
        6.83585099e-07,  8.02817122e-04,  6.92621447e-04])}
