state_0,state_1,state_2,state_3,state_4,state_5,state_6,state_7,state_8,state_9,state_10,state_11,state_12,state_13,state_14,state_15,state_16,state_17,state_18,state_19,state_20,state_21,state_22,state_23,state_24,state_25,state_26,state_27,state_28,state_29,state_30,state_31,state_32,state_33,state_34,state_35,state_36,state_37,state_38,state_39,state_40,state_41,state_42,state_43,state_44,state_45,state_46,state_47,state_48,state_49,state_50,state_51,state_52,state_53,state_54,state_55,state_56,state_57,state_58,state_59,state_60,state_61,state_62,state_63,state_64,state_65,state_66,state_67,state_68,state_69,state_70,state_71,state_72,state_73,state_74,state_75,state_76,state_77,state_78,state_79,state_80,state_81,state_82,state_83,state_84,state_85,state_86,state_87,state_88,state_89,state_90,state_91,state_92,state_93,state_94,state_95,state_96,state_97,state_98,state_99,state_100,state_101,state_102,state_103,state_104,state_105,state_106,state_107,state_108,state_109,state_110,state_111,state_112,state_113,state_114,state_115,state_116,state_117,state_118,state_119,state_120,state_121,state_122,state_123,state_124,state_125,state_126,state_127,state_128,state_129,state_130,state_131,state_132,state_133,state_134,state_135,state_136,state_137,state_138,state_139,state_140,state_141,state_142,state_143,state_144,state_145,state_146,state_147,state_148,state_149,state_150,state_151,state_152,state_153,state_154,state_155,state_156,state_157,state_158,state_159,state_160,state_161,state_162,state_163,state_164,state_165,state_166,state_167,state_168,state_169,state_170,state_171,state_172,state_173,state_174,state_175,state_176,state_177,state_178,state_179,state_180,state_181,state_182,state_183,state_184,state_185,state_186,state_187,state_188,state_189,state_190,state_191,state_192,state_193,state_194,state_195,state_196,state_197,state_198,state_199,state_200,state_201,state_202,state_203,state_204,state_205,state_206,state_207,state_208,state_209,state_210,state_211,state_212,state_213,state_214,state_215,state_216,state_217,state_218,state_219,state_220,state_221,state_222,state_223,state_224,state_225,state_226,state_227,state_228,state_229,state_230,state_231,state_232,state_233,state_234,state_235,state_236,state_237,state_238,state_239,state_240,state_241,state_242,state_243,state_244,state_245,state_246,state_247,state_248,state_249,state_250,state_251,state_252,state_253,state_254,state_255,state_256,state_257,state_258,state_259,state_260,state_261,state_262,state_263,state_264,state_265,state_266,state_267,state_268,state_269,state_270,state_271,state_272,state_273,state_274,state_275,state_276,state_277,state_278,state_279,state_280,state_281,state_282,state_283,state_284,state_285,state_286,state_287
{'img': array([[[ 0.00000000e+00,  1.14520441e-01,  1.14520441e-01, ...,
          9.99591753e-01,  9.32952303e-01,  8.12236499e-01],
        [-1.14520441e-01,  0.00000000e+00,  0.00000000e+00, ...,
          9.89743319e-01,  8.85586950e-01,  7.40089697e-01],
        [-1.14520441e-01,  0.00000000e+00,  0.00000000e+00, ...,
          9.89743319e-01,  8.85586950e-01,  7.40089697e-01],
        ...,
        [-9.99591753e-01, -9.89743319e-01, -9.89743319e-01, ...,
          0.00000000e+00, -3.33197251e-01, -5.59883370e-01],
        [-9.32952303e-01, -8.85586950e-01, -8.85586950e-01, ...,
          3.33197251e-01,  0.00000000e+00, -2.51812312e-01],
        [-8.12236499e-01, -7.40089697e-01, -7.40089697e-01, ...,
          5.59883370e-01,  2.51812312e-01,  0.00000000e+00]],

       [[ 0.00000000e+00, -9.88406295e-01, -9.61989902e-01, ...,
         -6.37936004e-01, -4.52611792e-01, -5.26789523e-01],
        [ 9.88406295e-01,  0.00000000e+00, -4.15979930e-01, ...,
         -8.58020375e-01, -9.50090486e-01, -9.20124740e-01],
        [ 9.61989902e-01,  4.15979930e-01,  0.00000000e+00, ...,
         -5.66607442e-01, -7.34212272e-01, -6.73829014e-01],
        ...,
        [ 6.37936004e-01,  8.58020375e-01,  5.66607442e-01, ...,
          0.00000000e+00, -2.20300892e-01, -1.36567882e-01],
        [ 4.52611792e-01,  9.50090486e-01,  7.34212272e-01, ...,
          2.20300892e-01,  0.00000000e+00,  8.50241521e-02],
        [ 5.26789523e-01,  9.20124740e-01,  6.73829014e-01, ...,
          1.36567882e-01, -8.50241521e-02,  0.00000000e+00]],

       [[ 0.00000000e+00, -7.89278728e-01, -9.61486031e-01, ...,
         -8.06932786e-01, -7.50545554e-01, -7.18132465e-01],
        [ 7.89278728e-01,  0.00000000e+00, -3.73449901e-01, ...,
         -2.93028714e-02,  6.07088490e-02,  1.08305613e-01],
        [ 9.61486031e-01,  3.73449901e-01,  0.00000000e+00, ...,
          3.46106714e-01,  4.29077664e-01,  4.71722876e-01],
        ...,
        [ 8.06932786e-01,  2.93028714e-02, -3.46106714e-01, ...,
          0.00000000e+00,  8.99316021e-02,  1.37389606e-01],
        [ 7.50545554e-01, -6.07088490e-02, -4.29077664e-01, ...,
         -8.99316021e-02,  0.00000000e+00,  4.77541074e-02],
        [ 7.18132465e-01, -1.08305613e-01, -4.71722876e-01, ...,
         -1.37389606e-01, -4.77541074e-02,  0.00000000e+00]],

       ...,

       [[ 0.00000000e+00,  1.94463712e-01,  2.36259021e-01, ...,
          9.18606354e-01,  8.07284184e-01,  9.62437469e-01],
        [-1.94463712e-01,  0.00000000e+00,  4.27903022e-02, ...,
          9.77916867e-01,  9.06638165e-01,  9.96861828e-01],
        [-2.36259021e-01, -4.27903022e-02,  0.00000000e+00, ...,
          9.85964097e-01,  9.23861368e-01,  9.99336110e-01],
        ...,
        [-9.18606354e-01, -9.77916867e-01, -9.85964097e-01, ...,
          0.00000000e+00,  2.23109794e-01, -1.30925328e-01],
        [-8.07284184e-01, -9.06638165e-01, -9.23861368e-01, ...,
         -2.23109794e-01,  0.00000000e+00, -3.48814452e-01],
        [-9.62437469e-01, -9.96861828e-01, -9.99336110e-01, ...,
          1.30925328e-01,  3.48814452e-01,  0.00000000e+00]],

       [[ 0.00000000e+00,  1.26476360e-01,  3.61647786e-01, ...,
         -9.99997913e-01, -9.99795259e-01, -9.99776462e-01],
        [-1.26476360e-01,  0.00000000e+00,  2.40827836e-01, ...,
         -9.92225971e-01, -9.94325724e-01, -9.94421968e-01],
        [-3.61647786e-01, -2.40827836e-01,  0.00000000e+00, ...,
         -9.33051779e-01, -9.39441712e-01, -9.39752707e-01],
        ...,
        [ 9.99997913e-01,  9.92225971e-01,  9.33051779e-01, ...,
          0.00000000e+00,  1.81917496e-02,  1.91001821e-02],
        [ 9.99795259e-01,  9.94325724e-01,  9.39441712e-01, ...,
         -1.81917496e-02,  0.00000000e+00,  9.08590402e-04],
        [ 9.99776462e-01,  9.94421968e-01,  9.39752707e-01, ...,
         -1.91001821e-02, -9.08590402e-04,  0.00000000e+00]],

       [[ 0.00000000e+00, -7.14898946e-01, -8.97203421e-01, ...,
         -6.79545868e-01, -8.33547811e-01, -9.23458554e-01],
        [ 7.14898946e-01,  0.00000000e+00, -3.11637674e-01, ...,
         -9.99630828e-01, -9.77783801e-01, -9.20013311e-01],
        [ 8.97203421e-01,  3.11637674e-01,  0.00000000e+00, ...,
         -9.58317410e-01, -8.63766935e-01, -7.52070790e-01],
        ...,
        [ 6.79545868e-01,  9.99630828e-01,  9.58317410e-01, ...,
          0.00000000e+00,  2.36104903e-01,  4.16739172e-01],
        [ 8.33547811e-01,  9.77783801e-01,  8.63766935e-01, ...,
         -2.36104903e-01,  0.00000000e+00,  1.90331423e-01],
        [ 9.23458554e-01,  9.20013311e-01,  7.52070790e-01, ...,
         -4.16739172e-01, -1.90331423e-01,  0.00000000e+00]]]), 'num': array([ 6.84132108e-01,  6.84132108e-01,  0.00000000e+00,  0.00000000e+00,
        1.48694019e-02,  1.52882583e-02,  1.47297832e-02,  2.49382210e-01,
       -1.39618798e-04,  1.50509064e-02,  1.44645074e-02,  1.43616549e-02,
        8.91183815e-06,  1.56394641e-02,  1.32895508e-02])}
{'img': array([[[ 0.00000000e+00,  0.00000000e+00,  2.95103150e-01, ...,
          8.85586950e-01,  7.40089697e-01,  6.06980340e-01],
        [ 0.00000000e+00,  0.00000000e+00,  2.95103150e-01, ...,
          8.85586950e-01,  7.40089697e-01,  6.06980340e-01],
        [-2.95103150e-01, -2.95103150e-01,  0.00000000e+00, ...,
          7.09080058e-01,  5.08670818e-01,  3.45425268e-01],
        ...,
        [-8.85586950e-01, -8.85586950e-01, -7.09080058e-01, ...,
          0.00000000e+00, -2.51812312e-01, -4.21864506e-01],
        [-7.40089697e-01, -7.40089697e-01, -5.08670818e-01, ...,
          2.51812312e-01,  0.00000000e+00, -1.79962512e-01],
        [-6.06980340e-01, -6.06980340e-01, -3.45425268e-01, ...,
          4.21864506e-01,  1.79962512e-01,  0.00000000e+00]],

       [[ 0.00000000e+00, -9.65016516e-01, -9.53778116e-01, ...,
         -5.83706013e-01, -6.73114783e-01, -3.81219991e-01],
        [ 9.65016516e-01,  0.00000000e+00,  3.99285671e-02, ...,
         -9.36601066e-01, -8.90149766e-01, -9.92094395e-01],
        [ 9.53778116e-01, -3.99285671e-02,  0.00000000e+00, ...,
         -9.49845033e-01, -9.07634077e-01, -9.96314027e-01],
        ...,
        [ 5.83706013e-01,  9.36601066e-01,  9.49845033e-01, ...,
          0.00000000e+00,  1.14872907e-01, -2.30089755e-01],
        [ 6.73114783e-01,  8.90149766e-01,  9.07634077e-01, ...,
         -1.14872907e-01,  0.00000000e+00, -3.40357405e-01],
        [ 3.81219991e-01,  9.92094395e-01,  9.96314027e-01, ...,
          2.30089755e-01,  3.40357405e-01,  0.00000000e+00]],

       [[ 0.00000000e+00, -5.64775406e-01, -7.54851292e-01, ...,
          1.53758440e-01,  4.28697111e-01,  2.73247781e-01],
        [ 5.64775406e-01,  0.00000000e+00, -2.52503080e-01, ...,
          6.84947691e-01,  8.64025366e-01,  7.68778405e-01],
        [ 7.54851292e-01,  2.52503080e-01,  0.00000000e+00, ...,
          8.46724495e-01,  9.63149807e-01,  9.05346552e-01],
        ...,
        [-1.53758440e-01, -6.84947691e-01, -8.46724495e-01, ...,
          0.00000000e+00,  2.84686447e-01,  1.22091486e-01],
        [-4.28697111e-01, -8.64025366e-01, -9.63149807e-01, ...,
         -2.84686447e-01,  0.00000000e+00, -1.65517241e-01],
        [-2.73247781e-01, -7.68778405e-01, -9.05346552e-01, ...,
         -1.22091486e-01,  1.65517241e-01,  0.00000000e+00]],

       ...,

       [[ 0.00000000e+00,  4.27903022e-02,  3.45151772e-01, ...,
          9.06638165e-01,  9.96861828e-01,  9.88770034e-01],
        [-4.27903022e-02,  0.00000000e+00,  3.04674934e-01, ...,
          9.23861368e-01,  9.99336110e-01,  9.81469597e-01],
        [-3.45151772e-01, -3.04674934e-01,  0.00000000e+00, ...,
          9.96545078e-01,  9.62924192e-01,  8.76425814e-01],
        ...,
        [-9.06638165e-01, -9.23861368e-01, -9.96545078e-01, ...,
          0.00000000e+00, -3.48814452e-01, -5.52663594e-01],
        [-9.96861828e-01, -9.99336110e-01, -9.62924192e-01, ...,
          3.48814452e-01,  0.00000000e+00, -2.27248279e-01],
        [-9.88770034e-01, -9.81469597e-01, -8.76425814e-01, ...,
          5.52663594e-01,  2.27248279e-01,  0.00000000e+00]],

       [[ 0.00000000e+00,  2.40827836e-01,  5.43893660e-02, ...,
         -9.94325724e-01, -9.94421968e-01, -9.96453553e-01],
        [-2.40827836e-01,  0.00000000e+00, -1.87682793e-01, ...,
         -9.39441712e-01, -9.39752707e-01, -9.46861418e-01],
        [-5.43893660e-02,  1.87682793e-01,  0.00000000e+00, ...,
         -9.87068075e-01, -9.87213316e-01, -9.90402033e-01],
        ...,
        [ 9.94325724e-01,  9.39441712e-01,  9.87068075e-01, ...,
          0.00000000e+00,  9.08590402e-04,  2.23339331e-02],
        [ 9.94421968e-01,  9.39752707e-01,  9.87213316e-01, ...,
         -9.08590402e-04,  0.00000000e+00,  2.14255602e-02],
        [ 9.96453553e-01,  9.46861418e-01,  9.90402033e-01, ...,
         -2.23339331e-02, -2.14255602e-02,  0.00000000e+00]],

       [[ 0.00000000e+00, -7.17273877e-01, -8.57833653e-01, ...,
         -8.80939901e-01, -9.61555823e-01, -9.81950248e-01],
        [ 7.17273877e-01,  0.00000000e+00, -2.29104334e-01, ...,
         -9.53265499e-01, -8.66974030e-01, -8.19879185e-01],
        [ 8.57833653e-01,  2.29104334e-01,  0.00000000e+00, ...,
         -8.58690238e-01, -7.29739238e-01, -6.66901324e-01],
        ...,
        [ 8.80939901e-01,  9.53265499e-01,  8.58690238e-01, ...,
          0.00000000e+00,  2.13120789e-01,  2.98066070e-01],
        [ 9.61555823e-01,  8.66974030e-01,  7.29739238e-01, ...,
         -2.13120789e-01,  0.00000000e+00,  8.77848224e-02],
        [ 9.81950248e-01,  8.19879185e-01,  6.66901324e-01, ...,
         -2.98066070e-01, -8.77848224e-02,  0.00000000e+00]]]), 'num': array([ 7.14275816e-01,  2.11232464e-01,  4.53192209e-06, -1.39599386e-09,
        1.57201048e-02,  1.57909160e-02,  1.52952371e-02,  6.65848122e-01,
        6.37301544e-04,  1.53660483e-02,  1.47705255e-02,  1.45901927e-02,
        9.53228806e-06,  1.59671305e-02,  1.35739204e-02])}
{'img': array([[[ 0.        ,  0.25735856,  0.10273355, ...,  0.6211349 ,
          0.51667809,  0.99967121],
        [-0.25735856,  0.        , -0.15672379, ...,  0.39851972,
          0.2789291 ,  0.95939933],
        [-0.10273355,  0.15672379,  0.        , ...,  0.53733576,
          0.42598591,  0.99174767],
        ...,
        [-0.6211349 , -0.39851972, -0.53733576, ...,  0.        ,
         -0.1268806 ,  0.76751946],
        [-0.51667809, -0.2789291 , -0.42598591, ...,  0.1268806 ,
          0.        ,  0.84265009],
        [-0.99967121, -0.95939933, -0.99174767, ..., -0.76751946,
         -0.84265009,  0.        ]],

       [[ 0.        ,  0.33822495, -0.70229831, ..., -0.95599021,
         -0.73911702, -0.94331528],
        [-0.33822495,  0.        , -0.90168508, ..., -0.80041449,
         -0.46773681, -0.99997745],
        [ 0.70229831,  0.90168508,  0.        , ..., -0.88660628,
         -0.99921669, -0.4384385 ],
        ...,
        [ 0.95599021,  0.80041449,  0.88660628, ...,  0.        ,
         -0.4270772 ,  0.59405858],
        [ 0.73911702,  0.46773681,  0.99921669, ...,  0.4270772 ,
          0.        ,  0.88070698],
        [ 0.94331528,  0.99997745,  0.4384385 , ..., -0.59405858,
         -0.88070698,  0.        ]],

       [[ 0.        , -0.23713101, -0.31476365, ...,  0.65160753,
          0.62649549,  0.89617112],
        [ 0.23713101,  0.        , -0.0807082 , ...,  0.81289939,
          0.79345224,  0.97582731],
        [ 0.31476365,  0.0807082 ,  0.        , ...,  0.85725232,
          0.83998545,  0.99028215],
        ...,
        [-0.65160753, -0.81289939, -0.85725232, ...,  0.        ,
         -0.03264714,  0.39067235],
        [-0.62649549, -0.79345224, -0.83998545, ...,  0.03264714,
          0.        ,  0.42051676],
        [-0.89617112, -0.97582731, -0.99028215, ..., -0.39067235,
         -0.42051676,  0.        ]],

       ...,

       [[ 0.        ,  0.30467493,  0.24591338, ...,  0.99933611,
          0.9814696 ,  0.99936679],
        [-0.30467493,  0.        , -0.06109715, ...,  0.96292419,
          0.87642581,  0.94101257],
        [-0.24591338,  0.06109715,  0.        , ...,  0.97760759,
          0.90420903,  0.95992813],
        ...,
        [-0.99933611, -0.96292419, -0.97760759, ...,  0.        ,
         -0.22724828, -0.07196725],
        [-0.9814696 , -0.87642581, -0.90420903, ...,  0.22724828,
          0.        ,  0.15657466],
        [-0.99936679, -0.94101257, -0.95992813, ...,  0.07196725,
         -0.15657466,  0.        ]],

       [[ 0.        , -0.18768279, -0.2120451 , ..., -0.93975271,
         -0.94686142, -0.96666748],
        [ 0.18768279,  0.        , -0.02486213, ..., -0.98721332,
         -0.99040203, -0.99754289],
        [ 0.2120451 ,  0.02486213,  0.        , ..., -0.9908713 ,
         -0.99353225, -0.99897634],
        ...,
        [ 0.93975271,  0.98721332,  0.9908713 , ...,  0.        ,
          0.02142556,  0.08985043],
        [ 0.94686142,  0.99040203,  0.99353225, ..., -0.02142556,
          0.        ,  0.0684909 ],
        [ 0.96666748,  0.99754289,  0.99897634, ..., -0.08985043,
         -0.0684909 ,  0.        ]],

       [[ 0.        , -0.27733984, -0.50887117, ..., -0.92095288,
         -0.88094118, -0.82744739],
        [ 0.27733984,  0.        , -0.25016314, ..., -0.77675353,
         -0.71513916, -0.63924987],
        [ 0.50887117,  0.25016314,  0.        , ..., -0.59450172,
         -0.51754083, -0.42654886],
        ...,
        [ 0.92095288,  0.77675353,  0.59450172, ...,  0.        ,
          0.09253881,  0.19472019],
        [ 0.88094118,  0.71513916,  0.51754083, ..., -0.09253881,
          0.        ,  0.10311715],
        [ 0.82744739,  0.63924987,  0.42654886, ..., -0.19472019,
         -0.10311715,  0.        ]]]), 'num': array([6.24645444e-01, 6.24645444e-01, 0.00000000e+00, 3.48412010e-07,
       1.38873887e-02, 1.40113832e-02, 1.35154051e-02, 4.67126002e-01,
       1.23994542e-04, 1.35278045e-02, 1.30206668e-02, 1.27958234e-02,
       8.65622274e-06, 1.40765850e-02, 1.19647487e-02])}
{'img': array([[[ 0.        , -0.1475377 , -0.1475377 , ...,  0.25759296,
          0.7858586 ,  0.97560976],
        [ 0.1475377 ,  0.        ,  0.        , ...,  0.39733279,
          0.86849673,  0.99731943],
        [ 0.1475377 ,  0.        ,  0.        , ...,  0.39733279,
          0.86849673,  0.99731943],
        ...,
        [-0.25759296, -0.39733279, -0.39733279, ...,  0.        ,
          0.60004155,  0.88614157],
        [-0.7858586 , -0.86849673, -0.86849673, ..., -0.60004155,
          0.        ,  0.4308176 ],
        [-0.97560976, -0.99731943, -0.99731943, ..., -0.88614157,
         -0.4308176 ,  0.        ]],

       [[ 0.        , -0.90168508, -0.99999898, ..., -0.46773681,
         -0.99997745, -0.95768948],
        [ 0.90168508,  0.        , -0.433681  , ..., -0.99921669,
         -0.4384385 , -0.67360671],
        [ 0.99999898,  0.433681  ,  0.        , ..., -0.88319872,
         -0.00528658, -0.28643514],
        ...,
        [ 0.46773681,  0.99921669,  0.88319872, ...,  0.        ,
          0.88070698,  0.71185459],
        [ 0.99997745,  0.4384385 ,  0.00528658, ..., -0.88070698,
          0.        , -0.28136606],
        [ 0.95768948,  0.67360671,  0.28643514, ..., -0.71185459,
          0.28136606,  0.        ]],

       [[ 0.        , -0.07706985, -0.0258049 , ...,  0.72717689,
          0.84386556,  0.9851014 ],
        [ 0.07706985,  0.        ,  0.05131604, ...,  0.77791865,
          0.88270784,  0.99542546],
        [ 0.0258049 , -0.05131604,  0.        , ...,  0.74464852,
          0.85743029,  0.98921114],
        ...,
        [-0.72717689, -0.77791865, -0.74464852, ...,  0.        ,
          0.18910146,  0.55116707],
        [-0.84386556, -0.88270784, -0.85743029, ..., -0.18910146,
          0.        ,  0.38343737],
        [-0.9851014 , -0.99542546, -0.98921114, ..., -0.55116707,
         -0.38343737,  0.        ]],

       ...,

       [[ 0.        , -0.06109715,  0.        , ...,  0.87642581,
          0.94101257,  0.97666308],
        [ 0.06109715,  0.        ,  0.06109715, ...,  0.90420903,
          0.95992813,  0.98796078],
        [ 0.        , -0.06109715,  0.        , ...,  0.87642581,
          0.94101257,  0.97666308],
        ...,
        [-0.87642581, -0.90420903, -0.87642581, ...,  0.        ,
          0.15657466,  0.28206309],
        [-0.94101257, -0.95992813, -0.94101257, ..., -0.15657466,
          0.        ,  0.12836708],
        [-0.97666308, -0.98796078, -0.97666308, ..., -0.28206309,
         -0.12836708,  0.        ]],

       [[ 0.        , -0.10001793, -0.33573817, ..., -0.94890547,
         -0.96840941, -0.98396253],
        [ 0.10001793,  0.        , -0.23984223, ..., -0.97570902,
         -0.98849449, -0.99686931],
        [ 0.33573817,  0.23984223,  0.        , ..., -0.99977228,
         -0.99591998, -0.98673616],
        ...,
        [ 0.94890547,  0.97570902,  0.99977228, ...,  0.        ,
          0.06896732,  0.14123837],
        [ 0.96840941,  0.98849449,  0.99591998, ..., -0.06896732,
          0.        ,  0.0726261 ],
        [ 0.98396253,  0.99686931,  0.98673616, ..., -0.14123837,
         -0.0726261 ,  0.        ]],

       [[ 0.        , -0.25016314, -0.42217898, ..., -0.71513916,
         -0.63924987, -0.55849362],
        [ 0.25016314,  0.        , -0.18197924, ..., -0.51754083,
         -0.42654886, -0.33322306],
        [ 0.42217898,  0.18197924,  0.        , ..., -0.35318704,
         -0.25483274, -0.15608026],
        ...,
        [ 0.71513916,  0.51754083,  0.35318704, ...,  0.        ,
          0.10311715,  0.20283719],
        [ 0.63924987,  0.42654886,  0.25483274, ..., -0.10311715,
          0.        ,  0.10078231],
        [ 0.55849362,  0.33322306,  0.15608026, ..., -0.20283719,
         -0.10078231,  0.        ]]]), 'num': array([ 8.50085453e-01,  1.86376331e-02,  7.52441466e-06,  4.78079530e-07,
        1.88965414e-02,  1.93240649e-02,  1.88110366e-02,  5.23714822e-01,
       -2.56514136e-04,  1.87255319e-02,  1.80654356e-02,  1.76661285e-02,
        1.00375097e-05,  1.94636360e-02,  1.66672351e-02])}
{'img': array([[[ 0.        ,  0.        ,  0.04899973, ...,  0.86849673,
          0.99731943,  0.81326051],
        [ 0.        ,  0.        ,  0.04899973, ...,  0.86849673,
          0.99731943,  0.81326051],
        [-0.04899973, -0.04899973,  0.        , ...,  0.84316457,
          0.9925361 ,  0.78377068],
        ...,
        [-0.86849673, -0.86849673, -0.84316457, ...,  0.        ,
          0.4308176 , -0.10224898],
        [-0.99731943, -0.99731943, -0.9925361 , ..., -0.4308176 ,
          0.        , -0.52083309],
        [-0.81326051, -0.81326051, -0.78377068, ...,  0.10224898,
          0.52083309,  0.        ]],

       [[ 0.        , -0.73563515, -0.7911628 , ..., -0.74071696,
         -0.93834624, -0.99806609],
        [ 0.73563515,  0.        , -0.08599766, ..., -0.00753298,
         -0.38130829, -0.63033969],
        [ 0.7911628 ,  0.08599766,  0.        , ...,  0.07849015,
         -0.30039531, -0.56124284],
        ...,
        [ 0.74071696,  0.00753298, -0.07849015, ...,  0.        ,
         -0.37433362, -0.6244738 ],
        [ 0.93834624,  0.38130829,  0.30039531, ...,  0.37433362,
          0.        , -0.28669919],
        [ 0.99806609,  0.63033969,  0.56124284, ...,  0.6244738 ,
          0.28669919,  0.        ]],

       [[ 0.        ,  0.04989111,  0.08742239, ...,  0.84074927,
          0.92682075,  0.99766325],
        [-0.04989111,  0.        ,  0.03761343, ...,  0.81268997,
          0.90693223,  0.99301212],
        [-0.08742239, -0.03761343,  0.        , ...,  0.79019768,
          0.89044479,  0.98787058],
        ...,
        [-0.84074927, -0.81268997, -0.79019768, ...,  0.        ,
          0.18609884,  0.482717  ],
        [-0.92682075, -0.90693223, -0.89044479, ..., -0.18609884,
          0.        ,  0.31130346],
        [-0.99766325, -0.99301212, -0.98787058, ..., -0.482717  ,
         -0.31130346,  0.        ]],

       ...,

       [[ 0.        ,  0.06109715, -0.21306731, ...,  0.95992813,
          0.98796078,  0.79737046],
        [-0.06109715,  0.        , -0.27236347, ...,  0.94101257,
          0.97666308,  0.75900931],
        [ 0.21306731,  0.27236347,  0.        , ...,  0.99759713,
          0.99823724,  0.90764488],
        ...,
        [-0.95992813, -0.94101257, -0.99759713, ...,  0.        ,
          0.12836708, -0.35584704],
        [-0.98796078, -0.97666308, -0.99823724, ..., -0.12836708,
          0.        , -0.47286773],
        [-0.79737046, -0.75900931, -0.90764488, ...,  0.35584704,
          0.47286773,  0.        ]],

       [[ 0.        , -0.32171538, -0.46192415, ..., -0.96889328,
         -0.98433466, -0.98870495],
        [ 0.32171538,  0.        , -0.15203099, ..., -0.99700122,
         -0.9887256 , -0.98435895],
        [ 0.46192415,  0.15203099,  0.        , ..., -0.97364676,
         -0.95446746, -0.94613251],
        ...,
        [ 0.96889328,  0.99700122,  0.97364676, ...,  0.        ,
          0.07277634,  0.09947075],
        [ 0.98433466,  0.9887256 ,  0.95446746, ..., -0.07277634,
          0.        ,  0.02679158],
        [ 0.98870495,  0.98435895,  0.94613251, ..., -0.09947075,
         -0.02679158,  0.        ]],

       [[ 0.        , -0.18197924, -0.31796665, ..., -0.42654886,
         -0.33322306, -0.18600842],
        [ 0.18197924,  0.        , -0.1401225 , ..., -0.25483274,
         -0.15608026, -0.00409915],
        [ 0.31796665,  0.1401225 ,  0.        , ..., -0.11682223,
         -0.01613519,  0.13606261],
        ...,
        [ 0.42654886,  0.25483274,  0.11682223, ...,  0.        ,
          0.10078231,  0.25086678],
        [ 0.33322306,  0.15608026,  0.01613519, ..., -0.10078231,
          0.        ,  0.15203004],
        [ 0.18600842,  0.00409915, -0.13606261, ..., -0.25086678,
         -0.15203004,  0.        ]]]), 'num': array([ 8.33238003e-01,  4.44888962e-01,  3.53044582e-06,  2.29235381e-07,
        1.84928115e-02,  1.86609279e-02,  1.83246950e-02,  3.24278342e-01,
       -8.40582339e-05,  1.84928115e-02,  1.78749834e-02,  1.73882863e-02,
        1.13478616e-05,  1.90794238e-02,  1.66705430e-02])}
{'img': array([[[ 0.        ,  0.04899973,  0.24682803, ...,  0.99731943,
          0.81326051,  0.75929806],
        [-0.04899973,  0.        ,  0.1990479 , ...,  0.9925361 ,
          0.78377068,  0.72649975],
        [-0.24682803, -0.1990479 ,  0.        , ...,  0.94840108,
          0.64446848,  0.57518323],
        ...,
        [-0.99731943, -0.9925361 , -0.94840108, ...,  0.        ,
         -0.52083309, -0.59344025],
        [-0.81326051, -0.78377068, -0.64446848, ...,  0.52083309,
          0.        , -0.08738822],
        [-0.75929806, -0.72649975, -0.57518323, ...,  0.59344025,
          0.08738822,  0.        ]],

       [[ 0.        , -0.08599766, -0.11126087, ..., -0.38130829,
         -0.63033969, -0.94963506],
        [ 0.08599766,  0.        , -0.02538497, ..., -0.30039531,
         -0.56124284, -0.91916892],
        [ 0.11126087,  0.02538497,  0.        , ..., -0.27608595,
         -0.54005208, -0.90887451],
        ...,
        [ 0.38130829,  0.30039531,  0.27608595, ...,  0.        ,
         -0.28669919, -0.75840216],
        [ 0.63033969,  0.56124284,  0.54005208, ...,  0.28669919,
          0.        , -0.53969816],
        [ 0.94963506,  0.91916892,  0.90887451, ...,  0.75840216,
          0.53969816,  0.        ]],

       [[ 0.        ,  0.03632969,  0.12154018, ...,  0.85019428,
          0.90758124,  0.99643726],
        [-0.03632969,  0.        ,  0.08539959, ...,  0.83050658,
          0.89172813,  0.99271552],
        [-0.12154018, -0.08539959,  0.        , ...,  0.77990423,
          0.84982103,  0.97879981],
        ...,
        [-0.85019428, -0.83050658, -0.77990423, ...,  0.        ,
          0.12083684,  0.45289027],
        [-0.90758124, -0.89172813, -0.84982103, ..., -0.12083684,
          0.        ,  0.34183761],
        [-0.99643726, -0.99271552, -0.97879981, ..., -0.45289027,
         -0.34183761,  0.        ]],

       ...,

       [[ 0.        , -0.27236347, -0.52991608, ...,  0.97666308,
          0.75900931,  0.94412523],
        [ 0.27236347,  0.        , -0.27890445, ...,  0.99823724,
          0.90764488,  0.99819949],
        [ 0.52991608,  0.27890445,  0.        , ...,  0.94207307,
          0.98869555,  0.9753189 ],
        ...,
        [-0.97666308, -0.99823724, -0.94207307, ...,  0.        ,
         -0.47286773, -0.11911888],
        [-0.75900931, -0.90764488, -0.98869555, ...,  0.47286773,
          0.        ,  0.36454129],
        [-0.94412523, -0.99819949, -0.9753189 , ...,  0.11911888,
         -0.36454129,  0.        ]],

       [[ 0.        , -0.34542376, -0.48226113, ..., -0.98809934,
         -0.99194618, -0.98756145],
        [ 0.34542376,  0.        , -0.14997571, ..., -0.98041076,
         -0.97464013, -0.9810861 ],
        [ 0.48226113,  0.14997571,  0.        , ..., -0.93978221,
         -0.93005537, -0.94095862],
        ...,
        [ 0.98809934,  0.98041076,  0.93978221, ...,  0.        ,
          0.02742558, -0.00345852],
        [ 0.99194618,  0.97464013,  0.93005537, ..., -0.02742558,
          0.        , -0.03088264],
        [ 0.98756145,  0.9810861 ,  0.94095862, ...,  0.00345852,
          0.03088264,  0.        ]],

       [[ 0.        , -0.1401225 , -0.22172007, ..., -0.15608026,
         -0.00409915,  0.27560753],
        [ 0.1401225 ,  0.        , -0.08289772, ..., -0.01613519,
          0.13606261,  0.40758402],
        [ 0.22172007,  0.08289772,  0.        , ...,  0.06680727,
          0.21772108,  0.48188066],
        ...,
        [ 0.15608026,  0.01613519, -0.06680727, ...,  0.        ,
          0.15203004,  0.4222651 ],
        [ 0.00409915, -0.13606261, -0.21772108, ..., -0.15203004,
          0.        ,  0.27954561],
        [-0.27560753, -0.40758402, -0.48188066, ..., -0.4222651 ,
         -0.27954561,  0.        ]]]), 'num': array([9.01363955e-01, 9.99148295e-02, 7.18788453e-06, 2.05434141e-07,
       2.00362281e-02, 2.02159252e-02, 1.97666825e-02, 4.17736129e-01,
       2.69545670e-04, 1.99463796e-02, 1.92230987e-02, 1.86130270e-02,
       1.14806489e-05, 2.03979867e-02, 1.80482107e-02])}
{'img': array([[[ 0.        ,  0.1990479 ,  0.0492967 , ...,  0.78377068,
          0.72649975,  0.90649593],
        [-0.1990479 ,  0.        , -0.15049563, ...,  0.64446848,
          0.57518323,  0.80431582],
        [-0.0492967 ,  0.15049563,  0.        , ...,  0.75220202,
          0.6917414 ,  0.88458001],
        ...,
        [-0.78377068, -0.64446848, -0.75220202, ...,  0.        ,
         -0.08738822,  0.23206022],
        [-0.72649975, -0.57518323, -0.6917414 , ...,  0.08738822,
          0.        ,  0.31617508],
        [-0.90649593, -0.80431582, -0.88458001, ..., -0.23206022,
         -0.31617508,  0.        ]],

       [[ 0.        , -0.02538497, -0.51408753, ..., -0.56124284,
         -0.91916892, -0.80647021],
        [ 0.02538497,  0.        , -0.49214822, ..., -0.54005208,
         -0.90887451, -0.79120084],
        [ 0.51408753,  0.49214822,  0.        , ..., -0.055914  ,
         -0.58592553, -0.38777297],
        ...,
        [ 0.56124284,  0.54005208,  0.055914  , ...,  0.        ,
         -0.53969816, -0.33562733],
        [ 0.91916892,  0.90887451,  0.58592553, ...,  0.53969816,
          0.        ,  0.22584213],
        [ 0.80647021,  0.79120084,  0.38777297, ...,  0.33562733,
         -0.22584213,  0.        ]],

       [[ 0.        ,  0.07985591,  0.06842553, ...,  0.79647586,
          0.85862552,  0.99838454],
        [-0.07985591,  0.        , -0.01146174, ...,  0.74564575,
          0.81494902,  0.99065885],
        [-0.06842553,  0.01146174,  0.        , ...,  0.75323422,
          0.82153794,  0.99215674],
        ...,
        [-0.79647586, -0.74564575, -0.75323422, ...,  0.        ,
          0.11090916,  0.5584392 ],
        [-0.85862552, -0.81494902, -0.82153794, ..., -0.11090916,
          0.        ,  0.46298975],
        [-0.99838454, -0.99065885, -0.99215674, ..., -0.5584392 ,
         -0.46298975,  0.        ]],

       ...,

       [[ 0.        , -0.27890445, -0.72367302, ...,  0.90764488,
          0.99819949,  0.97500913],
        [ 0.27890445,  0.        , -0.5024729 , ...,  0.98869555,
          0.9753189 ,  0.9982824 ],
        [ 0.72367302,  0.5024729 ,  0.        , ...,  0.9301585 ,
          0.73230738,  0.8336704 ],
        ...,
        [-0.90764488, -0.98869555, -0.9301585 , ...,  0.        ,
          0.36454129,  0.20760254],
        [-0.99819949, -0.9753189 , -0.73230738, ..., -0.36454129,
          0.        , -0.16328229],
        [-0.97500913, -0.9982824 , -0.8336704 , ..., -0.20760254,
          0.16328229,  0.        ]],

       [[ 0.        , -0.35306541, -0.47627289, ..., -0.99509458,
         -0.99145193, -0.99175196],
        [ 0.35306541,  0.        , -0.13515072, ..., -0.96593724,
         -0.97366639, -0.97313487],
        [ 0.47627289,  0.13515072,  0.        , ..., -0.92210099,
         -0.93392172, -0.93308988],
        ...,
        [ 0.99509458,  0.96593724,  0.92210099, ...,  0.        ,
         -0.03174995, -0.02943107],
        [ 0.99145193,  0.97366639,  0.93392172, ...,  0.03174995,
          0.        ,  0.00231996],
        [ 0.99175196,  0.97313487,  0.93308988, ...,  0.02943107,
         -0.00231996,  0.        ]],

       [[ 0.        , -0.08289772, -0.18582006, ...,  0.13606261,
          0.40758402,  0.61756094],
        [ 0.08289772,  0.        , -0.10372653, ...,  0.21772108,
          0.48188066,  0.6806363 ],
        [ 0.18582006,  0.10372653,  0.        , ...,  0.3177849 ,
          0.57017034,  0.75295713],
        ...,
        [-0.13606261, -0.21772108, -0.3177849 , ...,  0.        ,
          0.27954561,  0.50480139],
        [-0.40758402, -0.48188066, -0.57017034, ..., -0.27954561,
          0.        ,  0.24336248],
        [-0.61756094, -0.6806363 , -0.75295713, ..., -0.50480139,
         -0.24336248,  0.        ]]]), 'num': array([4.14450896e-01, 4.14450896e-01, 0.00000000e+00, 1.83553210e-07,
       9.88818087e-03, 1.00123003e-02, 9.59856888e-03, 8.09795841e-01,
       6.61970268e-04, 9.32550615e-03, 8.93246130e-03, 8.59361527e-03,
       6.12322498e-06, 9.57655488e-03, 8.28836772e-03])}
{'img': array([[[ 0.        , -0.10741803, -0.0715658 , ...,  0.35504258,
          0.46056616,  0.99936204],
        [ 0.10741803,  0.        ,  0.03599088, ...,  0.45340804,
          0.55324827,  0.98974332],
        [ 0.0715658 , -0.03599088,  0.        , ...,  0.42103551,
          0.52290883,  0.99424364],
        ...,
        [-0.35504258, -0.45340804, -0.42103551, ...,  0.        ,
          0.11541553,  0.94693383],
        [-0.46056616, -0.55324827, -0.52290883, ..., -0.11541553,
          0.        ,  0.9035079 ],
        [-0.99936204, -0.98974332, -0.99424364, ..., -0.94693383,
         -0.9035079 ,  0.        ]],

       [[ 0.        , -0.32786145, -0.19366518, ..., -0.70908567,
         -0.58015322,  0.96242848],
        [ 0.32786145,  0.        ,  0.13869378, ..., -0.43870911,
         -0.28104016,  0.82020508],
        [ 0.19366518, -0.13869378,  0.        , ..., -0.55910339,
         -0.41142786,  0.89162055],
        ...,
        [ 0.70908567,  0.43870911,  0.55910339, ...,  0.        ,
          0.1684765 ,  0.48608804],
        [ 0.58015322,  0.28104016,  0.41142786, ..., -0.1684765 ,
          0.        ,  0.62637301],
        [-0.96242848, -0.82020508, -0.89162055, ..., -0.48608804,
         -0.62637301,  0.        ]],

       [[ 0.        , -0.01036757,  0.02074685, ...,  0.69457115,
          0.80273352,  0.99934205],
        [ 0.01036757,  0.        ,  0.03111107, ...,  0.7019925 ,
          0.80887295,  0.99966436],
        [-0.02074685, -0.03111107,  0.        , ...,  0.67949587,
          0.79018861,  0.99837447],
        ...,
        [-0.69457115, -0.7019925 , -0.67949587, ...,  0.        ,
          0.16330667,  0.69375897],
        [-0.80273352, -0.80887295, -0.79018861, ..., -0.16330667,
          0.        ,  0.56683085],
        [-0.99934205, -0.99966436, -0.99837447, ..., -0.69375897,
         -0.56683085,  0.        ]],

       ...,

       [[ 0.        , -0.5024729 , -0.13900884, ...,  0.9753189 ,
          0.9982824 ,  0.8119692 ],
        [ 0.5024729 ,  0.        ,  0.37740839, ...,  0.73230738,
          0.8336704 ,  0.40872928],
        [ 0.13900884, -0.37740839,  0.        , ...,  0.93515639,
          0.98044634,  0.7229464 ],
        ...,
        [-0.9753189 , -0.73230738, -0.93515639, ...,  0.        ,
         -0.16328229,  0.39001038],
        [-0.9982824 , -0.8336704 , -0.98044634, ...,  0.16328229,
          0.        ,  0.53512824],
        [-0.8119692 , -0.40872928, -0.7229464 , ..., -0.39001038,
         -0.53512824,  0.        ]],

       [[ 0.        , -0.33610189, -0.44022323, ..., -0.99483131,
         -0.99507106, -0.99249271],
        [ 0.33610189,  0.        , -0.11283155, ..., -0.97108591,
         -0.97051279, -0.89364855],
        [ 0.44022323,  0.11283155,  0.        , ..., -0.93794837,
         -0.93711722, -0.83730669],
        ...,
        [ 0.99483131,  0.97108591,  0.93794837, ...,  0.        ,
          0.00238908,  0.2224508 ],
        [ 0.99507106,  0.97051279,  0.93711722, ..., -0.00238908,
          0.        ,  0.22012094],
        [ 0.99249271,  0.89364855,  0.83730669, ..., -0.2224508 ,
         -0.22012094,  0.        ]],

       [[ 0.        , -0.10372653, -0.19075729, ...,  0.48188066,
          0.6806363 ,  0.63845237],
        [ 0.10372653,  0.        , -0.0879065 , ...,  0.57017034,
          0.75295713,  0.71484276],
        [ 0.19075729,  0.0879065 ,  0.        , ...,  0.64018057,
          0.80789082,  0.77354713],
        ...,
        [-0.48188066, -0.57017034, -0.64018057, ...,  0.        ,
          0.24336248,  0.18855058],
        [-0.6806363 , -0.75295713, -0.80789082, ..., -0.24336248,
          0.        , -0.05611553],
        [-0.63845237, -0.71484276, -0.77354713, ..., -0.18855058,
          0.05611553,  0.        ]]]), 'num': array([ 7.16273452e-01,  1.55820891e-02,  5.88816271e-06,  3.16536373e-07,
        1.70900332e-02,  1.73772607e-02,  1.68746127e-02,  6.96134499e-01,
       -7.18068623e-05,  1.63863260e-02,  1.56251732e-02,  1.49485132e-02,
        1.13057613e-05,  1.68692362e-02,  1.43811103e-02])}
{'img': array([[[ 0.        ,  0.03599088,  0.        , ...,  0.55324827,
          0.98974332,  0.99223309],
        [-0.03599088,  0.        , -0.03599088, ...,  0.52290883,
          0.99424364,  0.98711325],
        [ 0.        ,  0.03599088,  0.        , ...,  0.55324827,
          0.98974332,  0.99223309],
        ...,
        [-0.55324827, -0.52290883, -0.55324827, ...,  0.        ,
          0.9035079 ,  0.75772652],
        [-0.98974332, -0.99424364, -0.98974332, ..., -0.9035079 ,
          0.        , -0.26486423],
        [-0.99223309, -0.98711325, -0.99223309, ..., -0.75772652,
          0.26486423,  0.        ]],

       [[ 0.        ,  0.13869378,  0.08834694, ..., -0.28104016,
          0.82020508,  0.41700763],
        [-0.13869378,  0.        , -0.05065836, ..., -0.41142786,
          0.89162055,  0.28691819],
        [-0.08834694,  0.05065836,  0.        , ..., -0.36472744,
          0.86753848,  0.33507823],
        ...,
        [ 0.28104016,  0.41142786,  0.36472744, ...,  0.        ,
          0.62637301,  0.6556388 ],
        [-0.82020508, -0.89162055, -0.86753848, ..., -0.62637301,
          0.        , -0.98404423],
        [-0.41700763, -0.28691819, -0.33507823, ..., -0.6556388 ,
          0.98404423,  0.        ]],

       [[ 0.        ,  0.02899465,  0.0483041 , ...,  0.73084978,
          0.88575265,  0.99905437],
        [-0.02899465,  0.        ,  0.019323  , ...,  0.71075255,
          0.87192217,  0.99989497],
        [-0.0483041 , -0.019323  ,  0.        , ...,  0.69702724,
          0.86229798,  0.99998833],
        ...,
        [-0.73084978, -0.71075255, -0.69702724, ...,  0.        ,
          0.2653307 ,  0.713669  ],
        [-0.88575265, -0.87192217, -0.86229798, ..., -0.2653307 ,
          0.        ,  0.50222962],
        [-0.99905437, -0.99989497, -0.99998833, ..., -0.713669  ,
         -0.50222962,  0.        ]],

       ...,

       [[ 0.        ,  0.37026567,  0.46168129, ...,  0.8706895 ,
          0.54536847,  0.        ],
        [-0.37026567,  0.        ,  0.10042507, ...,  0.99091494,
          0.81696226,  0.37026567],
        [-0.46168129, -0.10042507,  0.        , ...,  0.99941167,
          0.87074645,  0.46168129],
        ...,
        [-0.8706895 , -0.99091494, -0.99941167, ...,  0.        ,
          0.46157856,  0.8706895 ],
        [-0.54536847, -0.81696226, -0.87074645, ..., -0.46157856,
          0.        ,  0.54536847],
        [-0.        , -0.37026567, -0.46168129, ..., -0.8706895 ,
         -0.54536847,  0.        ]],

       [[ 0.        , -0.29742101, -0.42908222, ..., -0.99739186,
         -0.98776867, -0.94275891],
        [ 0.29742101,  0.        , -0.1410146 , ..., -0.97372318,
         -0.89669282, -0.8009132 ],
        [ 0.42908222,  0.1410146 ,  0.        , ..., -0.93187933,
         -0.82531205, -0.7084733 ],
        ...,
        [ 0.99739186,  0.97372318,  0.93187933, ...,  0.        ,
