state_0,state_1,state_2,state_3,state_4,state_5,state_6,state_7,state_8,state_9,state_10,state_11,state_12,state_13,state_14,state_15,state_16,state_17,state_18,state_19,state_20,state_21,state_22,state_23,state_24,state_25,state_26,state_27,state_28,state_29,state_30,state_31,state_32,state_33,state_34,state_35,state_36,state_37,state_38,state_39,state_40,state_41,state_42,state_43,state_44,state_45,state_46,state_47,state_48,state_49,state_50,state_51,state_52,state_53,state_54,state_55,state_56,state_57,state_58,state_59,state_60,state_61,state_62,state_63,state_64,state_65,state_66,state_67,state_68,state_69,state_70,state_71,state_72,state_73,state_74,state_75,state_76,state_77,state_78,state_79,state_80,state_81,state_82,state_83,state_84,state_85,state_86,state_87,state_88,state_89,state_90,state_91,state_92,state_93,state_94,state_95,state_96,state_97,state_98,state_99,state_100,state_101,state_102,state_103,state_104,state_105,state_106,state_107,state_108,state_109,state_110,state_111,state_112,state_113,state_114,state_115,state_116,state_117,state_118,state_119,state_120,state_121,state_122,state_123,state_124,state_125,state_126,state_127,state_128,state_129,state_130,state_131,state_132,state_133,state_134,state_135,state_136,state_137,state_138,state_139,state_140,state_141,state_142,state_143,state_144,state_145,state_146,state_147,state_148,state_149,state_150,state_151,state_152,state_153,state_154,state_155,state_156,state_157,state_158,state_159,state_160,state_161,state_162,state_163,state_164,state_165,state_166,state_167,state_168,state_169,state_170,state_171,state_172,state_173,state_174,state_175,state_176,state_177,state_178,state_179,state_180,state_181,state_182,state_183,state_184,state_185,state_186,state_187,state_188,state_189,state_190,state_191,state_192,state_193,state_194,state_195,state_196,state_197,state_198,state_199,state_200,state_201,state_202,state_203,state_204,state_205,state_206,state_207,state_208,state_209,state_210,state_211,state_212,state_213,state_214,state_215,state_216,state_217,state_218,state_219,state_220,state_221,state_222,state_223,state_224,state_225,state_226,state_227,state_228,state_229,state_230,state_231,state_232,state_233,state_234,state_235,state_236,state_237,state_238,state_239,state_240,state_241,state_242,state_243,state_244,state_245,state_246,state_247,state_248,state_249,state_250,state_251,state_252,state_253,state_254,state_255,state_256,state_257,state_258,state_259,state_260,state_261,state_262,state_263,state_264,state_265,state_266,state_267,state_268,state_269,state_270,state_271,state_272,state_273,state_274,state_275,state_276,state_277,state_278,state_279,state_280,state_281,state_282,state_283,state_284,state_285,state_286,state_287
{'img': array([[[ 0.        , -0.21794737, -0.21794737, ..., -0.58315136,
         -0.53939976,  0.32020008],
        [ 0.21794737,  0.        ,  0.        , ..., -0.39208022,
         -0.34291033,  0.51897506],
        [ 0.21794737,  0.        ,  0.        , ..., -0.39208022,
         -0.34291033,  0.51897506],
        ...,
        [ 0.58315136,  0.39208022,  0.39208022, ...,  0.        ,
          0.05285381,  0.81256727],
        [ 0.53939976,  0.34291033,  0.34291033, ..., -0.05285381,
          0.        ,  0.78062475],
        [-0.32020008, -0.51897506, -0.51897506, ..., -0.81256727,
         -0.78062475,  0.        ]],

       [[ 0.        ,  0.20322008, -0.10416821, ...,  0.45224503,
          0.3553664 ,  0.95206559],
        [-0.20322008,  0.        , -0.30410904, ...,  0.26155736,
          0.15799569,  0.87003512],
        [ 0.10416821,  0.30410904,  0.        , ...,  0.54269165,
          0.45080194,  0.97875049],
        ...,
        [-0.45224503, -0.26155736, -0.54269165, ...,  0.        ,
         -0.10577661,  0.71080231],
        [-0.3553664 , -0.15799569, -0.45080194, ...,  0.10577661,
          0.        ,  0.78121706],
        [-0.95206559, -0.87003512, -0.97875049, ..., -0.71080231,
         -0.78121706,  0.        ]],

       [[ 0.        ,  0.07796101,  0.05067637, ..., -0.98661891,
         -0.91629967, -0.71337423],
        [-0.07796101,  0.        , -0.02733871, ..., -0.99632707,
         -0.94473369, -0.76583679],
        [-0.05067637,  0.02733871,  0.        , ..., -0.99361368,
         -0.93541789, -0.74797079],
        ...,
        [ 0.98661891,  0.99632707,  0.99361368, ...,  0.        ,
          0.24573778,  0.57509514],
        [ 0.91629967,  0.94473369,  0.93541789, ..., -0.24573778,
          0.        ,  0.35642585],
        [ 0.71337423,  0.76583679,  0.74797079, ..., -0.57509514,
         -0.35642585,  0.        ]],

       ...,

       [[ 0.        , -0.12431484,  0.14131263, ...,  0.98303071,
          0.97490941,  0.93704418],
        [ 0.12431484,  0.        ,  0.26328378, ...,  0.99820961,
          0.9950196 ,  0.88636327],
        [-0.14131263, -0.26328378,  0.        , ...,  0.94724348,
          0.93366975,  0.97698886],
        ...,
        [-0.98303071, -0.99820961, -0.94724348, ...,  0.        ,
         -0.03998614,  0.51517736],
        [-0.97490941, -0.9950196 , -0.93366975, ...,  0.03998614,
          0.        ,  0.54903681],
        [-0.93704418, -0.88636327, -0.97698886, ..., -0.51517736,
         -0.54903681,  0.        ]],

       [[ 0.        , -0.29761658, -0.27349466, ..., -0.69503927,
         -0.8232261 , -0.95407783],
        [ 0.29761658,  0.        ,  0.02516812, ..., -0.87752182,
         -0.954883  , -0.99999793],
        [ 0.27349466, -0.02516812,  0.        , ..., -0.86517481,
         -0.94710604, -0.99962994],
        ...,
        [ 0.69503927,  0.87752182,  0.86517481, ...,  0.        ,
          0.19729306,  0.47774989],
        [ 0.8232261 ,  0.954883  ,  0.94710604, ..., -0.19729306,
          0.        ,  0.29503836],
        [ 0.95407783,  0.99999793,  0.99962994, ..., -0.47774989,
         -0.29503836,  0.        ]],

       [[ 0.        , -0.17271148, -0.28024362, ..., -0.869391  ,
         -0.78078328, -0.26771018],
        [ 0.17271148,  0.        , -0.11024151, ..., -0.94166721,
         -0.8769605 , -0.43009458],
        [ 0.28024362,  0.11024151,  0.        , ..., -0.97302887,
         -0.9245932 , -0.52699733],
        ...,
        [ 0.869391  ,  0.94166721,  0.97302887, ...,  0.        ,
         -0.15739282, -0.70537554],
        [ 0.78078328,  0.8769605 ,  0.9245932 , ...,  0.15739282,
          0.        , -0.58501845],
        [ 0.26771018,  0.43009458,  0.52699733, ...,  0.70537554,
          0.58501845,  0.        ]]]), 'num': array([7.07088653e-01, 7.07088653e-01, 0.00000000e+00, 0.00000000e+00,
       2.36144309e-03, 2.36144309e-03, 2.33007668e-03, 3.04674553e-03,
       8.96183337e-06, 2.31215301e-03, 2.23104842e-03, 2.26002501e-03,
       6.95314658e-07, 2.33536431e-03, 2.12673252e-03])}
{'img': array([[[ 0.        ,  0.        ,  0.06307776, ..., -0.3269846 ,
          0.45256969,  0.79258911],
        [ 0.        ,  0.        ,  0.06307776, ..., -0.3269846 ,
          0.45256969,  0.79258911],
        [-0.06307776, -0.06307776,  0.        , ..., -0.3859438 ,
          0.39542017,  0.75254871],
        ...,
        [ 0.3269846 ,  0.3269846 ,  0.3859438 , ...,  0.        ,
          0.71927344,  0.94840108],
        [-0.45256969, -0.45256969, -0.39542017, ..., -0.71927344,
          0.        ,  0.4308176 ],
        [-0.79258911, -0.79258911, -0.75254871, ..., -0.94840108,
         -0.4308176 ,  0.        ]],

       [[ 0.        , -0.30410904,  0.10081282, ...,  0.15799569,
          0.87003512,  0.39804146],
        [ 0.30410904,  0.        ,  0.39859777, ...,  0.45080194,
          0.97875049,  0.65816884],
        [-0.10081282, -0.39859777,  0.        , ...,  0.05764418,
          0.81590297,  0.30353121],
        ...,
        [-0.15799569, -0.45080194, -0.05764418, ...,  0.        ,
          0.78121706,  0.24810188],
        [-0.87003512, -0.97875049, -0.81590297, ..., -0.78121706,
          0.        , -0.60191153],
        [-0.39804146, -0.65816884, -0.30353121, ..., -0.24810188,
          0.60191153,  0.        ]],

       [[ 0.        , -0.02733871,  0.        , ..., -0.94473369,
         -0.76583679, -0.42187816],
        [ 0.02733871,  0.        ,  0.02733871, ..., -0.93541789,
         -0.74797079, -0.39693376],
        [ 0.        , -0.02733871,  0.        , ..., -0.94473369,
         -0.76583679, -0.42187816],
        ...,
        [ 0.94473369,  0.93541789,  0.94473369, ...,  0.        ,
          0.35642585,  0.71823719],
        [ 0.76583679,  0.74797079,  0.76583679, ..., -0.35642585,
          0.        ,  0.42306545],
        [ 0.42187816,  0.39693376,  0.42187816, ..., -0.71823719,
         -0.42306545,  0.        ]],

       ...,

       [[ 0.        ,  0.2604854 ,  0.2604854 , ...,  0.99048691,
          0.9693516 ,  0.88223241],
        [-0.2604854 ,  0.        ,  0.        , ...,  0.92044849,
          0.99988286,  0.97441601],
        [-0.2604854 ,  0.        ,  0.        , ...,  0.92044849,
          0.99988286,  0.97441601],
        ...,
        [-0.99048691, -0.92044849, -0.92044849, ...,  0.        ,
          0.37673   ,  0.58773663],
        [-0.9693516 , -0.99988286, -0.99988286, ..., -0.37673   ,
          0.        ,  0.23963975],
        [-0.88223241, -0.97441601, -0.97441601, ..., -0.58773663,
         -0.23963975,  0.        ]],

       [[ 0.        ,  0.12083774, -0.05331261, ..., -0.89046846,
         -0.98577692, -0.99789833],
        [-0.12083774,  0.        , -0.17358784, ..., -0.82895675,
         -0.95824554, -0.99841618],
        [ 0.05331261,  0.17358784,  0.        , ..., -0.91346173,
         -0.99333469, -0.99302459],
        ...,
        [ 0.89046846,  0.82895675,  0.91346173, ...,  0.        ,
          0.2989215 ,  0.51179011],
        [ 0.98577692,  0.95824554,  0.99333469, ..., -0.2989215 ,
          0.        ,  0.23158328],
        [ 0.99789833,  0.99841618,  0.99302459, ..., -0.51179011,
         -0.23158328,  0.        ]],

       [[ 0.        , -0.10735368, -0.19979358, ..., -0.93086947,
         -0.77025418, -0.41997664],
        [ 0.10735368,  0.        , -0.09344974, ..., -0.96471175,
         -0.83426621, -0.51497676],
        [ 0.19979358,  0.09344974,  0.        , ..., -0.98509626,
         -0.88214008, -0.59282872],
        ...,
        [ 0.93086947,  0.96471175,  0.98509626, ...,  0.        ,
         -0.31223607, -0.69135728],
        [ 0.77025418,  0.83426621,  0.88214008, ...,  0.31223607,
          0.        , -0.43119792],
        [ 0.41997664,  0.51497676,  0.59282872, ...,  0.69135728,
          0.43119792,  0.        ]]]), 'num': array([ 9.99952902e-01,  1.30188841e-03,  3.80438462e-06, -1.80357158e-10,
        3.33996978e-03,  3.35269347e-03,  3.29543685e-03,  2.76278483e-03,
       -1.27236944e-05,  3.31070528e-03,  3.17774267e-03,  3.20933985e-03,
        1.06030787e-06,  3.34288132e-03,  3.01260402e-03])}
{'img': array([[[ 0.        ,  0.06307776, -0.46548329, ...,  0.45256969,
          0.79258911,  0.45256969],
        [-0.06307776,  0.        , -0.52038373, ...,  0.39542017,
          0.75254871,  0.39542017],
        [ 0.46548329,  0.52038373,  0.        , ...,  0.81563479,
          0.98531755,  0.81563479],
        ...,
        [-0.45256969, -0.39542017, -0.81563479, ...,  0.        ,
          0.4308176 ,  0.        ],
        [-0.79258911, -0.75254871, -0.98531755, ..., -0.4308176 ,
          0.        , -0.4308176 ],
        [-0.45256969, -0.39542017, -0.81563479, ...,  0.        ,
          0.4308176 ,  0.        ]],

       [[ 0.        ,  0.39859777,  0.6962503 , ...,  0.97875049,
          0.65816884,  0.28775458],
        [-0.39859777,  0.        ,  0.35243604, ...,  0.81590297,
          0.30353121, -0.11783159],
        [-0.6962503 , -0.35243604,  0.        , ...,  0.5597767 ,
         -0.05175323, -0.46025185],
        ...,
        [-0.97875049, -0.81590297, -0.5597767 , ...,  0.        ,
         -0.60191153, -0.87834797],
        [-0.65816884, -0.30353121,  0.05175323, ...,  0.60191153,
          0.        , -0.41368915],
        [-0.28775458,  0.11783159,  0.46025185, ...,  0.87834797,
          0.41368915,  0.        ]],

       [[ 0.        ,  0.02733871, -0.23669278, ..., -0.74797079,
         -0.39693376,  0.02733871],
        [-0.02733871,  0.        , -0.26316618, ..., -0.76583679,
         -0.42187816,  0.        ],
        [ 0.23669278,  0.26316618,  0.        , ..., -0.56961637,
         -0.16840688,  0.26316618],
        ...,
        [ 0.74797079,  0.76583679,  0.56961637, ...,  0.        ,
          0.42306545,  0.76583679],
        [ 0.39693376,  0.42187816,  0.16840688, ..., -0.42306545,
          0.        ,  0.42187816],
        [-0.02733871,  0.        , -0.26316618, ..., -0.76583679,
         -0.42187816,  0.        ]],

       ...,

       [[ 0.        ,  0.        , -0.58127956, ...,  0.93356278,
          0.9483411 ,  0.95451498],
        [ 0.        ,  0.        , -0.58127956, ...,  0.93356278,
          0.9483411 ,  0.95451498],
        [ 0.58127956,  0.58127956,  0.        , ...,  0.96798238,
          0.95608127,  0.60337653],
        ...,
        [-0.93356278, -0.93356278, -0.96798238, ...,  0.        ,
          0.0437235 ,  0.6204653 ],
        [-0.9483411 , -0.9483411 , -0.95608127, ..., -0.0437235 ,
          0.        ,  0.58558248],
        [-0.95451498, -0.95451498, -0.60337653, ..., -0.6204653 ,
         -0.58558248,  0.        ]],

       [[ 0.        , -0.17358784, -0.19018546, ..., -0.95824554,
         -0.99841618, -0.99362483],
        [ 0.17358784,  0.        , -0.01687859, ..., -0.99333469,
         -0.99302459, -0.95897018],
        [ 0.19018546,  0.01687859,  0.        , ..., -0.99513871,
         -0.99089302, -0.95404837],
        ...,
        [ 0.95824554,  0.99333469,  0.99513871, ...,  0.        ,
          0.23158328,  0.39215373],
        [ 0.99841618,  0.99302459,  0.99089302, ..., -0.23158328,
          0.        ,  0.16845968],
        [ 0.99362483,  0.95897018,  0.95404837, ..., -0.39215373,
         -0.16845968,  0.        ]],

       [[ 0.        , -0.09208063, -0.28523334, ..., -0.88468737,
         -0.75933299, -0.50855684],
        [ 0.09208063,  0.        , -0.19576612, ..., -0.92385541,
         -0.81602408, -0.58568031],
        [ 0.28523334,  0.19576612,  0.        , ..., -0.98090723,
         -0.91339083, -0.73302444],
        ...,
        [ 0.88468737,  0.92385541,  0.98090723, ...,  0.        ,
         -0.22167856, -0.5246595 ],
        [ 0.75933299,  0.81602408,  0.91339083, ...,  0.22167856,
          0.        , -0.3228882 ],
        [ 0.50855684,  0.58568031,  0.73302444, ...,  0.5246595 ,
          0.3228882 ,  0.        ]]]), 'num': array([ 7.07091277e-01,  7.07091277e-01,  0.00000000e+00, -5.01487244e-09,
        2.33861799e-03,  2.34763000e-03,  2.32509996e-03,  1.20530298e-03,
       -2.70360461e-05,  2.35123481e-03,  2.25728455e-03,  2.27313067e-03,
        6.99208088e-07,  2.37847773e-03,  2.13609137e-03])}
{'img': array([[[ 0.        , -0.52038373, -0.06307776, ...,  0.75254871,
          0.39542017, -0.06307776],
        [ 0.52038373,  0.        ,  0.46548329, ...,  0.98531755,
          0.81563479,  0.46548329],
        [ 0.06307776, -0.46548329,  0.        , ...,  0.79258911,
          0.45256969,  0.        ],
        ...,
        [-0.75254871, -0.98531755, -0.79258911, ...,  0.        ,
         -0.4308176 , -0.79258911],
        [-0.39542017, -0.81563479, -0.45256969, ...,  0.4308176 ,
          0.        , -0.45256969],
        [ 0.06307776, -0.46548329,  0.        , ...,  0.79258911,
          0.45256969,  0.        ]],

       [[ 0.        ,  0.35243604, -0.19951112, ...,  0.30353121,
         -0.11783159, -0.45139456],
        [-0.35243604,  0.        , -0.53206017, ..., -0.05175323,
         -0.46025185, -0.73691853],
        [ 0.19951112,  0.53206017,  0.        , ...,  0.48752736,
          0.08265859, -0.26429087],
        ...,
        [-0.30353121,  0.05175323, -0.48752736, ...,  0.        ,
         -0.41368915, -0.70094676],
        [ 0.11783159,  0.46025185, -0.08265859, ...,  0.41368915,
          0.        , -0.34310595],
        [ 0.45139456,  0.73691853,  0.26429087, ...,  0.70094676,
          0.34310595,  0.        ]],

       [[ 0.        , -0.26316618, -0.31471456, ..., -0.42187816,
          0.        ,  0.28334088],
        [ 0.26316618,  0.        , -0.05382729, ..., -0.16840688,
          0.26316618,  0.5257347 ],
        [ 0.31471456,  0.05382729,  0.        , ..., -0.11510423,
          0.31471456,  0.57076063],
        ...,
        [ 0.42187816,  0.16840688,  0.11510423, ...,  0.        ,
          0.42187816,  0.66148101],
        [ 0.        , -0.26316618, -0.31471456, ..., -0.42187816,
          0.        ,  0.28334088],
        [-0.28334088, -0.5257347 , -0.57076063, ..., -0.66148101,
         -0.28334088,  0.        ]],

       ...,

       [[ 0.        , -0.58127956, -0.37242293, ...,  0.9483411 ,
          0.95451498,  0.9483411 ],
        [ 0.58127956,  0.        ,  0.23642212, ...,  0.95608127,
          0.60337653,  0.95608127],
        [ 0.37242293, -0.23642212,  0.        , ...,  0.99827251,
          0.77480742,  0.99827251],
        ...,
        [-0.9483411 , -0.95608127, -0.99827251, ...,  0.        ,
          0.58558248,  0.        ],
        [-0.95451498, -0.60337653, -0.77480742, ..., -0.58558248,
          0.        , -0.58558248],
        [-0.9483411 , -0.95608127, -0.99827251, ...,  0.        ,
          0.58558248,  0.        ]],

       [[ 0.        , -0.07859908, -0.2620334 , ..., -0.99879676,
         -0.99262219, -0.97632178],
        [ 0.07859908,  0.        , -0.18537002, ..., -0.99956137,
         -0.9800213 , -0.95629852],
        [ 0.2620334 ,  0.18537002,  0.        , ..., -0.976748  ,
         -0.92616762, -0.88552398],
        ...,
        [ 0.99879676,  0.99956137,  0.976748  , ...,  0.        ,
          0.16978182,  0.26394289],
        [ 0.99262219,  0.9800213 ,  0.92616762, ..., -0.16978182,
          0.        ,  0.09634981],
        [ 0.97632178,  0.95629852,  0.88552398, ..., -0.26394289,
         -0.09634981,  0.        ]],

       [[ 0.        , -0.19576612, -0.24741171, ..., -0.81602408,
         -0.58568031, -0.75243368],
        [ 0.19576612,  0.        , -0.05294461, ..., -0.91339083,
         -0.73302444, -0.86681943],
        [ 0.24741171,  0.05294461,  0.        , ..., -0.93366265,
         -0.76800939, -0.89200303],
        ...,
        [ 0.81602408,  0.91339083,  0.93366265, ...,  0.        ,
         -0.3228882 , -0.10256882],
        [ 0.58568031,  0.73302444,  0.76800939, ...,  0.3228882 ,
          0.        ,  0.22411032],
        [ 0.75243368,  0.86681943,  0.89200303, ...,  0.10256882,
         -0.22411032,  0.        ]]]), 'num': array([ 8.79784782e-01,  4.75298867e-01,  1.55871258e-06, -6.31286342e-09,
        2.90997061e-03,  2.93239813e-03,  2.88193621e-03,  1.97494491e-03,
        0.00000000e+00,  2.93239813e-03,  2.81689641e-03,  2.82839051e-03,
        8.61056540e-07,  2.97107643e-03,  2.66271639e-03])}
{'img': array([[[ 0.        ,  0.46548329,  0.52038373, ...,  0.81563479,
          0.46548329,  0.46548329],
        [-0.46548329,  0.        ,  0.06307776, ...,  0.45256969,
          0.        ,  0.        ],
        [-0.52038373, -0.06307776,  0.        , ...,  0.39542017,
         -0.06307776, -0.06307776],
        ...,
        [-0.81563479, -0.45256969, -0.39542017, ...,  0.        ,
         -0.45256969, -0.45256969],
        [-0.46548329,  0.        ,  0.06307776, ...,  0.45256969,
          0.        ,  0.        ],
        [-0.46548329,  0.        ,  0.06307776, ...,  0.45256969,
          0.        ,  0.        ]],

       [[ 0.        , -0.53206017, -0.73085331, ..., -0.46025185,
         -0.73691853, -0.59643115],
        [ 0.53206017,  0.        , -0.25566882, ...,  0.08265859,
         -0.26429087, -0.07793648],
        [ 0.73085331,  0.25566882,  0.        , ...,  0.33470528,
         -0.00892901,  0.17954494],
        ...,
        [ 0.46025185, -0.08265859, -0.33470528, ...,  0.        ,
         -0.34310595, -0.16007694],
        [ 0.73691853,  0.26429087,  0.00892901, ...,  0.34310595,
          0.        ,  0.18832169],
        [ 0.59643115,  0.07793648, -0.17954494, ...,  0.16007694,
         -0.18832169,  0.        ]],

       [[ 0.        , -0.04847891, -0.03257285, ...,  0.22409343,
          0.39662429,  0.70661088],
        [ 0.04847891,  0.        ,  0.01591863, ...,  0.27107592,
          0.44066066,  0.74008384],
        [ 0.03257285, -0.01591863,  0.        , ...,  0.25571897,
          0.42631509,  0.72928455],
        ...,
        [-0.22409343, -0.27107592, -0.25571897, ...,  0.        ,
          0.18082369,  0.53007107],
        [-0.39662429, -0.44066066, -0.42631509, ..., -0.18082369,
          0.        ,  0.3680031 ],
        [-0.70661088, -0.74008384, -0.72928455, ..., -0.53007107,
         -0.3680031 ,  0.        ]],

       ...,

       [[ 0.        ,  0.23642212,  0.35137713, ...,  0.60337653,
          0.95608127,  0.96798238],
        [-0.23642212,  0.        ,  0.12006931, ...,  0.77480742,
          0.99827251,  0.99988675],
        [-0.35137713, -0.12006931,  0.        , ...,  0.84510958,
          0.99810503,  0.99446006],
        ...,
        [-0.60337653, -0.77480742, -0.84510958, ...,  0.        ,
         -0.58558248, -0.6204653 ],
        [-0.95608127, -0.99827251, -0.99810503, ...,  0.58558248,
          0.        , -0.0437235 ],
        [-0.96798238, -0.99988675, -0.99446006, ...,  0.6204653 ,
          0.0437235 ,  0.        ]],

       [[ 0.        , -0.25055194, -0.39579584, ..., -0.99240846,
         -0.97590235, -0.95392625],
        [ 0.25055194,  0.        , -0.1530797 , ..., -0.92993949,
         -0.89010177, -0.84832311],
        [ 0.39579584,  0.1530797 ,  0.        , ..., -0.86268974,
         -0.80984301, -0.75727217],
        ...,
        [ 0.99240846,  0.92993949,  0.86268974, ...,  0.        ,
          0.09652928,  0.18044425],
        [ 0.97590235,  0.89010177,  0.80984301, ..., -0.09652928,
          0.        ,  0.08465683],
        [ 0.95392625,  0.84832311,  0.75727217, ..., -0.18044425,
         -0.08465683,  0.        ]],

       [[ 0.        , -0.05294461, -0.08177765, ..., -0.73302444,
         -0.86681943, -0.92927861],
        [ 0.05294461,  0.        , -0.02889567, ..., -0.76800939,
         -0.89200303, -0.94753191],
        [ 0.08177765,  0.02889567,  0.        , ..., -0.78619459,
         -0.90469225, -0.95637307],
        ...,
        [ 0.73302444,  0.76800939,  0.78619459, ...,  0.        ,
          0.22411032,  0.36133319],
        [ 0.86681943,  0.89200303,  0.90469225, ..., -0.22411032,
          0.        ,  0.14317354],
        [ 0.92927861,  0.94753191,  0.95637307, ..., -0.36133319,
         -0.14317354,  0.        ]]]), 'num': array([ 9.96962254e-01,  7.72987628e-02,  3.56458718e-06, -7.27609368e-09,
        3.29628492e-03,  3.31544936e-03,  3.25795602e-03,  2.47129379e-03,
       -1.91644472e-05,  3.32950329e-03,  3.21707187e-03,  3.22314061e-03,
        9.63825999e-07,  3.39384708e-03,  3.04029665e-03])}
{'img': array([[[ 0.        ,  0.06307776,  0.06307776, ...,  0.        ,
          0.        , -0.17303283],
        [-0.06307776,  0.        ,  0.        , ..., -0.06307776,
         -0.06307776, -0.23481456],
        [-0.06307776,  0.        ,  0.        , ..., -0.06307776,
         -0.06307776, -0.23481456],
        ...,
        [ 0.        ,  0.06307776,  0.06307776, ...,  0.        ,
          0.        , -0.17303283],
        [ 0.        ,  0.06307776,  0.06307776, ...,  0.        ,
          0.        , -0.17303283],
        [ 0.17303283,  0.23481456,  0.23481456, ...,  0.17303283,
          0.17303283,  0.        ]],

       [[ 0.        , -0.25566882, -0.2491454 , ..., -0.26429087,
         -0.07793648, -0.00819596],
        [ 0.25566882,  0.        ,  0.00674167, ..., -0.00892901,
          0.17954494,  0.24773667],
        [ 0.2491454 , -0.00674167,  0.        , ..., -0.01567021,
          0.17290874,  0.24119952],
        ...,
        [ 0.26429087,  0.00892901,  0.01567021, ...,  0.        ,
          0.18832169,  0.25637746],
        [ 0.07793648, -0.17954494, -0.17290874, ..., -0.18832169,
          0.        ,  0.06976283],
        [ 0.00819596, -0.24773667, -0.24119952, ..., -0.25637746,
         -0.06976283,  0.        ]],

       [[ 0.        ,  0.01591863,  0.03207452, ...,  0.44066066,
          0.74008384,  0.36183944],
        [-0.01591863,  0.        ,  0.01616002, ...,  0.42631509,
          0.72928455,  0.34695361],
        [-0.03207452, -0.01616002,  0.        , ...,  0.41164148,
          0.71813246,  0.33175211],
        ...,
        [-0.44066066, -0.42631509, -0.41164148, ...,  0.        ,
          0.3680031 , -0.08598791],
        [-0.74008384, -0.72928455, -0.71813246, ..., -0.3680031 ,
          0.        , -0.44659376],
        [-0.36183944, -0.34695361, -0.33175211, ...,  0.08598791,
          0.44659376,  0.        ]],

       ...,

       [[ 0.        ,  0.12006931, -0.19896874, ...,  0.99827251,
          0.99988675,  0.99856519],
        [-0.12006931,  0.        , -0.31519793, ...,  0.99810503,
          0.99446006,  0.98491143],
        [ 0.19896874,  0.31519793,  0.        , ...,  0.96662276,
          0.97690048,  0.98925441],
        ...,
        [-0.99827251, -0.99810503, -0.96662276, ...,  0.        ,
         -0.0437235 , -0.11212637],
        [-0.99988675, -0.99446006, -0.97690048, ...,  0.0437235 ,
          0.        , -0.06857136],
        [-0.99856519, -0.98491143, -0.98925441, ...,  0.11212637,
          0.06857136,  0.        ]],

       [[ 0.        , -0.31398229, -0.48026237, ..., -0.97127714,
         -0.94704162, -0.92630207],
        [ 0.31398229,  0.        , -0.18057327, ..., -0.8474461 ,
         -0.79832552, -0.76115511],
        [ 0.48026237,  0.18057327,  0.        , ..., -0.73765239,
         -0.67645632, -0.63152851],
        ...,
        [ 0.97127714,  0.8474461 ,  0.73765239, ...,  0.        ,
          0.08653801,  0.14554489],
        [ 0.94704162,  0.79832552,  0.67645632, ..., -0.08653801,
          0.        ,  0.05938235],
        [ 0.92630207,  0.76115511,  0.63152851, ..., -0.14554489,
         -0.05938235,  0.        ]],

       [[ 0.        , -0.02889567, -0.03617168, ..., -0.89200303,
         -0.94753191, -0.97943076],
        [ 0.02889567,  0.        , -0.00727981, ..., -0.90469225,
         -0.95637307, -0.98485236],
        [ 0.03617168,  0.00727981,  0.        , ..., -0.90776996,
         -0.95847451, -0.98608855],
        ...,
        [ 0.89200303,  0.90469225,  0.90776996, ...,  0.        ,
          0.14317354,  0.26274265],
        [ 0.94753191,  0.95637307,  0.95847451, ..., -0.14317354,
          0.        ,  0.1218925 ],
        [ 0.97943076,  0.98485236,  0.98608855, ..., -0.26274265,
         -0.1218925 ,  0.        ]]]), 'num': array([ 7.07090873e-01,  7.07090873e-01,  0.00000000e+00, -1.13415427e-08,
        2.34142145e-03,  2.35503436e-03,  2.31419562e-03,  1.43551823e-03,
        0.00000000e+00,  2.35503436e-03,  2.28991925e-03,  2.28923861e-03,
        6.63193314e-07,  2.41642988e-03,  2.16340862e-03])}
{'img': array([[[ 0.        ,  0.        , -0.1229964 , ..., -0.06307776,
         -0.23481456, -0.23481456],
        [ 0.        ,  0.        , -0.1229964 , ..., -0.06307776,
         -0.23481456, -0.23481456],
        [ 0.1229964 ,  0.1229964 ,  0.        , ...,  0.06015265,
         -0.11347419, -0.11347419],
        ...,
        [ 0.06307776,  0.06307776, -0.06015265, ...,  0.        ,
         -0.17303283, -0.17303283],
        [ 0.23481456,  0.23481456,  0.11347419, ...,  0.17303283,
          0.        ,  0.        ],
        [ 0.23481456,  0.23481456,  0.11347419, ...,  0.17303283,
          0.        ,  0.        ]],

       [[ 0.        ,  0.00674167, -0.01925626, ...,  0.17954494,
          0.24773667,  0.10396274],
        [-0.00674167,  0.        , -0.02599624, ...,  0.17290874,
          0.24119952,  0.09725524],
        [ 0.01925626,  0.02599624,  0.        , ...,  0.19845499,
          0.26634672,  0.12309537],
        ...,
        [-0.17954494, -0.17290874, -0.19845499, ...,  0.        ,
          0.06976283, -0.0762987 ],
        [-0.24773667, -0.24119952, -0.26634672, ..., -0.06976283,
          0.        , -0.14567228],
        [-0.10396274, -0.09725524, -0.12309537, ...,  0.0762987 ,
          0.14567228,  0.        ]],

       [[ 0.        ,  0.01616002, -0.01591863, ...,  0.72928455,
          0.34695361,  0.11892015],
        [-0.01616002,  0.        , -0.03207452, ...,  0.71813246,
          0.33175211,  0.10285927],
        [ 0.01591863,  0.03207452,  0.        , ...,  0.74008384,
          0.36183944,  0.13471075],
        ...,
        [-0.72928455, -0.71813246, -0.74008384, ...,  0.        ,
         -0.44659376, -0.642743  ],
        [-0.34695361, -0.33175211, -0.36183944, ...,  0.44659376,
          0.        , -0.23295846],
        [-0.11892015, -0.10285927, -0.13471075, ...,  0.642743  ,
          0.23295846,  0.        ]],

       ...,

       [[ 0.        , -0.31519793, -0.11335269, ...,  0.99446006,
          0.98491143,  0.96014837],
        [ 0.31519793,  0.        ,  0.20559177, ...,  0.97690048,
          0.98925441,  0.99930065],
        [ 0.11335269, -0.20559177,  0.        , ...,  0.99996566,
          0.99818021,  0.98564107],
        ...,
        [-0.99446006, -0.97690048, -0.99996566, ...,  0.        ,
         -0.06857136, -0.17701631],
        [-0.98491143, -0.98925441, -0.99818021, ...,  0.06857136,
          0.        , -0.10911117],
        [-0.96014837, -0.99930065, -0.98564107, ...,  0.17701631,
          0.10911117,  0.        ]],

       [[ 0.        , -0.37796382, -0.40272586, ..., -0.93472098,
         -0.91095871, -0.88542264],
        [ 0.37796382,  0.        , -0.02689372, ..., -0.73106201,
         -0.68747498, -0.64406972],
        [ 0.40272586,  0.02689372,  0.        , ..., -0.7124477 ,
         -0.66769588, -0.62326396],
        ...,
        [ 0.93472098,  0.73106201,  0.7124477 , ...,  0.        ,
          0.06183136,  0.11978229],
        [ 0.91095871,  0.68747498,  0.66769588, ..., -0.06183136,
          0.        ,  0.05816691],
        [ 0.88542264,  0.64406972,  0.62326396, ..., -0.11978229,
         -0.05816691,  0.        ]],

       [[ 0.        , -0.00727981, -0.04734947, ..., -0.95637307,
         -0.98485236, -0.99578101],
        [ 0.00727981,  0.        , -0.04007656, ..., -0.95847451,
         -0.98608855, -0.99642263],
        [ 0.04734947,  0.04007656,  0.        , ..., -0.96913345,
         -0.9919579 , -0.99900899],
        ...,
        [ 0.95637307,  0.95847451,  0.96913345, ...,  0.        ,
          0.1218925 ,  0.20315735],
        [ 0.98485236,  0.98608855,  0.9919579 , ..., -0.1218925 ,
          0.        ,  0.08229191],
        [ 0.99578101,  0.99642263,  0.99900899, ..., -0.20315735,
         -0.08229191,  0.        ]]]), 'num': array([ 9.59952027e-01,  2.80019551e-01,  2.64051447e-06, -1.55427007e-08,
        3.17725456e-03,  3.19576284e-03,  3.16491571e-03,  1.31138560e-03,
       -6.16942633e-06,  3.18959341e-03,  3.11957043e-03,  3.11196147e-03,
        8.56165287e-07,  3.29144294e-03,  2.94769791e-03])}
{'img': array([[[ 0.        , -0.1229964 ,  0.1380151 , ..., -0.23481456,
         -0.23481456, -0.28722813],
        [ 0.1229964 ,  0.        ,  0.25878651, ..., -0.11347419,
         -0.11347419, -0.16723363],
        [-0.1380151 , -0.25878651,  0.        , ..., -0.36672364,
         -0.36672364, -0.41667884],
        ...,
        [ 0.23481456,  0.11347419,  0.36672364, ...,  0.        ,
          0.        , -0.0542773 ],
        [ 0.23481456,  0.11347419,  0.36672364, ...,  0.        ,
          0.        , -0.0542773 ],
        [ 0.28722813,  0.16723363,  0.41667884, ...,  0.0542773 ,
          0.0542773 ,  0.        ]],

       [[ 0.        , -0.02599624, -0.05605287, ...,  0.24119952,
          0.09725524, -0.16164763],
        [ 0.02599624,  0.        , -0.03007856, ...,  0.26634672,
          0.12309537, -0.13593865],
        [ 0.05605287,  0.03007856,  0.        , ...,  0.29521825,
          0.15288948, -0.10607779],
        ...,
        [-0.24119952, -0.26634672, -0.29521825, ...,  0.        ,
         -0.14567228, -0.39490247],
        [-0.09725524, -0.12309537, -0.15288948, ...,  0.14567228,
          0.        , -0.25685752],
        [ 0.16164763,  0.13593865,  0.10607779, ...,  0.39490247,
          0.25685752,  0.        ]],

       [[ 0.        , -0.03207452,  0.1784134 , ...,  0.33175211,
          0.10285927, -0.06320847],
        [ 0.03207452,  0.        ,  0.20988151, ...,  0.36183944,
          0.13471075, -0.03116556],
        [-0.1784134 , -0.20988151,  0.        , ...,  0.15812011,
         -0.07625812, -0.24025096],
        ...,
        [-0.33175211, -0.36183944, -0.15812011, ...,  0.        ,
         -0.23295846, -0.39071747],
        [-0.10285927, -0.13471075,  0.07625812, ...,  0.23295846,
          0.        , -0.1655268 ],
        [ 0.06320847,  0.03116556,  0.24025096, ...,  0.39071747,
          0.1655268 ,  0.        ]],

       ...,

       [[ 0.        ,  0.20559177,  0.84024011, ...,  0.98925441,
          0.99930065,  0.99337899],
        [-0.20559177,  0.        ,  0.71081593, ...,  0.99818021,
          0.98564107,  0.94853921],
        [-0.84024011, -0.71081593,  0.        , ...,  0.65923486,
          0.57325419,  0.44209492],
        ...,
        [-0.98925441, -0.99818021, -0.65923486, ...,  0.        ,
         -0.10911117, -0.25888518],
        [-0.99930065, -0.98564107, -0.57325419, ...,  0.10911117,
          0.        , -0.15194816],
        [-0.99337899, -0.94853921, -0.44209492, ...,  0.25888518,
          0.15194816,  0.        ]],

       [[ 0.        , -0.14727325, -0.22670679, ..., -0.8843076 ,
         -0.85342961, -0.8261514 ],
        [ 0.14727325,  0.        , -0.08079604, ..., -0.80590239,
         -0.76736367, -0.73416207],
        [ 0.22670679,  0.08079604,  0.        , ..., -0.75543244,
         -0.71304749, -0.67690341],
        ...,
        [ 0.8843076 ,  0.80590239,  0.75543244, ...,  0.        ,
          0.06243794,  0.11252748],
        [ 0.85342961,  0.76736367,  0.71304749, ..., -0.06243794,
          0.        ,  0.05026655],
        [ 0.8261514 ,  0.73416207,  0.67690341, ..., -0.11252748,
         -0.05026655,  0.        ]],

       [[ 0.        , -0.04007656, -0.0551998 , ..., -0.98608855,
         -0.99642263, -0.99999539],
        [ 0.04007656,  0.        , -0.01514   , ..., -0.9919579 ,
         -0.99900899, -0.9990703 ],
        [ 0.0551998 ,  0.01514   ,  0.        , ..., -0.99376045,
         -0.99956835, -0.99830309],
        ...,
        [ 0.98608855,  0.9919579 ,  0.99376045, ...,  0.        ,
          0.08229191,  0.1692147 ],
        [ 0.99642263,  0.99900899,  0.99956835, ..., -0.08229191,
          0.        ,  0.08753557],
        [ 0.99999539,  0.9990703 ,  0.99830309, ..., -0.1692147 ,
         -0.08753557,  0.        ]]]), 'num': array([ 8.90663770e-01,  4.54583403e-01,  1.67401293e-06, -1.62979519e-08,
        2.96653311e-03,  2.98930880e-03,  2.92098174e-03,  1.92509209e-03,
        3.41635291e-05,  2.94603499e-03,  2.88824169e-03,  2.87220381e-03,
        8.75987925e-07,  3.04495906e-03,  2.73152432e-03])}
{'img': array([[[ 0.        ,  0.25878651,  0.1229964 , ..., -0.11347419,
         -0.16723363,  0.18898829],
        [-0.25878651,  0.        , -0.1380151 , ..., -0.36672364,
         -0.41667884, -0.0715727 ],
        [-0.1229964 ,  0.1380151 ,  0.        , ..., -0.23481456,
         -0.28722813,  0.06677339],
        ...,
        [ 0.11347419,  0.36672364,  0.23481456, ...,  0.        ,
         -0.0542773 ,  0.29919691],
        [ 0.16723363,  0.41667884,  0.28722813, ...,  0.0542773 ,
          0.        ,  0.35054679],
        [-0.18898829,  0.0715727 , -0.06677339, ..., -0.29919691,
         -0.35054679,  0.        ]],

       [[ 0.        , -0.03007856,  0.2582052 , ...,  0.12309537,
         -0.13593865,  0.16940952],
        [ 0.03007856,  0.        ,  0.28714697, ...,  0.15288948,
         -0.10607779,  0.19897666],
        [-0.2582052 , -0.28714697,  0.        , ..., -0.13732029,
         -0.38713733, -0.09080818],
        ...,
        [-0.12309537, -0.15288948,  0.13732029, ...,  0.        ,
         -0.25685752,  0.04680501],
        [ 0.13593865,  0.10607779,  0.38713733, ...,  0.25685752,
          0.        ,  0.30181069],
        [-0.16940952, -0.19897666,  0.09080818, ..., -0.04680501,
         -0.30181069,  0.        ]],

       [[ 0.        ,  0.20988151,  0.22975431, ...,  0.13471075,
         -0.03116556,  0.        ],
        [-0.20988151,  0.        ,  0.02037006, ..., -0.07625812,
         -0.24025096, -0.20988151],
        [-0.22975431, -0.02037006,  0.        , ..., -0.09655304,
         -0.25997454, -0.22975431],
        ...,
        [-0.13471075,  0.07625812,  0.09655304, ...,  0.        ,
         -0.1655268 , -0.13471075],
        [ 0.03116556,  0.24025096,  0.25997454, ...,  0.1655268 ,
          0.        ,  0.03116556],
        [ 0.        ,  0.20988151,  0.22975431, ...,  0.13471075,
         -0.03116556,  0.        ]],

       ...,

       [[ 0.        ,  0.71081593,  0.67723125, ...,  0.98564107,
          0.94853921,  0.99987806],
        [-0.71081593,  0.        , -0.0466476 , ...,  0.57325419,
          0.44209492,  0.7143924 ],
        [-0.67723125,  0.0466476 ,  0.        , ...,  0.61085215,
          0.48345507,  0.74625615],
        ...,
        [-0.98564107, -0.57325419, -0.61085215, ...,  0.        ,
         -0.15194816,  0.18422519],
        [-0.94853921, -0.44209492, -0.48345507, ...,  0.15194816,
          0.        ,  0.33143347],
        [-0.99987806, -0.7143924 , -0.74625615, ..., -0.18422519,
         -0.33143347,  0.        ]],

       [[ 0.        , -0.17378141, -0.43596977, ..., -0.84828039,
         -0.8202404 , -0.77908179],
        [ 0.17378141,  0.        , -0.27293962, ..., -0.74334769,
         -0.70835356, -0.65828004],
        [ 0.43596977,  0.27293962,  0.        , ..., -0.53255291,
         -0.48880165, -0.42782431],
        ...,
        [ 0.84828039,  0.74334769,  0.53255291, ...,  0.        ,
          0.05087636,  0.11924521],
        [ 0.8202404 ,  0.70835356,  0.48880165, ..., -0.05087636,
          0.        ,  0.06857743],
        [ 0.77908179,  0.65828004,  0.42782431, ..., -0.11924521,
         -0.06857743,  0.        ]],

       [[ 0.        , -0.01514   , -0.00580229, ..., -0.99900899,
         -0.9990703 , -0.98259016],
        [ 0.01514   ,  0.        ,  0.00933812, ..., -0.99956835,
         -0.99830309, -0.97966474],
        [ 0.00580229, -0.00933812,  0.        , ..., -0.99925043,
         -0.99880334, -0.98149564],
        ...,
        [ 0.99900899,  0.99956835,  0.99925043, ...,  0.        ,
          0.08753557,  0.22933624],
        [ 0.9990703 ,  0.99830309,  0.99880334, ..., -0.08753557,
          0.        ,  0.1432534 ],
        [ 0.98259016,  0.97966474,  0.98149564, ..., -0.22933624,
         -0.1432534 ,  0.        ]]]), 'num': array([ 9.99955067e-01,  7.24855022e-04,  3.87298532e-06, -1.13531157e-08,
        3.33076737e-03,  3.35013230e-03,  3.30494747e-03,  1.40162048e-03,
       -3.22748776e-05,  3.33593135e-03,  3.28364605e-03,  3.25588966e-03,
        8.91960255e-07,  3.45227294e-03,  3.11501916e-03])}
{'img': array([[[ 0.        , -0.1380151 , -0.20021438, ..., -0.41667884,
         -0.0715727 , -0.36672364],
        [ 0.1380151 ,  0.        , -0.06307776, ..., -0.28722813,
          0.06677339, -0.23481456],
        [ 0.20021438,  0.06307776,  0.        , ..., -0.22623634,
          0.1295774 , -0.17303283],
        ...,
        [ 0.41667884,  0.28722813,  0.22623634, ...,  0.        ,
          0.35054679,  0.0542773 ],
        [ 0.0715727 , -0.06677339, -0.1295774 , ..., -0.35054679,
          0.        , -0.29919691],
