state_0,state_1,state_2,state_3,state_4,state_5,state_6,state_7,state_8,state_9,state_10,state_11,state_12,state_13,state_14,state_15,state_16,state_17,state_18,state_19,state_20,state_21,state_22,state_23,state_24,state_25,state_26,state_27,state_28,state_29,state_30,state_31,state_32,state_33,state_34,state_35,state_36,state_37,state_38,state_39,state_40,state_41,state_42,state_43,state_44,state_45,state_46,state_47,state_48,state_49,state_50,state_51,state_52,state_53,state_54,state_55,state_56,state_57,state_58,state_59,state_60,state_61,state_62,state_63,state_64,state_65,state_66,state_67,state_68,state_69,state_70,state_71,state_72,state_73,state_74,state_75,state_76,state_77,state_78,state_79,state_80,state_81,state_82,state_83,state_84,state_85,state_86,state_87,state_88,state_89,state_90,state_91,state_92,state_93,state_94,state_95,state_96,state_97,state_98,state_99,state_100,state_101,state_102,state_103,state_104,state_105,state_106,state_107,state_108,state_109,state_110,state_111,state_112,state_113,state_114,state_115,state_116,state_117,state_118,state_119,state_120,state_121,state_122,state_123,state_124,state_125,state_126,state_127,state_128,state_129,state_130,state_131,state_132,state_133,state_134,state_135,state_136,state_137,state_138,state_139,state_140,state_141,state_142,state_143,state_144,state_145,state_146,state_147,state_148,state_149,state_150,state_151,state_152,state_153,state_154,state_155,state_156,state_157,state_158,state_159,state_160,state_161,state_162,state_163,state_164,state_165,state_166,state_167,state_168,state_169,state_170,state_171,state_172,state_173,state_174,state_175,state_176,state_177,state_178,state_179,state_180,state_181,state_182,state_183,state_184,state_185,state_186,state_187,state_188,state_189,state_190,state_191,state_192,state_193,state_194,state_195,state_196,state_197,state_198,state_199,state_200,state_201,state_202,state_203,state_204,state_205,state_206,state_207,state_208,state_209,state_210,state_211,state_212,state_213,state_214,state_215,state_216,state_217,state_218,state_219,state_220,state_221,state_222,state_223,state_224,state_225,state_226,state_227,state_228,state_229,state_230,state_231,state_232,state_233,state_234,state_235,state_236,state_237,state_238,state_239,state_240,state_241,state_242,state_243,state_244,state_245,state_246,state_247,state_248,state_249,state_250,state_251,state_252,state_253,state_254,state_255,state_256,state_257,state_258,state_259,state_260,state_261,state_262,state_263,state_264,state_265,state_266,state_267,state_268,state_269,state_270,state_271,state_272,state_273,state_274,state_275,state_276,state_277,state_278,state_279,state_280,state_281,state_282,state_283,state_284,state_285,state_286,state_287
{'img': array([[[ 0.00000000e+00,  5.80404326e-02, -1.32420219e-01, ...,
          8.25331715e-01,  9.97020550e-01,  9.99971716e-01],
        [-5.80404326e-02,  0.00000000e+00, -1.89726299e-01, ...,
          8.56712822e-01,  9.99816835e-01,  9.98722526e-01],
        [ 1.32420219e-01,  1.89726299e-01,  0.00000000e+00, ...,
          7.43292734e-01,  9.78026038e-01,  9.90169683e-01],
        ...,
        [-8.25331715e-01, -8.56712822e-01, -7.43292734e-01, ...,
          0.00000000e+00, -4.99302726e-01, -5.58424778e-01],
        [-9.97020550e-01, -9.99816835e-01, -9.78026038e-01, ...,
          4.99302726e-01,  0.00000000e+00, -6.96354876e-02],
        [-9.99971716e-01, -9.98722526e-01, -9.90169683e-01, ...,
          5.58424778e-01,  6.96354876e-02,  0.00000000e+00]],

       [[ 0.00000000e+00, -3.06379133e-01,  3.63751829e-01, ...,
          7.46235341e-01,  8.14427745e-01,  4.98317053e-01],
        [ 3.06379133e-01,  0.00000000e+00,  6.31649752e-01, ...,
          9.14299702e-01,  9.53042645e-01,  7.39981909e-01],
        [-3.63751829e-01, -6.31649752e-01,  0.00000000e+00, ...,
          4.52972034e-01,  5.47563655e-01,  1.48809319e-01],
        ...,
        [-7.46235341e-01, -9.14299702e-01, -4.52972034e-01, ...,
          0.00000000e+00,  1.09135832e-01, -3.15261416e-01],
        [-8.14427745e-01, -9.53042645e-01, -5.47563655e-01, ...,
         -1.09135832e-01,  0.00000000e+00, -4.16948746e-01],
        [-4.98317053e-01, -7.39981909e-01, -1.48809319e-01, ...,
          3.15261416e-01,  4.16948746e-01,  0.00000000e+00]],

       [[ 0.00000000e+00,  1.04094601e-01,  1.04094601e-01, ...,
          7.08331800e-01,  7.94570564e-01,  8.76564324e-01],
        [-1.04094601e-01,  0.00000000e+00,  0.00000000e+00, ...,
          7.77961976e-01,  8.53457289e-01,  9.21901442e-01],
        [-1.04094601e-01,  0.00000000e+00,  0.00000000e+00, ...,
          7.77961976e-01,  8.53457289e-01,  9.21901442e-01],
        ...,
        [-7.08331800e-01, -7.77961976e-01, -7.77961976e-01, ...,
          0.00000000e+00, -1.30792072e-01, -2.77839631e-01],
        [-7.94570564e-01, -8.53457289e-01, -8.53457289e-01, ...,
          1.30792072e-01,  0.00000000e+00, -1.49810481e-01],
        [-8.76564324e-01, -9.21901442e-01, -9.21901442e-01, ...,
          2.77839631e-01,  1.49810481e-01,  0.00000000e+00]],

       ...,

       [[ 0.00000000e+00,  8.32242530e-02,  1.04343851e-01, ...,
          7.51992800e-01,  2.16707296e-01,  2.16707296e-01],
        [-8.32242530e-02,  0.00000000e+00,  2.12119108e-02, ...,
          6.94524980e-01,  1.34708941e-01,  1.34708941e-01],
        [-1.04343851e-01, -2.12119108e-02,  0.00000000e+00, ...,
          6.79107409e-01,  1.13660063e-01,  1.13660063e-01],
        ...,
        [-7.51992800e-01, -6.94524980e-01, -6.79107409e-01, ...,
          0.00000000e+00, -5.91275679e-01, -5.91275679e-01],
        [-2.16707296e-01, -1.34708941e-01, -1.13660063e-01, ...,
          5.91275679e-01,  0.00000000e+00,  0.00000000e+00],
        [-2.16707296e-01, -1.34708941e-01, -1.13660063e-01, ...,
          5.91275679e-01,  0.00000000e+00,  0.00000000e+00]],

       [[ 0.00000000e+00, -3.31734036e-03, -7.97228795e-04, ...,
          7.33324342e-01,  8.37550484e-01,  8.93129162e-01],
        [ 3.31734036e-03,  0.00000000e+00,  2.52011490e-03, ...,
          7.31064917e-01,  8.35733413e-01,  8.91632107e-01],
        [ 7.97228795e-04, -2.52011490e-03,  0.00000000e+00, ...,
          7.32782090e-01,  8.37114644e-01,  8.92770285e-01],
        ...,
        [-7.33324342e-01, -7.31064917e-01, -7.32782090e-01, ...,
          0.00000000e+00, -1.68773912e-01, -2.77370231e-01],
        [-8.37550484e-01, -8.35733413e-01, -8.37114644e-01, ...,
          1.68773912e-01,  0.00000000e+00, -1.11239549e-01],
        [-8.93129162e-01, -8.91632107e-01, -8.92770285e-01, ...,
          2.77370231e-01,  1.11239549e-01,  0.00000000e+00]],

       [[ 0.00000000e+00, -7.50968648e-03, -2.93844327e-02, ...,
          9.97624921e-01,  9.98743823e-01,  9.29985012e-01],
        [ 7.50968648e-03,  0.00000000e+00, -2.18771605e-02, ...,
          9.98114061e-01,  9.98339368e-01,  9.27198247e-01],
        [ 2.93844327e-02,  2.18771605e-02,  0.00000000e+00, ...,
          9.99218144e-01,  9.96840165e-01,  9.18781788e-01],
        ...,
        [-9.97624921e-01, -9.98114061e-01, -9.99218144e-01, ...,
          0.00000000e+00,  1.18782552e-01,  4.30782150e-01],
        [-9.98743823e-01, -9.98339368e-01, -9.96840165e-01, ...,
         -1.18782552e-01,  0.00000000e+00,  3.20536317e-01],
        [-9.29985012e-01, -9.27198247e-01, -9.18781788e-01, ...,
         -4.30782150e-01, -3.20536317e-01,  0.00000000e+00]]]), 'num': array([ 7.07061031e-01,  7.07061031e-01,  0.00000000e+00,  0.00000000e+00,
        2.65601131e-03,  2.71946550e-03,  2.64694642e-03,  8.48577483e-03,
       -1.81297700e-05,  2.70224222e-03,  2.70858764e-03,  2.56936612e-03,
        2.06020114e-06,  2.80543354e-03,  2.61174174e-03])}
{'img': array([[[ 0.        , -0.1897263 , -0.22727659, ...,  0.99981684,
          0.99872253,  0.99047142],
        [ 0.1897263 ,  0.        , -0.03838736, ...,  0.97802604,
          0.99016968,  0.99861031],
        [ 0.22727659,  0.03838736,  0.        , ...,  0.96930206,
          0.98407057,  0.9958512 ],
        ...,
        [-0.99981684, -0.97802604, -0.96930206, ...,  0.        ,
         -0.06963549, -0.15664966],
        [-0.99872253, -0.99016968, -0.98407057, ...,  0.06963549,
          0.        , -0.0874936 ],
        [-0.99047142, -0.99861031, -0.9958512 , ...,  0.15664966,
          0.0874936 ,  0.        ]],

       [[ 0.        ,  0.63164975,  0.6817916 , ...,  0.95304265,
          0.73998191,  0.82721055],
        [-0.63164975,  0.        ,  0.06648046, ...,  0.54756365,
          0.14880932,  0.28637921],
        [-0.6817916 , -0.06648046,  0.        , ...,  0.49072384,
          0.08273985,  0.22204964],
        ...,
        [-0.95304265, -0.54756365, -0.49072384, ...,  0.        ,
         -0.41694875, -0.28499787],
        [-0.73998191, -0.14880932, -0.08273985, ...,  0.41694875,
          0.        ,  0.14061399],
        [-0.82721055, -0.28637921, -0.22204964, ...,  0.28499787,
         -0.14061399,  0.        ]],

       [[ 0.        ,  0.        ,  0.        , ...,  0.85345729,
          0.92190144,  0.95813965],
        [ 0.        ,  0.        ,  0.        , ...,  0.85345729,
          0.92190144,  0.95813965],
        [ 0.        ,  0.        ,  0.        , ...,  0.85345729,
          0.92190144,  0.95813965],
        ...,
        [-0.85345729, -0.85345729, -0.85345729, ...,  0.        ,
         -0.14981048, -0.25500083],
        [-0.92190144, -0.92190144, -0.92190144, ...,  0.14981048,
          0.        , -0.10726521],
        [-0.95813965, -0.95813965, -0.95813965, ...,  0.25500083,
          0.10726521,  0.        ]],

       ...,

       [[ 0.        ,  0.02121191, -0.20594087, ...,  0.13470894,
          0.13470894,  0.13470894],
        [-0.02121191,  0.        , -0.22665175, ...,  0.11366006,
          0.11366006,  0.11366006],
        [ 0.20594087,  0.22665175,  0.        , ...,  0.33588514,
          0.33588514,  0.33588514],
        ...,
        [-0.13470894, -0.11366006, -0.33588514, ...,  0.        ,
          0.        ,  0.        ],
        [-0.13470894, -0.11366006, -0.33588514, ...,  0.        ,
          0.        ,  0.        ],
        [-0.13470894, -0.11366006, -0.33588514, ...,  0.        ,
          0.        ,  0.        ]],

       [[ 0.        ,  0.00252011,  0.00822951, ...,  0.83573341,
          0.89163211,  0.90631661],
        [-0.00252011,  0.        ,  0.00570945, ...,  0.83711464,
          0.89277028,  0.90737873],
        [-0.00822951, -0.00570945,  0.        , ...,  0.84022423,
          0.89532791,  0.9097637 ],
        ...,
        [-0.83573341, -0.83711464, -0.84022423, ...,  0.        ,
         -0.11123955, -0.14451013],
        [-0.89163211, -0.89277028, -0.89532791, ...,  0.11123955,
          0.        , -0.03354134],
        [-0.90631661, -0.90737873, -0.9097637 , ...,  0.14451013,
          0.03354134,  0.        ]],

       [[ 0.        , -0.02171886, -0.03797386, ...,  0.99996691,
          0.98198891,  0.92463953],
        [ 0.02171886,  0.        , -0.01626171, ...,  0.99955435,
          0.97765375,  0.91614993],
        [ 0.03797386,  0.01626171,  0.        , ...,  0.99893674,
          0.97410591,  0.90951052],
        ...,
        [-0.99996691, -0.99955435, -0.99893674, ...,  0.        ,
          0.1809436 ,  0.37330871],
        [-0.98198891, -0.97765375, -0.97410591, ..., -0.1809436 ,
          0.        ,  0.199284  ],
        [-0.92463953, -0.91614993, -0.90951052, ..., -0.37330871,
         -0.199284  ,  0.        ]]]), 'num': array([ 9.90843767e-01,  1.34476877e-01,  1.45888738e-05, -7.77829306e-10,
        3.72333430e-03,  3.74236327e-03,  3.65990442e-03,  5.74294187e-03,
        6.34298859e-06,  3.76139224e-03,  3.79437578e-03,  3.60345182e-03,
        2.83765279e-06,  3.91727926e-03,  3.67147229e-03])}
{'img': array([[[ 0.        , -0.03838736, -0.12536975, ...,  0.99016968,
          0.99861031,  0.99725265],
        [ 0.03838736,  0.        , -0.08719285, ...,  0.98407057,
          0.9958512 ,  0.99367405],
        [ 0.12536975,  0.08719285,  0.        , ...,  0.96482169,
          0.9841242 ,  0.98009761],
        ...,
        [-0.99016968, -0.98407057, -0.96482169, ...,  0.        ,
         -0.0874936 , -0.06613997],
        [-0.99861031, -0.9958512 , -0.9841242 , ...,  0.0874936 ,
          0.        ,  0.0214157 ],
        [-0.99725265, -0.99367405, -0.98009761, ...,  0.06613997,
         -0.0214157 ,  0.        ]],

       [[ 0.        ,  0.06890847, -0.14231419, ...,  0.15367297,
          0.29422758, -0.33075051],
        [-0.06890847,  0.        , -0.210183  , ...,  0.08521772,
          0.22766993, -0.3949945 ],
        [ 0.14231419,  0.210183  ,  0.        , ...,  0.29273256,
          0.4272475 , -0.19307949],
        ...,
        [-0.15367297, -0.08521772, -0.29273256, ...,  0.        ,
          0.14386199, -0.47184576],
        [-0.29422758, -0.22766993, -0.4272475 , ..., -0.14386199,
          0.        , -0.5937779 ],
        [ 0.33075051,  0.3949945 ,  0.19307949, ...,  0.47184576,
          0.5937779 ,  0.        ]],

       [[ 0.        ,  0.        , -0.09532159, ...,  0.92190144,
          0.95813965,  0.97914465],
        [ 0.        ,  0.        , -0.09532159, ...,  0.92190144,
          0.95813965,  0.97914465],
        [ 0.09532159,  0.09532159,  0.        , ...,  0.88077367,
          0.92648609,  0.9553202 ],
        ...,
        [-0.92190144, -0.92190144, -0.88077367, ...,  0.        ,
         -0.10726521, -0.19204712],
        [-0.95813965, -0.95813965, -0.92648609, ...,  0.10726521,
          0.        , -0.08567055],
        [-0.97914465, -0.97914465, -0.9553202 , ...,  0.19204712,
          0.08567055,  0.        ]],

       ...,

       [[ 0.        , -0.22665175, -0.47596026, ...,  0.11366006,
          0.11366006,  0.08688963],
        [ 0.22665175,  0.        , -0.26424112, ...,  0.33588514,
          0.33588514,  0.31042295],
        [ 0.47596026,  0.26424112,  0.        , ...,  0.57283615,
          0.57283615,  0.5505767 ],
        ...,
        [-0.11366006, -0.33588514, -0.57283615, ...,  0.        ,
          0.        , -0.02690363],
        [-0.11366006, -0.33588514, -0.57283615, ...,  0.        ,
          0.        , -0.02690363],
        [-0.08688963, -0.31042295, -0.5505767 , ...,  0.02690363,
          0.02690363,  0.        ]],

       [[ 0.        ,  0.00570945,  0.01385875, ...,  0.89277028,
          0.90737873,  0.93788477],
        [-0.00570945,  0.        ,  0.00814962, ...,  0.89532791,
          0.9097637 ,  0.93985036],
        [-0.01385875, -0.00814962,  0.        , ...,  0.89892808,
          0.91311662,  0.94260295],
        ...,
        [-0.89277028, -0.89532791, -0.89892808, ...,  0.        ,
         -0.03354134, -0.11278462],
        [-0.90737873, -0.9097637 , -0.91311662, ...,  0.03354134,
          0.        , -0.07939383],
        [-0.93788477, -0.93985036, -0.94260295, ...,  0.11278462,
          0.07939383,  0.        ]],

       [[ 0.        , -0.01599484, -0.0399411 , ...,  0.99804196,
          0.99254857,  0.90995628],
        [ 0.01599484,  0.        , -0.02395392, ...,  0.99691385,
          0.99047263,  0.90320675],
        [ 0.0399411 ,  0.02395392,  0.        , ...,  0.99474733,
          0.98688974,  0.89266643],
        ...,
        [-0.99804196, -0.99691385, -0.99474733, ...,  0.        ,
          0.05952927,  0.35697635],
        [-0.99254857, -0.99047263, -0.98688974, ..., -0.05952927,
          0.        ,  0.30073618],
        [-0.90995628, -0.90320675, -0.89266643, ..., -0.35697635,
         -0.30073618,  0.        ]]]), 'num': array([7.53634765e-01, 6.57231402e-01, 1.64230602e-06, 6.80268914e-10,
       2.83539303e-03, 2.85954459e-03, 2.82090210e-03, 4.07431971e-03,
       0.00000000e+00, 2.84312153e-03, 2.89190768e-03, 2.75046005e-03,
       2.01262992e-06, 2.97690470e-03, 2.80691066e-03])}
{'img': array([[[ 0.        , -0.08719285, -0.08719285, ...,  0.9958512 ,
          0.99367405,  0.99367405],
        [ 0.08719285,  0.        ,  0.        , ...,  0.9841242 ,
          0.98009761,  0.98009761],
        [ 0.08719285,  0.        ,  0.        , ...,  0.9841242 ,
          0.98009761,  0.98009761],
        ...,
        [-0.9958512 , -0.9841242 , -0.9841242 , ...,  0.        ,
          0.0214157 ,  0.0214157 ],
        [-0.99367405, -0.98009761, -0.98009761, ..., -0.0214157 ,
          0.        ,  0.        ],
        [-0.99367405, -0.98009761, -0.98009761, ..., -0.0214157 ,
          0.        ,  0.        ]],

       [[ 0.        , -0.210183  , -0.26950224, ...,  0.22766993,
         -0.3949945 , -0.47327366],
        [ 0.210183  ,  0.        , -0.06107594, ...,  0.4272475 ,
         -0.19307949, -0.27754825],
        [ 0.26950224,  0.06107594,  0.        , ...,  0.48167076,
         -0.13279235, -0.21835373],
        ...,
        [-0.22766993, -0.4272475 , -0.48167076, ...,  0.        ,
         -0.5937779 , -0.66140268],
        [ 0.3949945 ,  0.19307949,  0.13279235, ...,  0.5937779 ,
          0.        , -0.08683194],
        [ 0.47327366,  0.27754825,  0.21835373, ...,  0.66140268,
          0.08683194,  0.        ]],

       [[ 0.        , -0.09532159, -0.16047162, ...,  0.95813965,
          0.97914465,  0.99533329],
        [ 0.09532159,  0.        , -0.06565465, ...,  0.92648609,
          0.9553202 ,  0.98160284],
        [ 0.16047162,  0.06565465,  0.        , ...,  0.89977937,
          0.93385328,  0.96694923],
        ...,
        [-0.95813965, -0.92648609, -0.89977937, ...,  0.        ,
         -0.08567055, -0.19250776],
        [-0.97914465, -0.9553202 , -0.93385328, ...,  0.08567055,
          0.        , -0.10773188],
        [-0.99533329, -0.98160284, -0.96694923, ...,  0.19250776,
          0.10773188,  0.        ]],

       ...,

       [[ 0.        , -0.26424112, -0.64482935, ...,  0.33588514,
          0.31042295,  0.1935522 ],
        [ 0.26424112,  0.        , -0.41994345, ...,  0.57283615,
          0.5505767 ,  0.44591702],
        [ 0.64482935,  0.41994345,  0.        , ...,  0.86409261,
          0.85023835,  0.7805727 ],
        ...,
        [-0.33588514, -0.57283615, -0.86409261, ...,  0.        ,
         -0.02690363, -0.14722616],
        [-0.31042295, -0.5505767 , -0.85023835, ...,  0.02690363,
          0.        , -0.12056241],
        [-0.1935522 , -0.44591702, -0.7805727 , ...,  0.14722616,
          0.12056241,  0.        ]],

       [[ 0.        ,  0.00814962, -0.06203854, ...,  0.9097637 ,
          0.93985036,  0.95908008],
        [-0.00814962,  0.        , -0.0701704 , ...,  0.91311662,
          0.94260295,  0.96135567],
        [ 0.06203854,  0.0701704 ,  0.        , ...,  0.88225743,
          0.91684845,  0.93966738],
        ...,
        [-0.9097637 , -0.91311662, -0.88225743, ...,  0.        ,
         -0.07939383, -0.14055364],
        [-0.93985036, -0.94260295, -0.91684845, ...,  0.07939383,
          0.        , -0.06150426],
        [-0.95908008, -0.96135567, -0.93966738, ...,  0.14055364,
          0.06150426,  0.        ]],

       [[ 0.        , -0.02362222, -0.03263892, ...,  0.99918938,
          0.98511321,  0.89770446],
        [ 0.02362222,  0.        , -0.00902017, ...,  0.99795962,
          0.9807775 ,  0.88704605],
        [ 0.03263892,  0.00902017,  0.        , ...,  0.9973431 ,
          0.9789775 ,  0.88284552],
        ...,
        [-0.99918938, -0.99795962, -0.9973431 , ...,  0.        ,
          0.13211035,  0.40410258],
        [-0.98511321, -0.9807775 , -0.9789775 , ..., -0.13211035,
          0.        ,  0.27971749],
        [-0.89770446, -0.88704605, -0.88284552, ..., -0.40410258,
         -0.27971749,  0.        ]]]), 'num': array([ 9.83316242e-01,  1.81451169e-01,  1.37541179e-05,  2.73034598e-10,
        3.69523075e-03,  3.76495209e-03,  3.69523075e-03,  7.28404140e-03,
       -2.53532127e-05,  3.71804864e-03,  3.79315754e-03,  3.61716399e-03,
        2.71641565e-06,  3.90930424e-03,  3.67701083e-03])}
{'img': array([[[ 0.        ,  0.        ,  0.0457323 , ...,  0.98009761,
          0.98009761,  0.99330264],
        [ 0.        ,  0.        ,  0.0457323 , ...,  0.98009761,
          0.98009761,  0.99330264],
        [-0.0457323 , -0.0457323 ,  0.        , ...,  0.98815077,
          0.98815077,  0.99754736],
        ...,
        [-0.98009761, -0.98009761, -0.98815077, ...,  0.        ,
          0.        , -0.08394454],
        [-0.98009761, -0.98009761, -0.98815077, ...,  0.        ,
          0.        , -0.08394454],
        [-0.99330264, -0.99330264, -0.99754736, ...,  0.08394454,
          0.08394454,  0.        ]],

       [[ 0.        , -0.06107594,  0.05587307, ..., -0.19307949,
         -0.27754825,  0.02992696],
        [ 0.06107594,  0.        ,  0.1167493 , ..., -0.13279235,
         -0.21835373,  0.09091967],
        [-0.05587307, -0.1167493 ,  0.        , ..., -0.24759959,
         -0.3307926 , -0.02596783],
        ...,
        [ 0.19307949,  0.13279235,  0.24759959, ...,  0.        ,
         -0.08683194,  0.22235683],
        [ 0.27754825,  0.21835373,  0.3307926 , ...,  0.08683194,
          0.        ,  0.30617511],
        [-0.02992696, -0.09091967,  0.02596783, ..., -0.22235683,
         -0.30617511,  0.        ]],

       [[ 0.        , -0.06565465, -0.15689175, ...,  0.9553202 ,
          0.98160284,  0.98937745],
        [ 0.06565465,  0.        , -0.09171167, ...,  0.93385328,
          0.96694923,  0.9776986 ],
        [ 0.15689175,  0.09171167,  0.        , ...,  0.89711639,
          0.93949049,  0.95431755],
        ...,
        [-0.9553202 , -0.93385328, -0.89711639, ...,  0.        ,
         -0.10773188, -0.15355879],
        [-0.98160284, -0.96694923, -0.93949049, ...,  0.10773188,
          0.        , -0.04621095],
        [-0.98937745, -0.9776986 , -0.95431755, ...,  0.15355879,
          0.04621095,  0.        ]],

       ...,

       [[ 0.        , -0.41994345,  0.26206502, ...,  0.5505767 ,
          0.44591702,  0.48844278],
        [ 0.41994345,  0.        ,  0.64310369, ...,  0.85023835,
          0.7805727 ,  0.80972732],
        [-0.26206502, -0.64310369,  0.        , ...,  0.31256633,
          0.19576465,  0.24269494],
        ...,
        [-0.5505767 , -0.85023835, -0.31256633, ...,  0.        ,
         -0.12056241, -0.07268649],
        [-0.44591702, -0.7805727 , -0.19576465, ...,  0.12056241,
          0.        ,  0.04808721],
        [-0.48844278, -0.80972732, -0.24269494, ...,  0.07268649,
         -0.04808721,  0.        ]],

       [[ 0.        , -0.0701704 , -0.11363286, ...,  0.94260295,
          0.96135567,  0.95505883],
        [ 0.0701704 ,  0.        , -0.04363686, ...,  0.91684845,
          0.93966738,  0.93190498],
        [ 0.11363286,  0.04363686,  0.        , ...,  0.89855374,
          0.92384459,  0.9151901 ],
        ...,
        [-0.94260295, -0.91684845, -0.89855374, ...,  0.        ,
         -0.06150426, -0.03950623],
        [-0.96135567, -0.93966738, -0.92384459, ...,  0.06150426,
          0.        ,  0.02202481],
        [-0.95505883, -0.93190498, -0.9151901 , ...,  0.03950623,
         -0.02202481,  0.        ]],

       [[ 0.        , -0.00902017, -0.02311907, ...,  0.9807775 ,
          0.88704605,  0.95693041],
        [ 0.00902017,  0.        , -0.01410037, ...,  0.9789775 ,
          0.88284552,  0.95427277],
        [ 0.02311907,  0.01410037,  0.        , ...,  0.97600414,
          0.87613532,  0.94996278],
        ...,
        [-0.9807775 , -0.9789775 , -0.97600414, ...,  0.        ,
          0.27971749,  0.09801145],
        [-0.88704605, -0.88284552, -0.87613532, ..., -0.27971749,
          0.        , -0.18427166],
        [-0.95693041, -0.95427277, -0.94996278, ..., -0.09801145,
          0.18427166,  0.        ]]]), 'num': array([ 8.29349160e-01,  5.58622504e-01,  4.58082328e-06, -3.36893330e-08,
        3.14798437e-03,  3.15863745e-03,  3.10537206e-03,  6.46705717e-03,
        4.26123096e-05,  3.12561291e-03,  3.18527014e-03,  3.04740157e-03,
        1.71532602e-06,  3.28429220e-03,  3.08624808e-03])}
{'img': array([[[ 0.        ,  0.0457323 , -0.05166089, ...,  0.98009761,
          0.99330264,  0.9585778 ],
        [-0.0457323 ,  0.        , -0.09727807, ...,  0.98815077,
          0.99754736,  0.97060084],
        [ 0.05166089,  0.09727807,  0.        , ...,  0.96853335,
          0.98600728,  0.94258318],
        ...,
        [-0.98009761, -0.98815077, -0.96853335, ...,  0.        ,
         -0.08394454,  0.08886883],
        [-0.99330264, -0.99754736, -0.98600728, ...,  0.08394454,
          0.        ,  0.17216756],
        [-0.9585778 , -0.97060084, -0.94258318, ..., -0.08886883,
         -0.17216756,  0.        ]],

       [[ 0.        ,  0.1167493 ,  0.18499679, ..., -0.21835373,
          0.09091967,  0.13708984],
        [-0.1167493 ,  0.        ,  0.06899758, ..., -0.3307926 ,
         -0.02596783,  0.02050532],
        [-0.18499679, -0.06899758,  0.        , ..., -0.39511751,
         -0.09488026, -0.04852662],
        ...,
        [ 0.21835373,  0.3307926 ,  0.39511751, ...,  0.        ,
          0.30617511,  0.35007399],
        [-0.09091967,  0.02596783,  0.09488026, ..., -0.30617511,
          0.        ,  0.04646078],
        [-0.13708984, -0.02050532,  0.04852662, ..., -0.35007399,
         -0.04646078,  0.        ]],

       [[ 0.        , -0.09171167, -0.15005075, ...,  0.96694923,
          0.9776986 ,  0.9767316 ],
        [ 0.09171167,  0.        , -0.05874504, ...,  0.93949049,
          0.95431755,  0.95294629],
        [ 0.15005075,  0.05874504,  0.        , ...,  0.91774342,
          0.93511678,  0.93349264],
        ...,
        [-0.96694923, -0.93949049, -0.91774342, ...,  0.        ,
         -0.04621095, -0.04165918],
        [-0.9776986 , -0.95431755, -0.93511678, ...,  0.04621095,
          0.        ,  0.00455616],
        [-0.9767316 , -0.95294629, -0.93349264, ...,  0.04165918,
         -0.00455616,  0.        ]],

       ...,

       [[ 0.        ,  0.64310369,  0.48463035, ...,  0.7805727 ,
          0.80972732,  0.36960485],
        [-0.64310369,  0.        , -0.19141526, ...,  0.19576465,
          0.24269494, -0.31452923],
        [-0.48463035,  0.19141526,  0.        , ...,  0.37985635,
          0.42389976, -0.1270128 ],
        ...,
        [-0.7805727 , -0.19576465, -0.37985635, ...,  0.        ,
          0.04808721, -0.49427254],
        [-0.80972732, -0.24269494, -0.42389976, ..., -0.04808721,
          0.        , -0.53550328],
        [-0.36960485,  0.31452923,  0.1270128 , ...,  0.49427254,
          0.53550328,  0.        ]],

       [[ 0.        , -0.04363686, -0.08886092, ...,  0.93966738,
          0.93190498,  0.93499402],
        [ 0.04363686,  0.        , -0.04531204, ...,  0.92384459,
          0.9151901 ,  0.918627  ],
        [ 0.08886092,  0.04531204,  0.        , ...,  0.90555171,
          0.89598833,  0.89977951],
        ...,
        [-0.93966738, -0.92384459, -0.90555171, ...,  0.        ,
          0.02202481,  0.01341405],
        [-0.93190498, -0.9151901 , -0.89598833, ..., -0.02202481,
          0.        , -0.00861202],
        [-0.93499402, -0.918627  , -0.89977951, ..., -0.01341405,
          0.00861202,  0.        ]],

       [[ 0.        , -0.01410037, -0.0307071 , ...,  0.88284552,
          0.95427277,  0.97019626],
        [ 0.01410037,  0.        , -0.01661033, ...,  0.87613532,
          0.94996278,  0.96668299],
        [ 0.0307071 ,  0.01661033,  0.        , ...,  0.86800719,
          0.94464326,  0.96229778],
        ...,
        [-0.88284552, -0.87613532, -0.86800719, ...,  0.        ,
         -0.18427166, -0.24173418],
        [-0.95427277, -0.94996278, -0.94464326, ...,  0.18427166,
          0.        , -0.05878794],
        [-0.97019626, -0.96668299, -0.96229778, ...,  0.24173418,
          0.05878794,  0.        ]]]), 'num': array([ 9.89047936e-01,  1.46845846e-01,  1.45458047e-05, -1.28603976e-08,
        3.74312040e-03,  3.82716283e-03,  3.73665560e-03,  1.02495558e-02,
       -7.75776249e-05,  3.78449513e-03,  3.86013332e-03,  3.70659427e-03,
        1.75473199e-06,  3.99172976e-03,  3.72853688e-03])}
{'img': array([[[ 0.        , -0.09727807, -0.41480593, ...,  0.99754736,
          0.97060084,  0.99994688],
        [ 0.09727807,  0.        , -0.32432432, ...,  0.98600728,
          0.94258318,  0.99620702],
        [ 0.41480593,  0.32432432,  0.        , ...,  0.87864399,
          0.78331766,  0.914137  ],
        ...,
        [-0.99754736, -0.98600728, -0.87864399, ...,  0.        ,
          0.17216756, -0.08027281],
        [-0.97060084, -0.94258318, -0.78331766, ..., -0.17216756,
          0.        , -0.25068611],
        [-0.99994688, -0.99620702, -0.914137  , ...,  0.08027281,
          0.25068611,  0.        ]],

       [[ 0.        ,  0.06899758,  0.20117006, ..., -0.02596783,
          0.02050532,  0.24013341],
        [-0.06899758,  0.        ,  0.13310362, ..., -0.09488026,
         -0.04852662,  0.17258243],
        [-0.20117006, -0.13310362,  0.        , ..., -0.22653918,
         -0.18104165,  0.0399404 ],
        ...,
        [ 0.02596783,  0.09488026,  0.22653918, ...,  0.        ,
          0.04646078,  0.26526045],
        [-0.02050532,  0.04852662,  0.18104165, ..., -0.04646078,
          0.        ,  0.22017759],
        [-0.24013341, -0.17258243, -0.0399404 , ..., -0.26526045,
         -0.22017759,  0.        ]],

       [[ 0.        , -0.05874504, -0.20085856, ...,  0.95431755,
          0.95294629,  0.96205037],
        [ 0.05874504,  0.        , -0.14296385, ...,  0.93511678,
          0.93349264,  0.94435905],
        [ 0.20085856,  0.14296385,  0.        , ...,  0.87485341,
          0.87263738,  0.88763536],
        ...,
        [-0.95431755, -0.93511678, -0.87485341, ...,  0.        ,
          0.00455616, -0.02704867],
        [-0.95294629, -0.93349264, -0.87263738, ..., -0.00455616,
          0.        , -0.03160288],
        [-0.96205037, -0.94435905, -0.88763536, ...,  0.02704867,
          0.03160288,  0.        ]],

       ...,

       [[ 0.        , -0.15504963, -0.03991314, ...,  0.21391411,
         -0.24405229, -0.72545467],
        [ 0.15504963,  0.        ,  0.11549562, ...,  0.3627878 ,
         -0.09073964, -0.60996552],
        [ 0.03991314, -0.11549562,  0.        , ...,  0.25273291,
         -0.20515157, -0.69740558],
        ...,
        [-0.21391411, -0.3627878 , -0.25273291, ...,  0.        ,
         -0.44584888, -0.85589284],
        [ 0.24405229,  0.09073964,  0.20515157, ...,  0.44584888,
          0.        , -0.53554457],
        [ 0.72545467,  0.60996552,  0.69740558, ...,  0.85589284,
          0.53554457,  0.        ]],

       [[ 0.        , -0.04531204, -0.05786771, ...,  0.9151901 ,
          0.918627  ,  0.90124498],
        [ 0.04531204,  0.        , -0.01257216, ...,  0.89598833,
          0.89977951,  0.88068513],
        [ 0.05786771,  0.01257216,  0.        , ...,  0.8903345 ,
          0.8942226 ,  0.87466007],
        ...,
        [-0.9151901 , -0.89598833, -0.8903345 , ...,  0.        ,
         -0.00861202,  0.03333903],
        [-0.918627  , -0.89977951, -0.8942226 , ...,  0.00861202,
          0.        ,  0.04194503],
        [-0.90124498, -0.88068513, -0.87466007, ..., -0.03333903,
         -0.04194503,  0.        ]],

       [[ 0.        , -0.01661033, -0.04724133, ...,  0.94996278,
          0.96668299,  0.99398228],
        [ 0.01661033,  0.        , -0.03064303, ...,  0.94464326,
          0.96229778,  0.99202563],
        [ 0.04724133,  0.03064303,  0.        , ...,  0.9341457 ,
          0.95351103,  0.98769764],
        ...,
        [-0.94996278, -0.94464326, -0.9341457 , ...,  0.        ,
         -0.05878794, -0.20642352],
        [-0.96668299, -0.96229778, -0.95351103, ...,  0.05878794,
          0.        , -0.14854471],
        [-0.99398228, -0.99202563, -0.98769764, ...,  0.20642352,
          0.14854471,  0.        ]]]), 'num': array([ 9.08232713e-01,  4.18334642e-01,  8.40305439e-06, -1.17185661e-07,
        3.44998642e-03,  3.47365699e-03,  3.40856291e-03,  3.59490952e-03,
        2.36705758e-05,  3.45945465e-03,  3.53046637e-03,  3.40047546e-03,
        1.89035848e-06,  3.65596508e-03,  3.40496767e-03])}
{'img': array([[[ 0.        , -0.32432432,  0.09727807, ...,  0.94258318,
          0.99620702,  0.98600728],
        [ 0.32432432,  0.        ,  0.41480593, ...,  0.78331766,
          0.914137  ,  0.87864399],
        [-0.09727807, -0.41480593,  0.        , ...,  0.97060084,
          0.99994688,  0.99754736],
        ...,
        [-0.94258318, -0.78331766, -0.97060084, ...,  0.        ,
         -0.25068611, -0.17216756],
        [-0.99620702, -0.914137  , -0.99994688, ...,  0.25068611,
          0.        ,  0.08027281],
        [-0.98600728, -0.87864399, -0.99754736, ...,  0.17216756,
         -0.08027281,  0.        ]],

       [[ 0.        ,  0.11835277, -0.04054725, ..., -0.04184275,
          0.15429503, -0.66618376],
        [-0.11835277,  0.        , -0.15851771, ..., -0.15979778,
          0.03627511, -0.74976759],
        [ 0.04054725,  0.15851771,  0.        , ..., -0.00129659,
          0.19422983, -0.63539626],
        ...,
        [ 0.04184275,  0.15979778,  0.00129659, ...,  0.        ,
          0.19550157, -0.63439452],
        [-0.15429503, -0.03627511, -0.19422983, ..., -0.19550157,
          0.        , -0.77327741],
        [ 0.66618376,  0.74976759,  0.63539626, ...,  0.63439452,
          0.77327741,  0.        ]],

       [[ 0.        , -0.14296385, -0.10721427, ...,  0.93349264,
          0.94435905,  0.95005708],
        [ 0.14296385,  0.        ,  0.03602684, ...,  0.87263738,
          0.88763536,  0.89568239],
        [ 0.10721427, -0.03602684,  0.        , ...,  0.88966527,
          0.90365118,  0.91112186],
        ...,
        [-0.93349264, -0.87263738, -0.88966527, ...,  0.        ,
         -0.03160288, -0.04936635],
        [-0.94435905, -0.88763536, -0.90365118, ...,  0.03160288,
          0.        , -0.01777735],
        [-0.95005708, -0.89568239, -0.91112186, ...,  0.04936635,
          0.01777735,  0.        ]],

       ...,

       [[ 0.        ,  0.11549562,  0.47124544, ..., -0.09073964,
         -0.60996552, -0.10570247],
        [-0.11549562,  0.        ,  0.36622448, ..., -0.20515157,
         -0.69740558, -0.2198437 ],
        [-0.47124544, -0.36622448,  0.        , ..., -0.54933394,
         -0.91141894, -0.56183523],
        ...,
        [ 0.09073964,  0.20515157,  0.54933394, ...,  0.        ,
         -0.53554457, -0.01503511],
        [ 0.60996552,  0.69740558,  0.91141894, ...,  0.53554457,
          0.        ,  0.52278678],
        [ 0.10570247,  0.2198437 ,  0.56183523, ...,  0.01503511,
         -0.52278678,  0.        ]],

       [[ 0.        , -0.01257216, -0.07401445, ...,  0.89977951,
          0.88068513,  0.87187612],
        [ 0.01257216,  0.        , -0.06147092, ...,  0.8942226 ,
          0.87466007,  0.8656503 ],
        [ 0.07401445,  0.06147092,  0.        , ...,  0.86501574,
          0.84320876,  0.83323788],
        ...,
        [-0.89977951, -0.8942226 , -0.86501574, ...,  0.        ,
          0.04194503,  0.06020718],
        [-0.88068513, -0.87466007, -0.84320876, ..., -0.04194503,
          0.        ,  0.01828526],
        [-0.87187612, -0.8656503 , -0.83323788, ..., -0.06020718,
         -0.01828526,  0.        ]],

       [[ 0.        , -0.03064303, -0.03398469, ...,  0.96229778,
          0.99202563,  0.99764827],
        [ 0.03064303,  0.        , -0.00334341, ...,  0.95351103,
          0.98769764,  0.99507946],
        [ 0.03398469,  0.00334341,  0.        , ...,  0.95249813,
          0.98716929,  0.99474263],
        ...,
        [-0.96229778, -0.95351103, -0.95249813, ...,  0.        ,
         -0.14854471, -0.20540127],
        [-0.99202563, -0.98769764, -0.98716929, ...,  0.14854471,
          0.        , -0.05774507],
        [-0.99764827, -0.99507946, -0.99474263, ...,  0.20540127,
          0.05774507,  0.        ]]]), 'num': array([ 9.99905537e-01,  9.10587913e-04,  1.71354194e-05, -1.05717702e-07,
        3.79845988e-03,  3.84406746e-03,  3.75936767e-03,  8.42150481e-03,
        0.00000000e+00,  3.80367218e-03,  3.88315968e-03,  3.75252653e-03,
        2.14076396e-06,  4.02661620e-03,  3.73970315e-03])}
{'img': array([[[ 0.        ,  0.41480593,  0.26603285, ...,  0.914137  ,
          0.87864399,  0.87864399],
        [-0.41480593,  0.        , -0.15779204, ...,  0.99994688,
          0.99754736,  0.99754736],
        [-0.26603285,  0.15779204,  0.        , ...,  0.98904628,
          0.97400584,  0.97400584],
        ...,
        [-0.914137  , -0.99994688, -0.98904628, ...,  0.        ,
          0.08027281,  0.08027281],
        [-0.87864399, -0.99754736, -0.97400584, ..., -0.08027281,
          0.        ,  0.        ],
        [-0.87864399, -0.99754736, -0.97400584, ..., -0.08027281,
          0.        ,  0.        ]],

       [[ 0.        , -0.15851771, -0.17288541, ...,  0.03627511,
         -0.74976759, -0.11518432],
        [ 0.15851771,  0.        , -0.01456873, ...,  0.19422983,
         -0.63539626,  0.04373469],
        [ 0.17288541,  0.01456873,  0.        , ...,  0.2085005 ,
         -0.62407906,  0.05828484],
        ...,
        [-0.03627511, -0.19422983, -0.2085005 , ...,  0.        ,
         -0.77327741, -0.15114218],
        [ 0.74976759,  0.63539626,  0.62407906, ...,  0.77327741,
          0.        ,  0.66855963],
        [ 0.11518432, -0.04373469, -0.05828484, ...,  0.15114218,
         -0.66855963,  0.        ]],

       [[ 0.        ,  0.03602684, -0.08679245, ...,  0.88763536,
          0.89568239,  0.90336453],
        [-0.03602684,  0.        , -0.12262699, ...,  0.90365118,
          0.91112186,  0.91822905],
        [ 0.08679245,  0.12262699,  0.        , ...,  0.8443138 ,
          0.85370635,  0.86273263],
        ...,
        [-0.88763536, -0.90365118, -0.8443138 , ...,  0.        ,
         -0.01777735, -0.03535843],
        [-0.89568239, -0.91112186, -0.85370635, ...,  0.01777735,
          0.        , -0.01758661],
        [-0.90336453, -0.91822905, -0.86273263, ...,  0.03535843,
          0.01758661,  0.        ]],

       ...,

       [[ 0.        ,  0.36622448,  0.53387896, ..., -0.69740558,
         -0.2198437 , -0.16933038],
        [-0.36622448,  0.        ,  0.18712344, ..., -0.91141894,
         -0.56183523, -0.51850237],
        [-0.53387896, -0.18712344,  0.        , ..., -0.9723175 ,
         -0.70670891, -0.66934855],
        ...,
        [ 0.69740558,  0.91141894,  0.9723175 , ...,  0.        ,
          0.52278678,  0.56597945],
        [ 0.2198437 ,  0.56183523,  0.70670891, ..., -0.52278678,
          0.        ,  0.05148128],
        [ 0.16933038,  0.51850237,  0.66934855, ..., -0.56597945,
         -0.05148128,  0.        ]],

       [[ 0.        , -0.06147092, -0.1795771 , ...,  0.87466007,
          0.8656503 ,  0.85990688],
        [ 0.06147092,  0.        , -0.11876585, ...,  0.84320876,
          0.83323788,  0.8269028 ],
        [ 0.1795771 ,  0.11876585,  0.        , ...,  0.77339388,
          0.76167308,  0.75426286],
        ...,
        [-0.87466007, -0.84320876, -0.77339388, ...,  0.        ,
          0.01828526,  0.02964254],
        [-0.8656503 , -0.83323788, -0.76167308, ..., -0.01828526,
          0.        ,  0.01136035],
        [-0.85990688, -0.8269028 , -0.75426286, ..., -0.02964254,
         -0.01136035,  0.        ]],

       [[ 0.        , -0.00334341,  0.00495238, ...,  0.98769764,
          0.99507946,  0.99896375],
        [ 0.00334341,  0.        ,  0.00829572, ...,  0.98716929,
          0.99474263,  0.998806  ],
        [-0.00495238, -0.00829572,  0.        , ...,  0.98845996,
          0.99555794,  0.9991769 ],
        ...,
        [-0.98769764, -0.98716929, -0.98845996, ...,  0.        ,
         -0.05774507, -0.11126081],
        [-0.99507946, -0.99474263, -0.99555794, ...,  0.05774507,
          0.        , -0.0536886 ],
        [-0.99896375, -0.998806  , -0.9991769 , ...,  0.11126081,
