state_0,state_1,state_2,state_3,state_4,state_5,state_6,state_7,state_8,state_9,state_10,state_11,state_12,state_13,state_14,state_15,state_16,state_17,state_18,state_19,state_20,state_21,state_22,state_23,state_24,state_25,state_26,state_27,state_28,state_29,state_30,state_31,state_32,state_33,state_34,state_35,state_36,state_37,state_38,state_39,state_40,state_41,state_42,state_43,state_44,state_45,state_46,state_47,state_48,state_49,state_50,state_51,state_52,state_53,state_54,state_55,state_56,state_57,state_58,state_59,state_60,state_61,state_62,state_63,state_64,state_65,state_66,state_67,state_68,state_69,state_70,state_71,state_72,state_73,state_74,state_75,state_76,state_77,state_78,state_79,state_80,state_81,state_82,state_83,state_84,state_85,state_86,state_87,state_88,state_89,state_90,state_91,state_92,state_93,state_94,state_95,state_96,state_97,state_98,state_99,state_100,state_101,state_102,state_103,state_104,state_105,state_106,state_107,state_108,state_109,state_110,state_111,state_112,state_113,state_114,state_115,state_116,state_117,state_118,state_119,state_120,state_121,state_122,state_123,state_124,state_125,state_126,state_127,state_128,state_129,state_130,state_131,state_132,state_133,state_134,state_135,state_136,state_137,state_138,state_139,state_140,state_141,state_142,state_143,state_144,state_145,state_146,state_147,state_148,state_149,state_150,state_151,state_152,state_153,state_154,state_155,state_156,state_157,state_158,state_159,state_160,state_161,state_162,state_163,state_164,state_165,state_166,state_167,state_168,state_169,state_170,state_171,state_172,state_173,state_174,state_175,state_176,state_177,state_178,state_179,state_180,state_181,state_182,state_183,state_184,state_185,state_186,state_187,state_188,state_189,state_190,state_191,state_192,state_193,state_194,state_195,state_196,state_197,state_198,state_199,state_200,state_201,state_202,state_203,state_204,state_205,state_206,state_207,state_208,state_209,state_210,state_211,state_212,state_213,state_214,state_215,state_216,state_217,state_218,state_219,state_220,state_221,state_222,state_223,state_224,state_225,state_226,state_227,state_228,state_229,state_230,state_231,state_232,state_233,state_234,state_235,state_236,state_237,state_238,state_239,state_240,state_241,state_242,state_243,state_244,state_245,state_246,state_247,state_248,state_249,state_250,state_251,state_252,state_253,state_254,state_255,state_256,state_257,state_258,state_259,state_260,state_261,state_262,state_263,state_264,state_265,state_266,state_267,state_268,state_269,state_270,state_271,state_272,state_273,state_274,state_275,state_276,state_277,state_278,state_279,state_280,state_281,state_282,state_283,state_284,state_285,state_286,state_287
{'img': array([[[ 0.        ,  0.20760138,  0.26172823, ...,  0.95840759,
          0.97348328,  0.92446636],
        [-0.20760138,  0.        ,  0.05566136, ...,  0.87827718,
          0.90478398,  0.82517463],
        [-0.26172823, -0.05566136,  0.        , ...,  0.85030101,
          0.87967675,  0.7924535 ],
        ...,
        [-0.95840759, -0.87827718, -0.85030101, ...,  0.        ,
          0.05859153, -0.10156042],
        [-0.97348328, -0.90478398, -0.87967675, ..., -0.05859153,
          0.        , -0.15967452],
        [-0.92446636, -0.82517463, -0.7924535 , ...,  0.10156042,
          0.15967452,  0.        ]],

       [[ 0.        , -0.19702187, -0.07335788, ...,  0.03779973,
         -0.08339563,  0.43830297],
        [ 0.19702187,  0.        ,  0.12457104, ...,  0.23393989,
          0.11457455,  0.60680047],
        [ 0.07335788, -0.12457104,  0.        , ...,  0.11100333,
         -0.0100686 ,  0.5030581 ],
        ...,
        [-0.03779973, -0.23393989, -0.11100333, ...,  0.        ,
         -0.12100409,  0.40401431],
        [ 0.08339563, -0.11457455,  0.0100686 , ...,  0.12100409,
          0.        ,  0.51173442],
        [-0.43830297, -0.60680047, -0.5030581 , ..., -0.40401431,
         -0.51173442,  0.        ]],

       [[ 0.        , -0.09239604, -0.22386131, ...,  0.8424634 ,
          0.8424634 ,  0.81460226],
        [ 0.09239604,  0.        , -0.13285259, ...,  0.88863832,
          0.88863832,  0.86470921],
        [ 0.22386131,  0.13285259,  0.        , ...,  0.94168861,
          0.94168861,  0.92377251],
        ...,
        [-0.8424634 , -0.88863832, -0.94168861, ...,  0.        ,
          0.        , -0.0497757 ],
        [-0.8424634 , -0.88863832, -0.94168861, ...,  0.        ,
          0.        , -0.0497757 ],
        [-0.81460226, -0.86470921, -0.92377251, ...,  0.0497757 ,
          0.0497757 ,  0.        ]],

       ...,

       [[ 0.        ,  0.14764661, -0.25732187, ...,  0.19750548,
          0.63230454,  0.67267   ],
        [-0.14764661,  0.        , -0.39717639, ...,  0.05060262,
          0.51098982,  0.55604764],
        [ 0.25732187,  0.39717639,  0.        , ...,  0.44310772,
          0.81036454,  0.84042176],
        ...,
        [-0.19750548, -0.05060262, -0.44310772, ...,  0.        ,
          0.46683783,  0.51327687],
        [-0.63230454, -0.51098982, -0.81036454, ..., -0.46683783,
          0.        ,  0.05326178],
        [-0.67267   , -0.55604764, -0.84042176, ..., -0.51327687,
         -0.05326178,  0.        ]],

       [[ 0.        , -0.02844428, -0.11505239, ...,  0.85626907,
          0.83484863,  0.7990022 ],
        [ 0.02844428,  0.        , -0.08675045, ...,  0.87061494,
          0.85016883,  0.81578325],
        [ 0.11505239,  0.08675045,  0.        , ...,  0.91001097,
          0.89263875,  0.8628806 ],
        ...,
        [-0.85626907, -0.87061494, -0.91001097, ...,  0.        ,
         -0.04013424, -0.10219003],
        [-0.83484863, -0.85016883, -0.89263875, ...,  0.04013424,
          0.        , -0.06218356],
        [-0.7990022 , -0.81578325, -0.8628806 , ...,  0.10219003,
          0.06218356,  0.        ]],

       [[ 0.        , -0.04799394, -0.06761038, ...,  0.53269921,
          0.51512706,  0.49279219],
        [ 0.04799394,  0.        , -0.01964835, ...,  0.57270284,
          0.55566971,  0.5339861 ],
        [ 0.06761038,  0.01964835,  0.        , ...,  0.58869927,
          0.57189814,  0.55049556],
        ...,
        [-0.53269921, -0.57270284, -0.58869927, ...,  0.        ,
         -0.02062944, -0.04647432],
        [-0.51512706, -0.55566971, -0.57189814, ...,  0.02062944,
          0.        , -0.02585728],
        [-0.49279219, -0.5339861 , -0.55049556, ...,  0.04647432,
          0.02585728,  0.        ]]]), 'num': array([7.07069548e-01, 7.07069548e-01, 0.00000000e+00, 0.00000000e+00,
       3.03948078e-03, 3.06702895e-03, 2.96601901e-03, 4.82469365e-03,
       4.59136070e-05, 3.08723093e-03, 3.29499001e-03, 3.46640081e-03,
       3.22488430e-06, 3.77922752e-03, 2.81075249e-03])}
{'img': array([[[ 0.        ,  0.1620403 ,  0.41042519, ...,  0.97020369,
          0.91804519,  0.93584085],
        [-0.1620403 ,  0.        ,  0.25723744, ...,  0.91812075,
          0.84166738,  0.86636619],
        [-0.41042519, -0.25723744,  0.        , ...,  0.78528096,
          0.6744365 ,  0.70874467],
        ...,
        [-0.97020369, -0.91812075, -0.78528096, ...,  0.        ,
         -0.1622284 , -0.11517642],
        [-0.91804519, -0.84166738, -0.6744365 , ...,  0.1622284 ,
          0.        ,  0.04749807],
        [-0.93584085, -0.86636619, -0.70874467, ...,  0.11517642,
         -0.04749807,  0.        ]],

       [[ 0.        ,  0.12457104, -0.0643353 , ...,  0.11457455,
          0.60680047,  0.20994089],
        [-0.12457104,  0.        , -0.18814714, ..., -0.0100686 ,
          0.5030581 ,  0.08651073],
        [ 0.0643353 ,  0.18814714,  0.        , ...,  0.17824881,
          0.65668057,  0.27240749],
        ...,
        [-0.11457455,  0.0100686 , -0.17824881, ...,  0.        ,
          0.51173442,  0.09653721],
        [-0.60680047, -0.5030581 , -0.65668057, ..., -0.51173442,
          0.        , -0.42640497],
        [-0.20994089, -0.08651073, -0.27240749, ..., -0.09653721,
          0.42640497,  0.        ]],

       [[ 0.        , -0.13285259, -0.30894737, ...,  0.88863832,
          0.86470921,  0.83725697],
        [ 0.13285259,  0.        , -0.17985548, ...,  0.94168861,
          0.92377251,  0.90248044],
        [ 0.30894737,  0.17985548,  0.        , ...,  0.98685132,
          0.97758275,  0.96523303],
        ...,
        [-0.88863832, -0.94168861, -0.98685132, ...,  0.        ,
         -0.0497757 , -0.10194265],
        [-0.86470921, -0.92377251, -0.97758275, ...,  0.0497757 ,
          0.        , -0.0522999 ],
        [-0.83725697, -0.90248044, -0.96523303, ...,  0.10194265,
          0.0522999 ,  0.        ]],

       ...,

       [[ 0.        , -0.39717639,  0.38951663, ...,  0.51098982,
          0.55604764,  0.60409814],
        [ 0.39717639,  0.        ,  0.72328306, ...,  0.81036454,
          0.84042176,  0.87092022],
        [-0.38951663, -0.72328306,  0.        , ...,  0.13580821,
          0.18838376,  0.24597646],
        ...,
        [-0.51098982, -0.81036454, -0.13580821, ...,  0.        ,
          0.05326178,  0.11206191],
        [-0.55604764, -0.84042176, -0.18838376, ..., -0.05326178,
          0.        ,  0.05897655],
        [-0.60409814, -0.87092022, -0.24597646, ..., -0.11206191,
         -0.05897655,  0.        ]],

       [[ 0.        , -0.08675045, -0.2048897 , ...,  0.85016883,
          0.81578325,  0.75313228],
        [ 0.08675045,  0.        , -0.11920724, ...,  0.89263875,
          0.8628806 ,  0.80736347],
        [ 0.2048897 ,  0.11920724,  0.        , ...,  0.94000907,
          0.91697601,  0.87194524],
        ...,
        [-0.85016883, -0.89263875, -0.94000907, ...,  0.        ,
         -0.06218356, -0.16276801],
        [-0.81578325, -0.8628806 , -0.91697601, ...,  0.06218356,
          0.        , -0.10109871],
        [-0.75313228, -0.80736347, -0.87194524, ...,  0.16276801,
          0.10109871,  0.        ]],

       [[ 0.        , -0.01964835, -0.01564324, ...,  0.55566971,
          0.5339861 ,  0.54584531],
        [ 0.01964835,  0.        ,  0.00400572, ...,  0.57189814,
          0.55049556,  0.56220301],
        [ 0.01564324, -0.00400572,  0.        , ...,  0.56860756,
          0.54714701,  0.55888577],
        ...,
        [-0.55566971, -0.57189814, -0.56860756, ...,  0.        ,
         -0.02585728, -0.01177035],
        [-0.5339861 , -0.55049556, -0.54714701, ...,  0.02585728,
          0.        ,  0.01408907],
        [-0.54584531, -0.56220301, -0.55888577, ...,  0.01177035,
         -0.01408907,  0.        ]]]), 'num': array([ 9.99902596e-01,  2.56759051e-03,  3.02222729e-05, -1.84405942e-09,
        4.29885778e-03,  4.36399199e-03,  4.24675042e-03,  5.00908120e-03,
       -1.30268418e-05,  4.34445173e-03,  4.60889662e-03,  4.93326498e-03,
        4.15580228e-06,  5.16441773e-03,  4.05337551e-03])}
{'img': array([[[ 0.        ,  0.38091036,  0.77138922, ...,  0.91397746,
          0.93240348,  0.9289169 ],
        [-0.38091036,  0.        ,  0.47083821, ...,  0.69051442,
          0.72444316,  0.71784106],
        [-0.77138922, -0.47083821,  0.        , ...,  0.2686193 ,
          0.3145529 ,  0.30549258],
        ...,
        [-0.91397746, -0.69051442, -0.2686193 , ...,  0.        ,
          0.04800779,  0.03848682],
        [-0.93240348, -0.72444316, -0.3145529 , ..., -0.04800779,
          0.        , -0.00952977],
        [-0.9289169 , -0.71784106, -0.30549258, ..., -0.03848682,
          0.00952977,  0.        ]],

       [[ 0.        , -0.18814714,  0.62160079, ...,  0.5030581 ,
          0.08651073, -0.12771691],
        [ 0.18814714,  0.        ,  0.75788161, ...,  0.65668057,
          0.27240749,  0.06117035],
        [-0.62160079, -0.75788161,  0.        , ..., -0.14315748,
         -0.55150354, -0.71655531],
        ...,
        [-0.5030581 , -0.65668057,  0.14315748, ...,  0.        ,
         -0.42640497, -0.60931806],
        [-0.08651073, -0.27240749,  0.55150354, ...,  0.42640497,
          0.        , -0.21304035],
        [ 0.12771691, -0.06117035,  0.71655531, ...,  0.60931806,
          0.21304035,  0.        ]],

       [[ 0.        , -0.17985548,  0.22621784, ...,  0.92377251,
          0.90248044,  0.89055338],
        [ 0.17985548,  0.        ,  0.39772195, ...,  0.97758275,
          0.96523303,  0.9578436 ],
        [-0.22621784, -0.39772195,  0.        , ...,  0.81319706,
          0.7816462 ,  0.76456564],
        ...,
        [-0.92377251, -0.97758275, -0.81319706, ...,  0.        ,
         -0.0522999 , -0.07917445],
        [-0.90248044, -0.96523303, -0.7816462 , ...,  0.0522999 ,
          0.        , -0.02693037],
        [-0.89055338, -0.9578436 , -0.76456564, ...,  0.07917445,
          0.02693037,  0.        ]],

       ...,

       [[ 0.        ,  0.72328306,  0.99099338, ...,  0.84042176,
          0.87092022,  0.81950497],
        [-0.72328306,  0.        ,  0.58747665, ...,  0.18838376,
          0.24597646,  0.15141721],
        [-0.99099338, -0.58747665,  0.        , ..., -0.42451028,
         -0.37037264, -0.45816998],
        ...,
        [-0.84042176, -0.18838376,  0.42451028, ...,  0.        ,
          0.05897655, -0.03750553],
        [-0.87092022, -0.24597646,  0.37037264, ..., -0.05897655,
          0.        , -0.0963753 ],
        [-0.81950497, -0.15141721,  0.45816998, ...,  0.03750553,
          0.0963753 ,  0.        ]],

       [[ 0.        , -0.11920724, -0.19399259, ...,  0.8628806 ,
          0.80736347,  0.71712049],
        [ 0.11920724,  0.        , -0.07566664, ...,  0.91697601,
          0.87194524,  0.79508838],
        [ 0.19399259,  0.07566664,  0.        , ...,  0.94453383,
          0.90649217,  0.83870033],
        ...,
        [-0.8628806 , -0.91697601, -0.94453383, ...,  0.        ,
         -0.10109871, -0.23894564],
        [-0.80736347, -0.87194524, -0.90649217, ...,  0.10109871,
          0.        , -0.1395512 ],
        [-0.71712049, -0.79508838, -0.83870033, ...,  0.23894564,
          0.1395512 ,  0.        ]],

       [[ 0.        ,  0.00400572,  0.0208823 , ...,  0.55049556,
          0.56220301,  0.60377868],
        [-0.00400572,  0.        ,  0.01687728, ...,  0.54714701,
          0.55888577,  0.60058066],
        [-0.0208823 , -0.01687728,  0.        , ...,  0.53294218,
          0.54481077,  0.58700065],
        ...,
        [-0.55049556, -0.54714701, -0.53294218, ...,  0.        ,
          0.01408907,  0.0652288 ],
        [-0.56220301, -0.55888577, -0.54481077, ..., -0.01408907,
          0.        ,  0.05116326],
        [-0.60377868, -0.60058066, -0.58700065, ..., -0.0652288 ,
         -0.05116326,  0.        ]]]), 'num': array([ 7.34073060e-01,  6.78984322e-01,  1.62503651e-06, -4.46158803e-08,
        3.24051399e-03,  3.27875014e-03,  3.20227784e-03,  5.32285489e-03,
        8.60313448e-05,  3.19176289e-03,  3.34661931e-03,  3.63275319e-03,
        3.66429802e-06,  3.66461506e-03,  3.02862357e-03])}
{'img': array([[[ 0.        ,  0.71369085,  0.60366905, ...,  0.90993698,
          0.90567945,  0.94005828],
        [-0.71369085,  0.        , -0.14613282, ...,  0.3413744 ,
          0.33181437,  0.41509556],
        [-0.60366905,  0.14613282,  0.        , ...,  0.47506398,
          0.46610595,  0.54358789],
        ...,
        [-0.90993698, -0.3413744 , -0.47506398, ...,  0.        ,
         -0.01015231,  0.07958483],
        [-0.90567945, -0.33181437, -0.46610595, ...,  0.01015231,
          0.        ,  0.08970084],
        [-0.94005828, -0.41509556, -0.54358789, ..., -0.07958483,
         -0.08970084,  0.        ]],

       [[ 0.        ,  0.75788161,  0.40207241, ...,  0.27240749,
          0.06117035,  0.29928673],
        [-0.75788161,  0.        , -0.43161351, ..., -0.55150354,
         -0.71655531, -0.52789047],
        [-0.40207241,  0.43161351,  0.        , ..., -0.13744839,
         -0.34531141, -0.10961342],
        ...,
        [-0.27240749,  0.55150354,  0.13744839, ...,  0.        ,
         -0.21304035,  0.02804709],
        [-0.06117035,  0.71655531,  0.34531141, ...,  0.21304035,
          0.        ,  0.24035977],
        [-0.29928673,  0.52789047,  0.10961342, ..., -0.02804709,
         -0.24035977,  0.        ]],

       [[ 0.        ,  0.39772195,  0.52464851, ...,  0.96523303,
          0.9578436 ,  0.95898606],
        [-0.39772195,  0.        ,  0.14277992, ...,  0.7816462 ,
          0.76456564,  0.76713988],
        [-0.52464851, -0.14277992,  0.        , ...,  0.68458283,
          0.66470404,  0.66768968],
        ...,
        [-0.96523303, -0.7816462 , -0.68458283, ...,  0.        ,
         -0.02693037, -0.02292821],
        [-0.9578436 , -0.76456564, -0.66470404, ...,  0.02693037,
          0.        ,  0.0040034 ],
        [-0.95898606, -0.76713988, -0.66768968, ...,  0.02292821,
         -0.0040034 ,  0.        ]],

       ...,

       [[ 0.        ,  0.59608815,  0.53810457, ...,  0.25143166,
          0.15514889,  0.34015515],
        [-0.59608815,  0.        , -0.07037526, ..., -0.37505959,
         -0.46429819, -0.28742598],
        [-0.53810457,  0.07037526,  0.        , ..., -0.30889174,
         -0.40081711, -0.21930771],
        ...,
        [-0.25143166,  0.37505959,  0.30889174, ...,  0.        ,
         -0.09822236,  0.09278906],
        [-0.15514889,  0.46429819,  0.40081711, ...,  0.09822236,
          0.        ,  0.19013899],
        [-0.34015515,  0.28742598,  0.21930771, ..., -0.09278906,
         -0.19013899,  0.        ]],

       [[ 0.        , -0.07566664, -0.14230827, ...,  0.87194524,
          0.79508838,  0.71353641],
        [ 0.07566664,  0.        , -0.06700376, ...,  0.90649217,
          0.83870033,  0.76450424],
        [ 0.14230827,  0.06700376,  0.        , ...,  0.93274553,
          0.87330533,  0.80597807],
        ...,
        [-0.87194524, -0.90649217, -0.93274553, ...,  0.        ,
         -0.1395512 , -0.2615508 ],
        [-0.79508838, -0.83870033, -0.87330533, ...,  0.1395512 ,
          0.        , -0.1242981 ],
        [-0.71353641, -0.76450424, -0.80597807, ...,  0.2615508 ,
          0.1242981 ,  0.        ]],

       [[ 0.        ,  0.01687728,  0.02412435, ...,  0.55888577,
          0.60058066,  0.64586929],
        [-0.01687728,  0.        ,  0.00724854, ...,  0.54481077,
          0.58700065,  0.63289237],
        [-0.02412435, -0.00724854,  0.        , ...,  0.53871813,
          0.58111691,  0.62726364],
        ...,
        [-0.55888577, -0.54481077, -0.53871813, ...,  0.        ,
          0.05116326,  0.10890343],
        [-0.60058066, -0.58700065, -0.58111691, ..., -0.05116326,
          0.        ,  0.05790184],
        [-0.64586929, -0.63289237, -0.62726364, ..., -0.10890343,
         -0.05790184,  0.        ]]]), 'num': array([ 9.99895743e-01,  2.25437273e-03,  3.00494389e-05, -3.73761697e-08,
        4.41434235e-03,  4.52736015e-03,  4.41434235e-03,  5.91016618e-03,
       -9.30734832e-05,  4.40902386e-03,  4.60780223e-03,  5.06729715e-03,
        5.27263575e-06,  4.92303464e-03,  4.29256982e-03])}
{'img': array([[[ 0.        , -0.23175359, -0.277114  , ...,  0.40993057,
          0.50153003,  0.43118106],
        [ 0.23175359,  0.        , -0.046892  , ...,  0.61015634,
          0.68837499,  0.6285452 ],
        [ 0.277114  ,  0.046892  ,  0.        , ...,  0.64663679,
          0.7216311 ,  0.66432512],
        ...,
        [-0.40993057, -0.61015634, -0.64663679, ...,  0.        ,
          0.1028065 ,  0.02342128],
        [-0.50153003, -0.68837499, -0.7216311 , ..., -0.1028065 ,
          0.        , -0.07948111],
        [-0.43118106, -0.6285452 , -0.66432512, ..., -0.02342128,
          0.07948111,  0.        ]],

       [[ 0.        , -0.4338159 , -0.59805317, ..., -0.75654578,
         -0.53139798, -0.63094009],
        [ 0.4338159 ,  0.        , -0.19116228, ..., -0.39795901,
         -0.11129527, -0.23190992],
        [ 0.59805317,  0.19116228,  0.        , ..., -0.21524715,
          0.08073184, -0.04168247],
        ...,
        [ 0.75654578,  0.39795901,  0.21524715, ...,  0.        ,
          0.29338401,  0.17435466],
        [ 0.53139798,  0.11129527, -0.08073184, ..., -0.29338401,
          0.        , -0.1222081 ],
        [ 0.63094009,  0.23190992,  0.04168247, ..., -0.17435466,
          0.1222081 ,  0.        ]],

       [[ 0.        ,  0.3651072 ,  0.49316646, ...,  0.93945535,
          0.94090546,  0.93230197],
        [-0.3651072 ,  0.        ,  0.14150142, ...,  0.74948873,
          0.75229989,  0.73588868],
        [-0.49316646, -0.14150142,  0.        , ...,  0.64827105,
          0.6515062 ,  0.63267323],
        ...,
        [-0.93945535, -0.74948873, -0.64827105, ...,  0.        ,
          0.00425661, -0.02030984],
        [-0.94090546, -0.75229989, -0.6515062 , ..., -0.00425661,
          0.        , -0.02456539],
        [-0.93230197, -0.73588868, -0.63267323, ...,  0.02030984,
          0.02456539,  0.        ]],

       ...,

       [[ 0.        , -0.07037526, -0.03928132, ..., -0.46429819,
         -0.28742598, -0.25177798],
        [ 0.07037526,  0.        ,  0.03113702, ..., -0.40081711,
         -0.21930771, -0.18304559],
        [ 0.03928132, -0.03113702,  0.        , ..., -0.4291492 ,
         -0.24958038, -0.21356778],
        ...,
        [ 0.46429819,  0.40081711,  0.4291492 , ...,  0.        ,
          0.19013899,  0.22634637],
        [ 0.28742598,  0.21930771,  0.24958038, ..., -0.19013899,
          0.        ,  0.03701289],
        [ 0.25177798,  0.18304559,  0.21356778, ..., -0.22634637,
         -0.03701289,  0.        ]],

       [[ 0.        , -0.06700376, -0.10548729, ...,  0.83870033,
          0.76450424,  0.67395316],
        [ 0.06700376,  0.        , -0.03862031, ...,  0.87330533,
          0.80597807,  0.72193924],
        [ 0.10548729,  0.03862031,  0.        , ...,  0.89146859,
          0.82823789,  0.74812421],
        ...,
        [-0.83870033, -0.87330533, -0.89146859, ...,  0.        ,
         -0.1242981 , -0.25257976],
        [-0.76450424, -0.80597807, -0.82823789, ...,  0.1242981 ,
          0.        , -0.13035312],
        [-0.67395316, -0.72193924, -0.74812421, ...,  0.25257976,
          0.13035312,  0.        ]],

       [[ 0.        ,  0.00724854,  0.00882445, ...,  0.58700065,
          0.63289237,  0.6797718 ],
        [-0.00724854,  0.        ,  0.00157595, ...,  0.58111691,
          0.62726364,  0.67443769],
        [-0.00882445, -0.00157595,  0.        , ...,  0.57983364,
          0.62603549,  0.67327328],
        ...,
        [-0.58700065, -0.58111691, -0.57983364, ...,  0.        ,
          0.05790184,  0.11981387],
        [-0.63289237, -0.62726364, -0.62603549, ..., -0.05790184,
          0.        ,  0.06212812],
        [-0.6797718 , -0.67443769, -0.67327328, ..., -0.11981387,
         -0.06212812,  0.        ]]]), 'num': array([ 8.29856995e-01,  5.57845120e-01,  8.33114473e-06, -2.71321220e-07,
        3.62682501e-03,  3.73235284e-03,  3.59905452e-03,  5.53776744e-03,
       -6.10950613e-05,  3.68458761e-03,  3.82232920e-03,  4.23833103e-03,
        4.21134788e-06,  4.05819462e-03,  3.58646378e-03])}
{'img': array([[[ 0.00000000e+00, -4.68920038e-02, -3.40350873e-01, ...,
          6.88374989e-01,  6.28545203e-01,  5.76463783e-01],
        [ 4.68920038e-02,  0.00000000e+00, -2.95883994e-01, ...,
          7.21631102e-01,  6.64325119e-01,  6.14146173e-01],
        [ 3.40350873e-01,  2.95883994e-01,  0.00000000e+00, ...,
          8.94153182e-01,  8.55735855e-01,  8.20156459e-01],
        ...,
        [-6.88374989e-01, -7.21631102e-01, -8.94153182e-01, ...,
          0.00000000e+00, -7.94811142e-02, -1.44345943e-01],
        [-6.28545203e-01, -6.64325119e-01, -8.55735855e-01, ...,
          7.94811142e-02,  0.00000000e+00, -6.52405554e-02],
        [-5.76463783e-01, -6.14146173e-01, -8.20156459e-01, ...,
          1.44345943e-01,  6.52405554e-02,  0.00000000e+00]],

       [[ 0.00000000e+00, -1.91162279e-01, -3.45597220e-01, ...,
         -1.11295274e-01, -2.31909923e-01, -1.66613308e-01],
        [ 1.91162279e-01,  0.00000000e+00, -1.59840447e-01, ...,
          8.07318447e-02, -4.16824713e-02,  2.49495730e-02],
        [ 3.45597220e-01,  1.59840447e-01,  0.00000000e+00, ...,
          2.39012569e-01,  1.18554977e-01,  1.84419483e-01],
        ...,
        [ 1.11295274e-01, -8.07318447e-02, -2.39012569e-01, ...,
          0.00000000e+00, -1.22208095e-01, -5.58385797e-02],
        [ 2.31909923e-01,  4.16824713e-02, -1.18554977e-01, ...,
          1.22208095e-01,  0.00000000e+00,  6.65973856e-02],
        [ 1.66613308e-01, -2.49495730e-02, -1.84419483e-01, ...,
          5.58385797e-02, -6.65973856e-02,  0.00000000e+00]],

       [[ 0.00000000e+00,  3.49898640e-01,  4.63665437e-01, ...,
          9.22277464e-01,  9.11922398e-01,  9.12388008e-01],
        [-3.49898640e-01,  0.00000000e+00,  1.24342194e-01, ...,
          7.28732264e-01,  7.10692213e-01,  7.11490981e-01],
        [-4.63665437e-01, -1.24342194e-01,  0.00000000e+00, ...,
          6.37927486e-01,  6.17701696e-01,  6.18594715e-01],
        ...,
        [-9.22277464e-01, -7.28732264e-01, -6.37927486e-01, ...,
          0.00000000e+00, -2.59842710e-02, -2.48485711e-02],
        [-9.11922398e-01, -7.10692213e-01, -6.17701696e-01, ...,
          2.59842710e-02,  0.00000000e+00,  1.13606664e-03],
        [-9.12388008e-01, -7.11490981e-01, -6.18594715e-01, ...,
          2.48485711e-02, -1.13606664e-03,  0.00000000e+00]],

       ...,

       [[ 0.00000000e+00,  3.11370165e-02,  0.00000000e+00, ...,
         -2.19307705e-01, -1.83045595e-01, -2.30931846e-01],
        [-3.11370165e-02,  0.00000000e+00, -3.11370165e-02, ...,
         -2.49580377e-01, -2.13567779e-01, -2.61115253e-01],
        [ 0.00000000e+00,  3.11370165e-02,  0.00000000e+00, ...,
         -2.19307705e-01, -1.83045595e-01, -2.30931846e-01],
        ...,
        [ 2.19307705e-01,  2.49580377e-01,  2.19307705e-01, ...,
          0.00000000e+00,  3.70128893e-02, -1.19301794e-02],
        [ 1.83045595e-01,  2.13567779e-01,  1.83045595e-01, ...,
         -3.70128893e-02,  0.00000000e+00, -4.89322599e-02],
        [ 2.30931846e-01,  2.61115253e-01,  2.30931846e-01, ...,
          1.19301794e-02,  4.89322599e-02,  0.00000000e+00]],

       [[ 0.00000000e+00, -3.86203093e-02, -1.09287409e-01, ...,
          8.05978069e-01,  7.21939240e-01,  6.85507913e-01],
        [ 3.86203093e-02,  0.00000000e+00, -7.08168946e-02, ...,
          8.28237889e-01,  7.48124215e-01,  7.13114597e-01],
        [ 1.09287409e-01,  7.08168946e-02,  0.00000000e+00, ...,
          8.65842593e-01,  7.93237090e-01,  7.60970209e-01],
        ...,
        [-8.05978069e-01, -8.28237889e-01, -8.65842593e-01, ...,
          0.00000000e+00, -1.30353116e-01, -1.81021312e-01],
        [-7.21939240e-01, -7.48124215e-01, -7.93237090e-01, ...,
          1.30353116e-01,  0.00000000e+00, -5.12771961e-02],
        [-6.85507913e-01, -7.13114597e-01, -7.60970209e-01, ...,
          1.81021312e-01,  5.12771961e-02,  0.00000000e+00]],

       [[ 0.00000000e+00,  1.57595496e-03,  3.06347428e-03, ...,
          6.27263637e-01,  6.74437692e-01,  6.74630113e-01],
        [-1.57595496e-03,  0.00000000e+00,  1.48752292e-03, ...,
          6.26035493e-01,  6.73273277e-01,  6.73465975e-01],
        [-3.06347428e-03, -1.48752292e-03,  0.00000000e+00, ...,
          6.24874838e-01,  6.72172667e-01,  6.72365625e-01],
        ...,
        [-6.27263637e-01, -6.26035493e-01, -6.24874838e-01, ...,
          0.00000000e+00,  6.21281200e-02,  6.23882613e-02],
        [-6.74437692e-01, -6.73273277e-01, -6.72172667e-01, ...,
         -6.21281200e-02,  0.00000000e+00,  2.60646874e-04],
        [-6.74630113e-01, -6.73465975e-01, -6.72365625e-01, ...,
         -6.23882613e-02, -2.60646874e-04,  0.00000000e+00]]]), 'num': array([ 9.78252880e-01,  2.06000290e-01,  2.26799586e-05, -3.78147954e-07,
        4.31426028e-03,  4.33326583e-03,  4.09252884e-03,  2.08019567e-02,
        1.77385151e-04,  4.22683474e-03,  4.35163786e-03,  4.84514869e-03,
        5.93732217e-06,  4.61562278e-03,  4.08765295e-03])}
{'img': array([[[ 0.00000000e+00, -2.95883994e-01,  8.82816443e-02, ...,
          6.64325119e-01,  6.14146173e-01,  7.33039125e-01],
        [ 2.95883994e-01,  0.00000000e+00,  3.79057466e-01, ...,
          8.55735855e-01,  8.20156459e-01,  9.01472768e-01],
        [-8.82816443e-02, -3.79057466e-01,  0.00000000e+00, ...,
          5.95745735e-01,  5.42077079e-01,  6.70129032e-01],
        ...,
        [-6.64325119e-01, -8.55735855e-01, -5.95745735e-01, ...,
          0.00000000e+00, -6.52405554e-02,  9.60405397e-02],
        [-6.14146173e-01, -8.20156459e-01, -5.42077079e-01, ...,
          6.52405554e-02,  0.00000000e+00,  1.60774908e-01],
        [-7.33039125e-01, -9.01472768e-01, -6.70129032e-01, ...,
         -9.60405397e-02, -1.60774908e-01,  0.00000000e+00]],

       [[ 0.00000000e+00, -1.59840447e-01, -2.18710020e-02, ...,
         -4.16824713e-02,  2.49495730e-02,  5.70851028e-01],
        [ 1.59840447e-01,  0.00000000e+00,  1.38212410e-01, ...,
          1.18554977e-01,  1.84419483e-01,  6.94749101e-01],
        [ 2.18710020e-02, -1.38212410e-01,  0.00000000e+00, ...,
         -1.98205069e-02,  4.68077989e-02,  5.88671747e-01],
        ...,
        [ 4.16824713e-02, -1.18554977e-01,  1.98205069e-02, ...,
          0.00000000e+00,  6.65973856e-02,  6.04578451e-01],
        [-2.49495730e-02, -1.84419483e-01, -4.68077989e-02, ...,
         -6.65973856e-02,  0.00000000e+00,  5.50188390e-01],
        [-5.70851028e-01, -6.94749101e-01, -5.88671747e-01, ...,
         -6.04578451e-01, -5.50188390e-01,  0.00000000e+00]],

       [[ 0.00000000e+00,  3.19561483e-01,  4.41479639e-01, ...,
          8.89777897e-01,  8.90325966e-01,  9.00434330e-01],
        [-3.19561483e-01,  0.00000000e+00,  1.31597556e-01, ...,
          6.97276998e-01,  6.98138290e-01,  7.14213864e-01],
        [-4.41479639e-01, -1.31597556e-01,  0.00000000e+00, ...,
          5.96883574e-01,  5.97847765e-01,  6.15893753e-01],
        ...,
        [-8.89777897e-01, -6.97276998e-01, -5.96883574e-01, ...,
          0.00000000e+00,  1.20227880e-03,  2.39063956e-02],
        [-8.90325966e-01, -6.98138290e-01, -5.97847765e-01, ...,
         -1.20227880e-03,  0.00000000e+00,  2.27044431e-02],
        [-9.00434330e-01, -7.14213864e-01, -6.15893753e-01, ...,
         -2.39063956e-02, -2.27044431e-02,  0.00000000e+00]],

       ...,

       [[ 0.00000000e+00, -3.11370165e-02,  1.15455949e-01, ...,
         -2.13567779e-01, -2.61115253e-01, -2.17191059e-02],
        [ 3.11370165e-02,  0.00000000e+00,  1.46328758e-01, ...,
         -1.83045595e-01, -2.30931846e-01,  9.42109684e-03],
        [-1.15455949e-01, -1.46328758e-01,  0.00000000e+00, ...,
         -3.24931745e-01, -3.70819580e-01, -1.37002576e-01],
        ...,
        [ 2.13567779e-01,  1.83045595e-01,  3.24931745e-01, ...,
          0.00000000e+00, -4.89322599e-02,  1.92299393e-01],
        [ 2.61115253e-01,  2.30931846e-01,  3.70819580e-01, ...,
          4.89322599e-02,  0.00000000e+00,  2.40088041e-01],
        [ 2.17191059e-02, -9.42109684e-03,  1.37002576e-01, ...,
         -1.92299393e-01, -2.40088041e-01,  0.00000000e+00]],

       [[ 0.00000000e+00, -7.08168946e-02, -2.52091630e-01, ...,
          7.48124215e-01,  7.13114597e-01,  7.05278591e-01],
        [ 7.08168946e-02,  0.00000000e+00, -1.82928965e-01, ...,
          7.93237090e-01,  7.60970209e-01,  7.53712109e-01],
        [ 2.52091630e-01,  1.82928965e-01,  0.00000000e+00, ...,
          8.91239920e-01,  8.66811600e-01,  8.61215852e-01],
        ...,
        [-7.48124215e-01, -7.93237090e-01, -8.91239920e-01, ...,
          0.00000000e+00, -5.12771961e-02, -6.23741417e-02],
        [-7.13114597e-01, -7.60970209e-01, -8.66811600e-01, ...,
          5.12771961e-02,  0.00000000e+00, -1.11147349e-02],
        [-7.05278591e-01, -7.53712109e-01, -8.61215852e-01, ...,
          6.23741417e-02,  1.11147349e-02,  0.00000000e+00]],

       [[ 0.00000000e+00,  1.48752292e-03,  8.60254430e-03, ...,
          6.73273277e-01,  6.73465975e-01,  6.71525010e-01],
        [-1.48752292e-03,  0.00000000e+00,  7.11506691e-03, ...,
          6.72172667e-01,  6.72365625e-01,  6.70422040e-01],
        [-8.60254430e-03, -7.11506691e-03,  0.00000000e+00, ...,
          6.66887697e-01,  6.67081897e-01,  6.65125833e-01],
        ...,
        [-6.73273277e-01, -6.72172667e-01, -6.66887697e-01, ...,
          0.00000000e+00,  2.60646874e-04, -2.36191943e-03],
        [-6.73465975e-01, -6.72365625e-01, -6.67081897e-01, ...,
         -2.60646874e-04,  0.00000000e+00, -2.62256550e-03],
        [-6.71525010e-01, -6.70422040e-01, -6.65125833e-01, ...,
          2.36191943e-03,  2.62256550e-03,  0.00000000e+00]]]), 'num': array([ 8.01183143e-01,  5.98318264e-01,  6.04664320e-06,  1.89929044e-08,
        3.49767034e-03,  3.61234805e-03,  3.47160722e-03,  4.12704249e-03,
       -5.21262345e-05,  3.48933014e-03,  3.56986517e-03,  3.99486774e-03,
        4.68170810e-06,  3.78122468e-03,  3.35850566e-03])}
{'img': array([[[ 0.        ,  0.37905747,  0.66002483, ...,  0.82015646,
          0.90147277,  0.875848  ],
        [-0.37905747,  0.        ,  0.32600469, ...,  0.54207708,
          0.67012903,  0.62755798],
        [-0.66002483, -0.32600469,  0.        , ...,  0.23851129,
          0.39154342,  0.33945592],
        ...,
        [-0.82015646, -0.54207708, -0.23851129, ...,  0.        ,
          0.16077491,  0.10531017],
        [-0.90147277, -0.67012903, -0.39154342, ..., -0.16077491,
          0.        , -0.05594071],
        [-0.875848  , -0.62755798, -0.33945592, ..., -0.10531017,
          0.05594071,  0.        ]],

       [[ 0.        ,  0.13821241,  0.89820514, ...,  0.18441948,
          0.6947491 ,  0.01973858],
        [-0.13821241,  0.        ,  0.82882978, ...,  0.0468078 ,
          0.58867175, -0.11863634],
        [-0.89820514, -0.82882978,  0.        , ..., -0.80173231,
         -0.3406406 , -0.88935353],
        ...,
        [-0.18441948, -0.0468078 ,  0.80173231, ...,  0.        ,
          0.55018839, -0.16498354],
        [-0.6947491 , -0.58867175,  0.3406406 , ..., -0.55018839,
          0.        , -0.68041673],
        [-0.01973858,  0.11863634,  0.88935353, ...,  0.16498354,
          0.68041673,  0.        ]],

       [[ 0.        ,  0.31722098,  0.36839256, ...,  0.8691745 ,
          0.88072587,  0.8871202 ],
        [-0.31722098,  0.        ,  0.05445476, ...,  0.66741555,
          0.68499361,  0.69489222],
        [-0.36839256, -0.05445476,  0.        , ...,  0.6258736 ,
          0.64430428,  0.65470199],
        ...,
        [-0.8691745 , -0.66741555, -0.6258736 , ...,  0.        ,
          0.02385981,  0.03752835],
        [-0.88072587, -0.68499361, -0.64430428, ..., -0.02385981,
          0.        ,  0.01367466],
        [-0.8871202 , -0.69489222, -0.65470199, ..., -0.03752835,
         -0.01367466,  0.        ]],

       ...,

       [[ 0.        ,  0.14632876,  0.3613114 , ..., -0.23093185,
          0.0094211 , -0.04192354],
        [-0.14632876,  0.        ,  0.2209787 , ..., -0.37081958,
         -0.13700258, -0.18767239],
        [-0.3613114 , -0.2209787 ,  0.        , ..., -0.56687642,
         -0.35251071, -0.40008515],
        ...,
        [ 0.23093185,  0.37081958,  0.56687642, ...,  0.        ,
          0.24008804,  0.18993847],
        [-0.0094211 ,  0.13700258,  0.35251071, ..., -0.24008804,
          0.        , -0.05133449],
        [ 0.04192354,  0.18767239,  0.40008515, ..., -0.18993847,
          0.05133449,  0.        ]],

       [[ 0.        , -0.18292896,  0.01345499, ...,  0.76097021,
          0.75371211,  0.74246393],
        [ 0.18292896,  0.        ,  0.19614036, ...,  0.8668116 ,
          0.86121585,  0.85247725],
        [-0.01345499, -0.19614036,  0.        , ...,  0.7521719 ,
          0.7448012 ,  0.73338341],
        ...,
        [-0.76097021, -0.8668116 , -0.7521719 , ...,  0.        ,
         -0.01111473, -0.02806251],
        [-0.75371211, -0.86121585, -0.7448012 , ...,  0.01111473,
          0.        , -0.01695042],
        [-0.74246393, -0.85247725, -0.73338341, ...,  0.02806251,
          0.01695042,  0.        ]],

       [[ 0.        ,  0.00711507, -0.00420264, ...,  0.67236563,
          0.67042204,  0.66682626],
        [-0.00711507,  0.        , -0.01131754, ...,  0.6670819 ,
          0.66512583,  0.66150714],
        [ 0.00420264,  0.01131754,  0.        , ...,  0.67547056,
          0.67353439,  0.66995224],
        ...,
        [-0.67236563, -0.6670819 , -0.67547056, ...,  0.        ,
         -0.00262257, -0.00745814],
        [-0.67042204, -0.66512583, -0.67353439, ...,  0.00262257,
          0.        , -0.00483562],
        [-0.66682626, -0.66150714, -0.66995224, ...,  0.00745814,
          0.00483562,  0.        ]]]), 'num': array([ 9.79366869e-01,  2.01633702e-01,  2.32506179e-05, -2.58189036e-08,
        4.27325916e-03,  4.36268462e-03,  4.21577137e-03,  5.47322100e-03,
       -1.27750648e-05,  4.26431662e-03,  4.35853272e-03,  4.90615716e-03,
        5.84519473e-06,  4.60059492e-03,  4.11647052e-03])}
{'img': array([[[ 0.00000000e+00,  5.73620131e-01,  7.38349203e-01, ...,
          8.72635490e-01,  8.41631857e-01,  8.34909272e-01],
        [-5.73620131e-01,  0.00000000e+00,  2.17937579e-01, ...,
          4.34654381e-01,  3.79614190e-01,  3.68178686e-01],
        [-7.38349203e-01, -2.17937579e-01,  0.00000000e+00, ...,
          2.27932464e-01,  1.68865456e-01,  1.56700103e-01],
        ...,
        [-8.72635490e-01, -4.34654381e-01, -2.27932464e-01, ...,
          0.00000000e+00, -6.02387504e-02, -7.25413616e-02],
        [-8.41631857e-01, -3.79614190e-01, -1.68865456e-01, ...,
          6.02387504e-02,  0.00000000e+00, -1.23295806e-02],
        [-8.34909272e-01, -3.68178686e-01, -1.56700103e-01, ...,
          7.25413616e-02,  1.23295806e-02,  0.00000000e+00]],

       [[ 0.00000000e+00,  8.28829782e-01,  5.80269076e-01, ...,
          5.88671747e-01, -1.18636345e-01, -4.51614483e-02],
        [-8.28829782e-01,  0.00000000e+00, -3.50358516e-01, ...,
         -3.40640596e-01, -8.89353532e-01, -8.53251997e-01],
        [-5.80269076e-01,  3.50358516e-01,  0.00000000e+00, ...,
          1.03555110e-02, -6.72791467e-01, -6.16457633e-01],
        ...,
        [-5.88671747e-01,  3.40640596e-01, -1.03555110e-02, ...,
          0.00000000e+00, -6.80416733e-01, -6.24578384e-01],
        [ 1.18636345e-01,  8.89353532e-01,  6.72791467e-01, ...,
          6.80416733e-01,  0.00000000e+00,  7.36727924e-02],
        [ 4.51614483e-02,  8.53251997e-01,  6.16457633e-01, ...,
          6.24578384e-01, -7.36727924e-02,  0.00000000e+00]],

       [[ 0.00000000e+00,  1.94898267e-01,  4.22477572e-01, ...,
          8.58573584e-01,  8.65862525e-01,  8.59916760e-01],
        [-1.94898267e-01,  0.00000000e+00,  2.37725315e-01, ...,
          7.42186655e-01,  7.51754184e-01,  7.43943775e-01],
        [-4.22477572e-01, -2.37725315e-01,  0.00000000e+00, ...,
          5.61588064e-01,  5.73436814e-01,  5.63758618e-01],
        ...,
        [-8.58573584e-01, -7.42186655e-01, -5.61588064e-01, ...,
          0.00000000e+00,  1.43904491e-02,  2.62562928e-03],
        [-8.65862525e-01, -7.51754184e-01, -5.73436814e-01, ...,
         -1.43904491e-02,  0.00000000e+00, -1.17650421e-02],
        [-8.59916760e-01, -7.43943775e-01, -5.63758618e-01, ...,
         -2.62562928e-03,  1.17650421e-02,  0.00000000e+00]],

       ...,

       [[ 0.00000000e+00,  2.20978703e-01,  4.38034643e-01, ...,
         -1.37002576e-01, -1.87672385e-01, -1.65660987e-01],
        [-2.20978703e-01,  0.00000000e+00,  2.28555234e-01, ...,
         -3.52510712e-01, -4.00085151e-01, -3.79491009e-01],
        [-4.38034643e-01, -2.28555234e-01,  0.00000000e+00, ...,
         -5.57063853e-01, -5.98961113e-01, -5.80904498e-01],
        ...,
        [ 1.37002576e-01,  3.52510712e-01,  5.57063853e-01, ...,
          0.00000000e+00, -5.13344937e-02, -2.89893399e-02],
