state_0,state_1,state_2,state_3,state_4,state_5,state_6,state_7,state_8,state_9,state_10,state_11,state_12,state_13,state_14,state_15,state_16,state_17,state_18,state_19,state_20,state_21,state_22,state_23,state_24,state_25,state_26,state_27,state_28,state_29,state_30,state_31,state_32,state_33,state_34,state_35,state_36,state_37,state_38,state_39,state_40,state_41,state_42,state_43,state_44,state_45,state_46,state_47,state_48,state_49,state_50,state_51,state_52,state_53,state_54,state_55,state_56,state_57,state_58,state_59,state_60,state_61,state_62,state_63,state_64,state_65,state_66,state_67,state_68,state_69,state_70,state_71,state_72,state_73,state_74,state_75,state_76,state_77,state_78,state_79,state_80,state_81,state_82,state_83,state_84,state_85,state_86,state_87,state_88,state_89,state_90,state_91,state_92,state_93,state_94,state_95,state_96,state_97,state_98,state_99,state_100,state_101,state_102,state_103,state_104,state_105,state_106,state_107,state_108,state_109,state_110,state_111,state_112,state_113,state_114,state_115,state_116,state_117,state_118,state_119,state_120,state_121,state_122,state_123,state_124,state_125,state_126,state_127,state_128,state_129,state_130,state_131,state_132,state_133,state_134,state_135,state_136,state_137,state_138,state_139,state_140,state_141,state_142,state_143,state_144,state_145,state_146,state_147,state_148,state_149,state_150,state_151,state_152,state_153,state_154,state_155,state_156,state_157,state_158,state_159,state_160,state_161,state_162,state_163,state_164,state_165,state_166,state_167,state_168,state_169,state_170,state_171,state_172,state_173,state_174,state_175,state_176,state_177,state_178,state_179,state_180,state_181,state_182,state_183,state_184,state_185,state_186,state_187,state_188,state_189,state_190,state_191,state_192,state_193,state_194,state_195,state_196,state_197,state_198,state_199,state_200,state_201,state_202,state_203,state_204,state_205,state_206,state_207,state_208,state_209,state_210,state_211,state_212,state_213,state_214,state_215,state_216,state_217,state_218,state_219,state_220,state_221,state_222,state_223,state_224,state_225,state_226,state_227,state_228,state_229,state_230,state_231,state_232,state_233,state_234,state_235,state_236,state_237,state_238,state_239,state_240,state_241,state_242,state_243,state_244,state_245,state_246,state_247,state_248,state_249,state_250,state_251,state_252,state_253,state_254,state_255,state_256,state_257,state_258,state_259,state_260,state_261,state_262,state_263,state_264,state_265,state_266,state_267,state_268,state_269,state_270,state_271,state_272,state_273,state_274,state_275,state_276,state_277,state_278,state_279,state_280,state_281,state_282,state_283,state_284,state_285,state_286,state_287
{'img': array([[[ 0.        , -0.19299785,  0.40165861, ..., -0.99935145,
         -0.99468862, -0.96772154],
        [ 0.19299785,  0.        ,  0.5708525 , ..., -0.97361308,
         -0.95612241, -0.90088791],
        [-0.40165861, -0.5708525 ,  0.        , ..., -0.92965904,
         -0.95226803, -0.98745595],
        ...,
        [ 0.99935145,  0.97361308,  0.92965904, ...,  0.        ,
          0.06704494,  0.21701129],
        [ 0.99468862,  0.95612241,  0.95226803, ..., -0.06704494,
          0.        ,  0.15107581],
        [ 0.96772154,  0.90088791,  0.98745595, ..., -0.21701129,
         -0.15107581,  0.        ]],

       [[ 0.        , -0.5061926 , -0.33040413, ..., -0.53184502,
         -0.33566918, -0.03033124],
        [ 0.5061926 ,  0.        ,  0.19281732, ..., -0.03000902,
          0.18733531,  0.47980142],
        [ 0.33040413, -0.19281732,  0.        , ..., -0.22217637,
         -0.00558379,  0.30162428],
        ...,
        [ 0.53184502,  0.03000902,  0.22217637, ...,  0.        ,
          0.21672868,  0.50591455],
        [ 0.33566918, -0.18733531,  0.00558379, ..., -0.21672868,
          0.        ,  0.30694332],
        [ 0.03033124, -0.47980142, -0.30162428, ..., -0.50591455,
         -0.30694332,  0.        ]],

       [[ 0.        , -0.47473983, -0.61887567, ..., -0.57058176,
         -0.68258129, -0.78841637],
        [ 0.47473983,  0.        , -0.17178579, ..., -0.89205966,
         -0.94770212, -0.98593828],
        [ 0.61887567,  0.17178579,  0.        , ..., -0.95643163,
         -0.9884404 , -0.99998874],
        ...,
        [ 0.57058176,  0.89205966,  0.95643163, ...,  0.        ,
          0.14357693,  0.29649091],
        [ 0.68258129,  0.94770212,  0.9884404 , ..., -0.14357693,
          0.        ,  0.15629792],
        [ 0.78841637,  0.98593828,  0.99998874, ..., -0.29649091,
         -0.15629792,  0.        ]],

       ...,

       [[ 0.        , -0.04913188,  0.13425131, ...,  0.49925771,
          0.46502196,  0.40671865],
        [ 0.04913188,  0.        ,  0.18277629, ...,  0.54122525,
          0.50795677,  0.45111206],
        [-0.13425131, -0.18277629,  0.        , ...,  0.37841556,
          0.34195969,  0.280391  ],
        ...,
        [-0.49925771, -0.54122525, -0.37841556, ...,  0.        ,
         -0.0390725 , -0.1036958 ],
        [-0.46502196, -0.50795677, -0.34195969, ...,  0.0390725 ,
          0.        , -0.06475475],
        [-0.40671865, -0.45111206, -0.280391  , ...,  0.1036958 ,
          0.06475475,  0.        ]],

       [[ 0.        , -0.00562865, -0.01714679, ..., -0.99097451,
         -0.9755904 , -0.97115752],
        [ 0.00562865,  0.        , -0.01151869, ..., -0.99171334,
         -0.97681098, -0.97248423],
        [ 0.01714679,  0.01151869,  0.        , ..., -0.99312736,
         -0.97921237, -0.97510321],
        ...,
        [ 0.99097451,  0.99171334,  0.99312736, ...,  0.        ,
         -0.08683795, -0.10610272],
        [ 0.9755904 ,  0.97681098,  0.97921237, ...,  0.08683795,
          0.        , -0.01935414],
        [ 0.97115752,  0.97248423,  0.97510321, ...,  0.10610272,
          0.01935414,  0.        ]],

       [[ 0.        ,  0.12793142, -0.21751699, ..., -0.46288295,
         -0.5632197 , -0.58161316],
        [-0.12793142,  0.        , -0.34059796, ..., -0.34567855,
         -0.45288109, -0.47276626],
        [ 0.21751699,  0.34059796,  0.        , ..., -0.64461121,
         -0.72947013, -0.7446299 ],
        ...,
        [ 0.46288295,  0.34567855,  0.64461121, ...,  0.        ,
          0.11676537,  0.13901389],
        [ 0.5632197 ,  0.45288109,  0.72947013, ..., -0.11676537,
          0.        ,  0.02243133],
        [ 0.58161316,  0.47276626,  0.7446299 , ..., -0.13901389,
         -0.02243133,  0.        ]]]), 'num': array([ 7.07101309e-01,  7.07101309e-01,  0.00000000e+00,  0.00000000e+00,
        3.11290303e-04,  3.12671360e-04,  3.06594708e-04,  3.83735042e-03,
       -1.38105724e-06,  3.07865281e-04,  3.02313431e-04,  3.05862748e-04,
        1.49831682e-06,  3.14609650e-04,  2.90017212e-04])}
{'img': array([[[ 0.00000000e+00,  5.70852499e-01, -6.41888465e-01, ...,
         -9.56122410e-01, -9.00887911e-01, -9.22830830e-01],
        [-5.70852499e-01,  0.00000000e+00, -9.64752778e-01, ...,
         -9.52268032e-01, -9.87455949e-01, -9.77588191e-01],
        [ 6.41888465e-01,  9.64752778e-01,  0.00000000e+00, ...,
         -5.45100330e-01, -4.12186215e-01, -4.60365898e-01],
        ...,
        [ 9.56122410e-01,  9.52268032e-01,  5.45100330e-01, ...,
          0.00000000e+00,  1.51075811e-01,  9.79441778e-02],
        [ 9.00887911e-01,  9.87455949e-01,  4.12186215e-01, ...,
         -1.51075811e-01,  0.00000000e+00, -5.35294329e-02],
        [ 9.22830830e-01,  9.77588191e-01,  4.60365898e-01, ...,
         -9.79441778e-02,  5.35294329e-02,  0.00000000e+00]],

       [[ 0.00000000e+00,  1.92817320e-01,  5.25094971e-01, ...,
          1.87335309e-01,  4.79801420e-01,  6.41593804e-02],
        [-1.92817320e-01,  0.00000000e+00,  6.79337345e-01, ...,
         -5.58378700e-03,  3.01624285e-01, -1.29464643e-01],
        [-5.25094971e-01, -6.79337345e-01,  0.00000000e+00, ...,
         -6.75229226e-01, -8.69038255e-01, -5.78615532e-01],
        ...,
        [-1.87335309e-01,  5.58378700e-03,  6.75229226e-01, ...,
          0.00000000e+00,  3.06943315e-01, -1.23925831e-01],
        [-4.79801420e-01, -3.01624285e-01,  8.69038255e-01, ...,
         -3.06943315e-01,  0.00000000e+00, -4.22520896e-01],
        [-6.41593804e-02,  1.29464643e-01,  5.78615532e-01, ...,
          1.23925831e-01,  4.22520896e-01,  0.00000000e+00]],

       [[ 0.00000000e+00, -4.37272916e-01, -6.69591799e-01, ...,
         -7.00505979e-01, -8.06961513e-01, -8.71760155e-01],
        [ 4.37272916e-01,  0.00000000e+00, -2.77407819e-01, ...,
         -9.42043543e-01, -9.83978922e-01, -9.98233447e-01],
        [ 6.69591799e-01,  2.77407819e-01,  0.00000000e+00, ...,
         -9.98138186e-01, -9.94817578e-01, -9.75536858e-01],
        ...,
        [ 7.00505979e-01,  9.42043543e-01,  9.98138186e-01, ...,
          0.00000000e+00,  1.62163633e-01,  2.78927696e-01],
        [ 8.06961513e-01,  9.83978922e-01,  9.94817578e-01, ...,
         -1.62163633e-01,  0.00000000e+00,  1.19508075e-01],
        [ 8.71760155e-01,  9.98233447e-01,  9.75536858e-01, ...,
         -2.78927696e-01, -1.19508075e-01,  0.00000000e+00]],

       ...,

       [[ 0.00000000e+00,  1.82776285e-01, -8.75117892e-01, ...,
          5.07956769e-01,  4.51112059e-01,  5.09993040e-01],
        [-1.82776285e-01,  0.00000000e+00, -9.48823352e-01, ...,
          3.41959694e-01,  2.80391004e-01,  3.44181732e-01],
        [ 8.75117892e-01,  9.48823352e-01,  0.00000000e+00, ...,
          9.99616542e-01,  9.99311654e-01,  9.99548239e-01],
        ...,
        [-5.07956769e-01, -3.41959694e-01, -9.99616542e-01, ...,
          0.00000000e+00, -6.47547525e-02,  2.36560619e-03],
        [-4.51112059e-01, -2.80391004e-01, -9.99311654e-01, ...,
          6.47547525e-02,  0.00000000e+00,  6.71152126e-02],
        [-5.09993040e-01, -3.44181732e-01, -9.99548239e-01, ...,
         -2.36560619e-03, -6.71152126e-02,  0.00000000e+00]],

       [[ 0.00000000e+00, -1.15186936e-02,  1.06643859e-01, ...,
         -9.76810983e-01, -9.72484228e-01, -9.76671497e-01],
        [ 1.15186936e-02,  0.00000000e+00,  1.18089790e-01, ...,
         -9.79212372e-01, -9.75103207e-01, -9.79080214e-01],
        [-1.06643859e-01, -1.18089790e-01,  0.00000000e+00, ...,
         -9.48407684e-01, -9.42093742e-01, -9.48201233e-01],
        ...,
        [ 9.76810983e-01,  9.79212372e-01,  9.48407684e-01, ...,
          0.00000000e+00, -1.93541432e-02, -6.50524496e-04],
        [ 9.72484228e-01,  9.75103207e-01,  9.42093742e-01, ...,
          1.93541432e-02,  0.00000000e+00,  1.87037365e-02],
        [ 9.76671497e-01,  9.79080214e-01,  9.48201233e-01, ...,
          6.50524496e-04, -1.87037365e-02,  0.00000000e+00]],

       [[ 0.00000000e+00, -3.40597956e-01, -7.13677789e-01, ...,
         -4.52881088e-01, -4.72766263e-01, -4.58286541e-01],
        [ 3.40597956e-01,  0.00000000e+00, -4.32426248e-01, ...,
         -7.29470128e-01, -7.44629900e-01, -7.33610145e-01],
        [ 7.13677789e-01,  4.32426248e-01,  0.00000000e+00, ...,
         -9.53525857e-01, -9.60044749e-01, -9.55337902e-01],
        ...,
        [ 4.52881088e-01,  7.29470128e-01,  9.53525857e-01, ...,
          0.00000000e+00,  2.24313342e-02,  6.07220533e-03],
        [ 4.72766263e-01,  7.44629900e-01,  9.60044749e-01, ...,
         -2.24313342e-02,  0.00000000e+00, -1.63602432e-02],
        [ 4.58286541e-01,  7.33610145e-01,  9.55337902e-01, ...,
         -6.07220533e-03,  1.63602432e-02,  0.00000000e+00]]]), 'num': array([ 9.80282395e-01,  1.97494571e-01,  6.95193449e-05, -4.34735429e-10,
        4.31525812e-04,  4.34591715e-04,  4.26543720e-04,  6.39256053e-03,
       -3.83237844e-07,  4.30376099e-04,  4.19664601e-04,  4.23746084e-04,
        2.39523653e-06,  4.37205804e-04,  4.02123398e-04])}
{'img': array([[[ 0.        , -0.96475278, -0.98745595, ..., -0.98745595,
         -0.97758819, -0.97526188],
        [ 0.96475278,  0.        , -0.10752744, ..., -0.41218621,
         -0.4603659 , -0.469909  ],
        [ 0.98745595,  0.10752744,  0.        , ..., -0.31182819,
         -0.36224149, -0.37226845],
        ...,
        [ 0.98745595,  0.41218621,  0.31182819, ...,  0.        ,
         -0.05352943, -0.06429102],
        [ 0.97758819,  0.4603659 ,  0.36224149, ...,  0.05352943,
          0.        , -0.01078015],
        [ 0.97526188,  0.469909  ,  0.37226845, ...,  0.06429102,
          0.01078015,  0.        ]],

       [[ 0.        ,  0.67933735,  0.52531569, ...,  0.30162428,
         -0.12946464, -0.0212683 ],
        [-0.67933735,  0.        , -0.96354356, ..., -0.86903825,
         -0.57861553, -0.66357645],
        [-0.52531569,  0.96354356,  0.        , ..., -0.24419575,
         -0.63105708, -0.54329422],
        ...,
        [-0.30162428,  0.86903825,  0.24419575, ...,  0.        ,
         -0.4225209 , -0.32183382],
        [ 0.12946464,  0.57861553,  0.63105708, ...,  0.4225209 ,
          0.        ,  0.10834606],
        [ 0.0212683 ,  0.66357645,  0.54329422, ...,  0.32183382,
         -0.10834606,  0.        ]],

       [[ 0.        , -0.55009799, -0.7802709 , ..., -0.82240353,
         -0.8864118 , -0.93141552],
        [ 0.55009799,  0.        , -0.30755011, ..., -0.99974255,
         -0.9948816 , -0.97803755],
        [ 0.7802709 ,  0.30755011,  0.        , ..., -0.95826516,
         -0.91558437, -0.86653163],
        ...,
        [ 0.82240353,  0.99974255,  0.95826516, ...,  0.        ,
          0.12359519,  0.23056655],
        [ 0.8864118 ,  0.9948816 ,  0.91558437, ..., -0.12359519,
          0.        ,  0.10853363],
        [ 0.93141552,  0.97803755,  0.86653163, ..., -0.23056655,
         -0.10853363,  0.        ]],

       ...,

       [[ 0.        , -0.94882335, -0.95458961, ...,  0.280391  ,
          0.34418173,  0.65280655],
        [ 0.94882335,  0.        , -0.01878917, ...,  0.99931165,
          0.99954824,  0.92491816],
        [ 0.95458961,  0.01878917,  0.        , ...,  0.99983227,
          0.99880707,  0.91761187],
        ...,
        [-0.280391  , -0.99931165, -0.99983227, ...,  0.        ,
          0.06711521,  0.41421668],
        [-0.34418173, -0.99954824, -0.99880707, ..., -0.06711521,
          0.        ,  0.35219591],
        [-0.65280655, -0.92491816, -0.91761187, ..., -0.41421668,
         -0.35219591,  0.        ]],

       [[ 0.        ,  0.11808979,  0.23738242, ..., -0.97510321,
         -0.97908021, -0.98304892],
        [-0.11808979,  0.        ,  0.1210071 , ..., -0.94209374,
         -0.94820123, -0.95451946],
        [-0.23738242, -0.1210071 ,  0.        , ..., -0.89459121,
         -0.90279315, -0.91142722],
        ...,
        [ 0.97510321,  0.94209374,  0.89459121, ...,  0.        ,
          0.01870374,  0.03921382],
        [ 0.97908021,  0.94820123,  0.90279315, ..., -0.01870374,
          0.        ,  0.02051761],
        [ 0.98304892,  0.95451946,  0.91142722, ..., -0.03921382,
         -0.02051761,  0.        ]],

       [[ 0.        , -0.65816096, -0.85167867, ..., -0.47952821,
         -0.46487215, -0.44965921],
        [ 0.65816096,  0.        , -0.29629079, ..., -0.93857954,
         -0.93271278, -0.92640769],
        [ 0.85167867,  0.29629079,  0.        , ..., -0.99867421,
         -0.99768033, -0.99636992],
        ...,
        [ 0.47952821,  0.93857954,  0.99867421, ...,  0.        ,
         -0.01662603, -0.03372684],
        [ 0.46487215,  0.93271278,  0.99768033, ...,  0.01662603,
          0.        , -0.01710561],
        [ 0.44965921,  0.92640769,  0.99636992, ...,  0.03372684,
          0.01710561,  0.        ]]]), 'num': array([ 8.74591259e-01,  4.84752076e-01,  3.49945406e-05, -4.80186630e-09,
        3.82946151e-04,  3.93602642e-04,  3.78477300e-04,  1.02171339e-02,
       -4.12509319e-06,  3.86177474e-04,  3.76569445e-04,  3.79359612e-04,
        2.31182123e-06,  3.92479860e-04,  3.60659030e-04])}
{'img': array([[[ 0.        , -0.5527708 , -0.81223286, ..., -0.96824584,
         -0.97239681, -0.99944429],
        [ 0.5527708 ,  0.        , -0.35441109, ..., -0.66867883,
         -0.68135082, -0.81444455],
        [ 0.81223286,  0.35441109,  0.        , ..., -0.36175186,
         -0.37771047, -0.55593474],
        ...,
        [ 0.96824584,  0.66867883,  0.36175186, ...,  0.        ,
         -0.01717517, -0.21758621],
        [ 0.97239681,  0.68135082,  0.37771047, ...,  0.01717517,
          0.        , -0.20079044],
        [ 0.99944429,  0.81444455,  0.55593474, ...,  0.21758621,
          0.20079044,  0.        ]],

       [[ 0.        , -0.96354356, -0.99869425, ..., -0.57861553,
         -0.66357645, -0.90170381],
        [ 0.96354356,  0.        ,  0.31642598, ..., -0.63105708,
         -0.54329422, -0.17533998],
        [ 0.99869425, -0.31642598,  0.        , ..., -0.84409476,
         -0.78103126, -0.47785442],
        ...,
        [ 0.57861553,  0.63105708,  0.84409476, ...,  0.        ,
          0.10834606,  0.4852631 ],
        [ 0.66357645,  0.54329422,  0.78103126, ..., -0.10834606,
          0.        ,  0.38767213],
        [ 0.90170381,  0.17533998,  0.47785442, ..., -0.4852631 ,
         -0.38767213,  0.        ]],

       [[ 0.        , -0.63622699, -0.83638749, ..., -0.9099882 ,
         -0.95177285, -0.95341278],
        [ 0.63622699,  0.        , -0.29653396, ..., -0.96585908,
         -0.92949131, -0.92748963],
        [ 0.83638749,  0.29653396,  0.        , ..., -0.84559451,
         -0.77831016, -0.7749144 ],
        ...,
        [ 0.9099882 ,  0.96585908,  0.84559451, ...,  0.        ,
          0.11544987,  0.12080244],
        [ 0.95177285,  0.92949131,  0.77831016, ..., -0.11544987,
          0.        ,  0.00539029],
        [ 0.95341278,  0.92748963,  0.7749144 , ..., -0.12080244,
         -0.00539029,  0.        ]],

       ...,

       [[ 0.        , -0.01878917,  0.05975837, ...,  0.99954824,
          0.92491816,  0.78371037],
        [ 0.01878917,  0.        ,  0.07850341, ...,  0.99880707,
          0.91761187,  0.77190157],
        [-0.05975837, -0.07850341,  0.        , ...,  0.99955797,
          0.94598332,  0.81942728],
        ...,
        [-0.99954824, -0.99880707, -0.99955797, ...,  0.        ,
          0.35219591,  0.59729124],
        [-0.92491816, -0.91761187, -0.94598332, ..., -0.35219591,
          0.        ,  0.27655086],
        [-0.78371037, -0.77190157, -0.81942728, ..., -0.59729124,
         -0.27655086,  0.        ]],

       [[ 0.        ,  0.1210071 ,  0.24740912, ..., -0.94820123,
         -0.95451946, -0.95751144],
        [-0.1210071 ,  0.        ,  0.12834595, ..., -0.90279315,
         -0.91142722, -0.91557743],
        [-0.24740912, -0.12834595,  0.        , ..., -0.84012817,
         -0.85107982, -0.85639184],
        ...,
        [ 0.94820123,  0.90279315,  0.84012817, ...,  0.        ,
          0.02051761,  0.03071619],
        [ 0.95451946,  0.91142722,  0.85107982, ..., -0.02051761,
          0.        ,  0.01020179],
        [ 0.95751144,  0.91557743,  0.85639184, ..., -0.03071619,
         -0.01020179,  0.        ]],

       [[ 0.        , -0.67378353, -0.88112263, ..., -0.4944286 ,
         -0.47839743, -0.47576318],
        [ 0.67378353,  0.        , -0.33246285, ..., -0.95101246,
         -0.94518022, -0.94419719],
        [ 0.88112263,  0.33246285,  0.        , ..., -0.99969714,
         -0.99998038, -0.99999467],
        ...,
        [ 0.4944286 ,  0.95101246,  0.99969714, ...,  0.        ,
         -0.01834745, -0.02134422],
        [ 0.47839743,  0.94518022,  0.99998038, ...,  0.01834745,
          0.        , -0.00299736],
        [ 0.47576318,  0.94419719,  0.99999467, ...,  0.02134422,
          0.00299736,  0.        ]]]), 'num': array([ 9.98867080e-01,  4.70201225e-02,  8.52909460e-05, -2.44595048e-08,
        4.37429668e-04,  4.41741251e-04,  4.35077896e-04,  7.22115638e-03,
        7.83924136e-07,  4.40173403e-04,  4.29923595e-04,  4.32190442e-04,
        2.69762129e-06,  4.48340432e-04,  4.11506757e-04])}
{'img': array([[[ 0.        , -0.68634859, -0.54817503, ..., -0.93843548,
         -0.99186776, -0.98652072],
        [ 0.68634859,  0.        ,  0.17536425, ..., -0.4453963 ,
         -0.63400491, -0.60515803],
        [ 0.54817503, -0.17536425,  0.        , ..., -0.59550376,
         -0.75979439, -0.73538869],
        ...,
        [ 0.93843548,  0.4453963 ,  0.59550376, ...,  0.        ,
         -0.22320798, -0.1872359 ],
        [ 0.99186776,  0.63400491,  0.75979439, ...,  0.22320798,
          0.        ,  0.03674845],
        [ 0.98652072,  0.60515803,  0.73538869, ...,  0.1872359 ,
         -0.03674845,  0.        ]],

       [[ 0.        ,  0.91923977, -0.68135966, ..., -0.81476558,
         -0.31879015, -0.75830855],
        [-0.91923977,  0.        , -0.94108647, ..., -0.85373822,
         -0.99678583, -0.89779323],
        [ 0.68135966,  0.94108647,  0.        , ..., -0.20132079,
          0.41247189, -0.11086751],
        ...,
        [ 0.81476558,  0.85373822,  0.20132079, ...,  0.        ,
          0.58742394,  0.09148215],
        [ 0.31879015,  0.99678583, -0.41247189, ..., -0.58742394,
          0.        , -0.51092609],
        [ 0.75830855,  0.89779323,  0.11086751, ..., -0.09148215,
          0.51092609,  0.        ]],

       [[ 0.        , -0.66389468, -0.84222228, ..., -0.97608454,
         -0.97735761, -0.97608454],
        [ 0.66389468,  0.        , -0.27190997, ..., -0.87426641,
         -0.87136978, -0.87426641],
        [ 0.84222228,  0.27190997,  0.        , ..., -0.70932868,
         -0.70513258, -0.70932868],
        ...,
        [ 0.97608454,  0.87426641,  0.70932868, ...,  0.        ,
          0.00593522,  0.        ],
        [ 0.97735761,  0.87136978,  0.70513258, ..., -0.00593522,
          0.        , -0.00593522],
        [ 0.97608454,  0.87426641,  0.70932868, ...,  0.        ,
          0.00593522,  0.        ]],

       ...,

       [[ 0.        ,  0.07850341,  0.31772641, ...,  0.91761187,
          0.77190157,  0.68370672],
        [-0.07850341,  0.        ,  0.2423103 , ...,  0.94598332,
          0.81942728,  0.7388851 ],
        [-0.31772641, -0.2423103 ,  0.        , ...,  0.99635259,
          0.93389555,  0.88014174],
        ...,
        [-0.91761187, -0.94598332, -0.99635259, ...,  0.        ,
          0.27655086,  0.39787546],
        [-0.77190157, -0.81942728, -0.93389555, ..., -0.27655086,
          0.        ,  0.12863936],
        [-0.68370672, -0.7388851 , -0.88014174, ..., -0.39787546,
         -0.12863936,  0.        ]],

       [[ 0.        ,  0.12834595,  0.23167326, ..., -0.91142722,
         -0.91557743, -0.92461027],
        [-0.12834595,  0.        ,  0.10490307, ..., -0.85107982,
         -0.85639184, -0.8680744 ],
        [-0.23167326, -0.10490307,  0.        , ..., -0.79130603,
         -0.79750243, -0.8112073 ],
        ...,
        [ 0.91142722,  0.85107982,  0.79130603, ...,  0.        ,
          0.01020179,  0.03326553],
        [ 0.91557743,  0.85639184,  0.79750243, ..., -0.01020179,
          0.        ,  0.02306766],
        [ 0.92461027,  0.8680744 ,  0.8112073 , ..., -0.03326553,
         -0.02306766,  0.        ]],

       [[ 0.        , -0.7199582 , -0.88957969, ..., -0.51054893,
         -0.50776881, -0.52465075],
        [ 0.7199582 ,  0.        , -0.2885213 , ..., -0.97338498,
         -0.97263962, -0.97702982],
        [ 0.88957969,  0.2885213 ,  0.        , ..., -0.99811249,
         -0.99830565, -0.99696479],
        ...,
        [ 0.51054893,  0.97338498,  0.99811249, ...,  0.        ,
         -0.00323017,  0.016481  ],
        [ 0.50776881,  0.97263962,  0.99830565, ...,  0.00323017,
          0.        ,  0.01971064],
        [ 0.52465075,  0.97702982,  0.99696479, ..., -0.016481  ,
         -0.01971064,  0.        ]]]), 'num': array([ 8.14783942e-01,  5.79725820e-01,  2.11955025e-05, -1.80358926e-08,
        3.55609868e-04,  3.60099081e-04,  3.54327235e-04,  6.64028478e-03,
       -2.24460692e-06,  3.58624054e-04,  3.51874200e-04,  3.53285096e-04,
        1.72662071e-06,  3.67034617e-04,  3.36713784e-04])}
{'img': array([[[ 0.        ,  0.28141   ,  0.0772646 , ..., -0.71777882,
         -0.68947425, -0.78266127],
        [-0.28141   ,  0.        , -0.20642661, ..., -0.88470935,
         -0.86543909, -0.92619512],
        [-0.0772646 ,  0.20642661,  0.        , ..., -0.76943022,
         -0.74337669, -0.82841478],
        ...,
        [ 0.71777882,  0.88470935,  0.76943022, ...,  0.        ,
          0.03983346, -0.09816459],
        [ 0.68947425,  0.86543909,  0.74337669, ..., -0.03983346,
          0.        , -0.13772776],
        [ 0.78266127,  0.92619512,  0.82841478, ...,  0.09816459,
          0.13772776,  0.        ]],

       [[ 0.        , -0.94108647, -0.91362375, ..., -0.99678583,
         -0.89779323, -0.9421686 ],
        [ 0.94108647,  0.        , -0.07365232, ...,  0.41247189,
         -0.11086751,  0.00321439],
        [ 0.91362375,  0.07365232,  0.        , ...,  0.47844668,
         -0.03736813,  0.07685759],
        ...,
        [ 0.99678583, -0.41247189, -0.47844668, ...,  0.        ,
         -0.51092609, -0.40954155],
        [ 0.89779323,  0.11086751,  0.03736813, ...,  0.51092609,
          0.        ,  0.11406151],
        [ 0.9421686 , -0.00321439, -0.07685759, ...,  0.40954155,
         -0.11406151,  0.        ]],

       [[ 0.        , -0.64852421, -0.89164445, ..., -0.99520175,
         -0.99452724, -0.98352671],
        [ 0.64852421,  0.        , -0.38510397, ..., -0.82099591,
         -0.82478446, -0.86588375],
        [ 0.89164445,  0.38510397,  0.        , ..., -0.53780614,
         -0.54341548, -0.60645446],
        ...,
        [ 0.99520175,  0.82099591,  0.53780614, ...,  0.        ,
         -0.00666767, -0.08366321],
        [ 0.99452724,  0.82478446,  0.54341548, ...,  0.00666767,
          0.        , -0.07701706],
        [ 0.98352671,  0.86588375,  0.60645446, ...,  0.08366321,
          0.07701706,  0.        ]],

       ...,

       [[ 0.        ,  0.2423103 , -0.24230804, ...,  0.81942728,
          0.7388851 ,  0.99897151],
        [-0.2423103 ,  0.        , -0.47017627, ...,  0.93389555,
          0.88014174,  0.95821405],
        [ 0.24230804,  0.47017627,  0.        , ...,  0.65612095,
          0.55359109,  0.98018834],
        ...,
        [-0.81942728, -0.93389555, -0.65612095, ...,  0.        ,
          0.12863936, -0.60974838],
        [-0.7388851 , -0.88014174, -0.55359109, ..., -0.12863936,
          0.        , -0.70664118],
        [-0.99897151, -0.95821405, -0.98018834, ...,  0.60974838,
          0.70664118,  0.        ]],

       [[ 0.        ,  0.10490307,  0.19595578, ..., -0.85639184,
         -0.8680744 , -0.87228813],
        [-0.10490307,  0.        ,  0.0920053 , ..., -0.79750243,
         -0.8112073 , -0.81617845],
        [-0.19595578, -0.0920053 ,  0.        , ..., -0.73861159,
         -0.75396568, -0.75955599],
        ...,
        [ 0.85639184,  0.79750243,  0.73861159, ...,  0.        ,
          0.02306766,  0.03161647],
        [ 0.8680744 ,  0.8112073 ,  0.75396568, ..., -0.02306766,
          0.        ,  0.00855193],
        [ 0.87228813,  0.81617845,  0.75955599, ..., -0.03161647,
         -0.00855193,  0.        ]],

       [[ 0.        , -0.6940659 , -0.88740463, ..., -0.54800423,
         -0.5659177 , -0.57108223],
        [ 0.6940659 ,  0.        , -0.31889438, ..., -0.9750837 ,
         -0.97964142, -0.98088239],
        [ 0.88740463,  0.31889438,  0.        , ..., -0.99491749,
         -0.99251433, -0.99172809],
        ...,
        [ 0.54800423,  0.9750837 ,  0.99491749, ...,  0.        ,
          0.0215678 ,  0.02784357],
        [ 0.5659177 ,  0.97964142,  0.99251433, ..., -0.0215678 ,
          0.        ,  0.00627765],
        [ 0.57108223,  0.98088239,  0.99172809, ..., -0.02784357,
         -0.00627765,  0.        ]]]), 'num': array([ 9.99884631e-01,  4.30380118e-04,  8.89985975e-05, -2.92734095e-08,
        4.36442904e-04,  4.46547548e-04,  4.32945143e-04,  1.51339589e-02,
        5.44096230e-06,  4.34344247e-04,  4.26513148e-04,  4.28028845e-04,
        2.74334233e-06,  4.44968400e-04,  4.08057895e-04])}
{'img': array([[[ 0.        , -0.20642661, -0.06336154, ..., -0.86543909,
         -0.92619512, -0.78510519],
        [ 0.20642661,  0.        ,  0.14401496, ..., -0.74337669,
         -0.82841478, -0.64034277],
        [ 0.06336154, -0.14401496,  0.        , ..., -0.83195508,
         -0.90044393, -0.74428387],
        ...,
        [ 0.86543909,  0.74337669,  0.83195508, ...,  0.        ,
         -0.13772776,  0.14267166],
        [ 0.92619512,  0.82841478,  0.90044393, ...,  0.13772776,
          0.        ,  0.27763083],
        [ 0.78510519,  0.64034277,  0.74428387, ..., -0.14267166,
         -0.27763083,  0.        ]],

       [[ 0.        , -0.07531145, -0.44258326, ..., -0.11332785,
          0.00328893,  0.7878072 ],
        [ 0.07531145,  0.        , -0.37379251, ..., -0.03817974,
          0.07859063,  0.83195584],
        [ 0.44258326,  0.37379251,  0.        , ...,  0.33810779,
          0.44553014,  0.97904505],
        ...,
        [ 0.11332785,  0.03817974, -0.33810779, ...,  0.        ,
          0.11659498,  0.85253297],
        [-0.00328893, -0.07859063, -0.44553014, ..., -0.11659498,
          0.        ,  0.78577721],
        [-0.7878072 , -0.83195584, -0.97904505, ..., -0.85253297,
         -0.78577721,  0.        ]],

       [[ 0.        , -0.76017574, -0.81858322, ..., -0.99985635,
         -0.99756941, -0.99640261],
        [ 0.76017574,  0.        , -0.09521207, ..., -0.63673985,
         -0.70110725, -0.7118019 ],
        [ 0.81858322,  0.09521207,  0.        , ..., -0.56043115,
         -0.6300306 , -0.64169311],
        ...,
        [ 0.99985635,  0.63673985,  0.56043115, ...,  0.        ,
         -0.0865778 , -0.10162177],
        [ 0.99756941,  0.70110725,  0.6300306 , ...,  0.0865778 ,
          0.        , -0.0151106 ],
        [ 0.99640261,  0.7118019 ,  0.64169311, ...,  0.10162177,
          0.0151106 ,  0.        ]],

       ...,

       [[ 0.        , -0.47017627, -0.28856179, ...,  0.88014174,
          0.95821405,  0.74353994],
        [ 0.47017627,  0.        ,  0.19549887, ...,  0.55359109,
          0.98018834,  0.34182504],
        [ 0.28856179, -0.19549887,  0.        , ...,  0.70571819,
          0.99999657,  0.51895188],
        ...,
        [-0.88014174, -0.55359109, -0.70571819, ...,  0.        ,
         -0.70664118,  0.23557676],
        [-0.95821405, -0.98018834, -0.99999657, ...,  0.70664118,
          0.        ,  0.85344082],
        [-0.74353994, -0.34182504, -0.51895188, ..., -0.23557676,
         -0.85344082,  0.        ]],

       [[ 0.        ,  0.0920053 ,  0.19274601, ..., -0.8112073 ,
         -0.81617845, -0.81807974],
        [-0.0920053 ,  0.        ,  0.1016484 , ..., -0.75396568,
         -0.75955599, -0.76169718],
        [-0.19274601, -0.1016484 ,  0.        , ..., -0.68328619,
         -0.6895054 , -0.69189051],
        ...,
        [ 0.8112073 ,  0.75396568,  0.68328619, ...,  0.        ,
          0.00855193,  0.01185002],
        [ 0.81617845,  0.75955599,  0.6895054 , ..., -0.00855193,
          0.        ,  0.00329825],
        [ 0.81807974,  0.76169718,  0.69189051, ..., -0.01185002,
         -0.00329825,  0.        ]],

       [[ 0.        , -0.71520513, -0.89475058, ..., -0.60546066,
         -0.61087746, -0.60807235],
        [ 0.71520513,  0.        , -0.3059678 , ..., -0.99237935,
         -0.99319707, -0.99277885],
        [ 0.89475058,  0.3059678 ,  0.        , ..., -0.98248811,
         -0.98119379, -0.98187061],
        ...,
        [ 0.60546066,  0.99237935,  0.98248811, ...,  0.        ,
          0.0068238 ,  0.00328563],
        [ 0.61087746,  0.99319707,  0.98119379, ..., -0.0068238 ,
          0.        , -0.0035382 ],
        [ 0.60807235,  0.99277885,  0.98187061, ..., -0.00328563,
          0.0035382 ,  0.        ]]]), 'num': array([ 8.28934506e-01,  5.59327999e-01,  2.41366614e-05,  1.25363420e-08,
        3.60919020e-04,  3.63503937e-04,  3.58657218e-04,  4.32986503e-03,
       -1.93868766e-06,  3.60531282e-04,  3.54731375e-04,  3.55668407e-04,
        2.06906724e-06,  3.70241247e-04,  3.39221503e-04])}
{'img': array([[[ 0.        ,  0.14401496,  0.2860849 , ..., -0.82841478,
         -0.64034277, -0.72980514],
        [-0.14401496,  0.        ,  0.14510686, ..., -0.90044393,
         -0.74428387, -0.82065387],
        [-0.2860849 , -0.14510686,  0.        , ..., -0.95403106,
         -0.83331792, -0.89488584],
        ...,
        [ 0.82841478,  0.90044393,  0.95403106, ...,  0.        ,
          0.27763083,  0.15757519],
        [ 0.64034277,  0.74428387,  0.83331792, ..., -0.27763083,
          0.        , -0.12278182],
        [ 0.72980514,  0.82065387,  0.89488584, ..., -0.15757519,
          0.12278182,  0.        ]],

       [[ 0.        , -0.37379251, -0.0394057 , ...,  0.07859063,
          0.83195584, -0.31867854],
        [ 0.37379251,  0.        ,  0.33695292, ...,  0.44553014,
          0.97904505,  0.05872575],
        [ 0.0394057 , -0.33695292,  0.        , ...,  0.1178134 ,
          0.85317359, -0.28107983],
        ...,
        [-0.07859063, -0.44553014, -0.1178134 , ...,  0.        ,
          0.78577721, -0.392186  ],
        [-0.83195584, -0.97904505, -0.85317359, ..., -0.78577721,
          0.        , -0.96539623],
        [ 0.31867854, -0.05872575,  0.28107983, ...,  0.392186  ,
          0.96539623,  0.        ]],

       [[ 0.        , -0.41750245, -0.48924549, ..., -0.99179302,
         -0.99397698, -0.99765159],
        [ 0.41750245,  0.        , -0.0804424 , ..., -0.847839  ,
         -0.85744914, -0.87794579],
        [ 0.48924549,  0.0804424 ,  0.        , ..., -0.80243649,
         -0.81327722, -0.83658799],
        ...,
        [ 0.99179302,  0.847839  ,  0.80243649, ...,  0.        ,
         -0.01839417, -0.0596226 ],
        [ 0.99397698,  0.85744914,  0.81327722, ...,  0.01839417,
          0.        , -0.04125107],
        [ 0.99765159,  0.87794579,  0.83658799, ...,  0.0596226 ,
          0.04125107,  0.        ]],

       ...,

       [[ 0.        ,  0.19549887,  0.32276656, ...,  0.98018834,
          0.34182504,  0.79290366],
        [-0.19549887,  0.        ,  0.13150295, ...,  0.99999657,
          0.51895188,  0.89673038],
        [-0.32276656, -0.13150295,  0.        , ...,  0.99165693,
          0.62685436,  0.94714319],
        ...,
        [-0.98018834, -0.99999657, -0.99165693, ...,  0.        ,
          0.85344082,  0.44022621],
        [-0.34182504, -0.51895188, -0.62685436, ..., -0.85344082,
          0.        , -0.53685194],
        [-0.79290366, -0.89673038, -0.94714319, ..., -0.44022621,
          0.53685194,  0.        ]],

       [[ 0.        ,  0.1016484 , -0.33762913, ..., -0.75955599,
         -0.76169718, -0.76796952],
        [-0.1016484 ,  0.        , -0.43155987, ..., -0.6895054 ,
         -0.69189051, -0.69888731],
        [ 0.33762913,  0.43155987,  0.        , ..., -0.93456241,
         -0.93573085, -0.93912061],
        ...,
        [ 0.75955599,  0.6895054 ,  0.93456241, ...,  0.        ,
          0.00329825,  0.01303429],
        [ 0.76169718,  0.69189051,  0.93573085, ..., -0.00329825,
          0.        ,  0.00973625],
        [ 0.76796952,  0.69888731,  0.93912061, ..., -0.01303429,
         -0.00973625,  0.        ]],

       [[ 0.        , -0.71125915, -0.83187972, ..., -0.65593862,
         -0.65300585, -0.6498641 ],
        [ 0.71125915,  0.        , -0.19003559, ..., -0.99794739,
         -0.99769148, -0.99740172],
        [ 0.83187972,  0.19003559,  0.        , ..., -0.99193171,
         -0.99241599, -0.9929165 ],
        ...,
        [ 0.65593862,  0.99794739,  0.99193171, ...,  0.        ,
         -0.00387887, -0.00801975],
        [ 0.65300585,  0.99769148,  0.99241599, ...,  0.00387887,
          0.        , -0.00414094],
        [ 0.6498641 ,  0.99740172,  0.9929165 , ...,  0.00801975,
          0.00414094,  0.        ]]]), 'num': array([ 9.99981790e-01,  2.24699776e-04,  9.00682064e-05,  7.97560636e-09,
        4.35434273e-04,  4.40926237e-04,  4.34257424e-04,  5.90350803e-03,
       -2.74598190e-06,  4.37395689e-04,  4.31256458e-04,  4.31550670e-04,
        2.57988004e-06,  4.49909139e-04,  4.12603776e-04])}
{'img': array([[[ 0.        ,  0.14510686,  0.33632055, ..., -0.74428387,
         -0.82065387, -0.89176828],
        [-0.14510686,  0.        ,  0.19610689, ..., -0.83331792,
         -0.89488584, -0.94798954],
        [-0.33632055, -0.19610689,  0.        , ..., -0.92554371,
         -0.96503096, -0.99200309],
        ...,
        [ 0.74428387,  0.83331792,  0.92554371, ...,  0.        ,
         -0.12278182, -0.25879662],
        [ 0.82065387,  0.89488584,  0.96503096, ...,  0.12278182,
          0.        , -0.13823962],
        [ 0.89176828,  0.94798954,  0.99200309, ...,  0.25879662,
          0.13823962,  0.        ]],

       [[ 0.        ,  0.33695292,  0.09643487, ...,  0.97904505,
          0.05872575,  0.15826411],
        [-0.33695292,  0.        , -0.24458697, ...,  0.85317359,
         -0.28107983, -0.18369717],
        [-0.09643487,  0.24458697,  0.        , ...,  0.95484364,
         -0.03781639,  0.062307  ],
        ...,
        [-0.97904505, -0.85317359, -0.95484364, ...,  0.        ,
         -0.96539623, -0.93447646],
        [-0.05872575,  0.28107983,  0.03781639, ...,  0.96539623,
          0.        ,  0.10000535],
        [-0.15826411,  0.18369717, -0.062307  , ...,  0.93447646,
         -0.10000535,  0.        ]],

       [[ 0.        , -0.27402528,  0.        , ..., -0.98667898,
         -0.99282008, -0.99493923],
        [ 0.27402528,  0.        ,  0.27402528, ..., -0.90433309,
         -0.92203926, -0.92932179],
        [ 0.        , -0.27402528,  0.        , ..., -0.98667898,
         -0.99282008, -0.99493923],
        ...,
        [ 0.98667898,  0.90433309,  0.98667898, ...,  0.        ,
         -0.0434876 , -0.06271615],
        [ 0.99282008,  0.92203926,  0.99282008, ...,  0.0434876 ,
          0.        , -0.01925483],
        [ 0.99493923,  0.92932179,  0.99493923, ...,  0.06271615,
          0.01925483,  0.        ]],

       ...,

       [[ 0.        ,  0.13150295,  0.20449055, ...,  0.51895188,
          0.89673038,  0.84778046],
        [-0.13150295,  0.        ,  0.07399061, ...,  0.62685436,
          0.94714319,  0.91016038],
        [-0.20449055, -0.07399061,  0.        , ...,  0.68278489,
          0.96828403,  0.93831664],
        ...,
        [-0.51895188, -0.62685436, -0.68278489, ...,  0.        ,
         -0.53685194, -0.44946092],
        [-0.89673038, -0.94714319, -0.96828403, ...,  0.53685194,
          0.        ,  0.10037023],
        [-0.84778046, -0.91016038, -0.93831664, ...,  0.44946092,
         -0.10037023,  0.        ]],

       [[ 0.        , -0.43155987, -0.60922184, ..., -0.69189051,
         -0.69888731, -0.70674048],
        [ 0.43155987,  0.        , -0.20734254, ..., -0.93573085,
         -0.93912061, -0.9428564 ],
        [ 0.60922184,  0.20734254,  0.        , ..., -0.98852872,
         -0.98995236, -0.99145303],
        ...,
        [ 0.69189051,  0.93573085,  0.98852872, ...,  0.        ,
          0.00973625,  0.02077457],
        [ 0.69888731,  0.93912061,  0.98995236, ..., -0.00973625,
          0.        ,  0.01103944],
        [ 0.70674048,  0.9428564 ,  0.99145303, ..., -0.02077457,
         -0.01103944,  0.        ]],

       [[ 0.        , -0.56335849, -0.69774435, ..., -0.69909999,
         -0.69584492, -0.74761172],
        [ 0.56335849,  0.        , -0.17292507, ..., -0.98041999,
         -0.97951542, -0.99183289],
        [ 0.69774435,  0.17292507,  0.        , ..., -0.99970198,
         -0.99958078, -0.9989465 ],
        ...,
        [ 0.69909999,  0.98041999,  0.99970198, ...,  0.        ,
         -0.0045423 ,  0.07026275],
        [ 0.69584492,  0.97951542,  0.99958078, ...,  0.0045423 ,
          0.        ,  0.07479309],
        [ 0.74761172,  0.99183289,  0.9989465 , ..., -0.07026275,
