state_0,state_1,state_2,state_3,state_4,state_5,state_6,state_7,state_8,state_9,state_10,state_11,state_12,state_13,state_14,state_15,state_16,state_17,state_18,state_19,state_20,state_21,state_22,state_23,state_24,state_25,state_26,state_27,state_28,state_29,state_30,state_31,state_32,state_33,state_34,state_35,state_36,state_37,state_38,state_39,state_40,state_41,state_42,state_43,state_44,state_45,state_46,state_47,state_48,state_49,state_50,state_51,state_52,state_53,state_54,state_55,state_56,state_57,state_58,state_59,state_60,state_61,state_62,state_63,state_64,state_65,state_66,state_67,state_68,state_69,state_70,state_71,state_72,state_73,state_74,state_75,state_76,state_77,state_78,state_79,state_80,state_81,state_82,state_83,state_84,state_85,state_86,state_87,state_88,state_89,state_90,state_91,state_92,state_93,state_94,state_95,state_96,state_97,state_98,state_99,state_100,state_101,state_102,state_103,state_104,state_105,state_106,state_107,state_108,state_109,state_110,state_111,state_112,state_113,state_114,state_115,state_116,state_117,state_118,state_119,state_120,state_121,state_122,state_123,state_124,state_125,state_126,state_127,state_128,state_129,state_130,state_131,state_132,state_133,state_134,state_135,state_136,state_137,state_138,state_139,state_140,state_141,state_142,state_143,state_144,state_145,state_146,state_147,state_148,state_149,state_150,state_151,state_152,state_153,state_154,state_155,state_156,state_157,state_158,state_159,state_160,state_161,state_162,state_163,state_164,state_165,state_166,state_167,state_168,state_169,state_170,state_171,state_172,state_173,state_174,state_175,state_176,state_177,state_178,state_179,state_180,state_181,state_182,state_183,state_184,state_185,state_186,state_187,state_188,state_189,state_190,state_191,state_192,state_193,state_194,state_195,state_196,state_197,state_198,state_199,state_200,state_201,state_202,state_203,state_204,state_205,state_206,state_207,state_208,state_209,state_210,state_211,state_212,state_213,state_214,state_215,state_216,state_217,state_218,state_219,state_220,state_221,state_222,state_223,state_224,state_225,state_226,state_227,state_228,state_229,state_230,state_231,state_232,state_233,state_234,state_235,state_236,state_237,state_238,state_239,state_240,state_241,state_242,state_243,state_244,state_245,state_246,state_247,state_248,state_249,state_250,state_251,state_252,state_253,state_254,state_255,state_256,state_257,state_258,state_259,state_260,state_261,state_262,state_263,state_264,state_265,state_266,state_267,state_268,state_269,state_270,state_271,state_272,state_273,state_274,state_275,state_276,state_277,state_278,state_279,state_280,state_281,state_282,state_283,state_284,state_285,state_286,state_287
{'img': array([[[ 0.        , -0.12543255, -0.23543746, ...,  0.18663315,
          0.72396227, -0.05751517],
        [ 0.12543255,  0.        , -0.11167143, ...,  0.30838781,
          0.80477286,  0.06816399],
        [ 0.23543746,  0.11167143,  0.        , ...,  0.41268755,
          0.8660254 ,  0.17914934],
        ...,
        [-0.18663315, -0.30838781, -0.41268755, ...,  0.        ,
          0.58249508, -0.24282881],
        [-0.72396227, -0.80477286, -0.8660254 , ..., -0.58249508,
          0.        , -0.76244008],
        [ 0.05751517, -0.06816399, -0.17914934, ...,  0.24282881,
          0.76244008,  0.        ]],

       [[ 0.        ,  0.26782458,  0.2237121 , ...,  0.74543469,
          0.93178422,  0.94867158],
        [-0.26782458,  0.        , -0.04549726, ...,  0.53967609,
          0.80052028,  0.82931144],
        [-0.2237121 ,  0.04549726,  0.        , ...,  0.57742013,
          0.82695808,  0.85387592],
        ...,
        [-0.74543469, -0.53967609, -0.57742013, ...,  0.        ,
          0.35050527,  0.3966109 ],
        [-0.93178422, -0.80052028, -0.82695808, ..., -0.35050527,
          0.        ,  0.04969098],
        [-0.94867158, -0.82931144, -0.85387592, ..., -0.3966109 ,
         -0.04969098,  0.        ]],

       [[ 0.        , -0.11088113, -0.2485321 , ..., -0.60509276,
         -0.20417989,  0.22611053],
        [ 0.11088113,  0.        , -0.13959748, ..., -0.513083  ,
         -0.09437561,  0.33272576],
        [ 0.2485321 ,  0.13959748,  0.        , ..., -0.3882371 ,
          0.04552289,  0.46111154],
        ...,
        [ 0.60509276,  0.513083  ,  0.3882371 , ...,  0.        ,
          0.42978667,  0.76944089],
        [ 0.20417989,  0.09437561, -0.04552289, ..., -0.42978667,
          0.        ,  0.42023912],
        [-0.22611053, -0.33272576, -0.46111154, ..., -0.76944089,
         -0.42023912,  0.        ]],

       ...,

       [[ 0.        ,  0.01407887, -0.05081523, ...,  0.8817026 ,
          0.98683198,  0.70911212],
        [-0.01407887,  0.        , -0.06487088, ...,  0.87497272,
          0.98445693,  0.69911489],
        [ 0.05081523,  0.06487088,  0.        , ...,  0.90453841,
          0.99377636,  0.74402561],
        ...,
        [-0.8817026 , -0.87497272, -0.90453841, ...,  0.        ,
          0.32297861, -0.28712167],
        [-0.98683198, -0.98445693, -0.99377636, ..., -0.32297861,
          0.        , -0.58111306],
        [-0.70911212, -0.69911489, -0.74402561, ...,  0.28712167,
          0.58111306,  0.        ]],

       [[ 0.        , -0.36537679, -0.56152558, ..., -0.9086773 ,
         -0.77162117, -0.66631716],
        [ 0.36537679,  0.        , -0.22036709, ..., -0.69330657,
         -0.48586132, -0.34779786],
        [ 0.56152558,  0.22036709,  0.        , ..., -0.51745708,
         -0.28130865, -0.13263848],
        ...,
        [ 0.9086773 ,  0.69330657,  0.51745708, ...,  0.        ,
          0.25584239,  0.39938512],
        [ 0.77162117,  0.48586132,  0.28130865, ..., -0.25584239,
          0.        ,  0.15154096],
        [ 0.66631716,  0.34779786,  0.13263848, ..., -0.39938512,
         -0.15154096,  0.        ]],

       [[ 0.        ,  0.01622229,  0.20549218, ..., -0.62208078,
         -0.65288075, -0.71765816],
        [-0.01622229,  0.        ,  0.18958905, ..., -0.60929763,
         -0.64050709, -0.70626659],
        [-0.20549218, -0.18958905,  0.        , ..., -0.44791407,
         -0.4832952 , -0.5592386 ],
        ...,
        [ 0.62208078,  0.60929763,  0.44791407, ...,  0.        ,
          0.03997323,  0.12867837],
        [ 0.65288075,  0.64050709,  0.4832952 , ..., -0.03997323,
          0.        ,  0.08893462],
        [ 0.71765816,  0.70626659,  0.5592386 , ..., -0.12867837,
         -0.08893462,  0.        ]]]), 'num': array([7.07103540e-01, 7.07103540e-01, 0.00000000e+00, 0.00000000e+00,
       2.85260080e-04, 2.95930656e-04, 2.67191237e-04, 2.93679876e-03,
       1.45119841e-05, 2.79939019e-04, 2.37334964e-04, 2.21388380e-04,
       1.06136936e-06, 2.94470068e-04, 1.80199859e-04])}
{'img': array([[[ 0.        , -0.11167143, -0.30935211, ...,  0.80477286,
          0.06816399,  0.50728503],
        [ 0.11167143,  0.        , -0.20122349, ...,  0.8660254 ,
          0.17914934,  0.60034807],
        [ 0.30935211,  0.20122349,  0.        , ...,  0.94892291,
          0.37345298,  0.74899441],
        ...,
        [-0.80477286, -0.8660254 , -0.94892291, ...,  0.        ,
         -0.76244008, -0.3924201 ],
        [-0.06816399, -0.17914934, -0.37345298, ...,  0.76244008,
          0.        ,  0.4473629 ],
        [-0.50728503, -0.60034807, -0.74899441, ...,  0.3924201 ,
         -0.4473629 ,  0.        ]],

       [[ 0.        , -0.04549726,  0.36684581, ...,  0.80052028,
          0.82931144,  0.75702087],
        [ 0.04549726,  0.        ,  0.4087912 , ...,  0.82695808,
          0.85387592,  0.78596443],
        [-0.36684581, -0.4087912 ,  0.        , ...,  0.52485664,
          0.56650475,  0.46454906],
        ...,
        [-0.80052028, -0.82695808, -0.52485664, ...,  0.        ,
          0.04969098, -0.06936561],
        [-0.82931144, -0.85387592, -0.56650475, ..., -0.04969098,
          0.        , -0.11885121],
        [-0.75702087, -0.78596443, -0.46454906, ...,  0.06936561,
          0.11885121,  0.        ]],

       [[ 0.        , -0.09513748, -0.24628442, ..., -0.0624141 ,
          0.11619579,  0.51807977],
        [ 0.09513748,  0.        , -0.15296029, ...,  0.032821  ,
          0.21016179,  0.597104  ],
        [ 0.24628442,  0.15296029,  0.        , ...,  0.18531265,
          0.35723285,  0.71277669],
        ...,
        [ 0.0624141 , -0.032821  , -0.18531265, ...,  0.        ,
          0.17796057,  0.57045449],
        [-0.11619579, -0.21016179, -0.35723285, ..., -0.17796057,
          0.        ,  0.41518446],
        [-0.51807977, -0.597104  , -0.71277669, ..., -0.57045449,
         -0.41518446,  0.        ]],

       ...,

       [[ 0.        , -0.06487088, -0.26555953, ...,  0.98445693,
          0.69911489,  0.75744057],
        [ 0.06487088,  0.        , -0.20245851, ...,  0.99377636,
          0.74402561,  0.79819962],
        [ 0.26555953,  0.20245851,  0.        , ...,  0.99574868,
          0.86389034,  0.90362917],
        ...,
        [-0.98445693, -0.99377636, -0.99574868, ...,  0.        ,
         -0.58111306, -0.50972961],
        [-0.69911489, -0.74402561, -0.86389034, ...,  0.58111306,
          0.        ,  0.08512211],
        [-0.75744057, -0.79819962, -0.90362917, ...,  0.50972961,
         -0.08512211,  0.        ]],

       [[ 0.        , -0.45026077, -0.5857586 , ..., -0.71933122,
         -0.58893912, -0.26971152],
        [ 0.45026077,  0.        , -0.1580923 , ..., -0.32950735,
         -0.16197146,  0.19274999],
        [ 0.5857586 ,  0.1580923 ,  0.        , ..., -0.17610026,
         -0.00392979,  0.34545377],
        ...,
        [ 0.71933122,  0.32950735,  0.17610026, ...,  0.        ,
          0.17223052,  0.50531388],
        [ 0.58893912,  0.16197146,  0.00392979, ..., -0.17223052,
          0.        ,  0.34913896],
        [ 0.26971152, -0.19274999, -0.34545377, ..., -0.50531388,
         -0.34913896,  0.        ]],

       [[ 0.        ,  0.18958905, -0.02157063, ..., -0.64050709,
         -0.70626659, -0.76107204],
        [-0.18958905,  0.        , -0.21072436, ..., -0.4832952 ,
         -0.5592386 , -0.62428865],
        [ 0.02157063,  0.21072436,  0.        , ..., -0.65692327,
         -0.72137311, -0.77488712],
        ...,
        [ 0.64050709,  0.4832952 ,  0.65692327, ...,  0.        ,
          0.08893462,  0.16899095],
        [ 0.70626659,  0.5592386 ,  0.72137311, ..., -0.08893462,
          0.        ,  0.08066579],
        [ 0.76107204,  0.62428865,  0.77488712, ..., -0.16899095,
         -0.08066579,  0.        ]]]), 'num': array([ 9.54752504e-01,  2.97391180e-01,  3.41486402e-05, -1.95631322e-10,
        3.80417433e-04,  4.00179377e-04,  3.77650761e-04,  2.25823693e-03,
       -1.58095557e-05,  3.88638402e-04,  3.34451150e-04,  3.07647366e-04,
        1.33397713e-06,  4.13918094e-04,  2.54984206e-04])}
{'img': array([[[ 0.        , -0.20122349, -0.12513418, ...,  0.17914934,
          0.60034807,  0.2571475 ],
        [ 0.20122349,  0.        ,  0.07706724, ...,  0.37345298,
          0.74899441,  0.44634443],
        [ 0.12513418, -0.07706724,  0.        , ...,  0.30085094,
          0.6957039 ,  0.37605247],
        ...,
        [-0.17914934, -0.37345298, -0.30085094, ...,  0.        ,
          0.4473629 ,  0.07986241],
        [-0.60034807, -0.74899441, -0.6957039 , ..., -0.4473629 ,
          0.        , -0.37450883],
        [-0.2571475 , -0.44634443, -0.37605247, ..., -0.07986241,
          0.37450883,  0.        ]],

       [[ 0.        ,  0.4087912 ,  0.00102917, ...,  0.85387592,
          0.78596443,  0.47361264],
        [-0.4087912 ,  0.        , -0.40785173, ...,  0.56650475,
          0.46454906,  0.07219613],
        [-0.00102917,  0.40785173,  0.        , ...,  0.85333981,
          0.78532771,  0.47270597],
        ...,
        [-0.85387592, -0.56650475, -0.85333981, ...,  0.        ,
         -0.11885121, -0.5055326 ],
        [-0.78596443, -0.46454906, -0.78532771, ...,  0.11885121,
          0.        , -0.39940371],
        [-0.47361264, -0.07219613, -0.47270597, ...,  0.5055326 ,
          0.39940371,  0.        ]],

       [[ 0.        , -0.15296029, -0.25026521, ...,  0.21016179,
          0.597104  ,  0.53223437],
        [ 0.15296029,  0.        , -0.09922749, ...,  0.35723285,
          0.71277669,  0.65546695],
        [ 0.25026521,  0.09922749,  0.        , ...,  0.44814982,
          0.77885625,  0.72717104],
        ...,
        [-0.21016179, -0.35723285, -0.44814982, ...,  0.        ,
          0.41518446,  0.34242543],
        [-0.597104  , -0.71277669, -0.77885625, ..., -0.41518446,
          0.        , -0.07856733],
        [-0.53223437, -0.65546695, -0.72717104, ..., -0.34242543,
          0.07856733,  0.        ]],

       ...,

       [[ 0.        , -0.20245851, -0.19902629, ...,  0.74402561,
          0.79819962,  0.62521281],
        [ 0.20245851,  0.        ,  0.00350354, ...,  0.86389034,
          0.90362917,  0.7702748 ],
        [ 0.19902629, -0.00350354,  0.        , ...,  0.86212038,
          0.90212301,  0.76803582],
        ...,
        [-0.74402561, -0.86389034, -0.86212038, ...,  0.        ,
          0.08512211, -0.16294137],
        [-0.79819962, -0.90362917, -0.90212301, ..., -0.08512211,
          0.        , -0.24633449],
        [-0.62521281, -0.7702748 , -0.76803582, ...,  0.16294137,
          0.24633449,  0.        ]],

       [[ 0.        , -0.13739877, -0.26277154, ..., -0.14088569,
          0.14734604,  0.52743282],
        [ 0.13739877,  0.        , -0.12770905, ..., -0.00352116,
          0.28184765,  0.63916409],
        [ 0.26277154,  0.12770905,  0.        , ...,  0.12421593,
          0.40207141,  0.73214766],
        ...,
        [ 0.14088569,  0.00352116, -0.12421593, ...,  0.        ,
          0.28522431,  0.64186816],
        [-0.14734604, -0.28184765, -0.40207141, ..., -0.28522431,
          0.        ,  0.39649117],
        [-0.52743282, -0.63916409, -0.73214766, ..., -0.64186816,
         -0.39649117,  0.        ]],

       [[ 0.        , -0.21072436, -0.19142445, ..., -0.5592386 ,
         -0.62428865, -0.71190599],
        [ 0.21072436,  0.        ,  0.01970139, ..., -0.72137311,
         -0.77488712, -0.84390691],
        [ 0.19142445, -0.01970139,  0.        , ..., -0.70758896,
         -0.76228348, -0.83317353],
        ...,
        [ 0.5592386 ,  0.72137311,  0.70758896, ...,  0.        ,
          0.08066579,  0.1974357 ],
        [ 0.62428865,  0.77488712,  0.76228348, ..., -0.08066579,
          0.        ,  0.11771435],
        [ 0.71190599,  0.84390691,  0.83317353, ..., -0.1974357 ,
         -0.11771435,  0.        ]]]), 'num': array([ 8.76007416e-01,  4.82291985e-01,  2.07327768e-05, -5.16318821e-08,
        3.46580485e-04,  3.54975799e-04,  3.33439992e-04,  2.14000217e-03,
       -4.74517778e-06,  3.56508857e-04,  3.12643338e-04,  2.84275692e-04,
        1.19608056e-06,  3.85648854e-04,  2.39637822e-04])}
{'img': array([[[ 0.        ,  0.07706724, -0.17519174, ...,  0.74899441,
          0.44634443,  0.36048055],
        [-0.07706724,  0.        , -0.25054604, ...,  0.6957039 ,
          0.37605247,  0.28752269],
        [ 0.17519174,  0.25054604,  0.        , ...,  0.85348861,
          0.59621371,  0.5183185 ],
        ...,
        [-0.74899441, -0.6957039 , -0.85348861, ...,  0.        ,
         -0.37450883, -0.45979119],
        [-0.44634443, -0.37605247, -0.59621371, ...,  0.37450883,
          0.        , -0.09375516],
        [-0.36048055, -0.28752269, -0.5183185 , ...,  0.45979119,
          0.09375516,  0.        ]],

       [[ 0.        , -0.40785173, -0.26628044, ...,  0.46454906,
          0.07219613,  0.08733437],
        [ 0.40785173,  0.        ,  0.14999962, ...,  0.78532771,
          0.47270597,  0.48603385],
        [ 0.26628044, -0.14999962,  0.        , ...,  0.68358075,
          0.3351751 ,  0.34944422],
        ...,
        [-0.46454906, -0.78532771, -0.68358075, ...,  0.        ,
         -0.39940371, -0.38543532],
        [-0.07219613, -0.47270597, -0.3351751 , ...,  0.39940371,
          0.        ,  0.0151862 ],
        [-0.08733437, -0.48603385, -0.34944422, ...,  0.38543532,
         -0.0151862 ,  0.        ]],

       [[ 0.        , -0.09922749, -0.24982419, ...,  0.71277669,
          0.65546695,  0.47596506],
        [ 0.09922749,  0.        , -0.15251015, ...,  0.77885625,
          0.72717104,  0.56088309],
        [ 0.24982419,  0.15251015,  0.        , ...,  0.86539986,
          0.82335608,  0.68058421],
        ...,
        [-0.71277669, -0.77885625, -0.86539986, ...,  0.        ,
         -0.07856733, -0.29302395],
        [-0.65546695, -0.72717104, -0.82335608, ...,  0.07856733,
          0.        , -0.21699954],
        [-0.47596506, -0.56088309, -0.68058421, ...,  0.29302395,
          0.21699954,  0.        ]],

       ...,

       [[ 0.        ,  0.00350354, -0.06088185, ...,  0.90362917,
          0.7702748 ,  0.72950174],
        [-0.00350354,  0.        , -0.06437852, ...,  0.90212301,
          0.76803582,  0.72710092],
        [ 0.06088185,  0.06437852,  0.        , ...,  0.92802957,
          0.80767102,  0.7697904 ],
        ...,
        [-0.90362917, -0.90212301, -0.92802957, ...,  0.        ,
         -0.24633449, -0.30560631],
        [-0.7702748 , -0.76803582, -0.80767102, ...,  0.24633449,
          0.        , -0.06163966],
        [-0.72950174, -0.72710092, -0.7697904 , ...,  0.30560631,
          0.06163966,  0.        ]],

       [[ 0.        , -0.11541846, -0.04021594, ...,  0.23624902,
          0.41270457,  0.69764312],
        [ 0.11541846,  0.        ,  0.07537792, ...,  0.34682142,
          0.51507708,  0.77567177],
        [ 0.04021594, -0.07537792,  0.        , ...,  0.27513543,
          0.44900199,  0.72589126],
        ...,
        [-0.23624902, -0.34682142, -0.27513543, ...,  0.        ,
          0.185831  ,  0.50863508],
        [-0.41270457, -0.51507708, -0.44900199, ..., -0.185831  ,
          0.        ,  0.33977835],
        [-0.69764312, -0.77567177, -0.72589126, ..., -0.50863508,
         -0.33977835,  0.        ]],

       [[ 0.        ,  0.08933991, -0.40180631, ..., -0.69393813,
         -0.77427153, -0.83471342],
        [-0.08933991,  0.        , -0.48201032, ..., -0.62683538,
         -0.7146363 , -0.78217745],
        [ 0.40180631,  0.48201032,  0.        , ..., -0.92477073,
         -0.96330409, -0.98563622],
        ...,
        [ 0.69393813,  0.62683538,  0.92477073, ...,  0.        ,
          0.11834112,  0.21888154],
        [ 0.77427153,  0.7146363 ,  0.96330409, ..., -0.11834112,
          0.        ,  0.10187194],
        [ 0.83471342,  0.78217745,  0.98563622, ..., -0.21888154,
         -0.10187194,  0.        ]]]), 'num': array([ 8.67478750e-01,  4.97465075e-01,  1.86781260e-05, -6.08742061e-08,
        3.51724026e-04,  3.61311657e-04,  3.27754948e-04,  2.87469142e-03,
        1.45589955e-05,  3.44906155e-04,  3.08517543e-04,  2.77150602e-04,
        1.17188580e-06,  3.79959963e-04,  2.37075124e-04])}
{'img': array([[[ 0.        , -0.25054604, -0.22952679, ...,  0.37605247,
          0.28752269,  0.58801462],
        [ 0.25054604,  0.        ,  0.02165109, ...,  0.59621371,
          0.5183185 ,  0.77191394],
        [ 0.22952679, -0.02165109,  0.        , ...,  0.5786919 ,
          0.49968126,  0.75796882],
        ...,
        [-0.37605247, -0.59621371, -0.5786919 , ...,  0.        ,
         -0.09375516,  0.24068323],
        [-0.28752269, -0.5183185 , -0.49968126, ...,  0.09375516,
          0.        ,  0.3306222 ],
        [-0.58801462, -0.77191394, -0.75796882, ..., -0.24068323,
         -0.3306222 ,  0.        ]],

       [[ 0.        ,  0.14999962,  0.13460974, ...,  0.47270597,
          0.48603385,  0.65671075],
        [-0.14999962,  0.        , -0.01554766, ...,  0.3351751 ,
          0.34944422,  0.53615967],
        [-0.13460974,  0.01554766,  0.        , ...,  0.3497829 ,
          0.36396947,  0.54921889],
        ...,
        [-0.47270597, -0.3351751 , -0.3497829 , ...,  0.        ,
          0.0151862 ,  0.22221911],
        [-0.48603385, -0.34944422, -0.36396947, ..., -0.0151862 ,
          0.        ,  0.20738698],
        [-0.65671075, -0.53615967, -0.54921889, ..., -0.22221911,
         -0.20738698,  0.        ]],

       [[ 0.        , -0.15251015, -0.26101852, ...,  0.72717104,
          0.56088309,  0.47689851],
        [ 0.15251015,  0.        , -0.1107419 , ...,  0.82335608,
          0.68058421,  0.60536978],
        [ 0.26101852,  0.1107419 ,  0.        , ...,  0.88114059,
          0.75753533,  0.68979066],
        ...,
        [-0.72717104, -0.82335608, -0.88114059, ...,  0.        ,
         -0.21699954, -0.31178307],
        [-0.56088309, -0.68058421, -0.75753533, ...,  0.21699954,
          0.        , -0.09817098],
        [-0.47689851, -0.60536978, -0.68979066, ...,  0.31178307,
          0.09817098,  0.        ]],

       ...,

       [[ 0.        , -0.06437852, -0.04387054, ...,  0.76803582,
          0.72710092,  0.73695425],
        [ 0.06437852,  0.        ,  0.02053701, ...,  0.80767102,
          0.7697904 ,  0.77894166],
        [ 0.04387054, -0.02053701,  0.        , ...,  0.79539137,
          0.75651935,  0.7658987 ],
        ...,
        [-0.76803582, -0.80767102, -0.79539137, ...,  0.        ,
         -0.06163966, -0.04719757],
        [-0.72710092, -0.7697904 , -0.75651935, ...,  0.06163966,
          0.        ,  0.01446315],
        [-0.73695425, -0.77894166, -0.7658987 , ...,  0.04719757,
         -0.01446315,  0.        ]],

       [[ 0.        ,  0.06730395,  0.07662686, ...,  0.42298372,
          0.53292368,  0.82611459],
        [-0.06730395,  0.        ,  0.00934705, ...,  0.36103799,
          0.47476516,  0.78631547],
        [-0.07662686, -0.00934705,  0.        , ...,  0.35230562,
          0.46651796,  0.78050628],
        ...,
        [-0.42298372, -0.36103799, -0.35230562, ...,  0.        ,
          0.12498872,  0.51022099],
        [-0.53292368, -0.47476516, -0.46651796, ..., -0.12498872,
          0.        ,  0.39872421],
        [-0.82611459, -0.78631547, -0.78050628, ..., -0.51022099,
         -0.39872421,  0.        ]],

       [[ 0.        , -0.48201032, -0.61453375, ..., -0.7146363 ,
         -0.78217745, -0.83623524],
        [ 0.48201032,  0.        , -0.15817991, ..., -0.96330409,
         -0.98563622, -0.99700092],
        [ 0.61453375,  0.15817991,  0.        , ..., -0.99363384,
         -0.99994116, -0.99669048],
        ...,
        [ 0.7146363 ,  0.96330409,  0.99363384, ...,  0.        ,
          0.10187194,  0.19305766],
        [ 0.78217745,  0.98563622,  0.99994116, ..., -0.10187194,
          0.        ,  0.09209782],
        [ 0.83623524,  0.99700092,  0.99669048, ..., -0.19305766,
         -0.09209782,  0.        ]]]), 'num': array([ 8.94569829e-01,  4.46921504e-01,  2.28859062e-05, -3.12142354e-08,
        3.60425382e-04,  3.72218442e-04,  3.58582717e-04,  2.24812568e-03,
       -4.60666388e-06,  3.59909436e-04,  3.24779017e-04,  2.88097688e-04,
        1.17698187e-06,  3.96931972e-04,  2.52626062e-04])}
{'img': array([[[ 0.        ,  0.02165109, -0.05651115, ...,  0.5183185 ,
          0.77191394,  0.69175319],
        [-0.02165109,  0.        , -0.07811439, ...,  0.49968126,
          0.75796882,  0.67595605],
        [ 0.05651115,  0.07811439,  0.        , ...,  0.56581785,
          0.80660607,  0.73145637],
        ...,
        [-0.5183185 , -0.49968126, -0.56581785, ...,  0.        ,
          0.3306222 ,  0.21728338],
        [-0.77191394, -0.75796882, -0.80660607, ..., -0.3306222 ,
          0.        , -0.1176591 ],
        [-0.69175319, -0.67595605, -0.73145637, ..., -0.21728338,
          0.1176591 ,  0.        ]],

       [[ 0.        , -0.01554766, -0.10208549, ...,  0.34944422,
          0.53615967,  0.37161608],
        [ 0.01554766,  0.        , -0.08660672, ...,  0.36396947,
          0.54921889,  0.38600539],
        [ 0.10208549,  0.08660672,  0.        , ...,  0.44326833,
          0.61953063,  0.46444941],
        ...,
        [-0.34944422, -0.36396947, -0.44326833, ...,  0.        ,
          0.20738698,  0.02376905],
        [-0.53615967, -0.54921889, -0.61953063, ..., -0.20738698,
          0.        , -0.1840761 ],
        [-0.37161608, -0.38600539, -0.46444941, ..., -0.02376905,
          0.1840761 ,  0.        ]],

       [[ 0.        , -0.1107419 , -0.2112527 , ...,  0.68058421,
          0.60536978,  0.67904217],
        [ 0.1107419 ,  0.        , -0.10171071, ...,  0.75753533,
          0.68979066,  0.75616106],
        [ 0.2112527 ,  0.10171071,  0.        , ...,  0.82000292,
          0.75985288,  0.81879764],
        ...,
        [-0.68058421, -0.75753533, -0.82000292, ...,  0.        ,
         -0.09817098, -0.00210264],
        [-0.60536978, -0.68979066, -0.75985288, ...,  0.09817098,
          0.        ,  0.09607827],
        [-0.67904217, -0.75616106, -0.81879764, ...,  0.00210264,
         -0.09607827,  0.        ]],

       ...,

       [[ 0.        ,  0.02053701,  0.11558631, ...,  0.7697904 ,
          0.77894166,  0.7365522 ],
        [-0.02053701,  0.        ,  0.09516258, ...,  0.75651935,
          0.7658987 ,  0.72250602],
        [-0.11558631, -0.09516258,  0.        , ...,  0.69085247,
          0.701237  ,  0.65343507],
        ...,
        [-0.7697904 , -0.75651935, -0.69085247, ...,  0.        ,
          0.01446315, -0.0505325 ],
        [-0.77894166, -0.7658987 , -0.701237  , ..., -0.01446315,
          0.        , -0.06497188],
        [-0.7365522 , -0.72250602, -0.65343507, ...,  0.0505325 ,
          0.06497188,  0.        ]],

       [[ 0.        ,  0.00885411,  0.03798061, ...,  0.43075543,
          0.60954526,  0.81209371],
        [-0.00885411,  0.        ,  0.0291314 , ...,  0.42274799,
          0.60250226,  0.80689526],
        [-0.03798061, -0.0291314 ,  0.        , ...,  0.39616832,
          0.57899629,  0.78934505],
        ...,
        [-0.43075543, -0.42274799, -0.39616832, ...,  0.        ,
          0.20861361,  0.48153171],
        [-0.60954526, -0.60250226, -0.57899629, ..., -0.20861361,
          0.        ,  0.28810217],
        [-0.81209371, -0.80689526, -0.78934505, ..., -0.48153171,
         -0.28810217,  0.        ]],

       [[ 0.        , -0.42120708, -0.60121508, ..., -0.80136484,
         -0.85504031, -0.92052857],
        [ 0.42120708,  0.        , -0.20869952, ..., -0.97876538,
         -0.99391299, -0.99944191],
        [ 0.60121508,  0.20869952,  0.        , ..., -0.99999279,
         -0.99501882, -0.97046249],
        ...,
        [ 0.80136484,  0.97876538,  0.99999279, ...,  0.        ,
          0.09590751,  0.23756459],
        [ 0.85504031,  0.99391299,  0.99501882, ..., -0.09590751,
          0.        ,  0.14330764],
        [ 0.92052857,  0.99944191,  0.97046249, ..., -0.23756459,
         -0.14330764,  0.        ]]]), 'num': array([ 9.17400471e-01,  3.97959474e-01,  2.67615145e-05, -4.40266382e-08,
        3.68397870e-04,  3.81493930e-04,  3.57769183e-04,  1.90895008e-03,
       -2.84696963e-06,  3.68283991e-04,  3.39026633e-04,  2.97460877e-04,
        1.28403401e-06,  4.10036940e-04,  2.68016326e-04])}
{'img': array([[[ 0.        , -0.07811439, -0.16841161, ...,  0.75796882,
          0.67595605,  0.62840334],
        [ 0.07811439,  0.        , -0.09089835, ...,  0.80660607,
          0.73145637,  0.68724742],
        [ 0.16841161,  0.09089835,  0.        , ...,  0.85699591,
          0.79041079,  0.75043302],
        ...,
        [-0.75796882, -0.80660607, -0.85699591, ...,  0.        ,
         -0.1176591 , -0.17971289],
        [-0.67595605, -0.73145637, -0.79041079, ...,  0.1176591 ,
          0.        , -0.06272111],
        [-0.62840334, -0.68724742, -0.75043302, ...,  0.17971289,
          0.06272111,  0.        ]],

       [[ 0.        , -0.08660672,  0.00772494, ...,  0.54921889,
          0.38600539,  0.28099251],
        [ 0.08660672,  0.        ,  0.09430005, ...,  0.61953063,
          0.46444941,  0.36305403],
        [-0.00772494, -0.09430005,  0.        , ...,  0.54274694,
          0.37886764,  0.27357042],
        ...,
        [-0.54921889, -0.61953063, -0.54274694, ...,  0.        ,
         -0.1840761 , -0.29227144],
        [-0.38600539, -0.46444941, -0.37886764, ...,  0.1840761 ,
          0.        , -0.11123861],
        [-0.28099251, -0.36305403, -0.27357042, ...,  0.29227144,
          0.11123861,  0.        ]],

       [[ 0.        , -0.10171071, -0.17737822, ...,  0.68979066,
          0.75616106,  0.67717328],
        [ 0.10171071,  0.        , -0.07636048, ...,  0.75985288,
          0.81879764,  0.74850261],
        [ 0.17737822,  0.07636048,  0.        , ...,  0.80727589,
          0.86024418,  0.79695425],
        ...,
        [-0.68979066, -0.75985288, -0.80727589, ...,  0.        ,
          0.09607827, -0.01728478],
        [-0.75616106, -0.81879764, -0.86024418, ..., -0.09607827,
          0.        , -0.11326874],
        [-0.67717328, -0.74850261, -0.79695425, ...,  0.01728478,
          0.11326874,  0.        ]],

       ...,

       [[ 0.        ,  0.09516258, -0.13938393, ...,  0.7658987 ,
          0.72250602,  0.7982992 ],
        [-0.09516258,  0.        , -0.23298501, ...,  0.701237  ,
          0.65343507,  0.7373636 ],
        [ 0.13938393,  0.23298501,  0.        , ...,  0.84804078,
          0.81181834,  0.87445205],
        ...,
        [-0.7658987 , -0.701237  , -0.84804078, ...,  0.        ,
         -0.06497188,  0.0520045 ],
        [-0.72250602, -0.65343507, -0.81181834, ...,  0.06497188,
          0.        ,  0.11677859],
        [-0.7982992 , -0.7373636 , -0.87445205, ..., -0.0520045 ,
         -0.11677859,  0.        ]],

       [[ 0.        ,  0.02846396,  0.06293649, ...,  0.57039169,
          0.69147963,  0.81756996],
        [-0.02846396,  0.        ,  0.03450346, ...,  0.54678105,
          0.67063721,  0.80084832],
        [-0.06293649, -0.03450346,  0.        , ...,  0.51756658,
          0.64464373,  0.77970848],
        ...,
        [-0.57039169, -0.54678105, -0.51756658, ...,  0.        ,
          0.15591393,  0.34308152],
        [-0.69147963, -0.67063721, -0.64464373, ..., -0.15591393,
          0.        ,  0.19243501],
        [-0.81756996, -0.80084832, -0.77970848, ..., -0.34308152,
         -0.19243501,  0.        ]],

       [[ 0.        , -0.46203878, -0.65022153, ..., -0.8688511 ,
         -0.93258595, -0.97845227],
        [ 0.46203878,  0.        , -0.22562378, ..., -0.9992922 ,
         -0.99384488, -0.9631485 ],
        [ 0.65022153,  0.22562378,  0.        , ..., -0.98201244,
         -0.94322335, -0.87762717],
        ...,
        [ 0.8688511 ,  0.9992922 ,  0.98201244, ...,  0.        ,
          0.14808854,  0.30501138],
        [ 0.93258595,  0.99384488,  0.94322335, ..., -0.14808854,
          0.        ,  0.16061643],
        [ 0.97845227,  0.9631485 ,  0.87762717, ..., -0.30501138,
         -0.16061643,  0.        ]]]), 'num': array([ 8.66028839e-01,  4.99991812e-01,  1.95741726e-05, -5.03774043e-08,
        3.40499560e-04,  3.53427618e-04,  3.37404109e-04,  1.16026591e-03,
       -1.29280582e-05,  3.51315428e-04,  3.28782369e-04,  2.85819336e-04,
        1.22021263e-06,  3.92215448e-04,  2.65349290e-04])}
{'img': array([[[ 0.        , -0.09089835, -0.11749417, ...,  0.73145637,
          0.68724742,  0.48347158],
        [ 0.09089835,  0.        , -0.02673902, ...,  0.79041079,
          0.75043302,  0.56103888],
        [ 0.11749417,  0.02673902,  0.        , ...,  0.80650789,
          0.76783776,  0.58297255],
        ...,
        [-0.73145637, -0.79041079, -0.80650789, ...,  0.        ,
         -0.06272111, -0.31061411],
        [-0.68724742, -0.75043302, -0.76783776, ...,  0.06272111,
          0.        , -0.25038386],
        [-0.48347158, -0.56103888, -0.58297255, ...,  0.31061411,
          0.25038386,  0.        ]],

       [[ 0.        ,  0.09430005, -0.07327933, ...,  0.46444941,
          0.36305403,  0.14008176],
        [-0.09430005,  0.        , -0.16699931, ...,  0.37886764,
          0.27357042,  0.04608728],
        [ 0.07327933,  0.16699931,  0.        , ...,  0.52809687,
          0.43035729,  0.21226194],
        ...,
        [-0.46444941, -0.37886764, -0.52809687, ...,  0.        ,
         -0.11123861, -0.33581355],
        [-0.36305403, -0.27357042, -0.43035729, ...,  0.11123861,
          0.        , -0.22895058],
        [-0.14008176, -0.04608728, -0.21226194, ...,  0.33581355,
          0.22895058,  0.        ]],

       [[ 0.        , -0.07636048, -0.17373465, ...,  0.81879764,
          0.74850261,  0.69464073],
        [ 0.07636048,  0.        , -0.09802817, ...,  0.86024418,
          0.79695425,  0.747543  ],
        [ 0.17373465,  0.09802817,  0.        , ...,  0.90608376,
          0.85232874,  0.80905419],
        ...,
        [-0.81879764, -0.86024418, -0.90608376, ...,  0.        ,
         -0.11326874, -0.19022678],
        [-0.74850261, -0.79695425, -0.85232874, ...,  0.11326874,
          0.        , -0.07780208],
        [-0.69464073, -0.747543  , -0.80905419, ...,  0.19022678,
          0.07780208,  0.        ]],

       ...,

       [[ 0.        , -0.23298501, -0.90025007, ...,  0.65343507,
          0.7373636 ,  0.72345218],
        [ 0.23298501,  0.        , -0.77404005, ...,  0.81181834,
          0.87445205,  0.86438992],
        [ 0.90025007,  0.77404005,  0.        , ...,  0.96596172,
          0.92914371,  0.93648137],
        ...,
        [-0.65343507, -0.81181834, -0.96596172, ...,  0.        ,
          0.11677859,  0.09652579],
        [-0.7373636 , -0.87445205, -0.92914371, ..., -0.11677859,
          0.        , -0.02036793],
        [-0.72345218, -0.86438992, -0.93648137, ..., -0.09652579,
          0.02036793,  0.        ]],

       [[ 0.        ,  0.03450346,  0.04767322, ...,  0.67063721,
          0.80084832,  0.66951094],
        [-0.03450346,  0.        ,  0.0131806 , ...,  0.64464373,
          0.77970848,  0.64348305],
        [-0.04767322, -0.0131806 ,  0.        , ...,  0.63451139,
          0.77138781,  0.63333792],
        ...,
        [-0.67063721, -0.64464373, -0.63451139, ...,  0.        ,
          0.19243501, -0.00151729],
        [-0.80084832, -0.77970848, -0.77138781, ..., -0.19243501,
          0.        , -0.19392372],
        [-0.66951094, -0.64348305, -0.63333792, ...,  0.00151729,
          0.19392372,  0.        ]],

       [[ 0.        , -0.50131846, -0.66847238, ..., -0.9465255 ,
         -0.98729605, -0.99978147],
        [ 0.50131846,  0.        , -0.20555525, ..., -0.98073323,
         -0.93392584, -0.8545938 ],
        [ 0.66847238,  0.20555525,  0.        , ..., -0.91963458,
         -0.84050315, -0.72960015],
        ...,
        [ 0.9465255 ,  0.98073323,  0.91963458, ...,  0.        ,
          0.16813548,  0.34234544],
        [ 0.98729605,  0.93392584,  0.84050315, ..., -0.16813548,
          0.        ,  0.17949602],
        [ 0.99978147,  0.8545938 ,  0.72960015, ..., -0.34234544,
         -0.17949602,  0.        ]]]), 'num': array([ 8.35446713e-01,  5.49567676e-01,  1.60696479e-05, -7.70999482e-08,
        3.17996703e-04,  3.44451741e-04,  3.16030451e-04,  1.82230522e-03,
       -1.62662732e-05,  3.40590736e-04,  3.24824963e-04,  2.80837505e-04,
        1.03052361e-06,  3.83484860e-04,  2.66165066e-04])}
