state_0,state_1,state_2,state_3,state_4,state_5,state_6,state_7,state_8,state_9,state_10,state_11,state_12,state_13,state_14,state_15,state_16,state_17,state_18,state_19,state_20,state_21,state_22,state_23,state_24,state_25,state_26,state_27,state_28,state_29,state_30,state_31,state_32,state_33,state_34,state_35,state_36,state_37,state_38,state_39,state_40,state_41,state_42,state_43,state_44,state_45,state_46,state_47,state_48,state_49,state_50,state_51,state_52,state_53,state_54,state_55,state_56,state_57,state_58,state_59,state_60,state_61,state_62,state_63,state_64,state_65,state_66,state_67,state_68,state_69,state_70,state_71,state_72,state_73,state_74,state_75,state_76,state_77,state_78,state_79,state_80,state_81,state_82,state_83,state_84,state_85,state_86,state_87,state_88,state_89,state_90,state_91,state_92,state_93,state_94,state_95,state_96,state_97,state_98,state_99,state_100,state_101,state_102,state_103,state_104,state_105,state_106,state_107,state_108,state_109,state_110,state_111,state_112,state_113,state_114,state_115,state_116,state_117,state_118,state_119,state_120,state_121,state_122,state_123,state_124,state_125,state_126,state_127,state_128,state_129,state_130,state_131,state_132,state_133,state_134,state_135,state_136,state_137,state_138,state_139,state_140,state_141,state_142,state_143,state_144,state_145,state_146,state_147,state_148,state_149,state_150,state_151,state_152,state_153,state_154,state_155,state_156,state_157,state_158,state_159,state_160,state_161,state_162,state_163,state_164,state_165,state_166,state_167,state_168,state_169,state_170,state_171,state_172,state_173,state_174,state_175,state_176,state_177,state_178,state_179,state_180,state_181,state_182,state_183,state_184,state_185,state_186,state_187,state_188,state_189,state_190,state_191,state_192,state_193,state_194,state_195,state_196,state_197,state_198,state_199,state_200,state_201,state_202,state_203,state_204,state_205,state_206,state_207,state_208,state_209,state_210,state_211,state_212,state_213,state_214,state_215,state_216,state_217,state_218,state_219,state_220,state_221,state_222,state_223,state_224,state_225,state_226,state_227,state_228,state_229,state_230,state_231,state_232,state_233,state_234,state_235,state_236,state_237,state_238,state_239,state_240,state_241,state_242,state_243,state_244,state_245,state_246,state_247,state_248,state_249,state_250,state_251,state_252,state_253,state_254,state_255,state_256,state_257,state_258,state_259,state_260,state_261,state_262,state_263,state_264,state_265,state_266,state_267,state_268,state_269,state_270,state_271,state_272,state_273,state_274,state_275,state_276,state_277,state_278,state_279,state_280,state_281,state_282,state_283,state_284,state_285,state_286,state_287
{'img': array([[[ 0.        ,  0.19424935,  0.35817349, ...,  0.89916376,
          0.9999984 ,  0.98810258],
        [-0.19424935,  0.        ,  0.16998918, ...,  0.79703074,
          0.98129811,  0.93940657],
        [-0.35817349, -0.16998918,  0.        , ...,  0.68276765,
          0.9342943 ,  0.86746123],
        ...,
        [-0.89916376, -0.79703074, -0.68276765, ...,  0.        ,
          0.43922015,  0.29411785],
        [-0.9999984 , -0.98129811, -0.9342943 , ..., -0.43922015,
          0.        , -0.15556364],
        [-0.98810258, -0.93940657, -0.86746123, ..., -0.29411785,
          0.15556364,  0.        ]],

       [[ 0.        ,  0.23105739,  0.4075601 , ...,  0.6396713 ,
          0.52038866, -0.52568428],
        [-0.23105739,  0.        ,  0.18553496, ...,  0.44475994,
          0.30900028, -0.70801517],
        [-0.4075601 , -0.18553496,  0.        , ...,  0.27086352,
          0.12718007, -0.82674665],
        ...,
        [-0.6396713 , -0.44475994, -0.27086352, ...,  0.        ,
         -0.14623822, -0.94822189],
        [-0.52038866, -0.30900028, -0.12718007, ...,  0.14623822,
          0.        , -0.89158143],
        [ 0.52568428,  0.70801517,  0.82674665, ...,  0.94822189,
          0.89158143,  0.        ]],

       [[ 0.        ,  0.04182427,  0.17048146, ...,  0.99944224,
          0.99623209,  0.9861173 ],
        [-0.04182427,  0.        ,  0.12912029, ...,  0.99717101,
          0.99898767,  0.99219936],
        [-0.17048146, -0.12912029,  0.        , ...,  0.97911812,
          0.99643353,  0.9999899 ],
        ...,
        [-0.99944224, -0.99717101, -0.97911812, ...,  0.        ,
          0.11994777,  0.19888863],
        [-0.99623209, -0.99898767, -0.99643353, ..., -0.11994777,
          0.        ,  0.07990124],
        [-0.9861173 , -0.99219936, -0.9999899 , ..., -0.19888863,
         -0.07990124,  0.        ]],

       ...,

       [[ 0.        ,  0.17785025,  0.49165585, ...,  0.78061273,
          0.71606124,  0.64676817],
        [-0.17785025,  0.        ,  0.32894752, ...,  0.65700879,
          0.58049934,  0.50081309],
        [-0.49165585, -0.32894752,  0.        , ...,  0.37245716,
          0.28034447,  0.18821963],
        ...,
        [-0.78061273, -0.65700879, -0.37245716, ...,  0.        ,
         -0.09734792, -0.19112311],
        [-0.71606124, -0.58049934, -0.28034447, ...,  0.09734792,
          0.        , -0.09466194],
        [-0.64676817, -0.50081309, -0.18821963, ...,  0.19112311,
          0.09466194,  0.        ]],

       [[ 0.        ,  0.0024089 , -0.01182758, ...,  0.37452984,
          0.46590428,  0.5071257 ],
        [-0.0024089 ,  0.        , -0.01423628, ...,  0.37229519,
          0.46377146,  0.50504807],
        [ 0.01182758,  0.01423628,  0.        , ...,  0.38547036,
          0.47633715,  0.51728409],
        ...,
        [-0.37452984, -0.37229519, -0.38547036, ...,  0.        ,
          0.10059621,  0.14741766],
        [-0.46590428, -0.46377146, -0.47633715, ..., -0.10059621,
          0.        ,  0.04717273],
        [-0.5071257 , -0.50504807, -0.51728409, ..., -0.14741766,
         -0.04717273,  0.        ]],

       [[ 0.        , -0.02559133, -0.04481396, ...,  0.80376235,
          0.780177  ,  0.81297461],
        [ 0.02559133,  0.        , -0.01923367, ...,  0.81872468,
          0.79593036,  0.82761016],
        [ 0.04481396,  0.01923367,  0.        , ...,  0.82961694,
          0.80742696,  0.83825298],
        ...,
        [-0.80376235, -0.81872468, -0.82961694, ...,  0.        ,
         -0.03863395,  0.01564951],
        [-0.780177  , -0.79593036, -0.80742696, ...,  0.03863395,
          0.        ,  0.05426705],
        [-0.81297461, -0.82761016, -0.83825298, ..., -0.01564951,
         -0.05426705,  0.        ]]]), 'num': array([7.07098903e-01, 7.07098903e-01, 0.00000000e+00, 0.00000000e+00,
       5.37869440e-04, 5.41103124e-04, 5.29246283e-04, 4.47826431e-03,
       3.23368401e-06, 5.35498072e-04, 5.20138073e-04, 5.15521091e-04,
       1.26811138e-06, 5.44216174e-04, 4.96059971e-04])}
{'img': array([[[ 0.        ,  0.16998918, -0.81076928, ...,  0.98129811,
          0.93940657,  0.96675889],
        [-0.16998918,  0.        , -0.89847514, ...,  0.9342943 ,
          0.86746123,  0.90922411],
        [ 0.81076928,  0.89847514,  0.        , ...,  0.73048679,
          0.82783233,  0.77321305],
        ...,
        [-0.98129811, -0.9342943 , -0.73048679, ...,  0.        ,
         -0.15556364, -0.06481241],
        [-0.93940657, -0.86746123, -0.82783233, ...,  0.15556364,
          0.        ,  0.09121318],
        [-0.96675889, -0.90922411, -0.77321305, ...,  0.06481241,
         -0.09121318,  0.        ]],

       [[ 0.        ,  0.18553496,  0.62333169, ...,  0.30900028,
         -0.70801517, -0.15456475],
        [-0.18553496,  0.        ,  0.46742873, ...,  0.12718007,
         -0.82674665, -0.33518647],
        [-0.62333169, -0.46742873,  0.        , ..., -0.35120196,
         -0.99383291, -0.73670398],
        ...,
        [-0.30900028, -0.12718007,  0.35120196, ...,  0.        ,
         -0.89158143, -0.45228757],
        [ 0.70801517,  0.82674665,  0.99383291, ...,  0.89158143,
          0.        ,  0.59035352],
        [ 0.15456475,  0.33518647,  0.73670398, ...,  0.45228757,
         -0.59035352,  0.        ]],

       [[ 0.        ,  0.12912029, -0.05668965, ...,  0.99898767,
          0.99219936,  0.98616604],
        [-0.12912029,  0.        , -0.18512775, ...,  0.99643353,
          0.9999899 ,  0.99931383],
        [ 0.05668965,  0.18512775,  0.        , ...,  0.99483098,
          0.98353675,  0.97518323],
        ...,
        [-0.99898767, -0.99643353, -0.99483098, ...,  0.        ,
          0.07990124,  0.12123027],
        [-0.99219936, -0.9999899 , -0.98353675, ..., -0.07990124,
          0.        ,  0.04153075],
        [-0.98616604, -0.99931383, -0.97518323, ..., -0.12123027,
         -0.04153075,  0.        ]],

       ...,

       [[ 0.        ,  0.32894752, -0.24359688, ...,  0.58049934,
          0.50081309,  0.52254132],
        [-0.32894752,  0.        , -0.54907876, ...,  0.28034447,
          0.18821963,  0.21299571],
        [ 0.24359688,  0.54907876,  0.        , ...,  0.76136408,
          0.69657349,  0.71449468],
        ...,
        [-0.58049934, -0.28034447, -0.76136408, ...,  0.        ,
         -0.09466194, -0.06945697],
        [-0.50081309, -0.18821963, -0.69657349, ...,  0.09466194,
          0.        ,  0.02528825],
        [-0.52254132, -0.21299571, -0.71449468, ...,  0.06945697,
         -0.02528825,  0.        ]],

       [[ 0.        , -0.01423628,  0.02854701, ...,  0.46377146,
          0.50504807,  0.55494757],
        [ 0.01423628,  0.        ,  0.04277459, ...,  0.47633715,
          0.51728409,  0.56673428],
        [-0.02854701, -0.04277459,  0.        , ...,  0.43829109,
          0.48020357,  0.53097357],
        ...,
        [-0.46377146, -0.47633715, -0.43829109, ...,  0.        ,
          0.04717273,  0.10585384],
        [-0.50504807, -0.51728409, -0.48020357, ..., -0.04717273,
          0.        ,  0.05882829],
        [-0.55494757, -0.56673428, -0.53097357, ..., -0.10585384,
         -0.05882829,  0.        ]],

       [[ 0.        , -0.01923367, -0.20645801, ...,  0.79593036,
          0.82761016,  0.84847718],
        [ 0.01923367,  0.        , -0.18760053, ...,  0.80742696,
          0.83825298,  0.8584993 ],
        [ 0.20645801,  0.18760053,  0.        , ...,  0.90376965,
          0.92566525,  0.93946131],
        ...,
        [-0.79593036, -0.80742696, -0.90376965, ...,  0.        ,
          0.05426705,  0.09242627],
        [-0.82761016, -0.83825298, -0.92566525, ..., -0.05426705,
          0.        ,  0.03825531],
        [-0.84847718, -0.8584993 , -0.93946131, ..., -0.09242627,
         -0.03825531,  0.        ]]]), 'num': array([ 9.99983971e-01,  3.36076449e-04,  3.99859158e-05, -4.31967238e-10,
        7.60767043e-04,  7.65331645e-04,  7.51637838e-04,  5.24268914e-03,
        1.52153409e-06,  7.54985213e-04,  7.35966037e-04,  7.28992339e-04,
        1.83789266e-06,  7.71598533e-04,  7.00333541e-04])}
{'img': array([[[ 0.        , -0.89847514, -0.89847514, ...,  0.86746123,
          0.90922411,  0.92206599],
        [ 0.89847514,  0.        ,  0.        , ...,  0.82783233,
          0.77321305,  0.75254871],
        [ 0.89847514,  0.        ,  0.        , ...,  0.82783233,
          0.77321305,  0.75254871],
        ...,
        [-0.86746123, -0.82783233, -0.82783233, ...,  0.        ,
          0.09121318,  0.1229964 ],
        [-0.90922411, -0.77321305, -0.77321305, ..., -0.09121318,
          0.        ,  0.03196307],
        [-0.92206599, -0.75254871, -0.75254871, ..., -0.1229964 ,
         -0.03196307,  0.        ]],

       [[ 0.        ,  0.46742873,  0.04652675, ..., -0.82674665,
         -0.33518647, -0.51763444],
        [-0.46742873,  0.        , -0.42579145, ..., -0.99383291,
         -0.73670398, -0.85753767],
        [-0.04652675,  0.42579145,  0.        , ..., -0.85202608,
         -0.37865874, -0.55688224],
        ...,
        [ 0.82674665,  0.99383291,  0.85202608, ...,  0.        ,
          0.59035352,  0.4161581 ],
        [ 0.33518647,  0.73670398,  0.37865874, ..., -0.59035352,
          0.        , -0.20090405],
        [ 0.51763444,  0.85753767,  0.55688224, ..., -0.4161581 ,
          0.20090405,  0.        ]],

       [[ 0.        , -0.18512775, -0.45105133, ...,  0.9999899 ,
          0.99931383,  0.9998699 ],
        [ 0.18512775,  0.        , -0.27802852, ...,  0.98353675,
          0.97518323,  0.97960042],
        [ 0.45105133,  0.27802852,  0.        , ...,  0.89451662,
          0.87517917,  0.88510625],
        ...,
        [-0.9999899 , -0.98353675, -0.89451662, ...,  0.        ,
          0.04153075,  0.020625  ],
        [-0.99931383, -0.97518323, -0.87517917, ..., -0.04153075,
          0.        , -0.02091472],
        [-0.9998699 , -0.97960042, -0.88510625, ..., -0.020625  ,
          0.02091472,  0.        ]],

       ...,

       [[ 0.        , -0.54907876, -0.5100278 , ...,  0.18821963,
          0.21299571,  0.26046216],
        [ 0.54907876,  0.        ,  0.0460282 , ...,  0.69657349,
          0.71449468,  0.74781341],
        [ 0.5100278 , -0.0460282 ,  0.        , ...,  0.66281066,
          0.68153421,  0.7164623 ],
        ...,
        [-0.18821963, -0.69657349, -0.66281066, ...,  0.        ,
          0.02528825,  0.07408386],
        [-0.21299571, -0.71449468, -0.68153421, ..., -0.02528825,
          0.        ,  0.04884141],
        [-0.26046216, -0.74781341, -0.7164623 , ..., -0.07408386,
         -0.04884141,  0.        ]],

       [[ 0.        ,  0.04277459,  0.03720838, ...,  0.51728409,
          0.56673428,  0.61769029],
        [-0.04277459,  0.        , -0.00557065, ...,  0.48020357,
          0.53097357,  0.58348609],
        [-0.03720838,  0.00557065,  0.        , ...,  0.48508245,
          0.53568583,  0.58800109],
        ...,
        [-0.51728409, -0.48020357, -0.48508245, ...,  0.        ,
          0.05882829,  0.12182453],
        [-0.56673428, -0.53097357, -0.53568583, ..., -0.05882829,
          0.        ,  0.06322342],
        [-0.61769029, -0.58348609, -0.58800109, ..., -0.12182453,
         -0.06322342,  0.        ]],

       [[ 0.        , -0.18760053, -0.38208815, ...,  0.83825298,
          0.8584993 ,  0.86002001],
        [ 0.18760053,  0.        , -0.20193782, ...,  0.92566525,
          0.93946131,  0.94047581],
        [ 0.38208815,  0.20193782,  0.        , ...,  0.98299688,
          0.98930185,  0.98973117],
        ...,
        [-0.83825298, -0.92566525, -0.98299688, ...,  0.        ,
          0.03825531,  0.04122579],
        [-0.8584993 , -0.93946131, -0.98930185, ..., -0.03825531,
          0.        ,  0.00297282],
        [-0.86002001, -0.94047581, -0.98973117, ..., -0.04122579,
         -0.00297282,  0.        ]]]), 'num': array([9.99974023e-01, 3.35402526e-04, 3.99057334e-05, 5.65209003e-09,
       7.60759985e-04, 7.66833917e-04, 7.57723019e-04, 6.88185609e-03,
       1.51848300e-06, 7.58330413e-04, 7.36919802e-04, 7.28694686e-04,
       1.90193831e-06, 7.72687733e-04, 7.01151871e-04])}
{'img': array([[[ 0.        ,  0.        ,  0.70689643, ...,  0.77321305,
          0.75254871,  0.73048679],
        [ 0.        ,  0.        ,  0.70689643, ...,  0.77321305,
          0.75254871,  0.73048679],
        [-0.70689643, -0.70689643,  0.        , ...,  0.99518257,
          0.99780771,  0.99944431],
        ...,
        [-0.77321305, -0.77321305, -0.99518257, ...,  0.        ,
          0.03196307,  0.06481241],
        [-0.75254871, -0.75254871, -0.99780771, ..., -0.03196307,
          0.        ,  0.03288343],
        [-0.73048679, -0.73048679, -0.99944431, ..., -0.06481241,
         -0.03288343,  0.        ]],

       [[ 0.        , -0.42579145, -0.49085042, ..., -0.73670398,
         -0.85753767, -0.67267709],
        [ 0.42579145,  0.        , -0.07316373, ..., -0.37865874,
         -0.55688224, -0.29359409],
        [ 0.49085042,  0.07316373,  0.        , ..., -0.30992821,
         -0.49462059, -0.22286782],
        ...,
        [ 0.73670398,  0.37865874,  0.30992821, ...,  0.        ,
         -0.20090405,  0.09023931],
        [ 0.85753767,  0.55688224,  0.49462059, ...,  0.20090405,
          0.        ,  0.2884838 ],
        [ 0.67267709,  0.29359409,  0.22286782, ..., -0.09023931,
         -0.2884838 ,  0.        ]],

       [[ 0.        , -0.27802852, -0.23501943, ...,  0.97518323,
          0.97960042,  0.94991747],
        [ 0.27802852,  0.        ,  0.04448786, ...,  0.87517917,
          0.88510625,  0.82558073],
        [ 0.23501943, -0.04448786,  0.        , ...,  0.89583585,
          0.90493409,  0.84986714],
        ...,
        [-0.97518323, -0.87517917, -0.89583585, ...,  0.        ,
         -0.02091472,  0.09443452],
        [-0.97960042, -0.88510625, -0.90493409, ...,  0.02091472,
          0.        ,  0.11523512],
        [-0.94991747, -0.82558073, -0.84986714, ..., -0.09443452,
         -0.11523512,  0.        ]],

       ...,

       [[ 0.        ,  0.0460282 , -0.0524666 , ...,  0.71449468,
          0.74781341,  0.79293435],
        [-0.0460282 ,  0.        , -0.09837579, ...,  0.68153421,
          0.7164623 ,  0.76404864],
        [ 0.0524666 ,  0.09837579,  0.        , ...,  0.75021837,
          0.78161648,  0.82381049],
        ...,
        [-0.71449468, -0.68153421, -0.75021837, ...,  0.        ,
          0.04884141,  0.1194226 ],
        [-0.74781341, -0.7164623 , -0.78161648, ..., -0.04884141,
          0.        ,  0.0707882 ],
        [-0.79293435, -0.76404864, -0.82381049, ..., -0.1194226 ,
         -0.0707882 ,  0.        ]],

       [[ 0.        , -0.00557065, -0.09426623, ...,  0.53097357,
          0.58348609,  0.62328981],
        [ 0.00557065,  0.        , -0.08871893, ...,  0.53568583,
          0.58800109,  0.62763633],
        [ 0.09426623,  0.08871893,  0.        , ...,  0.60848927,
          0.65744363,  0.69422965],
        ...,
        [-0.53097357, -0.53568583, -0.60848927, ...,  0.        ,
          0.06322342,  0.11295203],
        [-0.58348609, -0.58800109, -0.65744363, ..., -0.06322342,
          0.        ,  0.04990724],
        [-0.62328981, -0.62763633, -0.69422965, ..., -0.11295203,
         -0.04990724,  0.        ]],

       [[ 0.        , -0.20193782, -0.22719174, ...,  0.93946131,
          0.94047581,  0.96027236],
        [ 0.20193782,  0.        , -0.02585406, ...,  0.98930185,
          0.98973117,  0.99684284],
        [ 0.22719174,  0.02585406,  0.        , ...,  0.99274283,
          0.99309594,  0.99856243],
        ...,
        [-0.93946131, -0.98930185, -0.99274283, ...,  0.        ,
          0.00297282,  0.06687184],
        [-0.94047581, -0.98973117, -0.99309594, ..., -0.00297282,
          0.        ,  0.06390538],
        [-0.96027236, -0.99684284, -0.99856243, ..., -0.06687184,
         -0.06390538,  0.        ]]]), 'num': array([ 9.99949775e-01,  3.36064956e-04,  3.99845484e-05,  1.17584586e-08,
        7.60741027e-04,  7.69869920e-04,  7.57698063e-04,  9.78891124e-03,
       -1.52148205e-06,  7.59523842e-04,  7.41722502e-04,  7.31858226e-04,
        1.79960243e-06,  7.72417247e-04,  7.11027756e-04])}
{'img': array([[[ 0.        ,  0.70689643,  0.89847514, ...,  0.75254871,
          0.73048679,  0.75254871],
        [-0.70689643,  0.        ,  0.32516204, ...,  0.99780771,
          0.99944431,  0.99780771],
        [-0.89847514, -0.32516204,  0.        , ...,  0.92206599,
          0.9342943 ,  0.92206599],
        ...,
        [-0.75254871, -0.99780771, -0.92206599, ...,  0.        ,
          0.03288343,  0.        ],
        [-0.73048679, -0.99944431, -0.9342943 , ..., -0.03288343,
          0.        , -0.03288343],
        [-0.75254871, -0.99780771, -0.92206599, ...,  0.        ,
          0.03288343,  0.        ]],

       [[ 0.        , -0.07316373, -0.46571008, ..., -0.55688224,
         -0.29359409,  0.08034172],
        [ 0.07316373,  0.        , -0.39971663, ..., -0.49462059,
         -0.22286782,  0.15305362],
        [ 0.46571008,  0.39971663,  0.        , ..., -0.10599108,
          0.18537395,  0.535302  ],
        ...,
        [ 0.55688224,  0.49462059,  0.10599108, ...,  0.        ,
          0.2884838 ,  0.6218132 ],
        [ 0.29359409,  0.22286782, -0.18537395, ..., -0.2884838 ,
          0.        ,  0.36944608],
        [-0.08034172, -0.15305362, -0.535302  , ..., -0.6218132 ,
         -0.36944608,  0.        ]],

       [[ 0.        ,  0.04448786,  0.1958759 , ...,  0.88510625,
          0.82558073,  0.82980836],
        [-0.04448786,  0.        ,  0.1520559 , ...,  0.90493409,
          0.84986714,  0.85381317],
        [-0.1958759 , -0.1520559 ,  0.        , ...,  0.95911908,
          0.9201178 ,  0.92304213],
        ...,
        [-0.88510625, -0.90493409, -0.95911908, ...,  0.        ,
          0.11523512,  0.10774849],
        [-0.82558073, -0.84986714, -0.9201178 , ..., -0.11523512,
          0.        , -0.00753354],
        [-0.82980836, -0.85381317, -0.92304213, ..., -0.10774849,
          0.00753354,  0.        ]],

       ...,

       [[ 0.        , -0.09837579,  0.16835993, ...,  0.7164623 ,
          0.76404864,  0.68864664],
        [ 0.09837579,  0.        ,  0.26451481, ...,  0.78161648,
          0.82381049,  0.75663825],
        [-0.16835993, -0.26451481,  0.        , ...,  0.58878299,
          0.64452343,  0.55673932],
        ...,
        [-0.7164623 , -0.78161648, -0.58878299, ...,  0.        ,
          0.0707882 , -0.03908707],
        [-0.76404864, -0.82381049, -0.64452343, ..., -0.0707882 ,
          0.        , -0.10972312],
        [-0.68864664, -0.75663825, -0.55673932, ...,  0.03908707,
          0.10972312,  0.        ]],

       [[ 0.        , -0.08871893, -0.15986976, ...,  0.58800109,
          0.62763633,  0.60078611],
        [ 0.08871893,  0.        , -0.07166151, ...,  0.65744363,
          0.69422965,  0.66933982],
        [ 0.15986976,  0.07166151,  0.        , ...,  0.70975056,
          0.74402342,  0.72086033],
        ...,
        [-0.58800109, -0.65744363, -0.70975056, ...,  0.        ,
          0.04990724,  0.0158981 ],
        [-0.62763633, -0.69422965, -0.74402342, ..., -0.04990724,
          0.        , -0.03402264],
        [-0.60078611, -0.66933982, -0.72086033, ..., -0.0158981 ,
          0.03402264,  0.        ]],

       [[ 0.        , -0.02585406,  0.00473324, ...,  0.98973117,
          0.99684284,  0.98111317],
        [ 0.02585406,  0.        ,  0.03058543, ...,  0.99309594,
          0.99856243,  0.97578414],
        [-0.00473324, -0.03058543,  0.        , ...,  0.9890435 ,
          0.99645585,  0.98201775],
        ...,
        [-0.98973117, -0.99309594, -0.9890435 , ...,  0.        ,
          0.06390538,  0.33168985],
        [-0.99684284, -0.99856243, -0.99645585, ..., -0.06390538,
          0.        ,  0.27072426],
        [-0.98111317, -0.97578414, -0.98201775, ..., -0.33168985,
         -0.27072426,  0.        ]]]), 'num': array([9.75557096e-01, 2.19649660e-01, 2.97016674e-05, 4.35167578e-09,
       7.45470844e-04, 7.45470844e-04, 7.32289631e-04, 6.17668729e-03,
       1.31812134e-05, 7.34925874e-04, 7.16106030e-04, 7.06366578e-04,
       1.95277235e-06, 7.48186334e-04, 6.84025726e-04])}
{'img': array([[[ 0.        ,  0.72787081,  0.40506991, ...,  0.77775186,
          0.8       ,  0.51507875],
        [-0.72787081,  0.        , -0.38771966, ...,  0.99083436,
          0.98529392,  0.97708613],
        [-0.40506991,  0.38771966,  0.        , ...,  0.96570279,
          0.97447052,  0.81813193],
        ...,
        [-0.77775186, -0.99083436, -0.96570279, ...,  0.        ,
         -0.03620603,  0.34288067],
        [-0.8       , -0.98529392, -0.97447052, ...,  0.03620603,
          0.        ,  0.37666703],
        [-0.51507875, -0.97708613, -0.81813193, ..., -0.34288067,
         -0.37666703,  0.        ]],

       [[ 0.        , -0.39971663,  0.05033574, ..., -0.22286782,
          0.15305362, -0.29503651],
        [ 0.39971663,  0.        ,  0.44534962, ...,  0.18537395,
          0.535302  ,  0.11148173],
        [-0.05033574, -0.44534962,  0.        , ..., -0.27165502,
          0.10311693, -0.3427576 ],
        ...,
        [ 0.22286782, -0.18537395,  0.27165502, ...,  0.        ,
          0.36944608, -0.07466888],
        [-0.15305362, -0.535302  , -0.10311693, ..., -0.36944608,
          0.        , -0.43780095],
        [ 0.29503651, -0.11148173,  0.3427576 , ...,  0.07466888,
          0.43780095,  0.        ]],

       [[ 0.        ,  0.1520559 , -0.15118329, ...,  0.84986714,
          0.85381317,  0.79625257],
        [-0.1520559 ,  0.        , -0.29973344, ...,  0.9201178 ,
          0.92304213,  0.87898206],
        [ 0.15118329,  0.29973344,  0.        , ...,  0.7604254 ,
          0.7652963 ,  0.69563974],
        ...,
        [-0.84986714, -0.9201178 , -0.7604254 , ...,  0.        ,
         -0.00753354,  0.09451658],
        [-0.85381317, -0.92304213, -0.7652963 , ...,  0.00753354,
          0.        ,  0.10201371],
        [-0.79625257, -0.87898206, -0.69563974, ..., -0.09451658,
         -0.10201371,  0.        ]],

       ...,

       [[ 0.        ,  0.26451481,  0.18574874, ...,  0.82381049,
          0.75663825,  0.89246846],
        [-0.26451481,  0.        , -0.08077886, ...,  0.64452343,
          0.55673932,  0.74135496],
        [-0.18574874,  0.08077886,  0.        , ...,  0.70417943,
          0.62202189,  0.793144  ],
        ...,
        [-0.82381049, -0.64452343, -0.70417943, ...,  0.        ,
         -0.10972312,  0.13428043],
        [-0.75663825, -0.55673932, -0.62202189, ...,  0.10972312,
          0.        ,  0.24219906],
        [-0.89246846, -0.74135496, -0.793144  , ..., -0.13428043,
         -0.24219906,  0.        ]],

       [[ 0.        , -0.07166151, -0.13100825, ...,  0.69422965,
          0.66933982,  0.73508738],
        [ 0.07166151,  0.        , -0.05962755, ...,  0.74402342,
          0.72086033,  0.781782  ],
        [ 0.13100825,  0.05962755,  0.        , ...,  0.78253994,
          0.76090438,  0.81757184],
        ...,
        [-0.69422965, -0.74402342, -0.78253994, ...,  0.        ,
         -0.03402264,  0.05841323],
        [-0.66933982, -0.72086033, -0.76090438, ...,  0.03402264,
          0.        ,  0.09234396],
        [-0.73508738, -0.781782  , -0.81757184, ..., -0.05841323,
         -0.09234396,  0.        ]],

       [[ 0.        ,  0.03058543,  0.01114836, ...,  0.99856243,
          0.97578414,  0.97904407],
        [-0.03058543,  0.        , -0.01944038, ...,  0.99645585,
          0.98201775,  0.98481471],
        [-0.01114836,  0.01944038,  0.        , ...,  0.99790281,
          0.97816205,  0.98125358],
        ...,
        [-0.99856243, -0.99645585, -0.99790281, ...,  0.        ,
          0.27072426,  0.25583349],
        [-0.97578414, -0.98201775, -0.97816205, ..., -0.27072426,
          0.        , -0.01543491],
        [-0.97904407, -0.98481471, -0.98125358, ..., -0.25583349,
          0.01543491,  0.        ]]]), 'num': array([ 9.86548733e-01,  1.63365877e-01,  3.25368718e-05,  4.58092261e-08,
        7.53140765e-04,  7.59094447e-04,  7.45698662e-04,  5.36742288e-03,
       -4.46526145e-06,  7.48973188e-04,  7.29698142e-04,  7.19403234e-04,
        1.90272309e-06,  7.63480697e-04,  6.95915587e-04])}
{'img': array([[[ 0.        , -0.64852421, -0.09766915, ...,  0.99644482,
          0.95179534,  0.98730551],
        [ 0.64852421,  0.        ,  0.5710784 , ...,  0.81312468,
          0.52557662,  0.64852421],
        [ 0.09766915, -0.5710784 ,  0.        , ...,  0.99990918,
          0.91728632,  0.96707209],
        ...,
        [-0.99644482, -0.81312468, -0.99990918, ...,  0.        ,
          0.38583013,  0.24144649],
        [-0.95179534, -0.52557662, -0.91728632, ..., -0.38583013,
          0.        , -0.15166376],
        [-0.98730551, -0.64852421, -0.96707209, ..., -0.24144649,
          0.15166376,  0.        ]],

       [[ 0.        ,  0.44534962, -0.18133982, ...,  0.535302  ,
          0.11148173, -0.05499061],
        [-0.44534962,  0.        , -0.60032977, ...,  0.10311693,
         -0.3427576 , -0.49391196],
        [ 0.18133982,  0.60032977,  0.        , ...,  0.67959759,
          0.28984286,  0.12698654],
        ...,
        [-0.535302  , -0.10311693, -0.67959759, ...,  0.        ,
         -0.43780095, -0.58094043],
        [-0.11148173,  0.3427576 , -0.28984286, ...,  0.43780095,
          0.        , -0.16596087],
        [ 0.05499061,  0.49391196, -0.12698654, ...,  0.58094043,
          0.16596087,  0.        ]],

       [[ 0.        , -0.29973344,  0.19079398, ...,  0.92304213,
          0.87898206,  0.84896101],
        [ 0.29973344,  0.        ,  0.47624922, ...,  0.7652963 ,
          0.69563974,  0.65153254],
        [-0.19079398, -0.47624922,  0.        , ...,  0.97948417,
          0.95381628,  0.93419181],
        ...,
        [-0.92304213, -0.7652963 , -0.97948417, ...,  0.        ,
          0.10201371,  0.16119234],
        [-0.87898206, -0.69563974, -0.95381628, ..., -0.10201371,
          0.        ,  0.05967172],
        [-0.84896101, -0.65153254, -0.93419181, ..., -0.16119234,
         -0.05967172,  0.        ]],

       ...,

       [[ 0.        , -0.08077886,  0.37555762, ...,  0.55673932,
          0.74135496,  0.67608337],
        [ 0.08077886,  0.        ,  0.44919609, ...,  0.62202189,
          0.793144  ,  0.73339386],
        [-0.37555762, -0.44919609,  0.        , ...,  0.20401453,
          0.43504542,  0.34987312],
        ...,
        [-0.55673932, -0.62202189, -0.20401453, ...,  0.        ,
          0.24219906,  0.15139432],
        [-0.74135496, -0.793144  , -0.43504542, ..., -0.24219906,
          0.        , -0.09252055],
        [-0.67608337, -0.73339386, -0.34987312, ..., -0.15139432,
          0.09252055,  0.        ]],

       [[ 0.        , -0.05962755, -0.05790075, ...,  0.72086033,
          0.781782  ,  0.81924253],
        [ 0.05962755,  0.        ,  0.0017298 , ...,  0.76090438,
          0.81757184,  0.8519781 ],
        [ 0.05790075, -0.0017298 ,  0.        , ...,  0.75978084,
          0.81657455,  0.85107114],
        ...,
        [-0.72086033, -0.76090438, -0.75978084, ...,  0.        ,
          0.09234396,  0.15442558],
        [-0.781782  , -0.81757184, -0.81657455, ..., -0.09234396,
          0.        ,  0.06252951],
        [-0.81924253, -0.8519781 , -0.85107114, ..., -0.15442558,
         -0.06252951,  0.        ]],

       [[ 0.        , -0.01944038, -0.01618621, ...,  0.98201775,
          0.98481471,  0.97953581],
        [ 0.01944038,  0.        ,  0.00325469, ...,  0.97816205,
          0.98125358,  0.97543793],
        [ 0.01618621, -0.00325469,  0.        , ...,  0.97883333,
          0.98187562,  0.97614969],
        ...,
        [-0.98201775, -0.97816205, -0.97883333, ...,  0.        ,
         -0.01543491,  0.01272549],
        [-0.98481471, -0.98125358, -0.98187562, ...,  0.01543491,
          0.        ,  0.02815764],
        [-0.97953581, -0.97543793, -0.97614969, ..., -0.01272549,
         -0.02815764,  0.        ]]]), 'num': array([9.87936609e-01, 1.54782897e-01, 3.28013272e-05, 3.08667381e-08,
       7.54668217e-04, 7.57639352e-04, 7.45754813e-04, 4.37365885e-03,
       2.97113471e-06, 7.49914402e-04, 7.30304912e-04, 7.19336473e-04,
       2.08958925e-06, 7.65263441e-04, 6.95346384e-04])}
{'img': array([[[ 0.        ,  0.5710784 ,  0.24250861, ...,  0.52557662,
          0.64852421,  0.5710784 ],
        [-0.5710784 ,  0.        , -0.35495705, ...,  0.91728632,
          0.96707209,  0.93759141],
        [-0.24250861,  0.35495705,  0.        , ...,  0.71620106,
          0.81376138,  0.75310552],
        ...,
        [-0.52557662, -0.91728632, -0.71620106, ...,  0.        ,
         -0.15166376, -0.05439932],
        [-0.64852421, -0.96707209, -0.81376138, ...,  0.15166376,
          0.        ,  0.09766915],
        [-0.5710784 , -0.93759141, -0.75310552, ...,  0.05439932,
         -0.09766915,  0.        ]],

       [[ 0.        , -0.60032977, -0.88883223, ..., -0.3427576 ,
         -0.49391196, -0.69734628],
        [ 0.60032977,  0.        , -0.43575508, ...,  0.28984286,
          0.12698654, -0.1274275 ],
        [ 0.88883223,  0.43575508,  0.        , ...,  0.67792746,
          0.54652358,  0.31750969],
        ...,
        [ 0.3427576 , -0.28984286, -0.67792746, ...,  0.        ,
         -0.16596087, -0.4094376 ],
        [ 0.49391196, -0.12698654, -0.54652358, ...,  0.16596087,
          0.        , -0.25234723],
        [ 0.69734628,  0.1274275 , -0.31750969, ...,  0.4094376 ,
          0.25234723,  0.        ]],

       [[ 0.        ,  0.47624922,  0.61649819, ...,  0.69563974,
          0.65153254,  0.59382029],
        [-0.47624922,  0.        ,  0.16711541, ...,  0.95381628,
          0.93419181,  0.90534135],
        [-0.61649819, -0.16711541,  0.        , ...,  0.99060298,
          0.98067655,  0.96358119],
        ...,
        [-0.69563974, -0.95381628, -0.99060298, ...,  0.        ,
          0.05967172,  0.1331151 ],
        [-0.65153254, -0.93419181, -0.98067655, ..., -0.05967172,
          0.        ,  0.07373722],
        [-0.59382029, -0.90534135, -0.96358119, ..., -0.1331151 ,
         -0.07373722,  0.        ]],

       ...,

       [[ 0.        ,  0.44919609,  0.35640254, ...,  0.793144  ,
          0.73339386,  0.86670162],
        [-0.44919609,  0.        , -0.10127665, ...,  0.43504542,
          0.34987312,  0.55026889],
        [-0.35640254,  0.10127665,  0.        , ...,  0.5239989 ,
          0.44294985,  0.63200431],
        ...,
        [-0.793144  , -0.43504542, -0.5239989 , ...,  0.        ,
         -0.09252055,  0.1322093 ],
        [-0.73339386, -0.34987312, -0.44294985, ...,  0.09252055,
          0.        ,  0.22335061],
        [-0.86670162, -0.55026889, -0.63200431, ..., -0.1322093 ,
         -0.22335061,  0.        ]],

       [[ 0.        ,  0.0017298 , -0.05413046, ...,  0.81757184,
          0.8519781 ,  0.88522989],
        [-0.0017298 ,  0.        , -0.05585764, ...,  0.81657455,
          0.85107114,  0.88442394],
        [ 0.05413046,  0.05585764,  0.        , ...,  0.84754294,
          0.87907048,  0.90911101],
        ...,
        [-0.81757184, -0.81657455, -0.84754294, ...,  0.        ,
          0.06252951,  0.12944228],
        [-0.8519781 , -0.85107114, -0.87907048, ..., -0.06252951,
          0.        ,  0.06718553],
        [-0.88522989, -0.88442394, -0.90911101, ..., -0.12944228,
         -0.06718553,  0.        ]],

       [[ 0.        ,  0.00325469, -0.00834062, ...,  0.98125358,
          0.97543793,  0.96851755],
        [-0.00325469,  0.        , -0.01159515, ...,  0.98187562,
          0.97614969,  0.96932266],
        [ 0.00834062,  0.01159515,  0.        , ...,  0.97961203,
          0.97356678,  0.9664075 ],
        ...,
        [-0.98125358, -0.98187562, -0.97961203, ...,  0.        ,
          0.02815764,  0.05762469],
        [-0.97543793, -0.97614969, -0.97356678, ..., -0.02815764,
          0.        ,  0.02949099],
        [-0.96851755, -0.96932266, -0.9664075 , ..., -0.05762469,
         -0.02949099,  0.        ]]]), 'num': array([ 9.32463984e-01,  3.61206282e-01,  2.28046987e-05,  3.78452000e-08,
        7.08756454e-04,  7.21488606e-04,  7.03097720e-04,  6.08132843e-03,
       -9.90278478e-06,  7.14132251e-04,  6.97014580e-04,  6.86286564e-04,
        1.72363742e-06,  7.29731412e-04,  6.64297749e-04])}
{'img': array([[[ 0.        , -0.52921967, -0.12763188, ...,  0.95477015,
          0.9208424 ,  0.99563972],
        [ 0.52921967,  0.        ,  0.41659779, ...,  0.65274725,
          0.57495957,  0.79541847],
        [ 0.12763188, -0.41659779,  0.        , ...,  0.90901098,
          0.86354326,  0.97559121],
        ...,
        [-0.95477015, -0.65274725, -0.90901098, ...,  0.        ,
          0.0984905 , -0.20698536],
        [-0.9208424 , -0.57495957, -0.86354326, ..., -0.0984905 ,
          0.        , -0.30233658],
        [-0.99563972, -0.79541847, -0.97559121, ...,  0.20698536,
          0.30233658,  0.        ]],

       [[ 0.        , -0.43575508,  0.02924702, ...,  0.12698654,
         -0.1274275 ,  0.30880192],
        [ 0.43575508,  0.        ,  0.4618929 , ...,  0.54652358,
          0.31750969,  0.69240004],
        [-0.02924702, -0.4618929 ,  0.        , ...,  0.09792197,
         -0.15638158,  0.28085221],
        ...,
        [-0.12698654, -0.54652358, -0.09792197, ...,  0.        ,
         -0.25234723,  0.18552175],
        [ 0.1274275 , -0.31750969,  0.15638158, ...,  0.25234723,
          0.        ,  0.42748418],
        [-0.30880192, -0.69240004, -0.28085221, ..., -0.18552175,
         -0.42748418,  0.        ]],

       [[ 0.        ,  0.43144201,  0.51142618, ...,  0.66915899,
          0.61045761,  0.61045761],
        [-0.43144201,  0.        ,  0.09062849, ...,  0.92428841,
          0.89244182,  0.89244182],
        [-0.51142618, -0.09062849,  0.        , ...,  0.95507718,
          0.92965739,  0.92965739],
        ...,
        [-0.66915899, -0.92428841, -0.95507718, ...,  0.        ,
          0.07636385,  0.07636385],
        [-0.61045761, -0.89244182, -0.92965739, ..., -0.07636385,
          0.        ,  0.        ],
        [-0.61045761, -0.89244182, -0.92965739, ..., -0.07636385,
          0.        ,  0.        ]],

       ...,

       [[ 0.        , -0.10127665,  0.01433041, ...,  0.34987312,
          0.55026889,  0.25805352],
        [ 0.10127665,  0.        ,  0.11552298, ...,  0.44294985,
          0.63200431,  0.35457315],
        [-0.01433041, -0.11552298,  0.        , ...,  0.33641251,
          0.53824667,  0.24418197],
        ...,
        [-0.34987312, -0.44294985, -0.33641251, ...,  0.        ,
          0.22335061, -0.09627936],
        [-0.55026889, -0.63200431, -0.53824667, ..., -0.22335061,
          0.        , -0.31616017],
        [-0.25805352, -0.35457315, -0.24418197, ...,  0.09627936,
          0.31616017,  0.        ]],

       [[ 0.        , -0.05585764, -0.09223855, ...,  0.85107114,
          0.88442394,  0.89441163],
        [ 0.05585764,  0.        , -0.03647502, ...,  0.87907048,
          0.90911101,  0.91799726],
        [ 0.09223855,  0.03647502,  0.        , ...,  0.89587286,
          0.92369987,  0.9318519 ],
        ...,
        [-0.85107114, -0.87907048, -0.89587286, ...,  0.        ,
          0.06718553,  0.08897411],
        [-0.88442394, -0.90911101, -0.92369987, ..., -0.06718553,
          0.        ,  0.021854  ],
        [-0.89441163, -0.91799726, -0.9318519 , ..., -0.08897411,
         -0.021854  ,  0.        ]],

       [[ 0.        , -0.01159515, -0.01665701, ...,  0.97614969,
          0.96932266,  0.94237215],
        [ 0.01159515,  0.        , -0.00506235, ...,  0.97356678,
          0.9664075 ,  0.93842945],
        [ 0.01665701,  0.00506235,  0.        , ...,  0.97239805,
          0.96509402,  0.93666853],
        ...,
        [-0.97614969, -0.97356678, -0.97239805, ...,  0.        ,
          0.02949099,  0.12199935],
        [-0.96932266, -0.9664075 , -0.96509402, ..., -0.02949099,
          0.        ,  0.09267559],
        [-0.94237215, -0.93842945, -0.93666853, ..., -0.12199935,
         -0.09267559,  0.        ]]]), 'num': array([9.68683823e-01, 2.48214591e-01, 2.85900489e-05, 1.39196003e-08,
       7.37430125e-04, 7.44745900e-04, 7.33040660e-04, 6.07522444e-03,
       4.38946503e-06, 7.39771173e-04, 7.22944891e-04, 7.11044563e-04,
       1.79569024e-06, 7.55555855e-04, 6.90333926e-04])}
{'img': array([[[ 0.        ,  0.41659779,  0.57495957, ...,  0.57495957,
          0.79541847,  0.71710058],
        [-0.41659779,  0.        ,  0.18183778, ...,  0.86354326,
          0.97559121,  0.94226565],
        [-0.57495957, -0.18183778,  0.        , ...,  0.94084294,
          0.99925728,  0.98744806],
        ...,
        [-0.57495957, -0.86354326, -0.94084294, ...,  0.        ,
         -0.30233658, -0.18598926],
        [-0.79541847, -0.97559121, -0.99925728, ...,  0.30233658,
          0.        ,  0.11977616],
        [-0.71710058, -0.94226565, -0.98744806, ...,  0.18598926,
