state_0,state_1,state_2,state_3,state_4,state_5,state_6,state_7,state_8,state_9,state_10,state_11,state_12,state_13,state_14,state_15,state_16,state_17,state_18,state_19,state_20,state_21,state_22,state_23,state_24,state_25,state_26,state_27,state_28,state_29,state_30,state_31,state_32,state_33,state_34,state_35,state_36,state_37,state_38,state_39,state_40,state_41,state_42,state_43,state_44,state_45,state_46,state_47,state_48,state_49,state_50,state_51,state_52,state_53,state_54,state_55,state_56,state_57,state_58,state_59,state_60,state_61,state_62,state_63,state_64,state_65,state_66,state_67,state_68,state_69,state_70,state_71,state_72,state_73,state_74,state_75,state_76,state_77,state_78,state_79,state_80,state_81,state_82,state_83,state_84,state_85,state_86,state_87,state_88,state_89,state_90,state_91,state_92,state_93,state_94,state_95,state_96,state_97,state_98,state_99,state_100,state_101,state_102,state_103,state_104,state_105,state_106,state_107,state_108,state_109,state_110,state_111,state_112,state_113,state_114,state_115,state_116,state_117,state_118,state_119,state_120,state_121,state_122,state_123,state_124,state_125,state_126,state_127,state_128,state_129,state_130,state_131,state_132,state_133,state_134,state_135,state_136,state_137,state_138,state_139,state_140,state_141,state_142,state_143,state_144,state_145,state_146,state_147,state_148,state_149,state_150,state_151,state_152,state_153,state_154,state_155,state_156,state_157,state_158,state_159,state_160,state_161,state_162,state_163,state_164,state_165,state_166,state_167,state_168,state_169,state_170,state_171,state_172,state_173,state_174,state_175,state_176,state_177,state_178,state_179,state_180,state_181,state_182,state_183,state_184,state_185,state_186,state_187,state_188,state_189,state_190,state_191,state_192,state_193,state_194,state_195,state_196,state_197,state_198,state_199,state_200,state_201,state_202,state_203,state_204,state_205,state_206,state_207,state_208,state_209,state_210,state_211,state_212,state_213,state_214,state_215,state_216,state_217,state_218,state_219,state_220,state_221,state_222,state_223,state_224,state_225,state_226,state_227,state_228,state_229,state_230,state_231,state_232,state_233,state_234,state_235,state_236,state_237,state_238,state_239,state_240,state_241,state_242,state_243,state_244,state_245,state_246,state_247,state_248,state_249,state_250,state_251,state_252,state_253,state_254,state_255,state_256,state_257,state_258,state_259,state_260,state_261,state_262,state_263,state_264,state_265,state_266,state_267,state_268,state_269,state_270,state_271,state_272,state_273,state_274,state_275,state_276,state_277,state_278,state_279,state_280,state_281,state_282,state_283,state_284,state_285,state_286,state_287
{'img': array([[[ 0.        , -0.99898824, -0.67420979, ...,  0.52696977,
          0.43880195,  0.40621826],
        [ 0.99898824,  0.        ,  0.70747203, ...,  0.8727231 ,
          0.9174085 ,  0.93112005],
        [ 0.67420979, -0.70747203,  0.        , ...,  0.96218832,
          0.92990674,  0.91608516],
        ...,
        [-0.52696977, -0.8727231 , -0.96218832, ...,  0.        ,
         -0.10059572, -0.13629396],
        [-0.43880195, -0.9174085 , -0.92990674, ...,  0.10059572,
          0.        , -0.03594558],
        [-0.40621826, -0.93112005, -0.91608516, ...,  0.13629396,
          0.03594558,  0.        ]],

       [[ 0.        ,  0.45761559,  0.49131564, ..., -0.27451115,
         -0.45761559, -0.31413398],
        [-0.45761559,  0.        , -0.83542813, ..., -0.19595417,
         -0.        , -0.15513821],
        [-0.49131564,  0.83542813,  0.        , ..., -0.71153537,
         -0.83542813, -0.7400495 ],
        ...,
        [ 0.27451115,  0.19595417,  0.71153537, ...,  0.        ,
         -0.19595417, -0.04145116],
        [ 0.45761559,  0.        ,  0.83542813, ...,  0.19595417,
          0.        ,  0.15513821],
        [ 0.31413398,  0.15513821,  0.7400495 , ...,  0.04145116,
         -0.15513821,  0.        ]],

       [[ 0.        , -0.32079631, -0.46148816, ...,  0.65259791,
          0.63890657,  0.62875996],
        [ 0.32079631,  0.        , -0.15250441, ...,  0.86117572,
          0.85192279,  0.8449799 ],
        [ 0.46148816,  0.15250441,  0.        , ...,  0.92862148,
          0.92181926,  0.91665506],
        ...,
        [-0.65259791, -0.86117572, -0.92862148, ...,  0.        ,
         -0.01793102, -0.03104559],
        [-0.63890657, -0.85192279, -0.92181926, ...,  0.01793102,
          0.        , -0.01311822],
        [-0.62875996, -0.8449799 , -0.91665506, ...,  0.03104559,
          0.01311822,  0.        ]],

       ...,

       [[ 0.        , -0.65707399,  0.2329617 , ...,  0.95067596,
          0.94709643,  0.95763402],
        [ 0.65707399,  0.        ,  0.81460781, ...,  0.92045935,
          0.92483334,  0.91111892],
        [-0.2329617 , -0.81460781,  0.        , ...,  0.85225757,
          0.84626907,  0.86419542],
        ...,
        [-0.95067596, -0.92045935, -0.85225757, ...,  0.        ,
         -0.0113428 ,  0.0232612 ],
        [-0.94709643, -0.92483334, -0.84626907, ...,  0.0113428 ,
          0.        ,  0.03459944],
        [-0.95763402, -0.91111892, -0.86419542, ..., -0.0232612 ,
         -0.03459944,  0.        ]],

       [[ 0.        ,  0.52508062,  0.63956217, ..., -0.65101969,
         -0.6394864 , -0.62450748],
        [-0.52508062,  0.        ,  0.14065083, ..., -0.95262007,
         -0.94791974, -0.9415865 ],
        [-0.63956217, -0.14065083,  0.        , ..., -0.98593107,
         -0.98329532, -0.97959359],
        ...,
        [ 0.65101969,  0.95262007,  0.98593107, ...,  0.        ,
          0.01509641,  0.03441946],
        [ 0.6394864 ,  0.94791974,  0.98329532, ..., -0.01509641,
          0.        ,  0.01932807],
        [ 0.62450748,  0.9415865 ,  0.97959359, ..., -0.03441946,
         -0.01932807,  0.        ]],

       [[ 0.        , -0.55754152, -0.72263529, ..., -0.14608241,
         -0.14851018, -0.13693619],
        [ 0.55754152,  0.        , -0.21450586, ...,  0.43029027,
          0.42807328,  0.43861196],
        [ 0.72263529,  0.21450586,  0.        , ...,  0.61390669,
          0.61196728,  0.62117364],
        ...,
        [ 0.14608241, -0.43029027, -0.61390669, ...,  0.        ,
         -0.00245454,  0.0092391 ],
        [ 0.14851018, -0.42807328, -0.61196728, ...,  0.00245454,
          0.        ,  0.01169351],
        [ 0.13693619, -0.43861196, -0.62117364, ..., -0.0092391 ,
         -0.01169351,  0.        ]]]), 'num': array([ 7.06997127e-01,  7.06997127e-01,  0.00000000e+00,  0.00000000e+00,
        6.19211651e-03,  6.32173265e-03,  6.18622486e-03,  8.95765360e-04,
       -1.29616140e-04,  6.33351593e-03,  6.22186930e-03,  6.02548121e-03,
        3.66838132e-06,  6.51712173e-03,  5.92661687e-03])}
{'img': array([[[ 0.        ,  0.70747203,  0.67234679, ...,  0.9174085 ,
          0.93112005,  0.99163068],
        [-0.70747203,  0.        , -0.04852121, ...,  0.92990674,
          0.91608516,  0.79216593],
        [-0.67234679,  0.04852121,  0.        , ...,  0.94665732,
          0.93446237,  0.82084565],
        ...,
        [-0.9174085 , -0.92990674, -0.94665732, ...,  0.        ,
         -0.03594558, -0.27617247],
        [-0.93112005, -0.91608516, -0.93446237, ...,  0.03594558,
          0.        , -0.2414464 ],
        [-0.99163068, -0.79216593, -0.82084565, ...,  0.27617247,
          0.2414464 ,  0.        ]],

       [[ 0.        , -0.83542813, -0.77169342, ..., -0.        ,
         -0.15513821, -0.29535082],
        [ 0.83542813,  0.        , -0.10720539, ..., -0.83542813,
         -0.7400495 , -0.63583401],
        [ 0.77169342,  0.10720539,  0.        , ..., -0.77169342,
         -0.66368327, -0.54942574],
        ...,
        [ 0.        ,  0.83542813,  0.77169342, ...,  0.        ,
          0.15513821,  0.29535082],
        [ 0.15513821,  0.7400495 ,  0.66368327, ..., -0.15513821,
          0.        ,  0.14355763],
        [ 0.29535082,  0.63583401,  0.54942574, ..., -0.29535082,
         -0.14355763,  0.        ]],

       [[ 0.        , -0.15250441, -0.3216662 , ...,  0.85192279,
          0.8449799 ,  0.76614383],
        [ 0.15250441,  0.        , -0.17350432, ...,  0.92181926,
          0.91665506,  0.85519197],
        [ 0.3216662 ,  0.17350432,  0.        , ...,  0.97509187,
          0.97209833,  0.93215063],
        ...,
        [-0.85192279, -0.92181926, -0.97509187, ...,  0.        ,
         -0.01311822, -0.14629993],
        [-0.8449799 , -0.91665506, -0.97209833, ...,  0.01311822,
          0.        , -0.13331027],
        [-0.76614383, -0.85519197, -0.93215063, ...,  0.14629993,
          0.13331027,  0.        ]],

       ...,

       [[ 0.        ,  0.81460781,  0.73361895, ...,  0.92483334,
          0.91111892,  0.85740043],
        [-0.81460781,  0.        , -0.12806782, ...,  0.84626907,
          0.86419542,  0.9165405 ],
        [-0.73361895,  0.12806782,  0.        , ...,  0.90752925,
          0.92151726,  0.96021285],
        ...,
        [-0.92483334, -0.84626907, -0.90752925, ...,  0.        ,
          0.03459944,  0.14983376],
        [-0.91111892, -0.86419542, -0.92151726, ..., -0.03459944,
          0.        ,  0.1155352 ],
        [-0.85740043, -0.9165405 , -0.96021285, ..., -0.14983376,
         -0.1155352 ,  0.        ]],

       [[ 0.        ,  0.14065083, -0.144541  , ..., -0.94791974,
         -0.9415865 , -0.94215411],
        [-0.14065083,  0.        , -0.28227798, ..., -0.98329532,
         -0.97959359, -0.97993175],
        [ 0.144541  ,  0.28227798,  0.        , ..., -0.89192781,
         -0.88302147, -0.88381312],
        ...,
        [ 0.94791974,  0.98329532,  0.89192781, ...,  0.        ,
          0.01932807,  0.0176389 ],
        [ 0.9415865 ,  0.97959359,  0.88302147, ..., -0.01932807,
          0.        , -0.00168946],
        [ 0.94215411,  0.97993175,  0.88381312, ..., -0.0176389 ,
          0.00168946,  0.        ]],

       [[ 0.        , -0.21450586, -0.38222812, ...,  0.42807328,
          0.43861196,  0.43475117],
        [ 0.21450586,  0.        , -0.17511288, ...,  0.61196728,
          0.62117364,  0.61780472],
        [ 0.38222812,  0.17511288,  0.        , ...,  0.7410052 ,
          0.74880672,  0.74595541],
        ...,
        [-0.42807328, -0.61196728, -0.7410052 , ...,  0.        ,
          0.01169351,  0.00740211],
        [-0.43861196, -0.62117364, -0.74880672, ..., -0.01169351,
          0.        , -0.00429158],
        [-0.43475117, -0.61780472, -0.74595541, ..., -0.00740211,
          0.00429158,  0.        ]]]), 'num': array([ 9.99688183e-01,  1.41743777e-03,  9.56198031e-06, -1.18895676e-09,
        8.75676092e-03,  8.89096415e-03,  8.69804701e-03,  1.06934813e-03,
       -5.87139142e-05,  8.93793528e-03,  8.84818687e-03,  8.59557725e-03,
        4.76205019e-06,  9.26850700e-03,  8.42786675e-03])}
{'img': array([[[ 0.        , -0.04852121, -0.1912567 , ...,  0.91608516,
          0.79216593,  0.7456989 ],
        [ 0.04852121,  0.        , -0.14340593, ...,  0.93446237,
          0.82084565,  0.77714944],
        [ 0.1912567 ,  0.14340593,  0.        , ...,  0.97586511,
          0.89426766,  0.85936445],
        ...,
        [-0.91608516, -0.93446237, -0.97586511, ...,  0.        ,
         -0.2414464 , -0.31135889],
        [-0.79216593, -0.82084565, -0.89426766, ...,  0.2414464 ,
          0.        , -0.0727024 ],
        [-0.7456989 , -0.77714944, -0.85936445, ...,  0.31135889,
          0.0727024 ,  0.        ]],

       [[ 0.        , -0.15992193, -0.20126496, ..., -0.91906243,
         -0.82608871, -0.89087297],
        [ 0.15992193,  0.        , -0.04202519, ..., -0.84420665,
         -0.72533425, -0.8067622 ],
        [ 0.20126496,  0.04202519,  0.        , ..., -0.82093458,
         -0.69576345, -0.78121778],
        ...,
        [ 0.91906243,  0.84420665,  0.82093458, ...,  0.        ,
          0.19235709,  0.06638273],
        [ 0.82608871,  0.72533425,  0.69576345, ..., -0.19235709,
          0.        , -0.12678976],
        [ 0.89087297,  0.8067622 ,  0.78121778, ..., -0.06638273,
          0.12678976,  0.        ]],

       [[ 0.        , -0.17350432, -0.38808318, ...,  0.91665506,
          0.85519197,  0.7641622 ],
        [ 0.17350432,  0.        , -0.22229136, ...,  0.97209833,
          0.93215063,  0.86448671],
        [ 0.38808318,  0.22229136,  0.        , ...,  0.99992042,
          0.98931368,  0.95459351],
        ...,
        [-0.91665506, -0.97209833, -0.99992042, ...,  0.        ,
         -0.13331027, -0.28584485],
        [-0.85519197, -0.93215063, -0.98931368, ...,  0.13331027,
          0.        , -0.15554547],
        [-0.7641622 , -0.86448671, -0.95459351, ...,  0.28584485,
          0.15554547,  0.        ]],

       ...,

       [[ 0.        , -0.27713842, -0.53809542, ...,  0.96930344,
          0.99288526,  0.94643783],
        [ 0.27713842,  0.        , -0.2834227 , ...,  0.99947517,
          0.98699421,  0.99885001],
        [ 0.53809542,  0.2834227 ,  0.        , ...,  0.94931048,
          0.90096074,  0.97148077],
        ...,
        [-0.96930344, -0.99947517, -0.94931048, ...,  0.        ,
          0.12869843, -0.08027629],
        [-0.99288526, -0.98699421, -0.90096074, ..., -0.12869843,
          0.        , -0.20789177],
        [-0.94643783, -0.99885001, -0.97148077, ...,  0.08027629,
          0.20789177,  0.        ]],

       [[ 0.        , -0.28227798, -0.41164827, ..., -0.97959359,
         -0.97993175, -0.98243765],
        [ 0.28227798,  0.        , -0.13765562, ..., -0.88302147,
         -0.88381312, -0.88981393],
        [ 0.41164827,  0.13765562,  0.        , ..., -0.81000897,
         -0.81099854, -0.81852754],
        ...,
        [ 0.97959359,  0.88302147,  0.81000897, ...,  0.        ,
         -0.00168946, -0.0146752 ],
        [ 0.97993175,  0.88381312,  0.81099854, ...,  0.00168946,
          0.        , -0.01298591],
        [ 0.98243765,  0.88981393,  0.81852754, ...,  0.0146752 ,
          0.01298591,  0.        ]],

       [[ 0.        , -0.17511288, -0.34686132, ...,  0.62117364,
          0.61780472,  0.60238392],
        [ 0.17511288,  0.        , -0.17726049, ...,  0.74880672,
          0.74595541,  0.73285234],
        [ 0.34686132,  0.17726049,  0.        , ...,  0.8544348 ,
          0.8521972 ,  0.84185273],
        ...,
        [-0.62117364, -0.74880672, -0.8544348 , ...,  0.        ,
         -0.00429158, -0.02375285],
        [-0.61780472, -0.74595541, -0.8521972 , ...,  0.00429158,
          0.        , -0.01946226],
        [-0.60238392, -0.73285234, -0.84185273, ...,  0.02375285,
          0.01946226,  0.        ]]]), 'num': array([ 7.13195746e-01,  7.00740011e-01,  1.19881957e-07, -5.03004713e-08,
        6.22786768e-03,  6.31777915e-03,  6.17392080e-03,  7.39971382e-04,
       -2.99704893e-05,  6.33336380e-03,  6.31867826e-03,  6.15024411e-03,
        3.40310072e-06,  6.62191742e-03,  6.01543911e-03])}
{'img': array([[[ 0.        , -0.14340593, -0.34011408, ...,  0.82084565,
          0.77714944,  0.74398153],
        [ 0.14340593,  0.        , -0.20174198, ...,  0.89426766,
          0.85936445,  0.83211557],
        [ 0.34011408,  0.20174198,  0.        , ...,  0.96616645,
          0.94485831,  0.92689275],
        ...,
        [-0.82084565, -0.89426766, -0.96616645, ...,  0.        ,
         -0.0727024 , -0.1235641 ],
        [-0.77714944, -0.85936445, -0.94485831, ...,  0.0727024 ,
          0.        , -0.05109185],
        [-0.74398153, -0.83211557, -0.92689275, ...,  0.1235641 ,
          0.05109185,  0.        ]],

       [[ 0.        , -0.04202519, -0.3822101 , ..., -0.72533425,
         -0.8067622 , -0.82233929],
        [ 0.04202519,  0.        , -0.34303798, ..., -0.69576345,
         -0.78121778, -0.79770057],
        [ 0.3822101 ,  0.34303798,  0.        , ..., -0.40715135,
         -0.51967027, -0.54242698],
        ...,
        [ 0.72533425,  0.69576345,  0.40715135, ...,  0.        ,
         -0.12678976, -0.15338243],
        [ 0.8067622 ,  0.78121778,  0.51967027, ...,  0.12678976,
          0.        , -0.02685513],
        [ 0.82233929,  0.79770057,  0.54242698, ...,  0.15338243,
          0.02685513,  0.        ]],

       [[ 0.        , -0.22229136, -0.50772197, ...,  0.93215063,
          0.86448671,  0.79087963],
        [ 0.22229136,  0.        , -0.30351024, ...,  0.98931368,
          0.95459351,  0.90712807],
        [ 0.50772197,  0.30351024,  0.        , ...,  0.98689858,
          0.99998277,  0.99207089],
        ...,
        [-0.93215063, -0.98931368, -0.98689858, ...,  0.        ,
         -0.15554547, -0.2840955 ],
        [-0.86448671, -0.95459351, -0.99998277, ...,  0.15554547,
          0.        , -0.13150132],
        [-0.79087963, -0.90712807, -0.99207089, ...,  0.2840955 ,
          0.13150132,  0.        ]],

       ...,

       [[ 0.        , -0.2834227 , -0.03676004, ...,  0.98699421,
          0.99885001,  0.99885001],
        [ 0.2834227 ,  0.        ,  0.24797844, ...,  0.90096074,
          0.97148077,  0.97148077],
        [ 0.03676004, -0.24797844,  0.        , ...,  0.98041773,
          0.99993734,  0.99993734],
        ...,
        [-0.98699421, -0.90096074, -0.98041773, ...,  0.        ,
         -0.20789177, -0.20789177],
        [-0.99885001, -0.97148077, -0.99993734, ...,  0.20789177,
          0.        ,  0.        ],
        [-0.99885001, -0.97148077, -0.99993734, ...,  0.20789177,
          0.        ,  0.        ]],

       [[ 0.        , -0.30914755, -0.41312183, ..., -0.9745371 ,
         -0.9774386 , -0.97809666],
        [ 0.30914755,  0.        , -0.11135149, ..., -0.85747949,
         -0.86425981, -0.86583427],
        [ 0.41312183,  0.11135149,  0.        , ..., -0.79485453,
         -0.80287017, -0.80473713],
        ...,
        [ 0.9745371 ,  0.85747949,  0.79485453, ...,  0.        ,
         -0.01332599, -0.01646395],
        [ 0.9774386 ,  0.86425981,  0.80287017, ...,  0.01332599,
          0.        , -0.00313831],
        [ 0.97809666,  0.86583427,  0.80473713, ...,  0.01646395,
          0.00313831,  0.        ]],

       [[ 0.        , -0.17726049, -0.36907282, ...,  0.74595541,
          0.73285234,  0.71877935],
        [ 0.17726049,  0.        , -0.19848218, ...,  0.8521972 ,
          0.84185273,  0.83063502],
        [ 0.36907282,  0.19848218,  0.        , ...,  0.9390923 ,
          0.93222593,  0.92462742],
        ...,
        [-0.74595541, -0.8521972 , -0.9390923 , ...,  0.        ,
         -0.01946226, -0.03991265],
        [-0.73285234, -0.84185273, -0.93222593, ...,  0.01946226,
          0.        , -0.02045834],
        [-0.71877935, -0.83063502, -0.92462742, ...,  0.03991265,
          0.02045834,  0.        ]]]), 'num': array([ 9.99674879e-01,  4.43737337e-03,  9.71911627e-06, -7.34276392e-08,
        8.73015356e-03,  8.89213883e-03,  8.69605140e-03,  1.14532112e-03,
       -1.27883109e-04,  8.91942056e-03,  8.97355775e-03,  8.75686692e-03,
        4.23661833e-06,  9.41902764e-03,  8.52808785e-03])}
{'img': array([[[ 0.00000000e+00, -2.01741983e-01, -6.06873024e-01, ...,
          8.59364447e-01,  8.32115566e-01,  7.39443486e-01],
        [ 2.01741983e-01,  0.00000000e+00, -4.34050642e-01, ...,
          9.44858309e-01,  9.26892753e-01,  8.60056031e-01],
        [ 6.06873024e-01,  4.34050642e-01,  0.00000000e+00, ...,
          9.93354615e-01,  9.97937614e-01,  9.96267025e-01],
        ...,
        [-8.59364447e-01, -9.44858309e-01, -9.93354615e-01, ...,
          0.00000000e+00, -5.10918548e-02, -2.00415666e-01],
        [-8.32115566e-01, -9.26892753e-01, -9.97937614e-01, ...,
          5.10918548e-02,  0.00000000e+00, -1.50098665e-01],
        [-7.39443486e-01, -8.60056031e-01, -9.96267025e-01, ...,
          2.00415666e-01,  1.50098665e-01,  0.00000000e+00]],

       [[ 0.00000000e+00, -3.43037984e-01,  2.64624005e-01, ...,
         -7.81217777e-01, -7.97700566e-01, -7.55320430e-01],
        [ 3.43037984e-01,  0.00000000e+00,  5.79376277e-01, ...,
         -5.19670272e-01, -5.42426980e-01, -4.84676857e-01],
        [-2.64624005e-01, -5.79376277e-01,  0.00000000e+00, ...,
         -9.18562473e-01, -9.28846364e-01, -9.01817356e-01],
        ...,
        [ 7.81217777e-01,  5.19670272e-01,  9.18562473e-01, ...,
          0.00000000e+00, -2.68551303e-02,  4.04602319e-02],
        [ 7.97700566e-01,  5.42426980e-01,  9.28846364e-01, ...,
          2.68551303e-02,  0.00000000e+00,  6.72787793e-02],
        [ 7.55320430e-01,  4.84676857e-01,  9.01817356e-01, ...,
         -4.04602319e-02, -6.72787793e-02,  0.00000000e+00]],

       [[ 0.00000000e+00, -3.03510239e-01, -3.06973035e-01, ...,
          9.54593512e-01,  9.07128072e-01,  8.39763152e-01],
        [ 3.03510239e-01,  0.00000000e+00, -3.63633602e-03, ...,
          9.99982769e-01,  9.92070891e-01,  9.64941757e-01],
        [ 3.06973035e-01,  3.63633602e-03,  0.00000000e+00, ...,
          9.99954810e-01,  9.92521345e-01,  9.65889785e-01],
        ...,
        [-9.54593512e-01, -9.99982769e-01, -9.99954810e-01, ...,
          0.00000000e+00, -1.31501317e-01, -2.68124264e-01],
        [-9.07128072e-01, -9.92070891e-01, -9.92521345e-01, ...,
          1.31501317e-01,  0.00000000e+00, -1.39109562e-01],
        [-8.39763152e-01, -9.64941757e-01, -9.65889785e-01, ...,
          2.68124264e-01,  1.39109562e-01,  0.00000000e+00]],

       ...,

       [[ 0.00000000e+00,  2.47978438e-01,  1.48462215e-01, ...,
          9.71480770e-01,  9.71480770e-01,  9.99860692e-01],
        [-2.47978438e-01,  0.00000000e+00, -1.01405281e-01, ...,
          9.99937343e-01,  9.99937343e-01,  9.64491531e-01],
        [-1.48462215e-01,  1.01405281e-01,  0.00000000e+00, ...,
          9.95918015e-01,  9.95918015e-01,  9.86302301e-01],
        ...,
        [-9.71480770e-01, -9.99937343e-01, -9.95918015e-01, ...,
          0.00000000e+00,  0.00000000e+00, -2.53300524e-01],
        [-9.71480770e-01, -9.99937343e-01, -9.95918015e-01, ...,
          0.00000000e+00,  0.00000000e+00, -2.53300524e-01],
        [-9.99860692e-01, -9.64491531e-01, -9.86302301e-01, ...,
          2.53300524e-01,  2.53300524e-01,  0.00000000e+00]],

       [[ 0.00000000e+00, -2.84591532e-01, -4.65708992e-01, ...,
         -9.70368220e-01, -9.71146092e-01, -9.70970788e-01],
        [ 2.84591532e-01,  0.00000000e+00, -1.94605559e-01, ...,
         -8.61476276e-01, -8.63117190e-01, -8.62746298e-01],
        [ 4.65708992e-01,  1.94605559e-01,  0.00000000e+00, ...,
         -7.46185933e-01, -7.48339231e-01, -7.47852172e-01],
        ...,
        [ 9.70368220e-01,  8.61476276e-01,  7.46185933e-01, ...,
          0.00000000e+00, -3.24033844e-03, -2.50636736e-03],
        [ 9.71146092e-01,  8.63117190e-01,  7.48339231e-01, ...,
          3.24033844e-03,  0.00000000e+00,  7.33974061e-04],
        [ 9.70970788e-01,  8.62746298e-01,  7.47852172e-01, ...,
          2.50636736e-03, -7.33974061e-04,  0.00000000e+00]],

       [[ 0.00000000e+00, -1.98482184e-01, -4.06008664e-01, ...,
          8.41852728e-01,  8.30635017e-01,  8.00157343e-01],
        [ 1.98482184e-01,  0.00000000e+00, -2.16544157e-01, ...,
          9.32225930e-01,  9.24627421e-01,  9.03285468e-01],
        [ 4.06008664e-01,  2.16544157e-01,  0.00000000e+00, ...,
          9.88469148e-01,  9.85164416e-01,  9.74759171e-01],
        ...,
        [-8.41852728e-01, -9.32225930e-01, -9.88469148e-01, ...,
          0.00000000e+00, -2.04583428e-02, -7.30842066e-02],
        [-8.30635017e-01, -9.24627421e-01, -9.85164416e-01, ...,
          2.04583428e-02,  0.00000000e+00, -5.26652780e-02],
        [-8.00157343e-01, -9.03285468e-01, -9.74759171e-01, ...,
          7.30842066e-02,  5.26652780e-02,  0.00000000e+00]]]), 'num': array([ 7.80054701e-01,  6.25147780e-01,  1.37328831e-06, -1.58030607e-07,
        7.37652005e-03,  7.57270409e-03,  6.96453355e-03,  1.75353222e-02,
        6.80104685e-04,  6.91352570e-03,  6.90894808e-03,  6.73652410e-03,
        4.58258183e-06,  7.31226947e-03,  6.50562668e-03])}
{'img': array([[[ 0.00000000e+00, -4.24936074e-01, -2.35100116e-01, ...,
          9.11435280e-01,  8.43252694e-01,  5.45523943e-01],
        [ 4.24936074e-01,  0.00000000e+00,  2.00207491e-01, ...,
          9.99889681e-01,  9.91742547e-01,  1.37684117e-01],
        [ 2.35100116e-01, -2.00207491e-01,  0.00000000e+00, ...,
          9.82619214e-01,  9.45987689e-01,  3.33197251e-01],
        ...,
        [-9.11435280e-01, -9.99889681e-01, -9.82619214e-01, ...,
          0.00000000e+00, -1.42961453e-01,  9.88321833e-01],
        [-8.43252694e-01, -9.91742547e-01, -9.45987689e-01, ...,
          1.42961453e-01,  0.00000000e+00,  9.99954647e-01],
        [-5.45523943e-01, -1.37684117e-01, -3.33197251e-01, ...,
         -9.88321833e-01, -9.99954647e-01,  0.00000000e+00]],

       [[ 0.00000000e+00,  3.66026875e-01,  4.86649645e-01, ...,
         -3.68106411e-01, -3.25889391e-01,  5.17067965e-01],
        [-3.66026875e-01,  0.00000000e+00,  1.33118178e-01, ...,
         -6.82887212e-01, -6.49318763e-01,  7.94484295e-01],
        [-4.86649645e-01, -1.33118178e-01,  0.00000000e+00, ...,
         -7.74055634e-01, -7.44778491e-01,  8.68254154e-01],
        ...,
        [ 3.68106411e-01,  6.82887212e-01,  7.74055634e-01, ...,
          0.00000000e+00,  4.50040768e-02,  1.65682749e-01],
        [ 3.25889391e-01,  6.49318763e-01,  7.44778491e-01, ...,
         -4.50040768e-02,  0.00000000e+00,  2.09896960e-01],
        [-5.17067965e-01, -7.94484295e-01, -8.68254154e-01, ...,
         -1.65682749e-01, -2.09896960e-01,  0.00000000e+00]],

       [[ 0.00000000e+00, -3.63633602e-03, -1.60441674e-01, ...,
          9.92070891e-01,  9.64941757e-01,  9.93093161e-01],
        [ 3.63633602e-03,  0.00000000e+00, -1.56851385e-01, ...,
          9.92521345e-01,  9.65889785e-01,  9.93513241e-01],
        [ 1.60441674e-01,  1.56851385e-01,  0.00000000e+00, ...,
          9.99383169e-01,  9.94551428e-01,  9.99052338e-01],
        ...,
        [-9.92070891e-01, -9.92521345e-01, -9.99383169e-01, ...,
          0.00000000e+00, -1.39109562e-01,  8.41331770e-03],
        [-9.64941757e-01, -9.65889785e-01, -9.94551428e-01, ...,
          1.39109562e-01,  0.00000000e+00,  1.47436154e-01],
        [-9.93093161e-01, -9.93513241e-01, -9.99052338e-01, ...,
         -8.41331770e-03, -1.47436154e-01,  0.00000000e+00]],

       ...,

       [[ 0.00000000e+00, -2.00297200e-01, -6.25331508e-02, ...,
          9.99443468e-01,  9.75012466e-01,  8.30318651e-01],
        [ 2.00297200e-01,  0.00000000e+00,  1.38639268e-01, ...,
          9.72508423e-01,  9.99750072e-01,  7.01868987e-01],
        [ 6.25331508e-02, -1.38639268e-01,  0.00000000e+00, ...,
          9.95401466e-01,  9.86996006e-01,  7.93844592e-01],
        ...,
        [-9.99443468e-01, -9.72508423e-01, -9.95401466e-01, ...,
          0.00000000e+00, -2.54550958e-01,  5.29281024e-01],
        [-9.75012466e-01, -9.99750072e-01, -9.86996006e-01, ...,
          2.54550958e-01,  0.00000000e+00,  7.27819059e-01],
        [-8.30318651e-01, -7.01868987e-01, -7.93844592e-01, ...,
         -5.29281024e-01, -7.27819059e-01,  0.00000000e+00]],

       [[ 0.00000000e+00, -3.80616775e-01, -5.47963325e-01, ...,
         -9.64349376e-01, -9.64149367e-01, -9.05954995e-01],
        [ 3.80616775e-01,  0.00000000e+00, -1.88332866e-01, ...,
         -7.91042049e-01, -7.90580089e-01, -6.76623110e-01],
        [ 5.47963325e-01,  1.88332866e-01,  0.00000000e+00, ...,
         -6.61671704e-01, -6.61105599e-01, -5.25840063e-01],
        ...,
        [ 9.64349376e-01,  7.91042049e-01,  6.61671704e-01, ...,
          0.00000000e+00,  7.54762163e-04,  1.68535456e-01],
        [ 9.64149367e-01,  7.90580089e-01,  6.61105599e-01, ...,
         -7.54762163e-04,  0.00000000e+00,  1.67791442e-01],
        [ 9.05954995e-01,  6.76623110e-01,  5.25840063e-01, ...,
         -1.68535456e-01, -1.67791442e-01,  0.00000000e+00]],

       [[ 0.00000000e+00, -2.16544157e-01, -4.11997592e-01, ...,
          9.24627421e-01,  9.03285468e-01,  8.64114306e-01],
        [ 2.16544157e-01,  0.00000000e+00, -2.04910280e-01, ...,
          9.85164416e-01,  9.74759171e-01,  9.52597037e-01],
        [ 4.11997592e-01,  2.04910280e-01,  0.00000000e+00, ...,
          9.99425275e-01,  9.99823577e-01,  9.94724515e-01],
        ...,
        [-9.24627421e-01, -9.85164416e-01, -9.99425275e-01, ...,
          0.00000000e+00, -5.26652780e-02, -1.36243234e-01],
        [-9.03285468e-01, -9.74759171e-01, -9.99823577e-01, ...,
          5.26652780e-02,  0.00000000e+00, -8.38799625e-02],
        [-8.64114306e-01, -9.52597037e-01, -9.94724515e-01, ...,
          1.36243234e-01,  8.38799625e-02,  0.00000000e+00]]]), 'num': array([ 9.99600824e-01,  7.33639778e-03,  9.27349931e-06, -5.36781052e-08,
        9.45013739e-03,  9.88290069e-03,  9.45013739e-03,  5.86712221e-03,
       -5.12250438e-04,  9.37065025e-03,  9.34282975e-03,  9.11791060e-03,
        4.74416470e-06,  9.88701482e-03,  8.79864469e-03])}
