state_0,state_1,state_2,state_3,state_4,state_5,state_6,state_7,state_8,state_9,state_10,state_11,state_12,state_13,state_14,state_15,state_16,state_17,state_18,state_19,state_20,state_21,state_22,state_23,state_24,state_25,state_26,state_27,state_28,state_29,state_30,state_31,state_32,state_33,state_34,state_35,state_36,state_37,state_38,state_39,state_40,state_41,state_42,state_43,state_44,state_45,state_46,state_47,state_48,state_49,state_50,state_51,state_52,state_53,state_54,state_55,state_56,state_57,state_58,state_59,state_60,state_61,state_62,state_63,state_64,state_65,state_66,state_67,state_68,state_69,state_70,state_71,state_72,state_73,state_74,state_75,state_76,state_77,state_78,state_79,state_80,state_81,state_82,state_83,state_84,state_85,state_86,state_87,state_88,state_89,state_90,state_91,state_92,state_93,state_94,state_95,state_96,state_97,state_98,state_99,state_100,state_101,state_102,state_103,state_104,state_105,state_106,state_107,state_108,state_109,state_110,state_111,state_112,state_113,state_114,state_115,state_116,state_117,state_118,state_119,state_120,state_121,state_122,state_123,state_124,state_125,state_126,state_127,state_128,state_129,state_130,state_131,state_132,state_133,state_134,state_135,state_136,state_137,state_138,state_139,state_140,state_141,state_142,state_143,state_144,state_145,state_146,state_147,state_148,state_149,state_150,state_151,state_152,state_153,state_154,state_155,state_156,state_157,state_158,state_159,state_160,state_161,state_162,state_163,state_164,state_165,state_166,state_167,state_168,state_169,state_170,state_171,state_172,state_173,state_174,state_175,state_176,state_177,state_178,state_179,state_180,state_181,state_182,state_183,state_184,state_185,state_186,state_187,state_188,state_189,state_190,state_191,state_192,state_193,state_194,state_195,state_196,state_197,state_198,state_199,state_200,state_201,state_202,state_203,state_204,state_205,state_206,state_207,state_208,state_209,state_210,state_211,state_212,state_213,state_214,state_215,state_216,state_217,state_218,state_219,state_220,state_221,state_222,state_223,state_224,state_225,state_226,state_227,state_228,state_229,state_230,state_231,state_232,state_233,state_234,state_235,state_236,state_237,state_238,state_239,state_240,state_241,state_242,state_243,state_244,state_245,state_246,state_247,state_248,state_249,state_250,state_251,state_252,state_253,state_254,state_255,state_256,state_257,state_258,state_259,state_260,state_261,state_262,state_263,state_264,state_265,state_266,state_267,state_268,state_269,state_270,state_271,state_272,state_273,state_274,state_275,state_276,state_277,state_278,state_279,state_280,state_281,state_282,state_283,state_284,state_285,state_286,state_287
{'img': array([[[ 0.        , -0.27818451, -0.65444633, ..., -0.87220774,
         -0.40267296, -0.58147257],
        [ 0.27818451,  0.        , -0.41827615, ..., -0.97384961,
         -0.64141301, -0.78484195],
        [ 0.65444633,  0.41827615,  0.        , ..., -0.97959666,
         -0.9035079 , -0.97209162],
        ...,
        [ 0.87220774,  0.97384961,  0.97959666, ...,  0.        ,
         -0.60140835, -0.42517961],
        [ 0.40267296,  0.64141301,  0.9035079 , ...,  0.60140835,
          0.        ,  0.20464635],
        [ 0.58147257,  0.78484195,  0.97209162, ...,  0.42517961,
         -0.20464635,  0.        ]],

       [[ 0.        ,  0.68899643, -0.12936408, ..., -0.02432277,
         -0.05903745, -0.22364097],
        [-0.68899643,  0.        , -0.58944838, ..., -0.6711643 ,
         -0.6450064 , -0.50945816],
        [ 0.12936408,  0.58944838,  0.        , ...,  0.10520741,
          0.07059707, -0.09567426],
        ...,
        [ 0.02432277,  0.6711643 , -0.10520741, ...,  0.        ,
         -0.03473963, -0.19986809],
        [ 0.05903745,  0.6450064 , -0.07059707, ...,  0.03473963,
          0.        , -0.16570877],
        [ 0.22364097,  0.50945816,  0.09567426, ...,  0.19986809,
          0.16570877,  0.        ]],

       [[ 0.        , -0.38936137, -0.609419  , ..., -0.58966918,
         -0.43817383, -0.        ],
        [ 0.38936137,  0.        , -0.25262224, ..., -0.8576012 ,
         -0.75358852, -0.38936137],
        [ 0.609419  ,  0.25262224,  0.        , ..., -0.95971237,
         -0.89520619, -0.609419  ],
        ...,
        [ 0.58966918,  0.8576012 ,  0.95971237, ...,  0.        ,
         -0.17615903, -0.58966918],
        [ 0.43817383,  0.75358852,  0.89520619, ...,  0.17615903,
          0.        , -0.43817383],
        [ 0.        ,  0.38936137,  0.609419  , ...,  0.58966918,
          0.43817383,  0.        ]],

       ...,

       [[ 0.        ,  0.21853403, -0.39221862, ..., -0.99831001,
         -0.85017806, -0.21853403],
        [-0.21853403,  0.        , -0.58376177, ..., -0.96148051,
         -0.71457155, -0.        ],
        [ 0.39221862,  0.58376177,  0.        , ..., -0.94111047,
         -0.98855627, -0.58376177],
        ...,
        [ 0.99831001,  0.96148051,  0.94111047, ...,  0.        ,
         -0.47619906, -0.96148051],
        [ 0.85017806,  0.71457155,  0.98855627, ...,  0.47619906,
          0.        , -0.71457155],
        [ 0.21853403,  0.        ,  0.58376177, ...,  0.96148051,
          0.71457155,  0.        ]],

       [[ 0.        ,  0.07459644,  0.04815873, ..., -0.60247032,
         -0.58898298, -0.47018927],
        [-0.07459644,  0.        , -0.02648533, ..., -0.54125323,
         -0.52705719, -0.40304298],
        [-0.04815873,  0.02648533,  0.        , ..., -0.5633338 ,
         -0.54938033, -0.42714047],
        ...,
        [ 0.60247032,  0.54125323,  0.5633338 , ...,  0.        ,
         -0.01679201, -0.15644212],
        [ 0.58898298,  0.52705719,  0.54938033, ...,  0.01679201,
          0.        , -0.13983481],
        [ 0.47018927,  0.40304298,  0.42714047, ...,  0.15644212,
          0.13983481,  0.        ]],

       [[ 0.        ,  0.53557428,  0.69167973, ...,  0.77065151,
          0.63024546,  0.48314912],
        [-0.53557428,  0.        ,  0.19732124, ...,  0.30950769,
          0.11641711, -0.06090197],
        [-0.69167973, -0.19732124,  0.        , ...,  0.11579027,
         -0.08185131, -0.25665953],
        ...,
        [-0.77065151, -0.30950769, -0.11579027, ...,  0.        ,
         -0.19670249, -0.36684467],
        [-0.63024546, -0.11641711,  0.08185131, ...,  0.19670249,
          0.        , -0.17668888],
        [-0.48314912,  0.06090197,  0.25665953, ...,  0.36684467,
          0.17668888,  0.        ]]]), 'num': array([ 7.07105500e-01,  7.07105500e-01,  0.00000000e+00,  0.00000000e+00,
        6.27973570e-04,  6.33781418e-04,  6.20713760e-04,  4.73049224e-04,
       -5.80784805e-06,  6.37556520e-04,  6.66305368e-04,  6.90190143e-04,
        2.01040894e-07,  7.08683261e-04,  6.23927474e-04])}
{'img': array([[[ 0.        , -0.41071513, -0.34589949, ..., -0.8612593 ,
         -0.88801636, -0.63274654],
        [ 0.41071513,  0.        ,  0.06998372, ..., -0.99397634,
         -0.99851279, -0.89495628],
        [ 0.34589949, -0.06998372,  0.        , ..., -0.98386939,
         -0.99224919, -0.86153846],
        ...,
        [ 0.8612593 ,  0.99397634,  0.98386939, ...,  0.        ,
          0.05524224, -0.34538376],
        [ 0.88801636,  0.99851279,  0.99224919, ..., -0.05524224,
          0.        , -0.39669907],
        [ 0.63274654,  0.89495628,  0.86153846, ...,  0.34538376,
          0.39669907,  0.        ]],

       [[ 0.        , -0.58944838, -0.3922763 , ..., -0.6450064 ,
         -0.50945816, -0.57503348],
        [ 0.58944838,  0.        , -0.22531942, ...,  0.07059707,
         -0.09567426, -0.01772982],
        [ 0.3922763 ,  0.22531942,  0.        , ...,  0.29353889,
          0.13107181,  0.20801011],
        ...,
        [ 0.6450064 , -0.07059707, -0.29353889, ...,  0.        ,
         -0.16570877, -0.08827155],
        [ 0.50945816,  0.09567426, -0.13107181, ...,  0.16570877,
          0.        ,  0.07801074],
        [ 0.57503348,  0.01772982, -0.20801011, ...,  0.08827155,
         -0.07801074,  0.        ]],

       [[ 0.        , -0.48439469, -0.58327554, ..., -0.63051965,
         -0.48439469, -0.        ],
        [ 0.48439469,  0.        , -0.11681697, ..., -0.92758407,
         -0.84754498, -0.48439469],
        [ 0.58327554,  0.11681697,  0.        , ..., -0.96487784,
         -0.90373975, -0.58327554],
        ...,
        [ 0.63051965,  0.92758407,  0.96487784, ...,  0.        ,
         -0.17563563, -0.63051965],
        [ 0.48439469,  0.84754498,  0.90373975, ...,  0.17563563,
          0.        , -0.48439469],
        [ 0.        ,  0.48439469,  0.58327554, ...,  0.63051965,
          0.48439469,  0.        ]],

       ...,

       [[ 0.        , -0.58326174, -0.4083072 , ..., -0.7177357 ,
         -0.08733108, -0.        ],
        [ 0.58326174,  0.        ,  0.2007658 , ..., -0.98913969,
         -0.65197095, -0.58326174],
        [ 0.4083072 , -0.2007658 ,  0.        , ..., -0.93949183,
         -0.4864669 , -0.4083072 ],
        ...,
        [ 0.7177357 ,  0.98913969,  0.93949183, ...,  0.        ,
         -0.65418348, -0.7177357 ],
        [ 0.08733108,  0.65197095,  0.4864669 , ...,  0.65418348,
          0.        , -0.08733108],
        [ 0.        ,  0.58326174,  0.4083072 , ...,  0.7177357 ,
          0.08733108,  0.        ]],

       [[ 0.        , -0.02648533, -0.02952013, ..., -0.52705719,
         -0.40304298, -0.39888102],
        [ 0.02648533,  0.        , -0.00303599, ..., -0.54938033,
         -0.42714047, -0.42302821],
        [ 0.02952013,  0.00303599,  0.        , ..., -0.55191458,
         -0.42988359, -0.42577722],
        ...,
        [ 0.52705719,  0.54938033,  0.55191458, ...,  0.        ,
         -0.13983481, -0.14433188],
        [ 0.40304298,  0.42714047,  0.42988359, ...,  0.13983481,
          0.        , -0.00454315],
        [ 0.39888102,  0.42302821,  0.42577722, ...,  0.14433188,
          0.00454315,  0.        ]],

       [[ 0.        ,  0.19563891,  0.33160759, ...,  0.11530147,
         -0.06012058, -0.54082921],
        [-0.19563891,  0.        ,  0.14063045, ..., -0.08126072,
         -0.25424384, -0.69493646],
        [-0.33160759, -0.14063045,  0.        , ..., -0.22061853,
         -0.38772656, -0.78915359],
        ...,
        [-0.11530147,  0.08126072,  0.22061853, ...,  0.        ,
         -0.17481252, -0.63420598],
        [ 0.06012058,  0.25424384,  0.38772656, ...,  0.17481252,
          0.        , -0.48928154],
        [ 0.54082921,  0.69493646,  0.78915359, ...,  0.63420598,
          0.48928154,  0.        ]]]), 'num': array([ 9.99996165e-01,  7.66393374e-04,  2.34011656e-05, -2.95058639e-10,
        8.88204242e-04,  9.04845071e-04,  8.88204242e-04,  4.09926019e-04,
       -1.14405699e-05,  9.05469102e-04,  9.51595399e-04,  9.85587759e-04,
        2.52584010e-07,  1.01883610e-03,  8.84354703e-04])}
{'img': array([[[ 0.        ,  0.06745864,  0.87959236, ..., -0.99264572,
         -0.99956738, -0.87959236],
        [-0.06745864,  0.        ,  0.84549674, ..., -0.99855079,
         -0.99530635, -0.84549674],
        [-0.87959236, -0.84549674,  0.        , ..., -0.57870919,
         -0.44965189, -0.        ],
        ...,
        [ 0.99264572,  0.99855079,  0.57870919, ...,  0.        ,
         -0.1501989 , -0.57870919],
        [ 0.99956738,  0.99530635,  0.44965189, ...,  0.1501989 ,
          0.        , -0.44965189],
        [ 0.87959236,  0.84549674,  0.        , ...,  0.57870919,
          0.44965189,  0.        ]],

       [[ 0.        , -0.31349529,  0.70282945, ..., -0.13517695,
         -0.02523845, -0.31977922],
        [ 0.31349529,  0.        ,  0.89040715, ...,  0.18225522,
          0.28942926, -0.00662476],
        [-0.70282945, -0.89040715,  0.        , ..., -0.79253777,
         -0.72055916, -0.89340297],
        ...,
        [ 0.13517695, -0.18225522,  0.79253777, ...,  0.        ,
          0.1101271 , -0.18876502],
        [ 0.02523845, -0.28942926,  0.72055916, ..., -0.1101271 ,
          0.        , -0.29576413],
        [ 0.31977922,  0.00662476,  0.89340297, ...,  0.18876502,
          0.29576413,  0.        ]],

       [[ 0.        , -0.2696859 , -0.04100033, ..., -0.69946794,
         -0.50818888, -0.09871249],
        [ 0.2696859 ,  0.        ,  0.22997794, ..., -0.86628629,
         -0.72162545, -0.36342379],
        [ 0.04100033, -0.22997794,  0.        , ..., -0.72818124,
         -0.54307292, -0.13942957],
        ...,
        [ 0.69946794,  0.86628629,  0.72818124, ...,  0.        ,
         -0.23922943, -0.62550547],
        [ 0.50818888,  0.72162545,  0.54307292, ...,  0.23922943,
          0.        , -0.42069118],
        [ 0.09871249,  0.36342379,  0.13942957, ...,  0.62550547,
          0.42069118,  0.        ]],

       ...,

       [[ 0.        ,  0.43981565, -0.76751837, ..., -0.7303429 ,
         -0.72274828, -0.43981565],
        [-0.43981565,  0.        , -0.97123278, ..., -0.35548266,
         -0.34513002, -0.        ],
        [ 0.76751837,  0.97123278,  0.        , ..., -0.99244647,
         -0.9937418 , -0.97123278],
        ...,
        [ 0.7303429 ,  0.35548266,  0.99244647, ...,  0.        ,
         -0.01105287, -0.35548266],
        [ 0.72274828,  0.34513002,  0.9937418 , ...,  0.01105287,
          0.        , -0.34513002],
        [ 0.43981565,  0.        ,  0.97123278, ...,  0.35548266,
          0.34513002,  0.        ]],

       [[ 0.        , -0.00303599,  0.2576939 , ..., -0.42714047,
         -0.42302821, -0.55987002],
        [ 0.00303599,  0.        ,  0.26062616, ..., -0.42988359,
         -0.42577722, -0.562383  ],
        [-0.2576939 , -0.26062616,  0.        , ..., -0.17971146,
         -0.17524042, -0.32744119],
        ...,
        [ 0.42714047,  0.42988359,  0.17971146, ...,  0.        ,
         -0.00454315,  0.15230599],
        [ 0.42302821,  0.42577722,  0.17524042, ...,  0.00454315,
          0.        ,  0.15679457],
        [ 0.55987002,  0.562383  ,  0.32744119, ..., -0.15230599,
         -0.15679457,  0.        ]],

       [[ 0.        ,  0.11751871,  0.25760486, ..., -0.19348841,
         -0.38832684, -0.79703312],
        [-0.11751871,  0.        ,  0.14226734, ..., -0.30744558,
         -0.49393204, -0.86248395],
        [-0.25760486, -0.14226734,  0.        , ..., -0.43969504,
         -0.61260942, -0.92571028],
        ...,
        [ 0.19348841,  0.30744558,  0.43969504, ...,  0.        ,
         -0.20268468, -0.6651167 ],
        [ 0.38832684,  0.49393204,  0.61260942, ...,  0.20268468,
          0.        , -0.49995893],
        [ 0.79703312,  0.86248395,  0.92571028, ...,  0.6651167 ,
          0.49995893,  0.        ]]]), 'num': array([ 8.44221605e-01,  5.35989673e-01,  7.11852037e-06, -2.42778648e-08,
        7.57326614e-04,  7.62573681e-04,  7.45957970e-04,  2.62195919e-04,
        1.04941332e-05,  7.57151712e-04,  7.97248046e-04,  8.26675345e-04,
        3.84254878e-07,  8.56284412e-04,  7.38211681e-04])}
{'img': array([[[ 0.        ,  0.84549674,  0.66529706, ..., -0.99530635,
         -0.84549674, -0.9971303 ],
        [-0.84549674,  0.        , -0.27597418, ..., -0.44965189,
         -0.        , -0.46844031],
        [-0.66529706,  0.27597418,  0.        , ..., -0.67869089,
         -0.27597418, -0.69407031],
        ...,
        [ 0.99530635,  0.44965189,  0.67869089, ...,  0.        ,
         -0.44965189,  0.02114745],
        [ 0.84549674,  0.        ,  0.27597418, ...,  0.44965189,
          0.        ,  0.46844031],
        [ 0.9971303 ,  0.46844031,  0.69407031, ..., -0.02114745,
         -0.46844031,  0.        ]],

       [[ 0.        ,  0.89040715,  0.76493036, ...,  0.28942926,
         -0.00662476, -0.16200893],
        [-0.89040715,  0.        , -0.22535336, ..., -0.72055916,
         -0.89340297, -0.95238503],
        [-0.76493036,  0.22535336,  0.        , ..., -0.54576574,
         -0.76918067, -0.85917714],
        ...,
        [-0.28942926,  0.72055916,  0.54576574, ...,  0.        ,
         -0.29576413, -0.44068055],
        [ 0.00662476,  0.89340297,  0.76918067, ...,  0.29576413,
          0.        , -0.15546813],
        [ 0.16200893,  0.95238503,  0.85917714, ...,  0.44068055,
          0.15546813,  0.        ]],

       [[ 0.        ,  0.22668246,  0.3583936 , ..., -0.79305978,
         -0.64851226, -0.3583936 ],
        [-0.22668246,  0.        ,  0.13744008, ..., -0.63433321,
         -0.45907901, -0.13744008],
        [-0.3583936 , -0.13744008,  0.        , ..., -0.52206404,
         -0.33262125, -0.        ],
        ...,
        [ 0.79305978,  0.63433321,  0.52206404, ...,  0.        ,
         -0.20864322, -0.52206404],
        [ 0.64851226,  0.45907901,  0.33262125, ...,  0.20864322,
          0.        , -0.33262125],
        [ 0.3583936 ,  0.13744008,  0.        , ...,  0.52206404,
          0.33262125,  0.        ]],

       ...,

       [[ 0.        , -0.97123278, -0.98946027, ..., -0.34513002,
         -0.        , -0.76375661],
        [ 0.97123278,  0.        , -0.09498325, ..., -0.9937418 ,
         -0.97123278, -0.80880992],
        [ 0.98946027,  0.09498325,  0.        , ..., -0.97863919,
         -0.98946027, -0.74929637],
        ...,
        [ 0.34513002,  0.9937418 ,  0.97863919, ...,  0.        ,
         -0.34513002,  0.49404458],
        [ 0.        ,  0.97123278,  0.98946027, ...,  0.34513002,
          0.        ,  0.76375661],
        [ 0.76375661,  0.80880992,  0.74929637, ..., -0.49404458,
         -0.76375661,  0.        ]],

       [[ 0.        ,  0.26062616,  0.22240726, ..., -0.42577722,
         -0.562383  , -0.54905019],
        [-0.26062616,  0.        , -0.03937766, ..., -0.17524042,
         -0.32744119, -0.31224633],
        [-0.22240726,  0.03937766,  0.        , ..., -0.21387282,
         -0.36439405, -0.34941297],
        ...,
        [ 0.42577722,  0.17524042,  0.21387282, ...,  0.        ,
          0.15679457,  0.14093593],
        [ 0.562383  ,  0.32744119,  0.36439405, ..., -0.15679457,
          0.        , -0.01603683],
        [ 0.54905019,  0.31224633,  0.34941297, ..., -0.14093593,
          0.01603683,  0.        ]],

       [[ 0.        ,  0.13199471,  0.31290885, ..., -0.43193398,
         -0.64057639, -0.89751162],
        [-0.13199471,  0.        ,  0.18480468, ..., -0.54720146,
         -0.73632962, -0.94786722],
        [-0.31290885, -0.18480468,  0.        , ..., -0.69245775,
         -0.84868964, -0.99043135],
        ...,
        [ 0.43193398,  0.54720146,  0.69245775, ...,  0.        ,
         -0.24605949, -0.6189915 ],
        [ 0.64057639,  0.73632962,  0.84868964, ...,  0.24605949,
          0.        , -0.40670588],
        [ 0.89751162,  0.94786722,  0.99043135, ...,  0.6189915 ,
          0.40670588,  0.        ]]]), 'num': array([ 9.99430556e-01,  3.36403825e-02,  2.22276229e-05, -1.84735419e-08,
        8.96741147e-04,  9.02932685e-04,  8.90549608e-04,  2.90630813e-04,
        3.09576921e-06,  8.93026224e-04,  9.37398916e-04,  9.73017460e-04,
        5.20024224e-07,  1.00873578e-03,  8.66062051e-04])}
{'img': array([[[ 0.        , -0.27597418, -0.75951873, ..., -0.        ,
         -0.46844031, -0.51966694],
        [ 0.27597418,  0.        , -0.55050567, ..., -0.27597418,
         -0.69407031, -0.73526947],
        [ 0.75951873,  0.55050567,  0.        , ..., -0.75951873,
         -0.97574471, -0.98694498],
        ...,
        [ 0.        ,  0.27597418,  0.75951873, ...,  0.        ,
          0.46844031,  0.51966694],
        [ 0.46844031,  0.69407031,  0.97574471, ..., -0.46844031,
          0.        ,  0.05890237],
        [ 0.51966694,  0.73526947,  0.98694498, ..., -0.51966694,
         -0.05890237,  0.        ]],

       [[ 0.        , -0.22535336, -0.42971688, ..., -0.89340297,
         -0.95238503, -0.96312123],
        [ 0.22535336,  0.        , -0.21517742, ..., -0.76918067,
         -0.85917714, -0.87771162],
        [ 0.42971688,  0.21517742,  0.        , ..., -0.61365746,
         -0.72894929, -0.7540405 ],
        ...,
        [ 0.89340297,  0.76918067,  0.61365746, ...,  0.        ,
         -0.15546813, -0.19230218],
        [ 0.95238503,  0.85917714,  0.72894929, ...,  0.15546813,
          0.        , -0.03739752],
        [ 0.96312123,  0.87771162,  0.7540405 , ...,  0.19230218,
          0.03739752,  0.        ]],

       [[ 0.        ,  0.13727811, -0.12014614, ..., -0.47094408,
         -0.2328938 , -0.13727811],
        [-0.13727811,  0.        , -0.25529236, ..., -0.34538376,
         -0.09718563, -0.        ],
        [ 0.12014614,  0.25529236,  0.        , ..., -0.57352115,
         -0.34804916, -0.25529236],
        ...,
        [ 0.47094408,  0.34538376,  0.57352115, ...,  0.        ,
         -0.25254383, -0.34538376],
        [ 0.2328938 ,  0.09718563,  0.34804916, ...,  0.25254383,
          0.        , -0.09718563],
        [ 0.13727811,  0.        ,  0.25529236, ...,  0.34538376,
          0.09718563,  0.        ]],

       ...,

       [[ 0.        , -0.09544278, -0.25370571, ..., -0.97003444,
         -0.81067025, -0.71790108],
        [ 0.09544278,  0.        , -0.16022749, ..., -0.98879564,
         -0.75108744, -0.64818178],
        [ 0.25370571,  0.16022749,  0.        , ..., -0.99993856,
         -0.63560085, -0.51779641],
        ...,
        [ 0.97003444,  0.98879564,  0.99993856, ...,  0.        ,
          0.76492455,  0.84971134],
        [ 0.81067025,  0.75108744,  0.63560085, ..., -0.76492455,
          0.        ,  0.14401091],
        [ 0.71790108,  0.64818178,  0.51779641, ..., -0.84971134,
         -0.14401091,  0.        ]],

       [[ 0.        , -0.03937766, -0.28037802, ..., -0.32744119,
         -0.31224633, -0.24772125],
        [ 0.03937766,  0.        , -0.24236235, ..., -0.36439405,
         -0.34941297, -0.28567942],
        [ 0.28037802,  0.24236235,  0.        , ..., -0.57922863,
         -0.56608147, -0.50942408],
        ...,
        [ 0.32744119,  0.36439405,  0.57922863, ...,  0.        ,
         -0.01603683, -0.08317053],
        [ 0.31224633,  0.34941297,  0.56608147, ...,  0.01603683,
          0.        , -0.06717856],
        [ 0.24772125,  0.28567942,  0.50942408, ...,  0.08317053,
          0.06717856,  0.        ]],

       [[ 0.        ,  0.17716678,  0.34233377, ..., -0.67270438,
         -0.79946141, -0.9614288 ],
        [-0.17716678,  0.        ,  0.17045626, ..., -0.79315047,
         -0.89324178, -0.99495023],
        [-0.34233377, -0.17045626,  0.        , ..., -0.88535515,
         -0.95680255, -0.99749799],
        ...,
        [ 0.67270438,  0.79315047,  0.88535515, ...,  0.        ,
         -0.18742531, -0.52634212],
        [ 0.79946141,  0.89324178,  0.95680255, ...,  0.18742531,
          0.        , -0.35765207],
        [ 0.9614288 ,  0.99495023,  0.99749799, ...,  0.52634212,
          0.35765207,  0.        ]]]), 'num': array([ 9.05505021e-01,  4.24328775e-01,  1.12424356e-05, -1.19561753e-08,
        8.07342694e-04,  8.24319526e-04,  8.04513222e-04,  3.66756168e-04,
       -1.22610456e-05,  8.13001638e-04,  8.52331300e-04,  8.86112052e-04,
        4.37406308e-07,  9.18309454e-04,  7.86353145e-04])}
{'img': array([[[ 0.        , -0.73026095, -0.96360595, ..., -0.4727658 ,
         -0.52437872, -0.1980198 ],
        [ 0.73026095,  0.        , -0.46308678, ..., -0.96647588,
         -0.98004528, -0.85108119],
        [ 0.96360595,  0.46308678,  0.        , ..., -0.97550105,
         -0.9606766 , -0.99746063],
        ...,
        [ 0.4727658 ,  0.96647588,  0.97550105, ...,  0.        ,
          0.05952324, -0.2889114 ],
        [ 0.52437872,  0.98004528,  0.9606766 , ..., -0.05952324,
          0.        , -0.34538406],
        [ 0.1980198 ,  0.85108119,  0.99746063, ...,  0.2889114 ,
          0.34538406,  0.        ]],

       [[ 0.        , -0.21517742,  0.24905513, ..., -0.85917714,
         -0.87771162, -0.77403266],
        [ 0.21517742,  0.        ,  0.45161804, ..., -0.72894929,
         -0.7540405 , -0.61966227],
        [-0.24905513, -0.45161804,  0.        , ..., -0.95953997,
         -0.96939885, -0.90733053],
        ...,
        [ 0.85917714,  0.72894929,  0.95953997, ...,  0.        ,
         -0.03739752,  0.14792861],
        [ 0.87771162,  0.7540405 ,  0.96939885, ...,  0.03739752,
          0.        ,  0.1848112 ],
        [ 0.77403266,  0.61966227,  0.90733053, ..., -0.14792861,
         -0.1848112 ,  0.        ]],

       [[ 0.        , -0.25280443, -0.41056142, ..., -0.29363872,
         -0.27808371, -0.        ],
        [ 0.25280443,  0.        , -0.16670991, ..., -0.52576048,
         -0.51188385, -0.25280443],
        [ 0.41056142,  0.16670991,  0.        , ..., -0.66021188,
         -0.64793347, -0.41056142],
        ...,
        [ 0.29363872,  0.52576048,  0.66021188, ...,  0.        ,
         -0.01623188, -0.29363872],
        [ 0.27808371,  0.51188385,  0.64793347, ...,  0.01623188,
          0.        , -0.27808371],
        [ 0.        ,  0.25280443,  0.41056142, ...,  0.29363872,
          0.27808371,  0.        ]],

       ...,

       [[ 0.        , -0.16022749, -0.45672497, ..., -0.75108744,
         -0.64818178, -0.71268395],
        [ 0.16022749,  0.        , -0.30828448, ..., -0.63560085,
         -0.51779641, -0.59107892],
        [ 0.45672497,  0.30828448,  0.        , ..., -0.36664228,
         -0.22883816, -0.31362347],
        ...,
        [ 0.75108744,  0.63560085,  0.36664228, ...,  0.        ,
          0.14401091,  0.05636088],
        [ 0.64818178,  0.51779641,  0.22883816, ..., -0.14401091,
          0.        , -0.08800862],
        [ 0.71268395,  0.59107892,  0.31362347, ..., -0.05636088,
          0.08800862,  0.        ]],

       [[ 0.        , -0.27683638, -0.47701168, ..., -0.35000649,
         -0.29513065, -0.        ],
        [ 0.27683638,  0.        , -0.21505802, ..., -0.59565294,
         -0.54810131, -0.27683638],
        [ 0.47701168,  0.21505802,  0.        , ..., -0.75445903,
         -0.71515354, -0.47701168],
        ...,
        [ 0.35000649,  0.59565294,  0.75445903, ...,  0.        ,
         -0.05795329, -0.35000649],
        [ 0.29513065,  0.54810131,  0.71515354, ...,  0.05795329,
          0.        , -0.29513065],
        [ 0.        ,  0.27683638,  0.47701168, ...,  0.35000649,
          0.29513065,  0.        ]],

       [[ 0.        ,  0.16435915,  0.3428891 , ..., -0.831853  ,
         -0.90338371, -0.99816235],
        [-0.16435915,  0.        ,  0.18383097, ..., -0.91175895,
         -0.96158085, -0.99454747],
        [-0.3428891 , -0.18383097,  0.        , ..., -0.97172474,
         -0.99565909, -0.95842747],
        ...,
        [ 0.831853  ,  0.91175895,  0.97172474, ...,  0.        ,
         -0.14464821, -0.5035689 ],
        [ 0.90338371,  0.96158085,  0.99565909, ...,  0.14464821,
          0.        , -0.37330338],
        [ 0.99816235,  0.99454747,  0.95842747, ...,  0.5035689 ,
          0.37330338,  0.        ]]]), 'num': array([ 9.48518940e-01,  3.16710504e-01,  1.49363697e-05, -2.85033779e-08,
        8.42411249e-04,  8.58343377e-04,  8.33449427e-04,  3.60802946e-04,
       -9.95757978e-06,  8.54559496e-04,  8.93891936e-04,  9.32046063e-04,
        4.97878989e-07,  9.61714971e-04,  8.26068902e-04])}
{'img': array([[[ 0.        , -0.84918848, -0.65823903, ..., -0.67087215,
         -0.46053711, -0.        ],
        [ 0.84918848,  0.        ,  0.29166734, ..., -0.98401607,
         -0.99697903, -0.84918848],
        [ 0.65823903, -0.29166734,  0.        , ..., -0.9931709 ,
         -0.93097607, -0.65823903],
        ...,
        [ 0.67087215,  0.98401607,  0.9931709 , ...,  0.        ,
         -0.25397135, -0.67087215],
        [ 0.46053711,  0.99697903,  0.93097607, ...,  0.25397135,
          0.        , -0.46053711],
        [ 0.        ,  0.84918848,  0.65823903, ...,  0.67087215,
          0.46053711,  0.        ]],

       [[ 0.        ,  0.45161804, -0.52685602, ..., -0.7540405 ,
         -0.61966227, -0.65048062],
        [-0.45161804,  0.        , -0.85392174, ..., -0.96939885,
         -0.90733053, -0.92338043],
        [ 0.52685602,  0.85392174,  0.        , ..., -0.2948464 ,
         -0.11317204, -0.15271978],
        ...,
        [ 0.7540405 ,  0.96939885,  0.2948464 , ...,  0.        ,
          0.1848112 ,  0.14545715],
        [ 0.61966227,  0.90733053,  0.11317204, ..., -0.1848112 ,
          0.        , -0.03989414],
        [ 0.65048062,  0.92338043,  0.15271978, ..., -0.14545715,
          0.03989414,  0.        ]],

       [[ 0.        , -0.32811819, -0.38821549, ..., -0.3989906 ,
         -0.29280981, -0.        ],
        [ 0.32811819,  0.        , -0.06433916, ..., -0.67777077,
         -0.59033589, -0.32811819],
        [ 0.38821549,  0.06433916,  0.        , ..., -0.72367336,
         -0.64104461, -0.38821549],
        ...,
        [ 0.3989906 ,  0.67777077,  0.72367336, ...,  0.        ,
         -0.11300969, -0.3989906 ],
        [ 0.29280981,  0.59033589,  0.64104461, ...,  0.11300969,
          0.        , -0.29280981],
        [ 0.        ,  0.32811819,  0.38821549, ...,  0.3989906 ,
          0.29280981,  0.        ]],

       ...,

       [[ 0.        , -0.30828448, -0.09448399, ..., -0.51779641,
         -0.59107892, -0.52497443],
        [ 0.30828448,  0.        ,  0.21702326, ..., -0.22883816,
         -0.31362347, -0.23701867],
        [ 0.09448399, -0.21702326,  0.        , ..., -0.43464857,
         -0.51222258, -0.44220887],
        ...,
        [ 0.51779641,  0.22883816,  0.43464857, ...,  0.        ,
         -0.08800862, -0.00841181],
        [ 0.59107892,  0.31362347,  0.51222258, ...,  0.08800862,
          0.        ,  0.07962633],
        [ 0.52497443,  0.23701867,  0.44220887, ...,  0.00841181,
         -0.07962633,  0.        ]],

       [[ 0.        , -0.39186765, -0.61317978, ..., -0.49539141,
         -0.40995853, -0.        ],
        [ 0.39186765,  0.        , -0.25458538, ..., -0.79617442,
         -0.73459482, -0.39186765],
        [ 0.61317978,  0.25458538,  0.        , ..., -0.92398197,
         -0.88312786, -0.61317978],
        ...,
        [ 0.49539141,  0.79617442,  0.92398197, ...,  0.        ,
         -0.09572994, -0.49539141],
        [ 0.40995853,  0.73459482,  0.88312786, ...,  0.09572994,
          0.        , -0.40995853],
        [ 0.        ,  0.39186765,  0.61317978, ...,  0.49539141,
          0.40995853,  0.        ]],

       [[ 0.        ,  0.17982295,  0.46214582, ..., -0.93103442,
         -0.98035289, -0.99177368],
        [-0.17982295,  0.        ,  0.29514467, ..., -0.98148066,
         -0.99984252, -0.95258876],
        [-0.46214582, -0.29514467,  0.        , ..., -0.99429651,
         -0.96053984, -0.82035242],
        ...,
        [ 0.93103442,  0.98148066,  0.99429651, ...,  0.        ,
         -0.17411345, -0.48110524],
        [ 0.98035289,  0.99984252,  0.96053984, ...,  0.17411345,
          0.        , -0.32111785],
        [ 0.99177368,  0.95258876,  0.82035242, ...,  0.48110524,
          0.32111785,  0.        ]]]), 'num': array([ 9.52582710e-01,  3.04269652e-01,  1.51829756e-05, -4.37490936e-08,
        8.48577300e-04,  8.48577300e-04,  8.32678896e-04,  2.68126579e-04,
        7.94920187e-06,  8.52750631e-04,  8.86783151e-04,  9.27257837e-04,
        6.21031396e-07,  9.50866967e-04,  8.22699336e-04])}
{'img': array([[[ 0.        ,  0.32449978,  0.54350195, ..., -0.99111537,
         -0.81362119, -0.982808  ],
        [-0.32449978,  0.        ,  0.24170308, ..., -0.89432185,
         -0.58093005, -0.86971155],
        [-0.54350195, -0.24170308,  0.        , ..., -0.75966163,
         -0.36697055, -0.72462976],
        ...,
        [ 0.99111537,  0.89432185,  0.75966163, ...,  0.        ,
         -0.46801423, -0.05227182],
        [ 0.81362119,  0.58093005,  0.36697055, ...,  0.46801423,
          0.        ,  0.4211807 ],
        [ 0.982808  ,  0.86971155,  0.72462976, ...,  0.05227182,
         -0.4211807 ,  0.        ]],

       [[ 0.        , -0.85392174, -0.60608593, ..., -0.90733053,
         -0.92338043, -0.97555698],
        [ 0.85392174,  0.        ,  0.36380066, ..., -0.11317204,
         -0.15271978, -0.32003485],
        [ 0.60608593, -0.36380066,  0.        , ..., -0.46688052,
         -0.50178804, -0.64277189],
        ...,
        [ 0.90733053,  0.11317204,  0.46688052, ...,  0.        ,
         -0.03989414, -0.21075892],
        [ 0.92338043,  0.15271978,  0.50178804, ...,  0.03989414,
          0.        , -0.1715931 ],
        [ 0.97555698,  0.32003485,  0.64277189, ...,  0.21075892,
          0.1715931 ,  0.        ]],

       [[ 0.        , -0.21653341, -0.50623393, ..., -0.29685395,
         -0.        , -0.        ],
        [ 0.21653341,  0.        , -0.30748604, ..., -0.49658386,
         -0.21653341, -0.21653341],
        [ 0.50623393,  0.30748604,  0.        , ..., -0.73942008,
         -0.50623393, -0.50623393],
        ...,
        [ 0.29685395,  0.49658386,  0.73942008, ...,  0.        ,
         -0.29685395, -0.29685395],
        [ 0.        ,  0.21653341,  0.50623393, ...,  0.29685395,
          0.        ,  0.        ],
        [ 0.        ,  0.21653341,  0.50623393, ...,  0.29685395,
          0.        ,  0.        ]],

       ...,

       [[ 0.        ,  0.21702326,  0.23373201, ..., -0.31362347,
         -0.23701867,  0.01135004],
        [-0.21702326,  0.        ,  0.01714939, ..., -0.51222258,
         -0.44220887, -0.20592976],
        [-0.23373201, -0.01714939,  0.        , ..., -0.52687606,
         -0.45752534, -0.2226813 ],
        ...,
        [ 0.31362347,  0.51222258,  0.52687606, ...,  0.        ,
          0.07962633,  0.32438066],
        [ 0.23701867,  0.44220887,  0.45752534, ..., -0.07962633,
          0.        ,  0.24803002],
        [-0.01135004,  0.20592976,  0.2226813 , ..., -0.32438066,
         -0.24803002,  0.        ]],

       [[ 0.        , -0.49097706, -0.78000938, ..., -0.58014986,
         -0.43265312, -0.        ],
        [ 0.49097706,  0.        , -0.37228508, ..., -0.90531621,
         -0.81956101, -0.49097706],
        [ 0.78000938,  0.37228508,  0.        , ..., -0.99836436,
         -0.97396602, -0.78000938],
        ...,
        [ 0.58014986,  0.90531621,  0.99836436, ...,  0.        ,
         -0.17063999, -0.58014986],
        [ 0.43265312,  0.81956101,  0.97396602, ...,  0.17063999,
          0.        , -0.43265312],
        [ 0.        ,  0.49097706,  0.78000938, ...,  0.58014986,
          0.43265312,  0.        ]],

       [[ 0.        ,  0.29309658,  0.95027374, ..., -0.99770665,
         -0.99356432, -0.95027374],
        [-0.29309658,  0.        ,  0.8172655 , ..., -0.97372884,
         -0.91673096, -0.8172655 ],
        [-0.95027374, -0.8172655 ,  0.        , ..., -0.37502221,
         -0.20177483, -0.        ],
        ...,
        [ 0.99770665,  0.97372884,  0.37502221, ...,  0.        ,
         -0.18026026, -0.37502221],
        [ 0.99356432,  0.91673096,  0.20177483, ...,  0.18026026,
          0.        , -0.20177483],
        [ 0.95027374,  0.8172655 ,  0.        , ...,  0.37502221,
          0.20177483,  0.        ]]]), 'num': array([ 9.29153512e-01,  3.69683168e-01,  1.38140826e-05, -3.17237161e-08,
        8.10826586e-04,  8.54871487e-04,  8.00816381e-04,  1.45762596e-03,
       -4.40449010e-05,  8.47864343e-04,  8.85853070e-04,  9.31266033e-04,
        4.10056581e-07,  9.52112687e-04,  8.19593454e-04])}
{'img': array([[[ 0.        ,  0.21894395, -0.15997413, ..., -0.98868321,
         -0.99860182, -0.53293871],
        [-0.21894395,  0.        , -0.37221696, ..., -0.93184962,
         -0.96279933, -0.33474798],
        [ 0.15997413,  0.37221696,  0.        , ..., -0.99994922,
         -0.99419761, -0.66143783],
        ...,
        [ 0.98868321,  0.93184962,  0.99994922, ...,  0.        ,
          0.09754467, -0.75662752],
        [ 0.99860182,  0.96279933,  0.99419761, ..., -0.09754467,
          0.        , -0.81679848],
        [ 0.53293871,  0.33474798,  0.66143783, ...,  0.75662752,
          0.81679848,  0.        ]],

       [[ 0.        ,  0.36380066,  0.54391849, ..., -0.15271978,
         -0.32003485,  0.7545779 ],
        [-0.36380066,  0.        ,  0.2013685 , ..., -0.50178804,
         -0.64277189,  0.46414202],
        [-0.54391849, -0.2013685 ,  0.        , ..., -0.66569106,
         -0.78386494,  0.27627001],
        ...,
        [ 0.15271978,  0.50178804,  0.66569106, ...,  0.        ,
         -0.1715931 ,  0.84594267],
        [ 0.32003485,  0.64277189,  0.78386494, ...,  0.1715931 ,
          0.        ,  0.92490168],
        [-0.7545779 , -0.46414202, -0.27627001, ..., -0.84594267,
         -0.92490168,  0.        ]],

       [[ 0.        , -0.45200876, -0.66366323, ..., -0.48589759,
         -0.48589759, -0.        ],
        [ 0.45200876,  0.        , -0.25387977, ..., -0.82848999,
         -0.82848999, -0.45200876],
        [ 0.66366323,  0.25387977,  0.        , ..., -0.94351882,
         -0.94351882, -0.66366323],
        ...,
        [ 0.48589759,  0.82848999,  0.94351882, ...,  0.        ,
          0.        , -0.48589759],
        [ 0.48589759,  0.82848999,  0.94351882, ...,  0.        ,
          0.        , -0.48589759],
        [ 0.        ,  0.45200876,  0.66366323, ...,  0.48589759,
          0.48589759,  0.        ]],

       ...,

       [[ 0.        ,  0.01714939, -0.0317697 , ..., -0.44220887,
         -0.20592976, -0.61854492],
        [-0.01714939,  0.        , -0.04890577, ..., -0.45752534,
         -0.2226813 , -0.63192908],
        [ 0.0317697 ,  0.04890577,  0.        , ..., -0.41349102,
         -0.17473703, -0.59326966],
        ...,
        [ 0.44220887,  0.45752534,  0.41349102, ...,  0.        ,
          0.24803002, -0.20731505],
        [ 0.20592976,  0.2226813 ,  0.17473703, ..., -0.24803002,
          0.        , -0.44347831],
        [ 0.61854492,  0.63192908,  0.59326966, ...,  0.20731505,
          0.44347831,  0.        ]],

       [[ 0.        , -0.66546865, -0.68268729, ..., -0.55515447,
         -0.3586715 , -0.        ],
        [ 0.66546865,  0.        , -0.02331037, ..., -0.96788335,
         -0.88891259, -0.66546865],
        [ 0.68268729,  0.02331037,  0.        , ..., -0.97348058,
         -0.89934899, -0.68268729],
        ...,
        [ 0.55515447,  0.96788335,  0.97348058, ...,  0.        ,
         -0.21989259, -0.55515447],
        [ 0.3586715 ,  0.88891259,  0.89934899, ...,  0.21989259,
          0.        , -0.3586715 ],
        [ 0.        ,  0.66546865,  0.68268729, ...,  0.55515447,
          0.3586715 ,  0.        ]],

       [[ 0.        ,  0.80038494,  0.49834611, ..., -0.99166866,
         -0.98554371, -0.80038494],
        [-0.80038494,  0.        , -0.39516456, ..., -0.49139041,
         -0.45521775, -0.        ],
        [-0.49834611,  0.39516456,  0.        , ..., -0.7955607 ,
         -0.77001441, -0.39516456],
        ...,
        [ 0.99166866,  0.49139041,  0.7955607 , ...,  0.        ,
         -0.04105719, -0.49139041],
        [ 0.98554371,  0.45521775,  0.77001441, ...,  0.04105719,
          0.        , -0.45521775],
        [ 0.80038494,  0.        ,  0.39516456, ...,  0.49139041,
          0.45521775,  0.        ]]]), 'num': array([ 9.87804271e-01,  1.55679316e-01,  1.99789915e-05, -9.78120508e-08,
        8.65894898e-04,  8.73171325e-04,  8.36789187e-04,  4.99578737e-04,
        2.39082625e-05,  8.72963427e-04,  9.14335116e-04,  9.64126672e-04,
        5.79387687e-07,  9.81706238e-04,  8.46963995e-04])}
{'img': array([[[ 0.        , -0.37221696,  0.33474798, ..., -0.96279933,
         -0.33474798, -0.85174671],
        [ 0.37221696,  0.        ,  0.66143783, ..., -0.99419761,
         -0.66143783, -0.98556957],
        [-0.33474798, -0.66143783,  0.        , ..., -0.81679848,
         -0.        , -0.62721501],
        ...,
        [ 0.96279933,  0.99419761,  0.81679848, ...,  0.        ,
         -0.81679848, -0.27430554],
        [ 0.33474798,  0.66143783,  0.        , ...,  0.81679848,
          0.        ,  0.62721501],
