state_0,state_1,state_2,state_3,state_4,state_5,state_6,state_7,state_8,state_9,state_10,state_11,state_12,state_13,state_14,state_15,state_16,state_17,state_18,state_19,state_20,state_21,state_22,state_23,state_24,state_25,state_26,state_27,state_28,state_29,state_30,state_31,state_32,state_33,state_34,state_35,state_36,state_37,state_38,state_39,state_40,state_41,state_42,state_43,state_44,state_45,state_46,state_47,state_48,state_49,state_50,state_51,state_52,state_53,state_54,state_55,state_56,state_57,state_58,state_59,state_60,state_61,state_62,state_63,state_64,state_65,state_66,state_67,state_68,state_69,state_70,state_71,state_72,state_73,state_74,state_75,state_76,state_77,state_78,state_79,state_80,state_81,state_82,state_83,state_84,state_85,state_86,state_87,state_88,state_89,state_90,state_91,state_92,state_93,state_94,state_95,state_96,state_97,state_98,state_99,state_100,state_101,state_102,state_103,state_104,state_105,state_106,state_107,state_108,state_109,state_110,state_111,state_112,state_113,state_114,state_115,state_116,state_117,state_118,state_119,state_120,state_121,state_122,state_123,state_124,state_125,state_126,state_127,state_128,state_129,state_130,state_131,state_132,state_133,state_134,state_135,state_136,state_137,state_138,state_139,state_140,state_141,state_142,state_143,state_144,state_145,state_146,state_147,state_148,state_149,state_150,state_151,state_152,state_153,state_154,state_155,state_156,state_157,state_158,state_159,state_160,state_161,state_162,state_163,state_164,state_165,state_166,state_167,state_168,state_169,state_170,state_171,state_172,state_173,state_174,state_175,state_176,state_177,state_178,state_179,state_180,state_181,state_182,state_183,state_184,state_185,state_186,state_187,state_188,state_189,state_190,state_191,state_192,state_193,state_194,state_195,state_196,state_197,state_198,state_199,state_200,state_201,state_202,state_203,state_204,state_205,state_206,state_207,state_208,state_209,state_210,state_211,state_212,state_213,state_214,state_215,state_216,state_217,state_218,state_219,state_220,state_221,state_222,state_223,state_224,state_225,state_226,state_227,state_228,state_229,state_230,state_231,state_232,state_233,state_234,state_235,state_236,state_237,state_238,state_239,state_240,state_241,state_242,state_243,state_244,state_245,state_246,state_247,state_248,state_249,state_250,state_251,state_252,state_253,state_254,state_255,state_256,state_257,state_258,state_259,state_260,state_261,state_262,state_263,state_264,state_265,state_266,state_267,state_268,state_269,state_270,state_271,state_272,state_273,state_274,state_275,state_276,state_277,state_278,state_279,state_280,state_281,state_282,state_283,state_284,state_285,state_286,state_287
{'img': array([[[ 0.00000000e+00,  1.21203360e-01,  3.07148399e-01, ...,
         -8.75973468e-01, -8.80171913e-01, -8.92148660e-01],
        [-1.21203360e-01,  0.00000000e+00,  1.89539422e-01, ...,
         -8.11051960e-01, -8.16153234e-01, -8.30818831e-01],
        [-3.07148399e-01, -1.89539422e-01,  0.00000000e+00, ...,
         -6.85474456e-01, -6.91836304e-01, -7.10271839e-01],
        ...,
        [ 8.75973468e-01,  8.11051960e-01,  6.85474456e-01, ...,
          0.00000000e+00,  8.77388018e-03,  3.46222509e-02],
        [ 8.80171913e-01,  8.16153234e-01,  6.91836304e-01, ...,
         -8.77388018e-03,  0.00000000e+00,  2.58522983e-02],
        [ 8.92148660e-01,  8.30818831e-01,  7.10271839e-01, ...,
         -3.46222509e-02, -2.58522983e-02,  0.00000000e+00]],

       [[ 0.00000000e+00, -1.28737875e-01, -7.28610558e-02, ...,
         -1.28859897e-01, -3.41764739e-01, -1.54983111e-01],
        [ 1.28737875e-01,  0.00000000e+00,  5.61409490e-02, ...,
         -1.23046325e-04, -2.17934803e-01, -2.65110921e-02],
        [ 7.28610558e-02, -5.61409490e-02,  0.00000000e+00, ...,
         -5.62638008e-02, -2.72382596e-01, -8.25904968e-02],
        ...,
        [ 1.28859897e-01,  1.23046325e-04,  5.62638008e-02, ...,
          0.00000000e+00, -2.17814713e-01, -2.63880889e-02],
        [ 3.41764739e-01,  2.17934803e-01,  2.72382596e-01, ...,
          2.17814713e-01,  0.00000000e+00,  1.91984350e-01],
        [ 1.54983111e-01,  2.65110921e-02,  8.25904968e-02, ...,
          2.63880889e-02, -1.91984350e-01,  0.00000000e+00]],

       [[ 0.00000000e+00, -2.44310841e-01, -3.65250961e-01, ...,
         -6.12716182e-01, -5.91833000e-01, -5.95120656e-01],
        [ 2.44310841e-01,  0.00000000e+00, -1.26751567e-01, ...,
         -7.87228623e-01, -7.70828011e-01, -7.73423772e-01],
        [ 3.65250961e-01,  1.26751567e-01,  0.00000000e+00, ...,
         -8.59042006e-01, -8.45357131e-01, -8.47532183e-01],
        ...,
        [ 6.12716182e-01,  7.87228623e-01,  8.59042006e-01, ...,
          0.00000000e+00, -2.61589644e-02, -2.20753471e-02],
        [ 5.91833000e-01,  7.70828011e-01,  8.45357131e-01, ...,
          2.61589644e-02,  0.00000000e+00,  4.08479691e-03],
        [ 5.95120656e-01,  7.73423772e-01,  8.47532183e-01, ...,
          2.20753471e-02, -4.08479691e-03,  0.00000000e+00]],

       ...,

       [[ 0.00000000e+00,  3.78881610e-02,  3.44272271e-01, ...,
          9.66140890e-01,  7.47538601e-01,  5.91323580e-01],
        [-3.78881610e-02,  0.00000000e+00,  3.08453026e-01, ...,
          9.55671470e-01,  7.21835845e-01,  5.60344686e-01],
        [-3.44272271e-01, -3.08453026e-01,  0.00000000e+00, ...,
          8.18253120e-01,  4.73169492e-01,  2.77542885e-01],
        ...,
        [-9.66140890e-01, -9.55671470e-01, -8.18253120e-01, ...,
          0.00000000e+00, -4.48852294e-01, -6.26558838e-01],
        [-7.47538601e-01, -7.21835845e-01, -4.73169492e-01, ...,
          4.48852294e-01,  0.00000000e+00, -2.10072852e-01],
        [-5.91323580e-01, -5.60344686e-01, -2.77542885e-01, ...,
          6.26558838e-01,  2.10072852e-01,  0.00000000e+00]],

       [[ 0.00000000e+00, -1.66094455e-01, -2.53866755e-01, ...,
         -5.19594142e-01, -4.57689184e-01, -4.72808655e-01],
        [ 1.66094455e-01,  0.00000000e+00, -8.96874392e-02, ...,
         -6.54290196e-01, -5.99008428e-01, -6.12597912e-01],
        [ 2.53866755e-01,  8.96874392e-02,  0.00000000e+00, ...,
         -7.19478931e-01, -6.68410965e-01, -6.81017596e-01],
        ...,
        [ 5.19594142e-01,  6.54290196e-01,  7.19478931e-01, ...,
          0.00000000e+00, -7.09218385e-02, -5.38742774e-02],
        [ 4.57689184e-01,  5.99008428e-01,  6.68410965e-01, ...,
          7.09218385e-02,  0.00000000e+00,  1.70802253e-02],
        [ 4.72808655e-01,  6.12597912e-01,  6.81017596e-01, ...,
          5.38742774e-02, -1.70802253e-02,  0.00000000e+00]],

       [[ 0.00000000e+00,  9.40985933e-02,  2.44571676e-01, ...,
         -8.90672885e-01, -8.93224595e-01, -8.92995262e-01],
        [-9.40985933e-02,  0.00000000e+00,  1.52245550e-01, ...,
         -8.43939438e-01, -8.46953514e-01, -8.46682354e-01],
        [-2.44571676e-01, -1.52245550e-01,  0.00000000e+00, ...,
         -7.52431013e-01, -7.56136396e-01, -7.55802670e-01],
        ...,
        [ 8.90672885e-01,  8.43939438e-01,  7.52431013e-01, ...,
          0.00000000e+00,  5.64373683e-03,  5.13393169e-03],
        [ 8.93224595e-01,  8.46953514e-01,  7.56136396e-01, ...,
         -5.64373683e-03,  0.00000000e+00, -5.09812522e-04],
        [ 8.92995262e-01,  8.46682354e-01,  7.55802670e-01, ...,
         -5.13393169e-03,  5.09812522e-04,  0.00000000e+00]]]), 'num': array([6.92028002e-01, 6.92028002e-01, 0.00000000e+00, 0.00000000e+00,
       8.78875562e-03, 9.42888153e-03, 7.95832202e-03, 2.04075252e-01,
       8.99636403e-04, 8.01022412e-03, 7.70486677e-03, 8.60277310e-03,
       2.60578445e-05, 8.48698662e-03, 6.92274691e-03])}
{'img': array([[[ 0.00000000e+00,  1.89539422e-01, -1.75047048e-01, ...,
         -8.16153234e-01, -8.30818831e-01, -9.78105214e-01],
        [-1.89539422e-01,  0.00000000e+00, -3.58486936e-01, ...,
         -6.91836304e-01, -7.10271839e-01, -9.20929971e-01],
        [ 1.75047048e-01,  3.58486936e-01,  0.00000000e+00, ...,
         -9.04700289e-01, -9.15412249e-01, -9.99432555e-01],
        ...,
        [ 8.16153234e-01,  6.91836304e-01,  9.04700289e-01, ...,
          0.00000000e+00,  2.58522983e-02,  3.95333474e-01],
        [ 8.30818831e-01,  7.10271839e-01,  9.15412249e-01, ...,
         -2.58522983e-02,  0.00000000e+00,  3.71455033e-01],
        [ 9.78105214e-01,  9.20929971e-01,  9.99432555e-01, ...,
         -3.95333474e-01, -3.71455033e-01,  0.00000000e+00]],

       [[ 0.00000000e+00,  5.61409490e-02,  3.21956979e-02, ...,
         -2.17934803e-01, -2.65110921e-02,  8.12379482e-01],
        [-5.61409490e-02,  0.00000000e+00, -2.39669241e-02, ...,
         -2.72382596e-01, -8.25904968e-02,  7.78360818e-01],
        [-3.21956979e-02,  2.39669241e-02,  0.00000000e+00, ...,
         -2.49243643e-01, -5.86817301e-02,  7.93184083e-01],
        ...,
        [ 2.17934803e-01,  2.72382596e-01,  2.49243643e-01, ...,
          0.00000000e+00,  1.91984350e-01,  9.19936716e-01],
        [ 2.65110921e-02,  8.25904968e-02,  5.86817301e-02, ...,
         -1.91984350e-01,  0.00000000e+00,  8.27553337e-01],
        [-8.12379482e-01, -7.78360818e-01, -7.93184083e-01, ...,
         -9.19936716e-01, -8.27553337e-01,  0.00000000e+00]],

       [[ 0.00000000e+00, -2.77881419e-01, -3.31700870e-01, ...,
         -5.95875369e-01, -5.99178609e-01, -6.69547511e-01],
        [ 2.77881419e-01,  0.00000000e+00, -5.64879040e-02, ...,
         -7.95567202e-01, -7.98056329e-01, -8.49579408e-01],
        [ 3.31700870e-01,  5.64879040e-02,  0.00000000e+00, ...,
         -8.28520970e-01, -8.30820702e-01, -8.78018022e-01],
        ...,
        [ 5.95875369e-01,  7.95567202e-01,  8.28520970e-01, ...,
          0.00000000e+00,  4.11952608e-03,  9.51002656e-02],
        [ 5.99178609e-01,  7.98056329e-01,  8.30820702e-01, ...,
         -4.11952608e-03,  0.00000000e+00,  9.09986035e-02],
        [ 6.69547511e-01,  8.49579408e-01,  8.78018022e-01, ...,
         -9.51002656e-02, -9.09986035e-02,  0.00000000e+00]],

       ...,

       [[ 0.00000000e+00,  2.46654975e-01,  1.40991226e-01, ...,
          5.37493296e-01,  4.31686593e-01,  9.93401175e-01],
        [-2.46654975e-01,  0.00000000e+00, -1.07556029e-01, ...,
          3.12890307e-01,  1.95860304e-01,  9.34419224e-01],
        [-1.40991226e-01,  1.07556029e-01,  0.00000000e+00, ...,
          4.13230800e-01,  3.00196986e-01,  9.67307463e-01],
        ...,
        [-5.37493296e-01, -3.12890307e-01, -4.13230800e-01, ...,
          0.00000000e+00, -1.20804172e-01,  7.76057611e-01],
        [-4.31686593e-01, -1.95860304e-01, -3.00196986e-01, ...,
          1.20804172e-01,  0.00000000e+00,  8.46560646e-01],
        [-9.93401175e-01, -9.34419224e-01, -9.67307463e-01, ...,
         -7.76057611e-01, -8.46560646e-01,  0.00000000e+00]],

       [[ 0.00000000e+00, -8.96874392e-02, -1.08236541e-01, ...,
         -5.99008428e-01, -6.12597912e-01, -7.96764644e-01],
        [ 8.96874392e-02,  0.00000000e+00, -1.86398026e-02, ...,
         -6.68410965e-01, -6.81017596e-01, -8.47750852e-01],
        [ 1.08236541e-01,  1.86398026e-02,  0.00000000e+00, ...,
         -6.82158977e-01, -6.94548592e-01, -8.57490018e-01],
        ...,
        [ 5.99008428e-01,  6.68410965e-01,  6.82158977e-01, ...,
          0.00000000e+00,  1.70802253e-02,  2.76028835e-01],
        [ 6.12597912e-01,  6.81017596e-01,  6.94548592e-01, ...,
         -1.70802253e-02,  0.00000000e+00,  2.59571921e-01],
        [ 7.96764644e-01,  8.47750852e-01,  8.57490018e-01, ...,
         -2.76028835e-01, -2.59571921e-01,  0.00000000e+00]],

       [[ 0.00000000e+00,  1.52245550e-01,  9.51323392e-03, ...,
         -8.46953514e-01, -8.46682354e-01, -8.16665152e-01],
        [-1.52245550e-01,  0.00000000e+00, -1.42836325e-01, ...,
         -7.56136396e-01, -7.55802670e-01, -7.19282338e-01],
        [-9.51323392e-03,  1.42836325e-01,  0.00000000e+00, ...,
         -8.41857316e-01, -8.41582061e-01, -8.11137997e-01],
        ...,
        [ 8.46953514e-01,  7.56136396e-01,  8.41857316e-01, ...,
          0.00000000e+00, -5.09812522e-04, -5.45929981e-02],
        [ 8.46682354e-01,  7.55802670e-01,  8.41582061e-01, ...,
          5.09812522e-04,  0.00000000e+00, -5.40839388e-02],
        [ 8.16665152e-01,  7.19282338e-01,  8.11137997e-01, ...,
          5.45929981e-02,  5.40839388e-02,  0.00000000e+00]]]), 'num': array([ 9.70715482e-01,  1.93397497e-01,  2.82148089e-05, -5.07411482e-09,
        1.25373868e-02,  1.25828946e-02,  1.13996929e-02,  1.38901959e-01,
        9.78416759e-04,  1.10128770e-02,  1.02756514e-02,  1.12445873e-02,
        3.69890630e-05,  1.17227980e-02,  8.82850471e-03])}
{'img': array([[[ 0.        , -0.35848694, -0.73899035, ..., -0.71027184,
         -0.92092997, -0.99152587],
        [ 0.35848694,  0.        , -0.44835478, ..., -0.91541225,
         -0.99943255, -0.97219466],
        [ 0.73899035,  0.44835478,  0.        , ..., -0.99871713,
         -0.90845057, -0.76400862],
        ...,
        [ 0.71027184,  0.91541225,  0.99871713, ...,  0.        ,
          0.37145503,  0.60569136],
        [ 0.92092997,  0.99943255,  0.90845057, ..., -0.37145503,
          0.        ,  0.26678806],
        [ 0.99152587,  0.97219466,  0.76400862, ..., -0.60569136,
         -0.26678806,  0.        ]],

       [[ 0.        , -0.02396692,  0.26262016, ..., -0.0825905 ,
          0.77836082,  0.4998461 ],
        [ 0.02396692,  0.        ,  0.28567039, ..., -0.05868173,
          0.79318408,  0.52046061],
        [-0.26262016, -0.28567039,  0.        , ..., -0.34141445,
          0.58616235,  0.25484209],
        ...,
        [ 0.0825905 ,  0.05868173,  0.34141445, ...,  0.        ,
          0.82755334,  0.56967121],
        [-0.77836082, -0.79318408, -0.58616235, ..., -0.82755334,
          0.        , -0.36033741],
        [-0.4998461 , -0.52046061, -0.25484209, ..., -0.56967121,
          0.36033741,  0.        ]],

       [[ 0.        , -0.18666775, -0.44949447, ..., -0.60449337,
         -0.67523572, -0.7956358 ],
        [ 0.18666775,  0.        , -0.2748466 , ..., -0.74256969,
         -0.80105368, -0.8947297 ],
        [ 0.44949447,  0.2748466 ,  0.        , ..., -0.89805559,
         -0.93472469, -0.98302066],
        ...,
        [ 0.60449337,  0.74256969,  0.89805559, ...,  0.        ,
          0.09202411,  0.26762444],
        [ 0.67523572,  0.80105368,  0.93472469, ..., -0.09202411,
          0.        ,  0.17782147],
        [ 0.7956358 ,  0.8947297 ,  0.98302066, ..., -0.26762444,
         -0.17782147,  0.        ]],

       ...,

       [[ 0.        , -0.09551487, -0.47915623, ...,  0.16953498,
          0.67059948,  0.97067265],
        [ 0.09551487,  0.        , -0.39312929, ...,  0.26289208,
          0.7383883 ,  0.989197  ],
        [ 0.47915623,  0.39312929,  0.        , ...,  0.62102592,
          0.94405252,  0.96717974],
        ...,
        [-0.16953498, -0.26289208, -0.62102592, ...,  0.        ,
          0.53512762,  0.91586429],
        [-0.67059948, -0.7383883 , -0.94405252, ..., -0.53512762,
          0.        ,  0.5588485 ],
        [-0.97067265, -0.989197  , -0.96717974, ..., -0.91586429,
         -0.5588485 ,  0.        ]],

       [[ 0.        , -0.0186398 ,  0.02752107, ..., -0.6810176 ,
         -0.84775085, -0.95875623],
        [ 0.0186398 ,  0.        ,  0.04614903, ..., -0.69454859,
         -0.85749002, -0.96388764],
        [-0.02752107, -0.04614903,  0.        , ..., -0.66060687,
         -0.83283272, -0.95057077],
        ...,
        [ 0.6810176 ,  0.69454859,  0.66060687, ...,  0.        ,
          0.25957192,  0.50850021],
        [ 0.84775085,  0.85749002,  0.83283272, ..., -0.25957192,
          0.        ,  0.26756326],
        [ 0.95875623,  0.96388764,  0.95057077, ..., -0.50850021,
         -0.26756326,  0.        ]],

       [[ 0.        , -0.14283633, -0.37208664, ..., -0.75580267,
         -0.71928234, -0.64775179],
        [ 0.14283633,  0.        , -0.23569099, ..., -0.84158206,
         -0.811138  , -0.74993002],
        [ 0.37208664,  0.23569099,  0.        , ..., -0.94517666,
         -0.92613167, -0.88471666],
        ...,
        [ 0.75580267,  0.84158206,  0.94517666, ...,  0.        ,
         -0.05408394, -0.15166183],
        [ 0.71928234,  0.811138  ,  0.92613167, ...,  0.05408394,
          0.        , -0.09798154],
        [ 0.64775179,  0.74993002,  0.88471666, ...,  0.15166183,
          0.09798154,  0.        ]]]), 'num': array([7.08806919e-01, 6.99230105e-01, 3.32528254e-07, 2.16673748e-06,
       9.57681373e-03, 9.59344014e-03, 8.94501005e-03, 8.99392495e-02,
       4.15660318e-04, 8.45951879e-03, 7.63651136e-03, 8.17160475e-03,
       2.76616424e-05, 9.00024618e-03, 6.27277655e-03])}
{'img': array([[[ 0.        , -0.68210955, -0.8696039 , ..., -0.92952861,
         -0.99498744, -0.99841672],
        [ 0.68210955,  0.        , -0.29910626, ..., -0.93124569,
         -0.79579552, -0.69172356],
        [ 0.8696039 ,  0.29910626,  0.        , ..., -0.77962119,
         -0.57823544, -0.44405303],
        ...,
        [ 0.92952861,  0.93124569,  0.77962119, ...,  0.        ,
          0.27394876,  0.42045215],
        [ 0.99498744,  0.79579552,  0.57823544, ..., -0.27394876,
          0.        ,  0.15580971],
        [ 0.99841672,  0.69172356,  0.44405303, ..., -0.42045215,
         -0.15580971,  0.        ]],

       [[ 0.        ,  0.28567039,  0.39131346, ...,  0.79318408,
          0.52046061,  0.47414008],
        [-0.28567039,  0.        ,  0.11211632, ...,  0.58616235,
          0.25484209,  0.20286336],
        [-0.39131346, -0.11211632,  0.        , ...,  0.49163073,
          0.1448208 ,  0.09179923],
        ...,
        [-0.79318408, -0.58616235, -0.49163073, ...,  0.        ,
         -0.36033741, -0.40961572],
        [-0.52046061, -0.25484209, -0.1448208 , ...,  0.36033741,
          0.        , -0.05337782],
        [-0.47414008, -0.20286336, -0.09179923, ...,  0.40961572,
          0.05337782,  0.        ]],

       [[ 0.        , -0.41445531, -0.5950709 , ..., -0.67776836,
         -0.79828497, -0.89542196],
        [ 0.41445531,  0.        , -0.20846934, ..., -0.92155526,
         -0.97611305, -0.99941954],
        [ 0.5950709 ,  0.20846934,  0.        , ..., -0.98224532,
         -0.9999595 , -0.98456321],
        ...,
        [ 0.67776836,  0.92155526,  0.98224532, ...,  0.        ,
          0.1787531 ,  0.35662682],
        [ 0.79828497,  0.97611305,  0.9999595 , ..., -0.1787531 ,
          0.        ,  0.18388344],
        [ 0.89542196,  0.99941954,  0.98456321, ..., -0.35662682,
         -0.18388344,  0.        ]],

       ...,

       [[ 0.        , -0.38376617, -0.55000522, ...,  0.70288804,
          0.90323525,  0.99322612],
        [ 0.38376617,  0.        , -0.18738486, ...,  0.92204119,
          0.99876643,  0.96176779],
        [ 0.55000522,  0.18738486,  0.        , ...,  0.97824382,
          0.99037946,  0.8934132 ],
        ...,
        [-0.70288804, -0.92204119, -0.97824382, ...,  0.        ,
          0.34083025,  0.62480836],
        [-0.90323525, -0.99876643, -0.99037946, ..., -0.34083025,
          0.        ,  0.32128506],
        [-0.99322612, -0.96176779, -0.8934132 , ..., -0.62480836,
         -0.32128506,  0.        ]],

       [[ 0.        ,  0.04614903,  0.12826683, ..., -0.85749002,
         -0.96388764, -0.99841433],
        [-0.04614903,  0.        ,  0.08236234, ..., -0.83283272,
         -0.95057077, -0.99475275],
        [-0.12826683, -0.08236234,  0.        , ..., -0.78441353,
         -0.921767  , -0.98294669],
        ...,
        [ 0.85749002,  0.83283272,  0.78441353, ...,  0.        ,
          0.26756326,  0.4654147 ],
        [ 0.96388764,  0.95057077,  0.921767  , ..., -0.26756326,
          0.        ,  0.21162752],
        [ 0.99841433,  0.99475275,  0.98294669, ..., -0.4654147 ,
         -0.21162752,  0.        ]],

       [[ 0.        , -0.34627106, -0.55884563, ..., -0.72079849,
         -0.64919244, -0.57206225],
        [ 0.34627106,  0.        , -0.23711958, ..., -0.91622188,
         -0.87241198, -0.8206864 ],
        [ 0.55884563,  0.23711958,  0.        , ..., -0.98509866,
         -0.96342844, -0.93276593],
        ...,
        [ 0.72079849,  0.91622188,  0.98509866, ...,  0.        ,
         -0.09827249, -0.19468438],
        [ 0.64919244,  0.87241198,  0.96342844, ...,  0.09827249,
          0.        , -0.09734988],
        [ 0.57206225,  0.8206864 ,  0.93276593, ...,  0.19468438,
          0.09734988,  0.        ]]]), 'num': array([ 9.73270998e-01,  3.46486390e-05,  3.61126660e-05,  3.20307147e-06,
        1.31518426e-02,  1.47622723e-02,  1.27858358e-02,  2.26903689e-01,
       -9.02816651e-04,  1.28346367e-02,  1.13681697e-02,  1.19159598e-02,
        3.37388938e-05,  1.34496239e-02,  9.28671545e-03])}
{'img': array([[[ 0.        , -0.68808323, -0.54079374, ..., -0.9992112 ,
         -0.975451  , -0.99889811],
        [ 0.68808323,  0.        ,  0.18636769, ..., -0.69773479,
         -0.55629088, -0.75712492],
        [ 0.54079374, -0.18636769,  0.        , ..., -0.81901617,
         -0.70141395, -0.86560859],
        ...,
        [ 0.9992112 ,  0.69773479,  0.81901617, ...,  0.        ,
          0.18130658, -0.08656182],
        [ 0.975451  ,  0.55629088,  0.70141395, ..., -0.18130658,
          0.        , -0.26575324],
        [ 0.99889811,  0.75712492,  0.86560859, ...,  0.08656182,
          0.26575324,  0.        ]],

       [[ 0.        ,  0.11211632, -0.09405256, ...,  0.25484209,
          0.20286336,  0.45768003],
        [-0.11211632,  0.        , -0.2050789 , ...,  0.1448208 ,
          0.09179923,  0.35510987],
        [ 0.09405256,  0.2050789 ,  0.        , ...,  0.34465963,
          0.29406104,  0.53927497],
        ...,
        [-0.25484209, -0.1448208 , -0.34465963, ...,  0.        ,
         -0.05337782,  0.21598423],
        [-0.20286336, -0.09179923, -0.29406104, ...,  0.05337782,
          0.        ,  0.26779426],
        [-0.45768003, -0.35510987, -0.53927497, ..., -0.21598423,
         -0.26779426,  0.        ]],

       [[ 0.        , -0.45869425, -0.61081002, ..., -0.81207407,
         -0.90794094, -0.95233961],
        [ 0.45869425,  0.        , -0.17957858, ..., -0.98927731,
         -0.99902893, -0.98616341],
        [ 0.61081002,  0.17957858,  0.        , ..., -0.99942258,
         -0.97487627, -0.94036214],
        ...,
        [ 0.81207407,  0.98927731,  0.99942258, ...,  0.        ,
          0.18949417,  0.30802705],
        [ 0.90794094,  0.99902893,  0.97487627, ..., -0.18949417,
          0.        ,  0.12216565],
        [ 0.95233961,  0.98616341,  0.94036214, ..., -0.30802705,
         -0.12216565,  0.        ]],

       ...,

       [[ 0.        , -0.18738486,  0.06226074, ...,  0.99876643,
          0.96176779,  0.80293047],
        [ 0.18738486,  0.        ,  0.24817921, ...,  0.99037946,
          0.8934132 ,  0.90040282],
        [-0.06226074, -0.24817921,  0.        , ...,  0.99373718,
          0.976953  ,  0.76426079],
        ...,
        [-0.99876643, -0.99037946, -0.99373718, ...,  0.        ,
          0.32128506, -0.55546782],
        [-0.96176779, -0.8934132 , -0.976953  , ..., -0.32128506,
          0.        , -0.79317907],
        [-0.80293047, -0.90040282, -0.76426079, ...,  0.55546782,
          0.79317907,  0.        ]],

       [[ 0.        ,  0.08236234,  0.11273396, ..., -0.95057077,
         -0.99475275, -0.99952349],
        [-0.08236234,  0.        ,  0.03051364, ..., -0.921767  ,
         -0.98294669, -0.99358527],
        [-0.11273396, -0.03051364,  0.        , ..., -0.90950629,
         -0.97687781, -0.98967196],
        ...,
        [ 0.95057077,  0.921767  ,  0.90950629, ...,  0.        ,
          0.21162752,  0.28101856],
        [ 0.99475275,  0.98294669,  0.97687781, ..., -0.21162752,
          0.        ,  0.07155418],
        [ 0.99952349,  0.99358527,  0.98967196, ..., -0.28101856,
         -0.07155418,  0.        ]],

       [[ 0.        , -0.46049503, -0.57035401, ..., -0.65803964,
         -0.58020385, -0.60602944],
        [ 0.46049503,  0.        , -0.12803159, ..., -0.93086203,
         -0.89008506, -0.90424666],
        [ 0.57035401,  0.12803159,  0.        , ..., -0.96998013,
         -0.94111583, -0.95147563],
        ...,
        [ 0.65803964,  0.93086203,  0.96998013, ...,  0.        ,
         -0.09907059, -0.06710246],
        [ 0.58020385,  0.89008506,  0.94111583, ...,  0.09907059,
          0.        ,  0.03207495],
        [ 0.60602944,  0.90424666,  0.95147563, ...,  0.06710246,
         -0.03207495,  0.        ]]]), 'num': array([ 7.06575579e-01,  7.06575579e-01,  0.00000000e+00, -1.57969260e-07,
        9.36850152e-03,  9.72336901e-03,  9.04912079e-03,  2.92726637e-02,
       -1.95177115e-04,  9.58851936e-03,  8.36333938e-03,  8.61884397e-03,
        2.27174581e-05,  9.89886516e-03,  6.82781360e-03])}
{'img': array([[[ 0.        ,  0.48500784,  0.32311272, ..., -0.66902344,
         -0.85684703, -0.89809853],
        [-0.48500784,  0.        , -0.17642701, ..., -0.94554542,
         -0.99937697, -0.99869965],
        [-0.32311272,  0.17642701,  0.        , ..., -0.87328807,
         -0.97747363, -0.9920281 ],
        ...,
        [ 0.66902344,  0.94554542,  0.87328807, ...,  0.        ,
         -0.29191521, -0.37327122],
        [ 0.85684703,  0.99937697,  0.97747363, ...,  0.29191521,
          0.        , -0.08619685],
        [ 0.89809853,  0.99869965,  0.9920281 , ...,  0.37327122,
          0.08619685,  0.        ]],

       [[ 0.        , -0.2050789 , -0.44533308, ...,  0.09179923,
          0.35510987, -0.29020981],
        [ 0.2050789 ,  0.        , -0.25224726, ...,  0.29406104,
          0.53927497, -0.08778859],
        [ 0.44533308,  0.25224726,  0.        , ...,  0.5256465 ,
          0.73426125,  0.16632361],
        ...,
        [-0.09179923, -0.29406104, -0.5256465 , ...,  0.        ,
          0.26779426, -0.37683288],
        [-0.35510987, -0.53927497, -0.73426125, ..., -0.26779426,
          0.        , -0.61112228],
        [ 0.29020981,  0.08778859, -0.16632361, ...,  0.37683288,
          0.61112228,  0.        ]],

       [[ 0.        , -0.44107162, -0.61577589, ..., -0.92298686,
         -0.96451038, -0.98663906],
        [ 0.44107162,  0.        , -0.20511182, ..., -0.99809302,
         -0.9820837 , -0.95734082],
        [ 0.61577589,  0.20511182,  0.        , ..., -0.96421099,
         -0.92255083, -0.87771702],
        ...,
        [ 0.92298686,  0.99809302,  0.96421099, ...,  0.        ,
          0.12746392,  0.22931549],
        [ 0.96451038,  0.9820837 ,  0.92255083, ..., -0.12746392,
          0.        ,  0.10337772],
        [ 0.98663906,  0.95734082,  0.87771702, ..., -0.22931549,
         -0.10337772,  0.        ]],

       ...,

       [[ 0.        ,  0.24817921,  0.30732471, ...,  0.8934132 ,
          0.90040282,  0.81415247],
        [-0.24817921,  0.        ,  0.06154129, ...,  0.976953  ,
          0.76426079,  0.64457547],
        [-0.30732471, -0.06154129,  0.        , ...,  0.98823749,
          0.72312374,  0.59630288],
        ...,
        [-0.8934132 , -0.976953  , -0.98823749, ...,  0.        ,
         -0.79317907, -0.88450788],
        [-0.90040282, -0.76426079, -0.72312374, ...,  0.79317907,
          0.        , -0.16861705],
        [-0.81415247, -0.64457547, -0.59630288, ...,  0.88450788,
          0.16861705,  0.        ]],

       [[ 0.        ,  0.03051364,  0.04196596, ..., -0.98294669,
         -0.99358527, -0.99777365],
        [-0.03051364,  0.        ,  0.01145966, ..., -0.97687781,
         -0.98967196, -0.99527404],
        [-0.04196596, -0.01145966,  0.        , ..., -0.9743636 ,
         -0.98796422, -0.99409589],
        ...,
        [ 0.98294669,  0.97687781,  0.9743636 , ...,  0.        ,
          0.07155418,  0.11792725],
        [ 0.99358527,  0.98967196,  0.98796422, ..., -0.07155418,
          0.        ,  0.04657008],
        [ 0.99777365,  0.99527404,  0.99409589, ..., -0.11792725,
         -0.04657008,  0.        ]],

       [[ 0.        , -0.36808214, -0.49698664, ..., -0.59539896,
         -0.62168336, -0.65263785],
        [ 0.36808214,  0.        , -0.14268855, ..., -0.84932625,
         -0.86634422, -0.88570308],
        [ 0.49698664,  0.14268855,  0.        , ..., -0.9159564 ,
         -0.92874489, -0.94288371],
        ...,
        [ 0.59539896,  0.84932625,  0.9159564 , ...,  0.        ,
          0.03312184,  0.07323302],
        [ 0.62168336,  0.86634422,  0.92874489, ..., -0.03312184,
          0.        ,  0.04015993],
        [ 0.65263785,  0.88570308,  0.94288371, ..., -0.07323302,
         -0.04015993,  0.        ]]]), 'num': array([ 9.57844796e-01,  2.78374266e-01,  2.49346983e-05, -2.14085556e-07,
        1.28201987e-02,  1.33377113e-02,  1.22321162e-02,  6.21824330e-02,
        3.99896106e-04,  1.28860639e-02,  1.12206143e-02,  1.13868456e-02,
        3.22496859e-05,  1.33425150e-02,  9.09871347e-03])}
{'img': array([[[ 0.        , -0.17642701, -0.67986927, ..., -0.99937697,
         -0.99869965, -0.99660323],
        [ 0.17642701,  0.        , -0.53982485, ..., -0.97747363,
         -0.9920281 , -0.96644095],
        [ 0.67986927,  0.53982485,  0.        , ..., -0.70888106,
         -0.76703975, -0.67485313],
        ...,
        [ 0.99937697,  0.97747363,  0.70888106, ...,  0.        ,
         -0.08619685,  0.0471274 ],
        [ 0.99869965,  0.9920281 ,  0.76703975, ...,  0.08619685,
          0.        ,  0.13305308],
        [ 0.99660323,  0.96644095,  0.67485313, ..., -0.0471274 ,
         -0.13305308,  0.        ]],

       [[ 0.        , -0.25224726, -0.05449357, ...,  0.53927497,
         -0.08778859,  0.04159961],
        [ 0.25224726,  0.        ,  0.19914105, ...,  0.73426125,
          0.16632361,  0.29228331],
        [ 0.05449357, -0.19914105,  0.        , ...,  0.58436433,
         -0.03337497,  0.09598421],
        ...,
        [-0.53927497, -0.73426125, -0.58436433, ...,  0.        ,
         -0.61112228, -0.50377588],
        [ 0.08778859, -0.16632361,  0.03337497, ...,  0.61112228,
          0.        ,  0.1291516 ],
        [-0.04159961, -0.29228331, -0.09598421, ...,  0.50377588,
         -0.1291516 ,  0.        ]],

       [[ 0.        , -0.46648335, -0.67483147, ..., -0.97452513,
         -0.99305031, -0.9980188 ],
        [ 0.46648335,  0.        , -0.25265707, ..., -0.9666188 ,
         -0.93328348, -0.91212698],
        [ 0.67483147,  0.25265707,  0.        , ..., -0.8705222 ,
         -0.81226452, -0.77896774],
        ...,
        [ 0.97452513,  0.9666188 ,  0.8705222 , ...,  0.        ,
          0.1080272 ,  0.1625204 ],
        [ 0.99305031,  0.93328348,  0.81226452, ..., -0.1080272 ,
          0.        ,  0.05497832],
        [ 0.9980188 ,  0.91212698,  0.77896774, ..., -0.1625204 ,
         -0.05497832,  0.        ]],

       ...,

       [[ 0.        ,  0.06154129, -0.35404732, ...,  0.76426079,
          0.64457547,  0.75091273],
        [-0.06154129,  0.        , -0.41093135, ...,  0.72312374,
          0.59630288,  0.70884745],
        [ 0.35404732,  0.41093135,  0.        , ...,  0.94308543,
          0.87350829,  0.93608761],
        ...,
        [-0.76426079, -0.72312374, -0.94308543, ...,  0.        ,
         -0.16861705, -0.02044983],
        [-0.64457547, -0.59630288, -0.87350829, ...,  0.16861705,
          0.        ,  0.14842477],
        [-0.75091273, -0.70884745, -0.93608761, ...,  0.02044983,
         -0.14842477,  0.        ]],

       [[ 0.        ,  0.01145966,  0.12931619, ..., -0.98967196,
         -0.99527404, -0.99940781],
        [-0.01145966,  0.        ,  0.11794426, ..., -0.98796422,
         -0.99409589, -0.99894785],
        [-0.12931619, -0.11794426,  0.        , ..., -0.96282453,
         -0.97435975, -0.98656643],
        ...,
        [ 0.98967196,  0.98796422,  0.96282453, ...,  0.        ,
          0.04657008,  0.1092113 ],
        [ 0.99527404,  0.99409589,  0.97435975, ..., -0.04657008,
          0.        ,  0.06280128],
        [ 0.99940781,  0.99894785,  0.98656643, ..., -0.1092113 ,
         -0.06280128,  0.        ]],

       [[ 0.        , -0.35277535, -0.54605872, ..., -0.63149017,
         -0.66273508, -0.67660686],
        [ 0.35277535,  0.        , -0.21541509, ..., -0.86442676,
         -0.88430376, -0.89287066],
        [ 0.54605872,  0.21541509,  0.        , ..., -0.95243407,
         -0.96412248, -0.96891261],
        ...,
        [ 0.63149017,  0.86442676,  0.95243407, ...,  0.        ,
          0.04098019,  0.05963576],
        [ 0.66273508,  0.88430376,  0.96412248, ..., -0.04098019,
          0.        ,  0.01867841],
        [ 0.67660686,  0.89287066,  0.96891261, ..., -0.05963576,
         -0.01867841,  0.        ]]]), 'num': array([ 7.34463586e-01,  6.77719627e-01,  2.17409805e-06,  6.13222472e-07,
        9.45732651e-03,  9.92838108e-03,  9.42109154e-03,  2.40002307e-02,
       -4.16702126e-04,  9.81967618e-03,  8.72900366e-03,  8.72779583e-03,
        2.18830784e-05,  1.03423185e-02,  7.11568878e-03])}
{'img': array([[[ 0.        , -0.66478406, -0.74417546, ..., -0.99905437,
         -0.9958592 , -0.9958592 ],
        [ 0.66478406,  0.        , -0.1118603 , ..., -0.77523281,
         -0.68350733, -0.80437716],
        [ 0.74417546,  0.1118603 ,  0.        , ..., -0.69970798,
         -0.59756588, -0.73287051],
        ...,
        [ 0.99905437,  0.77523281,  0.69970798, ...,  0.        ,
          0.13412135, -0.0475249 ],
        [ 0.9958592 ,  0.68350733,  0.59756588, ..., -0.13412135,
          0.        , -0.18106531],
        [ 0.9958592 ,  0.80437716,  0.73287051, ...,  0.0475249 ,
          0.18106531,  0.        ]],

       [[ 0.        ,  0.19914105,  0.17031617, ...,  0.16632361,
          0.29228331,  0.11350102],
        [-0.19914105,  0.        , -0.02932661, ..., -0.03337497,
          0.09598421, -0.08662649],
        [-0.17031617,  0.02932661,  0.        , ..., -0.00405034,
          0.12513413, -0.05737286],
        ...,
        [-0.16632361,  0.03337497,  0.00405034, ...,  0.        ,
          0.1291516 , -0.05332872],
        [-0.29228331, -0.09598421, -0.12513413, ..., -0.1291516 ,
          0.        , -0.18184991],
        [-0.11350102,  0.08662649,  0.05737286, ...,  0.05332872,
          0.18184991,  0.        ]],

       [[ 0.        , -0.53561562, -0.67175892, ..., -0.99797361,
         -0.99998488, -0.99869556],
        [ 0.53561562,  0.        , -0.17050692, ..., -0.8768315 ,
         -0.84739439, -0.87070915],
        [ 0.67175892,  0.17050692,  0.        , ..., -0.78201224,
         -0.74445252, -0.77410388],
        ...,
        [ 0.99797361,  0.8768315 ,  0.78201224, ...,  0.        ,
          0.05814058,  0.0125892 ],
        [ 0.99998488,  0.84739439,  0.74445252, ..., -0.05814058,
          0.        , -0.04556807],
        [ 0.99869556,  0.87070915,  0.77410388, ..., -0.0125892 ,
          0.04556807,  0.        ]],

       ...,

       [[ 0.        , -0.41093135, -0.67344774, ...,  0.59630288,
          0.70884745,  0.50368944],
        [ 0.41093135,  0.        , -0.31018484, ...,  0.87350829,
          0.93608761,  0.81419403],
        [ 0.67344774,  0.31018484,  0.        , ...,  0.98142446,
          0.99902905,  0.95412605],
        ...,
        [-0.59630288, -0.87350829, -0.98142446, ...,  0.        ,
          0.14842477, -0.1107955 ],
        [-0.70884745, -0.93608761, -0.99902905, ..., -0.14842477,
          0.        , -0.25707924],
        [-0.50368944, -0.81419403, -0.95412605, ...,  0.1107955 ,
          0.25707924,  0.        ]],

       [[ 0.        ,  0.11794426,  0.27849015, ..., -0.99409589,
         -0.99894785, -0.99976133],
        [-0.11794426,  0.        ,  0.16326807, ..., -0.97435975,
         -0.98656643, -0.99020653],
        [-0.27849015, -0.16326807,  0.        , ..., -0.92455092,
         -0.94665687, -0.95412579],
        ...,
        [ 0.99409589,  0.97435975,  0.92455092, ...,  0.        ,
          0.06280128,  0.08676162],
        [ 0.99894785,  0.98656643,  0.94665687, ..., -0.06280128,
          0.        ,  0.02402589],
        [ 0.99976133,  0.99020653,  0.95412579, ..., -0.08676162,
         -0.02402589,  0.        ]],

       [[ 0.        , -0.43838928, -0.60944573, ..., -0.67204263,
         -0.6860149 , -0.72492121],
        [ 0.43838928,  0.        , -0.20019361, ..., -0.9286547 ,
         -0.9355466 , -0.95352493],
        [ 0.60944573,  0.20019361,  0.        , ..., -0.98411623,
         -0.98731677, -0.99454328],
        ...,
        [ 0.67204263,  0.9286547 ,  0.98411623, ...,  0.        ,
          0.01903277,  0.07388885],
        [ 0.6860149 ,  0.9355466 ,  0.98731677, ..., -0.01903277,
          0.        ,  0.05489473],
        [ 0.72492121,  0.95352493,  0.99454328, ..., -0.07388885,
         -0.05489473,  0.        ]]]), 'num': array([ 9.98364155e-01,  8.67976539e-03,  3.93512680e-05,  6.81850152e-07,
        1.28530440e-02,  1.38240493e-02,  1.27252802e-02,  4.32664636e-02,
       -4.85502657e-04,  1.34765316e-02,  1.24122587e-02,  1.22427587e-02,
        2.90415262e-05,  1.45938055e-02,  1.02307119e-02])}
{'img': array([[[ 0.        , -0.23454316,  0.26428567, ..., -0.87943751,
         -0.95833327, -0.99277681],
        [ 0.23454316,  0.        ,  0.48311745, ..., -0.74326032,
         -0.8646034 , -0.9369445 ],
        [-0.26428567, -0.48311745,  0.        , ..., -0.97397239,
         -0.99975306, -0.98918597],
        ...,
        [ 0.87943751,  0.74326032,  0.97397239, ...,  0.        ,
         -0.20496686, -0.36706477],
        [ 0.95833327,  0.8646034 ,  0.99975306, ...,  0.20496686,
          0.        , -0.16861236],
        [ 0.99277681,  0.9369445 ,  0.98918597, ...,  0.36706477,
          0.16861236,  0.        ]],

       [[ 0.        , -0.02932661, -0.1050741 , ...,  0.09598421,
         -0.08662649, -0.0268149 ],
        [ 0.02932661,  0.        , -0.07586464, ...,  0.12513413,
         -0.05737286,  0.00251271],
        [ 0.1050741 ,  0.07586464,  0.        , ...,  0.20004184,
          0.01853216,  0.07836986],
        ...,
        [-0.09598421, -0.12513413, -0.20004184, ...,  0.        ,
         -0.18184991, -0.12264078],
        [ 0.08662649,  0.05737286, -0.01853216, ...,  0.18184991,
          0.        ,  0.05988124],
        [ 0.0268149 , -0.00251271, -0.07836986, ...,  0.12264078,
         -0.05988124,  0.        ]],

       [[ 0.        , -0.46068466, -0.50398261, ..., -0.99692477,
         -0.99958055, -0.99543899],
        [ 0.46068466,  0.        , -0.04941707, ..., -0.84873307,
         -0.87384979, -0.92746517],
        [ 0.50398261,  0.04941707,  0.        , ..., -0.8215633 ,
         -0.84875576, -0.9078545 ],
        ...,
        [ 0.99692477,  0.84873307,  0.8215633 , ...,  0.        ,
         -0.04945994, -0.17311411],
        [ 0.99958055,  0.87384979,  0.84875576, ...,  0.04945994,
          0.        , -0.12418905],
        [ 0.99543899,  0.92746517,  0.9078545 , ...,  0.17311411,
          0.12418905,  0.        ]],

       ...,

       [[ 0.        , -0.31018484, -0.10480789, ...,  0.93608761,
          0.81419403,  0.74908861],
        [ 0.31018484,  0.        ,  0.20883811, ...,  0.99902905,
          0.95412605,  0.91762885],
        [ 0.10480789, -0.20883811,  0.        , ...,  0.96780004,
          0.87056056,  0.81439506],
        ...,
        [-0.93608761, -0.99902905, -0.96780004, ...,  0.        ,
         -0.25707924, -0.35662516],
        [-0.81419403, -0.95412605, -0.87056056, ...,  0.25707924,
          0.        , -0.10446346],
        [-0.74908861, -0.91762885, -0.81439506, ...,  0.35662516,
          0.10446346,  0.        ]],

       [[ 0.        ,  0.16326807,  0.11352649, ..., -0.98656643,
         -0.99020653, -0.99045815],
        [-0.16326807,  0.        , -0.05020937, ..., -0.94665687,
         -0.95412579, -0.95466733],
        [-0.11352649,  0.05020937,  0.        , ..., -0.9616425 ,
         -0.96795535, -0.96840928],
        ...,
        [ 0.98656643,  0.94665687,  0.9616425 , ...,  0.        ,
