state_0,state_1,state_2,state_3,state_4,state_5,state_6,state_7,state_8,state_9,state_10,state_11,state_12,state_13,state_14,state_15,state_16,state_17,state_18,state_19,state_20,state_21,state_22,state_23,state_24,state_25,state_26,state_27,state_28,state_29,state_30,state_31,state_32,state_33,state_34,state_35,state_36,state_37,state_38,state_39,state_40,state_41,state_42,state_43,state_44,state_45,state_46,state_47,state_48,state_49,state_50,state_51,state_52,state_53,state_54,state_55,state_56,state_57,state_58,state_59,state_60,state_61,state_62,state_63,state_64,state_65,state_66,state_67,state_68,state_69,state_70,state_71,state_72,state_73,state_74,state_75,state_76,state_77,state_78,state_79,state_80,state_81,state_82,state_83,state_84,state_85,state_86,state_87,state_88,state_89,state_90,state_91,state_92,state_93,state_94,state_95,state_96,state_97,state_98,state_99,state_100,state_101,state_102,state_103,state_104,state_105,state_106,state_107,state_108,state_109,state_110,state_111,state_112,state_113,state_114,state_115,state_116,state_117,state_118,state_119,state_120,state_121,state_122,state_123,state_124,state_125,state_126,state_127,state_128,state_129,state_130,state_131,state_132,state_133,state_134,state_135,state_136,state_137,state_138,state_139,state_140,state_141,state_142,state_143,state_144,state_145,state_146,state_147,state_148,state_149,state_150,state_151,state_152,state_153,state_154,state_155,state_156,state_157,state_158,state_159,state_160,state_161,state_162,state_163,state_164,state_165,state_166,state_167,state_168,state_169,state_170,state_171,state_172,state_173,state_174,state_175,state_176,state_177,state_178,state_179,state_180,state_181,state_182,state_183,state_184,state_185,state_186,state_187,state_188,state_189,state_190,state_191,state_192,state_193,state_194,state_195,state_196,state_197,state_198,state_199,state_200,state_201,state_202,state_203,state_204,state_205,state_206,state_207,state_208,state_209,state_210,state_211,state_212,state_213,state_214,state_215,state_216,state_217,state_218,state_219,state_220,state_221,state_222,state_223,state_224,state_225,state_226,state_227,state_228,state_229,state_230,state_231,state_232,state_233,state_234,state_235,state_236,state_237,state_238,state_239,state_240,state_241,state_242,state_243,state_244,state_245,state_246,state_247,state_248,state_249,state_250,state_251,state_252,state_253,state_254,state_255,state_256,state_257,state_258,state_259,state_260,state_261,state_262,state_263,state_264,state_265,state_266,state_267,state_268,state_269,state_270,state_271,state_272,state_273,state_274,state_275,state_276,state_277,state_278,state_279,state_280,state_281,state_282,state_283,state_284,state_285,state_286,state_287
{'img': array([[[ 0.        ,  0.323793  ,  0.45153009, ...,  0.39380987,
          0.62011391,  0.72994894],
        [-0.323793  ,  0.        ,  0.13829902, ...,  0.67022244,
          0.84072653,  0.91193815],
        [-0.45153009, -0.13829902,  0.        , ...,  0.76642199,
          0.90753097,  0.95992282],
        ...,
        [-0.39380987, -0.67022244, -0.76642199, ...,  0.        ,
         -0.26105521, -0.40179345],
        [-0.62011391, -0.84072653, -0.90753097, ...,  0.26105521,
          0.        , -0.14880464],
        [-0.72994894, -0.91193815, -0.95992282, ...,  0.40179345,
          0.14880464,  0.        ]],

       [[ 0.        ,  0.29967175,  0.53672512, ...,  0.70977329,
          0.64627363,  0.56667026],
        [-0.29967175,  0.        ,  0.25920833, ...,  0.46605598,
          0.38789119,  0.2937145 ],
        [-0.53672512, -0.25920833,  0.        , ...,  0.22079093,
          0.13571997,  0.03590028],
        ...,
        [-0.70977329, -0.46605598, -0.22079093, ...,  0.        ,
         -0.08637745, -0.18563429],
        [-0.64627363, -0.38789119, -0.13571997, ...,  0.08637745,
          0.        , -0.10006437],
        [-0.56667026, -0.2937145 , -0.03590028, ...,  0.18563429,
          0.10006437,  0.        ]],

       [[ 0.        ,  0.15849643,  0.24666376, ...,  0.        ,
          0.2521175 ,  0.40497932],
        [-0.15849643,  0.        ,  0.08994676, ...,  0.15849643,
          0.40230708,  0.54477758],
        [-0.24666376, -0.08994676,  0.        , ...,  0.24666376,
          0.48302305,  0.61799697],
        ...,
        [-0.        , -0.15849643, -0.24666376, ...,  0.        ,
         -0.2521175 , -0.40497932],
        [-0.2521175 , -0.40230708, -0.48302305, ...,  0.2521175 ,
          0.        , -0.16137958],
        [-0.40497932, -0.54477758, -0.61799697, ...,  0.40497932,
          0.16137958,  0.        ]],

       ...,

       [[ 0.        ,  0.41238823,  0.57427456, ...,  0.78660406,
          0.66494879,  0.46373909],
        [-0.41238823,  0.        ,  0.18556194, ...,  0.46197044,
          0.29776559,  0.05710577],
        [-0.57427456, -0.18556194,  0.        , ...,  0.28937319,
          0.1154495 , -0.12914514],
        ...,
        [-0.78660406, -0.46197044, -0.28937319, ...,  0.        ,
         -0.1769281 , -0.41056973],
        [-0.66494879, -0.29776559, -0.1154495 , ...,  0.1769281 ,
          0.        , -0.24276428],
        [-0.46373909, -0.05710577,  0.12914514, ...,  0.41056973,
          0.24276428,  0.        ]],

       [[ 0.        ,  0.06432728,  0.13772094, ...,  0.        ,
          0.04863208,  0.25964311],
        [-0.06432728,  0.        ,  0.07372138, ...,  0.06432728,
          0.11278252,  0.32122651],
        [-0.13772094, -0.07372138,  0.        , ...,  0.13772094,
          0.18572664,  0.39016674],
        ...,
        [-0.        , -0.06432728, -0.13772094, ...,  0.        ,
         -0.04863208, -0.25964311],
        [-0.04863208, -0.11278252, -0.18572664, ...,  0.04863208,
          0.        , -0.21237167],
        [-0.25964311, -0.32122651, -0.39016674, ...,  0.25964311,
          0.21237167,  0.        ]],

       [[ 0.        ,  0.01165591,  0.02055093, ...,  0.9917965 ,
          0.92386433,  0.41808798],
        [-0.01165591,  0.        ,  0.00889609, ...,  0.99321906,
          0.92826252,  0.42864788],
        [-0.02055093, -0.00889609,  0.        , ...,  0.994214  ,
          0.93153447,  0.43666828],
        ...,
        [-0.9917965 , -0.99321906, -0.994214  , ...,  0.        ,
          0.26148582,  0.84751155],
        [-0.92386433, -0.92826252, -0.93153447, ..., -0.26148582,
          0.        ,  0.6792337 ],
        [-0.41808798, -0.42864788, -0.43666828, ..., -0.84751155,
         -0.6792337 ,  0.        ]]]), 'num': array([ 7.07047383e-01,  7.07047383e-01,  0.00000000e+00,  0.00000000e+00,
        4.63313657e-04,  4.75939504e-04,  4.58922059e-04,  1.28948425e-02,
       -1.15279465e-05,  4.80550682e-04,  4.69846160e-04,  4.12508351e-04,
        5.94380162e-07,  5.22312556e-04,  4.17379765e-04])}
{'img': array([[[ 0.        ,  0.20543984,  0.09677034, ...,  0.74598756,
          0.83774807,  0.92271613],
        [-0.20543984,  0.        , -0.10976945, ...,  0.86689015,
          0.93206054,  0.98222734],
        [-0.09677034,  0.10976945,  0.        , ...,  0.80693161,
          0.88665841,  0.95568863],
        ...,
        [-0.74598756, -0.86689015, -0.80693161, ...,  0.        ,
         -0.15055492, -0.32692854],
        [-0.83774807, -0.93206054, -0.88665841, ...,  0.15055492,
          0.        , -0.18092031],
        [-0.92271613, -0.98222734, -0.95568863, ...,  0.32692854,
          0.18092031,  0.        ]],

       [[ 0.        ,  0.461537  ,  0.44584093, ...,  0.59385416,
          0.49858207,  0.62383687],
        [-0.461537  ,  0.        , -0.01761256, ...,  0.15548041,
          0.04222273,  0.19270241],
        [-0.44584093,  0.01761256,  0.        , ...,  0.17285467,
          0.05981303,  0.20995497],
        ...,
        [-0.59385416, -0.15548041, -0.17285467, ...,  0.        ,
         -0.1136325 ,  0.03779267],
        [-0.49858207, -0.04222273, -0.05981303, ...,  0.1136325 ,
          0.        ,  0.15109921],
        [-0.62383687, -0.19270241, -0.20995497, ..., -0.03779267,
         -0.15109921,  0.        ]],

       [[ 0.        ,  0.19081796,  0.30184539, ...,  0.25290481,
          0.40620738,  0.54214851],
        [-0.19081796,  0.        ,  0.1143815 , ...,  0.43287248,
          0.5731093 ,  0.6925278 ],
        [-0.30184539, -0.1143815 ,  0.        , ...,  0.53314129,
          0.66308116,  0.77049647],
        ...,
        [-0.25290481, -0.43287248, -0.53314129, ...,  0.        ,
         -0.16190246, -0.31201236],
        [-0.40620738, -0.5731093 , -0.66308116, ...,  0.16190246,
          0.        , -0.15407594],
        [-0.54214851, -0.6925278 , -0.77049647, ...,  0.31201236,
          0.15407594,  0.        ]],

       ...,

       [[ 0.        ,  0.18556194, -0.31045484, ...,  0.29776559,
          0.05710577, -0.20772959],
        [-0.18556194,  0.        , -0.48145601, ...,  0.1154495 ,
         -0.12914514, -0.385636  ],
        [ 0.31045484,  0.48145601,  0.        , ...,  0.57942474,
          0.36423228,  0.10621739],
        ...,
        [-0.29776559, -0.1154495 , -0.57942474, ...,  0.        ,
         -0.24276428, -0.48957699],
        [-0.05710577,  0.12914514, -0.36423228, ...,  0.24276428,
          0.        , -0.26325068],
        [ 0.20772959,  0.385636  , -0.10621739, ...,  0.48957699,
          0.26325068,  0.        ]],

       [[ 0.        ,  0.12196432,  0.14226134, ...,  0.04865726,
          0.25977531,  0.42405019],
        [-0.12196432,  0.        ,  0.02047545, ...,  0.17011387,
          0.37561313,  0.53134005],
        [-0.14226134, -0.02047545,  0.        , ...,  0.19025521,
          0.39451055,  0.54857461],
        ...,
        [-0.04865726, -0.17011387, -0.19025521, ...,  0.        ,
         -0.2124808 , -0.37948202],
        [-0.25977531, -0.37561313, -0.39451055, ...,  0.2124808 ,
          0.        , -0.1742296 ],
        [-0.42405019, -0.53134005, -0.54857461, ...,  0.37948202,
          0.1742296 ,  0.        ]],

       [[ 0.        ,  0.00827552,  0.03531107, ...,  0.99248227,
          0.91170028,  0.40137925],
        [-0.00827552,  0.        ,  0.0270395 , ...,  0.99346111,
          0.91506911,  0.40894516],
        [-0.03531107, -0.0270395 ,  0.        , ...,  0.996185  ,
          0.92563948,  0.43347077],
        ...,
        [-0.99248227, -0.99346111, -0.996185  , ...,  0.        ,
          0.29618559,  0.85990216],
        [-0.91170028, -0.91506911, -0.92563948, ..., -0.29618559,
          0.        ,  0.67012814],
        [-0.40137925, -0.40894516, -0.43347077, ..., -0.85990216,
         -0.67012814,  0.        ]]]), 'num': array([ 9.99605429e-01,  5.83711085e-04,  2.48204162e-05, -2.30892294e-10,
        6.55096230e-04,  6.94157868e-04,  6.49399741e-04,  2.80173509e-02,
       -3.17375813e-05,  6.98877816e-04,  6.98796438e-04,  6.13986568e-04,
        5.79097325e-07,  7.68497607e-04,  6.29095268e-04])}
{'img': array([[[ 0.        , -0.10976945, -0.364326  , ...,  0.93206054,
          0.98222734,  0.99448052],
        [ 0.10976945,  0.        , -0.25989925, ...,  0.88665841,
          0.95568863,  0.99998811],
        [ 0.364326  ,  0.25989925,  0.        , ...,  0.73600514,
          0.8463381 ,  0.96435693],
        ...,
        [-0.93206054, -0.88665841, -0.73600514, ...,  0.        ,
         -0.18092031, -0.45809594],
        [-0.98222734, -0.95568863, -0.8463381 , ...,  0.18092031,
          0.        , -0.28971578],
        [-0.99448052, -0.99998811, -0.96435693, ...,  0.45809594,
          0.28971578,  0.        ]],

       [[ 0.        , -0.01893054, -0.43377369, ...,  0.04499004,
          0.20223821,  0.44526782],
        [ 0.01893054,  0.        , -0.41663913, ...,  0.06389335,
          0.22074134,  0.46213839],
        [ 0.43377369,  0.41663913,  0.        , ...,  0.47387148,
          0.60703139,  0.78959589],
        ...,
        [-0.04499004, -0.06389335, -0.47387148, ...,  0.        ,
          0.15797304,  0.40453299],
        [-0.20223821, -0.22074134, -0.60703139, ..., -0.15797304,
          0.        ,  0.2549834 ],
        [-0.44526782, -0.46213839, -0.78959589, ..., -0.40453299,
         -0.2549834 ,  0.        ]],

       [[ 0.        ,  0.23716522,  0.27980429, ...,  0.40800106,
          0.54443704,  0.69355942],
        [-0.23716522,  0.        ,  0.04412914, ...,  0.61288796,
          0.72783848,  0.84462539],
        [-0.27980429, -0.04412914,  0.        , ...,  0.64716042,
          0.75739094,  0.86742746],
        ...,
        [-0.40800106, -0.61288796, -0.64716042, ...,  0.        ,
         -0.15482893, -0.33928316],
        [-0.54443704, -0.72783848, -0.75739094, ...,  0.15482893,
          0.        , -0.18954669],
        [-0.69355942, -0.84462539, -0.86742746, ...,  0.33928316,
          0.18954669,  0.        ]],

       ...,

       [[ 0.        , -0.42921839, -0.8742728 , ..., -0.11683827,
         -0.34520361, -0.99184487],
        [ 0.42921839,  0.        , -0.58128624, ...,  0.32075024,
          0.09104524, -0.95053932],
        [ 0.8742728 ,  0.58128624,  0.        , ...,  0.81156749,
          0.65295545, -0.59290307],
        ...,
        [ 0.11683827, -0.32075024, -0.81156749, ...,  0.        ,
         -0.23318333, -0.99994283],
        [ 0.34520361, -0.09104524, -0.65295545, ...,  0.23318333,
          0.        , -0.97487054],
        [ 0.99184487,  0.95053932,  0.59290307, ...,  0.99994283,
          0.97487054,  0.        ]],

       [[ 0.        ,  0.07364513,  0.08026303, ...,  0.26025299,
          0.42480444,  0.5078562 ],
        [-0.07364513,  0.        ,  0.00663754, ...,  0.33065363,
          0.49032073,  0.56991811],
        [-0.08026303, -0.00663754,  0.        , ...,  0.33691054,
          0.49609483,  0.57535964],
        ...,
        [-0.26025299, -0.33065363, -0.33691054, ...,  0.        ,
         -0.17456271, -0.26616288],
        [-0.42480444, -0.49032073, -0.49609483, ...,  0.17456271,
          0.        , -0.09381034],
        [-0.5078562 , -0.56991811, -0.57535964, ...,  0.26616288,
          0.09381034,  0.        ]],

       [[ 0.        ,  0.02602753,  0.04201897, ...,  0.96575386,
          0.80912535,  0.39494439],
        [-0.02602753,  0.        ,  0.01600019, ...,  0.97217979,
          0.82414596,  0.41872222],
        [-0.04201897, -0.01600019,  0.        , ...,  0.97580316,
          0.83310261,  0.43319862],
        ...,
        [-0.96575386, -0.97217979, -0.97580316, ...,  0.        ,
          0.35757617,  0.78477066],
        [-0.80912535, -0.82414596, -0.83310261, ..., -0.35757617,
          0.        ,  0.51126395],
        [-0.39494439, -0.41872222, -0.43319862, ..., -0.78477066,
         -0.51126395,  0.        ]]]), 'num': array([ 7.06998867e-01,  7.06998867e-01,  0.00000000e+00, -5.52109644e-08,
        5.01570352e-04,  5.03876423e-04,  4.58908046e-04,  1.74156526e-02,
        3.74736470e-05,  4.91654249e-04,  4.98082420e-04,  4.37269417e-04,
        4.96339695e-07,  5.40820191e-04,  4.55344650e-04])}
{'img': array([[[ 0.00000000e+00, -2.59899250e-01,  1.78397613e-01, ...,
          9.55688629e-01,  9.99988111e-01,  8.63571796e-01],
        [ 2.59899250e-01,  0.00000000e+00,  4.27997181e-01, ...,
          8.46338105e-01,  9.64356933e-01,  7.02847858e-01],
        [-1.78397613e-01, -4.27997181e-01,  0.00000000e+00, ...,
          9.92874518e-01,  9.84816688e-01,  9.39671488e-01],
        ...,
        [-9.55688629e-01, -8.46338105e-01, -9.92874518e-01, ...,
          0.00000000e+00, -2.89715775e-01,  2.27665188e-01],
        [-9.99988111e-01, -9.64356933e-01, -9.84816688e-01, ...,
          2.89715775e-01,  0.00000000e+00,  5.00008935e-01],
        [-8.63571796e-01, -7.02847858e-01, -9.39671488e-01, ...,
         -2.27665188e-01, -5.00008935e-01,  0.00000000e+00]],

       [[ 0.00000000e+00, -4.16639128e-01, -7.80326698e-02, ...,
          2.20741336e-01,  4.62138393e-01,  3.78833149e-01],
        [ 4.16639128e-01,  0.00000000e+00,  3.44431400e-01, ...,
          6.07031394e-01,  7.89595892e-01,  7.29971521e-01],
        [ 7.80326698e-02, -3.44431400e-01,  0.00000000e+00, ...,
          2.96176042e-01,  5.29929223e-01,  4.49894516e-01],
        ...,
        [-2.20741336e-01, -6.07031394e-01, -2.96176042e-01, ...,
          0.00000000e+00,  2.54983399e-01,  1.65199862e-01],
        [-4.62138393e-01, -7.89595892e-01, -5.29929223e-01, ...,
         -2.54983399e-01,  0.00000000e+00, -9.17407036e-02],
        [-3.78833149e-01, -7.29971521e-01, -4.49894516e-01, ...,
         -1.65199862e-01,  9.17407036e-02,  0.00000000e+00]],

       [[ 0.00000000e+00,  1.51726106e-01,  2.81780088e-01, ...,
          5.48014419e-01,  6.97737931e-01,  7.39699098e-01],
        [-1.51726106e-01,  0.00000000e+00,  1.32939785e-01, ...,
          6.68583991e-01,  7.98349391e-01,  8.33237516e-01],
        [-2.81780088e-01, -1.32939785e-01,  0.00000000e+00, ...,
          7.61508612e-01,  8.71318946e-01,  8.99346227e-01],
        ...,
        [-5.48014419e-01, -6.68583991e-01, -7.61508612e-01, ...,
          0.00000000e+00, -1.91064235e-01, -2.49955679e-01],
        [-6.97737931e-01, -7.98349391e-01, -8.71318946e-01, ...,
          1.91064235e-01,  0.00000000e+00, -6.03515426e-02],
        [-7.39699098e-01, -8.33237516e-01, -8.99346227e-01, ...,
          2.49955679e-01,  6.03515426e-02,  0.00000000e+00]],

       ...,

       [[ 0.00000000e+00, -5.81286236e-01, -2.04188454e-02, ...,
          9.10452428e-02, -9.50539323e-01, -4.27707529e-01],
        [ 5.81286236e-01,  0.00000000e+00,  5.64550248e-01, ...,
          6.52955450e-01, -5.92903072e-01,  1.77409361e-01],
        [ 2.04188454e-02, -5.64550248e-01,  0.00000000e+00, ...,
          1.11360302e-01, -9.43998969e-01, -4.09161413e-01],
        ...,
        [-9.10452428e-02, -6.52955450e-01, -1.11360302e-01, ...,
          0.00000000e+00, -9.74870541e-01, -5.08228515e-01],
        [ 9.50539323e-01,  5.92903072e-01,  9.43998969e-01, ...,
          9.74870541e-01,  0.00000000e+00,  7.26361052e-01],
        [ 4.27707529e-01, -1.77409361e-01,  4.09161413e-01, ...,
          5.08228515e-01, -7.26361052e-01,  0.00000000e+00]],

       [[ 0.00000000e+00,  3.19798486e-02,  1.40569774e-01, ...,
          4.25078758e-01,  5.08175601e-01,  5.68589200e-01],
        [-3.19798486e-02,  0.00000000e+00,  1.08835561e-01, ...,
          4.53808100e-01,  5.35458432e-01,  5.94605689e-01],
        [-1.40569774e-01, -1.08835561e-01,  0.00000000e+00, ...,
          5.48095682e-01,  6.24196018e-01,  6.78579284e-01],
        ...,
        [-4.25078758e-01, -4.53808100e-01, -5.48095682e-01, ...,
          0.00000000e+00, -9.38778206e-02, -1.64983160e-01],
        [-5.08175601e-01, -5.35458432e-01, -6.24196018e-01, ...,
          9.38778206e-02,  0.00000000e+00, -7.16631941e-02],
        [-5.68589200e-01, -5.94605689e-01, -6.78579284e-01, ...,
          1.64983160e-01,  7.16631941e-02,  0.00000000e+00]],

       [[ 0.00000000e+00,  1.52746680e-02,  1.45814454e-02, ...,
          9.34171886e-01,  8.43585399e-01,  4.01397331e-01],
        [-1.52746680e-02,  0.00000000e+00, -6.93299823e-04, ...,
          9.39513259e-01,  8.51689404e-01,  4.15340632e-01],
        [-1.45814454e-02,  6.93299823e-04,  0.00000000e+00, ...,
          9.39275570e-01,  8.51325877e-01,  4.14709861e-01],
        ...,
        [-9.34171886e-01, -9.39513259e-01, -9.39275570e-01, ...,
          0.00000000e+00,  2.00634722e-01,  7.12383859e-01],
        [-8.43585399e-01, -8.51689404e-01, -8.51325877e-01, ...,
         -2.00634722e-01,  0.00000000e+00,  5.57094886e-01],
        [-4.01397331e-01, -4.15340632e-01, -4.14709861e-01, ...,
         -7.12383859e-01, -5.57094886e-01,  0.00000000e+00]]]), 'num': array([ 9.96084496e-01,  8.69539851e-02,  2.10203579e-05, -7.84083585e-08,
        7.06395088e-04,  7.23544564e-04,  6.98228671e-04,  1.58363652e-02,
       -4.08320860e-06,  6.93982134e-04,  7.08110036e-04,  6.22648480e-04,
        7.47629744e-07,  7.64026801e-04,  6.52193271e-04])}
