state_0,state_1,state_2,state_3,state_4,state_5,state_6,state_7,state_8,state_9,state_10,state_11,state_12,state_13,state_14,state_15,state_16,state_17,state_18,state_19,state_20,state_21,state_22,state_23,state_24,state_25,state_26,state_27,state_28,state_29,state_30,state_31,state_32,state_33,state_34,state_35,state_36,state_37,state_38,state_39,state_40,state_41,state_42,state_43,state_44,state_45,state_46,state_47,state_48,state_49,state_50,state_51,state_52,state_53,state_54,state_55,state_56,state_57,state_58,state_59,state_60,state_61,state_62,state_63,state_64,state_65,state_66,state_67,state_68,state_69,state_70,state_71,state_72,state_73,state_74,state_75,state_76,state_77,state_78,state_79,state_80,state_81,state_82,state_83,state_84,state_85,state_86,state_87,state_88,state_89,state_90,state_91,state_92,state_93,state_94,state_95,state_96,state_97,state_98,state_99,state_100,state_101,state_102,state_103,state_104,state_105,state_106,state_107,state_108,state_109,state_110,state_111,state_112,state_113,state_114,state_115,state_116,state_117,state_118,state_119,state_120,state_121,state_122,state_123,state_124,state_125,state_126,state_127,state_128,state_129,state_130,state_131,state_132,state_133,state_134,state_135,state_136,state_137,state_138,state_139,state_140,state_141,state_142,state_143,state_144,state_145,state_146,state_147,state_148,state_149,state_150,state_151,state_152,state_153,state_154,state_155,state_156,state_157,state_158,state_159,state_160,state_161,state_162,state_163,state_164,state_165,state_166,state_167,state_168,state_169,state_170,state_171,state_172,state_173,state_174,state_175,state_176,state_177,state_178,state_179,state_180,state_181,state_182,state_183,state_184,state_185,state_186,state_187,state_188,state_189,state_190,state_191,state_192,state_193,state_194,state_195,state_196,state_197,state_198,state_199,state_200,state_201,state_202,state_203,state_204,state_205,state_206,state_207,state_208,state_209,state_210,state_211,state_212,state_213,state_214,state_215,state_216,state_217,state_218,state_219,state_220,state_221,state_222,state_223,state_224,state_225,state_226,state_227,state_228,state_229,state_230,state_231,state_232,state_233,state_234,state_235,state_236,state_237,state_238,state_239,state_240,state_241,state_242,state_243,state_244,state_245,state_246,state_247,state_248,state_249,state_250,state_251,state_252,state_253,state_254,state_255,state_256,state_257,state_258,state_259,state_260,state_261,state_262,state_263,state_264,state_265,state_266,state_267,state_268,state_269,state_270,state_271,state_272,state_273,state_274,state_275,state_276,state_277,state_278,state_279,state_280,state_281,state_282,state_283,state_284,state_285,state_286,state_287
{'img': array([[[ 0.00000000e+00, -5.70575148e-02, -1.60858419e-01, ...,
          7.38519086e-01,  6.35357610e-01,  7.68474689e-01],
        [ 5.70575148e-02,  0.00000000e+00, -1.04281881e-01, ...,
          7.75785994e-01,  6.78383387e-01,  8.03732735e-01],
        [ 1.60858419e-01,  1.04281881e-01,  0.00000000e+00, ...,
          8.37357700e-01,  7.51301434e-01,  8.61397336e-01],
        ...,
        [-7.38519086e-01, -7.75785994e-01, -8.37357700e-01, ...,
          0.00000000e+00, -1.41918969e-01,  4.55669354e-02],
        [-6.35357610e-01, -6.78383387e-01, -7.51301434e-01, ...,
          1.41918969e-01,  0.00000000e+00,  1.86877276e-01],
        [-7.68474689e-01, -8.03732735e-01, -8.61397336e-01, ...,
         -4.55669354e-02, -1.86877276e-01,  0.00000000e+00]],

       [[ 0.00000000e+00,  1.03823189e-01, -4.46748785e-02, ...,
          2.60899467e-01,  3.49384269e-01,  3.76647161e-01],
        [-1.03823189e-01,  0.00000000e+00, -1.48152975e-01, ...,
          1.59262132e-01,  2.50215914e-01,  2.78434356e-01],
        [ 4.46748785e-02,  1.48152975e-01,  0.00000000e+00, ...,
          3.03766587e-01,  3.90894883e-01,  4.17655986e-01],
        ...,
        [-2.60899467e-01, -1.59262132e-01, -3.03766587e-01, ...,
          0.00000000e+00,  9.28262273e-02,  1.21916360e-01],
        [-3.49384269e-01, -2.50215914e-01, -3.90894883e-01, ...,
         -9.28262273e-02,  0.00000000e+00,  2.92561856e-02],
        [-3.76647161e-01, -2.78434356e-01, -4.17655986e-01, ...,
         -1.21916360e-01, -2.92561856e-02,  0.00000000e+00]],

       [[ 0.00000000e+00, -2.20377585e-03, -4.00727938e-02, ...,
          8.44108908e-01,  8.01894335e-01,  7.98031657e-01],
        [ 2.20377585e-03,  0.00000000e+00, -3.78706908e-02, ...,
          8.45288461e-01,  8.03209069e-01,  7.99357749e-01],
        [ 4.00727938e-02,  3.78706908e-02,  0.00000000e+00, ...,
          8.64916789e-01,  8.25192351e-01,  8.21539136e-01],
        ...,
        [-8.44108908e-01, -8.45288461e-01, -8.64916789e-01, ...,
          0.00000000e+00, -7.43731763e-02, -8.07911010e-02],
        [-8.01894335e-01, -8.03209069e-01, -8.25192351e-01, ...,
          7.43731763e-02,  0.00000000e+00, -6.43729385e-03],
        [-7.98031657e-01, -7.99357749e-01, -8.21539136e-01, ...,
          8.07911010e-02,  6.43729385e-03,  0.00000000e+00]],

       ...,

       [[ 0.00000000e+00, -2.41297839e-01, -6.48451031e-01, ...,
         -5.31195376e-01, -7.17886376e-01, -6.14359766e-01],
        [ 2.41297839e-01,  0.00000000e+00, -4.45600504e-01, ...,
         -3.11059702e-01, -5.28691655e-01, -4.05815839e-01],
        [ 6.48451031e-01,  4.45600504e-01,  0.00000000e+00, ...,
          1.45023856e-01, -9.50697181e-02,  4.39594590e-02],
        ...,
        [ 5.31195376e-01,  3.11059702e-01, -1.45023856e-01, ...,
          0.00000000e+00, -2.38431643e-01, -1.01388937e-01],
        [ 7.17886376e-01,  5.28691655e-01,  9.50697181e-02, ...,
          2.38431643e-01,  0.00000000e+00,  1.38738165e-01],
        [ 6.14359766e-01,  4.05815839e-01, -4.39594590e-02, ...,
          1.01388937e-01, -1.38738165e-01,  0.00000000e+00]],

       [[ 0.00000000e+00,  1.40034050e-02,  1.30328315e-02, ...,
          8.68349182e-01,  8.81483223e-01,  8.97777528e-01],
        [-1.40034050e-02,  0.00000000e+00, -9.70662033e-04, ...,
          8.75209073e-01,  8.88009414e-01,  9.03857287e-01],
        [-1.30328315e-02,  9.70662033e-04,  0.00000000e+00, ...,
          8.74739108e-01,  8.87562661e-01,  9.03441579e-01],
        ...,
        [-8.68349182e-01, -8.75209073e-01, -8.74739108e-01, ...,
          0.00000000e+00, -2.71267295e-02, -6.27920340e-02],
        [-8.81483223e-01, -8.88009414e-01, -8.87562661e-01, ...,
          2.71267295e-02,  0.00000000e+00, -3.56957282e-02],
        [-8.97777528e-01, -9.03857287e-01, -9.03441579e-01, ...,
          6.27920340e-02,  3.56957282e-02,  0.00000000e+00]],

       [[ 0.00000000e+00,  3.78522682e-02,  6.64896714e-02, ...,
          8.06903634e-01,  8.88229166e-01,  9.96971411e-01],
        [-3.78522682e-02,  0.00000000e+00,  2.86735159e-02, ...,
          7.83966668e-01,  8.70203257e-01,  9.99200658e-01],
        [-6.64896714e-02, -2.86735159e-02,  0.00000000e+00, ...,
          7.65843722e-01,  8.55718218e-01,  9.99936056e-01],
        ...,
        [-8.06903634e-01, -7.83966668e-01, -7.65843722e-01, ...,
          0.00000000e+00,  1.53969911e-01,  6.51646196e-01],
        [-8.88229166e-01, -8.70203257e-01, -8.55718218e-01, ...,
         -1.53969911e-01,  0.00000000e+00,  5.27085936e-01],
        [-9.96971411e-01, -9.99200658e-01, -9.99936056e-01, ...,
         -6.51646196e-01, -5.27085936e-01,  0.00000000e+00]]]), 'num': array([ 7.07101028e-01,  7.07101028e-01,  0.00000000e+00,  0.00000000e+00,
        4.21709632e-05,  4.34464555e-05,  4.16926536e-05,  4.03229343e-03,
       -7.97182669e-07,  4.25057799e-05,  4.32252373e-05,  3.70703228e-05,
        3.96865831e-07,  4.93808336e-05,  3.70696409e-05])}
{'img': array([[[ 0.00000000e+00, -1.04281881e-01, -1.04281881e-01, ...,
          6.78383387e-01,  8.03732735e-01,  7.46623335e-01],
        [ 1.04281881e-01,  0.00000000e+00,  0.00000000e+00, ...,
          7.51301434e-01,  8.61397336e-01,  8.11925792e-01],
        [ 1.04281881e-01,  0.00000000e+00,  0.00000000e+00, ...,
          7.51301434e-01,  8.61397336e-01,  8.11925792e-01],
        ...,
        [-6.78383387e-01, -7.51301434e-01, -7.51301434e-01, ...,
          0.00000000e+00,  1.86877276e-01,  9.72576807e-02],
        [-8.03732735e-01, -8.61397336e-01, -8.61397336e-01, ...,
         -1.86877276e-01,  0.00000000e+00, -9.04470163e-02],
        [-7.46623335e-01, -8.11925792e-01, -8.11925792e-01, ...,
         -9.72576807e-02,  9.04470163e-02,  0.00000000e+00]],

       [[ 0.00000000e+00, -1.48152975e-01, -1.89550419e-01, ...,
          2.50215914e-01,  2.78434356e-01,  1.70222692e-01],
        [ 1.48152975e-01,  0.00000000e+00, -4.19915194e-02, ...,
          3.90894883e-01,  4.17655986e-01,  3.14334966e-01],
        [ 1.89550419e-01,  4.19915194e-02,  0.00000000e+00, ...,
          4.29200579e-01,  4.55441314e-01,  3.53920771e-01],
        ...,
        [-2.50215914e-01, -3.90894883e-01, -4.29200579e-01, ...,
          0.00000000e+00,  2.92561856e-02, -8.17562490e-02],
        [-2.78434356e-01, -4.17655986e-01, -4.55441314e-01, ...,
         -2.92561856e-02,  0.00000000e+00, -1.10879499e-01],
        [-1.70222692e-01, -3.14334966e-01, -3.53920771e-01, ...,
          8.17562490e-02,  1.10879499e-01,  0.00000000e+00]],

       [[ 0.00000000e+00, -3.78706908e-02, -8.34571785e-02, ...,
          8.03209069e-01,  7.99357749e-01,  7.86365714e-01],
        [ 3.78706908e-02,  0.00000000e+00, -4.56587366e-02, ...,
          8.25192351e-01,  8.21539136e-01,  8.09196658e-01],
        [ 8.34571785e-02,  4.56587366e-02,  0.00000000e+00, ...,
          8.50122175e-01,  8.46714776e-01,  8.35178981e-01],
        ...,
        [-8.03209069e-01, -8.25192351e-01, -8.50122175e-01, ...,
          0.00000000e+00, -6.43729385e-03, -2.77555614e-02],
        [-7.99357749e-01, -8.21539136e-01, -8.46714776e-01, ...,
          6.43729385e-03,  0.00000000e+00, -2.13201725e-02],
        [-7.86365714e-01, -8.09196658e-01, -8.35178981e-01, ...,
          2.77555614e-02,  2.13201725e-02,  0.00000000e+00]],

       ...,

       [[ 0.00000000e+00, -4.45600504e-01, -3.51600095e-01, ...,
         -5.28691655e-01, -4.05815839e-01, -5.39642217e-01],
        [ 4.45600504e-01,  0.00000000e+00,  1.02385416e-01, ...,
         -9.50697181e-02,  4.39594590e-02, -1.07956343e-01],
        [ 3.51600095e-01, -1.02385416e-01,  0.00000000e+00, ...,
         -1.96491781e-01, -5.85579978e-02, -2.09176050e-01],
        ...,
        [ 5.28691655e-01,  9.50697181e-02,  1.96491781e-01, ...,
          0.00000000e+00,  1.38738165e-01, -1.29532717e-02],
        [ 4.05815839e-01, -4.39594590e-02,  5.85579978e-02, ...,
         -1.38738165e-01,  0.00000000e+00, -1.51554528e-01],
        [ 5.39642217e-01,  1.07956343e-01,  2.09176050e-01, ...,
          1.29532717e-02,  1.51554528e-01,  0.00000000e+00]],

       [[ 0.00000000e+00, -9.70662033e-04, -2.41131346e-04, ...,
          8.88009414e-01,  9.03857287e-01,  9.20942758e-01],
        [ 9.70662033e-04,  0.00000000e+00,  7.29530772e-04, ...,
          8.87562661e-01,  9.03441579e-01,  9.20564059e-01],
        [ 2.41131346e-04, -7.29530772e-04,  0.00000000e+00, ...,
          8.87898510e-01,  9.03754097e-01,  9.20848763e-01],
        ...,
        [-8.88009414e-01, -8.87562661e-01, -8.87898510e-01, ...,
          0.00000000e+00, -3.56957282e-02, -7.74173698e-02],
        [-9.03857287e-01, -9.03441579e-01, -9.03754097e-01, ...,
          3.56957282e-02,  0.00000000e+00, -4.17794349e-02],
        [-9.20942758e-01, -9.20564059e-01, -9.20848763e-01, ...,
          7.74173698e-02,  4.17794349e-02,  0.00000000e+00]],

       [[ 0.00000000e+00,  2.70192197e-02,  4.64829780e-02, ...,
          8.00205648e-01,  9.21146740e-01,  9.95152619e-01],
        [-2.70192197e-02,  0.00000000e+00,  1.94759936e-02, ...,
          7.83709383e-01,  9.10294144e-01,  9.97446443e-01],
        [-4.64829780e-02, -1.94759936e-02,  0.00000000e+00, ...,
          7.71463654e-01,  9.02059162e-01,  9.98648197e-01],
        ...,
        [-8.00205648e-01, -7.83709383e-01, -7.71463654e-01, ...,
          0.00000000e+00,  2.40982960e-01,  6.75512900e-01],
        [-9.21146740e-01, -9.10294144e-01, -9.02059162e-01, ...,
         -2.40982960e-01,  0.00000000e+00,  4.77916750e-01],
        [-9.95152619e-01, -9.97446443e-01, -9.98648197e-01, ...,
         -6.75512900e-01, -4.77916750e-01,  0.00000000e+00]]]), 'num': array([ 9.20373393e-01,  3.90998242e-01,  1.05034752e-04, -8.89471672e-11,
        5.37928209e-05,  5.65678474e-05,  5.33125279e-05,  5.75822263e-03,
       -2.66829469e-06,  5.60128421e-05,  5.80060582e-05,  4.97521333e-05,
        3.83264146e-07,  6.58846772e-05,  5.01274393e-05])}
{'img': array([[[ 0.00000000e+00,  0.00000000e+00,  1.85764486e-01, ...,
          8.61397336e-01,  8.11925792e-01,  6.65259093e-01],
        [ 0.00000000e+00,  0.00000000e+00,  1.85764486e-01, ...,
          8.61397336e-01,  8.11925792e-01,  6.65259093e-01],
        [-1.85764486e-01, -1.85764486e-01,  0.00000000e+00, ...,
          7.52048437e-01,  6.89351655e-01,  5.14985691e-01],
        ...,
        [-8.61397336e-01, -8.61397336e-01, -7.52048437e-01, ...,
          0.00000000e+00, -9.04470163e-02, -3.05223890e-01],
        [-8.11925792e-01, -8.11925792e-01, -6.89351655e-01, ...,
          9.04470163e-02,  0.00000000e+00, -2.17841919e-01],
        [-6.65259093e-01, -6.65259093e-01, -5.14985691e-01, ...,
          3.05223890e-01,  2.17841919e-01,  0.00000000e+00]],

       [[ 0.00000000e+00, -4.19915194e-02,  1.17107989e-01, ...,
          4.17655986e-01,  3.14334966e-01,  3.32952946e-01],
        [ 4.19915194e-02,  0.00000000e+00,  1.58707280e-01, ...,
          4.55441314e-01,  3.53920771e-01,  3.72254898e-01],
        [-1.17107989e-01, -1.58707280e-01,  0.00000000e+00, ...,
          3.08377241e-01,  2.01000050e-01,  2.20235748e-01],
        ...,
        [-4.17655986e-01, -4.55441314e-01, -3.08377241e-01, ...,
          0.00000000e+00, -1.10879499e-01, -9.13031829e-02],
        [-3.14334966e-01, -3.53920771e-01, -2.01000050e-01, ...,
          1.10879499e-01,  0.00000000e+00,  1.96761767e-02],
        [-3.32952946e-01, -3.72254898e-01, -2.20235748e-01, ...,
          9.13031829e-02, -1.96761767e-02,  0.00000000e+00]],

       [[ 0.00000000e+00, -4.56587366e-02, -5.14547456e-02, ...,
          8.21539136e-01,  8.09196658e-01,  7.54717896e-01],
        [ 4.56587366e-02,  0.00000000e+00, -5.80282950e-03, ...,
          8.46714776e-01,  8.35178981e-01,  7.83885188e-01],
        [ 5.14547456e-02,  5.80282950e-03,  0.00000000e+00, ...,
          8.49787898e-01,  8.38356350e-01,  7.87475000e-01],
        ...,
        [-8.21539136e-01, -8.46714776e-01, -8.49787898e-01, ...,
          0.00000000e+00, -2.13201725e-02, -1.08666295e-01],
        [-8.09196658e-01, -8.35178981e-01, -8.38356350e-01, ...,
          2.13201725e-02,  0.00000000e+00, -8.74476744e-02],
        [-7.54717896e-01, -7.83885188e-01, -7.87475000e-01, ...,
          1.08666295e-01,  8.74476744e-02,  0.00000000e+00]],

       ...,

       [[ 0.00000000e+00,  1.02385416e-01,  3.62637819e-01, ...,
          4.39594590e-02, -1.07956343e-01, -5.16762255e-01],
        [-1.02385416e-01,  0.00000000e+00,  2.65316030e-01, ...,
         -5.85579978e-02, -2.09176050e-01, -6.01701687e-01],
        [-3.62637819e-01, -2.65316030e-01,  0.00000000e+00, ...,
         -3.21320117e-01, -4.61126203e-01, -7.92051062e-01],
        ...,
        [-4.39594590e-02,  5.85579978e-02,  3.21320117e-01, ...,
          0.00000000e+00, -1.51554528e-01, -5.53897675e-01],
        [ 1.07956343e-01,  2.09176050e-01,  4.61126203e-01, ...,
          1.51554528e-01,  0.00000000e+00, -4.21317558e-01],
        [ 5.16762255e-01,  6.01701687e-01,  7.92051062e-01, ...,
          5.53897675e-01,  4.21317558e-01,  0.00000000e+00]],

       [[ 0.00000000e+00,  7.29530772e-04,  2.20391381e-02, ...,
          9.03441579e-01,  9.20564059e-01,  9.34881745e-01],
        [-7.29530772e-04,  0.00000000e+00,  2.13097787e-02, ...,
          9.03754097e-01,  9.20848763e-01,  9.35140450e-01],
        [-2.20391381e-02, -2.13097787e-02,  0.00000000e+00, ...,
          9.12670567e-01,  9.28948765e-01,  9.42477668e-01],
        ...,
        [-9.03441579e-01, -9.03754097e-01, -9.12670567e-01, ...,
          0.00000000e+00, -4.17794349e-02, -8.01092815e-02],
        [-9.20564059e-01, -9.20848763e-01, -9.28948765e-01, ...,
          4.17794349e-02,  0.00000000e+00, -3.83941754e-02],
        [-9.34881745e-01, -9.35140450e-01, -9.42477668e-01, ...,
          8.01092815e-02,  3.83941754e-02,  0.00000000e+00]],

       [[ 0.00000000e+00,  1.87977173e-02,  5.88356682e-02, ...,
          8.65947092e-01,  9.60084252e-01,  9.94336514e-01],
        [-1.87977173e-02,  0.00000000e+00,  4.00601187e-02, ...,
          8.56392677e-01,  9.54656684e-01,  9.96158595e-01],
        [-5.88356682e-02, -4.00601187e-02,  0.00000000e+00, ...,
          8.35021182e-01,  9.41964098e-01,  9.98866911e-01],
        ...,
        [-8.65947092e-01, -8.56392677e-01, -8.35021182e-01, ...,
          0.00000000e+00,  2.37957424e-01,  5.89333758e-01],
        [-9.60084252e-01, -9.54656684e-01, -9.41964098e-01, ...,
         -2.37957424e-01,  0.00000000e+00,  3.80162146e-01],
        [-9.94336514e-01, -9.96158595e-01, -9.98866911e-01, ...,
         -5.89333758e-01, -3.80162146e-01,  0.00000000e+00]]]), 'num': array([ 9.98940889e-01,  4.59083918e-02,  1.86503424e-04, -3.18677977e-08,
        5.84252389e-05,  5.87682442e-05,  5.78535634e-05,  3.07514556e-03,
        8.00345739e-07,  5.94771219e-05,  6.23783752e-05,  5.34564258e-05,
        3.71999386e-07,  7.00762170e-05,  5.46805334e-05])}
{'img': array([[[ 0.        ,  0.18576449,  0.22463498, ...,  0.81192579,
          0.66525909,  0.70950081],
        [-0.18576449,  0.        ,  0.03970815, ...,  0.68935166,
          0.51498569,  0.56624236],
        [-0.22463498, -0.03970815,  0.        , ...,  0.66004232,
          0.48054175,  0.53306677],
        ...,
        [-0.81192579, -0.68935166, -0.66004232, ...,  0.        ,
         -0.21784192, -0.1579892 ],
        [-0.66525909, -0.51498569, -0.48054175, ...,  0.21784192,
          0.        ,  0.06091107],
        [-0.70950081, -0.56624236, -0.53306677, ...,  0.1579892 ,
         -0.06091107,  0.        ]],

       [[ 0.        ,  0.15870728,  0.10936385, ...,  0.35392077,
          0.3722549 ,  0.19397457],
        [-0.15870728,  0.        , -0.04977758, ...,  0.20100005,
          0.22023575,  0.0358232 ],
        [-0.10936385,  0.04977758,  0.        , ...,  0.24951256,
          0.2685181 ,  0.08552442],
        ...,
        [-0.35392077, -0.20100005, -0.24951256, ...,  0.        ,
          0.01967618, -0.16577895],
        [-0.3722549 , -0.22023575, -0.2685181 , ..., -0.01967618,
          0.        , -0.18515077],
        [-0.19397457, -0.0358232 , -0.08552442, ...,  0.16577895,
          0.18515077,  0.        ]],

       [[ 0.        , -0.00580283,  0.00923936, ...,  0.83517898,
          0.78388519,  0.75396117],
        [ 0.00580283,  0.        ,  0.01504179, ...,  0.83835635,
          0.787475  ,  0.75776046],
        [-0.00923936, -0.01504179,  0.        , ...,  0.83006188,
          0.77811495,  0.74785947],
        ...,
        [-0.83517898, -0.83835635, -0.83006188, ...,  0.        ,
         -0.08744767, -0.1339827 ],
        [-0.78388519, -0.787475  , -0.77811495, ...,  0.08744767,
          0.        , -0.04681021],
        [-0.75396117, -0.75776046, -0.74785947, ...,  0.1339827 ,
          0.04681021,  0.        ]],

       ...,

       [[ 0.        ,  0.26531603,  0.38918874, ..., -0.20917605,
         -0.60170169, -0.69663072],
        [-0.26531603,  0.        ,  0.13084281, ..., -0.4611262 ,
         -0.79205106, -0.86201017],
        [-0.38918874, -0.13084281,  0.        , ..., -0.57326331,
         -0.86511553, -0.92092262],
        ...,
        [ 0.20917605,  0.4611262 ,  0.57326331, ...,  0.        ,
         -0.42131756, -0.53115071],
        [ 0.60170169,  0.79205106,  0.86511553, ...,  0.42131756,
          0.        , -0.12473475],
        [ 0.69663072,  0.86201017,  0.92092262, ...,  0.53115071,
          0.12473475,  0.        ]],

       [[ 0.        ,  0.02130978,  0.05179556, ...,  0.92084876,
          0.93514045,  0.95836078],
        [-0.02130978,  0.        ,  0.03050262, ...,  0.92894876,
          0.94247767,  0.96422838],
        [-0.05179556, -0.03050262,  0.        , ...,  0.93980884,
          0.9522352 ,  0.97186513],
        ...,
        [-0.92084876, -0.92894876, -0.93980884, ...,  0.        ,
         -0.03839418, -0.11072625],
        [-0.93514045, -0.94247767, -0.9522352 , ...,  0.03839418,
          0.        , -0.07248652],
        [-0.95836078, -0.96422838, -0.97186513, ...,  0.11072625,
          0.07248652,  0.        ]],

       [[ 0.        ,  0.03768769,  0.06696868, ...,  0.87945173,
          0.93314902,  0.98917502],
        [-0.03768769,  0.        ,  0.02931802, ...,  0.86088804,
          0.91893775,  0.99400259],
        [-0.06696868, -0.02931802,  0.        , ...,  0.84560113,
          0.90697962,  0.99678142],
        ...,
        [-0.87945173, -0.86088804, -0.84560113, ...,  0.        ,
          0.12801391,  0.59988671],
        [-0.93314902, -0.91893775, -0.90697962, ..., -0.12801391,
          0.        ,  0.49252906],
        [-0.98917502, -0.99400259, -0.99678142, ..., -0.59988671,
         -0.49252906,  0.        ]]]), 'num': array([ 8.90735076e-01,  4.54518488e-01,  8.58694071e-05, -1.61141780e-08,
        5.19800510e-05,  5.23893428e-05,  5.11614675e-05,  1.98465565e-03,
       -3.06968805e-07,  5.30237449e-05,  5.58887871e-05,  4.79783716e-05,
        2.18065271e-07,  6.26080936e-05,  4.91694806e-05])}
{'img': array([[[ 0.        ,  0.03970815, -0.02019955, ...,  0.51498569,
          0.56624236,  0.54450294],
        [-0.03970815,  0.        , -0.05988367, ...,  0.48054175,
          0.53306677,  0.51076793],
        [ 0.02019955,  0.05988367,  0.        , ...,  0.53219564,
          0.58277608,  0.5613344 ],
        ...,
        [-0.51498569, -0.48054175, -0.53219564, ...,  0.        ,
          0.06091107,  0.0347984 ],
        [-0.56624236, -0.53306677, -0.58277608, ..., -0.06091107,
          0.        , -0.02614039],
        [-0.54450294, -0.51076793, -0.5613344 , ..., -0.0347984 ,
          0.02614039,  0.        ]],

       [[ 0.        , -0.04977758, -0.1760848 , ...,  0.22023575,
          0.0358232 , -0.03653862],
        [ 0.04977758,  0.        , -0.1268667 , ...,  0.2685181 ,
          0.08552442,  0.01325101],
        [ 0.1760848 ,  0.1268667 ,  0.        , ...,  0.38855589,
          0.21123523,  0.13999951],
        ...,
        [-0.22023575, -0.2685181 , -0.38855589, ...,  0.        ,
         -0.18515077, -0.25573016],
        [-0.0358232 , -0.08552442, -0.21123523, ...,  0.18515077,
          0.        , -0.07231444],
        [ 0.03653862, -0.01325101, -0.13999951, ...,  0.25573016,
          0.07231444,  0.        ]],

       [[ 0.        ,  0.01504179,  0.02879699, ...,  0.787475  ,
          0.75776046,  0.74445286],
        [-0.01504179,  0.        ,  0.01375819, ...,  0.77811495,
          0.74785947,  0.73432561],
        [-0.02879699, -0.01375819,  0.        , ...,  0.76939949,
          0.73865522,  0.72491709],
        ...,
        [-0.787475  , -0.77811495, -0.76939949, ...,  0.        ,
         -0.04681021, -0.0669364 ],
        [-0.75776046, -0.74785947, -0.73865522, ...,  0.04681021,
          0.        , -0.0201578 ],
        [-0.74445286, -0.73432561, -0.72491709, ...,  0.0669364 ,
          0.0201578 ,  0.        ]],

       ...,

       [[ 0.        ,  0.13053019, -0.15851988, ..., -0.78965502,
         -0.85945051, -0.95986238],
        [-0.13053019,  0.        , -0.28604338, ..., -0.86298593,
         -0.91882685, -0.91504014],
        [ 0.15851988,  0.28604338,  0.        , ..., -0.6824104 ,
         -0.76754507, -0.99218597],
        ...,
        [ 0.78965502,  0.86298593,  0.6824104 , ...,  0.        ,
         -0.1236302 , -0.81040027],
        [ 0.85945051,  0.91882685,  0.76754507, ...,  0.1236302 ,
          0.        , -0.73175113],
        [ 0.95986238,  0.91504014,  0.99218597, ...,  0.81040027,
          0.73175113,  0.        ]],

       [[ 0.        ,  0.03050262,  0.02713125, ...,  0.94247767,
          0.96422838,  0.96838535],
        [-0.03050262,  0.        , -0.00337277, ...,  0.9522352 ,
          0.97186513,  0.9755439 ],
        [-0.02713125,  0.00337277,  0.        , ...,  0.95119986,
          0.97106519,  0.974797  ],
        ...,
        [-0.94247767, -0.9522352 , -0.95119986, ...,  0.        ,
         -0.07248652, -0.08859174],
        [-0.96422838, -0.97186513, -0.97106519, ...,  0.07248652,
          0.        , -0.01615718],
        [-0.96838535, -0.9755439 , -0.974797  , ...,  0.08859174,
          0.01615718,  0.        ]],

       [[ 0.        ,  0.0288669 ,  0.08315614, ...,  0.89986691,
          0.99071512,  0.99222506],
        [-0.0288669 ,  0.        ,  0.05435456, ...,  0.88690119,
          0.98637768,  0.99540424],
        [-0.08315614, -0.05435456,  0.        , ...,  0.86048049,
          0.97597838,  0.99913785],
        ...,
        [-0.89986691, -0.88690119, -0.86048049, ...,  0.        ,
          0.30977414,  0.54476772],
        [-0.99071512, -0.98637768, -0.97597838, ..., -0.30977414,
          0.        ,  0.25819813],
        [-0.99222506, -0.99540424, -0.99913785, ..., -0.54476772,
         -0.25819813,  0.        ]]]), 'num': array([ 9.99996182e-01,  4.91247255e-05,  1.94164486e-04, -2.11432128e-08,
        5.83604005e-05,  5.83604005e-05,  5.66605830e-05,  2.75099596e-03,
        7.93248163e-07,  5.81790867e-05,  6.18846888e-05,  5.32685028e-05,
        2.55886504e-07,  6.93470059e-05,  5.44223717e-05])}
{'img': array([[[ 0.        , -0.05988367, -0.22463498, ...,  0.53306677,
          0.51076793,  0.56230105],
        [ 0.05988367,  0.        , -0.16587862, ...,  0.58277608,
          0.5613344 ,  0.61081168],
        [ 0.22463498,  0.16587862,  0.        , ...,  0.70950081,
          0.69083711,  0.73368831],
        ...,
        [-0.53306677, -0.58277608, -0.70950081, ...,  0.        ,
         -0.02614039,  0.03493754],
        [-0.51076793, -0.5613344 , -0.69083711, ...,  0.02614039,
          0.        ,  0.06105003],
        [-0.56230105, -0.61081168, -0.73368831, ..., -0.03493754,
         -0.06105003,  0.        ]],

       [[ 0.        , -0.1268667 , -0.03264759, ...,  0.08552442,
          0.01325101,  0.0621378 ],
        [ 0.1268667 ,  0.        ,  0.09441528, ...,  0.21123523,
          0.13999951,  0.18825726],
        [ 0.03264759, -0.09441528,  0.        , ...,  0.1180068 ,
          0.04588867,  0.09468918],
        ...,
        [-0.08552442, -0.21123523, -0.1180068 , ...,  0.        ,
         -0.07231444, -0.02344902],
        [-0.01325101, -0.13999951, -0.04588867, ...,  0.07231444,
          0.        ,  0.04890694],
        [-0.0621378 , -0.18825726, -0.09468918, ...,  0.02344902,
         -0.04890694,  0.        ]],

       [[ 0.        ,  0.01375819,  0.01375819, ...,  0.74785947,
          0.73432561,  0.70093563],
        [-0.01375819,  0.        ,  0.        , ...,  0.73865522,
          0.72491709,  0.69105661],
        [-0.01375819,  0.        ,  0.        , ...,  0.73865522,
          0.72491709,  0.69105661],
        ...,
        [-0.74785947, -0.73865522, -0.73865522, ...,  0.        ,
         -0.0201578 , -0.06807065],
        [-0.73432561, -0.72491709, -0.72491709, ...,  0.0201578 ,
          0.        , -0.04794577],
        [-0.70093563, -0.69105661, -0.69105661, ...,  0.06807065,
          0.04794577,  0.        ]],

       ...,

       [[ 0.        , -0.28604338, -0.6513256 , ..., -0.91882685,
         -0.91504014, -0.98935671],
        [ 0.28604338,  0.        , -0.4070618 , ..., -0.76754507,
         -0.99218597, -0.9896404 ],
        [ 0.6513256 ,  0.4070618 ,  0.        , ..., -0.44015157,
         -0.95705148, -0.84549694],
        ...,
        [ 0.91882685,  0.76754507,  0.44015157, ...,  0.        ,
         -0.73175113, -0.52415932],
        [ 0.91504014,  0.99218597,  0.95705148, ...,  0.73175113,
          0.        ,  0.26592179],
        [ 0.98935671,  0.9896404 ,  0.84549694, ...,  0.52415932,
         -0.26592179,  0.        ]],

       [[ 0.        , -0.00337277, -0.02543393, ...,  0.97186513,
          0.9755439 ,  0.97525929],
        [ 0.00337277,  0.        , -0.02206211, ...,  0.97106519,
          0.974797  ,  0.97450814],
        [ 0.02543393,  0.02206211,  0.        , ...,  0.96556008,
          0.96963782,  0.96932127],
        ...,
        [-0.97186513, -0.97106519, -0.96556008, ...,  0.        ,
         -0.01615718, -0.01486619],
        [-0.9755439 , -0.974797  , -0.96963782, ...,  0.01615718,
          0.        ,  0.00129115],
        [-0.97525929, -0.97450814, -0.96932127, ...,  0.01486619,
         -0.00129115,  0.        ]],

       [[ 0.        ,  0.05435456,  0.09751514, ...,  0.98637768,
          0.99540424,  0.99999137],
        [-0.05435456,  0.        ,  0.04327547, ...,  0.97597838,
          0.99913785,  0.99873885],
        [-0.09751514, -0.04327547,  0.        , ...,  0.96563575,
          0.99999845,  0.9956305 ],
        ...,
        [-0.98637768, -0.97597838, -0.96563575, ...,  0.        ,
          0.25819813,  0.16859209],
        [-0.99540424, -0.99913785, -0.99999845, ..., -0.25819813,
          0.        , -0.09162679],
        [-0.99999137, -0.99873885, -0.9956305 , ..., -0.16859209,
          0.09162679,  0.        ]]]), 'num': array([ 8.92970215e-01,  4.50107269e-01,  8.54947771e-05, -6.02114717e-09,
        5.23107660e-05,  5.31186543e-05,  5.17048498e-05,  2.75901926e-03,
        3.02958104e-07,  5.16240610e-05,  5.51636215e-05,  4.75871443e-05,
        2.93185262e-07,  6.17862962e-05,  4.85409469e-05])}
{'img': array([[[ 0.00000000e+00, -1.65878625e-01, -1.04953701e-01, ...,
          5.61334395e-01,  6.10811684e-01,  6.31419911e-01],
        [ 1.65878625e-01,  0.00000000e+00,  6.14628047e-02, ...,
          6.90837107e-01,  7.33688305e-01,  7.51301434e-01],
        [ 1.04953701e-01, -6.14628047e-02,  0.00000000e+00, ...,
          6.45092744e-01,  6.90538049e-01,  7.09318061e-01],
        ...,
        [-5.61334395e-01, -6.90837107e-01, -6.45092744e-01, ...,
          0.00000000e+00,  6.10500342e-02,  8.72744682e-02],
        [-6.10811684e-01, -7.33688305e-01, -6.90538049e-01, ...,
         -6.10500342e-02,  0.00000000e+00,  2.62945899e-02],
        [-6.31419911e-01, -7.51301434e-01, -7.09318061e-01, ...,
         -8.72744682e-02, -2.62945899e-02,  0.00000000e+00]],

       [[ 0.00000000e+00,  9.44152841e-02, -1.10866887e-02, ...,
          1.39999507e-01,  1.88257257e-01,  2.14809188e-01],
        [-9.44152841e-02,  0.00000000e+00, -1.05446645e-01, ...,
          4.58886733e-02,  9.46891774e-02,  1.21638357e-01],
        [ 1.10866887e-02,  1.05446645e-01,  0.00000000e+00, ...,
          1.50968405e-01,  1.99134143e-01,  2.25623867e-01],
        ...,
        [-1.39999507e-01, -4.58886733e-02, -1.50968405e-01, ...,
          0.00000000e+00,  4.89069377e-02,  7.59622915e-02],
        [-1.88257257e-01, -9.46891774e-02, -1.99134143e-01, ...,
         -4.89069377e-02,  0.00000000e+00,  2.71057600e-02],
        [-2.14809188e-01, -1.21638357e-01, -2.25623867e-01, ...,
         -7.59622915e-02, -2.71057600e-02,  0.00000000e+00]],

       [[ 0.00000000e+00,  0.00000000e+00,  1.25099403e-02, ...,
          7.24917090e-01,  6.91056614e-01,  6.75126703e-01],
        [ 0.00000000e+00,  0.00000000e+00,  1.25099403e-02, ...,
          7.24917090e-01,  6.91056614e-01,  6.75126703e-01],
        [-1.25099403e-02, -1.25099403e-02,  0.00000000e+00, ...,
          7.16243064e-01,  6.81960344e-01,  6.65845268e-01],
        ...,
        [-7.24917090e-01, -7.24917090e-01, -7.16243064e-01, ...,
          0.00000000e+00, -4.79457689e-02, -6.97209715e-02],
        [-6.91056614e-01, -6.91056614e-01, -6.81960344e-01, ...,
          4.79457689e-02,  0.00000000e+00, -2.18116939e-02],
        [-6.75126703e-01, -6.75126703e-01, -6.65845268e-01, ...,
          6.97209715e-02,  2.18116939e-02,  0.00000000e+00]],

       ...,

       [[ 0.00000000e+00, -4.07061799e-01, -2.74862467e-01, ...,
         -9.92185970e-01, -9.89640398e-01, -8.52791164e-01],
        [ 4.07061799e-01,  0.00000000e+00,  1.40323677e-01, ...,
         -9.57051480e-01, -8.45496944e-01, -5.66351108e-01],
        [ 2.74862467e-01, -1.40323677e-01,  0.00000000e+00, ...,
         -9.88264474e-01, -9.12061404e-01, -6.76397185e-01],
        ...,
        [ 9.92185970e-01,  9.57051480e-01,  9.88264474e-01, ...,
          0.00000000e+00,  2.65921789e-01,  6.24572049e-01],
        [ 9.89640398e-01,  8.45496944e-01,  9.12061404e-01, ...,
         -2.65921789e-01,  0.00000000e+00,  3.94407894e-01],
        [ 8.52791164e-01,  5.66351108e-01,  6.76397185e-01, ...,
         -6.24572049e-01, -3.94407894e-01,  0.00000000e+00]],

       [[ 0.00000000e+00, -2.20621073e-02, -2.41240003e-02, ...,
          9.74797001e-01,  9.74508142e-01,  9.74926369e-01],
        [ 2.20621073e-02,  0.00000000e+00, -2.06244195e-03, ...,
          9.69637820e-01,  9.69321268e-01,  9.69779644e-01],
        [ 2.41240003e-02,  2.06244195e-03,  0.00000000e+00, ...,
          9.69131397e-01,  9.68812264e-01,  9.69274382e-01],
        ...,
        [-9.74797001e-01, -9.69637820e-01, -9.69131397e-01, ...,
          0.00000000e+00,  1.29114525e-03, -5.80618897e-04],
        [-9.74508142e-01, -9.69321268e-01, -9.68812264e-01, ...,
         -1.29114525e-03,  0.00000000e+00, -1.87176345e-03],
        [-9.74926369e-01, -9.69779644e-01, -9.69274382e-01, ...,
          5.80618897e-04,  1.87176345e-03,  0.00000000e+00]],

       [[ 0.00000000e+00,  4.32322380e-02,  5.98327484e-02, ...,
          9.99771613e-01,  9.97600923e-01,  9.99096752e-01],
        [-4.32322380e-02,  0.00000000e+00,  1.66220240e-02, ...,
          9.97912958e-01,  9.93675371e-01,  9.99999726e-01],
        [-5.98327484e-02, -1.66220240e-02,  0.00000000e+00, ...,
          9.96701750e-01,  9.91671587e-01,  9.99849277e-01],
        ...,
        [-9.99771613e-01, -9.97912958e-01, -9.96701750e-01, ...,
          0.00000000e+00, -4.78915608e-02,  6.38353327e-02],
        [-9.97600923e-01, -9.93675371e-01, -9.91671587e-01, ...,
          4.78915608e-02,  0.00000000e+00,  1.11555968e-01],
        [-9.99096752e-01, -9.99999726e-01, -9.99849277e-01, ...,
         -6.38353327e-02, -1.11555968e-01,  0.00000000e+00]]]), 'num': array([ 9.99832774e-01,  1.47622118e-05,  1.83790076e-04, -3.41360603e-09,
        5.85750783e-05,  5.86827531e-05,  5.54525098e-05,  1.82856212e-02,
        2.79954418e-06,  5.59047439e-05,  5.88927189e-05,  5.09211963e-05,
        4.36851950e-07,  6.59097693e-05,  5.18756685e-05])}
{'img': array([[[ 0.        ,  0.0614628 ,  0.08839836, ...,  0.73368831,
          0.75130143,  0.88398334],
        [-0.0614628 ,  0.        ,  0.02700904, ...,  0.69053805,
          0.70931806,  0.85357706],
        [-0.08839836, -0.02700904,  0.        , ...,  0.6707506 ,
          0.69002093,  0.83919486],
        ...,
        [-0.73368831, -0.69053805, -0.6707506 , ...,  0.        ,
          0.02629459,  0.25764167],
        [-0.75130143, -0.70931806, -0.69002093, ..., -0.02629459,
          0.        ,  0.23214569],
        [-0.88398334, -0.85357706, -0.83919486, ..., -0.25764167,
         -0.23214569,  0.        ]],

       [[ 0.        , -0.10544664, -0.08929267, ...,  0.09468918,
          0.12163836,  0.71014531],
        [ 0.10544664,  0.        ,  0.01623057, ...,  0.19913414,
          0.22562387,  0.78042647],
        [ 0.08929267, -0.01623057,  0.        , ...,  0.1832024 ,
          0.20978209,  0.77017555],
        ...,
        [-0.09468918, -0.19913414, -0.1832024 , ...,  0.        ,
          0.02710576,  0.64028814],
        [-0.12163836, -0.22562387, -0.20978209, ..., -0.02710576,
          0.        ,  0.619232  ],
        [-0.71014531, -0.78042647, -0.77017555, ..., -0.64028814,
         -0.619232  ,  0.        ]],

       [[ 0.        ,  0.01250994, -0.00915908, ...,  0.69105661,
          0.6751267 ,  0.7318138 ],
        [-0.01250994,  0.        , -0.02166778, ...,  0.68196034,
          0.66584527,  0.72323095],
        [ 0.00915908,  0.02166778,  0.        , ...,  0.69764782,
          0.68185506,  0.73802506],
        ...,
        [-0.69105661, -0.68196034, -0.69764782, ...,  0.        ,
         -0.02181169,  0.0579972 ],
        [-0.6751267 , -0.66584527, -0.68185506, ...,  0.02181169,
          0.        ,  0.07975838],
        [-0.7318138 , -0.72323095, -0.73802506, ..., -0.0579972 ,
         -0.07975838,  0.        ]],

       ...,

       [[ 0.        ,  0.14032368,  0.17973747, ..., -0.84549694,
         -0.56635111, -0.17575263],
        [-0.14032368,  0.        ,  0.03992063, ..., -0.9120614 ,
         -0.67639719, -0.31215313],
        [-0.17973747, -0.03992063,  0.        , ..., -0.92770396,
         -0.70526102, -0.34983017],
        ...,
        [ 0.84549694,  0.9120614 ,  0.92770396, ...,  0.        ,
          0.39440789,  0.73848781],
        [ 0.56635111,  0.67639719,  0.70526102, ..., -0.39440789,
          0.        ,  0.41268649],
        [ 0.17575263,  0.31215313,  0.34983017, ..., -0.73848781,
         -0.41268649,  0.        ]],

       [[ 0.        , -0.00206244, -0.01065123, ...,  0.96932127,
          0.96977964,  0.96867759],
        [ 0.00206244,  0.        , -0.00858888, ...,  0.96881226,
          0.96927438,  0.96816338],
        [ 0.01065123,  0.00858888,  0.        , ...,  0.96664824,
          0.96712592,  0.96597771],
        ...,
        [-0.96932127, -0.96881226, -0.96664824, ...,  0.        ,
         -0.00187176,  0.00260534],
        [-0.96977964, -0.96927438, -0.96712592, ...,  0.00187176,
          0.        ,  0.00447709],
        [-0.96867759, -0.96816338, -0.96597771, ..., -0.00260534,
         -0.00447709,  0.        ]],

       [[ 0.        ,  0.01648554,  0.04809895, ...,  0.97900992,
          0.98496973,  0.99997234],
        [-0.01648554,  0.        ,  0.03162595, ...,  0.97551692,
          0.98198838,  0.99995906],
        [-0.04809895, -0.03162595,  0.        , ...,  0.96807362,
          0.97552172,  0.99917269],
        ...,
        [-0.97900992, -0.97551692, -0.96807362, ...,  0.        ,
          0.03164776,  0.21108833],
        [-0.98496973, -0.98198838, -0.97552172, ..., -0.03164776,
          0.        ,  0.18004795],
        [-0.99997234, -0.99995906, -0.99917269, ..., -0.21108833,
         -0.18004795,  0.        ]]]), 'num': array([8.23517841e-01, 5.66998782e-01, 4.57253224e-05, 4.01646372e-08,
       4.93400767e-05, 5.10111310e-05, 4.67015699e-05, 1.81858640e-02,
       1.49515384e-06, 4.65432595e-05, 4.80823885e-05, 4.17895498e-05,
       4.63450292e-07, 5.37914625e-05, 4.23733145e-05])}
{'img': array([[[ 0.        ,  0.02700904,  0.12003041, ...,  0.70931806,
          0.85357706,  0.92750189],
        [-0.02700904,  0.        ,  0.09317285, ...,  0.69002093,
          0.83919486,  0.91706705],
        [-0.12003041, -0.09317285,  0.        , ...,  0.61958178,
          0.78487405,  0.87592667],
        ...,
        [-0.70931806, -0.69002093, -0.61958178, ...,  0.        ,
          0.23214569,  0.38862929],
        [-0.85357706, -0.83919486, -0.78487405, ..., -0.23214569,
          0.        ,  0.16411464],
        [-0.92750189, -0.91706705, -0.87592667, ..., -0.38862929,
         -0.16411464,  0.        ]],

       [[ 0.        ,  0.01623057,  0.13345736, ...,  0.22562387,
          0.78042647,  0.85037281],
        [-0.01623057,  0.        ,  0.1173544 , ...,  0.20978209,
          0.77017555,  0.84172058],
        [-0.13345736, -0.1173544 ,  0.        , ...,  0.09358946,
          0.69000132,  0.77254316],
        ...,
        [-0.22562387, -0.20978209, -0.09358946, ...,  0.        ,
          0.619232  ,  0.7097266 ],
        [-0.78042647, -0.77017555, -0.69000132, ..., -0.619232  ,
          0.        ,  0.12104821],
