state_0,state_1,state_2,state_3,state_4,state_5,state_6,state_7,state_8,state_9,state_10,state_11,state_12,state_13,state_14,state_15,state_16,state_17,state_18,state_19,state_20,state_21,state_22,state_23,state_24,state_25,state_26,state_27,state_28,state_29,state_30,state_31,state_32,state_33,state_34,state_35,state_36,state_37,state_38,state_39,state_40,state_41,state_42,state_43,state_44,state_45,state_46,state_47,state_48,state_49,state_50,state_51,state_52,state_53,state_54,state_55,state_56,state_57,state_58,state_59,state_60,state_61,state_62,state_63,state_64,state_65,state_66,state_67,state_68,state_69,state_70,state_71,state_72,state_73,state_74,state_75,state_76,state_77,state_78,state_79,state_80,state_81,state_82,state_83,state_84,state_85,state_86,state_87,state_88,state_89,state_90,state_91,state_92,state_93,state_94,state_95,state_96,state_97,state_98,state_99,state_100,state_101,state_102,state_103,state_104,state_105,state_106,state_107,state_108,state_109,state_110,state_111,state_112,state_113,state_114,state_115,state_116,state_117,state_118,state_119,state_120,state_121,state_122,state_123,state_124,state_125,state_126,state_127,state_128,state_129,state_130,state_131,state_132,state_133,state_134,state_135,state_136,state_137,state_138,state_139,state_140,state_141,state_142,state_143,state_144,state_145,state_146,state_147,state_148,state_149,state_150,state_151,state_152,state_153,state_154,state_155,state_156,state_157,state_158,state_159,state_160,state_161,state_162,state_163,state_164,state_165,state_166,state_167,state_168,state_169,state_170,state_171,state_172,state_173,state_174,state_175,state_176,state_177,state_178,state_179,state_180,state_181,state_182,state_183,state_184,state_185,state_186,state_187,state_188,state_189,state_190,state_191,state_192,state_193,state_194,state_195,state_196,state_197,state_198,state_199,state_200,state_201,state_202,state_203,state_204,state_205,state_206,state_207,state_208,state_209,state_210,state_211,state_212,state_213,state_214,state_215,state_216,state_217,state_218,state_219,state_220,state_221,state_222,state_223,state_224,state_225,state_226,state_227,state_228,state_229,state_230,state_231,state_232,state_233,state_234,state_235,state_236,state_237,state_238,state_239,state_240,state_241,state_242,state_243,state_244,state_245,state_246,state_247,state_248,state_249,state_250,state_251,state_252,state_253,state_254,state_255,state_256,state_257,state_258,state_259,state_260,state_261,state_262,state_263,state_264,state_265,state_266,state_267,state_268,state_269,state_270,state_271,state_272,state_273,state_274,state_275,state_276,state_277,state_278,state_279,state_280,state_281,state_282,state_283,state_284,state_285,state_286,state_287
{'img': array([[[ 0.        , -0.629765  , -0.5205717 , ...,  0.05485343,
         -0.04371183, -0.15709055],
        [ 0.629765  ,  0.        ,  0.133332  , ...,  0.6714262 ,
          0.59520833,  0.49992027],
        [ 0.5205717 , -0.133332  ,  0.        , ...,  0.56662278,
          0.48275218,  0.37998166],
        ...,
        [-0.05485343, -0.6714262 , -0.56662278, ...,  0.        ,
         -0.09844702, -0.21102641],
        [ 0.04371183, -0.59520833, -0.48275218, ...,  0.09844702,
          0.        , -0.11377128],
        [ 0.15709055, -0.49992027, -0.37998166, ...,  0.21102641,
          0.11377128,  0.        ]],

       [[ 0.        ,  0.1878488 , -0.02654191, ..., -0.31970006,
         -0.25777649, -0.29003919],
        [-0.1878488 ,  0.        , -0.21385203, ..., -0.49199902,
         -0.43468792, -0.46464998],
        [ 0.02654191,  0.21385203,  0.        , ..., -0.29443848,
         -0.23204077, -0.26453602],
        ...,
        [ 0.31970006,  0.49199902,  0.29443848, ...,  0.        ,
          0.06464759,  0.03114009],
        [ 0.25777649,  0.43468792,  0.23204077, ..., -0.06464759,
          0.        , -0.03354128],
        [ 0.29003919,  0.46464998,  0.26453602, ..., -0.03114009,
          0.03354128,  0.        ]],

       [[ 0.        , -0.11436454, -0.23897278, ...,  0.03367094,
          0.03001609,  0.00383117],
        [ 0.11436454,  0.        , -0.12635388, ...,  0.14774971,
          0.14413215,  0.11816973],
        [ 0.23897278,  0.12635388,  0.        , ...,  0.27153265,
          0.26801152,  0.2426912 ],
        ...,
        [-0.03367094, -0.14774971, -0.27153265, ...,  0.        ,
         -0.00365671, -0.0298417 ],
        [-0.03001609, -0.14413215, -0.26801152, ...,  0.00365671,
          0.        , -0.02618642],
        [-0.00383117, -0.11816973, -0.2426912 , ...,  0.0298417 ,
          0.02618642,  0.        ]],

       ...,

       [[ 0.        , -0.28372043, -0.39923312, ..., -0.72344321,
         -0.59523793, -0.73485547],
        [ 0.28372043,  0.        , -0.12269853, ..., -0.49783877,
         -0.34279443, -0.51223216],
        [ 0.39923312,  0.12269853,  0.        , ..., -0.38766439,
         -0.22493999, -0.40298246],
        ...,
        [ 0.72344321,  0.49783877,  0.38766439, ...,  0.        ,
          0.17037975, -0.01667603],
        [ 0.59523793,  0.34279443,  0.22493999, ..., -0.17037975,
          0.        , -0.18678826],
        [ 0.73485547,  0.51223216,  0.40298246, ...,  0.01667603,
          0.18678826,  0.        ]],

       [[ 0.        , -0.01268862, -0.05485024, ...,  0.37260691,
          0.37084139,  0.34200099],
        [ 0.01268862,  0.        , -0.0421763 , ...,  0.38435182,
          0.38259541,  0.35389695],
        [ 0.05485024,  0.0421763 ,  0.        , ...,  0.42294642,
          0.42122234,  0.39302889],
        ...,
        [-0.37260691, -0.38435182, -0.42294642, ...,  0.        ,
         -0.00190179, -0.03276531],
        [-0.37084139, -0.38259541, -0.42122234, ...,  0.00190179,
          0.        , -0.03086448],
        [-0.34200099, -0.35389695, -0.39302889, ...,  0.03276531,
          0.03086448,  0.        ]],

       [[ 0.        ,  0.01633612,  0.00107512, ...,  0.22005283,
          0.21110136,  0.19434218],
        [-0.01633612,  0.        , -0.01526113, ...,  0.20408778,
          0.19510521,  0.17829159],
        [-0.00107512,  0.01526113,  0.        , ...,  0.21900394,
          0.21005034,  0.19328744],
        ...,
        [-0.22005283, -0.20408778, -0.21900394, ...,  0.        ,
         -0.00916693, -0.02627881],
        [-0.21110136, -0.19510521, -0.21005034, ...,  0.00916693,
          0.        , -0.01711394],
        [-0.19434218, -0.17829159, -0.19328744, ...,  0.02627881,
          0.01711394,  0.        ]]]), 'num': array([ 6.99520496e-01,  6.99520496e-01,  0.00000000e+00,  0.00000000e+00,
        1.89005057e-03,  1.99766911e-03,  1.87659825e-03,  1.45972440e-01,
       -9.41662206e-05,  2.01515712e-03,  2.07804670e-03,  2.44170768e-03,
        4.15018298e-06,  2.32991328e-03,  1.82618013e-03])}
{'img': array([[[ 0.        ,  0.133332  ,  0.41303691, ...,  0.59520833,
          0.49992027,  0.133332  ],
        [-0.133332  ,  0.        ,  0.28792172, ...,  0.48275218,
          0.37998166,  0.        ],
        [-0.41303691, -0.28792172,  0.        , ...,  0.21016007,
          0.09756507, -0.28792172],
        ...,
        [-0.59520833, -0.48275218, -0.21016007, ...,  0.        ,
         -0.11377128, -0.48275218],
        [-0.49992027, -0.37998166, -0.09756507, ...,  0.11377128,
          0.        , -0.37998166],
        [-0.133332  ,  0.        ,  0.28792172, ...,  0.48275218,
          0.37998166,  0.        ]],

       [[ 0.        , -0.21385203,  0.41578349, ..., -0.43468792,
         -0.46464998, -0.30701621],
        [ 0.21385203,  0.        ,  0.60065542, ..., -0.23204077,
         -0.26453602, -0.09638982],
        [-0.41578349, -0.60065542,  0.        , ..., -0.76977963,
         -0.79075622, -0.674923  ],
        ...,
        [ 0.43468792,  0.23204077,  0.76977963, ...,  0.        ,
         -0.03354128,  0.13720134],
        [ 0.46464998,  0.26453602,  0.79075622, ...,  0.03354128,
          0.        ,  0.17034824],
        [ 0.30701621,  0.09638982,  0.674923  , ..., -0.13720134,
         -0.17034824,  0.        ]],

       [[ 0.        , -0.12635388, -0.19965221, ...,  0.14413215,
          0.11816973,  0.0094109 ],
        [ 0.12635388,  0.        , -0.07424207, ...,  0.26801152,
          0.2426912 ,  0.13568375],
        [ 0.19965221,  0.07424207,  0.        , ...,  0.33879785,
          0.31404393,  0.20886479],
        ...,
        [-0.14413215, -0.26801152, -0.33879785, ...,  0.        ,
         -0.02618642, -0.13481314],
        [-0.11816973, -0.2426912 , -0.31404393, ...,  0.02618642,
          0.        , -0.10881954],
        [-0.0094109 , -0.13568375, -0.20886479, ...,  0.13481314,
          0.10881954,  0.        ]],

       ...,

       [[ 0.        , -0.12269853,  0.12583796, ..., -0.34279443,
         -0.51223216, -0.43752207],
        [ 0.12269853,  0.        ,  0.24661031, ..., -0.22493999,
         -0.40298246, -0.32388469],
        [-0.12583796, -0.24661031,  0.        , ..., -0.45828299,
         -0.61623589, -0.54719859],
        ...,
        [ 0.34279443,  0.22493999,  0.45828299, ...,  0.        ,
         -0.18678826, -0.10276942],
        [ 0.51223216,  0.40298246,  0.61623589, ...,  0.18678826,
          0.        ,  0.08483856],
        [ 0.43752207,  0.32388469,  0.54719859, ...,  0.10276942,
         -0.08483856,  0.        ]],

       [[ 0.        , -0.0421763 , -0.0421763 , ...,  0.38259541,
          0.35389695,  0.3636145 ],
        [ 0.0421763 ,  0.        ,  0.        , ...,  0.42122234,
          0.39302889,  0.40258027],
        [ 0.0421763 ,  0.        ,  0.        , ...,  0.42122234,
          0.39302889,  0.40258027],
        ...,
        [-0.38259541, -0.42122234, -0.42122234, ...,  0.        ,
         -0.03086448, -0.02045732],
        [-0.35389695, -0.39302889, -0.39302889, ...,  0.03086448,
          0.        ,  0.01041045],
        [-0.3636145 , -0.40258027, -0.40258027, ...,  0.02045732,
         -0.01041045,  0.        ]],

       [[ 0.        , -0.01526113, -0.01526113, ...,  0.19510521,
          0.17829159,  0.13260232],
        [ 0.01526113,  0.        ,  0.        , ...,  0.21005034,
          0.19328744,  0.14771324],
        [ 0.01526113,  0.        ,  0.        , ...,  0.21005034,
          0.19328744,  0.14771324],
        ...,
        [-0.19510521, -0.21005034, -0.21005034, ...,  0.        ,
         -0.01711394, -0.06332829],
        [-0.17829159, -0.19328744, -0.19328744, ...,  0.01711394,
          0.        , -0.04623944],
        [-0.13260232, -0.14771324, -0.14771324, ...,  0.06332829,
          0.04623944,  0.        ]]]), 'num': array([ 9.57750447e-01,  2.28540748e-01,  5.20864071e-05, -1.99621937e-09,
        2.58585000e-03,  2.61355553e-03,  2.51196857e-03,  1.74414289e-01,
       -9.23517857e-06,  2.70960139e-03,  2.83935565e-03,  3.35252374e-03,
        6.86718406e-06,  3.20418495e-03,  2.47452635e-03])}
{'img': array([[[ 0.        ,  0.28792172,  0.34559078, ...,  0.37998166,
          0.        , -0.133332  ],
        [-0.28792172,  0.        ,  0.06077486, ...,  0.09756507,
         -0.28792172, -0.41303691],
        [-0.34559078, -0.06077486,  0.        , ...,  0.03689981,
         -0.34559078, -0.46762194],
        ...,
        [-0.37998166, -0.09756507, -0.03689981, ...,  0.        ,
         -0.37998166, -0.49992027],
        [ 0.        ,  0.28792172,  0.34559078, ...,  0.37998166,
          0.        , -0.133332  ],
        [ 0.133332  ,  0.41303691,  0.46762194, ...,  0.49992027,
          0.133332  ,  0.        ]],

       [[ 0.        ,  0.60065542,  0.1244251 , ..., -0.26453602,
         -0.09638982, -0.1389817 ],
        [-0.60065542,  0.        , -0.49650887, ..., -0.79075622,
         -0.674923  , -0.70594302],
        [-0.1244251 ,  0.49650887,  0.        , ..., -0.38247286,
         -0.21948651, -0.26111922],
        ...,
        [ 0.26453602,  0.79075622,  0.38247286, ...,  0.        ,
          0.17034824,  0.12793809],
        [ 0.09638982,  0.674923  ,  0.21948651, ..., -0.17034824,
          0.        , -0.0428802 ],
        [ 0.1389817 ,  0.70594302,  0.26111922, ..., -0.12793809,
          0.0428802 ,  0.        ]],

       [[ 0.        , -0.07424207, -0.30775349, ...,  0.2426912 ,
          0.13568375, -0.04217703],
        [ 0.07424207,  0.        , -0.23626535, ...,  0.31404393,
          0.20886479,  0.03211538],
        [ 0.30775349,  0.23626535,  0.        , ...,  0.52946522,
          0.43400594,  0.26734962],
        ...,
        [-0.2426912 , -0.31404393, -0.52946522, ...,  0.        ,
         -0.10881954, -0.28339132],
        [-0.13568375, -0.20886479, -0.43400594, ...,  0.10881954,
          0.        , -0.17735   ],
        [ 0.04217703, -0.03211538, -0.26734962, ...,  0.28339132,
          0.17735   ,  0.        ]],

       ...,

       [[ 0.        ,  0.24661031,  0.14097638, ..., -0.40298246,
         -0.32388469, -0.1695795 ],
        [-0.24661031,  0.        , -0.10752512, ..., -0.61623589,
         -0.54719859, -0.40738052],
        [-0.14097638,  0.10752512,  0.        , ..., -0.52798052,
         -0.45402731, -0.30682045],
        ...,
        [ 0.40298246,  0.61623589,  0.52798052, ...,  0.        ,
          0.08483856,  0.24194541],
        [ 0.32388469,  0.54719859,  0.45402731, ..., -0.08483856,
          0.        ,  0.15875513],
        [ 0.1695795 ,  0.40738052,  0.30682045, ..., -0.24194541,
         -0.15875513,  0.        ]],

       [[ 0.        ,  0.        , -0.00083145, ...,  0.39302889,
          0.40258027,  0.40945844],
        [ 0.        ,  0.        , -0.00083145, ...,  0.39302889,
          0.40258027,  0.40945844],
        [ 0.00083145,  0.00083145,  0.        , ...,  0.3937933 ,
          0.40334123,  0.41021686],
        ...,
        [-0.39302889, -0.39302889, -0.3937933 , ...,  0.        ,
          0.01041045,  0.01793617],
        [-0.40258027, -0.40258027, -0.40334123, ..., -0.01041045,
          0.        ,  0.00752643],
        [-0.40945844, -0.40945844, -0.41021686, ..., -0.01793617,
         -0.00752643,  0.        ]],

       [[ 0.        ,  0.        ,  0.02261404, ...,  0.19328744,
          0.14771324,  0.10365455],
        [ 0.        ,  0.        ,  0.02261404, ...,  0.19328744,
          0.14771324,  0.10365455],
        [-0.02261404, -0.02261404,  0.        , ...,  0.17105043,
          0.1253095 ,  0.08113582],
        ...,
        [-0.19328744, -0.19328744, -0.17105043, ...,  0.        ,
         -0.04623944, -0.09054642],
        [-0.14771324, -0.14771324, -0.1253095 , ...,  0.04623944,
          0.        , -0.04440007],
        [-0.10365455, -0.10365455, -0.08113582, ...,  0.09054642,
          0.04440007,  0.        ]]]), 'num': array([ 7.04165535e-01,  7.04165535e-01,  0.00000000e+00, -5.52872178e-08,
        1.88317510e-03,  1.91716743e-03,  1.86957817e-03,  9.09289397e-02,
       -2.03953982e-05,  1.95115976e-03,  2.07795115e-03,  2.46750326e-03,
        5.47654210e-06,  2.36046893e-03,  1.79543337e-03])}
{'img': array([[[ 0.        ,  0.05408855,  0.37378639, ..., -0.21533281,
         -0.25019139, -0.46471073],
        [-0.05408855,  0.        ,  0.32307129, ..., -0.26783726,
         -0.30219348, -0.51192384],
        [-0.37378639, -0.32307129,  0.        , ..., -0.564742  ,
         -0.59395486, -0.76199994],
        ...,
        [ 0.21533281,  0.26783726,  0.564742  , ...,  0.        ,
         -0.03583763, -0.26313982],
        [ 0.25019139,  0.30219348,  0.59395486, ...,  0.03583763,
          0.        , -0.22839615],
        [ 0.46471073,  0.51192384,  0.76199994, ...,  0.26313982,
          0.22839615,  0.        ]],

       [[ 0.        , -0.49650887, -0.01451819, ..., -0.674923  ,
         -0.70594302, -0.79178354],
        [ 0.49650887,  0.        ,  0.4838543 , ..., -0.21948651,
         -0.26111922, -0.38402466],
        [ 0.01451819, -0.4838543 ,  0.        , ..., -0.66413907,
         -0.69558584, -0.78283235],
        ...,
        [ 0.674923  ,  0.21948651,  0.66413907, ...,  0.        ,
         -0.0428802 , -0.17200352],
        [ 0.70594302,  0.26111922,  0.69558584, ...,  0.0428802 ,
          0.        , -0.12960418],
        [ 0.79178354,  0.38402466,  0.78283235, ...,  0.17200352,
          0.12960418,  0.        ]],

       [[ 0.        , -0.09873444, -0.01232212, ...,  0.17007757,
          0.02342287, -0.32946584],
        [ 0.09873444,  0.        ,  0.08646504, ...,  0.26654249,
          0.12201578, -0.23463415],
        [ 0.01232212, -0.08646504,  0.        , ...,  0.18220725,
          0.03573983, -0.31780668],
        ...,
        [-0.17007757, -0.26654249, -0.18220725, ...,  0.        ,
         -0.14694929, -0.48524745],
        [-0.02342287, -0.12201578, -0.03573983, ...,  0.14694929,
          0.        , -0.35149056],
        [ 0.32946584,  0.23463415,  0.31780668, ...,  0.48524745,
          0.35149056,  0.        ]],

       ...,

       [[ 0.        , -0.10752512,  0.20085939, ..., -0.54719859,
         -0.40738052, -0.33688549],
        [ 0.10752512,  0.        ,  0.30502864, ..., -0.45402731,
         -0.30682045, -0.23369255],
        [-0.20085939, -0.30502864,  0.        , ..., -0.7041666 ,
         -0.58251468, -0.51913807],
        ...,
        [ 0.54719859,  0.45402731,  0.7041666 , ...,  0.        ,
          0.15875513,  0.23323834],
        [ 0.40738052,  0.30682045,  0.58251468, ..., -0.15875513,
          0.        ,  0.07590381],
        [ 0.33688549,  0.23369255,  0.51913807, ..., -0.23323834,
         -0.07590381,  0.        ]],

       [[ 0.        , -0.00083145, -0.24295849, ...,  0.40258027,
          0.40945844,  0.41253072],
        [ 0.00083145,  0.        , -0.24215186, ...,  0.40334123,
          0.41021686,  0.41328799],
        [ 0.24295849,  0.24215186,  0.        , ...,  0.61291811,
          0.61884773,  0.62149144],
        ...,
        [-0.40258027, -0.40334123, -0.61291811, ...,  0.        ,
          0.00752643,  0.01089635],
        [-0.40945844, -0.41021686, -0.61884773, ..., -0.00752643,
          0.        ,  0.00337006],
        [-0.41253072, -0.41328799, -0.62149144, ..., -0.01089635,
         -0.00337006,  0.        ]],

       [[ 0.        ,  0.02261404,  0.15849782, ...,  0.14771324,
          0.10365455,  0.0548477 ],
        [-0.02261404,  0.        ,  0.1361291 , ...,  0.1253095 ,
          0.08113582,  0.03225367],
        [-0.15849782, -0.1361291 ,  0.        , ..., -0.01091309,
         -0.05529975, -0.10410485],
        ...,
        [-0.14771324, -0.1253095 ,  0.01091309, ...,  0.        ,
         -0.04440007, -0.09324486],
        [-0.10365455, -0.08113582,  0.05529975, ...,  0.04440007,
          0.        , -0.04894628],
        [-0.0548477 , -0.03225367,  0.10410485, ...,  0.09324486,
          0.04894628,  0.        ]]]), 'num': array([ 8.35360398e-01,  5.32214930e-01,  2.19670629e-05, -6.65068981e-08,
        2.22901079e-03,  2.27585232e-03,  2.21931944e-03,  1.37381042e-01,
       -8.07612606e-06,  2.27585232e-03,  2.43212536e-03,  2.92934552e-03,
        4.87131413e-06,  2.69916440e-03,  2.16508633e-03])}
{'img': array([[[ 0.        ,  0.31712619,  0.20077621, ..., -0.28351388,
         -0.40830216, -0.52536464],
        [-0.31712619,  0.        , -0.12025578, ..., -0.57299376,
         -0.67671461, -0.76808252],
        [-0.20077621,  0.12025578,  0.        , ..., -0.47027871,
         -0.58326589, -0.6855026 ],
        ...,
        [ 0.28351388,  0.57299376,  0.47027871, ...,  0.        ,
         -0.13274401, -0.26257245],
        [ 0.40830216,  0.67671461,  0.58326589, ...,  0.13274401,
          0.        , -0.13216245],
        [ 0.52536464,  0.76808252,  0.6855026 , ...,  0.26257245,
          0.13216245,  0.        ]],

       [[ 0.        ,  0.4838543 ,  0.47939123, ..., -0.26111922,
         -0.38402466, -0.29363699],
        [-0.4838543 ,  0.        , -0.00509261, ..., -0.69558584,
         -0.78283235, -0.71950054],
        [-0.47939123,  0.00509261,  0.        , ..., -0.69191807,
         -0.77965341, -0.71595444],
        ...,
        [ 0.26111922,  0.69558584,  0.69191807, ...,  0.        ,
         -0.12960418, -0.03384142],
        [ 0.38402466,  0.78283235,  0.77965341, ...,  0.12960418,
          0.        ,  0.09597396],
        [ 0.29363699,  0.71950054,  0.71595444, ...,  0.03384142,
         -0.09597396,  0.        ]],

       [[ 0.        ,  0.05651929,  0.16384277, ...,  0.08238856,
         -0.07757787, -0.38658301],
        [-0.05651929,  0.        ,  0.10782535, ...,  0.02592972,
         -0.13380282, -0.43809024],
        [-0.16384277, -0.10782535,  0.        , ..., -0.08201055,
         -0.23987851, -0.53246366],
        ...,
        [-0.08238856, -0.02592972,  0.08201055, ...,  0.        ,
         -0.1594544 , -0.46125197],
        [ 0.07757787,  0.13380282,  0.23987851, ...,  0.1594544 ,
          0.        , -0.31387141],
        [ 0.38658301,  0.43809024,  0.53246366, ...,  0.46125197,
          0.31387141,  0.        ]],

       ...,

       [[ 0.        ,  0.30502864,  0.07195632, ..., -0.30682045,
         -0.23369255, -0.46994332],
        [-0.30502864,  0.        , -0.23571083, ..., -0.58251468,
         -0.51913807, -0.71679506],
        [-0.07195632,  0.23571083,  0.        , ..., -0.37451078,
         -0.30305065, -0.53224072],
        ...,
        [ 0.30682045,  0.58251468,  0.37451078, ...,  0.        ,
          0.07590381, -0.17644738],
        [ 0.23369255,  0.51913807,  0.30305065, ..., -0.07590381,
          0.        , -0.25065123],
        [ 0.46994332,  0.71679506,  0.53224072, ...,  0.17644738,
          0.25065123,  0.        ]],

       [[ 0.        , -0.24215186, -0.13998788, ...,  0.41021686,
          0.41328799,  0.22420197],
        [ 0.24215186,  0.        ,  0.10394584, ...,  0.61884773,
          0.62149144,  0.45351668],
        [ 0.13998788, -0.10394584,  0.        , ...,  0.53384481,
          0.53669144,  0.35841846],
        ...,
        [-0.41021686, -0.61884773, -0.53384481, ...,  0.        ,
          0.00337006, -0.19530434],
        [-0.41328799, -0.62149144, -0.53669144, ..., -0.00337006,
          0.        , -0.1986084 ],
        [-0.22420197, -0.45351668, -0.35841846, ...,  0.19530434,
          0.1986084 ,  0.        ]],

       [[ 0.        ,  0.1361291 ,  0.15859006, ...,  0.08113582,
          0.03225367,  0.08287956],
        [-0.1361291 ,  0.        ,  0.02270744, ..., -0.05529975,
         -0.10410485, -0.05355272],
        [-0.15859006, -0.02270744,  0.        , ..., -0.07795819,
         -0.12666206, -0.07621376],
        ...,
        [-0.08113582,  0.05529975,  0.07795819, ...,  0.        ,
         -0.04894628,  0.00174963],
        [-0.03225367,  0.10410485,  0.12666206, ...,  0.04894628,
          0.        ,  0.05069373],
        [-0.08287956,  0.05355272,  0.07621376, ..., -0.00174963,
         -0.05069373,  0.        ]]]), 'num': array([ 2.91766984e-01,  3.20450036e-03,  1.81485839e-05, -2.70427106e-08,
        7.79898605e-04,  8.57397963e-04,  6.82779156e-04,  9.56481580e-01,
        1.03005476e-04,  7.02399247e-04,  7.36611780e-04,  8.90588617e-04,
        2.80967318e-06,  8.11472052e-04,  6.61751508e-04])}
{'img': array([[[ 0.        , -0.12025578,  0.6989903 , ..., -0.67671461,
         -0.76808252,  0.0113667 ],
        [ 0.12025578,  0.        ,  0.77991634, ..., -0.58326589,
         -0.6855026 ,  0.13153222],
        [-0.6989903 , -0.77991634,  0.        , ..., -0.99856811,
         -0.99687879, -0.69081646],
        ...,
        [ 0.67671461,  0.58326589,  0.99856811, ...,  0.        ,
         -0.13216245,  0.68503957],
        [ 0.76808252,  0.6855026 ,  0.99687879, ...,  0.13216245,
          0.        ,  0.77531157],
        [-0.0113667 , -0.13153222,  0.69081646, ..., -0.68503957,
         -0.77531157,  0.        ]],

       [[ 0.        , -0.00509261,  0.83577969, ..., -0.78283235,
         -0.71950054,  0.82380842],
        [ 0.00509261,  0.        ,  0.83297268, ..., -0.77965341,
         -0.71595444,  0.82668457],
        [-0.83577969, -0.83297268,  0.        , ..., -0.09022364,
         -0.18538968, -0.92610135],
        ...,
        [ 0.78283235,  0.77965341,  0.09022364, ...,  0.        ,
          0.09597396,  0.95636338],
        [ 0.71950054,  0.71595444,  0.18538968, ..., -0.09597396,
          0.        ,  0.97999032],
        [-0.82380842, -0.82668457,  0.92610135, ..., -0.95636338,
         -0.97999032,  0.        ]],

       [[ 0.        ,  0.10782535,  0.43700505, ..., -0.13380282,
         -0.43809024, -0.15273729],
        [-0.10782535,  0.        ,  0.33747275, ..., -0.23987851,
         -0.53246366, -0.25840703],
        [-0.43700505, -0.33747275,  0.        , ..., -0.55342565,
         -0.78688161, -0.56925853],
        ...,
        [ 0.13380282,  0.23987851,  0.55342565, ...,  0.        ,
         -0.31387141, -0.01913099],
        [ 0.43809024,  0.53246366,  0.78688161, ...,  0.31387141,
          0.        ,  0.29564976],
        [ 0.15273729,  0.25840703,  0.56925853, ...,  0.01913099,
         -0.29564976,  0.        ]],

       ...,

       [[ 0.        , -0.23571083,  0.33133966, ..., -0.51913807,
         -0.71679506, -0.12936318],
        [ 0.23571083,  0.        ,  0.54439947, ..., -0.30305065,
         -0.53224072,  0.10801208],
        [-0.33133966, -0.54439947,  0.        , ..., -0.77300558,
         -0.90734222, -0.45061116],
        ...,
        [ 0.51913807,  0.30305065,  0.77300558, ...,  0.        ,
         -0.25065123,  0.40421043],
        [ 0.71679506,  0.53224072,  0.90734222, ...,  0.25065123,
          0.        ,  0.62056917],
        [ 0.12936318, -0.10801208,  0.45061116, ..., -0.40421043,
         -0.62056917,  0.        ]],

       [[ 0.        ,  0.10394584,  0.67781748, ...,  0.62149144,
          0.45351668,  0.39430096],
        [-0.10394584,  0.        ,  0.59772159, ...,  0.53669144,
          0.35841846,  0.29664073],
        [-0.67781748, -0.59772159,  0.        , ..., -0.07407714,
         -0.27066416, -0.33299965],
        ...,
        [-0.62149144, -0.53669144,  0.07407714, ...,  0.        ,
         -0.1986084 , -0.26223541],
        [-0.45351668, -0.35841846,  0.27066416, ...,  0.1986084 ,
          0.        , -0.06535352],
        [-0.39430096, -0.29664073,  0.33299965, ...,  0.26223541,
          0.06535352,  0.        ]],

       [[ 0.        ,  0.02270744, -0.22694128, ..., -0.10410485,
         -0.05355272, -0.03176318],
        [-0.02270744,  0.        , -0.24899773, ..., -0.12666206,
         -0.07621376, -0.05445097],
        [ 0.22694128,  0.24899773,  0.        , ...,  0.12431956,
          0.17446018,  0.19589234],
        ...,
        [ 0.10410485,  0.12666206, -0.12431956, ...,  0.        ,
          0.05069373,  0.07246173],
        [ 0.05355272,  0.07621376, -0.17446018, ..., -0.05069373,
          0.        ,  0.02180809],
        [ 0.03176318,  0.05445097, -0.19589234, ..., -0.07246173,
         -0.02180809,  0.        ]]]), 'num': array([3.98422980e-01, 3.83038296e-01, 9.38090493e-07, 9.52313904e-07,
       1.09890601e-03, 1.16993286e-03, 1.08148433e-03, 8.33385590e-01,
       3.35032319e-05, 9.91025600e-04, 1.00392434e-03, 1.21722825e-03,
       4.32097757e-06, 1.09479843e-03, 9.13050263e-04])}
{'img': array([[[ 0.        ,  0.77991634,  0.85606914, ..., -0.6855026 ,
          0.13153222,  0.23816195],
        [-0.77991634,  0.        ,  0.1326912 , ..., -0.99687879,
         -0.69081646, -0.6084129 ],
        [-0.85606914, -0.1326912 ,  0.        , ..., -0.97758819,
         -0.78064761, -0.70833944],
        ...,
        [ 0.6855026 ,  0.99687879,  0.97758819, ...,  0.        ,
          0.77531157,  0.83917619],
        [-0.13153222,  0.69081646,  0.78064761, ..., -0.77531157,
          0.        ,  0.10834534],
        [-0.23816195,  0.6084129 ,  0.70833944, ..., -0.83917619,
         -0.10834534,  0.        ]],

       [[ 0.        ,  0.83297268,  0.54107024, ..., -0.71595444,
          0.82668457,  0.43330594],
        [-0.83297268,  0.        , -0.99989301, ..., -0.18538968,
         -0.92610135, -0.99046833],
        [-0.54107024,  0.99989301,  0.        , ..., -0.97984807,
          0.39078142, -0.12323737],
        ...,
        [ 0.71595444,  0.18538968,  0.97984807, ...,  0.        ,
          0.97999032,  0.94776296],
        [-0.82668457,  0.92610135, -0.39078142, ..., -0.97999032,
          0.        , -0.50124054],
        [-0.43330594,  0.99046833,  0.12323737, ..., -0.94776296,
          0.50124054,  0.        ]],

       [[ 0.        ,  0.33747275,  0.58405181, ..., -0.53246366,
         -0.25840703, -0.0337585 ],
        [-0.33747275,  0.        ,  0.27585642, ..., -0.78688161,
         -0.56925853, -0.36905847],
        [-0.58405181, -0.27585642,  0.        , ..., -0.9265818 ,
         -0.77396837, -0.61112124],
        ...,
        [ 0.53246366,  0.78688161,  0.9265818 , ...,  0.        ,
          0.29564976,  0.50358518],
        [ 0.25840703,  0.56925853,  0.77396837, ..., -0.29564976,
          0.        ,  0.22564781],
        [ 0.0337585 ,  0.36905847,  0.61112124, ..., -0.50358518,
         -0.22564781,  0.        ]],

       ...,

       [[ 0.        ,  0.54439947,  0.53016336, ..., -0.53224072,
          0.10801208,  0.29261516],
        [-0.54439947,  0.        , -0.01687901, ..., -0.90734222,
         -0.45061116, -0.27511803],
        [-0.53016336,  0.01687901,  0.        , ..., -0.90011715,
         -0.43547873, -0.25885118],
        ...,
        [ 0.53224072,  0.90734222,  0.90011715, ...,  0.        ,
          0.62056917,  0.75667067],
        [-0.10801208,  0.45061116,  0.43547873, ..., -0.62056917,
          0.        ,  0.18761882],
        [-0.29261516,  0.27511803,  0.25885118, ..., -0.75667067,
         -0.18761882,  0.        ]],

       [[ 0.        ,  0.6726697 ,  0.84809562, ...,  0.44327801,
          0.38192558,  0.28571068],
        [-0.6726697 ,  0.        ,  0.27113285, ..., -0.27497007,
         -0.33907357, -0.4332205 ],
        [-0.84809562, -0.27113285,  0.        , ..., -0.52535166,
         -0.58144344, -0.66136168],
        ...,
        [-0.44327801,  0.27497007,  0.52535166, ...,  0.        ,
         -0.06732242, -0.16869384],
        [-0.38192558,  0.33907357,  0.58144344, ...,  0.06732242,
          0.        , -0.10195353],
        [-0.28571068,  0.4332205 ,  0.66136168, ...,  0.16869384,
          0.10195353,  0.        ]],

       [[ 0.        , -0.24899773, -0.43280285, ..., -0.07621376,
         -0.05445097, -0.02099454],
        [ 0.24899773,  0.        , -0.19470271, ...,  0.17446018,
          0.19589234,  0.22860955],
        [ 0.43280285,  0.19470271,  0.        , ...,  0.36283821,
          0.38307383,  0.41378112],
        ...,
        [ 0.07621376, -0.17446018, -0.36283821, ...,  0.        ,
          0.02180809,  0.05526349],
        [ 0.05445097, -0.19589234, -0.38307383, ..., -0.02180809,
          0.        ,  0.03347558],
        [ 0.02099454, -0.22860955, -0.41378112, ..., -0.05526349,
         -0.03347558,  0.        ]]]), 'num': array([7.83494118e-01, 8.23078613e-02, 4.22147054e-05, 1.86748205e-06,
       2.16415511e-03, 2.25926849e-03, 2.16024634e-03, 6.15895093e-01,
       2.73613831e-05, 1.99503571e-03, 1.95705550e-03, 2.36960436e-03,
       8.73387949e-06, 2.15086892e-03, 1.76324208e-03])}
{'img': array([[[ 0.        ,  0.1326912 ,  0.19510867, ..., -0.69081646,
         -0.6084129 , -0.57348259],
        [-0.1326912 ,  0.        ,  0.06324231, ..., -0.78064761,
         -0.70833944, -0.67711452],
        [-0.19510867, -0.06324231,  0.        , ..., -0.81860955,
         -0.75156247, -0.72229768],
        ...,
        [ 0.69081646,  0.78064761,  0.81860955, ...,  0.        ,
          0.10834534,  0.1512839 ],
        [ 0.6084129 ,  0.70833944,  0.75156247, ..., -0.10834534,
          0.        ,  0.04329501],
        [ 0.57348259,  0.67711452,  0.72229768, ..., -0.1512839 ,
         -0.04329501,  0.        ]],

       [[ 0.        , -0.99989301, -0.9569013 , ..., -0.92610135,
         -0.99046833, -0.71415475],
        [ 0.99989301,  0.        , -0.27638477, ...,  0.39078142,
         -0.12323737, -0.68946634],
        [ 0.9569013 ,  0.27638477,  0.        , ...,  0.62996696,
          0.15584104, -0.46241921],
        ...,
        [ 0.92610135, -0.39078142, -0.62996696, ...,  0.        ,
         -0.50124054, -0.9176923 ],
        [ 0.99046833,  0.12323737, -0.15584104, ...,  0.50124054,
          0.        , -0.59494768],
        [ 0.71415475,  0.68946634,  0.46241921, ...,  0.9176923 ,
          0.59494768,  0.        ]],

       [[ 0.        ,  0.27585642,  0.51190637, ..., -0.56925853,
         -0.36905847, -0.20071983],
        [-0.27585642,  0.        ,  0.25507177, ..., -0.77396837,
         -0.61112124, -0.46317405],
        [-0.51190637, -0.25507177,  0.        , ..., -0.90988477,
         -0.79280539, -0.67391502],
        ...,
        [ 0.56925853,  0.77396837,  0.90988477, ...,  0.        ,
          0.22564781,  0.39264984],
        [ 0.36905847,  0.61112124,  0.79280539, ..., -0.22564781,
          0.        ,  0.17499739],
        [ 0.20071983,  0.46317405,  0.67391502, ..., -0.39264984,
         -0.17499739,  0.        ]],

       ...,

       [[ 0.        , -0.01687901,  0.04894006, ..., -0.45061116,
         -0.27511803, -0.20621637],
        [ 0.01687901,  0.        ,  0.06579188, ..., -0.43547873,
         -0.25885118, -0.18967077],
        [-0.04894006, -0.06579188,  0.        , ..., -0.49376099,
         -0.32183985, -0.25385743],
        ...,
        [ 0.45061116,  0.43547873,  0.49376099, ...,  0.        ,
          0.18761882,  0.25683236],
        [ 0.27511803,  0.25885118,  0.32183985, ..., -0.18761882,
          0.        ,  0.07094619],
        [ 0.20621637,  0.18967077,  0.25385743, ..., -0.25683236,
         -0.07094619,  0.        ]],

       [[ 0.        ,  0.28840284,  0.47537228, ..., -0.40425749,
         -0.62952683, -0.42632371],
        [-0.28840284,  0.        ,  0.2014409 , ..., -0.65086653,
         -0.82686059, -0.66908961],
        [-0.47537228, -0.2014409 ,  0.        , ..., -0.79045656,
         -0.92320226, -0.80508092],
        ...,
        [ 0.40425749,  0.65086653,  0.79045656, ...,  0.        ,
         -0.26169423, -0.02425547],
        [ 0.62952683,  0.82686059,  0.92320226, ...,  0.26169423,
          0.        ,  0.23820705],
        [ 0.42632371,  0.66908961,  0.80508092, ...,  0.02425547,
         -0.23820705,  0.        ]],

       [[ 0.        , -0.19470271, -0.30630156, ...,  0.19589234,
          0.22860955,  0.20605676],
        [ 0.19470271,  0.        , -0.11509541, ...,  0.38307383,
          0.41378112,  0.3926377 ],
        [ 0.30630156,  0.11509541,  0.        , ...,  0.48684377,
          0.51581146,  0.49588088],
        ...,
        [-0.19589234, -0.38307383, -0.48684377, ...,  0.        ,
          0.03347558,  0.010376  ],
        [-0.22860955, -0.41378112, -0.51581146, ..., -0.03347558,
          0.        , -0.0231036 ],
        [-0.20605676, -0.3926377 , -0.49588088, ..., -0.010376  ,
          0.0231036 ,  0.        ]]]), 'num': array([6.83265398e-01, 6.33854640e-01, 2.95695740e-06, 1.76111965e-06,
       1.90041378e-03, 1.99935812e-03, 1.87653066e-03, 3.62421190e-01,
       1.13729131e-05, 1.80647351e-03, 1.71799225e-03, 2.06223138e-03,
       7.40561782e-06, 1.90673793e-03, 1.52924657e-03])}
{'img': array([[[ 0.        ,  0.06324231, -0.17609534, ..., -0.70833944,
         -0.67711452, -0.66208644],
        [-0.06324231,  0.        , -0.23799687, ..., -0.75156247,
         -0.72229768, -0.70815661],
        [ 0.17609534,  0.23799687,  0.        , ..., -0.57296954,
         -0.5369487 , -0.51976941],
        ...,
        [ 0.70833944,  0.75156247,  0.57296954, ...,  0.        ,
          0.04329501,  0.06350078],
        [ 0.67711452,  0.72229768,  0.5369487 , ..., -0.04329501,
          0.        ,  0.0202336 ],
        [ 0.66208644,  0.70815661,  0.51976941, ..., -0.06350078,
         -0.0202336 ,  0.        ]],

       [[ 0.        , -0.28842043, -0.64742669, ..., -0.12912663,
         -0.71005384, -0.82331793],
        [ 0.28842043,  0.        , -0.40010035, ...,  0.16236656,
         -0.4767888 , -0.6246283 ],
        [ 0.64742669,  0.40010035,  0.        , ...,  0.54359552,
         -0.0852679 , -0.26000668],
        ...,
        [ 0.12912663, -0.16236656, -0.54359552, ...,  0.        ,
         -0.61318517, -0.74313545],
        [ 0.71005384,  0.4767888 ,  0.0852679 , ...,  0.61318517,
          0.        , -0.17672448],
        [ 0.82331793,  0.6246283 ,  0.26000668, ...,  0.74313545,
          0.17672448,  0.        ]],

       [[ 0.        ,  0.25507177,  0.3967101 , ..., -0.61112124,
         -0.46317405, -0.31811042],
        [-0.25507177,  0.        ,  0.14944619, ..., -0.79280539,
         -0.67391502, -0.54940973],
        [-0.3967101 , -0.14944619,  0.        , ..., -0.87498577,
         -0.77675903, -0.66811   ],
        ...,
        [ 0.61112124,  0.79280539,  0.87498577, ...,  0.        ,
          0.17499739,  0.32757956],
        [ 0.46317405,  0.67391502,  0.77675903, ..., -0.17499739,
          0.        ,  0.15718299],
        [ 0.31811042,  0.54940973,  0.66811   , ..., -0.32757956,
         -0.15718299,  0.        ]],

       ...,

       [[ 0.        ,  0.06579188, -0.13352214, ..., -0.25885118,
         -0.18967077, -0.24209405],
        [-0.06579188,  0.        , -0.19843561, ..., -0.32183985,
         -0.25385743, -0.30540427],
        [ 0.13352214,  0.19843561,  0.        , ..., -0.12756205,
         -0.05687401, -0.11037607],
        ...,
        [ 0.25885118,  0.32183985,  0.12756205, ...,  0.        ,
          0.07094619,  0.01730827],
        [ 0.18967077,  0.25385743,  0.05687401, ..., -0.07094619,
          0.        , -0.0536709 ],
        [ 0.24209405,  0.30540427,  0.11037607, ..., -0.01730827,
          0.0536709 ,  0.        ]],

       [[ 0.        ,  0.2014409 ,  0.29567142, ..., -0.82686059,
         -0.66908961, -0.55650897],
        [-0.2014409 ,  0.        ,  0.09717593, ..., -0.92320226,
         -0.80508092, -0.71246639],
        [-0.29567142, -0.09717593,  0.        , ..., -0.95617906,
         -0.85891201, -0.7772834 ],
        ...,
        [ 0.82686059,  0.92320226,  0.95617906, ...,  0.        ,
          0.23820705,  0.37400567],
        [ 0.66908961,  0.80508092,  0.85891201, ..., -0.23820705,
          0.        ,  0.14232017],
        [ 0.55650897,  0.71246639,  0.7772834 , ..., -0.37400567,
         -0.14232017,  0.        ]],

       [[ 0.        , -0.11509541, -0.12707074, ...,  0.41378112,
          0.3926377 ,  0.37267864],
        [ 0.11509541,  0.        , -0.01206387, ...,  0.51581146,
          0.49588088,  0.47700598],
        [ 0.12707074,  0.01206387,  0.        , ...,  0.52610907,
          0.50632094,  0.4875742 ],
        ...,
        [-0.41378112, -0.51581146, -0.52610907, ...,  0.        ,
         -0.0231036 , -0.04469469],
        [-0.3926377 , -0.49588088, -0.50632094, ...,  0.0231036 ,
          0.        , -0.02160224],
        [-0.37267864, -0.47700598, -0.4875742 , ...,  0.04469469,
          0.02160224,  0.        ]]]), 'num': array([5.12640437e-01, 6.45816798e-04, 2.84441456e-05, 1.22967601e-06,
       1.42616886e-03, 1.44518444e-03, 1.30890609e-03, 8.58594933e-01,
       1.02208768e-04, 1.32506933e-03, 1.21054005e-03, 1.43312803e-03,
       5.75667118e-06, 1.37385119e-03, 1.04722892e-03])}
{'img': array([[[ 0.        , -0.23799687,  0.14900123, ..., -0.72229768,
         -0.70815661, -0.51558639],
        [ 0.23799687,  0.        ,  0.38005993, ..., -0.5369487 ,
         -0.51976941, -0.29684683],
        [-0.14900123, -0.38005993,  0.        , ..., -0.81728129,
         -0.80545458, -0.63750076],
        ...,
        [ 0.72229768,  0.5369487 ,  0.81728129, ...,  0.        ,
          0.0202336 ,  0.26232139],
        [ 0.70815661,  0.51976941,  0.80545458, ..., -0.0202336 ,
          0.        ,  0.24274266],
        [ 0.51558639,  0.29684683,  0.63750076, ..., -0.26232139,
